Time,1, HIGH Priority Generated, Low Priority Generated, 2, HIGH Priority Generated, Low Priority Generated, 3, HIGH Priority Generated, Low Priority Generated, 4, HIGH Priority Generated, Low Priority Generated, 5, HIGH Priority Generated, Low Priority Generated, 6, HIGH Priority Generated, Low Priority Generated, 
5,0,0,0,1,1,0,0,0,0,0,0,0,0,0,0,0,0,0,
10,1,0,1,2,2,0,2,2,0,1,1,0,0,0,0,0,0,0,
15,2,1,1,2,2,0,2,2,0,2,1,1,0,0,0,0,0,0,
20,3,2,1,4,2,2,5,4,1,3,1,2,1,1,0,0,0,0,
25,3,2,1,5,2,3,5,4,1,4,2,2,1,1,0,1,0,1,
30,4,2,2,5,2,3,6,5,1,5,2,3,3,2,1,1,0,1,
35,4,2,2,7,2,5,7,6,1,6,2,4,4,3,1,1,0,1,
40,5,3,2,9,3,6,10,7,3,8,3,5,4,3,1,1,0,1,
45,6,4,2,9,3,6,10,7,3,9,4,5,4,3,1,1,0,1,
50,7,4,3,11,4,7,13,7,6,10,4,6,5,4,1,1,0,1,
55,7,4,3,12,5,7,13,7,6,11,5,6,5,4,1,2,1,1,
60,8,5,3,12,5,7,14,8,6,12,5,7,7,5,2,2,1,1,
65,8,5,3,14,5,9,15,9,6,13,5,8,8,5,3,2,1,1,
70,9,5,4,16,5,11,18,10,8,15,6,9,8,5,3,2,1,1,
75,10,6,4,16,5,11,18,10,8,16,7,9,8,5,3,2,1,1,
80,11,7,4,18,5,13,21,10,11,17,8,9,9,5,4,2,1,1,
85,11,7,4,19,5,14,21,10,11,18,8,10,9,5,4,3,2,1,
90,12,8,4,19,5,14,22,11,11,19,8,11,11,5,6,3,2,1,
95,12,8,4,21,7,14,23,11,12,20,9,11,12,5,7,3,2,1,
100,13,9,4,23,9,14,26,11,15,22,9,13,12,5,7,3,2,1,
105,14,9,5,23,9,14,26,11,15,23,10,13,12,5,7,3,2,1,
110,15,9,6,25,11,14,29,12,17,24,10,14,13,6,7,3,2,1,
115,15,9,6,26,12,14,29,12,17,25,11,14,13,6,7,4,3,1,
120,16,9,7,26,12,14,30,12,18,26,12,14,15,8,7,4,3,1,
125,16,9,7,28,13,15,31,13,18,27,12,15,16,9,7,4,3,1,
130,17,9,8,30,13,17,34,15,19,29,14,15,16,9,7,4,3,1,
135,18,9,9,30,13,17,34,15,19,30,15,15,16,9,7,4,3,1,
140,19,9,10,32,15,17,37,16,21,31,16,15,17,9,8,4,3,1,
145,19,9,10,33,15,18,37,16,21,32,17,15,17,9,8,5,4,1,
150,20,9,11,33,15,18,38,17,21,33,18,15,19,9,10,5,4,1,
155,20,9,11,35,16,19,39,18,21,34,19,15,20,9,11,5,4,1,
160,21,9,12,37,18,19,42,20,22,36,20,16,20,9,11,5,4,1,
165,22,9,13,37,18,19,42,20,22,37,20,17,20,9,11,5,4,1,
170,23,10,13,39,19,20,45,22,23,38,21,17,21,9,12,5,4,1,
175,23,10,13,40,19,21,45,22,23,39,22,17,21,9,12,6,5,1,
180,24,11,13,40,19,21,46,22,24,40,23,17,23,11,12,6,5,1,
185,24,11,13,42,20,22,47,23,24,41,23,18,24,12,12,6,5,1,
190,25,11,14,44,21,23,50,24,26,43,23,20,24,12,12,6,5,1,
195,26,11,15,44,21,23,50,24,26,44,23,21,24,12,12,6,5,1,
200,27,11,16,46,22,24,53,26,27,45,24,21,25,13,12,6,5,1,
205,27,11,16,47,23,24,53,26,27,46,24,22,25,13,12,7,6,1,
210,28,12,16,47,23,24,54,27,27,47,24,23,27,14,13,7,6,1,
215,28,12,16,49,23,26,55,27,28,48,24,24,28,14,14,7,6,1,
220,29,13,16,51,24,27,58,28,30,50,25,25,28,14,14,7,6,1,
225,30,13,17,51,24,27,58,28,30,51,25,26,28,14,14,7,6,1,
230,31,13,18,53,25,28,61,28,33,52,26,26,29,15,14,7,6,1,
235,31,13,18,54,25,29,61,28,33,53,27,26,29,15,14,8,7,1,
240,32,13,19,54,25,29,62,29,33,54,27,27,31,16,15,8,7,1,
245,32,13,19,56,25,31,63,30,33,55,27,28,32,17,15,8,7,1,
250,33,14,19,58,27,31,66,32,34,57,27,30,32,17,15,8,7,1,
255,34,14,20,58,27,31,66,32,34,58,27,31,32,17,15,8,7,1,
260,35,15,20,60,28,32,69,35,34,59,28,31,33,18,15,8,7,1,
265,35,15,20,61,28,33,69,35,34,60,28,32,33,18,15,9,8,1,
270,36,15,21,61,28,33,70,36,34,61,28,33,35,18,17,9,8,1,
275,36,15,21,63,30,33,71,36,35,62,29,33,36,19,17,9,8,1,
280,37,15,22,65,31,34,74,36,38,64,30,34,36,19,17,9,8,1,
285,38,15,23,65,31,34,74,36,38,65,31,34,36,19,17,9,8,1,
290,39,15,24,67,33,34,77,38,39,66,31,35,37,19,18,9,8,1,
295,39,15,24,68,33,35,77,38,39,67,31,36,37,19,18,10,8,2,
300,40,16,24,68,33,35,78,38,40,68,32,36,39,21,18,10,8,2,
305,40,16,24,70,33,37,79,39,40,69,33,36,40,21,19,10,8,2,
310,41,17,24,72,34,38,82,42,40,71,35,36,40,21,19,10,8,2,
315,42,17,25,72,34,38,82,42,40,72,35,37,40,21,19,10,8,2,
320,43,17,26,74,36,38,85,43,42,73,35,38,41,22,19,10,8,2,
325,43,17,26,75,36,39,85,43,42,74,36,38,41,22,19,11,9,2,
330,44,18,26,75,36,39,86,43,43,75,36,39,43,23,20,11,9,2,
335,44,18,26,77,37,40,87,44,43,76,37,39,44,24,20,11,9,2,
340,45,19,26,79,37,42,90,45,45,78,38,40,44,24,20,11,9,2,
345,46,20,26,79,37,42,90,45,45,79,38,41,44,24,20,11,9,2,
350,47,20,27,81,38,43,93,47,46,80,39,41,45,24,21,11,9,2,
355,47,20,27,82,38,44,93,47,46,81,39,42,45,24,21,12,10,2,
360,48,21,27,82,38,44,94,48,46,82,39,43,47,25,22,12,10,2,
365,48,21,27,84,39,45,95,48,47,83,39,44,48,25,23,12,10,2,
370,49,22,27,86,40,46,98,49,49,85,40,45,48,25,23,12,10,2,
375,50,23,27,86,40,46,98,49,49,86,41,45,48,25,23,12,10,2,
380,51,23,28,88,41,47,101,52,49,87,42,45,49,25,24,12,10,2,
385,51,23,28,89,41,48,101,52,49,88,43,45,49,25,24,13,10,3,
390,52,24,28,89,41,48,102,52,50,89,44,45,51,26,25,13,10,3,
395,52,24,28,91,42,49,103,53,50,90,44,46,52,27,25,13,10,3,
400,53,24,29,93,43,50,106,53,53,92,44,48,52,27,25,13,10,3,
405,54,25,29,93,43,50,106,53,53,93,44,49,52,27,25,13,10,3,
410,55,25,30,95,44,51,109,53,56,94,45,49,53,28,25,13,10,3,
415,55,25,30,96,44,52,109,53,56,95,45,50,53,28,25,14,11,3,
420,56,26,30,96,44,52,110,53,57,96,45,51,55,28,27,14,11,3,
425,56,26,30,98,45,53,111,53,58,97,46,51,56,29,27,14,11,3,
430,57,26,31,100,47,53,114,54,60,99,46,53,56,29,27,14,11,3,
435,58,26,32,100,47,53,114,54,60,100,46,54,56,29,27,14,11,3,
440,59,26,33,102,49,53,117,55,62,101,47,54,57,30,27,14,11,3,
445,59,26,33,103,50,53,117,55,62,102,48,54,57,30,27,15,12,3,
450,60,27,33,103,50,53,118,55,63,103,48,55,59,30,29,15,12,3,
455,60,27,33,105,50,55,119,56,63,104,48,56,60,30,30,15,12,3,
460,61,27,34,107,51,56,122,56,66,106,49,57,60,30,30,15,12,3,
465,62,27,35,107,51,56,122,56,66,107,50,57,60,30,30,15,12,3,
470,63,27,36,109,52,57,125,56,69,108,50,58,61,30,31,15,12,3,
475,63,27,36,110,53,57,125,56,69,109,50,59,61,30,31,16,12,4,
480,64,28,36,110,53,57,126,56,70,110,50,60,63,31,32,16,12,4,
485,64,28,36,112,53,59,127,57,70,111,50,61,64,31,33,16,12,4,
490,65,28,37,114,54,60,130,59,71,113,51,62,64,31,33,16,12,4,
495,66,29,37,114,54,60,130,59,71,114,51,63,64,31,33,16,12,4,
500,67,30,37,116,55,61,133,60,73,115,52,63,65,32,33,16,12,4,
505,67,30,37,117,55,62,133,60,73,116,52,64,65,32,33,17,13,4,
510,68,30,38,117,55,62,134,60,74,117,52,65,67,32,35,17,13,4,
515,68,30,38,119,56,63,135,60,75,118,52,66,68,33,35,17,13,4,
520,69,31,38,121,56,65,138,61,77,120,53,67,68,33,35,17,13,4,
525,70,32,38,121,56,65,138,61,77,121,54,67,68,33,35,17,13,4,
530,71,33,38,123,56,67,141,61,80,122,55,67,69,34,35,17,13,4,
535,71,33,38,124,57,67,141,61,80,123,55,68,69,34,35,18,13,5,
540,72,33,39,124,57,67,142,62,80,124,55,69,71,34,37,18,13,5,
545,72,33,39,126,58,68,143,62,81,125,55,70,72,34,38,18,13,5,
550,73,33,40,128,58,70,146,63,83,127,56,71,72,34,38,18,13,5,
555,74,34,40,128,58,70,146,63,83,128,57,71,72,34,38,18,13,5,
560,75,34,41,130,58,72,149,65,84,129,57,72,73,34,39,18,13,5,
565,75,34,41,131,58,73,149,65,84,130,58,72,73,34,39,19,14,5,
570,76,35,41,131,58,73,150,65,85,131,59,72,75,36,39,19,14,5,
575,76,35,41,133,58,75,151,66,85,132,60,72,76,36,40,19,14,5,
580,77,36,41,135,59,76,154,68,86,134,62,72,76,36,40,19,14,5,
585,78,37,41,135,59,76,154,68,86,135,63,72,76,36,40,19,14,5,
590,79,38,41,137,60,77,157,70,87,136,63,73,77,36,41,19,14,5,
595,79,38,41,138,60,78,157,70,87,137,64,73,77,36,41,20,14,6,
600,80,38,42,138,60,78,158,70,88,138,64,74,79,37,42,20,14,6,
605,80,38,42,140,61,79,159,71,88,139,64,75,80,38,42,20,14,6,
610,81,38,43,142,63,79,162,73,89,141,65,76,80,38,42,20,14,6,
615,82,38,44,142,63,79,162,73,89,142,65,77,80,38,42,20,14,6,
620,83,39,44,144,63,81,165,76,89,143,66,77,81,38,43,20,14,6,
625,83,39,44,145,64,81,165,76,89,144,66,78,81,38,43,21,14,7,
630,84,40,44,145,64,81,166,77,89,145,66,79,83,38,45,21,14,7,
635,84,40,44,147,66,81,167,77,90,146,66,80,84,38,46,21,14,7,
640,85,41,44,149,68,81,170,79,91,148,67,81,84,38,46,21,14,7,
645,86,42,44,149,68,81,170,79,91,149,68,81,84,38,46,21,14,7,
650,87,43,44,151,69,82,173,79,94,150,69,81,85,38,47,21,14,7,
655,87,43,44,152,70,82,173,79,94,151,69,82,85,38,47,22,15,7,
660,88,44,44,152,70,82,174,80,94,152,70,82,87,39,48,22,15,7,
665,88,44,44,154,71,83,175,80,95,153,71,82,88,40,48,22,15,7,
670,89,45,44,156,73,83,178,81,97,155,72,83,88,40,48,22,15,7,
675,90,46,44,156,73,83,178,81,97,156,73,83,88,40,48,22,15,7,
680,91,47,44,158,74,84,181,82,99,157,74,83,89,41,48,22,15,7,
685,91,47,44,159,74,85,181,82,99,158,74,84,89,41,48,23,16,7,
690,92,47,45,159,74,85,182,83,99,159,74,85,91,42,49,23,16,7,
695,92,47,45,161,75,86,183,84,99,160,74,86,92,43,49,23,16,7,
700,93,48,45,163,77,86,186,85,101,162,76,86,92,43,49,23,16,7,
705,94,48,46,163,77,86,186,85,101,163,77,86,92,43,49,23,16,7,
710,95,49,46,165,77,88,189,86,103,164,78,86,93,44,49,23,16,7,
715,95,49,46,166,78,88,189,86,103,165,79,86,93,44,49,24,17,7,
720,96,49,47,166,78,88,190,87,103,166,80,86,95,45,50,24,17,7,
725,96,49,47,168,79,89,191,87,104,167,80,87,96,45,51,24,17,7,
730,97,49,48,170,81,89,194,89,105,169,80,89,96,45,51,24,17,7,
735,98,50,48,170,81,89,194,89,105,170,80,90,96,45,51,24,17,7,
740,99,51,48,172,81,91,197,90,107,171,80,91,97,46,51,24,17,7,
745,99,51,48,173,81,92,197,90,107,172,81,91,97,46,51,25,18,7,
750,100,52,48,173,81,92,198,91,107,173,81,92,99,48,51,25,18,7,
755,100,52,48,175,83,92,199,91,108,174,82,92,100,48,52,25,18,7,
760,101,52,49,177,84,93,202,91,111,176,83,93,100,48,52,25,18,7,
765,102,52,50,177,84,93,202,91,111,177,83,94,100,48,52,25,18,7,
770,103,53,50,179,85,94,205,93,112,178,83,95,101,48,53,25,18,7,
775,103,53,50,180,85,95,205,93,112,179,84,95,101,48,53,26,18,8,
780,104,53,51,180,85,95,206,93,113,180,85,95,103,48,55,26,18,8,
785,104,53,51,182,86,96,207,93,114,181,85,96,104,48,56,26,18,8,
790,105,54,51,184,87,97,210,93,117,183,85,98,104,48,56,26,18,8,
795,106,54,52,184,87,97,210,93,117,184,85,99,104,48,56,26,18,8,
800,107,54,53,186,88,98,213,95,118,185,86,99,105,48,57,26,18,8,
805,107,54,53,187,88,99,213,95,118,186,86,100,105,48,57,27,19,8,
810,108,55,53,187,88,99,214,95,119,187,86,101,107,48,59,27,19,8,
815,108,55,53,189,88,101,215,96,119,188,86,102,108,48,60,27,19,8,
820,109,55,54,191,89,102,218,97,121,190,88,102,108,48,60,27,19,8,
825,110,56,54,191,89,102,218,97,121,191,88,103,108,48,60,27,19,8,
830,111,57,54,193,90,103,221,98,123,192,88,104,109,49,60,27,19,8,
835,111,57,54,194,90,104,221,98,123,193,88,105,109,49,60,28,20,8,
840,112,58,54,194,90,104,222,99,123,194,89,105,111,50,61,28,20,8,
845,112,58,54,196,90,106,223,99,124,195,90,105,112,50,62,28,20,8,
850,113,58,55,198,91,107,226,102,124,197,90,107,112,50,62,28,20,8,
855,114,58,56,198,91,107,226,102,124,198,90,108,112,50,62,28,20,8,
860,115,59,56,200,93,107,229,103,126,199,91,108,113,51,62,28,20,8,
865,115,59,56,201,93,108,229,103,126,200,92,108,113,51,62,29,20,9,
870,116,60,56,201,93,108,230,103,127,201,92,109,115,51,64,29,20,9,
875,116,60,56,203,95,108,231,103,128,202,92,110,116,52,64,29,20,9,
880,117,60,57,205,96,109,234,105,129,204,92,112,116,52,64,29,20,9,
885,118,61,57,205,96,109,234,105,129,205,93,112,116,52,64,29,20,9,
890,119,61,58,207,97,110,237,107,130,206,94,112,117,52,65,29,20,9,
895,119,61,58,208,97,111,237,107,130,207,95,112,117,52,65,30,20,10,
900,120,61,59,208,97,111,238,108,130,208,96,112,119,53,66,30,20,10,
905,120,61,59,210,98,112,239,108,131,209,97,112,120,53,67,30,20,10,
910,121,61,60,212,99,113,242,109,133,211,99,112,120,53,67,30,20,10,
915,122,62,60,212,99,113,242,109,133,212,99,113,120,53,67,30,20,10,
920,123,62,61,214,101,113,245,111,134,213,99,114,121,53,68,30,20,10,
925,123,62,61,215,102,113,245,111,134,214,99,115,121,53,68,31,20,11,
930,124,62,62,215,102,113,246,112,134,215,100,115,123,54,69,31,20,11,
935,124,62,62,217,103,114,247,112,135,216,101,115,124,55,69,31,20,11,
940,125,63,62,219,104,115,250,114,136,218,102,116,124,55,69,31,20,11,
945,126,64,62,219,104,115,250,114,136,219,103,116,124,55,69,31,20,11,
950,127,64,63,221,104,117,253,114,139,220,103,117,125,56,69,31,20,11,
955,127,64,63,222,104,118,253,114,139,221,103,118,125,56,69,32,20,12,
960,128,64,64,222,104,118,254,114,140,222,104,118,127,58,69,32,20,12,
965,128,64,64,224,104,120,255,115,140,223,105,118,128,59,69,32,20,12,
970,129,64,65,226,105,121,258,116,142,225,107,118,128,59,69,32,20,12,
975,130,65,65,226,105,121,258,116,142,226,107,119,128,59,69,32,20,12,
980,131,66,65,228,107,121,261,117,144,227,108,119,129,60,69,32,20,12,
985,131,66,65,229,107,122,261,117,144,228,108,120,129,60,69,33,20,13,
990,132,66,66,229,107,122,262,117,145,229,109,120,131,62,69,33,20,13,
995,132,66,66,231,108,123,263,117,146,230,110,120,132,62,70,33,20,13,
1000,133,66,67,233,108,125,266,118,148,232,112,120,132,62,70,33,20,13,
1005,134,67,67,233,108,125,266,118,148,233,113,120,132,62,70,33,20,13,
1010,135,67,68,235,109,126,269,121,148,234,113,121,133,62,71,33,20,13,
1015,135,67,68,236,109,127,269,121,148,235,114,121,133,62,71,34,20,14,
1020,136,68,68,236,109,127,270,121,149,236,114,122,135,63,72,34,20,14,
1025,136,68,68,238,109,129,271,122,149,237,115,122,136,63,73,34,20,14,
1030,137,68,69,240,110,130,274,124,150,239,117,122,136,63,73,34,20,14,
1035,138,69,69,240,110,130,274,124,150,240,118,122,136,63,73,34,20,14,
1040,139,70,69,242,111,131,277,126,151,241,119,122,137,63,74,34,20,14,
1045,139,70,69,243,111,132,277,126,151,242,120,122,137,63,74,35,20,15,
1050,140,71,69,243,111,132,278,126,152,243,120,123,139,64,75,35,20,15,
1055,140,71,69,245,112,133,279,126,153,244,121,123,140,65,75,35,20,15,
1060,141,71,70,247,113,134,282,126,156,246,121,125,140,65,75,35,20,15,
1065,142,71,71,247,113,134,282,126,156,247,122,125,140,65,75,35,20,15,
1070,143,72,71,249,114,135,285,127,158,248,122,126,141,65,76,35,20,15,
1075,143,72,71,250,115,135,285,127,158,249,123,126,141,65,76,36,21,15,
1080,144,72,72,250,115,135,286,127,159,250,124,126,143,65,78,36,21,15,
1085,144,72,72,252,115,137,287,128,159,251,125,126,144,65,79,36,21,15,
1090,145,73,72,254,116,138,290,131,159,253,127,126,144,65,79,36,21,15,
1095,146,74,72,254,116,138,290,131,159,254,128,126,144,65,79,36,21,15,
1100,147,75,72,256,117,139,293,133,160,255,128,127,145,65,80,36,21,15,
1105,147,75,72,257,118,139,293,133,160,256,129,127,145,65,80,37,22,15,
1110,148,76,72,257,118,139,294,134,160,257,129,128,147,66,81,37,22,15,
1115,148,76,72,259,118,141,295,135,160,258,130,128,148,67,81,37,22,15,
1120,149,76,73,261,118,143,298,137,161,260,131,129,148,67,81,37,22,15,
1125,150,76,74,261,118,143,298,137,161,261,131,130,148,67,81,37,22,15,
1130,151,77,74,263,119,144,301,139,162,262,132,130,149,67,82,37,22,15,
1135,151,77,74,264,120,144,301,139,162,263,133,130,149,67,82,38,23,15,
1140,152,77,75,264,120,144,302,140,162,264,134,130,151,68,83,38,23,15,
1145,152,77,75,266,121,145,303,140,163,265,135,130,152,69,83,38,23,15,
1150,153,77,76,268,123,145,306,141,165,267,135,132,152,69,83,38,23,15,
1155,154,77,77,268,123,145,306,141,165,268,136,132,152,69,83,38,23,15,
1160,155,77,78,270,124,146,309,142,167,269,136,133,153,69,84,38,23,15,
1165,155,77,78,271,125,146,309,142,167,270,136,134,153,69,84,39,24,15,
1170,156,77,79,271,125,146,310,142,168,271,137,134,155,70,85,39,24,15,
1175,156,77,79,273,126,147,311,143,168,272,137,135,156,71,85,39,24,15,
1180,157,78,79,275,127,148,314,145,169,274,137,137,156,71,85,39,24,15,
1185,158,78,80,275,127,148,314,145,169,275,138,137,156,71,85,39,24,15,
1190,159,78,81,277,128,149,317,145,172,276,139,137,157,71,86,39,24,15,
1195,159,78,81,278,129,149,317,145,172,277,140,137,157,71,86,40,24,16,
1200,160,79,81,278,129,149,318,146,172,278,141,137,159,72,87,40,24,16,
1205,160,79,81,280,130,150,319,146,173,279,141,138,160,72,88,40,24,16,
1210,161,80,81,282,130,152,322,147,175,281,141,140,160,72,88,40,24,16,
1215,162,81,81,282,130,152,322,147,175,282,141,141,160,72,88,40,24,16,
1220,163,82,81,284,131,153,325,147,178,283,141,142,161,73,88,40,24,16,
1225,163,82,81,285,132,153,325,147,178,284,141,143,161,73,88,41,25,16,
1230,164,83,81,285,132,153,326,148,178,285,142,143,163,74,89,41,25,16,
1235,164,83,81,287,133,154,327,149,178,286,142,144,164,74,90,41,25,16,
1240,165,84,81,289,134,155,330,151,179,288,142,146,164,74,90,41,25,16,
1245,166,85,81,289,134,155,330,151,179,289,142,147,164,74,90,41,25,16,
1250,167,86,81,291,135,156,333,152,181,290,143,147,165,74,91,41,25,16,
1255,167,86,81,292,135,157,333,152,181,291,143,148,165,74,91,42,25,17,
1260,168,87,81,292,135,157,334,152,182,292,143,149,167,75,92,42,25,17,
1265,168,87,81,294,135,159,335,152,183,293,143,150,168,76,92,42,25,17,
1270,169,88,81,296,136,160,338,154,184,295,144,151,168,76,92,42,25,17,
1275,170,89,81,296,136,160,338,154,184,296,144,152,168,76,92,42,25,17,
1280,171,89,82,298,136,162,341,156,185,297,145,152,169,76,93,42,25,17,
1285,171,89,82,299,136,163,341,156,185,298,145,153,169,76,93,43,26,17,
1290,172,89,83,299,136,163,342,156,186,299,146,153,171,76,95,43,26,17,
1295,172,89,83,301,136,165,343,156,187,300,146,154,172,77,95,43,26,17,
1300,173,90,83,303,137,166,346,157,189,302,147,155,172,77,95,43,26,17,
1305,174,91,83,303,137,166,346,157,189,303,147,156,172,77,95,43,26,17,
1310,175,91,84,305,137,168,349,159,190,304,148,156,173,78,95,43,26,17,
1315,175,91,84,306,137,169,349,159,190,305,148,157,173,78,95,44,26,18,
1320,176,92,84,306,137,169,350,160,190,306,149,157,175,80,95,44,26,18,
1325,176,92,84,308,139,169,351,160,191,307,150,157,176,80,96,44,26,18,
1330,177,93,84,310,141,169,354,161,193,309,150,159,176,80,96,44,26,18,
1335,178,94,84,310,141,169,354,161,193,310,151,159,176,80,96,44,26,18,
1340,179,94,85,312,141,171,357,163,194,311,152,159,177,80,97,44,26,18,
1345,179,94,85,313,141,172,357,163,194,312,153,159,177,80,97,45,27,18,
1350,180,94,86,313,141,172,358,163,195,313,153,160,179,81,98,45,27,18,
1355,180,94,86,315,143,172,359,163,196,314,154,160,180,81,99,45,27,18,
1360,181,94,87,317,145,172,362,164,198,316,155,161,180,81,99,45,27,18,
1365,182,94,88,317,145,172,362,164,198,317,156,161,180,81,99,45,27,18,
1370,183,95,88,319,147,172,365,165,200,318,156,162,181,81,100,45,27,18,
1375,183,95,88,320,147,173,365,165,200,319,157,162,181,81,100,46,28,18,
1380,184,95,89,320,147,173,366,166,200,320,158,162,183,82,101,46,28,18,
1385,184,95,89,322,148,174,367,166,201,321,158,163,184,82,102,46,28,18,
1390,185,96,89,324,149,175,370,168,202,323,159,164,184,82,102,46,28,18,
1395,186,96,90,324,149,175,370,168,202,324,160,164,184,82,102,46,28,18,
1400,187,97,90,326,150,176,373,169,204,325,160,165,185,83,102,46,28,18,
1405,187,97,90,327,150,177,373,169,204,326,161,165,185,83,102,47,28,19,
1410,188,97,91,327,150,177,374,169,205,327,161,166,187,85,102,47,28,19,
1415,188,97,91,329,151,178,375,169,206,328,162,166,188,85,103,47,28,19,
1420,189,98,91,331,152,179,378,171,207,330,163,167,188,85,103,47,28,19,
1425,190,98,92,331,152,179,378,171,207,331,164,167,188,85,103,47,28,19,
1430,191,99,92,333,153,180,381,172,209,332,164,168,189,85,104,47,28,19,
1435,191,99,92,334,153,181,381,172,209,333,164,169,189,85,104,48,28,20,
1440,192,99,93,334,153,181,382,172,210,334,165,169,191,85,106,48,28,20,
1445,192,99,93,336,153,183,383,173,210,335,166,169,192,86,106,48,28,20,
1450,193,100,93,338,154,184,386,175,211,337,168,169,192,86,106,48,28,20,
1455,194,101,93,338,154,184,386,175,211,338,169,169,192,86,106,48,28,20,
1460,195,101,94,340,155,185,389,176,213,339,170,169,193,87,106,48,28,20,
1465,195,101,94,341,156,185,389,176,213,340,171,169,193,87,106,49,29,20,
1470,196,102,94,341,156,185,390,177,213,341,172,169,195,88,107,49,29,20,
1475,196,102,94,343,156,187,391,178,213,342,173,169,196,88,108,49,29,20,
1480,197,102,95,345,156,189,394,178,216,344,174,170,196,88,108,49,29,20,
1485,198,103,95,345,156,189,394,178,216,345,175,170,196,88,108,49,29,20,
1490,199,104,95,347,157,190,397,179,218,346,175,171,197,88,109,49,29,20,
1495,199,104,95,348,158,190,397,179,218,347,176,171,197,88,109,50,30,20,
1500,200,104,96,348,158,190,398,180,218,348,177,171,199,88,111,50,30,20,
1505,200,104,96,350,159,191,399,180,219,349,178,171,200,88,112,50,30,20,
1510,201,105,96,352,160,192,402,181,221,351,179,172,200,88,112,50,30,20,
1515,202,105,97,352,160,192,402,181,221,352,179,173,200,88,112,50,30,20,
1520,203,106,97,354,162,192,405,181,224,353,180,173,201,88,113,50,30,20,
1525,203,106,97,355,163,192,405,181,224,354,181,173,201,88,113,51,31,20,
1530,204,106,98,355,163,192,406,182,224,355,181,174,203,88,115,51,31,20,
1535,204,106,98,357,163,194,407,183,224,356,181,175,204,88,116,51,31,20,
1540,205,106,99,359,164,195,410,184,226,358,182,176,204,88,116,51,31,20,
1545,206,106,100,359,164,195,410,184,226,359,183,176,204,88,116,51,31,20,
1550,207,106,101,361,165,196,413,186,227,360,184,176,205,88,117,51,31,20,
1555,207,106,101,362,166,196,413,186,227,361,185,176,205,88,117,52,31,21,
1560,208,106,102,362,166,196,414,187,227,362,185,177,207,90,117,52,31,21,
1565,208,106,102,364,167,197,415,187,228,363,185,178,208,90,118,52,31,21,
1570,209,106,103,366,168,198,418,189,229,365,186,179,208,90,118,52,31,21,
1575,210,106,104,366,168,198,418,189,229,366,187,179,208,90,118,52,31,21,
1580,211,107,104,368,169,199,421,190,231,367,187,180,209,90,119,52,31,21,
1585,211,107,104,369,170,199,421,190,231,368,188,180,209,90,119,53,32,21,
1590,212,107,105,369,170,199,422,190,232,369,188,181,211,90,121,53,32,21,
1595,212,107,105,371,172,199,423,191,232,370,189,181,212,90,122,53,32,21,
1600,213,107,106,373,173,200,426,192,234,372,191,181,212,90,122,53,32,21,
1605,214,107,107,373,173,200,426,192,234,373,192,181,212,90,122,53,32,21,
1610,215,107,108,375,175,200,429,195,234,374,193,181,213,90,123,53,32,21,
1615,215,107,108,376,176,200,429,195,234,375,193,182,213,90,123,54,32,22,
1620,216,107,109,376,176,200,430,196,234,376,193,183,215,92,123,54,32,22,
1625,216,107,109,378,178,200,431,196,235,377,193,184,216,92,124,54,32,22,
1630,217,108,109,380,179,201,434,197,237,379,195,184,216,92,124,54,32,22,
1635,218,109,109,380,179,201,434,197,237,380,196,184,216,92,124,54,32,22,
1640,219,110,109,382,180,202,437,198,239,381,196,185,217,93,124,54,32,22,
1645,219,110,109,383,180,203,437,198,239,382,196,186,217,93,124,55,32,23,
1650,220,111,109,383,180,203,438,198,240,383,197,186,219,93,126,55,32,23,
1655,220,111,109,385,181,204,439,198,241,384,198,186,220,93,127,55,32,23,
1660,221,111,110,387,182,205,442,201,241,386,198,188,220,93,127,55,32,23,
1665,222,111,111,387,182,205,442,201,241,387,199,188,220,93,127,55,32,23,
1670,223,112,111,389,183,206,445,202,243,388,200,188,221,93,128,55,32,23,
1675,223,112,111,390,183,207,445,202,243,389,201,188,221,93,128,56,33,23,
1680,224,112,112,390,183,207,446,203,243,390,201,189,223,94,129,56,33,23,
1685,224,112,112,392,184,208,447,204,243,391,201,190,224,94,130,56,33,23,
1690,225,113,112,394,185,209,450,205,245,393,202,191,224,94,130,56,33,23,
1695,226,113,113,394,185,209,450,205,245,394,203,191,224,94,130,56,33,23,
1700,227,113,114,396,186,210,453,208,245,395,203,192,225,95,130,56,33,23,
1705,227,113,114,397,186,211,453,208,245,396,203,193,225,95,130,57,33,24,
1710,228,114,114,397,186,211,454,208,246,397,203,194,227,96,131,57,33,24,
1715,228,114,114,399,187,212,455,209,246,398,204,194,228,96,132,57,33,24,
1720,229,114,115,401,187,214,458,210,248,400,204,196,228,96,132,57,33,24,
1725,230,114,116,401,187,214,458,210,248,401,204,197,228,96,132,57,33,24,
1730,231,115,116,403,187,216,461,210,251,402,204,198,229,97,132,57,33,24,
1735,231,115,116,404,187,217,461,210,251,403,204,199,229,97,132,58,33,25,
1740,232,116,116,404,187,217,462,211,251,404,204,200,231,98,133,58,33,25,
1745,232,116,116,406,188,218,463,212,251,405,205,200,232,99,133,58,33,25,
1750,233,116,117,408,189,219,466,213,253,407,207,200,232,99,133,58,33,25,
1755,234,116,118,408,189,219,466,213,253,408,208,200,232,99,133,58,33,25,
1760,235,117,118,410,190,220,469,213,256,409,208,201,233,99,134,58,33,25,
1765,235,117,118,411,191,220,469,213,256,410,209,201,233,99,134,59,34,25,
1770,236,118,118,411,191,220,470,214,256,411,209,202,235,101,134,59,34,25,
1775,236,118,118,413,192,221,471,214,257,412,210,202,236,102,134,59,34,25,
1780,237,118,119,415,193,222,474,215,259,414,212,202,236,102,134,59,34,25,
1785,238,119,119,415,193,222,474,215,259,415,212,203,236,102,134,59,34,25,
1790,239,119,120,417,193,224,477,216,261,416,212,204,237,102,135,59,34,25,
1795,239,119,120,418,193,225,477,216,261,417,213,204,237,102,135,60,35,25,
1800,240,119,121,418,193,225,478,216,262,418,214,204,239,104,135,60,35,25,
1805,240,119,121,420,195,225,479,217,262,419,215,204,240,104,136,60,35,25,
1810,241,120,121,422,196,226,482,219,263,421,215,206,240,104,136,60,35,25,
1815,242,121,121,422,196,226,482,219,263,422,215,207,240,104,136,60,35,25,
1820,243,122,121,424,198,226,485,220,265,423,216,207,241,104,137,60,35,25,
1825,243,122,121,425,198,227,485,220,265,424,216,208,241,104,137,61,35,26,
1830,244,123,121,425,198,227,486,220,266,425,216,209,243,105,138,61,35,26,
1835,244,123,121,427,198,229,487,221,266,426,216,210,244,106,138,61,35,26,
1840,245,124,121,429,199,230,490,223,267,428,216,212,244,106,138,61,35,26,
1845,246,124,122,429,199,230,490,223,267,429,217,212,244,106,138,61,35,26,
1850,247,125,122,431,201,230,493,226,267,430,218,212,245,106,139,61,35,26,
1855,247,125,122,432,202,230,493,226,267,431,218,213,245,106,139,62,36,26,
1860,248,126,122,432,202,230,494,226,268,432,218,214,247,107,140,62,36,26,
1865,248,126,122,434,204,230,495,227,268,433,219,214,248,107,141,62,36,26,
1870,249,127,122,436,206,230,498,229,269,435,221,214,248,107,141,62,36,26,
1875,250,127,123,436,206,230,498,229,269,436,221,215,248,107,141,62,36,26,
1880,251,128,123,438,206,232,501,230,271,437,222,215,249,107,142,62,36,26,
1885,251,128,123,439,207,232,501,230,271,438,222,216,249,107,142,63,37,26,
1890,252,128,124,439,207,232,502,231,271,439,223,216,251,109,142,63,37,26,
1895,252,128,124,441,209,232,503,231,272,440,223,217,252,109,143,63,37,26,
1900,253,128,125,443,209,234,506,233,273,442,224,218,252,109,143,63,37,26,
1905,254,129,125,443,209,234,506,233,273,443,224,219,252,109,143,63,37,26,
1910,255,130,125,445,209,236,509,236,273,444,225,219,253,109,144,63,37,26,
1915,255,130,125,446,209,237,509,236,273,445,226,219,253,109,144,64,37,27,
1920,256,131,125,446,209,237,510,237,273,446,227,219,255,110,145,64,37,27,
1925,256,131,125,448,209,239,511,237,274,447,227,220,256,110,146,64,37,27,
1930,257,131,126,450,209,241,514,239,275,449,227,222,256,110,146,64,37,27,
1935,258,131,127,450,209,241,514,239,275,450,227,223,256,110,146,64,37,27,
1940,259,132,127,452,209,243,517,240,277,451,228,223,257,110,147,64,37,27,
1945,259,132,127,453,209,244,517,240,277,452,229,223,257,110,147,65,37,28,
1950,260,132,128,453,209,244,518,241,277,453,229,224,259,111,148,65,37,28,
1955,260,132,128,455,209,246,519,241,278,454,229,225,260,111,149,65,37,28,
1960,261,133,128,457,211,246,522,242,280,456,230,226,260,111,149,65,37,28,
1965,262,134,128,457,211,246,522,242,280,457,231,226,260,111,149,65,37,28,
1970,263,135,128,459,213,246,525,243,282,458,232,226,261,112,149,65,37,28,
1975,263,135,128,460,213,247,525,243,282,459,232,227,261,112,149,66,37,29,
1980,264,136,128,460,213,247,526,244,282,460,232,228,263,113,150,66,37,29,
1985,264,136,128,462,214,248,527,245,282,461,233,228,264,114,150,66,37,29,
1990,265,137,128,464,215,249,530,246,284,463,234,229,264,114,150,66,37,29,
1995,266,138,128,464,215,249,530,246,284,464,235,229,264,114,150,66,37,29,
2000,267,139,128,466,215,251,533,247,286,465,236,229,265,115,150,66,37,29,
2005,267,139,128,467,215,252,533,247,286,466,237,229,265,115,150,67,38,29,
2010,268,140,128,467,215,252,534,248,286,467,238,229,267,115,152,67,38,29,
2015,268,140,128,469,215,254,535,248,287,468,238,230,268,115,153,67,38,29,
2020,269,140,129,471,217,254,538,250,288,470,239,231,268,115,153,67,38,29,
2025,270,141,129,471,217,254,538,250,288,471,239,232,268,115,153,67,38,29,
2030,271,142,129,473,218,255,541,252,289,472,240,232,269,116,153,67,38,29,
2035,271,142,129,474,219,255,541,252,289,473,241,232,269,116,153,68,39,29,
2040,272,142,130,474,219,255,542,253,289,474,242,232,271,117,154,68,39,29,
2045,272,142,130,476,220,256,543,253,290,475,242,233,272,118,154,68,39,29,
2050,273,142,131,478,220,258,546,253,293,477,244,233,272,118,154,68,39,29,
2055,274,142,132,478,220,258,546,253,293,478,244,234,272,118,154,68,39,29,
2060,275,143,132,480,222,258,549,255,294,479,244,235,273,119,154,68,39,29,
2065,275,143,132,481,223,258,549,255,294,480,245,235,273,119,154,69,39,30,
2070,276,143,133,481,223,258,550,256,294,481,245,236,275,120,155,69,39,30,
2075,276,143,133,483,223,260,551,256,295,482,245,237,276,120,156,69,39,30,
2080,277,144,133,485,223,262,554,257,297,484,247,237,276,120,156,69,39,30,
2085,278,145,133,485,223,262,554,257,297,485,248,237,276,120,156,69,39,30,
2090,279,146,133,487,223,264,557,258,299,486,248,238,277,120,157,69,39,30,
2095,279,146,133,488,224,264,557,258,299,487,248,239,277,120,157,70,40,30,
2100,280,146,134,488,224,264,558,258,300,488,249,239,279,121,158,70,40,30,
2105,280,146,134,490,225,265,559,259,300,489,250,239,280,122,158,70,40,30,
2110,281,147,134,492,227,265,562,262,300,491,250,241,280,122,158,70,40,30,
2115,282,148,134,492,227,265,562,262,300,492,250,242,280,122,158,70,40,30,
2120,283,148,135,494,227,267,565,263,302,493,250,243,281,123,158,70,40,30,
2125,283,148,135,495,227,268,565,263,302,494,250,244,281,123,158,71,40,31,
2130,284,149,135,495,227,268,566,264,302,495,251,244,283,124,159,71,40,31,
2135,284,149,135,497,228,269,567,265,302,496,252,244,284,125,159,71,40,31,
2140,285,150,135,499,229,270,570,267,303,498,254,244,284,125,159,71,40,31,
2145,286,150,136,499,229,270,570,267,303,499,254,245,284,125,159,71,40,31,
2150,287,150,137,501,230,271,573,269,304,500,255,245,285,125,160,71,40,31,
2155,287,150,137,502,231,271,573,269,304,501,256,245,285,125,160,72,40,32,
2160,288,151,137,502,231,271,574,269,305,502,256,246,287,126,161,72,40,32,
2165,288,151,137,504,232,272,575,270,305,503,256,247,288,127,161,72,40,32,
2170,289,152,137,506,232,274,578,270,308,505,256,249,288,127,161,72,40,32,
2175,290,153,137,506,232,274,578,270,308,506,257,249,288,127,161,72,40,32,
2180,291,154,137,508,234,274,581,273,308,507,257,250,289,128,161,72,40,32,
2185,291,154,137,509,235,274,581,273,308,508,258,250,289,128,161,73,41,32,
2190,292,154,138,509,235,274,582,274,308,509,259,250,291,129,162,73,41,32,
2195,292,154,138,511,236,275,583,274,309,510,259,251,292,129,163,73,41,32,
2200,293,154,139,513,237,276,586,276,310,512,259,253,292,129,163,73,41,32,
2205,294,155,139,513,237,276,586,276,310,513,259,254,292,129,163,73,41,32,
2210,295,155,140,515,239,276,589,277,312,514,259,255,293,129,164,73,41,32,
2215,295,155,140,516,240,276,589,277,312,515,259,256,293,129,164,74,42,32,
2220,296,156,140,516,240,276,590,277,313,516,259,257,295,130,165,74,42,32,
2225,296,156,140,518,241,277,591,278,313,517,259,258,296,130,166,74,42,32,
2230,297,157,140,520,242,278,594,279,315,519,260,259,296,130,166,74,42,32,
2235,298,158,140,520,242,278,594,279,315,520,260,260,296,130,166,74,42,32,
2240,299,158,141,522,244,278,597,279,318,521,261,260,297,130,167,74,42,32,
2245,299,158,141,523,244,279,597,279,318,522,262,260,297,130,167,75,42,33,
2250,300,159,141,523,244,279,598,279,319,523,262,261,299,131,168,75,42,33,
2255,300,159,141,525,244,281,599,280,319,524,262,262,300,131,169,75,42,33,
2260,301,159,142,527,245,282,602,281,321,526,264,262,300,131,169,75,42,33,
2265,302,159,143,527,245,282,602,281,321,527,265,262,300,131,169,75,42,33,
2270,303,159,144,529,246,283,605,283,322,528,266,262,301,132,169,75,42,33,
2275,303,159,144,530,247,283,605,283,322,529,267,262,301,132,169,76,43,33,
2280,304,159,145,530,247,283,606,284,322,530,267,263,303,133,170,76,43,33,
2285,304,159,145,532,248,284,607,284,323,531,267,264,304,133,171,76,43,33,
2290,305,159,146,534,249,285,610,286,324,533,268,265,304,133,171,76,43,33,
2295,306,160,146,534,249,285,610,286,324,534,268,266,304,133,171,76,43,33,
2300,307,160,147,536,250,286,613,288,325,535,268,267,305,134,171,76,43,33,
2305,307,160,147,537,251,286,613,288,325,536,269,267,305,134,171,77,43,34,
2310,308,160,148,537,251,286,614,289,325,537,270,267,307,135,172,77,43,34,
2315,308,160,148,539,253,286,615,289,326,538,271,267,308,136,172,77,43,34,
2320,309,161,148,541,254,287,618,289,329,540,272,268,308,136,172,77,43,34,
2325,310,162,148,541,254,287,618,289,329,541,272,269,308,136,172,77,43,34,
2330,311,163,148,543,255,288,621,290,331,542,273,269,309,137,172,77,43,34,
2335,311,163,148,544,256,288,621,290,331,543,273,270,309,137,172,78,43,35,
2340,312,163,149,544,256,288,622,291,331,544,274,270,311,138,173,78,43,35,
2345,312,163,149,546,257,289,623,292,331,545,275,270,312,138,174,78,43,35,
2350,313,164,149,548,258,290,626,295,331,547,276,271,312,138,174,78,43,35,
2355,314,164,150,548,258,290,626,295,331,548,276,272,312,138,174,78,43,35,
2360,315,165,150,550,259,291,629,297,332,549,276,273,313,139,174,78,43,35,
2365,315,165,150,551,260,291,629,297,332,550,276,274,313,139,174,79,43,36,
2370,316,166,150,551,260,291,630,297,333,551,276,275,315,139,176,79,43,36,
2375,316,166,150,553,260,293,631,297,334,552,276,276,316,139,177,79,43,36,
2380,317,166,151,555,260,295,634,300,334,554,276,278,316,139,177,79,43,36,
2385,318,166,152,555,260,295,634,300,334,555,277,278,316,139,177,79,43,36,
2390,319,167,152,557,260,297,637,302,335,556,277,279,317,139,178,79,43,36,
2395,319,167,152,558,261,297,637,302,335,557,277,280,317,139,178,80,44,36,
2400,320,167,153,558,261,297,638,302,336,558,278,280,319,139,180,80,44,36,
2405,320,167,153,560,261,299,639,302,337,559,278,281,320,139,181,80,44,36,
2410,321,168,153,562,261,301,642,303,339,561,280,281,320,139,181,80,44,36,
2415,322,168,154,562,261,301,642,303,339,562,281,281,320,139,181,80,44,36,
2420,323,169,154,564,261,303,645,304,341,563,282,281,321,140,181,80,44,36,
2425,323,169,154,565,262,303,645,304,341,564,283,281,321,140,181,81,45,36,
2430,324,169,155,565,262,303,646,305,341,565,283,282,323,141,182,81,45,36,
2435,324,169,155,567,264,303,647,306,341,566,283,283,324,142,182,81,45,36,
2440,325,170,155,569,265,304,650,308,342,568,284,284,324,142,182,81,45,36,
2445,326,171,155,569,265,304,650,308,342,569,284,285,324,142,182,81,45,36,
2450,327,171,156,571,265,306,653,308,345,570,284,286,325,143,182,81,45,36,
2455,327,171,156,572,265,307,653,308,345,571,284,287,325,143,182,82,46,36,
2460,328,171,157,572,265,307,654,309,345,572,285,287,327,144,183,82,46,36,
2465,328,171,157,574,266,308,655,309,346,573,285,288,328,144,184,82,46,36,
2470,329,171,158,576,267,309,658,311,347,575,285,290,328,144,184,82,46,36,
2475,330,172,158,576,267,309,658,311,347,576,285,291,328,144,184,82,46,36,
2480,331,173,158,578,268,310,661,313,348,577,285,292,329,145,184,82,46,36,
2485,331,173,158,579,268,311,661,313,348,578,286,292,329,145,184,83,47,36,
2490,332,173,159,579,268,311,662,314,348,579,287,292,331,147,184,83,47,36,
2495,332,173,159,581,269,312,663,315,348,580,288,292,332,147,185,83,47,36,
2500,333,173,160,583,269,314,666,317,349,582,289,293,332,147,185,83,47,36,
2505,334,174,160,583,269,314,666,317,349,583,290,293,332,147,185,83,47,36,
2510,335,175,160,585,271,314,669,318,351,584,290,294,333,147,186,83,47,36,
2515,335,175,160,586,271,315,669,318,351,585,290,295,333,147,186,84,47,37,
2520,336,176,160,586,271,315,670,319,351,586,290,296,335,148,187,84,47,37,
2525,336,176,160,588,271,317,671,320,351,587,290,297,336,149,187,84,47,37,
2530,337,176,161,590,271,319,674,322,352,589,291,298,336,149,187,84,47,37,
2535,338,176,162,590,271,319,674,322,352,590,292,298,336,149,187,84,47,37,
2540,339,177,162,592,273,319,677,324,353,591,293,298,337,149,188,84,47,37,
2545,339,177,162,593,273,320,677,324,353,592,294,298,337,149,188,85,47,38,
2550,340,177,163,593,273,320,678,325,353,593,295,298,339,150,189,85,47,38,
2555,340,177,163,595,274,321,679,326,353,594,296,298,340,151,189,85,47,38,
2560,341,177,164,597,274,323,682,326,356,596,298,298,340,151,189,85,47,38,
2565,342,178,164,597,274,323,682,326,356,597,299,298,340,151,189,85,47,38,
2570,343,179,164,599,275,324,685,328,357,598,300,298,341,151,190,85,47,38,
2575,343,179,164,600,276,324,685,328,357,599,300,299,341,151,190,86,48,38,
2580,344,179,165,600,276,324,686,328,358,600,300,300,343,151,192,86,48,38,
2585,344,179,165,602,277,325,687,328,359,601,300,301,344,151,193,86,48,38,
2590,345,180,165,604,278,326,690,330,360,603,300,303,344,151,193,86,48,38,
2595,346,181,165,604,278,326,690,330,360,604,301,303,344,151,193,86,48,38,
2600,347,181,166,606,279,327,693,330,363,605,301,304,345,151,194,86,48,38,
2605,347,181,166,607,280,327,693,330,363,606,302,304,345,151,194,87,49,38,
2610,348,181,167,607,280,327,694,330,364,607,302,305,347,151,196,87,49,38,
2615,348,181,167,609,281,328,695,331,364,608,303,305,348,152,196,87,49,38,
2620,349,181,168,611,282,329,698,333,365,610,303,307,348,152,196,87,49,38,
2625,350,182,168,611,282,329,698,333,365,611,304,307,348,152,196,87,49,38,
2630,351,182,169,613,283,330,701,333,368,612,304,308,349,152,197,87,49,38,
2635,351,182,169,614,283,331,701,333,368,613,305,308,349,152,197,88,49,39,
2640,352,183,169,614,283,331,702,334,368,614,306,308,351,153,198,88,49,39,
2645,352,183,169,616,284,332,703,334,369,615,306,309,352,154,198,88,49,39,
2650,353,183,170,618,284,334,706,336,370,617,307,310,352,154,198,88,49,39,
2655,354,184,170,618,284,334,706,336,370,618,308,310,352,154,198,88,49,39,
2660,355,185,170,620,284,336,709,337,372,619,309,310,353,155,198,88,49,39,
2665,355,185,170,621,285,336,709,337,372,620,310,310,353,155,198,89,50,39,
2670,356,186,170,621,285,336,710,337,373,621,310,311,355,155,200,89,50,39,
2675,356,186,170,623,286,337,711,337,374,622,310,312,356,155,201,89,50,39,
2680,357,187,170,625,286,339,714,338,376,624,312,312,356,155,201,89,50,39,
2685,358,187,171,625,286,339,714,338,376,625,313,312,356,155,201,89,50,39,
2690,359,187,172,627,288,339,717,341,376,626,313,313,357,155,202,89,50,39,
2695,359,187,172,628,288,340,717,341,376,627,314,313,357,155,202,90,51,39,
2700,360,187,173,628,288,340,718,342,376,628,315,313,359,156,203,90,51,39,
2705,360,187,173,630,290,340,719,342,377,629,316,313,360,157,203,90,51,39,
2710,361,187,174,632,291,341,722,344,378,631,318,313,360,157,203,90,51,39,
2715,362,188,174,632,291,341,722,344,378,632,318,314,360,157,203,90,51,39,
2720,363,189,174,634,292,342,725,345,380,633,318,315,361,157,204,90,51,39,
2725,363,189,174,635,292,343,725,345,380,634,318,316,361,157,204,91,52,39,
2730,364,190,174,635,292,343,726,345,381,635,319,316,363,157,206,91,52,39,
2735,364,190,174,637,293,344,727,345,382,636,319,317,364,158,206,91,52,39,
2740,365,191,174,639,294,345,730,346,384,638,321,317,364,158,206,91,52,39,
2745,366,192,174,639,294,345,730,346,384,639,321,318,364,158,206,91,52,39,
2750,367,192,175,641,295,346,733,348,385,640,322,318,365,158,207,91,52,39,
2755,367,192,175,642,296,346,733,348,385,641,322,319,365,158,207,92,52,40,
2760,368,192,176,642,296,346,734,348,386,642,323,319,367,160,207,92,52,40,
2765,368,192,176,644,298,346,735,349,386,643,324,319,368,161,207,92,52,40,
2770,369,192,177,646,298,348,738,350,388,645,325,320,368,161,207,92,52,40,
2775,370,193,177,646,298,348,738,350,388,646,326,320,368,161,207,92,52,40,
2780,371,193,178,648,299,349,741,350,391,647,326,321,369,162,207,92,52,40,
2785,371,193,178,649,299,350,741,350,391,648,327,321,369,162,207,93,52,41,
2790,372,194,178,649,299,350,742,351,391,649,327,322,371,164,207,93,52,41,
2795,372,194,178,651,300,351,743,352,391,650,328,322,372,165,207,93,52,41,
2800,373,194,179,653,300,353,746,354,392,652,328,324,372,165,207,93,52,41,
2805,374,195,179,653,300,353,746,354,392,653,329,324,372,165,207,93,52,41,
2810,375,195,180,655,301,354,749,356,393,654,329,325,373,166,207,93,52,41,
2815,375,195,180,656,301,355,749,356,393,655,330,325,373,166,207,94,53,41,
2820,376,195,181,656,301,355,750,357,393,656,330,326,375,166,209,94,53,41,
2825,376,195,181,658,301,357,751,358,393,657,331,326,376,166,210,94,53,41,
2830,377,195,182,660,302,358,754,360,394,659,332,327,376,166,210,94,53,41,
2835,378,195,183,660,302,358,754,360,394,660,332,328,376,166,210,94,53,41,
2840,379,196,183,662,303,359,757,362,395,661,332,329,377,167,210,94,53,41,
2845,379,196,183,663,304,359,757,362,395,662,332,330,377,167,210,95,53,42,
2850,380,196,184,663,304,359,758,362,396,663,332,331,379,168,211,95,53,42,
2855,380,196,184,665,304,361,759,362,397,664,332,332,380,168,212,95,53,42,
2860,381,197,184,667,306,361,762,364,398,666,333,333,380,168,212,95,53,42,
2865,382,197,185,667,306,361,762,364,398,667,333,334,380,168,212,95,53,42,
2870,383,197,186,669,307,362,765,365,400,668,333,335,381,169,212,95,53,42,
2875,383,197,186,670,308,362,765,365,400,669,334,335,381,169,212,96,53,43,
2880,384,197,187,670,308,362,766,366,400,670,335,335,383,170,213,96,53,43,
2885,384,197,187,672,309,363,767,367,400,671,336,335,384,171,213,96,53,43,
2890,385,198,187,674,309,365,770,369,401,673,337,336,384,171,213,96,53,43,
2895,386,198,188,674,309,365,770,369,401,674,337,337,384,171,213,96,53,43,
2900,387,199,188,676,311,365,773,371,402,675,338,337,385,171,214,96,53,43,
2905,387,199,188,677,312,365,773,371,402,676,338,338,385,171,214,97,53,44,
2910,388,200,188,677,312,365,774,371,403,677,338,339,387,173,214,97,53,44,
2915,388,200,188,679,313,366,775,371,404,678,339,339,388,174,214,97,53,44,
2920,389,200,189,681,313,368,778,374,404,680,340,340,388,174,214,97,53,44,
2925,390,200,190,681,313,368,778,374,404,681,340,341,388,174,214,97,53,44,
2930,391,200,191,683,315,368,781,375,406,682,340,342,389,175,214,97,53,44,
2935,391,200,191,684,315,369,781,375,406,683,340,343,389,175,214,98,53,45,
2940,392,200,192,684,315,369,782,375,407,684,340,344,391,175,216,98,53,45,
2945,392,200,192,686,315,371,783,376,407,685,341,344,392,176,216,98,53,45,
2950,393,200,193,688,316,372,786,376,410,687,342,345,392,176,216,98,53,45,
2955,394,200,194,688,316,372,786,376,410,688,342,346,392,176,216,98,53,45,
2960,395,201,194,690,316,374,789,377,412,689,343,346,393,176,217,98,53,45,
2965,395,201,194,691,317,374,789,377,412,690,343,347,393,176,217,99,54,45,
2970,396,202,194,691,317,374,790,378,412,691,343,348,395,177,218,99,54,45,
2975,396,202,194,693,317,376,791,378,413,692,344,348,396,177,219,99,54,45,
2980,397,202,195,695,317,378,794,380,414,694,345,349,396,177,219,99,54,45,
2985,398,202,196,695,317,378,794,380,414,695,346,349,396,177,219,99,54,45,
2990,399,203,196,697,317,380,797,381,416,696,346,350,397,177,220,99,54,45,
2995,399,203,196,698,318,380,797,381,416,697,347,350,397,177,220,100,54,46,
3000,400,204,196,698,318,380,798,381,417,698,348,350,399,179,220,100,54,46,
3005,400,204,196,700,318,382,799,382,417,699,349,350,400,179,221,100,54,46,
3010,401,205,196,702,319,383,802,384,418,701,349,352,400,179,221,100,54,46,
3015,402,205,197,702,319,383,802,384,418,702,349,353,400,179,221,100,54,46,
3020,403,206,197,704,321,383,805,386,419,703,350,353,401,180,221,100,54,46,
3025,403,206,197,705,322,383,805,386,419,704,351,353,401,180,221,101,54,47,
3030,404,206,198,705,322,383,806,387,419,705,351,354,403,181,222,101,54,47,
3035,404,206,198,707,322,385,807,387,420,706,351,355,404,181,223,101,54,47,
3040,405,207,198,709,323,386,810,388,422,708,352,356,404,181,223,101,54,47,
3045,406,208,198,709,323,386,810,388,422,709,353,356,404,181,223,101,54,47,
3050,407,208,199,711,323,388,813,389,424,710,354,356,405,182,223,101,54,47,
3055,407,208,199,712,323,389,813,389,424,711,354,357,405,182,223,102,54,48,
3060,408,208,200,712,323,389,814,389,425,712,355,357,407,182,225,102,54,48,
3065,408,208,200,714,323,391,815,390,425,713,355,358,408,182,226,102,54,48,
3070,409,209,200,716,323,393,818,392,426,715,357,358,408,182,226,102,54,48,
3075,410,209,201,716,323,393,818,392,426,716,357,359,408,182,226,102,54,48,
3080,411,209,202,718,324,394,821,392,429,717,357,360,409,182,227,102,54,48,
3085,411,209,202,719,325,394,821,392,429,718,358,360,409,182,227,103,55,48,
3090,412,210,202,719,325,394,822,393,429,719,359,360,411,182,229,103,55,48,
3095,412,210,202,721,327,394,823,394,429,720,359,361,412,182,230,103,55,48,
3100,413,210,203,723,328,395,826,396,430,722,359,363,412,182,230,103,55,48,
3105,414,210,204,723,328,395,826,396,430,723,359,364,412,182,230,103,55,48,
3110,415,210,205,725,328,397,829,396,433,724,360,364,413,183,230,103,55,48,
3115,415,210,205,726,329,397,829,396,433,725,361,364,413,183,230,104,56,48,
3120,416,210,206,726,329,397,830,397,433,726,361,365,415,184,231,104,56,48,
3125,416,210,206,728,329,399,831,398,433,727,362,365,416,185,231,104,56,48,
3130,417,211,206,730,331,399,834,400,434,729,363,366,416,185,231,104,56,48,
3135,418,212,206,730,331,399,834,400,434,730,363,367,416,185,231,104,56,48,
3140,419,212,207,732,332,400,837,402,435,731,364,367,417,185,232,104,56,48,
3145,419,212,207,733,333,400,837,402,435,732,364,368,417,185,232,105,57,48,
3150,420,213,207,733,333,400,838,403,435,733,364,369,419,187,232,105,57,48,
3155,420,213,207,735,335,400,839,404,435,734,364,370,420,187,233,105,57,48,
3160,421,213,208,737,337,400,842,406,436,736,365,371,420,187,233,105,57,48,
3165,422,213,209,737,337,400,842,406,436,737,365,372,420,187,233,105,57,48,
3170,423,213,210,739,338,401,845,408,437,738,366,372,421,188,233,105,57,48,
3175,423,213,210,740,338,402,845,408,437,739,367,372,421,188,233,106,58,48,
3180,424,213,211,740,338,402,846,408,438,740,367,373,423,189,234,106,58,48,
3185,424,213,211,742,338,404,847,409,438,741,368,373,424,190,234,106,58,48,
3190,425,214,211,744,338,406,850,411,439,743,368,375,424,190,234,106,58,48,
3195,426,215,211,744,338,406,850,411,439,744,369,375,424,190,234,106,58,48,
3200,427,215,212,746,339,407,853,412,441,745,369,376,425,191,234,106,58,48,
3205,427,215,212,747,340,407,853,412,441,746,370,376,425,191,234,107,59,48,
3210,428,215,213,747,340,407,854,413,441,747,371,376,427,192,235,107,59,48,
3215,428,215,213,749,341,408,855,414,441,748,372,376,428,193,235,107,59,48,
3220,429,215,214,751,341,410,858,417,441,750,374,376,428,193,235,107,59,48,
3225,430,216,214,751,341,410,858,417,441,751,375,376,428,193,235,107,59,48,
3230,431,217,214,753,341,412,861,419,442,752,375,377,429,194,235,107,59,48,
3235,431,217,214,754,342,412,861,419,442,753,376,377,429,194,235,108,59,49,
3240,432,218,214,754,342,412,862,420,442,754,376,378,431,194,237,108,59,49,
3245,432,218,214,756,343,413,863,421,442,755,376,379,432,195,237,108,59,49,
3250,433,219,214,758,344,414,866,423,443,757,376,381,432,195,237,108,59,49,
3255,434,220,214,758,344,414,866,423,443,758,377,381,432,195,237,108,59,49,
3260,435,220,215,760,346,414,869,426,443,759,377,382,433,195,238,108,59,49,
3265,435,220,215,761,347,414,869,426,443,760,377,383,433,195,238,109,59,50,
3270,436,221,215,761,347,414,870,427,443,761,378,383,435,196,239,109,59,50,
3275,436,221,215,763,349,414,871,428,443,762,379,383,436,197,239,109,59,50,
3280,437,222,215,765,351,414,874,431,443,764,381,383,436,197,239,109,59,50,
3285,438,222,216,765,351,414,874,431,443,765,382,383,436,197,239,109,59,50,
3290,439,222,217,767,352,415,877,434,443,766,382,384,437,197,240,109,59,50,
3295,439,222,217,768,353,415,877,434,443,767,382,385,437,197,240,110,60,50,
3300,440,223,217,768,353,415,878,434,444,768,383,385,439,198,241,110,60,50,
3305,440,223,217,770,354,416,879,435,444,769,383,386,440,199,241,110,60,50,
3310,441,223,218,772,354,418,882,437,445,771,385,386,440,199,241,110,60,50,
3315,442,224,218,772,354,418,882,437,445,772,385,387,440,199,241,110,60,50,
3320,443,225,218,774,354,420,885,438,447,773,386,387,441,200,241,110,60,50,
3325,443,225,218,775,355,420,885,438,447,774,387,387,441,200,241,111,60,51,
3330,444,225,219,775,355,420,886,438,448,775,387,388,443,202,241,111,60,51,
3335,444,225,219,777,355,422,887,438,449,776,388,388,444,203,241,111,60,51,
3340,445,225,220,779,356,423,890,440,450,778,388,390,444,203,241,111,60,51,
3345,446,225,221,779,356,423,890,440,450,779,389,390,444,203,241,111,60,51,
3350,447,225,222,781,356,425,893,441,452,780,390,390,445,204,241,111,60,51,
3355,447,225,222,782,356,426,893,441,452,781,391,390,445,204,241,112,60,52,
3360,448,225,223,782,356,426,894,442,452,782,391,391,447,204,243,112,60,52,
3365,448,225,223,784,356,428,895,443,452,783,391,392,448,204,244,112,60,52,
3370,449,225,224,786,357,429,898,445,453,785,392,393,448,204,244,112,60,52,
3375,450,226,224,786,357,429,898,445,453,786,393,393,448,204,244,112,60,52,
3380,451,227,224,788,358,430,901,446,455,787,393,394,449,205,244,112,60,52,
3385,451,227,224,789,358,431,901,446,455,788,393,395,449,205,244,113,60,53,
3390,452,227,225,789,358,431,902,447,455,789,393,396,451,206,245,113,60,53,
3395,452,227,225,791,359,432,903,447,456,790,394,396,452,206,246,113,60,53,
3400,453,227,226,793,360,433,906,447,459,792,395,397,452,206,246,113,60,53,
3405,454,228,226,793,360,433,906,447,459,793,395,398,452,206,246,113,60,53,
3410,455,228,227,795,361,434,909,450,459,794,396,398,453,206,247,113,60,53,
3415,455,228,227,796,362,434,909,450,459,795,396,399,453,206,247,114,61,53,
3420,456,229,227,796,362,434,910,450,460,796,396,400,455,207,248,114,61,53,
3425,456,229,227,798,362,436,911,450,461,797,396,401,456,207,249,114,61,53,
3430,457,229,228,800,362,438,914,453,461,799,396,403,456,207,249,114,61,53,
3435,458,230,228,800,362,438,914,453,461,800,397,403,456,207,249,114,61,53,
3440,459,231,228,802,362,440,917,454,463,801,397,404,457,208,249,114,61,53,
3445,459,231,228,803,363,440,917,454,463,802,397,405,457,208,249,115,61,54,
3450,460,231,229,803,363,440,918,454,464,803,397,406,459,208,251,115,61,54,
3455,460,231,229,805,365,440,919,454,465,804,397,407,460,208,252,115,61,54,
3460,461,231,230,807,366,441,922,455,467,806,398,408,460,208,252,115,61,54,
3465,462,231,231,807,366,441,922,455,467,807,399,408,460,208,252,115,61,54,
3470,463,231,232,809,366,443,925,456,469,808,400,408,461,209,252,115,61,54,
3475,463,231,232,810,366,444,925,456,469,809,401,408,461,209,252,116,62,54,
3480,464,231,233,810,366,444,926,456,470,810,401,409,463,211,252,116,62,54,
3485,464,231,233,812,366,446,927,456,471,811,401,410,464,212,252,116,62,54,
3490,465,231,234,814,367,447,930,458,472,813,402,411,464,212,252,116,62,54,
3495,466,231,235,814,367,447,930,458,472,814,403,411,464,212,252,116,62,54,
3500,467,231,236,816,368,448,933,460,473,815,403,412,465,213,252,116,62,54,
3505,467,231,236,817,368,449,933,460,473,816,403,413,465,213,252,117,63,54,
3510,468,231,237,817,368,449,934,460,474,817,403,414,467,214,253,117,63,54,
3515,468,231,237,819,369,450,935,461,474,818,403,415,468,215,253,117,63,54,
3520,469,232,237,821,371,450,938,462,476,820,403,417,468,215,253,117,63,54,
3525,470,233,237,821,371,450,938,462,476,821,403,418,468,215,253,117,63,54,
3530,471,234,237,823,372,451,941,464,477,822,403,419,469,215,254,117,63,54,
3535,471,234,237,824,373,451,941,464,477,823,403,420,469,215,254,118,64,54,
3540,472,234,238,824,373,451,942,464,478,824,404,420,471,216,255,118,64,54,
3545,472,234,238,826,374,452,943,464,479,825,405,420,472,216,256,118,64,54,
3550,473,235,238,828,376,452,946,465,481,827,406,421,472,216,256,118,64,54,
3555,474,235,239,828,376,452,946,465,481,828,407,421,472,216,256,118,64,54,
3560,475,235,240,830,378,452,949,466,483,829,408,421,473,216,257,118,64,54,
3565,475,235,240,831,379,452,949,466,483,830,409,421,473,216,257,119,65,54,
3570,476,235,241,831,379,452,950,466,484,831,410,421,475,217,258,119,65,54,
3575,476,235,241,833,380,453,951,466,485,832,411,421,476,218,258,119,65,54,
3580,477,235,242,835,381,454,954,467,487,834,411,423,476,218,258,119,65,54,
3585,478,236,242,835,381,454,954,467,487,835,411,424,476,218,258,119,65,54,
3590,479,237,242,837,382,455,957,468,489,836,411,425,477,218,259,119,65,54,
3595,479,237,242,838,383,455,957,468,489,837,411,426,477,218,259,120,65,55,
3600,480,238,242,838,383,455,958,469,489,838,412,426,479,219,260,120,65,55,
3605,480,238,242,840,385,455,959,469,490,839,412,427,480,219,261,120,65,55,
3610,481,238,243,842,386,456,962,471,491,841,413,428,480,219,261,120,65,55,
3615,482,238,244,842,386,456,962,471,491,842,414,428,480,219,261,120,65,55,
3620,483,239,244,844,388,456,965,472,493,843,414,429,481,219,262,120,65,55,
3625,483,239,244,845,389,456,965,472,493,844,414,430,481,219,262,121,66,55,
3630,484,239,245,845,389,456,966,472,494,845,415,430,483,219,264,121,66,55,
3635,484,239,245,847,390,457,967,472,495,846,415,431,484,219,265,121,66,55,
3640,485,239,246,849,390,459,970,474,496,848,417,431,484,219,265,121,66,55,
3645,486,239,247,849,390,459,970,474,496,849,417,432,484,219,265,121,66,55,
3650,487,240,247,851,390,461,973,476,497,850,418,432,485,219,266,121,66,55,
3655,487,240,247,852,390,462,973,476,497,851,419,432,485,219,266,122,67,55,
3660,488,240,248,852,390,462,974,476,498,852,419,433,487,220,267,122,67,55,
3665,488,240,248,854,391,463,975,477,498,853,420,433,488,221,267,122,67,55,
3670,489,240,249,856,392,464,978,477,501,855,421,434,488,221,267,122,67,55,
3675,490,241,249,856,392,464,978,477,501,856,421,435,488,221,267,122,67,55,
3680,491,242,249,858,393,465,981,478,503,857,422,435,489,221,268,122,67,55,
3685,491,242,249,859,393,466,981,478,503,858,423,435,489,221,268,123,67,56,
3690,492,243,249,859,393,466,982,479,503,859,424,435,491,222,269,123,67,56,
3695,492,243,249,861,394,467,983,480,503,860,425,435,492,223,269,123,67,56,
3700,493,243,250,863,394,469,986,482,504,862,426,436,492,223,269,123,67,56,
3705,494,243,251,863,394,469,986,482,504,863,427,436,492,223,269,123,67,56,
3710,495,243,252,865,395,470,989,485,504,864,428,436,493,224,269,123,67,56,
3715,495,243,252,866,395,471,989,485,504,865,428,437,493,224,269,124,68,56,
3720,496,243,253,866,395,471,990,486,504,866,429,437,495,225,270,124,68,56,
3725,496,243,253,868,397,471,991,487,504,867,429,438,496,226,270,124,68,56,
3730,497,244,253,870,398,472,994,490,504,869,430,439,496,226,270,124,68,56,
3735,498,244,254,870,398,472,994,490,504,870,430,440,496,226,270,124,68,56,
3740,499,244,255,872,400,472,997,492,505,871,431,440,497,227,270,124,68,56,
3745,499,244,255,873,400,473,997,492,505,872,432,440,497,227,270,125,69,56,
3750,500,245,255,873,400,473,998,492,506,873,433,440,499,228,271,125,69,56,
3755,500,245,255,875,401,474,999,492,507,874,433,441,500,229,271,125,69,56,
3760,501,246,255,877,403,474,1002,493,509,876,435,441,500,229,271,125,69,56,
3765,502,247,255,877,403,474,1002,493,509,877,436,441,500,229,271,125,69,56,
3770,503,248,255,879,403,476,1005,495,510,878,436,442,501,229,272,125,69,56,
3775,503,248,255,880,404,476,1005,495,510,879,437,442,501,229,272,126,70,56,
3780,504,248,256,880,404,476,1006,495,511,880,437,443,503,229,274,126,70,56,
3785,504,248,256,882,406,476,1007,495,512,881,437,444,504,229,275,126,70,56,
3790,505,248,257,884,406,478,1010,498,512,883,438,445,504,229,275,126,70,56,
3795,506,249,257,884,406,478,1010,498,512,884,438,446,504,229,275,126,70,56,
3800,507,249,258,886,407,479,1013,499,514,885,439,446,505,230,275,126,70,56,
3805,507,249,258,887,407,480,1013,499,514,886,439,447,505,230,275,127,70,57,
3810,508,249,259,887,407,480,1014,499,515,887,439,448,507,230,277,127,70,57,
3815,508,249,259,889,408,481,1015,499,516,888,439,449,508,231,277,127,70,57,
3820,509,249,260,891,409,482,1018,500,518,890,440,450,508,231,277,127,70,57,
3825,510,249,261,891,409,482,1018,500,518,891,441,450,508,231,277,127,70,57,
3830,511,250,261,893,410,483,1021,502,519,892,442,450,509,232,277,127,70,57,
3835,511,250,261,894,411,483,1021,502,519,893,443,450,509,232,277,128,70,58,
3840,512,250,262,894,411,483,1022,503,519,894,444,450,511,233,278,128,70,58,
3845,512,250,262,896,412,484,1023,503,520,895,445,450,512,234,278,128,70,58,
3850,513,250,263,898,413,485,1026,504,522,897,445,452,512,234,278,128,70,58,
3855,514,251,263,898,413,485,1026,504,522,898,446,452,512,234,278,128,70,58,
3860,515,252,263,900,413,487,1029,505,524,899,446,453,513,235,278,128,70,58,
3865,515,252,263,901,414,487,1029,505,524,900,446,454,513,235,278,129,71,58,
3870,516,252,264,901,414,487,1030,505,525,901,447,454,515,236,279,129,71,58,
3875,516,252,264,903,416,487,1031,505,526,902,447,455,516,236,280,129,71,58,
3880,517,253,264,905,418,487,1034,508,526,904,448,456,516,236,280,129,71,58,
3885,518,254,264,905,418,487,1034,508,526,905,448,457,516,236,280,129,71,58,
3890,519,255,264,907,419,488,1037,509,528,906,448,458,517,236,281,129,71,58,
3895,519,255,264,908,419,489,1037,509,528,907,449,458,517,236,281,130,72,58,
3900,520,256,264,908,419,489,1038,510,528,908,449,459,519,237,282,130,72,58,
3905,520,256,264,910,421,489,1039,511,528,909,449,460,520,238,282,130,72,58,
3910,521,257,264,912,422,490,1042,513,529,911,449,462,520,238,282,130,72,58,
3915,522,258,264,912,422,490,1042,513,529,912,450,462,520,238,282,130,72,58,
3920,523,259,264,914,424,490,1045,513,532,913,450,463,521,238,283,130,72,58,
3925,523,259,264,915,425,490,1045,513,532,914,451,463,521,238,283,131,73,58,
3930,524,259,265,915,425,490,1046,513,533,915,452,463,523,239,284,131,73,58,
3935,524,259,265,917,426,491,1047,513,534,916,452,464,524,239,285,131,73,58,
3940,525,259,266,919,428,491,1050,514,536,918,452,466,524,239,285,131,73,58,
3945,526,260,266,919,428,491,1050,514,536,919,452,467,524,239,285,131,73,58,
3950,527,261,266,921,430,491,1053,515,538,920,453,467,525,239,286,131,73,58,
3955,527,261,266,922,431,491,1053,515,538,921,454,467,525,239,286,132,73,59,
3960,528,261,267,922,431,491,1054,516,538,922,455,467,527,240,287,132,73,59,
3965,528,261,267,924,431,493,1055,516,539,923,455,468,528,240,288,132,73,59,
3970,529,261,268,926,431,495,1058,518,540,925,456,469,528,240,288,132,73,59,
3975,530,261,269,926,431,495,1058,518,540,926,457,469,528,240,288,132,73,59,
3980,531,261,270,928,432,496,1061,519,542,927,457,470,529,240,289,132,73,59,
3985,531,261,270,929,433,496,1061,519,542,928,458,470,529,240,289,133,73,60,
3990,532,261,271,929,433,496,1062,520,542,929,459,470,531,242,289,133,73,60,
3995,532,261,271,931,434,497,1063,520,543,930,459,471,532,243,289,133,73,60,
4000,533,262,271,933,435,498,1066,521,545,932,461,471,532,243,289,133,73,60,
4005,534,263,271,933,435,498,1066,521,545,933,461,472,532,243,289,133,73,60,
4010,535,264,271,935,435,500,1069,524,545,934,461,473,533,244,289,133,73,60,
4015,535,264,271,936,435,501,1069,524,545,935,462,473,533,244,289,134,74,60,
4020,536,264,272,936,435,501,1070,524,546,936,462,474,535,245,290,134,74,60,
4025,536,264,272,938,436,502,1071,524,547,937,463,474,536,245,291,134,74,60,
4030,537,264,273,940,437,503,1074,524,550,939,465,474,536,245,291,134,74,60,
4035,538,264,274,940,437,503,1074,524,550,940,465,475,536,245,291,134,74,60,
4040,539,264,275,942,438,504,1077,525,552,941,466,475,537,245,292,134,74,60,
4045,539,264,275,943,439,504,1077,525,552,942,467,475,537,245,292,135,75,60,
4050,540,265,275,943,439,504,1078,525,553,943,468,475,539,245,294,135,75,60,
4055,540,265,275,945,440,505,1079,526,553,944,468,476,540,246,294,135,75,60,
4060,541,265,276,947,441,506,1082,528,554,946,470,476,540,246,294,135,75,60,
4065,542,266,276,947,441,506,1082,528,554,947,470,477,540,246,294,135,75,60,
4070,543,266,277,949,443,506,1085,529,556,948,471,477,541,247,294,135,75,60,
4075,543,266,277,950,443,507,1085,529,556,949,472,477,541,247,294,136,75,61,
4080,544,266,278,950,443,507,1086,530,556,950,473,477,543,248,295,136,75,61,
4085,544,266,278,952,444,508,1087,530,557,951,473,478,544,249,295,136,75,61,
4090,545,266,279,954,446,508,1090,530,560,953,473,480,544,249,295,136,75,61,
4095,546,267,279,954,446,508,1090,530,560,954,473,481,544,249,295,136,75,61,
4100,547,267,280,956,448,508,1093,531,562,955,473,482,545,249,296,136,75,61,
4105,547,267,280,957,449,508,1093,531,562,956,474,482,545,249,296,137,75,62,
4110,548,267,281,957,449,508,1094,531,563,957,475,482,547,250,297,137,75,62,
4115,548,267,281,959,450,509,1095,531,564,958,476,482,548,251,297,137,75,62,
4120,549,268,281,961,451,510,1098,533,565,960,477,483,548,251,297,137,75,62,
4125,550,268,282,961,451,510,1098,533,565,961,478,483,548,251,297,137,75,62,
4130,551,269,282,963,451,512,1101,534,567,962,479,483,549,251,298,137,75,62,
4135,551,269,282,964,452,512,1101,534,567,963,479,484,549,251,298,138,76,62,
4140,552,269,283,964,452,512,1102,534,568,964,479,485,551,252,299,138,76,62,
4145,552,269,283,966,454,512,1103,535,568,965,480,485,552,253,299,138,76,62,
4150,553,269,284,968,455,513,1106,537,569,967,480,487,552,253,299,138,76,62,
4155,554,269,285,968,455,513,1106,537,569,968,481,487,552,253,299,138,76,62,
4160,555,269,286,970,457,513,1109,537,572,969,481,488,553,253,300,138,76,62,
4165,555,269,286,971,457,514,1109,537,572,970,482,488,553,253,300,139,76,63,
4170,556,270,286,971,457,514,1110,538,572,971,483,488,555,254,301,139,76,63,
4175,556,270,286,973,458,515,1111,539,572,972,484,488,556,255,301,139,76,63,
4180,557,271,286,975,459,516,1114,541,573,974,484,490,556,255,301,139,76,63,
4185,558,271,287,975,459,516,1114,541,573,975,485,490,556,255,301,139,76,63,
4190,559,271,288,977,461,516,1117,543,574,976,486,490,557,255,302,139,76,63,
4195,559,271,288,978,462,516,1117,543,574,977,487,490,557,255,302,140,77,63,
4200,560,271,289,978,462,516,1118,544,574,978,488,490,559,257,302,140,77,63,
4205,560,271,289,980,463,517,1119,544,575,979,488,491,560,257,303,140,77,63,
4210,561,271,290,982,465,517,1122,546,576,981,489,492,560,257,303,140,77,63,
4215,562,271,291,982,465,517,1122,546,576,982,489,493,560,257,303,140,77,63,
4220,563,271,292,984,467,517,1125,548,577,983,489,494,561,258,303,140,77,63,
4225,563,271,292,985,467,518,1125,548,577,984,490,494,561,258,303,141,77,64,
4230,564,271,293,985,467,518,1126,549,577,985,491,494,563,258,305,141,77,64,
4235,564,271,293,987,468,519,1127,549,578,986,491,495,564,259,305,141,77,64,
4240,565,272,293,989,470,519,1130,550,580,988,493,495,564,259,305,141,77,64,
4245,566,273,293,989,470,519,1130,550,580,989,494,495,564,259,305,141,77,64,
4250,567,273,294,991,471,520,1133,551,582,990,494,496,565,259,306,141,77,64,
4255,567,273,294,992,471,521,1133,551,582,991,495,496,565,259,306,142,77,65,
4260,568,273,295,992,471,521,1134,551,583,992,495,497,567,261,306,142,77,65,
4265,568,273,295,994,472,522,1135,552,583,993,495,498,568,261,307,142,77,65,
4270,569,273,296,996,473,523,1138,555,583,995,497,498,568,261,307,142,77,65,
4275,570,273,297,996,473,523,1138,555,583,996,498,498,568,261,307,142,77,65,
4280,571,274,297,998,473,525,1141,557,584,997,499,498,569,262,307,142,77,65,
4285,571,274,297,999,474,525,1141,557,584,998,499,499,569,262,307,143,77,66,
4290,572,274,298,999,474,525,1142,558,584,999,499,500,571,262,309,143,77,66,
4295,572,274,298,1001,475,526,1143,558,585,1000,499,501,572,262,310,143,77,66,
4300,573,274,299,1003,477,526,1146,559,587,1002,499,503,572,262,310,143,77,66,
4305,574,274,300,1003,477,526,1146,559,587,1003,500,503,572,262,310,143,77,66,
4310,575,275,300,1005,477,528,1149,562,587,1004,500,504,573,263,310,143,77,66,
4315,575,275,300,1006,478,528,1149,562,587,1005,501,504,573,263,310,144,78,66,
4320,576,276,300,1006,478,528,1150,563,587,1006,501,505,575,264,311,144,78,66,
4325,576,276,300,1008,479,529,1151,563,588,1007,501,506,576,265,311,144,78,66,
4330,577,277,300,1010,479,531,1154,565,589,1009,502,507,576,265,311,144,78,66,
4335,578,277,301,1010,479,531,1154,565,589,1010,502,508,576,265,311,144,78,66,
4340,579,278,301,1012,481,531,1157,565,592,1011,503,508,577,265,312,144,78,66,
4345,579,278,301,1013,481,532,1157,565,592,1012,503,509,577,265,312,145,78,67,
4350,580,278,302,1013,481,532,1158,566,592,1013,504,509,579,266,313,145,78,67,
4355,580,278,302,1015,483,532,1159,567,592,1014,505,509,580,267,313,145,78,67,
4360,581,278,303,1017,484,533,1162,569,593,1016,505,511,580,267,313,145,78,67,
4365,582,278,304,1017,484,533,1162,569,593,1017,506,511,580,267,313,145,78,67,
4370,583,278,305,1019,486,533,1165,572,593,1018,507,511,581,267,314,145,78,67,
4375,583,278,305,1020,487,533,1165,572,593,1019,507,512,581,267,314,146,78,68,
4380,584,279,305,1020,487,533,1166,572,594,1020,507,513,583,268,315,146,78,68,
4385,584,279,305,1022,489,533,1167,573,594,1021,508,513,584,268,316,146,78,68,
4390,585,279,306,1024,489,535,1170,574,596,1023,510,513,584,268,316,146,78,68,
4395,586,280,306,1024,489,535,1170,574,596,1024,510,514,584,268,316,146,78,68,
4400,587,281,306,1026,490,536,1173,575,598,1025,510,515,585,269,316,146,78,68,
4405,587,281,306,1027,491,536,1173,575,598,1026,510,516,585,269,316,147,78,69,
4410,588,282,306,1027,491,536,1174,575,599,1027,511,516,587,270,317,147,78,69,
4415,588,282,306,1029,492,537,1175,576,599,1028,512,516,588,271,317,147,78,69,
4420,589,283,306,1031,493,538,1178,577,601,1030,514,516,588,271,317,147,78,69,
4425,590,283,307,1031,493,538,1178,577,601,1031,515,516,588,271,317,147,78,69,
4430,591,283,308,1033,495,538,1181,578,603,1032,516,516,589,272,317,147,78,69,
4435,591,283,308,1034,495,539,1181,578,603,1033,517,516,589,272,317,148,78,70,
4440,592,284,308,1034,495,539,1182,578,604,1034,518,516,591,272,319,148,78,70,
4445,592,284,308,1036,496,540,1183,578,605,1035,518,517,592,273,319,148,78,70,
4450,593,284,309,1038,497,541,1186,579,607,1037,519,518,592,273,319,148,78,70,
4455,594,284,310,1038,497,541,1186,579,607,1038,520,518,592,273,319,148,78,70,
4460,595,285,310,1040,498,542,1189,581,608,1039,520,519,593,273,320,148,78,70,
4465,595,285,310,1041,498,543,1189,581,608,1040,521,519,593,273,320,149,78,71,
4470,596,286,310,1041,498,543,1190,581,609,1041,522,519,595,273,322,149,78,71,
4475,596,286,310,1043,499,544,1191,581,610,1042,522,520,596,273,323,149,78,71,
4480,597,287,310,1045,500,545,1194,582,612,1044,523,521,596,273,323,149,78,71,
4485,598,287,311,1045,500,545,1194,582,612,1045,524,521,596,273,323,149,78,71,
4490,599,287,312,1047,501,546,1197,584,613,1046,525,521,597,274,323,149,78,71,
4495,599,287,312,1048,501,547,1197,584,613,1047,525,522,597,274,323,150,78,72,
4500,600,288,312,1048,501,547,1198,585,613,1048,526,522,599,276,323,150,78,72,
4505,600,288,312,1050,502,548,1199,585,614,1049,527,522,600,276,324,150,78,72,
4510,601,288,313,1052,503,549,1202,586,616,1051,529,522,600,276,324,150,78,72,
4515,602,288,314,1052,503,549,1202,586,616,1052,530,522,600,276,324,150,78,72,
4520,603,289,314,1054,503,551,1205,587,618,1053,530,523,601,276,325,150,78,72,
4525,603,289,314,1055,503,552,1205,587,618,1054,530,524,601,276,325,151,79,72,
4530,604,290,314,1055,503,552,1206,587,619,1055,530,525,603,277,326,151,79,72,
4535,604,290,314,1057,504,553,1207,588,619,1056,530,526,604,277,327,151,79,72,
4540,605,291,314,1059,505,554,1210,590,620,1058,530,528,604,277,327,151,79,72,
4545,606,292,314,1059,505,554,1210,590,620,1059,531,528,604,277,327,151,79,72,
4550,607,292,315,1061,506,555,1213,592,621,1060,532,528,605,277,328,151,79,72,
4555,607,292,315,1062,507,555,1213,592,621,1061,532,529,605,277,328,152,80,72,
4560,608,292,316,1062,507,555,1214,592,622,1062,532,530,607,277,330,152,80,72,
4565,608,292,316,1064,508,556,1215,593,622,1063,532,531,608,278,330,152,80,72,
4570,609,293,316,1066,509,557,1218,595,623,1065,533,532,608,278,330,152,80,72,
4575,610,294,316,1066,509,557,1218,595,623,1066,533,533,608,278,330,152,80,72,
4580,611,295,316,1068,511,557,1221,597,624,1067,534,533,609,278,331,152,80,72,
4585,611,295,316,1069,512,557,1221,597,624,1068,534,534,609,278,331,153,80,73,
4590,612,295,317,1069,512,557,1222,597,625,1069,534,535,611,279,332,153,80,73,
4595,612,295,317,1071,514,557,1223,598,625,1070,534,536,612,280,332,153,80,73,
4600,613,296,317,1073,515,558,1226,599,627,1072,535,537,612,280,332,153,80,73,
4605,614,297,317,1073,515,558,1226,599,627,1073,536,537,612,280,332,153,80,73,
4610,615,297,318,1075,516,559,1229,600,629,1074,536,538,613,280,333,153,80,73,
4615,615,297,318,1076,516,560,1229,600,629,1075,536,539,613,280,333,154,81,73,
4620,616,298,318,1076,516,560,1230,600,630,1076,537,539,615,280,335,154,81,73,
4625,616,298,318,1078,518,560,1231,600,631,1077,537,540,616,280,336,154,81,73,
4630,617,299,318,1080,519,561,1234,603,631,1079,538,541,616,280,336,154,81,73,
4635,618,300,318,1080,519,561,1234,603,631,1080,538,542,616,280,336,154,81,73,
4640,619,300,319,1082,520,562,1237,605,632,1081,538,543,617,281,336,154,81,73,
4645,619,300,319,1083,521,562,1237,605,632,1082,538,544,617,281,336,155,81,74,
4650,620,300,320,1083,521,562,1238,606,632,1083,538,545,619,282,337,155,81,74,
4655,620,300,320,1085,522,563,1239,606,633,1084,538,546,620,282,338,155,81,74,
4660,621,300,321,1087,524,563,1242,608,634,1086,539,547,620,282,338,155,81,74,
4665,622,301,321,1087,524,563,1242,608,634,1087,540,547,620,282,338,155,81,74,
4670,623,302,321,1089,524,565,1245,609,636,1088,540,548,621,283,338,155,81,74,
4675,623,302,321,1090,524,566,1245,609,636,1089,540,549,621,283,338,156,81,75,
4680,624,303,321,1090,524,566,1246,609,637,1090,540,550,623,285,338,156,81,75,
4685,624,303,321,1092,524,568,1247,610,637,1091,541,550,624,286,338,156,81,75,
4690,625,304,321,1094,526,568,1250,612,638,1093,541,552,624,286,338,156,81,75,
4695,626,304,322,1094,526,568,1250,612,638,1094,541,553,624,286,338,156,81,75,
4700,627,304,323,1096,528,568,1253,615,638,1095,541,554,625,286,339,156,81,75,
4705,627,304,323,1097,528,569,1253,615,638,1096,542,554,625,286,339,157,81,76,
4710,628,304,324,1097,528,569,1254,615,639,1097,542,555,627,287,340,157,81,76,
4715,628,304,324,1099,529,570,1255,616,639,1098,543,555,628,287,341,157,81,76,
4720,629,304,325,1101,529,572,1258,617,641,1100,544,556,628,287,341,157,81,76,
4725,630,304,326,1101,529,572,1258,617,641,1101,544,557,628,287,341,157,81,76,
4730,631,304,327,1103,529,574,1261,618,643,1102,545,557,629,287,342,157,81,76,
4735,631,304,327,1104,530,574,1261,618,643,1103,546,557,629,287,342,158,82,76,
4740,632,305,327,1104,530,574,1262,619,643,1104,546,558,631,289,342,158,82,76,
4745,632,305,327,1106,530,576,1263,620,643,1105,546,559,632,289,343,158,82,76,
4750,633,306,327,1108,531,577,1266,622,644,1107,547,560,632,289,343,158,82,76,
4755,634,306,328,1108,531,577,1266,622,644,1108,547,561,632,289,343,158,82,76,
4760,635,307,328,1110,532,578,1269,624,645,1109,548,561,633,289,344,158,82,76,
4765,635,307,328,1111,532,579,1269,624,645,1110,549,561,633,289,344,159,83,76,
4770,636,308,328,1111,532,579,1270,624,646,1111,550,561,635,290,345,159,83,76,
4775,636,308,328,1113,533,580,1271,624,647,1112,550,562,636,291,345,159,83,76,
4780,637,309,328,1115,535,580,1274,627,647,1114,550,564,636,291,345,159,83,76,
4785,638,310,328,1115,535,580,1274,627,647,1115,551,564,636,291,345,159,83,76,
4790,639,311,328,1117,537,580,1277,628,649,1116,551,565,637,292,345,159,83,76,
4795,639,311,328,1118,537,581,1277,628,649,1117,551,566,637,292,345,160,83,77,
4800,640,311,329,1118,537,581,1278,628,650,1118,551,567,639,293,346,160,83,77,
4805,640,311,329,1120,538,582,1279,628,651,1119,551,568,640,293,347,160,83,77,
4810,641,311,330,1122,540,582,1282,629,653,1121,552,569,640,293,347,160,83,77,
4815,642,311,331,1122,540,582,1282,629,653,1122,553,569,640,293,347,160,83,77,
4820,643,311,332,1124,542,582,1285,629,656,1123,553,570,641,294,347,160,83,77,
4825,643,311,332,1125,542,583,1285,629,656,1124,553,571,641,294,347,161,83,78,
4830,644,311,333,1125,542,583,1286,629,657,1125,554,571,643,296,347,161,83,78,
4835,644,311,333,1127,543,584,1287,630,657,1126,555,571,644,296,348,161,83,78,
4840,645,311,334,1129,544,585,1290,632,658,1128,557,571,644,296,348,161,83,78,
4845,646,312,334,1129,544,585,1290,632,658,1129,558,571,644,296,348,161,83,78,
4850,647,313,334,1131,545,586,1293,632,661,1130,559,571,645,297,348,161,83,78,
4855,647,313,334,1132,546,586,1293,632,661,1131,560,571,645,297,348,162,84,78,
4860,648,314,334,1132,546,586,1294,632,662,1132,561,571,647,298,349,162,84,78,
4865,648,314,334,1134,548,586,1295,632,663,1133,562,571,648,299,349,162,84,78,
4870,649,315,334,1136,548,588,1298,634,664,1135,562,573,648,299,349,162,84,78,
4875,650,316,334,1136,548,588,1298,634,664,1136,562,574,648,299,349,162,84,78,
4880,651,316,335,1138,550,588,1301,636,665,1137,562,575,649,300,349,162,84,78,
4885,651,316,335,1139,551,588,1301,636,665,1138,562,576,649,300,349,163,84,79,
4890,652,316,336,1139,551,588,1302,636,666,1139,562,577,651,301,350,163,84,79,
4895,652,316,336,1141,552,589,1303,637,666,1140,562,578,652,301,351,163,84,79,
4900,653,317,336,1143,554,589,1306,639,667,1142,564,578,652,301,351,163,84,79,
4905,654,317,337,1143,554,589,1306,639,667,1143,564,579,652,301,351,163,84,79,
4910,655,318,337,1145,554,591,1309,641,668,1144,564,580,653,302,351,163,84,79,
4915,655,318,337,1146,554,592,1309,641,668,1145,565,580,653,302,351,164,85,79,
4920,656,319,337,1146,554,592,1310,641,669,1146,566,580,655,303,352,164,85,79,
4925,656,319,337,1148,554,594,1311,641,670,1147,567,580,656,303,353,164,85,79,
4930,657,319,338,1150,555,595,1314,642,672,1149,569,580,656,303,353,164,85,79,
4935,658,319,339,1150,555,595,1314,642,672,1150,569,581,656,303,353,164,85,79,
4940,659,319,340,1152,556,596,1317,643,674,1151,570,581,657,303,354,164,85,79,
4945,659,319,340,1153,556,597,1317,643,674,1152,571,581,657,303,354,165,86,79,
4950,660,320,340,1153,556,597,1318,644,674,1153,571,582,659,304,355,165,86,79,
4955,660,320,340,1155,557,598,1319,644,675,1154,571,583,660,305,355,165,86,79,
4960,661,320,341,1157,559,598,1322,646,676,1156,572,584,660,305,355,165,86,79,
4965,662,321,341,1157,559,598,1322,646,676,1157,572,585,660,305,355,165,86,79,
4970,663,321,342,1159,560,599,1325,646,679,1158,573,585,661,306,355,165,86,79,
4975,663,321,342,1160,560,600,1325,646,679,1159,574,585,661,306,355,166,87,79,
4980,664,321,343,1160,560,600,1326,647,679,1160,574,586,663,308,355,166,87,79,
4985,664,321,343,1162,561,601,1327,647,680,1161,575,586,664,309,355,166,87,79,
4990,665,322,343,1164,561,603,1330,649,681,1163,577,586,664,309,355,166,87,79,
4995,666,322,344,1164,561,603,1330,649,681,1164,578,586,664,309,355,166,87,79,
5000,667,322,345,1166,561,605,1333,652,681,1165,578,587,665,309,356,166,87,79,
5005,667,322,345,1167,562,605,1333,652,681,1166,579,587,665,309,356,167,88,79,
5010,668,323,345,1167,562,605,1334,652,682,1167,579,588,667,310,357,167,88,79,
5015,668,323,345,1169,564,605,1335,653,682,1168,580,588,668,311,357,167,88,79,
5020,669,324,345,1171,565,606,1338,654,684,1170,582,588,668,311,357,167,88,79,
5025,670,324,346,1171,565,606,1338,654,684,1171,583,588,668,311,357,167,88,79,
5030,671,324,347,1173,565,608,1341,655,686,1172,584,588,669,312,357,167,88,79,
5035,671,324,347,1174,566,608,1341,655,686,1173,585,588,669,312,357,168,88,80,
5040,672,325,347,1174,566,608,1342,655,687,1174,586,588,671,314,357,168,88,80,
5045,672,325,347,1176,567,609,1343,655,688,1175,586,589,672,314,358,168,88,80,
5050,673,325,348,1178,568,610,1346,658,688,1177,586,591,672,314,358,168,88,80,
5055,674,325,349,1178,568,610,1346,658,688,1178,587,591,672,314,358,168,88,80,
5060,675,325,350,1180,570,610,1349,658,691,1179,587,592,673,315,358,168,88,80,
5065,675,325,350,1181,570,611,1349,658,691,1180,588,592,673,315,358,169,88,81,
5070,676,325,351,1181,570,611,1350,658,692,1181,589,592,675,315,360,169,88,81,
5075,676,325,351,1183,572,611,1351,658,693,1182,590,592,676,316,360,169,88,81,
5080,677,325,352,1185,573,612,1354,659,695,1184,590,594,676,316,360,169,88,81,
5085,678,326,352,1185,573,612,1354,659,695,1185,591,594,676,316,360,169,88,81,
5090,679,326,353,1187,574,613,1357,661,696,1186,592,594,677,317,360,169,88,81,
5095,679,326,353,1188,575,613,1357,661,696,1187,592,595,677,317,360,170,88,82,
5100,680,327,353,1188,575,613,1358,662,696,1188,593,595,679,317,362,170,88,82,
5105,680,327,353,1190,576,614,1359,663,696,1189,594,595,680,318,362,170,88,82,
5110,681,327,354,1192,578,614,1362,665,697,1191,594,597,680,318,362,170,88,82,
5115,682,328,354,1192,578,614,1362,665,697,1192,595,597,680,318,362,170,88,82,
5120,683,328,355,1194,578,616,1365,666,699,1193,595,598,681,318,363,170,88,82,
5125,683,328,355,1195,578,617,1365,666,699,1194,596,598,681,318,363,171,89,82,
5130,684,329,355,1195,578,617,1366,666,700,1195,597,598,683,319,364,171,89,82,
5135,684,329,355,1197,580,617,1367,666,701,1196,598,598,684,319,365,171,89,82,
5140,685,330,355,1199,581,618,1370,666,704,1198,599,599,684,319,365,171,89,82,
5145,686,331,355,1199,581,618,1370,666,704,1199,599,600,684,319,365,171,89,82,
5150,687,332,355,1201,582,619,1373,667,706,1200,599,601,685,320,365,171,89,82,
5155,687,332,355,1202,583,619,1373,667,706,1201,599,602,685,320,365,172,89,83,
5160,688,333,355,1202,583,619,1374,668,706,1202,599,603,687,322,365,172,89,83,
5165,688,333,355,1204,585,619,1375,668,707,1203,600,603,688,322,366,172,89,83,
5170,689,334,355,1206,585,621,1378,670,708,1205,602,603,688,322,366,172,89,83,
5175,690,334,356,1206,585,621,1378,670,708,1206,603,603,688,322,366,172,89,83,
5180,691,335,356,1208,585,623,1381,672,709,1207,603,604,689,322,367,172,89,83,
5185,691,335,356,1209,585,624,1381,672,709,1208,603,605,689,322,367,173,90,83,
5190,692,335,357,1209,585,624,1382,672,710,1209,603,606,691,324,367,173,90,83,
5195,692,335,357,1211,585,626,1383,673,710,1210,603,607,692,325,367,173,90,83,
5200,693,336,357,1213,586,627,1386,674,712,1212,603,609,692,325,367,173,90,83,
5205,694,336,358,1213,586,627,1386,674,712,1213,603,610,692,325,367,173,90,83,
5210,695,337,358,1215,587,628,1389,674,715,1214,603,611,693,325,368,173,90,83,
5215,695,337,358,1216,588,628,1389,674,715,1215,604,611,693,325,368,174,90,84,
5220,696,337,359,1216,588,628,1390,674,716,1216,604,612,695,326,369,174,90,84,
5225,696,337,359,1218,589,629,1391,674,717,1217,605,612,696,326,370,174,90,84,
5230,697,338,359,1220,589,631,1394,676,718,1219,606,613,696,326,370,174,90,84,
5235,698,338,360,1220,589,631,1394,676,718,1220,607,613,696,326,370,174,90,84,
5240,699,339,360,1222,589,633,1397,676,721,1221,608,613,697,327,370,174,90,84,
5245,699,339,360,1223,589,634,1397,676,721,1222,608,614,697,327,370,175,90,85,
5250,700,340,360,1223,589,634,1398,677,721,1223,609,614,699,328,371,175,90,85,
5255,700,340,360,1225,590,635,1399,678,721,1224,610,614,700,328,372,175,90,85,
5260,701,341,360,1227,591,636,1402,680,722,1226,610,616,700,328,372,175,90,85,
5265,702,341,361,1227,591,636,1402,680,722,1227,610,617,700,328,372,175,90,85,
5270,703,341,362,1229,592,637,1405,682,723,1228,611,617,701,328,373,175,90,85,
5275,703,341,362,1230,593,637,1405,682,723,1229,612,617,701,328,373,176,91,85,
5280,704,342,362,1230,593,637,1406,683,723,1230,612,618,703,329,374,176,91,85,
5285,704,342,362,1232,593,639,1407,683,724,1231,612,619,704,329,375,176,91,85,
5290,705,343,362,1234,594,640,1410,685,725,1233,612,621,704,329,375,176,91,85,
5295,706,343,363,1234,594,640,1410,685,725,1234,612,622,704,329,375,176,91,85,
5300,707,344,363,1236,596,640,1413,685,728,1235,612,623,705,329,376,176,91,85,
5305,707,344,363,1237,596,641,1413,685,728,1236,612,624,705,329,376,177,91,86,
5310,708,344,364,1237,596,641,1414,685,729,1237,613,624,707,331,376,177,91,86,
5315,708,344,364,1239,597,642,1415,686,729,1238,613,625,708,332,376,177,91,86,
5320,709,345,364,1241,597,644,1418,688,730,1240,614,626,708,332,376,177,91,86,
5325,710,345,365,1241,597,644,1418,688,730,1241,615,626,708,332,376,177,91,86,
5330,711,345,366,1243,598,645,1421,690,731,1242,615,627,709,333,376,177,91,86,
5335,711,345,366,1244,599,645,1421,690,731,1243,615,628,709,333,376,178,91,87,
5340,712,345,367,1244,599,645,1422,691,731,1244,616,628,711,333,378,178,91,87,
5345,712,345,367,1246,599,647,1423,692,731,1245,616,629,712,333,379,178,91,87,
5350,713,345,368,1248,601,647,1426,693,733,1247,617,630,712,333,379,178,91,87,
5355,714,345,369,1248,601,647,1426,693,733,1248,618,630,712,333,379,178,91,87,
5360,715,345,370,1250,601,649,1429,695,734,1249,618,631,713,333,380,178,91,87,
5365,715,345,370,1251,602,649,1429,695,734,1250,619,631,713,333,380,179,92,87,
5370,716,346,370,1251,602,649,1430,696,734,1251,620,631,715,333,382,179,92,87,
5375,716,346,370,1253,603,650,1431,697,734,1252,620,632,716,333,383,179,92,87,
5380,717,346,371,1255,605,650,1434,697,737,1254,620,634,716,333,383,179,92,87,
5385,718,347,371,1255,605,650,1434,697,737,1255,621,634,716,333,383,179,92,87,
5390,719,348,371,1257,605,652,1437,698,739,1256,621,635,717,333,384,179,92,87,
5395,719,348,371,1258,606,652,1437,698,739,1257,622,635,717,333,384,180,92,88,
5400,720,349,371,1258,606,652,1438,698,740,1258,622,636,719,335,384,180,92,88,
5405,720,349,371,1260,607,653,1439,699,740,1259,623,636,720,336,384,180,92,88,
5410,721,350,371,1262,607,655,1442,700,742,1261,624,637,720,336,384,180,92,88,
5415,722,350,372,1262,607,655,1442,700,742,1262,624,638,720,336,384,180,92,88,
5420,723,351,372,1264,607,657,1445,701,744,1263,624,639,721,336,385,180,92,88,
5425,723,351,372,1265,608,657,1445,701,744,1264,625,639,721,336,385,181,93,88,
5430,724,352,372,1265,608,657,1446,701,745,1265,626,639,723,336,387,181,93,88,
5435,724,352,372,1267,608,659,1447,702,745,1266,626,640,724,336,388,181,93,88,
5440,725,352,373,1269,609,660,1450,704,746,1268,628,640,724,336,388,181,93,88,
5445,726,353,373,1269,609,660,1450,704,746,1269,628,641,724,336,388,181,93,88,
5450,727,353,374,1271,611,660,1453,707,746,1270,628,642,725,337,388,181,93,88,
5455,727,353,374,1272,612,660,1453,707,746,1271,628,643,725,337,388,182,94,88,
5460,728,353,375,1272,612,660,1454,708,746,1272,629,643,727,337,390,182,94,88,
5465,728,353,375,1274,612,662,1455,708,747,1273,629,644,728,338,390,182,94,88,
5470,729,353,376,1276,613,663,1458,709,749,1275,629,646,728,338,390,182,94,88,
5475,730,353,377,1276,613,663,1458,709,749,1276,630,646,728,338,390,182,94,88,
5480,731,353,378,1278,613,665,1461,711,750,1277,631,646,729,339,390,182,94,88,
5485,731,353,378,1279,613,666,1461,711,750,1278,631,647,729,339,390,183,95,88,
5490,732,354,378,1279,613,666,1462,711,751,1279,631,648,731,341,390,183,95,88,
5495,732,354,378,1281,614,667,1463,712,751,1280,631,649,732,341,391,183,95,88,
5500,733,355,378,1283,615,668,1466,713,753,1282,632,650,732,341,391,183,95,88,
5505,734,355,379,1283,615,668,1466,713,753,1283,632,651,732,341,391,183,95,88,
5510,735,355,380,1285,617,668,1469,715,754,1284,633,651,733,341,392,183,95,88,
5515,735,355,380,1286,617,669,1469,715,754,1285,633,652,733,341,392,184,95,89,
5520,736,355,381,1286,617,669,1470,715,755,1286,634,652,735,341,394,184,95,89,
5525,736,355,381,1288,617,671,1471,716,755,1287,634,653,736,342,394,184,95,89,
5530,737,356,381,1290,617,673,1474,717,757,1289,635,654,736,342,394,184,95,89,
5535,738,357,381,1290,617,673,1474,717,757,1290,636,654,736,342,394,184,95,89,
5540,739,357,382,1292,619,673,1477,717,760,1291,637,654,737,343,394,184,95,89,
5545,739,357,382,1293,619,674,1477,717,760,1292,637,655,737,343,394,185,95,90,
5550,740,358,382,1293,619,674,1478,717,761,1293,638,655,739,343,396,185,95,90,
5555,740,358,382,1295,620,675,1479,718,761,1294,639,655,740,344,396,185,95,90,
5560,741,358,383,1297,622,675,1482,718,764,1296,640,656,740,344,396,185,95,90,
5565,742,358,384,1297,622,675,1482,718,764,1297,641,656,740,344,396,185,95,90,
5570,743,358,385,1299,623,676,1485,719,766,1298,641,657,741,345,396,185,95,90,
5575,743,358,385,1300,623,677,1485,719,766,1299,641,658,741,345,396,186,96,90,
5580,744,358,386,1300,623,677,1486,720,766,1300,641,659,743,345,398,186,96,90,
5585,744,358,386,1302,624,678,1487,720,767,1301,642,659,744,346,398,186,96,90,
5590,745,359,386,1304,626,678,1490,722,768,1303,643,660,744,346,398,186,96,90,
5595,746,359,387,1304,626,678,1490,722,768,1304,643,661,744,346,398,186,96,90,
5600,747,359,388,1306,627,679,1493,724,769,1305,643,662,745,347,398,186,96,90,
5605,747,359,388,1307,628,679,1493,724,769,1306,644,662,745,347,398,187,97,90,
5610,748,359,389,1307,628,679,1494,725,769,1307,644,663,747,348,399,187,97,90,
5615,748,359,389,1309,629,680,1495,725,770,1308,644,664,748,348,400,187,97,90,
5620,749,360,389,1311,630,681,1498,728,770,1310,645,665,748,348,400,187,97,90,
5625,750,360,390,1311,630,681,1498,728,770,1311,645,666,748,348,400,187,97,90,
5630,751,361,390,1313,632,681,1501,729,772,1312,645,667,749,348,401,187,97,90,
5635,751,361,390,1314,633,681,1501,729,772,1313,645,668,749,348,401,188,98,90,
5640,752,361,391,1314,633,681,1502,730,772,1314,645,669,751,349,402,188,98,90,
5645,752,361,391,1316,635,681,1503,730,773,1315,646,669,752,350,402,188,98,90,
5650,753,362,391,1318,636,682,1506,731,775,1317,646,671,752,350,402,188,98,90,
5655,754,363,391,1318,636,682,1506,731,775,1318,646,672,752,350,402,188,98,90,
5660,755,364,391,1320,637,683,1509,733,776,1319,646,673,753,351,402,188,98,90,
5665,755,364,391,1321,638,683,1509,733,776,1320,646,674,753,351,402,189,99,90,
5670,756,364,392,1321,638,683,1510,734,776,1321,647,674,755,351,404,189,99,90,
5675,756,364,392,1323,638,685,1511,735,776,1322,648,674,756,352,404,189,99,90,
5680,757,364,393,1325,640,685,1514,735,779,1324,650,674,756,352,404,189,99,90,
5685,758,365,393,1325,640,685,1514,735,779,1325,651,674,756,352,404,189,99,90,
5690,759,366,393,1327,642,685,1517,738,779,1326,652,674,757,353,404,189,99,90,
5695,759,366,393,1328,642,686,1517,738,779,1327,652,675,757,353,404,190,100,90,
5700,760,366,394,1328,642,686,1518,739,779,1328,653,675,759,354,405,190,100,90,
5705,760,366,394,1330,643,687,1519,740,779,1329,654,675,760,354,406,190,100,90,
5710,761,366,395,1332,644,688,1522,740,782,1331,656,675,760,354,406,190,100,90,
5715,762,366,396,1332,644,688,1522,740,782,1332,656,676,760,354,406,190,100,90,
5720,763,367,396,1334,645,689,1525,740,785,1333,657,676,761,355,406,190,100,90,
5725,763,367,396,1335,646,689,1525,740,785,1334,658,676,761,355,406,191,101,90,
5730,764,367,397,1335,646,689,1526,741,785,1335,658,677,763,357,406,191,101,90,
5735,764,367,397,1337,646,691,1527,741,786,1336,658,678,764,357,407,191,101,90,
5740,765,367,398,1339,647,692,1530,744,786,1338,658,680,764,357,407,191,101,90,
5745,766,367,399,1339,647,692,1530,744,786,1339,658,681,764,357,407,191,101,90,
5750,767,368,399,1341,649,692,1533,744,789,1340,659,681,765,358,407,191,101,90,
5755,767,368,399,1342,649,693,1533,744,789,1341,659,682,765,358,407,192,101,91,
5760,768,369,399,1342,649,693,1534,744,790,1342,660,682,767,359,408,192,101,91,
5765,768,369,399,1344,650,694,1535,744,791,1343,661,682,768,360,408,192,101,91,
5770,769,369,400,1346,650,696,1538,746,792,1345,662,683,768,360,408,192,101,91,
5775,770,370,400,1346,650,696,1538,746,792,1346,663,683,768,360,408,192,101,91,
5780,771,370,401,1348,652,696,1541,749,792,1347,664,683,769,361,408,192,101,91,
5785,771,370,401,1349,652,697,1541,749,792,1348,664,684,769,361,408,193,101,92,
5790,772,371,401,1349,652,697,1542,750,792,1349,665,684,771,362,409,193,101,92,
5795,772,371,401,1351,653,698,1543,750,793,1350,665,685,772,362,410,193,101,92,
5800,773,372,401,1353,655,698,1546,752,794,1352,667,685,772,362,410,193,101,92,
5805,774,372,402,1353,655,698,1546,752,794,1353,668,685,772,362,410,193,101,92,
5810,775,373,402,1355,657,698,1549,754,795,1354,669,685,773,362,411,193,101,92,
5815,775,373,402,1356,657,699,1549,754,795,1355,669,686,773,362,411,194,102,92,
5820,776,373,403,1356,657,699,1550,754,796,1356,669,687,775,363,412,194,102,92,
5825,776,373,403,1358,658,700,1551,754,797,1357,670,687,776,363,413,194,102,92,
5830,777,374,403,1360,660,700,1554,754,800,1359,672,687,776,363,413,194,102,92,
5835,778,374,404,1360,660,700,1554,754,800,1360,673,687,776,363,413,194,102,92,
5840,779,374,405,1362,661,701,1557,754,803,1361,673,688,777,364,413,194,102,92,
5845,779,374,405,1363,662,701,1557,754,803,1362,674,688,777,364,413,195,102,93,
5850,780,374,406,1363,662,701,1558,754,804,1363,675,688,779,365,414,195,102,93,
5855,780,374,406,1365,664,701,1559,754,805,1364,675,689,780,365,415,195,102,93,
5860,781,374,407,1367,666,701,1562,754,808,1366,676,690,780,365,415,195,102,93,
5865,782,375,407,1367,666,701,1562,754,808,1367,677,690,780,365,415,195,102,93,
5870,783,375,408,1369,668,701,1565,756,809,1368,678,690,781,365,416,195,102,93,
5875,783,375,408,1370,668,702,1565,756,809,1369,678,691,781,365,416,196,102,94,
5880,784,376,408,1370,668,702,1566,757,809,1370,678,692,783,365,418,196,102,94,
5885,784,376,408,1372,669,703,1567,757,810,1371,679,692,784,366,418,196,102,94,
5890,785,377,408,1374,670,704,1570,757,813,1373,681,692,784,366,418,196,102,94,
5895,786,377,409,1374,670,704,1570,757,813,1374,681,693,784,366,418,196,102,94,
5900,787,377,410,1376,670,706,1573,758,815,1375,681,694,785,367,418,196,102,94,
5905,787,377,410,1377,670,707,1573,758,815,1376,682,694,785,367,418,197,103,94,
5910,788,377,411,1377,670,707,1574,758,816,1377,682,695,787,367,420,197,103,94,
5915,788,377,411,1379,671,708,1575,758,817,1378,683,695,788,367,421,197,103,94,
5920,789,378,411,1381,671,710,1578,760,818,1380,685,695,788,367,421,197,103,94,
5925,790,379,411,1381,671,710,1578,760,818,1381,685,696,788,367,421,197,103,94,
5930,791,379,412,1383,672,711,1581,761,820,1382,686,696,789,367,422,197,103,94,
5935,791,379,412,1384,673,711,1581,761,820,1383,686,697,789,367,422,198,104,94,
5940,792,380,412,1384,673,711,1582,761,821,1384,686,698,791,368,423,198,104,94,
5945,792,380,412,1386,675,711,1583,762,821,1385,687,698,792,369,423,198,104,94,
5950,793,381,412,1388,676,712,1586,765,821,1387,689,698,792,369,423,198,104,94,
5955,794,382,412,1388,676,712,1586,765,821,1388,689,699,792,369,423,198,104,94,
5960,795,383,412,1390,676,714,1589,766,823,1389,690,699,793,369,424,198,104,94,
5965,795,383,412,1391,676,715,1589,766,823,1390,690,700,793,369,424,199,105,94,
5970,796,384,412,1391,676,715,1590,767,823,1391,691,700,795,370,425,199,105,94,
5975,796,384,412,1393,676,717,1591,768,823,1392,691,701,796,371,425,199,105,94,
5980,797,385,412,1395,676,719,1594,769,825,1394,693,701,796,371,425,199,105,94,
5985,798,386,412,1395,676,719,1594,769,825,1395,694,701,796,371,425,199,105,94,
5990,799,387,412,1397,676,721,1597,771,826,1396,694,702,797,371,426,199,105,94,
5995,799,387,412,1398,676,722,1597,771,826,1397,694,703,797,371,426,200,105,95,
6000,800,388,412,1398,676,722,1598,772,826,1398,695,703,799,372,427,200,105,95,
6005,800,388,412,1400,678,722,1599,773,826,1399,695,704,800,373,427,200,105,95,
6010,801,389,412,1402,678,724,1602,774,828,1401,696,705,800,373,427,200,105,95,
6015,802,390,412,1402,678,724,1602,774,828,1402,697,705,800,373,427,200,105,95,
6020,803,390,413,1404,678,726,1605,776,829,1403,698,705,801,374,427,200,105,95,
6025,803,390,413,1405,679,726,1605,776,829,1404,698,706,801,374,427,201,106,95,
6030,804,391,413,1405,679,726,1606,777,829,1405,699,706,803,375,428,201,106,95,
6035,804,391,413,1407,680,727,1607,778,829,1406,699,707,804,375,429,201,106,95,
6040,805,391,414,1409,680,729,1610,778,832,1408,699,709,804,375,429,201,106,95,
6045,806,392,414,1409,680,729,1610,778,832,1409,700,709,804,375,429,201,106,95,
6050,807,393,414,1411,681,730,1613,780,833,1410,701,709,805,376,429,201,106,95,
6055,807,393,414,1412,681,731,1613,780,833,1411,701,710,805,376,429,202,107,95,
6060,808,394,414,1412,681,731,1614,780,834,1412,701,711,807,376,431,202,107,95,
6065,808,394,414,1414,681,733,1615,781,834,1413,701,712,808,376,432,202,107,95,
6070,809,394,415,1416,682,734,1618,784,834,1415,703,712,808,376,432,202,107,95,
6075,810,394,416,1416,682,734,1618,784,834,1416,703,713,808,376,432,202,107,95,
6080,811,395,416,1418,683,735,1621,787,834,1417,703,714,809,376,433,202,107,95,
6085,811,395,416,1419,684,735,1621,787,834,1418,704,714,809,376,433,203,107,96,
6090,812,395,417,1419,684,735,1622,787,835,1419,704,715,811,376,435,203,107,96,
6095,812,395,417,1421,685,736,1623,787,836,1420,704,716,812,377,435,203,107,96,
6100,813,395,418,1423,687,736,1626,788,838,1422,705,717,812,377,435,203,107,96,
6105,814,396,418,1423,687,736,1626,788,838,1423,705,718,812,377,435,203,107,96,
6110,815,396,419,1425,689,736,1629,790,839,1424,706,718,813,378,435,203,107,96,
6115,815,396,419,1426,690,736,1629,790,839,1425,707,718,813,378,435,204,107,97,
6120,816,397,419,1426,690,736,1630,790,840,1426,707,719,815,380,435,204,107,97,
6125,816,397,419,1428,691,737,1631,790,841,1427,708,719,816,381,435,204,107,97,
6130,817,398,419,1430,691,739,1634,793,841,1429,710,719,816,381,435,204,107,97,
6135,818,398,420,1430,691,739,1634,793,841,1430,710,720,816,381,435,204,107,97,
6140,819,399,420,1432,691,741,1637,793,844,1431,711,720,817,382,435,204,107,97,
6145,819,399,420,1433,692,741,1637,793,844,1432,712,720,817,382,435,205,107,98,
6150,820,400,420,1433,692,741,1638,793,845,1433,712,721,819,382,437,205,107,98,
6155,820,400,420,1435,694,741,1639,793,846,1434,713,721,820,383,437,205,107,98,
6160,821,401,420,1437,695,742,1642,796,846,1436,715,721,820,383,437,205,107,98,
6165,822,402,420,1437,695,742,1642,796,846,1437,716,721,820,383,437,205,107,98,
6170,823,403,420,1439,695,744,1645,797,848,1438,717,721,821,383,438,205,107,98,
6175,823,403,420,1440,695,745,1645,797,848,1439,718,721,821,383,438,206,107,99,
6180,824,403,421,1440,695,745,1646,797,849,1440,719,721,823,385,438,206,107,99,
6185,824,403,421,1442,696,746,1647,798,849,1441,719,722,824,385,439,206,107,99,
6190,825,403,422,1444,697,747,1650,800,850,1443,720,723,824,385,439,206,107,99,
6195,826,404,422,1444,697,747,1650,800,850,1444,721,723,824,385,439,206,107,99,
6200,827,404,423,1446,698,748,1653,801,852,1445,722,723,825,385,440,206,107,99,
6205,827,404,423,1447,699,748,1653,801,852,1446,722,724,825,385,440,207,108,99,
6210,828,404,424,1447,699,748,1654,802,852,1447,722,725,827,385,442,207,108,99,
6215,828,404,424,1449,700,749,1655,803,852,1448,723,725,828,385,443,207,108,99,
6220,829,404,425,1451,702,749,1658,804,854,1450,724,726,828,385,443,207,108,99,
6225,830,405,425,1451,702,749,1658,804,854,1451,724,727,828,385,443,207,108,99,
6230,831,405,426,1453,703,750,1661,805,856,1452,724,728,829,385,444,207,108,99,
6235,831,405,426,1454,704,750,1661,805,856,1453,725,728,829,385,444,208,108,100,
6240,832,406,426,1454,704,750,1662,805,857,1454,725,729,831,386,445,208,108,100,
6245,832,406,426,1456,706,750,1663,806,857,1455,725,730,832,386,446,208,108,100,
6250,833,406,427,1458,707,751,1666,807,859,1457,725,732,832,386,446,208,108,100,
6255,834,406,428,1458,707,751,1666,807,859,1458,725,733,832,386,446,208,108,100,
6260,835,406,429,1460,707,753,1669,808,861,1459,726,733,833,386,447,208,108,100,
6265,835,406,429,1461,707,754,1669,808,861,1460,727,733,833,386,447,209,108,101,
6270,836,407,429,1461,707,754,1670,809,861,1461,728,733,835,387,448,209,108,101,
6275,836,407,429,1463,709,754,1671,809,862,1462,728,734,836,387,449,209,108,101,
6280,837,408,429,1465,709,756,1674,811,863,1464,728,736,836,387,449,209,108,101,
6285,838,408,430,1465,709,756,1674,811,863,1465,728,737,836,387,449,209,108,101,
6290,839,409,430,1467,710,757,1677,813,864,1466,728,738,837,387,450,209,108,101,
6295,839,409,430,1468,711,757,1677,813,864,1467,729,738,837,387,450,210,109,101,
6300,840,410,430,1468,711,757,1678,814,864,1468,729,739,839,389,450,210,109,101,
6305,840,410,430,1470,712,758,1679,815,864,1469,730,739,840,389,451,210,109,101,
6310,841,411,430,1472,712,760,1682,816,866,1471,732,739,840,389,451,210,109,101,
6315,842,412,430,1472,712,760,1682,816,866,1472,732,740,840,389,451,210,109,101,
6320,843,413,430,1474,713,761,1685,818,867,1473,733,740,841,389,452,210,109,101,
6325,843,413,430,1475,713,762,1685,818,867,1474,733,741,841,389,452,211,110,101,
6330,844,413,431,1475,713,762,1686,818,868,1475,733,742,843,389,454,211,110,101,
6335,844,413,431,1477,715,762,1687,819,868,1476,733,743,844,389,455,211,110,101,
6340,845,413,432,1479,716,763,1690,820,870,1478,734,744,844,389,455,211,110,101,
6345,846,413,433,1479,716,763,1690,820,870,1479,734,745,844,389,455,211,110,101,
6350,847,413,434,1481,718,763,1693,822,871,1480,735,745,845,389,456,211,110,101,
6355,847,413,434,1482,718,764,1693,822,871,1481,736,745,845,389,456,212,111,101,
6360,848,413,435,1482,718,764,1694,822,872,1482,737,745,847,389,458,212,111,101,
6365,848,413,435,1484,718,766,1695,822,873,1483,738,745,848,389,459,212,111,101,
6370,849,413,436,1486,719,767,1698,824,874,1485,740,745,848,389,459,212,111,101,
6375,850,414,436,1486,719,767,1698,824,874,1486,741,745,848,389,459,212,111,101,
6380,851,415,436,1488,719,769,1701,826,875,1487,741,746,849,390,459,212,111,101,
6385,851,415,436,1489,719,770,1701,826,875,1488,741,747,849,390,459,213,112,101,
6390,852,416,436,1489,719,770,1702,827,875,1489,741,748,851,391,460,213,112,101,
6395,852,416,436,1491,719,772,1703,828,875,1490,741,749,852,391,461,213,112,101,
6400,853,417,436,1493,720,773,1706,829,877,1492,741,751,852,391,461,213,112,101,
6405,854,417,437,1493,720,773,1706,829,877,1493,742,751,852,391,461,213,112,101,
6410,855,417,438,1495,722,773,1709,831,878,1494,742,752,853,392,461,213,112,101,
6415,855,417,438,1496,723,773,1709,831,878,1495,743,752,853,392,461,214,113,101,
6420,856,417,439,1496,723,773,1710,831,879,1496,743,753,855,392,463,214,113,101,
6425,856,417,439,1498,723,775,1711,831,880,1497,743,754,856,393,463,214,113,101,
6430,857,417,440,1500,725,775,1714,832,882,1499,745,754,856,393,463,214,113,101,
6435,858,418,440,1500,725,775,1714,832,882,1500,745,755,856,393,463,214,113,101,
6440,859,418,441,1502,725,777,1717,834,883,1501,745,756,857,393,464,214,113,101,
6445,859,418,441,1503,725,778,1717,834,883,1502,746,756,857,393,464,215,113,102,
6450,860,419,441,1503,725,778,1718,834,884,1503,746,757,859,394,465,215,113,102,
6455,860,419,441,1505,726,779,1719,835,884,1504,746,758,860,394,466,215,113,102,
6460,861,420,441,1507,726,781,1722,836,886,1506,747,759,860,394,466,215,113,102,
6465,862,420,442,1507,726,781,1722,836,886,1507,747,760,860,394,466,215,113,102,
6470,863,421,442,1509,726,783,1725,837,888,1508,748,760,861,394,467,215,113,102,
6475,863,421,442,1510,727,783,1725,837,888,1509,749,760,861,394,467,216,113,103,
6480,864,422,442,1510,727,783,1726,838,888,1510,750,760,863,395,468,216,113,103,
6485,864,422,442,1512,729,783,1727,838,889,1511,751,760,864,396,468,216,113,103,
6490,865,422,443,1514,729,785,1730,840,890,1513,752,761,864,396,468,216,113,103,
6495,866,423,443,1514,729,785,1730,840,890,1514,753,761,864,396,468,216,113,103,
6500,867,423,444,1516,730,786,1733,840,893,1515,753,762,865,397,468,216,113,103,
6505,867,423,444,1517,731,786,1733,840,893,1516,753,763,865,397,468,217,113,104,
6510,868,424,444,1517,731,786,1734,840,894,1517,754,763,867,398,469,217,113,104,
6515,868,424,444,1519,731,788,1735,840,895,1518,754,764,868,398,470,217,113,104,
6520,869,425,444,1521,733,788,1738,841,897,1520,755,765,868,398,470,217,113,104,
6525,870,425,445,1521,733,788,1738,841,897,1521,755,766,868,398,470,217,113,104,
6530,871,425,446,1523,735,788,1741,842,899,1522,756,766,869,399,470,217,113,104,
6535,871,425,446,1524,735,789,1741,842,899,1523,756,767,869,399,470,218,114,104,
6540,872,426,446,1524,735,789,1742,842,900,1524,757,767,871,400,471,218,114,104,
6545,872,426,446,1526,737,789,1743,842,901,1525,758,767,872,401,471,218,114,104,
6550,873,427,446,1528,738,790,1746,843,903,1527,759,768,872,401,471,218,114,104,
6555,874,427,447,1528,738,790,1746,843,903,1528,759,769,872,401,471,218,114,104,
6560,875,427,448,1530,739,791,1749,844,905,1529,759,770,873,402,471,218,114,104,
6565,875,427,448,1531,740,791,1749,844,905,1530,759,771,873,402,471,219,115,104,
6570,876,427,449,1531,740,791,1750,845,905,1531,760,771,875,403,472,219,115,104,
6575,876,427,449,1533,742,791,1751,845,906,1532,761,771,876,404,472,219,115,104,
6580,877,428,449,1535,744,791,1754,846,908,1534,763,771,876,404,472,219,115,104,
6585,878,429,449,1535,744,791,1754,846,908,1535,763,772,876,404,472,219,115,104,
6590,879,429,450,1537,745,792,1757,849,908,1536,763,773,877,404,473,219,115,104,
6595,879,429,450,1538,745,793,1757,849,908,1537,763,774,877,404,473,220,115,105,
6600,880,430,450,1538,745,793,1758,850,908,1538,763,775,879,405,474,220,115,105,
6605,880,430,450,1540,746,794,1759,851,908,1539,763,776,880,406,474,220,115,105,
6610,881,431,450,1542,747,795,1762,852,910,1541,764,777,880,406,474,220,115,105,
6615,882,432,450,1542,747,795,1762,852,910,1542,765,777,880,406,474,220,115,105,
6620,883,433,450,1544,748,796,1765,853,912,1543,766,777,881,407,474,220,115,105,
6625,883,433,450,1545,749,796,1765,853,912,1544,766,778,881,407,474,221,115,106,
6630,884,433,451,1545,749,796,1766,854,912,1545,766,779,883,408,475,221,115,106,
6635,884,433,451,1547,750,797,1767,855,912,1546,766,780,884,408,476,221,115,106,
6640,885,434,451,1549,752,797,1770,856,914,1548,767,781,884,408,476,221,115,106,
6645,886,434,452,1549,752,797,1770,856,914,1549,767,782,884,408,476,221,115,106,
6650,887,435,452,1551,754,797,1773,858,915,1550,768,782,885,408,477,221,115,106,
6655,887,435,452,1552,755,797,1773,858,915,1551,768,783,885,408,477,222,115,107,
6660,888,435,453,1552,755,797,1774,858,916,1552,769,783,887,409,478,222,115,107,
6665,888,435,453,1554,756,798,1775,858,917,1553,770,783,888,409,479,222,115,107,
6670,889,435,454,1556,757,799,1778,859,919,1555,771,784,888,409,479,222,115,107,
6675,890,435,455,1556,757,799,1778,859,919,1556,771,785,888,409,479,222,115,107,
6680,891,436,455,1558,757,801,1781,861,920,1557,771,786,889,410,479,222,115,107,
6685,891,436,455,1559,757,802,1781,861,920,1558,772,786,889,410,479,223,116,107,
6690,892,436,456,1559,757,802,1782,862,920,1559,772,787,891,410,481,223,116,107,
6695,892,436,456,1561,758,803,1783,863,920,1560,772,788,892,411,481,223,116,107,
6700,893,436,457,1563,759,804,1786,863,923,1562,773,789,892,411,481,223,116,107,
6705,894,436,458,1563,759,804,1786,863,923,1563,773,790,892,411,481,223,116,107,
6710,895,437,458,1565,760,805,1789,865,924,1564,773,791,893,412,481,223,116,107,
6715,895,437,458,1566,761,805,1789,865,924,1565,774,791,893,412,481,224,117,107,
6720,896,437,459,1566,761,805,1790,866,924,1566,775,791,895,413,482,224,117,107,
6725,896,437,459,1568,762,806,1791,866,925,1567,775,792,896,414,482,224,117,107,
6730,897,438,459,1570,762,808,1794,867,927,1569,775,794,896,414,482,224,117,107,
6735,898,439,459,1570,762,808,1794,867,927,1570,776,794,896,414,482,224,117,107,
6740,899,439,460,1572,763,809,1797,868,929,1571,777,794,897,414,483,224,117,107,
6745,899,439,460,1573,763,810,1797,868,929,1572,778,794,897,414,483,225,117,108,
6750,900,440,460,1573,763,810,1798,868,930,1573,779,794,899,415,484,225,117,108,
6755,900,440,460,1575,763,812,1799,869,930,1574,779,795,900,416,484,225,117,108,
6760,901,440,461,1577,765,812,1802,871,931,1576,780,796,900,416,484,225,117,108,
6765,902,440,462,1577,765,812,1802,871,931,1577,780,797,900,416,484,225,117,108,
6770,903,441,462,1579,766,813,1805,873,932,1578,780,798,901,416,485,225,117,108,
6775,903,441,462,1580,766,814,1805,873,932,1579,781,798,901,416,485,226,118,108,
6780,904,442,462,1580,766,814,1806,873,933,1580,782,798,903,418,485,226,118,108,
6785,904,442,462,1582,767,815,1807,873,934,1581,782,799,904,419,485,226,118,108,
6790,905,442,463,1584,769,815,1810,873,937,1583,782,801,904,419,485,226,118,108,
6795,906,442,464,1584,769,815,1810,873,937,1584,782,802,904,419,485,226,118,108,
6800,907,442,465,1586,771,815,1813,876,937,1585,782,803,905,420,485,226,118,108,
6805,907,442,465,1587,771,816,1813,876,937,1586,782,804,905,420,485,227,119,108,
6810,908,443,465,1587,771,816,1814,876,938,1587,783,804,907,422,485,227,119,108,
6815,908,443,465,1589,771,818,1815,876,939,1588,783,805,908,423,485,227,119,108,
6820,909,443,466,1591,772,819,1818,877,941,1590,785,805,908,423,485,227,119,108,
6825,910,443,467,1591,772,819,1818,877,941,1591,785,806,908,423,485,227,119,108,
6830,911,443,468,1593,773,820,1821,878,943,1592,786,806,909,423,486,227,119,108,
6835,911,443,468,1594,774,820,1821,878,943,1593,787,806,909,423,486,228,119,109,
6840,912,443,469,1594,774,820,1822,879,943,1594,787,807,911,423,488,228,119,109,
6845,912,443,469,1596,775,821,1823,879,944,1595,788,807,912,423,489,228,119,109,
6850,913,443,470,1598,777,821,1826,879,947,1597,789,808,912,423,489,228,119,109,
6855,914,443,471,1598,777,821,1826,879,947,1598,789,809,912,423,489,228,119,109,
6860,915,444,471,1600,778,822,1829,879,950,1599,789,810,913,423,490,228,119,109,
6865,915,444,471,1601,778,823,1829,879,950,1600,789,811,913,423,490,229,120,109,
6870,916,445,471,1601,778,823,1830,879,951,1601,789,812,915,425,490,229,120,109,
6875,916,445,471,1603,778,825,1831,879,952,1602,790,812,916,426,490,229,120,109,
6880,917,446,471,1605,779,826,1834,882,952,1604,791,813,916,426,490,229,120,109,
6885,918,446,472,1605,779,826,1834,882,952,1605,791,814,916,426,490,229,120,109,
6890,919,446,473,1607,781,826,1837,885,952,1606,791,815,917,426,491,229,120,109,
6895,919,446,473,1608,781,827,1837,885,952,1607,791,816,917,426,491,230,121,109,
6900,920,446,474,1608,781,827,1838,886,952,1608,792,816,919,427,492,230,121,109,
6905,920,446,474,1610,782,828,1839,886,953,1609,792,817,920,428,492,230,121,109,
6910,921,447,474,1612,784,828,1842,888,954,1611,792,819,920,428,492,230,121,109,
6915,922,448,474,1612,784,828,1842,888,954,1612,792,820,920,428,492,230,121,109,
6920,923,449,474,1614,784,830,1845,890,955,1613,792,821,921,428,493,230,121,109,
6925,923,449,474,1615,785,830,1845,890,955,1614,792,822,921,428,493,231,122,109,
6930,924,449,475,1615,785,830,1846,890,956,1615,793,822,923,429,494,231,122,109,
6935,924,449,475,1617,787,830,1847,891,956,1616,793,823,924,430,494,231,122,109,
6940,925,449,476,1619,788,831,1850,894,956,1618,794,824,924,430,494,231,122,109,
6945,926,449,477,1619,788,831,1850,894,956,1619,794,825,924,430,494,231,122,109,
6950,927,449,478,1621,788,833,1853,896,957,1620,794,826,925,431,494,231,122,109,
6955,927,449,478,1622,789,833,1853,896,957,1621,794,827,925,431,494,232,123,109,
6960,928,450,478,1622,789,833,1854,897,957,1622,795,827,927,432,495,232,123,109,
6965,928,450,478,1624,790,834,1855,898,957,1623,795,828,928,432,496,232,123,109,
6970,929,450,479,1626,792,834,1858,901,957,1625,797,828,928,432,496,232,123,109,
6975,930,451,479,1626,792,834,1858,901,957,1626,798,828,928,432,496,232,123,109,
6980,931,451,480,1628,792,836,1861,903,958,1627,798,829,929,432,497,232,123,109,
6985,931,451,480,1629,792,837,1861,903,958,1628,798,830,929,432,497,233,124,109,
6990,932,451,481,1629,792,837,1862,904,958,1629,798,831,931,432,499,233,124,109,
6995,932,451,481,1631,793,838,1863,904,959,1630,799,831,932,432,500,233,124,109,
7000,933,451,482,1633,794,839,1866,905,961,1632,801,831,932,432,500,233,124,109,
7005,934,452,482,1633,794,839,1866,905,961,1633,801,832,932,432,500,233,124,109,
7010,935,452,483,1635,795,840,1869,906,963,1634,802,832,933,432,501,233,124,109,
7015,935,452,483,1636,796,840,1869,906,963,1635,802,833,933,432,501,234,125,109,
7020,936,453,483,1636,796,840,1870,907,963,1636,802,834,935,434,501,234,125,109,
7025,936,453,483,1638,796,842,1871,908,963,1637,802,835,936,435,501,234,125,109,
7030,937,453,484,1640,796,844,1874,910,964,1639,803,836,936,435,501,234,125,109,
7035,938,453,485,1640,796,844,1874,910,964,1640,803,837,936,435,501,234,125,109,
7040,939,454,485,1642,797,845,1877,911,966,1641,804,837,937,436,501,234,125,109,
7045,939,454,485,1643,798,845,1877,911,966,1642,804,838,937,436,501,235,125,110,
7050,940,454,486,1643,798,845,1878,912,966,1643,805,838,939,438,501,235,125,110,
7055,940,454,486,1645,799,846,1879,912,967,1644,806,838,940,439,501,235,125,110,
7060,941,455,486,1647,801,846,1882,914,968,1646,808,838,940,439,501,235,125,110,
7065,942,456,486,1647,801,846,1882,914,968,1647,808,839,940,439,501,235,125,110,
7070,943,456,487,1649,801,848,1885,916,969,1648,809,839,941,439,502,235,125,110,
7075,943,456,487,1650,801,849,1885,916,969,1649,809,840,941,439,502,236,125,111,
7080,944,456,488,1650,801,849,1886,917,969,1650,810,840,943,440,503,236,125,111,
7085,944,456,488,1652,801,851,1887,918,969,1651,811,840,944,441,503,236,125,111,
7090,945,456,489,1654,802,852,1890,921,969,1653,813,840,944,441,503,236,125,111,
7095,946,456,490,1654,802,852,1890,921,969,1654,813,841,944,441,503,236,125,111,
7100,947,456,491,1656,803,853,1893,923,970,1655,813,842,945,441,504,236,125,111,
7105,947,456,491,1657,804,853,1893,923,970,1656,814,842,945,441,504,237,126,111,
7110,948,456,492,1657,804,853,1894,924,970,1657,815,842,947,441,506,237,126,111,
7115,948,456,492,1659,806,853,1895,924,971,1658,816,842,948,441,507,237,126,111,
7120,949,457,492,1661,807,854,1898,927,971,1660,818,842,948,441,507,237,126,111,
7125,950,458,492,1661,807,854,1898,927,971,1661,818,843,948,441,507,237,126,111,
7130,951,459,492,1663,808,855,1901,930,971,1662,819,843,949,442,507,237,126,111,
7135,951,459,492,1664,809,855,1901,930,971,1663,820,843,949,442,507,238,126,112,
7140,952,459,493,1664,809,855,1902,930,972,1664,821,843,951,444,507,238,126,112,
7145,952,459,493,1666,811,855,1903,931,972,1665,822,843,952,444,508,238,126,112,
7150,953,459,494,1668,813,855,1906,934,972,1667,824,843,952,444,508,238,126,112,
7155,954,460,494,1668,813,855,1906,934,972,1668,825,843,952,444,508,238,126,112,
7160,955,460,495,1670,814,856,1909,936,973,1669,825,844,953,444,509,238,126,112,
7165,955,460,495,1671,815,856,1909,936,973,1670,825,845,953,444,509,239,126,113,
7170,956,460,496,1671,815,856,1910,937,973,1671,825,846,955,445,510,239,126,113,
7175,956,460,496,1673,816,857,1911,938,973,1672,826,846,956,446,510,239,126,113,
7180,957,460,497,1675,817,858,1914,938,976,1674,827,847,956,446,510,239,126,113,
7185,958,460,498,1675,817,858,1914,938,976,1675,828,847,956,446,510,239,126,113,
7190,959,461,498,1677,819,858,1917,941,976,1676,828,848,957,446,511,239,126,113,
7195,959,461,498,1678,820,858,1917,941,976,1677,828,849,957,446,511,240,126,114,
7200,960,462,498,1678,820,858,1918,942,976,1678,829,849,959,448,511,240,126,114,
7205,960,462,498,1680,821,859,1919,943,976,1679,830,849,960,448,512,240,126,114,
7210,961,463,498,1682,822,860,1922,944,978,1681,832,849,960,448,512,240,126,114,
7215,962,463,499,1682,822,860,1922,944,978,1682,833,849,960,448,512,240,126,114,
7220,963,463,500,1684,823,861,1925,945,980,1683,834,849,961,449,512,240,126,114,
7225,963,463,500,1685,823,862,1925,945,980,1684,835,849,961,449,512,241,127,114,
7230,964,464,500,1685,823,862,1926,945,981,1685,835,850,963,450,513,241,127,114,
7235,964,464,500,1687,824,863,1927,946,981,1686,835,851,964,451,513,241,127,114,
7240,965,465,500,1689,826,863,1930,949,981,1688,836,852,964,451,513,241,127,114,
7245,966,466,500,1689,826,863,1930,949,981,1689,836,853,964,451,513,241,127,114,
7250,967,467,500,1691,828,863,1933,950,983,1690,836,854,965,452,513,241,127,114,
7255,967,467,500,1692,829,863,1933,950,983,1691,836,855,965,452,513,242,127,115,
7260,968,468,500,1692,829,863,1934,950,984,1692,837,855,967,453,514,242,127,115,
7265,968,468,500,1694,829,865,1935,951,984,1693,837,856,968,453,515,242,127,115,
7270,969,468,501,1696,830,866,1938,952,986,1695,837,858,968,453,515,242,127,115,
7275,970,468,502,1696,830,866,1938,952,986,1696,838,858,968,453,515,242,127,115,
7280,971,468,503,1698,830,868,1941,955,986,1697,838,859,969,454,515,242,127,115,
7285,971,468,503,1699,831,868,1941,955,986,1698,838,860,969,454,515,243,128,115,
7290,972,468,504,1699,831,868,1942,955,987,1699,838,861,971,455,516,243,128,115,
7295,972,468,504,1701,832,869,1943,955,988,1700,838,862,972,456,516,243,128,115,
7300,973,468,505,1703,832,871,1946,955,991,1702,840,862,972,456,516,243,128,115,
7305,974,468,506,1703,832,871,1946,955,991,1703,840,863,972,456,516,243,128,115,
7310,975,468,507,1705,833,872,1949,955,994,1704,840,864,973,457,516,243,128,115,
7315,975,468,507,1706,833,873,1949,955,994,1705,840,865,973,457,516,244,128,116,
7320,976,468,508,1706,833,873,1950,955,995,1706,840,866,975,457,518,244,128,116,
7325,976,468,508,1708,834,874,1951,956,995,1707,840,867,976,457,519,244,128,116,
7330,977,469,508,1710,836,874,1954,958,996,1709,841,868,976,457,519,244,128,116,
7335,978,470,508,1710,836,874,1954,958,996,1710,841,869,976,457,519,244,128,116,
7340,979,470,509,1712,836,876,1957,960,997,1711,841,870,977,457,520,244,128,116,
7345,979,470,509,1713,836,877,1957,960,997,1712,842,870,977,457,520,245,129,116,
7350,980,470,510,1713,836,877,1958,961,997,1713,842,871,979,457,522,245,129,116,
7355,980,470,510,1715,837,878,1959,961,998,1714,842,872,980,458,522,245,129,116,
7360,981,470,511,1717,839,878,1962,963,999,1716,844,872,980,458,522,245,129,116,
7365,982,470,512,1717,839,878,1962,963,999,1717,845,872,980,458,522,245,129,116,
7370,983,471,512,1719,840,879,1965,964,1001,1718,845,873,981,459,522,245,129,116,
7375,983,471,512,1720,841,879,1965,964,1001,1719,845,874,981,459,522,246,130,116,
7380,984,471,513,1720,841,879,1966,965,1001,1720,846,874,983,459,524,246,130,116,
7385,984,471,513,1722,842,880,1967,965,1002,1721,847,874,984,460,524,246,130,116,
7390,985,471,514,1724,843,881,1970,965,1005,1723,847,876,984,460,524,246,130,116,
7395,986,472,514,1724,843,881,1970,965,1005,1724,848,876,984,460,524,246,130,116,
7400,987,473,514,1726,845,881,1973,966,1007,1725,848,877,985,461,524,246,130,116,
7405,987,473,514,1727,846,881,1973,966,1007,1726,848,878,985,461,524,247,131,116,
7410,988,474,514,1727,846,881,1974,966,1008,1727,848,879,987,461,526,247,131,116,
7415,988,474,514,1729,847,882,1975,966,1009,1728,849,879,988,461,527,247,131,116,
7420,989,474,515,1731,849,882,1978,968,1010,1730,849,881,988,461,527,247,131,116,
7425,990,474,516,1731,849,882,1978,968,1010,1731,849,882,988,461,527,247,131,116,
7430,991,474,517,1733,850,883,1981,970,1011,1732,850,882,989,461,528,247,131,116,
7435,991,474,517,1734,851,883,1981,970,1011,1733,851,882,989,461,528,248,132,116,
7440,992,475,517,1734,851,883,1982,971,1011,1734,851,883,991,463,528,248,132,116,
7445,992,475,517,1736,852,884,1983,972,1011,1735,851,884,992,463,529,248,132,116,
7450,993,476,517,1738,854,884,1986,974,1012,1737,852,885,992,463,529,248,132,116,
7455,994,477,517,1738,854,884,1986,974,1012,1738,853,885,992,463,529,248,132,116,
7460,995,478,517,1740,856,884,1989,977,1012,1739,854,885,993,463,530,248,132,116,
7465,995,478,517,1741,856,885,1989,977,1012,1740,855,885,993,463,530,249,133,116,
7470,996,478,518,1741,856,885,1990,978,1012,1741,855,886,995,465,530,249,133,116,
7475,996,478,518,1743,857,886,1991,979,1012,1742,856,886,996,466,530,249,133,116,
7480,997,479,518,1745,857,888,1994,980,1014,1744,857,887,996,466,530,249,133,116,
7485,998,480,518,1745,857,888,1994,980,1014,1745,858,887,996,466,530,249,133,116,
7490,999,481,518,1747,858,889,1997,981,1016,1746,858,888,997,467,530,249,133,116,
7495,999,481,518,1748,858,890,1997,981,1016,1747,858,889,997,467,530,250,133,117,
7500,1000,481,519,1748,858,890,1998,981,1017,1748,859,889,999,468,531,250,133,117,
7505,1000,481,519,1750,859,891,1999,982,1017,1749,860,889,1000,469,531,250,133,117,
7510,1001,481,520,1752,861,891,2002,983,1019,1751,860,891,1000,469,531,250,133,117,
7515,1002,481,521,1752,861,891,2002,983,1019,1752,861,891,1000,469,531,250,133,117,
7520,1003,482,521,1754,863,891,2005,984,1021,1753,862,891,1001,469,532,250,133,117,
7525,1003,482,521,1755,863,892,2005,984,1021,1754,862,892,1001,469,532,251,133,118,
7530,1004,482,522,1755,863,892,2006,984,1022,1755,863,892,1003,469,534,251,133,118,
7535,1004,482,522,1757,864,893,2007,985,1022,1756,864,892,1004,470,534,251,133,118,
7540,1005,482,523,1759,864,895,2010,985,1025,1758,864,894,1004,470,534,251,133,118,
7545,1006,482,524,1759,864,895,2010,985,1025,1759,865,894,1004,470,534,251,133,118,
7550,1007,483,524,1761,865,896,2013,985,1028,1760,866,894,1005,470,535,251,133,118,
7555,1007,483,524,1762,865,897,2013,985,1028,1761,866,895,1005,470,535,252,133,119,
7560,1008,483,525,1762,865,897,2014,985,1029,1762,866,896,1007,471,536,252,133,119,
7565,1008,483,525,1764,866,898,2015,986,1029,1763,867,896,1008,472,536,252,133,119,
7570,1009,483,526,1766,867,899,2018,988,1030,1765,868,897,1008,472,536,252,133,119,
7575,1010,484,526,1766,867,899,2018,988,1030,1766,869,897,1008,472,536,252,133,119,
7580,1011,484,527,1768,869,899,2021,990,1031,1767,870,897,1009,472,537,252,133,119,
7585,1011,484,527,1769,870,899,2021,990,1031,1768,871,897,1009,472,537,253,133,120,
7590,1012,484,528,1769,870,899,2022,990,1032,1769,871,898,1011,474,537,253,133,120,
7595,1012,484,528,1771,871,900,2023,990,1033,1770,871,899,1012,475,537,253,133,120,
7600,1013,484,529,1773,873,900,2026,992,1034,1772,873,899,1012,475,537,253,133,120,
7605,1014,485,529,1773,873,900,2026,992,1034,1773,874,899,1012,475,537,253,133,120,
7610,1015,486,529,1775,873,902,2029,994,1035,1774,875,899,1013,476,537,253,133,120,
7615,1015,486,529,1776,874,902,2029,994,1035,1775,876,899,1013,476,537,254,133,121,
7620,1016,486,530,1776,874,902,2030,995,1035,1776,876,900,1015,477,538,254,133,121,
7625,1016,486,530,1778,874,904,2031,995,1036,1777,876,901,1016,477,539,254,133,121,
7630,1017,487,530,1780,875,905,2034,995,1039,1779,877,902,1016,477,539,254,133,121,
7635,1018,487,531,1780,875,905,2034,995,1039,1780,877,903,1016,477,539,254,133,121,
7640,1019,488,531,1782,876,906,2037,997,1040,1781,878,903,1017,477,540,254,133,121,
7645,1019,488,531,1783,877,906,2037,997,1040,1782,879,903,1017,477,540,255,134,121,
7650,1020,489,531,1783,877,906,2038,998,1040,1783,880,903,1019,477,542,255,134,121,
7655,1020,489,531,1785,878,907,2039,998,1041,1784,880,904,1020,477,543,255,134,121,
7660,1021,490,531,1787,880,907,2042,1000,1042,1786,882,904,1020,477,543,255,134,121,
7665,1022,490,532,1787,880,907,2042,1000,1042,1787,883,904,1020,477,543,255,134,121,
7670,1023,490,533,1789,881,908,2045,1000,1045,1788,883,905,1021,478,543,255,134,121,
7675,1023,490,533,1790,881,909,2045,1000,1045,1789,883,906,1021,478,543,256,135,121,
7680,1024,490,534,1790,881,909,2046,1001,1045,1790,884,906,1023,479,544,256,135,121,
7685,1024,490,534,1792,883,909,2047,1001,1046,1791,884,907,1024,479,545,256,135,121,
7690,1025,490,535,1794,884,910,2050,1004,1046,1793,885,908,1024,479,545,256,135,121,
7695,1026,491,535,1794,884,910,2050,1004,1046,1794,886,908,1024,479,545,256,135,121,
7700,1027,491,536,1796,885,911,2053,1004,1049,1795,886,909,1025,480,545,256,135,121,
7705,1027,491,536,1797,886,911,2053,1004,1049,1796,886,910,1025,480,545,257,136,121,
7710,1028,491,537,1797,886,911,2054,1004,1050,1797,886,911,1027,481,546,257,136,121,
7715,1028,491,537,1799,887,912,2055,1004,1051,1798,886,912,1028,482,546,257,136,121,
7720,1029,491,538,1801,888,913,2058,1005,1053,1800,887,913,1028,482,546,257,136,121,
7725,1030,492,538,1801,888,913,2058,1005,1053,1801,888,913,1028,482,546,257,136,121,
7730,1031,492,539,1803,889,914,2061,1007,1054,1802,889,913,1029,482,547,257,136,121,
7735,1031,492,539,1804,889,915,2061,1007,1054,1803,889,914,1029,482,547,258,136,122,
7740,1032,493,539,1804,889,915,2062,1007,1055,1804,889,915,1031,483,548,258,136,122,
7745,1032,493,539,1806,890,916,2063,1008,1055,1805,889,916,1032,484,548,258,136,122,
7750,1033,493,540,1808,891,917,2066,1008,1058,1807,890,917,1032,484,548,258,136,122,
7755,1034,493,541,1808,891,917,2066,1008,1058,1808,890,918,1032,484,548,258,136,122,
7760,1035,493,542,1810,891,919,2069,1009,1060,1809,890,919,1033,485,548,258,136,122,
7765,1035,493,542,1811,891,920,2069,1009,1060,1810,891,919,1033,485,548,259,137,122,
7770,1036,494,542,1811,891,920,2070,1009,1061,1811,892,919,1035,485,550,259,137,122,
7775,1036,494,542,1813,893,920,2071,1009,1062,1812,892,920,1036,485,551,259,137,122,
7780,1037,495,542,1815,894,921,2074,1010,1064,1814,892,922,1036,485,551,259,137,122,
7785,1038,496,542,1815,894,921,2074,1010,1064,1815,892,923,1036,485,551,259,137,122,
7790,1039,496,543,1817,894,923,2077,1012,1065,1816,892,924,1037,486,551,259,137,122,
7795,1039,496,543,1818,895,923,2077,1012,1065,1817,893,924,1037,486,551,260,137,123,
7800,1040,497,543,1818,895,923,2078,1012,1066,1818,893,925,1039,486,553,260,137,123,
7805,1040,497,543,1820,896,924,2079,1012,1067,1819,893,926,1040,486,554,260,137,123,
7810,1041,498,543,1822,896,926,2082,1013,1069,1821,894,927,1040,486,554,260,137,123,
7815,1042,498,544,1822,896,926,2082,1013,1069,1822,895,927,1040,486,554,260,137,123,
7820,1043,499,544,1824,897,927,2085,1015,1070,1823,896,927,1041,487,554,260,137,123,
7825,1043,499,544,1825,897,928,2085,1015,1070,1824,897,927,1041,487,554,261,137,124,
7830,1044,500,544,1825,897,928,2086,1015,1071,1825,898,927,1043,487,556,261,137,124,
7835,1044,500,544,1827,897,930,2087,1016,1071,1826,898,928,1044,487,557,261,137,124,
7840,1045,500,545,1829,897,932,2090,1017,1073,1828,899,929,1044,487,557,261,137,124,
7845,1046,500,546,1829,897,932,2090,1017,1073,1829,900,929,1044,487,557,261,137,124,
7850,1047,501,546,1831,899,932,2093,1019,1074,1830,901,929,1045,488,557,261,137,124,
7855,1047,501,546,1832,900,932,2093,1019,1074,1831,901,930,1045,488,557,262,137,125,
7860,1048,502,546,1832,900,932,2094,1020,1074,1832,901,931,1047,490,557,262,137,125,
7865,1048,502,546,1834,900,934,2095,1021,1074,1833,902,931,1048,491,557,262,137,125,
7870,1049,502,547,1836,901,935,2098,1022,1076,1835,904,931,1048,491,557,262,137,125,
7875,1050,503,547,1836,901,935,2098,1022,1076,1836,904,932,1048,491,557,262,137,125,
7880,1051,503,548,1838,903,935,2101,1023,1078,1837,905,932,1049,492,557,262,137,125,
7885,1051,503,548,1839,903,936,2101,1023,1078,1838,905,933,1049,492,557,263,137,126,
7890,1052,503,549,1839,903,936,2102,1023,1079,1839,906,933,1051,494,557,263,137,126,
7895,1052,503,549,1841,905,936,2103,1023,1080,1840,907,933,1052,495,557,263,137,126,
7900,1053,503,550,1843,906,937,2106,1026,1080,1842,908,934,1052,495,557,263,137,126,
7905,1054,504,550,1843,906,937,2106,1026,1080,1843,908,935,1052,495,557,263,137,126,
7910,1055,504,551,1845,908,937,2109,1028,1081,1844,908,936,1053,496,557,263,137,126,
7915,1055,504,551,1846,909,937,2109,1028,1081,1845,908,937,1053,496,557,264,137,127,
7920,1056,504,552,1846,909,937,2110,1029,1081,1846,909,937,1055,498,557,264,137,127,
7925,1056,504,552,1848,910,938,2111,1029,1082,1847,909,938,1056,499,557,264,137,127,
7930,1057,504,553,1850,911,939,2114,1030,1084,1849,909,940,1056,499,557,264,137,127,
7935,1058,504,554,1850,911,939,2114,1030,1084,1850,910,940,1056,499,557,264,137,127,
7940,1059,504,555,1852,911,941,2117,1032,1085,1851,911,940,1057,499,558,264,137,127,
7945,1059,504,555,1853,911,942,2117,1032,1085,1852,912,940,1057,499,558,265,138,127,
7950,1060,505,555,1853,911,942,2118,1033,1085,1853,912,941,1059,501,558,265,138,127,
7955,1060,505,555,1855,911,944,2119,1034,1085,1854,913,941,1060,502,558,265,138,127,
7960,1061,505,556,1857,911,946,2122,1035,1087,1856,914,942,1060,502,558,265,138,127,
7965,1062,506,556,1857,911,946,2122,1035,1087,1857,915,942,1060,502,558,265,138,127,
7970,1063,506,557,1859,911,948,2125,1037,1088,1858,915,943,1061,502,559,265,138,127,
7975,1063,506,557,1860,912,948,2125,1037,1088,1859,915,944,1061,502,559,266,138,128,
7980,1064,506,558,1860,912,948,2126,1038,1088,1860,916,944,1063,503,560,266,138,128,
7985,1064,506,558,1862,912,950,2127,1038,1089,1861,916,945,1064,503,561,266,138,128,
7990,1065,507,558,1864,914,950,2130,1038,1092,1863,916,947,1064,503,561,266,138,128,
7995,1066,507,559,1864,914,950,2130,1038,1092,1864,917,947,1064,503,561,266,138,128,
8000,1067,508,559,1866,915,951,2133,1040,1093,1865,917,948,1065,504,561,266,138,128,
8005,1067,508,559,1867,915,952,2133,1040,1093,1866,917,949,1065,504,561,267,139,128,
8010,1068,508,560,1867,915,952,2134,1040,1094,1867,917,950,1067,504,563,267,139,128,
8015,1068,508,560,1869,916,953,2135,1041,1094,1868,918,950,1068,505,563,267,139,128,
8020,1069,509,560,1871,917,954,2138,1042,1096,1870,919,951,1068,505,563,267,139,128,
8025,1070,510,560,1871,917,954,2138,1042,1096,1871,919,952,1068,505,563,267,139,128,
8030,1071,511,560,1873,917,956,2141,1043,1098,1872,919,953,1069,506,563,267,139,128,
8035,1071,511,560,1874,918,956,2141,1043,1098,1873,919,954,1069,506,563,268,140,128,
8040,1072,512,560,1874,918,956,2142,1044,1098,1874,920,954,1071,507,564,268,140,128,
8045,1072,512,560,1876,919,957,2143,1045,1098,1875,920,955,1072,508,564,268,140,128,
8050,1073,512,561,1878,921,957,2146,1047,1099,1877,921,956,1072,508,564,268,140,128,
8055,1074,513,561,1878,921,957,2146,1047,1099,1878,922,956,1072,508,564,268,140,128,
8060,1075,513,562,1880,922,958,2149,1047,1102,1879,922,957,1073,508,565,268,140,128,
8065,1075,513,562,1881,923,958,2149,1047,1102,1880,922,958,1073,508,565,269,140,129,
8070,1076,514,562,1881,923,958,2150,1048,1102,1881,922,959,1075,508,567,269,140,129,
8075,1076,514,562,1883,923,960,2151,1048,1103,1882,922,960,1076,508,568,269,140,129,
8080,1077,515,562,1885,924,961,2154,1051,1103,1884,923,961,1076,508,568,269,140,129,
8085,1078,515,563,1885,924,961,2154,1051,1103,1885,924,961,1076,508,568,269,140,129,
8090,1079,515,564,1887,925,962,2157,1052,1105,1886,924,962,1077,509,568,269,140,129,
8095,1079,515,564,1888,925,963,2157,1052,1105,1887,925,962,1077,509,568,270,141,129,
8100,1080,515,565,1888,925,963,2158,1053,1105,1888,926,962,1079,509,570,270,141,129,
8105,1080,515,565,1890,926,964,2159,1053,1106,1889,926,963,1080,509,571,270,141,129,
8110,1081,515,566,1892,928,964,2162,1054,1108,1891,927,964,1080,509,571,270,141,129,
8115,1082,516,566,1892,928,964,2162,1054,1108,1892,927,965,1080,509,571,270,141,129,
8120,1083,517,566,1894,929,965,2165,1056,1109,1893,927,966,1081,509,572,270,141,129,
8125,1083,517,566,1895,930,965,2165,1056,1109,1894,928,966,1081,509,572,271,142,129,
8130,1084,517,567,1895,930,965,2166,1057,1109,1895,928,967,1083,510,573,271,142,129,
8135,1084,517,567,1897,930,967,2167,1057,1110,1896,929,967,1084,511,573,271,142,129,
8140,1085,518,567,1899,931,968,2170,1058,1112,1898,930,968,1084,511,573,271,142,129,
8145,1086,519,567,1899,931,968,2170,1058,1112,1899,930,969,1084,511,573,271,142,129,
8150,1087,519,568,1901,932,969,2173,1059,1114,1900,930,970,1085,512,573,271,142,129,
8155,1087,519,568,1902,933,969,2173,1059,1114,1901,931,970,1085,512,573,272,143,129,
8160,1088,519,569,1902,933,969,2174,1060,1114,1902,931,971,1087,514,573,272,143,129,
8165,1088,519,569,1904,934,970,2175,1061,1114,1903,931,972,1088,515,573,272,143,129,
8170,1089,520,569,1906,934,972,2178,1063,1115,1905,932,973,1088,515,573,272,143,129,
8175,1090,520,570,1906,934,972,2178,1063,1115,1906,932,974,1088,515,573,272,143,129,
8180,1091,521,570,1908,935,973,2181,1064,1117,1907,933,974,1089,516,573,272,143,129,
8185,1091,521,570,1909,935,974,2181,1064,1117,1908,934,974,1089,516,573,273,143,130,
8190,1092,522,570,1909,935,974,2182,1064,1118,1909,935,974,1091,518,573,273,143,130,
8195,1092,522,570,1911,936,975,2183,1064,1119,1910,935,975,1092,519,573,273,143,130,
8200,1093,522,571,1913,936,977,2186,1064,1122,1912,935,977,1092,519,573,273,143,130,
8205,1094,522,572,1913,936,977,2186,1064,1122,1913,936,977,1092,519,573,273,143,130,
8210,1095,523,572,1915,936,979,2189,1066,1123,1914,936,978,1093,520,573,273,143,130,
8215,1095,523,572,1916,937,979,2189,1066,1123,1915,937,978,1093,520,573,274,144,130,
8220,1096,524,572,1916,937,979,2190,1067,1123,1916,937,979,1095,521,574,274,144,130,
8225,1096,524,572,1918,938,980,2191,1067,1124,1917,938,979,1096,522,574,274,144,130,
8230,1097,525,572,1920,939,981,2194,1069,1125,1919,939,980,1096,522,574,274,144,130,
8235,1098,526,572,1920,939,981,2194,1069,1125,1920,939,981,1096,522,574,274,144,130,
8240,1099,527,572,1922,940,982,2197,1070,1127,1921,939,982,1097,523,574,274,144,130,
8245,1099,527,572,1923,941,982,2197,1070,1127,1922,940,982,1097,523,574,275,145,130,
8250,1100,528,572,1923,941,982,2198,1070,1128,1923,940,983,1099,523,576,275,145,130,
8255,1100,528,572,1925,942,983,2199,1070,1129,1924,940,984,1100,524,576,275,145,130,
8260,1101,529,572,1927,943,984,2202,1072,1130,1926,940,986,1100,524,576,275,145,130,
8265,1102,529,573,1927,943,984,2202,1072,1130,1927,941,986,1100,524,576,275,145,130,
8270,1103,530,573,1929,944,985,2205,1073,1132,1928,942,986,1101,525,576,275,145,130,
8275,1103,530,573,1930,945,985,2205,1073,1132,1929,942,987,1101,525,576,276,145,131,
8280,1104,530,574,1930,945,985,2206,1073,1133,1930,943,987,1103,525,578,276,145,131,
8285,1104,530,574,1932,946,986,2207,1074,1133,1931,943,988,1104,526,578,276,145,131,
8290,1105,531,574,1934,948,986,2210,1075,1135,1933,945,988,1104,526,578,276,145,131,
8295,1106,532,574,1934,948,986,2210,1075,1135,1934,945,989,1104,526,578,276,145,131,
8300,1107,533,574,1936,949,987,2213,1077,1136,1935,945,990,1105,526,579,276,145,131,
8305,1107,533,574,1937,950,987,2213,1077,1136,1936,945,991,1105,526,579,277,145,132,
8310,1108,534,574,1937,950,987,2214,1077,1137,1937,946,991,1107,527,580,277,145,132,
8315,1108,534,574,1939,950,989,2215,1078,1137,1938,947,991,1108,527,581,277,145,132,
8320,1109,535,574,1941,951,990,2218,1080,1138,1940,949,991,1108,527,581,277,145,132,
8325,1110,536,574,1941,951,990,2218,1080,1138,1941,949,992,1108,527,581,277,145,132,
8330,1111,537,574,1943,952,991,2221,1083,1138,1942,949,993,1109,528,581,277,145,132,
8335,1111,537,574,1944,952,992,2221,1083,1138,1943,950,993,1109,528,581,278,146,132,
8340,1112,538,574,1944,952,992,2222,1083,1139,1944,950,994,1111,529,582,278,146,132,
8345,1112,538,574,1946,954,992,2223,1083,1140,1945,951,994,1112,529,583,278,146,132,
8350,1113,538,575,1948,956,992,2226,1083,1143,1947,952,995,1112,529,583,278,146,132,
8355,1114,539,575,1948,956,992,2226,1083,1143,1948,952,996,1112,529,583,278,146,132,
8360,1115,540,575,1950,957,993,2229,1086,1143,1949,953,996,1113,530,583,278,146,132,
8365,1115,540,575,1951,958,993,2229,1086,1143,1950,953,997,1113,530,583,279,147,132,
8370,1116,541,575,1951,958,993,2230,1087,1143,1951,953,998,1115,530,585,279,147,132,
8375,1116,541,575,1953,958,995,2231,1088,1143,1952,953,999,1116,530,586,279,147,132,
8380,1117,542,575,1955,959,996,2234,1089,1145,1954,954,1000,1116,530,586,279,147,132,
8385,1118,542,576,1955,959,996,2234,1089,1145,1955,955,1000,1116,530,586,279,147,132,
8390,1119,543,576,1957,960,997,2237,1090,1147,1956,956,1000,1117,530,587,279,147,132,
8395,1119,543,576,1958,960,998,2237,1090,1147,1957,957,1000,1117,530,587,280,147,133,
8400,1120,544,576,1958,960,998,2238,1091,1147,1958,957,1001,1119,532,587,280,147,133,
8405,1120,544,576,1960,961,999,2239,1092,1147,1959,957,1002,1120,533,587,280,147,133,
8410,1121,545,576,1962,961,1001,2242,1093,1149,1961,957,1004,1120,533,587,280,147,133,
8415,1122,546,576,1962,961,1001,2242,1093,1149,1962,958,1004,1120,533,587,280,147,133,
8420,1123,547,576,1964,963,1001,2245,1093,1152,1963,959,1004,1121,533,588,280,147,133,
8425,1123,547,576,1965,963,1002,2245,1093,1152,1964,960,1004,1121,533,588,281,148,133,
8430,1124,547,577,1965,963,1002,2246,1094,1152,1965,961,1004,1123,534,589,281,148,133,
8435,1124,547,577,1967,964,1003,2247,1094,1153,1966,961,1005,1124,535,589,281,148,133,
8440,1125,547,578,1969,964,1005,2250,1094,1156,1968,962,1006,1124,535,589,281,148,133,
8445,1126,547,579,1969,964,1005,2250,1094,1156,1969,963,1006,1124,535,589,281,148,133,
8450,1127,547,580,1971,964,1007,2253,1095,1158,1970,963,1007,1125,535,590,281,148,133,
8455,1127,547,580,1972,965,1007,2253,1095,1158,1971,963,1008,1125,535,590,282,148,134,
8460,1128,548,580,1972,965,1007,2254,1096,1158,1972,963,1009,1127,536,591,282,148,134,
8465,1128,548,580,1974,965,1009,2255,1096,1159,1973,963,1010,1128,537,591,282,148,134,
8470,1129,549,580,1976,966,1010,2258,1097,1161,1975,963,1012,1128,537,591,282,148,134,
8475,1130,549,581,1976,966,1010,2258,1097,1161,1976,964,1012,1128,537,591,282,148,134,
8480,1131,549,582,1978,968,1010,2261,1098,1163,1977,965,1012,1129,538,591,282,148,134,
8485,1131,549,582,1979,968,1011,2261,1098,1163,1978,965,1013,1129,538,591,283,149,134,
8490,1132,549,583,1979,968,1011,2262,1099,1163,1979,965,1014,1131,539,592,283,149,134,
8495,1132,549,583,1981,969,1012,2263,1100,1163,1980,965,1015,1132,539,593,283,149,134,
8500,1133,550,583,1983,970,1013,2266,1103,1163,1982,967,1015,1132,539,593,283,149,134,
8505,1134,551,583,1983,970,1013,2266,1103,1163,1983,968,1015,1132,539,593,283,149,134,
8510,1135,551,584,1985,970,1015,2269,1105,1164,1984,968,1016,1133,539,594,283,149,134,
8515,1135,551,584,1986,971,1015,2269,1105,1164,1985,968,1017,1133,539,594,284,149,135,
8520,1136,552,584,1986,971,1015,2270,1105,1165,1986,969,1017,1135,540,595,284,149,135,
8525,1136,552,584,1988,971,1017,2271,1105,1166,1987,970,1017,1136,541,595,284,149,135,
8530,1137,552,585,1990,973,1017,2274,1107,1167,1989,970,1019,1136,541,595,284,149,135,
8535,1138,553,585,1990,973,1017,2274,1107,1167,1990,971,1019,1136,541,595,284,149,135,
8540,1139,553,586,1992,974,1018,2277,1109,1168,1991,972,1019,1137,541,596,284,149,135,
8545,1139,553,586,1993,974,1019,2277,1109,1168,1992,972,1020,1137,541,596,285,150,135,
8550,1140,554,586,1993,974,1019,2278,1109,1169,1993,973,1020,1139,542,597,285,150,135,
8555,1140,554,586,1995,975,1020,2279,1109,1170,1994,973,1021,1140,543,597,285,150,135,
8560,1141,555,586,1997,975,1022,2282,1109,1173,1996,973,1023,1140,543,597,285,150,135,
8565,1142,555,587,1997,975,1022,2282,1109,1173,1997,974,1023,1140,543,597,285,150,135,
8570,1143,556,587,1999,975,1024,2285,1112,1173,1998,974,1024,1141,544,597,285,150,135,
8575,1143,556,587,2000,975,1025,2285,1112,1173,1999,975,1024,1141,544,597,286,150,136,
8580,1144,556,588,2000,975,1025,2286,1113,1173,2000,975,1025,1143,544,599,286,150,136,
8585,1144,556,588,2002,976,1026,2287,1113,1174,2001,975,1026,1144,544,600,286,150,136,
8590,1145,556,589,2004,976,1028,2290,1114,1176,2003,976,1027,1144,544,600,286,150,136,
8595,1146,556,590,2004,976,1028,2290,1114,1176,2004,977,1027,1144,544,600,286,150,136,
8600,1147,557,590,2006,977,1029,2293,1116,1177,2005,977,1028,1145,545,600,286,150,136,
8605,1147,557,590,2007,977,1030,2293,1116,1177,2006,977,1029,1145,545,600,287,151,136,
8610,1148,557,591,2007,977,1030,2294,1117,1177,2007,978,1029,1147,546,601,287,151,136,
8615,1148,557,591,2009,977,1032,2295,1117,1178,2008,978,1030,1148,546,602,287,151,136,
8620,1149,558,591,2011,979,1032,2298,1118,1180,2010,979,1031,1148,546,602,287,151,136,
8625,1150,558,592,2011,979,1032,2298,1118,1180,2011,979,1032,1148,546,602,287,151,136,
8630,1151,559,592,2013,980,1033,2301,1120,1181,2012,979,1033,1149,546,603,287,151,136,
8635,1151,559,592,2014,981,1033,2301,1120,1181,2013,980,1033,1149,546,603,288,152,136,
8640,1152,560,592,2014,981,1033,2302,1120,1182,2014,981,1033,1151,548,603,288,152,136,
8645,1152,560,592,2016,982,1034,2303,1121,1182,2015,982,1033,1152,548,604,288,152,136,
8650,1153,560,593,2018,983,1035,2306,1124,1182,2017,983,1034,1152,548,604,288,152,136,
8655,1154,560,594,2018,983,1035,2306,1124,1182,2018,984,1034,1152,548,604,288,152,136,
8660,1155,560,595,2020,984,1036,2309,1125,1184,2019,984,1035,1153,548,605,288,152,136,
8665,1155,560,595,2021,984,1037,2309,1125,1184,2020,984,1036,1153,548,605,289,152,137,
8670,1156,560,596,2021,984,1037,2310,1126,1184,2021,985,1036,1155,549,606,289,152,137,
8675,1156,560,596,2023,985,1038,2311,1126,1185,2022,986,1036,1156,550,606,289,152,137,
8680,1157,560,597,2025,985,1040,2314,1126,1188,2024,988,1036,1156,550,606,289,152,137,
8685,1158,561,597,2025,985,1040,2314,1126,1188,2025,988,1037,1156,550,606,289,152,137,
8690,1159,561,598,2027,986,1041,2317,1126,1191,2026,989,1037,1157,551,606,289,152,137,
8695,1159,561,598,2028,986,1042,2317,1126,1191,2027,989,1038,1157,551,606,290,152,138,
8700,1160,562,598,2028,986,1042,2318,1127,1191,2028,989,1039,1159,551,608,290,152,138,
8705,1160,562,598,2030,987,1043,2319,1127,1192,2029,990,1039,1160,551,609,290,152,138,
8710,1161,562,599,2032,988,1044,2322,1128,1194,2031,990,1041,1160,551,609,290,152,138,
8715,1162,562,600,2032,988,1044,2322,1128,1194,2032,991,1041,1160,551,609,290,152,138,
8720,1163,563,600,2034,989,1045,2325,1131,1194,2033,991,1042,1161,551,610,290,152,138,
8725,1163,563,600,2035,989,1046,2325,1131,1194,2034,991,1043,1161,551,610,291,153,138,
8730,1164,563,601,2035,989,1046,2326,1131,1195,2035,991,1044,1163,552,611,291,153,138,
8735,1164,563,601,2037,990,1047,2327,1132,1195,2036,991,1045,1164,553,611,291,153,138,
8740,1165,564,601,2039,992,1047,2330,1133,1197,2038,993,1045,1164,553,611,291,153,138,
8745,1166,564,602,2039,992,1047,2330,1133,1197,2039,993,1046,1164,553,611,291,153,138,
8750,1167,565,602,2041,992,1049,2333,1134,1199,2040,993,1047,1165,554,611,291,153,138,
8755,1167,565,602,2042,993,1049,2333,1134,1199,2041,994,1047,1165,554,611,292,154,138,
8760,1168,565,603,2042,993,1049,2334,1134,1200,2042,995,1047,1167,556,611,292,154,138,
8765,1168,565,603,2044,994,1050,2335,1135,1200,2043,996,1047,1168,556,612,292,154,138,
8770,1169,566,603,2046,995,1051,2338,1137,1201,2045,997,1048,1168,556,612,292,154,138,
8775,1170,567,603,2046,995,1051,2338,1137,1201,2046,997,1049,1168,556,612,292,154,138,
8780,1171,568,603,2048,996,1052,2341,1139,1202,2047,997,1050,1169,556,613,292,154,138,
8785,1171,568,603,2049,996,1053,2341,1139,1202,2048,998,1050,1169,556,613,293,155,138,
8790,1172,568,604,2049,996,1053,2342,1140,1202,2049,999,1050,1171,557,614,293,155,138,
8795,1172,568,604,2051,998,1053,2343,1141,1202,2050,999,1051,1172,558,614,293,155,138,
8800,1173,569,604,2053,1000,1053,2346,1144,1202,2052,1001,1051,1172,558,614,293,155,138,
8805,1174,569,605,2053,1000,1053,2346,1144,1202,2053,1001,1052,1172,558,614,293,155,138,
8810,1175,569,606,2055,1001,1054,2349,1145,1204,2054,1001,1053,1173,559,614,293,155,138,
8815,1175,569,606,2056,1002,1054,2349,1145,1204,2055,1002,1053,1173,559,614,294,155,139,
8820,1176,569,607,2056,1002,1054,2350,1146,1204,2056,1003,1053,1175,560,615,294,155,139,
8825,1176,569,607,2058,1003,1055,2351,1146,1205,2057,1004,1053,1176,561,615,294,155,139,
8830,1177,570,607,2060,1005,1055,2354,1147,1207,2059,1005,1054,1176,561,615,294,155,139,
8835,1178,571,607,2060,1005,1055,2354,1147,1207,2060,1006,1054,1176,561,615,294,155,139,
8840,1179,572,607,2062,1005,1057,2357,1150,1207,2061,1006,1055,1177,562,615,294,155,139,
8845,1179,572,607,2063,1006,1057,2357,1150,1207,2062,1007,1055,1177,562,615,295,156,139,
8850,1180,572,608,2063,1006,1057,2358,1150,1208,2063,1007,1056,1179,562,617,295,156,139,
8855,1180,572,608,2065,1007,1058,2359,1151,1208,2064,1007,1057,1180,562,618,295,156,139,
8860,1181,573,608,2067,1007,1060,2362,1152,1210,2066,1007,1059,1180,562,618,295,156,139,
8865,1182,574,608,2067,1007,1060,2362,1152,1210,2067,1007,1060,1180,562,618,295,156,139,
8870,1183,575,608,2069,1008,1061,2365,1154,1211,2068,1007,1061,1181,563,618,295,156,139,
8875,1183,575,608,2070,1009,1061,2365,1154,1211,2069,1007,1062,1181,563,618,296,156,140,
8880,1184,575,609,2070,1009,1061,2366,1154,1212,2070,1007,1063,1183,564,619,296,156,140,
8885,1184,575,609,2072,1010,1062,2367,1155,1212,2071,1007,1064,1184,565,619,296,156,140,
8890,1185,576,609,2074,1011,1063,2370,1157,1213,2073,1008,1065,1184,565,619,296,156,140,
8895,1186,576,610,2074,1011,1063,2370,1157,1213,2074,1009,1065,1184,565,619,296,156,140,
8900,1187,576,611,2076,1012,1064,2373,1158,1215,2075,1009,1066,1185,566,619,296,156,140,
8905,1187,576,611,2077,1012,1065,2373,1158,1215,2076,1010,1066,1185,566,619,297,157,140,
8910,1188,577,611,2077,1012,1065,2374,1158,1216,2077,1010,1067,1187,567,620,297,157,140,
8915,1188,577,611,2079,1013,1066,2375,1158,1217,2078,1010,1068,1188,567,621,297,157,140,
8920,1189,578,611,2081,1014,1067,2378,1160,1218,2080,1012,1068,1188,567,621,297,157,140,
8925,1190,578,612,2081,1014,1067,2378,1160,1218,2081,1013,1068,1188,567,621,297,157,140,
8930,1191,578,613,2083,1015,1068,2381,1161,1220,2082,1013,1069,1189,567,622,297,157,140,
8935,1191,578,613,2084,1016,1068,2381,1161,1220,2083,1014,1069,1189,567,622,298,158,140,
8940,1192,579,613,2084,1016,1068,2382,1161,1221,2084,1014,1070,1191,569,622,298,158,140,
8945,1192,579,613,2086,1017,1069,2383,1162,1221,2085,1014,1071,1192,569,623,298,158,140,
8950,1193,580,613,2088,1019,1069,2386,1164,1222,2087,1015,1072,1192,569,623,298,158,140,
8955,1194,580,614,2088,1019,1069,2386,1164,1222,2088,1016,1072,1192,569,623,298,158,140,
8960,1195,580,615,2090,1020,1070,2389,1166,1223,2089,1017,1072,1193,570,623,298,158,140,
8965,1195,580,615,2091,1021,1070,2389,1166,1223,2090,1018,1072,1193,570,623,299,158,141,
8970,1196,581,615,2091,1021,1070,2390,1166,1224,2091,1018,1073,1195,571,624,299,158,141,
8975,1196,581,615,2093,1021,1072,2391,1166,1225,2092,1019,1073,1196,571,625,299,158,141,
8980,1197,582,615,2095,1022,1073,2394,1167,1227,2094,1020,1074,1196,571,625,299,158,141,
8985,1198,583,615,2095,1022,1073,2394,1167,1227,2095,1021,1074,1196,571,625,299,158,141,
8990,1199,584,615,2097,1022,1075,2397,1168,1229,2096,1021,1075,1197,572,625,299,158,141,
8995,1199,584,615,2098,1022,1076,2397,1168,1229,2097,1021,1076,1197,572,625,300,158,142,
9000,1200,584,616,2098,1022,1076,2398,1168,1230,2098,1021,1077,1199,572,627,300,158,142,
9005,1200,584,616,2100,1023,1077,2399,1168,1231,2099,1022,1077,1200,572,628,300,158,142,
9010,1201,585,616,2102,1025,1077,2402,1169,1233,2101,1023,1078,1200,572,628,300,158,142,
9015,1202,585,617,2102,1025,1077,2402,1169,1233,2102,1023,1079,1200,572,628,300,158,142,
9020,1203,586,617,2104,1027,1077,2405,1170,1235,2103,1023,1080,1201,573,628,300,158,142,
9025,1203,586,617,2105,1027,1078,2405,1170,1235,2104,1023,1081,1201,573,628,301,158,143,
9030,1204,587,617,2105,1027,1078,2406,1170,1236,2105,1024,1081,1203,575,628,301,158,143,
9035,1204,587,617,2107,1027,1080,2407,1170,1237,2106,1025,1081,1204,575,629,301,158,143,
9040,1205,587,618,2109,1027,1082,2410,1172,1238,2108,1026,1082,1204,575,629,301,158,143,
9045,1206,587,619,2109,1027,1082,2410,1172,1238,2109,1026,1083,1204,575,629,301,158,143,
9050,1207,588,619,2111,1028,1083,2413,1174,1239,2110,1027,1083,1205,575,630,301,158,143,
9055,1207,588,619,2112,1028,1084,2413,1174,1239,2111,1028,1083,1205,575,630,302,158,144,
9060,1208,588,620,2112,1028,1084,2414,1175,1239,2112,1029,1083,1207,575,632,302,158,144,
9065,1208,588,620,2114,1028,1086,2415,1176,1239,2113,1029,1084,1208,576,632,302,158,144,
9070,1209,589,620,2116,1030,1086,2418,1177,1241,2115,1029,1086,1208,576,632,302,158,144,
9075,1210,589,621,2116,1030,1086,2418,1177,1241,2116,1029,1087,1208,576,632,302,158,144,
9080,1211,590,621,2118,1032,1086,2421,1177,1244,2117,1029,1088,1209,576,633,302,158,144,
9085,1211,590,621,2119,1033,1086,2421,1177,1244,2118,1029,1089,1209,576,633,303,159,144,
9090,1212,591,621,2119,1033,1086,2422,1178,1244,2119,1029,1090,1211,578,633,303,159,144,
9095,1212,591,621,2121,1034,1087,2423,1178,1245,2120,1029,1091,1212,579,633,303,159,144,
9100,1213,591,622,2123,1034,1089,2426,1181,1245,2122,1030,1092,1212,579,633,303,159,144,
9105,1214,591,623,2123,1034,1089,2426,1181,1245,2123,1030,1093,1212,579,633,303,159,144,
9110,1215,591,624,2125,1035,1090,2429,1183,1246,2124,1030,1094,1213,580,633,303,159,144,
9115,1215,591,624,2126,1036,1090,2429,1183,1246,2125,1030,1095,1213,580,633,304,160,144,
9120,1216,591,625,2126,1036,1090,2430,1183,1247,2126,1030,1096,1215,581,634,304,160,144,
9125,1216,591,625,2128,1037,1091,2431,1183,1248,2127,1030,1097,1216,582,634,304,160,144,
9130,1217,592,625,2130,1038,1092,2434,1185,1249,2129,1031,1098,1216,582,634,304,160,144,
9135,1218,592,626,2130,1038,1092,2434,1185,1249,2130,1031,1099,1216,582,634,304,160,144,
9140,1219,593,626,2132,1040,1092,2437,1188,1249,2131,1032,1099,1217,582,635,304,160,144,
9145,1219,593,626,2133,1041,1092,2437,1188,1249,2132,1032,1100,1217,582,635,305,161,144,
9150,1220,594,626,2133,1041,1092,2438,1189,1249,2133,1032,1101,1219,583,636,305,161,144,
9155,1220,594,626,2135,1042,1093,2439,1190,1249,2134,1033,1101,1220,584,636,305,161,144,
9160,1221,594,627,2137,1043,1094,2442,1192,1250,2136,1035,1101,1220,584,636,305,161,144,
9165,1222,595,627,2137,1043,1094,2442,1192,1250,2137,1036,1101,1220,584,636,305,161,144,
9170,1223,596,627,2139,1044,1095,2445,1193,1252,2138,1037,1101,1221,584,637,305,161,144,
9175,1223,596,627,2140,1045,1095,2445,1193,1252,2139,1037,1102,1221,584,637,306,161,145,
9180,1224,597,627,2140,1045,1095,2446,1194,1252,2140,1038,1102,1223,586,637,306,161,145,
9185,1224,597,627,2142,1045,1097,2447,1194,1253,2141,1038,1103,1224,587,637,306,161,145,
9190,1225,597,628,2144,1046,1098,2450,1197,1253,2143,1040,1103,1224,587,637,306,161,145,
9195,1226,598,628,2144,1046,1098,2450,1197,1253,2144,1040,1104,1224,587,637,306,161,145,
9200,1227,599,628,2146,1047,1099,2453,1200,1253,2145,1040,1105,1225,587,638,306,161,145,
9205,1227,599,628,2147,1047,1100,2453,1200,1253,2146,1041,1105,1225,587,638,307,161,146,
9210,1228,599,629,2147,1047,1100,2454,1201,1253,2147,1041,1106,1227,588,639,307,161,146,
9215,1228,599,629,2149,1048,1101,2455,1201,1254,2148,1041,1107,1228,589,639,307,161,146,
9220,1229,600,629,2151,1050,1101,2458,1203,1255,2150,1043,1107,1228,589,639,307,161,146,
9225,1230,601,629,2151,1050,1101,2458,1203,1255,2151,1043,1108,1228,589,639,307,161,146,
9230,1231,602,629,2153,1051,1102,2461,1205,1256,2152,1044,1108,1229,589,640,307,161,146,
9235,1231,602,629,2154,1051,1103,2461,1205,1256,2153,1045,1108,1229,589,640,308,161,147,
9240,1232,602,630,2154,1051,1103,2462,1205,1257,2154,1045,1109,1231,590,641,308,161,147,
9245,1232,602,630,2156,1053,1103,2463,1205,1258,2155,1046,1109,1232,590,642,308,161,147,
9250,1233,602,631,2158,1055,1103,2466,1206,1260,2157,1046,1111,1232,590,642,308,161,147,
9255,1234,602,632,2158,1055,1103,2466,1206,1260,2158,1047,1111,1232,590,642,308,161,147,
9260,1235,603,632,2160,1056,1104,2469,1208,1261,2159,1047,1112,1233,591,642,308,161,147,
9265,1235,603,632,2161,1057,1104,2469,1208,1261,2160,1047,1113,1233,591,642,309,161,148,
9270,1236,603,633,2161,1057,1104,2470,1209,1261,2161,1048,1113,1235,591,644,309,161,148,
9275,1236,603,633,2163,1058,1105,2471,1209,1262,2162,1049,1113,1236,591,645,309,161,148,
9280,1237,604,633,2165,1059,1106,2474,1211,1263,2164,1050,1114,1236,591,645,309,161,148,
9285,1238,605,633,2165,1059,1106,2474,1211,1263,2165,1051,1114,1236,591,645,309,161,148,
9290,1239,606,633,2167,1060,1107,2477,1214,1263,2166,1052,1114,1237,591,646,309,161,148,
9295,1239,606,633,2168,1061,1107,2477,1214,1263,2167,1052,1115,1237,591,646,310,161,149,
9300,1240,607,633,2168,1061,1107,2478,1215,1263,2168,1053,1115,1239,593,646,310,161,149,
9305,1240,607,633,2170,1062,1108,2479,1215,1264,2169,1053,1116,1240,594,646,310,161,149,
9310,1241,608,633,2172,1063,1109,2482,1216,1266,2171,1055,1116,1240,594,646,310,161,149,
9315,1242,608,634,2172,1063,1109,2482,1216,1266,2172,1056,1116,1240,594,646,310,161,149,
9320,1243,609,634,2174,1064,1110,2485,1218,1267,2173,1056,1117,1241,594,647,310,161,149,
9325,1243,609,634,2175,1064,1111,2485,1218,1267,2174,1057,1117,1241,594,647,311,162,149,
9330,1244,610,634,2175,1064,1111,2486,1219,1267,2175,1058,1117,1243,595,648,311,162,149,
9335,1244,610,634,2177,1064,1113,2487,1220,1267,2176,1058,1118,1244,596,648,311,162,149,
9340,1245,610,635,2179,1066,1113,2490,1222,1268,2178,1058,1120,1244,596,648,311,162,149,
9345,1246,610,636,2179,1066,1113,2490,1222,1268,2179,1058,1121,1244,596,648,311,162,149,
9350,1247,611,636,2181,1067,1114,2493,1225,1268,2180,1059,1121,1245,597,648,311,162,149,
9355,1247,611,636,2182,1068,1114,2493,1225,1268,2181,1060,1121,1245,597,648,312,162,150,
9360,1248,611,637,2182,1068,1114,2494,1226,1268,2182,1061,1121,1247,598,649,312,162,150,
9365,1248,611,637,2184,1069,1115,2495,1227,1268,2183,1061,1122,1248,599,649,312,162,150,
9370,1249,612,637,2186,1070,1116,2498,1228,1270,2185,1061,1124,1248,599,649,312,162,150,
9375,1250,612,638,2186,1070,1116,2498,1228,1270,2186,1062,1124,1248,599,649,312,162,150,
9380,1251,612,639,2188,1071,1117,2501,1229,1272,2187,1062,1125,1249,600,649,312,162,150,
9385,1251,612,639,2189,1072,1117,2501,1229,1272,2188,1062,1126,1249,600,649,313,162,151,
9390,1252,612,640,2189,1072,1117,2502,1230,1272,2189,1063,1126,1251,601,650,313,162,151,
9395,1252,612,640,2191,1074,1117,2503,1231,1272,2190,1063,1127,1252,601,651,313,162,151,
9400,1253,612,641,2193,1076,1117,2506,1231,1275,2192,1063,1129,1252,601,651,313,162,151,
9405,1254,612,642,2193,1076,1117,2506,1231,1275,2193,1064,1129,1252,601,651,313,162,151,
9410,1255,613,642,2195,1078,1117,2509,1233,1276,2194,1064,1130,1253,601,652,313,162,151,
9415,1255,613,642,2196,1078,1118,2509,1233,1276,2195,1064,1131,1253,601,652,314,163,151,
9420,1256,613,643,2196,1078,1118,2510,1233,1277,2196,1065,1131,1255,602,653,314,163,151,
9425,1256,613,643,2198,1080,1118,2511,1233,1278,2197,1065,1132,1256,603,653,314,163,151,
9430,1257,614,643,2200,1081,1119,2514,1235,1279,2199,1066,1133,1256,603,653,314,163,151,
9435,1258,614,644,2200,1081,1119,2514,1235,1279,2200,1066,1134,1256,603,653,314,163,151,
9440,1259,615,644,2202,1083,1119,2517,1237,1280,2201,1067,1134,1257,604,653,314,163,151,
9445,1259,615,644,2203,1084,1119,2517,1237,1280,2202,1067,1135,1257,604,653,315,164,151,
9450,1260,615,645,2203,1084,1119,2518,1237,1281,2203,1067,1136,1259,605,654,315,164,151,
9455,1260,615,645,2205,1086,1119,2519,1238,1281,2204,1067,1137,1260,605,655,315,164,151,
9460,1261,616,645,2207,1087,1120,2522,1239,1283,2206,1068,1138,1260,605,655,315,164,151,
9465,1262,616,646,2207,1087,1120,2522,1239,1283,2207,1069,1138,1260,605,655,315,164,151,
9470,1263,616,647,2209,1088,1121,2525,1240,1285,2208,1070,1138,1261,605,656,315,164,151,
9475,1263,616,647,2210,1088,1122,2525,1240,1285,2209,1070,1139,1261,605,656,316,165,151,
9480,1264,616,648,2210,1088,1122,2526,1241,1285,2210,1071,1139,1263,606,657,316,165,151,
9485,1264,616,648,2212,1089,1123,2527,1242,1285,2211,1071,1140,1264,606,658,316,165,151,
9490,1265,617,648,2214,1090,1124,2530,1243,1287,2213,1072,1141,1264,606,658,316,165,151,
9495,1266,617,649,2214,1090,1124,2530,1243,1287,2214,1072,1142,1264,606,658,316,165,151,
9500,1267,618,649,2216,1090,1126,2533,1244,1289,2215,1072,1143,1265,606,659,316,165,151,
9505,1267,618,649,2217,1091,1126,2533,1244,1289,2216,1072,1144,1265,606,659,317,165,152,
9510,1268,618,650,2217,1091,1126,2534,1244,1290,2217,1072,1145,1267,606,661,317,165,152,
9515,1268,618,650,2219,1092,1127,2535,1244,1291,2218,1073,1145,1268,606,662,317,165,152,
9520,1269,619,650,2221,1094,1127,2538,1246,1292,2220,1074,1146,1268,606,662,317,165,152,
9525,1270,620,650,2221,1094,1127,2538,1246,1292,2221,1074,1147,1268,606,662,317,165,152,
9530,1271,620,651,2223,1095,1128,2541,1248,1293,2222,1074,1148,1269,607,662,317,165,152,
9535,1271,620,651,2224,1095,1129,2541,1248,1293,2223,1074,1149,1269,607,662,318,166,152,
9540,1272,620,652,2224,1095,1129,2542,1248,1294,2224,1074,1150,1271,608,663,318,166,152,
9545,1272,620,652,2226,1096,1130,2543,1248,1295,2225,1075,1150,1272,609,663,318,166,152,
9550,1273,621,652,2228,1098,1130,2546,1249,1297,2227,1076,1151,1272,609,663,318,166,152,
9555,1274,622,652,2228,1098,1130,2546,1249,1297,2228,1077,1151,1272,609,663,318,166,152,
9560,1275,622,653,2230,1099,1131,2549,1250,1299,2229,1078,1151,1273,610,663,318,166,152,
9565,1275,622,653,2231,1099,1132,2549,1250,1299,2230,1079,1151,1273,610,663,319,167,152,
9570,1276,623,653,2231,1099,1132,2550,1251,1299,2231,1080,1151,1275,610,665,319,167,152,
9575,1276,623,653,2233,1101,1132,2551,1252,1299,2232,1080,1152,1276,611,665,319,167,152,
9580,1277,623,654,2235,1102,1133,2554,1253,1301,2234,1081,1153,1276,611,665,319,167,152,
9585,1278,624,654,2235,1102,1133,2554,1253,1301,2235,1081,1154,1276,611,665,319,167,152,
9590,1279,625,654,2237,1103,1134,2557,1255,1302,2236,1082,1154,1277,611,666,319,167,152,
9595,1279,625,654,2238,1103,1135,2557,1255,1302,2237,1083,1154,1277,611,666,320,168,152,
9600,1280,626,654,2238,1103,1135,2558,1256,1302,2238,1084,1154,1279,611,668,320,168,152,
9605,1280,626,654,2240,1104,1136,2559,1257,1302,2239,1084,1155,1280,611,669,320,168,152,
9610,1281,627,654,2242,1105,1137,2562,1257,1305,2241,1086,1155,1280,611,669,320,168,152,
9615,1282,627,655,2242,1105,1137,2562,1257,1305,2242,1087,1155,1280,611,669,320,168,152,
9620,1283,628,655,2244,1106,1138,2565,1258,1307,2243,1087,1156,1281,612,669,320,168,152,
9625,1283,628,655,2245,1106,1139,2565,1258,1307,2244,1088,1156,1281,612,669,321,169,152,
9630,1284,628,656,2245,1106,1139,2566,1258,1308,2245,1088,1157,1283,613,670,321,169,152,
9635,1284,628,656,2247,1107,1140,2567,1258,1309,2246,1089,1157,1284,613,671,321,169,152,
9640,1285,629,656,2249,1107,1142,2570,1260,1310,2248,1089,1159,1284,613,671,321,169,152,
9645,1286,630,656,2249,1107,1142,2570,1260,1310,2249,1089,1160,1284,613,671,321,169,152,
9650,1287,630,657,2251,1108,1143,2573,1261,1312,2250,1090,1160,1285,613,672,321,169,152,
9655,1287,630,657,2252,1109,1143,2573,1261,1312,2251,1090,1161,1285,613,672,322,169,153,
9660,1288,630,658,2252,1109,1143,2574,1261,1313,2252,1091,1161,1287,613,674,322,169,153,
9665,1288,630,658,2254,1110,1144,2575,1261,1314,2253,1092,1161,1288,613,675,322,169,153,
9670,1289,630,659,2256,1111,1145,2578,1262,1316,2255,1093,1162,1288,613,675,322,169,153,
9675,1290,630,660,2256,1111,1145,2578,1262,1316,2256,1093,1163,1288,613,675,322,169,153,
9680,1291,630,661,2258,1112,1146,2581,1262,1319,2257,1093,1164,1289,613,676,322,169,153,
9685,1291,630,661,2259,1112,1147,2581,1262,1319,2258,1093,1165,1289,613,676,323,170,153,
9690,1292,630,662,2259,1112,1147,2582,1262,1320,2259,1094,1165,1291,614,677,323,170,153,
9695,1292,630,662,2261,1114,1147,2583,1262,1321,2260,1095,1165,1292,614,678,323,170,153,
9700,1293,630,663,2263,1115,1148,2586,1265,1321,2262,1095,1167,1292,614,678,323,170,153,
9705,1294,631,663,2263,1115,1148,2586,1265,1321,2263,1096,1167,1292,614,678,323,170,153,
9710,1295,632,663,2265,1115,1150,2589,1267,1322,2264,1097,1167,1293,615,678,323,170,153,
9715,1295,632,663,2266,1116,1150,2589,1267,1322,2265,1098,1167,1293,615,678,324,170,154,
9720,1296,632,664,2266,1116,1150,2590,1267,1323,2266,1099,1167,1295,616,679,324,170,154,
9725,1296,632,664,2268,1116,1152,2591,1267,1324,2267,1099,1168,1296,617,679,324,170,154,
9730,1297,632,665,2270,1117,1153,2594,1268,1326,2269,1100,1169,1296,617,679,324,170,154,
9735,1298,633,665,2270,1117,1153,2594,1268,1326,2270,1101,1169,1296,617,679,324,170,154,
9740,1299,633,666,2272,1118,1154,2597,1269,1328,2271,1101,1170,1297,618,679,324,170,154,
9745,1299,633,666,2273,1119,1154,2597,1269,1328,2272,1101,1171,1297,618,679,325,171,154,
9750,1300,633,667,2273,1119,1154,2598,1270,1328,2273,1102,1171,1299,620,679,325,171,154,
9755,1300,633,667,2275,1120,1155,2599,1270,1329,2274,1102,1172,1300,620,680,325,171,154,
9760,1301,633,668,2277,1122,1155,2602,1271,1331,2276,1103,1173,1300,620,680,325,171,154,
9765,1302,634,668,2277,1122,1155,2602,1271,1331,2277,1104,1173,1300,620,680,325,171,154,
9770,1303,634,669,2279,1124,1155,2605,1272,1333,2278,1105,1173,1301,620,681,325,171,154,
9775,1303,634,669,2280,1124,1156,2605,1272,1333,2279,1105,1174,1301,620,681,326,171,155,
9780,1304,634,670,2280,1124,1156,2606,1273,1333,2280,1105,1175,1303,620,683,326,171,155,
9785,1304,634,670,2282,1125,1157,2607,1273,1334,2281,1106,1175,1304,620,684,326,171,155,
9790,1305,634,671,2284,1126,1158,2610,1275,1335,2283,1106,1177,1304,620,684,326,171,155,
9795,1306,635,671,2284,1126,1158,2610,1275,1335,2284,1107,1177,1304,620,684,326,171,155,
9800,1307,635,672,2286,1128,1158,2613,1277,1336,2285,1108,1177,1305,621,684,326,171,155,
9805,1307,635,672,2287,1129,1158,2613,1277,1336,2286,1108,1178,1305,621,684,327,172,155,
9810,1308,636,672,2287,1129,1158,2614,1278,1336,2287,1108,1179,1307,623,684,327,172,155,
9815,1308,636,672,2289,1130,1159,2615,1279,1336,2288,1109,1179,1308,623,685,327,172,155,
9820,1309,637,672,2291,1130,1161,2618,1280,1338,2290,1110,1180,1308,623,685,327,172,155,
9825,1310,637,673,2291,1130,1161,2618,1280,1338,2291,1111,1180,1308,623,685,327,172,155,
9830,1311,638,673,2293,1131,1162,2621,1282,1339,2292,1111,1181,1309,623,686,327,172,155,
9835,1311,638,673,2294,1131,1163,2621,1282,1339,2293,1112,1181,1309,623,686,328,173,155,
9840,1312,638,674,2294,1131,1163,2622,1282,1340,2294,1112,1182,1311,624,687,328,173,155,
9845,1312,638,674,2296,1133,1163,2623,1282,1341,2295,1113,1182,1312,624,688,328,173,155,
9850,1313,639,674,2298,1135,1163,2626,1285,1341,2297,1113,1184,1312,624,688,328,173,155,
9855,1314,640,674,2298,1135,1163,2626,1285,1341,2298,1113,1185,1312,624,688,328,173,155,
9860,1315,640,675,2300,1136,1164,2629,1285,1344,2299,1113,1186,1313,624,689,328,173,155,
9865,1315,640,675,2301,1137,1164,2629,1285,1344,2300,1113,1187,1313,624,689,329,174,155,
9870,1316,640,676,2301,1137,1164,2630,1286,1344,2301,1114,1187,1315,625,690,329,174,155,
9875,1316,640,676,2303,1138,1165,2631,1287,1344,2302,1114,1188,1316,625,691,329,174,155,
9880,1317,640,677,2305,1139,1166,2634,1287,1347,2304,1116,1188,1316,625,691,329,174,155,
9885,1318,640,678,2305,1139,1166,2634,1287,1347,2305,1116,1189,1316,625,691,329,174,155,
9890,1319,640,679,2307,1140,1167,2637,1289,1348,2306,1117,1189,1317,625,692,329,174,155,
9895,1319,640,679,2308,1140,1168,2637,1289,1348,2307,1118,1189,1317,625,692,330,174,156,
9900,1320,641,679,2308,1140,1168,2638,1289,1349,2308,1118,1190,1319,627,692,330,174,156,
9905,1320,641,679,2310,1142,1168,2639,1289,1350,2309,1118,1191,1320,627,693,330,174,156,
9910,1321,641,680,2312,1143,1169,2642,1290,1352,2311,1119,1192,1320,627,693,330,174,156,
9915,1322,642,680,2312,1143,1169,2642,1290,1352,2312,1119,1193,1320,627,693,330,174,156,
9920,1323,643,680,2314,1145,1169,2645,1291,1354,2313,1120,1193,1321,628,693,330,174,156,
9925,1323,643,680,2315,1146,1169,2645,1291,1354,2314,1121,1193,1321,628,693,331,174,157,
9930,1324,644,680,2315,1146,1169,2646,1291,1355,2315,1121,1194,1323,629,694,331,174,157,
9935,1324,644,680,2317,1146,1171,2647,1291,1356,2316,1122,1194,1324,629,695,331,174,157,
9940,1325,645,680,2319,1147,1172,2650,1291,1359,2318,1122,1196,1324,629,695,331,174,157,
9945,1326,646,680,2319,1147,1172,2650,1291,1359,2319,1123,1196,1324,629,695,331,174,157,
9950,1327,646,681,2321,1148,1173,2653,1291,1362,2320,1124,1196,1325,630,695,331,174,157,
9955,1327,646,681,2322,1148,1174,2653,1291,1362,2321,1124,1197,1325,630,695,332,174,158,
9960,1328,646,682,2322,1148,1174,2654,1292,1362,2322,1124,1198,1327,631,696,332,174,158,
9965,1328,646,682,2324,1149,1175,2655,1293,1362,2323,1125,1198,1328,632,696,332,174,158,
9970,1329,646,683,2326,1150,1176,2658,1294,1364,2325,1125,1200,1328,632,696,332,174,158,
9975,1330,647,683,2326,1150,1176,2658,1294,1364,2326,1125,1201,1328,632,696,332,174,158,
9980,1331,648,683,2328,1151,1177,2661,1295,1366,2327,1125,1202,1329,633,696,332,174,158,
9985,1331,648,683,2329,1151,1178,2661,1295,1366,2328,1125,1203,1329,633,696,333,175,158,
9990,1332,649,683,2329,1151,1178,2662,1296,1366,2329,1126,1203,1331,635,696,333,175,158,
9995,1332,649,683,2331,1152,1179,2663,1297,1366,2330,1127,1203,1332,636,696,333,175,158,
10000,1333,650,683,2333,1154,1179,2666,1298,1368,2332,1128,1204,1332,636,696,333,175,158,
10005,1334,651,683,2333,1154,1179,2666,1298,1368,2333,1129,1204,1332,636,696,333,175,158,
10010,1335,651,684,2335,1155,1180,2669,1298,1371,2334,1129,1205,1333,637,696,333,175,158,
10015,1335,651,684,2336,1156,1180,2669,1298,1371,2335,1130,1205,1333,637,696,334,175,159,
10020,1336,652,684,2336,1156,1180,2670,1298,1372,2336,1131,1205,1335,639,696,334,175,159,
10025,1336,652,684,2338,1156,1182,2671,1298,1373,2337,1132,1205,1336,640,696,334,175,159,
10030,1337,652,685,2340,1157,1183,2674,1299,1375,2339,1133,1206,1336,640,696,334,175,159,
10035,1338,653,685,2340,1157,1183,2674,1299,1375,2340,1133,1207,1336,640,696,334,175,159,
10040,1339,654,685,2342,1157,1185,2677,1301,1376,2341,1133,1208,1337,640,697,334,175,159,
10045,1339,654,685,2343,1158,1185,2677,1301,1376,2342,1133,1209,1337,640,697,335,176,159,
10050,1340,655,685,2343,1158,1185,2678,1302,1376,2343,1134,1209,1339,642,697,335,176,159,
10055,1340,655,685,2345,1160,1185,2679,1303,1376,2344,1135,1209,1340,642,698,335,176,159,
10060,1341,656,685,2347,1162,1185,2682,1305,1377,2346,1137,1209,1340,642,698,335,176,159,
10065,1342,657,685,2347,1162,1185,2682,1305,1377,2347,1137,1210,1340,642,698,335,176,159,
10070,1343,658,685,2349,1163,1186,2685,1308,1377,2348,1138,1210,1341,642,699,335,176,159,
10075,1343,658,685,2350,1163,1187,2685,1308,1377,2349,1138,1211,1341,642,699,336,176,160,
10080,1344,659,685,2350,1163,1187,2686,1309,1377,2350,1138,1212,1343,644,699,336,176,160,
10085,1344,659,685,2352,1164,1188,2687,1310,1377,2351,1138,1213,1344,644,700,336,176,160,
10090,1345,659,686,2354,1166,1188,2690,1312,1378,2353,1139,1214,1344,644,700,336,176,160,
10095,1346,660,686,2354,1166,1188,2690,1312,1378,2354,1140,1214,1344,644,700,336,176,160,
10100,1347,661,686,2356,1166,1190,2693,1314,1379,2355,1141,1214,1345,644,701,336,176,160,
10105,1347,661,686,2357,1167,1190,2693,1314,1379,2356,1141,1215,1345,644,701,337,176,161,
10110,1348,661,687,2357,1167,1190,2694,1314,1380,2357,1142,1215,1347,645,702,337,176,161,
10115,1348,661,687,2359,1167,1192,2695,1314,1381,2358,1142,1216,1348,645,703,337,176,161,
10120,1349,662,687,2361,1169,1192,2698,1314,1384,2360,1142,1218,1348,645,703,337,176,161,
10125,1350,662,688,2361,1169,1192,2698,1314,1384,2361,1143,1218,1348,645,703,337,176,161,
10130,1351,662,689,2363,1170,1193,2701,1316,1385,2362,1144,1218,1349,645,704,337,176,161,
10135,1351,662,689,2364,1170,1194,2701,1316,1385,2363,1145,1218,1349,645,704,338,176,162,
10140,1352,662,690,2364,1170,1194,2702,1316,1386,2364,1146,1218,1351,645,706,338,176,162,
10145,1352,662,690,2366,1172,1194,2703,1316,1387,2365,1147,1218,1352,646,706,338,176,162,
10150,1353,662,691,2368,1173,1195,2706,1316,1390,2367,1148,1219,1352,646,706,338,176,162,
10155,1354,663,691,2368,1173,1195,2706,1316,1390,2368,1149,1219,1352,646,706,338,176,162,
10160,1355,663,692,2370,1174,1196,2709,1317,1392,2369,1150,1219,1353,646,707,338,176,162,
10165,1355,663,692,2371,1175,1196,2709,1317,1392,2370,1150,1220,1353,646,707,339,176,163,
10170,1356,663,693,2371,1175,1196,2710,1317,1393,2371,1151,1220,1355,647,708,339,176,163,
10175,1356,663,693,2373,1176,1197,2711,1317,1394,2372,1152,1220,1356,648,708,339,176,163,
10180,1357,664,693,2375,1178,1197,2714,1318,1396,2374,1153,1221,1356,648,708,339,176,163,
10185,1358,664,694,2375,1178,1197,2714,1318,1396,2375,1153,1222,1356,648,708,339,176,163,
10190,1359,664,695,2377,1180,1197,2717,1319,1398,2376,1153,1223,1357,648,709,339,176,163,
10195,1359,664,695,2378,1181,1197,2717,1319,1398,2377,1154,1223,1357,648,709,340,177,163,
10200,1360,665,695,2378,1181,1197,2718,1319,1399,2378,1154,1224,1359,649,710,340,177,163,
10205,1360,665,695,2380,1183,1197,2719,1320,1399,2379,1155,1224,1360,649,711,340,177,163,
10210,1361,665,696,2382,1185,1197,2722,1322,1400,2381,1157,1224,1360,649,711,340,177,163,
10215,1362,665,697,2382,1185,1197,2722,1322,1400,2382,1158,1224,1360,649,711,340,177,163,
10220,1363,666,697,2384,1186,1198,2725,1323,1402,2383,1159,1224,1361,650,711,340,177,163,
10225,1363,666,697,2385,1187,1198,2725,1323,1402,2384,1160,1224,1361,650,711,341,178,163,
10230,1364,666,698,2385,1187,1198,2726,1324,1402,2385,1160,1225,1363,651,712,341,178,163,
10235,1364,666,698,2387,1187,1200,2727,1325,1402,2386,1161,1225,1364,651,713,341,178,163,
10240,1365,666,699,2389,1188,1201,2730,1327,1403,2388,1162,1226,1364,651,713,341,178,163,
10245,1366,666,700,2389,1188,1201,2730,1327,1403,2389,1163,1226,1364,651,713,341,178,163,
10250,1367,666,701,2391,1189,1202,2733,1328,1405,2390,1163,1227,1365,652,713,341,178,163,
10255,1367,666,701,2392,1189,1203,2733,1328,1405,2391,1163,1228,1365,652,713,342,178,164,
10260,1368,667,701,2392,1189,1203,2734,1328,1406,2392,1163,1229,1367,652,715,342,178,164,
10265,1368,667,701,2394,1189,1205,2735,1328,1407,2393,1163,1230,1368,652,716,342,178,164,
10270,1369,668,701,2396,1190,1206,2738,1330,1408,2395,1164,1231,1368,652,716,342,178,164,
10275,1370,669,701,2396,1190,1206,2738,1330,1408,2396,1165,1231,1368,652,716,342,178,164,
10280,1371,670,701,2398,1192,1206,2741,1330,1411,2397,1166,1231,1369,652,717,342,178,164,
10285,1371,670,701,2399,1193,1206,2741,1330,1411,2398,1167,1231,1369,652,717,343,179,164,
10290,1372,671,701,2399,1193,1206,2742,1331,1411,2399,1167,1232,1371,653,718,343,179,164,
10295,1372,671,701,2401,1195,1206,2743,1331,1412,2400,1168,1232,1372,654,718,343,179,164,
10300,1373,672,701,2403,1195,1208,2746,1332,1414,2402,1170,1232,1372,654,718,343,179,164,
10305,1374,672,702,2403,1195,1208,2746,1332,1414,2403,1170,1233,1372,654,718,343,179,164,
10310,1375,673,702,2405,1195,1210,2749,1333,1416,2404,1170,1234,1373,654,719,343,179,164,
10315,1375,673,702,2406,1195,1211,2749,1333,1416,2405,1170,1235,1373,654,719,344,180,164,
10320,1376,674,702,2406,1195,1211,2750,1333,1417,2406,1170,1236,1375,654,721,344,180,164,
10325,1376,674,702,2408,1196,1212,2751,1333,1418,2407,1170,1237,1376,655,721,344,180,164,
10330,1377,675,702,2410,1196,1214,2754,1335,1419,2409,1172,1237,1376,655,721,344,180,164,
10335,1378,676,702,2410,1196,1214,2754,1335,1419,2410,1173,1237,1376,655,721,344,180,164,
10340,1379,676,703,2412,1197,1215,2757,1336,1421,2411,1174,1237,1377,655,722,344,180,164,
10345,1379,676,703,2413,1197,1216,2757,1336,1421,2412,1174,1238,1377,655,722,345,181,164,
10350,1380,677,703,2413,1197,1216,2758,1337,1421,2413,1174,1239,1379,656,723,345,181,164,
10355,1380,677,703,2415,1197,1218,2759,1337,1422,2414,1175,1239,1380,656,724,345,181,164,
10360,1381,678,703,2417,1199,1218,2762,1339,1423,2416,1175,1241,1380,656,724,345,181,164,
10365,1382,679,703,2417,1199,1218,2762,1339,1423,2417,1176,1241,1380,656,724,345,181,164,
10370,1383,680,703,2419,1199,1220,2765,1341,1424,2418,1177,1241,1381,656,725,345,181,164,
10375,1383,680,703,2420,1199,1221,2765,1341,1424,2419,1177,1242,1381,656,725,346,181,165,
10380,1384,680,704,2420,1199,1221,2766,1341,1425,2420,1177,1243,1383,658,725,346,181,165,
10385,1384,680,704,2422,1201,1221,2767,1341,1426,2421,1177,1244,1384,659,725,346,181,165,
10390,1385,681,704,2424,1202,1222,2770,1344,1426,2423,1178,1245,1384,659,725,346,181,165,
10395,1386,681,705,2424,1202,1222,2770,1344,1426,2424,1179,1245,1384,659,725,346,181,165,
10400,1387,682,705,2426,1202,1224,2773,1346,1427,2425,1179,1246,1385,660,725,346,181,165,
10405,1387,682,705,2427,1202,1225,2773,1346,1427,2426,1180,1246,1385,660,725,347,182,165,
10410,1388,683,705,2427,1202,1225,2774,1346,1428,2427,1180,1247,1387,660,727,347,182,165,
10415,1388,683,705,2429,1203,1226,2775,1346,1429,2428,1181,1247,1388,660,728,347,182,165,
10420,1389,683,706,2431,1203,1228,2778,1349,1429,2430,1182,1248,1388,660,728,347,182,165,
10425,1390,683,707,2431,1203,1228,2778,1349,1429,2431,1183,1248,1388,660,728,347,182,165,
10430,1391,684,707,2433,1204,1229,2781,1350,1431,2432,1183,1249,1389,661,728,347,182,165,
10435,1391,684,707,2434,1204,1230,2781,1350,1431,2433,1184,1249,1389,661,728,348,182,166,
10440,1392,685,707,2434,1204,1230,2782,1350,1432,2434,1185,1249,1391,661,730,348,182,166,
10445,1392,685,707,2436,1206,1230,2783,1351,1432,2435,1186,1249,1392,662,730,348,182,166,
10450,1393,685,708,2438,1208,1230,2786,1352,1434,2437,1187,1250,1392,662,730,348,182,166,
10455,1394,686,708,2438,1208,1230,2786,1352,1434,2438,1188,1250,1392,662,730,348,182,166,
10460,1395,686,709,2440,1209,1231,2789,1354,1435,2439,1189,1250,1393,662,731,348,182,166,
10465,1395,686,709,2441,1210,1231,2789,1354,1435,2440,1189,1251,1393,662,731,349,183,166,
10470,1396,687,709,2441,1210,1231,2790,1354,1436,2441,1190,1251,1395,663,732,349,183,166,
10475,1396,687,709,2443,1211,1232,2791,1355,1436,2442,1191,1251,1396,663,733,349,183,166,
10480,1397,688,709,2445,1212,1233,2794,1356,1438,2444,1192,1252,1396,663,733,349,183,166,
10485,1398,688,710,2445,1212,1233,2794,1356,1438,2445,1193,1252,1396,663,733,349,183,166,
10490,1399,688,711,2447,1214,1233,2797,1358,1439,2446,1193,1253,1397,664,733,349,183,166,
10495,1399,688,711,2448,1214,1234,2797,1358,1439,2447,1194,1253,1397,664,733,350,183,167,
10500,1400,688,712,2448,1214,1234,2798,1358,1440,2448,1195,1253,1399,665,734,350,183,167,
10505,1400,688,712,2450,1214,1236,2799,1358,1441,2449,1195,1254,1400,665,735,350,183,167,
10510,1401,688,713,2452,1214,1238,2802,1359,1443,2451,1195,1256,1400,665,735,350,183,167,
10515,1402,689,713,2452,1214,1238,2802,1359,1443,2452,1195,1257,1400,665,735,350,183,167,
10520,1403,689,714,2454,1216,1238,2805,1361,1444,2453,1196,1257,1401,666,735,350,183,167,
10525,1403,689,714,2455,1216,1239,2805,1361,1444,2454,1197,1257,1401,666,735,351,183,168,
10530,1404,689,715,2455,1216,1239,2806,1362,1444,2455,1197,1258,1403,668,735,351,183,168,
10535,1404,689,715,2457,1217,1240,2807,1362,1445,2456,1198,1258,1404,668,736,351,183,168,
10540,1405,689,716,2459,1219,1240,2810,1363,1447,2458,1200,1258,1404,668,736,351,183,168,
10545,1406,689,717,2459,1219,1240,2810,1363,1447,2459,1201,1258,1404,668,736,351,183,168,
10550,1407,689,718,2461,1221,1240,2813,1366,1447,2460,1201,1259,1405,668,737,351,183,168,
10555,1407,689,718,2462,1222,1240,2813,1366,1447,2461,1202,1259,1405,668,737,352,184,168,
10560,1408,689,719,2462,1222,1240,2814,1367,1447,2462,1203,1259,1407,669,738,352,184,168,
10565,1408,689,719,2464,1222,1242,2815,1368,1447,2463,1203,1260,1408,670,738,352,184,168,
10570,1409,689,720,2466,1224,1242,2818,1370,1448,2465,1203,1262,1408,670,738,352,184,168,
10575,1410,689,721,2466,1224,1242,2818,1370,1448,2466,1204,1262,1408,670,738,352,184,168,
10580,1411,690,721,2468,1226,1242,2821,1372,1449,2467,1204,1263,1409,670,739,352,184,168,
10585,1411,690,721,2469,1226,1243,2821,1372,1449,2468,1205,1263,1409,670,739,353,184,169,
10590,1412,691,721,2469,1226,1243,2822,1372,1450,2469,1206,1263,1411,672,739,353,184,169,
10595,1412,691,721,2471,1227,1244,2823,1372,1451,2470,1206,1264,1412,673,739,353,184,169,
10600,1413,692,721,2473,1229,1244,2826,1374,1452,2472,1207,1265,1412,673,739,353,184,169,
10605,1414,693,721,2473,1229,1244,2826,1374,1452,2473,1208,1265,1412,673,739,353,184,169,
10610,1415,693,722,2475,1231,1244,2829,1376,1453,2474,1209,1265,1413,674,739,353,184,169,
10615,1415,693,722,2476,1232,1244,2829,1376,1453,2475,1209,1266,1413,674,739,354,184,170,
10620,1416,694,722,2476,1232,1244,2830,1376,1454,2476,1209,1267,1415,674,741,354,184,170,
10625,1416,694,722,2478,1234,1244,2831,1376,1455,2477,1210,1267,1416,675,741,354,184,170,
10630,1417,694,723,2480,1236,1244,2834,1378,1456,2479,1210,1269,1416,675,741,354,184,170,
10635,1418,695,723,2480,1236,1244,2834,1378,1456,2480,1210,1270,1416,675,741,354,184,170,
10640,1419,695,724,2482,1237,1245,2837,1380,1457,2481,1210,1271,1417,675,742,354,184,170,
10645,1419,695,724,2483,1238,1245,2837,1380,1457,2482,1211,1271,1417,675,742,355,185,170,
10650,1420,696,724,2483,1238,1245,2838,1380,1458,2483,1211,1272,1419,677,742,355,185,170,
10655,1420,696,724,2485,1240,1245,2839,1381,1458,2484,1212,1272,1420,677,743,355,185,170,
10660,1421,697,724,2487,1241,1246,2842,1383,1459,2486,1213,1273,1420,677,743,355,185,170,
10665,1422,698,724,2487,1241,1246,2842,1383,1459,2487,1213,1274,1420,677,743,355,185,170,
10670,1423,699,724,2489,1241,1248,2845,1384,1461,2488,1214,1274,1421,678,743,355,185,170,
10675,1423,699,724,2490,1241,1249,2845,1384,1461,2489,1215,1274,1421,678,743,356,185,171,
10680,1424,699,725,2490,1241,1249,2846,1385,1461,2490,1216,1274,1423,679,744,356,185,171,
10685,1424,699,725,2492,1242,1250,2847,1386,1461,2491,1217,1274,1424,680,744,356,185,171,
10690,1425,699,726,2494,1243,1251,2850,1386,1464,2493,1217,1276,1424,680,744,356,185,171,
10695,1426,700,726,2494,1243,1251,2850,1386,1464,2494,1217,1277,1424,680,744,356,185,171,
10700,1427,701,726,2496,1244,1252,2853,1388,1465,2495,1217,1278,1425,680,745,356,185,171,
10705,1427,701,726,2497,1244,1253,2853,1388,1465,2496,1218,1278,1425,680,745,357,185,172,
10710,1428,701,727,2497,1244,1253,2854,1389,1465,2497,1218,1279,1427,682,745,357,185,172,
10715,1428,701,727,2499,1245,1254,2855,1390,1465,2498,1218,1280,1428,682,746,357,185,172,
10720,1429,702,727,2501,1245,1256,2858,1392,1466,2500,1219,1281,1428,682,746,357,185,172,
10725,1430,702,728,2501,1245,1256,2858,1392,1466,2501,1220,1281,1428,682,746,357,185,172,
10730,1431,702,729,2503,1247,1256,2861,1392,1469,2502,1221,1281,1429,682,747,357,185,172,
10735,1431,702,729,2504,1248,1256,2861,1392,1469,2503,1222,1281,1429,682,747,358,185,173,
10740,1432,702,730,2504,1248,1256,2862,1392,1470,2504,1222,1282,1431,683,748,358,185,173,
10745,1432,702,730,2506,1250,1256,2863,1392,1471,2505,1223,1282,1432,683,749,358,185,173,
10750,1433,703,730,2508,1252,1256,2866,1393,1473,2507,1224,1283,1432,683,749,358,185,173,
10755,1434,703,731,2508,1252,1256,2866,1393,1473,2508,1224,1284,1432,683,749,358,185,173,
10760,1435,703,732,2510,1253,1257,2869,1396,1473,2509,1224,1285,1433,683,750,358,185,173,
10765,1435,703,732,2511,1254,1257,2869,1396,1473,2510,1225,1285,1433,683,750,359,185,174,
10770,1436,704,732,2511,1254,1257,2870,1396,1474,2511,1226,1285,1435,684,751,359,185,174,
10775,1436,704,732,2513,1255,1258,2871,1396,1475,2512,1226,1286,1436,685,751,359,185,174,
10780,1437,705,732,2515,1257,1258,2874,1396,1478,2514,1228,1286,1436,685,751,359,185,174,
10785,1438,705,733,2515,1257,1258,2874,1396,1478,2515,1228,1287,1436,685,751,359,185,174,
10790,1439,705,734,2517,1258,1259,2877,1399,1478,2516,1229,1287,1437,685,752,359,185,174,
10795,1439,705,734,2518,1259,1259,2877,1399,1478,2517,1229,1288,1437,685,752,360,185,175,
10800,1440,705,735,2518,1259,1259,2878,1400,1478,2518,1230,1288,1439,687,752,360,185,175,
10805,1440,705,735,2520,1260,1260,2879,1400,1479,2519,1230,1289,1440,687,753,360,185,175,
10810,1441,705,736,2522,1261,1261,2882,1402,1480,2521,1231,1290,1440,687,753,360,185,175,
10815,1442,705,737,2522,1261,1261,2882,1402,1480,2522,1232,1290,1440,687,753,360,185,175,
10820,1443,706,737,2524,1262,1262,2885,1402,1483,2523,1232,1291,1441,687,754,360,185,175,
10825,1443,706,737,2525,1262,1263,2885,1402,1483,2524,1233,1291,1441,687,754,361,185,176,
10830,1444,706,738,2525,1262,1263,2886,1403,1483,2525,1234,1291,1443,687,756,361,185,176,
10835,1444,706,738,2527,1264,1263,2887,1403,1484,2526,1234,1292,1444,688,756,361,185,176,
10840,1445,706,739,2529,1266,1263,2890,1405,1485,2528,1235,1293,1444,688,756,361,185,176,
10845,1446,706,740,2529,1266,1263,2890,1405,1485,2529,1236,1293,1444,688,756,361,185,176,
10850,1447,706,741,2531,1268,1263,2893,1406,1487,2530,1236,1294,1445,688,757,361,185,176,
10855,1447,706,741,2532,1269,1263,2893,1406,1487,2531,1237,1294,1445,688,757,362,186,176,
10860,1448,707,741,2532,1269,1263,2894,1407,1487,2532,1237,1295,1447,688,759,362,186,176,
10865,1448,707,741,2534,1271,1263,2895,1408,1487,2533,1237,1296,1448,689,759,362,186,176,
10870,1449,708,741,2536,1272,1264,2898,1411,1487,2535,1237,1298,1448,689,759,362,186,176,
10875,1450,708,742,2536,1272,1264,2898,1411,1487,2536,1237,1299,1448,689,759,362,186,176,
10880,1451,708,743,2538,1274,1264,2901,1414,1487,2537,1238,1299,1449,689,760,362,186,176,
10885,1451,708,743,2539,1274,1265,2901,1414,1487,2538,1239,1299,1449,689,760,363,187,176,
10890,1452,708,744,2539,1274,1265,2902,1415,1487,2539,1239,1300,1451,690,761,363,187,176,
10895,1452,708,744,2541,1276,1265,2903,1415,1488,2540,1240,1300,1452,690,762,363,187,176,
10900,1453,709,744,2543,1278,1265,2906,1417,1489,2542,1242,1300,1452,690,762,363,187,176,
10905,1454,709,745,2543,1278,1265,2906,1417,1489,2543,1243,1300,1452,690,762,363,187,176,
10910,1455,709,746,2545,1279,1266,2909,1419,1490,2544,1244,1300,1453,691,762,363,187,176,
10915,1455,709,746,2546,1279,1267,2909,1419,1490,2545,1244,1301,1453,691,762,364,188,176,
10920,1456,710,746,2546,1279,1267,2910,1420,1490,2546,1244,1302,1455,691,764,364,188,176,
10925,1456,710,746,2548,1280,1268,2911,1420,1491,2547,1245,1302,1456,691,765,364,188,176,
10930,1457,711,746,2550,1281,1269,2914,1421,1493,2549,1246,1303,1456,691,765,364,188,176,
10935,1458,712,746,2550,1281,1269,2914,1421,1493,2550,1246,1304,1456,691,765,364,188,176,
10940,1459,713,746,2552,1281,1271,2917,1422,1495,2551,1246,1305,1457,692,765,364,188,176,
10945,1459,713,746,2553,1281,1272,2917,1422,1495,2552,1247,1305,1457,692,765,365,188,177,
10950,1460,713,747,2553,1281,1272,2918,1422,1496,2553,1247,1306,1459,693,766,365,188,177,
10955,1460,713,747,2555,1283,1272,2919,1422,1497,2554,1248,1306,1460,694,766,365,188,177,
10960,1461,714,747,2557,1284,1273,2922,1423,1499,2556,1250,1306,1460,694,766,365,188,177,
10965,1462,714,748,2557,1284,1273,2922,1423,1499,2557,1250,1307,1460,694,766,365,188,177,
10970,1463,715,748,2559,1285,1274,2925,1424,1501,2558,1250,1308,1461,695,766,365,188,177,
10975,1463,715,748,2560,1285,1275,2925,1424,1501,2559,1251,1308,1461,695,766,366,189,177,
10980,1464,715,749,2560,1285,1275,2926,1424,1502,2560,1251,1309,1463,697,766,366,189,177,
10985,1464,715,749,2562,1286,1276,2927,1424,1503,2561,1251,1310,1464,698,766,366,189,177,
10990,1465,715,750,2564,1287,1277,2930,1424,1506,2563,1252,1311,1464,698,766,366,189,177,
10995,1466,715,751,2564,1287,1277,2930,1424,1506,2564,1253,1311,1464,698,766,366,189,177,
11000,1467,715,752,2566,1287,1279,2933,1425,1508,2565,1253,1312,1465,698,767,366,189,177,
11005,1467,715,752,2567,1288,1279,2933,1425,1508,2566,1253,1313,1465,698,767,367,190,177,
11010,1468,716,752,2567,1288,1279,2934,1426,1508,2567,1253,1314,1467,698,769,367,190,177,
11015,1468,716,752,2569,1289,1280,2935,1426,1509,2568,1254,1314,1468,698,770,367,190,177,
11020,1469,716,753,2571,1289,1282,2938,1428,1510,2570,1255,1315,1468,698,770,367,190,177,
11025,1470,716,754,2571,1289,1282,2938,1428,1510,2571,1256,1315,1468,698,770,367,190,177,
11030,1471,716,755,2573,1291,1282,2941,1429,1512,2572,1256,1316,1469,699,770,367,190,177,
11035,1471,716,755,2574,1291,1283,2941,1429,1512,2573,1257,1316,1469,699,770,368,191,177,
11040,1472,717,755,2574,1291,1283,2942,1429,1513,2574,1257,1317,1471,699,772,368,191,177,
11045,1472,717,755,2576,1291,1285,2943,1429,1514,2575,1258,1317,1472,699,773,368,191,177,
11050,1473,718,755,2578,1293,1285,2946,1430,1516,2577,1259,1318,1472,699,773,368,191,177,
11055,1474,718,756,2578,1293,1285,2946,1430,1516,2578,1260,1318,1472,699,773,368,191,177,
11060,1475,719,756,2580,1294,1286,2949,1430,1519,2579,1260,1319,1473,699,774,368,191,177,
11065,1475,719,756,2581,1294,1287,2949,1430,1519,2580,1260,1320,1473,699,774,369,192,177,
11070,1476,719,757,2581,1294,1287,2950,1430,1520,2581,1261,1320,1475,700,775,369,192,177,
11075,1476,719,757,2583,1295,1288,2951,1430,1521,2582,1261,1321,1476,701,775,369,192,177,
11080,1477,720,757,2585,1296,1289,2954,1433,1521,2584,1262,1322,1476,701,775,369,192,177,
11085,1478,721,757,2585,1296,1289,2954,1433,1521,2585,1262,1323,1476,701,775,369,192,177,
11090,1479,722,757,2587,1296,1291,2957,1433,1524,2586,1263,1323,1477,701,776,369,192,177,
11095,1479,722,757,2588,1296,1292,2957,1433,1524,2587,1263,1324,1477,701,776,370,193,177,
11100,1480,723,757,2588,1296,1292,2958,1433,1525,2588,1263,1325,1479,703,776,370,193,177,
11105,1480,723,757,2590,1298,1292,2959,1433,1526,2589,1264,1325,1480,704,776,370,193,177,
11110,1481,724,757,2592,1299,1293,2962,1435,1527,2591,1264,1327,1480,704,776,370,193,177,
11115,1482,725,757,2592,1299,1293,2962,1435,1527,2592,1264,1328,1480,704,776,370,193,177,
11120,1483,726,757,2594,1300,1294,2965,1435,1530,2593,1265,1328,1481,704,777,370,193,177,
11125,1483,726,757,2595,1301,1294,2965,1435,1530,2594,1266,1328,1481,704,777,371,194,177,
11130,1484,727,757,2595,1301,1294,2966,1435,1531,2595,1267,1328,1483,705,778,371,194,177,
11135,1484,727,757,2597,1302,1295,2967,1435,1532,2596,1267,1329,1484,705,779,371,194,177,
11140,1485,727,758,2599,1302,1297,2970,1437,1533,2598,1268,1330,1484,705,779,371,194,177,
11145,1486,728,758,2599,1302,1297,2970,1437,1533,2599,1269,1330,1484,705,779,371,194,177,
11150,1487,728,759,2601,1303,1298,2973,1437,1536,2600,1269,1331,1485,705,780,371,194,177,
11155,1487,728,759,2602,1303,1299,2973,1437,1536,2601,1270,1331,1485,705,780,372,194,178,
11160,1488,728,760,2602,1303,1299,2974,1437,1537,2602,1271,1331,1487,706,781,372,194,178,
11165,1488,728,760,2604,1303,1301,2975,1438,1537,2603,1272,1331,1488,706,782,372,194,178,
11170,1489,728,761,2606,1303,1303,2978,1439,1539,2605,1273,1332,1488,706,782,372,194,178,
11175,1490,729,761,2606,1303,1303,2978,1439,1539,2606,1273,1333,1488,706,782,372,194,178,
11180,1491,729,762,2608,1303,1305,2981,1439,1542,2607,1273,1334,1489,706,783,372,194,178,
11185,1491,729,762,2609,1304,1305,2981,1439,1542,2608,1273,1335,1489,706,783,373,194,179,
11190,1492,730,762,2609,1304,1305,2982,1440,1542,2609,1273,1336,1491,708,783,373,194,179,
11195,1492,730,762,2611,1304,1307,2983,1440,1543,2610,1273,1337,1492,709,783,373,194,179,
11200,1493,731,762,2613,1304,1309,2986,1441,1545,2612,1274,1338,1492,709,783,373,194,179,
11205,1494,731,763,2613,1304,1309,2986,1441,1545,2613,1274,1339,1492,709,783,373,194,179,
11210,1495,731,764,2615,1305,1310,2989,1442,1547,2614,1274,1340,1493,710,783,373,194,179,
11215,1495,731,764,2616,1305,1311,2989,1442,1547,2615,1274,1341,1493,710,783,374,194,180,
11220,1496,731,765,2616,1305,1311,2990,1443,1547,2616,1274,1342,1495,711,784,374,194,180,
11225,1496,731,765,2618,1306,1312,2991,1443,1548,2617,1274,1343,1496,711,785,374,194,180,
11230,1497,732,765,2620,1306,1314,2994,1444,1550,2619,1276,1343,1496,711,785,374,194,180,
11235,1498,733,765,2620,1306,1314,2994,1444,1550,2620,1277,1343,1496,711,785,374,194,180,
11240,1499,734,765,2622,1307,1315,2997,1444,1553,2621,1277,1344,1497,712,785,374,194,180,
11245,1499,734,765,2623,1308,1315,2997,1444,1553,2622,1277,1345,1497,712,785,375,195,180,
11250,1500,734,766,2623,1308,1315,2998,1445,1553,2623,1277,1346,1499,714,785,375,195,180,
11255,1500,734,766,2625,1308,1317,2999,1446,1553,2624,1277,1347,1500,715,785,375,195,180,
11260,1501,734,767,2627,1310,1317,3002,1447,1555,2626,1277,1349,1500,715,785,375,195,180,
11265,1502,734,768,2627,1310,1317,3002,1447,1555,2627,1278,1349,1500,715,785,375,195,180,
11270,1503,735,768,2629,1310,1319,3005,1450,1555,2628,1278,1350,1501,715,786,375,195,180,
11275,1503,735,768,2630,1310,1320,3005,1450,1555,2629,1278,1351,1501,715,786,376,196,180,
11280,1504,736,768,2630,1310,1320,3006,1451,1555,2630,1278,1352,1503,716,787,376,196,180,
11285,1504,736,768,2632,1311,1321,3007,1452,1555,2631,1278,1353,1504,717,787,376,196,180,
11290,1505,736,769,2634,1311,1323,3010,1452,1558,2633,1279,1354,1504,717,787,376,196,180,
11295,1506,736,770,2634,1311,1323,3010,1452,1558,2634,1280,1354,1504,717,787,376,196,180,
11300,1507,737,770,2636,1313,1323,3013,1452,1561,2635,1281,1354,1505,718,787,376,196,180,
11305,1507,737,770,2637,1313,1324,3013,1452,1561,2636,1281,1355,1505,718,787,377,197,180,
11310,1508,738,770,2637,1313,1324,3014,1452,1562,2637,1281,1356,1507,719,788,377,197,180,
11315,1508,738,770,2639,1315,1324,3015,1452,1563,2638,1282,1356,1508,720,788,377,197,180,
11320,1509,738,771,2641,1315,1326,3018,1453,1565,2640,1282,1358,1508,720,788,377,197,180,
11325,1510,738,772,2641,1315,1326,3018,1453,1565,2641,1282,1359,1508,720,788,377,197,180,
11330,1511,738,773,2643,1315,1328,3021,1455,1566,2642,1282,1360,1509,720,789,377,197,180,
11335,1511,738,773,2644,1315,1329,3021,1455,1566,2643,1283,1360,1509,720,789,378,198,180,
11340,1512,738,774,2644,1315,1329,3022,1456,1566,2644,1284,1360,1511,722,789,378,198,180,
11345,1512,738,774,2646,1316,1330,3023,1457,1566,2645,1285,1360,1512,723,789,378,198,180,
11350,1513,739,774,2648,1317,1331,3026,1458,1568,2647,1285,1362,1512,723,789,378,198,180,
11355,1514,739,775,2648,1317,1331,3026,1458,1568,2648,1285,1363,1512,723,789,378,198,180,
11360,1515,740,775,2650,1318,1332,3029,1459,1570,2649,1286,1363,1513,724,789,378,198,180,
11365,1515,740,775,2651,1319,1332,3029,1459,1570,2650,1287,1363,1513,724,789,379,199,180,
11370,1516,740,776,2651,1319,1332,3030,1460,1570,2651,1288,1363,1515,725,790,379,199,180,
11375,1516,740,776,2653,1320,1333,3031,1461,1570,2652,1288,1364,1516,726,790,379,199,180,
11380,1517,740,777,2655,1322,1333,3034,1463,1571,2654,1289,1365,1516,726,790,379,199,180,
11385,1518,741,777,2655,1322,1333,3034,1463,1571,2655,1289,1366,1516,726,790,379,199,180,
11390,1519,742,777,2657,1324,1333,3037,1463,1574,2656,1289,1367,1517,727,790,379,199,180,
11395,1519,742,777,2658,1324,1334,3037,1463,1574,2657,1289,1368,1517,727,790,380,200,180,
11400,1520,743,777,2658,1324,1334,3038,1463,1575,2658,1289,1369,1519,728,791,380,200,180,
11405,1520,743,777,2660,1324,1336,3039,1463,1576,2659,1290,1369,1520,729,791,380,200,180,
11410,1521,743,778,2662,1325,1337,3042,1464,1578,2661,1292,1369,1520,729,791,380,200,180,
11415,1522,743,779,2662,1325,1337,3042,1464,1578,2662,1292,1370,1520,729,791,380,200,180,
11420,1523,744,779,2664,1326,1338,3045,1464,1581,2663,1292,1371,1521,730,791,380,200,180,
11425,1523,744,779,2665,1327,1338,3045,1464,1581,2664,1293,1371,1521,730,791,381,200,181,
11430,1524,744,780,2665,1327,1338,3046,1464,1582,2665,1294,1371,1523,730,793,381,200,181,
11435,1524,744,780,2667,1327,1340,3047,1464,1583,2666,1294,1372,1524,730,794,381,200,181,
11440,1525,744,781,2669,1327,1342,3050,1466,1584,2668,1295,1373,1524,730,794,381,200,181,
11445,1526,745,781,2669,1327,1342,3050,1466,1584,2669,1296,1373,1524,730,794,381,200,181,
11450,1527,746,781,2671,1327,1344,3053,1467,1586,2670,1297,1373,1525,731,794,381,200,181,
11455,1527,746,781,2672,1328,1344,3053,1467,1586,2671,1298,1373,1525,731,794,382,201,181,
11460,1528,747,781,2672,1328,1344,3054,1468,1586,2672,1299,1373,1527,732,795,382,201,181,
11465,1528,747,781,2674,1328,1346,3055,1468,1587,2673,1299,1374,1528,732,796,382,201,181,
11470,1529,748,781,2676,1329,1347,3058,1468,1590,2675,1301,1374,1528,732,796,382,201,181,
11475,1530,748,782,2676,1329,1347,3058,1468,1590,2676,1302,1374,1528,732,796,382,201,181,
11480,1531,748,783,2678,1330,1348,3061,1470,1591,2677,1302,1375,1529,732,797,382,201,181,
11485,1531,748,783,2679,1331,1348,3061,1470,1591,2678,1303,1375,1529,732,797,383,202,181,
11490,1532,749,783,2679,1331,1348,3062,1471,1591,2679,1303,1376,1531,734,797,383,202,181,
11495,1532,749,783,2681,1332,1349,3063,1471,1592,2680,1304,1376,1532,735,797,383,202,181,
11500,1533,749,784,2683,1333,1350,3066,1473,1593,2682,1305,1377,1532,735,797,383,202,181,
11505,1534,750,784,2683,1333,1350,3066,1473,1593,2683,1305,1378,1532,735,797,383,202,181,
11510,1535,751,784,2685,1333,1352,3069,1475,1594,2684,1306,1378,1533,736,797,383,202,181,
11515,1535,751,784,2686,1333,1353,3069,1475,1594,2685,1307,1378,1533,736,797,384,203,181,
11520,1536,752,784,2686,1333,1353,3070,1475,1595,2686,1308,1378,1535,737,798,384,203,181,
11525,1536,752,784,2688,1335,1353,3071,1476,1595,2687,1308,1379,1536,738,798,384,203,181,
11530,1537,753,784,2690,1336,1354,3074,1477,1597,2689,1308,1381,1536,738,798,384,203,181,
11535,1538,753,785,2690,1336,1354,3074,1477,1597,2690,1309,1381,1536,738,798,384,203,181,
11540,1539,754,785,2692,1337,1355,3077,1480,1597,2691,1310,1381,1537,739,798,384,203,181,
11545,1539,754,785,2693,1337,1356,3077,1480,1597,2692,1311,1381,1537,739,798,385,204,181,
11550,1540,754,786,2693,1337,1356,3078,1481,1597,2693,1312,1381,1539,739,800,385,204,181,
11555,1540,754,786,2695,1337,1358,3079,1481,1598,2694,1313,1381,1540,740,800,385,204,181,
11560,1541,755,786,2697,1338,1359,3082,1482,1600,2696,1313,1383,1540,740,800,385,204,181,
11565,1542,755,787,2697,1338,1359,3082,1482,1600,2697,1313,1384,1540,740,800,385,204,181,
11570,1543,756,787,2699,1340,1359,3085,1483,1602,2698,1313,1385,1541,741,800,385,204,181,
11575,1543,756,787,2700,1340,1360,3085,1483,1602,2699,1314,1385,1541,741,800,386,204,182,
11580,1544,757,787,2700,1340,1360,3086,1483,1603,2700,1315,1385,1543,742,801,386,204,182,
11585,1544,757,787,2702,1342,1360,3087,1483,1604,2701,1315,1386,1544,743,801,386,204,182,
11590,1545,758,787,2704,1343,1361,3090,1483,1607,2703,1315,1388,1544,743,801,386,204,182,
11595,1546,758,788,2704,1343,1361,3090,1483,1607,2704,1316,1388,1544,743,801,386,204,182,
11600,1547,758,789,2706,1344,1362,3093,1484,1609,2705,1317,1388,1545,744,801,386,204,182,
11605,1547,758,789,2707,1344,1363,3093,1484,1609,2706,1318,1388,1545,744,801,387,205,182,
11610,1548,759,789,2707,1344,1363,3094,1485,1609,2707,1319,1388,1547,744,803,387,205,182,
11615,1548,759,789,2709,1344,1365,3095,1485,1610,2708,1320,1388,1548,744,804,387,205,182,
11620,1549,759,790,2711,1344,1367,3098,1487,1611,2710,1321,1389,1548,744,804,387,205,182,
11625,1550,760,790,2711,1344,1367,3098,1487,1611,2711,1322,1389,1548,744,804,387,205,182,
11630,1551,760,791,2713,1346,1367,3101,1489,1612,2712,1322,1390,1549,744,805,387,205,182,
11635,1551,760,791,2714,1346,1368,3101,1489,1612,2713,1323,1390,1549,744,805,388,206,182,
11640,1552,761,791,2714,1346,1368,3102,1489,1613,2714,1324,1390,1551,744,807,388,206,182,
11645,1552,761,791,2716,1347,1369,3103,1490,1613,2715,1324,1391,1552,745,807,388,206,182,
11650,1553,762,791,2718,1349,1369,3106,1491,1615,2717,1325,1392,1552,745,807,388,206,182,
11655,1554,763,791,2718,1349,1369,3106,1491,1615,2718,1325,1393,1552,745,807,388,206,182,
11660,1555,764,791,2720,1349,1371,3109,1492,1617,2719,1326,1393,1553,746,807,388,206,182,
11665,1555,764,791,2721,1350,1371,3109,1492,1617,2720,1326,1394,1553,746,807,389,207,182,
11670,1556,764,792,2721,1350,1371,3110,1492,1618,2721,1326,1395,1555,746,809,389,207,182,
11675,1556,764,792,2723,1351,1372,3111,1493,1618,2722,1327,1395,1556,746,810,389,207,182,
11680,1557,765,792,2725,1352,1373,3114,1495,1619,2724,1329,1395,1556,746,810,389,207,182,
11685,1558,766,792,2725,1352,1373,3114,1495,1619,2725,1329,1396,1556,746,810,389,207,182,
11690,1559,766,793,2727,1352,1375,3117,1497,1620,2726,1330,1396,1557,747,810,389,207,182,
11695,1559,766,793,2728,1352,1376,3117,1497,1620,2727,1331,1396,1557,747,810,390,208,182,
11700,1560,767,793,2728,1352,1376,3118,1498,1620,2728,1331,1397,1559,748,811,390,208,182,
11705,1560,767,793,2730,1353,1377,3119,1499,1620,2729,1331,1398,1560,748,812,390,208,182,
11710,1561,768,793,2732,1355,1377,3122,1502,1620,2731,1333,1398,1560,748,812,390,208,182,
11715,1562,768,794,2732,1355,1377,3122,1502,1620,2732,1333,1399,1560,748,812,390,208,182,
11720,1563,768,795,2734,1355,1379,3125,1503,1622,2733,1334,1399,1561,749,812,390,208,182,
11725,1563,768,795,2735,1356,1379,3125,1503,1622,2734,1334,1400,1561,749,812,391,208,183,
11730,1564,768,796,2735,1356,1379,3126,1503,1623,2735,1335,1400,1563,749,814,391,208,183,
11735,1564,768,796,2737,1357,1380,3127,1504,1623,2736,1335,1401,1564,750,814,391,208,183,
11740,1565,769,796,2739,1359,1380,3130,1507,1623,2738,1336,1402,1564,750,814,391,208,183,
11745,1566,769,797,2739,1359,1380,3130,1507,1623,2739,1337,1402,1564,750,814,391,208,183,
11750,1567,769,798,2741,1360,1381,3133,1510,1623,2740,1338,1402,1565,751,814,391,208,183,
11755,1567,769,798,2742,1360,1382,3133,1510,1623,2741,1339,1402,1565,751,814,392,208,184,
11760,1568,770,798,2742,1360,1382,3134,1511,1623,2742,1339,1403,1567,751,816,392,208,184,
11765,1568,770,798,2744,1361,1383,3135,1511,1624,2743,1339,1404,1568,751,817,392,208,184,
11770,1569,770,799,2746,1361,1385,3138,1513,1625,2745,1341,1404,1568,751,817,392,208,184,
11775,1570,770,800,2746,1361,1385,3138,1513,1625,2746,1341,1405,1568,751,817,392,208,184,
11780,1571,770,801,2748,1363,1385,3141,1515,1626,2747,1341,1406,1569,752,817,392,208,184,
11785,1571,770,801,2749,1364,1385,3141,1515,1626,2748,1341,1407,1569,752,817,393,209,184,
11790,1572,771,801,2749,1364,1385,3142,1515,1627,2749,1341,1408,1571,753,818,393,209,184,
11795,1572,771,801,2751,1365,1386,3143,1516,1627,2750,1341,1409,1572,753,819,393,209,184,
11800,1573,771,802,2753,1367,1386,3146,1516,1630,2752,1343,1409,1572,753,819,393,209,184,
11805,1574,771,803,2753,1367,1386,3146,1516,1630,2753,1343,1410,1572,753,819,393,209,184,
11810,1575,771,804,2755,1368,1387,3149,1516,1633,2754,1343,1411,1573,753,820,393,209,184,
11815,1575,771,804,2756,1368,1388,3149,1516,1633,2755,1344,1411,1573,753,820,394,209,185,
11820,1576,772,804,2756,1368,1388,3150,1517,1633,2756,1345,1411,1575,755,820,394,209,185,
11825,1576,772,804,2758,1368,1390,3151,1517,1634,2757,1345,1412,1576,755,821,394,209,185,
11830,1577,772,805,2760,1370,1390,3154,1519,1635,2759,1347,1412,1576,755,821,394,209,185,
11835,1578,772,806,2760,1370,1390,3154,1519,1635,2760,1348,1412,1576,755,821,394,209,185,
11840,1579,773,806,2762,1372,1390,3157,1520,1637,2761,1348,1413,1577,756,821,394,209,185,
11845,1579,773,806,2763,1372,1391,3157,1520,1637,2762,1348,1414,1577,756,821,395,209,186,
11850,1580,774,806,2763,1372,1391,3158,1521,1637,2763,1349,1414,1579,756,823,395,209,186,
11855,1580,774,806,2765,1374,1391,3159,1521,1638,2764,1350,1414,1580,757,823,395,209,186,
11860,1581,775,806,2767,1375,1392,3162,1521,1641,2766,1350,1416,1580,757,823,395,209,186,
11865,1582,776,806,2767,1375,1392,3162,1521,1641,2767,1351,1416,1580,757,823,395,209,186,
11870,1583,776,807,2769,1376,1393,3165,1523,1642,2768,1351,1417,1581,757,824,395,209,186,
11875,1583,776,807,2770,1376,1394,3165,1523,1642,2769,1351,1418,1581,757,824,396,209,187,
11880,1584,776,808,2770,1376,1394,3166,1523,1643,2770,1351,1419,1583,757,826,396,209,187,
11885,1584,776,808,2772,1377,1395,3167,1524,1643,2771,1351,1420,1584,757,827,396,209,187,
11890,1585,776,809,2774,1377,1397,3170,1525,1645,2773,1352,1421,1584,757,827,396,209,187,
11895,1586,776,810,2774,1377,1397,3170,1525,1645,2774,1352,1422,1584,757,827,396,209,187,
11900,1587,777,810,2776,1378,1398,3173,1527,1646,2775,1353,1422,1585,757,828,396,209,187,
11905,1587,777,810,2777,1378,1399,3173,1527,1646,2776,1354,1422,1585,757,828,397,209,188,
11910,1588,777,811,2777,1378,1399,3174,1527,1647,2777,1354,1423,1587,758,829,397,209,188,
11915,1588,777,811,2779,1379,1400,3175,1528,1647,2778,1354,1424,1588,758,830,397,209,188,
11920,1589,777,812,2781,1380,1401,3178,1528,1650,2780,1354,1426,1588,758,830,397,209,188,
11925,1590,777,813,2781,1380,1401,3178,1528,1650,2781,1354,1427,1588,758,830,397,209,188,
11930,1591,778,813,2783,1381,1402,3181,1530,1651,2782,1354,1428,1589,758,831,397,209,188,
11935,1591,778,813,2784,1382,1402,3181,1530,1651,2783,1355,1428,1589,758,831,398,209,189,
11940,1592,778,814,2784,1382,1402,3182,1531,1651,2784,1356,1428,1591,759,832,398,209,189,
11945,1592,778,814,2786,1384,1402,3183,1531,1652,2785,1356,1429,1592,759,833,398,209,189,
11950,1593,778,815,2788,1384,1404,3186,1532,1654,2787,1358,1429,1592,759,833,398,209,189,
11955,1594,779,815,2788,1384,1404,3186,1532,1654,2788,1359,1429,1592,759,833,398,209,189,
11960,1595,779,816,2790,1385,1405,3189,1533,1656,2789,1359,1430,1593,759,834,398,209,189,
11965,1595,779,816,2791,1385,1406,3189,1533,1656,2790,1359,1431,1593,759,834,399,209,190,
11970,1596,780,816,2791,1385,1406,3190,1533,1657,2791,1359,1432,1595,759,836,399,209,190,
11975,1596,780,816,2793,1386,1407,3191,1533,1658,2792,1359,1433,1596,760,836,399,209,190,
11980,1597,781,816,2795,1386,1409,3194,1535,1659,2794,1360,1434,1596,760,836,399,209,190,
11985,1598,781,817,2795,1386,1409,3194,1535,1659,2795,1360,1435,1596,760,836,399,209,190,
11990,1599,781,818,2797,1386,1411,3197,1536,1661,2796,1360,1436,1597,760,837,399,209,190,
11995,1599,781,818,2798,1386,1412,3197,1536,1661,2797,1360,1437,1597,760,837,400,209,191,
12000,1600,782,818,2798,1386,1412,3198,1536,1662,2798,1360,1438,1599,760,839,400,209,191,
12005,1600,782,818,2800,1387,1413,3199,1537,1662,2799,1361,1438,1600,760,840,400,209,191,
12010,1601,782,819,2802,1388,1414,3202,1538,1664,2801,1361,1440,1600,760,840,400,209,191,
12015,1602,783,819,2802,1388,1414,3202,1538,1664,2802,1362,1440,1600,760,840,400,209,191,
12020,1603,783,820,2804,1389,1415,3205,1538,1667,2803,1362,1441,1601,761,840,400,209,191,
12025,1603,783,820,2805,1390,1415,3205,1538,1667,2804,1363,1441,1601,761,840,401,209,192,
12030,1604,783,821,2805,1390,1415,3206,1539,1667,2805,1363,1442,1603,761,842,401,209,192,
12035,1604,783,821,2807,1391,1416,3207,1539,1668,2806,1363,1443,1604,762,842,401,209,192,
12040,1605,784,821,2809,1392,1417,3210,1540,1670,2808,1363,1445,1604,762,842,401,209,192,
12045,1606,785,821,2809,1392,1417,3210,1540,1670,2809,1363,1446,1604,762,842,401,209,192,
12050,1607,785,822,2811,1394,1417,3213,1541,1672,2810,1363,1447,1605,762,843,401,209,192,
12055,1607,785,822,2812,1394,1418,3213,1541,1672,2811,1363,1448,1605,762,843,402,210,192,
12060,1608,786,822,2812,1394,1418,3214,1542,1672,2812,1364,1448,1607,764,843,402,210,192,
12065,1608,786,822,2814,1394,1420,3215,1543,1672,2813,1365,1448,1608,765,843,402,210,192,
12070,1609,787,822,2816,1394,1422,3218,1543,1675,2815,1366,1449,1608,765,843,402,210,192,
12075,1610,787,823,2816,1394,1422,3218,1543,1675,2816,1366,1450,1608,765,843,402,210,192,
12080,1611,787,824,2818,1395,1423,3221,1543,1678,2817,1366,1451,1609,765,844,402,210,192,
12085,1611,787,824,2819,1396,1423,3221,1543,1678,2818,1367,1451,1609,765,844,403,210,193,
12090,1612,788,824,2819,1396,1423,3222,1544,1678,2819,1368,1451,1611,766,845,403,210,193,
12095,1612,788,824,2821,1397,1424,3223,1545,1678,2820,1369,1451,1612,766,846,403,210,193,
12100,1613,788,825,2823,1397,1426,3226,1547,1679,2822,1370,1452,1612,766,846,403,210,193,
12105,1614,789,825,2823,1397,1426,3226,1547,1679,2823,1371,1452,1612,766,846,403,210,193,
12110,1615,789,826,2825,1399,1426,3229,1547,1682,2824,1372,1452,1613,766,847,403,210,193,
12115,1615,789,826,2826,1399,1427,3229,1547,1682,2825,1373,1452,1613,766,847,404,210,194,
12120,1616,789,827,2826,1399,1427,3230,1547,1683,2826,1373,1453,1615,766,849,404,210,194,
12125,1616,789,827,2828,1400,1428,3231,1547,1684,2827,1373,1454,1616,767,849,404,210,194,
12130,1617,790,827,2830,1401,1429,3234,1548,1686,2829,1375,1454,1616,767,849,404,210,194,
12135,1618,791,827,2830,1401,1429,3234,1548,1686,2830,1375,1455,1616,767,849,404,210,194,
12140,1619,791,828,2832,1402,1430,3237,1550,1687,2831,1375,1456,1617,768,849,404,210,194,
12145,1619,791,828,2833,1402,1431,3237,1550,1687,2832,1376,1456,1617,768,849,405,210,195,
12150,1620,792,828,2833,1402,1431,3238,1551,1687,2833,1377,1456,1619,769,850,405,210,195,
12155,1620,792,828,2835,1402,1433,3239,1551,1688,2834,1377,1457,1620,770,850,405,210,195,
12160,1621,792,829,2837,1403,1434,3242,1552,1690,2836,1377,1459,1620,770,850,405,210,195,
12165,1622,793,829,2837,1403,1434,3242,1552,1690,2837,1378,1459,1620,770,850,405,210,195,
12170,1623,793,830,2839,1404,1435,3245,1553,1692,2838,1378,1460,1621,771,850,405,210,195,
12175,1623,793,830,2840,1404,1436,3245,1553,1692,2839,1378,1461,1621,771,850,406,211,195,
12180,1624,794,830,2840,1404,1436,3246,1553,1693,2840,1379,1461,1623,772,851,406,211,195,
12185,1624,794,830,2842,1405,1437,3247,1554,1693,2841,1379,1462,1624,773,851,406,211,195,
12190,1625,795,830,2844,1406,1438,3250,1555,1695,2843,1379,1464,1624,773,851,406,211,195,
12195,1626,795,831,2844,1406,1438,3250,1555,1695,2844,1380,1464,1624,773,851,406,211,195,
12200,1627,796,831,2846,1406,1440,3253,1557,1696,2845,1381,1464,1625,774,851,406,211,195,
12205,1627,796,831,2847,1407,1440,3253,1557,1696,2846,1382,1464,1625,774,851,407,211,196,
12210,1628,797,831,2847,1407,1440,3254,1558,1696,2847,1382,1465,1627,775,852,407,211,196,
12215,1628,797,831,2849,1409,1440,3255,1558,1697,2848,1382,1466,1628,776,852,407,211,196,
12220,1629,797,832,2851,1409,1442,3258,1560,1698,2850,1383,1467,1628,776,852,407,211,196,
12225,1630,798,832,2851,1409,1442,3258,1560,1698,2851,1384,1467,1628,776,852,407,211,196,
12230,1631,798,833,2853,1410,1443,3261,1562,1699,2852,1385,1467,1629,777,852,407,211,196,
12235,1631,798,833,2854,1411,1443,3261,1562,1699,2853,1385,1468,1629,777,852,408,211,197,
12240,1632,799,833,2854,1411,1443,3262,1562,1700,2854,1385,1469,1631,779,852,408,211,197,
12245,1632,799,833,2856,1413,1443,3263,1562,1701,2855,1385,1470,1632,779,853,408,211,197,
12250,1633,799,834,2858,1413,1445,3266,1565,1701,2857,1385,1472,1632,779,853,408,211,197,
12255,1634,799,835,2858,1413,1445,3266,1565,1701,2858,1385,1473,1632,779,853,408,211,197,
12260,1635,800,835,2860,1413,1447,3269,1566,1703,2859,1385,1474,1633,780,853,408,211,197,
12265,1635,800,835,2861,1414,1447,3269,1566,1703,2860,1386,1474,1633,780,853,409,212,197,
12270,1636,800,836,2861,1414,1447,3270,1566,1704,2861,1386,1475,1635,781,854,409,212,197,
12275,1636,800,836,2863,1414,1449,3271,1567,1704,2862,1387,1475,1636,782,854,409,212,197,
12280,1637,801,836,2865,1416,1449,3274,1569,1705,2864,1387,1477,1636,782,854,409,212,197,
12285,1638,802,836,2865,1416,1449,3274,1569,1705,2865,1387,1478,1636,782,854,409,212,197,
12290,1639,802,837,2867,1416,1451,3277,1571,1706,2866,1387,1479,1637,783,854,409,212,197,
12295,1639,802,837,2868,1417,1451,3277,1571,1706,2867,1388,1479,1637,783,854,410,213,197,
12300,1640,802,838,2868,1417,1451,3278,1571,1707,2868,1388,1480,1639,784,855,410,213,197,
12305,1640,802,838,2870,1418,1452,3279,1571,1708,2869,1388,1481,1640,784,856,410,213,197,
12310,1641,802,839,2872,1418,1454,3282,1573,1709,2871,1389,1482,1640,784,856,410,213,197,
12315,1642,802,840,2872,1418,1454,3282,1573,1709,2872,1389,1483,1640,784,856,410,213,197,
12320,1643,802,841,2874,1419,1455,3285,1573,1712,2873,1389,1484,1641,785,856,410,213,197,
12325,1643,802,841,2875,1420,1455,3285,1573,1712,2874,1390,1484,1641,785,856,411,213,198,
12330,1644,803,841,2875,1420,1455,3286,1573,1713,2875,1390,1485,1643,787,856,411,213,198,
12335,1644,803,841,2877,1421,1456,3287,1573,1714,2876,1390,1486,1644,788,856,411,213,198,
12340,1645,803,842,2879,1422,1457,3290,1573,1717,2878,1390,1488,1644,788,856,411,213,198,
12345,1646,803,843,2879,1422,1457,3290,1573,1717,2879,1390,1489,1644,788,856,411,213,198,
12350,1647,803,844,2881,1423,1458,3293,1573,1720,2880,1390,1490,1645,788,857,411,213,198,
12355,1647,803,844,2882,1423,1459,3293,1573,1720,2881,1391,1490,1645,788,857,412,214,198,
12360,1648,804,844,2882,1423,1459,3294,1574,1720,2882,1392,1490,1647,788,859,412,214,198,
12365,1648,804,844,2884,1425,1459,3295,1575,1720,2883,1392,1491,1648,788,860,412,214,198,
12370,1649,804,845,2886,1426,1460,3298,1576,1722,2885,1392,1493,1648,788,860,412,214,198,
12375,1650,804,846,2886,1426,1460,3298,1576,1722,2886,1393,1493,1648,788,860,412,214,198,
12380,1651,805,846,2888,1427,1461,3301,1577,1724,2887,1394,1493,1649,789,860,412,214,198,
12385,1651,805,846,2889,1427,1462,3301,1577,1724,2888,1395,1493,1649,789,860,413,214,199,
12390,1652,805,847,2889,1427,1462,3302,1577,1725,2889,1396,1493,1651,791,860,413,214,199,
12395,1652,805,847,2891,1428,1463,3303,1578,1725,2890,1396,1494,1652,792,860,413,214,199,
12400,1653,805,848,2893,1428,1465,3306,1580,1726,2892,1397,1495,1652,792,860,413,214,199,
12405,1654,805,849,2893,1428,1465,3306,1580,1726,2893,1398,1495,1652,792,860,413,214,199,
12410,1655,806,849,2895,1428,1467,3309,1582,1727,2894,1398,1496,1653,792,861,413,214,199,
12415,1655,806,849,2896,1429,1467,3309,1582,1727,2895,1398,1497,1653,792,861,414,215,199,
12420,1656,807,849,2896,1429,1467,3310,1583,1727,2896,1398,1498,1655,794,861,414,215,199,
12425,1656,807,849,2898,1430,1468,3311,1583,1728,2897,1399,1498,1656,795,861,414,215,199,
12430,1657,808,849,2900,1431,1469,3314,1584,1730,2899,1399,1500,1656,795,861,414,215,199,
12435,1658,809,849,2900,1431,1469,3314,1584,1730,2900,1400,1500,1656,795,861,414,215,199,
12440,1659,809,850,2902,1433,1469,3317,1586,1731,2901,1400,1501,1657,796,861,414,215,199,
12445,1659,809,850,2903,1434,1469,3317,1586,1731,2902,1400,1502,1657,796,861,415,216,199,
12450,1660,810,850,2903,1434,1469,3318,1586,1732,2903,1400,1503,1659,797,862,415,216,199,
12455,1660,810,850,2905,1435,1470,3319,1587,1732,2904,1400,1504,1660,797,863,415,216,199,
12460,1661,811,850,2907,1436,1471,3322,1589,1733,2906,1402,1504,1660,797,863,415,216,199,
12465,1662,811,851,2907,1436,1471,3322,1589,1733,2907,1403,1504,1660,797,863,415,216,199,
12470,1663,812,851,2909,1438,1471,3325,1589,1736,2908,1404,1504,1661,797,864,415,216,199,
12475,1663,812,851,2910,1439,1471,3325,1589,1736,2909,1405,1504,1661,797,864,416,216,200,
12480,1664,812,852,2910,1439,1471,3326,1589,1737,2910,1405,1505,1663,799,864,416,216,200,
12485,1664,812,852,2912,1440,1472,3327,1589,1738,2911,1405,1506,1664,800,864,416,216,200,
12490,1665,812,853,2914,1441,1473,3330,1591,1739,2913,1406,1507,1664,800,864,416,216,200,
12495,1666,813,853,2914,1441,1473,3330,1591,1739,2914,1406,1508,1664,800,864,416,216,200,
12500,1667,813,854,2916,1442,1474,3333,1592,1741,2915,1407,1508,1665,801,864,416,216,200,
12505,1667,813,854,2917,1443,1474,3333,1592,1741,2916,1407,1509,1665,801,864,417,216,201,
12510,1668,813,855,2917,1443,1474,3334,1592,1742,2917,1407,1510,1667,802,865,417,216,201,
12515,1668,813,855,2919,1443,1476,3335,1592,1743,2918,1408,1510,1668,803,865,417,216,201,
12520,1669,813,856,2921,1444,1477,3338,1593,1745,2920,1409,1511,1668,803,865,417,216,201,
12525,1670,814,856,2921,1444,1477,3338,1593,1745,2921,1410,1511,1668,803,865,417,216,201,
12530,1671,814,857,2923,1444,1479,3341,1595,1746,2922,1410,1512,1669,804,865,417,216,201,
12535,1671,814,857,2924,1445,1479,3341,1595,1746,2923,1411,1512,1669,804,865,418,216,202,
12540,1672,814,858,2924,1445,1479,3342,1596,1746,2924,1411,1513,1671,805,866,418,216,202,
12545,1672,814,858,2926,1447,1479,3343,1597,1746,2925,1411,1514,1672,806,866,418,216,202,
12550,1673,814,859,2928,1448,1480,3346,1597,1749,2927,1413,1514,1672,806,866,418,216,202,
12555,1674,815,859,2928,1448,1480,3346,1597,1749,2928,1414,1514,1672,806,866,418,216,202,
12560,1675,815,860,2930,1449,1481,3349,1599,1750,2929,1415,1514,1673,807,866,418,216,202,
12565,1675,815,860,2931,1450,1481,3349,1599,1750,2930,1416,1514,1673,807,866,419,216,203,
12570,1676,816,860,2931,1450,1481,3350,1600,1750,2931,1417,1514,1675,808,867,419,216,203,
12575,1676,816,860,2933,1450,1483,3351,1601,1750,2932,1418,1514,1676,809,867,419,216,203,
12580,1677,816,861,2935,1452,1483,3354,1603,1751,2934,1419,1515,1676,809,867,419,216,203,
12585,1678,817,861,2935,1452,1483,3354,1603,1751,2935,1420,1515,1676,809,867,419,216,203,
12590,1679,817,862,2937,1453,1484,3357,1605,1752,2936,1421,1515,1677,809,868,419,216,203,
12595,1679,817,862,2938,1454,1484,3357,1605,1752,2937,1422,1515,1677,809,868,420,216,204,
12600,1680,817,863,2938,1454,1484,3358,1606,1752,2938,1422,1516,1679,810,869,420,216,204,
12605,1680,817,863,2940,1455,1485,3359,1606,1753,2939,1423,1516,1680,811,869,420,216,204,
12610,1681,817,864,2942,1457,1485,3362,1607,1755,2941,1424,1517,1680,811,869,420,216,204,
12615,1682,818,864,2942,1457,1485,3362,1607,1755,2942,1425,1517,1680,811,869,420,216,204,
12620,1683,818,865,2944,1459,1485,3365,1608,1757,2943,1426,1517,1681,812,869,420,216,204,
12625,1683,818,865,2945,1460,1485,3365,1608,1757,2944,1426,1518,1681,812,869,421,217,204,
12630,1684,819,865,2945,1460,1485,3366,1608,1758,2945,1426,1519,1683,814,869,421,217,204,
12635,1684,819,865,2947,1461,1486,3367,1609,1758,2946,1426,1520,1684,814,870,421,217,204,
12640,1685,820,865,2949,1463,1486,3370,1610,1760,2948,1428,1520,1684,814,870,421,217,204,
12645,1686,821,865,2949,1463,1486,3370,1610,1760,2949,1428,1521,1684,814,870,421,217,204,
12650,1687,822,865,2951,1464,1487,3373,1612,1761,2950,1429,1521,1685,814,871,421,217,204,
12655,1687,822,865,2952,1464,1488,3373,1612,1761,2951,1429,1522,1685,814,871,422,217,205,
12660,1688,822,866,2952,1464,1488,3374,1613,1761,2952,1429,1523,1687,816,871,422,217,205,
12665,1688,822,866,2954,1465,1489,3375,1614,1761,2953,1429,1524,1688,816,872,422,217,205,
12670,1689,822,867,2956,1465,1491,3378,1615,1763,2955,1431,1524,1688,816,872,422,217,205,
12675,1690,822,868,2956,1465,1491,3378,1615,1763,2956,1432,1524,1688,816,872,422,217,205,
12680,1691,822,869,2958,1465,1493,3381,1616,1765,2957,1432,1525,1689,816,873,422,217,205,
12685,1691,822,869,2959,1465,1494,3381,1616,1765,2958,1432,1526,1689,816,873,423,217,206,
12690,1692,822,870,2959,1465,1494,3382,1617,1765,2959,1433,1526,1691,817,874,423,217,206,
12695,1692,822,870,2961,1465,1496,3383,1618,1765,2960,1433,1527,1692,818,874,423,217,206,
12700,1693,822,871,2963,1465,1498,3386,1620,1766,2962,1434,1528,1692,818,874,423,217,206,
12705,1694,823,871,2963,1465,1498,3386,1620,1766,2963,1434,1529,1692,818,874,423,217,206,
12710,1695,824,871,2965,1467,1498,3389,1622,1767,2964,1434,1530,1693,818,875,423,217,206,
12715,1695,824,871,2966,1468,1498,3389,1622,1767,2965,1435,1530,1693,818,875,424,217,207,
12720,1696,825,871,2966,1468,1498,3390,1622,1768,2966,1435,1531,1695,819,876,424,217,207,
12725,1696,825,871,2968,1468,1500,3391,1623,1768,2967,1435,1532,1696,819,877,424,217,207,
12730,1697,825,872,2970,1468,1502,3394,1625,1769,2969,1435,1534,1696,819,877,424,217,207,
12735,1698,826,872,2970,1468,1502,3394,1625,1769,2970,1435,1535,1696,819,877,424,217,207,
12740,1699,827,872,2972,1469,1503,3397,1626,1771,2971,1435,1536,1697,820,877,424,217,207,
12745,1699,827,872,2973,1470,1503,3397,1626,1771,2972,1435,1537,1697,820,877,425,217,208,
12750,1700,828,872,2973,1470,1503,3398,1627,1771,2973,1435,1538,1699,821,878,425,217,208,
12755,1700,828,872,2975,1471,1504,3399,1627,1772,2974,1435,1539,1700,822,878,425,217,208,
12760,1701,829,872,2977,1472,1505,3402,1629,1773,2976,1436,1540,1700,822,878,425,217,208,
12765,1702,830,872,2977,1472,1505,3402,1629,1773,2977,1437,1540,1700,822,878,425,217,208,
12770,1703,831,872,2979,1473,1506,3405,1630,1775,2978,1437,1541,1701,822,879,425,217,208,
12775,1703,831,872,2980,1474,1506,3405,1630,1775,2979,1438,1541,1701,822,879,426,218,208,
12780,1704,832,872,2980,1474,1506,3406,1630,1776,2980,1438,1542,1703,822,881,426,218,208,
12785,1704,832,872,2982,1474,1508,3407,1631,1776,2981,1439,1542,1704,822,882,426,218,208,
12790,1705,832,873,2984,1475,1509,3410,1633,1777,2983,1440,1543,1704,822,882,426,218,208,
12795,1706,833,873,2984,1475,1509,3410,1633,1777,2984,1440,1544,1704,822,882,426,218,208,
12800,1707,833,874,2986,1475,1511,3413,1634,1779,2985,1440,1545,1705,823,882,426,218,208,
12805,1707,833,874,2987,1476,1511,3413,1634,1779,2986,1440,1546,1705,823,882,427,218,209,
12810,1708,834,874,2987,1476,1511,3414,1634,1780,2987,1440,1547,1707,825,882,427,218,209,
12815,1708,834,874,2989,1478,1511,3415,1634,1781,2988,1441,1547,1708,826,882,427,218,209,
12820,1709,835,874,2991,1478,1513,3418,1635,1783,2990,1441,1549,1708,826,882,427,218,209,
12825,1710,836,874,2991,1478,1513,3418,1635,1783,2991,1441,1550,1708,826,882,427,218,209,
12830,1711,837,874,2993,1479,1514,3421,1638,1783,2992,1441,1551,1709,827,882,427,218,209,
12835,1711,837,874,2994,1479,1515,3421,1638,1783,2993,1442,1551,1709,827,882,428,219,209,
12840,1712,838,874,2994,1479,1515,3422,1638,1784,2994,1442,1552,1711,827,884,428,219,209,
12845,1712,838,874,2996,1480,1516,3423,1638,1785,2995,1443,1552,1712,827,885,428,219,209,
12850,1713,838,875,2998,1481,1517,3426,1638,1788,2997,1443,1554,1712,827,885,428,219,209,
12855,1714,838,876,2998,1481,1517,3426,1638,1788,2998,1443,1555,1712,827,885,428,219,209,
12860,1715,838,877,3000,1481,1519,3429,1639,1790,2999,1444,1555,1713,828,885,428,219,209,
12865,1715,838,877,3001,1482,1519,3429,1639,1790,3000,1445,1555,1713,828,885,429,219,210,
12870,1716,838,878,3001,1482,1519,3430,1639,1791,3001,1445,1556,1715,830,885,429,219,210,
12875,1716,838,878,3003,1484,1519,3431,1640,1791,3002,1445,1557,1716,830,886,429,219,210,
12880,1717,838,879,3005,1486,1519,3434,1643,1791,3004,1446,1558,1716,830,886,429,219,210,
12885,1718,838,880,3005,1486,1519,3434,1643,1791,3005,1447,1558,1716,830,886,429,219,210,
12890,1719,839,880,3007,1486,1521,3437,1643,1794,3006,1447,1559,1717,831,886,429,219,210,
12895,1719,839,880,3008,1487,1521,3437,1643,1794,3007,1447,1560,1717,831,886,430,219,211,
12900,1720,839,881,3008,1487,1521,3438,1643,1795,3008,1448,1560,1719,832,887,430,219,211,
12905,1720,839,881,3010,1489,1521,3439,1644,1795,3009,1449,1560,1720,833,887,430,219,211,
12910,1721,840,881,3012,1491,1521,3442,1646,1796,3011,1450,1561,1720,833,887,430,219,211,
12915,1722,840,882,3012,1491,1521,3442,1646,1796,3012,1451,1561,1720,833,887,430,219,211,
12920,1723,841,882,3014,1493,1521,3445,1648,1797,3013,1452,1561,1721,833,888,430,219,211,
12925,1723,841,882,3015,1494,1521,3445,1648,1797,3014,1452,1562,1721,833,888,431,220,211,
12930,1724,842,882,3015,1494,1521,3446,1648,1798,3015,1452,1563,1723,834,889,431,220,211,
12935,1724,842,882,3017,1495,1522,3447,1648,1799,3016,1452,1564,1724,834,890,431,220,211,
12940,1725,842,883,3019,1496,1523,3450,1650,1800,3018,1453,1565,1724,834,890,431,220,211,
12945,1726,842,884,3019,1496,1523,3450,1650,1800,3019,1454,1565,1724,834,890,431,220,211,
12950,1727,843,884,3021,1498,1523,3453,1652,1801,3020,1454,1566,1725,834,891,431,220,211,
12955,1727,843,884,3022,1498,1524,3453,1652,1801,3021,1454,1567,1725,834,891,432,221,211,
12960,1728,843,885,3022,1498,1524,3454,1652,1802,3022,1454,1568,1727,835,892,432,221,211,
12965,1728,843,885,3024,1499,1525,3455,1652,1803,3023,1455,1568,1728,835,893,432,221,211,
12970,1729,844,885,3026,1499,1527,3458,1655,1803,3025,1457,1568,1728,835,893,432,221,211,
12975,1730,845,885,3026,1499,1527,3458,1655,1803,3026,1458,1568,1728,835,893,432,221,211,
12980,1731,845,886,3028,1499,1529,3461,1657,1804,3027,1459,1568,1729,836,893,432,221,211,
12985,1731,845,886,3029,1499,1530,3461,1657,1804,3028,1460,1568,1729,836,893,433,222,211,
12990,1732,846,886,3029,1499,1530,3462,1658,1804,3029,1461,1568,1731,837,894,433,222,211,
12995,1732,846,886,3031,1500,1531,3463,1659,1804,3030,1462,1568,1732,838,894,433,222,211,
13000,1733,847,886,3033,1501,1532,3466,1659,1807,3032,1463,1569,1732,838,894,433,222,211,
13005,1734,848,886,3033,1501,1532,3466,1659,1807,3033,1463,1570,1732,838,894,433,222,211,
13010,1735,848,887,3035,1502,1533,3469,1662,1807,3034,1464,1570,1733,838,895,433,222,211,
13015,1735,848,887,3036,1503,1533,3469,1662,1807,3035,1464,1571,1733,838,895,434,223,211,
13020,1736,848,888,3036,1503,1533,3470,1662,1808,3036,1464,1572,1735,838,897,434,223,211,
13025,1736,848,888,3038,1504,1534,3471,1663,1808,3037,1465,1572,1736,838,898,434,223,211,
13030,1737,848,889,3040,1505,1535,3474,1665,1809,3039,1465,1574,1736,838,898,434,223,211,
13035,1738,849,889,3040,1505,1535,3474,1665,1809,3040,1465,1575,1736,838,898,434,223,211,
13040,1739,850,889,3042,1507,1535,3477,1666,1811,3041,1465,1576,1737,839,898,434,223,211,
13045,1739,850,889,3043,1508,1535,3477,1666,1811,3042,1466,1576,1737,839,898,435,224,211,
13050,1740,851,889,3043,1508,1535,3478,1666,1812,3043,1466,1577,1739,840,899,435,224,211,
13055,1740,851,889,3045,1508,1537,3479,1667,1812,3044,1466,1578,1740,840,900,435,224,211,
13060,1741,851,890,3047,1508,1539,3482,1669,1813,3046,1466,1580,1740,840,900,435,224,211,
13065,1742,852,890,3047,1508,1539,3482,1669,1813,3047,1467,1580,1740,840,900,435,224,211,
13070,1743,852,891,3049,1509,1540,3485,1670,1815,3048,1468,1580,1741,840,901,435,224,211,
13075,1743,852,891,3050,1510,1540,3485,1670,1815,3049,1469,1580,1741,840,901,436,225,211,
13080,1744,852,892,3050,1510,1540,3486,1670,1816,3050,1470,1580,1743,841,902,436,225,211,
13085,1744,852,892,3052,1511,1541,3487,1671,1816,3051,1470,1581,1744,842,902,436,225,211,
13090,1745,852,893,3054,1512,1542,3490,1673,1817,3053,1471,1582,1744,842,902,436,225,211,
13095,1746,853,893,3054,1512,1542,3490,1673,1817,3054,1472,1582,1744,842,902,436,225,211,
13100,1747,853,894,3056,1514,1542,3493,1675,1818,3055,1472,1583,1745,843,902,436,225,211,
13105,1747,853,894,3057,1515,1542,3493,1675,1818,3056,1473,1583,1745,843,902,437,226,211,
13110,1748,853,895,3057,1515,1542,3494,1676,1818,3057,1474,1583,1747,845,902,437,226,211,
13115,1748,853,895,3059,1516,1543,3495,1676,1819,3058,1474,1584,1748,845,903,437,226,211,
13120,1749,853,896,3061,1517,1544,3498,1677,1821,3060,1474,1586,1748,845,903,437,226,211,
13125,1750,854,896,3061,1517,1544,3498,1677,1821,3061,1475,1586,1748,845,903,437,226,211,
13130,1751,854,897,3063,1518,1545,3501,1679,1822,3062,1476,1586,1749,845,904,437,226,211,
13135,1751,854,897,3064,1518,1546,3501,1679,1822,3063,1477,1586,1749,845,904,438,227,211,
13140,1752,854,898,3064,1518,1546,3502,1680,1822,3064,1478,1586,1751,846,905,438,227,211,
13145,1752,854,898,3066,1519,1547,3503,1680,1823,3065,1479,1586,1752,846,906,438,227,211,
13150,1753,855,898,3068,1521,1547,3506,1682,1824,3067,1481,1586,1752,846,906,438,227,211,
13155,1754,856,898,3068,1521,1547,3506,1682,1824,3068,1481,1587,1752,846,906,438,227,211,
13160,1755,857,898,3070,1521,1549,3509,1683,1826,3069,1482,1587,1753,846,907,438,227,211,
13165,1755,857,898,3071,1521,1550,3509,1683,1826,3070,1483,1587,1753,846,907,439,228,211,
13170,1756,857,899,3071,1521,1550,3510,1684,1826,3071,1484,1587,1755,847,908,439,228,211,
13175,1756,857,899,3073,1522,1551,3511,1684,1827,3072,1485,1587,1756,847,909,439,228,211,
13180,1757,857,900,3075,1522,1553,3514,1685,1829,3074,1485,1589,1756,847,909,439,228,211,
13185,1758,858,900,3075,1522,1553,3514,1685,1829,3075,1486,1589,1756,847,909,439,228,211,
13190,1759,858,901,3077,1523,1554,3517,1685,1832,3076,1487,1589,1757,847,910,439,228,211,
13195,1759,858,901,3078,1524,1554,3517,1685,1832,3077,1488,1589,1757,847,910,440,229,211,
13200,1760,858,902,3078,1524,1554,3518,1686,1832,3078,1488,1590,1759,849,910,440,229,211,
13205,1760,858,902,3080,1524,1556,3519,1686,1833,3079,1488,1591,1760,849,911,440,229,211,
13210,1761,858,903,3082,1525,1557,3522,1687,1835,3081,1490,1591,1760,849,911,440,229,211,
13215,1762,859,903,3082,1525,1557,3522,1687,1835,3082,1490,1592,1760,849,911,440,229,211,
13220,1763,859,904,3084,1526,1558,3525,1689,1836,3083,1490,1593,1761,849,912,440,229,211,
13225,1763,859,904,3085,1527,1558,3525,1689,1836,3084,1490,1594,1761,849,912,441,229,212,
13230,1764,859,905,3085,1527,1558,3526,1690,1836,3085,1491,1594,1763,851,912,441,229,212,
13235,1764,859,905,3087,1528,1559,3527,1690,1837,3086,1491,1595,1764,851,913,441,229,212,
13240,1765,860,905,3089,1529,1560,3530,1692,1838,3088,1491,1597,1764,851,913,441,229,212,
13245,1766,860,906,3089,1529,1560,3530,1692,1838,3089,1492,1597,1764,851,913,441,229,212,
13250,1767,860,907,3091,1530,1561,3533,1694,1839,3090,1493,1597,1765,852,913,441,229,212,
13255,1767,860,907,3092,1530,1562,3533,1694,1839,3091,1494,1597,1765,852,913,442,229,213,
13260,1768,860,908,3092,1530,1562,3534,1694,1840,3092,1495,1597,1767,853,914,442,229,213,
13265,1768,860,908,3094,1531,1563,3535,1695,1840,3093,1496,1597,1768,853,915,442,229,213,
13270,1769,860,909,3096,1532,1564,3538,1696,1842,3095,1497,1598,1768,853,915,442,229,213,
13275,1770,860,910,3096,1532,1564,3538,1696,1842,3096,1497,1599,1768,853,915,442,229,213,
13280,1771,861,910,3098,1532,1566,3541,1697,1844,3097,1497,1600,1769,853,916,442,229,213,
13285,1771,861,910,3099,1532,1567,3541,1697,1844,3098,1498,1600,1769,853,916,443,230,213,
13290,1772,861,911,3099,1532,1567,3542,1697,1845,3099,1499,1600,1771,854,917,443,230,213,
13295,1772,861,911,3101,1532,1569,3543,1697,1846,3100,1499,1601,1772,854,918,443,230,213,
13300,1773,861,912,3103,1532,1571,3546,1699,1847,3102,1501,1601,1772,854,918,443,230,213,
13305,1774,861,913,3103,1532,1571,3546,1699,1847,3103,1501,1602,1772,854,918,443,230,213,
13310,1775,861,914,3105,1534,1571,3549,1701,1848,3104,1502,1602,1773,855,918,443,230,213,
13315,1775,861,914,3106,1534,1572,3549,1701,1848,3105,1502,1603,1773,855,918,444,230,214,
13320,1776,861,915,3106,1534,1572,3550,1701,1849,3106,1502,1604,1775,856,919,444,230,214,
13325,1776,861,915,3108,1534,1574,3551,1701,1850,3107,1502,1605,1776,857,919,444,230,214,
13330,1777,862,915,3110,1534,1576,3554,1702,1852,3109,1503,1606,1776,857,919,444,230,214,
13335,1778,862,916,3110,1534,1576,3554,1702,1852,3110,1503,1607,1776,857,919,444,230,214,
13340,1779,862,917,3112,1535,1577,3557,1704,1853,3111,1504,1607,1777,858,919,444,230,214,
13345,1779,862,917,3113,1536,1577,3557,1704,1853,3112,1504,1608,1777,858,919,445,231,214,
13350,1780,863,917,3113,1536,1577,3558,1705,1853,3113,1504,1609,1779,859,920,445,231,214,
13355,1780,863,917,3115,1537,1578,3559,1706,1853,3114,1505,1609,1780,859,921,445,231,214,
13360,1781,863,918,3117,1538,1579,3562,1708,1854,3116,1506,1610,1780,859,921,445,231,214,
13365,1782,864,918,3117,1538,1579,3562,1708,1854,3117,1507,1610,1780,859,921,445,231,214,
13370,1783,865,918,3119,1539,1580,3565,1708,1857,3118,1507,1611,1781,860,921,445,231,214,
13375,1783,865,918,3120,1540,1580,3565,1708,1857,3119,1508,1611,1781,860,921,446,232,214,
13380,1784,866,918,3120,1540,1580,3566,1708,1858,3120,1509,1611,1783,860,923,446,232,214,
13385,1784,866,918,3122,1541,1581,3567,1709,1858,3121,1510,1611,1784,860,924,446,232,214,
13390,1785,867,918,3124,1542,1582,3570,1710,1860,3123,1510,1613,1784,860,924,446,232,214,
13395,1786,868,918,3124,1542,1582,3570,1710,1860,3124,1510,1614,1784,860,924,446,232,214,
13400,1787,869,918,3126,1542,1584,3573,1713,1860,3125,1511,1614,1785,860,925,446,232,214,
13405,1787,869,918,3127,1542,1585,3573,1713,1860,3126,1512,1614,1785,860,925,447,232,215,
13410,1788,869,919,3127,1542,1585,3574,1713,1861,3127,1512,1615,1787,861,926,447,232,215,
13415,1788,869,919,3129,1542,1587,3575,1714,1861,3128,1512,1616,1788,861,927,447,232,215,
13420,1789,870,919,3131,1543,1588,3578,1714,1864,3130,1513,1617,1788,861,927,447,232,215,
13425,1790,871,919,3131,1543,1588,3578,1714,1864,3131,1513,1618,1788,861,927,447,232,215,
13430,1791,871,920,3133,1545,1588,3581,1714,1867,3132,1513,1619,1789,861,928,447,232,215,
13435,1791,871,920,3134,1545,1589,3581,1714,1867,3133,1514,1619,1789,861,928,448,232,216,
13440,1792,872,920,3134,1545,1589,3582,1714,1868,3134,1514,1620,1791,862,929,448,232,216,
13445,1792,872,920,3136,1545,1591,3583,1715,1868,3135,1515,1620,1792,862,930,448,232,216,
13450,1793,872,921,3138,1545,1593,3586,1717,1869,3137,1515,1622,1792,862,930,448,232,216,
13455,1794,872,922,3138,1545,1593,3586,1717,1869,3138,1516,1622,1792,862,930,448,232,216,
13460,1795,872,923,3140,1546,1594,3589,1717,1872,3139,1517,1622,1793,862,931,448,232,216,
13465,1795,872,923,3141,1547,1594,3589,1717,1872,3140,1517,1623,1793,862,931,449,232,217,
13470,1796,873,923,3141,1547,1594,3590,1718,1872,3141,1518,1623,1795,863,932,449,232,217,
13475,1796,873,923,3143,1548,1595,3591,1719,1872,3142,1518,1624,1796,863,933,449,232,217,
13480,1797,873,924,3145,1549,1596,3594,1719,1875,3144,1518,1626,1796,863,933,449,232,217,
13485,1798,873,925,3145,1549,1596,3594,1719,1875,3145,1519,1626,1796,863,933,449,232,217,
13490,1799,874,925,3147,1549,1598,3597,1720,1877,3146,1519,1627,1797,864,933,449,232,217,
13495,1799,874,925,3148,1550,1598,3597,1720,1877,3147,1519,1628,1797,864,933,450,232,218,
13500,1800,875,925,3148,1550,1598,3598,1720,1878,3148,1519,1629,1799,866,933,450,232,218,
13505,1800,875,925,3150,1552,1598,3599,1720,1879,3149,1520,1629,1800,867,933,450,232,218,
13510,1801,875,926,3152,1553,1599,3602,1722,1880,3151,1520,1631,1800,867,933,450,232,218,
13515,1802,875,927,3152,1553,1599,3602,1722,1880,3152,1521,1631,1800,867,933,450,232,218,
13520,1803,875,928,3154,1553,1601,3605,1723,1882,3153,1521,1632,1801,868,933,450,232,218,
13525,1803,875,928,3155,1554,1601,3605,1723,1882,3154,1521,1633,1801,868,933,451,232,219,
13530,1804,875,929,3155,1554,1601,3606,1723,1883,3155,1521,1634,1803,869,934,451,232,219,
13535,1804,875,929,3157,1555,1602,3607,1724,1883,3156,1522,1634,1804,869,935,451,232,219,
13540,1805,875,930,3159,1556,1603,3610,1726,1884,3158,1524,1634,1804,869,935,451,232,219,
13545,1806,876,930,3159,1556,1603,3610,1726,1884,3159,1524,1635,1804,869,935,451,232,219,
13550,1807,877,930,3161,1557,1604,3613,1727,1886,3160,1524,1636,1805,870,935,451,232,219,
13555,1807,877,930,3162,1557,1605,3613,1727,1886,3161,1524,1637,1805,870,935,452,232,220,
13560,1808,877,931,3162,1557,1605,3614,1728,1886,3162,1524,1638,1807,871,936,452,232,220,
13565,1808,877,931,3164,1557,1607,3615,1728,1887,3163,1525,1638,1808,871,937,452,232,220,
13570,1809,878,931,3166,1558,1608,3618,1730,1888,3165,1526,1639,1808,871,937,452,232,220,
13575,1810,879,931,3166,1558,1608,3618,1730,1888,3166,1526,1640,1808,871,937,452,232,220,
13580,1811,880,931,3168,1558,1610,3621,1731,1890,3167,1527,1640,1809,871,938,452,232,220,
13585,1811,880,931,3169,1558,1611,3621,1731,1890,3168,1527,1641,1809,871,938,453,232,221,
13590,1812,881,931,3169,1558,1611,3622,1731,1891,3169,1527,1642,1811,872,939,453,232,221,
13595,1812,881,931,3171,1558,1613,3623,1731,1892,3170,1527,1643,1812,873,939,453,232,221,
13600,1813,881,932,3173,1559,1614,3626,1733,1893,3172,1527,1645,1812,873,939,453,232,221,
13605,1814,882,932,3173,1559,1614,3626,1733,1893,3173,1527,1646,1812,873,939,453,232,221,
13610,1815,883,932,3175,1559,1616,3629,1735,1894,3174,1527,1647,1813,874,939,453,232,221,
13615,1815,883,932,3176,1560,1616,3629,1735,1894,3175,1527,1648,1813,874,939,454,233,221,
13620,1816,884,932,3176,1560,1616,3630,1735,1895,3176,1528,1648,1815,875,940,454,233,221,
13625,1816,884,932,3178,1561,1617,3631,1736,1895,3177,1529,1648,1816,876,940,454,233,221,
13630,1817,885,932,3180,1562,1618,3634,1737,1897,3179,1529,1650,1816,876,940,454,233,221,
13635,1818,886,932,3180,1562,1618,3634,1737,1897,3180,1529,1651,1816,876,940,454,233,221,
13640,1819,886,933,3182,1564,1618,3637,1739,1898,3181,1530,1651,1817,877,940,454,233,221,
13645,1819,886,933,3183,1565,1618,3637,1739,1898,3182,1531,1651,1817,877,940,455,234,221,
13650,1820,886,934,3183,1565,1618,3638,1739,1899,3183,1532,1651,1819,878,941,455,234,221,
13655,1820,886,934,3185,1566,1619,3639,1739,1900,3184,1532,1652,1820,878,942,455,234,221,
13660,1821,887,934,3187,1567,1620,3642,1739,1903,3186,1533,1653,1820,878,942,455,234,221,
13665,1822,887,935,3187,1567,1620,3642,1739,1903,3187,1533,1654,1820,878,942,455,234,221,
13670,1823,887,936,3189,1568,1621,3645,1741,1904,3188,1534,1654,1821,879,942,455,234,221,
13675,1823,887,936,3190,1568,1622,3645,1741,1904,3189,1534,1655,1821,879,942,456,234,222,
13680,1824,888,936,3190,1568,1622,3646,1741,1905,3190,1535,1655,1823,879,944,456,234,222,
13685,1824,888,936,3192,1569,1623,3647,1741,1906,3191,1536,1655,1824,879,945,456,234,222,
13690,1825,889,936,3194,1570,1624,3650,1743,1907,3193,1538,1655,1824,879,945,456,234,222,
13695,1826,889,937,3194,1570,1624,3650,1743,1907,3194,1538,1656,1824,879,945,456,234,222,
13700,1827,890,937,3196,1571,1625,3653,1743,1910,3195,1539,1656,1825,879,946,456,234,222,
13705,1827,890,937,3197,1571,1626,3653,1743,1910,3196,1539,1657,1825,879,946,457,234,223,
13710,1828,891,937,3197,1571,1626,3654,1744,1910,3197,1539,1658,1827,879,948,457,234,223,
13715,1828,891,937,3199,1572,1627,3655,1744,1911,3198,1540,1658,1828,880,948,457,234,223,
13720,1829,892,937,3201,1572,1629,3658,1745,1913,3200,1541,1659,1828,880,948,457,234,223,
13725,1830,892,938,3201,1572,1629,3658,1745,1913,3201,1541,1660,1828,880,948,457,234,223,
13730,1831,893,938,3203,1573,1630,3661,1747,1914,3202,1541,1661,1829,880,949,457,234,223,
13735,1831,893,938,3204,1573,1631,3661,1747,1914,3203,1541,1662,1829,880,949,458,234,224,
13740,1832,893,939,3204,1573,1631,3662,1748,1914,3204,1542,1662,1831,880,951,458,234,224,
13745,1832,893,939,3206,1574,1632,3663,1749,1914,3205,1542,1663,1832,881,951,458,234,224,
13750,1833,893,940,3208,1574,1634,3666,1749,1917,3207,1543,1664,1832,881,951,458,234,224,
13755,1834,894,940,3208,1574,1634,3666,1749,1917,3208,1544,1664,1832,881,951,458,234,224,
13760,1835,895,940,3210,1574,1636,3669,1750,1919,3209,1544,1665,1833,881,952,458,234,224,
13765,1835,895,940,3211,1575,1636,3669,1750,1919,3210,1545,1665,1833,881,952,459,234,225,
13770,1836,896,940,3211,1575,1636,3670,1751,1919,3211,1545,1666,1835,882,953,459,234,225,
13775,1836,896,940,3213,1576,1637,3671,1752,1919,3212,1546,1666,1836,882,954,459,234,225,
13780,1837,896,941,3215,1576,1639,3674,1753,1921,3214,1546,1668,1836,882,954,459,234,225,
13785,1838,897,941,3215,1576,1639,3674,1753,1921,3215,1547,1668,1836,882,954,459,234,225,
13790,1839,898,941,3217,1577,1640,3677,1756,1921,3216,1548,1668,1837,882,955,459,234,225,
13795,1839,898,941,3218,1578,1640,3677,1756,1921,3217,1549,1668,1837,882,955,460,234,226,
13800,1840,899,941,3218,1578,1640,3678,1756,1922,3218,1549,1669,1839,883,956,460,234,226,
13805,1840,899,941,3220,1579,1641,3679,1757,1922,3219,1549,1670,1840,884,956,460,234,226,
13810,1841,899,942,3222,1581,1641,3682,1760,1922,3221,1551,1670,1840,884,956,460,234,226,
13815,1842,900,942,3222,1581,1641,3682,1760,1922,3222,1552,1670,1840,884,956,460,234,226,
13820,1843,900,943,3224,1581,1643,3685,1762,1923,3223,1553,1670,1841,884,957,460,234,226,
13825,1843,900,943,3225,1582,1643,3685,1762,1923,3224,1554,1670,1841,884,957,461,234,227,
13830,1844,900,944,3225,1582,1643,3686,1763,1923,3225,1555,1670,1843,886,957,461,234,227,
13835,1844,900,944,3227,1583,1644,3687,1764,1923,3226,1556,1670,1844,886,958,461,234,227,
13840,1845,901,944,3229,1583,1646,3690,1765,1925,3228,1557,1671,1844,886,958,461,234,227,
13845,1846,901,945,3229,1583,1646,3690,1765,1925,3229,1558,1671,1844,886,958,461,234,227,
13850,1847,902,945,3231,1583,1648,3693,1766,1927,3230,1558,1672,1845,887,958,461,234,227,
13855,1847,902,945,3232,1584,1648,3693,1766,1927,3231,1558,1673,1845,887,958,462,234,228,
13860,1848,902,946,3232,1584,1648,3694,1767,1927,3232,1559,1673,1847,887,960,462,234,228,
13865,1848,902,946,3234,1586,1648,3695,1767,1928,3233,1559,1674,1848,888,960,462,234,228,
13870,1849,903,946,3236,1588,1648,3698,1769,1929,3235,1560,1675,1848,888,960,462,234,228,
13875,1850,904,946,3236,1588,1648,3698,1769,1929,3236,1561,1675,1848,888,960,462,234,228,
13880,1851,904,947,3238,1589,1649,3701,1770,1931,3237,1561,1676,1849,889,960,462,234,228,
13885,1851,904,947,3239,1590,1649,3701,1770,1931,3238,1561,1677,1849,889,960,463,234,229,
13890,1852,904,948,3239,1590,1649,3702,1770,1932,3239,1562,1677,1851,890,961,463,234,229,
13895,1852,904,948,3241,1591,1650,3703,1771,1932,3240,1563,1677,1852,890,962,463,234,229,
13900,1853,904,949,3243,1591,1652,3706,1772,1934,3242,1564,1678,1852,890,962,463,234,229,
13905,1854,904,950,3243,1591,1652,3706,1772,1934,3243,1564,1679,1852,890,962,463,234,229,
13910,1855,904,951,3245,1592,1653,3709,1772,1937,3244,1564,1680,1853,890,963,463,234,229,
13915,1855,904,951,3246,1593,1653,3709,1772,1937,3245,1564,1681,1853,890,963,464,235,229,
13920,1856,904,952,3246,1593,1653,3710,1772,1938,3246,1564,1682,1855,890,965,464,235,229,
13925,1856,904,952,3248,1595,1653,3711,1773,1938,3247,1565,1682,1856,891,965,464,235,229,
13930,1857,905,952,3250,1596,1654,3714,1774,1940,3249,1566,1683,1856,891,965,464,235,229,
13935,1858,905,953,3250,1596,1654,3714,1774,1940,3250,1566,1684,1856,891,965,464,235,229,
13940,1859,906,953,3252,1597,1655,3717,1775,1942,3251,1567,1684,1857,892,965,464,235,229,
13945,1859,906,953,3253,1598,1655,3717,1775,1942,3252,1568,1684,1857,892,965,465,235,230,
13950,1860,906,954,3253,1598,1655,3718,1776,1942,3253,1568,1685,1859,893,966,465,235,230,
13955,1860,906,954,3255,1598,1657,3719,1776,1943,3254,1568,1686,1860,893,967,465,235,230,
13960,1861,907,954,3257,1600,1657,3722,1776,1946,3256,1568,1688,1860,893,967,465,235,230,
13965,1862,907,955,3257,1600,1657,3722,1776,1946,3257,1569,1688,1860,893,967,465,235,230,
13970,1863,907,956,3259,1601,1658,3725,1778,1947,3258,1570,1688,1861,894,967,465,235,230,
13975,1863,907,956,3260,1601,1659,3725,1778,1947,3259,1571,1688,1861,894,967,466,235,231,
13980,1864,907,957,3260,1601,1659,3726,1778,1948,3260,1572,1688,1863,895,968,466,235,231,
13985,1864,907,957,3262,1602,1660,3727,1779,1948,3261,1573,1688,1864,896,968,466,235,231,
13990,1865,907,958,3264,1604,1660,3730,1780,1950,3263,1574,1689,1864,896,968,466,235,231,
13995,1866,908,958,3264,1604,1660,3730,1780,1950,3264,1575,1689,1864,896,968,466,235,231,
14000,1867,909,958,3266,1604,1662,3733,1781,1952,3265,1576,1689,1865,896,969,466,235,231,
14005,1867,909,958,3267,1605,1662,3733,1781,1952,3266,1577,1689,1865,896,969,467,235,232,
14010,1868,910,958,3267,1605,1662,3734,1782,1952,3267,1577,1690,1867,897,970,467,235,232,
14015,1868,910,958,3269,1606,1663,3735,1782,1953,3268,1578,1690,1868,898,970,467,235,232,
14020,1869,911,958,3271,1607,1664,3738,1782,1956,3270,1579,1691,1868,898,970,467,235,232,
14025,1870,911,959,3271,1607,1664,3738,1782,1956,3271,1580,1691,1868,898,970,467,235,232,
14030,1871,911,960,3273,1608,1665,3741,1783,1958,3272,1580,1692,1869,898,971,467,235,232,
14035,1871,911,960,3274,1609,1665,3741,1783,1958,3273,1580,1693,1869,898,971,468,235,233,
14040,1872,912,960,3274,1609,1665,3742,1784,1958,3274,1581,1693,1871,898,973,468,235,233,
14045,1872,912,960,3276,1610,1666,3743,1785,1958,3275,1581,1694,1872,898,974,468,235,233,
14050,1873,912,961,3278,1611,1667,3746,1787,1959,3277,1581,1696,1872,898,974,468,235,233,
14055,1874,912,962,3278,1611,1667,3746,1787,1959,3278,1581,1697,1872,898,974,468,235,233,
14060,1875,913,962,3280,1612,1668,3749,1789,1960,3279,1581,1698,1873,898,975,468,235,233,
14065,1875,913,962,3281,1613,1668,3749,1789,1960,3280,1581,1699,1873,898,975,469,235,234,
14070,1876,913,963,3281,1613,1668,3750,1790,1960,3281,1581,1700,1875,899,976,469,235,234,
14075,1876,913,963,3283,1614,1669,3751,1791,1960,3282,1582,1700,1876,899,977,469,235,234,
14080,1877,913,964,3285,1615,1670,3754,1792,1962,3284,1584,1700,1876,899,977,469,235,234,
14085,1878,914,964,3285,1615,1670,3754,1792,1962,3285,1584,1701,1876,899,977,469,235,234,
14090,1879,915,964,3287,1616,1671,3757,1795,1962,3286,1584,1702,1877,899,978,469,235,234,
14095,1879,915,964,3288,1617,1671,3757,1795,1962,3287,1585,1702,1877,899,978,470,235,235,
14100,1880,916,964,3288,1617,1671,3758,1795,1963,3288,1585,1703,1879,901,978,470,235,235,
14105,1880,916,964,3290,1617,1673,3759,1795,1964,3289,1585,1704,1880,902,978,470,235,235,
14110,1881,917,964,3292,1618,1674,3762,1797,1965,3291,1587,1704,1880,902,978,470,235,235,
14115,1882,918,964,3292,1618,1674,3762,1797,1965,3292,1587,1705,1880,902,978,470,235,235,
14120,1883,919,964,3294,1620,1674,3765,1799,1966,3293,1587,1706,1881,902,979,470,235,235,
14125,1883,919,964,3295,1621,1674,3765,1799,1966,3294,1588,1706,1881,902,979,471,236,235,
14130,1884,920,964,3295,1621,1674,3766,1800,1966,3295,1589,1706,1883,904,979,471,236,235,
14135,1884,920,964,3297,1622,1675,3767,1800,1967,3296,1589,1707,1884,904,980,471,236,235,
14140,1885,920,965,3299,1623,1676,3770,1802,1968,3298,1591,1707,1884,904,980,471,236,235,
14145,1886,920,966,3299,1623,1676,3770,1802,1968,3299,1591,1708,1884,904,980,471,236,235,
14150,1887,920,967,3301,1625,1676,3773,1803,1970,3300,1591,1709,1885,904,981,471,236,235,
14155,1887,920,967,3302,1625,1677,3773,1803,1970,3301,1591,1710,1885,904,981,472,236,236,
14160,1888,920,968,3302,1625,1677,3774,1804,1970,3302,1591,1711,1887,905,982,472,236,236,
14165,1888,920,968,3304,1625,1679,3775,1804,1971,3303,1591,1712,1888,906,982,472,236,236,
14170,1889,921,968,3306,1627,1679,3778,1804,1974,3305,1592,1713,1888,906,982,472,236,236,
14175,1890,921,969,3306,1627,1679,3778,1804,1974,3306,1593,1713,1888,906,982,472,236,236,
14180,1891,921,970,3308,1628,1680,3781,1805,1976,3307,1594,1713,1889,906,983,472,236,236,
14185,1891,921,970,3309,1628,1681,3781,1805,1976,3308,1595,1713,1889,906,983,473,236,237,
14190,1892,922,970,3309,1628,1681,3782,1806,1976,3309,1596,1713,1891,907,984,473,236,237,
14195,1892,922,970,3311,1630,1681,3783,1806,1977,3310,1596,1714,1892,907,985,473,236,237,
14200,1893,922,971,3313,1630,1683,3786,1808,1978,3312,1596,1716,1892,907,985,473,236,237,
14205,1894,923,971,3313,1630,1683,3786,1808,1978,3313,1597,1716,1892,907,985,473,236,237,
14210,1895,923,972,3315,1631,1684,3789,1808,1981,3314,1598,1716,1893,907,986,473,236,237,
14215,1895,923,972,3316,1632,1684,3789,1808,1981,3315,1599,1716,1893,907,986,474,236,238,
14220,1896,924,972,3316,1632,1684,3790,1808,1982,3316,1600,1716,1895,907,988,474,236,238,
14225,1896,924,972,3318,1632,1686,3791,1809,1982,3317,1601,1716,1896,907,989,474,236,238,
14230,1897,924,973,3320,1633,1687,3794,1809,1985,3319,1602,1717,1896,907,989,474,236,238,
14235,1898,925,973,3320,1633,1687,3794,1809,1985,3320,1603,1717,1896,907,989,474,236,238,
14240,1899,925,974,3322,1635,1687,3797,1811,1986,3321,1604,1717,1897,908,989,474,236,238,
14245,1899,925,974,3323,1635,1688,3797,1811,1986,3322,1604,1718,1897,908,989,475,237,238,
14250,1900,925,975,3323,1635,1688,3798,1811,1987,3323,1604,1719,1899,909,990,475,237,238,
14255,1900,925,975,3325,1636,1689,3799,1811,1988,3324,1604,1720,1900,910,990,475,237,238,
14260,1901,926,975,3327,1637,1690,3802,1813,1989,3326,1605,1721,1900,910,990,475,237,238,
14265,1902,927,975,3327,1637,1690,3802,1813,1989,3327,1605,1722,1900,910,990,475,237,238,
14270,1903,928,975,3329,1638,1691,3805,1814,1991,3328,1606,1722,1901,911,990,475,237,238,
14275,1903,928,975,3330,1638,1692,3805,1814,1991,3329,1606,1723,1901,911,990,476,237,239,
14280,1904,928,976,3330,1638,1692,3806,1815,1991,3330,1606,1724,1903,912,991,476,237,239,
14285,1904,928,976,3332,1639,1693,3807,1816,1991,3331,1607,1724,1904,912,992,476,237,239,
14290,1905,929,976,3334,1640,1694,3810,1818,1992,3333,1609,1724,1904,912,992,476,237,239,
14295,1906,930,976,3334,1640,1694,3810,1818,1992,3334,1609,1725,1904,912,992,476,237,239,
14300,1907,930,977,3336,1641,1695,3813,1820,1993,3335,1610,1725,1905,912,993,476,237,239,
14305,1907,930,977,3337,1642,1695,3813,1820,1993,3336,1611,1725,1905,912,993,477,238,239,
14310,1908,931,977,3337,1642,1695,3814,1821,1993,3337,1611,1726,1907,914,993,477,238,239,
14315,1908,931,977,3339,1644,1695,3815,1821,1994,3338,1612,1726,1908,914,994,477,238,239,
14320,1909,932,977,3341,1646,1695,3818,1822,1996,3340,1612,1728,1908,914,994,477,238,239,
14325,1910,933,977,3341,1646,1695,3818,1822,1996,3341,1613,1728,1908,914,994,477,238,239,
14330,1911,934,977,3343,1647,1696,3821,1822,1999,3342,1614,1728,1909,915,994,477,238,239,
14335,1911,934,977,3344,1648,1696,3821,1822,1999,3343,1614,1729,1909,915,994,478,239,239,
14340,1912,934,978,3344,1648,1696,3822,1822,2000,3344,1614,1730,1911,916,995,478,239,239,
14345,1912,934,978,3346,1650,1696,3823,1823,2000,3345,1614,1731,1912,917,995,478,239,239,
14350,1913,934,979,3348,1651,1697,3826,1825,2001,3347,1615,1732,1912,917,995,478,239,239,
14355,1914,935,979,3348,1651,1697,3826,1825,2001,3348,1615,1733,1912,917,995,478,239,239,
14360,1915,935,980,3350,1651,1699,3829,1827,2002,3349,1615,1734,1913,918,995,478,239,239,
14365,1915,935,980,3351,1651,1700,3829,1827,2002,3350,1615,1735,1913,918,995,479,240,239,
14370,1916,935,981,3351,1651,1700,3830,1827,2003,3351,1615,1736,1915,918,997,479,240,239,
14375,1916,935,981,3353,1652,1701,3831,1827,2004,3352,1615,1737,1916,919,997,479,240,239,
14380,1917,935,982,3355,1652,1703,3834,1829,2005,3354,1617,1737,1916,919,997,479,240,239,
14385,1918,936,982,3355,1652,1703,3834,1829,2005,3355,1618,1737,1916,919,997,479,240,239,
14390,1919,937,982,3357,1652,1705,3837,1831,2006,3356,1618,1738,1917,920,997,479,240,239,
14395,1919,937,982,3358,1653,1705,3837,1831,2006,3357,1618,1739,1917,920,997,480,241,239,
14400,1920,937,983,3358,1653,1705,3838,1831,2007,3358,1618,1740,1919,920,999,480,241,239,
14405,1920,937,983,3360,1653,1707,3839,1831,2008,3359,1619,1740,1920,920,1000,480,241,239,
14410,1921,937,984,3362,1654,1708,3842,1832,2010,3361,1619,1742,1920,920,1000,480,241,239,
14415,1922,938,984,3362,1654,1708,3842,1832,2010,3362,1620,1742,1920,920,1000,480,241,239,
14420,1923,939,984,3364,1655,1709,3845,1834,2011,3363,1620,1743,1921,920,1001,480,241,239,
14425,1923,939,984,3365,1655,1710,3845,1834,2011,3364,1621,1743,1921,920,1001,481,242,239,
14430,1924,940,984,3365,1655,1710,3846,1834,2012,3365,1622,1743,1923,921,1002,481,242,239,
14435,1924,940,984,3367,1656,1711,3847,1834,2013,3366,1622,1744,1924,922,1002,481,242,239,
14440,1925,940,985,3369,1656,1713,3850,1835,2015,3368,1623,1745,1924,922,1002,481,242,239,
14445,1926,940,986,3369,1656,1713,3850,1835,2015,3369,1624,1745,1924,922,1002,481,242,239,
14450,1927,941,986,3371,1656,1715,3853,1835,2018,3370,1624,1746,1925,922,1003,481,242,239,
14455,1927,941,986,3372,1657,1715,3853,1835,2018,3371,1624,1747,1925,922,1003,482,243,239,
14460,1928,941,987,3372,1657,1715,3854,1836,2018,3372,1625,1747,1927,923,1004,482,243,239,
14465,1928,941,987,3374,1658,1716,3855,1836,2019,3373,1626,1747,1928,924,1004,482,243,239,
14470,1929,941,988,3376,1660,1716,3858,1837,2021,3375,1628,1747,1928,924,1004,482,243,239,
14475,1930,941,989,3376,1660,1716,3858,1837,2021,3376,1628,1748,1928,924,1004,482,243,239,
14480,1931,942,989,3378,1661,1717,3861,1838,2023,3377,1628,1749,1929,925,1004,482,243,239,
14485,1931,942,989,3379,1662,1717,3861,1838,2023,3378,1628,1750,1929,925,1004,483,244,239,
14490,1932,942,990,3379,1662,1717,3862,1839,2023,3379,1628,1751,1931,925,1006,483,244,239,
14495,1932,942,990,3381,1663,1718,3863,1839,2024,3380,1629,1751,1932,925,1007,483,244,239,
14500,1933,943,990,3383,1665,1718,3866,1841,2025,3382,1630,1752,1932,925,1007,483,244,239,
14505,1934,944,990,3383,1665,1718,3866,1841,2025,3383,1631,1752,1932,925,1007,483,244,239,
14510,1935,944,991,3385,1666,1719,3869,1842,2027,3384,1632,1752,1933,925,1008,483,244,239,
14515,1935,944,991,3386,1666,1720,3869,1842,2027,3385,1633,1752,1933,925,1008,484,244,240,
14520,1936,945,991,3386,1666,1720,3870,1842,2028,3386,1633,1753,1935,925,1010,484,244,240,
14525,1936,945,991,3388,1666,1722,3871,1843,2028,3387,1633,1754,1936,925,1011,484,244,240,
14530,1937,945,992,3390,1668,1722,3874,1843,2031,3389,1634,1755,1936,925,1011,484,244,240,
14535,1938,946,992,3390,1668,1722,3874,1843,2031,3390,1634,1756,1936,925,1011,484,244,240,
14540,1939,947,992,3392,1668,1724,3877,1845,2032,3391,1634,1757,1937,925,1012,484,244,240,
14545,1939,947,992,3393,1669,1724,3877,1845,2032,3392,1634,1758,1937,925,1012,485,245,240,
14550,1940,947,993,3393,1669,1724,3878,1846,2032,3393,1634,1759,1939,927,1012,485,245,240,
14555,1940,947,993,3395,1670,1725,3879,1846,2033,3394,1634,1760,1940,928,1012,485,245,240,
14560,1941,948,993,3397,1671,1726,3882,1847,2035,3396,1635,1761,1940,928,1012,485,245,240,
14565,1942,948,994,3397,1671,1726,3882,1847,2035,3397,1635,1762,1940,928,1012,485,245,240,
14570,1943,949,994,3399,1673,1726,3885,1849,2036,3398,1636,1762,1941,928,1013,485,245,240,
14575,1943,949,994,3400,1674,1726,3885,1849,2036,3399,1637,1762,1941,928,1013,486,246,240,
14580,1944,950,994,3400,1674,1726,3886,1849,2037,3400,1637,1763,1943,929,1014,486,246,240,
14585,1944,950,994,3402,1675,1727,3887,1849,2038,3401,1637,1764,1944,930,1014,486,246,240,
14590,1945,951,994,3404,1677,1727,3890,1850,2040,3403,1639,1764,1944,930,1014,486,246,240,
14595,1946,952,994,3404,1677,1727,3890,1850,2040,3404,1640,1764,1944,930,1014,486,246,240,
14600,1947,952,995,3406,1678,1728,3893,1851,2042,3405,1640,1765,1945,931,1014,486,246,240,
14605,1947,952,995,3407,1678,1729,3893,1851,2042,3406,1641,1765,1945,931,1014,487,246,241,
14610,1948,952,996,3407,1678,1729,3894,1852,2042,3407,1641,1766,1947,931,1016,487,246,241,
14615,1948,952,996,3409,1678,1731,3895,1853,2042,3408,1642,1766,1948,932,1016,487,246,241,
14620,1949,952,997,3411,1678,1733,3898,1855,2043,3410,1643,1767,1948,932,1016,487,246,241,
14625,1950,953,997,3411,1678,1733,3898,1855,2043,3411,1643,1768,1948,932,1016,487,246,241,
14630,1951,954,997,3413,1679,1734,3901,1858,2043,3412,1644,1768,1949,932,1017,487,246,241,
14635,1951,954,997,3414,1680,1734,3901,1858,2043,3413,1644,1769,1949,932,1017,488,246,242,
14640,1952,954,998,3414,1680,1734,3902,1859,2043,3414,1644,1770,1951,934,1017,488,246,242,
14645,1952,954,998,3416,1681,1735,3903,1860,2043,3415,1644,1771,1952,935,1017,488,246,242,
14650,1953,955,998,3418,1682,1736,3906,1861,2045,3417,1645,1772,1952,935,1017,488,246,242,
14655,1954,955,999,3418,1682,1736,3906,1861,2045,3418,1645,1773,1952,935,1017,488,246,242,
14660,1955,956,999,3420,1684,1736,3909,1863,2046,3419,1646,1773,1953,936,1017,488,246,242,
14665,1955,956,999,3421,1685,1736,3909,1863,2046,3420,1646,1774,1953,936,1017,489,247,242,
14670,1956,957,999,3421,1685,1736,3910,1864,2046,3421,1647,1774,1955,936,1019,489,247,242,
14675,1956,957,999,3423,1686,1737,3911,1865,2046,3422,1648,1774,1956,936,1020,489,247,242,
14680,1957,957,1000,3425,1688,1737,3914,1866,2048,3424,1650,1774,1956,936,1020,489,247,242,
14685,1958,958,1000,3425,1688,1737,3914,1866,2048,3425,1651,1774,1956,936,1020,489,247,242,
14690,1959,959,1000,3427,1688,1739,3917,1867,2050,3426,1652,1774,1957,936,1021,489,247,242,
14695,1959,959,1000,3428,1688,1740,3917,1867,2050,3427,1652,1775,1957,936,1021,490,247,243,
14700,1960,959,1001,3428,1688,1740,3918,1867,2051,3428,1653,1775,1959,937,1022,490,247,243,
14705,1960,959,1001,3430,1688,1742,3919,1867,2052,3429,1654,1775,1960,938,1022,490,247,243,
14710,1961,959,1002,3432,1690,1742,3922,1867,2055,3431,1655,1776,1960,938,1022,490,247,243,
14715,1962,959,1003,3432,1690,1742,3922,1867,2055,3432,1655,1777,1960,938,1022,490,247,243,
14720,1963,959,1004,3434,1690,1744,3925,1867,2058,3433,1655,1778,1961,938,1023,490,247,243,
14725,1963,959,1004,3435,1691,1744,3925,1867,2058,3434,1655,1779,1961,938,1023,491,248,243,
14730,1964,960,1004,3435,1691,1744,3926,1868,2058,3435,1656,1779,1963,939,1024,491,248,243,
14735,1964,960,1004,3437,1692,1745,3927,1869,2058,3436,1657,1779,1964,940,1024,491,248,243,
14740,1965,960,1005,3439,1694,1745,3930,1869,2061,3438,1659,1779,1964,940,1024,491,248,243,
14745,1966,961,1005,3439,1694,1745,3930,1869,2061,3439,1660,1779,1964,940,1024,491,248,243,
14750,1967,961,1006,3441,1694,1747,3933,1870,2063,3440,1660,1780,1965,940,1025,491,248,243,
14755,1967,961,1006,3442,1694,1748,3933,1870,2063,3441,1660,1781,1965,940,1025,492,248,244,
14760,1968,961,1007,3442,1694,1748,3934,1870,2064,3442,1661,1781,1967,941,1026,492,248,244,
14765,1968,961,1007,3444,1696,1748,3935,1871,2064,3443,1661,1782,1968,942,1026,492,248,244,
14770,1969,962,1007,3446,1698,1748,3938,1872,2066,3445,1662,1783,1968,942,1026,492,248,244,
14775,1970,962,1008,3446,1698,1748,3938,1872,2066,3446,1662,1784,1968,942,1026,492,248,244,
14780,1971,962,1009,3448,1698,1750,3941,1873,2068,3447,1663,1784,1969,942,1027,492,248,244,
14785,1971,962,1009,3449,1698,1751,3941,1873,2068,3448,1664,1784,1969,942,1027,493,248,245,
14790,1972,962,1010,3449,1698,1751,3942,1873,2069,3449,1665,1784,1971,943,1028,493,248,245,
14795,1972,962,1010,3451,1698,1753,3943,1873,2070,3450,1666,1784,1972,944,1028,493,248,245,
14800,1973,962,1011,3453,1698,1755,3946,1874,2072,3452,1666,1786,1972,944,1028,493,248,245,
14805,1974,962,1012,3453,1698,1755,3946,1874,2072,3453,1666,1787,1972,944,1028,493,248,245,
14810,1975,963,1012,3455,1699,1756,3949,1875,2074,3454,1666,1788,1973,944,1029,493,248,245,
14815,1975,963,1012,3456,1700,1756,3949,1875,2074,3455,1666,1789,1973,944,1029,494,248,246,
14820,1976,963,1013,3456,1700,1756,3950,1876,2074,3456,1666,1790,1975,946,1029,494,248,246,
14825,1976,963,1013,3458,1702,1756,3951,1877,2074,3457,1667,1790,1976,946,1030,494,248,246,
14830,1977,964,1013,3460,1702,1758,3954,1878,2076,3459,1669,1790,1976,946,1030,494,248,246,
14835,1978,965,1013,3460,1702,1758,3954,1878,2076,3460,1670,1790,1976,946,1030,494,248,246,
14840,1979,965,1014,3462,1704,1758,3957,1879,2078,3461,1671,1790,1977,946,1031,494,248,246,
14845,1979,965,1014,3463,1705,1758,3957,1879,2078,3462,1672,1790,1977,946,1031,495,248,247,
14850,1980,966,1014,3463,1705,1758,3958,1880,2078,3463,1672,1791,1979,946,1033,495,248,247,
14855,1980,966,1014,3465,1706,1759,3959,1881,2078,3464,1672,1792,1980,946,1034,495,248,247,
14860,1981,967,1014,3467,1707,1760,3962,1883,2079,3466,1674,1792,1980,946,1034,495,248,247,
14865,1982,967,1015,3467,1707,1760,3962,1883,2079,3467,1674,1793,1980,946,1034,495,248,247,
14870,1983,967,1016,3469,1709,1760,3965,1886,2079,3468,1674,1794,1981,947,1034,495,248,247,
14875,1983,967,1016,3470,1710,1760,3965,1886,2079,3469,1675,1794,1981,947,1034,496,249,247,
14880,1984,967,1017,3470,1710,1760,3966,1886,2080,3470,1676,1794,1983,948,1035,496,249,247,
14885,1984,967,1017,3472,1711,1761,3967,1887,2080,3471,1677,1794,1984,948,1036,496,249,247,
14890,1985,967,1018,3474,1713,1761,3970,1888,2082,3473,1678,1795,1984,948,1036,496,249,247,
14895,1986,967,1019,3474,1713,1761,3970,1888,2082,3474,1678,1796,1984,948,1036,496,249,247,
14900,1987,968,1019,3476,1714,1762,3973,1890,2083,3475,1679,1796,1985,948,1037,496,249,247,
14905,1987,968,1019,3477,1714,1763,3973,1890,2083,3476,1679,1797,1985,948,1037,497,249,248,
14910,1988,969,1019,3477,1714,1763,3974,1891,2083,3477,1680,1797,1987,948,1039,497,249,248,
14915,1988,969,1019,3479,1716,1763,3975,1891,2084,3478,1680,1798,1988,948,1040,497,249,248,
14920,1989,970,1019,3481,1717,1764,3978,1893,2085,3480,1680,1800,1988,948,1040,497,249,248,
14925,1990,970,1020,3481,1717,1764,3978,1893,2085,3481,1680,1801,1988,948,1040,497,249,248,
14930,1991,970,1021,3483,1717,1766,3981,1894,2087,3482,1680,1802,1989,949,1040,497,249,248,
14935,1991,970,1021,3484,1718,1766,3981,1894,2087,3483,1681,1802,1989,949,1040,498,249,249,
14940,1992,970,1022,3484,1718,1766,3982,1895,2087,3484,1681,1803,1991,949,1042,498,249,249,
14945,1992,970,1022,3486,1718,1768,3983,1895,2088,3485,1682,1803,1992,949,1043,498,249,249,
14950,1993,971,1022,3488,1718,1770,3986,1898,2088,3487,1684,1803,1992,949,1043,498,249,249,
14955,1994,971,1023,3488,1718,1770,3986,1898,2088,3488,1685,1803,1992,949,1043,498,249,249,
14960,1995,972,1023,3490,1719,1771,3989,1898,2091,3489,1686,1803,1993,949,1044,498,249,249,
14965,1995,972,1023,3491,1719,1772,3989,1898,2091,3490,1687,1803,1993,949,1044,499,249,250,
14970,1996,972,1024,3491,1719,1772,3990,1899,2091,3491,1688,1803,1995,949,1046,499,249,250,
14975,1996,972,1024,3493,1719,1774,3991,1900,2091,3492,1688,1804,1996,950,1046,499,249,250,
14980,1997,972,1025,3495,1720,1775,3994,1902,2092,3494,1688,1806,1996,950,1046,499,249,250,
14985,1998,973,1025,3495,1720,1775,3994,1902,2092,3495,1689,1806,1996,950,1046,499,249,250,
14990,1999,974,1025,3497,1722,1775,3997,1903,2094,3496,1690,1806,1997,950,1047,499,249,250,
14995,1999,974,1025,3498,1723,1775,3997,1903,2094,3497,1690,1807,1997,950,1047,500,249,251,
15000,2000,974,1026,3498,1723,1775,3998,1904,2094,3498,1691,1807,1999,952,1047,500,249,251,
15005,2000,974,1026,3500,1723,1777,3999,1905,2094,3499,1692,1807,2000,952,1048,500,249,251,
15010,2001,974,1027,3502,1723,1779,4002,1906,2096,3501,1694,1807,2000,952,1048,500,249,251,
15015,2002,975,1027,3502,1723,1779,4002,1906,2096,3502,1695,1807,2000,952,1048,500,249,251,
15020,2003,975,1028,3504,1725,1779,4005,1908,2097,3503,1695,1808,2001,952,1049,500,249,251,
15025,2003,975,1028,3505,1725,1780,4005,1908,2097,3504,1696,1808,2001,952,1049,501,250,251,
15030,2004,975,1029,3505,1725,1780,4006,1908,2098,3505,1696,1809,2003,954,1049,501,250,251,
15035,2004,975,1029,3507,1727,1780,4007,1908,2099,3506,1697,1809,2004,954,1050,501,250,251,
15040,2005,975,1030,3509,1728,1781,4010,1909,2101,3508,1698,1810,2004,954,1050,501,250,251,
15045,2006,975,1031,3509,1728,1781,4010,1909,2101,3509,1699,1810,2004,954,1050,501,250,251,
15050,2007,975,1032,3511,1730,1781,4013,1911,2102,3510,1700,1810,2005,954,1051,501,250,251,
15055,2007,975,1032,3512,1730,1782,4013,1911,2102,3511,1701,1810,2005,954,1051,502,251,251,
15060,2008,976,1032,3512,1730,1782,4014,1911,2103,3512,1701,1811,2007,955,1052,502,251,251,
15065,2008,976,1032,3514,1731,1783,4015,1912,2103,3513,1702,1811,2008,955,1053,502,251,251,
15070,2009,976,1033,3516,1733,1783,4018,1912,2106,3515,1704,1811,2008,955,1053,502,251,251,
15075,2010,976,1034,3516,1733,1783,4018,1912,2106,3516,1705,1811,2008,955,1053,502,251,251,
15080,2011,976,1035,3518,1734,1784,4021,1914,2107,3517,1706,1811,2009,956,1053,502,251,251,
15085,2011,976,1035,3519,1734,1785,4021,1914,2107,3518,1707,1811,2009,956,1053,503,251,252,
15090,2012,976,1036,3519,1734,1785,4022,1915,2107,3519,1707,1812,2011,958,1053,503,251,252,
15095,2012,976,1036,3521,1734,1787,4023,1916,2107,3520,1708,1812,2012,959,1053,503,251,252,
15100,2013,976,1037,3523,1736,1787,4026,1918,2108,3522,1708,1814,2012,959,1053,503,251,252,
15105,2014,977,1037,3523,1736,1787,4026,1918,2108,3523,1709,1814,2012,959,1053,503,251,252,
15110,2015,977,1038,3525,1738,1787,4029,1920,2109,3524,1709,1815,2013,959,1054,503,251,252,
15115,2015,977,1038,3526,1739,1787,4029,1920,2109,3525,1710,1815,2013,959,1054,504,251,253,
15120,2016,978,1038,3526,1739,1787,4030,1921,2109,3526,1710,1816,2015,961,1054,504,251,253,
15125,2016,978,1038,3528,1740,1788,4031,1922,2109,3527,1710,1817,2016,961,1055,504,251,253,
15130,2017,979,1038,3530,1740,1790,4034,1925,2109,3529,1712,1817,2016,961,1055,504,251,253,
15135,2018,980,1038,3530,1740,1790,4034,1925,2109,3530,1712,1818,2016,961,1055,504,251,253,
15140,2019,981,1038,3532,1742,1790,4037,1928,2109,3531,1713,1818,2017,961,1056,504,251,253,
15145,2019,981,1038,3533,1742,1791,4037,1928,2109,3532,1713,1819,2017,961,1056,505,252,253,
15150,2020,982,1038,3533,1742,1791,4038,1928,2110,3533,1714,1819,2019,962,1057,505,252,253,
15155,2020,982,1038,3535,1744,1791,4039,1928,2111,3534,1715,1819,2020,962,1058,505,252,253,
15160,2021,982,1039,3537,1744,1793,4042,1929,2113,3536,1717,1819,2020,962,1058,505,252,253,
15165,2022,983,1039,3537,1744,1793,4042,1929,2113,3537,1718,1819,2020,962,1058,505,252,253,
15170,2023,984,1039,3539,1746,1793,4045,1931,2114,3538,1718,1820,2021,963,1058,505,252,253,
15175,2023,984,1039,3540,1747,1793,4045,1931,2114,3539,1719,1820,2021,963,1058,506,253,253,
15180,2024,985,1039,3540,1747,1793,4046,1931,2115,3540,1720,1820,2023,965,1058,506,253,253,
15185,2024,985,1039,3542,1748,1794,4047,1931,2116,3541,1720,1821,2024,965,1059,506,253,253,
15190,2025,986,1039,3544,1749,1795,4050,1933,2117,3543,1721,1822,2024,965,1059,506,253,253,
15195,2026,986,1040,3544,1749,1795,4050,1933,2117,3544,1721,1823,2024,965,1059,506,253,253,
15200,2027,987,1040,3546,1750,1796,4053,1934,2119,3545,1721,1824,2025,965,1060,506,253,253,
15205,2027,987,1040,3547,1750,1797,4053,1934,2119,3546,1721,1825,2025,965,1060,507,254,253,
15210,2028,988,1040,3547,1750,1797,4054,1935,2119,3547,1721,1826,2027,966,1061,507,254,253,
15215,2028,988,1040,3549,1752,1797,4055,1935,2120,3548,1721,1827,2028,966,1062,507,254,253,
15220,2029,988,1041,3551,1754,1797,4058,1937,2121,3550,1722,1828,2028,966,1062,507,254,253,
15225,2030,989,1041,3551,1754,1797,4058,1937,2121,3551,1723,1828,2028,966,1062,507,254,253,
15230,2031,989,1042,3553,1755,1798,4061,1939,2122,3552,1723,1829,2029,966,1063,507,254,253,
15235,2031,989,1042,3554,1756,1798,4061,1939,2122,3553,1723,1830,2029,966,1063,508,254,254,
15240,2032,989,1043,3554,1756,1798,4062,1940,2122,3554,1724,1830,2031,968,1063,508,254,254,
15245,2032,989,1043,3556,1756,1800,4063,1940,2123,3555,1724,1831,2032,969,1063,508,254,254,
15250,2033,990,1043,3558,1758,1800,4066,1942,2124,3557,1726,1831,2032,969,1063,508,254,254,
15255,2034,990,1044,3558,1758,1800,4066,1942,2124,3558,1726,1832,2032,969,1063,508,254,254,
15260,2035,990,1045,3560,1758,1802,4069,1944,2125,3559,1727,1832,2033,970,1063,508,254,254,
15265,2035,990,1045,3561,1758,1803,4069,1944,2125,3560,1727,1833,2033,970,1063,509,254,255,
15270,2036,991,1045,3561,1758,1803,4070,1945,2125,3561,1727,1834,2035,971,1064,509,254,255,
15275,2036,991,1045,3563,1759,1804,4071,1945,2126,3562,1727,1835,2036,972,1064,509,254,255,
15280,2037,992,1045,3565,1760,1805,4074,1947,2127,3564,1729,1835,2036,972,1064,509,254,255,
15285,2038,992,1046,3565,1760,1805,4074,1947,2127,3565,1729,1836,2036,972,1064,509,254,255,
15290,2039,992,1047,3567,1761,1806,4077,1949,2128,3566,1730,1836,2037,972,1065,509,254,255,
15295,2039,992,1047,3568,1762,1806,4077,1949,2128,3567,1730,1837,2037,972,1065,510,254,256,
15300,2040,992,1048,3568,1762,1806,4078,1949,2129,3568,1731,1837,2039,973,1066,510,254,256,
15305,2040,992,1048,3570,1762,1808,4079,1949,2130,3569,1731,1838,2040,973,1067,510,254,256,
15310,2041,992,1049,3572,1764,1808,4082,1950,2132,3571,1732,1839,2040,973,1067,510,254,256,
15315,2042,993,1049,3572,1764,1808,4082,1950,2132,3572,1732,1840,2040,973,1067,510,254,256,
15320,2043,994,1049,3574,1766,1808,4085,1953,2132,3573,1732,1841,2041,974,1067,510,254,256,
15325,2043,994,1049,3575,1766,1809,4085,1953,2132,3574,1733,1841,2041,974,1067,511,255,256,
15330,2044,995,1049,3575,1766,1809,4086,1953,2133,3575,1734,1841,2043,974,1069,511,255,256,
15335,2044,995,1049,3577,1767,1810,4087,1953,2134,3576,1735,1841,2044,975,1069,511,255,256,
15340,2045,995,1050,3579,1768,1811,4090,1955,2135,3578,1736,1842,2044,975,1069,511,255,256,
15345,2046,996,1050,3579,1768,1811,4090,1955,2135,3579,1736,1843,2044,975,1069,511,255,256,
15350,2047,997,1050,3581,1769,1812,4093,1956,2137,3580,1737,1843,2045,975,1070,511,255,256,
15355,2047,997,1050,3582,1770,1812,4093,1956,2137,3581,1738,1843,2045,975,1070,512,256,256,
15360,2048,998,1050,3582,1770,1812,4094,1956,2138,3582,1738,1844,2047,975,1072,512,256,256,
15365,2048,998,1050,3584,1772,1812,4095,1957,2138,3583,1739,1844,2048,976,1072,512,256,256,
15370,2049,999,1050,3586,1772,1814,4098,1959,2139,3585,1740,1845,2048,976,1072,512,256,256,
15375,2050,999,1051,3586,1772,1814,4098,1959,2139,3586,1741,1845,2048,976,1072,512,256,256,
15380,2051,999,1052,3588,1773,1815,4101,1960,2141,3587,1741,1846,2049,976,1073,512,256,256,
15385,2051,999,1052,3589,1773,1816,4101,1960,2141,3588,1741,1847,2049,976,1073,513,257,256,
15390,2052,999,1053,3589,1773,1816,4102,1961,2141,3589,1742,1847,2051,976,1075,513,257,256,
15395,2052,999,1053,3591,1774,1817,4103,1961,2142,3590,1742,1848,2052,976,1076,513,257,256,
15400,2053,1000,1053,3593,1774,1819,4106,1963,2143,3592,1744,1848,2052,976,1076,513,257,256,
15405,2054,1001,1053,3593,1774,1819,4106,1963,2143,3593,1744,1849,2052,976,1076,513,257,256,
15410,2055,1001,1054,3595,1775,1820,4109,1963,2146,3594,1745,1849,2053,977,1076,513,257,256,
15415,2055,1001,1054,3596,1775,1821,4109,1963,2146,3595,1745,1850,2053,977,1076,514,258,256,
15420,2056,1001,1055,3596,1775,1821,4110,1963,2147,3596,1745,1851,2055,978,1077,514,258,256,
15425,2056,1001,1055,3598,1776,1822,4111,1963,2148,3597,1745,1852,2056,978,1078,514,258,256,
15430,2057,1002,1055,3600,1776,1824,4114,1966,2148,3599,1745,1854,2056,978,1078,514,258,256,
15435,2058,1002,1056,3600,1776,1824,4114,1966,2148,3600,1745,1855,2056,978,1078,514,258,256,
15440,2059,1002,1057,3602,1778,1824,4117,1968,2149,3601,1745,1856,2057,979,1078,514,258,256,
15445,2059,1002,1057,3603,1778,1825,4117,1968,2149,3602,1745,1857,2057,979,1078,515,258,257,
15450,2060,1002,1058,3603,1778,1825,4118,1968,2150,3603,1746,1857,2059,980,1079,515,258,257,
15455,2060,1002,1058,3605,1780,1825,4119,1969,2150,3604,1747,1857,2060,980,1080,515,258,257,
15460,2061,1002,1059,3607,1782,1825,4122,1970,2152,3606,1748,1858,2060,980,1080,515,258,257,
15465,2062,1003,1059,3607,1782,1825,4122,1970,2152,3607,1749,1858,2060,980,1080,515,258,257,
15470,2063,1003,1060,3609,1783,1826,4125,1972,2153,3608,1750,1858,2061,981,1080,515,258,257,
15475,2063,1003,1060,3610,1784,1826,4125,1972,2153,3609,1751,1858,2061,981,1080,516,258,258,
15480,2064,1004,1060,3610,1784,1826,4126,1973,2153,3610,1752,1858,2063,983,1080,516,258,258,
15485,2064,1004,1060,3612,1786,1826,4127,1974,2153,3611,1753,1858,2064,983,1081,516,258,258,
15490,2065,1004,1061,3614,1787,1827,4130,1975,2155,3613,1753,1860,2064,983,1081,516,258,258,
15495,2066,1005,1061,3614,1787,1827,4130,1975,2155,3614,1754,1860,2064,983,1081,516,258,258,
15500,2067,1005,1062,3616,1789,1827,4133,1977,2156,3615,1754,1861,2065,984,1081,516,258,258,
15505,2067,1005,1062,3617,1790,1827,4133,1977,2156,3616,1754,1862,2065,984,1081,517,258,259,
15510,2068,1006,1062,3617,1790,1827,4134,1977,2157,3617,1754,1863,2067,986,1081,517,258,259,
15515,2068,1006,1062,3619,1791,1828,4135,1978,2157,3618,1755,1863,2068,987,1081,517,258,259,
15520,2069,1007,1062,3621,1792,1829,4138,1979,2159,3620,1757,1863,2068,987,1081,517,258,259,
15525,2070,1007,1063,3621,1792,1829,4138,1979,2159,3621,1757,1864,2068,987,1081,517,258,259,
15530,2071,1008,1063,3623,1792,1831,4141,1980,2161,3622,1758,1864,2069,987,1082,517,258,259,
15535,2071,1008,1063,3624,1793,1831,4141,1980,2161,3623,1759,1864,2069,987,1082,518,258,260,
15540,2072,1009,1063,3624,1793,1831,4142,1981,2161,3624,1760,1864,2071,989,1082,518,258,260,
15545,2072,1009,1063,3626,1793,1833,4143,1982,2161,3625,1761,1864,2072,989,1083,518,258,260,
15550,2073,1010,1063,3628,1795,1833,4146,1983,2163,3627,1761,1866,2072,989,1083,518,258,260,
15555,2074,1011,1063,3628,1795,1833,4146,1983,2163,3628,1762,1866,2072,989,1083,518,258,260,
15560,2075,1011,1064,3630,1795,1835,4149,1984,2165,3629,1762,1867,2073,990,1083,518,258,260,
15565,2075,1011,1064,3631,1796,1835,4149,1984,2165,3630,1762,1868,2073,990,1083,519,258,261,
15570,2076,1012,1064,3631,1796,1835,4150,1985,2165,3631,1762,1869,2075,990,1085,519,258,261,
15575,2076,1012,1064,3633,1798,1835,4151,1985,2166,3632,1763,1869,2076,991,1085,519,258,261,
15580,2077,1013,1064,3635,1798,1837,4154,1988,2166,3634,1764,1870,2076,991,1085,519,258,261,
15585,2078,1013,1065,3635,1798,1837,4154,1988,2166,3635,1764,1871,2076,991,1085,519,258,261,
15590,2079,1014,1065,3637,1800,1837,4157,1990,2167,3636,1765,1871,2077,991,1086,519,258,261,
15595,2079,1014,1065,3638,1801,1837,4157,1990,2167,3637,1765,1872,2077,991,1086,520,259,261,
15600,2080,1015,1065,3638,1801,1837,4158,1990,2168,3638,1765,1873,2079,993,1086,520,259,261,
15605,2080,1015,1065,3640,1802,1838,4159,1990,2169,3639,1766,1873,2080,993,1087,520,259,261,
15610,2081,1015,1066,3642,1804,1838,4162,1991,2171,3641,1768,1873,2080,993,1087,520,259,261,
15615,2082,1016,1066,3642,1804,1838,4162,1991,2171,3642,1769,1873,2080,993,1087,520,259,261,
15620,2083,1017,1066,3644,1806,1838,4165,1994,2171,3643,1769,1874,2081,994,1087,520,259,261,
15625,2083,1017,1066,3645,1807,1838,4165,1994,2171,3644,1769,1875,2081,994,1087,521,260,261,
15630,2084,1018,1066,3645,1807,1838,4166,1994,2172,3645,1770,1875,2083,994,1089,521,260,261,
15635,2084,1018,1066,3647,1808,1839,4167,1995,2172,3646,1771,1875,2084,995,1089,521,260,261,
15640,2085,1018,1067,3649,1809,1840,4170,1997,2173,3648,1773,1875,2084,995,1089,521,260,261,
15645,2086,1019,1067,3649,1809,1840,4170,1997,2173,3649,1773,1876,2084,995,1089,521,260,261,
15650,2087,1019,1068,3651,1810,1841,4173,1999,2174,3650,1774,1876,2085,995,1090,521,260,261,
15655,2087,1019,1068,3652,1810,1842,4173,1999,2174,3651,1774,1877,2085,995,1090,522,260,262,
15660,2088,1019,1069,3652,1810,1842,4174,1999,2175,3652,1775,1877,2087,996,1091,522,260,262,
15665,2088,1019,1069,3654,1811,1843,4175,1999,2176,3653,1776,1877,2088,996,1092,522,260,262,
15670,2089,1019,1070,3656,1812,1844,4178,2001,2177,3655,1776,1879,2088,996,1092,522,260,262,
15675,2090,1019,1071,3656,1812,1844,4178,2001,2177,3656,1776,1880,2088,996,1092,522,260,262,
15680,2091,1019,1072,3658,1812,1846,4181,2003,2178,3657,1776,1881,2089,996,1093,522,260,262,
15685,2091,1019,1072,3659,1813,1846,4181,2003,2178,3658,1777,1881,2089,996,1093,523,260,263,
15690,2092,1019,1073,3659,1813,1846,4182,2004,2178,3659,1778,1881,2091,996,1095,523,260,263,
15695,2092,1019,1073,3661,1814,1847,4183,2004,2179,3660,1779,1881,2092,997,1095,523,260,263,
15700,2093,1019,1074,3663,1815,1848,4186,2007,2179,3662,1781,1881,2092,997,1095,523,260,263,
15705,2094,1020,1074,3663,1815,1848,4186,2007,2179,3663,1782,1881,2092,997,1095,523,260,263,
15710,2095,1020,1075,3665,1816,1849,4189,2008,2181,3664,1783,1881,2093,997,1096,523,260,263,
15715,2095,1020,1075,3666,1816,1850,4189,2008,2181,3665,1784,1881,2093,997,1096,524,261,263,
15720,2096,1020,1076,3666,1816,1850,4190,2008,2182,3666,1785,1881,2095,997,1098,524,261,263,
15725,2096,1020,1076,3668,1818,1850,4191,2008,2183,3667,1785,1882,2096,998,1098,524,261,263,
15730,2097,1020,1077,3670,1818,1852,4194,2009,2185,3669,1787,1882,2096,998,1098,524,261,263,
15735,2098,1021,1077,3670,1818,1852,4194,2009,2185,3670,1787,1883,2096,998,1098,524,261,263,
15740,2099,1021,1078,3672,1819,1853,4197,2011,2186,3671,1788,1883,2097,999,1098,524,261,263,
15745,2099,1021,1078,3673,1819,1854,4197,2011,2186,3672,1789,1883,2097,999,1098,525,262,263,
15750,2100,1021,1079,3673,1819,1854,4198,2011,2187,3673,1790,1883,2099,999,1100,525,262,263,
15755,2100,1021,1079,3675,1820,1855,4199,2012,2187,3674,1790,1884,2100,999,1101,525,262,263,
15760,2101,1021,1080,3677,1821,1856,4202,2014,2188,3676,1790,1886,2100,999,1101,525,262,263,
15765,2102,1022,1080,3677,1821,1856,4202,2014,2188,3677,1790,1887,2100,999,1101,525,262,263,
15770,2103,1023,1080,3679,1822,1857,4205,2016,2189,3678,1790,1888,2101,999,1102,525,262,263,
15775,2103,1023,1080,3680,1823,1857,4205,2016,2189,3679,1791,1888,2101,999,1102,526,263,263,
15780,2104,1024,1080,3680,1823,1857,4206,2017,2189,3680,1792,1888,2103,999,1104,526,263,263,
15785,2104,1024,1080,3682,1823,1859,4207,2017,2190,3681,1792,1889,2104,1000,1104,526,263,263,
15790,2105,1025,1080,3684,1825,1859,4210,2017,2193,3683,1794,1889,2104,1000,1104,526,263,263,
15795,2106,1026,1080,3684,1825,1859,4210,2017,2193,3684,1795,1889,2104,1000,1104,526,263,263,
15800,2107,1026,1081,3686,1827,1859,4213,2018,2195,3685,1796,1889,2105,1000,1105,526,263,263,
15805,2107,1026,1081,3687,1828,1859,4213,2018,2195,3686,1796,1890,2105,1000,1105,527,263,264,
15810,2108,1027,1081,3687,1828,1859,4214,2019,2195,3687,1796,1891,2107,1001,1106,527,263,264,
15815,2108,1027,1081,3689,1829,1860,4215,2020,2195,3688,1797,1891,2108,1001,1107,527,263,264,
15820,2109,1027,1082,3691,1830,1861,4218,2021,2197,3690,1799,1891,2108,1001,1107,527,263,264,
15825,2110,1027,1083,3691,1830,1861,4218,2021,2197,3691,1799,1892,2108,1001,1107,527,263,264,
15830,2111,1027,1084,3693,1832,1861,4221,2022,2199,3692,1799,1893,2109,1001,1108,527,263,264,
15835,2111,1027,1084,3694,1832,1862,4221,2022,2199,3693,1799,1894,2109,1001,1108,528,264,264,
15840,2112,1027,1085,3694,1832,1862,4222,2022,2200,3694,1800,1894,2111,1002,1109,528,264,264,
15845,2112,1027,1085,3696,1833,1863,4223,2023,2200,3695,1801,1894,2112,1002,1110,528,264,264,
15850,2113,1028,1085,3698,1833,1865,4226,2024,2202,3697,1803,1894,2112,1002,1110,528,264,264,
15855,2114,1029,1085,3698,1833,1865,4226,2024,2202,3698,1804,1894,2112,1002,1110,528,264,264,
15860,2115,1030,1085,3700,1834,1866,4229,2024,2205,3699,1804,1895,2113,1003,1110,528,264,264,
15865,2115,1030,1085,3701,1835,1866,4229,2024,2205,3700,1805,1895,2113,1003,1110,529,264,265,
15870,2116,1030,1086,3701,1835,1866,4230,2025,2205,3701,1805,1896,2115,1004,1111,529,264,265,
15875,2116,1030,1086,3703,1837,1866,4231,2026,2205,3702,1806,1896,2116,1004,1112,529,264,265,
15880,2117,1030,1087,3705,1838,1867,4234,2027,2207,3704,1808,1896,2116,1004,1112,529,264,265,
15885,2118,1031,1087,3705,1838,1867,4234,2027,2207,3705,1808,1897,2116,1004,1112,529,264,265,
15890,2119,1032,1087,3707,1839,1868,4237,2029,2208,3706,1809,1897,2117,1004,1113,529,264,265,
15895,2119,1032,1087,3708,1839,1869,4237,2029,2208,3707,1810,1897,2117,1004,1113,530,264,266,
15900,2120,1033,1087,3708,1839,1869,4238,2029,2209,3708,1810,1898,2119,1005,1114,530,264,266,
15905,2120,1033,1087,3710,1841,1869,4239,2030,2209,3709,1811,1898,2120,1006,1114,530,264,266,
15910,2121,1033,1088,3712,1841,1871,4242,2030,2212,3711,1812,1899,2120,1006,1114,530,264,266,
15915,2122,1034,1088,3712,1841,1871,4242,2030,2212,3712,1812,1900,2120,1006,1114,530,264,266,
15920,2123,1034,1089,3714,1841,1873,4245,2032,2213,3713,1812,1901,2121,1007,1114,530,264,266,
15925,2123,1034,1089,3715,1842,1873,4245,2032,2213,3714,1813,1901,2121,1007,1114,531,265,266,
15930,2124,1034,1090,3715,1842,1873,4246,2033,2213,3715,1813,1902,2123,1009,1114,531,265,266,
15935,2124,1034,1090,3717,1843,1874,4247,2033,2214,3716,1813,1903,2124,1010,1114,531,265,266,
15940,2125,1034,1091,3719,1844,1875,4250,2035,2215,3718,1813,1905,2124,1010,1114,531,265,266,
15945,2126,1035,1091,3719,1844,1875,4250,2035,2215,3719,1813,1906,2124,1010,1114,531,265,266,
15950,2127,1036,1091,3721,1845,1876,4253,2037,2216,3720,1814,1906,2125,1010,1115,531,265,266,
15955,2127,1036,1091,3722,1845,1877,4253,2037,2216,3721,1815,1906,2125,1010,1115,532,266,266,
15960,2128,1037,1091,3722,1845,1877,4254,2038,2216,3722,1815,1907,2127,1011,1116,532,266,266,
15965,2128,1037,1091,3724,1845,1879,4255,2038,2217,3723,1815,1908,2128,1011,1117,532,266,266,
15970,2129,1038,1091,3726,1845,1881,4258,2040,2218,3725,1815,1910,2128,1011,1117,532,266,266,
15975,2130,1038,1092,3726,1845,1881,4258,2040,2218,3726,1815,1911,2128,1011,1117,532,266,266,
15980,2131,1039,1092,3728,1845,1883,4261,2042,2219,3727,1815,1912,2129,1012,1117,532,266,266,
15985,2131,1039,1092,3729,1845,1884,4261,2042,2219,3728,1816,1912,2129,1012,1117,533,266,267,
15990,2132,1040,1092,3729,1845,1884,4262,2043,2219,3729,1816,1913,2131,1013,1118,533,266,267,
15995,2132,1040,1092,3731,1847,1884,4263,2044,2219,3730,1816,1914,2132,1013,1119,533,266,267,
16000,2133,1041,1092,3733,1847,1886,4266,2045,2221,3732,1816,1916,2132,1013,1119,533,266,267,
16005,2134,1041,1093,3733,1847,1886,4266,2045,2221,3733,1816,1917,2132,1013,1119,533,266,267,
16010,2135,1041,1094,3735,1848,1887,4269,2047,2222,3734,1817,1917,2133,1013,1120,533,266,267,
16015,2135,1041,1094,3736,1848,1888,4269,2047,2222,3735,1817,1918,2133,1013,1120,534,266,268,
16020,2136,1042,1094,3736,1848,1888,4270,2048,2222,3736,1818,1918,2135,1015,1120,534,266,268,
16025,2136,1042,1094,3738,1849,1889,4271,2049,2222,3737,1819,1918,2136,1015,1121,534,266,268,
16030,2137,1042,1095,3740,1849,1891,4274,2052,2222,3739,1820,1919,2136,1015,1121,534,266,268,
16035,2138,1043,1095,3740,1849,1891,4274,2052,2222,3740,1821,1919,2136,1015,1121,534,266,268,
16040,2139,1043,1096,3742,1849,1893,4277,2052,2225,3741,1822,1919,2137,1016,1121,534,266,268,
16045,2139,1043,1096,3743,1850,1893,4277,2052,2225,3742,1823,1919,2137,1016,1121,535,267,268,
16050,2140,1044,1096,3743,1850,1893,4278,2052,2226,3743,1823,1920,2139,1017,1122,535,267,268,
16055,2140,1044,1096,3745,1851,1894,4279,2052,2227,3744,1823,1921,2140,1017,1123,535,267,268,
16060,2141,1044,1097,3747,1852,1895,4282,2055,2227,3746,1823,1923,2140,1017,1123,535,267,268,
16065,2142,1044,1098,3747,1852,1895,4282,2055,2227,3747,1823,1924,2140,1017,1123,535,267,268,
16070,2143,1044,1099,3749,1852,1897,4285,2056,2229,3748,1823,1925,2141,1018,1123,535,267,268,
16075,2143,1044,1099,3750,1852,1898,4285,2056,2229,3749,1824,1925,2141,1018,1123,536,268,268,
16080,2144,1044,1100,3750,1852,1898,4286,2056,2230,3750,1824,1926,2143,1020,1123,536,268,268,
16085,2144,1044,1100,3752,1853,1899,4287,2056,2231,3751,1825,1926,2144,1021,1123,536,268,268,
16090,2145,1045,1100,3754,1853,1901,4290,2057,2233,3753,1826,1927,2144,1021,1123,536,268,268,
16095,2146,1046,1100,3754,1853,1901,4290,2057,2233,3754,1827,1927,2144,1021,1123,536,268,268,
16100,2147,1046,1101,3756,1854,1902,4293,2059,2234,3755,1827,1928,2145,1021,1124,536,268,268,
16105,2147,1046,1101,3757,1855,1902,4293,2059,2234,3756,1827,1929,2145,1021,1124,537,268,269,
16110,2148,1046,1102,3757,1855,1902,4294,2060,2234,3757,1828,1929,2147,1021,1126,537,268,269,
16115,2148,1046,1102,3759,1857,1902,4295,2060,2235,3758,1829,1929,2148,1021,1127,537,268,269,
16120,2149,1047,1102,3761,1857,1904,4298,2062,2236,3760,1829,1931,2148,1021,1127,537,268,269,
16125,2150,1047,1103,3761,1857,1904,4298,2062,2236,3761,1830,1931,2148,1021,1127,537,268,269,
16130,2151,1048,1103,3763,1859,1904,4301,2064,2237,3762,1830,1932,2149,1021,1128,537,268,269,
16135,2151,1048,1103,3764,1859,1905,4301,2064,2237,3763,1831,1932,2149,1021,1128,538,268,270,
16140,2152,1048,1104,3764,1859,1905,4302,2064,2238,3764,1831,1933,2151,1022,1129,538,268,270,
16145,2152,1048,1104,3766,1861,1905,4303,2065,2238,3765,1831,1934,2152,1023,1129,538,268,270,
16150,2153,1048,1105,3768,1862,1906,4306,2067,2239,3767,1832,1935,2152,1023,1129,538,268,270,
16155,2154,1049,1105,3768,1862,1906,4306,2067,2239,3768,1833,1935,2152,1023,1129,538,268,270,
16160,2155,1050,1105,3770,1862,1908,4309,2069,2240,3769,1833,1936,2153,1023,1130,538,268,270,
16165,2155,1050,1105,3771,1862,1909,4309,2069,2240,3770,1833,1937,2153,1023,1130,539,268,271,
16170,2156,1050,1106,3771,1862,1909,4310,2070,2240,3771,1834,1937,2155,1023,1132,539,268,271,
16175,2156,1050,1106,3773,1862,1911,4311,2071,2240,3772,1834,1938,2156,1023,1133,539,268,271,
16180,2157,1050,1107,3775,1863,1912,4314,2073,2241,3774,1834,1940,2156,1023,1133,539,268,271,
16185,2158,1050,1108,3775,1863,1912,4314,2073,2241,3775,1835,1940,2156,1023,1133,539,268,271,
16190,2159,1050,1109,3777,1863,1914,4317,2075,2242,3776,1835,1941,2157,1023,1134,539,268,271,
16195,2159,1050,1109,3778,1863,1915,4317,2075,2242,3777,1835,1942,2157,1023,1134,540,268,272,
16200,2160,1051,1109,3778,1863,1915,4318,2076,2242,3778,1836,1942,2159,1023,1136,540,268,272,
16205,2160,1051,1109,3780,1864,1916,4319,2076,2243,3779,1836,1943,2160,1023,1137,540,268,272,
16210,2161,1051,1110,3782,1864,1918,4322,2078,2244,3781,1836,1945,2160,1023,1137,540,268,272,
16215,2162,1051,1111,3782,1864,1918,4322,2078,2244,3782,1836,1946,2160,1023,1137,540,268,272,
16220,2163,1052,1111,3784,1866,1918,4325,2080,2245,3783,1836,1947,2161,1023,1138,540,268,272,
16225,2163,1052,1111,3785,1867,1918,4325,2080,2245,3784,1837,1947,2161,1023,1138,541,269,272,
16230,2164,1052,1112,3785,1867,1918,4326,2080,2246,3785,1838,1947,2163,1024,1139,541,269,272,
16235,2164,1052,1112,3787,1868,1919,4327,2080,2247,3786,1838,1948,2164,1024,1140,541,269,272,
16240,2165,1052,1113,3789,1869,1920,4330,2081,2249,3788,1839,1949,2164,1024,1140,541,269,272,
16245,2166,1053,1113,3789,1869,1920,4330,2081,2249,3789,1840,1949,2164,1024,1140,541,269,272,
16250,2167,1053,1114,3791,1870,1921,4333,2083,2250,3790,1840,1950,2165,1024,1141,541,269,272,
16255,2167,1053,1114,3792,1870,1922,4333,2083,2250,3791,1840,1951,2165,1024,1141,542,270,272,
16260,2168,1053,1115,3792,1870,1922,4334,2084,2250,3792,1841,1951,2167,1024,1143,542,270,272,
16265,2168,1053,1115,3794,1871,1923,4335,2084,2251,3793,1841,1952,2168,1025,1143,542,270,272,
16270,2169,1054,1115,3796,1872,1924,4338,2085,2253,3795,1842,1953,2168,1025,1143,542,270,272,
16275,2170,1055,1115,3796,1872,1924,4338,2085,2253,3796,1843,1953,2168,1025,1143,542,270,272,
16280,2171,1055,1116,3798,1874,1924,4341,2086,2255,3797,1843,1954,2169,1026,1143,542,270,272,
16285,2171,1055,1116,3799,1874,1925,4341,2086,2255,3798,1844,1954,2169,1026,1143,543,271,272,
16290,2172,1056,1116,3799,1874,1925,4342,2086,2256,3799,1845,1954,2171,1027,1144,543,271,272,
16295,2172,1056,1116,3801,1875,1926,4343,2087,2256,3800,1846,1954,2172,1027,1145,543,271,272,
16300,2173,1056,1117,3803,1877,1926,4346,2089,2257,3802,1846,1956,2172,1027,1145,543,271,272,
16305,2174,1056,1118,3803,1877,1926,4346,2089,2257,3803,1847,1956,2172,1027,1145,543,271,272,
16310,2175,1056,1119,3805,1878,1927,4349,2090,2259,3804,1847,1957,2173,1027,1146,543,271,272,
16315,2175,1056,1119,3806,1879,1927,4349,2090,2259,3805,1848,1957,2173,1027,1146,544,272,272,
16320,2176,1057,1119,3806,1879,1927,4350,2091,2259,3806,1848,1958,2175,1027,1148,544,272,272,
16325,2176,1057,1119,3808,1880,1928,4351,2091,2260,3807,1848,1959,2176,1027,1149,544,272,272,
16330,2177,1057,1120,3810,1881,1929,4354,2092,2262,3809,1849,1960,2176,1027,1149,544,272,272,
16335,2178,1058,1120,3810,1881,1929,4354,2092,2262,3810,1849,1961,2176,1027,1149,544,272,272,
16340,2179,1058,1121,3812,1882,1930,4357,2094,2263,3811,1850,1961,2177,1027,1150,544,272,272,
16345,2179,1058,1121,3813,1882,1931,4357,2094,2263,3812,1851,1961,2177,1027,1150,545,272,273,
16350,2180,1059,1121,3813,1882,1931,4358,2094,2264,3813,1851,1962,2179,1029,1150,545,272,273,
16355,2180,1059,1121,3815,1883,1932,4359,2095,2264,3814,1852,1962,2180,1030,1150,545,272,273,
16360,2181,1059,1122,3817,1883,1934,4362,2096,2266,3816,1853,1963,2180,1030,1150,545,272,273,
16365,2182,1060,1122,3817,1883,1934,4362,2096,2266,3817,1854,1963,2180,1030,1150,545,272,273,
16370,2183,1061,1122,3819,1884,1935,4365,2097,2268,3818,1855,1963,2181,1031,1150,545,272,273,
16375,2183,1061,1122,3820,1884,1936,4365,2097,2268,3819,1856,1963,2181,1031,1150,546,273,273,
16380,2184,1061,1123,3820,1884,1936,4366,2097,2269,3820,1857,1963,2183,1033,1150,546,273,273,
16385,2184,1061,1123,3822,1885,1937,4367,2097,2270,3821,1858,1963,2184,1033,1151,546,273,273,
16390,2185,1062,1123,3824,1885,1939,4370,2098,2272,3823,1860,1963,2184,1033,1151,546,273,273,
16395,2186,1062,1124,3824,1885,1939,4370,2098,2272,3824,1861,1963,2184,1033,1151,546,273,273,
16400,2187,1062,1125,3826,1885,1941,4373,2100,2273,3825,1862,1963,2185,1033,1152,546,273,273,
16405,2187,1062,1125,3827,1885,1942,4373,2100,2273,3826,1863,1963,2185,1033,1152,547,273,274,
16410,2188,1062,1126,3827,1885,1942,4374,2101,2273,3827,1863,1964,2187,1033,1154,547,273,274,
16415,2188,1062,1126,3829,1887,1942,4375,2101,2274,3828,1864,1964,2188,1034,1154,547,273,274,
16420,2189,1062,1127,3831,1888,1943,4378,2103,2275,3830,1865,1965,2188,1034,1154,547,273,274,
16425,2190,1062,1128,3831,1888,1943,4378,2103,2275,3831,1866,1965,2188,1034,1154,547,273,274,
16430,2191,1062,1129,3833,1890,1943,4381,2103,2278,3832,1866,1966,2189,1035,1154,547,273,274,
16435,2191,1062,1129,3834,1890,1944,4381,2103,2278,3833,1867,1966,2189,1035,1154,548,274,274,
16440,2192,1063,1129,3834,1890,1944,4382,2103,2279,3834,1868,1966,2191,1035,1156,548,274,274,
16445,2192,1063,1129,3836,1892,1944,4383,2103,2280,3835,1869,1966,2192,1035,1157,548,274,274,
16450,2193,1063,1130,3838,1894,1944,4386,2103,2283,3837,1871,1966,2192,1035,1157,548,274,274,
16455,2194,1063,1131,3838,1894,1944,4386,2103,2283,3838,1871,1967,2192,1035,1157,548,274,274,
16460,2195,1064,1131,3840,1894,1946,4389,2104,2285,3839,1872,1967,2193,1036,1157,548,274,274,
16465,2195,1064,1131,3841,1894,1947,4389,2104,2285,3840,1873,1967,2193,1036,1157,549,275,274,
16470,2196,1065,1131,3841,1894,1947,4390,2105,2285,3841,1874,1967,2195,1036,1159,549,275,274,
16475,2196,1065,1131,3843,1894,1949,4391,2106,2285,3842,1875,1967,2196,1036,1160,549,275,274,
16480,2197,1065,1132,3845,1894,1951,4394,2108,2286,3844,1875,1969,2196,1036,1160,549,275,274,
16485,2198,1066,1132,3845,1894,1951,4394,2108,2286,3845,1875,1970,2196,1036,1160,549,275,274,
16490,2199,1067,1132,3847,1894,1953,4397,2110,2287,3846,1876,1970,2197,1036,1161,549,275,274,
16495,2199,1067,1132,3848,1894,1954,4397,2110,2287,3847,1876,1971,2197,1036,1161,550,276,274,
16500,2200,1067,1133,3848,1894,1954,4398,2110,2288,3848,1877,1971,2199,1038,1161,550,276,274,
16505,2200,1067,1133,3850,1895,1955,4399,2111,2288,3849,1878,1971,2200,1039,1161,550,276,274,
16510,2201,1067,1134,3852,1896,1956,4402,2112,2290,3851,1880,1971,2200,1039,1161,550,276,274,
16515,2202,1068,1134,3852,1896,1956,4402,2112,2290,3852,1881,1971,2200,1039,1161,550,276,274,
16520,2203,1068,1135,3854,1896,1958,4405,2114,2291,3853,1882,1971,2201,1040,1161,550,276,274,
16525,2203,1068,1135,3855,1896,1959,4405,2114,2291,3854,1882,1972,2201,1040,1161,551,277,274,
16530,2204,1068,1136,3855,1896,1959,4406,2115,2291,3855,1883,1972,2203,1042,1161,551,277,274,
16535,2204,1068,1136,3857,1897,1960,4407,2115,2292,3856,1884,1972,2204,1042,1162,551,277,274,
16540,2205,1069,1136,3859,1898,1961,4410,2116,2294,3858,1886,1972,2204,1042,1162,551,277,274,
16545,2206,1070,1136,3859,1898,1961,4410,2116,2294,3859,1887,1972,2204,1042,1162,551,277,274,
16550,2207,1071,1136,3861,1899,1962,4413,2116,2297,3860,1888,1972,2205,1042,1163,551,277,274,
16555,2207,1071,1136,3862,1900,1962,4413,2116,2297,3861,1888,1973,2205,1042,1163,552,278,274,
16560,2208,1072,1136,3862,1900,1962,4414,2117,2297,3862,1888,1974,2207,1043,1164,552,278,274,
16565,2208,1072,1136,3864,1901,1963,4415,2118,2297,3863,1889,1974,2208,1043,1165,552,278,274,
16570,2209,1073,1136,3866,1902,1964,4418,2120,2298,3865,1890,1975,2208,1043,1165,552,278,274,
16575,2210,1073,1137,3866,1902,1964,4418,2120,2298,3866,1891,1975,2208,1043,1165,552,278,274,
16580,2211,1074,1137,3868,1903,1965,4421,2121,2300,3867,1891,1976,2209,1043,1166,552,278,274,
16585,2211,1074,1137,3869,1903,1966,4421,2121,2300,3868,1892,1976,2209,1043,1166,553,278,275,
16590,2212,1074,1138,3869,1903,1966,4422,2121,2301,3869,1893,1976,2211,1043,1168,553,278,275,
16595,2212,1074,1138,3871,1904,1967,4423,2121,2302,3870,1894,1976,2212,1044,1168,553,278,275,
16600,2213,1074,1139,3873,1905,1968,4426,2123,2303,3872,1895,1977,2212,1044,1168,553,278,275,
16605,2214,1074,1140,3873,1905,1968,4426,2123,2303,3873,1895,1978,2212,1044,1168,553,278,275,
16610,2215,1074,1141,3875,1906,1969,4429,2124,2305,3874,1895,1979,2213,1045,1168,553,278,275,
16615,2215,1074,1141,3876,1907,1969,4429,2124,2305,3875,1896,1979,2213,1045,1168,554,279,275,
16620,2216,1074,1142,3876,1907,1969,4430,2125,2305,3876,1897,1979,2215,1047,1168,554,279,275,
16625,2216,1074,1142,3878,1908,1970,4431,2126,2305,3877,1897,1980,2216,1048,1168,554,279,275,
16630,2217,1075,1142,3880,1909,1971,4434,2129,2305,3879,1898,1981,2216,1048,1168,554,279,275,
16635,2218,1075,1143,3880,1909,1971,4434,2129,2305,3880,1899,1981,2216,1048,1168,554,279,275,
16640,2219,1076,1143,3882,1909,1973,4437,2132,2305,3881,1899,1982,2217,1048,1169,554,279,275,
16645,2219,1076,1143,3883,1910,1973,4437,2132,2305,3882,1900,1982,2217,1048,1169,555,280,275,
16650,2220,1076,1144,3883,1910,1973,4438,2132,2306,3883,1900,1983,2219,1049,1170,555,280,275,
16655,2220,1076,1144,3885,1912,1973,4439,2132,2307,3884,1901,1983,2220,1049,1171,555,280,275,
16660,2221,1076,1145,3887,1913,1974,4442,2133,2309,3886,1902,1984,2220,1049,1171,555,280,275,
16665,2222,1076,1146,3887,1913,1974,4442,2133,2309,3887,1903,1984,2220,1049,1171,555,280,275,
16670,2223,1077,1146,3889,1914,1975,4445,2133,2312,3888,1903,1985,2221,1049,1172,555,280,275,
16675,2223,1077,1146,3890,1914,1976,4445,2133,2312,3889,1904,1985,2221,1049,1172,556,280,276,
16680,2224,1078,1146,3890,1914,1976,4446,2133,2313,3890,1905,1985,2223,1049,1174,556,280,276,
16685,2224,1078,1146,3892,1915,1977,4447,2134,2313,3891,1906,1985,2224,1049,1175,556,280,276,
16690,2225,1078,1147,3894,1915,1979,4450,2134,2316,3893,1908,1985,2224,1049,1175,556,280,276,
16695,2226,1078,1148,3894,1915,1979,4450,2134,2316,3894,1909,1985,2224,1049,1175,556,280,276,
16700,2227,1079,1148,3896,1916,1980,4453,2135,2318,3895,1909,1986,2225,1050,1175,556,280,276,
16705,2227,1079,1148,3897,1917,1980,4453,2135,2318,3896,1909,1987,2225,1050,1175,557,280,277,
16710,2228,1079,1149,3897,1917,1980,4454,2135,2319,3897,1909,1988,2227,1051,1176,557,280,277,
16715,2228,1079,1149,3899,1918,1981,4455,2135,2320,3898,1909,1989,2228,1051,1177,557,280,277,
16720,2229,1079,1150,3901,1920,1981,4458,2137,2321,3900,1910,1990,2228,1051,1177,557,280,277,
16725,2230,1080,1150,3901,1920,1981,4458,2137,2321,3901,1911,1990,2228,1051,1177,557,280,277,
16730,2231,1080,1151,3903,1920,1983,4461,2137,2324,3902,1912,1990,2229,1051,1178,557,280,277,
16735,2231,1080,1151,3904,1921,1983,4461,2137,2324,3903,1912,1991,2229,1051,1178,558,280,278,
16740,2232,1080,1152,3904,1921,1983,4462,2137,2325,3904,1913,1991,2231,1051,1180,558,280,278,
16745,2232,1080,1152,3906,1921,1985,4463,2138,2325,3905,1914,1991,2232,1052,1180,558,280,278,
16750,2233,1081,1152,3908,1921,1987,4466,2141,2325,3907,1914,1993,2232,1052,1180,558,280,278,
16755,2234,1081,1153,3908,1921,1987,4466,2141,2325,3908,1915,1993,2232,1052,1180,558,280,278,
16760,2235,1081,1154,3910,1921,1989,4469,2144,2325,3909,1915,1994,2233,1053,1180,558,280,278,
16765,2235,1081,1154,3911,1922,1989,4469,2144,2325,3910,1916,1994,2233,1053,1180,559,281,278,
16770,2236,1081,1155,3911,1922,1989,4470,2145,2325,3911,1917,1994,2235,1055,1180,559,281,278,
16775,2236,1081,1155,3913,1922,1991,4471,2146,2325,3912,1917,1995,2236,1056,1180,559,281,278,
16780,2237,1082,1155,3915,1923,1992,4474,2147,2327,3914,1918,1996,2236,1056,1180,559,281,278,
16785,2238,1083,1155,3915,1923,1992,4474,2147,2327,3915,1919,1996,2236,1056,1180,559,281,278,
16790,2239,1083,1156,3917,1924,1993,4477,2148,2329,3916,1919,1997,2237,1056,1181,559,281,278,
16795,2239,1083,1156,3918,1924,1994,4477,2148,2329,3917,1920,1997,2237,1056,1181,560,281,279,
16800,2240,1084,1156,3918,1924,1994,4478,2149,2329,3918,1921,1997,2239,1057,1182,560,281,279,
16805,2240,1084,1156,3920,1925,1995,4479,2149,2330,3919,1921,1998,2240,1057,1183,560,281,279,
16810,2241,1084,1157,3922,1925,1997,4482,2149,2333,3921,1922,1999,2240,1057,1183,560,281,279,
16815,2242,1084,1158,3922,1925,1997,4482,2149,2333,3922,1922,2000,2240,1057,1183,560,281,279,
16820,2243,1085,1158,3924,1927,1997,4485,2149,2336,3923,1922,2001,2241,1057,1184,560,281,279,
16825,2243,1085,1158,3925,1927,1998,4485,2149,2336,3924,1922,2002,2241,1057,1184,561,281,280,
16830,2244,1085,1159,3925,1927,1998,4486,2150,2336,3925,1922,2003,2243,1059,1184,561,281,280,
16835,2244,1085,1159,3927,1928,1999,4487,2150,2337,3926,1922,2004,2244,1059,1185,561,281,280,
16840,2245,1085,1160,3929,1929,2000,4490,2151,2339,3928,1922,2006,2244,1059,1185,561,281,280,
16845,2246,1086,1160,3929,1929,2000,4490,2151,2339,3929,1923,2006,2244,1059,1185,561,281,280,
16850,2247,1086,1161,3931,1930,2001,4493,2153,2340,3930,1923,2007,2245,1059,1186,561,281,280,
16855,2247,1086,1161,3932,1930,2002,4493,2153,2340,3931,1923,2008,2245,1059,1186,562,282,280,
16860,2248,1086,1162,3932,1930,2002,4494,2154,2340,3932,1923,2009,2247,1061,1186,562,282,280,
16865,2248,1086,1162,3934,1931,2003,4495,2155,2340,3933,1924,2009,2248,1062,1186,562,282,280,
16870,2249,1087,1162,3936,1932,2004,4498,2156,2342,3935,1924,2011,2248,1062,1186,562,282,280,
16875,2250,1088,1162,3936,1932,2004,4498,2156,2342,3936,1924,2012,2248,1062,1186,562,282,280,
16880,2251,1088,1163,3938,1932,2006,4501,2158,2343,3937,1925,2012,2249,1063,1186,562,282,280,
16885,2251,1088,1163,3939,1933,2006,4501,2158,2343,3938,1925,2013,2249,1063,1186,563,283,280,
16890,2252,1088,1164,3939,1933,2006,4502,2159,2343,3939,1925,2014,2251,1064,1187,563,283,280,
16895,2252,1088,1164,3941,1934,2007,4503,2159,2344,3940,1926,2014,2252,1065,1187,563,283,280,
16900,2253,1088,1165,3943,1934,2009,4506,2160,2346,3942,1927,2015,2252,1065,1187,563,283,280,
16905,2254,1089,1165,3943,1934,2009,4506,2160,2346,3943,1927,2016,2252,1065,1187,563,283,280,
16910,2255,1089,1166,3945,1935,2010,4509,2161,2348,3944,1928,2016,2253,1065,1188,563,283,280,
16915,2255,1089,1166,3946,1935,2011,4509,2161,2348,3945,1929,2016,2253,1065,1188,564,283,281,
16920,2256,1090,1166,3946,1935,2011,4510,2161,2349,3946,1930,2016,2255,1065,1190,564,283,281,
16925,2256,1090,1166,3948,1937,2011,4511,2162,2349,3947,1931,2016,2256,1065,1191,564,283,281,
16930,2257,1091,1166,3950,1938,2012,4514,2163,2351,3949,1933,2016,2256,1065,1191,564,283,281,
16935,2258,1092,1166,3950,1938,2012,4514,2163,2351,3950,1933,2017,2256,1065,1191,564,283,281,
16940,2259,1093,1166,3952,1938,2014,4517,2164,2353,3951,1933,2018,2257,1065,1192,564,283,281,
16945,2259,1093,1166,3953,1939,2014,4517,2164,2353,3952,1934,2018,2257,1065,1192,565,284,281,
16950,2260,1094,1166,3953,1939,2014,4518,2165,2353,3953,1934,2019,2259,1065,1194,565,284,281,
16955,2260,1094,1166,3955,1940,2015,4519,2165,2354,3954,1935,2019,2260,1066,1194,565,284,281,
16960,2261,1095,1166,3957,1940,2017,4522,2166,2356,3956,1936,2020,2260,1066,1194,565,284,281,
16965,2262,1095,1167,3957,1940,2017,4522,2166,2356,3957,1937,2020,2260,1066,1194,565,284,281,
16970,2263,1096,1167,3959,1940,2019,4525,2167,2358,3958,1937,2021,2261,1066,1195,565,284,281,
16975,2263,1096,1167,3960,1941,2019,4525,2167,2358,3959,1938,2021,2261,1066,1195,566,285,281,
16980,2264,1096,1168,3960,1941,2019,4526,2168,2358,3960,1938,2022,2263,1068,1195,566,285,281,
16985,2264,1096,1168,3962,1941,2021,4527,2169,2358,3961,1939,2022,2264,1068,1196,566,285,281,
16990,2265,1097,1168,3964,1943,2021,4530,2170,2360,3963,1940,2023,2264,1068,1196,566,285,281,
16995,2266,1097,1169,3964,1943,2021,4530,2170,2360,3964,1940,2024,2264,1068,1196,566,285,281,
17000,2267,1097,1170,3966,1943,2023,4533,2172,2361,3965,1940,2025,2265,1069,1196,566,285,281,
17005,2267,1097,1170,3967,1944,2023,4533,2172,2361,3966,1941,2025,2265,1069,1196,567,286,281,
17010,2268,1098,1170,3967,1944,2023,4534,2173,2361,3967,1942,2025,2267,1069,1198,567,286,281,
17015,2268,1098,1170,3969,1946,2023,4535,2173,2362,3968,1942,2026,2268,1069,1199,567,286,281,
17020,2269,1099,1170,3971,1947,2024,4538,2175,2363,3970,1944,2026,2268,1069,1199,567,286,281,
17025,2270,1099,1171,3971,1947,2024,4538,2175,2363,3971,1945,2026,2268,1069,1199,567,286,281,
17030,2271,1100,1171,3973,1948,2025,4541,2175,2366,3972,1945,2027,2269,1069,1200,567,286,281,
17035,2271,1100,1171,3974,1949,2025,4541,2175,2366,3973,1945,2028,2269,1069,1200,568,286,282,
17040,2272,1100,1172,3974,1949,2025,4542,2175,2367,3974,1946,2028,2271,1071,1200,568,286,282,
17045,2272,1100,1172,3976,1951,2025,4543,2176,2367,3975,1947,2028,2272,1071,1201,568,286,282,
17050,2273,1101,1172,3978,1952,2026,4546,2178,2368,3977,1948,2029,2272,1071,1201,568,286,282,
17055,2274,1102,1172,3978,1952,2026,4546,2178,2368,3978,1948,2030,2272,1071,1201,568,286,282,
17060,2275,1102,1173,3980,1952,2028,4549,2179,2370,3979,1948,2031,2273,1072,1201,568,286,282,
17065,2275,1102,1173,3981,1952,2029,4549,2179,2370,3980,1948,2032,2273,1072,1201,569,287,282,
17070,2276,1103,1173,3981,1952,2029,4550,2179,2371,3981,1948,2033,2275,1072,1203,569,287,282,
17075,2276,1103,1173,3983,1954,2029,4551,2180,2371,3982,1948,2034,2276,1072,1204,569,287,282,
17080,2277,1104,1173,3985,1955,2030,4554,2180,2374,3984,1950,2034,2276,1072,1204,569,287,282,
17085,2278,1105,1173,3985,1955,2030,4554,2180,2374,3985,1951,2034,2276,1072,1204,569,287,282,
17090,2279,1105,1174,3987,1957,2030,4557,2183,2374,3986,1952,2034,2277,1072,1205,569,287,282,
17095,2279,1105,1174,3988,1957,2031,4557,2183,2374,3987,1953,2034,2277,1072,1205,570,287,283,
17100,2280,1106,1174,3988,1957,2031,4558,2183,2375,3988,1954,2034,2279,1074,1205,570,287,283,
17105,2280,1106,1174,3990,1958,2032,4559,2183,2376,3989,1954,2035,2280,1074,1206,570,287,283,
17110,2281,1106,1175,3992,1960,2032,4562,2185,2377,3991,1954,2037,2280,1074,1206,570,287,283,
17115,2282,1106,1176,3992,1960,2032,4562,2185,2377,3992,1955,2037,2280,1074,1206,570,287,283,
17120,2283,1107,1176,3994,1961,2033,4565,2186,2379,3993,1956,2037,2281,1074,1207,570,287,283,
17125,2283,1107,1176,3995,1961,2034,4565,2186,2379,3994,1956,2038,2281,1074,1207,571,287,284,
17130,2284,1107,1177,3995,1961,2034,4566,2186,2380,3995,1956,2039,2283,1074,1209,571,287,284,
17135,2284,1107,1177,3997,1962,2035,4567,2187,2380,3996,1956,2040,2284,1075,1209,571,287,284,
17140,2285,1107,1178,3999,1962,2037,4570,2189,2381,3998,1958,2040,2284,1075,1209,571,287,284,
17145,2286,1108,1178,3999,1962,2037,4570,2189,2381,3999,1958,2041,2284,1075,1209,571,287,284,
17150,2287,1109,1178,4001,1962,2039,4573,2191,2382,4000,1959,2041,2285,1075,1210,571,287,284,
17155,2287,1109,1178,4002,1962,2040,4573,2191,2382,4001,1959,2042,2285,1075,1210,572,288,284,
17160,2288,1110,1178,4002,1962,2040,4574,2191,2383,4002,1960,2042,2287,1076,1211,572,288,284,
17165,2288,1110,1178,4004,1963,2041,4575,2191,2384,4003,1961,2042,2288,1077,1211,572,288,284,
17170,2289,1110,1179,4006,1964,2042,4578,2193,2385,4005,1961,2044,2288,1077,1211,572,288,284,
17175,2290,1110,1180,4006,1964,2042,4578,2193,2385,4006,1962,2044,2288,1077,1211,572,288,284,
17180,2291,1110,1181,4008,1964,2044,4581,2195,2386,4007,1963,2044,2289,1077,1212,572,288,284,
17185,2291,1110,1181,4009,1964,2045,4581,2195,2386,4008,1963,2045,2289,1077,1212,573,288,285,
17190,2292,1111,1181,4009,1964,2045,4582,2196,2386,4009,1964,2045,2291,1079,1212,573,288,285,
17195,2292,1111,1181,4011,1965,2046,4583,2196,2387,4010,1964,2046,2292,1079,1213,573,288,285,
17200,2293,1111,1182,4013,1965,2048,4586,2198,2388,4012,1965,2047,2292,1079,1213,573,288,285,
17205,2294,1112,1182,4013,1965,2048,4586,2198,2388,4013,1965,2048,2292,1079,1213,573,288,285,
17210,2295,1112,1183,4015,1966,2049,4589,2199,2390,4014,1966,2048,2293,1080,1213,573,288,285,
17215,2295,1112,1183,4016,1966,2050,4589,2199,2390,4015,1966,2049,2293,1080,1213,574,288,286,
17220,2296,1113,1183,4016,1966,2050,4590,2199,2391,4016,1966,2050,2295,1082,1213,574,288,286,
17225,2296,1113,1183,4018,1966,2052,4591,2200,2391,4017,1967,2050,2296,1082,1214,574,288,286,
17230,2297,1114,1183,4020,1967,2053,4594,2201,2393,4019,1967,2052,2296,1082,1214,574,288,286,
17235,2298,1114,1184,4020,1967,2053,4594,2201,2393,4020,1967,2053,2296,1082,1214,574,288,286,
17240,2299,1115,1184,4022,1969,2053,4597,2202,2395,4021,1967,2054,2297,1083,1214,574,288,286,
17245,2299,1115,1184,4023,1969,2054,4597,2202,2395,4022,1968,2054,2297,1083,1214,575,289,286,
17250,2300,1115,1185,4023,1969,2054,4598,2202,2396,4023,1968,2055,2299,1085,1214,575,289,286,
17255,2300,1115,1185,4025,1970,2055,4599,2202,2397,4024,1969,2055,2300,1085,1215,575,289,286,
17260,2301,1116,1185,4027,1971,2056,4602,2203,2399,4026,1969,2057,2300,1085,1215,575,289,286,
17265,2302,1117,1185,4027,1971,2056,4602,2203,2399,4027,1969,2058,2300,1085,1215,575,289,286,
17270,2303,1117,1186,4029,1973,2056,4605,2204,2401,4028,1969,2059,2301,1086,1215,575,289,286,
17275,2303,1117,1186,4030,1974,2056,4605,2204,2401,4029,1970,2059,2301,1086,1215,576,290,286,
17280,2304,1117,1187,4030,1974,2056,4606,2205,2401,4030,1970,2060,2303,1087,1216,576,290,286,
17285,2304,1117,1187,4032,1975,2057,4607,2205,2402,4031,1971,2060,2304,1087,1217,576,290,286,
17290,2305,1118,1187,4034,1976,2058,4610,2207,2403,4033,1972,2061,2304,1087,1217,576,290,286,
17295,2306,1118,1188,4034,1976,2058,4610,2207,2403,4034,1973,2061,2304,1087,1217,576,290,286,
17300,2307,1119,1188,4036,1977,2059,4613,2208,2405,4035,1973,2062,2305,1088,1217,576,290,286,
17305,2307,1119,1188,4037,1977,2060,4613,2208,2405,4036,1973,2063,2305,1088,1217,577,291,286,
17310,2308,1120,1188,4037,1977,2060,4614,2208,2406,4037,1974,2063,2307,1089,1218,577,291,286,
17315,2308,1120,1188,4039,1978,2061,4615,2208,2407,4038,1975,2063,2308,1090,1218,577,291,286,
17320,2309,1121,1188,4041,1979,2062,4618,2209,2409,4040,1977,2063,2308,1090,1218,577,291,286,
17325,2310,1121,1189,4041,1979,2062,4618,2209,2409,4041,1978,2063,2308,1090,1218,577,291,286,
17330,2311,1122,1189,4043,1980,2063,4621,2211,2410,4042,1979,2063,2309,1091,1218,577,291,286,
17335,2311,1122,1189,4044,1980,2064,4621,2211,2410,4043,1979,2064,2309,1091,1218,578,291,287,
17340,2312,1123,1189,4044,1980,2064,4622,2212,2410,4044,1980,2064,2311,1091,1220,578,291,287,
17345,2312,1123,1189,4046,1980,2066,4623,2212,2411,4045,1981,2064,2312,1091,1221,578,291,287,
17350,2313,1123,1190,4048,1980,2068,4626,2214,2412,4047,1982,2065,2312,1091,1221,578,291,287,
17355,2314,1124,1190,4048,1980,2068,4626,2214,2412,4048,1982,2066,2312,1091,1221,578,291,287,
17360,2315,1125,1190,4050,1981,2069,4629,2217,2412,4049,1982,2067,2313,1092,1221,578,291,287,
17365,2315,1125,1190,4051,1981,2070,4629,2217,2412,4050,1983,2067,2313,1092,1221,579,292,287,
17370,2316,1126,1190,4051,1981,2070,4630,2217,2413,4051,1983,2068,2315,1093,1222,579,292,287,
17375,2316,1126,1190,4053,1982,2071,4631,2218,2413,4052,1983,2069,2316,1093,1223,579,292,287,
17380,2317,1127,1190,4055,1984,2071,4634,2219,2415,4054,1984,2070,2316,1093,1223,579,292,287,
17385,2318,1127,1191,4055,1984,2071,4634,2219,2415,4055,1984,2071,2316,1093,1223,579,292,287,
17390,2319,1128,1191,4057,1985,2072,4637,2221,2416,4056,1985,2071,2317,1094,1223,579,292,287,
17395,2319,1128,1191,4058,1986,2072,4637,2221,2416,4057,1985,2072,2317,1094,1223,580,293,287,
17400,2320,1128,1192,4058,1986,2072,4638,2222,2416,4058,1986,2072,2319,1095,1224,580,293,287,
17405,2320,1128,1192,4060,1987,2073,4639,2222,2417,4059,1987,2072,2320,1095,1225,580,293,287,
17410,2321,1129,1192,4062,1987,2075,4642,2224,2418,4061,1988,2073,2320,1095,1225,580,293,287,
17415,2322,1130,1192,4062,1987,2075,4642,2224,2418,4062,1989,2073,2320,1095,1225,580,293,287,
17420,2323,1131,1192,4064,1988,2076,4645,2226,2419,4063,1990,2073,2321,1095,1226,580,293,287,
17425,2323,1131,1192,4065,1989,2076,4645,2226,2419,4064,1990,2074,2321,1095,1226,581,293,288,
17430,2324,1132,1192,4065,1989,2076,4646,2226,2420,4065,1991,2074,2323,1096,1227,581,293,288,
17435,2324,1132,1192,4067,1990,2077,4647,2227,2420,4066,1991,2075,2324,1097,1227,581,293,288,
17440,2325,1132,1193,4069,1991,2078,4650,2229,2421,4068,1993,2075,2324,1097,1227,581,293,288,
17445,2326,1132,1194,4069,1991,2078,4650,2229,2421,4069,1994,2075,2324,1097,1227,581,293,288,
17450,2327,1133,1194,4071,1993,2078,4653,2232,2421,4070,1994,2076,2325,1098,1227,581,293,288,
17455,2327,1133,1194,4072,1993,2079,4653,2232,2421,4071,1995,2076,2325,1098,1227,582,293,289,
17460,2328,1133,1195,4072,1993,2079,4654,2233,2421,4072,1996,2076,2327,1099,1228,582,293,289,
17465,2328,1133,1195,4074,1994,2080,4655,2234,2421,4073,1996,2077,2328,1099,1229,582,293,289,
17470,2329,1134,1195,4076,1995,2081,4658,2237,2421,4075,1997,2078,2328,1099,1229,582,293,289,
17475,2330,1134,1196,4076,1995,2081,4658,2237,2421,4076,1997,2079,2328,1099,1229,582,293,289,
17480,2331,1135,1196,4078,1995,2083,4661,2239,2422,4077,1998,2079,2329,1099,1230,582,293,289,
17485,2331,1135,1196,4079,1996,2083,4661,2239,2422,4078,1999,2079,2329,1099,1230,583,294,289,
17490,2332,1135,1197,4079,1996,2083,4662,2240,2422,4079,2000,2079,2331,1099,1232,583,294,289,
17495,2332,1135,1197,4081,1997,2084,4663,2241,2422,4080,2001,2079,2332,1100,1232,583,294,289,
17500,2333,1136,1197,4083,1998,2085,4666,2242,2424,4082,2002,2080,2332,1100,1232,583,294,289,
17505,2334,1136,1198,4083,1998,2085,4666,2242,2424,4083,2002,2081,2332,1100,1232,583,294,289,
17510,2335,1136,1199,4085,1998,2087,4669,2244,2425,4084,2002,2082,2333,1100,1233,583,294,289,
17515,2335,1136,1199,4086,1998,2088,4669,2244,2425,4085,2002,2083,2333,1100,1233,584,294,290,
17520,2336,1137,1199,4086,1998,2088,4670,2244,2426,4086,2002,2084,2335,1101,1234,584,294,290,
17525,2336,1137,1199,4088,1998,2090,4671,2245,2426,4087,2002,2085,2336,1101,1235,584,294,290,
17530,2337,1137,1200,4090,1999,2091,4674,2248,2426,4089,2003,2086,2336,1101,1235,584,294,290,
17535,2338,1138,1200,4090,1999,2091,4674,2248,2426,4090,2003,2087,2336,1101,1235,584,294,290,
17540,2339,1139,1200,4092,2000,2092,4677,2248,2429,4091,2003,2088,2337,1102,1235,584,294,290,
17545,2339,1139,1200,4093,2001,2092,4677,2248,2429,4092,2003,2089,2337,1102,1235,585,295,290,
17550,2340,1140,1200,4093,2001,2092,4678,2249,2429,4093,2003,2090,2339,1103,1236,585,295,290,
17555,2340,1140,1200,4095,2001,2094,4679,2249,2430,4094,2004,2090,2340,1103,1237,585,295,290,
17560,2341,1141,1200,4097,2002,2095,4682,2251,2431,4096,2005,2091,2340,1103,1237,585,295,290,
17565,2342,1142,1200,4097,2002,2095,4682,2251,2431,4097,2006,2091,2340,1103,1237,585,295,290,
17570,2343,1142,1201,4099,2002,2097,4685,2252,2433,4098,2007,2091,2341,1104,1237,585,295,290,
17575,2343,1142,1201,4100,2003,2097,4685,2252,2433,4099,2008,2091,2341,1104,1237,586,296,290,
17580,2344,1143,1201,4100,2003,2097,4686,2252,2434,4100,2008,2092,2343,1106,1237,586,296,290,
17585,2344,1143,1201,4102,2003,2099,4687,2252,2435,4101,2008,2093,2344,1107,1237,586,296,290,
17590,2345,1143,1202,4104,2004,2100,4690,2252,2438,4103,2008,2095,2344,1107,1237,586,296,290,
17595,2346,1143,1203,4104,2004,2100,4690,2252,2438,4104,2009,2095,2344,1107,1237,586,296,290,
17600,2347,1143,1204,4106,2006,2100,4693,2253,2440,4105,2009,2096,2345,1108,1237,586,296,290,
17605,2347,1143,1204,4107,2007,2100,4693,2253,2440,4106,2009,2097,2345,1108,1237,587,296,291,
17610,2348,1144,1204,4107,2007,2100,4694,2254,2440,4107,2009,2098,2347,1110,1237,587,296,291,
17615,2348,1144,1204,4109,2008,2101,4695,2255,2440,4108,2009,2099,2348,1111,1237,587,296,291,
17620,2349,1144,1205,4111,2010,2101,4698,2257,2441,4110,2011,2099,2348,1111,1237,587,296,291,
17625,2350,1144,1206,4111,2010,2101,4698,2257,2441,4111,2012,2099,2348,1111,1237,587,296,291,
17630,2351,1144,1207,4113,2011,2102,4701,2257,2444,4112,2013,2099,2349,1111,1238,587,296,291,
17635,2351,1144,1207,4114,2011,2103,4701,2257,2444,4113,2014,2099,2349,1111,1238,588,296,292,
17640,2352,1145,1207,4114,2011,2103,4702,2257,2445,4114,2014,2100,2351,1113,1238,588,296,292,
17645,2352,1145,1207,4116,2012,2104,4703,2257,2446,4115,2015,2100,2352,1114,1238,588,296,292,
17650,2353,1146,1207,4118,2013,2105,4706,2260,2446,4117,2016,2101,2352,1114,1238,588,296,292,
17655,2354,1146,1208,4118,2013,2105,4706,2260,2446,4118,2016,2102,2352,1114,1238,588,296,292,
17660,2355,1147,1208,4120,2014,2106,4709,2261,2448,4119,2017,2102,2353,1115,1238,588,296,292,
17665,2355,1147,1208,4121,2015,2106,4709,2261,2448,4120,2018,2102,2353,1115,1238,589,297,292,
17670,2356,1148,1208,4121,2015,2106,4710,2262,2448,4121,2018,2103,2355,1115,1240,589,297,292,
17675,2356,1148,1208,4123,2016,2107,4711,2262,2449,4122,2019,2103,2356,1115,1241,589,297,292,
17680,2357,1149,1208,4125,2017,2108,4714,2262,2452,4124,2020,2104,2356,1115,1241,589,297,292,
17685,2358,1150,1208,4125,2017,2108,4714,2262,2452,4125,2020,2105,2356,1115,1241,589,297,292,
17690,2359,1150,1209,4127,2018,2109,4717,2265,2452,4126,2021,2105,2357,1116,1241,589,297,292,
17695,2359,1150,1209,4128,2019,2109,4717,2265,2452,4127,2021,2106,2357,1116,1241,590,297,293,
17700,2360,1151,1209,4128,2019,2109,4718,2265,2453,4128,2021,2107,2359,1118,1241,590,297,293,
17705,2360,1151,1209,4130,2019,2111,4719,2266,2453,4129,2021,2108,2360,1118,1242,590,297,293,
17710,2361,1151,1210,4132,2019,2113,4722,2266,2456,4131,2022,2109,2360,1118,1242,590,297,293,
17715,2362,1151,1211,4132,2019,2113,4722,2266,2456,4132,2022,2110,2360,1118,1242,590,297,293,
17720,2363,1152,1211,4134,2020,2114,4725,2268,2457,4133,2023,2110,2361,1118,1243,590,297,293,
17725,2363,1152,1211,4135,2020,2115,4725,2268,2457,4134,2023,2111,2361,1118,1243,591,297,294,
17730,2364,1153,1211,4135,2020,2115,4726,2268,2458,4135,2024,2111,2363,1119,1244,591,297,294,
17735,2364,1153,1211,4137,2021,2116,4727,2269,2458,4136,2024,2112,2364,1120,1244,591,297,294,
17740,2365,1153,1212,4139,2021,2118,4730,2271,2459,4138,2026,2112,2364,1120,1244,591,297,294,
17745,2366,1154,1212,4139,2021,2118,4730,2271,2459,4139,2026,2113,2364,1120,1244,591,297,294,
17750,2367,1154,1213,4141,2023,2118,4733,2272,2461,4140,2026,2114,2365,1121,1244,591,297,294,
17755,2367,1154,1213,4142,2024,2118,4733,2272,2461,4141,2027,2114,2365,1121,1244,592,297,295,
17760,2368,1154,1214,4142,2024,2118,4734,2273,2461,4142,2027,2115,2367,1123,1244,592,297,295,
17765,2368,1154,1214,4144,2025,2119,4735,2273,2462,4143,2027,2116,2368,1124,1244,592,297,295,
17770,2369,1154,1215,4146,2025,2121,4738,2275,2463,4145,2029,2116,2368,1124,1244,592,297,295,
17775,2370,1155,1215,4146,2025,2121,4738,2275,2463,4146,2029,2117,2368,1124,1244,592,297,295,
17780,2371,1155,1216,4148,2026,2122,4741,2278,2463,4147,2030,2117,2369,1124,1245,592,297,295,
17785,2371,1155,1216,4149,2027,2122,4741,2278,2463,4148,2030,2118,2369,1124,1245,593,298,295,
17790,2372,1155,1217,4149,2027,2122,4742,2278,2464,4149,2031,2118,2371,1125,1246,593,298,295,
17795,2372,1155,1217,4151,2028,2123,4743,2279,2464,4150,2032,2118,2372,1126,1246,593,298,295,
17800,2373,1155,1218,4153,2029,2124,4746,2281,2465,4152,2034,2118,2372,1126,1246,593,298,295,
17805,2374,1156,1218,4153,2029,2124,4746,2281,2465,4153,2035,2118,2372,1126,1246,593,298,295,
17810,2375,1156,1219,4155,2031,2124,4749,2283,2466,4154,2035,2119,2373,1127,1246,593,298,295,
17815,2375,1156,1219,4156,2032,2124,4749,2283,2466,4155,2035,2120,2373,1127,1246,594,298,296,
17820,2376,1156,1220,4156,2032,2124,4750,2284,2466,4156,2036,2120,2375,1128,1247,594,298,296,
17825,2376,1156,1220,4158,2032,2126,4751,2285,2466,4157,2037,2120,2376,1129,1247,594,298,296,
17830,2377,1157,1220,4160,2034,2126,4754,2287,2467,4159,2039,2120,2376,1129,1247,594,298,296,
17835,2378,1157,1221,4160,2034,2126,4754,2287,2467,4160,2039,2121,2376,1129,1247,594,298,296,
17840,2379,1158,1221,4162,2036,2126,4757,2289,2468,4161,2039,2122,2377,1130,1247,594,298,296,
17845,2379,1158,1221,4163,2037,2126,4757,2289,2468,4162,2039,2123,2377,1130,1247,595,298,297,
17850,2380,1158,1222,4163,2037,2126,4758,2290,2468,4163,2039,2124,2379,1131,1248,595,298,297,
17855,2380,1158,1222,4165,2038,2127,4759,2290,2469,4164,2040,2124,2380,1132,1248,595,298,297,
17860,2381,1158,1223,4167,2039,2128,4762,2293,2469,4166,2041,2125,2380,1132,1248,595,298,297,
17865,2382,1158,1224,4167,2039,2128,4762,2293,2469,4167,2042,2125,2380,1132,1248,595,298,297,
17870,2383,1159,1224,4169,2039,2130,4765,2296,2469,4168,2042,2126,2381,1133,1248,595,298,297,
17875,2383,1159,1224,4170,2040,2130,4765,2296,2469,4169,2042,2127,2381,1133,1248,596,298,298,
17880,2384,1160,1224,4170,2040,2130,4766,2297,2469,4170,2043,2127,2383,1133,1250,596,298,298,
17885,2384,1160,1224,4172,2040,2132,4767,2297,2470,4171,2043,2128,2384,1133,1251,596,298,298,
17890,2385,1160,1225,4174,2040,2134,4770,2299,2471,4173,2044,2129,2384,1133,1251,596,298,298,
17895,2386,1161,1225,4174,2040,2134,4770,2299,2471,4174,2045,2129,2384,1133,1251,596,298,298,
17900,2387,1161,1226,4176,2042,2134,4773,2299,2474,4175,2045,2130,2385,1133,1252,596,298,298,
17905,2387,1161,1226,4177,2043,2134,4773,2299,2474,4176,2045,2131,2385,1133,1252,597,299,298,
17910,2388,1161,1227,4177,2043,2134,4774,2299,2475,4177,2045,2132,2387,1133,1254,597,299,298,
17915,2388,1161,1227,4179,2044,2135,4775,2300,2475,4178,2046,2132,2388,1134,1254,597,299,298,
17920,2389,1162,1227,4181,2045,2136,4778,2301,2477,4180,2048,2132,2388,1134,1254,597,299,298,
17925,2390,1163,1227,4181,2045,2136,4778,2301,2477,4181,2048,2133,2388,1134,1254,597,299,298,
17930,2391,1163,1228,4183,2046,2137,4781,2303,2478,4182,2048,2134,2389,1134,1255,597,299,298,
17935,2391,1163,1228,4184,2046,2138,4781,2303,2478,4183,2048,2135,2389,1134,1255,598,300,298,
17940,2392,1164,1228,4184,2046,2138,4782,2304,2478,4184,2049,2135,2391,1134,1257,598,300,298,
17945,2392,1164,1228,4186,2047,2139,4783,2305,2478,4185,2049,2136,2392,1134,1258,598,300,298,
17950,2393,1164,1229,4188,2048,2140,4786,2306,2480,4187,2049,2138,2392,1134,1258,598,300,298,
17955,2394,1164,1230,4188,2048,2140,4786,2306,2480,4188,2049,2139,2392,1134,1258,598,300,298,
17960,2395,1165,1230,4190,2049,2141,4789,2307,2482,4189,2049,2140,2393,1135,1258,598,300,298,
17965,2395,1165,1230,4191,2049,2142,4789,2307,2482,4190,2050,2140,2393,1135,1258,599,300,299,
17970,2396,1166,1230,4191,2049,2142,4790,2308,2482,4191,2051,2140,2395,1137,1258,599,300,299,
17975,2396,1166,1230,4193,2050,2143,4791,2308,2483,4192,2051,2141,2396,1138,1258,599,300,299,
17980,2397,1167,1230,4195,2052,2143,4794,2311,2483,4194,2052,2142,2396,1138,1258,599,300,299,
17985,2398,1167,1231,4195,2052,2143,4794,2311,2483,4195,2053,2142,2396,1138,1258,599,300,299,
17990,2399,1168,1231,4197,2053,2144,4797,2312,2485,4196,2054,2142,2397,1138,1259,599,300,299,
17995,2399,1168,1231,4198,2054,2144,4797,2312,2485,4197,2054,2143,2397,1138,1259,600,300,300,
18000,2400,1169,1231,4198,2054,2144,4798,2312,2486,4198,2055,2143,2399,1139,1260,600,300,300,
18005,2400,1169,1231,4200,2055,2145,4799,2313,2486,4199,2056,2143,2400,1139,1261,600,300,300,
18010,2401,1169,1232,4202,2057,2145,4802,2314,2488,4201,2056,2145,2400,1139,1261,600,300,300,
18015,2402,1169,1233,4202,2057,2145,4802,2314,2488,4202,2056,2146,2400,1139,1261,600,300,300,
18020,2403,1170,1233,4204,2057,2147,4805,2316,2489,4203,2056,2147,2401,1139,1262,600,300,300,
18025,2403,1170,1233,4205,2057,2148,4805,2316,2489,4204,2057,2147,2401,1139,1262,601,301,300,
18030,2404,1171,1233,4205,2057,2148,4806,2316,2490,4205,2057,2148,2403,1140,1263,601,301,300,
18035,2404,1171,1233,4207,2058,2149,4807,2317,2490,4206,2057,2149,2404,1140,1264,601,301,300,
18040,2405,1171,1234,4209,2059,2150,4810,2317,2493,4208,2058,2150,2404,1140,1264,601,301,300,
18045,2406,1171,1235,4209,2059,2150,4810,2317,2493,4209,2058,2151,2404,1140,1264,601,301,300,
18050,2407,1172,1235,4211,2060,2151,4813,2320,2493,4210,2059,2151,2405,1141,1264,601,301,300,
18055,2407,1172,1235,4212,2061,2151,4813,2320,2493,4211,2059,2152,2405,1141,1264,602,302,300,
18060,2408,1172,1236,4212,2061,2151,4814,2321,2493,4212,2060,2152,2407,1143,1264,602,302,300,
18065,2408,1172,1236,4214,2061,2153,4815,2321,2494,4213,2060,2153,2408,1144,1264,602,302,300,
18070,2409,1172,1237,4216,2062,2154,4818,2323,2495,4215,2062,2153,2408,1144,1264,602,302,300,
18075,2410,1172,1238,4216,2062,2154,4818,2323,2495,4216,2063,2153,2408,1144,1264,602,302,300,
18080,2411,1173,1238,4218,2064,2154,4821,2324,2497,4217,2064,2153,2409,1145,1264,602,302,300,
18085,2411,1173,1238,4219,2064,2155,4821,2324,2497,4218,2064,2154,2409,1145,1264,603,302,301,
18090,2412,1174,1238,4219,2064,2155,4822,2325,2497,4219,2064,2155,2411,1145,1266,603,302,301,
18095,2412,1174,1238,4221,2064,2157,4823,2325,2498,4220,2065,2155,2412,1146,1266,603,302,301,
18100,2413,1174,1239,4223,2064,2159,4826,2327,2499,4222,2065,2157,2412,1146,1266,603,302,301,
18105,2414,1174,1240,4223,2064,2159,4826,2327,2499,4223,2065,2158,2412,1146,1266,603,302,301,
18110,2415,1175,1240,4225,2064,2161,4829,2329,2500,4224,2065,2159,2413,1147,1266,603,302,301,
18115,2415,1175,1240,4226,2064,2162,4829,2329,2500,4225,2065,2160,2413,1147,1266,604,302,302,
18120,2416,1175,1241,4226,2064,2162,4830,2330,2500,4226,2066,2160,2415,1148,1267,604,302,302,
18125,2416,1175,1241,4228,2064,2164,4831,2331,2500,4227,2066,2161,2416,1149,1267,604,302,302,
18130,2417,1176,1241,4230,2065,2165,4834,2334,2500,4229,2068,2161,2416,1149,1267,604,302,302,
18135,2418,1177,1241,4230,2065,2165,4834,2334,2500,4230,2069,2161,2416,1149,1267,604,302,302,
18140,2419,1178,1241,4232,2066,2166,4837,2336,2501,4231,2069,2162,2417,1150,1267,604,302,302,
18145,2419,1178,1241,4233,2067,2166,4837,2336,2501,4232,2070,2162,2417,1150,1267,605,303,302,
18150,2420,1178,1242,4233,2067,2166,4838,2336,2502,4233,2071,2162,2419,1151,1268,605,303,302,
18155,2420,1178,1242,4235,2068,2167,4839,2337,2502,4234,2071,2163,2420,1152,1268,605,303,302,
18160,2421,1178,1243,4237,2068,2169,4842,2340,2502,4236,2072,2164,2420,1152,1268,605,303,302,
18165,2422,1178,1244,4237,2068,2169,4842,2340,2502,4237,2072,2165,2420,1152,1268,605,303,302,
18170,2423,1178,1245,4239,2069,2170,4845,2341,2504,4238,2072,2166,2421,1152,1269,605,303,302,
18175,2423,1178,1245,4240,2070,2170,4845,2341,2504,4239,2073,2166,2421,1152,1269,606,303,303,
18180,2424,1179,1245,4240,2070,2170,4846,2341,2505,4240,2073,2167,2423,1152,1271,606,303,303,
18185,2424,1179,1245,4242,2070,2172,4847,2341,2506,4241,2073,2168,2424,1152,1272,606,303,303,
18190,2425,1180,1245,4244,2071,2173,4850,2342,2508,4243,2075,2168,2424,1152,1272,606,303,303,
18195,2426,1181,1245,4244,2071,2173,4850,2342,2508,4244,2076,2168,2424,1152,1272,606,303,303,
18200,2427,1182,1245,4246,2072,2174,4853,2345,2508,4245,2077,2168,2425,1153,1272,606,303,303,
18205,2427,1182,1245,4247,2072,2175,4853,2345,2508,4246,2077,2169,2425,1153,1272,607,303,304,
18210,2428,1183,1245,4247,2072,2175,4854,2346,2508,4247,2077,2170,2427,1154,1273,607,303,304,
18215,2428,1183,1245,4249,2073,2176,4855,2347,2508,4248,2077,2171,2428,1154,1274,607,303,304,
18220,2429,1183,1246,4251,2073,2178,4858,2349,2509,4250,2077,2173,2428,1154,1274,607,303,304,
18225,2430,1183,1247,4251,2073,2178,4858,2349,2509,4251,2077,2174,2428,1154,1274,607,303,304,
18230,2431,1184,1247,4253,2073,2180,4861,2351,2510,4252,2077,2175,2429,1154,1275,607,303,304,
18235,2431,1184,1247,4254,2073,2181,4861,2351,2510,4253,2078,2175,2429,1154,1275,608,304,304,
18240,2432,1185,1247,4254,2073,2181,4862,2352,2510,4254,2079,2175,2431,1155,1276,608,304,304,
18245,2432,1185,1247,4256,2074,2182,4863,2353,2510,4255,2080,2175,2432,1155,1277,608,304,304,
18250,2433,1186,1247,4258,2075,2183,4866,2355,2511,4257,2081,2176,2432,1155,1277,608,304,304,
18255,2434,1187,1247,4258,2075,2183,4866,2355,2511,4258,2082,2176,2432,1155,1277,608,304,304,
18260,2435,1187,1248,4260,2076,2184,4869,2357,2512,4259,2082,2177,2433,1156,1277,608,304,304,
18265,2435,1187,1248,4261,2077,2184,4869,2357,2512,4260,2083,2177,2433,1156,1277,609,304,305,
18270,2436,1188,1248,4261,2077,2184,4870,2358,2512,4261,2083,2178,2435,1157,1278,609,304,305,
18275,2436,1188,1248,4263,2078,2185,4871,2359,2512,4262,2084,2178,2436,1158,1278,609,304,305,
18280,2437,1189,1248,4265,2078,2187,4874,2361,2513,4264,2086,2178,2436,1158,1278,609,304,305,
18285,2438,1190,1248,4265,2078,2187,4874,2361,2513,4265,2087,2178,2436,1158,1278,609,304,305,
18290,2439,1190,1249,4267,2078,2189,4877,2362,2515,4266,2087,2179,2437,1158,1279,609,304,305,
18295,2439,1190,1249,4268,2078,2190,4877,2362,2515,4267,2088,2179,2437,1158,1279,610,304,306,
18300,2440,1191,1249,4268,2078,2190,4878,2363,2515,4268,2089,2179,2439,1160,1279,610,304,306,
18305,2440,1191,1249,4270,2079,2191,4879,2364,2515,4269,2090,2179,2440,1161,1279,610,304,306,
18310,2441,1191,1250,4272,2079,2193,4882,2365,2517,4271,2091,2180,2440,1161,1279,610,304,306,
18315,2442,1192,1250,4272,2079,2193,4882,2365,2517,4272,2091,2181,2440,1161,1279,610,304,306,
18320,2443,1192,1251,4274,2080,2194,4885,2366,2519,4273,2091,2182,2441,1162,1279,610,304,306,
18325,2443,1192,1251,4275,2081,2194,4885,2366,2519,4274,2091,2183,2441,1162,1279,611,305,306,
18330,2444,1192,1252,4275,2081,2194,4886,2367,2519,4275,2091,2184,2443,1163,1280,611,305,306,
18335,2444,1192,1252,4277,2081,2196,4887,2368,2519,4276,2091,2185,2444,1164,1280,611,305,306,
18340,2445,1192,1253,4279,2082,2197,4890,2371,2519,4278,2092,2186,2444,1164,1280,611,305,306,
18345,2446,1192,1254,4279,2082,2197,4890,2371,2519,4279,2093,2186,2444,1164,1280,611,305,306,
18350,2447,1193,1254,4281,2082,2199,4893,2371,2522,4280,2094,2186,2445,1164,1281,611,305,306,
18355,2447,1193,1254,4282,2083,2199,4893,2371,2522,4281,2094,2187,2445,1164,1281,612,305,307,
18360,2448,1194,1254,4282,2083,2199,4894,2371,2523,4282,2094,2188,2447,1164,1283,612,305,307,
18365,2448,1194,1254,4284,2085,2199,4895,2372,2523,4283,2095,2188,2448,1165,1283,612,305,307,
18370,2449,1195,1254,4286,2086,2200,4898,2375,2523,4285,2095,2190,2448,1165,1283,612,305,307,
18375,2450,1196,1254,4286,2086,2200,4898,2375,2523,4286,2095,2191,2448,1165,1283,612,305,307,
18380,2451,1197,1254,4288,2088,2200,4901,2376,2525,4287,2095,2192,2449,1165,1284,612,305,307,
18385,2451,1197,1254,4289,2088,2201,4901,2376,2525,4288,2095,2193,2449,1165,1284,613,306,307,
18390,2452,1197,1255,4289,2088,2201,4902,2376,2526,4289,2095,2194,2451,1166,1285,613,306,307,
18395,2452,1197,1255,4291,2088,2203,4903,2376,2527,4290,2096,2194,2452,1166,1286,613,306,307,
18400,2453,1198,1255,4293,2089,2204,4906,2376,2530,4292,2097,2195,2452,1166,1286,613,306,307,
18405,2454,1198,1256,4293,2089,2204,4906,2376,2530,4293,2097,2196,2452,1166,1286,613,306,307,
18410,2455,1198,1257,4295,2091,2204,4909,2377,2532,4294,2098,2196,2453,1166,1287,613,306,307,
18415,2455,1198,1257,4296,2092,2204,4909,2377,2532,4295,2098,2197,2453,1166,1287,614,307,307,
18420,2456,1198,1258,4296,2092,2204,4910,2378,2532,4296,2098,2198,2455,1167,1288,614,307,307,
18425,2456,1198,1258,4298,2094,2204,4911,2378,2533,4297,2098,2199,2456,1167,1289,614,307,307,
18430,2457,1199,1258,4300,2096,2204,4914,2379,2535,4299,2099,2200,2456,1167,1289,614,307,307,
18435,2458,1199,1259,4300,2096,2204,4914,2379,2535,4300,2100,2200,2456,1167,1289,614,307,307,
18440,2459,1199,1260,4302,2098,2204,4917,2381,2536,4301,2100,2201,2457,1167,1290,614,307,307,
18445,2459,1199,1260,4303,2098,2205,4917,2381,2536,4302,2101,2201,2457,1167,1290,615,308,307,
18450,2460,1199,1261,4303,2098,2205,4918,2381,2537,4303,2101,2202,2459,1167,1292,615,308,307,
18455,2460,1199,1261,4305,2099,2206,4919,2381,2538,4304,2101,2203,2460,1168,1292,615,308,307,
18460,2461,1199,1262,4307,2100,2207,4922,2382,2540,4306,2102,2204,2460,1168,1292,615,308,307,
18465,2462,1200,1262,4307,2100,2207,4922,2382,2540,4307,2103,2204,2460,1168,1292,615,308,307,
18470,2463,1200,1263,4309,2101,2208,4925,2385,2540,4308,2104,2204,2461,1168,1293,615,308,307,
18475,2463,1200,1263,4310,2101,2209,4925,2385,2540,4309,2104,2205,2461,1168,1293,616,308,308,
18480,2464,1201,1263,4310,2101,2209,4926,2386,2540,4310,2104,2206,2463,1170,1293,616,308,308,
18485,2464,1201,1263,4312,2103,2209,4927,2387,2540,4311,2105,2206,2464,1171,1293,616,308,308,
18490,2465,1202,1263,4314,2104,2210,4930,2389,2541,4313,2105,2208,2464,1171,1293,616,308,308,
18495,2466,1203,1263,4314,2104,2210,4930,2389,2541,4314,2105,2209,2464,1171,1293,616,308,308,
18500,2467,1203,1264,4316,2104,2212,4933,2391,2542,4315,2106,2209,2465,1171,1294,616,308,308,
18505,2467,1203,1264,4317,2104,2213,4933,2391,2542,4316,2106,2210,2465,1171,1294,617,308,309,
18510,2468,1204,1264,4317,2104,2213,4934,2392,2542,4317,2107,2210,2467,1172,1295,617,308,309,
18515,2468,1204,1264,4319,2105,2214,4935,2393,2542,4318,2108,2210,2468,1173,1295,617,308,309,
18520,2469,1205,1264,4321,2107,2214,4938,2395,2543,4320,2108,2212,2468,1173,1295,617,308,309,
18525,2470,1206,1264,4321,2107,2214,4938,2395,2543,4321,2108,2213,2468,1173,1295,617,308,309,
18530,2471,1207,1264,4323,2108,2215,4941,2397,2544,4322,2108,2214,2469,1174,1295,617,308,309,
18535,2471,1207,1264,4324,2108,2216,4941,2397,2544,4323,2108,2215,2469,1174,1295,618,309,309,
18540,2472,1208,1264,4324,2108,2216,4942,2397,2545,4324,2108,2216,2471,1174,1297,618,309,309,
18545,2472,1208,1264,4326,2108,2218,4943,2398,2545,4325,2108,2217,2472,1174,1298,618,309,309,
18550,2473,1209,1264,4328,2108,2220,4946,2400,2546,4327,2109,2218,2472,1174,1298,618,309,309,
18555,2474,1210,1264,4328,2108,2220,4946,2400,2546,4328,2109,2219,2472,1174,1298,618,309,309,
18560,2475,1210,1265,4330,2108,2222,4949,2401,2548,4329,2109,2220,2473,1175,1298,618,309,309,
18565,2475,1210,1265,4331,2109,2222,4949,2401,2548,4330,2110,2220,2473,1175,1298,619,309,310,
18570,2476,1211,1265,4331,2109,2222,4950,2402,2548,4331,2111,2220,2475,1175,1300,619,309,310,
18575,2476,1211,1265,4333,2110,2223,4951,2403,2548,4332,2112,2220,2476,1175,1301,619,309,310,
18580,2477,1212,1265,4335,2111,2224,4954,2406,2548,4334,2113,2221,2476,1175,1301,619,309,310,
18585,2478,1213,1265,4335,2111,2224,4954,2406,2548,4335,2114,2221,2476,1175,1301,619,309,310,
18590,2479,1214,1265,4337,2111,2226,4957,2409,2548,4336,2115,2221,2477,1175,1302,619,309,310,
18595,2479,1214,1265,4338,2111,2227,4957,2409,2548,4337,2116,2221,2477,1175,1302,620,309,311,
18600,2480,1214,1266,4338,2111,2227,4958,2410,2548,4338,2117,2221,2479,1175,1304,620,309,311,
18605,2480,1214,1266,4340,2113,2227,4959,2410,2549,4339,2117,2222,2480,1175,1305,620,309,311,
18610,2481,1215,1266,4342,2113,2229,4962,2411,2551,4341,2119,2222,2480,1175,1305,620,309,311,
18615,2482,1215,1267,4342,2113,2229,4962,2411,2551,4342,2119,2223,2480,1175,1305,620,309,311,
18620,2483,1215,1268,4344,2114,2230,4965,2413,2552,4343,2120,2223,2481,1175,1306,620,309,311,
18625,2483,1215,1268,4345,2114,2231,4965,2413,2552,4344,2120,2224,2481,1175,1306,621,309,312,
18630,2484,1215,1269,4345,2114,2231,4966,2414,2552,4345,2120,2225,2483,1176,1307,621,309,312,
18635,2484,1215,1269,4347,2115,2232,4967,2414,2553,4346,2121,2225,2484,1176,1308,621,309,312,
18640,2485,1215,1270,4349,2116,2233,4970,2415,2555,4348,2122,2226,2484,1176,1308,621,309,312,
18645,2486,1216,1270,4349,2116,2233,4970,2415,2555,4349,2123,2226,2484,1176,1308,621,309,312,
18650,2487,1217,1270,4351,2118,2233,4973,2415,2558,4350,2123,2227,2485,1176,1309,621,309,312,
18655,2487,1217,1270,4352,2118,2234,4973,2415,2558,4351,2124,2227,2485,1176,1309,622,310,312,
18660,2488,1217,1271,4352,2118,2234,4974,2416,2558,4352,2125,2227,2487,1177,1310,622,310,312,
18665,2488,1217,1271,4354,2118,2236,4975,2416,2559,4353,2126,2227,2488,1178,1310,622,310,312,
18670,2489,1217,1272,4356,2118,2238,4978,2418,2560,4355,2127,2228,2488,1178,1310,622,310,312,
18675,2490,1217,1273,4356,2118,2238,4978,2418,2560,4356,2127,2229,2488,1178,1310,622,310,312,
18680,2491,1218,1273,4358,2119,2239,4981,2419,2562,4357,2127,2230,2489,1178,1311,622,310,312,
18685,2491,1218,1273,4359,2120,2239,4981,2419,2562,4358,2128,2230,2489,1178,1311,623,310,313,
18690,2492,1219,1273,4359,2120,2239,4982,2419,2563,4359,2128,2231,2491,1178,1313,623,310,313,
18695,2492,1219,1273,4361,2121,2240,4983,2420,2563,4360,2128,2232,2492,1178,1314,623,310,313,
18700,2493,1220,1273,4363,2121,2242,4986,2422,2564,4362,2129,2233,2492,1178,1314,623,310,313,
18705,2494,1220,1274,4363,2121,2242,4986,2422,2564,4363,2130,2233,2492,1178,1314,623,310,313,
18710,2495,1221,1274,4365,2122,2243,4989,2423,2566,4364,2130,2234,2493,1179,1314,623,310,313,
18715,2495,1221,1274,4366,2122,2244,4989,2423,2566,4365,2131,2234,2493,1179,1314,624,311,313,
18720,2496,1222,1274,4366,2122,2244,4990,2423,2567,4366,2132,2234,2495,1181,1314,624,311,313,
18725,2496,1222,1274,4368,2123,2245,4991,2424,2567,4367,2132,2235,2496,1181,1315,624,311,313,
18730,2497,1223,1274,4370,2123,2247,4994,2426,2568,4369,2133,2236,2496,1181,1315,624,311,313,
18735,2498,1224,1274,4370,2123,2247,4994,2426,2568,4370,2133,2237,2496,1181,1315,624,311,313,
18740,2499,1225,1274,4372,2124,2248,4997,2426,2571,4371,2134,2237,2497,1182,1315,624,311,313,
18745,2499,1225,1274,4373,2124,2249,4997,2426,2571,4372,2134,2238,2497,1182,1315,625,311,314,
18750,2500,1226,1274,4373,2124,2249,4998,2427,2571,4373,2135,2238,2499,1183,1316,625,311,314,
18755,2500,1226,1274,4375,2125,2250,4999,2427,2572,4374,2136,2238,2500,1184,1316,625,311,314,
18760,2501,1226,1275,4377,2126,2251,5002,2429,2573,4376,2137,2239,2500,1184,1316,625,311,314,
18765,2502,1227,1275,4377,2126,2251,5002,2429,2573,4377,2137,2240,2500,1184,1316,625,311,314,
18770,2503,1228,1275,4379,2126,2253,5005,2430,2575,4378,2137,2241,2501,1185,1316,625,311,314,
18775,2503,1228,1275,4380,2126,2254,5005,2430,2575,4379,2137,2242,2501,1185,1316,626,311,315,
18780,2504,1228,1276,4380,2126,2254,5006,2431,2575,4380,2137,2243,2503,1187,1316,626,311,315,
18785,2504,1228,1276,4382,2127,2255,5007,2431,2576,4381,2138,2243,2504,1188,1316,626,311,315,
18790,2505,1228,1277,4384,2128,2256,5010,2433,2577,4383,2138,2245,2504,1188,1316,626,311,315,
18795,2506,1229,1277,4384,2128,2256,5010,2433,2577,4384,2139,2245,2504,1188,1316,626,311,315,
18800,2507,1230,1277,4386,2129,2257,5013,2436,2577,4385,2139,2246,2505,1188,1317,626,311,315,
18805,2507,1230,1277,4387,2130,2257,5013,2436,2577,4386,2139,2247,2505,1188,1317,627,311,316,
18810,2508,1231,1277,4387,2130,2257,5014,2436,2578,4387,2139,2248,2507,1188,1319,627,311,316,
18815,2508,1231,1277,4389,2131,2258,5015,2437,2578,4388,2140,2248,2508,1189,1319,627,311,316,
18820,2509,1231,1278,4391,2131,2260,5018,2440,2578,4390,2141,2249,2508,1189,1319,627,311,316,
18825,2510,1232,1278,4391,2131,2260,5018,2440,2578,4391,2141,2250,2508,1189,1319,627,311,316,
18830,2511,1233,1278,4393,2133,2260,5021,2441,2580,4392,2142,2250,2509,1189,1320,627,311,316,
18835,2511,1233,1278,4394,2133,2261,5021,2441,2580,4393,2143,2250,2509,1189,1320,628,312,316,
18840,2512,1233,1279,4394,2133,2261,5022,2442,2580,4394,2144,2250,2511,1190,1321,628,312,316,
18845,2512,1233,1279,4396,2133,2263,5023,2442,2581,4395,2144,2251,2512,1191,1321,628,312,316,
18850,2513,1234,1279,4398,2134,2264,5026,2445,2581,4397,2144,2253,2512,1191,1321,628,312,316,
18855,2514,1234,1280,4398,2134,2264,5026,2445,2581,4398,2144,2254,2512,1191,1321,628,312,316,
18860,2515,1234,1281,4400,2136,2264,5029,2445,2584,4399,2145,2254,2513,1192,1321,628,312,316,
18865,2515,1234,1281,4401,2137,2264,5029,2445,2584,4400,2145,2255,2513,1192,1321,629,313,316,
18870,2516,1234,1282,4401,2137,2264,5030,2446,2584,4401,2146,2255,2515,1194,1321,629,313,316,
18875,2516,1234,1282,4403,2138,2265,5031,2446,2585,4402,2147,2255,2516,1194,1322,629,313,316,
18880,2517,1234,1283,4405,2138,2267,5034,2446,2588,4404,2148,2256,2516,1194,1322,629,313,316,
18885,2518,1235,1283,4405,2138,2267,5034,2446,2588,4405,2149,2256,2516,1194,1322,629,313,316,
18890,2519,1235,1284,4407,2139,2268,5037,2448,2589,4406,2149,2257,2517,1194,1323,629,313,316,
18895,2519,1235,1284,4408,2140,2268,5037,2448,2589,4407,2150,2257,2517,1194,1323,630,313,317,
18900,2520,1235,1285,4408,2140,2268,5038,2449,2589,4408,2151,2257,2519,1196,1323,630,313,317,
18905,2520,1235,1285,4410,2140,2270,5039,2449,2590,4409,2152,2257,2520,1197,1323,630,313,317,
18910,2521,1236,1285,4412,2141,2271,5042,2450,2592,4411,2153,2258,2520,1197,1323,630,313,317,
18915,2522,1236,1286,4412,2141,2271,5042,2450,2592,4412,2153,2259,2520,1197,1323,630,313,317,
18920,2523,1237,1286,4414,2143,2271,5045,2452,2593,4413,2154,2259,2521,1197,1324,630,313,317,
18925,2523,1237,1286,4415,2144,2271,5045,2452,2593,4414,2155,2259,2521,1197,1324,631,314,317,
18930,2524,1237,1287,4415,2144,2271,5046,2453,2593,4415,2155,2260,2523,1197,1326,631,314,317,
18935,2524,1237,1287,4417,2145,2272,5047,2454,2593,4416,2155,2261,2524,1197,1327,631,314,317,
18940,2525,1237,1288,4419,2146,2273,5050,2455,2595,4418,2156,2262,2524,1197,1327,631,314,317,
18945,2526,1238,1288,4419,2146,2273,5050,2455,2595,4419,2156,2263,2524,1197,1327,631,314,317,
18950,2527,1239,1288,4421,2147,2274,5053,2456,2597,4420,2156,2264,2525,1198,1327,631,314,317,
18955,2527,1239,1288,4422,2148,2274,5053,2456,2597,4421,2156,2265,2525,1198,1327,632,315,317,
18960,2528,1239,1289,4422,2148,2274,5054,2456,2598,4422,2156,2266,2527,1200,1327,632,315,317,
18965,2528,1239,1289,4424,2149,2275,5055,2456,2599,4423,2157,2266,2528,1201,1327,632,315,317,
18970,2529,1239,1290,4426,2151,2275,5058,2458,2600,4425,2157,2268,2528,1201,1327,632,315,317,
18975,2530,1240,1290,4426,2151,2275,5058,2458,2600,4426,2158,2268,2528,1201,1327,632,315,317,
18980,2531,1240,1291,4428,2152,2276,5061,2458,2603,4427,2158,2269,2529,1202,1327,632,315,317,
18985,2531,1240,1291,4429,2152,2277,5061,2458,2603,4428,2158,2270,2529,1202,1327,633,316,317,
18990,2532,1240,1292,4429,2152,2277,5062,2459,2603,4429,2158,2271,2531,1203,1328,633,316,317,
18995,2532,1240,1292,4431,2152,2279,5063,2460,2603,4430,2158,2272,2532,1203,1329,633,316,317,
19000,2533,1240,1293,4433,2153,2280,5066,2461,2605,4432,2160,2272,2532,1203,1329,633,316,317,
19005,2534,1240,1294,4433,2153,2280,5066,2461,2605,4433,2161,2272,2532,1203,1329,633,316,317,
19010,2535,1241,1294,4435,2154,2281,5069,2464,2605,4434,2161,2273,2533,1204,1329,633,316,317,
19015,2535,1241,1294,4436,2155,2281,5069,2464,2605,4435,2161,2274,2533,1204,1329,634,316,318,
19020,2536,1242,1294,4436,2155,2281,5070,2464,2606,4436,2161,2275,2535,1204,1331,634,316,318,
19025,2536,1242,1294,4438,2156,2282,5071,2464,2607,4437,2161,2276,2536,1205,1331,634,316,318,
19030,2537,1242,1295,4440,2158,2282,5074,2467,2607,4439,2161,2278,2536,1205,1331,634,316,318,
19035,2538,1242,1296,4440,2158,2282,5074,2467,2607,4440,2161,2279,2536,1205,1331,634,316,318,
19040,2539,1243,1296,4442,2159,2283,5077,2469,2608,4441,2161,2280,2537,1206,1331,634,316,318,
19045,2539,1243,1296,4443,2160,2283,5077,2469,2608,4442,2161,2281,2537,1206,1331,635,316,319,
19050,2540,1243,1297,4443,2160,2283,5078,2469,2609,4443,2161,2282,2539,1208,1331,635,316,319,
19055,2540,1243,1297,4445,2161,2284,5079,2469,2610,4444,2162,2282,2540,1208,1332,635,316,319,
19060,2541,1243,1298,4447,2163,2284,5082,2471,2611,4446,2163,2283,2540,1208,1332,635,316,319,
19065,2542,1243,1299,4447,2163,2284,5082,2471,2611,4447,2164,2283,2540,1208,1332,635,316,319,
19070,2543,1244,1299,4449,2165,2284,5085,2471,2614,4448,2165,2283,2541,1209,1332,635,316,319,
19075,2543,1244,1299,4450,2165,2285,5085,2471,2614,4449,2165,2284,2541,1209,1332,636,317,319,
19080,2544,1244,1300,4450,2165,2285,5086,2472,2614,4450,2165,2285,2543,1210,1333,636,317,319,
19085,2544,1244,1300,4452,2167,2285,5087,2473,2614,4451,2165,2286,2544,1210,1334,636,317,319,
19090,2545,1245,1300,4454,2167,2287,5090,2474,2616,4453,2165,2288,2544,1210,1334,636,317,319,
19095,2546,1245,1301,4454,2167,2287,5090,2474,2616,4454,2166,2288,2544,1210,1334,636,317,319,
19100,2547,1245,1302,4456,2169,2287,5093,2476,2617,4455,2167,2288,2545,1211,1334,636,317,319,
19105,2547,1245,1302,4457,2170,2287,5093,2476,2617,4456,2167,2289,2545,1211,1334,637,318,319,
19110,2548,1246,1302,4457,2170,2287,5094,2477,2617,4457,2168,2289,2547,1211,1336,637,318,319,
19115,2548,1246,1302,4459,2172,2287,5095,2478,2617,4458,2169,2289,2548,1212,1336,637,318,319,
19120,2549,1246,1303,4461,2173,2288,5098,2479,2619,4460,2171,2289,2548,1212,1336,637,318,319,
19125,2550,1247,1303,4461,2173,2288,5098,2479,2619,4461,2171,2290,2548,1212,1336,637,318,319,
19130,2551,1247,1304,4463,2175,2288,5101,2481,2620,4462,2171,2291,2549,1212,1337,637,318,319,
19135,2551,1247,1304,4464,2175,2289,5101,2481,2620,4463,2171,2292,2549,1212,1337,638,318,320,
19140,2552,1247,1305,4464,2175,2289,5102,2482,2620,4464,2172,2292,2551,1213,1338,638,318,320,
19145,2552,1247,1305,4466,2176,2290,5103,2482,2621,4465,2173,2292,2552,1213,1339,638,318,320,
19150,2553,1248,1305,4468,2177,2291,5106,2483,2623,4467,2174,2293,2552,1213,1339,638,318,320,
19155,2554,1248,1306,4468,2177,2291,5106,2483,2623,4468,2175,2293,2552,1213,1339,638,318,320,
19160,2555,1248,1307,4470,2177,2293,5109,2485,2624,4469,2175,2294,2553,1214,1339,638,318,320,
19165,2555,1248,1307,4471,2177,2294,5109,2485,2624,4470,2176,2294,2553,1214,1339,639,319,320,
19170,2556,1249,1307,4471,2177,2294,5110,2485,2625,4471,2176,2295,2555,1215,1340,639,319,320,
19175,2556,1249,1307,4473,2179,2294,5111,2486,2625,4472,2177,2295,2556,1216,1340,639,319,320,
19180,2557,1250,1307,4475,2179,2296,5114,2488,2626,4474,2178,2296,2556,1216,1340,639,319,320,
19185,2558,1251,1307,4475,2179,2296,5114,2488,2626,4475,2178,2297,2556,1216,1340,639,319,320,
19190,2559,1251,1308,4477,2180,2297,5117,2490,2627,4476,2178,2298,2557,1216,1341,639,319,320,
19195,2559,1251,1308,4478,2180,2298,5117,2490,2627,4477,2179,2298,2557,1216,1341,640,320,320,
19200,2560,1251,1309,4478,2180,2298,5118,2491,2627,4478,2179,2299,2559,1216,1343,640,320,320,
19205,2560,1251,1309,4480,2182,2298,5119,2492,2627,4479,2179,2300,2560,1217,1343,640,320,320,
19210,2561,1251,1310,4482,2184,2298,5122,2494,2628,4481,2180,2301,2560,1217,1343,640,320,320,
19215,2562,1251,1311,4482,2184,2298,5122,2494,2628,4482,2180,2302,2560,1217,1343,640,320,320,
19220,2563,1251,1312,4484,2186,2298,5125,2495,2630,4483,2181,2302,2561,1218,1343,640,320,320,
19225,2563,1251,1312,4485,2186,2299,5125,2495,2630,4484,2182,2302,2561,1218,1343,641,320,321,
19230,2564,1252,1312,4485,2186,2299,5126,2496,2630,4485,2183,2302,2563,1220,1343,641,320,321,
19235,2564,1252,1312,4487,2187,2300,5127,2496,2631,4486,2183,2303,2564,1221,1343,641,320,321,
19240,2565,1252,1313,4489,2189,2300,5130,2497,2633,4488,2184,2304,2564,1221,1343,641,320,321,
19245,2566,1252,1314,4489,2189,2300,5130,2497,2633,4489,2184,2305,2564,1221,1343,641,320,321,
19250,2567,1252,1315,4491,2189,2302,5133,2499,2634,4490,2185,2305,2565,1221,1344,641,320,321,
19255,2567,1252,1315,4492,2190,2302,5133,2499,2634,4491,2186,2305,2565,1221,1344,642,320,322,
19260,2568,1252,1316,4492,2190,2302,5134,2499,2635,4492,2186,2306,2567,1223,1344,642,320,322,
19265,2568,1252,1316,4494,2192,2302,5135,2500,2635,4493,2186,2307,2568,1224,1344,642,320,322,
19270,2569,1252,1317,4496,2192,2304,5138,2501,2637,4495,2187,2308,2568,1224,1344,642,320,322,
19275,2570,1253,1317,4496,2192,2304,5138,2501,2637,4496,2187,2309,2568,1224,1344,642,320,322,
19280,2571,1253,1318,4498,2192,2306,5141,2502,2639,4497,2188,2309,2569,1225,1344,642,320,322,
19285,2571,1253,1318,4499,2193,2306,5141,2502,2639,4498,2189,2309,2569,1225,1344,643,320,323,
19290,2572,1253,1319,4499,2193,2306,5142,2502,2640,4499,2190,2309,2571,1226,1345,643,320,323,
19295,2572,1253,1319,4501,2194,2307,5143,2503,2640,4500,2190,2310,2572,1226,1346,643,320,323,
19300,2573,1253,1320,4503,2196,2307,5146,2504,2642,4502,2191,2311,2572,1226,1346,643,320,323,
19305,2574,1254,1320,4503,2196,2307,5146,2504,2642,4503,2191,2312,2572,1226,1346,643,320,323,
19310,2575,1255,1320,4505,2196,2309,5149,2505,2644,4504,2191,2313,2573,1226,1347,643,320,323,
19315,2575,1255,1320,4506,2197,2309,5149,2505,2644,4505,2191,2314,2573,1226,1347,644,321,323,
19320,2576,1255,1321,4506,2197,2309,5150,2506,2644,4506,2191,2315,2575,1227,1348,644,321,323,
19325,2576,1255,1321,4508,2197,2311,5151,2506,2645,4507,2191,2316,2576,1227,1349,644,321,323,
19330,2577,1256,1321,4510,2198,2312,5154,2507,2647,4509,2193,2316,2576,1227,1349,644,321,323,
19335,2578,1257,1321,4510,2198,2312,5154,2507,2647,4510,2193,2317,2576,1227,1349,644,321,323,
19340,2579,1257,1322,4512,2199,2313,5157,2508,2649,4511,2194,2317,2577,1228,1349,644,321,323,
19345,2579,1257,1322,4513,2199,2314,5157,2508,2649,4512,2194,2318,2577,1228,1349,645,322,323,
19350,2580,1257,1323,4513,2199,2314,5158,2508,2650,4513,2194,2319,2579,1229,1350,645,322,323,
19355,2580,1257,1323,4515,2200,2315,5159,2508,2651,4514,2194,2320,2580,1229,1351,645,322,323,
19360,2581,1258,1323,4517,2202,2315,5162,2508,2654,4516,2196,2320,2580,1229,1351,645,322,323,
19365,2582,1259,1323,4517,2202,2315,5162,2508,2654,4517,2196,2321,2580,1229,1351,645,322,323,
19370,2583,1259,1324,4519,2204,2315,5165,2509,2656,4518,2196,2322,2581,1230,1351,645,322,323,
19375,2583,1259,1324,4520,2205,2315,5165,2509,2656,4519,2196,2323,2581,1230,1351,646,322,324,
19380,2584,1260,1324,4520,2205,2315,5166,2510,2656,4520,2197,2323,2583,1231,1352,646,322,324,
19385,2584,1260,1324,4522,2206,2316,5167,2511,2656,4521,2198,2323,2584,1231,1353,646,322,324,
19390,2585,1260,1325,4524,2206,2318,5170,2512,2658,4523,2199,2324,2584,1231,1353,646,322,324,
19395,2586,1261,1325,4524,2206,2318,5170,2512,2658,4524,2199,2325,2584,1231,1353,646,322,324,
19400,2587,1262,1325,4526,2206,2320,5173,2515,2658,4525,2199,2326,2585,1231,1354,646,322,324,
19405,2587,1262,1325,4527,2206,2321,5173,2515,2658,4526,2199,2327,2585,1231,1354,647,323,324,
19410,2588,1262,1326,4527,2206,2321,5174,2515,2659,4527,2200,2327,2587,1232,1355,647,323,324,
19415,2588,1262,1326,4529,2208,2321,5175,2516,2659,4528,2200,2328,2588,1233,1355,647,323,324,
19420,2589,1263,1326,4531,2210,2321,5178,2519,2659,4530,2201,2329,2588,1233,1355,647,323,324,
19425,2590,1263,1327,4531,2210,2321,5178,2519,2659,4531,2201,2330,2588,1233,1355,647,323,324,
19430,2591,1264,1327,4533,2211,2322,5181,2520,2661,4532,2202,2330,2589,1234,1355,647,323,324,
19435,2591,1264,1327,4534,2212,2322,5181,2520,2661,4533,2202,2331,2589,1234,1355,648,324,324,
19440,2592,1265,1327,4534,2212,2322,5182,2521,2661,4534,2202,2332,2591,1234,1357,648,324,324,
19445,2592,1265,1327,4536,2214,2322,5183,2521,2662,4535,2203,2332,2592,1234,1358,648,324,324,
19450,2593,1266,1327,4538,2214,2324,5186,2523,2663,4537,2204,2333,2592,1234,1358,648,324,324,
19455,2594,1267,1327,4538,2214,2324,5186,2523,2663,4538,2205,2333,2592,1234,1358,648,324,324,
19460,2595,1268,1327,4540,2215,2325,5189,2525,2664,4539,2206,2333,2593,1234,1359,648,324,324,
19465,2595,1268,1327,4541,2216,2325,5189,2525,2664,4540,2206,2334,2593,1234,1359,649,324,325,
19470,2596,1268,1328,4541,2216,2325,5190,2526,2664,4541,2206,2335,2595,1234,1361,649,324,325,
19475,2596,1268,1328,4543,2216,2327,5191,2526,2665,4542,2206,2336,2596,1234,1362,649,324,325,
19480,2597,1268,1329,4545,2217,2328,5194,2527,2667,4544,2207,2337,2596,1234,1362,649,324,325,
19485,2598,1268,1330,4545,2217,2328,5194,2527,2667,4545,2207,2338,2596,1234,1362,649,324,325,
19490,2599,1268,1331,4547,2218,2329,5197,2529,2668,4546,2208,2338,2597,1234,1363,649,324,325,
19495,2599,1268,1331,4548,2219,2329,5197,2529,2668,4547,2209,2338,2597,1234,1363,650,324,326,
19500,2600,1269,1331,4548,2219,2329,5198,2529,2669,4548,2209,2339,2599,1236,1363,650,324,326,
19505,2600,1269,1331,4550,2219,2331,5199,2530,2669,4549,2209,2340,2600,1236,1364,650,324,326,
19510,2601,1269,1332,4552,2219,2333,5202,2532,2670,4551,2210,2341,2600,1236,1364,650,324,326,
19515,2602,1270,1332,4552,2219,2333,5202,2532,2670,4552,2210,2342,2600,1236,1364,650,324,326,
19520,2603,1271,1332,4554,2219,2335,5205,2533,2672,4553,2210,2343,2601,1237,1364,650,324,326,
19525,2603,1271,1332,4555,2219,2336,5205,2533,2672,4554,2210,2344,2601,1237,1364,651,324,327,
19530,2604,1271,1333,4555,2219,2336,5206,2533,2673,4555,2210,2345,2603,1238,1365,651,324,327,
19535,2604,1271,1333,4557,2221,2336,5207,2533,2674,4556,2211,2345,2604,1239,1365,651,324,327,
19540,2605,1271,1334,4559,2222,2337,5210,2534,2676,4558,2212,2346,2604,1239,1365,651,324,327,
19545,2606,1272,1334,4559,2222,2337,5210,2534,2676,4559,2212,2347,2604,1239,1365,651,324,327,
19550,2607,1272,1335,4561,2223,2338,5213,2537,2676,4560,2212,2348,2605,1240,1365,651,324,327,
19555,2607,1272,1335,4562,2224,2338,5213,2537,2676,4561,2212,2349,2605,1240,1365,652,325,327,
19560,2608,1272,1336,4562,2224,2338,5214,2538,2676,4562,2212,2350,2607,1240,1367,652,325,327,
19565,2608,1272,1336,4564,2225,2339,5215,2539,2676,4563,2212,2351,2608,1241,1367,652,325,327,
19570,2609,1272,1337,4566,2227,2339,5218,2540,2678,4565,2214,2351,2608,1241,1367,652,325,327,
19575,2610,1273,1337,4566,2227,2339,5218,2540,2678,4566,2214,2352,2608,1241,1367,652,325,327,
19580,2611,1274,1337,4568,2228,2340,5221,2540,2681,4567,2214,2353,2609,1241,1368,652,325,327,
19585,2611,1274,1337,4569,2228,2341,5221,2540,2681,4568,2215,2353,2609,1241,1368,653,325,328,
19590,2612,1275,1337,4569,2228,2341,5222,2541,2681,4569,2215,2354,2611,1243,1368,653,325,328,
19595,2612,1275,1337,4571,2228,2343,5223,2542,2681,4570,2216,2354,2612,1243,1369,653,325,328,
19600,2613,1275,1338,4573,2229,2344,5226,2543,2683,4572,2216,2356,2612,1243,1369,653,325,328,
19605,2614,1276,1338,4573,2229,2344,5226,2543,2683,4573,2217,2356,2612,1243,1369,653,325,328,
19610,2615,1276,1339,4575,2230,2345,5229,2545,2684,4574,2217,2357,2613,1243,1370,653,325,328,
19615,2615,1276,1339,4576,2230,2346,5229,2545,2684,4575,2217,2358,2613,1243,1370,654,325,329,
19620,2616,1277,1339,4576,2230,2346,5230,2545,2685,4576,2218,2358,2615,1244,1371,654,325,329,
19625,2616,1277,1339,4578,2230,2348,5231,2546,2685,4577,2218,2359,2616,1245,1371,654,325,329,
19630,2617,1277,1340,4580,2232,2348,5234,2547,2687,4579,2219,2360,2616,1245,1371,654,325,329,
19635,2618,1277,1341,4580,2232,2348,5234,2547,2687,4580,2219,2361,2616,1245,1371,654,325,329,
19640,2619,1277,1342,4582,2232,2350,5237,2548,2689,4581,2219,2362,2617,1245,1372,654,325,329,
19645,2619,1277,1342,4583,2232,2351,5237,2548,2689,4582,2219,2363,2617,1245,1372,655,325,330,
19650,2620,1277,1343,4583,2232,2351,5238,2548,2690,4583,2220,2363,2619,1246,1373,655,325,330,
19655,2620,1277,1343,4585,2232,2353,5239,2549,2690,4584,2220,2364,2620,1247,1373,655,325,330,
19660,2621,1278,1343,4587,2233,2354,5242,2551,2691,4586,2221,2365,2620,1247,1373,655,325,330,
19665,2622,1278,1344,4587,2233,2354,5242,2551,2691,4587,2222,2365,2620,1247,1373,655,325,330,
19670,2623,1278,1345,4589,2234,2355,5245,2552,2693,4588,2222,2366,2621,1247,1374,655,325,330,
19675,2623,1278,1345,4590,2235,2355,5245,2552,2693,4589,2222,2367,2621,1247,1374,656,326,330,
19680,2624,1278,1346,4590,2235,2355,5246,2553,2693,4590,2223,2367,2623,1248,1375,656,326,330,
19685,2624,1278,1346,4592,2236,2356,5247,2554,2693,4591,2224,2367,2624,1249,1375,656,326,330,
19690,2625,1278,1347,4594,2238,2356,5250,2555,2695,4593,2224,2369,2624,1249,1375,656,326,330,
19695,2626,1278,1348,4594,2238,2356,5250,2555,2695,4594,2224,2370,2624,1249,1375,656,326,330,
19700,2627,1278,1349,4596,2238,2358,5253,2558,2695,4595,2224,2371,2625,1249,1376,656,326,330,
19705,2627,1278,1349,4597,2238,2359,5253,2558,2695,4596,2225,2371,2625,1249,1376,657,326,331,
19710,2628,1278,1350,4597,2238,2359,5254,2558,2696,4597,2226,2371,2627,1249,1378,657,326,331,
19715,2628,1278,1350,4599,2238,2361,5255,2559,2696,4598,2227,2371,2628,1250,1378,657,326,331,
19720,2629,1279,1350,4601,2239,2362,5258,2561,2697,4600,2228,2372,2628,1250,1378,657,326,331,
19725,2630,1280,1350,4601,2239,2362,5258,2561,2697,4601,2228,2373,2628,1250,1378,657,326,331,
19730,2631,1281,1350,4603,2241,2362,5261,2564,2697,4602,2228,2374,2629,1250,1379,657,326,331,
19735,2631,1281,1350,4604,2242,2362,5261,2564,2697,4603,2229,2374,2629,1250,1379,658,326,332,
19740,2632,1282,1350,4604,2242,2362,5262,2564,2698,4604,2229,2375,2631,1251,1380,658,326,332,
19745,2632,1282,1350,4606,2243,2363,5263,2565,2698,4605,2230,2375,2632,1252,1380,658,326,332,
19750,2633,1283,1350,4608,2243,2365,5266,2566,2700,4607,2230,2377,2632,1252,1380,658,326,332,
19755,2634,1283,1351,4608,2243,2365,5266,2566,2700,4608,2230,2378,2632,1252,1380,658,326,332,
19760,2635,1284,1351,4610,2245,2365,5269,2569,2700,4609,2230,2379,2633,1252,1381,658,326,332,
19765,2635,1284,1351,4611,2246,2365,5269,2569,2700,4610,2230,2380,2633,1252,1381,659,326,333,
19770,2636,1284,1352,4611,2246,2365,5270,2570,2700,4611,2230,2381,2635,1253,1382,659,326,333,
19775,2636,1284,1352,4613,2248,2365,5271,2570,2701,4612,2230,2382,2636,1254,1382,659,326,333,
19780,2637,1284,1353,4615,2248,2367,5274,2573,2701,4614,2230,2384,2636,1254,1382,659,326,333,
19785,2638,1284,1354,4615,2248,2367,5274,2573,2701,4615,2230,2385,2636,1254,1382,659,326,333,
19790,2639,1285,1354,4617,2249,2368,5277,2575,2702,4616,2231,2385,2637,1254,1383,659,326,333,
19795,2639,1285,1354,4618,2249,2369,5277,2575,2702,4617,2232,2385,2637,1254,1383,660,327,333,
19800,2640,1286,1354,4618,2249,2369,5278,2575,2703,4618,2232,2386,2639,1255,1384,660,327,333,
19805,2640,1286,1354,4620,2249,2371,5279,2575,2704,4619,2232,2387,2640,1255,1385,660,327,333,
19810,2641,1286,1355,4622,2251,2371,5282,2578,2704,4621,2233,2388,2640,1255,1385,660,327,333,
19815,2642,1287,1355,4622,2251,2371,5282,2578,2704,4622,2234,2388,2640,1255,1385,660,327,333,
19820,2643,1287,1356,4624,2252,2372,5285,2578,2707,4623,2235,2388,2641,1255,1386,660,327,333,
19825,2643,1287,1356,4625,2252,2373,5285,2578,2707,4624,2236,2388,2641,1255,1386,661,328,333,
19830,2644,1288,1356,4625,2252,2373,5286,2579,2707,4625,2237,2388,2643,1255,1388,661,328,333,
19835,2644,1288,1356,4627,2254,2373,5287,2579,2708,4626,2237,2389,2644,1255,1389,661,328,333,
19840,2645,1288,1357,4629,2255,2374,5290,2582,2708,4628,2238,2390,2644,1255,1389,661,328,333,
19845,2646,1289,1357,4629,2255,2374,5290,2582,2708,4629,2238,2391,2644,1255,1389,661,328,333,
19850,2647,1289,1358,4631,2256,2375,5293,2584,2709,4630,2238,2392,2645,1256,1389,661,328,333,
19855,2647,1289,1358,4632,2256,2376,5293,2584,2709,4631,2239,2392,2645,1256,1389,662,328,334,
19860,2648,1290,1358,4632,2256,2376,5294,2585,2709,4632,2240,2392,2647,1257,1390,662,328,334,
19865,2648,1290,1358,4634,2257,2377,5295,2585,2710,4633,2240,2393,2648,1258,1390,662,328,334,
19870,2649,1290,1359,4636,2258,2378,5298,2586,2712,4635,2242,2393,2648,1258,1390,662,328,334,
19875,2650,1290,1360,4636,2258,2378,5298,2586,2712,4636,2243,2393,2648,1258,1390,662,328,334,
19880,2651,1290,1361,4638,2258,2380,5301,2586,2715,4637,2244,2393,2649,1258,1391,662,328,334,
19885,2651,1290,1361,4639,2259,2380,5301,2586,2715,4638,2244,2394,2649,1258,1391,663,329,334,
19890,2652,1290,1362,4639,2259,2380,5302,2587,2715,4639,2244,2395,2651,1259,1392,663,329,334,
19895,2652,1290,1362,4641,2261,2380,5303,2587,2716,4640,2244,2396,2652,1260,1392,663,329,334,
19900,2653,1291,1362,4643,2262,2381,5306,2588,2718,4642,2244,2398,2652,1260,1392,663,329,334,
19905,2654,1291,1363,4643,2262,2381,5306,2588,2718,4643,2244,2399,2652,1260,1392,663,329,334,
19910,2655,1292,1363,4645,2264,2381,5309,2589,2720,4644,2244,2400,2653,1260,1393,663,329,334,
19915,2655,1292,1363,4646,2265,2381,5309,2589,2720,4645,2244,2401,2653,1260,1393,664,329,335,
19920,2656,1292,1364,4646,2265,2381,5310,2590,2720,4646,2244,2402,2655,1262,1393,664,329,335,
19925,2656,1292,1364,4648,2265,2383,5311,2591,2720,4647,2244,2403,2656,1263,1393,664,329,335,
19930,2657,1292,1365,4650,2267,2383,5314,2591,2723,4649,2244,2405,2656,1263,1393,664,329,335,
19935,2658,1293,1365,4650,2267,2383,5314,2591,2723,4650,2245,2405,2656,1263,1393,664,329,335,
19940,2659,1293,1366,4652,2268,2384,5317,2593,2724,4651,2245,2406,2657,1264,1393,664,329,335,
19945,2659,1293,1366,4653,2269,2384,5317,2593,2724,4652,2246,2406,2657,1264,1393,665,329,336,
19950,2660,1294,1366,4653,2269,2384,5318,2594,2724,4653,2247,2406,2659,1266,1393,665,329,336,
19955,2660,1294,1366,4655,2271,2384,5319,2595,2724,4654,2248,2406,2660,1267,1393,665,329,336,
19960,2661,1295,1366,4657,2272,2385,5322,2598,2724,4656,2249,2407,2660,1267,1393,665,329,336,
19965,2662,1296,1366,4657,2272,2385,5322,2598,2724,4657,2249,2408,2660,1267,1393,665,329,336,
19970,2663,1297,1366,4659,2273,2386,5325,2600,2725,4658,2250,2408,2661,1267,1394,665,329,336,
19975,2663,1297,1366,4660,2273,2387,5325,2600,2725,4659,2251,2408,2661,1267,1394,666,329,337,
19980,2664,1297,1367,4660,2273,2387,5326,2600,2726,4660,2252,2408,2663,1268,1395,666,329,337,
19985,2664,1297,1367,4662,2274,2388,5327,2601,2726,4661,2252,2409,2664,1268,1396,666,329,337,
19990,2665,1297,1368,4664,2275,2389,5330,2602,2728,4663,2253,2410,2664,1268,1396,666,329,337,
19995,2666,1297,1369,4664,2275,2389,5330,2602,2728,4664,2254,2410,2664,1268,1396,666,329,337,
20000,2667,1298,1369,4666,2275,2391,5333,2604,2729,4665,2254,2411,2665,1269,1396,666,329,337,
20005,2667,1298,1369,4667,2275,2392,5333,2604,2729,4666,2254,2412,2665,1269,1396,667,330,337,
20010,2668,1299,1369,4667,2275,2392,5334,2604,2730,4667,2254,2413,2667,1271,1396,667,330,337,
20015,2668,1299,1369,4669,2276,2393,5335,2604,2731,4668,2255,2413,2668,1272,1396,667,330,337,
20020,2669,1299,1370,4671,2277,2394,5338,2606,2732,4670,2255,2415,2668,1272,1396,667,330,337,
20025,2670,1300,1370,4671,2277,2394,5338,2606,2732,4671,2255,2416,2668,1272,1396,667,330,337,
20030,2671,1301,1370,4673,2277,2396,5341,2608,2733,4672,2255,2417,2669,1272,1397,667,330,337,
20035,2671,1301,1370,4674,2277,2397,5341,2608,2733,4673,2256,2417,2669,1272,1397,668,330,338,
20040,2672,1302,1370,4674,2277,2397,5342,2608,2734,4674,2257,2417,2671,1273,1398,668,330,338,
20045,2672,1302,1370,4676,2278,2398,5343,2609,2734,4675,2257,2418,2672,1273,1399,668,330,338,
20050,2673,1302,1371,4678,2279,2399,5346,2609,2737,4677,2258,2419,2672,1273,1399,668,330,338,
20055,2674,1302,1372,4678,2279,2399,5346,2609,2737,4678,2258,2420,2672,1273,1399,668,330,338,
20060,2675,1303,1372,4680,2279,2401,5349,2610,2739,4679,2258,2421,2673,1274,1399,668,330,338,
20065,2675,1303,1372,4681,2279,2402,5349,2610,2739,4680,2258,2422,2673,1274,1399,669,331,338,
20070,2676,1304,1372,4681,2279,2402,5350,2610,2740,4681,2259,2422,2675,1275,1400,669,331,338,
20075,2676,1304,1372,4683,2281,2402,5351,2610,2741,4682,2260,2422,2676,1276,1400,669,331,338,
20080,2677,1304,1373,4685,2283,2402,5354,2612,2742,4684,2262,2422,2676,1276,1400,669,331,338,
20085,2678,1304,1374,4685,2283,2402,5354,2612,2742,4685,2262,2423,2676,1276,1400,669,331,338,
20090,2679,1304,1375,4687,2284,2403,5357,2613,2744,4686,2262,2424,2677,1276,1401,669,331,338,
20095,2679,1304,1375,4688,2285,2403,5357,2613,2744,4687,2262,2425,2677,1276,1401,670,332,338,
20100,2680,1305,1375,4688,2285,2403,5358,2614,2744,4688,2263,2425,2679,1277,1402,670,332,338,
20105,2680,1305,1375,4690,2286,2404,5359,2614,2745,4689,2263,2426,2680,1277,1403,670,332,338,
20110,2681,1306,1375,4692,2286,2406,5362,2615,2747,4691,2263,2428,2680,1277,1403,670,332,338,
20115,2682,1306,1376,4692,2286,2406,5362,2615,2747,4692,2264,2428,2680,1277,1403,670,332,338,
20120,2683,1306,1377,4694,2287,2407,5365,2616,2749,4693,2264,2429,2681,1278,1403,670,332,338,
20125,2683,1306,1377,4695,2288,2407,5365,2616,2749,4694,2264,2430,2681,1278,1403,671,332,339,
20130,2684,1307,1377,4695,2288,2407,5366,2617,2749,4695,2264,2431,2683,1279,1404,671,332,339,
20135,2684,1307,1377,4697,2289,2408,5367,2617,2750,4696,2265,2431,2684,1280,1404,671,332,339,
20140,2685,1308,1377,4699,2290,2409,5370,2618,2752,4698,2267,2431,2684,1280,1404,671,332,339,
20145,2686,1308,1378,4699,2290,2409,5370,2618,2752,4699,2268,2431,2684,1280,1404,671,332,339,
20150,2687,1308,1379,4701,2292,2409,5373,2619,2754,4700,2269,2431,2685,1281,1404,671,332,339,
20155,2687,1308,1379,4702,2292,2410,5373,2619,2754,4701,2269,2432,2685,1281,1404,672,333,339,
20160,2688,1309,1379,4702,2292,2410,5374,2619,2755,4702,2269,2433,2687,1283,1404,672,333,339,
20165,2688,1309,1379,4704,2293,2411,5375,2620,2755,4703,2269,2434,2688,1283,1405,672,333,339,
20170,2689,1310,1379,4706,2294,2412,5378,2623,2755,4705,2270,2435,2688,1283,1405,672,333,339,
20175,2690,1310,1380,4706,2294,2412,5378,2623,2755,4706,2270,2436,2688,1283,1405,672,333,339,
20180,2691,1310,1381,4708,2296,2412,5381,2625,2756,4707,2271,2436,2689,1284,1405,672,333,339,
20185,2691,1310,1381,4709,2297,2412,5381,2625,2756,4708,2271,2437,2689,1284,1405,673,333,340,
20190,2692,1311,1381,4709,2297,2412,5382,2626,2756,4709,2271,2438,2691,1286,1405,673,333,340,
20195,2692,1311,1381,4711,2298,2413,5383,2626,2757,4710,2271,2439,2692,1286,1406,673,333,340,
20200,2693,1312,1381,4713,2300,2413,5386,2626,2760,4712,2273,2439,2692,1286,1406,673,333,340,
20205,2694,1312,1382,4713,2300,2413,5386,2626,2760,4713,2273,2440,2692,1286,1406,673,333,340,
20210,2695,1312,1383,4715,2300,2415,5389,2628,2761,4714,2274,2440,2693,1286,1407,673,333,340,
20215,2695,1312,1383,4716,2301,2415,5389,2628,2761,4715,2274,2441,2693,1286,1407,674,333,341,
20220,2696,1312,1384,4716,2301,2415,5390,2629,2761,4716,2275,2441,2695,1286,1409,674,333,341,
20225,2696,1312,1384,4718,2301,2417,5391,2630,2761,4717,2275,2442,2696,1287,1409,674,333,341,
20230,2697,1312,1385,4720,2303,2417,5394,2631,2763,4719,2276,2443,2696,1287,1409,674,333,341,
20235,2698,1313,1385,4720,2303,2417,5394,2631,2763,4720,2277,2443,2696,1287,1409,674,333,341,
20240,2699,1314,1385,4722,2304,2418,5397,2633,2764,4721,2278,2443,2697,1287,1410,674,333,341,
20245,2699,1314,1385,4723,2305,2418,5397,2633,2764,4722,2278,2444,2697,1287,1410,675,334,341,
20250,2700,1314,1386,4723,2305,2418,5398,2633,2765,4723,2278,2445,2699,1288,1411,675,334,341,
20255,2700,1314,1386,4725,2306,2419,5399,2634,2765,4724,2278,2446,2700,1289,1411,675,334,341,
20260,2701,1314,1387,4727,2308,2419,5402,2634,2768,4726,2279,2447,2700,1289,1411,675,334,341,
20265,2702,1315,1387,4727,2308,2419,5402,2634,2768,4727,2280,2447,2700,1289,1411,675,334,341,
20270,2703,1316,1387,4729,2308,2421,5405,2635,2770,4728,2280,2448,2701,1290,1411,675,334,341,
20275,2703,1316,1387,4730,2308,2422,5405,2635,2770,4729,2280,2449,2701,1290,1411,676,334,342,
20280,2704,1316,1388,4730,2308,2422,5406,2636,2770,4730,2280,2450,2703,1290,1413,676,334,342,
20285,2704,1316,1388,4732,2309,2423,5407,2636,2771,4731,2281,2450,2704,1291,1413,676,334,342,
20290,2705,1317,1388,4734,2309,2425,5410,2637,2773,4733,2281,2452,2704,1291,1413,676,334,342,
20295,2706,1317,1389,4734,2309,2425,5410,2637,2773,4734,2281,2453,2704,1291,1413,676,334,342,
20300,2707,1318,1389,4736,2311,2425,5413,2638,2775,4735,2282,2453,2705,1292,1413,676,334,342,
20305,2707,1318,1389,4737,2311,2426,5413,2638,2775,4736,2283,2453,2705,1292,1413,677,334,343,
20310,2708,1318,1390,4737,2311,2426,5414,2638,2776,4737,2283,2454,2707,1294,1413,677,334,343,
20315,2708,1318,1390,4739,2312,2427,5415,2638,2777,4738,2284,2454,2708,1295,1413,677,334,343,
20320,2709,1318,1391,4741,2314,2427,5418,2640,2778,4740,2284,2456,2708,1295,1413,677,334,343,
20325,2710,1318,1392,4741,2314,2427,5418,2640,2778,4741,2285,2456,2708,1295,1413,677,334,343,
20330,2711,1319,1392,4743,2315,2428,5421,2641,2780,4742,2285,2457,2709,1295,1414,677,334,343,
20335,2711,1319,1392,4744,2316,2428,5421,2641,2780,4743,2286,2457,2709,1295,1414,678,335,343,
20340,2712,1319,1393,4744,2316,2428,5422,2642,2780,4744,2286,2458,2711,1295,1416,678,335,343,
20345,2712,1319,1393,4746,2316,2430,5423,2642,2781,4745,2286,2459,2712,1295,1417,678,335,343,
20350,2713,1319,1394,4748,2316,2432,5426,2644,2782,4747,2287,2460,2712,1295,1417,678,335,343,
20355,2714,1319,1395,4748,2316,2432,5426,2644,2782,4748,2288,2460,2712,1295,1417,678,335,343,
20360,2715,1319,1396,4750,2317,2433,5429,2645,2784,4749,2289,2460,2713,1295,1418,678,335,343,
20365,2715,1319,1396,4751,2318,2433,5429,2645,2784,4750,2289,2461,2713,1295,1418,679,335,344,
20370,2716,1319,1397,4751,2318,2433,5430,2646,2784,4751,2290,2461,2715,1295,1420,679,335,344,
20375,2716,1319,1397,4753,2319,2434,5431,2647,2784,4752,2291,2461,2716,1295,1421,679,335,344,
20380,2717,1320,1397,4755,2320,2435,5434,2649,2785,4754,2293,2461,2716,1295,1421,679,335,344,
20385,2718,1320,1398,4755,2320,2435,5434,2649,2785,4755,2293,2462,2716,1295,1421,679,335,344,
20390,2719,1320,1399,4757,2321,2436,5437,2650,2787,4756,2294,2462,2717,1296,1421,679,335,344,
20395,2719,1320,1399,4758,2321,2437,5437,2650,2787,4757,2294,2463,2717,1296,1421,680,335,345,
20400,2720,1321,1399,4758,2321,2437,5438,2650,2788,4758,2295,2463,2719,1296,1423,680,335,345,
20405,2720,1321,1399,4760,2322,2438,5439,2651,2788,4759,2295,2464,2720,1296,1424,680,335,345,
20410,2721,1322,1399,4762,2323,2439,5442,2654,2788,4761,2296,2465,2720,1296,1424,680,335,345,
20415,2722,1323,1399,4762,2323,2439,5442,2654,2788,4762,2296,2466,2720,1296,1424,680,335,345,
20420,2723,1324,1399,4764,2324,2440,5445,2655,2790,4763,2296,2467,2721,1296,1425,680,335,345,
20425,2723,1324,1399,4765,2324,2441,5445,2655,2790,4764,2296,2468,2721,1296,1425,681,335,346,
20430,2724,1325,1399,4765,2324,2441,5446,2656,2790,4765,2296,2469,2723,1298,1425,681,335,346,
20435,2724,1325,1399,4767,2324,2443,5447,2656,2791,4766,2296,2470,2724,1298,1426,681,335,346,
20440,2725,1326,1399,4769,2325,2444,5450,2658,2792,4768,2297,2471,2724,1298,1426,681,335,346,
20445,2726,1326,1400,4769,2325,2444,5450,2658,2792,4769,2297,2472,2724,1298,1426,681,335,346,
20450,2727,1327,1400,4771,2327,2444,5453,2660,2793,4770,2297,2473,2725,1298,1427,681,335,346,
20455,2727,1327,1400,4772,2328,2444,5453,2660,2793,4771,2298,2473,2725,1298,1427,682,336,346,
20460,2728,1327,1401,4772,2328,2444,5454,2661,2793,4772,2299,2473,2727,1299,1428,682,336,346,
20465,2728,1327,1401,4774,2329,2445,5455,2661,2794,4773,2299,2474,2728,1300,1428,682,336,346,
20470,2729,1327,1402,4776,2330,2446,5458,2662,2796,4775,2299,2476,2728,1300,1428,682,336,346,
20475,2730,1327,1403,4776,2330,2446,5458,2662,2796,4776,2300,2476,2728,1300,1428,682,336,346,
20480,2731,1328,1403,4778,2330,2448,5461,2664,2797,4777,2301,2476,2729,1300,1429,682,336,346,
20485,2731,1328,1403,4779,2331,2448,5461,2664,2797,4778,2301,2477,2729,1300,1429,683,336,347,
20490,2732,1328,1404,4779,2331,2448,5462,2665,2797,4779,2301,2478,2731,1301,1430,683,336,347,
20495,2732,1328,1404,4781,2331,2450,5463,2666,2797,4780,2301,2479,2732,1301,1431,683,336,347,
20500,2733,1328,1405,4783,2332,2451,5466,2668,2798,4782,2302,2480,2732,1301,1431,683,336,347,
20505,2734,1329,1405,4783,2332,2451,5466,2668,2798,4783,2302,2481,2732,1301,1431,683,336,347,
20510,2735,1329,1406,4785,2332,2453,5469,2670,2799,4784,2303,2481,2733,1302,1431,683,336,347,
20515,2735,1329,1406,4786,2332,2454,5469,2670,2799,4785,2303,2482,2733,1302,1431,684,336,348,
20520,2736,1329,1407,4786,2332,2454,5470,2671,2799,4786,2303,2483,2735,1302,1433,684,336,348,
20525,2736,1329,1407,4788,2333,2455,5471,2672,2799,4787,2303,2484,2736,1303,1433,684,336,348,
20530,2737,1329,1408,4790,2333,2457,5474,2673,2801,4789,2305,2484,2736,1303,1433,684,336,348,
20535,2738,1330,1408,4790,2333,2457,5474,2673,2801,4790,2306,2484,2736,1303,1433,684,336,348,
20540,2739,1331,1408,4792,2333,2459,5477,2676,2801,4791,2307,2484,2737,1303,1434,684,336,348,
20545,2739,1331,1408,4793,2334,2459,5477,2676,2801,4792,2307,2485,2737,1303,1434,685,337,348,
20550,2740,1332,1408,4793,2334,2459,5478,2677,2801,4793,2308,2485,2739,1304,1435,685,337,348,
20555,2740,1332,1408,4795,2336,2459,5479,2677,2802,4794,2309,2485,2740,1304,1436,685,337,348,
20560,2741,1333,1408,4797,2338,2459,5482,2678,2804,4796,2310,2486,2740,1304,1436,685,337,348,
20565,2742,1334,1408,4797,2338,2459,5482,2678,2804,4797,2310,2487,2740,1304,1436,685,337,348,
20570,2743,1334,1409,4799,2340,2459,5485,2680,2805,4798,2311,2487,2741,1304,1437,685,337,348,
20575,2743,1334,1409,4800,2341,2459,5485,2680,2805,4799,2311,2488,2741,1304,1437,686,338,348,
20580,2744,1335,1409,4800,2341,2459,5486,2681,2805,4800,2312,2488,2743,1305,1438,686,338,348,
20585,2744,1335,1409,4802,2342,2460,5487,2681,2806,4801,2312,2489,2744,1305,1439,686,338,348,
20590,2745,1336,1409,4804,2342,2462,5490,2683,2807,4803,2312,2491,2744,1305,1439,686,338,348,
20595,2746,1336,1410,4804,2342,2462,5490,2683,2807,4804,2312,2492,2744,1305,1439,686,338,348,
20600,2747,1336,1411,4806,2342,2464,5493,2684,2809,4805,2312,2493,2745,1305,1440,686,338,348,
20605,2747,1336,1411,4807,2342,2465,5493,2684,2809,4806,2313,2493,2745,1305,1440,687,339,348,
20610,2748,1337,1411,4807,2342,2465,5494,2685,2809,4807,2313,2494,2747,1307,1440,687,339,348,
20615,2748,1337,1411,4809,2344,2465,5495,2685,2810,4808,2314,2494,2748,1307,1441,687,339,348,
20620,2749,1338,1411,4811,2345,2466,5498,2685,2813,4810,2314,2496,2748,1307,1441,687,339,348,
20625,2750,1339,1411,4811,2345,2466,5498,2685,2813,4811,2314,2497,2748,1307,1441,687,339,348,
20630,2751,1340,1411,4813,2346,2467,5501,2687,2814,4812,2314,2498,2749,1307,1442,687,339,348,
20635,2751,1340,1411,4814,2346,2468,5501,2687,2814,4813,2314,2499,2749,1307,1442,688,339,349,
20640,2752,1340,1412,4814,2346,2468,5502,2687,2815,4814,2314,2500,2751,1307,1444,688,339,349,
20645,2752,1340,1412,4816,2347,2469,5503,2687,2816,4815,2315,2500,2752,1307,1445,688,339,349,
20650,2753,1340,1413,4818,2347,2471,5506,2689,2817,4817,2317,2500,2752,1307,1445,688,339,349,
20655,2754,1341,1413,4818,2347,2471,5506,2689,2817,4818,2318,2500,2752,1307,1445,688,339,349,
20660,2755,1342,1413,4820,2349,2471,5509,2690,2819,4819,2318,2501,2753,1308,1445,688,339,349,
20665,2755,1342,1413,4821,2349,2472,5509,2690,2819,4820,2319,2501,2753,1308,1445,689,340,349,
20670,2756,1343,1413,4821,2349,2472,5510,2690,2820,4821,2320,2501,2755,1308,1447,689,340,349,
20675,2756,1343,1413,4823,2350,2473,5511,2690,2821,4822,2320,2502,2756,1308,1448,689,340,349,
20680,2757,1343,1414,4825,2351,2474,5514,2692,2822,4824,2321,2503,2756,1308,1448,689,340,349,
20685,2758,1344,1414,4825,2351,2474,5514,2692,2822,4825,2321,2504,2756,1308,1448,689,340,349,
20690,2759,1344,1415,4827,2353,2474,5517,2693,2824,4826,2321,2505,2757,1309,1448,689,340,349,
20695,2759,1344,1415,4828,2353,2475,5517,2693,2824,4827,2322,2505,2757,1309,1448,690,340,350,
20700,2760,1345,1415,4828,2353,2475,5518,2693,2825,4828,2323,2505,2759,1311,1448,690,340,350,
20705,2760,1345,1415,4830,2353,2477,5519,2694,2825,4829,2323,2506,2760,1312,1448,690,340,350,
20710,2761,1345,1416,4832,2354,2478,5522,2696,2826,4831,2324,2507,2760,1312,1448,690,340,350,
20715,2762,1346,1416,4832,2354,2478,5522,2696,2826,4832,2325,2507,2760,1312,1448,690,340,350,
20720,2763,1347,1416,4834,2354,2480,5525,2698,2827,4833,2326,2507,2761,1312,1449,690,340,350,
20725,2763,1347,1416,4835,2354,2481,5525,2698,2827,4834,2326,2508,2761,1312,1449,691,340,351,
20730,2764,1347,1417,4835,2354,2481,5526,2699,2827,4835,2327,2508,2763,1313,1450,691,340,351,
20735,2764,1347,1417,4837,2354,2483,5527,2699,2828,4836,2328,2508,2764,1313,1451,691,340,351,
20740,2765,1348,1417,4839,2354,2485,5530,2700,2830,4838,2328,2510,2764,1313,1451,691,340,351,
20745,2766,1349,1417,4839,2354,2485,5530,2700,2830,4839,2329,2510,2764,1313,1451,691,340,351,
20750,2767,1350,1417,4841,2355,2486,5533,2702,2831,4840,2330,2510,2765,1314,1451,691,340,351,
20755,2767,1350,1417,4842,2355,2487,5533,2702,2831,4841,2330,2511,2765,1314,1451,692,340,352,
20760,2768,1350,1418,4842,2355,2487,5534,2703,2831,4842,2331,2511,2767,1314,1453,692,340,352,
20765,2768,1350,1418,4844,2357,2487,5535,2703,2832,4843,2332,2511,2768,1315,1453,692,340,352,
20770,2769,1351,1418,4846,2358,2488,5538,2704,2834,4845,2333,2512,2768,1315,1453,692,340,352,
20775,2770,1352,1418,4846,2358,2488,5538,2704,2834,4846,2334,2512,2768,1315,1453,692,340,352,
20780,2771,1353,1418,4848,2360,2488,5541,2706,2835,4847,2334,2513,2769,1316,1453,692,340,352,
20785,2771,1353,1418,4849,2360,2489,5541,2706,2835,4848,2335,2513,2769,1316,1453,693,341,352,
20790,2772,1354,1418,4849,2360,2489,5542,2707,2835,4849,2336,2513,2771,1318,1453,693,341,352,
20795,2772,1354,1418,4851,2361,2490,5543,2707,2836,4850,2337,2513,2772,1319,1453,693,341,352,
20800,2773,1354,1419,4853,2362,2491,5546,2707,2839,4852,2338,2514,2772,1319,1453,693,341,352,
20805,2774,1355,1419,4853,2362,2491,5546,2707,2839,4853,2338,2515,2772,1319,1453,693,341,352,
20810,2775,1356,1419,4855,2362,2493,5549,2708,2841,4854,2338,2516,2773,1319,1454,693,341,352,
20815,2775,1356,1419,4856,2362,2494,5549,2708,2841,4855,2339,2516,2773,1319,1454,694,342,352,
20820,2776,1356,1420,4856,2362,2494,5550,2708,2842,4856,2339,2517,2775,1320,1455,694,342,352,
20825,2776,1356,1420,4858,2362,2496,5551,2709,2842,4857,2339,2518,2776,1321,1455,694,342,352,
20830,2777,1356,1421,4860,2363,2497,5554,2711,2843,4859,2339,2520,2776,1321,1455,694,342,352,
20835,2778,1356,1422,4860,2363,2497,5554,2711,2843,4860,2340,2520,2776,1321,1455,694,342,352,
20840,2779,1356,1423,4862,2365,2497,5557,2713,2844,4861,2340,2521,2777,1322,1455,694,342,352,
20845,2779,1356,1423,4863,2365,2498,5557,2713,2844,4862,2341,2521,2777,1322,1455,695,342,353,
20850,2780,1356,1424,4863,2365,2498,5558,2713,2845,4863,2341,2522,2779,1323,1456,695,342,353,
20855,2780,1356,1424,4865,2366,2499,5559,2714,2845,4864,2341,2523,2780,1324,1456,695,342,353,
20860,2781,1356,1425,4867,2366,2501,5562,2716,2846,4866,2343,2523,2780,1324,1456,695,342,353,
20865,2782,1357,1425,4867,2366,2501,5562,2716,2846,4867,2344,2523,2780,1324,1456,695,342,353,
20870,2783,1357,1426,4869,2367,2502,5565,2718,2847,4868,2344,2524,2781,1324,1457,695,342,353,
20875,2783,1357,1426,4870,2367,2503,5565,2718,2847,4869,2344,2525,2781,1324,1457,696,343,353,
20880,2784,1358,1426,4870,2367,2503,5566,2719,2847,4870,2345,2525,2783,1326,1457,696,343,353,
20885,2784,1358,1426,4872,2368,2504,5567,2720,2847,4871,2346,2525,2784,1327,1457,696,343,353,
20890,2785,1358,1427,4874,2369,2505,5570,2722,2848,4873,2347,2526,2784,1327,1457,696,343,353,
20895,2786,1359,1427,4874,2369,2505,5570,2722,2848,4874,2348,2526,2784,1327,1457,696,343,353,
20900,2787,1360,1427,4876,2370,2506,5573,2722,2851,4875,2349,2526,2785,1328,1457,696,343,353,
20905,2787,1360,1427,4877,2370,2507,5573,2722,2851,4876,2349,2527,2785,1328,1457,697,343,354,
20910,2788,1361,1427,4877,2370,2507,5574,2722,2852,4877,2349,2528,2787,1330,1457,697,343,354,
20915,2788,1361,1427,4879,2372,2507,5575,2723,2852,4878,2349,2529,2788,1330,1458,697,343,354,
20920,2789,1362,1427,4881,2374,2507,5578,2725,2853,4880,2351,2529,2788,1330,1458,697,343,354,
20925,2790,1363,1427,4881,2374,2507,5578,2725,2853,4881,2352,2529,2788,1330,1458,697,343,354,
20930,2791,1364,1427,4883,2375,2508,5581,2725,2856,4882,2353,2529,2789,1330,1459,697,343,354,
20935,2791,1364,1427,4884,2375,2509,5581,2725,2856,4883,2353,2530,2789,1330,1459,698,343,355,
20940,2792,1364,1428,4884,2375,2509,5582,2726,2856,4884,2354,2530,2791,1332,1459,698,343,355,
20945,2792,1364,1428,4886,2375,2511,5583,2726,2857,4885,2354,2531,2792,1332,1460,698,343,355,
20950,2793,1364,1429,4888,2377,2511,5586,2728,2858,4887,2356,2531,2792,1332,1460,698,343,355,
20955,2794,1365,1429,4888,2377,2511,5586,2728,2858,4888,2356,2532,2792,1332,1460,698,343,355,
20960,2795,1366,1429,4890,2377,2513,5589,2731,2858,4889,2356,2533,2793,1333,1460,698,343,355,
20965,2795,1366,1429,4891,2378,2513,5589,2731,2858,4890,2356,2534,2793,1333,1460,699,343,356,
20970,2796,1367,1429,4891,2378,2513,5590,2732,2858,4891,2357,2534,2795,1334,1461,699,343,356,
20975,2796,1367,1429,4893,2379,2514,5591,2733,2858,4892,2357,2535,2796,1335,1461,699,343,356,
20980,2797,1367,1430,4895,2380,2515,5594,2733,2861,4894,2358,2536,2796,1335,1461,699,343,356,
20985,2798,1367,1431,4895,2380,2515,5594,2733,2861,4895,2359,2536,2796,1335,1461,699,343,356,
20990,2799,1367,1432,4897,2380,2517,5597,2735,2862,4896,2360,2536,2797,1336,1461,699,343,356,
20995,2799,1367,1432,4898,2381,2517,5597,2735,2862,4897,2360,2537,2797,1336,1461,700,344,356,
21000,2800,1368,1432,4898,2381,2517,5598,2735,2863,4898,2360,2538,2799,1338,1461,700,344,356,
21005,2800,1368,1432,4900,2382,2518,5599,2735,2864,4899,2361,2538,2800,1338,1462,700,344,356,
21010,2801,1368,1433,4902,2384,2518,5602,2738,2864,4901,2362,2539,2800,1338,1462,700,344,356,
21015,2802,1369,1433,4902,2384,2518,5602,2738,2864,4902,2362,2540,2800,1338,1462,700,344,356,
21020,2803,1369,1434,4904,2384,2520,5605,2739,2866,4903,2362,2541,2801,1339,1462,700,344,356,
21025,2803,1369,1434,4905,2385,2520,5605,2739,2866,4904,2363,2541,2801,1339,1462,701,344,357,
21030,2804,1369,1435,4905,2385,2520,5606,2739,2867,4905,2363,2542,2803,1341,1462,701,344,357,
21035,2804,1369,1435,4907,2386,2521,5607,2739,2868,4906,2363,2543,2804,1342,1462,701,344,357,
21040,2805,1369,1436,4909,2386,2523,5610,2741,2869,4908,2363,2545,2804,1342,1462,701,344,357,
21045,2806,1370,1436,4909,2386,2523,5610,2741,2869,4909,2363,2546,2804,1342,1462,701,344,357,
21050,2807,1371,1436,4911,2386,2525,5613,2743,2870,4910,2364,2546,2805,1342,1463,701,344,357,
21055,2807,1371,1436,4912,2386,2526,5613,2743,2870,4911,2364,2547,2805,1342,1463,702,344,358,
21060,2808,1372,1436,4912,2386,2526,5614,2743,2871,4912,2365,2547,2807,1343,1464,702,344,358,
21065,2808,1372,1436,4914,2387,2527,5615,2744,2871,4913,2365,2548,2808,1344,1464,702,344,358,
21070,2809,1372,1437,4916,2389,2527,5618,2745,2873,4915,2366,2549,2808,1344,1464,702,344,358,
21075,2810,1373,1437,4916,2389,2527,5618,2745,2873,4916,2366,2550,2808,1344,1464,702,344,358,
21080,2811,1374,1437,4918,2390,2528,5621,2747,2874,4917,2366,2551,2809,1344,1465,702,344,358,
21085,2811,1374,1437,4919,2390,2529,5621,2747,2874,4918,2367,2551,2809,1344,1465,703,344,359,
21090,2812,1374,1438,4919,2390,2529,5622,2747,2875,4919,2368,2551,2811,1345,1466,703,344,359,
21095,2812,1374,1438,4921,2391,2530,5623,2747,2876,4920,2369,2551,2812,1345,1467,703,344,359,
21100,2813,1374,1439,4923,2391,2532,5626,2748,2878,4922,2370,2552,2812,1345,1467,703,344,359,
21105,2814,1374,1440,4923,2391,2532,5626,2748,2878,4923,2370,2553,2812,1345,1467,703,344,359,
21110,2815,1375,1440,4925,2392,2533,5629,2749,2880,4924,2370,2554,2813,1345,1468,703,344,359,
21115,2815,1375,1440,4926,2392,2534,5629,2749,2880,4925,2370,2555,2813,1345,1468,704,344,360,
21120,2816,1376,1440,4926,2392,2534,5630,2750,2880,4926,2371,2555,2815,1345,1470,704,344,360,
21125,2816,1376,1440,4928,2393,2535,5631,2750,2881,4927,2372,2555,2816,1346,1470,704,344,360,
21130,2817,1376,1441,4930,2394,2536,5634,2752,2882,4929,2374,2555,2816,1346,1470,704,344,360,
21135,2818,1376,1442,4930,2394,2536,5634,2752,2882,4930,2375,2555,2816,1346,1470,704,344,360,
21140,2819,1377,1442,4932,2396,2536,5637,2754,2883,4931,2376,2555,2817,1346,1471,704,344,360,
21145,2819,1377,1442,4933,2397,2536,5637,2754,2883,4932,2377,2555,2817,1346,1471,705,345,360,
21150,2820,1378,1442,4933,2397,2536,5638,2755,2883,4933,2378,2555,2819,1347,1472,705,345,360,
21155,2820,1378,1442,4935,2399,2536,5639,2755,2884,4934,2378,2556,2820,1347,1473,705,345,360,
21160,2821,1379,1442,4937,2399,2538,5642,2757,2885,4936,2379,2557,2820,1347,1473,705,345,360,
21165,2822,1379,1443,4937,2399,2538,5642,2757,2885,4937,2380,2557,2820,1347,1473,705,345,360,
21170,2823,1380,1443,4939,2401,2538,5645,2758,2887,4938,2380,2558,2821,1348,1473,705,345,360,
21175,2823,1380,1443,4940,2401,2539,5645,2758,2887,4939,2380,2559,2821,1348,1473,706,345,361,
21180,2824,1381,1443,4940,2401,2539,5646,2759,2887,4940,2380,2560,2823,1349,1474,706,345,361,
21185,2824,1381,1443,4942,2402,2540,5647,2760,2887,4941,2380,2561,2824,1350,1474,706,345,361,
21190,2825,1382,1443,4944,2403,2541,5650,2763,2887,4943,2381,2562,2824,1350,1474,706,345,361,
21195,2826,1383,1443,4944,2403,2541,5650,2763,2887,4944,2381,2563,2824,1350,1474,706,345,361,
21200,2827,1384,1443,4946,2404,2542,5653,2763,2890,4945,2382,2563,2825,1351,1474,706,345,361,
21205,2827,1384,1443,4947,2404,2543,5653,2763,2890,4946,2382,2564,2825,1351,1474,707,345,362,
21210,2828,1384,1444,4947,2404,2543,5654,2763,2891,4947,2382,2565,2827,1352,1475,707,345,362,
21215,2828,1384,1444,4949,2405,2544,5655,2764,2891,4948,2383,2565,2828,1353,1475,707,345,362,
21220,2829,1385,1444,4951,2407,2544,5658,2766,2892,4950,2384,2566,2828,1353,1475,707,345,362,
21225,2830,1385,1445,4951,2407,2544,5658,2766,2892,4951,2384,2567,2828,1353,1475,707,345,362,
21230,2831,1386,1445,4953,2409,2544,5661,2766,2895,4952,2385,2567,2829,1354,1475,707,345,362,
21235,2831,1386,1445,4954,2410,2544,5661,2766,2895,4953,2386,2567,2829,1354,1475,708,346,362,
21240,2832,1387,1445,4954,2410,2544,5662,2766,2896,4954,2386,2568,2831,1355,1476,708,346,362,
21245,2832,1387,1445,4956,2410,2546,5663,2767,2896,4955,2387,2568,2832,1356,1476,708,346,362,
21250,2833,1387,1446,4958,2410,2548,5666,2769,2897,4957,2389,2568,2832,1356,1476,708,346,362,
21255,2834,1387,1447,4958,2410,2548,5666,2769,2897,4958,2390,2568,2832,1356,1476,708,346,362,
21260,2835,1388,1447,4960,2411,2549,5669,2770,2899,4959,2390,2569,2833,1356,1477,708,346,362,
21265,2835,1388,1447,4961,2412,2549,5669,2770,2899,4960,2390,2570,2833,1356,1477,709,347,362,
21270,2836,1388,1448,4961,2412,2549,5670,2771,2899,4961,2391,2570,2835,1356,1479,709,347,362,
21275,2836,1388,1448,4963,2414,2549,5671,2771,2900,4962,2391,2571,2836,1356,1480,709,347,362,
21280,2837,1388,1449,4965,2416,2549,5674,2772,2902,4964,2393,2571,2836,1356,1480,709,347,362,
21285,2838,1388,1450,4965,2416,2549,5674,2772,2902,4965,2394,2571,2836,1356,1480,709,347,362,
21290,2839,1388,1451,4967,2416,2551,5677,2773,2904,4966,2394,2572,2837,1357,1480,709,347,362,
21295,2839,1388,1451,4968,2416,2552,5677,2773,2904,4967,2394,2573,2837,1357,1480,710,347,363,
21300,2840,1389,1451,4968,2416,2552,5678,2773,2905,4968,2394,2574,2839,1359,1480,710,347,363,
21305,2840,1389,1451,4970,2418,2552,5679,2774,2905,4969,2394,2575,2840,1359,1481,710,347,363,
21310,2841,1389,1452,4972,2418,2554,5682,2777,2905,4971,2395,2576,2840,1359,1481,710,347,363,
21315,2842,1390,1452,4972,2418,2554,5682,2777,2905,4972,2395,2577,2840,1359,1481,710,347,363,
21320,2843,1390,1453,4974,2419,2555,5685,2778,2907,4973,2396,2577,2841,1359,1482,710,347,363,
21325,2843,1390,1453,4975,2420,2555,5685,2778,2907,4974,2397,2577,2841,1359,1482,711,347,364,
21330,2844,1391,1453,4975,2420,2555,5686,2779,2907,4975,2397,2578,2843,1359,1484,711,347,364,
21335,2844,1391,1453,4977,2420,2557,5687,2779,2908,4976,2397,2579,2844,1360,1484,711,347,364,
21340,2845,1392,1453,4979,2420,2559,5690,2780,2910,4978,2398,2580,2844,1360,1484,711,347,364,
21345,2846,1393,1453,4979,2420,2559,5690,2780,2910,4979,2399,2580,2844,1360,1484,711,347,364,
21350,2847,1393,1454,4981,2422,2559,5693,2781,2912,4980,2400,2580,2845,1360,1485,711,347,364,
21355,2847,1393,1454,4982,2423,2559,5693,2781,2912,4981,2401,2580,2845,1360,1485,712,347,365,
21360,2848,1394,1454,4982,2423,2559,5694,2781,2913,4982,2401,2581,2847,1361,1486,712,347,365,
21365,2848,1394,1454,4984,2423,2561,5695,2781,2914,4983,2401,2582,2848,1362,1486,712,347,365,
21370,2849,1395,1454,4986,2423,2563,5698,2782,2916,4985,2401,2584,2848,1362,1486,712,347,365,
21375,2850,1396,1454,4986,2423,2563,5698,2782,2916,4986,2401,2585,2848,1362,1486,712,347,365,
21380,2851,1397,1454,4988,2424,2564,5701,2782,2919,4987,2402,2585,2849,1363,1486,712,347,365,
21385,2851,1397,1454,4989,2425,2564,5701,2782,2919,4988,2402,2586,2849,1363,1486,713,348,365,
21390,2852,1397,1455,4989,2425,2564,5702,2782,2920,4989,2403,2586,2851,1365,1486,713,348,365,
21395,2852,1397,1455,4991,2425,2566,5703,2782,2921,4990,2403,2587,2852,1366,1486,713,348,365,
21400,2853,1397,1456,4993,2426,2567,5706,2783,2923,4992,2404,2588,2852,1366,1486,713,348,365,
21405,2854,1398,1456,4993,2426,2567,5706,2783,2923,4993,2405,2588,2852,1366,1486,713,348,365,
21410,2855,1398,1457,4995,2427,2568,5709,2786,2923,4994,2405,2589,2853,1367,1486,713,348,365,
21415,2855,1398,1457,4996,2428,2568,5709,2786,2923,4995,2405,2590,2853,1367,1486,714,348,366,
21420,2856,1398,1458,4996,2428,2568,5710,2786,2924,4996,2405,2591,2855,1368,1487,714,348,366,
21425,2856,1398,1458,4998,2429,2569,5711,2787,2924,4997,2406,2591,2856,1368,1488,714,348,366,
21430,2857,1398,1459,5000,2430,2570,5714,2787,2927,4999,2407,2592,2856,1368,1488,714,348,366,
21435,2858,1398,1460,5000,2430,2570,5714,2787,2927,5000,2407,2593,2856,1368,1488,714,348,366,
21440,2859,1399,1460,5002,2430,2572,5717,2788,2929,5001,2408,2593,2857,1368,1489,714,348,366,
21445,2859,1399,1460,5003,2431,2572,5717,2788,2929,5002,2408,2594,2857,1368,1489,715,348,367,
21450,2860,1400,1460,5003,2431,2572,5718,2789,2929,5003,2408,2595,2859,1369,1490,715,348,367,
21455,2860,1400,1460,5005,2431,2574,5719,2789,2930,5004,2409,2595,2860,1369,1491,715,348,367,
21460,2861,1401,1460,5007,2431,2576,5722,2791,2931,5006,2409,2597,2860,1369,1491,715,348,367,
21465,2862,1401,1461,5007,2431,2576,5722,2791,2931,5007,2410,2597,2860,1369,1491,715,348,367,
21470,2863,1401,1462,5009,2433,2576,5725,2792,2933,5008,2411,2597,2861,1369,1492,715,348,367,
21475,2863,1401,1462,5010,2434,2576,5725,2792,2933,5009,2411,2598,2861,1369,1492,716,349,367,
21480,2864,1402,1462,5010,2434,2576,5726,2792,2934,5010,2411,2599,2863,1369,1494,716,349,367,
21485,2864,1402,1462,5012,2435,2577,5727,2792,2935,5011,2411,2600,2864,1370,1494,716,349,367,
21490,2865,1402,1463,5014,2435,2579,5730,2794,2936,5013,2411,2602,2864,1370,1494,716,349,367,
21495,2866,1403,1463,5014,2435,2579,5730,2794,2936,5014,2412,2602,2864,1370,1494,716,349,367,
21500,2867,1404,1463,5016,2436,2580,5733,2795,2938,5015,2413,2602,2865,1371,1494,716,349,367,
21505,2867,1404,1463,5017,2436,2581,5733,2795,2938,5016,2413,2603,2865,1371,1494,717,349,368,
21510,2868,1404,1464,5017,2436,2581,5734,2796,2938,5017,2414,2603,2867,1371,1496,717,349,368,
21515,2868,1404,1464,5019,2436,2583,5735,2797,2938,5018,2415,2603,2868,1371,1497,717,349,368,
21520,2869,1404,1465,5021,2436,2585,5738,2799,2939,5020,2417,2603,2868,1371,1497,717,349,368,
21525,2870,1404,1466,5021,2436,2585,5738,2799,2939,5021,2418,2603,2868,1371,1497,717,349,368,
21530,2871,1404,1467,5023,2436,2587,5741,2801,2940,5022,2418,2604,2869,1371,1498,717,349,368,
21535,2871,1404,1467,5024,2437,2587,5741,2801,2940,5023,2419,2604,2869,1371,1498,718,349,369,
21540,2872,1405,1467,5024,2437,2587,5742,2801,2941,5024,2419,2605,2871,1371,1500,718,349,369,
21545,2872,1405,1467,5026,2438,2588,5743,2801,2942,5025,2420,2605,2872,1372,1500,718,349,369,
21550,2873,1405,1468,5028,2439,2589,5746,2803,2943,5027,2420,2607,2872,1372,1500,718,349,369,
21555,2874,1406,1468,5028,2439,2589,5746,2803,2943,5028,2420,2608,2872,1372,1500,718,349,369,
21560,2875,1406,1469,5030,2439,2591,5749,2806,2943,5029,2421,2608,2873,1372,1501,718,349,369,
21565,2875,1406,1469,5031,2439,2592,5749,2806,2943,5030,2422,2608,2873,1372,1501,719,350,369,
21570,2876,1407,1469,5031,2439,2592,5750,2806,2944,5031,2423,2608,2875,1373,1502,719,350,369,
21575,2876,1407,1469,5033,2440,2593,5751,2807,2944,5032,2423,2609,2876,1373,1503,719,350,369,
21580,2877,1408,1469,5035,2441,2594,5754,2807,2947,5034,2423,2611,2876,1373,1503,719,350,369,
21585,2878,1408,1470,5035,2441,2594,5754,2807,2947,5035,2423,2612,2876,1373,1503,719,350,369,
21590,2879,1409,1470,5037,2442,2595,5757,2808,2949,5036,2423,2613,2877,1373,1504,719,350,369,
21595,2879,1409,1470,5038,2443,2595,5757,2808,2949,5037,2424,2613,2877,1373,1504,720,350,370,
21600,2880,1409,1471,5038,2443,2595,5758,2808,2950,5038,2424,2614,2879,1374,1505,720,350,370,
21605,2880,1409,1471,5040,2444,2596,5759,2809,2950,5039,2425,2614,2880,1374,1506,720,350,370,
21610,2881,1410,1471,5042,2445,2597,5762,2810,2952,5041,2427,2614,2880,1374,1506,720,350,370,
21615,2882,1410,1472,5042,2445,2597,5762,2810,2952,5042,2428,2614,2880,1374,1506,720,350,370,
21620,2883,1411,1472,5044,2446,2598,5765,2812,2953,5043,2428,2615,2881,1374,1507,720,350,370,
21625,2883,1411,1472,5045,2446,2599,5765,2812,2953,5044,2428,2616,2881,1374,1507,721,350,371,
21630,2884,1411,1473,5045,2446,2599,5766,2813,2953,5045,2428,2617,2883,1376,1507,721,350,371,
21635,2884,1411,1473,5047,2447,2600,5767,2813,2954,5046,2429,2617,2884,1376,1508,721,350,371,
21640,2885,1411,1474,5049,2448,2601,5770,2813,2957,5048,2431,2617,2884,1376,1508,721,350,371,
21645,2886,1411,1475,5049,2448,2601,5770,2813,2957,5049,2431,2618,2884,1376,1508,721,350,371,
21650,2887,1411,1476,5051,2449,2602,5773,2814,2959,5050,2431,2619,2885,1377,1508,721,350,371,
21655,2887,1411,1476,5052,2449,2603,5773,2814,2959,5051,2432,2619,2885,1377,1508,722,351,371,
21660,2888,1412,1476,5052,2449,2603,5774,2815,2959,5052,2432,2620,2887,1378,1509,722,351,371,
21665,2888,1412,1476,5054,2450,2604,5775,2815,2960,5053,2433,2620,2888,1379,1509,722,351,371,
21670,2889,1413,1476,5056,2451,2605,5778,2818,2960,5055,2433,2622,2888,1379,1509,722,351,371,
21675,2890,1414,1476,5056,2451,2605,5778,2818,2960,5056,2434,2622,2888,1379,1509,722,351,371,
21680,2891,1414,1477,5058,2453,2605,5781,2820,2961,5057,2434,2623,2889,1380,1509,722,351,371,
21685,2891,1414,1477,5059,2454,2605,5781,2820,2961,5058,2434,2624,2889,1380,1509,723,352,371,
21690,2892,1414,1478,5059,2454,2605,5782,2820,2962,5059,2434,2625,2891,1381,1510,723,352,371,
21695,2892,1414,1478,5061,2455,2606,5783,2821,2962,5060,2435,2625,2892,1381,1511,723,352,371,
21700,2893,1415,1478,5063,2457,2606,5786,2822,2964,5062,2435,2627,2892,1381,1511,723,352,371,
21705,2894,1416,1478,5063,2457,2606,5786,2822,2964,5063,2435,2628,2892,1381,1511,723,352,371,
21710,2895,1417,1478,5065,2458,2607,5789,2824,2965,5064,2435,2629,2893,1381,1512,723,352,371,
21715,2895,1417,1478,5066,2458,2608,5789,2824,2965,5065,2435,2630,2893,1381,1512,724,353,371,
21720,2896,1418,1478,5066,2458,2608,5790,2825,2965,5066,2435,2631,2895,1382,1513,724,353,371,
21725,2896,1418,1478,5068,2458,2610,5791,2825,2966,5067,2436,2631,2896,1382,1514,724,353,371,
21730,2897,1419,1478,5070,2459,2611,5794,2827,2967,5069,2437,2632,2896,1382,1514,724,353,371,
21735,2898,1420,1478,5070,2459,2611,5794,2827,2967,5070,2437,2633,2896,1382,1514,724,353,371,
21740,2899,1421,1478,5072,2460,2612,5797,2829,2968,5071,2437,2634,2897,1382,1515,724,353,371,
21745,2899,1421,1478,5073,2460,2613,5797,2829,2968,5072,2438,2634,2897,1382,1515,725,353,372,
21750,2900,1422,1478,5073,2460,2613,5798,2830,2968,5073,2439,2634,2899,1382,1517,725,353,372,
21755,2900,1422,1478,5075,2460,2615,5799,2830,2969,5074,2440,2634,2900,1382,1518,725,353,372,
21760,2901,1423,1478,5077,2461,2616,5802,2831,2971,5076,2440,2636,2900,1382,1518,725,353,372,
21765,2902,1423,1479,5077,2461,2616,5802,2831,2971,5077,2440,2637,2900,1382,1518,725,353,372,
21770,2903,1423,1480,5079,2462,2617,5805,2832,2973,5078,2441,2637,2901,1383,1518,725,353,372,
21775,2903,1423,1480,5080,2462,2618,5805,2832,2973,5079,2442,2637,2901,1383,1518,726,353,373,
21780,2904,1424,1480,5080,2462,2618,5806,2833,2973,5080,2442,2638,2903,1383,1520,726,353,373,
21785,2904,1424,1480,5082,2463,2619,5807,2833,2974,5081,2443,2638,2904,1383,1521,726,353,373,
21790,2905,1424,1481,5084,2464,2620,5810,2836,2974,5083,2443,2640,2904,1383,1521,726,353,373,
21795,2906,1424,1482,5084,2464,2620,5810,2836,2974,5084,2444,2640,2904,1383,1521,726,353,373,
21800,2907,1424,1483,5086,2466,2620,5813,2838,2975,5085,2444,2641,2905,1383,1522,726,353,373,
21805,2907,1424,1483,5087,2466,2621,5813,2838,2975,5086,2444,2642,2905,1383,1522,727,353,374,
21810,2908,1424,1484,5087,2466,2621,5814,2838,2976,5087,2445,2642,2907,1383,1524,727,353,374,
21815,2908,1424,1484,5089,2467,2622,5815,2839,2976,5088,2445,2643,2908,1383,1525,727,353,374,
21820,2909,1425,1484,5091,2469,2622,5818,2841,2977,5090,2447,2643,2908,1383,1525,727,353,374,
21825,2910,1425,1485,5091,2469,2622,5818,2841,2977,5091,2448,2643,2908,1383,1525,727,353,374,
21830,2911,1426,1485,5093,2470,2623,5821,2842,2979,5092,2449,2643,2909,1383,1526,727,353,374,
21835,2911,1426,1485,5094,2470,2624,5821,2842,2979,5093,2449,2644,2909,1383,1526,728,353,375,
21840,2912,1427,1485,5094,2470,2624,5822,2842,2980,5094,2449,2645,2911,1385,1526,728,353,375,
21845,2912,1427,1485,5096,2472,2624,5823,2842,2981,5095,2450,2645,2912,1386,1526,728,353,375,
21850,2913,1427,1486,5098,2473,2625,5826,2845,2981,5097,2451,2646,2912,1386,1526,728,353,375,
21855,2914,1427,1487,5098,2473,2625,5826,2845,2981,5098,2451,2647,2912,1386,1526,728,353,375,
21860,2915,1427,1488,5100,2475,2625,5829,2847,2982,5099,2452,2647,2913,1386,1527,728,353,375,
21865,2915,1427,1488,5101,2476,2625,5829,2847,2982,5100,2453,2647,2913,1386,1527,729,354,375,
21870,2916,1427,1489,5101,2476,2625,5830,2847,2983,5101,2454,2647,2915,1387,1528,729,354,375,
21875,2916,1427,1489,5103,2476,2627,5831,2847,2984,5102,2455,2647,2916,1388,1528,729,354,375,
21880,2917,1427,1490,5105,2476,2629,5834,2848,2986,5104,2457,2647,2916,1388,1528,729,354,375,
21885,2918,1427,1491,5105,2476,2629,5834,2848,2986,5105,2458,2647,2916,1388,1528,729,354,375,
21890,2919,1427,1492,5107,2476,2631,5837,2849,2988,5106,2458,2648,2917,1389,1528,729,354,375,
21895,2919,1427,1492,5108,2477,2631,5837,2849,2988,5107,2459,2648,2917,1389,1528,730,354,376,
21900,2920,1428,1492,5108,2477,2631,5838,2850,2988,5108,2459,2649,2919,1390,1529,730,354,376,
21905,2920,1428,1492,5110,2478,2632,5839,2851,2988,5109,2460,2649,2920,1390,1530,730,354,376,
21910,2921,1429,1492,5112,2478,2634,5842,2853,2989,5111,2462,2649,2920,1390,1530,730,354,376,
21915,2922,1430,1492,5112,2478,2634,5842,2853,2989,5112,2463,2649,2920,1390,1530,730,354,376,
21920,2923,1430,1493,5114,2480,2634,5845,2855,2990,5113,2463,2650,2921,1390,1531,730,354,376,
21925,2923,1430,1493,5115,2481,2634,5845,2855,2990,5114,2463,2651,2921,1390,1531,731,355,376,
21930,2924,1431,1493,5115,2481,2634,5846,2855,2991,5115,2463,2652,2923,1390,1533,731,355,376,
21935,2924,1431,1493,5117,2481,2636,5847,2855,2992,5116,2464,2652,2924,1390,1534,731,355,376,
21940,2925,1431,1494,5119,2482,2637,5850,2858,2992,5118,2466,2652,2924,1390,1534,731,355,376,
21945,2926,1431,1495,5119,2482,2637,5850,2858,2992,5119,2466,2653,2924,1390,1534,731,355,376,
21950,2927,1432,1495,5121,2483,2638,5853,2860,2993,5120,2467,2653,2925,1390,1535,731,355,376,
21955,2927,1432,1495,5122,2483,2639,5853,2860,2993,5121,2467,2654,2925,1390,1535,732,355,377,
21960,2928,1433,1495,5122,2483,2639,5854,2861,2993,5122,2468,2654,2927,1392,1535,732,355,377,
21965,2928,1433,1495,5124,2483,2641,5855,2861,2994,5123,2468,2655,2928,1392,1536,732,355,377,
21970,2929,1434,1495,5126,2484,2642,5858,2862,2996,5125,2469,2656,2928,1392,1536,732,355,377,
21975,2930,1434,1496,5126,2484,2642,5858,2862,2996,5126,2470,2656,2928,1392,1536,732,355,377,
21980,2931,1435,1496,5128,2484,2644,5861,2863,2998,5127,2471,2656,2929,1393,1536,732,355,377,
21985,2931,1435,1496,5129,2484,2645,5861,2863,2998,5128,2472,2656,2929,1393,1536,733,355,378,
21990,2932,1436,1496,5129,2484,2645,5862,2863,2999,5129,2473,2656,2931,1394,1537,733,355,378,
21995,2932,1436,1496,5131,2485,2646,5863,2863,3000,5130,2473,2657,2932,1395,1537,733,355,378,
22000,2933,1436,1497,5133,2485,2648,5866,2864,3002,5132,2474,2658,2932,1395,1537,733,355,378,
22005,2934,1437,1497,5133,2485,2648,5866,2864,3002,5133,2475,2658,2932,1395,1537,733,355,378,
22010,2935,1437,1498,5135,2486,2649,5869,2865,3004,5134,2476,2658,2933,1396,1537,733,355,378,
22015,2935,1437,1498,5136,2487,2649,5869,2865,3004,5135,2477,2658,2933,1396,1537,734,355,379,
22020,2936,1438,1498,5136,2487,2649,5870,2865,3005,5136,2477,2659,2935,1397,1538,734,355,379,
22025,2936,1438,1498,5138,2489,2649,5871,2865,3006,5137,2477,2660,2936,1397,1539,734,355,379,
22030,2937,1439,1498,5140,2489,2651,5874,2867,3007,5139,2479,2660,2936,1397,1539,734,355,379,
22035,2938,1439,1499,5140,2489,2651,5874,2867,3007,5140,2479,2661,2936,1397,1539,734,355,379,
22040,2939,1439,1500,5142,2491,2651,5877,2870,3007,5141,2480,2661,2937,1397,1540,734,355,379,
22045,2939,1439,1500,5143,2491,2652,5877,2870,3007,5142,2480,2662,2937,1397,1540,735,356,379,
22050,2940,1440,1500,5143,2491,2652,5878,2871,3007,5143,2481,2662,2939,1397,1542,735,356,379,
22055,2940,1440,1500,5145,2492,2653,5879,2871,3008,5144,2481,2663,2940,1397,1543,735,356,379,
22060,2941,1440,1501,5147,2493,2654,5882,2873,3009,5146,2482,2664,2940,1397,1543,735,356,379,
22065,2942,1440,1502,5147,2493,2654,5882,2873,3009,5147,2482,2665,2940,1397,1543,735,356,379,
22070,2943,1441,1502,5149,2495,2654,5885,2874,3011,5148,2483,2665,2941,1397,1544,735,356,379,
22075,2943,1441,1502,5150,2496,2654,5885,2874,3011,5149,2483,2666,2941,1397,1544,736,356,380,
22080,2944,1441,1503,5150,2496,2654,5886,2874,3012,5150,2483,2667,2943,1399,1544,736,356,380,
22085,2944,1441,1503,5152,2497,2655,5887,2875,3012,5151,2484,2667,2944,1400,1544,736,356,380,
22090,2945,1441,1504,5154,2497,2657,5890,2877,3013,5153,2485,2668,2944,1400,1544,736,356,380,
22095,2946,1441,1505,5154,2497,2657,5890,2877,3013,5154,2486,2668,2944,1400,1544,736,356,380,
22100,2947,1441,1506,5156,2499,2657,5893,2878,3015,5155,2487,2668,2945,1401,1544,736,356,380,
22105,2947,1441,1506,5157,2500,2657,5893,2878,3015,5156,2488,2668,2945,1401,1544,737,357,380,
22110,2948,1441,1507,5157,2500,2657,5894,2878,3016,5157,2489,2668,2947,1401,1546,737,357,380,
22115,2948,1441,1507,5159,2500,2659,5895,2879,3016,5158,2489,2669,2948,1401,1547,737,357,380,
22120,2949,1441,1508,5161,2502,2659,5898,2881,3017,5160,2490,2670,2948,1401,1547,737,357,380,
22125,2950,1441,1509,5161,2502,2659,5898,2881,3017,5161,2491,2670,2948,1401,1547,737,357,380,
22130,2951,1442,1509,5163,2503,2660,5901,2883,3018,5162,2492,2670,2949,1401,1548,737,357,380,
22135,2951,1442,1509,5164,2503,2661,5901,2883,3018,5163,2493,2670,2949,1401,1548,738,357,381,
22140,2952,1442,1510,5164,2503,2661,5902,2884,3018,5164,2494,2670,2951,1403,1548,738,357,381,
22145,2952,1442,1510,5166,2505,2661,5903,2885,3018,5165,2494,2671,2952,1403,1549,738,357,381,
22150,2953,1442,1511,5168,2507,2661,5906,2887,3019,5167,2496,2671,2952,1403,1549,738,357,381,
22155,2954,1442,1512,5168,2507,2661,5906,2887,3019,5168,2497,2671,2952,1403,1549,738,357,381,
22160,2955,1442,1513,5170,2507,2663,5909,2889,3020,5169,2497,2672,2953,1404,1549,738,357,381,
22165,2955,1442,1513,5171,2508,2663,5909,2889,3020,5170,2497,2673,2953,1404,1549,739,358,381,
22170,2956,1442,1514,5171,2508,2663,5910,2890,3020,5171,2498,2673,2955,1405,1550,739,358,381,
22175,2956,1442,1514,5173,2509,2664,5911,2891,3020,5172,2498,2674,2956,1405,1551,739,358,381,
22180,2957,1443,1514,5175,2511,2664,5914,2892,3022,5174,2498,2676,2956,1405,1551,739,358,381,
22185,2958,1443,1515,5175,2511,2664,5914,2892,3022,5175,2498,2677,2956,1405,1551,739,358,381,
22190,2959,1444,1515,5177,2513,2664,5917,2894,3023,5176,2498,2678,2957,1405,1552,739,358,381,
22195,2959,1444,1515,5178,2514,2664,5917,2894,3023,5177,2498,2679,2957,1405,1552,740,359,381,
22200,2960,1444,1516,5178,2514,2664,5918,2894,3024,5178,2499,2679,2959,1405,1554,740,359,381,
22205,2960,1444,1516,5180,2516,2664,5919,2895,3024,5179,2500,2679,2960,1405,1555,740,359,381,
22210,2961,1445,1516,5182,2517,2665,5922,2896,3026,5181,2502,2679,2960,1405,1555,740,359,381,
22215,2962,1446,1516,5182,2517,2665,5922,2896,3026,5182,2503,2679,2960,1405,1555,740,359,381,
22220,2963,1446,1517,5184,2519,2665,5925,2898,3027,5183,2504,2679,2961,1405,1556,740,359,381,
22225,2963,1446,1517,5185,2520,2665,5925,2898,3027,5184,2505,2679,2961,1405,1556,741,359,382,
22230,2964,1446,1518,5185,2520,2665,5926,2898,3028,5185,2505,2680,2963,1405,1558,741,359,382,
22235,2964,1446,1518,5187,2521,2666,5927,2898,3029,5186,2505,2681,2964,1405,1559,741,359,382,
22240,2965,1447,1518,5189,2522,2667,5930,2899,3031,5188,2507,2681,2964,1405,1559,741,359,382,
22245,2966,1448,1518,5189,2522,2667,5930,2899,3031,5189,2507,2682,2964,1405,1559,741,359,382,
22250,2967,1448,1519,5191,2523,2668,5933,2902,3031,5190,2507,2683,2965,1406,1559,741,359,382,
22255,2967,1448,1519,5192,2524,2668,5933,2902,3031,5191,2508,2683,2965,1406,1559,742,359,383,
22260,2968,1449,1519,5192,2524,2668,5934,2903,3031,5192,2509,2683,2967,1407,1560,742,359,383,
22265,2968,1449,1519,5194,2524,2670,5935,2903,3032,5193,2509,2684,2968,1407,1561,742,359,383,
22270,2969,1449,1520,5196,2525,2671,5938,2904,3034,5195,2510,2685,2968,1407,1561,742,359,383,
22275,2970,1450,1520,5196,2525,2671,5938,2904,3034,5196,2511,2685,2968,1407,1561,742,359,383,
22280,2971,1451,1520,5198,2526,2672,5941,2905,3036,5197,2512,2685,2969,1408,1561,742,359,383,
22285,2971,1451,1520,5199,2527,2672,5941,2905,3036,5198,2513,2685,2969,1408,1561,743,359,384,
22290,2972,1452,1520,5199,2527,2672,5942,2906,3036,5199,2514,2685,2971,1409,1562,743,359,384,
22295,2972,1452,1520,5201,2528,2673,5943,2906,3037,5200,2514,2686,2972,1409,1563,743,359,384,
22300,2973,1452,1521,5203,2529,2674,5946,2907,3039,5202,2516,2686,2972,1409,1563,743,359,384,
22305,2974,1453,1521,5203,2529,2674,5946,2907,3039,5203,2516,2687,2972,1409,1563,743,359,384,
22310,2975,1453,1522,5205,2529,2676,5949,2908,3041,5204,2517,2687,2973,1409,1564,743,359,384,
22315,2975,1453,1522,5206,2530,2676,5949,2908,3041,5205,2517,2688,2973,1409,1564,744,360,384,
22320,2976,1454,1522,5206,2530,2676,5950,2909,3041,5206,2518,2688,2975,1409,1566,744,360,384,
22325,2976,1454,1522,5208,2530,2678,5951,2910,3041,5207,2518,2689,2976,1410,1566,744,360,384,
22330,2977,1454,1523,5210,2531,2679,5954,2911,3043,5209,2519,2690,2976,1410,1566,744,360,384,
22335,2978,1455,1523,5210,2531,2679,5954,2911,3043,5210,2519,2691,2976,1410,1566,744,360,384,
22340,2979,1456,1523,5212,2532,2680,5957,2912,3045,5211,2519,2692,2977,1411,1566,744,360,384,
22345,2979,1456,1523,5213,2532,2681,5957,2912,3045,5212,2519,2693,2977,1411,1566,745,360,385,
22350,2980,1457,1523,5213,2532,2681,5958,2912,3046,5213,2519,2694,2979,1412,1567,745,360,385,
22355,2980,1457,1523,5215,2533,2682,5959,2913,3046,5214,2520,2694,2980,1412,1568,745,360,385,
22360,2981,1458,1523,5217,2534,2683,5962,2914,3048,5216,2521,2695,2980,1412,1568,745,360,385,
22365,2982,1459,1523,5217,2534,2683,5962,2914,3048,5217,2522,2695,2980,1412,1568,745,360,385,
22370,2983,1460,1523,5219,2536,2683,5965,2915,3050,5218,2523,2695,2981,1413,1568,745,360,385,
22375,2983,1460,1523,5220,2536,2684,5965,2915,3050,5219,2523,2696,2981,1413,1568,746,361,385,
22380,2984,1460,1524,5220,2536,2684,5966,2915,3051,5220,2523,2697,2983,1414,1569,746,361,385,
22385,2984,1460,1524,5222,2537,2685,5967,2915,3052,5221,2524,2697,2984,1415,1569,746,361,385,
22390,2985,1461,1524,5224,2538,2686,5970,2916,3054,5223,2524,2699,2984,1415,1569,746,361,385,
22395,2986,1462,1524,5224,2538,2686,5970,2916,3054,5224,2525,2699,2984,1415,1569,746,361,385,
22400,2987,1462,1525,5226,2538,2688,5973,2918,3055,5225,2525,2700,2985,1415,1570,746,361,385,
22405,2987,1462,1525,5227,2538,2689,5973,2918,3055,5226,2526,2700,2985,1415,1570,747,361,386,
22410,2988,1462,1526,5227,2538,2689,5974,2918,3056,5227,2527,2700,2987,1417,1570,747,361,386,
22415,2988,1462,1526,5229,2538,2691,5975,2919,3056,5228,2528,2700,2988,1417,1571,747,361,386,
22420,2989,1463,1526,5231,2540,2691,5978,2922,3056,5230,2528,2702,2988,1417,1571,747,361,386,
22425,2990,1464,1526,5231,2540,2691,5978,2922,3056,5231,2528,2703,2988,1417,1571,747,361,386,
22430,2991,1465,1526,5233,2540,2693,5981,2923,3058,5232,2528,2704,2989,1417,1572,747,361,386,
22435,2991,1465,1526,5234,2540,2694,5981,2923,3058,5233,2529,2704,2989,1417,1572,748,361,387,
22440,2992,1466,1526,5234,2540,2694,5982,2923,3059,5234,2530,2704,2991,1418,1573,748,361,387,
22445,2992,1466,1526,5236,2540,2696,5983,2923,3060,5235,2530,2705,2992,1418,1574,748,361,387,
22450,2993,1466,1527,5238,2541,2697,5986,2924,3062,5237,2531,2706,2992,1418,1574,748,361,387,
22455,2994,1466,1528,5238,2541,2697,5986,2924,3062,5238,2531,2707,2992,1418,1574,748,361,387,
22460,2995,1466,1529,5240,2541,2699,5989,2925,3064,5239,2531,2708,2993,1419,1574,748,361,387,
22465,2995,1466,1529,5241,2542,2699,5989,2925,3064,5240,2531,2709,2993,1419,1574,749,362,387,
22470,2996,1467,1529,5241,2542,2699,5990,2926,3064,5241,2532,2709,2995,1419,1576,749,362,387,
22475,2996,1467,1529,5243,2544,2699,5991,2926,3065,5242,2533,2709,2996,1420,1576,749,362,387,
22480,2997,1467,1530,5245,2546,2699,5994,2928,3066,5244,2534,2710,2996,1420,1576,749,362,387,
22485,2998,1467,1531,5245,2546,2699,5994,2928,3066,5245,2534,2711,2996,1420,1576,749,362,387,
22490,2999,1468,1531,5247,2546,2701,5997,2928,3069,5246,2534,2712,2997,1421,1576,749,362,387,
22495,2999,1468,1531,5248,2546,2702,5997,2928,3069,5247,2534,2713,2997,1421,1576,750,362,388,
22500,3000,1468,1532,5248,2546,2702,5998,2928,3070,5248,2534,2714,2999,1421,1578,750,362,388,
22505,3000,1468,1532,5250,2546,2704,5999,2929,3070,5249,2534,2715,3000,1422,1578,750,362,388,
22510,3001,1468,1533,5252,2547,2705,6002,2930,3072,5251,2536,2715,3000,1422,1578,750,362,388,
22515,3002,1469,1533,5252,2547,2705,6002,2930,3072,5252,2536,2716,3000,1422,1578,750,362,388,
22520,3003,1470,1533,5254,2549,2705,6005,2933,3072,5253,2537,2716,3001,1422,1579,750,362,388,
22525,3003,1470,1533,5255,2549,2706,6005,2933,3072,5254,2538,2716,3001,1422,1579,751,363,388,
22530,3004,1471,1533,5255,2549,2706,6006,2933,3073,5255,2539,2716,3003,1423,1580,751,363,388,
22535,3004,1471,1533,5257,2550,2707,6007,2934,3073,5256,2539,2717,3004,1424,1580,751,363,388,
22540,3005,1472,1533,5259,2552,2707,6010,2937,3073,5258,2539,2719,3004,1424,1580,751,363,388,
22545,3006,1472,1534,5259,2552,2707,6010,2937,3073,5259,2539,2720,3004,1424,1580,751,363,388,
22550,3007,1473,1534,5261,2553,2708,6013,2939,3074,5260,2539,2721,3005,1424,1581,751,363,388,
22555,3007,1473,1534,5262,2554,2708,6013,2939,3074,5261,2540,2721,3005,1424,1581,752,364,388,
22560,3008,1474,1534,5262,2554,2708,6014,2939,3075,5262,2540,2722,3007,1425,1582,752,364,388,
22565,3008,1474,1534,5264,2554,2710,6015,2939,3076,5263,2540,2723,3008,1425,1583,752,364,388,
22570,3009,1474,1535,5266,2555,2711,6018,2940,3078,5265,2540,2725,3008,1425,1583,752,364,388,
22575,3010,1474,1536,5266,2555,2711,6018,2940,3078,5266,2541,2725,3008,1425,1583,752,364,388,
22580,3011,1475,1536,5268,2556,2712,6021,2942,3079,5267,2542,2725,3009,1425,1584,752,364,388,
22585,3011,1475,1536,5269,2557,2712,6021,2942,3079,5268,2542,2726,3009,1425,1584,753,365,388,
22590,3012,1476,1536,5269,2557,2712,6022,2943,3079,5269,2543,2726,3011,1426,1585,753,365,388,
22595,3012,1476,1536,5271,2557,2714,6023,2943,3080,5270,2543,2727,3012,1427,1585,753,365,388,
22600,3013,1477,1536,5273,2558,2715,6026,2945,3081,5272,2543,2729,3012,1427,1585,753,365,388,
22605,3014,1477,1537,5273,2558,2715,6026,2945,3081,5273,2543,2730,3012,1427,1585,753,365,388,
22610,3015,1478,1537,5275,2559,2716,6029,2947,3082,5274,2543,2731,3013,1427,1586,753,365,388,
22615,3015,1478,1537,5276,2559,2717,6029,2947,3082,5275,2544,2731,3013,1427,1586,754,365,389,
22620,3016,1478,1538,5276,2559,2717,6030,2947,3083,5276,2545,2731,3015,1428,1587,754,365,389,
22625,3016,1478,1538,5278,2559,2719,6031,2948,3083,5277,2545,2732,3016,1428,1588,754,365,389,
22630,3017,1479,1538,5280,2559,2721,6034,2949,3085,5279,2545,2734,3016,1428,1588,754,365,389,
22635,3018,1480,1538,5280,2559,2721,6034,2949,3085,5280,2545,2735,3016,1428,1588,754,365,389,
22640,3019,1480,1539,5282,2560,2722,6037,2951,3086,5281,2546,2735,3017,1429,1588,754,365,389,
22645,3019,1480,1539,5283,2560,2723,6037,2951,3086,5282,2546,2736,3017,1429,1588,755,366,389,
22650,3020,1480,1540,5283,2560,2723,6038,2952,3086,5283,2546,2737,3019,1429,1590,755,366,389,
22655,3020,1480,1540,5285,2561,2724,6039,2952,3087,5284,2546,2738,3020,1430,1590,755,366,389,
22660,3021,1480,1541,5287,2562,2725,6042,2953,3089,5286,2547,2739,3020,1430,1590,755,366,389,
22665,3022,1480,1542,5287,2562,2725,6042,2953,3089,5287,2548,2739,3020,1430,1590,755,366,389,
22670,3023,1481,1542,5289,2562,2727,6045,2956,3089,5288,2549,2739,3021,1431,1590,755,366,389,
22675,3023,1481,1542,5290,2562,2728,6045,2956,3089,5289,2550,2739,3021,1431,1590,756,366,390,
22680,3024,1482,1542,5290,2562,2728,6046,2957,3089,5290,2551,2739,3023,1432,1591,756,366,390,
22685,3024,1482,1542,5292,2564,2728,6047,2957,3090,5291,2551,2740,3024,1432,1592,756,366,390,
22690,3025,1483,1542,5294,2565,2729,6050,2960,3090,5293,2551,2742,3024,1432,1592,756,366,390,
22695,3026,1484,1542,5294,2565,2729,6050,2960,3090,5294,2551,2743,3024,1432,1592,756,366,390,
22700,3027,1485,1542,5296,2566,2730,6053,2962,3091,5295,2552,2743,3025,1432,1593,756,366,390,
22705,3027,1485,1542,5297,2566,2731,6053,2962,3091,5296,2552,2744,3025,1432,1593,757,367,390,
22710,3028,1485,1543,5297,2566,2731,6054,2962,3092,5297,2552,2745,3027,1433,1594,757,367,390,
22715,3028,1485,1543,5299,2566,2733,6055,2963,3092,5298,2552,2746,3028,1433,1595,757,367,390,
22720,3029,1486,1543,5301,2567,2734,6058,2965,3093,5300,2553,2747,3028,1433,1595,757,367,390,
22725,3030,1486,1544,5301,2567,2734,6058,2965,3093,5301,2553,2748,3028,1433,1595,757,367,390,
22730,3031,1486,1545,5303,2569,2734,6061,2967,3094,5302,2554,2748,3029,1433,1596,757,367,390,
22735,3031,1486,1545,5304,2569,2735,6061,2967,3094,5303,2555,2748,3029,1433,1596,758,367,391,
22740,3032,1487,1545,5304,2569,2735,6062,2968,3094,5304,2555,2749,3031,1434,1597,758,367,391,
22745,3032,1487,1545,5306,2570,2736,6063,2969,3094,5305,2555,2750,3032,1435,1597,758,367,391,
22750,3033,1488,1545,5308,2571,2737,6066,2970,3096,5307,2556,2751,3032,1435,1597,758,367,391,
22755,3034,1488,1546,5308,2571,2737,6066,2970,3096,5308,2556,2752,3032,1435,1597,758,367,391,
22760,3035,1489,1546,5310,2571,2739,6069,2972,3097,5309,2557,2752,3033,1436,1597,758,367,391,
22765,3035,1489,1546,5311,2572,2739,6069,2972,3097,5310,2558,2752,3033,1436,1597,759,368,391,
22770,3036,1490,1546,5311,2572,2739,6070,2972,3098,5311,2558,2753,3035,1436,1599,759,368,391,
22775,3036,1490,1546,5313,2573,2740,6071,2973,3098,5312,2559,2753,3036,1437,1599,759,368,391,
22780,3037,1490,1547,5315,2575,2740,6074,2975,3099,5314,2559,2755,3036,1437,1599,759,368,391,
22785,3038,1490,1548,5315,2575,2740,6074,2975,3099,5315,2559,2756,3036,1437,1599,759,368,391,
22790,3039,1490,1549,5317,2577,2740,6077,2977,3100,5316,2559,2757,3037,1438,1599,759,368,391,
22795,3039,1490,1549,5318,2578,2740,6077,2977,3100,5317,2560,2757,3037,1438,1599,760,368,392,
22800,3040,1491,1549,5318,2578,2740,6078,2977,3101,5318,2560,2758,3039,1439,1600,760,368,392,
22805,3040,1491,1549,5320,2580,2740,6079,2978,3101,5319,2560,2759,3040,1440,1600,760,368,392,
22810,3041,1492,1549,5322,2580,2742,6082,2980,3102,5321,2561,2760,3040,1440,1600,760,368,392,
22815,3042,1492,1550,5322,2580,2742,6082,2980,3102,5322,2561,2761,3040,1440,1600,760,368,392,
22820,3043,1492,1551,5324,2581,2743,6085,2981,3104,5323,2561,2762,3041,1441,1600,760,368,392,
22825,3043,1492,1551,5325,2581,2744,6085,2981,3104,5324,2562,2762,3041,1441,1600,761,368,393,
22830,3044,1493,1551,5325,2581,2744,6086,2981,3105,5325,2562,2763,3043,1442,1601,761,368,393,
22835,3044,1493,1551,5327,2582,2745,6087,2982,3105,5326,2562,2764,3044,1442,1602,761,368,393,
22840,3045,1494,1551,5329,2584,2745,6090,2984,3106,5328,2564,2764,3044,1442,1602,761,368,393,
22845,3046,1494,1552,5329,2584,2745,6090,2984,3106,5329,2564,2765,3044,1442,1602,761,368,393,
22850,3047,1494,1553,5331,2586,2745,6093,2985,3108,5330,2564,2766,3045,1442,1603,761,368,393,
22855,3047,1494,1553,5332,2586,2746,6093,2985,3108,5331,2564,2767,3045,1442,1603,762,369,393,
22860,3048,1494,1554,5332,2586,2746,6094,2986,3108,5332,2564,2768,3047,1443,1604,762,369,393,
22865,3048,1494,1554,5334,2586,2748,6095,2987,3108,5333,2565,2768,3048,1444,1604,762,369,393,
22870,3049,1495,1554,5336,2587,2749,6098,2988,3110,5335,2565,2770,3048,1444,1604,762,369,393,
22875,3050,1496,1554,5336,2587,2749,6098,2988,3110,5336,2566,2770,3048,1444,1604,762,369,393,
22880,3051,1496,1555,5338,2588,2750,6101,2989,3112,5337,2567,2770,3049,1445,1604,762,369,393,
22885,3051,1496,1555,5339,2589,2750,6101,2989,3112,5338,2568,2770,3049,1445,1604,763,370,393,
22890,3052,1496,1556,5339,2589,2750,6102,2989,3113,5339,2569,2770,3051,1446,1605,763,370,393,
22895,3052,1496,1556,5341,2589,2752,6103,2989,3114,5340,2570,2770,3052,1447,1605,763,370,393,
22900,3053,1497,1556,5343,2589,2754,6106,2989,3117,5342,2571,2771,3052,1447,1605,763,370,393,
22905,3054,1497,1557,5343,2589,2754,6106,2989,3117,5343,2572,2771,3052,1447,1605,763,370,393,
22910,3055,1497,1558,5345,2591,2754,6109,2991,3118,5344,2572,2772,3053,1447,1606,763,370,393,
22915,3055,1497,1558,5346,2592,2754,6109,2991,3118,5345,2573,2772,3053,1447,1606,764,370,394,
22920,3056,1498,1558,5346,2592,2754,6110,2991,3119,5346,2573,2773,3055,1448,1607,764,370,394,
22925,3056,1498,1558,5348,2592,2756,6111,2991,3120,5347,2574,2773,3056,1448,1608,764,370,394,
22930,3057,1498,1559,5350,2594,2756,6114,2991,3123,5349,2575,2774,3056,1448,1608,764,370,394,
22935,3058,1498,1560,5350,2594,2756,6114,2991,3123,5350,2576,2774,3056,1448,1608,764,370,394,
22940,3059,1498,1561,5352,2595,2757,6117,2993,3124,5351,2577,2774,3057,1448,1609,764,370,394,
22945,3059,1498,1561,5353,2595,2758,6117,2993,3124,5352,2577,2775,3057,1448,1609,765,371,394,
22950,3060,1499,1561,5353,2595,2758,6118,2993,3125,5353,2578,2775,3059,1449,1610,765,371,394,
22955,3060,1499,1561,5355,2596,2759,6119,2993,3126,5354,2578,2776,3060,1450,1610,765,371,394,
22960,3061,1500,1561,5357,2598,2759,6122,2994,3128,5356,2579,2777,3060,1450,1610,765,371,394,
22965,3062,1500,1562,5357,2598,2759,6122,2994,3128,5357,2580,2777,3060,1450,1610,765,371,394,
22970,3063,1500,1563,5359,2599,2760,6125,2994,3131,5358,2581,2777,3061,1450,1611,765,371,394,
22975,3063,1500,1563,5360,2599,2761,6125,2994,3131,5359,2581,2778,3061,1450,1611,766,371,395,
22980,3064,1501,1563,5360,2599,2761,6126,2995,3131,5360,2582,2778,3063,1450,1613,766,371,395,
22985,3064,1501,1563,5362,2599,2763,6127,2996,3131,5361,2583,2778,3064,1450,1614,766,371,395,
22990,3065,1501,1564,5364,2600,2764,6130,2998,3132,5363,2583,2780,3064,1450,1614,766,371,395,
22995,3066,1501,1565,5364,2600,2764,6130,2998,3132,5364,2583,2781,3064,1450,1614,766,371,395,
23000,3067,1501,1566,5366,2601,2765,6133,2998,3135,5365,2584,2781,3065,1451,1614,766,371,395,
23005,3067,1501,1566,5367,2601,2766,6133,2998,3135,5366,2584,2782,3065,1451,1614,767,372,395,
23010,3068,1501,1567,5367,2601,2766,6134,2998,3136,5367,2584,2783,3067,1451,1616,767,372,395,
23015,3068,1501,1567,5369,2601,2768,6135,2998,3137,5368,2585,2783,3068,1451,1617,767,372,395,
23020,3069,1501,1568,5371,2602,2769,6138,2999,3139,5370,2586,2784,3068,1451,1617,767,372,395,
23025,3070,1501,1569,5371,2602,2769,6138,2999,3139,5371,2586,2785,3068,1451,1617,767,372,395,
23030,3071,1502,1569,5373,2602,2771,6141,3000,3141,5372,2586,2786,3069,1452,1617,767,372,395,
23035,3071,1502,1569,5374,2603,2771,6141,3000,3141,5373,2587,2786,3069,1452,1617,768,372,396,
23040,3072,1502,1570,5374,2603,2771,6142,3001,3141,5374,2587,2787,3071,1453,1618,768,372,396,
23045,3072,1502,1570,5376,2604,2772,6143,3001,3142,5375,2588,2787,3072,1454,1618,768,372,396,
23050,3073,1502,1571,5378,2606,2772,6146,3003,3143,5377,2590,2787,3072,1454,1618,768,372,396,
23055,3074,1503,1571,5378,2606,2772,6146,3003,3143,5378,2591,2787,3072,1454,1618,768,372,396,
23060,3075,1503,1572,5380,2608,2772,6149,3004,3145,5379,2592,2787,3073,1455,1618,768,372,396,
23065,3075,1503,1572,5381,2609,2772,6149,3004,3145,5380,2592,2788,3073,1455,1618,769,372,397,
23070,3076,1504,1572,5381,2609,2772,6150,3004,3146,5381,2592,2789,3075,1456,1619,769,372,397,
23075,3076,1504,1572,5383,2611,2772,6151,3005,3146,5382,2593,2789,3076,1457,1619,769,372,397,
23080,3077,1505,1572,5385,2612,2773,6154,3006,3148,5384,2594,2790,3076,1457,1619,769,372,397,
23085,3078,1505,1573,5385,2612,2773,6154,3006,3148,5385,2594,2791,3076,1457,1619,769,372,397,
23090,3079,1506,1573,5387,2613,2774,6157,3008,3149,5386,2594,2792,3077,1458,1619,769,372,397,
23095,3079,1506,1573,5388,2613,2775,6157,3008,3149,5387,2595,2792,3077,1458,1619,770,372,398,
23100,3080,1507,1573,5388,2613,2775,6158,3009,3149,5388,2596,2792,3079,1459,1620,770,372,398,
23105,3080,1507,1573,5390,2614,2776,6159,3010,3149,5389,2596,2793,3080,1460,1620,770,372,398,
23110,3081,1507,1574,5392,2614,2778,6162,3013,3149,5391,2598,2793,3080,1460,1620,770,372,398,
23115,3082,1508,1574,5392,2614,2778,6162,3013,3149,5392,2599,2793,3080,1460,1620,770,372,398,
23120,3083,1508,1575,5394,2616,2778,6165,3016,3149,5393,2599,2794,3081,1460,1621,770,372,398,
23125,3083,1508,1575,5395,2616,2779,6165,3016,3149,5394,2599,2795,3081,1460,1621,771,372,399,
23130,3084,1508,1576,5395,2616,2779,6166,3016,3150,5395,2600,2795,3083,1460,1623,771,372,399,
23135,3084,1508,1576,5397,2617,2780,6167,3016,3151,5396,2601,2795,3084,1460,1624,771,372,399,
23140,3085,1509,1576,5399,2619,2780,6170,3019,3151,5398,2602,2796,3084,1460,1624,771,372,399,
23145,3086,1510,1576,5399,2619,2780,6170,3019,3151,5399,2603,2796,3084,1460,1624,771,372,399,
23150,3087,1511,1576,5401,2620,2781,6173,3020,3153,5400,2603,2797,3085,1460,1625,771,372,399,
23155,3087,1511,1576,5402,2621,2781,6173,3020,3153,5401,2603,2798,3085,1460,1625,772,373,399,
23160,3088,1512,1576,5402,2621,2781,6174,3021,3153,5402,2603,2799,3087,1462,1625,772,373,399,
23165,3088,1512,1576,5404,2623,2781,6175,3021,3154,5403,2603,2800,3088,1462,1626,772,373,399,
23170,3089,1512,1577,5406,2624,2782,6178,3023,3155,5405,2605,2800,3088,1462,1626,772,373,399,
23175,3090,1513,1577,5406,2624,2782,6178,3023,3155,5406,2605,2801,3088,1462,1626,772,373,399,
23180,3091,1513,1578,5408,2625,2783,6181,3026,3155,5407,2605,2802,3089,1462,1627,772,373,399,
23185,3091,1513,1578,5409,2625,2784,6181,3026,3155,5408,2605,2803,3089,1462,1627,773,374,399,
23190,3092,1514,1578,5409,2625,2784,6182,3026,3156,5409,2605,2804,3091,1463,1628,773,374,399,
23195,3092,1514,1578,5411,2626,2785,6183,3027,3156,5410,2605,2805,3092,1463,1629,773,374,399,
23200,3093,1514,1579,5413,2628,2785,6186,3027,3159,5412,2606,2806,3092,1463,1629,773,374,399,
23205,3094,1514,1580,5413,2628,2785,6186,3027,3159,5413,2606,2807,3092,1463,1629,773,374,399,
23210,3095,1514,1581,5415,2629,2786,6189,3028,3161,5414,2607,2807,3093,1463,1630,773,374,399,
23215,3095,1514,1581,5416,2629,2787,6189,3028,3161,5415,2608,2807,3093,1463,1630,774,375,399,
23220,3096,1515,1581,5416,2629,2787,6190,3029,3161,5416,2609,2807,3095,1465,1630,774,375,399,
23225,3096,1515,1581,5418,2629,2789,6191,3030,3161,5417,2610,2807,3096,1466,1630,774,375,399,
23230,3097,1516,1581,5420,2630,2790,6194,3032,3162,5419,2612,2807,3096,1466,1630,774,375,399,
23235,3098,1516,1582,5420,2630,2790,6194,3032,3162,5420,2612,2808,3096,1466,1630,774,375,399,
23240,3099,1517,1582,5422,2631,2791,6197,3033,3164,5421,2612,2809,3097,1466,1631,774,375,399,
23245,3099,1517,1582,5423,2631,2792,6197,3033,3164,5422,2612,2810,3097,1466,1631,775,375,400,
23250,3100,1517,1583,5423,2631,2792,6198,3034,3164,5423,2612,2811,3099,1468,1631,775,375,400,
23255,3100,1517,1583,5425,2632,2793,6199,3035,3164,5424,2613,2811,3100,1469,1631,775,375,400,
23260,3101,1517,1584,5427,2633,2794,6202,3037,3165,5426,2614,2812,3100,1469,1631,775,375,400,
23265,3102,1518,1584,5427,2633,2794,6202,3037,3165,5427,2615,2812,3100,1469,1631,775,375,400,
23270,3103,1519,1584,5429,2635,2794,6205,3038,3167,5428,2616,2812,3101,1470,1631,775,375,400,
23275,3103,1519,1584,5430,2636,2794,6205,3038,3167,5429,2617,2812,3101,1470,1631,776,376,400,
23280,3104,1519,1585,5430,2636,2794,6206,3038,3168,5430,2617,2813,3103,1471,1632,776,376,400,
23285,3104,1519,1585,5432,2637,2795,6207,3038,3169,5431,2617,2814,3104,1472,1632,776,376,400,
23290,3105,1519,1586,5434,2637,2797,6210,3038,3172,5433,2618,2815,3104,1472,1632,776,376,400,
23295,3106,1520,1586,5434,2637,2797,6210,3038,3172,5434,2618,2816,3104,1472,1632,776,376,400,
23300,3107,1521,1586,5436,2637,2799,6213,3039,3174,5435,2619,2816,3105,1472,1633,776,376,400,
23305,3107,1521,1586,5437,2637,2800,6213,3039,3174,5436,2620,2816,3105,1472,1633,777,376,401,
23310,3108,1522,1586,5437,2637,2800,6214,3039,3175,5437,2620,2817,3107,1472,1635,777,376,401,
23315,3108,1522,1586,5439,2637,2802,6215,3040,3175,5438,2621,2817,3108,1473,1635,777,376,401,
23320,3109,1523,1586,5441,2638,2803,6218,3041,3177,5440,2621,2819,3108,1473,1635,777,376,401,
23325,3110,1524,1586,5441,2638,2803,6218,3041,3177,5441,2622,2819,3108,1473,1635,777,376,401,
23330,3111,1525,1586,5443,2640,2803,6221,3041,3180,5442,2622,2820,3109,1473,1636,777,376,401,
23335,3111,1525,1586,5444,2640,2804,6221,3041,3180,5443,2623,2820,3109,1473,1636,778,376,402,
23340,3112,1526,1586,5444,2640,2804,6222,3041,3181,5444,2623,2821,3111,1475,1636,778,376,402,
23345,3112,1526,1586,5446,2642,2804,6223,3041,3182,5445,2623,2822,3112,1475,1637,778,376,402,
23350,3113,1527,1586,5448,2642,2806,6226,3042,3184,5447,2623,2824,3112,1475,1637,778,376,402,
23355,3114,1528,1586,5448,2642,2806,6226,3042,3184,5448,2623,2825,3112,1475,1637,778,376,402,
23360,3115,1529,1586,5450,2643,2807,6229,3043,3186,5449,2623,2826,3113,1476,1637,778,376,402,
23365,3115,1529,1586,5451,2643,2808,6229,3043,3186,5450,2623,2827,3113,1476,1637,779,376,403,
23370,3116,1529,1587,5451,2643,2808,6230,3044,3186,5451,2624,2827,3115,1477,1638,779,376,403,
23375,3116,1529,1587,5453,2643,2810,6231,3045,3186,5452,2624,2828,3116,1477,1639,779,376,403,
23380,3117,1530,1587,5455,2643,2812,6234,3046,3188,5454,2625,2829,3116,1477,1639,779,376,403,
23385,3118,1531,1587,5455,2643,2812,6234,3046,3188,5455,2625,2830,3116,1477,1639,779,376,403,
23390,3119,1531,1588,5457,2643,2814,6237,3047,3190,5456,2626,2830,3117,1477,1640,779,376,403,
23395,3119,1531,1588,5458,2643,2815,6237,3047,3190,5457,2626,2831,3117,1477,1640,780,376,404,
23400,3120,1532,1588,5458,2643,2815,6238,3047,3191,5458,2627,2831,3119,1477,1642,780,376,404,
23405,3120,1532,1588,5460,2644,2816,6239,3048,3191,5459,2628,2831,3120,1478,1642,780,376,404,
23410,3121,1533,1588,5462,2645,2817,6242,3048,3194,5461,2628,2833,3120,1478,1642,780,376,404,
23415,3122,1534,1588,5462,2645,2817,6242,3048,3194,5462,2629,2833,3120,1478,1642,780,376,404,
23420,3123,1534,1589,5464,2647,2817,6245,3050,3195,5463,2630,2833,3121,1478,1643,780,376,404,
23425,3123,1534,1589,5465,2647,2818,6245,3050,3195,5464,2631,2833,3121,1478,1643,781,376,405,
23430,3124,1534,1590,5465,2647,2818,6246,3050,3196,5465,2631,2834,3123,1478,1645,781,376,405,
23435,3124,1534,1590,5467,2649,2818,6247,3050,3197,5466,2632,2834,3124,1478,1646,781,376,405,
23440,3125,1535,1590,5469,2650,2819,6250,3052,3198,5468,2633,2835,3124,1478,1646,781,376,405,
23445,3126,1535,1591,5469,2650,2819,6250,3052,3198,5469,2634,2835,3124,1478,1646,781,376,405,
23450,3127,1535,1592,5471,2650,2821,6253,3053,3200,5470,2635,2835,3125,1479,1646,781,376,405,
23455,3127,1535,1592,5472,2650,2822,6253,3053,3200,5471,2636,2835,3125,1479,1646,782,376,406,
23460,3128,1535,1593,5472,2650,2822,6254,3053,3201,5472,2636,2836,3127,1479,1648,782,376,406,
23465,3128,1535,1593,5474,2651,2823,6255,3054,3201,5473,2636,2837,3128,1480,1648,782,376,406,
23470,3129,1535,1594,5476,2653,2823,6258,3056,3202,5475,2636,2839,3128,1480,1648,782,376,406,
23475,3130,1536,1594,5476,2653,2823,6258,3056,3202,5476,2636,2840,3128,1480,1648,782,376,406,
23480,3131,1537,1594,5478,2653,2825,6261,3057,3204,5477,2637,2840,3129,1481,1648,782,376,406,
23485,3131,1537,1594,5479,2653,2826,6261,3057,3204,5478,2637,2841,3129,1481,1648,783,377,406,
23490,3132,1538,1594,5479,2653,2826,6262,3057,3205,5479,2637,2842,3131,1482,1649,783,377,406,
23495,3132,1538,1594,5481,2654,2827,6263,3058,3205,5480,2638,2842,3132,1483,1649,783,377,406,
23500,3133,1538,1595,5483,2655,2828,6266,3059,3207,5482,2639,2843,3132,1483,1649,783,377,406,
23505,3134,1538,1596,5483,2655,2828,6266,3059,3207,5483,2639,2844,3132,1483,1649,783,377,406,
23510,3135,1538,1597,5485,2655,2830,6269,3062,3207,5484,2639,2845,3133,1483,1650,783,377,406,
23515,3135,1538,1597,5486,2655,2831,6269,3062,3207,5485,2639,2846,3133,1483,1650,784,377,407,
23520,3136,1539,1597,5486,2655,2831,6270,3062,3208,5486,2640,2846,3135,1485,1650,784,377,407,
23525,3136,1539,1597,5488,2657,2831,6271,3063,3208,5487,2641,2846,3136,1485,1651,784,377,407,
23530,3137,1540,1597,5490,2658,2832,6274,3065,3209,5489,2642,2847,3136,1485,1651,784,377,407,
23535,3138,1540,1598,5490,2658,2832,6274,3065,3209,5490,2642,2848,3136,1485,1651,784,377,407,
23540,3139,1540,1599,5492,2659,2833,6277,3067,3210,5491,2643,2848,3137,1485,1652,784,377,407,
23545,3139,1540,1599,5493,2660,2833,6277,3067,3210,5492,2643,2849,3137,1485,1652,785,378,407,
23550,3140,1540,1600,5493,2660,2833,6278,3068,3210,5493,2643,2850,3139,1487,1652,785,378,407,
23555,3140,1540,1600,5495,2662,2833,6279,3069,3210,5494,2643,2851,3140,1488,1652,785,378,407,
23560,3141,1541,1600,5497,2663,2834,6282,3069,3213,5496,2645,2851,3140,1488,1652,785,378,407,
23565,3142,1541,1601,5497,2663,2834,6282,3069,3213,5497,2646,2851,3140,1488,1652,785,378,407,
23570,3143,1541,1602,5499,2664,2835,6285,3069,3216,5498,2647,2851,3141,1489,1652,785,378,407,
23575,3143,1541,1602,5500,2664,2836,6285,3069,3216,5499,2647,2852,3141,1489,1652,786,378,408,
23580,3144,1541,1603,5500,2664,2836,6286,3070,3216,5500,2648,2852,3143,1490,1653,786,378,408,
23585,3144,1541,1603,5502,2666,2836,6287,3070,3217,5501,2649,2852,3144,1490,1654,786,378,408,
23590,3145,1541,1604,5504,2668,2836,6290,3072,3218,5503,2650,2853,3144,1490,1654,786,378,408,
23595,3146,1542,1604,5504,2668,2836,6290,3072,3218,5504,2650,2854,3144,1490,1654,786,378,408,
23600,3147,1543,1604,5506,2669,2837,6293,3074,3219,5505,2651,2854,3145,1491,1654,786,378,408,
23605,3147,1543,1604,5507,2670,2837,6293,3074,3219,5506,2651,2855,3145,1491,1654,787,379,408,
23610,3148,1544,1604,5507,2670,2837,6294,3074,3220,5507,2651,2856,3147,1492,1655,787,379,408,
23615,3148,1544,1604,5509,2672,2837,6295,3075,3220,5508,2651,2857,3148,1492,1656,787,379,408,
23620,3149,1545,1604,5511,2674,2837,6298,3076,3222,5510,2652,2858,3148,1492,1656,787,379,408,
23625,3150,1545,1605,5511,2674,2837,6298,3076,3222,5511,2652,2859,3148,1492,1656,787,379,408,
23630,3151,1545,1606,5513,2675,2838,6301,3076,3225,5512,2652,2860,3149,1492,1657,787,379,408,
23635,3151,1545,1606,5514,2676,2838,6301,3076,3225,5513,2652,2861,3149,1492,1657,788,380,408,
23640,3152,1545,1607,5514,2676,2838,6302,3076,3226,5514,2652,2862,3151,1493,1658,788,380,408,
23645,3152,1545,1607,5516,2677,2839,6303,3077,3226,5515,2652,2863,3152,1493,1659,788,380,408,
23650,3153,1545,1608,5518,2678,2840,6306,3079,3227,5517,2652,2865,3152,1493,1659,788,380,408,
23655,3154,1545,1609,5518,2678,2840,6306,3079,3227,5518,2652,2866,3152,1493,1659,788,380,408,
23660,3155,1546,1609,5520,2679,2841,6309,3080,3229,5519,2653,2866,3153,1493,1660,788,380,408,
23665,3155,1546,1609,5521,2679,2842,6309,3080,3229,5520,2654,2866,3153,1493,1660,789,380,409,
23670,3156,1546,1610,5521,2679,2842,6310,3080,3230,5521,2654,2867,3155,1495,1660,789,380,409,
23675,3156,1546,1610,5523,2679,2844,6311,3080,3231,5522,2655,2867,3156,1496,1660,789,380,409,
23680,3157,1546,1611,5525,2681,2844,6314,3080,3234,5524,2657,2867,3156,1496,1660,789,380,409,
23685,3158,1547,1611,5525,2681,2844,6314,3080,3234,5525,2657,2868,3156,1496,1660,789,380,409,
23690,3159,1548,1611,5527,2682,2845,6317,3082,3235,5526,2657,2869,3157,1497,1660,789,380,409,
23695,3159,1548,1611,5528,2682,2846,6317,3082,3235,5527,2657,2870,3157,1497,1660,790,380,410,
23700,3160,1548,1612,5528,2682,2846,6318,3082,3236,5528,2657,2871,3159,1498,1661,790,380,410,
23705,3160,1548,1612,5530,2683,2847,6319,3082,3237,5529,2657,2872,3160,1499,1661,790,380,410,
23710,3161,1549,1612,5532,2684,2848,6322,3084,3238,5531,2659,2872,3160,1499,1661,790,380,410,
23715,3162,1549,1613,5532,2684,2848,6322,3084,3238,5532,2660,2872,3160,1499,1661,790,380,410,
23720,3163,1550,1613,5534,2686,2848,6325,3086,3239,5533,2661,2872,3161,1500,1661,790,380,410,
23725,3163,1550,1613,5535,2686,2849,6325,3086,3239,5534,2662,2872,3161,1500,1661,791,380,411,
23730,3164,1550,1614,5535,2686,2849,6326,3086,3240,5535,2663,2872,3163,1501,1662,791,380,411,
23735,3164,1550,1614,5537,2687,2850,6327,3087,3240,5536,2663,2873,3164,1502,1662,791,380,411,
23740,3165,1550,1615,5539,2687,2852,6330,3090,3240,5538,2664,2874,3164,1502,1662,791,380,411,
23745,3166,1551,1615,5539,2687,2852,6330,3090,3240,5539,2664,2875,3164,1502,1662,791,380,411,
23750,3167,1551,1616,5541,2688,2853,6333,3092,3241,5540,2664,2876,3165,1503,1662,791,380,411,
23755,3167,1551,1616,5542,2689,2853,6333,3092,3241,5541,2665,2876,3165,1503,1662,792,380,412,
23760,3168,1552,1616,5542,2689,2853,6334,3092,3242,5542,2666,2876,3167,1504,1663,792,380,412,
23765,3168,1552,1616,5544,2689,2855,6335,3093,3242,5543,2667,2876,3168,1505,1663,792,380,412,
23770,3169,1552,1617,5546,2690,2856,6338,3095,3243,5545,2668,2877,3168,1505,1663,792,380,412,
23775,3170,1552,1618,5546,2690,2856,6338,3095,3243,5546,2669,2877,3168,1505,1663,792,380,412,
23780,3171,1553,1618,5548,2690,2858,6341,3095,3246,5547,2669,2878,3169,1505,1664,792,380,412,
23785,3171,1553,1618,5549,2691,2858,6341,3095,3246,5548,2669,2879,3169,1505,1664,793,381,412,
23790,3172,1554,1618,5549,2691,2858,6342,3095,3247,5549,2669,2880,3171,1506,1665,793,381,412,
23795,3172,1554,1618,5551,2692,2859,6343,3095,3248,5550,2670,2880,3172,1507,1665,793,381,412,
23800,3173,1554,1619,5553,2694,2859,6346,3096,3250,5552,2670,2882,3172,1507,1665,793,381,412,
23805,3174,1554,1620,5553,2694,2859,6346,3096,3250,5553,2671,2882,3172,1507,1665,793,381,412,
23810,3175,1554,1621,5555,2694,2861,6349,3097,3252,5554,2671,2883,3173,1508,1665,793,381,412,
23815,3175,1554,1621,5556,2695,2861,6349,3097,3252,5555,2671,2884,3173,1508,1665,794,382,412,
23820,3176,1554,1622,5556,2695,2861,6350,3097,3253,5556,2671,2885,3175,1508,1667,794,382,412,
23825,3176,1554,1622,5558,2696,2862,6351,3098,3253,5557,2672,2885,3176,1509,1667,794,382,412,
23830,3177,1554,1623,5560,2696,2864,6354,3100,3254,5559,2673,2886,3176,1509,1667,794,382,412,
23835,3178,1555,1623,5560,2696,2864,6354,3100,3254,5560,2673,2887,3176,1509,1667,794,382,412,
23840,3179,1556,1623,5562,2697,2865,6357,3101,3256,5561,2673,2888,3177,1509,1668,794,382,412,
23845,3179,1556,1623,5563,2697,2866,6357,3101,3256,5562,2673,2889,3177,1509,1668,795,382,413,
23850,3180,1557,1623,5563,2697,2866,6358,3101,3257,5563,2673,2890,3179,1509,1670,795,382,413,
23855,3180,1557,1623,5565,2698,2867,6359,3101,3258,5564,2674,2890,3180,1509,1671,795,382,413,
23860,3181,1558,1623,5567,2698,2869,6362,3104,3258,5566,2676,2890,3180,1509,1671,795,382,413,
23865,3182,1559,1623,5567,2698,2869,6362,3104,3258,5567,2676,2891,3180,1509,1671,795,382,413,
23870,3183,1560,1623,5569,2699,2870,6365,3105,3260,5568,2676,2892,3181,1509,1672,795,382,413,
23875,3183,1560,1623,5570,2699,2871,6365,3105,3260,5569,2676,2893,3181,1509,1672,796,382,414,
23880,3184,1561,1623,5570,2699,2871,6366,3105,3261,5570,2676,2894,3183,1509,1674,796,382,414,
23885,3184,1561,1623,5572,2700,2872,6367,3106,3261,5571,2677,2894,3184,1509,1675,796,382,414,
23890,3185,1561,1624,5574,2700,2874,6370,3107,3263,5573,2678,2895,3184,1509,1675,796,382,414,
23895,3186,1561,1625,5574,2700,2874,6370,3107,3263,5574,2679,2895,3184,1509,1675,796,382,414,
23900,3187,1561,1626,5576,2702,2874,6373,3108,3265,5575,2679,2896,3185,1509,1676,796,382,414,
23905,3187,1561,1626,5577,2703,2874,6373,3108,3265,5576,2679,2897,3185,1509,1676,797,383,414,
23910,3188,1562,1626,5577,2703,2874,6374,3109,3265,5577,2680,2897,3187,1511,1676,797,383,414,
23915,3188,1562,1626,5579,2704,2875,6375,3109,3266,5578,2681,2897,3188,1512,1676,797,383,414,
23920,3189,1562,1627,5581,2706,2875,6378,3109,3269,5580,2683,2897,3188,1512,1676,797,383,414,
23925,3190,1562,1628,5581,2706,2875,6378,3109,3269,5581,2684,2897,3188,1512,1676,797,383,414,
23930,3191,1563,1628,5583,2708,2875,6381,3111,3270,5582,2684,2898,3189,1512,1677,797,383,414,
23935,3191,1563,1628,5584,2708,2876,6381,3111,3270,5583,2685,2898,3189,1512,1677,798,383,415,
23940,3192,1564,1628,5584,2708,2876,6382,3112,3270,5584,2685,2899,3191,1513,1678,798,383,415,
23945,3192,1564,1628,5586,2709,2877,6383,3113,3270,5585,2686,2899,3192,1513,1679,798,383,415,
23950,3193,1564,1629,5588,2709,2879,6386,3114,3272,5587,2687,2900,3192,1513,1679,798,383,415,
23955,3194,1565,1629,5588,2709,2879,6386,3114,3272,5588,2687,2901,3192,1513,1679,798,383,415,
23960,3195,1566,1629,5590,2710,2880,6389,3117,3272,5589,2688,2901,3193,1513,1680,798,383,415,
23965,3195,1566,1629,5591,2711,2880,6389,3117,3272,5590,2688,2902,3193,1513,1680,799,384,415,
23970,3196,1566,1630,5591,2711,2880,6390,3117,3273,5591,2689,2902,3195,1514,1681,799,384,415,
23975,3196,1566,1630,5593,2712,2881,6391,3117,3274,5592,2689,2903,3196,1514,1682,799,384,415,
23980,3197,1566,1631,5595,2712,2883,6394,3118,3276,5594,2690,2904,3196,1514,1682,799,384,415,
23985,3198,1567,1631,5595,2712,2883,6394,3118,3276,5595,2691,2904,3196,1514,1682,799,384,415,
23990,3199,1568,1631,5597,2713,2884,6397,3120,3277,5596,2691,2905,3197,1515,1682,799,384,415,
23995,3199,1568,1631,5598,2714,2884,6397,3120,3277,5597,2692,2905,3197,1515,1682,800,385,415,
24000,3200,1568,1632,5598,2714,2884,6398,3121,3277,5598,2693,2905,3199,1516,1683,800,385,415,
24005,3200,1568,1632,5600,2714,2886,6399,3121,3278,5599,2694,2905,3200,1517,1683,800,385,415,
24010,3201,1568,1633,5602,2716,2886,6402,3121,3281,5601,2696,2905,3200,1517,1683,800,385,415,
24015,3202,1569,1633,5602,2716,2886,6402,3121,3281,5602,2696,2906,3200,1517,1683,800,385,415,
24020,3203,1570,1633,5604,2718,2886,6405,3122,3283,5603,2697,2906,3201,1517,1684,800,385,415,
24025,3203,1570,1633,5605,2718,2887,6405,3122,3283,5604,2698,2906,3201,1517,1684,801,386,415,
24030,3204,1570,1634,5605,2718,2887,6406,3123,3283,5605,2698,2907,3203,1518,1685,801,386,415,
24035,3204,1570,1634,5607,2720,2887,6407,3123,3284,5606,2699,2907,3204,1518,1686,801,386,415,
24040,3205,1571,1634,5609,2720,2889,6410,3125,3285,5608,2701,2907,3204,1518,1686,801,386,415,
24045,3206,1572,1634,5609,2720,2889,6410,3125,3285,5609,2701,2908,3204,1518,1686,801,386,415,
24050,3207,1572,1635,5611,2721,2890,6413,3127,3286,5610,2702,2908,3205,1518,1687,801,386,415,
24055,3207,1572,1635,5612,2722,2890,6413,3127,3286,5611,2703,2908,3205,1518,1687,802,387,415,
24060,3208,1572,1636,5612,2722,2890,6414,3127,3287,5612,2703,2909,3207,1520,1687,802,387,415,
24065,3208,1572,1636,5614,2723,2891,6415,3127,3288,5613,2703,2910,3208,1520,1688,802,387,415,
24070,3209,1573,1636,5616,2725,2891,6418,3129,3289,5615,2704,2911,3208,1520,1688,802,387,415,
24075,3210,1574,1636,5616,2725,2891,6418,3129,3289,5616,2704,2912,3208,1520,1688,802,387,415,
24080,3211,1574,1637,5618,2726,2892,6421,3130,3291,5617,2704,2913,3209,1520,1689,802,387,415,
24085,3211,1574,1637,5619,2726,2893,6421,3130,3291,5618,2704,2914,3209,1520,1689,803,387,416,
24090,3212,1574,1638,5619,2726,2893,6422,3130,3292,5619,2704,2915,3211,1521,1690,803,387,416,
24095,3212,1574,1638,5621,2728,2893,6423,3131,3292,5620,2704,2916,3212,1522,1690,803,387,416,
24100,3213,1574,1639,5623,2729,2894,6426,3131,3295,5622,2704,2918,3212,1522,1690,803,387,416,
24105,3214,1574,1640,5623,2729,2894,6426,3131,3295,5623,2705,2918,3212,1522,1690,803,387,416,
24110,3215,1575,1640,5625,2730,2895,6429,3133,3296,5624,2706,2918,3213,1523,1690,803,387,416,
24115,3215,1575,1640,5626,2730,2896,6429,3133,3296,5625,2706,2919,3213,1523,1690,804,388,416,
24120,3216,1575,1641,5626,2730,2896,6430,3133,3297,5626,2707,2919,3215,1524,1691,804,388,416,
24125,3216,1575,1641,5628,2730,2898,6431,3134,3297,5627,2708,2919,3216,1524,1692,804,388,416,
24130,3217,1575,1642,5630,2731,2899,6434,3135,3299,5629,2709,2920,3216,1524,1692,804,388,416,
24135,3218,1575,1643,5630,2731,2899,6434,3135,3299,5630,2709,2921,3216,1524,1692,804,388,416,
24140,3219,1576,1643,5632,2732,2900,6437,3137,3300,5631,2709,2922,3217,1524,1693,804,388,416,
24145,3219,1576,1643,5633,2732,2901,6437,3137,3300,5632,2709,2923,3217,1524,1693,805,389,416,
24150,3220,1576,1644,5633,2732,2901,6438,3137,3301,5633,2710,2923,3219,1525,1694,805,389,416,
24155,3220,1576,1644,5635,2734,2901,6439,3137,3302,5634,2710,2924,3220,1526,1694,805,389,416,
24160,3221,1577,1644,5637,2735,2902,6442,3138,3304,5636,2712,2924,3220,1526,1694,805,389,416,
24165,3222,1577,1645,5637,2735,2902,6442,3138,3304,5637,2712,2925,3220,1526,1694,805,389,416,
24170,3223,1577,1646,5639,2736,2903,6445,3141,3304,5638,2712,2926,3221,1526,1695,805,389,416,
24175,3223,1577,1646,5640,2736,2904,6445,3141,3304,5639,2713,2926,3221,1526,1695,806,389,417,
24180,3224,1578,1646,5640,2736,2904,6446,3141,3305,5640,2713,2927,3223,1526,1697,806,389,417,
24185,3224,1578,1646,5642,2736,2906,6447,3142,3305,5641,2713,2928,3224,1526,1698,806,389,417,
24190,3225,1578,1647,5644,2737,2907,6450,3143,3307,5643,2714,2929,3224,1526,1698,806,389,417,
24195,3226,1578,1648,5644,2737,2907,6450,3143,3307,5644,2714,2930,3224,1526,1698,806,389,417,
24200,3227,1578,1649,5646,2738,2908,6453,3143,3310,5645,2714,2931,3225,1527,1698,806,389,417,
24205,3227,1578,1649,5647,2739,2908,6453,3143,3310,5646,2714,2932,3225,1527,1698,807,389,418,
24210,3228,1578,1650,5647,2739,2908,6454,3143,3311,5647,2714,2933,3227,1527,1700,807,389,418,
24215,3228,1578,1650,5649,2739,2910,6455,3144,3311,5648,2714,2934,3228,1527,1701,807,389,418,
24220,3229,1578,1651,5651,2740,2911,6458,3145,3313,5650,2715,2935,3228,1527,1701,807,389,418,
24225,3230,1579,1651,5651,2740,2911,6458,3145,3313,5651,2715,2936,3228,1527,1701,807,389,418,
24230,3231,1579,1652,5653,2741,2912,6461,3145,3316,5652,2716,2936,3229,1528,1701,807,389,418,
24235,3231,1579,1652,5654,2742,2912,6461,3145,3316,5653,2716,2937,3229,1528,1701,808,389,419,
24240,3232,1579,1653,5654,2742,2912,6462,3146,3316,5654,2716,2938,3231,1530,1701,808,389,419,
24245,3232,1579,1653,5656,2743,2913,6463,3146,3317,5655,2717,2938,3232,1531,1701,808,389,419,
24250,3233,1580,1653,5658,2744,2914,6466,3147,3319,5657,2718,2939,3232,1531,1701,808,389,419,
24255,3234,1581,1653,5658,2744,2914,6466,3147,3319,5658,2719,2939,3232,1531,1701,808,389,419,
24260,3235,1581,1654,5660,2744,2916,6469,3147,3322,5659,2720,2939,3233,1532,1701,808,389,419,
24265,3235,1581,1654,5661,2744,2917,6469,3147,3322,5660,2721,2939,3233,1532,1701,809,389,420,
24270,3236,1582,1654,5661,2744,2917,6470,3148,3322,5661,2721,2940,3235,1532,1703,809,389,420,
24275,3236,1582,1654,5663,2745,2918,6471,3149,3322,5662,2721,2941,3236,1532,1704,809,389,420,
24280,3237,1583,1654,5665,2745,2920,6474,3152,3322,5664,2722,2942,3236,1532,1704,809,389,420,
24285,3238,1583,1655,5665,2745,2920,6474,3152,3322,5665,2722,2943,3236,1532,1704,809,389,420,
24290,3239,1584,1655,5667,2747,2920,6477,3154,3323,5666,2722,2944,3237,1532,1705,809,389,420,
24295,3239,1584,1655,5668,2747,2921,6477,3154,3323,5667,2722,2945,3237,1532,1705,810,390,420,
24300,3240,1585,1655,5668,2747,2921,6478,3154,3324,5668,2722,2946,3239,1533,1706,810,390,420,
24305,3240,1585,1655,5670,2749,2921,6479,3155,3324,5669,2722,2947,3240,1533,1707,810,390,420,
24310,3241,1586,1655,5672,2751,2921,6482,3156,3326,5671,2723,2948,3240,1533,1707,810,390,420,
24315,3242,1587,1655,5672,2751,2921,6482,3156,3326,5672,2724,2948,3240,1533,1707,810,390,420,
24320,3243,1588,1655,5674,2752,2922,6485,3158,3327,5673,2724,2949,3241,1534,1707,810,390,420,
24325,3243,1588,1655,5675,2752,2923,6485,3158,3327,5674,2725,2949,3241,1534,1707,811,390,421,
24330,3244,1588,1656,5675,2752,2923,6486,3158,3328,5675,2726,2949,3243,1535,1708,811,390,421,
24335,3244,1588,1656,5677,2752,2925,6487,3158,3329,5676,2727,2949,3244,1535,1709,811,390,421,
24340,3245,1589,1656,5679,2752,2927,6490,3161,3329,5678,2727,2951,3244,1535,1709,811,390,421,
24345,3246,1590,1656,5679,2752,2927,6490,3161,3329,5679,2727,2952,3244,1535,1709,811,390,421,
24350,3247,1590,1657,5681,2754,2927,6493,3163,3330,5680,2727,2953,3245,1535,1710,811,390,421,
24355,3247,1590,1657,5682,2755,2927,6493,3163,3330,5681,2728,2953,3245,1535,1710,812,390,422,
24360,3248,1591,1657,5682,2755,2927,6494,3164,3330,5682,2728,2954,3247,1537,1710,812,390,422,
24365,3248,1591,1657,5684,2756,2928,6495,3165,3330,5683,2729,2954,3248,1537,1711,812,390,422,
24370,3249,1591,1658,5686,2758,2928,6498,3168,3330,5685,2729,2956,3248,1537,1711,812,390,422,
24375,3250,1591,1659,5686,2758,2928,6498,3168,3330,5686,2729,2957,3248,1537,1711,812,390,422,
24380,3251,1591,1660,5688,2759,2929,6501,3168,3333,5687,2730,2957,3249,1538,1711,812,390,422,
24385,3251,1591,1660,5689,2759,2930,6501,3168,3333,5688,2730,2958,3249,1538,1711,813,391,422,
24390,3252,1591,1661,5689,2759,2930,6502,3168,3334,5689,2731,2958,3251,1538,1713,813,391,422,
24395,3252,1591,1661,5691,2760,2931,6503,3169,3334,5690,2731,2959,3252,1539,1713,813,391,422,
24400,3253,1591,1662,5693,2762,2931,6506,3169,3337,5692,2733,2959,3252,1539,1713,813,391,422,
24405,3254,1591,1663,5693,2762,2931,6506,3169,3337,5693,2733,2960,3252,1539,1713,813,391,422,
24410,3255,1592,1663,5695,2763,2932,6509,3171,3338,5694,2733,2961,3253,1539,1714,813,391,422,
24415,3255,1592,1663,5696,2764,2932,6509,3171,3338,5695,2734,2961,3253,1539,1714,814,391,423,
24420,3256,1592,1664,5696,2764,2932,6510,3172,3338,5696,2735,2961,3255,1540,1715,814,391,423,
24425,3256,1592,1664,5698,2766,2932,6511,3172,3339,5697,2736,2961,3256,1540,1716,814,391,423,
24430,3257,1592,1665,5700,2767,2933,6514,3173,3341,5699,2736,2963,3256,1540,1716,814,391,423,
24435,3258,1592,1666,5700,2767,2933,6514,3173,3341,5700,2737,2963,3256,1540,1716,814,391,423,
24440,3259,1593,1666,5702,2767,2935,6517,3175,3342,5701,2738,2963,3257,1541,1716,814,391,423,
24445,3259,1593,1666,5703,2767,2936,6517,3175,3342,5702,2739,2963,3257,1541,1716,815,391,424,
24450,3260,1593,1667,5703,2767,2936,6518,3175,3343,5703,2740,2963,3259,1542,1717,815,391,424,
24455,3260,1593,1667,5705,2768,2937,6519,3176,3343,5704,2740,2964,3260,1542,1718,815,391,424,
24460,3261,1594,1667,5707,2768,2939,6522,3177,3345,5706,2741,2965,3260,1542,1718,815,391,424,
24465,3262,1595,1667,5707,2768,2939,6522,3177,3345,5707,2741,2966,3260,1542,1718,815,391,424,
24470,3263,1596,1667,5709,2769,2940,6525,3179,3346,5708,2742,2966,3261,1542,1719,815,391,424,
24475,3263,1596,1667,5710,2769,2941,6525,3179,3346,5709,2742,2967,3261,1542,1719,816,391,425,
24480,3264,1596,1668,5710,2769,2941,6526,3179,3347,5710,2742,2968,3263,1542,1721,816,391,425,
24485,3264,1596,1668,5712,2769,2943,6527,3180,3347,5711,2743,2968,3264,1542,1722,816,391,425,
24490,3265,1597,1668,5714,2771,2943,6530,3180,3350,5713,2743,2970,3264,1542,1722,816,391,425,
24495,3266,1598,1668,5714,2771,2943,6530,3180,3350,5714,2743,2971,3264,1542,1722,816,391,425,
24500,3267,1598,1669,5716,2772,2944,6533,3181,3352,5715,2743,2972,3265,1542,1723,816,391,425,
24505,3267,1598,1669,5717,2773,2944,6533,3181,3352,5716,2744,2972,3265,1542,1723,817,392,425,
24510,3268,1598,1670,5717,2773,2944,6534,3181,3353,5717,2745,2972,3267,1543,1724,817,392,425,
24515,3268,1598,1670,5719,2773,2946,6535,3181,3354,5718,2745,2973,3268,1544,1724,817,392,425,
24520,3269,1599,1670,5721,2773,2948,6538,3182,3356,5720,2746,2974,3268,1544,1724,817,392,425,
24525,3270,1599,1671,5721,2773,2948,6538,3182,3356,5721,2747,2974,3268,1544,1724,817,392,425,
24530,3271,1600,1671,5723,2774,2949,6541,3184,3357,5722,2748,2974,3269,1545,1724,817,392,425,
24535,3271,1600,1671,5724,2774,2950,6541,3184,3357,5723,2748,2975,3269,1545,1724,818,392,426,
24540,3272,1600,1672,5724,2774,2950,6542,3185,3357,5724,2749,2975,3271,1545,1726,818,392,426,
24545,3272,1600,1672,5726,2775,2951,6543,3185,3358,5725,2750,2975,3272,1546,1726,818,392,426,
24550,3273,1601,1672,5728,2776,2952,6546,3186,3360,5727,2750,2977,3272,1546,1726,818,392,426,
24555,3274,1602,1672,5728,2776,2952,6546,3186,3360,5728,2750,2978,3272,1546,1726,818,392,426,
24560,3275,1603,1672,5730,2776,2954,6549,3188,3361,5729,2750,2979,3273,1547,1726,818,392,426,
24565,3275,1603,1672,5731,2776,2955,6549,3188,3361,5730,2750,2980,3273,1547,1726,819,392,427,
24570,3276,1604,1672,5731,2776,2955,6550,3188,3362,5731,2751,2980,3275,1548,1727,819,392,427,
24575,3276,1604,1672,5733,2776,2957,6551,3189,3362,5732,2751,2981,3276,1548,1728,819,392,427,
24580,3277,1605,1672,5735,2776,2959,6554,3190,3364,5734,2752,2982,3276,1548,1728,819,392,427,
24585,3278,1605,1673,5735,2776,2959,6554,3190,3364,5735,2752,2983,3276,1548,1728,819,392,427,
24590,3279,1605,1674,5737,2778,2959,6557,3192,3365,5736,2752,2984,3277,1549,1728,819,392,427,
24595,3279,1605,1674,5738,2779,2959,6557,3192,3365,5737,2752,2985,3277,1549,1728,820,393,427,
24600,3280,1605,1675,5738,2779,2959,6558,3193,3365,5738,2752,2986,3279,1551,1728,820,393,427,
24605,3280,1605,1675,5740,2779,2961,6559,3193,3366,5739,2752,2987,3280,1552,1728,820,393,427,
24610,3281,1605,1676,5742,2779,2963,6562,3194,3368,5741,2752,2989,3280,1552,1728,820,393,427,
24615,3282,1606,1676,5742,2779,2963,6562,3194,3368,5742,2753,2989,3280,1552,1728,820,393,427,
24620,3283,1607,1676,5744,2779,2965,6565,3196,3369,5743,2753,2990,3281,1552,1729,820,393,427,
24625,3283,1607,1676,5745,2779,2966,6565,3196,3369,5744,2753,2991,3281,1552,1729,821,393,428,
24630,3284,1607,1677,5745,2779,2966,6566,3196,3370,5745,2754,2991,3283,1553,1730,821,393,428,
24635,3284,1607,1677,5747,2779,2968,6567,3196,3371,5746,2754,2992,3284,1554,1730,821,393,428,
24640,3285,1608,1677,5749,2779,2970,6570,3197,3373,5748,2756,2992,3284,1554,1730,821,393,428,
24645,3286,1609,1677,5749,2779,2970,6570,3197,3373,5749,2756,2993,3284,1554,1730,821,393,428,
24650,3287,1609,1678,5751,2779,2972,6573,3199,3374,5750,2756,2994,3285,1554,1731,821,393,428,
24655,3287,1609,1678,5752,2780,2972,6573,3199,3374,5751,2757,2994,3285,1554,1731,822,394,428,
24660,3288,1609,1679,5752,2780,2972,6574,3200,3374,5752,2758,2994,3287,1555,1732,822,394,428,
24665,3288,1609,1679,5754,2781,2973,6575,3201,3374,5753,2759,2994,3288,1556,1732,822,394,428,
24670,3289,1609,1680,5756,2782,2974,6578,3201,3377,5755,2759,2996,3288,1556,1732,822,394,428,
24675,3290,1609,1681,5756,2782,2974,6578,3201,3377,5756,2759,2997,3288,1556,1732,822,394,428,
24680,3291,1610,1681,5758,2783,2975,6581,3202,3379,5757,2759,2998,3289,1557,1732,822,394,428,
24685,3291,1610,1681,5759,2784,2975,6581,3202,3379,5758,2759,2999,3289,1557,1732,823,394,429,
24690,3292,1611,1681,5759,2784,2975,6582,3203,3379,5759,2759,3000,3291,1557,1734,823,394,429,
24695,3292,1611,1681,5761,2785,2976,6583,3204,3379,5760,2760,3000,3292,1557,1735,823,394,429,
24700,3293,1612,1681,5763,2786,2977,6586,3204,3382,5762,2761,3001,3292,1557,1735,823,394,429,
24705,3294,1612,1682,5763,2786,2977,6586,3204,3382,5763,2762,3001,3292,1557,1735,823,394,429,
24710,3295,1612,1683,5765,2788,2977,6589,3205,3384,5764,2763,3001,3293,1557,1736,823,394,429,
24715,3295,1612,1683,5766,2789,2977,6589,3205,3384,5765,2763,3002,3293,1557,1736,824,395,429,
24720,3296,1612,1684,5766,2789,2977,6590,3205,3385,5766,2764,3002,3295,1558,1737,824,395,429,
24725,3296,1612,1684,5768,2790,2978,6591,3206,3385,5767,2764,3003,3296,1559,1737,824,395,429,
24730,3297,1612,1685,5770,2791,2979,6594,3207,3387,5769,2764,3005,3296,1559,1737,824,395,429,
24735,3298,1612,1686,5770,2791,2979,6594,3207,3387,5770,2765,3005,3296,1559,1737,824,395,429,
24740,3299,1613,1686,5772,2793,2979,6597,3208,3389,5771,2765,3006,3297,1559,1738,824,395,429,
24745,3299,1613,1686,5773,2793,2980,6597,3208,3389,5772,2766,3006,3297,1559,1738,825,395,430,
24750,3300,1614,1686,5773,2793,2980,6598,3209,3389,5773,2766,3007,3299,1559,1740,825,395,430,
24755,3300,1614,1686,5775,2794,2981,6599,3209,3390,5774,2766,3008,3300,1560,1740,825,395,430,
24760,3301,1614,1687,5777,2796,2981,6602,3209,3393,5776,2766,3010,3300,1560,1740,825,395,430,
24765,3302,1615,1687,5777,2796,2981,6602,3209,3393,5777,2767,3010,3300,1560,1740,825,395,430,
24770,3303,1616,1687,5779,2797,2982,6605,3211,3394,5778,2768,3010,3301,1560,1741,825,395,430,
24775,3303,1616,1687,5780,2798,2982,6605,3211,3394,5779,2769,3010,3301,1560,1741,826,395,431,
24780,3304,1616,1688,5780,2798,2982,6606,3212,3394,5780,2770,3010,3303,1560,1743,826,395,431,
24785,3304,1616,1688,5782,2798,2984,6607,3213,3394,5781,2770,3011,3304,1560,1744,826,395,431,
24790,3305,1617,1688,5784,2800,2984,6610,3215,3395,5783,2771,3012,3304,1560,1744,826,395,431,
24795,3306,1618,1688,5784,2800,2984,6610,3215,3395,5784,2771,3013,3304,1560,1744,826,395,431,
24800,3307,1619,1688,5786,2800,2986,6613,3217,3396,5785,2771,3014,3305,1560,1745,826,395,431,
24805,3307,1619,1688,5787,2800,2987,6613,3217,3396,5786,2772,3014,3305,1560,1745,827,395,432,
24810,3308,1620,1688,5787,2800,2987,6614,3218,3396,5787,2773,3014,3307,1562,1745,827,395,432,
24815,3308,1620,1688,5789,2802,2987,6615,3218,3397,5788,2774,3014,3308,1562,1746,827,395,432,
24820,3309,1620,1689,5791,2803,2988,6618,3220,3398,5790,2775,3015,3308,1562,1746,827,395,432,
24825,3310,1621,1689,5791,2803,2988,6618,3220,3398,5791,2775,3016,3308,1562,1746,827,395,432,
24830,3311,1621,1690,5793,2805,2988,6621,3223,3398,5792,2775,3017,3309,1562,1747,827,395,432,
24835,3311,1621,1690,5794,2805,2989,6621,3223,3398,5793,2776,3017,3309,1562,1747,828,396,432,
24840,3312,1622,1690,5794,2805,2989,6622,3223,3399,5794,2776,3018,3311,1564,1747,828,396,432,
24845,3312,1622,1690,5796,2805,2991,6623,3224,3399,5795,2777,3018,3312,1564,1748,828,396,432,
24850,3313,1623,1690,5798,2807,2991,6626,3224,3402,5797,2779,3018,3312,1564,1748,828,396,432,
24855,3314,1624,1690,5798,2807,2991,6626,3224,3402,5798,2779,3019,3312,1564,1748,828,396,432,
24860,3315,1624,1691,5800,2809,2991,6629,3226,3403,5799,2780,3019,3313,1565,1748,828,396,432,
24865,3315,1624,1691,5801,2809,2992,6629,3226,3403,5800,2781,3019,3313,1565,1748,829,397,432,
24870,3316,1625,1691,5801,2809,2992,6630,3226,3404,5801,2781,3020,3315,1566,1749,829,397,432,
24875,3316,1625,1691,5803,2810,2993,6631,3227,3404,5802,2781,3021,3316,1567,1749,829,397,432,
24880,3317,1625,1692,5805,2812,2993,6634,3229,3405,5804,2782,3022,3316,1567,1749,829,397,432,
24885,3318,1626,1692,5805,2812,2993,6634,3229,3405,5805,2782,3023,3316,1567,1749,829,397,432,
24890,3319,1627,1692,5807,2813,2994,6637,3231,3406,5806,2783,3023,3317,1567,1750,829,397,432,
24895,3319,1627,1692,5808,2813,2995,6637,3231,3406,5807,2783,3024,3317,1567,1750,830,397,433,
24900,3320,1627,1693,5808,2813,2995,6638,3232,3406,5808,2783,3025,3319,1568,1751,830,397,433,
24905,3320,1627,1693,5810,2814,2996,6639,3233,3406,5809,2783,3026,3320,1569,1751,830,397,433,
24910,3321,1628,1693,5812,2814,2998,6642,3234,3408,5811,2785,3026,3320,1569,1751,830,397,433,
24915,3322,1628,1694,5812,2814,2998,6642,3234,3408,5812,2785,3027,3320,1569,1751,830,397,433,
24920,3323,1628,1695,5814,2814,3000,6645,3234,3411,5813,2785,3028,3321,1570,1751,830,397,433,
24925,3323,1628,1695,5815,2814,3001,6645,3234,3411,5814,2785,3029,3321,1570,1751,831,398,433,
24930,3324,1629,1695,5815,2814,3001,6646,3234,3412,5815,2785,3030,3323,1571,1752,831,398,433,
24935,3324,1629,1695,5817,2814,3003,6647,3235,3412,5816,2786,3030,3324,1571,1753,831,398,433,
24940,3325,1629,1696,5819,2816,3003,6650,3236,3414,5818,2787,3031,3324,1571,1753,831,398,433,
24945,3326,1630,1696,5819,2816,3003,6650,3236,3414,5819,2787,3032,3324,1571,1753,831,398,433,
24950,3327,1631,1696,5821,2817,3004,6653,3236,3417,5820,2787,3033,3325,1572,1753,831,398,433,
24955,3327,1631,1696,5822,2817,3005,6653,3236,3417,5821,2788,3033,3325,1572,1753,832,399,433,
24960,3328,1632,1696,5822,2817,3005,6654,3237,3417,5822,2788,3034,3327,1574,1753,832,399,433,
24965,3328,1632,1696,5824,2819,3005,6655,3237,3418,5823,2788,3035,3328,1575,1753,832,399,433,
24970,3329,1633,1696,5826,2820,3006,6658,3239,3419,5825,2789,3036,3328,1575,1753,832,399,433,
24975,3330,1633,1697,5826,2820,3006,6658,3239,3419,5826,2789,3037,3328,1575,1753,832,399,433,
24980,3331,1634,1697,5828,2822,3006,6661,3242,3419,5827,2790,3037,3329,1575,1754,832,399,433,
24985,3331,1634,1697,5829,2822,3007,6661,3242,3419,5828,2791,3037,3329,1575,1754,833,400,433,
24990,3332,1635,1697,5829,2822,3007,6662,3242,3420,5829,2791,3038,3331,1576,1755,833,400,433,
24995,3332,1635,1697,5831,2822,3009,6663,3243,3420,5830,2791,3039,3332,1576,1756,833,400,433,
25000,3333,1636,1697,5833,2822,3011,6666,3244,3422,5832,2792,3040,3332,1576,1756,833,400,433,
25005,3334,1637,1697,5833,2822,3011,6666,3244,3422,5833,2793,3040,3332,1576,1756,833,400,433,
25010,3335,1638,1697,5835,2823,3012,6669,3245,3424,5834,2794,3040,3333,1577,1756,833,400,433,
25015,3335,1638,1697,5836,2823,3013,6669,3245,3424,5835,2794,3041,3333,1577,1756,834,400,434,
25020,3336,1639,1697,5836,2823,3013,6670,3246,3424,5836,2794,3042,3335,1578,1757,834,400,434,
25025,3336,1639,1697,5838,2823,3015,6671,3247,3424,5837,2795,3042,3336,1578,1758,834,400,434,
25030,3337,1640,1697,5840,2825,3015,6674,3248,3426,5839,2796,3043,3336,1578,1758,834,400,434,
25035,3338,1640,1698,5840,2825,3015,6674,3248,3426,5840,2796,3044,3336,1578,1758,834,400,434,
25040,3339,1641,1698,5842,2826,3016,6677,3248,3429,5841,2796,3045,3337,1579,1758,834,400,434,
25045,3339,1641,1698,5843,2827,3016,6677,3248,3429,5842,2796,3046,3337,1579,1758,835,400,435,
25050,3340,1642,1698,5843,2827,3016,6678,3249,3429,5843,2796,3047,3339,1580,1759,835,400,435,
25055,3340,1642,1698,5845,2827,3018,6679,3249,3430,5844,2796,3048,3340,1580,1760,835,400,435,
25060,3341,1642,1699,5847,2828,3019,6682,3250,3432,5846,2797,3049,3340,1580,1760,835,400,435,
25065,3342,1643,1699,5847,2828,3019,6682,3250,3432,5847,2797,3050,3340,1580,1760,835,400,435,
25070,3343,1643,1700,5849,2829,3020,6685,3252,3433,5848,2797,3051,3341,1581,1760,835,400,435,
25075,3343,1643,1700,5850,2830,3020,6685,3252,3433,5849,2797,3052,3341,1581,1760,836,400,436,
25080,3344,1644,1700,5850,2830,3020,6686,3252,3434,5850,2797,3053,3343,1582,1761,836,400,436,
25085,3344,1644,1700,5852,2830,3022,6687,3252,3435,5851,2798,3053,3344,1583,1761,836,400,436,
25090,3345,1645,1700,5854,2831,3023,6690,3254,3436,5853,2799,3054,3344,1583,1761,836,400,436,
25095,3346,1646,1700,5854,2831,3023,6690,3254,3436,5854,2800,3054,3344,1583,1761,836,400,436,
25100,3347,1646,1701,5856,2832,3024,6693,3255,3438,5855,2801,3054,3345,1584,1761,836,400,436,
25105,3347,1646,1701,5857,2832,3025,6693,3255,3438,5856,2801,3055,3345,1584,1761,837,401,436,
25110,3348,1646,1702,5857,2832,3025,6694,3255,3439,5857,2801,3056,3347,1585,1762,837,401,436,
25115,3348,1646,1702,5859,2833,3026,6695,3256,3439,5858,2802,3056,3348,1585,1763,837,401,436,
25120,3349,1646,1703,5861,2835,3026,6698,3257,3441,5860,2803,3057,3348,1585,1763,837,401,436,
25125,3350,1647,1703,5861,2835,3026,6698,3257,3441,5861,2804,3057,3348,1585,1763,837,401,436,
25130,3351,1647,1704,5863,2835,3028,6701,3258,3443,5862,2805,3057,3349,1586,1763,837,401,436,
25135,3351,1647,1704,5864,2836,3028,6701,3258,3443,5863,2805,3058,3349,1586,1763,838,401,437,
25140,3352,1647,1705,5864,2836,3028,6702,3258,3444,5864,2806,3058,3351,1588,1763,838,401,437,
25145,3352,1647,1705,5866,2837,3029,6703,3259,3444,5865,2806,3059,3352,1588,1764,838,401,437,
25150,3353,1647,1706,5868,2838,3030,6706,3261,3445,5867,2807,3060,3352,1588,1764,838,401,437,
25155,3354,1647,1707,5868,2838,3030,6706,3261,3445,5868,2807,3061,3352,1588,1764,838,401,437,
25160,3355,1648,1707,5870,2839,3031,6709,3262,3447,5869,2808,3061,3353,1588,1765,838,401,437,
25165,3355,1648,1707,5871,2840,3031,6709,3262,3447,5870,2809,3061,3353,1588,1765,839,402,437,
25170,3356,1648,1708,5871,2840,3031,6710,3262,3448,5871,2809,3062,3355,1590,1765,839,402,437,
25175,3356,1648,1708,5873,2841,3032,6711,3262,3449,5872,2810,3062,3356,1590,1766,839,402,437,
25180,3357,1648,1709,5875,2842,3033,6714,3264,3450,5874,2812,3062,3356,1590,1766,839,402,437,
25185,3358,1649,1709,5875,2842,3033,6714,3264,3450,5875,2813,3062,3356,1590,1766,839,402,437,
25190,3359,1650,1709,5877,2843,3034,6717,3266,3451,5876,2813,3063,3357,1590,1767,839,402,437,
25195,3359,1650,1709,5878,2843,3035,6717,3266,3451,5877,2813,3064,3357,1590,1767,840,403,437,
25200,3360,1651,1709,5878,2843,3035,6718,3267,3451,5878,2814,3064,3359,1591,1768,840,403,437,
25205,3360,1651,1709,5880,2843,3037,6719,3268,3451,5879,2814,3065,3360,1591,1769,840,403,437,
25210,3361,1652,1709,5882,2845,3037,6722,3269,3453,5881,2816,3065,3360,1591,1769,840,403,437,
25215,3362,1653,1709,5882,2845,3037,6722,3269,3453,5882,2817,3065,3360,1591,1769,840,403,437,
25220,3363,1653,1710,5884,2847,3037,6725,3271,3454,5883,2817,3066,3361,1591,1770,840,403,437,
25225,3363,1653,1710,5885,2847,3038,6725,3271,3454,5884,2817,3067,3361,1591,1770,841,403,438,
25230,3364,1653,1711,5885,2847,3038,6726,3271,3455,5885,2817,3068,3363,1593,1770,841,403,438,
25235,3364,1653,1711,5887,2848,3039,6727,3271,3456,5886,2818,3068,3364,1593,1771,841,403,438,
25240,3365,1654,1711,5889,2849,3040,6730,3272,3458,5888,2819,3069,3364,1593,1771,841,403,438,
25245,3366,1655,1711,5889,2849,3040,6730,3272,3458,5889,2819,3070,3364,1593,1771,841,403,438,
25250,3367,1656,1711,5891,2849,3042,6733,3274,3459,5890,2819,3071,3365,1593,1772,841,403,438,
25255,3367,1656,1711,5892,2850,3042,6733,3274,3459,5891,2820,3071,3365,1593,1772,842,403,439,
25260,3368,1657,1711,5892,2850,3042,6734,3275,3459,5892,2820,3072,3367,1594,1773,842,403,439,
25265,3368,1657,1711,5894,2850,3044,6735,3275,3460,5893,2821,3072,3368,1595,1773,842,403,439,
25270,3369,1657,1712,5896,2851,3045,6738,3276,3462,5895,2823,3072,3368,1595,1773,842,403,439,
25275,3370,1658,1712,5896,2851,3045,6738,3276,3462,5896,2823,3073,3368,1595,1773,842,403,439,
25280,3371,1658,1713,5898,2851,3047,6741,3277,3464,5897,2824,3073,3369,1595,1774,842,403,439,
25285,3371,1658,1713,5899,2851,3048,6741,3277,3464,5898,2825,3073,3369,1595,1774,843,403,440,
25290,3372,1659,1713,5899,2851,3048,6742,3277,3465,5899,2825,3074,3371,1596,1775,843,403,440,
25295,3372,1659,1713,5901,2851,3050,6743,3278,3465,5900,2825,3075,3372,1597,1775,843,403,440,
25300,3373,1659,1714,5903,2851,3052,6746,3278,3468,5902,2826,3076,3372,1597,1775,843,403,440,
25305,3374,1659,1715,5903,2851,3052,6746,3278,3468,5903,2827,3076,3372,1597,1775,843,403,440,
25310,3375,1660,1715,5905,2853,3052,6749,3278,3471,5904,2828,3076,3373,1597,1776,843,403,440,
25315,3375,1660,1715,5906,2854,3052,6749,3278,3471,5905,2828,3077,3373,1597,1776,844,403,441,
25320,3376,1661,1715,5906,2854,3052,6750,3279,3471,5906,2828,3078,3375,1599,1776,844,403,441,
25325,3376,1661,1715,5908,2855,3053,6751,3279,3472,5907,2828,3079,3376,1599,1777,844,403,441,
25330,3377,1661,1716,5910,2855,3055,6754,3281,3473,5909,2828,3081,3376,1599,1777,844,403,441,
25335,3378,1661,1717,5910,2855,3055,6754,3281,3473,5910,2828,3082,3376,1599,1777,844,403,441,
25340,3379,1661,1718,5912,2857,3055,6757,3283,3474,5911,2829,3082,3377,1600,1777,844,403,441,
25345,3379,1661,1718,5913,2857,3056,6757,3283,3474,5912,2829,3083,3377,1600,1777,845,404,441,
25350,3380,1662,1718,5913,2857,3056,6758,3284,3474,5913,2829,3084,3379,1602,1777,845,404,441,
25355,3380,1662,1718,5915,2858,3057,6759,3284,3475,5914,2829,3085,3380,1603,1777,845,404,441,
25360,3381,1663,1718,5917,2860,3057,6762,3286,3476,5916,2831,3085,3380,1603,1777,845,404,441,
25365,3382,1663,1719,5917,2860,3057,6762,3286,3476,5917,2832,3085,3380,1603,1777,845,404,441,
25370,3383,1663,1720,5919,2862,3057,6765,3286,3479,5918,2833,3085,3381,1604,1777,845,404,441,
25375,3383,1663,1720,5920,2863,3057,6765,3286,3479,5919,2834,3085,3381,1604,1777,846,405,441,
25380,3384,1664,1720,5920,2863,3057,6766,3286,3480,5920,2835,3085,3383,1605,1778,846,405,441,
25385,3384,1664,1720,5922,2864,3058,6767,3286,3481,5921,2836,3085,3384,1605,1779,846,405,441,
25390,3385,1665,1720,5924,2865,3059,6770,3287,3483,5923,2837,3086,3384,1605,1779,846,405,441,
25395,3386,1666,1720,5924,2865,3059,6770,3287,3483,5924,2838,3086,3384,1605,1779,846,405,441,
25400,3387,1666,1721,5926,2866,3060,6773,3290,3483,5925,2838,3087,3385,1606,1779,846,405,441,
25405,3387,1666,1721,5927,2866,3061,6773,3290,3483,5926,2839,3087,3385,1606,1779,847,405,442,
25410,3388,1666,1722,5927,2866,3061,6774,3290,3484,5927,2840,3087,3387,1607,1780,847,405,442,
25415,3388,1666,1722,5929,2867,3062,6775,3290,3485,5928,2841,3087,3388,1608,1780,847,405,442,
25420,3389,1666,1723,5931,2868,3063,6778,3291,3487,5930,2843,3087,3388,1608,1780,847,405,442,
25425,3390,1667,1723,5931,2868,3063,6778,3291,3487,5931,2844,3087,3388,1608,1780,847,405,442,
25430,3391,1668,1723,5933,2869,3064,6781,3293,3488,5932,2844,3088,3389,1608,1781,847,405,442,
25435,3391,1668,1723,5934,2870,3064,6781,3293,3488,5933,2844,3089,3389,1608,1781,848,405,443,
25440,3392,1669,1723,5934,2870,3064,6782,3294,3488,5934,2844,3090,3391,1609,1782,848,405,443,
25445,3392,1669,1723,5936,2871,3065,6783,3294,3489,5935,2844,3091,3392,1610,1782,848,405,443,
25450,3393,1669,1724,5938,2873,3065,6786,3296,3490,5937,2844,3093,3392,1610,1782,848,405,443,
25455,3394,1670,1724,5938,2873,3065,6786,3296,3490,5938,2845,3093,3392,1610,1782,848,405,443,
25460,3395,1671,1724,5940,2875,3065,6789,3296,3493,5939,2845,3094,3393,1611,1782,848,405,443,
25465,3395,1671,1724,5941,2875,3066,6789,3296,3493,5940,2845,3095,3393,1611,1782,849,406,443,
25470,3396,1672,1724,5941,2875,3066,6790,3297,3493,5941,2846,3095,3395,1611,1784,849,406,443,
25475,3396,1672,1724,5943,2876,3067,6791,3297,3494,5942,2847,3095,3396,1611,1785,849,406,443,
25480,3397,1672,1725,5945,2878,3067,6794,3297,3497,5944,2848,3096,3396,1611,1785,849,406,443,
25485,3398,1673,1725,5945,2878,3067,6794,3297,3497,5945,2848,3097,3396,1611,1785,849,406,443,
25490,3399,1674,1725,5947,2879,3068,6797,3299,3498,5946,2848,3098,3397,1612,1785,849,406,443,
25495,3399,1674,1725,5948,2879,3069,6797,3299,3498,5947,2849,3098,3397,1612,1785,850,407,443,
25500,3400,1675,1725,5948,2879,3069,6798,3300,3498,5948,2849,3099,3399,1613,1786,850,407,443,
25505,3400,1675,1725,5950,2879,3071,6799,3300,3499,5949,2850,3099,3400,1613,1787,850,407,443,
25510,3401,1676,1725,5952,2880,3072,6802,3302,3500,5951,2851,3100,3400,1613,1787,850,407,443,
25515,3402,1677,1725,5952,2880,3072,6802,3302,3500,5952,2851,3101,3400,1613,1787,850,407,443,
25520,3403,1678,1725,5954,2881,3073,6805,3303,3502,5953,2851,3102,3401,1613,1788,850,407,443,
25525,3403,1678,1725,5955,2882,3073,6805,3303,3502,5954,2851,3103,3401,1613,1788,851,408,443,
25530,3404,1678,1726,5955,2882,3073,6806,3303,3503,5955,2852,3103,3403,1613,1790,851,408,443,
25535,3404,1678,1726,5957,2883,3074,6807,3303,3504,5956,2852,3104,3404,1614,1790,851,408,443,
25540,3405,1679,1726,5959,2884,3075,6810,3304,3506,5958,2853,3105,3404,1614,1790,851,408,443,
25545,3406,1679,1727,5959,2884,3075,6810,3304,3506,5959,2853,3106,3404,1614,1790,851,408,443,
25550,3407,1679,1728,5961,2886,3075,6813,3304,3509,5960,2854,3106,3405,1615,1790,851,408,443,
25555,3407,1679,1728,5962,2887,3075,6813,3304,3509,5961,2855,3106,3405,1615,1790,852,409,443,
25560,3408,1679,1729,5962,2887,3075,6814,3305,3509,5962,2856,3106,3407,1616,1791,852,409,443,
25565,3408,1679,1729,5964,2888,3076,6815,3306,3509,5963,2856,3107,3408,1617,1791,852,409,443,
25570,3409,1679,1730,5966,2889,3077,6818,3307,3511,5965,2857,3108,3408,1617,1791,852,409,443,
25575,3410,1680,1730,5966,2889,3077,6818,3307,3511,5966,2858,3108,3408,1617,1791,852,409,443,
25580,3411,1681,1730,5968,2890,3078,6821,3310,3511,5967,2858,3109,3409,1617,1792,852,409,443,
25585,3411,1681,1730,5969,2891,3078,6821,3310,3511,5968,2858,3110,3409,1617,1792,853,410,443,
25590,3412,1681,1731,5969,2891,3078,6822,3310,3512,5969,2859,3110,3411,1619,1792,853,410,443,
25595,3412,1681,1731,5971,2891,3080,6823,3310,3513,5970,2860,3110,3412,1619,1793,853,410,443,
25600,3413,1681,1732,5973,2892,3081,6826,3311,3515,5972,2861,3111,3412,1619,1793,853,410,443,
25605,3414,1682,1732,5973,2892,3081,6826,3311,3515,5973,2861,3112,3412,1619,1793,853,410,443,
25610,3415,1683,1732,5975,2893,3082,6829,3313,3516,5974,2862,3112,3413,1620,1793,853,410,443,
25615,3415,1683,1732,5976,2893,3083,6829,3313,3516,5975,2862,3113,3413,1620,1793,854,410,444,
25620,3416,1684,1732,5976,2893,3083,6830,3313,3517,5976,2862,3114,3415,1620,1795,854,410,444,
25625,3416,1684,1732,5978,2894,3084,6831,3313,3518,5977,2863,3114,3416,1621,1795,854,410,444,
25630,3417,1684,1733,5980,2896,3084,6834,3315,3519,5979,2864,3115,3416,1621,1795,854,410,444,
25635,3418,1684,1734,5980,2896,3084,6834,3315,3519,5980,2865,3115,3416,1621,1795,854,410,444,
25640,3419,1684,1735,5982,2897,3085,6837,3316,3521,5981,2866,3115,3417,1622,1795,854,410,444,
25645,3419,1684,1735,5983,2898,3085,6837,3316,3521,5982,2866,3116,3417,1622,1795,855,411,444,
25650,3420,1685,1735,5983,2898,3085,6838,3317,3521,5983,2867,3116,3419,1623,1796,855,411,444,
25655,3420,1685,1735,5985,2899,3086,6839,3317,3522,5984,2867,3117,3420,1623,1797,855,411,444,
25660,3421,1685,1736,5987,2900,3087,6842,3318,3524,5986,2869,3117,3420,1623,1797,855,411,444,
25665,3422,1686,1736,5987,2900,3087,6842,3318,3524,5987,2869,3118,3420,1623,1797,855,411,444,
25670,3423,1687,1736,5989,2901,3088,6845,3318,3527,5988,2869,3119,3421,1623,1798,855,411,444,
25675,3423,1687,1736,5990,2902,3088,6845,3318,3527,5989,2870,3119,3421,1623,1798,856,411,445,
25680,3424,1688,1736,5990,2902,3088,6846,3319,3527,5990,2871,3119,3423,1624,1799,856,411,445,
25685,3424,1688,1736,5992,2904,3088,6847,3319,3528,5991,2872,3119,3424,1625,1799,856,411,445,
25690,3425,1688,1737,5994,2905,3089,6850,3320,3530,5993,2872,3121,3424,1625,1799,856,411,445,
25695,3426,1689,1737,5994,2905,3089,6850,3320,3530,5994,2873,3121,3424,1625,1799,856,411,445,
25700,3427,1690,1737,5996,2907,3089,6853,3321,3532,5995,2874,3121,3425,1625,1800,856,411,445,
25705,3427,1690,1737,5997,2907,3090,6853,3321,3532,5996,2874,3122,3425,1625,1800,857,411,446,
25710,3428,1690,1738,5997,2907,3090,6854,3322,3532,5997,2874,3123,3427,1626,1801,857,411,446,
25715,3428,1690,1738,5999,2907,3092,6855,3322,3533,5998,2874,3124,3428,1627,1801,857,411,446,
25720,3429,1691,1738,6001,2909,3092,6858,3323,3535,6000,2875,3125,3428,1627,1801,857,411,446,
25725,3430,1691,1739,6001,2909,3092,6858,3323,3535,6001,2875,3126,3428,1627,1801,857,411,446,
25730,3431,1691,1740,6003,2910,3093,6861,3324,3537,6002,2875,3127,3429,1628,1801,857,411,446,
25735,3431,1691,1740,6004,2911,3093,6861,3324,3537,6003,2876,3127,3429,1628,1801,858,411,447,
25740,3432,1692,1740,6004,2911,3093,6862,3325,3537,6004,2877,3127,3431,1629,1802,858,411,447,
25745,3432,1692,1740,6006,2912,3094,6863,3325,3538,6005,2877,3128,3432,1629,1803,858,411,447,
25750,3433,1693,1740,6008,2913,3095,6866,3327,3539,6007,2877,3130,3432,1629,1803,858,411,447,
25755,3434,1694,1740,6008,2913,3095,6866,3327,3539,6008,2877,3131,3432,1629,1803,858,411,447,
25760,3435,1695,1740,6010,2914,3096,6869,3328,3541,6009,2877,3132,3433,1629,1804,858,411,447,
25765,3435,1695,1740,6011,2915,3096,6869,3328,3541,6010,2877,3133,3433,1629,1804,859,412,447,
25770,3436,1696,1740,6011,2915,3096,6870,3329,3541,6011,2877,3134,3435,1630,1805,859,412,447,
25775,3436,1696,1740,6013,2916,3097,6871,3329,3542,6012,2878,3134,3436,1631,1805,859,412,447,
25780,3437,1697,1740,6015,2917,3098,6874,3329,3545,6014,2879,3135,3436,1631,1805,859,412,447,
25785,3438,1698,1740,6015,2917,3098,6874,3329,3545,6015,2879,3136,3436,1631,1805,859,412,447,
25790,3439,1699,1740,6017,2918,3099,6877,3330,3547,6016,2879,3137,3437,1632,1805,859,412,447,
25795,3439,1699,1740,6018,2918,3100,6877,3330,3547,6017,2880,3137,3437,1632,1805,860,412,448,
25800,3440,1700,1740,6018,2918,3100,6878,3331,3547,6018,2880,3138,3439,1634,1805,860,412,448,
25805,3440,1700,1740,6020,2919,3101,6879,3331,3548,6019,2880,3139,3440,1634,1806,860,412,448,
25810,3441,1700,1741,6022,2920,3102,6882,3332,3550,6021,2881,3140,3440,1634,1806,860,412,448,
25815,3442,1700,1742,6022,2920,3102,6882,3332,3550,6022,2882,3140,3440,1634,1806,860,412,448,
25820,3443,1701,1742,6024,2921,3103,6885,3334,3551,6023,2882,3141,3441,1635,1806,860,412,448,
25825,3443,1701,1742,6025,2922,3103,6885,3334,3551,6024,2882,3142,3441,1635,1806,861,413,448,
25830,3444,1701,1743,6025,2922,3103,6886,3334,3552,6025,2883,3142,3443,1637,1806,861,413,448,
25835,3444,1701,1743,6027,2922,3105,6887,3335,3552,6026,2883,3143,3444,1637,1807,861,413,448,
25840,3445,1702,1743,6029,2924,3105,6890,3336,3554,6028,2883,3145,3444,1637,1807,861,413,448,
25845,3446,1703,1743,6029,2924,3105,6890,3336,3554,6029,2884,3145,3444,1637,1807,861,413,448,
25850,3447,1704,1743,6031,2925,3106,6893,3336,3557,6030,2884,3146,3445,1638,1807,861,413,448,
25855,3447,1704,1743,6032,2925,3107,6893,3336,3557,6031,2884,3147,3445,1638,1807,862,414,448,
25860,3448,1704,1744,6032,2925,3107,6894,3337,3557,6032,2885,3147,3447,1639,1808,862,414,448,
25865,3448,1704,1744,6034,2927,3107,6895,3337,3558,6033,2885,3148,3448,1639,1809,862,414,448,
25870,3449,1705,1744,6036,2928,3108,6898,3338,3560,6035,2886,3149,3448,1639,1809,862,414,448,
25875,3450,1705,1745,6036,2928,3108,6898,3338,3560,6036,2887,3149,3448,1639,1809,862,414,448,
25880,3451,1706,1745,6038,2930,3108,6901,3339,3562,6037,2887,3150,3449,1639,1810,862,414,448,
25885,3451,1706,1745,6039,2931,3108,6901,3339,3562,6038,2887,3151,3449,1639,1810,863,415,448,
25890,3452,1706,1746,6039,2931,3108,6902,3340,3562,6039,2887,3152,3451,1640,1811,863,415,448,
25895,3452,1706,1746,6041,2932,3109,6903,3340,3563,6040,2888,3152,3452,1641,1811,863,415,448,
25900,3453,1707,1746,6043,2933,3110,6906,3341,3565,6042,2889,3153,3452,1641,1811,863,415,448,
25905,3454,1708,1746,6043,2933,3110,6906,3341,3565,6043,2890,3153,3452,1641,1811,863,415,448,
25910,3455,1709,1746,6045,2934,3111,6909,3343,3566,6044,2891,3153,3453,1642,1811,863,415,448,
25915,3455,1709,1746,6046,2935,3111,6909,3343,3566,6045,2892,3153,3453,1642,1811,864,415,449,
25920,3456,1709,1747,6046,2935,3111,6910,3343,3567,6046,2892,3154,3455,1644,1811,864,415,449,
25925,3456,1709,1747,6048,2936,3112,6911,3344,3567,6047,2892,3155,3456,1645,1811,864,415,449,
25930,3457,1710,1747,6050,2936,3114,6914,3345,3569,6049,2893,3156,3456,1645,1811,864,415,449,
25935,3458,1711,1747,6050,2936,3114,6914,3345,3569,6050,2893,3157,3456,1645,1811,864,415,449,
25940,3459,1712,1747,6052,2938,3114,6917,3348,3569,6051,2893,3158,3457,1646,1811,864,415,449,
25945,3459,1712,1747,6053,2939,3114,6917,3348,3569,6052,2894,3158,3457,1646,1811,865,415,450,
25950,3460,1712,1748,6053,2939,3114,6918,3349,3569,6053,2895,3158,3459,1647,1812,865,415,450,
25955,3460,1712,1748,6055,2941,3114,6919,3349,3570,6054,2895,3159,3460,1647,1813,865,415,450,
25960,3461,1713,1748,6057,2942,3115,6922,3349,3573,6056,2895,3161,3460,1647,1813,865,415,450,
25965,3462,1714,1748,6057,2942,3115,6922,3349,3573,6057,2895,3162,3460,1647,1813,865,415,450,
25970,3463,1714,1749,6059,2944,3115,6925,3352,3573,6058,2895,3163,3461,1647,1814,865,415,450,
25975,3463,1714,1749,6060,2945,3115,6925,3352,3573,6059,2895,3164,3461,1647,1814,866,416,450,
25980,3464,1715,1749,6060,2945,3115,6926,3353,3573,6060,2895,3165,3463,1649,1814,866,416,450,
25985,3464,1715,1749,6062,2947,3115,6927,3354,3573,6061,2896,3165,3464,1650,1814,866,416,450,
25990,3465,1716,1749,6064,2949,3115,6930,3356,3574,6063,2898,3165,3464,1650,1814,866,416,450,
25995,3466,1717,1749,6064,2949,3115,6930,3356,3574,6064,2899,3165,3464,1650,1814,866,416,450,
26000,3467,1717,1750,6066,2950,3116,6933,3358,3575,6065,2899,3166,3465,1651,1814,866,416,450,
26005,3467,1717,1750,6067,2950,3117,6933,3358,3575,6066,2899,3167,3465,1651,1814,867,417,450,
26010,3468,1718,1750,6067,2950,3117,6934,3358,3576,6067,2900,3167,3467,1652,1815,867,417,450,
26015,3468,1718,1750,6069,2951,3118,6935,3358,3577,6068,2901,3167,3468,1652,1816,867,417,450,
26020,3469,1718,1751,6071,2951,3120,6938,3360,3578,6070,2901,3169,3468,1652,1816,867,417,450,
26025,3470,1718,1752,6071,2951,3120,6938,3360,3578,6071,2901,3170,3468,1652,1816,867,417,450,
26030,3471,1719,1752,6073,2953,3120,6941,3360,3581,6072,2901,3171,3469,1652,1817,867,417,450,
26035,3471,1719,1752,6074,2953,3121,6941,3360,3581,6073,2901,3172,3469,1652,1817,868,417,451,
26040,3472,1720,1752,6074,2953,3121,6942,3361,3581,6074,2901,3173,3471,1654,1817,868,417,451,
26045,3472,1720,1752,6076,2953,3123,6943,3362,3581,6075,2902,3173,3472,1654,1818,868,417,451,
26050,3473,1721,1752,6078,2953,3125,6946,3363,3583,6077,2904,3173,3472,1654,1818,868,417,451,
26055,3474,1721,1753,6078,2953,3125,6946,3363,3583,6078,2904,3174,3472,1654,1818,868,417,451,
26060,3475,1722,1753,6080,2954,3126,6949,3364,3585,6079,2905,3174,3473,1655,1818,868,417,451,
26065,3475,1722,1753,6081,2954,3127,6949,3364,3585,6080,2906,3174,3473,1655,1818,869,417,452,
26070,3476,1723,1753,6081,2954,3127,6950,3365,3585,6081,2906,3175,3475,1656,1819,869,417,452,
26075,3476,1723,1753,6083,2955,3128,6951,3365,3586,6082,2907,3175,3476,1657,1819,869,417,452,
26080,3477,1723,1754,6085,2955,3130,6954,3366,3588,6084,2908,3176,3476,1657,1819,869,417,452,
26085,3478,1724,1754,6085,2955,3130,6954,3366,3588,6085,2909,3176,3476,1657,1819,869,417,452,
26090,3479,1725,1754,6087,2956,3131,6957,3368,3589,6086,2910,3176,3477,1658,1819,869,417,452,
26095,3479,1725,1754,6088,2957,3131,6957,3368,3589,6087,2910,3177,3477,1658,1819,870,418,452,
26100,3480,1725,1755,6088,2957,3131,6958,3369,3589,6088,2910,3178,3479,1658,1821,870,418,452,
26105,3480,1725,1755,6090,2958,3132,6959,3369,3590,6089,2911,3178,3480,1659,1821,870,418,452,
26110,3481,1726,1755,6092,2959,3133,6962,3371,3591,6091,2911,3180,3480,1659,1821,870,418,452,
26115,3482,1726,1756,6092,2959,3133,6962,3371,3591,6092,2912,3180,3480,1659,1821,870,418,452,
26120,3483,1727,1756,6094,2960,3134,6965,3372,3593,6093,2913,3180,3481,1659,1822,870,418,452,
26125,3483,1727,1756,6095,2961,3134,6965,3372,3593,6094,2913,3181,3481,1659,1822,871,419,452,
26130,3484,1727,1757,6095,2961,3134,6966,3372,3594,6095,2913,3182,3483,1660,1823,871,419,452,
26135,3484,1727,1757,6097,2962,3135,6967,3373,3594,6096,2914,3182,3484,1660,1824,871,419,452,
26140,3485,1728,1757,6099,2963,3136,6970,3374,3596,6098,2916,3182,3484,1660,1824,871,419,452,
26145,3486,1728,1758,6099,2963,3136,6970,3374,3596,6099,2917,3182,3484,1660,1824,871,419,452,
26150,3487,1729,1758,6101,2964,3137,6973,3375,3598,6100,2917,3183,3485,1661,1824,871,419,452,
26155,3487,1729,1758,6102,2965,3137,6973,3375,3598,6101,2917,3184,3485,1661,1824,872,420,452,
26160,3488,1729,1759,6102,2965,3137,6974,3375,3599,6102,2918,3184,3487,1662,1825,872,420,452,
26165,3488,1729,1759,6104,2966,3138,6975,3375,3600,6103,2918,3185,3488,1662,1826,872,420,452,
26170,3489,1730,1759,6106,2968,3138,6978,3378,3600,6105,2919,3186,3488,1662,1826,872,420,452,
26175,3490,1730,1760,6106,2968,3138,6978,3378,3600,6106,2920,3186,3488,1662,1826,872,420,452,
26180,3491,1731,1760,6108,2969,3139,6981,3381,3600,6107,2920,3187,3489,1663,1826,872,420,452,
26185,3491,1731,1760,6109,2970,3139,6981,3381,3600,6108,2920,3188,3489,1663,1826,873,420,453,
26190,3492,1732,1760,6109,2970,3139,6982,3382,3600,6109,2921,3188,3491,1664,1827,873,420,453,
26195,3492,1732,1760,6111,2971,3140,6983,3383,3600,6110,2922,3188,3492,1664,1828,873,420,453,
26200,3493,1733,1760,6113,2972,3141,6986,3385,3601,6112,2922,3190,3492,1664,1828,873,420,453,
26205,3494,1734,1760,6113,2972,3141,6986,3385,3601,6113,2923,3190,3492,1664,1828,873,420,453,
26210,3495,1735,1760,6115,2974,3141,6989,3386,3603,6114,2924,3190,3493,1664,1829,873,420,453,
26215,3495,1735,1760,6116,2974,3142,6989,3386,3603,6115,2925,3190,3493,1664,1829,874,420,454,
26220,3496,1735,1761,6116,2974,3142,6990,3387,3603,6116,2925,3191,3495,1665,1830,874,420,454,
26225,3496,1735,1761,6118,2974,3144,6991,3388,3603,6117,2925,3192,3496,1666,1830,874,420,454,
26230,3497,1735,1762,6120,2975,3145,6994,3390,3604,6119,2927,3192,3496,1666,1830,874,420,454,
26235,3498,1736,1762,6120,2975,3145,6994,3390,3604,6120,2928,3192,3496,1666,1830,874,420,454,
26240,3499,1736,1763,6122,2976,3146,6997,3393,3604,6121,2929,3192,3497,1666,1831,874,420,454,
26245,3499,1736,1763,6123,2977,3146,6997,3393,3604,6122,2930,3192,3497,1666,1831,875,421,454,
26250,3500,1736,1764,6123,2977,3146,6998,3393,3605,6123,2931,3192,3499,1666,1833,875,421,454,
26255,3500,1736,1764,6125,2977,3148,6999,3394,3605,6124,2932,3192,3500,1667,1833,875,421,454,
26260,3501,1737,1764,6127,2978,3149,7002,3396,3606,6126,2933,3193,3500,1667,1833,875,421,454,
26265,3502,1738,1764,6127,2978,3149,7002,3396,3606,6127,2933,3194,3500,1667,1833,875,421,454,
26270,3503,1738,1765,6129,2979,3150,7005,3399,3606,6128,2933,3195,3501,1668,1833,875,421,454,
26275,3503,1738,1765,6130,2979,3151,7005,3399,3606,6129,2933,3196,3501,1668,1833,876,421,455,
26280,3504,1739,1765,6130,2979,3151,7006,3399,3607,6130,2933,3197,3503,1669,1834,876,421,455,
26285,3504,1739,1765,6132,2981,3151,7007,3400,3607,6131,2933,3198,3504,1670,1834,876,421,455,
26290,3505,1739,1766,6134,2983,3151,7010,3400,3610,6133,2934,3199,3504,1670,1834,876,421,455,
26295,3506,1740,1766,6134,2983,3151,7010,3400,3610,6134,2935,3199,3504,1670,1834,876,421,455,
26300,3507,1741,1766,6136,2984,3152,7013,3402,3611,6135,2935,3200,3505,1671,1834,876,421,455,
26305,3507,1741,1766,6137,2985,3152,7013,3402,3611,6136,2936,3200,3505,1671,1834,877,422,455,
26310,3508,1741,1767,6137,2985,3152,7014,3402,3612,6137,2936,3201,3507,1672,1835,877,422,455,
26315,3508,1741,1767,6139,2985,3154,7015,3402,3613,6138,2936,3202,3508,1672,1836,877,422,455,
26320,3509,1741,1768,6141,2986,3155,7018,3403,3615,6140,2937,3203,3508,1672,1836,877,422,455,
26325,3510,1741,1769,6141,2986,3155,7018,3403,3615,6141,2938,3203,3508,1672,1836,877,422,455,
26330,3511,1741,1770,6143,2986,3157,7021,3404,3617,6142,2938,3204,3509,1672,1837,877,422,455,
26335,3511,1741,1770,6144,2987,3157,7021,3404,3617,6143,2939,3204,3509,1672,1837,878,423,455,
26340,3512,1742,1770,6144,2987,3157,7022,3404,3618,6144,2940,3204,3511,1673,1838,878,423,455,
26345,3512,1742,1770,6146,2988,3158,7023,3404,3619,6145,2940,3205,3512,1674,1838,878,423,455,
26350,3513,1743,1770,6148,2989,3159,7026,3405,3621,6147,2940,3207,3512,1674,1838,878,423,455,
26355,3514,1744,1770,6148,2989,3159,7026,3405,3621,6148,2940,3208,3512,1674,1838,878,423,455,
26360,3515,1744,1771,6150,2991,3159,7029,3408,3621,6149,2941,3208,3513,1675,1838,878,423,455,
26365,3515,1744,1771,6151,2991,3160,7029,3408,3621,6150,2942,3208,3513,1675,1838,879,423,456,
26370,3516,1745,1771,6151,2991,3160,7030,3408,3622,6151,2943,3208,3515,1676,1839,879,423,456,
26375,3516,1745,1771,6153,2991,3162,7031,3409,3622,6152,2944,3208,3516,1676,1840,879,423,456,
26380,3517,1746,1771,6155,2992,3163,7034,3412,3622,6154,2944,3210,3516,1676,1840,879,423,456,
26385,3518,1747,1771,6155,2992,3163,7034,3412,3622,6155,2944,3211,3516,1676,1840,879,423,456,
26390,3519,1748,1771,6157,2992,3165,7037,3415,3622,6156,2944,3212,3517,1677,1840,879,423,456,
26395,3519,1748,1771,6158,2993,3165,7037,3415,3622,6157,2944,3213,3517,1677,1840,880,424,456,
26400,3520,1748,1772,6158,2993,3165,7038,3415,3623,6158,2945,3213,3519,1677,1842,880,424,456,
26405,3520,1748,1772,6160,2994,3166,7039,3416,3623,6159,2946,3213,3520,1678,1842,880,424,456,
26410,3521,1749,1772,6162,2996,3166,7042,3419,3623,6161,2947,3214,3520,1678,1842,880,424,456,
26415,3522,1749,1773,6162,2996,3166,7042,3419,3623,6162,2947,3215,3520,1678,1842,880,424,456,
26420,3523,1749,1774,6164,2996,3168,7045,3421,3624,6163,2947,3216,3521,1678,1843,880,424,456,
26425,3523,1749,1774,6165,2997,3168,7045,3421,3624,6164,2948,3216,3521,1678,1843,881,424,457,
26430,3524,1750,1774,6165,2997,3168,7046,3422,3624,6165,2948,3217,3523,1679,1844,881,424,457,
26435,3524,1750,1774,6167,2998,3169,7047,3423,3624,6166,2948,3218,3524,1679,1845,881,424,457,
26440,3525,1751,1774,6169,3000,3169,7050,3423,3627,6168,2949,3219,3524,1679,1845,881,424,457,
26445,3526,1752,1774,6169,3000,3169,7050,3423,3627,6169,2950,3219,3524,1679,1845,881,424,457,
26450,3527,1753,1774,6171,3000,3171,7053,3423,3630,6170,2950,3220,3525,1679,1846,881,424,457,
26455,3527,1753,1774,6172,3001,3171,7053,3423,3630,6171,2950,3221,3525,1679,1846,882,424,458,
26460,3528,1753,1775,6172,3001,3171,7054,3423,3631,6172,2950,3222,3527,1680,1847,882,424,458,
26465,3528,1753,1775,6174,3003,3171,7055,3423,3632,6173,2951,3222,3528,1681,1847,882,424,458,
26470,3529,1753,1776,6176,3003,3173,7058,3424,3634,6175,2952,3223,3528,1681,1847,882,424,458,
26475,3530,1754,1776,6176,3003,3173,7058,3424,3634,6176,2952,3224,3528,1681,1847,882,424,458,
26480,3531,1755,1776,6178,3004,3174,7061,3425,3636,6177,2952,3225,3529,1682,1847,882,424,458,
26485,3531,1755,1776,6179,3004,3175,7061,3425,3636,6178,2953,3225,3529,1682,1847,883,425,458,
26490,3532,1755,1777,6179,3004,3175,7062,3426,3636,6179,2954,3225,3531,1683,1848,883,425,458,
26495,3532,1755,1777,6181,3004,3177,7063,3426,3637,6180,2955,3225,3532,1684,1848,883,425,458,
26500,3533,1755,1778,6183,3005,3178,7066,3429,3637,6182,2957,3225,3532,1684,1848,883,425,458,
26505,3534,1755,1779,6183,3005,3178,7066,3429,3637,6183,2958,3225,3532,1684,1848,883,425,458,
26510,3535,1756,1779,6185,3005,3180,7069,3429,3640,6184,2959,3225,3533,1684,1849,883,425,458,
26515,3535,1756,1779,6186,3006,3180,7069,3429,3640,6185,2959,3226,3533,1684,1849,884,425,459,
26520,3536,1757,1779,6186,3006,3180,7070,3429,3641,6186,2960,3226,3535,1685,1850,884,425,459,
26525,3536,1757,1779,6188,3007,3181,7071,3429,3642,6187,2961,3226,3536,1685,1851,884,425,459,
26530,3537,1757,1780,6190,3008,3182,7074,3430,3644,6189,2963,3226,3536,1685,1851,884,425,459,
26535,3538,1757,1781,6190,3008,3182,7074,3430,3644,6190,2963,3227,3536,1685,1851,884,425,459,
26540,3539,1758,1781,6192,3008,3184,7077,3430,3647,6191,2963,3228,3537,1685,1852,884,425,459,
26545,3539,1758,1781,6193,3009,3184,7077,3430,3647,6192,2963,3229,3537,1685,1852,885,425,460,
26550,3540,1758,1782,6193,3009,3184,7078,3431,3647,6193,2964,3229,3539,1685,1854,885,425,460,
26555,3540,1758,1782,6195,3010,3185,7079,3432,3647,6194,2965,3229,3540,1685,1855,885,425,460,
26560,3541,1758,1783,6197,3011,3186,7082,3434,3648,6196,2966,3230,3540,1685,1855,885,425,460,
26565,3542,1758,1784,6197,3011,3186,7082,3434,3648,6197,2967,3230,3540,1685,1855,885,425,460,
26570,3543,1758,1785,6199,3012,3187,7085,3436,3649,6198,2967,3231,3541,1685,1856,885,425,460,
26575,3543,1758,1785,6200,3012,3188,7085,3436,3649,6199,2967,3232,3541,1685,1856,886,426,460,
26580,3544,1759,1785,6200,3012,3188,7086,3437,3649,6200,2967,3233,3543,1685,1858,886,426,460,
26585,3544,1759,1785,6202,3012,3190,7087,3437,3650,6201,2967,3234,3544,1685,1859,886,426,460,
26590,3545,1759,1786,6204,3013,3191,7090,3438,3652,6203,2969,3234,3544,1685,1859,886,426,460,
26595,3546,1759,1787,6204,3013,3191,7090,3438,3652,6204,2970,3234,3544,1685,1859,886,426,460,
26600,3547,1759,1788,6206,3014,3192,7093,3439,3654,6205,2970,3235,3545,1686,1859,886,426,460,
26605,3547,1759,1788,6207,3015,3192,7093,3439,3654,6206,2970,3236,3545,1686,1859,887,426,461,
26610,3548,1759,1789,6207,3015,3192,7094,3440,3654,6207,2971,3236,3547,1687,1860,887,426,461,
26615,3548,1759,1789,6209,3016,3193,7095,3441,3654,6208,2971,3237,3548,1687,1861,887,426,461,
26620,3549,1760,1789,6211,3017,3194,7098,3443,3655,6210,2971,3239,3548,1687,1861,887,426,461,
26625,3550,1761,1789,6211,3017,3194,7098,3443,3655,6211,2971,3240,3548,1687,1861,887,426,461,
26630,3551,1761,1790,6213,3018,3195,7101,3446,3655,6212,2971,3241,3549,1688,1861,887,426,461,
26635,3551,1761,1790,6214,3018,3196,7101,3446,3655,6213,2972,3241,3549,1688,1861,888,427,461,
26640,3552,1761,1791,6214,3018,3196,7102,3446,3656,6214,2973,3241,3551,1689,1862,888,427,461,
26645,3552,1761,1791,6216,3018,3198,7103,3447,3656,6215,2974,3241,3552,1689,1863,888,427,461,
26650,3553,1761,1792,6218,3019,3199,7106,3448,3658,6217,2974,3243,3552,1689,1863,888,427,461,
26655,3554,1761,1793,6218,3019,3199,7106,3448,3658,6218,2974,3244,3552,1689,1863,888,427,461,
26660,3555,1761,1794,6220,3021,3199,7109,3450,3659,6219,2974,3245,3553,1689,1864,888,427,461,
26665,3555,1761,1794,6221,3022,3199,7109,3450,3659,6220,2974,3246,3553,1689,1864,889,427,462,
26670,3556,1762,1794,6221,3022,3199,7110,3450,3660,6221,2974,3247,3555,1691,1864,889,427,462,
26675,3556,1762,1794,6223,3023,3200,7111,3450,3661,6222,2975,3247,3556,1691,1865,889,427,462,
26680,3557,1763,1794,6225,3024,3201,7114,3453,3661,6224,2975,3249,3556,1691,1865,889,427,462,
26685,3558,1763,1795,6225,3024,3201,7114,3453,3661,6225,2975,3250,3556,1691,1865,889,427,462,
26690,3559,1763,1796,6227,3024,3203,7117,3453,3664,6226,2975,3251,3557,1692,1865,889,427,462,
26695,3559,1763,1796,6228,3024,3204,7117,3453,3664,6227,2975,3252,3557,1692,1865,890,427,463,
26700,3560,1763,1797,6228,3024,3204,7118,3453,3665,6228,2975,3253,3559,1694,1865,890,427,463,
26705,3560,1763,1797,6230,3025,3205,7119,3454,3665,6229,2976,3253,3560,1695,1865,890,427,463,
26710,3561,1763,1798,6232,3027,3205,7122,3454,3668,6231,2977,3254,3560,1695,1865,890,427,463,
26715,3562,1764,1798,6232,3027,3205,7122,3454,3668,6232,2977,3255,3560,1695,1865,890,427,463,
26720,3563,1765,1798,6234,3027,3207,7125,3456,3669,6233,2977,3256,3561,1695,1866,890,427,463,
26725,3563,1765,1798,6235,3027,3208,7125,3456,3669,6234,2977,3257,3561,1695,1866,891,427,464,
26730,3564,1765,1799,6235,3027,3208,7126,3456,3670,6235,2978,3257,3563,1695,1868,891,427,464,
26735,3564,1765,1799,6237,3029,3208,7127,3457,3670,6236,2978,3258,3564,1695,1869,891,427,464,
26740,3565,1765,1800,6239,3031,3208,7130,3457,3673,6238,2979,3259,3564,1695,1869,891,427,464,
26745,3566,1765,1801,6239,3031,3208,7130,3457,3673,6239,2979,3260,3564,1695,1869,891,427,464,
26750,3567,1766,1801,6241,3031,3210,7133,3457,3676,6240,2979,3261,3565,1695,1870,891,427,464,
26755,3567,1766,1801,6242,3031,3211,7133,3457,3676,6241,2980,3261,3565,1695,1870,892,427,465,
26760,3568,1766,1802,6242,3031,3211,7134,3458,3676,6242,2981,3261,3567,1695,1872,892,427,465,
26765,3568,1766,1802,6244,3033,3211,7135,3459,3676,6243,2982,3261,3568,1695,1873,892,427,465,
26770,3569,1766,1803,6246,3033,3213,7138,3461,3677,6245,2983,3262,3568,1695,1873,892,427,465,
26775,3570,1767,1803,6246,3033,3213,7138,3461,3677,6246,2983,3263,3568,1695,1873,892,427,465,
26780,3571,1768,1803,6248,3035,3213,7141,3461,3680,6247,2984,3263,3569,1695,1874,892,427,465,
26785,3571,1768,1803,6249,3036,3213,7141,3461,3680,6248,2985,3263,3569,1695,1874,893,428,465,
26790,3572,1769,1803,6249,3036,3213,7142,3461,3681,6249,2985,3264,3571,1696,1875,893,428,465,
26795,3572,1769,1803,6251,3037,3214,7143,3462,3681,6250,2985,3265,3572,1696,1876,893,428,465,
26800,3573,1770,1803,6253,3038,3215,7146,3465,3681,6252,2987,3265,3572,1696,1876,893,428,465,
26805,3574,1770,1804,6253,3038,3215,7146,3465,3681,6253,2987,3266,3572,1696,1876,893,428,465,
26810,3575,1770,1805,6255,3039,3216,7149,3466,3683,6254,2987,3267,3573,1697,1876,893,428,465,
26815,3575,1770,1805,6256,3039,3217,7149,3466,3683,6255,2988,3267,3573,1697,1876,894,428,466,
26820,3576,1770,1806,6256,3039,3217,7150,3466,3684,6256,2989,3267,3575,1698,1877,894,428,466,
26825,3576,1770,1806,6258,3039,3219,7151,3466,3685,6257,2989,3268,3576,1699,1877,894,428,466,
26830,3577,1771,1806,6260,3040,3220,7154,3467,3687,6259,2989,3270,3576,1699,1877,894,428,466,
26835,3578,1771,1807,6260,3040,3220,7154,3467,3687,6260,2990,3270,3576,1699,1877,894,428,466,
26840,3579,1771,1808,6262,3041,3221,7157,3467,3690,6261,2990,3271,3577,1699,1878,894,428,466,
26845,3579,1771,1808,6263,3042,3221,7157,3467,3690,6262,2990,3272,3577,1699,1878,895,429,466,
26850,3580,1771,1809,6263,3042,3221,7158,3467,3691,6263,2990,3273,3579,1700,1879,895,429,466,
26855,3580,1771,1809,6265,3043,3222,7159,3468,3691,6264,2991,3273,3580,1700,1880,895,429,466,
26860,3581,1771,1810,6267,3044,3223,7162,3470,3692,6266,2992,3274,3580,1700,1880,895,429,466,
26865,3582,1771,1811,6267,3044,3223,7162,3470,3692,6267,2992,3275,3580,1700,1880,895,429,466,
26870,3583,1771,1812,6269,3044,3225,7165,3471,3694,6268,2992,3276,3581,1701,1880,895,429,466,
26875,3583,1771,1812,6270,3044,3226,7165,3471,3694,6269,2993,3276,3581,1701,1880,896,430,466,
26880,3584,1772,1812,6270,3044,3226,7166,3472,3694,6270,2994,3276,3583,1703,1880,896,430,466,
26885,3584,1772,1812,6272,3045,3227,7167,3473,3694,6271,2995,3276,3584,1704,1880,896,430,466,
26890,3585,1773,1812,6274,3046,3228,7170,3475,3695,6273,2997,3276,3584,1704,1880,896,430,466,
26895,3586,1774,1812,6274,3046,3228,7170,3475,3695,6274,2997,3277,3584,1704,1880,896,430,466,
26900,3587,1775,1812,6276,3046,3230,7173,3475,3698,6275,2997,3278,3585,1704,1881,896,430,466,
26905,3587,1775,1812,6277,3046,3231,7173,3475,3698,6276,2998,3278,3585,1704,1881,897,431,466,
26910,3588,1775,1813,6277,3046,3231,7174,3475,3699,6277,2998,3279,3587,1705,1882,897,431,466,
26915,3588,1775,1813,6279,3046,3233,7175,3475,3700,6278,2998,3280,3588,1705,1883,897,431,466,
26920,3589,1776,1813,6281,3046,3235,7178,3476,3702,6280,3000,3280,3588,1705,1883,897,431,466,
26925,3590,1777,1813,6281,3046,3235,7178,3476,3702,6281,3001,3280,3588,1705,1883,897,431,466,
26930,3591,1777,1814,6283,3047,3236,7181,3477,3704,6282,3001,3281,3589,1706,1883,897,431,466,
26935,3591,1777,1814,6284,3047,3237,7181,3477,3704,6283,3001,3282,3589,1706,1883,898,432,466,
26940,3592,1777,1815,6284,3047,3237,7182,3478,3704,6284,3001,3283,3591,1707,1884,898,432,466,
26945,3592,1777,1815,6286,3049,3237,7183,3479,3704,6285,3001,3284,3592,1708,1884,898,432,466,
26950,3593,1778,1815,6288,3051,3237,7186,3480,3706,6287,3001,3286,3592,1708,1884,898,432,466,
26955,3594,1778,1816,6288,3051,3237,7186,3480,3706,6288,3001,3287,3592,1708,1884,898,432,466,
26960,3595,1779,1816,6290,3052,3238,7189,3482,3707,6289,3001,3288,3593,1708,1885,898,432,466,
26965,3595,1779,1816,6291,3052,3239,7189,3482,3707,6290,3001,3289,3593,1708,1885,899,433,466,
26970,3596,1779,1817,6291,3052,3239,7190,3483,3707,6291,3001,3290,3595,1709,1886,899,433,466,
26975,3596,1779,1817,6293,3054,3239,7191,3483,3708,6292,3001,3291,3596,1710,1886,899,433,466,
26980,3597,1779,1818,6295,3054,3241,7194,3484,3710,6294,3002,3292,3596,1710,1886,899,433,466,
26985,3598,1780,1818,6295,3054,3241,7194,3484,3710,6295,3003,3292,3596,1710,1886,899,433,466,
26990,3599,1781,1818,6297,3055,3242,7197,3485,3712,6296,3004,3292,3597,1711,1886,899,433,466,
26995,3599,1781,1818,6298,3055,3243,7197,3485,3712,6297,3005,3292,3597,1711,1886,900,434,466,
27000,3600,1782,1818,6298,3055,3243,7198,3486,3712,6298,3006,3292,3599,1711,1888,900,434,466,
27005,3600,1782,1818,6300,3056,3244,7199,3487,3712,6299,3007,3292,3600,1712,1888,900,434,466,
27010,3601,1783,1818,6302,3057,3245,7202,3487,3715,6301,3008,3293,3600,1712,1888,900,434,466,
27015,3602,1784,1818,6302,3057,3245,7202,3487,3715,6302,3009,3293,3600,1712,1888,900,434,466,
27020,3603,1785,1818,6304,3058,3246,7205,3489,3716,6303,3009,3294,3601,1713,1888,900,434,466,
27025,3603,1785,1818,6305,3058,3247,7205,3489,3716,6304,3010,3294,3601,1713,1888,901,434,467,
27030,3604,1785,1819,6305,3058,3247,7206,3489,3717,6305,3010,3295,3603,1714,1889,901,434,467,
27035,3604,1785,1819,6307,3059,3248,7207,3490,3717,6306,3011,3295,3604,1715,1889,901,434,467,
27040,3605,1785,1820,6309,3061,3248,7210,3493,3717,6308,3011,3297,3604,1715,1889,901,434,467,
27045,3606,1785,1821,6309,3061,3248,7210,3493,3717,6309,3012,3297,3604,1715,1889,901,434,467,
27050,3607,1785,1822,6311,3063,3248,7213,3494,3719,6310,3012,3298,3605,1715,1890,901,434,467,
27055,3607,1785,1822,6312,3064,3248,7213,3494,3719,6311,3012,3299,3605,1715,1890,902,435,467,
27060,3608,1786,1822,6312,3064,3248,7214,3495,3719,6312,3013,3299,3607,1715,1892,902,435,467,
27065,3608,1786,1822,6314,3065,3249,7215,3495,3720,6313,3013,3300,3608,1716,1892,902,435,467,
27070,3609,1786,1823,6316,3067,3249,7218,3496,3722,6315,3014,3301,3608,1716,1892,902,435,467,
27075,3610,1786,1824,6316,3067,3249,7218,3496,3722,6316,3015,3301,3608,1716,1892,902,435,467,
27080,3611,1786,1825,6318,3067,3251,7221,3499,3722,6317,3016,3301,3609,1717,1892,902,435,467,
27085,3611,1786,1825,6319,3067,3252,7221,3499,3722,6318,3017,3301,3609,1717,1892,903,435,468,
27090,3612,1786,1826,6319,3067,3252,7222,3499,3723,6319,3018,3301,3611,1717,1894,903,435,468,
27095,3612,1786,1826,6321,3068,3253,7223,3500,3723,6320,3018,3302,3612,1717,1895,903,435,468,
27100,3613,1787,1826,6323,3068,3255,7226,3501,3725,6322,3018,3304,3612,1717,1895,903,435,468,
27105,3614,1788,1826,6323,3068,3255,7226,3501,3725,6323,3018,3305,3612,1717,1895,903,435,468,
27110,3615,1789,1826,6325,3069,3256,7229,3503,3726,6324,3018,3306,3613,1717,1896,903,435,468,
27115,3615,1789,1826,6326,3070,3256,7229,3503,3726,6325,3018,3307,3613,1717,1896,904,435,469,
27120,3616,1790,1826,6326,3070,3256,7230,3504,3726,6326,3019,3307,3615,1718,1897,904,435,469,
27125,3616,1790,1826,6328,3070,3258,7231,3505,3726,6327,3019,3308,3616,1718,1898,904,435,469,
27130,3617,1791,1826,6330,3072,3258,7234,3506,3728,6329,3019,3310,3616,1718,1898,904,435,469,
27135,3618,1792,1826,6330,3072,3258,7234,3506,3728,6330,3019,3311,3616,1718,1898,904,435,469,
27140,3619,1792,1827,6332,3073,3259,7237,3507,3730,6331,3019,3312,3617,1719,1898,904,435,469,
27145,3619,1792,1827,6333,3074,3259,7237,3507,3730,6332,3020,3312,3617,1719,1898,905,436,469,
27150,3620,1793,1827,6333,3074,3259,7238,3508,3730,6333,3020,3313,3619,1720,1899,905,436,469,
27155,3620,1793,1827,6335,3076,3259,7239,3508,3731,6334,3021,3313,3620,1721,1899,905,436,469,
27160,3621,1793,1828,6337,3077,3260,7242,3509,3733,6336,3022,3314,3620,1721,1899,905,436,469,
27165,3622,1794,1828,6337,3077,3260,7242,3509,3733,6337,3022,3315,3620,1721,1899,905,436,469,
27170,3623,1794,1829,6339,3078,3261,7245,3510,3735,6338,3022,3316,3621,1721,1900,905,436,469,
27175,3623,1794,1829,6340,3078,3262,7245,3510,3735,6339,3023,3316,3621,1721,1900,906,436,470,
27180,3624,1794,1830,6340,3078,3262,7246,3510,3736,6340,3024,3316,3623,1722,1901,906,436,470,
27185,3624,1794,1830,6342,3079,3263,7247,3510,3737,6341,3024,3317,3624,1722,1902,906,436,470,
27190,3625,1794,1831,6344,3081,3263,7250,3511,3739,6343,3025,3318,3624,1722,1902,906,436,470,
27195,3626,1795,1831,6344,3081,3263,7250,3511,3739,6344,3025,3319,3624,1722,1902,906,436,470,
27200,3627,1795,1832,6346,3082,3264,7253,3514,3739,6345,3025,3320,3625,1722,1903,906,436,470,
27205,3627,1795,1832,6347,3083,3264,7253,3514,3739,6346,3025,3321,3625,1722,1903,907,437,470,
27210,3628,1795,1833,6347,3083,3264,7254,3515,3739,6347,3025,3322,3627,1722,1905,907,437,470,
27215,3628,1795,1833,6349,3083,3266,7255,3516,3739,6348,3025,3323,3628,1722,1906,907,437,470,
27220,3629,1795,1834,6351,3085,3266,7258,3516,3742,6350,3025,3325,3628,1722,1906,907,437,470,
27225,3630,1795,1835,6351,3085,3266,7258,3516,3742,6351,3025,3326,3628,1722,1906,907,437,470,
27230,3631,1795,1836,6353,3086,3267,7261,3519,3742,6352,3025,3327,3629,1722,1907,907,437,470,
27235,3631,1795,1836,6354,3087,3267,7261,3519,3742,6353,3026,3327,3629,1722,1907,908,437,471,
27240,3632,1796,1836,6354,3087,3267,7262,3519,3743,6354,3026,3328,3631,1723,1908,908,437,471,
27245,3632,1796,1836,6356,3088,3268,7263,3519,3744,6355,3026,3329,3632,1724,1908,908,437,471,
27250,3633,1797,1836,6358,3089,3269,7266,3520,3746,6357,3027,3330,3632,1724,1908,908,437,471,
27255,3634,1798,1836,6358,3089,3269,7266,3520,3746,6358,3027,3331,3632,1724,1908,908,437,471,
27260,3635,1798,1837,6360,3091,3269,7269,3520,3749,6359,3028,3331,3633,1725,1908,908,437,471,
27265,3635,1798,1837,6361,3091,3270,7269,3520,3749,6360,3028,3332,3633,1725,1908,909,437,472,
27270,3636,1799,1837,6361,3091,3270,7270,3521,3749,6361,3028,3333,3635,1726,1909,909,437,472,
27275,3636,1799,1837,6363,3092,3271,7271,3521,3750,6362,3028,3334,3636,1727,1909,909,437,472,
27280,3637,1799,1838,6365,3093,3272,7274,3522,3752,6364,3029,3335,3636,1727,1909,909,437,472,
27285,3638,1800,1838,6365,3093,3272,7274,3522,3752,6365,3030,3335,3636,1727,1909,909,437,472,
27290,3639,1801,1838,6367,3095,3272,7277,3525,3752,6366,3031,3335,3637,1728,1909,909,437,472,
27295,3639,1801,1838,6368,3096,3272,7277,3525,3752,6367,3032,3335,3637,1728,1909,910,437,473,
27300,3640,1802,1838,6368,3096,3272,7278,3526,3752,6368,3032,3336,3639,1728,1911,910,437,473,
27305,3640,1802,1838,6370,3097,3273,7279,3527,3752,6369,3032,3337,3640,1728,1912,910,437,473,
27310,3641,1803,1838,6372,3098,3274,7282,3528,3754,6371,3032,3339,3640,1728,1912,910,437,473,
27315,3642,1803,1839,6372,3098,3274,7282,3528,3754,6372,3032,3340,3640,1728,1912,910,437,473,
27320,3643,1803,1840,6374,3098,3276,7285,3530,3755,6373,3032,3341,3641,1728,1913,910,437,473,
27325,3643,1803,1840,6375,3098,3277,7285,3530,3755,6374,3033,3341,3641,1728,1913,911,437,474,
27330,3644,1804,1840,6375,3098,3277,7286,3531,3755,6375,3034,3341,3643,1729,1914,911,437,474,
27335,3644,1804,1840,6377,3099,3278,7287,3531,3756,6376,3035,3341,3644,1730,1914,911,437,474,
27340,3645,1804,1841,6379,3101,3278,7290,3533,3757,6378,3037,3341,3644,1730,1914,911,437,474,
27345,3646,1804,1842,6379,3101,3278,7290,3533,3757,6379,3038,3341,3644,1730,1914,911,437,474,
27350,3647,1804,1843,6381,3102,3279,7293,3533,3760,6380,3039,3341,3645,1730,1915,911,437,474,
27355,3647,1804,1843,6382,3102,3280,7293,3533,3760,6381,3039,3342,3645,1730,1915,912,437,475,
27360,3648,1805,1843,6382,3102,3280,7294,3533,3761,6382,3040,3342,3647,1730,1917,912,437,475,
27365,3648,1805,1843,6384,3102,3282,7295,3533,3762,6383,3040,3343,3648,1731,1917,912,437,475,
27370,3649,1806,1843,6386,3104,3282,7298,3535,3763,6385,3041,3344,3648,1731,1917,912,437,475,
27375,3650,1806,1844,6386,3104,3282,7298,3535,3763,6386,3041,3345,3648,1731,1917,912,437,475,
27380,3651,1807,1844,6388,3106,3282,7301,3537,3764,6387,3042,3345,3649,1731,1918,912,437,475,
27385,3651,1807,1844,6389,3106,3283,7301,3537,3764,6388,3043,3345,3649,1731,1918,913,437,476,
27390,3652,1808,1844,6389,3106,3283,7302,3538,3764,6389,3044,3345,3651,1732,1919,913,437,476,
27395,3652,1808,1844,6391,3108,3283,7303,3539,3764,6390,3044,3346,3652,1732,1920,913,437,476,
27400,3653,1808,1845,6393,3108,3285,7306,3540,3766,6392,3046,3346,3652,1732,1920,913,437,476,
27405,3654,1809,1845,6393,3108,3285,7306,3540,3766,6393,3046,3347,3652,1732,1920,913,437,476,
27410,3655,1810,1845,6395,3109,3286,7309,3540,3769,6394,3046,3348,3653,1732,1921,913,437,476,
27415,3655,1810,1845,6396,3110,3286,7309,3540,3769,6395,3047,3348,3653,1732,1921,914,437,477,
27420,3656,1811,1845,6396,3110,3286,7310,3540,3770,6396,3047,3349,3655,1732,1923,914,437,477,
27425,3656,1811,1845,6398,3111,3287,7311,3540,3771,6397,3047,3350,3656,1732,1924,914,437,477,
27430,3657,1812,1845,6400,3111,3289,7314,3540,3774,6399,3047,3352,3656,1732,1924,914,437,477,
27435,3658,1812,1846,6400,3111,3289,7314,3540,3774,6400,3047,3353,3656,1732,1924,914,437,477,
27440,3659,1813,1846,6402,3113,3289,7317,3540,3777,6401,3047,3354,3657,1733,1924,914,437,477,
27445,3659,1813,1846,6403,3113,3290,7317,3540,3777,6402,3048,3354,3657,1733,1924,915,437,478,
27450,3660,1813,1847,6403,3113,3290,7318,3541,3777,6403,3049,3354,3659,1734,1925,915,437,478,
27455,3660,1813,1847,6405,3114,3291,7319,3541,3778,6404,3049,3355,3660,1734,1926,915,437,478,
27460,3661,1813,1848,6407,3114,3293,7322,3543,3779,6406,3049,3357,3660,1734,1926,915,437,478,
27465,3662,1814,1848,6407,3114,3293,7322,3543,3779,6407,3050,3357,3660,1734,1926,915,437,478,
27470,3663,1815,1848,6409,3116,3293,7325,3543,3782,6408,3050,3358,3661,1735,1926,915,437,478,
27475,3663,1815,1848,6410,3116,3294,7325,3543,3782,6409,3050,3359,3661,1735,1926,916,438,478,
27480,3664,1815,1849,6410,3116,3294,7326,3544,3782,6410,3051,3359,3663,1736,1927,916,438,478,
27485,3664,1815,1849,6412,3116,3296,7327,3544,3783,6411,3051,3360,3664,1736,1928,916,438,478,
27490,3665,1815,1850,6414,3116,3298,7330,3546,3784,6413,3052,3361,3664,1736,1928,916,438,478,
27495,3666,1816,1850,6414,3116,3298,7330,3546,3784,6414,3053,3361,3664,1736,1928,916,438,478,
27500,3667,1816,1851,6416,3117,3299,7333,3547,3786,6415,3054,3361,3665,1736,1929,916,438,478,
27505,3667,1816,1851,6417,3117,3300,7333,3547,3786,6416,3055,3361,3665,1736,1929,917,439,478,
27510,3668,1816,1852,6417,3117,3300,7334,3547,3787,6417,3056,3361,3667,1736,1931,917,439,478,
27515,3668,1816,1852,6419,3119,3300,7335,3547,3788,6418,3056,3362,3668,1736,1932,917,439,478,
27520,3669,1817,1852,6421,3119,3302,7338,3549,3789,6420,3057,3363,3668,1736,1932,917,439,478,
27525,3670,1818,1852,6421,3119,3302,7338,3549,3789,6421,3058,3363,3668,1736,1932,917,439,478,
27530,3671,1818,1853,6423,3119,3304,7341,3552,3789,6422,3059,3363,3669,1736,1933,917,439,478,
27535,3671,1818,1853,6424,3119,3305,7341,3552,3789,6423,3060,3363,3669,1736,1933,918,440,478,
27540,3672,1818,1854,6424,3119,3305,7342,3552,3790,6424,3061,3363,3671,1736,1935,918,440,478,
27545,3672,1818,1854,6426,3121,3305,7343,3553,3790,6425,3062,3363,3672,1736,1936,918,440,478,
27550,3673,1819,1854,6428,3122,3306,7346,3555,3791,6427,3062,3365,3672,1736,1936,918,440,478,
27555,3674,1820,1854,6428,3122,3306,7346,3555,3791,6428,3062,3366,3672,1736,1936,918,440,478,
27560,3675,1821,1854,6430,3123,3307,7349,3556,3793,6429,3063,3366,3673,1737,1936,918,440,478,
27565,3675,1821,1854,6431,3123,3308,7349,3556,3793,6430,3063,3367,3673,1737,1936,919,441,478,
27570,3676,1821,1855,6431,3123,3308,7350,3556,3794,6431,3063,3368,3675,1739,1936,919,441,478,
27575,3676,1821,1855,6433,3124,3309,7351,3556,3795,6432,3064,3368,3676,1739,1937,919,441,478,
27580,3677,1821,1856,6435,3126,3309,7354,3557,3797,6434,3065,3369,3676,1739,1937,919,441,478,
27585,3678,1822,1856,6435,3126,3309,7354,3557,3797,6435,3066,3369,3676,1739,1937,919,441,478,
27590,3679,1822,1857,6437,3127,3310,7357,3558,3799,6436,3066,3370,3677,1740,1937,919,441,478,
27595,3679,1822,1857,6438,3128,3310,7357,3558,3799,6437,3066,3371,3677,1740,1937,920,442,478,
27600,3680,1823,1857,6438,3128,3310,7358,3559,3799,6438,3067,3371,3679,1740,1939,920,442,478,
27605,3680,1823,1857,6440,3129,3311,7359,3560,3799,6439,3068,3371,3680,1741,1939,920,442,478,
27610,3681,1823,1858,6442,3131,3311,7362,3561,3801,6441,3069,3372,3680,1741,1939,920,442,478,
27615,3682,1824,1858,6442,3131,3311,7362,3561,3801,6442,3070,3372,3680,1741,1939,920,442,478,
27620,3683,1825,1858,6444,3132,3312,7365,3563,3802,6443,3070,3373,3681,1741,1940,920,442,478,
27625,3683,1825,1858,6445,3133,3312,7365,3563,3802,6444,3071,3373,3681,1741,1940,921,442,479,
27630,3684,1826,1858,6445,3133,3312,7366,3563,3803,6445,3072,3373,3683,1742,1941,921,442,479,
27635,3684,1826,1858,6447,3134,3313,7367,3563,3804,6446,3072,3374,3684,1742,1942,921,442,479,
27640,3685,1826,1859,6449,3134,3315,7370,3565,3805,6448,3074,3374,3684,1742,1942,921,442,479,
27645,3686,1826,1860,6449,3134,3315,7370,3565,3805,6449,3075,3374,3684,1742,1942,921,442,479,
27650,3687,1826,1861,6451,3135,3316,7373,3565,3808,6450,3076,3374,3685,1743,1942,921,442,479,
27655,3687,1826,1861,6452,3135,3317,7373,3565,3808,6451,3076,3375,3685,1743,1942,922,442,480,
27660,3688,1826,1862,6452,3135,3317,7374,3565,3809,6452,3076,3376,3687,1745,1942,922,442,480,
27665,3688,1826,1862,6454,3136,3318,7375,3565,3810,6453,3077,3376,3688,1745,1943,922,442,480,
27670,3689,1826,1863,6456,3137,3319,7378,3566,3812,6455,3078,3377,3688,1745,1943,922,442,480,
27675,3690,1826,1864,6456,3137,3319,7378,3566,3812,6456,3079,3377,3688,1745,1943,922,442,480,
27680,3691,1827,1864,6458,3137,3321,7381,3567,3814,6457,3079,3378,3689,1746,1943,922,442,480,
27685,3691,1827,1864,6459,3137,3322,7381,3567,3814,6458,3080,3378,3689,1746,1943,923,443,480,
27690,3692,1828,1864,6459,3137,3322,7382,3568,3814,6459,3080,3379,3691,1748,1943,923,443,480,
27695,3692,1828,1864,6461,3138,3323,7383,3569,3814,6460,3080,3380,3692,1748,1944,923,443,480,
27700,3693,1829,1864,6463,3140,3323,7386,3570,3816,6462,3082,3380,3692,1748,1944,923,443,480,
27705,3694,1830,1864,6463,3140,3323,7386,3570,3816,6463,3083,3380,3692,1748,1944,923,443,480,
27710,3695,1831,1864,6465,3140,3325,7389,3571,3818,6464,3083,3381,3693,1748,1945,923,443,480,
27715,3695,1831,1864,6466,3140,3326,7389,3571,3818,6465,3084,3381,3693,1748,1945,924,443,481,
27720,3696,1832,1864,6466,3140,3326,7390,3571,3819,6466,3085,3381,3695,1748,1947,924,443,481,
27725,3696,1832,1864,6468,3141,3327,7391,3571,3820,6467,3085,3382,3696,1748,1948,924,443,481,
27730,3697,1832,1865,6470,3141,3329,7394,3573,3821,6469,3086,3383,3696,1748,1948,924,443,481,
27735,3698,1832,1866,6470,3141,3329,7394,3573,3821,6470,3086,3384,3696,1748,1948,924,443,481,
27740,3699,1833,1866,6472,3141,3331,7397,3573,3824,6471,3086,3385,3697,1749,1948,924,443,481,
27745,3699,1833,1866,6473,3142,3331,7397,3573,3824,6472,3086,3386,3697,1749,1948,925,444,481,
27750,3700,1833,1867,6473,3142,3331,7398,3573,3825,6473,3087,3386,3699,1750,1949,925,444,481,
27755,3700,1833,1867,6475,3142,3333,7399,3573,3826,6474,3088,3386,3700,1751,1949,925,444,481,
27760,3701,1833,1868,6477,3143,3334,7402,3576,3826,6476,3089,3387,3700,1751,1949,925,444,481,
27765,3702,1833,1869,6477,3143,3334,7402,3576,3826,6477,3089,3388,3700,1751,1949,925,444,481,
27770,3703,1834,1869,6479,3144,3335,7405,3577,3828,6478,3090,3388,3701,1751,1950,925,444,481,
27775,3703,1834,1869,6480,3145,3335,7405,3577,3828,6479,3090,3389,3701,1751,1950,926,444,482,
27780,3704,1835,1869,6480,3145,3335,7406,3577,3829,6480,3091,3389,3703,1753,1950,926,444,482,
27785,3704,1835,1869,6482,3146,3336,7407,3578,3829,6481,3091,3390,3704,1753,1951,926,444,482,
27790,3705,1835,1870,6484,3148,3336,7410,3581,3829,6483,3091,3392,3704,1753,1951,926,444,482,
27795,3706,1836,1870,6484,3148,3336,7410,3581,3829,6484,3091,3393,3704,1753,1951,926,444,482,
27800,3707,1836,1871,6486,3150,3336,7413,3581,3832,6485,3092,3393,3705,1754,1951,926,444,482,
27805,3707,1836,1871,6487,3151,3336,7413,3581,3832,6486,3093,3393,3705,1754,1951,927,445,482,
27810,3708,1836,1872,6487,3151,3336,7414,3582,3832,6487,3094,3393,3707,1755,1952,927,445,482,
27815,3708,1836,1872,6489,3153,3336,7415,3582,3833,6488,3095,3393,3708,1755,1953,927,445,482,
27820,3709,1837,1872,6491,3153,3338,7418,3584,3834,6490,3096,3394,3708,1755,1953,927,445,482,
27825,3710,1838,1872,6491,3153,3338,7418,3584,3834,6491,3096,3395,3708,1755,1953,927,445,482,
27830,3711,1839,1872,6493,3154,3339,7421,3585,3836,6492,3096,3396,3709,1755,1954,927,445,482,
27835,3711,1839,1872,6494,3155,3339,7421,3585,3836,6493,3097,3396,3709,1755,1954,928,446,482,
27840,3712,1840,1872,6494,3155,3339,7422,3585,3837,6494,3097,3397,3711,1756,1955,928,446,482,
27845,3712,1840,1872,6496,3156,3340,7423,3585,3838,6495,3098,3397,3712,1756,1956,928,446,482,
27850,3713,1841,1872,6498,3156,3342,7426,3587,3839,6497,3099,3398,3712,1756,1956,928,446,482,
27855,3714,1842,1872,6498,3156,3342,7426,3587,3839,6498,3100,3398,3712,1756,1956,928,446,482,
27860,3715,1842,1873,6500,3156,3344,7429,3589,3840,6499,3100,3399,3713,1757,1956,928,446,482,
27865,3715,1842,1873,6501,3157,3344,7429,3589,3840,6500,3101,3399,3713,1757,1956,929,446,483,
27870,3716,1843,1873,6501,3157,3344,7430,3589,3841,6501,3102,3399,3715,1759,1956,929,446,483,
27875,3716,1843,1873,6503,3159,3344,7431,3590,3841,6502,3102,3400,3716,1759,1957,929,446,483,
27880,3717,1843,1874,6505,3160,3345,7434,3591,3843,6504,3103,3401,3716,1759,1957,929,446,483,
27885,3718,1843,1875,6505,3160,3345,7434,3591,3843,6505,3103,3402,3716,1759,1957,929,446,483,
27890,3719,1843,1876,6507,3162,3345,7437,3592,3845,6506,3103,3403,3717,1760,1957,929,446,483,
27895,3719,1843,1876,6508,3163,3345,7437,3592,3845,6507,3103,3404,3717,1760,1957,930,446,484,
27900,3720,1844,1876,6508,3163,3345,7438,3592,3846,6508,3104,3404,3719,1760,1959,930,446,484,
27905,3720,1844,1876,6510,3164,3346,7439,3593,3846,6509,3104,3405,3720,1761,1959,930,446,484,
27910,3721,1845,1876,6512,3165,3347,7442,3594,3848,6511,3104,3407,3720,1761,1959,930,446,484,
27915,3722,1845,1877,6512,3165,3347,7442,3594,3848,6512,3104,3408,3720,1761,1959,930,446,484,
27920,3723,1845,1878,6514,3165,3349,7445,3595,3850,6513,3105,3408,3721,1762,1959,930,446,484,
27925,3723,1845,1878,6515,3165,3350,7445,3595,3850,6514,3106,3408,3721,1762,1959,931,447,484,
27930,3724,1845,1879,6515,3165,3350,7446,3595,3851,6515,3107,3408,3723,1763,1960,931,447,484,
27935,3724,1845,1879,6517,3166,3351,7447,3595,3852,6516,3107,3409,3724,1763,1961,931,447,484,
27940,3725,1845,1880,6519,3167,3352,7450,3598,3852,6518,3108,3410,3724,1763,1961,931,447,484,
27945,3726,1846,1880,6519,3167,3352,7450,3598,3852,6519,3108,3411,3724,1763,1961,931,447,484,
27950,3727,1847,1880,6521,3168,3353,7453,3601,3852,6520,3109,3411,3725,1763,1962,931,447,484,
27955,3727,1847,1880,6522,3168,3354,7453,3601,3852,6521,3109,3412,3725,1763,1962,932,447,485,
27960,3728,1848,1880,6522,3168,3354,7454,3601,3853,6522,3109,3413,3727,1764,1963,932,447,485,
27965,3728,1848,1880,6524,3168,3356,7455,3601,3854,6523,3109,3414,3728,1765,1963,932,447,485,
27970,3729,1849,1880,6526,3168,3358,7458,3601,3857,6525,3110,3415,3728,1765,1963,932,447,485,
27975,3730,1850,1880,6526,3168,3358,7458,3601,3857,6526,3110,3416,3728,1765,1963,932,447,485,
27980,3731,1850,1881,6528,3168,3360,7461,3603,3858,6527,3111,3416,3729,1766,1963,932,447,485,
27985,3731,1850,1881,6529,3168,3361,7461,3603,3858,6528,3112,3416,3729,1766,1963,933,448,485,
27990,3732,1850,1882,6529,3168,3361,7462,3603,3859,6529,3112,3417,3731,1767,1964,933,448,485,
27995,3732,1850,1882,6531,3170,3361,7463,3603,3860,6530,3113,3417,3732,1767,1965,933,448,485,
28000,3733,1850,1883,6533,3171,3362,7466,3605,3861,6532,3113,3419,3732,1767,1965,933,448,485,
28005,3734,1851,1883,6533,3171,3362,7466,3605,3861,6533,3113,3420,3732,1767,1965,933,448,485,
28010,3735,1852,1883,6535,3173,3362,7469,3606,3863,6534,3113,3421,3733,1768,1965,933,448,485,
28015,3735,1852,1883,6536,3173,3363,7469,3606,3863,6535,3113,3422,3733,1768,1965,934,449,485,
28020,3736,1852,1884,6536,3173,3363,7470,3606,3864,6536,3114,3422,3735,1769,1966,934,449,485,
28025,3736,1852,1884,6538,3175,3363,7471,3606,3865,6537,3115,3422,3736,1770,1966,934,449,485,
28030,3737,1853,1884,6540,3176,3364,7474,3607,3867,6539,3117,3422,3736,1770,1966,934,449,485,
28035,3738,1853,1885,6540,3176,3364,7474,3607,3867,6540,3117,3423,3736,1770,1966,934,449,485,
28040,3739,1854,1885,6542,3178,3364,7477,3608,3869,6541,3117,3424,3737,1770,1967,934,449,485,
28045,3739,1854,1885,6543,3178,3365,7477,3608,3869,6542,3118,3424,3737,1770,1967,935,449,486,
28050,3740,1854,1886,6543,3178,3365,7478,3608,3870,6543,3118,3425,3739,1770,1969,935,449,486,
28055,3740,1854,1886,6545,3178,3367,7479,3609,3870,6544,3118,3426,3740,1771,1969,935,449,486,
28060,3741,1854,1887,6547,3180,3367,7482,3611,3871,6546,3119,3427,3740,1771,1969,935,449,486,
28065,3742,1854,1888,6547,3180,3367,7482,3611,3871,6547,3120,3427,3740,1771,1969,935,449,486,
28070,3743,1854,1889,6549,3180,3369,7485,3612,3873,6548,3120,3428,3741,1771,1970,935,449,486,
28075,3743,1854,1889,6550,3180,3370,7485,3612,3873,6549,3120,3429,3741,1771,1970,936,449,487,
28080,3744,1854,1890,6550,3180,3370,7486,3613,3873,6550,3120,3430,3743,1773,1970,936,449,487,
28085,3744,1854,1890,6552,3180,3372,7487,3613,3874,6551,3120,3431,3744,1774,1970,936,449,487,
28090,3745,1854,1891,6554,3180,3374,7490,3614,3876,6553,3121,3432,3744,1774,1970,936,449,487,
28095,3746,1855,1891,6554,3180,3374,7490,3614,3876,6554,3121,3433,3744,1774,1970,936,449,487,
28100,3747,1855,1892,6556,3181,3375,7493,3614,3879,6555,3121,3434,3745,1775,1970,936,449,487,
28105,3747,1855,1892,6557,3181,3376,7493,3614,3879,6556,3121,3435,3745,1775,1970,937,449,488,
28110,3748,1855,1893,6557,3181,3376,7494,3614,3880,6557,3121,3436,3747,1776,1971,937,449,488,
28115,3748,1855,1893,6559,3181,3378,7495,3615,3880,6558,3121,3437,3748,1776,1972,937,449,488,
28120,3749,1856,1893,6561,3183,3378,7498,3618,3880,6560,3122,3438,3748,1776,1972,937,449,488,
28125,3750,1856,1894,6561,3183,3378,7498,3618,3880,6561,3123,3438,3748,1776,1972,937,449,488,
28130,3751,1857,1894,6563,3185,3378,7501,3619,3882,6562,3123,3439,3749,1777,1972,937,449,488,
28135,3751,1857,1894,6564,3186,3378,7501,3619,3882,6563,3124,3439,3749,1777,1972,938,449,489,
28140,3752,1857,1895,6564,3186,3378,7502,3620,3882,6564,3125,3439,3751,1777,1974,938,449,489,
28145,3752,1857,1895,6566,3187,3379,7503,3620,3883,6565,3125,3440,3752,1778,1974,938,449,489,
28150,3753,1858,1895,6568,3188,3380,7506,3622,3884,6567,3125,3442,3752,1778,1974,938,449,489,
28155,3754,1859,1895,6568,3188,3380,7506,3622,3884,6568,3126,3442,3752,1778,1974,938,449,489,
28160,3755,1859,1896,6570,3188,3382,7509,3623,3886,6569,3126,3443,3753,1779,1974,938,449,489,
28165,3755,1859,1896,6571,3188,3383,7509,3623,3886,6570,3126,3444,3753,1779,1974,939,449,490,
28170,3756,1859,1897,6571,3188,3383,7510,3624,3886,6571,3127,3444,3755,1780,1975,939,449,490,
28175,3756,1859,1897,6573,3189,3384,7511,3625,3886,6572,3127,3445,3756,1780,1976,939,449,490,
28180,3757,1860,1897,6575,3191,3384,7514,3627,3887,6574,3129,3445,3756,1780,1976,939,449,490,
28185,3758,1861,1897,6575,3191,3384,7514,3627,3887,6575,3129,3446,3756,1780,1976,939,449,490,
28190,3759,1862,1897,6577,3191,3386,7517,3629,3888,6576,3130,3446,3757,1780,1977,939,449,490,
28195,3759,1862,1897,6578,3192,3386,7517,3629,3888,6577,3130,3447,3757,1780,1977,940,450,490,
28200,3760,1863,1897,6578,3192,3386,7518,3629,3889,6578,3131,3447,3759,1782,1977,940,450,490,
28205,3760,1863,1897,6580,3192,3388,7519,3629,3890,6579,3132,3447,3760,1782,1978,940,450,490,
28210,3761,1863,1898,6582,3192,3390,7522,3630,3892,6581,3134,3447,3760,1782,1978,940,450,490,
28215,3762,1864,1898,6582,3192,3390,7522,3630,3892,6582,3134,3448,3760,1782,1978,940,450,490,
28220,3763,1865,1898,6584,3193,3391,7525,3630,3895,6583,3134,3449,3761,1782,1979,940,450,490,
28225,3763,1865,1898,6585,3194,3391,7525,3630,3895,6584,3135,3449,3761,1782,1979,941,451,490,
28230,3764,1865,1899,6585,3194,3391,7526,3631,3895,6585,3136,3449,3763,1783,1980,941,451,490,
28235,3764,1865,1899,6587,3195,3392,7527,3631,3896,6586,3137,3449,3764,1783,1981,941,451,490,
28240,3765,1865,1900,6589,3196,3393,7530,3633,3897,6588,3139,3449,3764,1783,1981,941,451,490,
28245,3766,1866,1900,6589,3196,3393,7530,3633,3897,6589,3140,3449,3764,1783,1981,941,451,490,
28250,3767,1866,1901,6591,3196,3395,7533,3635,3898,6590,3141,3449,3765,1783,1982,941,451,490,
28255,3767,1866,1901,6592,3196,3396,7533,3635,3898,6591,3141,3450,3765,1783,1982,942,451,491,
28260,3768,1867,1901,6592,3196,3396,7534,3635,3899,6592,3142,3450,3767,1784,1983,942,451,491,
28265,3768,1867,1901,6594,3198,3396,7535,3635,3900,6593,3143,3450,3768,1785,1983,942,451,491,
28270,3769,1868,1901,6596,3199,3397,7538,3635,3903,6595,3144,3451,3768,1785,1983,942,451,491,
28275,3770,1869,1901,6596,3199,3397,7538,3635,3903,6596,3145,3451,3768,1785,1983,942,451,491,
28280,3771,1870,1901,6598,3201,3397,7541,3638,3903,6597,3146,3451,3769,1785,1984,942,451,491,
28285,3771,1870,1901,6599,3202,3397,7541,3638,3903,6598,3146,3452,3769,1785,1984,943,451,492,
28290,3772,1870,1902,6599,3202,3397,7542,3639,3903,6599,3147,3452,3771,1787,1984,943,451,492,
28295,3772,1870,1902,6601,3203,3398,7543,3640,3903,6600,3148,3452,3772,1787,1985,943,451,492,
28300,3773,1871,1902,6603,3204,3399,7546,3642,3904,6602,3148,3454,3772,1787,1985,943,451,492,
28305,3774,1872,1902,6603,3204,3399,7546,3642,3904,6603,3149,3454,3772,1787,1985,943,451,492,
28310,3775,1873,1902,6605,3206,3399,7549,3642,3907,6604,3149,3455,3773,1787,1986,943,451,492,
28315,3775,1873,1902,6606,3207,3399,7549,3642,3907,6605,3150,3455,3773,1787,1986,944,452,492,
28320,3776,1873,1903,6606,3207,3399,7550,3643,3907,6606,3150,3456,3775,1788,1987,944,452,492,
28325,3776,1873,1903,6608,3208,3400,7551,3643,3908,6607,3150,3457,3776,1789,1987,944,452,492,
28330,3777,1873,1904,6610,3210,3400,7554,3644,3910,6609,3151,3458,3776,1789,1987,944,452,492,
28335,3778,1874,1904,6610,3210,3400,7554,3644,3910,6610,3152,3458,3776,1789,1987,944,452,492,
28340,3779,1875,1904,6612,3212,3400,7557,3645,3912,6611,3152,3459,3777,1789,1988,944,452,492,
28345,3779,1875,1904,6613,3212,3401,7557,3645,3912,6612,3153,3459,3777,1789,1988,945,453,492,
28350,3780,1876,1904,6613,3212,3401,7558,3645,3913,6613,3154,3459,3779,1790,1989,945,453,492,
28355,3780,1876,1904,6615,3212,3403,7559,3645,3914,6614,3154,3460,3780,1791,1989,945,453,492,
28360,3781,1876,1905,6617,3214,3403,7562,3646,3916,6616,3156,3460,3780,1791,1989,945,453,492,
28365,3782,1876,1906,6617,3214,3403,7562,3646,3916,6617,3156,3461,3780,1791,1989,945,453,492,
28370,3783,1876,1907,6619,3215,3404,7565,3647,3918,6618,3156,3462,3781,1792,1989,945,453,492,
28375,3783,1876,1907,6620,3216,3404,7565,3647,3918,6619,3156,3463,3781,1792,1989,946,453,493,
28380,3784,1876,1908,6620,3216,3404,7566,3648,3918,6620,3156,3464,3783,1792,1991,946,453,493,
28385,3784,1876,1908,6622,3217,3405,7567,3648,3919,6621,3157,3464,3784,1793,1991,946,453,493,
28390,3785,1877,1908,6624,3217,3407,7570,3649,3921,6623,3159,3464,3784,1793,1991,946,453,493,
28395,3786,1877,1909,6624,3217,3407,7570,3649,3921,6624,3159,3465,3784,1793,1991,946,453,493,
28400,3787,1877,1910,6626,3218,3408,7573,3650,3923,6625,3160,3465,3785,1794,1991,946,453,493,
28405,3787,1877,1910,6627,3219,3408,7573,3650,3923,6626,3160,3466,3785,1794,1991,947,453,494,
28410,3788,1877,1911,6627,3219,3408,7574,3650,3924,6627,3161,3466,3787,1795,1992,947,453,494,
28415,3788,1877,1911,6629,3219,3410,7575,3650,3925,6628,3161,3467,3788,1796,1992,947,453,494,
28420,3789,1878,1911,6631,3221,3410,7578,3651,3927,6630,3161,3469,3788,1796,1992,947,453,494,
28425,3790,1878,1912,6631,3221,3410,7578,3651,3927,6631,3162,3469,3788,1796,1992,947,453,494,
28430,3791,1878,1913,6633,3223,3410,7581,3654,3927,6632,3162,3470,3789,1797,1992,947,453,494,
28435,3791,1878,1913,6634,3223,3411,7581,3654,3927,6633,3162,3471,3789,1797,1992,948,453,495,
28440,3792,1878,1914,6634,3223,3411,7582,3654,3928,6634,3162,3472,3791,1798,1993,948,453,495,
28445,3792,1878,1914,6636,3225,3411,7583,3654,3929,6635,3163,3472,3792,1798,1994,948,453,495,
28450,3793,1878,1915,6638,3226,3412,7586,3656,3930,6637,3163,3474,3792,1798,1994,948,453,495,
28455,3794,1878,1916,6638,3226,3412,7586,3656,3930,6638,3163,3475,3792,1798,1994,948,453,495,
28460,3795,1879,1916,6640,3227,3413,7589,3658,3931,6639,3163,3476,3793,1799,1994,948,453,495,
28465,3795,1879,1916,6641,3227,3414,7589,3658,3931,6640,3163,3477,3793,1799,1994,949,453,496,
28470,3796,1879,1917,6641,3227,3414,7590,3659,3931,6641,3163,3478,3795,1800,1995,949,453,496,
28475,3796,1879,1917,6643,3229,3414,7591,3659,3932,6642,3163,3479,3796,1800,1996,949,453,496,
28480,3797,1880,1917,6645,3230,3415,7594,3660,3934,6644,3164,3480,3796,1800,1996,949,453,496,
28485,3798,1881,1917,6645,3230,3415,7594,3660,3934,6645,3164,3481,3796,1800,1996,949,453,496,
28490,3799,1882,1917,6647,3231,3416,7597,3662,3935,6646,3165,3481,3797,1801,1996,949,453,496,
28495,3799,1882,1917,6648,3231,3417,7597,3662,3935,6647,3166,3481,3797,1801,1996,950,454,496,
28500,3800,1882,1918,6648,3231,3417,7598,3663,3935,6648,3167,3481,3799,1802,1997,950,454,496,
28505,3800,1882,1918,6650,3232,3418,7599,3663,3936,6649,3168,3481,3800,1802,1998,950,454,496,
28510,3801,1883,1918,6652,3232,3420,7602,3666,3936,6651,3169,3482,3800,1802,1998,950,454,496,
28515,3802,1884,1918,6652,3232,3420,7602,3666,3936,6652,3170,3482,3800,1802,1998,950,454,496,
28520,3803,1885,1918,6654,3233,3421,7605,3668,3937,6653,3170,3483,3801,1803,1998,950,454,496,
28525,3803,1885,1918,6655,3233,3422,7605,3668,3937,6654,3170,3484,3801,1803,1998,951,455,496,
28530,3804,1886,1918,6655,3233,3422,7606,3668,3938,6655,3170,3485,3803,1804,1999,951,455,496,
28535,3804,1886,1918,6657,3234,3423,7607,3669,3938,6656,3170,3486,3804,1804,2000,951,455,496,
28540,3805,1887,1918,6659,3234,3425,7610,3670,3940,6658,3172,3486,3804,1804,2000,951,455,496,
28545,3806,1888,1918,6659,3234,3425,7610,3670,3940,6659,3172,3487,3804,1804,2000,951,455,496,
28550,3807,1888,1919,6661,3235,3426,7613,3673,3940,6660,3172,3488,3805,1804,2001,951,455,496,
28555,3807,1888,1919,6662,3236,3426,7613,3673,3940,6661,3172,3489,3805,1804,2001,952,456,496,
28560,3808,1888,1920,6662,3236,3426,7614,3674,3940,6662,3173,3489,3807,1805,2002,952,456,496,
28565,3808,1888,1920,6664,3238,3426,7615,3675,3940,6663,3173,3490,3808,1806,2002,952,456,496,
28570,3809,1888,1921,6666,3239,3427,7618,3677,3941,6665,3173,3492,3808,1806,2002,952,456,496,
28575,3810,1889,1921,6666,3239,3427,7618,3677,3941,6666,3174,3492,3808,1806,2002,952,456,496,
28580,3811,1890,1921,6668,3241,3427,7621,3679,3942,6667,3175,3492,3809,1807,2002,952,456,496,
28585,3811,1890,1921,6669,3242,3427,7621,3679,3942,6668,3176,3492,3809,1807,2002,953,456,497,
28590,3812,1891,1921,6669,3242,3427,7622,3680,3942,6669,3176,3493,3811,1809,2002,953,456,497,
28595,3812,1891,1921,6671,3243,3428,7623,3681,3942,6670,3177,3493,3812,1809,2003,953,456,497,
28600,3813,1891,1922,6673,3244,3429,7626,3681,3945,6672,3177,3495,3812,1809,2003,953,456,497,
28605,3814,1892,1922,6673,3244,3429,7626,3681,3945,6673,3178,3495,3812,1809,2003,953,456,497,
28610,3815,1892,1923,6675,3245,3430,7629,3683,3946,6674,3179,3495,3813,1810,2003,953,456,497,
28615,3815,1892,1923,6676,3245,3431,7629,3683,3946,6675,3179,3496,3813,1810,2003,954,457,497,
28620,3816,1893,1923,6676,3245,3431,7630,3684,3946,6676,3179,3497,3815,1810,2005,954,457,497,
28625,3816,1893,1923,6678,3246,3432,7631,3684,3947,6677,3179,3498,3816,1810,2006,954,457,497,
28630,3817,1894,1923,6680,3248,3432,7634,3686,3948,6679,3179,3500,3816,1810,2006,954,457,497,
28635,3818,1895,1923,6680,3248,3432,7634,3686,3948,6680,3179,3501,3816,1810,2006,954,457,497,
28640,3819,1895,1924,6682,3250,3432,7637,3686,3951,6681,3179,3502,3817,1810,2007,954,457,497,
28645,3819,1895,1924,6683,3250,3433,7637,3686,3951,6682,3179,3503,3817,1810,2007,955,458,497,
28650,3820,1895,1925,6683,3250,3433,7638,3686,3952,6683,3180,3503,3819,1812,2007,955,458,497,
28655,3820,1895,1925,6685,3250,3435,7639,3686,3953,6684,3181,3503,3820,1813,2007,955,458,497,
28660,3821,1896,1925,6687,3251,3436,7642,3688,3954,6686,3182,3504,3820,1813,2007,955,458,497,
28665,3822,1896,1926,6687,3251,3436,7642,3688,3954,6687,3182,3505,3820,1813,2007,955,458,497,
28670,3823,1896,1927,6689,3253,3436,7645,3690,3955,6688,3182,3506,3821,1813,2008,955,458,497,
28675,3823,1896,1927,6690,3254,3436,7645,3690,3955,6689,3182,3507,3821,1813,2008,956,458,498,
28680,3824,1897,1927,6690,3254,3436,7646,3691,3955,6690,3182,3508,3823,1814,2009,956,458,498,
28685,3824,1897,1927,6692,3254,3438,7647,3692,3955,6691,3183,3508,3824,1815,2009,956,458,498,
28690,3825,1897,1928,6694,3255,3439,7650,3693,3957,6693,3185,3508,3824,1815,2009,956,458,498,
28695,3826,1898,1928,6694,3255,3439,7650,3693,3957,6694,3186,3508,3824,1815,2009,956,458,498,
28700,3827,1899,1928,6696,3257,3439,7653,3694,3959,6695,3186,3509,3825,1815,2010,956,458,498,
28705,3827,1899,1928,6697,3258,3439,7653,3694,3959,6696,3187,3509,3825,1815,2010,957,459,498,
28710,3828,1899,1929,6697,3258,3439,7654,3695,3959,6697,3187,3510,3827,1817,2010,957,459,498,
28715,3828,1899,1929,6699,3259,3440,7655,3696,3959,6698,3188,3510,3828,1818,2010,957,459,498,
28720,3829,1900,1929,6701,3260,3441,7658,3697,3961,6700,3190,3510,3828,1818,2010,957,459,498,
28725,3830,1901,1929,6701,3260,3441,7658,3697,3961,6701,3191,3510,3828,1818,2010,957,459,498,
28730,3831,1901,1930,6703,3261,3442,7661,3698,3963,6702,3192,3510,3829,1819,2010,957,459,498,
28735,3831,1901,1930,6704,3261,3443,7661,3698,3963,6703,3192,3511,3829,1819,2010,958,459,499,
28740,3832,1901,1931,6704,3261,3443,7662,3698,3964,6704,3193,3511,3831,1819,2012,958,459,499,
28745,3832,1901,1931,6706,3263,3443,7663,3698,3965,6705,3194,3511,3832,1820,2012,958,459,499,
28750,3833,1902,1931,6708,3263,3445,7666,3700,3966,6707,3195,3512,3832,1820,2012,958,459,499,
28755,3834,1903,1931,6708,3263,3445,7666,3700,3966,6708,3195,3513,3832,1820,2012,958,459,499,
28760,3835,1904,1931,6710,3263,3447,7669,3701,3968,6709,3196,3513,3833,1820,2013,958,459,499,
28765,3835,1904,1931,6711,3264,3447,7669,3701,3968,6710,3196,3514,3833,1820,2013,959,460,499,
28770,3836,1904,1932,6711,3264,3447,7670,3701,3969,6711,3196,3515,3835,1821,2014,959,460,499,
28775,3836,1904,1932,6713,3266,3447,7671,3702,3969,6712,3197,3515,3836,1821,2015,959,460,499,
28780,3837,1904,1933,6715,3267,3448,7674,3704,3970,6714,3197,3517,3836,1821,2015,959,460,499,
28785,3838,1905,1933,6715,3267,3448,7674,3704,3970,6715,3197,3518,3836,1821,2015,959,460,499,
28790,3839,1906,1933,6717,3269,3448,7677,3705,3972,6716,3198,3518,3837,1821,2016,959,460,499,
28795,3839,1906,1933,6718,3269,3449,7677,3705,3972,6717,3198,3519,3837,1821,2016,960,460,500,
28800,3840,1907,1933,6718,3269,3449,7678,3705,3973,6718,3199,3519,3839,1822,2017,960,460,500,
28805,3840,1907,1933,6720,3271,3449,7679,3706,3973,6719,3199,3520,3840,1823,2017,960,460,500,
28810,3841,1908,1933,6722,3272,3450,7682,3707,3975,6721,3200,3521,3840,1823,2017,960,460,500,
28815,3842,1908,1934,6722,3272,3450,7682,3707,3975,6722,3201,3521,3840,1823,2017,960,460,500,
28820,3843,1908,1935,6724,3273,3451,7685,3710,3975,6723,3202,3521,3841,1823,2018,960,460,500,
28825,3843,1908,1935,6725,3274,3451,7685,3710,3975,6724,3203,3521,3841,1823,2018,961,461,500,
28830,3844,1908,1936,6725,3274,3451,7686,3710,3976,6725,3204,3521,3843,1825,2018,961,461,500,
28835,3844,1908,1936,6727,3276,3451,7687,3711,3976,6726,3205,3521,3844,1825,2019,961,461,500,
28840,3845,1908,1937,6729,3277,3452,7690,3712,3978,6728,3207,3521,3844,1825,2019,961,461,500,
28845,3846,1909,1937,6729,3277,3452,7690,3712,3978,6729,3207,3522,3844,1825,2019,961,461,500,
28850,3847,1910,1937,6731,3278,3453,7693,3714,3979,6730,3208,3522,3845,1825,2020,961,461,500,
28855,3847,1910,1937,6732,3278,3454,7693,3714,3979,6731,3208,3523,3845,1825,2020,962,461,501,
28860,3848,1911,1937,6732,3278,3454,7694,3715,3979,6732,3208,3524,3847,1825,2022,962,461,501,
28865,3848,1911,1937,6734,3280,3454,7695,3716,3979,6733,3208,3525,3848,1825,2023,962,461,501,
28870,3849,1911,1938,6736,3281,3455,7698,3718,3980,6735,3209,3526,3848,1825,2023,962,461,501,
28875,3850,1912,1938,6736,3281,3455,7698,3718,3980,6736,3209,3527,3848,1825,2023,962,461,501,
28880,3851,1913,1938,6738,3281,3457,7701,3720,3981,6737,3210,3527,3849,1826,2023,962,461,501,
28885,3851,1913,1938,6739,3282,3457,7701,3720,3981,6738,3211,3527,3849,1826,2023,963,462,501,
28890,3852,1913,1939,6739,3282,3457,7702,3721,3981,6739,3211,3528,3851,1828,2023,963,462,501,
28895,3852,1913,1939,6741,3282,3459,7703,3722,3981,6740,3212,3528,3852,1828,2024,963,462,501,
28900,3853,1913,1940,6743,3283,3460,7706,3723,3983,6742,3212,3530,3852,1828,2024,963,462,501,
28905,3854,1914,1940,6743,3283,3460,7706,3723,3983,6743,3213,3530,3852,1828,2024,963,462,501,
28910,3855,1914,1941,6745,3284,3461,7709,3724,3985,6744,3213,3531,3853,1829,2024,963,462,501,
28915,3855,1914,1941,6746,3285,3461,7709,3724,3985,6745,3213,3532,3853,1829,2024,964,463,501,
28920,3856,1914,1942,6746,3285,3461,7710,3724,3986,6746,3213,3533,3855,1830,2025,964,463,501,
28925,3856,1914,1942,6748,3286,3462,7711,3724,3987,6747,3213,3534,3856,1830,2026,964,463,501,
28930,3857,1914,1943,6750,3286,3464,7714,3727,3987,6749,3214,3535,3856,1830,2026,964,463,501,
28935,3858,1915,1943,6750,3286,3464,7714,3727,3987,6750,3214,3536,3856,1830,2026,964,463,501,
28940,3859,1916,1943,6752,3288,3464,7717,3728,3989,6751,3215,3536,3857,1830,2027,964,463,501,
28945,3859,1916,1943,6753,3288,3465,7717,3728,3989,6752,3216,3536,3857,1830,2027,965,463,502,
28950,3860,1917,1943,6753,3288,3465,7718,3729,3989,6753,3217,3536,3859,1830,2029,965,463,502,
28955,3860,1917,1943,6755,3290,3465,7719,3730,3989,6754,3217,3537,3860,1830,2030,965,463,502,
28960,3861,1917,1944,6757,3290,3467,7722,3732,3990,6756,3219,3537,3860,1830,2030,965,463,502,
28965,3862,1918,1944,6757,3290,3467,7722,3732,3990,6757,3220,3537,3860,1830,2030,965,463,502,
28970,3863,1918,1945,6759,3292,3467,7725,3733,3992,6758,3220,3538,3861,1830,2031,965,463,502,
28975,3863,1918,1945,6760,3293,3467,7725,3733,3992,6759,3220,3539,3861,1830,2031,966,463,503,
28980,3864,1918,1946,6760,3293,3467,7726,3734,3992,6760,3220,3540,3863,1831,2032,966,463,503,
28985,3864,1918,1946,6762,3294,3468,7727,3734,3993,6761,3220,3541,3864,1832,2032,966,463,503,
28990,3865,1918,1947,6764,3296,3468,7730,3735,3995,6763,3221,3542,3864,1832,2032,966,463,503,
28995,3866,1919,1947,6764,3296,3468,7730,3735,3995,6764,3221,3543,3864,1832,2032,966,463,503,
29000,3867,1920,1947,6766,3297,3469,7733,3737,3996,6765,3222,3543,3865,1833,2032,966,463,503,
29005,3867,1920,1947,6767,3298,3469,7733,3737,3996,6766,3223,3543,3865,1833,2032,967,463,504,
29010,3868,1920,1948,6767,3298,3469,7734,3738,3996,6767,3223,3544,3867,1833,2034,967,463,504,
29015,3868,1920,1948,6769,3300,3469,7735,3738,3997,6768,3223,3545,3868,1833,2035,967,463,504,
29020,3869,1921,1948,6771,3302,3469,7738,3740,3998,6770,3224,3546,3868,1833,2035,967,463,504,
29025,3870,1921,1949,6771,3302,3469,7738,3740,3998,6771,3225,3546,3868,1833,2035,967,463,504,
29030,3871,1922,1949,6773,3303,3470,7741,3741,4000,6772,3225,3547,3869,1833,2036,967,463,504,
29035,3871,1922,1949,6774,3304,3470,7741,3741,4000,6773,3226,3547,3869,1833,2036,968,464,504,
29040,3872,1923,1949,6774,3304,3470,7742,3741,4001,6774,3226,3548,3871,1834,2037,968,464,504,
29045,3872,1923,1949,6776,3304,3472,7743,3742,4001,6775,3227,3548,3872,1835,2037,968,464,504,
29050,3873,1924,1949,6778,3305,3473,7746,3744,4002,6777,3228,3549,3872,1835,2037,968,464,504,
29055,3874,1924,1950,6778,3305,3473,7746,3744,4002,6778,3228,3550,3872,1835,2037,968,464,504,
29060,3875,1924,1951,6780,3307,3473,7749,3747,4002,6779,3229,3550,3873,1835,2038,968,464,504,
29065,3875,1924,1951,6781,3308,3473,7749,3747,4002,6780,3230,3550,3873,1835,2038,969,464,505,
29070,3876,1925,1951,6781,3308,3473,7750,3748,4002,6781,3231,3550,3875,1836,2039,969,464,505,
29075,3876,1925,1951,6783,3309,3474,7751,3749,4002,6782,3231,3551,3876,1837,2039,969,464,505,
29080,3877,1925,1952,6785,3310,3475,7754,3749,4005,6784,3231,3553,3876,1837,2039,969,464,505,
29085,3878,1926,1952,6785,3310,3475,7754,3749,4005,6785,3231,3554,3876,1837,2039,969,464,505,
29090,3879,1926,1953,6787,3310,3477,7757,3750,4007,6786,3231,3555,3877,1837,2040,969,464,505,
29095,3879,1926,1953,6788,3311,3477,7757,3750,4007,6787,3232,3555,3877,1837,2040,970,464,506,
29100,3880,1926,1954,6788,3311,3477,7758,3751,4007,6788,3233,3555,3879,1839,2040,970,464,506,
29105,3880,1926,1954,6790,3312,3478,7759,3751,4008,6789,3234,3555,3880,1839,2041,970,464,506,
29110,3881,1927,1954,6792,3312,3480,7762,3752,4010,6791,3235,3556,3880,1839,2041,970,464,506,
29115,3882,1927,1955,6792,3312,3480,7762,3752,4010,6792,3235,3557,3880,1839,2041,970,464,506,
29120,3883,1927,1956,6794,3313,3481,7765,3753,4012,6793,3236,3557,3881,1840,2041,970,464,506,
29125,3883,1927,1956,6795,3313,3482,7765,3753,4012,6794,3236,3558,3881,1840,2041,971,464,507,
29130,3884,1928,1956,6795,3313,3482,7766,3754,4012,6795,3237,3558,3883,1841,2042,971,464,507,
29135,3884,1928,1956,6797,3315,3482,7767,3754,4013,6796,3238,3558,3884,1841,2043,971,464,507,
29140,3885,1929,1956,6799,3316,3483,7770,3756,4014,6798,3239,3559,3884,1841,2043,971,464,507,
29145,3886,1930,1956,6799,3316,3483,7770,3756,4014,6799,3240,3559,3884,1841,2043,971,464,507,
29150,3887,1931,1956,6801,3318,3483,7773,3756,4017,6800,3241,3559,3885,1842,2043,971,464,507,
29155,3887,1931,1956,6802,3318,3484,7773,3756,4017,6801,3241,3560,3885,1842,2043,972,464,508,
29160,3888,1931,1957,6802,3318,3484,7774,3756,4018,6802,3241,3561,3887,1842,2045,972,464,508,
29165,3888,1931,1957,6804,3318,3486,7775,3757,4018,6803,3242,3561,3888,1843,2045,972,464,508,
29170,3889,1931,1958,6806,3319,3487,7778,3757,4021,6805,3244,3561,3888,1843,2045,972,464,508,
29175,3890,1931,1959,6806,3319,3487,7778,3757,4021,6806,3245,3561,3888,1843,2045,972,464,508,
29180,3891,1932,1959,6808,3320,3488,7781,3757,4024,6807,3246,3561,3889,1844,2045,972,464,508,
29185,3891,1932,1959,6809,3320,3489,7781,3757,4024,6808,3247,3561,3889,1844,2045,973,464,509,
29190,3892,1932,1960,6809,3320,3489,7782,3757,4025,6809,3247,3562,3891,1845,2046,973,464,509,
29195,3892,1932,1960,6811,3320,3491,7783,3757,4026,6810,3248,3562,3892,1846,2046,973,464,509,
29200,3893,1932,1961,6813,3320,3493,7786,3758,4028,6812,3249,3563,3892,1846,2046,973,464,509,
29205,3894,1933,1961,6813,3320,3493,7786,3758,4028,6813,3249,3564,3892,1846,2046,973,464,509,
29210,3895,1934,1961,6815,3321,3494,7789,3760,4029,6814,3249,3565,3893,1846,2047,973,464,509,
29215,3895,1934,1961,6816,3322,3494,7789,3760,4029,6815,3250,3565,3893,1846,2047,974,465,509,
29220,3896,1934,1962,6816,3322,3494,7790,3761,4029,6816,3251,3565,3895,1846,2049,974,465,509,
29225,3896,1934,1962,6818,3323,3495,7791,3761,4030,6817,3252,3565,3896,1847,2049,974,465,509,
29230,3897,1934,1963,6820,3323,3497,7794,3763,4031,6819,3254,3565,3896,1847,2049,974,465,509,
29235,3898,1934,1964,6820,3323,3497,7794,3763,4031,6820,3255,3565,3896,1847,2049,974,465,509,
29240,3899,1935,1964,6822,3324,3498,7797,3765,4032,6821,3255,3566,3897,1847,2050,974,465,509,
29245,3899,1935,1964,6823,3324,3499,7797,3765,4032,6822,3256,3566,3897,1847,2050,975,465,510,
29250,3900,1936,1964,6823,3324,3499,7798,3765,4033,6823,3256,3567,3899,1847,2052,975,465,510,
29255,3900,1936,1964,6825,3324,3501,7799,3766,4033,6824,3256,3568,3900,1847,2053,975,465,510,
29260,3901,1937,1964,6827,3325,3502,7802,3768,4034,6826,3256,3570,3900,1847,2053,975,465,510,
29265,3902,1938,1964,6827,3325,3502,7802,3768,4034,6827,3256,3571,3900,1847,2053,975,465,510,
29270,3903,1938,1965,6829,3327,3502,7805,3770,4035,6828,3257,3571,3901,1847,2054,975,465,510,
29275,3903,1938,1965,6830,3327,3503,7805,3770,4035,6829,3257,3572,3901,1847,2054,976,466,510,
29280,3904,1938,1966,6830,3327,3503,7806,3771,4035,6830,3257,3573,3903,1847,2056,976,466,510,
29285,3904,1938,1966,6832,3329,3503,7807,3771,4036,6831,3258,3573,3904,1848,2056,976,466,510,
29290,3905,1939,1966,6834,3331,3503,7810,3772,4038,6833,3259,3574,3904,1848,2056,976,466,510,
29295,3906,1940,1966,6834,3331,3503,7810,3772,4038,6834,3259,3575,3904,1848,2056,976,466,510,
29300,3907,1940,1967,6836,3331,3505,7813,3772,4041,6835,3259,3576,3905,1849,2056,976,466,510,
29305,3907,1940,1967,6837,3332,3505,7813,3772,4041,6836,3260,3576,3905,1849,2056,977,467,510,
29310,3908,1940,1968,6837,3332,3505,7814,3772,4042,6837,3260,3577,3907,1849,2058,977,467,510,
29315,3908,1940,1968,6839,3333,3506,7815,3773,4042,6838,3261,3577,3908,1849,2059,977,467,510,
29320,3909,1941,1968,6841,3335,3506,7818,3774,4044,6840,3262,3578,3908,1849,2059,977,467,510,
29325,3910,1941,1969,6841,3335,3506,7818,3774,4044,6841,3263,3578,3908,1849,2059,977,467,510,
29330,3911,1941,1970,6843,3336,3507,7821,3774,4047,6842,3264,3578,3909,1849,2060,977,467,510,
29335,3911,1941,1970,6844,3336,3508,7821,3774,4047,6843,3264,3579,3909,1849,2060,978,468,510,
29340,3912,1942,1970,6844,3336,3508,7822,3775,4047,6844,3264,3580,3911,1849,2062,978,468,510,
29345,3912,1942,1970,6846,3337,3509,7823,3775,4048,6845,3265,3580,3912,1850,2062,978,468,510,
29350,3913,1942,1971,6848,3339,3509,7826,3777,4049,6847,3265,3582,3912,1850,2062,978,468,510,
29355,3914,1942,1972,6848,3339,3509,7826,3777,4049,6848,3266,3582,3912,1850,2062,978,468,510,
29360,3915,1943,1972,6850,3340,3510,7829,3779,4050,6849,3266,3583,3913,1851,2062,978,468,510,
29365,3915,1943,1972,6851,3341,3510,7829,3779,4050,6850,3266,3584,3913,1851,2062,979,469,510,
29370,3916,1943,1973,6851,3341,3510,7830,3779,4051,6851,3266,3585,3915,1852,2063,979,469,510,
29375,3916,1943,1973,6853,3342,3511,7831,3779,4052,6852,3267,3585,3916,1852,2064,979,469,510,
29380,3917,1943,1974,6855,3344,3511,7834,3781,4053,6854,3267,3587,3916,1852,2064,979,469,510,
29385,3918,1944,1974,6855,3344,3511,7834,3781,4053,6855,3267,3588,3916,1852,2064,979,469,510,
29390,3919,1944,1975,6857,3346,3511,7837,3783,4054,6856,3267,3589,3917,1853,2064,979,469,510,
29395,3919,1944,1975,6858,3346,3512,7837,3783,4054,6857,3267,3590,3917,1853,2064,980,469,511,
29400,3920,1944,1976,6858,3346,3512,7838,3784,4054,6858,3268,3590,3919,1853,2066,980,469,511,
29405,3920,1944,1976,6860,3348,3512,7839,3785,4054,6859,3268,3591,3920,1853,2067,980,469,511,
29410,3921,1944,1977,6862,3348,3514,7842,3787,4055,6861,3269,3592,3920,1853,2067,980,469,511,
29415,3922,1945,1977,6862,3348,3514,7842,3787,4055,6862,3269,3593,3920,1853,2067,980,469,511,
29420,3923,1945,1978,6864,3350,3514,7845,3789,4056,6863,3269,3594,3921,1854,2067,980,469,511,
29425,3923,1945,1978,6865,3350,3515,7845,3789,4056,6864,3269,3595,3921,1854,2067,981,469,512,
29430,3924,1945,1979,6865,3350,3515,7846,3790,4056,6865,3269,3596,3923,1856,2067,981,469,512,
29435,3924,1945,1979,6867,3351,3516,7847,3791,4056,6866,3269,3597,3924,1857,2067,981,469,512,
29440,3925,1946,1979,6869,3352,3517,7850,3792,4058,6868,3271,3597,3924,1857,2067,981,469,512,
29445,3926,1946,1980,6869,3352,3517,7850,3792,4058,6869,3272,3597,3924,1857,2067,981,469,512,
29450,3927,1946,1981,6871,3353,3518,7853,3795,4058,6870,3272,3598,3925,1858,2067,981,469,512,
29455,3927,1946,1981,6872,3354,3518,7853,3795,4058,6871,3272,3599,3925,1858,2067,982,470,512,
29460,3928,1947,1981,6872,3354,3518,7854,3796,4058,6872,3272,3600,3927,1859,2068,982,470,512,
29465,3928,1947,1981,6874,3355,3519,7855,3797,4058,6873,3272,3601,3928,1859,2069,982,470,512,
29470,3929,1947,1982,6876,3355,3521,7858,3798,4060,6875,3273,3602,3928,1859,2069,982,470,512,
29475,3930,1948,1982,6876,3355,3521,7858,3798,4060,6876,3273,3603,3928,1859,2069,982,470,512,
29480,3931,1948,1983,6878,3356,3522,7861,3799,4062,6877,3274,3603,3929,1860,2069,982,470,512,
29485,3931,1948,1983,6879,3356,3523,7861,3799,4062,6878,3274,3604,3929,1860,2069,983,470,513,
29490,3932,1948,1984,6879,3356,3523,7862,3799,4063,6879,3274,3605,3931,1860,2071,983,470,513,
29495,3932,1948,1984,6881,3358,3523,7863,3799,4064,6880,3275,3605,3932,1860,2072,983,470,513,
29500,3933,1949,1984,6883,3359,3524,7866,3801,4065,6882,3276,3606,3932,1860,2072,983,470,513,
29505,3934,1949,1985,6883,3359,3524,7866,3801,4065,6883,3276,3607,3932,1860,2072,983,470,513,
29510,3935,1950,1985,6885,3360,3525,7869,3803,4066,6884,3277,3607,3933,1860,2073,983,470,513,
29515,3935,1950,1985,6886,3360,3526,7869,3803,4066,6885,3278,3607,3933,1860,2073,984,471,513,
29520,3936,1951,1985,6886,3360,3526,7870,3803,4067,6886,3278,3608,3935,1861,2074,984,471,513,
29525,3936,1951,1985,6888,3361,3527,7871,3804,4067,6887,3278,3609,3936,1862,2074,984,471,513,
29530,3937,1951,1986,6890,3361,3529,7874,3805,4069,6889,3280,3609,3936,1862,2074,984,471,513,
29535,3938,1951,1987,6890,3361,3529,7874,3805,4069,6890,3280,3610,3936,1862,2074,984,471,513,
29540,3939,1951,1988,6892,3361,3531,7877,3806,4071,6891,3281,3610,3937,1863,2074,984,471,513,
29545,3939,1951,1988,6893,3362,3531,7877,3806,4071,6892,3282,3610,3937,1863,2074,985,471,514,
29550,3940,1952,1988,6893,3362,3531,7878,3807,4071,6893,3283,3610,3939,1865,2074,985,471,514,
29555,3940,1952,1988,6895,3364,3531,7879,3807,4072,6894,3283,3611,3940,1865,2075,985,471,514,
29560,3941,1952,1989,6897,3365,3532,7882,3807,4075,6896,3284,3612,3940,1865,2075,985,471,514,
29565,3942,1953,1989,6897,3365,3532,7882,3807,4075,6897,3285,3612,3940,1865,2075,985,471,514,
29570,3943,1954,1989,6899,3365,3534,7885,3807,4078,6898,3285,3613,3941,1866,2075,985,471,514,
29575,3943,1954,1989,6900,3365,3535,7885,3807,4078,6899,3285,3614,3941,1866,2075,986,472,514,
29580,3944,1954,1990,6900,3365,3535,7886,3807,4079,6900,3286,3614,3943,1868,2075,986,472,514,
29585,3944,1954,1990,6902,3367,3535,7887,3807,4080,6901,3287,3614,3944,1868,2076,986,472,514,
29590,3945,1954,1991,6904,3368,3536,7890,3810,4080,6903,3289,3614,3944,1868,2076,986,472,514,
29595,3946,1955,1991,6904,3368,3536,7890,3810,4080,6904,3290,3614,3944,1868,2076,986,472,514,
29600,3947,1955,1992,6906,3369,3537,7893,3812,4081,6905,3291,3614,3945,1869,2076,986,472,514,
29605,3947,1955,1992,6907,3370,3537,7893,3812,4081,6906,3292,3614,3945,1869,2076,987,473,514,
29610,3948,1956,1992,6907,3370,3537,7894,3812,4082,6907,3293,3614,3947,1870,2077,987,473,514,
29615,3948,1956,1992,6909,3372,3537,7895,3812,4083,6908,3294,3614,3948,1871,2077,987,473,514,
29620,3949,1957,1992,6911,3374,3537,7898,3814,4084,6910,3295,3615,3948,1871,2077,987,473,514,
29625,3950,1957,1993,6911,3374,3537,7898,3814,4084,6911,3296,3615,3948,1871,2077,987,473,514,
29630,3951,1958,1993,6913,3375,3538,7901,3815,4086,6912,3296,3616,3949,1872,2077,987,473,514,
29635,3951,1958,1993,6914,3375,3539,7901,3815,4086,6913,3296,3617,3949,1872,2077,988,474,514,
29640,3952,1958,1994,6914,3375,3539,7902,3816,4086,6914,3296,3618,3951,1873,2078,988,474,514,
29645,3952,1958,1994,6916,3375,3541,7903,3817,4086,6915,3297,3618,3952,1874,2078,988,474,514,
29650,3953,1959,1994,6918,3376,3542,7906,3819,4087,6917,3298,3619,3952,1874,2078,988,474,514,
29655,3954,1960,1994,6918,3376,3542,7906,3819,4087,6918,3298,3620,3952,1874,2078,988,474,514,
29660,3955,1960,1995,6920,3377,3543,7909,3822,4087,6919,3298,3621,3953,1874,2079,988,474,514,
29665,3955,1960,1995,6921,3377,3544,7909,3822,4087,6920,3298,3622,3953,1874,2079,989,475,514,
29670,3956,1961,1995,6921,3377,3544,7910,3822,4088,6921,3298,3623,3955,1875,2080,989,475,514,
29675,3956,1961,1995,6923,3378,3545,7911,3823,4088,6922,3299,3623,3956,1876,2080,989,475,514,
29680,3957,1961,1996,6925,3380,3545,7914,3825,4089,6924,3300,3624,3956,1876,2080,989,475,514,
29685,3958,1962,1996,6925,3380,3545,7914,3825,4089,6925,3300,3625,3956,1876,2080,989,475,514,
29690,3959,1963,1996,6927,3381,3546,7917,3826,4091,6926,3301,3625,3957,1877,2080,989,475,514,
29695,3959,1963,1996,6928,3382,3546,7917,3826,4091,6927,3301,3626,3957,1877,2080,990,476,514,
29700,3960,1963,1997,6928,3382,3546,7918,3827,4091,6928,3301,3627,3959,1879,2080,990,476,514,
29705,3960,1963,1997,6930,3382,3548,7919,3828,4091,6929,3302,3627,3960,1880,2080,990,476,514,
29710,3961,1963,1998,6932,3382,3550,7922,3831,4091,6931,3303,3628,3960,1880,2080,990,476,514,
29715,3962,1964,1998,6932,3382,3550,7922,3831,4091,6932,3303,3629,3960,1880,2080,990,476,514,
29720,3963,1964,1999,6934,3383,3551,7925,3833,4092,6933,3304,3629,3961,1880,2081,990,476,514,
29725,3963,1964,1999,6935,3383,3552,7925,3833,4092,6934,3305,3629,3961,1880,2081,991,477,514,
29730,3964,1965,1999,6935,3383,3552,7926,3833,4093,6935,3305,3630,3963,1880,2083,991,477,514,
29735,3964,1965,1999,6937,3383,3554,7927,3833,4094,6936,3305,3631,3964,1880,2084,991,477,514,
29740,3965,1965,2000,6939,3384,3555,7930,3834,4096,6938,3306,3632,3964,1880,2084,991,477,514,
29745,3966,1966,2000,6939,3384,3555,7930,3834,4096,6939,3306,3633,3964,1880,2084,991,477,514,
29750,3967,1966,2001,6941,3385,3556,7933,3835,4098,6940,3307,3633,3965,1880,2085,991,477,514,
29755,3967,1966,2001,6942,3385,3557,7933,3835,4098,6941,3307,3634,3965,1880,2085,992,477,515,
29760,3968,1966,2002,6942,3385,3557,7934,3835,4099,6942,3307,3635,3967,1881,2086,992,477,515,
29765,3968,1966,2002,6944,3386,3558,7935,3835,4100,6943,3307,3636,3968,1882,2086,992,477,515,
29770,3969,1966,2003,6946,3387,3559,7938,3837,4101,6945,3308,3637,3968,1882,2086,992,477,515,
29775,3970,1967,2003,6946,3387,3559,7938,3837,4101,6946,3309,3637,3968,1882,2086,992,477,515,
29780,3971,1967,2004,6948,3389,3559,7941,3840,4101,6947,3310,3637,3969,1883,2086,992,477,515,
29785,3971,1967,2004,6949,3390,3559,7941,3840,4101,6948,3310,3638,3969,1883,2086,993,478,515,
29790,3972,1967,2005,6949,3390,3559,7942,3840,4102,6949,3310,3639,3971,1884,2087,993,478,515,
29795,3972,1967,2005,6951,3391,3560,7943,3840,4103,6950,3311,3639,3972,1884,2088,993,478,515,
29800,3973,1967,2006,6953,3392,3561,7946,3842,4104,6952,3313,3639,3972,1884,2088,993,478,515,
29805,3974,1968,2006,6953,3392,3561,7946,3842,4104,6953,3314,3639,3972,1884,2088,993,478,515,
29810,3975,1969,2006,6955,3393,3562,7949,3844,4105,6954,3314,3640,3973,1884,2089,993,478,515,
29815,3975,1969,2006,6956,3393,3563,7949,3844,4105,6955,3315,3640,3973,1884,2089,994,479,515,
29820,3976,1970,2006,6956,3393,3563,7950,3845,4105,6956,3315,3641,3975,1885,2090,994,479,515,
29825,3976,1970,2006,6958,3394,3564,7951,3845,4106,6957,3315,3642,3976,1886,2090,994,479,515,
29830,3977,1970,2007,6960,3395,3565,7954,3848,4106,6959,3315,3644,3976,1886,2090,994,479,515,
29835,3978,1970,2008,6960,3395,3565,7954,3848,4106,6960,3316,3644,3976,1886,2090,994,479,515,
29840,3979,1971,2008,6962,3396,3566,7957,3849,4108,6961,3317,3644,3977,1886,2091,994,479,515,
29845,3979,1971,2008,6963,3396,3567,7957,3849,4108,6962,3317,3645,3977,1886,2091,995,479,516,
29850,3980,1971,2009,6963,3396,3567,7958,3850,4108,6963,3318,3645,3979,1888,2091,995,479,516,
29855,3980,1971,2009,6965,3396,3569,7959,3850,4109,6964,3318,3646,3980,1889,2091,995,479,516,
29860,3981,1972,2009,6967,3397,3570,7962,3851,4111,6966,3319,3647,3980,1889,2091,995,479,516,
29865,3982,1972,2010,6967,3397,3570,7962,3851,4111,6967,3320,3647,3980,1889,2091,995,479,516,
29870,3983,1973,2010,6969,3397,3572,7965,3852,4113,6968,3321,3647,3981,1889,2092,995,479,516,
29875,3983,1973,2010,6970,3398,3572,7965,3852,4113,6969,3322,3647,3981,1889,2092,996,479,517,
29880,3984,1974,2010,6970,3398,3572,7966,3852,4114,6970,3322,3648,3983,1891,2092,996,479,517,
29885,3984,1974,2010,6972,3399,3573,7967,3853,4114,6971,3322,3649,3984,1891,2093,996,479,517,
29890,3985,1974,2011,6974,3400,3574,7970,3854,4116,6973,3323,3650,3984,1891,2093,996,479,517,
29895,3986,1974,2012,6974,3400,3574,7970,3854,4116,6974,3324,3650,3984,1891,2093,996,479,517,
29900,3987,1975,2012,6976,3400,3576,7973,3855,4118,6975,3324,3651,3985,1891,2094,996,479,517,
29905,3987,1975,2012,6977,3401,3576,7973,3855,4118,6976,3324,3652,3985,1891,2094,997,480,517,
29910,3988,1976,2012,6977,3401,3576,7974,3855,4119,6977,3324,3653,3987,1892,2095,997,480,517,
29915,3988,1976,2012,6979,3402,3577,7975,3856,4119,6978,3325,3653,3988,1893,2095,997,480,517,
29920,3989,1976,2013,6981,3403,3578,7978,3857,4121,6980,3326,3654,3988,1893,2095,997,480,517,
29925,3990,1977,2013,6981,3403,3578,7978,3857,4121,6981,3327,3654,3988,1893,2095,997,480,517,
29930,3991,1978,2013,6983,3404,3579,7981,3859,4122,6982,3328,3654,3989,1893,2096,997,480,517,
29935,3991,1978,2013,6984,3404,3580,7981,3859,4122,6983,3328,3655,3989,1893,2096,998,480,518,
29940,3992,1978,2014,6984,3404,3580,7982,3860,4122,6984,3329,3655,3991,1895,2096,998,480,518,
29945,3992,1978,2014,6986,3405,3581,7983,3860,4123,6985,3330,3655,3992,1896,2096,998,480,518,
29950,3993,1979,2014,6988,3406,3582,7986,3861,4125,6987,3332,3655,3992,1896,2096,998,480,518,
29955,3994,1979,2015,6988,3406,3582,7986,3861,4125,6988,3332,3656,3992,1896,2096,998,480,518,
29960,3995,1979,2016,6990,3406,3584,7989,3863,4126,6989,3332,3657,3993,1896,2097,998,480,518,
29965,3995,1979,2016,6991,3406,3585,7989,3863,4126,6990,3333,3657,3993,1896,2097,999,481,518,
29970,3996,1979,2017,6991,3406,3585,7990,3864,4126,6991,3333,3658,3995,1898,2097,999,481,518,
29975,3996,1979,2017,6993,3406,3587,7991,3864,4127,6992,3333,3659,3996,1899,2097,999,481,518,
29980,3997,1979,2018,6995,3407,3588,7994,3866,4128,6994,3334,3660,3996,1899,2097,999,481,518,
29985,3998,1980,2018,6995,3407,3588,7994,3866,4128,6995,3335,3660,3996,1899,2097,999,481,518,
29990,3999,1981,2018,6997,3408,3589,7997,3867,4130,6996,3335,3661,3997,1899,2098,999,481,518,
29995,3999,1981,2018,6998,3409,3589,7997,3867,4130,6997,3336,3661,3997,1899,2098,1000,482,518,
30000,4000,1982,2018,6998,3409,3589,7998,3867,4131,6998,3337,3661,3999,1901,2098,1000,482,518,
30005,4000,1982,2018,7000,3410,3590,7999,3867,4132,6999,3338,3661,4000,1902,2098,1000,482,518,
30010,4001,1983,2018,7002,3412,3590,8002,3867,4135,7001,3340,3661,4000,1902,2098,1000,482,518,
30015,4002,1984,2018,7002,3412,3590,8002,3867,4135,7002,3341,3661,4000,1902,2098,1000,482,518,
30020,4003,1985,2018,7004,3413,3591,8005,3869,4136,7003,3341,3662,4001,1903,2098,1000,482,518,
30025,4003,1985,2018,7005,3414,3591,8005,3869,4136,7004,3342,3662,4001,1903,2098,1001,483,518,
30030,4004,1986,2018,7005,3414,3591,8006,3869,4137,7005,3342,3663,4003,1903,2100,1001,483,518,
30035,4004,1986,2018,7007,3415,3592,8007,3869,4138,7006,3343,3663,4004,1904,2100,1001,483,518,
30040,4005,1986,2019,7009,3416,3593,8010,3869,4141,7008,3345,3663,4004,1904,2100,1001,483,518,
30045,4006,1986,2020,7009,3416,3593,8010,3869,4141,7009,3345,3664,4004,1904,2100,1001,483,518,
30050,4007,1986,2021,7011,3418,3593,8013,3871,4142,7010,3345,3665,4005,1904,2101,1001,483,518,
30055,4007,1986,2021,7012,3418,3594,8013,3871,4142,7011,3345,3666,4005,1904,2101,1002,483,519,
30060,4008,1986,2022,7012,3418,3594,8014,3872,4142,7012,3346,3666,4007,1905,2102,1002,483,519,
30065,4008,1986,2022,7014,3420,3594,8015,3873,4142,7013,3346,3667,4008,1905,2103,1002,483,519,
30070,4009,1986,2023,7016,3422,3594,8018,3875,4143,7015,3347,3668,4008,1905,2103,1002,483,519,
30075,4010,1987,2023,7016,3422,3594,8018,3875,4143,7016,3347,3669,4008,1905,2103,1002,483,519,
30080,4011,1987,2024,7018,3422,3596,8021,3876,4145,7017,3347,3670,4009,1905,2104,1002,483,519,
30085,4011,1987,2024,7019,3423,3596,8021,3876,4145,7018,3348,3670,4009,1905,2104,1003,483,520,
30090,4012,1987,2025,7019,3423,3596,8022,3876,4146,7019,3348,3671,4011,1907,2104,1003,483,520,
30095,4012,1987,2025,7021,3424,3597,8023,3876,4147,7020,3349,3671,4012,1908,2104,1003,483,520,
30100,4013,1987,2026,7023,3424,3599,8026,3877,4149,7022,3350,3672,4012,1908,2104,1003,483,520,
30105,4014,1988,2026,7023,3424,3599,8026,3877,4149,7023,3350,3673,4012,1908,2104,1003,483,520,
30110,4015,1988,2027,7025,3426,3599,8029,3878,4151,7024,3350,3674,4013,1909,2104,1003,483,520,
30115,4015,1988,2027,7026,3427,3599,8029,3878,4151,7025,3351,3674,4013,1909,2104,1004,483,521,
30120,4016,1988,2028,7026,3427,3599,8030,3879,4151,7026,3351,3675,4015,1910,2105,1004,483,521,
30125,4016,1988,2028,7028,3428,3600,8031,3880,4151,7027,3351,3676,4016,1910,2106,1004,483,521,
30130,4017,1988,2029,7030,3430,3600,8034,3882,4152,7029,3352,3677,4016,1910,2106,1004,483,521,
30135,4018,1989,2029,7030,3430,3600,8034,3882,4152,7030,3352,3678,4016,1910,2106,1004,483,521,
30140,4019,1989,2030,7032,3430,3602,8037,3883,4154,7031,3352,3679,4017,1911,2106,1004,483,521,
30145,4019,1989,2030,7033,3430,3603,8037,3883,4154,7032,3353,3679,4017,1911,2106,1005,483,522,
30150,4020,1989,2031,7033,3430,3603,8038,3884,4154,7033,3353,3680,4019,1912,2107,1005,483,522,
30155,4020,1989,2031,7035,3431,3604,8039,3884,4155,7034,3354,3680,4020,1913,2107,1005,483,522,
30160,4021,1989,2032,7037,3432,3605,8042,3886,4156,7036,3355,3681,4020,1913,2107,1005,483,522,
30165,4022,1989,2033,7037,3432,3605,8042,3886,4156,7037,3355,3682,4020,1913,2107,1005,483,522,
30170,4023,1989,2034,7039,3432,3607,8045,3888,4157,7038,3355,3683,4021,1913,2108,1005,483,522,
30175,4023,1989,2034,7040,3432,3608,8045,3888,4157,7039,3355,3684,4021,1913,2108,1006,483,523,
30180,4024,1989,2035,7040,3432,3608,8046,3889,4157,7040,3355,3685,4023,1914,2109,1006,483,523,
30185,4024,1989,2035,7042,3432,3610,8047,3890,4157,7041,3356,3685,4024,1914,2110,1006,483,523,
30190,4025,1989,2036,7044,3433,3611,8050,3891,4159,7043,3356,3687,4024,1914,2110,1006,483,523,
30195,4026,1990,2036,7044,3433,3611,8050,3891,4159,7044,3357,3687,4024,1914,2110,1006,483,523,
30200,4027,1991,2036,7046,3433,3613,8053,3892,4161,7045,3357,3688,4025,1915,2110,1006,483,523,
30205,4027,1991,2036,7047,3433,3614,8053,3892,4161,7046,3357,3689,4025,1915,2110,1007,483,524,
30210,4028,1991,2037,7047,3433,3614,8054,3893,4161,7047,3357,3690,4027,1916,2111,1007,483,524,
30215,4028,1991,2037,7049,3433,3616,8055,3893,4162,7048,3357,3691,4028,1916,2112,1007,483,524,
30220,4029,1991,2038,7051,3434,3617,8058,3893,4165,7050,3357,3693,4028,1916,2112,1007,483,524,
30225,4030,1992,2038,7051,3434,3617,8058,3893,4165,7051,3357,3694,4028,1916,2112,1007,483,524,
30230,4031,1992,2039,7053,3435,3618,8061,3895,4166,7052,3357,3695,4029,1917,2112,1007,483,524,
30235,4031,1992,2039,7054,3435,3619,8061,3895,4166,7053,3357,3696,4029,1917,2112,1008,483,525,
30240,4032,1993,2039,7054,3435,3619,8062,3896,4166,7054,3358,3696,4031,1918,2113,1008,483,525,
30245,4032,1993,2039,7056,3435,3621,8063,3897,4166,7055,3359,3696,4032,1919,2113,1008,483,525,
30250,4033,1994,2039,7058,3437,3621,8066,3898,4168,7057,3361,3696,4032,1919,2113,1008,483,525,
30255,4034,1994,2040,7058,3437,3621,8066,3898,4168,7058,3361,3697,4032,1919,2113,1008,483,525,
30260,4035,1994,2041,7060,3439,3621,8069,3900,4169,7059,3362,3697,4033,1920,2113,1008,483,525,
30265,4035,1994,2041,7061,3439,3622,8069,3900,4169,7060,3363,3697,4033,1920,2113,1009,484,525,
30270,4036,1994,2042,7061,3439,3622,8070,3900,4170,7061,3363,3698,4035,1921,2114,1009,484,525,
30275,4036,1994,2042,7063,3441,3622,8071,3900,4171,7062,3364,3698,4036,1922,2114,1009,484,525,
30280,4037,1995,2042,7065,3443,3622,8074,3901,4173,7064,3365,3699,4036,1922,2114,1009,484,525,
30285,4038,1996,2042,7065,3443,3622,8074,3901,4173,7065,3366,3699,4036,1922,2114,1009,484,525,
30290,4039,1996,2043,7067,3444,3623,8077,3903,4174,7066,3367,3699,4037,1923,2114,1009,484,525,
30295,4039,1996,2043,7068,3445,3623,8077,3903,4174,7067,3367,3700,4037,1923,2114,1010,484,526,
30300,4040,1997,2043,7068,3445,3623,8078,3903,4175,7068,3367,3701,4039,1924,2115,1010,484,526,
30305,4040,1997,2043,7070,3446,3624,8079,3904,4175,7069,3367,3702,4040,1924,2116,1010,484,526,
30310,4041,1998,2043,7072,3447,3625,8082,3904,4178,7071,3369,3702,4040,1924,2116,1010,484,526,
30315,4042,1998,2044,7072,3447,3625,8082,3904,4178,7072,3369,3703,4040,1924,2116,1010,484,526,
30320,4043,1998,2045,7074,3449,3625,8085,3905,4180,7073,3370,3703,4041,1925,2116,1010,484,526,
30325,4043,1998,2045,7075,3450,3625,8085,3905,4180,7074,3370,3704,4041,1925,2116,1011,484,527,
30330,4044,1999,2045,7075,3450,3625,8086,3906,4180,7075,3370,3705,4043,1926,2117,1011,484,527,
30335,4044,1999,2045,7077,3451,3626,8087,3907,4180,7076,3370,3706,4044,1926,2118,1011,484,527,
30340,4045,2000,2045,7079,3452,3627,8090,3907,4183,7078,3370,3708,4044,1926,2118,1011,484,527,
30345,4046,2000,2046,7079,3452,3627,8090,3907,4183,7079,3371,3708,4044,1926,2118,1011,484,527,
30350,4047,2001,2046,7081,3453,3628,8093,3909,4184,7080,3372,3708,4045,1926,2119,1011,484,527,
30355,4047,2001,2046,7082,3454,3628,8093,3909,4184,7081,3373,3708,4045,1926,2119,1012,484,528,
30360,4048,2001,2047,7082,3454,3628,8094,3910,4184,7082,3373,3709,4047,1927,2120,1012,484,528,
30365,4048,2001,2047,7084,3455,3629,8095,3910,4185,7083,3373,3710,4048,1928,2120,1012,484,528,
30370,4049,2002,2047,7086,3455,3631,8098,3912,4186,7085,3374,3711,4048,1928,2120,1012,484,528,
30375,4050,2002,2048,7086,3455,3631,8098,3912,4186,7086,3374,3712,4048,1928,2120,1012,484,528,
30380,4051,2002,2049,7088,3455,3633,8101,3914,4187,7087,3374,3713,4049,1928,2121,1012,484,528,
30385,4051,2002,2049,7089,3455,3634,8101,3914,4187,7088,3374,3714,4049,1928,2121,1013,485,528,
30390,4052,2003,2049,7089,3455,3634,8102,3915,4187,7089,3375,3714,4051,1930,2121,1013,485,528,
30395,4052,2003,2049,7091,3457,3634,8103,3915,4188,7090,3375,3715,4052,1931,2121,1013,485,528,
30400,4053,2003,2050,7093,3457,3636,8106,3917,4189,7092,3377,3715,4052,1931,2121,1013,485,528,
30405,4054,2003,2051,7093,3457,3636,8106,3917,4189,7093,3377,3716,4052,1931,2121,1013,485,528,
30410,4055,2003,2052,7095,3457,3638,8109,3919,4190,7094,3377,3717,4053,1932,2121,1013,485,528,
30415,4055,2003,2052,7096,3457,3639,8109,3919,4190,7095,3377,3718,4053,1932,2121,1014,485,529,
30420,4056,2003,2053,7096,3457,3639,8110,3920,4190,7096,3377,3719,4055,1933,2122,1014,485,529,
30425,4056,2003,2053,7098,3458,3640,8111,3920,4191,7097,3377,3720,4056,1933,2123,1014,485,529,
30430,4057,2004,2053,7100,3459,3641,8114,3922,4192,7099,3378,3721,4056,1933,2123,1014,485,529,
30435,4058,2005,2053,7100,3459,3641,8114,3922,4192,7100,3379,3721,4056,1933,2123,1014,485,529,
30440,4059,2005,2054,7102,3460,3642,8117,3923,4194,7101,3379,3722,4057,1934,2123,1014,485,529,
30445,4059,2005,2054,7103,3460,3643,8117,3923,4194,7102,3379,3723,4057,1934,2123,1015,486,529,
30450,4060,2005,2055,7103,3460,3643,8118,3923,4195,7103,3379,3724,4059,1935,2124,1015,486,529,
30455,4060,2005,2055,7105,3462,3643,8119,3924,4195,7104,3379,3725,4060,1936,2124,1015,486,529,
30460,4061,2006,2055,7107,3464,3643,8122,3927,4195,7106,3381,3725,4060,1936,2124,1015,486,529,
30465,4062,2007,2055,7107,3464,3643,8122,3927,4195,7107,3382,3725,4060,1936,2124,1015,486,529,
30470,4063,2007,2056,7109,3466,3643,8125,3929,4196,7108,3382,3726,4061,1936,2125,1015,486,529,
30475,4063,2007,2056,7110,3466,3644,8125,3929,4196,7109,3382,3727,4061,1936,2125,1016,486,530,
30480,4064,2007,2057,7110,3466,3644,8126,3929,4197,7110,3382,3728,4063,1937,2126,1016,486,530,
30485,4064,2007,2057,7112,3467,3645,8127,3929,4198,7111,3383,3728,4064,1937,2127,1016,486,530,
30490,4065,2008,2057,7114,3468,3646,8130,3932,4198,7113,3384,3729,4064,1937,2127,1016,486,530,
30495,4066,2009,2057,7114,3468,3646,8130,3932,4198,7114,3384,3730,4064,1937,2127,1016,486,530,
30500,4067,2009,2058,7116,3468,3648,8133,3933,4200,7115,3384,3731,4065,1938,2127,1016,486,530,
30505,4067,2009,2058,7117,3469,3648,8133,3933,4200,7116,3385,3731,4065,1938,2127,1017,486,531,
30510,4068,2010,2058,7117,3469,3648,8134,3933,4201,7117,3385,3732,4067,1938,2129,1017,486,531,
30515,4068,2010,2058,7119,3471,3648,8135,3933,4202,7118,3386,3732,4068,1939,2129,1017,486,531,
30520,4069,2010,2059,7121,3473,3648,8138,3933,4205,7120,3387,3733,4068,1939,2129,1017,486,531,
30525,4070,2011,2059,7121,3473,3648,8138,3933,4205,7121,3387,3734,4068,1939,2129,1017,486,531,
30530,4071,2011,2060,7123,3474,3649,8141,3934,4207,7122,3387,3735,4069,1940,2129,1017,486,531,
30535,4071,2011,2060,7124,3474,3650,8141,3934,4207,7123,3387,3736,4069,1940,2129,1018,486,532,
30540,4072,2011,2061,7124,3474,3650,8142,3934,4208,7124,3388,3736,4071,1942,2129,1018,486,532,
30545,4072,2011,2061,7126,3474,3652,8143,3935,4208,7125,3389,3736,4072,1943,2129,1018,486,532,
30550,4073,2011,2062,7128,3474,3654,8146,3936,4210,7127,3390,3737,4072,1943,2129,1018,486,532,
30555,4074,2011,2063,7128,3474,3654,8146,3936,4210,7128,3391,3737,4072,1943,2129,1018,486,532,
30560,4075,2012,2063,7130,3475,3655,8149,3936,4213,7129,3392,3737,4073,1943,2130,1018,486,532,
30565,4075,2012,2063,7131,3476,3655,8149,3936,4213,7130,3392,3738,4073,1943,2130,1019,486,533,
30570,4076,2013,2063,7131,3476,3655,8150,3937,4213,7131,3393,3738,4075,1943,2132,1019,486,533,
30575,4076,2013,2063,7133,3477,3656,8151,3937,4214,7132,3393,3739,4076,1943,2133,1019,486,533,
30580,4077,2014,2063,7135,3478,3657,8154,3939,4215,7134,3394,3740,4076,1943,2133,1019,486,533,
30585,4078,2015,2063,7135,3478,3657,8154,3939,4215,7135,3395,3740,4076,1943,2133,1019,486,533,
30590,4079,2016,2063,7137,3480,3657,8157,3941,4216,7136,3396,3740,4077,1943,2134,1019,486,533,
30595,4079,2016,2063,7138,3480,3658,8157,3941,4216,7137,3397,3740,4077,1943,2134,1020,487,533,
30600,4080,2017,2063,7138,3480,3658,8158,3941,4217,7138,3397,3741,4079,1944,2135,1020,487,533,
30605,4080,2017,2063,7140,3481,3659,8159,3942,4217,7139,3397,3742,4080,1945,2135,1020,487,533,
30610,4081,2017,2064,7142,3481,3661,8162,3943,4219,7141,3398,3743,4080,1945,2135,1020,487,533,
30615,4082,2018,2064,7142,3481,3661,8162,3943,4219,7142,3398,3744,4080,1945,2135,1020,487,533,
30620,4083,2019,2064,7144,3481,3663,8165,3944,4221,7143,3398,3745,4081,1945,2136,1020,487,533,
30625,4083,2019,2064,7145,3481,3664,8165,3944,4221,7144,3398,3746,4081,1945,2136,1021,487,534,
30630,4084,2020,2064,7145,3481,3664,8166,3944,4222,7145,3399,3746,4083,1946,2137,1021,487,534,
30635,4084,2020,2064,7147,3482,3665,8167,3944,4223,7146,3399,3747,4084,1947,2137,1021,487,534,
30640,4085,2020,2065,7149,3482,3667,8170,3946,4224,7148,3399,3749,4084,1947,2137,1021,487,534,
30645,4086,2021,2065,7149,3482,3667,8170,3946,4224,7149,3400,3749,4084,1947,2137,1021,487,534,
30650,4087,2022,2065,7151,3483,3668,8173,3947,4226,7150,3401,3749,4085,1947,2138,1021,487,534,
30655,4087,2022,2065,7152,3484,3668,8173,3947,4226,7151,3401,3750,4085,1947,2138,1022,488,534,
30660,4088,2023,2065,7152,3484,3668,8174,3947,4227,7152,3402,3750,4087,1948,2139,1022,488,534,
30665,4088,2023,2065,7154,3485,3669,8175,3948,4227,7153,3402,3751,4088,1949,2139,1022,488,534,
30670,4089,2023,2066,7156,3485,3671,8178,3948,4230,7155,3403,3752,4088,1949,2139,1022,488,534,
30675,4090,2023,2067,7156,3485,3671,8178,3948,4230,7156,3404,3752,4088,1949,2139,1022,488,534,
30680,4091,2024,2067,7158,3486,3672,8181,3949,4232,7157,3404,3753,4089,1949,2140,1022,488,534,
30685,4091,2024,2067,7159,3487,3672,8181,3949,4232,7158,3404,3754,4089,1949,2140,1023,488,535,
30690,4092,2024,2068,7159,3487,3672,8182,3950,4232,7159,3404,3755,4091,1950,2141,1023,488,535,
30695,4092,2024,2068,7161,3489,3672,8183,3951,4232,7160,3404,3756,4092,1951,2141,1023,488,535,
30700,4093,2025,2068,7163,3490,3673,8186,3954,4232,7162,3405,3757,4092,1951,2141,1023,488,535,
30705,4094,2026,2068,7163,3490,3673,8186,3954,4232,7163,3406,3757,4092,1951,2141,1023,488,535,
30710,4095,2027,2068,7165,3491,3674,8189,3957,4232,7164,3406,3758,4093,1951,2142,1023,488,535,
30715,4095,2027,2068,7166,3492,3674,8189,3957,4232,7165,3407,3758,4093,1951,2142,1024,488,536,
30720,4096,2028,2068,7166,3492,3674,8190,3957,4233,7166,3407,3759,4095,1952,2143,1024,488,536,
30725,4096,2028,2068,7168,3493,3675,8191,3957,4234,7167,3408,3759,4096,1953,2143,1024,488,536,
30730,4097,2029,2068,7170,3495,3675,8194,3959,4235,7169,3409,3760,4096,1953,2143,1024,488,536,
30735,4098,2029,2069,7170,3495,3675,8194,3959,4235,7170,3409,3761,4096,1953,2143,1024,488,536,
30740,4099,2030,2069,7172,3496,3676,8197,3959,4238,7171,3409,3762,4097,1954,2143,1024,488,536,
30745,4099,2030,2069,7173,3496,3677,8197,3959,4238,7172,3410,3762,4097,1954,2143,1025,488,537,
30750,4100,2031,2069,7173,3496,3677,8198,3960,4238,7173,3411,3762,4099,1955,2144,1025,488,537,
30755,4100,2031,2069,7175,3497,3678,8199,3960,4239,7174,3412,3762,4100,1955,2145,1025,488,537,
30760,4101,2032,2069,7177,3499,3678,8202,3962,4240,7176,3413,3763,4100,1955,2145,1025,488,537,
30765,4102,2032,2070,7177,3499,3678,8202,3962,4240,7177,3414,3763,4100,1955,2145,1025,488,537,
30770,4103,2033,2070,7179,3499,3680,8205,3962,4243,7178,3414,3764,4101,1955,2146,1025,488,537,
30775,4103,2033,2070,7180,3500,3680,8205,3962,4243,7179,3414,3765,4101,1955,2146,1026,488,538,
30780,4104,2033,2071,7180,3500,3680,8206,3962,4244,7180,3414,3766,4103,1956,2147,1026,488,538,
30785,4104,2033,2071,7182,3501,3681,8207,3962,4245,7181,3415,3766,4104,1956,2148,1026,488,538,
30790,4105,2033,2072,7184,3501,3683,8210,3963,4247,7183,3417,3766,4104,1956,2148,1026,488,538,
30795,4106,2034,2072,7184,3501,3683,8210,3963,4247,7184,3417,3767,4104,1956,2148,1026,488,538,
30800,4107,2034,2073,7186,3502,3684,8213,3964,4249,7185,3418,3767,4105,1957,2148,1026,488,538,
30805,4107,2034,2073,7187,3502,3685,8213,3964,4249,7186,3419,3767,4105,1957,2148,1027,488,539,
30810,4108,2035,2073,7187,3502,3685,8214,3965,4249,7187,3420,3767,4107,1958,2149,1027,488,539,
30815,4108,2035,2073,7189,3504,3685,8215,3965,4250,7188,3421,3767,4108,1958,2150,1027,488,539,
30820,4109,2035,2074,7191,3504,3687,8218,3966,4252,7190,3423,3767,4108,1958,2150,1027,488,539,
30825,4110,2036,2074,7191,3504,3687,8218,3966,4252,7191,3423,3768,4108,1958,2150,1027,488,539,
30830,4111,2037,2074,7193,3504,3689,8221,3968,4253,7192,3424,3768,4109,1959,2150,1027,488,539,
30835,4111,2037,2074,7194,3504,3690,8221,3968,4253,7193,3424,3769,4109,1959,2150,1028,488,540,
30840,4112,2037,2075,7194,3504,3690,8222,3969,4253,7194,3424,3770,4111,1959,2152,1028,488,540,
30845,4112,2037,2075,7196,3505,3691,8223,3969,4254,7195,3424,3771,4112,1959,2153,1028,488,540,
30850,4113,2037,2076,7198,3505,3693,8226,3972,4254,7197,3426,3771,4112,1959,2153,1028,488,540,
30855,4114,2038,2076,7198,3505,3693,8226,3972,4254,7198,3427,3771,4112,1959,2153,1028,488,540,
30860,4115,2038,2077,7200,3506,3694,8229,3973,4256,7199,3427,3772,4113,1959,2154,1028,488,540,
30865,4115,2038,2077,7201,3506,3695,8229,3973,4256,7200,3427,3773,4113,1959,2154,1029,489,540,
30870,4116,2038,2078,7201,3506,3695,8230,3973,4257,7201,3428,3773,4115,1961,2154,1029,489,540,
30875,4116,2038,2078,7203,3507,3696,8231,3973,4258,7202,3429,3773,4116,1962,2154,1029,489,540,
30880,4117,2039,2078,7205,3509,3696,8234,3975,4259,7204,3429,3775,4116,1962,2154,1029,489,540,
30885,4118,2040,2078,7205,3509,3696,8234,3975,4259,7205,3430,3775,4116,1962,2154,1029,489,540,
30890,4119,2041,2078,7207,3510,3697,8237,3976,4261,7206,3430,3776,4117,1963,2154,1029,489,540,
30895,4119,2041,2078,7208,3510,3698,8237,3976,4261,7207,3430,3777,4117,1963,2154,1030,490,540,
30900,4120,2041,2079,7208,3510,3698,8238,3977,4261,7208,3430,3778,4119,1964,2155,1030,490,540,
30905,4120,2041,2079,7210,3512,3698,8239,3978,4261,7209,3430,3779,4120,1965,2155,1030,490,540,
30910,4121,2041,2080,7212,3512,3700,8242,3980,4262,7211,3430,3781,4120,1965,2155,1030,490,540,
30915,4122,2041,2081,7212,3512,3700,8242,3980,4262,7212,3431,3781,4120,1965,2155,1030,490,540,
30920,4123,2042,2081,7214,3512,3702,8245,3983,4262,7213,3431,3782,4121,1966,2155,1030,490,540,
30925,4123,2042,2081,7215,3513,3702,8245,3983,4262,7214,3432,3782,4121,1966,2155,1031,491,540,
30930,4124,2042,2082,7215,3513,3702,8246,3983,4263,7215,3432,3783,4123,1968,2155,1031,491,540,
30935,4124,2042,2082,7217,3514,3703,8247,3984,4263,7216,3433,3783,4124,1968,2156,1031,491,540,
30940,4125,2043,2082,7219,3514,3705,8250,3984,4266,7218,3434,3784,4124,1968,2156,1031,491,540,
30945,4126,2044,2082,7219,3514,3705,8250,3984,4266,7219,3435,3784,4124,1968,2156,1031,491,540,
30950,4127,2045,2082,7221,3515,3706,8253,3986,4267,7220,3436,3784,4125,1969,2156,1031,491,540,
30955,4127,2045,2082,7222,3516,3706,8253,3986,4267,7221,3437,3784,4125,1969,2156,1032,491,541,
30960,4128,2046,2082,7222,3516,3706,8254,3986,4268,7222,3437,3785,4127,1969,2158,1032,491,541,
30965,4128,2046,2082,7224,3516,3708,8255,3987,4268,7223,3437,3786,4128,1970,2158,1032,491,541,
30970,4129,2047,2082,7226,3517,3709,8258,3990,4268,7225,3437,3788,4128,1970,2158,1032,491,541,
30975,4130,2047,2083,7226,3517,3709,8258,3990,4268,7226,3438,3788,4128,1970,2158,1032,491,541,
30980,4131,2048,2083,7228,3518,3710,8261,3991,4270,7227,3438,3789,4129,1971,2158,1032,491,541,
30985,4131,2048,2083,7229,3518,3711,8261,3991,4270,7228,3439,3789,4129,1971,2158,1033,491,542,
30990,4132,2048,2084,7229,3518,3711,8262,3991,4271,7229,3439,3790,4131,1971,2160,1033,491,542,
30995,4132,2048,2084,7231,3519,3712,8263,3992,4271,7230,3439,3791,4132,1972,2160,1033,491,542,
31000,4133,2048,2085,7233,3519,3714,8266,3994,4272,7232,3441,3791,4132,1972,2160,1033,491,542,
31005,4134,2048,2086,7233,3519,3714,8266,3994,4272,7233,3442,3791,4132,1972,2160,1033,491,542,
31010,4135,2049,2086,7235,3520,3715,8269,3995,4274,7234,3443,3791,4133,1973,2160,1033,491,542,
31015,4135,2049,2086,7236,3521,3715,8269,3995,4274,7235,3443,3792,4133,1973,2160,1034,491,543,
31020,4136,2049,2087,7236,3521,3715,8270,3996,4274,7236,3444,3792,4135,1974,2161,1034,491,543,
31025,4136,2049,2087,7238,3521,3717,8271,3996,4275,7237,3445,3792,4136,1974,2162,1034,491,543,
31030,4137,2050,2087,7240,3522,3718,8274,3998,4276,7239,3446,3793,4136,1974,2162,1034,491,543,
31035,4138,2051,2087,7240,3522,3718,8274,3998,4276,7240,3447,3793,4136,1974,2162,1034,491,543,
31040,4139,2051,2088,7242,3524,3718,8277,4000,4277,7241,3448,3793,4137,1975,2162,1034,491,543,
31045,4139,2051,2088,7243,3524,3719,8277,4000,4277,7242,3449,3793,4137,1975,2162,1035,492,543,
31050,4140,2051,2089,7243,3524,3719,8278,4001,4277,7243,3450,3793,4139,1976,2163,1035,492,543,
31055,4140,2051,2089,7245,3524,3721,8279,4001,4278,7244,3451,3793,4140,1976,2164,1035,492,543,
31060,4141,2051,2090,7247,3525,3722,8282,4003,4279,7246,3453,3793,4140,1976,2164,1035,492,543,
31065,4142,2051,2091,7247,3525,3722,8282,4003,4279,7247,3453,3794,4140,1976,2164,1035,492,543,
31070,4143,2051,2092,7249,3526,3723,8285,4005,4280,7248,3453,3795,4141,1977,2164,1035,492,543,
31075,4143,2051,2092,7250,3526,3724,8285,4005,4280,7249,3453,3796,4141,1977,2164,1036,493,543,
31080,4144,2052,2092,7250,3526,3724,8286,4006,4280,7250,3453,3797,4143,1978,2165,1036,493,543,
31085,4144,2052,2092,7252,3527,3725,8287,4006,4281,7251,3454,3797,4144,1979,2165,1036,493,543,
31090,4145,2052,2093,7254,3527,3727,8290,4006,4284,7253,3455,3798,4144,1979,2165,1036,493,543,
31095,4146,2052,2094,7254,3527,3727,8290,4006,4284,7254,3455,3799,4144,1979,2165,1036,493,543,
31100,4147,2053,2094,7256,3528,3728,8293,4006,4287,7255,3455,3800,4145,1980,2165,1036,493,543,
31105,4147,2053,2094,7257,3529,3728,8293,4006,4287,7256,3456,3800,4145,1980,2165,1037,493,544,
31110,4148,2053,2095,7257,3529,3728,8294,4007,4287,7257,3457,3800,4147,1980,2167,1037,493,544,
31115,4148,2053,2095,7259,3531,3728,8295,4008,4287,7258,3457,3801,4148,1981,2167,1037,493,544,
31120,4149,2054,2095,7261,3532,3729,8298,4010,4288,7260,3459,3801,4148,1981,2167,1037,493,544,
31125,4150,2054,2096,7261,3532,3729,8298,4010,4288,7261,3459,3802,4148,1981,2167,1037,493,544,
31130,4151,2054,2097,7263,3533,3730,8301,4011,4290,7262,3460,3802,4149,1982,2167,1037,493,544,
31135,4151,2054,2097,7264,3533,3731,8301,4011,4290,7263,3460,3803,4149,1982,2167,1038,493,545,
31140,4152,2054,2098,7264,3533,3731,8302,4012,4290,7264,3460,3804,4151,1983,2168,1038,493,545,
31145,4152,2054,2098,7266,3534,3732,8303,4013,4290,7265,3461,3804,4152,1983,2169,1038,493,545,
31150,4153,2054,2099,7268,3535,3733,8306,4015,4291,7267,3461,3806,4152,1983,2169,1038,493,545,
31155,4154,2055,2099,7268,3535,3733,8306,4015,4291,7268,3461,3807,4152,1983,2169,1038,493,545,
31160,4155,2055,2100,7270,3535,3735,8309,4017,4292,7269,3461,3808,4153,1984,2169,1038,493,545,
31165,4155,2055,2100,7271,3535,3736,8309,4017,4292,7270,3462,3808,4153,1984,2169,1039,494,545,
31170,4156,2056,2100,7271,3535,3736,8310,4017,4293,7271,3462,3809,4155,1985,2170,1039,494,545,
31175,4156,2056,2100,7273,3535,3738,8311,4018,4293,7272,3463,3809,4156,1985,2171,1039,494,545,
31180,4157,2057,2100,7275,3536,3739,8314,4020,4294,7274,3464,3810,4156,1985,2171,1039,494,545,
31185,4158,2057,2101,7275,3536,3739,8314,4020,4294,7275,3464,3811,4156,1985,2171,1039,494,545,
31190,4159,2058,2101,7277,3538,3739,8317,4021,4296,7276,3465,3811,4157,1985,2172,1039,494,545,
31195,4159,2058,2101,7278,3538,3740,8317,4021,4296,7277,3465,3812,4157,1985,2172,1040,494,546,
31200,4160,2058,2102,7278,3538,3740,8318,4022,4296,7278,3466,3812,4159,1985,2174,1040,494,546,
31205,4160,2058,2102,7280,3538,3742,8319,4022,4297,7279,3467,3812,4160,1986,2174,1040,494,546,
31210,4161,2059,2102,7282,3539,3743,8322,4024,4298,7281,3468,3813,4160,1986,2174,1040,494,546,
31215,4162,2060,2102,7282,3539,3743,8322,4024,4298,7282,3469,3813,4160,1986,2174,1040,494,546,
31220,4163,2061,2102,7284,3540,3744,8325,4026,4299,7283,3469,3814,4161,1986,2175,1040,494,546,
31225,4163,2061,2102,7285,3540,3745,8325,4026,4299,7284,3470,3814,4161,1986,2175,1041,495,546,
31230,4164,2062,2102,7285,3540,3745,8326,4027,4299,7285,3471,3814,4163,1987,2176,1041,495,546,
31235,4164,2062,2102,7287,3541,3746,8327,4028,4299,7286,3471,3815,4164,1988,2176,1041,495,546,
31240,4165,2063,2102,7289,3542,3747,8330,4029,4301,7288,3472,3816,4164,1988,2176,1041,495,546,
31245,4166,2064,2102,7289,3542,3747,8330,4029,4301,7289,3473,3816,4164,1988,2176,1041,495,546,
31250,4167,2065,2102,7291,3544,3747,8333,4029,4304,7290,3474,3816,4165,1989,2176,1041,495,546,
31255,4167,2065,2102,7292,3544,3748,8333,4029,4304,7291,3474,3817,4165,1989,2176,1042,495,547,
31260,4168,2065,2103,7292,3544,3748,8334,4030,4304,7292,3474,3818,4167,1991,2176,1042,495,547,
31265,4168,2065,2103,7294,3545,3749,8335,4031,4304,7293,3474,3819,4168,1991,2177,1042,495,547,
31270,4169,2066,2103,7296,3546,3750,8338,4032,4306,7295,3475,3820,4168,1991,2177,1042,495,547,
31275,4170,2066,2104,7296,3546,3750,8338,4032,4306,7296,3475,3821,4168,1991,2177,1042,495,547,
31280,4171,2066,2105,7298,3548,3750,8341,4032,4309,7297,3476,3821,4169,1992,2177,1042,495,547,
31285,4171,2066,2105,7299,3548,3751,8341,4032,4309,7298,3476,3822,4169,1992,2177,1043,495,548,
31290,4172,2067,2105,7299,3548,3751,8342,4033,4309,7299,3476,3823,4171,1992,2179,1043,495,548,
31295,4172,2067,2105,7301,3548,3753,8343,4034,4309,7300,3477,3823,4172,1992,2180,1043,495,548,
31300,4173,2067,2106,7303,3549,3754,8346,4034,4312,7302,3479,3823,4172,1992,2180,1043,495,548,
31305,4174,2067,2107,7303,3549,3754,8346,4034,4312,7303,3480,3823,4172,1992,2180,1043,495,548,
31310,4175,2068,2107,7305,3550,3755,8349,4035,4314,7304,3480,3824,4173,1992,2181,1043,495,548,
31315,4175,2068,2107,7306,3550,3756,8349,4035,4314,7305,3481,3824,4173,1992,2181,1044,496,548,
31320,4176,2068,2108,7306,3550,3756,8350,4035,4315,7306,3481,3825,4175,1993,2182,1044,496,548,
31325,4176,2068,2108,7308,3550,3758,8351,4036,4315,7307,3482,3825,4176,1993,2183,1044,496,548,
31330,4177,2069,2108,7310,3551,3759,8354,4038,4316,7309,3482,3827,4176,1993,2183,1044,496,548,
31335,4178,2069,2109,7310,3551,3759,8354,4038,4316,7310,3483,3827,4176,1993,2183,1044,496,548,
31340,4179,2069,2110,7312,3552,3760,8357,4039,4318,7311,3484,3827,4177,1993,2184,1044,496,548,
31345,4179,2069,2110,7313,3552,3761,8357,4039,4318,7312,3484,3828,4177,1993,2184,1045,497,548,
31350,4180,2070,2110,7313,3552,3761,8358,4040,4318,7313,3484,3829,4179,1993,2186,1045,497,548,
31355,4180,2070,2110,7315,3553,3762,8359,4041,4318,7314,3485,3829,4180,1994,2186,1045,497,548,
31360,4181,2071,2110,7317,3555,3762,8362,4042,4320,7316,3486,3830,4180,1994,2186,1045,497,548,
31365,4182,2071,2111,7317,3555,3762,8362,4042,4320,7317,3487,3830,4180,1994,2186,1045,497,548,
31370,4183,2072,2111,7319,3556,3763,8365,4044,4321,7318,3488,3830,4181,1995,2186,1045,497,548,
31375,4183,2072,2111,7320,3556,3764,8365,4044,4321,7319,3488,3831,4181,1995,2186,1046,498,548,
31380,4184,2073,2111,7320,3556,3764,8366,4044,4322,7320,3489,3831,4183,1997,2186,1046,498,548,
31385,4184,2073,2111,7322,3558,3764,8367,4045,4322,7321,3489,3832,4184,1998,2186,1046,498,548,
31390,4185,2073,2112,7324,3559,3765,8370,4047,4323,7323,3489,3834,4184,1998,2186,1046,498,548,
31395,4186,2073,2113,7324,3559,3765,8370,4047,4323,7324,3490,3834,4184,1998,2186,1046,498,548,
31400,4187,2074,2113,7326,3560,3766,8373,4047,4326,7325,3491,3834,4185,1998,2187,1046,498,548,
31405,4187,2074,2113,7327,3561,3766,8373,4047,4326,7326,3492,3834,4185,1998,2187,1047,498,549,
31410,4188,2075,2113,7327,3561,3766,8374,4048,4326,7327,3492,3835,4187,1999,2188,1047,498,549,
31415,4188,2075,2113,7329,3563,3766,8375,4048,4327,7328,3492,3836,4188,2000,2188,1047,498,549,
31420,4189,2076,2113,7331,3563,3768,8378,4050,4328,7330,3493,3837,4188,2000,2188,1047,498,549,
31425,4190,2076,2114,7331,3563,3768,8378,4050,4328,7331,3494,3837,4188,2000,2188,1047,498,549,
31430,4191,2077,2114,7333,3563,3770,8381,4053,4328,7332,3495,3837,4189,2001,2188,1047,498,549,
31435,4191,2077,2114,7334,3563,3771,8381,4053,4328,7333,3496,3837,4189,2001,2188,1048,499,549,
31440,4192,2078,2114,7334,3563,3771,8382,4053,4329,7334,3497,3837,4191,2002,2189,1048,499,549,
31445,4192,2078,2114,7336,3563,3773,8383,4053,4330,7335,3498,3837,4192,2002,2190,1048,499,549,
31450,4193,2079,2114,7338,3564,3774,8386,4056,4330,7337,3499,3838,4192,2002,2190,1048,499,549,
31455,4194,2080,2114,7338,3564,3774,8386,4056,4330,7338,3500,3838,4192,2002,2190,1048,499,549,
31460,4195,2081,2114,7340,3564,3776,8389,4058,4331,7339,3500,3839,4193,2003,2190,1048,499,549,
31465,4195,2081,2114,7341,3565,3776,8389,4058,4331,7340,3500,3840,4193,2003,2190,1049,500,549,
31470,4196,2082,2114,7341,3565,3776,8390,4059,4331,7341,3501,3840,4195,2004,2191,1049,500,549,
31475,4196,2082,2114,7343,3566,3777,8391,4060,4331,7342,3501,3841,4196,2005,2191,1049,500,549,
31480,4197,2083,2114,7345,3567,3778,8394,4062,4332,7344,3502,3842,4196,2005,2191,1049,500,549,
31485,4198,2084,2114,7345,3567,3778,8394,4062,4332,7345,3503,3842,4196,2005,2191,1049,500,549,
31490,4199,2085,2114,7347,3569,3778,8397,4064,4333,7346,3503,3843,4197,2006,2191,1049,500,549,
31495,4199,2085,2114,7348,3569,3779,8397,4064,4333,7347,3504,3843,4197,2006,2191,1050,500,550,
31500,4200,2086,2114,7348,3569,3779,8398,4065,4333,7348,3504,3844,4199,2007,2192,1050,500,550,
31505,4200,2086,2114,7350,3570,3780,8399,4066,4333,7349,3504,3845,4200,2008,2192,1050,500,550,
31510,4201,2087,2114,7352,3570,3782,8402,4069,4333,7351,3506,3845,4200,2008,2192,1050,500,550,
31515,4202,2087,2115,7352,3570,3782,8402,4069,4333,7352,3507,3845,4200,2008,2192,1050,500,550,
31520,4203,2087,2116,7354,3571,3783,8405,4071,4334,7353,3507,3846,4201,2008,2193,1050,500,550,
31525,4203,2087,2116,7355,3571,3784,8405,4071,4334,7354,3507,3847,4201,2008,2193,1051,501,550,
31530,4204,2087,2117,7355,3571,3784,8406,4072,4334,7355,3507,3848,4203,2008,2195,1051,501,550,
31535,4204,2087,2117,7357,3571,3786,8407,4072,4335,7356,3507,3849,4204,2008,2196,1051,501,550,
31540,4205,2087,2118,7359,3571,3788,8410,4073,4337,7358,3507,3851,4204,2008,2196,1051,501,550,
31545,4206,2087,2119,7359,3571,3788,8410,4073,4337,7359,3507,3852,4204,2008,2196,1051,501,550,
31550,4207,2088,2119,7361,3572,3789,8413,4075,4338,7360,3507,3853,4205,2008,2197,1051,501,550,
31555,4207,2088,2119,7362,3573,3789,8413,4075,4338,7361,3508,3853,4205,2008,2197,1052,501,551,
31560,4208,2089,2119,7362,3573,3789,8414,4076,4338,7362,3508,3854,4207,2008,2199,1052,501,551,
31565,4208,2089,2119,7364,3573,3791,8415,4077,4338,7363,3508,3855,4208,2008,2200,1052,501,551,
31570,4209,2089,2120,7366,3573,3793,8418,4079,4339,7365,3510,3855,4208,2008,2200,1052,501,551,
31575,4210,2089,2121,7366,3573,3793,8418,4079,4339,7366,3510,3856,4208,2008,2200,1052,501,551,
31580,4211,2090,2121,7368,3574,3794,8421,4080,4341,7367,3511,3856,4209,2008,2201,1052,501,551,
31585,4211,2090,2121,7369,3575,3794,8421,4080,4341,7368,3512,3856,4209,2008,2201,1053,501,552,
31590,4212,2090,2122,7369,3575,3794,8422,4080,4342,7369,3513,3856,4211,2008,2203,1053,501,552,
31595,4212,2090,2122,7371,3576,3795,8423,4081,4342,7370,3514,3856,4212,2008,2204,1053,501,552,
31600,4213,2091,2122,7373,3578,3795,8426,4082,4344,7372,3514,3858,4212,2008,2204,1053,501,552,
31605,4214,2091,2123,7373,3578,3795,8426,4082,4344,7373,3514,3859,4212,2008,2204,1053,501,552,
31610,4215,2091,2124,7375,3578,3797,8429,4084,4345,7374,3514,3860,4213,2009,2204,1053,501,552,
31615,4215,2091,2124,7376,3578,3798,8429,4084,4345,7375,3515,3860,4213,2009,2204,1054,502,552,
31620,4216,2092,2124,7376,3578,3798,8430,4084,4346,7376,3516,3860,4215,2009,2206,1054,502,552,
31625,4216,2092,2124,7378,3579,3799,8431,4084,4347,7377,3517,3860,4216,2009,2207,1054,502,552,
31630,4217,2092,2125,7380,3581,3799,8434,4085,4349,7379,3518,3861,4216,2009,2207,1054,502,552,
31635,4218,2092,2126,7380,3581,3799,8434,4085,4349,7380,3518,3862,4216,2009,2207,1054,502,552,
31640,4219,2092,2127,7382,3582,3800,8437,4087,4350,7381,3519,3862,4217,2009,2208,1054,502,552,
31645,4219,2092,2127,7383,3583,3800,8437,4087,4350,7382,3519,3863,4217,2009,2208,1055,502,553,
31650,4220,2092,2128,7383,3583,3800,8438,4087,4351,7383,3520,3863,4219,2010,2209,1055,502,553,
31655,4220,2092,2128,7385,3583,3802,8439,4087,4352,7384,3520,3864,4220,2010,2210,1055,502,553,
31660,4221,2093,2128,7387,3585,3802,8442,4087,4355,7386,3520,3866,4220,2010,2210,1055,502,553,
31665,4222,2093,2129,7387,3585,3802,8442,4087,4355,7387,3520,3867,4220,2010,2210,1055,502,553,
31670,4223,2094,2129,7389,3585,3804,8445,4090,4355,7388,3521,3867,4221,2010,2211,1055,502,553,
31675,4223,2094,2129,7390,3586,3804,8445,4090,4355,7389,3521,3868,4221,2010,2211,1056,503,553,
31680,4224,2095,2129,7390,3586,3804,8446,4091,4355,7390,3522,3868,4223,2012,2211,1056,503,553,
31685,4224,2095,2129,7392,3587,3805,8447,4092,4355,7391,3522,3869,4224,2012,2212,1056,503,553,
31690,4225,2095,2130,7394,3588,3806,8450,4092,4358,7393,3522,3871,4224,2012,2212,1056,503,553,
31695,4226,2096,2130,7394,3588,3806,8450,4092,4358,7394,3522,3872,4224,2012,2212,1056,503,553,
31700,4227,2097,2130,7396,3588,3808,8453,4093,4360,7395,3523,3872,4225,2012,2213,1056,503,553,
31705,4227,2097,2130,7397,3588,3809,8453,4093,4360,7396,3523,3873,4225,2012,2213,1057,504,553,
31710,4228,2097,2131,7397,3588,3809,8454,4094,4360,7397,3524,3873,4227,2013,2214,1057,504,553,
31715,4228,2097,2131,7399,3589,3810,8455,4095,4360,7398,3525,3873,4228,2014,2214,1057,504,553,
31720,4229,2097,2132,7401,3590,3811,8458,4097,4361,7400,3525,3875,4228,2014,2214,1057,504,553,
31725,4230,2098,2132,7401,3590,3811,8458,4097,4361,7401,3526,3875,4228,2014,2214,1057,504,553,
31730,4231,2098,2133,7403,3592,3811,8461,4097,4364,7402,3527,3875,4229,2014,2215,1057,504,553,
31735,4231,2098,2133,7404,3593,3811,8461,4097,4364,7403,3528,3875,4229,2014,2215,1058,504,554,
31740,4232,2098,2134,7404,3593,3811,8462,4098,4364,7404,3528,3876,4231,2015,2216,1058,504,554,
31745,4232,2098,2134,7406,3594,3812,8463,4099,4364,7405,3528,3877,4232,2016,2216,1058,504,554,
31750,4233,2098,2135,7408,3596,3812,8466,4101,4365,7407,3530,3877,4232,2016,2216,1058,504,554,
31755,4234,2098,2136,7408,3596,3812,8466,4101,4365,7408,3530,3878,4232,2016,2216,1058,504,554,
31760,4235,2099,2136,7410,3597,3813,8469,4104,4365,7409,3530,3879,4233,2016,2217,1058,504,554,
31765,4235,2099,2136,7411,3598,3813,8469,4104,4365,7410,3531,3879,4233,2016,2217,1059,504,555,
31770,4236,2099,2137,7411,3598,3813,8470,4104,4366,7411,3531,3880,4235,2017,2218,1059,504,555,
31775,4236,2099,2137,7413,3600,3813,8471,4104,4367,7412,3532,3880,4236,2018,2218,1059,504,555,
31780,4237,2099,2138,7415,3602,3813,8474,4107,4367,7414,3533,3881,4236,2018,2218,1059,504,555,
31785,4238,2100,2138,7415,3602,3813,8474,4107,4367,7415,3533,3882,4236,2018,2218,1059,504,555,
31790,4239,2101,2138,7417,3603,3814,8477,4108,4369,7416,3533,3883,4237,2018,2219,1059,504,555,
31795,4239,2101,2138,7418,3603,3815,8477,4108,4369,7417,3533,3884,4237,2018,2219,1060,505,555,
31800,4240,2101,2139,7418,3603,3815,8478,4108,4370,7418,3534,3884,4239,2020,2219,1060,505,555,
31805,4240,2101,2139,7420,3603,3817,8479,4108,4371,7419,3534,3885,4240,2021,2219,1060,505,555,
31810,4241,2101,2140,7422,3604,3818,8482,4110,4372,7421,3535,3886,4240,2021,2219,1060,505,555,
31815,4242,2102,2140,7422,3604,3818,8482,4110,4372,7422,3535,3887,4240,2021,2219,1060,505,555,
31820,4243,2102,2141,7424,3606,3818,8485,4111,4374,7423,3536,3887,4241,2022,2219,1060,505,555,
31825,4243,2102,2141,7425,3606,3819,8485,4111,4374,7424,3537,3887,4241,2022,2219,1061,505,556,
31830,4244,2102,2142,7425,3606,3819,8486,4112,4374,7425,3538,3887,4243,2023,2220,1061,505,556,
31835,4244,2102,2142,7427,3608,3819,8487,4112,4375,7426,3538,3888,4244,2023,2221,1061,505,556,
31840,4245,2103,2142,7429,3609,3820,8490,4113,4377,7428,3539,3889,4244,2023,2221,1061,505,556,
31845,4246,2103,2143,7429,3609,3820,8490,4113,4377,7429,3539,3890,4244,2023,2221,1061,505,556,
31850,4247,2104,2143,7431,3610,3821,8493,4114,4379,7430,3539,3891,4245,2024,2221,1061,505,556,
31855,4247,2104,2143,7432,3610,3822,8493,4114,4379,7431,3540,3891,4245,2024,2221,1062,505,557,
31860,4248,2104,2144,7432,3610,3822,8494,4114,4380,7432,3540,3892,4247,2024,2223,1062,505,557,
31865,4248,2104,2144,7434,3612,3822,8495,4115,4380,7433,3541,3892,4248,2024,2224,1062,505,557,
31870,4249,2104,2145,7436,3612,3824,8498,4115,4383,7435,3542,3893,4248,2024,2224,1062,505,557,
31875,4250,2105,2145,7436,3612,3824,8498,4115,4383,7436,3543,3893,4248,2024,2224,1062,505,557,
31880,4251,2106,2145,7438,3613,3825,8501,4117,4384,7437,3543,3894,4249,2025,2224,1062,505,557,
31885,4251,2106,2145,7439,3613,3826,8501,4117,4384,7438,3543,3895,4249,2025,2224,1063,505,558,
31890,4252,2106,2146,7439,3613,3826,8502,4118,4384,7439,3544,3895,4251,2027,2224,1063,505,558,
31895,4252,2106,2146,7441,3615,3826,8503,4119,4384,7440,3544,3896,4252,2028,2224,1063,505,558,
31900,4253,2107,2146,7443,3617,3826,8506,4120,4386,7442,3545,3897,4252,2028,2224,1063,505,558,
31905,4254,2107,2147,7443,3617,3826,8506,4120,4386,7443,3545,3898,4252,2028,2224,1063,505,558,
31910,4255,2108,2147,7445,3617,3828,8509,4121,4388,7444,3545,3899,4253,2029,2224,1063,505,558,
31915,4255,2108,2147,7446,3618,3828,8509,4121,4388,7445,3546,3899,4253,2029,2224,1064,506,558,
31920,4256,2108,2148,7446,3618,3828,8510,4122,4388,7446,3547,3899,4255,2031,2224,1064,506,558,
31925,4256,2108,2148,7448,3620,3828,8511,4123,4388,7447,3548,3899,4256,2032,2224,1064,506,558,
31930,4257,2109,2148,7450,3621,3829,8514,4124,4390,7449,3548,3901,4256,2032,2224,1064,506,558,
31935,4258,2110,2148,7450,3621,3829,8514,4124,4390,7450,3549,3901,4256,2032,2224,1064,506,558,
31940,4259,2110,2149,7452,3621,3831,8517,4125,4392,7451,3550,3901,4257,2033,2224,1064,506,558,
31945,4259,2110,2149,7453,3622,3831,8517,4125,4392,7452,3550,3902,4257,2033,2224,1065,507,558,
31950,4260,2111,2149,7453,3622,3831,8518,4125,4393,7453,3551,3902,4259,2033,2226,1065,507,558,
31955,4260,2111,2149,7455,3622,3833,8519,4125,4394,7454,3551,3903,4260,2033,2227,1065,507,558,
31960,4261,2111,2150,7457,3624,3833,8522,4125,4397,7456,3551,3905,4260,2033,2227,1065,507,558,
31965,4262,2111,2151,7457,3624,3833,8522,4125,4397,7457,3551,3906,4260,2033,2227,1065,507,558,
31970,4263,2111,2152,7459,3625,3834,8525,4127,4398,7458,3551,3907,4261,2034,2227,1065,507,558,
31975,4263,2111,2152,7460,3626,3834,8525,4127,4398,7459,3551,3908,4261,2034,2227,1066,508,558,
31980,4264,2111,2153,7460,3626,3834,8526,4127,4399,7460,3551,3909,4263,2036,2227,1066,508,558,
31985,4264,2111,2153,7462,3627,3835,8527,4127,4400,7461,3551,3910,4264,2037,2227,1066,508,558,
31990,4265,2112,2153,7464,3628,3836,8530,4128,4402,7463,3553,3910,4264,2037,2227,1066,508,558,
31995,4266,2113,2153,7464,3628,3836,8530,4128,4402,7464,3554,3910,4264,2037,2227,1066,508,558,
32000,4267,2114,2153,7466,3629,3837,8533,4130,4403,7465,3554,3911,4265,2038,2227,1066,508,558,
32005,4267,2114,2153,7467,3629,3838,8533,4130,4403,7466,3555,3911,4265,2038,2227,1067,508,559,
32010,4268,2115,2153,7467,3629,3838,8534,4131,4403,7467,3556,3911,4267,2038,2229,1067,508,559,
32015,4268,2115,2153,7469,3631,3838,8535,4132,4403,7468,3556,3912,4268,2038,2230,1067,508,559,
32020,4269,2115,2154,7471,3632,3839,8538,4133,4405,7470,3557,3913,4268,2038,2230,1067,508,559,
32025,4270,2115,2155,7471,3632,3839,8538,4133,4405,7471,3557,3914,4268,2038,2230,1067,508,559,
32030,4271,2115,2156,7473,3633,3840,8541,4135,4406,7472,3558,3914,4269,2038,2231,1067,508,559,
32035,4271,2115,2156,7474,3634,3840,8541,4135,4406,7473,3559,3914,4269,2038,2231,1068,508,560,
32040,4272,2116,2156,7474,3634,3840,8542,4135,4407,7474,3559,3915,4271,2039,2232,1068,508,560,
32045,4272,2116,2156,7476,3635,3841,8543,4136,4407,7475,3559,3916,4272,2040,2232,1068,508,560,
32050,4273,2116,2157,7478,3636,3842,8546,4139,4407,7477,3560,3917,4272,2040,2232,1068,508,560,
32055,4274,2117,2157,7478,3636,3842,8546,4139,4407,7478,3560,3918,4272,2040,2232,1068,508,560,
32060,4275,2117,2158,7480,3637,3843,8549,4140,4409,7479,3560,3919,4273,2041,2232,1068,508,560,
32065,4275,2117,2158,7481,3637,3844,8549,4140,4409,7480,3561,3919,4273,2041,2232,1069,508,561,
32070,4276,2117,2159,7481,3637,3844,8550,4140,4410,7481,3562,3919,4275,2043,2232,1069,508,561,
32075,4276,2117,2159,7483,3637,3846,8551,4141,4410,7482,3562,3920,4276,2043,2233,1069,508,561,
32080,4277,2118,2159,7485,3638,3847,8554,4144,4410,7484,3564,3920,4276,2043,2233,1069,508,561,
32085,4278,2118,2160,7485,3638,3847,8554,4144,4410,7485,3564,3921,4276,2043,2233,1069,508,561,
32090,4279,2119,2160,7487,3638,3849,8557,4145,4412,7486,3564,3922,4277,2043,2234,1069,508,561,
32095,4279,2119,2160,7488,3638,3850,8557,4145,4412,7487,3564,3923,4277,2043,2234,1070,509,561,
32100,4280,2119,2161,7488,3638,3850,8558,4145,4413,7488,3565,3923,4279,2044,2235,1070,509,561,
32105,4280,2119,2161,7490,3639,3851,8559,4145,4414,7489,3566,3923,4280,2045,2235,1070,509,561,
32110,4281,2120,2161,7492,3641,3851,8562,4145,4417,7491,3566,3925,4280,2045,2235,1070,509,561,
32115,4282,2120,2162,7492,3641,3851,8562,4145,4417,7492,3566,3926,4280,2045,2235,1070,509,561,
32120,4283,2120,2163,7494,3642,3852,8565,4146,4419,7493,3566,3927,4281,2045,2236,1070,509,561,
32125,4283,2120,2163,7495,3642,3853,8565,4146,4419,7494,3567,3927,4281,2045,2236,1071,510,561,
32130,4284,2121,2163,7495,3642,3853,8566,4147,4419,7495,3568,3927,4283,2045,2238,1071,510,561,
32135,4284,2121,2163,7497,3643,3854,8567,4148,4419,7496,3569,3927,4284,2046,2238,1071,510,561,
32140,4285,2121,2164,7499,3644,3855,8570,4150,4420,7498,3570,3928,4284,2046,2238,1071,510,561,
32145,4286,2121,2165,7499,3644,3855,8570,4150,4420,7499,3570,3929,4284,2046,2238,1071,510,561,
32150,4287,2121,2166,7501,3645,3856,8573,4152,4421,7500,3570,3930,4285,2047,2238,1071,510,561,
32155,4287,2121,2166,7502,3646,3856,8573,4152,4421,7501,3570,3931,4285,2047,2238,1072,511,561,
32160,4288,2122,2166,7502,3646,3856,8574,4153,4421,7502,3570,3932,4287,2047,2240,1072,511,561,
32165,4288,2122,2166,7504,3648,3856,8575,4153,4422,7503,3570,3933,4288,2047,2241,1072,511,561,
32170,4289,2122,2167,7506,3649,3857,8578,4155,4423,7505,3572,3933,4288,2047,2241,1072,511,561,
32175,4290,2123,2167,7506,3649,3857,8578,4155,4423,7506,3572,3934,4288,2047,2241,1072,511,561,
32180,4291,2124,2167,7508,3651,3857,8581,4155,4426,7507,3573,3934,4289,2047,2242,1072,511,561,
32185,4291,2124,2167,7509,3651,3858,8581,4155,4426,7508,3574,3934,4289,2047,2242,1073,511,562,
32190,4292,2125,2167,7509,3651,3858,8582,4155,4427,7509,3574,3935,4291,2047,2244,1073,511,562,
32195,4292,2125,2167,7511,3651,3860,8583,4155,4428,7510,3574,3936,4292,2047,2245,1073,511,562,
32200,4293,2126,2167,7513,3652,3861,8586,4156,4430,7512,3574,3938,4292,2047,2245,1073,511,562,
32205,4294,2127,2167,7513,3652,3861,8586,4156,4430,7513,3574,3939,4292,2047,2245,1073,511,562,
32210,4295,2128,2167,7515,3654,3861,8589,4157,4432,7514,3575,3939,4293,2048,2245,1073,511,562,
32215,4295,2128,2167,7516,3654,3862,8589,4157,4432,7515,3576,3939,4293,2048,2245,1074,512,562,
32220,4296,2128,2168,7516,3654,3862,8590,4158,4432,7516,3577,3939,4295,2049,2246,1074,512,562,
32225,4296,2128,2168,7518,3654,3864,8591,4158,4433,7517,3578,3939,4296,2050,2246,1074,512,562,
32230,4297,2128,2169,7520,3654,3866,8594,4161,4433,7519,3580,3939,4296,2050,2246,1074,512,562,
32235,4298,2128,2170,7520,3654,3866,8594,4161,4433,7520,3580,3940,4296,2050,2246,1074,512,562,
32240,4299,2129,2170,7522,3655,3867,8597,4163,4434,7521,3580,3941,4297,2051,2246,1074,512,562,
32245,4299,2129,2170,7523,3655,3868,8597,4163,4434,7522,3580,3942,4297,2051,2246,1075,513,562,
32250,4300,2130,2170,7523,3655,3868,8598,4163,4435,7523,3580,3943,4299,2053,2246,1075,513,562,
32255,4300,2130,2170,7525,3656,3869,8599,4164,4435,7524,3580,3944,4300,2054,2246,1075,513,562,
32260,4301,2130,2171,7527,3656,3871,8602,4166,4436,7526,3581,3945,4300,2054,2246,1075,513,562,
32265,4302,2131,2171,7527,3656,3871,8602,4166,4436,7527,3581,3946,4300,2054,2246,1075,513,562,
32270,4303,2132,2171,7529,3656,3873,8605,4167,4438,7528,3581,3947,4301,2054,2247,1075,513,562,
32275,4303,2132,2171,7530,3657,3873,8605,4167,4438,7529,3582,3947,4301,2054,2247,1076,513,563,
32280,4304,2133,2171,7530,3657,3873,8606,4168,4438,7530,3583,3947,4303,2056,2247,1076,513,563,
32285,4304,2133,2171,7532,3659,3873,8607,4168,4439,7531,3584,3947,4304,2056,2248,1076,513,563,
32290,4305,2133,2172,7534,3659,3875,8610,4169,4441,7533,3585,3948,4304,2056,2248,1076,513,563,
32295,4306,2134,2172,7534,3659,3875,8610,4169,4441,7534,3586,3948,4304,2056,2248,1076,513,563,
32300,4307,2135,2172,7536,3659,3877,8613,4169,4444,7535,3587,3948,4305,2056,2249,1076,513,563,
32305,4307,2135,2172,7537,3659,3878,8613,4169,4444,7536,3587,3949,4305,2056,2249,1077,514,563,
32310,4308,2136,2172,7537,3659,3878,8614,4169,4445,7537,3587,3950,4307,2058,2249,1077,514,563,
32315,4308,2136,2172,7539,3660,3879,8615,4170,4445,7538,3588,3950,4308,2059,2249,1077,514,563,
32320,4309,2136,2173,7541,3661,3880,8618,4172,4446,7540,3589,3951,4308,2059,2249,1077,514,563,
32325,4310,2137,2173,7541,3661,3880,8618,4172,4446,7541,3590,3951,4308,2059,2249,1077,514,563,
32330,4311,2137,2174,7543,3661,3882,8621,4174,4447,7542,3591,3951,4309,2059,2250,1077,514,563,
32335,4311,2137,2174,7544,3662,3882,8621,4174,4447,7543,3592,3951,4309,2059,2250,1078,515,563,
32340,4312,2138,2174,7544,3662,3882,8622,4175,4447,7544,3593,3951,4311,2060,2251,1078,515,563,
32345,4312,2138,2174,7546,3662,3884,8623,4176,4447,7545,3593,3952,4312,2061,2251,1078,515,563,
32350,4313,2139,2174,7548,3662,3886,8626,4178,4448,7547,3594,3953,4312,2061,2251,1078,515,563,
32355,4314,2140,2174,7548,3662,3886,8626,4178,4448,7548,3595,3953,4312,2061,2251,1078,515,563,
32360,4315,2141,2174,7550,3662,3888,8629,4179,4450,7549,3596,3953,4313,2062,2251,1078,515,563,
32365,4315,2141,2174,7551,3662,3889,8629,4179,4450,7550,3596,3954,4313,2062,2251,1079,516,563,
32370,4316,2141,2175,7551,3662,3889,8630,4180,4450,7551,3596,3955,4315,2063,2252,1079,516,563,
32375,4316,2141,2175,7553,3664,3889,8631,4181,4450,7552,3597,3955,4316,2063,2253,1079,516,563,
32380,4317,2141,2176,7555,3666,3889,8634,4183,4451,7554,3598,3956,4316,2063,2253,1079,516,563,
32385,4318,2141,2177,7555,3666,3889,8634,4183,4451,7555,3599,3956,4316,2063,2253,1079,516,563,
32390,4319,2141,2178,7557,3668,3889,8637,4186,4451,7556,3600,3956,4317,2064,2253,1079,516,563,
32395,4319,2141,2178,7558,3669,3889,8637,4186,4451,7557,3601,3956,4317,2064,2253,1080,517,563,
32400,4320,2142,2178,7558,3669,3889,8638,4186,4452,7558,3602,3956,4319,2066,2253,1080,517,563,
32405,4320,2142,2178,7560,3671,3889,8639,4186,4453,7559,3603,3956,4320,2066,2254,1080,517,563,
32410,4321,2143,2178,7562,3672,3890,8642,4188,4454,7561,3604,3957,4320,2066,2254,1080,517,563,
32415,4322,2144,2178,7562,3672,3890,8642,4188,4454,7562,3604,3958,4320,2066,2254,1080,517,563,
32420,4323,2145,2178,7564,3673,3891,8645,4189,4456,7563,3604,3959,4321,2067,2254,1080,517,563,
32425,4323,2145,2178,7565,3673,3892,8645,4189,4456,7564,3604,3960,4321,2067,2254,1081,517,564,
32430,4324,2145,2179,7565,3673,3892,8646,4190,4456,7565,3604,3961,4323,2069,2254,1081,517,564,
32435,4324,2145,2179,7567,3674,3893,8647,4190,4457,7566,3604,3962,4324,2070,2254,1081,517,564,
32440,4325,2146,2179,7569,3676,3893,8650,4192,4458,7568,3604,3964,4324,2070,2254,1081,517,564,
32445,4326,2147,2179,7569,3676,3893,8650,4192,4458,7569,3605,3964,4324,2070,2254,1081,517,564,
32450,4327,2148,2179,7571,3677,3894,8653,4194,4459,7570,3605,3965,4325,2071,2254,1081,517,564,
32455,4327,2148,2179,7572,3677,3895,8653,4194,4459,7571,3606,3965,4325,2071,2254,1082,518,564,
32460,4328,2149,2179,7572,3677,3895,8654,4195,4459,7572,3606,3966,4327,2073,2254,1082,518,564,
32465,4328,2149,2179,7574,3678,3896,8655,4195,4460,7573,3606,3967,4328,2073,2255,1082,518,564,
32470,4329,2150,2179,7576,3679,3897,8658,4196,4462,7575,3607,3968,4328,2073,2255,1082,518,564,
32475,4330,2150,2180,7576,3679,3897,8658,4196,4462,7576,3607,3969,4328,2073,2255,1082,518,564,
32480,4331,2150,2181,7578,3680,3898,8661,4196,4465,7577,3607,3970,4329,2073,2256,1082,518,564,
32485,4331,2150,2181,7579,3680,3899,8661,4196,4465,7578,3607,3971,4329,2073,2256,1083,518,565,
32490,4332,2151,2181,7579,3680,3899,8662,4197,4465,7579,3607,3972,4331,2075,2256,1083,518,565,
32495,4332,2151,2181,7581,3682,3899,8663,4197,4466,7580,3608,3972,4332,2075,2257,1083,518,565,
32500,4333,2152,2181,7583,3683,3900,8666,4197,4469,7582,3610,3972,4332,2075,2257,1083,518,565,
32505,4334,2152,2182,7583,3683,3900,8666,4197,4469,7583,3611,3972,4332,2075,2257,1083,518,565,
32510,4335,2152,2183,7585,3685,3900,8669,4197,4472,7584,3612,3972,4333,2076,2257,1083,518,565,
32515,4335,2152,2183,7586,3685,3901,8669,4197,4472,7585,3612,3973,4333,2076,2257,1084,518,566,
32520,4336,2153,2183,7586,3685,3901,8670,4198,4472,7586,3613,3973,4335,2078,2257,1084,518,566,
32525,4336,2153,2183,7588,3686,3902,8671,4199,4472,7587,3614,3973,4336,2079,2257,1084,518,566,
32530,4337,2154,2183,7590,3687,3903,8674,4200,4474,7589,3615,3974,4336,2079,2257,1084,518,566,
32535,4338,2155,2183,7590,3687,3903,8674,4200,4474,7590,3615,3975,4336,2079,2257,1084,518,566,
32540,4339,2156,2183,7592,3687,3905,8677,4201,4476,7591,3616,3975,4337,2079,2258,1084,518,566,
32545,4339,2156,2183,7593,3687,3906,8677,4201,4476,7592,3617,3975,4337,2079,2258,1085,518,567,
32550,4340,2157,2183,7593,3687,3906,8678,4202,4476,7593,3617,3976,4339,2080,2259,1085,518,567,
32555,4340,2157,2183,7595,3687,3908,8679,4202,4477,7594,3618,3976,4340,2080,2260,1085,518,567,
32560,4341,2158,2183,7597,3687,3910,8682,4204,4478,7596,3619,3977,4340,2080,2260,1085,518,567,
32565,4342,2159,2183,7597,3687,3910,8682,4204,4478,7597,3619,3978,4340,2080,2260,1085,518,567,
32570,4343,2160,2183,7599,3689,3910,8685,4204,4481,7598,3620,3978,4341,2080,2261,1085,518,567,
32575,4343,2160,2183,7600,3690,3910,8685,4204,4481,7599,3621,3978,4341,2080,2261,1086,518,568,
32580,4344,2161,2183,7600,3690,3910,8686,4205,4481,7600,3621,3979,4343,2082,2261,1086,518,568,
32585,4344,2161,2183,7602,3690,3912,8687,4206,4481,7601,3621,3980,4344,2082,2262,1086,518,568,
32590,4345,2162,2183,7604,3691,3913,8690,4206,4484,7603,3623,3980,4344,2082,2262,1086,518,568,
32595,4346,2162,2184,7604,3691,3913,8690,4206,4484,7604,3624,3980,4344,2082,2262,1086,518,568,
32600,4347,2162,2185,7606,3692,3914,8693,4208,4485,7605,3625,3980,4345,2082,2263,1086,518,568,
32605,4347,2162,2185,7607,3692,3915,8693,4208,4485,7606,3626,3980,4345,2082,2263,1087,519,568,
32610,4348,2163,2185,7607,3692,3915,8694,4208,4486,7607,3627,3980,4347,2084,2263,1087,519,568,
32615,4348,2163,2185,7609,3693,3916,8695,4209,4486,7608,3627,3981,4348,2084,2264,1087,519,568,
32620,4349,2164,2185,7611,3693,3918,8698,4211,4487,7610,3628,3982,4348,2084,2264,1087,519,568,
32625,4350,2164,2186,7611,3693,3918,8698,4211,4487,7611,3628,3983,4348,2084,2264,1087,519,568,
32630,4351,2164,2187,7613,3695,3918,8701,4213,4488,7612,3628,3984,4349,2085,2264,1087,519,568,
32635,4351,2164,2187,7614,3696,3918,8701,4213,4488,7613,3628,3985,4349,2085,2264,1088,519,569,
32640,4352,2165,2187,7614,3696,3918,8702,4213,4489,7614,3629,3985,4351,2086,2265,1088,519,569,
32645,4352,2165,2187,7616,3696,3920,8703,4213,4490,7615,3629,3986,4352,2086,2266,1088,519,569,
32650,4353,2165,2188,7618,3698,3920,8706,4215,4491,7617,3630,3987,4352,2086,2266,1088,519,569,
32655,4354,2166,2188,7618,3698,3920,8706,4215,4491,7618,3630,3988,4352,2086,2266,1088,519,569,
32660,4355,2166,2189,7620,3699,3921,8709,4217,4492,7619,3631,3988,4353,2087,2266,1088,519,569,
32665,4355,2166,2189,7621,3700,3921,8709,4217,4492,7620,3631,3989,4353,2087,2266,1089,520,569,
32670,4356,2166,2190,7621,3700,3921,8710,4218,4492,7621,3631,3990,4355,2087,2268,1089,520,569,
32675,4356,2166,2190,7623,3701,3922,8711,4218,4493,7622,3632,3990,4356,2087,2269,1089,520,569,
32680,4357,2167,2190,7625,3702,3923,8714,4219,4495,7624,3633,3991,4356,2087,2269,1089,520,569,
32685,4358,2168,2190,7625,3702,3923,8714,4219,4495,7625,3633,3992,4356,2087,2269,1089,520,569,
32690,4359,2168,2191,7627,3704,3923,8717,4221,4496,7626,3634,3992,4357,2088,2269,1089,520,569,
32695,4359,2168,2191,7628,3704,3924,8717,4221,4496,7627,3634,3993,4357,2088,2269,1090,521,569,
32700,4360,2168,2192,7628,3704,3924,8718,4221,4497,7628,3634,3994,4359,2088,2271,1090,521,569,
32705,4360,2168,2192,7630,3705,3925,8719,4221,4498,7629,3635,3994,4360,2088,2272,1090,521,569,
32710,4361,2169,2192,7632,3705,3927,8722,4222,4500,7631,3636,3995,4360,2088,2272,1090,521,569,
32715,4362,2169,2193,7632,3705,3927,8722,4222,4500,7632,3637,3995,4360,2088,2272,1090,521,569,
32720,4363,2170,2193,7634,3707,3927,8725,4224,4501,7633,3638,3995,4361,2088,2273,1090,521,569,
32725,4363,2170,2193,7635,3708,3927,8725,4224,4501,7634,3638,3996,4361,2088,2273,1091,522,569,
32730,4364,2170,2194,7635,3708,3927,8726,4225,4501,7635,3638,3997,4363,2089,2274,1091,522,569,
32735,4364,2170,2194,7637,3710,3927,8727,4226,4501,7636,3639,3997,4364,2089,2275,1091,522,569,
32740,4365,2171,2194,7639,3710,3929,8730,4226,4504,7638,3640,3998,4364,2089,2275,1091,522,569,
32745,4366,2171,2195,7639,3710,3929,8730,4226,4504,7639,3640,3999,4364,2089,2275,1091,522,569,
32750,4367,2172,2195,7641,3712,3929,8733,4229,4504,7640,3640,4000,4365,2089,2276,1091,522,569,
32755,4367,2172,2195,7642,3713,3929,8733,4229,4504,7641,3640,4001,4365,2089,2276,1092,523,569,
32760,4368,2172,2196,7642,3713,3929,8734,4230,4504,7642,3641,4001,4367,2091,2276,1092,523,569,
32765,4368,2172,2196,7644,3715,3929,8735,4230,4505,7643,3641,4002,4368,2091,2277,1092,523,569,
32770,4369,2173,2196,7646,3715,3931,8738,4232,4506,7645,3642,4003,4368,2091,2277,1092,523,569,
32775,4370,2174,2196,7646,3715,3931,8738,4232,4506,7646,3643,4003,4368,2091,2277,1092,523,569,
32780,4371,2175,2196,7648,3716,3932,8741,4234,4507,7647,3644,4003,4369,2091,2278,1092,523,569,
32785,4371,2175,2196,7649,3716,3933,8741,4234,4507,7648,3645,4003,4369,2091,2278,1093,523,570,
32790,4372,2176,2196,7649,3716,3933,8742,4235,4507,7649,3645,4004,4371,2092,2279,1093,523,570,
32795,4372,2176,2196,7651,3716,3935,8743,4235,4508,7650,3645,4005,4372,2093,2279,1093,523,570,
32800,4373,2176,2197,7653,3717,3936,8746,4236,4510,7652,3646,4006,4372,2093,2279,1093,523,570,
32805,4374,2176,2198,7653,3717,3936,8746,4236,4510,7653,3646,4007,4372,2093,2279,1093,523,570,
32810,4375,2177,2198,7655,3719,3936,8749,4238,4511,7654,3646,4008,4373,2093,2280,1093,523,570,
32815,4375,2177,2198,7656,3720,3936,8749,4238,4511,7655,3646,4009,4373,2093,2280,1094,523,571,
32820,4376,2177,2199,7656,3720,3936,8750,4238,4512,7656,3646,4010,4375,2094,2281,1094,523,571,
32825,4376,2177,2199,7658,3722,3936,8751,4239,4512,7657,3646,4011,4376,2095,2281,1094,523,571,
32830,4377,2177,2200,7660,3723,3937,8754,4241,4513,7659,3647,4012,4376,2095,2281,1094,523,571,
32835,4378,2178,2200,7660,3723,3937,8754,4241,4513,7660,3647,4013,4376,2095,2281,1094,523,571,
32840,4379,2178,2201,7662,3725,3937,8757,4243,4514,7661,3647,4014,4377,2095,2282,1094,523,571,
32845,4379,2178,2201,7663,3726,3937,8757,4243,4514,7662,3648,4014,4377,2095,2282,1095,523,572,
32850,4380,2178,2202,7663,3726,3937,8758,4244,4514,7663,3649,4014,4379,2096,2283,1095,523,572,
32855,4380,2178,2202,7665,3727,3938,8759,4245,4514,7664,3649,4015,4380,2096,2284,1095,523,572,
32860,4381,2179,2202,7667,3728,3939,8762,4247,4515,7666,3649,4017,4380,2096,2284,1095,523,572,
32865,4382,2179,2203,7667,3728,3939,8762,4247,4515,7667,3650,4017,4380,2096,2284,1095,523,572,
32870,4383,2179,2204,7669,3730,3939,8765,4249,4516,7668,3651,4017,4381,2097,2284,1095,523,572,
32875,4383,2179,2204,7670,3730,3940,8765,4249,4516,7669,3651,4018,4381,2097,2284,1096,524,572,
32880,4384,2180,2204,7670,3730,3940,8766,4249,4517,7670,3652,4018,4383,2098,2285,1096,524,572,
32885,4384,2180,2204,7672,3730,3942,8767,4250,4517,7671,3652,4019,4384,2098,2286,1096,524,572,
32890,4385,2180,2205,7674,3732,3942,8770,4251,4519,7673,3652,4021,4384,2098,2286,1096,524,572,
32895,4386,2181,2205,7674,3732,3942,8770,4251,4519,7674,3652,4022,4384,2098,2286,1096,524,572,
32900,4387,2181,2206,7676,3732,3944,8773,4253,4520,7675,3653,4022,4385,2099,2286,1096,524,572,
32905,4387,2181,2206,7677,3732,3945,8773,4253,4520,7676,3654,4022,4385,2099,2286,1097,525,572,
32910,4388,2182,2206,7677,3732,3945,8774,4254,4520,7677,3654,4023,4387,2100,2287,1097,525,572,
32915,4388,2182,2206,7679,3733,3946,8775,4255,4520,7678,3654,4024,4388,2100,2288,1097,525,572,
32920,4389,2182,2207,7681,3734,3947,8778,4257,4521,7680,3656,4024,4388,2100,2288,1097,525,572,
32925,4390,2182,2208,7681,3734,3947,8778,4257,4521,7681,3657,4024,4388,2100,2288,1097,525,572,
32930,4391,2183,2208,7683,3734,3949,8781,4257,4524,7682,3657,4025,4389,2101,2288,1097,525,572,
32935,4391,2183,2208,7684,3734,3950,8781,4257,4524,7683,3657,4026,4389,2101,2288,1098,525,573,
32940,4392,2183,2209,7684,3734,3950,8782,4258,4524,7684,3657,4027,4391,2102,2289,1098,525,573,
32945,4392,2183,2209,7686,3734,3952,8783,4259,4524,7685,3657,4028,4392,2102,2290,1098,525,573,
32950,4393,2184,2209,7688,3735,3953,8786,4261,4525,7687,3657,4030,4392,2102,2290,1098,525,573,
32955,4394,2184,2210,7688,3735,3953,8786,4261,4525,7688,3657,4031,4392,2102,2290,1098,525,573,
32960,4395,2184,2211,7690,3736,3954,8789,4262,4527,7689,3658,4031,4393,2103,2290,1098,525,573,
32965,4395,2184,2211,7691,3737,3954,8789,4262,4527,7690,3659,4031,4393,2103,2290,1099,525,574,
32970,4396,2184,2212,7691,3737,3954,8790,4262,4528,7691,3660,4031,4395,2104,2291,1099,525,574,
32975,4396,2184,2212,7693,3738,3955,8791,4263,4528,7692,3660,4032,4396,2105,2291,1099,525,574,
32980,4397,2185,2212,7695,3739,3956,8794,4264,4530,7694,3661,4033,4396,2105,2291,1099,525,574,
32985,4398,2185,2213,7695,3739,3956,8794,4264,4530,7695,3661,4034,4396,2105,2291,1099,525,574,
32990,4399,2185,2214,7697,3740,3957,8797,4266,4531,7696,3661,4035,4397,2105,2292,1099,525,574,
32995,4399,2185,2214,7698,3740,3958,8797,4266,4531,7697,3662,4035,4397,2105,2292,1100,526,574,
33000,4400,2185,2215,7698,3740,3958,8798,4266,4532,7698,3662,4036,4399,2105,2294,1100,526,574,
33005,4400,2185,2215,7700,3742,3958,8799,4267,4532,7699,3662,4037,4400,2106,2294,1100,526,574,
33010,4401,2186,2215,7702,3743,3959,8802,4270,4532,7701,3663,4038,4400,2106,2294,1100,526,574,
33015,4402,2187,2215,7702,3743,3959,8802,4270,4532,7702,3664,4038,4400,2106,2294,1100,526,574,
33020,4403,2188,2215,7704,3743,3961,8805,4272,4533,7703,3664,4039,4401,2106,2295,1100,526,574,
33025,4403,2188,2215,7705,3744,3961,8805,4272,4533,7704,3664,4040,4401,2106,2295,1101,527,574,
33030,4404,2189,2215,7705,3744,3961,8806,4272,4534,7705,3664,4041,4403,2106,2297,1101,527,574,
33035,4404,2189,2215,7707,3745,3962,8807,4272,4535,7706,3665,4041,4404,2106,2298,1101,527,574,
33040,4405,2190,2215,7709,3747,3962,8810,4274,4536,7708,3667,4041,4404,2106,2298,1101,527,574,
33045,4406,2191,2215,7709,3747,3962,8810,4274,4536,7709,3668,4041,4404,2106,2298,1101,527,574,
33050,4407,2191,2216,7711,3749,3962,8813,4276,4537,7710,3668,4042,4405,2107,2298,1101,527,574,
33055,4407,2191,2216,7712,3749,3963,8813,4276,4537,7711,3669,4042,4405,2107,2298,1102,528,574,
33060,4408,2192,2216,7712,3749,3963,8814,4277,4537,7712,3669,4043,4407,2109,2298,1102,528,574,
33065,4408,2192,2216,7714,3750,3964,8815,4277,4538,7713,3670,4043,4408,2109,2299,1102,528,574,
33070,4409,2192,2217,7716,3750,3966,8818,4278,4540,7715,3672,4043,4408,2109,2299,1102,528,574,
33075,4410,2192,2218,7716,3750,3966,8818,4278,4540,7716,3673,4043,4408,2109,2299,1102,528,574,
33080,4411,2193,2218,7718,3751,3967,8821,4280,4541,7717,3674,4043,4409,2109,2300,1102,528,574,
33085,4411,2193,2218,7719,3752,3967,8821,4280,4541,7718,3675,4043,4409,2109,2300,1103,528,575,
33090,4412,2193,2219,7719,3752,3967,8822,4280,4542,7719,3676,4043,4411,2111,2300,1103,528,575,
33095,4412,2193,2219,7721,3753,3968,8823,4281,4542,7720,3677,4043,4412,2111,2301,1103,528,575,
33100,4413,2193,2220,7723,3754,3969,8826,4282,4544,7722,3679,4043,4412,2111,2301,1103,528,575,
33105,4414,2193,2221,7723,3754,3969,8826,4282,4544,7723,3680,4043,4412,2111,2301,1103,528,575,
33110,4415,2193,2222,7725,3755,3970,8829,4283,4546,7724,3681,4043,4413,2111,2302,1103,528,575,
33115,4415,2193,2222,7726,3755,3971,8829,4283,4546,7725,3681,4044,4413,2111,2302,1104,528,576,
33120,4416,2194,2222,7726,3755,3971,8830,4284,4546,7726,3682,4044,4415,2112,2303,1104,528,576,
33125,4416,2194,2222,7728,3757,3971,8831,4285,4546,7727,3683,4044,4416,2113,2303,1104,528,576,
33130,4417,2194,2223,7730,3758,3972,8834,4287,4547,7729,3684,4045,4416,2113,2303,1104,528,576,
33135,4418,2194,2224,7730,3758,3972,8834,4287,4547,7730,3684,4046,4416,2113,2303,1104,528,576,
33140,4419,2195,2224,7732,3759,3973,8837,4289,4548,7731,3685,4046,4417,2114,2303,1104,528,576,
33145,4419,2195,2224,7733,3760,3973,8837,4289,4548,7732,3685,4047,4417,2114,2303,1105,528,577,
33150,4420,2195,2225,7733,3760,3973,8838,4290,4548,7733,3685,4048,4419,2116,2303,1105,528,577,
33155,4420,2195,2225,7735,3761,3974,8839,4291,4548,7734,3685,4049,4420,2116,2304,1105,528,577,
33160,4421,2196,2225,7737,3762,3975,8842,4293,4549,7736,3686,4050,4420,2116,2304,1105,528,577,
33165,4422,2196,2226,7737,3762,3975,8842,4293,4549,7737,3687,4050,4420,2116,2304,1105,528,577,
33170,4423,2197,2226,7739,3764,3975,8845,4295,4550,7738,3687,4051,4421,2117,2304,1105,528,577,
33175,4423,2197,2226,7740,3764,3976,8845,4295,4550,7739,3687,4052,4421,2117,2304,1106,529,577,
33180,4424,2197,2227,7740,3764,3976,8846,4296,4550,7740,3688,4052,4423,2117,2306,1106,529,577,
33185,4424,2197,2227,7742,3764,3978,8847,4297,4550,7741,3688,4053,4424,2118,2306,1106,529,577,
33190,4425,2198,2227,7744,3766,3978,8850,4297,4553,7743,3688,4055,4424,2118,2306,1106,529,577,
33195,4426,2198,2228,7744,3766,3978,8850,4297,4553,7744,3688,4056,4424,2118,2306,1106,529,577,
33200,4427,2198,2229,7746,3767,3979,8853,4300,4553,7745,3689,4056,4425,2118,2307,1106,529,577,
33205,4427,2198,2229,7747,3768,3979,8853,4300,4553,7746,3690,4056,4425,2118,2307,1107,530,577,
33210,4428,2198,2230,7747,3768,3979,8854,4300,4554,7747,3690,4057,4427,2119,2308,1107,530,577,
33215,4428,2198,2230,7749,3768,3981,8855,4300,4555,7748,3690,4058,4428,2120,2308,1107,530,577,
33220,4429,2198,2231,7751,3769,3982,8858,4301,4557,7750,3690,4060,4428,2120,2308,1107,530,577,
33225,4430,2198,2232,7751,3769,3982,8858,4301,4557,7751,3691,4060,4428,2120,2308,1107,530,577,
33230,4431,2198,2233,7753,3771,3982,8861,4303,4558,7752,3691,4061,4429,2120,2309,1107,530,577,
33235,4431,2198,2233,7754,3771,3983,8861,4303,4558,7753,3691,4062,4429,2120,2309,1108,531,577,
33240,4432,2199,2233,7754,3771,3983,8862,4304,4558,7754,3691,4063,4431,2121,2310,1108,531,577,
33245,4432,2199,2233,7756,3773,3983,8863,4305,4558,7755,3692,4063,4432,2122,2310,1108,531,577,
33250,4433,2200,2233,7758,3774,3984,8866,4306,4560,7757,3693,4064,4432,2122,2310,1108,531,577,
33255,4434,2200,2234,7758,3774,3984,8866,4306,4560,7758,3693,4065,4432,2122,2310,1108,531,577,
33260,4435,2200,2235,7760,3775,3985,8869,4308,4561,7759,3693,4066,4433,2122,2311,1108,531,577,
33265,4435,2200,2235,7761,3776,3985,8869,4308,4561,7760,3694,4066,4433,2122,2311,1109,531,578,
33270,4436,2200,2236,7761,3776,3985,8870,4308,4562,7761,3694,4067,4435,2123,2312,1109,531,578,
33275,4436,2200,2236,7763,3777,3986,8871,4308,4563,7762,3695,4067,4436,2124,2312,1109,531,578,
33280,4437,2200,2237,7765,3778,3987,8874,4311,4563,7764,3696,4068,4436,2124,2312,1109,531,578,
33285,4438,2201,2237,7765,3778,3987,8874,4311,4563,7765,3697,4068,4436,2124,2312,1109,531,578,
33290,4439,2201,2238,7767,3778,3989,8877,4313,4564,7766,3698,4068,4437,2124,2313,1109,531,578,
33295,4439,2201,2238,7768,3779,3989,8877,4313,4564,7767,3699,4068,4437,2124,2313,1110,532,578,
33300,4440,2201,2239,7768,3779,3989,8878,4313,4565,7768,3699,4069,4439,2124,2315,1110,532,578,
33305,4440,2201,2239,7770,3780,3990,8879,4313,4566,7769,3699,4070,4440,2124,2316,1110,532,578,
33310,4441,2202,2239,7772,3782,3990,8882,4316,4566,7771,3699,4072,4440,2124,2316,1110,532,578,
33315,4442,2202,2240,7772,3782,3990,8882,4316,4566,7772,3700,4072,4440,2124,2316,1110,532,578,
33320,4443,2203,2240,7774,3784,3990,8885,4317,4568,7773,3700,4073,4441,2124,2317,1110,532,578,
33325,4443,2203,2240,7775,3785,3990,8885,4317,4568,7774,3701,4073,4441,2124,2317,1111,532,579,
33330,4444,2204,2240,7775,3785,3990,8886,4318,4568,7775,3701,4074,4443,2125,2318,1111,532,579,
33335,4444,2204,2240,7777,3787,3990,8887,4319,4568,7776,3702,4074,4444,2125,2319,1111,532,579,
33340,4445,2205,2240,7779,3788,3991,8890,4319,4571,7778,3702,4076,4444,2125,2319,1111,532,579,
33345,4446,2206,2240,7779,3788,3991,8890,4319,4571,7779,3702,4077,4444,2125,2319,1111,532,579,
33350,4447,2207,2240,7781,3789,3992,8893,4321,4572,7780,3703,4077,4445,2125,2320,1111,532,579,
33355,4447,2207,2240,7782,3789,3993,8893,4321,4572,7781,3704,4077,4445,2125,2320,1112,533,579,
33360,4448,2207,2241,7782,3789,3993,8894,4322,4572,7782,3705,4077,4447,2126,2321,1112,533,579,
33365,4448,2207,2241,7784,3790,3994,8895,4322,4573,7783,3705,4078,4448,2126,2322,1112,533,579,
33370,4449,2208,2241,7786,3792,3994,8898,4324,4574,7785,3706,4079,4448,2126,2322,1112,533,579,
33375,4450,2209,2241,7786,3792,3994,8898,4324,4574,7786,3707,4079,4448,2126,2322,1112,533,579,
33380,4451,2209,2242,7788,3793,3995,8901,4326,4575,7787,3707,4080,4449,2127,2322,1112,533,579,
33385,4451,2209,2242,7789,3794,3995,8901,4326,4575,7788,3707,4081,4449,2127,2322,1113,534,579,
33390,4452,2209,2243,7789,3794,3995,8902,4327,4575,7789,3708,4081,4451,2128,2323,1113,534,579,
33395,4452,2209,2243,7791,3794,3997,8903,4328,4575,7790,3708,4082,4452,2128,2324,1113,534,579,
33400,4453,2209,2244,7793,3795,3998,8906,4330,4576,7792,3709,4083,4452,2128,2324,1113,534,579,
33405,4454,2209,2245,7793,3795,3998,8906,4330,4576,7793,3709,4084,4452,2128,2324,1113,534,579,
33410,4455,2209,2246,7795,3796,3999,8909,4332,4577,7794,3710,4084,4453,2129,2324,1113,534,579,
33415,4455,2209,2246,7796,3796,4000,8909,4332,4577,7795,3711,4084,4453,2129,2324,1114,534,580,
33420,4456,2210,2246,7796,3796,4000,8910,4332,4578,7796,3711,4085,4455,2130,2325,1114,534,580,
33425,4456,2210,2246,7798,3797,4001,8911,4332,4579,7797,3711,4086,4456,2131,2325,1114,534,580,
33430,4457,2211,2246,7800,3799,4001,8914,4333,4581,7799,3713,4086,4456,2131,2325,1114,534,580,
33435,4458,2212,2246,7800,3799,4001,8914,4333,4581,7800,3713,4087,4456,2131,2325,1114,534,580,
33440,4459,2212,2247,7802,3801,4001,8917,4333,4584,7801,3714,4087,4457,2132,2325,1114,534,580,
33445,4459,2212,2247,7803,3801,4002,8917,4333,4584,7802,3715,4087,4457,2132,2325,1115,534,581,
33450,4460,2212,2248,7803,3801,4002,8918,4334,4584,7803,3715,4088,4459,2132,2327,1115,534,581,
33455,4460,2212,2248,7805,3801,4004,8919,4335,4584,7804,3716,4088,4460,2132,2328,1115,534,581,
33460,4461,2213,2248,7807,3801,4006,8922,4335,4587,7806,3718,4088,4460,2132,2328,1115,534,581,
33465,4462,2213,2249,7807,3801,4006,8922,4335,4587,7807,3719,4088,4460,2132,2328,1115,534,581,
33470,4463,2213,2250,7809,3803,4006,8925,4336,4589,7808,3719,4089,4461,2133,2328,1115,534,581,
33475,4463,2213,2250,7810,3804,4006,8925,4336,4589,7809,3719,4090,4461,2133,2328,1116,534,582,
33480,4464,2213,2251,7810,3804,4006,8926,4337,4589,7810,3720,4090,4463,2135,2328,1116,534,582,
33485,4464,2213,2251,7812,3806,4006,8927,4337,4590,7811,3720,4091,4464,2135,2329,1116,534,582,
33490,4465,2213,2252,7814,3806,4008,8930,4337,4593,7813,3721,4092,4464,2135,2329,1116,534,582,
33495,4466,2214,2252,7814,3806,4008,8930,4337,4593,7814,3721,4093,4464,2135,2329,1116,534,582,
33500,4467,2215,2252,7816,3806,4010,8933,4338,4595,7815,3721,4094,4465,2136,2329,1116,534,582,
33505,4467,2215,2252,7817,3806,4011,8933,4338,4595,7816,3721,4095,4465,2136,2329,1117,535,582,
33510,4468,2215,2253,7817,3806,4011,8934,4339,4595,7817,3721,4096,4467,2138,2329,1117,535,582,
33515,4468,2215,2253,7819,3808,4011,8935,4339,4596,7818,3722,4096,4468,2138,2330,1117,535,582,
33520,4469,2216,2253,7821,3808,4013,8938,4340,4598,7820,3723,4097,4468,2138,2330,1117,535,582,
33525,4470,2217,2253,7821,3808,4013,8938,4340,4598,7821,3723,4098,4468,2138,2330,1117,535,582,
33530,4471,2217,2254,7823,3809,4014,8941,4342,4599,7822,3723,4099,4469,2139,2330,1117,535,582,
33535,4471,2217,2254,7824,3810,4014,8941,4342,4599,7823,3723,4100,4469,2139,2330,1118,536,582,
33540,4472,2218,2254,7824,3810,4014,8942,4342,4600,7824,3724,4100,4471,2141,2330,1118,536,582,
33545,4472,2218,2254,7826,3811,4015,8943,4343,4600,7825,3724,4101,4472,2142,2330,1118,536,582,
33550,4473,2219,2254,7828,3812,4016,8946,4344,4602,7827,3725,4102,4472,2142,2330,1118,536,582,
33555,4474,2219,2255,7828,3812,4016,8946,4344,4602,7828,3726,4102,4472,2142,2330,1118,536,582,
33560,4475,2220,2255,7830,3813,4017,8949,4346,4603,7829,3727,4102,4473,2142,2331,1118,536,582,
33565,4475,2220,2255,7831,3813,4018,8949,4346,4603,7830,3727,4103,4473,2142,2331,1119,536,583,
33570,4476,2220,2256,7831,3813,4018,8950,4346,4604,7831,3727,4104,4475,2144,2331,1119,536,583,
33575,4476,2220,2256,7833,3813,4020,8951,4347,4604,7832,3727,4105,4476,2145,2331,1119,536,583,
33580,4477,2221,2256,7835,3813,4022,8954,4348,4606,7834,3729,4105,4476,2145,2331,1119,536,583,
33585,4478,2221,2257,7835,3813,4022,8954,4348,4606,7835,3729,4106,4476,2145,2331,1119,536,583,
33590,4479,2221,2258,7837,3814,4023,8957,4350,4607,7836,3730,4106,4477,2146,2331,1119,536,583,
33595,4479,2221,2258,7838,3814,4024,8957,4350,4607,7837,3730,4107,4477,2146,2331,1120,537,583,
33600,4480,2221,2259,7838,3814,4024,8958,4350,4608,7838,3731,4107,4479,2148,2331,1120,537,583,
33605,4480,2221,2259,7840,3814,4026,8959,4351,4608,7839,3731,4108,4480,2148,2332,1120,537,583,
33610,4481,2222,2259,7842,3814,4028,8962,4352,4610,7841,3732,4109,4480,2148,2332,1120,537,583,
33615,4482,2222,2260,7842,3814,4028,8962,4352,4610,7842,3733,4109,4480,2148,2332,1120,537,583,
33620,4483,2223,2260,7844,3816,4028,8965,4353,4612,7843,3734,4109,4481,2148,2333,1120,537,583,
33625,4483,2223,2260,7845,3816,4029,8965,4353,4612,7844,3734,4110,4481,2148,2333,1121,538,583,
33630,4484,2223,2261,7845,3816,4029,8966,4353,4613,7845,3735,4110,4483,2148,2335,1121,538,583,
33635,4484,2223,2261,7847,3817,4030,8967,4354,4613,7846,3735,4111,4484,2149,2335,1121,538,583,
33640,4485,2223,2262,7849,3817,4032,8970,4356,4614,7848,3736,4112,4484,2149,2335,1121,538,583,
33645,4486,2223,2263,7849,3817,4032,8970,4356,4614,7849,3736,4113,4484,2149,2335,1121,538,583,
33650,4487,2223,2264,7851,3818,4033,8973,4359,4614,7850,3736,4114,4485,2149,2336,1121,538,583,
33655,4487,2223,2264,7852,3818,4034,8973,4359,4614,7851,3736,4115,4485,2149,2336,1122,538,584,
33660,4488,2224,2264,7852,3818,4034,8974,4360,4614,7852,3737,4115,4487,2151,2336,1122,538,584,
33665,4488,2224,2264,7854,3818,4036,8975,4361,4614,7853,3738,4115,4488,2151,2337,1122,538,584,
33670,4489,2224,2265,7856,3819,4037,8978,4362,4616,7855,3738,4117,4488,2151,2337,1122,538,584,
33675,4490,2225,2265,7856,3819,4037,8978,4362,4616,7856,3738,4118,4488,2151,2337,1122,538,584,
33680,4491,2226,2265,7858,3820,4038,8981,4363,4618,7857,3738,4119,4489,2151,2338,1122,538,584,
33685,4491,2226,2265,7859,3820,4039,8981,4363,4618,7858,3739,4119,4489,2151,2338,1123,539,584,
33690,4492,2226,2266,7859,3820,4039,8982,4363,4619,7859,3739,4120,4491,2152,2339,1123,539,584,
33695,4492,2226,2266,7861,3821,4040,8983,4364,4619,7860,3740,4120,4492,2152,2340,1123,539,584,
33700,4493,2227,2266,7863,3823,4040,8986,4366,4620,7862,3742,4120,4492,2152,2340,1123,539,584,
33705,4494,2228,2266,7863,3823,4040,8986,4366,4620,7863,3743,4120,4492,2152,2340,1123,539,584,
33710,4495,2228,2267,7865,3823,4042,8989,4367,4622,7864,3743,4121,4493,2153,2340,1123,539,584,
33715,4495,2228,2267,7866,3824,4042,8989,4367,4622,7865,3744,4121,4493,2153,2340,1124,540,584,
33720,4496,2229,2267,7866,3824,4042,8990,4368,4622,7866,3744,4122,4495,2154,2341,1124,540,584,
33725,4496,2229,2267,7868,3826,4042,8991,4369,4622,7867,3744,4123,4496,2155,2341,1124,540,584,
33730,4497,2229,2268,7870,3827,4043,8994,4370,4624,7869,3745,4124,4496,2155,2341,1124,540,584,
33735,4498,2229,2269,7870,3827,4043,8994,4370,4624,7870,3746,4124,4496,2155,2341,1124,540,584,
33740,4499,2230,2269,7872,3828,4044,8997,4371,4626,7871,3747,4124,4497,2156,2341,1124,540,584,
33745,4499,2230,2269,7873,3829,4044,8997,4371,4626,7872,3747,4125,4497,2156,2341,1125,541,584,
33750,4500,2230,2270,7873,3829,4044,8998,4372,4626,7873,3747,4126,4499,2157,2342,1125,541,584,
33755,4500,2230,2270,7875,3830,4045,8999,4372,4627,7874,3748,4126,4500,2157,2343,1125,541,584,
33760,4501,2230,2271,7877,3830,4047,9002,4373,4629,7876,3748,4128,4500,2157,2343,1125,541,584,
33765,4502,2230,2272,7877,3830,4047,9002,4373,4629,7877,3748,4129,4500,2157,2343,1125,541,584,
33770,4503,2231,2272,7879,3831,4048,9005,4374,4631,7878,3748,4130,4501,2157,2344,1125,541,584,
33775,4503,2231,2272,7880,3831,4049,9005,4374,4631,7879,3748,4131,4501,2157,2344,1126,542,584,
33780,4504,2232,2272,7880,3831,4049,9006,4374,4632,7880,3749,4131,4503,2157,2346,1126,542,584,
33785,4504,2232,2272,7882,3832,4050,9007,4375,4632,7881,3750,4131,4504,2157,2347,1126,542,584,
33790,4505,2232,2273,7884,3834,4050,9010,4377,4633,7883,3751,4132,4504,2157,2347,1126,542,584,
33795,4506,2232,2274,7884,3834,4050,9010,4377,4633,7884,3751,4133,4504,2157,2347,1126,542,584,
33800,4507,2233,2274,7886,3834,4052,9013,4378,4635,7885,3751,4134,4505,2158,2347,1126,542,584,
33805,4507,2233,2274,7887,3834,4053,9013,4378,4635,7886,3752,4134,4505,2158,2347,1127,542,585,
33810,4508,2234,2274,7887,3834,4053,9014,4378,4636,7887,3753,4134,4507,2159,2348,1127,542,585,
33815,4508,2234,2274,7889,3835,4054,9015,4378,4637,7888,3754,4134,4508,2160,2348,1127,542,585,
33820,4509,2235,2274,7891,3836,4055,9018,4381,4637,7890,3754,4136,4508,2160,2348,1127,542,585,
33825,4510,2235,2275,7891,3836,4055,9018,4381,4637,7891,3754,4137,4508,2160,2348,1127,542,585,
33830,4511,2235,2276,7893,3837,4056,9021,4382,4639,7892,3755,4137,4509,2160,2349,1127,542,585,
33835,4511,2235,2276,7894,3838,4056,9021,4382,4639,7893,3756,4137,4509,2160,2349,1128,542,586,
33840,4512,2235,2277,7894,3838,4056,9022,4382,4640,7894,3757,4137,4511,2162,2349,1128,542,586,
33845,4512,2235,2277,7896,3840,4056,9023,4382,4641,7895,3757,4138,4512,2162,2350,1128,542,586,
33850,4513,2235,2278,7898,3841,4057,9026,4383,4643,7897,3757,4140,4512,2162,2350,1128,542,586,
33855,4514,2235,2279,7898,3841,4057,9026,4383,4643,7898,3757,4141,4512,2162,2350,1128,542,586,
33860,4515,2235,2280,7900,3842,4058,9029,4384,4645,7899,3758,4141,4513,2162,2351,1128,542,586,
33865,4515,2235,2280,7901,3842,4059,9029,4384,4645,7900,3759,4141,4513,2162,2351,1129,543,586,
33870,4516,2236,2280,7901,3842,4059,9030,4385,4645,7901,3760,4141,4515,2163,2352,1129,543,586,
33875,4516,2236,2280,7903,3843,4060,9031,4385,4646,7902,3760,4142,4516,2164,2352,1129,543,586,
33880,4517,2236,2281,7905,3843,4062,9034,4388,4646,7904,3760,4144,4516,2164,2352,1129,543,586,
33885,4518,2237,2281,7905,3843,4062,9034,4388,4646,7905,3761,4144,4516,2164,2352,1129,543,586,
33890,4519,2237,2282,7907,3843,4064,9037,4389,4648,7906,3762,4144,4517,2165,2352,1129,543,586,
33895,4519,2237,2282,7908,3843,4065,9037,4389,4648,7907,3762,4145,4517,2165,2352,1130,543,587,
33900,4520,2238,2282,7908,3843,4065,9038,4389,4649,7908,3763,4145,4519,2167,2352,1130,543,587,
33905,4520,2238,2282,7910,3844,4066,9039,4389,4650,7909,3764,4145,4520,2167,2353,1130,543,587,
33910,4521,2239,2282,7912,3845,4067,9042,4391,4651,7911,3765,4146,4520,2167,2353,1130,543,587,
33915,4522,2240,2282,7912,3845,4067,9042,4391,4651,7912,3765,4147,4520,2167,2353,1130,543,587,
33920,4523,2241,2282,7914,3845,4069,9045,4392,4653,7913,3765,4148,4521,2167,2354,1130,543,587,
33925,4523,2241,2282,7915,3845,4070,9045,4392,4653,7914,3765,4149,4521,2167,2354,1131,544,587,
33930,4524,2241,2283,7915,3845,4070,9046,4392,4654,7915,3766,4149,4523,2167,2356,1131,544,587,
33935,4524,2241,2283,7917,3846,4071,9047,4393,4654,7916,3766,4150,4524,2168,2356,1131,544,587,
33940,4525,2241,2284,7919,3847,4072,9050,4394,4656,7918,3768,4150,4524,2168,2356,1131,544,587,
33945,4526,2242,2284,7919,3847,4072,9050,4394,4656,7919,3769,4150,4524,2168,2356,1131,544,587,
33950,4527,2243,2284,7921,3849,4072,9053,4397,4656,7920,3770,4150,4525,2169,2356,1131,544,587,
33955,4527,2243,2284,7922,3849,4073,9053,4397,4656,7921,3771,4150,4525,2169,2356,1132,545,587,
33960,4528,2243,2285,7922,3849,4073,9054,4398,4656,7922,3771,4151,4527,2171,2356,1132,545,587,
33965,4528,2243,2285,7924,3849,4075,9055,4398,4657,7923,3772,4151,4528,2171,2357,1132,545,587,
33970,4529,2243,2286,7926,3851,4075,9058,4400,4658,7925,3773,4152,4528,2171,2357,1132,545,587,
33975,4530,2244,2286,7926,3851,4075,9058,4400,4658,7926,3773,4153,4528,2171,2357,1132,545,587,
33980,4531,2245,2286,7928,3852,4076,9061,4401,4660,7927,3773,4154,4529,2171,2358,1132,545,587,
33985,4531,2245,2286,7929,3852,4077,9061,4401,4660,7928,3773,4155,4529,2171,2358,1133,545,588,
33990,4532,2245,2287,7929,3852,4077,9062,4402,4660,7929,3773,4156,4531,2172,2359,1133,545,588,
33995,4532,2245,2287,7931,3853,4078,9063,4402,4661,7930,3774,4156,4532,2172,2360,1133,545,588,
34000,4533,2245,2288,7933,3854,4079,9066,4403,4663,7932,3775,4157,4532,2172,2360,1133,545,588,
34005,4534,2245,2289,7933,3854,4079,9066,4403,4663,7933,3775,4158,4532,2172,2360,1133,545,588,
34010,4535,2245,2290,7935,3856,4079,9069,4404,4665,7934,3775,4159,4533,2173,2360,1133,545,588,
34015,4535,2245,2290,7936,3857,4079,9069,4404,4665,7935,3776,4159,4533,2173,2360,1134,546,588,
34020,4536,2245,2291,7936,3857,4079,9070,4404,4666,7936,3777,4159,4535,2174,2361,1134,546,588,
34025,4536,2245,2291,7938,3859,4079,9071,4404,4667,7937,3777,4160,4536,2175,2361,1134,546,588,
34030,4537,2245,2292,7940,3860,4080,9074,4407,4667,7939,3778,4161,4536,2175,2361,1134,546,588,
34035,4538,2246,2292,7940,3860,4080,9074,4407,4667,7940,3779,4161,4536,2175,2361,1134,546,588,
34040,4539,2246,2293,7942,3861,4081,9077,4409,4668,7941,3779,4162,4537,2176,2361,1134,546,588,
34045,4539,2246,2293,7943,3862,4081,9077,4409,4668,7942,3779,4163,4537,2176,2361,1135,547,588,
34050,4540,2246,2294,7943,3862,4081,9078,4409,4669,7943,3780,4163,4539,2177,2362,1135,547,588,
34055,4540,2246,2294,7945,3862,4083,9079,4410,4669,7944,3781,4163,4540,2178,2362,1135,547,588,
34060,4541,2246,2295,7947,3863,4084,9082,4410,4672,7946,3783,4163,4540,2178,2362,1135,547,588,
34065,4542,2247,2295,7947,3863,4084,9082,4410,4672,7947,3783,4164,4540,2178,2362,1135,547,588,
34070,4543,2248,2295,7949,3865,4084,9085,4412,4673,7948,3784,4164,4541,2179,2362,1135,547,588,
34075,4543,2248,2295,7950,3866,4084,9085,4412,4673,7949,3784,4165,4541,2179,2362,1136,548,588,
34080,4544,2248,2296,7950,3866,4084,9086,4413,4673,7950,3784,4166,4543,2179,2364,1136,548,588,
34085,4544,2248,2296,7952,3867,4085,9087,4413,4674,7951,3784,4167,4544,2180,2364,1136,548,588,
34090,4545,2248,2297,7954,3869,4085,9090,4413,4677,7953,3784,4169,4544,2180,2364,1136,548,588,
34095,4546,2249,2297,7954,3869,4085,9090,4413,4677,7954,3784,4170,4544,2180,2364,1136,548,588,
34100,4547,2249,2298,7956,3870,4086,9093,4415,4678,7955,3785,4170,4545,2180,2365,1136,548,588,
34105,4547,2249,2298,7957,3870,4087,9093,4415,4678,7956,3786,4170,4545,2180,2365,1137,548,589,
34110,4548,2250,2298,7957,3870,4087,9094,4415,4679,7957,3787,4170,4547,2181,2366,1137,548,589,
34115,4548,2250,2298,7959,3870,4089,9095,4416,4679,7958,3787,4171,4548,2182,2366,1137,548,589,
34120,4549,2251,2298,7961,3872,4089,9098,4418,4680,7960,3789,4171,4548,2182,2366,1137,548,589,
34125,4550,2251,2299,7961,3872,4089,9098,4418,4680,7961,3789,4172,4548,2182,2366,1137,548,589,
34130,4551,2252,2299,7963,3872,4091,9101,4418,4683,7962,3790,4172,4549,2182,2367,1137,548,589,
34135,4551,2252,2299,7964,3872,4092,9101,4418,4683,7963,3791,4172,4549,2182,2367,1138,549,589,
34140,4552,2253,2299,7964,3872,4092,9102,4419,4683,7964,3791,4173,4551,2184,2367,1138,549,589,
34145,4552,2253,2299,7966,3873,4093,9103,4419,4684,7965,3791,4174,4552,2184,2368,1138,549,589,
34150,4553,2253,2300,7968,3873,4095,9106,4420,4686,7967,3791,4176,4552,2184,2368,1138,549,589,
34155,4554,2254,2300,7968,3873,4095,9106,4420,4686,7968,3792,4176,4552,2184,2368,1138,549,589,
34160,4555,2255,2300,7970,3873,4097,9109,4421,4688,7969,3793,4176,4553,2185,2368,1138,549,589,
34165,4555,2255,2300,7971,3873,4098,9109,4421,4688,7970,3793,4177,4553,2185,2368,1139,549,590,
34170,4556,2255,2301,7971,3873,4098,9110,4422,4688,7971,3793,4178,4555,2186,2369,1139,549,590,
34175,4556,2255,2301,7973,3873,4100,9111,4423,4688,7972,3794,4178,4556,2186,2370,1139,549,590,
34180,4557,2256,2301,7975,3873,4102,9114,4425,4689,7974,3796,4178,4556,2186,2370,1139,549,590,
34185,4558,2257,2301,7975,3873,4102,9114,4425,4689,7975,3797,4178,4556,2186,2370,1139,549,590,
34190,4559,2258,2301,7977,3873,4104,9117,4427,4690,7976,3798,4178,4557,2186,2371,1139,549,590,
34195,4559,2258,2301,7978,3873,4105,9117,4427,4690,7977,3798,4179,4557,2186,2371,1140,549,591,
34200,4560,2259,2301,7978,3873,4105,9118,4427,4691,7978,3799,4179,4559,2186,2373,1140,549,591,
34205,4560,2259,2301,7980,3875,4105,9119,4427,4692,7979,3800,4179,4560,2186,2374,1140,549,591,
34210,4561,2259,2302,7982,3876,4106,9122,4427,4695,7981,3801,4180,4560,2186,2374,1140,549,591,
34215,4562,2259,2303,7982,3876,4106,9122,4427,4695,7982,3801,4181,4560,2186,2374,1140,549,591,
34220,4563,2259,2304,7984,3876,4108,9125,4428,4697,7983,3801,4182,4561,2186,2375,1140,549,591,
34225,4563,2259,2304,7985,3876,4109,9125,4428,4697,7984,3802,4182,4561,2186,2375,1141,549,592,
34230,4564,2260,2304,7985,3876,4109,9126,4429,4697,7985,3803,4182,4563,2187,2376,1141,549,592,
34235,4564,2260,2304,7987,3877,4110,9127,4430,4697,7986,3804,4182,4564,2188,2376,1141,549,592,
34240,4565,2261,2304,7989,3879,4110,9130,4430,4700,7988,3806,4182,4564,2188,2376,1141,549,592,
34245,4566,2261,2305,7989,3879,4110,9130,4430,4700,7989,3807,4182,4564,2188,2376,1141,549,592,
34250,4567,2261,2306,7991,3880,4111,9133,4431,4702,7990,3808,4182,4565,2188,2377,1141,549,592,
34255,4567,2261,2306,7992,3881,4111,9133,4431,4702,7991,3808,4183,4565,2188,2377,1142,549,593,
34260,4568,2261,2307,7992,3881,4111,9134,4432,4702,7992,3809,4183,4567,2190,2377,1142,549,593,
34265,4568,2261,2307,7994,3883,4111,9135,4432,4703,7993,3810,4183,4568,2190,2378,1142,549,593,
34270,4569,2261,2308,7996,3885,4111,9138,4434,4704,7995,3811,4184,4568,2190,2378,1142,549,593,
34275,4570,2262,2308,7996,3885,4111,9138,4434,4704,7996,3811,4185,4568,2190,2378,1142,549,593,
34280,4571,2262,2309,7998,3886,4112,9141,4436,4705,7997,3811,4186,4569,2190,2379,1142,549,593,
34285,4571,2262,2309,7999,3887,4112,9141,4436,4705,7998,3812,4186,4569,2190,2379,1143,550,593,
34290,4572,2262,2310,7999,3887,4112,9142,4436,4706,7999,3813,4186,4571,2191,2380,1143,550,593,
34295,4572,2262,2310,8001,3888,4113,9143,4437,4706,8000,3813,4187,4572,2191,2381,1143,550,593,
34300,4573,2262,2311,8003,3888,4115,9146,4439,4707,8002,3814,4188,4572,2191,2381,1143,550,593,
34305,4574,2263,2311,8003,3888,4115,9146,4439,4707,8003,3814,4189,4572,2191,2381,1143,550,593,
34310,4575,2263,2312,8005,3888,4117,9149,4441,4708,8004,3814,4190,4573,2192,2381,1143,550,593,
34315,4575,2263,2312,8006,3888,4118,9149,4441,4708,8005,3814,4191,4573,2192,2381,1144,550,594,
34320,4576,2264,2312,8006,3888,4118,9150,4442,4708,8006,3815,4191,4575,2193,2382,1144,550,594,
34325,4576,2264,2312,8008,3888,4120,9151,4442,4709,8007,3815,4192,4576,2194,2382,1144,550,594,
34330,4577,2264,2313,8010,3889,4121,9154,4443,4711,8009,3817,4192,4576,2194,2382,1144,550,594,
34335,4578,2265,2313,8010,3889,4121,9154,4443,4711,8010,3818,4192,4576,2194,2382,1144,550,594,
34340,4579,2266,2313,8012,3890,4122,9157,4445,4712,8011,3819,4192,4577,2194,2383,1144,550,594,
34345,4579,2266,2313,8013,3891,4122,9157,4445,4712,8012,3819,4193,4577,2194,2383,1145,550,595,
34350,4580,2267,2313,8013,3891,4122,9158,4445,4713,8013,3819,4194,4579,2195,2384,1145,550,595,
34355,4580,2267,2313,8015,3891,4124,9159,4445,4714,8014,3820,4194,4580,2195,2385,1145,550,595,
34360,4581,2268,2313,8017,3893,4124,9162,4448,4714,8016,3821,4195,4580,2195,2385,1145,550,595,
34365,4582,2269,2313,8017,3893,4124,9162,4448,4714,8017,3822,4195,4580,2195,2385,1145,550,595,
34370,4583,2269,2314,8019,3894,4125,9165,4450,4715,8018,3823,4195,4581,2196,2385,1145,550,595,
34375,4583,2269,2314,8020,3894,4126,9165,4450,4715,8019,3824,4195,4581,2196,2385,1146,550,596,
34380,4584,2269,2315,8020,3894,4126,9166,4450,4716,8020,3824,4196,4583,2198,2385,1146,550,596,
34385,4584,2269,2315,8022,3894,4128,9167,4450,4717,8021,3825,4196,4584,2199,2385,1146,550,596,
34390,4585,2269,2316,8024,3895,4129,9170,4452,4718,8023,3826,4197,4584,2199,2385,1146,550,596,
34395,4586,2270,2316,8024,3895,4129,9170,4452,4718,8024,3826,4198,4584,2199,2385,1146,550,596,
34400,4587,2271,2316,8026,3896,4130,9173,4453,4720,8025,3826,4199,4585,2199,2386,1146,550,596,
34405,4587,2271,2316,8027,3896,4131,9173,4453,4720,8026,3826,4200,4585,2199,2386,1147,551,596,
34410,4588,2271,2317,8027,3896,4131,9174,4454,4720,8027,3826,4201,4587,2201,2386,1147,551,596,
34415,4588,2271,2317,8029,3897,4132,9175,4455,4720,8028,3827,4201,4588,2201,2387,1147,551,596,
34420,4589,2271,2318,8031,3898,4133,9178,4457,4721,8030,3828,4202,4588,2201,2387,1147,551,596,
34425,4590,2272,2318,8031,3898,4133,9178,4457,4721,8031,3828,4203,4588,2201,2387,1147,551,596,
34430,4591,2272,2319,8033,3899,4134,9181,4458,4723,8032,3829,4203,4589,2202,2387,1147,551,596,
34435,4591,2272,2319,8034,3899,4135,9181,4458,4723,8033,3829,4204,4589,2202,2387,1148,551,597,
34440,4592,2273,2319,8034,3899,4135,9182,4458,4724,8034,3830,4204,4591,2202,2389,1148,551,597,
34445,4592,2273,2319,8036,3900,4136,9183,4459,4724,8035,3831,4204,4592,2202,2390,1148,551,597,
34450,4593,2274,2319,8038,3900,4138,9186,4462,4724,8037,3832,4205,4592,2202,2390,1148,551,597,
34455,4594,2275,2319,8038,3900,4138,9186,4462,4724,8038,3833,4205,4592,2202,2390,1148,551,597,
34460,4595,2276,2319,8040,3901,4139,9189,4464,4725,8039,3833,4206,4593,2202,2391,1148,551,597,
34465,4595,2276,2319,8041,3901,4140,9189,4464,4725,8040,3834,4206,4593,2202,2391,1149,552,597,
34470,4596,2276,2320,8041,3901,4140,9190,4464,4726,8041,3835,4206,4595,2202,2393,1149,552,597,
34475,4596,2276,2320,8043,3903,4140,9191,4465,4726,8042,3835,4207,4596,2203,2393,1149,552,597,
34480,4597,2277,2320,8045,3904,4141,9194,4466,4728,8044,3836,4208,4596,2203,2393,1149,552,597,
34485,4598,2277,2321,8045,3904,4141,9194,4466,4728,8045,3836,4209,4596,2203,2393,1149,552,597,
34490,4599,2277,2322,8047,3904,4143,9197,4468,4729,8046,3836,4210,4597,2203,2394,1149,552,597,
34495,4599,2277,2322,8048,3904,4144,9197,4468,4729,8047,3837,4210,4597,2203,2394,1150,553,597,
34500,4600,2278,2322,8048,3904,4144,9198,4468,4730,8048,3837,4211,4599,2204,2395,1150,553,597,
34505,4600,2278,2322,8050,3904,4146,9199,4469,4730,8049,3838,4211,4600,2204,2396,1150,553,597,
34510,4601,2279,2322,8052,3904,4148,9202,4471,4731,8051,3838,4213,4600,2204,2396,1150,553,597,
34515,4602,2279,2323,8052,3904,4148,9202,4471,4731,8052,3839,4213,4600,2204,2396,1150,553,597,
34520,4603,2280,2323,8054,3906,4148,9205,4472,4733,8053,3840,4213,4601,2205,2396,1150,553,597,
34525,4603,2280,2323,8055,3906,4149,9205,4472,4733,8054,3840,4214,4601,2205,2396,1151,554,597,
34530,4604,2280,2324,8055,3906,4149,9206,4472,4734,8055,3841,4214,4603,2206,2397,1151,554,597,
34535,4604,2280,2324,8057,3906,4151,9207,4473,4734,8056,3842,4214,4604,2207,2397,1151,554,597,
34540,4605,2280,2325,8059,3907,4152,9210,4474,4736,8058,3842,4216,4604,2207,2397,1151,554,597,
34545,4606,2280,2326,8059,3907,4152,9210,4474,4736,8059,3842,4217,4604,2207,2397,1151,554,597,
34550,4607,2280,2327,8061,3909,4152,9213,4476,4737,8060,3843,4217,4605,2208,2397,1151,554,597,
34555,4607,2280,2327,8062,3909,4153,9213,4476,4737,8061,3843,4218,4605,2208,2397,1152,554,598,
34560,4608,2280,2328,8062,3909,4153,9214,4477,4737,8062,3843,4219,4607,2208,2399,1152,554,598,
34565,4608,2280,2328,8064,3910,4154,9215,4477,4738,8063,3844,4219,4608,2209,2399,1152,554,598,
34570,4609,2280,2329,8066,3912,4154,9218,4479,4739,8065,3844,4221,4608,2209,2399,1152,554,598,
34575,4610,2280,2330,8066,3912,4154,9218,4479,4739,8066,3844,4222,4608,2209,2399,1152,554,598,
34580,4611,2281,2330,8068,3912,4156,9221,4481,4740,8067,3844,4223,4609,2210,2399,1152,554,598,
34585,4611,2281,2330,8069,3913,4156,9221,4481,4740,8068,3844,4224,4609,2210,2399,1153,554,599,
34590,4612,2282,2330,8069,3913,4156,9222,4482,4740,8069,3844,4225,4611,2211,2400,1153,554,599,
34595,4612,2282,2330,8071,3915,4156,9223,4482,4741,8070,3845,4225,4612,2211,2401,1153,554,599,
34600,4613,2283,2330,8073,3917,4156,9226,4484,4742,8072,3847,4225,4612,2211,2401,1153,554,599,
34605,4614,2283,2331,8073,3917,4156,9226,4484,4742,8073,3847,4226,4612,2211,2401,1153,554,599,
34610,4615,2284,2331,8075,3918,4157,9229,4486,4743,8074,3847,4227,4613,2212,2401,1153,554,599,
34615,4615,2284,2331,8076,3918,4158,9229,4486,4743,8075,3847,4228,4613,2212,2401,1154,555,599,
34620,4616,2285,2331,8076,3918,4158,9230,4486,4744,8076,3847,4229,4615,2212,2403,1154,555,599,
34625,4616,2285,2331,8078,3920,4158,9231,4486,4745,8077,3847,4230,4616,2212,2404,1154,555,599,
34630,4617,2285,2332,8080,3922,4158,9234,4489,4745,8079,3848,4231,4616,2212,2404,1154,555,599,
34635,4618,2286,2332,8080,3922,4158,9234,4489,4745,8080,3848,4232,4616,2212,2404,1154,555,599,
34640,4619,2286,2333,8082,3924,4158,9237,4491,4746,8081,3848,4233,4617,2213,2404,1154,555,599,
34645,4619,2286,2333,8083,3924,4159,9237,4491,4746,8082,3849,4233,4617,2213,2404,1155,556,599,
34650,4620,2287,2333,8083,3924,4159,9238,4491,4747,8083,3850,4233,4619,2215,2404,1155,556,599,
34655,4620,2287,2333,8085,3925,4160,9239,4492,4747,8084,3851,4233,4620,2215,2405,1155,556,599,
34660,4621,2287,2334,8087,3925,4162,9242,4492,4750,8086,3851,4235,4620,2215,2405,1155,556,599,
34665,4622,2288,2334,8087,3925,4162,9242,4492,4750,8087,3851,4236,4620,2215,2405,1155,556,599,
34670,4623,2288,2335,8089,3925,4164,9245,4493,4752,8088,3852,4236,4621,2216,2405,1155,556,599,
34675,4623,2288,2335,8090,3926,4164,9245,4493,4752,8089,3852,4237,4621,2216,2405,1156,556,600,
34680,4624,2289,2335,8090,3926,4164,9246,4494,4752,8090,3853,4237,4623,2217,2406,1156,556,600,
34685,4624,2289,2335,8092,3928,4164,9247,4494,4753,8091,3853,4238,4624,2217,2407,1156,556,600,
34690,4625,2290,2335,8094,3928,4166,9250,4496,4754,8093,3854,4239,4624,2217,2407,1156,556,600,
34695,4626,2290,2336,8094,3928,4166,9250,4496,4754,8094,3854,4240,4624,2217,2407,1156,556,600,
34700,4627,2290,2337,8096,3929,4167,9253,4499,4754,8095,3854,4241,4625,2218,2407,1156,556,600,
34705,4627,2290,2337,8097,3929,4168,9253,4499,4754,8096,3855,4241,4625,2218,2407,1157,556,601,
34710,4628,2291,2337,8097,3929,4168,9254,4499,4755,8097,3856,4241,4627,2219,2408,1157,556,601,
34715,4628,2291,2337,8099,3930,4169,9255,4500,4755,8098,3857,4241,4628,2219,2409,1157,556,601,
34720,4629,2291,2338,8101,3931,4170,9258,4503,4755,8100,3858,4242,4628,2219,2409,1157,556,601,
34725,4630,2292,2338,8101,3931,4170,9258,4503,4755,8101,3859,4242,4628,2219,2409,1157,556,601,
34730,4631,2292,2339,8103,3933,4170,9261,4504,4757,8102,3859,4243,4629,2219,2410,1157,556,601,
34735,4631,2292,2339,8104,3933,4171,9261,4504,4757,8103,3860,4243,4629,2219,2410,1158,557,601,
34740,4632,2293,2339,8104,3933,4171,9262,4505,4757,8104,3861,4243,4631,2220,2411,1158,557,601,
34745,4632,2293,2339,8106,3934,4172,9263,4505,4758,8105,3861,4244,4632,2221,2411,1158,557,601,
34750,4633,2294,2339,8108,3935,4173,9266,4507,4759,8107,3862,4245,4632,2221,2411,1158,557,601,
34755,4634,2294,2340,8108,3935,4173,9266,4507,4759,8108,3862,4246,4632,2221,2411,1158,557,601,
34760,4635,2294,2341,8110,3936,4174,9269,4509,4760,8109,3863,4246,4633,2221,2412,1158,557,601,
34765,4635,2294,2341,8111,3937,4174,9269,4509,4760,8110,3863,4247,4633,2221,2412,1159,557,602,
34770,4636,2294,2342,8111,3937,4174,9270,4509,4761,8111,3863,4248,4635,2222,2413,1159,557,602,
34775,4636,2294,2342,8113,3939,4174,9271,4509,4762,8112,3863,4249,4636,2222,2414,1159,557,602,
34780,4637,2294,2343,8115,3940,4175,9274,4512,4762,8114,3863,4251,4636,2222,2414,1159,557,602,
34785,4638,2295,2343,8115,3940,4175,9274,4512,4762,8115,3864,4251,4636,2222,2414,1159,557,602,
34790,4639,2295,2344,8117,3941,4176,9277,4515,4762,8116,3865,4251,4637,2222,2415,1159,557,602,
34795,4639,2295,2344,8118,3941,4177,9277,4515,4762,8117,3865,4252,4637,2222,2415,1160,557,603,
34800,4640,2296,2344,8118,3941,4177,9278,4516,4762,8118,3866,4252,4639,2224,2415,1160,557,603,
34805,4640,2296,2344,8120,3942,4178,9279,4516,4763,8119,3867,4252,4640,2224,2416,1160,557,603,
34810,4641,2297,2344,8122,3944,4178,9282,4518,4764,8121,3868,4253,4640,2224,2416,1160,557,603,
34815,4642,2298,2344,8122,3944,4178,9282,4518,4764,8122,3868,4254,4640,2224,2416,1160,557,603,
34820,4643,2299,2344,8124,3945,4179,9285,4519,4766,8123,3868,4255,4641,2225,2416,1160,557,603,
34825,4643,2299,2344,8125,3946,4179,9285,4519,4766,8124,3869,4255,4641,2225,2416,1161,558,603,
34830,4644,2299,2345,8125,3946,4179,9286,4520,4766,8125,3869,4256,4643,2225,2418,1161,558,603,
34835,4644,2299,2345,8127,3946,4181,9287,4521,4766,8126,3870,4256,4644,2226,2418,1161,558,603,
34840,4645,2300,2345,8129,3948,4181,9290,4522,4768,8128,3871,4257,4644,2226,2418,1161,558,603,
34845,4646,2300,2346,8129,3948,4181,9290,4522,4768,8129,3872,4257,4644,2226,2418,1161,558,603,
34850,4647,2301,2346,8131,3950,4181,9293,4523,4770,8130,3872,4258,4645,2226,2419,1161,558,603,
34855,4647,2301,2346,8132,3950,4182,9293,4523,4770,8131,3873,4258,4645,2226,2419,1162,559,603,
34860,4648,2301,2347,8132,3950,4182,9294,4523,4771,8132,3873,4259,4647,2228,2419,1162,559,603,
34865,4648,2301,2347,8134,3951,4183,9295,4523,4772,8133,3874,4259,4648,2228,2420,1162,559,603,
34870,4649,2301,2348,8136,3952,4184,9298,4526,4772,8135,3874,4261,4648,2228,2420,1162,559,603,
34875,4650,2301,2349,8136,3952,4184,9298,4526,4772,8136,3874,4262,4648,2228,2420,1162,559,603,
34880,4651,2301,2350,8138,3953,4185,9301,4528,4773,8137,3874,4263,4649,2229,2420,1162,559,603,
34885,4651,2301,2350,8139,3954,4185,9301,4528,4773,8138,3874,4264,4649,2229,2420,1163,560,603,
34890,4652,2301,2351,8139,3954,4185,9302,4529,4773,8139,3875,4264,4651,2229,2422,1163,560,603,
34895,4652,2301,2351,8141,3955,4186,9303,4529,4774,8140,3875,4265,4652,2230,2422,1163,560,603,
34900,4653,2302,2351,8143,3956,4187,9306,4532,4774,8142,3876,4266,4652,2230,2422,1163,560,603,
34905,4654,2302,2352,8143,3956,4187,9306,4532,4774,8143,3876,4267,4652,2230,2422,1163,560,603,
34910,4655,2303,2352,8145,3958,4187,9309,4532,4777,8144,3877,4267,4653,2230,2423,1163,560,603,
34915,4655,2303,2352,8146,3959,4187,9309,4532,4777,8145,3878,4267,4653,2230,2423,1164,561,603,
34920,4656,2304,2352,8146,3959,4187,9310,4532,4778,8146,3878,4268,4655,2231,2424,1164,561,603,
34925,4656,2304,2352,8148,3961,4187,9311,4532,4779,8147,3879,4268,4656,2231,2425,1164,561,603,
34930,4657,2305,2352,8150,3962,4188,9314,4534,4780,8149,3880,4269,4656,2231,2425,1164,561,603,
34935,4658,2306,2352,8150,3962,4188,9314,4534,4780,8150,3881,4269,4656,2231,2425,1164,561,603,
34940,4659,2307,2352,8152,3963,4189,9317,4535,4782,8151,3881,4270,4657,2232,2425,1164,561,603,
34945,4659,2307,2352,8153,3963,4190,9317,4535,4782,8152,3882,4270,4657,2232,2425,1165,561,604,
34950,4660,2308,2352,8153,3963,4190,9318,4536,4782,8153,3883,4270,4659,2233,2426,1165,561,604,
34955,4660,2308,2352,8155,3965,4190,9319,4537,4782,8154,3884,4270,4660,2233,2427,1165,561,604,
34960,4661,2308,2353,8157,3965,4192,9322,4539,4783,8156,3885,4271,4660,2233,2427,1165,561,604,
34965,4662,2309,2353,8157,3965,4192,9322,4539,4783,8157,3886,4271,4660,2233,2427,1165,561,604,
34970,4663,2309,2354,8159,3967,4192,9325,4540,4785,8158,3886,4272,4661,2233,2428,1165,561,604,
34975,4663,2309,2354,8160,3968,4192,9325,4540,4785,8159,3886,4273,4661,2233,2428,1166,562,604,
34980,4664,2310,2354,8160,3968,4192,9326,4540,4786,8160,3886,4274,4663,2235,2428,1166,562,604,
34985,4664,2310,2354,8162,3968,4194,9327,4541,4786,8161,3887,4274,4664,2236,2428,1166,562,604,
34990,4665,2311,2354,8164,3969,4195,9330,4543,4787,8163,3888,4275,4664,2236,2428,1166,562,604,
34995,4666,2312,2354,8164,3969,4195,9330,4543,4787,8164,3889,4275,4664,2236,2428,1166,562,604,
35000,4667,2312,2355,8166,3970,4196,9333,4545,4788,8165,3889,4276,4665,2236,2429,1166,562,604,
35005,4667,2312,2355,8167,3971,4196,9333,4545,4788,8166,3889,4277,4665,2236,2429,1167,562,605,
35010,4668,2313,2355,8167,3971,4196,9334,4545,4789,8167,3889,4278,4667,2236,2431,1167,562,605,
35015,4668,2313,2355,8169,3972,4197,9335,4545,4790,8168,3889,4279,4668,2236,2432,1167,562,605,
35020,4669,2313,2356,8171,3973,4198,9338,4545,4793,8170,3889,4281,4668,2236,2432,1167,562,605,
35025,4670,2314,2356,8171,3973,4198,9338,4545,4793,8171,3890,4281,4668,2236,2432,1167,562,605,
35030,4671,2314,2357,8173,3973,4200,9341,4547,4794,8172,3890,4282,4669,2237,2432,1167,562,605,
35035,4671,2314,2357,8174,3974,4200,9341,4547,4794,8173,3891,4282,4669,2237,2432,1168,563,605,
35040,4672,2314,2358,8174,3974,4200,9342,4547,4795,8174,3891,4283,4671,2238,2433,1168,563,605,
35045,4672,2314,2358,8176,3975,4201,9343,4547,4796,8175,3891,4284,4672,2239,2433,1168,563,605,
35050,4673,2315,2358,8178,3977,4201,9346,4549,4797,8177,3892,4285,4672,2239,2433,1168,563,605,
35055,4674,2315,2359,8178,3977,4201,9346,4549,4797,8178,3893,4285,4672,2239,2433,1168,563,605,
35060,4675,2315,2360,8180,3979,4201,9349,4550,4799,8179,3894,4285,4673,2240,2433,1168,563,605,
35065,4675,2315,2360,8181,3979,4202,9349,4550,4799,8180,3894,4286,4673,2240,2433,1169,564,605,
35070,4676,2316,2360,8181,3979,4202,9350,4551,4799,8181,3894,4287,4675,2241,2434,1169,564,605,
35075,4676,2316,2360,8183,3980,4203,9351,4552,4799,8182,3895,4287,4676,2241,2435,1169,564,605,
35080,4677,2316,2361,8185,3981,4204,9354,4554,4800,8184,3896,4288,4676,2241,2435,1169,564,605,
35085,4678,2316,2362,8185,3981,4204,9354,4554,4800,8185,3897,4288,4676,2241,2435,1169,564,605,
35090,4679,2316,2363,8187,3983,4204,9357,4555,4802,8186,3897,4289,4677,2242,2435,1169,564,605,
35095,4679,2316,2363,8188,3984,4204,9357,4555,4802,8187,3897,4290,4677,2242,2435,1170,564,606,
35100,4680,2316,2364,8188,3984,4204,9358,4556,4802,8188,3898,4290,4679,2243,2436,1170,564,606,
35105,4680,2316,2364,8190,3986,4204,9359,4557,4802,8189,3899,4290,4680,2244,2436,1170,564,606,
35110,4681,2316,2365,8192,3988,4204,9362,4558,4804,8191,3900,4291,4680,2244,2436,1170,564,606,
35115,4682,2317,2365,8192,3988,4204,9362,4558,4804,8192,3901,4291,4680,2244,2436,1170,564,606,
35120,4683,2318,2365,8194,3990,4204,9365,4558,4807,8193,3902,4291,4681,2245,2436,1170,564,606,
35125,4683,2318,2365,8195,3990,4205,9365,4558,4807,8194,3903,4291,4681,2245,2436,1171,565,606,
35130,4684,2318,2366,8195,3990,4205,9366,4558,4808,8195,3903,4292,4683,2247,2436,1171,565,606,
35135,4684,2318,2366,8197,3990,4207,9367,4558,4809,8196,3903,4293,4684,2248,2436,1171,565,606,
35140,4685,2319,2366,8199,3992,4207,9370,4561,4809,8198,3904,4294,4684,2248,2436,1171,565,606,
35145,4686,2319,2367,8199,3992,4207,9370,4561,4809,8199,3904,4295,4684,2248,2436,1171,565,606,
35150,4687,2319,2368,8201,3992,4209,9373,4562,4811,8200,3904,4296,4685,2248,2437,1171,565,606,
35155,4687,2319,2368,8202,3992,4210,9373,4562,4811,8201,3905,4296,4685,2248,2437,1172,566,606,
35160,4688,2320,2368,8202,3992,4210,9374,4562,4812,8202,3905,4297,4687,2248,2439,1172,566,606,
35165,4688,2320,2368,8204,3993,4211,9375,4562,4813,8203,3906,4297,4688,2249,2439,1172,566,606,
35170,4689,2321,2368,8206,3994,4212,9378,4563,4815,8205,3907,4298,4688,2249,2439,1172,566,606,
35175,4690,2321,2369,8206,3994,4212,9378,4563,4815,8206,3907,4299,4688,2249,2439,1172,566,606,
35180,4691,2321,2370,8208,3994,4214,9381,4564,4817,8207,3907,4300,4689,2250,2439,1172,566,606,
35185,4691,2321,2370,8209,3995,4214,9381,4564,4817,8208,3908,4300,4689,2250,2439,1173,566,607,
35190,4692,2322,2370,8209,3995,4214,9382,4564,4818,8209,3908,4301,4691,2251,2440,1173,566,607,
35195,4692,2322,2370,8211,3996,4215,9383,4565,4818,8210,3908,4302,4692,2251,2441,1173,566,607,
35200,4693,2323,2370,8213,3997,4216,9386,4567,4819,8212,3909,4303,4692,2251,2441,1173,566,607,
35205,4694,2323,2371,8213,3997,4216,9386,4567,4819,8213,3910,4303,4692,2251,2441,1173,566,607,
35210,4695,2323,2372,8215,3998,4217,9389,4568,4821,8214,3911,4303,4693,2252,2441,1173,566,607,
35215,4695,2323,2372,8216,3999,4217,9389,4568,4821,8215,3912,4303,4693,2252,2441,1174,566,608,
35220,4696,2323,2373,8216,3999,4217,9390,4569,4821,8216,3913,4303,4695,2254,2441,1174,566,608,
35225,4696,2323,2373,8218,4000,4218,9391,4570,4821,8217,3913,4304,4696,2255,2441,1174,566,608,
35230,4697,2324,2373,8220,4000,4220,9394,4570,4824,8219,3914,4305,4696,2255,2441,1174,566,608,
35235,4698,2324,2374,8220,4000,4220,9394,4570,4824,8220,3914,4306,4696,2255,2441,1174,566,608,
35240,4699,2325,2374,8222,4001,4221,9397,4571,4826,8221,3915,4306,4697,2256,2441,1174,566,608,
35245,4699,2325,2374,8223,4002,4221,9397,4571,4826,8222,3915,4307,4697,2256,2441,1175,566,609,
35250,4700,2326,2374,8223,4002,4221,9398,4571,4827,8223,3916,4307,4699,2258,2441,1175,566,609,
35255,4700,2326,2374,8225,4002,4223,9399,4572,4827,8224,3916,4308,4700,2259,2441,1175,566,609,
35260,4701,2327,2374,8227,4003,4224,9402,4574,4828,8226,3917,4309,4700,2259,2441,1175,566,609,
35265,4702,2327,2375,8227,4003,4224,9402,4574,4828,8227,3918,4309,4700,2259,2441,1175,566,609,
35270,4703,2327,2376,8229,4004,4225,9405,4575,4830,8228,3918,4310,4701,2260,2441,1175,566,609,
35275,4703,2327,2376,8230,4004,4226,9405,4575,4830,8229,3918,4311,4701,2260,2441,1176,567,609,
35280,4704,2327,2377,8230,4004,4226,9406,4575,4831,8230,3918,4312,4703,2260,2443,1176,567,609,
35285,4704,2327,2377,8232,4005,4227,9407,4575,4832,8231,3918,4313,4704,2261,2443,1176,567,609,
35290,4705,2327,2378,8234,4006,4228,9410,4576,4834,8233,3918,4315,4704,2261,2443,1176,567,609,
35295,4706,2328,2378,8234,4006,4228,9410,4576,4834,8234,3919,4315,4704,2261,2443,1176,567,609,
35300,4707,2329,2378,8236,4006,4230,9413,4577,4836,8235,3920,4315,4705,2261,2444,1176,567,609,
35305,4707,2329,2378,8237,4006,4231,9413,4577,4836,8236,3921,4315,4705,2261,2444,1177,568,609,
35310,4708,2329,2379,8237,4006,4231,9414,4578,4836,8237,3921,4316,4707,2261,2446,1177,568,609,
35315,4708,2329,2379,8239,4007,4232,9415,4579,4836,8238,3921,4317,4708,2262,2446,1177,568,609,
35320,4709,2329,2380,8241,4009,4232,9418,4581,4837,8240,3921,4319,4708,2262,2446,1177,568,609,
35325,4710,2330,2380,8241,4009,4232,9418,4581,4837,8241,3921,4320,4708,2262,2446,1177,568,609,
35330,4711,2330,2381,8243,4011,4232,9421,4582,4839,8242,3921,4321,4709,2262,2447,1177,568,609,
35335,4711,2330,2381,8244,4012,4232,9421,4582,4839,8243,3922,4321,4709,2262,2447,1178,568,610,
35340,4712,2330,2382,8244,4012,4232,9422,4582,4840,8244,3923,4321,4711,2263,2448,1178,568,610,
35345,4712,2330,2382,8246,4014,4232,9423,4582,4841,8245,3923,4322,4712,2264,2448,1178,568,610,
35350,4713,2331,2382,8248,4015,4233,9426,4583,4843,8247,3925,4322,4712,2264,2448,1178,568,610,
35355,4714,2331,2383,8248,4015,4233,9426,4583,4843,8248,3925,4323,4712,2264,2448,1178,568,610,
35360,4715,2332,2383,8250,4016,4234,9429,4584,4845,8249,3926,4323,4713,2265,2448,1178,568,610,
35365,4715,2332,2383,8251,4017,4234,9429,4584,4845,8250,3927,4323,4713,2265,2448,1179,568,611,
35370,4716,2333,2383,8251,4017,4234,9430,4584,4846,8251,3928,4323,4715,2265,2450,1179,568,611,
35375,4716,2333,2383,8253,4017,4236,9431,4584,4847,8252,3928,4324,4716,2266,2450,1179,568,611,
35380,4717,2333,2384,8255,4017,4238,9434,4585,4849,8254,3930,4324,4716,2266,2450,1179,568,611,
35385,4718,2334,2384,8255,4017,4238,9434,4585,4849,8255,3930,4325,4716,2266,2450,1179,568,611,
35390,4719,2334,2385,8257,4017,4240,9437,4588,4849,8256,3930,4326,4717,2267,2450,1179,568,611,
35395,4719,2334,2385,8258,4017,4241,9437,4588,4849,8257,3930,4327,4717,2267,2450,1180,568,612,
35400,4720,2335,2385,8258,4017,4241,9438,4589,4849,8258,3931,4327,4719,2267,2452,1180,568,612,
35405,4720,2335,2385,8260,4018,4242,9439,4589,4850,8259,3931,4328,4720,2267,2453,1180,568,612,
35410,4721,2336,2385,8262,4020,4242,9442,4590,4852,8261,3931,4330,4720,2267,2453,1180,568,612,
35415,4722,2336,2386,8262,4020,4242,9442,4590,4852,8262,3932,4330,4720,2267,2453,1180,568,612,
35420,4723,2336,2387,8264,4021,4243,9445,4591,4854,8263,3933,4330,4721,2268,2453,1180,568,612,
35425,4723,2336,2387,8265,4022,4243,9445,4591,4854,8264,3934,4330,4721,2268,2453,1181,568,613,
35430,4724,2337,2387,8265,4022,4243,9446,4591,4855,8265,3935,4330,4723,2269,2454,1181,568,613,
35435,4724,2337,2387,8267,4023,4244,9447,4592,4855,8266,3935,4331,4724,2269,2455,1181,568,613,
35440,4725,2337,2388,8269,4024,4245,9450,4592,4858,8268,3937,4331,4724,2269,2455,1181,568,613,
35445,4726,2337,2389,8269,4024,4245,9450,4592,4858,8269,3937,4332,4724,2269,2455,1181,568,613,
35450,4727,2338,2389,8271,4024,4247,9453,4593,4860,8270,3938,4332,4725,2269,2456,1181,568,613,
35455,4727,2338,2389,8272,4025,4247,9453,4593,4860,8271,3938,4333,4725,2269,2456,1182,568,614,
35460,4728,2338,2390,8272,4025,4247,9454,4593,4861,8272,3939,4333,4727,2269,2458,1182,568,614,
35465,4728,2338,2390,8274,4026,4248,9455,4593,4862,8273,3939,4334,4728,2269,2459,1182,568,614,
35470,4729,2338,2391,8276,4028,4248,9458,4594,4864,8275,3941,4334,4728,2269,2459,1182,568,614,
35475,4730,2338,2392,8276,4028,4248,9458,4594,4864,8276,3942,4334,4728,2269,2459,1182,568,614,
35480,4731,2339,2392,8278,4029,4249,9461,4596,4865,8277,3942,4335,4729,2269,2460,1182,568,614,
35485,4731,2339,2392,8279,4029,4250,9461,4596,4865,8278,3943,4335,4729,2269,2460,1183,568,615,
35490,4732,2340,2392,8279,4029,4250,9462,4597,4865,8279,3944,4335,4731,2270,2461,1183,568,615,
35495,4732,2340,2392,8281,4029,4252,9463,4597,4866,8280,3944,4336,4732,2270,2462,1183,568,615,
35500,4733,2340,2393,8283,4030,4253,9466,4598,4868,8282,3945,4337,4732,2270,2462,1183,568,615,
35505,4734,2341,2393,8283,4030,4253,9466,4598,4868,8283,3946,4337,4732,2270,2462,1183,568,615,
35510,4735,2341,2394,8285,4030,4255,9469,4601,4868,8284,3947,4337,4733,2271,2462,1183,568,615,
35515,4735,2341,2394,8286,4030,4256,9469,4601,4868,8285,3947,4338,4733,2271,2462,1184,568,616,
35520,4736,2342,2394,8286,4030,4256,9470,4602,4868,8286,3948,4338,4735,2272,2463,1184,568,616,
35525,4736,2342,2394,8288,4031,4257,9471,4602,4869,8287,3949,4338,4736,2273,2463,1184,568,616,
35530,4737,2342,2395,8290,4031,4259,9474,4603,4871,8289,3951,4338,4736,2273,2463,1184,568,616,
35535,4738,2342,2396,8290,4031,4259,9474,4603,4871,8290,3951,4339,4736,2273,2463,1184,568,616,
35540,4739,2343,2396,8292,4032,4260,9477,4603,4874,8291,3951,4340,4737,2274,2463,1184,568,616,
35545,4739,2343,2396,8293,4032,4261,9477,4603,4874,8292,3951,4341,4737,2274,2463,1185,568,617,
35550,4740,2343,2397,8293,4032,4261,9478,4604,4874,8293,3951,4342,4739,2275,2464,1185,568,617,
35555,4740,2343,2397,8295,4034,4261,9479,4604,4875,8294,3952,4342,4740,2276,2464,1185,568,617,
35560,4741,2343,2398,8297,4035,4262,9482,4605,4877,8296,3953,4343,4740,2276,2464,1185,568,617,
35565,4742,2344,2398,8297,4035,4262,9482,4605,4877,8297,3954,4343,4740,2276,2464,1185,568,617,
35570,4743,2344,2399,8299,4037,4262,9485,4605,4880,8298,3955,4343,4741,2277,2464,1185,568,617,
35575,4743,2344,2399,8300,4037,4263,9485,4605,4880,8299,3955,4344,4741,2277,2464,1186,569,617,
35580,4744,2344,2400,8300,4037,4263,9486,4606,4880,8300,3955,4345,4743,2278,2465,1186,569,617,
35585,4744,2344,2400,8302,4037,4265,9487,4606,4881,8301,3956,4345,4744,2279,2465,1186,569,617,
35590,4745,2345,2400,8304,4037,4267,9490,4607,4883,8303,3958,4345,4744,2279,2465,1186,569,617,
35595,4746,2345,2401,8304,4037,4267,9490,4607,4883,8304,3959,4345,4744,2279,2465,1186,569,617,
35600,4747,2346,2401,8306,4039,4267,9493,4607,4886,8305,3959,4346,4745,2279,2466,1186,569,617,
35605,4747,2346,2401,8307,4040,4267,9493,4607,4886,8306,3960,4346,4745,2279,2466,1187,570,617,
35610,4748,2346,2402,8307,4040,4267,9494,4608,4886,8307,3961,4346,4747,2281,2466,1187,570,617,
35615,4748,2346,2402,8309,4042,4267,9495,4609,4886,8308,3962,4346,4748,2281,2467,1187,570,617,
35620,4749,2346,2403,8311,4042,4269,9498,4612,4886,8310,3963,4347,4748,2281,2467,1187,570,617,
35625,4750,2346,2404,8311,4042,4269,9498,4612,4886,8311,3963,4348,4748,2281,2467,1187,570,617,
35630,4751,2347,2404,8313,4044,4269,9501,4612,4889,8312,3963,4349,4749,2281,2468,1187,570,617,
35635,4751,2347,2404,8314,4045,4269,9501,4612,4889,8313,3963,4350,4749,2281,2468,1188,571,617,
35640,4752,2347,2405,8314,4045,4269,9502,4612,4890,8314,3964,4350,4751,2283,2468,1188,571,617,
35645,4752,2347,2405,8316,4047,4269,9503,4612,4891,8315,3964,4351,4752,2283,2469,1188,571,617,
35650,4753,2347,2406,8318,4047,4271,9506,4613,4893,8317,3965,4352,4752,2283,2469,1188,571,617,
35655,4754,2347,2407,8318,4047,4271,9506,4613,4893,8318,3965,4353,4752,2283,2469,1188,571,617,
35660,4755,2347,2408,8320,4048,4272,9509,4615,4894,8319,3965,4354,4753,2283,2470,1188,571,617,
35665,4755,2347,2408,8321,4048,4273,9509,4615,4894,8320,3965,4355,4753,2283,2470,1189,572,617,
35670,4756,2347,2409,8321,4048,4273,9510,4615,4895,8321,3966,4355,4755,2284,2471,1189,572,617,
35675,4756,2347,2409,8323,4050,4273,9511,4615,4896,8322,3967,4355,4756,2285,2471,1189,572,617,
35680,4757,2348,2409,8325,4050,4275,9514,4616,4898,8324,3968,4356,4756,2285,2471,1189,572,617,
35685,4758,2349,2409,8325,4050,4275,9514,4616,4898,8325,3968,4357,4756,2285,2471,1189,572,617,
35690,4759,2349,2410,8327,4052,4275,9517,4617,4900,8326,3969,4357,4757,2285,2472,1189,572,617,
35695,4759,2349,2410,8328,4052,4276,9517,4617,4900,8327,3970,4357,4757,2285,2472,1190,572,618,
35700,4760,2350,2410,8328,4052,4276,9518,4618,4900,8328,3971,4357,4759,2285,2474,1190,572,618,
35705,4760,2350,2410,8330,4052,4278,9519,4618,4901,8329,3971,4358,4760,2286,2474,1190,572,618,
35710,4761,2350,2411,8332,4053,4279,9522,4620,4902,8331,3972,4359,4760,2286,2474,1190,572,618,
35715,4762,2351,2411,8332,4053,4279,9522,4620,4902,8332,3972,4360,4760,2286,2474,1190,572,618,
35720,4763,2352,2411,8334,4054,4280,9525,4622,4903,8333,3972,4361,4761,2287,2474,1190,572,618,
35725,4763,2352,2411,8335,4054,4281,9525,4622,4903,8334,3972,4362,4761,2287,2474,1191,572,619,
35730,4764,2353,2411,8335,4054,4281,9526,4622,4904,8335,3973,4362,4763,2289,2474,1191,572,619,
35735,4764,2353,2411,8337,4056,4281,9527,4622,4905,8336,3973,4363,4764,2289,2475,1191,572,619,
35740,4765,2354,2411,8339,4056,4283,9530,4624,4906,8338,3974,4364,4764,2289,2475,1191,572,619,
35745,4766,2354,2412,8339,4056,4283,9530,4624,4906,8339,3974,4365,4764,2289,2475,1191,572,619,
35750,4767,2354,2413,8341,4056,4285,9533,4625,4908,8340,3974,4366,4765,2290,2475,1191,572,619,
35755,4767,2354,2413,8342,4056,4286,9533,4625,4908,8341,3974,4367,4765,2290,2475,1192,572,620,
35760,4768,2355,2413,8342,4056,4286,9534,4626,4908,8342,3975,4367,4767,2290,2477,1192,572,620,
35765,4768,2355,2413,8344,4057,4287,9535,4626,4909,8343,3976,4367,4768,2290,2478,1192,572,620,
35770,4769,2355,2414,8346,4059,4287,9538,4626,4912,8345,3978,4367,4768,2290,2478,1192,572,620,
35775,4770,2356,2414,8346,4059,4287,9538,4626,4912,8346,3979,4367,4768,2290,2478,1192,572,620,
35780,4771,2357,2414,8348,4060,4288,9541,4627,4914,8347,3979,4368,4769,2290,2479,1192,572,620,
35785,4771,2357,2414,8349,4061,4288,9541,4627,4914,8348,3979,4369,4769,2290,2479,1193,573,620,
35790,4772,2357,2415,8349,4061,4288,9542,4627,4915,8349,3980,4369,4771,2291,2480,1193,573,620,
35795,4772,2357,2415,8351,4062,4289,9543,4627,4916,8350,3980,4370,4772,2291,2481,1193,573,620,
35800,4773,2357,2416,8353,4064,4289,9546,4628,4918,8352,3980,4372,4772,2291,2481,1193,573,620,
35805,4774,2357,2417,8353,4064,4289,9546,4628,4918,8353,3981,4372,4772,2291,2481,1193,573,620,
35810,4775,2358,2417,8355,4064,4291,9549,4629,4920,8354,3981,4373,4773,2292,2481,1193,573,620,
35815,4775,2358,2417,8356,4065,4291,9549,4629,4920,8355,3981,4374,4773,2292,2481,1194,573,621,
35820,4776,2359,2417,8356,4065,4291,9550,4630,4920,8356,3982,4374,4775,2293,2482,1194,573,621,
35825,4776,2359,2417,8358,4066,4292,9551,4630,4921,8357,3983,4374,4776,2293,2483,1194,573,621,
35830,4777,2360,2417,8360,4067,4293,9554,4632,4922,8359,3983,4376,4776,2293,2483,1194,573,621,
35835,4778,2360,2418,8360,4067,4293,9554,4632,4922,8360,3983,4377,4776,2293,2483,1194,573,621,
35840,4779,2361,2418,8362,4069,4293,9557,4634,4923,8361,3983,4378,4777,2294,2483,1194,573,621,
35845,4779,2361,2418,8363,4070,4293,9557,4634,4923,8362,3984,4378,4777,2294,2483,1195,574,621,
35850,4780,2361,2419,8363,4070,4293,9558,4634,4924,8363,3985,4378,4779,2295,2484,1195,574,621,
35855,4780,2361,2419,8365,4070,4295,9559,4635,4924,8364,3985,4379,4780,2295,2485,1195,574,621,
35860,4781,2361,2420,8367,4070,4297,9562,4637,4925,8366,3986,4380,4780,2295,2485,1195,574,621,
35865,4782,2362,2420,8367,4070,4297,9562,4637,4925,8367,3987,4380,4780,2295,2485,1195,574,621,
35870,4783,2363,2420,8369,4071,4298,9565,4639,4926,8368,3988,4380,4781,2295,2486,1195,574,621,
35875,4783,2363,2420,8370,4072,4298,9565,4639,4926,8369,3989,4380,4781,2295,2486,1196,575,621,
35880,4784,2363,2421,8370,4072,4298,9566,4639,4927,8370,3990,4380,4783,2296,2487,1196,575,621,
35885,4784,2363,2421,8372,4073,4299,9567,4640,4927,8371,3991,4380,4784,2297,2487,1196,575,621,
35890,4785,2364,2421,8374,4073,4301,9570,4641,4929,8373,3992,4381,4784,2297,2487,1196,575,621,
35895,4786,2365,2421,8374,4073,4301,9570,4641,4929,8374,3993,4381,4784,2297,2487,1196,575,621,
35900,4787,2365,2422,8376,4074,4302,9573,4642,4931,8375,3993,4382,4785,2298,2487,1196,575,621,
35905,4787,2365,2422,8377,4074,4303,9573,4642,4931,8376,3994,4382,4785,2298,2487,1197,575,622,
35910,4788,2366,2422,8377,4074,4303,9574,4643,4931,8377,3994,4383,4787,2299,2488,1197,575,622,
35915,4788,2366,2422,8379,4076,4303,9575,4643,4932,8378,3994,4384,4788,2299,2489,1197,575,622,
35920,4789,2367,2422,8381,4078,4303,9578,4643,4935,8380,3994,4386,4788,2299,2489,1197,575,622,
35925,4790,2368,2422,8381,4078,4303,9578,4643,4935,8381,3995,4386,4788,2299,2489,1197,575,622,
35930,4791,2369,2422,8383,4079,4304,9581,4645,4936,8382,3995,4387,4789,2299,2490,1197,575,622,
35935,4791,2369,2422,8384,4079,4305,9581,4645,4936,8383,3995,4388,4789,2299,2490,1198,575,623,
35940,4792,2370,2422,8384,4079,4305,9582,4645,4937,8384,3995,4389,4791,2299,2492,1198,575,623,
35945,4792,2370,2422,8386,4080,4306,9583,4645,4938,8385,3996,4389,4792,2299,2493,1198,575,623,
35950,4793,2371,2422,8388,4080,4308,9586,4647,4939,8387,3997,4390,4792,2299,2493,1198,575,623,
35955,4794,2371,2423,8388,4080,4308,9586,4647,4939,8388,3998,4390,4792,2299,2493,1198,575,623,
35960,4795,2372,2423,8390,4081,4309,9589,4650,4939,8389,3998,4391,4793,2300,2493,1198,575,623,
35965,4795,2372,2423,8391,4081,4310,9589,4650,4939,8390,3998,4392,4793,2300,2493,1199,576,623,
35970,4796,2373,2423,8391,4081,4310,9590,4650,4940,8391,3999,4392,4795,2300,2495,1199,576,623,
35975,4796,2373,2423,8393,4081,4312,9591,4650,4941,8392,3999,4393,4796,2301,2495,1199,576,623,
35980,4797,2373,2424,8395,4082,4313,9594,4651,4943,8394,4000,4394,4796,2301,2495,1199,576,623,
35985,4798,2373,2425,8395,4082,4313,9594,4651,4943,8395,4000,4395,4796,2301,2495,1199,576,623,
35990,4799,2373,2426,8397,4083,4314,9597,4653,4944,8396,4000,4396,4797,2301,2496,1199,576,623,
35995,4799,2373,2426,8398,4084,4314,9597,4653,4944,8397,4001,4396,4797,2301,2496,1200,576,624,
36000,4800,2373,2427,8398,4084,4314,9598,4653,4945,8398,4002,4396,4799,2301,2498,1200,576,624,
36005,4800,2373,2427,8400,4085,4315,9599,4653,4946,8399,4003,4396,4800,2301,2499,1200,576,624,
36010,4801,2373,2428,8402,4085,4317,9602,4654,4948,8401,4004,4397,4800,2301,2499,1200,576,624,
36015,4802,2373,2429,8402,4085,4317,9602,4654,4948,8402,4004,4398,4800,2301,2499,1200,576,624,
36020,4803,2373,2430,8404,4085,4319,9605,4655,4950,8403,4005,4398,4801,2302,2499,1200,576,624,
36025,4803,2373,2430,8405,4085,4320,9605,4655,4950,8404,4005,4399,4801,2302,2499,1201,576,625,
36030,4804,2374,2430,8405,4085,4320,9606,4655,4951,8405,4006,4399,4803,2303,2500,1201,576,625,
36035,4804,2374,2430,8407,4086,4321,9607,4656,4951,8406,4006,4400,4804,2303,2501,1201,576,625,
36040,4805,2374,2431,8409,4088,4321,9610,4658,4952,8408,4007,4401,4804,2303,2501,1201,576,625,
36045,4806,2374,2432,8409,4088,4321,9610,4658,4952,8409,4007,4402,4804,2303,2501,1201,576,625,
36050,4807,2375,2432,8411,4089,4322,9613,4659,4954,8410,4008,4402,4805,2304,2501,1201,576,625,
36055,4807,2375,2432,8412,4089,4323,9613,4659,4954,8411,4008,4403,4805,2304,2501,1202,577,625,
36060,4808,2375,2433,8412,4089,4323,9614,4659,4955,8412,4008,4404,4807,2305,2502,1202,577,625,
36065,4808,2375,2433,8414,4090,4324,9615,4660,4955,8413,4008,4405,4808,2306,2502,1202,577,625,
36070,4809,2375,2434,8416,4091,4325,9618,4662,4956,8415,4009,4406,4808,2306,2502,1202,577,625,
36075,4810,2376,2434,8416,4091,4325,9618,4662,4956,8416,4010,4406,4808,2306,2502,1202,577,625,
36080,4811,2376,2435,8418,4093,4325,9621,4663,4958,8417,4010,4407,4809,2306,2503,1202,577,625,
36085,4811,2376,2435,8419,4094,4325,9621,4663,4958,8418,4010,4408,4809,2306,2503,1203,578,625,
36090,4812,2377,2435,8419,4094,4325,9622,4663,4959,8419,4011,4408,4811,2308,2503,1203,578,625,
36095,4812,2377,2435,8421,4095,4326,9623,4663,4960,8420,4012,4408,4812,2308,2504,1203,578,625,
36100,4813,2377,2436,8423,4097,4326,9626,4664,4962,8422,4014,4408,4812,2308,2504,1203,578,625,
36105,4814,2377,2437,8423,4097,4326,9626,4664,4962,8423,4015,4408,4812,2308,2504,1203,578,625,
36110,4815,2377,2438,8425,4099,4326,9629,4666,4963,8424,4016,4408,4813,2309,2504,1203,578,625,
36115,4815,2377,2438,8426,4099,4327,9629,4666,4963,8425,4016,4409,4813,2309,2504,1204,579,625,
36120,4816,2378,2438,8426,4099,4327,9630,4667,4963,8426,4016,4410,4815,2310,2505,1204,579,625,
36125,4816,2378,2438,8428,4100,4328,9631,4668,4963,8427,4017,4410,4816,2310,2506,1204,579,625,
36130,4817,2379,2438,8430,4100,4330,9634,4669,4965,8429,4018,4411,4816,2310,2506,1204,579,625,
36135,4818,2380,2438,8430,4100,4330,9634,4669,4965,8430,4018,4412,4816,2310,2506,1204,579,625,
36140,4819,2380,2439,8432,4102,4330,9637,4671,4966,8431,4019,4412,4817,2310,2507,1204,579,625,
36145,4819,2380,2439,8433,4103,4330,9637,4671,4966,8432,4020,4412,4817,2310,2507,1205,580,625,
36150,4820,2380,2440,8433,4103,4330,9638,4671,4967,8433,4021,4412,4819,2312,2507,1205,580,625,
36155,4820,2380,2440,8435,4105,4330,9639,4672,4967,8434,4021,4413,4820,2313,2507,1205,580,625,
36160,4821,2380,2441,8437,4106,4331,9642,4673,4969,8436,4023,4413,4820,2313,2507,1205,580,625,
36165,4822,2381,2441,8437,4106,4331,9642,4673,4969,8437,4024,4413,4820,2313,2507,1205,580,625,
36170,4823,2382,2441,8439,4107,4332,9645,4674,4971,8438,4025,4413,4821,2313,2508,1205,580,625,
36175,4823,2382,2441,8440,4108,4332,9645,4674,4971,8439,4026,4413,4821,2313,2508,1206,580,626,
36180,4824,2382,2442,8440,4108,4332,9646,4674,4972,8440,4027,4413,4823,2315,2508,1206,580,626,
36185,4824,2382,2442,8442,4110,4332,9647,4674,4973,8441,4028,4413,4824,2316,2508,1206,580,626,
36190,4825,2383,2442,8444,4111,4333,9650,4674,4976,8443,4028,4415,4824,2316,2508,1206,580,626,
36195,4826,2384,2442,8444,4111,4333,9650,4674,4976,8444,4028,4416,4824,2316,2508,1206,580,626,
36200,4827,2384,2443,8446,4113,4333,9653,4676,4977,8445,4029,4416,4825,2317,2508,1206,580,626,
36205,4827,2384,2443,8447,4114,4333,9653,4676,4977,8446,4029,4417,4825,2317,2508,1207,580,627,
36210,4828,2384,2444,8447,4114,4333,9654,4676,4978,8447,4030,4417,4827,2318,2509,1207,580,627,
36215,4828,2384,2444,8449,4115,4334,9655,4676,4979,8448,4031,4417,4828,2319,2509,1207,580,627,
36220,4829,2385,2444,8451,4116,4335,9658,4677,4981,8450,4031,4419,4828,2319,2509,1207,580,627,
36225,4830,2385,2445,8451,4116,4335,9658,4677,4981,8451,4032,4419,4828,2319,2509,1207,580,627,
36230,4831,2385,2446,8453,4118,4335,9661,4679,4982,8452,4033,4419,4829,2319,2510,1207,580,627,
36235,4831,2385,2446,8454,4118,4336,9661,4679,4982,8453,4034,4419,4829,2319,2510,1208,581,627,
36240,4832,2386,2446,8454,4118,4336,9662,4679,4983,8454,4035,4419,4831,2319,2512,1208,581,627,
36245,4832,2386,2446,8456,4118,4338,9663,4680,4983,8455,4036,4419,4832,2319,2513,1208,581,627,
36250,4833,2386,2447,8458,4119,4339,9666,4682,4984,8457,4038,4419,4832,2319,2513,1208,581,627,
36255,4834,2386,2448,8458,4119,4339,9666,4682,4984,8458,4039,4419,4832,2319,2513,1208,581,627,
36260,4835,2386,2449,8460,4120,4340,9669,4683,4986,8459,4040,4419,4833,2319,2514,1208,581,627,
36265,4835,2386,2449,8461,4120,4341,9669,4683,4986,8460,4040,4420,4833,2319,2514,1209,581,628,
36270,4836,2387,2449,8461,4120,4341,9670,4683,4987,8461,4040,4421,4835,2320,2515,1209,581,628,
36275,4836,2387,2449,8463,4120,4343,9671,4683,4988,8462,4041,4421,4836,2320,2516,1209,581,628,
36280,4837,2388,2449,8465,4120,4345,9674,4684,4990,8464,4042,4422,4836,2320,2516,1209,581,628,
36285,4838,2388,2450,8465,4120,4345,9674,4684,4990,8465,4042,4423,4836,2320,2516,1209,581,628,
36290,4839,2389,2450,8467,4120,4347,9677,4685,4992,8466,4042,4424,4837,2320,2517,1209,581,628,
36295,4839,2389,2450,8468,4120,4348,9677,4685,4992,8467,4043,4424,4837,2320,2517,1210,581,629,
36300,4840,2389,2451,8468,4120,4348,9678,4685,4993,8468,4044,4424,4839,2320,2519,1210,581,629,
36305,4840,2389,2451,8470,4121,4349,9679,4685,4994,8469,4044,4425,4840,2320,2520,1210,581,629,
36310,4841,2389,2452,8472,4121,4351,9682,4687,4995,8471,4044,4427,4840,2320,2520,1210,581,629,
36315,4842,2389,2453,8472,4121,4351,9682,4687,4995,8472,4045,4427,4840,2320,2520,1210,581,629,
36320,4843,2389,2454,8474,4123,4351,9685,4688,4997,8473,4045,4428,4841,2321,2520,1210,581,629,
36325,4843,2389,2454,8475,4123,4352,9685,4688,4997,8474,4045,4429,4841,2321,2520,1211,581,630,
36330,4844,2390,2454,8475,4123,4352,9686,4689,4997,8475,4045,4430,4843,2323,2520,1211,581,630,
36335,4844,2390,2454,8477,4124,4353,9687,4690,4997,8476,4045,4431,4844,2323,2521,1211,581,630,
36340,4845,2391,2454,8479,4125,4354,9690,4692,4998,8478,4047,4431,4844,2323,2521,1211,581,630,
36345,4846,2392,2454,8479,4125,4354,9690,4692,4998,8479,4047,4432,4844,2323,2521,1211,581,630,
36350,4847,2393,2454,8481,4126,4355,9693,4694,4999,8480,4048,4432,4845,2323,2522,1211,581,630,
36355,4847,2393,2454,8482,4127,4355,9693,4694,4999,8481,4049,4432,4845,2323,2522,1212,582,630,
36360,4848,2393,2455,8482,4127,4355,9694,4694,5000,8482,4049,4433,4847,2325,2522,1212,582,630,
36365,4848,2393,2455,8484,4128,4356,9695,4694,5001,8483,4049,4434,4848,2325,2523,1212,582,630,
36370,4849,2394,2455,8486,4130,4356,9698,4695,5003,8485,4050,4435,4848,2325,2523,1212,582,630,
36375,4850,2395,2455,8486,4130,4356,9698,4695,5003,8486,4051,4435,4848,2325,2523,1212,582,630,
36380,4851,2396,2455,8488,4131,4357,9701,4696,5005,8487,4052,4435,4849,2325,2524,1212,582,630,
36385,4851,2396,2455,8489,4132,4357,9701,4696,5005,8488,4053,4435,4849,2325,2524,1213,583,630,
36390,4852,2397,2455,8489,4132,4357,9702,4697,5005,8489,4053,4436,4851,2326,2525,1213,583,630,
36395,4852,2397,2455,8491,4132,4359,9703,4698,5005,8490,4053,4437,4852,2326,2526,1213,583,630,
36400,4853,2398,2455,8493,4134,4359,9706,4699,5007,8492,4054,4438,4852,2326,2526,1213,583,630,
36405,4854,2398,2456,8493,4134,4359,9706,4699,5007,8493,4054,4439,4852,2326,2526,1213,583,630,
36410,4855,2398,2457,8495,4135,4360,9709,4700,5009,8494,4055,4439,4853,2326,2527,1213,583,630,
36415,4855,2398,2457,8496,4136,4360,9709,4700,5009,8495,4056,4439,4853,2326,2527,1214,583,631,
36420,4856,2398,2458,8496,4136,4360,9710,4701,5009,8496,4056,4440,4855,2326,2529,1214,583,631,
36425,4856,2398,2458,8498,4137,4361,9711,4702,5009,8497,4057,4440,4856,2326,2530,1214,583,631,
36430,4857,2398,2459,8500,4139,4361,9714,4702,5012,8499,4059,4440,4856,2326,2530,1214,583,631,
36435,4858,2398,2460,8500,4139,4361,9714,4702,5012,8500,4059,4441,4856,2326,2530,1214,583,631,
36440,4859,2398,2461,8502,4139,4363,9717,4703,5014,8501,4059,4442,4857,2327,2530,1214,583,631,
36445,4859,2398,2461,8503,4139,4364,9717,4703,5014,8502,4060,4442,4857,2327,2530,1215,584,631,
36450,4860,2398,2462,8503,4139,4364,9718,4704,5014,8503,4061,4442,4859,2328,2531,1215,584,631,
36455,4860,2398,2462,8505,4140,4365,9719,4705,5014,8504,4062,4442,4860,2329,2531,1215,584,631,
36460,4861,2399,2462,8507,4141,4366,9722,4705,5017,8506,4063,4443,4860,2329,2531,1215,584,631,
36465,4862,2399,2463,8507,4141,4366,9722,4705,5017,8507,4064,4443,4860,2329,2531,1215,584,631,
36470,4863,2400,2463,8509,4143,4366,9725,4707,5018,8508,4064,4444,4861,2329,2532,1215,584,631,
36475,4863,2400,2463,8510,4143,4367,9725,4707,5018,8509,4064,4445,4861,2329,2532,1216,584,632,
36480,4864,2401,2463,8510,4143,4367,9726,4708,5018,8510,4065,4445,4863,2330,2533,1216,584,632,
36485,4864,2401,2463,8512,4144,4368,9727,4708,5019,8511,4066,4445,4864,2330,2534,1216,584,632,
36490,4865,2401,2464,8514,4145,4369,9730,4709,5021,8513,4067,4446,4864,2330,2534,1216,584,632,
36495,4866,2401,2465,8514,4145,4369,9730,4709,5021,8514,4067,4447,4864,2330,2534,1216,584,632,
36500,4867,2401,2466,8516,4146,4370,9733,4710,5023,8515,4067,4448,4865,2331,2534,1216,584,632,
36505,4867,2401,2466,8517,4147,4370,9733,4710,5023,8516,4067,4449,4865,2331,2534,1217,584,633,
36510,4868,2402,2466,8517,4147,4370,9734,4710,5024,8517,4067,4450,4867,2332,2535,1217,584,633,
36515,4868,2402,2466,8519,4149,4370,9735,4710,5025,8518,4068,4450,4868,2333,2535,1217,584,633,
36520,4869,2403,2466,8521,4150,4371,9738,4711,5027,8520,4069,4451,4868,2333,2535,1217,584,633,
36525,4870,2404,2466,8521,4150,4371,9738,4711,5027,8521,4070,4451,4868,2333,2535,1217,584,633,
36530,4871,2405,2466,8523,4152,4371,9741,4713,5028,8522,4070,4452,4869,2333,2536,1217,584,633,
36535,4871,2405,2466,8524,4153,4371,9741,4713,5028,8523,4070,4453,4869,2333,2536,1218,584,634,
36540,4872,2406,2466,8524,4153,4371,9742,4713,5029,8524,4071,4453,4871,2334,2537,1218,584,634,
36545,4872,2406,2466,8526,4153,4373,9743,4713,5030,8525,4072,4453,4872,2335,2537,1218,584,634,
36550,4873,2407,2466,8528,4155,4373,9746,4713,5033,8527,4072,4455,4872,2335,2537,1218,584,634,
36555,4874,2407,2467,8528,4155,4373,9746,4713,5033,8528,4073,4455,4872,2335,2537,1218,584,634,
36560,4875,2408,2467,8530,4156,4374,9749,4715,5034,8529,4074,4455,4873,2335,2538,1218,584,634,
36565,4875,2408,2467,8531,4157,4374,9749,4715,5034,8530,4075,4455,4873,2335,2538,1219,585,634,
36570,4876,2408,2468,8531,4157,4374,9750,4716,5034,8531,4075,4456,4875,2337,2538,1219,585,634,
36575,4876,2408,2468,8533,4158,4375,9751,4716,5035,8532,4076,4456,4876,2337,2539,1219,585,634,
36580,4877,2408,2469,8535,4159,4376,9754,4719,5035,8534,4076,4458,4876,2337,2539,1219,585,634,
36585,4878,2408,2470,8535,4159,4376,9754,4719,5035,8535,4076,4459,4876,2337,2539,1219,585,634,
36590,4879,2408,2471,8537,4160,4377,9757,4721,5036,8536,4076,4460,4877,2338,2539,1219,585,634,
36595,4879,2408,2471,8538,4161,4377,9757,4721,5036,8537,4076,4461,4877,2338,2539,1220,585,635,
36600,4880,2409,2471,8538,4161,4377,9758,4722,5036,8538,4076,4462,4879,2339,2540,1220,585,635,
36605,4880,2409,2471,8540,4161,4379,9759,4722,5037,8539,4076,4463,4880,2339,2541,1220,585,635,
36610,4881,2410,2471,8542,4163,4379,9762,4723,5039,8541,4077,4464,4880,2339,2541,1220,585,635,
36615,4882,2411,2471,8542,4163,4379,9762,4723,5039,8542,4077,4465,4880,2339,2541,1220,585,635,
36620,4883,2412,2471,8544,4164,4380,9765,4725,5040,8543,4078,4465,4881,2340,2541,1220,585,635,
36625,4883,2412,2471,8545,4165,4380,9765,4725,5040,8544,4078,4466,4881,2340,2541,1221,585,636,
36630,4884,2413,2471,8545,4165,4380,9766,4725,5041,8545,4079,4466,4883,2340,2543,1221,585,636,
36635,4884,2413,2471,8547,4167,4380,9767,4725,5042,8546,4079,4467,4884,2340,2544,1221,585,636,
36640,4885,2414,2471,8549,4167,4382,9770,4727,5043,8548,4080,4468,4884,2340,2544,1221,585,636,
36645,4886,2414,2472,8549,4167,4382,9770,4727,5043,8549,4081,4468,4884,2340,2544,1221,585,636,
36650,4887,2414,2473,8551,4167,4384,9773,4728,5045,8550,4081,4469,4885,2341,2544,1221,585,636,
36655,4887,2414,2473,8552,4168,4384,9773,4728,5045,8551,4081,4470,4885,2341,2544,1222,586,636,
36660,4888,2415,2473,8552,4168,4384,9774,4728,5046,8552,4082,4470,4887,2342,2545,1222,586,636,
36665,4888,2415,2473,8554,4169,4385,9775,4728,5047,8553,4083,4470,4888,2342,2546,1222,586,636,
36670,4889,2416,2473,8556,4169,4387,9778,4730,5048,8555,4084,4471,4888,2342,2546,1222,586,636,
36675,4890,2416,2474,8556,4169,4387,9778,4730,5048,8556,4084,4472,4888,2342,2546,1222,586,636,
36680,4891,2417,2474,8558,4169,4389,9781,4732,5049,8557,4084,4473,4889,2343,2546,1222,586,636,
36685,4891,2417,2474,8559,4169,4390,9781,4732,5049,8558,4085,4473,4889,2343,2546,1223,587,636,
36690,4892,2417,2475,8559,4169,4390,9782,4733,5049,8559,4085,4474,4891,2343,2548,1223,587,636,
36695,4892,2417,2475,8561,4170,4391,9783,4733,5050,8560,4086,4474,4892,2344,2548,1223,587,636,
36700,4893,2418,2475,8563,4171,4392,9786,4735,5051,8562,4087,4475,4892,2344,2548,1223,587,636,
36705,4894,2418,2476,8563,4171,4392,9786,4735,5051,8563,4087,4476,4892,2344,2548,1223,587,636,
36710,4895,2419,2476,8565,4173,4392,9789,4737,5052,8564,4087,4477,4893,2345,2548,1223,587,636,
36715,4895,2419,2476,8566,4173,4393,9789,4737,5052,8565,4087,4478,4893,2345,2548,1224,587,637,
36720,4896,2420,2476,8566,4173,4393,9790,4737,5053,8566,4087,4479,4895,2346,2549,1224,587,637,
36725,4896,2420,2476,8568,4174,4394,9791,4738,5053,8567,4088,4479,4896,2347,2549,1224,587,637,
36730,4897,2420,2477,8570,4175,4395,9794,4739,5055,8569,4088,4481,4896,2347,2549,1224,587,637,
36735,4898,2421,2477,8570,4175,4395,9794,4739,5055,8570,4088,4482,4896,2347,2549,1224,587,637,
36740,4899,2421,2478,8572,4176,4396,9797,4741,5056,8571,4088,4483,4897,2348,2549,1224,587,637,
36745,4899,2421,2478,8573,4177,4396,9797,4741,5056,8572,4088,4484,4897,2348,2549,1225,588,637,
36750,4900,2422,2478,8573,4177,4396,9798,4742,5056,8573,4088,4485,4899,2348,2551,1225,588,637,
36755,4900,2422,2478,8575,4178,4397,9799,4743,5056,8574,4089,4485,4900,2348,2552,1225,588,637,
36760,4901,2422,2479,8577,4179,4398,9802,4744,5058,8576,4090,4486,4900,2348,2552,1225,588,637,
36765,4902,2422,2480,8577,4179,4398,9802,4744,5058,8577,4090,4487,4900,2348,2552,1225,588,637,
36770,4903,2423,2480,8579,4180,4399,9805,4747,5058,8578,4091,4487,4901,2349,2552,1225,588,637,
36775,4903,2423,2480,8580,4180,4400,9805,4747,5058,8579,4091,4488,4901,2349,2552,1226,588,638,
36780,4904,2424,2480,8580,4180,4400,9806,4748,5058,8580,4091,4489,4903,2350,2553,1226,588,638,
36785,4904,2424,2480,8582,4182,4400,9807,4749,5058,8581,4091,4490,4904,2350,2554,1226,588,638,
36790,4905,2424,2481,8584,4184,4400,9810,4750,5060,8583,4091,4492,4904,2350,2554,1226,588,638,
36795,4906,2425,2481,8584,4184,4400,9810,4750,5060,8584,4091,4493,4904,2350,2554,1226,588,638,
36800,4907,2426,2481,8586,4185,4401,9813,4751,5062,8585,4091,4494,4905,2351,2554,1226,588,638,
36805,4907,2426,2481,8587,4186,4401,9813,4751,5062,8586,4092,4494,4905,2351,2554,1227,589,638,
36810,4908,2427,2481,8587,4186,4401,9814,4752,5062,8587,4093,4494,4907,2353,2554,1227,589,638,
36815,4908,2427,2481,8589,4188,4401,9815,4752,5063,8588,4093,4495,4908,2353,2555,1227,589,638,
36820,4909,2428,2481,8591,4189,4402,9818,4754,5064,8590,4095,4495,4908,2353,2555,1227,589,638,
36825,4910,2429,2481,8591,4189,4402,9818,4754,5064,8591,4095,4496,4908,2353,2555,1227,589,638,
36830,4911,2429,2482,8593,4190,4403,9821,4754,5067,8592,4095,4497,4909,2354,2555,1227,589,638,
36835,4911,2429,2482,8594,4191,4403,9821,4754,5067,8593,4096,4497,4909,2354,2555,1228,590,638,
36840,4912,2430,2482,8594,4191,4403,9822,4754,5068,8594,4096,4498,4911,2356,2555,1228,590,638,
36845,4912,2430,2482,8596,4192,4404,9823,4754,5069,8595,4096,4499,4912,2357,2555,1228,590,638,
36850,4913,2430,2483,8598,4193,4405,9826,4754,5072,8597,4097,4500,4912,2357,2555,1228,590,638,
36855,4914,2431,2483,8598,4193,4405,9826,4754,5072,8598,4098,4500,4912,2357,2555,1228,590,638,
36860,4915,2432,2483,8600,4195,4405,9829,4756,5073,8599,4099,4500,4913,2357,2556,1228,590,638,
36865,4915,2432,2483,8601,4196,4405,9829,4756,5073,8600,4100,4500,4913,2357,2556,1229,591,638,
36870,4916,2433,2483,8601,4196,4405,9830,4756,5074,8601,4100,4501,4915,2357,2558,1229,591,638,
36875,4916,2433,2483,8603,4197,4406,9831,4756,5075,8602,4101,4501,4916,2357,2559,1229,591,638,
36880,4917,2434,2483,8605,4198,4407,9834,4758,5076,8604,4101,4503,4916,2357,2559,1229,591,638,
36885,4918,2434,2484,8605,4198,4407,9834,4758,5076,8605,4102,4503,4916,2357,2559,1229,591,638,
36890,4919,2435,2484,8607,4199,4408,9837,4760,5077,8606,4103,4503,4917,2358,2559,1229,591,638,
36895,4919,2435,2484,8608,4200,4408,9837,4760,5077,8607,4103,4504,4917,2358,2559,1230,591,639,
36900,4920,2436,2484,8608,4200,4408,9838,4761,5077,8608,4103,4505,4919,2359,2560,1230,591,639,
36905,4920,2436,2484,8610,4202,4408,9839,4761,5078,8609,4104,4505,4920,2359,2561,1230,591,639,
36910,4921,2436,2485,8612,4202,4410,9842,4763,5079,8611,4104,4507,4920,2359,2561,1230,591,639,
36915,4922,2437,2485,8612,4202,4410,9842,4763,5079,8612,4104,4508,4920,2359,2561,1230,591,639,
36920,4923,2438,2485,8614,4203,4411,9845,4763,5082,8613,4105,4508,4921,2360,2561,1230,591,639,
36925,4923,2438,2485,8615,4203,4412,9845,4763,5082,8614,4106,4508,4921,2360,2561,1231,592,639,
36930,4924,2438,2486,8615,4203,4412,9846,4763,5083,8615,4106,4509,4923,2361,2562,1231,592,639,
36935,4924,2438,2486,8617,4205,4412,9847,4764,5083,8616,4106,4510,4924,2361,2563,1231,592,639,
36940,4925,2438,2487,8619,4206,4413,9850,4767,5083,8618,4108,4510,4924,2361,2563,1231,592,639,
36945,4926,2439,2487,8619,4206,4413,9850,4767,5083,8619,4108,4511,4924,2361,2563,1231,592,639,
36950,4927,2440,2487,8621,4207,4414,9853,4768,5085,8620,4109,4511,4925,2361,2564,1231,592,639,
36955,4927,2440,2487,8622,4207,4415,9853,4768,5085,8621,4109,4512,4925,2361,2564,1232,592,640,
36960,4928,2441,2487,8622,4207,4415,9854,4769,5085,8622,4110,4512,4927,2362,2565,1232,592,640,
36965,4928,2441,2487,8624,4208,4416,9855,4769,5086,8623,4110,4513,4928,2362,2566,1232,592,640,
36970,4929,2441,2488,8626,4209,4417,9858,4770,5088,8625,4110,4515,4928,2362,2566,1232,592,640,
36975,4930,2441,2489,8626,4209,4417,9858,4770,5088,8626,4111,4515,4928,2362,2566,1232,592,640,
36980,4931,2442,2489,8628,4210,4418,9861,4772,5089,8627,4111,4516,4929,2362,2567,1232,592,640,
36985,4931,2442,2489,8629,4210,4419,9861,4772,5089,8628,4111,4517,4929,2362,2567,1233,593,640,
36990,4932,2442,2490,8629,4210,4419,9862,4773,5089,8629,4112,4517,4931,2362,2569,1233,593,640,
36995,4932,2442,2490,8631,4211,4420,9863,4773,5090,8630,4112,4518,4932,2363,2569,1233,593,640,
37000,4933,2442,2491,8633,4212,4421,9866,4775,5091,8632,4113,4519,4932,2363,2569,1233,593,640,
37005,4934,2442,2492,8633,4212,4421,9866,4775,5091,8633,4113,4520,4932,2363,2569,1233,593,640,
37010,4935,2443,2492,8635,4214,4421,9869,4776,5093,8634,4114,4520,4933,2363,2570,1233,593,640,
37015,4935,2443,2492,8636,4215,4421,9869,4776,5093,8635,4114,4521,4933,2363,2570,1234,594,640,
37020,4936,2443,2493,8636,4215,4421,9870,4777,5093,8636,4114,4522,4935,2364,2571,1234,594,640,
37025,4936,2443,2493,8638,4217,4421,9871,4777,5094,8637,4114,4523,4936,2364,2572,1234,594,640,
37030,4937,2444,2493,8640,4219,4421,9874,4779,5095,8639,4115,4524,4936,2364,2572,1234,594,640,
37035,4938,2445,2493,8640,4219,4421,9874,4779,5095,8640,4115,4525,4936,2364,2572,1234,594,640,
37040,4939,2445,2494,8642,4220,4422,9877,4780,5097,8641,4115,4526,4937,2364,2573,1234,594,640,
37045,4939,2445,2494,8643,4220,4423,9877,4780,5097,8642,4116,4526,4937,2364,2573,1235,594,641,
37050,4940,2446,2494,8643,4220,4423,9878,4781,5097,8643,4117,4526,4939,2365,2574,1235,594,641,
37055,4940,2446,2494,8645,4221,4424,9879,4781,5098,8644,4118,4526,4940,2366,2574,1235,594,641,
37060,4941,2446,2495,8647,4222,4425,9882,4782,5100,8646,4118,4528,4940,2366,2574,1235,594,641,
37065,4942,2446,2496,8647,4222,4425,9882,4782,5100,8647,4118,4529,4940,2366,2574,1235,594,641,
37070,4943,2446,2497,8649,4223,4426,9885,4784,5101,8648,4119,4529,4941,2367,2574,1235,594,641,
37075,4943,2446,2497,8650,4223,4427,9885,4784,5101,8649,4119,4530,4941,2367,2574,1236,594,642,
37080,4944,2447,2497,8650,4223,4427,9886,4785,5101,8650,4119,4531,4943,2367,2576,1236,594,642,
37085,4944,2447,2497,8652,4224,4428,9887,4786,5101,8651,4120,4531,4944,2368,2576,1236,594,642,
37090,4945,2447,2498,8654,4225,4429,9890,4788,5102,8653,4121,4532,4944,2368,2576,1236,594,642,
37095,4946,2448,2498,8654,4225,4429,9890,4788,5102,8654,4121,4533,4944,2368,2576,1236,594,642,
37100,4947,2448,2499,8656,4226,4430,9893,4788,5105,8655,4122,4533,4945,2369,2576,1236,594,642,
37105,4947,2448,2499,8657,4227,4430,9893,4788,5105,8656,4122,4534,4945,2369,2576,1237,594,643,
37110,4948,2449,2499,8657,4227,4430,9894,4789,5105,8657,4122,4535,4947,2370,2577,1237,594,643,
37115,4948,2449,2499,8659,4229,4430,9895,4789,5106,8658,4123,4535,4948,2370,2578,1237,594,643,
37120,4949,2449,2500,8661,4229,4432,9898,4790,5108,8660,4125,4535,4948,2370,2578,1237,594,643,
37125,4950,2449,2501,8661,4229,4432,9898,4790,5108,8661,4126,4535,4948,2370,2578,1237,594,643,
37130,4951,2449,2502,8663,4231,4432,9901,4791,5110,8662,4126,4536,4949,2370,2579,1237,594,643,
37135,4951,2449,2502,8664,4232,4432,9901,4791,5110,8663,4126,4537,4949,2370,2579,1238,595,643,
37140,4952,2449,2503,8664,4232,4432,9902,4792,5110,8664,4126,4538,4951,2371,2580,1238,595,643,
37145,4952,2449,2503,8666,4233,4433,9903,4793,5110,8665,4127,4538,4952,2371,2581,1238,595,643,
37150,4953,2449,2504,8668,4234,4434,9906,4794,5112,8667,4129,4538,4952,2371,2581,1238,595,643,
37155,4954,2449,2505,8668,4234,4434,9906,4794,5112,8668,4130,4538,4952,2371,2581,1238,595,643,
37160,4955,2449,2506,8670,4235,4435,9909,4796,5113,8669,4130,4539,4953,2372,2581,1238,595,643,
37165,4955,2449,2506,8671,4235,4436,9909,4796,5113,8670,4130,4540,4953,2372,2581,1239,596,643,
37170,4956,2450,2506,8671,4235,4436,9910,4796,5114,8671,4131,4540,4955,2373,2582,1239,596,643,
37175,4956,2450,2506,8673,4236,4437,9911,4796,5115,8672,4131,4541,4956,2373,2583,1239,596,643,
37180,4957,2451,2506,8675,4237,4438,9914,4797,5117,8674,4132,4542,4956,2373,2583,1239,596,643,
37185,4958,2451,2507,8675,4237,4438,9914,4797,5117,8675,4133,4542,4956,2373,2583,1239,596,643,
37190,4959,2451,2508,8677,4238,4439,9917,4799,5118,8676,4133,4543,4957,2374,2583,1239,596,643,
37195,4959,2451,2508,8678,4239,4439,9917,4799,5118,8677,4133,4544,4957,2374,2583,1240,596,644,
37200,4960,2452,2508,8678,4239,4439,9918,4799,5119,8678,4133,4545,4959,2375,2584,1240,596,644,
37205,4960,2452,2508,8680,4240,4440,9919,4799,5120,8679,4134,4545,4960,2375,2585,1240,596,644,
37210,4961,2453,2508,8682,4242,4440,9922,4801,5121,8681,4135,4546,4960,2375,2585,1240,596,644,
37215,4962,2454,2508,8682,4242,4440,9922,4801,5121,8682,4136,4546,4960,2375,2585,1240,596,644,
37220,4963,2455,2508,8684,4244,4440,9925,4802,5123,8683,4136,4547,4961,2375,2586,1240,596,644,
37225,4963,2455,2508,8685,4244,4441,9925,4802,5123,8684,4136,4548,4961,2375,2586,1241,596,645,
37230,4964,2456,2508,8685,4244,4441,9926,4802,5124,8685,4136,4549,4963,2375,2588,1241,596,645,
37235,4964,2456,2508,8687,4245,4442,9927,4802,5125,8686,4136,4550,4964,2375,2589,1241,596,645,
37240,4965,2457,2508,8689,4245,4444,9930,4802,5128,8688,4137,4551,4964,2375,2589,1241,596,645,
37245,4966,2458,2508,8689,4245,4444,9930,4802,5128,8689,4137,4552,4964,2375,2589,1241,596,645,
37250,4967,2458,2509,8691,4245,4446,9933,4803,5130,8690,4137,4553,4965,2375,2590,1241,596,645,
37255,4967,2458,2509,8692,4245,4447,9933,4803,5130,8691,4137,4554,4965,2375,2590,1242,596,646,
37260,4968,2459,2509,8692,4245,4447,9934,4803,5131,8692,4137,4555,4967,2376,2591,1242,596,646,
37265,4968,2459,2509,8694,4247,4447,9935,4804,5131,8693,4138,4555,4968,2377,2591,1242,596,646,
37270,4969,2459,2510,8696,4247,4449,9938,4806,5132,8695,4138,4557,4968,2377,2591,1242,596,646,
37275,4970,2460,2510,8696,4247,4449,9938,4806,5132,8696,4139,4557,4968,2377,2591,1242,596,646,
37280,4971,2460,2511,8698,4248,4450,9941,4808,5133,8697,4140,4557,4969,2377,2592,1242,596,646,
37285,4971,2460,2511,8699,4249,4450,9941,4808,5133,8698,4141,4557,4969,2377,2592,1243,596,647,
37290,4972,2460,2512,8699,4249,4450,9942,4809,5133,8699,4142,4557,4971,2378,2593,1243,596,647,
37295,4972,2460,2512,8701,4249,4452,9943,4809,5134,8700,4143,4557,4972,2378,2594,1243,596,647,
37300,4973,2461,2512,8703,4250,4453,9946,4810,5136,8702,4144,4558,4972,2378,2594,1243,596,647,
37305,4974,2461,2513,8703,4250,4453,9946,4810,5136,8703,4144,4559,4972,2378,2594,1243,596,647,
37310,4975,2461,2514,8705,4252,4453,9949,4811,5138,8704,4144,4560,4973,2378,2595,1243,596,647,
37315,4975,2461,2514,8706,4252,4454,9949,4811,5138,8705,4145,4560,4973,2378,2595,1244,597,647,
37320,4976,2462,2514,8706,4252,4454,9950,4811,5139,8706,4145,4561,4975,2379,2596,1244,597,647,
37325,4976,2462,2514,8708,4253,4455,9951,4812,5139,8707,4146,4561,4976,2379,2597,1244,597,647,
37330,4977,2463,2514,8710,4255,4455,9954,4813,5141,8709,4147,4562,4976,2379,2597,1244,597,647,
37335,4978,2463,2515,8710,4255,4455,9954,4813,5141,8710,4148,4562,4976,2379,2597,1244,597,647,
37340,4979,2463,2516,8712,4256,4456,9957,4815,5142,8711,4148,4563,4977,2379,2598,1244,597,647,
37345,4979,2463,2516,8713,4256,4457,9957,4815,5142,8712,4149,4563,4977,2379,2598,1245,597,648,
37350,4980,2464,2516,8713,4256,4457,9958,4816,5142,8713,4150,4563,4979,2379,2600,1245,597,648,
37355,4980,2464,2516,8715,4257,4458,9959,4816,5143,8714,4150,4564,4980,2380,2600,1245,597,648,
37360,4981,2464,2517,8717,4259,4458,9962,4817,5145,8716,4152,4564,4980,2380,2600,1245,597,648,
37365,4982,2465,2517,8717,4259,4458,9962,4817,5145,8717,4152,4565,4980,2380,2600,1245,597,648,
37370,4983,2465,2518,8719,4259,4460,9965,4817,5148,8718,4152,4566,4981,2381,2600,1245,597,648,
37375,4983,2465,2518,8720,4260,4460,9965,4817,5148,8719,4152,4567,4981,2381,2600,1246,598,648,
37380,4984,2466,2518,8720,4260,4460,9966,4817,5149,8720,4152,4568,4983,2382,2601,1246,598,648,
37385,4984,2466,2518,8722,4262,4460,9967,4818,5149,8721,4153,4568,4984,2383,2601,1246,598,648,
37390,4985,2466,2519,8724,4262,4462,9970,4819,5151,8723,4154,4569,4984,2383,2601,1246,598,648,
37395,4986,2466,2520,8724,4262,4462,9970,4819,5151,8724,4155,4569,4984,2383,2601,1246,598,648,
37400,4987,2466,2521,8726,4263,4463,9973,4821,5152,8725,4155,4570,4985,2384,2601,1246,598,648,
37405,4987,2466,2521,8727,4263,4464,9973,4821,5152,8726,4155,4571,4985,2384,2601,1247,598,649,
37410,4988,2467,2521,8727,4263,4464,9974,4822,5152,8727,4155,4572,4987,2384,2603,1247,598,649,
37415,4988,2467,2521,8729,4264,4465,9975,4823,5152,8728,4155,4573,4988,2385,2603,1247,598,649,
37420,4989,2468,2521,8731,4265,4466,9978,4825,5153,8730,4156,4574,4988,2385,2603,1247,598,649,
37425,4990,2468,2522,8731,4265,4466,9978,4825,5153,8731,4156,4575,4988,2385,2603,1247,598,649,
37430,4991,2468,2523,8733,4266,4467,9981,4826,5155,8732,4156,4576,4989,2386,2603,1247,598,649,
37435,4991,2468,2523,8734,4267,4467,9981,4826,5155,8733,4157,4576,4989,2386,2603,1248,598,650,
37440,4992,2468,2524,8734,4267,4467,9982,4826,5156,8734,4158,4576,4991,2387,2604,1248,598,650,
37445,4992,2468,2524,8736,4267,4469,9983,4827,5156,8735,4158,4577,4992,2387,2605,1248,598,650,
37450,4993,2468,2525,8738,4268,4470,9986,4828,5158,8737,4159,4578,4992,2387,2605,1248,598,650,
37455,4994,2469,2525,8738,4268,4470,9986,4828,5158,8738,4159,4579,4992,2387,2605,1248,598,650,
37460,4995,2470,2525,8740,4268,4472,9989,4829,5160,8739,4159,4580,4993,2387,2606,1248,598,650,
37465,4995,2470,2525,8741,4268,4473,9989,4829,5160,8740,4160,4580,4993,2387,2606,1249,598,651,
37470,4996,2471,2525,8741,4268,4473,9990,4829,5161,8741,4160,4581,4995,2388,2607,1249,598,651,
37475,4996,2471,2525,8743,4269,4474,9991,4829,5162,8742,4161,4581,4996,2389,2607,1249,598,651,
37480,4997,2471,2526,8745,4271,4474,9994,4832,5162,8744,4162,4582,4996,2389,2607,1249,598,651,
37485,4998,2472,2526,8745,4271,4474,9994,4832,5162,8745,4162,4583,4996,2389,2607,1249,598,651,
37490,4999,2473,2526,8747,4273,4474,9997,4834,5163,8746,4162,4584,4997,2390,2607,1249,598,651,
37495,4999,2473,2526,8748,4273,4475,9997,4834,5163,8747,4162,4585,4997,2390,2607,1250,599,651,
37500,5000,2474,2526,8748,4273,4475,9998,4835,5163,8748,4163,4585,4999,2392,2607,1250,599,651,
37505,5000,2474,2526,8750,4274,4476,9999,4835,5164,8749,4163,4586,5000,2393,2607,1250,599,651,
37510,5001,2474,2527,8752,4275,4477,10002,4837,5165,8751,4164,4587,5000,2393,2607,1250,599,651,
37515,5002,2475,2527,8752,4275,4477,10002,4837,5165,8752,4165,4587,5000,2393,2607,1250,599,651,
37520,5003,2476,2527,8754,4277,4477,10005,4839,5166,8753,4165,4588,5001,2393,2608,1250,599,651,
37525,5003,2476,2527,8755,4277,4478,10005,4839,5166,8754,4166,4588,5001,2393,2608,1251,600,651,
37530,5004,2476,2528,8755,4277,4478,10006,4840,5166,8755,4166,4589,5003,2394,2609,1251,600,651,
37535,5004,2476,2528,8757,4277,4480,10007,4841,5166,8756,4167,4589,5004,2394,2610,1251,600,651,
37540,5005,2477,2528,8759,4278,4481,10010,4842,5168,8758,4168,4590,5004,2394,2610,1251,600,651,
37545,5006,2477,2529,8759,4278,4481,10010,4842,5168,8759,4168,4591,5004,2394,2610,1251,600,651,
37550,5007,2477,2530,8761,4278,4483,10013,4842,5171,8760,4169,4591,5005,2394,2611,1251,600,651,
37555,5007,2477,2530,8762,4278,4484,10013,4842,5171,8761,4170,4591,5005,2394,2611,1252,600,652,
37560,5008,2478,2530,8762,4278,4484,10014,4842,5172,8762,4170,4592,5007,2395,2612,1252,600,652,
37565,5008,2478,2530,8764,4279,4485,10015,4843,5172,8763,4170,4593,5008,2396,2612,1252,600,652,
37570,5009,2478,2531,8766,4279,4487,10018,4846,5172,8765,4171,4594,5008,2396,2612,1252,600,652,
37575,5010,2479,2531,8766,4279,4487,10018,4846,5172,8766,4171,4595,5008,2396,2612,1252,600,652,
37580,5011,2479,2532,8768,4279,4489,10021,4848,5173,8767,4172,4595,5009,2396,2613,1252,600,652,
37585,5011,2479,2532,8769,4280,4489,10021,4848,5173,8768,4173,4595,5009,2396,2613,1253,601,652,
37590,5012,2479,2533,8769,4280,4489,10022,4848,5174,8769,4174,4595,5011,2397,2614,1253,601,652,
37595,5012,2479,2533,8771,4281,4490,10023,4849,5174,8770,4175,4595,5012,2398,2614,1253,601,652,
37600,5013,2479,2534,8773,4282,4491,10026,4851,5175,8772,4176,4596,5012,2398,2614,1253,601,652,
37605,5014,2480,2534,8773,4282,4491,10026,4851,5175,8773,4176,4597,5012,2398,2614,1253,601,652,
37610,5015,2481,2534,8775,4283,4492,10029,4854,5175,8774,4177,4597,5013,2398,2615,1253,601,652,
37615,5015,2481,2534,8776,4284,4492,10029,4854,5175,8775,4177,4598,5013,2398,2615,1254,601,653,
37620,5016,2482,2534,8776,4284,4492,10030,4855,5175,8776,4178,4598,5015,2400,2615,1254,601,653,
37625,5016,2482,2534,8778,4285,4493,10031,4855,5176,8777,4179,4598,5016,2401,2615,1254,601,653,
37630,5017,2483,2534,8780,4287,4493,10034,4857,5177,8779,4179,4600,5016,2401,2615,1254,601,653,
37635,5018,2483,2535,8780,4287,4493,10034,4857,5177,8780,4180,4600,5016,2401,2615,1254,601,653,
37640,5019,2483,2536,8782,4289,4493,10037,4859,5178,8781,4180,4601,5017,2401,2616,1254,601,653,
37645,5019,2483,2536,8783,4289,4494,10037,4859,5178,8782,4181,4601,5017,2401,2616,1255,602,653,
37650,5020,2484,2536,8783,4289,4494,10038,4860,5178,8783,4181,4602,5019,2403,2616,1255,602,653,
37655,5020,2484,2536,8785,4289,4496,10039,4860,5179,8784,4182,4602,5020,2404,2616,1255,602,653,
37660,5021,2485,2536,8787,4289,4498,10042,4860,5182,8786,4182,4604,5020,2404,2616,1255,602,653,
37665,5022,2485,2537,8787,4289,4498,10042,4860,5182,8787,4182,4605,5020,2404,2616,1255,602,653,
37670,5023,2486,2537,8789,4290,4499,10045,4862,5183,8788,4183,4605,5021,2404,2617,1255,602,653,
37675,5023,2486,2537,8790,4291,4499,10045,4862,5183,8789,4183,4606,5021,2404,2617,1256,602,654,
37680,5024,2487,2537,8790,4291,4499,10046,4863,5183,8790,4183,4607,5023,2405,2618,1256,602,654,
37685,5024,2487,2537,8792,4292,4500,10047,4864,5183,8791,4183,4608,5024,2406,2618,1256,602,654,
37690,5025,2487,2538,8794,4292,4502,10050,4865,5185,8793,4185,4608,5024,2406,2618,1256,602,654,
37695,5026,2488,2538,8794,4292,4502,10050,4865,5185,8794,4186,4608,5024,2406,2618,1256,602,654,
37700,5027,2489,2538,8796,4294,4502,10053,4866,5187,8795,4187,4608,5025,2407,2618,1256,602,654,
37705,5027,2489,2538,8797,4294,4503,10053,4866,5187,8796,4188,4608,5025,2407,2618,1257,602,655,
37710,5028,2490,2538,8797,4294,4503,10054,4867,5187,8797,4188,4609,5027,2407,2620,1257,602,655,
37715,5028,2490,2538,8799,4294,4505,10055,4867,5188,8798,4189,4609,5028,2408,2620,1257,602,655,
37720,5029,2491,2538,8801,4296,4505,10058,4868,5190,8800,4191,4609,5028,2408,2620,1257,602,655,
37725,5030,2491,2539,8801,4296,4505,10058,4868,5190,8801,4191,4610,5028,2408,2620,1257,602,655,
37730,5031,2491,2540,8803,4296,4507,10061,4870,5191,8802,4191,4611,5029,2409,2620,1257,602,655,
37735,5031,2491,2540,8804,4297,4507,10061,4870,5191,8803,4191,4612,5029,2409,2620,1258,602,656,
37740,5032,2492,2540,8804,4297,4507,10062,4871,5191,8804,4191,4613,5031,2411,2620,1258,602,656,
37745,5032,2492,2540,8806,4298,4508,10063,4872,5191,8805,4192,4613,5032,2412,2620,1258,602,656,
37750,5033,2492,2541,8808,4299,4509,10066,4874,5192,8807,4192,4615,5032,2412,2620,1258,602,656,
37755,5034,2492,2542,8808,4299,4509,10066,4874,5192,8808,4192,4616,5032,2412,2620,1258,602,656,
37760,5035,2492,2543,8810,4299,4511,10069,4874,5195,8809,4192,4617,5033,2413,2620,1258,602,656,
37765,5035,2492,2543,8811,4300,4511,10069,4874,5195,8810,4193,4617,5033,2413,2620,1259,603,656,
37770,5036,2493,2543,8811,4300,4511,10070,4874,5196,8811,4194,4617,5035,2414,2621,1259,603,656,
37775,5036,2493,2543,8813,4301,4512,10071,4874,5197,8812,4194,4618,5036,2415,2621,1259,603,656,
37780,5037,2494,2543,8815,4303,4512,10074,4876,5198,8814,4196,4618,5036,2415,2621,1259,603,656,
37785,5038,2494,2544,8815,4303,4512,10074,4876,5198,8815,4197,4618,5036,2415,2621,1259,603,656,
37790,5039,2495,2544,8817,4305,4512,10077,4879,5198,8816,4197,4619,5037,2416,2621,1259,603,656,
37795,5039,2495,2544,8818,4306,4512,10077,4879,5198,8817,4197,4620,5037,2416,2621,1260,603,657,
37800,5040,2495,2545,8818,4306,4512,10078,4879,5199,8818,4197,4621,5039,2416,2623,1260,603,657,
37805,5040,2495,2545,8820,4308,4512,10079,4880,5199,8819,4197,4622,5040,2417,2623,1260,603,657,
37810,5041,2495,2546,8822,4309,4513,10082,4881,5201,8821,4198,4623,5040,2417,2623,1260,603,657,
37815,5042,2496,2546,8822,4309,4513,10082,4881,5201,8822,4198,4624,5040,2417,2623,1260,603,657,
37820,5043,2496,2547,8824,4309,4515,10085,4883,5202,8823,4199,4624,5041,2418,2623,1260,603,657,
37825,5043,2496,2547,8825,4310,4515,10085,4883,5202,8824,4199,4625,5041,2418,2623,1261,604,657,
37830,5044,2497,2547,8825,4310,4515,10086,4883,5203,8825,4199,4626,5043,2420,2623,1261,604,657,
37835,5044,2497,2547,8827,4310,4517,10087,4884,5203,8826,4199,4627,5044,2420,2624,1261,604,657,
37840,5045,2498,2547,8829,4312,4517,10090,4887,5203,8828,4199,4629,5044,2420,2624,1261,604,657,
37845,5046,2498,2548,8829,4312,4517,10090,4887,5203,8829,4199,4630,5044,2420,2624,1261,604,657,
37850,5047,2498,2549,8831,4312,4519,10093,4889,5204,8830,4199,4631,5045,2421,2624,1261,604,657,
37855,5047,2498,2549,8832,4312,4520,10093,4889,5204,8831,4199,4632,5045,2421,2624,1262,605,657,
37860,5048,2498,2550,8832,4312,4520,10094,4890,5204,8832,4199,4633,5047,2422,2625,1262,605,657,
37865,5048,2498,2550,8834,4313,4521,10095,4890,5205,8833,4200,4633,5048,2423,2625,1262,605,657,
37870,5049,2498,2551,8836,4315,4521,10098,4891,5207,8835,4200,4635,5048,2423,2625,1262,605,657,
37875,5050,2498,2552,8836,4315,4521,10098,4891,5207,8836,4201,4635,5048,2423,2625,1262,605,657,
37880,5051,2498,2553,8838,4316,4522,10101,4893,5208,8837,4202,4635,5049,2424,2625,1262,605,657,
37885,5051,2498,2553,8839,4317,4522,10101,4893,5208,8838,4202,4636,5049,2424,2625,1263,605,658,
37890,5052,2499,2553,8839,4317,4522,10102,4894,5208,8839,4202,4637,5051,2425,2626,1263,605,658,
37895,5052,2499,2553,8841,4317,4524,10103,4894,5209,8840,4202,4638,5052,2425,2627,1263,605,658,
37900,5053,2499,2554,8843,4318,4525,10106,4896,5210,8842,4204,4638,5052,2425,2627,1263,605,658,
37905,5054,2500,2554,8843,4318,4525,10106,4896,5210,8843,4204,4639,5052,2425,2627,1263,605,658,
37910,5055,2501,2554,8845,4319,4526,10109,4898,5211,8844,4204,4640,5053,2426,2627,1263,605,658,
37915,5055,2501,2554,8846,4320,4526,10109,4898,5211,8845,4204,4641,5053,2426,2627,1264,605,659,
37920,5056,2501,2555,8846,4320,4526,10110,4899,5211,8846,4204,4642,5055,2428,2627,1264,605,659,
37925,5056,2501,2555,8848,4321,4527,10111,4900,5211,8847,4205,4642,5056,2428,2628,1264,605,659,
37930,5057,2502,2555,8850,4323,4527,10114,4901,5213,8849,4206,4643,5056,2428,2628,1264,605,659,
37935,5058,2502,2556,8850,4323,4527,10114,4901,5213,8850,4207,4643,5056,2428,2628,1264,605,659,
37940,5059,2502,2557,8852,4325,4527,10117,4902,5215,8851,4208,4643,5057,2429,2628,1264,605,659,
37945,5059,2502,2557,8853,4326,4527,10117,4902,5215,8852,4208,4644,5057,2429,2628,1265,606,659,
37950,5060,2502,2558,8853,4326,4527,10118,4903,5215,8853,4209,4644,5059,2429,2630,1265,606,659,
37955,5060,2502,2558,8855,4328,4527,10119,4903,5216,8854,4210,4644,5060,2429,2631,1265,606,659,
37960,5061,2503,2558,8857,4329,4528,10122,4904,5218,8856,4212,4644,5060,2429,2631,1265,606,659,
37965,5062,2504,2558,8857,4329,4528,10122,4904,5218,8857,4212,4645,5060,2429,2631,1265,606,659,
37970,5063,2504,2559,8859,4330,4529,10125,4905,5220,8858,4213,4645,5061,2430,2631,1265,606,659,
37975,5063,2504,2559,8860,4330,4530,10125,4905,5220,8859,4214,4645,5061,2430,2631,1266,606,660,
37980,5064,2504,2560,8860,4330,4530,10126,4906,5220,8860,4214,4646,5063,2431,2632,1266,606,660,
37985,5064,2504,2560,8862,4330,4532,10127,4906,5221,8861,4215,4646,5064,2432,2632,1266,606,660,
37990,5065,2505,2560,8864,4330,4534,10130,4906,5224,8863,4217,4646,5064,2432,2632,1266,606,660,
37995,5066,2505,2561,8864,4330,4534,10130,4906,5224,8864,4217,4647,5064,2432,2632,1266,606,660,
38000,5067,2505,2562,8866,4331,4535,10133,4908,5225,8865,4218,4647,5065,2432,2633,1266,606,660,
38005,5067,2505,2562,8867,4331,4536,10133,4908,5225,8866,4218,4648,5065,2432,2633,1267,606,661,
38010,5068,2506,2562,8867,4331,4536,10134,4909,5225,8867,4219,4648,5067,2433,2634,1267,606,661,
38015,5068,2506,2562,8869,4331,4538,10135,4910,5225,8868,4219,4649,5068,2434,2634,1267,606,661,
38020,5069,2507,2562,8871,4332,4539,10138,4911,5227,8870,4219,4651,5068,2434,2634,1267,606,661,
38025,5070,2508,2562,8871,4332,4539,10138,4911,5227,8871,4219,4652,5068,2434,2634,1267,606,661,
38030,5071,2509,2562,8873,4334,4539,10141,4912,5229,8872,4219,4653,5069,2435,2634,1267,606,661,
38035,5071,2509,2562,8874,4335,4539,10141,4912,5229,8873,4220,4653,5069,2435,2634,1268,607,661,
38040,5072,2509,2563,8874,4335,4539,10142,4913,5229,8874,4221,4653,5071,2435,2636,1268,607,661,
38045,5072,2509,2563,8876,4336,4540,10143,4913,5230,8875,4222,4653,5072,2435,2637,1268,607,661,
38050,5073,2510,2563,8878,4337,4541,10146,4915,5231,8877,4223,4654,5072,2435,2637,1268,607,661,
38055,5074,2511,2563,8878,4337,4541,10146,4915,5231,8878,4224,4654,5072,2435,2637,1268,607,661,
38060,5075,2511,2564,8880,4339,4541,10149,4916,5233,8879,4225,4654,5073,2435,2638,1268,607,661,
38065,5075,2511,2564,8881,4340,4541,10149,4916,5233,8880,4225,4655,5073,2435,2638,1269,608,661,
38070,5076,2511,2565,8881,4340,4541,10150,4917,5233,8881,4226,4655,5075,2436,2639,1269,608,661,
38075,5076,2511,2565,8883,4341,4542,10151,4918,5233,8882,4226,4656,5076,2437,2639,1269,608,661,
38080,5077,2512,2565,8885,4342,4543,10154,4921,5233,8884,4227,4657,5076,2437,2639,1269,608,661,
38085,5078,2513,2565,8885,4342,4543,10154,4921,5233,8885,4228,4657,5076,2437,2639,1269,608,661,
38090,5079,2513,2566,8887,4342,4545,10157,4924,5233,8886,4229,4657,5077,2438,2639,1269,608,661,
38095,5079,2513,2566,8888,4343,4545,10157,4924,5233,8887,4230,4657,5077,2438,2639,1270,609,661,
38100,5080,2514,2566,8888,4343,4545,10158,4925,5233,8888,4231,4657,5079,2439,2640,1270,609,661,
38105,5080,2514,2566,8890,4344,4546,10159,4925,5234,8889,4231,4658,5080,2440,2640,1270,609,661,
38110,5081,2514,2567,8892,4344,4548,10162,4926,5236,8891,4233,4658,5080,2440,2640,1270,609,661,
38115,5082,2514,2568,8892,4344,4548,10162,4926,5236,8892,4233,4659,5080,2440,2640,1270,609,661,
38120,5083,2515,2568,8894,4346,4548,10165,4926,5239,8893,4233,4660,5081,2441,2640,1270,609,661,
38125,5083,2515,2568,8895,4346,4549,10165,4926,5239,8894,4234,4660,5081,2441,2640,1271,610,661,
38130,5084,2516,2568,8895,4346,4549,10166,4927,5239,8895,4234,4661,5083,2441,2642,1271,610,661,
38135,5084,2516,2568,8897,4346,4551,10167,4927,5240,8896,4234,4662,5084,2442,2642,1271,610,661,
38140,5085,2516,2569,8899,4347,4552,10170,4929,5241,8898,4235,4663,5084,2442,2642,1271,610,661,
38145,5086,2517,2569,8899,4347,4552,10170,4929,5241,8899,4235,4664,5084,2442,2642,1271,610,661,
38150,5087,2518,2569,8901,4347,4554,10173,4931,5242,8900,4235,4665,5085,2442,2643,1271,610,661,
38155,5087,2518,2569,8902,4348,4554,10173,4931,5242,8901,4235,4666,5085,2442,2643,1272,611,661,
38160,5088,2518,2570,8902,4348,4554,10174,4931,5243,8902,4235,4667,5087,2443,2644,1272,611,661,
38165,5088,2518,2570,8904,4349,4555,10175,4931,5244,8903,4236,4667,5088,2444,2644,1272,611,661,
38170,5089,2519,2570,8906,4351,4555,10178,4932,5246,8905,4236,4669,5088,2444,2644,1272,611,661,
38175,5090,2520,2570,8906,4351,4555,10178,4932,5246,8906,4236,4670,5088,2444,2644,1272,611,661,
38180,5091,2521,2570,8908,4352,4556,10181,4932,5249,8907,4236,4671,5089,2444,2645,1272,611,661,
38185,5091,2521,2570,8909,4353,4556,10181,4932,5249,8908,4237,4671,5089,2444,2645,1273,611,662,
38190,5092,2522,2570,8909,4353,4556,10182,4932,5250,8909,4237,4672,5091,2444,2647,1273,611,662,
38195,5092,2522,2570,8911,4355,4556,10183,4932,5251,8910,4237,4673,5092,2444,2648,1273,611,662,
38200,5093,2523,2570,8913,4357,4556,10186,4935,5251,8912,4239,4673,5092,2444,2648,1273,611,662,
38205,5094,2523,2571,8913,4357,4556,10186,4935,5251,8913,4240,4673,5092,2444,2648,1273,611,662,
38210,5095,2523,2572,8915,4359,4556,10189,4936,5253,8914,4240,4674,5093,2444,2649,1273,611,662,
38215,5095,2523,2572,8916,4359,4557,10189,4936,5253,8915,4240,4675,5093,2444,2649,1274,612,662,
38220,5096,2524,2572,8916,4359,4557,10190,4937,5253,8916,4240,4676,5095,2445,2650,1274,612,662,
38225,5096,2524,2572,8918,4360,4558,10191,4937,5254,8917,4241,4676,5096,2445,2651,1274,612,662,
38230,5097,2525,2572,8920,4362,4558,10194,4939,5255,8919,4243,4676,5096,2445,2651,1274,612,662,
38235,5098,2525,2573,8920,4362,4558,10194,4939,5255,8920,4244,4676,5096,2445,2651,1274,612,662,
38240,5099,2526,2573,8922,4363,4559,10197,4942,5255,8921,4244,4677,5097,2446,2651,1274,612,662,
38245,5099,2526,2573,8923,4363,4560,10197,4942,5255,8922,4244,4678,5097,2446,2651,1275,613,662,
38250,5100,2526,2574,8923,4363,4560,10198,4943,5255,8923,4245,4678,5099,2446,2653,1275,613,662,
38255,5100,2526,2574,8925,4363,4562,10199,4944,5255,8924,4246,4678,5100,2447,2653,1275,613,662,
38260,5101,2526,2575,8927,4364,4563,10202,4947,5255,8926,4248,4678,5100,2447,2653,1275,613,662,
38265,5102,2527,2575,8927,4364,4563,10202,4947,5255,8927,4248,4679,5100,2447,2653,1275,613,662,
38270,5103,2528,2575,8929,4365,4564,10205,4948,5257,8928,4248,4680,5101,2448,2653,1275,613,662,
38275,5103,2528,2575,8930,4365,4565,10205,4948,5257,8929,4248,4681,5101,2448,2653,1276,614,662,
38280,5104,2528,2576,8930,4365,4565,10206,4949,5257,8930,4249,4681,5103,2449,2654,1276,614,662,
38285,5104,2528,2576,8932,4367,4565,10207,4950,5257,8931,4250,4681,5104,2449,2655,1276,614,662,
38290,5105,2528,2577,8934,4369,4565,10210,4951,5259,8933,4252,4681,5104,2449,2655,1276,614,662,
38295,5106,2528,2578,8934,4369,4565,10210,4951,5259,8934,4252,4682,5104,2449,2655,1276,614,662,
38300,5107,2528,2579,8936,4371,4565,10213,4951,5262,8935,4252,4683,5105,2449,2656,1276,614,662,
38305,5107,2528,2579,8937,4372,4565,10213,4951,5262,8936,4252,4684,5105,2449,2656,1277,614,663,
38310,5108,2528,2580,8937,4372,4565,10214,4952,5262,8937,4252,4685,5107,2451,2656,1277,614,663,
38315,5108,2528,2580,8939,4373,4566,10215,4952,5263,8938,4252,4686,5108,2451,2657,1277,614,663,
38320,5109,2528,2581,8941,4374,4567,10218,4953,5265,8940,4253,4687,5108,2451,2657,1277,614,663,
38325,5110,2528,2582,8941,4374,4567,10218,4953,5265,8941,4254,4687,5108,2451,2657,1277,614,663,
38330,5111,2528,2583,8943,4375,4568,10221,4954,5267,8942,4255,4687,5109,2451,2658,1277,614,663,
38335,5111,2528,2583,8944,4376,4568,10221,4954,5267,8943,4256,4687,5109,2451,2658,1278,614,664,
38340,5112,2529,2583,8944,4376,4568,10222,4955,5267,8944,4256,4688,5111,2452,2659,1278,614,664,
38345,5112,2529,2583,8946,4378,4568,10223,4955,5268,8945,4256,4689,5112,2453,2659,1278,614,664,
38350,5113,2530,2583,8948,4380,4568,10226,4958,5268,8947,4257,4690,5112,2453,2659,1278,614,664,
38355,5114,2530,2584,8948,4380,4568,10226,4958,5268,8948,4257,4691,5112,2453,2659,1278,614,664,
38360,5115,2530,2585,8950,4380,4570,10229,4958,5271,8949,4258,4691,5113,2454,2659,1278,614,664,
38365,5115,2530,2585,8951,4381,4570,10229,4958,5271,8950,4259,4691,5113,2454,2659,1279,614,665,
38370,5116,2531,2585,8951,4381,4570,10230,4959,5271,8951,4260,4691,5115,2455,2660,1279,614,665,
38375,5116,2531,2585,8953,4382,4571,10231,4959,5272,8952,4261,4691,5116,2456,2660,1279,614,665,
38380,5117,2531,2586,8955,4382,4573,10234,4961,5273,8954,4262,4692,5116,2456,2660,1279,614,665,
38385,5118,2531,2587,8955,4382,4573,10234,4961,5273,8955,4263,4692,5116,2456,2660,1279,614,665,
38390,5119,2532,2587,8957,4383,4574,10237,4963,5274,8956,4264,4692,5117,2457,2660,1279,614,665,
38395,5119,2532,2587,8958,4384,4574,10237,4963,5274,8957,4264,4693,5117,2457,2660,1280,614,666,
38400,5120,2532,2588,8958,4384,4574,10238,4963,5275,8958,4265,4693,5119,2458,2661,1280,614,666,
38405,5120,2532,2588,8960,4384,4576,10239,4963,5276,8959,4265,4694,5120,2459,2661,1280,614,666,
38410,5121,2532,2589,8962,4385,4577,10242,4965,5277,8961,4266,4695,5120,2459,2661,1280,614,666,
38415,5122,2533,2589,8962,4385,4577,10242,4965,5277,8962,4267,4695,5120,2459,2661,1280,614,666,
38420,5123,2534,2589,8964,4386,4578,10245,4966,5279,8963,4268,4695,5121,2459,2662,1280,614,666,
38425,5123,2534,2589,8965,4387,4578,10245,4966,5279,8964,4268,4696,5121,2459,2662,1281,614,667,
38430,5124,2534,2590,8965,4387,4578,10246,4966,5280,8965,4269,4696,5123,2461,2662,1281,614,667,
38435,5124,2534,2590,8967,4389,4578,10247,4967,5280,8966,4269,4697,5124,2461,2663,1281,614,667,
38440,5125,2535,2590,8969,4389,4580,10250,4967,5283,8968,4271,4697,5124,2461,2663,1281,614,667,
38445,5126,2536,2590,8969,4389,4580,10250,4967,5283,8969,4272,4697,5124,2461,2663,1281,614,667,
38450,5127,2536,2591,8971,4390,4581,10253,4969,5284,8970,4272,4698,5125,2462,2663,1281,614,667,
38455,5127,2536,2591,8972,4390,4582,10253,4969,5284,8971,4273,4698,5125,2462,2663,1282,615,667,
38460,5128,2536,2592,8972,4390,4582,10254,4970,5284,8972,4273,4699,5127,2464,2663,1282,615,667,
38465,5128,2536,2592,8974,4392,4582,10255,4971,5284,8973,4274,4699,5128,2464,2664,1282,615,667,
38470,5129,2536,2593,8976,4393,4583,10258,4972,5286,8975,4275,4700,5128,2464,2664,1282,615,667,
38475,5130,2536,2594,8976,4393,4583,10258,4972,5286,8976,4275,4701,5128,2464,2664,1282,615,667,
38480,5131,2536,2595,8978,4393,4585,10261,4975,5286,8977,4276,4701,5129,2464,2665,1282,615,667,
38485,5131,2536,2595,8979,4393,4586,10261,4975,5286,8978,4276,4702,5129,2464,2665,1283,615,668,
38490,5132,2536,2596,8979,4393,4586,10262,4975,5287,8979,4276,4703,5131,2465,2666,1283,615,668,
38495,5132,2536,2596,8981,4394,4587,10263,4975,5288,8980,4277,4703,5132,2466,2666,1283,615,668,
38500,5133,2536,2597,8983,4395,4588,10266,4976,5290,8982,4278,4704,5132,2466,2666,1283,615,668,
38505,5134,2536,2598,8983,4395,4588,10266,4976,5290,8983,4278,4705,5132,2466,2666,1283,615,668,
38510,5135,2536,2599,8985,4396,4589,10269,4976,5293,8984,4278,4706,5133,2466,2667,1283,615,668,
38515,5135,2536,2599,8986,4396,4590,10269,4976,5293,8985,4279,4706,5133,2466,2667,1284,615,669,
38520,5136,2537,2599,8986,4396,4590,10270,4977,5293,8986,4279,4707,5135,2467,2668,1284,615,669,
38525,5136,2537,2599,8988,4398,4590,10271,4977,5294,8987,4279,4708,5136,2468,2668,1284,615,669,
38530,5137,2538,2599,8990,4399,4591,10274,4979,5295,8989,4279,4710,5136,2468,2668,1284,615,669,
38535,5138,2538,2600,8990,4399,4591,10274,4979,5295,8990,4279,4711,5136,2468,2668,1284,615,669,
38540,5139,2539,2600,8992,4401,4591,10277,4982,5295,8991,4280,4711,5137,2469,2668,1284,615,669,
38545,5139,2539,2600,8993,4401,4592,10277,4982,5295,8992,4280,4712,5137,2469,2668,1285,615,670,
38550,5140,2540,2600,8993,4401,4592,10278,4983,5295,8993,4281,4712,5139,2470,2669,1285,615,670,
38555,5140,2540,2600,8995,4402,4593,10279,4984,5295,8994,4282,4712,5140,2471,2669,1285,615,670,
38560,5141,2541,2600,8997,4403,4594,10282,4985,5297,8996,4282,4714,5140,2471,2669,1285,615,670,
38565,5142,2542,2600,8997,4403,4594,10282,4985,5297,8997,4282,4715,5140,2471,2669,1285,615,670,
38570,5143,2542,2601,8999,4404,4595,10285,4986,5299,8998,4282,4716,5141,2471,2670,1285,615,670,
38575,5143,2542,2601,9000,4405,4595,10285,4986,5299,8999,4282,4717,5141,2471,2670,1286,616,670,
38580,5144,2543,2601,9000,4405,4595,10286,4986,5300,9000,4282,4718,5143,2471,2672,1286,616,670,
38585,5144,2543,2601,9002,4407,4595,10287,4986,5301,9001,4283,4718,5144,2472,2672,1286,616,670,
38590,5145,2543,2602,9004,4408,4596,10290,4986,5304,9003,4283,4720,5144,2472,2672,1286,616,670,
38595,5146,2543,2603,9004,4408,4596,10290,4986,5304,9004,4283,4721,5144,2472,2672,1286,616,670,
38600,5147,2544,2603,9006,4408,4598,10293,4988,5305,9005,4283,4722,5145,2472,2673,1286,616,670,
38605,5147,2544,2603,9007,4409,4598,10293,4988,5305,9006,4283,4723,5145,2472,2673,1287,617,670,
38610,5148,2544,2604,9007,4409,4598,10294,4989,5305,9007,4283,4724,5147,2473,2674,1287,617,670,
38615,5148,2544,2604,9009,4411,4598,10295,4990,5305,9008,4284,4724,5148,2473,2675,1287,617,670,
38620,5149,2545,2604,9011,4412,4599,10298,4992,5306,9010,4286,4724,5148,2473,2675,1287,617,670,
38625,5150,2545,2605,9011,4412,4599,10298,4992,5306,9011,4286,4725,5148,2473,2675,1287,617,670,
38630,5151,2545,2606,9013,4412,4601,10301,4994,5307,9012,4286,4726,5149,2473,2676,1287,617,670,
38635,5151,2545,2606,9014,4413,4601,10301,4994,5307,9013,4286,4727,5149,2473,2676,1288,618,670,
38640,5152,2545,2607,9014,4413,4601,10302,4994,5308,9014,4286,4728,5151,2473,2678,1288,618,670,
38645,5152,2545,2607,9016,4415,4601,10303,4994,5309,9015,4286,4729,5152,2474,2678,1288,618,670,
38650,5153,2545,2608,9018,4415,4603,10306,4995,5311,9017,4288,4729,5152,2474,2678,1288,618,670,
38655,5154,2545,2609,9018,4415,4603,10306,4995,5311,9018,4288,4730,5152,2474,2678,1288,618,670,
38660,5155,2546,2609,9020,4416,4604,10309,4996,5313,9019,4288,4731,5153,2474,2679,1288,618,670,
38665,5155,2546,2609,9021,4417,4604,10309,4996,5313,9020,4289,4731,5153,2474,2679,1289,618,671,
38670,5156,2547,2609,9021,4417,4604,10310,4996,5314,9021,4289,4732,5155,2475,2680,1289,618,671,
38675,5156,2547,2609,9023,4418,4605,10311,4996,5315,9022,4289,4733,5156,2475,2681,1289,618,671,
38680,5157,2547,2610,9025,4418,4607,10314,4999,5315,9024,4289,4735,5156,2475,2681,1289,618,671,
38685,5158,2547,2611,9025,4418,4607,10314,4999,5315,9025,4289,4736,5156,2475,2681,1289,618,671,
38690,5159,2548,2611,9027,4419,4608,10317,5000,5317,9026,4290,4736,5157,2475,2682,1289,618,671,
38695,5159,2548,2611,9028,4420,4608,10317,5000,5317,9027,4290,4737,5157,2475,2682,1290,618,672,
38700,5160,2548,2612,9028,4420,4608,10318,5000,5318,9028,4291,4737,5159,2477,2682,1290,618,672,
38705,5160,2548,2612,9030,4420,4610,10319,5000,5319,9029,4291,4738,5160,2477,2683,1290,618,672,
38710,5161,2548,2613,9032,4420,4612,10322,5001,5321,9031,4293,4738,5160,2477,2683,1290,618,672,
38715,5162,2548,2614,9032,4420,4612,10322,5001,5321,9032,4293,4739,5160,2477,2683,1290,618,672,
38720,5163,2549,2614,9034,4421,4613,10325,5002,5323,9033,4293,4740,5161,2478,2683,1290,618,672,
38725,5163,2549,2614,9035,4422,4613,10325,5002,5323,9034,4293,4741,5161,2478,2683,1291,619,672,
38730,5164,2549,2615,9035,4422,4613,10326,5003,5323,9035,4293,4742,5163,2479,2684,1291,619,672,
38735,5164,2549,2615,9037,4423,4614,10327,5003,5324,9036,4294,4742,5164,2480,2684,1291,619,672,
38740,5165,2549,2616,9039,4424,4615,10330,5003,5327,9038,4295,4743,5164,2480,2684,1291,619,672,
38745,5166,2549,2617,9039,4424,4615,10330,5003,5327,9039,4296,4743,5164,2480,2684,1291,619,672,
38750,5167,2549,2618,9041,4424,4617,10333,5005,5328,9040,4297,4743,5165,2481,2684,1291,619,672,
38755,5167,2549,2618,9042,4425,4617,10333,5005,5328,9041,4298,4743,5165,2481,2684,1292,620,672,
38760,5168,2549,2619,9042,4425,4617,10334,5005,5329,9042,4299,4743,5167,2482,2685,1292,620,672,
38765,5168,2549,2619,9044,4427,4617,10335,5006,5329,9043,4299,4744,5168,2483,2685,1292,620,672,
38770,5169,2550,2619,9046,4429,4617,10338,5009,5329,9045,4301,4744,5168,2483,2685,1292,620,672,
38775,5170,2551,2619,9046,4429,4617,10338,5009,5329,9046,4302,4744,5168,2483,2685,1292,620,672,
38780,5171,2552,2619,9048,4429,4619,10341,5011,5330,9047,4303,4744,5169,2484,2685,1292,620,672,
38785,5171,2552,2619,9049,4429,4620,10341,5011,5330,9048,4304,4744,5169,2484,2685,1293,621,672,
38790,5172,2552,2620,9049,4429,4620,10342,5011,5331,9049,4304,4745,5171,2485,2686,1293,621,672,
38795,5172,2552,2620,9051,4431,4620,10343,5011,5332,9050,4305,4745,5172,2485,2687,1293,621,672,
38800,5173,2553,2620,9053,4431,4622,10346,5012,5334,9052,4305,4747,5172,2485,2687,1293,621,672,
38805,5174,2553,2621,9053,4431,4622,10346,5012,5334,9053,4305,4748,5172,2485,2687,1293,621,672,
38810,5175,2553,2622,9055,4431,4624,10349,5012,5337,9054,4306,4748,5173,2486,2687,1293,621,672,
38815,5175,2553,2622,9056,4431,4625,10349,5012,5337,9055,4306,4749,5173,2486,2687,1294,622,672,
38820,5176,2553,2623,9056,4431,4625,10350,5013,5337,9056,4306,4750,5175,2488,2687,1294,622,672,
38825,5176,2553,2623,9058,4431,4627,10351,5013,5338,9057,4306,4751,5176,2489,2687,1294,622,672,
38830,5177,2554,2623,9060,4432,4628,10354,5014,5340,9059,4307,4752,5176,2489,2687,1294,622,672,
38835,5178,2555,2623,9060,4432,4628,10354,5014,5340,9060,4308,4752,5176,2489,2687,1294,622,672,
38840,5179,2555,2624,9062,4433,4629,10357,5016,5341,9061,4309,4752,5177,2490,2687,1294,622,672,
38845,5179,2555,2624,9063,4434,4629,10357,5016,5341,9062,4310,4752,5177,2490,2687,1295,623,672,
38850,5180,2556,2624,9063,4434,4629,10358,5017,5341,9063,4311,4752,5179,2491,2688,1295,623,672,
38855,5180,2556,2624,9065,4434,4631,10359,5017,5342,9064,4311,4753,5180,2491,2689,1295,623,672,
38860,5181,2557,2624,9067,4435,4632,10362,5018,5344,9066,4312,4754,5180,2491,2689,1295,623,672,
38865,5182,2557,2625,9067,4435,4632,10362,5018,5344,9067,4312,4755,5180,2491,2689,1295,623,672,
38870,5183,2558,2625,9069,4436,4633,10365,5020,5345,9068,4313,4755,5181,2491,2690,1295,623,672,
38875,5183,2558,2625,9070,4436,4634,10365,5020,5345,9069,4313,4756,5181,2491,2690,1296,624,672,
38880,5184,2559,2625,9070,4436,4634,10366,5021,5345,9070,4313,4757,5183,2491,2692,1296,624,672,
38885,5184,2559,2625,9072,4437,4635,10367,5021,5346,9071,4313,4758,5184,2491,2693,1296,624,672,
38890,5185,2560,2625,9074,4438,4636,10370,5023,5347,9073,4314,4759,5184,2491,2693,1296,624,672,
38895,5186,2560,2626,9074,4438,4636,10370,5023,5347,9074,4315,4759,5184,2491,2693,1296,624,672,
38900,5187,2560,2627,9076,4440,4636,10373,5025,5348,9075,4316,4759,5185,2491,2694,1296,624,672,
38905,5187,2560,2627,9077,4440,4637,10373,5025,5348,9076,4316,4760,5185,2491,2694,1297,624,673,
38910,5188,2560,2628,9077,4440,4637,10374,5025,5349,9077,4317,4760,5187,2491,2696,1297,624,673,
38915,5188,2560,2628,9079,4441,4638,10375,5025,5350,9078,4317,4761,5188,2492,2696,1297,624,673,
38920,5189,2560,2629,9081,4441,4640,10378,5026,5352,9080,4319,4761,5188,2492,2696,1297,624,673,
38925,5190,2560,2630,9081,4441,4640,10378,5026,5352,9081,4319,4762,5188,2492,2696,1297,624,673,
38930,5191,2560,2631,9083,4442,4641,10381,5026,5355,9082,4320,4762,5189,2492,2697,1297,624,673,
38935,5191,2560,2631,9084,4443,4641,10381,5026,5355,9083,4321,4762,5189,2492,2697,1298,625,673,
38940,5192,2560,2632,9084,4443,4641,10382,5027,5355,9084,4321,4763,5191,2492,2699,1298,625,673,
38945,5192,2560,2632,9086,4443,4643,10383,5028,5355,9085,4321,4764,5192,2493,2699,1298,625,673,
38950,5193,2560,2633,9088,4445,4643,10386,5030,5356,9087,4322,4765,5192,2493,2699,1298,625,673,
38955,5194,2561,2633,9088,4445,4643,10386,5030,5356,9088,4322,4766,5192,2493,2699,1298,625,673,
38960,5195,2562,2633,9090,4446,4644,10389,5032,5357,9089,4323,4766,5193,2493,2700,1298,625,673,
38965,5195,2562,2633,9091,4446,4645,10389,5032,5357,9090,4324,4766,5193,2493,2700,1299,625,674,
38970,5196,2563,2633,9091,4446,4645,10390,5032,5358,9091,4324,4767,5195,2494,2701,1299,625,674,
38975,5196,2563,2633,9093,4447,4646,10391,5033,5358,9092,4324,4768,5196,2495,2701,1299,625,674,
38980,5197,2563,2634,9095,4447,4648,10394,5035,5359,9094,4325,4769,5196,2495,2701,1299,625,674,
38985,5198,2563,2635,9095,4447,4648,10394,5035,5359,9095,4325,4770,5196,2495,2701,1299,625,674,
38990,5199,2564,2635,9097,4448,4649,10397,5037,5360,9096,4325,4771,5197,2495,2702,1299,625,674,
38995,5199,2564,2635,9098,4448,4650,10397,5037,5360,9097,4326,4771,5197,2495,2702,1300,625,675,
39000,5200,2564,2636,9098,4448,4650,10398,5037,5361,9098,4326,4772,5199,2496,2703,1300,625,675,
39005,5200,2564,2636,9100,4449,4651,10399,5037,5362,9099,4326,4773,5200,2497,2703,1300,625,675,
39010,5201,2565,2636,9102,4451,4651,10402,5040,5362,9101,4327,4774,5200,2497,2703,1300,625,675,
39015,5202,2566,2636,9102,4451,4651,10402,5040,5362,9102,4327,4775,5200,2497,2703,1300,625,675,
39020,5203,2566,2637,9104,4453,4651,10405,5042,5363,9103,4328,4775,5201,2497,2704,1300,625,675,
39025,5203,2566,2637,9105,4453,4652,10405,5042,5363,9104,4329,4775,5201,2497,2704,1301,625,676,
39030,5204,2566,2638,9105,4453,4652,10406,5043,5363,9105,4330,4775,5203,2497,2706,1301,625,676,
39035,5204,2566,2638,9107,4454,4653,10407,5044,5363,9106,4330,4776,5204,2497,2707,1301,625,676,
39040,5205,2567,2638,9109,4454,4655,10410,5045,5365,9108,4331,4777,5204,2497,2707,1301,625,676,
39045,5206,2567,2639,9109,4454,4655,10410,5045,5365,9109,4332,4777,5204,2497,2707,1301,625,676,
39050,5207,2567,2640,9111,4456,4655,10413,5047,5366,9110,4332,4778,5205,2497,2708,1301,625,676,
39055,5207,2567,2640,9112,4457,4655,10413,5047,5366,9111,4333,4778,5205,2497,2708,1302,626,676,
39060,5208,2568,2640,9112,4457,4655,10414,5047,5367,9112,4334,4778,5207,2499,2708,1302,626,676,
39065,5208,2568,2640,9114,4459,4655,10415,5048,5367,9113,4334,4779,5208,2499,2709,1302,626,676,
39070,5209,2569,2640,9116,4459,4657,10418,5049,5369,9115,4335,4780,5208,2499,2709,1302,626,676,
39075,5210,2569,2641,9116,4459,4657,10418,5049,5369,9116,4335,4781,5208,2499,2709,1302,626,676,
39080,5211,2569,2642,9118,4459,4659,10421,5050,5371,9117,4335,4782,5209,2499,2710,1302,626,676,
39085,5211,2569,2642,9119,4459,4660,10421,5050,5371,9118,4335,4783,5209,2499,2710,1303,626,677,
39090,5212,2570,2642,9119,4459,4660,10422,5050,5372,9119,4336,4783,5211,2500,2711,1303,626,677,
39095,5212,2570,2642,9121,4461,4660,10423,5050,5373,9120,4336,4784,5212,2501,2711,1303,626,677,
39100,5213,2570,2643,9123,4462,4661,10426,5051,5375,9122,4337,4785,5212,2501,2711,1303,626,677,
39105,5214,2571,2643,9123,4462,4661,10426,5051,5375,9123,4338,4785,5212,2501,2711,1303,626,677,
39110,5215,2572,2643,9125,4463,4662,10429,5052,5377,9124,4338,4786,5213,2502,2711,1303,626,677,
39115,5215,2572,2643,9126,4463,4663,10429,5052,5377,9125,4338,4787,5213,2502,2711,1304,627,677,
39120,5216,2573,2643,9126,4463,4663,10430,5052,5378,9126,4338,4788,5215,2503,2712,1304,627,677,
39125,5216,2573,2643,9128,4464,4664,10431,5052,5379,9127,4338,4789,5216,2503,2713,1304,627,677,
39130,5217,2573,2644,9130,4465,4665,10434,5053,5381,9129,4339,4790,5216,2503,2713,1304,627,677,
39135,5218,2573,2645,9130,4465,4665,10434,5053,5381,9130,4340,4790,5216,2503,2713,1304,627,677,
39140,5219,2573,2646,9132,4466,4666,10437,5054,5383,9131,4340,4791,5217,2503,2714,1304,627,677,
39145,5219,2573,2646,9133,4467,4666,10437,5054,5383,9132,4340,4792,5217,2503,2714,1305,627,678,
39150,5220,2573,2647,9133,4467,4666,10438,5055,5383,9133,4341,4792,5219,2503,2716,1305,627,678,
39155,5220,2573,2647,9135,4468,4667,10439,5056,5383,9134,4342,4792,5220,2503,2717,1305,627,678,
39160,5221,2574,2647,9137,4470,4667,10442,5058,5384,9136,4342,4794,5220,2503,2717,1305,627,678,
39165,5222,2574,2648,9137,4470,4667,10442,5058,5384,9137,4343,4794,5220,2503,2717,1305,627,678,
39170,5223,2574,2649,9139,4472,4667,10445,5061,5384,9138,4344,4794,5221,2504,2717,1305,627,678,
39175,5223,2574,2649,9140,4473,4667,10445,5061,5384,9139,4344,4795,5221,2504,2717,1306,627,679,
39180,5224,2574,2650,9140,4473,4667,10446,5062,5384,9140,4345,4795,5223,2505,2718,1306,627,679,
39185,5224,2574,2650,9142,4473,4669,10447,5062,5385,9141,4346,4795,5224,2505,2719,1306,627,679,
39190,5225,2574,2651,9144,4474,4670,10450,5064,5386,9143,4348,4795,5224,2505,2719,1306,627,679,
39195,5226,2574,2652,9144,4474,4670,10450,5064,5386,9144,4349,4795,5224,2505,2719,1306,627,679,
39200,5227,2574,2653,9146,4475,4671,10453,5067,5386,9145,4350,4795,5225,2505,2720,1306,627,679,
39205,5227,2574,2653,9147,4475,4672,10453,5067,5386,9146,4350,4796,5225,2505,2720,1307,627,680,
39210,5228,2574,2654,9147,4475,4672,10454,5068,5386,9147,4351,4796,5227,2506,2721,1307,627,680,
39215,5228,2574,2654,9149,4477,4672,10455,5068,5387,9148,4351,4797,5228,2506,2722,1307,627,680,
39220,5229,2574,2655,9151,4477,4674,10458,5069,5389,9150,4352,4798,5228,2506,2722,1307,627,680,
39225,5230,2575,2655,9151,4477,4674,10458,5069,5389,9151,4352,4799,5228,2506,2722,1307,627,680,
39230,5231,2575,2656,9153,4477,4676,10461,5071,5390,9152,4353,4799,5229,2506,2723,1307,627,680,
39235,5231,2575,2656,9154,4477,4677,10461,5071,5390,9153,4353,4800,5229,2506,2723,1308,628,680,
39240,5232,2575,2657,9154,4477,4677,10462,5071,5391,9154,4353,4801,5231,2506,2725,1308,628,680,
39245,5232,2575,2657,9156,4477,4679,10463,5071,5392,9155,4354,4801,5232,2506,2726,1308,628,680,
39250,5233,2575,2658,9158,4478,4680,10466,5072,5394,9157,4356,4801,5232,2506,2726,1308,628,680,
39255,5234,2575,2659,9158,4478,4680,10466,5072,5394,9158,4356,4802,5232,2506,2726,1308,628,680,
39260,5235,2575,2660,9160,4479,4681,10469,5074,5395,9159,4357,4802,5233,2506,2727,1308,628,680,
39265,5235,2575,2660,9161,4480,4681,10469,5074,5395,9160,4358,4802,5233,2506,2727,1309,628,681,
39270,5236,2576,2660,9161,4480,4681,10470,5075,5395,9161,4359,4802,5235,2507,2728,1309,628,681,
39275,5236,2576,2660,9163,4482,4681,10471,5075,5396,9162,4359,4803,5236,2507,2729,1309,628,681,
39280,5237,2577,2660,9165,4484,4681,10474,5077,5397,9164,4359,4805,5236,2507,2729,1309,628,681,
39285,5238,2577,2661,9165,4484,4681,10474,5077,5397,9165,4359,4806,5236,2507,2729,1309,628,681,
39290,5239,2577,2662,9167,4485,4682,10477,5078,5399,9166,4360,4806,5237,2507,2730,1309,628,681,
39295,5239,2577,2662,9168,4485,4683,10477,5078,5399,9167,4361,4806,5237,2507,2730,1310,629,681,
39300,5240,2578,2662,9168,4485,4683,10478,5078,5400,9168,4361,4807,5239,2507,2732,1310,629,681,
39305,5240,2578,2662,9170,4487,4683,10479,5078,5401,9169,4362,4807,5240,2508,2732,1310,629,681,
39310,5241,2578,2663,9172,4487,4685,10482,5079,5403,9171,4363,4808,5240,2508,2732,1310,629,681,
39315,5242,2579,2663,9172,4487,4685,10482,5079,5403,9172,4364,4808,5240,2508,2732,1310,629,681,
39320,5243,2580,2663,9174,4489,4685,10485,5080,5405,9173,4364,4809,5241,2508,2733,1310,629,681,
39325,5243,2580,2663,9175,4490,4685,10485,5080,5405,9174,4365,4809,5241,2508,2733,1311,630,681,
39330,5244,2580,2664,9175,4490,4685,10486,5081,5405,9175,4365,4810,5243,2508,2735,1311,630,681,
39335,5244,2580,2664,9177,4490,4687,10487,5081,5406,9176,4365,4811,5244,2508,2736,1311,630,681,
39340,5245,2581,2664,9179,4492,4687,10490,5082,5408,9178,4365,4813,5244,2508,2736,1311,630,681,
39345,5246,2582,2664,9179,4492,4687,10490,5082,5408,9179,4365,4814,5244,2508,2736,1311,630,681,
39350,5247,2582,2665,9181,4493,4688,10493,5085,5408,9180,4366,4814,5245,2508,2737,1311,630,681,
39355,5247,2582,2665,9182,4493,4689,10493,5085,5408,9181,4366,4815,5245,2508,2737,1312,630,682,
39360,5248,2582,2666,9182,4493,4689,10494,5085,5409,9182,4366,4816,5247,2509,2738,1312,630,682,
39365,5248,2582,2666,9184,4494,4690,10495,5086,5409,9183,4366,4817,5248,2509,2739,1312,630,682,
39370,5249,2582,2667,9186,4494,4692,10498,5088,5410,9185,4366,4819,5248,2509,2739,1312,630,682,
39375,5250,2582,2668,9186,4494,4692,10498,5088,5410,9186,4367,4819,5248,2509,2739,1312,630,682,
39380,5251,2582,2669,9188,4494,4694,10501,5089,5412,9187,4368,4819,5249,2509,2740,1312,630,682,
39385,5251,2582,2669,9189,4494,4695,10501,5089,5412,9188,4369,4819,5249,2509,2740,1313,631,682,
39390,5252,2583,2669,9189,4494,4695,10502,5089,5413,9189,4369,4820,5251,2511,2740,1313,631,682,
39395,5252,2583,2669,9191,4495,4696,10503,5089,5414,9190,4369,4821,5252,2511,2741,1313,631,682,
39400,5253,2584,2669,9193,4495,4698,10506,5090,5416,9192,4370,4822,5252,2511,2741,1313,631,682,
39405,5254,2584,2670,9193,4495,4698,10506,5090,5416,9193,4370,4823,5252,2511,2741,1313,631,682,
39410,5255,2584,2671,9195,4495,4700,10509,5091,5418,9194,4370,4824,5253,2512,2741,1313,631,682,
39415,5255,2584,2671,9196,4496,4700,10509,5091,5418,9195,4371,4824,5253,2512,2741,1314,632,682,
39420,5256,2585,2671,9196,4496,4700,10510,5091,5419,9196,4371,4825,5255,2513,2742,1314,632,682,
39425,5256,2585,2671,9198,4497,4701,10511,5092,5419,9197,4372,4825,5256,2513,2743,1314,632,682,
39430,5257,2585,2672,9200,4498,4702,10514,5093,5421,9199,4373,4826,5256,2513,2743,1314,632,682,
39435,5258,2586,2672,9200,4498,4702,10514,5093,5421,9200,4374,4826,5256,2513,2743,1314,632,682,
39440,5259,2586,2673,9202,4499,4703,10517,5094,5423,9201,4374,4827,5257,2514,2743,1314,632,682,
39445,5259,2586,2673,9203,4499,4704,10517,5094,5423,9202,4374,4828,5257,2514,2743,1315,632,683,
39450,5260,2586,2674,9203,4499,4704,10518,5095,5423,9203,4375,4828,5259,2515,2744,1315,632,683,
39455,5260,2586,2674,9205,4501,4704,10519,5095,5424,9204,4376,4828,5260,2515,2745,1315,632,683,
39460,5261,2586,2675,9207,4502,4705,10522,5097,5425,9206,4377,4829,5260,2515,2745,1315,632,683,
39465,5262,2587,2675,9207,4502,4705,10522,5097,5425,9207,4378,4829,5260,2515,2745,1315,632,683,
39470,5263,2588,2675,9209,4503,4706,10525,5098,5427,9208,4378,4830,5261,2515,2746,1315,632,683,
39475,5263,2588,2675,9210,4504,4706,10525,5098,5427,9209,4378,4831,5261,2515,2746,1316,633,683,
39480,5264,2589,2675,9210,4504,4706,10526,5099,5427,9210,4379,4831,5263,2516,2747,1316,633,683,
39485,5264,2589,2675,9212,4505,4707,10527,5100,5427,9211,4380,4831,5264,2517,2747,1316,633,683,
39490,5265,2590,2675,9214,4506,4708,10530,5101,5429,9213,4380,4833,5264,2517,2747,1316,633,683,
39495,5266,2591,2675,9214,4506,4708,10530,5101,5429,9214,4381,4833,5264,2517,2747,1316,633,683,
39500,5267,2591,2676,9216,4506,4710,10533,5101,5432,9215,4382,4833,5265,2517,2748,1316,633,683,
39505,5267,2591,2676,9217,4506,4711,10533,5101,5432,9216,4383,4833,5265,2517,2748,1317,634,683,
39510,5268,2591,2677,9217,4506,4711,10534,5101,5433,9217,4383,4834,5267,2518,2749,1317,634,683,
39515,5268,2591,2677,9219,4507,4712,10535,5101,5434,9218,4383,4835,5268,2519,2749,1317,634,683,
39520,5269,2592,2677,9221,4509,4712,10538,5101,5437,9220,4383,4837,5268,2519,2749,1317,634,683,
39525,5270,2592,2678,9221,4509,4712,10538,5101,5437,9221,4384,4837,5268,2519,2749,1317,634,683,
39530,5271,2592,2679,9223,4509,4714,10541,5103,5438,9222,4385,4837,5269,2519,2750,1317,634,683,
39535,5271,2592,2679,9224,4510,4714,10541,5103,5438,9223,4386,4837,5269,2519,2750,1318,635,683,
39540,5272,2593,2679,9224,4510,4714,10542,5103,5439,9224,4386,4838,5271,2521,2750,1318,635,683,
39545,5272,2593,2679,9226,4511,4715,10543,5103,5440,9225,4387,4838,5272,2522,2750,1318,635,683,
39550,5273,2594,2679,9228,4512,4716,10546,5105,5441,9227,4389,4838,5272,2522,2750,1318,635,683,
39555,5274,2594,2680,9228,4512,4716,10546,5105,5441,9228,4389,4839,5272,2522,2750,1318,635,683,
39560,5275,2594,2681,9230,4513,4717,10549,5106,5443,9229,4390,4839,5273,2523,2750,1318,635,683,
39565,5275,2594,2681,9231,4514,4717,10549,5106,5443,9230,4390,4840,5273,2523,2750,1319,636,683,
39570,5276,2594,2682,9231,4514,4717,10550,5107,5443,9231,4391,4840,5275,2523,2752,1319,636,683,
39575,5276,2594,2682,9233,4514,4719,10551,5108,5443,9232,4391,4841,5276,2524,2752,1319,636,683,
39580,5277,2595,2682,9235,4515,4720,10554,5110,5444,9234,4392,4842,5276,2524,2752,1319,636,683,
39585,5278,2596,2682,9235,4515,4720,10554,5110,5444,9235,4392,4843,5276,2524,2752,1319,636,683,
39590,5279,2596,2683,9237,4516,4721,10557,5111,5446,9236,4392,4844,5277,2525,2752,1319,636,683,
39595,5279,2596,2683,9238,4516,4722,10557,5111,5446,9237,4393,4844,5277,2525,2752,1320,637,683,
39600,5280,2596,2684,9238,4516,4722,10558,5112,5446,9238,4394,4844,5279,2526,2753,1320,637,683,
39605,5280,2596,2684,9240,4518,4722,10559,5112,5447,9239,4394,4845,5280,2527,2753,1320,637,683,
39610,5281,2596,2685,9242,4519,4723,10562,5114,5448,9241,4395,4846,5280,2527,2753,1320,637,683,
39615,5282,2597,2685,9242,4519,4723,10562,5114,5448,9242,4395,4847,5280,2527,2753,1320,637,683,
39620,5283,2598,2685,9244,4519,4725,10565,5115,5450,9243,4395,4848,5281,2528,2753,1320,637,683,
39625,5283,2598,2685,9245,4520,4725,10565,5115,5450,9244,4396,4848,5281,2528,2753,1321,638,683,
39630,5284,2599,2685,9245,4520,4725,10566,5116,5450,9245,4397,4848,5283,2529,2754,1321,638,683,
39635,5284,2599,2685,9247,4520,4727,10567,5117,5450,9246,4398,4848,5284,2529,2755,1321,638,683,
39640,5285,2600,2685,9249,4520,4729,10570,5119,5451,9248,4398,4850,5284,2529,2755,1321,638,683,
39645,5286,2600,2686,9249,4520,4729,10570,5119,5451,9249,4398,4851,5284,2529,2755,1321,638,683,
39650,5287,2600,2687,9251,4521,4730,10573,5120,5453,9250,4398,4852,5285,2530,2755,1321,638,683,
39655,5287,2600,2687,9252,4521,4731,10573,5120,5453,9251,4399,4852,5285,2530,2755,1322,638,684,
39660,5288,2601,2687,9252,4521,4731,10574,5121,5453,9252,4400,4852,5287,2530,2757,1322,638,684,
39665,5288,2601,2687,9254,4521,4733,10575,5122,5453,9253,4400,4853,5288,2530,2758,1322,638,684,
39670,5289,2601,2688,9256,4523,4733,10578,5123,5455,9255,4401,4854,5288,2530,2758,1322,638,684,
39675,5290,2602,2688,9256,4523,4733,10578,5123,5455,9256,4402,4854,5288,2530,2758,1322,638,684,
39680,5291,2602,2689,9258,4524,4734,10581,5124,5457,9257,4403,4854,5289,2531,2758,1322,638,684,
39685,5291,2602,2689,9259,4524,4735,10581,5124,5457,9258,4404,4854,5289,2531,2758,1323,638,685,
39690,5292,2603,2689,9259,4524,4735,10582,5125,5457,9259,4405,4854,5291,2532,2759,1323,638,685,
39695,5292,2603,2689,9261,4524,4737,10583,5126,5457,9260,4406,4854,5292,2532,2760,1323,638,685,
39700,5293,2603,2690,9263,4525,4738,10586,5126,5460,9262,4407,4855,5292,2532,2760,1323,638,685,
39705,5294,2604,2690,9263,4525,4738,10586,5126,5460,9263,4408,4855,5292,2532,2760,1323,638,685,
39710,5295,2605,2690,9265,4527,4738,10589,5128,5461,9264,4408,4856,5293,2533,2760,1323,638,685,
39715,5295,2605,2690,9266,4528,4738,10589,5128,5461,9265,4409,4856,5293,2533,2760,1324,638,686,
39720,5296,2606,2690,9266,4528,4738,10590,5129,5461,9266,4410,4856,5295,2535,2760,1324,638,686,
39725,5296,2606,2690,9268,4529,4739,10591,5129,5462,9267,4411,4856,5296,2535,2761,1324,638,686,
39730,5297,2607,2690,9270,4531,4739,10594,5130,5464,9269,4412,4857,5296,2535,2761,1324,638,686,
39735,5298,2607,2691,9270,4531,4739,10594,5130,5464,9270,4413,4857,5296,2535,2761,1324,638,686,
39740,5299,2608,2691,9272,4532,4740,10597,5131,5466,9271,4414,4857,5297,2536,2761,1324,638,686,
39745,5299,2608,2691,9273,4533,4740,10597,5131,5466,9272,4415,4857,5297,2536,2761,1325,639,686,
39750,5300,2608,2692,9273,4533,4740,10598,5131,5467,9273,4415,4858,5299,2538,2761,1325,639,686,
39755,5300,2608,2692,9275,4534,4741,10599,5131,5468,9274,4415,4859,5300,2539,2761,1325,639,686,
39760,5301,2609,2692,9277,4535,4742,10602,5132,5470,9276,4417,4859,5300,2539,2761,1325,639,686,
39765,5302,2609,2693,9277,4535,4742,10602,5132,5470,9277,4418,4859,5300,2539,2761,1325,639,686,
39770,5303,2609,2694,9279,4536,4743,10605,5134,5471,9278,4419,4859,5301,2540,2761,1325,639,686,
39775,5303,2609,2694,9280,4537,4743,10605,5134,5471,9279,4419,4860,5301,2540,2761,1326,640,686,
39780,5304,2609,2695,9280,4537,4743,10606,5135,5471,9280,4419,4861,5303,2541,2762,1326,640,686,
39785,5304,2609,2695,9282,4539,4743,10607,5135,5472,9281,4419,4862,5304,2541,2763,1326,640,686,
39790,5305,2609,2696,9284,4541,4743,10610,5137,5473,9283,4419,4864,5304,2541,2763,1326,640,686,
39795,5306,2610,2696,9284,4541,4743,10610,5137,5473,9284,4420,4864,5304,2541,2763,1326,640,686,
39800,5307,2611,2696,9286,4542,4744,10613,5139,5474,9285,4420,4865,5305,2542,2763,1326,640,686,
39805,5307,2611,2696,9287,4543,4744,10613,5139,5474,9286,4421,4865,5305,2542,2763,1327,640,687,
39810,5308,2612,2696,9287,4543,4744,10614,5139,5475,9287,4421,4866,5307,2544,2763,1327,640,687,
39815,5308,2612,2696,9289,4544,4745,10615,5139,5476,9288,4422,4866,5308,2545,2763,1327,640,687,
39820,5309,2612,2697,9291,4545,4746,10618,5142,5476,9290,4422,4868,5308,2545,2763,1327,640,687,
39825,5310,2613,2697,9291,4545,4746,10618,5142,5476,9291,4423,4868,5308,2545,2763,1327,640,687,
39830,5311,2613,2698,9293,4547,4746,10621,5143,5478,9292,4423,4869,5309,2545,2764,1327,640,687,
39835,5311,2613,2698,9294,4547,4747,10621,5143,5478,9293,4424,4869,5309,2545,2764,1328,640,688,
39840,5312,2614,2698,9294,4547,4747,10622,5144,5478,9294,4425,4869,5311,2545,2766,1328,640,688,
39845,5312,2614,2698,9296,4548,4748,10623,5144,5479,9295,4426,4869,5312,2545,2767,1328,640,688,
39850,5313,2615,2698,9298,4549,4749,10626,5147,5479,9297,4428,4869,5312,2545,2767,1328,640,688,
39855,5314,2616,2698,9298,4549,4749,10626,5147,5479,9298,4428,4870,5312,2545,2767,1328,640,688,
39860,5315,2617,2698,9300,4551,4749,10629,5149,5480,9299,4429,4870,5313,2546,2767,1328,640,688,
39865,5315,2617,2698,9301,4552,4749,10629,5149,5480,9300,4429,4871,5313,2546,2767,1329,641,688,
39870,5316,2618,2698,9301,4552,4749,10630,5150,5480,9301,4430,4871,5315,2547,2768,1329,641,688,
39875,5316,2618,2698,9303,4554,4749,10631,5151,5480,9302,4431,4871,5316,2547,2769,1329,641,688,
39880,5317,2619,2698,9305,4555,4750,10634,5152,5482,9304,4431,4873,5316,2547,2769,1329,641,688,
39885,5318,2620,2698,9305,4555,4750,10634,5152,5482,9305,4431,4874,5316,2547,2769,1329,641,688,
39890,5319,2620,2699,9307,4555,4752,10637,5153,5484,9306,4432,4874,5317,2547,2770,1329,641,688,
39895,5319,2620,2699,9308,4556,4752,10637,5153,5484,9307,4433,4874,5317,2547,2770,1330,641,689,
39900,5320,2621,2699,9308,4556,4752,10638,5154,5484,9308,4433,4875,5319,2549,2770,1330,641,689,
39905,5320,2621,2699,9310,4557,4753,10639,5154,5485,9309,4433,4876,5320,2549,2771,1330,641,689,
39910,5321,2622,2699,9312,4559,4753,10642,5156,5486,9311,4434,4877,5320,2549,2771,1330,641,689,
39915,5322,2622,2700,9312,4559,4753,10642,5156,5486,9312,4434,4878,5320,2549,2771,1330,641,689,
39920,5323,2623,2700,9314,4559,4755,10645,5156,5489,9313,4434,4879,5321,2550,2771,1330,641,689,
39925,5323,2623,2700,9315,4560,4755,10645,5156,5489,9314,4434,4880,5321,2550,2771,1331,641,690,
39930,5324,2623,2701,9315,4560,4755,10646,5157,5489,9315,4435,4880,5323,2551,2772,1331,641,690,
39935,5324,2623,2701,9317,4562,4755,10647,5157,5490,9316,4435,4881,5324,2551,2773,1331,641,690,
39940,5325,2624,2701,9319,4563,4756,10650,5157,5493,9318,4437,4881,5324,2551,2773,1331,641,690,
39945,5326,2625,2701,9319,4563,4756,10650,5157,5493,9319,4437,4882,5324,2551,2773,1331,641,690,
39950,5327,2626,2701,9321,4564,4757,10653,5159,5494,9320,4437,4883,5325,2552,2773,1331,641,690,
39955,5327,2626,2701,9322,4564,4758,10653,5159,5494,9321,4438,4883,5325,2552,2773,1332,641,691,
39960,5328,2627,2701,9322,4564,4758,10654,5159,5495,9322,4438,4884,5327,2553,2774,1332,641,691,
39965,5328,2627,2701,9324,4566,4758,10655,5159,5496,9323,4439,4884,5328,2554,2774,1332,641,691,
39970,5329,2628,2701,9326,4566,4760,10658,5160,5498,9325,4440,4885,5328,2554,2774,1332,641,691,
39975,5330,2628,2702,9326,4566,4760,10658,5160,5498,9326,4441,4885,5328,2554,2774,1332,641,691,
39980,5331,2628,2703,9328,4567,4761,10661,5161,5500,9327,4442,4885,5329,2554,2775,1332,641,691,
39985,5331,2628,2703,9329,4567,4762,10661,5161,5500,9328,4443,4885,5329,2554,2775,1333,641,692,
39990,5332,2628,2704,9329,4567,4762,10662,5161,5501,9329,4444,4885,5331,2555,2776,1333,641,692,
39995,5332,2628,2704,9331,4567,4764,10663,5161,5502,9330,4445,4885,5332,2556,2776,1333,641,692,
40000,5333,2628,2705,9333,4568,4765,10666,5162,5504,9332,4446,4886,5332,2556,2776,1333,641,692,
40005,5334,2629,2705,9333,4568,4765,10666,5162,5504,9333,4447,4886,5332,2556,2776,1333,641,692,
40010,5335,2630,2705,9335,4570,4765,10669,5163,5506,9334,4448,4886,5333,2557,2776,1333,641,692,
40015,5335,2630,2705,9336,4570,4766,10669,5163,5506,9335,4448,4887,5333,2557,2776,1334,642,692,
40020,5336,2630,2706,9336,4570,4766,10670,5164,5506,9336,4449,4887,5335,2559,2776,1334,642,692,
40025,5336,2630,2706,9338,4570,4768,10671,5165,5506,9337,4449,4888,5336,2559,2777,1334,642,692,
40030,5337,2630,2707,9340,4572,4768,10674,5166,5508,9339,4450,4889,5336,2559,2777,1334,642,692,
40035,5338,2631,2707,9340,4572,4768,10674,5166,5508,9340,4450,4890,5336,2559,2777,1334,642,692,
40040,5339,2632,2707,9342,4572,4770,10677,5167,5510,9341,4451,4890,5337,2560,2777,1334,642,692,
40045,5339,2632,2707,9343,4572,4771,10677,5167,5510,9342,4451,4891,5337,2560,2777,1335,643,692,
40050,5340,2633,2707,9343,4572,4771,10678,5167,5511,9343,4451,4892,5339,2561,2778,1335,643,692,
40055,5340,2633,2707,9345,4573,4772,10679,5168,5511,9344,4452,4892,5340,2562,2778,1335,643,692,
40060,5341,2634,2707,9347,4574,4773,10682,5169,5513,9346,4452,4894,5340,2562,2778,1335,643,692,
40065,5342,2634,2708,9347,4574,4773,10682,5169,5513,9347,4453,4894,5340,2562,2778,1335,643,692,
40070,5343,2634,2709,9349,4574,4775,10685,5170,5515,9348,4453,4895,5341,2562,2779,1335,643,692,
40075,5343,2634,2709,9350,4574,4776,10685,5170,5515,9349,4454,4895,5341,2562,2779,1336,643,693,
40080,5344,2634,2710,9350,4574,4776,10686,5170,5516,9350,4455,4895,5343,2562,2781,1336,643,693,
40085,5344,2634,2710,9352,4574,4778,10687,5171,5516,9351,4456,4895,5344,2562,2782,1336,643,693,
40090,5345,2634,2711,9354,4574,4780,10690,5174,5516,9353,4458,4895,5344,2562,2782,1336,643,693,
40095,5346,2635,2711,9354,4574,4780,10690,5174,5516,9354,4458,4896,5344,2562,2782,1336,643,693,
40100,5347,2635,2712,9356,4575,4781,10693,5175,5518,9355,4458,4897,5345,2562,2783,1336,643,693,
40105,5347,2635,2712,9357,4576,4781,10693,5175,5518,9356,4458,4898,5345,2562,2783,1337,644,693,
40110,5348,2635,2713,9357,4576,4781,10694,5176,5518,9357,4458,4899,5347,2562,2785,1337,644,693,
40115,5348,2635,2713,9359,4576,4783,10695,5176,5519,9358,4458,4900,5348,2563,2785,1337,644,693,
40120,5349,2635,2714,9361,4577,4784,10698,5178,5520,9360,4459,4901,5348,2563,2785,1337,644,693,
40125,5350,2635,2715,9361,4577,4784,10698,5178,5520,9361,4459,4902,5348,2563,2785,1337,644,693,
40130,5351,2636,2715,9363,4577,4786,10701,5179,5522,9362,4459,4903,5349,2563,2786,1337,644,693,
40135,5351,2636,2715,9364,4577,4787,10701,5179,5522,9363,4459,4904,5349,2563,2786,1338,644,694,
40140,5352,2637,2715,9364,4577,4787,10702,5180,5522,9364,4459,4905,5351,2563,2788,1338,644,694,
40145,5352,2637,2715,9366,4577,4789,10703,5180,5523,9365,4459,4906,5352,2564,2788,1338,644,694,
40150,5353,2637,2716,9368,4579,4789,10706,5181,5525,9367,4460,4907,5352,2564,2788,1338,644,694,
40155,5354,2637,2717,9368,4579,4789,10706,5181,5525,9368,4460,4908,5352,2564,2788,1338,644,694,
40160,5355,2637,2718,9370,4580,4790,10709,5182,5527,9369,4460,4909,5353,2564,2789,1338,644,694,
40165,5355,2637,2718,9371,4581,4790,10709,5182,5527,9370,4461,4909,5353,2564,2789,1339,644,695,
40170,5356,2638,2718,9371,4581,4790,10710,5182,5528,9371,4461,4910,5355,2566,2789,1339,644,695,
40175,5356,2638,2718,9373,4582,4791,10711,5183,5528,9372,4461,4911,5356,2567,2789,1339,644,695,
40180,5357,2639,2718,9375,4582,4793,10714,5185,5529,9374,4461,4913,5356,2567,2789,1339,644,695,
40185,5358,2640,2718,9375,4582,4793,10714,5185,5529,9375,4462,4913,5356,2567,2789,1339,644,695,
40190,5359,2640,2719,9377,4583,4794,10717,5187,5530,9376,4463,4913,5357,2567,2790,1339,644,695,
40195,5359,2640,2719,9378,4584,4794,10717,5187,5530,9377,4463,4914,5357,2567,2790,1340,644,696,
40200,5360,2641,2719,9378,4584,4794,10718,5188,5530,9378,4463,4915,5359,2569,2790,1340,644,696,
40205,5360,2641,2719,9380,4585,4795,10719,5188,5531,9379,4463,4916,5360,2570,2790,1340,644,696,
40210,5361,2641,2720,9382,4586,4796,10722,5189,5533,9381,4465,4916,5360,2570,2790,1340,644,696,
40215,5362,2641,2721,9382,4586,4796,10722,5189,5533,9382,4465,4917,5360,2570,2790,1340,644,696,
40220,5363,2641,2722,9384,4587,4797,10725,5190,5535,9383,4466,4917,5361,2571,2790,1340,644,696,
40225,5363,2641,2722,9385,4587,4798,10725,5190,5535,9384,4467,4917,5361,2571,2790,1341,645,696,
40230,5364,2642,2722,9385,4587,4798,10726,5190,5536,9385,4468,4917,5363,2573,2790,1341,645,696,
40235,5364,2642,2722,9387,4588,4799,10727,5190,5537,9386,4469,4917,5364,2573,2791,1341,645,696,
40240,5365,2642,2723,9389,4589,4800,10730,5191,5539,9388,4470,4918,5364,2573,2791,1341,645,696,
40245,5366,2642,2724,9389,4589,4800,10730,5191,5539,9389,4470,4919,5364,2573,2791,1341,645,696,
40250,5367,2643,2724,9391,4590,4801,10733,5194,5539,9390,4470,4920,5365,2574,2791,1341,645,696,
40255,5367,2643,2724,9392,4591,4801,10733,5194,5539,9391,4471,4920,5365,2574,2791,1342,646,696,
40260,5368,2643,2725,9392,4591,4801,10734,5195,5539,9392,4471,4921,5367,2576,2791,1342,646,696,
40265,5368,2643,2725,9394,4592,4802,10735,5196,5539,9393,4472,4921,5368,2577,2791,1342,646,696,
40270,5369,2644,2725,9396,4593,4803,10738,5199,5539,9395,4473,4922,5368,2577,2791,1342,646,696,
40275,5370,2645,2725,9396,4593,4803,10738,5199,5539,9396,4473,4923,5368,2577,2791,1342,646,696,
40280,5371,2645,2726,9398,4594,4804,10741,5201,5540,9397,4473,4924,5369,2578,2791,1342,646,696,
40285,5371,2645,2726,9399,4594,4805,10741,5201,5540,9398,4474,4924,5369,2578,2791,1343,647,696,
40290,5372,2645,2727,9399,4594,4805,10742,5202,5540,9399,4475,4924,5371,2579,2792,1343,647,696,
40295,5372,2645,2727,9401,4596,4805,10743,5202,5541,9400,4475,4925,5372,2579,2793,1343,647,696,
40300,5373,2645,2728,9403,4597,4806,10746,5204,5542,9402,4475,4927,5372,2579,2793,1343,647,696,
40305,5374,2646,2728,9403,4597,4806,10746,5204,5542,9403,4476,4927,5372,2579,2793,1343,647,696,
40310,5375,2647,2728,9405,4597,4808,10749,5204,5545,9404,4476,4928,5373,2580,2793,1343,647,696,
40315,5375,2647,2728,9406,4598,4808,10749,5204,5545,9405,4477,4928,5373,2580,2793,1344,647,697,
40320,5376,2648,2728,9406,4598,4808,10750,5204,5546,9406,4477,4929,5375,2580,2795,1344,647,697,
40325,5376,2648,2728,9408,4599,4809,10751,5205,5546,9407,4477,4930,5376,2581,2795,1344,647,697,
40330,5377,2649,2728,9410,4599,4811,10754,5207,5547,9409,4477,4932,5376,2581,2795,1344,647,697,
40335,5378,2650,2728,9410,4599,4811,10754,5207,5547,9410,4477,4933,5376,2581,2795,1344,647,697,
40340,5379,2651,2728,9412,4600,4812,10757,5209,5548,9411,4478,4933,5377,2582,2795,1344,647,697,
40345,5379,2651,2728,9413,4600,4813,10757,5209,5548,9412,4479,4933,5377,2582,2795,1345,647,698,
40350,5380,2652,2728,9413,4600,4813,10758,5209,5549,9413,4480,4933,5379,2583,2796,1345,647,698,
40355,5380,2652,2728,9415,4600,4815,10759,5210,5549,9414,4481,4933,5380,2583,2797,1345,647,698,
40360,5381,2652,2729,9417,4601,4816,10762,5212,5550,9416,4482,4934,5380,2583,2797,1345,647,698,
40365,5382,2653,2729,9417,4601,4816,10762,5212,5550,9417,4482,4935,5380,2583,2797,1345,647,698,
40370,5383,2654,2729,9419,4603,4816,10765,5213,5552,9418,4483,4935,5381,2584,2797,1345,647,698,
40375,5383,2654,2729,9420,4604,4816,10765,5213,5552,9419,4484,4935,5381,2584,2797,1346,647,699,
40380,5384,2655,2729,9420,4604,4816,10766,5213,5553,9420,4484,4936,5383,2585,2798,1346,647,699,
40385,5384,2655,2729,9422,4605,4817,10767,5214,5553,9421,4484,4937,5384,2585,2799,1346,647,699,
40390,5385,2656,2729,9424,4607,4817,10770,5216,5554,9423,4485,4938,5384,2585,2799,1346,647,699,
40395,5386,2656,2730,9424,4607,4817,10770,5216,5554,9424,4486,4938,5384,2585,2799,1346,647,699,
40400,5387,2657,2730,9426,4609,4817,10773,5217,5556,9425,4486,4939,5385,2586,2799,1346,647,699,
40405,5387,2657,2730,9427,4610,4817,10773,5217,5556,9426,4486,4940,5385,2586,2799,1347,647,700,
40410,5388,2658,2730,9427,4610,4817,10774,5217,5557,9427,4487,4940,5387,2587,2800,1347,647,700,
40415,5388,2658,2730,9429,4611,4818,10775,5218,5557,9428,4488,4940,5388,2587,2801,1347,647,700,
40420,5389,2658,2731,9431,4612,4819,10778,5221,5557,9430,4488,4942,5388,2587,2801,1347,647,700,
40425,5390,2659,2731,9431,4612,4819,10778,5221,5557,9431,4489,4942,5388,2587,2801,1347,647,700,
40430,5391,2659,2732,9433,4613,4820,10781,5221,5560,9432,4490,4942,5389,2588,2801,1347,647,700,
40435,5391,2659,2732,9434,4613,4821,10781,5221,5560,9433,4490,4943,5389,2588,2801,1348,648,700,
40440,5392,2660,2732,9434,4613,4821,10782,5221,5561,9434,4491,4943,5391,2588,2803,1348,648,700,
40445,5392,2660,2732,9436,4615,4821,10783,5221,5562,9435,4491,4944,5392,2588,2804,1348,648,700,
40450,5393,2660,2733,9438,4616,4822,10786,5221,5565,9437,4493,4944,5392,2588,2804,1348,648,700,
40455,5394,2660,2734,9438,4616,4822,10786,5221,5565,9438,4493,4945,5392,2588,2804,1348,648,700,
40460,5395,2660,2735,9440,4616,4824,10789,5221,5568,9439,4494,4945,5393,2589,2804,1348,648,700,
40465,5395,2660,2735,9441,4617,4824,10789,5221,5568,9440,4495,4945,5393,2589,2804,1349,649,700,
40470,5396,2660,2736,9441,4617,4824,10790,5222,5568,9441,4496,4945,5395,2590,2805,1349,649,700,
40475,5396,2660,2736,9443,4618,4825,10791,5222,5569,9442,4496,4946,5396,2590,2806,1349,649,700,
40480,5397,2661,2736,9445,4618,4827,10794,5223,5571,9444,4497,4947,5396,2590,2806,1349,649,700,
40485,5398,2662,2736,9445,4618,4827,10794,5223,5571,9445,4497,4948,5396,2590,2806,1349,649,700,
40490,5399,2663,2736,9447,4619,4828,10797,5224,5573,9446,4497,4949,5397,2591,2806,1349,649,700,
40495,5399,2663,2736,9448,4620,4828,10797,5224,5573,9447,4497,4950,5397,2591,2806,1350,650,700,
40500,5400,2663,2737,9448,4620,4828,10798,5225,5573,9448,4497,4951,5399,2593,2806,1350,650,700,
40505,5400,2663,2737,9450,4620,4830,10799,5226,5573,9449,4498,4951,5400,2593,2807,1350,650,700,
40510,5401,2663,2738,9452,4622,4830,10802,5227,5575,9451,4499,4952,5400,2593,2807,1350,650,700,
40515,5402,2663,2739,9452,4622,4830,10802,5227,5575,9452,4500,4952,5400,2593,2807,1350,650,700,
40520,5403,2663,2740,9454,4624,4830,10805,5228,5577,9453,4501,4952,5401,2593,2808,1350,650,700,
40525,5403,2663,2740,9455,4624,4831,10805,5228,5577,9454,4501,4953,5401,2593,2808,1351,651,700,
40530,5404,2663,2741,9455,4624,4831,10806,5229,5577,9455,4502,4953,5403,2594,2809,1351,651,700,
40535,5404,2663,2741,9457,4624,4833,10807,5230,5577,9456,4503,4953,5404,2594,2810,1351,651,700,
40540,5405,2663,2742,9459,4626,4833,10810,5230,5580,9458,4504,4954,5404,2594,2810,1351,651,700,
40545,5406,2663,2743,9459,4626,4833,10810,5230,5580,9459,4505,4954,5404,2594,2810,1351,651,700,
40550,5407,2664,2743,9461,4627,4834,10813,5232,5581,9460,4505,4955,5405,2595,2810,1351,651,700,
40555,5407,2664,2743,9462,4627,4835,10813,5232,5581,9461,4506,4955,5405,2595,2810,1352,651,701,
40560,5408,2664,2744,9462,4627,4835,10814,5233,5581,9462,4506,4956,5407,2595,2812,1352,651,701,
40565,5408,2664,2744,9464,4628,4836,10815,5233,5582,9463,4507,4956,5408,2596,2812,1352,651,701,
40570,5409,2665,2744,9466,4629,4837,10818,5234,5584,9465,4509,4956,5408,2596,2812,1352,651,701,
40575,5410,2666,2744,9466,4629,4837,10818,5234,5584,9466,4509,4957,5408,2596,2812,1352,651,701,
40580,5411,2666,2745,9468,4630,4838,10821,5236,5585,9467,4509,4958,5409,2597,2812,1352,651,701,
40585,5411,2666,2745,9469,4630,4839,10821,5236,5585,9468,4509,4959,5409,2597,2812,1353,652,701,
40590,5412,2666,2746,9469,4630,4839,10822,5236,5586,9469,4509,4960,5411,2598,2813,1353,652,701,
40595,5412,2666,2746,9471,4631,4840,10823,5237,5586,9470,4509,4961,5412,2599,2813,1353,652,701,
40600,5413,2667,2746,9473,4633,4840,10826,5237,5589,9472,4510,4962,5412,2599,2813,1353,652,701,
40605,5414,2667,2747,9473,4633,4840,10826,5237,5589,9473,4510,4963,5412,2599,2813,1353,652,701,
40610,5415,2668,2747,9475,4634,4841,10829,5237,5592,9474,4511,4963,5413,2599,2814,1353,652,701,
40615,5415,2668,2747,9476,4634,4842,10829,5237,5592,9475,4511,4964,5413,2599,2814,1354,652,702,
40620,5416,2668,2748,9476,4634,4842,10830,5237,5593,9476,4511,4965,5415,2601,2814,1354,652,702,
40625,5416,2668,2748,9478,4635,4843,10831,5238,5593,9477,4511,4966,5416,2601,2815,1354,652,702,
40630,5417,2669,2748,9480,4636,4844,10834,5240,5594,9479,4512,4967,5416,2601,2815,1354,652,702,
40635,5418,2669,2749,9480,4636,4844,10834,5240,5594,9480,4513,4967,5416,2601,2815,1354,652,702,
40640,5419,2669,2750,9482,4637,4845,10837,5242,5595,9481,4514,4967,5417,2602,2815,1354,652,702,
40645,5419,2669,2750,9483,4638,4845,10837,5242,5595,9482,4514,4968,5417,2602,2815,1355,652,703,
40650,5420,2670,2750,9483,4638,4845,10838,5243,5595,9483,4515,4968,5419,2603,2816,1355,652,703,
40655,5420,2670,2750,9485,4638,4847,10839,5243,5596,9484,4516,4968,5420,2603,2817,1355,652,703,
40660,5421,2671,2750,9487,4639,4848,10842,5244,5598,9486,4518,4968,5420,2603,2817,1355,652,703,
40665,5422,2671,2751,9487,4639,4848,10842,5244,5598,9487,4519,4968,5420,2603,2817,1355,652,703,
40670,5423,2671,2752,9489,4639,4850,10845,5246,5599,9488,4519,4969,5421,2603,2818,1355,652,703,
40675,5423,2671,2752,9490,4640,4850,10845,5246,5599,9489,4520,4969,5421,2603,2818,1356,652,704,
40680,5424,2671,2753,9490,4640,4850,10846,5246,5600,9490,4520,4970,5423,2604,2819,1356,652,704,
40685,5424,2671,2753,9492,4641,4851,10847,5246,5601,9491,4521,4970,5424,2605,2819,1356,652,704,
40690,5425,2671,2754,9494,4642,4852,10850,5248,5602,9493,4521,4972,5424,2605,2819,1356,652,704,
40695,5426,2672,2754,9494,4642,4852,10850,5248,5602,9494,4521,4973,5424,2605,2819,1356,652,704,
40700,5427,2672,2755,9496,4642,4854,10853,5250,5603,9495,4521,4974,5425,2606,2819,1356,652,704,
40705,5427,2672,2755,9497,4642,4855,10853,5250,5603,9496,4522,4974,5425,2606,2819,1357,652,705,
40710,5428,2672,2756,9497,4642,4855,10854,5250,5604,9497,4523,4974,5427,2607,2820,1357,652,705,
40715,5428,2672,2756,9499,4643,4856,10855,5251,5604,9498,4524,4974,5428,2608,2820,1357,652,705,
40720,5429,2673,2756,9501,4645,4856,10858,5252,5606,9500,4525,4975,5428,2608,2820,1357,652,705,
40725,5430,2673,2757,9501,4645,4856,10858,5252,5606,9501,4526,4975,5428,2608,2820,1357,652,705,
40730,5431,2674,2757,9503,4646,4857,10861,5252,5609,9502,4526,4976,5429,2608,2821,1357,652,705,
40735,5431,2674,2757,9504,4646,4858,10861,5252,5609,9503,4527,4976,5429,2608,2821,1358,652,706,
40740,5432,2674,2758,9504,4646,4858,10862,5253,5609,9504,4528,4976,5431,2608,2823,1358,652,706,
40745,5432,2674,2758,9506,4647,4859,10863,5254,5609,9505,4529,4976,5432,2608,2824,1358,652,706,
40750,5433,2674,2759,9508,4648,4860,10866,5255,5611,9507,4530,4977,5432,2608,2824,1358,652,706,
40755,5434,2674,2760,9508,4648,4860,10866,5255,5611,9508,4531,4977,5432,2608,2824,1358,652,706,
40760,5435,2675,2760,9510,4649,4861,10869,5255,5614,9509,4532,4977,5433,2609,2824,1358,652,706,
40765,5435,2675,2760,9511,4650,4861,10869,5255,5614,9510,4532,4978,5433,2609,2824,1359,652,707,
40770,5436,2675,2761,9511,4650,4861,10870,5255,5615,9511,4533,4978,5435,2611,2824,1359,652,707,
40775,5436,2675,2761,9513,4650,4863,10871,5255,5616,9512,4533,4979,5436,2612,2824,1359,652,707,
40780,5437,2675,2762,9515,4651,4864,10874,5258,5616,9514,4534,4980,5436,2612,2824,1359,652,707,
40785,5438,2676,2762,9515,4651,4864,10874,5258,5616,9515,4534,4981,5436,2612,2824,1359,652,707,
40790,5439,2676,2763,9517,4652,4865,10877,5260,5617,9516,4535,4981,5437,2612,2825,1359,652,707,
40795,5439,2676,2763,9518,4652,4866,10877,5260,5617,9517,4535,4982,5437,2612,2825,1360,652,708,
40800,5440,2676,2764,9518,4652,4866,10878,5261,5617,9518,4535,4983,5439,2614,2825,1360,652,708,
40805,5440,2676,2764,9520,4653,4867,10879,5261,5618,9519,4535,4984,5440,2615,2825,1360,652,708,
40810,5441,2677,2764,9522,4653,4869,10882,5263,5619,9521,4536,4985,5440,2615,2825,1360,652,708,
40815,5442,2678,2764,9522,4653,4869,10882,5263,5619,9522,4536,4986,5440,2615,2825,1360,652,708,
40820,5443,2678,2765,9524,4654,4870,10885,5265,5620,9523,4537,4986,5441,2616,2825,1360,652,708,
40825,5443,2678,2765,9525,4655,4870,10885,5265,5620,9524,4538,4986,5441,2616,2825,1361,653,708,
40830,5444,2679,2765,9525,4655,4870,10886,5265,5621,9525,4539,4986,5443,2617,2826,1361,653,708,
40835,5444,2679,2765,9527,4656,4871,10887,5266,5621,9526,4540,4986,5444,2618,2826,1361,653,708,
40840,5445,2680,2765,9529,4657,4872,10890,5267,5623,9528,4541,4987,5444,2618,2826,1361,653,708,
40845,5446,2680,2766,9529,4657,4872,10890,5267,5623,9529,4542,4987,5444,2618,2826,1361,653,708,
40850,5447,2680,2767,9531,4657,4874,10893,5270,5623,9530,4542,4988,5445,2618,2827,1361,653,708,
40855,5447,2680,2767,9532,4658,4874,10893,5270,5623,9531,4543,4988,5445,2618,2827,1362,654,708,
40860,5448,2681,2767,9532,4658,4874,10894,5271,5623,9532,4543,4989,5447,2620,2827,1362,654,708,
40865,5448,2681,2767,9534,4659,4875,10895,5272,5623,9533,4543,4990,5448,2621,2827,1362,654,708,
40870,5449,2681,2768,9536,4661,4875,10898,5272,5626,9535,4544,4991,5448,2621,2827,1362,654,708,
40875,5450,2682,2768,9536,4661,4875,10898,5272,5626,9536,4545,4991,5448,2621,2827,1362,654,708,
40880,5451,2683,2768,9538,4661,4877,10901,5274,5627,9537,4546,4991,5449,2622,2827,1362,654,708,
40885,5451,2683,2768,9539,4661,4878,10901,5274,5627,9538,4547,4991,5449,2622,2827,1363,655,708,
40890,5452,2684,2768,9539,4661,4878,10902,5274,5628,9539,4547,4992,5451,2624,2827,1363,655,708,
40895,5452,2684,2768,9541,4661,4880,10903,5275,5628,9540,4547,4993,5452,2624,2828,1363,655,708,
40900,5453,2685,2768,9543,4662,4881,10906,5276,5630,9542,4548,4994,5452,2624,2828,1363,655,708,
40905,5454,2685,2769,9543,4662,4881,10906,5276,5630,9543,4548,4995,5452,2624,2828,1363,655,708,
40910,5455,2685,2770,9545,4663,4882,10909,5276,5633,9544,4549,4995,5453,2624,2829,1363,655,708,
40915,5455,2685,2770,9546,4664,4882,10909,5276,5633,9545,4550,4995,5453,2624,2829,1364,656,708,
40920,5456,2686,2770,9546,4664,4882,10910,5276,5634,9546,4551,4995,5455,2625,2830,1364,656,708,
40925,5456,2686,2770,9548,4664,4884,10911,5277,5634,9547,4552,4995,5456,2626,2830,1364,656,708,
40930,5457,2686,2771,9550,4666,4884,10914,5278,5636,9549,4553,4996,5456,2626,2830,1364,656,708,
40935,5458,2687,2771,9550,4666,4884,10914,5278,5636,9550,4553,4997,5456,2626,2830,1364,656,708,
40940,5459,2687,2772,9552,4667,4885,10917,5279,5638,9551,4554,4997,5457,2627,2830,1364,656,708,
40945,5459,2687,2772,9553,4667,4886,10917,5279,5638,9552,4555,4997,5457,2627,2830,1365,656,709,
40950,5460,2687,2773,9553,4667,4886,10918,5279,5639,9553,4555,4998,5459,2627,2832,1365,656,709,
40955,5460,2687,2773,9555,4668,4887,10919,5280,5639,9554,4556,4998,5460,2627,2833,1365,656,709,
40960,5461,2688,2773,9557,4669,4888,10922,5282,5640,9556,4556,5000,5460,2627,2833,1365,656,709,
40965,5462,2689,2773,9557,4669,4888,10922,5282,5640,9557,4556,5001,5460,2627,2833,1365,656,709,
40970,5463,2690,2773,9559,4670,4889,10925,5284,5641,9558,4556,5002,5461,2628,2833,1365,656,709,
40975,5463,2690,2773,9560,4671,4889,10925,5284,5641,9559,4556,5003,5461,2628,2833,1366,657,709,
40980,5464,2690,2774,9560,4671,4889,10926,5285,5641,9560,4557,5003,5463,2629,2834,1366,657,709,
40985,5464,2690,2774,9562,4672,4890,10927,5285,5642,9561,4558,5003,5464,2630,2834,1366,657,709,
40990,5465,2691,2774,9564,4673,4891,10930,5286,5644,9563,4558,5005,5464,2630,2834,1366,657,709,
40995,5466,2691,2775,9564,4673,4891,10930,5286,5644,9564,4559,5005,5464,2630,2834,1366,657,709,
41000,5467,2692,2775,9566,4674,4892,10933,5287,5646,9565,4559,5006,5465,2630,2835,1366,657,709,
41005,5467,2692,2775,9567,4674,4893,10933,5287,5646,9566,4560,5006,5465,2630,2835,1367,657,710,
41010,5468,2692,2776,9567,4674,4893,10934,5287,5647,9567,4561,5006,5467,2632,2835,1367,657,710,
41015,5468,2692,2776,9569,4675,4894,10935,5287,5648,9568,4561,5007,5468,2633,2835,1367,657,710,
41020,5469,2692,2777,9571,4676,4895,10938,5288,5650,9570,4562,5008,5468,2633,2835,1367,657,710,
41025,5470,2693,2777,9571,4676,4895,10938,5288,5650,9571,4562,5009,5468,2633,2835,1367,657,710,
41030,5471,2694,2777,9573,4676,4897,10941,5289,5652,9572,4563,5009,5469,2633,2836,1367,657,710,
41035,5471,2694,2777,9574,4676,4898,10941,5289,5652,9573,4563,5010,5469,2633,2836,1368,657,711,
41040,5472,2694,2778,9574,4676,4898,10942,5289,5653,9574,4564,5010,5471,2635,2836,1368,657,711,
41045,5472,2694,2778,9576,4678,4898,10943,5289,5654,9575,4565,5010,5472,2635,2837,1368,657,711,
41050,5473,2695,2778,9578,4679,4899,10946,5290,5656,9577,4566,5011,5472,2635,2837,1368,657,711,
41055,5474,2695,2779,9578,4679,4899,10946,5290,5656,9578,4567,5011,5472,2635,2837,1368,657,711,
41060,5475,2696,2779,9580,4679,4901,10949,5292,5657,9579,4568,5011,5473,2635,2838,1368,657,711,
41065,5475,2696,2779,9581,4679,4902,10949,5292,5657,9580,4568,5012,5473,2635,2838,1369,657,712,
41070,5476,2697,2779,9581,4679,4902,10950,5293,5657,9581,4569,5012,5475,2635,2840,1369,657,712,
41075,5476,2697,2779,9583,4679,4904,10951,5293,5658,9582,4569,5013,5476,2635,2841,1369,657,712,
41080,5477,2698,2779,9585,4679,4906,10954,5295,5659,9584,4570,5014,5476,2635,2841,1369,657,712,
41085,5478,2699,2779,9585,4679,4906,10954,5295,5659,9585,4571,5014,5476,2635,2841,1369,657,712,
41090,5479,2700,2779,9587,4681,4906,10957,5298,5659,9586,4572,5014,5477,2635,2842,1369,657,712,
41095,5479,2700,2779,9588,4681,4907,10957,5298,5659,9587,4572,5015,5477,2635,2842,1370,658,712,
41100,5480,2700,2780,9588,4681,4907,10958,5298,5660,9588,4572,5016,5479,2636,2843,1370,658,712,
41105,5480,2700,2780,9590,4682,4908,10959,5299,5660,9589,4573,5016,5480,2637,2843,1370,658,712,
41110,5481,2701,2780,9592,4683,4909,10962,5300,5662,9591,4574,5017,5480,2637,2843,1370,658,712,
41115,5482,2702,2780,9592,4683,4909,10962,5300,5662,9592,4574,5018,5480,2637,2843,1370,658,712,
41120,5483,2702,2781,9594,4684,4910,10965,5300,5665,9593,4575,5018,5481,2637,2844,1370,658,712,
41125,5483,2702,2781,9595,4684,4911,10965,5300,5665,9594,4576,5018,5481,2637,2844,1371,658,713,
41130,5484,2702,2782,9595,4684,4911,10966,5301,5665,9595,4576,5019,5483,2638,2845,1371,658,713,
41135,5484,2702,2782,9597,4685,4912,10967,5301,5666,9596,4576,5020,5484,2639,2845,1371,658,713,
41140,5485,2703,2782,9599,4687,4912,10970,5302,5668,9598,4577,5021,5484,2639,2845,1371,658,713,
41145,5486,2703,2783,9599,4687,4912,10970,5302,5668,9599,4577,5022,5484,2639,2845,1371,658,713,
41150,5487,2704,2783,9601,4688,4913,10973,5304,5669,9600,4577,5023,5485,2639,2846,1371,658,713,
41155,5487,2704,2783,9602,4689,4913,10973,5304,5669,9601,4578,5023,5485,2639,2846,1372,658,714,
41160,5488,2704,2784,9602,4689,4913,10974,5304,5670,9602,4579,5023,5487,2640,2847,1372,658,714,
41165,5488,2704,2784,9604,4690,4914,10975,5305,5670,9603,4580,5023,5488,2641,2847,1372,658,714,
41170,5489,2705,2784,9606,4691,4915,10978,5307,5671,9605,4582,5023,5488,2641,2847,1372,658,714,
41175,5490,2705,2785,9606,4691,4915,10978,5307,5671,9606,4582,5024,5488,2641,2847,1372,658,714,
41180,5491,2706,2785,9608,4691,4917,10981,5310,5671,9607,4582,5025,5489,2642,2847,1372,658,714,
41185,5491,2706,2785,9609,4691,4918,10981,5310,5671,9608,4582,5026,5489,2642,2847,1373,659,714,
41190,5492,2707,2785,9609,4691,4918,10982,5310,5672,9609,4583,5026,5491,2644,2847,1373,659,714,
41195,5492,2707,2785,9611,4691,4920,10983,5310,5673,9610,4583,5027,5492,2644,2848,1373,659,714,
41200,5493,2707,2786,9613,4691,4922,10986,5312,5674,9612,4585,5027,5492,2644,2848,1373,659,714,
41205,5494,2707,2787,9613,4691,4922,10986,5312,5674,9613,4586,5027,5492,2644,2848,1373,659,714,
41210,5495,2707,2788,9615,4693,4922,10989,5314,5675,9614,4587,5027,5493,2645,2848,1373,659,714,
41215,5495,2707,2788,9616,4694,4922,10989,5314,5675,9615,4588,5027,5493,2645,2848,1374,659,715,
41220,5496,2707,2789,9616,4694,4922,10990,5314,5676,9616,4589,5027,5495,2647,2848,1374,659,715,
41225,5496,2707,2789,9618,4696,4922,10991,5314,5677,9617,4590,5027,5496,2647,2849,1374,659,715,
41230,5497,2708,2789,9620,4697,4923,10994,5316,5678,9619,4592,5027,5496,2647,2849,1374,659,715,
41235,5498,2708,2790,9620,4697,4923,10994,5316,5678,9620,4593,5027,5496,2647,2849,1374,659,715,
41240,5499,2708,2791,9622,4697,4925,10997,5316,5681,9621,4593,5028,5497,2647,2850,1374,659,715,
41245,5499,2708,2791,9623,4697,4926,10997,5316,5681,9622,4593,5029,5497,2647,2850,1375,659,716,
41250,5500,2708,2792,9623,4697,4926,10998,5316,5682,9623,4593,5030,5499,2649,2850,1375,659,716,
41255,5500,2708,2792,9625,4697,4928,10999,5317,5682,9624,4593,5031,5500,2649,2851,1375,659,716,
41260,5501,2708,2793,9627,4698,4929,11002,5317,5685,9626,4594,5032,5500,2649,2851,1375,659,716,
41265,5502,2708,2794,9627,4698,4929,11002,5317,5685,9627,4594,5033,5500,2649,2851,1375,659,716,
41270,5503,2709,2794,9629,4699,4930,11005,5320,5685,9628,4595,5033,5501,2650,2851,1375,659,716,
41275,5503,2709,2794,9630,4700,4930,11005,5320,5685,9629,4596,5033,5501,2650,2851,1376,660,716,
41280,5504,2709,2795,9630,4700,4930,11006,5320,5686,9630,4596,5034,5503,2650,2853,1376,660,716,
41285,5504,2709,2795,9632,4701,4931,11007,5321,5686,9631,4597,5034,5504,2650,2854,1376,660,716,
41290,5505,2710,2795,9634,4703,4931,11010,5323,5687,9633,4598,5035,5504,2650,2854,1376,660,716,
41295,5506,2711,2795,9634,4703,4931,11010,5323,5687,9634,4598,5036,5504,2650,2854,1376,660,716,
41300,5507,2711,2796,9636,4704,4932,11013,5325,5688,9635,4599,5036,5505,2650,2855,1376,660,716,
41305,5507,2711,2796,9637,4704,4933,11013,5325,5688,9636,4600,5036,5505,2650,2855,1377,661,716,
41310,5508,2711,2797,9637,4704,4933,11014,5325,5689,9637,4600,5037,5507,2650,2857,1377,661,716,
41315,5508,2711,2797,9639,4704,4935,11015,5326,5689,9638,4600,5038,5508,2651,2857,1377,661,716,
41320,5509,2711,2798,9641,4705,4936,11018,5328,5690,9640,4600,5040,5508,2651,2857,1377,661,716,
41325,5510,2712,2798,9641,4705,4936,11018,5328,5690,9641,4600,5041,5508,2651,2857,1377,661,716,
41330,5511,2712,2799,9643,4706,4937,11021,5328,5693,9642,4600,5042,5509,2652,2857,1377,661,716,
41335,5511,2712,2799,9644,4706,4938,11021,5328,5693,9643,4601,5042,5509,2652,2857,1378,662,716,
41340,5512,2713,2799,9644,4706,4938,11022,5328,5694,9644,4602,5042,5511,2654,2857,1378,662,716,
41345,5512,2713,2799,9646,4707,4939,11023,5329,5694,9645,4602,5043,5512,2654,2858,1378,662,716,
41350,5513,2714,2799,9648,4707,4941,11026,5330,5696,9647,4602,5045,5512,2654,2858,1378,662,716,
41355,5514,2715,2799,9648,4707,4941,11026,5330,5696,9648,4603,5045,5512,2654,2858,1378,662,716,
41360,5515,2716,2799,9650,4709,4941,11029,5331,5698,9649,4603,5046,5513,2655,2858,1378,662,716,
41365,5515,2716,2799,9651,4710,4941,11029,5331,5698,9650,4604,5046,5513,2655,2858,1379,662,717,
41370,5516,2717,2799,9651,4710,4941,11030,5331,5699,9651,4605,5046,5515,2656,2859,1379,662,717,
41375,5516,2717,2799,9653,4710,4943,11031,5332,5699,9652,4606,5046,5516,2657,2859,1379,662,717,
41380,5517,2718,2799,9655,4711,4944,11034,5332,5702,9654,4607,5047,5516,2657,2859,1379,662,717,
41385,5518,2718,2800,9655,4711,4944,11034,5332,5702,9655,4607,5048,5516,2657,2859,1379,662,717,
41390,5519,2718,2801,9657,4712,4945,11037,5334,5703,9656,4608,5048,5517,2657,2860,1379,662,717,
41395,5519,2718,2801,9658,4713,4945,11037,5334,5703,9657,4609,5048,5517,2657,2860,1380,662,718,
41400,5520,2718,2802,9658,4713,4945,11038,5334,5704,9658,4609,5049,5519,2658,2861,1380,662,718,
41405,5520,2718,2802,9660,4715,4945,11039,5335,5704,9659,4609,5050,5520,2659,2861,1380,662,718,
41410,5521,2718,2803,9662,4716,4946,11042,5335,5707,9661,4611,5050,5520,2659,2861,1380,662,718,
41415,5522,2719,2803,9662,4716,4946,11042,5335,5707,9662,4611,5051,5520,2659,2861,1380,662,718,
41420,5523,2720,2803,9664,4717,4947,11045,5336,5709,9663,4612,5051,5521,2660,2861,1380,662,718,
41425,5523,2720,2803,9665,4717,4948,11045,5336,5709,9664,4612,5052,5521,2660,2861,1381,663,718,
41430,5524,2720,2804,9665,4717,4948,11046,5337,5709,9665,4612,5053,5523,2660,2863,1381,663,718,
41435,5524,2720,2804,9667,4717,4950,11047,5338,5709,9666,4613,5053,5524,2661,2863,1381,663,718,
41440,5525,2720,2805,9669,4719,4950,11050,5340,5710,9668,4615,5053,5524,2661,2863,1381,663,718,
41445,5526,2720,2806,9669,4719,4950,11050,5340,5710,9669,4615,5054,5524,2661,2863,1381,663,718,
41450,5527,2721,2806,9671,4720,4951,11053,5342,5711,9670,4615,5055,5525,2662,2863,1381,663,718,
41455,5527,2721,2806,9672,4720,4952,11053,5342,5711,9671,4616,5055,5525,2662,2863,1382,663,719,
41460,5528,2722,2806,9672,4720,4952,11054,5342,5712,9672,4616,5056,5527,2663,2864,1382,663,719,
41465,5528,2722,2806,9674,4720,4954,11055,5343,5712,9673,4617,5056,5528,2664,2864,1382,663,719,
41470,5529,2722,2807,9676,4722,4954,11058,5344,5714,9675,4619,5056,5528,2664,2864,1382,663,719,
41475,5530,2723,2807,9676,4722,4954,11058,5344,5714,9676,4620,5056,5528,2664,2864,1382,663,719,
41480,5531,2724,2807,9678,4723,4955,11061,5346,5715,9677,4620,5057,5529,2665,2864,1382,663,719,
41485,5531,2724,2807,9679,4724,4955,11061,5346,5715,9678,4620,5058,5529,2665,2864,1383,663,720,
41490,5532,2725,2807,9679,4724,4955,11062,5346,5716,9679,4621,5058,5531,2666,2865,1383,663,720,
41495,5532,2725,2807,9681,4726,4955,11063,5347,5716,9680,4622,5058,5532,2666,2866,1383,663,720,
41500,5533,2726,2807,9683,4727,4956,11066,5348,5718,9682,4623,5059,5532,2666,2866,1383,663,720,
41505,5534,2726,2808,9683,4727,4956,11066,5348,5718,9683,4624,5059,5532,2666,2866,1383,663,720,
41510,5535,2726,2809,9685,4728,4957,11069,5349,5720,9684,4624,5060,5533,2667,2866,1383,663,720,
41515,5535,2726,2809,9686,4728,4958,11069,5349,5720,9685,4624,5061,5533,2667,2866,1384,663,721,
41520,5536,2727,2809,9686,4728,4958,11070,5349,5721,9686,4624,5062,5535,2668,2867,1384,663,721,
41525,5536,2727,2809,9688,4729,4959,11071,5349,5722,9687,4624,5063,5536,2668,2868,1384,663,721,
41530,5537,2727,2810,9690,4730,4960,11074,5349,5725,9689,4625,5064,5536,2668,2868,1384,663,721,
41535,5538,2728,2810,9690,4730,4960,11074,5349,5725,9690,4625,5065,5536,2668,2868,1384,663,721,
41540,5539,2728,2811,9692,4731,4961,11077,5351,5726,9691,4626,5065,5537,2668,2869,1384,663,721,
41545,5539,2728,2811,9693,4731,4962,11077,5351,5726,9692,4627,5065,5537,2668,2869,1385,663,722,
41550,5540,2729,2811,9693,4731,4962,11078,5352,5726,9693,4628,5065,5539,2668,2871,1385,663,722,
41555,5540,2729,2811,9695,4732,4963,11079,5353,5726,9694,4628,5066,5540,2669,2871,1385,663,722,
41560,5541,2729,2812,9697,4734,4963,11082,5354,5728,9696,4628,5068,5540,2669,2871,1385,663,722,
41565,5542,2729,2813,9697,4734,4963,11082,5354,5728,9697,4629,5068,5540,2669,2871,1385,663,722,
41570,5543,2730,2813,9699,4735,4964,11085,5355,5730,9698,4630,5068,5541,2669,2872,1385,663,722,
41575,5543,2730,2813,9700,4736,4964,11085,5355,5730,9699,4630,5069,5541,2669,2872,1386,664,722,
41580,5544,2731,2813,9700,4736,4964,11086,5356,5730,9700,4631,5069,5543,2669,2874,1386,664,722,
41585,5544,2731,2813,9702,4736,4966,11087,5357,5730,9701,4632,5069,5544,2670,2874,1386,664,722,
41590,5545,2731,2814,9704,4736,4968,11090,5358,5732,9703,4633,5070,5544,2670,2874,1386,664,722,
41595,5546,2731,2815,9704,4736,4968,11090,5358,5732,9704,4633,5071,5544,2670,2874,1386,664,722,
41600,5547,2731,2816,9706,4737,4969,11093,5359,5734,9705,4633,5072,5545,2670,2875,1386,664,722,
41605,5547,2731,2816,9707,4737,4970,11093,5359,5734,9706,4633,5073,5545,2670,2875,1387,664,723,
41610,5548,2731,2817,9707,4737,4970,11094,5359,5735,9707,4633,5074,5547,2670,2877,1387,664,723,
41615,5548,2731,2817,9709,4738,4971,11095,5360,5735,9708,4634,5074,5548,2670,2878,1387,664,723,
41620,5549,2731,2818,9711,4739,4972,11098,5361,5737,9710,4635,5075,5548,2670,2878,1387,664,723,
41625,5550,2731,2819,9711,4739,4972,11098,5361,5737,9711,4635,5076,5548,2670,2878,1387,664,723,
41630,5551,2731,2820,9713,4741,4972,11101,5364,5737,9712,4635,5077,5549,2670,2879,1387,664,723,
41635,5551,2731,2820,9714,4742,4972,11101,5364,5737,9713,4635,5078,5549,2670,2879,1388,665,723,
41640,5552,2732,2820,9714,4742,4972,11102,5365,5737,9714,4635,5079,5551,2670,2881,1388,665,723,
41645,5552,2732,2820,9716,4744,4972,11103,5366,5737,9715,4635,5080,5552,2671,2881,1388,665,723,
41650,5553,2733,2820,9718,4745,4973,11106,5368,5738,9717,4635,5082,5552,2671,2881,1388,665,723,
41655,5554,2733,2821,9718,4745,4973,11106,5368,5738,9718,4635,5083,5552,2671,2881,1388,665,723,
41660,5555,2734,2821,9720,4747,4973,11109,5370,5739,9719,4635,5084,5553,2672,2881,1388,665,723,
41665,5555,2734,2821,9721,4747,4974,11109,5370,5739,9720,4636,5084,5553,2672,2881,1389,665,724,
41670,5556,2734,2822,9721,4747,4974,11110,5370,5740,9721,4636,5085,5555,2673,2882,1389,665,724,
41675,5556,2734,2822,9723,4748,4975,11111,5371,5740,9722,4636,5086,5556,2673,2883,1389,665,724,
41680,5557,2734,2823,9725,4749,4976,11114,5373,5741,9724,4636,5088,5556,2673,2883,1389,665,724,
41685,5558,2735,2823,9725,4749,4976,11114,5373,5741,9725,4636,5089,5556,2673,2883,1389,665,724,
41690,5559,2735,2824,9727,4749,4978,11117,5373,5744,9726,4637,5089,5557,2674,2883,1389,665,724,
41695,5559,2735,2824,9728,4749,4979,11117,5373,5744,9727,4638,5089,5557,2674,2883,1390,666,724,
41700,5560,2736,2824,9728,4749,4979,11118,5373,5745,9728,4639,5089,5559,2675,2884,1390,666,724,
41705,5560,2736,2824,9730,4750,4980,11119,5374,5745,9729,4639,5090,5560,2675,2885,1390,666,724,
41710,5561,2737,2824,9732,4751,4981,11122,5376,5746,9731,4640,5091,5560,2675,2885,1390,666,724,
41715,5562,2737,2825,9732,4751,4981,11122,5376,5746,9732,4640,5092,5560,2675,2885,1390,666,724,
41720,5563,2737,2826,9734,4751,4983,11125,5378,5747,9733,4641,5092,5561,2675,2886,1390,666,724,
41725,5563,2737,2826,9735,4752,4983,11125,5378,5747,9734,4642,5092,5561,2675,2886,1391,667,724,
41730,5564,2737,2827,9735,4752,4983,11126,5379,5747,9735,4642,5093,5563,2676,2887,1391,667,724,
41735,5564,2737,2827,9737,4752,4985,11127,5379,5748,9736,4642,5094,5564,2676,2888,1391,667,724,
41740,5565,2737,2828,9739,4752,4987,11130,5380,5750,9738,4642,5096,5564,2676,2888,1391,667,724,
41745,5566,2737,2829,9739,4752,4987,11130,5380,5750,9739,4643,5096,5564,2676,2888,1391,667,724,
41750,5567,2738,2829,9741,4752,4989,11133,5381,5752,9740,4643,5097,5565,2677,2888,1391,667,724,
41755,5567,2738,2829,9742,4752,4990,11133,5381,5752,9741,4644,5097,5565,2677,2888,1392,667,725,
41760,5568,2738,2830,9742,4752,4990,11134,5382,5752,9742,4644,5098,5567,2678,2889,1392,667,725,
41765,5568,2738,2830,9744,4752,4992,11135,5383,5752,9743,4644,5099,5568,2679,2889,1392,667,725,
41770,5569,2739,2830,9746,4753,4993,11138,5385,5753,9745,4645,5100,5568,2679,2889,1392,667,725,
41775,5570,2739,2831,9746,4753,4993,11138,5385,5753,9746,4645,5101,5568,2679,2889,1392,667,725,
41780,5571,2739,2832,9748,4754,4994,11141,5385,5756,9747,4645,5102,5569,2679,2890,1392,667,725,
41785,5571,2739,2832,9749,4755,4994,11141,5385,5756,9748,4645,5103,5569,2679,2890,1393,668,725,
41790,5572,2740,2832,9749,4755,4994,11142,5385,5757,9749,4646,5103,5571,2680,2891,1393,668,725,
41795,5572,2740,2832,9751,4757,4994,11143,5386,5757,9750,4647,5103,5572,2680,2892,1393,668,725,
41800,5573,2741,2832,9753,4758,4995,11146,5388,5758,9752,4647,5105,5572,2680,2892,1393,668,725,
41805,5574,2741,2833,9753,4758,4995,11146,5388,5758,9753,4648,5105,5572,2680,2892,1393,668,725,
41810,5575,2742,2833,9755,4758,4997,11149,5389,5760,9754,4649,5105,5573,2681,2892,1393,668,725,
41815,5575,2742,2833,9756,4758,4998,11149,5389,5760,9755,4650,5105,5573,2681,2892,1394,669,725,
41820,5576,2743,2833,9756,4758,4998,11150,5390,5760,9756,4650,5106,5575,2681,2894,1394,669,725,
41825,5576,2743,2833,9758,4759,4999,11151,5391,5760,9757,4650,5107,5576,2681,2895,1394,669,725,
41830,5577,2744,2833,9760,4761,4999,11154,5393,5761,9759,4651,5108,5576,2681,2895,1394,669,725,
41835,5578,2744,2834,9760,4761,4999,11154,5393,5761,9760,4651,5109,5576,2681,2895,1394,669,725,
41840,5579,2744,2835,9762,4761,5001,11157,5394,5763,9761,4651,5110,5577,2681,2896,1394,669,725,
41845,5579,2744,2835,9763,4761,5002,11157,5394,5763,9762,4651,5111,5577,2681,2896,1395,669,726,
41850,5580,2744,2836,9763,4761,5002,11158,5394,5764,9763,4651,5112,5579,2683,2896,1395,669,726,
41855,5580,2744,2836,9765,4761,5004,11159,5395,5764,9764,4651,5113,5580,2683,2897,1395,669,726,
41860,5581,2744,2837,9767,4761,5006,11162,5396,5766,9766,4652,5114,5580,2683,2897,1395,669,726,
41865,5582,2744,2838,9767,4761,5006,11162,5396,5766,9767,4652,5115,5580,2683,2897,1395,669,726,
41870,5583,2745,2838,9769,4762,5007,11165,5398,5767,9768,4653,5115,5581,2684,2897,1395,669,726,
41875,5583,2745,2838,9770,4763,5007,11165,5398,5767,9769,4653,5116,5581,2684,2897,1396,670,726,
41880,5584,2745,2839,9770,4763,5007,11166,5398,5768,9770,4654,5116,5583,2684,2899,1396,670,726,
41885,5584,2745,2839,9772,4765,5007,11167,5399,5768,9771,4655,5116,5584,2685,2899,1396,670,726,
41890,5585,2745,2840,9774,4765,5009,11170,5402,5768,9773,4657,5116,5584,2685,2899,1396,670,726,
41895,5586,2745,2841,9774,4765,5009,11170,5402,5768,9774,4658,5116,5584,2685,2899,1396,670,726,
41900,5587,2746,2841,9776,4765,5011,11173,5403,5770,9775,4658,5117,5585,2686,2899,1396,670,726,
41905,5587,2746,2841,9777,4766,5011,11173,5403,5770,9776,4658,5118,5585,2686,2899,1397,671,726,
41910,5588,2747,2841,9777,4766,5011,11174,5404,5770,9777,4659,5118,5587,2687,2900,1397,671,726,
41915,5588,2747,2841,9779,4767,5012,11175,5405,5770,9778,4659,5119,5588,2688,2900,1397,671,726,
41920,5589,2748,2841,9781,4767,5014,11178,5406,5772,9780,4659,5121,5588,2688,2900,1397,671,726,
41925,5590,2749,2841,9781,4767,5014,11178,5406,5772,9781,4660,5121,5588,2688,2900,1397,671,726,
41930,5591,2749,2842,9783,4769,5014,11181,5407,5774,9782,4661,5121,5589,2688,2901,1397,671,726,
41935,5591,2749,2842,9784,4770,5014,11181,5407,5774,9783,4661,5122,5589,2688,2901,1398,671,727,
41940,5592,2749,2843,9784,4770,5014,11182,5408,5774,9784,4662,5122,5591,2688,2903,1398,671,727,
41945,5592,2749,2843,9786,4771,5015,11183,5408,5775,9785,4662,5123,5592,2689,2903,1398,671,727,
41950,5593,2750,2843,9788,4772,5016,11186,5410,5776,9787,4663,5124,5592,2689,2903,1398,671,727,
41955,5594,2750,2844,9788,4772,5016,11186,5410,5776,9788,4664,5124,5592,2689,2903,1398,671,727,
41960,5595,2750,2845,9790,4773,5017,11189,5411,5778,9789,4665,5124,5593,2690,2903,1398,671,727,
41965,5595,2750,2845,9791,4773,5018,11189,5411,5778,9790,4665,5125,5593,2690,2903,1399,672,727,
41970,5596,2750,2846,9791,4773,5018,11190,5412,5778,9791,4665,5126,5595,2691,2904,1399,672,727,
41975,5596,2750,2846,9793,4773,5020,11191,5412,5779,9792,4666,5126,5596,2691,2905,1399,672,727,
41980,5597,2750,2847,9795,4773,5022,11194,5414,5780,9794,4666,5128,5596,2691,2905,1399,672,727,
41985,5598,2751,2847,9795,4773,5022,11194,5414,5780,9795,4666,5129,5596,2691,2905,1399,672,727,
41990,5599,2752,2847,9797,4774,5023,11197,5416,5781,9796,4666,5130,5597,2692,2905,1399,672,727,
41995,5599,2752,2847,9798,4774,5024,11197,5416,5781,9797,4666,5131,5597,2692,2905,1400,672,728,
42000,5600,2752,2848,9798,4774,5024,11198,5416,5782,9798,4667,5131,5599,2692,2907,1400,672,728,
42005,5600,2752,2848,9800,4774,5026,11199,5416,5783,9799,4668,5131,5600,2692,2908,1400,672,728,
42010,5601,2753,2848,9802,4774,5028,11202,5416,5786,9801,4669,5132,5600,2692,2908,1400,672,728,
42015,5602,2753,2849,9802,4774,5028,11202,5416,5786,9802,4670,5132,5600,2692,2908,1400,672,728,
42020,5603,2753,2850,9804,4776,5028,11205,5418,5787,9803,4670,5133,5601,2693,2908,1400,672,728,
42025,5603,2753,2850,9805,4777,5028,11205,5418,5787,9804,4670,5134,5601,2693,2908,1401,672,729,
42030,5604,2753,2851,9805,4777,5028,11206,5419,5787,9805,4671,5134,5603,2694,2909,1401,672,729,
42035,5604,2753,2851,9807,4778,5029,11207,5419,5788,9806,4671,5135,5604,2695,2909,1401,672,729,
42040,5605,2754,2851,9809,4779,5030,11210,5422,5788,9808,4673,5135,5604,2695,2909,1401,672,729,
42045,5606,2754,2852,9809,4779,5030,11210,5422,5788,9809,4673,5136,5604,2695,2909,1401,672,729,
42050,5607,2754,2853,9811,4780,5031,11213,5425,5788,9810,4674,5136,5605,2695,2910,1401,672,729,
42055,5607,2754,2853,9812,4780,5032,11213,5425,5788,9811,4674,5137,5605,2695,2910,1402,673,729,
42060,5608,2755,2853,9812,4780,5032,11214,5426,5788,9812,4674,5138,5607,2697,2910,1402,673,729,
42065,5608,2755,2853,9814,4780,5034,11215,5426,5789,9813,4675,5138,5608,2697,2911,1402,673,729,
42070,5609,2756,2853,9816,4782,5034,11218,5427,5791,9815,4675,5140,5608,2697,2911,1402,673,729,
42075,5610,2757,2853,9816,4782,5034,11218,5427,5791,9816,4676,5140,5608,2697,2911,1402,673,729,
42080,5611,2758,2853,9818,4782,5036,11221,5428,5793,9817,4676,5141,5609,2697,2912,1402,673,729,
42085,5611,2758,2853,9819,4782,5037,11221,5428,5793,9818,4677,5141,5609,2697,2912,1403,673,730,
42090,5612,2758,2854,9819,4782,5037,11222,5428,5794,9819,4678,5141,5611,2697,2914,1403,673,730,
42095,5612,2758,2854,9821,4783,5038,11223,5428,5795,9820,4678,5142,5612,2697,2915,1403,673,730,
42100,5613,2759,2854,9823,4784,5039,11226,5429,5797,9822,4679,5143,5612,2697,2915,1403,673,730,
42105,5614,2759,2855,9823,4784,5039,11226,5429,5797,9823,4680,5143,5612,2697,2915,1403,673,730,
42110,5615,2760,2855,9825,4785,5040,11229,5432,5797,9824,4680,5144,5613,2698,2915,1403,673,730,
42115,5615,2760,2855,9826,4785,5041,11229,5432,5797,9825,4681,5144,5613,2698,2915,1404,674,730,
42120,5616,2761,2855,9826,4785,5041,11230,5433,5797,9826,4681,5145,5615,2699,2916,1404,674,730,
42125,5616,2761,2855,9828,4786,5042,11231,5433,5798,9827,4682,5145,5616,2700,2916,1404,674,730,
42130,5617,2762,2855,9830,4787,5043,11234,5434,5800,9829,4684,5145,5616,2700,2916,1404,674,730,
42135,5618,2762,2856,9830,4787,5043,11234,5434,5800,9830,4684,5146,5616,2700,2916,1404,674,730,
42140,5619,2763,2856,9832,4788,5044,11237,5435,5802,9831,4684,5147,5617,2701,2916,1404,674,730,
42145,5619,2763,2856,9833,4788,5045,11237,5435,5802,9832,4684,5148,5617,2701,2916,1405,675,730,
42150,5620,2763,2857,9833,4788,5045,11238,5435,5803,9833,4685,5148,5619,2702,2917,1405,675,730,
42155,5620,2763,2857,9835,4789,5046,11239,5436,5803,9834,4685,5149,5620,2703,2917,1405,675,730,
42160,5621,2763,2858,9837,4789,5048,11242,5439,5803,9836,4686,5150,5620,2703,2917,1405,675,730,
42165,5622,2764,2858,9837,4789,5048,11242,5439,5803,9837,4687,5150,5620,2703,2917,1405,675,730,
42170,5623,2765,2858,9839,4790,5049,11245,5441,5804,9838,4687,5151,5621,2704,2917,1405,675,730,
42175,5623,2765,2858,9840,4791,5049,11245,5441,5804,9839,4687,5152,5621,2704,2917,1406,676,730,
42180,5624,2765,2859,9840,4791,5049,11246,5441,5805,9840,4688,5152,5623,2705,2918,1406,676,730,
42185,5624,2765,2859,9842,4793,5049,11247,5442,5805,9841,4688,5153,5624,2705,2919,1406,676,730,
42190,5625,2766,2859,9844,4794,5050,11250,5442,5808,9843,4689,5154,5624,2705,2919,1406,676,730,
42195,5626,2767,2859,9844,4794,5050,11250,5442,5808,9844,4689,5155,5624,2705,2919,1406,676,730,
42200,5627,2767,2860,9846,4794,5052,11253,5443,5810,9845,4689,5156,5625,2705,2920,1406,676,730,
42205,5627,2767,2860,9847,4795,5052,11253,5443,5810,9846,4690,5156,5625,2705,2920,1407,677,730,
42210,5628,2767,2861,9847,4795,5052,11254,5444,5810,9847,4691,5156,5627,2705,2922,1407,677,730,
42215,5628,2767,2861,9849,4796,5053,11255,5444,5811,9848,4691,5157,5628,2706,2922,1407,677,730,
42220,5629,2768,2861,9851,4797,5054,11258,5446,5812,9850,4692,5158,5628,2706,2922,1407,677,730,
42225,5630,2769,2861,9851,4797,5054,11258,5446,5812,9851,4693,5158,5628,2706,2922,1407,677,730,
42230,5631,2770,2861,9853,4798,5055,11261,5449,5812,9852,4694,5158,5629,2706,2923,1407,677,730,
42235,5631,2770,2861,9854,4799,5055,11261,5449,5812,9853,4695,5158,5629,2706,2923,1408,677,731,
42240,5632,2771,2861,9854,4799,5055,11262,5450,5812,9854,4696,5158,5631,2707,2924,1408,677,731,
42245,5632,2771,2861,9856,4801,5055,11263,5450,5813,9855,4696,5159,5632,2707,2925,1408,677,731,
42250,5633,2771,2862,9858,4803,5055,11266,5452,5814,9857,4697,5160,5632,2707,2925,1408,677,731,
42255,5634,2772,2862,9858,4803,5055,11266,5452,5814,9858,4697,5161,5632,2707,2925,1408,677,731,
42260,5635,2773,2862,9860,4804,5056,11269,5454,5815,9859,4697,5162,5633,2708,2925,1408,677,731,
42265,5635,2773,2862,9861,4804,5057,11269,5454,5815,9860,4698,5162,5633,2708,2925,1409,678,731,
42270,5636,2773,2863,9861,4804,5057,11270,5455,5815,9861,4698,5163,5635,2708,2927,1409,678,731,
42275,5636,2773,2863,9863,4806,5057,11271,5455,5816,9862,4698,5164,5636,2708,2928,1409,678,731,
42280,5637,2774,2863,9865,4807,5058,11274,5456,5818,9864,4699,5165,5636,2708,2928,1409,678,731,
42285,5638,2774,2864,9865,4807,5058,11274,5456,5818,9865,4700,5165,5636,2708,2928,1409,678,731,
42290,5639,2775,2864,9867,4809,5058,11277,5458,5819,9866,4701,5165,5637,2708,2929,1409,678,731,
42295,5639,2775,2864,9868,4809,5059,11277,5458,5819,9867,4701,5166,5637,2708,2929,1410,679,731,
42300,5640,2776,2864,9868,4809,5059,11278,5459,5819,9868,4701,5167,5639,2708,2931,1410,679,731,
42305,5640,2776,2864,9870,4809,5061,11279,5459,5820,9869,4702,5167,5640,2709,2931,1410,679,731,
42310,5641,2777,2864,9872,4809,5063,11282,5460,5822,9871,4702,5169,5640,2709,2931,1410,679,731,
42315,5642,2777,2865,9872,4809,5063,11282,5460,5822,9872,4702,5170,5640,2709,2931,1410,679,731,
42320,5643,2777,2866,9874,4809,5065,11285,5462,5823,9873,4703,5170,5641,2710,2931,1410,679,731,
42325,5643,2777,2866,9875,4809,5066,11285,5462,5823,9874,4704,5170,5641,2710,2931,1411,679,732,
42330,5644,2778,2866,9875,4809,5066,11286,5463,5823,9875,4704,5171,5643,2710,2933,1411,679,732,
42335,5644,2778,2866,9877,4810,5067,11287,5463,5824,9876,4704,5172,5644,2711,2933,1411,679,732,
42340,5645,2778,2867,9879,4811,5068,11290,5464,5826,9878,4706,5172,5644,2711,2933,1411,679,732,
42345,5646,2779,2867,9879,4811,5068,11290,5464,5826,9879,4706,5173,5644,2711,2933,1411,679,732,
42350,5647,2780,2867,9881,4812,5069,11293,5465,5828,9880,4706,5174,5645,2712,2933,1411,679,732,
42355,5647,2780,2867,9882,4813,5069,11293,5465,5828,9881,4706,5175,5645,2712,2933,1412,680,732,
42360,5648,2781,2867,9882,4813,5069,11294,5466,5828,9882,4707,5175,5647,2714,2933,1412,680,732,
42365,5648,2781,2867,9884,4813,5071,11295,5466,5829,9883,4707,5176,5648,2714,2934,1412,680,732,
42370,5649,2781,2868,9886,4814,5072,11298,5467,5831,9885,4709,5176,5648,2714,2934,1412,680,732,
42375,5650,2781,2869,9886,4814,5072,11298,5467,5831,9886,4709,5177,5648,2714,2934,1412,680,732,
42380,5651,2782,2869,9888,4815,5073,11301,5468,5833,9887,4709,5178,5649,2715,2934,1412,680,732,
42385,5651,2782,2869,9889,4816,5073,11301,5468,5833,9888,4709,5179,5649,2715,2934,1413,681,732,
42390,5652,2782,2870,9889,4816,5073,11302,5469,5833,9889,4710,5179,5651,2716,2935,1413,681,732,
42395,5652,2782,2870,9891,4817,5074,11303,5470,5833,9890,4711,5179,5652,2717,2935,1413,681,732,
42400,5653,2782,2871,9893,4819,5074,11306,5472,5834,9892,4711,5181,5652,2717,2935,1413,681,732,
42405,5654,2783,2871,9893,4819,5074,11306,5472,5834,9893,4711,5182,5652,2717,2935,1413,681,732,
42410,5655,2783,2872,9895,4821,5074,11309,5473,5836,9894,4712,5182,5653,2718,2935,1413,681,732,
42415,5655,2783,2872,9896,4822,5074,11309,5473,5836,9895,4713,5182,5653,2718,2935,1414,681,733,
42420,5656,2783,2873,9896,4822,5074,11310,5474,5836,9896,4713,5183,5655,2719,2936,1414,681,733,
42425,5656,2783,2873,9898,4822,5076,11311,5474,5837,9897,4714,5183,5656,2720,2936,1414,681,733,
42430,5657,2784,2873,9900,4823,5077,11314,5474,5840,9899,4715,5184,5656,2720,2936,1414,681,733,
42435,5658,2785,2873,9900,4823,5077,11314,5474,5840,9900,4716,5184,5656,2720,2936,1414,681,733,
42440,5659,2785,2874,9902,4825,5077,11317,5475,5842,9901,4716,5185,5657,2721,2936,1414,681,733,
42445,5659,2785,2874,9903,4826,5077,11317,5475,5842,9902,4717,5185,5657,2721,2936,1415,681,734,
42450,5660,2786,2874,9903,4826,5077,11318,5476,5842,9903,4717,5186,5659,2721,2938,1415,681,734,
42455,5660,2786,2874,9905,4826,5079,11319,5477,5842,9904,4717,5187,5660,2721,2939,1415,681,734,
42460,5661,2786,2875,9907,4826,5081,11322,5478,5844,9906,4717,5189,5660,2721,2939,1415,681,734,
42465,5662,2786,2876,9907,4826,5081,11322,5478,5844,9907,4718,5189,5660,2721,2939,1415,681,734,
42470,5663,2787,2876,9909,4828,5081,11325,5480,5845,9908,4719,5189,5661,2721,2940,1415,681,734,
42475,5663,2787,2876,9910,4828,5082,11325,5480,5845,9909,4719,5190,5661,2721,2940,1416,682,734,
42480,5664,2788,2876,9910,4828,5082,11326,5480,5846,9910,4719,5191,5663,2722,2941,1416,682,734,
42485,5664,2788,2876,9912,4830,5082,11327,5481,5846,9911,4719,5192,5664,2723,2941,1416,682,734,
42490,5665,2788,2877,9914,4830,5084,11330,5483,5847,9913,4719,5194,5664,2723,2941,1416,682,734,
42495,5666,2788,2878,9914,4830,5084,11330,5483,5847,9914,4719,5195,5664,2723,2941,1416,682,734,
42500,5667,2788,2879,9916,4830,5086,11333,5485,5848,9915,4719,5196,5665,2723,2942,1416,682,734,
42505,5667,2788,2879,9917,4830,5087,11333,5485,5848,9916,4719,5197,5665,2723,2942,1417,682,735,
42510,5668,2788,2880,9917,4830,5087,11334,5486,5848,9917,4719,5198,5667,2724,2943,1417,682,735,
42515,5668,2788,2880,9919,4830,5089,11335,5486,5849,9918,4719,5199,5668,2725,2943,1417,682,735,
42520,5669,2789,2880,9921,4831,5090,11338,5487,5851,9920,4719,5201,5668,2725,2943,1417,682,735,
42525,5670,2789,2881,9921,4831,5090,11338,5487,5851,9921,4720,5201,5668,2725,2943,1417,682,735,
42530,5671,2789,2882,9923,4831,5092,11341,5488,5853,9922,4720,5202,5669,2725,2944,1417,682,735,
42535,5671,2789,2882,9924,4831,5093,11341,5488,5853,9923,4721,5202,5669,2725,2944,1418,682,736,
42540,5672,2789,2883,9924,4831,5093,11342,5488,5854,9924,4722,5202,5671,2726,2945,1418,682,736,
42545,5672,2789,2883,9926,4832,5094,11343,5489,5854,9925,4722,5203,5672,2727,2945,1418,682,736,
42550,5673,2789,2884,9928,4833,5095,11346,5491,5855,9927,4723,5204,5672,2727,2945,1418,682,736,
42555,5674,2789,2885,9928,4833,5095,11346,5491,5855,9928,4723,5205,5672,2727,2945,1418,682,736,
42560,5675,2789,2886,9930,4834,5096,11349,5492,5857,9929,4724,5205,5673,2728,2945,1418,682,736,
42565,5675,2789,2886,9931,4834,5097,11349,5492,5857,9930,4725,5205,5673,2728,2945,1419,682,737,
42570,5676,2789,2887,9931,4834,5097,11350,5493,5857,9931,4726,5205,5675,2728,2947,1419,682,737,
42575,5676,2789,2887,9933,4835,5098,11351,5494,5857,9932,4727,5205,5676,2729,2947,1419,682,737,
42580,5677,2790,2887,9935,4837,5098,11354,5495,5859,9934,4728,5206,5676,2729,2947,1419,682,737,
42585,5678,2790,2888,9935,4837,5098,11354,5495,5859,9935,4729,5206,5676,2729,2947,1419,682,737,
42590,5679,2790,2889,9937,4839,5098,11357,5496,5861,9936,4730,5206,5677,2729,2948,1419,682,737,
42595,5679,2790,2889,9938,4839,5099,11357,5496,5861,9937,4730,5207,5677,2729,2948,1420,682,738,
42600,5680,2790,2890,9938,4839,5099,11358,5497,5861,9938,4730,5208,5679,2730,2949,1420,682,738,
42605,5680,2790,2890,9940,4840,5100,11359,5497,5862,9939,4730,5209,5680,2731,2949,1420,682,738,
42610,5681,2791,2890,9942,4841,5101,11362,5499,5863,9941,4731,5210,5680,2731,2949,1420,682,738,
42615,5682,2792,2890,9942,4841,5101,11362,5499,5863,9942,4731,5211,5680,2731,2949,1420,682,738,
42620,5683,2793,2890,9944,4842,5102,11365,5501,5864,9943,4731,5212,5681,2731,2950,1420,682,738,
42625,5683,2793,2890,9945,4843,5102,11365,5501,5864,9944,4731,5213,5681,2731,2950,1421,682,739,
42630,5684,2794,2890,9945,4843,5102,11366,5502,5864,9945,4731,5214,5683,2733,2950,1421,682,739,
42635,5684,2794,2890,9947,4843,5104,11367,5502,5865,9946,4731,5215,5684,2734,2950,1421,682,739,
42640,5685,2795,2890,9949,4844,5105,11370,5503,5867,9948,4732,5216,5684,2734,2950,1421,682,739,
42645,5686,2795,2891,9949,4844,5105,11370,5503,5867,9949,4732,5217,5684,2734,2950,1421,682,739,
42650,5687,2795,2892,9951,4846,5105,11373,5504,5869,9950,4732,5218,5685,2735,2950,1421,682,739,
42655,5687,2795,2892,9952,4846,5106,11373,5504,5869,9951,4733,5218,5685,2735,2950,1422,683,739,
42660,5688,2796,2892,9952,4846,5106,11374,5505,5869,9952,4734,5218,5687,2736,2951,1422,683,739,
42665,5688,2796,2892,9954,4846,5108,11375,5506,5869,9953,4734,5219,5688,2736,2952,1422,683,739,
42670,5689,2796,2893,9956,4848,5108,11378,5506,5872,9955,4735,5220,5688,2736,2952,1422,683,739,
42675,5690,2796,2894,9956,4848,5108,11378,5506,5872,9956,4735,5221,5688,2736,2952,1422,683,739,
42680,5691,2797,2894,9958,4849,5109,11381,5506,5875,9957,4736,5221,5689,2736,2953,1422,683,739,
42685,5691,2797,2894,9959,4850,5109,11381,5506,5875,9958,4737,5221,5689,2736,2953,1423,684,739,
42690,5692,2797,2895,9959,4850,5109,11382,5506,5876,9959,4738,5221,5691,2738,2953,1423,684,739,
42695,5692,2797,2895,9961,4852,5109,11383,5506,5877,9960,4738,5222,5692,2739,2953,1423,684,739,
42700,5693,2797,2896,9963,4852,5111,11386,5508,5878,9962,4740,5222,5692,2739,2953,1423,684,739,
42705,5694,2798,2896,9963,4852,5111,11386,5508,5878,9963,4741,5222,5692,2739,2953,1423,684,739,
42710,5695,2798,2897,9965,4853,5112,11389,5510,5879,9964,4741,5223,5693,2739,2954,1423,684,739,
42715,5695,2798,2897,9966,4853,5113,11389,5510,5879,9965,4741,5224,5693,2739,2954,1424,685,739,
42720,5696,2799,2897,9966,4853,5113,11390,5510,5880,9966,4742,5224,5695,2740,2955,1424,685,739,
42725,5696,2799,2897,9968,4853,5115,11391,5511,5880,9967,4743,5224,5696,2741,2955,1424,685,739,
42730,5697,2800,2897,9970,4854,5116,11394,5513,5881,9969,4744,5225,5696,2741,2955,1424,685,739,
42735,5698,2801,2897,9970,4854,5116,11394,5513,5881,9970,4745,5225,5696,2741,2955,1424,685,739,
42740,5699,2801,2898,9972,4855,5117,11397,5514,5883,9971,4746,5225,5697,2742,2955,1424,685,739,
42745,5699,2801,2898,9973,4856,5117,11397,5514,5883,9972,4747,5225,5697,2742,2955,1425,686,739,
42750,5700,2801,2899,9973,4856,5117,11398,5515,5883,9973,4748,5225,5699,2744,2955,1425,686,739,
42755,5700,2801,2899,9975,4857,5118,11399,5516,5883,9974,4748,5226,5700,2744,2956,1425,686,739,
42760,5701,2802,2899,9977,4859,5118,11402,5516,5886,9976,4749,5227,5700,2744,2956,1425,686,739,
42765,5702,2803,2899,9977,4859,5118,11402,5516,5886,9977,4749,5228,5700,2744,2956,1425,686,739,
42770,5703,2804,2899,9979,4859,5120,11405,5519,5886,9978,4750,5228,5701,2744,2957,1425,686,739,
42775,5703,2804,2899,9980,4859,5121,11405,5519,5886,9979,4751,5228,5701,2744,2957,1426,687,739,
42780,5704,2805,2899,9980,4859,5121,11406,5520,5886,9980,4752,5228,5703,2744,2959,1426,687,739,
42785,5704,2805,2899,9982,4860,5122,11407,5521,5886,9981,4753,5228,5704,2744,2960,1426,687,739,
42790,5705,2805,2900,9984,4861,5123,11410,5523,5887,9983,4755,5228,5704,2744,2960,1426,687,739,
42795,5706,2805,2901,9984,4861,5123,11410,5523,5887,9984,4755,5229,5704,2744,2960,1426,687,739,
42800,5707,2806,2901,9986,4862,5124,11413,5525,5888,9985,4755,5230,5705,2744,2961,1426,687,739,
42805,5707,2806,2901,9987,4863,5124,11413,5525,5888,9986,4755,5231,5705,2744,2961,1427,687,740,
42810,5708,2806,2902,9987,4863,5124,11414,5526,5888,9987,4755,5232,5707,2745,2962,1427,687,740,
42815,5708,2806,2902,9989,4863,5126,11415,5526,5889,9988,4755,5233,5708,2746,2962,1427,687,740,
42820,5709,2806,2903,9991,4864,5127,11418,5528,5890,9990,4755,5235,5708,2746,2962,1427,687,740,
42825,5710,2806,2904,9991,4864,5127,11418,5528,5890,9991,4755,5236,5708,2746,2962,1427,687,740,
42830,5711,2806,2905,9993,4866,5127,11421,5529,5892,9992,4755,5237,5709,2747,2962,1427,687,740,
42835,5711,2806,2905,9994,4867,5127,11421,5529,5892,9993,4756,5237,5709,2747,2962,1428,688,740,
42840,5712,2806,2906,9994,4867,5127,11422,5530,5892,9994,4757,5237,5711,2749,2962,1428,688,740,
42845,5712,2806,2906,9996,4868,5128,11423,5531,5892,9995,4757,5238,5712,2749,2963,1428,688,740,
42850,5713,2807,2906,9998,4869,5129,11426,5532,5894,9997,4757,5240,5712,2749,2963,1428,688,740,
42855,5714,2808,2906,9998,4869,5129,11426,5532,5894,9998,4758,5240,5712,2749,2963,1428,688,740,
42860,5715,2809,2906,10000,4870,5130,11429,5534,5895,9999,4758,5241,5713,2750,2963,1428,688,740,
42865,5715,2809,2906,10001,4871,5130,11429,5534,5895,10000,4759,5241,5713,2750,2963,1429,689,740,
42870,5716,2809,2907,10001,4871,5130,11430,5535,5895,10001,4759,5242,5715,2751,2964,1429,689,740,
42875,5716,2809,2907,10003,4871,5132,11431,5535,5896,10002,4759,5243,5716,2751,2965,1429,689,740,
42880,5717,2809,2908,10005,4872,5133,11434,5536,5898,10004,4761,5243,5716,2751,2965,1429,689,740,
42885,5718,2810,2908,10005,4872,5133,11434,5536,5898,10005,4761,5244,5716,2751,2965,1429,689,740,
42890,5719,2810,2909,10007,4873,5134,11437,5537,5900,10006,4761,5245,5717,2751,2966,1429,689,740,
42895,5719,2810,2909,10008,4873,5135,11437,5537,5900,10007,4762,5245,5717,2751,2966,1430,690,740,
42900,5720,2811,2909,10008,4873,5135,11438,5537,5901,10008,4762,5246,5719,2753,2966,1430,690,740,
42905,5720,2811,2909,10010,4874,5136,11439,5537,5902,10009,4763,5246,5720,2753,2967,1430,690,740,
42910,5721,2812,2909,10012,4874,5138,11442,5537,5905,10011,4765,5246,5720,2753,2967,1430,690,740,
42915,5722,2813,2909,10012,4874,5138,11442,5537,5905,10012,4765,5247,5720,2753,2967,1430,690,740,
42920,5723,2813,2910,10014,4876,5138,11445,5537,5908,10013,4766,5247,5721,2754,2967,1430,690,740,
42925,5723,2813,2910,10015,4876,5139,11445,5537,5908,10014,4767,5247,5721,2754,2967,1431,691,740,
42930,5724,2814,2910,10015,4876,5139,11446,5537,5909,10015,4768,5247,5723,2756,2967,1431,691,740,
42935,5724,2814,2910,10017,4877,5140,11447,5538,5909,10016,4768,5248,5724,2756,2968,1431,691,740,
42940,5725,2814,2911,10019,4878,5141,11450,5541,5909,10018,4769,5249,5724,2756,2968,1431,691,740,
42945,5726,2815,2911,10019,4878,5141,11450,5541,5909,10019,4769,5250,5724,2756,2968,1431,691,740,
42950,5727,2815,2912,10021,4879,5142,11453,5543,5910,10020,4770,5250,5725,2757,2968,1431,691,740,
42955,5727,2815,2912,10022,4880,5142,11453,5543,5910,10021,4770,5251,5725,2757,2968,1432,692,740,
42960,5728,2815,2913,10022,4880,5142,11454,5544,5910,10022,4771,5251,5727,2759,2968,1432,692,740,
42965,5728,2815,2913,10024,4881,5143,11455,5545,5910,10023,4771,5252,5728,2760,2968,1432,692,740,
42970,5729,2816,2913,10026,4883,5143,11458,5547,5911,10025,4773,5252,5728,2760,2968,1432,692,740,
42975,5730,2817,2913,10026,4883,5143,11458,5547,5911,10026,4773,5253,5728,2760,2968,1432,692,740,
42980,5731,2818,2913,10028,4883,5145,11461,5550,5911,10027,4773,5254,5729,2761,2968,1432,692,740,
42985,5731,2818,2913,10029,4883,5146,11461,5550,5911,10028,4773,5255,5729,2761,2968,1433,693,740,
42990,5732,2819,2913,10029,4883,5146,11462,5550,5912,10029,4774,5255,5731,2762,2969,1433,693,740,
42995,5732,2819,2913,10031,4883,5148,11463,5550,5913,10030,4775,5255,5732,2763,2969,1433,693,740,
43000,5733,2820,2913,10033,4885,5148,11466,5550,5916,10032,4776,5256,5732,2763,2969,1433,693,740,
43005,5734,2820,2914,10033,4885,5148,11466,5550,5916,10033,4776,5257,5732,2763,2969,1433,693,740,
43010,5735,2820,2915,10035,4886,5149,11469,5551,5918,10034,4777,5257,5733,2763,2970,1433,693,740,
43015,5735,2820,2915,10036,4887,5149,11469,5551,5918,10035,4778,5257,5733,2763,2970,1434,694,740,
43020,5736,2821,2915,10036,4887,5149,11470,5552,5918,10036,4778,5258,5735,2764,2971,1434,694,740,
43025,5736,2821,2915,10038,4888,5150,11471,5552,5919,10037,4779,5258,5736,2765,2971,1434,694,740,
43030,5737,2822,2915,10040,4889,5151,11474,5553,5921,10039,4781,5258,5736,2765,2971,1434,694,740,
43035,5738,2822,2916,10040,4889,5151,11474,5553,5921,10040,4781,5259,5736,2765,2971,1434,694,740,
43040,5739,2823,2916,10042,4890,5152,11477,5554,5923,10041,4781,5260,5737,2766,2971,1434,694,740,
43045,5739,2823,2916,10043,4890,5153,11477,5554,5923,10042,4782,5260,5737,2766,2971,1435,694,741,
43050,5740,2824,2916,10043,4890,5153,11478,5555,5923,10043,4782,5261,5739,2767,2972,1435,694,741,
43055,5740,2824,2916,10045,4891,5154,11479,5555,5924,10044,4782,5262,5740,2768,2972,1435,694,741,
43060,5741,2824,2917,10047,4893,5154,11482,5556,5926,10046,4783,5263,5740,2768,2972,1435,694,741,
43065,5742,2824,2918,10047,4893,5154,11482,5556,5926,10047,4784,5263,5740,2768,2972,1435,694,741,
43070,5743,2824,2919,10049,4893,5156,11485,5557,5928,10048,4785,5263,5741,2768,2973,1435,694,741,
43075,5743,2824,2919,10050,4894,5156,11485,5557,5928,10049,4786,5263,5741,2768,2973,1436,694,742,
43080,5744,2824,2920,10050,4894,5156,11486,5558,5928,10050,4787,5263,5743,2770,2973,1436,694,742,
43085,5744,2824,2920,10052,4895,5157,11487,5559,5928,10051,4787,5264,5744,2770,2974,1436,694,742,
43090,5745,2824,2921,10054,4896,5158,11490,5561,5929,10053,4789,5264,5744,2770,2974,1436,694,742,
43095,5746,2824,2922,10054,4896,5158,11490,5561,5929,10054,4790,5264,5744,2770,2974,1436,694,742,
43100,5747,2825,2922,10056,4897,5159,11493,5563,5930,10055,4790,5265,5745,2771,2974,1436,694,742,
43105,5747,2825,2922,10057,4897,5160,11493,5563,5930,10056,4790,5266,5745,2771,2974,1437,695,742,
43110,5748,2825,2923,10057,4897,5160,11494,5563,5931,10057,4791,5266,5747,2772,2975,1437,695,742,
43115,5748,2825,2923,10059,4898,5161,11495,5563,5932,10058,4791,5267,5748,2772,2976,1437,695,742,
43120,5749,2826,2923,10061,4899,5162,11498,5565,5933,10060,4791,5269,5748,2772,2976,1437,695,742,
43125,5750,2827,2923,10061,4899,5162,11498,5565,5933,10061,4791,5270,5748,2772,2976,1437,695,742,
43130,5751,2828,2923,10063,4900,5163,11501,5565,5936,10062,4792,5270,5749,2772,2977,1437,695,742,
43135,5751,2828,2923,10064,4901,5163,11501,5565,5936,10063,4792,5271,5749,2772,2977,1438,695,743,
43140,5752,2828,2924,10064,4901,5163,11502,5565,5937,10064,4792,5272,5751,2772,2979,1438,695,743,
43145,5752,2828,2924,10066,4902,5164,11503,5566,5937,10065,4793,5272,5752,2773,2979,1438,695,743,
43150,5753,2828,2925,10068,4903,5165,11506,5567,5939,10067,4794,5273,5752,2773,2979,1438,695,743,
43155,5754,2828,2926,10068,4903,5165,11506,5567,5939,10068,4795,5273,5752,2773,2979,1438,695,743,
43160,5755,2829,2926,10070,4903,5167,11509,5569,5940,10069,4795,5274,5753,2774,2979,1438,695,743,
43165,5755,2829,2926,10071,4904,5167,11509,5569,5940,10070,4796,5274,5753,2774,2979,1439,696,743,
43170,5756,2830,2926,10071,4904,5167,11510,5569,5941,10071,4797,5274,5755,2775,2980,1439,696,743,
43175,5756,2830,2926,10073,4905,5168,11511,5570,5941,10072,4798,5274,5756,2775,2981,1439,696,743,
43180,5757,2831,2926,10075,4906,5169,11514,5571,5943,10074,4798,5276,5756,2775,2981,1439,696,743,
43185,5758,2831,2927,10075,4906,5169,11514,5571,5943,10075,4798,5277,5756,2775,2981,1439,696,743,
43190,5759,2831,2928,10077,4906,5171,11517,5571,5946,10076,4798,5278,5757,2775,2982,1439,696,743,
43195,5759,2831,2928,10078,4907,5171,11517,5571,5946,10077,4799,5278,5757,2775,2982,1440,697,743,
43200,5760,2832,2928,10078,4907,5171,11518,5572,5946,10078,4800,5278,5759,2776,2983,1440,697,743,
43205,5760,2832,2928,10080,4908,5172,11519,5572,5947,10079,4801,5278,5760,2777,2983,1440,697,743,
43210,5761,2832,2929,10082,4908,5174,11522,5574,5948,10081,4802,5279,5760,2777,2983,1440,697,743,
43215,5762,2833,2929,10082,4908,5174,11522,5574,5948,10082,4802,5280,5760,2777,2983,1440,697,743,
43220,5763,2833,2930,10084,4908,5176,11525,5576,5949,10083,4802,5281,5761,2777,2984,1440,697,743,
43225,5763,2833,2930,10085,4909,5176,11525,5576,5949,10084,4802,5282,5761,2777,2984,1441,697,744,
43230,5764,2834,2930,10085,4909,5176,11526,5576,5950,10085,4802,5283,5763,2779,2984,1441,697,744,
43235,5764,2834,2930,10087,4909,5178,11527,5576,5951,10086,4803,5283,5764,2780,2984,1441,697,744,
43240,5765,2834,2931,10089,4910,5179,11530,5578,5952,10088,4804,5284,5764,2780,2984,1441,697,744,
43245,5766,2834,2932,10089,4910,5179,11530,5578,5952,10089,4805,5284,5764,2780,2984,1441,697,744,
43250,5767,2834,2933,10091,4911,5180,11533,5578,5955,10090,4805,5285,5765,2780,2985,1441,697,744,
43255,5767,2834,2933,10092,4912,5180,11533,5578,5955,10091,4806,5285,5765,2780,2985,1442,697,745,
43260,5768,2834,2934,10092,4912,5180,11534,5578,5956,10092,4807,5285,5767,2782,2985,1442,697,745,
43265,5768,2834,2934,10094,4914,5180,11535,5578,5957,10093,4807,5286,5768,2782,2986,1442,697,745,
43270,5769,2834,2935,10096,4914,5182,11538,5580,5958,10095,4808,5287,5768,2782,2986,1442,697,745,
43275,5770,2835,2935,10096,4914,5182,11538,5580,5958,10096,4809,5287,5768,2782,2986,1442,697,745,
43280,5771,2835,2936,10098,4915,5183,11541,5581,5960,10097,4809,5288,5769,2783,2986,1442,697,745,
43285,5771,2835,2936,10099,4916,5183,11541,5581,5960,10098,4809,5289,5769,2783,2986,1443,697,746,
43290,5772,2836,2936,10099,4916,5183,11542,5582,5960,10099,4809,5290,5771,2783,2988,1443,697,746,
43295,5772,2836,2936,10101,4916,5185,11543,5583,5960,10100,4810,5290,5772,2783,2989,1443,697,746,
43300,5773,2837,2936,10103,4916,5187,11546,5585,5961,10102,4811,5291,5772,2783,2989,1443,697,746,
43305,5774,2837,2937,10103,4916,5187,11546,5585,5961,10103,4811,5292,5772,2783,2989,1443,697,746,
43310,5775,2837,2938,10105,4917,5188,11549,5587,5962,10104,4811,5293,5773,2783,2990,1443,697,746,
43315,5775,2837,2938,10106,4917,5189,11549,5587,5962,10105,4812,5293,5773,2783,2990,1444,697,747,
43320,5776,2837,2939,10106,4917,5189,11550,5587,5963,10106,4812,5294,5775,2784,2991,1444,697,747,
43325,5776,2837,2939,10108,4918,5190,11551,5587,5964,10107,4812,5295,5776,2784,2992,1444,697,747,
43330,5777,2837,2940,10110,4919,5191,11554,5589,5965,10109,4814,5295,5776,2784,2992,1444,697,747,
43335,5778,2837,2941,10110,4919,5191,11554,5589,5965,10110,4815,5295,5776,2784,2992,1444,697,747,
43340,5779,2837,2942,10112,4920,5192,11557,5589,5968,10111,4816,5295,5777,2785,2992,1444,697,747,
43345,5779,2837,2942,10113,4920,5193,11557,5589,5968,10112,4817,5295,5777,2785,2992,1445,697,748,
43350,5780,2837,2943,10113,4920,5193,11558,5589,5969,10113,4818,5295,5779,2786,2993,1445,697,748,
43355,5780,2837,2943,10115,4920,5195,11559,5589,5970,10114,4819,5295,5780,2787,2993,1445,697,748,
43360,5781,2837,2944,10117,4920,5197,11562,5590,5972,10116,4819,5297,5780,2787,2993,1445,697,748,
43365,5782,2838,2944,10117,4920,5197,11562,5590,5972,10117,4819,5298,5780,2787,2993,1445,697,748,
43370,5783,2838,2945,10119,4922,5197,11565,5591,5974,10118,4820,5298,5781,2788,2993,1445,697,748,
43375,5783,2838,2945,10120,4923,5197,11565,5591,5974,10119,4820,5299,5781,2788,2993,1446,697,749,
43380,5784,2838,2946,10120,4923,5197,11566,5591,5975,10120,4821,5299,5783,2788,2995,1446,697,749,
43385,5784,2838,2946,10122,4924,5198,11567,5591,5976,10121,4822,5299,5784,2789,2995,1446,697,749,
43390,5785,2838,2947,10124,4924,5200,11570,5593,5977,10123,4823,5300,5784,2789,2995,1446,697,749,
43395,5786,2838,2948,10124,4924,5200,11570,5593,5977,10124,4824,5300,5784,2789,2995,1446,697,749,
43400,5787,2839,2948,10126,4925,5201,11573,5594,5979,10125,4825,5300,5785,2789,2996,1446,697,749,
43405,5787,2839,2948,10127,4926,5201,11573,5594,5979,10126,4825,5301,5785,2789,2996,1447,698,749,
43410,5788,2839,2949,10127,4926,5201,11574,5595,5979,10127,4826,5301,5787,2789,2998,1447,698,749,
43415,5788,2839,2949,10129,4926,5203,11575,5595,5980,10128,4826,5302,5788,2789,2999,1447,698,749,
43420,5789,2839,2950,10131,4926,5205,11578,5595,5983,10130,4827,5303,5788,2789,2999,1447,698,749,
43425,5790,2839,2951,10131,4926,5205,11578,5595,5983,10131,4828,5303,5788,2789,2999,1447,698,749,
43430,5791,2839,2952,10133,4928,5205,11581,5598,5983,10132,4828,5304,5789,2789,3000,1447,698,749,
43435,5791,2839,2952,10134,4929,5205,11581,5598,5983,10133,4828,5305,5789,2789,3000,1448,699,749,
43440,5792,2839,2953,10134,4929,5205,11582,5599,5983,10134,4829,5305,5791,2790,3001,1448,699,749,
43445,5792,2839,2953,10136,4931,5205,11583,5599,5984,10135,4830,5305,5792,2791,3001,1448,699,749,
43450,5793,2839,2954,10138,4932,5206,11586,5600,5986,10137,4831,5306,5792,2791,3001,1448,699,749,
43455,5794,2839,2955,10138,4932,5206,11586,5600,5986,10138,4831,5307,5792,2791,3001,1448,699,749,
43460,5795,2840,2955,10140,4932,5208,11589,5602,5987,10139,4831,5308,5793,2792,3001,1448,699,749,
43465,5795,2840,2955,10141,4933,5208,11589,5602,5987,10140,4831,5309,5793,2792,3001,1449,699,750,
43470,5796,2841,2955,10141,4933,5208,11590,5602,5988,10141,4832,5309,5795,2792,3003,1449,699,750,
43475,5796,2841,2955,10143,4934,5209,11591,5602,5989,10142,4832,5310,5796,2792,3004,1449,699,750,
43480,5797,2842,2955,10145,4935,5210,11594,5604,5990,10144,4834,5310,5796,2792,3004,1449,699,750,
43485,5798,2843,2955,10145,4935,5210,11594,5604,5990,10145,4834,5311,5796,2792,3004,1449,699,750,
43490,5799,2843,2956,10147,4937,5210,11597,5605,5992,10146,4835,5311,5797,2792,3005,1449,699,750,
43495,5799,2843,2956,10148,4938,5210,11597,5605,5992,10147,4836,5311,5797,2792,3005,1450,700,750,
43500,5800,2844,2956,10148,4938,5210,11598,5606,5992,10148,4836,5312,5799,2793,3006,1450,700,750,
43505,5800,2844,2956,10150,4939,5211,11599,5607,5992,10149,4837,5312,5800,2794,3006,1450,700,750,
43510,5801,2844,2957,10152,4940,5212,11602,5610,5992,10151,4838,5313,5800,2794,3006,1450,700,750,
43515,5802,2845,2957,10152,4940,5212,11602,5610,5992,10152,4839,5313,5800,2794,3006,1450,700,750,
43520,5803,2845,2958,10154,4941,5213,11605,5611,5994,10153,4839,5314,5801,2794,3007,1450,700,750,
43525,5803,2845,2958,10155,4941,5214,11605,5611,5994,10154,4840,5314,5801,2794,3007,1451,701,750,
43530,5804,2845,2959,10155,4941,5214,11606,5612,5994,10155,4841,5314,5803,2795,3008,1451,701,750,
43535,5804,2845,2959,10157,4943,5214,11607,5613,5994,10156,4842,5314,5804,2795,3009,1451,701,750,
43540,5805,2846,2959,10159,4943,5216,11610,5614,5996,10158,4843,5315,5804,2795,3009,1451,701,750,
43545,5806,2847,2959,10159,4943,5216,11610,5614,5996,10159,4844,5315,5804,2795,3009,1451,701,750,
43550,5807,2848,2959,10161,4945,5216,11613,5616,5997,10160,4844,5316,5805,2796,3009,1451,701,750,
43555,5807,2848,2959,10162,4945,5217,11613,5616,5997,10161,4845,5316,5805,2796,3009,1452,701,751,
43560,5808,2849,2959,10162,4945,5217,11614,5617,5997,10162,4846,5316,5807,2797,3010,1452,701,751,
43565,5808,2849,2959,10164,4947,5217,11615,5617,5998,10163,4847,5316,5808,2798,3010,1452,701,751,
43570,5809,2849,2960,10166,4948,5218,11618,5619,5999,10165,4848,5317,5808,2798,3010,1452,701,751,
43575,5810,2849,2961,10166,4948,5218,11618,5619,5999,10166,4848,5318,5808,2798,3010,1452,701,751,
43580,5811,2850,2961,10168,4949,5219,11621,5620,6001,10167,4848,5319,5809,2798,3011,1452,701,751,
43585,5811,2850,2961,10169,4949,5220,11621,5620,6001,10168,4849,5319,5809,2798,3011,1453,701,752,
43590,5812,2851,2961,10169,4949,5220,11622,5620,6002,10169,4849,5320,5811,2798,3013,1453,701,752,
43595,5812,2851,2961,10171,4949,5222,11623,5621,6002,10170,4849,5321,5812,2799,3013,1453,701,752,
43600,5813,2852,2961,10173,4950,5223,11626,5622,6004,10172,4850,5322,5812,2799,3013,1453,701,752,
43605,5814,2852,2962,10173,4950,5223,11626,5622,6004,10173,4850,5323,5812,2799,3013,1453,701,752,
43610,5815,2853,2962,10175,4950,5225,11629,5623,6006,10174,4850,5324,5813,2800,3013,1453,701,752,
43615,5815,2853,2962,10176,4950,5226,11629,5623,6006,10175,4851,5324,5813,2800,3013,1454,701,753,
43620,5816,2853,2963,10176,4950,5226,11630,5623,6007,10176,4851,5325,5815,2800,3015,1454,701,753,
43625,5816,2853,2963,10178,4951,5227,11631,5624,6007,10177,4851,5326,5816,2800,3016,1454,701,753,
43630,5817,2854,2963,10180,4953,5227,11634,5625,6009,10179,4851,5328,5816,2800,3016,1454,701,753,
43635,5818,2855,2963,10180,4953,5227,11634,5625,6009,10180,4852,5328,5816,2800,3016,1454,701,753,
43640,5819,2855,2964,10182,4954,5228,11637,5627,6010,10181,4852,5329,5817,2800,3017,1454,701,753,
43645,5819,2855,2964,10183,4954,5229,11637,5627,6010,10182,4853,5329,5817,2800,3017,1455,701,754,
43650,5820,2855,2965,10183,4954,5229,11638,5628,6010,10183,4853,5330,5819,2801,3018,1455,701,754,
43655,5820,2855,2965,10185,4956,5229,11639,5629,6010,10184,4853,5331,5820,2801,3019,1455,701,754,
43660,5821,2856,2965,10187,4957,5230,11642,5632,6010,10186,4853,5333,5820,2801,3019,1455,701,754,
43665,5822,2856,2966,10187,4957,5230,11642,5632,6010,10187,4853,5334,5820,2801,3019,1455,701,754,
43670,5823,2856,2967,10189,4959,5230,11645,5634,6011,10188,4853,5335,5821,2801,3020,1455,701,754,
43675,5823,2856,2967,10190,4960,5230,11645,5634,6011,10189,4853,5336,5821,2801,3020,1456,701,755,
43680,5824,2857,2967,10190,4960,5230,11646,5635,6011,10190,4853,5337,5823,2803,3020,1456,701,755,
43685,5824,2857,2967,10192,4961,5231,11647,5635,6012,10191,4853,5338,5824,2804,3020,1456,701,755,
43690,5825,2857,2968,10194,4961,5233,11650,5635,6015,10193,4854,5339,5824,2804,3020,1456,701,755,
43695,5826,2857,2969,10194,4961,5233,11650,5635,6015,10194,4854,5340,5824,2804,3020,1456,701,755,
43700,5827,2858,2969,10196,4963,5233,11653,5636,6017,10195,4855,5340,5825,2804,3021,1456,701,755,
43705,5827,2858,2969,10197,4963,5234,11653,5636,6017,10196,4855,5341,5825,2804,3021,1457,701,756,
43710,5828,2859,2969,10197,4963,5234,11654,5636,6018,10197,4856,5341,5827,2804,3023,1457,701,756,
43715,5828,2859,2969,10199,4964,5235,11655,5637,6018,10198,4857,5341,5828,2804,3024,1457,701,756,
43720,5829,2859,2970,10201,4965,5236,11658,5638,6020,10200,4859,5341,5828,2804,3024,1457,701,756,
43725,5830,2860,2970,10201,4965,5236,11658,5638,6020,10201,4859,5342,5828,2804,3024,1457,701,756,
43730,5831,2861,2970,10203,4967,5236,11661,5639,6022,10202,4859,5343,5829,2805,3024,1457,701,756,
43735,5831,2861,2970,10204,4967,5237,11661,5639,6022,10203,4860,5343,5829,2805,3024,1458,702,756,
43740,5832,2861,2971,10204,4967,5237,11662,5639,6023,10204,4860,5344,5831,2807,3024,1458,702,756,
43745,5832,2861,2971,10206,4968,5238,11663,5639,6024,10205,4860,5345,5832,2807,3025,1458,702,756,
43750,5833,2861,2972,10208,4969,5239,11666,5640,6026,10207,4860,5347,5832,2807,3025,1458,702,756,
43755,5834,2862,2972,10208,4969,5239,11666,5640,6026,10208,4861,5347,5832,2807,3025,1458,702,756,
43760,5835,2862,2973,10210,4970,5240,11669,5643,6026,10209,4862,5347,5833,2807,3026,1458,702,756,
43765,5835,2862,2973,10211,4971,5240,11669,5643,6026,10210,4863,5347,5833,2807,3026,1459,702,757,
43770,5836,2862,2974,10211,4971,5240,11670,5644,6026,10211,4863,5348,5835,2809,3026,1459,702,757,
43775,5836,2862,2974,10213,4971,5242,11671,5645,6026,10212,4864,5348,5836,2810,3026,1459,702,757,
43780,5837,2862,2975,10215,4973,5242,11674,5646,6028,10214,4865,5349,5836,2810,3026,1459,702,757,
43785,5838,2863,2975,10215,4973,5242,11674,5646,6028,10215,4866,5349,5836,2810,3026,1459,702,757,
43790,5839,2863,2976,10217,4974,5243,11677,5648,6029,10216,4867,5349,5837,2810,3027,1459,702,757,
43795,5839,2863,2976,10218,4974,5244,11677,5648,6029,10217,4868,5349,5837,2810,3027,1460,702,758,
43800,5840,2863,2977,10218,4974,5244,11678,5648,6030,10218,4869,5349,5839,2811,3028,1460,702,758,
43805,5840,2863,2977,10220,4974,5246,11679,5648,6031,10219,4870,5349,5840,2811,3029,1460,702,758,
43810,5841,2863,2978,10222,4975,5247,11682,5649,6033,10221,4870,5351,5840,2811,3029,1460,702,758,
43815,5842,2864,2978,10222,4975,5247,11682,5649,6033,10222,4870,5352,5840,2811,3029,1460,702,758,
43820,5843,2865,2978,10224,4976,5248,11685,5651,6034,10223,4871,5352,5841,2812,3029,1460,702,758,
43825,5843,2865,2978,10225,4977,5248,11685,5651,6034,10224,4872,5352,5841,2812,3029,1461,703,758,
43830,5844,2865,2979,10225,4977,5248,11686,5651,6035,10225,4872,5353,5843,2812,3031,1461,703,758,
43835,5844,2865,2979,10227,4977,5250,11687,5652,6035,10226,4873,5353,5844,2813,3031,1461,703,758,
43840,5845,2865,2980,10229,4978,5251,11690,5652,6038,10228,4873,5355,5844,2813,3031,1461,703,758,
43845,5846,2866,2980,10229,4978,5251,11690,5652,6038,10229,4873,5356,5844,2813,3031,1461,703,758,
43850,5847,2867,2980,10231,4978,5253,11693,5654,6039,10230,4874,5356,5845,2813,3032,1461,703,758,
43855,5847,2867,2980,10232,4978,5254,11693,5654,6039,10231,4874,5357,5845,2813,3032,1462,703,759,
43860,5848,2867,2981,10232,4978,5254,11694,5654,6040,10232,4874,5358,5847,2814,3033,1462,703,759,
43865,5848,2867,2981,10234,4979,5255,11695,5655,6040,10233,4875,5358,5848,2814,3034,1462,703,759,
43870,5849,2867,2982,10236,4981,5255,11698,5656,6042,10235,4876,5359,5848,2814,3034,1462,703,759,
43875,5850,2867,2983,10236,4981,5255,11698,5656,6042,10236,4876,5360,5848,2814,3034,1462,703,759,
43880,5851,2868,2983,10238,4982,5256,11701,5658,6043,10237,4877,5360,5849,2815,3034,1462,703,759,
43885,5851,2868,2983,10239,4983,5256,11701,5658,6043,10238,4878,5360,5849,2815,3034,1463,703,760,
43890,5852,2869,2983,10239,4983,5256,11702,5659,6043,10239,4879,5360,5851,2816,3035,1463,703,760,
43895,5852,2869,2983,10241,4984,5257,11703,5660,6043,10240,4880,5360,5852,2817,3035,1463,703,760,
43900,5853,2870,2983,10243,4985,5258,11706,5662,6044,10242,4882,5360,5852,2817,3035,1463,703,760,
43905,5854,2871,2983,10243,4985,5258,11706,5662,6044,10243,4882,5361,5852,2817,3035,1463,703,760,
43910,5855,2871,2984,10245,4986,5259,11709,5662,6047,10244,4882,5362,5853,2817,3036,1463,703,760,
43915,5855,2871,2984,10246,4987,5259,11709,5662,6047,10245,4882,5363,5853,2817,3036,1464,704,760,
43920,5856,2872,2984,10246,4987,5259,11710,5663,6047,10246,4883,5363,5855,2818,3037,1464,704,760,
43925,5856,2872,2984,10248,4987,5261,11711,5663,6048,10247,4884,5363,5856,2819,3037,1464,704,760,
43930,5857,2872,2985,10250,4989,5261,11714,5663,6051,10249,4885,5364,5856,2819,3037,1464,704,760,
43935,5858,2873,2985,10250,4989,5261,11714,5663,6051,10250,4886,5364,5856,2819,3037,1464,704,760,
43940,5859,2873,2986,10252,4989,5263,11717,5665,6052,10251,4887,5364,5857,2819,3038,1464,704,760,
43945,5859,2873,2986,10253,4990,5263,11717,5665,6052,10252,4888,5364,5857,2819,3038,1465,704,761,
43950,5860,2874,2986,10253,4990,5263,11718,5666,6052,10253,4889,5364,5859,2819,3040,1465,704,761,
43955,5860,2874,2986,10255,4991,5264,11719,5667,6052,10254,4890,5364,5860,2819,3041,1465,704,761,
43960,5861,2875,2986,10257,4992,5265,11722,5668,6054,10256,4891,5365,5860,2819,3041,1465,704,761,
43965,5862,2876,2986,10257,4992,5265,11722,5668,6054,10257,4891,5366,5860,2819,3041,1465,704,761,
43970,5863,2877,2986,10259,4993,5266,11725,5670,6055,10258,4892,5366,5861,2819,3042,1465,704,761,
43975,5863,2877,2986,10260,4993,5267,11725,5670,6055,10259,4893,5366,5861,2819,3042,1466,705,761,
43980,5864,2877,2987,10260,4993,5267,11726,5670,6056,10260,4894,5366,5863,2820,3043,1466,705,761,
43985,5864,2877,2987,10262,4994,5268,11727,5670,6057,10261,4894,5367,5864,2821,3043,1466,705,761,
43990,5865,2877,2988,10264,4994,5270,11730,5671,6059,10263,4895,5368,5864,2821,3043,1466,705,761,
43995,5866,2877,2989,10264,4994,5270,11730,5671,6059,10264,4896,5368,5864,2821,3043,1466,705,761,
44000,5867,2878,2989,10266,4995,5271,11733,5671,6062,10265,4896,5369,5865,2822,3043,1466,705,761,
44005,5867,2878,2989,10267,4996,5271,11733,5671,6062,10266,4896,5370,5865,2822,3043,1467,705,762,
44010,5868,2878,2990,10267,4996,5271,11734,5672,6062,10267,4896,5371,5867,2824,3043,1467,705,762,
44015,5868,2878,2990,10269,4997,5272,11735,5672,6063,10268,4896,5372,5868,2824,3044,1467,705,762,
44020,5869,2878,2991,10271,4997,5274,11738,5673,6065,10270,4897,5373,5868,2824,3044,1467,705,762,
44025,5870,2879,2991,10271,4997,5274,11738,5673,6065,10271,4898,5373,5868,2824,3044,1467,705,762,
44030,5871,2879,2992,10273,4998,5275,11741,5675,6066,10272,4898,5374,5869,2825,3044,1467,705,762,
44035,5871,2879,2992,10274,4998,5276,11741,5675,6066,10273,4899,5374,5869,2825,3044,1468,706,762,
44040,5872,2879,2993,10274,4998,5276,11742,5676,6066,10274,4900,5374,5871,2826,3045,1468,706,762,
44045,5872,2879,2993,10276,4999,5277,11743,5677,6066,10275,4901,5374,5872,2826,3046,1468,706,762,
44050,5873,2879,2994,10278,4999,5279,11746,5679,6067,10277,4901,5376,5872,2826,3046,1468,706,762,
44055,5874,2880,2994,10278,4999,5279,11746,5679,6067,10278,4902,5376,5872,2826,3046,1468,706,762,
44060,5875,2880,2995,10280,5000,5280,11749,5681,6068,10279,4903,5376,5873,2826,3047,1468,706,762,
44065,5875,2880,2995,10281,5000,5281,11749,5681,6068,10280,4904,5376,5873,2826,3047,1469,706,763,
44070,5876,2881,2995,10281,5000,5281,11750,5681,6069,10281,4904,5377,5875,2826,3049,1469,706,763,
44075,5876,2881,2995,10283,5000,5283,11751,5682,6069,10282,4905,5377,5876,2826,3050,1469,706,763,
44080,5877,2882,2995,10285,5002,5283,11754,5684,6070,10284,4907,5377,5876,2826,3050,1469,706,763,
44085,5878,2882,2996,10285,5002,5283,11754,5684,6070,10285,4907,5378,5876,2826,3050,1469,706,763,
44090,5879,2883,2996,10287,5003,5284,11757,5685,6072,10286,4907,5379,5877,2827,3050,1469,706,763,
44095,5879,2883,2996,10288,5004,5284,11757,5685,6072,10287,4908,5379,5877,2827,3050,1470,707,763,
44100,5880,2883,2997,10288,5004,5284,11758,5685,6073,10288,4908,5380,5879,2827,3052,1470,707,763,
44105,5880,2883,2997,10290,5006,5284,11759,5686,6073,10289,4909,5380,5880,2828,3052,1470,707,763,
44110,5881,2883,2998,10292,5006,5286,11762,5688,6074,10291,4911,5380,5880,2828,3052,1470,707,763,
44115,5882,2883,2999,10292,5006,5286,11762,5688,6074,10292,4912,5380,5880,2828,3052,1470,707,763,
44120,5883,2884,2999,10294,5008,5286,11765,5690,6075,10293,4912,5381,5881,2829,3052,1470,707,763,
44125,5883,2884,2999,10295,5008,5287,11765,5690,6075,10294,4912,5382,5881,2829,3052,1471,708,763,
44130,5884,2885,2999,10295,5008,5287,11766,5690,6076,10295,4912,5383,5883,2831,3052,1471,708,763,
44135,5884,2885,2999,10297,5010,5287,11767,5691,6076,10296,4912,5384,5884,2832,3052,1471,708,763,
44140,5885,2885,3000,10299,5012,5287,11770,5693,6077,10298,4913,5385,5884,2832,3052,1471,708,763,
44145,5886,2885,3001,10299,5012,5287,11770,5693,6077,10299,4913,5386,5884,2832,3052,1471,708,763,
44150,5887,2886,3001,10301,5013,5288,11773,5695,6078,10300,4914,5386,5885,2832,3053,1471,708,763,
44155,5887,2886,3001,10302,5014,5288,11773,5695,6078,10301,4915,5386,5885,2832,3053,1472,708,764,
44160,5888,2887,3001,10302,5014,5288,11774,5696,6078,10302,4916,5386,5887,2833,3054,1472,708,764,
44165,5888,2887,3001,10304,5014,5290,11775,5696,6079,10303,4917,5386,5888,2834,3054,1472,708,764,
44170,5889,2887,3002,10306,5015,5291,11778,5698,6080,10305,4918,5387,5888,2834,3054,1472,708,764,
44175,5890,2887,3003,10306,5015,5291,11778,5698,6080,10306,4919,5387,5888,2834,3054,1472,708,764,
44180,5891,2888,3003,10308,5015,5293,11781,5701,6080,10307,4919,5388,5889,2834,3055,1472,708,764,
44185,5891,2888,3003,10309,5015,5294,11781,5701,6080,10308,4919,5389,5889,2834,3055,1473,708,765,
44190,5892,2889,3003,10309,5015,5294,11782,5701,6081,10309,4920,5389,5891,2834,3057,1473,708,765,
44195,5892,2889,3003,10311,5016,5295,11783,5701,6082,10310,4920,5390,5892,2835,3057,1473,708,765,
44200,5893,2889,3004,10313,5017,5296,11786,5703,6083,10312,4921,5391,5892,2835,3057,1473,708,765,
44205,5894,2889,3005,10313,5017,5296,11786,5703,6083,10313,4922,5391,5892,2835,3057,1473,708,765,
44210,5895,2889,3006,10315,5017,5298,11789,5703,6086,10314,4923,5391,5893,2836,3057,1473,708,765,
44215,5895,2889,3006,10316,5017,5299,11789,5703,6086,10315,4924,5391,5893,2836,3057,1474,708,766,
44220,5896,2889,3007,10316,5017,5299,11790,5704,6086,10316,4925,5391,5895,2836,3059,1474,708,766,
44225,5896,2889,3007,10318,5017,5301,11791,5705,6086,10317,4926,5391,5896,2836,3060,1474,708,766,
44230,5897,2889,3008,10320,5018,5302,11794,5707,6087,10319,4926,5393,5896,2836,3060,1474,708,766,
44235,5898,2889,3009,10320,5018,5302,11794,5707,6087,10320,4927,5393,5896,2836,3060,1474,708,766,
44240,5899,2889,3010,10322,5020,5302,11797,5707,6090,10321,4927,5394,5897,2837,3060,1474,708,766,
44245,5899,2889,3010,10323,5021,5302,11797,5707,6090,10322,4928,5394,5897,2837,3060,1475,709,766,
44250,5900,2890,3010,10323,5021,5302,11798,5708,6090,10323,4928,5395,5899,2838,3061,1475,709,766,
44255,5900,2890,3010,10325,5022,5303,11799,5708,6091,10324,4928,5396,5900,2839,3061,1475,709,766,
44260,5901,2890,3011,10327,5023,5304,11802,5709,6093,10326,4930,5396,5900,2839,3061,1475,709,766,
44265,5902,2890,3012,10327,5023,5304,11802,5709,6093,10327,4930,5397,5900,2839,3061,1475,709,766,
44270,5903,2890,3013,10329,5024,5305,11805,5711,6094,10328,4930,5398,5901,2839,3062,1475,709,766,
44275,5903,2890,3013,10330,5025,5305,11805,5711,6094,10329,4930,5399,5901,2839,3062,1476,710,766,
44280,5904,2890,3014,10330,5025,5305,11806,5711,6095,10330,4930,5400,5903,2841,3062,1476,710,766,
44285,5904,2890,3014,10332,5025,5307,11807,5711,6096,10331,4931,5400,5904,2841,3063,1476,710,766,
44290,5905,2890,3015,10334,5025,5309,11810,5712,6098,10333,4932,5401,5904,2841,3063,1476,710,766,
44295,5906,2891,3015,10334,5025,5309,11810,5712,6098,10334,4932,5402,5904,2841,3063,1476,710,766,
44300,5907,2892,3015,10336,5027,5309,11813,5713,6100,10335,4933,5402,5905,2842,3063,1476,710,766,
44305,5907,2892,3015,10337,5028,5309,11813,5713,6100,10336,4934,5402,5905,2842,3063,1477,711,766,
44310,5908,2892,3016,10337,5028,5309,11814,5714,6100,10337,4934,5403,5907,2843,3064,1477,711,766,
44315,5908,2892,3016,10339,5029,5310,11815,5715,6100,10338,4935,5403,5908,2843,3065,1477,711,766,
44320,5909,2893,3016,10341,5031,5310,11818,5717,6101,10340,4936,5404,5908,2843,3065,1477,711,766,
44325,5910,2893,3017,10341,5031,5310,11818,5717,6101,10341,4937,5404,5908,2843,3065,1477,711,766,
44330,5911,2893,3018,10343,5032,5311,11821,5718,6103,10342,4937,5405,5909,2844,3065,1477,711,766,
44335,5911,2893,3018,10344,5033,5311,11821,5718,6103,10343,4937,5406,5909,2844,3065,1478,712,766,
44340,5912,2893,3019,10344,5033,5311,11822,5718,6104,10344,4937,5407,5911,2845,3066,1478,712,766,
44345,5912,2893,3019,10346,5033,5313,11823,5719,6104,10345,4938,5407,5912,2846,3066,1478,712,766,
44350,5913,2894,3019,10348,5034,5314,11826,5721,6105,10347,4939,5408,5912,2846,3066,1478,712,766,
44355,5914,2894,3020,10348,5034,5314,11826,5721,6105,10348,4939,5409,5912,2846,3066,1478,712,766,
44360,5915,2895,3020,10350,5034,5316,11829,5723,6106,10349,4939,5410,5913,2846,3067,1478,712,766,
44365,5915,2895,3020,10351,5035,5316,11829,5723,6106,10350,4940,5410,5913,2846,3067,1479,713,766,
44370,5916,2895,3021,10351,5035,5316,11830,5723,6107,10351,4941,5410,5915,2847,3068,1479,713,766,
44375,5916,2895,3021,10353,5036,5317,11831,5724,6107,10352,4942,5410,5916,2848,3068,1479,713,766,
44380,5917,2896,3021,10355,5037,5318,11834,5726,6108,10354,4943,5411,5916,2848,3068,1479,713,766,
44385,5918,2897,3021,10355,5037,5318,11834,5726,6108,10355,4943,5412,5916,2848,3068,1479,713,766,
44390,5919,2897,3022,10357,5039,5318,11837,5727,6110,10356,4944,5412,5917,2849,3068,1479,713,766,
44395,5919,2897,3022,10358,5040,5318,11837,5727,6110,10357,4945,5412,5917,2849,3068,1480,713,767,
44400,5920,2898,3022,10358,5040,5318,11838,5728,6110,10358,4946,5412,5919,2850,3069,1480,713,767,
44405,5920,2898,3022,10360,5041,5319,11839,5729,6110,10359,4947,5412,5920,2850,3070,1480,713,767,
44410,5921,2898,3023,10362,5041,5321,11842,5731,6111,10361,4948,5413,5920,2850,3070,1480,713,767,
44415,5922,2899,3023,10362,5041,5321,11842,5731,6111,10362,4948,5414,5920,2850,3070,1480,713,767,
44420,5923,2900,3023,10364,5042,5322,11845,5733,6112,10363,4949,5414,5921,2851,3070,1480,713,767,
44425,5923,2900,3023,10365,5042,5323,11845,5733,6112,10364,4949,5415,5921,2851,3070,1481,714,767,
44430,5924,2900,3024,10365,5042,5323,11846,5733,6113,10365,4950,5415,5923,2853,3070,1481,714,767,
44435,5924,2900,3024,10367,5044,5323,11847,5734,6113,10366,4951,5415,5924,2853,3071,1481,714,767,
44440,5925,2901,3024,10369,5045,5324,11850,5735,6115,10368,4952,5416,5924,2853,3071,1481,714,767,
44445,5926,2901,3025,10369,5045,5324,11850,5735,6115,10369,4953,5416,5924,2853,3071,1481,714,767,
44450,5927,2901,3026,10371,5047,5324,11853,5737,6116,10370,4953,5417,5925,2854,3071,1481,714,767,
44455,5927,2901,3026,10372,5048,5324,11853,5737,6116,10371,4954,5417,5925,2854,3071,1482,714,768,
44460,5928,2902,3026,10372,5048,5324,11854,5737,6117,10372,4955,5417,5927,2854,3073,1482,714,768,
44465,5928,2902,3026,10374,5048,5326,11855,5737,6118,10373,4956,5417,5928,2854,3074,1482,714,768,
44470,5929,2903,3026,10376,5050,5326,11858,5739,6119,10375,4958,5417,5928,2854,3074,1482,714,768,
44475,5930,2903,3027,10376,5050,5326,11858,5739,6119,10376,4959,5417,5928,2854,3074,1482,714,768,
44480,5931,2904,3027,10378,5052,5326,11861,5740,6121,10377,4960,5417,5929,2855,3074,1482,714,768,
44485,5931,2904,3027,10379,5052,5327,11861,5740,6121,10378,4960,5418,5929,2855,3074,1483,714,769,
44490,5932,2904,3028,10379,5052,5327,11862,5741,6121,10379,4960,5419,5931,2855,3076,1483,714,769,
44495,5932,2904,3028,10381,5054,5327,11863,5741,6122,10380,4961,5419,5932,2855,3077,1483,714,769,
44500,5933,2904,3029,10383,5055,5328,11866,5742,6124,10382,4962,5420,5932,2855,3077,1483,714,769,
44505,5934,2905,3029,10383,5055,5328,11866,5742,6124,10383,4962,5421,5932,2855,3077,1483,714,769,
44510,5935,2906,3029,10385,5055,5330,11869,5744,6125,10384,4962,5422,5933,2855,3078,1483,714,769,
44515,5935,2906,3029,10386,5055,5331,11869,5744,6125,10385,4963,5422,5933,2855,3078,1484,715,769,
44520,5936,2907,3029,10386,5055,5331,11870,5744,6126,10386,4963,5423,5935,2856,3079,1484,715,769,
44525,5936,2907,3029,10388,5057,5331,11871,5745,6126,10387,4964,5423,5936,2857,3079,1484,715,769,
44530,5937,2907,3030,10390,5058,5332,11874,5746,6128,10389,4964,5425,5936,2857,3079,1484,715,769,
44535,5938,2907,3031,10390,5058,5332,11874,5746,6128,10390,4965,5425,5936,2857,3079,1484,715,769,
44540,5939,2908,3031,10392,5058,5334,11877,5747,6130,10391,4966,5425,5937,2857,3080,1484,715,769,
44545,5939,2908,3031,10393,5058,5335,11877,5747,6130,10392,4967,5425,5937,2857,3080,1485,716,769,
44550,5940,2909,3031,10393,5058,5335,11878,5748,6130,10393,4967,5426,5939,2859,3080,1485,716,769,
44555,5940,2909,3031,10395,5060,5335,11879,5749,6130,10394,4967,5427,5940,2859,3081,1485,716,769,
44560,5941,2909,3032,10397,5060,5337,11882,5750,6132,10396,4967,5429,5940,2859,3081,1485,716,769,
44565,5942,2910,3032,10397,5060,5337,11882,5750,6132,10397,4967,5430,5940,2859,3081,1485,716,769,
44570,5943,2911,3032,10399,5060,5339,11885,5752,6133,10398,4967,5431,5941,2860,3081,1485,716,769,
44575,5943,2911,3032,10400,5061,5339,11885,5752,6133,10399,4967,5432,5941,2860,3081,1486,716,770,
44580,5944,2912,3032,10400,5061,5339,11886,5753,6133,10400,4967,5433,5943,2860,3083,1486,716,770,
44585,5944,2912,3032,10402,5061,5341,11887,5753,6134,10401,4968,5433,5944,2860,3084,1486,716,770,
44590,5945,2913,3032,10404,5061,5343,11890,5755,6135,10403,4969,5434,5944,2860,3084,1486,716,770,
44595,5946,2913,3033,10404,5061,5343,11890,5755,6135,10404,4969,5435,5944,2860,3084,1486,716,770,
44600,5947,2913,3034,10406,5061,5345,11893,5757,6136,10405,4969,5436,5945,2860,3085,1486,716,770,
44605,5947,2913,3034,10407,5061,5346,11893,5757,6136,10406,4969,5437,5945,2860,3085,1487,717,770,
44610,5948,2913,3035,10407,5061,5346,11894,5757,6137,10407,4970,5437,5947,2862,3085,1487,717,770,
44615,5948,2913,3035,10409,5062,5347,11895,5757,6138,10408,4971,5437,5948,2862,3086,1487,717,770,
44620,5949,2914,3035,10411,5063,5348,11898,5760,6138,10410,4971,5439,5948,2862,3086,1487,717,770,
44625,5950,2915,3035,10411,5063,5348,11898,5760,6138,10411,4971,5440,5948,2862,3086,1487,717,770,
44630,5951,2915,3036,10413,5065,5348,11901,5762,6139,10412,4972,5440,5949,2863,3086,1487,717,770,
44635,5951,2915,3036,10414,5065,5349,11901,5762,6139,10413,4973,5440,5949,2863,3086,1488,718,770,
44640,5952,2915,3037,10414,5065,5349,11902,5762,6140,10414,4973,5441,5951,2865,3086,1488,718,770,
44645,5952,2915,3037,10416,5065,5351,11903,5762,6141,10415,4973,5442,5952,2866,3086,1488,718,770,
44650,5953,2915,3038,10418,5065,5353,11906,5765,6141,10417,4975,5442,5952,2866,3086,1488,718,770,
44655,5954,2915,3039,10418,5065,5353,11906,5765,6141,10418,4976,5442,5952,2866,3086,1488,718,770,
44660,5955,2915,3040,10420,5067,5353,11909,5766,6143,10419,4976,5443,5953,2866,3087,1488,718,770,
44665,5955,2915,3040,10421,5068,5353,11909,5766,6143,10420,4977,5443,5953,2866,3087,1489,718,771,
44670,5956,2915,3041,10421,5068,5353,11910,5766,6144,10421,4978,5443,5955,2867,3088,1489,718,771,
44675,5956,2915,3041,10423,5069,5354,11911,5766,6145,10422,4979,5443,5956,2868,3088,1489,718,771,
44680,5957,2915,3042,10425,5069,5356,11914,5767,6147,10424,4981,5443,5956,2868,3088,1489,718,771,
44685,5958,2916,3042,10425,5069,5356,11914,5767,6147,10425,4982,5443,5956,2868,3088,1489,718,771,
44690,5959,2916,3043,10427,5070,5357,11917,5767,6150,10426,4982,5444,5957,2868,3089,1489,718,771,
44695,5959,2916,3043,10428,5070,5358,11917,5767,6150,10427,4983,5444,5957,2868,3089,1490,719,771,
44700,5960,2916,3044,10428,5070,5358,11918,5768,6150,10428,4984,5444,5959,2870,3089,1490,719,771,
44705,5960,2916,3044,10430,5071,5359,11919,5768,6151,10429,4984,5445,5960,2871,3089,1490,719,771,
44710,5961,2917,3044,10432,5072,5360,11922,5770,6152,10431,4986,5445,5960,2871,3089,1490,719,771,
44715,5962,2918,3044,10432,5072,5360,11922,5770,6152,10432,4987,5445,5960,2871,3089,1490,719,771,
44720,5963,2919,3044,10434,5074,5360,11925,5771,6154,10433,4988,5445,5961,2872,3089,1490,719,771,
44725,5963,2919,3044,10435,5074,5361,11925,5771,6154,10434,4988,5446,5961,2872,3089,1491,720,771,
44730,5964,2920,3044,10435,5074,5361,11926,5771,6155,10435,4989,5446,5963,2873,3090,1491,720,771,
44735,5964,2920,3044,10437,5074,5363,11927,5772,6155,10436,4989,5447,5964,2874,3090,1491,720,771,
44740,5965,2920,3045,10439,5075,5364,11930,5773,6157,10438,4989,5449,5964,2874,3090,1491,720,771,
44745,5966,2921,3045,10439,5075,5364,11930,5773,6157,10439,4990,5449,5964,2874,3090,1491,720,771,
44750,5967,2921,3046,10441,5077,5364,11933,5774,6159,10440,4990,5450,5965,2875,3090,1491,720,771,
44755,5967,2921,3046,10442,5078,5364,11933,5774,6159,10441,4991,5450,5965,2875,3090,1492,721,771,
44760,5968,2921,3047,10442,5078,5364,11934,5775,6159,10442,4992,5450,5967,2876,3091,1492,721,771,
44765,5968,2921,3047,10444,5080,5364,11935,5775,6160,10443,4992,5451,5968,2877,3091,1492,721,771,
44770,5969,2921,3048,10446,5081,5365,11938,5777,6161,10445,4992,5453,5968,2877,3091,1492,721,771,
44775,5970,2921,3049,10446,5081,5365,11938,5777,6161,10446,4993,5453,5968,2877,3091,1492,721,771,
44780,5971,2921,3050,10448,5082,5366,11941,5778,6163,10447,4994,5453,5969,2878,3091,1492,721,771,
44785,5971,2921,3050,10449,5083,5366,11941,5778,6163,10448,4994,5454,5969,2878,3091,1493,722,771,
44790,5972,2922,3050,10449,5083,5366,11942,5778,6164,10449,4994,5455,5971,2879,3092,1493,722,771,
44795,5972,2922,3050,10451,5085,5366,11943,5778,6165,10450,4994,5456,5972,2879,3093,1493,722,771,
44800,5973,2923,3050,10453,5086,5367,11946,5780,6166,10452,4995,5457,5972,2879,3093,1493,722,771,
44805,5974,2924,3050,10453,5086,5367,11946,5780,6166,10453,4996,5457,5972,2879,3093,1493,722,771,
44810,5975,2925,3050,10455,5087,5368,11949,5780,6169,10454,4997,5457,5973,2880,3093,1493,722,771,
44815,5975,2925,3050,10456,5087,5369,11949,5780,6169,10455,4997,5458,5973,2880,3093,1494,723,771,
44820,5976,2925,3051,10456,5087,5369,11950,5781,6169,10456,4998,5458,5975,2881,3094,1494,723,771,
44825,5976,2925,3051,10458,5087,5371,11951,5782,6169,10457,4999,5458,5976,2882,3094,1494,723,771,
44830,5977,2925,3052,10460,5088,5372,11954,5783,6171,10459,5000,5459,5976,2882,3094,1494,723,771,
44835,5978,2926,3052,10460,5088,5372,11954,5783,6171,10460,5000,5460,5976,2882,3094,1494,723,771,
44840,5979,2927,3052,10462,5089,5373,11957,5786,6171,10461,5000,5461,5977,2883,3094,1494,723,771,
44845,5979,2927,3052,10463,5089,5374,11957,5786,6171,10462,5001,5461,5977,2883,3094,1495,724,771,
44850,5980,2928,3052,10463,5089,5374,11958,5786,6172,10463,5001,5462,5979,2884,3095,1495,724,771,
44855,5980,2928,3052,10465,5091,5374,11959,5787,6172,10464,5002,5462,5980,2885,3095,1495,724,771,
44860,5981,2928,3053,10467,5093,5374,11962,5787,6175,10466,5002,5464,5980,2885,3095,1495,724,771,
44865,5982,2929,3053,10467,5093,5374,11962,5787,6175,10467,5002,5465,5980,2885,3095,1495,724,771,
44870,5983,2930,3053,10469,5094,5375,11965,5787,6178,10468,5003,5465,5981,2886,3095,1495,724,771,
44875,5983,2930,3053,10470,5095,5375,11965,5787,6178,10469,5003,5466,5981,2886,3095,1496,725,771,
44880,5984,2930,3054,10470,5095,5375,11966,5788,6178,10470,5003,5467,5983,2887,3096,1496,725,771,
44885,5984,2930,3054,10472,5095,5377,11967,5789,6178,10471,5003,5468,5984,2888,3096,1496,725,771,
44890,5985,2930,3055,10474,5097,5377,11970,5791,6179,10473,5003,5470,5984,2888,3096,1496,725,771,
44895,5986,2930,3056,10474,5097,5377,11970,5791,6179,10474,5003,5471,5984,2888,3096,1496,725,771,
44900,5987,2931,3056,10476,5098,5378,11973,5792,6181,10475,5003,5472,5985,2888,3097,1496,725,771,
44905,5987,2931,3056,10477,5098,5379,11973,5792,6181,10476,5004,5472,5985,2888,3097,1497,726,771,
44910,5988,2932,3056,10477,5098,5379,11974,5793,6181,10477,5004,5473,5987,2890,3097,1497,726,771,
44915,5988,2932,3056,10479,5098,5381,11975,5794,6181,10478,5004,5474,5988,2890,3098,1497,726,771,
44920,5989,2932,3057,10481,5099,5382,11978,5794,6184,10480,5005,5475,5988,2890,3098,1497,726,771,
44925,5990,2932,3058,10481,5099,5382,11978,5794,6184,10481,5006,5475,5988,2890,3098,1497,726,771,
44930,5991,2933,3058,10483,5101,5382,11981,5794,6187,10482,5006,5476,5989,2891,3098,1497,726,771,
44935,5991,2933,3058,10484,5101,5383,11981,5794,6187,10483,5007,5476,5989,2891,3098,1498,726,772,
44940,5992,2934,3058,10484,5101,5383,11982,5795,6187,10484,5008,5476,5991,2893,3098,1498,726,772,
44945,5992,2934,3058,10486,5103,5383,11983,5795,6188,10485,5008,5477,5992,2893,3099,1498,726,772,
44950,5993,2935,3058,10488,5105,5383,11986,5796,6190,10487,5009,5478,5992,2893,3099,1498,726,772,
44955,5994,2936,3058,10488,5105,5383,11986,5796,6190,10488,5010,5478,5992,2893,3099,1498,726,772,
44960,5995,2937,3058,10490,5106,5384,11989,5799,6190,10489,5010,5479,5993,2894,3099,1498,726,772,
44965,5995,2937,3058,10491,5106,5385,11989,5799,6190,10490,5010,5480,5993,2894,3099,1499,726,773,
44970,5996,2937,3059,10491,5106,5385,11990,5800,6190,10491,5011,5480,5995,2894,3101,1499,726,773,
44975,5996,2937,3059,10493,5106,5387,11991,5800,6191,10492,5012,5480,5996,2895,3101,1499,726,773,
44980,5997,2937,3060,10495,5107,5388,11994,5802,6192,10494,5012,5482,5996,2895,3101,1499,726,773,
44985,5998,2937,3061,10495,5107,5388,11994,5802,6192,10495,5012,5483,5996,2895,3101,1499,726,773,
44990,5999,2937,3062,10497,5108,5389,11997,5802,6195,10496,5012,5484,5997,2895,3102,1499,726,773,
44995,5999,2937,3062,10498,5108,5390,11997,5802,6195,10497,5013,5484,5997,2895,3102,1500,727,773,
45000,6000,2938,3062,10498,5108,5390,11998,5802,6196,10498,5014,5484,5999,2897,3102,1500,727,773,
45005,6000,2938,3062,10500,5109,5391,11999,5803,6196,10499,5014,5485,6000,2898,3102,1500,727,773,
45010,6001,2938,3063,10502,5110,5392,12002,5803,6199,10501,5015,5486,6000,2898,3102,1500,727,773,
45015,6002,2939,3063,10502,5110,5392,12002,5803,6199,10502,5015,5487,6000,2898,3102,1500,727,773,
45020,6003,2939,3064,10504,5112,5392,12005,5804,6201,10503,5015,5488,6001,2899,3102,1500,727,773,
45025,6003,2939,3064,10505,5112,5393,12005,5804,6201,10504,5016,5488,6001,2899,3102,1501,727,774,
45030,6004,2940,3064,10505,5112,5393,12006,5805,6201,10505,5017,5488,6003,2900,3103,1501,727,774,
45035,6004,2940,3064,10507,5112,5395,12007,5806,6201,10506,5017,5489,6004,2901,3103,1501,727,774,
45040,6005,2940,3065,10509,5113,5396,12010,5806,6204,10508,5018,5490,6004,2901,3103,1501,727,774,
45045,6006,2940,3066,10509,5113,5396,12010,5806,6204,10509,5019,5490,6004,2901,3103,1501,727,774,
45050,6007,2941,3066,10511,5114,5397,12013,5807,6206,10510,5019,5491,6005,2901,3104,1501,727,774,
45055,6007,2941,3066,10512,5114,5398,12013,5807,6206,10511,5019,5492,6005,2901,3104,1502,728,774,
45060,6008,2942,3066,10512,5114,5398,12014,5807,6207,10512,5019,5493,6007,2901,3106,1502,728,774,
45065,6008,2942,3066,10514,5116,5398,12015,5808,6207,10513,5020,5493,6008,2902,3106,1502,728,774,
45070,6009,2943,3066,10516,5117,5399,12018,5809,6209,10515,5021,5494,6008,2902,3106,1502,728,774,
45075,6010,2943,3067,10516,5117,5399,12018,5809,6209,10516,5021,5495,6008,2902,3106,1502,728,774,
45080,6011,2944,3067,10518,5117,5401,12021,5811,6210,10517,5021,5496,6009,2903,3106,1502,728,774,
45085,6011,2944,3067,10519,5117,5402,12021,5811,6210,10518,5021,5497,6009,2903,3106,1503,729,774,
45090,6012,2945,3067,10519,5117,5402,12022,5811,6211,10519,5021,5498,6011,2905,3106,1503,729,774,
45095,6012,2945,3067,10521,5118,5403,12023,5812,6211,10520,5022,5498,6012,2906,3106,1503,729,774,
45100,6013,2946,3067,10523,5120,5403,12026,5813,6213,10522,5023,5499,6012,2906,3106,1503,729,774,
45105,6014,2946,3068,10523,5120,5403,12026,5813,6213,10523,5024,5499,6012,2906,3106,1503,729,774,
45110,6015,2947,3068,10525,5120,5405,12029,5814,6215,10524,5024,5500,6013,2906,3107,1503,729,774,
45115,6015,2947,3068,10526,5121,5405,12029,5814,6215,10525,5024,5501,6013,2906,3107,1504,730,774,
45120,6016,2947,3069,10526,5121,5405,12030,5815,6215,10526,5024,5502,6015,2907,3108,1504,730,774,
45125,6016,2947,3069,10528,5122,5406,12031,5815,6216,10527,5024,5503,6016,2907,3109,1504,730,774,
45130,6017,2947,3070,10530,5122,5408,12034,5817,6217,10529,5026,5503,6016,2907,3109,1504,730,774,
45135,6018,2948,3070,10530,5122,5408,12034,5817,6217,10530,5027,5503,6016,2907,3109,1504,730,774,
45140,6019,2948,3071,10532,5123,5409,12037,5817,6220,10531,5027,5504,6017,2908,3109,1504,730,774,
45145,6019,2948,3071,10533,5124,5409,12037,5817,6220,10532,5027,5505,6017,2908,3109,1505,730,775,
45150,6020,2949,3071,10533,5124,5409,12038,5817,6221,10533,5028,5505,6019,2910,3109,1505,730,775,
45155,6020,2949,3071,10535,5124,5411,12039,5818,6221,10534,5029,5505,6020,2910,3110,1505,730,775,
45160,6021,2950,3071,10537,5125,5412,12042,5819,6223,10536,5030,5506,6020,2910,3110,1505,730,775,
45165,6022,2950,3072,10537,5125,5412,12042,5819,6223,10537,5031,5506,6020,2910,3110,1505,730,775,
45170,6023,2951,3072,10539,5127,5412,12045,5822,6223,10538,5031,5507,6021,2910,3111,1505,730,775,
45175,6023,2951,3072,10540,5127,5413,12045,5822,6223,10539,5031,5508,6021,2910,3111,1506,730,776,
45180,6024,2951,3073,10540,5127,5413,12046,5822,6224,10540,5031,5509,6023,2912,3111,1506,730,776,
45185,6024,2951,3073,10542,5128,5414,12047,5823,6224,10541,5032,5509,6024,2912,3112,1506,730,776,
45190,6025,2952,3073,10544,5129,5415,12050,5825,6225,10543,5033,5510,6024,2912,3112,1506,730,776,
45195,6026,2952,3074,10544,5129,5415,12050,5825,6225,10544,5034,5510,6024,2912,3112,1506,730,776,
45200,6027,2953,3074,10546,5130,5416,12053,5827,6226,10545,5035,5510,6025,2912,3113,1506,730,776,
45205,6027,2953,3074,10547,5131,5416,12053,5827,6226,10546,5035,5511,6025,2912,3113,1507,730,777,
45210,6028,2953,3075,10547,5131,5416,12054,5827,6227,10547,5036,5511,6027,2913,3114,1507,730,777,
45215,6028,2953,3075,10549,5132,5417,12055,5828,6227,10548,5037,5511,6028,2914,3114,1507,730,777,
45220,6029,2954,3075,10551,5132,5419,12058,5830,6228,10550,5037,5513,6028,2914,3114,1507,730,777,
45225,6030,2954,3076,10551,5132,5419,12058,5830,6228,10551,5038,5513,6028,2914,3114,1507,730,777,
45230,6031,2955,3076,10553,5133,5420,12061,5832,6229,10552,5038,5514,6029,2914,3115,1507,730,777,
45235,6031,2955,3076,10554,5134,5420,12061,5832,6229,10553,5039,5514,6029,2914,3115,1508,731,777,
45240,6032,2955,3077,10554,5134,5420,12062,5832,6230,10554,5039,5515,6031,2915,3116,1508,731,777,
45245,6032,2955,3077,10556,5136,5420,12063,5832,6231,10555,5040,5515,6032,2915,3117,1508,731,777,
45250,6033,2956,3077,10558,5136,5422,12066,5834,6232,10557,5040,5517,6032,2915,3117,1508,731,777,
45255,6034,2957,3077,10558,5136,5422,12066,5834,6232,10558,5041,5517,6032,2915,3117,1508,731,777,
45260,6035,2957,3078,10560,5138,5422,12069,5835,6234,10559,5041,5518,6033,2915,3118,1508,731,777,
45265,6035,2957,3078,10561,5139,5422,12069,5835,6234,10560,5041,5519,6033,2915,3118,1509,731,778,
45270,6036,2958,3078,10561,5139,5422,12070,5836,6234,10561,5042,5519,6035,2917,3118,1509,731,778,
45275,6036,2958,3078,10563,5141,5422,12071,5837,6234,10562,5043,5519,6036,2918,3118,1509,731,778,
45280,6037,2958,3079,10565,5141,5424,12074,5838,6236,10564,5044,5520,6036,2918,3118,1509,731,778,
45285,6038,2959,3079,10565,5141,5424,12074,5838,6236,10565,5044,5521,6036,2918,3118,1509,731,778,
45290,6039,2960,3079,10567,5142,5425,12077,5840,6237,10566,5044,5522,6037,2919,3118,1509,731,778,
45295,6039,2960,3079,10568,5142,5426,12077,5840,6237,10567,5045,5522,6037,2919,3118,1510,731,779,
45300,6040,2961,3079,10568,5142,5426,12078,5841,6237,10568,5045,5523,6039,2919,3120,1510,731,779,
45305,6040,2961,3079,10570,5143,5427,12079,5841,6238,10569,5045,5524,6040,2919,3121,1510,731,779,
45310,6041,2961,3080,10572,5144,5428,12082,5841,6241,10571,5045,5526,6040,2919,3121,1510,731,779,
45315,6042,2961,3081,10572,5144,5428,12082,5841,6241,10572,5045,5527,6040,2919,3121,1510,731,779,
45320,6043,2961,3082,10574,5144,5430,12085,5842,6243,10573,5046,5527,6041,2920,3121,1510,731,779,
45325,6043,2961,3082,10575,5144,5431,12085,5842,6243,10574,5047,5527,6041,2920,3121,1511,731,780,
45330,6044,2961,3083,10575,5144,5431,12086,5843,6243,10575,5047,5528,6043,2921,3122,1511,731,780,
45335,6044,2961,3083,10577,5145,5432,12087,5843,6244,10576,5048,5528,6044,2922,3122,1511,731,780,
45340,6045,2962,3083,10579,5146,5433,12090,5844,6246,10578,5048,5530,6044,2922,3122,1511,731,780,
45345,6046,2962,3084,10579,5146,5433,12090,5844,6246,10579,5049,5530,6044,2922,3122,1511,731,780,
45350,6047,2963,3084,10581,5147,5434,12093,5846,6247,10580,5049,5531,6045,2923,3122,1511,731,780,
45355,6047,2963,3084,10582,5147,5435,12093,5846,6247,10581,5050,5531,6045,2923,3122,1512,732,780,
45360,6048,2964,3084,10582,5147,5435,12094,5846,6248,10582,5051,5531,6047,2924,3123,1512,732,780,
45365,6048,2964,3084,10584,5147,5437,12095,5846,6249,10583,5051,5532,6048,2925,3123,1512,732,780,
45370,6049,2965,3084,10586,5147,5439,12098,5847,6251,10585,5052,5533,6048,2925,3123,1512,732,780,
45375,6050,2966,3084,10586,5147,5439,12098,5847,6251,10586,5052,5534,6048,2925,3123,1512,732,780,
45380,6051,2966,3085,10588,5148,5440,12101,5850,6251,10587,5052,5535,6049,2925,3124,1512,732,780,
45385,6051,2966,3085,10589,5148,5441,12101,5850,6251,10588,5052,5536,6049,2925,3124,1513,733,780,
45390,6052,2967,3085,10589,5148,5441,12102,5850,6252,10589,5053,5536,6051,2926,3125,1513,733,780,
45395,6052,2967,3085,10591,5149,5442,12103,5850,6253,10590,5053,5537,6052,2927,3125,1513,733,780,
45400,6053,2968,3085,10593,5151,5442,12106,5852,6254,10592,5054,5538,6052,2927,3125,1513,733,780,
45405,6054,2968,3086,10593,5151,5442,12106,5852,6254,10593,5054,5539,6052,2927,3125,1513,733,780,
45410,6055,2969,3086,10595,5151,5444,12109,5853,6256,10594,5054,5540,6053,2928,3125,1513,733,780,
45415,6055,2969,3086,10596,5152,5444,12109,5853,6256,10595,5054,5541,6053,2928,3125,1514,734,780,
45420,6056,2969,3087,10596,5152,5444,12110,5854,6256,10596,5054,5542,6055,2930,3125,1514,734,780,
45425,6056,2969,3087,10598,5153,5445,12111,5854,6257,10597,5055,5542,6056,2931,3125,1514,734,780,
45430,6057,2970,3087,10600,5155,5445,12114,5857,6257,10599,5056,5543,6056,2931,3125,1514,734,780,
45435,6058,2970,3088,10600,5155,5445,12114,5857,6257,10600,5056,5544,6056,2931,3125,1514,734,780,
45440,6059,2971,3088,10602,5155,5447,12117,5858,6259,10601,5057,5544,6057,2931,3126,1514,734,780,
45445,6059,2971,3088,10603,5156,5447,12117,5858,6259,10602,5058,5544,6057,2931,3126,1515,735,780,
45450,6060,2971,3089,10603,5156,5447,12118,5859,6259,10603,5058,5545,6059,2932,3127,1515,735,780,
45455,6060,2971,3089,10605,5157,5448,12119,5860,6259,10604,5059,5545,6060,2932,3128,1515,735,780,
45460,6061,2972,3089,10607,5158,5449,12122,5862,6260,10606,5061,5545,6060,2932,3128,1515,735,780,
45465,6062,2973,3089,10607,5158,5449,12122,5862,6260,10607,5062,5545,6060,2932,3128,1515,735,780,
45470,6063,2973,3090,10609,5159,5450,12125,5863,6262,10608,5062,5546,6061,2933,3128,1515,735,780,
45475,6063,2973,3090,10610,5160,5450,12125,5863,6262,10609,5063,5546,6061,2933,3128,1516,736,780,
45480,6064,2973,3091,10610,5160,5450,12126,5863,6263,10610,5063,5547,6063,2934,3129,1516,736,780,
45485,6064,2973,3091,10612,5160,5452,12127,5864,6263,10611,5064,5547,6064,2935,3129,1516,736,780,
45490,6065,2973,3092,10614,5161,5453,12130,5866,6264,10613,5066,5547,6064,2935,3129,1516,736,780,
45495,6066,2973,3093,10614,5161,5453,12130,5866,6264,10614,5067,5547,6064,2935,3129,1516,736,780,
45500,6067,2974,3093,10616,5162,5454,12133,5866,6267,10615,5068,5547,6065,2936,3129,1516,736,780,
45505,6067,2974,3093,10617,5162,5455,12133,5866,6267,10616,5068,5548,6065,2936,3129,1517,736,781,
45510,6068,2974,3094,10617,5162,5455,12134,5867,6267,10617,5068,5549,6067,2936,3131,1517,736,781,
45515,6068,2974,3094,10619,5164,5455,12135,5867,6268,10618,5069,5549,6068,2936,3132,1517,736,781,
45520,6069,2975,3094,10621,5165,5456,12138,5868,6270,10620,5069,5551,6068,2936,3132,1517,736,781,
45525,6070,2975,3095,10621,5165,5456,12138,5868,6270,10621,5069,5552,6068,2936,3132,1517,736,781,
45530,6071,2975,3096,10623,5165,5458,12141,5869,6272,10622,5070,5552,6069,2936,3133,1517,736,781,
45535,6071,2975,3096,10624,5165,5459,12141,5869,6272,10623,5070,5553,6069,2936,3133,1518,736,782,
45540,6072,2975,3097,10624,5165,5459,12142,5870,6272,10624,5071,5553,6071,2938,3133,1518,736,782,
45545,6072,2975,3097,10626,5167,5459,12143,5870,6273,10625,5071,5554,6072,2938,3134,1518,736,782,
45550,6073,2976,3097,10628,5168,5460,12146,5872,6274,10627,5072,5555,6072,2938,3134,1518,736,782,
45555,6074,2976,3098,10628,5168,5460,12146,5872,6274,10628,5073,5555,6072,2938,3134,1518,736,782,
45560,6075,2977,3098,10630,5169,5461,12149,5873,6276,10629,5073,5556,6073,2939,3134,1518,736,782,
45565,6075,2977,3098,10631,5170,5461,12149,5873,6276,10630,5073,5557,6073,2939,3134,1519,736,783,
45570,6076,2977,3099,10631,5170,5461,12150,5873,6277,10631,5073,5558,6075,2940,3135,1519,736,783,
45575,6076,2977,3099,10633,5171,5462,12151,5874,6277,10632,5073,5559,6076,2941,3135,1519,736,783,
45580,6077,2978,3099,10635,5172,5463,12154,5876,6278,10634,5074,5560,6076,2941,3135,1519,736,783,
45585,6078,2979,3099,10635,5172,5463,12154,5876,6278,10635,5074,5561,6076,2941,3135,1519,736,783,
45590,6079,2980,3099,10637,5173,5464,12157,5877,6280,10636,5074,5562,6077,2941,3136,1519,736,783,
45595,6079,2980,3099,10638,5174,5464,12157,5877,6280,10637,5075,5562,6077,2941,3136,1520,737,783,
45600,6080,2980,3100,10638,5174,5464,12158,5878,6280,10638,5076,5562,6079,2942,3137,1520,737,783,
45605,6080,2980,3100,10640,5175,5465,12159,5878,6281,10639,5076,5563,6080,2943,3137,1520,737,783,
45610,6081,2981,3100,10642,5175,5467,12162,5879,6283,10641,5077,5564,6080,2943,3137,1520,737,783,
45615,6082,2982,3100,10642,5175,5467,12162,5879,6283,10642,5078,5564,6080,2943,3137,1520,737,783,
45620,6083,2982,3101,10644,5176,5468,12165,5880,6285,10643,5079,5564,6081,2943,3138,1520,737,783,
45625,6083,2982,3101,10645,5176,5469,12165,5880,6285,10644,5079,5565,6081,2943,3138,1521,737,784,
45630,6084,2983,3101,10645,5176,5469,12166,5881,6285,10645,5079,5566,6083,2943,3140,1521,737,784,
45635,6084,2983,3101,10647,5177,5470,12167,5881,6286,10646,5079,5567,6084,2944,3140,1521,737,784,
45640,6085,2984,3101,10649,5178,5471,12170,5883,6287,10648,5079,5569,6084,2944,3140,1521,737,784,
45645,6086,2984,3102,10649,5178,5471,12170,5883,6287,10649,5079,5570,6084,2944,3140,1521,737,784,
45650,6087,2984,3103,10651,5179,5472,12173,5884,6289,10650,5079,5571,6085,2944,3141,1521,737,784,
45655,6087,2984,3103,10652,5180,5472,12173,5884,6289,10651,5079,5572,6085,2944,3141,1522,737,785,
45660,6088,2984,3104,10652,5180,5472,12174,5885,6289,10652,5080,5572,6087,2945,3142,1522,737,785,
45665,6088,2984,3104,10654,5180,5474,12175,5885,6290,10653,5081,5572,6088,2945,3143,1522,737,785,
45670,6089,2984,3105,10656,5180,5476,12178,5886,6292,10655,5082,5573,6088,2945,3143,1522,737,785,
45675,6090,2985,3105,10656,5180,5476,12178,5886,6292,10656,5083,5573,6088,2945,3143,1522,737,785,
45680,6091,2985,3106,10658,5182,5476,12181,5886,6295,10657,5084,5573,6089,2946,3143,1522,737,785,
45685,6091,2985,3106,10659,5183,5476,12181,5886,6295,10658,5084,5574,6089,2946,3143,1523,737,786,
45690,6092,2986,3106,10659,5183,5476,12182,5887,6295,10659,5085,5574,6091,2947,3144,1523,737,786,
45695,6092,2986,3106,10661,5184,5477,12183,5887,6296,10660,5086,5574,6092,2948,3144,1523,737,786,
45700,6093,2986,3107,10663,5185,5478,12186,5890,6296,10662,5088,5574,6092,2948,3144,1523,737,786,
45705,6094,2986,3108,10663,5185,5478,12186,5890,6296,10663,5089,5574,6092,2948,3144,1523,737,786,
45710,6095,2986,3109,10665,5187,5478,12189,5892,6297,10664,5089,5575,6093,2948,3145,1523,737,786,
45715,6095,2986,3109,10666,5188,5478,12189,5892,6297,10665,5090,5575,6093,2948,3145,1524,737,787,
45720,6096,2987,3109,10666,5188,5478,12190,5892,6298,10666,5091,5575,6095,2948,3147,1524,737,787,
45725,6096,2987,3109,10668,5190,5478,12191,5893,6298,10667,5092,5575,6096,2949,3147,1524,737,787,
45730,6097,2988,3109,10670,5190,5480,12194,5894,6300,10669,5092,5577,6096,2949,3147,1524,737,787,
45735,6098,2988,3110,10670,5190,5480,12194,5894,6300,10670,5093,5577,6096,2949,3147,1524,737,787,
45740,6099,2988,3111,10672,5192,5480,12197,5895,6302,10671,5094,5577,6097,2949,3148,1524,737,787,
45745,6099,2988,3111,10673,5192,5481,12197,5895,6302,10672,5094,5578,6097,2949,3148,1525,737,788,
45750,6100,2988,3112,10673,5192,5481,12198,5895,6303,10673,5095,5578,6099,2950,3149,1525,737,788,
45755,6100,2988,3112,10675,5192,5483,12199,5895,6304,10674,5095,5579,6100,2951,3149,1525,737,788,
45760,6101,2989,3112,10677,5192,5485,12202,5895,6307,10676,5096,5580,6100,2951,3149,1525,737,788,
45765,6102,2990,3112,10677,5192,5485,12202,5895,6307,10677,5097,5580,6100,2951,3149,1525,737,788,
45770,6103,2990,3113,10679,5193,5486,12205,5897,6308,10678,5097,5581,6101,2952,3149,1525,737,788,
45775,6103,2990,3113,10680,5193,5487,12205,5897,6308,10679,5097,5582,6101,2952,3149,1526,738,788,
45780,6104,2991,3113,10680,5193,5487,12206,5898,6308,10680,5097,5583,6103,2953,3150,1526,738,788,
45785,6104,2991,3113,10682,5194,5488,12207,5899,6308,10681,5097,5584,6104,2953,3151,1526,738,788,
45790,6105,2991,3114,10684,5194,5490,12210,5900,6310,10683,5098,5585,6104,2953,3151,1526,738,788,
45795,6106,2992,3114,10684,5194,5490,12210,5900,6310,10684,5099,5585,6104,2953,3151,1526,738,788,
45800,6107,2992,3115,10686,5194,5492,12213,5902,6311,10685,5100,5585,6105,2953,3152,1526,738,788,
45805,6107,2992,3115,10687,5194,5493,12213,5902,6311,10686,5101,5585,6105,2953,3152,1527,739,788,
45810,6108,2992,3116,10687,5194,5493,12214,5902,6312,10687,5101,5586,6107,2954,3153,1527,739,788,
45815,6108,2992,3116,10689,5196,5493,12215,5903,6312,10688,5101,5587,6108,2954,3154,1527,739,788,
45820,6109,2993,3116,10691,5197,5494,12218,5903,6315,10690,5103,5587,6108,2954,3154,1527,739,788,
45825,6110,2994,3116,10691,5197,5494,12218,5903,6315,10691,5103,5588,6108,2954,3154,1527,739,788,
45830,6111,2994,3117,10693,5199,5494,12221,5903,6318,10692,5104,5588,6109,2955,3154,1527,739,788,
45835,6111,2994,3117,10694,5200,5494,12221,5903,6318,10693,5104,5589,6109,2955,3154,1528,739,789,
45840,6112,2995,3117,10694,5200,5494,12222,5903,6319,10694,5104,5590,6111,2956,3155,1528,739,789,
45845,6112,2995,3117,10696,5201,5495,12223,5904,6319,10695,5105,5590,6112,2957,3155,1528,739,789,
45850,6113,2995,3118,10698,5202,5496,12226,5905,6321,10697,5105,5592,6112,2957,3155,1528,739,789,
45855,6114,2995,3119,10698,5202,5496,12226,5905,6321,10698,5106,5592,6112,2957,3155,1528,739,789,
45860,6115,2995,3120,10700,5203,5497,12229,5906,6323,10699,5106,5593,6113,2958,3155,1528,739,789,
45865,6115,2995,3120,10701,5204,5497,12229,5906,6323,10700,5106,5594,6113,2958,3155,1529,739,790,
45870,6116,2996,3120,10701,5204,5497,12230,5906,6324,10701,5107,5594,6115,2959,3156,1529,739,790,
45875,6116,2996,3120,10703,5204,5499,12231,5907,6324,10702,5108,5594,6116,2960,3156,1529,739,790,
45880,6117,2997,3120,10705,5204,5501,12234,5908,6326,10704,5108,5596,6116,2960,3156,1529,739,790,
45885,6118,2998,3120,10705,5204,5501,12234,5908,6326,10705,5108,5597,6116,2960,3156,1529,739,790,
45890,6119,2998,3121,10707,5205,5502,12237,5910,6327,10706,5108,5598,6117,2960,3157,1529,739,790,
45895,6119,2998,3121,10708,5205,5503,12237,5910,6327,10707,5108,5599,6117,2960,3157,1530,740,790,
45900,6120,2999,3121,10708,5205,5503,12238,5910,6328,10708,5109,5599,6119,2960,3159,1530,740,790,
45905,6120,2999,3121,10710,5206,5504,12239,5910,6329,10709,5109,5600,6120,2961,3159,1530,740,790,
45910,6121,2999,3122,10712,5206,5506,12242,5910,6332,10711,5109,5602,6120,2961,3159,1530,740,790,
45915,6122,3000,3122,10712,5206,5506,12242,5910,6332,10712,5109,5603,6120,2961,3159,1530,740,790,
45920,6123,3001,3122,10714,5207,5507,12245,5911,6334,10713,5109,5604,6121,2961,3160,1530,740,790,
45925,6123,3001,3122,10715,5207,5508,12245,5911,6334,10714,5109,5605,6121,2961,3160,1531,740,791,
45930,6124,3001,3123,10715,5207,5508,12246,5912,6334,10715,5109,5606,6123,2962,3161,1531,740,791,
45935,6124,3001,3123,10717,5207,5510,12247,5913,6334,10716,5109,5607,6124,2963,3161,1531,740,791,
45940,6125,3002,3123,10719,5209,5510,12250,5914,6336,10718,5111,5607,6124,2963,3161,1531,740,791,
45945,6126,3002,3124,10719,5209,5510,12250,5914,6336,10719,5112,5607,6124,2963,3161,1531,740,791,
45950,6127,3002,3125,10721,5210,5511,12253,5914,6339,10720,5112,5608,6125,2964,3161,1531,740,791,
45955,6127,3002,3125,10722,5210,5512,12253,5914,6339,10721,5112,5609,6125,2964,3161,1532,741,791,
45960,6128,3003,3125,10722,5210,5512,12254,5915,6339,10722,5112,5610,6127,2965,3162,1532,741,791,
45965,6128,3003,3125,10724,5212,5512,12255,5915,6340,10723,5112,5611,6128,2965,3163,1532,741,791,
45970,6129,3004,3125,10726,5214,5512,12258,5917,6341,10725,5114,5611,6128,2965,3163,1532,741,791,
45975,6130,3005,3125,10726,5214,5512,12258,5917,6341,10726,5114,5612,6128,2965,3163,1532,741,791,
45980,6131,3005,3126,10728,5215,5513,12261,5919,6342,10727,5114,5613,6129,2965,3164,1532,741,791,
45985,6131,3005,3126,10729,5215,5514,12261,5919,6342,10728,5115,5613,6129,2965,3164,1533,741,792,
45990,6132,3005,3127,10729,5215,5514,12262,5919,6343,10729,5115,5614,6131,2966,3165,1533,741,792,
45995,6132,3005,3127,10731,5215,5516,12263,5919,6344,10730,5115,5615,6132,2966,3166,1533,741,792,
46000,6133,3005,3128,10733,5217,5516,12266,5919,6347,10732,5115,5617,6132,2966,3166,1533,741,792,
46005,6134,3005,3129,10733,5217,5516,12266,5919,6347,10733,5116,5617,6132,2966,3166,1533,741,792,
46010,6135,3006,3129,10735,5217,5518,12269,5919,6350,10734,5116,5618,6133,2966,3167,1533,741,792,
46015,6135,3006,3129,10736,5218,5518,12269,5919,6350,10735,5117,5618,6133,2966,3167,1534,742,792,
46020,6136,3006,3130,10736,5218,5518,12270,5919,6351,10736,5117,5619,6135,2966,3169,1534,742,792,
46025,6136,3006,3130,10738,5218,5520,12271,5920,6351,10737,5117,5620,6136,2967,3169,1534,742,792,
46030,6137,3006,3131,10740,5220,5520,12274,5921,6353,10739,5118,5621,6136,2967,3169,1534,742,792,
46035,6138,3006,3132,10740,5220,5520,12274,5921,6353,10740,5118,5622,6136,2967,3169,1534,742,792,
46040,6139,3007,3132,10742,5220,5522,12277,5921,6356,10741,5118,5623,6137,2968,3169,1534,742,792,
46045,6139,3007,3132,10743,5221,5522,12277,5921,6356,10742,5119,5623,6137,2968,3169,1535,742,793,
46050,6140,3008,3132,10743,5221,5522,12278,5922,6356,10743,5120,5623,6139,2969,3170,1535,742,793,
46055,6140,3008,3132,10745,5222,5523,12279,5923,6356,10744,5120,5624,6140,2969,3171,1535,742,793,
46060,6141,3009,3132,10747,5224,5523,12282,5923,6359,10746,5121,5625,6140,2969,3171,1535,742,793,
46065,6142,3009,3133,10747,5224,5523,12282,5923,6359,10747,5122,5625,6140,2969,3171,1535,742,793,
46070,6143,3010,3133,10749,5225,5524,12285,5925,6360,10748,5123,5625,6141,2969,3172,1535,742,793,
46075,6143,3010,3133,10750,5226,5524,12285,5925,6360,10749,5124,5625,6141,2969,3172,1536,743,793,
46080,6144,3011,3133,10750,5226,5524,12286,5926,6360,10750,5124,5626,6143,2969,3174,1536,743,793,
46085,6144,3011,3133,10752,5227,5525,12287,5927,6360,10751,5125,5626,6144,2969,3175,1536,743,793,
46090,6145,3012,3133,10754,5227,5527,12290,5928,6362,10753,5126,5627,6144,2969,3175,1536,743,793,
46095,6146,3013,3133,10754,5227,5527,12290,5928,6362,10754,5127,5627,6144,2969,3175,1536,743,793,
46100,6147,3014,3133,10756,5228,5528,12293,5930,6363,10755,5127,5628,6145,2969,3176,1536,743,793,
46105,6147,3014,3133,10757,5229,5528,12293,5930,6363,10756,5128,5628,6145,2969,3176,1537,744,793,
46110,6148,3015,3133,10757,5229,5528,12294,5931,6363,10757,5128,5629,6147,2970,3177,1537,744,793,
46115,6148,3015,3133,10759,5230,5529,12295,5931,6364,10758,5128,5630,6148,2971,3177,1537,744,793,
46120,6149,3015,3134,10761,5231,5530,12298,5932,6366,10760,5129,5631,6148,2971,3177,1537,744,793,
46125,6150,3016,3134,10761,5231,5530,12298,5932,6366,10761,5129,5632,6148,2971,3177,1537,744,793,
46130,6151,3016,3135,10763,5232,5531,12301,5933,6368,10762,5129,5633,6149,2972,3177,1537,744,793,
46135,6151,3016,3135,10764,5233,5531,12301,5933,6368,10763,5129,5634,6149,2972,3177,1538,745,793,
46140,6152,3016,3136,10764,5233,5531,12302,5934,6368,10764,5129,5635,6151,2972,3179,1538,745,793,
46145,6152,3016,3136,10766,5235,5531,12303,5934,6369,10765,5130,5635,6152,2973,3179,1538,745,793,
46150,6153,3017,3136,10768,5237,5531,12306,5936,6370,10767,5131,5636,6152,2973,3179,1538,745,793,
46155,6154,3017,3137,10768,5237,5531,12306,5936,6370,10768,5132,5636,6152,2973,3179,1538,745,793,
46160,6155,3018,3137,10770,5238,5532,12309,5937,6372,10769,5133,5636,6153,2973,3180,1538,745,793,
46165,6155,3018,3137,10771,5238,5533,12309,5937,6372,10770,5134,5636,6153,2973,3180,1539,745,794,
46170,6156,3018,3138,10771,5238,5533,12310,5938,6372,10771,5135,5636,6155,2974,3181,1539,745,794,
46175,6156,3018,3138,10773,5238,5535,12311,5939,6372,10772,5136,5636,6156,2975,3181,1539,745,794,
46180,6157,3019,3138,10775,5239,5536,12314,5942,6372,10774,5137,5637,6156,2975,3181,1539,745,794,
46185,6158,3019,3139,10775,5239,5536,12314,5942,6372,10775,5138,5637,6156,2975,3181,1539,745,794,
46190,6159,3020,3139,10777,5239,5538,12317,5944,6373,10776,5139,5637,6157,2975,3182,1539,745,794,
46195,6159,3020,3139,10778,5240,5538,12317,5944,6373,10777,5140,5637,6157,2975,3182,1540,746,794,
46200,6160,3020,3140,10778,5240,5538,12318,5945,6373,10778,5140,5638,6159,2977,3182,1540,746,794,
46205,6160,3020,3140,10780,5242,5538,12319,5945,6374,10779,5141,5638,6160,2977,3183,1540,746,794,
46210,6161,3020,3141,10782,5244,5538,12322,5947,6375,10781,5142,5639,6160,2977,3183,1540,746,794,
46215,6162,3021,3141,10782,5244,5538,12322,5947,6375,10782,5142,5640,6160,2977,3183,1540,746,794,
46220,6163,3021,3142,10784,5244,5540,12325,5949,6376,10783,5143,5640,6161,2978,3183,1540,746,794,
46225,6163,3021,3142,10785,5244,5541,12325,5949,6376,10784,5144,5640,6161,2978,3183,1541,747,794,
46230,6164,3021,3143,10785,5244,5541,12326,5950,6376,10785,5145,5640,6163,2979,3184,1541,747,794,
46235,6164,3021,3143,10787,5244,5543,12327,5950,6377,10786,5146,5640,6164,2979,3185,1541,747,794,
46240,6165,3022,3143,10789,5245,5544,12330,5952,6378,10788,5147,5641,6164,2979,3185,1541,747,794,
46245,6166,3023,3143,10789,5245,5544,12330,5952,6378,10789,5147,5642,6164,2979,3185,1541,747,794,
46250,6167,3023,3144,10791,5246,5545,12333,5953,6380,10790,5148,5642,6165,2979,3186,1541,747,794,
46255,6167,3023,3144,10792,5247,5545,12333,5953,6380,10791,5148,5643,6165,2979,3186,1542,747,795,
46260,6168,3024,3144,10792,5247,5545,12334,5953,6381,10792,5149,5643,6167,2981,3186,1542,747,795,
46265,6168,3024,3144,10794,5248,5546,12335,5953,6382,10793,5150,5643,6168,2982,3186,1542,747,795,
46270,6169,3024,3145,10796,5250,5546,12338,5954,6384,10795,5151,5644,6168,2982,3186,1542,747,795,
46275,6170,3025,3145,10796,5250,5546,12338,5954,6384,10796,5151,5645,6168,2982,3186,1542,747,795,
46280,6171,3026,3145,10798,5251,5547,12341,5954,6387,10797,5152,5645,6169,2982,3187,1542,747,795,
46285,6171,3026,3145,10799,5251,5548,12341,5954,6387,10798,5153,5645,6169,2982,3187,1543,748,795,
46290,6172,3027,3145,10799,5251,5548,12342,5954,6388,10799,5154,5645,6171,2983,3188,1543,748,795,
46295,6172,3027,3145,10801,5251,5550,12343,5955,6388,10800,5155,5645,6172,2984,3188,1543,748,795,
46300,6173,3028,3145,10803,5253,5550,12346,5956,6390,10802,5156,5646,6172,2984,3188,1543,748,795,
46305,6174,3029,3145,10803,5253,5550,12346,5956,6390,10803,5156,5647,6172,2984,3188,1543,748,795,
46310,6175,3030,3145,10805,5255,5550,12349,5956,6393,10804,5157,5647,6173,2984,3189,1543,748,795,
46315,6175,3030,3145,10806,5256,5550,12349,5956,6393,10805,5157,5648,6173,2984,3189,1544,748,796,
46320,6176,3030,3146,10806,5256,5550,12350,5957,6393,10806,5157,5649,6175,2985,3190,1544,748,796,
46325,6176,3030,3146,10808,5256,5552,12351,5957,6394,10807,5158,5649,6176,2986,3190,1544,748,796,
46330,6177,3031,3146,10810,5257,5553,12354,5958,6396,10809,5159,5650,6176,2986,3190,1544,748,796,
46335,6178,3031,3147,10810,5257,5553,12354,5958,6396,10810,5160,5650,6176,2986,3190,1544,748,796,
46340,6179,3031,3148,10812,5257,5555,12357,5959,6398,10811,5161,5650,6177,2987,3190,1544,748,796,
46345,6179,3031,3148,10813,5257,5556,12357,5959,6398,10812,5161,5651,6177,2987,3190,1545,748,797,
46350,6180,3032,3148,10813,5257,5556,12358,5959,6399,10813,5161,5652,6179,2987,3192,1545,748,797,
46355,6180,3032,3148,10815,5259,5556,12359,5959,6400,10814,5161,5653,6180,2987,3193,1545,748,797,
46360,6181,3032,3149,10817,5259,5558,12362,5960,6402,10816,5162,5654,6180,2987,3193,1545,748,797,
46365,6182,3033,3149,10817,5259,5558,12362,5960,6402,10817,5162,5655,6180,2987,3193,1545,748,797,
46370,6183,3033,3150,10819,5259,5560,12365,5960,6405,10818,5162,5656,6181,2987,3194,1545,748,797,
46375,6183,3033,3150,10820,5259,5561,12365,5960,6405,10819,5162,5657,6181,2987,3194,1546,749,797,
46380,6184,3034,3150,10820,5259,5561,12366,5960,6406,10820,5162,5658,6183,2989,3194,1546,749,797,
46385,6184,3034,3150,10822,5259,5563,12367,5961,6406,10821,5163,5658,6184,2990,3194,1546,749,797,
46390,6185,3034,3151,10824,5260,5564,12370,5962,6408,10823,5164,5659,6184,2990,3194,1546,749,797,
46395,6186,3034,3152,10824,5260,5564,12370,5962,6408,10824,5165,5659,6184,2990,3194,1546,749,797,
46400,6187,3035,3152,10826,5262,5564,12373,5963,6410,10825,5166,5659,6185,2991,3194,1546,749,797,
46405,6187,3035,3152,10827,5262,5565,12373,5963,6410,10826,5166,5660,6185,2991,3194,1547,750,797,
46410,6188,3036,3152,10827,5262,5565,12374,5963,6411,10827,5166,5661,6187,2993,3194,1547,750,797,
46415,6188,3036,3152,10829,5263,5566,12375,5964,6411,10828,5167,5661,6188,2993,3195,1547,750,797,
46420,6189,3037,3152,10831,5263,5568,12378,5966,6412,10830,5168,5662,6188,2993,3195,1547,750,797,
46425,6190,3037,3153,10831,5263,5568,12378,5966,6412,10831,5169,5662,6188,2993,3195,1547,750,797,
46430,6191,3037,3154,10833,5264,5569,12381,5967,6414,10832,5169,5663,6189,2993,3196,1547,750,797,
46435,6191,3037,3154,10834,5265,5569,12381,5967,6414,10833,5169,5664,6189,2993,3196,1548,750,798,
46440,6192,3037,3155,10834,5265,5569,12382,5967,6415,10834,5170,5664,6191,2995,3196,1548,750,798,
46445,6192,3037,3155,10836,5267,5569,12383,5967,6416,10835,5170,5665,6192,2996,3196,1548,750,798,
46450,6193,3038,3155,10838,5269,5569,12386,5969,6417,10837,5170,5667,6192,2996,3196,1548,750,798,
46455,6194,3038,3156,10838,5269,5569,12386,5969,6417,10838,5170,5668,6192,2996,3196,1548,750,798,
46460,6195,3038,3157,10840,5270,5570,12389,5971,6418,10839,5170,5669,6193,2996,3197,1548,750,798,
46465,6195,3038,3157,10841,5271,5570,12389,5971,6418,10840,5170,5670,6193,2996,3197,1549,750,799,
46470,6196,3038,3158,10841,5271,5570,12390,5972,6418,10841,5171,5670,6195,2998,3197,1549,750,799,
46475,6196,3038,3158,10843,5272,5571,12391,5972,6419,10842,5171,5671,6196,2999,3197,1549,750,799,
46480,6197,3038,3159,10845,5273,5572,12394,5974,6420,10844,5172,5672,6196,2999,3197,1549,750,799,
46485,6198,3038,3160,10845,5273,5572,12394,5974,6420,10845,5172,5673,6196,2999,3197,1549,750,799,
46490,6199,3038,3161,10847,5274,5573,12397,5975,6422,10846,5173,5673,6197,2999,3198,1549,750,799,
46495,6199,3038,3161,10848,5275,5573,12397,5975,6422,10847,5174,5673,6197,2999,3198,1550,751,799,
46500,6200,3039,3161,10848,5275,5573,12398,5975,6423,10848,5175,5673,6199,3001,3198,1550,751,799,
46505,6200,3039,3161,10850,5276,5574,12399,5976,6423,10849,5175,5674,6200,3001,3199,1550,751,799,
46510,6201,3040,3161,10852,5277,5575,12402,5977,6425,10851,5176,5675,6200,3001,3199,1550,751,799,
46515,6202,3041,3161,10852,5277,5575,12402,5977,6425,10852,5177,5675,6200,3001,3199,1550,751,799,
46520,6203,3041,3162,10854,5278,5576,12405,5977,6428,10853,5177,5676,6201,3002,3199,1550,751,799,
46525,6203,3041,3162,10855,5279,5576,12405,5977,6428,10854,5177,5677,6201,3002,3199,1551,752,799,
46530,6204,3041,3163,10855,5279,5576,12406,5978,6428,10855,5177,5678,6203,3004,3199,1551,752,799,
46535,6204,3041,3163,10857,5280,5577,12407,5978,6429,10856,5178,5678,6204,3004,3200,1551,752,799,
46540,6205,3042,3163,10859,5281,5578,12410,5978,6432,10858,5178,5680,6204,3004,3200,1551,752,799,
46545,6206,3042,3164,10859,5281,5578,12410,5978,6432,10859,5178,5681,6204,3004,3200,1551,752,799,
46550,6207,3043,3164,10861,5283,5578,12413,5980,6433,10860,5178,5682,6205,3005,3200,1551,752,799,
46555,6207,3043,3164,10862,5283,5579,12413,5980,6433,10861,5179,5682,6205,3005,3200,1552,753,799,
46560,6208,3044,3164,10862,5283,5579,12414,5981,6433,10862,5179,5683,6207,3006,3201,1552,753,799,
46565,6208,3044,3164,10864,5284,5580,12415,5981,6434,10863,5179,5684,6208,3006,3202,1552,753,799,
46570,6209,3045,3164,10866,5285,5581,12418,5983,6435,10865,5180,5685,6208,3006,3202,1552,753,799,
46575,6210,3046,3164,10866,5285,5581,12418,5983,6435,10866,5180,5686,6208,3006,3202,1552,753,799,
46580,6211,3047,3164,10868,5285,5583,12421,5985,6436,10867,5180,5687,6209,3006,3203,1552,753,799,
46585,6211,3047,3164,10869,5286,5583,12421,5985,6436,10868,5181,5687,6209,3006,3203,1553,754,799,
46590,6212,3048,3164,10869,5286,5583,12422,5986,6436,10869,5181,5688,6211,3007,3204,1553,754,799,
46595,6212,3048,3164,10871,5287,5584,12423,5986,6437,10870,5182,5688,6212,3008,3204,1553,754,799,
46600,6213,3048,3165,10873,5289,5584,12426,5988,6438,10872,5184,5688,6212,3008,3204,1553,754,799,
46605,6214,3048,3166,10873,5289,5584,12426,5988,6438,10873,5185,5688,6212,3008,3204,1553,754,799,
46610,6215,3049,3166,10875,5289,5586,12429,5990,6439,10874,5186,5688,6213,3009,3204,1553,754,799,
46615,6215,3049,3166,10876,5289,5587,12429,5990,6439,10875,5186,5689,6213,3009,3204,1554,754,800,
46620,6216,3050,3166,10876,5289,5587,12430,5991,6439,10876,5187,5689,6215,3010,3205,1554,754,800,
46625,6216,3050,3166,10878,5290,5588,12431,5992,6439,10877,5188,5689,6216,3011,3205,1554,754,800,
46630,6217,3051,3166,10880,5292,5588,12434,5993,6441,10879,5188,5691,6216,3011,3205,1554,754,800,
46635,6218,3052,3166,10880,5292,5588,12434,5993,6441,10880,5188,5692,6216,3011,3205,1554,754,800,
46640,6219,3052,3167,10882,5293,5589,12437,5993,6444,10881,5188,5693,6217,3011,3206,1554,754,800,
46645,6219,3052,3167,10883,5293,5590,12437,5993,6444,10882,5189,5693,6217,3011,3206,1555,755,800,
46650,6220,3053,3167,10883,5293,5590,12438,5993,6445,10883,5189,5694,6219,3012,3207,1555,755,800,
46655,6220,3053,3167,10885,5294,5591,12439,5993,6446,10884,5189,5695,6220,3012,3208,1555,755,800,
46660,6221,3053,3168,10887,5295,5592,12442,5993,6449,10886,5189,5697,6220,3012,3208,1555,755,800,
46665,6222,3054,3168,10887,5295,5592,12442,5993,6449,10887,5190,5697,6220,3012,3208,1555,755,800,
46670,6223,3055,3168,10889,5296,5593,12445,5994,6451,10888,5190,5698,6221,3012,3209,1555,755,800,
46675,6223,3055,3168,10890,5296,5594,12445,5994,6451,10889,5190,5699,6221,3012,3209,1556,755,801,
46680,6224,3056,3168,10890,5296,5594,12446,5994,6452,10890,5190,5700,6223,3013,3210,1556,755,801,
46685,6224,3056,3168,10892,5296,5596,12447,5995,6452,10891,5191,5700,6224,3013,3211,1556,755,801,
46690,6225,3057,3168,10894,5298,5596,12450,5998,6452,10893,5192,5701,6224,3013,3211,1556,755,801,
46695,6226,3058,3168,10894,5298,5596,12450,5998,6452,10894,5192,5702,6224,3013,3211,1556,755,801,
46700,6227,3058,3169,10896,5298,5598,12453,6000,6453,10895,5192,5703,6225,3014,3211,1556,755,801,
46705,6227,3058,3169,10897,5298,5599,12453,6000,6453,10896,5193,5703,6225,3014,3211,1557,755,802,
46710,6228,3059,3169,10897,5298,5599,12454,6001,6453,10897,5193,5704,6227,3016,3211,1557,755,802,
46715,6228,3059,3169,10899,5298,5601,12455,6001,6454,10898,5194,5704,6228,3016,3212,1557,755,802,
46720,6229,3059,3170,10901,5299,5602,12458,6004,6454,10900,5196,5704,6228,3016,3212,1557,755,802,
46725,6230,3059,3171,10901,5299,5602,12458,6004,6454,10901,5197,5704,6228,3016,3212,1557,755,802,
46730,6231,3060,3171,10903,5300,5603,12461,6005,6456,10902,5197,5705,6229,3016,3213,1557,755,802,
46735,6231,3060,3171,10904,5300,5604,12461,6005,6456,10903,5198,5705,6229,3016,3213,1558,756,802,
46740,6232,3061,3171,10904,5300,5604,12462,6005,6457,10904,5198,5706,6231,3017,3214,1558,756,802,
46745,6232,3061,3171,10906,5301,5605,12463,6005,6458,10905,5198,5707,6232,3018,3214,1558,756,802,
46750,6233,3061,3172,10908,5302,5606,12466,6005,6461,10907,5200,5707,6232,3018,3214,1558,756,802,
46755,6234,3062,3172,10908,5302,5606,12466,6005,6461,10908,5200,5708,6232,3018,3214,1558,756,802,
46760,6235,3062,3173,10910,5304,5606,12469,6007,6462,10909,5201,5708,6233,3018,3215,1558,756,802,
46765,6235,3062,3173,10911,5304,5607,12469,6007,6462,10910,5202,5708,6233,3018,3215,1559,757,802,
46770,6236,3063,3173,10911,5304,5607,12470,6008,6462,10911,5202,5709,6235,3018,3217,1559,757,802,
46775,6236,3063,3173,10913,5305,5608,12471,6009,6462,10912,5202,5710,6236,3018,3218,1559,757,802,
46780,6237,3063,3174,10915,5306,5609,12474,6010,6464,10914,5203,5711,6236,3018,3218,1559,757,802,
46785,6238,3063,3175,10915,5306,5609,12474,6010,6464,10915,5204,5711,6236,3018,3218,1559,757,802,
46790,6239,3064,3175,10917,5308,5609,12477,6012,6465,10916,5204,5712,6237,3019,3218,1559,757,802,
46795,6239,3064,3175,10918,5308,5610,12477,6012,6465,10917,5205,5712,6237,3019,3218,1560,757,803,
46800,6240,3065,3175,10918,5308,5610,12478,6012,6466,10918,5206,5712,6239,3021,3218,1560,757,803,
46805,6240,3065,3175,10920,5310,5610,12479,6012,6467,10919,5207,5712,6240,3021,3219,1560,757,803,
46810,6241,3065,3176,10922,5312,5610,12482,6012,6470,10921,5207,5714,6240,3021,3219,1560,757,803,
46815,6242,3065,3177,10922,5312,5610,12482,6012,6470,10922,5207,5715,6240,3021,3219,1560,757,803,
46820,6243,3065,3178,10924,5312,5612,12485,6014,6471,10923,5207,5716,6241,3021,3220,1560,757,803,
46825,6243,3065,3178,10925,5312,5613,12485,6014,6471,10924,5208,5716,6241,3021,3220,1561,757,804,
46830,6244,3066,3178,10925,5312,5613,12486,6014,6472,10925,5209,5716,6243,3022,3221,1561,757,804,
46835,6244,3066,3178,10927,5313,5614,12487,6014,6473,10926,5209,5717,6244,3022,3222,1561,757,804,
46840,6245,3067,3178,10929,5314,5615,12490,6016,6474,10928,5209,5719,6244,3022,3222,1561,757,804,
46845,6246,3067,3179,10929,5314,5615,12490,6016,6474,10929,5209,5720,6244,3022,3222,1561,757,804,
46850,6247,3067,3180,10931,5316,5615,12493,6017,6476,10930,5209,5721,6245,3023,3222,1561,757,804,
46855,6247,3067,3180,10932,5316,5616,12493,6017,6476,10931,5209,5722,6245,3023,3222,1562,757,805,
46860,6248,3067,3181,10932,5316,5616,12494,6017,6477,10932,5209,5723,6247,3024,3223,1562,757,805,
46865,6248,3067,3181,10934,5318,5616,12495,6018,6477,10933,5210,5723,6248,3025,3223,1562,757,805,
46870,6249,3068,3181,10936,5319,5617,12498,6019,6479,10935,5211,5724,6248,3025,3223,1562,757,805,
46875,6250,3068,3182,10936,5319,5617,12498,6019,6479,10936,5211,5725,6248,3025,3223,1562,757,805,
46880,6251,3069,3182,10938,5321,5617,12501,6020,6481,10937,5211,5726,6249,3026,3223,1562,757,805,
46885,6251,3069,3182,10939,5322,5617,12501,6020,6481,10938,5211,5727,6249,3026,3223,1563,757,806,
46890,6252,3070,3182,10939,5322,5617,12502,6021,6481,10939,5212,5727,6251,3026,3225,1563,757,806,
46895,6252,3070,3182,10941,5323,5618,12503,6021,6482,10940,5213,5727,6252,3027,3225,1563,757,806,
46900,6253,3070,3183,10943,5324,5619,12506,6023,6483,10942,5214,5728,6252,3027,3225,1563,757,806,
46905,6254,3071,3183,10943,5324,5619,12506,6023,6483,10943,5214,5729,6252,3027,3225,1563,757,806,
46910,6255,3072,3183,10945,5325,5620,12509,6024,6485,10944,5215,5729,6253,3027,3226,1563,757,806,
46915,6255,3072,3183,10946,5326,5620,12509,6024,6485,10945,5215,5730,6253,3027,3226,1564,758,806,
46920,6256,3073,3183,10946,5326,5620,12510,6025,6485,10946,5215,5731,6255,3027,3228,1564,758,806,
46925,6256,3073,3183,10948,5328,5620,12511,6026,6485,10947,5215,5732,6256,3027,3229,1564,758,806,
46930,6257,3073,3184,10950,5329,5621,12514,6028,6486,10949,5216,5733,6256,3027,3229,1564,758,806,
46935,6258,3074,3184,10950,5329,5621,12514,6028,6486,10950,5216,5734,6256,3027,3229,1564,758,806,
46940,6259,3074,3185,10952,5330,5622,12517,6029,6488,10951,5217,5734,6257,3028,3229,1564,758,806,
46945,6259,3074,3185,10953,5331,5622,12517,6029,6488,10952,5217,5735,6257,3028,3229,1565,758,807,
46950,6260,3074,3186,10953,5331,5622,12518,6029,6489,10953,5218,5735,6259,3029,3230,1565,758,807,
46955,6260,3074,3186,10955,5332,5623,12519,6029,6490,10954,5219,5735,6260,3030,3230,1565,758,807,
46960,6261,3074,3187,10957,5333,5624,12522,6031,6491,10956,5220,5736,6260,3030,3230,1565,758,807,
46965,6262,3075,3187,10957,5333,5624,12522,6031,6491,10957,5220,5737,6260,3030,3230,1565,758,807,
46970,6263,3076,3187,10959,5334,5625,12525,6031,6494,10958,5221,5737,6261,3031,3230,1565,758,807,
46975,6263,3076,3187,10960,5335,5625,12525,6031,6494,10959,5221,5738,6261,3031,3230,1566,759,807,
46980,6264,3076,3188,10960,5335,5625,12526,6032,6494,10960,5221,5739,6263,3033,3230,1566,759,807,
46985,6264,3076,3188,10962,5336,5626,12527,6033,6494,10961,5221,5740,6264,3034,3230,1566,759,807,
46990,6265,3076,3189,10964,5337,5627,12530,6034,6496,10963,5222,5741,6264,3034,3230,1566,759,807,
46995,6266,3077,3189,10964,5337,5627,12530,6034,6496,10964,5223,5741,6264,3034,3230,1566,759,807,
47000,6267,3077,3190,10966,5339,5627,12533,6034,6499,10965,5224,5741,6265,3034,3231,1566,759,807,
47005,6267,3077,3190,10967,5340,5627,12533,6034,6499,10966,5225,5741,6265,3034,3231,1567,760,807,
47010,6268,3078,3190,10967,5340,5627,12534,6034,6500,10967,5225,5742,6267,3034,3233,1567,760,807,
47015,6268,3078,3190,10969,5340,5629,12535,6034,6501,10968,5225,5743,6268,3034,3234,1567,760,807,
47020,6269,3079,3190,10971,5341,5630,12538,6034,6504,10970,5225,5745,6268,3034,3234,1567,760,807,
47025,6270,3079,3191,10971,5341,5630,12538,6034,6504,10971,5226,5745,6268,3034,3234,1567,760,807,
47030,6271,3080,3191,10973,5343,5630,12541,6034,6507,10972,5226,5746,6269,3034,3235,1567,760,807,
47035,6271,3080,3191,10974,5343,5631,12541,6034,6507,10973,5227,5746,6269,3034,3235,1568,761,807,
47040,6272,3080,3192,10974,5343,5631,12542,6035,6507,10974,5228,5746,6271,3035,3236,1568,761,807,
47045,6272,3080,3192,10976,5343,5633,12543,6035,6508,10975,5228,5747,6272,3035,3237,1568,761,807,
47050,6273,3080,3193,10978,5344,5634,12546,6037,6509,10977,5230,5747,6272,3035,3237,1568,761,807,
47055,6274,3081,3193,10978,5344,5634,12546,6037,6509,10978,5231,5747,6272,3035,3237,1568,761,807,
47060,6275,3082,3193,10980,5345,5635,12549,6038,6511,10979,5232,5747,6273,3035,3238,1568,761,807,
47065,6275,3082,3193,10981,5345,5636,12549,6038,6511,10980,5232,5748,6273,3035,3238,1569,762,807,
47070,6276,3082,3194,10981,5345,5636,12550,6038,6512,10981,5233,5748,6275,3036,3239,1569,762,807,
47075,6276,3082,3194,10983,5346,5637,12551,6039,6512,10982,5234,5748,6276,3037,3239,1569,762,807,
47080,6277,3083,3194,10985,5347,5638,12554,6041,6513,10984,5235,5749,6276,3037,3239,1569,762,807,
47085,6278,3083,3195,10985,5347,5638,12554,6041,6513,10985,5235,5750,6276,3037,3239,1569,762,807,
47090,6279,3083,3196,10987,5349,5638,12557,6043,6514,10986,5235,5751,6277,3037,3240,1569,762,807,
47095,6279,3083,3196,10988,5349,5639,12557,6043,6514,10987,5236,5751,6277,3037,3240,1570,763,807,
47100,6280,3083,3197,10988,5349,5639,12558,6044,6514,10988,5236,5752,6279,3038,3241,1570,763,807,
47105,6280,3083,3197,10990,5350,5640,12559,6045,6514,10989,5236,5753,6280,3038,3242,1570,763,807,
47110,6281,3083,3198,10992,5351,5641,12562,6048,6514,10991,5237,5754,6280,3038,3242,1570,763,807,
47115,6282,3084,3198,10992,5351,5641,12562,6048,6514,10992,5238,5754,6280,3038,3242,1570,763,807,
47120,6283,3085,3198,10994,5352,5642,12565,6050,6515,10993,5239,5754,6281,3038,3243,1570,763,807,
47125,6283,3085,3198,10995,5352,5643,12565,6050,6515,10994,5239,5755,6281,3038,3243,1571,763,808,
47130,6284,3085,3199,10995,5352,5643,12566,6050,6516,10995,5240,5755,6283,3040,3243,1571,763,808,
47135,6284,3085,3199,10997,5354,5643,12567,6050,6517,10996,5240,5756,6284,3040,3244,1571,763,808,
47140,6285,3086,3199,10999,5354,5645,12570,6052,6518,10998,5241,5757,6284,3040,3244,1571,763,808,
47145,6286,3087,3199,10999,5354,5645,12570,6052,6518,10999,5241,5758,6284,3040,3244,1571,763,808,
47150,6287,3088,3199,11001,5355,5646,12573,6053,6520,11000,5241,5759,6285,3041,3244,1571,763,808,
47155,6287,3088,3199,11002,5356,5646,12573,6053,6520,11001,5241,5760,6285,3041,3244,1572,763,809,
47160,6288,3089,3199,11002,5356,5646,12574,6054,6520,11002,5242,5760,6287,3041,3246,1572,763,809,
47165,6288,3089,3199,11004,5357,5647,12575,6054,6521,11003,5243,5760,6288,3042,3246,1572,763,809,
47170,6289,3090,3199,11006,5359,5647,12578,6055,6523,11005,5245,5760,6288,3042,3246,1572,763,809,
47175,6290,3091,3199,11006,5359,5647,12578,6055,6523,11006,5245,5761,6288,3042,3246,1572,763,809,
47180,6291,3092,3199,11008,5361,5647,12581,6056,6525,11007,5246,5761,6289,3042,3247,1572,763,809,
47185,6291,3092,3199,11009,5361,5648,12581,6056,6525,11008,5247,5761,6289,3042,3247,1573,763,810,
47190,6292,3093,3199,11009,5361,5648,12582,6056,6526,11009,5247,5762,6291,3043,3248,1573,763,810,
47195,6292,3093,3199,11011,5362,5649,12583,6056,6527,11010,5247,5763,6292,3044,3248,1573,763,810,
47200,6293,3094,3199,11013,5363,5650,12586,6058,6528,11012,5248,5764,6292,3044,3248,1573,763,810,
47205,6294,3094,3200,11013,5363,5650,12586,6058,6528,11013,5248,5765,6292,3044,3248,1573,763,810,
47210,6295,3095,3200,11015,5364,5651,12589,6059,6530,11014,5248,5766,6293,3045,3248,1573,763,810,
47215,6295,3095,3200,11016,5365,5651,12589,6059,6530,11015,5248,5767,6293,3045,3248,1574,764,810,
47220,6296,3095,3201,11016,5365,5651,12590,6059,6531,11016,5248,5768,6295,3046,3249,1574,764,810,
47225,6296,3095,3201,11018,5365,5653,12591,6059,6532,11017,5249,5768,6296,3047,3249,1574,764,810,
47230,6297,3095,3202,11020,5366,5654,12594,6059,6535,11019,5249,5770,6296,3047,3249,1574,764,810,
47235,6298,3095,3203,11020,5366,5654,12594,6059,6535,11020,5250,5770,6296,3047,3249,1574,764,810,
47240,6299,3096,3203,11022,5366,5656,12597,6061,6536,11021,5250,5771,6297,3047,3250,1574,764,810,
47245,6299,3096,3203,11023,5367,5656,12597,6061,6536,11022,5251,5771,6297,3047,3250,1575,764,811,
47250,6300,3096,3204,11023,5367,5656,12598,6061,6537,11023,5252,5771,6299,3049,3250,1575,764,811,
47255,6300,3096,3204,11025,5369,5656,12599,6061,6538,11024,5253,5771,6300,3049,3251,1575,764,811,
47260,6301,3097,3204,11027,5370,5657,12602,6063,6539,11026,5255,5771,6300,3049,3251,1575,764,811,
47265,6302,3097,3205,11027,5370,5657,12602,6063,6539,11027,5256,5771,6300,3049,3251,1575,764,811,
47270,6303,3097,3206,11029,5370,5659,12605,6065,6540,11028,5256,5772,6301,3050,3251,1575,764,811,
47275,6303,3097,3206,11030,5370,5660,12605,6065,6540,11029,5257,5772,6301,3050,3251,1576,765,811,
47280,6304,3097,3207,11030,5370,5660,12606,6065,6541,11030,5257,5773,6303,3051,3252,1576,765,811,
47285,6304,3097,3207,11032,5371,5661,12607,6066,6541,11031,5257,5774,6304,3051,3253,1576,765,811,
47290,6305,3097,3208,11034,5371,5663,12610,6067,6543,11033,5257,5776,6304,3051,3253,1576,765,811,
47295,6306,3097,3209,11034,5371,5663,12610,6067,6543,11034,5257,5777,6304,3051,3253,1576,765,811,
47300,6307,3097,3210,11036,5371,5665,12613,6068,6545,11035,5257,5778,6305,3052,3253,1576,765,811,
47305,6307,3097,3210,11037,5371,5666,12613,6068,6545,11036,5258,5778,6305,3052,3253,1577,765,812,
47310,6308,3097,3211,11037,5371,5666,12614,6069,6545,11037,5259,5778,6307,3052,3255,1577,765,812,
47315,6308,3097,3211,11039,5372,5667,12615,6070,6545,11038,5260,5778,6308,3053,3255,1577,765,812,
47320,6309,3097,3212,11041,5372,5669,12618,6071,6547,11040,5261,5779,6308,3053,3255,1577,765,812,
47325,6310,3097,3213,11041,5372,5669,12618,6071,6547,11041,5261,5780,6308,3053,3255,1577,765,812,
47330,6311,3098,3213,11043,5373,5670,12621,6072,6549,11042,5261,5781,6309,3054,3255,1577,765,812,
47335,6311,3098,3213,11044,5373,5671,12621,6072,6549,11043,5261,5782,6309,3054,3255,1578,765,813,
47340,6312,3098,3214,11044,5373,5671,12622,6072,6550,11044,5261,5783,6311,3055,3256,1578,765,813,
47345,6312,3098,3214,11046,5374,5672,12623,6073,6550,11045,5261,5784,6312,3056,3256,1578,765,813,
47350,6313,3098,3215,11048,5375,5673,12626,6073,6553,11047,5263,5784,6312,3056,3256,1578,765,813,
47355,6314,3099,3215,11048,5375,5673,12626,6073,6553,11048,5263,5785,6312,3056,3256,1578,765,813,
47360,6315,3100,3215,11050,5377,5673,12629,6075,6554,11049,5264,5785,6313,3057,3256,1578,765,813,
47365,6315,3100,3215,11051,5377,5674,12629,6075,6554,11050,5265,5785,6313,3057,3256,1579,766,813,
47370,6316,3100,3216,11051,5377,5674,12630,6075,6555,11051,5265,5786,6315,3058,3257,1579,766,813,
47375,6316,3100,3216,11053,5377,5676,12631,6075,6556,11052,5266,5786,6316,3058,3258,1579,766,813,
47380,6317,3100,3217,11055,5379,5676,12634,6078,6556,11054,5266,5788,6316,3058,3258,1579,766,813,
47385,6318,3101,3217,11055,5379,5676,12634,6078,6556,11055,5267,5788,6316,3058,3258,1579,766,813,
47390,6319,3101,3218,11057,5380,5677,12637,6079,6558,11056,5267,5789,6317,3058,3259,1579,766,813,
47395,6319,3101,3218,11058,5381,5677,12637,6079,6558,11057,5268,5789,6317,3058,3259,1580,766,814,
47400,6320,3102,3218,11058,5381,5677,12638,6079,6559,11058,5268,5790,6319,3058,3261,1580,766,814,
47405,6320,3102,3218,11060,5381,5679,12639,6080,6559,11059,5269,5790,6320,3058,3262,1580,766,814,
47410,6321,3102,3219,11062,5381,5681,12642,6080,6562,11061,5270,5791,6320,3058,3262,1580,766,814,
47415,6322,3102,3220,11062,5381,5681,12642,6080,6562,11062,5270,5792,6320,3058,3262,1580,766,814,
47420,6323,3102,3221,11064,5382,5682,12645,6082,6563,11063,5271,5792,6321,3058,3263,1580,766,814,
47425,6323,3102,3221,11065,5382,5683,12645,6082,6563,11064,5272,5792,6321,3058,3263,1581,766,815,
47430,6324,3103,3221,11065,5382,5683,12646,6083,6563,11065,5272,5793,6323,3059,3264,1581,766,815,
47435,6324,3103,3221,11067,5384,5683,12647,6084,6563,11066,5273,5793,6324,3060,3264,1581,766,815,
47440,6325,3104,3221,11069,5386,5683,12650,6086,6564,11068,5275,5793,6324,3060,3264,1581,766,815,
47445,6326,3105,3221,11069,5386,5683,12650,6086,6564,11069,5276,5793,6324,3060,3264,1581,766,815,
47450,6327,3105,3222,11071,5386,5685,12653,6088,6565,11070,5276,5794,6325,3060,3265,1581,766,815,
47455,6327,3105,3222,11072,5386,5686,12653,6088,6565,11071,5277,5794,6325,3060,3265,1582,767,815,
47460,6328,3105,3223,11072,5386,5686,12654,6088,6566,11072,5278,5794,6327,3061,3266,1582,767,815,
47465,6328,3105,3223,11074,5387,5687,12655,6089,6566,11073,5278,5795,6328,3061,3267,1582,767,815,
47470,6329,3105,3224,11076,5388,5688,12658,6092,6566,11075,5280,5795,6328,3061,3267,1582,767,815,
47475,6330,3105,3225,11076,5388,5688,12658,6092,6566,11076,5281,5795,6328,3061,3267,1582,767,815,
47480,6331,3105,3226,11078,5389,5689,12661,6095,6566,11077,5282,5795,6329,3062,3267,1582,767,815,
47485,6331,3105,3226,11079,5389,5690,12661,6095,6566,11078,5283,5795,6329,3062,3267,1583,768,815,
47490,6332,3105,3227,11079,5389,5690,12662,6095,6567,11079,5284,5795,6331,3063,3268,1583,768,815,
47495,6332,3105,3227,11081,5389,5692,12663,6095,6568,11080,5285,5795,6332,3063,3269,1583,768,815,
47500,6333,3106,3227,11083,5390,5693,12666,6096,6570,11082,5286,5796,6332,3063,3269,1583,768,815,
47505,6334,3107,3227,11083,5390,5693,12666,6096,6570,11083,5286,5797,6332,3063,3269,1583,768,815,
47510,6335,3107,3228,11085,5392,5693,12669,6098,6571,11084,5287,5797,6333,3063,3270,1583,768,815,
47515,6335,3107,3228,11086,5392,5694,12669,6098,6571,11085,5288,5797,6333,3063,3270,1584,768,816,
47520,6336,3107,3229,11086,5392,5694,12670,6099,6571,11086,5289,5797,6335,3065,3270,1584,768,816,
47525,6336,3107,3229,11088,5394,5694,12671,6100,6571,11087,5290,5797,6336,3065,3271,1584,768,816,
47530,6337,3107,3230,11090,5394,5696,12674,6102,6572,11089,5291,5798,6336,3065,3271,1584,768,816,
47535,6338,3108,3230,11090,5394,5696,12674,6102,6572,11090,5292,5798,6336,3065,3271,1584,768,816,
47540,6339,3109,3230,11092,5395,5697,12677,6104,6573,11091,5292,5799,6337,3065,3272,1584,768,816,
47545,6339,3109,3230,11093,5395,5698,12677,6104,6573,11092,5293,5799,6337,3065,3272,1585,768,817,
47550,6340,3109,3231,11093,5395,5698,12678,6105,6573,11093,5294,5799,6339,3066,3273,1585,768,817,
47555,6340,3109,3231,11095,5395,5700,12679,6106,6573,11094,5295,5799,6340,3066,3274,1585,768,817,
47560,6341,3109,3232,11097,5396,5701,12682,6108,6574,11096,5296,5800,6340,3066,3274,1585,768,817,
47565,6342,3109,3233,11097,5396,5701,12682,6108,6574,11097,5296,5801,6340,3066,3274,1585,768,817,
47570,6343,3109,3234,11099,5398,5701,12685,6109,6576,11098,5297,5801,6341,3067,3274,1585,768,817,
47575,6343,3109,3234,11100,5399,5701,12685,6109,6576,11099,5297,5802,6341,3067,3274,1586,768,818,
47580,6344,3110,3234,11100,5399,5701,12686,6109,6577,11100,5298,5802,6343,3069,3274,1586,768,818,
47585,6344,3110,3234,11102,5401,5701,12687,6110,6577,11101,5299,5802,6344,3070,3274,1586,768,818,
47590,6345,3111,3234,11104,5402,5702,12690,6110,6580,11103,5301,5802,6344,3070,3274,1586,768,818,
47595,6346,3111,3235,11104,5402,5702,12690,6110,6580,11104,5301,5803,6344,3070,3274,1586,768,818,
47600,6347,3112,3235,11106,5402,5704,12693,6111,6582,11105,5301,5804,6345,3070,3275,1586,768,818,
47605,6347,3112,3235,11107,5403,5704,12693,6111,6582,11106,5301,5805,6345,3070,3275,1587,769,818,
47610,6348,3112,3236,11107,5403,5704,12694,6112,6582,11107,5302,5805,6347,3071,3276,1587,769,818,
47615,6348,3112,3236,11109,5403,5706,12695,6112,6583,11108,5303,5805,6348,3071,3277,1587,769,818,
47620,6349,3112,3237,11111,5404,5707,12698,6112,6586,11110,5304,5806,6348,3071,3277,1587,769,818,
47625,6350,3113,3237,11111,5404,5707,12698,6112,6586,11111,5305,5806,6348,3071,3277,1587,769,818,
47630,6351,3114,3237,11113,5404,5709,12701,6112,6589,11112,5305,5807,6349,3072,3277,1587,769,818,
47635,6351,3114,3237,11114,5404,5710,12701,6112,6589,11113,5305,5808,6349,3072,3277,1588,770,818,
47640,6352,3115,3237,11114,5404,5710,12702,6112,6590,11114,5306,5808,6351,3074,3277,1588,770,818,
47645,6352,3115,3237,11116,5405,5711,12703,6112,6591,11115,5307,5808,6352,3075,3277,1588,770,818,
47650,6353,3116,3237,11118,5406,5712,12706,6115,6591,11117,5308,5809,6352,3075,3277,1588,770,818,
47655,6354,3117,3237,11118,5406,5712,12706,6115,6591,11118,5309,5809,6352,3075,3277,1588,770,818,
47660,6355,3118,3237,11120,5407,5713,12709,6116,6593,11119,5309,5810,6353,3076,3277,1588,770,818,
47665,6355,3118,3237,11121,5407,5714,12709,6116,6593,11120,5309,5811,6353,3076,3277,1589,770,819,
47670,6356,3118,3238,11121,5407,5714,12710,6116,6594,11121,5309,5812,6355,3077,3278,1589,770,819,
47675,6356,3118,3238,11123,5409,5714,12711,6117,6594,11122,5309,5813,6356,3077,3279,1589,770,819,
47680,6357,3119,3238,11125,5411,5714,12714,6118,6596,11124,5311,5813,6356,3077,3279,1589,770,819,
47685,6358,3119,3239,11125,5411,5714,12714,6118,6596,11125,5311,5814,6356,3077,3279,1589,770,819,
47690,6359,3120,3239,11127,5413,5714,12717,6119,6598,11126,5312,5814,6357,3077,3280,1589,770,819,
47695,6359,3120,3239,11128,5413,5715,12717,6119,6598,11127,5313,5814,6357,3077,3280,1590,770,820,
47700,6360,3120,3240,11128,5413,5715,12718,6119,6599,11128,5314,5814,6359,3079,3280,1590,770,820,
47705,6360,3120,3240,11130,5413,5717,12719,6120,6599,11129,5314,5815,6360,3079,3281,1590,770,820,
47710,6361,3120,3241,11132,5413,5719,12722,6123,6599,11131,5315,5816,6360,3079,3281,1590,770,820,
47715,6362,3120,3242,11132,5413,5719,12722,6123,6599,11132,5315,5817,6360,3079,3281,1590,770,820,
47720,6363,3121,3242,11134,5413,5721,12725,6124,6601,11133,5316,5817,6361,3079,3282,1590,770,820,
47725,6363,3121,3242,11135,5414,5721,12725,6124,6601,11134,5316,5818,6361,3079,3282,1591,771,820,
47730,6364,3121,3243,11135,5414,5721,12726,6124,6602,11135,5317,5818,6363,3080,3283,1591,771,820,
47735,6364,3121,3243,11137,5414,5723,12727,6125,6602,11136,5317,5819,6364,3080,3284,1591,771,820,
47740,6365,3122,3243,11139,5415,5724,12730,6126,6604,11138,5319,5819,6364,3080,3284,1591,771,820,
47745,6366,3122,3244,11139,5415,5724,12730,6126,6604,11139,5319,5820,6364,3080,3284,1591,771,820,
47750,6367,3122,3245,11141,5416,5725,12733,6126,6607,11140,5320,5820,6365,3080,3285,1591,771,820,
47755,6367,3122,3245,11142,5416,5726,12733,6126,6607,11141,5321,5820,6365,3080,3285,1592,772,820,
47760,6368,3122,3246,11142,5416,5726,12734,6127,6607,11142,5321,5821,6367,3081,3286,1592,772,820,
47765,6368,3122,3246,11144,5417,5727,12735,6128,6607,11143,5321,5822,6368,3081,3287,1592,772,820,
47770,6369,3122,3247,11146,5417,5729,12738,6130,6608,11145,5323,5822,6368,3081,3287,1592,772,820,
47775,6370,3123,3247,11146,5417,5729,12738,6130,6608,11146,5324,5822,6368,3081,3287,1592,772,820,
47780,6371,3124,3247,11148,5417,5731,12741,6130,6611,11147,5325,5822,6369,3082,3287,1592,772,820,
47785,6371,3124,3247,11149,5417,5732,12741,6130,6611,11148,5326,5822,6369,3082,3287,1593,773,820,
47790,6372,3124,3248,11149,5417,5732,12742,6131,6611,11149,5327,5822,6371,3083,3288,1593,773,820,
47795,6372,3124,3248,11151,5419,5732,12743,6131,6612,11150,5328,5822,6372,3084,3288,1593,773,820,
47800,6373,3125,3248,11153,5420,5733,12746,6133,6613,11152,5329,5823,6372,3084,3288,1593,773,820,
47805,6374,3125,3249,11153,5420,5733,12746,6133,6613,11153,5329,5824,6372,3084,3288,1593,773,820,
47810,6375,3126,3249,11155,5421,5734,12749,6134,6615,11154,5330,5824,6373,3085,3288,1593,773,820,
47815,6375,3126,3249,11156,5421,5735,12749,6134,6615,11155,5330,5825,6373,3085,3288,1594,773,821,
47820,6376,3127,3249,11156,5421,5735,12750,6135,6615,11156,5330,5826,6375,3087,3288,1594,773,821,
47825,6376,3127,3249,11158,5422,5736,12751,6136,6615,11157,5330,5827,6376,3088,3288,1594,773,821,
47830,6377,3127,3250,11160,5423,5737,12754,6139,6615,11159,5331,5828,6376,3088,3288,1594,773,821,
47835,6378,3128,3250,11160,5423,5737,12754,6139,6615,11160,5332,5828,6376,3088,3288,1594,773,821,
47840,6379,3128,3251,11162,5423,5739,12757,6139,6618,11161,5332,5829,6377,3089,3288,1594,773,821,
47845,6379,3128,3251,11163,5423,5740,12757,6139,6618,11162,5333,5829,6377,3089,3288,1595,774,821,
47850,6380,3129,3251,11163,5423,5740,12758,6139,6619,11163,5334,5829,6379,3089,3290,1595,774,821,
47855,6380,3129,3251,11165,5425,5740,12759,6140,6619,11164,5334,5830,6380,3089,3291,1595,774,821,
47860,6381,3130,3251,11167,5426,5741,12762,6140,6622,11166,5335,5831,6380,3089,3291,1595,774,821,
47865,6382,3130,3252,11167,5426,5741,12762,6140,6622,11167,5336,5831,6380,3089,3291,1595,774,821,
47870,6383,3130,3253,11169,5427,5742,12765,6142,6623,11168,5337,5831,6381,3089,3292,1595,774,821,
47875,6383,3130,3253,11170,5428,5742,12765,6142,6623,11169,5338,5831,6381,3089,3292,1596,774,822,
47880,6384,3130,3254,11170,5428,5742,12766,6142,6624,11170,5339,5831,6383,3089,3294,1596,774,822,
47885,6384,3130,3254,11172,5429,5743,12767,6142,6625,11171,5339,5832,6384,3089,3295,1596,774,822,
47890,6385,3131,3254,11174,5429,5745,12770,6145,6625,11173,5340,5833,6384,3089,3295,1596,774,822,
47895,6386,3131,3255,11174,5429,5745,12770,6145,6625,11174,5341,5833,6384,3089,3295,1596,774,822,
47900,6387,3131,3256,11176,5430,5746,12773,6145,6628,11175,5342,5833,6385,3090,3295,1596,774,822,
47905,6387,3131,3256,11177,5430,5747,12773,6145,6628,11176,5343,5833,6385,3090,3295,1597,774,823,
47910,6388,3132,3256,11177,5430,5747,12774,6146,6628,11177,5343,5834,6387,3091,3296,1597,774,823,
47915,6388,3132,3256,11179,5432,5747,12775,6146,6629,11178,5344,5834,6388,3091,3297,1597,774,823,
47920,6389,3132,3257,11181,5434,5747,12778,6147,6631,11180,5345,5835,6388,3091,3297,1597,774,823,
47925,6390,3132,3258,11181,5434,5747,12778,6147,6631,11181,5345,5836,6388,3091,3297,1597,774,823,
47930,6391,3133,3258,11183,5435,5748,12781,6149,6632,11182,5346,5836,6389,3091,3298,1597,774,823,
47935,6391,3133,3258,11184,5435,5749,12781,6149,6632,11183,5347,5836,6389,3091,3298,1598,775,823,
47940,6392,3133,3259,11184,5435,5749,12782,6149,6633,11184,5347,5837,6391,3091,3300,1598,775,823,
47945,6392,3133,3259,11186,5435,5751,12783,6150,6633,11185,5347,5838,6392,3091,3301,1598,775,823,
47950,6393,3133,3260,11188,5436,5752,12786,6153,6633,11187,5349,5838,6392,3091,3301,1598,775,823,
47955,6394,3134,3260,11188,5436,5752,12786,6153,6633,11188,5350,5838,6392,3091,3301,1598,775,823,
47960,6395,3134,3261,11190,5437,5753,12789,6155,6634,11189,5350,5839,6393,3091,3302,1598,775,823,
47965,6395,3134,3261,11191,5437,5754,12789,6155,6634,11190,5351,5839,6393,3091,3302,1599,776,823,
47970,6396,3134,3262,11191,5437,5754,12790,6155,6635,11191,5351,5840,6395,3092,3303,1599,776,823,
47975,6396,3134,3262,11193,5437,5756,12791,6156,6635,11192,5352,5840,6396,3092,3304,1599,776,823,
47980,6397,3134,3263,11195,5438,5757,12794,6156,6638,11194,5354,5840,6396,3092,3304,1599,776,823,
47985,6398,3134,3264,11195,5438,5757,12794,6156,6638,11195,5354,5841,6396,3092,3304,1599,776,823,
47990,6399,3135,3264,11197,5438,5759,12797,6158,6639,11196,5354,5842,6397,3093,3304,1599,776,823,
47995,6399,3135,3264,11198,5438,5760,12797,6158,6639,11197,5354,5843,6397,3093,3304,1600,777,823,
48000,6400,3136,3264,11198,5438,5760,12798,6158,6640,11198,5355,5843,6399,3095,3304,1600,777,823,
48005,6400,3136,3264,11200,5439,5761,12799,6159,6640,11199,5356,5843,6400,3096,3304,1600,777,823,
48010,6401,3137,3264,11202,5440,5762,12802,6161,6641,11201,5357,5844,6400,3096,3304,1600,777,823,
48015,6402,3137,3265,11202,5440,5762,12802,6161,6641,11202,5358,5844,6400,3096,3304,1600,777,823,
48020,6403,3137,3266,11204,5441,5763,12805,6161,6644,11203,5359,5844,6401,3096,3305,1600,777,823,
48025,6403,3137,3266,11205,5441,5764,12805,6161,6644,11204,5359,5845,6401,3096,3305,1601,778,823,
48030,6404,3138,3266,11205,5441,5764,12806,6162,6644,11205,5360,5845,6403,3097,3306,1601,778,823,
48035,6404,3138,3266,11207,5442,5765,12807,6162,6645,11206,5360,5846,6404,3097,3307,1601,778,823,
48040,6405,3139,3266,11209,5443,5766,12810,6164,6646,11208,5361,5847,6404,3097,3307,1601,778,823,
48045,6406,3139,3267,11209,5443,5766,12810,6164,6646,11209,5361,5848,6404,3097,3307,1601,778,823,
48050,6407,3139,3268,11211,5445,5766,12813,6164,6649,11210,5361,5849,6405,3098,3307,1601,778,823,
48055,6407,3139,3268,11212,5446,5766,12813,6164,6649,11211,5361,5850,6405,3098,3307,1602,779,823,
48060,6408,3140,3268,11212,5446,5766,12814,6165,6649,11212,5361,5851,6407,3100,3307,1602,779,823,
48065,6408,3140,3268,11214,5448,5766,12815,6165,6650,11213,5361,5852,6408,3100,3308,1602,779,823,
48070,6409,3140,3269,11216,5450,5766,12818,6168,6650,11215,5361,5854,6408,3100,3308,1602,779,823,
48075,6410,3141,3269,11216,5450,5766,12818,6168,6650,11216,5361,5855,6408,3100,3308,1602,779,823,
48080,6411,3142,3269,11218,5451,5767,12821,6170,6651,11217,5362,5855,6409,3100,3309,1602,779,823,
48085,6411,3142,3269,11219,5452,5767,12821,6170,6651,11218,5363,5855,6409,3100,3309,1603,779,824,
48090,6412,3142,3270,11219,5452,5767,12822,6171,6651,11219,5364,5855,6411,3100,3311,1603,779,824,
48095,6412,3142,3270,11221,5454,5767,12823,6171,6652,11220,5364,5856,6412,3101,3311,1603,779,824,
48100,6413,3142,3271,11223,5456,5767,12826,6172,6654,11222,5365,5857,6412,3101,3311,1603,779,824,
48105,6414,3143,3271,11223,5456,5767,12826,6172,6654,11223,5366,5857,6412,3101,3311,1603,779,824,
48110,6415,3143,3272,11225,5457,5768,12829,6174,6655,11224,5367,5857,6413,3102,3311,1603,779,824,
48115,6415,3143,3272,11226,5458,5768,12829,6174,6655,11225,5367,5858,6413,3102,3311,1604,779,825,
48120,6416,3143,3273,11226,5458,5768,12830,6175,6655,11226,5367,5859,6415,3102,3313,1604,779,825,
48125,6416,3143,3273,11228,5459,5769,12831,6176,6655,11227,5367,5860,6416,3102,3314,1604,779,825,
48130,6417,3144,3273,11230,5459,5771,12834,6178,6656,11229,5368,5861,6416,3102,3314,1604,779,825,
48135,6418,3144,3274,11230,5459,5771,12834,6178,6656,11230,5369,5861,6416,3102,3314,1604,779,825,
48140,6419,3144,3275,11232,5461,5771,12837,6180,6657,11231,5369,5862,6417,3102,3315,1604,779,825,
48145,6419,3144,3275,11233,5461,5772,12837,6180,6657,11232,5370,5862,6417,3102,3315,1605,779,826,
48150,6420,3144,3276,11233,5461,5772,12838,6180,6658,11233,5371,5862,6419,3103,3316,1605,779,826,
48155,6420,3144,3276,11235,5461,5774,12839,6181,6658,11234,5371,5863,6420,3104,3316,1605,779,826,
48160,6421,3144,3277,11237,5461,5776,12842,6182,6660,11236,5372,5864,6420,3104,3316,1605,779,826,
48165,6422,3145,3277,11237,5461,5776,12842,6182,6660,11237,5373,5864,6420,3104,3316,1605,779,826,
48170,6423,3145,3278,11239,5461,5778,12845,6183,6662,11238,5373,5865,6421,3104,3317,1605,779,826,
48175,6423,3145,3278,11240,5462,5778,12845,6183,6662,11239,5374,5865,6421,3104,3317,1606,780,826,
48180,6424,3145,3279,11240,5462,5778,12846,6184,6662,11240,5375,5865,6423,3104,3319,1606,780,826,
48185,6424,3145,3279,11242,5462,5780,12847,6185,6662,11241,5376,5865,6424,3105,3319,1606,780,826,
48190,6425,3145,3280,11244,5464,5780,12850,6187,6663,11243,5377,5866,6424,3105,3319,1606,780,826,
48195,6426,3146,3280,11244,5464,5780,12850,6187,6663,11244,5377,5867,6424,3105,3319,1606,780,826,
48200,6427,3147,3280,11246,5465,5781,12853,6189,6664,11245,5377,5868,6425,3105,3320,1606,780,826,
48205,6427,3147,3280,11247,5465,5782,12853,6189,6664,11246,5378,5868,6425,3105,3320,1607,781,826,
48210,6428,3147,3281,11247,5465,5782,12854,6190,6664,11247,5378,5869,6427,3106,3321,1607,781,826,
48215,6428,3147,3281,11249,5465,5784,12855,6190,6665,11248,5378,5870,6428,3106,3322,1607,781,826,
48220,6429,3148,3281,11251,5466,5785,12858,6191,6667,11250,5380,5870,6428,3106,3322,1607,781,826,
48225,6430,3149,3281,11251,5466,5785,12858,6191,6667,11251,5381,5870,6428,3106,3322,1607,781,826,
48230,6431,3149,3282,11253,5466,5787,12861,6193,6668,11252,5381,5871,6429,3106,3323,1607,781,826,
48235,6431,3149,3282,11254,5466,5788,12861,6193,6668,11253,5382,5871,6429,3106,3323,1608,782,826,
48240,6432,3149,3283,11254,5466,5788,12862,6194,6668,11254,5383,5871,6431,3107,3324,1608,782,826,
48245,6432,3149,3283,11256,5466,5790,12863,6195,6668,11255,5383,5872,6432,3107,3325,1608,782,826,
48250,6433,3150,3283,11258,5466,5792,12866,6197,6669,11257,5384,5873,6432,3107,3325,1608,782,826,
48255,6434,3150,3284,11258,5466,5792,12866,6197,6669,11258,5384,5874,6432,3107,3325,1608,782,826,
48260,6435,3150,3285,11260,5466,5794,12869,6197,6672,11259,5384,5875,6433,3108,3325,1608,782,826,
48265,6435,3150,3285,11261,5466,5795,12869,6197,6672,11260,5384,5876,6433,3108,3325,1609,783,826,
48270,6436,3151,3285,11261,5466,5795,12870,6198,6672,11261,5385,5876,6435,3108,3327,1609,783,826,
48275,6436,3151,3285,11263,5466,5797,12871,6198,6673,11262,5386,5876,6436,3108,3328,1609,783,826,
48280,6437,3151,3286,11265,5466,5799,12874,6201,6673,11264,5387,5877,6436,3108,3328,1609,783,826,
48285,6438,3152,3286,11265,5466,5799,12874,6201,6673,11265,5387,5878,6436,3108,3328,1609,783,826,
48290,6439,3152,3287,11267,5467,5800,12877,6203,6674,11266,5388,5878,6437,3109,3328,1609,783,826,
48295,6439,3152,3287,11268,5467,5801,12877,6203,6674,11267,5389,5878,6437,3109,3328,1610,783,827,
48300,6440,3152,3288,11268,5467,5801,12878,6203,6675,11268,5389,5879,6439,3110,3329,1610,783,827,
48305,6440,3152,3288,11270,5468,5802,12879,6204,6675,11269,5389,5880,6440,3111,3329,1610,783,827,
48310,6441,3152,3289,11272,5469,5803,12882,6205,6677,11271,5390,5881,6440,3111,3329,1610,783,827,
48315,6442,3153,3289,11272,5469,5803,12882,6205,6677,11272,5391,5881,6440,3111,3329,1610,783,827,
48320,6443,3154,3289,11274,5470,5804,12885,6206,6679,11273,5392,5881,6441,3112,3329,1610,783,827,
48325,6443,3154,3289,11275,5470,5805,12885,6206,6679,11274,5392,5882,6441,3112,3329,1611,784,827,
48330,6444,3154,3290,11275,5470,5805,12886,6207,6679,11275,5392,5883,6443,3113,3330,1611,784,827,
48335,6444,3154,3290,11277,5472,5805,12887,6207,6680,11276,5393,5883,6444,3114,3330,1611,784,827,
48340,6445,3154,3291,11279,5473,5806,12890,6209,6681,11278,5394,5884,6444,3114,3330,1611,784,827,
48345,6446,3155,3291,11279,5473,5806,12890,6209,6681,11279,5394,5885,6444,3114,3330,1611,784,827,
48350,6447,3155,3292,11281,5475,5806,12893,6211,6682,11280,5394,5886,6445,3115,3330,1611,784,827,
48355,6447,3155,3292,11282,5476,5806,12893,6211,6682,11281,5395,5886,6445,3115,3330,1612,785,827,
48360,6448,3156,3292,11282,5476,5806,12894,6212,6682,11282,5395,5887,6447,3116,3331,1612,785,827,
48365,6448,3156,3292,11284,5476,5808,12895,6213,6682,11283,5395,5888,6448,3116,3332,1612,785,827,
48370,6449,3157,3292,11286,5476,5810,12898,6216,6682,11285,5395,5890,6448,3116,3332,1612,785,827,
48375,6450,3158,3292,11286,5476,5810,12898,6216,6682,11286,5396,5890,6448,3116,3332,1612,785,827,
48380,6451,3159,3292,11288,5477,5811,12901,6217,6684,11287,5396,5891,6449,3116,3333,1612,785,827,
48385,6451,3159,3292,11289,5477,5812,12901,6217,6684,11288,5396,5892,6449,3116,3333,1613,786,827,
48390,6452,3159,3293,11289,5477,5812,12902,6217,6685,11289,5396,5893,6451,3117,3334,1613,786,827,
48395,6452,3159,3293,11291,5477,5814,12903,6217,6686,11290,5396,5894,6452,3117,3335,1613,786,827,
48400,6453,3160,3293,11293,5478,5815,12906,6220,6686,11292,5398,5894,6452,3117,3335,1613,786,827,
48405,6454,3160,3294,11293,5478,5815,12906,6220,6686,11293,5398,5895,6452,3117,3335,1613,786,827,
48410,6455,3160,3295,11295,5479,5816,12909,6221,6688,11294,5399,5895,6453,3118,3335,1613,786,827,
48415,6455,3160,3295,11296,5479,5817,12909,6221,6688,11295,5399,5896,6453,3118,3335,1614,787,827,
48420,6456,3160,3296,11296,5479,5817,12910,6221,6689,11296,5400,5896,6455,3119,3336,1614,787,827,
48425,6456,3160,3296,11298,5480,5818,12911,6221,6690,11297,5400,5897,6456,3120,3336,1614,787,827,
48430,6457,3160,3297,11300,5481,5819,12914,6221,6693,11299,5400,5899,6456,3120,3336,1614,787,827,
48435,6458,3160,3298,11300,5481,5819,12914,6221,6693,11300,5400,5900,6456,3120,3336,1614,787,827,
48440,6459,3161,3298,11302,5482,5820,12917,6223,6694,11301,5400,5901,6457,3120,3337,1614,787,827,
48445,6459,3161,3298,11303,5482,5821,12917,6223,6694,11302,5400,5902,6457,3120,3337,1615,788,827,
48450,6460,3162,3298,11303,5482,5821,12918,6223,6695,11303,5401,5902,6459,3121,3338,1615,788,827,
48455,6460,3162,3298,11305,5482,5823,12919,6224,6695,11304,5401,5903,6460,3122,3338,1615,788,827,
48460,6461,3162,3299,11307,5483,5824,12922,6225,6697,11306,5401,5905,6460,3122,3338,1615,788,827,
48465,6462,3163,3299,11307,5483,5824,12922,6225,6697,11307,5402,5905,6460,3122,3338,1615,788,827,
48470,6463,3164,3299,11309,5483,5826,12925,6226,6699,11308,5402,5906,6461,3122,3339,1615,788,827,
48475,6463,3164,3299,11310,5483,5827,12925,6226,6699,11309,5403,5906,6461,3122,3339,1616,789,827,
48480,6464,3164,3300,11310,5483,5827,12926,6226,6700,11310,5403,5907,6463,3122,3341,1616,789,827,
48485,6464,3164,3300,11312,5484,5828,12927,6226,6701,11311,5404,5907,6464,3123,3341,1616,789,827,
48490,6465,3164,3301,11314,5485,5829,12930,6227,6703,11313,5405,5908,6464,3123,3341,1616,789,827,
48495,6466,3164,3302,11314,5485,5829,12930,6227,6703,11314,5406,5908,6464,3123,3341,1616,789,827,
48500,6467,3165,3302,11316,5485,5831,12933,6228,6705,11315,5406,5909,6465,3123,3342,1616,789,827,
48505,6467,3165,3302,11317,5485,5832,12933,6228,6705,11316,5407,5909,6465,3123,3342,1617,789,828,
48510,6468,3165,3303,11317,5485,5832,12934,6229,6705,11317,5407,5910,6467,3124,3343,1617,789,828,
48515,6468,3165,3303,11319,5486,5833,12935,6230,6705,11318,5407,5911,6468,3125,3343,1617,789,828,
48520,6469,3165,3304,11321,5488,5833,12938,6231,6707,11320,5409,5911,6468,3125,3343,1617,789,828,
48525,6470,3166,3304,11321,5488,5833,12938,6231,6707,11321,5409,5912,6468,3125,3343,1617,789,828,
48530,6471,3166,3305,11323,5490,5833,12941,6232,6709,11322,5410,5912,6469,3126,3343,1617,789,828,
48535,6471,3166,3305,11324,5491,5833,12941,6232,6709,11323,5410,5913,6469,3126,3343,1618,790,828,
48540,6472,3166,3306,11324,5491,5833,12942,6233,6709,11324,5410,5914,6471,3126,3345,1618,790,828,
48545,6472,3166,3306,11326,5493,5833,12943,6233,6710,11325,5410,5915,6472,3127,3345,1618,790,828,
48550,6473,3166,3307,11328,5495,5833,12946,6235,6711,11327,5411,5916,6472,3127,3345,1618,790,828,
48555,6474,3167,3307,11328,5495,5833,12946,6235,6711,11328,5411,5917,6472,3127,3345,1618,790,828,
48560,6475,3167,3308,11330,5495,5835,12949,6236,6713,11329,5411,5918,6473,3128,3345,1618,790,828,
48565,6475,3167,3308,11331,5495,5836,12949,6236,6713,11330,5411,5919,6473,3128,3345,1619,791,828,
48570,6476,3167,3309,11331,5495,5836,12950,6236,6714,11331,5411,5920,6475,3129,3346,1619,791,828,
48575,6476,3167,3309,11333,5496,5837,12951,6236,6715,11332,5411,5921,6476,3130,3346,1619,791,828,
48580,6477,3167,3310,11335,5497,5838,12954,6238,6716,11334,5412,5922,6476,3130,3346,1619,791,828,
48585,6478,3168,3310,11335,5497,5838,12954,6238,6716,11335,5412,5923,6476,3130,3346,1619,791,828,
48590,6479,3168,3311,11337,5498,5839,12957,6238,6719,11336,5413,5923,6477,3131,3346,1619,791,828,
48595,6479,3168,3311,11338,5498,5840,12957,6238,6719,11337,5414,5923,6477,3131,3346,1620,792,828,
48600,6480,3168,3312,11338,5498,5840,12958,6238,6720,11338,5414,5924,6479,3131,3348,1620,792,828,
48605,6480,3168,3312,11340,5499,5841,12959,6239,6720,11339,5414,5925,6480,3131,3349,1620,792,828,
48610,6481,3168,3313,11342,5501,5841,12962,6241,6721,11341,5416,5925,6480,3131,3349,1620,792,828,
48615,6482,3169,3313,11342,5501,5841,12962,6241,6721,11342,5416,5926,6480,3131,3349,1620,792,828,
48620,6483,3169,3314,11344,5501,5843,12965,6243,6722,11343,5417,5926,6481,3132,3349,1620,792,828,
48625,6483,3169,3314,11345,5502,5843,12965,6243,6722,11344,5417,5927,6481,3132,3349,1621,793,828,
48630,6484,3170,3314,11345,5502,5843,12966,6243,6723,11345,5418,5927,6483,3133,3350,1621,793,828,
48635,6484,3170,3314,11347,5504,5843,12967,6244,6723,11346,5419,5927,6484,3133,3351,1621,793,828,
48640,6485,3171,3314,11349,5505,5844,12970,6247,6723,11348,5420,5928,6484,3133,3351,1621,793,828,
48645,6486,3172,3314,11349,5505,5844,12970,6247,6723,11349,5420,5929,6484,3133,3351,1621,793,828,
48650,6487,3172,3315,11351,5506,5845,12973,6248,6725,11350,5421,5929,6485,3134,3351,1621,793,828,
48655,6487,3172,3315,11352,5507,5845,12973,6248,6725,11351,5421,5930,6485,3134,3351,1622,793,829,
48660,6488,3173,3315,11352,5507,5845,12974,6249,6725,11352,5421,5931,6487,3136,3351,1622,793,829,
48665,6488,3173,3315,11354,5507,5847,12975,6250,6725,11353,5422,5931,6488,3136,3352,1622,793,829,
48670,6489,3174,3315,11356,5508,5848,12978,6252,6726,11355,5422,5933,6488,3136,3352,1622,793,829,
48675,6490,3175,3315,11356,5508,5848,12978,6252,6726,11356,5423,5933,6488,3136,3352,1622,793,829,
48680,6491,3176,3315,11358,5508,5850,12981,6253,6728,11357,5423,5934,6489,3136,3353,1622,793,829,
48685,6491,3176,3315,11359,5509,5850,12981,6253,6728,11358,5423,5935,6489,3136,3353,1623,793,830,
48690,6492,3177,3315,11359,5509,5850,12982,6253,6729,11359,5424,5935,6491,3136,3355,1623,793,830,
48695,6492,3177,3315,11361,5511,5850,12983,6254,6729,11360,5425,5935,6492,3137,3355,1623,793,830,
48700,6493,3177,3316,11363,5513,5850,12986,6255,6731,11362,5426,5936,6492,3137,3355,1623,793,830,
48705,6494,3178,3316,11363,5513,5850,12986,6255,6731,11363,5426,5937,6492,3137,3355,1623,793,830,
48710,6495,3179,3316,11365,5513,5852,12989,6256,6733,11364,5426,5938,6493,3137,3356,1623,793,830,
48715,6495,3179,3316,11366,5513,5853,12989,6256,6733,11365,5427,5938,6493,3137,3356,1624,794,830,
48720,6496,3179,3317,11366,5513,5853,12990,6257,6733,11366,5428,5938,6495,3139,3356,1624,794,830,
48725,6496,3179,3317,11368,5515,5853,12991,6257,6734,11367,5428,5939,6496,3139,3357,1624,794,830,
48730,6497,3179,3318,11370,5516,5854,12994,6258,6736,11369,5428,5941,6496,3139,3357,1624,794,830,
48735,6498,3180,3318,11370,5516,5854,12994,6258,6736,11370,5429,5941,6496,3139,3357,1624,794,830,
48740,6499,3181,3318,11372,5517,5855,12997,6258,6739,11371,5430,5941,6497,3140,3357,1624,794,830,
48745,6499,3181,3318,11373,5518,5855,12997,6258,6739,11372,5430,5942,6497,3140,3357,1625,795,830,
48750,6500,3181,3319,11373,5518,5855,12998,6259,6739,11373,5430,5943,6499,3141,3358,1625,795,830,
48755,6500,3181,3319,11375,5519,5856,12999,6260,6739,11374,5431,5943,6500,3141,3359,1625,795,830,
48760,6501,3182,3319,11377,5521,5856,13002,6262,6740,11376,5431,5945,6500,3141,3359,1625,795,830,
48765,6502,3182,3320,11377,5521,5856,13002,6262,6740,11377,5432,5945,6500,3141,3359,1625,795,830,
48770,6503,3182,3321,11379,5521,5858,13005,6263,6742,11378,5433,5945,6501,3142,3359,1625,795,830,
48775,6503,3182,3321,11380,5522,5858,13005,6263,6742,11379,5433,5946,6501,3142,3359,1626,796,830,
48780,6504,3182,3322,11380,5522,5858,13006,6263,6743,11380,5433,5947,6503,3144,3359,1626,796,830,
48785,6504,3182,3322,11382,5523,5859,13007,6263,6744,11381,5434,5947,6504,3144,3360,1626,796,830,
48790,6505,3182,3323,11384,5524,5860,13010,6265,6745,11383,5436,5947,6504,3144,3360,1626,796,830,
48795,6506,3183,3323,11384,5524,5860,13010,6265,6745,11384,5437,5947,6504,3144,3360,1626,796,830,
48800,6507,3184,3323,11386,5526,5860,13013,6265,6748,11385,5437,5948,6505,3144,3361,1626,796,830,
48805,6507,3184,3323,11387,5526,5861,13013,6265,6748,11386,5437,5949,6505,3144,3361,1627,797,830,
48810,6508,3185,3323,11387,5526,5861,13014,6265,6749,11387,5438,5949,6507,3146,3361,1627,797,830,
48815,6508,3185,3323,11389,5527,5862,13015,6266,6749,11388,5438,5950,6508,3146,3362,1627,797,830,
48820,6509,3186,3323,11391,5528,5863,13018,6268,6750,11390,5438,5952,6508,3146,3362,1627,797,830,
48825,6510,3186,3324,11391,5528,5863,13018,6268,6750,11391,5439,5952,6508,3146,3362,1627,797,830,
48830,6511,3186,3325,11393,5529,5864,13021,6270,6751,11392,5440,5952,6509,3147,3362,1627,797,830,
48835,6511,3186,3325,11394,5529,5865,13021,6270,6751,11393,5440,5953,6509,3147,3362,1628,798,830,
48840,6512,3186,3326,11394,5529,5865,13022,6271,6751,11394,5440,5954,6511,3149,3362,1628,798,830,
48845,6512,3186,3326,11396,5530,5866,13023,6272,6751,11395,5440,5955,6512,3149,3363,1628,798,830,
48850,6513,3187,3326,11398,5531,5867,13026,6274,6752,11397,5441,5956,6512,3149,3363,1628,798,830,
48855,6514,3188,3326,11398,5531,5867,13026,6274,6752,11398,5441,5957,6512,3149,3363,1628,798,830,
48860,6515,3188,3327,11400,5532,5868,13029,6275,6754,11399,5441,5958,6513,3150,3363,1628,798,830,
48865,6515,3188,3327,11401,5533,5868,13029,6275,6754,11400,5441,5959,6513,3150,3363,1629,799,830,
48870,6516,3188,3328,11401,5533,5868,13030,6275,6755,11401,5441,5960,6515,3150,3365,1629,799,830,
48875,6516,3188,3328,11403,5535,5868,13031,6276,6755,11402,5441,5961,6516,3151,3365,1629,799,830,
48880,6517,3188,3329,11405,5536,5869,13034,6279,6755,11404,5442,5962,6516,3151,3365,1629,799,830,
48885,6518,3188,3330,11405,5536,5869,13034,6279,6755,11405,5442,5963,6516,3151,3365,1629,799,830,
48890,6519,3189,3330,11407,5536,5871,13037,6280,6757,11406,5442,5964,6517,3151,3366,1629,799,830,
48895,6519,3189,3330,11408,5536,5872,13037,6280,6757,11407,5442,5965,6517,3151,3366,1630,799,831,
48900,6520,3190,3330,11408,5536,5872,13038,6281,6757,11408,5442,5966,6519,3151,3368,1630,799,831,
48905,6520,3190,3330,11410,5538,5872,13039,6281,6758,11409,5442,5967,6520,3151,3369,1630,799,831,
48910,6521,3191,3330,11412,5538,5874,13042,6281,6761,11411,5443,5968,6520,3151,3369,1630,799,831,
48915,6522,3192,3330,11412,5538,5874,13042,6281,6761,11412,5443,5969,6520,3151,3369,1630,799,831,
48920,6523,3193,3330,11414,5539,5875,13045,6283,6762,11413,5443,5970,6521,3151,3370,1630,799,831,
48925,6523,3193,3330,11415,5539,5876,13045,6283,6762,11414,5444,5970,6521,3151,3370,1631,799,832,
48930,6524,3194,3330,11415,5539,5876,13046,6283,6763,11415,5444,5971,6523,3152,3371,1631,799,832,
48935,6524,3194,3330,11417,5539,5878,13047,6283,6764,11416,5444,5972,6524,3153,3371,1631,799,832,
48940,6525,3195,3330,11419,5540,5879,13050,6285,6765,11418,5445,5973,6524,3153,3371,1631,799,832,
48945,6526,3196,3330,11419,5540,5879,13050,6285,6765,11419,5445,5974,6524,3153,3371,1631,799,832,
48950,6527,3196,3331,11421,5540,5881,13053,6286,6767,11420,5445,5975,6525,3153,3372,1631,799,832,
48955,6527,3196,3331,11422,5540,5882,13053,6286,6767,11421,5446,5975,6525,3153,3372,1632,800,832,
48960,6528,3197,3331,11422,5540,5882,13054,6286,6768,11422,5446,5976,6527,3154,3373,1632,800,832,
48965,6528,3197,3331,11424,5540,5884,13055,6286,6769,11423,5447,5976,6528,3155,3373,1632,800,832,
48970,6529,3197,3332,11426,5541,5885,13058,6288,6770,11425,5448,5977,6528,3155,3373,1632,800,832,
48975,6530,3197,3333,11426,5541,5885,13058,6288,6770,11426,5449,5977,6528,3155,3373,1632,800,832,
48980,6531,3197,3334,11428,5543,5885,13061,6290,6771,11427,5450,5977,6529,3156,3373,1632,800,832,
48985,6531,3197,3334,11429,5544,5885,13061,6290,6771,11428,5451,5977,6529,3156,3373,1633,801,832,
48990,6532,3198,3334,11429,5544,5885,13062,6291,6771,11429,5452,5977,6531,3157,3374,1633,801,832,
48995,6532,3198,3334,11431,5545,5886,13063,6292,6771,11430,5452,5978,6532,3157,3375,1633,801,832,
49000,6533,3198,3335,11433,5546,5887,13066,6293,6773,11432,5452,5980,6532,3157,3375,1633,801,832,
49005,6534,3198,3336,11433,5546,5887,13066,6293,6773,11433,5452,5981,6532,3157,3375,1633,801,832,
49010,6535,3199,3336,11435,5547,5888,13069,6294,6775,11434,5452,5982,6533,3157,3376,1633,801,832,
49015,6535,3199,3336,11436,5547,5889,13069,6294,6775,11435,5453,5982,6533,3157,3376,1634,801,833,
49020,6536,3199,3337,11436,5547,5889,13070,6295,6775,11436,5454,5982,6535,3158,3377,1634,801,833,
49025,6536,3199,3337,11438,5548,5890,13071,6295,6776,11437,5455,5982,6536,3159,3377,1634,801,833,
49030,6537,3199,3338,11440,5549,5891,13074,6296,6778,11439,5456,5983,6536,3159,3377,1634,801,833,
49035,6538,3200,3338,11440,5549,5891,13074,6296,6778,11440,5457,5983,6536,3159,3377,1634,801,833,
49040,6539,3200,3339,11442,5550,5892,13077,6298,6779,11441,5458,5983,6537,3159,3378,1634,801,833,
49045,6539,3200,3339,11443,5550,5893,13077,6298,6779,11442,5459,5983,6537,3159,3378,1635,801,834,
49050,6540,3200,3340,11443,5550,5893,13078,6298,6780,11443,5459,5984,6539,3161,3378,1635,801,834,
49055,6540,3200,3340,11445,5552,5893,13079,6299,6780,11444,5460,5984,6540,3162,3378,1635,801,834,
49060,6541,3200,3341,11447,5553,5894,13082,6299,6783,11446,5462,5984,6540,3162,3378,1635,801,834,
49065,6542,3200,3342,11447,5553,5894,13082,6299,6783,11447,5462,5985,6540,3162,3378,1635,801,834,
49070,6543,3201,3342,11449,5553,5896,13085,6302,6783,11448,5462,5986,6541,3162,3379,1635,801,834,
49075,6543,3201,3342,11450,5554,5896,13085,6302,6783,11449,5463,5986,6541,3162,3379,1636,801,835,
49080,6544,3202,3342,11450,5554,5896,13086,6302,6784,11450,5463,5987,6543,3163,3380,1636,801,835,
49085,6544,3202,3342,11452,5555,5897,13087,6303,6784,11451,5464,5987,6544,3164,3380,1636,801,835,
49090,6545,3202,3343,11454,5555,5899,13090,6306,6784,11453,5466,5987,6544,3164,3380,1636,801,835,
49095,6546,3202,3344,11454,5555,5899,13090,6306,6784,11454,5467,5987,6544,3164,3380,1636,801,835,
49100,6547,3203,3344,11456,5557,5899,13093,6307,6786,11455,5468,5987,6545,3165,3380,1636,801,835,
49105,6547,3203,3344,11457,5558,5899,13093,6307,6786,11456,5468,5988,6545,3165,3380,1637,801,836,
49110,6548,3203,3345,11457,5558,5899,13094,6307,6787,11457,5468,5989,6547,3167,3380,1637,801,836,
49115,6548,3203,3345,11459,5559,5900,13095,6308,6787,11458,5469,5989,6548,3168,3380,1637,801,836,
49120,6549,3204,3345,11461,5560,5901,13098,6309,6789,11460,5470,5990,6548,3168,3380,1637,801,836,
49125,6550,3204,3346,11461,5560,5901,13098,6309,6789,11461,5470,5991,6548,3168,3380,1637,801,836,
49130,6551,3204,3347,11463,5560,5903,13101,6310,6791,11462,5470,5992,6549,3169,3380,1637,801,836,
49135,6551,3204,3347,11464,5560,5904,13101,6310,6791,11463,5470,5993,6549,3169,3380,1638,801,837,
49140,6552,3205,3347,11464,5560,5904,13102,6310,6792,11464,5470,5994,6551,3170,3381,1638,801,837,
49145,6552,3205,3347,11466,5561,5905,13103,6310,6793,11465,5470,5995,6552,3171,3381,1638,801,837,
49150,6553,3206,3347,11468,5562,5906,13106,6312,6794,11467,5470,5997,6552,3171,3381,1638,801,837,
49155,6554,3206,3348,11468,5562,5906,13106,6312,6794,11468,5470,5998,6552,3171,3381,1638,801,837,
49160,6555,3206,3349,11470,5564,5906,13109,6313,6796,11469,5470,5999,6553,3172,3381,1638,801,837,
49165,6555,3206,3349,11471,5565,5906,13109,6313,6796,11470,5470,6000,6553,3172,3381,1639,802,837,
49170,6556,3207,3349,11471,5565,5906,13110,6313,6797,11471,5471,6000,6555,3173,3382,1639,802,837,
49175,6556,3207,3349,11473,5567,5906,13111,6314,6797,11472,5471,6001,6556,3173,3383,1639,802,837,
49180,6557,3208,3349,11475,5568,5907,13114,6317,6797,11474,5472,6002,6556,3173,3383,1639,802,837,
49185,6558,3209,3349,11475,5568,5907,13114,6317,6797,11475,5473,6002,6556,3173,3383,1639,802,837,
49190,6559,3210,3349,11477,5569,5908,13117,6318,6799,11476,5474,6002,6557,3173,3384,1639,802,837,
49195,6559,3210,3349,11478,5569,5909,13117,6318,6799,11477,5475,6002,6557,3173,3384,1640,803,837,
49200,6560,3211,3349,11478,5569,5909,13118,6318,6800,11478,5475,6003,6559,3175,3384,1640,803,837,
49205,6560,3211,3349,11480,5569,5911,13119,6319,6800,11479,5476,6003,6560,3175,3385,1640,803,837,
49210,6561,3211,3350,11482,5570,5912,13122,6321,6801,11481,5477,6004,6560,3175,3385,1640,803,837,
49215,6562,3211,3351,11482,5570,5912,13122,6321,6801,11482,5478,6004,6560,3175,3385,1640,803,837,
49220,6563,3212,3351,11484,5571,5913,13125,6323,6802,11483,5478,6005,6561,3175,3386,1640,803,837,
49225,6563,3212,3351,11485,5572,5913,13125,6323,6802,11484,5478,6006,6561,3175,3386,1641,804,837,
49230,6564,3212,3352,11485,5572,5913,13126,6323,6803,11485,5478,6007,6563,3177,3386,1641,804,837,
49235,6564,3212,3352,11487,5573,5914,13127,6324,6803,11486,5479,6007,6564,3177,3387,1641,804,837,
49240,6565,3212,3353,11489,5575,5914,13130,6326,6804,11488,5480,6008,6564,3177,3387,1641,804,837,
49245,6566,3212,3354,11489,5575,5914,13130,6326,6804,11489,5481,6008,6564,3177,3387,1641,804,837,
49250,6567,3213,3354,11491,5577,5914,13133,6327,6806,11490,5481,6009,6565,3177,3388,1641,804,837,
49255,6567,3213,3354,11492,5578,5914,13133,6327,6806,11491,5482,6009,6565,3177,3388,1642,804,838,
49260,6568,3214,3354,11492,5578,5914,13134,6327,6807,11492,5482,6010,6567,3177,3390,1642,804,838,
49265,6568,3214,3354,11494,5579,5915,13135,6327,6808,11493,5483,6010,6568,3178,3390,1642,804,838,
49270,6569,3214,3355,11496,5579,5917,13138,6329,6809,11495,5483,6012,6568,3178,3390,1642,804,838,
49275,6570,3214,3356,11496,5579,5917,13138,6329,6809,11496,5484,6012,6568,3178,3390,1642,804,838,
49280,6571,3214,3357,11498,5579,5919,13141,6330,6811,11497,5485,6012,6569,3178,3391,1642,804,838,
49285,6571,3214,3357,11499,5579,5920,13141,6330,6811,11498,5485,6013,6569,3178,3391,1643,804,839,
49290,6572,3215,3357,11499,5579,5920,13142,6330,6812,11499,5486,6013,6571,3179,3392,1643,804,839,
49295,6572,3215,3357,11501,5581,5920,13143,6330,6813,11500,5487,6013,6572,3180,3392,1643,804,839,
49300,6573,3215,3358,11503,5581,5922,13146,6331,6815,11502,5487,6015,6572,3180,3392,1643,804,839,
49305,6574,3216,3358,11503,5581,5922,13146,6331,6815,11503,5488,6015,6572,3180,3392,1643,804,839,
49310,6575,3216,3359,11505,5583,5922,13149,6331,6818,11504,5488,6016,6573,3180,3393,1643,804,839,
49315,6575,3216,3359,11506,5583,5923,13149,6331,6818,11505,5489,6016,6573,3180,3393,1644,805,839,
49320,6576,3216,3360,11506,5583,5923,13150,6331,6819,11506,5490,6016,6575,3181,3394,1644,805,839,
49325,6576,3216,3360,11508,5584,5924,13151,6331,6820,11507,5490,6017,6576,3181,3395,1644,805,839,
49330,6577,3217,3360,11510,5585,5925,13154,6334,6820,11509,5492,6017,6576,3181,3395,1644,805,839,
49335,6578,3217,3361,11510,5585,5925,13154,6334,6820,11510,5493,6017,6576,3181,3395,1644,805,839,
49340,6579,3217,3362,11512,5587,5925,13157,6335,6822,11511,5493,6018,6577,3181,3396,1644,805,839,
49345,6579,3217,3362,11513,5588,5925,13157,6335,6822,11512,5494,6018,6577,3181,3396,1645,805,840,
49350,6580,3218,3362,11513,5588,5925,13158,6335,6823,11513,5494,6019,6579,3182,3397,1645,805,840,
49355,6580,3218,3362,11515,5589,5926,13159,6335,6824,11514,5495,6019,6580,3183,3397,1645,805,840,
49360,6581,3218,3363,11517,5591,5926,13162,6338,6824,11516,5496,6020,6580,3183,3397,1645,805,840,
49365,6582,3218,3364,11517,5591,5926,13162,6338,6824,11517,5496,6021,6580,3183,3397,1645,805,840,
49370,6583,3218,3365,11519,5592,5927,13165,6338,6827,11518,5497,6021,6581,3183,3398,1645,805,840,
49375,6583,3218,3365,11520,5592,5928,13165,6338,6827,11519,5497,6022,6581,3183,3398,1646,805,841,
49380,6584,3219,3365,11520,5592,5928,13166,6338,6828,11520,5498,6022,6583,3185,3398,1646,805,841,
49385,6584,3219,3365,11522,5592,5930,13167,6339,6828,11521,5499,6022,6584,3185,3399,1646,805,841,
49390,6585,3220,3365,11524,5593,5931,13170,6339,6831,11523,5499,6024,6584,3185,3399,1646,805,841,
49395,6586,3221,3365,11524,5593,5931,13170,6339,6831,11524,5499,6025,6584,3185,3399,1646,805,841,
49400,6587,3221,3366,11526,5594,5932,13173,6341,6832,11525,5500,6025,6585,3185,3400,1646,805,841,
49405,6587,3221,3366,11527,5595,5932,13173,6341,6832,11526,5501,6025,6585,3185,3400,1647,805,842,
49410,6588,3221,3367,11527,5595,5932,13174,6342,6832,11527,5502,6025,6587,3186,3401,1647,805,842,
49415,6588,3221,3367,11529,5596,5933,13175,6343,6832,11528,5503,6025,6588,3186,3402,1647,805,842,
49420,6589,3222,3367,11531,5598,5933,13178,6345,6833,11530,5503,6027,6588,3186,3402,1647,805,842,
49425,6590,3223,3367,11531,5598,5933,13178,6345,6833,11531,5504,6027,6588,3186,3402,1647,805,842,
49430,6591,3223,3368,11533,5599,5934,13181,6346,6835,11532,5504,6028,6589,3187,3402,1647,805,842,
49435,6591,3223,3368,11534,5600,5934,13181,6346,6835,11533,5504,6029,6589,3187,3402,1648,806,842,
49440,6592,3223,3369,11534,5600,5934,13182,6347,6835,11534,5504,6030,6591,3187,3404,1648,806,842,
49445,6592,3223,3369,11536,5602,5934,13183,6348,6835,11535,5505,6030,6592,3188,3404,1648,806,842,
49450,6593,3224,3369,11538,5602,5936,13186,6350,6836,11537,5505,6032,6592,3188,3404,1648,806,842,
49455,6594,3224,3370,11538,5602,5936,13186,6350,6836,11538,5506,6032,6592,3188,3404,1648,806,842,
49460,6595,3225,3370,11540,5602,5938,13189,6351,6838,11539,5507,6032,6593,3189,3404,1648,806,842,
49465,6595,3225,3370,11541,5603,5938,13189,6351,6838,11540,5507,6033,6593,3189,3404,1649,806,843,
49470,6596,3226,3370,11541,5603,5938,13190,6352,6838,11541,5507,6034,6595,3190,3405,1649,806,843,
49475,6596,3226,3370,11543,5605,5938,13191,6352,6839,11542,5507,6035,6596,3191,3405,1649,806,843,
49480,6597,3226,3371,11545,5605,5940,13194,6353,6841,11544,5508,6036,6596,3191,3405,1649,806,843,
49485,6598,3226,3372,11545,5605,5940,13194,6353,6841,11545,5508,6037,6596,3191,3405,1649,806,843,
49490,6599,3226,3373,11547,5605,5942,13197,6355,6842,11546,5509,6037,6597,3191,3406,1649,806,843,
49495,6599,3226,3373,11548,5605,5943,13197,6355,6842,11547,5509,6038,6597,3191,3406,1650,806,844,
49500,6600,3226,3374,11548,5605,5943,13198,6356,6842,11548,5510,6038,6599,3192,3407,1650,806,844,
49505,6600,3226,3374,11550,5607,5943,13199,6356,6843,11549,5511,6038,6600,3192,3408,1650,806,844,
49510,6601,3227,3374,11552,5607,5945,13202,6358,6844,11551,5512,6039,6600,3192,3408,1650,806,844,
49515,6602,3228,3374,11552,5607,5945,13202,6358,6844,11552,5512,6040,6600,3192,3408,1650,806,844,
49520,6603,3228,3375,11554,5608,5946,13205,6361,6844,11553,5513,6040,6601,3193,3408,1650,806,844,
49525,6603,3228,3375,11555,5609,5946,13205,6361,6844,11554,5514,6040,6601,3193,3408,1651,807,844,
49530,6604,3229,3375,11555,5609,5946,13206,6361,6845,11555,5515,6040,6603,3195,3408,1651,807,844,
49535,6604,3229,3375,11557,5609,5948,13207,6361,6846,11556,5516,6040,6604,3195,3409,1651,807,844,
49540,6605,3229,3376,11559,5610,5949,13210,6362,6848,11558,5517,6041,6604,3195,3409,1651,807,844,
49545,6606,3230,3376,11559,5610,5949,13210,6362,6848,11559,5518,6041,6604,3195,3409,1651,807,844,
49550,6607,3230,3377,11561,5611,5950,13213,6364,6849,11560,5518,6042,6605,3195,3410,1651,807,844,
49555,6607,3230,3377,11562,5611,5951,13213,6364,6849,11561,5518,6043,6605,3195,3410,1652,808,844,
49560,6608,3231,3377,11562,5611,5951,13214,6364,6850,11562,5519,6043,6607,3196,3411,1652,808,844,
49565,6608,3231,3377,11564,5613,5951,13215,6364,6851,11563,5520,6043,6608,3197,3411,1652,808,844,
49570,6609,3231,3378,11566,5615,5951,13218,6365,6853,11565,5521,6044,6608,3197,3411,1652,808,844,
49575,6610,3231,3379,11566,5615,5951,13218,6365,6853,11566,5521,6045,6608,3197,3411,1652,808,844,
49580,6611,3232,3379,11568,5615,5953,13221,6367,6854,11567,5521,6046,6609,3197,3412,1652,808,844,
49585,6611,3232,3379,11569,5615,5954,13221,6367,6854,11568,5521,6047,6609,3197,3412,1653,808,845,
49590,6612,3233,3379,11569,5615,5954,13222,6367,6855,11569,5521,6048,6611,3199,3412,1653,808,845,
49595,6612,3233,3379,11571,5617,5954,13223,6367,6856,11570,5521,6049,6612,3200,3412,1653,808,845,
49600,6613,3233,3380,11573,5617,5956,13226,6369,6857,11572,5522,6050,6612,3200,3412,1653,808,845,
49605,6614,3233,3381,11573,5617,5956,13226,6369,6857,11573,5522,6051,6612,3200,3412,1653,808,845,
49610,6615,3233,3382,11575,5618,5957,13229,6371,6858,11574,5522,6052,6613,3200,3413,1653,808,845,
49615,6615,3233,3382,11576,5619,5957,13229,6371,6858,11575,5523,6052,6613,3200,3413,1654,809,845,
49620,6616,3234,3382,11576,5619,5957,13230,6372,6858,11576,5524,6052,6615,3202,3413,1654,809,845,
49625,6616,3234,3382,11578,5619,5959,13231,6372,6859,11577,5524,6053,6616,3202,3414,1654,809,845,
49630,6617,3234,3383,11580,5620,5960,13234,6374,6860,11579,5526,6053,6616,3202,3414,1654,809,845,
49635,6618,3235,3383,11580,5620,5960,13234,6374,6860,11580,5526,6054,6616,3202,3414,1654,809,845,
49640,6619,3236,3383,11582,5622,5960,13237,6374,6863,11581,5526,6055,6617,3203,3414,1654,809,845,
49645,6619,3236,3383,11583,5622,5961,13237,6374,6863,11582,5526,6056,6617,3203,3414,1655,809,846,
49650,6620,3236,3384,11583,5622,5961,13238,6374,6864,11583,5527,6056,6619,3205,3414,1655,809,846,
49655,6620,3236,3384,11585,5624,5961,13239,6375,6864,11584,5528,6056,6620,3205,3415,1655,809,846,
49660,6621,3237,3384,11587,5626,5961,13242,6376,6866,11586,5529,6057,6620,3205,3415,1655,809,846,
49665,6622,3237,3385,11587,5626,5961,13242,6376,6866,11587,5529,6058,6620,3205,3415,1655,809,846,
49670,6623,3237,3386,11589,5627,5962,13245,6378,6867,11588,5530,6058,6621,3206,3415,1655,809,846,
49675,6623,3237,3386,11590,5628,5962,13245,6378,6867,11589,5531,6058,6621,3206,3415,1656,810,846,
49680,6624,3238,3386,11590,5628,5962,13246,6378,6868,11590,5531,6059,6623,3206,3417,1656,810,846,
49685,6624,3238,3386,11592,5629,5963,13247,6379,6868,11591,5531,6060,6624,3206,3418,1656,810,846,
49690,6625,3239,3386,11594,5631,5963,13250,6382,6868,11593,5531,6062,6624,3206,3418,1656,810,846,
49695,6626,3239,3387,11594,5631,5963,13250,6382,6868,11594,5531,6063,6624,3206,3418,1656,810,846,
49700,6627,3239,3388,11596,5631,5965,13253,6382,6871,11595,5532,6063,6625,3206,3419,1656,810,846,
49705,6627,3239,3388,11597,5632,5965,13253,6382,6871,11596,5533,6063,6625,3206,3419,1657,811,846,
49710,6628,3239,3389,11597,5632,5965,13254,6383,6871,11597,5533,6064,6627,3206,3421,1657,811,846,
49715,6628,3239,3389,11599,5633,5966,13255,6384,6871,11598,5534,6064,6628,3207,3421,1657,811,846,
49720,6629,3240,3389,11601,5633,5968,13258,6385,6873,11600,5534,6066,6628,3207,3421,1657,811,846,
49725,6630,3240,3390,11601,5633,5968,13258,6385,6873,11601,5535,6066,6628,3207,3421,1657,811,846,
49730,6631,3240,3391,11603,5634,5969,13261,6387,6874,11602,5536,6066,6629,3207,3422,1657,811,846,
49735,6631,3240,3391,11604,5634,5970,13261,6387,6874,11603,5536,6067,6629,3207,3422,1658,812,846,
49740,6632,3241,3391,11604,5634,5970,13262,6387,6875,11604,5537,6067,6631,3207,3424,1658,812,846,
49745,6632,3241,3391,11606,5635,5971,13263,6388,6875,11605,5537,6068,6632,3208,3424,1658,812,846,
49750,6633,3241,3392,11608,5636,5972,13266,6388,6878,11607,5538,6069,6632,3208,3424,1658,812,846,
49755,6634,3241,3393,11608,5636,5972,13266,6388,6878,11608,5538,6070,6632,3208,3424,1658,812,846,
49760,6635,3242,3393,11610,5637,5973,13269,6390,6879,11609,5538,6071,6633,3208,3425,1658,812,846,
49765,6635,3242,3393,11611,5638,5973,13269,6390,6879,11610,5538,6072,6633,3208,3425,1659,812,847,
49770,6636,3243,3393,11611,5638,5973,13270,6391,6879,11611,5539,6072,6635,3210,3425,1659,812,847,
49775,6636,3243,3393,11613,5639,5974,13271,6391,6880,11612,5540,6072,6636,3211,3425,1659,812,847,
49780,6637,3244,3393,11615,5640,5975,13274,6393,6881,11614,5541,6073,6636,3211,3425,1659,812,847,
49785,6638,3245,3393,11615,5640,5975,13274,6393,6881,11615,5541,6074,6636,3211,3425,1659,812,847,
49790,6639,3246,3393,11617,5641,5976,13277,6395,6882,11616,5542,6074,6637,3211,3426,1659,812,847,
49795,6639,3246,3393,11618,5641,5977,13277,6395,6882,11617,5543,6074,6637,3211,3426,1660,812,848,
49800,6640,3246,3394,11618,5641,5977,13278,6396,6882,11618,5543,6075,6639,3211,3428,1660,812,848,
49805,6640,3246,3394,11620,5643,5977,13279,6396,6883,11619,5544,6075,6640,3211,3429,1660,812,848,
49810,6641,3246,3395,11622,5645,5977,13282,6397,6885,11621,5544,6077,6640,3211,3429,1660,812,848,
49815,6642,3246,3396,11622,5645,5977,13282,6397,6885,11622,5544,6078,6640,3211,3429,1660,812,848,
49820,6643,3246,3397,11624,5646,5978,13285,6398,6887,11623,5545,6078,6641,3211,3430,1660,812,848,
49825,6643,3246,3397,11625,5647,5978,13285,6398,6887,11624,5545,6079,6641,3211,3430,1661,812,849,
49830,6644,3246,3398,11625,5647,5978,13286,6398,6888,11625,5546,6079,6643,3213,3430,1661,812,849,
49835,6644,3246,3398,11627,5648,5979,13287,6398,6889,11626,5547,6079,6644,3214,3430,1661,812,849,
49840,6645,3247,3398,11629,5649,5980,13290,6398,6892,11628,5547,6081,6644,3214,3430,1661,812,849,
49845,6646,3248,3398,11629,5649,5980,13290,6398,6892,11629,5548,6081,6644,3214,3430,1661,812,849,
49850,6647,3249,3398,11631,5650,5981,13293,6398,6895,11630,5548,6082,6645,3215,3430,1661,812,849,
49855,6647,3249,3398,11632,5650,5982,13293,6398,6895,11631,5548,6083,6645,3215,3430,1662,812,850,
49860,6648,3250,3398,11632,5650,5982,13294,6398,6896,11632,5548,6084,6647,3216,3431,1662,812,850,
49865,6648,3250,3398,11634,5652,5982,13295,6398,6897,11633,5548,6085,6648,3216,3432,1662,812,850,
49870,6649,3250,3399,11636,5653,5983,13298,6398,6900,11635,5549,6086,6648,3216,3432,1662,812,850,
49875,6650,3251,3399,11636,5653,5983,13298,6398,6900,11636,5550,6086,6648,3216,3432,1662,812,850,
49880,6651,3251,3400,11638,5653,5985,13301,6399,6902,11637,5551,6086,6649,3217,3432,1662,812,850,
49885,6651,3251,3400,11639,5653,5986,13301,6399,6902,11638,5552,6086,6649,3217,3432,1663,813,850,
49890,6652,3251,3401,11639,5653,5986,13302,6399,6903,11639,5552,6087,6651,3218,3433,1663,813,850,
49895,6652,3251,3401,11641,5653,5988,13303,6400,6903,11640,5553,6087,6652,3218,3434,1663,813,850,
49900,6653,3251,3402,11643,5655,5988,13306,6402,6904,11642,5554,6088,6652,3218,3434,1663,813,850,
49905,6654,3251,3403,11643,5655,5988,13306,6402,6904,11643,5554,6089,6652,3218,3434,1663,813,850,
49910,6655,3252,3403,11645,5656,5989,13309,6404,6905,11644,5554,6090,6653,3219,3434,1663,813,850,
49915,6655,3252,3403,11646,5656,5990,13309,6404,6905,11645,5555,6090,6653,3219,3434,1664,813,851,
49920,6656,3253,3403,11646,5656,5990,13310,6405,6905,11646,5555,6091,6655,3220,3435,1664,813,851,
49925,6656,3253,3403,11648,5656,5992,13311,6405,6906,11647,5555,6092,6656,3221,3435,1664,813,851,
49930,6657,3253,3404,11650,5658,5992,13314,6407,6907,11649,5556,6093,6656,3221,3435,1664,813,851,
49935,6658,3253,3405,11650,5658,5992,13314,6407,6907,11650,5557,6093,6656,3221,3435,1664,813,851,
49940,6659,3253,3406,11652,5659,5993,13317,6409,6908,11651,5558,6093,6657,3222,3435,1664,813,851,
49945,6659,3253,3406,11653,5660,5993,13317,6409,6908,11652,5558,6094,6657,3222,3435,1665,814,851,
49950,6660,3253,3407,11653,5660,5993,13318,6410,6908,11653,5558,6095,6659,3222,3437,1665,814,851,
49955,6660,3253,3407,11655,5661,5994,13319,6410,6909,11654,5558,6096,6660,3223,3437,1665,814,851,
49960,6661,3253,3408,11657,5661,5996,13322,6410,6912,11656,5560,6096,6660,3223,3437,1665,814,851,
49965,6662,3253,3409,11657,5661,5996,13322,6410,6912,11657,5561,6096,6660,3223,3437,1665,814,851,
49970,6663,3253,3410,11659,5662,5997,13325,6412,6913,11658,5561,6097,6661,3223,3438,1665,814,851,
49975,6663,3253,3410,11660,5663,5997,13325,6412,6913,11659,5561,6098,6661,3223,3438,1666,814,852,
49980,6664,3253,3411,11660,5663,5997,13326,6413,6913,11660,5561,6099,6663,3224,3439,1666,814,852,
49985,6664,3253,3411,11662,5664,5998,13327,6413,6914,11661,5562,6099,6664,3224,3440,1666,814,852,
49990,6665,3254,3411,11664,5666,5998,13330,6414,6916,11663,5563,6100,6664,3224,3440,1666,814,852,
49995,6666,3254,3412,11664,5666,5998,13330,6414,6916,11664,5563,6101,6664,3224,3440,1666,814,852,
50000,6667,3255,3412,11666,5667,5999,13333,6415,6918,11665,5564,6101,6665,3225,3440,1666,814,852,
50005,6667,3255,3412,11667,5668,5999,13333,6415,6918,11666,5564,6102,6665,3225,3440,1667,814,853,
50010,6668,3255,3413,11667,5668,5999,13334,6415,6919,11667,5564,6103,6667,3226,3441,1667,814,853,
50015,6668,3255,3413,11669,5668,6001,13335,6416,6919,11668,5565,6103,6668,3227,3441,1667,814,853,
50020,6669,3255,3414,11671,5668,6003,13338,6418,6920,11670,5566,6104,6668,3227,3441,1667,814,853,
50025,6670,3256,3414,11671,5668,6003,13338,6418,6920,11671,5567,6104,6668,3227,3441,1667,814,853,
50030,6671,3257,3414,11673,5670,6003,13341,6418,6923,11672,5567,6105,6669,3227,3442,1667,814,853,
50035,6671,3257,3414,11674,5671,6003,13341,6418,6923,11673,5567,6106,6669,3227,3442,1668,815,853,
50040,6672,3258,3414,11674,5671,6003,13342,6418,6924,11674,5567,6107,6671,3228,3443,1668,815,853,
50045,6672,3258,3414,11676,5672,6004,13343,6418,6925,11675,5567,6108,6672,3229,3443,1668,815,853,
50050,6673,3258,3415,11678,5673,6005,13346,6419,6927,11677,5567,6110,6672,3229,3443,1668,815,853,
50055,6674,3259,3415,11678,5673,6005,13346,6419,6927,11678,5567,6111,6672,3229,3443,1668,815,853,
50060,6675,3260,3415,11680,5674,6006,13349,6420,6929,11679,5568,6111,6673,3229,3444,1668,815,853,
50065,6675,3260,3415,11681,5674,6007,13349,6420,6929,11680,5569,6111,6673,3229,3444,1669,816,853,
50070,6676,3260,3416,11681,5674,6007,13350,6421,6929,11681,5569,6112,6675,3231,3444,1669,816,853,
50075,6676,3260,3416,11683,5675,6008,13351,6422,6929,11682,5569,6113,6676,3232,3444,1669,816,853,
50080,6677,3260,3417,11685,5676,6009,13354,6424,6930,11684,5570,6114,6676,3232,3444,1669,816,853,
50085,6678,3261,3417,11685,5676,6009,13354,6424,6930,11685,5570,6115,6676,3232,3444,1669,816,853,
50090,6679,3261,3418,11687,5678,6009,13357,6425,6932,11686,5570,6116,6677,3232,3445,1669,816,853,
50095,6679,3261,3418,11688,5678,6010,13357,6425,6932,11687,5571,6116,6677,3232,3445,1670,817,853,
50100,6680,3262,3418,11688,5678,6010,13358,6426,6932,11688,5572,6116,6679,3233,3446,1670,817,853,
50105,6680,3262,3418,11690,5679,6011,13359,6426,6933,11689,5573,6116,6680,3234,3446,1670,817,853,
50110,6681,3263,3418,11692,5680,6012,13362,6426,6936,11691,5575,6116,6680,3234,3446,1670,817,853,
50115,6682,3263,3419,11692,5680,6012,13362,6426,6936,11692,5575,6117,6680,3234,3446,1670,817,853,
50120,6683,3264,3419,11694,5681,6013,13365,6427,6938,11693,5576,6117,6681,3235,3446,1670,817,853,
50125,6683,3264,3419,11695,5681,6014,13365,6427,6938,11694,5577,6117,6681,3235,3446,1671,817,854,
50130,6684,3264,3420,11695,5681,6014,13366,6428,6938,11695,5578,6117,6683,3237,3446,1671,817,854,
50135,6684,3264,3420,11697,5682,6015,13367,6428,6939,11696,5579,6117,6684,3237,3447,1671,817,854,
50140,6685,3265,3420,11699,5683,6016,13370,6428,6942,11698,5580,6118,6684,3237,3447,1671,817,854,
50145,6686,3265,3421,11699,5683,6016,13370,6428,6942,11699,5580,6119,6684,3237,3447,1671,817,854,
50150,6687,3266,3421,11701,5683,6018,13373,6429,6944,11700,5581,6119,6685,3238,3447,1671,817,854,
50155,6687,3266,3421,11702,5683,6019,13373,6429,6944,11701,5582,6119,6685,3238,3447,1672,817,855,
50160,6688,3266,3422,11702,5683,6019,13374,6430,6944,11702,5583,6119,6687,3240,3447,1672,817,855,
50165,6688,3266,3422,11704,5684,6020,13375,6431,6944,11703,5584,6119,6688,3241,3447,1672,817,855,
50170,6689,3266,3423,11706,5685,6021,13378,6434,6944,11705,5585,6120,6688,3241,3447,1672,817,855,
50175,6690,3267,3423,11706,5685,6021,13378,6434,6944,11706,5586,6120,6688,3241,3447,1672,817,855,
50180,6691,3268,3423,11708,5687,6021,13381,6436,6945,11707,5587,6120,6689,3241,3448,1672,817,855,
50185,6691,3268,3423,11709,5687,6022,13381,6436,6945,11708,5588,6120,6689,3241,3448,1673,817,856,
50190,6692,3268,3424,11709,5687,6022,13382,6437,6945,11709,5588,6121,6691,3243,3448,1673,817,856,
50195,6692,3268,3424,11711,5689,6022,13383,6437,6946,11710,5589,6121,6692,3243,3449,1673,817,856,
50200,6693,3268,3425,11713,5689,6024,13386,6439,6947,11712,5589,6123,6692,3243,3449,1673,817,856,
50205,6694,3269,3425,11713,5689,6024,13386,6439,6947,11713,5589,6124,6692,3243,3449,1673,817,856,
50210,6695,3269,3426,11715,5689,6026,13389,6440,6949,11714,5590,6124,6693,3243,3450,1673,817,856,
50215,6695,3269,3426,11716,5690,6026,13389,6440,6949,11715,5591,6124,6693,3243,3450,1674,817,857,
50220,6696,3269,3427,11716,5690,6026,13390,6440,6950,11716,5591,6125,6695,3244,3451,1674,817,857,
50225,6696,3269,3427,11718,5690,6028,13391,6440,6951,11717,5592,6125,6696,3245,3451,1674,817,857,
50230,6697,3269,3428,11720,5691,6029,13394,6442,6952,11719,5593,6126,6696,3245,3451,1674,817,857,
50235,6698,3269,3429,11720,5691,6029,13394,6442,6952,11720,5593,6127,6696,3245,3451,1674,817,857,
50240,6699,3269,3430,11722,5692,6030,13397,6443,6954,11721,5594,6127,6697,3246,3451,1674,817,857,
50245,6699,3269,3430,11723,5693,6030,13397,6443,6954,11722,5595,6127,6697,3246,3451,1675,817,858,
50250,6700,3269,3431,11723,5693,6030,13398,6444,6954,11723,5596,6127,6699,3247,3452,1675,817,858,
50255,6700,3269,3431,11725,5695,6030,13399,6444,6955,11724,5596,6128,6700,3247,3453,1675,817,858,
50260,6701,3269,3432,11727,5696,6031,13402,6446,6956,11726,5597,6129,6700,3247,3453,1675,817,858,
50265,6702,3269,3433,11727,5696,6031,13402,6446,6956,11727,5597,6130,6700,3247,3453,1675,817,858,
50270,6703,3269,3434,11729,5697,6032,13405,6446,6959,11728,5598,6130,6701,3248,3453,1675,817,858,
50275,6703,3269,3434,11730,5698,6032,13405,6446,6959,11729,5599,6130,6701,3248,3453,1676,817,859,
50280,6704,3269,3435,11730,5698,6032,13406,6446,6960,11730,5599,6131,6703,3249,3454,1676,817,859,
50285,6704,3269,3435,11732,5700,6032,13407,6447,6960,11731,5600,6131,6704,3249,3455,1676,817,859,
50290,6705,3270,3435,11734,5701,6033,13410,6448,6962,11733,5601,6132,6704,3249,3455,1676,817,859,
50295,6706,3271,3435,11734,5701,6033,13410,6448,6962,11734,5602,6132,6704,3249,3455,1676,817,859,
50300,6707,3271,3436,11736,5702,6034,13413,6450,6963,11735,5602,6133,6705,3250,3455,1676,817,859,
50305,6707,3271,3436,11737,5702,6035,13413,6450,6963,11736,5603,6133,6705,3250,3455,1677,817,860,
50310,6708,3271,3437,11737,5702,6035,13414,6451,6963,11737,5603,6134,6707,3252,3455,1677,817,860,
50315,6708,3271,3437,11739,5703,6036,13415,6452,6963,11738,5604,6134,6708,3252,3456,1677,817,860,
50320,6709,3271,3438,11741,5704,6037,13418,6454,6964,11740,5604,6136,6708,3252,3456,1677,817,860,
50325,6710,3272,3438,11741,5704,6037,13418,6454,6964,11741,5604,6137,6708,3252,3456,1677,817,860,
50330,6711,3272,3439,11743,5705,6038,13421,6455,6966,11742,5604,6138,6709,3252,3457,1677,817,860,
50335,6711,3272,3439,11744,5705,6039,13421,6455,6966,11743,5604,6139,6709,3252,3457,1678,818,860,
50340,6712,3272,3440,11744,5705,6039,13422,6456,6966,11744,5605,6139,6711,3253,3458,1678,818,860,
50345,6712,3272,3440,11746,5706,6040,13423,6457,6966,11745,5605,6140,6712,3254,3458,1678,818,860,
50350,6713,3272,3441,11748,5706,6042,13426,6460,6966,11747,5606,6141,6712,3254,3458,1678,818,860,
50355,6714,3272,3442,11748,5706,6042,13426,6460,6966,11748,5607,6141,6712,3254,3458,1678,818,860,
50360,6715,3273,3442,11750,5707,6043,13429,6461,6968,11749,5607,6142,6713,3254,3459,1678,818,860,
50365,6715,3273,3442,11751,5707,6044,13429,6461,6968,11750,5608,6142,6713,3254,3459,1679,819,860,
50370,6716,3274,3442,11751,5707,6044,13430,6462,6968,11751,5609,6142,6715,3255,3460,1679,819,860,
50375,6716,3274,3442,11753,5708,6045,13431,6462,6969,11752,5610,6142,6716,3255,3461,1679,819,860,
50380,6717,3275,3442,11755,5710,6045,13434,6464,6970,11754,5611,6143,6716,3255,3461,1679,819,860,
50385,6718,3275,3443,11755,5710,6045,13434,6464,6970,11755,5611,6144,6716,3255,3461,1679,819,860,
50390,6719,3275,3444,11757,5711,6046,13437,6465,6972,11756,5612,6144,6717,3256,3461,1679,819,860,
50395,6719,3275,3444,11758,5712,6046,13437,6465,6972,11757,5612,6145,6717,3256,3461,1680,820,860,
50400,6720,3275,3445,11758,5712,6046,13438,6466,6972,11758,5613,6145,6719,3257,3462,1680,820,860,
50405,6720,3275,3445,11760,5713,6047,13439,6467,6972,11759,5614,6145,6720,3258,3462,1680,820,860,
50410,6721,3276,3445,11762,5714,6048,13442,6468,6974,11761,5615,6146,6720,3258,3462,1680,820,860,
50415,6722,3277,3445,11762,5714,6048,13442,6468,6974,11762,5615,6147,6720,3258,3462,1680,820,860,
50420,6723,3277,3446,11764,5715,6049,13445,6469,6976,11763,5615,6148,6721,3258,3463,1680,820,860,
50425,6723,3277,3446,11765,5715,6050,13445,6469,6976,11764,5615,6149,6721,3258,3463,1681,821,860,
50430,6724,3277,3447,11765,5715,6050,13446,6469,6977,11765,5615,6150,6723,3258,3465,1681,821,860,
50435,6724,3277,3447,11767,5715,6052,13447,6470,6977,11766,5616,6150,6724,3259,3465,1681,821,860,
50440,6725,3277,3448,11769,5715,6054,13450,6471,6979,11768,5616,6152,6724,3259,3465,1681,821,860,
50445,6726,3278,3448,11769,5715,6054,13450,6471,6979,11769,5616,6153,6724,3259,3465,1681,821,860,
50450,6727,3278,3449,11771,5715,6056,13453,6471,6982,11770,5617,6153,6725,3260,3465,1681,821,860,
50455,6727,3278,3449,11772,5715,6057,13453,6471,6982,11771,5617,6154,6725,3260,3465,1682,822,860,
50460,6728,3279,3449,11772,5715,6057,13454,6471,6983,11772,5617,6155,6727,3261,3466,1682,822,860,
50465,6728,3279,3449,11774,5716,6058,13455,6471,6984,11773,5617,6156,6728,3261,3467,1682,822,860,
50470,6729,3280,3449,11776,5717,6059,13458,6472,6986,11775,5618,6157,6728,3261,3467,1682,822,860,
50475,6730,3281,3449,11776,5717,6059,13458,6472,6986,11776,5619,6157,6728,3261,3467,1682,822,860,
50480,6731,3282,3449,11778,5717,6061,13461,6473,6988,11777,5620,6157,6729,3262,3467,1682,822,860,
50485,6731,3282,3449,11779,5717,6062,13461,6473,6988,11778,5620,6158,6729,3262,3467,1683,823,860,
50490,6732,3283,3449,11779,5717,6062,13462,6473,6989,11779,5621,6158,6731,3262,3469,1683,823,860,
50495,6732,3283,3449,11781,5718,6063,13463,6473,6990,11780,5621,6159,6732,3263,3469,1683,823,860,
50500,6733,3284,3449,11783,5720,6063,13466,6474,6992,11782,5622,6160,6732,3263,3469,1683,823,860,
50505,6734,3285,3449,11783,5720,6063,13466,6474,6992,11783,5623,6160,6732,3263,3469,1683,823,860,
50510,6735,3285,3450,11785,5721,6064,13469,6474,6995,11784,5623,6161,6733,3264,3469,1683,823,860,
50515,6735,3285,3450,11786,5721,6065,13469,6474,6995,11785,5624,6161,6733,3264,3469,1684,824,860,
50520,6736,3285,3451,11786,5721,6065,13470,6474,6996,11786,5625,6161,6735,3264,3471,1684,824,860,
50525,6736,3285,3451,11788,5722,6066,13471,6475,6996,11787,5626,6161,6736,3264,3472,1684,824,860,
50530,6737,3285,3452,11790,5723,6067,13474,6476,6998,11789,5627,6162,6736,3264,3472,1684,824,860,
50535,6738,3286,3452,11790,5723,6067,13474,6476,6998,11790,5627,6163,6736,3264,3472,1684,824,860,
50540,6739,3286,3453,11792,5724,6068,13477,6478,6999,11791,5627,6164,6737,3265,3472,1684,824,860,
50545,6739,3286,3453,11793,5725,6068,13477,6478,6999,11792,5628,6164,6737,3265,3472,1685,825,860,
50550,6740,3286,3454,11793,5725,6068,13478,6479,6999,11793,5628,6165,6739,3267,3472,1685,825,860,
50555,6740,3286,3454,11795,5727,6068,13479,6480,6999,11794,5629,6165,6740,3268,3472,1685,825,860,
50560,6741,3287,3454,11797,5729,6068,13482,6481,7001,11796,5629,6167,6740,3268,3472,1685,825,860,
50565,6742,3287,3455,11797,5729,6068,13482,6481,7001,11797,5629,6168,6740,3268,3472,1685,825,860,
50570,6743,3288,3455,11799,5730,6069,13485,6481,7004,11798,5629,6169,6741,3268,3473,1685,825,860,
50575,6743,3288,3455,11800,5731,6069,13485,6481,7004,11799,5629,6170,6741,3268,3473,1686,826,860,
50580,6744,3289,3455,11800,5731,6069,13486,6481,7005,11800,5629,6171,6743,3270,3473,1686,826,860,
50585,6744,3289,3455,11802,5732,6070,13487,6482,7005,11801,5630,6171,6744,3271,3473,1686,826,860,
50590,6745,3290,3455,11804,5734,6070,13490,6482,7008,11803,5630,6173,6744,3271,3473,1686,826,860,
50595,6746,3290,3456,11804,5734,6070,13490,6482,7008,11804,5631,6173,6744,3271,3473,1686,826,860,
50600,6747,3291,3456,11806,5736,6070,13493,6484,7009,11805,5632,6173,6745,3272,3473,1686,826,860,
50605,6747,3291,3456,11807,5737,6070,13493,6484,7009,11806,5632,6174,6745,3272,3473,1687,826,861,
50610,6748,3292,3456,11807,5737,6070,13494,6484,7010,11807,5632,6175,6747,3274,3473,1687,826,861,
50615,6748,3292,3456,11809,5738,6071,13495,6485,7010,11808,5633,6175,6748,3275,3473,1687,826,861,
50620,6749,3293,3456,11811,5740,6071,13498,6488,7010,11810,5634,6176,6748,3275,3473,1687,826,861,
50625,6750,3294,3456,11811,5740,6071,13498,6488,7010,11811,5634,6177,6748,3275,3473,1687,826,861,
50630,6751,3295,3456,11813,5741,6072,13501,6489,7012,11812,5635,6177,6749,3275,3474,1687,826,861,
50635,6751,3295,3456,11814,5741,6073,13501,6489,7012,11813,5635,6178,6749,3275,3474,1688,827,861,
50640,6752,3296,3456,11814,5741,6073,13502,6490,7012,11814,5635,6179,6751,3275,3476,1688,827,861,
50645,6752,3296,3456,11816,5742,6074,13503,6490,7013,11815,5635,6180,6752,3276,3476,1688,827,861,
50650,6753,3296,3457,11818,5742,6076,13506,6491,7015,11817,5637,6180,6752,3276,3476,1688,827,861,
50655,6754,3296,3458,11818,5742,6076,13506,6491,7015,11818,5637,6181,6752,3276,3476,1688,827,861,
50660,6755,3296,3459,11820,5743,6077,13509,6492,7017,11819,5637,6182,6753,3277,3476,1688,827,861,
50665,6755,3296,3459,11821,5744,6077,13509,6492,7017,11820,5638,6182,6753,3277,3476,1689,827,862,
50670,6756,3297,3459,11821,5744,6077,13510,6492,7018,11821,5638,6183,6755,3278,3477,1689,827,862,
50675,6756,3297,3459,11823,5745,6078,13511,6492,7019,11822,5639,6183,6756,3279,3477,1689,827,862,
50680,6757,3298,3459,11825,5745,6080,13514,6493,7021,11824,5639,6185,6756,3279,3477,1689,827,862,
50685,6758,3299,3459,11825,5745,6080,13514,6493,7021,11825,5640,6185,6756,3279,3477,1689,827,862,
50690,6759,3299,3460,11827,5747,6080,13517,6494,7023,11826,5640,6186,6757,3279,3478,1689,827,862,
50695,6759,3299,3460,11828,5748,6080,13517,6494,7023,11827,5641,6186,6757,3279,3478,1690,827,863,
50700,6760,3299,3461,11828,5748,6080,13518,6494,7024,11828,5641,6187,6759,3279,3480,1690,827,863,
50705,6760,3299,3461,11830,5749,6081,13519,6495,7024,11829,5642,6187,6760,3280,3480,1690,827,863,
50710,6761,3300,3461,11832,5750,6082,13522,6497,7025,11831,5642,6189,6760,3280,3480,1690,827,863,
50715,6762,3301,3461,11832,5750,6082,13522,6497,7025,11832,5643,6189,6760,3280,3480,1690,827,863,
50720,6763,3301,3462,11834,5751,6083,13525,6497,7028,11833,5644,6189,6761,3281,3480,1690,827,863,
50725,6763,3301,3462,11835,5751,6084,13525,6497,7028,11834,5645,6189,6761,3281,3480,1691,827,864,
50730,6764,3302,3462,11835,5751,6084,13526,6498,7028,11835,5645,6190,6763,3282,3481,1691,827,864,
50735,6764,3302,3462,11837,5752,6085,13527,6498,7029,11836,5646,6190,6764,3282,3482,1691,827,864,
50740,6765,3302,3463,11839,5753,6086,13530,6499,7031,11838,5647,6191,6764,3282,3482,1691,827,864,
50745,6766,3303,3463,11839,5753,6086,13530,6499,7031,11839,5647,6192,6764,3282,3482,1691,827,864,
50750,6767,3303,3464,11841,5754,6087,13533,6501,7032,11840,5647,6193,6765,3282,3483,1691,827,864,
50755,6767,3303,3464,11842,5754,6088,13533,6501,7032,11841,5647,6194,6765,3282,3483,1692,827,865,
50760,6768,3303,3465,11842,5754,6088,13534,6501,7033,11842,5647,6195,6767,3282,3485,1692,827,865,
50765,6768,3303,3465,11844,5754,6090,13535,6502,7033,11843,5648,6195,6768,3283,3485,1692,827,865,
50770,6769,3304,3465,11846,5755,6091,13538,6504,7034,11845,5649,6196,6768,3283,3485,1692,827,865,
50775,6770,3305,3465,11846,5755,6091,13538,6504,7034,11846,5649,6197,6768,3283,3485,1692,827,865,
50780,6771,3306,3465,11848,5755,6093,13541,6506,7035,11847,5649,6198,6769,3284,3485,1692,827,865,
50785,6771,3306,3465,11849,5756,6093,13541,6506,7035,11848,5649,6199,6769,3284,3485,1693,827,866,
50790,6772,3307,3465,11849,5756,6093,13542,6507,7035,11849,5650,6199,6771,3284,3487,1693,827,866,
50795,6772,3307,3465,11851,5757,6094,13543,6508,7035,11850,5650,6200,6772,3285,3487,1693,827,866,
50800,6773,3307,3466,11853,5758,6095,13546,6510,7036,11852,5650,6202,6772,3285,3487,1693,827,866,
50805,6774,3308,3466,11853,5758,6095,13546,6510,7036,11853,5651,6202,6772,3285,3487,1693,827,866,
50810,6775,3309,3466,11855,5759,6096,13549,6511,7038,11854,5651,6203,6773,3286,3487,1693,827,866,
50815,6775,3309,3466,11856,5760,6096,13549,6511,7038,11855,5651,6204,6773,3286,3487,1694,827,867,
50820,6776,3310,3466,11856,5760,6096,13550,6511,7039,11856,5652,6204,6775,3286,3489,1694,827,867,
50825,6776,3310,3466,11858,5761,6097,13551,6511,7040,11857,5652,6205,6776,3286,3490,1694,827,867,
50830,6777,3310,3467,11860,5762,6098,13554,6513,7041,11859,5652,6207,6776,3286,3490,1694,827,867,
50835,6778,3311,3467,11860,5762,6098,13554,6513,7041,11860,5652,6208,6776,3286,3490,1694,827,867,
50840,6779,3311,3468,11862,5763,6099,13557,6516,7041,11861,5653,6208,6777,3287,3490,1694,827,867,
50845,6779,3311,3468,11863,5764,6099,13557,6516,7041,11862,5653,6209,6777,3287,3490,1695,827,868,
50850,6780,3311,3469,11863,5764,6099,13558,6516,7042,11863,5653,6210,6779,3287,3492,1695,827,868,
50855,6780,3311,3469,11865,5764,6101,13559,6517,7042,11864,5653,6211,6780,3287,3493,1695,827,868,
50860,6781,3311,3470,11867,5764,6103,13562,6518,7044,11866,5654,6212,6780,3287,3493,1695,827,868,
50865,6782,3312,3470,11867,5764,6103,13562,6518,7044,11867,5654,6213,6780,3287,3493,1695,827,868,
50870,6783,3312,3471,11869,5765,6104,13565,6519,7046,11868,5655,6213,6781,3288,3493,1695,827,868,
50875,6783,3312,3471,11870,5765,6105,13565,6519,7046,11869,5655,6214,6781,3288,3493,1696,827,869,
50880,6784,3313,3471,11870,5765,6105,13566,6520,7046,11870,5655,6215,6783,3290,3493,1696,827,869,
50885,6784,3313,3471,11872,5766,6106,13567,6520,7047,11871,5655,6216,6784,3291,3493,1696,827,869,
50890,6785,3314,3471,11874,5767,6107,13570,6520,7050,11873,5655,6218,6784,3291,3493,1696,827,869,
50895,6786,3315,3471,11874,5767,6107,13570,6520,7050,11874,5655,6219,6784,3291,3493,1696,827,869,
50900,6787,3315,3472,11876,5768,6108,13573,6522,7051,11875,5656,6219,6785,3291,3494,1696,827,869,
50905,6787,3315,3472,11877,5769,6108,13573,6522,7051,11876,5656,6220,6785,3291,3494,1697,828,869,
50910,6788,3316,3472,11877,5769,6108,13574,6522,7052,11877,5656,6221,6787,3292,3495,1697,828,869,
50915,6788,3316,3472,11879,5771,6108,13575,6522,7053,11878,5657,6221,6788,3293,3495,1697,828,869,
50920,6789,3316,3473,11881,5772,6109,13578,6524,7054,11880,5658,6222,6788,3293,3495,1697,828,869,
50925,6790,3317,3473,11881,5772,6109,13578,6524,7054,11881,5658,6223,6788,3293,3495,1697,828,869,
50930,6791,3317,3474,11883,5774,6109,13581,6524,7057,11882,5658,6224,6789,3294,3495,1697,828,869,
50935,6791,3317,3474,11884,5775,6109,13581,6524,7057,11883,5658,6225,6789,3294,3495,1698,829,869,
50940,6792,3317,3475,11884,5775,6109,13582,6525,7057,11884,5659,6225,6791,3295,3496,1698,829,869,
50945,6792,3317,3475,11886,5776,6110,13583,6526,7057,11885,5660,6225,6792,3295,3497,1698,829,869,
50950,6793,3317,3476,11888,5776,6112,13586,6526,7060,11887,5660,6227,6792,3295,3497,1698,829,869,
50955,6794,3317,3477,11888,5776,6112,13586,6526,7060,11888,5660,6228,6792,3295,3497,1698,829,869,
50960,6795,3317,3478,11890,5777,6113,13589,6527,7062,11889,5661,6228,6793,3295,3498,1698,829,869,
50965,6795,3317,3478,11891,5777,6114,13589,6527,7062,11890,5661,6229,6793,3295,3498,1699,829,870,
50970,6796,3318,3478,11891,5777,6114,13590,6528,7062,11891,5661,6230,6795,3296,3499,1699,829,870,
50975,6796,3318,3478,11893,5777,6116,13591,6528,7063,11892,5662,6230,6796,3297,3499,1699,829,870,
50980,6797,3319,3478,11895,5779,6116,13594,6530,7064,11894,5662,6232,6796,3297,3499,1699,829,870,
50985,6798,3320,3478,11895,5779,6116,13594,6530,7064,11895,5663,6232,6796,3297,3499,1699,829,870,
50990,6799,3320,3479,11897,5780,6117,13597,6531,7066,11896,5663,6233,6797,3297,3500,1699,829,870,
50995,6799,3320,3479,11898,5781,6117,13597,6531,7066,11897,5663,6234,6797,3297,3500,1700,829,871,
51000,6800,3321,3479,11898,5781,6117,13598,6531,7067,11898,5664,6234,6799,3297,3502,1700,829,871,
51005,6800,3321,3479,11900,5783,6117,13599,6531,7068,11899,5665,6234,6800,3297,3503,1700,829,871,
51010,6801,3321,3480,11902,5784,6118,13602,6531,7071,11901,5665,6236,6800,3297,3503,1700,829,871,
51015,6802,3322,3480,11902,5784,6118,13602,6531,7071,11902,5665,6237,6800,3297,3503,1700,829,871,
51020,6803,3322,3481,11904,5786,6118,13605,6531,7074,11903,5665,6238,6801,3298,3503,1700,829,871,
51025,6803,3322,3481,11905,5786,6119,13605,6531,7074,11904,5665,6239,6801,3298,3503,1701,829,872,
51030,6804,3323,3481,11905,5786,6119,13606,6531,7075,11905,5666,6239,6803,3298,3505,1701,829,872,
51035,6804,3323,3481,11907,5787,6120,13607,6531,7076,11906,5667,6239,6804,3298,3506,1701,829,872,
51040,6805,3323,3482,11909,5787,6122,13610,6532,7078,11908,5668,6240,6804,3298,3506,1701,829,872,
51045,6806,3324,3482,11909,5787,6122,13610,6532,7078,11909,5668,6241,6804,3298,3506,1701,829,872,
51050,6807,3325,3482,11911,5788,6123,13613,6534,7079,11910,5669,6241,6805,3299,3506,1701,829,872,
51055,6807,3325,3482,11912,5789,6123,13613,6534,7079,11911,5669,6242,6805,3299,3506,1702,829,873,
51060,6808,3326,3482,11912,5789,6123,13614,6534,7080,11912,5670,6242,6807,3301,3506,1702,829,873,
51065,6808,3326,3482,11914,5790,6124,13615,6534,7081,11913,5671,6242,6808,3302,3506,1702,829,873,
51070,6809,3327,3482,11916,5790,6126,13618,6536,7082,11915,5672,6243,6808,3302,3506,1702,829,873,
51075,6810,3328,3482,11916,5790,6126,13618,6536,7082,11916,5673,6243,6808,3302,3506,1702,829,873,
51080,6811,3328,3483,11918,5792,6126,13621,6536,7085,11917,5674,6243,6809,3302,3507,1702,829,873,
51085,6811,3328,3483,11919,5792,6127,13621,6536,7085,11918,5674,6244,6809,3302,3507,1703,830,873,
51090,6812,3328,3484,11919,5792,6127,13622,6536,7086,11919,5674,6245,6811,3304,3507,1703,830,873,
51095,6812,3328,3484,11921,5793,6128,13623,6536,7087,11920,5674,6246,6812,3305,3507,1703,830,873,
51100,6813,3329,3484,11923,5795,6128,13626,6538,7088,11922,5676,6246,6812,3305,3507,1703,830,873,
51105,6814,3329,3485,11923,5795,6128,13626,6538,7088,11923,5676,6247,6812,3305,3507,1703,830,873,
51110,6815,3329,3486,11925,5796,6129,13629,6541,7088,11924,5676,6248,6813,3305,3508,1703,830,873,
51115,6815,3329,3486,11926,5796,6130,13629,6541,7088,11925,5677,6248,6813,3305,3508,1704,831,873,
51120,6816,3329,3487,11926,5796,6130,13630,6542,7088,11926,5677,6249,6815,3307,3508,1704,831,873,
51125,6816,3329,3487,11928,5797,6131,13631,6542,7089,11927,5677,6250,6816,3307,3509,1704,831,873,
51130,6817,3329,3488,11930,5798,6132,13634,6543,7091,11929,5678,6251,6816,3307,3509,1704,831,873,
51135,6818,3330,3488,11930,5798,6132,13634,6543,7091,11930,5678,6252,6816,3307,3509,1704,831,873,
51140,6819,3331,3488,11932,5800,6132,13637,6545,7092,11931,5678,6253,6817,3307,3510,1704,831,873,
51145,6819,3331,3488,11933,5801,6132,13637,6545,7092,11932,5679,6253,6817,3307,3510,1705,832,873,
51150,6820,3332,3488,11933,5801,6132,13638,6545,7093,11933,5680,6253,6819,3308,3511,1705,832,873,
51155,6820,3332,3488,11935,5801,6134,13639,6546,7093,11934,5680,6254,6820,3308,3512,1705,832,873,
51160,6821,3332,3489,11937,5803,6134,13642,6546,7096,11936,5682,6254,6820,3308,3512,1705,832,873,
51165,6822,3332,3490,11937,5803,6134,13642,6546,7096,11937,5683,6254,6820,3308,3512,1705,832,873,
51170,6823,3332,3491,11939,5804,6135,13645,6547,7098,11938,5684,6254,6821,3308,3513,1705,832,873,
51175,6823,3332,3491,11940,5805,6135,13645,6547,7098,11939,5684,6255,6821,3308,3513,1706,832,874,
51180,6824,3333,3491,11940,5805,6135,13646,6548,7098,11940,5684,6256,6823,3310,3513,1706,832,874,
51185,6824,3333,3491,11942,5806,6136,13647,6548,7099,11941,5684,6257,6824,3311,3513,1706,832,874,
51190,6825,3334,3491,11944,5807,6137,13650,6550,7100,11943,5686,6257,6824,3311,3513,1706,832,874,
51195,6826,3335,3491,11944,5807,6137,13650,6550,7100,11944,5687,6257,6824,3311,3513,1706,832,874,
51200,6827,3335,3492,11946,5808,6138,13653,6551,7102,11945,5687,6258,6825,3312,3513,1706,832,874,
51205,6827,3335,3492,11947,5809,6138,13653,6551,7102,11946,5688,6258,6825,3312,3513,1707,833,874,
51210,6828,3335,3493,11947,5809,6138,13654,6551,7103,11947,5688,6259,6827,3314,3513,1707,833,874,
51215,6828,3335,3493,11949,5809,6140,13655,6551,7104,11948,5688,6260,6828,3314,3514,1707,833,874,
51220,6829,3336,3493,11951,5810,6141,13658,6554,7104,11950,5688,6262,6828,3314,3514,1707,833,874,
51225,6830,3336,3494,11951,5810,6141,13658,6554,7104,11951,5689,6262,6828,3314,3514,1707,833,874,
51230,6831,3336,3495,11953,5810,6143,13661,6556,7105,11952,5689,6263,6829,3314,3515,1707,833,874,
51235,6831,3336,3495,11954,5811,6143,13661,6556,7105,11953,5689,6264,6829,3314,3515,1708,833,875,
51240,6832,3337,3495,11954,5811,6143,13662,6557,7105,11954,5689,6265,6831,3315,3516,1708,833,875,
51245,6832,3337,3495,11956,5812,6144,13663,6557,7106,11955,5690,6265,6832,3315,3517,1708,833,875,
51250,6833,3338,3495,11958,5812,6146,13666,6560,7106,11957,5690,6267,6832,3315,3517,1708,833,875,
51255,6834,3339,3495,11958,5812,6146,13666,6560,7106,11958,5690,6268,6832,3315,3517,1708,833,875,
51260,6835,3339,3496,11960,5813,6147,13669,6562,7107,11959,5690,6269,6833,3316,3517,1708,833,875,
51265,6835,3339,3496,11961,5813,6148,13669,6562,7107,11960,5690,6270,6833,3316,3517,1709,833,876,
51270,6836,3340,3496,11961,5813,6148,13670,6562,7108,11961,5690,6271,6835,3316,3519,1709,833,876,
51275,6836,3340,3496,11963,5814,6149,13671,6563,7108,11962,5690,6272,6836,3316,3520,1709,833,876,
51280,6837,3341,3496,11965,5815,6150,13674,6565,7109,11964,5691,6273,6836,3316,3520,1709,833,876,
51285,6838,3341,3497,11965,5815,6150,13674,6565,7109,11965,5691,6274,6836,3316,3520,1709,833,876,
51290,6839,3342,3497,11967,5816,6151,13677,6567,7110,11966,5692,6274,6837,3316,3521,1709,833,876,
51295,6839,3342,3497,11968,5817,6151,13677,6567,7110,11967,5692,6275,6837,3316,3521,1710,833,877,
51300,6840,3343,3497,11968,5817,6151,13678,6568,7110,11968,5693,6275,6839,3318,3521,1710,833,877,
51305,6840,3343,3497,11970,5817,6153,13679,6568,7111,11969,5694,6275,6840,3319,3521,1710,833,877,
51310,6841,3344,3497,11972,5818,6154,13682,6568,7114,11971,5695,6276,6840,3319,3521,1710,833,877,
51315,6842,3345,3497,11972,5818,6154,13682,6568,7114,11972,5695,6277,6840,3319,3521,1710,833,877,
51320,6843,3346,3497,11974,5819,6155,13685,6569,7116,11973,5696,6277,6841,3320,3521,1710,833,877,
51325,6843,3346,3497,11975,5820,6155,13685,6569,7116,11974,5697,6277,6841,3320,3521,1711,833,878,
51330,6844,3347,3497,11975,5820,6155,13686,6570,7116,11975,5697,6278,6843,3322,3521,1711,833,878,
51335,6844,3347,3497,11977,5821,6156,13687,6571,7116,11976,5697,6279,6844,3323,3521,1711,833,878,
51340,6845,3348,3497,11979,5823,6156,13690,6572,7118,11978,5699,6279,6844,3323,3521,1711,833,878,
51345,6846,3349,3497,11979,5823,6156,13690,6572,7118,11979,5699,6280,6844,3323,3521,1711,833,878,
51350,6847,3349,3498,11981,5824,6157,13693,6573,7120,11980,5700,6280,6845,3324,3521,1711,833,878,
51355,6847,3349,3498,11982,5825,6157,13693,6573,7120,11981,5700,6281,6845,3324,3521,1712,834,878,
51360,6848,3349,3499,11982,5825,6157,13694,6573,7121,11982,5701,6281,6847,3325,3522,1712,834,878,
51365,6848,3349,3499,11984,5826,6158,13695,6573,7122,11983,5701,6282,6848,3325,3523,1712,834,878,
51370,6849,3350,3499,11986,5827,6159,13698,6574,7124,11985,5702,6283,6848,3325,3523,1712,834,878,
51375,6850,3350,3500,11986,5827,6159,13698,6574,7124,11986,5703,6283,6848,3325,3523,1712,834,878,
51380,6851,3350,3501,11988,5828,6160,13701,6576,7125,11987,5703,6284,6849,3325,3524,1712,834,878,
51385,6851,3350,3501,11989,5829,6160,13701,6576,7125,11988,5704,6284,6849,3325,3524,1713,834,879,
51390,6852,3351,3501,11989,5829,6160,13702,6576,7126,11989,5704,6285,6851,3327,3524,1713,834,879,
51395,6852,3351,3501,11991,5829,6162,13703,6577,7126,11990,5705,6285,6852,3327,3525,1713,834,879,
51400,6853,3351,3502,11993,5831,6162,13706,6579,7127,11992,5707,6285,6852,3327,3525,1713,834,879,
51405,6854,3351,3503,11993,5831,6162,13706,6579,7127,11993,5707,6286,6852,3327,3525,1713,834,879,
51410,6855,3351,3504,11995,5832,6163,13709,6581,7128,11994,5707,6287,6853,3327,3526,1713,834,879,
51415,6855,3351,3504,11996,5833,6163,13709,6581,7128,11995,5708,6287,6853,3327,3526,1714,834,880,
51420,6856,3351,3505,11996,5833,6163,13710,6581,7129,11996,5709,6287,6855,3327,3528,1714,834,880,
51425,6856,3351,3505,11998,5834,6164,13711,6581,7130,11997,5710,6287,6856,3327,3529,1714,834,880,
51430,6857,3352,3505,12000,5834,6166,13714,6583,7131,11999,5710,6289,6856,3327,3529,1714,834,880,
51435,6858,3352,3506,12000,5834,6166,13714,6583,7131,12000,5710,6290,6856,3327,3529,1714,834,880,
51440,6859,3352,3507,12002,5834,6168,13717,6585,7132,12001,5711,6290,6857,3328,3529,1714,834,880,
51445,6859,3352,3507,12003,5834,6169,13717,6585,7132,12002,5711,6291,6857,3328,3529,1715,834,881,
51450,6860,3352,3508,12003,5834,6169,13718,6586,7132,12003,5712,6291,6859,3329,3530,1715,834,881,
51455,6860,3352,3508,12005,5835,6170,13719,6587,7132,12004,5713,6291,6860,3329,3531,1715,834,881,
51460,6861,3352,3509,12007,5837,6170,13722,6588,7134,12006,5713,6293,6860,3329,3531,1715,834,881,
51465,6862,3352,3510,12007,5837,6170,13722,6588,7134,12007,5714,6293,6860,3329,3531,1715,834,881,
51470,6863,3352,3511,12009,5838,6171,13725,6590,7135,12008,5714,6294,6861,3329,3532,1715,834,881,
51475,6863,3352,3511,12010,5839,6171,13725,6590,7135,12009,5714,6295,6861,3329,3532,1716,834,882,
51480,6864,3352,3512,12010,5839,6171,13726,6590,7136,12010,5714,6296,6863,3329,3534,1716,834,882,
51485,6864,3352,3512,12012,5840,6172,13727,6590,7137,12011,5714,6297,6864,3330,3534,1716,834,882,
51490,6865,3352,3513,12014,5842,6172,13730,6593,7137,12013,5715,6298,6864,3330,3534,1716,834,882,
51495,6866,3352,3514,12014,5842,6172,13730,6593,7137,12014,5715,6299,6864,3330,3534,1716,834,882,
51500,6867,3352,3515,12016,5843,6173,13733,6595,7138,12015,5716,6299,6865,3331,3534,1716,834,882,
51505,6867,3352,3515,12017,5844,6173,13733,6595,7138,12016,5717,6299,6865,3331,3534,1717,835,882,
51510,6868,3353,3515,12017,5844,6173,13734,6595,7139,12017,5718,6299,6867,3332,3535,1717,835,882,
51515,6868,3353,3515,12019,5845,6174,13735,6595,7140,12018,5719,6299,6868,3333,3535,1717,835,882,
51520,6869,3354,3515,12021,5847,6174,13738,6596,7142,12020,5720,6300,6868,3333,3535,1717,835,882,
51525,6870,3354,3516,12021,5847,6174,13738,6596,7142,12021,5721,6300,6868,3333,3535,1717,835,882,
51530,6871,3355,3516,12023,5848,6175,13741,6597,7144,12022,5721,6301,6869,3334,3535,1717,835,882,
51535,6871,3355,3516,12024,5848,6176,13741,6597,7144,12023,5721,6302,6869,3334,3535,1718,836,882,
51540,6872,3355,3517,12024,5848,6176,13742,6598,7144,12024,5722,6302,6871,3335,3536,1718,836,882,
51545,6872,3355,3517,12026,5849,6177,13743,6599,7144,12025,5722,6303,6872,3336,3536,1718,836,882,
51550,6873,3356,3517,12028,5849,6179,13746,6601,7145,12027,5722,6305,6872,3336,3536,1718,836,882,
51555,6874,3356,3518,12028,5849,6179,13746,6601,7145,12028,5723,6305,6872,3336,3536,1718,836,882,
51560,6875,3356,3519,12030,5851,6179,13749,6602,7147,12029,5724,6305,6873,3337,3536,1718,836,882,
51565,6875,3356,3519,12031,5851,6180,13749,6602,7147,12030,5724,6306,6873,3337,3536,1719,837,882,
51570,6876,3356,3520,12031,5851,6180,13750,6602,7148,12031,5724,6307,6875,3339,3536,1719,837,882,
51575,6876,3356,3520,12033,5852,6181,13751,6602,7149,12032,5724,6308,6876,3340,3536,1719,837,882,
51580,6877,3356,3521,12035,5853,6182,13754,6603,7151,12034,5724,6310,6876,3340,3536,1719,837,882,
51585,6878,3357,3521,12035,5853,6182,13754,6603,7151,12035,5724,6311,6876,3340,3536,1719,837,882,
51590,6879,3358,3521,12037,5853,6184,13757,6605,7152,12036,5724,6312,6877,3341,3536,1719,837,882,
51595,6879,3358,3521,12038,5854,6184,13757,6605,7152,12037,5725,6312,6877,3341,3536,1720,838,882,
51600,6880,3358,3522,12038,5854,6184,13758,6606,7152,12038,5726,6312,6879,3343,3536,1720,838,882,
51605,6880,3358,3522,12040,5854,6186,13759,6607,7152,12039,5726,6313,6880,3343,3537,1720,838,882,
51610,6881,3358,3523,12042,5856,6186,13762,6609,7153,12041,5727,6314,6880,3343,3537,1720,838,882,
51615,6882,3359,3523,12042,5856,6186,13762,6609,7153,12042,5727,6315,6880,3343,3537,1720,838,882,
51620,6883,3359,3524,12044,5858,6186,13765,6611,7154,12043,5728,6315,6881,3343,3538,1720,838,882,
51625,6883,3359,3524,12045,5859,6186,13765,6611,7154,12044,5728,6316,6881,3343,3538,1721,839,882,
51630,6884,3360,3524,12045,5859,6186,13766,6612,7154,12045,5728,6317,6883,3344,3539,1721,839,882,
51635,6884,3360,3524,12047,5860,6187,13767,6613,7154,12046,5729,6317,6884,3345,3539,1721,839,882,
51640,6885,3360,3525,12049,5860,6189,13770,6614,7156,12048,5730,6318,6884,3345,3539,1721,839,882,
51645,6886,3360,3526,12049,5860,6189,13770,6614,7156,12049,5731,6318,6884,3345,3539,1721,839,882,
51650,6887,3360,3527,12051,5862,6189,13773,6615,7158,12050,5732,6318,6885,3345,3540,1721,839,882,
51655,6887,3360,3527,12052,5862,6190,13773,6615,7158,12051,5733,6318,6885,3345,3540,1722,840,882,
51660,6888,3361,3527,12052,5862,6190,13774,6615,7159,12052,5734,6318,6887,3346,3541,1722,840,882,
51665,6888,3361,3527,12054,5862,6192,13775,6615,7160,12053,5734,6319,6888,3346,3542,1722,840,882,
51670,6889,3362,3527,12056,5863,6193,13778,6616,7162,12055,5734,6321,6888,3346,3542,1722,840,882,
51675,6890,3363,3527,12056,5863,6193,13778,6616,7162,12056,5734,6322,6888,3346,3542,1722,840,882,
51680,6891,3363,3528,12058,5864,6194,13781,6616,7165,12057,5734,6323,6889,3346,3543,1722,840,882,
51685,6891,3363,3528,12059,5865,6194,13781,6616,7165,12058,5734,6324,6889,3346,3543,1723,841,882,
51690,6892,3364,3528,12059,5865,6194,13782,6616,7166,12059,5734,6325,6891,3347,3544,1723,841,882,
51695,6892,3364,3528,12061,5866,6195,13783,6617,7166,12060,5734,6326,6892,3348,3544,1723,841,882,
51700,6893,3364,3529,12063,5867,6196,13786,6618,7168,12062,5734,6328,6892,3348,3544,1723,841,882,
51705,6894,3364,3530,12063,5867,6196,13786,6618,7168,12063,5734,6329,6892,3348,3544,1723,841,882,
51710,6895,3365,3530,12065,5867,6198,13789,6618,7171,12064,5734,6330,6893,3349,3544,1723,841,882,
51715,6895,3365,3530,12066,5867,6199,13789,6618,7171,12065,5734,6331,6893,3349,3544,1724,841,883,
51720,6896,3366,3530,12066,5867,6199,13790,6619,7171,12066,5735,6331,6895,3349,3546,1724,841,883,
51725,6896,3366,3530,12068,5869,6199,13791,6620,7171,12067,5735,6332,6896,3350,3546,1724,841,883,
51730,6897,3366,3531,12070,5870,6200,13794,6622,7172,12069,5736,6333,6896,3350,3546,1724,841,883,
51735,6898,3366,3532,12070,5870,6200,13794,6622,7172,12070,5736,6334,6896,3350,3546,1724,841,883,
51740,6899,3367,3532,12072,5871,6201,13797,6623,7174,12071,5737,6334,6897,3351,3546,1724,841,883,
51745,6899,3367,3532,12073,5871,6202,13797,6623,7174,12072,5738,6334,6897,3351,3546,1725,841,884,
51750,6900,3368,3532,12073,5871,6202,13798,6624,7174,12073,5739,6334,6899,3352,3547,1725,841,884,
51755,6900,3368,3532,12075,5871,6204,13799,6625,7174,12074,5739,6335,6900,3352,3548,1725,841,884,
51760,6901,3368,3533,12077,5872,6205,13802,6627,7175,12076,5740,6336,6900,3352,3548,1725,841,884,
51765,6902,3369,3533,12077,5872,6205,13802,6627,7175,12077,5740,6337,6900,3352,3548,1725,841,884,
51770,6903,3370,3533,12079,5873,6206,13805,6630,7175,12078,5741,6337,6901,3353,3548,1725,841,884,
51775,6903,3370,3533,12080,5874,6206,13805,6630,7175,12079,5742,6337,6901,3353,3548,1726,841,885,
51780,6904,3371,3533,12080,5874,6206,13806,6631,7175,12080,5743,6337,6903,3354,3549,1726,841,885,
51785,6904,3371,3533,12082,5875,6207,13807,6631,7176,12081,5744,6337,6904,3354,3550,1726,841,885,
51790,6905,3371,3534,12084,5876,6208,13810,6633,7177,12083,5746,6337,6904,3354,3550,1726,841,885,
51795,6906,3371,3535,12084,5876,6208,13810,6633,7177,12084,5746,6338,6904,3354,3550,1726,841,885,
51800,6907,3371,3536,12086,5877,6209,13813,6635,7178,12085,5746,6339,6905,3355,3550,1726,841,885,
51805,6907,3371,3536,12087,5878,6209,13813,6635,7178,12086,5747,6339,6905,3355,3550,1727,841,886,
51810,6908,3371,3537,12087,5878,6209,13814,6635,7179,12087,5747,6340,6907,3356,3551,1727,841,886,
51815,6908,3371,3537,12089,5879,6210,13815,6636,7179,12088,5747,6341,6908,3356,3552,1727,841,886,
51820,6909,3372,3537,12091,5881,6210,13818,6637,7181,12090,5747,6343,6908,3356,3552,1727,841,886,
51825,6910,3372,3538,12091,5881,6210,13818,6637,7181,12091,5748,6343,6908,3356,3552,1727,841,886,
51830,6911,3372,3539,12093,5883,6210,13821,6638,7183,12092,5749,6343,6909,3357,3552,1727,841,886,
51835,6911,3372,3539,12094,5883,6211,13821,6638,7183,12093,5749,6344,6909,3357,3552,1728,842,886,
51840,6912,3373,3539,12094,5883,6211,13822,6639,7183,12094,5750,6344,6911,3359,3552,1728,842,886,
51845,6912,3373,3539,12096,5884,6212,13823,6639,7184,12095,5750,6345,6912,3360,3552,1728,842,886,
51850,6913,3374,3539,12098,5884,6214,13826,6641,7185,12097,5751,6346,6912,3360,3552,1728,842,886,
51855,6914,3375,3539,12098,5884,6214,13826,6641,7185,12098,5751,6347,6912,3360,3552,1728,842,886,
51860,6915,3375,3540,12100,5886,6214,13829,6641,7188,12099,5752,6347,6913,3361,3552,1728,842,886,
51865,6915,3375,3540,12101,5886,6215,13829,6641,7188,12100,5753,6347,6913,3361,3552,1729,842,887,
51870,6916,3375,3541,12101,5886,6215,13830,6641,7189,12101,5754,6347,6915,3361,3554,1729,842,887,
51875,6916,3375,3541,12103,5886,6217,13831,6641,7190,12102,5754,6348,6916,3362,3554,1729,842,887,
51880,6917,3375,3542,12105,5888,6217,13834,6641,7193,12104,5754,6350,6916,3362,3554,1729,842,887,
51885,6918,3376,3542,12105,5888,6217,13834,6641,7193,12105,5754,6351,6916,3362,3554,1729,842,887,
51890,6919,3377,3542,12107,5890,6217,13837,6642,7195,12106,5755,6351,6917,3362,3555,1729,842,887,
51895,6919,3377,3542,12108,5891,6217,13837,6642,7195,12107,5755,6352,6917,3362,3555,1730,842,888,
51900,6920,3377,3543,12108,5891,6217,13838,6642,7196,12108,5755,6353,6919,3362,3557,1730,842,888,
51905,6920,3377,3543,12110,5892,6218,13839,6643,7196,12109,5755,6354,6920,3362,3558,1730,842,888,
51910,6921,3377,3544,12112,5893,6219,13842,6644,7198,12111,5755,6356,6920,3362,3558,1730,842,888,
51915,6922,3378,3544,12112,5893,6219,13842,6644,7198,12112,5756,6356,6920,3362,3558,1730,842,888,
51920,6923,3379,3544,12114,5895,6219,13845,6646,7199,12113,5757,6356,6921,3363,3558,1730,842,888,
51925,6923,3379,3544,12115,5896,6219,13845,6646,7199,12114,5758,6356,6921,3363,3558,1731,843,888,
51930,6924,3380,3544,12115,5896,6219,13846,6647,7199,12115,5759,6356,6923,3364,3559,1731,843,888,
51935,6924,3380,3544,12117,5896,6221,13847,6647,7200,12116,5760,6356,6924,3364,3560,1731,843,888,
51940,6925,3380,3545,12119,5896,6223,13850,6649,7201,12118,5761,6357,6924,3364,3560,1731,843,888,
51945,6926,3381,3545,12119,5896,6223,13850,6649,7201,12119,5761,6358,6924,3364,3560,1731,843,888,
51950,6927,3382,3545,12121,5898,6223,13853,6649,7204,12120,5762,6358,6925,3365,3560,1731,843,888,
51955,6927,3382,3545,12122,5899,6223,13853,6649,7204,12121,5762,6359,6925,3365,3560,1732,843,889,
51960,6928,3382,3546,12122,5899,6223,13854,6649,7205,12122,5763,6359,6927,3367,3560,1732,843,889,
51965,6928,3382,3546,12124,5901,6223,13855,6649,7206,12123,5763,6360,6928,3368,3560,1732,843,889,
51970,6929,3383,3546,12126,5902,6224,13858,6651,7207,12125,5765,6360,6928,3368,3560,1732,843,889,
51975,6930,3383,3547,12126,5902,6224,13858,6651,7207,12126,5766,6360,6928,3368,3560,1732,843,889,
51980,6931,3383,3548,12128,5902,6226,13861,6652,7209,12127,5767,6360,6929,3369,3560,1732,843,889,
51985,6931,3383,3548,12129,5903,6226,13861,6652,7209,12128,5767,6361,6929,3369,3560,1733,844,889,
51990,6932,3384,3548,12129,5903,6226,13862,6653,7209,12129,5768,6361,6931,3369,3562,1733,844,889,
51995,6932,3384,3548,12131,5905,6226,13863,6653,7210,12130,5769,6361,6932,3369,3563,1733,844,889,
52000,6933,3385,3548,12133,5906,6227,13866,6655,7211,12132,5770,6362,6932,3369,3563,1733,844,889,
52005,6934,3385,3549,12133,5906,6227,13866,6655,7211,12133,5771,6362,6932,3369,3563,1733,844,889,
52010,6935,3386,3549,12135,5908,6227,13869,6657,7212,12134,5771,6363,6933,3370,3563,1733,844,889,
52015,6935,3386,3549,12136,5908,6228,13869,6657,7212,12135,5772,6363,6933,3370,3563,1734,845,889,
52020,6936,3386,3550,12136,5908,6228,13870,6657,7213,12136,5773,6363,6935,3371,3564,1734,845,889,
52025,6936,3386,3550,12138,5910,6228,13871,6657,7214,12137,5774,6363,6936,3372,3564,1734,845,889,
52030,6937,3387,3550,12140,5912,6228,13874,6659,7215,12139,5774,6365,6936,3372,3564,1734,845,889,
52035,6938,3388,3550,12140,5912,6228,13874,6659,7215,12140,5774,6366,6936,3372,3564,1734,845,889,
52040,6939,3389,3550,12142,5914,6228,13877,6659,7218,12141,5774,6367,6937,3372,3565,1734,845,889,
52045,6939,3389,3550,12143,5915,6228,13877,6659,7218,12142,5774,6368,6937,3372,3565,1735,846,889,
52050,6940,3390,3550,12143,5915,6228,13878,6660,7218,12143,5774,6369,6939,3374,3565,1735,846,889,
52055,6940,3390,3550,12145,5916,6229,13879,6660,7219,12144,5775,6369,6940,3375,3565,1735,846,889,
52060,6941,3391,3550,12147,5917,6230,13882,6660,7222,12146,5775,6371,6940,3375,3565,1735,846,889,
52065,6942,3391,3551,12147,5917,6230,13882,6660,7222,12147,5776,6371,6940,3375,3565,1735,846,889,
52070,6943,3392,3551,12149,5918,6231,13885,6661,7224,12148,5776,6372,6941,3376,3565,1735,846,889,
52075,6943,3392,3551,12150,5919,6231,13885,6661,7224,12149,5777,6372,6941,3376,3565,1736,847,889,
52080,6944,3392,3552,12150,5919,6231,13886,6662,7224,12150,5778,6372,6943,3376,3567,1736,847,889,
52085,6944,3392,3552,12152,5920,6232,13887,6663,7224,12151,5779,6372,6944,3376,3568,1736,847,889,
52090,6945,3393,3552,12154,5920,6234,13890,6664,7226,12153,5780,6373,6944,3376,3568,1736,847,889,
52095,6946,3393,3553,12154,5920,6234,13890,6664,7226,12154,5781,6373,6944,3376,3568,1736,847,889,
52100,6947,3394,3553,12156,5921,6235,13893,6665,7228,12155,5781,6374,6945,3376,3569,1736,847,889,
52105,6947,3394,3553,12157,5921,6236,13893,6665,7228,12156,5781,6375,6945,3376,3569,1737,847,890,
52110,6948,3395,3553,12157,5921,6236,13894,6665,7229,12157,5781,6376,6947,3377,3570,1737,847,890,
52115,6948,3395,3553,12159,5923,6236,13895,6666,7229,12158,5781,6377,6948,3377,3571,1737,847,890,
52120,6949,3396,3553,12161,5923,6238,13898,6667,7231,12160,5781,6379,6948,3377,3571,1737,847,890,
52125,6950,3397,3553,12161,5923,6238,13898,6667,7231,12161,5782,6379,6948,3377,3571,1737,847,890,
52130,6951,3398,3553,12163,5923,6240,13901,6670,7231,12162,5783,6379,6949,3378,3571,1737,847,890,
52135,6951,3398,3553,12164,5923,6241,13901,6670,7231,12163,5783,6380,6949,3378,3571,1738,848,890,
52140,6952,3399,3553,12164,5923,6241,13902,6670,7232,12164,5784,6380,6951,3379,3572,1738,848,890,
52145,6952,3399,3553,12166,5923,6243,13903,6670,7233,12165,5784,6381,6952,3380,3572,1738,848,890,
52150,6953,3400,3553,12168,5925,6243,13906,6672,7234,12167,5784,6383,6952,3380,3572,1738,848,890,
52155,6954,3401,3553,12168,5925,6243,13906,6672,7234,12168,5785,6383,6952,3380,3572,1738,848,890,
52160,6955,3401,3554,12170,5926,6244,13909,6674,7235,12169,5785,6384,6953,3380,3573,1738,848,890,
52165,6955,3401,3554,12171,5926,6245,13909,6674,7235,12170,5786,6384,6953,3380,3573,1739,848,891,
52170,6956,3402,3554,12171,5926,6245,13910,6674,7236,12171,5786,6385,6955,3380,3575,1739,848,891,
52175,6956,3402,3554,12173,5927,6246,13911,6674,7237,12172,5787,6385,6956,3380,3576,1739,848,891,
52180,6957,3402,3555,12175,5927,6248,13914,6675,7239,12174,5788,6386,6956,3380,3576,1739,848,891,
52185,6958,3402,3556,12175,5927,6248,13914,6675,7239,12175,5789,6386,6956,3380,3576,1739,848,891,
52190,6959,3402,3557,12177,5928,6249,13917,6677,7240,12176,5790,6386,6957,3380,3577,1739,848,891,
52195,6959,3402,3557,12178,5928,6250,13917,6677,7240,12177,5790,6387,6957,3380,3577,1740,848,892,
52200,6960,3403,3557,12178,5928,6250,13918,6678,7240,12178,5790,6388,6959,3381,3578,1740,848,892,
52205,6960,3403,3557,12180,5929,6251,13919,6679,7240,12179,5790,6389,6960,3381,3579,1740,848,892,
52210,6961,3403,3558,12182,5929,6253,13922,6681,7241,12181,5790,6391,6960,3381,3579,1740,848,892,
52215,6962,3403,3559,12182,5929,6253,13922,6681,7241,12182,5791,6391,6960,3381,3579,1740,848,892,
52220,6963,3404,3559,12184,5929,6255,13925,6683,7242,12183,5792,6391,6961,3381,3580,1740,848,892,
52225,6963,3404,3559,12185,5930,6255,13925,6683,7242,12184,5792,6392,6961,3381,3580,1741,849,892,
52230,6964,3405,3559,12185,5930,6255,13926,6683,7243,12185,5792,6393,6963,3382,3581,1741,849,892,
52235,6964,3405,3559,12187,5931,6256,13927,6683,7244,12186,5792,6394,6964,3382,3582,1741,849,892,
52240,6965,3405,3560,12189,5932,6257,13930,6683,7247,12188,5792,6396,6964,3382,3582,1741,849,892,
52245,6966,3405,3561,12189,5932,6257,13930,6683,7247,12189,5793,6396,6964,3382,3582,1741,849,892,
52250,6967,3406,3561,12191,5933,6258,13933,6684,7249,12190,5793,6397,6965,3382,3583,1741,849,892,
52255,6967,3406,3561,12192,5933,6259,13933,6684,7249,12191,5794,6397,6965,3382,3583,1742,849,893,
52260,6968,3407,3561,12192,5933,6259,13934,6685,7249,12192,5794,6398,6967,3383,3584,1742,849,893,
52265,6968,3407,3561,12194,5934,6260,13935,6685,7250,12193,5795,6398,6968,3384,3584,1742,849,893,
52270,6969,3407,3562,12196,5935,6261,13938,6685,7253,12195,5796,6399,6968,3384,3584,1742,849,893,
52275,6970,3408,3562,12196,5935,6261,13938,6685,7253,12196,5796,6400,6968,3384,3584,1742,849,893,
52280,6971,3409,3562,12198,5936,6262,13941,6688,7253,12197,5796,6401,6969,3384,3585,1742,849,893,
52285,6971,3409,3562,12199,5936,6263,13941,6688,7253,12198,5797,6401,6969,3384,3585,1743,850,893,
52290,6972,3409,3563,12199,5936,6263,13942,6689,7253,12199,5797,6402,6971,3384,3587,1743,850,893,
52295,6972,3409,3563,12201,5936,6265,13943,6689,7254,12200,5798,6402,6972,3384,3588,1743,850,893,
52300,6973,3409,3564,12203,5936,6267,13946,6690,7256,12202,5800,6402,6972,3384,3588,1743,850,893,
52305,6974,3410,3564,12203,5936,6267,13946,6690,7256,12203,5801,6402,6972,3384,3588,1743,850,893,
52310,6975,3411,3564,12205,5936,6269,13949,6691,7258,12204,5802,6402,6973,3384,3589,1743,850,893,
52315,6975,3411,3564,12206,5937,6269,13949,6691,7258,12205,5803,6402,6973,3384,3589,1744,850,894,
52320,6976,3411,3565,12206,5937,6269,13950,6692,7258,12206,5803,6403,6975,3386,3589,1744,850,894,
52325,6976,3411,3565,12208,5939,6269,13951,6693,7258,12207,5803,6404,6976,3386,3590,1744,850,894,
52330,6977,3412,3565,12210,5940,6270,13954,6695,7259,12209,5803,6406,6976,3386,3590,1744,850,894,
52335,6978,3413,3565,12210,5940,6270,13954,6695,7259,12210,5803,6407,6976,3386,3590,1744,850,894,
52340,6979,3413,3566,12212,5941,6271,13957,6697,7260,12211,5804,6407,6977,3387,3590,1744,850,894,
52345,6979,3413,3566,12213,5941,6272,13957,6697,7260,12212,5805,6407,6977,3387,3590,1745,851,894,
52350,6980,3414,3566,12213,5941,6272,13958,6697,7261,12213,5806,6407,6979,3388,3591,1745,851,894,
52355,6980,3414,3566,12215,5943,6272,13959,6697,7262,12214,5807,6407,6980,3388,3592,1745,851,894,
52360,6981,3414,3567,12217,5943,6274,13962,6698,7264,12216,5809,6407,6980,3388,3592,1745,851,894,
52365,6982,3415,3567,12217,5943,6274,13962,6698,7264,12217,5809,6408,6980,3388,3592,1745,851,894,
52370,6983,3416,3567,12219,5943,6276,13965,6700,7265,12218,5809,6409,6981,3388,3593,1745,851,894,
52375,6983,3416,3567,12220,5943,6277,13965,6700,7265,12219,5810,6409,6981,3388,3593,1746,852,894,
52380,6984,3417,3567,12220,5943,6277,13966,6700,7266,12220,5810,6410,6983,3390,3593,1746,852,894,
52385,6984,3417,3567,12222,5945,6277,13967,6701,7266,12221,5811,6410,6984,3391,3593,1746,852,894,
52390,6985,3417,3568,12224,5946,6278,13970,6701,7269,12223,5811,6412,6984,3391,3593,1746,852,894,
52395,6986,3418,3568,12224,5946,6278,13970,6701,7269,12224,5811,6413,6984,3391,3593,1746,852,894,
52400,6987,3418,3569,12226,5946,6280,13973,6702,7271,12225,5812,6413,6985,3392,3593,1746,852,894,
52405,6987,3418,3569,12227,5946,6281,13973,6702,7271,12226,5812,6414,6985,3392,3593,1747,853,894,
52410,6988,3418,3570,12227,5946,6281,13974,6703,7271,12227,5812,6415,6987,3394,3593,1747,853,894,
52415,6988,3418,3570,12229,5947,6282,13975,6703,7272,12228,5812,6416,6988,3395,3593,1747,853,894,
52420,6989,3419,3570,12231,5948,6283,13978,6705,7273,12230,5814,6416,6988,3395,3593,1747,853,894,
52425,6990,3419,3571,12231,5948,6283,13978,6705,7273,12231,5814,6417,6988,3395,3593,1747,853,894,
52430,6991,3420,3571,12233,5949,6284,13981,6708,7273,12232,5814,6418,6989,3395,3594,1747,853,894,
52435,6991,3420,3571,12234,5949,6285,13981,6708,7273,12233,5815,6418,6989,3395,3594,1748,853,895,
52440,6992,3420,3572,12234,5949,6285,13982,6708,7274,12234,5815,6419,6991,3396,3595,1748,853,895,
52445,6992,3420,3572,12236,5950,6286,13983,6709,7274,12235,5815,6420,6992,3396,3596,1748,853,895,
52450,6993,3420,3573,12238,5951,6287,13986,6711,7275,12237,5816,6421,6992,3396,3596,1748,853,895,
52455,6994,3421,3573,12238,5951,6287,13986,6711,7275,12238,5816,6422,6992,3396,3596,1748,853,895,
52460,6995,3422,3573,12240,5953,6287,13989,6712,7277,12239,5816,6423,6993,3396,3597,1748,853,895,
52465,6995,3422,3573,12241,5954,6287,13989,6712,7277,12240,5817,6423,6993,3396,3597,1749,853,896,
52470,6996,3423,3573,12241,5954,6287,13990,6713,7277,12241,5818,6423,6995,3397,3598,1749,853,896,
52475,6996,3423,3573,12243,5955,6288,13991,6713,7278,12242,5818,6424,6996,3397,3599,1749,853,896,
52480,6997,3424,3573,12245,5956,6289,13994,6714,7280,12244,5820,6424,6996,3397,3599,1749,853,896,
52485,6998,3425,3573,12245,5956,6289,13994,6714,7280,12245,5820,6425,6996,3397,3599,1749,853,896,
52490,6999,3425,3574,12247,5957,6290,13997,6714,7283,12246,5821,6425,6997,3397,3600,1749,853,896,
52495,6999,3425,3574,12248,5957,6291,13997,6714,7283,12247,5821,6426,6997,3397,3600,1750,854,896,
52500,7000,3425,3575,12248,5957,6291,13998,6714,7284,12248,5822,6426,6999,3397,3602,1750,854,896,
52505,7000,3425,3575,12250,5959,6291,13999,6714,7285,12249,5822,6427,7000,3398,3602,1750,854,896,
52510,7001,3426,3575,12252,5961,6291,14002,6715,7287,12251,5822,6429,7000,3398,3602,1750,854,896,
52515,7002,3426,3576,12252,5961,6291,14002,6715,7287,12252,5822,6430,7000,3398,3602,1750,854,896,
52520,7003,3427,3576,12254,5962,6292,14005,6717,7288,12253,5822,6431,7001,3399,3602,1750,854,896,
52525,7003,3427,3576,12255,5962,6293,14005,6717,7288,12254,5822,6432,7001,3399,3602,1751,855,896,
52530,7004,3428,3576,12255,5962,6293,14006,6717,7289,12255,5822,6433,7003,3399,3604,1751,855,896,
52535,7004,3428,3576,12257,5963,6294,14007,6717,7290,12256,5823,6433,7004,3400,3604,1751,855,896,
52540,7005,3429,3576,12259,5964,6295,14010,6718,7292,12258,5825,6433,7004,3400,3604,1751,855,896,
52545,7006,3429,3577,12259,5964,6295,14010,6718,7292,12259,5825,6434,7004,3400,3604,1751,855,896,
52550,7007,3429,3578,12261,5964,6297,14013,6719,7294,12260,5826,6434,7005,3400,3605,1751,855,896,
52555,7007,3429,3578,12262,5965,6297,14013,6719,7294,12261,5827,6434,7005,3400,3605,1752,855,897,
52560,7008,3430,3578,12262,5965,6297,14014,6720,7294,12262,5827,6435,7007,3401,3606,1752,855,897,
52565,7008,3430,3578,12264,5966,6298,14015,6720,7295,12263,5827,6436,7008,3401,3607,1752,855,897,
52570,7009,3430,3579,12266,5967,6299,14018,6721,7297,12265,5828,6437,7008,3401,3607,1752,855,897,
52575,7010,3430,3580,12266,5967,6299,14018,6721,7297,12266,5829,6437,7008,3401,3607,1752,855,897,
52580,7011,3430,3581,12268,5968,6300,14021,6722,7299,12267,5830,6437,7009,3402,3607,1752,855,897,
52585,7011,3430,3581,12269,5968,6301,14021,6722,7299,12268,5830,6438,7009,3402,3607,1753,855,898,
52590,7012,3431,3581,12269,5968,6301,14022,6722,7300,12269,5830,6439,7011,3404,3607,1753,855,898,
52595,7012,3431,3581,12271,5969,6302,14023,6723,7300,12270,5830,6440,7012,3405,3607,1753,855,898,
52600,7013,3432,3581,12273,5970,6303,14026,6725,7301,12272,5831,6441,7012,3405,3607,1753,855,898,
52605,7014,3433,3581,12273,5970,6303,14026,6725,7301,12273,5832,6441,7012,3405,3607,1753,855,898,
52610,7015,3433,3582,12275,5971,6304,14029,6726,7303,12274,5833,6441,7013,3405,3608,1753,855,898,
52615,7015,3433,3582,12276,5971,6305,14029,6726,7303,12275,5833,6442,7013,3405,3608,1754,855,899,
52620,7016,3433,3583,12276,5971,6305,14030,6726,7304,12276,5833,6443,7015,3406,3609,1754,855,899,
52625,7016,3433,3583,12278,5972,6306,14031,6726,7305,12277,5833,6444,7016,3406,3610,1754,855,899,
52630,7017,3434,3583,12280,5973,6307,14034,6728,7306,12279,5834,6445,7016,3406,3610,1754,855,899,
52635,7018,3435,3583,12280,5973,6307,14034,6728,7306,12280,5834,6446,7016,3406,3610,1754,855,899,
52640,7019,3435,3584,12282,5974,6308,14037,6730,7307,12281,5834,6447,7017,3406,3611,1754,855,899,
52645,7019,3435,3584,12283,5974,6309,14037,6730,7307,12282,5834,6448,7017,3406,3611,1755,855,900,
52650,7020,3435,3585,12283,5974,6309,14038,6731,7307,12283,5835,6448,7019,3406,3613,1755,855,900,
52655,7020,3435,3585,12285,5975,6310,14039,6732,7307,12284,5836,6448,7020,3407,3613,1755,855,900,
52660,7021,3435,3586,12287,5976,6311,14042,6733,7309,12286,5837,6449,7020,3407,3613,1755,855,900,
52665,7022,3435,3587,12287,5976,6311,14042,6733,7309,12287,5837,6450,7020,3407,3613,1755,855,900,
52670,7023,3435,3588,12289,5976,6313,14045,6735,7310,12288,5838,6450,7021,3407,3614,1755,855,900,
52675,7023,3435,3588,12290,5977,6313,14045,6735,7310,12289,5838,6451,7021,3407,3614,1756,855,901,
52680,7024,3435,3589,12290,5977,6313,14046,6735,7311,12290,5838,6452,7023,3407,3616,1756,855,901,
52685,7024,3435,3589,12292,5978,6314,14047,6736,7311,12291,5838,6453,7024,3407,3617,1756,855,901,
52690,7025,3436,3589,12294,5979,6315,14050,6738,7312,12293,5839,6454,7024,3407,3617,1756,855,901,
52695,7026,3437,3589,12294,5979,6315,14050,6738,7312,12294,5840,6454,7024,3407,3617,1756,855,901,
52700,7027,3438,3589,12296,5980,6316,14053,6740,7313,12295,5840,6455,7025,3407,3618,1756,855,901,
52705,7027,3438,3589,12297,5981,6316,14053,6740,7313,12296,5841,6455,7025,3407,3618,1757,855,902,
52710,7028,3438,3590,12297,5981,6316,14054,6740,7314,12297,5841,6456,7027,3408,3619,1757,855,902,
52715,7028,3438,3590,12299,5983,6316,14055,6741,7314,12298,5842,6456,7028,3409,3619,1757,855,902,
52720,7029,3439,3590,12301,5985,6316,14058,6741,7317,12300,5843,6457,7028,3409,3619,1757,855,902,
52725,7030,3439,3591,12301,5985,6316,14058,6741,7317,12301,5843,6458,7028,3409,3619,1757,855,902,
52730,7031,3440,3591,12303,5987,6316,14061,6744,7317,12302,5844,6458,7029,3410,3619,1757,855,902,
52735,7031,3440,3591,12304,5987,6317,14061,6744,7317,12303,5845,6458,7029,3410,3619,1758,855,903,
52740,7032,3440,3592,12304,5987,6317,14062,6744,7318,12304,5845,6459,7031,3410,3621,1758,855,903,
52745,7032,3440,3592,12306,5987,6319,14063,6745,7318,12305,5845,6460,7032,3410,3622,1758,855,903,
52750,7033,3441,3592,12308,5987,6321,14066,6746,7320,12307,5847,6460,7032,3410,3622,1758,855,903,
52755,7034,3442,3592,12308,5987,6321,14066,6746,7320,12308,5847,6461,7032,3410,3622,1758,855,903,
52760,7035,3442,3593,12310,5988,6322,14069,6747,7322,12309,5848,6461,7033,3411,3622,1758,855,903,
52765,7035,3442,3593,12311,5988,6323,14069,6747,7322,12310,5849,6461,7033,3411,3622,1759,856,903,
52770,7036,3443,3593,12311,5988,6323,14070,6748,7322,12311,5850,6461,7035,3412,3623,1759,856,903,
52775,7036,3443,3593,12313,5989,6324,14071,6748,7323,12312,5850,6462,7036,3413,3623,1759,856,903,
52780,7037,3444,3593,12315,5989,6326,14074,6750,7324,12314,5851,6463,7036,3413,3623,1759,856,903,
52785,7038,3444,3594,12315,5989,6326,14074,6750,7324,12315,5851,6464,7036,3413,3623,1759,856,903,
52790,7039,3444,3595,12317,5989,6328,14077,6751,7326,12316,5851,6465,7037,3414,3623,1759,856,903,
52795,7039,3444,3595,12318,5989,6329,14077,6751,7326,12317,5852,6465,7037,3414,3623,1760,856,904,
52800,7040,3444,3596,12318,5989,6329,14078,6751,7327,12318,5853,6465,7039,3414,3625,1760,856,904,
52805,7040,3444,3596,12320,5989,6331,14079,6752,7327,12319,5853,6466,7040,3415,3625,1760,856,904,
52810,7041,3444,3597,12322,5991,6331,14082,6754,7328,12321,5854,6467,7040,3415,3625,1760,856,904,
52815,7042,3444,3598,12322,5991,6331,14082,6754,7328,12322,5854,6468,7040,3415,3625,1760,856,904,
52820,7043,3444,3599,12324,5991,6333,14085,6756,7329,12323,5854,6469,7041,3415,3626,1760,856,904,
52825,7043,3444,3599,12325,5992,6333,14085,6756,7329,12324,5854,6470,7041,3415,3626,1761,856,905,
52830,7044,3445,3599,12325,5992,6333,14086,6756,7330,12325,5855,6470,7043,3415,3628,1761,856,905,
52835,7044,3445,3599,12327,5994,6333,14087,6757,7330,12326,5856,6470,7044,3416,3628,1761,856,905,
52840,7045,3445,3600,12329,5995,6334,14090,6757,7333,12328,5858,6470,7044,3416,3628,1761,856,905,
52845,7046,3446,3600,12329,5995,6334,14090,6757,7333,12329,5858,6471,7044,3416,3628,1761,856,905,
52850,7047,3446,3601,12331,5996,6335,14093,6758,7335,12330,5859,6471,7045,3417,3628,1761,856,905,
52855,7047,3446,3601,12332,5996,6336,14093,6758,7335,12331,5859,6472,7045,3417,3628,1762,857,905,
52860,7048,3446,3602,12332,5996,6336,14094,6758,7336,12332,5860,6472,7047,3417,3630,1762,857,905,
52865,7048,3446,3602,12334,5998,6336,14095,6758,7337,12333,5860,6473,7048,3417,3631,1762,857,905,
52870,7049,3446,3603,12336,6000,6336,14098,6760,7338,12335,5860,6475,7048,3417,3631,1762,857,905,
52875,7050,3447,3603,12336,6000,6336,14098,6760,7338,12336,5860,6476,7048,3417,3631,1762,857,905,
52880,7051,3447,3604,12338,6000,6338,14101,6760,7341,12337,5861,6476,7049,3418,3631,1762,857,905,
52885,7051,3447,3604,12339,6001,6338,14101,6760,7341,12338,5862,6476,7049,3418,3631,1763,858,905,
52890,7052,3447,3605,12339,6001,6338,14102,6760,7342,12339,5863,6476,7051,3418,3633,1763,858,905,
52895,7052,3447,3605,12341,6002,6339,14103,6761,7342,12340,5863,6477,7052,3418,3634,1763,858,905,
52900,7053,3447,3606,12343,6003,6340,14106,6763,7343,12342,5865,6477,7052,3418,3634,1763,858,905,
52905,7054,3448,3606,12343,6003,6340,14106,6763,7343,12343,5865,6478,7052,3418,3634,1763,858,905,
52910,7055,3448,3607,12345,6003,6342,14109,6765,7344,12344,5866,6478,7053,3419,3634,1763,858,905,
52915,7055,3448,3607,12346,6003,6343,14109,6765,7344,12345,5867,6478,7053,3419,3634,1764,858,906,
52920,7056,3449,3607,12346,6003,6343,14110,6766,7344,12346,5867,6479,7055,3421,3634,1764,858,906,
52925,7056,3449,3607,12348,6004,6344,14111,6767,7344,12347,5867,6480,7056,3421,3635,1764,858,906,
52930,7057,3449,3608,12350,6005,6345,14114,6770,7344,12349,5869,6480,7056,3421,3635,1764,858,906,
52935,7058,3449,3609,12350,6005,6345,14114,6770,7344,12350,5870,6480,7056,3421,3635,1764,858,906,
52940,7059,3449,3610,12352,6006,6346,14117,6771,7346,12351,5870,6481,7057,3421,3636,1764,858,906,
52945,7059,3449,3610,12353,6007,6346,14117,6771,7346,12352,5871,6481,7057,3421,3636,1765,858,907,
52950,7060,3450,3610,12353,6007,6346,14118,6771,7347,12353,5872,6481,7059,3421,3638,1765,858,907,
52955,7060,3450,3610,12355,6008,6347,14119,6771,7348,12354,5873,6481,7060,3422,3638,1765,858,907,
52960,7061,3450,3611,12357,6009,6348,14122,6772,7350,12356,5873,6483,7060,3422,3638,1765,858,907,
52965,7062,3451,3611,12357,6009,6348,14122,6772,7350,12357,5873,6484,7060,3422,3638,1765,858,907,
52970,7063,3451,3612,12359,6011,6348,14125,6773,7352,12358,5873,6485,7061,3422,3639,1765,858,907,
52975,7063,3451,3612,12360,6012,6348,14125,6773,7352,12359,5873,6486,7061,3422,3639,1766,859,907,
52980,7064,3451,3613,12360,6012,6348,14126,6773,7353,12360,5873,6487,7063,3423,3640,1766,859,907,
52985,7064,3451,3613,12362,6013,6349,14127,6774,7353,12361,5874,6487,7064,3423,3641,1766,859,907,
52990,7065,3452,3613,12364,6013,6351,14130,6776,7354,12363,5874,6489,7064,3423,3641,1766,859,907,
52995,7066,3453,3613,12364,6013,6351,14130,6776,7354,12364,5875,6489,7064,3423,3641,1766,859,907,
53000,7067,3453,3614,12366,6015,6351,14133,6778,7355,12365,5875,6490,7065,3423,3642,1766,859,907,
53005,7067,3453,3614,12367,6015,6352,14133,6778,7355,12366,5875,6491,7065,3423,3642,1767,860,907,
53010,7068,3454,3614,12367,6015,6352,14134,6778,7356,12367,5875,6492,7067,3424,3643,1767,860,907,
53015,7068,3454,3614,12369,6016,6353,14135,6779,7356,12368,5875,6493,7068,3424,3644,1767,860,907,
53020,7069,3454,3615,12371,6017,6354,14138,6779,7359,12370,5876,6494,7068,3424,3644,1767,860,907,
53025,7070,3455,3615,12371,6017,6354,14138,6779,7359,12371,5877,6494,7068,3424,3644,1767,860,907,
53030,7071,3455,3616,12373,6018,6355,14141,6781,7360,12372,5877,6495,7069,3424,3645,1767,860,907,
53035,7071,3455,3616,12374,6018,6356,14141,6781,7360,12373,5877,6496,7069,3424,3645,1768,860,908,
53040,7072,3456,3616,12374,6018,6356,14142,6781,7361,12374,5877,6497,7071,3424,3647,1768,860,908,
53045,7072,3456,3616,12376,6018,6358,14143,6782,7361,12375,5877,6498,7072,3424,3648,1768,860,908,
53050,7073,3457,3616,12378,6020,6358,14146,6783,7363,12377,5877,6500,7072,3424,3648,1768,860,908,
53055,7074,3457,3617,12378,6020,6358,14146,6783,7363,12378,5877,6501,7072,3424,3648,1768,860,908,
53060,7075,3458,3617,12380,6021,6359,14149,6786,7363,12379,5878,6501,7073,3424,3649,1768,860,908,
53065,7075,3458,3617,12381,6021,6360,14149,6786,7363,12380,5879,6501,7073,3424,3649,1769,860,909,
53070,7076,3458,3618,12381,6021,6360,14150,6787,7363,12381,5879,6502,7075,3425,3650,1769,860,909,
53075,7076,3458,3618,12383,6023,6360,14151,6787,7364,12382,5880,6502,7076,3425,3651,1769,860,909,
53080,7077,3459,3618,12385,6023,6362,14154,6789,7365,12384,5880,6504,7076,3425,3651,1769,860,909,
53085,7078,3460,3618,12385,6023,6362,14154,6789,7365,12385,5880,6505,7076,3425,3651,1769,860,909,
53090,7079,3461,3618,12387,6023,6364,14157,6792,7365,12386,5881,6505,7077,3425,3652,1769,860,909,
53095,7079,3461,3618,12388,6023,6365,14157,6792,7365,12387,5882,6505,7077,3425,3652,1770,861,909,
53100,7080,3461,3619,12388,6023,6365,14158,6792,7366,12388,5883,6505,7079,3427,3652,1770,861,909,
53105,7080,3461,3619,12390,6025,6365,14159,6793,7366,12389,5883,6506,7080,3427,3653,1770,861,909,
53110,7081,3461,3620,12392,6026,6366,14162,6795,7367,12391,5885,6506,7080,3427,3653,1770,861,909,
53115,7082,3462,3620,12392,6026,6366,14162,6795,7367,12392,5886,6506,7080,3427,3653,1770,861,909,
53120,7083,3462,3621,12394,6027,6367,14165,6797,7368,12393,5886,6507,7081,3427,3654,1770,861,909,
53125,7083,3462,3621,12395,6028,6367,14165,6797,7368,12394,5887,6507,7081,3427,3654,1771,862,909,
53130,7084,3463,3621,12395,6028,6367,14166,6797,7369,12395,5888,6507,7083,3428,3655,1771,862,909,
53135,7084,3463,3621,12397,6029,6368,14167,6797,7370,12396,5888,6508,7084,3428,3656,1771,862,909,
53140,7085,3464,3621,12399,6029,6370,14170,6800,7370,12398,5889,6509,7084,3428,3656,1771,862,909,
53145,7086,3465,3621,12399,6029,6370,14170,6800,7370,12399,5890,6509,7084,3428,3656,1771,862,909,
53150,7087,3465,3622,12401,6030,6371,14173,6803,7370,12400,5890,6510,7085,3428,3657,1771,862,909,
53155,7087,3465,3622,12402,6030,6372,14173,6803,7370,12401,5891,6510,7085,3428,3657,1772,862,910,
53160,7088,3465,3623,12402,6030,6372,14174,6803,7371,12402,5891,6511,7087,3428,3659,1772,862,910,
53165,7088,3465,3623,12404,6030,6374,14175,6804,7371,12403,5891,6512,7088,3429,3659,1772,862,910,
53170,7089,3465,3624,12406,6030,6376,14178,6805,7373,12405,5892,6513,7088,3429,3659,1772,862,910,
53175,7090,3465,3625,12406,6030,6376,14178,6805,7373,12406,5892,6514,7088,3429,3659,1772,862,910,
53180,7091,3465,3626,12408,6030,6378,14181,6808,7373,12407,5892,6515,7089,3429,3660,1772,862,910,
53185,7091,3465,3626,12409,6031,6378,14181,6808,7373,12408,5893,6515,7089,3429,3660,1773,863,910,
53190,7092,3466,3626,12409,6031,6378,14182,6808,7374,12409,5894,6515,7091,3431,3660,1773,863,910,
53195,7092,3466,3626,12411,6033,6378,14183,6809,7374,12410,5894,6516,7092,3432,3660,1773,863,910,
53200,7093,3466,3627,12413,6034,6379,14186,6812,7374,12412,5896,6516,7092,3432,3660,1773,863,910,
53205,7094,3467,3627,12413,6034,6379,14186,6812,7374,12413,5897,6516,7092,3432,3660,1773,863,910,
53210,7095,3468,3627,12415,6036,6379,14189,6813,7376,12414,5897,6517,7093,3433,3660,1773,863,910,
53215,7095,3468,3627,12416,6036,6380,14189,6813,7376,12415,5897,6518,7093,3433,3660,1774,863,911,
53220,7096,3469,3627,12416,6036,6380,14190,6813,7377,12416,5898,6518,7095,3433,3662,1774,863,911,
53225,7096,3469,3627,12418,6037,6381,14191,6814,7377,12417,5898,6519,7096,3433,3663,1774,863,911,
53230,7097,3470,3627,12420,6038,6382,14194,6817,7377,12419,5899,6520,7096,3433,3663,1774,863,911,
53235,7098,3471,3627,12420,6038,6382,14194,6817,7377,12420,5900,6520,7096,3433,3663,1774,863,911,
53240,7099,3472,3627,12422,6038,6384,14197,6819,7378,12421,5900,6521,7097,3433,3664,1774,863,911,
53245,7099,3472,3627,12423,6038,6385,14197,6819,7378,12422,5901,6521,7097,3433,3664,1775,864,911,
53250,7100,3473,3627,12423,6038,6385,14198,6819,7379,12423,5902,6521,7099,3435,3664,1775,864,911,
53255,7100,3473,3627,12425,6039,6386,14199,6819,7380,12424,5902,6522,7100,3435,3665,1775,864,911,
53260,7101,3474,3627,12427,6040,6387,14202,6821,7381,12426,5902,6524,7100,3435,3665,1775,864,911,
53265,7102,3475,3627,12427,6040,6387,14202,6821,7381,12427,5903,6524,7100,3435,3665,1775,864,911,
53270,7103,3476,3627,12429,6042,6387,14205,6822,7383,12428,5903,6525,7101,3435,3666,1775,864,911,
53275,7103,3476,3627,12430,6043,6387,14205,6822,7383,12429,5904,6525,7101,3435,3666,1776,864,912,
53280,7104,3476,3628,12430,6043,6387,14206,6822,7384,12430,5904,6526,7103,3437,3666,1776,864,912,
53285,7104,3476,3628,12432,6043,6389,14207,6822,7385,12431,5905,6526,7104,3437,3667,1776,864,912,
53290,7105,3477,3628,12434,6045,6389,14210,6824,7386,12433,5907,6526,7104,3437,3667,1776,864,912,
53295,7106,3477,3629,12434,6045,6389,14210,6824,7386,12434,5907,6527,7104,3437,3667,1776,864,912,
53300,7107,3477,3630,12436,6046,6390,14213,6827,7386,12435,5908,6527,7105,3438,3667,1776,864,912,
53305,7107,3477,3630,12437,6046,6391,14213,6827,7386,12436,5908,6528,7105,3438,3667,1777,864,913,
53310,7108,3478,3630,12437,6046,6391,14214,6827,7387,12437,5908,6529,7107,3440,3667,1777,864,913,
53315,7108,3478,3630,12439,6047,6392,14215,6827,7388,12438,5909,6529,7108,3441,3667,1777,864,913,
53320,7109,3479,3630,12441,6048,6393,14218,6829,7389,12440,5909,6531,7108,3441,3667,1777,864,913,
53325,7110,3479,3631,12441,6048,6393,14218,6829,7389,12441,5909,6532,7108,3441,3667,1777,864,913,
53330,7111,3480,3631,12443,6050,6393,14221,6831,7390,12442,5909,6533,7109,3442,3667,1777,864,913,
53335,7111,3480,3631,12444,6050,6394,14221,6831,7390,12443,5910,6533,7109,3442,3667,1778,865,913,
53340,7112,3480,3632,12444,6050,6394,14222,6831,7391,12444,5910,6534,7111,3443,3668,1778,865,913,
53345,7112,3480,3632,12446,6051,6395,14223,6832,7391,12445,5911,6534,7112,3444,3668,1778,865,913,
53350,7113,3480,3633,12448,6052,6396,14226,6832,7394,12447,5911,6536,7112,3444,3668,1778,865,913,
53355,7114,3481,3633,12448,6052,6396,14226,6832,7394,12448,5911,6537,7112,3444,3668,1778,865,913,
53360,7115,3482,3633,12450,6053,6397,14229,6833,7396,12449,5911,6538,7113,3444,3669,1778,865,913,
53365,7115,3482,3633,12451,6053,6398,14229,6833,7396,12450,5911,6539,7113,3444,3669,1779,865,914,
53370,7116,3483,3633,12451,6053,6398,14230,6834,7396,12451,5912,6539,7115,3445,3670,1779,865,914,
53375,7116,3483,3633,12453,6055,6398,14231,6834,7397,12452,5913,6539,7116,3445,3671,1779,865,914,
53380,7117,3484,3633,12455,6056,6399,14234,6837,7397,12454,5913,6541,7116,3445,3671,1779,865,914,
53385,7118,3484,3634,12455,6056,6399,14234,6837,7397,12455,5914,6541,7116,3445,3671,1779,865,914,
53390,7119,3484,3635,12457,6057,6400,14237,6837,7400,12456,5914,6542,7117,3445,3672,1779,865,914,
53395,7119,3484,3635,12458,6058,6400,14237,6837,7400,12457,5914,6543,7117,3445,3672,1780,865,915,
53400,7120,3484,3636,12458,6058,6400,14238,6837,7401,12458,5915,6543,7119,3445,3674,1780,865,915,
53405,7120,3484,3636,12460,6058,6402,14239,6837,7402,12459,5916,6543,7120,3446,3674,1780,865,915,
53410,7121,3485,3636,12462,6058,6404,14242,6837,7405,12461,5917,6544,7120,3446,3674,1780,865,915,
53415,7122,3485,3637,12462,6058,6404,14242,6837,7405,12462,5918,6544,7120,3446,3674,1780,865,915,
53420,7123,3486,3637,12464,6060,6404,14245,6839,7406,12463,5919,6544,7121,3447,3674,1780,865,915,
53425,7123,3486,3637,12465,6060,6405,14245,6839,7406,12464,5920,6544,7121,3447,3674,1781,866,915,
53430,7124,3486,3638,12465,6060,6405,14246,6839,7407,12465,5920,6545,7123,3447,3676,1781,866,915,
53435,7124,3486,3638,12467,6061,6406,14247,6839,7408,12466,5921,6545,7124,3447,3677,1781,866,915,
53440,7125,3486,3639,12469,6062,6407,14250,6841,7409,12468,5921,6547,7124,3447,3677,1781,866,915,
53445,7126,3487,3639,12469,6062,6407,14250,6841,7409,12469,5922,6547,7124,3447,3677,1781,866,915,
53450,7127,3488,3639,12471,6063,6408,14253,6842,7411,12470,5922,6548,7125,3447,3678,1781,866,915,
53455,7127,3488,3639,12472,6063,6409,14253,6842,7411,12471,5923,6548,7125,3447,3678,1782,866,916,
53460,7128,3489,3639,12472,6063,6409,14254,6842,7412,12472,5923,6549,7127,3448,3679,1782,866,916,
53465,7128,3489,3639,12474,6064,6410,14255,6842,7413,12473,5923,6550,7128,3448,3680,1782,866,916,
53470,7129,3489,3640,12476,6064,6412,14258,6844,7414,12475,5923,6552,7128,3448,3680,1782,866,916,
53475,7130,3490,3640,12476,6064,6412,14258,6844,7414,12476,5924,6552,7128,3448,3680,1782,866,916,
53480,7131,3490,3641,12478,6064,6414,14261,6846,7415,12477,5924,6553,7129,3448,3681,1782,866,916,
53485,7131,3490,3641,12479,6064,6415,14261,6846,7415,12478,5924,6554,7129,3448,3681,1783,866,917,
53490,7132,3490,3642,12479,6064,6415,14262,6846,7416,12479,5925,6554,7131,3448,3683,1783,866,917,
53495,7132,3490,3642,12481,6066,6415,14263,6847,7416,12480,5926,6554,7132,3449,3683,1783,866,917,
53500,7133,3491,3642,12483,6067,6416,14266,6848,7418,12482,5927,6555,7132,3449,3683,1783,866,917,
53505,7134,3492,3642,12483,6067,6416,14266,6848,7418,12483,5928,6555,7132,3449,3683,1783,866,917,
53510,7135,3493,3642,12485,6068,6417,14269,6851,7418,12484,5929,6555,7133,3450,3683,1783,866,917,
53515,7135,3493,3642,12486,6069,6417,14269,6851,7418,12485,5929,6556,7133,3450,3683,1784,867,917,
53520,7136,3494,3642,12486,6069,6417,14270,6852,7418,12486,5930,6556,7135,3451,3684,1784,867,917,
53525,7136,3494,3642,12488,6069,6419,14271,6852,7419,12487,5931,6556,7136,3451,3685,1784,867,917,
53530,7137,3494,3643,12490,6070,6420,14274,6854,7420,12489,5933,6556,7136,3451,3685,1784,867,917,
53535,7138,3494,3644,12490,6070,6420,14274,6854,7420,12490,5934,6556,7136,3451,3685,1784,867,917,
53540,7139,3494,3645,12492,6071,6421,14277,6855,7422,12491,5934,6557,7137,3451,3686,1784,867,917,
53545,7139,3494,3645,12493,6072,6421,14277,6855,7422,12492,5935,6557,7137,3451,3686,1785,867,918,
53550,7140,3494,3646,12493,6072,6421,14278,6855,7423,12493,5935,6558,7139,3452,3687,1785,867,918,
53555,7140,3494,3646,12495,6072,6423,14279,6856,7423,12494,5936,6558,7140,3453,3687,1785,867,918,
53560,7141,3494,3647,12497,6072,6425,14282,6859,7423,12496,5937,6559,7140,3453,3687,1785,867,918,
53565,7142,3495,3647,12497,6072,6425,14282,6859,7423,12497,5938,6559,7140,3453,3687,1785,867,918,
53570,7143,3495,3648,12499,6072,6427,14285,6861,7424,12498,5938,6560,7141,3454,3687,1785,867,918,
53575,7143,3495,3648,12500,6073,6427,14285,6861,7424,12499,5938,6561,7141,3454,3687,1786,867,919,
53580,7144,3495,3649,12500,6073,6427,14286,6861,7425,12500,5938,6562,7143,3454,3689,1786,867,919,
53585,7144,3495,3649,12502,6073,6429,14287,6861,7426,12501,5939,6562,7144,3455,3689,1786,867,919,
53590,7145,3495,3650,12504,6073,6431,14290,6861,7429,12503,5941,6562,7144,3455,3689,1786,867,919,
53595,7146,3496,3650,12504,6073,6431,14290,6861,7429,12504,5942,6562,7144,3455,3689,1786,867,919,
53600,7147,3497,3650,12506,6074,6432,14293,6863,7430,12505,5942,6563,7145,3455,3690,1786,867,919,
53605,7147,3497,3650,12507,6074,6433,14293,6863,7430,12506,5943,6563,7145,3455,3690,1787,867,920,
53610,7148,3498,3650,12507,6074,6433,14294,6864,7430,12507,5943,6564,7147,3455,3692,1787,867,920,
53615,7148,3498,3650,12509,6075,6434,14295,6864,7431,12508,5943,6565,7148,3455,3693,1787,867,920,
53620,7149,3499,3650,12511,6076,6435,14298,6866,7432,12510,5944,6566,7148,3455,3693,1787,867,920,
53625,7150,3500,3650,12511,6076,6435,14298,6866,7432,12511,5945,6566,7148,3455,3693,1787,867,920,
53630,7151,3500,3651,12513,6077,6436,14301,6866,7435,12512,5945,6567,7149,3455,3694,1787,867,920,
53635,7151,3500,3651,12514,6078,6436,14301,6866,7435,12513,5945,6568,7149,3455,3694,1788,868,920,
53640,7152,3501,3651,12514,6078,6436,14302,6866,7436,12514,5946,6568,7151,3456,3695,1788,868,920,
53645,7152,3501,3651,12516,6079,6437,14303,6867,7436,12515,5947,6568,7152,3457,3695,1788,868,920,
53650,7153,3501,3652,12518,6080,6438,14306,6869,7437,12517,5949,6568,7152,3457,3695,1788,868,920,
53655,7154,3501,3653,12518,6080,6438,14306,6869,7437,12518,5950,6568,7152,3457,3695,1788,868,920,
53660,7155,3501,3654,12520,6082,6438,14309,6871,7438,12519,5951,6568,7153,3458,3695,1788,868,920,
53665,7155,3501,3654,12521,6082,6439,14309,6871,7438,12520,5951,6569,7153,3458,3695,1789,869,920,
53670,7156,3502,3654,12521,6082,6439,14310,6872,7438,12521,5952,6569,7155,3458,3697,1789,869,920,
53675,7156,3502,3654,12523,6082,6441,14311,6873,7438,12522,5952,6570,7156,3458,3698,1789,869,920,
53680,7157,3503,3654,12525,6084,6441,14314,6874,7440,12524,5953,6571,7156,3458,3698,1789,869,920,
53685,7158,3503,3655,12525,6084,6441,14314,6874,7440,12525,5954,6571,7156,3458,3698,1789,869,920,
53690,7159,3503,3656,12527,6085,6442,14317,6875,7442,12526,5954,6572,7157,3459,3698,1789,869,920,
53695,7159,3503,3656,12528,6086,6442,14317,6875,7442,12527,5954,6573,7157,3459,3698,1790,870,920,
53700,7160,3503,3657,12528,6086,6442,14318,6875,7443,12528,5954,6574,7159,3460,3699,1790,870,920,
53705,7160,3503,3657,12530,6088,6442,14319,6876,7443,12529,5955,6574,7160,3461,3699,1790,870,920,
53710,7161,3503,3658,12532,6089,6443,14322,6877,7445,12531,5956,6575,7160,3461,3699,1790,870,920,
53715,7162,3504,3658,12532,6089,6443,14322,6877,7445,12532,5956,6576,7160,3461,3699,1790,870,920,
53720,7163,3505,3658,12534,6091,6443,14325,6879,7446,12533,5956,6577,7161,3462,3699,1790,870,920,
53725,7163,3505,3658,12535,6092,6443,14325,6879,7446,12534,5957,6577,7161,3462,3699,1791,870,921,
53730,7164,3505,3659,12535,6092,6443,14326,6879,7447,12535,5957,6578,7163,3462,3701,1791,870,921,
53735,7164,3505,3659,12537,6092,6445,14327,6879,7448,12536,5957,6579,7164,3463,3701,1791,870,921,
53740,7165,3506,3659,12539,6092,6447,14330,6880,7450,12538,5958,6580,7164,3463,3701,1791,870,921,
53745,7166,3507,3659,12539,6092,6447,14330,6880,7450,12539,5959,6580,7164,3463,3701,1791,870,921,
53750,7167,3507,3660,12541,6093,6448,14333,6881,7452,12540,5959,6581,7165,3464,3701,1791,870,921,
53755,7167,3507,3660,12542,6094,6448,14333,6881,7452,12541,5960,6581,7165,3464,3701,1792,871,921,
53760,7168,3507,3661,12542,6094,6448,14334,6881,7453,12542,5960,6582,7167,3465,3702,1792,871,921,
53765,7168,3507,3661,12544,6094,6450,14335,6881,7454,12543,5961,6582,7168,3466,3702,1792,871,921,
53770,7169,3508,3661,12546,6094,6452,14338,6884,7454,12545,5961,6584,7168,3466,3702,1792,871,921,
53775,7170,3509,3661,12546,6094,6452,14338,6884,7454,12546,5962,6584,7168,3466,3702,1792,871,921,
53780,7171,3510,3661,12548,6095,6453,14341,6884,7457,12547,5962,6585,7169,3466,3703,1792,871,921,
53785,7171,3510,3661,12549,6096,6453,14341,6884,7457,12548,5963,6585,7169,3466,3703,1793,871,922,
53790,7172,3510,3662,12549,6096,6453,14342,6885,7457,12549,5963,6586,7171,3467,3704,1793,871,922,
53795,7172,3510,3662,12551,6097,6454,14343,6885,7458,12550,5963,6587,7172,3468,3704,1793,871,922,
53800,7173,3510,3663,12553,6099,6454,14346,6886,7460,12552,5963,6589,7172,3468,3704,1793,871,922,
53805,7174,3510,3664,12553,6099,6454,14346,6886,7460,12553,5963,6590,7172,3468,3704,1793,871,922,
53810,7175,3511,3664,12555,6100,6455,14349,6887,7462,12554,5964,6590,7173,3468,3705,1793,871,922,
53815,7175,3511,3664,12556,6101,6455,14349,6887,7462,12555,5965,6590,7173,3468,3705,1794,871,923,
53820,7176,3512,3664,12556,6101,6455,14350,6888,7462,12556,5966,6590,7175,3469,3706,1794,871,923,
53825,7176,3512,3664,12558,6101,6457,14351,6889,7462,12557,5967,6590,7176,3470,3706,1794,871,923,
53830,7177,3512,3665,12560,6102,6458,14354,6891,7463,12559,5969,6590,7176,3470,3706,1794,871,923,
53835,7178,3513,3665,12560,6102,6458,14354,6891,7463,12560,5969,6591,7176,3470,3706,1794,871,923,
53840,7179,3514,3665,12562,6103,6459,14357,6891,7466,12561,5969,6592,7177,3470,3707,1794,871,923,
53845,7179,3514,3665,12563,6103,6460,14357,6891,7466,12562,5970,6592,7177,3470,3707,1795,872,923,
53850,7180,3514,3666,12563,6103,6460,14358,6891,7467,12563,5970,6593,7179,3470,3709,1795,872,923,
53855,7180,3514,3666,12565,6105,6460,14359,6892,7467,12564,5970,6594,7180,3470,3710,1795,872,923,
53860,7181,3515,3666,12567,6106,6461,14362,6894,7468,12566,5970,6596,7180,3470,3710,1795,872,923,
53865,7182,3515,3667,12567,6106,6461,14362,6894,7468,12567,5971,6596,7180,3470,3710,1795,872,923,
53870,7183,3516,3667,12569,6106,6463,14365,6895,7470,12568,5972,6596,7181,3470,3711,1795,872,923,
53875,7183,3516,3667,12570,6106,6464,14365,6895,7470,12569,5973,6596,7181,3470,3711,1796,873,923,
53880,7184,3517,3667,12570,6106,6464,14366,6895,7471,12570,5973,6597,7183,3470,3713,1796,873,923,
53885,7184,3517,3667,12572,6107,6465,14367,6895,7472,12571,5974,6597,7184,3470,3714,1796,873,923,
53890,7185,3518,3667,12574,6108,6466,14370,6895,7475,12573,5974,6599,7184,3470,3714,1796,873,923,
53895,7186,3519,3667,12574,6108,6466,14370,6895,7475,12574,5975,6599,7184,3470,3714,1796,873,923,
53900,7187,3519,3668,12576,6108,6468,14373,6896,7477,12575,5976,6599,7185,3470,3715,1796,873,923,
53905,7187,3519,3668,12577,6109,6468,14373,6896,7477,12576,5976,6600,7185,3470,3715,1797,874,923,
53910,7188,3519,3669,12577,6109,6468,14374,6896,7478,12577,5976,6601,7187,3471,3716,1797,874,923,
53915,7188,3519,3669,12579,6109,6470,14375,6897,7478,12578,5976,6602,7188,3471,3717,1797,874,923,
53920,7189,3520,3669,12581,6109,6472,14378,6898,7480,12580,5977,6603,7188,3471,3717,1797,874,923,
53925,7190,3521,3669,12581,6109,6472,14378,6898,7480,12581,5978,6603,7188,3471,3717,1797,874,923,
53930,7191,3521,3670,12583,6110,6473,14381,6899,7482,12582,5979,6603,7189,3471,3718,1797,874,923,
53935,7191,3521,3670,12584,6110,6474,14381,6899,7482,12583,5979,6604,7189,3471,3718,1798,875,923,
53940,7192,3521,3671,12584,6110,6474,14382,6899,7483,12584,5979,6605,7191,3472,3719,1798,875,923,
53945,7192,3521,3671,12586,6111,6475,14383,6899,7484,12585,5979,6606,7192,3472,3720,1798,875,923,
53950,7193,3522,3671,12588,6112,6476,14386,6902,7484,12587,5979,6608,7192,3472,3720,1798,875,923,
53955,7194,3523,3671,12588,6112,6476,14386,6902,7484,12588,5979,6609,7192,3472,3720,1798,875,923,
53960,7195,3523,3672,12590,6113,6477,14389,6904,7485,12589,5979,6610,7193,3472,3721,1798,875,923,
53965,7195,3523,3672,12591,6114,6477,14389,6904,7485,12590,5980,6610,7193,3472,3721,1799,876,923,
53970,7196,3524,3672,12591,6114,6477,14390,6905,7485,12591,5980,6611,7195,3473,3722,1799,876,923,
53975,7196,3524,3672,12593,6114,6479,14391,6906,7485,12592,5981,6611,7196,3473,3723,1799,876,923,
53980,7197,3524,3673,12595,6116,6479,14394,6908,7486,12594,5983,6611,7196,3473,3723,1799,876,923,
53985,7198,3525,3673,12595,6116,6479,14394,6908,7486,12595,5983,6612,7196,3473,3723,1799,876,923,
53990,7199,3525,3674,12597,6117,6480,14397,6909,7488,12596,5983,6613,7197,3474,3723,1799,876,923,
53995,7199,3525,3674,12598,6117,6481,14397,6909,7488,12597,5984,6613,7197,3474,3723,1800,877,923,
54000,7200,3526,3674,12598,6117,6481,14398,6910,7488,12598,5984,6614,7199,3474,3725,1800,877,923,
54005,7200,3526,3674,12600,6118,6482,14399,6911,7488,12599,5984,6615,7200,3475,3725,1800,877,923,
54010,7201,3526,3675,12602,6119,6483,14402,6913,7489,12601,5984,6617,7200,3475,3725,1800,877,923,
54015,7202,3526,3676,12602,6119,6483,14402,6913,7489,12602,5984,6618,7200,3475,3725,1800,877,923,
54020,7203,3527,3676,12604,6121,6483,14405,6915,7490,12603,5984,6619,7201,3475,3726,1800,877,923,
54025,7203,3527,3676,12605,6121,6484,14405,6915,7490,12604,5985,6619,7201,3475,3726,1801,877,924,
54030,7204,3528,3676,12605,6121,6484,14406,6916,7490,12605,5985,6620,7203,3477,3726,1801,877,924,
54035,7204,3528,3676,12607,6121,6486,14407,6917,7490,12606,5985,6621,7204,3478,3726,1801,877,924,
54040,7205,3529,3676,12609,6122,6487,14410,6920,7490,12608,5985,6623,7204,3478,3726,1801,877,924,
54045,7206,3529,3677,12609,6122,6487,14410,6920,7490,12609,5985,6624,7204,3478,3726,1801,877,924,
54050,7207,3529,3678,12611,6123,6488,14413,6921,7492,12610,5985,6625,7205,3479,3726,1801,877,924,
54055,7207,3529,3678,12612,6123,6489,14413,6921,7492,12611,5986,6625,7205,3479,3726,1802,877,925,
54060,7208,3529,3679,12612,6123,6489,14414,6921,7493,12612,5986,6626,7207,3479,3728,1802,877,925,
54065,7208,3529,3679,12614,6125,6489,14415,6921,7494,12613,5987,6626,7208,3480,3728,1802,877,925,
54070,7209,3530,3679,12616,6125,6491,14418,6922,7496,12615,5988,6627,7208,3480,3728,1802,877,925,
54075,7210,3530,3680,12616,6125,6491,14418,6922,7496,12616,5989,6627,7208,3480,3728,1802,877,925,
54080,7211,3531,3680,12618,6126,6492,14421,6924,7497,12617,5989,6628,7209,3481,3728,1802,877,925,
54085,7211,3531,3680,12619,6126,6493,14421,6924,7497,12618,5990,6628,7209,3481,3728,1803,878,925,
54090,7212,3532,3680,12619,6126,6493,14422,6924,7498,12619,5991,6628,7211,3482,3729,1803,878,925,
54095,7212,3532,3680,12621,6128,6493,14423,6924,7499,12620,5991,6629,7212,3482,3730,1803,878,925,
54100,7213,3532,3681,12623,6130,6493,14426,6925,7501,12622,5993,6629,7212,3482,3730,1803,878,925,
54105,7214,3533,3681,12623,6130,6493,14426,6925,7501,12623,5994,6629,7212,3482,3730,1803,878,925,
54110,7215,3534,3681,12625,6131,6494,14429,6927,7502,12624,5995,6629,7213,3482,3731,1803,878,925,
54115,7215,3534,3681,12626,6131,6495,14429,6927,7502,12625,5995,6630,7213,3482,3731,1804,878,926,
54120,7216,3535,3681,12626,6131,6495,14430,6928,7502,12626,5995,6631,7215,3482,3733,1804,878,926,
54125,7216,3535,3681,12628,6131,6497,14431,6928,7503,12627,5996,6631,7216,3482,3734,1804,878,926,
54130,7217,3535,3682,12630,6131,6499,14434,6928,7506,12629,5997,6632,7216,3482,3734,1804,878,926,
54135,7218,3535,3683,12630,6131,6499,14434,6928,7506,12630,5997,6633,7216,3482,3734,1804,878,926,
54140,7219,3535,3684,12632,6133,6499,14437,6929,7508,12631,5998,6633,7217,3483,3734,1804,878,926,
54145,7219,3535,3684,12633,6133,6500,14437,6929,7508,12632,5999,6633,7217,3483,3734,1805,878,927,
54150,7220,3535,3685,12633,6133,6500,14438,6930,7508,12633,6000,6633,7219,3483,3736,1805,878,927,
54155,7220,3535,3685,12635,6133,6502,14439,6931,7508,12634,6001,6633,7220,3484,3736,1805,878,927,
54160,7221,3536,3685,12637,6133,6504,14442,6933,7509,12636,6002,6634,7220,3484,3736,1805,878,927,
54165,7222,3536,3686,12637,6133,6504,14442,6933,7509,12637,6002,6635,7220,3484,3736,1805,878,927,
54170,7223,3537,3686,12639,6133,6506,14445,6935,7510,12638,6003,6635,7221,3484,3737,1805,878,927,
54175,7223,3537,3686,12640,6134,6506,14445,6935,7510,12639,6003,6636,7221,3484,3737,1806,878,928,
54180,7224,3537,3687,12640,6134,6506,14446,6935,7511,12640,6003,6637,7223,3484,3739,1806,878,928,
54185,7224,3537,3687,12642,6135,6507,14447,6935,7512,12641,6004,6637,7224,3485,3739,1806,878,928,
54190,7225,3538,3687,12644,6136,6508,14450,6937,7513,12643,6005,6638,7224,3485,3739,1806,878,928,
54195,7226,3538,3688,12644,6136,6508,14450,6937,7513,12644,6006,6638,7224,3485,3739,1806,878,928,
54200,7227,3538,3689,12646,6137,6509,14453,6938,7515,12645,6006,6639,7225,3486,3739,1806,878,928,
54205,7227,3538,3689,12647,6138,6509,14453,6938,7515,12646,6006,6640,7225,3486,3739,1807,879,928,
54210,7228,3538,3690,12647,6138,6509,14454,6938,7516,12647,6006,6641,7227,3487,3740,1807,879,928,
54215,7228,3538,3690,12649,6139,6510,14455,6938,7517,12648,6006,6642,7228,3487,3741,1807,879,928,
54220,7229,3538,3691,12651,6141,6510,14458,6939,7519,12650,6007,6643,7228,3487,3741,1807,879,928,
54225,7230,3538,3692,12651,6141,6510,14458,6939,7519,12651,6008,6643,7228,3487,3741,1807,879,928,
54230,7231,3538,3693,12653,6141,6512,14461,6940,7521,12652,6008,6644,7229,3488,3741,1807,879,928,
54235,7231,3538,3693,12654,6141,6513,14461,6940,7521,12653,6008,6645,7229,3488,3741,1808,880,928,
54240,7232,3538,3694,12654,6141,6513,14462,6940,7522,12654,6008,6646,7231,3489,3742,1808,880,928,
54245,7232,3538,3694,12656,6142,6514,14463,6940,7523,12655,6008,6647,7232,3489,3743,1808,880,928,
54250,7233,3539,3694,12658,6143,6515,14466,6941,7525,12657,6009,6648,7232,3489,3743,1808,880,928,
54255,7234,3539,3695,12658,6143,6515,14466,6941,7525,12658,6009,6649,7232,3489,3743,1808,880,928,
54260,7235,3540,3695,12660,6144,6516,14469,6941,7528,12659,6009,6650,7233,3489,3744,1808,880,928,
54265,7235,3540,3695,12661,6144,6517,14469,6941,7528,12660,6010,6650,7233,3489,3744,1809,880,929,
54270,7236,3541,3695,12661,6144,6517,14470,6942,7528,12661,6011,6650,7235,3490,3745,1809,880,929,
54275,7236,3541,3695,12663,6144,6519,14471,6943,7528,12662,6011,6651,7236,3490,3746,1809,880,929,
54280,7237,3541,3696,12665,6145,6520,14474,6946,7528,12664,6012,6652,7236,3490,3746,1809,880,929,
54285,7238,3542,3696,12665,6145,6520,14474,6946,7528,12665,6012,6653,7236,3490,3746,1809,880,929,
54290,7239,3542,3697,12667,6145,6522,14477,6947,7530,12666,6013,6653,7237,3491,3746,1809,880,929,
54295,7239,3542,3697,12668,6146,6522,14477,6947,7530,12667,6013,6654,7237,3491,3746,1810,880,930,
54300,7240,3543,3697,12668,6146,6522,14478,6947,7531,12668,6014,6654,7239,3493,3746,1810,880,930,
54305,7240,3543,3697,12670,6147,6523,14479,6947,7532,12669,6014,6655,7240,3494,3746,1810,880,930,
54310,7241,3544,3697,12672,6147,6525,14482,6949,7533,12671,6015,6656,7240,3494,3746,1810,880,930,
54315,7242,3545,3697,12672,6147,6525,14482,6949,7533,12672,6016,6656,7240,3494,3746,1810,880,930,
54320,7243,3545,3698,12674,6148,6526,14485,6950,7535,12673,6017,6656,7241,3494,3747,1810,880,930,
54325,7243,3545,3698,12675,6149,6526,14485,6950,7535,12674,6017,6657,7241,3494,3747,1811,880,931,
54330,7244,3545,3699,12675,6149,6526,14486,6951,7535,12675,6017,6658,7243,3495,3748,1811,880,931,
54335,7244,3545,3699,12677,6149,6528,14487,6951,7536,12676,6017,6659,7244,3495,3749,1811,880,931,
54340,7245,3545,3700,12679,6149,6530,14490,6951,7539,12678,6018,6660,7244,3495,3749,1811,880,931,
54345,7246,3545,3701,12679,6149,6530,14490,6951,7539,12679,6019,6660,7244,3495,3749,1811,880,931,
54350,7247,3546,3701,12681,6150,6531,14493,6952,7541,12680,6019,6661,7245,3495,3750,1811,880,931,
54355,7247,3546,3701,12682,6151,6531,14493,6952,7541,12681,6020,6661,7245,3495,3750,1812,881,931,
54360,7248,3547,3701,12682,6151,6531,14494,6953,7541,12682,6020,6662,7247,3495,3752,1812,881,931,
54365,7248,3547,3701,12684,6152,6532,14495,6954,7541,12683,6020,6663,7248,3496,3752,1812,881,931,
54370,7249,3547,3702,12686,6153,6533,14498,6955,7543,12685,6022,6663,7248,3496,3752,1812,881,931,
54375,7250,3547,3703,12686,6153,6533,14498,6955,7543,12686,6022,6664,7248,3496,3752,1812,881,931,
54380,7251,3547,3704,12688,6154,6534,14501,6957,7544,12687,6023,6664,7249,3497,3752,1812,881,931,
54385,7251,3547,3704,12689,6155,6534,14501,6957,7544,12688,6024,6664,7249,3497,3752,1813,882,931,
54390,7252,3548,3704,12689,6155,6534,14502,6958,7544,12689,6025,6664,7251,3497,3754,1813,882,931,
54395,7252,3548,3704,12691,6157,6534,14503,6958,7545,12690,6025,6665,7252,3497,3755,1813,882,931,
54400,7253,3549,3704,12693,6158,6535,14506,6959,7547,12692,6027,6665,7252,3497,3755,1813,882,931,
54405,7254,3549,3705,12693,6158,6535,14506,6959,7547,12693,6028,6665,7252,3497,3755,1813,882,931,
54410,7255,3550,3705,12695,6160,6535,14509,6959,7550,12694,6028,6666,7253,3497,3756,1813,882,931,
54415,7255,3550,3705,12696,6160,6536,14509,6959,7550,12695,6029,6666,7253,3497,3756,1814,882,932,
54420,7256,3550,3706,12696,6160,6536,14510,6960,7550,12696,6029,6667,7255,3499,3756,1814,882,932,
54425,7256,3550,3706,12698,6160,6538,14511,6961,7550,12697,6029,6668,7256,3500,3756,1814,882,932,
54430,7257,3550,3707,12700,6161,6539,14514,6963,7551,12699,6030,6669,7256,3500,3756,1814,882,932,
54435,7258,3550,3708,12700,6161,6539,14514,6963,7551,12700,6031,6669,7256,3500,3756,1814,882,932,
54440,7259,3550,3709,12702,6162,6540,14517,6966,7551,12701,6031,6670,7257,3500,3757,1814,882,932,
54445,7259,3550,3709,12703,6163,6540,14517,6966,7551,12702,6032,6670,7257,3500,3757,1815,883,932,
54450,7260,3551,3709,12703,6163,6540,14518,6967,7551,12703,6032,6671,7259,3502,3757,1815,883,932,
54455,7260,3551,3709,12705,6165,6540,14519,6967,7552,12704,6032,6672,7260,3503,3757,1815,883,932,
54460,7261,3551,3710,12707,6165,6542,14522,6969,7553,12706,6033,6673,7260,3503,3757,1815,883,932,
54465,7262,3551,3711,12707,6165,6542,14522,6969,7553,12707,6034,6673,7260,3503,3757,1815,883,932,
54470,7263,3552,3711,12709,6165,6544,14525,6971,7554,12708,6035,6673,7261,3504,3757,1815,883,932,
54475,7263,3552,3711,12710,6166,6544,14525,6971,7554,12709,6035,6674,7261,3504,3757,1816,883,933,
54480,7264,3553,3711,12710,6166,6544,14526,6971,7555,12710,6035,6675,7263,3505,3758,1816,883,933,
54485,7264,3553,3711,12712,6167,6545,14527,6971,7556,12711,6035,6676,7264,3505,3759,1816,883,933,
54490,7265,3553,3712,12714,6167,6547,14530,6972,7558,12713,6036,6677,7264,3505,3759,1816,883,933,
54495,7266,3553,3713,12714,6167,6547,14530,6972,7558,12714,6036,6678,7264,3505,3759,1816,883,933,
54500,7267,3553,3714,12716,6168,6548,14533,6973,7560,12715,6037,6678,7265,3505,3760,1816,883,933,
54505,7267,3553,3714,12717,6169,6548,14533,6973,7560,12716,6037,6679,7265,3505,3760,1817,884,933,
54510,7268,3553,3715,12717,6169,6548,14534,6973,7561,12717,6038,6679,7267,3507,3760,1817,884,933,
54515,7268,3553,3715,12719,6170,6549,14535,6974,7561,12718,6038,6680,7268,3508,3760,1817,884,933,
54520,7269,3553,3716,12721,6170,6551,14538,6975,7563,12720,6039,6681,7268,3508,3760,1817,884,933,
54525,7270,3554,3716,12721,6170,6551,14538,6975,7563,12721,6040,6681,7268,3508,3760,1817,884,933,
54530,7271,3554,3717,12723,6171,6552,14541,6977,7564,12722,6041,6681,7269,3509,3760,1817,884,933,
54535,7271,3554,3717,12724,6171,6553,14541,6977,7564,12723,6041,6682,7269,3509,3760,1818,885,933,
54540,7272,3555,3717,12724,6171,6553,14542,6977,7565,12724,6042,6682,7271,3509,3762,1818,885,933,
54545,7272,3555,3717,12726,6172,6554,14543,6978,7565,12725,6043,6682,7272,3510,3762,1818,885,933,
54550,7273,3555,3718,12728,6172,6556,14546,6979,7567,12727,6044,6683,7272,3510,3762,1818,885,933,
54555,7274,3555,3719,12728,6172,6556,14546,6979,7567,12728,6044,6684,7272,3510,3762,1818,885,933,
54560,7275,3555,3720,12730,6173,6557,14549,6981,7568,12729,6045,6684,7273,3511,3762,1818,885,933,
54565,7275,3555,3720,12731,6173,6558,14549,6981,7568,12730,6045,6685,7273,3511,3762,1819,886,933,
54570,7276,3555,3721,12731,6173,6558,14550,6982,7568,12731,6045,6686,7275,3512,3763,1819,886,933,
54575,7276,3555,3721,12733,6174,6559,14551,6983,7568,12732,6045,6687,7276,3513,3763,1819,886,933,
54580,7277,3555,3722,12735,6176,6559,14554,6984,7570,12734,6047,6687,7276,3513,3763,1819,886,933,
54585,7278,3555,3723,12735,6176,6559,14554,6984,7570,12735,6048,6687,7276,3513,3763,1819,886,933,
54590,7279,3555,3724,12737,6177,6560,14557,6985,7572,12736,6049,6687,7277,3513,3764,1819,886,933,
54595,7279,3555,3724,12738,6178,6560,14557,6985,7572,12737,6050,6687,7277,3513,3764,1820,886,934,
54600,7280,3556,3724,12738,6178,6560,14558,6985,7573,12738,6050,6688,7279,3514,3765,1820,886,934,
54605,7280,3556,3724,12740,6179,6561,14559,6986,7573,12739,6050,6689,7280,3515,3765,1820,886,934,
54610,7281,3556,3725,12742,6179,6563,14562,6989,7573,12741,6051,6690,7280,3515,3765,1820,886,934,
54615,7282,3557,3725,12742,6179,6563,14562,6989,7573,12742,6052,6690,7280,3515,3765,1820,886,934,
54620,7283,3558,3725,12744,6180,6564,14565,6991,7574,12743,6052,6691,7281,3516,3765,1820,886,934,
54625,7283,3558,3725,12745,6180,6565,14565,6991,7574,12744,6053,6691,7281,3516,3765,1821,887,934,
54630,7284,3559,3725,12745,6180,6565,14566,6992,7574,12745,6053,6692,7283,3517,3766,1821,887,934,
54635,7284,3559,3725,12747,6182,6565,14567,6993,7574,12746,6054,6692,7284,3517,3767,1821,887,934,
54640,7285,3560,3725,12749,6183,6566,14570,6995,7575,12748,6054,6694,7284,3517,3767,1821,887,934,
54645,7286,3560,3726,12749,6183,6566,14570,6995,7575,12749,6055,6694,7284,3517,3767,1821,887,934,
54650,7287,3561,3726,12751,6185,6566,14573,6998,7575,12750,6055,6695,7285,3518,3767,1821,887,934,
54655,7287,3561,3726,12752,6185,6567,14573,6998,7575,12751,6055,6696,7285,3518,3767,1822,887,935,
54660,7288,3562,3726,12752,6185,6567,14574,6998,7576,12752,6056,6696,7287,3519,3768,1822,887,935,
54665,7288,3562,3726,12754,6185,6569,14575,6999,7576,12753,6056,6697,7288,3520,3768,1822,887,935,
54670,7289,3563,3726,12756,6186,6570,14578,7000,7578,12755,6056,6699,7288,3520,3768,1822,887,935,
54675,7290,3564,3726,12756,6186,6570,14578,7000,7578,12756,6056,6700,7288,3520,3768,1822,887,935,
54680,7291,3564,3727,12758,6186,6572,14581,7000,7581,12757,6057,6700,7289,3521,3768,1822,887,935,
54685,7291,3564,3727,12759,6186,6573,14581,7000,7581,12758,6058,6700,7289,3521,3768,1823,888,935,
54690,7292,3564,3728,12759,6186,6573,14582,7001,7581,12759,6058,6701,7291,3523,3768,1823,888,935,
54695,7292,3564,3728,12761,6187,6574,14583,7002,7581,12760,6058,6702,7292,3524,3768,1823,888,935,
54700,7293,3565,3728,12763,6188,6575,14586,7004,7582,12762,6059,6703,7292,3524,3768,1823,888,935,
54705,7294,3566,3728,12763,6188,6575,14586,7004,7582,12763,6059,6704,7292,3524,3768,1823,888,935,
54710,7295,3567,3728,12765,6189,6576,14589,7006,7583,12764,6060,6704,7293,3525,3768,1823,888,935,
54715,7295,3567,3728,12766,6189,6577,14589,7006,7583,12765,6060,6705,7293,3525,3768,1824,889,935,
54720,7296,3568,3728,12766,6189,6577,14590,7007,7583,12766,6060,6706,7295,3525,3770,1824,889,935,
54725,7296,3568,3728,12768,6190,6578,14591,7007,7584,12767,6061,6706,7296,3526,3770,1824,889,935,
54730,7297,3568,3729,12770,6191,6579,14594,7008,7586,12769,6062,6707,7296,3526,3770,1824,889,935,
54735,7298,3568,3730,12770,6191,6579,14594,7008,7586,12770,6063,6707,7296,3526,3770,1824,889,935,
54740,7299,3568,3731,12772,6193,6579,14597,7009,7588,12771,6063,6708,7297,3526,3771,1824,889,935,
54745,7299,3568,3731,12773,6193,6580,14597,7009,7588,12772,6064,6708,7297,3526,3771,1825,889,936,
54750,7300,3568,3732,12773,6193,6580,14598,7010,7588,12773,6064,6709,7299,3528,3771,1825,889,936,
54755,7300,3568,3732,12775,6194,6581,14599,7011,7588,12774,6064,6710,7300,3529,3771,1825,889,936,
54760,7301,3568,3733,12777,6195,6582,14602,7013,7589,12776,6065,6711,7300,3529,3771,1825,889,936,
54765,7302,3568,3734,12777,6195,6582,14602,7013,7589,12777,6065,6712,7300,3529,3771,1825,889,936,
54770,7303,3569,3734,12779,6197,6582,14605,7015,7590,12778,6065,6713,7301,3530,3771,1825,889,936,
54775,7303,3569,3734,12780,6198,6582,14605,7015,7590,12779,6065,6714,7301,3530,3771,1826,889,937,
54780,7304,3569,3735,12780,6198,6582,14606,7016,7590,12780,6066,6714,7303,3531,3772,1826,889,937,
54785,7304,3569,3735,12782,6200,6582,14607,7016,7591,12781,6066,6715,7304,3532,3772,1826,889,937,
54790,7305,3570,3735,12784,6201,6583,14610,7018,7592,12783,6067,6716,7304,3532,3772,1826,889,937,
54795,7306,3570,3736,12784,6201,6583,14610,7018,7592,12784,6067,6717,7304,3532,3772,1826,889,937,
54800,7307,3570,3737,12786,6202,6584,14613,7020,7593,12785,6068,6717,7305,3533,3772,1826,889,937,
54805,7307,3570,3737,12787,6202,6585,14613,7020,7593,12786,6068,6718,7305,3533,3772,1827,889,938,
54810,7308,3570,3738,12787,6202,6585,14614,7021,7593,12787,6069,6718,7307,3534,3773,1827,889,938,
54815,7308,3570,3738,12789,6203,6586,14615,7022,7593,12788,6070,6718,7308,3535,3773,1827,889,938,
54820,7309,3570,3739,12791,6204,6587,14618,7024,7594,12790,6071,6719,7308,3535,3773,1827,889,938,
54825,7310,3570,3740,12791,6204,6587,14618,7024,7594,12791,6071,6720,7308,3535,3773,1827,889,938,
54830,7311,3570,3741,12793,6204,6589,14621,7025,7596,12792,6072,6720,7309,3535,3774,1827,889,938,
54835,7311,3570,3741,12794,6204,6590,14621,7025,7596,12793,6072,6721,7309,3535,3774,1828,890,938,
54840,7312,3570,3742,12794,6204,6590,14622,7025,7597,12794,6072,6722,7311,3537,3774,1828,890,938,
54845,7312,3570,3742,12796,6206,6590,14623,7025,7598,12795,6073,6722,7312,3538,3774,1828,890,938,
54850,7313,3571,3742,12798,6208,6590,14626,7028,7598,12797,6075,6722,7312,3538,3774,1828,890,938,
54855,7314,3572,3742,12798,6208,6590,14626,7028,7598,12798,6076,6722,7312,3538,3774,1828,890,938,
54860,7315,3572,3743,12800,6210,6590,14629,7030,7599,12799,6076,6723,7313,3539,3774,1828,890,938,
54865,7315,3572,3743,12801,6210,6591,14629,7030,7599,12800,6077,6723,7313,3539,3774,1829,890,939,
54870,7316,3573,3743,12801,6210,6591,14630,7030,7600,12801,6078,6723,7315,3539,3776,1829,890,939,
54875,7316,3573,3743,12803,6212,6591,14631,7030,7601,12802,6079,6723,7316,3540,3776,1829,890,939,
54880,7317,3574,3743,12805,6213,6592,14634,7030,7604,12804,6080,6724,7316,3540,3776,1829,890,939,
54885,7318,3575,3743,12805,6213,6592,14634,7030,7604,12805,6080,6725,7316,3540,3776,1829,890,939,
54890,7319,3575,3744,12807,6214,6593,14637,7031,7606,12806,6081,6725,7317,3540,3777,1829,890,939,
54895,7319,3575,3744,12808,6214,6594,14637,7031,7606,12807,6081,6726,7317,3540,3777,1830,891,939,
54900,7320,3575,3745,12808,6214,6594,14638,7032,7606,12808,6082,6726,7319,3540,3779,1830,891,939,
54905,7320,3575,3745,12810,6215,6595,14639,7033,7606,12809,6082,6727,7320,3540,3780,1830,891,939,
54910,7321,3575,3746,12812,6215,6597,14642,7033,7609,12811,6083,6728,7320,3540,3780,1830,891,939,
54915,7322,3575,3747,12812,6215,6597,14642,7033,7609,12812,6084,6728,7320,3540,3780,1830,891,939,
54920,7323,3576,3747,12814,6216,6598,14645,7036,7609,12813,6085,6728,7321,3540,3781,1830,891,939,
54925,7323,3576,3747,12815,6217,6598,14645,7036,7609,12814,6086,6728,7321,3540,3781,1831,891,940,
54930,7324,3577,3747,12815,6217,6598,14646,7037,7609,12815,6086,6729,7323,3540,3783,1831,891,940,
54935,7324,3577,3747,12817,6218,6599,14647,7037,7610,12816,6087,6729,7324,3540,3784,1831,891,940,
54940,7325,3577,3748,12819,6219,6600,14650,7038,7612,12818,6088,6730,7324,3540,3784,1831,891,940,
54945,7326,3578,3748,12819,6219,6600,14650,7038,7612,12819,6089,6730,7324,3540,3784,1831,891,940,
54950,7327,3579,3748,12821,6220,6601,14653,7039,7614,12820,6090,6730,7325,3540,3785,1831,891,940,
54955,7327,3579,3748,12822,6220,6602,14653,7039,7614,12821,6091,6730,7325,3540,3785,1832,891,941,
54960,7328,3579,3749,12822,6220,6602,14654,7040,7614,12822,6092,6730,7327,3541,3786,1832,891,941,
54965,7328,3579,3749,12824,6222,6602,14655,7041,7614,12823,6092,6731,7328,3542,3786,1832,891,941,
54970,7329,3580,3749,12826,6223,6603,14658,7041,7617,12825,6093,6732,7328,3542,3786,1832,891,941,
54975,7330,3581,3749,12826,6223,6603,14658,7041,7617,12826,6094,6732,7328,3542,3786,1832,891,941,
54980,7331,3581,3750,12828,6224,6604,14661,7042,7619,12827,6095,6732,7329,3542,3787,1832,891,941,
54985,7331,3581,3750,12829,6225,6604,14661,7042,7619,12828,6095,6733,7329,3542,3787,1833,891,942,
54990,7332,3582,3750,12829,6225,6604,14662,7042,7620,12829,6095,6734,7331,3543,3788,1833,891,942,
54995,7332,3582,3750,12831,6225,6606,14663,7043,7620,12830,6096,6734,7332,3544,3788,1833,891,942,
55000,7333,3583,3750,12833,6226,6607,14666,7043,7623,12832,6096,6736,7332,3544,3788,1833,891,942,
55005,7334,3584,3750,12833,6226,6607,14666,7043,7623,12833,6096,6737,7332,3544,3788,1833,891,942,
55010,7335,3585,3750,12835,6227,6608,14669,7044,7625,12834,6097,6737,7333,3545,3788,1833,891,942,
55015,7335,3585,3750,12836,6227,6609,14669,7044,7625,12835,6098,6737,7333,3545,3788,1834,892,942,
55020,7336,3586,3750,12836,6227,6609,14670,7044,7626,12836,6099,6737,7335,3546,3789,1834,892,942,
55025,7336,3586,3750,12838,6227,6611,14671,7044,7627,12837,6099,6738,7336,3546,3790,1834,892,942,
55030,7337,3587,3750,12840,6228,6612,14674,7046,7628,12839,6100,6739,7336,3546,3790,1834,892,942,
55035,7338,3587,3751,12840,6228,6612,14674,7046,7628,12840,6101,6739,7336,3546,3790,1834,892,942,
55040,7339,3588,3751,12842,6229,6613,14677,7048,7629,12841,6102,6739,7337,3546,3791,1834,892,942,
55045,7339,3588,3751,12843,6230,6613,14677,7048,7629,12842,6102,6740,7337,3546,3791,1835,893,942,
55050,7340,3588,3752,12843,6230,6613,14678,7049,7629,12843,6102,6741,7339,3547,3792,1835,893,942,
55055,7340,3588,3752,12845,6231,6614,14679,7049,7630,12844,6102,6742,7340,3548,3792,1835,893,942,
55060,7341,3588,3753,12847,6232,6615,14682,7050,7632,12846,6102,6744,7340,3548,3792,1835,893,942,
55065,7342,3588,3754,12847,6232,6615,14682,7050,7632,12847,6102,6745,7340,3548,3792,1835,893,942,
55070,7343,3589,3754,12849,6233,6616,14685,7051,7634,12848,6102,6746,7341,3549,3792,1835,893,942,
55075,7343,3589,3754,12850,6233,6617,14685,7051,7634,12849,6103,6746,7341,3549,3792,1836,893,943,
55080,7344,3589,3755,12850,6233,6617,14686,7052,7634,12850,6104,6746,7343,3550,3793,1836,893,943,
55085,7344,3589,3755,12852,6235,6617,14687,7052,7635,12851,6105,6746,7344,3550,3794,1836,893,943,
55090,7345,3590,3755,12854,6235,6619,14690,7053,7637,12853,6105,6748,7344,3550,3794,1836,893,943,
55095,7346,3591,3755,12854,6235,6619,14690,7053,7637,12854,6106,6748,7344,3550,3794,1836,893,943,
55100,7347,3591,3756,12856,6235,6621,14693,7055,7638,12855,6107,6748,7345,3550,3795,1836,893,943,
55105,7347,3591,3756,12857,6235,6622,14693,7055,7638,12856,6107,6749,7345,3550,3795,1837,893,944,
55110,7348,3591,3757,12857,6235,6622,14694,7055,7639,12857,6107,6750,7347,3551,3796,1837,893,944,
55115,7348,3591,3757,12859,6235,6624,14695,7056,7639,12858,6107,6751,7348,3551,3797,1837,893,944,
55120,7349,3592,3757,12861,6237,6624,14698,7056,7642,12860,6109,6751,7348,3551,3797,1837,893,944,
55125,7350,3593,3757,12861,6237,6624,14698,7056,7642,12861,6109,6752,7348,3551,3797,1837,893,944,
55130,7351,3593,3758,12863,6238,6625,14701,7058,7643,12862,6109,6753,7349,3551,3798,1837,893,944,
55135,7351,3593,3758,12864,6238,6626,14701,7058,7643,12863,6110,6753,7349,3551,3798,1838,893,945,
55140,7352,3594,3758,12864,6238,6626,14702,7058,7644,12864,6111,6753,7351,3553,3798,1838,893,945,
55145,7352,3594,3758,12866,6239,6627,14703,7059,7644,12865,6112,6753,7352,3553,3799,1838,893,945,
55150,7353,3594,3759,12868,6239,6629,14706,7060,7646,12867,6112,6755,7352,3553,3799,1838,893,945,
55155,7354,3595,3759,12868,6239,6629,14706,7060,7646,12868,6112,6756,7352,3553,3799,1838,893,945,
55160,7355,3595,3760,12870,6240,6630,14709,7060,7649,12869,6112,6757,7353,3553,3800,1838,893,945,
55165,7355,3595,3760,12871,6241,6630,14709,7060,7649,12870,6112,6758,7353,3553,3800,1839,894,945,
55170,7356,3596,3760,12871,6241,6630,14710,7061,7649,12871,6112,6759,7355,3554,3801,1839,894,945,
55175,7356,3596,3760,12873,6241,6632,14711,7061,7650,12872,6112,6760,7356,3554,3802,1839,894,945,
55180,7357,3596,3761,12875,6243,6632,14714,7063,7651,12874,6112,6762,7356,3554,3802,1839,894,945,
55185,7358,3597,3761,12875,6243,6632,14714,7063,7651,12875,6112,6763,7356,3554,3802,1839,894,945,
55190,7359,3597,3762,12877,6243,6634,14717,7065,7652,12876,6112,6764,7357,3554,3803,1839,894,945,
55195,7359,3597,3762,12878,6244,6634,14717,7065,7652,12877,6112,6765,7357,3554,3803,1840,894,946,
55200,7360,3597,3763,12878,6244,6634,14718,7065,7653,12878,6113,6765,7359,3554,3805,1840,894,946,
55205,7360,3597,3763,12880,6244,6636,14719,7065,7654,12879,6114,6765,7360,3555,3805,1840,894,946,
55210,7361,3598,3763,12882,6246,6636,14722,7065,7657,12881,6115,6766,7360,3555,3805,1840,894,946,
55215,7362,3599,3763,12882,6246,6636,14722,7065,7657,12882,6116,6766,7360,3555,3805,1840,894,946,
55220,7363,3600,3763,12884,6248,6636,14725,7066,7659,12883,6117,6766,7361,3555,3806,1840,894,946,
55225,7363,3600,3763,12885,6249,6636,14725,7066,7659,12884,6118,6766,7361,3555,3806,1841,894,947,
55230,7364,3601,3763,12885,6249,6636,14726,7066,7660,12885,6118,6767,7363,3555,3808,1841,894,947,
55235,7364,3601,3763,12887,6249,6638,14727,7067,7660,12886,6119,6767,7364,3555,3809,1841,894,947,
55240,7365,3602,3763,12889,6250,6639,14730,7068,7662,12888,6120,6768,7364,3555,3809,1841,894,947,
55245,7366,3603,3763,12889,6250,6639,14730,7068,7662,12889,6120,6769,7364,3555,3809,1841,894,947,
55250,7367,3603,3764,12891,6250,6641,14733,7069,7664,12890,6121,6769,7365,3555,3810,1841,894,947,
55255,7367,3603,3764,12892,6251,6641,14733,7069,7664,12891,6122,6769,7365,3555,3810,1842,894,948,
55260,7368,3603,3765,12892,6251,6641,14734,7070,7664,12892,6123,6769,7367,3556,3811,1842,894,948,
55265,7368,3603,3765,12894,6251,6643,14735,7071,7664,12893,6124,6769,7368,3556,3812,1842,894,948,
55270,7369,3604,3765,12896,6251,6645,14738,7072,7666,12895,6126,6769,7368,3556,3812,1842,894,948,
55275,7370,3604,3766,12896,6251,6645,14738,7072,7666,12896,6127,6769,7368,3556,3812,1842,894,948,
55280,7371,3605,3766,12898,6252,6646,14741,7073,7668,12897,6128,6769,7369,3556,3813,1842,894,948,
55285,7371,3605,3766,12899,6252,6647,14741,7073,7668,12898,6129,6769,7369,3556,3813,1843,895,948,
55290,7372,3606,3766,12899,6252,6647,14742,7074,7668,12899,6129,6770,7371,3556,3815,1843,895,948,
55295,7372,3606,3766,12901,6254,6647,14743,7074,7669,12900,6130,6770,7372,3557,3815,1843,895,948,
55300,7373,3607,3766,12903,6254,6649,14746,7074,7672,12902,6131,6771,7372,3557,3815,1843,895,948,
55305,7374,3608,3766,12903,6254,6649,14746,7074,7672,12903,6132,6771,7372,3557,3815,1843,895,948,
55310,7375,3608,3767,12905,6254,6651,14749,7075,7674,12904,6133,6771,7373,3558,3815,1843,895,948,
55315,7375,3608,3767,12906,6254,6652,14749,7075,7674,12905,6133,6772,7373,3558,3815,1844,895,949,
55320,7376,3608,3768,12906,6254,6652,14750,7076,7674,12906,6134,6772,7375,3558,3817,1844,895,949,
55325,7376,3608,3768,12908,6256,6652,14751,7077,7674,12907,6135,6772,7376,3558,3818,1844,895,949,
55330,7377,3609,3768,12910,6256,6654,14754,7078,7676,12909,6135,6774,7376,3558,3818,1844,895,949,
55335,7378,3609,3769,12910,6256,6654,14754,7078,7676,12910,6135,6775,7376,3558,3818,1844,895,949,
55340,7379,3610,3769,12912,6256,6656,14757,7078,7679,12911,6136,6775,7377,3558,3819,1844,895,949,
55345,7379,3610,3769,12913,6256,6657,14757,7078,7679,12912,6136,6776,7377,3558,3819,1845,895,950,
55350,7380,3610,3770,12913,6256,6657,14758,7079,7679,12913,6136,6777,7379,3560,3819,1845,895,950,
55355,7380,3610,3770,12915,6257,6658,14759,7080,7679,12914,6136,6778,7380,3561,3819,1845,895,950,
55360,7381,3610,3771,12917,6257,6660,14762,7081,7681,12916,6137,6779,7380,3561,3819,1845,895,950,
55365,7382,3611,3771,12917,6257,6660,14762,7081,7681,12917,6137,6780,7380,3561,3819,1845,895,950,
55370,7383,3611,3772,12919,6259,6660,14765,7082,7683,12918,6137,6781,7381,3562,3819,1845,895,950,
55375,7383,3611,3772,12920,6260,6660,14765,7082,7683,12919,6137,6782,7381,3562,3819,1846,895,951,
55380,7384,3611,3773,12920,6260,6660,14766,7082,7684,12920,6138,6782,7383,3563,3820,1846,895,951,
55385,7384,3611,3773,12922,6261,6661,14767,7083,7684,12921,6139,6782,7384,3563,3821,1846,895,951,
55390,7385,3611,3774,12924,6263,6661,14770,7084,7686,12923,6140,6783,7384,3563,3821,1846,895,951,
55395,7386,3611,3775,12924,6263,6661,14770,7084,7686,12924,6141,6783,7384,3563,3821,1846,895,951,
55400,7387,3611,3776,12926,6265,6661,14773,7087,7686,12925,6142,6783,7385,3564,3821,1846,895,951,
55405,7387,3611,3776,12927,6265,6662,14773,7087,7686,12926,6142,6784,7385,3564,3821,1847,896,951,
55410,7388,3612,3776,12927,6265,6662,14774,7088,7686,12927,6143,6784,7387,3565,3822,1847,896,951,
55415,7388,3612,3776,12929,6266,6663,14775,7088,7687,12928,6144,6784,7388,3565,3823,1847,896,951,
55420,7389,3612,3777,12931,6267,6664,14778,7090,7688,12930,6144,6786,7388,3565,3823,1847,896,951,
55425,7390,3612,3778,12931,6267,6664,14778,7090,7688,12931,6144,6787,7388,3565,3823,1847,896,951,
55430,7391,3612,3779,12933,6267,6666,14781,7091,7690,12932,6145,6787,7389,3566,3823,1847,896,951,
55435,7391,3612,3779,12934,6268,6666,14781,7091,7690,12933,6145,6788,7389,3566,3823,1848,897,951,
55440,7392,3613,3779,12934,6268,6666,14782,7091,7691,12934,6145,6789,7391,3567,3824,1848,897,951,
55445,7392,3613,3779,12936,6270,6666,14783,7092,7691,12935,6145,6790,7392,3568,3824,1848,897,951,
55450,7393,3613,3780,12938,6272,6666,14786,7094,7692,12937,6146,6791,7392,3568,3824,1848,897,951,
55455,7394,3613,3781,12938,6272,6666,14786,7094,7692,12938,6146,6792,7392,3568,3824,1848,897,951,
55460,7395,3614,3781,12940,6273,6667,14789,7097,7692,12939,6147,6792,7393,3568,3825,1848,897,951,
55465,7395,3614,3781,12941,6273,6668,14789,7097,7692,12940,6147,6793,7393,3568,3825,1849,898,951,
55470,7396,3615,3781,12941,6273,6668,14790,7098,7692,12941,6147,6794,7395,3568,3827,1849,898,951,
55475,7396,3615,3781,12943,6274,6669,14791,7098,7693,12942,6147,6795,7396,3569,3827,1849,898,951,
55480,7397,3615,3782,12945,6274,6671,14794,7100,7694,12944,6147,6797,7396,3569,3827,1849,898,951,
55485,7398,3616,3782,12945,6274,6671,14794,7100,7694,12945,6147,6798,7396,3569,3827,1849,898,951,
55490,7399,3616,3783,12947,6274,6673,14797,7101,7696,12946,6148,6798,7397,3569,3828,1849,898,951,
55495,7399,3616,3783,12948,6275,6673,14797,7101,7696,12947,6149,6798,7397,3569,3828,1850,899,951,
55500,7400,3616,3784,12948,6275,6673,14798,7101,7697,12948,6149,6799,7399,3569,3830,1850,899,951,
55505,7400,3616,3784,12950,6276,6674,14799,7102,7697,12949,6149,6800,7400,3570,3830,1850,899,951,
55510,7401,3617,3784,12952,6277,6675,14802,7103,7699,12951,6151,6800,7400,3570,3830,1850,899,951,
55515,7402,3617,3785,12952,6277,6675,14802,7103,7699,12952,6152,6800,7400,3570,3830,1850,899,951,
55520,7403,3617,3786,12954,6278,6676,14805,7103,7702,12953,6153,6800,7401,3571,3830,1850,899,951,
55525,7403,3617,3786,12955,6279,6676,14805,7103,7702,12954,6154,6800,7401,3571,3830,1851,899,952,
55530,7404,3618,3786,12955,6279,6676,14806,7104,7702,12955,6154,6801,7403,3572,3831,1851,899,952,
55535,7404,3618,3786,12957,6280,6677,14807,7104,7703,12956,6154,6802,7404,3573,3831,1851,899,952,
55540,7405,3618,3787,12959,6280,6679,14810,7107,7703,12958,6155,6803,7404,3573,3831,1851,899,952,
55545,7406,3619,3787,12959,6280,6679,14810,7107,7703,12959,6156,6803,7404,3573,3831,1851,899,952,
55550,7407,3620,3787,12961,6280,6681,14813,7107,7706,12960,6157,6803,7405,3574,3831,1851,899,952,
55555,7407,3620,3787,12962,6280,6682,14813,7107,7706,12961,6158,6803,7405,3574,3831,1852,900,952,
55560,7408,3620,3788,12962,6280,6682,14814,7108,7706,12962,6158,6804,7407,3574,3833,1852,900,952,
55565,7408,3620,3788,12964,6281,6683,14815,7109,7706,12963,6159,6804,7408,3575,3833,1852,900,952,
55570,7409,3620,3789,12966,6282,6684,14818,7112,7706,12965,6160,6805,7408,3575,3833,1852,900,952,
55575,7410,3620,3790,12966,6282,6684,14818,7112,7706,12966,6160,6806,7408,3575,3833,1852,900,952,
55580,7411,3620,3791,12968,6282,6686,14821,7114,7707,12967,6161,6806,7409,3575,3834,1852,900,952,
55585,7411,3620,3791,12969,6282,6687,14821,7114,7707,12968,6161,6807,7409,3575,3834,1853,901,952,
55590,7412,3621,3791,12969,6282,6687,14822,7115,7707,12969,6161,6808,7411,3576,3835,1853,901,952,
55595,7412,3621,3791,12971,6282,6689,14823,7115,7708,12970,6161,6809,7412,3576,3836,1853,901,952,
55600,7413,3622,3791,12973,6283,6690,14826,7116,7710,12972,6161,6811,7412,3576,3836,1853,901,952,
55605,7414,3623,3791,12973,6283,6690,14826,7116,7710,12973,6161,6812,7412,3576,3836,1853,901,952,
55610,7415,3624,3791,12975,6285,6690,14829,7118,7711,12974,6161,6813,7413,3577,3836,1853,901,952,
55615,7415,3624,3791,12976,6286,6690,14829,7118,7711,12975,6162,6813,7413,3577,3836,1854,901,953,
55620,7416,3624,3792,12976,6286,6690,14830,7119,7711,12976,6163,6813,7415,3578,3837,1854,901,953,
55625,7416,3624,3792,12978,6288,6690,14831,7120,7711,12977,6164,6813,7416,3579,3837,1854,901,953,
55630,7417,3624,3793,12980,6289,6691,14834,7122,7712,12979,6165,6814,7416,3579,3837,1854,901,953,
55635,7418,3625,3793,12980,6289,6691,14834,7122,7712,12980,6166,6814,7416,3579,3837,1854,901,953,
55640,7419,3626,3793,12982,6289,6693,14837,7122,7715,12981,6167,6814,7417,3580,3837,1854,901,953,
55645,7419,3626,3793,12983,6289,6694,14837,7122,7715,12982,6167,6815,7417,3580,3837,1855,901,954,
55650,7420,3626,3794,12983,6289,6694,14838,7122,7716,12983,6168,6815,7419,3580,3839,1855,901,954,
55655,7420,3626,3794,12985,6291,6694,14839,7123,7716,12984,6168,6816,7420,3581,3839,1855,901,954,
55660,7421,3626,3795,12987,6291,6696,14842,7125,7717,12986,6169,6817,7420,3581,3839,1855,901,954,
55665,7422,3626,3796,12987,6291,6696,14842,7125,7717,12987,6170,6817,7420,3581,3839,1855,901,954,
55670,7423,3626,3797,12989,6291,6698,14845,7125,7720,12988,6170,6818,7421,3581,3840,1855,901,954,
55675,7423,3626,3797,12990,6292,6698,14845,7125,7720,12989,6170,6819,7421,3581,3840,1856,901,955,
55680,7424,3627,3797,12990,6292,6698,14846,7125,7721,12990,6170,6820,7423,3581,3842,1856,901,955,
55685,7424,3627,3797,12992,6293,6699,14847,7126,7721,12991,6170,6821,7424,3582,3842,1856,901,955,
55690,7425,3627,3798,12994,6294,6700,14850,7126,7724,12993,6172,6821,7424,3582,3842,1856,901,955,
55695,7426,3627,3799,12994,6294,6700,14850,7126,7724,12994,6172,6822,7424,3582,3842,1856,901,955,
55700,7427,3627,3800,12996,6294,6702,14853,7127,7726,12995,6173,6822,7425,3583,3842,1856,901,955,
55705,7427,3627,3800,12997,6294,6703,14853,7127,7726,12996,6173,6823,7425,3583,3842,1857,902,955,
55710,7428,3628,3800,12997,6294,6703,14854,7128,7726,12997,6173,6824,7427,3584,3843,1857,902,955,
55715,7428,3628,3800,12999,6296,6703,14855,7128,7727,12998,6173,6825,7428,3584,3844,1857,902,955,
55720,7429,3629,3800,13001,6297,6704,14858,7130,7728,13000,6174,6826,7428,3584,3844,1857,902,955,
55725,7430,3629,3801,13001,6297,6704,14858,7130,7728,13001,6175,6826,7428,3584,3844,1857,902,955,
55730,7431,3630,3801,13003,6298,6705,14861,7131,7730,13002,6176,6826,7429,3584,3845,1857,902,955,
55735,7431,3630,3801,13004,6299,6705,14861,7131,7730,13003,6177,6826,7429,3584,3845,1858,902,956,
55740,7432,3631,3801,13004,6299,6705,14862,7131,7731,13004,6177,6827,7431,3585,3846,1858,902,956,
55745,7432,3631,3801,13006,6300,6706,14863,7132,7731,13005,6177,6828,7432,3585,3847,1858,902,956,
55750,7433,3632,3801,13008,6300,6708,14866,7132,7734,13007,6179,6828,7432,3585,3847,1858,902,956,
55755,7434,3633,3801,13008,6300,6708,14866,7132,7734,13008,6180,6828,7432,3585,3847,1858,902,956,
55760,7435,3634,3801,13010,6301,6709,14869,7133,7736,13009,6181,6828,7433,3586,3847,1858,902,956,
55765,7435,3634,3801,13011,6301,6710,14869,7133,7736,13010,6181,6829,7433,3586,3847,1859,902,957,
55770,7436,3634,3802,13011,6301,6710,14870,7134,7736,13011,6181,6830,7435,3587,3848,1859,902,957,
55775,7436,3634,3802,13013,6301,6712,14871,7135,7736,13012,6181,6831,7436,3587,3849,1859,902,957,
55780,7437,3634,3803,13015,6302,6713,14874,7136,7738,13014,6182,6832,7436,3587,3849,1859,902,957,
55785,7438,3634,3804,13015,6302,6713,14874,7136,7738,13015,6182,6833,7436,3587,3849,1859,902,957,
55790,7439,3634,3805,13017,6302,6715,14877,7137,7740,13016,6182,6834,7437,3587,3850,1859,902,957,
55795,7439,3634,3805,13018,6302,6716,14877,7137,7740,13017,6182,6835,7437,3587,3850,1860,902,958,
55800,7440,3635,3805,13018,6302,6716,14878,7138,7740,13018,6183,6835,7439,3588,3851,1860,902,958,
55805,7440,3635,3805,13020,6302,6718,14879,7138,7741,13019,6183,6836,7440,3588,3852,1860,902,958,
55810,7441,3635,3806,13022,6304,6718,14882,7140,7742,13021,6184,6837,7440,3588,3852,1860,902,958,
55815,7442,3635,3807,13022,6304,6718,14882,7140,7742,13022,6184,6838,7440,3588,3852,1860,902,958,
55820,7443,3635,3808,13024,6305,6719,14885,7142,7743,13023,6185,6838,7441,3589,3852,1860,902,958,
55825,7443,3635,3808,13025,6305,6720,14885,7142,7743,13024,6186,6838,7441,3589,3852,1861,902,959,
55830,7444,3636,3808,13025,6305,6720,14886,7142,7744,13025,6187,6838,7443,3590,3853,1861,902,959,
55835,7444,3636,3808,13027,6306,6721,14887,7142,7745,13026,6188,6838,7444,3591,3853,1861,902,959,
55840,7445,3637,3808,13029,6307,6722,14890,7145,7745,13028,6189,6839,7444,3591,3853,1861,902,959,
55845,7446,3637,3809,13029,6307,6722,14890,7145,7745,13029,6190,6839,7444,3591,3853,1861,902,959,
55850,7447,3637,3810,13031,6307,6724,14893,7146,7747,13030,6191,6839,7445,3592,3853,1861,902,959,
55855,7447,3637,3810,13032,6308,6724,14893,7146,7747,13031,6191,6840,7445,3592,3853,1862,902,960,
55860,7448,3637,3811,13032,6308,6724,14894,7147,7747,13032,6191,6841,7447,3594,3853,1862,902,960,
55865,7448,3637,3811,13034,6308,6726,14895,7147,7748,13033,6192,6841,7448,3595,3853,1862,902,960,
55870,7449,3638,3811,13036,6310,6726,14898,7149,7749,13035,6192,6843,7448,3595,3853,1862,902,960,
55875,7450,3639,3811,13036,6310,6726,14898,7149,7749,13036,6192,6844,7448,3595,3853,1862,902,960,
55880,7451,3639,3812,13038,6312,6726,14901,7150,7751,13037,6192,6845,7449,3596,3853,1862,902,960,
55885,7451,3639,3812,13039,6312,6727,14901,7150,7751,13038,6193,6845,7449,3596,3853,1863,902,961,
55890,7452,3640,3812,13039,6312,6727,14902,7150,7752,13039,6194,6845,7451,3597,3854,1863,902,961,
55895,7452,3640,3812,13041,6312,6729,14903,7150,7753,13040,6194,6846,7452,3597,3855,1863,902,961,
55900,7453,3640,3813,13043,6313,6730,14906,7153,7753,13042,6195,6847,7452,3597,3855,1863,902,961,
55905,7454,3640,3814,13043,6313,6730,14906,7153,7753,13043,6195,6848,7452,3597,3855,1863,902,961,
55910,7455,3641,3814,13045,6313,6732,14909,7154,7755,13044,6195,6849,7453,3598,3855,1863,902,961,
55915,7455,3641,3814,13046,6314,6732,14909,7154,7755,13045,6195,6850,7453,3598,3855,1864,902,962,
55920,7456,3641,3815,13046,6314,6732,14910,7155,7755,13046,6195,6851,7455,3599,3856,1864,902,962,
55925,7456,3641,3815,13048,6316,6732,14911,7155,7756,13047,6195,6852,7456,3599,3857,1864,902,962,
55930,7457,3642,3815,13050,6317,6733,14914,7156,7758,13049,6197,6852,7456,3599,3857,1864,902,962,
55935,7458,3643,3815,13050,6317,6733,14914,7156,7758,13050,6197,6853,7456,3599,3857,1864,902,962,
55940,7459,3644,3815,13052,6317,6735,14917,7157,7760,13051,6198,6853,7457,3600,3857,1864,902,962,
55945,7459,3644,3815,13053,6317,6736,14917,7157,7760,13052,6199,6853,7457,3600,3857,1865,902,963,
55950,7460,3644,3816,13053,6317,6736,14918,7158,7760,13053,6200,6853,7459,3601,3858,1865,902,963,
55955,7460,3644,3816,13055,6319,6736,14919,7159,7760,13054,6200,6854,7460,3601,3859,1865,902,963,
55960,7461,3645,3816,13057,6319,6738,14922,7161,7761,13056,6201,6855,7460,3601,3859,1865,902,963,
55965,7462,3645,3817,13057,6319,6738,14922,7161,7761,13057,6202,6855,7460,3601,3859,1865,902,963,
55970,7463,3646,3817,13059,6319,6740,14925,7163,7762,13058,6203,6855,7461,3601,3860,1865,902,963,
55975,7463,3646,3817,13060,6320,6740,14925,7163,7762,13059,6203,6856,7461,3601,3860,1866,902,964,
55980,7464,3646,3818,13060,6320,6740,14926,7163,7763,13060,6203,6857,7463,3601,3862,1866,902,964,
55985,7464,3646,3818,13062,6321,6741,14927,7164,7763,13061,6204,6857,7464,3602,3862,1866,902,964,
55990,7465,3646,3819,13064,6321,6743,14930,7165,7765,13063,6206,6857,7464,3602,3862,1866,902,964,
55995,7466,3647,3819,13064,6321,6743,14930,7165,7765,13064,6207,6857,7464,3602,3862,1866,902,964,
56000,7467,3647,3820,13066,6322,6744,14933,7166,7767,13065,6207,6858,7465,3602,3863,1866,902,964,
56005,7467,3647,3820,13067,6322,6745,14933,7166,7767,13066,6208,6858,7465,3602,3863,1867,902,965,
56010,7468,3648,3820,13067,6322,6745,14934,7167,7767,13067,6209,6858,7467,3603,3864,1867,902,965,
56015,7468,3648,3820,13069,6322,6747,14935,7168,7767,13068,6210,6858,7468,3604,3864,1867,902,965,
56020,7469,3649,3820,13071,6324,6747,14938,7169,7769,13070,6211,6859,7468,3604,3864,1867,902,965,
56025,7470,3650,3820,13071,6324,6747,14938,7169,7769,13071,6212,6859,7468,3604,3864,1867,902,965,
56030,7471,3650,3821,13073,6325,6748,14941,7170,7771,13072,6212,6860,7469,3605,3864,1867,902,965,
56035,7471,3650,3821,13074,6326,6748,14941,7170,7771,13073,6212,6861,7469,3605,3864,1868,902,966,
56040,7472,3650,3822,13074,6326,6748,14942,7170,7772,13074,6213,6861,7471,3606,3865,1868,902,966,
56045,7472,3650,3822,13076,6326,6750,14943,7171,7772,13075,6213,6862,7472,3607,3865,1868,902,966,
56050,7473,3650,3823,13078,6326,6752,14946,7173,7773,13077,6215,6862,7472,3607,3865,1868,902,966,
56055,7474,3651,3823,13078,6326,6752,14946,7173,7773,13078,6216,6862,7472,3607,3865,1868,902,966,
56060,7475,3652,3823,13080,6327,6753,14949,7173,7776,13079,6216,6863,7473,3607,3866,1868,902,966,
56065,7475,3652,3823,13081,6327,6754,14949,7173,7776,13080,6216,6864,7473,3607,3866,1869,902,967,
56070,7476,3652,3824,13081,6327,6754,14950,7173,7777,13081,6217,6864,7475,3609,3866,1869,902,967,
56075,7476,3652,3824,13083,6328,6755,14951,7174,7777,13082,6218,6864,7476,3610,3866,1869,902,967,
56080,7477,3652,3825,13085,6329,6756,14954,7175,7779,13084,6219,6865,7476,3610,3866,1869,902,967,
56085,7478,3653,3825,13085,6329,6756,14954,7175,7779,13085,6219,6866,7476,3610,3866,1869,902,967,
56090,7479,3654,3825,13087,6329,6758,14957,7175,7782,13086,6220,6866,7477,3611,3866,1869,902,967,
56095,7479,3654,3825,13088,6329,6759,14957,7175,7782,13087,6220,6867,7477,3611,3866,1870,902,968,
56100,7480,3655,3825,13088,6329,6759,14958,7176,7782,13088,6220,6868,7479,3612,3867,1870,902,968,
56105,7480,3655,3825,13090,6330,6760,14959,7176,7783,13089,6220,6869,7480,3613,3867,1870,902,968,
56110,7481,3656,3825,13092,6330,6762,14962,7177,7785,13091,6221,6870,7480,3613,3867,1870,902,968,
56115,7482,3657,3825,13092,6330,6762,14962,7177,7785,13092,6221,6871,7480,3613,3867,1870,902,968,
56120,7483,3657,3826,13094,6331,6763,14965,7178,7787,13093,6222,6871,7481,3614,3867,1870,902,968,
56125,7483,3657,3826,13095,6331,6764,14965,7178,7787,13094,6223,6871,7481,3614,3867,1871,903,968,
56130,7484,3658,3826,13095,6331,6764,14966,7178,7788,13095,6224,6871,7483,3615,3868,1871,903,968,
56135,7484,3658,3826,13097,6332,6765,14967,7179,7788,13096,6224,6872,7484,3615,3869,1871,903,968,
56140,7485,3659,3826,13099,6334,6765,14970,7179,7791,13098,6226,6872,7484,3615,3869,1871,903,968,
56145,7486,3660,3826,13099,6334,6765,14970,7179,7791,13099,6226,6873,7484,3615,3869,1871,903,968,
56150,7487,3661,3826,13101,6335,6766,14973,7181,7792,13100,6227,6873,7485,3616,3869,1871,903,968,
56155,7487,3661,3826,13102,6336,6766,14973,7181,7792,13101,6228,6873,7485,3616,3869,1872,904,968,
56160,7488,3662,3826,13102,6336,6766,14974,7182,7792,13102,6229,6873,7487,3617,3870,1872,904,968,
56165,7488,3662,3826,13104,6337,6767,14975,7183,7792,13103,6229,6874,7488,3618,3870,1872,904,968,
56170,7489,3662,3827,13106,6338,6768,14978,7185,7793,13105,6230,6875,7488,3618,3870,1872,904,968,
56175,7490,3663,3827,13106,6338,6768,14978,7185,7793,13106,6230,6876,7488,3618,3870,1872,904,968,
56180,7491,3663,3828,13108,6339,6769,14981,7186,7795,13107,6230,6877,7489,3619,3870,1872,904,968,
56185,7491,3663,3828,13109,6340,6769,14981,7186,7795,13108,6231,6877,7489,3619,3870,1873,905,968,
56190,7492,3663,3829,13109,6340,6769,14982,7186,7796,13109,6231,6878,7491,3620,3871,1873,905,968,
56195,7492,3663,3829,13111,6342,6769,14983,7186,7797,13110,6231,6879,7492,3621,3871,1873,905,968,
56200,7493,3664,3829,13113,6343,6770,14986,7188,7798,13112,6233,6879,7492,3621,3871,1873,905,968,
56205,7494,3665,3829,13113,6343,6770,14986,7188,7798,13113,6233,6880,7492,3621,3871,1873,905,968,
56210,7495,3666,3829,13115,6344,6771,14989,7190,7799,13114,6233,6881,7493,3622,3871,1873,905,968,
56215,7495,3666,3829,13116,6344,6772,14989,7190,7799,13115,6234,6881,7493,3622,3871,1874,905,969,
56220,7496,3666,3830,13116,6344,6772,14990,7191,7799,13116,6235,6881,7495,3623,3872,1874,905,969,
56225,7496,3666,3830,13118,6345,6773,14991,7192,7799,13117,6235,6882,7496,3623,3873,1874,905,969,
56230,7497,3666,3831,13120,6345,6775,14994,7193,7801,13119,6236,6883,7496,3623,3873,1874,905,969,
56235,7498,3666,3832,13120,6345,6775,14994,7193,7801,13120,6236,6884,7496,3623,3873,1874,905,969,
56240,7499,3667,3832,13122,6345,6777,14997,7194,7803,13121,6236,6885,7497,3624,3873,1874,905,969,
56245,7499,3667,3832,13123,6346,6777,14997,7194,7803,13122,6237,6885,7497,3624,3873,1875,906,969,
56250,7500,3667,3833,13123,6346,6777,14998,7194,7804,13123,6238,6885,7499,3625,3874,1875,906,969,
56255,7500,3667,3833,13125,6346,6779,14999,7194,7805,13124,6239,6885,7500,3625,3875,1875,906,969,
56260,7501,3668,3833,13127,6348,6779,15002,7194,7808,13126,6241,6885,7500,3625,3875,1875,906,969,
56265,7502,3668,3834,13127,6348,6779,15002,7194,7808,13127,6241,6886,7500,3625,3875,1875,906,969,
56270,7503,3668,3835,13129,6348,6781,15005,7196,7809,13128,6241,6887,7501,3626,3875,1875,906,969,
56275,7503,3668,3835,13130,6348,6782,15005,7196,7809,13129,6241,6888,7501,3626,3875,1876,906,970,
56280,7504,3669,3835,13130,6348,6782,15006,7196,7810,13130,6241,6889,7503,3627,3876,1876,906,970,
56285,7504,3669,3835,13132,6348,6784,15007,7197,7810,13131,6242,6889,7504,3627,3877,1876,906,970,
56290,7505,3670,3835,13134,6350,6784,15010,7198,7812,13133,6242,6891,7504,3627,3877,1876,906,970,
56295,7506,3671,3835,13134,6350,6784,15010,7198,7812,13134,6243,6891,7504,3627,3877,1876,906,970,
56300,7507,3672,3835,13136,6350,6786,15013,7199,7814,13135,6243,6892,7505,3627,3878,1876,906,970,
56305,7507,3672,3835,13137,6350,6787,15013,7199,7814,13136,6244,6892,7505,3627,3878,1877,906,971,
56310,7508,3673,3835,13137,6350,6787,15014,7200,7814,13137,6244,6893,7507,3629,3878,1877,906,971,
56315,7508,3673,3835,13139,6350,6789,15015,7200,7815,13138,6244,6894,7508,3630,3878,1877,906,971,
56320,7509,3674,3835,13141,6352,6789,15018,7201,7817,13140,6246,6894,7508,3630,3878,1877,906,971,
56325,7510,3675,3835,13141,6352,6789,15018,7201,7817,13141,6247,6894,7508,3630,3878,1877,906,971,
56330,7511,3675,3836,13143,6353,6790,15021,7203,7818,13142,6248,6894,7509,3630,3879,1877,906,971,
56335,7511,3675,3836,13144,6354,6790,15021,7203,7818,13143,6249,6894,7509,3630,3879,1878,906,972,
56340,7512,3675,3837,13144,6354,6790,15022,7203,7819,13144,6249,6895,7511,3631,3880,1878,906,972,
56345,7512,3675,3837,13146,6356,6790,15023,7203,7820,13145,6250,6895,7512,3632,3880,1878,906,972,
56350,7513,3676,3837,13148,6357,6791,15026,7204,7822,13147,6252,6895,7512,3632,3880,1878,906,972,
56355,7514,3676,3838,13148,6357,6791,15026,7204,7822,13148,6252,6896,7512,3632,3880,1878,906,972,
56360,7515,3677,3838,13150,6359,6791,15029,7204,7825,13149,6253,6896,7513,3633,3880,1878,906,972,
56365,7515,3677,3838,13151,6360,6791,15029,7204,7825,13150,6253,6897,7513,3633,3880,1879,906,973,
56370,7516,3678,3838,13151,6360,6791,15030,7204,7826,13151,6253,6898,7515,3634,3881,1879,906,973,
56375,7516,3678,3838,13153,6361,6792,15031,7204,7827,13152,6253,6899,7516,3634,3882,1879,906,973,
56380,7517,3679,3838,13155,6363,6792,15034,7207,7827,13154,6255,6899,7516,3634,3882,1879,906,973,
56385,7518,3680,3838,13155,6363,6792,15034,7207,7827,13155,6255,6900,7516,3634,3882,1879,906,973,
56390,7519,3680,3839,13157,6364,6793,15037,7208,7829,13156,6256,6900,7517,3635,3882,1879,906,973,
56395,7519,3680,3839,13158,6364,6794,15037,7208,7829,13157,6256,6901,7517,3635,3882,1880,906,974,
56400,7520,3680,3840,13158,6364,6794,15038,7209,7829,13158,6257,6901,7519,3636,3883,1880,906,974,
56405,7520,3680,3840,13160,6366,6794,15039,7210,7829,13159,6258,6901,7520,3636,3884,1880,906,974,
56410,7521,3681,3840,13162,6367,6795,15042,7212,7830,13161,6260,6901,7520,3636,3884,1880,906,974,
56415,7522,3682,3840,13162,6367,6795,15042,7212,7830,13162,6261,6901,7520,3636,3884,1880,906,974,
56420,7523,3683,3840,13164,6368,6796,15045,7214,7831,13163,6262,6901,7521,3636,3885,1880,906,974,
56425,7523,3683,3840,13165,6368,6797,15045,7214,7831,13164,6262,6902,7521,3636,3885,1881,907,974,
56430,7524,3683,3841,13165,6368,6797,15046,7215,7831,13165,6263,6902,7523,3636,3887,1881,907,974,
56435,7524,3683,3841,13167,6368,6799,15047,7216,7831,13166,6264,6902,7524,3636,3888,1881,907,974,
56440,7525,3684,3841,13169,6368,6801,15050,7218,7832,13168,6266,6902,7524,3636,3888,1881,907,974,
56445,7526,3684,3842,13169,6368,6801,15050,7218,7832,13169,6266,6903,7524,3636,3888,1881,907,974,
56450,7527,3685,3842,13171,6368,6803,15053,7220,7833,13170,6266,6904,7525,3636,3889,1881,907,974,
56455,7527,3685,3842,13172,6369,6803,15053,7220,7833,13171,6267,6904,7525,3636,3889,1882,908,974,
56460,7528,3686,3842,13172,6369,6803,15054,7220,7834,13172,6267,6905,7527,3637,3890,1882,908,974,
56465,7528,3686,3842,13174,6369,6805,15055,7220,7835,13173,6268,6905,7528,3638,3890,1882,908,974,
56470,7529,3687,3842,13176,6371,6805,15058,7222,7836,13175,6270,6905,7528,3638,3890,1882,908,974,
56475,7530,3688,3842,13176,6371,6805,15058,7222,7836,13176,6271,6905,7528,3638,3890,1882,908,974,
56480,7531,3689,3842,13178,6372,6806,15061,7224,7837,13177,6272,6905,7529,3639,3890,1882,908,974,
56485,7531,3689,3842,13179,6372,6807,15061,7224,7837,13178,6272,6906,7529,3639,3890,1883,909,974,
56490,7532,3690,3842,13179,6372,6807,15062,7225,7837,13179,6272,6907,7531,3641,3890,1883,909,974,
56495,7532,3690,3842,13181,6372,6809,15063,7226,7837,13180,6272,6908,7532,3642,3890,1883,909,974,
56500,7533,3690,3843,13183,6374,6809,15066,7228,7838,13182,6272,6910,7532,3642,3890,1883,909,974,
56505,7534,3690,3844,13183,6374,6809,15066,7228,7838,13183,6272,6911,7532,3642,3890,1883,909,974,
56510,7535,3691,3844,13185,6375,6810,15069,7229,7840,13184,6272,6912,7533,3643,3890,1883,909,974,
56515,7535,3691,3844,13186,6375,6811,15069,7229,7840,13185,6272,6913,7533,3643,3890,1884,909,975,
56520,7536,3691,3845,13186,6375,6811,15070,7229,7841,13186,6273,6913,7535,3644,3891,1884,909,975,
56525,7536,3691,3845,13188,6376,6812,15071,7230,7841,13187,6274,6913,7536,3644,3892,1884,909,975,
56530,7537,3691,3846,13190,6377,6813,15074,7231,7843,13189,6274,6915,7536,3644,3892,1884,909,975,
56535,7538,3692,3846,13190,6377,6813,15074,7231,7843,13190,6275,6915,7536,3644,3892,1884,909,975,
56540,7539,3692,3847,13192,6379,6813,15077,7232,7845,13191,6276,6915,7537,3644,3893,1884,909,975,
56545,7539,3692,3847,13193,6379,6814,15077,7232,7845,13192,6276,6916,7537,3644,3893,1885,909,976,
56550,7540,3693,3847,13193,6379,6814,15078,7232,7846,13193,6277,6916,7539,3646,3893,1885,909,976,
56555,7540,3693,3847,13195,6381,6814,15079,7232,7847,13194,6278,6916,7540,3647,3893,1885,909,976,
56560,7541,3694,3847,13197,6382,6815,15082,7233,7849,13196,6279,6917,7540,3647,3893,1885,909,976,
56565,7542,3694,3848,13197,6382,6815,15082,7233,7849,13197,6280,6917,7540,3647,3893,1885,909,976,
56570,7543,3695,3848,13199,6383,6816,15085,7235,7850,13198,6280,6918,7541,3647,3894,1885,909,976,
56575,7543,3695,3848,13200,6383,6817,15085,7235,7850,13199,6281,6918,7541,3647,3894,1886,910,976,
56580,7544,3695,3849,13200,6383,6817,15086,7236,7850,13200,6282,6918,7543,3648,3895,1886,910,976,
56585,7544,3695,3849,13202,6383,6819,15087,7237,7850,13201,6282,6919,7544,3648,3896,1886,910,976,
56590,7545,3695,3850,13204,6384,6820,15090,7238,7852,13203,6282,6921,7544,3648,3896,1886,910,976,
56595,7546,3695,3851,13204,6384,6820,15090,7238,7852,13204,6283,6921,7544,3648,3896,1886,910,976,
56600,7547,3695,3852,13206,6385,6821,15093,7240,7853,13205,6283,6922,7545,3648,3897,1886,910,976,
56605,7547,3695,3852,13207,6386,6821,15093,7240,7853,13206,6284,6922,7545,3648,3897,1887,911,976,
56610,7548,3695,3853,13207,6386,6821,15094,7241,7853,13207,6285,6922,7547,3649,3898,1887,911,976,
56615,7548,3695,3853,13209,6388,6821,15095,7242,7853,13208,6286,6922,7548,3650,3898,1887,911,976,
56620,7549,3696,3853,13211,6389,6822,15098,7244,7854,13210,6287,6923,7548,3650,3898,1887,911,976,
56625,7550,3696,3854,13211,6389,6822,15098,7244,7854,13211,6288,6923,7548,3650,3898,1887,911,976,
56630,7551,3696,3855,13213,6389,6824,15101,7246,7855,13212,6288,6924,7549,3651,3898,1887,911,976,
56635,7551,3696,3855,13214,6390,6824,15101,7246,7855,13213,6289,6924,7549,3651,3898,1888,912,976,
56640,7552,3697,3855,13214,6390,6824,15102,7246,7856,13214,6289,6925,7551,3652,3899,1888,912,976,
56645,7552,3697,3855,13216,6391,6825,15103,7247,7856,13215,6289,6926,7552,3652,3900,1888,912,976,
56650,7553,3697,3856,13218,6393,6825,15106,7248,7858,13217,6289,6928,7552,3652,3900,1888,912,976,
56655,7554,3698,3856,13218,6393,6825,15106,7248,7858,13218,6290,6928,7552,3652,3900,1888,912,976,
56660,7555,3699,3856,13220,6394,6826,15109,7249,7860,13219,6290,6929,7553,3652,3901,1888,912,976,
56665,7555,3699,3856,13221,6394,6827,15109,7249,7860,13220,6290,6930,7553,3652,3901,1889,913,976,
56670,7556,3699,3857,13221,6394,6827,15110,7249,7861,13221,6291,6930,7555,3653,3902,1889,913,976,
56675,7556,3699,3857,13223,6396,6827,15111,7250,7861,13222,6292,6930,7556,3654,3902,1889,913,976,
56680,7557,3700,3857,13225,6397,6828,15114,7251,7863,13224,6294,6930,7556,3654,3902,1889,913,976,
56685,7558,3701,3857,13225,6397,6828,15114,7251,7863,13225,6295,6930,7556,3654,3902,1889,913,976,
56690,7559,3701,3858,13227,6398,6829,15117,7252,7865,13226,6295,6931,7557,3655,3902,1889,913,976,
56695,7559,3701,3858,13228,6399,6829,15117,7252,7865,13227,6295,6932,7557,3655,3902,1890,913,977,
56700,7560,3702,3858,13228,6399,6829,15118,7252,7866,13228,6296,6932,7559,3655,3904,1890,913,977,
56705,7560,3702,3858,13230,6400,6830,15119,7252,7867,13229,6296,6933,7560,3655,3905,1890,913,977,
56710,7561,3702,3859,13232,6400,6832,15122,7253,7869,13231,6297,6934,7560,3655,3905,1890,913,977,
56715,7562,3703,3859,13232,6400,6832,15122,7253,7869,13232,6298,6934,7560,3655,3905,1890,913,977,
56720,7563,3703,3860,13234,6401,6833,15125,7253,7872,13233,6299,6934,7561,3656,3905,1890,913,977,
56725,7563,3703,3860,13235,6402,6833,15125,7253,7872,13234,6299,6935,7561,3656,3905,1891,913,978,
56730,7564,3704,3860,13235,6402,6833,15126,7254,7872,13235,6299,6936,7563,3656,3907,1891,913,978,
56735,7564,3704,3860,13237,6403,6834,15127,7255,7872,13236,6300,6936,7564,3656,3908,1891,913,978,
56740,7565,3705,3860,13239,6404,6835,15130,7256,7874,13238,6300,6938,7564,3656,3908,1891,913,978,
56745,7566,3706,3860,13239,6404,6835,15130,7256,7874,13239,6300,6939,7564,3656,3908,1891,913,978,
56750,7567,3706,3861,13241,6406,6835,15133,7257,7876,13240,6301,6939,7565,3656,3909,1891,913,978,
56755,7567,3706,3861,13242,6406,6836,15133,7257,7876,13241,6301,6940,7565,3656,3909,1892,913,979,
56760,7568,3707,3861,13242,6406,6836,15134,7258,7876,13242,6302,6940,7567,3656,3911,1892,913,979,
56765,7568,3707,3861,13244,6408,6836,15135,7259,7876,13243,6303,6940,7568,3656,3912,1892,913,979,
56770,7569,3707,3862,13246,6409,6837,15138,7261,7877,13245,6303,6942,7568,3656,3912,1892,913,979,
56775,7570,3708,3862,13246,6409,6837,15138,7261,7877,13246,6304,6942,7568,3656,3912,1892,913,979,
56780,7571,3708,3863,13248,6409,6839,15141,7262,7879,13247,6304,6943,7569,3656,3913,1892,913,979,
56785,7571,3708,3863,13249,6410,6839,15141,7262,7879,13248,6304,6944,7569,3656,3913,1893,913,980,
56790,7572,3708,3864,13249,6410,6839,15142,7262,7880,13249,6304,6945,7571,3656,3915,1893,913,980,
56795,7572,3708,3864,13251,6412,6839,15143,7263,7880,13250,6304,6946,7572,3656,3916,1893,913,980,
56800,7573,3708,3865,13253,6413,6840,15146,7264,7882,13252,6305,6947,7572,3656,3916,1893,913,980,
56805,7574,3708,3866,13253,6413,6840,15146,7264,7882,13253,6306,6947,7572,3656,3916,1893,913,980,
56810,7575,3709,3866,13255,6414,6841,15149,7265,7884,13254,6307,6947,7573,3657,3916,1893,913,980,
56815,7575,3709,3866,13256,6414,6842,15149,7265,7884,13255,6308,6947,7573,3657,3916,1894,913,981,
56820,7576,3710,3866,13256,6414,6842,15150,7266,7884,13256,6308,6948,7575,3658,3917,1894,913,981,
56825,7576,3710,3866,13258,6415,6843,15151,7267,7884,13257,6308,6949,7576,3659,3917,1894,913,981,
56830,7577,3710,3867,13260,6416,6844,15154,7269,7885,13259,6309,6950,7576,3659,3917,1894,913,981,
56835,7578,3710,3868,13260,6416,6844,15154,7269,7885,13260,6309,6951,7576,3659,3917,1894,913,981,
56840,7579,3710,3869,13262,6418,6844,15157,7271,7886,13261,6309,6952,7577,3660,3917,1894,913,981,
56845,7579,3710,3869,13263,6419,6844,15157,7271,7886,13262,6309,6953,7577,3660,3917,1895,914,981,
56850,7580,3710,3870,13263,6419,6844,15158,7271,7887,13263,6310,6953,7579,3662,3917,1895,914,981,
56855,7580,3710,3870,13265,6419,6846,15159,7271,7888,13264,6310,6954,7580,3663,3917,1895,914,981,
56860,7581,3710,3871,13267,6421,6846,15162,7271,7891,13266,6310,6956,7580,3663,3917,1895,914,981,
56865,7582,3710,3872,13267,6421,6846,15162,7271,7891,13267,6310,6957,7580,3663,3917,1895,914,981,
56870,7583,3711,3872,13269,6422,6847,15165,7271,7894,13268,6310,6958,7581,3663,3918,1895,914,981,
56875,7583,3711,3872,13270,6422,6848,15165,7271,7894,13269,6311,6958,7581,3663,3918,1896,915,981,
56880,7584,3712,3872,13270,6422,6848,15166,7271,7895,13270,6311,6959,7583,3663,3920,1896,915,981,
56885,7584,3712,3872,13272,6422,6850,15167,7272,7895,13271,6311,6960,7584,3663,3921,1896,915,981,
56890,7585,3712,3873,13274,6422,6852,15170,7274,7896,13273,6313,6960,7584,3663,3921,1896,915,981,
56895,7586,3713,3873,13274,6422,6852,15170,7274,7896,13274,6313,6961,7584,3663,3921,1896,915,981,
56900,7587,3714,3873,13276,6423,6853,15173,7276,7897,13275,6313,6962,7585,3664,3921,1896,915,981,
56905,7587,3714,3873,13277,6424,6853,15173,7276,7897,13276,6314,6962,7585,3664,3921,1897,916,981,
56910,7588,3714,3874,13277,6424,6853,15174,7276,7898,13277,6314,6963,7587,3665,3922,1897,916,981,
56915,7588,3714,3874,13279,6426,6853,15175,7277,7898,13278,6315,6963,7588,3665,3923,1897,916,981,
56920,7589,3714,3875,13281,6427,6854,15178,7279,7899,13280,6316,6964,7588,3665,3923,1897,916,981,
56925,7590,3714,3876,13281,6427,6854,15178,7279,7899,13281,6316,6965,7588,3665,3923,1897,916,981,
56930,7591,3714,3877,13283,6428,6855,15181,7281,7900,13282,6316,6966,7589,3665,3924,1897,916,981,
56935,7591,3714,3877,13284,6429,6855,15181,7281,7900,13283,6316,6967,7589,3665,3924,1898,916,982,
56940,7592,3714,3878,13284,6429,6855,15182,7282,7900,13284,6317,6967,7591,3665,3926,1898,916,982,
56945,7592,3714,3878,13286,6429,6857,15183,7282,7901,13285,6317,6968,7592,3666,3926,1898,916,982,
56950,7593,3715,3878,13288,6430,6858,15186,7284,7902,13287,6319,6968,7592,3666,3926,1898,916,982,
56955,7594,3715,3879,13288,6430,6858,15186,7284,7902,13288,6320,6968,7592,3666,3926,1898,916,982,
56960,7595,3715,3880,13290,6432,6858,15189,7285,7904,13289,6320,6969,7593,3666,3927,1898,916,982,
56965,7595,3715,3880,13291,6432,6859,15189,7285,7904,13290,6320,6970,7593,3666,3927,1899,916,983,
56970,7596,3716,3880,13291,6432,6859,15190,7286,7904,13291,6320,6971,7595,3668,3927,1899,916,983,
56975,7596,3716,3880,13293,6433,6860,15191,7286,7905,13292,6321,6971,7596,3669,3927,1899,916,983,
56980,7597,3716,3881,13295,6435,6860,15194,7287,7907,13294,6322,6972,7596,3669,3927,1899,916,983,
56985,7598,3717,3881,13295,6435,6860,15194,7287,7907,13295,6323,6972,7596,3669,3927,1899,916,983,
56990,7599,3717,3882,13297,6435,6862,15197,7289,7908,13296,6323,6973,7597,3670,3927,1899,916,983,
56995,7599,3717,3882,13298,6436,6862,15197,7289,7908,13297,6324,6973,7597,3670,3927,1900,917,983,
57000,7600,3717,3883,13298,6436,6862,15198,7289,7909,13298,6325,6973,7599,3672,3927,1900,917,983,
57005,7600,3717,3883,13300,6437,6863,15199,7290,7909,13299,6325,6974,7600,3672,3928,1900,917,983,
57010,7601,3718,3883,13302,6437,6865,15202,7291,7911,13301,6327,6974,7600,3672,3928,1900,917,983,
57015,7602,3718,3884,13302,6437,6865,15202,7291,7911,13302,6328,6974,7600,3672,3928,1900,917,983,
57020,7603,3719,3884,13304,6439,6865,15205,7293,7912,13303,6328,6975,7601,3673,3928,1900,917,983,
57025,7603,3719,3884,13305,6440,6865,15205,7293,7912,13304,6328,6976,7601,3673,3928,1901,917,984,
57030,7604,3719,3885,13305,6440,6865,15206,7294,7912,13305,6328,6977,7603,3673,3930,1901,917,984,
57035,7604,3719,3885,13307,6441,6866,15207,7295,7912,13306,6329,6977,7604,3673,3931,1901,917,984,
57040,7605,3719,3886,13309,6443,6866,15210,7295,7915,13308,6331,6977,7604,3673,3931,1901,917,984,
57045,7606,3719,3887,13309,6443,6866,15210,7295,7915,13309,6332,6977,7604,3673,3931,1901,917,984,
57050,7607,3719,3888,13311,6444,6867,15213,7297,7916,13310,6333,6977,7605,3674,3931,1901,917,984,
57055,7607,3719,3888,13312,6444,6868,15213,7297,7916,13311,6333,6978,7605,3674,3931,1902,917,985,
57060,7608,3720,3888,13312,6444,6868,15214,7297,7917,13312,6333,6979,7607,3675,3932,1902,917,985,
57065,7608,3720,3888,13314,6445,6869,15215,7297,7918,13313,6333,6980,7608,3675,3933,1902,917,985,
57070,7609,3720,3889,13316,6446,6870,15218,7299,7919,13315,6333,6982,7608,3675,3933,1902,917,985,
57075,7610,3720,3890,13316,6446,6870,15218,7299,7919,13316,6334,6982,7608,3675,3933,1902,917,985,
57080,7611,3721,3890,13318,6446,6872,15221,7301,7920,13317,6335,6982,7609,3676,3933,1902,917,985,
57085,7611,3721,3890,13319,6447,6872,15221,7301,7920,13318,6335,6983,7609,3676,3933,1903,918,985,
57090,7612,3721,3891,13319,6447,6872,15222,7302,7920,13319,6335,6984,7611,3677,3934,1903,918,985,
57095,7612,3721,3891,13321,6448,6873,15223,7303,7920,13320,6335,6985,7612,3677,3935,1903,918,985,
57100,7613,3721,3892,13323,6449,6874,15226,7306,7920,13322,6337,6985,7612,3677,3935,1903,918,985,
57105,7614,3721,3893,13323,6449,6874,15226,7306,7920,13323,6338,6985,7612,3677,3935,1903,918,985,
57110,7615,3721,3894,13325,6450,6875,15229,7307,7922,13324,6338,6986,7613,3677,3936,1903,918,985,
57115,7615,3721,3894,13326,6450,6876,15229,7307,7922,13325,6338,6987,7613,3677,3936,1904,919,985,
57120,7616,3721,3895,13326,6450,6876,15230,7307,7923,13326,6339,6987,7615,3679,3936,1904,919,985,
57125,7616,3721,3895,13328,6452,6876,15231,7308,7923,13327,6340,6987,7616,3680,3936,1904,919,985,
57130,7617,3721,3896,13330,6454,6876,15234,7308,7926,13329,6340,6989,7616,3680,3936,1904,919,985,
57135,7618,3721,3897,13330,6454,6876,15234,7308,7926,13330,6340,6990,7616,3680,3936,1904,919,985,
57140,7619,3721,3898,13332,6454,6878,15237,7310,7927,13331,6341,6990,7617,3681,3936,1904,919,985,
57145,7619,3721,3898,13333,6455,6878,15237,7310,7927,13332,6342,6990,7617,3681,3936,1905,920,985,
57150,7620,3721,3899,13333,6455,6878,15238,7310,7928,13333,6342,6991,7619,3681,3938,1905,920,985,
57155,7620,3721,3899,13335,6456,6879,15239,7310,7929,13334,6342,6992,7620,3682,3938,1905,920,985,
57160,7621,3721,3900,13337,6456,6881,15242,7311,7931,13336,6343,6993,7620,3682,3938,1905,920,985,
57165,7622,3721,3901,13337,6456,6881,15242,7311,7931,13337,6344,6993,7620,3682,3938,1905,920,985,
57170,7623,3721,3902,13339,6456,6883,15245,7314,7931,13338,6344,6994,7621,3683,3938,1905,920,985,
57175,7623,3721,3902,13340,6457,6883,15245,7314,7931,13339,6344,6995,7621,3683,3938,1906,921,985,
57180,7624,3722,3902,13340,6457,6883,15246,7314,7932,13340,6345,6995,7623,3683,3940,1906,921,985,
57185,7624,3722,3902,13342,6458,6884,15247,7315,7932,13341,6345,6996,7624,3683,3941,1906,921,985,
57190,7625,3722,3903,13344,6460,6884,15250,7318,7932,13343,6347,6996,7624,3683,3941,1906,921,985,
57195,7626,3723,3903,13344,6460,6884,15250,7318,7932,13344,6348,6996,7624,3683,3941,1906,921,985,
57200,7627,3724,3903,13346,6461,6885,15253,7319,7934,13345,6348,6997,7625,3684,3941,1906,921,985,
57205,7627,3724,3903,13347,6461,6886,15253,7319,7934,13346,6348,6998,7625,3684,3941,1907,921,986,
57210,7628,3725,3903,13347,6461,6886,15254,7319,7935,13347,6348,6999,7627,3685,3942,1907,921,986,
57215,7628,3725,3903,13349,6462,6887,15255,7319,7936,13348,6349,6999,7628,3685,3943,1907,921,986,
57220,7629,3726,3903,13351,6463,6888,15258,7319,7939,13350,6351,6999,7628,3685,3943,1907,921,986,
57225,7630,3727,3903,13351,6463,6888,15258,7319,7939,13351,6351,7000,7628,3685,3943,1907,921,986,
57230,7631,3727,3904,13353,6465,6888,15261,7322,7939,13352,6352,7000,7629,3686,3943,1907,921,986,
57235,7631,3727,3904,13354,6465,6889,15261,7322,7939,13353,6353,7000,7629,3686,3943,1908,921,987,
57240,7632,3727,3905,13354,6465,6889,15262,7322,7940,13354,6353,7001,7631,3687,3944,1908,921,987,
57245,7632,3727,3905,13356,6466,6890,15263,7322,7941,13355,6354,7001,7632,3687,3945,1908,921,987,
57250,7633,3727,3906,13358,6468,6890,15266,7323,7943,13357,6356,7001,7632,3687,3945,1908,921,987,
57255,7634,3727,3907,13358,6468,6890,15266,7323,7943,13358,6357,7001,7632,3687,3945,1908,921,987,
57260,7635,3727,3908,13360,6468,6892,15269,7323,7946,13359,6357,7002,7633,3688,3945,1908,921,987,
57265,7635,3727,3908,13361,6469,6892,15269,7323,7946,13360,6357,7003,7633,3688,3945,1909,921,988,
57270,7636,3727,3909,13361,6469,6892,15270,7323,7947,13361,6357,7004,7635,3689,3946,1909,921,988,
57275,7636,3727,3909,13363,6470,6893,15271,7324,7947,13362,6357,7005,7636,3690,3946,1909,921,988,
57280,7637,3728,3909,13365,6470,6895,15274,7325,7949,13364,6357,7007,7636,3690,3946,1909,921,988,
57285,7638,3729,3909,13365,6470,6895,15274,7325,7949,13365,6358,7007,7636,3690,3946,1909,921,988,
57290,7639,3730,3909,13367,6471,6896,15277,7327,7950,13366,6358,7008,7637,3690,3947,1909,921,988,
57295,7639,3730,3909,13368,6472,6896,15277,7327,7950,13367,6359,7008,7637,3690,3947,1910,922,988,
57300,7640,3730,3910,13368,6472,6896,15278,7327,7951,13368,6359,7009,7639,3692,3947,1910,922,988,
57305,7640,3730,3910,13370,6472,6898,15279,7327,7952,13369,6360,7009,7640,3692,3948,1910,922,988,
57310,7641,3730,3911,13372,6474,6898,15282,7328,7954,13371,6360,7011,7640,3692,3948,1910,922,988,
57315,7642,3730,3912,13372,6474,6898,15282,7328,7954,13372,6360,7012,7640,3692,3948,1910,922,988,
57320,7643,3730,3913,13374,6475,6899,15285,7330,7955,13373,6360,7013,7641,3692,3949,1910,922,988,
57325,7643,3730,3913,13375,6476,6899,15285,7330,7955,13374,6361,7013,7641,3692,3949,1911,923,988,
57330,7644,3730,3914,13375,6476,6899,15286,7330,7956,13375,6361,7014,7643,3693,3950,1911,923,988,
57335,7644,3730,3914,13377,6477,6900,15287,7331,7956,13376,6362,7014,7644,3693,3951,1911,923,988,
57340,7645,3730,3915,13379,6478,6901,15290,7331,7959,13378,6362,7016,7644,3693,3951,1911,923,988,
57345,7646,3731,3915,13379,6478,6901,15290,7331,7959,13379,6363,7016,7644,3693,3951,1911,923,988,
57350,7647,3731,3916,13381,6480,6901,15293,7332,7961,13380,6364,7016,7645,3694,3951,1911,923,988,
57355,7647,3731,3916,13382,6480,6902,15293,7332,7961,13381,6364,7017,7645,3694,3951,1912,924,988,
57360,7648,3732,3916,13382,6480,6902,15294,7333,7961,13382,6364,7018,7647,3694,3953,1912,924,988,
57365,7648,3732,3916,13384,6480,6904,15295,7333,7962,13383,6365,7018,7648,3695,3953,1912,924,988,
57370,7649,3733,3916,13386,6480,6906,15298,7334,7964,13385,6365,7020,7648,3695,3953,1912,924,988,
57375,7650,3733,3917,13386,6480,6906,15298,7334,7964,13386,6366,7020,7648,3695,3953,1912,924,988,
57380,7651,3733,3918,13388,6481,6907,15301,7335,7966,13387,6366,7021,7649,3695,3954,1912,924,988,
57385,7651,3733,3918,13389,6481,6908,15301,7335,7966,13388,6367,7021,7649,3695,3954,1913,925,988,
57390,7652,3734,3918,13389,6481,6908,15302,7336,7966,13389,6367,7022,7651,3696,3955,1913,925,988,
57395,7652,3734,3918,13391,6483,6908,15303,7336,7967,13390,6367,7023,7652,3697,3955,1913,925,988,
57400,7653,3734,3919,13393,6485,6908,15306,7338,7968,13392,6369,7023,7652,3697,3955,1913,925,988,
57405,7654,3734,3920,13393,6485,6908,15306,7338,7968,13393,6369,7024,7652,3697,3955,1913,925,988,
57410,7655,3735,3920,13395,6485,6910,15309,7339,7970,13394,6369,7025,7653,3698,3955,1913,925,988,
57415,7655,3735,3920,13396,6486,6910,15309,7339,7970,13395,6369,7026,7653,3698,3955,1914,926,988,
57420,7656,3736,3920,13396,6486,6910,15310,7339,7971,13396,6370,7026,7655,3699,3956,1914,926,988,
57425,7656,3736,3920,13398,6487,6911,15311,7340,7971,13397,6371,7026,7656,3699,3957,1914,926,988,
57430,7657,3737,3920,13400,6488,6912,15314,7342,7972,13399,6372,7027,7656,3699,3957,1914,926,988,
57435,7658,3737,3921,13400,6488,6912,15314,7342,7972,13400,6372,7028,7656,3699,3957,1914,926,988,
57440,7659,3737,3922,13402,6489,6913,15317,7344,7973,13401,6373,7028,7657,3699,3958,1914,926,988,
57445,7659,3737,3922,13403,6489,6914,15317,7344,7973,13402,6374,7028,7657,3699,3958,1915,927,988,
57450,7660,3738,3922,13403,6489,6914,15318,7344,7974,13403,6374,7029,7659,3699,3960,1915,927,988,
57455,7660,3738,3922,13405,6490,6915,15319,7344,7975,13404,6374,7030,7660,3699,3961,1915,927,988,
57460,7661,3739,3922,13407,6491,6916,15322,7346,7976,13406,6374,7032,7660,3699,3961,1915,927,988,
57465,7662,3740,3922,13407,6491,6916,15322,7346,7976,13407,6374,7033,7660,3699,3961,1915,927,988,
57470,7663,3740,3923,13409,6493,6916,15325,7347,7978,13408,6374,7034,7661,3699,3962,1915,927,988,
57475,7663,3740,3923,13410,6493,6917,15325,7347,7978,13409,6374,7035,7661,3699,3962,1916,927,989,
57480,7664,3740,3924,13410,6493,6917,15326,7348,7978,13410,6374,7036,7663,3700,3963,1916,927,989,
57485,7664,3740,3924,13412,6494,6918,15327,7348,7979,13411,6375,7036,7664,3700,3964,1916,927,989,
57490,7665,3741,3924,13414,6495,6919,15330,7349,7981,13413,6376,7037,7664,3700,3964,1916,927,989,
57495,7666,3742,3924,13414,6495,6919,15330,7349,7981,13414,6377,7037,7664,3700,3964,1916,927,989,
57500,7667,3742,3925,13416,6496,6920,15333,7351,7982,13415,6377,7038,7665,3700,3965,1916,927,989,
57505,7667,3742,3925,13417,6496,6921,15333,7351,7982,13416,6378,7038,7665,3700,3965,1917,927,990,
57510,7668,3743,3925,13417,6496,6921,15334,7351,7983,13417,6378,7039,7667,3700,3967,1917,927,990,
57515,7668,3743,3925,13419,6497,6922,15335,7352,7983,13418,6379,7039,7668,3700,3968,1917,927,990,
57520,7669,3744,3925,13421,6498,6923,15338,7354,7984,13420,6380,7040,7668,3700,3968,1917,927,990,
57525,7670,3744,3926,13421,6498,6923,15338,7354,7984,13421,6381,7040,7668,3700,3968,1917,927,990,
57530,7671,3744,3927,13423,6500,6923,15341,7355,7986,13422,6381,7041,7669,3701,3968,1917,927,990,
57535,7671,3744,3927,13424,6501,6923,15341,7355,7986,13423,6382,7041,7669,3701,3968,1918,928,990,
57540,7672,3744,3928,13424,6501,6923,15342,7356,7986,13424,6382,7042,7671,3702,3969,1918,928,990,
57545,7672,3744,3928,13426,6502,6924,15343,7356,7987,13425,6382,7043,7672,3702,3970,1918,928,990,
57550,7673,3744,3929,13428,6504,6924,15346,7357,7989,13427,6382,7045,7672,3702,3970,1918,928,990,
57555,7674,3745,3929,13428,6504,6924,15346,7357,7989,13428,6382,7046,7672,3702,3970,1918,928,990,
57560,7675,3746,3929,13430,6505,6925,15349,7358,7991,13429,6383,7046,7673,3702,3971,1918,928,990,
57565,7675,3746,3929,13431,6506,6925,15349,7358,7991,13430,6384,7046,7673,3702,3971,1919,929,990,
57570,7676,3746,3930,13431,6506,6925,15350,7358,7992,13431,6385,7046,7675,3703,3972,1919,929,990,
57575,7676,3746,3930,13433,6507,6926,15351,7359,7992,13432,6386,7046,7676,3704,3972,1919,929,990,
57580,7677,3746,3931,13435,6507,6928,15354,7361,7993,13434,6387,7047,7676,3704,3972,1919,929,990,
57585,7678,3746,3932,13435,6507,6928,15354,7361,7993,13435,6388,7047,7676,3704,3972,1919,929,990,
57590,7679,3746,3933,13437,6508,6929,15357,7363,7994,13436,6388,7048,7677,3704,3973,1919,929,990,
57595,7679,3746,3933,13438,6508,6930,15357,7363,7994,13437,6389,7048,7677,3704,3973,1920,930,990,
57600,7680,3747,3933,13438,6508,6930,15358,7363,7995,13438,6390,7048,7679,3706,3973,1920,930,990,
57605,7680,3747,3933,13440,6508,6932,15359,7364,7995,13439,6391,7048,7680,3707,3973,1920,930,990,
57610,7681,3748,3933,13442,6509,6933,15362,7364,7998,13441,6391,7050,7680,3707,3973,1920,930,990,
57615,7682,3749,3933,13442,6509,6933,15362,7364,7998,13442,6392,7050,7680,3707,3973,1920,930,990,
57620,7683,3750,3933,13444,6511,6933,15365,7366,7999,13443,6392,7051,7681,3707,3974,1920,930,990,
57625,7683,3750,3933,13445,6512,6933,15365,7366,7999,13444,6393,7051,7681,3707,3974,1921,930,991,
57630,7684,3751,3933,13445,6512,6933,15366,7366,8000,13445,6394,7051,7683,3707,3976,1921,930,991,
57635,7684,3751,3933,13447,6513,6934,15367,7367,8000,13446,6394,7052,7684,3707,3977,1921,930,991,
57640,7685,3751,3934,13449,6514,6935,15370,7370,8000,13448,6395,7053,7684,3707,3977,1921,930,991,
57645,7686,3752,3934,13449,6514,6935,15370,7370,8000,13449,6395,7054,7684,3707,3977,1921,930,991,
57650,7687,3753,3934,13451,6515,6936,15373,7372,8001,13450,6396,7054,7685,3708,3977,1921,930,991,
57655,7687,3753,3934,13452,6516,6936,15373,7372,8001,13451,6397,7054,7685,3708,3977,1922,931,991,
57660,7688,3753,3935,13452,6516,6936,15374,7372,8002,13452,6398,7054,7687,3709,3978,1922,931,991,
57665,7688,3753,3935,13454,6518,6936,15375,7372,8003,13453,6399,7054,7688,3709,3979,1922,931,991,
57670,7689,3753,3936,13456,6520,6936,15378,7375,8003,13455,6399,7056,7688,3709,3979,1922,931,991,
57675,7690,3754,3936,13456,6520,6936,15378,7375,8003,13456,6399,7057,7688,3709,3979,1922,931,991,
57680,7691,3755,3936,13458,6521,6937,15381,7376,8005,13457,6399,7058,7689,3709,3980,1922,931,991,
57685,7691,3755,3936,13459,6522,6937,15381,7376,8005,13458,6400,7058,7689,3709,3980,1923,932,991,
57690,7692,3756,3936,13459,6522,6937,15382,7376,8006,13459,6400,7059,7691,3710,3981,1923,932,991,
57695,7692,3756,3936,13461,6523,6938,15383,7376,8007,13460,6400,7060,7692,3711,3981,1923,932,991,
57700,7693,3757,3936,13463,6524,6939,15386,7379,8007,13462,6401,7061,7692,3711,3981,1923,932,991,
57705,7694,3758,3936,13463,6524,6939,15386,7379,8007,13463,6402,7061,7692,3711,3981,1923,932,991,
57710,7695,3759,3936,13465,6526,6939,15389,7380,8009,13464,6402,7062,7693,3711,3982,1923,932,991,
57715,7695,3759,3936,13466,6527,6939,15389,7380,8009,13465,6403,7062,7693,3711,3982,1924,933,991,
57720,7696,3760,3936,13466,6527,6939,15390,7381,8009,13466,6403,7063,7695,3712,3983,1924,933,991,
57725,7696,3760,3936,13468,6528,6940,15391,7381,8010,13467,6404,7063,7696,3712,3984,1924,933,991,
57730,7697,3760,3937,13470,6529,6941,15394,7383,8011,13469,6404,7065,7696,3712,3984,1924,933,991,
57735,7698,3761,3937,13470,6529,6941,15394,7383,8011,13470,6404,7066,7696,3712,3984,1924,933,991,
57740,7699,3761,3938,13472,6530,6942,15397,7385,8012,13471,6405,7066,7697,3712,3985,1924,933,991,
57745,7699,3761,3938,13473,6531,6942,15397,7385,8012,13472,6405,7067,7697,3712,3985,1925,934,991,
57750,7700,3761,3939,13473,6531,6942,15398,7386,8012,13473,6406,7067,7699,3714,3985,1925,934,991,
57755,7700,3761,3939,13475,6533,6942,15399,7386,8013,13474,6406,7068,7700,3714,3986,1925,934,991,
57760,7701,3762,3939,13477,6534,6943,15402,7386,8016,13476,6408,7068,7700,3714,3986,1925,934,991,
57765,7702,3763,3939,13477,6534,6943,15402,7386,8016,13477,6408,7069,7700,3714,3986,1925,934,991,
57770,7703,3764,3939,13479,6535,6944,15405,7387,8018,13478,6408,7070,7701,3715,3986,1925,934,991,
57775,7703,3764,3939,13480,6535,6945,15405,7387,8018,13479,6408,7071,7701,3715,3986,1926,934,992,
57780,7704,3764,3940,13480,6535,6945,15406,7388,8018,13480,6409,7071,7703,3716,3987,1926,934,992,
57785,7704,3764,3940,13482,6537,6945,15407,7388,8019,13481,6410,7071,7704,3716,3988,1926,934,992,
57790,7705,3764,3941,13484,6539,6945,15410,7389,8021,13483,6410,7073,7704,3716,3988,1926,934,992,
57795,7706,3764,3942,13484,6539,6945,15410,7389,8021,13484,6411,7073,7704,3716,3988,1926,934,992,
57800,7707,3765,3942,13486,6540,6946,15413,7392,8021,13485,6412,7073,7705,3717,3988,1926,934,992,
57805,7707,3765,3942,13487,6541,6946,15413,7392,8021,13486,6413,7073,7705,3717,3988,1927,934,993,
57810,7708,3766,3942,13487,6541,6946,15414,7393,8021,13487,6413,7074,7707,3719,3988,1927,934,993,
57815,7708,3766,3942,13489,6542,6947,15415,7393,8022,13488,6413,7075,7708,3719,3989,1927,934,993,
57820,7709,3766,3943,13491,6543,6948,15418,7394,8024,13490,6415,7075,7708,3719,3989,1927,934,993,
57825,7710,3766,3944,13491,6543,6948,15418,7394,8024,13491,6415,7076,7708,3719,3989,1927,934,993,
57830,7711,3766,3945,13493,6544,6949,15421,7395,8026,13492,6415,7077,7709,3719,3990,1927,934,993,
57835,7711,3766,3945,13494,6544,6950,15421,7395,8026,13493,6416,7077,7709,3719,3990,1928,935,993,
57840,7712,3767,3945,13494,6544,6950,15422,7395,8027,13494,6417,7077,7711,3720,3991,1928,935,993,
57845,7712,3767,3945,13496,6544,6952,15423,7396,8027,13495,6417,7078,7712,3721,3991,1928,935,993,
57850,7713,3767,3946,13498,6545,6953,15426,7399,8027,13497,6418,7079,7712,3721,3991,1928,935,993,
57855,7714,3767,3947,13498,6545,6953,15426,7399,8027,13498,6418,7080,7712,3721,3991,1928,935,993,
57860,7715,3767,3948,13500,6547,6953,15429,7400,8029,13499,6418,7081,7713,3721,3992,1928,935,993,
57865,7715,3767,3948,13501,6548,6953,15429,7400,8029,13500,6419,7081,7713,3721,3992,1929,935,994,
57870,7716,3768,3948,13501,6548,6953,15430,7401,8029,13501,6420,7081,7715,3721,3994,1929,935,994,
57875,7716,3768,3948,13503,6549,6954,15431,7402,8029,13502,6420,7082,7716,3722,3994,1929,935,994,
57880,7717,3769,3948,13505,6550,6955,15434,7405,8029,13504,6420,7084,7716,3722,3994,1929,935,994,
57885,7718,3769,3949,13505,6550,6955,15434,7405,8029,13505,6420,7085,7716,3722,3994,1929,935,994,
57890,7719,3770,3949,13507,6550,6957,15437,7406,8031,13506,6420,7086,7717,3722,3995,1929,935,994,
57895,7719,3770,3949,13508,6551,6957,15437,7406,8031,13507,6421,7086,7717,3722,3995,1930,935,995,
57900,7720,3770,3950,13508,6551,6957,15438,7407,8031,13508,6421,7087,7719,3723,3996,1930,935,995,
57905,7720,3770,3950,13510,6552,6958,15439,7408,8031,13509,6422,7087,7720,3723,3997,1930,935,995,
57910,7721,3770,3951,13512,6553,6959,15442,7409,8033,13511,6423,7088,7720,3723,3997,1930,935,995,
57915,7722,3771,3951,13512,6553,6959,15442,7409,8033,13512,6424,7088,7720,3723,3997,1930,935,995,
57920,7723,3772,3951,13514,6555,6959,15445,7409,8036,13513,6425,7088,7721,3724,3997,1930,935,995,
57925,7723,3772,3951,13515,6556,6959,15445,7409,8036,13514,6425,7089,7721,3724,3997,1931,935,996,
57930,7724,3773,3951,13515,6556,6959,15446,7410,8036,13515,6425,7090,7723,3724,3999,1931,935,996,
57935,7724,3773,3951,13517,6557,6960,15447,7411,8036,13516,6425,7091,7724,3724,4000,1931,935,996,
57940,7725,3773,3952,13519,6558,6961,15450,7411,8039,13518,6427,7091,7724,3724,4000,1931,935,996,
57945,7726,3773,3953,13519,6558,6961,15450,7411,8039,13519,6428,7091,7724,3724,4000,1931,935,996,
57950,7727,3774,3953,13521,6559,6962,15453,7411,8042,13520,6428,7092,7725,3725,4000,1931,935,996,
57955,7727,3774,3953,13522,6560,6962,15453,7411,8042,13521,6428,7093,7725,3725,4000,1932,936,996,
57960,7728,3774,3954,13522,6560,6962,15454,7411,8043,13522,6428,7094,7727,3725,4002,1932,936,996,
57965,7728,3774,3954,13524,6560,6964,15455,7411,8044,13523,6428,7095,7728,3725,4003,1932,936,996,
57970,7729,3774,3955,13526,6561,6965,15458,7411,8047,13525,6429,7096,7728,3725,4003,1932,936,996,
57975,7730,3774,3956,13526,6561,6965,15458,7411,8047,13526,6429,7097,7728,3725,4003,1932,936,996,
57980,7731,3775,3956,13528,6563,6965,15461,7412,8049,13527,6429,7098,7729,3726,4003,1932,936,996,
57985,7731,3775,3956,13529,6563,6966,15461,7412,8049,13528,6429,7099,7729,3726,4003,1933,936,997,
57990,7732,3776,3956,13529,6563,6966,15462,7413,8049,13529,6429,7100,7731,3727,4004,1933,936,997,
57995,7732,3776,3956,13531,6563,6968,15463,7414,8049,13530,6429,7101,7732,3728,4004,1933,936,997,
58000,7733,3776,3957,13533,6565,6968,15466,7417,8049,13532,6431,7101,7732,3728,4004,1933,936,997,
58005,7734,3776,3958,13533,6565,6968,15466,7417,8049,13533,6431,7102,7732,3728,4004,1933,936,997,
58010,7735,3777,3958,13535,6565,6970,15469,7417,8052,13534,6431,7103,7733,3729,4004,1933,936,997,
58015,7735,3777,3958,13536,6565,6971,15469,7417,8052,13535,6432,7103,7733,3729,4004,1934,936,998,
58020,7736,3777,3959,13536,6565,6971,15470,7418,8052,13536,6432,7104,7735,3731,4004,1934,936,998,
58025,7736,3777,3959,13538,6565,6973,15471,7418,8053,13537,6432,7105,7736,3731,4005,1934,936,998,
58030,7737,3777,3960,13540,6566,6974,15474,7420,8054,13539,6432,7107,7736,3731,4005,1934,936,998,
58035,7738,3778,3960,13540,6566,6974,15474,7420,8054,13540,6432,7108,7736,3731,4005,1934,936,998,
58040,7739,3778,3961,13542,6568,6974,15477,7421,8056,13541,6432,7109,7737,3731,4006,1934,936,998,
58045,7739,3778,3961,13543,6569,6974,15477,7421,8056,13542,6432,7110,7737,3731,4006,1935,936,999,
58050,7740,3779,3961,13543,6569,6974,15478,7422,8056,13543,6433,7110,7739,3733,4006,1935,936,999,
58055,7740,3779,3961,13545,6570,6975,15479,7423,8056,13544,6433,7111,7740,3734,4006,1935,936,999,
58060,7741,3780,3961,13547,6570,6977,15482,7424,8058,13546,6435,7111,7740,3734,4006,1935,936,999,
58065,7742,3780,3962,13547,6570,6977,15482,7424,8058,13547,6435,7112,7740,3734,4006,1935,936,999,
58070,7743,3780,3963,13549,6571,6978,15485,7426,8059,13548,6435,7113,7741,3734,4007,1935,936,999,
58075,7743,3780,3963,13550,6572,6978,15485,7426,8059,13549,6435,7114,7741,3734,4007,1936,937,999,
58080,7744,3780,3964,13550,6572,6978,15486,7426,8060,13550,6436,7114,7743,3735,4008,1936,937,999,
58085,7744,3780,3964,13552,6574,6978,15487,7426,8061,13551,6436,7115,7744,3736,4008,1936,937,999,
58090,7745,3780,3965,13554,6575,6979,15490,7427,8063,13553,6438,7115,7744,3736,4008,1936,937,999,
58095,7746,3780,3966,13554,6575,6979,15490,7427,8063,13554,6438,7116,7744,3736,4008,1936,937,999,
58100,7747,3780,3967,13556,6577,6979,15493,7428,8065,13555,6439,7116,7745,3736,4009,1936,937,999,
58105,7747,3780,3967,13557,6578,6979,15493,7428,8065,13556,6440,7116,7745,3736,4009,1937,938,999,
58110,7748,3780,3968,13557,6578,6979,15494,7428,8066,13557,6441,7116,7747,3738,4009,1937,938,999,
58115,7748,3780,3968,13559,6580,6979,15495,7429,8066,13558,6441,7117,7748,3739,4009,1937,938,999,
58120,7749,3780,3969,13561,6581,6980,15498,7430,8068,13560,6443,7117,7748,3739,4009,1937,938,999,
58125,7750,3781,3969,13561,6581,6980,15498,7430,8068,13561,6443,7118,7748,3739,4009,1937,938,999,
58130,7751,3782,3969,13563,6581,6982,15501,7432,8069,13562,6444,7118,7749,3740,4009,1937,938,999,
58135,7751,3782,3969,13564,6582,6982,15501,7432,8069,13563,6444,7119,7749,3740,4009,1938,938,1000,
58140,7752,3782,3970,13564,6582,6982,15502,7432,8070,13564,6445,7119,7751,3741,4010,1938,938,1000,
58145,7752,3782,3970,13566,6583,6983,15503,7433,8070,13565,6446,7119,7752,3741,4011,1938,938,1000,
58150,7753,3782,3971,13568,6584,6984,15506,7434,8072,13567,6446,7121,7752,3741,4011,1938,938,1000,
58155,7754,3782,3972,13568,6584,6984,15506,7434,8072,13568,6447,7121,7752,3741,4011,1938,938,1000,
58160,7755,3783,3972,13570,6585,6985,15509,7436,8073,13569,6447,7122,7753,3741,4012,1938,938,1000,
58165,7755,3783,3972,13571,6585,6986,15509,7436,8073,13570,6447,7123,7753,3741,4012,1939,939,1000,
58170,7756,3784,3972,13571,6585,6986,15510,7437,8073,13571,6448,7123,7755,3743,4012,1939,939,1000,
58175,7756,3784,3972,13573,6587,6986,15511,7438,8073,13572,6449,7123,7756,3744,4012,1939,939,1000,
58180,7757,3785,3972,13575,6587,6988,15514,7438,8076,13574,6449,7125,7756,3744,4012,1939,939,1000,
58185,7758,3786,3972,13575,6587,6988,15514,7438,8076,13575,6450,7125,7756,3744,4012,1939,939,1000,
58190,7759,3786,3973,13577,6587,6990,15517,7440,8077,13576,6450,7126,7757,3744,4013,1939,939,1000,
58195,7759,3786,3973,13578,6587,6991,15517,7440,8077,13577,6450,7127,7757,3744,4013,1940,939,1001,
58200,7760,3787,3973,13578,6587,6991,15518,7440,8078,13578,6451,7127,7759,3745,4014,1940,939,1001,
58205,7760,3787,3973,13580,6587,6993,15519,7441,8078,13579,6452,7127,7760,3746,4014,1940,939,1001,
58210,7761,3788,3973,13582,6587,6995,15522,7443,8079,13581,6452,7129,7760,3746,4014,1940,939,1001,
58215,7762,3789,3973,13582,6587,6995,15522,7443,8079,13582,6452,7130,7760,3746,4014,1940,939,1001,
58220,7763,3790,3973,13584,6589,6995,15525,7445,8080,13583,6453,7130,7761,3746,4015,1940,939,1001,
58225,7763,3790,3973,13585,6590,6995,15525,7445,8080,13584,6454,7130,7761,3746,4015,1941,939,1002,
58230,7764,3791,3973,13585,6590,6995,15526,7446,8080,13585,6454,7131,7763,3747,4016,1941,939,1002,
58235,7764,3791,3973,13587,6591,6996,15527,7446,8081,13586,6455,7131,7764,3747,4017,1941,939,1002,
58240,7765,3791,3974,13589,6591,6998,15530,7446,8084,13588,6455,7133,7764,3747,4017,1941,939,1002,
58245,7766,3792,3974,13589,6591,6998,15530,7446,8084,13589,6455,7134,7764,3747,4017,1941,939,1002,
58250,7767,3793,3974,13591,6592,6999,15533,7447,8086,13590,6455,7135,7765,3747,4018,1941,939,1002,
58255,7767,3793,3974,13592,6593,6999,15533,7447,8086,13591,6455,7136,7765,3747,4018,1942,940,1002,
58260,7768,3793,3975,13592,6593,6999,15534,7447,8087,13592,6456,7136,7767,3748,4019,1942,940,1002,
58265,7768,3793,3975,13594,6595,6999,15535,7448,8087,13593,6456,7137,7768,3749,4019,1942,940,1002,
58270,7769,3794,3975,13596,6597,6999,15538,7449,8089,13595,6456,7139,7768,3749,4019,1942,940,1002,
58275,7770,3795,3975,13596,6597,6999,15538,7449,8089,13596,6456,7140,7768,3749,4019,1942,940,1002,
58280,7771,3796,3975,13598,6598,7000,15541,7450,8091,13597,6456,7141,7769,3750,4019,1942,940,1002,
58285,7771,3796,3975,13599,6599,7000,15541,7450,8091,13598,6456,7142,7769,3750,4019,1943,941,1002,
58290,7772,3796,3976,13599,6599,7000,15542,7451,8091,13599,6457,7142,7771,3751,4020,1943,941,1002,
58295,7772,3796,3976,13601,6600,7001,15543,7452,8091,13600,6458,7142,7772,3751,4021,1943,941,1002,
58300,7773,3796,3977,13603,6602,7001,15546,7453,8093,13602,6460,7142,7772,3751,4021,1943,941,1002,
58305,7774,3796,3978,13603,6602,7001,15546,7453,8093,13603,6460,7143,7772,3751,4021,1943,941,1002,
58310,7775,3796,3979,13605,6604,7001,15549,7454,8095,13604,6461,7143,7773,3752,4021,1943,941,1002,
58315,7775,3796,3979,13606,6604,7002,15549,7454,8095,13605,6462,7143,7773,3752,4021,1944,941,1003,
58320,7776,3796,3980,13606,6604,7002,15550,7454,8096,13606,6463,7143,7775,3753,4022,1944,941,1003,
58325,7776,3796,3980,13608,6604,7004,15551,7454,8097,13607,6463,7144,7776,3753,4023,1944,941,1003,
58330,7777,3796,3981,13610,6605,7005,15554,7455,8099,13609,6463,7146,7776,3753,4023,1944,941,1003,
58335,7778,3796,3982,13610,6605,7005,15554,7455,8099,13610,6463,7147,7776,3753,4023,1944,941,1003,
58340,7779,3797,3982,13612,6606,7006,15557,7456,8101,13611,6463,7148,7777,3754,4023,1944,941,1003,
58345,7779,3797,3982,13613,6606,7007,15557,7456,8101,13612,6464,7148,7777,3754,4023,1945,941,1004,
58350,7780,3797,3983,13613,6606,7007,15558,7456,8102,13613,6464,7149,7779,3756,4023,1945,941,1004,
58355,7780,3797,3983,13615,6607,7008,15559,7457,8102,13614,6465,7149,7780,3756,4024,1945,941,1004,
58360,7781,3798,3983,13617,6608,7009,15562,7460,8102,13616,6466,7150,7780,3756,4024,1945,941,1004,
58365,7782,3798,3984,13617,6608,7009,15562,7460,8102,13617,6467,7150,7780,3756,4024,1945,941,1004,
58370,7783,3799,3984,13619,6608,7011,15565,7462,8103,13618,6467,7151,7781,3756,4025,1945,941,1004,
58375,7783,3799,3984,13620,6608,7012,15565,7462,8103,13619,6468,7151,7781,3756,4025,1946,942,1004,
58380,7784,3800,3984,13620,6608,7012,15566,7462,8104,13620,6469,7151,7783,3758,4025,1946,942,1004,
58385,7784,3800,3984,13622,6608,7014,15567,7463,8104,13621,6470,7151,7784,3758,4026,1946,942,1004,
58390,7785,3801,3984,13624,6610,7014,15570,7463,8107,13623,6471,7152,7784,3758,4026,1946,942,1004,
58395,7786,3802,3984,13624,6610,7014,15570,7463,8107,13624,6471,7153,7784,3758,4026,1946,942,1004,
58400,7787,3803,3984,13626,6611,7015,15573,7465,8108,13625,6471,7154,7785,3759,4026,1946,942,1004,
58405,7787,3803,3984,13627,6612,7015,15573,7465,8108,13626,6471,7155,7785,3759,4026,1947,942,1005,
58410,7788,3804,3984,13627,6612,7015,15574,7466,8108,13627,6471,7156,7787,3760,4027,1947,942,1005,
58415,7788,3804,3984,13629,6614,7015,15575,7466,8109,13628,6472,7156,7788,3760,4028,1947,942,1005,
58420,7789,3805,3984,13631,6616,7015,15578,7467,8111,13630,6473,7157,7788,3760,4028,1947,942,1005,
58425,7790,3805,3985,13631,6616,7015,15578,7467,8111,13631,6474,7157,7788,3760,4028,1947,942,1005,
58430,7791,3805,3986,13633,6617,7016,15581,7469,8112,13632,6475,7157,7789,3761,4028,1947,942,1005,
58435,7791,3805,3986,13634,6617,7017,15581,7469,8112,13633,6475,7158,7789,3761,4028,1948,942,1006,
58440,7792,3806,3986,13634,6617,7017,15582,7469,8113,13634,6475,7159,7791,3762,4029,1948,942,1006,
58445,7792,3806,3986,13636,6618,7018,15583,7469,8114,13635,6475,7160,7792,3762,4030,1948,942,1006,
58450,7793,3807,3986,13638,6619,7019,15586,7471,8115,13637,6475,7162,7792,3762,4030,1948,942,1006,
58455,7794,3808,3986,13638,6619,7019,15586,7471,8115,13638,6476,7162,7792,3762,4030,1948,942,1006,
58460,7795,3808,3987,13640,6620,7020,15589,7473,8116,13639,6477,7162,7793,3762,4031,1948,942,1006,
58465,7795,3808,3987,13641,6621,7020,15589,7473,8116,13640,6478,7162,7793,3762,4031,1949,942,1007,
58470,7796,3808,3988,13641,6621,7020,15590,7473,8117,13641,6478,7163,7795,3764,4031,1949,942,1007,
58475,7796,3808,3988,13643,6622,7021,15591,7473,8118,13642,6478,7164,7796,3765,4031,1949,942,1007,
58480,7797,3808,3989,13645,6623,7022,15594,7474,8120,13644,6480,7164,7796,3765,4031,1949,942,1007,
58485,7798,3809,3989,13645,6623,7022,15594,7474,8120,13645,6481,7164,7796,3765,4031,1949,942,1007,
58490,7799,3810,3989,13647,6624,7023,15597,7475,8122,13646,6481,7165,7797,3765,4032,1949,942,1007,
58495,7799,3810,3989,13648,6625,7023,15597,7475,8122,13647,6482,7165,7797,3765,4032,1950,943,1007,
58500,7800,3810,3990,13648,6625,7023,15598,7475,8123,13648,6482,7166,7799,3767,4032,1950,943,1007,
58505,7800,3810,3990,13650,6626,7024,15599,7475,8124,13649,6483,7166,7800,3768,4032,1950,943,1007,
58510,7801,3810,3991,13652,6627,7025,15602,7478,8124,13651,6484,7167,7800,3768,4032,1950,943,1007,
58515,7802,3810,3992,13652,6627,7025,15602,7478,8124,13652,6485,7167,7800,3768,4032,1950,943,1007,
58520,7803,3811,3992,13654,6628,7026,15605,7478,8127,13653,6485,7168,7801,3768,4033,1950,943,1007,
58525,7803,3811,3992,13655,6629,7026,15605,7478,8127,13654,6486,7168,7801,3768,4033,1951,943,1008,
58530,7804,3811,3993,13655,6629,7026,15606,7479,8127,13655,6486,7169,7803,3769,4034,1951,943,1008,
58535,7804,3811,3993,13657,6630,7027,15607,7479,8128,13656,6487,7169,7804,3769,4035,1951,943,1008,
58540,7805,3812,3993,13659,6630,7029,15610,7480,8130,13658,6488,7170,7804,3769,4035,1951,943,1008,
58545,7806,3813,3993,13659,6630,7029,15610,7480,8130,13659,6488,7171,7804,3769,4035,1951,943,1008,
58550,7807,3814,3993,13661,6630,7031,15613,7481,8132,13660,6489,7171,7805,3770,4035,1951,943,1008,
58555,7807,3814,3993,13662,6630,7032,15613,7481,8132,13661,6489,7172,7805,3770,4035,1952,944,1008,
58560,7808,3814,3994,13662,6630,7032,15614,7482,8132,13662,6489,7173,7807,3772,4035,1952,944,1008,
58565,7808,3814,3994,13664,6631,7033,15615,7483,8132,13663,6490,7173,7808,3773,4035,1952,944,1008,
58570,7809,3814,3995,13666,6632,7034,15618,7486,8132,13665,6491,7174,7808,3773,4035,1952,944,1008,
58575,7810,3814,3996,13666,6632,7034,15618,7486,8132,13666,6492,7174,7808,3773,4035,1952,944,1008,
58580,7811,3815,3996,13668,6634,7034,15621,7488,8133,13667,6493,7174,7809,3773,4036,1952,944,1008,
58585,7811,3815,3996,13669,6634,7035,15621,7488,8133,13668,6494,7174,7809,3773,4036,1953,945,1008,
58590,7812,3815,3997,13669,6634,7035,15622,7488,8134,13669,6495,7174,7811,3774,4037,1953,945,1008,
58595,7812,3815,3997,13671,6635,7036,15623,7489,8134,13670,6495,7175,7812,3774,4038,1953,945,1008,
58600,7813,3815,3998,13673,6636,7037,15626,7491,8135,13672,6496,7176,7812,3774,4038,1953,945,1008,
58605,7814,3816,3998,13673,6636,7037,15626,7491,8135,13673,6496,7177,7812,3774,4038,1953,945,1008,
58610,7815,3817,3998,13675,6636,7039,15629,7493,8136,13674,6497,7177,7813,3774,4039,1953,945,1008,
58615,7815,3817,3998,13676,6636,7040,15629,7493,8136,13675,6498,7177,7813,3774,4039,1954,946,1008,
58620,7816,3817,3999,13676,6636,7040,15630,7494,8136,13676,6498,7178,7815,3775,4040,1954,946,1008,
58625,7816,3817,3999,13678,6638,7040,15631,7494,8137,13677,6498,7179,7816,3776,4040,1954,946,1008,
58630,7817,3817,4000,13680,6640,7040,15634,7494,8140,13679,6499,7180,7816,3776,4040,1954,946,1008,
58635,7818,3817,4001,13680,6640,7040,15634,7494,8140,13680,6499,7181,7816,3776,4040,1954,946,1008,
58640,7819,3817,4002,13682,6640,7042,15637,7496,8141,13681,6499,7182,7817,3776,4041,1954,946,1008,
58645,7819,3817,4002,13683,6641,7042,15637,7496,8141,13682,6499,7183,7817,3776,4041,1955,946,1009,
58650,7820,3817,4003,13683,6641,7042,15638,7497,8141,13683,6500,7183,7819,3776,4043,1955,946,1009,
58655,7820,3817,4003,13685,6641,7044,15639,7497,8142,13684,6500,7184,7820,3777,4043,1955,946,1009,
58660,7821,3818,4003,13687,6641,7046,15642,7499,8143,13686,6501,7185,7820,3777,4043,1955,946,1009,
58665,7822,3819,4003,13687,6641,7046,15642,7499,8143,13687,6502,7185,7820,3777,4043,1955,946,1009,
58670,7823,3819,4004,13689,6641,7048,15645,7500,8145,13688,6503,7185,7821,3777,4044,1955,946,1009,
58675,7823,3819,4004,13690,6642,7048,15645,7500,8145,13689,6504,7185,7821,3777,4044,1956,946,1010,
58680,7824,3819,4005,13690,6642,7048,15646,7501,8145,13690,6504,7186,7823,3778,4045,1956,946,1010,
58685,7824,3819,4005,13692,6643,7049,15647,7502,8145,13691,6504,7187,7824,3779,4045,1956,946,1010,
58690,7825,3819,4006,13694,6644,7050,15650,7504,8146,13693,6505,7188,7824,3779,4045,1956,946,1010,
58695,7826,3820,4006,13694,6644,7050,15650,7504,8146,13694,6505,7189,7824,3779,4045,1956,946,1010,
58700,7827,3821,4006,13696,6645,7051,15653,7504,8149,13695,6506,7189,7825,3780,4045,1956,946,1010,
58705,7827,3821,4006,13697,6646,7051,15653,7504,8149,13696,6507,7189,7825,3780,4045,1957,947,1010,
58710,7828,3822,4006,13697,6646,7051,15654,7504,8150,13697,6508,7189,7827,3782,4045,1957,947,1010,
58715,7828,3822,4006,13699,6647,7052,15655,7504,8151,13698,6509,7189,7828,3783,4045,1957,947,1010,
58720,7829,3822,4007,13701,6649,7052,15658,7505,8153,13700,6510,7190,7828,3783,4045,1957,947,1010,
58725,7830,3822,4008,13701,6649,7052,15658,7505,8153,13701,6511,7190,7828,3783,4045,1957,947,1010,
58730,7831,3823,4008,13703,6649,7054,15661,7507,8154,13702,6511,7191,7829,3784,4045,1957,947,1010,
58735,7831,3823,4008,13704,6650,7054,15661,7507,8154,13703,6511,7192,7829,3784,4045,1958,948,1010,
58740,7832,3824,4008,13704,6650,7054,15662,7508,8154,13704,6512,7192,7831,3784,4047,1958,948,1010,
58745,7832,3824,4008,13706,6651,7055,15663,7509,8154,13705,6512,7193,7832,3785,4047,1958,948,1010,
58750,7833,3825,4008,13708,6652,7056,15666,7510,8156,13707,6513,7194,7832,3785,4047,1958,948,1010,
58755,7834,3825,4009,13708,6652,7056,15666,7510,8156,13708,6513,7195,7832,3785,4047,1958,948,1010,
58760,7835,3826,4009,13710,6653,7057,15669,7511,8158,13709,6513,7196,7833,3786,4047,1958,948,1010,
58765,7835,3826,4009,13711,6654,7057,15669,7511,8158,13710,6513,7197,7833,3786,4047,1959,949,1010,
58770,7836,3827,4009,13711,6654,7057,15670,7511,8159,13711,6514,7197,7835,3787,4048,1959,949,1010,
58775,7836,3827,4009,13713,6656,7057,15671,7512,8159,13712,6514,7198,7836,3788,4048,1959,949,1010,
58780,7837,3828,4009,13715,6658,7057,15674,7514,8160,13714,6515,7199,7836,3788,4048,1959,949,1010,
58785,7838,3829,4009,13715,6658,7057,15674,7514,8160,13715,6515,7200,7836,3788,4048,1959,949,1010,
58790,7839,3829,4010,13717,6660,7057,15677,7514,8163,13716,6515,7201,7837,3788,4049,1959,949,1010,
58795,7839,3829,4010,13718,6661,7057,15677,7514,8163,13717,6515,7202,7837,3788,4049,1960,950,1010,
58800,7840,3830,4010,13718,6661,7057,15678,7514,8164,13718,6516,7202,7839,3788,4051,1960,950,1010,
58805,7840,3830,4010,13720,6662,7058,15679,7514,8165,13719,6516,7203,7840,3789,4051,1960,950,1010,
58810,7841,3831,4010,13722,6663,7059,15682,7517,8165,13721,6517,7204,7840,3789,4051,1960,950,1010,
58815,7842,3832,4010,13722,6663,7059,15682,7517,8165,13722,6518,7204,7840,3789,4051,1960,950,1010,
58820,7843,3833,4010,13724,6665,7059,15685,7518,8167,13723,6518,7205,7841,3790,4051,1960,950,1010,
58825,7843,3833,4010,13725,6665,7060,15685,7518,8167,13724,6519,7205,7841,3790,4051,1961,951,1010,
58830,7844,3834,4010,13725,6665,7060,15686,7519,8167,13725,6519,7206,7843,3791,4052,1961,951,1010,
58835,7844,3834,4010,13727,6666,7061,15687,7519,8168,13726,6520,7206,7844,3792,4052,1961,951,1010,
58840,7845,3834,4011,13729,6667,7062,15690,7520,8170,13728,6520,7208,7844,3792,4052,1961,951,1010,
58845,7846,3834,4012,13729,6667,7062,15690,7520,8170,13729,6521,7208,7844,3792,4052,1961,951,1010,
58850,7847,3835,4012,13731,6668,7063,15693,7522,8171,13730,6522,7208,7845,3792,4053,1961,951,1010,
58855,7847,3835,4012,13732,6668,7064,15693,7522,8171,13731,6523,7208,7845,3792,4053,1962,952,1010,
58860,7848,3836,4012,13732,6668,7064,15694,7523,8171,13732,6524,7208,7847,3794,4053,1962,952,1010,
58865,7848,3836,4012,13734,6669,7065,15695,7524,8171,13733,6525,7208,7848,3794,4054,1962,952,1010,
58870,7849,3836,4013,13736,6670,7066,15698,7524,8174,13735,6527,7208,7848,3794,4054,1962,952,1010,
58875,7850,3837,4013,13736,6670,7066,15698,7524,8174,13736,6527,7209,7848,3794,4054,1962,952,1010,
58880,7851,3838,4013,13738,6670,7068,15701,7524,8177,13737,6527,7210,7849,3795,4054,1962,952,1010,
58885,7851,3838,4013,13739,6670,7069,15701,7524,8177,13738,6528,7210,7849,3795,4054,1963,952,1011,
58890,7852,3839,4013,13739,6670,7069,15702,7525,8177,13739,6529,7210,7851,3795,4056,1963,952,1011,
58895,7852,3839,4013,13741,6670,7071,15703,7526,8177,13740,6529,7211,7852,3796,4056,1963,952,1011,
58900,7853,3840,4013,13743,6672,7071,15706,7528,8178,13742,6530,7212,7852,3796,4056,1963,952,1011,
58905,7854,3840,4014,13743,6672,7071,15706,7528,8178,13743,6530,7213,7852,3796,4056,1963,952,1011,
58910,7855,3841,4014,13745,6672,7073,15709,7529,8180,13744,6530,7214,7853,3796,4057,1963,952,1011,
58915,7855,3841,4014,13746,6673,7073,15709,7529,8180,13745,6531,7214,7853,3796,4057,1964,953,1011,
58920,7856,3841,4015,13746,6673,7073,15710,7529,8181,13746,6531,7215,7855,3797,4058,1964,953,1011,
58925,7856,3841,4015,13748,6674,7074,15711,7529,8182,13747,6531,7216,7856,3798,4058,1964,953,1011,
58930,7857,3841,4016,13750,6675,7075,15714,7530,8184,13749,6532,7217,7856,3798,4058,1964,953,1011,
58935,7858,3841,4017,13750,6675,7075,15714,7530,8184,13750,6533,7217,7856,3798,4058,1964,953,1011,
58940,7859,3842,4017,13752,6676,7076,15717,7532,8185,13751,6534,7217,7857,3799,4058,1964,953,1011,
58945,7859,3842,4017,13753,6677,7076,15717,7532,8185,13752,6534,7218,7857,3799,4058,1965,953,1012,
58950,7860,3843,4017,13753,6677,7076,15718,7533,8185,13753,6534,7219,7859,3800,4059,1965,953,1012,
58955,7860,3843,4017,13755,6678,7077,15719,7533,8186,13754,6534,7220,7860,3800,4060,1965,953,1012,
58960,7861,3843,4018,13757,6679,7078,15722,7534,8188,13756,6535,7221,7860,3800,4060,1965,953,1012,
58965,7862,3844,4018,13757,6679,7078,15722,7534,8188,13757,6535,7222,7860,3800,4060,1965,953,1012,
58970,7863,3845,4018,13759,6680,7079,15725,7535,8190,13758,6535,7223,7861,3800,4061,1965,953,1012,
58975,7863,3845,4018,13760,6680,7080,15725,7535,8190,13759,6535,7224,7861,3800,4061,1966,953,1013,
58980,7864,3845,4019,13760,6680,7080,15726,7535,8191,13760,6535,7225,7863,3801,4062,1966,953,1013,
58985,7864,3845,4019,13762,6680,7082,15727,7535,8192,13761,6535,7226,7864,3802,4062,1966,953,1013,
58990,7865,3846,4019,13764,6681,7083,15730,7537,8193,13763,6536,7227,7864,3802,4062,1966,953,1013,
58995,7866,3846,4020,13764,6681,7083,15730,7537,8193,13764,6537,7227,7864,3802,4062,1966,953,1013,
59000,7867,3847,4020,13766,6683,7083,15733,7538,8195,13765,6537,7228,7865,3802,4063,1966,953,1013,
59005,7867,3847,4020,13767,6684,7083,15733,7538,8195,13766,6538,7228,7865,3802,4063,1967,954,1013,
59010,7868,3848,4020,13767,6684,7083,15734,7538,8196,13767,6539,7228,7867,3803,4064,1967,954,1013,
59015,7868,3848,4020,13769,6685,7084,15735,7539,8196,13768,6539,7229,7868,3804,4064,1967,954,1013,
59020,7869,3848,4021,13771,6685,7086,15738,7540,8198,13770,6540,7230,7868,3804,4064,1967,954,1013,
59025,7870,3848,4022,13771,6685,7086,15738,7540,8198,13771,6541,7230,7868,3804,4064,1967,954,1013,
59030,7871,3848,4023,13773,6686,7087,15741,7543,8198,13772,6542,7230,7869,3804,4065,1967,954,1013,
59035,7871,3848,4023,13774,6686,7088,15741,7543,8198,13773,6543,7230,7869,3804,4065,1968,955,1013,
59040,7872,3849,4023,13774,6686,7088,15742,7543,8199,13774,6544,7230,7871,3805,4066,1968,955,1013,
59045,7872,3849,4023,13776,6687,7089,15743,7543,8200,13775,6544,7231,7872,3805,4067,1968,955,1013,
59050,7873,3849,4024,13778,6688,7090,15746,7545,8201,13777,6544,7233,7872,3805,4067,1968,955,1013,
59055,7874,3849,4025,13778,6688,7090,15746,7545,8201,13778,6544,7234,7872,3805,4067,1968,955,1013,
59060,7875,3850,4025,13780,6689,7091,15749,7546,8203,13779,6545,7234,7873,3806,4067,1968,955,1013,
59065,7875,3850,4025,13781,6689,7092,15749,7546,8203,13780,6545,7235,7873,3806,4067,1969,955,1014,
59070,7876,3850,4026,13781,6689,7092,15750,7546,8204,13781,6546,7235,7875,3807,4068,1969,955,1014,
59075,7876,3850,4026,13783,6690,7093,15751,7547,8204,13782,6546,7236,7876,3808,4068,1969,955,1014,
59080,7877,3850,4027,13785,6691,7094,15754,7549,8205,13784,6546,7238,7876,3808,4068,1969,955,1014,
59085,7878,3851,4027,13785,6691,7094,15754,7549,8205,13785,6547,7238,7876,3808,4068,1969,955,1014,
59090,7879,3851,4028,13787,6691,7096,15757,7551,8206,13786,6547,7239,7877,3808,4069,1969,955,1014,
59095,7879,3851,4028,13788,6691,7097,15757,7551,8206,13787,6547,7240,7877,3808,4069,1970,955,1015,
59100,7880,3852,4028,13788,6691,7097,15758,7552,8206,13788,6547,7241,7879,3808,4071,1970,955,1015,
59105,7880,3852,4028,13790,6692,7098,15759,7552,8207,13789,6548,7241,7880,3809,4071,1970,955,1015,
59110,7881,3852,4029,13792,6693,7099,15762,7554,8208,13791,6549,7242,7880,3809,4071,1970,955,1015,
59115,7882,3852,4030,13792,6693,7099,15762,7554,8208,13792,6549,7243,7880,3809,4071,1970,955,1015,
59120,7883,3852,4031,13794,6694,7100,15765,7555,8210,13793,6549,7244,7881,3810,4071,1970,955,1015,
59125,7883,3852,4031,13795,6694,7101,15765,7555,8210,13794,6550,7244,7881,3810,4071,1971,956,1015,
59130,7884,3853,4031,13795,6694,7101,15766,7556,8210,13795,6550,7245,7883,3811,4072,1971,956,1015,
59135,7884,3853,4031,13797,6694,7103,15767,7557,8210,13796,6551,7245,7884,3812,4072,1971,956,1015,
59140,7885,3854,4031,13799,6695,7104,15770,7557,8213,13798,6551,7247,7884,3812,4072,1971,956,1015,
59145,7886,3854,4032,13799,6695,7104,15770,7557,8213,13799,6552,7247,7884,3812,4072,1971,956,1015,
59150,7887,3855,4032,13801,6696,7105,15773,7558,8215,13800,6553,7247,7885,3813,4072,1971,956,1015,
59155,7887,3855,4032,13802,6696,7106,15773,7558,8215,13801,6553,7248,7885,3813,4072,1972,957,1015,
59160,7888,3855,4033,13802,6696,7106,15774,7559,8215,13802,6553,7249,7887,3814,4073,1972,957,1015,
59165,7888,3855,4033,13804,6696,7108,15775,7559,8216,13803,6554,7249,7888,3814,4074,1972,957,1015,
59170,7889,3856,4033,13806,6696,7110,15778,7560,8218,13805,6554,7251,7888,3814,4074,1972,957,1015,
59175,7890,3856,4034,13806,6696,7110,15778,7560,8218,13806,6554,7252,7888,3814,4074,1972,957,1015,
59180,7891,3856,4035,13808,6698,7110,15781,7562,8219,13807,6554,7253,7889,3814,4075,1972,957,1015,
59185,7891,3856,4035,13809,6699,7110,15781,7562,8219,13808,6555,7253,7889,3814,4075,1973,958,1015,
59190,7892,3856,4036,13809,6699,7110,15782,7562,8220,13809,6555,7254,7891,3815,4076,1973,958,1015,
59195,7892,3856,4036,13811,6699,7112,15783,7563,8220,13810,6556,7254,7892,3816,4076,1973,958,1015,
59200,7893,3857,4036,13813,6699,7114,15786,7563,8223,13812,6558,7254,7892,3816,4076,1973,958,1015,
59205,7894,3858,4036,13813,6699,7114,15786,7563,8223,13813,6558,7255,7892,3816,4076,1973,958,1015,
59210,7895,3858,4037,13815,6700,7115,15789,7565,8224,13814,6559,7255,7893,3817,4076,1973,958,1015,
59215,7895,3858,4037,13816,6700,7116,15789,7565,8224,13815,6559,7256,7893,3817,4076,1974,959,1015,
59220,7896,3859,4037,13816,6700,7116,15790,7565,8225,13816,6559,7257,7895,3819,4076,1974,959,1015,
59225,7896,3859,4037,13818,6700,7118,15791,7566,8225,13817,6559,7258,7896,3819,4077,1974,959,1015,
59230,7897,3860,4037,13820,6701,7119,15794,7567,8227,13819,6559,7260,7896,3819,4077,1974,959,1015,
59235,7898,3860,4038,13820,6701,7119,15794,7567,8227,13820,6560,7260,7896,3819,4077,1974,959,1015,
59240,7899,3860,4039,13822,6702,7120,15797,7568,8229,13821,6561,7260,7897,3820,4077,1974,959,1015,
59245,7899,3860,4039,13823,6702,7121,15797,7568,8229,13822,6561,7261,7897,3820,4077,1975,959,1016,
59250,7900,3860,4040,13823,6702,7121,15798,7569,8229,13823,6561,7262,7899,3820,4079,1975,959,1016,
59255,7900,3860,4040,13825,6704,7121,15799,7569,8230,13824,6562,7262,7900,3821,4079,1975,959,1016,
59260,7901,3861,4040,13827,6705,7122,15802,7570,8232,13826,6562,7264,7900,3821,4079,1975,959,1016,
59265,7902,3862,4040,13827,6705,7122,15802,7570,8232,13827,6562,7265,7900,3821,4079,1975,959,1016,
59270,7903,3863,4040,13829,6706,7123,15805,7571,8234,13828,6562,7266,7901,3821,4080,1975,959,1016,
59275,7903,3863,4040,13830,6706,7124,15805,7571,8234,13829,6563,7266,7901,3821,4080,1976,960,1016,
59280,7904,3863,4041,13830,6706,7124,15806,7572,8234,13830,6563,7267,7903,3822,4081,1976,960,1016,
59285,7904,3863,4041,13832,6707,7125,15807,7572,8235,13831,6563,7268,7904,3822,4082,1976,960,1016,
59290,7905,3863,4042,13834,6708,7126,15810,7574,8236,13833,6565,7268,7904,3822,4082,1976,960,1016,
59295,7906,3864,4042,13834,6708,7126,15810,7574,8236,13834,6565,7269,7904,3822,4082,1976,960,1016,
59300,7907,3865,4042,13836,6709,7127,15813,7575,8238,13835,6565,7270,7905,3822,4083,1976,960,1016,
59305,7907,3865,4042,13837,6709,7128,15813,7575,8238,13836,6565,7271,7905,3822,4083,1977,960,1017,
59310,7908,3866,4042,13837,6709,7128,15814,7576,8238,13837,6565,7272,7907,3823,4084,1977,960,1017,
59315,7908,3866,4042,13839,6711,7128,15815,7577,8238,13838,6565,7273,7908,3824,4084,1977,960,1017,
59320,7909,3866,4043,13841,6713,7128,15818,7579,8239,13840,6566,7274,7908,3824,4084,1977,960,1017,
59325,7910,3866,4044,13841,6713,7128,15818,7579,8239,13841,6567,7274,7908,3824,4084,1977,960,1017,
59330,7911,3866,4045,13843,6714,7129,15821,7581,8240,13842,6568,7274,7909,3824,4085,1977,960,1017,
59335,7911,3866,4045,13844,6715,7129,15821,7581,8240,13843,6569,7274,7909,3824,4085,1978,960,1018,
59340,7912,3867,4045,13844,6715,7129,15822,7582,8240,13844,6570,7274,7911,3824,4087,1978,960,1018,
59345,7912,3867,4045,13846,6716,7130,15823,7583,8240,13845,6570,7275,7912,3824,4088,1978,960,1018,
59350,7913,3868,4045,13848,6716,7132,15826,7585,8241,13847,6572,7275,7912,3824,4088,1978,960,1018,
59355,7914,3868,4046,13848,6716,7132,15826,7585,8241,13848,6573,7275,7912,3824,4088,1978,960,1018,
59360,7915,3869,4046,13850,6718,7132,15829,7586,8243,13849,6574,7275,7913,3824,4089,1978,960,1018,
59365,7915,3869,4046,13851,6719,7132,15829,7586,8243,13850,6574,7276,7913,3824,4089,1979,961,1018,
59370,7916,3870,4046,13851,6719,7132,15830,7586,8244,13851,6575,7276,7915,3825,4090,1979,961,1018,
59375,7916,3870,4046,13853,6721,7132,15831,7587,8244,13852,6576,7276,7916,3825,4091,1979,961,1018,
59380,7917,3871,4046,13855,6722,7133,15834,7587,8247,13854,6577,7277,7916,3825,4091,1979,961,1018,
59385,7918,3871,4047,13855,6722,7133,15834,7587,8247,13855,6577,7278,7916,3825,4091,1979,961,1018,
59390,7919,3872,4047,13857,6723,7134,15837,7587,8250,13856,6578,7278,7917,3825,4092,1979,961,1018,
59395,7919,3872,4047,13858,6723,7135,15837,7587,8250,13857,6578,7279,7917,3825,4092,1980,962,1018,
59400,7920,3872,4048,13858,6723,7135,15838,7588,8250,13858,6579,7279,7919,3826,4093,1980,962,1018,
59405,7920,3872,4048,13860,6723,7137,15839,7588,8251,13859,6579,7280,7920,3826,4094,1980,962,1018,
59410,7921,3872,4049,13862,6724,7138,15842,7588,8254,13861,6581,7280,7920,3826,4094,1980,962,1018,
59415,7922,3873,4049,13862,6724,7138,15842,7588,8254,13862,6582,7280,7920,3826,4094,1980,962,1018,
59420,7923,3873,4050,13864,6726,7138,15845,7591,8254,13863,6583,7280,7921,3826,4095,1980,962,1018,
59425,7923,3873,4050,13865,6726,7139,15845,7591,8254,13864,6584,7280,7921,3826,4095,1981,963,1018,
59430,7924,3874,4050,13865,6726,7139,15846,7591,8255,13865,6585,7280,7923,3828,4095,1981,963,1018,
59435,7924,3874,4050,13867,6726,7141,15847,7592,8255,13866,6585,7281,7924,3829,4095,1981,963,1018,
59440,7925,3874,4051,13869,6728,7141,15850,7592,8258,13868,6585,7283,7924,3829,4095,1981,963,1018,
59445,7926,3875,4051,13869,6728,7141,15850,7592,8258,13869,6585,7284,7924,3829,4095,1981,963,1018,
59450,7927,3876,4051,13871,6729,7142,15853,7594,8259,13870,6586,7284,7925,3829,4096,1981,963,1018,
59455,7927,3876,4051,13872,6729,7143,15853,7594,8259,13871,6586,7285,7925,3829,4096,1982,963,1019,
59460,7928,3876,4052,13872,6729,7143,15854,7595,8259,13872,6587,7285,7927,3830,4097,1982,963,1019,
59465,7928,3876,4052,13874,6730,7144,15855,7595,8260,13873,6587,7286,7928,3830,4098,1982,963,1019,
59470,7929,3876,4053,13876,6731,7145,15858,7595,8263,13875,6589,7286,7928,3830,4098,1982,963,1019,
59475,7930,3876,4054,13876,6731,7145,15858,7595,8263,13876,6590,7286,7928,3830,4098,1982,963,1019,
59480,7931,3877,4054,13878,6732,7146,15861,7597,8264,13877,6591,7286,7929,3830,4099,1982,963,1019,
59485,7931,3877,4054,13879,6733,7146,15861,7597,8264,13878,6591,7287,7929,3830,4099,1983,963,1020,
59490,7932,3878,4054,13879,6733,7146,15862,7597,8265,13879,6592,7287,7931,3831,4100,1983,963,1020,
59495,7932,3878,4054,13881,6735,7146,15863,7597,8266,13880,6593,7287,7932,3832,4100,1983,963,1020,
59500,7933,3878,4055,13883,6736,7147,15866,7598,8268,13882,6594,7288,7932,3832,4100,1983,963,1020,
59505,7934,3878,4056,13883,6736,7147,15866,7598,8268,13883,6594,7289,7932,3832,4100,1983,963,1020,
59510,7935,3879,4056,13885,6736,7149,15869,7599,8270,13884,6594,7290,7933,3832,4101,1983,963,1020,
59515,7935,3879,4056,13886,6736,7150,15869,7599,8270,13885,6594,7291,7933,3832,4101,1984,964,1020,
59520,7936,3880,4056,13886,6736,7150,15870,7600,8270,13886,6594,7292,7935,3833,4102,1984,964,1020,
59525,7936,3880,4056,13888,6736,7152,15871,7601,8270,13887,6595,7292,7936,3833,4103,1984,964,1020,
59530,7937,3881,4056,13890,6737,7153,15874,7604,8270,13889,6597,7292,7936,3833,4103,1984,964,1020,
59535,7938,3882,4056,13890,6737,7153,15874,7604,8270,13890,6598,7292,7936,3833,4103,1984,964,1020,
59540,7939,3882,4057,13892,6738,7154,15877,7606,8271,13891,6598,7293,7937,3833,4104,1984,964,1020,
59545,7939,3882,4057,13893,6738,7155,15877,7606,8271,13892,6598,7294,7937,3833,4104,1985,965,1020,
59550,7940,3883,4057,13893,6738,7155,15878,7606,8272,13893,6599,7294,7939,3834,4105,1985,965,1020,
59555,7940,3883,4057,13895,6739,7156,15879,7606,8273,13894,6599,7295,7940,3835,4105,1985,965,1020,
59560,7941,3884,4057,13897,6740,7157,15882,7607,8275,13896,6601,7295,7940,3835,4105,1985,965,1020,
59565,7942,3884,4058,13897,6740,7157,15882,7607,8275,13897,6601,7296,7940,3835,4105,1985,965,1020,
59570,7943,3884,4059,13899,6740,7159,15885,7609,8276,13898,6602,7296,7941,3836,4105,1985,965,1020,
59575,7943,3884,4059,13900,6741,7159,15885,7609,8276,13899,6603,7296,7941,3836,4105,1986,965,1021,
59580,7944,3884,4060,13900,6741,7159,15886,7609,8277,13900,6604,7296,7943,3837,4106,1986,965,1021,
59585,7944,3884,4060,13902,6743,7159,15887,7609,8278,13901,6605,7296,7944,3838,4106,1986,965,1021,
59590,7945,3885,4060,13904,6744,7160,15890,7611,8279,13903,6606,7297,7944,3838,4106,1986,965,1021,
59595,7946,3886,4060,13904,6744,7160,15890,7611,8279,13904,6606,7298,7944,3838,4106,1986,965,1021,
59600,7947,3887,4060,13906,6744,7162,15893,7613,8280,13905,6606,7299,7945,3839,4106,1986,965,1021,
59605,7947,3887,4060,13907,6744,7163,15893,7613,8280,13906,6606,7300,7945,3839,4106,1987,966,1021,
59610,7948,3888,4060,13907,6744,7163,15894,7613,8281,13907,6607,7300,7947,3840,4107,1987,966,1021,
59615,7948,3888,4060,13909,6746,7163,15895,7614,8281,13908,6608,7300,7948,3840,4108,1987,966,1021,
59620,7949,3888,4061,13911,6747,7164,15898,7614,8284,13910,6609,7301,7948,3840,4108,1987,966,1021,
59625,7950,3889,4061,13911,6747,7164,15898,7614,8284,13911,6610,7301,7948,3840,4108,1987,966,1021,
59630,7951,3890,4061,13913,6747,7166,15901,7614,8287,13912,6611,7301,7949,3841,4108,1987,966,1021,
59635,7951,3890,4061,13914,6747,7167,15901,7614,8287,13913,6611,7302,7949,3841,4108,1988,967,1021,
59640,7952,3890,4062,13914,6747,7167,15902,7614,8288,13914,6612,7302,7951,3842,4109,1988,967,1021,
59645,7952,3890,4062,13916,6748,7168,15903,7614,8289,13915,6613,7302,7952,3842,4110,1988,967,1021,
59650,7953,3890,4063,13918,6750,7168,15906,7616,8290,13917,6614,7303,7952,3842,4110,1988,967,1021,
59655,7954,3891,4063,13918,6750,7168,15906,7616,8290,13918,6614,7304,7952,3842,4110,1988,967,1021,
59660,7955,3892,4063,13920,6751,7169,15909,7617,8292,13919,6615,7304,7953,3842,4111,1988,967,1021,
59665,7955,3892,4063,13921,6751,7170,15909,7617,8292,13920,6616,7304,7953,3842,4111,1989,967,1022,
59670,7956,3893,4063,13921,6751,7170,15910,7618,8292,13921,6616,7305,7955,3843,4112,1989,967,1022,
59675,7956,3893,4063,13923,6752,7171,15911,7618,8293,13922,6617,7305,7956,3844,4112,1989,967,1022,
59680,7957,3894,4063,13925,6752,7173,15914,7619,8295,13924,6618,7306,7956,3844,4112,1989,967,1022,
59685,7958,3894,4064,13925,6752,7173,15914,7619,8295,13925,6618,7307,7956,3844,4112,1989,967,1022,
59690,7959,3894,4065,13927,6753,7174,15917,7620,8297,13926,6618,7308,7957,3845,4112,1989,967,1022,
59695,7959,3894,4065,13928,6754,7174,15917,7620,8297,13927,6618,7309,7957,3845,4112,1990,967,1023,
59700,7960,3895,4065,13928,6754,7174,15918,7621,8297,13928,6619,7309,7959,3846,4113,1990,967,1023,
59705,7960,3895,4065,13930,6755,7175,15919,7622,8297,13929,6620,7309,7960,3846,4114,1990,967,1023,
59710,7961,3895,4066,13932,6756,7176,15922,7623,8299,13931,6621,7310,7960,3846,4114,1990,967,1023,
59715,7962,3896,4066,13932,6756,7176,15922,7623,8299,13932,6621,7311,7960,3846,4114,1990,967,1023,
59720,7963,3896,4067,13934,6757,7177,15925,7625,8300,13933,6621,7312,7961,3847,4114,1990,967,1023,
59725,7963,3896,4067,13935,6757,7178,15925,7625,8300,13934,6621,7313,7961,3847,4114,1991,967,1024,
59730,7964,3897,4067,13935,6757,7178,15926,7626,8300,13935,6621,7314,7963,3847,4116,1991,967,1024,
59735,7964,3897,4067,13937,6758,7179,15927,7626,8301,13936,6622,7314,7964,3847,4117,1991,967,1024,
59740,7965,3897,4068,13939,6759,7180,15930,7629,8301,13938,6624,7314,7964,3847,4117,1991,967,1024,
59745,7966,3898,4068,13939,6759,7180,15930,7629,8301,13939,6624,7315,7964,3847,4117,1991,967,1024,
59750,7967,3898,4069,13941,6760,7181,15933,7630,8303,13940,6624,7316,7965,3847,4118,1991,967,1024,
59755,7967,3898,4069,13942,6761,7181,15933,7630,8303,13941,6624,7317,7965,3847,4118,1992,968,1024,
59760,7968,3898,4070,13942,6761,7181,15934,7631,8303,13942,6625,7317,7967,3849,4118,1992,968,1024,
59765,7968,3898,4070,13944,6761,7183,15935,7631,8304,13943,6625,7318,7968,3849,4119,1992,968,1024,
59770,7969,3898,4071,13946,6762,7184,15938,7633,8305,13945,6626,7319,7968,3849,4119,1992,968,1024,
59775,7970,3898,4072,13946,6762,7184,15938,7633,8305,13946,6626,7320,7968,3849,4119,1992,968,1024,
59780,7971,3899,4072,13948,6763,7185,15941,7636,8305,13947,6626,7321,7969,3850,4119,1992,968,1024,
59785,7971,3899,4072,13949,6764,7185,15941,7636,8305,13948,6626,7322,7969,3850,4119,1993,968,1025,
59790,7972,3900,4072,13949,6764,7185,15942,7637,8305,13949,6626,7323,7971,3851,4120,1993,968,1025,
59795,7972,3900,4072,13951,6765,7186,15943,7637,8306,13950,6626,7324,7972,3851,4121,1993,968,1025,
59800,7973,3900,4073,13953,6767,7186,15946,7639,8307,13952,6627,7325,7972,3851,4121,1993,968,1025,
59805,7974,3900,4074,13953,6767,7186,15946,7639,8307,13953,6628,7325,7972,3851,4121,1993,968,1025,
59810,7975,3901,4074,13955,6768,7187,15949,7641,8308,13954,6629,7325,7973,3851,4122,1993,968,1025,
59815,7975,3901,4074,13956,6768,7188,15949,7641,8308,13955,6629,7326,7973,3851,4122,1994,969,1025,
59820,7976,3902,4074,13956,6768,7188,15950,7641,8309,13956,6629,7327,7975,3852,4123,1994,969,1025,
59825,7976,3902,4074,13958,6768,7190,15951,7642,8309,13957,6630,7327,7976,3852,4124,1994,969,1025,
59830,7977,3902,4075,13960,6769,7191,15954,7643,8311,13959,6632,7327,7976,3852,4124,1994,969,1025,
59835,7978,3903,4075,13960,6769,7191,15954,7643,8311,13960,6632,7328,7976,3852,4124,1994,969,1025,
59840,7979,3904,4075,13962,6769,7193,15957,7643,8314,13961,6632,7329,7977,3852,4125,1994,969,1025,
59845,7979,3904,4075,13963,6769,7194,15957,7643,8314,13962,6632,7330,7977,3852,4125,1995,969,1026,
59850,7980,3904,4076,13963,6769,7194,15958,7644,8314,13963,6633,7330,7979,3853,4126,1995,969,1026,
59855,7980,3904,4076,13965,6770,7195,15959,7645,8314,13964,6633,7331,7980,3854,4126,1995,969,1026,
59860,7981,3904,4077,13967,6771,7196,15962,7645,8317,13966,6635,7331,7980,3854,4126,1995,969,1026,
59865,7982,3904,4078,13967,6771,7196,15962,7645,8317,13967,6636,7331,7980,3854,4126,1995,969,1026,
59870,7983,3905,4078,13969,6771,7198,15965,7647,8318,13968,6637,7331,7981,3854,4127,1995,969,1026,
59875,7983,3905,4078,13970,6771,7199,15965,7647,8318,13969,6637,7332,7981,3854,4127,1996,969,1027,
59880,7984,3906,4078,13970,6771,7199,15966,7648,8318,13970,6638,7332,7983,3855,4128,1996,969,1027,
59885,7984,3906,4078,13972,6772,7200,15967,7648,8319,13971,6639,7332,7984,3855,4129,1996,969,1027,
59890,7985,3906,4079,13974,6772,7202,15970,7649,8321,13973,6640,7333,7984,3855,4129,1996,969,1027,
59895,7986,3906,4080,13974,6772,7202,15970,7649,8321,13974,6641,7333,7984,3855,4129,1996,969,1027,
59900,7987,3906,4081,13976,6773,7203,15973,7651,8322,13975,6641,7334,7985,3855,4130,1996,969,1027,
59905,7987,3906,4081,13977,6774,7203,15973,7651,8322,13976,6641,7335,7985,3855,4130,1997,969,1028,
59910,7988,3907,4081,13977,6774,7203,15974,7651,8323,13977,6641,7336,7987,3857,4130,1997,969,1028,
59915,7988,3907,4081,13979,6775,7204,15975,7652,8323,13978,6641,7337,7988,3858,4130,1997,969,1028,
59920,7989,3908,4081,13981,6776,7205,15978,7652,8326,13980,6641,7339,7988,3858,4130,1997,969,1028,
59925,7990,3909,4081,13981,6776,7205,15978,7652,8326,13981,6641,7340,7988,3858,4130,1997,969,1028,
59930,7991,3910,4081,13983,6777,7206,15981,7653,8328,13982,6641,7341,7989,3859,4130,1997,969,1028,
59935,7991,3910,4081,13984,6777,7207,15981,7653,8328,13983,6642,7341,7989,3859,4130,1998,969,1029,
59940,7992,3911,4081,13984,6777,7207,15982,7654,8328,13984,6643,7341,7991,3859,4132,1998,969,1029,
59945,7992,3911,4081,13986,6779,7207,15983,7655,8328,13985,6643,7342,7992,3859,4133,1998,969,1029,
59950,7993,3911,4082,13988,6779,7209,15986,7657,8329,13987,6645,7342,7992,3859,4133,1998,969,1029,
59955,7994,3911,4083,13988,6779,7209,15986,7657,8329,13988,6645,7343,7992,3859,4133,1998,969,1029,
59960,7995,3912,4083,13990,6780,7210,15989,7659,8330,13989,6646,7343,7993,3860,4133,1998,969,1029,
59965,7995,3912,4083,13991,6781,7210,15989,7659,8330,13990,6647,7343,7993,3860,4133,1999,969,1030,
59970,7996,3913,4083,13991,6781,7210,15990,7660,8330,13991,6648,7343,7995,3861,4134,1999,969,1030,
59975,7996,3913,4083,13993,6782,7211,15991,7661,8330,13992,6649,7343,7996,3862,4134,1999,969,1030,
59980,7997,3913,4084,13995,6784,7211,15994,7663,8331,13994,6650,7344,7996,3862,4134,1999,969,1030,
59985,7998,3913,4085,13995,6784,7211,15994,7663,8331,13995,6650,7345,7996,3862,4134,1999,969,1030,
59990,7999,3914,4085,13997,6784,7213,15997,7664,8333,13996,6650,7346,7997,3863,4134,1999,969,1030,
59995,7999,3914,4085,13998,6785,7213,15997,7664,8333,13997,6650,7347,7997,3863,4134,2000,969,1031,
60000,8000,3914,4086,13998,6785,7213,15998,7664,8334,13998,6651,7347,7999,3864,4135,2000,969,1031,
60005,8000,3914,4086,14000,6785,7215,15999,7664,8335,13999,6652,7347,8000,3864,4136,2000,969,1031,
60010,8001,3914,4087,14002,6786,7216,16002,7666,8336,14001,6654,7347,8000,3864,4136,2000,969,1031,
60015,8002,3914,4088,14002,6786,7216,16002,7666,8336,14002,6655,7347,8000,3864,4136,2000,969,1031,
60020,8003,3914,4089,14004,6787,7217,16005,7668,8337,14003,6656,7347,8001,3865,4136,2000,969,1031,
60025,8003,3914,4089,14005,6788,7217,16005,7668,8337,14004,6657,7347,8001,3865,4136,2001,969,1032,
60030,8004,3914,4090,14005,6788,7217,16006,7668,8338,14005,6657,7348,8003,3865,4138,2001,969,1032,
60035,8004,3914,4090,14007,6788,7219,16007,7669,8338,14006,6657,7349,8004,3865,4139,2001,969,1032,
60040,8005,3915,4090,14009,6789,7220,16010,7670,8340,14008,6658,7350,8004,3865,4139,2001,969,1032,
60045,8006,3916,4090,14009,6789,7220,16010,7670,8340,14009,6658,7351,8004,3865,4139,2001,969,1032,
60050,8007,3916,4091,14011,6791,7220,16013,7671,8342,14010,6659,7351,8005,3866,4139,2001,969,1032,
60055,8007,3916,4091,14012,6791,7221,16013,7671,8342,14011,6660,7351,8005,3866,4139,2002,969,1033,
60060,8008,3916,4092,14012,6791,7221,16014,7672,8342,14012,6661,7351,8007,3866,4141,2002,969,1033,
60065,8008,3916,4092,14014,6792,7222,16015,7673,8342,14013,6662,7351,8008,3867,4141,2002,969,1033,
60070,8009,3917,4092,14016,6793,7223,16018,7676,8342,14015,6663,7352,8008,3867,4141,2002,969,1033,
60075,8010,3918,4092,14016,6793,7223,16018,7676,8342,14016,6663,7353,8008,3867,4141,2002,969,1033,
60080,8011,3919,4092,14018,6794,7224,16021,7678,8343,14017,6663,7354,8009,3867,4142,2002,969,1033,
60085,8011,3919,4092,14019,6794,7225,16021,7678,8343,14018,6663,7355,8009,3867,4142,2003,970,1033,
60090,8012,3920,4092,14019,6794,7225,16022,7678,8344,14019,6663,7356,8011,3869,4142,2003,970,1033,
60095,8012,3920,4092,14021,6795,7226,16023,7679,8344,14020,6664,7356,8012,3870,4142,2003,970,1033,
60100,8013,3920,4093,14023,6795,7228,16026,7681,8345,14022,6666,7356,8012,3870,4142,2003,970,1033,
60105,8014,3920,4094,14023,6795,7228,16026,7681,8345,14023,6667,7356,8012,3870,4142,2003,970,1033,
60110,8015,3920,4095,14025,6797,7228,16029,7683,8346,14024,6667,7357,8013,3871,4142,2003,970,1033,
60115,8015,3920,4095,14026,6798,7228,16029,7683,8346,14025,6667,7358,8013,3871,4142,2004,970,1034,
60120,8016,3921,4095,14026,6798,7228,16030,7684,8346,14026,6667,7359,8015,3873,4142,2004,970,1034,
60125,8016,3921,4095,14028,6798,7230,16031,7684,8347,14027,6668,7359,8016,3874,4142,2004,970,1034,
60130,8017,3921,4096,14030,6799,7231,16034,7687,8347,14029,6668,7361,8016,3874,4142,2004,970,1034,
60135,8018,3921,4097,14030,6799,7231,16034,7687,8347,14030,6668,7362,8016,3874,4142,2004,970,1034,
60140,8019,3922,4097,14032,6801,7231,16037,7690,8347,14031,6668,7363,8017,3875,4142,2004,970,1034,
60145,8019,3922,4097,14033,6802,7231,16037,7690,8347,14032,6668,7364,8017,3875,4142,2005,970,1035,
60150,8020,3922,4098,14033,6802,7231,16038,7690,8348,14033,6668,7365,8019,3876,4143,2005,970,1035,
60155,8020,3922,4098,14035,6803,7232,16039,7691,8348,14034,6669,7365,8020,3877,4143,2005,970,1035,
60160,8021,3922,4099,14037,6804,7233,16042,7691,8351,14036,6670,7366,8020,3877,4143,2005,970,1035,
60165,8022,3923,4099,14037,6804,7233,16042,7691,8351,14037,6670,7367,8020,3877,4143,2005,970,1035,
60170,8023,3923,4100,14039,6804,7235,16045,7693,8352,14038,6671,7367,8021,3877,4144,2005,970,1035,
60175,8023,3923,4100,14040,6804,7236,16045,7693,8352,14039,6672,7367,8021,3877,4144,2006,970,1036,
60180,8024,3924,4100,14040,6804,7236,16046,7694,8352,14040,6672,7368,8023,3877,4146,2006,970,1036,
60185,8024,3924,4100,14042,6805,7237,16047,7694,8353,14041,6672,7369,8024,3877,4147,2006,970,1036,
60190,8025,3925,4100,14044,6807,7237,16050,7695,8355,14043,6673,7370,8024,3877,4147,2006,970,1036,
60195,8026,3926,4100,14044,6807,7237,16050,7695,8355,14044,6673,7371,8024,3877,4147,2006,970,1036,
60200,8027,3926,4101,14046,6809,7237,16053,7695,8358,14045,6673,7372,8025,3878,4147,2006,970,1036,
60205,8027,3926,4101,14047,6809,7238,16053,7695,8358,14046,6674,7372,8025,3878,4147,2007,971,1036,
60210,8028,3926,4102,14047,6809,7238,16054,7696,8358,14047,6674,7373,8027,3878,4149,2007,971,1036,
60215,8028,3926,4102,14049,6810,7239,16055,7697,8358,14048,6675,7373,8028,3879,4149,2007,971,1036,
60220,8029,3927,4102,14051,6811,7240,16058,7698,8360,14050,6677,7373,8028,3879,4149,2007,971,1036,
60225,8030,3927,4103,14051,6811,7240,16058,7698,8360,14051,6677,7374,8028,3879,4149,2007,971,1036,
60230,8031,3928,4103,14053,6811,7242,16061,7698,8363,14052,6678,7374,8029,3879,4150,2007,971,1036,
60235,8031,3928,4103,14054,6812,7242,16061,7698,8363,14053,6679,7374,8029,3879,4150,2008,971,1037,
60240,8032,3928,4104,14054,6812,7242,16062,7698,8364,14054,6680,7374,8031,3880,4151,2008,971,1037,
60245,8032,3928,4104,14056,6812,7244,16063,7698,8365,14055,6680,7375,8032,3881,4151,2008,971,1037,
60250,8033,3929,4104,14058,6812,7246,16066,7700,8366,14057,6680,7377,8032,3881,4151,2008,971,1037,
60255,8034,3929,4105,14058,6812,7246,16066,7700,8366,14058,6681,7377,8032,3881,4151,2008,971,1037,
60260,8035,3929,4106,14060,6813,7247,16069,7702,8367,14059,6682,7377,8033,3882,4151,2008,971,1037,
60265,8035,3929,4106,14061,6813,7248,16069,7702,8367,14060,6682,7378,8033,3882,4151,2009,971,1038,
60270,8036,3929,4107,14061,6813,7248,16070,7703,8367,14061,6683,7378,8035,3882,4153,2009,971,1038,
60275,8036,3929,4107,14063,6813,7250,16071,7704,8367,14062,6683,7379,8036,3882,4154,2009,971,1038,
60280,8037,3929,4108,14065,6814,7251,16074,7706,8368,14064,6685,7379,8036,3882,4154,2009,971,1038,
60285,8038,3929,4109,14065,6814,7251,16074,7706,8368,14065,6686,7379,8036,3882,4154,2009,971,1038,
60290,8039,3929,4110,14067,6816,7251,16077,7706,8371,14066,6686,7380,8037,3882,4155,2009,971,1038,
60295,8039,3929,4110,14068,6816,7252,16077,7706,8371,14067,6687,7380,8037,3882,4155,2010,971,1039,
60300,8040,3930,4110,14068,6816,7252,16078,7707,8371,14068,6687,7381,8039,3883,4156,2010,971,1039,
60305,8040,3930,4110,14070,6817,7253,16079,7708,8371,14069,6688,7381,8040,3883,4157,2010,971,1039,
60310,8041,3931,4110,14072,6818,7254,16082,7709,8373,14071,6690,7381,8040,3883,4157,2010,971,1039,
60315,8042,3932,4110,14072,6818,7254,16082,7709,8373,14072,6690,7382,8040,3883,4157,2010,971,1039,
60320,8043,3932,4111,14074,6818,7256,16085,7710,8375,14073,6691,7382,8041,3883,4158,2010,971,1039,
60325,8043,3932,4111,14075,6818,7257,16085,7710,8375,14074,6692,7382,8041,3883,4158,2011,971,1040,
60330,8044,3933,4111,14075,6818,7257,16086,7711,8375,14075,6692,7383,8043,3884,4159,2011,971,1040,
60335,8044,3933,4111,14077,6819,7258,16087,7712,8375,14076,6693,7383,8044,3884,4160,2011,971,1040,
60340,8045,3933,4112,14079,6819,7260,16090,7712,8378,14078,6694,7384,8044,3884,4160,2011,971,1040,
60345,8046,3934,4112,14079,6819,7260,16090,7712,8378,14079,6694,7385,8044,3884,4160,2011,971,1040,
60350,8047,3934,4113,14081,6820,7261,16093,7715,8378,14080,6694,7386,8045,3885,4160,2011,971,1040,
60355,8047,3934,4113,14082,6821,7261,16093,7715,8378,14081,6694,7387,8045,3885,4160,2012,972,1040,
60360,8048,3934,4114,14082,6821,7261,16094,7716,8378,14082,6694,7388,8047,3886,4161,2012,972,1040,
60365,8048,3934,4114,14084,6823,7261,16095,7716,8379,14083,6694,7389,8048,3886,4162,2012,972,1040,
60370,8049,3935,4114,14086,6823,7263,16098,7717,8381,14085,6695,7390,8048,3886,4162,2012,972,1040,
60375,8050,3935,4115,14086,6823,7263,16098,7717,8381,14086,6695,7391,8048,3886,4162,2012,972,1040,
60380,8051,3936,4115,14088,6824,7264,16101,7719,8382,14087,6696,7391,8049,3886,4163,2012,972,1040,
60385,8051,3936,4115,14089,6824,7265,16101,7719,8382,14088,6696,7392,8049,3886,4163,2013,972,1041,
60390,8052,3937,4115,14089,6824,7265,16102,7719,8383,14089,6696,7393,8051,3887,4164,2013,972,1041,
60395,8052,3937,4115,14091,6826,7265,16103,7720,8383,14090,6696,7394,8052,3888,4164,2013,972,1041,
60400,8053,3938,4115,14093,6826,7267,16106,7721,8385,14092,6697,7395,8052,3888,4164,2013,972,1041,
60405,8054,3939,4115,14093,6826,7267,16106,7721,8385,14093,6697,7396,8052,3888,4164,2013,972,1041,
60410,8055,3940,4115,14095,6827,7268,16109,7722,8387,14094,6698,7396,8053,3888,4165,2013,972,1041,
60415,8055,3940,4115,14096,6827,7269,16109,7722,8387,14095,6698,7397,8053,3888,4165,2014,972,1042,
60420,8056,3940,4116,14096,6827,7269,16110,7723,8387,14096,6698,7398,8055,3888,4167,2014,972,1042,
60425,8056,3940,4116,14098,6829,7269,16111,7724,8387,14097,6698,7399,8056,3888,4168,2014,972,1042,
60430,8057,3941,4116,14100,6829,7271,16114,7727,8387,14099,6698,7401,8056,3888,4168,2014,972,1042,
60435,8058,3942,4116,14100,6829,7271,16114,7727,8387,14100,6699,7401,8056,3888,4168,2014,972,1042,
60440,8059,3942,4117,14102,6830,7272,16117,7730,8387,14101,6699,7402,8057,3888,4169,2014,972,1042,
60445,8059,3942,4117,14103,6831,7272,16117,7730,8387,14102,6699,7403,8057,3888,4169,2015,972,1043,
60450,8060,3943,4117,14103,6831,7272,16118,7730,8388,14103,6699,7404,8059,3888,4171,2015,972,1043,
60455,8060,3943,4117,14105,6832,7273,16119,7730,8389,14104,6700,7404,8060,3888,4172,2015,972,1043,
60460,8061,3944,4117,14107,6833,7274,16122,7731,8391,14106,6700,7406,8060,3888,4172,2015,972,1043,
60465,8062,3944,4118,14107,6833,7274,16122,7731,8391,14107,6701,7406,8060,3888,4172,2015,972,1043,
60470,8063,3944,4119,14109,6834,7275,16125,7732,8393,14108,6702,7406,8061,3889,4172,2015,972,1043,
60475,8063,3944,4119,14110,6835,7275,16125,7732,8393,14109,6702,7407,8061,3889,4172,2016,972,1044,
60480,8064,3945,4119,14110,6835,7275,16126,7733,8393,14110,6702,7408,8063,3890,4173,2016,972,1044,
60485,8064,3945,4119,14112,6837,7275,16127,7734,8393,14111,6703,7408,8064,3891,4173,2016,972,1044,
60490,8065,3946,4119,14114,6837,7277,16130,7735,8395,14113,6704,7409,8064,3891,4173,2016,972,1044,
60495,8066,3946,4120,14114,6837,7277,16130,7735,8395,14114,6705,7409,8064,3891,4173,2016,972,1044,
60500,8067,3947,4120,14116,6837,7279,16133,7737,8396,14115,6706,7409,8065,3891,4174,2016,972,1044,
60505,8067,3947,4120,14117,6837,7280,16133,7737,8396,14116,6706,7410,8065,3891,4174,2017,973,1044,
60510,8068,3948,4120,14117,6837,7280,16134,7737,8397,14117,6707,7410,8067,3891,4176,2017,973,1044,
60515,8068,3948,4120,14119,6837,7282,16135,7738,8397,14118,6707,7411,8068,3891,4177,2017,973,1044,
60520,8069,3949,4120,14121,6838,7283,16138,7741,8397,14120,6708,7412,8068,3891,4177,2017,973,1044,
60525,8070,3949,4121,14121,6838,7283,16138,7741,8397,14121,6709,7412,8068,3891,4177,2017,973,1044,
60530,8071,3950,4121,14123,6840,7283,16141,7743,8398,14122,6709,7413,8069,3891,4178,2017,973,1044,
60535,8071,3950,4121,14124,6840,7284,16141,7743,8398,14123,6710,7413,8069,3891,4178,2018,973,1045,
60540,8072,3951,4121,14124,6840,7284,16142,7743,8399,14124,6711,7413,8071,3893,4178,2018,973,1045,
60545,8072,3951,4121,14126,6842,7284,16143,7744,8399,14125,6711,7414,8072,3894,4178,2018,973,1045,
60550,8073,3951,4122,14128,6844,7284,16146,7745,8401,14127,6713,7414,8072,3894,4178,2018,973,1045,
60555,8074,3951,4123,14128,6844,7284,16146,7745,8401,14128,6714,7414,8072,3894,4178,2018,973,1045,
60560,8075,3951,4124,14130,6844,7286,16149,7747,8402,14129,6714,7415,8073,3894,4179,2018,973,1045,
60565,8075,3951,4124,14131,6845,7286,16149,7747,8402,14130,6715,7415,8073,3894,4179,2019,973,1046,
60570,8076,3951,4125,14131,6845,7286,16150,7748,8402,14131,6716,7415,8075,3895,4180,2019,973,1046,
60575,8076,3951,4125,14133,6846,7287,16151,7748,8403,14132,6717,7415,8076,3895,4181,2019,973,1046,
60580,8077,3951,4126,14135,6847,7288,16154,7749,8405,14134,6717,7417,8076,3895,4181,2019,973,1046,
60585,8078,3951,4127,14135,6847,7288,16154,7749,8405,14135,6718,7417,8076,3895,4181,2019,973,1046,
60590,8079,3952,4127,14137,6848,7289,16157,7749,8408,14136,6718,7418,8077,3896,4181,2019,973,1046,
60595,8079,3952,4127,14138,6848,7290,16157,7749,8408,14137,6719,7418,8077,3896,4181,2020,973,1047,
60600,8080,3953,4127,14138,6848,7290,16158,7750,8408,14138,6720,7418,8079,3897,4182,2020,973,1047,
60605,8080,3953,4127,14140,6848,7292,16159,7750,8409,14139,6720,7419,8080,3897,4183,2020,973,1047,
60610,8081,3953,4128,14142,6848,7294,16162,7751,8411,14141,6721,7420,8080,3897,4183,2020,973,1047,
60615,8082,3953,4129,14142,6848,7294,16162,7751,8411,14142,6722,7420,8080,3897,4183,2020,973,1047,
60620,8083,3953,4130,14144,6849,7295,16165,7753,8412,14143,6722,7421,8081,3897,4184,2020,973,1047,
60625,8083,3953,4130,14145,6849,7296,16165,7753,8412,14144,6723,7421,8081,3897,4184,2021,974,1047,
60630,8084,3953,4131,14145,6849,7296,16166,7754,8412,14145,6723,7422,8083,3898,4185,2021,974,1047,
60635,8084,3953,4131,14147,6850,7297,16167,7754,8413,14146,6724,7422,8084,3899,4185,2021,974,1047,
60640,8085,3953,4132,14149,6852,7297,16170,7754,8416,14148,6725,7423,8084,3899,4185,2021,974,1047,
60645,8086,3954,4132,14149,6852,7297,16170,7754,8416,14149,6726,7423,8084,3899,4185,2021,974,1047,
60650,8087,3955,4132,14151,6853,7298,16173,7754,8419,14150,6726,7424,8085,3899,4186,2021,974,1047,
60655,8087,3955,4132,14152,6854,7298,16173,7754,8419,14151,6726,7425,8085,3899,4186,2022,974,1048,
60660,8088,3955,4133,14152,6854,7298,16174,7755,8419,14152,6726,7426,8087,3900,4187,2022,974,1048,
60665,8088,3955,4133,14154,6854,7300,16175,7756,8419,14153,6727,7426,8088,3900,4188,2022,974,1048,
60670,8089,3955,4134,14156,6856,7300,16178,7758,8420,14155,6728,7427,8088,3900,4188,2022,974,1048,
60675,8090,3955,4135,14156,6856,7300,16178,7758,8420,14156,6729,7427,8088,3900,4188,2022,974,1048,
60680,8091,3955,4136,14158,6858,7300,16181,7760,8421,14157,6730,7427,8089,3900,4189,2022,974,1048,
60685,8091,3955,4136,14159,6859,7300,16181,7760,8421,14158,6730,7428,8089,3900,4189,2023,975,1048,
60690,8092,3956,4136,14159,6859,7300,16182,7761,8421,14159,6731,7428,8091,3900,4191,2023,975,1048,
60695,8092,3956,4136,14161,6861,7300,16183,7761,8422,14160,6732,7428,8092,3901,4191,2023,975,1048,
60700,8093,3957,4136,14163,6862,7301,16186,7763,8423,14162,6732,7430,8092,3901,4191,2023,975,1048,
60705,8094,3957,4137,14163,6862,7301,16186,7763,8423,14163,6733,7430,8092,3901,4191,2023,975,1048,
60710,8095,3957,4138,14165,6863,7302,16189,7764,8425,14164,6734,7430,8093,3902,4191,2023,975,1048,
60715,8095,3957,4138,14166,6864,7302,16189,7764,8425,14165,6734,7431,8093,3902,4191,2024,975,1049,
60720,8096,3957,4139,14166,6864,7302,16190,7764,8426,14166,6734,7432,8095,3903,4192,2024,975,1049,
60725,8096,3957,4139,14168,6864,7304,16191,7765,8426,14167,6735,7432,8096,3904,4192,2024,975,1049,
60730,8097,3958,4139,14170,6865,7305,16194,7768,8426,14169,6736,7433,8096,3904,4192,2024,975,1049,
60735,8098,3959,4139,14170,6865,7305,16194,7768,8426,14170,6737,7433,8096,3904,4192,2024,975,1049,
60740,8099,3959,4140,14172,6866,7306,16197,7770,8427,14171,6737,7434,8097,3904,4193,2024,975,1049,
60745,8099,3959,4140,14173,6866,7307,16197,7770,8427,14172,6738,7434,8097,3904,4193,2025,975,1050,
60750,8100,3960,4140,14173,6866,7307,16198,7770,8428,14173,6738,7435,8099,3904,4195,2025,975,1050,
60755,8100,3960,4140,14175,6867,7308,16199,7770,8429,14174,6738,7436,8100,3905,4195,2025,975,1050,
60760,8101,3961,4140,14177,6868,7309,16202,7770,8432,14176,6739,7437,8100,3905,4195,2025,975,1050,
60765,8102,3961,4141,14177,6868,7309,16202,7770,8432,14177,6739,7438,8100,3905,4195,2025,975,1050,
60770,8103,3962,4141,14179,6869,7310,16205,7772,8433,14178,6739,7439,8101,3905,4196,2025,975,1050,
60775,8103,3962,4141,14180,6870,7310,16205,7772,8433,14179,6740,7439,8101,3905,4196,2026,975,1051,
60780,8104,3963,4141,14180,6870,7310,16206,7772,8434,14180,6740,7440,8103,3906,4197,2026,975,1051,
60785,8104,3963,4141,14182,6871,7311,16207,7773,8434,14181,6740,7441,8104,3907,4197,2026,975,1051,
60790,8105,3963,4142,14184,6872,7312,16210,7774,8436,14183,6740,7443,8104,3907,4197,2026,975,1051,
60795,8106,3964,4142,14184,6872,7312,16210,7774,8436,14184,6740,7444,8104,3907,4197,2026,975,1051,
60800,8107,3964,4143,14186,6873,7313,16213,7776,8437,14185,6741,7444,8105,3907,4198,2026,975,1051,
60805,8107,3964,4143,14187,6874,7313,16213,7776,8437,14186,6741,7445,8105,3907,4198,2027,975,1052,
60810,8108,3964,4144,14187,6874,7313,16214,7776,8438,14187,6742,7445,8107,3907,4200,2027,975,1052,
60815,8108,3964,4144,14189,6876,7313,16215,7776,8439,14188,6743,7445,8108,3908,4200,2027,975,1052,
60820,8109,3964,4145,14191,6877,7314,16218,7776,8442,14190,6744,7446,8108,3908,4200,2027,975,1052,
60825,8110,3965,4145,14191,6877,7314,16218,7776,8442,14191,6744,7447,8108,3908,4200,2027,975,1052,
60830,8111,3966,4145,14193,6878,7315,16221,7778,8443,14192,6744,7448,8109,3908,4201,2027,975,1052,
60835,8111,3966,4145,14194,6879,7315,16221,7778,8443,14193,6745,7448,8109,3908,4201,2028,976,1052,
60840,8112,3966,4146,14194,6879,7315,16222,7779,8443,14194,6745,7449,8111,3909,4202,2028,976,1052,
60845,8112,3966,4146,14196,6879,7317,16223,7780,8443,14195,6746,7449,8112,3910,4202,2028,976,1052,
60850,8113,3966,4147,14198,6879,7319,16226,7781,8445,14197,6748,7449,8112,3910,4202,2028,976,1052,
60855,8114,3966,4148,14198,6879,7319,16226,7781,8445,14198,6748,7450,8112,3910,4202,2028,976,1052,
60860,8115,3967,4148,14200,6880,7320,16229,7783,8446,14199,6748,7451,8113,3910,4203,2028,976,1052,
60865,8115,3967,4148,14201,6880,7321,16229,7783,8446,14200,6748,7452,8113,3910,4203,2029,976,1053,
60870,8116,3967,4149,14201,6880,7321,16230,7784,8446,14201,6748,7453,8115,3910,4205,2029,976,1053,
60875,8116,3967,4149,14203,6881,7322,16231,7784,8447,14202,6748,7454,8116,3911,4205,2029,976,1053,
60880,8117,3967,4150,14205,6882,7323,16234,7785,8449,14204,6749,7455,8116,3911,4205,2029,976,1053,
60885,8118,3967,4151,14205,6882,7323,16234,7785,8449,14205,6750,7455,8116,3911,4205,2029,976,1053,
60890,8119,3967,4152,14207,6883,7324,16237,7787,8450,14206,6750,7456,8117,3911,4206,2029,976,1053,
60895,8119,3967,4152,14208,6884,7324,16237,7787,8450,14207,6750,7457,8117,3911,4206,2030,977,1053,
60900,8120,3967,4153,14208,6884,7324,16238,7787,8451,14208,6750,7458,8119,3912,4207,2030,977,1053,
60905,8120,3967,4153,14210,6885,7325,16239,7787,8452,14209,6750,7459,8120,3913,4207,2030,977,1053,
60910,8121,3967,4154,14212,6886,7326,16242,7789,8453,14211,6752,7459,8120,3913,4207,2030,977,1053,
60915,8122,3967,4155,14212,6886,7326,16242,7789,8453,14212,6752,7460,8120,3913,4207,2030,977,1053,
60920,8123,3967,4156,14214,6886,7328,16245,7790,8455,14213,6752,7461,8121,3913,4208,2030,977,1053,
60925,8123,3967,4156,14215,6887,7328,16245,7790,8455,14214,6752,7462,8121,3913,4208,2031,978,1053,
60930,8124,3968,4156,14215,6887,7328,16246,7790,8456,14215,6752,7463,8123,3914,4209,2031,978,1053,
60935,8124,3968,4156,14217,6888,7329,16247,7791,8456,14216,6752,7464,8124,3914,4210,2031,978,1053,
60940,8125,3969,4156,14219,6889,7330,16250,7792,8458,14218,6753,7465,8124,3914,4210,2031,978,1053,
60945,8126,3970,4156,14219,6889,7330,16250,7792,8458,14219,6753,7466,8124,3914,4210,2031,978,1053,
60950,8127,3970,4157,14221,6890,7331,16253,7794,8459,14220,6754,7466,8125,3914,4211,2031,978,1053,
60955,8127,3970,4157,14222,6891,7331,16253,7794,8459,14221,6754,7467,8125,3914,4211,2032,979,1053,
60960,8128,3971,4157,14222,6891,7331,16254,7795,8459,14222,6755,7467,8127,3915,4212,2032,979,1053,
60965,8128,3971,4157,14224,6893,7331,16255,7795,8460,14223,6755,7468,8128,3915,4213,2032,979,1053,
60970,8129,3972,4157,14226,6895,7331,16258,7797,8461,14225,6756,7469,8128,3915,4213,2032,979,1053,
60975,8130,3972,4158,14226,6895,7331,16258,7797,8461,14226,6757,7469,8128,3915,4213,2032,979,1053,
60980,8131,3972,4159,14228,6896,7332,16261,7798,8463,14227,6757,7470,8129,3915,4214,2032,979,1053,
60985,8131,3972,4159,14229,6896,7333,16261,7798,8463,14228,6757,7471,8129,3915,4214,2033,980,1053,
60990,8132,3973,4159,14229,6896,7333,16262,7798,8464,14229,6758,7471,8131,3916,4215,2033,980,1053,
60995,8132,3973,4159,14231,6897,7334,16263,7798,8465,14230,6758,7472,8132,3916,4216,2033,980,1053,
61000,8133,3973,4160,14233,6897,7336,16266,7800,8466,14232,6759,7473,8132,3916,4216,2033,980,1053,
61005,8134,3973,4161,14233,6897,7336,16266,7800,8466,14233,6759,7474,8132,3916,4216,2033,980,1053,
61010,8135,3974,4161,14235,6898,7337,16269,7803,8466,14234,6760,7474,8133,3916,4217,2033,980,1053,
61015,8135,3974,4161,14236,6898,7338,16269,7803,8466,14235,6761,7474,8133,3916,4217,2034,981,1053,
61020,8136,3974,4162,14236,6898,7338,16270,7804,8466,14236,6761,7475,8135,3916,4219,2034,981,1053,
61025,8136,3974,4162,14238,6899,7339,16271,7804,8467,14237,6762,7475,8136,3916,4220,2034,981,1053,
61030,8137,3974,4163,14240,6900,7340,16274,7807,8467,14239,6763,7476,8136,3916,4220,2034,981,1053,
61035,8138,3974,4164,14240,6900,7340,16274,7807,8467,14240,6764,7476,8136,3916,4220,2034,981,1053,
61040,8139,3974,4165,14242,6902,7340,16277,7808,8469,14241,6765,7476,8137,3917,4220,2034,981,1053,
61045,8139,3974,4165,14243,6903,7340,16277,7808,8469,14242,6765,7477,8137,3917,4220,2035,982,1053,
61050,8140,3974,4166,14243,6903,7340,16278,7808,8470,14243,6766,7477,8139,3918,4221,2035,982,1053,
61055,8140,3974,4166,14245,6904,7341,16279,7808,8471,14244,6766,7478,8140,3918,4222,2035,982,1053,
61060,8141,3975,4166,14247,6905,7342,16282,7808,8474,14246,6767,7479,8140,3918,4222,2035,982,1053,
61065,8142,3976,4166,14247,6905,7342,16282,7808,8474,14247,6767,7480,8140,3918,4222,2035,982,1053,
61070,8143,3977,4166,14249,6906,7343,16285,7810,8475,14248,6768,7480,8141,3919,4222,2035,982,1053,
61075,8143,3977,4166,14250,6906,7344,16285,7810,8475,14249,6769,7480,8141,3919,4222,2036,982,1054,
61080,8144,3978,4166,14250,6906,7344,16286,7811,8475,14250,6769,7481,8143,3920,4223,2036,982,1054,
61085,8144,3978,4166,14252,6908,7344,16287,7811,8476,14251,6770,7481,8144,3920,4224,2036,982,1054,
61090,8145,3979,4166,14254,6910,7344,16290,7811,8479,14253,6771,7482,8144,3920,4224,2036,982,1054,
61095,8146,3979,4167,14254,6910,7344,16290,7811,8479,14254,6771,7483,8144,3920,4224,2036,982,1054,
61100,8147,3980,4167,14256,6912,7344,16293,7813,8480,14255,6771,7484,8145,3920,4225,2036,982,1054,
61105,8147,3980,4167,14257,6912,7345,16293,7813,8480,14256,6771,7485,8145,3920,4225,2037,983,1054,
61110,8148,3981,4167,14257,6912,7345,16294,7813,8481,14257,6772,7485,8147,3920,4227,2037,983,1054,
61115,8148,3981,4167,14259,6912,7347,16295,7814,8481,14258,6772,7486,8148,3921,4227,2037,983,1054,
61120,8149,3981,4168,14261,6914,7347,16298,7817,8481,14260,6772,7488,8148,3921,4227,2037,983,1054,
61125,8150,3982,4168,14261,6914,7347,16298,7817,8481,14261,6773,7488,8148,3921,4227,2037,983,1054,
61130,8151,3983,4168,14263,6915,7348,16301,7820,8481,14262,6774,7488,8149,3922,4227,2037,983,1054,
61135,8151,3983,4168,14264,6916,7348,16301,7820,8481,14263,6774,7489,8149,3922,4227,2038,984,1054,
61140,8152,3983,4169,14264,6916,7348,16302,7821,8481,14264,6775,7489,8151,3924,4227,2038,984,1054,
61145,8152,3983,4169,14266,6918,7348,16303,7821,8482,14265,6775,7490,8152,3924,4228,2038,984,1054,
61150,8153,3983,4170,14268,6919,7349,16306,7822,8484,14267,6776,7491,8152,3924,4228,2038,984,1054,
61155,8154,3984,4170,14268,6919,7349,16306,7822,8484,14268,6776,7492,8152,3924,4228,2038,984,1054,
61160,8155,3984,4171,14270,6920,7350,16309,7825,8484,14269,6776,7493,8153,3924,4229,2038,984,1054,
61165,8155,3984,4171,14271,6920,7351,16309,7825,8484,14270,6777,7493,8153,3924,4229,2039,984,1055,
61170,8156,3984,4172,14271,6920,7351,16310,7825,8485,14271,6778,7493,8155,3925,4230,2039,984,1055,
61175,8156,3984,4172,14273,6920,7353,16311,7825,8486,14272,6779,7493,8156,3925,4231,2039,984,1055,
61180,8157,3985,4172,14275,6920,7355,16314,7825,8489,14274,6779,7495,8156,3925,4231,2039,984,1055,
61185,8158,3986,4172,14275,6920,7355,16314,7825,8489,14275,6780,7495,8156,3925,4231,2039,984,1055,
61190,8159,3986,4173,14277,6920,7357,16317,7826,8491,14276,6780,7496,8157,3925,4232,2039,984,1055,
61195,8159,3986,4173,14278,6920,7358,16317,7826,8491,14277,6781,7496,8157,3925,4232,2040,984,1056,
61200,8160,3986,4174,14278,6920,7358,16318,7826,8492,14278,6782,7496,8159,3927,4232,2040,984,1056,
61205,8160,3986,4174,14280,6921,7359,16319,7827,8492,14279,6782,7497,8160,3928,4232,2040,984,1056,
61210,8161,3986,4175,14282,6922,7360,16322,7828,8494,14281,6782,7499,8160,3928,4232,2040,984,1056,
61215,8162,3986,4176,14282,6922,7360,16322,7828,8494,14282,6783,7499,8160,3928,4232,2040,984,1056,
61220,8163,3987,4176,14284,6924,7360,16325,7830,8495,14283,6784,7499,8161,3928,4233,2040,984,1056,
61225,8163,3987,4176,14285,6924,7361,16325,7830,8495,14284,6784,7500,8161,3928,4233,2041,985,1056,
61230,8164,3988,4176,14285,6924,7361,16326,7830,8496,14285,6785,7500,8163,3928,4235,2041,985,1056,
61235,8164,3988,4176,14287,6924,7363,16327,7831,8496,14286,6785,7501,8164,3929,4235,2041,985,1056,
61240,8165,3988,4177,14289,6924,7365,16330,7832,8498,14288,6786,7502,8164,3929,4235,2041,985,1056,
61245,8166,3989,4177,14289,6924,7365,16330,7832,8498,14289,6786,7503,8164,3929,4235,2041,985,1056,
61250,8167,3990,4177,14291,6925,7366,16333,7832,8501,14290,6786,7504,8165,3929,4236,2041,985,1056,
61255,8167,3990,4177,14292,6925,7367,16333,7832,8501,14291,6786,7505,8165,3929,4236,2042,986,1056,
61260,8168,3991,4177,14292,6925,7367,16334,7832,8502,14292,6787,7505,8167,3931,4236,2042,986,1056,
61265,8168,3991,4177,14294,6926,7368,16335,7833,8502,14293,6787,7506,8168,3931,4237,2042,986,1056,
61270,8169,3991,4178,14296,6927,7369,16338,7834,8504,14295,6787,7508,8168,3931,4237,2042,986,1056,
61275,8170,3992,4178,14296,6927,7369,16338,7834,8504,14296,6787,7509,8168,3931,4237,2042,986,1056,
61280,8171,3993,4178,14298,6928,7370,16341,7835,8506,14297,6788,7509,8169,3931,4238,2042,986,1056,
61285,8171,3993,4178,14299,6929,7370,16341,7835,8506,14298,6789,7509,8169,3931,4238,2043,987,1056,
61290,8172,3994,4178,14299,6929,7370,16342,7836,8506,14299,6789,7510,8171,3932,4239,2043,987,1056,
61295,8172,3994,4178,14301,6930,7371,16343,7836,8507,14300,6789,7511,8172,3932,4240,2043,987,1056,
61300,8173,3995,4178,14303,6930,7373,16346,7837,8509,14302,6791,7511,8172,3932,4240,2043,987,1056,
61305,8174,3995,4179,14303,6930,7373,16346,7837,8509,14303,6792,7511,8172,3932,4240,2043,987,1056,
61310,8175,3995,4180,14305,6931,7374,16349,7838,8511,14304,6793,7511,8173,3933,4240,2043,987,1056,
61315,8175,3995,4180,14306,6931,7375,16349,7838,8511,14305,6794,7511,8173,3933,4240,2044,988,1056,
61320,8176,3996,4180,14306,6931,7375,16350,7838,8512,14306,6795,7511,8175,3933,4242,2044,988,1056,
61325,8176,3996,4180,14308,6931,7377,16351,7838,8513,14307,6796,7511,8176,3933,4243,2044,988,1056,
61330,8177,3996,4181,14310,6931,7379,16354,7840,8514,14309,6796,7513,8176,3933,4243,2044,988,1056,
61335,8178,3996,4182,14310,6931,7379,16354,7840,8514,14310,6797,7513,8176,3933,4243,2044,988,1056,
61340,8179,3996,4183,14312,6933,7379,16357,7842,8515,14311,6797,7514,8177,3934,4243,2044,988,1056,
61345,8179,3996,4183,14313,6933,7380,16357,7842,8515,14312,6798,7514,8177,3934,4243,2045,988,1057,
61350,8180,3996,4184,14313,6933,7380,16358,7842,8516,14313,6798,7515,8179,3935,4244,2045,988,1057,
61355,8180,3996,4184,14315,6935,7380,16359,7842,8517,14314,6799,7515,8180,3936,4244,2045,988,1057,
61360,8181,3997,4184,14317,6936,7381,16362,7844,8518,14316,6800,7516,8180,3936,4244,2045,988,1057,
61365,8182,3998,4184,14317,6936,7381,16362,7844,8518,14317,6801,7516,8180,3936,4244,2045,988,1057,
61370,8183,3998,4185,14319,6937,7382,16365,7846,8519,14318,6801,7517,8181,3937,4244,2045,988,1057,
61375,8183,3998,4185,14320,6937,7383,16365,7846,8519,14319,6802,7517,8181,3937,4244,2046,989,1057,
61380,8184,3998,4186,14320,6937,7383,16366,7847,8519,14320,6802,7518,8183,3937,4246,2046,989,1057,
61385,8184,3998,4186,14322,6939,7383,16367,7848,8519,14321,6802,7519,8184,3937,4247,2046,989,1057,
61390,8185,3999,4186,14324,6939,7385,16370,7849,8521,14323,6804,7519,8184,3937,4247,2046,989,1057,
61395,8186,3999,4187,14324,6939,7385,16370,7849,8521,14324,6805,7519,8184,3937,4247,2046,989,1057,
61400,8187,3999,4188,14326,6940,7386,16373,7850,8523,14325,6806,7519,8185,3937,4248,2046,989,1057,
61405,8187,3999,4188,14327,6941,7386,16373,7850,8523,14326,6806,7520,8185,3937,4248,2047,990,1057,
61410,8188,4000,4188,14327,6941,7386,16374,7851,8523,14327,6806,7521,8187,3938,4249,2047,990,1057,
61415,8188,4000,4188,14329,6942,7387,16375,7852,8523,14328,6806,7522,8188,3939,4249,2047,990,1057,
61420,8189,4001,4188,14331,6943,7388,16378,7853,8525,14330,6808,7522,8188,3939,4249,2047,990,1057,
61425,8190,4002,4188,14331,6943,7388,16378,7853,8525,14331,6808,7523,8188,3939,4249,2047,990,1057,
61430,8191,4002,4189,14333,6944,7389,16381,7854,8527,14332,6808,7524,8189,3939,4250,2047,990,1057,
61435,8191,4002,4189,14334,6944,7390,16381,7854,8527,14333,6809,7524,8189,3939,4250,2048,990,1058,
61440,8192,4003,4189,14334,6944,7390,16382,7854,8528,14334,6810,7524,8191,3939,4252,2048,990,1058,
61445,8192,4003,4189,14336,6945,7391,16383,7854,8529,14335,6811,7524,8192,3940,4252,2048,990,1058,
61450,8193,4003,4190,14338,6947,7391,16386,7856,8530,14337,6812,7525,8192,3940,4252,2048,990,1058,
61455,8194,4004,4190,14338,6947,7391,16386,7856,8530,14338,6812,7526,8192,3940,4252,2048,990,1058,
61460,8195,4005,4190,14340,6947,7393,16389,7859,8530,14339,6813,7526,8193,3940,4253,2048,990,1058,
61465,8195,4005,4190,14341,6948,7393,16389,7859,8530,14340,6814,7526,8193,3940,4253,2049,990,1059,
61470,8196,4006,4190,14341,6948,7393,16390,7860,8530,14341,6815,7526,8195,3941,4254,2049,990,1059,
61475,8196,4006,4190,14343,6949,7394,16391,7861,8530,14342,6815,7527,8196,3942,4254,2049,990,1059,
61480,8197,4007,4190,14345,6949,7396,16394,7862,8532,14344,6816,7528,8196,3942,4254,2049,990,1059,
61485,8198,4007,4191,14345,6949,7396,16394,7862,8532,14345,6816,7529,8196,3942,4254,2049,990,1059,
61490,8199,4007,4192,14347,6949,7398,16397,7863,8534,14346,6816,7530,8197,3942,4255,2049,990,1059,
61495,8199,4007,4192,14348,6950,7398,16397,7863,8534,14347,6817,7530,8197,3942,4255,2050,991,1059,
61500,8200,4008,4192,14348,6950,7398,16398,7863,8535,14348,6817,7531,8199,3942,4257,2050,991,1059,
61505,8200,4008,4192,14350,6951,7399,16399,7863,8536,14349,6817,7532,8200,3942,4258,2050,991,1059,
61510,8201,4009,4192,14352,6953,7399,16402,7865,8537,14351,6818,7533,8200,3942,4258,2050,991,1059,
61515,8202,4009,4193,14352,6953,7399,16402,7865,8537,14352,6819,7533,8200,3942,4258,2050,991,1059,
61520,8203,4010,4193,14354,6954,7400,16405,7867,8538,14353,6819,7534,8201,3942,4259,2050,991,1059,
61525,8203,4010,4193,14355,6954,7401,16405,7867,8538,14354,6820,7534,8201,3942,4259,2051,991,1060,
61530,8204,4010,4194,14355,6954,7401,16406,7867,8539,14355,6820,7535,8203,3944,4259,2051,991,1060,
61535,8204,4010,4194,14357,6956,7401,16407,7868,8539,14356,6820,7536,8204,3945,4259,2051,991,1060,
61540,8205,4010,4195,14359,6957,7402,16410,7869,8541,14358,6821,7537,8204,3945,4259,2051,991,1060,
61545,8206,4011,4195,14359,6957,7402,16410,7869,8541,14359,6821,7538,8204,3945,4259,2051,991,1060,
61550,8207,4011,4196,14361,6957,7404,16413,7871,8542,14360,6821,7539,8205,3946,4259,2051,991,1060,
61555,8207,4011,4196,14362,6958,7404,16413,7871,8542,14361,6821,7540,8205,3946,4259,2052,991,1061,
61560,8208,4012,4196,14362,6958,7404,16414,7872,8542,14362,6821,7541,8207,3947,4260,2052,991,1061,
61565,8208,4012,4196,14364,6960,7404,16415,7873,8542,14363,6822,7541,8208,3948,4260,2052,991,1061,
61570,8209,4013,4196,14366,6961,7405,16418,7874,8544,14365,6823,7542,8208,3948,4260,2052,991,1061,
61575,8210,4013,4197,14366,6961,7405,16418,7874,8544,14366,6823,7543,8208,3948,4260,2052,991,1061,
61580,8211,4013,4198,14368,6962,7406,16421,7874,8547,14367,6824,7543,8209,3949,4260,2052,991,1061,
61585,8211,4013,4198,14369,6963,7406,16421,7874,8547,14368,6824,7544,8209,3949,4260,2053,992,1061,
61590,8212,4014,4198,14369,6963,7406,16422,7874,8548,14369,6824,7545,8211,3949,4262,2053,992,1061,
61595,8212,4014,4198,14371,6964,7407,16423,7875,8548,14370,6824,7546,8212,3949,4263,2053,992,1061,
61600,8213,4015,4198,14373,6964,7409,16426,7875,8551,14372,6825,7547,8212,3949,4263,2053,992,1061,
61605,8214,4016,4198,14373,6964,7409,16426,7875,8551,14373,6826,7547,8212,3949,4263,2053,992,1061,
61610,8215,4016,4199,14375,6965,7410,16429,7875,8554,14374,6826,7548,8213,3949,4264,2053,992,1061,
61615,8215,4016,4199,14376,6965,7411,16429,7875,8554,14375,6826,7549,8213,3949,4264,2054,992,1062,
61620,8216,4017,4199,14376,6965,7411,16430,7875,8555,14376,6827,7549,8215,3951,4264,2054,992,1062,
61625,8216,4017,4199,14378,6966,7412,16431,7876,8555,14377,6827,7550,8216,3951,4265,2054,992,1062,
61630,8217,4018,4199,14380,6967,7413,16434,7878,8556,14379,6829,7550,8216,3951,4265,2054,992,1062,
61635,8218,4018,4200,14380,6967,7413,16434,7878,8556,14380,6829,7551,8216,3951,4265,2054,992,1062,
61640,8219,4019,4200,14382,6969,7413,16437,7879,8558,14381,6829,7552,8217,3951,4266,2054,992,1062,
61645,8219,4019,4200,14383,6970,7413,16437,7879,8558,14382,6829,7553,8217,3951,4266,2055,992,1063,
61650,8220,4020,4200,14383,6970,7413,16438,7879,8559,14383,6829,7554,8219,3952,4267,2055,992,1063,
61655,8220,4020,4200,14385,6971,7414,16439,7879,8560,14384,6829,7555,8220,3953,4267,2055,992,1063,
61660,8221,4021,4200,14387,6972,7415,16442,7880,8562,14386,6829,7557,8220,3953,4267,2055,992,1063,
61665,8222,4022,4200,14387,6972,7415,16442,7880,8562,14387,6829,7558,8220,3953,4267,2055,992,1063,
61670,8223,4022,4201,14389,6972,7417,16445,7882,8563,14388,6830,7558,8221,3953,4268,2055,992,1063,
61675,8223,4022,4201,14390,6972,7418,16445,7882,8563,14389,6830,7559,8221,3953,4268,2056,993,1063,
61680,8224,4023,4201,14390,6972,7418,16446,7883,8563,14390,6831,7559,8223,3954,4269,2056,993,1063,
61685,8224,4023,4201,14392,6973,7419,16447,7884,8563,14391,6832,7559,8224,3955,4269,2056,993,1063,
61690,8225,4024,4201,14394,6974,7420,16450,7884,8566,14393,6833,7560,8224,3955,4269,2056,993,1063,
61695,8226,4025,4201,14394,6974,7420,16450,7884,8566,14394,6833,7561,8224,3955,4269,2056,993,1063,
61700,8227,4026,4201,14396,6975,7421,16453,7885,8568,14395,6833,7562,8225,3955,4270,2056,993,1063,
61705,8227,4026,4201,14397,6975,7422,16453,7885,8568,14396,6834,7562,8225,3955,4270,2057,994,1063,
61710,8228,4027,4201,14397,6975,7422,16454,7886,8568,14397,6835,7562,8227,3957,4270,2057,994,1063,
61715,8228,4027,4201,14399,6976,7423,16455,7886,8569,14398,6835,7563,8228,3958,4270,2057,994,1063,
61720,8229,4028,4201,14401,6977,7424,16458,7888,8570,14400,6836,7564,8228,3958,4270,2057,994,1063,
61725,8230,4029,4201,14401,6977,7424,16458,7888,8570,14401,6836,7565,8228,3958,4270,2057,994,1063,
61730,8231,4030,4201,14403,6978,7425,16461,7890,8571,14402,6836,7566,8229,3958,4271,2057,994,1063,
61735,8231,4030,4201,14404,6978,7426,16461,7890,8571,14403,6836,7567,8229,3958,4271,2058,995,1063,
61740,8232,4031,4201,14404,6978,7426,16462,7891,8571,14404,6837,7567,8231,3959,4272,2058,995,1063,
61745,8232,4031,4201,14406,6978,7428,16463,7891,8572,14405,6838,7567,8232,3959,4273,2058,995,1063,
61750,8233,4032,4201,14408,6978,7430,16466,7891,8575,14407,6839,7568,8232,3959,4273,2058,995,1063,
61755,8234,4032,4202,14408,6978,7430,16466,7891,8575,14408,6840,7568,8232,3959,4273,2058,995,1063,
61760,8235,4033,4202,14410,6979,7431,16469,7892,8577,14409,6840,7569,8233,3960,4273,2058,995,1063,
61765,8235,4033,4202,14411,6980,7431,16469,7892,8577,14410,6840,7570,8233,3960,4273,2059,996,1063,
61770,8236,4033,4203,14411,6980,7431,16470,7892,8578,14411,6841,7570,8235,3962,4273,2059,996,1063,
61775,8236,4033,4203,14413,6980,7433,16471,7892,8579,14412,6842,7570,8236,3963,4273,2059,996,1063,
61780,8237,4034,4203,14415,6982,7433,16474,7894,8580,14414,6844,7570,8236,3963,4273,2059,996,1063,
61785,8238,4034,4204,14415,6982,7433,16474,7894,8580,14415,6844,7571,8236,3963,4273,2059,996,1063,
61790,8239,4035,4204,14417,6983,7434,16477,7895,8582,14416,6845,7571,8237,3964,4273,2059,996,1063,
61795,8239,4035,4204,14418,6984,7434,16477,7895,8582,14417,6845,7572,8237,3964,4273,2060,997,1063,
61800,8240,4035,4205,14418,6984,7434,16478,7896,8582,14418,6845,7573,8239,3965,4274,2060,997,1063,
61805,8240,4035,4205,14420,6984,7436,16479,7897,8582,14419,6845,7574,8240,3965,4275,2060,997,1063,
61810,8241,4036,4205,14422,6984,7438,16482,7897,8585,14421,6846,7575,8240,3965,4275,2060,997,1063,
61815,8242,4036,4206,14422,6984,7438,16482,7897,8585,14422,6847,7575,8240,3965,4275,2060,997,1063,
61820,8243,4037,4206,14424,6985,7439,16485,7899,8586,14423,6848,7575,8241,3966,4275,2060,997,1063,
61825,8243,4037,4206,14425,6985,7440,16485,7899,8586,14424,6849,7575,8241,3966,4275,2061,998,1063,
61830,8244,4038,4206,14425,6985,7440,16486,7899,8587,14425,6850,7575,8243,3967,4276,2061,998,1063,
61835,8244,4038,4206,14427,6985,7442,16487,7899,8588,14426,6850,7576,8244,3967,4277,2061,998,1063,
61840,8245,4039,4206,14429,6986,7443,16490,7900,8590,14428,6851,7577,8244,3967,4277,2061,998,1063,
61845,8246,4039,4207,14429,6986,7443,16490,7900,8590,14429,6852,7577,8244,3967,4277,2061,998,1063,
61850,8247,4040,4207,14431,6987,7444,16493,7902,8591,14430,6853,7577,8245,3967,4278,2061,998,1063,
61855,8247,4040,4207,14432,6988,7444,16493,7902,8591,14431,6853,7578,8245,3967,4278,2062,998,1064,
61860,8248,4040,4208,14432,6988,7444,16494,7903,8591,14432,6853,7579,8247,3968,4279,2062,998,1064,
61865,8248,4040,4208,14434,6989,7445,16495,7904,8591,14433,6854,7579,8248,3968,4280,2062,998,1064,
61870,8249,4041,4208,14436,6989,7447,16498,7905,8593,14435,6855,7580,8248,3968,4280,2062,998,1064,
61875,8250,4041,4209,14436,6989,7447,16498,7905,8593,14436,6856,7580,8248,3968,4280,2062,998,1064,
61880,8251,4042,4209,14438,6991,7447,16501,7907,8594,14437,6856,7581,8249,3969,4280,2062,998,1064,
61885,8251,4042,4209,14439,6992,7447,16501,7907,8594,14438,6856,7582,8249,3969,4280,2063,998,1065,
61890,8252,4043,4209,14439,6992,7447,16502,7907,8595,14439,6857,7582,8251,3970,4281,2063,998,1065,
61895,8252,4043,4209,14441,6994,7447,16503,7908,8595,14440,6857,7583,8252,3970,4282,2063,998,1065,
61900,8253,4044,4209,14443,6996,7447,16506,7908,8598,14442,6858,7584,8252,3970,4282,2063,998,1065,
61905,8254,4044,4210,14443,6996,7447,16506,7908,8598,14443,6859,7584,8252,3970,4282,2063,998,1065,
61910,8255,4044,4211,14445,6997,7448,16509,7910,8599,14444,6860,7584,8253,3971,4282,2063,998,1065,
61915,8255,4044,4211,14446,6998,7448,16509,7910,8599,14445,6860,7585,8253,3971,4282,2064,998,1066,
61920,8256,4045,4211,14446,6998,7448,16510,7911,8599,14446,6861,7585,8255,3972,4283,2064,998,1066,
61925,8256,4045,4211,14448,6998,7450,16511,7911,8600,14447,6862,7585,8256,3973,4283,2064,998,1066,
61930,8257,4045,4212,14450,6999,7451,16514,7912,8602,14449,6862,7587,8256,3973,4283,2064,998,1066,
61935,8258,4045,4213,14450,6999,7451,16514,7912,8602,14450,6862,7588,8256,3973,4283,2064,998,1066,
61940,8259,4046,4213,14452,7000,7452,16517,7912,8605,14451,6863,7588,8257,3973,4284,2064,998,1066,
61945,8259,4046,4213,14453,7001,7452,16517,7912,8605,14452,6864,7588,8257,3973,4284,2065,999,1066,
61950,8260,4047,4213,14453,7001,7452,16518,7913,8605,14453,6864,7589,8259,3974,4285,2065,999,1066,
61955,8260,4047,4213,14455,7003,7452,16519,7913,8606,14454,6865,7589,8260,3974,4286,2065,999,1066,
61960,8261,4048,4213,14457,7004,7453,16522,7914,8608,14456,6866,7590,8260,3974,4286,2065,999,1066,
61965,8262,4048,4214,14457,7004,7453,16522,7914,8608,14457,6867,7590,8260,3974,4286,2065,999,1066,
61970,8263,4049,4214,14459,7006,7453,16525,7916,8609,14458,6867,7591,8261,3975,4286,2065,999,1066,
61975,8263,4049,4214,14460,7007,7453,16525,7916,8609,14459,6868,7591,8261,3975,4286,2066,999,1067,
61980,8264,4049,4215,14460,7007,7453,16526,7917,8609,14460,6869,7591,8263,3976,4287,2066,999,1067,
61985,8264,4049,4215,14462,7007,7455,16527,7918,8609,14461,6870,7591,8264,3976,4288,2066,999,1067,
61990,8265,4050,4215,14464,7007,7457,16530,7919,8611,14463,6870,7593,8264,3976,4288,2066,999,1067,
61995,8266,4050,4216,14464,7007,7457,16530,7919,8611,14464,6871,7593,8264,3976,4288,2066,999,1067,
62000,8267,4050,4217,14466,7008,7458,16533,7921,8612,14465,6871,7594,8265,3976,4289,2066,999,1067,
62005,8267,4050,4217,14467,7009,7458,16533,7921,8612,14466,6871,7595,8265,3976,4289,2067,999,1068,
62010,8268,4051,4217,14467,7009,7458,16534,7922,8612,14467,6872,7595,8267,3977,4290,2067,999,1068,
62015,8268,4051,4217,14469,7011,7458,16535,7922,8613,14468,6873,7595,8268,3977,4291,2067,999,1068,
62020,8269,4052,4217,14471,7013,7458,16538,7923,8615,14470,6874,7596,8268,3977,4291,2067,999,1068,
62025,8270,4052,4218,14471,7013,7458,16538,7923,8615,14471,6875,7596,8268,3977,4291,2067,999,1068,
62030,8271,4053,4218,14473,7014,7459,16541,7925,8616,14472,6875,7597,8269,3978,4291,2067,999,1068,
62035,8271,4053,4218,14474,7014,7460,16541,7925,8616,14473,6876,7597,8269,3978,4291,2068,1000,1068,
62040,8272,4053,4219,14474,7014,7460,16542,7926,8616,14474,6877,7597,8271,3978,4293,2068,1000,1068,
62045,8272,4053,4219,14476,7016,7460,16543,7926,8617,14475,6877,7598,8272,3979,4293,2068,1000,1068,
62050,8273,4053,4220,14478,7017,7461,16546,7928,8618,14477,6877,7600,8272,3979,4293,2068,1000,1068,
62055,8274,4053,4221,14478,7017,7461,16546,7928,8618,14478,6877,7601,8272,3979,4293,2068,1000,1068,
62060,8275,4053,4222,14480,7019,7461,16549,7930,8619,14479,6878,7601,8273,3979,4294,2068,1000,1068,
62065,8275,4053,4222,14481,7020,7461,16549,7930,8619,14480,6878,7602,8273,3979,4294,2069,1001,1068,
62070,8276,4054,4222,14481,7020,7461,16550,7931,8619,14481,6879,7602,8275,3981,4294,2069,1001,1068,
62075,8276,4054,4222,14483,7020,7463,16551,7932,8619,14482,6879,7603,8276,3982,4294,2069,1001,1068,
62080,8277,4055,4222,14485,7021,7464,16554,7933,8621,14484,6879,7605,8276,3982,4294,2069,1001,1068,
62085,8278,4056,4222,14485,7021,7464,16554,7933,8621,14485,6880,7605,8276,3982,4294,2069,1001,1068,
62090,8279,4057,4222,14487,7022,7465,16557,7936,8621,14486,6880,7606,8277,3983,4294,2069,1001,1068,
62095,8279,4057,4222,14488,7023,7465,16557,7936,8621,14487,6880,7607,8277,3983,4294,2070,1001,1069,
62100,8280,4057,4223,14488,7023,7465,16558,7936,8622,14488,6881,7607,8279,3983,4296,2070,1001,1069,
62105,8280,4057,4223,14490,7024,7466,16559,7937,8622,14489,6882,7607,8280,3983,4297,2070,1001,1069,
62110,8281,4057,4224,14492,7025,7467,16562,7939,8623,14491,6883,7608,8280,3983,4297,2070,1001,1069,
62115,8282,4057,4225,14492,7025,7467,16562,7939,8623,14492,6884,7608,8280,3983,4297,2070,1001,1069,
62120,8283,4057,4226,14494,7026,7468,16565,7942,8623,14493,6885,7608,8281,3983,4298,2070,1001,1069,
62125,8283,4057,4226,14495,7026,7469,16565,7942,8623,14494,6886,7608,8281,3983,4298,2071,1002,1069,
62130,8284,4058,4226,14495,7026,7469,16566,7942,8624,14495,6886,7609,8283,3985,4298,2071,1002,1069,
62135,8284,4058,4226,14497,7026,7471,16567,7943,8624,14496,6886,7610,8284,3986,4298,2071,1002,1069,
62140,8285,4058,4227,14499,7027,7472,16570,7945,8625,14498,6887,7611,8284,3986,4298,2071,1002,1069,
62145,8286,4058,4228,14499,7027,7472,16570,7945,8625,14499,6887,7612,8284,3986,4298,2071,1002,1069,
62150,8287,4058,4229,14501,7029,7472,16573,7946,8627,14500,6888,7612,8285,3986,4299,2071,1002,1069,
62155,8287,4058,4229,14502,7030,7472,16573,7946,8627,14501,6888,7613,8285,3986,4299,2072,1002,1070,
62160,8288,4058,4230,14502,7030,7472,16574,7947,8627,14502,6888,7614,8287,3987,4300,2072,1002,1070,
62165,8288,4058,4230,14504,7031,7473,16575,7948,8627,14503,6888,7615,8288,3987,4301,2072,1002,1070,
62170,8289,4059,4230,14506,7032,7474,16578,7949,8629,14505,6888,7617,8288,3987,4301,2072,1002,1070,
62175,8290,4060,4230,14506,7032,7474,16578,7949,8629,14506,6889,7617,8288,3987,4301,2072,1002,1070,
62180,8291,4060,4231,14508,7034,7474,16581,7949,8632,14507,6890,7617,8289,3987,4302,2072,1002,1070,
62185,8291,4060,4231,14509,7035,7474,16581,7949,8632,14508,6891,7617,8289,3987,4302,2073,1002,1071,
62190,8292,4060,4232,14509,7035,7474,16582,7949,8633,14509,6892,7617,8291,3988,4303,2073,1002,1071,
62195,8292,4060,4232,14511,7036,7475,16583,7949,8634,14510,6892,7618,8292,3988,4304,2073,1002,1071,
62200,8293,4061,4232,14513,7036,7477,16586,7950,8636,14512,6892,7620,8292,3988,4304,2073,1002,1071,
62205,8294,4062,4232,14513,7036,7477,16586,7950,8636,14513,6892,7621,8292,3988,4304,2073,1002,1071,
62210,8295,4062,4233,14515,7037,7478,16589,7952,8637,14514,6893,7621,8293,3988,4305,2073,1002,1071,
62215,8295,4062,4233,14516,7037,7479,16589,7952,8637,14515,6894,7621,8293,3988,4305,2074,1002,1072,
62220,8296,4062,4234,14516,7037,7479,16590,7953,8637,14516,6895,7621,8295,3989,4306,2074,1002,1072,
62225,8296,4062,4234,14518,7038,7480,16591,7953,8638,14517,6895,7622,8296,3989,4307,2074,1002,1072,
62230,8297,4063,4234,14520,7039,7481,16594,7956,8638,14519,6896,7623,8296,3989,4307,2074,1002,1072,
62235,8298,4064,4234,14520,7039,7481,16594,7956,8638,14520,6897,7623,8296,3989,4307,2074,1002,1072,
62240,8299,4065,4234,14522,7040,7482,16597,7957,8640,14521,6898,7623,8297,3989,4308,2074,1002,1072,
62245,8299,4065,4234,14523,7040,7483,16597,7957,8640,14522,6898,7624,8297,3989,4308,2075,1003,1072,
62250,8300,4066,4234,14523,7040,7483,16598,7958,8640,14523,6899,7624,8299,3991,4308,2075,1003,1072,
62255,8300,4066,4234,14525,7040,7485,16599,7959,8640,14524,6899,7625,8300,3991,4309,2075,1003,1072,
62260,8301,4066,4235,14527,7040,7487,16602,7961,8641,14526,6900,7626,8300,3991,4309,2075,1003,1072,
62265,8302,4066,4236,14527,7040,7487,16602,7961,8641,14527,6900,7627,8300,3991,4309,2075,1003,1072,
62270,8303,4066,4237,14529,7040,7489,16605,7963,8642,14528,6901,7627,8301,3991,4310,2075,1003,1072,
62275,8303,4066,4237,14530,7041,7489,16605,7963,8642,14529,6901,7628,8301,3991,4310,2076,1004,1072,
62280,8304,4067,4237,14530,7041,7489,16606,7964,8642,14530,6902,7628,8303,3993,4310,2076,1004,1072,
62285,8304,4067,4237,14532,7042,7490,16607,7964,8643,14531,6902,7629,8304,3993,4311,2076,1004,1072,
62290,8305,4068,4237,14534,7042,7492,16610,7965,8645,14533,6903,7630,8304,3993,4311,2076,1004,1072,
62295,8306,4068,4238,14534,7042,7492,16610,7965,8645,14534,6904,7630,8304,3993,4311,2076,1004,1072,
62300,8307,4069,4238,14536,7042,7494,16613,7967,8646,14535,6905,7630,8305,3994,4311,2076,1004,1072,
62305,8307,4069,4238,14537,7042,7495,16613,7967,8646,14536,6905,7631,8305,3994,4311,2077,1005,1072,
62310,8308,4069,4239,14537,7042,7495,16614,7967,8647,14537,6906,7631,8307,3996,4311,2077,1005,1072,
62315,8308,4069,4239,14539,7043,7496,16615,7968,8647,14538,6906,7632,8308,3997,4311,2077,1005,1072,
62320,8309,4069,4240,14541,7044,7497,16618,7969,8649,14540,6907,7633,8308,3997,4311,2077,1005,1072,
62325,8310,4069,4241,14541,7044,7497,16618,7969,8649,14541,6907,7634,8308,3997,4311,2077,1005,1072,
62330,8311,4069,4242,14543,7046,7497,16621,7970,8651,14542,6907,7635,8309,3998,4311,2077,1005,1072,
62335,8311,4069,4242,14544,7047,7497,16621,7970,8651,14543,6908,7635,8309,3998,4311,2078,1005,1073,
62340,8312,4070,4242,14544,7047,7497,16622,7970,8652,14544,6909,7635,8311,3999,4312,2078,1005,1073,
62345,8312,4070,4242,14546,7048,7498,16623,7971,8652,14545,6910,7635,8312,3999,4313,2078,1005,1073,
62350,8313,4070,4243,14548,7050,7498,16626,7973,8653,14547,6910,7637,8312,3999,4313,2078,1005,1073,
62355,8314,4071,4243,14548,7050,7498,16626,7973,8653,14548,6911,7637,8312,3999,4313,2078,1005,1073,
62360,8315,4071,4244,14550,7051,7499,16629,7975,8654,14549,6912,7637,8313,3999,4314,2078,1005,1073,
62365,8315,4071,4244,14551,7052,7499,16629,7975,8654,14550,6912,7638,8313,3999,4314,2079,1005,1074,
62370,8316,4071,4245,14551,7052,7499,16630,7975,8655,14551,6913,7638,8315,3999,4316,2079,1005,1074,
62375,8316,4071,4245,14553,7053,7500,16631,7975,8656,14552,6914,7638,8316,4000,4316,2079,1005,1074,
62380,8317,4072,4245,14555,7054,7501,16634,7977,8657,14554,6916,7638,8316,4000,4316,2079,1005,1074,
62385,8318,4073,4245,14555,7054,7501,16634,7977,8657,14555,6917,7638,8316,4000,4316,2079,1005,1074,
62390,8319,4074,4245,14557,7055,7502,16637,7978,8659,14556,6917,7639,8317,4000,4317,2079,1005,1074,
62395,8319,4074,4245,14558,7056,7502,16637,7978,8659,14557,6918,7639,8317,4000,4317,2080,1006,1074,
62400,8320,4074,4246,14558,7056,7502,16638,7979,8659,14558,6918,7640,8319,4001,4318,2080,1006,1074,
62405,8320,4074,4246,14560,7057,7503,16639,7980,8659,14559,6918,7641,8320,4002,4318,2080,1006,1074,
62410,8321,4074,4247,14562,7057,7505,16642,7982,8660,14561,6919,7642,8320,4002,4318,2080,1006,1074,
62415,8322,4075,4247,14562,7057,7505,16642,7982,8660,14562,6920,7642,8320,4002,4318,2080,1006,1074,
62420,8323,4075,4248,14564,7058,7506,16645,7983,8662,14563,6921,7642,8321,4002,4319,2080,1006,1074,
62425,8323,4075,4248,14565,7059,7506,16645,7983,8662,14564,6921,7643,8321,4002,4319,2081,1007,1074,
62430,8324,4076,4248,14565,7059,7506,16646,7983,8663,14565,6921,7644,8323,4002,4321,2081,1007,1074,
62435,8324,4076,4248,14567,7061,7506,16647,7984,8663,14566,6921,7645,8324,4003,4321,2081,1007,1074,
62440,8325,4077,4248,14569,7061,7508,16650,7987,8663,14568,6921,7647,8324,4003,4321,2081,1007,1074,
62445,8326,4077,4249,14569,7061,7508,16650,7987,8663,14569,6921,7648,8324,4003,4321,2081,1007,1074,
62450,8327,4077,4250,14571,7062,7509,16653,7989,8664,14570,6922,7648,8325,4003,4322,2081,1007,1074,
62455,8327,4077,4250,14572,7063,7509,16653,7989,8664,14571,6923,7648,8325,4003,4322,2082,1008,1074,
62460,8328,4078,4250,14572,7063,7509,16654,7990,8664,14572,6924,7648,8327,4004,4323,2082,1008,1074,
62465,8328,4078,4250,14574,7064,7510,16655,7990,8665,14573,6925,7648,8328,4005,4323,2082,1008,1074,
62470,8329,4079,4250,14576,7064,7512,16658,7992,8666,14575,6926,7649,8328,4005,4323,2082,1008,1074,
62475,8330,4079,4251,14576,7064,7512,16658,7992,8666,14576,6927,7649,8328,4005,4323,2082,1008,1074,
62480,8331,4079,4252,14578,7065,7513,16661,7993,8668,14577,6928,7649,8329,4005,4324,2082,1008,1074,
62485,8331,4079,4252,14579,7065,7514,16661,7993,8668,14578,6929,7649,8329,4005,4324,2083,1009,1074,
62490,8332,4079,4253,14579,7065,7514,16662,7993,8669,14579,6930,7649,8331,4007,4324,2083,1009,1074,
62495,8332,4079,4253,14581,7065,7516,16663,7994,8669,14580,6930,7650,8332,4008,4324,2083,1009,1074,
62500,8333,4080,4253,14583,7067,7516,16666,7996,8670,14582,6931,7651,8332,4008,4324,2083,1009,1074,
62505,8334,4081,4253,14583,7067,7516,16666,7996,8670,14583,6931,7652,8332,4008,4324,2083,1009,1074,
62510,8335,4082,4253,14585,7068,7517,16669,7998,8671,14584,6932,7652,8333,4008,4325,2083,1009,1074,
62515,8335,4082,4253,14586,7068,7518,16669,7998,8671,14585,6932,7653,8333,4008,4325,2084,1010,1074,
62520,8336,4082,4254,14586,7068,7518,16670,7999,8671,14586,6932,7654,8335,4009,4326,2084,1010,1074,
62525,8336,4082,4254,14588,7068,7520,16671,7999,8672,14587,6932,7655,8336,4009,4327,2084,1010,1074,
62530,8337,4082,4255,14590,7068,7522,16674,8000,8674,14589,6933,7656,8336,4009,4327,2084,1010,1074,
62535,8338,4083,4255,14590,7068,7522,16674,8000,8674,14590,6934,7656,8336,4009,4327,2084,1010,1074,
62540,8339,4084,4255,14592,7068,7524,16677,8001,8676,14591,6934,7657,8337,4009,4328,2084,1010,1074,
62545,8339,4084,4255,14593,7068,7525,16677,8001,8676,14592,6935,7657,8337,4009,4328,2085,1010,1075,
62550,8340,4084,4256,14593,7068,7525,16678,8002,8676,14593,6935,7658,8339,4011,4328,2085,1010,1075,
62555,8340,4084,4256,14595,7069,7526,16679,8003,8676,14594,6935,7659,8340,4012,4328,2085,1010,1075,
62560,8341,4085,4256,14597,7070,7527,16682,8003,8679,14596,6936,7660,8340,4012,4328,2085,1010,1075,
62565,8342,4086,4256,14597,7070,7527,16682,8003,8679,14597,6936,7661,8340,4012,4328,2085,1010,1075,
62570,8343,4086,4257,14599,7072,7527,16685,8006,8679,14598,6936,7662,8341,4013,4328,2085,1010,1075,
62575,8343,4086,4257,14600,7072,7528,16685,8006,8679,14599,6936,7663,8341,4013,4328,2086,1011,1075,
62580,8344,4086,4258,14600,7072,7528,16686,8006,8680,14600,6937,7663,8343,4015,4328,2086,1011,1075,
62585,8344,4086,4258,14602,7074,7528,16687,8006,8681,14601,6937,7664,8344,4016,4328,2086,1011,1075,
62590,8345,4086,4259,14604,7076,7528,16690,8007,8683,14603,6937,7666,8344,4016,4328,2086,1011,1075,
62595,8346,4087,4259,14604,7076,7528,16690,8007,8683,14604,6937,7667,8344,4016,4328,2086,1011,1075,
62600,8347,4088,4259,14606,7076,7530,16693,8009,8684,14605,6938,7667,8345,4016,4329,2086,1011,1075,
62605,8347,4088,4259,14607,7077,7530,16693,8009,8684,14606,6939,7667,8345,4016,4329,2087,1011,1076,
62610,8348,4089,4259,14607,7077,7530,16694,8010,8684,14607,6940,7667,8347,4018,4329,2087,1011,1076,
62615,8348,4089,4259,14609,7078,7531,16695,8011,8684,14608,6941,7667,8348,4019,4329,2087,1011,1076,
62620,8349,4089,4260,14611,7080,7531,16698,8011,8687,14610,6941,7669,8348,4019,4329,2087,1011,1076,
62625,8350,4090,4260,14611,7080,7531,16698,8011,8687,14611,6942,7669,8348,4019,4329,2087,1011,1076,
62630,8351,4090,4261,14613,7082,7531,16701,8014,8687,14612,6942,7670,8349,4020,4329,2087,1011,1076,
62635,8351,4090,4261,14614,7082,7532,16701,8014,8687,14613,6942,7671,8349,4020,4329,2088,1011,1077,
62640,8352,4091,4261,14614,7082,7532,16702,8014,8688,14614,6943,7671,8351,4021,4330,2088,1011,1077,
62645,8352,4091,4261,14616,7083,7533,16703,8015,8688,14615,6944,7671,8352,4022,4330,2088,1011,1077,
62650,8353,4091,4262,14618,7085,7533,16706,8018,8688,14617,6945,7672,8352,4022,4330,2088,1011,1077,
62655,8354,4091,4263,14618,7085,7533,16706,8018,8688,14618,6946,7672,8352,4022,4330,2088,1011,1077,
62660,8355,4092,4263,14620,7087,7533,16709,8020,8689,14619,6947,7672,8353,4022,4331,2088,1011,1077,
62665,8355,4092,4263,14621,7087,7534,16709,8020,8689,14620,6947,7673,8353,4022,4331,2089,1012,1077,
62670,8356,4093,4263,14621,7087,7534,16710,8021,8689,14621,6947,7674,8355,4023,4332,2089,1012,1077,
62675,8356,4093,4263,14623,7088,7535,16711,8021,8690,14622,6947,7675,8356,4023,4333,2089,1012,1077,
62680,8357,4094,4263,14625,7089,7536,16714,8023,8691,14624,6948,7676,8356,4023,4333,2089,1012,1077,
62685,8358,4094,4264,14625,7089,7536,16714,8023,8691,14625,6948,7677,8356,4023,4333,2089,1012,1077,
62690,8359,4094,4265,14627,7091,7536,16717,8025,8692,14626,6949,7677,8357,4023,4334,2089,1012,1077,
62695,8359,4094,4265,14628,7091,7537,16717,8025,8692,14627,6949,7678,8357,4023,4334,2090,1012,1078,
62700,8360,4094,4266,14628,7091,7537,16718,8025,8693,14628,6950,7678,8359,4025,4334,2090,1012,1078,
62705,8360,4094,4266,14630,7091,7539,16719,8025,8694,14629,6951,7678,8360,4025,4335,2090,1012,1078,
62710,8361,4094,4267,14632,7091,7541,16722,8026,8696,14631,6952,7679,8360,4025,4335,2090,1012,1078,
62715,8362,4094,4268,14632,7091,7541,16722,8026,8696,14632,6952,7680,8360,4025,4335,2090,1012,1078,
62720,8363,4095,4268,14634,7091,7543,16725,8027,8698,14633,6953,7680,8361,4026,4335,2090,1012,1078,
62725,8363,4095,4268,14635,7092,7543,16725,8027,8698,14634,6954,7680,8361,4026,4335,2091,1013,1078,
62730,8364,4096,4268,14635,7092,7543,16726,8027,8699,14635,6955,7680,8363,4026,4337,2091,1013,1078,
62735,8364,4096,4268,14637,7094,7543,16727,8027,8700,14636,6955,7681,8364,4027,4337,2091,1013,1078,
62740,8365,4097,4268,14639,7095,7544,16730,8030,8700,14638,6956,7682,8364,4027,4337,2091,1013,1078,
62745,8366,4098,4268,14639,7095,7544,16730,8030,8700,14639,6957,7682,8364,4027,4337,2091,1013,1078,
62750,8367,4099,4268,14641,7096,7545,16733,8030,8703,14640,6957,7683,8365,4027,4338,2091,1013,1078,
62755,8367,4099,4268,14642,7097,7545,16733,8030,8703,14641,6957,7684,8365,4027,4338,2092,1014,1078,
62760,8368,4099,4269,14642,7097,7545,16734,8031,8703,14642,6958,7684,8367,4028,4339,2092,1014,1078,
62765,8368,4099,4269,14644,7098,7546,16735,8032,8703,14643,6959,7684,8368,4028,4340,2092,1014,1078,
62770,8369,4100,4269,14646,7098,7548,16738,8033,8705,14645,6960,7685,8368,4028,4340,2092,1014,1078,
62775,8370,4101,4269,14646,7098,7548,16738,8033,8705,14646,6961,7685,8368,4028,4340,2092,1014,1078,
62780,8371,4102,4269,14648,7098,7550,16741,8034,8707,14647,6962,7685,8369,4029,4340,2092,1014,1078,
62785,8371,4102,4269,14649,7098,7551,16741,8034,8707,14648,6962,7686,8369,4029,4340,2093,1015,1078,
62790,8372,4103,4269,14649,7098,7551,16742,8034,8708,14649,6963,7686,8371,4030,4341,2093,1015,1078,
62795,8372,4103,4269,14651,7099,7552,16743,8034,8709,14650,6963,7687,8372,4030,4342,2093,1015,1078,
62800,8373,4104,4269,14653,7099,7554,16746,8036,8710,14652,6963,7689,8372,4030,4342,2093,1015,1078,
62805,8374,4104,4270,14653,7099,7554,16746,8036,8710,14653,6964,7689,8372,4030,4342,2093,1015,1078,
62810,8375,4105,4270,14655,7101,7554,16749,8039,8710,14654,6964,7690,8373,4030,4343,2093,1015,1078,
62815,8375,4105,4270,14656,7102,7554,16749,8039,8710,14655,6965,7690,8373,4030,4343,2094,1016,1078,
62820,8376,4106,4270,14656,7102,7554,16750,8040,8710,14656,6966,7690,8375,4031,4344,2094,1016,1078,
62825,8376,4106,4270,14658,7104,7554,16751,8041,8710,14657,6966,7691,8376,4031,4345,2094,1016,1078,
62830,8377,4106,4271,14660,7105,7555,16754,8044,8710,14659,6967,7692,8376,4031,4345,2094,1016,1078,
62835,8378,4107,4271,14660,7105,7555,16754,8044,8710,14660,6967,7693,8376,4031,4345,2094,1016,1078,
62840,8379,4107,4272,14662,7106,7556,16757,8046,8711,14661,6967,7694,8377,4032,4345,2094,1016,1078,
62845,8379,4107,4272,14663,7106,7557,16757,8046,8711,14662,6967,7695,8377,4032,4345,2095,1016,1079,
62850,8380,4107,4273,14663,7106,7557,16758,8047,8711,14663,6968,7695,8379,4034,4345,2095,1016,1079,
62855,8380,4107,4273,14665,7106,7559,16759,8048,8711,14664,6968,7696,8380,4034,4346,2095,1016,1079,
62860,8381,4107,4274,14667,7106,7561,16762,8050,8712,14666,6969,7697,8380,4034,4346,2095,1016,1079,
62865,8382,4108,4274,14667,7106,7561,16762,8050,8712,14667,6969,7698,8380,4034,4346,2095,1016,1079,
62870,8383,4108,4275,14669,7107,7562,16765,8051,8714,14668,6969,7699,8381,4035,4346,2095,1016,1079,
62875,8383,4108,4275,14670,7107,7563,16765,8051,8714,14669,6970,7699,8381,4035,4346,2096,1016,1080,
62880,8384,4109,4275,14670,7107,7563,16766,8051,8715,14670,6971,7699,8383,4036,4347,2096,1016,1080,
62885,8384,4109,4275,14672,7107,7565,16767,8051,8716,14671,6971,7700,8384,4037,4347,2096,1016,1080,
62890,8385,4109,4276,14674,7109,7565,16770,8053,8717,14673,6972,7701,8384,4037,4347,2096,1016,1080,
62895,8386,4109,4277,14674,7109,7565,16770,8053,8717,14674,6973,7701,8384,4037,4347,2096,1016,1080,
62900,8387,4110,4277,14676,7110,7566,16773,8053,8720,14675,6974,7701,8385,4037,4348,2096,1016,1080,
62905,8387,4110,4277,14677,7110,7567,16773,8053,8720,14676,6974,7702,8385,4037,4348,2097,1017,1080,
62910,8388,4111,4277,14677,7110,7567,16774,8053,8721,14677,6975,7702,8387,4038,4349,2097,1017,1080,
62915,8388,4111,4277,14679,7112,7567,16775,8054,8721,14678,6975,7703,8388,4038,4350,2097,1017,1080,
62920,8389,4112,4277,14681,7113,7568,16778,8056,8722,14680,6976,7704,8388,4038,4350,2097,1017,1080,
62925,8390,4113,4277,14681,7113,7568,16778,8056,8722,14681,6976,7705,8388,4038,4350,2097,1017,1080,
62930,8391,4113,4278,14683,7114,7569,16781,8057,8724,14682,6976,7706,8389,4039,4350,2097,1017,1080,
62935,8391,4113,4278,14684,7114,7570,16781,8057,8724,14683,6977,7706,8389,4039,4350,2098,1017,1081,
62940,8392,4113,4279,14684,7114,7570,16782,8057,8725,14684,6977,7707,8391,4041,4350,2098,1017,1081,
62945,8392,4113,4279,14686,7116,7570,16783,8057,8726,14685,6977,7708,8392,4041,4351,2098,1017,1081,
62950,8393,4114,4279,14688,7117,7571,16786,8058,8728,14687,6979,7708,8392,4041,4351,2098,1017,1081,
62955,8394,4114,4280,14688,7117,7571,16786,8058,8728,14688,6979,7709,8392,4041,4351,2098,1017,1081,
62960,8395,4114,4281,14690,7118,7572,16789,8060,8729,14689,6979,7710,8393,4042,4351,2098,1017,1081,
62965,8395,4114,4281,14691,7119,7572,16789,8060,8729,14690,6979,7711,8393,4042,4351,2099,1017,1082,
62970,8396,4115,4281,14691,7119,7572,16790,8060,8730,14691,6980,7711,8395,4042,4353,2099,1017,1082,
62975,8396,4115,4281,14693,7119,7574,16791,8061,8730,14692,6980,7712,8396,4042,4354,2099,1017,1082,
62980,8397,4116,4281,14695,7120,7575,16794,8062,8732,14694,6981,7713,8396,4042,4354,2099,1017,1082,
62985,8398,4116,4282,14695,7120,7575,16794,8062,8732,14695,6981,7714,8396,4042,4354,2099,1017,1082,
62990,8399,4116,4283,14697,7120,7577,16797,8063,8734,14696,6981,7715,8397,4042,4355,2099,1017,1082,
62995,8399,4116,4283,14698,7120,7578,16797,8063,8734,14697,6982,7715,8397,4042,4355,2100,1017,1083,
63000,8400,4117,4283,14698,7120,7578,16798,8063,8735,14698,6982,7716,8399,4043,4356,2100,1017,1083,
63005,8400,4117,4283,14700,7121,7579,16799,8063,8736,14699,6983,7716,8400,4043,4357,2100,1017,1083,
63010,8401,4118,4283,14702,7123,7579,16802,8064,8738,14701,6984,7717,8400,4043,4357,2100,1017,1083,
63015,8402,4118,4284,14702,7123,7579,16802,8064,8738,14702,6984,7718,8400,4043,4357,2100,1017,1083,
63020,8403,4119,4284,14704,7123,7581,16805,8064,8741,14703,6984,7719,8401,4043,4358,2100,1017,1083,
63025,8403,4119,4284,14705,7124,7581,16805,8064,8741,14704,6985,7719,8401,4043,4358,2101,1018,1083,
63030,8404,4120,4284,14705,7124,7581,16806,8065,8741,14705,6986,7719,8403,4044,4359,2101,1018,1083,
63035,8404,4120,4284,14707,7125,7582,16807,8066,8741,14706,6986,7720,8404,4044,4360,2101,1018,1083,
63040,8405,4121,4284,14709,7125,7584,16810,8067,8743,14708,6987,7721,8404,4044,4360,2101,1018,1083,
63045,8406,4122,4284,14709,7125,7584,16810,8067,8743,14709,6988,7721,8404,4044,4360,2101,1018,1083,
63050,8407,4122,4285,14711,7125,7586,16813,8070,8743,14710,6988,7722,8405,4045,4360,2101,1018,1083,
63055,8407,4122,4285,14712,7125,7587,16813,8070,8743,14711,6988,7723,8405,4045,4360,2102,1018,1084,
63060,8408,4122,4286,14712,7125,7587,16814,8071,8743,14712,6988,7724,8407,4047,4360,2102,1018,1084,
63065,8408,4122,4286,14714,7127,7587,16815,8071,8744,14713,6989,7724,8408,4047,4361,2102,1018,1084,
63070,8409,4123,4286,14716,7128,7588,16818,8072,8746,14715,6990,7725,8408,4047,4361,2102,1018,1084,
63075,8410,4123,4287,14716,7128,7588,16818,8072,8746,14716,6990,7726,8408,4047,4361,2102,1018,1084,
63080,8411,4124,4287,14718,7129,7589,16821,8073,8748,14717,6990,7727,8409,4048,4361,2102,1018,1084,
63085,8411,4124,4287,14719,7129,7590,16821,8073,8748,14718,6991,7727,8409,4048,4361,2103,1018,1085,
63090,8412,4125,4287,14719,7129,7590,16822,8074,8748,14719,6991,7728,8411,4048,4363,2103,1018,1085,
63095,8412,4125,4287,14721,7130,7591,16823,8074,8749,14720,6991,7729,8412,4049,4363,2103,1018,1085,
63100,8413,4126,4287,14723,7131,7592,16826,8075,8751,14722,6992,7730,8412,4049,4363,2103,1018,1085,
63105,8414,4127,4287,14723,7131,7592,16826,8075,8751,14723,6993,7730,8412,4049,4363,2103,1018,1085,
63110,8415,4127,4288,14725,7132,7593,16829,8076,8753,14724,6993,7731,8413,4050,4363,2103,1018,1085,
63115,8415,4127,4288,14726,7133,7593,16829,8076,8753,14725,6993,7732,8413,4050,4363,2104,1019,1085,
63120,8416,4128,4288,14726,7133,7593,16830,8077,8753,14726,6993,7733,8415,4052,4363,2104,1019,1085,
63125,8416,4128,4288,14728,7133,7595,16831,8077,8754,14727,6994,7733,8416,4052,4364,2104,1019,1085,
63130,8417,4128,4289,14730,7135,7595,16834,8078,8756,14729,6996,7733,8416,4052,4364,2104,1019,1085,
63135,8418,4129,4289,14730,7135,7595,16834,8078,8756,14730,6997,7733,8416,4052,4364,2104,1019,1085,
63140,8419,4129,4290,14732,7135,7597,16837,8080,8757,14731,6997,7734,8417,4052,4365,2104,1019,1085,
63145,8419,4129,4290,14733,7136,7597,16837,8080,8757,14732,6997,7735,8417,4052,4365,2105,1020,1085,
63150,8420,4130,4290,14733,7136,7597,16838,8081,8757,14733,6998,7735,8419,4054,4365,2105,1020,1085,
63155,8420,4130,4290,14735,7136,7599,16839,8082,8757,14734,6999,7735,8420,4055,4365,2105,1020,1085,
63160,8421,4130,4291,14737,7136,7601,16842,8082,8760,14736,6999,7737,8420,4055,4365,2105,1020,1085,
63165,8422,4131,4291,14737,7136,7601,16842,8082,8760,14737,6999,7738,8420,4055,4365,2105,1020,1085,
63170,8423,4131,4292,14739,7137,7602,16845,8084,8761,14738,6999,7739,8421,4055,4366,2105,1020,1085,
63175,8423,4131,4292,14740,7137,7603,16845,8084,8761,14739,6999,7740,8421,4055,4366,2106,1020,1086,
63180,8424,4132,4292,14740,7137,7603,16846,8085,8761,14740,6999,7741,8423,4056,4367,2106,1020,1086,
63185,8424,4132,4292,14742,7139,7603,16847,8086,8761,14741,6999,7742,8424,4057,4367,2106,1020,1086,
63190,8425,4133,4292,14744,7140,7604,16850,8089,8761,14743,7001,7742,8424,4057,4367,2106,1020,1086,
63195,8426,4134,4292,14744,7140,7604,16850,8089,8761,14744,7002,7742,8424,4057,4367,2106,1020,1086,
63200,8427,4134,4293,14746,7141,7605,16853,8090,8763,14745,7003,7742,8425,4057,4368,2106,1020,1086,
63205,8427,4134,4293,14747,7142,7605,16853,8090,8763,14746,7003,7743,8425,4057,4368,2107,1021,1086,
63210,8428,4135,4293,14747,7142,7605,16854,8091,8763,14747,7003,7744,8427,4059,4368,2107,1021,1086,
63215,8428,4135,4293,14749,7142,7607,16855,8091,8764,14748,7004,7744,8428,4059,4369,2107,1021,1086,
63220,8429,4136,4293,14751,7143,7608,16858,8093,8765,14750,7005,7745,8428,4059,4369,2107,1021,1086,
63225,8430,4137,4293,14751,7143,7608,16858,8093,8765,14751,7006,7745,8428,4059,4369,2107,1021,1086,
63230,8431,4138,4293,14753,7144,7609,16861,8094,8767,14752,7006,7746,8429,4059,4370,2107,1021,1086,
63235,8431,4138,4293,14754,7144,7610,16861,8094,8767,14753,7006,7747,8429,4059,4370,2108,1021,1087,
63240,8432,4139,4293,14754,7144,7610,16862,8094,8768,14754,7006,7748,8431,4060,4371,2108,1021,1087,
63245,8432,4139,4293,14756,7145,7611,16863,8095,8768,14755,7006,7749,8432,4060,4372,2108,1021,1087,
63250,8433,4139,4294,14758,7147,7611,16866,8095,8771,14757,7007,7750,8432,4060,4372,2108,1021,1087,
63255,8434,4139,4295,14758,7147,7611,16866,8095,8771,14758,7007,7751,8432,4060,4372,2108,1021,1087,
63260,8435,4139,4296,14760,7148,7612,16869,8096,8773,14759,7007,7752,8433,4061,4372,2108,1021,1087,
63265,8435,4139,4296,14761,7149,7612,16869,8096,8773,14760,7007,7753,8433,4061,4372,2109,1021,1088,
63270,8436,4140,4296,14761,7149,7612,16870,8096,8774,14761,7008,7753,8435,4063,4372,2109,1021,1088,
63275,8436,4140,4296,14763,7149,7614,16871,8097,8774,14762,7008,7754,8436,4063,4373,2109,1021,1088,
63280,8437,4141,4296,14765,7150,7615,16874,8100,8774,14764,7009,7755,8436,4063,4373,2109,1021,1088,
63285,8438,4141,4297,14765,7150,7615,16874,8100,8774,14765,7010,7755,8436,4063,4373,2109,1021,1088,
63290,8439,4142,4297,14767,7152,7615,16877,8101,8776,14766,7011,7755,8437,4063,4374,2109,1021,1088,
63295,8439,4142,4297,14768,7152,7616,16877,8101,8776,14767,7011,7756,8437,4063,4374,2110,1021,1089,
63300,8440,4143,4297,14768,7152,7616,16878,8102,8776,14768,7012,7756,8439,4065,4374,2110,1021,1089,
63305,8440,4143,4297,14770,7152,7618,16879,8103,8776,14769,7013,7756,8440,4065,4375,2110,1021,1089,
63310,8441,4144,4297,14772,7153,7619,16882,8106,8776,14771,7014,7757,8440,4065,4375,2110,1021,1089,
63315,8442,4144,4298,14772,7153,7619,16882,8106,8776,14772,7014,7758,8440,4065,4375,2110,1021,1089,
63320,8443,4145,4298,14774,7154,7620,16885,8108,8777,14773,7015,7758,8441,4066,4375,2110,1021,1089,
63325,8443,4145,4298,14775,7154,7621,16885,8108,8777,14774,7016,7758,8441,4066,4375,2111,1021,1090,
63330,8444,4146,4298,14775,7154,7621,16886,8109,8777,14775,7016,7759,8443,4068,4375,2111,1021,1090,
63335,8444,4146,4298,14777,7156,7621,16887,8109,8778,14776,7016,7760,8444,4069,4375,2111,1021,1090,
63340,8445,4147,4298,14779,7157,7622,16890,8111,8779,14778,7017,7761,8444,4069,4375,2111,1021,1090,
63345,8446,4148,4298,14779,7157,7622,16890,8111,8779,14779,7017,7762,8444,4069,4375,2111,1021,1090,
63350,8447,4148,4299,14781,7158,7623,16893,8112,8781,14780,7017,7763,8445,4070,4375,2111,1021,1090,
63355,8447,4148,4299,14782,7158,7624,16893,8112,8781,14781,7017,7764,8445,4070,4375,2112,1021,1091,
63360,8448,4149,4299,14782,7158,7624,16894,8112,8782,14782,7017,7765,8447,4071,4376,2112,1021,1091,
63365,8448,4149,4299,14784,7160,7624,16895,8113,8782,14783,7018,7765,8448,4072,4376,2112,1021,1091,
63370,8449,4149,4300,14786,7162,7624,16898,8114,8784,14785,7019,7766,8448,4072,4376,2112,1021,1091,
63375,8450,4149,4301,14786,7162,7624,16898,8114,8784,14786,7019,7767,8448,4072,4376,2112,1021,1091,
63380,8451,4149,4302,14788,7163,7625,16901,8115,8786,14787,7020,7767,8449,4072,4377,2112,1021,1091,
63385,8451,4149,4302,14789,7164,7625,16901,8115,8786,14788,7020,7768,8449,4072,4377,2113,1021,1092,
63390,8452,4149,4303,14789,7164,7625,16902,8116,8786,14789,7020,7769,8451,4073,4378,2113,1021,1092,
63395,8452,4149,4303,14791,7165,7626,16903,8116,8787,14790,7020,7770,8452,4073,4379,2113,1021,1092,
63400,8453,4150,4303,14793,7165,7628,16906,8118,8788,14792,7021,7771,8452,4073,4379,2113,1021,1092,
63405,8454,4150,4304,14793,7165,7628,16906,8118,8788,14793,7021,7772,8452,4073,4379,2113,1021,1092,
63410,8455,4150,4305,14795,7166,7629,16909,8120,8789,14794,7021,7773,8453,4074,4379,2113,1021,1092,
63415,8455,4150,4305,14796,7167,7629,16909,8120,8789,14795,7021,7774,8453,4074,4379,2114,1022,1092,
63420,8456,4150,4306,14796,7167,7629,16910,8121,8789,14796,7021,7775,8455,4076,4379,2114,1022,1092,
63425,8456,4150,4306,14798,7168,7630,16911,8121,8790,14797,7022,7775,8456,4076,4380,2114,1022,1092,
63430,8457,4151,4306,14800,7168,7632,16914,8122,8792,14799,7023,7776,8456,4076,4380,2114,1022,1092,
63435,8458,4151,4307,14800,7168,7632,16914,8122,8792,14800,7023,7777,8456,4076,4380,2114,1022,1092,
63440,8459,4152,4307,14802,7170,7632,16917,8123,8794,14801,7023,7778,8457,4077,4380,2114,1022,1092,
63445,8459,4152,4307,14803,7171,7632,16917,8123,8794,14802,7024,7778,8457,4077,4380,2115,1023,1092,
63450,8460,4153,4307,14803,7171,7632,16918,8124,8794,14803,7024,7779,8459,4077,4382,2115,1023,1092,
63455,8460,4153,4307,14805,7172,7633,16919,8125,8794,14804,7024,7780,8460,4077,4383,2115,1023,1092,
63460,8461,4154,4307,14807,7174,7633,16922,8127,8795,14806,7025,7781,8460,4077,4383,2115,1023,1092,
63465,8462,4155,4307,14807,7174,7633,16922,8127,8795,14807,7025,7782,8460,4077,4383,2115,1023,1092,
63470,8463,4155,4308,14809,7175,7634,16925,8127,8798,14808,7025,7783,8461,4078,4383,2115,1023,1092,
63475,8463,4155,4308,14810,7176,7634,16925,8127,8798,14809,7025,7784,8461,4078,4383,2116,1023,1093,
63480,8464,4156,4308,14810,7176,7634,16926,8127,8799,14810,7026,7784,8463,4080,4383,2116,1023,1093,
63485,8464,4156,4308,14812,7176,7636,16927,8128,8799,14811,7026,7785,8464,4081,4383,2116,1023,1093,
63490,8465,4157,4308,14814,7177,7637,16930,8130,8800,14813,7028,7785,8464,4081,4383,2116,1023,1093,
63495,8466,4157,4309,14814,7177,7637,16930,8130,8800,14814,7029,7785,8464,4081,4383,2116,1023,1093,
63500,8467,4157,4310,14816,7179,7637,16933,8133,8800,14815,7030,7785,8465,4081,4384,2116,1023,1093,
63505,8467,4157,4310,14817,7179,7638,16933,8133,8800,14816,7030,7786,8465,4081,4384,2117,1024,1093,
63510,8468,4157,4311,14817,7179,7638,16934,8133,8801,14817,7030,7787,8467,4081,4386,2117,1024,1093,
63515,8468,4157,4311,14819,7180,7639,16935,8133,8802,14818,7031,7787,8468,4082,4386,2117,1024,1093,
63520,8469,4158,4311,14821,7180,7641,16938,8134,8804,14820,7033,7787,8468,4082,4386,2117,1024,1093,
63525,8470,4159,4311,14821,7180,7641,16938,8134,8804,14821,7034,7787,8468,4082,4386,2117,1024,1093,
63530,8471,4160,4311,14823,7182,7641,16941,8135,8806,14822,7035,7787,8469,4082,4387,2117,1024,1093,
63535,8471,4160,4311,14824,7183,7641,16941,8135,8806,14823,7035,7788,8469,4082,4387,2118,1024,1094,
63540,8472,4161,4311,14824,7183,7641,16942,8135,8807,14824,7036,7788,8471,4083,4388,2118,1024,1094,
63545,8472,4161,4311,14826,7184,7642,16943,8136,8807,14825,7036,7789,8472,4084,4388,2118,1024,1094,
63550,8473,4161,4312,14828,7185,7643,16946,8137,8809,14827,7037,7790,8472,4084,4388,2118,1024,1094,
63555,8474,4162,4312,14828,7185,7643,16946,8137,8809,14828,7037,7791,8472,4084,4388,2118,1024,1094,
63560,8475,4162,4313,14830,7187,7643,16949,8138,8811,14829,7038,7791,8473,4084,4389,2118,1024,1094,
63565,8475,4162,4313,14831,7187,7644,16949,8138,8811,14830,7038,7792,8473,4084,4389,2119,1025,1094,
63570,8476,4163,4313,14831,7187,7644,16950,8138,8812,14831,7039,7792,8475,4085,4390,2119,1025,1094,
63575,8476,4163,4313,14833,7188,7645,16951,8139,8812,14832,7040,7792,8476,4086,4390,2119,1025,1094,
63580,8477,4163,4314,14835,7189,7646,16954,8141,8813,14834,7042,7792,8476,4086,4390,2119,1025,1094,
63585,8478,4163,4315,14835,7189,7646,16954,8141,8813,14835,7043,7792,8476,4086,4390,2119,1025,1094,
63590,8479,4164,4315,14837,7189,7648,16957,8143,8814,14836,7043,7793,8477,4086,4391,2119,1025,1094,
63595,8479,4164,4315,14838,7190,7648,16957,8143,8814,14837,7044,7793,8477,4086,4391,2120,1025,1095,
63600,8480,4164,4316,14838,7190,7648,16958,8144,8814,14838,7045,7793,8479,4088,4391,2120,1025,1095,
63605,8480,4164,4316,14840,7192,7648,16959,8145,8814,14839,7045,7794,8480,4088,4392,2120,1025,1095,
63610,8481,4164,4317,14842,7193,7649,16962,8145,8817,14841,7046,7795,8480,4088,4392,2120,1025,1095,
63615,8482,4164,4318,14842,7193,7649,16962,8145,8817,14842,7047,7795,8480,4088,4392,2120,1025,1095,
63620,8483,4164,4319,14844,7193,7651,16965,8146,8819,14843,7047,7796,8481,4088,4393,2120,1025,1095,
63625,8483,4164,4319,14845,7194,7651,16965,8146,8819,14844,7048,7796,8481,4088,4393,2121,1025,1096,
63630,8484,4164,4320,14845,7194,7651,16966,8146,8820,14845,7048,7797,8483,4088,4395,2121,1025,1096,
63635,8484,4164,4320,14847,7196,7651,16967,8146,8821,14846,7048,7798,8484,4088,4396,2121,1025,1096,
63640,8485,4164,4321,14849,7198,7651,16970,8148,8822,14848,7049,7799,8484,4088,4396,2121,1025,1096,
63645,8486,4165,4321,14849,7198,7651,16970,8148,8822,14849,7050,7799,8484,4088,4396,2121,1025,1096,
63650,8487,4165,4322,14851,7199,7652,16973,8149,8824,14850,7050,7800,8485,4088,4397,2121,1025,1096,
63655,8487,4165,4322,14852,7199,7653,16973,8149,8824,14851,7051,7800,8485,4088,4397,2122,1026,1096,
63660,8488,4165,4323,14852,7199,7653,16974,8149,8825,14852,7051,7801,8487,4089,4398,2122,1026,1096,
63665,8488,4165,4323,14854,7200,7654,16975,8150,8825,14853,7052,7801,8488,4090,4398,2122,1026,1096,
63670,8489,4165,4324,14856,7201,7655,16978,8151,8827,14855,7054,7801,8488,4090,4398,2122,1026,1096,
63675,8490,4165,4325,14856,7201,7655,16978,8151,8827,14856,7055,7801,8488,4090,4398,2122,1026,1096,
63680,8491,4165,4326,14858,7202,7656,16981,8153,8828,14857,7055,7802,8489,4091,4398,2122,1026,1096,
63685,8491,4165,4326,14859,7202,7657,16981,8153,8828,14858,7056,7802,8489,4091,4398,2123,1027,1096,
63690,8492,4166,4326,14859,7202,7657,16982,8153,8829,14859,7056,7803,8491,4092,4399,2123,1027,1096,
63695,8492,4166,4326,14861,7204,7657,16983,8154,8829,14860,7057,7803,8492,4093,4399,2123,1027,1096,
63700,8493,4167,4326,14863,7204,7659,16986,8156,8830,14862,7058,7804,8492,4093,4399,2123,1027,1096,
63705,8494,4168,4326,14863,7204,7659,16986,8156,8830,14863,7058,7805,8492,4093,4399,2123,1027,1096,
63710,8495,4168,4327,14865,7205,7660,16989,8157,8832,14864,7058,7806,8493,4093,4400,2123,1027,1096,
63715,8495,4168,4327,14866,7206,7660,16989,8157,8832,14865,7058,7807,8493,4093,4400,2124,1028,1096,
63720,8496,4169,4327,14866,7206,7660,16990,8157,8833,14866,7059,7807,8495,4093,4402,2124,1028,1096,
63725,8496,4169,4327,14868,7206,7662,16991,8158,8833,14867,7060,7807,8496,4094,4402,2124,1028,1096,
63730,8497,4170,4327,14870,7206,7664,16994,8158,8836,14869,7061,7808,8496,4094,4402,2124,1028,1096,
63735,8498,4171,4327,14870,7206,7664,16994,8158,8836,14870,7061,7809,8496,4094,4402,2124,1028,1096,
63740,8499,4171,4328,14872,7207,7665,16997,8160,8837,14871,7062,7809,8497,4095,4402,2124,1028,1096,
63745,8499,4171,4328,14873,7208,7665,16997,8160,8837,14872,7063,7809,8497,4095,4402,2125,1029,1096,
63750,8500,4172,4328,14873,7208,7665,16998,8160,8838,14873,7064,7809,8499,4097,4402,2125,1029,1096,
63755,8500,4172,4328,14875,7210,7665,16999,8160,8839,14874,7064,7810,8500,4098,4402,2125,1029,1096,
63760,8501,4172,4329,14877,7211,7666,17002,8162,8840,14876,7066,7810,8500,4098,4402,2125,1029,1096,
63765,8502,4173,4329,14877,7211,7666,17002,8162,8840,14877,7067,7810,8500,4098,4402,2125,1029,1096,
63770,8503,4173,4330,14879,7212,7667,17005,8163,8842,14878,7068,7810,8501,4099,4402,2125,1029,1096,
63775,8503,4173,4330,14880,7213,7667,17005,8163,8842,14879,7068,7811,8501,4099,4402,2126,1030,1096,
63780,8504,4173,4331,14880,7213,7667,17006,8164,8842,14880,7069,7811,8503,4100,4403,2126,1030,1096,
63785,8504,4173,4331,14882,7214,7668,17007,8164,8843,14881,7069,7812,8504,4101,4403,2126,1030,1096,
63790,8505,4174,4331,14884,7214,7670,17010,8164,8846,14883,7069,7814,8504,4101,4403,2126,1030,1096,
63795,8506,4175,4331,14884,7214,7670,17010,8164,8846,14884,7069,7815,8504,4101,4403,2126,1030,1096,
63800,8507,4175,4332,14886,7215,7671,17013,8166,8847,14885,7069,7816,8505,4101,4404,2126,1030,1096,
63805,8507,4175,4332,14887,7215,7672,17013,8166,8847,14886,7069,7817,8505,4101,4404,2127,1030,1097,
63810,8508,4175,4333,14887,7215,7672,17014,8166,8848,14887,7069,7818,8507,4102,4405,2127,1030,1097,
63815,8508,4175,4333,14889,7215,7674,17015,8166,8849,14888,7069,7819,8508,4102,4406,2127,1030,1097,
63820,8509,4175,4334,14891,7215,7676,17018,8166,8852,14890,7070,7820,8508,4102,4406,2127,1030,1097,
63825,8510,4176,4334,14891,7215,7676,17018,8166,8852,14891,7071,7820,8508,4102,4406,2127,1030,1097,
63830,8511,4177,4334,14893,7217,7676,17021,8168,8853,14892,7072,7820,8509,4103,4406,2127,1030,1097,
63835,8511,4177,4334,14894,7218,7676,17021,8168,8853,14893,7073,7820,8509,4103,4406,2128,1031,1097,
63840,8512,4177,4335,14894,7218,7676,17022,8169,8853,14894,7073,7821,8511,4103,4408,2128,1031,1097,
63845,8512,4177,4335,14896,7219,7677,17023,8169,8854,14895,7074,7821,8512,4103,4409,2128,1031,1097,
63850,8513,4177,4336,14898,7221,7677,17026,8172,8854,14897,7076,7821,8512,4103,4409,2128,1031,1097,
63855,8514,4178,4336,14898,7221,7677,17026,8172,8854,14898,7076,7822,8512,4103,4409,2128,1031,1097,
63860,8515,4178,4337,14900,7222,7678,17029,8174,8855,14899,7076,7823,8513,4104,4409,2128,1031,1097,
63865,8515,4178,4337,14901,7222,7679,17029,8174,8855,14900,7076,7824,8513,4104,4409,2129,1032,1097,
63870,8516,4179,4337,14901,7222,7679,17030,8175,8855,14901,7076,7825,8515,4106,4409,2129,1032,1097,
63875,8516,4179,4337,14903,7223,7680,17031,8175,8856,14902,7076,7826,8516,4107,4409,2129,1032,1097,
63880,8517,4179,4338,14905,7223,7682,17034,8176,8858,14904,7076,7828,8516,4107,4409,2129,1032,1097,
63885,8518,4179,4339,14905,7223,7682,17034,8176,8858,14905,7077,7828,8516,4107,4409,2129,1032,1097,
63890,8519,4180,4339,14907,7224,7683,17037,8177,8860,14906,7078,7828,8517,4108,4409,2129,1032,1097,
63895,8519,4180,4339,14908,7224,7684,17037,8177,8860,14907,7078,7829,8517,4108,4409,2130,1033,1097,
63900,8520,4181,4339,14908,7224,7684,17038,8177,8861,14908,7079,7829,8519,4108,4411,2130,1033,1097,
63905,8520,4181,4339,14910,7225,7685,17039,8178,8861,14909,7079,7830,8520,4108,4412,2130,1033,1097,
63910,8521,4182,4339,14912,7227,7685,17042,8179,8863,14911,7080,7831,8520,4108,4412,2130,1033,1097,
63915,8522,4183,4339,14912,7227,7685,17042,8179,8863,14912,7080,7832,8520,4108,4412,2130,1033,1097,
63920,8523,4184,4339,14914,7227,7687,17045,8180,8865,14913,7080,7833,8521,4109,4412,2130,1033,1097,
63925,8523,4184,4339,14915,7227,7688,17045,8180,8865,14914,7081,7833,8521,4109,4412,2131,1034,1097,
63930,8524,4185,4339,14915,7227,7688,17046,8181,8865,14915,7082,7833,8523,4111,4412,2131,1034,1097,
63935,8524,4185,4339,14917,7228,7689,17047,8181,8866,14916,7082,7834,8524,4111,4413,2131,1034,1097,
63940,8525,4185,4340,14919,7229,7690,17050,8181,8869,14918,7084,7834,8524,4111,4413,2131,1034,1097,
63945,8526,4186,4340,14919,7229,7690,17050,8181,8869,14919,7084,7835,8524,4111,4413,2131,1034,1097,
63950,8527,4186,4341,14921,7230,7691,17053,8181,8872,14920,7085,7835,8525,4111,4414,2131,1034,1097,
63955,8527,4186,4341,14922,7231,7691,17053,8181,8872,14921,7085,7836,8525,4111,4414,2132,1034,1098,
63960,8528,4187,4341,14922,7231,7691,17054,8182,8872,14922,7086,7836,8527,4112,4415,2132,1034,1098,
63965,8528,4187,4341,14924,7232,7692,17055,8182,8873,14923,7086,7837,8528,4112,4416,2132,1034,1098,
63970,8529,4187,4342,14926,7234,7692,17058,8184,8874,14925,7087,7838,8528,4112,4416,2132,1034,1098,
63975,8530,4187,4343,14926,7234,7692,17058,8184,8874,14926,7088,7838,8528,4112,4416,2132,1034,1098,
63980,8531,4188,4343,14928,7235,7693,17061,8185,8876,14927,7089,7838,8529,4113,4416,2132,1034,1098,
63985,8531,4188,4343,14929,7236,7693,17061,8185,8876,14928,7089,7839,8529,4113,4416,2133,1035,1098,
63990,8532,4189,4343,14929,7236,7693,17062,8185,8877,14929,7089,7840,8531,4115,4416,2133,1035,1098,
63995,8532,4189,4343,14931,7236,7695,17063,8185,8878,14930,7089,7841,8532,4116,4416,2133,1035,1098,
64000,8533,4189,4344,14933,7237,7696,17066,8187,8879,14932,7089,7843,8532,4116,4416,2133,1035,1098,
64005,8534,4189,4345,14933,7237,7696,17066,8187,8879,14933,7090,7843,8532,4116,4416,2133,1035,1098,
64010,8535,4190,4345,14935,7238,7697,17069,8190,8879,14934,7090,7844,8533,4116,4417,2133,1035,1098,
64015,8535,4190,4345,14936,7238,7698,17069,8190,8879,14935,7090,7845,8533,4116,4417,2134,1036,1098,
64020,8536,4190,4346,14936,7238,7698,17070,8191,8879,14936,7090,7846,8535,4117,4418,2134,1036,1098,
64025,8536,4190,4346,14938,7240,7698,17071,8191,8880,14937,7091,7846,8536,4118,4418,2134,1036,1098,
64030,8537,4190,4347,14940,7242,7698,17074,8193,8881,14939,7091,7848,8536,4118,4418,2134,1036,1098,
64035,8538,4190,4348,14940,7242,7698,17074,8193,8881,14940,7091,7849,8536,4118,4418,2134,1036,1098,
64040,8539,4190,4349,14942,7242,7700,17077,8194,8883,14941,7091,7850,8537,4118,4419,2134,1036,1098,
64045,8539,4190,4349,14943,7242,7701,17077,8194,8883,14942,7092,7850,8537,4118,4419,2135,1037,1098,
64050,8540,4190,4350,14943,7242,7701,17078,8194,8884,14943,7093,7850,8539,4118,4421,2135,1037,1098,
64055,8540,4190,4350,14945,7242,7703,17079,8195,8884,14944,7093,7851,8540,4118,4422,2135,1037,1098,
64060,8541,4191,4350,14947,7243,7704,17082,8196,8886,14946,7094,7852,8540,4118,4422,2135,1037,1098,
64065,8542,4191,4351,14947,7243,7704,17082,8196,8886,14947,7094,7853,8540,4118,4422,2135,1037,1098,
64070,8543,4191,4352,14949,7245,7704,17085,8196,8889,14948,7094,7854,8541,4119,4422,2135,1037,1098,
64075,8543,4191,4352,14950,7246,7704,17085,8196,8889,14949,7094,7855,8541,4119,4422,2136,1037,1099,
64080,8544,4192,4352,14950,7246,7704,17086,8197,8889,14950,7095,7855,8543,4119,4424,2136,1037,1099,
64085,8544,4192,4352,14952,7247,7705,17087,8197,8890,14951,7095,7856,8544,4119,4425,2136,1037,1099,
64090,8545,4192,4353,14954,7248,7706,17090,8198,8892,14953,7096,7857,8544,4119,4425,2136,1037,1099,
64095,8546,4193,4353,14954,7248,7706,17090,8198,8892,14954,7096,7858,8544,4119,4425,2136,1037,1099,
64100,8547,4194,4353,14956,7249,7707,17093,8199,8894,14955,7096,7859,8545,4120,4425,2136,1037,1099,
64105,8547,4194,4353,14957,7250,7707,17093,8199,8894,14956,7096,7860,8545,4120,4425,2137,1038,1099,
64110,8548,4195,4353,14957,7250,7707,17094,8200,8894,14957,7097,7860,8547,4120,4427,2137,1038,1099,
64115,8548,4195,4353,14959,7252,7707,17095,8201,8894,14958,7097,7861,8548,4120,4428,2137,1038,1099,
64120,8549,4195,4354,14961,7254,7707,17098,8202,8896,14960,7097,7863,8548,4120,4428,2137,1038,1099,
64125,8550,4196,4354,14961,7254,7707,17098,8202,8896,14961,7097,7864,8548,4120,4428,2137,1038,1099,
64130,8551,4197,4354,14963,7255,7708,17101,8204,8897,14962,7097,7865,8549,4121,4428,2137,1038,1099,
64135,8551,4197,4354,14964,7256,7708,17101,8204,8897,14963,7097,7866,8549,4121,4428,2138,1038,1100,
64140,8552,4198,4354,14964,7256,7708,17102,8205,8897,14964,7097,7867,8551,4122,4429,2138,1038,1100,
64145,8552,4198,4354,14966,7258,7708,17103,8205,8898,14965,7097,7868,8552,4123,4429,2138,1038,1100,
64150,8553,4199,4354,14968,7258,7710,17106,8208,8898,14967,7098,7869,8552,4123,4429,2138,1038,1100,
64155,8554,4200,4354,14968,7258,7710,17106,8208,8898,14968,7099,7869,8552,4123,4429,2138,1038,1100,
64160,8555,4200,4355,14970,7259,7711,17109,8209,8900,14969,7100,7869,8553,4123,4430,2138,1038,1100,
64165,8555,4200,4355,14971,7260,7711,17109,8209,8900,14970,7100,7870,8553,4123,4430,2139,1039,1100,
64170,8556,4200,4356,14971,7260,7711,17110,8210,8900,14971,7100,7871,8555,4125,4430,2139,1039,1100,
64175,8556,4200,4356,14973,7261,7712,17111,8210,8901,14972,7101,7871,8556,4125,4431,2139,1039,1100,
64180,8557,4201,4356,14975,7261,7714,17114,8212,8902,14974,7103,7871,8556,4125,4431,2139,1039,1100,
64185,8558,4201,4357,14975,7261,7714,17114,8212,8902,14975,7103,7872,8556,4125,4431,2139,1039,1100,
64190,8559,4202,4357,14977,7262,7715,17117,8214,8903,14976,7104,7872,8557,4125,4432,2139,1039,1100,
64195,8559,4202,4357,14978,7263,7715,17117,8214,8903,14977,7104,7873,8557,4125,4432,2140,1039,1101,
64200,8560,4202,4358,14978,7263,7715,17118,8214,8904,14978,7104,7874,8559,4126,4433,2140,1039,1101,
64205,8560,4202,4358,14980,7264,7716,17119,8215,8904,14979,7104,7875,8560,4127,4433,2140,1039,1101,
64210,8561,4202,4359,14982,7265,7717,17122,8215,8907,14981,7105,7876,8560,4127,4433,2140,1039,1101,
64215,8562,4203,4359,14982,7265,7717,17122,8215,8907,14982,7105,7877,8560,4127,4433,2140,1039,1101,
64220,8563,4204,4359,14984,7266,7718,17125,8215,8910,14983,7105,7878,8561,4127,4434,2140,1039,1101,
64225,8563,4204,4359,14985,7267,7718,17125,8215,8910,14984,7105,7879,8561,4127,4434,2141,1039,1102,
64230,8564,4204,4360,14985,7267,7718,17126,8215,8911,14985,7105,7880,8563,4128,4435,2141,1039,1102,
64235,8564,4204,4360,14987,7268,7719,17127,8216,8911,14986,7106,7880,8564,4129,4435,2141,1039,1102,
64240,8565,4205,4360,14989,7270,7719,17130,8217,8913,14988,7107,7881,8564,4129,4435,2141,1039,1102,
64245,8566,4205,4361,14989,7270,7719,17130,8217,8913,14989,7107,7882,8564,4129,4435,2141,1039,1102,
64250,8567,4205,4362,14991,7271,7720,17133,8218,8915,14990,7108,7882,8565,4129,4436,2141,1039,1102,
64255,8567,4205,4362,14992,7272,7720,17133,8218,8915,14991,7109,7882,8565,4129,4436,2142,1039,1103,
64260,8568,4205,4363,14992,7272,7720,17134,8218,8916,14992,7110,7882,8567,4130,4437,2142,1039,1103,
64265,8568,4205,4363,14994,7272,7722,17135,8219,8916,14993,7110,7883,8568,4131,4437,2142,1039,1103,
64270,8569,4206,4363,14996,7272,7724,17138,8220,8918,14995,7110,7885,8568,4131,4437,2142,1039,1103,
64275,8570,4207,4363,14996,7272,7724,17138,8220,8918,14996,7110,7886,8568,4131,4437,2142,1039,1103,
64280,8571,4208,4363,14998,7273,7725,17141,8222,8919,14997,7110,7887,8569,4131,4438,2142,1039,1103,
64285,8571,4208,4363,14999,7273,7726,17141,8222,8919,14998,7111,7887,8569,4131,4438,2143,1039,1104,
64290,8572,4208,4364,14999,7273,7726,17142,8222,8920,14999,7111,7888,8571,4132,4439,2143,1039,1104,
64295,8572,4208,4364,15001,7274,7727,17143,8222,8921,15000,7112,7888,8572,4133,4439,2143,1039,1104,
64300,8573,4209,4364,15003,7274,7729,17146,8224,8922,15002,7113,7889,8572,4133,4439,2143,1039,1104,
64305,8574,4210,4364,15003,7274,7729,17146,8224,8922,15003,7114,7889,8572,4133,4439,2143,1039,1104,
64310,8575,4211,4364,15005,7275,7730,17149,8225,8924,15004,7115,7889,8573,4134,4439,2143,1039,1104,
64315,8575,4211,4364,15006,7275,7731,17149,8225,8924,15005,7115,7890,8573,4134,4439,2144,1040,1104,
64320,8576,4211,4365,15006,7275,7731,17150,8226,8924,15006,7115,7891,8575,4135,4440,2144,1040,1104,
64325,8576,4211,4365,15008,7275,7733,17151,8227,8924,15007,7116,7891,8576,4135,4441,2144,1040,1104,
64330,8577,4211,4366,15010,7276,7734,17154,8229,8925,15009,7117,7892,8576,4135,4441,2144,1040,1104,
64335,8578,4211,4367,15010,7276,7734,17154,8229,8925,15010,7118,7892,8576,4135,4441,2144,1040,1104,
64340,8579,4212,4367,15012,7277,7735,17157,8231,8926,15011,7118,7893,8577,4136,4441,2144,1040,1104,
64345,8579,4212,4367,15013,7278,7735,17157,8231,8926,15012,7118,7894,8577,4136,4441,2145,1041,1104,
64350,8580,4212,4368,15013,7278,7735,17158,8231,8927,15013,7118,7895,8579,4138,4441,2145,1041,1104,
64355,8580,4212,4368,15015,7280,7735,17159,8231,8928,15014,7119,7895,8580,4138,4442,2145,1041,1104,
64360,8581,4212,4369,15017,7281,7736,17162,8231,8931,15016,7119,7897,8580,4138,4442,2145,1041,1104,
64365,8582,4213,4369,15017,7281,7736,17162,8231,8931,15017,7120,7897,8580,4138,4442,2145,1041,1104,
64370,8583,4214,4369,15019,7283,7736,17165,8232,8933,15018,7120,7898,8581,4139,4442,2145,1041,1104,
64375,8583,4214,4369,15020,7284,7736,17165,8232,8933,15019,7121,7898,8581,4139,4442,2146,1042,1104,
64380,8584,4215,4369,15020,7284,7736,17166,8233,8933,15020,7122,7898,8583,4139,4444,2146,1042,1104,
64385,8584,4215,4369,15022,7285,7737,17167,8233,8934,15021,7122,7899,8584,4139,4445,2146,1042,1104,
64390,8585,4215,4370,15024,7285,7739,17170,8235,8935,15023,7122,7901,8584,4139,4445,2146,1042,1104,
64395,8586,4215,4371,15024,7285,7739,17170,8235,8935,15024,7123,7901,8584,4139,4445,2146,1042,1104,
64400,8587,4216,4371,15026,7286,7740,17173,8236,8937,15025,7123,7902,8585,4139,4446,2146,1042,1104,
64405,8587,4216,4371,15027,7286,7741,17173,8236,8937,15026,7123,7903,8585,4139,4446,2147,1042,1105,
64410,8588,4217,4371,15027,7286,7741,17174,8236,8938,15027,7124,7903,8587,4139,4448,2147,1042,1105,
64415,8588,4217,4371,15029,7286,7743,17175,8236,8939,15028,7125,7903,8588,4140,4448,2147,1042,1105,
64420,8589,4217,4372,15031,7287,7744,17178,8237,8941,15030,7125,7905,8588,4140,4448,2147,1042,1105,
64425,8590,4218,4372,15031,7287,7744,17178,8237,8941,15031,7126,7905,8588,4140,4448,2147,1042,1105,
64430,8591,4218,4373,15033,7289,7744,17181,8238,8943,15032,7126,7906,8589,4140,4449,2147,1042,1105,
64435,8591,4218,4373,15034,7289,7745,17181,8238,8943,15033,7127,7906,8589,4140,4449,2148,1043,1105,
64440,8592,4219,4373,15034,7289,7745,17182,8238,8944,15034,7127,7907,8591,4142,4449,2148,1043,1105,
64445,8592,4219,4373,15036,7291,7745,17183,8238,8945,15035,7127,7908,8592,4143,4449,2148,1043,1105,
64450,8593,4219,4374,15038,7292,7746,17186,8238,8948,15037,7129,7908,8592,4143,4449,2148,1043,1105,
64455,8594,4219,4375,15038,7292,7746,17186,8238,8948,15038,7130,7908,8592,4143,4449,2148,1043,1105,
64460,8595,4220,4375,15040,7293,7747,17189,8240,8949,15039,7130,7909,8593,4143,4450,2148,1043,1105,
64465,8595,4220,4375,15041,7294,7747,17189,8240,8949,15040,7131,7909,8593,4143,4450,2149,1043,1106,
64470,8596,4221,4375,15041,7294,7747,17190,8241,8949,15041,7131,7910,8595,4143,4452,2149,1043,1106,
64475,8596,4221,4375,15043,7295,7748,17191,8241,8950,15042,7131,7911,8596,4144,4452,2149,1043,1106,
64480,8597,4222,4375,15045,7296,7749,17194,8243,8951,15044,7132,7912,8596,4144,4452,2149,1043,1106,
64485,8598,4223,4375,15045,7296,7749,17194,8243,8951,15045,7132,7913,8596,4144,4452,2149,1043,1106,
64490,8599,4223,4376,15047,7298,7749,17197,8244,8953,15046,7132,7914,8597,4144,4453,2149,1043,1106,
64495,8599,4223,4376,15048,7299,7749,17197,8244,8953,15047,7132,7915,8597,4144,4453,2150,1044,1106,
64500,8600,4223,4377,15048,7299,7749,17198,8245,8953,15048,7133,7915,8599,4145,4454,2150,1044,1106,
64505,8600,4223,4377,15050,7300,7750,17199,8245,8954,15049,7134,7915,8600,4145,4455,2150,1044,1106,
64510,8601,4223,4378,15052,7301,7751,17202,8247,8955,15051,7135,7916,8600,4145,4455,2150,1044,1106,
64515,8602,4224,4378,15052,7301,7751,17202,8247,8955,15052,7136,7916,8600,4145,4455,2150,1044,1106,
64520,8603,4225,4378,15054,7301,7753,17205,8249,8956,15053,7136,7917,8601,4145,4456,2150,1044,1106,
64525,8603,4225,4378,15055,7302,7753,17205,8249,8956,15054,7136,7918,8601,4145,4456,2151,1044,1107,
64530,8604,4225,4379,15055,7302,7753,17206,8250,8956,15055,7136,7919,8603,4146,4457,2151,1044,1107,
64535,8604,4225,4379,15057,7302,7755,17207,8251,8956,15056,7136,7920,8604,4147,4457,2151,1044,1107,
64540,8605,4226,4379,15059,7304,7755,17210,8253,8957,15058,7138,7920,8604,4147,4457,2151,1044,1107,
64545,8606,4226,4380,15059,7304,7755,17210,8253,8957,15059,7139,7920,8604,4147,4457,2151,1044,1107,
64550,8607,4227,4380,15061,7306,7755,17213,8255,8958,15060,7140,7920,8605,4147,4458,2151,1044,1107,
64555,8607,4227,4380,15062,7306,7756,17213,8255,8958,15061,7140,7921,8605,4147,4458,2152,1044,1108,
64560,8608,4228,4380,15062,7306,7756,17214,8256,8958,15062,7141,7921,8607,4148,4459,2152,1044,1108,
64565,8608,4228,4380,15064,7307,7757,17215,8257,8958,15063,7142,7921,8608,4148,4460,2152,1044,1108,
64570,8609,4229,4380,15066,7308,7758,17218,8257,8961,15065,7143,7922,8608,4148,4460,2152,1044,1108,
64575,8610,4230,4380,15066,7308,7758,17218,8257,8961,15066,7144,7922,8608,4148,4460,2152,1044,1108,
64580,8611,4230,4381,15068,7310,7758,17221,8258,8963,15067,7145,7922,8609,4148,4461,2152,1044,1108,
64585,8611,4230,4381,15069,7310,7759,17221,8258,8963,15068,7145,7923,8609,4148,4461,2153,1044,1109,
64590,8612,4230,4382,15069,7310,7759,17222,8258,8964,15069,7146,7923,8611,4149,4462,2153,1044,1109,
64595,8612,4230,4382,15071,7310,7761,17223,8259,8964,15070,7147,7923,8612,4149,4463,2153,1044,1109,
64600,8613,4231,4382,15073,7312,7761,17226,8260,8966,15072,7149,7923,8612,4149,4463,2153,1044,1109,
64605,8614,4231,4383,15073,7312,7761,17226,8260,8966,15073,7149,7924,8612,4149,4463,2153,1044,1109,
64610,8615,4232,4383,15075,7312,7763,17229,8260,8969,15074,7149,7925,8613,4149,4464,2153,1044,1109,
64615,8615,4232,4383,15076,7313,7763,17229,8260,8969,15075,7150,7925,8613,4149,4464,2154,1044,1110,
64620,8616,4232,4384,15076,7313,7763,17230,8261,8969,15076,7150,7926,8615,4150,4465,2154,1044,1110,
64625,8616,4232,4384,15078,7314,7764,17231,8261,8970,15077,7151,7926,8616,4151,4465,2154,1044,1110,
64630,8617,4232,4385,15080,7315,7765,17234,8262,8972,15079,7153,7926,8616,4151,4465,2154,1044,1110,
64635,8618,4232,4386,15080,7315,7765,17234,8262,8972,15080,7153,7927,8616,4151,4465,2154,1044,1110,
64640,8619,4233,4386,15082,7316,7766,17237,8264,8973,15081,7153,7928,8617,4151,4466,2154,1044,1110,
64645,8619,4233,4386,15083,7316,7767,17237,8264,8973,15082,7154,7928,8617,4151,4466,2155,1044,1111,
64650,8620,4234,4386,15083,7316,7767,17238,8265,8973,15083,7155,7928,8619,4153,4466,2155,1044,1111,
64655,8620,4234,4386,15085,7318,7767,17239,8266,8973,15084,7155,7929,8620,4153,4467,2155,1044,1111,
64660,8621,4234,4387,15087,7319,7768,17242,8267,8975,15086,7156,7930,8620,4153,4467,2155,1044,1111,
64665,8622,4234,4388,15087,7319,7768,17242,8267,8975,15087,7156,7931,8620,4153,4467,2155,1044,1111,
64670,8623,4234,4389,15089,7321,7768,17245,8269,8976,15088,7157,7931,8621,4153,4468,2155,1044,1111,
64675,8623,4234,4389,15090,7321,7769,17245,8269,8976,15089,7158,7931,8621,4153,4468,2156,1044,1112,
64680,8624,4234,4390,15090,7321,7769,17246,8269,8977,15090,7159,7931,8623,4154,4469,2156,1044,1112,
64685,8624,4234,4390,15092,7322,7770,17247,8270,8977,15091,7160,7931,8624,4154,4470,2156,1044,1112,
64690,8625,4234,4391,15094,7323,7771,17250,8272,8978,15093,7162,7931,8624,4154,4470,2156,1044,1112,
64695,8626,4235,4391,15094,7323,7771,17250,8272,8978,15094,7163,7931,8624,4154,4470,2156,1044,1112,
64700,8627,4235,4392,15096,7325,7771,17253,8273,8980,15095,7164,7931,8625,4154,4471,2156,1044,1112,
64705,8627,4235,4392,15097,7325,7772,17253,8273,8980,15096,7165,7931,8625,4154,4471,2157,1044,1113,
64710,8628,4236,4392,15097,7325,7772,17254,8274,8980,15097,7166,7931,8627,4155,4472,2157,1044,1113,
64715,8628,4236,4392,15099,7326,7773,17255,8274,8981,15098,7167,7931,8628,4156,4472,2157,1044,1113,
64720,8629,4236,4393,15101,7327,7774,17258,8275,8983,15100,7169,7931,8628,4156,4472,2157,1044,1113,
64725,8630,4236,4394,15101,7327,7774,17258,8275,8983,15101,7169,7932,8628,4156,4472,2157,1044,1113,
64730,8631,4236,4395,15103,7327,7776,17261,8277,8984,15102,7169,7933,8629,4157,4472,2157,1044,1113,
64735,8631,4236,4395,15104,7328,7776,17261,8277,8984,15103,7169,7934,8629,4157,4472,2158,1045,1113,
64740,8632,4236,4396,15104,7328,7776,17262,8277,8985,15104,7170,7934,8631,4158,4473,2158,1045,1113,
64745,8632,4236,4396,15106,7330,7776,17263,8277,8986,15105,7171,7934,8632,4158,4474,2158,1045,1113,
64750,8633,4236,4397,15108,7331,7777,17266,8279,8987,15107,7172,7935,8632,4158,4474,2158,1045,1113,
64755,8634,4236,4398,15108,7331,7777,17266,8279,8987,15108,7172,7936,8632,4158,4474,2158,1045,1113,
64760,8635,4236,4399,15110,7331,7779,17269,8280,8989,15109,7172,7937,8633,4158,4475,2158,1045,1113,
64765,8635,4236,4399,15111,7332,7779,17269,8280,8989,15110,7172,7938,8633,4158,4475,2159,1046,1113,
64770,8636,4236,4400,15111,7332,7779,17270,8281,8989,15111,7173,7938,8635,4158,4477,2159,1046,1113,
64775,8636,4236,4400,15113,7334,7779,17271,8282,8989,15112,7173,7939,8636,4159,4477,2159,1046,1113,
64780,8637,4236,4401,15115,7335,7780,17274,8284,8990,15114,7173,7941,8636,4159,4477,2159,1046,1113,
64785,8638,4237,4401,15115,7335,7780,17274,8284,8990,15115,7174,7941,8636,4159,4477,2159,1046,1113,
64790,8639,4238,4401,15117,7336,7781,17277,8285,8992,15116,7175,7941,8637,4160,4477,2159,1046,1113,
64795,8639,4238,4401,15118,7336,7782,17277,8285,8992,15117,7175,7942,8637,4160,4477,2160,1046,1114,
64800,8640,4238,4402,15118,7336,7782,17278,8286,8992,15118,7176,7942,8639,4161,4478,2160,1046,1114,
64805,8640,4238,4402,15120,7336,7784,17279,8286,8993,15119,7176,7943,8640,4161,4479,2160,1046,1114,
64810,8641,4238,4403,15122,7336,7786,17282,8287,8995,15121,7178,7943,8640,4161,4479,2160,1046,1114,
64815,8642,4239,4403,15122,7336,7786,17282,8287,8995,15122,7178,7944,8640,4161,4479,2160,1046,1114,
64820,8643,4240,4403,15124,7338,7786,17285,8290,8995,15123,7179,7944,8641,4162,4479,2160,1046,1114,
64825,8643,4240,4403,15125,7339,7786,17285,8290,8995,15124,7179,7945,8641,4162,4479,2161,1047,1114,
64830,8644,4240,4404,15125,7339,7786,17286,8291,8995,15125,7180,7945,8643,4163,4480,2161,1047,1114,
64835,8644,4240,4404,15127,7339,7788,17287,8291,8996,15126,7180,7946,8644,4164,4480,2161,1047,1114,
64840,8645,4240,4405,15129,7340,7789,17290,8292,8998,15128,7181,7947,8644,4164,4480,2161,1047,1114,
64845,8646,4241,4405,15129,7340,7789,17290,8292,8998,15129,7182,7947,8644,4164,4480,2161,1047,1114,
64850,8647,4242,4405,15131,7341,7790,17293,8295,8998,15130,7182,7948,8645,4165,4480,2161,1047,1114,
64855,8647,4242,4405,15132,7341,7791,17293,8295,8998,15131,7182,7949,8645,4165,4480,2162,1047,1115,
64860,8648,4243,4405,15132,7341,7791,17294,8295,8999,15132,7182,7950,8647,4166,4481,2162,1047,1115,
64865,8648,4243,4405,15134,7341,7793,17295,8296,8999,15133,7182,7951,8648,4167,4481,2162,1047,1115,
64870,8649,4244,4405,15136,7341,7795,17298,8298,9000,15135,7183,7952,8648,4167,4481,2162,1047,1115,
64875,8650,4245,4405,15136,7341,7795,17298,8298,9000,15136,7184,7952,8648,4167,4481,2162,1047,1115,
64880,8651,4246,4405,15138,7342,7796,17301,8300,9001,15137,7185,7952,8649,4168,4481,2162,1047,1115,
64885,8651,4246,4405,15139,7342,7797,17301,8300,9001,15138,7185,7953,8649,4168,4481,2163,1048,1115,
64890,8652,4247,4405,15139,7342,7797,17302,8300,9002,15139,7186,7953,8651,4170,4481,2163,1048,1115,
64895,8652,4247,4405,15141,7342,7799,17303,8301,9002,15140,7187,7953,8652,4171,4481,2163,1048,1115,
64900,8653,4247,4406,15143,7344,7799,17306,8303,9003,15142,7188,7954,8652,4171,4481,2163,1048,1115,
64905,8654,4248,4406,15143,7344,7799,17306,8303,9003,15143,7188,7955,8652,4171,4481,2163,1048,1115,
64910,8655,4248,4407,15145,7345,7800,17309,8305,9004,15144,7188,7956,8653,4171,4482,2163,1048,1115,
64915,8655,4248,4407,15146,7346,7800,17309,8305,9004,15145,7189,7956,8653,4171,4482,2164,1048,1116,
64920,8656,4249,4407,15146,7346,7800,17310,8306,9004,15146,7190,7956,8655,4172,4483,2164,1048,1116,
64925,8656,4249,4407,15148,7346,7802,17311,8306,9005,15147,7191,7956,8656,4172,4484,2164,1048,1116,
64930,8657,4249,4408,15150,7347,7803,17314,8308,9006,15149,7192,7957,8656,4172,4484,2164,1048,1116,
64935,8658,4249,4409,15150,7347,7803,17314,8308,9006,15150,7193,7957,8656,4172,4484,2164,1048,1116,
64940,8659,4250,4409,15152,7349,7803,17317,8309,9008,15151,7194,7957,8657,4172,4485,2164,1048,1116,
64945,8659,4250,4409,15153,7349,7804,17317,8309,9008,15152,7194,7958,8657,4172,4485,2165,1049,1116,
64950,8660,4250,4410,15153,7349,7804,17318,8310,9008,15153,7195,7958,8659,4173,4486,2165,1049,1116,
64955,8660,4250,4410,15155,7350,7805,17319,8310,9009,15154,7196,7958,8660,4173,4487,2165,1049,1116,
64960,8661,4250,4411,15157,7350,7807,17322,8310,9012,15156,7197,7959,8660,4173,4487,2165,1049,1116,
64965,8662,4250,4412,15157,7350,7807,17322,8310,9012,15157,7197,7960,8660,4173,4487,2165,1049,1116,
64970,8663,4251,4412,15159,7351,7808,17325,8311,9014,15158,7197,7961,8661,4173,4488,2165,1049,1116,
64975,8663,4251,4412,15160,7351,7809,17325,8311,9014,15159,7198,7961,8661,4173,4488,2166,1049,1117,
64980,8664,4252,4412,15160,7351,7809,17326,8312,9014,15160,7199,7961,8663,4174,4489,2166,1049,1117,
64985,8664,4252,4412,15162,7353,7809,17327,8313,9014,15161,7200,7961,8664,4175,4489,2166,1049,1117,
64990,8665,4252,4413,15164,7355,7809,17330,8314,9016,15163,7201,7962,8664,4175,4489,2166,1049,1117,
64995,8666,4252,4414,15164,7355,7809,17330,8314,9016,15164,7201,7963,8664,4175,4489,2166,1049,1117,
65000,8667,4253,4414,15166,7356,7810,17333,8315,9018,15165,7202,7963,8665,4176,4489,2166,1049,1117,
65005,8667,4253,4414,15167,7357,7810,17333,8315,9018,15166,7203,7963,8665,4176,4489,2167,1049,1118,
65010,8668,4254,4414,15167,7357,7810,17334,8316,9018,15167,7204,7963,8667,4178,4489,2167,1049,1118,
65015,8668,4254,4414,15169,7357,7812,17335,8317,9018,15168,7204,7964,8668,4179,4489,2167,1049,1118,
65020,8669,4255,4414,15171,7358,7813,17338,8318,9020,15170,7206,7964,8668,4179,4489,2167,1049,1118,
65025,8670,4256,4414,15171,7358,7813,17338,8318,9020,15171,7207,7964,8668,4179,4489,2167,1049,1118,
65030,8671,4256,4415,15173,7359,7814,17341,8319,9022,15172,7208,7964,8669,4179,4490,2167,1049,1118,
65035,8671,4256,4415,15174,7359,7815,17341,8319,9022,15173,7208,7965,8669,4179,4490,2168,1050,1118,
65040,8672,4257,4415,15174,7359,7815,17342,8320,9022,15174,7208,7966,8671,4181,4490,2168,1050,1118,
65045,8672,4257,4415,15176,7360,7816,17343,8321,9022,15175,7208,7967,8672,4181,4491,2168,1050,1118,
65050,8673,4257,4416,15178,7362,7816,17346,8321,9025,15177,7208,7969,8672,4181,4491,2168,1050,1118,
65055,8674,4257,4417,15178,7362,7816,17346,8321,9025,15178,7208,7970,8672,4181,4491,2168,1050,1118,
65060,8675,4257,4418,15180,7363,7817,17349,8322,9027,15179,7209,7970,8673,4182,4491,2168,1050,1118,
65065,8675,4257,4418,15181,7364,7817,17349,8322,9027,15180,7209,7971,8673,4182,4491,2169,1050,1119,
65070,8676,4257,4419,15181,7364,7817,17350,8323,9027,15181,7210,7971,8675,4182,4493,2169,1050,1119,
65075,8676,4257,4419,15183,7364,7819,17351,8324,9027,15182,7210,7972,8676,4183,4493,2169,1050,1119,
65080,8677,4258,4419,15185,7365,7820,17354,8326,9028,15184,7210,7974,8676,4183,4493,2169,1050,1119,
65085,8678,4259,4419,15185,7365,7820,17354,8326,9028,15185,7210,7975,8676,4183,4493,2169,1050,1119,
65090,8679,4260,4419,15187,7365,7822,17357,8326,9031,15186,7210,7976,8677,4183,4494,2169,1050,1119,
65095,8679,4260,4419,15188,7366,7822,17357,8326,9031,15187,7211,7976,8677,4183,4494,2170,1051,1119,
65100,8680,4261,4419,15188,7366,7822,17358,8327,9031,15188,7212,7976,8679,4184,4495,2170,1051,1119,
65105,8680,4261,4419,15190,7368,7822,17359,8327,9032,15189,7213,7976,8680,4185,4495,2170,1051,1119,
65110,8681,4261,4420,15192,7368,7824,17362,8328,9034,15191,7213,7978,8680,4185,4495,2170,1051,1119,
65115,8682,4261,4421,15192,7368,7824,17362,8328,9034,15192,7213,7979,8680,4185,4495,2170,1051,1119,
65120,8683,4262,4421,15194,7368,7826,17365,8328,9037,15193,7214,7979,8681,4185,4496,2170,1051,1119,
65125,8683,4262,4421,15195,7368,7827,17365,8328,9037,15194,7215,7979,8681,4185,4496,2171,1052,1119,
65130,8684,4263,4421,15195,7368,7827,17366,8329,9037,15195,7216,7979,8683,4186,4497,2171,1052,1119,
65135,8684,4263,4421,15197,7369,7828,17367,8329,9038,15196,7217,7979,8684,4187,4497,2171,1052,1119,
65140,8685,4264,4421,15199,7371,7828,17370,8331,9039,15198,7218,7980,8684,4187,4497,2171,1052,1119,
65145,8686,4264,4422,15199,7371,7828,17370,8331,9039,15199,7219,7980,8684,4187,4497,2171,1052,1119,
65150,8687,4264,4423,15201,7371,7830,17373,8333,9040,15200,7219,7981,8685,4188,4497,2171,1052,1119,
65155,8687,4264,4423,15202,7372,7830,17373,8333,9040,15201,7219,7982,8685,4188,4497,2172,1052,1120,
65160,8688,4265,4423,15202,7372,7830,17374,8333,9041,15202,7219,7983,8687,4189,4498,2172,1052,1120,
65165,8688,4265,4423,15204,7373,7831,17375,8334,9041,15203,7219,7984,8688,4190,4498,2172,1052,1120,
65170,8689,4266,4423,15206,7375,7831,17378,8335,9043,15205,7220,7985,8688,4190,4498,2172,1052,1120,
65175,8690,4267,4423,15206,7375,7831,17378,8335,9043,15206,7221,7985,8688,4190,4498,2172,1052,1120,
65180,8691,4267,4424,15208,7377,7831,17381,8336,9045,15207,7222,7985,8689,4190,4499,2172,1052,1120,
65185,8691,4267,4424,15209,7377,7832,17381,8336,9045,15208,7223,7985,8689,4190,4499,2173,1053,1120,
65190,8692,4267,4425,15209,7377,7832,17382,8337,9045,15209,7223,7986,8691,4191,4500,2173,1053,1120,
65195,8692,4267,4425,15211,7377,7834,17383,8337,9046,15210,7224,7986,8692,4191,4501,2173,1053,1120,
65200,8693,4267,4426,15213,7378,7835,17386,8338,9048,15212,7226,7986,8692,4191,4501,2173,1053,1120,
65205,8694,4267,4427,15213,7378,7835,17386,8338,9048,15213,7226,7987,8692,4191,4501,2173,1053,1120,
65210,8695,4268,4427,15215,7379,7836,17389,8339,9050,15214,7226,7988,8693,4192,4501,2173,1053,1120,
65215,8695,4268,4427,15216,7379,7837,17389,8339,9050,15215,7226,7989,8693,4192,4501,2174,1053,1121,
65220,8696,4268,4428,15216,7379,7837,17390,8340,9050,15216,7227,7989,8695,4193,4502,2174,1053,1121,
65225,8696,4268,4428,15218,7380,7838,17391,8341,9050,15217,7228,7989,8696,4193,4503,2174,1053,1121,
65230,8697,4268,4429,15220,7380,7840,17394,8342,9052,15219,7230,7989,8696,4193,4503,2174,1053,1121,
65235,8698,4268,4430,15220,7380,7840,17394,8342,9052,15220,7231,7989,8696,4193,4503,2174,1053,1121,
65240,8699,4268,4431,15222,7382,7840,17397,8343,9054,15221,7231,7990,8697,4194,4503,2174,1053,1121,
65245,8699,4268,4431,15223,7382,7841,17397,8343,9054,15222,7231,7991,8697,4194,4503,2175,1053,1122,
65250,8700,4269,4431,15223,7382,7841,17398,8344,9054,15223,7232,7991,8699,4195,4504,2175,1053,1122,
65255,8700,4269,4431,15225,7383,7842,17399,8344,9055,15224,7233,7991,8700,4195,4505,2175,1053,1122,
65260,8701,4269,4432,15227,7383,7844,17402,8345,9057,15226,7234,7992,8700,4195,4505,2175,1053,1122,
65265,8702,4270,4432,15227,7383,7844,17402,8345,9057,15227,7235,7992,8700,4195,4505,2175,1053,1122,
65270,8703,4271,4432,15229,7385,7844,17405,8346,9059,15228,7235,7993,8701,4196,4505,2175,1053,1122,
65275,8703,4271,4432,15230,7385,7845,17405,8346,9059,15229,7235,7994,8701,4196,4505,2176,1054,1122,
65280,8704,4271,4433,15230,7385,7845,17406,8346,9060,15230,7235,7995,8703,4197,4506,2176,1054,1122,
65285,8704,4271,4433,15232,7387,7845,17407,8346,9061,15231,7236,7995,8704,4198,4506,2176,1054,1122,
65290,8705,4271,4434,15234,7388,7846,17410,8347,9063,15233,7237,7996,8704,4198,4506,2176,1054,1122,
65295,8706,4271,4435,15234,7388,7846,17410,8347,9063,15234,7237,7997,8704,4198,4506,2176,1054,1122,
65300,8707,4271,4436,15236,7388,7848,17413,8350,9063,15235,7238,7997,8705,4199,4506,2176,1054,1122,
65305,8707,4271,4436,15237,7388,7849,17413,8350,9063,15236,7239,7997,8705,4199,4506,2177,1055,1122,
65310,8708,4271,4437,15237,7388,7849,17414,8351,9063,15237,7239,7998,8707,4199,4508,2177,1055,1122,
65315,8708,4271,4437,15239,7389,7850,17415,8352,9063,15238,7240,7998,8708,4200,4508,2177,1055,1122,
65320,8709,4271,4438,15241,7390,7851,17418,8353,9065,15240,7242,7998,8708,4200,4508,2177,1055,1122,
65325,8710,4271,4439,15241,7390,7851,17418,8353,9065,15241,7242,7999,8708,4200,4508,2177,1055,1122,
65330,8711,4272,4439,15243,7391,7852,17421,8354,9067,15242,7242,8000,8709,4200,4509,2177,1055,1122,
65335,8711,4272,4439,15244,7392,7852,17421,8354,9067,15243,7242,8001,8709,4200,4509,2178,1055,1123,
65340,8712,4272,4440,15244,7392,7852,17422,8354,9068,15244,7242,8002,8711,4200,4511,2178,1055,1123,
65345,8712,4272,4440,15246,7394,7852,17423,8355,9068,15245,7243,8002,8712,4201,4511,2178,1055,1123,
65350,8713,4272,4441,15248,7395,7853,17426,8357,9069,15247,7244,8003,8712,4201,4511,2178,1055,1123,
65355,8714,4272,4442,15248,7395,7853,17426,8357,9069,15248,7244,8004,8712,4201,4511,2178,1055,1123,
65360,8715,4273,4442,15250,7396,7854,17429,8358,9071,15249,7245,8004,8713,4201,4512,2178,1055,1123,
65365,8715,4273,4442,15251,7397,7854,17429,8358,9071,15250,7245,8005,8713,4201,4512,2179,1055,1124,
65370,8716,4274,4442,15251,7397,7854,17430,8358,9072,15251,7245,8006,8715,4202,4513,2179,1055,1124,
65375,8716,4274,4442,15253,7398,7855,17431,8359,9072,15252,7246,8006,8716,4202,4514,2179,1055,1124,
65380,8717,4274,4443,15255,7399,7856,17434,8360,9074,15254,7247,8007,8716,4202,4514,2179,1055,1124,
65385,8718,4275,4443,15255,7399,7856,17434,8360,9074,15255,7247,8008,8716,4202,4514,2179,1055,1124,
65390,8719,4276,4443,15257,7400,7857,17437,8363,9074,15256,7247,8009,8717,4203,4514,2179,1055,1124,
65395,8719,4276,4443,15258,7401,7857,17437,8363,9074,15257,7248,8009,8717,4203,4514,2180,1055,1125,
65400,8720,4277,4443,15258,7401,7857,17438,8364,9074,15258,7248,8010,8719,4204,4515,2180,1055,1125,
65405,8720,4277,4443,15260,7402,7858,17439,8365,9074,15259,7249,8010,8720,4204,4516,2180,1055,1125,
65410,8721,4277,4444,15262,7404,7858,17442,8366,9076,15261,7251,8010,8720,4204,4516,2180,1055,1125,
65415,8722,4278,4444,15262,7404,7858,17442,8366,9076,15262,7252,8010,8720,4204,4516,2180,1055,1125,
65420,8723,4278,4445,15264,7406,7858,17445,8368,9077,15263,7252,8011,8721,4205,4516,2180,1055,1125,
65425,8723,4278,4445,15265,7407,7858,17445,8368,9077,15264,7252,8012,8721,4205,4516,2181,1055,1126,
65430,8724,4278,4446,15265,7407,7858,17446,8369,9077,15265,7253,8012,8723,4206,4517,2181,1055,1126,
65435,8724,4278,4446,15267,7409,7858,17447,8370,9077,15266,7253,8013,8724,4207,4517,2181,1055,1126,
65440,8725,4278,4447,15269,7411,7858,17450,8372,9078,15268,7254,8014,8724,4207,4517,2181,1055,1126,
65445,8726,4279,4447,15269,7411,7858,17450,8372,9078,15269,7255,8014,8724,4207,4517,2181,1055,1126,
65450,8727,4279,4448,15271,7412,7859,17453,8374,9079,15270,7255,8015,8725,4207,4518,2181,1055,1126,
65455,8727,4279,4448,15272,7413,7859,17453,8374,9079,15271,7256,8015,8725,4207,4518,2182,1056,1126,
65460,8728,4280,4448,15272,7413,7859,17454,8374,9080,15272,7256,8016,8727,4209,4518,2182,1056,1126,
65465,8728,4280,4448,15274,7413,7861,17455,8374,9081,15273,7257,8016,8728,4209,4519,2182,1056,1126,
65470,8729,4280,4449,15276,7414,7862,17458,8375,9083,15275,7259,8016,8728,4209,4519,2182,1056,1126,
65475,8730,4280,4450,15276,7414,7862,17458,8375,9083,15276,7259,8017,8728,4209,4519,2182,1056,1126,
65480,8731,4280,4451,15278,7416,7862,17461,8376,9085,15277,7259,8018,8729,4209,4520,2182,1056,1126,
65485,8731,4280,4451,15279,7416,7863,17461,8376,9085,15278,7259,8019,8729,4209,4520,2183,1057,1126,
65490,8732,4280,4452,15279,7416,7863,17462,8376,9086,15279,7260,8019,8731,4209,4522,2183,1057,1126,
65495,8732,4280,4452,15281,7417,7864,17463,8377,9086,15280,7260,8020,8732,4209,4523,2183,1057,1126,
65500,8733,4281,4452,15283,7419,7864,17466,8379,9087,15282,7261,8021,8732,4209,4523,2183,1057,1126,
65505,8734,4281,4453,15283,7419,7864,17466,8379,9087,15283,7262,8021,8732,4209,4523,2183,1057,1126,
65510,8735,4282,4453,15285,7420,7865,17469,8380,9089,15284,7262,8022,8733,4209,4524,2183,1057,1126,
65515,8735,4282,4453,15286,7421,7865,17469,8380,9089,15285,7262,8023,8733,4209,4524,2184,1058,1126,
65520,8736,4282,4454,15286,7421,7865,17470,8380,9090,15286,7262,8024,8735,4209,4526,2184,1058,1126,
65525,8736,4282,4454,15288,7421,7867,17471,8380,9091,15287,7262,8025,8736,4209,4527,2184,1058,1126,
65530,8737,4282,4455,15290,7423,7867,17474,8381,9093,15289,7263,8026,8736,4209,4527,2184,1058,1126,
65535,8738,4282,4456,15290,7423,7867,17474,8381,9093,15290,7264,8026,8736,4209,4527,2184,1058,1126,
65540,8739,4282,4457,15292,7423,7869,17477,8382,9095,15291,7264,8027,8737,4209,4528,2184,1058,1126,
65545,8739,4282,4457,15293,7424,7869,17477,8382,9095,15292,7264,8028,8737,4209,4528,2185,1059,1126,
65550,8740,4282,4458,15293,7424,7869,17478,8382,9096,15293,7265,8028,8739,4210,4529,2185,1059,1126,
65555,8740,4282,4458,15295,7426,7869,17479,8383,9096,15294,7266,8028,8740,4211,4529,2185,1059,1126,
65560,8741,4282,4459,15297,7428,7869,17482,8386,9096,15296,7267,8029,8740,4211,4529,2185,1059,1126,
65565,8742,4282,4460,15297,7428,7869,17482,8386,9096,15297,7268,8029,8740,4211,4529,2185,1059,1126,
65570,8743,4282,4461,15299,7428,7871,17485,8387,9098,15298,7269,8029,8741,4211,4530,2185,1059,1126,
65575,8743,4282,4461,15300,7428,7872,17485,8387,9098,15299,7269,8030,8741,4211,4530,2186,1060,1126,
65580,8744,4282,4462,15300,7428,7872,17486,8388,9098,15300,7269,8031,8743,4212,4531,2186,1060,1126,
65585,8744,4282,4462,15302,7429,7873,17487,8389,9098,15301,7270,8031,8744,4212,4532,2186,1060,1126,
65590,8745,4282,4463,15304,7430,7874,17490,8391,9099,15303,7270,8033,8744,4212,4532,2186,1060,1126,
65595,8746,4282,4464,15304,7430,7874,17490,8391,9099,15304,7270,8034,8744,4212,4532,2186,1060,1126,
65600,8747,4283,4464,15306,7430,7876,17493,8393,9100,15305,7270,8035,8745,4213,4532,2186,1060,1126,
65605,8747,4283,4464,15307,7431,7876,17493,8393,9100,15306,7271,8035,8745,4213,4532,2187,1060,1127,
65610,8748,4283,4465,15307,7431,7876,17494,8394,9100,15307,7272,8035,8747,4213,4534,2187,1060,1127,
65615,8748,4283,4465,15309,7432,7877,17495,8394,9101,15308,7273,8035,8748,4213,4535,2187,1060,1127,
65620,8749,4284,4465,15311,7433,7878,17498,8395,9103,15310,7274,8036,8748,4213,4535,2187,1060,1127,
65625,8750,4285,4465,15311,7433,7878,17498,8395,9103,15311,7275,8036,8748,4213,4535,2187,1060,1127,
65630,8751,4285,4466,15313,7433,7880,17501,8397,9104,15312,7275,8037,8749,4214,4535,2187,1060,1127,
65635,8751,4285,4466,15314,7433,7881,17501,8397,9104,15313,7275,8038,8749,4214,4535,2188,1061,1127,
65640,8752,4286,4466,15314,7433,7881,17502,8397,9105,15314,7276,8038,8751,4214,4537,2188,1061,1127,
65645,8752,4286,4466,15316,7434,7882,17503,8397,9106,15315,7276,8039,8752,4214,4538,2188,1061,1127,
65650,8753,4286,4467,15318,7435,7883,17506,8399,9107,15317,7277,8040,8752,4214,4538,2188,1061,1127,
65655,8754,4286,4468,15318,7435,7883,17506,8399,9107,15318,7277,8041,8752,4214,4538,2188,1061,1127,
65660,8755,4286,4469,15320,7436,7884,17509,8401,9108,15319,7277,8042,8753,4214,4539,2188,1061,1127,
65665,8755,4286,4469,15321,7436,7885,17509,8401,9108,15320,7278,8042,8753,4214,4539,2189,1062,1127,
65670,8756,4286,4470,15321,7436,7885,17510,8402,9108,15321,7279,8042,8755,4216,4539,2189,1062,1127,
65675,8756,4286,4470,15323,7436,7887,17511,8402,9109,15322,7279,8043,8756,4216,4540,2189,1062,1127,
65680,8757,4286,4471,15325,7437,7888,17514,8404,9110,15324,7280,8044,8756,4216,4540,2189,1062,1127,
65685,8758,4286,4472,15325,7437,7888,17514,8404,9110,15325,7281,8044,8756,4216,4540,2189,1062,1127,
65690,8759,4286,4473,15327,7437,7890,17517,8404,9113,15326,7282,8044,8757,4216,4541,2189,1062,1127,
65695,8759,4286,4473,15328,7437,7891,17517,8404,9113,15327,7283,8044,8757,4216,4541,2190,1063,1127,
65700,8760,4287,4473,15328,7437,7891,17518,8405,9113,15328,7284,8044,8759,4218,4541,2190,1063,1127,
65705,8760,4287,4473,15330,7437,7893,17519,8405,9114,15329,7284,8045,8760,4219,4541,2190,1063,1127,
65710,8761,4288,4473,15332,7438,7894,17522,8406,9116,15331,7285,8046,8760,4219,4541,2190,1063,1127,
65715,8762,4289,4473,15332,7438,7894,17522,8406,9116,15332,7286,8046,8760,4219,4541,2190,1063,1127,
65720,8763,4290,4473,15334,7440,7894,17525,8408,9117,15333,7286,8047,8761,4220,4541,2190,1063,1127,
65725,8763,4290,4473,15335,7441,7894,17525,8408,9117,15334,7287,8047,8761,4220,4541,2191,1063,1128,
65730,8764,4291,4473,15335,7441,7894,17526,8409,9117,15335,7287,8048,8763,4220,4543,2191,1063,1128,
65735,8764,4291,4473,15337,7443,7894,17527,8410,9117,15336,7287,8049,8764,4221,4543,2191,1063,1128,
65740,8765,4291,4474,15339,7445,7894,17530,8411,9119,15338,7288,8050,8764,4221,4543,2191,1063,1128,
65745,8766,4292,4474,15339,7445,7894,17530,8411,9119,15339,7288,8051,8764,4221,4543,2191,1063,1128,
65750,8767,4292,4475,15341,7446,7895,17533,8413,9120,15340,7289,8051,8765,4222,4543,2191,1063,1128,
65755,8767,4292,4475,15342,7446,7896,17533,8413,9120,15341,7289,8052,8765,4222,4543,2192,1064,1128,
65760,8768,4292,4476,15342,7446,7896,17534,8413,9121,15342,7289,8053,8767,4222,4545,2192,1064,1128,
65765,8768,4292,4476,15344,7446,7898,17535,8413,9122,15343,7289,8054,8768,4222,4546,2192,1064,1128,
65770,8769,4293,4476,15346,7446,7900,17538,8415,9123,15345,7290,8055,8768,4222,4546,2192,1064,1128,
65775,8770,4293,4477,15346,7446,7900,17538,8415,9123,15346,7290,8056,8768,4222,4546,2192,1064,1128,
65780,8771,4294,4477,15348,7446,7902,17541,8417,9124,15347,7291,8056,8769,4223,4546,2192,1064,1128,
65785,8771,4294,4477,15349,7446,7903,17541,8417,9124,15348,7292,8056,8769,4223,4546,2193,1064,1129,
65790,8772,4294,4478,15349,7446,7903,17542,8418,9124,15349,7293,8056,8771,4223,4548,2193,1064,1129,
65795,8772,4294,4478,15351,7447,7904,17543,8418,9125,15350,7294,8056,8772,4224,4548,2193,1064,1129,
65800,8773,4295,4478,15353,7448,7905,17546,8418,9128,15352,7296,8056,8772,4224,4548,2193,1064,1129,
65805,8774,4295,4479,15353,7448,7905,17546,8418,9128,15353,7297,8056,8772,4224,4548,2193,1064,1129,
65810,8775,4296,4479,15355,7449,7906,17549,8421,9128,15354,7297,8057,8773,4225,4548,2193,1064,1129,
65815,8775,4296,4479,15356,7450,7906,17549,8421,9128,15355,7297,8058,8773,4225,4548,2194,1065,1129,
65820,8776,4297,4479,15356,7450,7906,17550,8421,9129,15356,7298,8058,8775,4226,4549,2194,1065,1129,
65825,8776,4297,4479,15358,7451,7907,17551,8422,9129,15357,7298,8059,8776,4226,4550,2194,1065,1129,
65830,8777,4297,4480,15360,7453,7907,17554,8424,9130,15359,7300,8059,8776,4226,4550,2194,1065,1129,
65835,8778,4297,4481,15360,7453,7907,17554,8424,9130,15360,7300,8060,8776,4226,4550,2194,1065,1129,
65840,8779,4298,4481,15362,7454,7908,17557,8425,9132,15361,7300,8061,8777,4226,4551,2194,1065,1129,
65845,8779,4298,4481,15363,7455,7908,17557,8425,9132,15362,7301,8061,8777,4226,4551,2195,1065,1130,
65850,8780,4298,4482,15363,7455,7908,17558,8426,9132,15363,7302,8061,8779,4226,4553,2195,1065,1130,
65855,8780,4298,4482,15365,7456,7909,17559,8426,9133,15364,7303,8061,8780,4227,4553,2195,1065,1130,
65860,8781,4298,4483,15367,7457,7910,17562,8427,9135,15366,7303,8063,8780,4227,4553,2195,1065,1130,
65865,8782,4298,4484,15367,7457,7910,17562,8427,9135,15367,7304,8063,8780,4227,4553,2195,1065,1130,
65870,8783,4298,4485,15369,7459,7910,17565,8428,9137,15368,7304,8064,8781,4228,4553,2195,1065,1130,
65875,8783,4298,4485,15370,7460,7910,17565,8428,9137,15369,7305,8064,8781,4228,4553,2196,1065,1131,
65880,8784,4299,4485,15370,7460,7910,17566,8429,9137,15370,7305,8065,8783,4228,4555,2196,1065,1131,
65885,8784,4299,4485,15372,7462,7910,17567,8430,9137,15371,7305,8066,8784,4229,4555,2196,1065,1131,
65890,8785,4299,4486,15374,7463,7911,17570,8431,9139,15373,7306,8067,8784,4229,4555,2196,1065,1131,
65895,8786,4299,4487,15374,7463,7911,17570,8431,9139,15374,7306,8068,8784,4229,4555,2196,1065,1131,
65900,8787,4299,4488,15376,7463,7913,17573,8431,9142,15375,7307,8068,8785,4230,4555,2196,1065,1131,
65905,8787,4299,4488,15377,7463,7914,17573,8431,9142,15376,7308,8068,8785,4230,4555,2197,1065,1132,
65910,8788,4299,4489,15377,7463,7914,17574,8431,9143,15377,7308,8069,8787,4232,4555,2197,1065,1132,
65915,8788,4299,4489,15379,7464,7915,17575,8431,9144,15378,7308,8070,8788,4232,4556,2197,1065,1132,
65920,8789,4299,4490,15381,7466,7915,17578,8432,9146,15380,7309,8071,8788,4232,4556,2197,1065,1132,
65925,8790,4300,4490,15381,7466,7915,17578,8432,9146,15381,7310,8071,8788,4232,4556,2197,1065,1132,
65930,8791,4300,4491,15383,7468,7915,17581,8433,9148,15382,7310,8072,8789,4232,4557,2197,1065,1132,
65935,8791,4300,4491,15384,7469,7915,17581,8433,9148,15383,7310,8073,8789,4232,4557,2198,1066,1132,
65940,8792,4300,4492,15384,7469,7915,17582,8434,9148,15384,7310,8074,8791,4233,4558,2198,1066,1132,
65945,8792,4300,4492,15386,7470,7916,17583,8435,9148,15385,7310,8075,8792,4234,4558,2198,1066,1132,
65950,8793,4300,4493,15388,7470,7918,17586,8436,9150,15387,7311,8076,8792,4234,4558,2198,1066,1132,
65955,8794,4301,4493,15388,7470,7918,17586,8436,9150,15388,7311,8077,8792,4234,4558,2198,1066,1132,
65960,8795,4301,4494,15390,7470,7920,17589,8437,9152,15389,7311,8078,8793,4235,4558,2198,1066,1132,
65965,8795,4301,4494,15391,7470,7921,17589,8437,9152,15390,7312,8078,8793,4235,4558,2199,1067,1132,
65970,8796,4301,4495,15391,7470,7921,17590,8438,9152,15391,7312,8079,8795,4236,4559,2199,1067,1132,
65975,8796,4301,4495,15393,7470,7923,17591,8439,9152,15392,7313,8079,8796,4236,4560,2199,1067,1132,
65980,8797,4302,4495,15395,7472,7923,17594,8441,9153,15394,7315,8079,8796,4236,4560,2199,1067,1132,
65985,8798,4303,4495,15395,7472,7923,17594,8441,9153,15395,7316,8079,8796,4236,4560,2199,1067,1132,
65990,8799,4304,4495,15397,7474,7923,17597,8444,9153,15396,7316,8080,8797,4236,4561,2199,1067,1132,
65995,8799,4304,4495,15398,7475,7923,17597,8444,9153,15397,7316,8081,8797,4236,4561,2200,1067,1133,
66000,8800,4304,4496,15398,7475,7923,17598,8444,9154,15398,7316,8082,8799,4236,4563,2200,1067,1133,
66005,8800,4304,4496,15400,7476,7924,17599,8444,9155,15399,7317,8082,8800,4237,4563,2200,1067,1133,
66010,8801,4304,4497,15402,7477,7925,17602,8444,9158,15401,7317,8084,8800,4237,4563,2200,1067,1133,
66015,8802,4304,4498,15402,7477,7925,17602,8444,9158,15402,7317,8085,8800,4237,4563,2200,1067,1133,
66020,8803,4304,4499,15404,7479,7925,17605,8444,9161,15403,7318,8085,8801,4238,4563,2200,1067,1133,
66025,8803,4304,4499,15405,7479,7926,17605,8444,9161,15404,7318,8086,8801,4238,4563,2201,1068,1133,
66030,8804,4305,4499,15405,7479,7926,17606,8445,9161,15405,7319,8086,8803,4240,4563,2201,1068,1133,
66035,8804,4305,4499,15407,7481,7926,17607,8446,9161,15406,7319,8087,8804,4240,4564,2201,1068,1133,
66040,8805,4305,4500,15409,7482,7927,17610,8447,9163,15408,7319,8089,8804,4240,4564,2201,1068,1133,
66045,8806,4306,4500,15409,7482,7927,17610,8447,9163,15409,7319,8090,8804,4240,4564,2201,1068,1133,
66050,8807,4306,4501,15411,7483,7928,17613,8448,9165,15410,7320,8090,8805,4240,4565,2201,1068,1133,
66055,8807,4306,4501,15412,7483,7929,17613,8448,9165,15411,7321,8090,8805,4240,4565,2202,1069,1133,
66060,8808,4307,4501,15412,7483,7929,17614,8449,9165,15412,7322,8090,8807,4241,4566,2202,1069,1133,
66065,8808,4307,4501,15414,7485,7929,17615,8450,9165,15413,7322,8091,8808,4241,4567,2202,1069,1133,
66070,8809,4308,4501,15416,7487,7929,17618,8450,9168,15415,7323,8092,8808,4241,4567,2202,1069,1133,
66075,8810,4308,4502,15416,7487,7929,17618,8450,9168,15416,7324,8092,8808,4241,4567,2202,1069,1133,
66080,8811,4308,4503,15418,7488,7930,17621,8452,9169,15417,7325,8092,8809,4241,4568,2202,1069,1133,
66085,8811,4308,4503,15419,7488,7931,17621,8452,9169,15418,7326,8092,8809,4241,4568,2203,1069,1134,
66090,8812,4309,4503,15419,7488,7931,17622,8453,9169,15419,7326,8093,8811,4241,4570,2203,1069,1134,
66095,8812,4309,4503,15421,7489,7932,17623,8453,9170,15420,7326,8094,8812,4241,4571,2203,1069,1134,
66100,8813,4309,4504,15423,7489,7934,17626,8454,9172,15422,7326,8096,8812,4241,4571,2203,1069,1134,
66105,8814,4309,4505,15423,7489,7934,17626,8454,9172,15423,7326,8097,8812,4241,4571,2203,1069,1134,
66110,8815,4310,4505,15425,7491,7934,17629,8456,9173,15424,7326,8098,8813,4242,4571,2203,1069,1134,
66115,8815,4310,4505,15426,7491,7935,17629,8456,9173,15425,7327,8098,8813,4242,4571,2204,1069,1135,
66120,8816,4310,4506,15426,7491,7935,17630,8457,9173,15426,7327,8099,8815,4244,4571,2204,1069,1135,
66125,8816,4310,4506,15428,7492,7936,17631,8457,9174,15427,7327,8100,8816,4245,4571,2204,1069,1135,
66130,8817,4311,4506,15430,7492,7938,17634,8458,9176,15429,7328,8101,8816,4245,4571,2204,1069,1135,
66135,8818,4311,4507,15430,7492,7938,17634,8458,9176,15430,7329,8101,8816,4245,4571,2204,1069,1135,
66140,8819,4312,4507,15432,7493,7939,17637,8459,9178,15431,7329,8102,8817,4245,4572,2204,1069,1135,
66145,8819,4312,4507,15433,7494,7939,17637,8459,9178,15432,7329,8103,8817,4245,4572,2205,1070,1135,
66150,8820,4313,4507,15433,7494,7939,17638,8460,9178,15433,7330,8103,8819,4246,4573,2205,1070,1135,
66155,8820,4313,4507,15435,7495,7940,17639,8460,9179,15434,7330,8104,8820,4246,4574,2205,1070,1135,
66160,8821,4313,4508,15437,7496,7941,17642,8460,9182,15436,7331,8105,8820,4246,4574,2205,1070,1135,
66165,8822,4314,4508,15437,7496,7941,17642,8460,9182,15437,7331,8106,8820,4246,4574,2205,1070,1135,
66170,8823,4314,4509,15439,7496,7943,17645,8461,9184,15438,7331,8107,8821,4246,4575,2205,1070,1135,
66175,8823,4314,4509,15440,7496,7944,17645,8461,9184,15439,7332,8107,8821,4246,4575,2206,1071,1135,
66180,8824,4315,4509,15440,7496,7944,17646,8462,9184,15440,7332,8108,8823,4247,4576,2206,1071,1135,
66185,8824,4315,4509,15442,7497,7945,17647,8462,9185,15441,7332,8109,8824,4247,4577,2206,1071,1135,
66190,8825,4316,4509,15444,7498,7946,17650,8462,9188,15443,7334,8109,8824,4247,4577,2206,1071,1135,
66195,8826,4317,4509,15444,7498,7946,17650,8462,9188,15444,7334,8110,8824,4247,4577,2206,1071,1135,
66200,8827,4318,4509,15446,7499,7947,17653,8463,9190,15445,7335,8110,8825,4247,4578,2206,1071,1135,
66205,8827,4318,4509,15447,7500,7947,17653,8463,9190,15446,7335,8111,8825,4247,4578,2207,1072,1135,
66210,8828,4318,4510,15447,7500,7947,17654,8463,9191,15447,7335,8112,8827,4249,4578,2207,1072,1135,
66215,8828,4318,4510,15449,7500,7949,17655,8464,9191,15448,7336,8112,8828,4250,4578,2207,1072,1135,
66220,8829,4318,4511,15451,7501,7950,17658,8464,9194,15450,7337,8113,8828,4250,4578,2207,1072,1135,
66225,8830,4318,4512,15451,7501,7950,17658,8464,9194,15451,7337,8114,8828,4250,4578,2207,1072,1135,
66230,8831,4318,4513,15453,7503,7950,17661,8466,9195,15452,7338,8114,8829,4250,4579,2207,1072,1135,
66235,8831,4318,4513,15454,7504,7950,17661,8466,9195,15453,7339,8114,8829,4250,4579,2208,1073,1135,
66240,8832,4319,4513,15454,7504,7950,17662,8467,9195,15454,7340,8114,8831,4251,4580,2208,1073,1135,
66245,8832,4319,4513,15456,7506,7950,17663,8467,9196,15455,7340,8115,8832,4251,4581,2208,1073,1135,
66250,8833,4320,4513,15458,7507,7951,17666,8469,9197,15457,7342,8115,8832,4251,4581,2208,1073,1135,
66255,8834,4320,4514,15458,7507,7951,17666,8469,9197,15458,7343,8115,8832,4251,4581,2208,1073,1135,
66260,8835,4320,4515,15460,7508,7952,17669,8470,9199,15459,7344,8115,8833,4251,4582,2208,1073,1135,
66265,8835,4320,4515,15461,7509,7952,17669,8470,9199,15460,7344,8116,8833,4251,4582,2209,1073,1136,
66270,8836,4321,4515,15461,7509,7952,17670,8470,9200,15461,7345,8116,8835,4253,4582,2209,1073,1136,
66275,8836,4321,4515,15463,7510,7953,17671,8470,9201,15462,7346,8116,8836,4254,4582,2209,1073,1136,
66280,8837,4322,4515,15465,7512,7953,17674,8470,9204,15464,7348,8116,8836,4254,4582,2209,1073,1136,
66285,8838,4323,4515,15465,7512,7953,17674,8470,9204,15465,7348,8117,8836,4254,4582,2209,1073,1136,
66290,8839,4324,4515,15467,7512,7955,17677,8471,9206,15466,7349,8117,8837,4254,4583,2209,1073,1136,
66295,8839,4324,4515,15468,7513,7955,17677,8471,9206,15467,7349,8118,8837,4254,4583,2210,1073,1137,
66300,8840,4324,4516,15468,7513,7955,17678,8471,9207,15468,7350,8118,8839,4254,4585,2210,1073,1137,
66305,8840,4324,4516,15470,7515,7955,17679,8472,9207,15469,7351,8118,8840,4255,4585,2210,1073,1137,
66310,8841,4324,4517,15472,7516,7956,17682,8473,9209,15471,7353,8118,8840,4255,4585,2210,1073,1137,
66315,8842,4324,4518,15472,7516,7956,17682,8473,9209,15472,7353,8119,8840,4255,4585,2210,1073,1137,
66320,8843,4325,4518,15474,7516,7958,17685,8476,9209,15473,7354,8119,8841,4255,4586,2210,1073,1137,
66325,8843,4325,4518,15475,7517,7958,17685,8476,9209,15474,7354,8120,8841,4255,4586,2211,1074,1137,
66330,8844,4326,4518,15475,7517,7958,17686,8476,9210,15475,7354,8121,8843,4256,4587,2211,1074,1137,
66335,8844,4326,4518,15477,7517,7960,17687,8476,9211,15476,7354,8122,8844,4256,4588,2211,1074,1137,
66340,8845,4326,4519,15479,7518,7961,17690,8477,9213,15478,7355,8123,8844,4256,4588,2211,1074,1137,
66345,8846,4327,4519,15479,7518,7961,17690,8477,9213,15479,7355,8124,8844,4256,4588,2211,1074,1137,
66350,8847,4327,4520,15481,7519,7962,17693,8479,9214,15480,7355,8125,8845,4257,4588,2211,1074,1137,
66355,8847,4327,4520,15482,7519,7963,17693,8479,9214,15481,7356,8125,8845,4257,4588,2212,1074,1138,
66360,8848,4328,4520,15482,7519,7963,17694,8479,9215,15482,7356,8126,8847,4258,4589,2212,1074,1138,
66365,8848,4328,4520,15484,7520,7964,17695,8480,9215,15483,7357,8126,8848,4258,4590,2212,1074,1138,
66370,8849,4329,4520,15486,7522,7964,17698,8480,9218,15485,7357,8128,8848,4258,4590,2212,1074,1138,
66375,8850,4329,4521,15486,7522,7964,17698,8480,9218,15486,7357,8129,8848,4258,4590,2212,1074,1138,
66380,8851,4330,4521,15488,7523,7965,17701,8482,9219,15487,7357,8130,8849,4258,4591,2212,1074,1138,
66385,8851,4330,4521,15489,7523,7966,17701,8482,9219,15488,7357,8131,8849,4258,4591,2213,1074,1139,
66390,8852,4330,4522,15489,7523,7966,17702,8482,9220,15489,7357,8132,8851,4258,4593,2213,1074,1139,
66395,8852,4330,4522,15491,7524,7967,17703,8483,9220,15490,7358,8132,8852,4258,4594,2213,1074,1139,
66400,8853,4330,4523,15493,7525,7968,17706,8486,9220,15492,7359,8133,8852,4258,4594,2213,1074,1139,
66405,8854,4330,4524,15493,7525,7968,17706,8486,9220,15493,7359,8134,8852,4258,4594,2213,1074,1139,
66410,8855,4330,4525,15495,7527,7968,17709,8488,9221,15494,7359,8135,8853,4259,4594,2213,1074,1139,
66415,8855,4330,4525,15496,7527,7969,17709,8488,9221,15495,7359,8136,8853,4259,4594,2214,1075,1139,
66420,8856,4330,4526,15496,7527,7969,17710,8489,9221,15496,7359,8137,8855,4260,4595,2214,1075,1139,
66425,8856,4330,4526,15498,7528,7970,17711,8489,9222,15497,7359,8138,8856,4261,4595,2214,1075,1139,
66430,8857,4331,4526,15500,7529,7971,17714,8491,9223,15499,7360,8139,8856,4261,4595,2214,1075,1139,
66435,8858,4332,4526,15500,7529,7971,17714,8491,9223,15500,7360,8140,8856,4261,4595,2214,1075,1139,
66440,8859,4332,4527,15502,7530,7972,17717,8492,9225,15501,7361,8140,8857,4262,4595,2214,1075,1139,
66445,8859,4332,4527,15503,7531,7972,17717,8492,9225,15502,7362,8140,8857,4262,4595,2215,1076,1139,
66450,8860,4332,4528,15503,7531,7972,17718,8492,9226,15503,7362,8141,8859,4262,4597,2215,1076,1139,
66455,8860,4332,4528,15505,7531,7974,17719,8493,9226,15504,7363,8141,8860,4263,4597,2215,1076,1139,
66460,8861,4332,4529,15507,7532,7975,17722,8496,9226,15506,7364,8142,8860,4263,4597,2215,1076,1139,
66465,8862,4333,4529,15507,7532,7975,17722,8496,9226,15507,7364,8143,8860,4263,4597,2215,1076,1139,
66470,8863,4333,4530,15509,7533,7976,17725,8497,9228,15508,7364,8144,8861,4263,4598,2215,1076,1139,
66475,8863,4333,4530,15510,7534,7976,17725,8497,9228,15509,7364,8145,8861,4263,4598,2216,1076,1140,
66480,8864,4333,4531,15510,7534,7976,17726,8497,9229,15510,7365,8145,8863,4264,4599,2216,1076,1140,
66485,8864,4333,4531,15512,7535,7977,17727,8498,9229,15511,7366,8145,8864,4264,4600,2216,1076,1140,
66490,8865,4334,4531,15514,7536,7978,17730,8500,9230,15513,7367,8146,8864,4264,4600,2216,1076,1140,
66495,8866,4334,4532,15514,7536,7978,17730,8500,9230,15514,7368,8146,8864,4264,4600,2216,1076,1140,
66500,8867,4335,4532,15516,7538,7978,17733,8502,9231,15515,7369,8146,8865,4264,4601,2216,1076,1140,
66505,8867,4335,4532,15517,7539,7978,17733,8502,9231,15516,7370,8146,8865,4264,4601,2217,1077,1140,
66510,8868,4336,4532,15517,7539,7978,17734,8502,9232,15517,7370,8147,8867,4265,4602,2217,1077,1140,
66515,8868,4336,4532,15519,7541,7978,17735,8503,9232,15518,7370,8148,8868,4265,4603,2217,1077,1140,
66520,8869,4336,4533,15521,7543,7978,17738,8505,9233,15520,7372,8148,8868,4265,4603,2217,1077,1140,
66525,8870,4336,4534,15521,7543,7978,17738,8505,9233,15521,7373,8148,8868,4265,4603,2217,1077,1140,
66530,8871,4336,4535,15523,7543,7980,17741,8506,9235,15522,7373,8149,8869,4265,4604,2217,1077,1140,
66535,8871,4336,4535,15524,7544,7980,17741,8506,9235,15523,7374,8149,8869,4265,4604,2218,1077,1141,
66540,8872,4337,4535,15524,7544,7980,17742,8506,9236,15524,7375,8149,8871,4266,4605,2218,1077,1141,
66545,8872,4337,4535,15526,7545,7981,17743,8507,9236,15525,7376,8149,8872,4267,4605,2218,1077,1141,
66550,8873,4337,4536,15528,7545,7983,17746,8509,9237,15527,7377,8150,8872,4267,4605,2218,1077,1141,
66555,8874,4337,4537,15528,7545,7983,17746,8509,9237,15528,7378,8150,8872,4267,4605,2218,1077,1141,
66560,8875,4337,4538,15530,7546,7984,17749,8511,9238,15529,7378,8151,8873,4268,4605,2218,1077,1141,
66565,8875,4337,4538,15531,7546,7985,17749,8511,9238,15530,7378,8152,8873,4268,4605,2219,1078,1141,
66570,8876,4337,4539,15531,7546,7985,17750,8511,9239,15531,7378,8153,8875,4270,4605,2219,1078,1141,
66575,8876,4337,4539,15533,7546,7987,17751,8511,9240,15532,7379,8153,8876,4270,4606,2219,1078,1141,
66580,8877,4337,4540,15535,7546,7989,17754,8512,9242,15534,7380,8154,8876,4270,4606,2219,1078,1141,
66585,8878,4338,4540,15535,7546,7989,17754,8512,9242,15535,7380,8155,8876,4270,4606,2219,1078,1141,
66590,8879,4338,4541,15537,7548,7989,17757,8514,9243,15536,7381,8155,8877,4270,4607,2219,1078,1141,
66595,8879,4338,4541,15538,7549,7989,17757,8514,9243,15537,7381,8156,8877,4270,4607,2220,1079,1141,
66600,8880,4339,4541,15538,7549,7989,17758,8514,9244,15538,7381,8157,8879,4271,4608,2220,1079,1141,
66605,8880,4339,4541,15540,7549,7991,17759,8515,9244,15539,7381,8158,8880,4272,4608,2220,1079,1141,
66610,8881,4340,4541,15542,7551,7991,17762,8515,9247,15541,7382,8159,8880,4272,4608,2220,1079,1141,
66615,8882,4341,4541,15542,7551,7991,17762,8515,9247,15542,7382,8160,8880,4272,4608,2220,1079,1141,
66620,8883,4341,4542,15544,7552,7992,17765,8517,9248,15543,7383,8160,8881,4272,4609,2220,1079,1141,
66625,8883,4341,4542,15545,7553,7992,17765,8517,9248,15544,7383,8161,8881,4272,4609,2221,1080,1141,
66630,8884,4342,4542,15545,7553,7992,17766,8518,9248,15545,7384,8161,8883,4272,4611,2221,1080,1141,
66635,8884,4342,4542,15547,7553,7994,17767,8518,9249,15546,7384,8162,8884,4273,4611,2221,1080,1141,
66640,8885,4342,4543,15549,7555,7994,17770,8519,9251,15548,7384,8164,8884,4273,4611,2221,1080,1141,
66645,8886,4342,4544,15549,7555,7994,17770,8519,9251,15549,7385,8164,8884,4273,4611,2221,1080,1141,
66650,8887,4343,4544,15551,7555,7996,17773,8520,9253,15550,7385,8165,8885,4274,4611,2221,1080,1141,
66655,8887,4343,4544,15552,7556,7996,17773,8520,9253,15551,7385,8166,8885,4274,4611,2222,1080,1142,
66660,8888,4343,4545,15552,7556,7996,17774,8520,9254,15552,7386,8166,8887,4275,4612,2222,1080,1142,
66665,8888,4343,4545,15554,7558,7996,17775,8520,9255,15553,7386,8167,8888,4275,4613,2222,1080,1142,
66670,8889,4343,4546,15556,7558,7998,17778,8521,9257,15555,7388,8167,8888,4275,4613,2222,1080,1142,
66675,8890,4343,4547,15556,7558,7998,17778,8521,9257,15556,7389,8167,8888,4275,4613,2222,1080,1142,
66680,8891,4344,4547,15558,7560,7998,17781,8522,9259,15557,7389,8168,8889,4275,4614,2222,1080,1142,
66685,8891,4344,4547,15559,7561,7998,17781,8522,9259,15558,7390,8168,8889,4275,4614,2223,1080,1143,
66690,8892,4344,4548,15559,7561,7998,17782,8523,9259,15559,7391,8168,8891,4276,4615,2223,1080,1143,
66695,8892,4344,4548,15561,7563,7998,17783,8523,9260,15560,7392,8168,8892,4276,4616,2223,1080,1143,
66700,8893,4344,4549,15563,7565,7998,17786,8523,9263,15562,7393,8169,8892,4276,4616,2223,1080,1143,
66705,8894,4344,4550,15563,7565,7998,17786,8523,9263,15563,7394,8169,8892,4276,4616,2223,1080,1143,
66710,8895,4344,4551,15565,7566,7999,17789,8524,9265,15564,7395,8169,8893,4276,4617,2223,1080,1143,
66715,8895,4344,4551,15566,7567,7999,17789,8524,9265,15565,7395,8170,8893,4276,4617,2224,1081,1143,
66720,8896,4344,4552,15566,7567,7999,17790,8525,9265,15566,7395,8171,8895,4276,4619,2224,1081,1143,
66725,8896,4344,4552,15568,7568,8000,17791,8526,9265,15567,7395,8172,8896,4276,4620,2224,1081,1143,
66730,8897,4345,4552,15570,7569,8001,17794,8528,9266,15569,7395,8174,8896,4276,4620,2224,1081,1143,
66735,8898,4345,4553,15570,7569,8001,17794,8528,9266,15570,7395,8175,8896,4276,4620,2224,1081,1143,
66740,8899,4346,4553,15572,7571,8001,17797,8529,9268,15571,7395,8176,8897,4276,4621,2224,1081,1143,
66745,8899,4346,4553,15573,7571,8002,17797,8529,9268,15572,7395,8177,8897,4276,4621,2225,1081,1144,
66750,8900,4346,4554,15573,7571,8002,17798,8529,9269,15573,7396,8177,8899,4277,4622,2225,1081,1144,
66755,8900,4346,4554,15575,7571,8004,17799,8529,9270,15574,7397,8177,8900,4277,4623,2225,1081,1144,
66760,8901,4346,4555,15577,7571,8006,17802,8530,9272,15576,7397,8179,8900,4277,4623,2225,1081,1144,
66765,8902,4346,4556,15577,7571,8006,17802,8530,9272,15577,7398,8179,8900,4277,4623,2225,1081,1144,
66770,8903,4347,4556,15579,7572,8007,17805,8533,9272,15578,7399,8179,8901,4278,4623,2225,1081,1144,
66775,8903,4347,4556,15580,7572,8008,17805,8533,9272,15579,7400,8179,8901,4278,4623,2226,1081,1145,
66780,8904,4348,4556,15580,7572,8008,17806,8534,9272,15580,7400,8180,8903,4279,4624,2226,1081,1145,
66785,8904,4348,4556,15582,7572,8010,17807,8534,9273,15581,7400,8181,8904,4280,4624,2226,1081,1145,
66790,8905,4349,4556,15584,7572,8012,17810,8534,9276,15583,7401,8182,8904,4280,4624,2226,1081,1145,
66795,8906,4350,4556,15584,7572,8012,17810,8534,9276,15584,7402,8182,8904,4280,4624,2226,1081,1145,
66800,8907,4350,4557,15586,7572,8014,17813,8535,9278,15585,7403,8182,8905,4280,4625,2226,1081,1145,
66805,8907,4350,4557,15587,7573,8014,17813,8535,9278,15586,7403,8183,8905,4280,4625,2227,1081,1146,
66810,8908,4350,4558,15587,7573,8014,17814,8535,9279,15587,7403,8184,8907,4281,4626,2227,1081,1146,
66815,8908,4350,4558,15589,7573,8016,17815,8535,9280,15588,7403,8185,8908,4281,4627,2227,1081,1146,
66820,8909,4351,4558,15591,7574,8017,17818,8536,9282,15590,7404,8186,8908,4281,4627,2227,1081,1146,
66825,8910,4351,4559,15591,7574,8017,17818,8536,9282,15591,7405,8186,8908,4281,4627,2227,1081,1146,
66830,8911,4352,4559,15593,7575,8018,17821,8538,9283,15592,7405,8187,8909,4281,4628,2227,1081,1146,
66835,8911,4352,4559,15594,7575,8019,17821,8538,9283,15593,7406,8187,8909,4281,4628,2228,1082,1146,
66840,8912,4352,4560,15594,7575,8019,17822,8538,9284,15594,7407,8187,8911,4283,4628,2228,1082,1146,
66845,8912,4352,4560,15596,7575,8021,17823,8538,9285,15595,7407,8188,8912,4284,4628,2228,1082,1146,
66850,8913,4352,4561,15598,7576,8022,17826,8540,9286,15597,7407,8190,8912,4284,4628,2228,1082,1146,
66855,8914,4353,4561,15598,7576,8022,17826,8540,9286,15598,7407,8191,8912,4284,4628,2228,1082,1146,