TIME,0 ,1 ,2 ,3 ,4 ,5 ,6 ,7 ,8 ,9 ,10 ,11 ,12 ,13 ,14 ,15 ,16 ,17 ,18 ,19 ,20 ,21 ,22 ,23 ,24 ,25 ,26 ,27 ,28 ,29 ,30 ,31 ,32 
 5,0,0,0,0,0,0,0,0,0,0,0,0,0,0,0,0,0,0,0,0,0,0,0,0,0,0,0,0,0,0,0,0
 10,0,0,0,0,0,0,0,0,0,0,0,0,0,0,0,0,0,0,0,0,0,0,0,0,0,0,0,0,0,0,0,0
 15,0,0,0,0,0,0,0,0,0,0,0,0,0,0,0,0,0,0,0,0,0,0,0,0,0,0,0,0,0,0,0,0
 20,0,0,0,0,0,0,0,0,0,0,0,0,0,0,0,0,0,0,0,0,0,0,0,0,0,0,0,0,0,0,0,0
 25,0,0,0,0,0,0,0,0,0,0,0,0,0,0,0,0,0,0,0,0,0,0,0,0,0,0,0,0,0,0,0,0
 30,0,0,0,0,0,0,0,0,0,0,0,0,0,0,0,0,0,0,0,0,0,0,0,0,0,0,0,0,0,0,0,0
 35,0,0,0,0,0,0,0,0,0,0,0,0,0,0,0,0,0,0,0,0,0,0,0,0,0,0,0,0,0,0,0,0
 40,0,0,0,0,0,0,0,0,0,0,0,0,0,0,0,0,0,0,0,0,0,0,0,0,0,0,0,0,0,0,0,0
 45,0,0,0,0,0,0,0,0,0,0,0,0,0,0,0,0,0,0,0,0,0,0,0,0,0,0,0,0,0,0,0,0
 50,0,0,0,0,0,0,0,0,0,0,0,0,0,0,0,0,0,0,0,0,0,0,0,0,0,0,0,0,0,0,0,0
 55,0,0,0,0,0,0,0,0,0,0,0,0,0,0,0,0,0,0,0,0,0,0,0,0,0,0,0,0,0,0,0,0
 60,0,0,0,0,0,0,0,0,0,0,0,0,0,0,0,0,0,0,0,0,0,0,0,0,0,0,0,0,0,0,0,0
 65,0,0,0,0,0,0,0,0,0,0,0,0,0,0,0,0,0,0,0,0,0,0,0,0,0,0,0,0,0,0,0,0
 70,0,0,0,0,0,0,0,0,0,0,0,0,0,0,0,0,0,0,0,0,0,0,0,0,0,0,0,0,0,0,0,0
 75,0,0,0,0,0,0,0,0,0,0,0,0,0,0,0,0,0,0,0,0,0,0,0,0,0,0,0,0,0,0,0,0
 80,0,0,0,0,0,0,0,0,0,0,0,0,0,0,0,0,0,0,0,0,0,0,0,0,0,0,0,0,0,0,0,0
 85,0,0,0,0,0,0,0,0,0,0,0,0,0,0,0,0,0,0,0,0,0,0,0,0,0,0,0,0,0,0,0,0
 90,0,0,0,0,0,0,0,0,0,0,0,0,0,0,0,0,0,0,0,0,0,0,0,0,0,0,0,0,0,0,0,0
 95,0,0,0,0,0,0,0,0,0,0,0,0,0,0,0,0,0,0,0,0,0,0,0,0,0,0,0,0,0,0,0,0
 100,0,0,0,0,0,0,0,0,0,0,0,0,0,0,0,0,0,0,0,0,0,0,0,0,0,0,0,0,0,0,0,0
 105,0,0,0,0,0,0,0,0,0,0,0,0,0,0,0,0,0,0,0,0,0,0,0,0,0,0,0,0,0,0,0,0
 110,0,0,0,0,0,0,0,0,0,0,0,0,0,0,0,0,0,0,0,0,0,0,0,0,0,0,0,0,0,0,0,0
 115,0,0,0,0,0,0,0,0,0,0,0,0,0,0,0,0,0,0,0,0,0,0,0,0,0,0,0,0,0,0,0,0
 120,0,0,0,0,0,0,0,0,0,0,0,0,0,0,0,0,0,0,0,0,0,0,0,0,0,0,0,0,0,0,0,0
 125,0,0,0,0,0,0,0,0,0,0,0,0,0,0,0,0,0,0,0,0,0,0,0,0,0,0,0,0,0,0,0,0
 130,0,0,0,0,0,0,0,0,0,0,0,0,0,0,0,0,0,0,0,0,0,0,0,0,0,0,0,0,0,0,0,0
 135,0,0,0,0,0,0,0,0,0,0,0,0,0,0,0,0,0,0,0,0,0,0,0,0,0,0,0,0,0,0,0,0
 140,0,1,0,0,0,0,0,0,0,0,0,0,0,0,0,0,0,0,0,0,0,0,0,0,3,0,0,0,0,0,0,0
 145,0,6,0,0,0,0,0,0,5,0,0,0,0,0,0,0,0,0,0,0,0,0,0,0,8,0,0,0,0,0,0,0
 150,0,11,0,0,0,0,-1,0,10,0,0,0,0,0,0,0,0,0,0,0,0,0,0,0,13,0,0,0,0,0,0,0
 155,0,16,0,0,0,0,4,0,15,0,0,0,0,0,0,0,0,0,0,0,0,0,0,0,18,0,0,0,0,0,0,0
 160,0,21,0,0,0,0,9,5,20,0,0,0,0,0,0,0,0,0,0,0,0,0,0,0,23,0,0,0,0,0,0,0
 165,0,26,0,0,0,0,14,10,25,0,0,0,0,0,0,0,0,0,0,0,0,0,0,0,28,0,0,0,0,0,0,0
 170,0,31,2,0,0,0,19,15,30,0,0,0,0,0,0,0,0,2,0,0,0,0,0,3,33,0,0,0,0,0,0,0
 175,0,36,7,0,0,0,24,20,35,0,0,0,0,0,0,0,0,7,0,0,0,0,0,8,38,0,0,0,0,0,0,0
 180,0,41,12,0,0,5,29,25,40,0,0,0,0,0,3,0,0,12,0,0,0,0,0,13,43,0,0,0,0,0,0,0
 185,0,46,17,2,0,10,34,30,45,0,0,0,0,0,8,0,0,17,0,0,0,0,0,18,48,0,0,0,0,0,0,0
 190,0,51,22,7,0,15,39,35,50,0,0,0,0,0,13,0,0,22,0,0,0,0,0,23,53,0,0,0,0,0,0,0
 195,0,56,27,12,0,20,44,40,55,0,0,0,0,0,18,0,0,27,0,0,0,0,0,28,58,0,0,0,0,0,0,0
 200,0,61,32,17,0,25,49,45,60,0,0,0,0,0,23,0,0,32,0,0,0,0,0,33,63,0,0,0,0,0,0,0
 205,0,66,37,22,0,30,54,50,65,0,0,0,0,0,28,0,0,37,0,0,0,0,0,38,68,0,0,0,0,0,0,0
 210,0,71,42,27,0,35,59,55,70,0,0,0,0,0,33,0,0,42,0,0,0,0,0,43,73,0,0,0,0,0,0,0
 215,0,76,47,32,0,40,64,60,75,0,0,0,0,0,38,0,0,47,0,0,0,0,0,48,78,0,0,0,0,0,-1,0
 220,0,81,52,37,0,45,69,65,80,0,0,0,0,0,43,0,0,52,0,0,0,0,0,53,83,0,0,0,0,0,4,0
 225,0,86,57,42,0,50,74,70,85,0,0,0,0,0,48,0,0,57,0,0,0,0,0,58,88,0,0,0,0,0,9,0
 230,0,91,62,47,0,55,79,75,90,0,0,0,0,0,53,0,0,62,0,0,0,0,0,63,93,0,0,0,0,0,14,0
 235,0,96,67,52,0,60,84,80,95,0,0,0,0,0,58,0,0,67,0,0,0,0,0,68,98,0,0,0,0,0,19,0
 240,0,101,72,57,0,65,89,85,100,0,0,0,0,0,63,0,0,72,0,0,0,0,0,73,103,0,0,0,0,0,24,0
 245,0,105,77,62,0,70,94,90,105,0,0,0,0,0,68,0,0,77,0,0,0,0,0,78,107,0,0,0,0,0,29,0
 250,0,105,82,67,0,75,99,95,107,0,0,0,0,0,73,0,0,82,0,0,0,0,0,83,107,0,1,0,0,0,34,0
 255,0,105,87,72,0,80,105,100,107,0,0,0,-1,0,78,0,0,87,0,0,0,0,0,88,107,0,6,0,0,0,39,0
 260,0,105,92,77,0,85,105,103,107,0,0,0,4,0,83,0,0,92,0,0,0,0,0,93,107,0,11,0,0,0,44,0
 265,0,105,97,82,0,90,105,103,107,0,0,5,9,0,88,0,0,97,0,0,0,0,0,98,107,0,16,0,0,0,49,0
 270,0,105,102,87,0,95,105,103,107,0,0,10,14,0,93,0,0,102,0,0,0,0,0,103,107,0,21,0,0,0,54,0
 275,0,105,105,92,0,101,105,103,107,0,0,15,19,0,98,0,0,107,0,0,0,0,0,103,107,0,26,0,0,0,59,0
 280,0,106,105,97,0,101,105,103,110,0,0,20,24,0,101,0,0,107,0,0,0,0,0,103,107,0,31,0,0,0,64,0
 285,0,111,105,102,0,101,105,103,115,0,0,25,29,0,101,0,0,107,0,0,0,0,0,103,109,0,36,0,0,0,69,0
 290,0,116,105,107,5,104,105,103,120,0,0,30,34,0,101,0,0,106,0,0,0,0,0,103,114,0,41,0,0,0,74,0
 295,0,121,105,107,10,109,105,108,125,0,0,35,39,0,104,0,0,111,0,1,0,0,0,103,119,0,46,0,0,0,79,0
 300,0,126,105,107,15,114,105,113,130,0,0,40,44,0,109,0,0,116,0,6,0,0,0,103,124,0,51,0,0,0,84,0
 305,0,131,105,107,20,119,105,118,135,0,0,45,49,0,114,0,0,121,0,11,0,0,0,106,129,0,56,0,0,0,89,0
 310,0,136,105,107,25,124,105,123,140,0,0,50,54,0,119,0,0,126,0,16,0,0,0,111,134,0,61,0,-1,0,94,0
 315,0,141,105,107,30,129,105,128,145,0,0,55,59,0,124,0,0,131,0,21,0,0,0,116,139,0,66,0,4,0,99,0
 320,0,146,105,107,35,134,105,133,150,0,0,60,64,0,129,0,0,136,0,26,0,0,0,121,144,0,71,0,9,0,104,0
 325,0,151,105,107,40,139,105,138,155,0,0,65,69,0,134,0,0,141,0,31,0,0,0,126,149,0,76,0,14,0,107,0
 330,0,156,105,107,45,144,105,143,160,0,0,70,74,0,139,0,0,146,0,36,0,0,0,131,154,0,81,0,19,0,107,0
 335,0,161,105,107,50,149,105,148,165,0,0,75,79,0,144,0,0,151,0,41,0,0,0,136,159,0,86,0,24,0,107,0
 340,0,166,105,107,55,154,105,153,170,0,0,80,84,0,149,0,0,156,0,46,0,0,0,141,164,0,91,0,29,0,107,0
 345,0,171,105,107,60,159,105,158,175,0,0,85,89,0,154,0,0,161,0,51,0,0,0,146,169,0,96,0,34,0,107,0
 350,0,176,105,107,65,164,105,163,180,0,0,90,94,0,159,0,0,166,0,56,0,0,0,151,174,0,101,0,39,0,107,0
 355,0,181,105,107,70,169,105,168,185,0,0,95,99,0,164,0,0,171,0,61,0,0,0,156,179,0,103,0,44,0,107,0
 360,0,186,105,107,75,174,105,173,190,0,0,100,103,0,169,0,0,176,0,66,0,0,0,161,184,0,103,0,49,0,107,0
 365,0,191,105,107,80,179,105,178,195,0,0,103,103,0,174,0,0,181,0,71,0,0,0,166,189,0,103,0,54,0,107,0
 370,0,196,106,107,85,184,105,183,200,0,0,103,103,0,179,0,0,186,0,76,0,0,0,171,194,0,105,0,59,0,107,0
 375,0,201,111,112,90,189,105,188,205,0,0,103,103,0,184,0,0,191,0,81,0,0,0,176,199,0,110,0,64,0,107,0
 380,0,206,116,117,95,194,105,193,210,0,0,103,103,0,189,0,0,196,0,86,0,0,0,181,204,0,115,0,69,0,107,0
 385,0,208,121,122,101,199,105,198,212,0,0,103,103,0,194,0,0,201,0,91,0,0,0,186,209,0,120,0,74,0,107,0
 390,0,208,126,127,101,204,105,203,212,0,0,103,103,0,199,0,0,206,0,96,0,0,0,191,214,0,125,0,79,0,107,0
 395,0,208,131,132,101,204,105,208,212,0,0,103,103,0,204,0,0,211,0,101,0,0,0,196,214,0,130,0,84,0,112,0
 400,0,208,136,137,101,204,105,210,212,0,0,103,103,0,206,0,0,214,0,101,0,0,0,201,214,0,135,0,89,0,117,0
 405,0,208,141,142,101,204,105,210,212,0,0,103,103,0,206,0,0,214,0,101,0,0,0,206,214,0,140,0,94,0,122,0
 410,0,208,146,147,101,204,105,210,212,0,0,103,103,0,206,0,0,213,0,101,0,0,0,208,214,0,145,0,99,0,127,0
 415,0,208,151,152,101,204,105,210,212,0,0,103,103,0,206,0,0,218,0,101,0,0,0,208,214,0,150,0,105,0,132,0
 420,0,208,156,157,101,204,105,210,212,0,0,103,103,0,206,0,0,223,0,101,0,0,0,208,214,0,155,0,105,0,137,0
 425,0,208,161,162,101,204,105,213,212,0,0,103,103,0,206,0,0,228,0,101,0,0,0,208,214,0,160,0,105,0,142,0
 430,0,208,166,167,101,204,105,218,217,0,0,103,103,0,206,0,0,233,0,101,0,0,0,208,214,0,165,0,105,0,147,0
 435,0,208,171,172,104,207,105,223,222,0,0,103,103,0,206,0,0,238,0,101,0,0,0,208,213,0,170,0,105,0,152,0
 440,0,208,176,177,109,212,105,228,227,0,0,103,103,0,206,0,0,243,0,101,0,0,0,208,218,0,175,0,105,0,157,0
 445,0,208,181,182,114,217,105,233,232,0,0,103,103,0,206,0,0,248,0,101,0,0,0,208,223,0,180,0,105,0,162,0
 450,0,208,186,187,119,222,105,238,237,0,0,103,103,0,206,0,0,253,0,101,0,0,0,208,228,0,185,0,105,0,167,0
 455,0,208,191,192,124,227,105,243,242,0,0,103,103,0,205,0,0,258,0,101,0,0,0,208,233,0,190,0,105,0,172,0
 460,0,208,196,197,129,232,105,248,247,0,0,103,103,0,210,0,0,263,0,102,0,0,0,208,238,0,195,0,105,0,177,0
 465,0,208,201,202,134,237,105,253,252,0,0,103,103,0,215,0,0,268,0,107,0,0,0,208,243,0,200,0,105,0,182,0
 470,0,210,206,207,139,242,105,258,257,0,0,103,102,0,220,0,0,273,0,112,0,0,0,211,248,0,205,0,105,0,187,0
 475,0,215,208,210,144,247,105,263,262,0,0,103,107,0,225,0,0,278,0,117,0,0,0,216,253,0,208,0,105,0,192,0
 480,0,220,208,210,149,252,105,268,267,0,0,103,112,0,230,0,0,283,0,122,0,0,0,221,258,0,208,0,105,0,197,0
 485,0,225,208,209,154,257,105,273,272,0,0,103,117,0,235,0,0,288,0,127,0,0,0,226,263,0,208,0,105,0,202,0
 490,0,230,208,214,159,262,105,278,277,0,0,103,122,0,240,0,0,293,0,132,0,0,0,231,268,0,208,0,105,0,207,0
 495,0,235,208,219,164,267,105,283,282,0,0,103,127,0,245,0,0,298,0,137,0,0,0,236,273,0,208,0,105,0,210,0
 500,0,240,208,224,169,272,105,288,287,0,0,103,132,0,250,0,0,303,0,142,0,0,0,241,278,0,208,0,105,0,210,0
 505,0,245,208,229,174,277,105,293,292,0,0,103,137,0,255,0,0,308,0,147,0,0,0,246,283,0,208,0,105,0,210,0
 510,0,250,208,234,179,282,105,298,297,0,0,103,142,0,260,0,0,313,0,152,0,0,0,251,288,0,208,0,105,0,210,0
 515,0,255,208,239,184,287,105,303,302,0,0,103,147,0,265,0,0,319,0,157,0,0,0,256,293,0,208,0,105,0,210,0
 520,0,260,208,244,189,292,105,308,307,0,0,103,152,0,270,0,0,319,0,162,0,0,0,261,298,0,208,0,105,0,210,0
 525,0,265,208,249,194,297,105,313,312,0,0,103,157,0,275,0,0,319,0,167,0,0,0,266,303,0,208,0,105,0,210,0
 530,0,270,208,254,199,302,105,313,317,0,0,103,162,0,280,0,0,319,0,172,0,0,0,271,308,0,208,0,105,0,210,0
 535,0,275,207,259,204,307,105,313,319,0,0,103,167,0,285,0,0,319,0,177,0,0,0,276,313,0,208,0,105,0,210,0
 540,0,280,212,264,206,307,105,313,319,0,0,103,172,0,290,0,0,319,0,182,0,0,0,281,319,0,208,0,105,0,210,0
 545,0,285,217,269,206,307,110,313,320,0,0,103,177,0,295,0,0,322,0,187,0,0,0,286,319,0,208,0,105,0,210,0
 550,0,290,222,274,206,307,115,313,325,0,0,103,182,0,300,0,0,327,0,192,0,0,0,291,319,0,208,0,105,0,210,0
 555,0,295,227,279,206,307,120,313,330,0,0,103,187,0,305,0,0,332,0,197,0,0,0,296,319,0,208,0,105,0,210,0
 560,0,300,232,284,206,307,125,313,335,0,0,103,192,0,309,0,0,337,0,202,0,0,0,301,319,0,208,0,105,0,210,0
 565,0,305,237,289,206,307,130,313,340,0,0,103,197,0,309,0,0,342,-1,204,0,0,0,306,319,0,208,0,105,0,210,0
 570,0,311,242,294,206,307,135,313,345,0,0,103,202,0,309,0,0,347,4,204,0,0,0,309,319,0,208,0,105,0,210,0
 575,0,311,247,299,206,307,140,313,350,0,0,103,207,0,309,0,0,352,9,204,0,0,0,309,319,0,208,0,105,0,210,0
 580,0,311,252,304,206,307,145,313,355,0,0,103,210,0,309,0,0,357,14,205,0,0,0,309,319,0,208,0,105,0,210,0
 585,0,311,257,309,206,307,150,313,360,0,0,103,210,0,309,0,0,362,19,210,0,0,0,309,319,0,208,0,105,0,210,0
 590,0,311,262,315,206,307,155,313,365,0,0,103,210,0,309,0,0,367,24,215,0,0,0,309,319,0,208,0,105,0,210,0
 595,0,311,267,315,205,307,160,313,370,0,0,103,210,0,309,0,0,372,29,220,0,0,0,309,319,0,208,0,105,0,210,0
 600,0,311,272,315,210,307,165,313,375,0,0,103,210,0,310,0,0,377,34,225,0,0,0,309,319,0,208,0,105,0,210,0
 605,0,311,277,315,215,307,170,313,380,0,0,103,210,0,315,0,0,382,39,230,0,0,0,309,319,0,208,0,105,0,210,0
 610,0,311,282,315,220,312,175,313,385,0,0,106,210,0,320,0,0,387,44,235,0,0,0,309,319,0,208,0,105,0,210,0
 615,0,311,287,315,225,317,180,313,390,0,0,111,210,0,325,0,0,392,49,240,0,0,0,309,319,0,208,0,105,0,210,0
 620,0,311,292,315,230,322,185,313,395,0,0,116,210,0,330,0,0,397,54,245,0,0,0,309,319,0,208,0,105,0,210,0
 625,0,311,297,315,235,327,190,314,400,0,0,121,210,0,335,0,0,402,59,250,0,0,0,309,319,0,208,0,105,0,210,0
 630,0,311,302,315,240,332,195,319,405,0,0,126,210,0,340,0,0,407,64,255,0,0,0,309,324,0,208,0,105,0,210,0
 635,0,311,307,315,245,337,200,324,410,0,0,131,210,0,345,0,0,412,69,260,0,0,0,309,329,0,208,0,105,0,210,0
 640,0,311,312,315,250,342,205,329,415,0,0,136,210,0,350,0,0,417,74,265,0,0,0,309,334,0,208,0,105,0,213,0
 645,0,310,315,315,255,347,210,334,420,0,0,141,210,0,355,0,0,422,79,270,0,0,0,309,339,0,208,0,105,0,218,0
 650,0,315,315,315,260,352,210,339,422,0,0,146,210,0,360,0,0,426,84,275,0,0,0,309,344,0,208,0,105,0,223,0
 655,0,320,315,315,265,357,210,344,422,0,0,151,210,0,365,0,0,426,89,280,0,0,0,309,349,0,208,0,105,0,228,0
 660,0,325,315,315,270,362,210,349,422,0,0,156,210,0,370,0,0,426,94,285,0,0,0,309,354,0,208,0,105,0,233,0
 665,0,330,315,315,275,367,210,354,422,0,0,161,210,0,375,0,0,426,99,290,0,0,0,309,359,0,208,0,105,0,238,0
 670,0,335,315,315,280,372,210,359,427,0,0,166,210,0,380,0,0,426,103,295,0,0,0,309,364,0,208,0,105,0,243,0
 675,0,340,315,315,285,377,210,364,432,0,0,171,210,0,385,0,0,426,103,300,0,0,0,314,369,0,208,0,105,0,248,0
 680,0,345,315,315,290,382,210,369,437,0,0,176,210,0,390,0,0,428,103,305,0,0,0,319,374,0,208,0,105,0,253,0
 685,0,350,315,315,295,387,210,374,442,0,0,181,210,0,395,0,0,433,103,305,0,0,0,324,379,0,208,0,105,0,258,0
 690,0,355,315,315,300,392,210,379,447,0,0,186,210,0,400,0,0,438,103,305,0,0,0,329,384,0,208,0,105,0,263,0
 695,0,360,315,315,305,397,210,384,452,0,0,191,210,0,405,0,0,443,103,305,0,0,0,334,389,0,208,0,105,0,268,0
 700,0,365,315,315,309,402,210,389,457,0,0,196,210,0,410,0,0,448,103,305,0,0,0,339,394,0,208,0,105,0,273,0
 705,0,370,315,315,310,407,210,394,462,0,0,201,210,0,412,0,0,453,103,305,0,0,0,344,399,0,208,0,105,0,278,0
 710,0,375,315,314,315,410,210,399,467,0,0,206,215,0,412,0,0,458,103,305,0,0,0,349,404,0,208,0,105,0,283,0
 715,0,380,315,319,320,410,210,404,472,0,0,206,220,0,412,0,0,463,103,305,0,0,0,354,409,0,208,0,105,0,288,0
 720,0,385,315,324,325,410,215,409,477,0,0,206,225,0,411,0,0,468,103,305,0,0,0,359,414,0,208,0,105,0,293,0
 725,0,390,315,329,330,410,220,414,482,0,0,206,230,0,416,0,0,473,103,305,0,0,0,364,419,0,208,0,105,0,298,0
 730,0,395,315,334,335,415,225,418,487,0,0,206,235,0,421,0,0,478,103,305,0,0,0,369,424,0,208,0,105,0,303,0
 735,0,400,315,339,340,420,230,418,492,0,0,206,240,0,426,0,0,483,103,305,0,0,0,374,426,0,208,0,105,0,308,0
 740,0,405,315,344,345,425,235,418,497,0,0,206,245,0,431,0,0,488,103,305,0,0,0,379,426,0,208,0,105,0,313,0
 745,0,410,315,349,350,430,240,418,502,0,0,206,250,0,436,0,0,493,103,305,0,0,0,384,426,0,208,0,105,0,315,0
 750,0,414,315,354,355,435,245,418,507,0,0,206,255,0,441,0,0,498,103,305,0,0,0,389,426,0,208,0,105,0,315,0
 755,0,414,317,359,360,440,250,418,512,0,0,206,260,0,446,0,0,503,103,305,0,0,0,394,426,0,208,0,105,0,315,0
 760,0,417,322,364,365,445,255,418,517,0,0,206,265,0,451,0,0,508,103,307,0,0,0,399,426,0,208,0,105,0,315,0
 765,0,422,327,369,370,450,260,418,522,0,0,206,270,0,456,0,0,513,103,312,0,0,0,404,426,0,208,0,105,0,315,0
 770,0,427,332,374,375,455,265,418,527,0,0,206,275,0,461,0,0,518,103,317,0,0,0,409,426,0,208,0,105,0,315,0
 775,0,432,337,379,380,460,270,418,529,0,0,206,280,0,466,0,0,523,103,322,0,0,0,412,426,0,208,0,105,0,315,0
 780,0,437,342,384,385,465,275,418,529,0,0,206,285,0,471,0,0,528,103,327,0,0,0,412,426,0,208,0,105,0,315,0
 785,0,442,347,389,390,470,280,418,529,0,0,206,290,0,476,0,0,531,103,332,0,0,0,412,426,0,208,0,105,0,315,0
 790,0,447,352,394,395,475,285,418,530,0,0,206,295,0,481,0,0,531,103,337,0,0,0,412,426,0,208,0,105,0,315,0
 795,0,452,357,399,400,480,290,421,535,0,0,206,300,0,486,0,0,530,103,342,0,0,0,412,426,0,208,0,105,0,315,0
 800,0,457,362,404,405,485,295,426,540,0,0,206,305,0,491,0,0,535,103,347,0,0,0,412,431,0,208,0,105,0,315,0
 805,0,462,367,409,410,490,300,431,545,0,0,206,310,0,496,0,0,540,103,352,0,0,0,412,436,0,208,0,105,0,315,0
 810,0,467,372,414,412,495,305,436,550,0,0,206,315,0,501,0,0,545,103,357,0,0,0,412,441,0,208,0,105,0,315,0
 815,0,472,377,419,412,500,310,441,555,0,0,206,315,0,506,0,0,550,103,362,0,0,0,412,446,0,208,0,105,0,315,0
 820,0,477,382,424,415,505,315,446,560,0,0,206,315,0,511,0,0,555,103,367,0,0,0,412,451,0,208,0,105,0,315,0
 825,0,482,387,430,420,511,317,451,565,0,0,206,315,0,517,0,0,560,103,372,0,0,0,412,456,0,208,0,105,0,315,0
 830,0,487,392,430,425,511,317,456,570,0,0,206,320,0,517,0,0,565,103,377,0,0,0,412,461,0,208,0,105,0,315,0
 835,0,492,397,430,430,511,319,461,575,0,0,206,325,0,517,0,0,570,103,382,0,0,0,412,466,0,208,0,105,0,315,0
 840,0,497,402,430,435,511,324,466,580,0,0,206,330,0,517,0,0,575,103,387,0,0,0,412,471,0,208,0,105,0,315,0
 845,0,502,407,430,440,511,329,471,585,0,0,206,335,0,517,0,0,580,103,392,0,0,0,411,476,0,208,0,105,0,315,0
 850,0,507,412,430,445,511,334,476,590,0,0,206,340,0,517,0,0,585,103,397,0,0,0,416,481,0,208,0,105,0,315,0
 855,0,512,417,430,450,511,339,481,595,0,0,206,345,0,520,0,0,590,103,402,0,0,0,421,486,0,208,0,105,0,315,0
 860,0,517,420,430,455,511,344,486,600,0,0,206,350,0,525,0,0,595,103,407,0,0,0,426,491,0,208,0,105,0,315,0
 865,0,522,420,430,460,511,349,491,605,0,0,206,355,0,530,0,0,600,103,410,0,0,0,431,496,0,208,0,105,0,315,0
 870,0,525,421,430,465,511,354,496,610,0,0,206,360,0,535,0,0,605,103,410,0,0,0,436,501,0,208,0,105,0,315,0
 875,0,525,426,430,470,511,359,501,615,0,0,211,365,0,540,0,0,610,103,410,0,0,0,441,506,0,208,0,105,0,315,0
 880,0,528,431,430,475,511,364,506,620,0,0,216,370,0,545,0,0,615,103,410,0,0,0,446,511,0,208,0,105,0,315,0
 885,0,533,436,430,480,511,369,511,625,0,0,221,375,0,550,0,0,620,103,410,0,0,0,451,516,0,208,0,105,0,315,0
 890,0,538,441,430,485,511,374,516,630,0,0,226,380,0,555,0,0,625,103,410,0,0,0,456,521,0,208,0,105,0,315,0
 895,0,543,446,430,490,516,379,521,636,0,0,231,385,0,560,0,0,630,103,410,0,0,0,461,526,0,208,0,105,0,315,0
 900,0,548,451,430,495,521,384,521,636,0,0,236,390,0,565,0,0,634,103,410,0,0,0,466,531,0,208,0,105,0,315,0
 905,0,553,456,430,500,526,389,521,636,0,0,241,395,0,570,0,0,634,103,410,0,0,0,471,537,0,208,0,105,0,315,0
 910,0,558,461,430,505,531,394,521,636,0,0,246,400,0,575,0,0,634,103,410,0,0,0,476,537,0,208,0,105,0,315,0
 915,0,563,466,430,510,536,399,521,636,0,0,251,405,0,580,0,0,634,103,410,0,0,0,481,537,0,208,0,105,0,315,0
 920,0,568,471,430,515,541,404,521,636,0,0,256,410,0,585,0,0,634,103,410,0,0,0,486,537,0,208,0,105,0,315,0
 925,0,573,476,430,519,546,409,521,636,0,0,261,415,0,590,0,0,634,103,410,0,0,0,491,537,0,208,0,105,0,315,0
 930,0,578,481,430,519,551,414,521,636,0,0,266,420,0,595,0,0,634,103,410,0,0,0,496,537,0,208,0,105,0,315,0
 935,0,583,486,430,518,556,419,521,636,0,0,271,422,0,600,0,0,634,103,410,0,0,0,501,537,0,208,0,105,0,315,0
 940,0,588,491,430,523,561,424,521,636,0,0,276,422,0,605,0,0,634,103,410,0,0,0,506,537,0,208,0,105,0,315,0
 945,0,593,496,430,528,566,424,521,636,0,0,281,424,0,610,0,0,634,103,410,0,0,0,511,537,0,208,0,105,0,315,0
 950,0,598,501,430,533,571,424,521,636,0,0,286,429,0,615,0,0,634,103,410,0,0,0,515,537,0,208,0,105,0,315,0
 955,0,603,506,430,538,576,424,521,636,0,0,291,434,0,620,0,0,634,103,410,0,0,0,515,537,0,208,0,105,0,315,0
 960,0,608,511,430,543,581,424,521,636,0,0,296,439,0,622,0,0,634,103,410,0,0,0,515,537,0,208,0,105,0,315,0
 965,0,613,516,430,548,586,424,522,638,0,0,301,444,0,622,0,0,634,103,410,0,0,0,515,536,0,208,0,105,0,315,0
 970,0,618,521,430,553,591,424,527,643,0,0,306,449,0,622,0,0,634,103,410,0,0,0,515,541,0,208,0,105,0,315,0
 975,0,623,526,430,558,596,424,532,648,0,0,309,454,0,622,0,0,634,103,410,0,0,0,515,546,0,208,0,105,0,315,0
 980,0,628,531,430,563,601,424,537,653,0,0,309,459,0,622,0,0,634,103,410,0,0,0,515,551,0,208,0,105,0,315,0
 985,0,632,533,430,568,606,424,542,658,0,0,309,464,0,625,0,0,634,103,410,0,0,0,517,556,0,208,0,105,0,315,0
 990,0,632,533,430,573,611,424,547,663,0,0,312,469,0,630,0,0,634,103,410,0,0,0,522,561,0,208,0,105,0,315,0
 995,0,635,533,430,578,614,424,552,668,0,0,317,474,0,635,0,0,634,103,410,0,0,0,527,566,0,208,0,105,0,315,0
 1000,0,640,533,430,583,614,424,557,673,0,0,322,479,0,640,0,0,634,103,410,0,0,0,532,571,0,208,0,105,0,315,0
 1005,0,645,533,430,588,614,424,562,678,0,0,327,484,0,645,0,0,634,103,410,0,0,0,537,576,0,208,0,105,0,315,0
 1010,0,650,533,430,593,614,424,567,683,0,0,332,489,0,650,0,0,635,103,410,0,0,0,542,581,0,208,0,105,0,315,0
 1015,0,655,533,430,598,614,424,572,688,0,0,337,494,0,655,0,0,640,103,410,0,0,0,547,586,0,208,0,105,0,315,0
 1020,0,660,533,430,603,614,424,577,693,0,0,342,499,0,660,0,0,645,103,410,0,0,0,552,591,0,208,0,105,0,315,0
 1025,0,665,533,430,608,614,424,582,698,0,0,347,504,0,665,0,0,650,103,410,0,0,0,557,596,0,208,0,105,0,315,0
 1030,0,670,533,430,613,614,424,587,703,0,0,352,509,0,670,0,0,655,103,410,0,0,0,562,601,0,208,0,105,0,315,0
 1035,0,675,533,430,618,615,424,592,708,0,0,357,514,0,675,0,0,660,103,410,0,0,0,567,606,0,208,0,105,0,315,0
 1040,0,680,533,430,624,620,424,597,713,0,0,362,519,0,680,0,0,665,103,410,0,0,0,572,611,0,208,0,105,0,315,0
 1045,0,685,533,430,624,625,424,602,718,0,0,367,524,0,685,0,0,670,103,410,0,0,0,577,616,0,208,0,105,0,315,0
 1050,0,690,533,431,624,630,424,607,723,0,0,372,527,0,690,0,0,675,103,410,0,0,0,582,621,0,208,0,105,0,315,0
 1055,0,695,533,436,624,635,424,612,728,0,0,377,527,0,695,0,0,680,103,410,0,0,0,587,626,0,208,0,105,0,315,0
 1060,0,700,533,441,629,640,424,617,733,0,0,382,529,0,700,0,0,685,103,410,0,0,0,592,631,0,208,0,105,0,315,0
 1065,0,705,533,446,634,645,424,622,738,0,0,387,534,0,705,0,0,690,103,410,0,0,0,597,636,0,208,0,105,0,315,0
 1070,0,710,533,451,639,650,424,624,743,0,0,392,539,0,710,0,0,695,103,410,0,0,0,602,642,0,208,0,105,0,315,0
 1075,0,715,533,456,644,655,424,624,743,0,0,397,544,0,715,0,0,700,103,410,0,0,0,607,642,0,208,0,105,0,315,0
 1080,0,720,533,461,649,660,424,629,743,0,0,402,549,0,720,0,0,705,103,410,0,0,0,612,642,0,208,0,105,0,315,0
 1085,0,725,533,466,654,665,424,634,743,0,0,407,554,0,725,0,0,710,103,410,0,0,0,618,645,0,208,0,105,0,315,0
 1090,0,730,533,471,659,670,424,639,746,0,0,412,559,0,725,0,0,715,103,410,0,0,0,618,650,0,208,0,105,0,315,0
 1095,0,735,533,476,664,675,424,644,751,0,0,416,564,0,725,0,0,720,103,410,0,0,0,618,655,0,208,0,105,0,315,0
 1100,0,737,533,481,669,680,424,649,756,0,0,416,569,0,725,0,0,725,103,410,0,0,0,618,660,0,208,0,105,0,315,0
 1105,0,737,533,486,674,685,424,654,761,0,0,416,574,0,725,0,0,730,103,410,0,0,0,618,665,0,208,0,105,0,315,0
 1110,0,736,533,491,679,690,424,659,766,0,0,416,579,0,725,0,0,735,103,410,0,0,0,623,670,0,208,0,105,0,316,0
 1115,0,741,533,496,684,695,424,664,771,0,0,416,584,0,725,0,0,735,103,410,0,0,0,628,675,0,208,0,105,0,321,0
 1120,0,746,533,501,689,700,424,669,776,0,0,416,589,0,724,0,0,735,103,410,0,0,0,633,680,0,208,0,105,0,326,0
 1125,0,751,533,506,694,705,424,674,781,0,0,416,594,0,729,0,0,735,103,410,0,0,0,638,685,0,208,0,105,0,331,0
 1130,0,756,533,511,699,710,424,679,786,0,0,416,599,0,734,0,0,737,103,410,0,0,0,643,690,0,208,0,105,0,336,0
 1135,0,761,533,516,704,715,424,684,791,0,0,416,604,0,739,0,0,742,103,410,0,0,0,648,695,0,208,0,105,0,341,0
 1140,0,766,533,521,709,719,424,689,796,0,0,416,609,0,744,0,0,747,103,410,0,0,0,653,700,0,208,0,105,0,346,0
 1145,0,771,533,526,714,719,424,694,801,0,0,416,614,0,749,0,0,752,103,410,0,0,0,658,705,0,208,0,105,0,351,0
 1150,0,776,533,531,719,719,424,699,806,0,0,416,619,0,754,0,0,757,103,410,0,0,0,663,710,0,208,0,105,0,356,0
 1155,0,781,533,537,724,720,424,704,811,0,0,416,624,0,759,0,0,762,103,410,0,0,0,668,715,0,208,0,105,0,361,0
 1160,0,786,533,537,729,725,424,709,816,0,0,416,629,0,764,0,0,767,103,410,0,0,0,673,720,0,208,0,105,0,366,0
 1165,0,791,538,537,729,730,424,714,821,0,0,416,632,0,769,0,0,772,103,410,0,0,0,678,725,0,208,0,105,0,371,0
 1170,0,796,543,540,728,735,424,719,826,0,0,416,632,0,774,0,0,777,103,410,0,0,0,683,730,0,208,0,105,0,376,0
 1175,0,801,548,545,733,740,424,724,831,0,0,416,635,0,779,0,0,782,103,410,0,0,0,688,735,0,208,0,105,0,381,0
 1180,0,806,553,550,738,745,424,729,836,0,0,416,640,0,784,0,0,787,103,410,0,0,0,693,740,0,208,0,105,0,386,0
 1185,0,811,558,555,743,750,424,729,841,0,0,416,645,0,789,0,0,792,103,410,0,0,0,698,745,0,208,0,105,0,391,0
 1190,0,816,563,560,748,755,424,729,846,0,0,416,650,0,794,0,0,797,103,410,0,0,0,703,745,0,208,0,105,0,396,0
 1195,0,821,568,565,753,760,424,729,846,0,0,416,655,0,799,0,0,802,103,410,0,0,0,708,745,0,208,0,105,0,401,0
 1200,0,826,573,570,758,765,424,729,846,0,0,416,660,0,804,0,0,807,103,410,0,0,0,713,745,0,208,0,105,0,406,0
 1205,0,831,578,575,763,770,424,729,846,0,0,416,665,0,809,0,0,812,103,410,0,0,0,718,745,0,208,0,105,0,411,0
 1210,0,836,583,580,768,775,424,729,846,0,0,416,670,0,814,0,0,817,103,410,0,0,0,723,745,0,208,0,105,0,416,0
 1215,0,840,588,585,773,780,424,729,846,0,0,416,675,0,819,0,0,822,103,410,0,0,0,723,745,0,208,0,105,0,420,0
 1220,0,840,593,590,778,785,424,729,846,0,0,416,680,0,824,0,0,827,103,410,0,0,0,723,745,0,208,0,105,0,420,0
 1225,0,840,598,595,783,790,424,732,846,0,0,416,685,0,828,0,0,832,103,410,0,0,0,723,745,0,208,0,105,0,420,0
 1230,0,840,603,600,788,795,424,737,849,0,0,416,690,0,828,0,0,837,103,410,0,0,0,723,750,0,208,0,105,0,420,0
 1235,0,840,608,605,793,800,424,742,854,0,0,416,695,0,828,0,0,840,103,410,0,0,0,723,755,0,208,0,105,0,420,0
 1240,0,840,613,610,798,805,424,747,859,0,0,416,700,0,828,0,0,840,103,410,0,0,0,722,760,0,208,0,105,0,421,0
 1245,0,840,618,615,803,810,424,752,864,0,0,416,705,0,833,0,0,840,103,410,0,0,0,727,765,0,208,0,105,0,426,0
 1250,0,840,623,620,808,815,424,757,869,0,0,416,710,0,838,0,0,840,103,410,0,0,0,732,770,0,208,0,105,0,431,0
 1255,0,840,628,625,813,820,424,762,874,0,0,416,715,0,843,0,0,840,103,410,0,0,0,737,775,0,208,0,105,0,436,0
 1260,0,840,633,630,818,822,424,767,879,0,0,416,720,0,848,0,0,840,103,410,0,0,0,742,780,0,208,0,105,0,441,0
 1265,0,841,638,635,823,822,424,772,884,0,0,416,725,0,853,0,0,840,103,410,0,0,0,747,785,0,208,0,105,0,446,0
 1270,0,846,640,640,828,822,424,777,889,0,0,416,730,0,858,0,0,840,103,410,0,0,0,752,790,0,208,0,105,0,451,0
 1275,0,851,640,640,833,822,424,782,894,0,0,416,735,0,863,0,0,840,103,410,0,0,0,757,795,0,208,0,105,0,456,0
 1280,0,856,640,641,836,822,424,787,899,0,0,416,735,0,868,0,0,842,103,410,0,0,0,762,800,0,208,0,105,0,461,0
 1285,0,861,640,646,836,821,424,792,904,0,0,421,735,0,873,0,0,847,103,410,0,0,0,767,805,0,208,0,105,0,466,0
 1290,0,866,640,651,836,826,424,797,909,0,0,426,735,0,878,0,0,852,103,410,0,0,0,772,810,0,208,0,105,0,471,0
 1295,0,871,640,656,836,831,424,802,914,0,0,431,735,0,883,0,0,857,103,410,0,0,0,777,815,0,208,0,105,0,476,0
 1300,0,876,640,661,836,836,424,807,919,0,0,436,735,0,888,0,0,862,103,410,0,0,0,782,820,0,208,0,105,0,481,0
 1305,0,881,640,666,836,841,424,812,924,0,0,441,735,0,893,0,0,867,103,410,0,0,0,787,825,0,208,0,105,0,486,0
 1310,0,886,640,671,836,846,424,817,929,0,0,446,735,0,898,0,0,872,103,410,0,0,0,792,830,0,208,0,105,0,491,0
 1315,0,891,640,676,836,851,424,822,934,0,0,451,735,0,903,0,0,877,103,410,0,0,0,797,835,0,208,0,105,0,496,0
 1320,0,896,640,681,836,856,424,827,939,0,0,456,735,0,908,0,0,882,103,410,0,0,0,802,840,0,208,0,105,0,501,0
 1325,0,901,640,686,836,861,424,832,944,0,0,461,736,0,913,0,0,887,103,410,0,0,0,807,845,0,208,0,105,0,506,0
 1330,0,906,640,691,836,866,424,832,949,0,0,466,741,0,918,0,0,892,103,410,0,0,0,812,850,0,208,0,105,0,511,0
 1335,0,911,640,696,836,871,424,832,949,0,0,471,746,0,923,0,0,897,103,410,0,0,0,817,852,0,208,0,105,0,516,0
 1340,0,916,640,701,836,876,424,832,949,0,0,476,751,0,928,0,0,902,103,410,0,0,0,822,852,0,208,0,105,0,521,0
 1345,0,921,640,706,836,881,424,832,949,0,0,481,756,0,933,0,0,907,103,410,0,0,0,828,852,0,208,0,105,0,525,0
 1350,0,926,640,711,836,886,424,832,949,0,0,486,761,0,933,0,0,912,103,410,0,0,0,828,852,0,208,0,105,0,525,0
 1355,0,931,640,716,836,891,424,833,949,0,0,491,766,0,933,0,0,917,103,410,0,0,0,828,851,0,208,0,105,0,525,0
 1360,0,936,640,721,836,896,424,838,949,0,0,496,771,0,933,0,0,922,103,410,0,0,0,828,856,0,208,0,105,0,525,0
 1365,0,941,640,726,836,901,424,843,951,0,0,501,776,0,933,0,0,927,103,410,0,0,0,828,861,0,208,0,105,0,528,0
 1370,0,947,640,731,836,906,424,848,956,0,0,506,781,0,936,0,0,932,103,410,0,0,0,828,866,0,208,0,105,0,533,0
 1375,0,947,640,736,836,911,424,853,961,0,0,511,786,0,941,0,0,937,103,410,0,0,0,828,871,0,208,0,105,0,538,0
 1380,0,947,640,741,836,916,424,858,966,0,0,516,791,0,946,0,0,943,103,410,0,0,0,831,876,0,208,0,105,0,543,0
 1385,0,947,640,743,836,921,424,863,971,0,0,519,796,0,951,0,0,943,103,410,0,0,0,836,881,0,208,0,105,0,548,0
 1390,0,948,641,744,836,927,424,868,976,0,0,519,801,0,956,0,0,943,103,410,0,0,0,841,886,0,208,0,105,0,553,0
 1395,0,953,646,749,836,927,424,873,981,0,0,519,806,0,961,0,0,943,103,410,0,0,0,846,891,0,208,0,105,0,558,0
 1400,0,958,651,754,836,927,424,878,986,0,0,519,811,0,966,0,0,943,103,410,0,0,0,851,896,0,208,0,105,0,563,0
 1405,0,963,656,759,836,932,424,883,991,0,0,519,816,0,971,0,0,943,103,410,0,0,0,856,901,0,208,0,105,0,568,0
 1410,0,968,661,764,836,937,424,888,996,0,0,519,821,0,976,0,0,943,103,410,0,0,0,861,906,0,208,0,105,0,573,0
 1415,0,973,666,769,836,942,424,893,1001,0,0,519,826,0,981,0,0,943,103,410,0,0,0,866,911,0,208,0,105,0,578,0
 1420,0,978,671,774,836,947,424,898,1006,0,0,519,831,0,986,0,0,943,103,410,0,0,0,871,916,0,208,0,105,0,583,0
 1425,0,983,676,779,836,952,424,903,1011,0,0,519,836,0,991,0,0,943,103,410,0,0,0,876,921,0,208,0,105,0,588,0
 1430,0,988,681,784,836,957,424,908,1016,0,0,519,840,0,996,0,0,943,103,410,0,0,0,881,926,0,208,0,105,0,593,0
 1435,0,993,686,789,836,962,424,913,1021,0,0,519,840,0,1001,0,0,943,103,410,0,0,0,886,931,0,208,0,105,0,598,0
 1440,0,998,691,794,836,967,424,918,1026,0,0,519,840,0,1006,0,0,943,103,410,0,0,0,891,936,0,208,0,105,0,603,0
 1445,0,1003,696,799,836,972,424,923,1031,0,0,519,840,0,1011,0,0,943,103,410,0,0,0,896,941,0,208,0,105,0,608,0
 1450,0,1008,701,804,836,977,424,928,1036,0,0,519,840,0,1016,0,0,942,103,410,0,0,0,901,946,0,208,0,105,0,613,0
 1455,0,1013,706,809,836,982,424,933,1041,0,0,519,840,0,1021,0,0,947,103,410,0,0,0,906,951,0,208,0,105,0,618,0
 1460,0,1018,711,814,836,987,424,935,1046,0,0,519,840,0,1026,0,0,952,103,410,0,0,0,911,957,0,208,0,105,0,623,0
 1465,0,1023,716,819,836,992,424,935,1051,0,0,519,840,0,1031,0,0,957,103,410,0,0,0,916,957,0,208,0,105,0,628,0
 1470,0,1028,721,824,836,997,424,935,1054,0,0,519,840,0,1036,0,0,962,103,410,0,0,0,921,957,0,208,0,105,0,632,0
 1475,0,1033,726,829,836,1002,424,935,1054,0,0,519,840,0,1038,0,0,967,103,410,0,0,0,926,957,0,208,0,105,0,632,0
 1480,0,1038,731,834,836,1007,424,935,1054,0,0,519,840,0,1038,0,0,972,103,410,0,0,0,931,957,0,208,0,105,0,632,0
 1485,0,1043,736,839,836,1012,424,935,1054,0,0,519,840,0,1038,0,0,977,103,410,0,0,0,933,957,0,208,0,105,0,632,0
 1490,0,1048,741,844,836,1017,424,935,1054,0,0,519,840,0,1038,0,0,982,103,410,0,0,0,933,957,0,208,0,105,0,632,0
 1495,0,1052,746,848,835,1022,424,935,1054,0,0,519,840,0,1038,0,0,987,103,410,0,0,0,933,957,0,208,0,105,0,632,0
 1500,0,1052,751,848,840,1027,424,935,1054,0,0,519,840,0,1038,0,0,992,103,410,0,0,0,933,962,0,208,0,105,0,632,0
 1505,0,1052,751,848,845,1032,424,936,1059,0,0,519,840,0,1038,0,0,997,103,410,0,0,0,933,967,0,208,0,105,0,632,0
 1510,0,1052,751,848,850,1034,424,941,1064,0,0,519,840,0,1043,0,0,1002,103,410,0,0,0,933,972,0,208,0,105,0,632,0
 1515,0,1054,753,848,855,1034,424,946,1069,0,0,519,840,0,1048,0,0,1007,103,410,0,0,0,936,977,0,208,0,105,0,632,0
 1520,0,1059,758,848,860,1034,424,951,1074,0,0,519,840,0,1053,0,0,1012,103,410,0,0,0,941,982,0,208,0,105,0,632,0
 1525,0,1064,763,848,865,1034,424,956,1079,0,0,519,840,0,1058,0,0,1017,103,410,0,0,0,946,987,0,208,0,105,0,632,0
 1530,0,1069,768,848,870,1034,424,961,1084,0,0,519,840,0,1063,0,0,1022,103,410,0,0,0,951,992,0,208,0,105,0,632,0
 1535,0,1074,773,848,875,1034,424,966,1089,0,0,519,840,0,1068,0,0,1027,103,410,0,0,0,956,997,0,208,0,105,0,637,0
 1540,0,1079,778,848,880,1034,424,971,1094,0,0,519,840,0,1073,0,0,1032,103,410,0,0,0,961,1002,0,208,0,105,0,642,0
 1545,0,1084,783,848,885,1034,424,976,1099,0,0,519,840,0,1078,0,0,1037,103,410,0,0,0,966,1007,0,208,0,105,0,647,0
 1550,0,1089,788,848,890,1034,424,981,1104,0,0,519,840,0,1083,0,0,1042,103,410,0,0,0,971,1012,0,208,0,105,0,652,0
 1555,0,1094,793,848,895,1034,424,986,1109,0,0,519,839,0,1088,0,0,1046,103,410,0,0,0,976,1017,0,208,0,105,0,657,0
 1560,0,1099,798,848,900,1039,424,991,1114,0,0,519,844,0,1093,0,0,1046,103,410,0,0,0,981,1022,0,208,0,105,0,662,0
 1565,0,1104,803,848,905,1044,424,996,1119,0,0,519,849,0,1098,0,0,1046,103,410,0,0,0,986,1027,0,208,0,105,0,667,0
 1570,0,1109,808,848,910,1049,424,1001,1124,0,0,519,854,0,1103,0,0,1046,103,410,0,0,0,991,1032,0,208,0,105,0,672,0
 1575,0,1114,813,848,915,1054,424,1006,1129,0,0,519,859,0,1108,0,0,1046,103,410,0,0,0,996,1037,0,208,0,105,0,677,0
 1580,0,1119,818,848,920,1059,424,1011,1134,0,0,519,864,0,1113,0,0,1046,103,410,0,0,0,1001,1042,0,208,0,105,0,682,0
 1585,0,1124,823,848,925,1064,424,1016,1139,0,0,519,869,0,1118,0,0,1046,103,410,0,0,0,1006,1047,0,208,0,105,0,687,0
 1590,0,1129,828,848,930,1069,424,1021,1144,0,0,519,874,0,1123,0,0,1046,103,410,0,0,0,1011,1052,0,208,0,105,0,692,0
 1595,0,1134,833,848,935,1074,424,1026,1149,0,0,519,879,0,1128,0,0,1046,103,410,0,0,0,1016,1057,0,208,0,105,0,697,0
 1600,0,1139,838,848,940,1079,424,1031,1154,0,0,519,884,0,1133,0,0,1051,103,410,0,0,0,1021,1060,0,208,0,105,0,702,0
 1605,0,1144,843,848,945,1084,424,1036,1159,0,0,519,889,0,1138,0,0,1056,103,410,0,0,0,1026,1060,0,208,0,105,0,707,0
 1610,0,1149,848,848,945,1089,424,1040,1159,0,0,519,894,0,1143,0,0,1061,103,410,0,0,0,1031,1060,0,208,0,105,0,712,0
 1615,0,1154,853,848,945,1094,424,1040,1159,0,0,519,899,0,1149,0,0,1066,103,410,0,0,0,1036,1060,0,208,0,105,0,717,0
 1620,0,1159,856,848,946,1099,424,1040,1159,0,0,519,904,0,1149,0,0,1071,103,410,0,0,0,1038,1060,0,208,0,105,0,722,0
 1625,0,1159,856,848,951,1104,424,1040,1159,0,0,519,909,0,1149,0,0,1076,103,410,0,0,0,1038,1060,0,208,0,105,0,727,0
 1630,0,1159,856,848,956,1109,424,1040,1159,0,0,519,914,0,1149,0,0,1081,103,410,0,0,0,1038,1060,0,208,0,105,0,732,0
 1635,0,1159,856,848,961,1114,424,1040,1159,0,0,519,919,0,1149,0,0,1086,103,410,0,0,0,1038,1060,0,208,0,105,0,737,0
 1640,0,1159,856,848,966,1119,424,1040,1159,0,0,519,924,0,1149,0,0,1091,103,410,0,0,0,1038,1060,0,208,0,105,0,737,0
 1645,0,1159,856,848,971,1124,424,1040,1159,0,0,519,929,0,1149,0,0,1096,103,410,0,0,0,1038,1060,0,208,0,105,0,737,0
 1650,0,1159,856,848,976,1129,424,1041,1159,0,0,519,934,0,1149,0,0,1101,103,410,0,0,0,1038,1059,0,208,0,105,0,737,0
 1655,0,1159,856,848,981,1135,424,1046,1159,0,0,519,939,0,1149,0,0,1106,103,410,0,0,0,1038,1064,0,208,0,105,0,738,0
 1660,0,1159,856,848,986,1135,424,1051,1162,0,0,519,943,0,1149,0,0,1111,103,410,0,0,0,1038,1069,0,208,0,105,0,743,0
 1665,0,1159,856,848,991,1135,424,1056,1167,0,0,519,942,0,1150,0,0,1116,103,410,0,0,0,1038,1074,0,208,0,105,0,748,0
 1670,0,1161,856,848,996,1140,424,1061,1172,0,0,519,947,0,1155,0,0,1121,103,410,0,0,0,1038,1079,0,208,0,105,0,753,0
 1675,0,1166,856,848,1001,1145,424,1066,1177,0,0,519,952,0,1160,0,0,1126,103,410,0,0,0,1038,1084,0,208,0,105,0,758,0
 1680,0,1171,856,848,1006,1150,424,1071,1182,0,0,519,957,0,1165,0,0,1131,103,410,0,0,0,1038,1089,0,208,0,105,0,763,0
 1685,0,1176,856,848,1011,1155,424,1076,1187,0,0,519,962,0,1170,0,0,1136,103,410,0,0,0,1038,1094,0,208,0,105,0,768,0
 1690,0,1181,856,848,1016,1160,424,1081,1192,0,0,519,967,0,1175,0,0,1141,103,410,0,0,0,1038,1099,0,208,0,105,0,773,0
 1695,0,1186,856,848,1021,1165,424,1086,1197,0,0,519,972,0,1180,0,0,1146,103,410,0,0,0,1038,1104,0,208,0,105,0,778,0
 1700,0,1191,856,848,1026,1170,424,1091,1202,0,0,519,977,0,1185,0,0,1149,103,410,0,0,0,1038,1109,0,208,0,105,0,783,0
 1705,0,1196,856,848,1031,1175,424,1096,1207,0,0,519,982,0,1190,0,0,1149,103,410,0,0,0,1038,1114,0,208,0,105,0,788,0
 1710,0,1201,856,848,1036,1180,424,1101,1212,0,0,519,987,0,1195,0,0,1149,103,410,0,0,0,1038,1119,0,208,0,105,0,793,0
 1715,0,1206,856,848,1041,1185,424,1106,1217,0,0,519,992,0,1200,0,0,1149,103,410,0,0,0,1038,1124,0,208,0,105,0,798,0
 1720,0,1211,856,848,1046,1190,424,1111,1222,0,0,519,997,0,1205,0,0,1149,103,410,0,0,0,1038,1129,0,208,0,105,0,803,0
 1725,0,1216,856,848,1051,1195,424,1116,1227,0,0,519,1002,0,1210,0,0,1149,103,410,0,0,0,1038,1134,0,208,0,105,0,808,0
 1730,0,1221,856,848,1054,1200,424,1121,1232,0,0,519,1007,0,1215,0,0,1149,103,410,0,0,0,1038,1139,0,208,0,105,0,813,0
 1735,0,1226,856,848,1054,1205,424,1126,1237,0,0,519,1012,0,1220,0,0,1149,103,410,0,0,0,1038,1144,0,208,0,105,0,818,0
 1740,0,1231,856,848,1057,1210,424,1131,1242,0,0,519,1017,0,1225,0,0,1149,103,410,0,0,0,1038,1149,0,208,0,105,0,823,0
 1745,0,1236,856,848,1062,1215,424,1136,1247,0,0,519,1022,0,1230,0,0,1149,103,410,0,0,0,1043,1154,0,208,0,105,0,828,0
 1750,0,1241,856,848,1067,1220,424,1141,1252,0,0,519,1027,0,1235,0,0,1149,103,410,0,0,0,1048,1159,0,208,0,105,0,833,0
 1755,0,1246,856,848,1072,1225,424,1145,1257,0,0,519,1032,0,1240,0,0,1149,103,410,0,0,0,1053,1165,0,208,0,105,0,838,0
 1760,0,1251,856,848,1077,1230,424,1145,1262,0,0,519,1037,0,1245,0,0,1149,103,410,0,0,0,1058,1165,0,208,0,105,0,842,0
 1765,0,1256,856,848,1082,1235,424,1145,1262,0,0,519,1042,0,1250,0,0,1149,103,410,0,0,0,1063,1165,0,208,0,105,0,842,0
 1770,0,1261,856,848,1087,1240,424,1145,1262,0,0,519,1047,0,1254,0,0,1149,103,410,0,0,0,1068,1165,0,208,0,105,0,842,0
 1775,0,1264,856,848,1092,1242,424,1145,1262,0,0,519,1050,0,1254,0,0,1149,103,410,0,0,0,1073,1165,0,208,0,105,0,842,0
 1780,0,1264,856,848,1097,1242,424,1147,1262,0,0,519,1050,0,1255,1,0,1149,103,410,0,0,0,1078,1165,0,208,0,105,0,842,0
 1785,0,1266,858,848,1102,1245,424,1152,1262,0,0,519,1055,0,1260,6,0,1149,103,410,0,0,0,1083,1165,0,208,0,105,0,843,0
 1790,0,1271,863,848,1107,1250,424,1157,1262,0,0,519,1060,0,1265,11,0,1149,103,410,0,0,0,1088,1170,0,208,0,105,0,848,0
 1795,0,1276,868,848,1112,1255,424,1162,1264,0,0,519,1065,0,1270,16,0,1149,103,410,0,0,0,1093,1175,0,208,0,105,0,853,0
 1800,0,1281,873,848,1117,1260,424,1167,1269,0,0,519,1070,0,1275,21,0,1149,103,410,0,0,0,1098,1180,0,208,0,105,0,858,0
 1805,0,1286,878,848,1122,1265,424,1172,1274,0,0,519,1075,0,1280,26,0,1149,103,410,0,0,0,1103,1185,0,208,0,105,0,863,0
 1810,0,1291,883,848,1127,1270,424,1177,1279,0,0,519,1080,0,1285,31,0,1149,103,410,0,0,0,1108,1190,0,208,0,105,0,868,0
 1815,0,1296,888,848,1132,1275,424,1182,1284,0,0,519,1085,0,1290,36,0,1149,103,410,0,0,0,1113,1195,0,208,0,105,0,873,0
 1820,0,1301,893,848,1137,1280,424,1187,1289,0,0,519,1090,0,1295,41,0,1149,103,410,0,0,0,1118,1200,0,208,0,105,0,878,0
 1825,0,1306,898,848,1142,1285,424,1192,1294,0,0,519,1095,0,1300,46,0,1149,103,410,0,0,0,1123,1205,0,208,0,105,0,883,0
 1830,0,1311,903,848,1147,1290,424,1197,1299,0,0,519,1100,0,1305,51,0,1149,103,410,0,0,0,1128,1210,0,208,0,105,0,888,0
 1835,0,1316,908,848,1152,1295,424,1202,1304,0,0,519,1105,0,1310,56,0,1149,103,410,0,0,0,1133,1215,0,208,0,105,0,893,0
 1840,0,1321,913,848,1157,1300,424,1207,1309,0,0,519,1110,0,1315,61,0,1149,103,410,0,0,0,1138,1220,0,208,0,105,0,898,0
 1845,0,1326,918,848,1163,1305,424,1212,1314,0,0,519,1115,0,1320,66,0,1149,103,410,0,0,0,1141,1225,0,208,0,105,0,903,0
 1850,0,1331,923,848,1163,1310,424,1217,1319,0,0,519,1120,0,1325,71,0,1149,103,410,0,0,0,1141,1230,0,208,0,105,0,908,0
 1855,0,1336,928,848,1163,1315,424,1222,1324,0,0,519,1125,0,1330,76,0,1149,103,410,0,0,0,1141,1235,0,208,0,105,0,913,0
 1860,0,1341,933,848,1166,1320,424,1227,1329,0,0,519,1130,0,1335,81,0,1149,103,410,0,0,0,1141,1240,0,208,0,105,0,918,0
 1865,0,1346,938,848,1171,1325,424,1232,1334,0,0,519,1135,0,1340,86,0,1149,103,410,0,0,0,1141,1245,0,208,0,105,0,923,0
 1870,0,1351,943,848,1176,1330,424,1237,1339,0,0,519,1140,0,1345,91,0,1149,103,410,0,0,0,1141,1250,0,208,0,105,0,928,0
 1875,0,1356,948,848,1181,1335,424,1242,1344,0,0,519,1145,0,1350,96,0,1149,103,410,0,0,0,1141,1255,0,208,0,105,0,933,0
 1880,0,1361,953,848,1186,1340,424,1247,1349,0,0,519,1150,0,1355,101,0,1149,103,410,0,0,0,1141,1260,0,208,0,105,0,938,0
 1885,0,1367,958,848,1191,1345,424,1252,1354,0,0,519,1155,0,1357,107,0,1149,103,410,0,0,0,1141,1265,0,208,0,105,0,943,0
 1890,0,1367,963,848,1196,1345,424,1256,1359,0,0,519,1161,0,1357,107,0,1149,103,410,0,0,0,1141,1268,0,208,0,105,0,945,0
 1895,0,1367,963,848,1201,1345,424,1256,1365,0,0,519,1161,0,1357,107,0,1149,103,410,0,0,0,1141,1268,0,208,0,105,0,945,0
 1900,0,1372,963,848,1206,1345,424,1258,1365,0,0,519,1161,0,1357,107,0,1149,103,410,0,0,0,1141,1268,0,208,0,105,0,944,0
 1905,0,1377,968,848,1211,1345,424,1263,1365,0,0,519,1161,0,1360,107,0,1149,103,410,0,0,0,1141,1268,0,208,0,105,0,949,5
 1910,0,1382,973,848,1216,1345,424,1268,1364,0,0,519,1161,0,1365,107,0,1149,103,410,0,0,0,1141,1268,0,208,0,105,0,954,10
 1915,0,1387,978,848,1221,1345,424,1273,1369,0,0,519,1161,0,1370,107,0,1149,103,410,0,0,0,1141,1268,0,208,0,105,0,959,15
 1920,0,1392,983,848,1226,1345,424,1278,1374,0,0,519,1161,0,1375,107,0,1149,103,410,0,0,0,1141,1268,0,208,0,105,0,964,20
 1925,0,1397,988,848,1231,1346,424,1283,1379,0,0,519,1161,0,1380,107,0,1149,103,410,0,0,0,1141,1271,0,208,0,105,0,969,25
 1930,0,1402,993,848,1236,1351,424,1288,1384,0,0,519,1161,0,1385,107,0,1149,103,410,0,0,0,1141,1276,0,208,0,105,0,974,30
 1935,0,1407,998,848,1241,1356,424,1293,1389,0,0,519,1166,0,1390,107,0,1149,103,410,0,0,0,1141,1281,0,208,0,105,0,979,35
 1940,0,1412,1003,848,1246,1361,424,1298,1394,0,0,519,1171,0,1395,107,0,1149,103,410,0,0,0,1141,1286,0,208,0,105,0,984,40
 1945,0,1417,1008,848,1251,1366,424,1303,1399,0,0,519,1176,0,1400,107,0,1149,103,410,0,0,0,1141,1291,0,208,0,105,0,989,45
 1950,0,1422,1013,848,1256,1371,424,1308,1404,0,0,519,1181,0,1405,107,0,1149,103,410,0,0,0,1141,1296,0,208,0,105,0,994,50
 1955,0,1427,1018,848,1261,1376,424,1313,1409,0,0,519,1186,0,1410,107,0,1149,103,410,0,0,0,1141,1301,0,208,0,105,0,999,55
 1960,0,1432,1023,848,1266,1381,424,1318,1414,0,0,519,1191,0,1415,107,0,1149,103,410,0,0,0,1141,1306,0,208,0,105,0,1004,60
 1965,0,1437,1028,848,1268,1386,424,1323,1419,0,0,519,1196,0,1420,107,0,1149,103,410,0,0,0,1141,1311,0,208,0,105,0,1009,65
 1970,0,1442,1033,848,1268,1391,424,1328,1424,0,0,519,1201,0,1425,107,0,1149,103,410,0,0,0,1141,1316,0,208,0,105,0,1014,70
 1975,0,1447,1038,848,1268,1396,424,1333,1429,0,0,519,1206,0,1430,107,0,1149,103,410,0,0,0,1141,1321,0,208,0,105,0,1019,75
 1980,0,1452,1043,848,1269,1401,424,1338,1434,0,0,519,1211,0,1435,107,0,1149,103,410,0,0,0,1141,1326,0,208,0,105,0,1024,80
 1985,0,1457,1048,848,1274,1406,424,1343,1439,0,0,519,1216,0,1440,107,0,1149,103,410,0,0,0,1141,1331,0,208,0,105,0,1029,85
 1990,0,1462,1053,848,1279,1411,424,1348,1444,0,0,519,1221,0,1445,107,0,1149,103,410,0,0,0,1141,1336,0,208,0,105,0,1034,90
 1995,0,1467,1058,848,1284,1416,424,1353,1449,0,0,519,1226,0,1450,107,0,1149,103,410,0,0,0,1141,1341,0,208,0,105,0,1039,95
 2000,0,1472,1063,848,1289,1421,424,1359,1454,0,0,519,1231,0,1455,107,0,1149,103,410,0,0,0,1141,1346,0,208,0,105,0,1044,100
 2005,0,1472,1066,848,1294,1426,424,1359,1459,0,0,519,1236,0,1460,107,0,1149,103,410,0,0,0,1141,1351,0,208,0,105,0,1048,105
 2010,0,1472,1066,848,1299,1431,424,1358,1464,0,0,519,1241,0,1462,107,0,1149,103,410,0,0,0,1141,1356,0,208,0,105,0,1048,107
 2015,0,1477,1066,848,1304,1436,424,1363,1470,0,0,519,1246,0,1462,107,0,1149,103,410,0,0,0,1141,1361,0,208,0,105,0,1048,107
 2020,0,1482,1066,848,1309,1441,424,1368,1470,0,0,519,1251,0,1462,107,0,1149,103,410,0,0,0,1141,1366,0,208,0,105,0,1048,112
 2025,0,1487,1067,848,1314,1446,424,1373,1470,0,0,519,1256,0,1462,107,0,1149,103,410,0,0,0,1141,1371,0,208,0,105,0,1048,117
 2030,0,1492,1072,848,1319,1448,424,1378,1470,0,0,519,1262,0,1462,107,0,1149,103,410,0,0,0,1141,1375,0,208,0,105,0,1048,122
 2035,0,1497,1077,848,1324,1448,424,1383,1470,0,0,519,1262,0,1462,107,0,1149,103,410,0,0,0,1141,1375,0,208,0,105,0,1048,127
 2040,0,1502,1082,848,1329,1448,424,1388,1470,0,0,519,1262,0,1462,107,0,1149,103,410,0,0,0,1141,1375,0,208,0,105,0,1048,132
 2045,0,1507,1087,848,1334,1449,424,1393,1470,0,0,519,1262,0,1462,107,0,1149,103,410,0,0,0,1141,1375,0,208,0,105,0,1048,137
 2050,0,1512,1092,848,1339,1454,424,1398,1470,0,0,519,1262,0,1462,107,0,1149,103,410,0,0,0,1141,1375,0,208,0,105,0,1048,142
 2055,0,1517,1097,848,1344,1459,424,1403,1470,0,0,519,1262,0,1465,107,0,1149,103,410,0,0,0,1141,1375,0,208,0,105,0,1048,147
 2060,0,1522,1102,848,1349,1464,424,1408,1470,0,0,519,1262,0,1470,107,0,1149,103,410,0,0,0,1141,1375,0,208,0,105,0,1048,152
 2065,0,1527,1107,848,1354,1469,424,1413,1470,0,0,519,1262,0,1475,107,0,1149,103,410,0,0,0,1141,1375,0,208,0,105,0,1048,157
 2070,0,1532,1112,848,1359,1474,424,1418,1470,0,0,519,1262,0,1480,107,0,1149,103,410,0,0,0,1141,1375,0,208,0,105,0,1048,162
 2075,0,1537,1117,848,1364,1479,424,1423,1470,0,0,519,1262,0,1485,107,0,1149,103,410,0,0,0,1141,1375,0,208,0,105,0,1048,167
 2080,0,1542,1122,848,1369,1484,424,1428,1470,0,0,519,1262,0,1490,107,0,1149,103,410,0,0,0,1141,1375,0,208,0,105,0,1048,172
 2085,0,1547,1127,848,1375,1489,424,1433,1470,0,0,519,1262,0,1495,107,0,1149,103,410,0,0,0,1141,1375,0,208,0,105,0,1048,177
 2090,0,1552,1132,848,1375,1494,424,1438,1470,0,0,519,1262,0,1500,107,0,1149,103,410,0,0,0,1141,1375,0,208,0,105,0,1048,182
 2095,0,1557,1137,848,1375,1499,424,1443,1470,0,0,519,1262,0,1505,107,0,1149,103,410,0,0,0,1141,1375,0,208,0,105,0,1048,187
 2100,0,1562,1142,848,1375,1504,424,1448,1470,0,0,519,1262,0,1510,107,0,1149,103,410,0,0,0,1141,1375,0,208,0,105,0,1048,192
 2105,0,1567,1147,848,1375,1509,424,1453,1470,0,0,519,1262,0,1515,107,0,1149,103,410,0,0,0,1141,1375,0,208,0,105,0,1048,197
 2110,0,1572,1152,848,1375,1514,424,1458,1470,0,0,519,1262,0,1520,107,0,1149,103,410,0,0,0,1141,1375,0,208,0,105,0,1049,202
 2115,0,1577,1157,848,1375,1519,424,1462,1470,0,0,519,1262,0,1525,107,0,1149,103,410,0,0,0,1141,1375,0,208,0,105,0,1054,207
 2120,0,1577,1162,848,1375,1524,424,1462,1470,0,0,519,1262,0,1530,107,0,1149,103,410,0,0,0,1141,1375,0,208,0,105,0,1059,212
 2125,0,1577,1167,848,1375,1529,424,1462,1470,0,0,519,1262,0,1535,107,0,1149,103,410,0,0,0,1141,1375,0,208,0,105,0,1064,212
 2130,0,1577,1169,848,1375,1534,424,1462,1470,0,0,519,1262,0,1540,107,0,1149,103,410,0,0,0,1141,1375,0,208,0,105,0,1069,212
 2135,0,1577,1169,848,1375,1539,424,1462,1470,0,0,519,1262,0,1545,107,0,1149,103,410,0,0,0,1141,1375,0,208,0,105,0,1074,212
 2140,0,1582,1169,848,1375,1544,424,1462,1470,0,0,519,1262,0,1550,107,0,1149,103,410,0,0,0,1141,1375,0,208,0,105,0,1079,212
 2145,0,1587,1169,848,1374,1549,424,1462,1470,0,0,519,1262,0,1555,107,0,1149,103,410,0,0,0,1141,1375,0,208,0,105,0,1084,212
 2150,0,1592,1169,848,1379,1551,424,1462,1470,0,0,519,1262,0,1560,107,0,1149,103,410,0,0,0,1141,1375,0,208,0,105,0,1089,212
 2155,0,1597,1169,848,1384,1551,424,1462,1470,0,0,519,1262,0,1565,107,0,1149,103,410,0,0,0,1141,1375,0,208,0,105,0,1094,212
 2160,0,1602,1169,848,1389,1551,424,1462,1470,0,0,519,1262,0,1567,107,0,1149,103,410,0,0,0,1141,1375,0,208,0,105,0,1099,212
 2165,0,1607,1169,848,1394,1551,424,1465,1470,0,0,519,1262,0,1567,107,0,1149,103,410,0,0,0,1141,1375,0,208,0,105,0,1104,212
 2170,0,1612,1169,848,1399,1551,424,1470,1470,0,0,519,1262,0,1567,107,0,1149,103,410,0,0,0,1141,1375,0,208,0,105,0,1109,212
 2175,0,1617,1169,848,1404,1551,424,1475,1470,0,0,519,1262,0,1567,107,0,1149,103,410,0,0,0,1141,1380,0,208,0,105,0,1114,212
 2180,0,1622,1169,848,1409,1554,424,1480,1472,0,0,519,1262,0,1570,107,0,1149,103,410,0,0,0,1141,1385,0,208,0,105,0,1119,212
 2185,0,1627,1169,848,1414,1559,424,1485,1477,0,0,519,1262,0,1575,107,0,1149,103,410,0,0,0,1141,1390,0,208,0,105,0,1124,212
 2190,0,1632,1169,848,1419,1564,424,1490,1482,0,0,519,1262,0,1580,107,0,1149,103,410,0,0,0,1141,1395,0,208,0,105,0,1129,212
 2195,0,1637,1169,848,1424,1569,424,1495,1487,0,0,519,1262,0,1585,107,0,1149,103,410,0,0,0,1141,1400,0,208,0,105,0,1134,212
 2200,0,1642,1169,848,1429,1574,424,1500,1492,0,0,519,1262,0,1590,107,0,1149,103,410,0,0,0,1141,1405,0,208,0,105,0,1139,212
 2205,0,1647,1169,848,1434,1579,424,1505,1497,0,0,519,1262,0,1595,107,0,1149,103,410,0,0,0,1141,1410,0,208,0,105,0,1144,212
 2210,0,1652,1169,848,1439,1584,424,1510,1502,0,0,519,1262,0,1600,107,0,1149,103,410,0,0,0,1141,1415,0,208,0,105,0,1149,212
 2215,0,1657,1169,848,1444,1589,424,1515,1507,0,0,519,1262,0,1605,107,0,1149,103,410,0,0,0,1141,1420,0,208,0,105,0,1151,212
 2220,0,1662,1169,848,1449,1594,424,1520,1512,0,0,519,1262,0,1610,107,0,1149,103,410,0,0,0,1141,1425,0,208,0,105,0,1151,212
 2225,0,1667,1169,848,1454,1599,424,1525,1517,0,0,519,1262,0,1615,107,0,1149,103,410,0,0,0,1141,1430,0,208,0,105,0,1151,212
 2230,0,1672,1169,848,1459,1604,424,1530,1522,0,0,519,1262,0,1620,107,0,1149,103,410,0,0,0,1141,1435,0,208,0,105,0,1151,212
 2235,0,1677,1169,848,1464,1609,424,1535,1527,0,0,519,1262,0,1625,107,0,1149,103,410,0,0,0,1141,1440,0,208,0,105,0,1151,212
 2240,0,1682,1169,848,1469,1614,424,1540,1532,0,0,519,1262,0,1630,107,0,1149,103,410,0,0,0,1141,1445,0,208,0,105,0,1151,212
 2245,0,1682,1169,848,1474,1619,424,1545,1537,0,0,519,1262,0,1635,107,0,1149,103,410,0,0,0,1141,1450,0,208,0,105,0,1151,212
 2250,0,1681,1169,848,1478,1624,424,1550,1542,0,0,519,1262,0,1640,107,0,1149,103,410,0,0,0,1141,1455,0,208,0,105,0,1151,212
 2255,0,1686,1169,848,1478,1629,424,1555,1547,0,0,519,1262,0,1645,107,0,1149,103,410,0,0,0,1141,1460,0,208,0,105,0,1151,212
 2260,0,1691,1169,848,1483,1634,424,1560,1552,0,0,519,1265,0,1650,107,0,1149,103,410,0,0,0,1141,1465,0,208,0,105,0,1151,212
 2265,0,1696,1169,848,1488,1639,424,1563,1557,0,0,519,1270,0,1655,107,0,1149,103,410,0,0,0,1141,1470,0,208,0,105,0,1151,212
 2270,0,1701,1169,848,1493,1644,424,1563,1562,0,0,519,1275,0,1660,107,0,1149,103,410,0,0,0,1141,1475,0,208,0,105,0,1151,212
 2275,0,1706,1169,848,1498,1649,424,1563,1567,0,0,519,1280,0,1665,107,0,1149,103,410,0,0,0,1141,1480,0,208,0,105,0,1151,212
 2280,0,1711,1169,848,1503,1654,424,1563,1573,0,0,519,1285,0,1670,107,0,1149,103,410,0,0,0,1141,1482,0,208,0,105,0,1151,212
 2285,0,1716,1169,848,1508,1654,424,1563,1573,0,0,519,1290,0,1674,107,0,1149,103,410,0,0,0,1141,1482,0,208,0,105,0,1151,212
 2290,0,1721,1169,848,1513,1654,424,1563,1573,0,0,519,1295,0,1674,107,0,1149,103,410,0,0,0,1141,1482,0,208,0,105,0,1151,212
 2295,0,1726,1169,848,1518,1654,424,1564,1573,0,0,519,1300,0,1674,107,0,1149,103,410,0,0,0,1141,1482,0,208,0,105,0,1151,212
 2300,0,1731,1169,848,1523,1654,424,1569,1573,0,0,519,1305,0,1674,107,0,1149,103,410,0,0,0,1141,1482,0,208,0,105,0,1151,212
 2305,0,1736,1169,848,1528,1654,424,1574,1573,0,0,519,1310,0,1674,107,0,1149,103,410,0,0,0,1141,1482,0,208,0,105,0,1151,212
 2310,0,1741,1169,848,1533,1654,424,1579,1573,0,0,519,1315,0,1674,107,0,1149,103,410,0,0,0,1141,1482,0,208,0,105,0,1151,212
 2315,0,1746,1169,848,1538,1654,424,1584,1575,0,0,519,1320,0,1674,107,0,1149,103,410,0,0,0,1141,1482,0,208,0,105,0,1151,212
 2320,0,1751,1169,848,1543,1654,424,1589,1580,0,0,519,1325,0,1674,107,0,1149,103,410,0,0,0,1141,1482,0,208,0,105,0,1151,212
 2325,0,1756,1169,848,1548,1654,424,1594,1585,0,0,519,1330,0,1674,107,0,1149,103,410,0,0,0,1141,1482,0,208,0,105,0,1151,212
 2330,0,1761,1169,848,1553,1655,424,1599,1590,0,0,519,1335,0,1673,107,0,1149,103,410,0,0,0,1141,1485,0,208,0,105,0,1151,212
 2335,0,1766,1169,848,1558,1660,424,1604,1595,0,0,519,1340,0,1678,107,0,1149,103,410,0,0,0,1141,1490,0,208,0,105,0,1151,212
 2340,0,1771,1169,848,1563,1665,424,1609,1600,0,0,519,1345,0,1683,107,0,1149,103,410,0,0,0,1141,1495,0,208,0,105,0,1151,212
 2345,0,1776,1169,848,1568,1670,424,1614,1605,0,0,519,1350,0,1688,107,0,1149,103,410,0,0,0,1141,1500,0,208,0,105,0,1151,212
 2350,0,1781,1169,848,1573,1675,424,1619,1610,0,0,519,1355,0,1693,107,0,1149,103,410,0,0,0,1141,1505,0,208,0,105,0,1151,212
 2355,0,1785,1169,848,1578,1680,424,1624,1615,0,0,519,1360,0,1698,107,0,1149,103,410,0,0,0,1141,1510,0,208,0,105,0,1151,212
 2360,0,1785,1169,848,1583,1685,424,1629,1620,0,0,519,1365,0,1703,107,0,1149,103,410,0,0,0,1141,1515,0,208,0,105,0,1151,212
 2365,0,1787,1169,848,1585,1690,424,1634,1625,0,0,519,1365,0,1708,107,0,1149,103,410,0,0,0,1141,1520,0,208,0,105,0,1151,212
 2370,0,1792,1169,848,1586,1695,424,1639,1630,0,0,519,1365,0,1713,107,0,1149,103,410,0,0,0,1141,1525,0,208,0,105,0,1151,212
 2375,0,1797,1169,848,1591,1700,424,1644,1635,0,0,519,1365,0,1718,107,0,1149,103,410,0,0,0,1141,1530,0,208,0,105,0,1151,212
 2380,0,1802,1169,848,1596,1705,424,1649,1640,0,0,519,1365,0,1723,107,0,1149,103,410,0,0,0,1141,1535,0,208,0,105,0,1151,212
 2385,0,1807,1169,848,1601,1710,424,1654,1645,0,0,519,1365,0,1728,107,0,1149,103,410,0,0,0,1141,1540,0,208,0,105,0,1151,212
 2390,0,1812,1169,848,1606,1715,424,1659,1650,0,0,519,1365,0,1733,107,0,1149,103,410,0,0,0,1141,1545,0,208,0,105,0,1151,212
 2395,0,1817,1169,848,1611,1720,424,1664,1655,0,0,519,1365,0,1738,107,0,1149,103,410,0,0,0,1141,1550,0,208,0,105,0,1151,212
 2400,0,1822,1169,848,1616,1725,424,1666,1660,0,0,519,1365,0,1743,107,0,1149,103,410,0,0,0,1141,1555,0,208,0,105,0,1151,212
 2405,0,1827,1169,848,1621,1730,424,1666,1665,0,0,519,1365,0,1748,107,0,1149,103,410,0,0,0,1141,1560,0,208,0,105,0,1151,212
 2410,0,1832,1169,848,1626,1735,424,1671,1670,0,0,519,1365,0,1753,107,0,1149,103,410,0,0,0,1141,1565,0,208,0,105,0,1151,212
 2415,0,1837,1169,848,1631,1740,424,1676,1676,0,0,519,1365,0,1758,107,0,1149,103,410,0,0,0,1141,1570,0,208,0,105,0,1151,212
 2420,0,1842,1169,848,1636,1745,424,1681,1676,0,0,519,1365,0,1763,107,0,1149,103,410,0,0,0,1141,1575,0,208,0,105,0,1151,212
 2425,0,1847,1169,848,1641,1750,424,1686,1676,0,0,519,1365,0,1768,107,0,1149,103,410,0,0,0,1141,1580,0,208,0,105,0,1151,212
 2430,0,1852,1169,848,1646,1755,424,1691,1676,0,0,519,1365,0,1773,107,0,1149,103,410,0,0,0,1141,1585,0,208,0,105,0,1151,212
 2435,0,1857,1169,848,1651,1755,424,1696,1676,0,0,519,1365,0,1779,107,0,1149,103,410,0,0,0,1141,1585,0,208,0,105,0,1151,212
 2440,0,1862,1169,848,1656,1755,424,1701,1676,0,0,519,1365,0,1779,107,0,1149,103,410,0,0,0,1141,1585,0,208,0,105,0,1151,212
 2445,0,1867,1169,848,1661,1754,424,1706,1677,0,0,519,1365,0,1779,107,0,1149,103,410,0,0,0,1141,1584,0,208,0,105,0,1151,212
 2450,0,1872,1169,848,1666,1759,424,1711,1682,0,0,519,1365,0,1779,107,0,1149,103,410,0,0,0,1141,1589,0,208,0,105,0,1151,212
 2455,0,1877,1169,848,1671,1764,424,1716,1687,0,0,519,1365,0,1779,107,0,1149,103,410,0,0,0,1141,1594,0,208,0,105,0,1151,212
 2460,0,1882,1169,848,1676,1769,424,1721,1692,0,0,519,1365,0,1779,107,0,1149,103,410,0,0,0,1141,1599,0,208,0,105,0,1151,212
 2465,0,1887,1169,848,1681,1774,424,1726,1697,0,0,519,1365,0,1779,107,0,1149,103,410,0,0,0,1141,1604,0,208,0,105,0,1154,212
 2470,0,1892,1169,848,1686,1779,424,1731,1702,0,0,519,1365,0,1779,107,0,1149,103,410,0,0,0,1141,1609,0,208,0,105,0,1159,212
 2475,0,1892,1169,848,1690,1784,424,1736,1707,0,0,519,1365,0,1779,107,0,1149,103,410,0,0,0,1141,1614,0,208,0,105,0,1164,212
 2480,0,1892,1169,848,1690,1789,424,1741,1712,0,0,519,1365,0,1779,107,0,1149,103,410,0,0,0,1141,1619,0,208,0,105,0,1169,212
 2485,0,1894,1169,848,1690,1794,424,1746,1717,0,0,519,1365,0,1779,107,0,1149,103,410,0,0,0,1141,1624,0,208,0,105,0,1174,212
 2490,0,1899,1169,848,1695,1799,424,1751,1722,0,0,519,1365,0,1779,107,0,1149,103,410,0,0,0,1141,1629,0,208,0,105,0,1179,212
 2495,0,1904,1169,848,1700,1804,424,1756,1727,0,0,519,1365,0,1779,107,0,1149,103,410,0,0,0,1141,1634,0,208,0,105,0,1184,212
 2500,0,1909,1169,848,1705,1809,424,1761,1732,0,0,519,1365,0,1782,110,0,1149,103,410,0,0,0,1141,1639,0,208,0,105,0,1189,212
 2505,0,1914,1169,848,1710,1814,424,1766,1737,0,0,519,1365,0,1787,115,0,1149,103,410,0,0,0,1141,1644,0,208,0,105,0,1194,212
 2510,0,1919,1169,848,1715,1819,424,1771,1742,0,0,519,1365,0,1792,120,0,1149,103,410,0,0,0,1141,1649,0,208,0,105,0,1199,212
 2515,0,1924,1169,848,1720,1824,424,1773,1747,0,0,519,1365,0,1797,125,0,1149,103,410,0,0,0,1141,1654,0,208,0,105,0,1204,212
 2520,0,1929,1169,848,1725,1829,424,1773,1752,0,0,519,1365,0,1802,130,0,1149,103,410,0,0,0,1141,1659,0,208,0,105,0,1209,212
 2525,0,1934,1169,848,1730,1834,424,1773,1757,0,0,519,1365,0,1807,135,0,1149,103,410,0,0,0,1141,1664,0,208,0,105,0,1214,212
 2530,0,1939,1169,848,1735,1839,424,1773,1762,0,0,519,1365,0,1812,140,0,1149,103,410,0,0,0,1141,1669,0,208,0,105,0,1219,212
 2535,0,1944,1169,848,1740,1844,424,1773,1767,0,0,519,1365,0,1817,145,0,1149,103,410,0,0,0,1141,1674,0,208,0,105,0,1224,212
 2540,0,1949,1169,848,1745,1849,424,1773,1772,0,0,519,1365,0,1822,150,0,1149,103,410,0,0,0,1141,1679,0,208,0,105,0,1229,212
 2545,0,1954,1169,848,1750,1854,424,1773,1777,0,0,519,1365,0,1827,155,0,1149,103,410,0,0,0,1141,1684,0,208,0,105,0,1234,212
 2550,0,1959,1169,848,1755,1858,424,1773,1781,0,0,519,1365,0,1832,160,0,1149,103,410,0,0,0,1141,1688,0,208,0,105,0,1239,212
 2555,0,1964,1169,848,1760,1858,424,1774,1781,0,0,519,1365,0,1837,165,0,1149,103,410,0,0,0,1141,1688,0,208,0,105,0,1244,212
 2560,0,1969,1169,848,1765,1858,424,1779,1780,0,0,519,1365,0,1842,170,0,1149,103,410,0,0,0,1141,1688,0,208,0,105,0,1249,212
 2565,0,1974,1169,848,1770,1858,424,1784,1785,0,0,519,1365,0,1847,175,0,1149,103,410,0,0,0,1141,1693,0,208,0,105,0,1254,212
 2570,0,1979,1169,848,1775,1858,424,1789,1790,0,0,519,1365,0,1852,180,0,1149,103,410,0,0,0,1141,1698,0,208,0,105,0,1254,212
 2575,0,1984,1169,848,1780,1858,424,1794,1795,0,0,519,1365,0,1857,185,0,1149,103,410,0,0,0,1141,1703,0,208,0,105,0,1254,212
 2580,0,1989,1169,848,1785,1858,424,1799,1800,0,0,519,1365,0,1862,190,0,1149,103,410,0,0,0,1141,1708,0,208,0,105,0,1254,212
 2585,0,1994,1169,848,1790,1858,424,1804,1805,0,0,519,1365,0,1867,195,0,1149,103,410,0,0,0,1141,1713,0,208,0,105,0,1254,212
 2590,0,1999,1169,848,1795,1858,424,1809,1810,0,0,519,1365,0,1872,200,0,1149,103,410,0,0,0,1141,1718,0,208,0,105,0,1254,212
 2595,0,1999,1169,848,1795,1857,424,1814,1815,0,0,519,1365,0,1877,205,0,1149,103,410,0,0,0,1141,1723,0,208,0,105,0,1254,212
 2600,0,1999,1169,848,1795,1862,424,1819,1820,0,0,519,1365,0,1882,210,0,1149,103,410,0,0,0,1141,1728,0,208,0,105,0,1254,212
 2605,0,1998,1169,848,1795,1867,424,1824,1825,0,0,519,1365,0,1884,215,0,1149,103,410,0,0,0,1141,1733,0,208,0,105,0,1254,212
 2610,0,2003,1169,848,1795,1872,423,1829,1830,0,0,519,1365,0,1884,220,0,1149,103,410,0,0,0,1141,1738,0,208,0,105,0,1254,212
 2615,0,2008,1169,848,1795,1877,428,1834,1835,0,0,519,1365,0,1884,220,0,1149,103,410,0,0,0,1141,1743,0,208,0,105,0,1254,212
 2620,0,2013,1169,848,1795,1882,433,1839,1840,0,0,519,1365,0,1887,220,0,1149,103,410,0,0,0,1141,1748,0,208,0,105,0,1254,212
 2625,0,2018,1169,848,1795,1887,438,1844,1845,0,0,519,1365,0,1892,220,0,1149,103,410,0,0,0,1141,1753,0,208,0,105,0,1254,212
 2630,0,2023,1169,848,1795,1892,443,1849,1850,0,0,519,1365,0,1897,220,0,1149,103,410,0,0,0,1141,1758,0,208,0,105,0,1254,212
 2635,0,2028,1169,848,1795,1897,448,1854,1855,0,0,519,1365,0,1902,220,0,1149,103,410,0,0,0,1141,1763,0,208,0,105,0,1254,212
 2640,0,2033,1169,848,1795,1902,453,1859,1860,0,0,519,1365,0,1907,220,0,1149,103,410,0,0,0,1146,1768,0,208,0,105,0,1254,212
 2645,0,2038,1169,848,1795,1907,458,1864,1865,0,0,519,1365,0,1912,220,0,1149,103,410,0,0,0,1151,1773,0,208,0,105,0,1254,212
 2650,0,2043,1169,848,1795,1912,463,1869,1870,0,0,519,1365,0,1917,220,0,1149,103,410,0,0,0,1156,1778,0,208,0,105,0,1254,212
 2655,0,2048,1169,848,1795,1917,468,1874,1875,0,0,519,1365,0,1922,220,0,1149,103,410,0,0,0,1161,1783,0,208,0,105,0,1254,212
 2660,0,2053,1169,848,1795,1922,473,1876,1880,0,0,519,1365,0,1927,220,0,1149,103,410,0,0,0,1166,1788,0,208,0,105,0,1254,212
 2665,0,2058,1169,848,1795,1927,478,1876,1886,0,0,519,1365,0,1932,220,0,1149,103,410,0,0,0,1171,1793,0,208,0,105,0,1254,212
 2670,0,2063,1169,848,1795,1932,483,1876,1886,0,0,519,1365,0,1937,220,0,1149,103,410,0,0,0,1176,1795,0,208,0,105,0,1254,212
 2675,0,2068,1169,848,1795,1937,488,1876,1886,0,0,519,1365,0,1942,220,0,1149,103,410,0,0,0,1181,1795,0,208,0,105,0,1254,212
 2680,0,2073,1169,848,1795,1942,493,1876,1886,0,0,519,1365,0,1947,220,0,1149,103,410,0,0,0,1186,1795,0,208,0,105,0,1254,212
 2685,0,2078,1169,848,1795,1947,498,1876,1886,0,0,519,1365,0,1952,220,0,1149,103,410,0,0,0,1191,1794,0,208,0,105,0,1254,212
 2690,0,2083,1169,848,1795,1952,503,1876,1891,0,0,519,1365,0,1957,220,0,1149,103,410,0,0,0,1196,1799,0,208,0,105,0,1254,212
 2695,0,2088,1169,848,1795,1957,508,1876,1896,0,0,519,1365,0,1962,220,0,1149,103,410,0,0,0,1201,1804,0,208,0,105,0,1254,212
 2700,0,2093,1169,848,1795,1963,513,1876,1901,0,0,519,1365,0,1967,220,0,1149,103,410,0,0,0,1206,1809,0,208,0,105,0,1254,212
 2705,0,2098,1169,848,1795,1963,518,1876,1906,0,0,519,1365,0,1972,220,0,1149,103,410,0,0,0,1211,1814,0,208,0,105,0,1254,212
 2710,0,2104,1169,848,1795,1963,523,1876,1911,0,0,519,1365,0,1977,220,0,1149,103,410,0,0,0,1216,1819,0,208,0,105,0,1254,212
 2715,0,2104,1169,848,1797,1963,529,1876,1916,0,0,519,1365,0,1982,220,0,1149,103,410,0,0,0,1221,1824,0,208,0,105,0,1254,212
 2720,0,2104,1169,848,1802,1968,529,1876,1921,0,0,519,1365,0,1987,220,0,1149,103,410,0,0,0,1226,1829,0,208,0,105,0,1254,212
 2725,0,2104,1169,848,1807,1973,529,1875,1926,0,0,519,1365,0,1991,220,0,1149,103,410,0,0,0,1231,1834,0,208,0,105,0,1254,212
 2730,0,2105,1169,848,1812,1978,529,1880,1931,0,0,519,1365,0,1991,220,0,1149,103,410,0,0,0,1236,1839,0,208,0,105,0,1254,212
 2735,0,2110,1169,848,1817,1983,529,1885,1936,0,0,519,1365,0,1991,220,0,1149,103,410,0,0,0,1241,1844,0,208,0,105,0,1254,212
 2740,0,2115,1169,848,1822,1988,529,1890,1941,0,0,519,1365,0,1991,220,0,1149,103,410,0,0,0,1246,1849,0,208,0,105,0,1254,212
 2745,0,2120,1169,848,1827,1993,529,1895,1946,0,0,519,1365,0,1991,219,0,1149,103,410,0,0,0,1246,1854,0,208,0,105,0,1254,212
 2750,0,2125,1169,848,1832,1998,529,1900,1951,0,0,519,1365,0,1994,224,0,1149,103,410,0,0,0,1246,1859,0,208,0,105,0,1254,212
 2755,0,2130,1169,848,1837,2003,529,1905,1956,0,0,519,1365,0,1999,229,0,1149,103,410,0,0,0,1246,1864,0,208,0,105,0,1254,212
 2760,0,2135,1169,848,1842,2008,529,1910,1961,0,0,519,1365,0,2004,234,0,1149,103,410,0,0,0,1246,1869,0,208,0,105,0,1254,212
 2765,0,2140,1169,848,1847,2013,529,1915,1966,0,0,519,1365,0,2009,239,0,1149,103,410,0,0,0,1246,1874,0,208,0,105,0,1254,212
 2770,0,2145,1169,848,1852,2018,529,1920,1971,0,0,519,1365,0,2014,244,0,1149,103,410,0,0,0,1246,1879,0,208,0,105,0,1254,212
 2775,0,2150,1169,848,1857,2023,529,1925,1976,0,0,519,1365,0,2019,249,0,1149,103,410,0,0,0,1246,1884,0,208,0,105,0,1254,212
 2780,0,2155,1169,848,1862,2028,529,1930,1981,0,0,519,1365,0,2024,254,0,1149,103,410,0,0,0,1246,1889,0,208,0,105,0,1254,212
 2785,0,2160,1169,848,1867,2033,529,1935,1986,0,0,519,1365,0,2029,259,0,1149,103,410,0,0,0,1246,1894,0,208,0,105,0,1254,212
 2790,0,2165,1169,848,1872,2038,529,1940,1991,0,0,519,1365,0,2034,264,0,1149,103,410,0,0,0,1246,1896,0,208,0,105,0,1254,212
 2795,0,2170,1169,848,1877,2043,529,1945,1993,0,0,519,1365,0,2039,269,0,1149,103,410,0,0,0,1246,1896,0,208,0,105,0,1254,212
 2800,0,2175,1169,848,1882,2048,529,1950,1993,0,0,519,1365,0,2044,274,0,1149,103,410,0,0,0,1246,1896,0,208,0,105,0,1254,212
 2805,0,2180,1169,848,1887,2053,529,1955,1993,0,0,519,1365,0,2049,279,0,1149,103,410,0,0,0,1246,1896,0,208,0,105,0,1254,212
 2810,0,2185,1169,848,1892,2058,529,1960,1998,0,0,519,1365,0,2054,284,0,1149,103,410,0,0,0,1246,1896,0,208,0,105,0,1254,212
 2815,0,2190,1169,848,1897,2063,529,1965,2003,0,0,519,1365,0,2059,289,0,1149,103,410,0,0,0,1246,1896,0,208,0,105,0,1254,212
 2820,0,2195,1169,848,1902,2066,529,1970,2008,0,0,519,1365,0,2064,294,0,1149,103,410,0,0,0,1246,1899,0,208,0,105,0,1254,212
 2825,0,2200,1169,848,1904,2066,529,1975,2013,0,0,519,1365,0,2069,299,0,1149,103,410,0,0,0,1246,1904,0,208,0,105,0,1254,212
 2830,0,2205,1169,848,1904,2066,529,1981,2018,0,0,519,1365,0,2074,304,0,1149,103,410,0,0,0,1246,1909,0,208,0,105,0,1254,212
 2835,0,2207,1169,848,1904,2068,529,1981,2023,0,0,519,1365,0,2079,309,0,1149,103,410,0,0,0,1246,1914,0,208,0,105,0,1254,212
 2840,0,2207,1169,848,1904,2073,529,1981,2028,0,0,519,1365,0,2084,314,0,1149,103,410,0,0,0,1246,1919,0,208,0,105,0,1254,212
 2845,0,2207,1169,848,1904,2078,529,1981,2033,0,0,519,1365,0,2089,319,0,1149,103,410,0,0,0,1246,1924,0,208,0,105,0,1254,212
 2850,0,2212,1169,848,1904,2083,529,1981,2038,0,0,519,1365,0,2094,324,0,1149,103,410,0,0,0,1246,1929,0,208,0,105,0,1254,212
 2855,0,2217,1169,848,1904,2088,529,1981,2043,0,0,519,1365,0,2098,327,0,1149,103,410,0,0,0,1246,1934,0,208,0,105,0,1254,212
 2860,0,2222,1169,848,1904,2093,529,1980,2048,0,0,519,1365,0,2098,327,0,1149,103,410,0,0,0,1246,1939,0,208,0,105,0,1254,212
 2865,0,2227,1169,848,1904,2098,529,1985,2053,0,0,519,1365,0,2098,329,0,1149,103,410,0,0,0,1246,1944,0,208,0,105,0,1254,212
 2870,0,2232,1169,848,1904,2103,529,1990,2058,0,0,519,1365,0,2098,334,0,1149,103,410,0,0,0,1246,1949,0,208,0,105,0,1254,212
 2875,0,2237,1169,848,1904,2108,529,1995,2063,0,0,519,1365,0,2098,339,0,1149,103,410,0,0,0,1246,1954,0,208,0,105,0,1254,212
 2880,0,2242,1169,848,1904,2113,529,2000,2068,0,0,519,1365,0,2098,344,0,1149,103,410,0,0,0,1246,1959,0,208,0,105,0,1254,212
 2885,0,2247,1169,848,1904,2118,529,2005,2073,0,0,519,1365,0,2101,349,0,1149,103,410,0,0,0,1246,1964,0,208,0,105,0,1254,212
 2890,0,2252,1169,848,1904,2123,529,2010,2078,0,0,519,1365,0,2106,354,0,1149,103,410,0,0,0,1246,1969,0,208,0,105,0,1254,212
 2895,0,2257,1169,848,1904,2128,529,2015,2083,0,0,519,1365,0,2111,359,0,1149,103,410,0,0,0,1246,1974,0,208,0,105,0,1254,212
 2900,0,2262,1169,848,1904,2133,529,2020,2088,0,0,519,1365,0,2116,364,0,1149,103,410,0,0,0,1246,1979,0,208,0,105,0,1254,212
 2905,0,2267,1169,848,1904,2138,529,2025,2093,0,0,519,1365,0,2121,369,0,1149,103,410,0,0,0,1246,1984,0,208,0,105,0,1254,212
 2910,0,2272,1169,848,1904,2143,529,2030,2098,0,0,519,1365,0,2126,374,0,1149,103,410,0,0,0,1246,1989,0,208,0,105,0,1254,212
 2915,0,2277,1169,848,1904,2148,529,2035,2100,0,0,519,1365,0,2131,379,0,1149,103,410,0,0,0,1246,1994,0,208,0,105,0,1254,212
 2920,0,2282,1169,848,1904,2153,529,2040,2100,0,0,519,1365,0,2136,384,0,1149,103,410,0,0,0,1246,1999,0,208,0,105,0,1254,212
 2925,0,2287,1169,848,1904,2158,529,2045,2105,0,0,519,1365,0,2141,389,3,1149,103,410,0,0,0,1246,1999,0,208,0,105,0,1254,212
 2930,0,2292,1169,848,1904,2163,529,2050,2110,0,0,519,1365,0,2146,394,8,1149,103,410,0,0,0,1246,1998,0,208,0,105,0,1254,212
 2935,0,2297,1169,848,1904,2169,529,2055,2115,0,0,519,1365,0,2151,399,13,1149,103,410,0,0,0,1246,2003,0,208,0,105,0,1254,212
 2940,0,2302,1169,848,1904,2169,529,2060,2120,0,0,519,1365,0,2156,404,18,1149,103,410,0,0,0,1246,2008,0,208,0,105,0,1254,212
 2945,0,2307,1169,848,1904,2172,529,2065,2125,0,0,519,1365,0,2161,409,23,1149,103,410,0,0,0,1246,2013,0,208,0,105,0,1254,212
 2950,0,2312,1169,848,1904,2177,529,2070,2130,0,0,519,1365,0,2166,414,28,1149,103,410,0,0,0,1246,2018,0,208,0,105,0,1254,212
 2955,0,2314,1169,848,1904,2182,529,2075,2135,0,0,519,1365,0,2171,419,33,1149,103,410,0,0,0,1246,2023,0,208,0,105,0,1254,212
 2960,0,2314,1169,848,1904,2187,529,2080,2140,0,0,519,1365,0,2176,424,38,1149,103,410,0,0,0,1246,2028,0,208,0,105,0,1254,212
 2965,0,2315,1169,848,1904,2192,529,2084,2145,0,0,519,1365,0,2181,429,43,1149,103,410,0,0,0,1246,2033,0,208,0,105,0,1254,212
 2970,0,2320,1169,848,1904,2197,529,2084,2150,0,0,519,1365,0,2186,434,48,1149,103,410,0,0,0,1246,2038,0,208,0,105,0,1254,212
 2975,0,2325,1169,848,1904,2202,529,2087,2155,0,0,519,1365,0,2191,434,53,1149,103,410,0,0,0,1246,2043,0,208,0,105,0,1254,212
 2980,0,2330,1169,848,1904,2207,529,2092,2160,0,0,519,1365,0,2196,434,58,1149,103,410,0,0,0,1246,2048,0,208,0,105,0,1254,212
 2985,0,2335,1169,848,1904,2212,529,2097,2165,0,0,519,1365,0,2201,434,63,1149,103,410,0,0,0,1246,2053,0,208,0,105,0,1254,212
 2990,0,2340,1169,848,1904,2217,529,2102,2170,0,0,519,1365,0,2203,434,68,1149,103,410,0,0,0,1246,2058,0,208,0,105,0,1254,212
 2995,0,2345,1169,848,1904,2222,529,2107,2175,0,0,519,1365,0,2203,434,73,1149,103,410,0,0,0,1246,2063,0,208,0,105,0,1254,212
 3000,0,2350,1169,848,1904,2227,529,2112,2180,0,0,519,1365,0,2203,434,78,1149,103,410,0,0,0,1246,2068,0,208,0,105,0,1254,212
 3005,0,2355,1169,848,1904,2232,529,2117,2185,0,0,519,1365,0,2203,434,83,1149,103,410,0,0,0,1246,2073,0,208,0,105,0,1254,212
 3010,0,2360,1169,848,1904,2237,529,2122,2190,0,0,519,1365,0,2203,436,88,1149,103,410,0,0,0,1246,2078,0,208,0,105,0,1254,212
 3015,0,2365,1169,848,1904,2242,529,2127,2195,0,0,519,1365,0,2208,441,93,1149,103,410,0,0,0,1246,2083,0,208,0,105,0,1254,212
 3020,0,2370,1169,848,1904,2247,529,2132,2200,0,0,519,1365,0,2213,446,98,1149,103,410,0,0,0,1246,2088,0,208,0,105,0,1254,212
 3025,0,2375,1169,848,1904,2252,529,2137,2205,0,0,519,1365,0,2218,451,103,1149,103,410,0,0,0,1246,2093,0,208,0,105,0,1254,212
 3030,0,2380,1169,848,1904,2257,529,2142,2205,0,0,519,1365,0,2223,456,109,1149,103,410,0,0,0,1246,2098,0,208,0,105,0,1254,212
 3035,0,2385,1169,848,1904,2262,529,2147,2205,0,0,519,1365,0,2228,461,109,1149,103,410,0,0,0,1246,2104,0,208,0,105,0,1254,212
 3040,0,2390,1169,848,1904,2267,529,2152,2205,0,0,519,1365,0,2233,466,112,1149,103,410,0,0,0,1246,2104,0,208,0,105,0,1254,212
 3045,0,2395,1169,848,1904,2272,529,2157,2205,0,0,519,1365,0,2238,471,117,1149,103,410,0,0,0,1246,2106,0,208,0,105,0,1254,212
 3050,0,2400,1169,848,1904,2272,529,2162,2206,0,0,519,1365,0,2243,476,122,1149,103,410,0,0,0,1246,2111,0,208,0,105,0,1254,212
 3055,0,2405,1169,848,1904,2275,529,2167,2211,0,0,519,1365,0,2248,481,127,1149,103,410,0,0,0,1246,2116,0,208,0,105,0,1254,212
 3060,0,2410,1169,848,1904,2280,529,2172,2216,0,0,519,1365,0,2253,486,132,1149,103,410,0,0,0,1246,2121,0,208,0,105,0,1254,212
 3065,0,2415,1169,848,1904,2285,529,2177,2221,0,0,519,1365,0,2258,491,137,1149,103,410,0,0,0,1246,2126,0,208,0,105,0,1254,212
 3070,0,2419,1169,848,1904,2290,529,2182,2226,0,0,519,1365,0,2263,496,142,1149,103,410,0,0,0,1246,2131,0,208,0,105,0,1254,212
 3075,0,2419,1169,848,1904,2295,529,2187,2231,0,0,519,1365,0,2268,501,147,1149,103,410,0,0,0,1246,2136,0,208,0,105,0,1254,212
 3080,0,2418,1169,848,1904,2300,529,2187,2236,0,0,519,1365,0,2273,506,152,1149,103,410,0,0,0,1246,2141,0,208,0,105,0,1254,212
 3085,0,2423,1169,848,1904,2305,529,2188,2241,0,0,519,1365,0,2278,511,157,1149,103,410,0,0,0,1246,2146,0,208,0,105,0,1254,212
 3090,0,2428,1169,848,1904,2310,529,2193,2246,0,0,519,1365,0,2283,516,162,1149,103,410,0,0,0,1246,2151,0,208,0,105,0,1254,212
 3095,0,2433,1169,848,1904,2315,529,2198,2251,0,0,519,1365,0,2288,521,167,1149,103,410,0,0,0,1246,2156,0,208,0,105,0,1254,212
 3100,0,2438,1169,848,1904,2320,529,2203,2256,0,0,519,1365,0,2293,526,172,1149,103,410,0,0,0,1246,2161,0,208,0,105,0,1254,212
 3105,0,2443,1169,848,1904,2325,529,2208,2261,0,0,519,1365,0,2298,531,177,1149,103,410,0,0,0,1246,2166,0,208,0,105,0,1254,212
 3110,0,2448,1169,848,1904,2330,529,2213,2266,0,0,519,1365,0,2303,536,182,1149,103,410,0,0,0,1246,2171,0,208,0,105,0,1254,212
 3115,0,2453,1169,848,1904,2335,529,2218,2271,0,0,519,1365,0,2306,541,187,1149,103,410,0,0,0,1246,2176,0,208,0,105,0,1254,212
 3120,0,2458,1169,848,1904,2340,529,2223,2276,0,0,519,1365,0,2306,541,192,1149,103,410,0,0,0,1246,2181,0,208,0,105,0,1254,212
 3125,0,2463,1169,848,1904,2345,529,2228,2281,0,0,519,1365,0,2309,544,197,1149,103,410,0,0,0,1246,2186,0,208,0,105,0,1254,212
 3130,0,2468,1169,848,1904,2350,529,2233,2286,0,0,519,1365,0,2314,549,202,1149,103,410,0,0,0,1246,2191,0,208,0,105,0,1254,212
 3135,0,2473,1169,848,1904,2355,529,2238,2291,0,0,519,1365,0,2319,554,207,1149,103,410,0,0,0,1246,2196,0,208,0,105,0,1254,212
 3140,0,2478,1169,848,1904,2360,529,2243,2296,0,0,519,1365,0,2324,559,212,1149,103,410,0,0,0,1246,2201,0,208,0,105,0,1254,212
 3145,0,2483,1169,848,1904,2365,529,2248,2301,0,0,519,1365,0,2329,564,216,1149,103,410,0,0,0,1246,2206,0,208,0,105,0,1254,212
 3150,0,2488,1169,848,1904,2370,529,2253,2306,0,0,519,1365,0,2334,569,216,1149,103,410,0,0,0,1246,2211,0,208,0,105,0,1254,212
 3155,0,2493,1169,848,1904,2375,529,2258,2312,0,0,519,1365,0,2339,574,221,1149,103,410,0,0,0,1246,2211,0,208,0,105,0,1254,212
 3160,0,2498,1169,848,1904,2379,529,2263,2312,0,0,519,1365,0,2344,579,226,1149,103,410,0,0,0,1246,2211,0,208,0,105,0,1254,212
 3165,0,2503,1169,848,1904,2379,529,2268,2312,0,0,519,1365,0,2349,584,231,1149,103,410,0,0,0,1246,2211,0,208,0,105,0,1254,212
 3170,0,2508,1169,848,1904,2379,529,2273,2312,0,0,519,1365,0,2354,589,236,1149,103,410,0,0,0,1246,2211,0,208,0,105,0,1254,212
 3175,0,2513,1169,848,1904,2379,529,2278,2312,0,0,519,1365,0,2359,594,241,1149,103,410,0,0,0,1246,2216,0,208,0,105,0,1254,212
 3180,0,2518,1169,848,1904,2379,529,2283,2312,0,0,519,1365,0,2364,599,246,1149,103,410,0,0,0,1246,2221,0,208,0,105,0,1254,212
 3185,0,2524,1169,848,1904,2379,529,2288,2312,0,0,519,1365,0,2369,604,251,1149,103,410,0,0,0,1246,2226,0,208,0,105,0,1254,212
 3190,0,2524,1169,848,1904,2379,529,2294,2312,0,0,519,1365,0,2374,609,256,1149,103,410,0,0,0,1246,2231,0,208,0,105,0,1254,212
 3195,0,2524,1169,848,1904,2379,529,2294,2312,0,0,519,1365,0,2379,614,261,1149,103,410,0,0,0,1246,2236,0,208,0,105,0,1254,212
 3200,0,2524,1169,848,1904,2379,529,2294,2312,0,0,519,1365,0,2384,619,266,1149,103,410,0,0,0,1246,2241,0,208,0,105,0,1254,212
 3205,0,2524,1169,848,1904,2379,529,2294,2312,0,0,519,1365,0,2389,624,271,1149,103,410,0,0,0,1246,2246,0,208,0,105,0,1254,212
 3210,0,2524,1169,848,1904,2379,529,2294,2312,0,0,519,1365,0,2394,629,276,1149,103,410,0,0,0,1246,2251,0,208,0,105,0,1254,212
 3215,0,2524,1169,848,1904,2379,529,2294,2312,0,0,519,1365,0,2399,634,281,1149,103,410,0,0,0,1246,2256,0,208,0,105,0,1254,212
 3220,0,2524,1169,848,1904,2379,529,2294,2312,0,0,519,1365,0,2404,639,286,1149,103,410,0,0,0,1246,2261,0,208,0,105,0,1254,212
 3225,0,2524,1169,848,1904,2379,529,2294,2312,0,0,519,1365,0,2409,644,291,1149,103,410,0,0,0,1246,2266,0,208,0,105,0,1254,212
 3230,0,2524,1169,848,1904,2379,529,2294,2312,0,0,519,1365,0,2411,646,296,1149,103,410,0,0,0,1246,2271,0,208,0,105,0,1254,212
 3235,0,2524,1169,848,1904,2379,529,2294,2315,0,0,519,1365,0,2411,646,301,1149,103,410,0,0,0,1246,2276,0,208,0,105,0,1254,212
 3240,0,2524,1169,848,1904,2379,529,2294,2320,0,0,519,1365,0,2411,646,306,1149,103,410,0,0,0,1246,2281,0,208,0,105,0,1254,212
 3245,0,2524,1169,848,1904,2379,529,2294,2325,0,0,519,1365,0,2411,646,311,1149,103,410,0,0,0,1246,2286,0,208,0,105,0,1254,212
 3250,0,2524,1169,848,1904,2379,529,2294,2330,0,0,519,1365,0,2411,646,316,1149,103,410,0,0,0,1246,2291,0,208,0,105,0,1254,212
 3255,0,2526,1169,848,1904,2379,529,2295,2335,0,0,519,1365,0,2411,645,321,1149,103,410,0,0,0,1246,2296,0,208,0,105,0,1254,212
 3260,0,2531,1169,848,1904,2379,529,2300,2340,0,0,519,1365,0,2416,650,321,1149,103,410,0,0,0,1246,2301,0,208,0,105,0,1254,212
 3265,0,2536,1169,848,1904,2379,529,2305,2345,0,0,519,1365,0,2421,655,321,1149,103,410,0,0,0,1246,2306,0,208,0,105,0,1254,212
 3270,0,2541,1169,848,1904,2379,529,2310,2350,0,0,519,1365,0,2426,660,321,1149,103,410,0,0,0,1246,2311,0,208,0,105,0,1254,212
 3275,0,2546,1169,848,1904,2379,529,2315,2355,0,0,519,1365,0,2431,665,326,1149,103,410,0,0,0,1246,2316,0,208,0,105,0,1254,212
 3280,0,2551,1169,848,1904,2379,529,2320,2360,0,0,519,1365,0,2436,670,331,1149,103,410,0,0,0,1246,2316,0,208,0,105,0,1254,212
 3285,0,2556,1169,848,1904,2379,529,2325,2365,0,0,519,1365,0,2441,675,336,1149,103,410,0,0,0,1246,2316,0,208,0,105,0,1254,212
 3290,0,2561,1169,848,1904,2379,529,2330,2370,0,0,519,1365,0,2446,680,341,1149,103,410,0,0,0,1246,2316,0,208,0,105,0,1254,212
 3295,0,2566,1169,848,1904,2379,529,2335,2375,0,0,519,1365,0,2451,685,346,1149,103,410,0,0,0,1246,2316,0,208,0,105,0,1254,212
 3300,0,2571,1169,848,1904,2379,529,2340,2380,0,0,519,1365,0,2456,690,351,1149,103,410,0,0,0,1246,2316,0,208,0,105,0,1254,212
 3305,0,2576,1169,848,1904,2379,529,2345,2385,0,0,519,1365,0,2461,695,356,1149,103,410,0,0,0,1246,2316,0,208,0,105,0,1254,212
 3310,0,2581,1169,848,1904,2379,529,2350,2390,0,0,519,1365,0,2466,700,361,1149,103,410,0,0,0,1246,2316,0,208,0,105,0,1254,212
 3315,0,2586,1169,848,1904,2379,529,2355,2395,0,0,519,1365,0,2471,705,366,1149,103,410,0,0,0,1246,2315,0,208,0,105,0,1254,212
 3320,0,2591,1169,848,1904,2379,529,2360,2400,0,0,519,1365,0,2476,710,371,1149,103,410,0,0,0,1246,2320,0,208,0,105,0,1254,212
 3325,0,2596,1169,848,1904,2379,529,2365,2405,0,0,519,1365,0,2481,715,376,1149,103,410,0,0,0,1246,2325,0,208,0,105,0,1254,212
 3330,0,2601,1169,848,1904,2379,529,2370,2410,0,0,519,1365,0,2486,720,381,1149,103,410,0,0,0,1246,2330,0,208,0,105,0,1254,212
 3335,0,2606,1169,848,1904,2379,529,2375,2415,0,0,519,1365,0,2491,725,386,1149,103,410,0,0,0,1246,2335,0,208,0,105,0,1254,212
 3340,0,2611,1169,848,1904,2379,529,2380,2415,0,0,519,1365,0,2496,730,391,1149,103,410,0,0,0,1246,2340,0,208,0,105,0,1254,212
 3345,0,2616,1169,848,1904,2379,529,2385,2415,0,0,519,1365,0,2501,735,396,1149,103,410,0,0,0,1246,2345,0,208,0,105,0,1254,212
 3350,0,2621,1169,848,1904,2379,529,2390,2415,0,0,519,1365,0,2506,740,401,1149,103,410,0,0,0,1246,2350,0,208,0,105,0,1254,212
 3355,0,2627,1169,848,1904,2379,529,2395,2415,0,0,519,1365,0,2511,745,406,1149,103,410,0,0,0,1246,2355,0,208,0,105,0,1254,212
 3360,0,2627,1169,848,1904,2379,529,2397,2415,0,0,519,1365,0,2516,749,411,1149,103,410,0,0,0,1246,2360,0,208,0,105,0,1254,212
 3365,0,2627,1169,848,1904,2379,529,2397,2415,0,0,519,1365,0,2520,749,416,1149,103,410,0,0,0,1246,2365,0,208,0,105,0,1254,212
 3370,0,2627,1169,848,1904,2379,529,2397,2415,0,0,519,1365,0,2520,749,421,1149,103,410,0,0,0,1246,2370,0,208,0,105,0,1254,212
 3375,0,2627,1169,848,1904,2379,529,2402,2415,0,0,519,1365,0,2523,751,426,1149,103,410,0,0,0,1246,2375,0,208,0,105,0,1254,212
 3380,0,2627,1169,848,1904,2379,529,2407,2415,0,0,519,1365,0,2528,756,428,1149,103,410,0,0,0,1246,2380,0,208,0,105,0,1254,212
 3385,0,2628,1169,848,1904,2379,529,2412,2415,0,0,519,1365,0,2533,761,428,1149,103,410,0,0,0,1246,2385,0,208,0,105,0,1254,212
 3390,0,2633,1169,848,1904,2379,529,2417,2415,0,0,519,1365,0,2538,766,428,1149,103,410,0,0,0,1246,2390,0,208,0,105,0,1254,212
 3395,0,2638,1169,848,1904,2379,529,2422,2415,0,0,519,1365,0,2543,771,430,1149,103,410,0,0,0,1246,2395,0,208,0,105,0,1254,212
 3400,0,2643,1169,848,1904,2379,529,2427,2415,0,0,519,1365,0,2548,776,435,1149,103,410,0,0,0,1246,2400,0,208,0,105,0,1254,212
 3405,0,2648,1169,848,1904,2379,529,2432,2415,0,0,519,1365,0,2553,781,440,1149,103,410,0,0,0,1246,2405,0,208,0,105,0,1254,212
 3410,0,2653,1169,848,1904,2379,529,2437,2415,0,0,519,1365,0,2558,786,445,1149,103,410,0,0,0,1246,2410,0,208,0,105,0,1254,212
 3415,0,2658,1169,848,1904,2379,529,2442,2415,0,0,519,1365,0,2563,791,450,1149,103,410,0,0,0,1246,2415,0,208,0,105,0,1254,212
 3420,0,2663,1169,848,1904,2379,529,2447,2415,0,0,519,1365,0,2568,796,455,1149,103,410,0,0,0,1246,2419,0,208,0,105,0,1254,212
 3425,0,2668,1169,848,1904,2379,529,2452,2415,0,0,519,1365,0,2573,801,460,1149,103,410,0,0,0,1246,2419,0,208,0,105,0,1254,212
 3430,0,2673,1169,848,1904,2379,529,2457,2415,0,0,519,1365,0,2578,806,465,1149,103,410,0,0,0,1246,2419,0,208,0,105,0,1254,212
 3435,0,2678,1169,848,1904,2379,529,2462,2415,0,0,519,1365,0,2583,811,470,1149,103,410,0,0,0,1246,2419,0,208,0,105,0,1254,212
 3440,0,2683,1169,848,1904,2379,529,2467,2415,0,0,519,1365,0,2588,816,475,1149,103,410,0,0,0,1246,2419,0,208,0,105,0,1254,212
 3445,0,2688,1169,848,1904,2379,529,2472,2415,0,0,519,1365,0,2593,821,480,1149,103,410,0,0,0,1246,2419,0,208,0,105,0,1254,212
 3450,0,2693,1169,848,1904,2379,529,2477,2415,0,0,519,1365,0,2598,826,485,1149,103,410,0,0,0,1246,2419,0,208,0,105,0,1254,212
 3455,0,2698,1169,848,1904,2379,529,2482,2415,0,0,519,1365,0,2603,831,490,1149,103,410,0,0,0,1246,2419,0,208,0,105,0,1254,212
 3460,0,2703,1169,848,1904,2379,529,2487,2415,0,0,519,1365,0,2608,836,495,1149,103,410,0,0,0,1246,2419,0,208,0,105,0,1254,212
 3465,0,2708,1169,848,1904,2379,529,2492,2415,0,0,519,1365,0,2613,841,500,1149,103,410,0,0,0,1246,2422,0,208,0,105,0,1254,212
 3470,0,2713,1169,848,1904,2379,529,2497,2415,0,0,519,1365,0,2618,846,505,1149,103,410,0,0,0,1246,2427,0,208,0,105,0,1254,212
 3475,0,2718,1169,848,1904,2379,529,2502,2415,0,0,519,1365,0,2623,852,510,1149,103,410,0,0,0,1246,2432,0,208,0,105,0,1254,212
 3480,0,2723,1169,848,1904,2379,529,2504,2416,0,0,519,1365,0,2627,852,515,1149,103,410,0,0,0,1246,2437,0,208,0,105,0,1254,212
 3485,0,2728,1169,848,1904,2379,529,2504,2421,0,0,519,1365,0,2627,852,520,1149,103,410,0,0,0,1246,2442,0,208,0,105,0,1254,212
 3490,0,2730,1169,848,1904,2379,529,2504,2426,0,0,519,1365,0,2627,852,525,1149,103,410,0,0,0,1246,2447,0,208,0,105,0,1254,212
 3495,0,2730,1169,848,1904,2379,529,2504,2431,0,0,519,1365,0,2627,852,530,1149,103,410,0,0,0,1246,2452,0,208,0,105,0,1254,212
 3500,0,2730,1169,848,1904,2379,529,2504,2436,0,0,519,1365,0,2627,852,533,1149,103,410,0,0,0,1246,2457,0,208,0,105,0,1254,212
 3505,0,2732,1169,848,1904,2379,529,2509,2441,0,0,519,1365,0,2627,852,533,1149,103,410,0,0,0,1246,2462,0,208,0,105,0,1254,212
 3510,0,2737,1169,848,1904,2379,529,2514,2446,0,0,519,1365,0,2627,852,533,1149,103,410,0,0,0,1246,2467,0,208,0,105,0,1254,212
 3515,0,2742,1169,848,1904,2379,529,2519,2451,0,0,519,1365,0,2627,852,533,1149,103,410,0,0,0,1246,2472,0,208,0,105,0,1254,212
 3520,0,2747,1169,848,1904,2379,529,2524,2456,0,0,519,1365,0,2627,852,538,1149,103,410,0,0,0,1246,2477,0,208,0,105,0,1254,212
 3525,0,2752,1169,848,1904,2379,529,2529,2461,0,0,519,1365,0,2627,852,543,1149,103,410,0,0,0,1246,2482,0,208,0,105,0,1254,212
 3530,0,2757,1169,848,1904,2379,529,2534,2466,0,0,519,1365,0,2627,852,548,1149,103,410,0,0,0,1246,2487,0,208,0,105,0,1254,212
 3535,0,2762,1169,848,1904,2379,529,2539,2471,0,0,519,1365,0,2627,852,553,1149,103,410,0,0,0,1246,2492,0,208,0,105,0,1254,212
 3540,0,2767,1169,848,1904,2379,529,2544,2476,0,0,519,1365,0,2627,852,558,1149,103,410,0,0,0,1246,2497,0,208,0,105,0,1254,212
 3545,0,2772,1169,848,1904,2379,529,2549,2481,0,0,519,1365,0,2627,852,563,1149,103,410,0,0,0,1246,2502,0,208,0,105,0,1254,212
 3550,0,2777,1169,848,1904,2379,529,2554,2486,0,0,519,1365,0,2627,852,568,1149,103,410,0,0,0,1246,2507,0,208,0,105,0,1254,212
 3555,0,2782,1169,848,1904,2379,529,2559,2491,0,0,519,1365,0,2627,852,573,1149,103,410,0,0,0,1246,2512,0,208,0,105,0,1254,212
 3560,0,2787,1169,848,1904,2379,529,2564,2496,0,0,519,1365,0,2627,852,578,1149,103,410,0,0,0,1246,2517,0,208,0,105,0,1254,212
 3565,0,2792,1169,848,1904,2379,529,2569,2501,0,0,519,1365,0,2627,852,583,1149,103,410,0,0,0,1246,2522,0,208,0,105,0,1254,212
 3570,0,2797,1169,848,1904,2379,529,2574,2506,0,0,519,1365,0,2627,852,588,1149,103,410,0,0,0,1246,2526,0,208,0,105,0,1254,212
 3575,0,2802,1169,848,1904,2379,529,2579,2511,0,0,519,1365,0,2627,852,593,1149,103,410,0,0,0,1246,2526,0,208,0,105,0,1254,212
 3580,0,2807,1169,848,1904,2379,529,2584,2516,0,0,519,1365,0,2627,852,598,1149,103,410,0,0,0,1246,2526,0,208,0,105,0,1254,212
 3585,0,2812,1169,848,1904,2379,529,2589,2518,0,0,519,1365,0,2627,852,603,1149,103,410,0,0,0,1246,2527,0,208,0,105,0,1254,212
 3590,0,2817,1169,848,1904,2379,529,2594,2518,0,0,519,1365,0,2627,852,608,1149,103,410,0,0,0,1246,2532,0,208,0,105,0,1254,212
 3595,0,2822,1169,848,1904,2379,529,2599,2519,0,0,519,1365,0,2627,852,613,1149,103,410,0,0,0,1246,2537,0,208,0,105,0,1254,212
 3600,0,2827,1169,848,1904,2379,529,2604,2524,0,0,519,1365,0,2627,852,618,1149,103,410,0,0,0,1246,2542,0,208,0,105,0,1254,212
 3605,0,2833,1169,848,1904,2379,529,2607,2529,0,0,519,1365,0,2627,852,623,1149,103,410,0,0,0,1246,2547,0,208,0,105,0,1254,212
 3610,0,2833,1169,848,1904,2379,529,2607,2534,0,0,519,1365,0,2627,852,628,1149,103,410,0,0,0,1246,2552,0,208,0,105,0,1254,212
 3615,0,2834,1169,848,1904,2379,529,2607,2539,0,0,519,1365,0,2627,852,633,1149,103,410,0,0,0,1246,2557,0,208,0,105,0,1254,212
 3620,0,2839,1169,848,1904,2379,529,2612,2544,0,0,519,1365,0,2627,852,638,1149,103,410,0,0,0,1246,2562,0,208,0,105,0,1254,212
 3625,0,2844,1169,848,1904,2379,529,2617,2549,0,0,519,1365,0,2627,852,640,1149,103,410,0,0,0,1246,2567,0,208,0,105,0,1254,212
 3630,0,2849,1169,848,1904,2379,529,2622,2554,0,0,519,1365,0,2627,852,640,1149,103,410,0,0,0,1246,2572,0,208,0,105,0,1254,212
 3635,0,2854,1169,848,1904,2379,529,2627,2559,0,0,519,1365,0,2627,852,640,1149,103,410,0,0,0,1246,2577,0,208,0,105,0,1254,212
 3640,0,2859,1169,848,1904,2379,529,2632,2564,0,0,519,1365,0,2627,852,640,1149,103,410,0,0,0,1246,2582,0,208,0,105,0,1254,212
 3645,0,2864,1169,848,1904,2379,529,2637,2569,0,0,519,1365,0,2627,852,640,1149,103,410,0,0,0,1246,2587,0,208,0,105,0,1254,212
 3650,0,2869,1169,848,1904,2379,529,2642,2574,0,0,519,1365,0,2627,852,640,1149,103,410,0,0,0,1246,2592,0,208,0,105,0,1254,212
 3655,0,2874,1169,848,1904,2379,529,2647,2579,0,0,519,1365,0,2627,852,640,1149,103,410,0,0,0,1246,2597,0,208,0,105,0,1254,212
 3660,0,2879,1169,848,1904,2379,529,2652,2584,0,0,519,1365,0,2627,852,640,1149,103,410,0,0,0,1246,2602,0,208,0,105,0,1254,212
 3665,0,2884,1169,848,1904,2379,529,2657,2589,0,0,519,1365,0,2627,852,640,1149,103,410,0,0,0,1246,2607,0,208,0,105,0,1254,212
 3670,0,2889,1169,848,1904,2379,529,2662,2594,0,0,519,1365,0,2627,852,640,1149,103,410,0,0,0,1246,2612,0,208,0,105,0,1254,212
 3675,0,2894,1169,848,1904,2379,529,2667,2599,0,0,519,1365,0,2627,852,640,1149,103,410,0,0,0,1246,2617,0,208,0,105,0,1254,212
 3680,0,2899,1169,848,1904,2379,529,2672,2604,0,0,519,1365,0,2627,852,640,1149,103,410,0,0,0,1246,2622,0,208,0,105,0,1254,212
 3685,0,2904,1169,848,1904,2379,529,2677,2609,0,0,519,1365,0,2627,852,640,1149,103,410,0,0,0,1246,2627,0,208,0,105,0,1254,212
 3690,0,2909,1169,848,1904,2379,529,2682,2614,0,0,519,1365,0,2627,852,640,1149,103,410,0,0,0,1246,2631,0,208,0,105,0,1254,212
 3695,0,2914,1169,848,1904,2379,529,2687,2619,0,0,519,1365,0,2627,852,640,1149,103,410,0,0,0,1246,2631,0,208,0,105,0,1254,212
 3700,0,2919,1169,848,1904,2379,529,2692,2625,0,0,519,1365,0,2627,852,640,1149,103,410,0,0,0,1246,2633,0,208,0,105,0,1254,212
 3705,0,2924,1169,848,1904,2379,529,2697,2625,0,0,519,1365,0,2627,852,640,1149,103,410,0,0,0,1246,2638,0,208,0,105,0,1254,212
 3710,0,2929,1169,848,1904,2379,529,2702,2628,0,0,519,1365,0,2627,855,640,1149,103,410,0,0,0,1246,2643,0,208,0,105,0,1254,212
 3715,0,2934,1169,848,1904,2379,529,2707,2633,0,0,519,1365,0,2627,860,640,1149,103,410,0,0,0,1246,2648,0,208,0,105,0,1254,212
 3720,0,2936,1169,848,1904,2379,529,2712,2638,0,0,519,1365,0,2627,865,640,1149,103,410,0,0,0,1246,2653,0,208,0,105,0,1254,212
 3725,0,2936,1169,848,1904,2379,529,2714,2643,0,0,519,1365,0,2627,870,640,1149,103,410,0,0,0,1246,2658,0,208,0,105,0,1254,212
 3730,0,2936,1169,848,1904,2379,529,2714,2648,0,0,519,1365,0,2627,875,640,1149,103,410,0,0,0,1246,2663,0,208,0,105,0,1254,212
 3735,0,2936,1169,848,1904,2379,529,2717,2653,0,0,519,1365,0,2627,880,640,1149,103,410,0,0,0,1246,2668,0,208,0,105,0,1254,212
 3740,0,2936,1169,848,1904,2379,529,2722,2658,0,0,519,1365,0,2627,885,640,1149,103,410,0,0,0,1246,2673,0,208,0,105,0,1254,212
 3745,0,2938,1169,848,1904,2379,529,2727,2663,0,0,519,1365,0,2627,890,640,1149,103,410,0,0,0,1246,2678,0,208,0,105,0,1254,212
 3750,0,2943,1169,848,1904,2379,529,2732,2668,0,0,519,1365,0,2627,895,640,1149,103,410,0,0,0,1246,2683,0,208,0,105,0,1254,212
 3755,0,2948,1169,848,1904,2379,529,2737,2673,0,0,519,1365,0,2627,900,640,1149,103,410,0,0,0,1246,2688,0,208,0,105,0,1254,212
 3760,0,2953,1169,848,1904,2379,529,2742,2678,0,0,519,1365,0,2627,905,640,1149,103,410,0,0,0,1246,2693,0,208,0,105,0,1254,212
 3765,0,2958,1169,848,1904,2379,529,2747,2683,0,0,519,1365,0,2627,910,640,1149,103,410,0,0,0,1246,2698,0,208,0,105,0,1254,212
 3770,0,2963,1169,848,1904,2379,529,2752,2688,0,0,519,1365,0,2627,915,640,1149,103,410,0,0,0,1246,2703,0,208,0,105,0,1254,212
 3775,0,2968,1169,848,1904,2379,529,2757,2693,0,0,519,1365,0,2627,920,640,1149,103,410,0,0,0,1246,2708,0,208,0,105,0,1254,212
 3780,0,2973,1169,848,1904,2379,529,2762,2698,0,0,519,1365,0,2627,925,640,1149,103,410,0,0,0,1246,2713,0,208,0,105,0,1254,212
 3785,0,2978,1169,848,1904,2379,529,2767,2703,0,0,519,1365,0,2627,930,640,1149,103,410,0,0,0,1246,2718,0,208,0,105,0,1254,212
 3790,0,2983,1169,848,1904,2379,529,2772,2708,0,0,519,1365,0,2627,935,640,1149,103,410,0,0,0,1246,2723,0,208,0,105,0,1254,212
 3795,0,2988,1169,848,1904,2379,529,2777,2713,0,0,519,1365,0,2627,940,640,1149,103,410,0,0,0,1246,2728,0,208,0,105,0,1254,212
 3800,0,2993,1169,848,1904,2379,529,2782,2718,0,0,519,1365,0,2627,945,640,1149,103,410,0,0,0,1246,2733,0,208,0,105,0,1254,212
 3805,0,2998,1169,848,1904,2379,529,2787,2723,0,0,519,1365,0,2627,950,640,1149,103,410,0,0,0,1246,2738,0,208,0,105,0,1254,212
 3810,0,3003,1169,848,1904,2379,529,2792,2728,0,0,519,1365,0,2627,955,640,1149,103,410,0,0,0,1246,2738,0,208,0,105,0,1254,212
 3815,0,3008,1169,848,1904,2379,529,2797,2730,0,0,519,1365,0,2627,960,640,1149,103,410,0,0,0,1246,2741,0,208,0,105,0,1254,212
 3820,0,3013,1169,848,1904,2379,529,2802,2730,0,0,519,1365,0,2627,965,640,1149,103,410,0,0,0,1246,2746,0,208,0,105,0,1254,212
 3825,0,3018,1169,848,1904,2379,529,2807,2730,0,0,519,1365,0,2627,967,640,1149,103,410,0,0,0,1246,2751,0,208,0,105,0,1254,212
 3830,0,3023,1169,848,1904,2379,529,2812,2735,0,0,519,1365,0,2627,967,640,1149,103,410,0,0,0,1246,2756,0,208,0,105,0,1254,212
 3835,0,3028,1169,848,1904,2379,529,2817,2740,0,0,519,1365,0,2627,967,640,1149,103,410,0,0,0,1246,2761,0,208,0,105,0,1254,212
 3840,0,3033,1169,848,1904,2379,529,2821,2745,0,0,519,1365,0,2627,967,640,1149,103,410,0,0,0,1246,2766,0,208,0,105,0,1254,212
 3845,0,3038,1169,848,1904,2379,529,2821,2750,0,0,519,1365,0,2627,967,640,1149,103,410,0,0,0,1246,2771,0,208,0,105,0,1254,212
 3850,0,3041,1169,848,1904,2379,529,2821,2755,0,0,519,1365,0,2627,967,640,1149,103,410,0,0,0,1246,2776,0,208,0,105,0,1254,212
 3855,0,3041,1169,848,1904,2379,529,2821,2760,0,0,519,1365,0,2627,967,640,1149,103,410,0,0,0,1246,2781,0,208,0,105,0,1254,212
 3860,0,3041,1169,848,1904,2379,529,2821,2765,0,0,519,1365,0,2627,967,640,1149,103,410,0,0,0,1246,2786,0,208,0,105,0,1254,212
 3865,0,3042,1169,848,1904,2379,529,2824,2770,0,0,519,1365,0,2627,967,640,1149,103,410,0,0,0,1246,2791,0,208,0,105,0,1254,212
 3870,0,3047,1169,848,1904,2379,529,2829,2775,0,0,519,1365,0,2627,967,640,1149,103,410,0,0,0,1246,2796,0,208,0,105,0,1254,212
 3875,0,3052,1169,848,1904,2379,529,2834,2780,0,0,519,1365,0,2627,967,640,1149,103,410,0,0,0,1246,2801,0,208,0,105,0,1254,212
 3880,0,3057,1169,848,1904,2379,529,2839,2785,0,0,519,1365,0,2627,967,640,1149,103,410,0,0,0,1246,2806,0,208,0,105,0,1254,212
 3885,0,3062,1169,848,1904,2379,529,2844,2790,0,0,519,1365,0,2627,967,640,1149,103,410,0,0,0,1246,2811,0,208,0,105,0,1254,212
 3890,0,3067,1169,848,1904,2379,529,2849,2795,0,0,519,1365,0,2627,967,640,1149,103,410,0,0,0,1246,2816,0,208,0,105,0,1254,212
 3895,0,3072,1169,848,1904,2379,529,2854,2800,0,0,519,1365,0,2627,967,640,1149,103,410,0,0,0,1246,2821,0,208,0,105,0,1254,212
 3900,0,3077,1169,848,1904,2379,529,2859,2805,0,0,519,1365,0,2627,967,640,1149,103,410,0,0,0,1246,2826,0,208,0,105,0,1254,212
 3905,0,3082,1169,848,1904,2379,529,2864,2810,0,0,519,1365,0,2627,967,640,1149,103,410,0,0,0,1246,2831,0,208,0,105,0,1254,212
 3910,0,3087,1169,848,1904,2379,529,2869,2815,0,0,519,1365,0,2627,967,640,1149,103,410,0,0,0,1246,2836,0,208,0,105,0,1254,212
 3915,0,3092,1169,848,1904,2379,529,2874,2820,0,0,519,1365,0,2627,967,640,1149,103,410,0,0,0,1246,2841,0,208,0,105,0,1254,212
 3920,0,3097,1169,848,1904,2379,529,2879,2825,0,0,519,1365,0,2627,967,640,1149,103,410,0,0,0,1246,2845,0,208,0,105,0,1254,212
 3925,0,3102,1169,848,1904,2379,529,2884,2830,0,0,519,1365,0,2627,967,640,1149,103,410,0,0,0,1246,2845,0,208,0,105,0,1254,212
 3930,0,3107,1169,848,1904,2379,529,2889,2835,0,0,519,1365,0,2627,967,640,1149,103,410,0,0,0,1246,2848,0,208,0,105,0,1254,212
 3935,0,3112,1169,848,1904,2379,529,2894,2835,0,0,519,1365,0,2627,967,640,1149,103,410,0,0,0,1246,2853,0,208,0,105,0,1254,212
 3940,0,3117,1169,848,1904,2379,529,2899,2837,0,0,519,1365,0,2627,967,640,1149,103,410,0,0,0,1246,2858,0,208,0,105,0,1254,212
 3945,0,3122,1169,848,1904,2379,529,2904,2842,0,0,519,1365,0,2627,967,640,1149,103,410,0,0,0,1246,2863,0,208,0,105,0,1254,212
 3950,0,3127,1169,848,1904,2379,529,2909,2847,0,0,519,1365,0,2627,967,640,1149,103,410,0,0,0,1246,2868,0,208,0,105,0,1254,212
 3955,0,3132,1169,848,1904,2379,529,2914,2852,0,0,519,1365,0,2627,967,640,1149,103,410,0,0,0,1246,2873,0,208,0,105,0,1254,212
 3960,0,3137,1169,848,1904,2379,529,2919,2857,0,0,519,1365,0,2627,967,640,1149,103,410,0,0,0,1246,2878,0,208,0,105,0,1254,212
 3965,0,3142,1169,848,1904,2379,529,2924,2862,0,0,519,1365,0,2627,967,640,1149,103,410,0,0,0,1246,2883,0,208,0,105,0,1254,212
 3970,0,3144,1169,848,1904,2379,529,2924,2867,0,0,519,1365,0,2627,967,640,1149,103,410,0,0,0,1246,2888,0,208,0,105,0,1254,212
 3975,0,3144,1169,848,1904,2379,529,2927,2872,0,0,519,1365,0,2627,967,640,1149,103,410,0,0,0,1246,2893,0,208,0,105,0,1254,212
 3980,0,3145,1169,848,1904,2379,529,2932,2877,0,0,519,1365,0,2627,967,640,1149,103,410,0,0,0,1246,2898,0,208,0,105,0,1254,212
 3985,0,3150,1169,848,1904,2379,529,2937,2882,0,0,519,1365,0,2627,967,640,1149,103,410,0,0,0,1246,2903,0,208,0,105,0,1254,212
 3990,0,3155,1169,848,1904,2379,529,2942,2887,0,0,519,1365,0,2627,967,640,1149,103,410,0,0,0,1246,2908,0,208,0,105,0,1254,212
 3995,0,3160,1169,848,1904,2379,529,2947,2892,0,0,519,1365,0,2627,967,640,1149,103,410,0,0,0,1246,2913,0,208,0,105,0,1254,212
 4000,0,3165,1169,848,1904,2379,529,2952,2897,0,0,519,1365,0,2627,967,640,1149,103,410,0,0,0,1246,2918,0,208,0,105,0,1254,212
 4005,0,3170,1169,848,1904,2379,529,2957,2902,0,0,519,1365,0,2627,967,640,1149,103,410,0,0,0,1246,2923,0,208,0,105,0,1254,212
 4010,0,3175,1169,848,1904,2379,529,2962,2907,0,0,519,1365,0,2627,967,640,1149,103,410,0,0,0,1246,2928,0,208,0,105,0,1254,212
 4015,0,3180,1169,848,1904,2379,529,2967,2912,0,0,519,1365,0,2627,967,640,1149,103,410,0,0,0,1246,2933,0,208,0,105,0,1254,212
 4020,0,3185,1169,848,1904,2379,529,2972,2917,0,0,519,1365,0,2627,967,640,1149,103,410,0,0,0,1246,2938,0,208,0,105,0,1254,212
 4025,0,3190,1169,848,1904,2379,529,2977,2922,0,0,519,1365,0,2627,967,640,1149,103,410,0,0,0,1246,2943,0,208,0,105,0,1254,212
 4030,0,3195,1169,848,1904,2379,529,2982,2927,0,0,519,1365,0,2627,967,640,1149,103,410,0,0,0,1246,2948,0,208,0,105,0,1254,212
 4035,0,3200,1169,848,1904,2379,529,2987,2932,0,0,519,1365,0,2627,967,640,1149,103,410,0,0,0,1246,2952,0,208,0,105,0,1254,212
 4040,0,3205,1169,848,1904,2379,529,2992,2937,0,0,519,1365,0,2627,967,640,1149,103,410,0,0,0,1246,2951,0,208,0,105,0,1254,212
 4045,0,3210,1169,848,1904,2379,529,2997,2942,0,0,519,1365,0,2627,967,640,1149,103,410,0,0,0,1246,2956,0,208,0,105,0,1254,212
 4050,0,3215,1169,848,1904,2379,529,3002,2942,0,0,519,1365,0,2627,967,640,1149,103,410,0,0,0,1246,2961,0,208,0,105,0,1254,212
 4055,0,3220,1169,848,1904,2379,529,3007,2944,0,0,519,1365,0,2627,967,640,1149,103,410,0,0,0,1246,2966,0,208,0,105,0,1254,212
 4060,0,3225,1169,848,1904,2379,529,3012,2949,0,0,519,1365,0,2627,967,640,1149,103,410,0,0,0,1246,2971,0,208,0,105,0,1254,212
 4065,0,3230,1169,848,1904,2379,529,3017,2954,0,0,519,1365,0,2627,967,640,1149,103,410,0,0,0,1246,2976,0,208,0,105,0,1254,212
 4070,0,3235,1169,848,1904,2379,529,3022,2959,0,0,519,1365,0,2627,967,640,1149,103,410,0,0,0,1246,2981,0,208,0,105,0,1254,212
 4075,0,3240,1169,848,1904,2379,529,3027,2964,0,0,519,1365,0,2627,967,640,1149,103,410,0,0,0,1246,2986,0,208,0,105,0,1254,212
 4080,0,3245,1169,848,1904,2379,529,3027,2969,0,0,519,1365,0,2627,967,640,1149,103,410,0,0,0,1246,2991,0,208,0,105,0,1254,212
 4085,0,3251,1169,848,1904,2379,529,3030,2974,0,0,519,1365,0,2627,967,640,1149,103,410,0,0,0,1246,2996,0,208,0,105,0,1254,212
 4090,0,3251,1169,848,1904,2379,529,3035,2979,0,0,519,1365,0,2627,967,640,1149,103,410,0,0,0,1246,3001,0,208,0,105,0,1254,212
 4095,0,3251,1169,848,1904,2379,529,3040,2984,0,0,519,1365,0,2627,967,640,1149,103,410,0,0,0,1246,3006,0,208,0,105,0,1254,212
 4100,0,3250,1169,848,1904,2379,529,3045,2989,0,0,519,1365,0,2627,967,640,1149,103,410,0,0,0,1246,3011,0,208,0,105,0,1254,212
 4105,0,3255,1169,848,1904,2379,529,3050,2994,0,0,519,1365,0,2627,967,640,1149,103,410,0,0,0,1246,3016,0,208,0,105,0,1254,212
 4110,0,3260,1169,848,1904,2379,529,3055,2999,0,0,519,1365,0,2627,967,640,1149,103,410,0,0,0,1246,3021,0,208,0,105,0,1254,212
 4115,0,3265,1169,848,1904,2379,529,3060,3004,0,0,519,1365,0,2627,967,640,1149,103,410,0,0,0,1246,3026,0,208,0,105,0,1254,212
 4120,0,3270,1169,848,1904,2379,529,3065,3009,0,0,519,1365,0,2627,967,640,1149,103,410,0,0,0,1246,3031,0,208,0,105,0,1254,212
 4125,0,3275,1169,848,1904,2379,529,3070,3014,0,0,519,1365,0,2627,967,640,1149,103,410,0,0,0,1246,3036,0,208,0,105,0,1254,212
 4130,0,3280,1169,848,1904,2379,529,3075,3019,0,0,519,1365,0,2627,967,640,1149,103,410,0,0,0,1246,3041,0,208,0,105,0,1254,212
 4135,0,3285,1169,848,1904,2379,529,3080,3024,0,0,519,1365,0,2627,967,640,1149,103,410,0,0,0,1246,3046,0,208,0,105,0,1254,212
 4140,0,3290,1169,848,1904,2379,529,3085,3029,0,0,519,1365,0,2627,967,640,1149,103,410,0,0,0,1246,3051,0,208,0,105,0,1254,212
 4145,0,3295,1169,848,1904,2379,529,3090,3034,0,0,519,1365,0,2627,967,640,1149,103,410,0,0,0,1246,3056,0,208,0,105,0,1254,212
 4150,0,3300,1169,848,1904,2379,529,3095,3039,0,0,519,1365,0,2627,967,640,1149,103,410,0,0,0,1246,3059,0,208,0,105,0,1254,212
 4155,0,3305,1169,848,1904,2379,529,3100,3044,0,0,519,1365,0,2627,967,640,1149,103,410,0,0,0,1246,3059,0,208,0,105,0,1254,212
 4160,0,3310,1169,848,1904,2379,529,3105,3049,0,0,519,1365,0,2627,967,640,1149,103,410,0,0,0,1246,3059,0,208,0,105,0,1254,212
 4165,0,3315,1169,848,1904,2379,529,3110,3049,0,0,519,1365,0,2627,967,640,1149,103,410,0,0,0,1246,3064,0,208,0,105,0,1254,212
 4170,0,3320,1169,848,1904,2379,529,3115,3048,0,0,519,1365,0,2627,967,640,1149,103,410,0,0,0,1246,3069,0,208,0,105,0,1254,212
 4175,0,3325,1169,848,1904,2379,529,3120,3053,0,0,519,1365,0,2627,967,640,1149,103,410,0,0,0,1246,3074,0,208,0,105,0,1254,212
 4180,0,3330,1169,848,1904,2379,529,3125,3058,0,0,519,1365,0,2627,967,640,1149,103,410,0,0,0,1246,3079,0,208,0,105,0,1254,212
 4185,0,3335,1169,848,1904,2379,529,3130,3063,0,0,519,1365,0,2627,967,640,1149,103,410,0,0,0,1246,3084,0,208,0,105,0,1254,212
 4190,0,3340,1169,848,1904,2379,529,3130,3068,0,0,519,1365,0,2627,967,640,1149,103,410,0,0,0,1246,3089,0,208,0,105,0,1254,212
 4195,0,3345,1169,848,1904,2379,529,3130,3073,0,0,519,1365,0,2627,967,640,1149,103,410,0,0,0,1246,3094,0,208,0,105,0,1254,212
 4200,0,3350,1169,848,1904,2379,529,3130,3078,0,0,519,1365,0,2627,967,640,1149,103,410,0,0,0,1246,3099,0,208,0,105,0,1254,212
 4205,0,3355,1169,848,1904,2379,529,3133,3083,0,0,519,1365,0,2627,970,640,1149,103,410,0,0,0,1246,3104,0,208,0,105,0,1254,212
 4210,0,3358,1169,848,1904,2379,529,3138,3088,0,0,519,1365,0,2627,975,640,1149,103,410,0,0,0,1246,3109,0,208,0,105,0,1254,212
 4215,0,3358,1169,848,1904,2379,529,3143,3093,0,0,519,1365,0,2627,980,640,1149,103,410,0,0,0,1246,3114,0,208,0,105,0,1254,212
 4220,0,3358,1169,848,1904,2379,529,3148,3098,0,0,519,1365,0,2627,985,640,1149,103,410,0,0,0,1246,3119,0,208,0,105,0,1254,212
 4225,0,3363,1169,848,1904,2379,529,3153,3103,0,0,519,1365,0,2627,990,640,1149,103,410,0,0,0,1246,3124,0,208,0,105,0,1254,212
 4230,0,3368,1169,848,1904,2379,529,3158,3108,0,0,519,1365,0,2627,995,640,1149,103,410,0,0,0,1246,3129,0,208,0,105,0,1254,212
 4235,0,3373,1169,848,1904,2379,529,3163,3113,0,0,519,1365,0,2627,1000,640,1149,103,410,0,0,0,1246,3134,0,208,0,105,0,1254,212
 4240,0,3378,1169,848,1904,2379,529,3168,3118,0,0,519,1365,0,2627,1005,640,1149,103,410,0,0,0,1246,3139,0,208,0,105,0,1254,212
 4245,0,3383,1169,848,1904,2379,529,3173,3123,0,0,519,1365,0,2627,1010,640,1149,103,410,0,0,0,1246,3144,0,208,0,105,0,1254,212
 4250,0,3388,1169,848,1904,2379,529,3178,3128,0,0,519,1365,0,2627,1015,640,1149,103,410,0,0,0,1246,3149,0,208,0,105,0,1254,212
 4255,0,3393,1169,848,1904,2379,529,3183,3133,0,0,519,1365,0,2627,1020,640,1149,103,410,0,0,0,1246,3154,0,208,0,105,0,1254,212
 4260,0,3398,1169,848,1904,2379,529,3188,3138,0,0,519,1365,0,2627,1025,640,1149,103,410,0,0,0,1246,3159,0,208,0,105,0,1254,212
 4265,0,3403,1169,848,1904,2379,529,3193,3143,0,0,519,1365,0,2627,1030,640,1149,103,410,0,0,0,1246,3164,0,208,0,105,0,1254,212
 4270,0,3408,1169,848,1904,2379,529,3198,3148,0,0,519,1365,0,2627,1035,640,1149,103,410,0,0,0,1246,3170,0,208,0,105,0,1254,212
 4275,0,3413,1169,848,1904,2379,529,3203,3154,0,0,519,1365,0,2627,1040,640,1149,103,410,0,0,0,1246,3170,0,208,0,105,0,1254,212
 4280,0,3418,1169,848,1904,2379,529,3208,3154,0,0,519,1365,0,2627,1045,640,1149,103,410,0,0,0,1246,3170,0,208,0,105,0,1254,212
 4285,0,3423,1169,848,1904,2379,529,3213,3154,0,0,519,1365,0,2627,1050,640,1149,103,410,0,0,0,1246,3169,0,208,0,105,0,1254,212
 4290,0,3428,1169,848,1904,2379,529,3218,3154,0,0,519,1365,0,2627,1055,640,1149,103,410,0,0,0,1246,3174,0,208,0,105,0,1254,212
 4295,0,3433,1169,848,1904,2379,529,3223,3154,0,0,519,1365,0,2627,1060,640,1149,103,410,0,0,0,1246,3179,0,208,0,105,0,1254,212
 4300,0,3438,1169,848,1904,2379,529,3228,3154,0,0,519,1365,0,2627,1065,640,1149,103,410,0,0,0,1246,3184,0,208,0,105,0,1254,212
 4305,0,3443,1169,848,1904,2379,529,3233,3154,0,0,519,1365,0,2627,1070,640,1149,103,410,0,0,0,1246,3189,0,208,0,105,0,1254,212
 4310,0,3448,1169,848,1904,2379,529,3237,3154,0,0,519,1365,0,2627,1074,640,1149,103,410,0,0,0,1246,3194,0,208,0,105,0,1254,212
 4315,0,3453,1169,848,1904,2379,529,3237,3154,0,0,519,1365,0,2627,1074,640,1149,103,410,0,0,0,1246,3199,0,208,0,105,0,1254,212
 4320,0,3458,1169,848,1904,2379,529,3239,3153,0,0,519,1365,0,2627,1074,640,1149,103,410,0,0,0,1246,3204,0,208,0,105,0,1254,212
 4325,0,3463,1169,848,1904,2379,529,3244,3158,0,0,519,1365,0,2627,1074,640,1149,103,410,0,0,0,1246,3209,0,208,0,105,0,1254,212
 4330,0,3463,1169,848,1904,2379,529,3249,3163,0,0,519,1365,0,2627,1074,640,1149,103,410,0,0,0,1246,3214,0,208,0,105,0,1254,212
 4335,0,3462,1169,848,1904,2379,529,3254,3168,0,0,519,1365,0,2627,1074,640,1149,103,410,0,0,0,1246,3219,0,208,0,105,0,1254,212
 4340,0,3467,1169,848,1904,2379,529,3259,3173,0,0,519,1365,0,2627,1074,640,1149,103,410,0,0,0,1246,3224,0,208,0,105,0,1254,212
 4345,0,3472,1169,848,1904,2379,529,3264,3178,0,0,519,1365,0,2627,1074,640,1149,103,410,0,0,0,1246,3229,0,208,0,105,0,1254,212
 4350,0,3477,1169,848,1904,2379,529,3269,3183,0,0,519,1365,0,2627,1074,640,1149,103,410,0,0,0,1246,3234,0,208,0,105,0,1254,212
 4355,0,3482,1169,848,1904,2379,529,3274,3188,0,0,519,1365,0,2627,1074,640,1149,103,410,0,0,0,1246,3239,0,208,0,105,0,1254,212
 4360,0,3487,1169,848,1904,2379,529,3279,3193,0,0,519,1365,0,2627,1074,640,1149,103,410,0,0,0,1246,3244,0,208,0,105,0,1254,212
 4365,0,3492,1169,848,1904,2379,529,3284,3198,0,0,519,1365,0,2627,1074,640,1149,103,410,0,0,0,1246,3249,0,208,0,105,0,1254,212
 4370,0,3497,1169,848,1904,2379,529,3289,3203,0,0,519,1365,0,2627,1074,640,1149,103,410,0,0,0,1246,3254,0,208,0,105,0,1254,212
 4375,0,3502,1169,848,1904,2379,529,3294,3208,0,0,519,1365,0,2627,1074,640,1149,103,410,0,0,0,1246,3259,0,208,0,105,0,1254,212
 4380,0,3507,1169,848,1904,2379,529,3299,3213,0,0,519,1365,0,2627,1074,640,1149,103,410,0,0,0,1246,3264,0,208,0,105,0,1254,212
 4385,0,3512,1169,848,1904,2379,529,3304,3218,0,0,519,1365,0,2627,1074,640,1149,103,410,0,0,0,1246,3269,0,208,0,105,0,1254,212
 4390,0,3517,1169,848,1904,2379,529,3309,3223,0,0,519,1365,0,2627,1074,640,1149,103,410,0,0,0,1246,3274,0,208,0,105,0,1254,212
 4395,0,3522,1169,848,1904,2379,529,3314,3228,0,0,519,1365,0,2627,1074,640,1149,103,410,0,0,0,1246,3277,0,208,0,105,0,1254,212
 4400,0,3527,1169,848,1904,2379,529,3319,3233,0,0,519,1365,0,2627,1074,640,1149,103,410,0,0,0,1246,3276,0,208,0,105,0,1254,212
 4405,0,3532,1169,848,1904,2379,529,3324,3238,0,0,519,1365,0,2627,1074,640,1149,103,410,0,0,0,1246,3281,0,208,0,105,0,1254,212
 4410,0,3537,1169,848,1904,2379,529,3329,3243,0,0,519,1365,0,2627,1074,640,1149,103,410,0,0,0,1246,3286,0,208,0,105,0,1254,212
 4415,0,3542,1169,848,1904,2379,529,3334,3248,0,0,519,1365,0,2627,1074,640,1149,103,410,0,0,0,1246,3291,0,208,0,105,0,1254,212
 4420,0,3547,1169,848,1904,2379,529,3339,3253,0,0,519,1365,0,2627,1074,640,1149,103,410,0,0,0,1246,3296,0,208,0,105,0,1254,212
 4425,0,3552,1169,848,1904,2379,529,3342,3259,0,0,519,1365,0,2627,1074,640,1149,103,410,0,0,0,1246,3301,0,208,0,105,0,1254,212
 4430,0,3557,1169,848,1904,2379,529,3342,3259,0,0,519,1365,0,2627,1074,640,1149,103,410,0,0,0,1246,3306,0,208,0,105,0,1254,212
 4435,0,3562,1169,848,1904,2379,529,3344,3259,0,0,519,1365,0,2627,1074,640,1149,103,410,0,0,0,1246,3311,0,208,0,105,0,1254,212
 4440,0,3566,1169,848,1904,2379,529,3349,3259,0,0,519,1365,0,2627,1074,640,1149,103,410,0,0,0,1246,3316,0,208,0,105,0,1254,212
 4445,0,3566,1169,848,1904,2379,529,3354,3262,0,0,519,1365,0,2627,1074,640,1149,103,410,0,0,0,1246,3321,0,208,0,105,0,1254,212
 4450,0,3566,1169,848,1904,2379,529,3359,3267,0,0,519,1365,0,2627,1074,640,1149,103,410,0,0,0,1246,3326,0,208,0,105,0,1254,212
 4455,0,3566,1169,848,1904,2379,529,3364,3272,0,0,519,1365,0,2627,1074,640,1149,103,410,0,0,0,1246,3331,0,208,0,105,0,1254,212
 4460,0,3566,1169,848,1904,2379,529,3369,3277,0,0,519,1365,0,2627,1074,640,1149,103,410,0,0,0,1246,3336,0,208,0,105,0,1254,212
 4465,0,3566,1169,848,1904,2379,529,3374,3282,0,0,519,1365,0,2627,1074,640,1149,103,410,0,0,0,1246,3341,0,208,0,105,0,1254,212
 4470,0,3566,1169,848,1904,2379,529,3379,3287,0,0,519,1365,0,2627,1074,640,1149,103,410,0,0,0,1246,3346,0,208,0,105,0,1254,212
 4475,0,3566,1169,848,1904,2379,529,3384,3292,0,0,519,1365,0,2627,1074,640,1149,103,410,0,0,0,1246,3351,0,208,0,105,0,1254,212
 4480,0,3566,1169,848,1904,2379,529,3389,3297,0,0,519,1365,0,2627,1074,640,1149,103,410,0,0,0,1246,3356,0,208,0,105,0,1254,212
 4485,0,3567,1169,848,1904,2379,529,3394,3302,0,0,519,1365,0,2627,1074,640,1149,103,410,0,0,0,1246,3361,0,208,0,105,0,1254,212
 4490,0,3572,1169,848,1904,2379,529,3399,3307,0,0,519,1365,0,2627,1074,640,1149,103,410,0,0,0,1246,3366,0,208,0,105,0,1254,212
 4495,0,3577,1169,848,1904,2379,529,3404,3312,0,0,519,1365,0,2627,1074,640,1149,103,410,0,0,0,1246,3371,0,208,0,105,0,1254,212
 4500,0,3582,1169,848,1904,2379,529,3409,3317,0,0,519,1365,0,2627,1074,640,1149,103,410,0,0,0,1246,3376,0,208,0,105,0,1254,212
 4505,0,3587,1169,848,1904,2379,529,3414,3322,0,0,519,1365,0,2627,1074,640,1149,103,410,0,0,0,1246,3382,0,208,0,105,0,1254,212
 4510,0,3592,1169,848,1904,2379,529,3419,3327,0,0,519,1365,0,2627,1074,640,1149,103,410,0,0,0,1246,3382,0,208,0,105,0,1254,212
 4515,0,3597,1169,848,1904,2379,529,3424,3332,0,0,519,1365,0,2627,1074,640,1149,103,410,0,0,0,1246,3382,0,208,0,105,0,1254,212
 4520,0,3602,1169,848,1904,2379,529,3429,3337,0,0,519,1365,0,2627,1074,640,1149,103,410,0,0,0,1246,3383,0,208,0,105,0,1254,212
 4525,0,3607,1169,848,1904,2379,529,3434,3342,0,0,519,1365,0,2627,1074,640,1149,103,410,0,0,0,1246,3388,0,208,0,105,0,1254,212
 4530,0,3612,1169,848,1904,2379,529,3439,3347,0,0,519,1365,0,2627,1074,640,1149,103,410,0,0,0,1246,3393,0,208,0,105,0,1254,212
 4535,0,3617,1169,848,1904,2379,529,3445,3352,0,0,519,1365,0,2627,1074,640,1149,103,410,0,0,0,1246,3398,0,208,0,105,0,1254,212
 4540,0,3622,1169,848,1904,2379,529,3445,3357,0,0,519,1365,0,2627,1074,640,1149,103,410,0,0,0,1246,3403,0,208,0,105,0,1254,212
 4545,0,3627,1169,848,1904,2379,529,3447,3362,0,0,519,1365,0,2627,1074,640,1149,103,410,0,0,0,1246,3408,0,208,0,105,0,1254,212
 4550,0,3632,1169,848,1904,2379,529,3452,3362,0,0,519,1365,0,2627,1074,640,1149,103,410,0,0,0,1246,3413,0,208,0,105,0,1254,212
 4555,0,3637,1169,848,1904,2379,529,3457,3362,0,0,519,1365,0,2627,1074,640,1149,103,410,0,0,0,1246,3418,0,208,0,105,0,1254,212
 4560,0,3642,1169,848,1904,2379,529,3462,3362,0,0,519,1365,0,2627,1074,640,1149,103,410,0,0,0,1246,3423,0,208,0,105,0,1254,212
 4565,0,3647,1169,848,1904,2379,529,3467,3362,0,0,519,1365,0,2627,1074,640,1149,103,410,0,0,0,1246,3428,0,208,0,105,0,1254,212
 4570,0,3652,1169,848,1904,2379,529,3472,3362,0,0,519,1365,0,2627,1074,640,1149,103,410,0,0,0,1246,3433,0,208,0,105,0,1254,212
 4575,0,3657,1169,848,1904,2379,529,3477,3362,0,0,519,1365,0,2627,1074,640,1149,103,410,0,0,0,1246,3438,0,208,0,105,0,1254,212
 4580,0,3662,1169,848,1904,2379,529,3482,3367,0,0,519,1365,0,2627,1074,640,1149,103,410,0,0,0,1246,3443,0,208,0,105,0,1254,212
 4585,0,3667,1169,848,1904,2379,529,3487,3372,0,0,519,1365,0,2627,1074,640,1149,103,410,0,0,0,1246,3448,0,208,0,105,0,1254,212
 4590,0,3673,1169,848,1904,2379,529,3492,3377,0,0,519,1365,0,2627,1074,640,1149,103,410,0,0,0,1246,3453,0,208,0,105,0,1254,212
 4595,0,3673,1169,848,1904,2379,529,3497,3382,0,0,519,1365,0,2627,1074,640,1149,103,410,0,0,0,1246,3458,0,208,0,105,0,1254,212
 4600,0,3672,1169,848,1904,2379,529,3502,3387,0,0,519,1365,0,2627,1074,640,1149,103,410,0,0,0,1246,3463,0,208,0,105,0,1254,212
 4605,0,3677,1169,848,1904,2379,529,3507,3392,0,0,519,1365,0,2627,1074,640,1149,103,410,0,0,0,1246,3468,0,208,0,105,0,1254,212
 4610,0,3682,1169,848,1904,2379,529,3512,3397,0,0,519,1365,0,2627,1074,640,1149,103,410,0,0,0,1246,3473,0,208,0,105,0,1254,212
 4615,0,3687,1169,848,1904,2379,529,3517,3402,0,0,519,1365,0,2627,1074,640,1149,103,410,0,0,0,1246,3478,0,208,0,105,0,1254,212
 4620,0,3692,1169,848,1904,2379,529,3522,3407,0,0,519,1365,0,2627,1074,640,1149,103,410,0,0,0,1246,3483,0,208,0,105,0,1254,212
 4625,0,3697,1169,848,1904,2379,529,3527,3412,0,0,519,1365,0,2627,1074,640,1149,103,410,0,0,0,1246,3487,0,208,0,105,0,1254,212
 4630,0,3702,1169,848,1904,2379,529,3532,3417,0,0,519,1365,0,2627,1074,640,1149,103,410,0,0,0,1246,3487,0,208,0,105,0,1254,212
 4635,0,3707,1169,848,1904,2379,529,3537,3422,0,0,519,1365,0,2627,1074,640,1149,103,410,0,0,0,1246,3487,0,208,0,105,0,1254,212
 4640,0,3712,1169,848,1904,2379,529,3542,3427,0,0,519,1365,0,2627,1074,640,1149,103,410,0,0,0,1246,3492,5,208,0,105,0,1254,212
 4645,0,3717,1169,848,1904,2379,529,3547,3432,0,0,519,1365,0,2627,1074,640,1149,103,410,0,0,0,1246,3497,10,208,0,105,0,1254,212
 4650,0,3722,1169,848,1904,2379,529,3552,3437,0,0,519,1365,0,2627,1074,640,1149,103,410,0,0,0,1246,3502,15,208,0,105,0,1254,212
 4655,0,3727,1169,848,1904,2379,529,3552,3442,0,0,519,1365,0,2627,1074,640,1149,103,410,0,0,0,1246,3507,20,208,0,105,0,1254,212
 4660,0,3732,1169,848,1904,2379,529,3552,3447,0,0,519,1365,0,2627,1074,640,1149,103,410,0,0,0,1246,3512,25,208,0,105,0,1254,212
 4665,0,3737,1169,848,1904,2379,529,3554,3452,0,0,519,1365,0,2627,1074,640,1149,103,410,0,0,0,1246,3517,30,208,0,105,0,1254,212
 4670,0,3742,1169,848,1904,2379,529,3559,3457,0,0,519,1365,0,2627,1074,640,1149,103,410,0,0,0,1246,3522,35,208,0,105,0,1254,212
 4675,0,3747,1169,848,1904,2379,529,3564,3462,0,0,519,1365,0,2627,1074,640,1149,103,410,0,0,0,1246,3527,40,208,0,105,0,1254,212
 4680,0,3752,1169,848,1904,2379,529,3569,3467,0,0,519,1365,0,2627,1074,640,1149,103,410,0,0,0,1246,3532,45,208,0,105,0,1254,212
 4685,0,3757,1169,848,1904,2379,529,3574,3469,0,0,519,1365,0,2627,1074,640,1149,103,410,0,0,0,1246,3537,50,208,0,105,0,1254,212
 4690,0,3762,1169,848,1904,2379,529,3579,3469,0,0,519,1365,0,2627,1074,640,1149,103,410,0,0,0,1246,3542,55,208,0,105,0,1254,212
 4695,0,3767,1169,848,1904,2379,529,3584,3469,0,0,519,1365,0,2627,1074,640,1149,103,410,0,0,0,1246,3547,60,208,0,105,0,1254,212
 4700,0,3772,1169,848,1904,2379,529,3589,3469,0,0,519,1365,0,2627,1074,640,1149,103,410,0,0,0,1246,3552,65,208,0,105,0,1254,212
 4705,0,3778,1169,848,1904,2379,529,3594,3469,0,0,519,1365,0,2627,1074,640,1149,103,410,0,0,0,1246,3557,70,208,0,105,0,1254,212
 4710,0,3778,1169,848,1904,2379,529,3599,3469,0,0,519,1365,0,2627,1074,640,1149,103,410,0,0,0,1246,3562,75,208,0,105,0,1254,212
 4715,0,3778,1169,848,1904,2379,529,3604,3469,0,0,519,1365,0,2627,1074,640,1149,103,410,0,0,0,1246,3567,80,208,0,105,0,1254,212
 4720,0,3778,1169,848,1904,2379,529,3609,3469,0,0,519,1365,0,2627,1074,640,1149,103,410,0,0,0,1246,3572,85,208,0,105,0,1254,212
 4725,0,3778,1169,848,1904,2379,529,3614,3469,0,0,519,1365,0,2627,1074,640,1149,103,410,0,0,0,1246,3577,90,208,0,105,0,1254,212
 4730,0,3778,1169,848,1904,2379,529,3619,3469,0,0,519,1365,0,2627,1074,640,1149,103,410,0,0,0,1246,3582,95,208,0,105,0,1254,212
 4735,0,3778,1169,848,1904,2379,529,3624,3469,0,0,519,1365,0,2627,1074,640,1149,103,410,0,0,0,1246,3587,100,208,0,105,0,1254,212
 4740,0,3778,1169,848,1904,2379,529,3629,3469,0,0,519,1365,0,2627,1074,640,1149,103,410,0,0,0,1246,3592,103,208,0,105,0,1254,212
 4745,0,3778,1169,848,1904,2379,529,3634,3471,0,0,519,1365,0,2627,1074,640,1149,103,410,0,0,0,1246,3598,103,208,0,105,0,1254,212
 4750,0,3778,1169,848,1904,2379,529,3639,3476,0,0,519,1365,0,2627,1074,640,1149,103,410,0,0,0,1246,3598,103,208,0,105,0,1254,212
 4755,0,3778,1169,848,1904,2379,529,3644,3481,0,0,519,1365,0,2627,1074,640,1149,103,410,0,0,0,1246,3598,103,208,0,105,0,1254,212
 4760,0,3778,1169,848,1904,2379,529,3649,3486,0,0,519,1365,0,2627,1074,640,1149,103,410,0,0,0,1246,3598,103,208,0,105,0,1254,212
 4765,0,3778,1169,848,1904,2379,529,3655,3491,0,0,519,1365,0,2627,1074,640,1149,103,410,0,0,0,1246,3598,103,208,0,105,0,1254,212
 4770,0,3778,1169,848,1904,2379,529,3655,3496,0,0,519,1365,0,2627,1074,640,1149,103,410,0,0,0,1246,3598,103,208,0,105,0,1254,212
 4775,0,3778,1169,848,1904,2379,529,3655,3501,0,0,519,1365,0,2627,1074,640,1149,103,410,0,0,0,1246,3598,103,208,0,105,0,1254,212
 4780,0,3778,1169,848,1904,2379,529,3655,3506,0,0,519,1365,0,2627,1074,640,1149,103,410,0,0,0,1246,3603,103,208,0,105,0,1254,212
 4785,0,3779,1169,848,1904,2379,529,3655,3511,0,0,519,1365,0,2627,1074,640,1149,103,410,0,0,0,1246,3608,103,208,0,105,0,1254,212
 4790,0,3784,1169,848,1904,2379,529,3655,3516,0,0,519,1365,0,2627,1074,640,1149,103,410,0,0,0,1246,3613,103,208,0,105,0,1254,212
 4795,0,3789,1169,848,1904,2379,529,3655,3521,0,0,519,1365,0,2627,1074,640,1149,103,410,0,0,0,1246,3618,103,208,0,105,0,1254,212
 4800,0,3794,1169,848,1904,2379,529,3655,3526,0,0,519,1365,0,2627,1074,640,1149,103,410,0,0,0,1246,3623,103,208,0,105,0,1254,212
 4805,0,3799,1169,848,1904,2379,529,3655,3531,0,0,519,1365,0,2627,1074,640,1149,103,410,0,0,0,1246,3628,103,208,0,105,0,1254,212
 4810,0,3804,1169,848,1904,2379,529,3655,3536,0,0,519,1365,0,2627,1074,640,1149,103,410,0,0,0,1246,3633,103,208,0,105,0,1254,212
 4815,0,3809,1169,848,1904,2379,529,3656,3541,0,0,519,1365,0,2627,1074,640,1149,103,410,0,0,0,1246,3638,103,208,0,105,0,1254,212
 4820,0,3814,1169,848,1904,2379,529,3661,3546,0,0,519,1365,0,2627,1074,640,1149,103,410,0,0,0,1246,3643,103,208,0,105,0,1254,212
 4825,0,3819,1169,848,1904,2379,529,3666,3551,0,0,519,1365,0,2627,1074,640,1149,103,410,0,0,0,1246,3648,103,208,0,105,0,1254,212
 4830,0,3824,1169,848,1904,2379,529,3671,3556,0,0,519,1365,0,2627,1074,640,1149,103,410,0,0,0,1246,3653,103,208,0,105,0,1254,212
 4835,0,3829,1169,848,1904,2379,529,3676,3561,0,0,519,1365,0,2627,1074,640,1149,103,410,0,0,0,1246,3658,103,208,0,105,0,1254,212
 4840,0,3834,1169,848,1904,2379,529,3681,3566,0,0,519,1365,0,2627,1074,640,1149,103,410,0,0,0,1246,3663,103,208,0,105,0,1254,212
 4845,0,3839,1169,848,1904,2379,529,3686,3571,0,0,519,1365,0,2627,1074,640,1149,103,410,0,0,0,1246,3668,103,208,0,105,0,1254,212
 4850,0,3844,1169,848,1904,2379,529,3691,3574,0,0,519,1365,0,2627,1074,640,1149,103,410,0,0,0,1246,3673,103,208,0,105,0,1254,212
 4855,0,3849,1169,848,1904,2379,529,3696,3574,0,0,519,1365,0,2627,1074,640,1149,103,410,0,0,0,1246,3678,103,208,0,105,0,1254,212
 4860,0,3854,1169,848,1904,2379,529,3701,3574,0,0,519,1365,0,2627,1074,640,1149,103,410,0,0,0,1246,3683,103,208,0,105,0,1254,212
 4865,0,3859,1169,848,1904,2379,529,3706,3574,0,0,519,1365,0,2627,1074,640,1149,103,410,0,0,0,1246,3688,103,208,0,105,0,1254,212
 4870,0,3864,1169,848,1904,2379,529,3711,3574,0,0,519,1365,0,2627,1074,640,1149,103,410,0,0,0,1246,3693,103,208,0,105,0,1254,212
 4875,0,3869,1169,848,1904,2379,529,3716,3574,0,0,519,1365,0,2627,1074,640,1149,103,410,0,0,0,1246,3698,103,208,0,105,0,1254,212
 4880,0,3874,1169,848,1904,2379,529,3721,3574,0,0,519,1365,0,2627,1074,640,1149,103,410,0,0,0,1246,3703,103,208,0,105,0,1254,212
 4885,0,3879,1169,848,1904,2379,529,3726,3576,0,0,519,1365,0,2627,1074,640,1149,103,410,0,0,0,1246,3705,103,208,0,105,0,1254,212
 4890,0,3885,1169,848,1904,2379,529,3731,3581,0,0,519,1365,0,2627,1074,640,1149,103,410,0,0,0,1246,3705,103,208,0,105,0,1254,212
 4895,0,3885,1169,848,1904,2379,529,3736,3586,0,0,519,1365,0,2627,1074,640,1149,103,410,0,0,0,1246,3705,103,208,0,105,0,1254,212
 4900,0,3885,1169,848,1904,2379,529,3741,3591,0,0,519,1365,0,2627,1074,640,1149,103,410,0,0,0,1246,3705,103,208,0,105,0,1254,212
 4905,0,3884,1169,848,1904,2379,529,3746,3596,0,0,519,1365,0,2627,1074,640,1149,103,410,0,0,0,1246,3705,103,208,0,105,0,1254,212
 4910,0,3889,1169,848,1904,2379,529,3751,3601,0,0,519,1365,0,2627,1074,640,1149,103,410,0,0,0,1246,3707,103,208,0,105,0,1254,212
 4915,0,3894,1169,848,1904,2379,529,3756,3606,0,0,519,1365,0,2627,1074,640,1149,103,410,0,0,0,1246,3712,103,208,0,105,0,1254,212
 4920,0,3899,1169,848,1904,2379,529,3758,3611,0,0,519,1365,0,2627,1074,640,1149,103,410,0,0,0,1246,3717,103,208,0,105,0,1254,212
 4925,0,3904,1169,848,1904,2379,529,3758,3616,0,0,519,1365,0,2627,1074,640,1149,103,410,0,0,0,1246,3722,103,208,0,105,0,1254,212
 4930,0,3909,1169,848,1904,2379,529,3758,3621,0,0,519,1365,0,2627,1074,640,1149,103,410,0,0,0,1246,3727,103,208,0,105,0,1254,212
 4935,0,3914,1169,848,1904,2379,529,3758,3626,0,0,519,1365,0,2627,1074,640,1149,103,410,0,0,0,1246,3732,103,208,0,105,0,1254,212
 4940,0,3919,1169,848,1904,2379,529,3758,3631,0,0,519,1365,0,2627,1074,640,1149,103,410,0,0,0,1246,3737,103,208,0,105,0,1254,212
 4945,0,3924,1169,848,1904,2379,529,3758,3636,0,0,519,1365,0,2627,1074,640,1149,103,410,0,0,0,1246,3742,103,208,0,105,0,1254,212
 4950,0,3929,1169,848,1904,2379,529,3761,3641,0,0,519,1365,0,2627,1074,640,1149,103,410,0,0,0,1246,3747,103,208,0,105,0,1254,212
 4955,0,3934,1169,848,1904,2379,529,3766,3646,0,0,519,1365,0,2627,1074,640,1149,103,410,0,0,0,1246,3752,103,208,0,105,0,1254,212
 4960,0,3939,1169,848,1904,2379,529,3771,3651,0,0,519,1365,0,2627,1074,640,1149,103,410,0,0,0,1246,3757,103,208,0,105,0,1254,212
 4965,0,3944,1169,848,1904,2379,529,3776,3656,0,0,519,1365,0,2627,1074,640,1149,103,410,0,0,0,1246,3762,103,208,0,105,0,1254,212
 4970,0,3949,1169,848,1904,2379,529,3781,3661,0,0,519,1365,0,2627,1074,640,1149,103,410,0,0,0,1246,3767,103,208,0,105,0,1254,212
 4975,0,3954,1169,848,1904,2379,529,3786,3666,0,0,519,1365,0,2627,1074,640,1149,103,410,0,0,0,1246,3772,103,208,0,105,0,1254,212
 4980,0,3959,1169,848,1904,2379,529,3791,3671,0,0,519,1365,0,2627,1074,640,1149,103,410,0,0,0,1246,3777,103,208,0,105,0,1254,212
 4985,0,3964,1169,848,1904,2379,529,3796,3676,0,0,519,1365,0,2627,1074,640,1149,103,410,0,0,0,1246,3782,103,208,0,105,0,1254,212
 4990,0,3969,1169,848,1904,2379,529,3801,3679,0,0,519,1365,0,2627,1074,640,1149,103,410,0,0,0,1246,3787,103,208,0,105,0,1254,212
 4995,0,3974,1169,848,1904,2379,529,3806,3679,0,0,519,1365,0,2627,1074,640,1149,103,410,0,0,0,1246,3792,103,208,0,105,0,1254,212
 5000,0,3979,1169,848,1904,2379,529,3811,3678,0,0,519,1365,0,2627,1074,640,1149,103,410,0,0,0,1246,3797,103,208,0,105,0,1254,212
 5005,0,3984,1169,848,1904,2379,529,3816,3683,0,0,519,1365,0,2627,1074,640,1149,103,410,0,0,0,1246,3802,103,208,0,105,0,1254,212
 5010,0,3990,1169,848,1904,2379,529,3821,3688,0,0,519,1365,0,2627,1074,640,1149,103,410,0,0,0,1246,3808,103,208,0,105,0,1254,212
 5015,0,3990,1169,848,1904,2379,529,3826,3693,0,0,519,1365,0,2627,1074,640,1149,103,410,0,0,0,1246,3808,103,208,0,105,0,1254,212
 5020,0,3990,1169,848,1904,2379,529,3831,3698,0,0,519,1365,0,2627,1074,640,1149,103,410,0,0,0,1246,3808,103,208,0,105,0,1254,212
 5025,0,3990,1169,848,1904,2379,529,3836,3703,0,0,519,1365,0,2627,1074,640,1149,103,410,0,0,0,1246,3808,103,208,0,105,0,1254,212
 5030,0,3990,1169,848,1904,2379,529,3841,3708,0,0,519,1365,0,2627,1074,640,1149,103,410,0,0,0,1246,3808,103,208,0,105,0,1254,212
 5035,0,3990,1169,848,1904,2379,529,3846,3713,0,0,519,1365,0,2627,1074,640,1149,103,410,0,0,0,1246,3808,103,208,0,105,0,1254,212
 5040,0,3990,1169,848,1904,2379,529,3851,3718,0,0,519,1365,0,2627,1074,640,1149,103,410,0,0,0,1246,3808,103,208,0,105,0,1254,212
 5045,0,3990,1169,848,1904,2379,529,3856,3723,0,0,519,1365,0,2627,1074,640,1149,103,410,0,0,0,1246,3808,103,208,0,105,0,1254,212
 5050,0,3990,1169,848,1904,2379,529,3861,3728,0,0,519,1365,0,2627,1074,640,1149,103,410,0,0,0,1246,3808,103,208,0,105,0,1254,212
 5055,0,3992,1169,848,1904,2379,529,3865,3733,0,0,519,1365,0,2627,1074,640,1149,103,410,0,0,0,1246,3808,105,208,0,105,0,1254,212
 5060,0,3997,1169,848,1904,2379,529,3865,3738,0,0,519,1365,0,2627,1074,640,1149,103,410,0,0,0,1246,3808,110,208,0,105,0,1254,212
 5065,0,4002,1169,848,1904,2379,529,3867,3743,0,0,519,1365,0,2627,1074,640,1149,103,410,0,0,0,1246,3808,115,208,0,105,0,1254,212
 5070,0,4007,1169,848,1904,2379,529,3872,3748,0,0,519,1365,0,2627,1074,640,1149,103,410,0,0,0,1246,3811,120,208,0,105,0,1254,212
 5075,0,4012,1169,848,1904,2379,529,3877,3753,0,0,519,1365,0,2627,1074,640,1149,103,410,0,0,0,1246,3816,125,208,0,105,0,1254,212
 5080,0,4017,1169,848,1904,2379,529,3882,3758,0,0,519,1365,0,2627,1074,640,1149,103,410,0,0,0,1246,3821,130,208,0,105,0,1254,212
 5085,0,4022,1169,848,1904,2379,529,3887,3763,0,0,519,1365,0,2627,1074,640,1149,103,410,0,0,0,1246,3826,135,208,0,105,0,1254,212
 5090,0,4027,1169,848,1904,2379,529,3892,3768,0,0,519,1365,0,2627,1074,640,1149,103,410,0,0,0,1246,3831,140,208,0,105,0,1254,212
 5095,0,4032,1169,848,1904,2379,529,3897,3773,0,0,519,1365,0,2627,1074,640,1149,103,410,0,0,0,1246,3836,145,208,0,105,0,1254,212
 5100,0,4037,1169,848,1904,2379,529,3902,3778,0,0,519,1365,0,2627,1074,640,1149,103,410,0,0,0,1246,3841,150,208,0,105,0,1254,212
 5105,0,4042,1169,848,1904,2379,529,3907,3782,0,0,519,1365,0,2627,1074,640,1149,103,410,0,0,0,1246,3846,155,208,0,105,0,1254,212
 5110,0,4047,1169,848,1904,2379,529,3912,3782,0,0,519,1365,0,2627,1074,640,1149,103,410,0,0,0,1246,3851,160,208,0,105,0,1254,212
 5115,0,4052,1169,848,1904,2379,529,3917,3781,0,0,519,1365,0,2627,1074,640,1149,103,410,0,0,0,1246,3856,165,208,0,105,0,1254,212
 5120,0,4057,1169,848,1904,2379,529,3922,3786,0,0,519,1365,0,2627,1074,640,1149,103,410,0,0,0,1246,3861,170,208,0,105,0,1254,212
 5125,0,4062,1169,848,1904,2379,529,3927,3791,0,0,519,1365,0,2627,1074,640,1149,103,410,0,0,0,1246,3866,175,208,0,105,0,1254,212
 5130,0,4067,1169,848,1904,2379,529,3932,3796,0,0,519,1365,0,2627,1074,640,1149,103,410,0,0,0,1246,3871,180,208,0,105,0,1254,212
 5135,0,4072,1169,848,1904,2379,529,3937,3801,0,0,519,1365,0,2627,1074,640,1149,103,410,0,0,0,1246,3876,185,208,0,105,0,1254,212
 5140,0,4077,1169,848,1904,2379,529,3942,3806,0,0,519,1365,0,2627,1074,640,1149,103,410,0,0,0,1246,3881,190,208,0,105,0,1254,212
 5145,0,4082,1169,848,1904,2379,529,3947,3811,0,0,519,1365,0,2627,1074,640,1149,103,410,0,0,0,1246,3886,195,208,0,105,0,1254,212
 5150,0,4087,1169,848,1904,2379,529,3952,3816,0,0,519,1365,0,2627,1074,640,1149,103,410,0,0,0,1246,3891,200,208,0,105,0,1254,212
 5155,0,4093,1169,848,1904,2379,529,3957,3821,0,0,519,1365,0,2627,1074,640,1149,103,410,0,0,0,1246,3896,205,208,0,105,0,1254,212
 5160,0,4093,1169,848,1904,2379,529,3962,3826,0,0,519,1365,0,2627,1074,640,1149,103,410,0,0,0,1246,3901,208,208,0,105,0,1254,212
 5165,0,4093,1169,848,1904,2379,529,3967,3831,0,0,519,1365,0,2627,1074,640,1149,103,410,0,0,0,1246,3906,208,208,0,105,0,1254,212
 5170,0,4093,1169,848,1904,2379,529,3970,3836,0,0,519,1365,0,2627,1074,640,1149,103,410,0,0,0,1246,3909,208,208,0,105,0,1254,212
 5175,0,4093,1169,848,1904,2379,529,3970,3841,0,0,519,1365,0,2627,1074,640,1149,103,410,0,0,0,1246,3909,208,208,0,105,0,1254,212
 5180,0,4093,1169,848,1904,2379,529,3970,3846,0,0,519,1365,0,2627,1074,640,1149,103,410,0,0,0,1246,3909,208,208,0,105,0,1254,212
 5185,0,4093,1169,848,1904,2379,529,3970,3851,0,0,519,1365,0,2627,1074,640,1149,103,410,0,0,0,1246,3909,208,208,0,105,0,1254,212
 5190,0,4093,1169,848,1904,2379,529,3970,3856,0,0,519,1365,0,2627,1074,640,1149,103,410,0,0,0,1246,3909,208,208,0,105,0,1254,212
 5195,0,4093,1169,848,1904,2379,529,3970,3861,0,0,519,1365,0,2627,1074,640,1149,103,410,0,0,0,1246,3909,208,208,0,105,0,1254,212
 5200,0,4094,1169,848,1904,2379,529,3970,3866,0,0,519,1365,0,2627,1074,640,1149,103,410,0,0,0,1246,3909,208,208,0,105,0,1254,212
 5205,0,4099,1169,848,1904,2379,529,3970,3871,0,0,519,1365,0,2627,1074,640,1149,103,410,0,0,0,1246,3909,208,208,0,105,0,1254,212
 5210,0,4104,1169,848,1904,2379,529,3970,3876,0,0,519,1365,0,2627,1074,640,1149,103,410,0,0,0,1246,3909,208,208,0,105,0,1254,212
 5215,0,4109,1169,848,1904,2379,529,3971,3881,0,0,519,1365,0,2627,1074,640,1149,103,410,0,0,0,1246,3909,208,208,0,105,0,1254,212
 5220,0,4114,1169,848,1904,2379,529,3976,3886,0,0,519,1365,0,2627,1074,640,1149,103,410,0,0,0,1246,3908,208,208,0,105,0,1254,212
 5225,0,4119,1169,848,1904,2379,529,3981,3889,0,0,519,1365,0,2627,1074,640,1149,103,410,0,0,0,1246,3913,208,208,0,105,0,1254,212
 5230,0,4124,1169,848,1904,2379,529,3986,3889,0,0,519,1365,0,2627,1074,640,1149,103,410,0,0,0,1246,3918,208,208,0,105,0,1254,212
 5235,0,4129,1169,848,1904,2379,529,3991,3889,0,0,519,1365,0,2627,1074,640,1149,103,410,0,0,0,1246,3923,208,208,0,105,0,1254,212
 5240,0,4134,1169,848,1904,2379,529,3996,3889,0,0,519,1365,0,2627,1074,640,1149,103,410,0,0,0,1246,3928,208,208,0,105,0,1254,212
 5245,0,4139,1169,848,1904,2379,529,4001,3889,0,0,519,1365,0,2627,1074,640,1149,103,410,0,0,0,1246,3933,208,208,0,105,0,1254,212
 5250,0,4144,1169,848,1904,2379,529,4006,3891,0,0,519,1365,0,2627,1074,640,1149,103,410,0,0,0,1246,3938,208,208,0,105,0,1254,212
 5255,0,4149,1169,848,1904,2379,529,4011,3896,0,0,519,1365,0,2627,1074,640,1149,103,410,0,0,0,1246,3943,208,208,0,105,0,1254,212
 5260,0,4154,1169,848,1904,2379,529,4016,3901,0,0,519,1365,0,2627,1074,640,1149,103,410,0,0,0,1246,3948,208,208,0,105,0,1254,212
 5265,0,4159,1169,848,1904,2379,529,4021,3906,0,0,519,1365,0,2627,1074,640,1149,103,410,0,0,0,1246,3953,208,208,0,105,0,1254,212
 5270,0,4164,1169,848,1904,2379,529,4026,3911,0,0,519,1365,0,2627,1074,640,1149,103,410,0,0,0,1246,3958,208,208,0,105,0,1254,212
 5275,0,4169,1169,848,1904,2379,529,4031,3916,0,0,519,1365,0,2627,1074,640,1149,103,410,0,0,0,1246,3963,208,208,0,105,0,1254,212
 5280,0,4174,1169,848,1904,2379,529,4036,3921,0,0,519,1365,0,2627,1074,640,1149,103,410,0,0,0,1246,3968,208,208,0,105,0,1254,212
 5285,0,4179,1169,848,1904,2379,529,4041,3926,0,0,519,1365,0,2627,1074,640,1149,103,410,0,0,0,1246,3973,208,208,0,105,0,1254,212
 5290,0,4184,1169,848,1904,2379,529,4046,3931,0,0,519,1365,0,2627,1074,640,1149,103,410,0,0,0,1246,3978,208,208,0,105,0,1254,212
 5295,0,4189,1169,848,1904,2379,529,4051,3936,0,0,519,1365,0,2627,1074,640,1149,103,410,0,0,0,1246,3983,208,208,0,105,0,1254,212
 5300,0,4194,1169,848,1904,2379,529,4056,3941,0,0,519,1365,0,2627,1074,640,1149,103,410,0,0,0,1246,3988,208,208,0,105,0,1254,212
 5305,0,4198,1169,848,1904,2379,529,4061,3946,0,0,519,1365,0,2627,1074,640,1149,103,410,0,0,0,1246,3993,208,208,0,105,0,1254,212
 5310,0,4198,1169,848,1904,2379,529,4066,3951,0,0,519,1365,0,2627,1074,640,1149,103,410,0,0,0,1246,3998,208,208,0,105,0,1254,212
 5315,0,4198,1169,848,1904,2379,529,4071,3956,0,0,519,1365,0,2627,1074,640,1149,103,410,0,0,0,1246,4003,208,208,0,105,0,1254,212
 5320,0,4199,1169,848,1904,2379,529,4073,3961,0,0,519,1365,0,2627,1074,640,1149,103,410,0,0,0,1246,4008,208,208,0,105,0,1254,212
 5325,0,4204,1169,848,1904,2379,529,4073,3966,0,0,519,1365,0,2627,1074,640,1149,103,410,0,0,0,1246,4014,208,208,0,105,0,1254,212
 5330,0,4209,1169,848,1904,2379,529,4078,3971,0,0,519,1365,0,2627,1079,640,1149,103,410,0,0,0,1246,4014,208,208,0,105,0,1254,212
 5335,0,4214,1169,848,1904,2379,529,4083,3976,0,0,519,1365,0,2627,1084,640,1149,103,410,0,0,0,1246,4014,208,208,0,105,0,1254,212
 5340,0,4219,1169,848,1904,2379,529,4088,3981,0,0,519,1365,0,2627,1089,640,1149,103,410,0,0,0,1246,4013,208,208,0,105,0,1254,212
 5345,0,4224,1169,848,1904,2379,529,4093,3986,0,0,519,1365,0,2627,1094,640,1149,103,410,0,0,0,1246,4018,208,208,0,105,0,1254,212
 5350,0,4229,1169,848,1904,2379,529,4098,3992,0,0,519,1365,0,2627,1099,640,1149,103,410,0,0,0,1246,4023,208,208,0,105,0,1254,212
 5355,0,4234,1169,848,1904,2379,529,4103,3992,0,0,519,1365,0,2627,1104,640,1149,103,410,0,0,0,1246,4028,208,208,0,105,0,1254,212
 5360,0,4239,1169,848,1904,2379,529,4108,3992,0,0,519,1365,0,2627,1109,640,1149,103,410,0,0,0,1246,4033,208,208,0,105,0,1254,212
 5365,0,4244,1169,848,1904,2379,529,4113,3992,0,0,519,1365,0,2627,1114,640,1149,103,410,0,0,0,1246,4038,208,208,0,105,0,1254,212
 5370,0,4249,1169,848,1904,2379,529,4118,3992,0,0,519,1365,0,2627,1119,640,1149,103,410,0,0,0,1246,4043,208,208,0,105,0,1254,212
 5375,0,4254,1169,848,1904,2379,529,4123,3992,0,0,519,1365,0,2627,1124,640,1149,103,410,0,0,0,1246,4048,208,208,0,105,0,1254,212
 5380,0,4259,1169,848,1904,2379,529,4128,3992,0,0,519,1365,0,2627,1129,640,1149,103,410,0,0,0,1246,4053,208,208,0,105,0,1254,212
 5385,0,4264,1169,848,1904,2379,529,4133,3992,0,0,519,1365,0,2627,1134,640,1149,103,410,0,0,0,1246,4058,208,208,0,105,0,1254,212
 5390,0,4269,1169,848,1904,2379,529,4138,3992,0,0,519,1365,0,2627,1139,640,1149,103,410,0,0,0,1246,4063,208,208,0,105,0,1254,212
 5395,0,4274,1169,848,1904,2379,529,4143,3992,0,0,519,1365,0,2627,1144,640,1149,103,410,0,0,0,1246,4068,208,208,0,105,0,1254,212
 5400,0,4279,1169,848,1904,2379,529,4148,3992,0,0,519,1365,0,2627,1149,640,1149,103,410,0,0,0,1246,4073,208,208,0,105,0,1254,212
 5405,0,4284,1169,848,1904,2379,529,4153,3992,0,0,519,1365,0,2627,1154,640,1149,103,410,0,0,0,1246,4078,208,208,0,105,0,1254,212
 5410,0,4289,1169,848,1904,2379,529,4158,3992,0,0,519,1365,0,2627,1159,640,1149,103,410,0,0,0,1246,4083,208,208,0,105,0,1254,212
 5415,0,4294,1169,848,1904,2379,529,4163,3992,0,0,519,1365,0,2627,1164,640,1149,103,410,0,0,0,1246,4088,208,208,0,105,0,1254,212
 5420,0,4299,1169,848,1904,2379,529,4168,3992,0,0,519,1365,0,2627,1169,640,1149,103,410,0,0,0,1246,4093,208,208,0,105,0,1254,212
 5425,0,4305,1169,848,1904,2379,529,4173,3992,0,0,519,1365,0,2627,1174,640,1149,103,410,0,0,0,1246,4098,208,208,0,105,0,1254,212
 5430,0,4305,1169,848,1904,2379,529,4178,3992,0,0,519,1365,0,2627,1179,640,1149,103,410,0,0,0,1246,4103,208,208,0,105,0,1254,212
 5435,0,4305,1169,848,1904,2379,529,4180,3992,0,0,519,1365,0,2627,1179,640,1149,103,410,0,0,0,1246,4108,208,208,0,105,0,1254,212
 5440,0,4308,1169,848,1904,2379,529,4180,3992,0,0,519,1365,0,2627,1179,640,1149,103,410,0,0,0,1246,4113,208,208,0,105,0,1254,212
 5445,0,4313,1169,848,1904,2379,529,4180,3994,0,0,519,1365,0,2627,1179,640,1149,103,410,0,0,0,1246,4117,208,208,0,105,0,1254,212
 5450,0,4318,1169,848,1904,2379,529,4180,3999,0,0,519,1365,0,2627,1179,640,1149,103,410,0,0,0,1246,4117,208,208,0,105,0,1254,212
 5455,0,4323,1169,848,1904,2379,529,4180,4004,0,0,519,1365,0,2627,1179,640,1149,103,410,0,0,0,1246,4117,208,208,0,105,0,1254,212
 5460,0,4328,1169,848,1904,2379,529,4180,4009,0,0,519,1365,0,2627,1179,640,1149,103,410,0,0,0,1246,4117,208,208,0,105,0,1254,212
 5465,0,4333,1169,848,1904,2379,529,4180,4014,0,0,519,1365,0,2627,1179,640,1149,103,410,0,0,0,1246,4117,208,208,0,105,0,1254,212
 5470,0,4338,1169,848,1904,2379,529,4180,4019,0,0,519,1365,0,2627,1179,640,1149,103,410,0,0,0,1246,4117,208,208,0,105,0,1254,212
 5475,0,4343,1169,848,1904,2379,529,4180,4024,0,0,519,1365,0,2627,1179,640,1149,103,410,0,0,0,1246,4117,208,208,0,105,0,1254,212
 5480,0,4348,1169,848,1904,2379,529,4180,4029,0,0,519,1365,0,2627,1179,640,1149,103,410,0,0,0,1246,4117,208,208,0,105,0,1254,212
 5485,0,4353,1169,848,1904,2379,529,4183,4034,0,0,519,1365,0,2627,1179,640,1149,103,410,0,0,0,1246,4117,208,208,0,105,0,1254,212
 5490,0,4358,1169,848,1904,2379,529,4188,4039,0,0,519,1365,0,2627,1179,640,1149,103,410,0,0,0,1246,4117,208,208,0,105,0,1254,212
 5495,0,4363,1169,848,1904,2379,529,4193,4044,0,0,519,1365,0,2627,1179,640,1149,103,410,0,0,0,1246,4117,208,208,0,105,0,1254,212
 5500,0,4368,1169,848,1904,2379,529,4198,4049,0,0,519,1365,0,2627,1179,640,1149,103,410,0,0,0,1246,4117,208,208,0,105,0,1254,212
 5505,0,4373,1169,848,1904,2379,529,4203,4054,0,0,519,1365,0,2627,1179,640,1149,103,410,0,0,0,1246,4120,208,208,0,105,0,1254,212
 5510,0,4378,1169,848,1904,2379,529,4208,4059,0,0,519,1365,0,2627,1179,640,1149,103,410,0,0,0,1246,4125,208,208,0,105,0,1254,212
 5515,0,4383,1169,848,1904,2379,529,4213,4064,0,0,519,1365,0,2627,1179,640,1149,103,410,0,0,0,1246,4130,208,208,0,105,0,1254,212
 5520,0,4388,1169,848,1904,2379,529,4218,4069,0,0,519,1365,0,2627,1179,640,1149,103,410,0,0,0,1246,4135,208,208,0,105,0,1254,212
 5525,0,4393,1169,848,1904,2379,529,4223,4074,0,0,519,1365,0,2627,1179,640,1149,103,410,0,0,0,1246,4140,208,208,0,105,0,1254,212
 5530,0,4398,1169,848,1904,2379,529,4228,4079,0,0,519,1365,0,2627,1179,640,1149,103,410,0,0,0,1246,4145,208,208,0,105,0,1254,212
 5535,0,4403,1169,848,1904,2379,529,4233,4084,0,0,519,1365,0,2627,1179,640,1149,103,410,0,0,0,1246,4150,208,208,0,105,0,1254,212
 5540,0,4408,1169,848,1904,2379,529,4238,4089,0,0,519,1365,0,2627,1179,640,1149,103,410,0,0,0,1246,4155,208,208,0,105,0,1254,212
 5545,0,4414,1169,848,1904,2379,529,4243,4095,0,0,519,1365,0,2627,1179,640,1149,103,410,0,0,0,1246,4160,208,208,0,105,0,1254,212
 5550,0,4414,1169,848,1904,2379,529,4248,4095,0,0,519,1365,0,2627,1179,640,1149,103,410,0,0,0,1246,4165,208,208,0,105,0,1254,212
 5555,0,4414,1169,848,1904,2379,529,4253,4095,0,0,519,1365,0,2627,1179,640,1149,103,410,0,0,0,1246,4170,208,208,0,105,0,1254,212
 5560,0,4414,1169,848,1904,2379,529,4258,4098,0,0,519,1365,0,2627,1179,640,1149,103,410,0,0,0,1246,4175,208,208,0,105,0,1254,212
 5565,0,4414,1169,848,1904,2379,529,4263,4103,0,0,519,1365,0,2627,1179,640,1149,103,410,0,0,0,1246,4180,208,208,0,105,0,1254,212
 5570,0,4414,1169,848,1904,2379,529,4268,4108,0,0,519,1365,0,2627,1179,640,1149,103,410,0,0,0,1246,4185,208,208,0,105,0,1254,212
 5575,0,4414,1169,848,1904,2379,529,4273,4113,0,0,519,1365,0,2627,1179,640,1149,103,410,0,0,0,1246,4190,208,208,0,105,0,1254,212
 5580,0,4414,1169,848,1904,2379,529,4278,4118,0,0,519,1365,0,2627,1179,640,1149,103,410,0,0,0,1246,4195,208,208,0,105,0,1254,212
 5585,0,4414,1169,848,1904,2379,529,4283,4123,0,0,519,1365,0,2627,1179,640,1149,103,410,0,0,0,1246,4200,208,208,0,105,0,1254,212
 5590,0,4414,1169,848,1904,2379,529,4285,4128,0,0,519,1365,0,2627,1179,640,1149,103,410,0,0,0,1246,4205,208,208,0,105,0,1254,212
 5595,0,4414,1169,848,1904,2379,529,4285,4133,0,0,519,1365,0,2627,1179,640,1149,103,410,0,0,0,1246,4210,208,208,0,105,0,1254,212
 5600,0,4413,1169,848,1904,2379,529,4285,4138,0,0,519,1365,0,2627,1179,640,1149,103,410,0,0,0,1246,4215,208,208,0,105,0,1254,212
 5605,0,4418,1169,848,1904,2379,529,4288,4143,0,0,519,1365,0,2627,1179,640,1149,103,410,0,0,0,1246,4220,208,208,0,105,0,1254,212
 5610,0,4423,1169,848,1904,2379,529,4293,4148,0,0,519,1365,0,2627,1179,640,1149,103,410,0,0,0,1246,4220,208,208,0,105,0,1254,212
 5615,0,4428,1169,848,1904,2379,529,4298,4153,0,0,519,1365,0,2627,1179,640,1149,103,410,0,0,0,1246,4220,208,208,0,105,0,1254,212
 5620,0,4433,1169,848,1904,2379,529,4303,4158,0,0,519,1365,0,2627,1179,640,1149,103,410,0,0,0,1246,4220,208,208,0,105,0,1254,212
 5625,0,4438,1169,848,1904,2379,529,4308,4163,0,0,519,1365,0,2627,1179,640,1149,103,410,0,0,0,1246,4220,208,208,0,105,0,1254,212
 5630,0,4443,1169,848,1904,2379,529,4313,4168,0,0,519,1365,0,2627,1179,640,1149,103,410,0,0,0,1246,4220,208,208,0,105,0,1254,212
 5635,0,4448,1169,848,1904,2379,529,4318,4173,0,0,519,1365,0,2627,1179,640,1149,103,410,0,0,0,1246,4220,208,208,0,105,0,1254,212
 5640,0,4453,1169,848,1904,2379,529,4323,4178,0,0,519,1365,0,2627,1179,640,1149,103,410,0,0,0,1246,4220,208,208,0,105,0,1254,212
 5645,0,4458,1169,848,1904,2379,529,4328,4183,0,0,519,1365,0,2627,1179,640,1149,103,410,0,0,0,1246,4220,208,208,0,105,0,1254,212
 5650,0,4463,1169,848,1904,2379,529,4333,4188,0,0,519,1365,0,2627,1179,640,1149,103,410,0,0,0,1246,4220,208,208,0,105,0,1254,212
 5655,0,4468,1169,848,1904,2379,529,4338,4193,0,0,519,1365,0,2627,1179,640,1149,103,410,0,0,0,1246,4220,208,208,0,105,0,1254,212
 5660,0,4473,1169,848,1904,2379,529,4343,4198,0,0,519,1365,0,2627,1179,640,1149,103,410,0,0,0,1246,4220,208,208,0,105,0,1254,212
 5665,0,4478,1169,848,1904,2379,529,4348,4202,0,0,519,1365,0,2627,1179,640,1149,103,410,0,0,0,1246,4220,208,208,0,105,0,1254,212
 5670,0,4483,1169,848,1904,2379,529,4353,4202,0,0,519,1365,0,2627,1179,640,1149,103,410,0,0,0,1246,4219,208,208,0,105,0,1254,212
 5675,0,4488,1169,848,1904,2379,529,4358,4202,0,0,519,1365,0,2627,1179,640,1149,103,410,0,0,0,1246,4224,208,208,0,105,0,1254,212
 5680,0,4493,1169,848,1904,2379,529,4363,4205,0,0,519,1365,0,2627,1179,640,1149,103,410,0,0,0,1246,4229,208,208,0,105,0,1254,212
 5685,0,4498,1169,848,1904,2379,529,4368,4210,0,0,519,1365,0,2627,1179,640,1149,103,410,0,0,0,1246,4234,208,208,0,105,0,1254,212
 5690,0,4503,1169,848,1904,2379,529,4373,4215,0,0,519,1365,0,2627,1179,640,1149,103,410,0,0,0,1246,4239,208,208,0,105,0,1254,212
 5695,0,4508,1169,848,1904,2379,529,4378,4220,0,0,519,1365,0,2627,1179,640,1149,103,410,0,0,0,1246,4244,208,208,0,105,0,1254,212
 5700,0,4513,1169,848,1904,2379,529,4383,4225,0,0,519,1365,0,2627,1179,640,1149,103,410,0,0,0,1246,4249,208,208,0,105,0,1254,212
 5705,0,4517,1169,848,1904,2379,529,4388,4230,0,0,519,1365,0,2627,1179,640,1149,103,410,0,0,0,1246,4254,208,208,0,105,0,1254,212
 5710,0,4517,1169,848,1904,2379,529,4390,4235,0,0,519,1365,0,2627,1179,640,1149,103,410,0,0,0,1246,4259,208,208,0,105,0,1254,212
 5715,0,4517,1169,848,1904,2379,529,4390,4240,0,0,519,1365,0,2627,1179,640,1149,103,410,0,0,0,1246,4264,208,208,0,105,0,1254,212
 5720,0,4517,1169,848,1904,2379,529,4390,4245,0,0,519,1365,0,2627,1179,640,1149,103,410,0,0,0,1246,4269,208,208,0,105,0,1254,212
 5725,0,4517,1169,848,1904,2379,529,4390,4250,0,0,519,1365,0,2627,1179,640,1149,103,410,0,0,0,1246,4274,208,208,0,105,0,1254,212
 5730,0,4517,1169,848,1904,2379,529,4390,4255,0,0,519,1365,0,2627,1179,640,1149,103,410,0,0,0,1246,4279,208,208,0,105,0,1254,212
 5735,0,4517,1169,848,1904,2379,529,4390,4260,0,0,519,1365,0,2627,1179,640,1149,103,410,0,0,0,1246,4284,208,208,0,105,0,1254,212
 5740,0,4517,1169,848,1904,2379,529,4390,4265,0,0,519,1365,0,2627,1179,640,1149,103,410,0,0,0,1246,4289,208,208,0,105,0,1254,212
 5745,0,4517,1169,848,1904,2379,529,4390,4270,0,0,519,1365,0,2627,1179,640,1149,103,410,0,0,0,1246,4294,208,208,0,105,0,1254,212
 5750,0,4517,1169,848,1904,2379,529,4390,4275,0,0,519,1365,0,2627,1179,640,1149,103,410,0,0,0,1246,4299,208,208,0,105,0,1254,212
 5755,0,4517,1169,848,1904,2379,529,4391,4280,0,0,519,1365,0,2627,1179,640,1149,103,410,0,0,0,1246,4304,208,208,0,105,0,1254,212
 5760,0,4517,1169,848,1904,2379,529,4396,4285,0,0,519,1365,0,2627,1179,640,1149,103,410,0,0,0,1246,4309,208,208,0,105,0,1254,212
 5765,0,4517,1169,848,1904,2379,529,4401,4290,0,0,519,1365,0,2627,1179,640,1149,103,410,0,0,0,1246,4314,208,208,0,105,0,1254,212
 5770,0,4517,1169,848,1904,2379,529,4406,4295,0,0,519,1365,0,2627,1179,640,1149,103,410,0,0,0,1246,4319,208,208,0,105,0,1254,212
 5775,0,4519,1169,848,1904,2379,529,4411,4300,0,0,519,1365,0,2627,1179,640,1149,103,410,0,0,0,1246,4324,208,208,0,105,0,1254,212
 5780,0,4524,1169,848,1904,2379,529,4416,4305,0,0,519,1365,0,2627,1179,640,1149,103,410,0,0,0,1246,4327,208,208,0,105,0,1254,212
 5785,0,4529,1169,848,1904,2379,529,4421,4311,0,0,519,1365,0,2627,1179,640,1149,103,410,0,0,0,1246,4327,208,208,0,105,0,1254,212
 5790,0,4534,1169,848,1904,2379,529,4426,4311,0,0,519,1365,0,2627,1179,640,1149,103,410,0,0,0,1246,4327,208,208,0,105,0,1254,212
 5795,0,4539,1169,848,1904,2379,529,4431,4311,0,0,519,1365,0,2627,1179,640,1149,103,410,0,0,0,1246,4327,208,208,0,105,0,1254,212
 5800,0,4544,1169,848,1904,2379,529,4436,4316,0,0,519,1365,0,2627,1179,640,1149,103,410,0,0,0,1246,4327,208,208,0,105,0,1254,212
 5805,0,4549,1169,848,1904,2379,529,4441,4321,0,0,519,1365,0,2627,1179,640,1149,103,410,0,0,0,1246,4332,208,208,0,105,0,1254,212
 5810,0,4554,1169,848,1904,2379,529,4446,4326,0,0,519,1365,0,2627,1179,640,1149,103,410,0,0,0,1246,4337,208,208,0,105,0,1254,212
 5815,0,4559,1169,848,1904,2379,529,4451,4331,0,0,519,1365,0,2627,1179,640,1149,103,410,0,0,0,1246,4342,208,208,0,105,0,1254,212
 5820,0,4564,1169,848,1904,2379,529,4456,4336,0,0,519,1365,0,2627,1179,640,1149,103,410,0,0,0,1246,4347,208,208,0,105,0,1254,212
 5825,0,4569,1169,848,1904,2379,529,4461,4341,0,0,519,1365,0,2627,1179,640,1149,103,410,0,0,0,1246,4352,208,208,0,105,0,1254,212
 5830,0,4574,1169,848,1904,2379,529,4466,4346,0,0,519,1365,0,2627,1179,640,1149,103,410,0,0,0,1246,4357,208,208,0,105,0,1254,212
 5835,0,4579,1169,848,1904,2379,529,4471,4351,0,0,519,1365,0,2627,1179,640,1149,103,410,0,0,0,1246,4362,208,208,0,105,0,1254,212
 5840,0,4584,1169,848,1904,2379,529,4476,4356,0,0,519,1365,0,2627,1179,640,1149,103,410,0,0,0,1246,4367,208,208,0,105,0,1254,212
 5845,0,4589,1169,848,1904,2379,529,4481,4361,0,0,519,1365,0,2627,1179,640,1149,103,410,0,0,0,1246,4372,208,208,0,105,0,1254,212
 5850,0,4594,1169,848,1904,2379,529,4486,4366,0,0,519,1365,0,2627,1179,640,1149,103,410,0,0,0,1246,4377,208,208,0,105,0,1254,212
 5855,0,4599,1169,848,1904,2379,529,4491,4371,0,0,519,1365,0,2627,1179,640,1149,103,410,0,0,0,1246,4382,208,208,0,105,0,1254,212
 5860,0,4604,1169,848,1904,2379,529,4493,4376,0,0,519,1365,0,2627,1179,640,1149,103,410,0,0,0,1246,4387,208,208,0,105,0,1254,212
 5865,0,4609,1169,848,1904,2379,529,4493,4381,0,0,519,1365,0,2627,1179,640,1149,103,410,0,0,0,1246,4392,208,208,0,105,0,1254,212
 5870,0,4614,1169,848,1904,2379,529,4493,4386,0,0,519,1365,0,2627,1179,640,1149,103,410,0,0,0,1246,4397,208,208,0,105,0,1254,212
 5875,0,4619,1169,848,1904,2379,529,4496,4391,0,0,519,1365,0,2627,1179,640,1149,103,410,0,0,0,1246,4402,208,208,0,105,0,1254,212
 5880,0,4622,1169,848,1904,2379,529,4501,4396,0,0,519,1365,0,2627,1179,640,1149,103,410,0,0,0,1246,4407,208,208,0,105,0,1254,212
 5885,0,4622,1169,848,1904,2379,529,4506,4401,0,0,519,1365,0,2627,1179,640,1149,103,410,0,0,0,1246,4412,208,208,0,105,0,1254,212
 5890,0,4622,1169,848,1904,2379,529,4511,4406,0,0,519,1365,0,2627,1179,640,1149,103,410,0,0,0,1246,4417,208,208,0,105,0,1254,212
 5895,0,4622,1169,848,1904,2379,529,4516,4411,0,0,519,1365,0,2627,1179,640,1149,103,410,0,0,0,1246,4422,208,208,0,105,0,1254,212
 5900,0,4622,1169,848,1904,2379,529,4521,4414,0,0,519,1365,0,2627,1178,640,1149,103,410,0,0,0,1246,4428,208,208,0,105,0,1254,212
 5905,0,4622,1169,848,1904,2379,529,4526,4414,0,0,519,1365,0,2627,1183,640,1149,103,410,0,0,0,1246,4428,208,208,0,105,0,1254,212
 5910,0,4622,1169,848,1904,2379,529,4531,4414,0,0,519,1365,0,2627,1188,640,1149,103,410,0,0,0,1246,4428,208,208,0,105,0,1254,212
 5915,0,4622,1169,848,1904,2379,529,4536,4414,0,0,519,1365,0,2627,1193,640,1149,103,410,0,0,0,1246,4428,208,208,0,105,0,1254,212
 5920,0,4622,1169,848,1904,2379,529,4541,4414,0,0,519,1365,0,2627,1198,640,1149,103,410,0,0,0,1246,4428,208,208,0,105,0,1254,212
 5925,0,4622,1169,848,1904,2379,529,4546,4414,0,0,519,1365,0,2627,1203,640,1149,103,410,0,0,0,1246,4428,208,208,0,105,0,1254,212
 5930,0,4622,1169,848,1904,2379,529,4551,4414,0,0,519,1365,0,2627,1208,640,1149,103,410,0,0,0,1246,4428,208,208,0,105,0,1254,212
 5935,0,4622,1169,848,1904,2379,529,4556,4414,0,0,519,1365,0,2627,1213,640,1149,103,410,0,0,0,1246,4428,208,208,0,105,0,1254,212
 5940,0,4622,1169,848,1904,2379,529,4561,4414,0,0,519,1365,0,2627,1218,640,1149,103,410,0,0,0,1246,4428,208,208,0,105,0,1254,212
 5945,0,4622,1169,848,1904,2379,529,4566,4414,0,0,519,1365,0,2627,1223,640,1149,103,410,0,0,0,1246,4428,208,208,0,105,0,1254,212
 5950,0,4622,1169,848,1904,2379,529,4571,4414,0,0,519,1365,0,2627,1228,640,1149,103,410,0,0,0,1246,4428,208,208,0,105,0,1254,212
 5955,0,4622,1169,848,1904,2379,529,4576,4414,0,0,519,1365,0,2627,1233,640,1149,103,410,0,0,0,1246,4428,208,208,0,105,0,1254,212
 5960,0,4622,1169,848,1904,2379,529,4581,4414,0,0,519,1365,0,2627,1238,640,1149,103,410,0,0,0,1246,4428,208,208,0,105,0,1254,212
 5965,0,4622,1169,848,1904,2379,529,4586,4414,0,0,519,1365,0,2627,1243,640,1149,103,410,0,0,0,1246,4428,208,208,0,105,0,1254,212
 5970,0,4622,1169,848,1904,2379,529,4591,4414,0,0,519,1365,0,2627,1248,640,1149,103,410,0,0,0,1246,4428,208,208,0,105,0,1254,212
 5975,0,4622,1169,848,1904,2379,529,4596,4414,0,0,519,1365,0,2627,1253,640,1149,103,410,0,0,0,1246,4428,208,208,0,105,0,1254,212
 5980,0,4622,1169,848,1904,2379,529,4600,4414,0,0,519,1365,0,2627,1258,640,1149,103,410,0,0,0,1246,4428,208,208,0,105,0,1254,212
 5985,0,4622,1169,848,1904,2379,529,4600,4414,0,0,519,1365,0,2627,1263,640,1149,103,410,0,0,0,1246,4428,208,208,0,105,0,1254,212
 5990,0,4622,1169,848,1904,2379,529,4600,4414,0,0,519,1365,0,2627,1268,640,1149,103,410,0,0,0,1246,4428,208,208,0,105,0,1254,212
 5995,0,4622,1169,848,1904,2379,529,4600,4414,0,0,519,1365,0,2627,1273,640,1149,103,410,0,0,0,1246,4428,208,208,0,105,0,1254,212
 6000,0,4622,1169,848,1904,2379,529,4600,4414,0,0,519,1365,0,2627,1278,640,1149,103,410,0,0,0,1246,4428,208,208,0,105,0,1254,212
 6005,0,4622,1169,848,1904,2379,529,4600,4414,0,0,519,1365,0,2627,1283,640,1149,103,410,0,0,0,1246,4428,208,208,0,105,0,1254,212
 6010,0,4622,1169,848,1904,2379,529,4600,4414,0,0,519,1365,0,2627,1288,640,1149,103,410,0,0,0,1246,4428,208,208,0,105,0,1254,212
 6015,0,4622,1169,848,1904,2379,529,4600,4417,0,0,519,1365,0,2627,1288,640,1149,103,410,0,0,0,1246,4428,208,208,0,105,0,1254,212
 6020,0,4622,1169,848,1904,2379,529,4600,4422,0,0,519,1365,0,2627,1288,640,1149,103,410,0,0,0,1246,4428,208,208,0,105,0,1254,212
 6025,0,4622,1169,848,1904,2379,529,4600,4427,0,0,519,1365,0,2627,1288,640,1149,103,410,0,0,0,1246,4428,208,208,0,105,0,1254,212
 6030,0,4622,1169,848,1904,2379,529,4600,4432,0,0,519,1365,0,2627,1288,640,1149,103,410,0,0,0,1246,4428,208,208,0,105,0,1254,212
 6035,0,4623,1169,848,1904,2379,529,4600,4437,0,0,519,1365,0,2627,1288,640,1149,103,410,0,0,0,1246,4428,208,208,0,105,0,1254,212
 6040,0,4628,1169,848,1904,2379,529,4603,4442,0,0,519,1365,0,2627,1288,640,1149,103,410,0,0,0,1246,4428,208,208,0,105,0,1254,212
 6045,0,4633,1169,848,1904,2379,529,4608,4447,0,0,519,1365,0,2627,1288,640,1149,103,410,0,0,0,1246,4428,208,208,0,105,0,1254,212
 6050,0,4638,1169,848,1904,2379,529,4613,4452,0,0,519,1365,0,2627,1288,640,1149,103,410,0,0,0,1246,4433,208,208,0,105,0,1254,212
 6055,0,4643,1169,848,1904,2379,529,4618,4457,0,0,519,1365,0,2627,1288,640,1149,103,410,0,0,0,1246,4438,208,208,0,105,0,1254,212
 6060,0,4648,1169,848,1904,2379,529,4623,4462,0,0,519,1365,0,2627,1288,640,1149,103,410,0,0,0,1246,4443,208,208,0,105,0,1254,212
 6065,0,4653,1169,848,1904,2379,529,4628,4467,0,0,519,1365,0,2627,1288,640,1149,103,410,0,0,0,1246,4448,208,208,0,105,0,1254,212
 6070,0,4658,1169,848,1904,2379,529,4633,4472,0,0,519,1365,0,2627,1288,640,1149,103,410,0,0,0,1246,4453,208,208,0,105,0,1254,212
 6075,0,4663,1169,848,1904,2379,529,4638,4477,0,0,519,1365,0,2627,1288,640,1149,103,410,0,0,0,1246,4458,208,208,0,105,0,1254,212
 6080,0,4668,1169,848,1904,2379,529,4643,4482,0,0,519,1365,0,2627,1288,640,1149,103,410,0,0,0,1246,4463,208,208,0,105,0,1254,212
 6085,0,4673,1169,848,1904,2379,529,4648,4487,0,0,519,1365,0,2627,1288,640,1149,103,410,0,0,0,1246,4468,208,208,0,105,0,1254,212
 6090,0,4678,1169,848,1904,2379,529,4653,4492,0,0,519,1365,0,2627,1288,640,1149,103,410,0,0,0,1246,4473,208,208,0,105,0,1254,212
 6095,0,4683,1169,848,1904,2379,529,4658,4497,0,0,519,1365,0,2627,1288,640,1149,103,410,0,0,0,1246,4478,208,208,0,105,0,1254,212
 6100,0,4688,1169,848,1904,2379,529,4663,4502,0,0,519,1365,0,2627,1288,640,1149,103,410,0,0,0,1246,4483,208,208,0,105,0,1254,212
 6105,0,4693,1169,848,1904,2379,529,4668,4507,0,0,519,1365,0,2627,1288,640,1149,103,410,0,0,0,1246,4488,208,208,0,105,0,1254,212
 6110,0,4698,1169,848,1904,2379,529,4673,4512,0,0,519,1365,0,2627,1288,640,1149,103,410,0,0,0,1246,4493,208,208,0,105,0,1254,212
 6115,0,4703,1169,848,1904,2379,529,4678,4517,0,0,519,1365,0,2627,1288,640,1149,103,410,0,0,0,1246,4498,208,208,0,105,0,1254,212
 6120,0,4708,1169,848,1904,2379,529,4683,4519,0,0,519,1365,0,2627,1288,640,1149,103,410,0,0,0,1246,4503,208,208,0,105,0,1254,212
 6125,0,4713,1169,848,1904,2379,529,4688,4519,0,0,519,1365,0,2627,1288,640,1149,103,410,0,0,0,1246,4508,208,208,0,105,0,1254,212
 6130,0,4718,1169,848,1904,2379,529,4693,4519,0,0,519,1365,0,2627,1288,640,1149,103,410,0,0,0,1246,4513,208,208,0,105,0,1254,212
 6135,0,4723,1169,848,1904,2379,529,4698,4519,0,0,519,1365,0,2627,1288,640,1149,103,410,0,0,0,1246,4518,208,208,0,105,0,1254,212
 6140,0,4725,1169,848,1904,2379,529,4703,4519,0,0,519,1365,0,2627,1288,640,1149,103,410,0,0,0,1246,4523,208,208,0,105,0,1254,212
 6145,0,4725,1169,848,1904,2379,529,4707,4519,0,0,519,1365,0,2627,1288,640,1149,103,410,0,0,0,1246,4528,208,208,0,105,0,1254,212
 6150,0,4725,1169,848,1904,2379,529,4707,4519,0,0,519,1365,0,2627,1288,640,1149,103,410,0,0,0,1246,4533,208,208,0,105,0,1254,212
 6155,0,4725,1169,848,1904,2379,529,4707,4519,0,0,519,1365,0,2627,1288,640,1149,103,410,0,0,0,1246,4533,208,208,0,105,0,1254,212
 6160,0,4725,1169,848,1904,2379,529,4707,4519,0,0,519,1365,0,2627,1288,640,1149,103,410,0,0,0,1246,4533,208,208,0,105,0,1254,212
 6165,0,4725,1169,848,1904,2379,529,4707,4519,0,0,519,1365,0,2627,1288,640,1149,103,410,0,0,0,1246,4533,208,208,0,105,0,1254,212
 6170,0,4725,1169,848,1904,2379,529,4707,4519,0,0,519,1365,0,2627,1288,640,1149,103,410,0,0,0,1246,4533,208,208,0,105,0,1254,212
 6175,0,4725,1169,848,1904,2379,529,4707,4519,0,0,519,1365,0,2627,1288,640,1149,103,410,0,0,0,1246,4533,208,208,0,105,0,1254,212
 6180,0,4725,1169,848,1904,2379,529,4707,4519,0,0,519,1365,0,2627,1288,640,1149,103,410,0,0,0,1246,4533,208,208,0,105,0,1254,212
 6185,0,4725,1169,848,1904,2379,529,4707,4519,0,0,519,1365,0,2627,1288,640,1149,103,410,0,0,0,1246,4533,208,208,0,105,0,1254,212
 6190,0,4725,1169,848,1904,2379,529,4707,4519,0,0,519,1365,0,2627,1288,640,1149,103,410,0,0,0,1246,4533,208,208,0,105,0,1254,212
 6195,0,4725,1169,848,1904,2379,529,4707,4519,0,0,519,1365,0,2627,1288,640,1149,103,410,0,0,0,1246,4533,208,208,0,105,0,1254,212
 6200,0,4725,1169,848,1904,2379,529,4707,4519,0,0,519,1365,0,2627,1288,640,1149,103,410,0,0,0,1246,4533,208,208,0,105,0,1254,212
 6205,0,4725,1169,848,1904,2379,529,4707,4519,0,0,519,1365,0,2627,1288,640,1149,103,410,0,0,0,1246,4533,208,208,0,105,0,1254,212
 6210,0,4726,1169,848,1904,2379,529,4707,4519,0,0,519,1365,0,2627,1288,640,1149,103,410,0,0,0,1246,4533,208,208,0,105,0,1254,212
 6215,0,4731,1169,848,1904,2379,529,4707,4519,0,0,519,1365,0,2627,1288,640,1149,103,410,0,0,0,1246,4533,208,208,0,105,0,1254,212
 6220,0,4736,1169,848,1904,2379,529,4707,4519,0,0,519,1365,0,2627,1288,640,1149,103,410,0,0,0,1246,4533,208,208,0,105,0,1254,212
 6225,0,4741,1169,848,1904,2379,529,4707,4519,0,0,519,1365,0,2627,1288,640,1149,103,410,0,0,0,1246,4533,208,208,0,105,0,1254,212
 6230,0,4746,1169,848,1904,2379,529,4707,4519,0,0,519,1365,0,2627,1288,640,1149,103,410,0,0,0,1246,4533,208,208,0,105,0,1254,212
 6235,0,4751,1169,848,1904,2379,529,4707,4519,0,0,519,1365,0,2627,1288,640,1149,103,410,0,0,0,1246,4533,208,208,0,105,0,1254,212
 6240,0,4756,1169,848,1904,2379,529,4707,4519,0,0,519,1365,0,2627,1288,640,1149,103,410,0,0,0,1246,4533,208,208,0,105,0,1254,212
 6245,0,4761,1169,848,1904,2379,529,4707,4519,0,0,519,1365,0,2627,1288,640,1149,103,410,0,0,0,1246,4533,208,208,0,105,0,1254,212
 6250,0,4766,1169,848,1904,2379,529,4707,4519,0,0,519,1365,0,2627,1288,640,1149,103,410,0,0,0,1246,4533,208,208,0,105,0,1254,212
 6255,0,4771,1169,848,1904,2379,529,4707,4519,0,0,519,1365,0,2627,1288,640,1149,103,410,0,0,0,1246,4533,208,208,0,105,0,1254,212
 6260,0,4776,1169,848,1904,2379,529,4707,4519,0,0,519,1365,0,2627,1288,640,1149,103,410,0,0,0,1246,4533,208,208,0,105,0,1254,212
 6265,0,4781,1169,848,1904,2379,529,4707,4519,0,0,519,1365,0,2627,1288,640,1149,103,410,0,0,0,1246,4533,208,208,0,105,0,1254,212
 6270,0,4786,1169,848,1904,2379,529,4707,4519,0,0,519,1365,0,2627,1288,640,1149,103,410,0,0,0,1246,4536,208,208,0,105,0,1254,212
 6275,0,4791,1169,848,1904,2379,529,4707,4519,0,0,519,1365,0,2627,1288,640,1149,103,410,0,0,0,1246,4541,208,208,0,105,0,1254,212
 6280,0,4796,1169,848,1904,2379,529,4707,4519,0,0,519,1365,0,2627,1288,640,1149,103,410,0,0,0,1246,4546,208,208,0,105,0,1254,212
 6285,0,4801,1169,848,1904,2379,529,4708,4524,0,0,519,1365,0,2627,1288,640,1149,103,410,0,0,0,1246,4551,208,208,0,105,0,1254,212
 6290,0,4806,1169,848,1904,2379,529,4713,4529,0,0,519,1365,0,2627,1288,640,1149,103,410,0,0,0,1246,4556,208,208,0,105,0,1254,212
 6295,0,4811,1169,848,1904,2379,529,4718,4534,0,0,519,1365,0,2627,1288,640,1149,103,410,0,0,0,1246,4561,208,208,0,105,0,1254,212
 6300,0,4816,1169,848,1904,2379,529,4723,4539,0,0,519,1365,0,2627,1288,640,1149,103,410,0,0,0,1246,4566,208,208,0,105,0,1254,212
 6305,0,4821,1169,848,1904,2379,529,4728,4544,0,0,519,1365,0,2627,1288,640,1149,103,410,0,0,0,1246,4571,208,208,0,105,0,1254,212
 6310,0,4826,1169,848,1904,2379,529,4733,4549,0,0,519,1365,0,2627,1288,640,1149,103,410,0,0,0,1246,4576,208,208,0,105,0,1254,212
 6315,0,4832,1169,848,1904,2379,529,4738,4554,0,0,519,1365,0,2627,1288,640,1149,103,410,0,0,0,1246,4581,208,208,0,105,0,1254,212
 6320,0,4832,1169,848,1904,2379,529,4743,4559,0,0,519,1365,0,2627,1288,640,1149,103,410,0,0,0,1246,4586,208,208,0,105,0,1254,212
 6325,0,4832,1169,848,1904,2379,529,4748,4564,0,0,519,1365,0,2627,1288,640,1149,103,410,0,0,0,1246,4591,208,208,0,105,0,1254,212
 6330,0,4832,1169,848,1904,2379,529,4753,4569,0,0,519,1365,0,2627,1288,640,1149,103,410,0,0,0,1246,4596,208,208,0,105,0,1254,212
 6335,0,4832,1169,848,1904,2379,529,4758,4574,0,0,519,1365,0,2627,1288,640,1149,103,410,0,0,0,1246,4601,208,208,0,105,0,1254,212
 6340,0,4832,1169,848,1904,2379,529,4763,4579,0,0,519,1365,0,2627,1288,640,1149,103,410,0,0,0,1246,4606,208,208,0,105,0,1254,212
 6345,0,4832,1169,848,1904,2379,529,4768,4584,0,0,519,1365,0,2627,1288,640,1149,103,410,0,0,0,1246,4611,208,208,0,105,0,1254,212
 6350,0,4832,1169,848,1904,2379,529,4773,4589,0,0,519,1365,0,2627,1288,640,1149,103,410,0,0,0,1246,4616,208,208,0,105,0,1254,212
 6355,0,4832,1169,848,1904,2379,529,4778,4594,0,0,519,1365,0,2627,1288,640,1149,103,410,0,0,0,1246,4621,208,208,0,105,0,1254,212
 6360,0,4832,1169,848,1904,2379,529,4783,4599,0,0,519,1365,0,2627,1288,640,1149,103,410,0,0,0,1246,4626,208,208,0,105,0,1254,212
 6365,0,4832,1169,848,1904,2379,529,4788,4604,0,0,519,1365,0,2627,1288,640,1149,103,410,0,0,0,1246,4631,208,208,0,105,0,1254,212
 6370,0,4832,1169,848,1904,2379,529,4793,4609,0,0,519,1365,0,2627,1288,640,1149,103,410,0,0,0,1246,4636,208,208,0,105,0,1254,212
 6375,0,4832,1169,848,1904,2379,529,4798,4614,0,0,519,1365,0,2627,1288,640,1149,103,410,0,0,0,1246,4638,208,208,0,105,0,1254,212
 6380,0,4832,1169,848,1904,2379,529,4803,4619,0,0,519,1365,0,2627,1288,640,1149,103,410,0,0,0,1246,4638,208,208,0,105,0,1254,212
 6385,0,4832,1169,848,1904,2379,529,4808,4624,0,0,519,1365,0,2627,1288,640,1149,103,410,0,0,0,1246,4638,208,208,0,105,0,1254,212
 6390,0,4833,1169,848,1904,2379,529,4810,4624,0,0,519,1365,0,2627,1288,640,1149,103,410,0,0,0,1246,4638,208,208,0,105,0,1254,212
 6395,0,4838,1169,848,1904,2379,529,4810,4624,0,0,519,1365,0,2627,1288,640,1149,103,410,0,0,0,1246,4638,208,208,0,105,0,1254,212
 6400,0,4843,1169,848,1904,2379,529,4810,4624,0,0,519,1365,0,2627,1288,640,1149,103,410,0,0,0,1246,4638,208,208,0,105,0,1254,212
 6405,0,4848,1169,848,1904,2379,529,4810,4624,0,0,519,1365,0,2627,1288,640,1149,103,410,0,0,0,1246,4638,208,208,0,105,0,1254,212
 6410,0,4853,1169,848,1904,2379,529,4810,4624,0,0,519,1365,0,2627,1288,640,1149,103,410,0,0,0,1246,4638,208,208,0,105,0,1254,212
 6415,0,4858,1169,848,1904,2379,529,4810,4624,0,0,519,1365,0,2627,1288,640,1149,103,410,0,0,0,1246,4638,208,208,0,105,0,1254,212
 6420,0,4863,1169,848,1904,2379,529,4810,4624,0,0,519,1365,0,2627,1288,640,1149,103,410,0,0,0,1246,4638,208,208,0,105,0,1254,212
 6425,0,4868,1169,848,1904,2379,529,4810,4624,0,0,519,1365,0,2627,1288,640,1149,103,410,0,0,0,1246,4638,208,208,0,105,0,1254,212
 6430,0,4873,1169,848,1904,2379,529,4810,4624,0,0,519,1365,0,2627,1288,640,1149,103,410,0,0,0,1246,4638,208,208,0,105,0,1254,212
 6435,0,4878,1169,848,1904,2379,529,4810,4626,0,0,519,1365,0,2627,1288,640,1149,103,410,0,0,0,1246,4638,208,208,0,105,0,1254,212
 6440,0,4883,1169,848,1904,2379,529,4810,4631,0,0,519,1365,0,2627,1288,640,1149,103,410,0,0,0,1246,4638,208,208,0,105,0,1254,212
 6445,0,4888,1169,848,1904,2379,529,4810,4636,0,0,519,1365,0,2627,1288,640,1149,103,410,0,0,0,1246,4638,208,208,0,105,0,1254,212
 6450,0,4893,1169,848,1904,2379,529,4810,4641,0,0,519,1365,0,2627,1288,640,1149,103,410,0,0,0,1246,4638,208,208,0,105,0,1254,212
 6455,0,4898,1169,848,1904,2379,529,4810,4646,0,0,519,1365,0,2627,1288,640,1149,103,410,0,0,0,1246,4638,208,208,0,105,0,1254,212
 6460,0,4903,1169,848,1904,2379,529,4810,4651,0,0,519,1365,0,2627,1288,640,1149,103,410,0,0,0,1246,4637,208,208,0,105,0,1254,212
 6465,0,4908,1169,848,1904,2379,529,4810,4656,0,0,519,1365,0,2627,1288,640,1149,103,410,0,0,0,1246,4642,208,208,0,105,0,1254,212
 6470,0,4913,1169,848,1904,2379,529,4810,4661,0,0,519,1365,0,2627,1288,640,1149,103,410,0,0,0,1246,4647,208,208,0,105,0,1254,212
 6475,0,4918,1169,848,1904,2379,529,4810,4666,0,0,519,1365,0,2627,1288,640,1149,103,410,0,0,0,1246,4652,208,208,0,105,0,1254,212
 6480,0,4923,1169,848,1904,2379,529,4815,4671,0,0,519,1365,0,2627,1288,640,1149,103,410,0,0,0,1246,4657,208,208,0,105,0,1254,212
 6485,0,4928,1169,848,1904,2379,529,4820,4676,0,0,519,1365,0,2627,1288,640,1149,103,410,0,0,0,1246,4662,208,208,0,105,0,1254,212
 6490,0,4933,1169,848,1904,2379,529,4825,4681,0,0,519,1365,0,2627,1288,640,1149,103,410,0,0,0,1246,4667,208,208,0,105,0,1254,212
 6495,0,4937,1169,848,1904,2379,529,4830,4686,0,0,519,1365,0,2627,1288,640,1149,103,410,0,0,0,1246,4672,208,208,0,105,0,1254,212
 6500,0,4937,1169,848,1904,2379,529,4835,4691,0,0,519,1365,0,2627,1288,640,1149,103,410,0,0,0,1246,4677,208,208,0,105,0,1254,212
 6505,0,4937,1169,848,1904,2379,529,4840,4696,0,0,519,1365,0,2627,1288,640,1149,103,410,0,0,0,1246,4682,208,208,0,105,0,1254,212
 6510,0,4937,1169,848,1904,2379,529,4845,4701,0,0,519,1365,0,2627,1288,640,1149,103,410,0,0,0,1246,4687,208,208,0,105,0,1254,212
 6515,0,4937,1169,848,1904,2379,529,4850,4706,0,0,519,1365,0,2627,1288,640,1149,103,410,0,0,0,1246,4692,208,208,0,105,0,1254,212
 6520,0,4937,1169,848,1904,2379,529,4855,4711,0,0,519,1365,0,2627,1288,640,1149,103,410,0,0,0,1246,4697,208,208,0,105,0,1254,212
 6525,0,4937,1169,848,1904,2379,529,4860,4716,0,0,519,1365,0,2627,1288,640,1149,103,410,0,0,0,1246,4702,208,208,0,105,0,1254,212
 6530,0,4937,1169,848,1904,2379,529,4865,4721,0,0,519,1365,0,2627,1288,640,1149,103,410,0,0,0,1246,4707,208,208,0,105,0,1254,212
 6535,0,4937,1169,848,1904,2379,529,4870,4726,0,0,519,1365,0,2627,1288,640,1149,103,410,0,0,0,1246,4712,208,208,0,105,0,1254,212
 6540,0,4937,1169,848,1904,2379,529,4875,4729,0,0,519,1365,0,2627,1288,640,1149,103,410,0,0,0,1246,4717,208,208,0,105,0,1254,212
 6545,0,4937,1169,848,1904,2379,529,4880,4729,0,0,519,1365,0,2627,1288,640,1149,103,410,0,0,0,1246,4722,208,208,0,105,0,1254,212
 6550,0,4937,1169,848,1904,2379,529,4885,4729,0,0,519,1365,0,2627,1288,640,1149,103,410,0,0,0,1246,4727,208,208,0,105,0,1254,212
 6555,0,4937,1169,848,1904,2379,529,4890,4729,0,0,519,1365,0,2627,1288,640,1149,103,410,0,0,0,1246,4732,208,208,0,105,0,1254,212
 6560,0,4937,1169,848,1904,2379,529,4895,4734,0,0,519,1365,0,2627,1288,640,1149,103,410,0,0,0,1246,4737,208,208,0,105,0,1254,212
 6565,0,4937,1169,848,1904,2379,529,4900,4739,0,0,519,1365,0,2627,1288,640,1149,103,410,0,0,0,1246,4741,208,208,0,105,0,1254,212
 6570,0,4937,1169,848,1904,2379,529,4905,4744,0,0,519,1365,0,2627,1288,640,1149,103,410,0,0,0,1246,4741,208,208,0,105,0,1254,212
 6575,0,4937,1169,848,1904,2379,529,4910,4749,0,0,519,1365,0,2627,1288,640,1149,103,410,0,0,0,1246,4741,208,208,0,105,0,1254,212
 6580,0,4937,1169,848,1904,2379,529,4915,4754,0,0,519,1365,0,2627,1288,640,1149,103,410,0,0,0,1246,4741,208,208,0,105,0,1254,212
 6585,0,4937,1169,848,1904,2379,529,4915,4759,0,0,519,1365,0,2627,1288,640,1149,103,410,0,0,0,1246,4741,208,208,0,105,0,1254,212
 6590,0,4937,1169,848,1904,2379,529,4915,4764,0,0,519,1365,0,2627,1288,640,1149,103,410,0,0,0,1246,4741,208,208,0,105,0,1254,212
 6595,0,4937,1169,848,1904,2379,529,4915,4769,0,0,519,1365,0,2627,1288,640,1149,103,410,0,0,0,1246,4741,208,208,0,105,0,1254,212
 6600,0,4937,1169,848,1904,2379,529,4915,4774,0,0,519,1365,0,2627,1288,640,1149,103,410,0,0,0,1246,4741,208,208,0,105,0,1254,212
 6605,0,4937,1169,848,1904,2379,529,4915,4779,0,0,519,1365,0,2627,1288,640,1149,103,410,0,0,0,1246,4741,208,208,0,105,0,1254,212
 6610,0,4937,1169,848,1904,2379,529,4915,4784,0,0,519,1365,0,2627,1288,640,1149,103,410,0,0,0,1246,4741,208,208,0,105,0,1254,212
 6615,0,4937,1169,848,1904,2379,529,4915,4789,0,0,519,1365,0,2627,1288,640,1149,103,410,0,0,0,1246,4741,208,208,0,105,0,1254,212
 6620,0,4937,1169,848,1904,2379,529,4915,4794,0,0,519,1365,0,2627,1288,640,1149,103,410,0,0,0,1246,4741,208,208,0,105,0,1254,212
 6625,0,4937,1169,848,1904,2379,529,4915,4799,0,0,519,1365,0,2627,1288,640,1149,103,410,0,0,0,1246,4741,208,208,0,105,0,1254,212
 6630,0,4937,1169,848,1904,2379,529,4915,4804,0,0,519,1365,0,2627,1288,640,1149,103,410,0,0,0,1246,4741,208,208,0,105,0,1254,212
 6635,0,4938,1169,848,1904,2379,529,4915,4809,0,0,519,1365,0,2627,1288,640,1149,103,410,0,0,0,1246,4741,208,208,0,105,0,1254,212
 6640,0,4943,1169,848,1904,2379,529,4915,4814,0,0,519,1365,0,2627,1288,640,1149,103,410,0,0,0,1246,4741,208,208,0,105,0,1254,212
 6645,0,4948,1169,848,1904,2379,529,4915,4819,0,0,519,1365,0,2627,1288,640,1149,103,410,0,0,0,1246,4741,208,208,0,105,0,1254,212
 6650,0,4953,1169,848,1904,2379,529,4918,4824,0,0,519,1365,0,2627,1288,640,1149,103,410,0,0,0,1246,4741,208,208,0,105,0,1254,212
 6655,0,4958,1169,848,1904,2379,529,4923,4829,0,0,519,1365,0,2627,1288,640,1149,103,410,0,0,0,1246,4741,208,208,0,105,0,1254,212
 6660,0,4963,1169,848,1904,2379,529,4928,4834,0,0,519,1365,0,2627,1288,640,1149,103,410,0,0,0,1246,4740,208,208,0,105,0,1254,212
 6665,0,4968,1169,848,1904,2379,529,4933,4836,0,0,519,1365,0,2627,1288,640,1149,103,410,0,0,0,1246,4745,208,208,0,105,0,1254,212
 6670,0,4973,1169,848,1904,2379,529,4938,4836,0,0,519,1365,0,2627,1288,640,1149,103,410,0,0,0,1246,4750,208,208,0,105,0,1254,212
 6675,0,4978,1169,848,1904,2379,529,4943,4836,0,0,519,1365,0,2627,1288,640,1149,103,410,0,0,0,1246,4755,208,208,0,105,0,1254,212
 6680,0,4983,1169,848,1904,2379,529,4948,4836,0,0,519,1365,0,2627,1288,640,1149,103,410,0,0,0,1246,4760,208,208,0,105,0,1254,212
 6685,0,4988,1169,848,1904,2379,529,4953,4836,0,0,519,1365,0,2627,1288,640,1149,103,410,0,0,0,1246,4765,208,208,0,105,0,1254,212
 6690,0,4993,1169,848,1904,2379,529,4958,4836,0,0,519,1365,0,2627,1288,640,1149,103,410,0,0,0,1246,4770,208,208,0,105,0,1254,212
 6695,0,4998,1169,848,1904,2379,529,4963,4836,0,0,519,1365,0,2627,1288,640,1149,103,410,0,0,0,1246,4775,208,208,0,105,0,1254,212
 6700,0,5003,1169,848,1904,2379,529,4968,4836,0,0,519,1365,0,2627,1288,640,1149,103,410,0,0,0,1246,4780,208,208,0,105,0,1254,212
 6705,0,5008,1169,848,1904,2379,529,4973,4836,0,0,519,1365,0,2627,1288,640,1149,103,410,0,0,0,1246,4785,208,208,0,105,0,1254,212
 6710,0,5013,1169,848,1904,2379,529,4978,4836,0,0,519,1365,0,2627,1288,640,1149,103,410,0,0,0,1246,4790,208,208,0,105,0,1254,212
 6715,0,5018,1169,848,1904,2379,529,4983,4836,0,0,519,1365,0,2627,1288,640,1149,103,410,0,0,0,1246,4795,208,208,0,105,0,1254,212
 6720,0,5023,1169,848,1904,2379,529,4988,4836,0,0,519,1365,0,2627,1288,640,1149,103,410,0,0,0,1246,4800,208,208,0,105,0,1254,212
 6725,0,5028,1169,848,1904,2379,529,4993,4836,0,0,519,1365,0,2627,1288,640,1149,103,410,0,0,0,1246,4805,208,208,0,105,0,1254,212
 6730,0,5033,1169,848,1904,2379,529,4998,4836,0,0,519,1365,0,2627,1288,640,1149,103,410,0,0,0,1246,4810,208,208,0,105,0,1254,212
 6735,0,5038,1169,848,1904,2379,529,5003,4836,0,0,519,1365,0,2627,1288,640,1149,103,410,0,0,0,1246,4815,208,208,0,105,0,1254,212
 6740,0,5044,1169,848,1904,2379,529,5008,4836,0,0,519,1365,0,2627,1288,640,1149,103,410,0,0,0,1246,4820,208,208,0,105,0,1254,212
 6745,0,5044,1169,848,1904,2379,529,5013,4836,0,0,519,1365,0,2627,1288,640,1149,103,410,0,0,0,1246,4825,208,208,0,105,0,1254,212
 6750,0,5044,1169,848,1904,2379,529,5018,4841,0,0,519,1365,0,2627,1288,640,1149,103,410,0,0,0,1246,4830,208,208,0,105,0,1254,212
 6755,0,5044,1169,848,1904,2379,529,5020,4846,0,0,519,1365,0,2627,1288,640,1149,103,410,0,0,0,1246,4835,208,208,0,105,0,1254,212
 6760,0,5044,1169,848,1904,2379,529,5020,4851,0,0,519,1365,0,2627,1288,640,1149,103,410,0,0,0,1246,4840,208,208,0,105,0,1254,212
 6765,0,5044,1169,848,1904,2379,529,5020,4856,0,0,519,1365,0,2627,1288,640,1149,103,410,0,0,0,1246,4844,208,208,0,105,0,1254,212
 6770,0,5044,1169,848,1904,2379,529,5020,4861,0,0,519,1365,0,2627,1288,640,1149,103,410,0,0,0,1246,4844,208,208,0,105,0,1254,212
 6775,0,5044,1169,848,1904,2379,529,5020,4866,0,0,519,1365,0,2627,1288,640,1149,103,410,0,0,0,1246,4844,208,208,0,105,0,1254,212
 6780,0,5044,1169,848,1904,2379,529,5020,4871,0,0,519,1365,0,2627,1288,640,1149,103,410,0,0,0,1246,4844,208,208,0,105,0,1254,212
 6785,0,5044,1169,848,1904,2379,529,5020,4876,0,0,519,1365,0,2627,1288,640,1149,103,410,0,0,0,1246,4844,208,208,0,105,0,1254,212
 6790,0,5044,1169,848,1904,2379,529,5020,4881,0,0,519,1365,0,2627,1288,640,1149,103,410,0,0,0,1246,4844,208,208,0,105,0,1254,212
 6795,0,5044,1169,848,1904,2379,529,5020,4886,0,0,519,1365,0,2627,1288,640,1149,103,410,0,0,0,1246,4844,208,208,0,105,0,1254,212
 6800,0,5044,1169,848,1904,2379,529,5020,4891,0,0,519,1365,0,2627,1288,640,1149,103,410,0,0,0,1246,4844,208,208,0,105,0,1254,212
 6805,0,5044,1169,848,1904,2379,529,5020,4896,0,0,519,1365,0,2627,1288,640,1149,103,410,0,0,0,1246,4844,208,208,0,105,0,1254,212
 6810,0,5044,1169,848,1904,2379,529,5020,4901,0,0,519,1365,0,2627,1288,640,1149,103,410,0,0,0,1246,4844,208,208,0,105,0,1254,212
 6815,0,5044,1169,848,1904,2379,529,5020,4906,0,0,519,1365,0,2627,1288,640,1149,103,410,0,0,0,1246,4844,208,208,0,105,0,1254,212
 6820,0,5046,1169,848,1904,2379,529,5020,4911,0,0,519,1365,0,2627,1288,640,1149,103,410,0,0,0,1246,4844,208,208,0,105,0,1254,212
 6825,0,5051,1169,848,1904,2379,529,5023,4916,0,0,519,1365,0,2627,1288,640,1149,103,410,0,0,0,1246,4844,208,208,0,105,0,1254,212
 6830,0,5056,1169,848,1904,2379,529,5028,4921,0,0,519,1365,0,2627,1288,640,1149,103,410,0,0,0,1246,4844,208,208,0,105,0,1254,212
 6835,0,5061,1169,848,1904,2379,529,5033,4926,0,0,519,1365,0,2627,1288,640,1149,103,410,0,0,0,1246,4844,208,208,0,105,0,1254,212
 6840,0,5066,1169,848,1904,2379,529,5038,4931,0,0,519,1365,0,2627,1288,640,1149,103,410,0,0,0,1246,4844,208,208,0,105,0,1254,212
 6845,0,5071,1169,848,1904,2379,529,5043,4936,0,0,519,1365,0,2627,1288,640,1149,103,410,0,0,0,1246,4844,208,208,0,105,0,1254,212
 6850,0,5076,1169,848,1904,2379,529,5048,4941,0,0,519,1365,0,2627,1288,640,1149,103,410,0,0,0,1246,4844,208,208,0,105,0,1254,212
 6855,0,5081,1169,848,1904,2379,529,5053,4943,0,0,519,1365,0,2627,1288,640,1149,103,410,0,0,0,1246,4843,208,208,0,105,0,1254,212
 6860,0,5086,1169,848,1904,2379,529,5058,4943,0,0,519,1365,0,2627,1288,640,1149,103,410,0,0,0,1246,4848,208,208,0,105,0,1254,212
 6865,0,5091,1169,848,1904,2379,529,5063,4943,0,0,519,1365,0,2627,1288,640,1149,103,410,0,0,0,1246,4853,208,208,0,105,0,1254,212
 6870,0,5096,1169,848,1904,2379,529,5068,4943,0,0,519,1365,0,2627,1288,640,1149,103,410,0,0,0,1246,4858,208,208,0,105,0,1254,212
 6875,0,5101,1169,848,1904,2379,529,5073,4943,0,0,519,1365,0,2627,1288,640,1149,103,410,0,0,0,1246,4863,208,208,0,105,0,1254,212
 6880,0,5106,1169,848,1904,2379,529,5078,4943,0,0,519,1365,0,2627,1288,640,1149,103,410,0,0,0,1246,4868,208,208,0,105,0,1254,212
 6885,0,5111,1169,848,1904,2379,529,5083,4943,0,0,519,1365,0,2627,1288,640,1149,103,410,0,0,0,1246,4873,208,208,0,105,0,1254,212
 6890,0,5116,1169,848,1904,2379,529,5088,4943,0,0,519,1365,0,2627,1288,640,1149,103,410,0,0,0,1246,4878,208,208,0,105,0,1254,212
 6895,0,5121,1169,848,1904,2379,529,5093,4943,0,0,519,1365,0,2627,1288,640,1149,103,410,0,0,0,1246,4883,208,208,0,105,0,1254,212
 6900,0,5126,1169,848,1904,2379,529,5098,4943,0,0,519,1365,0,2627,1288,640,1149,103,410,0,0,0,1246,4888,208,208,0,105,0,1254,212
 6905,0,5131,1169,848,1904,2379,529,5103,4946,0,0,519,1365,0,2627,1288,640,1149,103,410,0,0,0,1246,4893,208,208,0,105,0,1254,212
 6910,0,5136,1169,848,1904,2379,529,5108,4951,0,0,519,1365,0,2627,1288,640,1149,103,410,0,0,0,1246,4898,208,208,0,105,0,1254,212
 6915,0,5141,1169,848,1904,2379,529,5113,4956,0,0,519,1365,0,2627,1288,640,1149,103,410,0,0,0,1246,4903,208,208,0,105,0,1254,212
 6920,0,5147,1169,848,1904,2379,529,5118,4961,0,0,519,1365,0,2627,1288,640,1149,103,410,0,0,0,1246,4908,208,208,0,105,0,1254,212
 6925,0,5147,1169,848,1904,2379,529,5123,4966,0,0,519,1365,0,2627,1288,640,1149,103,410,0,0,0,1246,4913,208,208,0,105,0,1254,212
 6930,0,5147,1169,848,1904,2379,529,5127,4971,0,0,519,1365,0,2627,1288,640,1149,103,410,0,0,0,1246,4918,208,208,0,105,0,1254,212
 6935,0,5147,1169,848,1904,2379,529,5127,4976,0,0,519,1365,0,2627,1288,640,1149,103,410,0,0,0,1246,4923,208,208,0,105,0,1254,212
 6940,0,5147,1169,848,1904,2379,529,5127,4981,0,0,519,1365,0,2627,1288,640,1149,103,410,0,0,0,1246,4928,208,208,0,105,0,1254,212
 6945,0,5147,1169,848,1904,2379,529,5127,4986,0,0,519,1365,0,2627,1288,640,1149,103,410,0,0,0,1246,4933,208,208,0,105,0,1254,212
 6950,0,5147,1169,848,1904,2379,529,5127,4991,0,0,519,1365,0,2627,1288,640,1149,103,410,0,0,0,1246,4938,208,208,0,105,0,1254,212
 6955,0,5147,1169,848,1904,2379,529,5127,4996,0,0,519,1365,0,2627,1288,640,1149,103,410,0,0,0,1246,4943,208,208,0,105,0,1254,212
 6960,0,5147,1169,848,1904,2379,529,5127,5001,0,0,519,1365,0,2627,1288,640,1149,103,410,0,0,0,1246,4948,208,208,0,105,0,1254,212
 6965,0,5147,1169,848,1904,2379,529,5127,5006,0,0,519,1365,0,2627,1288,640,1149,103,410,0,0,0,1246,4951,208,208,0,105,0,1254,212
 6970,0,5147,1169,848,1904,2379,529,5127,5011,0,0,519,1365,0,2627,1288,640,1149,103,410,0,0,0,1246,4951,208,208,0,105,0,1254,212
 6975,0,5147,1169,848,1904,2379,529,5127,5016,0,0,519,1365,0,2627,1288,640,1149,103,410,0,0,0,1246,4951,208,208,0,105,0,1254,212
 6980,0,5147,1169,848,1904,2379,529,5127,5021,0,0,519,1365,0,2627,1288,640,1149,103,410,0,0,0,1246,4951,208,208,0,105,0,1254,212
 6985,0,5147,1169,848,1904,2379,529,5127,5026,0,0,519,1365,0,2627,1288,640,1149,103,410,0,0,0,1246,4951,208,208,0,105,0,1254,212
 6990,0,5147,1169,848,1904,2379,529,5127,5031,0,0,519,1365,0,2627,1288,640,1149,103,410,0,0,0,1246,4951,208,208,0,105,0,1254,212
 6995,0,5147,1169,848,1904,2379,529,5127,5036,0,0,519,1365,0,2627,1288,640,1149,103,410,0,0,0,1246,4951,208,208,0,105,0,1254,212
 7000,0,5147,1169,848,1904,2379,529,5127,5041,0,0,519,1365,0,2627,1288,640,1149,103,410,0,0,0,1246,4951,208,208,0,105,0,1254,212
 7005,0,5147,1169,848,1904,2379,529,5132,5046,0,0,519,1365,0,2627,1288,640,1149,103,410,0,0,0,1246,4951,208,208,0,105,0,1254,212
 7010,0,5147,1169,848,1904,2379,529,5137,5050,0,0,519,1365,0,2627,1288,640,1149,103,410,0,0,0,1246,4951,208,208,0,105,0,1254,212
 7015,0,5147,1169,848,1904,2379,529,5142,5050,0,0,519,1365,0,2627,1288,640,1149,103,410,0,0,0,1246,4954,208,208,0,105,0,1254,212
 7020,0,5147,1169,848,1904,2379,529,5147,5050,0,0,519,1365,0,2627,1288,640,1149,103,410,0,0,0,1246,4959,208,208,0,105,0,1254,212
 7025,0,5147,1169,848,1904,2379,529,5152,5050,0,0,519,1365,0,2627,1288,640,1149,103,410,0,0,0,1246,4964,208,208,0,105,0,1254,212
 7030,0,5147,1169,848,1904,2379,529,5157,5050,0,0,519,1365,0,2627,1288,640,1149,103,410,0,0,0,1246,4969,208,208,0,105,0,1254,212
 7035,0,5147,1169,848,1904,2379,529,5162,5050,0,0,519,1365,0,2627,1288,640,1149,103,410,0,0,0,1246,4974,208,208,0,105,0,1254,212
 7040,0,5149,1169,848,1904,2379,529,5167,5050,0,0,519,1365,0,2627,1288,640,1149,103,410,0,0,0,1246,4979,208,208,0,105,0,1254,212
 7045,0,5154,1169,848,1904,2379,529,5172,5050,0,0,519,1365,0,2627,1288,640,1149,103,410,0,0,0,1246,4984,208,208,0,105,0,1254,212
 7050,0,5159,1169,848,1904,2379,529,5177,5050,0,0,519,1365,0,2627,1288,640,1149,103,410,0,0,0,1246,4989,208,208,0,105,0,1254,212
 7055,0,5164,1169,848,1904,2379,529,5182,5050,0,0,519,1365,0,2627,1288,640,1149,103,410,0,0,0,1246,4994,208,208,0,105,0,1254,212
 7060,0,5169,1169,848,1904,2379,529,5187,5050,0,0,519,1365,0,2627,1288,640,1149,103,410,0,0,0,1246,4999,208,208,0,105,0,1254,212
 7065,0,5174,1169,848,1904,2379,529,5192,5050,0,0,519,1365,0,2627,1288,640,1149,103,410,0,0,0,1246,5004,208,208,0,105,0,1254,212
 7070,0,5179,1169,848,1904,2379,529,5197,5050,0,0,519,1365,0,2627,1288,640,1149,103,410,0,0,0,1246,5009,208,208,0,105,0,1254,212
 7075,0,5184,1169,848,1904,2379,529,5202,5050,0,0,519,1365,0,2627,1288,640,1149,103,410,0,0,0,1246,5014,208,208,0,105,0,1254,212
 7080,0,5189,1169,848,1904,2379,529,5207,5050,0,0,519,1365,0,2627,1288,640,1149,103,410,0,0,0,1246,5019,208,208,0,105,0,1254,212
 7085,0,5194,1169,848,1904,2379,529,5212,5050,0,0,519,1365,0,2627,1288,640,1149,103,410,0,0,0,1246,5024,208,208,0,105,0,1254,212
 7090,0,5199,1169,848,1904,2379,529,5217,5052,0,0,519,1365,0,2627,1288,640,1149,103,410,0,0,0,1246,5029,208,208,0,105,0,1254,212
 7095,0,5204,1169,848,1904,2379,529,5222,5057,0,0,519,1365,0,2627,1288,640,1149,103,410,0,0,0,1246,5034,208,208,0,105,0,1254,212
 7100,0,5209,1169,848,1904,2379,529,5227,5062,0,0,519,1365,0,2627,1288,640,1149,103,410,0,0,0,1246,5039,208,208,0,105,0,1254,212
 7105,0,5214,1169,848,1904,2379,529,5230,5067,0,0,519,1365,0,2627,1288,640,1149,103,410,0,0,0,1246,5044,208,208,0,105,0,1254,212
 7110,0,5219,1169,848,1904,2379,529,5230,5072,0,0,519,1365,0,2627,1288,640,1149,103,410,0,0,0,1246,5049,208,208,0,105,0,1254,212
 7115,0,5224,1169,848,1904,2379,529,5230,5077,0,0,519,1365,0,2627,1288,640,1149,103,410,0,0,0,1246,5054,208,208,0,105,0,1254,212
 7120,0,5229,1169,848,1904,2379,529,5230,5082,0,0,519,1365,0,2627,1288,640,1149,103,410,0,0,0,1246,5056,208,208,0,105,0,1254,212
 7125,0,5234,1169,848,1904,2379,529,5233,5087,0,0,519,1365,0,2627,1288,640,1149,103,410,0,0,0,1246,5056,208,208,0,105,0,1254,212
 7130,0,5239,1169,848,1904,2379,529,5238,5092,0,0,519,1365,0,2627,1288,640,1149,103,410,0,0,0,1246,5056,208,208,0,105,0,1254,212
 7135,0,5244,1169,848,1904,2379,529,5243,5097,0,0,519,1365,0,2627,1288,640,1149,103,410,0,0,0,1246,5056,208,208,0,105,0,1254,212
 7140,0,5249,1169,848,1904,2379,529,5248,5102,0,0,519,1365,0,2627,1288,640,1149,103,410,0,0,0,1246,5056,208,208,0,105,0,1254,212
 7145,0,5252,1169,848,1904,2379,529,5253,5107,0,0,519,1365,0,2627,1288,640,1149,103,410,0,0,0,1246,5056,208,208,0,105,0,1254,212
 7150,0,5252,1169,848,1904,2379,529,5258,5112,0,0,519,1365,0,2627,1288,640,1149,103,410,0,0,0,1246,5056,208,208,0,105,0,1254,212
 7155,0,5252,1169,848,1904,2379,529,5263,5117,0,0,519,1365,0,2627,1288,640,1149,103,410,0,0,0,1246,5056,208,208,0,105,0,1254,212
 7160,0,5252,1169,848,1904,2379,529,5268,5122,0,0,519,1365,0,2627,1288,640,1149,103,410,0,0,0,1246,5056,208,208,0,105,0,1254,212
 7165,0,5252,1169,848,1904,2379,529,5273,5127,0,0,519,1365,0,2627,1288,640,1149,103,410,0,0,0,1246,5056,208,208,0,105,0,1254,212
 7170,0,5252,1169,848,1904,2379,529,5278,5132,0,0,519,1365,0,2627,1288,640,1149,103,410,0,0,0,1246,5056,208,208,0,105,0,1254,212
 7175,0,5252,1169,848,1904,2379,529,5283,5137,0,0,519,1365,0,2627,1288,640,1149,103,410,0,0,0,1246,5056,208,208,0,105,0,1254,212
 7180,0,5252,1169,848,1904,2379,529,5288,5142,0,0,519,1365,0,2627,1288,640,1149,103,410,0,0,0,1246,5056,208,208,0,105,0,1254,212
 7185,0,5252,1169,848,1904,2379,529,5293,5147,0,0,519,1365,0,2627,1288,640,1149,103,410,0,0,0,1246,5056,208,208,0,105,0,1254,212
 7190,0,5252,1169,848,1904,2379,529,5298,5153,0,0,519,1365,0,2627,1288,640,1149,103,410,0,0,0,1246,5056,208,208,0,105,0,1254,212
 7195,0,5252,1169,848,1904,2379,529,5303,5153,0,0,519,1365,0,2627,1288,640,1149,103,410,0,0,0,1246,5056,208,208,0,105,0,1254,212
 7200,0,5252,1169,848,1904,2379,529,5308,5153,0,0,519,1365,0,2627,1288,640,1149,103,410,0,0,0,1246,5056,208,208,0,105,0,1254,212
 7205,0,5252,1169,848,1904,2379,529,5313,5156,0,0,519,1365,0,2627,1288,640,1149,103,410,0,0,0,1246,5059,208,208,0,105,0,1254,212
 7210,0,5251,1169,848,1904,2379,529,5318,5161,0,0,519,1365,0,2627,1288,640,1149,103,410,0,0,0,1246,5064,208,208,0,105,0,1254,212
 7215,0,5256,1169,848,1904,2379,529,5323,5166,0,0,519,1365,0,2627,1288,640,1149,103,410,0,0,0,1246,5069,208,208,0,105,0,1254,212
 7220,0,5261,1169,848,1904,2379,529,5328,5171,0,0,519,1365,0,2627,1288,640,1149,103,410,0,0,0,1246,5074,208,208,0,105,0,1254,212
 7225,0,5266,1169,848,1904,2379,529,5333,5176,0,0,519,1365,0,2627,1288,640,1149,103,410,0,0,0,1246,5079,208,208,0,105,0,1254,212
 7230,0,5271,1169,848,1904,2379,529,5333,5181,0,0,519,1365,0,2627,1288,640,1149,103,410,0,0,0,1246,5084,208,208,0,105,0,1254,212
 7235,0,5276,1169,848,1904,2379,529,5333,5186,0,0,519,1365,0,2627,1288,640,1149,103,410,0,0,0,1246,5089,208,208,0,105,0,1254,212
 7240,0,5281,1169,848,1904,2379,529,5333,5191,0,0,519,1365,0,2627,1288,640,1149,103,410,0,0,0,1246,5094,208,208,0,105,0,1254,212
 7245,0,5286,1169,848,1904,2379,529,5333,5196,0,0,519,1365,0,2627,1288,640,1149,103,410,0,0,0,1246,5099,208,208,0,105,0,1254,212
 7250,0,5291,1169,848,1904,2379,529,5333,5201,0,0,519,1365,0,2627,1288,640,1149,103,410,0,0,0,1246,5104,208,208,0,105,0,1254,212
 7255,0,5296,1169,848,1904,2379,529,5333,5206,0,0,519,1365,0,2627,1288,640,1149,103,410,0,0,0,1246,5109,208,208,0,105,0,1254,212
 7260,0,5301,1169,848,1904,2379,529,5333,5211,0,0,519,1365,0,2627,1288,640,1149,103,410,0,0,0,1246,5114,208,208,0,105,0,1254,212
 7265,0,5306,1169,848,1904,2379,529,5336,5216,0,0,519,1365,0,2627,1288,640,1149,103,410,0,0,0,1246,5119,208,208,0,105,0,1254,212
 7270,0,5311,1169,848,1904,2379,529,5341,5221,0,0,519,1365,0,2627,1288,640,1149,103,410,0,0,0,1246,5124,208,208,0,105,0,1254,212
 7275,0,5316,1169,848,1904,2379,529,5346,5226,0,0,519,1365,0,2627,1288,640,1149,103,410,0,0,0,1246,5129,208,208,0,105,0,1254,212
 7280,0,5321,1169,848,1904,2379,529,5351,5231,0,0,519,1365,0,2627,1288,640,1149,103,410,0,0,0,1246,5134,208,208,0,105,0,1254,212
 7285,0,5326,1169,848,1904,2379,529,5356,5236,0,0,519,1365,0,2627,1288,640,1149,103,410,0,0,0,1246,5139,208,208,0,105,0,1254,212
 7290,0,5331,1169,848,1904,2379,529,5361,5241,0,0,519,1365,0,2627,1288,640,1149,103,410,0,0,0,1246,5144,208,208,0,105,0,1254,212
 7295,0,5336,1169,848,1904,2379,529,5366,5246,0,0,519,1365,0,2627,1288,640,1149,103,410,0,0,0,1246,5149,208,208,0,105,0,1254,212
 7300,0,5341,1169,848,1904,2379,529,5371,5251,0,0,519,1365,0,2627,1288,640,1149,103,410,0,0,0,1246,5154,208,208,0,105,0,1254,212
 7305,0,5346,1169,848,1904,2379,529,5376,5256,0,0,519,1365,0,2627,1288,640,1149,103,410,0,0,0,1246,5159,208,208,0,105,0,1254,212
 7310,0,5351,1169,848,1904,2379,529,5381,5260,0,0,519,1365,0,2627,1288,640,1149,103,410,0,0,0,1246,5159,208,208,0,105,0,1254,212
 7315,0,5353,1169,848,1904,2379,529,5386,5260,0,0,519,1365,0,2627,1288,640,1149,103,410,0,0,0,1246,5159,208,208,0,105,0,1254,212
 7320,0,5353,1169,848,1904,2379,529,5391,5260,0,0,519,1365,0,2627,1288,640,1149,103,410,0,0,0,1246,5159,208,208,0,105,0,1254,212
 7325,0,5353,1169,848,1904,2379,529,5396,5260,0,0,519,1365,0,2627,1288,640,1149,103,410,0,0,0,1246,5159,208,208,0,105,0,1254,212
 7330,0,5353,1169,848,1904,2379,529,5401,5260,0,0,519,1365,0,2627,1288,640,1149,103,410,0,0,0,1246,5159,208,208,0,105,0,1254,212
 7335,0,5353,1169,848,1904,2379,529,5406,5260,0,0,519,1365,0,2627,1288,640,1149,103,410,0,0,0,1246,5159,208,208,0,105,0,1254,212
 7340,0,5353,1169,848,1904,2379,529,5411,5260,0,0,519,1365,0,2627,1288,640,1149,103,410,0,0,0,1246,5159,208,208,0,105,0,1254,212
 7345,0,5353,1169,848,1904,2379,529,5416,5260,0,0,519,1365,0,2627,1288,640,1149,103,410,0,0,0,1246,5159,208,208,0,105,0,1254,212
 7350,0,5353,1169,848,1904,2379,529,5421,5260,0,0,519,1365,0,2627,1288,640,1149,103,410,0,0,0,1246,5159,208,208,0,105,0,1254,212
 7355,0,5353,1169,848,1904,2379,529,5426,5260,0,0,519,1365,0,2627,1288,640,1149,103,410,0,0,0,1246,5159,208,208,0,105,0,1254,212
 7360,0,5353,1169,848,1904,2379,529,5431,5260,0,0,519,1365,0,2627,1288,640,1149,103,410,0,0,0,1246,5159,208,208,0,105,0,1254,212
 7365,0,5353,1169,848,1904,2379,529,5436,5260,0,0,519,1365,0,2627,1288,640,1149,103,410,0,0,0,1246,5159,208,208,0,105,0,1254,212
 7370,0,5353,1169,848,1904,2379,529,5436,5260,0,0,519,1365,0,2627,1288,640,1149,103,410,0,0,0,1246,5159,208,208,0,105,0,1254,212
 7375,0,5353,1169,848,1904,2379,529,5436,5260,0,0,519,1365,0,2627,1288,640,1149,103,410,0,0,0,1246,5159,208,208,0,105,0,1254,212
 7380,0,5353,1169,848,1904,2379,529,5436,5260,0,0,519,1365,0,2627,1288,640,1149,103,410,0,0,0,1246,5159,208,208,0,105,0,1254,212
 7385,0,5353,1169,848,1904,2379,529,5436,5260,0,0,519,1365,0,2627,1288,640,1149,103,410,0,0,0,1246,5159,208,208,0,105,0,1254,212
 7390,0,5353,1169,848,1904,2379,529,5436,5260,0,0,519,1365,0,2627,1288,640,1149,103,410,0,0,0,1246,5159,208,208,0,105,0,1254,212
 7395,0,5353,1169,848,1904,2379,529,5436,5260,0,0,519,1365,0,2627,1288,640,1149,103,410,0,0,0,1246,5159,208,208,0,105,0,1254,212
 7400,0,5353,1169,848,1904,2379,529,5436,5260,0,0,519,1365,0,2627,1288,640,1149,103,410,0,0,0,1246,5159,208,208,0,105,0,1254,212
 7405,0,5353,1169,848,1904,2379,529,5436,5260,0,0,519,1365,0,2627,1288,640,1149,103,410,0,0,0,1246,5159,208,208,0,105,0,1254,212
 7410,0,5353,1169,848,1904,2379,529,5436,5260,0,0,519,1365,0,2627,1288,640,1149,103,410,0,0,0,1246,5159,208,208,0,105,0,1254,212
 7415,0,5353,1169,848,1904,2379,529,5436,5260,0,0,519,1365,0,2627,1288,640,1149,103,410,0,0,0,1246,5159,208,208,0,105,0,1254,212
 7420,0,5353,1169,848,1904,2379,529,5436,5260,0,0,519,1365,0,2627,1288,640,1149,103,410,0,0,0,1246,5159,208,208,0,105,0,1254,212
 7425,0,5353,1169,848,1904,2379,529,5436,5260,0,0,519,1365,0,2627,1288,640,1149,103,410,0,0,0,1246,5159,208,208,0,105,0,1254,212
 7430,0,5353,1169,848,1904,2379,529,5436,5260,0,0,519,1365,0,2627,1288,640,1149,103,410,0,0,0,1246,5159,208,208,0,105,0,1254,212
 7435,0,5353,1169,848,1904,2379,529,5436,5260,0,0,519,1365,0,2627,1288,640,1149,103,410,0,0,0,1246,5159,208,208,0,105,0,1254,212
 7440,0,5353,1169,848,1904,2379,529,5436,5260,0,0,519,1365,0,2627,1288,640,1149,103,410,0,0,0,1246,5159,208,208,0,105,0,1254,212
 7445,0,5353,1169,848,1904,2379,529,5436,5260,0,0,519,1365,0,2627,1288,640,1149,103,410,0,0,0,1246,5159,208,208,0,105,0,1254,212
 7450,0,5353,1169,848,1904,2379,529,5436,5260,0,0,519,1365,0,2627,1288,640,1149,103,410,0,0,0,1246,5158,208,208,0,105,0,1254,212
 7455,0,5353,1169,848,1904,2379,529,5436,5260,0,0,519,1365,0,2627,1288,640,1149,103,410,0,0,0,1246,5163,208,208,0,105,0,1254,212
 7460,0,5353,1169,848,1904,2379,529,5439,5260,0,0,519,1365,0,2627,1288,640,1149,103,410,0,0,0,1246,5168,208,208,0,105,0,1254,212
 7465,0,5353,1169,848,1904,2379,529,5444,5265,0,0,519,1365,0,2627,1288,640,1149,103,410,0,0,0,1246,5173,208,208,0,105,0,1254,212
 7470,0,5353,1169,848,1904,2379,529,5449,5270,0,0,519,1365,0,2627,1288,640,1149,103,410,0,0,0,1246,5178,208,208,0,105,0,1254,212
 7475,0,5353,1169,848,1904,2379,529,5454,5275,0,0,519,1365,0,2627,1288,640,1149,103,410,0,0,0,1246,5183,208,208,0,105,0,1254,212
 7480,0,5353,1169,848,1904,2379,529,5459,5280,0,0,519,1365,0,2627,1288,640,1149,103,410,0,0,0,1246,5188,208,208,0,105,0,1254,212
 7485,0,5353,1169,848,1904,2379,529,5464,5285,0,0,519,1365,0,2627,1288,640,1149,103,410,0,0,0,1246,5193,208,208,0,105,0,1254,212
 7490,0,5353,1169,848,1904,2379,529,5469,5290,0,0,519,1365,0,2627,1288,640,1149,103,410,0,0,0,1246,5198,208,208,0,105,0,1254,212
 7495,0,5353,1169,848,1904,2379,529,5474,5295,0,0,519,1365,0,2627,1288,640,1149,103,410,0,0,0,1246,5203,208,208,0,105,0,1254,212
 7500,0,5355,1169,848,1904,2379,529,5479,5300,0,0,519,1365,0,2627,1288,640,1149,103,410,0,0,0,1246,5208,208,208,0,105,0,1254,212
 7505,0,5360,1169,848,1904,2379,529,5484,5305,0,0,519,1365,0,2627,1288,640,1149,103,410,0,0,0,1246,5213,208,208,0,105,0,1254,212
 7510,0,5365,1169,848,1904,2379,529,5489,5310,0,0,519,1365,0,2627,1288,640,1149,103,410,0,0,0,1246,5218,208,208,0,105,0,1254,212
 7515,0,5370,1169,848,1904,2379,529,5494,5315,0,0,519,1365,0,2627,1288,640,1149,103,410,0,0,0,1246,5223,208,208,0,105,0,1254,212
 7520,0,5375,1169,848,1904,2379,529,5499,5320,0,0,519,1365,0,2627,1288,640,1149,103,410,0,0,0,1246,5228,208,208,0,105,0,1254,212
 7525,0,5380,1169,848,1904,2379,529,5504,5325,0,0,519,1365,0,2627,1288,640,1149,103,410,0,0,0,1246,5233,208,208,0,105,0,1254,212
 7530,0,5385,1169,848,1904,2379,529,5509,5330,0,0,519,1365,0,2627,1288,640,1149,103,410,0,0,0,1246,5238,208,208,0,105,0,1254,212
 7535,0,5390,1169,848,1904,2379,529,5514,5335,0,0,519,1365,0,2627,1288,640,1149,103,410,0,0,0,1246,5243,208,208,0,105,0,1254,212
 7540,0,5395,1169,848,1904,2379,529,5519,5340,0,0,519,1365,0,2627,1288,640,1149,103,410,0,0,0,1246,5248,208,208,0,105,0,1254,212
 7545,0,5400,1169,848,1904,2379,529,5524,5345,0,0,519,1365,0,2627,1288,640,1149,103,410,0,0,0,1246,5253,208,208,0,105,0,1254,212
 7550,0,5405,1169,848,1904,2379,529,5529,5350,0,0,519,1365,0,2627,1288,640,1149,103,410,0,0,0,1246,5258,208,208,0,105,0,1254,212
 7555,0,5410,1169,848,1904,2379,529,5534,5355,0,0,519,1365,0,2627,1288,640,1149,103,410,0,0,0,1246,5262,208,208,0,105,0,1254,212
 7560,0,5415,1169,848,1904,2379,529,5539,5360,0,0,519,1365,0,2627,1288,640,1149,103,410,0,0,0,1246,5262,208,208,0,105,0,1254,212
 7565,0,5420,1169,848,1904,2379,529,5543,5363,0,0,519,1365,0,2627,1288,640,1149,103,410,0,0,0,1246,5262,208,208,0,105,0,1254,212
 7570,0,5425,1169,848,1904,2379,529,5543,5363,0,0,519,1365,0,2627,1288,640,1149,103,410,0,0,0,1246,5262,208,208,0,105,0,1254,212
 7575,0,5430,1169,848,1904,2379,529,5543,5363,0,0,519,1365,0,2627,1288,640,1149,103,410,0,0,0,1246,5262,208,208,0,105,0,1254,212
 7580,0,5435,1169,848,1904,2379,529,5543,5363,0,0,519,1365,0,2627,1288,640,1149,103,410,0,0,0,1246,5262,208,208,0,105,0,1254,212
 7585,0,5440,1169,848,1904,2379,529,5543,5363,0,0,519,1365,0,2627,1288,640,1149,103,410,0,0,0,1246,5262,208,208,0,105,0,1254,212
 7590,0,5445,1169,848,1904,2379,529,5543,5363,0,0,519,1365,0,2627,1288,640,1149,103,410,0,0,0,1246,5262,208,208,0,105,0,1254,212
 7595,0,5450,1169,848,1904,2379,529,5543,5363,0,0,519,1365,0,2627,1288,640,1149,103,410,0,0,0,1246,5262,208,208,0,105,0,1254,212
 7600,0,5456,1169,848,1904,2379,529,5546,5363,0,0,519,1365,0,2627,1288,640,1149,103,410,0,0,0,1246,5262,208,208,0,105,0,1254,212
 7605,0,5456,1169,848,1904,2379,529,5551,5363,0,0,519,1365,0,2627,1288,640,1149,103,410,0,0,0,1246,5262,208,208,0,105,0,1254,212
 7610,0,5456,1169,848,1904,2379,529,5556,5363,0,0,519,1365,0,2627,1288,640,1149,103,410,0,0,0,1246,5262,208,208,0,105,0,1254,212
 7615,0,5456,1169,848,1904,2379,529,5561,5363,0,0,519,1365,0,2627,1288,640,1149,103,410,0,0,0,1246,5267,208,208,0,105,0,1254,212
 7620,0,5456,1169,848,1904,2379,529,5566,5363,0,0,519,1365,0,2627,1288,640,1149,103,410,0,0,0,1246,5272,208,208,0,105,0,1254,212
 7625,0,5456,1169,848,1904,2379,529,5571,5365,0,0,519,1365,0,2627,1288,640,1149,103,410,0,0,0,1246,5277,208,208,0,105,0,1254,212
 7630,0,5456,1169,848,1904,2379,529,5576,5370,0,0,519,1365,0,2627,1288,640,1149,103,410,0,0,0,1246,5282,208,208,0,105,0,1254,212
 7635,0,5456,1169,848,1904,2379,529,5581,5375,0,0,519,1365,0,2627,1288,640,1149,103,410,0,0,0,1246,5287,208,208,0,105,0,1254,212
 7640,0,5456,1169,848,1904,2379,529,5586,5380,0,0,519,1365,0,2627,1288,640,1149,103,410,0,0,0,1246,5292,208,208,0,105,0,1254,212
 7645,0,5456,1169,848,1904,2379,529,5591,5385,0,0,519,1365,0,2627,1288,640,1149,103,410,0,0,0,1246,5297,208,208,0,105,0,1254,212
 7650,0,5456,1169,848,1904,2379,529,5596,5390,0,0,519,1365,0,2627,1288,640,1149,103,410,0,0,0,1246,5302,208,208,0,105,0,1254,212
 7655,0,5456,1169,848,1904,2379,529,5601,5395,0,0,519,1365,0,2627,1288,640,1149,103,410,0,0,0,1246,5307,208,208,0,105,0,1254,212
 7660,0,5456,1169,848,1904,2379,529,5606,5400,0,0,519,1365,0,2627,1288,640,1149,103,410,0,0,0,1246,5312,208,208,0,105,0,1254,212
 7665,0,5456,1169,848,1904,2379,529,5611,5405,0,0,519,1365,0,2627,1288,640,1149,103,410,0,0,0,1246,5317,208,208,0,105,0,1254,212
 7670,0,5456,1169,848,1904,2379,529,5616,5410,0,0,519,1365,0,2627,1288,640,1149,103,410,0,0,0,1246,5322,208,208,0,105,0,1254,212
 7675,0,5456,1169,848,1904,2379,529,5621,5415,0,0,519,1365,0,2627,1288,640,1149,103,410,0,0,0,1246,5327,208,208,0,105,0,1254,212
 7680,0,5458,1169,848,1904,2379,529,5626,5420,0,0,519,1365,0,2627,1288,640,1149,103,410,0,0,0,1246,5332,208,208,0,105,0,1254,212
 7685,0,5463,1169,848,1904,2379,529,5631,5425,0,0,519,1365,0,2627,1288,640,1149,103,410,0,0,0,1246,5337,208,208,0,105,0,1254,212
 7690,0,5468,1169,848,1904,2379,529,5636,5430,0,0,519,1365,0,2627,1288,640,1149,103,410,0,0,0,1246,5342,208,208,0,105,0,1254,212
 7695,0,5473,1169,848,1904,2379,529,5641,5435,0,0,519,1365,0,2627,1288,640,1149,103,410,0,0,0,1246,5347,208,208,0,105,0,1254,212
 7700,0,5478,1169,848,1904,2379,529,5646,5440,0,0,519,1365,0,2627,1288,640,1149,103,410,0,0,0,1246,5352,208,208,0,105,0,1254,212
 7705,0,5483,1169,848,1904,2379,529,5646,5445,0,0,519,1365,0,2627,1288,640,1149,103,410,0,0,0,1246,5357,208,208,0,105,0,1254,212
 7710,0,5488,1169,848,1904,2379,529,5646,5450,0,0,519,1365,0,2627,1288,640,1149,103,410,0,0,0,1246,5362,208,208,0,105,0,1254,212
 7715,0,5493,1169,848,1904,2379,529,5646,5455,0,0,519,1365,0,2627,1288,640,1149,103,410,0,0,0,1246,5365,208,208,0,105,0,1254,212
 7720,0,5498,1169,848,1904,2379,529,5646,5460,0,0,519,1365,0,2627,1288,640,1149,103,410,0,0,0,1246,5365,208,208,0,105,0,1254,212
 7725,0,5503,1169,848,1904,2379,529,5646,5466,0,0,519,1365,0,2627,1288,640,1149,103,410,0,0,0,1246,5365,208,208,0,105,0,1254,212
 7730,0,5508,1169,848,1904,2379,529,5646,5466,0,0,519,1365,0,2627,1288,640,1149,103,410,0,0,0,1246,5365,208,208,0,105,0,1254,212
 7735,0,5513,1169,848,1904,2379,529,5646,5466,0,0,519,1365,0,2627,1288,640,1149,103,410,0,0,0,1246,5365,208,208,0,105,0,1254,212
 7740,0,5518,1169,848,1904,2379,529,5646,5466,0,0,519,1365,0,2627,1288,640,1149,103,410,0,0,0,1246,5365,208,208,0,105,0,1254,212
 7745,0,5523,1169,848,1904,2379,529,5646,5466,0,0,519,1365,0,2627,1288,640,1149,103,410,0,0,0,1246,5365,208,208,0,105,0,1254,212
 7750,0,5528,1169,848,1904,2379,529,5646,5466,0,0,519,1365,0,2627,1288,640,1149,103,410,0,0,0,1246,5365,208,208,0,105,0,1254,212
 7755,0,5533,1169,848,1904,2379,529,5646,5466,0,0,519,1365,0,2627,1288,640,1149,103,410,0,0,0,1246,5365,208,208,0,105,0,1254,212
 7760,0,5538,1169,848,1904,2379,529,5646,5466,0,0,519,1365,0,2627,1288,640,1149,103,410,0,0,0,1246,5365,208,208,0,105,0,1254,212
 7765,0,5543,1169,848,1904,2379,529,5646,5466,0,0,519,1365,0,2627,1288,640,1149,103,410,0,0,0,1246,5365,208,208,0,105,0,1254,212
 7770,0,5548,1169,848,1904,2379,529,5646,5466,0,0,519,1365,0,2627,1288,640,1149,103,410,0,0,0,1246,5365,208,208,0,105,0,1254,212
 7775,0,5553,1169,848,1904,2379,529,5646,5466,0,0,519,1365,0,2627,1288,640,1149,103,410,0,0,0,1246,5365,208,208,0,105,0,1254,212
 7780,0,5559,1169,848,1904,2379,529,5645,5466,0,0,519,1365,0,2627,1288,640,1149,103,410,0,0,0,1246,5365,208,208,0,105,0,1254,212
 7785,0,5559,1169,848,1904,2379,529,5650,5466,0,0,519,1365,0,2627,1288,640,1149,103,410,0,0,0,1246,5365,208,208,0,105,0,1254,212
 7790,0,5559,1169,848,1904,2379,529,5655,5466,0,0,519,1365,0,2627,1288,640,1149,103,410,0,0,0,1246,5365,208,208,0,105,0,1254,212
 7795,0,5559,1169,848,1904,2379,529,5660,5466,0,0,519,1365,0,2627,1288,640,1149,103,410,0,0,0,1246,5365,208,208,0,105,0,1254,212
 7800,0,5559,1169,848,1904,2379,529,5665,5466,0,0,519,1365,0,2627,1288,640,1149,103,410,0,0,0,1246,5365,208,208,0,105,0,1254,212
 7805,0,5559,1169,848,1904,2379,529,5670,5466,0,0,519,1365,0,2627,1288,640,1149,103,410,0,0,0,1246,5365,208,208,0,105,0,1254,212
 7810,0,5559,1169,848,1904,2379,529,5675,5466,0,0,519,1365,0,2627,1288,640,1149,103,410,0,0,0,1246,5365,208,208,0,105,0,1254,212
 7815,0,5560,1169,848,1904,2379,529,5680,5466,0,0,519,1365,0,2627,1288,640,1149,103,410,0,0,0,1246,5365,208,208,0,105,0,1254,212
 7820,0,5565,1169,848,1904,2379,529,5685,5466,0,0,519,1365,0,2627,1288,640,1149,103,410,0,0,0,1246,5365,208,208,0,105,0,1254,212
 7825,0,5570,1169,848,1904,2379,529,5690,5466,0,0,519,1365,0,2627,1288,640,1149,103,410,0,0,0,1246,5365,208,208,0,105,0,1254,212
 7830,0,5575,1169,848,1904,2379,529,5695,5466,0,0,519,1365,0,2627,1288,640,1149,103,410,0,0,0,1246,5365,208,208,0,105,0,1254,212
 7835,0,5580,1169,848,1904,2379,529,5700,5466,0,0,519,1365,0,2627,1288,640,1149,103,410,0,0,0,1246,5370,208,208,0,105,0,1254,212
 7840,0,5585,1169,848,1904,2379,529,5705,5466,0,0,519,1365,0,2627,1288,640,1149,103,410,0,0,0,1246,5375,208,208,0,105,0,1254,212
 7845,0,5590,1169,848,1904,2379,529,5710,5466,0,0,519,1365,0,2627,1288,640,1149,103,410,0,0,0,1246,5380,208,208,0,105,0,1254,212
 7850,0,5595,1169,848,1904,2379,529,5715,5466,0,0,519,1365,0,2627,1288,640,1149,103,410,0,0,0,1246,5385,208,208,0,105,0,1254,212
 7855,0,5600,1169,848,1904,2379,529,5720,5466,0,0,519,1365,0,2627,1288,640,1149,103,410,0,0,0,1246,5390,208,208,0,105,0,1254,212
 7860,0,5605,1169,848,1904,2379,529,5725,5466,0,0,519,1365,0,2627,1288,640,1149,103,410,0,0,0,1246,5395,208,208,0,105,0,1254,212
 7865,0,5610,1169,848,1904,2379,529,5730,5468,0,0,519,1365,0,2627,1288,640,1149,103,410,0,0,0,1246,5400,208,208,0,105,0,1254,212
 7870,0,5615,1169,848,1904,2379,529,5735,5473,0,0,519,1365,0,2627,1288,640,1149,103,410,0,0,0,1246,5405,208,208,0,105,0,1254,212
 7875,0,5620,1169,848,1904,2379,529,5740,5478,0,0,519,1365,0,2627,1288,640,1149,103,410,0,0,0,1246,5410,208,208,0,105,0,1254,212
 7880,0,5625,1169,848,1904,2379,529,5745,5483,0,0,519,1365,0,2627,1288,640,1149,103,410,0,0,0,1246,5415,208,208,0,105,0,1254,212
 7885,0,5630,1169,848,1904,2379,529,5749,5488,0,0,519,1365,0,2627,1288,640,1149,103,410,0,0,0,1246,5420,208,208,0,105,0,1254,212
 7890,0,5635,1169,848,1904,2379,529,5749,5493,0,0,519,1365,0,2627,1288,640,1149,103,410,0,0,0,1246,5425,208,208,0,105,0,1254,212
 7895,0,5640,1169,848,1904,2379,529,5749,5498,0,0,519,1365,0,2627,1288,640,1149,103,410,0,0,0,1246,5430,208,208,0,105,0,1254,212
 7900,0,5645,1169,848,1904,2379,529,5749,5503,0,0,519,1365,0,2627,1288,640,1149,103,410,0,0,0,1246,5435,208,208,0,105,0,1254,212
 7905,0,5650,1169,848,1904,2379,529,5749,5508,0,0,519,1365,0,2627,1288,640,1149,103,410,0,0,0,1246,5440,208,208,0,105,0,1254,212
 7910,0,5655,1169,848,1904,2379,529,5749,5513,0,0,519,1365,0,2627,1288,640,1149,103,410,0,0,0,1246,5445,208,208,0,105,0,1254,212
 7915,0,5660,1169,848,1904,2379,529,5749,5518,0,0,519,1365,0,2627,1288,640,1149,103,410,0,0,0,1246,5450,208,208,0,105,0,1254,212
 7920,0,5660,1169,848,1904,2379,529,5749,5523,0,0,519,1365,0,2627,1288,640,1149,103,410,0,0,0,1246,5455,208,208,0,105,0,1254,212
 7925,0,5660,1169,848,1904,2379,529,5749,5528,0,0,519,1365,0,2627,1288,640,1149,103,410,0,0,0,1246,5460,208,208,0,105,0,1254,212
 7930,0,5660,1169,848,1904,2379,529,5749,5533,0,0,519,1365,0,2627,1288,640,1149,103,410,0,0,0,1246,5465,208,208,0,105,0,1254,212
 7935,0,5660,1169,848,1904,2379,529,5749,5538,0,0,519,1365,0,2627,1288,640,1149,103,410,0,0,0,1246,5470,208,208,0,105,0,1254,212
 7940,0,5660,1169,848,1904,2379,529,5749,5543,0,0,519,1365,0,2627,1288,640,1149,103,410,0,0,0,1246,5472,208,208,0,105,0,1254,212
 7945,0,5660,1169,848,1904,2379,529,5752,5548,0,0,519,1365,0,2627,1288,640,1149,103,410,0,0,0,1246,5472,208,208,0,105,0,1254,212
 7950,0,5660,1169,848,1904,2379,529,5757,5553,0,0,519,1365,0,2627,1288,640,1149,103,410,0,0,0,1246,5472,208,208,0,105,0,1254,212
 7955,0,5660,1169,848,1904,2379,529,5762,5558,0,0,519,1365,0,2627,1288,640,1149,103,410,0,0,0,1246,5472,208,208,0,105,0,1254,212
 7960,0,5660,1169,848,1904,2379,529,5767,5563,0,0,519,1365,0,2627,1288,640,1149,103,410,0,0,0,1246,5472,208,208,0,105,0,1254,212
 7965,0,5660,1169,848,1904,2379,529,5772,5568,0,0,519,1365,0,2627,1288,640,1149,103,410,0,0,0,1246,5472,208,208,0,105,0,1254,212
 7970,0,5660,1169,848,1904,2379,529,5777,5571,0,0,519,1365,0,2627,1288,640,1149,103,410,0,0,0,1246,5472,208,208,0,105,0,1254,212
 7975,0,5660,1169,848,1904,2379,529,5782,5571,0,0,519,1365,0,2627,1288,640,1149,103,410,0,0,0,1246,5472,208,208,0,105,0,1254,212
 7980,0,5660,1169,848,1904,2379,529,5787,5571,0,0,519,1365,0,2627,1288,640,1149,103,410,0,0,0,1246,5472,208,208,0,105,0,1254,212
 7985,0,5660,1169,848,1904,2379,529,5792,5571,0,0,519,1365,0,2627,1288,640,1149,103,410,0,0,0,1246,5472,208,208,0,105,0,1254,212
 7990,0,5660,1169,848,1904,2379,529,5797,5571,0,0,519,1365,0,2627,1288,640,1149,103,410,0,0,0,1246,5472,208,208,0,105,0,1254,212
 7995,0,5660,1169,848,1904,2379,529,5802,5571,0,0,519,1365,0,2627,1288,640,1149,103,410,0,0,0,1246,5472,208,208,0,105,0,1254,212
 8000,0,5660,1169,848,1904,2379,529,5807,5571,0,0,519,1365,0,2627,1288,640,1149,103,410,0,0,0,1246,5472,208,208,0,105,0,1254,212
 8005,0,5660,1169,848,1904,2379,529,5812,5571,0,0,519,1365,0,2627,1288,640,1149,103,410,0,0,0,1246,5472,208,208,0,105,0,1254,212
 8010,0,5660,1169,848,1904,2379,529,5817,5571,0,0,519,1365,0,2627,1288,640,1149,103,410,0,0,0,1246,5472,208,208,0,105,0,1254,212
 8015,0,5660,1169,848,1904,2379,529,5822,5571,0,0,519,1365,0,2627,1288,640,1149,103,410,0,0,0,1246,5472,208,208,0,105,0,1254,212
 8020,0,5660,1169,848,1904,2379,529,5827,5571,0,0,519,1365,0,2627,1288,640,1149,103,410,0,0,0,1246,5472,208,208,0,105,0,1254,212
 8025,0,5660,1169,848,1904,2379,529,5832,5571,0,0,519,1365,0,2627,1288,640,1149,103,410,0,0,0,1246,5472,208,208,0,105,0,1254,212
 8030,0,5660,1169,848,1904,2379,529,5837,5571,0,0,519,1365,0,2627,1288,640,1149,103,410,0,0,0,1246,5472,208,208,0,105,0,1254,212
 8035,0,5660,1169,848,1904,2379,529,5842,5571,0,0,519,1365,0,2627,1288,640,1149,103,410,0,0,0,1246,5472,208,208,0,105,0,1254,212
 8040,0,5660,1169,848,1904,2379,529,5847,5571,0,0,519,1365,0,2627,1288,640,1149,103,410,0,0,0,1246,5472,208,208,0,105,0,1254,212
 8045,0,5660,1169,848,1904,2379,529,5852,5571,0,0,519,1365,0,2627,1288,640,1149,103,410,0,0,0,1246,5472,208,208,0,105,0,1254,212
 8050,0,5660,1169,848,1904,2379,529,5856,5571,0,0,519,1365,0,2627,1288,640,1149,103,410,0,0,0,1246,5472,208,208,0,105,0,1254,212
 8055,0,5660,1169,848,1904,2379,529,5856,5571,0,0,519,1365,0,2627,1288,640,1149,103,410,0,0,0,1246,5472,208,208,0,105,0,1254,212
 8060,0,5660,1169,848,1904,2379,529,5856,5571,0,0,519,1365,0,2627,1288,640,1149,103,410,0,0,0,1246,5472,208,208,0,105,0,1254,212
 8065,0,5660,1169,848,1904,2379,529,5856,5571,0,0,519,1365,0,2627,1288,640,1149,103,410,0,0,0,1246,5472,208,208,0,105,0,1254,212
 8070,0,5660,1169,848,1904,2379,529,5856,5571,0,0,519,1365,0,2627,1288,640,1149,103,410,0,0,0,1246,5472,208,208,0,105,0,1254,212
 8075,0,5660,1169,848,1904,2379,529,5856,5571,0,0,519,1365,0,2627,1288,640,1149,103,410,0,0,0,1246,5472,208,208,0,105,0,1254,212
 8080,0,5660,1169,848,1904,2379,529,5855,5571,0,0,519,1365,0,2627,1288,640,1149,103,410,0,0,0,1246,5472,208,208,0,105,0,1254,212
 8085,0,5660,1169,848,1904,2379,529,5860,5571,0,0,519,1365,0,2627,1288,640,1149,103,410,0,0,0,1246,5472,208,208,0,105,0,1254,212
 8090,0,5660,1169,848,1904,2379,529,5865,5576,0,0,519,1365,0,2627,1288,640,1149,103,410,0,0,0,1246,5471,208,208,0,105,0,1254,212
 8095,0,5660,1169,848,1904,2379,529,5870,5581,0,0,519,1365,0,2627,1288,640,1149,103,410,0,0,0,1246,5476,208,208,0,105,0,1254,212
 8100,0,5660,1169,848,1904,2379,529,5875,5586,0,0,519,1365,0,2627,1288,640,1149,103,410,0,0,0,1246,5481,208,208,0,105,0,1254,212
 8105,0,5660,1169,848,1904,2379,529,5880,5591,0,0,519,1365,0,2627,1288,640,1149,103,410,0,0,0,1246,5486,208,208,0,105,0,1254,212
 8110,0,5660,1169,848,1904,2379,529,5885,5596,0,0,519,1365,0,2627,1288,640,1149,103,410,0,0,0,1246,5491,208,208,0,105,0,1254,212
 8115,0,5660,1169,848,1904,2379,529,5890,5601,0,0,519,1365,0,2627,1288,640,1149,103,410,0,0,0,1246,5496,208,208,0,105,0,1254,212
 8120,0,5660,1169,848,1904,2379,529,5895,5606,0,0,519,1365,0,2627,1288,640,1149,103,410,0,0,0,1246,5501,208,208,0,105,0,1254,212
 8125,0,5660,1169,848,1904,2379,529,5900,5611,0,0,519,1365,0,2627,1288,640,1149,103,410,0,0,0,1246,5506,208,208,0,105,0,1254,212
 8130,0,5661,1169,848,1904,2379,529,5905,5616,0,0,519,1365,0,2627,1288,640,1149,103,410,0,0,0,1246,5511,208,208,0,105,0,1254,212
 8135,0,5666,1169,848,1904,2379,529,5910,5621,0,0,519,1365,0,2627,1288,640,1149,103,410,0,0,0,1246,5516,208,208,0,105,0,1254,212
 8140,0,5671,1169,848,1904,2379,529,5915,5626,0,0,519,1365,0,2627,1288,640,1149,103,410,0,0,0,1246,5521,208,208,0,105,0,1254,212
 8145,0,5676,1169,848,1904,2379,529,5920,5631,0,0,519,1365,0,2627,1288,640,1149,103,410,0,0,0,1246,5526,208,208,0,105,0,1254,212
 8150,0,5681,1169,848,1904,2379,529,5925,5636,0,0,519,1365,0,2627,1288,640,1149,103,410,0,0,0,1246,5531,208,208,0,105,0,1254,212
 8155,0,5686,1169,848,1904,2379,529,5930,5641,0,0,519,1365,0,2627,1288,640,1149,103,410,0,0,0,1246,5536,208,208,0,105,0,1254,212
 8160,0,5691,1169,848,1904,2379,529,5935,5646,0,0,519,1365,0,2627,1288,640,1149,103,410,0,0,0,1246,5541,208,208,0,105,0,1254,212
 8165,0,5696,1169,848,1904,2379,529,5940,5651,0,0,519,1365,0,2627,1288,640,1149,103,410,0,0,0,1246,5546,208,208,0,105,0,1254,212
 8170,0,5701,1169,848,1904,2379,529,5945,5656,0,0,519,1365,0,2627,1288,640,1149,103,410,0,0,0,1246,5551,208,208,0,105,0,1254,212
 8175,0,5706,1169,848,1904,2379,529,5950,5661,0,0,519,1365,0,2627,1288,640,1149,103,410,0,0,0,1246,5556,208,208,0,105,0,1254,212
 8180,0,5711,1169,848,1904,2379,529,5955,5666,0,0,519,1365,0,2627,1288,640,1149,103,410,0,0,0,1246,5561,208,208,0,105,0,1254,212
 8185,0,5716,1169,848,1904,2379,529,5959,5672,0,0,519,1365,0,2627,1288,640,1149,103,410,0,0,0,1246,5566,208,208,0,105,0,1254,212
 8190,0,5721,1169,848,1904,2379,529,5959,5672,0,0,519,1365,0,2627,1288,640,1149,103,410,0,0,0,1246,5571,208,208,0,105,0,1254,212
 8195,0,5726,1169,848,1904,2379,529,5959,5672,0,0,519,1365,0,2627,1288,640,1149,103,410,0,0,0,1246,5575,208,208,0,105,0,1254,212
 8200,0,5731,1169,848,1904,2379,529,5959,5672,0,0,519,1365,0,2627,1288,640,1149,103,410,0,0,0,1246,5575,208,208,0,105,0,1254,212
 8205,0,5736,1169,848,1904,2379,529,5959,5672,0,0,519,1365,0,2627,1288,640,1149,103,410,0,0,0,1246,5575,208,208,0,105,0,1254,212
 8210,0,5741,1169,848,1904,2379,529,5959,5672,0,0,519,1365,0,2627,1288,640,1149,103,410,0,0,0,1246,5575,208,208,0,105,0,1254,212
 8215,0,5746,1169,848,1904,2379,529,5959,5672,0,0,519,1365,0,2627,1288,640,1149,103,410,0,0,0,1246,5575,208,208,0,105,0,1254,212
 8220,0,5751,1169,848,1904,2379,529,5959,5672,0,0,519,1365,0,2627,1288,640,1149,103,410,0,0,0,1246,5575,208,208,0,105,0,1254,212
 8225,0,5756,1169,848,1904,2379,529,5959,5672,0,0,519,1365,0,2627,1288,640,1149,103,410,0,0,0,1246,5575,208,208,0,105,0,1254,212
 8230,0,5761,1169,848,1904,2379,529,5959,5672,0,0,519,1365,0,2627,1288,640,1149,103,410,0,0,0,1246,5575,208,208,0,105,0,1254,212
 8235,0,5767,1169,848,1904,2379,529,5959,5672,0,0,519,1365,0,2627,1288,640,1149,103,410,0,0,0,1246,5575,208,208,0,105,0,1254,212
 8240,0,5767,1169,848,1904,2379,529,5959,5672,0,0,519,1365,0,2627,1288,640,1149,103,410,0,0,0,1246,5575,208,208,0,105,0,1254,212
 8245,0,5767,1169,848,1904,2379,529,5959,5672,0,0,519,1365,0,2627,1288,640,1149,103,410,0,0,0,1246,5575,208,208,0,105,0,1254,212
 8250,0,5767,1169,848,1904,2379,529,5959,5672,0,0,519,1365,0,2627,1288,640,1149,103,410,0,0,0,1246,5575,208,208,0,105,0,1254,212
 8255,0,5767,1169,848,1904,2379,529,5959,5672,0,0,519,1365,0,2627,1288,640,1149,103,410,0,0,0,1246,5575,208,208,0,105,0,1254,212
 8260,0,5767,1169,848,1904,2379,529,5959,5672,0,0,519,1365,0,2627,1288,640,1149,103,410,0,0,0,1246,5575,208,208,0,105,0,1254,212
 8265,0,5767,1169,848,1904,2379,529,5959,5672,0,0,519,1365,0,2627,1288,640,1149,103,410,0,0,0,1246,5575,208,208,0,105,0,1254,212
 8270,0,5767,1169,848,1904,2379,529,5959,5672,0,0,519,1365,0,2627,1288,640,1149,103,410,0,0,0,1246,5575,208,208,0,105,0,1254,212
 8275,0,5767,1169,848,1904,2379,529,5959,5672,0,0,519,1365,0,2627,1288,640,1149,103,410,0,0,0,1246,5575,208,208,0,105,0,1254,212
 8280,0,5767,1169,848,1904,2379,529,5959,5672,0,0,519,1365,0,2627,1288,640,1149,103,410,0,0,0,1246,5575,208,208,0,105,0,1254,212
 8285,0,5767,1169,848,1904,2379,529,5959,5672,0,0,519,1365,0,2627,1288,640,1149,103,410,0,0,0,1246,5575,208,208,0,105,0,1254,212
 8290,0,5767,1169,848,1904,2379,529,5959,5672,0,0,519,1365,0,2627,1288,640,1149,103,410,0,0,0,1246,5575,208,208,0,105,0,1254,212
 8295,0,5767,1169,848,1904,2379,529,5959,5672,0,0,519,1365,0,2627,1288,640,1149,103,410,0,0,0,1246,5575,208,208,0,105,0,1254,212
 8300,0,5767,1169,848,1904,2379,529,5959,5672,0,0,519,1365,0,2627,1288,640,1149,103,410,0,0,0,1246,5575,208,208,0,105,0,1254,212
 8305,0,5767,1169,848,1904,2379,529,5959,5672,0,0,519,1365,0,2627,1288,640,1149,103,410,0,0,0,1246,5575,208,208,0,105,0,1254,212
 8310,0,5768,1169,848,1904,2379,529,5959,5672,0,0,519,1365,0,2627,1288,640,1149,103,410,0,0,0,1246,5575,208,208,0,105,0,1254,212
 8315,0,5773,1169,848,1904,2379,529,5962,5672,0,0,519,1365,0,2627,1288,640,1149,103,410,0,0,0,1246,5574,208,208,0,105,0,1254,212
 8320,0,5778,1169,848,1904,2379,529,5967,5674,0,0,519,1365,0,2627,1288,640,1149,103,410,0,0,0,1246,5579,208,208,0,105,0,1254,212
 8325,0,5783,1169,848,1904,2379,529,5972,5679,0,0,519,1365,0,2627,1288,640,1149,103,410,0,0,0,1246,5584,208,208,0,105,0,1254,212
 8330,0,5788,1169,848,1904,2379,529,5977,5684,0,0,519,1365,0,2627,1288,640,1149,103,410,0,0,0,1246,5589,208,208,0,105,0,1254,212
 8335,0,5793,1169,848,1904,2379,529,5982,5689,0,0,519,1365,0,2627,1288,640,1149,103,410,0,0,0,1246,5594,208,208,0,105,0,1254,212
 8340,0,5798,1169,848,1904,2379,529,5987,5694,0,0,519,1365,0,2627,1288,640,1149,103,410,0,0,0,1246,5599,208,208,0,105,0,1254,212
 8345,0,5803,1169,848,1904,2379,529,5992,5699,0,0,519,1365,0,2627,1288,640,1149,103,410,0,0,0,1246,5604,208,208,0,105,0,1254,212
 8350,0,5808,1169,848,1904,2379,529,5997,5704,0,0,519,1365,0,2627,1288,640,1149,103,410,0,0,0,1246,5609,208,208,0,105,0,1254,212
 8355,0,5813,1169,848,1904,2379,529,6002,5709,0,0,519,1365,0,2627,1288,640,1149,103,410,0,0,0,1246,5614,208,208,0,105,0,1254,212
 8360,0,5818,1169,848,1904,2379,529,6007,5714,0,0,519,1365,0,2627,1288,640,1149,103,410,0,0,0,1246,5619,208,208,0,105,0,1254,212
 8365,0,5823,1169,848,1904,2379,529,6012,5719,0,0,519,1365,0,2627,1288,640,1149,103,410,0,0,0,1246,5624,208,208,0,105,0,1254,212
 8370,0,5828,1169,848,1904,2379,529,6017,5724,0,0,519,1365,0,2627,1288,640,1149,103,410,0,0,0,1246,5629,208,208,0,105,0,1254,212
 8375,0,5833,1169,848,1904,2379,529,6022,5729,0,0,519,1365,0,2627,1288,640,1149,103,410,0,0,0,1246,5634,208,208,0,105,0,1254,212
 8380,0,5838,1169,848,1904,2379,529,6027,5734,0,0,519,1365,0,2627,1288,640,1149,103,410,0,0,0,1246,5639,208,208,0,105,0,1254,212
 8385,0,5843,1169,848,1904,2379,529,6032,5739,0,0,519,1365,0,2627,1288,640,1149,103,410,0,0,0,1246,5644,208,208,0,105,0,1254,212
 8390,0,5848,1169,848,1904,2379,529,6037,5744,0,0,519,1365,0,2627,1288,640,1149,103,410,0,0,0,1246,5649,208,208,0,105,0,1254,212
 8395,0,5853,1169,848,1904,2379,529,6042,5749,0,0,519,1365,0,2627,1288,640,1149,103,410,0,0,0,1246,5654,208,208,0,105,0,1254,212
 8400,0,5858,1169,848,1904,2379,529,6047,5754,0,0,519,1365,0,2627,1288,640,1149,103,410,0,0,0,1246,5659,208,208,0,105,0,1254,212
 8405,0,5863,1169,848,1904,2379,529,6052,5759,0,0,519,1365,0,2627,1288,640,1149,103,410,0,0,0,1246,5664,208,208,0,105,0,1254,212
 8410,0,5868,1169,848,1904,2379,529,6057,5764,0,0,519,1365,0,2627,1288,640,1149,103,410,0,0,0,1246,5669,208,208,0,105,0,1254,212
 8415,0,5868,1169,848,1904,2379,529,6060,5769,0,0,519,1365,0,2627,1288,640,1149,103,410,0,0,0,1246,5674,208,208,0,105,0,1254,212
 8420,0,5868,1169,848,1904,2379,529,6060,5775,0,0,519,1365,0,2627,1288,640,1149,103,410,0,0,0,1246,5680,208,208,0,105,0,1254,212
 8425,0,5868,1169,848,1904,2379,529,6060,5775,0,0,519,1365,0,2627,1288,640,1149,103,410,0,0,0,1246,5680,208,208,0,105,0,1254,212
 8430,0,5868,1169,848,1904,2379,529,6060,5775,0,0,519,1365,0,2627,1288,640,1149,103,410,0,0,0,1246,5680,208,208,0,105,0,1254,212
 8435,0,5868,1169,848,1904,2379,529,6060,5775,0,0,519,1365,0,2627,1288,640,1149,103,410,0,0,0,1246,5680,208,208,0,105,0,1254,212
 8440,0,5868,1169,848,1904,2379,529,6060,5775,0,0,519,1365,0,2627,1288,640,1149,103,410,0,0,0,1246,5680,208,208,0,105,0,1254,212
 8445,0,5868,1169,848,1904,2379,529,6060,5775,0,0,519,1365,0,2627,1288,640,1149,103,410,0,0,0,1246,5680,208,208,0,105,0,1254,212
 8450,0,5868,1169,848,1904,2379,529,6060,5775,0,0,519,1365,0,2627,1288,640,1149,103,410,0,0,0,1246,5680,208,208,0,105,0,1254,212
 8455,0,5868,1169,848,1904,2379,529,6060,5775,0,0,519,1365,0,2627,1288,640,1149,103,410,0,0,0,1246,5680,208,208,0,105,0,1254,212
 8460,0,5868,1169,848,1904,2379,529,6060,5775,0,0,519,1365,0,2627,1288,640,1149,103,410,0,0,0,1246,5680,208,208,0,105,0,1254,212
 8465,0,5868,1169,848,1904,2379,529,6060,5775,0,0,519,1365,0,2627,1288,640,1149,103,410,0,0,0,1246,5680,208,208,0,105,0,1254,212
 8470,0,5868,1169,848,1904,2379,529,6060,5775,0,0,519,1365,0,2627,1288,640,1149,103,410,0,0,0,1246,5680,208,208,0,105,0,1254,212
 8475,0,5868,1169,848,1904,2379,529,6060,5775,0,0,519,1365,0,2627,1288,640,1149,103,410,0,0,0,1246,5680,208,208,0,105,0,1254,212
 8480,0,5868,1169,848,1904,2379,529,6060,5775,0,0,519,1365,0,2627,1288,640,1149,103,410,0,0,0,1246,5680,208,208,0,105,0,1254,212
 8485,0,5868,1169,848,1904,2379,529,6060,5775,0,0,519,1365,0,2627,1288,640,1149,103,410,0,0,0,1246,5680,208,208,0,105,0,1254,212
 8490,0,5868,1169,848,1904,2379,529,6060,5775,0,0,519,1365,0,2627,1288,640,1149,103,410,0,0,0,1246,5680,208,208,0,105,0,1254,212
 8495,0,5868,1169,848,1904,2379,529,6060,5775,0,0,519,1365,0,2627,1288,640,1149,103,410,0,0,0,1246,5680,208,208,0,105,0,1254,212
 8500,0,5868,1169,848,1904,2379,529,6060,5775,0,0,519,1365,0,2627,1288,640,1149,103,410,0,0,0,1246,5680,208,208,0,105,0,1254,212
 8505,0,5868,1169,848,1904,2379,529,6060,5775,0,0,519,1365,0,2627,1288,640,1149,103,410,0,0,0,1246,5680,208,208,0,105,0,1254,212
 8510,0,5868,1169,848,1904,2379,529,6060,5775,0,0,519,1365,0,2627,1288,640,1149,103,410,0,0,0,1246,5680,208,208,0,105,0,1254,212
 8515,0,5868,1169,848,1904,2379,529,6060,5775,0,0,519,1365,0,2627,1288,640,1149,103,410,0,0,0,1246,5680,208,208,0,105,0,1254,212
 8520,0,5868,1169,848,1904,2379,529,6060,5775,0,0,519,1365,0,2627,1288,640,1149,103,410,0,0,0,1246,5680,208,208,0,105,0,1254,212
 8525,0,5868,1169,848,1904,2379,529,6060,5775,0,0,519,1365,0,2627,1288,640,1149,103,410,0,0,0,1246,5680,208,208,0,105,0,1254,212
 8530,0,5868,1169,848,1904,2379,529,6060,5775,0,0,519,1365,0,2627,1288,640,1149,103,410,0,0,0,1246,5680,208,208,0,105,0,1254,212
 8535,0,5868,1169,848,1904,2379,529,6060,5775,0,0,519,1365,0,2627,1288,640,1149,103,410,0,0,0,1246,5680,208,208,0,105,0,1254,212
 8540,0,5868,1169,848,1904,2379,529,6060,5775,0,0,519,1365,0,2627,1288,640,1149,103,410,0,0,0,1246,5680,208,208,0,105,0,1254,212
 8545,0,5868,1169,848,1904,2379,529,6060,5778,0,0,519,1365,0,2627,1288,640,1149,103,410,0,0,0,1246,5680,208,208,0,105,0,1254,212
 8550,0,5868,1169,848,1904,2379,529,6060,5783,0,0,519,1365,0,2627,1288,640,1149,103,410,0,0,0,1246,5680,208,208,0,105,0,1254,212
 8555,0,5870,1169,848,1904,2379,529,6061,5788,0,0,519,1365,0,2627,1288,640,1149,103,410,0,0,0,1246,5683,208,208,0,105,0,1254,212
 8560,0,5875,1169,848,1904,2379,529,6066,5793,0,0,519,1365,0,2627,1288,640,1149,103,410,0,0,0,1246,5688,208,208,0,105,0,1254,212
 8565,0,5880,1169,848,1904,2379,529,6071,5798,0,0,519,1365,0,2627,1288,640,1149,103,410,0,0,0,1246,5693,208,208,0,105,0,1254,212
 8570,0,5885,1169,848,1904,2379,529,6076,5803,0,0,519,1365,0,2627,1288,640,1149,103,410,0,0,0,1246,5698,208,208,0,105,0,1254,212
 8575,0,5890,1169,848,1904,2379,529,6081,5808,0,0,519,1365,0,2627,1288,640,1149,103,410,0,0,0,1246,5703,208,208,0,105,0,1254,212
 8580,0,5895,1169,848,1904,2379,529,6086,5813,0,0,519,1365,0,2627,1288,640,1149,103,410,0,0,0,1246,5708,208,208,0,105,0,1254,212
 8585,0,5900,1169,848,1904,2379,529,6091,5818,0,0,519,1365,0,2627,1288,640,1149,103,410,0,0,0,1246,5713,208,208,0,105,0,1254,212
 8590,0,5905,1169,848,1904,2379,529,6096,5823,0,0,519,1365,0,2627,1288,640,1149,103,410,0,0,0,1246,5718,208,208,0,105,0,1254,212
 8595,0,5910,1169,848,1904,2379,529,6101,5828,0,0,519,1365,0,2627,1288,640,1149,103,410,0,0,0,1246,5723,208,208,0,105,0,1254,212
 8600,0,5915,1169,848,1904,2379,529,6106,5833,0,0,519,1365,0,2627,1288,640,1149,103,410,0,0,0,1246,5728,208,208,0,105,0,1254,212
 8605,0,5920,1169,848,1904,2379,529,6111,5838,0,0,519,1365,0,2627,1288,640,1149,103,410,0,0,0,1246,5733,208,208,0,105,0,1254,212
 8610,0,5925,1169,848,1904,2379,529,6116,5843,0,0,519,1365,0,2627,1288,640,1149,103,410,0,0,0,1246,5738,208,208,0,105,0,1254,212
 8615,0,5930,1169,848,1904,2379,529,6121,5848,0,0,519,1365,0,2627,1288,640,1149,103,410,0,0,0,1246,5743,208,208,0,105,0,1254,212
 8620,0,5935,1169,848,1904,2379,529,6126,5853,0,0,519,1365,0,2627,1288,640,1149,103,410,0,0,0,1246,5748,208,208,0,105,0,1254,212
 8625,0,5940,1169,848,1904,2379,529,6131,5858,0,0,519,1365,0,2627,1288,640,1149,103,410,0,0,0,1246,5753,208,208,0,105,0,1254,212
 8630,0,5945,1169,848,1904,2379,529,6136,5863,0,0,519,1365,0,2627,1288,640,1149,103,410,0,0,0,1246,5758,208,208,0,105,0,1254,212
 8635,0,5950,1169,848,1904,2379,529,6141,5868,0,0,519,1365,0,2627,1288,640,1149,103,410,0,0,0,1246,5763,208,208,0,105,0,1254,212
 8640,0,5955,1169,848,1904,2379,529,6146,5873,0,0,519,1365,0,2627,1288,640,1149,103,410,0,0,0,1246,5768,208,208,0,105,0,1254,212
 8645,0,5960,1169,848,1904,2379,529,6151,5878,0,0,519,1365,0,2627,1288,640,1149,103,410,0,0,0,1246,5773,208,208,0,105,0,1254,212
 8650,0,5965,1169,848,1904,2379,529,6156,5878,0,0,519,1365,0,2627,1288,640,1149,103,410,0,0,0,1246,5778,208,208,0,105,0,1254,212
 8655,0,5971,1169,848,1904,2379,529,6161,5878,0,0,519,1365,0,2627,1288,640,1149,103,410,0,0,0,1246,5783,208,208,0,105,0,1254,212
 8660,0,5971,1169,848,1904,2379,529,6165,5878,0,0,519,1365,0,2627,1288,640,1149,103,410,0,0,0,1246,5783,208,208,0,105,0,1254,212
 8665,0,5971,1169,848,1904,2379,529,6165,5878,0,0,519,1365,0,2627,1288,640,1149,103,410,0,0,0,1246,5783,208,208,0,105,0,1254,212
 8670,0,5971,1169,848,1904,2379,529,6165,5878,0,0,519,1365,0,2627,1288,640,1149,103,410,0,0,0,1246,5783,208,208,0,105,0,1254,212
 8675,0,5971,1169,848,1904,2379,529,6165,5878,0,0,519,1365,0,2627,1288,640,1149,103,410,0,0,0,1246,5783,208,208,0,105,0,1254,212
 8680,0,5971,1169,848,1904,2379,529,6165,5878,0,0,519,1365,0,2627,1288,640,1149,103,410,0,0,0,1246,5783,208,208,0,105,0,1254,212
 8685,0,5971,1169,848,1904,2379,529,6165,5878,0,0,519,1365,0,2627,1288,640,1149,103,410,0,0,0,1246,5783,208,208,0,105,0,1254,212
 8690,0,5971,1169,848,1904,2379,529,6165,5878,0,0,519,1365,0,2627,1288,640,1149,103,410,0,0,0,1246,5783,208,208,0,105,0,1254,212
 8695,0,5971,1169,848,1904,2379,529,6165,5878,0,0,519,1365,0,2627,1288,640,1149,103,410,0,0,0,1246,5783,208,208,0,105,0,1254,212
 8700,0,5971,1169,848,1904,2379,529,6165,5878,0,0,519,1365,0,2627,1288,640,1149,103,410,0,0,0,1246,5783,208,208,0,105,0,1254,212
 8705,0,5971,1169,848,1904,2379,529,6165,5878,0,0,519,1365,0,2627,1288,640,1149,103,410,0,0,0,1246,5783,208,208,0,105,0,1254,212
 8710,0,5971,1169,848,1904,2379,529,6165,5878,0,0,519,1365,0,2627,1288,640,1149,103,410,0,0,0,1246,5783,208,208,0,105,0,1254,212
 8715,0,5971,1169,848,1904,2379,529,6165,5878,0,0,519,1365,0,2627,1288,640,1149,103,410,0,0,0,1246,5783,208,208,0,105,0,1254,212
 8720,0,5971,1169,848,1904,2379,529,6165,5878,0,0,519,1365,0,2627,1288,640,1149,103,410,0,0,0,1246,5783,208,208,0,105,0,1254,212
 8725,0,5971,1169,848,1904,2379,529,6165,5878,0,0,519,1365,0,2627,1288,640,1149,103,410,0,0,0,1246,5783,208,208,0,105,0,1254,212
 8730,0,5972,1169,848,1904,2379,529,6165,5878,0,0,519,1365,0,2627,1288,640,1149,103,410,0,0,0,1246,5783,208,208,0,105,0,1254,212
 8735,0,5977,1169,848,1904,2379,529,6165,5878,0,0,519,1365,0,2627,1288,640,1149,103,410,0,0,0,1246,5783,208,208,0,105,0,1254,212
 8740,0,5982,1169,848,1904,2379,529,6165,5878,0,0,519,1365,0,2627,1288,640,1149,103,410,0,0,0,1246,5783,208,208,0,105,0,1254,212
 8745,0,5987,1169,848,1904,2379,529,6165,5878,0,0,519,1365,0,2627,1288,640,1149,103,410,0,0,0,1246,5783,208,208,0,105,0,1254,212
 8750,0,5992,1169,848,1904,2379,529,6165,5880,0,0,519,1365,0,2627,1288,640,1149,103,410,0,0,0,1246,5783,208,208,0,105,0,1254,212
 8755,0,5997,1169,848,1904,2379,529,6165,5885,0,0,519,1365,0,2627,1288,640,1149,103,410,0,0,0,1246,5783,208,208,0,105,0,1254,212
 8760,0,6002,1169,848,1904,2379,529,6165,5890,0,0,519,1365,0,2627,1288,640,1149,103,410,0,0,0,1246,5788,208,208,0,105,0,1254,212
 8765,0,6007,1169,848,1904,2379,529,6165,5895,0,0,519,1365,0,2627,1288,640,1149,103,410,0,0,0,1246,5793,208,208,0,105,0,1254,212
 8770,0,6012,1169,848,1904,2379,529,6165,5900,0,0,519,1365,0,2627,1288,640,1149,103,410,0,0,0,1246,5798,208,208,0,105,0,1254,212
 8775,0,6017,1169,848,1904,2379,529,6170,5905,0,0,519,1365,0,2627,1288,640,1149,103,410,0,0,0,1246,5803,208,208,0,105,0,1254,212
 8780,0,6022,1169,848,1904,2379,529,6175,5910,0,0,519,1365,0,2627,1288,640,1149,103,410,0,0,0,1246,5808,208,208,0,105,0,1254,212
 8785,0,6027,1169,848,1904,2379,529,6180,5915,0,0,519,1365,0,2627,1288,640,1149,103,410,0,0,0,1246,5813,208,208,0,105,0,1254,212
 8790,0,6032,1169,848,1904,2379,529,6185,5920,0,0,519,1365,0,2627,1288,640,1149,103,410,0,0,0,1246,5818,208,208,0,105,0,1254,212
 8795,0,6037,1169,848,1904,2379,529,6190,5925,0,0,519,1365,0,2627,1288,640,1149,103,410,0,0,0,1246,5823,208,208,0,105,0,1254,212
 8800,0,6042,1169,848,1904,2379,529,6195,5930,0,0,519,1365,0,2627,1288,640,1149,103,410,0,0,0,1246,5828,208,208,0,105,0,1254,212
 8805,0,6047,1169,848,1904,2379,529,6200,5935,0,0,519,1365,0,2627,1288,640,1149,103,410,0,0,0,1246,5833,208,208,0,105,0,1254,212
 8810,0,6052,1169,848,1904,2379,529,6205,5940,0,0,519,1365,0,2627,1288,640,1149,103,410,0,0,0,1246,5838,208,208,0,105,0,1254,212
 8815,0,6057,1169,848,1904,2379,529,6210,5945,0,0,519,1365,0,2627,1288,640,1149,103,410,0,0,0,1246,5843,208,208,0,105,0,1254,212
 8820,0,6062,1169,848,1904,2379,529,6215,5950,0,0,519,1365,0,2627,1288,640,1149,103,410,0,0,0,1246,5848,208,208,0,105,0,1254,212
 8825,0,6067,1169,848,1904,2379,529,6220,5955,0,0,519,1365,0,2627,1288,640,1149,103,410,0,0,0,1246,5853,208,208,0,105,0,1254,212
 8830,0,6072,1169,848,1904,2379,529,6225,5960,0,0,519,1365,0,2627,1288,640,1149,103,410,0,0,0,1246,5858,208,208,0,105,0,1254,212
 8835,0,6072,1169,848,1904,2379,529,6230,5965,0,0,519,1365,0,2627,1288,640,1149,103,410,0,0,0,1246,5863,208,208,0,105,0,1254,212
 8840,0,6072,1169,848,1904,2379,529,6235,5970,0,0,519,1365,0,2627,1288,640,1149,103,410,0,0,0,1246,5868,208,208,0,105,0,1254,212
 8845,0,6072,1169,848,1904,2379,529,6240,5975,0,0,519,1365,0,2627,1288,640,1149,103,410,0,0,0,1246,5873,208,208,0,105,0,1254,212
 8850,0,6072,1169,848,1904,2379,529,6245,5980,0,0,519,1365,0,2627,1288,640,1149,103,410,0,0,0,1246,5878,208,208,0,105,0,1254,212
 8855,0,6072,1169,848,1904,2379,529,6250,5983,0,0,519,1365,0,2627,1288,640,1149,103,410,0,0,0,1246,5883,208,208,0,105,0,1254,212
 8860,0,6072,1169,848,1904,2379,529,6255,5983,0,0,519,1365,0,2627,1288,640,1149,103,410,0,0,0,1246,5888,208,208,0,105,0,1254,212
 8865,0,6072,1169,848,1904,2379,529,6260,5983,0,0,519,1365,0,2627,1288,640,1149,103,410,0,0,0,1246,5892,208,208,0,105,0,1254,212
 8870,0,6072,1169,848,1904,2379,529,6265,5983,0,0,519,1365,0,2627,1288,640,1149,103,410,0,0,0,1246,5892,208,208,0,105,0,1254,212
 8875,0,6072,1169,848,1904,2379,529,6268,5983,0,0,519,1365,0,2627,1288,640,1149,103,410,0,0,0,1246,5892,208,208,0,105,0,1254,212
 8880,0,6072,1169,848,1904,2379,529,6268,5983,0,0,519,1365,0,2627,1288,640,1149,103,410,0,0,0,1246,5892,208,208,0,105,0,1254,212
 8885,0,6072,1169,848,1904,2379,529,6268,5983,0,0,519,1365,0,2627,1288,640,1149,103,410,0,0,0,1246,5892,208,208,0,105,0,1254,212
 8890,0,6072,1169,848,1904,2379,529,6268,5983,0,0,519,1365,0,2627,1288,640,1149,103,410,0,0,0,1246,5892,208,208,0,105,0,1254,212
 8895,0,6072,1169,848,1904,2379,529,6268,5983,0,0,519,1365,0,2627,1288,640,1149,103,410,0,0,0,1246,5892,208,208,0,105,0,1254,212
 8900,0,6072,1169,848,1904,2379,529,6268,5983,0,0,519,1365,0,2627,1288,640,1149,103,410,0,0,0,1246,5892,208,208,0,105,0,1254,212
 8905,0,6072,1169,848,1904,2379,529,6268,5983,0,0,519,1365,0,2627,1288,640,1149,103,410,0,0,0,1246,5892,208,208,0,105,0,1254,212
 8910,0,6072,1169,848,1904,2379,529,6268,5983,0,0,519,1365,0,2627,1288,640,1149,103,410,0,0,0,1246,5892,208,208,0,105,0,1254,212
 8915,0,6072,1169,848,1904,2379,529,6268,5983,0,0,519,1365,0,2627,1288,640,1149,103,410,0,0,0,1246,5892,208,208,0,105,0,1254,212
 8920,0,6072,1169,848,1904,2379,529,6268,5983,0,0,519,1365,0,2627,1288,640,1149,103,410,0,0,0,1246,5892,208,208,0,105,0,1254,212
 8925,0,6072,1169,848,1904,2379,529,6268,5983,0,0,519,1365,0,2627,1288,640,1149,103,410,0,0,0,1246,5892,208,208,0,105,0,1254,212
 8930,0,6072,1169,848,1904,2379,529,6268,5983,0,0,519,1365,0,2627,1288,640,1149,103,410,0,0,0,1246,5892,208,208,0,105,0,1254,212
 8935,0,6072,1169,848,1904,2379,529,6268,5983,0,0,519,1365,0,2627,1288,640,1149,103,410,0,0,0,1246,5892,208,208,0,105,0,1254,212
 8940,0,6072,1169,848,1904,2379,529,6268,5983,0,0,519,1365,0,2627,1288,640,1149,103,410,0,0,0,1246,5892,208,208,0,105,0,1254,212
 8945,0,6072,1169,848,1904,2379,529,6268,5983,0,0,519,1365,0,2627,1288,640,1149,103,410,0,0,0,1246,5892,208,208,0,105,0,1254,212
 8950,0,6072,1169,848,1904,2379,529,6268,5983,0,0,519,1365,0,2627,1288,640,1149,103,410,0,0,0,1246,5892,208,208,0,105,0,1254,212
 8955,0,6072,1169,848,1904,2379,529,6268,5983,0,0,519,1365,0,2627,1288,640,1149,103,410,0,0,0,1246,5892,208,208,0,105,0,1254,212
 8960,0,6072,1169,848,1904,2379,529,6268,5983,0,0,519,1365,0,2627,1288,640,1149,103,410,0,0,0,1246,5892,208,208,0,105,0,1254,212
 8965,0,6073,1169,848,1904,2379,529,6268,5983,0,0,519,1365,0,2627,1288,640,1149,103,410,0,0,0,1246,5892,208,208,0,105,0,1254,212
 8970,0,6078,1169,848,1904,2379,529,6268,5983,0,0,519,1365,0,2627,1288,640,1149,103,410,0,0,0,1246,5892,208,208,0,105,0,1254,212
 8975,0,6083,1169,848,1904,2379,529,6268,5983,0,0,519,1365,0,2627,1288,640,1149,103,410,0,0,0,1246,5895,208,208,0,105,0,1254,212
 8980,0,6088,1169,848,1904,2379,529,6269,5983,0,0,519,1365,0,2627,1288,640,1149,103,410,0,0,0,1246,5900,208,208,0,105,0,1254,212
 8985,0,6093,1169,848,1904,2379,529,6274,5983,0,0,519,1365,0,2627,1288,640,1149,103,410,0,0,0,1246,5905,208,208,0,105,0,1254,212
 8990,0,6098,1169,848,1904,2379,529,6279,5985,0,0,519,1365,0,2627,1288,640,1149,103,410,0,0,0,1246,5910,208,208,0,105,0,1254,212
 8995,0,6103,1169,848,1904,2379,529,6284,5990,0,0,519,1365,0,2627,1288,640,1149,103,410,0,0,0,1246,5915,208,208,0,105,0,1254,212
 9000,0,6108,1169,848,1904,2379,529,6289,5995,0,0,519,1365,0,2627,1288,640,1149,103,410,0,0,0,1246,5920,208,208,0,105,0,1254,212
 9005,0,6113,1169,848,1904,2379,529,6294,6000,0,0,519,1365,0,2627,1288,640,1149,103,410,0,0,0,1246,5925,208,208,0,105,0,1254,212
 9010,0,6118,1169,848,1904,2379,529,6299,6005,0,0,519,1365,0,2627,1288,640,1149,103,410,0,0,0,1246,5930,208,208,0,105,0,1254,212
 9015,0,6123,1169,848,1904,2379,529,6304,6010,0,0,519,1365,0,2627,1288,640,1149,103,410,0,0,0,1246,5935,208,208,0,105,0,1254,212
 9020,0,6128,1169,848,1904,2379,529,6309,6015,0,0,519,1365,0,2627,1288,640,1149,103,410,0,0,0,1246,5940,208,208,0,105,0,1254,212
 9025,0,6133,1169,848,1904,2379,529,6314,6020,0,0,519,1365,0,2627,1288,640,1149,103,410,0,0,0,1246,5945,208,208,0,105,0,1254,212
 9030,0,6138,1169,848,1904,2379,529,6319,6025,0,0,519,1365,0,2627,1288,640,1149,103,410,0,0,0,1246,5950,208,208,0,105,0,1254,212
 9035,0,6143,1169,848,1904,2379,529,6324,6030,0,0,519,1365,0,2627,1288,640,1149,103,410,0,0,0,1246,5955,208,208,0,105,0,1254,212
 9040,0,6148,1169,848,1904,2379,529,6329,6035,0,0,519,1365,0,2627,1288,640,1149,103,410,0,0,0,1246,5960,208,208,0,105,0,1254,212
 9045,0,6153,1169,848,1904,2379,529,6334,6040,0,0,519,1365,0,2627,1288,640,1149,103,410,0,0,0,1246,5965,208,208,0,105,0,1254,212
 9050,0,6158,1169,848,1904,2379,529,6339,6045,0,0,519,1365,0,2627,1288,640,1149,103,410,0,0,0,1246,5970,208,208,0,105,0,1254,212
 9055,0,6163,1169,848,1904,2379,529,6344,6050,0,0,519,1365,0,2627,1288,640,1149,103,410,0,0,0,1246,5975,208,208,0,105,0,1254,212
 9060,0,6168,1169,848,1904,2379,529,6349,6055,0,0,519,1365,0,2627,1288,640,1149,103,410,0,0,0,1246,5980,208,208,0,105,0,1254,212
 9065,0,6173,1169,848,1904,2379,529,6354,6060,0,0,519,1365,0,2627,1288,640,1149,103,410,0,0,0,1246,5985,208,208,0,105,0,1254,212
 9070,0,6173,1169,848,1904,2379,529,6359,6065,0,0,519,1365,0,2627,1288,640,1149,103,410,0,0,0,1246,5990,208,208,0,105,0,1254,212
 9075,0,6173,1169,848,1904,2379,529,6364,6070,0,0,519,1365,0,2627,1288,640,1149,103,410,0,0,0,1246,5995,208,208,0,105,0,1254,212
 9080,0,6173,1169,848,1904,2379,529,6369,6075,0,0,519,1365,0,2627,1288,640,1149,103,410,0,0,0,1246,5995,208,208,0,105,0,1254,212
 9085,0,6173,1169,848,1904,2379,529,6371,6080,0,0,519,1365,0,2627,1288,640,1149,103,410,0,0,0,1246,5995,208,208,0,105,0,1254,212
 9090,0,6173,1169,848,1904,2379,529,6371,6085,0,0,519,1365,0,2627,1288,640,1149,103,410,0,0,0,1246,5995,208,208,0,105,0,1254,212
 9095,0,6173,1169,848,1904,2379,529,6371,6088,0,0,519,1365,0,2627,1288,640,1149,103,410,0,0,0,1246,5995,208,208,0,105,0,1254,212
 9100,0,6173,1169,848,1904,2379,529,6371,6088,0,0,519,1365,0,2627,1288,640,1149,103,410,0,0,0,1246,5995,208,208,0,105,0,1254,212
 9105,0,6173,1169,848,1904,2379,529,6371,6088,0,0,519,1365,0,2627,1288,640,1149,103,410,0,0,0,1246,5995,208,208,0,105,0,1254,212
 9110,0,6173,1169,848,1904,2379,529,6371,6088,0,0,519,1365,0,2627,1288,640,1149,103,410,0,0,0,1246,5995,208,208,0,105,0,1254,212
 9115,0,6173,1169,848,1904,2379,529,6371,6088,0,0,519,1365,0,2627,1288,640,1149,103,410,0,0,0,1246,5995,208,208,0,105,0,1254,212
 9120,0,6173,1169,848,1904,2379,529,6371,6088,0,0,519,1365,0,2627,1288,640,1149,103,410,0,0,0,1246,5995,208,208,0,105,0,1254,212
 9125,0,6173,1169,848,1904,2379,529,6371,6088,0,0,519,1365,0,2627,1288,640,1149,103,410,0,0,0,1246,5995,208,208,0,105,0,1254,212
 9130,0,6173,1169,848,1904,2379,529,6371,6088,0,0,519,1365,0,2627,1288,640,1149,103,410,0,0,0,1246,5995,208,208,0,105,0,1254,212
 9135,0,6173,1169,848,1904,2379,529,6371,6088,0,0,519,1365,0,2627,1288,640,1149,103,410,0,0,0,1246,5995,208,208,0,105,0,1254,212
 9140,0,6173,1169,848,1904,2379,529,6371,6088,0,0,519,1365,0,2627,1288,640,1149,103,410,0,0,0,1246,5995,208,208,0,105,0,1254,212
 9145,0,6173,1169,848,1904,2379,529,6371,6088,0,0,519,1365,0,2627,1288,640,1149,103,410,0,0,0,1246,5995,208,208,0,105,0,1254,212
 9150,0,6173,1169,848,1904,2379,529,6371,6088,0,0,519,1365,0,2627,1288,640,1149,103,410,0,0,0,1246,5995,208,208,0,105,0,1254,212
 9155,0,6173,1169,848,1904,2379,529,6371,6088,0,0,519,1365,0,2627,1288,640,1149,103,410,0,0,0,1246,5995,208,208,0,105,0,1254,212
 9160,0,6173,1169,848,1904,2379,529,6371,6088,0,0,519,1365,0,2627,1288,640,1149,103,410,0,0,0,1246,5995,208,208,0,105,0,1254,212
 9165,0,6173,1169,848,1904,2379,529,6371,6088,0,0,519,1365,0,2627,1288,640,1149,103,410,0,0,0,1246,5995,208,208,0,105,0,1254,212
 9170,0,6173,1169,848,1904,2379,529,6371,6088,0,0,519,1365,0,2627,1288,640,1149,103,410,0,0,0,1246,5995,208,208,0,105,0,1254,212
 9175,0,6173,1169,848,1904,2379,529,6371,6088,0,0,519,1365,0,2627,1288,640,1149,103,410,0,0,0,1246,5995,208,208,0,105,0,1254,212
 9180,0,6175,1169,848,1904,2379,529,6371,6088,0,0,519,1365,0,2627,1288,640,1149,103,410,0,0,0,1246,5995,208,208,0,105,0,1254,212
 9185,0,6180,1169,848,1904,2379,529,6371,6088,0,0,519,1365,0,2627,1288,640,1149,103,410,0,0,0,1246,5995,208,208,0,105,0,1254,212
 9190,0,6185,1169,848,1904,2379,529,6370,6088,0,0,519,1365,0,2627,1288,640,1149,103,410,0,0,0,1246,5995,208,208,0,105,0,1254,212
 9195,0,6190,1169,848,1904,2379,529,6375,6088,0,0,519,1365,0,2627,1288,640,1149,103,410,0,0,0,1246,5995,208,208,0,105,0,1254,212
 9200,0,6195,1169,848,1904,2379,529,6380,6088,0,0,519,1365,0,2627,1288,640,1149,103,410,0,0,0,1246,5998,208,208,0,105,0,1254,212
 9205,0,6200,1169,848,1904,2379,529,6385,6090,0,0,519,1365,0,2627,1288,640,1149,103,410,0,0,0,1246,6003,208,208,0,105,0,1254,212
 9210,0,6205,1169,848,1904,2379,529,6390,6095,0,0,519,1365,0,2627,1288,640,1149,103,410,0,0,0,1246,6008,208,208,0,105,0,1254,212
 9215,0,6210,1169,848,1904,2379,529,6395,6100,0,0,519,1365,0,2627,1288,640,1149,103,410,0,0,0,1246,6013,208,208,0,105,0,1254,212
 9220,0,6215,1169,848,1904,2379,529,6400,6105,0,0,519,1365,0,2627,1288,640,1149,103,410,0,0,0,1246,6018,208,208,0,105,0,1254,212
 9225,0,6220,1169,848,1904,2379,529,6405,6110,0,0,519,1365,0,2627,1288,640,1149,103,410,0,0,0,1246,6023,208,208,0,105,0,1254,212
 9230,0,6225,1169,848,1904,2379,529,6410,6115,0,0,519,1365,0,2627,1288,640,1149,103,410,0,0,0,1246,6028,208,208,0,105,0,1254,212
 9235,0,6230,1169,848,1904,2379,529,6415,6120,0,0,519,1365,0,2627,1288,640,1149,103,410,0,0,0,1246,6033,208,208,0,105,0,1254,212
 9240,0,6235,1169,848,1904,2379,529,6420,6125,0,0,519,1365,0,2627,1288,640,1149,103,410,0,0,0,1246,6038,208,208,0,105,0,1254,212
 9245,0,6240,1169,848,1904,2379,529,6425,6130,0,0,519,1365,0,2627,1288,640,1149,103,410,0,0,0,1246,6043,208,208,0,105,0,1254,212
 9250,0,6245,1169,848,1904,2379,529,6430,6135,0,0,519,1365,0,2627,1288,640,1149,103,410,0,0,0,1246,6048,208,208,0,105,0,1254,212
 9255,0,6250,1169,848,1904,2379,529,6435,6140,0,0,519,1365,0,2627,1288,640,1149,103,410,0,0,0,1246,6053,208,208,0,105,0,1254,212
 9260,0,6255,1169,848,1904,2379,529,6440,6145,0,0,519,1365,0,2627,1288,640,1149,103,410,0,0,0,1246,6058,208,208,0,105,0,1254,212
 9265,0,6260,1169,848,1904,2379,529,6445,6150,0,0,519,1365,0,2627,1288,640,1149,103,410,0,0,0,1246,6063,208,208,0,105,0,1254,212
 9270,0,6265,1169,848,1904,2379,529,6450,6155,0,0,519,1365,0,2627,1288,640,1149,103,410,0,0,0,1246,6068,208,208,0,105,0,1254,212
 9275,0,6270,1169,848,1904,2379,529,6455,6160,0,0,519,1365,0,2627,1288,640,1149,103,410,0,0,0,1246,6073,208,208,0,105,0,1254,212
 9280,0,6275,1169,848,1904,2379,529,6460,6165,0,0,519,1365,0,2627,1288,640,1149,103,410,0,0,0,1246,6078,208,208,0,105,0,1254,212
 9285,0,6278,1169,848,1904,2379,529,6465,6170,0,0,519,1365,0,2627,1288,640,1149,103,410,0,0,0,1246,6083,208,208,0,105,0,1254,212
 9290,0,6278,1169,848,1904,2379,529,6470,6175,0,0,519,1365,0,2627,1288,640,1149,103,410,0,0,0,1246,6088,208,208,0,105,0,1254,212
 9295,0,6278,1169,848,1904,2379,529,6475,6180,0,0,519,1365,0,2627,1288,640,1149,103,410,0,0,0,1246,6093,208,208,0,105,0,1254,212
 9300,0,6278,1169,848,1904,2379,529,6478,6185,0,0,519,1365,0,2627,1288,640,1149,103,410,0,0,0,1246,6098,208,208,0,105,0,1254,212
 9305,0,6278,1169,848,1904,2379,529,6478,6190,0,0,519,1365,0,2627,1288,640,1149,103,410,0,0,0,1246,6100,208,208,0,105,0,1254,212
 9310,0,6278,1169,848,1904,2379,529,6478,6193,0,0,519,1365,0,2627,1288,640,1149,103,410,0,0,0,1246,6100,208,208,0,105,0,1254,212
 9315,0,6278,1169,848,1904,2379,529,6478,6193,0,0,519,1365,0,2627,1288,640,1149,103,410,0,0,0,1246,6100,208,208,0,105,0,1254,212
 9320,0,6278,1169,848,1904,2379,529,6478,6193,0,0,519,1365,0,2627,1288,640,1149,103,410,0,0,0,1246,6100,208,208,0,105,0,1254,212
 9325,0,6278,1169,848,1904,2379,529,6478,6193,0,0,519,1365,0,2627,1288,640,1149,103,410,0,0,0,1246,6100,208,208,0,105,0,1254,212
 9330,0,6278,1169,848,1904,2379,529,6478,6193,0,0,519,1365,0,2627,1288,640,1149,103,410,0,0,0,1246,6100,208,208,0,105,0,1254,212
 9335,0,6278,1169,848,1904,2379,529,6478,6193,0,0,519,1365,0,2627,1288,640,1149,103,410,0,0,0,1246,6100,208,208,0,105,0,1254,212
 9340,0,6278,1169,848,1904,2379,529,6478,6193,0,0,519,1365,0,2627,1288,640,1149,103,410,0,0,0,1246,6100,208,208,0,105,0,1254,212
 9345,0,6278,1169,848,1904,2379,529,6478,6193,0,0,519,1365,0,2627,1288,640,1149,103,410,0,0,0,1246,6100,208,208,0,105,0,1254,212
 9350,0,6278,1169,848,1904,2379,529,6478,6193,0,0,519,1365,0,2627,1288,640,1149,103,410,0,0,0,1246,6100,208,208,0,105,0,1254,212
 9355,0,6278,1169,848,1904,2379,529,6478,6193,0,0,519,1365,0,2627,1288,640,1149,103,410,0,0,0,1246,6100,208,208,0,105,0,1254,212
 9360,0,6278,1169,848,1904,2379,529,6478,6193,0,0,519,1365,0,2627,1288,640,1149,103,410,0,0,0,1246,6100,208,208,0,105,0,1254,212
 9365,0,6278,1169,848,1904,2379,529,6478,6193,0,0,519,1365,0,2627,1288,640,1149,103,410,0,0,0,1246,6100,208,208,0,105,0,1254,212
 9370,0,6278,1169,848,1904,2379,529,6478,6193,0,0,519,1365,0,2627,1288,640,1149,103,410,0,0,0,1246,6100,208,208,0,105,0,1254,212
 9375,0,6278,1169,848,1904,2379,529,6478,6193,0,0,519,1365,0,2627,1288,640,1149,103,410,0,0,0,1246,6100,208,208,0,105,0,1254,212
 9380,0,6278,1169,848,1904,2379,529,6478,6193,0,0,519,1365,0,2627,1288,640,1149,103,410,0,0,0,1246,6100,208,208,0,105,0,1254,212
 9385,0,6278,1169,848,1904,2379,529,6478,6193,0,0,519,1365,0,2627,1288,640,1149,103,410,0,0,0,1246,6100,208,208,0,105,0,1254,212
 9390,0,6278,1169,848,1904,2379,529,6478,6193,0,0,519,1365,0,2627,1288,640,1149,103,410,0,0,0,1246,6100,208,208,0,105,0,1254,212
 9395,0,6278,1169,848,1904,2379,529,6478,6193,0,0,519,1365,0,2627,1288,640,1149,103,410,0,0,0,1246,6100,208,208,0,105,0,1254,212
 9400,0,6278,1169,848,1904,2379,529,6478,6193,0,0,519,1365,0,2627,1288,640,1149,103,410,0,0,0,1246,6100,208,208,0,105,0,1254,212
 9405,0,6278,1169,848,1904,2379,529,6478,6193,0,0,519,1365,0,2627,1288,640,1149,103,410,0,0,0,1246,6100,208,208,0,105,0,1254,212
 9410,0,6278,1169,848,1904,2379,529,6478,6193,0,0,519,1365,0,2627,1288,640,1149,103,410,0,0,0,1246,6100,208,208,0,105,0,1254,212
 9415,0,6279,1169,848,1904,2379,529,6478,6193,0,0,519,1365,0,2627,1288,640,1149,103,410,0,0,0,1246,6100,208,208,0,105,0,1254,212
 9420,0,6284,1169,848,1904,2379,529,6478,6195,0,0,519,1365,0,2627,1288,640,1149,103,410,0,0,0,1246,6099,208,208,0,105,0,1254,212
 9425,0,6289,1169,848,1904,2379,529,6478,6200,0,0,519,1365,0,2627,1288,640,1149,103,410,0,0,0,1246,6104,208,208,0,105,0,1254,212
 9430,0,6294,1169,848,1904,2379,529,6478,6205,0,0,519,1365,0,2627,1288,640,1149,103,410,0,0,0,1246,6109,208,208,0,105,0,1254,212
 9435,0,6299,1169,848,1904,2379,529,6478,6210,0,0,519,1365,0,2627,1288,640,1149,103,410,0,0,0,1246,6114,208,208,0,105,0,1254,212
 9440,0,6304,1169,848,1904,2379,529,6478,6215,0,0,519,1365,0,2627,1288,640,1149,103,410,0,0,0,1246,6119,208,208,0,105,0,1254,212
 9445,0,6309,1169,848,1904,2379,529,6478,6220,0,0,519,1365,0,2627,1288,640,1149,103,410,0,0,0,1246,6124,208,208,0,105,0,1254,212
 9450,0,6314,1169,848,1904,2379,529,6478,6225,0,0,519,1365,0,2627,1288,640,1149,103,410,0,0,0,1246,6129,208,208,0,105,0,1254,212
 9455,0,6319,1169,848,1904,2379,529,6478,6230,0,0,519,1365,0,2627,1288,640,1149,103,410,0,0,0,1246,6134,208,208,0,105,0,1254,212
 9460,0,6324,1169,848,1904,2379,529,6481,6235,0,0,519,1365,0,2627,1288,640,1149,103,410,0,0,0,1246,6139,208,208,0,105,0,1254,212
 9465,0,6329,1169,848,1904,2379,529,6486,6240,0,0,519,1365,0,2627,1288,640,1149,103,410,0,0,0,1246,6144,208,208,0,105,0,1254,212
 9470,0,6334,1169,848,1904,2379,529,6491,6245,0,0,519,1365,0,2627,1288,640,1149,103,410,0,0,0,1246,6149,208,208,0,105,0,1254,212
 9475,0,6339,1169,848,1904,2379,529,6496,6250,0,0,519,1365,0,2627,1288,640,1149,103,410,0,0,0,1246,6154,208,208,0,105,0,1254,212
 9480,0,6344,1169,848,1904,2379,529,6501,6255,0,0,519,1365,0,2627,1288,640,1149,103,410,0,0,0,1246,6159,208,208,0,105,0,1254,212
 9485,0,6349,1169,848,1904,2379,529,6506,6260,0,0,519,1365,0,2627,1288,640,1149,103,410,0,0,0,1246,6164,208,208,0,105,0,1254,212
 9490,0,6354,1169,848,1904,2379,529,6511,6265,0,0,519,1365,0,2627,1288,640,1149,103,410,0,0,0,1246,6169,208,208,0,105,0,1254,212
 9495,0,6359,1169,848,1904,2379,529,6516,6270,0,0,519,1365,0,2627,1288,640,1149,103,410,0,0,0,1246,6174,208,208,0,105,0,1254,212
 9500,0,6364,1169,848,1904,2379,529,6521,6275,0,0,519,1365,0,2627,1288,640,1149,103,410,0,0,0,1246,6179,208,208,0,105,0,1254,212
 9505,0,6369,1169,848,1904,2379,529,6526,6280,0,0,519,1365,0,2627,1288,640,1149,103,410,0,0,0,1246,6184,208,208,0,105,0,1254,212
 9510,0,6374,1169,848,1904,2379,529,6531,6285,0,0,519,1365,0,2627,1288,640,1149,103,410,0,0,0,1246,6189,208,208,0,105,0,1254,212
 9515,0,6379,1169,848,1904,2379,529,6536,6290,0,0,519,1365,0,2627,1288,640,1149,103,410,0,0,0,1246,6194,208,208,0,105,0,1254,212
 9520,0,6379,1169,848,1904,2379,529,6541,6296,0,0,519,1365,0,2627,1288,640,1149,103,410,0,0,0,1246,6199,208,208,0,105,0,1254,212
 9525,0,6379,1169,848,1904,2379,529,6546,6296,0,0,519,1365,0,2627,1288,640,1149,103,410,0,0,0,1246,6205,208,208,0,105,0,1254,212
 9530,0,6379,1169,848,1904,2379,529,6551,6296,0,0,519,1365,0,2627,1288,640,1149,103,410,0,0,0,1246,6205,208,208,0,105,0,1254,212
 9535,0,6379,1169,848,1904,2379,529,6556,6296,0,0,519,1365,0,2627,1288,640,1149,103,410,0,0,0,1246,6205,208,208,0,105,0,1254,212
 9540,0,6379,1169,848,1904,2379,529,6561,6296,0,0,519,1365,0,2627,1288,640,1149,103,410,0,0,0,1246,6205,208,208,0,105,0,1254,212
 9545,0,6379,1169,848,1904,2379,529,6566,6296,0,0,519,1365,0,2627,1288,640,1149,103,410,0,0,0,1246,6205,208,208,0,105,0,1254,212
 9550,0,6379,1169,848,1904,2379,529,6571,6296,0,0,519,1365,0,2627,1288,640,1149,103,410,0,0,0,1246,6205,208,208,0,105,0,1254,212
 9555,0,6379,1169,848,1904,2379,529,6576,6296,0,0,519,1365,0,2627,1288,640,1149,103,410,0,0,0,1246,6205,208,208,0,105,0,1254,212
 9560,0,6379,1169,848,1904,2379,529,6579,6296,0,0,519,1365,0,2627,1288,640,1149,103,410,0,0,0,1246,6205,208,208,0,105,0,1254,212
 9565,0,6379,1169,848,1904,2379,529,6579,6296,0,0,519,1365,0,2627,1288,640,1149,103,410,0,0,0,1246,6205,208,208,0,105,0,1254,212
 9570,0,6379,1169,848,1904,2379,529,6579,6296,0,0,519,1365,0,2627,1288,640,1149,103,410,0,0,0,1246,6205,208,208,0,105,0,1254,212
 9575,0,6379,1169,848,1904,2379,529,6579,6296,0,0,519,1365,0,2627,1288,640,1149,103,410,0,0,0,1246,6205,208,208,0,105,0,1254,212
 9580,0,6379,1169,848,1904,2379,529,6579,6296,0,0,519,1365,0,2627,1288,640,1149,103,410,0,0,0,1246,6205,208,208,0,105,0,1254,212
 9585,0,6379,1169,848,1904,2379,529,6579,6296,0,0,519,1365,0,2627,1288,640,1149,103,410,0,0,0,1246,6205,208,208,0,105,0,1254,212
 9590,0,6379,1169,848,1904,2379,529,6579,6296,0,0,519,1365,0,2627,1288,640,1149,103,410,0,0,0,1246,6205,208,208,0,105,0,1254,212
 9595,0,6379,1169,848,1904,2379,529,6579,6296,0,0,519,1365,0,2627,1288,640,1149,103,410,0,0,0,1246,6205,208,208,0,105,0,1254,212
 9600,0,6379,1169,848,1904,2379,529,6579,6296,0,0,519,1365,0,2627,1288,640,1149,103,410,0,0,0,1246,6205,208,208,0,105,0,1254,212
 9605,0,6379,1169,848,1904,2379,529,6579,6296,0,0,519,1365,0,2627,1288,640,1149,103,410,0,0,0,1246,6205,208,208,0,105,0,1254,212
 9610,0,6379,1169,848,1904,2379,529,6579,6296,0,0,519,1365,0,2627,1288,640,1149,103,410,0,0,0,1246,6205,208,208,0,105,0,1254,212
 9615,0,6379,1169,848,1904,2379,529,6579,6296,0,0,519,1365,0,2627,1288,640,1149,103,410,0,0,0,1246,6205,208,208,0,105,0,1254,212
 9620,0,6379,1169,848,1904,2379,529,6579,6296,0,0,519,1365,0,2627,1288,640,1149,103,410,0,0,0,1246,6205,208,208,0,105,0,1254,212
 9625,0,6379,1169,848,1904,2379,529,6579,6296,0,0,519,1365,0,2627,1288,640,1149,103,410,0,0,0,1246,6205,208,208,0,105,0,1254,212
 9630,0,6379,1169,848,1904,2379,529,6579,6296,0,0,519,1365,0,2627,1288,640,1149,103,410,0,0,0,1246,6205,208,208,0,105,0,1254,212
 9635,0,6379,1169,848,1904,2379,529,6579,6296,0,0,519,1365,0,2627,1288,640,1149,103,410,0,0,0,1246,6205,208,208,0,105,0,1254,212
 9640,0,6380,1169,848,1904,2379,529,6579,6296,0,0,519,1365,0,2627,1288,640,1149,103,410,0,0,0,1246,6205,208,208,0,105,0,1254,212
 9645,0,6385,1169,848,1904,2379,529,6579,6299,0,0,519,1365,0,2627,1288,640,1149,103,410,0,0,0,1246,6204,208,208,0,105,0,1254,212
 9650,0,6390,1169,848,1904,2379,529,6579,6304,0,0,519,1365,0,2627,1288,640,1149,103,410,0,0,0,1246,6209,208,208,0,105,0,1254,212
 9655,0,6395,1169,848,1904,2379,529,6579,6309,0,0,519,1365,0,2627,1288,640,1149,103,410,0,0,0,1246,6214,208,208,0,105,0,1254,212
 9660,0,6400,1169,848,1904,2379,529,6579,6314,0,0,519,1365,0,2627,1288,640,1149,103,410,0,0,0,1246,6219,208,208,0,105,0,1254,212
 9665,0,6405,1169,848,1904,2379,529,6579,6319,0,0,519,1365,0,2627,1288,640,1149,103,410,0,0,0,1246,6224,208,208,0,105,0,1254,212
 9670,0,6410,1169,848,1904,2379,529,6579,6324,0,0,519,1365,0,2627,1288,640,1149,103,410,0,0,0,1246,6229,208,208,0,105,0,1254,212
 9675,0,6415,1169,848,1904,2379,529,6582,6329,0,0,519,1365,0,2627,1288,640,1149,103,410,0,0,0,1246,6234,208,208,0,105,0,1254,212
 9680,0,6420,1169,848,1904,2379,529,6587,6334,0,0,519,1365,0,2627,1288,640,1149,103,410,0,0,0,1246,6239,208,208,0,105,0,1254,212
 9685,0,6425,1169,848,1904,2379,529,6592,6339,0,0,519,1365,0,2627,1288,640,1149,103,410,0,0,0,1246,6244,208,208,0,105,0,1254,212
 9690,0,6430,1169,848,1904,2379,529,6597,6344,0,0,519,1365,0,2627,1288,640,1149,103,410,0,0,0,1246,6249,208,208,0,105,0,1254,212
 9695,0,6435,1169,848,1904,2379,529,6602,6349,0,0,519,1365,0,2627,1288,640,1149,103,410,0,0,0,1246,6254,208,208,0,105,0,1254,212
 9700,0,6440,1169,848,1904,2379,529,6607,6354,0,0,519,1365,0,2627,1288,640,1149,103,410,0,0,0,1246,6259,208,208,0,105,0,1254,212
 9705,0,6445,1169,848,1904,2379,529,6612,6359,0,0,519,1365,0,2627,1288,640,1149,103,410,0,0,0,1246,6264,208,208,0,105,0,1254,212
 9710,0,6450,1169,848,1904,2379,529,6617,6364,0,0,519,1365,0,2627,1288,640,1149,103,410,0,0,0,1246,6269,208,208,0,105,0,1254,212
 9715,0,6455,1169,848,1904,2379,529,6622,6369,0,0,519,1365,0,2627,1288,640,1149,103,410,0,0,0,1246,6274,208,208,0,105,0,1254,212
 9720,0,6460,1169,848,1904,2379,529,6627,6374,0,0,519,1365,0,2627,1288,640,1149,103,410,0,0,0,1246,6279,208,208,0,105,0,1254,212
 9725,0,6465,1169,848,1904,2379,529,6632,6379,0,0,519,1365,0,2627,1288,640,1149,103,410,0,0,0,1246,6284,208,208,0,105,0,1254,212
 9730,0,6470,1169,848,1904,2379,529,6637,6384,0,0,519,1365,0,2627,1288,640,1149,103,410,0,0,0,1246,6289,208,208,0,105,0,1254,212
 9735,0,6475,1169,848,1904,2379,529,6642,6389,0,0,519,1365,0,2627,1288,640,1149,103,410,0,0,0,1246,6294,208,208,0,105,0,1254,212
 9740,0,6480,1169,848,1904,2379,529,6647,6394,0,0,519,1365,0,2627,1288,640,1149,103,410,0,0,0,1246,6299,208,208,0,105,0,1254,212
 9745,0,6480,1169,848,1904,2379,529,6652,6399,0,0,519,1365,0,2627,1288,640,1149,103,410,0,0,0,1246,6304,208,208,0,105,0,1254,212
 9750,0,6480,1169,848,1904,2379,529,6657,6401,0,0,519,1365,0,2627,1288,640,1149,103,410,0,0,0,1246,6310,208,208,0,105,0,1254,212
 9755,0,6480,1169,848,1904,2379,529,6662,6401,0,0,519,1365,0,2627,1288,640,1149,103,410,0,0,0,1246,6310,208,208,0,105,0,1254,212
 9760,0,6480,1169,848,1904,2379,529,6667,6401,0,0,519,1365,0,2627,1288,640,1149,103,410,0,0,0,1246,6310,208,208,0,105,0,1254,212
 9765,0,6480,1169,848,1904,2379,529,6672,6401,0,0,519,1365,0,2627,1288,640,1149,103,410,0,0,0,1246,6310,208,208,0,105,0,1254,212
 9770,0,6480,1169,848,1904,2379,529,6677,6401,0,0,519,1365,0,2627,1288,640,1149,103,410,0,0,0,1246,6310,208,208,0,105,0,1254,212
 9775,0,6480,1169,848,1904,2379,529,6682,6401,0,0,519,1365,0,2627,1288,640,1149,103,410,0,0,0,1246,6310,208,208,0,105,0,1254,212
 9780,0,6480,1169,848,1904,2379,529,6682,6401,0,0,519,1365,0,2627,1288,640,1149,103,410,0,0,0,1246,6310,208,208,0,105,0,1254,212
 9785,0,6480,1169,848,1904,2379,529,6682,6401,0,0,519,1365,0,2627,1288,640,1149,103,410,0,0,0,1246,6310,208,208,0,105,0,1254,212
 9790,0,6480,1169,848,1904,2379,529,6682,6401,0,0,519,1365,0,2627,1288,640,1149,103,410,0,0,0,1246,6310,208,208,0,105,0,1254,212
 9795,0,6480,1169,848,1904,2379,529,6682,6401,0,0,519,1365,0,2627,1288,640,1149,103,410,0,0,0,1246,6310,208,208,0,105,0,1254,212
 9800,0,6480,1169,848,1904,2379,529,6682,6401,0,0,519,1365,0,2627,1288,640,1149,103,410,0,0,0,1246,6310,208,208,0,105,0,1254,212
 9805,0,6480,1169,848,1904,2379,529,6682,6401,0,0,519,1365,0,2627,1288,640,1149,103,410,0,0,0,1246,6310,208,208,0,105,0,1254,212
 9810,0,6480,1169,848,1904,2379,529,6682,6401,0,0,519,1365,0,2627,1288,640,1149,103,410,0,0,0,1246,6310,208,208,0,105,0,1254,212
 9815,0,6480,1169,848,1904,2379,529,6682,6401,0,0,519,1365,0,2627,1288,640,1149,103,410,0,0,0,1246,6310,208,208,0,105,0,1254,212
 9820,0,6480,1169,848,1904,2379,529,6682,6401,0,0,519,1365,0,2627,1288,640,1149,103,410,0,0,0,1246,6310,208,208,0,105,0,1254,212
 9825,0,6480,1169,848,1904,2379,529,6682,6401,0,0,519,1365,0,2627,1288,640,1149,103,410,0,0,0,1246,6310,208,208,0,105,0,1254,212
 9830,0,6480,1169,848,1904,2379,529,6682,6401,0,0,519,1365,0,2627,1288,640,1149,103,410,0,0,0,1246,6310,208,208,0,105,0,1254,212
 9835,0,6480,1169,848,1904,2379,529,6682,6401,0,0,519,1365,0,2627,1288,640,1149,103,410,0,0,0,1246,6310,208,208,0,105,0,1254,212
 9840,0,6480,1169,848,1904,2379,529,6682,6401,0,0,519,1365,0,2627,1288,640,1149,103,410,0,0,0,1246,6310,208,208,0,105,0,1254,212
 9845,0,6480,1169,848,1904,2379,529,6682,6401,0,0,519,1365,0,2627,1288,640,1149,103,410,0,0,0,1246,6310,208,208,0,105,0,1254,212
 9850,0,6480,1169,848,1904,2379,529,6682,6401,0,0,519,1365,0,2627,1288,640,1149,103,410,0,0,0,1246,6309,208,208,0,105,0,1254,212
 9855,0,6480,1169,848,1904,2379,529,6682,6401,0,0,519,1365,0,2627,1288,640,1149,103,410,0,0,0,1246,6314,208,208,0,105,0,1254,212
 9860,0,6480,1169,848,1904,2379,529,6682,6401,0,0,519,1365,0,2627,1288,640,1149,103,410,0,0,0,1246,6319,208,208,0,105,0,1254,212
 9865,0,6480,1169,848,1904,2379,529,6682,6401,0,0,519,1365,0,2627,1288,640,1149,103,410,0,0,0,1246,6324,208,208,0,105,0,1254,212
 9870,0,6480,1169,848,1904,2379,529,6682,6401,0,0,519,1365,0,2627,1288,640,1149,103,410,0,0,0,1246,6329,208,208,0,105,0,1254,212
 9875,0,6481,1169,848,1904,2379,529,6682,6401,0,0,519,1365,0,2627,1288,640,1149,103,410,0,0,0,1246,6334,208,208,0,105,0,1254,212
 9880,0,6486,1169,848,1904,2379,529,6682,6401,0,0,519,1365,0,2627,1288,640,1149,103,410,0,0,0,1246,6339,208,208,0,105,0,1254,212
 9885,0,6491,1169,848,1904,2379,529,6682,6403,0,0,519,1365,0,2627,1288,640,1149,103,410,0,0,0,1246,6344,208,208,0,105,0,1254,212
 9890,0,6496,1169,848,1904,2379,529,6682,6408,0,0,519,1365,0,2627,1288,640,1149,103,410,0,0,0,1246,6349,208,208,0,105,0,1254,212
 9895,0,6501,1169,848,1904,2379,529,6682,6413,0,0,519,1365,0,2627,1288,640,1149,103,410,0,0,0,1246,6354,208,208,0,105,0,1254,212
 9900,0,6506,1169,848,1904,2379,529,6682,6418,0,0,519,1365,0,2627,1288,640,1149,103,410,0,0,0,1246,6359,208,208,0,105,0,1254,212
 9905,0,6511,1169,848,1904,2379,529,6682,6423,0,0,519,1365,0,2627,1288,640,1149,103,410,0,0,0,1246,6364,208,208,0,105,0,1254,212
 9910,0,6516,1169,848,1904,2379,529,6682,6428,0,0,519,1365,0,2627,1288,640,1149,103,410,0,0,0,1246,6369,208,208,0,105,0,1254,212
 9915,0,6521,1169,848,1904,2379,529,6682,6433,0,0,519,1365,0,2627,1288,640,1149,103,410,0,0,0,1246,6374,208,208,0,105,0,1254,212
 9920,0,6526,1169,848,1904,2379,529,6682,6438,0,0,519,1365,0,2627,1288,640,1149,103,410,0,0,0,1246,6379,208,208,0,105,0,1254,212
 9925,0,6531,1169,848,1904,2379,529,6682,6443,0,0,519,1365,0,2627,1288,640,1149,103,410,0,0,0,1246,6384,208,208,0,105,0,1254,212
 9930,0,6536,1169,848,1904,2379,529,6682,6448,0,0,519,1365,0,2627,1288,640,1149,103,410,0,0,0,1246,6389,208,208,0,105,0,1254,212
 9935,0,6541,1169,848,1904,2379,529,6682,6453,0,0,519,1365,0,2627,1288,640,1149,103,410,0,0,0,1246,6394,208,208,0,105,0,1254,212
 9940,0,6546,1169,848,1904,2379,529,6682,6458,0,0,519,1365,0,2627,1288,640,1149,103,410,0,0,0,1246,6399,208,208,0,105,0,1254,212
 9945,0,6551,1169,848,1904,2379,529,6682,6463,0,0,519,1365,0,2627,1288,640,1149,103,410,0,0,0,1246,6404,208,208,0,105,0,1254,212
 9950,0,6556,1169,848,1904,2379,529,6682,6468,0,0,519,1365,0,2627,1288,640,1149,103,410,0,0,0,1246,6409,208,208,0,105,0,1254,212
 9955,0,6561,1169,848,1904,2379,529,6683,6473,0,0,519,1365,0,2627,1288,640,1149,103,410,0,0,0,1246,6415,208,208,0,105,0,1254,212
 9960,0,6566,1169,848,1904,2379,529,6688,6478,0,0,519,1365,0,2627,1288,640,1149,103,410,0,0,0,1246,6415,208,208,0,105,0,1254,212
 9965,0,6571,1169,848,1904,2379,529,6693,6483,0,0,519,1365,0,2627,1288,640,1149,103,410,0,0,0,1246,6415,208,208,0,105,0,1254,212
 9970,0,6576,1169,848,1904,2379,529,6698,6488,0,0,519,1365,0,2627,1288,640,1149,103,410,0,0,0,1246,6415,208,208,0,105,0,1254,212
 9975,0,6581,1169,848,1904,2379,529,6703,6493,0,0,519,1365,0,2627,1288,640,1149,103,410,0,0,0,1246,6415,208,208,0,105,0,1254,212
 9980,0,6585,1169,848,1904,2379,529,6708,6498,0,0,519,1365,0,2627,1288,640,1149,103,410,0,0,0,1246,6415,208,208,0,105,0,1254,212
 9985,0,6585,1169,848,1904,2379,529,6713,6502,0,0,519,1365,0,2627,1288,640,1149,103,410,0,0,0,1246,6415,208,208,0,105,0,1254,212
 9990,0,6585,1169,848,1904,2379,529,6718,6502,0,0,519,1365,0,2627,1288,640,1149,103,410,0,0,0,1246,6415,208,208,0,105,0,1254,212
 9995,0,6585,1169,848,1904,2379,529,6723,6502,0,0,519,1365,0,2627,1288,640,1149,103,410,0,0,0,1246,6415,208,208,0,105,0,1254,212
 10000,0,6585,1169,848,1904,2379,529,6728,6502,0,0,519,1365,0,2627,1288,640,1149,103,410,0,0,0,1246,6415,208,208,0,105,0,1254,212
 10005,0,6585,1169,848,1904,2379,529,6733,6502,0,0,519,1365,0,2627,1288,640,1149,103,410,0,0,0,1246,6415,208,208,0,105,0,1254,212
 10010,0,6585,1169,848,1904,2379,529,6738,6502,0,0,519,1365,0,2627,1288,640,1149,103,410,0,0,0,1246,6415,208,208,0,105,0,1254,212
 10015,0,6585,1169,848,1904,2379,529,6743,6502,0,0,519,1365,0,2627,1288,640,1149,103,410,0,0,0,1246,6415,208,208,0,105,0,1254,212
 10020,0,6585,1169,848,1904,2379,529,6748,6502,0,0,519,1365,0,2627,1288,640,1149,103,410,0,0,0,1246,6415,208,208,0,105,0,1254,212
 10025,0,6585,1169,848,1904,2379,529,6753,6502,0,0,519,1365,0,2627,1288,640,1149,103,410,0,0,0,1246,6418,208,208,0,105,0,1254,212
 10030,0,6585,1169,848,1904,2379,529,6758,6502,0,0,519,1365,0,2627,1288,640,1149,103,410,0,0,0,1246,6423,208,208,0,105,0,1254,212
 10035,0,6585,1169,848,1904,2379,529,6763,6502,0,0,519,1365,0,2627,1288,640,1149,103,410,0,0,0,1246,6428,208,208,0,105,0,1254,212
 10040,0,6585,1169,848,1904,2379,529,6768,6502,0,0,519,1365,0,2627,1288,640,1149,103,410,0,0,0,1246,6433,208,208,0,105,0,1254,212
 10045,0,6585,1169,848,1904,2379,529,6773,6502,0,0,519,1365,0,2627,1288,640,1149,103,410,0,0,0,1246,6438,208,208,0,105,0,1254,212
 10050,0,6585,1169,848,1904,2379,529,6778,6502,0,0,519,1365,0,2627,1288,640,1149,103,410,0,0,0,1246,6443,208,208,0,105,0,1254,212
 10055,0,6585,1169,848,1904,2379,529,6783,6502,0,0,519,1365,0,2627,1288,640,1149,103,410,0,0,0,1246,6448,208,208,0,105,0,1254,212
 10060,0,6585,1169,848,1904,2379,529,6787,6504,0,0,519,1365,0,2627,1288,640,1149,103,410,0,0,0,1246,6453,208,208,0,105,0,1254,212
 10065,0,6585,1169,848,1904,2379,529,6787,6509,0,0,519,1365,0,2627,1288,640,1149,103,410,0,0,0,1246,6458,208,208,0,105,0,1254,212
 10070,0,6586,1169,848,1904,2379,529,6787,6514,0,0,519,1365,0,2627,1288,640,1149,103,410,0,0,0,1246,6463,208,208,0,105,0,1254,212
 10075,0,6591,1169,848,1904,2379,529,6787,6519,0,0,519,1365,0,2627,1288,640,1149,103,410,0,0,0,1246,6468,208,208,0,105,0,1254,212
 10080,0,6596,1169,848,1904,2379,529,6787,6524,0,0,519,1365,0,2627,1288,640,1149,103,410,0,0,0,1246,6473,208,208,0,105,0,1254,212
 10085,0,6601,1169,848,1904,2379,529,6787,6529,0,0,519,1365,0,2627,1288,640,1149,103,410,0,0,0,1246,6478,208,208,0,105,0,1254,212
 10090,0,6606,1169,848,1904,2379,529,6787,6534,0,0,519,1365,0,2627,1288,640,1149,103,410,0,0,0,1246,6483,208,208,0,105,0,1254,212
 10095,0,6611,1169,848,1904,2379,529,6787,6539,0,0,519,1365,0,2627,1288,640,1149,103,410,0,0,0,1246,6488,208,208,0,105,0,1254,212
 10100,0,6616,1169,848,1904,2379,529,6787,6544,0,0,519,1365,0,2627,1288,640,1149,103,410,0,0,0,1246,6493,208,208,0,105,0,1254,212
 10105,0,6621,1169,848,1904,2379,529,6787,6549,0,0,519,1365,0,2627,1288,640,1149,103,410,0,0,0,1246,6498,208,208,0,105,0,1254,212
 10110,0,6626,1169,848,1904,2379,529,6787,6554,0,0,519,1365,0,2627,1288,640,1149,103,410,0,0,0,1246,6503,208,208,0,105,0,1254,212
 10115,0,6631,1169,848,1904,2379,529,6787,6559,0,0,519,1365,0,2627,1288,640,1149,103,410,0,0,0,1246,6508,208,208,0,105,0,1254,212
 10120,0,6636,1169,848,1904,2379,529,6787,6564,0,0,519,1365,0,2627,1288,640,1149,103,410,0,0,0,1246,6513,208,208,0,105,0,1254,212
 10125,0,6641,1169,848,1904,2379,529,6787,6569,0,0,519,1365,0,2627,1288,640,1149,103,410,0,0,0,1246,6518,208,208,0,105,0,1254,212
 10130,0,6646,1169,848,1904,2379,529,6787,6574,0,0,519,1365,0,2627,1288,640,1149,103,410,0,0,0,1246,6518,208,208,0,105,0,1254,212
 10135,0,6651,1169,848,1904,2379,529,6787,6579,0,0,519,1365,0,2627,1288,640,1149,103,410,0,0,0,1246,6518,208,208,0,105,0,1254,212
 10140,0,6656,1169,848,1904,2379,529,6787,6584,0,0,519,1365,0,2627,1288,640,1149,103,410,0,0,0,1246,6518,208,208,0,105,0,1254,212
 10145,0,6661,1169,848,1904,2379,529,6787,6589,0,0,519,1365,0,2627,1288,640,1149,103,410,0,0,0,1246,6518,208,208,0,105,0,1254,212
 10150,0,6666,1169,848,1904,2379,529,6787,6594,0,0,519,1365,0,2627,1288,640,1149,103,410,0,0,0,1246,6518,208,208,0,105,0,1254,212
 10155,0,6671,1169,848,1904,2379,529,6787,6599,0,0,519,1365,0,2627,1288,640,1149,103,410,0,0,0,1246,6518,208,208,0,105,0,1254,212
 10160,0,6676,1169,848,1904,2379,529,6787,6605,0,0,519,1365,0,2627,1288,640,1149,103,410,0,0,0,1246,6518,208,208,0,105,0,1254,212
 10165,0,6681,1169,848,1904,2379,529,6787,6605,0,0,519,1365,0,2627,1288,640,1149,103,410,0,0,0,1246,6518,208,208,0,105,0,1254,212
 10170,0,6686,1169,848,1904,2379,529,6787,6605,0,0,519,1365,0,2627,1288,640,1149,103,410,0,0,0,1246,6518,208,208,0,105,0,1254,212
 10175,0,6688,1169,848,1904,2379,529,6787,6605,0,0,519,1365,0,2627,1288,640,1149,103,410,0,0,0,1246,6518,208,208,0,105,0,1254,212
 10180,0,6688,1169,848,1904,2379,529,6787,6605,0,0,519,1365,0,2627,1288,640,1149,103,410,0,0,0,1246,6518,208,208,0,105,0,1254,212
 10185,0,6688,1169,848,1904,2379,529,6787,6605,0,0,519,1365,0,2627,1288,640,1149,103,410,0,0,0,1246,6518,208,208,0,105,0,1254,212
 10190,0,6688,1169,848,1904,2379,529,6787,6605,0,0,519,1365,0,2627,1288,640,1149,103,410,0,0,0,1246,6518,208,208,0,105,0,1254,212
 10195,0,6688,1169,848,1904,2379,529,6787,6605,0,0,519,1365,0,2627,1288,640,1149,103,410,0,0,0,1246,6518,208,208,0,105,0,1254,212
 10200,0,6688,1169,848,1904,2379,529,6787,6605,0,0,519,1365,0,2627,1288,640,1149,103,410,0,0,0,1246,6518,208,208,0,105,0,1254,212
 10205,0,6688,1169,848,1904,2379,529,6787,6605,0,0,519,1365,0,2627,1288,640,1149,103,410,0,0,0,1246,6518,208,208,0,105,0,1254,212
 10210,0,6688,1169,848,1904,2379,529,6787,6605,0,0,519,1365,0,2627,1288,640,1149,103,410,0,0,0,1246,6518,208,208,0,105,0,1254,212
 10215,0,6688,1169,848,1904,2379,529,6787,6605,0,0,519,1365,0,2627,1288,640,1149,103,410,0,0,0,1246,6518,208,208,0,105,0,1254,212
 10220,0,6688,1169,848,1904,2379,529,6787,6605,0,0,519,1365,0,2627,1288,640,1149,103,410,0,0,0,1246,6518,208,208,0,105,0,1254,212
 10225,0,6688,1169,848,1904,2379,529,6787,6605,0,0,519,1365,0,2627,1288,640,1149,103,410,0,0,0,1246,6518,208,208,0,105,0,1254,212
 10230,0,6688,1169,848,1904,2379,529,6786,6605,0,0,519,1365,0,2627,1288,640,1149,103,410,0,0,0,1246,6518,208,208,0,105,0,1254,212
 10235,0,6688,1169,848,1904,2379,529,6791,6605,0,0,519,1365,0,2627,1288,640,1149,103,410,0,0,0,1246,6518,208,208,0,105,0,1254,212
 10240,0,6688,1169,848,1904,2379,529,6796,6605,0,0,519,1365,0,2627,1288,640,1149,103,410,0,0,0,1246,6518,208,208,0,105,0,1254,212
 10245,0,6688,1169,848,1904,2379,529,6801,6605,0,0,519,1365,0,2627,1288,640,1149,103,410,0,0,0,1246,6518,208,208,0,105,0,1254,212
 10250,0,6688,1169,848,1904,2379,529,6806,6605,0,0,519,1365,0,2627,1288,640,1149,103,410,0,0,0,1246,6518,208,208,0,105,0,1254,212
 10255,0,6688,1169,848,1904,2379,529,6811,6605,0,0,519,1365,0,2627,1288,640,1149,103,410,0,0,0,1246,6518,208,208,0,105,0,1254,212
 10260,0,6688,1169,848,1904,2379,529,6816,6605,0,0,519,1365,0,2627,1288,640,1149,103,410,0,0,0,1246,6518,208,208,0,105,0,1254,212
 10265,0,6688,1169,848,1904,2379,529,6821,6610,0,0,519,1365,0,2627,1288,640,1149,103,410,0,0,0,1246,6518,208,208,0,105,0,1254,212
 10270,0,6688,1169,848,1904,2379,529,6826,6615,0,0,519,1365,0,2627,1288,640,1149,103,410,0,0,0,1246,6518,208,208,0,105,0,1254,212
 10275,0,6688,1169,848,1904,2379,529,6831,6620,0,0,519,1365,0,2627,1288,640,1149,103,410,0,0,0,1246,6518,208,208,0,105,0,1254,212
 10280,0,6688,1169,848,1904,2379,529,6836,6625,0,0,519,1365,0,2627,1288,640,1149,103,410,0,0,0,1246,6518,208,208,0,105,0,1254,212
 10285,0,6689,1169,848,1904,2379,529,6841,6630,0,0,519,1365,0,2627,1288,640,1149,103,410,0,0,0,1246,6518,208,208,0,105,0,1254,212
 10290,0,6694,1169,848,1904,2379,529,6846,6635,0,0,519,1365,0,2627,1288,640,1149,103,410,0,0,0,1246,6517,208,208,0,105,0,1254,212
 10295,0,6699,1169,848,1904,2379,529,6851,6640,0,0,519,1365,0,2627,1288,640,1149,103,410,0,0,0,1246,6522,208,208,0,105,0,1254,212
 10300,0,6704,1169,848,1904,2379,529,6856,6645,0,0,519,1365,0,2627,1288,640,1149,103,410,0,0,0,1246,6527,208,208,0,105,0,1254,212
 10305,0,6709,1169,848,1904,2379,529,6861,6650,0,0,519,1365,0,2627,1288,640,1149,103,410,0,0,0,1246,6532,208,208,0,105,0,1254,212
 10310,0,6714,1169,848,1904,2379,529,6866,6655,0,0,519,1365,0,2627,1288,640,1149,103,410,0,0,0,1246,6537,208,208,0,105,0,1254,212
 10315,0,6719,1169,848,1904,2379,529,6871,6660,0,0,519,1365,0,2627,1288,640,1149,103,410,0,0,0,1246,6542,208,208,0,105,0,1254,212
 10320,0,6724,1169,848,1904,2379,529,6876,6665,0,0,519,1365,0,2627,1288,640,1149,103,410,0,0,0,1246,6547,208,208,0,105,0,1254,212
 10325,0,6729,1169,848,1904,2379,529,6881,6670,0,0,519,1365,0,2627,1288,640,1149,103,410,0,0,0,1246,6552,208,208,0,105,0,1254,212
 10330,0,6734,1169,848,1904,2379,529,6886,6675,0,0,519,1365,0,2627,1288,640,1149,103,410,0,0,0,1246,6557,208,208,0,105,0,1254,212
 10335,0,6739,1169,848,1904,2379,529,6890,6680,0,0,519,1365,0,2627,1288,640,1149,103,410,0,0,0,1246,6562,208,208,0,105,0,1254,212
 10340,0,6744,1169,848,1904,2379,529,6890,6685,0,0,519,1365,0,2627,1288,640,1149,103,410,0,0,0,1246,6567,208,208,0,105,0,1254,212
 10345,0,6749,1169,848,1904,2379,529,6890,6690,0,0,519,1365,0,2627,1288,640,1149,103,410,0,0,0,1246,6572,208,208,0,105,0,1254,212
 10350,0,6754,1169,848,1904,2379,529,6890,6695,0,0,519,1365,0,2627,1288,640,1149,103,410,0,0,0,1246,6577,208,208,0,105,0,1254,212
 10355,0,6759,1169,848,1904,2379,529,6890,6700,0,0,519,1365,0,2627,1288,640,1149,103,410,0,0,0,1246,6582,208,208,0,105,0,1254,212
 10360,0,6764,1169,848,1904,2379,529,6890,6705,0,0,519,1365,0,2627,1288,640,1149,103,410,0,0,0,1246,6587,208,208,0,105,0,1254,212
 10365,0,6769,1169,848,1904,2379,529,6890,6708,0,0,519,1365,0,2627,1288,640,1149,103,410,0,0,0,1246,6592,208,208,0,105,0,1254,212
 10370,0,6774,1169,848,1904,2379,529,6890,6708,0,0,519,1365,0,2627,1288,640,1149,103,410,0,0,0,1246,6597,208,208,0,105,0,1254,212
 10375,0,6779,1169,848,1904,2379,529,6890,6708,0,0,519,1365,0,2627,1288,640,1149,103,410,0,0,0,1246,6602,208,208,0,105,0,1254,212
 10380,0,6784,1169,848,1904,2379,529,6890,6708,0,0,519,1365,0,2627,1288,640,1149,103,410,0,0,0,1246,6607,208,208,0,105,0,1254,212
 10385,0,6789,1169,848,1904,2379,529,6890,6708,0,0,519,1365,0,2627,1288,640,1149,103,410,0,0,0,1246,6612,208,208,0,105,0,1254,212
 10390,0,6793,1169,848,1904,2379,529,6890,6708,0,0,519,1365,0,2627,1288,640,1149,103,410,0,0,0,1246,6617,208,208,0,105,0,1254,212
 10395,0,6793,1169,848,1904,2379,529,6890,6708,0,0,519,1365,0,2627,1288,640,1149,103,410,0,0,0,1246,6623,208,208,0,105,0,1254,212
 10400,0,6793,1169,848,1904,2379,529,6890,6708,0,0,519,1365,0,2627,1288,640,1149,103,410,0,0,0,1246,6623,208,208,0,105,0,1254,212
 10405,0,6793,1169,848,1904,2379,529,6890,6708,0,0,519,1365,0,2627,1288,640,1149,103,410,0,0,0,1246,6623,208,208,0,105,0,1254,212
 10410,0,6793,1169,848,1904,2379,529,6890,6708,0,0,519,1365,0,2627,1288,640,1149,103,410,0,0,0,1246,6623,208,208,0,105,0,1254,212
 10415,0,6793,1169,848,1904,2379,529,6890,6708,0,0,519,1365,0,2627,1288,640,1149,103,410,0,0,0,1246,6623,208,208,0,105,0,1254,212
 10420,0,6793,1169,848,1904,2379,529,6890,6708,0,0,519,1365,0,2627,1288,640,1149,103,410,0,0,0,1246,6623,208,208,0,105,0,1254,212
 10425,0,6793,1169,848,1904,2379,529,6890,6708,0,0,519,1365,0,2627,1288,640,1149,103,410,0,0,0,1246,6623,208,208,0,105,0,1254,212
 10430,0,6793,1169,848,1904,2379,529,6890,6708,0,0,519,1365,0,2627,1288,640,1149,103,410,0,0,0,1246,6623,208,208,0,105,0,1254,212
 10435,0,6793,1169,848,1904,2379,529,6890,6708,0,0,519,1365,0,2627,1288,640,1149,103,410,0,0,0,1246,6623,208,208,0,105,0,1254,212
 10440,0,6793,1169,848,1904,2379,529,6890,6708,0,0,519,1365,0,2627,1288,640,1149,103,410,0,0,0,1246,6623,208,208,0,105,0,1254,212
 10445,0,6793,1169,848,1904,2379,529,6889,6708,0,0,519,1365,0,2627,1288,640,1149,103,410,0,0,0,1246,6623,208,208,0,105,0,1254,212
 10450,0,6793,1169,848,1904,2379,529,6894,6708,0,0,519,1365,0,2627,1288,640,1149,103,410,0,0,0,1246,6623,208,208,0,105,0,1254,212
 10455,0,6793,1169,848,1904,2379,529,6899,6708,0,0,519,1365,0,2627,1288,640,1149,103,410,0,0,0,1246,6623,208,208,0,105,0,1254,212
 10460,0,6793,1169,848,1904,2379,529,6904,6711,0,0,519,1365,0,2627,1288,640,1149,103,410,0,0,0,1246,6623,208,208,0,105,0,1254,212
 10465,0,6795,1169,848,1904,2379,529,6909,6716,0,0,519,1365,0,2627,1288,640,1149,103,410,0,0,0,1246,6623,208,208,0,105,0,1254,212
 10470,0,6800,1169,848,1904,2379,529,6914,6721,0,0,519,1365,0,2627,1288,640,1149,103,410,0,0,0,1246,6623,208,208,0,105,0,1254,212
 10475,0,6805,1169,848,1904,2379,529,6919,6726,0,0,519,1365,0,2627,1288,640,1149,103,410,0,0,0,1246,6623,208,208,0,105,0,1254,212
 10480,0,6810,1169,848,1904,2379,529,6924,6731,0,0,519,1365,0,2627,1288,640,1149,103,410,0,0,0,1246,6628,208,208,0,105,0,1254,212
 10485,0,6815,1169,848,1904,2379,529,6929,6736,0,0,519,1365,0,2627,1288,640,1149,103,410,0,0,0,1246,6633,208,208,0,105,0,1254,212
 10490,0,6820,1169,848,1904,2379,529,6934,6741,0,0,519,1365,0,2627,1288,640,1149,103,410,0,0,0,1246,6638,208,208,0,105,0,1254,212
 10495,0,6825,1169,848,1904,2379,529,6939,6746,0,0,519,1365,0,2627,1288,640,1149,103,410,0,0,0,1246,6643,208,208,0,105,0,1254,212
 10500,0,6830,1169,848,1904,2379,529,6944,6751,0,0,519,1365,0,2627,1288,640,1149,103,410,0,0,0,1246,6648,208,208,0,105,0,1254,212
 10505,0,6835,1169,848,1904,2379,529,6949,6756,0,0,519,1365,0,2627,1288,640,1149,103,410,0,0,0,1246,6653,208,208,0,105,0,1254,212
 10510,0,6840,1169,848,1904,2379,529,6954,6761,0,0,519,1365,0,2627,1288,640,1149,103,410,0,0,0,1246,6658,208,208,0,105,0,1254,212
 10515,0,6845,1169,848,1904,2379,529,6959,6766,0,0,519,1365,0,2627,1288,640,1149,103,410,0,0,0,1246,6663,208,208,0,105,0,1254,212
 10520,0,6850,1169,848,1904,2379,529,6964,6771,0,0,519,1365,0,2627,1288,640,1149,103,410,0,0,0,1246,6668,208,208,0,105,0,1254,212
 10525,0,6855,1169,848,1904,2379,529,6969,6776,0,0,519,1365,0,2627,1288,640,1149,103,410,0,0,0,1246,6673,208,208,0,105,0,1254,212
 10530,0,6860,1169,848,1904,2379,529,6974,6781,0,0,519,1365,0,2627,1288,640,1149,103,410,0,0,0,1246,6678,208,208,0,105,0,1254,212
 10535,0,6865,1169,848,1904,2379,529,6979,6786,0,0,519,1365,0,2627,1288,640,1149,103,410,0,0,0,1246,6683,208,208,0,105,0,1254,212
 10540,0,6870,1169,848,1904,2379,529,6984,6791,0,0,519,1365,0,2627,1288,640,1149,103,410,0,0,0,1246,6688,208,208,0,105,0,1254,212
 10545,0,6875,1169,848,1904,2379,529,6989,6796,0,0,519,1365,0,2627,1288,640,1149,103,410,0,0,0,1246,6693,208,208,0,105,0,1254,212
 10550,0,6880,1169,848,1904,2379,529,6991,6801,0,0,519,1365,0,2627,1288,640,1149,103,410,0,0,0,1246,6698,208,208,0,105,0,1254,212
 10555,0,6885,1169,848,1904,2379,529,6991,6806,0,0,519,1365,0,2627,1288,640,1149,103,410,0,0,0,1246,6703,208,208,0,105,0,1254,212
 10560,0,6890,1169,848,1904,2379,529,6991,6809,0,0,519,1365,0,2627,1288,640,1149,103,410,0,0,0,1246,6708,208,208,0,105,0,1254,212
 10565,0,6895,1169,848,1904,2379,529,6991,6809,0,0,519,1365,0,2627,1288,640,1149,103,410,0,0,0,1246,6713,208,208,0,105,0,1254,212
 10570,0,6898,1169,848,1904,2379,529,6991,6809,0,0,519,1365,0,2627,1288,640,1149,103,410,0,0,0,1246,6718,208,208,0,105,0,1254,212
 10575,0,6898,1169,848,1904,2379,529,6991,6809,0,0,519,1365,0,2627,1288,640,1149,103,410,0,0,0,1246,6723,208,208,0,105,0,1254,212
 10580,0,6898,1169,848,1904,2379,529,6991,6809,0,0,519,1365,0,2627,1288,640,1149,103,410,0,0,0,1246,6726,208,208,0,105,0,1254,212
 10585,0,6898,1169,848,1904,2379,529,6991,6809,0,0,519,1365,0,2627,1288,640,1149,103,410,0,0,0,1246,6726,208,208,0,105,0,1254,212
 10590,0,6898,1169,848,1904,2379,529,6991,6809,0,0,519,1365,0,2627,1288,640,1149,103,410,0,0,0,1246,6726,208,208,0,105,0,1254,212
 10595,0,6898,1169,848,1904,2379,529,6991,6809,0,0,519,1365,0,2627,1288,640,1149,103,410,0,0,0,1246,6726,208,208,0,105,0,1254,212
 10600,0,6898,1169,848,1904,2379,529,6991,6809,0,0,519,1365,0,2627,1288,640,1149,103,410,0,0,0,1246,6726,208,208,0,105,0,1254,212
 10605,0,6898,1169,848,1904,2379,529,6991,6809,0,0,519,1365,0,2627,1288,640,1149,103,410,0,0,0,1246,6726,208,208,0,105,0,1254,212
 10610,0,6899,1169,848,1904,2379,529,6991,6809,0,0,519,1365,0,2627,1288,640,1149,103,410,0,0,0,1246,6726,208,208,0,105,0,1254,212
 10615,0,6904,1169,848,1904,2379,529,6991,6809,0,0,519,1365,0,2627,1288,640,1149,103,410,0,0,0,1246,6726,208,208,0,105,0,1254,212
 10620,0,6909,1169,848,1904,2379,529,6991,6809,0,0,519,1365,0,2627,1288,640,1149,103,410,0,0,0,1246,6726,208,208,0,105,0,1254,212
 10625,0,6914,1169,848,1904,2379,529,6991,6809,0,0,519,1365,0,2627,1288,640,1149,103,410,0,0,0,1246,6726,208,208,0,105,0,1254,212
 10630,0,6919,1169,848,1904,2379,529,6991,6809,0,0,519,1365,0,2627,1288,640,1149,103,410,0,0,0,1246,6726,208,208,0,105,0,1254,212
 10635,0,6924,1169,848,1904,2379,529,6991,6809,0,0,519,1365,0,2627,1288,640,1149,103,410,0,0,0,1246,6726,208,208,0,105,0,1254,212
 10640,0,6929,1169,848,1904,2379,529,6991,6809,0,0,519,1365,0,2627,1288,640,1149,103,410,0,0,0,1246,6726,208,208,0,105,0,1254,212
 10645,0,6934,1169,848,1904,2379,529,6991,6809,0,0,519,1365,0,2627,1288,640,1149,103,410,0,0,0,1246,6726,208,208,0,105,0,1254,212
 10650,0,6939,1169,848,1904,2379,529,6991,6809,0,0,519,1365,0,2627,1288,640,1149,103,410,0,0,0,1246,6726,208,208,0,105,0,1254,212
 10655,0,6944,1169,848,1904,2379,529,6991,6809,0,0,519,1365,0,2627,1288,640,1149,103,410,0,0,0,1246,6726,208,208,0,105,0,1254,212
 10660,0,6949,1169,848,1904,2379,529,6994,6809,0,0,519,1365,0,2627,1288,640,1149,103,410,0,0,0,1246,6726,208,208,0,105,0,1254,212
 10665,0,6954,1169,848,1904,2379,529,6999,6809,0,0,519,1365,0,2627,1288,640,1149,103,410,0,0,0,1246,6731,208,208,0,105,0,1254,212
 10670,0,6959,1169,848,1904,2379,529,7004,6811,0,0,519,1365,0,2627,1288,640,1149,103,410,0,0,0,1246,6736,208,208,0,105,0,1254,212
 10675,0,6964,1169,848,1904,2379,529,7009,6816,0,0,519,1365,0,2627,1288,640,1149,103,410,0,0,0,1246,6741,208,208,0,105,0,1254,212
 10680,0,6969,1169,848,1904,2379,529,7014,6821,0,0,519,1365,0,2627,1288,640,1149,103,410,0,0,0,1246,6746,208,208,0,105,0,1254,212
 10685,0,6974,1169,848,1904,2379,529,7019,6826,0,0,519,1365,0,2627,1288,640,1149,103,410,0,0,0,1246,6751,208,208,0,105,0,1254,212
 10690,0,6979,1169,848,1904,2379,529,7024,6831,0,0,519,1365,0,2627,1288,640,1149,103,410,0,0,0,1246,6756,208,208,0,105,0,1254,212
 10695,0,6984,1169,848,1904,2379,529,7029,6836,0,0,519,1365,0,2627,1288,640,1149,103,410,0,0,0,1246,6761,208,208,0,105,0,1254,212
 10700,0,6989,1169,848,1904,2379,529,7034,6841,0,0,519,1365,0,2627,1288,640,1149,103,410,0,0,0,1246,6766,208,208,0,105,0,1254,212
 10705,0,6994,1169,848,1904,2379,529,7039,6846,0,0,519,1365,0,2627,1288,640,1149,103,410,0,0,0,1246,6771,208,208,0,105,0,1254,212
 10710,0,6999,1169,848,1904,2379,529,7044,6851,0,0,519,1365,0,2627,1288,640,1149,103,410,0,0,0,1246,6776,208,208,0,105,0,1254,212
 10715,0,7001,1169,848,1904,2379,529,7049,6856,0,0,519,1365,0,2627,1288,640,1149,103,410,0,0,0,1246,6781,208,208,0,105,0,1254,212
 10720,0,7001,1169,848,1904,2379,529,7054,6861,0,0,519,1365,0,2627,1288,640,1149,103,410,0,0,0,1246,6786,208,208,0,105,0,1254,212
 10725,0,7001,1169,848,1904,2379,529,7059,6866,0,0,519,1365,0,2627,1288,640,1149,103,410,0,0,0,1246,6791,208,208,0,105,0,1254,212
 10730,0,7001,1169,848,1904,2379,529,7064,6871,0,0,519,1365,0,2627,1288,640,1149,103,410,0,0,0,1246,6796,208,208,0,105,0,1254,212
 10735,0,7001,1169,848,1904,2379,529,7069,6876,0,0,519,1365,0,2627,1288,640,1149,103,410,0,0,0,1246,6801,208,208,0,105,0,1254,212
 10740,0,7001,1169,848,1904,2379,529,7074,6881,0,0,519,1365,0,2627,1288,640,1149,103,410,0,0,0,1246,6806,208,208,0,105,0,1254,212
 10745,0,7001,1169,848,1904,2379,529,7079,6886,0,0,519,1365,0,2627,1288,640,1149,103,410,0,0,0,1246,6811,208,208,0,105,0,1254,212
 10750,0,7001,1169,848,1904,2379,529,7084,6891,0,0,519,1365,0,2627,1288,640,1149,103,410,0,0,0,1246,6816,208,208,0,105,0,1254,212
 10755,0,7001,1169,848,1904,2379,529,7089,6896,0,0,519,1365,0,2627,1288,640,1149,103,410,0,0,0,1246,6821,208,208,0,105,0,1254,212
 10760,0,7001,1169,848,1904,2379,529,7094,6901,0,0,519,1365,0,2627,1288,640,1149,103,410,0,0,0,1246,6826,208,208,0,105,0,1254,212
 10765,0,7001,1169,848,1904,2379,529,7096,6906,0,0,519,1365,0,2627,1288,640,1149,103,410,0,0,0,1246,6831,208,208,0,105,0,1254,212
 10770,0,7001,1169,848,1904,2379,529,7096,6911,0,0,519,1365,0,2627,1288,640,1149,103,410,0,0,0,1246,6835,208,208,0,105,0,1254,212
 10775,0,7001,1169,848,1904,2379,529,7096,6914,0,0,519,1365,0,2627,1288,640,1149,103,410,0,0,0,1246,6835,208,208,0,105,0,1254,212
 10780,0,7002,1169,848,1904,2379,529,7096,6914,0,0,519,1365,0,2627,1288,640,1149,103,410,0,0,0,1246,6835,208,208,0,105,0,1254,212
 10785,0,7007,1169,848,1904,2379,529,7096,6914,0,0,519,1365,0,2627,1288,640,1149,103,410,0,0,0,1246,6835,208,208,0,105,0,1254,212
 10790,0,7012,1169,848,1904,2379,529,7096,6914,0,0,519,1365,0,2627,1288,640,1149,103,410,0,0,0,1246,6835,208,208,0,105,0,1254,212
 10795,0,7017,1169,848,1904,2379,529,7096,6914,0,0,519,1365,0,2627,1288,640,1149,103,410,0,0,0,1246,6835,208,208,0,105,0,1254,212
 10800,0,7022,1169,848,1904,2379,529,7096,6914,0,0,519,1365,0,2627,1288,640,1149,103,410,0,0,0,1246,6835,208,208,0,105,0,1254,212
 10805,0,7027,1169,848,1904,2379,529,7096,6914,0,0,519,1365,0,2627,1288,640,1149,103,410,0,0,0,1246,6835,208,208,0,105,0,1254,212
 10810,0,7032,1169,848,1904,2379,529,7096,6914,0,0,519,1365,0,2627,1288,640,1149,103,410,0,0,0,1246,6835,208,208,0,105,0,1254,212
 10815,0,7037,1169,848,1904,2379,529,7096,6914,0,0,519,1365,0,2627,1288,640,1149,103,410,0,0,0,1246,6835,208,208,0,105,0,1254,212
 10820,0,7042,1169,848,1904,2379,529,7096,6914,0,0,519,1365,0,2627,1288,640,1149,103,410,0,0,0,1246,6835,208,208,0,105,0,1254,212
 10825,0,7047,1169,848,1904,2379,529,7096,6914,0,0,519,1365,0,2627,1288,640,1149,103,410,0,0,0,1246,6835,208,208,0,105,0,1254,212
 10830,0,7052,1169,848,1904,2379,529,7096,6914,0,0,519,1365,0,2627,1288,640,1149,103,410,0,0,0,1246,6835,208,208,0,105,0,1254,212
 10835,0,7057,1169,848,1904,2379,529,7096,6914,0,0,519,1365,0,2627,1288,640,1149,103,410,0,0,0,1246,6835,208,208,0,105,0,1254,212
 10840,0,7062,1169,848,1904,2379,529,7096,6914,0,0,519,1365,0,2627,1288,640,1149,103,410,0,0,0,1246,6835,208,208,0,105,0,1254,212
 10845,0,7067,1169,848,1904,2379,529,7096,6914,0,0,519,1365,0,2627,1288,640,1149,103,410,0,0,0,1246,6835,208,208,0,105,0,1254,212
 10850,0,7072,1169,848,1904,2379,529,7096,6914,0,0,519,1365,0,2627,1288,640,1149,103,410,0,0,0,1246,6835,208,208,0,105,0,1254,212
 10855,0,7077,1169,848,1904,2379,529,7096,6914,0,0,519,1365,0,2627,1288,640,1149,103,410,0,0,0,1246,6835,208,208,0,105,0,1254,212
 10860,0,7082,1169,848,1904,2379,529,7096,6916,0,0,519,1365,0,2627,1288,640,1149,103,410,0,0,0,1246,6835,208,208,0,105,0,1254,212
 10865,0,7087,1169,848,1904,2379,529,7096,6921,0,0,519,1365,0,2627,1288,640,1149,103,410,0,0,0,1246,6835,208,208,0,105,0,1254,212
 10870,0,7092,1169,848,1904,2379,529,7097,6926,0,0,519,1365,0,2627,1288,640,1149,103,410,0,0,0,1246,6840,208,208,0,105,0,1254,212
 10875,0,7097,1169,848,1904,2379,529,7102,6931,0,0,519,1365,0,2627,1288,640,1149,103,410,0,0,0,1246,6845,208,208,0,105,0,1254,212
 10880,0,7102,1169,848,1904,2379,529,7107,6936,0,0,519,1365,0,2627,1288,640,1149,103,410,0,0,0,1246,6850,208,208,0,105,0,1254,212
 10885,0,7104,1169,848,1904,2379,529,7112,6941,0,0,519,1365,0,2627,1288,640,1149,103,410,0,0,0,1246,6855,208,208,0,105,0,1254,212
 10890,0,7104,1169,848,1904,2379,529,7117,6946,0,0,519,1365,0,2627,1288,640,1149,103,410,0,0,0,1246,6860,208,208,0,105,0,1254,212
 10895,0,7104,1169,848,1904,2379,529,7122,6951,0,0,519,1365,0,2627,1288,640,1149,103,410,0,0,0,1246,6865,208,208,0,105,0,1254,212
 10900,0,7104,1169,848,1904,2379,529,7127,6956,0,0,519,1365,0,2627,1288,640,1149,103,410,0,0,0,1246,6870,208,208,0,105,0,1254,212
 10905,0,7104,1169,848,1904,2379,529,7132,6961,0,0,519,1365,0,2627,1288,640,1149,103,410,0,0,0,1246,6875,208,208,0,105,0,1254,212
 10910,0,7104,1169,848,1904,2379,529,7137,6966,0,0,519,1365,0,2627,1288,640,1149,103,410,0,0,0,1246,6880,208,208,0,105,0,1254,212
 10915,0,7104,1169,848,1904,2379,529,7142,6971,0,0,519,1365,0,2627,1288,640,1149,103,410,0,0,0,1246,6885,208,208,0,105,0,1254,212
 10920,0,7104,1169,848,1904,2379,529,7147,6976,0,0,519,1365,0,2627,1288,640,1149,103,410,0,0,0,1246,6890,208,208,0,105,0,1254,212
 10925,0,7104,1169,848,1904,2379,529,7152,6981,0,0,519,1365,0,2627,1288,640,1149,103,410,0,0,0,1246,6895,208,208,0,105,0,1254,212
 10930,0,7104,1169,848,1904,2379,529,7157,6986,0,0,519,1365,0,2627,1288,640,1149,103,410,0,0,0,1246,6900,208,208,0,105,0,1254,212
 10935,0,7104,1169,848,1904,2379,529,7162,6991,0,0,519,1365,0,2627,1288,640,1149,103,410,0,0,0,1246,6905,208,208,0,105,0,1254,212
 10940,0,7104,1169,848,1904,2379,529,7167,6996,0,0,519,1365,0,2627,1288,640,1149,103,410,0,0,0,1246,6910,208,208,0,105,0,1254,212
 10945,0,7104,1169,848,1904,2379,529,7172,7001,0,0,519,1365,0,2627,1288,640,1149,103,410,0,0,0,1246,6915,208,208,0,105,0,1254,212
 10950,0,7104,1169,848,1904,2379,529,7177,7006,0,0,519,1365,0,2627,1288,640,1149,103,410,0,0,0,1246,6920,208,208,0,105,0,1254,212
 10955,0,7104,1169,848,1904,2379,529,7182,7011,0,0,519,1365,0,2627,1288,640,1149,103,410,0,0,0,1246,6925,208,208,0,105,0,1254,212
 10960,0,7104,1169,848,1904,2379,529,7187,7016,0,0,519,1365,0,2627,1288,640,1149,103,410,0,0,0,1246,6930,208,208,0,105,0,1254,212
 10965,0,7104,1169,848,1904,2379,529,7192,7019,0,0,519,1365,0,2627,1288,640,1149,103,410,0,0,0,1246,6935,208,208,0,105,0,1254,212
 10970,0,7104,1169,848,1904,2379,529,7197,7019,0,0,519,1365,0,2627,1288,640,1149,103,410,0,0,0,1246,6938,208,208,0,105,0,1254,212
 10975,0,7104,1169,848,1904,2379,529,7201,7019,0,0,519,1365,0,2627,1288,640,1149,103,410,0,0,0,1246,6938,208,208,0,105,0,1254,212
 10980,0,7104,1169,848,1904,2379,529,7201,7019,0,0,519,1365,0,2627,1288,640,1149,103,410,0,0,0,1246,6938,208,208,0,105,0,1254,212
 10985,0,7104,1169,848,1904,2379,529,7201,7019,0,0,519,1365,0,2627,1288,640,1149,103,410,0,0,0,1246,6938,208,208,0,105,0,1254,212
 10990,0,7104,1169,848,1904,2379,529,7201,7019,0,0,519,1365,0,2627,1288,640,1149,103,410,0,0,0,1246,6938,208,208,0,105,0,1254,212
 10995,0,7104,1169,848,1904,2379,529,7201,7019,0,0,519,1365,0,2627,1288,640,1149,103,410,0,0,0,1246,6938,208,208,0,105,0,1254,212
 11000,0,7104,1169,848,1904,2379,529,7201,7019,0,0,519,1365,0,2627,1288,640,1149,103,410,0,0,0,1246,6938,208,208,0,105,0,1254,212
 11005,0,7104,1169,848,1904,2379,529,7201,7019,0,0,519,1365,0,2627,1288,640,1149,103,410,0,0,0,1246,6938,208,208,0,105,0,1254,212
 11010,0,7104,1169,848,1904,2379,529,7201,7019,0,0,519,1365,0,2627,1288,640,1149,103,410,0,0,0,1246,6938,208,208,0,105,0,1254,212
 11015,0,7104,1169,848,1904,2379,529,7201,7019,0,0,519,1365,0,2627,1288,640,1149,103,410,0,0,0,1246,6938,208,208,0,105,0,1254,212
 11020,0,7104,1169,848,1904,2379,529,7201,7019,0,0,519,1365,0,2627,1288,640,1149,103,410,0,0,0,1246,6938,208,208,0,105,0,1254,212
 11025,0,7104,1169,848,1904,2379,529,7201,7019,0,0,519,1365,0,2627,1288,640,1149,103,410,0,0,0,1246,6938,208,208,0,105,0,1254,212
 11030,0,7104,1169,848,1904,2379,529,7201,7019,0,0,519,1365,0,2627,1288,640,1149,103,410,0,0,0,1246,6938,208,208,0,105,0,1254,212
 11035,0,7105,1169,848,1904,2379,529,7201,7019,0,0,519,1365,0,2627,1288,640,1149,103,410,0,0,0,1246,6938,208,208,0,105,0,1254,212
 11040,0,7110,1169,848,1904,2379,529,7201,7019,0,0,519,1365,0,2627,1288,640,1149,103,410,0,0,0,1246,6938,208,208,0,105,0,1254,212
 11045,0,7115,1169,848,1904,2379,529,7201,7019,0,0,519,1365,0,2627,1288,640,1149,103,410,0,0,0,1246,6938,208,208,0,105,0,1254,212
 11050,0,7120,1169,848,1904,2379,529,7201,7019,0,0,519,1365,0,2627,1288,640,1149,103,410,0,0,0,1246,6938,208,208,0,105,0,1254,212
 11055,0,7125,1169,848,1904,2379,529,7201,7019,0,0,519,1365,0,2627,1288,640,1149,103,410,0,0,0,1246,6938,208,208,0,105,0,1254,212
 11060,0,7130,1169,848,1904,2379,529,7201,7019,0,0,519,1365,0,2627,1288,640,1149,103,410,0,0,0,1246,6938,208,208,0,105,0,1254,212
 11065,0,7135,1169,848,1904,2379,529,7201,7019,0,0,519,1365,0,2627,1288,640,1149,103,410,0,0,0,1246,6937,208,208,0,105,0,1254,212
 11070,0,7140,1169,848,1904,2379,529,7201,7019,0,0,519,1365,0,2627,1288,640,1149,103,410,0,0,0,1246,6942,208,208,0,105,0,1254,212
 11075,0,7145,1169,848,1904,2379,529,7201,7019,0,0,519,1365,0,2627,1288,640,1149,103,410,0,0,0,1246,6947,208,208,0,105,0,1254,212
 11080,0,7150,1169,848,1904,2379,529,7204,7019,0,0,519,1365,0,2627,1288,640,1149,103,410,0,0,0,1246,6952,208,208,0,105,0,1254,212
 11085,0,7155,1169,848,1904,2379,529,7209,7019,0,0,519,1365,0,2627,1288,640,1149,103,410,0,0,0,1246,6957,208,208,0,105,0,1254,212
 11090,0,7160,1169,848,1904,2379,529,7214,7022,0,0,519,1365,0,2627,1288,640,1149,103,410,0,0,0,1246,6962,208,208,0,105,0,1254,212
 11095,0,7165,1169,848,1904,2379,529,7219,7027,0,0,519,1365,0,2627,1288,640,1149,103,410,0,0,0,1246,6967,208,208,0,105,0,1254,212
 11100,0,7170,1169,848,1904,2379,529,7224,7032,0,0,519,1365,0,2627,1288,640,1149,103,410,0,0,0,1246,6972,208,208,0,105,0,1254,212
 11105,0,7175,1169,848,1904,2379,529,7229,7037,0,0,519,1365,0,2627,1288,640,1149,103,410,0,0,0,1246,6977,208,208,0,105,0,1254,212
 11110,0,7180,1169,848,1904,2379,529,7234,7042,0,0,519,1365,0,2627,1288,640,1149,103,410,0,0,0,1246,6982,208,208,0,105,0,1254,212
 11115,0,7185,1169,848,1904,2379,529,7239,7047,0,0,519,1365,0,2627,1288,640,1149,103,410,0,0,0,1246,6987,208,208,0,105,0,1254,212
 11120,0,7190,1169,848,1904,2379,529,7244,7052,0,0,519,1365,0,2627,1288,640,1149,103,410,0,0,0,1246,6992,208,208,0,105,0,1254,212
 11125,0,7195,1169,848,1904,2379,529,7249,7057,0,0,519,1365,0,2627,1288,640,1149,103,410,0,0,0,1246,6997,208,208,0,105,0,1254,212
 11130,0,7200,1169,848,1904,2379,529,7254,7062,0,0,519,1365,0,2627,1288,640,1149,103,410,0,0,0,1246,7002,208,208,0,105,0,1254,212
 11135,0,7205,1169,848,1904,2379,529,7259,7067,0,0,519,1365,0,2627,1288,640,1149,103,410,0,0,0,1246,7007,208,208,0,105,0,1254,212
 11140,0,7207,1169,848,1904,2379,529,7264,7072,0,0,519,1365,0,2627,1288,640,1149,103,410,0,0,0,1246,7012,208,208,0,105,0,1254,212
 11145,0,7207,1169,848,1904,2379,529,7269,7077,0,0,519,1365,0,2627,1288,640,1149,103,410,0,0,0,1246,7017,208,208,0,105,0,1254,212
 11150,0,7207,1169,848,1904,2379,529,7274,7082,0,0,519,1365,0,2627,1288,640,1149,103,410,0,0,0,1246,7022,208,208,0,105,0,1254,212
 11155,0,7207,1169,848,1904,2379,529,7279,7087,0,0,519,1365,0,2627,1288,640,1149,103,410,0,0,0,1246,7027,208,208,0,105,0,1254,212
 11160,0,7207,1169,848,1904,2379,529,7284,7092,0,0,519,1365,0,2627,1288,640,1149,103,410,0,0,0,1246,7032,208,208,0,105,0,1254,212
 11165,0,7207,1169,848,1904,2379,529,7289,7097,0,0,519,1365,0,2627,1288,640,1149,103,410,0,0,0,1246,7037,208,208,0,105,0,1254,212
 11170,0,7207,1169,848,1904,2379,529,7294,7102,0,0,519,1365,0,2627,1288,640,1149,103,410,0,0,0,1246,7041,208,208,0,105,0,1254,212
 11175,0,7207,1169,848,1904,2379,529,7299,7107,0,0,519,1365,0,2627,1288,640,1149,103,410,0,0,0,1246,7041,208,208,0,105,0,1254,212
 11180,0,7207,1169,848,1904,2379,529,7304,7112,0,0,519,1365,0,2627,1288,640,1149,103,410,0,0,0,1246,7041,208,208,0,105,0,1254,212
 11185,0,7207,1169,848,1904,2379,529,7304,7117,0,0,519,1365,0,2627,1288,640,1149,103,410,0,0,0,1246,7041,208,208,0,105,0,1254,212
 11190,0,7207,1169,848,1904,2379,529,7304,7122,0,0,519,1365,0,2627,1288,640,1149,103,410,0,0,0,1246,7041,208,208,0,105,0,1254,212
 11195,0,7207,1169,848,1904,2379,529,7304,7122,0,0,519,1365,0,2627,1288,640,1149,103,410,0,0,0,1246,7041,208,208,0,105,0,1254,212
 11200,0,7207,1169,848,1904,2379,529,7304,7122,0,0,519,1365,0,2627,1288,640,1149,103,410,0,0,0,1246,7041,208,208,0,105,0,1254,212
 11205,0,7207,1169,848,1904,2379,529,7304,7122,0,0,519,1365,0,2627,1288,640,1149,103,410,0,0,0,1246,7041,208,208,0,105,0,1254,212
 11210,0,7207,1169,848,1904,2379,529,7304,7122,0,0,519,1365,0,2627,1288,640,1149,103,410,0,0,0,1246,7041,208,208,0,105,0,1254,212
 11215,0,7208,1169,848,1904,2379,529,7304,7122,0,0,519,1365,0,2627,1288,640,1149,103,410,0,0,0,1246,7041,208,208,0,105,0,1254,212
 11220,0,7213,1169,848,1904,2379,529,7304,7122,0,0,519,1365,0,2627,1288,640,1149,103,410,0,0,0,1246,7041,208,208,0,105,0,1254,212
 11225,0,7218,1169,848,1904,2379,529,7304,7122,0,0,519,1365,0,2627,1288,640,1149,103,410,0,0,0,1246,7041,208,208,0,105,0,1254,212
 11230,0,7223,1169,848,1904,2379,529,7304,7122,0,0,519,1365,0,2627,1288,640,1149,103,410,0,0,0,1246,7041,208,208,0,105,0,1254,212
 11235,0,7228,1169,848,1904,2379,529,7304,7122,0,0,519,1365,0,2627,1288,640,1149,103,410,0,0,0,1246,7041,208,208,0,105,0,1254,212
 11240,0,7233,1169,848,1904,2379,529,7304,7122,0,0,519,1365,0,2627,1288,640,1149,103,410,0,0,0,1246,7041,208,208,0,105,0,1254,212
 11245,0,7238,1169,848,1904,2379,529,7304,7122,0,0,519,1365,0,2627,1288,640,1149,103,410,0,0,0,1246,7041,208,208,0,105,0,1254,212
 11250,0,7243,1169,848,1904,2379,529,7304,7122,0,0,519,1365,0,2627,1288,640,1149,103,410,0,0,0,1246,7041,208,208,0,105,0,1254,212
 11255,0,7248,1169,848,1904,2379,529,7304,7122,0,0,519,1365,0,2627,1288,640,1149,103,410,0,0,0,1246,7041,208,208,0,105,0,1254,212
 11260,0,7253,1169,848,1904,2379,529,7304,7122,0,0,519,1365,0,2627,1288,640,1149,103,410,0,0,0,1246,7041,208,208,0,105,0,1254,212
 11265,0,7258,1169,848,1904,2379,529,7304,7122,0,0,519,1365,0,2627,1288,640,1149,103,410,0,0,0,1246,7041,208,208,0,105,0,1254,212
 11270,0,7263,1169,848,1904,2379,529,7307,7122,0,0,519,1365,0,2627,1288,640,1149,103,410,0,0,0,1246,7041,208,208,0,105,0,1254,212
 11275,0,7268,1169,848,1904,2379,529,7312,7124,0,0,519,1365,0,2627,1288,640,1149,103,410,0,0,0,1246,7040,208,208,0,105,0,1254,212
 11280,0,7273,1169,848,1904,2379,529,7317,7129,0,0,519,1365,0,2627,1288,640,1149,103,410,0,0,0,1246,7045,208,208,0,105,0,1254,212
 11285,0,7278,1169,848,1904,2379,529,7322,7134,0,0,519,1365,0,2627,1288,640,1149,103,410,0,0,0,1246,7050,208,208,0,105,0,1254,212
 11290,0,7283,1169,848,1904,2379,529,7327,7139,0,0,519,1365,0,2627,1288,640,1149,103,410,0,0,0,1246,7055,208,208,0,105,0,1254,212
 11295,0,7288,1169,848,1904,2379,529,7332,7144,0,0,519,1365,0,2627,1288,640,1149,103,410,0,0,0,1246,7060,208,208,0,105,0,1254,212
 11300,0,7293,1169,848,1904,2379,529,7337,7149,0,0,519,1365,0,2627,1288,640,1149,103,410,0,0,0,1246,7065,208,208,0,105,0,1254,212
 11305,0,7298,1169,848,1904,2379,529,7342,7154,0,0,519,1365,0,2627,1288,640,1149,103,410,0,0,0,1246,7070,208,208,0,105,0,1254,212
 11310,0,7303,1169,848,1904,2379,529,7347,7159,0,0,519,1365,0,2627,1288,640,1149,103,410,0,0,0,1246,7075,208,208,0,105,0,1254,212
 11315,0,7308,1169,848,1904,2379,529,7352,7164,0,0,519,1365,0,2627,1288,640,1149,103,410,0,0,0,1246,7080,208,208,0,105,0,1254,212
 11320,0,7308,1169,848,1904,2379,529,7357,7169,0,0,519,1365,0,2627,1288,640,1149,103,410,0,0,0,1246,7085,208,208,0,105,0,1254,212
 11325,0,7308,1169,848,1904,2379,529,7362,7174,0,0,519,1365,0,2627,1288,640,1149,103,410,0,0,0,1246,7090,208,208,0,105,0,1254,212
 11330,0,7308,1169,848,1904,2379,529,7367,7179,0,0,519,1365,0,2627,1288,640,1149,103,410,0,0,0,1246,7095,208,208,0,105,0,1254,212
 11335,0,7308,1169,848,1904,2379,529,7372,7184,0,0,519,1365,0,2627,1288,640,1149,103,410,0,0,0,1246,7100,208,208,0,105,0,1254,212
 11340,0,7308,1169,848,1904,2379,529,7377,7189,0,0,519,1365,0,2627,1288,640,1149,103,410,0,0,0,1246,7105,208,208,0,105,0,1254,212
 11345,0,7308,1169,848,1904,2379,529,7382,7194,0,0,519,1365,0,2627,1288,640,1149,103,410,0,0,0,1246,7110,208,208,0,105,0,1254,212
 11350,0,7308,1169,848,1904,2379,529,7387,7199,0,0,519,1365,0,2627,1288,640,1149,103,410,0,0,0,1246,7115,208,208,0,105,0,1254,212
 11355,0,7308,1169,848,1904,2379,529,7392,7204,0,0,519,1365,0,2627,1288,640,1149,103,410,0,0,0,1246,7120,208,208,0,105,0,1254,212
 11360,0,7308,1169,848,1904,2379,529,7397,7209,0,0,519,1365,0,2627,1288,640,1149,103,410,0,0,0,1246,7125,208,208,0,105,0,1254,212
 11365,0,7308,1169,848,1904,2379,529,7402,7214,0,0,519,1365,0,2627,1288,640,1149,103,410,0,0,0,1246,7130,208,208,0,105,0,1254,212
 11370,0,7308,1169,848,1904,2379,529,7407,7219,0,0,519,1365,0,2627,1288,640,1149,103,410,0,0,0,1246,7135,208,208,0,105,0,1254,212
 11375,0,7308,1169,848,1904,2379,529,7407,7224,0,0,519,1365,0,2627,1288,640,1149,103,410,0,0,0,1246,7140,208,208,0,105,0,1254,212
 11380,0,7308,1169,848,1904,2379,529,7407,7227,0,0,519,1365,0,2627,1288,640,1149,103,410,0,0,0,1246,7144,208,208,0,105,0,1254,212
 11385,0,7308,1169,848,1904,2379,529,7407,7227,0,0,519,1365,0,2627,1288,640,1149,103,410,0,0,0,1246,7144,208,208,0,105,0,1254,212
 11390,0,7309,1169,848,1904,2379,529,7407,7227,0,0,519,1365,0,2627,1288,640,1149,103,410,0,0,0,1246,7144,208,208,0,105,0,1254,212
 11395,0,7314,1169,848,1904,2379,529,7407,7227,0,0,519,1365,0,2627,1288,640,1149,103,410,0,0,0,1246,7144,208,208,0,105,0,1254,212
 11400,0,7319,1169,848,1904,2379,529,7407,7227,0,0,519,1365,0,2627,1288,640,1149,103,410,0,0,0,1246,7144,208,208,0,105,0,1254,212
 11405,0,7324,1169,848,1904,2379,529,7407,7227,0,0,519,1365,0,2627,1288,640,1149,103,410,0,0,0,1246,7144,208,208,0,105,0,1254,212
 11410,0,7329,1169,848,1904,2379,529,7407,7227,0,0,519,1365,0,2627,1288,640,1149,103,410,0,0,0,1246,7144,208,208,0,105,0,1254,212
 11415,0,7334,1169,848,1904,2379,529,7407,7227,0,0,519,1365,0,2627,1288,640,1149,103,410,0,0,0,1246,7144,208,208,0,105,0,1254,212
 11420,0,7339,1169,848,1904,2379,529,7407,7227,0,0,519,1365,0,2627,1288,640,1149,103,410,0,0,0,1246,7144,208,208,0,105,0,1254,212
 11425,0,7344,1169,848,1904,2379,529,7407,7227,0,0,519,1365,0,2627,1288,640,1149,103,410,0,0,0,1246,7144,208,208,0,105,0,1254,212
 11430,0,7349,1169,848,1904,2379,529,7407,7227,0,0,519,1365,0,2627,1288,640,1149,103,410,0,0,0,1246,7144,208,208,0,105,0,1254,212
 11435,0,7354,1169,848,1904,2379,529,7407,7227,0,0,519,1365,0,2627,1288,640,1149,103,410,0,0,0,1246,7144,208,208,0,105,0,1254,212
 11440,0,7359,1169,848,1904,2379,529,7407,7227,0,0,519,1365,0,2627,1288,640,1149,103,410,0,0,0,1246,7144,208,208,0,105,0,1254,212
 11445,0,7364,1169,848,1904,2379,529,7407,7227,0,0,519,1365,0,2627,1288,640,1149,103,410,0,0,0,1246,7144,208,208,0,105,0,1254,212
 11450,0,7369,1169,848,1904,2379,529,7407,7227,0,0,519,1365,0,2627,1288,640,1149,103,410,0,0,0,1246,7144,208,208,0,105,0,1254,212
 11455,0,7374,1169,848,1904,2379,529,7407,7227,0,0,519,1365,0,2627,1288,640,1149,103,410,0,0,0,1246,7144,208,208,0,105,0,1254,212
 11460,0,7379,1169,848,1904,2379,529,7407,7227,0,0,519,1365,0,2627,1288,640,1149,103,410,0,0,0,1246,7144,208,208,0,105,0,1254,212
 11465,0,7384,1169,848,1904,2379,529,7407,7227,0,0,519,1365,0,2627,1288,640,1149,103,410,0,0,0,1246,7144,208,208,0,105,0,1254,212
 11470,0,7389,1169,848,1904,2379,529,7407,7227,0,0,519,1365,0,2627,1288,640,1149,103,410,0,0,0,1246,7144,208,208,0,105,0,1254,212
 11475,0,7394,1169,848,1904,2379,529,7407,7227,0,0,519,1365,0,2627,1288,640,1149,103,410,0,0,0,1246,7144,208,208,0,105,0,1254,212
 11480,0,7399,1169,848,1904,2379,529,7407,7227,0,0,519,1365,0,2627,1288,640,1149,103,410,0,0,0,1246,7144,208,208,0,105,0,1254,212
 11485,0,7404,1169,848,1904,2379,529,7407,7227,0,0,519,1365,0,2627,1288,640,1149,103,410,0,0,0,1246,7144,208,208,0,105,0,1254,212
 11490,0,7409,1169,848,1904,2379,529,7407,7227,0,0,519,1365,0,2627,1288,640,1149,103,410,0,0,0,1246,7144,208,208,0,105,0,1254,212
 11495,0,7411,1169,848,1904,2379,529,7407,7227,0,0,519,1365,0,2627,1288,640,1149,103,410,0,0,0,1246,7144,208,208,0,105,0,1254,212
 11500,0,7411,1169,848,1904,2379,529,7407,7227,0,0,519,1365,0,2627,1288,640,1149,103,410,0,0,0,1246,7144,208,208,0,105,0,1254,212
 11505,0,7411,1169,848,1904,2379,529,7407,7227,0,0,519,1365,0,2627,1288,640,1149,103,410,0,0,0,1246,7144,208,208,0,105,0,1254,212
 11510,0,7411,1169,848,1904,2379,529,7407,7227,0,0,519,1365,0,2627,1288,640,1149,103,410,0,0,0,1246,7144,208,208,0,105,0,1254,212
 11515,0,7411,1169,848,1904,2379,529,7407,7227,0,0,519,1365,0,2627,1288,640,1149,103,410,0,0,0,1246,7144,208,208,0,105,0,1254,212
 11520,0,7411,1169,848,1904,2379,529,7407,7227,0,0,519,1365,0,2627,1288,640,1149,103,410,0,0,0,1246,7149,208,208,0,105,0,1254,212
 11525,0,7411,1169,848,1904,2379,529,7407,7227,0,0,519,1365,0,2627,1288,640,1149,103,410,0,0,0,1246,7154,208,208,0,105,0,1254,212
 11530,0,7411,1169,848,1904,2379,529,7408,7227,0,0,519,1365,0,2627,1288,640,1149,103,410,0,0,0,1246,7159,208,208,0,105,0,1254,212
 11535,0,7411,1169,848,1904,2379,529,7413,7227,0,0,519,1365,0,2627,1288,640,1149,103,410,0,0,0,1246,7164,208,208,0,105,0,1254,212
 11540,0,7411,1169,848,1904,2379,529,7418,7227,0,0,519,1365,0,2627,1288,640,1149,103,410,0,0,0,1246,7169,208,208,0,105,0,1254,212
 11545,0,7411,1169,848,1904,2379,529,7423,7228,0,0,519,1365,0,2627,1288,640,1149,103,410,0,0,0,1246,7174,208,208,0,105,0,1254,212
 11550,0,7411,1169,848,1904,2379,529,7428,7233,0,0,519,1365,0,2627,1288,640,1149,103,410,0,0,0,1246,7179,208,208,0,105,0,1254,212
 11555,0,7411,1169,848,1904,2379,529,7433,7238,0,0,519,1365,0,2627,1288,640,1149,103,410,0,0,0,1246,7184,208,208,0,105,0,1254,212
 11560,0,7413,1169,848,1904,2379,529,7438,7243,0,0,519,1365,0,2627,1288,640,1149,103,410,0,0,0,1246,7189,208,208,0,105,0,1254,212
 11565,0,7418,1169,848,1904,2379,529,7443,7248,0,0,519,1365,0,2627,1288,640,1149,103,410,0,0,0,1246,7194,208,208,0,105,0,1254,212
 11570,0,7423,1169,848,1904,2379,529,7448,7253,0,0,519,1365,0,2627,1288,640,1149,103,410,0,0,0,1246,7199,208,208,0,105,0,1254,212
 11575,0,7428,1169,848,1904,2379,529,7453,7258,0,0,519,1365,0,2627,1288,640,1149,103,410,0,0,0,1246,7204,208,208,0,105,0,1254,212
 11580,0,7433,1169,848,1904,2379,529,7458,7263,0,0,519,1365,0,2627,1288,640,1149,103,410,0,0,0,1246,7209,208,208,0,105,0,1254,212
 11585,0,7438,1169,848,1904,2379,529,7463,7268,0,0,519,1365,0,2627,1288,640,1149,103,410,0,0,0,1246,7214,208,208,0,105,0,1254,212
 11590,0,7443,1169,848,1904,2379,529,7468,7273,0,0,519,1365,0,2627,1288,640,1149,103,410,0,0,0,1246,7219,208,208,0,105,0,1254,212
 11595,0,7448,1169,848,1904,2379,529,7473,7278,0,0,519,1365,0,2627,1288,640,1149,103,410,0,0,0,1246,7224,208,208,0,105,0,1254,212
 11600,0,7453,1169,848,1904,2379,529,7478,7283,0,0,519,1365,0,2627,1288,640,1149,103,410,0,0,0,1246,7229,208,208,0,105,0,1254,212
 11605,0,7458,1169,848,1904,2379,529,7483,7288,0,0,519,1365,0,2627,1288,640,1149,103,410,0,0,0,1246,7234,208,208,0,105,0,1254,212
 11610,0,7463,1169,848,1904,2379,529,7488,7293,0,0,519,1365,0,2627,1288,640,1149,103,410,0,0,0,1246,7239,208,208,0,105,0,1254,212
 11615,0,7468,1169,848,1904,2379,529,7493,7298,0,0,519,1365,0,2627,1288,640,1149,103,410,0,0,0,1246,7244,208,208,0,105,0,1254,212
 11620,0,7473,1169,848,1904,2379,529,7498,7303,0,0,519,1365,0,2627,1288,640,1149,103,410,0,0,0,1246,7249,208,208,0,105,0,1254,212
 11625,0,7478,1169,848,1904,2379,529,7503,7308,0,0,519,1365,0,2627,1288,640,1149,103,410,0,0,0,1246,7251,208,208,0,105,0,1254,212
 11630,0,7483,1169,848,1904,2379,529,7508,7313,0,0,519,1365,0,2627,1288,640,1149,103,410,0,0,0,1246,7251,208,208,0,105,0,1254,212
 11635,0,7488,1169,848,1904,2379,529,7514,7318,0,0,519,1365,0,2627,1288,640,1149,103,410,0,0,0,1246,7251,208,208,0,105,0,1254,212
 11640,0,7493,1169,848,1904,2379,529,7514,7323,0,0,519,1365,0,2627,1288,640,1149,103,410,0,0,0,1246,7251,208,208,0,105,0,1254,212
 11645,0,7498,1169,848,1904,2379,529,7514,7328,0,0,519,1365,0,2627,1288,640,1149,103,410,0,0,0,1246,7251,208,208,0,105,0,1254,212
 11650,0,7503,1169,848,1904,2379,529,7514,7332,0,0,519,1365,0,2627,1288,640,1149,103,410,0,0,0,1246,7251,208,208,0,105,0,1254,212
 11655,0,7508,1169,848,1904,2379,529,7514,7332,0,0,519,1365,0,2627,1288,640,1149,103,410,0,0,0,1246,7251,208,208,0,105,0,1254,212
 11660,0,7513,1169,848,1904,2379,529,7514,7332,0,0,519,1365,0,2627,1288,640,1149,103,410,0,0,0,1246,7251,208,208,0,105,0,1254,212
 11665,0,7516,1169,848,1904,2379,529,7514,7332,0,0,519,1365,0,2627,1288,640,1149,103,410,0,0,0,1246,7251,208,208,0,105,0,1254,212
 11670,0,7516,1169,848,1904,2379,529,7514,7332,0,0,519,1365,0,2627,1288,640,1149,103,410,0,0,0,1246,7251,208,208,0,105,0,1254,212
 11675,0,7516,1169,848,1904,2379,529,7514,7332,0,0,519,1365,0,2627,1288,640,1149,103,410,0,0,0,1246,7251,208,208,0,105,0,1254,212
 11680,0,7516,1169,848,1904,2379,529,7514,7332,0,0,519,1365,0,2627,1288,640,1149,103,410,0,0,0,1246,7251,208,208,0,105,0,1254,212
 11685,0,7516,1169,848,1904,2379,529,7514,7332,0,0,519,1365,0,2627,1288,640,1149,103,410,0,0,0,1246,7251,208,208,0,105,0,1254,212
 11690,0,7516,1169,848,1904,2379,529,7514,7332,0,0,519,1365,0,2627,1288,640,1149,103,410,0,0,0,1246,7251,208,208,0,105,0,1254,212
 11695,0,7516,1169,848,1904,2379,529,7514,7332,0,0,519,1365,0,2627,1288,640,1149,103,410,0,0,0,1246,7251,208,208,0,105,0,1254,212
 11700,0,7516,1169,848,1904,2379,529,7514,7332,0,0,519,1365,0,2627,1288,640,1149,103,410,0,0,0,1246,7251,208,208,0,105,0,1254,212
 11705,0,7516,1169,848,1904,2379,529,7514,7332,0,0,519,1365,0,2627,1288,640,1149,103,410,0,0,0,1246,7251,208,208,0,105,0,1254,212
 11710,0,7516,1169,848,1904,2379,529,7514,7332,0,0,519,1365,0,2627,1288,640,1149,103,410,0,0,0,1246,7251,208,208,0,105,0,1254,212
 11715,0,7516,1169,848,1904,2379,529,7514,7332,0,0,519,1365,0,2627,1288,640,1149,103,410,0,0,0,1246,7251,208,208,0,105,0,1254,212
 11720,0,7516,1169,848,1904,2379,529,7514,7332,0,0,519,1365,0,2627,1288,640,1149,103,410,0,0,0,1246,7251,208,208,0,105,0,1254,212
 11725,0,7516,1169,848,1904,2379,529,7514,7332,0,0,519,1365,0,2627,1288,640,1149,103,410,0,0,0,1246,7251,208,208,0,105,0,1254,212
 11730,0,7516,1169,848,1904,2379,529,7514,7332,0,0,519,1365,0,2627,1288,640,1149,103,410,0,0,0,1246,7251,208,208,0,105,0,1254,212
 11735,0,7516,1169,848,1904,2379,529,7513,7332,0,0,519,1365,0,2627,1288,640,1149,103,410,0,0,0,1246,7250,208,208,0,105,0,1254,212
 11740,0,7517,1169,848,1904,2379,529,7518,7332,0,0,519,1365,0,2627,1288,640,1149,103,410,0,0,0,1246,7255,208,208,0,105,0,1254,212
 11745,0,7522,1169,848,1904,2379,529,7523,7332,0,0,519,1365,0,2627,1288,640,1149,103,410,0,0,0,1246,7260,208,208,0,105,0,1254,212
 11750,0,7527,1169,848,1904,2379,529,7528,7332,0,0,519,1365,0,2627,1288,640,1149,103,410,0,0,0,1246,7265,208,208,0,105,0,1254,212
 11755,0,7532,1169,848,1904,2379,529,7533,7334,0,0,519,1365,0,2627,1288,640,1149,103,410,0,0,0,1246,7270,208,208,0,105,0,1254,212
 11760,0,7537,1169,848,1904,2379,529,7538,7339,0,0,519,1365,0,2627,1288,640,1149,103,410,0,0,0,1246,7275,208,208,0,105,0,1254,212
 11765,0,7542,1169,848,1904,2379,529,7543,7344,0,0,519,1365,0,2627,1288,640,1149,103,410,0,0,0,1246,7280,208,208,0,105,0,1254,212
 11770,0,7547,1169,848,1904,2379,529,7548,7349,0,0,519,1365,0,2627,1288,640,1149,103,410,0,0,0,1246,7285,208,208,0,105,0,1254,212
 11775,0,7552,1169,848,1904,2379,529,7553,7354,0,0,519,1365,0,2627,1288,640,1149,103,410,0,0,0,1246,7290,208,208,0,105,0,1254,212
 11780,0,7557,1169,848,1904,2379,529,7558,7359,0,0,519,1365,0,2627,1288,640,1149,103,410,0,0,0,1246,7295,208,208,0,105,0,1254,212
 11785,0,7562,1169,848,1904,2379,529,7563,7364,0,0,519,1365,0,2627,1288,640,1149,103,410,0,0,0,1246,7300,208,208,0,105,0,1254,212
 11790,0,7567,1169,848,1904,2379,529,7568,7369,0,0,519,1365,0,2627,1288,640,1149,103,410,0,0,0,1246,7305,208,208,0,105,0,1254,212
 11795,0,7572,1169,848,1904,2379,529,7573,7374,0,0,519,1365,0,2627,1288,640,1149,103,410,0,0,0,1246,7310,208,208,0,105,0,1254,212
 11800,0,7577,1169,848,1904,2379,529,7578,7379,0,0,519,1365,0,2627,1288,640,1149,103,410,0,0,0,1246,7315,208,208,0,105,0,1254,212
 11805,0,7582,1169,848,1904,2379,529,7583,7384,0,0,519,1365,0,2627,1288,640,1149,103,410,0,0,0,1246,7320,208,208,0,105,0,1254,212
 11810,0,7587,1169,848,1904,2379,529,7588,7389,0,0,519,1365,0,2627,1288,640,1149,103,410,0,0,0,1246,7325,208,208,0,105,0,1254,212
 11815,0,7592,1169,848,1904,2379,529,7593,7394,0,0,519,1365,0,2627,1288,640,1149,103,410,0,0,0,1246,7330,208,208,0,105,0,1254,212
 11820,0,7597,1169,848,1904,2379,529,7598,7399,0,0,519,1365,0,2627,1288,640,1149,103,410,0,0,0,1246,7335,208,208,0,105,0,1254,212
 11825,0,7602,1169,848,1904,2379,529,7603,7404,0,0,519,1365,0,2627,1288,640,1149,103,410,0,0,0,1246,7340,208,208,0,105,0,1254,212
 11830,0,7607,1169,848,1904,2379,529,7608,7409,0,0,519,1365,0,2627,1288,640,1149,103,410,0,0,0,1246,7345,208,208,0,105,0,1254,212
 11835,0,7612,1169,848,1904,2379,529,7613,7414,0,0,519,1365,0,2627,1288,640,1149,103,410,0,0,0,1246,7350,208,208,0,105,0,1254,212
 11840,0,7617,1169,848,1904,2379,529,7615,7419,0,0,519,1365,0,2627,1288,640,1149,103,410,0,0,0,1246,7356,208,208,0,105,0,1254,212
 11845,0,7617,1169,848,1904,2379,529,7615,7424,0,0,519,1365,0,2627,1288,640,1149,103,410,0,0,0,1246,7356,208,208,0,105,0,1254,212
 11850,0,7617,1169,848,1904,2379,529,7615,7429,0,0,519,1365,0,2627,1288,640,1149,103,410,0,0,0,1246,7356,208,208,0,105,0,1254,212
 11855,0,7617,1169,848,1904,2379,529,7615,7434,0,0,519,1365,0,2627,1288,640,1149,103,410,0,0,0,1246,7356,208,208,0,105,0,1254,212
 11860,0,7617,1169,848,1904,2379,529,7615,7437,0,0,519,1365,0,2627,1288,640,1149,103,410,0,0,0,1246,7356,208,208,0,105,0,1254,212
 11865,0,7617,1169,848,1904,2379,529,7615,7437,0,0,519,1365,0,2627,1288,640,1149,103,410,0,0,0,1246,7356,208,208,0,105,0,1254,212
 11870,0,7617,1169,848,1904,2379,529,7615,7437,0,0,519,1365,0,2627,1288,640,1149,103,410,0,0,0,1246,7356,208,208,0,105,0,1254,212
 11875,0,7617,1169,848,1904,2379,529,7615,7437,0,0,519,1365,0,2627,1288,640,1149,103,410,0,0,0,1246,7356,208,208,0,105,0,1254,212
 11880,0,7617,1169,848,1904,2379,529,7615,7437,0,0,519,1365,0,2627,1288,640,1149,103,410,0,0,0,1246,7356,208,208,0,105,0,1254,212
 11885,0,7617,1169,848,1904,2379,529,7615,7437,0,0,519,1365,0,2627,1288,640,1149,103,410,0,0,0,1246,7356,208,208,0,105,0,1254,212
 11890,0,7617,1169,848,1904,2379,529,7615,7437,0,0,519,1365,0,2627,1288,640,1149,103,410,0,0,0,1246,7356,208,208,0,105,0,1254,212
 11895,0,7617,1169,848,1904,2379,529,7615,7437,0,0,519,1365,0,2627,1288,640,1149,103,410,0,0,0,1246,7356,208,208,0,105,0,1254,212
 11900,0,7617,1169,848,1904,2379,529,7615,7437,0,0,519,1365,0,2627,1288,640,1149,103,410,0,0,0,1246,7356,208,208,0,105,0,1254,212
 11905,0,7617,1169,848,1904,2379,529,7615,7437,0,0,519,1365,0,2627,1288,640,1149,103,410,0,0,0,1246,7356,208,208,0,105,0,1254,212
 11910,0,7617,1169,848,1904,2379,529,7615,7437,0,0,519,1365,0,2627,1288,640,1149,103,410,0,0,0,1246,7356,208,208,0,105,0,1254,212
 11915,0,7617,1169,848,1904,2379,529,7615,7437,0,0,519,1365,0,2627,1288,640,1149,103,410,0,0,0,1246,7356,208,208,0,105,0,1254,212
 11920,0,7617,1169,848,1904,2379,529,7615,7437,0,0,519,1365,0,2627,1288,640,1149,103,410,0,0,0,1246,7356,208,208,0,105,0,1254,212
 11925,0,7617,1169,848,1904,2379,529,7615,7437,0,0,519,1365,0,2627,1288,640,1149,103,410,0,0,0,1246,7356,208,208,0,105,0,1254,212
 11930,0,7617,1169,848,1904,2379,529,7615,7437,0,0,519,1365,0,2627,1288,640,1149,103,410,0,0,0,1246,7356,208,208,0,105,0,1254,212
 11935,0,7617,1169,848,1904,2379,529,7615,7437,0,0,519,1365,0,2627,1288,640,1149,103,410,0,0,0,1246,7356,208,208,0,105,0,1254,212
 11940,0,7617,1169,848,1904,2379,529,7615,7437,0,0,519,1365,0,2627,1288,640,1149,103,410,0,0,0,1246,7356,208,208,0,105,0,1254,212
 11945,0,7617,1169,848,1904,2379,529,7615,7437,0,0,519,1365,0,2627,1288,640,1149,103,410,0,0,0,1246,7356,208,208,0,105,0,1254,212
 11950,0,7617,1169,848,1904,2379,529,7615,7437,0,0,519,1365,0,2627,1288,640,1149,103,410,0,0,0,1246,7356,208,208,0,105,0,1254,212
 11955,0,7617,1169,848,1904,2379,529,7614,7437,0,0,519,1365,0,2627,1288,640,1149,103,410,0,0,0,1246,7356,208,208,0,105,0,1254,212
 11960,0,7617,1169,848,1904,2379,529,7619,7437,0,0,519,1365,0,2627,1288,640,1149,103,410,0,0,0,1246,7356,208,208,0,105,0,1254,212
 11965,0,7617,1169,848,1904,2379,529,7624,7439,0,0,519,1365,0,2627,1288,640,1149,103,410,0,0,0,1246,7356,208,208,0,105,0,1254,212
 11970,0,7617,1169,848,1904,2379,529,7629,7444,0,0,519,1365,0,2627,1288,640,1149,103,410,0,0,0,1246,7359,208,208,0,105,0,1254,212
 11975,0,7617,1169,848,1904,2379,529,7634,7449,0,0,519,1365,0,2627,1288,640,1149,103,410,0,0,0,1246,7364,208,208,0,105,0,1254,212
 11980,0,7617,1169,848,1904,2379,529,7639,7454,0,0,519,1365,0,2627,1288,640,1149,103,410,0,0,0,1246,7369,208,208,0,105,0,1254,212
 11985,0,7616,1169,848,1904,2379,529,7644,7459,0,0,519,1365,0,2627,1288,640,1149,103,410,0,0,0,1246,7374,208,208,0,105,0,1254,212
 11990,0,7621,1169,848,1904,2379,529,7649,7464,0,0,519,1365,0,2627,1288,640,1149,103,410,0,0,0,1246,7379,208,208,0,105,0,1254,212
 11995,0,7626,1169,848,1904,2379,529,7654,7469,0,0,519,1365,0,2627,1288,640,1149,103,410,0,0,0,1246,7384,208,208,0,105,0,1254,212
 12000,0,7631,1169,848,1904,2379,529,7659,7474,0,0,519,1365,0,2627,1288,640,1149,103,410,0,0,0,1246,7389,208,208,0,105,0,1254,212
 12005,0,7636,1169,848,1904,2379,529,7664,7479,0,0,519,1365,0,2627,1288,640,1149,103,410,0,0,0,1246,7394,208,208,0,105,0,1254,212
 12010,0,7641,1169,848,1904,2379,529,7669,7484,0,0,519,1365,0,2627,1288,640,1149,103,410,0,0,0,1246,7399,208,208,0,105,0,1254,212
 12015,0,7646,1169,848,1904,2379,529,7674,7489,0,0,519,1365,0,2627,1288,640,1149,103,410,0,0,0,1246,7404,208,208,0,105,0,1254,212
 12020,0,7651,1169,848,1904,2379,529,7679,7494,0,0,519,1365,0,2627,1288,640,1149,103,410,0,0,0,1246,7409,208,208,0,105,0,1254,212
 12025,0,7656,1169,848,1904,2379,529,7684,7499,0,0,519,1365,0,2627,1288,640,1149,103,410,0,0,0,1246,7414,208,208,0,105,0,1254,212
 12030,0,7661,1169,848,1904,2379,529,7689,7504,0,0,519,1365,0,2627,1288,640,1149,103,410,0,0,0,1246,7419,208,208,0,105,0,1254,212
 12035,0,7666,1169,848,1904,2379,529,7694,7509,0,0,519,1365,0,2627,1288,640,1149,103,410,0,0,0,1246,7424,208,208,0,105,0,1254,212
 12040,0,7671,1169,848,1904,2379,529,7699,7514,0,0,519,1365,0,2627,1288,640,1149,103,410,0,0,0,1246,7429,208,208,0,105,0,1254,212
 12045,0,7676,1169,848,1904,2379,529,7704,7519,0,0,519,1365,0,2627,1288,640,1149,103,410,0,0,0,1246,7434,208,208,0,105,0,1254,212
 12050,0,7681,1169,848,1904,2379,529,7709,7524,0,0,519,1365,0,2627,1288,640,1149,103,410,0,0,0,1246,7439,208,208,0,105,0,1254,212
 12055,0,7686,1169,848,1904,2379,529,7714,7529,0,0,519,1365,0,2627,1288,640,1149,103,410,0,0,0,1246,7444,208,208,0,105,0,1254,212
 12060,0,7691,1169,848,1904,2379,529,7718,7534,0,0,519,1365,0,2627,1288,640,1149,103,410,0,0,0,1246,7449,208,208,0,105,0,1254,212
 12065,0,7696,1169,848,1904,2379,529,7718,7540,0,0,519,1365,0,2627,1288,640,1149,103,410,0,0,0,1246,7454,208,208,0,105,0,1254,212
 12070,0,7701,1169,848,1904,2379,529,7718,7540,0,0,519,1365,0,2627,1288,640,1149,103,410,0,0,0,1246,7457,208,208,0,105,0,1254,212
 12075,0,7706,1169,848,1904,2379,529,7718,7540,0,0,519,1365,0,2627,1288,640,1149,103,410,0,0,0,1246,7457,208,208,0,105,0,1254,212
 12080,0,7711,1169,848,1904,2379,529,7718,7540,0,0,519,1365,0,2627,1288,640,1149,103,410,0,0,0,1246,7457,208,208,0,105,0,1254,212
 12085,0,7716,1169,848,1904,2379,529,7718,7540,0,0,519,1365,0,2627,1288,640,1149,103,410,0,0,0,1246,7457,208,208,0,105,0,1254,212
 12090,0,7722,1169,848,1904,2379,529,7718,7540,0,0,519,1365,0,2627,1288,640,1149,103,410,0,0,0,1246,7457,208,208,0,105,0,1254,212
 12095,0,7722,1169,848,1904,2379,529,7718,7540,0,0,519,1365,0,2627,1288,640,1149,103,410,0,0,0,1246,7457,208,208,0,105,0,1254,212
 12100,0,7722,1169,848,1904,2379,529,7718,7540,0,0,519,1365,0,2627,1288,640,1149,103,410,0,0,0,1246,7457,208,208,0,105,0,1254,212
 12105,0,7722,1169,848,1904,2379,529,7718,7540,0,0,519,1365,0,2627,1288,640,1149,103,410,0,0,0,1246,7457,208,208,0,105,0,1254,212
 12110,0,7722,1169,848,1904,2379,529,7718,7540,0,0,519,1365,0,2627,1288,640,1149,103,410,0,0,0,1246,7457,208,208,0,105,0,1254,212
 12115,0,7722,1169,848,1904,2379,529,7718,7540,0,0,519,1365,0,2627,1288,640,1149,103,410,0,0,0,1246,7457,208,208,0,105,0,1254,212
 12120,0,7722,1169,848,1904,2379,529,7718,7540,0,0,519,1365,0,2627,1288,640,1149,103,410,0,0,0,1246,7457,208,208,0,105,0,1254,212
 12125,0,7722,1169,848,1904,2379,529,7718,7540,0,0,519,1365,0,2627,1288,640,1149,103,410,0,0,0,1246,7457,208,208,0,105,0,1254,212
 12130,0,7722,1169,848,1904,2379,529,7718,7540,0,0,519,1365,0,2627,1288,640,1149,103,410,0,0,0,1246,7457,208,208,0,105,0,1254,212
 12135,0,7722,1169,848,1904,2379,529,7718,7540,0,0,519,1365,0,2627,1288,640,1149,103,410,0,0,0,1246,7457,208,208,0,105,0,1254,212
 12140,0,7722,1169,848,1904,2379,529,7718,7540,0,0,519,1365,0,2627,1288,640,1149,103,410,0,0,0,1246,7457,208,208,0,105,0,1254,212
 12145,0,7722,1169,848,1904,2379,529,7718,7540,0,0,519,1365,0,2627,1288,640,1149,103,410,0,0,0,1246,7457,208,208,0,105,0,1254,212
 12150,0,7722,1169,848,1904,2379,529,7718,7540,0,0,519,1365,0,2627,1288,640,1149,103,410,0,0,0,1246,7457,208,208,0,105,0,1254,212
 12155,0,7722,1169,848,1904,2379,529,7718,7540,0,0,519,1365,0,2627,1288,640,1149,103,410,0,0,0,1246,7457,208,208,0,105,0,1254,212
 12160,0,7722,1169,848,1904,2379,529,7718,7540,0,0,519,1365,0,2627,1288,640,1149,103,410,0,0,0,1246,7457,208,208,0,105,0,1254,212
 12165,0,7722,1169,848,1904,2379,529,7718,7540,0,0,519,1365,0,2627,1288,640,1149,103,410,0,0,0,1246,7457,208,208,0,105,0,1254,212
 12170,0,7722,1169,848,1904,2379,529,7718,7540,0,0,519,1365,0,2627,1288,640,1149,103,410,0,0,0,1246,7457,208,208,0,105,0,1254,212
 12175,0,7722,1169,848,1904,2379,529,7718,7543,0,0,519,1365,0,2627,1288,640,1149,103,410,0,0,0,1246,7457,208,208,0,105,0,1254,212
 12180,0,7722,1169,848,1904,2379,529,7718,7548,0,0,519,1365,0,2627,1288,640,1149,103,410,0,0,0,1246,7462,208,208,0,105,0,1254,212
 12185,0,7722,1169,848,1904,2379,529,7719,7553,0,0,519,1365,0,2627,1288,640,1149,103,410,0,0,0,1246,7467,208,208,0,105,0,1254,212
 12190,0,7724,1169,848,1904,2379,529,7724,7558,0,0,519,1365,0,2627,1288,640,1149,103,410,0,0,0,1246,7472,208,208,0,105,0,1254,212
 12195,0,7729,1169,848,1904,2379,529,7729,7563,0,0,519,1365,0,2627,1288,640,1149,103,410,0,0,0,1246,7477,208,208,0,105,0,1254,212
 12200,0,7734,1169,848,1904,2379,529,7734,7568,0,0,519,1365,0,2627,1288,640,1149,103,410,0,0,0,1246,7482,208,208,0,105,0,1254,212
 12205,0,7739,1169,848,1904,2379,529,7739,7573,0,0,519,1365,0,2627,1288,640,1149,103,410,0,0,0,1246,7487,208,208,0,105,0,1254,212
 12210,0,7744,1169,848,1904,2379,529,7744,7578,0,0,519,1365,0,2627,1288,640,1149,103,410,0,0,0,1246,7492,208,208,0,105,0,1254,212
 12215,0,7749,1169,848,1904,2379,529,7749,7583,0,0,519,1365,0,2627,1288,640,1149,103,410,0,0,0,1246,7497,208,208,0,105,0,1254,212
 12220,0,7754,1169,848,1904,2379,529,7754,7588,0,0,519,1365,0,2627,1288,640,1149,103,410,0,0,0,1246,7502,208,208,0,105,0,1254,212
 12225,0,7759,1169,848,1904,2379,529,7759,7593,0,0,519,1365,0,2627,1288,640,1149,103,410,0,0,0,1246,7507,208,208,0,105,0,1254,212
 12230,0,7764,1169,848,1904,2379,529,7764,7598,0,0,519,1365,0,2627,1288,640,1149,103,410,0,0,0,1246,7512,208,208,0,105,0,1254,212
 12235,0,7769,1169,848,1904,2379,529,7769,7603,0,0,519,1365,0,2627,1288,640,1149,103,410,0,0,0,1246,7517,208,208,0,105,0,1254,212
 12240,0,7774,1169,848,1904,2379,529,7774,7608,0,0,519,1365,0,2627,1288,640,1149,103,410,0,0,0,1246,7522,208,208,0,105,0,1254,212
 12245,0,7779,1169,848,1904,2379,529,7779,7613,0,0,519,1365,0,2627,1288,640,1149,103,410,0,0,0,1246,7527,208,208,0,105,0,1254,212
 12250,0,7784,1169,848,1904,2379,529,7784,7618,0,0,519,1365,0,2627,1288,640,1149,103,410,0,0,0,1246,7532,208,208,0,105,0,1254,212
 12255,0,7789,1169,848,1904,2379,529,7789,7623,0,0,519,1365,0,2627,1288,640,1149,103,410,0,0,0,1246,7537,208,208,0,105,0,1254,212
 12260,0,7794,1169,848,1904,2379,529,7794,7628,0,0,519,1365,0,2627,1288,640,1149,103,410,0,0,0,1246,7542,208,208,0,105,0,1254,212
 12265,0,7799,1169,848,1904,2379,529,7799,7633,0,0,519,1365,0,2627,1288,640,1149,103,410,0,0,0,1246,7547,208,208,0,105,0,1254,212
 12270,0,7804,1169,848,1904,2379,529,7804,7638,0,0,519,1365,0,2627,1288,640,1149,103,410,0,0,0,1246,7552,208,208,0,105,0,1254,212
 12275,0,7809,1169,848,1904,2379,529,7809,7643,0,0,519,1365,0,2627,1288,640,1149,103,410,0,0,0,1246,7557,208,208,0,105,0,1254,212
 12280,0,7814,1169,848,1904,2379,529,7814,7647,0,0,519,1365,0,2627,1288,640,1149,103,410,0,0,0,1246,7560,208,208,0,105,0,1254,212
 12285,0,7819,1169,848,1904,2379,529,7819,7647,0,0,519,1365,0,2627,1288,640,1149,103,410,0,0,0,1246,7560,208,208,0,105,0,1254,212
 12290,0,7823,1169,848,1904,2379,529,7823,7647,0,0,519,1365,0,2627,1288,640,1149,103,410,0,0,0,1246,7560,208,208,0,105,0,1254,212
 12295,0,7823,1169,848,1904,2379,529,7823,7647,0,0,519,1365,0,2627,1288,640,1149,103,410,0,0,0,1246,7560,208,208,0,105,0,1254,212
 12300,0,7823,1169,848,1904,2379,529,7823,7647,0,0,519,1365,0,2627,1288,640,1149,103,410,0,0,0,1246,7560,208,208,0,105,0,1254,212
 12305,0,7823,1169,848,1904,2379,529,7823,7647,0,0,519,1365,0,2627,1288,640,1149,103,410,0,0,0,1246,7560,208,208,0,105,0,1254,212
 12310,0,7823,1169,848,1904,2379,529,7823,7647,0,0,519,1365,0,2627,1288,640,1149,103,410,0,0,0,1246,7560,208,208,0,105,0,1254,212
 12315,0,7823,1169,848,1904,2379,529,7823,7647,0,0,519,1365,0,2627,1288,640,1149,103,410,0,0,0,1246,7560,208,208,0,105,0,1254,212
 12320,0,7823,1169,848,1904,2379,529,7823,7647,0,0,519,1365,0,2627,1288,640,1149,103,410,0,0,0,1246,7560,208,208,0,105,0,1254,212
 12325,0,7823,1169,848,1904,2379,529,7823,7647,0,0,519,1365,0,2627,1288,640,1149,103,410,0,0,0,1246,7560,208,208,0,105,0,1254,212
 12330,0,7823,1169,848,1904,2379,529,7823,7647,0,0,519,1365,0,2627,1288,640,1149,103,410,0,0,0,1246,7560,208,208,0,105,0,1254,212
 12335,0,7823,1169,848,1904,2379,529,7823,7647,0,0,519,1365,0,2627,1288,640,1149,103,410,0,0,0,1246,7560,208,208,0,105,0,1254,212
 12340,0,7823,1169,848,1904,2379,529,7823,7647,0,0,519,1365,0,2627,1288,640,1149,103,410,0,0,0,1246,7560,208,208,0,105,0,1254,212
 12345,0,7823,1169,848,1904,2379,529,7823,7647,0,0,519,1365,0,2627,1288,640,1149,103,410,0,0,0,1246,7560,208,208,0,105,0,1254,212
 12350,0,7823,1169,848,1904,2379,529,7823,7647,0,0,519,1365,0,2627,1288,640,1149,103,410,0,0,0,1246,7560,208,208,0,105,0,1254,212
 12355,0,7823,1169,848,1904,2379,529,7823,7647,0,0,519,1365,0,2627,1288,640,1149,103,410,0,0,0,1246,7560,208,208,0,105,0,1254,212
 12360,0,7823,1169,848,1904,2379,529,7823,7647,0,0,519,1365,0,2627,1288,640,1149,103,410,0,0,0,1246,7560,208,208,0,105,0,1254,212
 12365,0,7823,1169,848,1904,2379,529,7823,7647,0,0,519,1365,0,2627,1288,640,1149,103,410,0,0,0,1246,7560,208,208,0,105,0,1254,212
 12370,0,7823,1169,848,1904,2379,529,7823,7647,0,0,519,1365,0,2627,1288,640,1149,103,410,0,0,0,1246,7560,208,208,0,105,0,1254,212
 12375,0,7823,1169,848,1904,2379,529,7823,7647,0,0,519,1365,0,2627,1288,640,1149,103,410,0,0,0,1246,7560,208,208,0,105,0,1254,212
 12380,0,7823,1169,848,1904,2379,529,7823,7647,0,0,519,1365,0,2627,1288,640,1149,103,410,0,0,0,1246,7560,208,208,0,105,0,1254,212
 12385,0,7823,1169,848,1904,2379,529,7823,7647,0,0,519,1365,0,2627,1288,640,1149,103,410,0,0,0,1246,7560,208,208,0,105,0,1254,212
 12390,0,7823,1169,848,1904,2379,529,7823,7647,0,0,519,1365,0,2627,1288,640,1149,103,410,0,0,0,1246,7560,208,208,0,105,0,1254,212
 12395,0,7823,1169,848,1904,2379,529,7823,7647,0,0,519,1365,0,2627,1288,640,1149,103,410,0,0,0,1246,7560,208,208,0,105,0,1254,212
 12400,0,7823,1169,848,1904,2379,529,7823,7647,0,0,519,1365,0,2627,1288,640,1149,103,410,0,0,0,1246,7560,208,208,0,105,0,1254,212
 12405,0,7824,1169,848,1904,2379,529,7823,7647,0,0,519,1365,0,2627,1288,640,1149,103,410,0,0,0,1246,7559,208,208,0,105,0,1254,212
 12410,0,7829,1169,848,1904,2379,529,7823,7647,0,0,519,1365,0,2627,1288,640,1149,103,410,0,0,0,1246,7564,208,208,0,105,0,1254,212
 12415,0,7834,1169,848,1904,2379,529,7823,7647,0,0,519,1365,0,2627,1288,640,1149,103,410,0,0,0,1246,7569,208,208,0,105,0,1254,212
 12420,0,7839,1169,848,1904,2379,529,7823,7652,0,0,519,1365,0,2627,1288,640,1149,103,410,0,0,0,1246,7574,208,208,0,105,0,1254,212
 12425,0,7844,1169,848,1904,2379,529,7824,7657,0,0,519,1365,0,2627,1288,640,1149,103,410,0,0,0,1246,7579,208,208,0,105,0,1254,212
 12430,0,7849,1169,848,1904,2379,529,7829,7662,0,0,519,1365,0,2627,1288,640,1149,103,410,0,0,0,1246,7584,208,208,0,105,0,1254,212
 12435,0,7854,1169,848,1904,2379,529,7834,7667,0,0,519,1365,0,2627,1288,640,1149,103,410,0,0,0,1246,7589,208,208,0,105,0,1254,212
 12440,0,7859,1169,848,1904,2379,529,7839,7672,0,0,519,1365,0,2627,1288,640,1149,103,410,0,0,0,1246,7594,208,208,0,105,0,1254,212
 12445,0,7864,1169,848,1904,2379,529,7844,7677,0,0,519,1365,0,2627,1288,640,1149,103,410,0,0,0,1246,7599,208,208,0,105,0,1254,212
 12450,0,7869,1169,848,1904,2379,529,7849,7682,0,0,519,1365,0,2627,1288,640,1149,103,410,0,0,0,1246,7604,208,208,0,105,0,1254,212
 12455,0,7874,1169,848,1904,2379,529,7854,7687,0,0,519,1365,0,2627,1288,640,1149,103,410,0,0,0,1246,7609,208,208,0,105,0,1254,212
 12460,0,7879,1169,848,1904,2379,529,7859,7692,0,0,519,1365,0,2627,1288,640,1149,103,410,0,0,0,1246,7614,208,208,0,105,0,1254,212
 12465,0,7884,1169,848,1904,2379,529,7864,7697,0,0,519,1365,0,2627,1288,640,1149,103,410,0,0,0,1246,7619,208,208,0,105,0,1254,212
 12470,0,7889,1169,848,1904,2379,529,7869,7702,0,0,519,1365,0,2627,1288,640,1149,103,410,0,0,0,1246,7624,208,208,0,105,0,1254,212
 12475,0,7894,1169,848,1904,2379,529,7874,7707,0,0,519,1365,0,2627,1288,640,1149,103,410,0,0,0,1246,7629,208,208,0,105,0,1254,212
 12480,0,7899,1169,848,1904,2379,529,7879,7712,0,0,519,1365,0,2627,1288,640,1149,103,410,0,0,0,1246,7634,208,208,0,105,0,1254,212
 12485,0,7904,1169,848,1904,2379,529,7884,7717,0,0,519,1365,0,2627,1288,640,1149,103,410,0,0,0,1246,7639,208,208,0,105,0,1254,212
 12490,0,7909,1169,848,1904,2379,529,7889,7722,0,0,519,1365,0,2627,1288,640,1149,103,410,0,0,0,1246,7644,208,208,0,105,0,1254,212
 12495,0,7914,1169,848,1904,2379,529,7894,7727,0,0,519,1365,0,2627,1288,640,1149,103,410,0,0,0,1246,7649,208,208,0,105,0,1254,212
 12500,0,7919,1169,848,1904,2379,529,7899,7732,0,0,519,1365,0,2627,1288,640,1149,103,410,0,0,0,1246,7654,208,208,0,105,0,1254,212
 12505,0,7924,1169,848,1904,2379,529,7904,7737,0,0,519,1365,0,2627,1288,640,1149,103,410,0,0,0,1246,7659,208,208,0,105,0,1254,212
 12510,0,7926,1169,848,1904,2379,529,7909,7742,0,0,519,1365,0,2627,1288,640,1149,103,410,0,0,0,1246,7664,208,208,0,105,0,1254,212
 12515,0,7926,1169,848,1904,2379,529,7914,7747,0,0,519,1365,0,2627,1288,640,1149,103,410,0,0,0,1246,7667,208,208,0,105,0,1254,212
 12520,0,7926,1169,848,1904,2379,529,7919,7750,0,0,519,1365,0,2627,1288,640,1149,103,410,0,0,0,1246,7667,208,208,0,105,0,1254,212
 12525,0,7926,1169,848,1904,2379,529,7924,7750,0,0,519,1365,0,2627,1288,640,1149,103,410,0,0,0,1246,7667,208,208,0,105,0,1254,212
 12530,0,7926,1169,848,1904,2379,529,7928,7750,0,0,519,1365,0,2627,1288,640,1149,103,410,0,0,0,1246,7667,208,208,0,105,0,1254,212
 12535,0,7926,1169,848,1904,2379,529,7928,7750,0,0,519,1365,0,2627,1288,640,1149,103,410,0,0,0,1246,7667,208,208,0,105,0,1254,212
 12540,0,7926,1169,848,1904,2379,529,7928,7750,0,0,519,1365,0,2627,1288,640,1149,103,410,0,0,0,1246,7667,208,208,0,105,0,1254,212
 12545,0,7926,1169,848,1904,2379,529,7928,7750,0,0,519,1365,0,2627,1288,640,1149,103,410,0,0,0,1246,7667,208,208,0,105,0,1254,212
 12550,0,7926,1169,848,1904,2379,529,7928,7750,0,0,519,1365,0,2627,1288,640,1149,103,410,0,0,0,1246,7667,208,208,0,105,0,1254,212
 12555,0,7926,1169,848,1904,2379,529,7928,7750,0,0,519,1365,0,2627,1288,640,1149,103,410,0,0,0,1246,7667,208,208,0,105,0,1254,212
 12560,0,7926,1169,848,1904,2379,529,7928,7750,0,0,519,1365,0,2627,1288,640,1149,103,410,0,0,0,1246,7667,208,208,0,105,0,1254,212
 12565,0,7926,1169,848,1904,2379,529,7928,7750,0,0,519,1365,0,2627,1288,640,1149,103,410,0,0,0,1246,7667,208,208,0,105,0,1254,212
 12570,0,7926,1169,848,1904,2379,529,7928,7750,0,0,519,1365,0,2627,1288,640,1149,103,410,0,0,0,1246,7667,208,208,0,105,0,1254,212
 12575,0,7926,1169,848,1904,2379,529,7928,7750,0,0,519,1365,0,2627,1288,640,1149,103,410,0,0,0,1246,7667,208,208,0,105,0,1254,212
 12580,0,7926,1169,848,1904,2379,529,7928,7750,0,0,519,1365,0,2627,1288,640,1149,103,410,0,0,0,1246,7667,208,208,0,105,0,1254,212
 12585,0,7926,1169,848,1904,2379,529,7928,7750,0,0,519,1365,0,2627,1288,640,1149,103,410,0,0,0,1246,7667,208,208,0,105,0,1254,212
 12590,0,7926,1169,848,1904,2379,529,7928,7750,0,0,519,1365,0,2627,1288,640,1149,103,410,0,0,0,1246,7667,208,208,0,105,0,1254,212
 12595,0,7926,1169,848,1904,2379,529,7928,7750,0,0,519,1365,0,2627,1288,640,1149,103,410,0,0,0,1246,7667,208,208,0,105,0,1254,212
 12600,0,7926,1169,848,1904,2379,529,7928,7750,0,0,519,1365,0,2627,1288,640,1149,103,410,0,0,0,1246,7667,208,208,0,105,0,1254,212
 12605,0,7926,1169,848,1904,2379,529,7928,7750,0,0,519,1365,0,2627,1288,640,1149,103,410,0,0,0,1246,7667,208,208,0,105,0,1254,212
 12610,0,7926,1169,848,1904,2379,529,7928,7750,0,0,519,1365,0,2627,1288,640,1149,103,410,0,0,0,1246,7667,208,208,0,105,0,1254,212
 12615,0,7926,1169,848,1904,2379,529,7928,7750,0,0,519,1365,0,2627,1288,640,1149,103,410,0,0,0,1246,7667,208,208,0,105,0,1254,212
 12620,0,7926,1169,848,1904,2379,529,7928,7750,0,0,519,1365,0,2627,1288,640,1149,103,410,0,0,0,1246,7667,208,208,0,105,0,1254,212
 12625,0,7926,1169,848,1904,2379,529,7928,7750,0,0,519,1365,0,2627,1288,640,1149,103,410,0,0,0,1246,7667,208,208,0,105,0,1254,212
 12630,0,7926,1169,848,1904,2379,529,7928,7750,0,0,519,1365,0,2627,1288,640,1149,103,410,0,0,0,1246,7667,208,208,0,105,0,1254,212
 12635,0,7926,1169,848,1904,2379,529,7928,7750,0,0,519,1365,0,2627,1288,640,1149,103,410,0,0,0,1246,7667,208,208,0,105,0,1254,212
 12640,0,7926,1169,848,1904,2379,529,7928,7750,0,0,519,1365,0,2627,1288,640,1149,103,410,0,0,0,1246,7667,208,208,0,105,0,1254,212
 12645,0,7926,1169,848,1904,2379,529,7928,7750,0,0,519,1365,0,2627,1288,640,1149,103,410,0,0,0,1246,7667,208,208,0,105,0,1254,212
 12650,0,7926,1169,848,1904,2379,529,7928,7750,0,0,519,1365,0,2627,1288,640,1149,103,410,0,0,0,1246,7667,208,208,0,105,0,1254,212
 12655,0,7928,1169,848,1904,2379,529,7928,7750,0,0,519,1365,0,2627,1288,640,1149,103,410,0,0,0,1246,7670,208,208,0,105,0,1254,212
 12660,0,7933,1169,848,1904,2379,529,7928,7750,0,0,519,1365,0,2627,1288,640,1149,103,410,0,0,0,1246,7675,208,208,0,105,0,1254,212
 12665,0,7938,1169,848,1904,2379,529,7928,7750,0,0,519,1365,0,2627,1288,640,1149,103,410,0,0,0,1246,7680,208,208,0,105,0,1254,212
 12670,0,7943,1169,848,1904,2379,529,7928,7750,0,0,519,1365,0,2627,1288,640,1149,103,410,0,0,0,1246,7685,208,208,0,105,0,1254,212
 12675,0,7948,1169,848,1904,2379,529,7928,7755,0,0,519,1365,0,2627,1288,640,1149,103,410,0,0,0,1246,7690,208,208,0,105,0,1254,212
 12680,0,7953,1169,848,1904,2379,529,7928,7760,0,0,519,1365,0,2627,1288,640,1149,103,410,0,0,0,1246,7695,208,208,0,105,0,1254,212
 12685,0,7958,1169,848,1904,2379,529,7933,7765,0,0,519,1365,0,2627,1288,640,1149,103,410,0,0,0,1246,7700,208,208,0,105,0,1254,212
 12690,0,7963,1169,848,1904,2379,529,7938,7770,0,0,519,1365,0,2627,1288,640,1149,103,410,0,0,0,1246,7705,208,208,0,105,0,1254,212
 12695,0,7968,1169,848,1904,2379,529,7943,7775,0,0,519,1365,0,2627,1288,640,1149,103,410,0,0,0,1246,7710,208,208,0,105,0,1254,212
 12700,0,7973,1169,848,1904,2379,529,7948,7780,0,0,519,1365,0,2627,1288,640,1149,103,410,0,0,0,1246,7715,208,208,0,105,0,1254,212
 12705,0,7978,1169,848,1904,2379,529,7953,7785,0,0,519,1365,0,2627,1288,640,1149,103,410,0,0,0,1246,7720,208,208,0,105,0,1254,212
 12710,0,7983,1169,848,1904,2379,529,7958,7790,0,0,519,1365,0,2627,1288,640,1149,103,410,0,0,0,1246,7725,208,208,0,105,0,1254,212
 12715,0,7988,1169,848,1904,2379,529,7963,7795,0,0,519,1365,0,2627,1288,640,1149,103,410,0,0,0,1246,7730,208,208,0,105,0,1254,212
 12720,0,7993,1169,848,1904,2379,529,7968,7800,0,0,519,1365,0,2627,1288,640,1149,103,410,0,0,0,1246,7735,208,208,0,105,0,1254,212
 12725,0,7998,1169,848,1904,2379,529,7973,7805,0,0,519,1365,0,2627,1288,640,1149,103,410,0,0,0,1246,7740,208,208,0,105,0,1254,212
 12730,0,8003,1169,848,1904,2379,529,7978,7810,0,0,519,1365,0,2627,1288,640,1149,103,410,0,0,0,1246,7745,208,208,0,105,0,1254,212
 12735,0,8008,1169,848,1904,2379,529,7983,7815,0,0,519,1365,0,2627,1288,640,1149,103,410,0,0,0,1246,7750,208,208,0,105,0,1254,212
 12740,0,8013,1169,848,1904,2379,529,7988,7820,0,0,519,1365,0,2627,1288,640,1149,103,410,0,0,0,1246,7755,208,208,0,105,0,1254,212
 12745,0,8018,1169,848,1904,2379,529,7993,7825,0,0,519,1365,0,2627,1288,640,1149,103,410,0,0,0,1246,7760,208,208,0,105,0,1254,212
 12750,0,8023,1169,848,1904,2379,529,7998,7830,0,0,519,1365,0,2627,1288,640,1149,103,410,0,0,0,1246,7765,208,208,0,105,0,1254,212
 12755,0,8028,1169,848,1904,2379,529,8003,7835,0,0,519,1365,0,2627,1288,640,1149,103,410,0,0,0,1246,7770,208,208,0,105,0,1254,212
 12760,0,8031,1169,848,1904,2379,529,8008,7840,0,0,519,1365,0,2627,1288,640,1149,103,410,0,0,0,1246,7772,208,208,0,105,0,1254,212
 12765,0,8031,1169,848,1904,2379,529,8013,7845,0,0,519,1365,0,2627,1288,640,1149,103,410,0,0,0,1246,7772,208,208,0,105,0,1254,212
 12770,0,8031,1169,848,1904,2379,529,8018,7850,0,0,519,1365,0,2627,1288,640,1149,103,410,0,0,0,1246,7772,208,208,0,105,0,1254,212
 12775,0,8031,1169,848,1904,2379,529,8023,7853,0,0,519,1365,0,2627,1288,640,1149,103,410,0,0,0,1246,7772,208,208,0,105,0,1254,212
 12780,0,8031,1169,848,1904,2379,529,8028,7853,0,0,519,1365,0,2627,1288,640,1149,103,410,0,0,0,1246,7772,208,208,0,105,0,1254,212
 12785,0,8031,1169,848,1904,2379,529,8033,7853,0,0,519,1365,0,2627,1288,640,1149,103,410,0,0,0,1246,7772,208,208,0,105,0,1254,212
 12790,0,8031,1169,848,1904,2379,529,8033,7853,0,0,519,1365,0,2627,1288,640,1149,103,410,0,0,0,1246,7772,208,208,0,105,0,1254,212
 12795,0,8031,1169,848,1904,2379,529,8033,7853,0,0,519,1365,0,2627,1288,640,1149,103,410,0,0,0,1246,7772,208,208,0,105,0,1254,212
 12800,0,8031,1169,848,1904,2379,529,8033,7853,0,0,519,1365,0,2627,1288,640,1149,103,410,0,0,0,1246,7772,208,208,0,105,0,1254,212
 12805,0,8031,1169,848,1904,2379,529,8033,7853,0,0,519,1365,0,2627,1288,640,1149,103,410,0,0,0,1246,7772,208,208,0,105,0,1254,212
 12810,0,8031,1169,848,1904,2379,529,8033,7853,0,0,519,1365,0,2627,1288,640,1149,103,410,0,0,0,1246,7772,208,208,0,105,0,1254,212
 12815,0,8031,1169,848,1904,2379,529,8033,7853,0,0,519,1365,0,2627,1288,640,1149,103,410,0,0,0,1246,7772,208,208,0,105,0,1254,212
 12820,0,8031,1169,848,1904,2379,529,8033,7853,0,0,519,1365,0,2627,1288,640,1149,103,410,0,0,0,1246,7772,208,208,0,105,0,1254,212
 12825,0,8031,1169,848,1904,2379,529,8033,7853,0,0,519,1365,0,2627,1288,640,1149,103,410,0,0,0,1246,7772,208,208,0,105,0,1254,212
 12830,0,8031,1169,848,1904,2379,529,8033,7853,0,0,519,1365,0,2627,1288,640,1149,103,410,0,0,0,1246,7772,208,208,0,105,0,1254,212
 12835,0,8031,1169,848,1904,2379,529,8033,7853,0,0,519,1365,0,2627,1288,640,1149,103,410,0,0,0,1246,7772,208,208,0,105,0,1254,212
 12840,0,8031,1169,848,1904,2379,529,8033,7853,0,0,519,1365,0,2627,1288,640,1149,103,410,0,0,0,1246,7772,208,208,0,105,0,1254,212
 12845,0,8031,1169,848,1904,2379,529,8033,7853,0,0,519,1365,0,2627,1288,640,1149,103,410,0,0,0,1246,7772,208,208,0,105,0,1254,212
 12850,0,8031,1169,848,1904,2379,529,8033,7853,0,0,519,1365,0,2627,1288,640,1149,103,410,0,0,0,1246,7772,208,208,0,105,0,1254,212
 12855,0,8031,1169,848,1904,2379,529,8033,7853,0,0,519,1365,0,2627,1288,640,1149,103,410,0,0,0,1246,7772,208,208,0,105,0,1254,212
 12860,0,8031,1169,848,1904,2379,529,8033,7853,0,0,519,1365,0,2627,1288,640,1149,103,410,0,0,0,1246,7772,208,208,0,105,0,1254,212
 12865,0,8031,1169,848,1904,2379,529,8033,7853,0,0,519,1365,0,2627,1288,640,1149,103,410,0,0,0,1246,7772,208,208,0,105,0,1254,212
 12870,0,8031,1169,848,1904,2379,529,8033,7853,0,0,519,1365,0,2627,1288,640,1149,103,410,0,0,0,1246,7771,208,208,0,105,0,1254,212
 12875,0,8031,1169,848,1904,2379,529,8033,7853,0,0,519,1365,0,2627,1288,640,1149,103,410,0,0,0,1246,7776,208,208,0,105,0,1254,212
 12880,0,8033,1169,848,1904,2379,529,8033,7855,0,0,519,1365,0,2627,1288,640,1149,103,410,0,0,0,1246,7781,208,208,0,105,0,1254,212
 12885,0,8038,1169,848,1904,2379,529,8033,7860,0,0,519,1365,0,2627,1288,640,1149,103,410,0,0,0,1246,7786,208,208,0,105,0,1254,212
 12890,0,8043,1169,848,1904,2379,529,8034,7865,0,0,519,1365,0,2627,1288,640,1149,103,410,0,0,0,1246,7791,208,208,0,105,0,1254,212
 12895,0,8048,1169,848,1904,2379,529,8039,7870,0,0,519,1365,0,2627,1288,640,1149,103,410,0,0,0,1246,7796,208,208,0,105,0,1254,212
 12900,0,8053,1169,848,1904,2379,529,8044,7875,0,0,519,1365,0,2627,1288,640,1149,103,410,0,0,0,1246,7801,208,208,0,105,0,1254,212
 12905,0,8058,1169,848,1904,2379,529,8049,7880,0,0,519,1365,0,2627,1288,640,1149,103,410,0,0,0,1246,7806,208,208,0,105,0,1254,212
 12910,0,8063,1169,848,1904,2379,529,8054,7885,0,0,519,1365,0,2627,1288,640,1149,103,410,0,0,0,1246,7811,208,208,0,105,0,1254,212
 12915,0,8068,1169,848,1904,2379,529,8059,7890,0,0,519,1365,0,2627,1288,640,1149,103,410,0,0,0,1246,7816,208,208,0,105,0,1254,212
 12920,0,8073,1169,848,1904,2379,529,8064,7895,0,0,519,1365,0,2627,1288,640,1149,103,410,0,0,0,1246,7821,208,208,0,105,0,1254,212
 12925,0,8078,1169,848,1904,2379,529,8069,7900,0,0,519,1365,0,2627,1288,640,1149,103,410,0,0,0,1246,7826,208,208,0,105,0,1254,212
 12930,0,8083,1169,848,1904,2379,529,8074,7905,0,0,519,1365,0,2627,1288,640,1149,103,410,0,0,0,1246,7831,208,208,0,105,0,1254,212
 12935,0,8088,1169,848,1904,2379,529,8079,7910,0,0,519,1365,0,2627,1288,640,1149,103,410,0,0,0,1246,7836,208,208,0,105,0,1254,212
 12940,0,8093,1169,848,1904,2379,529,8084,7915,0,0,519,1365,0,2627,1288,640,1149,103,410,0,0,0,1246,7841,208,208,0,105,0,1254,212
 12945,0,8098,1169,848,1904,2379,529,8089,7920,0,0,519,1365,0,2627,1288,640,1149,103,410,0,0,0,1246,7846,208,208,0,105,0,1254,212
 12950,0,8103,1169,848,1904,2379,529,8094,7925,0,0,519,1365,0,2627,1288,640,1149,103,410,0,0,0,1246,7851,208,208,0,105,0,1254,212
 12955,0,8108,1169,848,1904,2379,529,8099,7930,0,0,519,1365,0,2627,1288,640,1149,103,410,0,0,0,1246,7856,208,208,0,105,0,1254,212
 12960,0,8113,1169,848,1904,2379,529,8104,7935,0,0,519,1365,0,2627,1288,640,1149,103,410,0,0,0,1246,7861,208,208,0,105,0,1254,212
 12965,0,8118,1169,848,1904,2379,529,8109,7940,0,0,519,1365,0,2627,1288,640,1149,103,410,0,0,0,1246,7866,208,208,0,105,0,1254,212
 12970,0,8123,1169,848,1904,2379,529,8114,7945,0,0,519,1365,0,2627,1288,640,1149,103,410,0,0,0,1246,7871,208,208,0,105,0,1254,212
 12975,0,8128,1169,848,1904,2379,529,8119,7950,0,0,519,1365,0,2627,1288,640,1149,103,410,0,0,0,1246,7875,208,208,0,105,0,1254,212
 12980,0,8134,1169,848,1904,2379,529,8124,7955,0,0,519,1365,0,2627,1288,640,1149,103,410,0,0,0,1246,7875,208,208,0,105,0,1254,212
 12985,0,8134,1169,848,1904,2379,529,8129,7958,0,0,519,1365,0,2627,1288,640,1149,103,410,0,0,0,1246,7875,208,208,0,105,0,1254,212
 12990,0,8134,1169,848,1904,2379,529,8134,7958,0,0,519,1365,0,2627,1288,640,1149,103,410,0,0,0,1246,7875,208,208,0,105,0,1254,212
 12995,0,8134,1169,848,1904,2379,529,8136,7958,0,0,519,1365,0,2627,1288,640,1149,103,410,0,0,0,1246,7875,208,208,0,105,0,1254,212
 13000,0,8134,1169,848,1904,2379,529,8136,7958,0,0,519,1365,0,2627,1288,640,1149,103,410,0,0,0,1246,7875,208,208,0,105,0,1254,212
 13005,0,8134,1169,848,1904,2379,529,8136,7958,0,0,519,1365,0,2627,1288,640,1149,103,410,0,0,0,1246,7875,208,208,0,105,0,1254,212
 13010,0,8134,1169,848,1904,2379,529,8136,7958,0,0,519,1365,0,2627,1288,640,1149,103,410,0,0,0,1246,7875,208,208,0,105,0,1254,212
 13015,0,8134,1169,848,1904,2379,529,8136,7958,0,0,519,1365,0,2627,1288,640,1149,103,410,0,0,0,1246,7875,208,208,0,105,0,1254,212
 13020,0,8134,1169,848,1904,2379,529,8136,7958,0,0,519,1365,0,2627,1288,640,1149,103,410,0,0,0,1246,7875,208,208,0,105,0,1254,212
 13025,0,8134,1169,848,1904,2379,529,8136,7958,0,0,519,1365,0,2627,1288,640,1149,103,410,0,0,0,1246,7875,208,208,0,105,0,1254,212
 13030,0,8134,1169,848,1904,2379,529,8136,7958,0,0,519,1365,0,2627,1288,640,1149,103,410,0,0,0,1246,7875,208,208,0,105,0,1254,212
 13035,0,8134,1169,848,1904,2379,529,8136,7958,0,0,519,1365,0,2627,1288,640,1149,103,410,0,0,0,1246,7875,208,208,0,105,0,1254,212
 13040,0,8134,1169,848,1904,2379,529,8136,7958,0,0,519,1365,0,2627,1288,640,1149,103,410,0,0,0,1246,7875,208,208,0,105,0,1254,212
 13045,0,8134,1169,848,1904,2379,529,8136,7958,0,0,519,1365,0,2627,1288,640,1149,103,410,0,0,0,1246,7875,208,208,0,105,0,1254,212
 13050,0,8134,1169,848,1904,2379,529,8136,7958,0,0,519,1365,0,2627,1288,640,1149,103,410,0,0,0,1246,7875,208,208,0,105,0,1254,212
 13055,0,8134,1169,848,1904,2379,529,8136,7958,0,0,519,1365,0,2627,1288,640,1149,103,410,0,0,0,1246,7875,208,208,0,105,0,1254,212
 13060,0,8134,1169,848,1904,2379,529,8136,7958,0,0,519,1365,0,2627,1288,640,1149,103,410,0,0,0,1246,7875,208,208,0,105,0,1254,212
 13065,0,8134,1169,848,1904,2379,529,8136,7958,0,0,519,1365,0,2627,1288,640,1149,103,410,0,0,0,1246,7875,208,208,0,105,0,1254,212
 13070,0,8134,1169,848,1904,2379,529,8136,7958,0,0,519,1365,0,2627,1288,640,1149,103,410,0,0,0,1246,7875,208,208,0,105,0,1254,212
 13075,0,8134,1169,848,1904,2379,529,8136,7958,0,0,519,1365,0,2627,1288,640,1149,103,410,0,0,0,1246,7875,208,208,0,105,0,1254,212
 13080,0,8134,1169,848,1904,2379,529,8136,7958,0,0,519,1365,0,2627,1288,640,1149,103,410,0,0,0,1246,7875,208,208,0,105,0,1254,212
 13085,0,8134,1169,848,1904,2379,529,8136,7958,0,0,519,1365,0,2627,1288,640,1149,103,410,0,0,0,1246,7875,208,208,0,105,0,1254,212
 13090,0,8134,1169,848,1904,2379,529,8136,7958,0,0,519,1365,0,2627,1288,640,1149,103,410,0,0,0,1246,7875,208,208,0,105,0,1254,212
 13095,0,8134,1169,848,1904,2379,529,8136,7958,0,0,519,1365,0,2627,1288,640,1149,103,410,0,0,0,1246,7875,208,208,0,105,0,1254,212
 13100,0,8134,1169,848,1904,2379,529,8136,7958,0,0,519,1365,0,2627,1288,640,1149,103,410,0,0,0,1246,7875,208,208,0,105,0,1254,212
 13105,0,8134,1169,848,1904,2379,529,8136,7958,0,0,519,1365,0,2627,1288,640,1149,103,410,0,0,0,1246,7875,208,208,0,105,0,1254,212
 13110,0,8134,1169,848,1904,2379,529,8136,7958,0,0,519,1365,0,2627,1288,640,1149,103,410,0,0,0,1246,7875,208,208,0,105,0,1254,212
 13115,0,8134,1169,848,1904,2379,529,8136,7958,0,0,519,1365,0,2627,1288,640,1149,103,410,0,0,0,1246,7875,208,208,0,105,0,1254,212
 13120,0,8134,1169,848,1904,2379,529,8136,7958,0,0,519,1365,0,2627,1288,640,1149,103,410,0,0,0,1246,7875,208,208,0,105,0,1254,212
 13125,0,8134,1169,848,1904,2379,529,8136,7958,0,0,519,1365,0,2627,1288,640,1149,103,410,0,0,0,1246,7875,208,208,0,105,0,1254,212
 13130,0,8134,1169,848,1904,2379,529,8136,7958,0,0,519,1365,0,2627,1288,640,1149,103,410,0,0,0,1246,7875,208,208,0,105,0,1254,212
 13135,0,8134,1169,848,1904,2379,529,8136,7958,0,0,519,1365,0,2627,1288,640,1149,103,410,0,0,0,1246,7875,208,208,0,105,0,1254,212
 13140,0,8134,1169,848,1904,2379,529,8136,7958,0,0,519,1365,0,2627,1288,640,1149,103,410,0,0,0,1246,7875,208,208,0,105,0,1254,212
 13145,0,8135,1169,848,1904,2379,529,8136,7958,0,0,519,1365,0,2627,1288,640,1149,103,410,0,0,0,1246,7875,208,208,0,105,0,1254,212
 13150,0,8140,1169,848,1904,2379,529,8136,7958,0,0,519,1365,0,2627,1288,640,1149,103,410,0,0,0,1246,7875,208,208,0,105,0,1254,212
 13155,0,8145,1169,848,1904,2379,529,8136,7958,0,0,519,1365,0,2627,1288,640,1149,103,410,0,0,0,1246,7875,208,208,0,105,0,1254,212
 13160,0,8150,1169,848,1904,2379,529,8136,7958,0,0,519,1365,0,2627,1288,640,1149,103,410,0,0,0,1246,7875,208,208,0,105,0,1254,212
 13165,0,8155,1169,848,1904,2379,529,8136,7958,0,0,519,1365,0,2627,1288,640,1149,103,410,0,0,0,1246,7875,208,208,0,105,0,1254,212
 13170,0,8160,1169,848,1904,2379,529,8137,7958,0,0,519,1365,0,2627,1288,640,1149,103,410,0,0,0,1246,7874,208,208,0,105,0,1254,212
 13175,0,8165,1169,848,1904,2379,529,8142,7961,0,0,519,1365,0,2627,1288,640,1149,103,410,0,0,0,1246,7879,208,208,0,105,0,1254,212
 13180,0,8170,1169,848,1904,2379,529,8147,7966,0,0,519,1365,0,2627,1288,640,1149,103,410,0,0,0,1246,7884,208,208,0,105,0,1254,212
 13185,0,8175,1169,848,1904,2379,529,8152,7971,0,0,519,1365,0,2627,1288,640,1149,103,410,0,0,0,1246,7889,208,208,0,105,0,1254,212
 13190,0,8180,1169,848,1904,2379,529,8157,7976,0,0,519,1365,0,2627,1288,640,1149,103,410,0,0,0,1246,7894,208,208,0,105,0,1254,212
 13195,0,8185,1169,848,1904,2379,529,8162,7981,0,0,519,1365,0,2627,1288,640,1149,103,410,0,0,0,1246,7899,208,208,0,105,0,1254,212
 13200,0,8190,1169,848,1904,2379,529,8167,7986,0,0,519,1365,0,2627,1288,640,1149,103,410,0,0,0,1246,7904,208,208,0,105,0,1254,212
 13205,0,8195,1169,848,1904,2379,529,8172,7991,0,0,519,1365,0,2627,1288,640,1149,103,410,0,0,0,1246,7909,208,208,0,105,0,1254,212
 13210,0,8200,1169,848,1904,2379,529,8177,7996,0,0,519,1365,0,2627,1288,640,1149,103,410,0,0,0,1246,7914,208,208,0,105,0,1254,212
 13215,0,8205,1169,848,1904,2379,529,8182,8001,0,0,519,1365,0,2627,1288,640,1149,103,410,0,0,0,1246,7919,208,208,0,105,0,1254,212
 13220,0,8210,1169,848,1904,2379,529,8187,8006,0,0,519,1365,0,2627,1288,640,1149,103,410,0,0,0,1246,7924,208,208,0,105,0,1254,212
 13225,0,8215,1169,848,1904,2379,529,8192,8011,0,0,519,1365,0,2627,1288,640,1149,103,410,0,0,0,1246,7929,208,208,0,105,0,1254,212
 13230,0,8220,1169,848,1904,2379,529,8197,8016,0,0,519,1365,0,2627,1288,640,1149,103,410,0,0,0,1246,7934,208,208,0,105,0,1254,212
 13235,0,8225,1169,848,1904,2379,529,8202,8021,0,0,519,1365,0,2627,1288,640,1149,103,410,0,0,0,1246,7939,208,208,0,105,0,1254,212
 13240,0,8230,1169,848,1904,2379,529,8207,8026,0,0,519,1365,0,2627,1288,640,1149,103,410,0,0,0,1246,7944,208,208,0,105,0,1254,212
 13245,0,8235,1169,848,1904,2379,529,8212,8031,0,0,519,1365,0,2627,1288,640,1149,103,410,0,0,0,1246,7949,208,208,0,105,0,1254,212
 13250,0,8235,1169,848,1904,2379,529,8217,8036,0,0,519,1365,0,2627,1288,640,1149,103,410,0,0,0,1246,7954,208,208,0,105,0,1254,212
 13255,0,8235,1169,848,1904,2379,529,8222,8041,0,0,519,1365,0,2627,1288,640,1149,103,410,0,0,0,1246,7959,208,208,0,105,0,1254,212
 13260,0,8235,1169,848,1904,2379,529,8227,8046,0,0,519,1365,0,2627,1288,640,1149,103,410,0,0,0,1246,7964,208,208,0,105,0,1254,212
 13265,0,8235,1169,848,1904,2379,529,8232,8051,0,0,519,1365,0,2627,1288,640,1149,103,410,0,0,0,1246,7969,208,208,0,105,0,1254,212
 13270,0,8235,1169,848,1904,2379,529,8237,8056,0,0,519,1365,0,2627,1288,640,1149,103,410,0,0,0,1246,7974,208,208,0,105,0,1254,212
 13275,0,8235,1169,848,1904,2379,529,8239,8061,0,0,519,1365,0,2627,1288,640,1149,103,410,0,0,0,1246,7978,208,208,0,105,0,1254,212
 13280,0,8235,1169,848,1904,2379,529,8239,8061,0,0,519,1365,0,2627,1288,640,1149,103,410,0,0,0,1246,7978,208,208,0,105,0,1254,212
 13285,0,8235,1169,848,1904,2379,529,8239,8061,0,0,519,1365,0,2627,1288,640,1149,103,410,0,0,0,1246,7978,208,208,0,105,0,1254,212
 13290,0,8235,1169,848,1904,2379,529,8239,8061,0,0,519,1365,0,2627,1288,640,1149,103,410,0,0,0,1246,7978,208,208,0,105,0,1254,212
 13295,0,8235,1169,848,1904,2379,529,8239,8061,0,0,519,1365,0,2627,1288,640,1149,103,410,0,0,0,1246,7978,208,208,0,105,0,1254,212
 13300,0,8235,1169,848,1904,2379,529,8239,8061,0,0,519,1365,0,2627,1288,640,1149,103,410,0,0,0,1246,7978,208,208,0,105,0,1254,212
 13305,0,8235,1169,848,1904,2379,529,8239,8061,0,0,519,1365,0,2627,1288,640,1149,103,410,0,0,0,1246,7978,208,208,0,105,0,1254,212
 13310,0,8235,1169,848,1904,2379,529,8239,8061,0,0,519,1365,0,2627,1288,640,1149,103,410,0,0,0,1246,7978,208,208,0,105,0,1254,212
 13315,0,8235,1169,848,1904,2379,529,8239,8061,0,0,519,1365,0,2627,1288,640,1149,103,410,0,0,0,1246,7978,208,208,0,105,0,1254,212
 13320,0,8235,1169,848,1904,2379,529,8239,8061,0,0,519,1365,0,2627,1288,640,1149,103,410,0,0,0,1246,7978,208,208,0,105,0,1254,212
 13325,0,8235,1169,848,1904,2379,529,8239,8061,0,0,519,1365,0,2627,1288,640,1149,103,410,0,0,0,1246,7978,208,208,0,105,0,1254,212
 13330,0,8235,1169,848,1904,2379,529,8239,8061,0,0,519,1365,0,2627,1288,640,1149,103,410,0,0,0,1246,7978,208,208,0,105,0,1254,212
 13335,0,8235,1169,848,1904,2379,529,8239,8061,0,0,519,1365,0,2627,1288,640,1149,103,410,0,0,0,1246,7978,208,208,0,105,0,1254,212
 13340,0,8235,1169,848,1904,2379,529,8239,8061,0,0,519,1365,0,2627,1288,640,1149,103,410,0,0,0,1246,7978,208,208,0,105,0,1254,212
 13345,0,8235,1169,848,1904,2379,529,8239,8061,0,0,519,1365,0,2627,1288,640,1149,103,410,0,0,0,1246,7978,208,208,0,105,0,1254,212
 13350,0,8235,1169,848,1904,2379,529,8239,8061,0,0,519,1365,0,2627,1288,640,1149,103,410,0,0,0,1246,7978,208,208,0,105,0,1254,212
 13355,0,8235,1169,848,1904,2379,529,8239,8061,0,0,519,1365,0,2627,1288,640,1149,103,410,0,0,0,1246,7978,208,208,0,105,0,1254,212
 13360,0,8235,1169,848,1904,2379,529,8239,8061,0,0,519,1365,0,2627,1288,640,1149,103,410,0,0,0,1246,7978,208,208,0,105,0,1254,212
 13365,0,8235,1169,848,1904,2379,529,8239,8063,0,0,519,1365,0,2627,1288,640,1149,103,410,0,0,0,1246,7978,208,208,0,105,0,1254,212
 13370,0,8235,1169,848,1904,2379,529,8239,8068,0,0,519,1365,0,2627,1288,640,1149,103,410,0,0,0,1246,7978,208,208,0,105,0,1254,212
 13375,0,8237,1169,848,1904,2379,529,8242,8073,0,0,519,1365,0,2627,1288,640,1149,103,410,0,0,0,1246,7978,208,208,0,105,0,1254,212
 13380,0,8242,1169,848,1904,2379,529,8247,8078,0,0,519,1365,0,2627,1288,640,1149,103,410,0,0,0,1246,7978,208,208,0,105,0,1254,212
 13385,0,8247,1169,848,1904,2379,529,8252,8083,0,0,519,1365,0,2627,1288,640,1149,103,410,0,0,0,1246,7978,208,208,0,105,0,1254,212
 13390,0,8252,1169,848,1904,2379,529,8257,8088,0,0,519,1365,0,2627,1288,640,1149,103,410,0,0,0,1246,7981,208,208,0,105,0,1254,212
 13395,0,8257,1169,848,1904,2379,529,8262,8093,0,0,519,1365,0,2627,1288,640,1149,103,410,0,0,0,1246,7986,208,208,0,105,0,1254,212
 13400,0,8262,1169,848,1904,2379,529,8267,8098,0,0,519,1365,0,2627,1288,640,1149,103,410,0,0,0,1246,7991,208,208,0,105,0,1254,212
 13405,0,8267,1169,848,1904,2379,529,8272,8103,0,0,519,1365,0,2627,1288,640,1149,103,410,0,0,0,1246,7996,208,208,0,105,0,1254,212
 13410,0,8272,1169,848,1904,2379,529,8277,8108,0,0,519,1365,0,2627,1288,640,1149,103,410,0,0,0,1246,8001,208,208,0,105,0,1254,212
 13415,0,8277,1169,848,1904,2379,529,8282,8113,0,0,519,1365,0,2627,1288,640,1149,103,410,0,0,0,1246,8006,208,208,0,105,0,1254,212
 13420,0,8282,1169,848,1904,2379,529,8287,8118,0,0,519,1365,0,2627,1288,640,1149,103,410,0,0,0,1246,8011,208,208,0,105,0,1254,212
 13425,0,8287,1169,848,1904,2379,529,8292,8123,0,0,519,1365,0,2627,1288,640,1149,103,410,0,0,0,1246,8016,208,208,0,105,0,1254,212
 13430,0,8292,1169,848,1904,2379,529,8297,8128,0,0,519,1365,0,2627,1288,640,1149,103,410,0,0,0,1246,8021,208,208,0,105,0,1254,212
 13435,0,8297,1169,848,1904,2379,529,8302,8133,0,0,519,1365,0,2627,1288,640,1149,103,410,0,0,0,1246,8026,208,208,0,105,0,1254,212
 13440,0,8302,1169,848,1904,2379,529,8307,8138,0,0,519,1365,0,2627,1288,640,1149,103,410,0,0,0,1246,8031,208,208,0,105,0,1254,212
 13445,0,8307,1169,848,1904,2379,529,8312,8143,0,0,519,1365,0,2627,1288,640,1149,103,410,0,0,0,1246,8036,208,208,0,105,0,1254,212
 13450,0,8312,1169,848,1904,2379,529,8317,8148,0,0,519,1365,0,2627,1288,640,1149,103,410,0,0,0,1246,8041,208,208,0,105,0,1254,212
 13455,0,8317,1169,848,1904,2379,529,8322,8153,0,0,519,1365,0,2627,1288,640,1149,103,410,0,0,0,1246,8046,208,208,0,105,0,1254,212
 13460,0,8322,1169,848,1904,2379,529,8327,8158,0,0,519,1365,0,2627,1288,640,1149,103,410,0,0,0,1246,8051,208,208,0,105,0,1254,212
 13465,0,8327,1169,848,1904,2379,529,8332,8163,0,0,519,1365,0,2627,1288,640,1149,103,410,0,0,0,1246,8056,208,208,0,105,0,1254,212
 13470,0,8332,1169,848,1904,2379,529,8337,8166,0,0,519,1365,0,2627,1288,640,1149,103,410,0,0,0,1246,8061,208,208,0,105,0,1254,212
 13475,0,8338,1169,848,1904,2379,529,8342,8166,0,0,519,1365,0,2627,1288,640,1149,103,410,0,0,0,1246,8066,208,208,0,105,0,1254,212
 13480,0,8338,1169,848,1904,2379,529,8342,8166,0,0,519,1365,0,2627,1288,640,1149,103,410,0,0,0,1246,8071,208,208,0,105,0,1254,212
 13485,0,8338,1169,848,1904,2379,529,8342,8166,0,0,519,1365,0,2627,1288,640,1149,103,410,0,0,0,1246,8076,208,208,0,105,0,1254,212
 13490,0,8338,1169,848,1904,2379,529,8342,8166,0,0,519,1365,0,2627,1288,640,1149,103,410,0,0,0,1246,8081,208,208,0,105,0,1254,212
 13495,0,8338,1169,848,1904,2379,529,8342,8166,0,0,519,1365,0,2627,1288,640,1149,103,410,0,0,0,1246,8083,208,208,0,105,0,1254,212
 13500,0,8338,1169,848,1904,2379,529,8342,8166,0,0,519,1365,0,2627,1288,640,1149,103,410,0,0,0,1246,8083,208,208,0,105,0,1254,212
 13505,0,8338,1169,848,1904,2379,529,8342,8166,0,0,519,1365,0,2627,1288,640,1149,103,410,0,0,0,1246,8083,208,208,0,105,0,1254,212
 13510,0,8338,1169,848,1904,2379,529,8342,8166,0,0,519,1365,0,2627,1288,640,1149,103,410,0,0,0,1246,8083,208,208,0,105,0,1254,212
 13515,0,8338,1169,848,1904,2379,529,8342,8166,0,0,519,1365,0,2627,1288,640,1149,103,410,0,0,0,1246,8083,208,208,0,105,0,1254,212
 13520,0,8338,1169,848,1904,2379,529,8342,8166,0,0,519,1365,0,2627,1288,640,1149,103,410,0,0,0,1246,8083,208,208,0,105,0,1254,212
 13525,0,8338,1169,848,1904,2379,529,8342,8166,0,0,519,1365,0,2627,1288,640,1149,103,410,0,0,0,1246,8083,208,208,0,105,0,1254,212
 13530,0,8338,1169,848,1904,2379,529,8342,8166,0,0,519,1365,0,2627,1288,640,1149,103,410,0,0,0,1246,8083,208,208,0,105,0,1254,212
 13535,0,8338,1169,848,1904,2379,529,8342,8166,0,0,519,1365,0,2627,1288,640,1149,103,410,0,0,0,1246,8083,208,208,0,105,0,1254,212
 13540,0,8338,1169,848,1904,2379,529,8342,8166,0,0,519,1365,0,2627,1288,640,1149,103,410,0,0,0,1246,8083,208,208,0,105,0,1254,212
 13545,0,8338,1169,848,1904,2379,529,8342,8166,0,0,519,1365,0,2627,1288,640,1149,103,410,0,0,0,1246,8083,208,208,0,105,0,1254,212
 13550,0,8338,1169,848,1904,2379,529,8342,8166,0,0,519,1365,0,2627,1288,640,1149,103,410,0,0,0,1246,8083,208,208,0,105,0,1254,212
 13555,0,8338,1169,848,1904,2379,529,8342,8166,0,0,519,1365,0,2627,1288,640,1149,103,410,0,0,0,1246,8083,208,208,0,105,0,1254,212
 13560,0,8338,1169,848,1904,2379,529,8342,8166,0,0,519,1365,0,2627,1288,640,1149,103,410,0,0,0,1246,8083,208,208,0,105,0,1254,212
 13565,0,8338,1169,848,1904,2379,529,8342,8166,0,0,519,1365,0,2627,1288,640,1149,103,410,0,0,0,1246,8083,208,208,0,105,0,1254,212
 13570,0,8338,1169,848,1904,2379,529,8342,8166,0,0,519,1365,0,2627,1288,640,1149,103,410,0,0,0,1246,8083,208,208,0,105,0,1254,212
 13575,0,8338,1169,848,1904,2379,529,8342,8166,0,0,519,1365,0,2627,1288,640,1149,103,410,0,0,0,1246,8083,208,208,0,105,0,1254,212
 13580,0,8338,1169,848,1904,2379,529,8342,8166,0,0,519,1365,0,2627,1288,640,1149,103,410,0,0,0,1246,8083,208,208,0,105,0,1254,212
 13585,0,8338,1169,848,1904,2379,529,8342,8166,0,0,519,1365,0,2627,1288,640,1149,103,410,0,0,0,1246,8083,208,208,0,105,0,1254,212
 13590,0,8338,1169,848,1904,2379,529,8342,8166,0,0,519,1365,0,2627,1288,640,1149,103,410,0,0,0,1246,8083,208,208,0,105,0,1254,212
 13595,0,8338,1169,848,1904,2379,529,8342,8166,0,0,519,1365,0,2627,1288,640,1149,103,410,0,0,0,1246,8083,208,208,0,105,0,1254,212
 13600,0,8338,1169,848,1904,2379,529,8342,8166,0,0,519,1365,0,2627,1288,640,1149,103,410,0,0,0,1246,8083,208,208,0,105,0,1254,212
 13605,0,8338,1169,848,1904,2379,529,8342,8166,0,0,519,1365,0,2627,1288,640,1149,103,410,0,0,0,1246,8083,208,208,0,105,0,1254,212
 13610,0,8338,1169,848,1904,2379,529,8341,8166,0,0,519,1365,0,2627,1288,640,1149,103,410,0,0,0,1246,8088,208,208,0,105,0,1254,212
 13615,0,8338,1169,848,1904,2379,529,8346,8166,0,0,519,1365,0,2627,1288,640,1149,103,410,0,0,0,1246,8093,208,208,0,105,0,1254,212
 13620,0,8338,1169,848,1904,2379,529,8351,8168,0,0,519,1365,0,2627,1288,640,1149,103,410,0,0,0,1246,8098,208,208,0,105,0,1254,212
 13625,0,8339,1169,848,1904,2379,529,8356,8173,0,0,519,1365,0,2627,1288,640,1149,103,410,0,0,0,1246,8103,208,208,0,105,0,1254,212
 13630,0,8344,1169,848,1904,2379,529,8361,8178,0,0,519,1365,0,2627,1288,640,1149,103,410,0,0,0,1246,8108,208,208,0,105,0,1254,212
 13635,0,8349,1169,848,1904,2379,529,8366,8183,0,0,519,1365,0,2627,1288,640,1149,103,410,0,0,0,1246,8113,208,208,0,105,0,1254,212
 13640,0,8354,1169,848,1904,2379,529,8371,8188,0,0,519,1365,0,2627,1288,640,1149,103,410,0,0,0,1246,8118,208,208,0,105,0,1254,212
 13645,0,8359,1169,848,1904,2379,529,8376,8193,0,0,519,1365,0,2627,1288,640,1149,103,410,0,0,0,1246,8123,208,208,0,105,0,1254,212
 13650,0,8364,1169,848,1904,2379,529,8381,8198,0,0,519,1365,0,2627,1288,640,1149,103,410,0,0,0,1246,8128,208,208,0,105,0,1254,212
 13655,0,8369,1169,848,1904,2379,529,8386,8203,0,0,519,1365,0,2627,1288,640,1149,103,410,0,0,0,1246,8133,208,208,0,105,0,1254,212
 13660,0,8374,1169,848,1904,2379,529,8391,8208,0,0,519,1365,0,2627,1288,640,1149,103,410,0,0,0,1246,8138,208,208,0,105,0,1254,212
 13665,0,8379,1169,848,1904,2379,529,8396,8213,0,0,519,1365,0,2627,1288,640,1149,103,410,0,0,0,1246,8143,208,208,0,105,0,1254,212
 13670,0,8384,1169,848,1904,2379,529,8401,8218,0,0,519,1365,0,2627,1288,640,1149,103,410,0,0,0,1246,8148,208,208,0,105,0,1254,212
 13675,0,8389,1169,848,1904,2379,529,8406,8223,0,0,519,1365,0,2627,1288,640,1149,103,410,0,0,0,1246,8153,208,208,0,105,0,1254,212
 13680,0,8394,1169,848,1904,2379,529,8411,8228,0,0,519,1365,0,2627,1288,640,1149,103,410,0,0,0,1246,8158,208,208,0,105,0,1254,212
 13685,0,8399,1169,848,1904,2379,529,8416,8233,0,0,519,1365,0,2627,1288,640,1149,103,410,0,0,0,1246,8163,208,208,0,105,0,1254,212
 13690,0,8404,1169,848,1904,2379,529,8421,8238,0,0,519,1365,0,2627,1288,640,1149,103,410,0,0,0,1246,8168,208,208,0,105,0,1254,212
 13695,0,8409,1169,848,1904,2379,529,8426,8243,0,0,519,1365,0,2627,1288,640,1149,103,410,0,0,0,1246,8173,208,208,0,105,0,1254,212
 13700,0,8414,1169,848,1904,2379,529,8431,8248,0,0,519,1365,0,2627,1288,640,1149,103,410,0,0,0,1246,8178,208,208,0,105,0,1254,212
 13705,0,8419,1169,848,1904,2379,529,8436,8253,0,0,519,1365,0,2627,1288,640,1149,103,410,0,0,0,1246,8183,208,208,0,105,0,1254,212
 13710,0,8424,1169,848,1904,2379,529,8441,8258,0,0,519,1365,0,2627,1288,640,1149,103,410,0,0,0,1246,8186,208,208,0,105,0,1254,212
 13715,0,8429,1169,848,1904,2379,529,8445,8263,0,0,519,1365,0,2627,1288,640,1149,103,410,0,0,0,1246,8186,208,208,0,105,0,1254,212
 13720,0,8434,1169,848,1904,2379,529,8445,8269,0,0,519,1365,0,2627,1288,640,1149,103,410,0,0,0,1246,8186,208,208,0,105,0,1254,212
 13725,0,8439,1169,848,1904,2379,529,8445,8269,0,0,519,1365,0,2627,1288,640,1149,103,410,0,0,0,1246,8186,208,208,0,105,0,1254,212
 13730,0,8441,1169,848,1904,2379,529,8445,8269,0,0,519,1365,0,2627,1288,640,1149,103,410,0,0,0,1246,8186,208,208,0,105,0,1254,212
 13735,0,8441,1169,848,1904,2379,529,8445,8269,0,0,519,1365,0,2627,1288,640,1149,103,410,0,0,0,1246,8186,208,208,0,105,0,1254,212
 13740,0,8441,1169,848,1904,2379,529,8445,8269,0,0,519,1365,0,2627,1288,640,1149,103,410,0,0,0,1246,8186,208,208,0,105,0,1254,212
 13745,0,8441,1169,848,1904,2379,529,8445,8269,0,0,519,1365,0,2627,1288,640,1149,103,410,0,0,0,1246,8186,208,208,0,105,0,1254,212
 13750,0,8441,1169,848,1904,2379,529,8445,8269,0,0,519,1365,0,2627,1288,640,1149,103,410,0,0,0,1246,8186,208,208,0,105,0,1254,212
 13755,0,8441,1169,848,1904,2379,529,8445,8269,0,0,519,1365,0,2627,1288,640,1149,103,410,0,0,0,1246,8186,208,208,0,105,0,1254,212
 13760,0,8441,1169,848,1904,2379,529,8445,8269,0,0,519,1365,0,2627,1288,640,1149,103,410,0,0,0,1246,8186,208,208,0,105,0,1254,212
 13765,0,8441,1169,848,1904,2379,529,8445,8269,0,0,519,1365,0,2627,1288,640,1149,103,410,0,0,0,1246,8186,208,208,0,105,0,1254,212
 13770,0,8441,1169,848,1904,2379,529,8445,8269,0,0,519,1365,0,2627,1288,640,1149,103,410,0,0,0,1246,8186,208,208,0,105,0,1254,212
 13775,0,8441,1169,848,1904,2379,529,8445,8269,0,0,519,1365,0,2627,1288,640,1149,103,410,0,0,0,1246,8186,208,208,0,105,0,1254,212
 13780,0,8441,1169,848,1904,2379,529,8445,8269,0,0,519,1365,0,2627,1288,640,1149,103,410,0,0,0,1246,8186,208,208,0,105,0,1254,212
 13785,0,8441,1169,848,1904,2379,529,8445,8269,0,0,519,1365,0,2627,1288,640,1149,103,410,0,0,0,1246,8186,208,208,0,105,0,1254,212
 13790,0,8441,1169,848,1904,2379,529,8445,8269,0,0,519,1365,0,2627,1288,640,1149,103,410,0,0,0,1246,8186,208,208,0,105,0,1254,212
 13795,0,8441,1169,848,1904,2379,529,8445,8269,0,0,519,1365,0,2627,1288,640,1149,103,410,0,0,0,1246,8191,208,208,0,105,0,1254,212
 13800,0,8441,1169,848,1904,2379,529,8445,8269,0,0,519,1365,0,2627,1288,640,1149,103,410,0,0,0,1246,8196,208,208,0,105,0,1254,212
 13805,0,8441,1169,848,1904,2379,529,8446,8269,0,0,519,1365,0,2627,1288,640,1149,103,410,0,0,0,1246,8201,208,208,0,105,0,1254,212
 13810,0,8441,1169,848,1904,2379,529,8451,8269,0,0,519,1365,0,2627,1288,640,1149,103,410,0,0,0,1246,8206,208,208,0,105,0,1254,212
 13815,0,8441,1169,848,1904,2379,529,8456,8269,0,0,519,1365,0,2627,1288,640,1149,103,410,0,0,0,1246,8211,208,208,0,105,0,1254,212
 13820,0,8441,1169,848,1904,2379,529,8461,8269,0,0,519,1365,0,2627,1288,640,1149,103,410,0,0,0,1246,8216,208,208,0,105,0,1254,212
 13825,0,8441,1169,848,1904,2379,529,8466,8269,0,0,519,1365,0,2627,1288,640,1149,103,410,0,0,0,1246,8221,208,208,0,105,0,1254,212
 13830,0,8441,1169,848,1904,2379,529,8471,8269,0,0,519,1365,0,2627,1288,640,1149,103,410,0,0,0,1246,8226,208,208,0,105,0,1254,212
 13835,0,8441,1169,848,1904,2379,529,8476,8269,0,0,519,1365,0,2627,1288,640,1149,103,410,0,0,0,1246,8231,208,208,0,105,0,1254,212
 13840,0,8443,1169,848,1904,2379,529,8481,8269,0,0,519,1365,0,2627,1288,640,1149,103,410,0,0,0,1246,8236,208,208,0,105,0,1254,212
 13845,0,8448,1169,848,1904,2379,529,8486,8269,0,0,519,1365,0,2627,1288,640,1149,103,410,0,0,0,1246,8241,208,208,0,105,0,1254,212
 13850,0,8453,1169,848,1904,2379,529,8491,8269,0,0,519,1365,0,2627,1288,640,1149,103,410,0,0,0,1246,8246,208,208,0,105,0,1254,212
 13855,0,8458,1169,848,1904,2379,529,8496,8274,0,0,519,1365,0,2627,1288,640,1149,103,410,0,0,0,1246,8251,208,208,0,105,0,1254,212
 13860,0,8463,1169,848,1904,2379,529,8501,8279,0,0,519,1365,0,2627,1288,640,1149,103,410,0,0,0,1246,8256,208,208,0,105,0,1254,212
 13865,0,8468,1169,848,1904,2379,529,8506,8284,0,0,519,1365,0,2627,1288,640,1149,103,410,0,0,0,1246,8261,208,208,0,105,0,1254,212
 13870,0,8473,1169,848,1904,2379,529,8511,8289,0,0,519,1365,0,2627,1288,640,1149,103,410,0,0,0,1246,8266,208,208,0,105,0,1254,212
 13875,0,8478,1169,848,1904,2379,529,8516,8294,0,0,519,1365,0,2627,1288,640,1149,103,410,0,0,0,1246,8271,208,208,0,105,0,1254,212
 13880,0,8483,1169,848,1904,2379,529,8521,8299,0,0,519,1365,0,2627,1288,640,1149,103,410,0,0,0,1246,8276,208,208,0,105,0,1254,212
 13885,0,8488,1169,848,1904,2379,529,8526,8304,0,0,519,1365,0,2627,1288,640,1149,103,410,0,0,0,1246,8281,208,208,0,105,0,1254,212
 13890,0,8493,1169,848,1904,2379,529,8531,8309,0,0,519,1365,0,2627,1288,640,1149,103,410,0,0,0,1246,8286,208,208,0,105,0,1254,212
 13895,0,8498,1169,848,1904,2379,529,8536,8314,0,0,519,1365,0,2627,1288,640,1149,103,410,0,0,0,1246,8291,208,208,0,105,0,1254,212
 13900,0,8503,1169,848,1904,2379,529,8541,8319,0,0,519,1365,0,2627,1288,640,1149,103,410,0,0,0,1246,8291,208,208,0,105,0,1254,212
 13905,0,8508,1169,848,1904,2379,529,8546,8324,0,0,519,1365,0,2627,1288,640,1149,103,410,0,0,0,1246,8291,208,208,0,105,0,1254,212
 13910,0,8513,1169,848,1904,2379,529,8548,8329,0,0,519,1365,0,2627,1288,640,1149,103,410,0,0,0,1246,8291,208,208,0,105,0,1254,212
 13915,0,8518,1169,848,1904,2379,529,8548,8334,0,0,519,1365,0,2627,1288,640,1149,103,410,0,0,0,1246,8291,208,208,0,105,0,1254,212
 13920,0,8523,1169,848,1904,2379,529,8548,8339,0,0,519,1365,0,2627,1288,640,1149,103,410,0,0,0,1246,8291,208,208,0,105,0,1254,212
 13925,0,8528,1169,848,1904,2379,529,8548,8344,0,0,519,1365,0,2627,1288,640,1149,103,410,0,0,0,1246,8291,208,208,0,105,0,1254,212
 13930,0,8533,1169,848,1904,2379,529,8548,8349,0,0,519,1365,0,2627,1288,640,1149,103,410,0,0,0,1246,8291,208,208,0,105,0,1254,212
 13935,0,8538,1169,848,1904,2379,529,8548,8354,0,0,519,1365,0,2627,1288,640,1149,103,410,0,0,0,1246,8291,208,208,0,105,0,1254,212
 13940,0,8543,1169,848,1904,2379,529,8548,8359,0,0,519,1365,0,2627,1288,640,1149,103,410,0,0,0,1246,8291,208,208,0,105,0,1254,212
 13945,0,8546,1169,848,1904,2379,529,8548,8364,0,0,519,1365,0,2627,1288,640,1149,103,410,0,0,0,1246,8291,208,208,0,105,0,1254,212
 13950,0,8546,1169,848,1904,2379,529,8548,8369,0,0,519,1365,0,2627,1288,640,1149,103,410,0,0,0,1246,8291,208,208,0,105,0,1254,212
 13955,0,8546,1169,848,1904,2379,529,8548,8372,0,0,519,1365,0,2627,1288,640,1149,103,410,0,0,0,1246,8291,208,208,0,105,0,1254,212
 13960,0,8546,1169,848,1904,2379,529,8548,8372,0,0,519,1365,0,2627,1288,640,1149,103,410,0,0,0,1246,8291,208,208,0,105,0,1254,212
 13965,0,8546,1169,848,1904,2379,529,8548,8372,0,0,519,1365,0,2627,1288,640,1149,103,410,0,0,0,1246,8291,208,208,0,105,0,1254,212
 13970,0,8546,1169,848,1904,2379,529,8548,8372,0,0,519,1365,0,2627,1288,640,1149,103,410,0,0,0,1246,8291,208,208,0,105,0,1254,212
 13975,0,8546,1169,848,1904,2379,529,8548,8372,0,0,519,1365,0,2627,1288,640,1149,103,410,0,0,0,1246,8291,208,208,0,105,0,1254,212
 13980,0,8546,1169,848,1904,2379,529,8548,8372,0,0,519,1365,0,2627,1288,640,1149,103,410,0,0,0,1246,8291,208,208,0,105,0,1254,212
 13985,0,8546,1169,848,1904,2379,529,8548,8372,0,0,519,1365,0,2627,1288,640,1149,103,410,0,0,0,1246,8294,208,208,0,105,0,1254,212
 13990,0,8546,1169,848,1904,2379,529,8548,8372,0,0,519,1365,0,2627,1288,640,1149,103,410,0,0,0,1246,8299,208,208,0,105,0,1254,212
 13995,0,8546,1169,848,1904,2379,529,8548,8372,0,0,519,1365,0,2627,1288,640,1149,103,410,0,0,0,1246,8304,208,208,0,105,0,1254,212
 14000,0,8546,1169,848,1904,2379,529,8548,8372,0,0,519,1365,0,2627,1288,640,1149,103,410,0,0,0,1246,8309,208,208,0,105,0,1254,212
 14005,0,8546,1169,848,1904,2379,529,8548,8372,0,0,519,1365,0,2627,1288,640,1149,103,410,0,0,0,1246,8314,208,208,0,105,0,1254,212
 14010,0,8546,1169,848,1904,2379,529,8548,8372,0,0,519,1365,0,2627,1288,640,1149,103,410,0,0,0,1246,8319,208,208,0,105,0,1254,212
 14015,0,8546,1169,848,1904,2379,529,8548,8372,0,0,519,1365,0,2627,1288,640,1149,103,410,0,0,0,1246,8324,208,208,0,105,0,1254,212
 14020,0,8546,1169,848,1904,2379,529,8551,8374,0,0,519,1365,0,2627,1288,640,1149,103,410,0,0,0,1246,8329,208,208,0,105,0,1254,212
 14025,0,8546,1169,848,1904,2379,529,8556,8379,0,0,519,1365,0,2627,1288,640,1149,103,410,0,0,0,1246,8334,208,208,0,105,0,1254,212
 14030,0,8548,1169,848,1904,2379,529,8561,8384,0,0,519,1365,0,2627,1288,640,1149,103,410,0,0,0,1246,8339,208,208,0,105,0,1254,212
 14035,0,8553,1169,848,1904,2379,529,8566,8389,0,0,519,1365,0,2627,1288,640,1149,103,410,0,0,0,1246,8344,208,208,0,105,0,1254,212
 14040,0,8558,1169,848,1904,2379,529,8571,8394,0,0,519,1365,0,2627,1288,640,1149,103,410,0,0,0,1246,8349,208,208,0,105,0,1254,212
 14045,0,8563,1169,848,1904,2379,529,8576,8399,0,0,519,1365,0,2627,1288,640,1149,103,410,0,0,0,1246,8354,208,208,0,105,0,1254,212
 14050,0,8568,1169,848,1904,2379,529,8581,8404,0,0,519,1365,0,2627,1288,640,1149,103,410,0,0,0,1246,8359,208,208,0,105,0,1254,212
 14055,0,8573,1169,848,1904,2379,529,8586,8409,0,0,519,1365,0,2627,1288,640,1149,103,410,0,0,0,1246,8364,208,208,0,105,0,1254,212
 14060,0,8578,1169,848,1904,2379,529,8591,8414,0,0,519,1365,0,2627,1288,640,1149,103,410,0,0,0,1246,8369,208,208,0,105,0,1254,212
 14065,0,8583,1169,848,1904,2379,529,8596,8419,0,0,519,1365,0,2627,1288,640,1149,103,410,0,0,0,1246,8374,208,208,0,105,0,1254,212
 14070,0,8588,1169,848,1904,2379,529,8601,8424,0,0,519,1365,0,2627,1288,640,1149,103,410,0,0,0,1246,8379,208,208,0,105,0,1254,212
 14075,0,8593,1169,848,1904,2379,529,8606,8429,0,0,519,1365,0,2627,1288,640,1149,103,410,0,0,0,1246,8384,208,208,0,105,0,1254,212
 14080,0,8598,1169,848,1904,2379,529,8611,8434,0,0,519,1365,0,2627,1288,640,1149,103,410,0,0,0,1246,8389,208,208,0,105,0,1254,212
 14085,0,8603,1169,848,1904,2379,529,8616,8439,0,0,519,1365,0,2627,1288,640,1149,103,410,0,0,0,1246,8392,208,208,0,105,0,1254,212
 14090,0,8608,1169,848,1904,2379,529,8621,8444,0,0,519,1365,0,2627,1288,640,1149,103,410,0,0,0,1246,8392,208,208,0,105,0,1254,212
 14095,0,8613,1169,848,1904,2379,529,8626,8449,0,0,519,1365,0,2627,1288,640,1149,103,410,0,0,0,1246,8392,208,208,0,105,0,1254,212
 14100,0,8618,1169,848,1904,2379,529,8631,8454,0,0,519,1365,0,2627,1288,640,1149,103,410,0,0,0,1246,8392,208,208,0,105,0,1254,212
 14105,0,8623,1169,848,1904,2379,529,8636,8459,0,0,519,1365,0,2627,1288,640,1149,103,410,0,0,0,1246,8392,208,208,0,105,0,1254,212
 14110,0,8628,1169,848,1904,2379,529,8641,8464,0,0,519,1365,0,2627,1288,640,1149,103,410,0,0,0,1246,8392,208,208,0,105,0,1254,212
 14115,0,8633,1169,848,1904,2379,529,8646,8469,0,0,519,1365,0,2627,1288,640,1149,103,410,0,0,0,1246,8392,208,208,0,105,0,1254,212
 14120,0,8638,1169,848,1904,2379,529,8651,8474,0,0,519,1365,0,2627,1288,640,1149,103,410,0,0,0,1246,8392,208,208,0,105,0,1254,212
 14125,0,8643,1169,848,1904,2379,529,8653,8479,0,0,519,1365,0,2627,1288,640,1149,103,410,0,0,0,1246,8392,208,208,0,105,0,1254,212
 14130,0,8649,1169,848,1904,2379,529,8653,8479,0,0,519,1365,0,2627,1288,640,1149,103,410,0,0,0,1246,8392,208,208,0,105,0,1254,212
 14135,0,8649,1169,848,1904,2379,529,8653,8479,0,0,519,1365,0,2627,1288,640,1149,103,410,0,0,0,1246,8392,208,208,0,105,0,1254,212
 14140,0,8649,1169,848,1904,2379,529,8653,8479,0,0,519,1365,0,2627,1288,640,1149,103,410,0,0,0,1246,8392,208,208,0,105,0,1254,212
 14145,0,8649,1169,848,1904,2379,529,8653,8479,0,0,519,1365,0,2627,1288,640,1149,103,410,0,0,0,1246,8392,208,208,0,105,0,1254,212
 14150,0,8649,1169,848,1904,2379,529,8653,8479,0,0,519,1365,0,2627,1288,640,1149,103,410,0,0,0,1246,8392,208,208,0,105,0,1254,212
 14155,0,8649,1169,848,1904,2379,529,8653,8479,0,0,519,1365,0,2627,1288,640,1149,103,410,0,0,0,1246,8392,208,208,0,105,0,1254,212
 14160,0,8649,1169,848,1904,2379,529,8653,8479,0,0,519,1365,0,2627,1288,640,1149,103,410,0,0,0,1246,8392,208,208,0,105,0,1254,212
 14165,0,8649,1169,848,1904,2379,529,8653,8479,0,0,519,1365,0,2627,1288,640,1149,103,410,0,0,0,1246,8392,208,208,0,105,0,1254,212
 14170,0,8649,1169,848,1904,2379,529,8653,8479,0,0,519,1365,0,2627,1288,640,1149,103,410,0,0,0,1246,8392,208,208,0,105,0,1254,212
 14175,0,8649,1169,848,1904,2379,529,8653,8479,0,0,519,1365,0,2627,1288,640,1149,103,410,0,0,0,1246,8392,208,208,0,105,0,1254,212
 14180,0,8649,1169,848,1904,2379,529,8653,8479,0,0,519,1365,0,2627,1288,640,1149,103,410,0,0,0,1246,8392,208,208,0,105,0,1254,212
 14185,0,8649,1169,848,1904,2379,529,8653,8479,0,0,519,1365,0,2627,1288,640,1149,103,410,0,0,0,1246,8392,208,208,0,105,0,1254,212
 14190,0,8649,1169,848,1904,2379,529,8653,8479,0,0,519,1365,0,2627,1288,640,1149,103,410,0,0,0,1246,8392,208,208,0,105,0,1254,212
 14195,0,8649,1169,848,1904,2379,529,8653,8479,0,0,519,1365,0,2627,1288,640,1149,103,410,0,0,0,1246,8392,208,208,0,105,0,1254,212
 14200,0,8649,1169,848,1904,2379,529,8653,8479,0,0,519,1365,0,2627,1288,640,1149,103,410,0,0,0,1246,8392,208,208,0,105,0,1254,212
 14205,0,8649,1169,848,1904,2379,529,8653,8479,0,0,519,1365,0,2627,1288,640,1149,103,410,0,0,0,1246,8392,208,208,0,105,0,1254,212
 14210,0,8649,1169,848,1904,2379,529,8653,8479,0,0,519,1365,0,2627,1288,640,1149,103,410,0,0,0,1246,8392,208,208,0,105,0,1254,212
 14215,0,8649,1169,848,1904,2379,529,8653,8479,0,0,519,1365,0,2627,1288,640,1149,103,410,0,0,0,1246,8392,208,208,0,105,0,1254,212
 14220,0,8650,1169,848,1904,2379,529,8653,8479,0,0,519,1365,0,2627,1288,640,1149,103,410,0,0,0,1246,8392,208,208,0,105,0,1254,212
 14225,0,8655,1169,848,1904,2379,529,8653,8481,0,0,519,1365,0,2627,1288,640,1149,103,410,0,0,0,1246,8392,208,208,0,105,0,1254,212
 14230,0,8660,1169,848,1904,2379,529,8653,8486,0,0,519,1365,0,2627,1288,640,1149,103,410,0,0,0,1246,8392,208,208,0,105,0,1254,212
 14235,0,8665,1169,848,1904,2379,529,8653,8491,0,0,519,1365,0,2627,1288,640,1149,103,410,0,0,0,1246,8392,208,208,0,105,0,1254,212
 14240,0,8670,1169,848,1904,2379,529,8658,8496,0,0,519,1365,0,2627,1288,640,1149,103,410,0,0,0,1246,8392,208,208,0,105,0,1254,212
 14245,0,8675,1169,848,1904,2379,529,8663,8501,0,0,519,1365,0,2627,1288,640,1149,103,410,0,0,0,1246,8391,208,208,0,105,0,1254,212
 14250,0,8680,1169,848,1904,2379,529,8668,8506,0,0,519,1365,0,2627,1288,640,1149,103,410,0,0,0,1246,8396,208,208,0,105,0,1254,212
 14255,0,8685,1169,848,1904,2379,529,8673,8511,0,0,519,1365,0,2627,1288,640,1149,103,410,0,0,0,1246,8401,208,208,0,105,0,1254,212
 14260,0,8690,1169,848,1904,2379,529,8678,8516,0,0,519,1365,0,2627,1288,640,1149,103,410,0,0,0,1246,8406,208,208,0,105,0,1254,212
 14265,0,8695,1169,848,1904,2379,529,8683,8521,0,0,519,1365,0,2627,1288,640,1149,103,410,0,0,0,1246,8411,208,208,0,105,0,1254,212
 14270,0,8700,1169,848,1904,2379,529,8688,8526,0,0,519,1365,0,2627,1288,640,1149,103,410,0,0,0,1246,8416,208,208,0,105,0,1254,212
 14275,0,8705,1169,848,1904,2379,529,8693,8531,0,0,519,1365,0,2627,1288,640,1149,103,410,0,0,0,1246,8421,208,208,0,105,0,1254,212
 14280,0,8710,1169,848,1904,2379,529,8698,8536,0,0,519,1365,0,2627,1288,640,1149,103,410,0,0,0,1246,8426,208,208,0,105,0,1254,212
 14285,0,8715,1169,848,1904,2379,529,8703,8541,0,0,519,1365,0,2627,1288,640,1149,103,410,0,0,0,1246,8431,208,208,0,105,0,1254,212
 14290,0,8720,1169,848,1904,2379,529,8708,8546,0,0,519,1365,0,2627,1288,640,1149,103,410,0,0,0,1246,8436,208,208,0,105,0,1254,212
 14295,0,8725,1169,848,1904,2379,529,8713,8551,0,0,519,1365,0,2627,1288,640,1149,103,410,0,0,0,1246,8441,208,208,0,105,0,1254,212
 14300,0,8730,1169,848,1904,2379,529,8718,8556,0,0,519,1365,0,2627,1288,640,1149,103,410,0,0,0,1246,8446,208,208,0,105,0,1254,212
 14305,0,8735,1169,848,1904,2379,529,8723,8561,0,0,519,1365,0,2627,1288,640,1149,103,410,0,0,0,1246,8451,208,208,0,105,0,1254,212
 14310,0,8740,1169,848,1904,2379,529,8728,8566,0,0,519,1365,0,2627,1288,640,1149,103,410,0,0,0,1246,8456,208,208,0,105,0,1254,212
 14315,0,8745,1169,848,1904,2379,529,8733,8571,0,0,519,1365,0,2627,1288,640,1149,103,410,0,0,0,1246,8461,208,208,0,105,0,1254,212
 14320,0,8750,1169,848,1904,2379,529,8738,8576,0,0,519,1365,0,2627,1288,640,1149,103,410,0,0,0,1246,8466,208,208,0,105,0,1254,212
 14325,0,8754,1169,848,1904,2379,529,8743,8581,0,0,519,1365,0,2627,1288,640,1149,103,410,0,0,0,1246,8471,208,208,0,105,0,1254,212
 14330,0,8754,1169,848,1904,2379,529,8748,8584,0,0,519,1365,0,2627,1288,640,1149,103,410,0,0,0,1246,8476,208,208,0,105,0,1254,212
 14335,0,8754,1169,848,1904,2379,529,8753,8584,0,0,519,1365,0,2627,1288,640,1149,103,410,0,0,0,1246,8481,208,208,0,105,0,1254,212
 14340,0,8754,1169,848,1904,2379,529,8758,8584,0,0,519,1365,0,2627,1288,640,1149,103,410,0,0,0,1246,8486,208,208,0,105,0,1254,212
 14345,0,8754,1169,848,1904,2379,529,8758,8584,0,0,519,1365,0,2627,1288,640,1149,103,410,0,0,0,1246,8491,208,208,0,105,0,1254,212
 14350,0,8754,1169,848,1904,2379,529,8758,8584,0,0,519,1365,0,2627,1288,640,1149,103,410,0,0,0,1246,8495,208,208,0,105,0,1254,212
 14355,0,8754,1169,848,1904,2379,529,8758,8584,0,0,519,1365,0,2627,1288,640,1149,103,410,0,0,0,1246,8495,208,208,0,105,0,1254,212
 14360,0,8754,1169,848,1904,2379,529,8758,8584,0,0,519,1365,0,2627,1288,640,1149,103,410,0,0,0,1246,8495,208,208,0,105,0,1254,212
 14365,0,8754,1169,848,1904,2379,529,8758,8584,0,0,519,1365,0,2627,1288,640,1149,103,410,0,0,0,1246,8495,208,208,0,105,0,1254,212
 14370,0,8754,1169,848,1904,2379,529,8758,8584,0,0,519,1365,0,2627,1288,640,1149,103,410,0,0,0,1246,8495,208,208,0,105,0,1254,212
 14375,0,8754,1169,848,1904,2379,529,8758,8584,0,0,519,1365,0,2627,1288,640,1149,103,410,0,0,0,1246,8495,208,208,0,105,0,1254,212
 14380,0,8754,1169,848,1904,2379,529,8758,8584,0,0,519,1365,0,2627,1288,640,1149,103,410,0,0,0,1246,8495,208,208,0,105,0,1254,212
 14385,0,8754,1169,848,1904,2379,529,8758,8584,0,0,519,1365,0,2627,1288,640,1149,103,410,0,0,0,1246,8495,208,208,0,105,0,1254,212
 14390,0,8754,1169,848,1904,2379,529,8758,8584,0,0,519,1365,0,2627,1288,640,1149,103,410,0,0,0,1246,8495,208,208,0,105,0,1254,212
 14395,0,8754,1169,848,1904,2379,529,8758,8584,0,0,519,1365,0,2627,1288,640,1149,103,410,0,0,0,1246,8495,208,208,0,105,0,1254,212
 14400,0,8754,1169,848,1904,2379,529,8758,8584,0,0,519,1365,0,2627,1288,640,1149,103,410,0,0,0,1246,8495,208,208,0,105,0,1254,212
 14405,0,8754,1169,848,1904,2379,529,8758,8584,0,0,519,1365,0,2627,1288,640,1149,103,410,0,0,0,1246,8495,208,208,0,105,0,1254,212
 14410,0,8754,1169,848,1904,2379,529,8758,8584,0,0,519,1365,0,2627,1288,640,1149,103,410,0,0,0,1246,8495,208,208,0,105,0,1254,212
 14415,0,8754,1169,848,1904,2379,529,8758,8584,0,0,519,1365,0,2627,1288,640,1149,103,410,0,0,0,1246,8495,208,208,0,105,0,1254,212
 14420,0,8754,1169,848,1904,2379,529,8758,8584,0,0,519,1365,0,2627,1288,640,1149,103,410,0,0,0,1246,8495,208,208,0,105,0,1254,212
 14425,0,8754,1169,848,1904,2379,529,8758,8584,0,0,519,1365,0,2627,1288,640,1149,103,410,0,0,0,1246,8495,208,208,0,105,0,1254,212
 14430,0,8754,1169,848,1904,2379,529,8758,8584,0,0,519,1365,0,2627,1288,640,1149,103,410,0,0,0,1246,8495,208,208,0,105,0,1254,212
 14435,0,8755,1169,848,1904,2379,529,8758,8584,0,0,519,1365,0,2627,1288,640,1149,103,410,0,0,0,1246,8494,208,208,0,105,0,1254,212
 14440,0,8760,1169,848,1904,2379,529,8758,8584,0,0,519,1365,0,2627,1288,640,1149,103,410,0,0,0,1246,8499,208,208,0,105,0,1254,212
 14445,0,8765,1169,848,1904,2379,529,8758,8589,0,0,519,1365,0,2627,1288,640,1149,103,410,0,0,0,1246,8504,208,208,0,105,0,1254,212
 14450,0,8770,1169,848,1904,2379,529,8758,8594,0,0,519,1365,0,2627,1288,640,1149,103,410,0,0,0,1246,8509,208,208,0,105,0,1254,212
 14455,0,8775,1169,848,1904,2379,529,8758,8599,0,0,519,1365,0,2627,1288,640,1149,103,410,0,0,0,1246,8514,208,208,0,105,0,1254,212
 14460,0,8780,1169,848,1904,2379,529,8761,8604,0,0,519,1365,0,2627,1288,640,1149,103,410,0,0,0,1246,8519,208,208,0,105,0,1254,212
 14465,0,8785,1169,848,1904,2379,529,8766,8609,0,0,519,1365,0,2627,1288,640,1149,103,410,0,0,0,1246,8524,208,208,0,105,0,1254,212
 14470,0,8790,1169,848,1904,2379,529,8771,8614,0,0,519,1365,0,2627,1288,640,1149,103,410,0,0,0,1246,8529,208,208,0,105,0,1254,212
 14475,0,8795,1169,848,1904,2379,529,8776,8619,0,0,519,1365,0,2627,1288,640,1149,103,410,0,0,0,1246,8534,208,208,0,105,0,1254,212
 14480,0,8800,1169,848,1904,2379,529,8781,8624,0,0,519,1365,0,2627,1288,640,1149,103,410,0,0,0,1246,8539,208,208,0,105,0,1254,212
 14485,0,8805,1169,848,1904,2379,529,8786,8629,0,0,519,1365,0,2627,1288,640,1149,103,410,0,0,0,1246,8544,208,208,0,105,0,1254,212
 14490,0,8810,1169,848,1904,2379,529,8791,8634,0,0,519,1365,0,2627,1288,640,1149,103,410,0,0,0,1246,8549,208,208,0,105,0,1254,212
 14495,0,8815,1169,848,1904,2379,529,8796,8639,0,0,519,1365,0,2627,1288,640,1149,103,410,0,0,0,1246,8554,208,208,0,105,0,1254,212
 14500,0,8820,1169,848,1904,2379,529,8801,8644,0,0,519,1365,0,2627,1288,640,1149,103,410,0,0,0,1246,8559,208,208,0,105,0,1254,212
 14505,0,8825,1169,848,1904,2379,529,8806,8649,0,0,519,1365,0,2627,1288,640,1149,103,410,0,0,0,1246,8564,208,208,0,105,0,1254,212
 14510,0,8830,1169,848,1904,2379,529,8811,8654,0,0,519,1365,0,2627,1288,640,1149,103,410,0,0,0,1246,8569,208,208,0,105,0,1254,212
 14515,0,8835,1169,848,1904,2379,529,8816,8659,0,0,519,1365,0,2627,1288,640,1149,103,410,0,0,0,1246,8574,208,208,0,105,0,1254,212
 14520,0,8840,1169,848,1904,2379,529,8821,8664,0,0,519,1365,0,2627,1288,640,1149,103,410,0,0,0,1246,8579,208,208,0,105,0,1254,212
 14525,0,8845,1169,848,1904,2379,529,8826,8669,0,0,519,1365,0,2627,1288,640,1149,103,410,0,0,0,1246,8584,208,208,0,105,0,1254,212
 14530,0,8850,1169,848,1904,2379,529,8831,8674,0,0,519,1365,0,2627,1288,640,1149,103,410,0,0,0,1246,8589,208,208,0,105,0,1254,212
 14535,0,8855,1169,848,1904,2379,529,8836,8679,0,0,519,1365,0,2627,1288,640,1149,103,410,0,0,0,1246,8594,208,208,0,105,0,1254,212
 14540,0,8857,1169,848,1904,2379,529,8841,8684,0,0,519,1365,0,2627,1288,640,1149,103,410,0,0,0,1246,8600,208,208,0,105,0,1254,212
 14545,0,8857,1169,848,1904,2379,529,8846,8687,0,0,519,1365,0,2627,1288,640,1149,103,410,0,0,0,1246,8600,208,208,0,105,0,1254,212
 14550,0,8857,1169,848,1904,2379,529,8851,8687,0,0,519,1365,0,2627,1288,640,1149,103,410,0,0,0,1246,8600,208,208,0,105,0,1254,212
 14555,0,8857,1169,848,1904,2379,529,8856,8687,0,0,519,1365,0,2627,1288,640,1149,103,410,0,0,0,1246,8600,208,208,0,105,0,1254,212
 14560,0,8857,1169,848,1904,2379,529,8861,8687,0,0,519,1365,0,2627,1288,640,1149,103,410,0,0,0,1246,8600,208,208,0,105,0,1254,212
 14565,0,8857,1169,848,1904,2379,529,8861,8687,0,0,519,1365,0,2627,1288,640,1149,103,410,0,0,0,1246,8600,208,208,0,105,0,1254,212
 14570,0,8857,1169,848,1904,2379,529,8861,8687,0,0,519,1365,0,2627,1288,640,1149,103,410,0,0,0,1246,8600,208,208,0,105,0,1254,212
 14575,0,8857,1169,848,1904,2379,529,8861,8687,0,0,519,1365,0,2627,1288,640,1149,103,410,0,0,0,1246,8600,208,208,0,105,0,1254,212
 14580,0,8857,1169,848,1904,2379,529,8861,8687,0,0,519,1365,0,2627,1288,640,1149,103,410,0,0,0,1246,8600,208,208,0,105,0,1254,212
 14585,0,8857,1169,848,1904,2379,529,8861,8687,0,0,519,1365,0,2627,1288,640,1149,103,410,0,0,0,1246,8600,208,208,0,105,0,1254,212
 14590,0,8857,1169,848,1904,2379,529,8861,8687,0,0,519,1365,0,2627,1288,640,1149,103,410,0,0,0,1246,8600,208,208,0,105,0,1254,212
 14595,0,8857,1169,848,1904,2379,529,8861,8687,0,0,519,1365,0,2627,1288,640,1149,103,410,0,0,0,1246,8600,208,208,0,105,0,1254,212
 14600,0,8857,1169,848,1904,2379,529,8861,8687,0,0,519,1365,0,2627,1288,640,1149,103,410,0,0,0,1246,8600,208,208,0,105,0,1254,212
 14605,0,8857,1169,848,1904,2379,529,8861,8687,0,0,519,1365,0,2627,1288,640,1149,103,410,0,0,0,1246,8600,208,208,0,105,0,1254,212
 14610,0,8857,1169,848,1904,2379,529,8861,8687,0,0,519,1365,0,2627,1288,640,1149,103,410,0,0,0,1246,8600,208,208,0,105,0,1254,212
 14615,0,8857,1169,848,1904,2379,529,8861,8687,0,0,519,1365,0,2627,1288,640,1149,103,410,0,0,0,1246,8600,208,208,0,105,0,1254,212
 14620,0,8857,1169,848,1904,2379,529,8861,8687,0,0,519,1365,0,2627,1288,640,1149,103,410,0,0,0,1246,8600,208,208,0,105,0,1254,212
 14625,0,8857,1169,848,1904,2379,529,8861,8687,0,0,519,1365,0,2627,1288,640,1149,103,410,0,0,0,1246,8600,208,208,0,105,0,1254,212
 14630,0,8857,1169,848,1904,2379,529,8861,8687,0,0,519,1365,0,2627,1288,640,1149,103,410,0,0,0,1246,8600,208,208,0,105,0,1254,212
 14635,0,8857,1169,848,1904,2379,529,8861,8687,0,0,519,1365,0,2627,1288,640,1149,103,410,0,0,0,1246,8600,208,208,0,105,0,1254,212
 14640,0,8857,1169,848,1904,2379,529,8861,8687,0,0,519,1365,0,2627,1288,640,1149,103,410,0,0,0,1246,8600,208,208,0,105,0,1254,212
 14645,0,8857,1169,848,1904,2379,529,8861,8687,0,0,519,1365,0,2627,1288,640,1149,103,410,0,0,0,1246,8600,208,208,0,105,0,1254,212
 14650,0,8857,1169,848,1904,2379,529,8861,8687,0,0,519,1365,0,2627,1288,640,1149,103,410,0,0,0,1246,8600,208,208,0,105,0,1254,212
 14655,0,8857,1169,848,1904,2379,529,8861,8687,0,0,519,1365,0,2627,1288,640,1149,103,410,0,0,0,1246,8600,208,208,0,105,0,1254,212
 14660,0,8857,1169,848,1904,2379,529,8861,8687,0,0,519,1365,0,2627,1288,640,1149,103,410,0,0,0,1246,8600,208,208,0,105,0,1254,212
 14665,0,8857,1169,848,1904,2379,529,8861,8687,0,0,519,1365,0,2627,1288,640,1149,103,410,0,0,0,1246,8600,208,208,0,105,0,1254,212
 14670,0,8857,1169,848,1904,2379,529,8861,8687,0,0,519,1365,0,2627,1288,640,1149,103,410,0,0,0,1246,8600,208,208,0,105,0,1254,212
 14675,0,8857,1169,848,1904,2379,529,8861,8687,0,0,519,1365,0,2627,1288,640,1149,103,410,0,0,0,1246,8600,208,208,0,105,0,1254,212
 14680,0,8857,1169,848,1904,2379,529,8861,8687,0,0,519,1365,0,2627,1288,640,1149,103,410,0,0,0,1246,8600,208,208,0,105,0,1254,212
 14685,0,8857,1169,848,1904,2379,529,8861,8687,0,0,519,1365,0,2627,1288,640,1149,103,410,0,0,0,1246,8600,208,208,0,105,0,1254,212
 14690,0,8857,1169,848,1904,2379,529,8861,8687,0,0,519,1365,0,2627,1288,640,1149,103,410,0,0,0,1246,8600,208,208,0,105,0,1254,212
 14695,0,8857,1169,848,1904,2379,529,8861,8687,0,0,519,1365,0,2627,1288,640,1149,103,410,0,0,0,1246,8600,208,208,0,105,0,1254,212
 14700,0,8857,1169,848,1904,2379,529,8861,8687,0,0,519,1365,0,2627,1288,640,1149,103,410,0,0,0,1246,8600,208,208,0,105,0,1254,212
 14705,0,8857,1169,848,1904,2379,529,8861,8687,0,0,519,1365,0,2627,1288,640,1149,103,410,0,0,0,1246,8600,208,208,0,105,0,1254,212
 14710,0,8857,1169,848,1904,2379,529,8861,8687,0,0,519,1365,0,2627,1288,640,1149,103,410,0,0,0,1246,8600,208,208,0,105,0,1254,212
 14715,0,8857,1169,848,1904,2379,529,8861,8687,0,0,519,1365,0,2627,1288,640,1149,103,410,0,0,0,1246,8603,208,208,0,105,0,1254,212
 14720,0,8857,1169,848,1904,2379,529,8861,8687,0,0,519,1365,0,2627,1288,640,1149,103,410,0,0,0,1246,8608,208,208,0,105,0,1254,212
 14725,0,8857,1169,848,1904,2379,529,8861,8692,0,0,519,1365,0,2627,1288,640,1149,103,410,0,0,0,1246,8613,208,208,0,105,0,1254,212
 14730,0,8857,1169,848,1904,2379,529,8861,8697,0,0,519,1365,0,2627,1288,640,1149,103,410,0,0,0,1246,8618,208,208,0,105,0,1254,212
 14735,0,8857,1169,848,1904,2379,529,8864,8702,0,0,519,1365,0,2627,1288,640,1149,103,410,0,0,0,1246,8623,208,208,0,105,0,1254,212
 14740,0,8857,1169,848,1904,2379,529,8869,8707,0,0,519,1365,0,2627,1288,640,1149,103,410,0,0,0,1246,8628,208,208,0,105,0,1254,212
 14745,0,8857,1169,848,1904,2379,529,8874,8712,0,0,519,1365,0,2627,1288,640,1149,103,410,0,0,0,1246,8633,208,208,0,105,0,1254,212
 14750,0,8857,1169,848,1904,2379,529,8879,8717,0,0,519,1365,0,2627,1288,640,1149,103,410,0,0,0,1246,8638,208,208,0,105,0,1254,212
 14755,0,8857,1169,848,1904,2379,529,8884,8722,0,0,519,1365,0,2627,1288,640,1149,103,410,0,0,0,1246,8643,208,208,0,105,0,1254,212
 14760,0,8857,1169,848,1904,2379,529,8889,8727,0,0,519,1365,0,2627,1288,640,1149,103,410,0,0,0,1246,8648,208,208,0,105,0,1254,212
 14765,0,8857,1169,848,1904,2379,529,8894,8732,0,0,519,1365,0,2627,1288,640,1149,103,410,0,0,0,1246,8653,208,208,0,105,0,1254,212
 14770,0,8857,1169,848,1904,2379,529,8899,8737,0,0,519,1365,0,2627,1288,640,1149,103,410,0,0,0,1246,8658,208,208,0,105,0,1254,212
 14775,0,8858,1169,848,1904,2379,529,8904,8742,0,0,519,1365,0,2627,1288,640,1149,103,410,0,0,0,1246,8663,208,208,0,105,0,1254,212
 14780,0,8863,1169,848,1904,2379,529,8909,8747,0,0,519,1365,0,2627,1288,640,1149,103,410,0,0,0,1246,8668,208,208,0,105,0,1254,212
 14785,0,8868,1169,848,1904,2379,529,8914,8752,0,0,519,1365,0,2627,1288,640,1149,103,410,0,0,0,1246,8673,208,208,0,105,0,1254,212
 14790,0,8873,1169,848,1904,2379,529,8919,8757,0,0,519,1365,0,2627,1288,640,1149,103,410,0,0,0,1246,8678,208,208,0,105,0,1254,212
 14795,0,8878,1169,848,1904,2379,529,8924,8762,0,0,519,1365,0,2627,1288,640,1149,103,410,0,0,0,1246,8683,208,208,0,105,0,1254,212
 14800,0,8883,1169,848,1904,2379,529,8929,8767,0,0,519,1365,0,2627,1288,640,1149,103,410,0,0,0,1246,8688,208,208,0,105,0,1254,212
 14805,0,8888,1169,848,1904,2379,529,8934,8772,0,0,519,1365,0,2627,1288,640,1149,103,410,0,0,0,1246,8693,208,208,0,105,0,1254,212
 14810,0,8893,1169,848,1904,2379,529,8939,8777,0,0,519,1365,0,2627,1288,640,1149,103,410,0,0,0,1246,8698,208,208,0,105,0,1254,212
 14815,0,8898,1169,848,1904,2379,529,8944,8782,0,0,519,1365,0,2627,1288,640,1149,103,410,0,0,0,1246,8703,208,208,0,105,0,1254,212
 14820,0,8903,1169,848,1904,2379,529,8949,8787,0,0,519,1365,0,2627,1288,640,1149,103,410,0,0,0,1246,8705,208,208,0,105,0,1254,212
 14825,0,8908,1169,848,1904,2379,529,8954,8792,0,0,519,1365,0,2627,1288,640,1149,103,410,0,0,0,1246,8705,208,208,0,105,0,1254,212
 14830,0,8913,1169,848,1904,2379,529,8959,8792,0,0,519,1365,0,2627,1288,640,1149,103,410,0,0,0,1246,8705,208,208,0,105,0,1254,212
 14835,0,8918,1169,848,1904,2379,529,8962,8792,0,0,519,1365,0,2627,1288,640,1149,103,410,0,0,0,1246,8705,208,208,0,105,0,1254,212
 14840,0,8923,1169,848,1904,2379,529,8962,8792,0,0,519,1365,0,2627,1288,640,1149,103,410,0,0,0,1246,8705,208,208,0,105,0,1254,212
 14845,0,8928,1169,848,1904,2379,529,8962,8792,0,0,519,1365,0,2627,1288,640,1149,103,410,0,0,0,1246,8705,208,208,0,105,0,1254,212
 14850,0,8933,1169,848,1904,2379,529,8962,8792,0,0,519,1365,0,2627,1288,640,1149,103,410,0,0,0,1246,8705,208,208,0,105,0,1254,212
 14855,0,8938,1169,848,1904,2379,529,8962,8792,0,0,519,1365,0,2627,1288,640,1149,103,410,0,0,0,1246,8705,208,208,0,105,0,1254,212
 14860,0,8943,1169,848,1904,2379,529,8962,8792,0,0,519,1365,0,2627,1288,640,1149,103,410,0,0,0,1246,8705,208,208,0,105,0,1254,212
 14865,0,8948,1169,848,1904,2379,529,8962,8792,0,0,519,1365,0,2627,1288,640,1149,103,410,0,0,0,1246,8705,208,208,0,105,0,1254,212
 14870,0,8953,1169,848,1904,2379,529,8962,8792,0,0,519,1365,0,2627,1288,640,1149,103,410,0,0,0,1246,8705,208,208,0,105,0,1254,212
 14875,0,8958,1169,848,1904,2379,529,8962,8792,0,0,519,1365,0,2627,1288,640,1149,103,410,0,0,0,1246,8705,208,208,0,105,0,1254,212
 14880,0,8964,1169,848,1904,2379,529,8962,8792,0,0,519,1365,0,2627,1288,640,1149,103,410,0,0,0,1246,8705,208,208,0,105,0,1254,212
 14885,0,8964,1169,848,1904,2379,529,8962,8792,0,0,519,1365,0,2627,1288,640,1149,103,410,0,0,0,1246,8705,208,208,0,105,0,1254,212
 14890,0,8964,1169,848,1904,2379,529,8962,8792,0,0,519,1365,0,2627,1288,640,1149,103,410,0,0,0,1246,8705,208,208,0,105,0,1254,212
 14895,0,8964,1169,848,1904,2379,529,8962,8792,0,0,519,1365,0,2627,1288,640,1149,103,410,0,0,0,1246,8705,208,208,0,105,0,1254,212
 14900,0,8964,1169,848,1904,2379,529,8962,8792,0,0,519,1365,0,2627,1288,640,1149,103,410,0,0,0,1246,8705,208,208,0,105,0,1254,212
 14905,0,8964,1169,848,1904,2379,529,8962,8792,0,0,519,1365,0,2627,1288,640,1149,103,410,0,0,0,1246,8705,208,208,0,105,0,1254,212
 14910,0,8964,1169,848,1904,2379,529,8962,8792,0,0,519,1365,0,2627,1288,640,1149,103,410,0,0,0,1246,8705,208,208,0,105,0,1254,212
 14915,0,8964,1169,848,1904,2379,529,8962,8792,0,0,519,1365,0,2627,1288,640,1149,103,410,0,0,0,1246,8705,208,208,0,105,0,1254,212
 14920,0,8964,1169,848,1904,2379,529,8962,8792,0,0,519,1365,0,2627,1288,640,1149,103,410,0,0,0,1246,8705,208,208,0,105,0,1254,212
 14925,0,8964,1169,848,1904,2379,529,8962,8792,0,0,519,1365,0,2627,1288,640,1149,103,410,0,0,0,1246,8705,208,208,0,105,0,1254,212
 14930,0,8964,1169,848,1904,2379,529,8962,8792,0,0,519,1365,0,2627,1288,640,1149,103,410,0,0,0,1246,8705,208,208,0,105,0,1254,212
 14935,0,8964,1169,848,1904,2379,529,8962,8792,0,0,519,1365,0,2627,1288,640,1149,103,410,0,0,0,1246,8705,208,208,0,105,0,1254,212
 14940,0,8964,1169,848,1904,2379,529,8962,8792,0,0,519,1365,0,2627,1288,640,1149,103,410,0,0,0,1246,8705,208,208,0,105,0,1254,212
 14945,0,8964,1169,848,1904,2379,529,8962,8792,0,0,519,1365,0,2627,1288,640,1149,103,410,0,0,0,1246,8705,208,208,0,105,0,1254,212
 14950,0,8964,1169,848,1904,2379,529,8961,8792,0,0,519,1365,0,2627,1288,640,1149,103,410,0,0,0,1246,8705,208,208,0,105,0,1254,212
 14955,0,8965,1169,848,1904,2379,529,8966,8792,0,0,519,1365,0,2627,1288,640,1149,103,410,0,0,0,1246,8705,208,208,0,105,0,1254,212
 14960,0,8970,1169,848,1904,2379,529,8971,8792,0,0,519,1365,0,2627,1288,640,1149,103,410,0,0,0,1246,8705,208,208,0,105,0,1254,212
 14965,0,8975,1169,848,1904,2379,529,8976,8792,0,0,519,1365,0,2627,1288,640,1149,103,410,0,0,0,1246,8705,208,208,0,105,0,1254,212
 14970,0,8980,1169,848,1904,2379,529,8981,8792,0,0,519,1365,0,2627,1288,640,1149,103,410,0,0,0,1246,8705,208,208,0,105,0,1254,212
 14975,0,8985,1169,848,1904,2379,529,8986,8792,0,0,519,1365,0,2627,1288,640,1149,103,410,0,0,0,1246,8705,208,208,0,105,0,1254,212
 14980,0,8990,1169,848,1904,2379,529,8991,8792,0,0,519,1365,0,2627,1288,640,1149,103,410,0,0,0,1246,8705,208,208,0,105,0,1254,212
 14985,0,8995,1169,848,1904,2379,529,8996,8792,0,0,519,1365,0,2627,1288,640,1149,103,410,0,0,0,1246,8705,208,208,0,105,0,1254,212
 14990,0,9000,1169,848,1904,2379,529,9001,8792,0,0,519,1365,0,2627,1288,640,1149,103,410,0,0,0,1246,8705,208,208,0,105,0,1254,212
 14995,0,9005,1169,848,1904,2379,529,9006,8795,0,0,519,1365,0,2627,1288,640,1149,103,410,0,0,0,1246,8705,208,208,0,105,0,1254,212
 15000,0,9010,1169,848,1904,2379,529,9011,8800,0,0,519,1365,0,2627,1288,640,1149,103,410,0,0,0,1246,8705,208,208,0,105,0,1254,212
 15005,0,9015,1169,848,1904,2379,529,9016,8805,0,0,519,1365,0,2627,1288,640,1149,103,410,0,0,0,1246,8705,208,208,0,105,0,1254,212
 15010,0,9020,1169,848,1904,2379,529,9021,8810,0,0,519,1365,0,2627,1288,640,1149,103,410,0,0,0,1246,8705,208,208,0,105,0,1254,212
 15015,0,9025,1169,848,1904,2379,529,9026,8815,0,0,519,1365,0,2627,1288,640,1149,103,410,0,0,0,1246,8708,208,208,0,105,0,1254,212
 15020,0,9030,1169,848,1904,2379,529,9031,8820,0,0,519,1365,0,2627,1288,640,1149,103,410,0,0,0,1246,8713,208,208,0,105,0,1254,212
 15025,0,9035,1169,848,1904,2379,529,9036,8825,0,0,519,1365,0,2627,1288,640,1149,103,410,0,0,0,1246,8718,208,208,0,105,0,1254,212
 15030,0,9040,1169,848,1904,2379,529,9041,8830,0,0,519,1365,0,2627,1288,640,1149,103,410,0,0,0,1246,8723,208,208,0,105,0,1254,212
 15035,0,9045,1169,848,1904,2379,529,9046,8835,0,0,519,1365,0,2627,1288,640,1149,103,410,0,0,0,1246,8728,208,208,0,105,0,1254,212
 15040,0,9050,1169,848,1904,2379,529,9051,8840,0,0,519,1365,0,2627,1288,640,1149,103,410,0,0,0,1246,8733,208,208,0,105,0,1254,212
 15045,0,9055,1169,848,1904,2379,529,9056,8845,0,0,519,1365,0,2627,1288,640,1149,103,410,0,0,0,1246,8738,208,208,0,105,0,1254,212
 15050,0,9060,1169,848,1904,2379,529,9061,8850,0,0,519,1365,0,2627,1288,640,1149,103,410,0,0,0,1246,8743,208,208,0,105,0,1254,212
 15055,0,9065,1169,848,1904,2379,529,9065,8855,0,0,519,1365,0,2627,1288,640,1149,103,410,0,0,0,1246,8748,208,208,0,105,0,1254,212
 15060,0,9065,1169,848,1904,2379,529,9065,8860,0,0,519,1365,0,2627,1288,640,1149,103,410,0,0,0,1246,8753,208,208,0,105,0,1254,212
 15065,0,9065,1169,848,1904,2379,529,9065,8865,0,0,519,1365,0,2627,1288,640,1149,103,410,0,0,0,1246,8758,208,208,0,105,0,1254,212
 15070,0,9065,1169,848,1904,2379,529,9065,8870,0,0,519,1365,0,2627,1288,640,1149,103,410,0,0,0,1246,8763,208,208,0,105,0,1254,212
 15075,0,9065,1169,848,1904,2379,529,9065,8875,0,0,519,1365,0,2627,1288,640,1149,103,410,0,0,0,1246,8768,208,208,0,105,0,1254,212
 15080,0,9065,1169,848,1904,2379,529,9065,8880,0,0,519,1365,0,2627,1288,640,1149,103,410,0,0,0,1246,8773,208,208,0,105,0,1254,212
 15085,0,9065,1169,848,1904,2379,529,9065,8885,0,0,519,1365,0,2627,1288,640,1149,103,410,0,0,0,1246,8778,208,208,0,105,0,1254,212
 15090,0,9065,1169,848,1904,2379,529,9065,8890,0,0,519,1365,0,2627,1288,640,1149,103,410,0,0,0,1246,8783,208,208,0,105,0,1254,212
 15095,0,9067,1169,848,1904,2379,529,9065,8895,0,0,519,1365,0,2627,1288,640,1149,103,410,0,0,0,1246,8788,208,208,0,105,0,1254,212
 15100,0,9072,1169,848,1904,2379,529,9065,8899,0,0,519,1365,0,2627,1288,640,1149,103,410,0,0,0,1246,8793,208,208,0,105,0,1254,212
 15105,0,9077,1169,848,1904,2379,529,9065,8899,0,0,519,1365,0,2627,1288,640,1149,103,410,0,0,0,1246,8798,208,208,0,105,0,1254,212
 15110,0,9082,1169,848,1904,2379,529,9065,8899,0,0,519,1365,0,2627,1288,640,1149,103,410,0,0,0,1246,8803,208,208,0,105,0,1254,212
 15115,0,9087,1169,848,1904,2379,529,9064,8899,0,0,519,1365,0,2627,1288,640,1149,103,410,0,0,0,1246,8808,208,208,0,105,0,1254,212
 15120,0,9092,1169,848,1904,2379,529,9069,8899,0,0,519,1365,0,2627,1288,640,1149,103,410,0,0,0,1246,8812,208,208,0,105,0,1254,212
 15125,0,9097,1169,848,1904,2379,529,9074,8899,0,0,519,1365,0,2627,1288,640,1149,103,410,0,0,0,1246,8812,208,208,0,105,0,1254,212
 15130,0,9102,1169,848,1904,2379,529,9079,8899,0,0,519,1365,0,2627,1288,640,1149,103,410,0,0,0,1246,8812,208,208,0,105,0,1254,212
 15135,0,9107,1169,848,1904,2379,529,9084,8899,0,0,519,1365,0,2627,1288,640,1149,103,410,0,0,0,1246,8812,208,208,0,105,0,1254,212
 15140,0,9112,1169,848,1904,2379,529,9089,8899,0,0,519,1365,0,2627,1288,640,1149,103,410,0,0,0,1246,8812,208,208,0,105,0,1254,212
 15145,0,9117,1169,848,1904,2379,529,9094,8899,0,0,519,1365,0,2627,1288,640,1149,103,410,0,0,0,1246,8812,208,208,0,105,0,1254,212
 15150,0,9122,1169,848,1904,2379,529,9099,8899,0,0,519,1365,0,2627,1288,640,1149,103,410,0,0,0,1246,8812,208,208,0,105,0,1254,212
 15155,0,9127,1169,848,1904,2379,529,9104,8899,0,0,519,1365,0,2627,1288,640,1149,103,410,0,0,0,1246,8812,208,208,0,105,0,1254,212
 15160,0,9132,1169,848,1904,2379,529,9109,8899,0,0,519,1365,0,2627,1288,640,1149,103,410,0,0,0,1246,8812,208,208,0,105,0,1254,212
 15165,0,9137,1169,848,1904,2379,529,9114,8899,0,0,519,1365,0,2627,1288,640,1149,103,410,0,0,0,1246,8812,208,208,0,105,0,1254,212
 15170,0,9142,1169,848,1904,2379,529,9119,8899,0,0,519,1365,0,2627,1288,640,1149,103,410,0,0,0,1246,8812,208,208,0,105,0,1254,212
 15175,0,9147,1169,848,1904,2379,529,9124,8899,0,0,519,1365,0,2627,1288,640,1149,103,410,0,0,0,1246,8812,208,208,0,105,0,1254,212
 15180,0,9152,1169,848,1904,2379,529,9129,8899,0,0,519,1365,0,2627,1288,640,1149,103,410,0,0,0,1246,8812,208,208,0,105,0,1254,212
 15185,0,9157,1169,848,1904,2379,529,9134,8899,0,0,519,1365,0,2627,1288,640,1149,103,410,0,0,0,1246,8812,208,208,0,105,0,1254,212
 15190,0,9162,1169,848,1904,2379,529,9139,8902,0,0,519,1365,0,2627,1288,640,1149,103,410,0,0,0,1246,8812,208,208,0,105,0,1254,212
 15195,0,9167,1169,848,1904,2379,529,9144,8907,0,0,519,1365,0,2627,1288,640,1149,103,410,0,0,0,1246,8812,208,208,0,105,0,1254,212
 15200,0,9170,1169,848,1904,2379,529,9149,8912,0,0,519,1365,0,2627,1288,640,1149,103,410,0,0,0,1246,8812,208,208,0,105,0,1254,212
 15205,0,9170,1169,848,1904,2379,529,9154,8917,0,0,519,1365,0,2627,1288,640,1149,103,410,0,0,0,1246,8811,208,208,0,105,0,1254,212
 15210,0,9170,1169,848,1904,2379,529,9159,8922,0,0,519,1365,0,2627,1288,640,1149,103,410,0,0,0,1246,8816,208,208,0,105,0,1254,212
 15215,0,9170,1169,848,1904,2379,529,9164,8927,0,0,519,1365,0,2627,1288,640,1149,103,410,0,0,0,1246,8821,208,208,0,105,0,1254,212
 15220,0,9170,1169,848,1904,2379,529,9168,8932,0,0,519,1365,0,2627,1288,640,1149,103,410,0,0,0,1246,8826,208,208,0,105,0,1254,212
 15225,0,9170,1169,848,1904,2379,529,9168,8937,0,0,519,1365,0,2627,1288,640,1149,103,410,0,0,0,1246,8831,208,208,0,105,0,1254,212
 15230,0,9170,1169,848,1904,2379,529,9168,8942,0,0,519,1365,0,2627,1288,640,1149,103,410,0,0,0,1246,8836,208,208,0,105,0,1254,212
 15235,0,9170,1169,848,1904,2379,529,9168,8947,0,0,519,1365,0,2627,1288,640,1149,103,410,0,0,0,1246,8841,208,208,0,105,0,1254,212
 15240,0,9170,1169,848,1904,2379,529,9168,8952,0,0,519,1365,0,2627,1288,640,1149,103,410,0,0,0,1246,8846,208,208,0,105,0,1254,212
 15245,0,9170,1169,848,1904,2379,529,9168,8957,0,0,519,1365,0,2627,1288,640,1149,103,410,0,0,0,1246,8851,208,208,0,105,0,1254,212
 15250,0,9170,1169,848,1904,2379,529,9168,8962,0,0,519,1365,0,2627,1288,640,1149,103,410,0,0,0,1246,8856,208,208,0,105,0,1254,212
 15255,0,9171,1169,848,1904,2379,529,9168,8967,0,0,519,1365,0,2627,1288,640,1149,103,410,0,0,0,1246,8861,208,208,0,105,0,1254,212
 15260,0,9176,1169,848,1904,2379,529,9168,8972,0,0,519,1365,0,2627,1288,640,1149,103,410,0,0,0,1246,8866,208,208,0,105,0,1254,212
 15265,0,9181,1169,848,1904,2379,529,9168,8977,0,0,519,1365,0,2627,1288,640,1149,103,410,0,0,0,1246,8871,208,208,0,105,0,1254,212
 15270,0,9186,1169,848,1904,2379,529,9167,8982,0,0,519,1365,0,2627,1288,640,1149,103,410,0,0,0,1246,8876,208,208,0,105,0,1254,212
 15275,0,9191,1169,848,1904,2379,529,9172,8987,0,0,519,1365,0,2627,1288,640,1149,103,410,0,0,0,1246,8881,208,208,0,105,0,1254,212
 15280,0,9196,1169,848,1904,2379,529,9177,8992,0,0,519,1365,0,2627,1288,640,1149,103,410,0,0,0,1246,8886,208,208,0,105,0,1254,212
 15285,0,9201,1169,848,1904,2379,529,9182,8997,0,0,519,1365,0,2627,1288,640,1149,103,410,0,0,0,1246,8891,208,208,0,105,0,1254,212
 15290,0,9206,1169,848,1904,2379,529,9187,9002,0,0,519,1365,0,2627,1288,640,1149,103,410,0,0,0,1246,8896,208,208,0,105,0,1254,212
 15295,0,9211,1169,848,1904,2379,529,9192,9004,0,0,519,1365,0,2627,1288,640,1149,103,410,0,0,0,1246,8901,208,208,0,105,0,1254,212
 15300,0,9216,1169,848,1904,2379,529,9197,9004,0,0,519,1365,0,2627,1288,640,1149,103,410,0,0,0,1246,8906,208,208,0,105,0,1254,212
 15305,0,9221,1169,848,1904,2379,529,9202,9004,0,0,519,1365,0,2627,1288,640,1149,103,410,0,0,0,1246,8911,208,208,0,105,0,1254,212
 15310,0,9226,1169,848,1904,2379,529,9207,9004,0,0,519,1365,0,2627,1288,640,1149,103,410,0,0,0,1246,8917,208,208,0,105,0,1254,212
 15315,0,9231,1169,848,1904,2379,529,9212,9004,0,0,519,1365,0,2627,1288,640,1149,103,410,0,0,0,1246,8917,208,208,0,105,0,1254,212
 15320,0,9236,1169,848,1904,2379,529,9217,9004,0,0,519,1365,0,2627,1288,640,1149,103,410,0,0,0,1246,8917,208,208,0,105,0,1254,212
 15325,0,9241,1169,848,1904,2379,529,9222,9004,0,0,519,1365,0,2627,1288,640,1149,103,410,0,0,0,1246,8917,208,208,0,105,0,1254,212
 15330,0,9246,1169,848,1904,2379,529,9227,9004,0,0,519,1365,0,2627,1288,640,1149,103,410,0,0,0,1246,8917,208,208,0,105,0,1254,212
 15335,0,9251,1169,848,1904,2379,529,9232,9004,0,0,519,1365,0,2627,1288,640,1149,103,410,0,0,0,1246,8917,208,208,0,105,0,1254,212
 15340,0,9256,1169,848,1904,2379,529,9237,9004,0,0,519,1365,0,2627,1288,640,1149,103,410,0,0,0,1246,8917,208,208,0,105,0,1254,212
 15345,0,9261,1169,848,1904,2379,529,9242,9004,0,0,519,1365,0,2627,1288,640,1149,103,410,0,0,0,1246,8917,208,208,0,105,0,1254,212
 15350,0,9266,1169,848,1904,2379,529,9247,9004,0,0,519,1365,0,2627,1288,640,1149,103,410,0,0,0,1246,8917,208,208,0,105,0,1254,212
 15355,0,9271,1169,848,1904,2379,529,9252,9004,0,0,519,1365,0,2627,1288,640,1149,103,410,0,0,0,1246,8917,208,208,0,105,0,1254,212
 15360,0,9273,1169,848,1904,2379,529,9257,9004,0,0,519,1365,0,2627,1288,640,1149,103,410,0,0,0,1246,8917,208,208,0,105,0,1254,212
 15365,0,9273,1169,848,1904,2379,529,9262,9004,0,0,519,1365,0,2627,1288,640,1149,103,410,0,0,0,1246,8917,208,208,0,105,0,1254,212
 15370,0,9273,1169,848,1904,2379,529,9267,9004,0,0,519,1365,0,2627,1288,640,1149,103,410,0,0,0,1246,8917,208,208,0,105,0,1254,212
 15375,0,9273,1169,848,1904,2379,529,9271,9004,0,0,519,1365,0,2627,1288,640,1149,103,410,0,0,0,1246,8917,208,208,0,105,0,1254,212
 15380,0,9273,1169,848,1904,2379,529,9271,9004,0,0,519,1365,0,2627,1288,640,1149,103,410,0,0,0,1246,8917,208,208,0,105,0,1254,212
 15385,0,9273,1169,848,1904,2379,529,9271,9009,0,0,519,1365,0,2627,1288,640,1149,103,410,0,0,0,1246,8917,208,208,0,105,0,1254,212
 15390,0,9273,1169,848,1904,2379,529,9271,9014,0,0,519,1365,0,2627,1288,640,1149,103,410,0,0,0,1246,8917,208,208,0,105,0,1254,212
 15395,0,9273,1169,848,1904,2379,529,9271,9019,0,0,519,1365,0,2627,1288,640,1149,103,410,0,0,0,1246,8917,208,208,0,105,0,1254,212
 15400,0,9273,1169,848,1904,2379,529,9271,9024,0,0,519,1365,0,2627,1288,640,1149,103,410,0,0,0,1246,8917,208,208,0,105,0,1254,212
 15405,0,9273,1169,848,1904,2379,529,9271,9029,0,0,519,1365,0,2627,1288,640,1149,103,410,0,0,0,1246,8917,208,208,0,105,0,1254,212
 15410,0,9273,1169,848,1904,2379,529,9271,9034,0,0,519,1365,0,2627,1288,640,1149,103,410,0,0,0,1246,8917,208,208,0,105,0,1254,212
 15415,0,9273,1169,848,1904,2379,529,9271,9039,0,0,519,1365,0,2627,1288,640,1149,103,410,0,0,0,1246,8917,208,208,0,105,0,1254,212
 15420,0,9272,1169,848,1904,2379,529,9271,9044,0,0,519,1365,0,2627,1288,640,1149,103,410,0,0,0,1246,8922,208,208,0,105,0,1254,212
 15425,0,9277,1169,848,1904,2379,529,9274,9049,0,0,519,1365,0,2627,1288,640,1149,103,410,0,0,0,1246,8927,208,208,0,105,0,1254,212
 15430,0,9282,1169,848,1904,2379,529,9279,9054,0,0,519,1365,0,2627,1288,640,1149,103,410,0,0,0,1246,8932,208,208,0,105,0,1254,212
 15435,0,9287,1169,848,1904,2379,529,9284,9059,0,0,519,1365,0,2627,1288,640,1149,103,410,0,0,0,1246,8937,208,208,0,105,0,1254,212
 15440,0,9292,1169,848,1904,2379,529,9289,9064,0,0,519,1365,0,2627,1288,640,1149,103,410,0,0,0,1246,8942,208,208,0,105,0,1254,212
 15445,0,9297,1169,848,1904,2379,529,9294,9069,0,0,519,1365,0,2627,1288,640,1149,103,410,0,0,0,1246,8947,208,208,0,105,0,1254,212
 15450,0,9302,1169,848,1904,2379,529,9299,9074,0,0,519,1365,0,2627,1288,640,1149,103,410,0,0,0,1246,8952,208,208,0,105,0,1254,212
 15455,0,9307,1169,848,1904,2379,529,9304,9079,0,0,519,1365,0,2627,1288,640,1149,103,410,0,0,0,1246,8957,208,208,0,105,0,1254,212
 15460,0,9312,1169,848,1904,2379,529,9309,9084,0,0,519,1365,0,2627,1288,640,1149,103,410,0,0,0,1246,8962,208,208,0,105,0,1254,212
 15465,0,9317,1169,848,1904,2379,529,9314,9089,0,0,519,1365,0,2627,1288,640,1149,103,410,0,0,0,1246,8967,208,208,0,105,0,1254,212
 15470,0,9322,1169,848,1904,2379,529,9319,9094,0,0,519,1365,0,2627,1288,640,1149,103,410,0,0,0,1246,8972,208,208,0,105,0,1254,212
 15475,0,9327,1169,848,1904,2379,529,9324,9099,0,0,519,1365,0,2627,1288,640,1149,103,410,0,0,0,1246,8977,208,208,0,105,0,1254,212
 15480,0,9332,1169,848,1904,2379,529,9329,9104,0,0,519,1365,0,2627,1288,640,1149,103,410,0,0,0,1246,8982,208,208,0,105,0,1254,212
 15485,0,9337,1169,848,1904,2379,529,9334,9107,0,0,519,1365,0,2627,1288,640,1149,103,410,0,0,0,1246,8987,208,208,0,105,0,1254,212
 15490,0,9342,1169,848,1904,2379,529,9339,9107,0,0,519,1365,0,2627,1288,640,1149,103,410,0,0,0,1246,8992,208,208,0,105,0,1254,212
 15495,0,9347,1169,848,1904,2379,529,9344,9107,0,0,519,1365,0,2627,1288,640,1149,103,410,0,0,0,1246,8997,208,208,0,105,0,1254,212
 15500,0,9352,1169,848,1904,2379,529,9349,9107,0,0,519,1365,0,2627,1288,640,1149,103,410,0,0,0,1246,9002,208,208,0,105,0,1254,212
 15505,0,9357,1169,848,1904,2379,529,9354,9107,0,0,519,1365,0,2627,1288,640,1149,103,410,0,0,0,1246,9007,208,208,0,105,0,1254,212
 15510,0,9362,1169,848,1904,2379,529,9359,9107,0,0,519,1365,0,2627,1288,640,1149,103,410,0,0,0,1246,9012,208,208,0,105,0,1254,212
 15515,0,9367,1169,848,1904,2379,529,9364,9107,0,0,519,1365,0,2627,1288,640,1149,103,410,0,0,0,1246,9018,208,208,0,105,0,1254,212
 15520,0,9372,1169,848,1904,2379,529,9369,9107,0,0,519,1365,0,2627,1288,640,1149,103,410,0,0,0,1246,9018,208,208,0,105,0,1254,212
 15525,0,9376,1169,848,1904,2379,529,9374,9107,0,0,519,1365,0,2627,1288,640,1149,103,410,0,0,0,1246,9018,208,208,0,105,0,1254,212
 15530,0,9376,1169,848,1904,2379,529,9376,9107,0,0,519,1365,0,2627,1288,640,1149,103,410,0,0,0,1246,9018,208,208,0,105,0,1254,212
 15535,0,9376,1169,848,1904,2379,529,9376,9107,0,0,519,1365,0,2627,1288,640,1149,103,410,0,0,0,1246,9018,208,208,0,105,0,1254,212
 15540,0,9376,1169,848,1904,2379,529,9376,9107,0,0,519,1365,0,2627,1288,640,1149,103,410,0,0,0,1246,9018,208,208,0,105,0,1254,212
 15545,0,9376,1169,848,1904,2379,529,9376,9107,0,0,519,1365,0,2627,1288,640,1149,103,410,0,0,0,1246,9018,208,208,0,105,0,1254,212
 15550,0,9376,1169,848,1904,2379,529,9376,9107,0,0,519,1365,0,2627,1288,640,1149,103,410,0,0,0,1246,9018,208,208,0,105,0,1254,212
 15555,0,9376,1169,848,1904,2379,529,9376,9107,0,0,519,1365,0,2627,1288,640,1149,103,410,0,0,0,1246,9018,208,208,0,105,0,1254,212
 15560,0,9376,1169,848,1904,2379,529,9376,9107,0,0,519,1365,0,2627,1288,640,1149,103,410,0,0,0,1246,9018,208,208,0,105,0,1254,212
 15565,0,9376,1169,848,1904,2379,529,9376,9107,0,0,519,1365,0,2627,1288,640,1149,103,410,0,0,0,1246,9018,208,208,0,105,0,1254,212
 15570,0,9376,1169,848,1904,2379,529,9376,9107,0,0,519,1365,0,2627,1288,640,1149,103,410,0,0,0,1246,9018,208,208,0,105,0,1254,212
 15575,0,9376,1169,848,1904,2379,529,9376,9107,0,0,519,1365,0,2627,1288,640,1149,103,410,0,0,0,1246,9018,208,208,0,105,0,1254,212
 15580,0,9376,1169,848,1904,2379,529,9376,9107,0,0,519,1365,0,2627,1288,640,1149,103,410,0,0,0,1246,9018,208,208,0,105,0,1254,212
 15585,0,9376,1169,848,1904,2379,529,9376,9107,0,0,519,1365,0,2627,1288,640,1149,103,410,0,0,0,1246,9018,208,208,0,105,0,1254,212
 15590,0,9376,1169,848,1904,2379,529,9376,9107,0,0,519,1365,0,2627,1288,640,1149,103,410,0,0,0,1246,9018,208,208,0,105,0,1254,212
 15595,0,9376,1169,848,1904,2379,529,9376,9107,0,0,519,1365,0,2627,1288,640,1149,103,410,0,0,0,1246,9018,208,208,0,105,0,1254,212
 15600,0,9376,1169,848,1904,2379,529,9376,9107,0,0,519,1365,0,2627,1288,640,1149,103,410,0,0,0,1246,9018,208,208,0,105,0,1254,212
 15605,0,9376,1169,848,1904,2379,529,9376,9107,0,0,519,1365,0,2627,1288,640,1149,103,410,0,0,0,1246,9018,208,208,0,105,0,1254,212
 15610,0,9376,1169,848,1904,2379,529,9376,9107,0,0,519,1365,0,2627,1288,640,1149,103,410,0,0,0,1246,9018,208,208,0,105,0,1254,212
 15615,0,9377,1169,848,1904,2379,529,9376,9107,0,0,519,1365,0,2627,1288,640,1149,103,410,0,0,0,1246,9017,208,208,0,105,0,1254,212
 15620,0,9382,1169,848,1904,2379,529,9376,9107,0,0,519,1365,0,2627,1288,640,1149,103,410,0,0,0,1246,9022,208,208,0,105,0,1254,212
 15625,0,9387,1169,848,1904,2379,529,9376,9107,0,0,519,1365,0,2627,1288,640,1149,103,410,0,0,0,1246,9027,208,208,0,105,0,1254,212
 15630,0,9392,1169,848,1904,2379,529,9376,9107,0,0,519,1365,0,2627,1288,640,1149,103,410,0,0,0,1246,9032,208,208,0,105,0,1254,212
 15635,0,9397,1169,848,1904,2379,529,9376,9107,0,0,519,1365,0,2627,1288,640,1149,103,410,0,0,0,1246,9037,208,208,0,105,0,1254,212
 15640,0,9402,1169,848,1904,2379,529,9376,9107,0,0,519,1365,0,2627,1288,640,1149,103,410,0,0,0,1246,9042,208,208,0,105,0,1254,212
 15645,0,9407,1169,848,1904,2379,529,9376,9107,0,0,519,1365,0,2627,1288,640,1149,103,410,0,0,0,1246,9047,208,208,0,105,0,1254,212
 15650,0,9412,1169,848,1904,2379,529,9377,9107,0,0,519,1365,0,2627,1288,640,1149,103,410,0,0,0,1246,9052,208,208,0,105,0,1254,212
 15655,0,9417,1169,848,1904,2379,529,9382,9107,0,0,519,1365,0,2627,1288,640,1149,103,410,0,0,0,1246,9057,208,208,0,105,0,1254,212
 15660,0,9422,1169,848,1904,2379,529,9387,9107,0,0,519,1365,0,2627,1288,640,1149,103,410,0,0,0,1246,9062,208,208,0,105,0,1254,212
 15665,0,9427,1169,848,1904,2379,529,9392,9109,0,0,519,1365,0,2627,1288,640,1149,103,410,0,0,0,1246,9067,208,208,0,105,0,1254,212
 15670,0,9432,1169,848,1904,2379,529,9397,9114,0,0,519,1365,0,2627,1288,640,1149,103,410,0,0,0,1246,9072,208,208,0,105,0,1254,212
 15675,0,9437,1169,848,1904,2379,529,9402,9119,0,0,519,1365,0,2627,1288,640,1149,103,410,0,0,0,1246,9077,208,208,0,105,0,1254,212
 15680,0,9442,1169,848,1904,2379,529,9407,9124,0,0,519,1365,0,2627,1288,640,1149,103,410,0,0,0,1246,9082,208,208,0,105,0,1254,212
 15685,0,9447,1169,848,1904,2379,529,9412,9129,0,0,519,1365,0,2627,1288,640,1149,103,410,0,0,0,1246,9087,208,208,0,105,0,1254,212
 15690,0,9452,1169,848,1904,2379,529,9417,9134,0,0,519,1365,0,2627,1288,640,1149,103,410,0,0,0,1246,9092,208,208,0,105,0,1254,212
 15695,0,9457,1169,848,1904,2379,529,9422,9139,0,0,519,1365,0,2627,1288,640,1149,103,410,0,0,0,1246,9097,208,208,0,105,0,1254,212
 15700,0,9462,1169,848,1904,2379,529,9427,9144,0,0,519,1365,0,2627,1288,640,1149,103,410,0,0,0,1246,9102,208,208,0,105,0,1254,212
 15705,0,9467,1169,848,1904,2379,529,9432,9149,0,0,519,1365,0,2627,1288,640,1149,103,410,0,0,0,1246,9107,208,208,0,105,0,1254,212
 15710,0,9472,1169,848,1904,2379,529,9437,9154,0,0,519,1365,0,2627,1288,640,1149,103,410,0,0,0,1246,9112,208,208,0,105,0,1254,212
 15715,0,9477,1169,848,1904,2379,529,9442,9159,0,0,519,1365,0,2627,1288,640,1149,103,410,0,0,0,1246,9117,208,208,0,105,0,1254,212
 15720,0,9479,1169,848,1904,2379,529,9447,9164,0,0,519,1365,0,2627,1288,640,1149,103,410,0,0,0,1246,9123,208,208,0,105,0,1254,212
 15725,0,9479,1169,848,1904,2379,529,9452,9169,0,0,519,1365,0,2627,1288,640,1149,103,410,0,0,0,1246,9123,208,208,0,105,0,1254,212
 15730,0,9479,1169,848,1904,2379,529,9457,9174,0,0,519,1365,0,2627,1288,640,1149,103,410,0,0,0,1246,9123,208,208,0,105,0,1254,212
 15735,0,9479,1169,848,1904,2379,529,9462,9179,0,0,519,1365,0,2627,1288,640,1149,103,410,0,0,0,1246,9123,208,208,0,105,0,1254,212
 15740,0,9479,1169,848,1904,2379,529,9467,9184,0,0,519,1365,0,2627,1288,640,1149,103,410,0,0,0,1246,9123,208,208,0,105,0,1254,212
 15745,0,9479,1169,848,1904,2379,529,9472,9189,0,0,519,1365,0,2627,1288,640,1149,103,410,0,0,0,1246,9123,208,208,0,105,0,1254,212
 15750,0,9479,1169,848,1904,2379,529,9477,9194,0,0,519,1365,0,2627,1288,640,1149,103,410,0,0,0,1246,9123,208,208,0,105,0,1254,212
 15755,0,9479,1169,848,1904,2379,529,9481,9199,0,0,519,1365,0,2627,1288,640,1149,103,410,0,0,0,1246,9123,208,208,0,105,0,1254,212
 15760,0,9479,1169,848,1904,2379,529,9481,9204,0,0,519,1365,0,2627,1288,640,1149,103,410,0,0,0,1246,9123,208,208,0,105,0,1254,212
 15765,0,9479,1169,848,1904,2379,529,9481,9209,0,0,519,1365,0,2627,1288,640,1149,103,410,0,0,0,1246,9123,208,208,0,105,0,1254,212
 15770,0,9479,1169,848,1904,2379,529,9481,9212,0,0,519,1365,0,2627,1288,640,1149,103,410,0,0,0,1246,9123,208,208,0,105,0,1254,212
 15775,0,9479,1169,848,1904,2379,529,9481,9212,0,0,519,1365,0,2627,1288,640,1149,103,410,0,0,0,1246,9123,208,208,0,105,0,1254,212
 15780,0,9479,1169,848,1904,2379,529,9481,9212,0,0,519,1365,0,2627,1288,640,1149,103,410,0,0,0,1246,9123,208,208,0,105,0,1254,212
 15785,0,9479,1169,848,1904,2379,529,9481,9212,0,0,519,1365,0,2627,1288,640,1149,103,410,0,0,0,1246,9123,208,208,0,105,0,1254,212
 15790,0,9479,1169,848,1904,2379,529,9481,9212,0,0,519,1365,0,2627,1288,640,1149,103,410,0,0,0,1246,9123,208,208,0,105,0,1254,212
 15795,0,9479,1169,848,1904,2379,529,9481,9212,0,0,519,1365,0,2627,1288,640,1149,103,410,0,0,0,1246,9123,208,208,0,105,0,1254,212
 15800,0,9479,1169,848,1904,2379,529,9481,9212,0,0,519,1365,0,2627,1288,640,1149,103,410,0,0,0,1246,9123,208,208,0,105,0,1254,212
 15805,0,9479,1169,848,1904,2379,529,9481,9212,0,0,519,1365,0,2627,1288,640,1149,103,410,0,0,0,1246,9122,208,208,0,105,0,1254,212
 15810,0,9479,1169,848,1904,2379,529,9481,9212,0,0,519,1365,0,2627,1288,640,1149,103,410,0,0,0,1246,9127,208,208,0,105,0,1254,212
 15815,0,9479,1169,848,1904,2379,529,9481,9212,0,0,519,1365,0,2627,1288,640,1149,103,410,0,0,0,1246,9132,208,208,0,105,0,1254,212
 15820,0,9479,1169,848,1904,2379,529,9481,9212,0,0,519,1365,0,2627,1288,640,1149,103,410,0,0,0,1246,9137,208,208,0,105,0,1254,212
 15825,0,9479,1169,848,1904,2379,529,9481,9212,0,0,519,1365,0,2627,1288,640,1149,103,410,0,0,0,1246,9142,208,208,0,105,0,1254,212
 15830,0,9479,1169,848,1904,2379,529,9481,9212,0,0,519,1365,0,2627,1288,640,1149,103,410,0,0,0,1246,9147,208,208,0,105,0,1254,212
 15835,0,9479,1169,848,1904,2379,529,9481,9212,0,0,519,1365,0,2627,1288,640,1149,103,410,0,0,0,1246,9152,208,208,0,105,0,1254,212
 15840,0,9479,1169,848,1904,2379,529,9480,9212,0,0,519,1365,0,2627,1288,640,1149,103,410,0,0,0,1246,9157,208,208,0,105,0,1254,212
 15845,0,9479,1169,848,1904,2379,529,9485,9212,0,0,519,1365,0,2627,1288,640,1149,103,410,0,0,0,1246,9162,208,208,0,105,0,1254,212
 15850,0,9479,1169,848,1904,2379,529,9490,9212,0,0,519,1365,0,2627,1288,640,1149,103,410,0,0,0,1246,9167,208,208,0,105,0,1254,212
 15855,0,9479,1169,848,1904,2379,529,9495,9212,0,0,519,1365,0,2627,1288,640,1149,103,410,0,0,0,1246,9172,208,208,0,105,0,1254,212
 15860,0,9479,1169,848,1904,2379,529,9500,9212,0,0,519,1365,0,2627,1288,640,1149,103,410,0,0,0,1246,9177,208,208,0,105,0,1254,212
 15865,0,9481,1169,848,1904,2379,529,9505,9214,0,0,519,1365,0,2627,1288,640,1149,103,410,0,0,0,1246,9182,208,208,0,105,0,1254,212
 15870,0,9486,1169,848,1904,2379,529,9510,9219,0,0,519,1365,0,2627,1288,640,1149,103,410,0,0,0,1246,9187,208,208,0,105,0,1254,212
 15875,0,9491,1169,848,1904,2379,529,9515,9224,0,0,519,1365,0,2627,1288,640,1149,103,410,0,0,0,1246,9192,208,208,0,105,0,1254,212
 15880,0,9496,1169,848,1904,2379,529,9520,9229,0,0,519,1365,0,2627,1288,640,1149,103,410,0,0,0,1246,9197,208,208,0,105,0,1254,212
 15885,0,9501,1169,848,1904,2379,529,9525,9234,0,0,519,1365,0,2627,1288,640,1149,103,410,0,0,0,1246,9202,208,208,0,105,0,1254,212
 15890,0,9506,1169,848,1904,2379,529,9530,9239,0,0,519,1365,0,2627,1288,640,1149,103,410,0,0,0,1246,9207,208,208,0,105,0,1254,212
 15895,0,9511,1169,848,1904,2379,529,9535,9244,0,0,519,1365,0,2627,1288,640,1149,103,410,0,0,0,1246,9212,208,208,0,105,0,1254,212
 15900,0,9516,1169,848,1904,2379,529,9540,9249,0,0,519,1365,0,2627,1288,640,1149,103,410,0,0,0,1246,9217,208,208,0,105,0,1254,212
 15905,0,9521,1169,848,1904,2379,529,9545,9254,0,0,519,1365,0,2627,1288,640,1149,103,410,0,0,0,1246,9222,208,208,0,105,0,1254,212
 15910,0,9526,1169,848,1904,2379,529,9550,9259,0,0,519,1365,0,2627,1288,640,1149,103,410,0,0,0,1246,9228,208,208,0,105,0,1254,212
 15915,0,9531,1169,848,1904,2379,529,9555,9264,0,0,519,1365,0,2627,1288,640,1149,103,410,0,0,0,1246,9228,208,208,0,105,0,1254,212
 15920,0,9536,1169,848,1904,2379,529,9560,9269,0,0,519,1365,0,2627,1288,640,1149,103,410,0,0,0,1246,9228,208,208,0,105,0,1254,212
 15925,0,9541,1169,848,1904,2379,529,9565,9274,0,0,519,1365,0,2627,1288,640,1149,103,410,0,0,0,1246,9228,208,208,0,105,0,1254,212
 15930,0,9546,1169,848,1904,2379,529,9570,9279,0,0,519,1365,0,2627,1288,640,1149,103,410,0,0,0,1246,9228,208,208,0,105,0,1254,212
 15935,0,9551,1169,848,1904,2379,529,9575,9284,0,0,519,1365,0,2627,1288,640,1149,103,410,0,0,0,1246,9228,208,208,0,105,0,1254,212
 15940,0,9556,1169,848,1904,2379,529,9580,9289,0,0,519,1365,0,2627,1288,640,1149,103,410,0,0,0,1246,9228,208,208,0,105,0,1254,212
 15945,0,9561,1169,848,1904,2379,529,9584,9294,0,0,519,1365,0,2627,1288,640,1149,103,410,0,0,0,1246,9228,208,208,0,105,0,1254,212
 15950,0,9566,1169,848,1904,2379,529,9584,9299,0,0,519,1365,0,2627,1288,640,1149,103,410,0,0,0,1246,9228,208,208,0,105,0,1254,212
 15955,0,9571,1169,848,1904,2379,529,9584,9304,0,0,519,1365,0,2627,1288,640,1149,103,410,0,0,0,1246,9228,208,208,0,105,0,1254,212
 15960,0,9576,1169,848,1904,2379,529,9584,9309,0,0,519,1365,0,2627,1288,640,1149,103,410,0,0,0,1246,9228,208,208,0,105,0,1254,212
 15965,0,9582,1169,848,1904,2379,529,9584,9314,0,0,519,1365,0,2627,1288,640,1149,103,410,0,0,0,1246,9228,208,208,0,105,0,1254,212
 15970,0,9582,1169,848,1904,2379,529,9584,9317,0,0,519,1365,0,2627,1288,640,1149,103,410,0,0,0,1246,9228,208,208,0,105,0,1254,212
 15975,0,9582,1169,848,1904,2379,529,9584,9317,0,0,519,1365,0,2627,1288,640,1149,103,410,0,0,0,1246,9228,208,208,0,105,0,1254,212
 15980,0,9582,1169,848,1904,2379,529,9584,9317,0,0,519,1365,0,2627,1288,640,1149,103,410,0,0,0,1246,9228,208,208,0,105,0,1254,212
 15985,0,9582,1169,848,1904,2379,529,9584,9317,0,0,519,1365,0,2627,1288,640,1149,103,410,0,0,0,1246,9228,208,208,0,105,0,1254,212
 15990,0,9582,1169,848,1904,2379,529,9584,9317,0,0,519,1365,0,2627,1288,640,1149,103,410,0,0,0,1246,9228,208,208,0,105,0,1254,212
 15995,0,9582,1169,848,1904,2379,529,9584,9317,0,0,519,1365,0,2627,1288,640,1149,103,410,0,0,0,1246,9228,208,208,0,105,0,1254,212
 16000,0,9582,1169,848,1904,2379,529,9584,9317,0,0,519,1365,0,2627,1288,640,1149,103,410,0,0,0,1246,9228,208,208,0,105,0,1254,212
 16005,0,9582,1169,848,1904,2379,529,9584,9317,0,0,519,1365,0,2627,1288,640,1149,103,410,0,0,0,1246,9228,208,208,0,105,0,1254,212
 16010,0,9582,1169,848,1904,2379,529,9584,9317,0,0,519,1365,0,2627,1288,640,1149,103,410,0,0,0,1246,9228,208,208,0,105,0,1254,212
 16015,0,9582,1169,848,1904,2379,529,9584,9317,0,0,519,1365,0,2627,1288,640,1149,103,410,0,0,0,1246,9228,208,208,0,105,0,1254,212
 16020,0,9582,1169,848,1904,2379,529,9584,9317,0,0,519,1365,0,2627,1288,640,1149,103,410,0,0,0,1246,9228,208,208,0,105,0,1254,212
 16025,0,9582,1169,848,1904,2379,529,9584,9317,0,0,519,1365,0,2627,1288,640,1149,103,410,0,0,0,1246,9228,208,208,0,105,0,1254,212
 16030,0,9582,1169,848,1904,2379,529,9584,9317,0,0,519,1365,0,2627,1288,640,1149,103,410,0,0,0,1246,9228,208,208,0,105,0,1254,212
 16035,0,9582,1169,848,1904,2379,529,9584,9317,0,0,519,1365,0,2627,1288,640,1149,103,410,0,0,0,1246,9228,208,208,0,105,0,1254,212
 16040,0,9582,1169,848,1904,2379,529,9584,9317,0,0,519,1365,0,2627,1288,640,1149,103,410,0,0,0,1246,9228,208,208,0,105,0,1254,212
 16045,0,9582,1169,848,1904,2379,529,9584,9317,0,0,519,1365,0,2627,1288,640,1149,103,410,0,0,0,1246,9228,208,208,0,105,0,1254,212
 16050,0,9582,1169,848,1904,2379,529,9584,9317,0,0,519,1365,0,2627,1288,640,1149,103,410,0,0,0,1246,9228,208,208,0,105,0,1254,212
 16055,0,9582,1169,848,1904,2379,529,9584,9317,0,0,519,1365,0,2627,1288,640,1149,103,410,0,0,0,1246,9228,208,208,0,105,0,1254,212
 16060,0,9582,1169,848,1904,2379,529,9584,9317,0,0,519,1365,0,2627,1288,640,1149,103,410,0,0,0,1246,9231,208,208,0,105,0,1254,212
 16065,0,9582,1169,848,1904,2379,529,9587,9320,0,0,519,1365,0,2627,1288,640,1149,103,410,0,0,0,1246,9236,208,208,0,105,0,1254,212
 16070,0,9582,1169,848,1904,2379,529,9592,9325,0,0,519,1365,0,2627,1288,640,1149,103,410,0,0,0,1246,9241,208,208,0,105,0,1254,212
 16075,0,9582,1169,848,1904,2379,529,9597,9330,0,0,519,1365,0,2627,1288,640,1149,103,410,0,0,0,1246,9246,208,208,0,105,0,1254,212
 16080,0,9582,1169,848,1904,2379,529,9602,9335,0,0,519,1365,0,2627,1288,640,1149,103,410,0,0,0,1246,9251,208,208,0,105,0,1254,212
 16085,0,9582,1169,848,1904,2379,529,9607,9340,0,0,519,1365,0,2627,1288,640,1149,103,410,0,0,0,1246,9256,208,208,0,105,0,1254,212
 16090,0,9582,1169,848,1904,2379,529,9612,9345,0,0,519,1365,0,2627,1288,640,1149,103,410,0,0,0,1246,9261,208,208,0,105,0,1254,212
 16095,0,9584,1169,848,1904,2379,529,9617,9350,0,0,519,1365,0,2627,1288,640,1149,103,410,0,0,0,1246,9266,208,208,0,105,0,1254,212
 16100,0,9589,1169,848,1904,2379,529,9622,9355,0,0,519,1365,0,2627,1288,640,1149,103,410,0,0,0,1246,9271,208,208,0,105,0,1254,212
 16105,0,9594,1169,848,1904,2379,529,9627,9360,0,0,519,1365,0,2627,1288,640,1149,103,410,0,0,0,1246,9276,208,208,0,105,0,1254,212
 16110,0,9599,1169,848,1904,2379,529,9632,9365,0,0,519,1365,0,2627,1288,640,1149,103,410,0,0,0,1246,9281,208,208,0,105,0,1254,212
 16115,0,9604,1169,848,1904,2379,529,9637,9370,0,0,519,1365,0,2627,1288,640,1149,103,410,0,0,0,1246,9286,208,208,0,105,0,1254,212
 16120,0,9609,1169,848,1904,2379,529,9642,9375,0,0,519,1365,0,2627,1288,640,1149,103,410,0,0,0,1246,9291,208,208,0,105,0,1254,212
 16125,0,9614,1169,848,1904,2379,529,9647,9380,0,0,519,1365,0,2627,1288,640,1149,103,410,0,0,0,1246,9296,208,208,0,105,0,1254,212
 16130,0,9619,1169,848,1904,2379,529,9652,9385,0,0,519,1365,0,2627,1288,640,1149,103,410,0,0,0,1246,9301,208,208,0,105,0,1254,212
 16135,0,9624,1169,848,1904,2379,529,9657,9390,0,0,519,1365,0,2627,1288,640,1149,103,410,0,0,0,1246,9306,208,208,0,105,0,1254,212
 16140,0,9629,1169,848,1904,2379,529,9662,9395,0,0,519,1365,0,2627,1288,640,1149,103,410,0,0,0,1246,9311,208,208,0,105,0,1254,212
 16145,0,9634,1169,848,1904,2379,529,9667,9400,0,0,519,1365,0,2627,1288,640,1149,103,410,0,0,0,1246,9316,208,208,0,105,0,1254,212
 16150,0,9639,1169,848,1904,2379,529,9672,9405,0,0,519,1365,0,2627,1288,640,1149,103,410,0,0,0,1246,9321,208,208,0,105,0,1254,212
 16155,0,9644,1169,848,1904,2379,529,9677,9410,0,0,519,1365,0,2627,1288,640,1149,103,410,0,0,0,1246,9326,208,208,0,105,0,1254,212
 16160,0,9649,1169,848,1904,2379,529,9682,9415,0,0,519,1365,0,2627,1288,640,1149,103,410,0,0,0,1246,9329,208,208,0,105,0,1254,212
 16165,0,9654,1169,848,1904,2379,529,9687,9420,0,0,519,1365,0,2627,1288,640,1149,103,410,0,0,0,1246,9329,208,208,0,105,0,1254,212
 16170,0,9659,1169,848,1904,2379,529,9687,9422,0,0,519,1365,0,2627,1288,640,1149,103,410,0,0,0,1246,9329,208,208,0,105,0,1254,212
 16175,0,9664,1169,848,1904,2379,529,9687,9422,0,0,519,1365,0,2627,1288,640,1149,103,410,0,0,0,1246,9329,208,208,0,105,0,1254,212
 16180,0,9669,1169,848,1904,2379,529,9687,9422,0,0,519,1365,0,2627,1288,640,1149,103,410,0,0,0,1246,9329,208,208,0,105,0,1254,212
 16185,0,9674,1169,848,1904,2379,529,9687,9422,0,0,519,1365,0,2627,1288,640,1149,103,410,0,0,0,1246,9329,208,208,0,105,0,1254,212
 16190,0,9679,1169,848,1904,2379,529,9687,9422,0,0,519,1365,0,2627,1288,640,1149,103,410,0,0,0,1246,9329,208,208,0,105,0,1254,212
 16195,0,9684,1169,848,1904,2379,529,9687,9422,0,0,519,1365,0,2627,1288,640,1149,103,410,0,0,0,1246,9329,208,208,0,105,0,1254,212
 16200,0,9687,1169,848,1904,2379,529,9687,9422,0,0,519,1365,0,2627,1288,640,1149,103,410,0,0,0,1246,9329,208,208,0,105,0,1254,212
 16205,0,9687,1169,848,1904,2379,529,9687,9422,0,0,519,1365,0,2627,1288,640,1149,103,410,0,0,0,1246,9329,208,208,0,105,0,1254,212
 16210,0,9687,1169,848,1904,2379,529,9687,9422,0,0,519,1365,0,2627,1288,640,1149,103,410,0,0,0,1246,9329,208,208,0,105,0,1254,212
 16215,0,9687,1169,848,1904,2379,529,9687,9422,0,0,519,1365,0,2627,1288,640,1149,103,410,0,0,0,1246,9329,208,208,0,105,0,1254,212
 16220,0,9687,1169,848,1904,2379,529,9687,9422,0,0,519,1365,0,2627,1288,640,1149,103,410,0,0,0,1246,9329,208,208,0,105,0,1254,212
 16225,0,9687,1169,848,1904,2379,529,9687,9422,0,0,519,1365,0,2627,1288,640,1149,103,410,0,0,0,1246,9329,208,208,0,105,0,1254,212
 16230,0,9687,1169,848,1904,2379,529,9687,9422,0,0,519,1365,0,2627,1288,640,1149,103,410,0,0,0,1246,9329,208,208,0,105,0,1254,212
 16235,0,9687,1169,848,1904,2379,529,9687,9422,0,0,519,1365,0,2627,1288,640,1149,103,410,0,0,0,1246,9329,208,208,0,105,0,1254,212
 16240,0,9687,1169,848,1904,2379,529,9687,9422,0,0,519,1365,0,2627,1288,640,1149,103,410,0,0,0,1246,9329,208,208,0,105,0,1254,212
 16245,0,9687,1169,848,1904,2379,529,9687,9422,0,0,519,1365,0,2627,1288,640,1149,103,410,0,0,0,1246,9329,208,208,0,105,0,1254,212
 16250,0,9687,1169,848,1904,2379,529,9687,9422,0,0,519,1365,0,2627,1288,640,1149,103,410,0,0,0,1246,9329,208,208,0,105,0,1254,212
 16255,0,9687,1169,848,1904,2379,529,9687,9422,0,0,519,1365,0,2627,1288,640,1149,103,410,0,0,0,1246,9329,208,208,0,105,0,1254,212
 16260,0,9687,1169,848,1904,2379,529,9687,9422,0,0,519,1365,0,2627,1288,640,1149,103,410,0,0,0,1246,9329,208,208,0,105,0,1254,212
 16265,0,9687,1169,848,1904,2379,529,9687,9422,0,0,519,1365,0,2627,1288,640,1149,103,410,0,0,0,1246,9329,208,208,0,105,0,1254,212
 16270,0,9687,1169,848,1904,2379,529,9687,9422,0,0,519,1365,0,2627,1288,640,1149,103,410,0,0,0,1246,9329,208,208,0,105,0,1254,212
 16275,0,9687,1169,848,1904,2379,529,9687,9422,0,0,519,1365,0,2627,1288,640,1149,103,410,0,0,0,1246,9329,208,208,0,105,0,1254,212
 16280,0,9687,1169,848,1904,2379,529,9687,9422,0,0,519,1365,0,2627,1288,640,1149,103,410,0,0,0,1246,9329,208,208,0,105,0,1254,212
 16285,0,9688,1169,848,1904,2379,529,9687,9422,0,0,519,1365,0,2627,1288,640,1149,103,410,0,0,0,1246,9329,208,208,0,105,0,1254,212
 16290,0,9693,1169,848,1904,2379,529,9687,9422,0,0,519,1365,0,2627,1288,640,1149,103,410,0,0,0,1246,9329,208,208,0,105,0,1254,212
 16295,0,9698,1169,848,1904,2379,529,9687,9422,0,0,519,1365,0,2627,1288,640,1149,103,410,0,0,0,1246,9329,208,208,0,105,0,1254,212
 16300,0,9703,1169,848,1904,2379,529,9687,9422,0,0,519,1365,0,2627,1288,640,1149,103,410,0,0,0,1246,9329,208,208,0,105,0,1254,212
 16305,0,9708,1169,848,1904,2379,529,9687,9422,0,0,519,1365,0,2627,1288,640,1149,103,410,0,0,0,1246,9329,208,208,0,105,0,1254,212
 16310,0,9713,1169,848,1904,2379,529,9687,9422,0,0,519,1365,0,2627,1288,640,1149,103,410,0,0,0,1246,9329,208,208,0,105,0,1254,212
 16315,0,9718,1169,848,1904,2379,529,9687,9422,0,0,519,1365,0,2627,1288,640,1149,103,410,0,0,0,1246,9329,208,208,0,105,0,1254,212
 16320,0,9723,1169,848,1904,2379,529,9687,9422,0,0,519,1365,0,2627,1288,640,1149,103,410,0,0,0,1246,9329,208,208,0,105,0,1254,212
 16325,0,9728,1169,848,1904,2379,529,9687,9422,0,0,519,1365,0,2627,1288,640,1149,103,410,0,0,0,1246,9329,208,208,0,105,0,1254,212
 16330,0,9733,1169,848,1904,2379,529,9688,9422,0,0,519,1365,0,2627,1288,640,1149,103,410,0,0,0,1246,9329,208,208,0,105,0,1254,212
 16335,0,9738,1169,848,1904,2379,529,9693,9424,0,0,519,1365,0,2627,1288,640,1149,103,410,0,0,0,1246,9329,208,208,0,105,0,1254,212
 16340,0,9743,1169,848,1904,2379,529,9698,9429,0,0,519,1365,0,2627,1288,640,1149,103,410,0,0,0,1246,9328,208,208,0,105,0,1254,212
 16345,0,9748,1169,848,1904,2379,529,9703,9434,0,0,519,1365,0,2627,1288,640,1149,103,410,0,0,0,1246,9333,208,208,0,105,0,1254,212
 16350,0,9753,1169,848,1904,2379,529,9708,9439,0,0,519,1365,0,2627,1288,640,1149,103,410,0,0,0,1246,9338,208,208,0,105,0,1254,212
 16355,0,9758,1169,848,1904,2379,529,9713,9444,0,0,519,1365,0,2627,1288,640,1149,103,410,0,0,0,1246,9343,208,208,0,105,0,1254,212
 16360,0,9763,1169,848,1904,2379,529,9718,9449,0,0,519,1365,0,2627,1288,640,1149,103,410,0,0,0,1246,9348,208,208,0,105,0,1254,212
 16365,0,9768,1169,848,1904,2379,529,9723,9454,0,0,519,1365,0,2627,1288,640,1149,103,410,0,0,0,1246,9353,208,208,0,105,0,1254,212
 16370,0,9773,1169,848,1904,2379,529,9728,9459,0,0,519,1365,0,2627,1288,640,1149,103,410,0,0,0,1246,9358,208,208,0,105,0,1254,212
 16375,0,9778,1169,848,1904,2379,529,9733,9464,0,0,519,1365,0,2627,1288,640,1149,103,410,0,0,0,1246,9363,208,208,0,105,0,1254,212
 16380,0,9783,1169,848,1904,2379,529,9738,9469,0,0,519,1365,0,2627,1288,640,1149,103,410,0,0,0,1246,9368,208,208,0,105,0,1254,212
 16385,0,9788,1169,848,1904,2379,529,9743,9474,0,0,519,1365,0,2627,1288,640,1149,103,410,0,0,0,1246,9373,208,208,0,105,0,1254,212
 16390,0,9790,1169,848,1904,2379,529,9748,9479,0,0,519,1365,0,2627,1288,640,1149,103,410,0,0,0,1246,9378,208,208,0,105,0,1254,212
 16395,0,9790,1169,848,1904,2379,529,9753,9484,0,0,519,1365,0,2627,1288,640,1149,103,410,0,0,0,1246,9383,208,208,0,105,0,1254,212
 16400,0,9790,1169,848,1904,2379,529,9758,9489,0,0,519,1365,0,2627,1288,640,1149,103,410,0,0,0,1246,9388,208,208,0,105,0,1254,212
 16405,0,9790,1169,848,1904,2379,529,9763,9494,0,0,519,1365,0,2627,1288,640,1149,103,410,0,0,0,1246,9393,208,208,0,105,0,1254,212
 16410,0,9790,1169,848,1904,2379,529,9768,9499,0,0,519,1365,0,2627,1288,640,1149,103,410,0,0,0,1246,9398,208,208,0,105,0,1254,212
 16415,0,9790,1169,848,1904,2379,529,9773,9504,0,0,519,1365,0,2627,1288,640,1149,103,410,0,0,0,1246,9403,208,208,0,105,0,1254,212
 16420,0,9790,1169,848,1904,2379,529,9778,9509,0,0,519,1365,0,2627,1288,640,1149,103,410,0,0,0,1246,9408,208,208,0,105,0,1254,212
 16425,0,9790,1169,848,1904,2379,529,9783,9514,0,0,519,1365,0,2627,1288,640,1149,103,410,0,0,0,1246,9413,208,208,0,105,0,1254,212
 16430,0,9790,1169,848,1904,2379,529,9788,9519,0,0,519,1365,0,2627,1288,640,1149,103,410,0,0,0,1246,9418,208,208,0,105,0,1254,212
 16435,0,9790,1169,848,1904,2379,529,9792,9524,0,0,519,1365,0,2627,1288,640,1149,103,410,0,0,0,1246,9423,208,208,0,105,0,1254,212
 16440,0,9790,1169,848,1904,2379,529,9792,9527,0,0,519,1365,0,2627,1288,640,1149,103,410,0,0,0,1246,9428,208,208,0,105,0,1254,212
 16445,0,9790,1169,848,1904,2379,529,9792,9527,0,0,519,1365,0,2627,1288,640,1149,103,410,0,0,0,1246,9434,208,208,0,105,0,1254,212
 16450,0,9790,1169,848,1904,2379,529,9792,9527,0,0,519,1365,0,2627,1288,640,1149,103,410,0,0,0,1246,9434,208,208,0,105,0,1254,212
 16455,0,9790,1169,848,1904,2379,529,9792,9527,0,0,519,1365,0,2627,1288,640,1149,103,410,0,0,0,1246,9434,208,208,0,105,0,1254,212
 16460,0,9790,1169,848,1904,2379,529,9792,9527,0,0,519,1365,0,2627,1288,640,1149,103,410,0,0,0,1246,9434,208,208,0,105,0,1254,212
 16465,0,9790,1169,848,1904,2379,529,9792,9527,0,0,519,1365,0,2627,1288,640,1149,103,410,0,0,0,1246,9434,208,208,0,105,0,1254,212
 16470,0,9790,1169,848,1904,2379,529,9792,9527,0,0,519,1365,0,2627,1288,640,1149,103,410,0,0,0,1246,9434,208,208,0,105,0,1254,212
 16475,0,9791,1169,848,1904,2379,529,9792,9527,0,0,519,1365,0,2627,1288,640,1149,103,410,0,0,0,1246,9434,208,208,0,105,0,1254,212
 16480,0,9796,1169,848,1904,2379,529,9792,9527,0,0,519,1365,0,2627,1288,640,1149,103,410,0,0,0,1246,9434,208,208,0,105,0,1254,212
 16485,0,9801,1169,848,1904,2379,529,9792,9527,0,0,519,1365,0,2627,1288,640,1149,103,410,0,0,0,1246,9434,208,208,0,105,0,1254,212
 16490,0,9806,1169,848,1904,2379,529,9792,9527,0,0,519,1365,0,2627,1288,640,1149,103,410,0,0,0,1246,9434,208,208,0,105,0,1254,212
 16495,0,9811,1169,848,1904,2379,529,9792,9527,0,0,519,1365,0,2627,1288,640,1149,103,410,0,0,0,1246,9434,208,208,0,105,0,1254,212
 16500,0,9816,1169,848,1904,2379,529,9792,9527,0,0,519,1365,0,2627,1288,640,1149,103,410,0,0,0,1246,9434,208,208,0,105,0,1254,212
 16505,0,9821,1169,848,1904,2379,529,9792,9527,0,0,519,1365,0,2627,1288,640,1149,103,410,0,0,0,1246,9434,208,208,0,105,0,1254,212
 16510,0,9826,1169,848,1904,2379,529,9792,9527,0,0,519,1365,0,2627,1288,640,1149,103,410,0,0,0,1246,9434,208,208,0,105,0,1254,212
 16515,0,9831,1169,848,1904,2379,529,9792,9527,0,0,519,1365,0,2627,1288,640,1149,103,410,0,0,0,1246,9434,208,208,0,105,0,1254,212
 16520,0,9836,1169,848,1904,2379,529,9792,9527,0,0,519,1365,0,2627,1288,640,1149,103,410,0,0,0,1246,9434,208,208,0,105,0,1254,212
 16525,0,9841,1169,848,1904,2379,529,9792,9527,0,0,519,1365,0,2627,1288,640,1149,103,410,0,0,0,1246,9434,208,208,0,105,0,1254,212
 16530,0,9846,1169,848,1904,2379,529,9792,9529,0,0,519,1365,0,2627,1288,640,1149,103,410,0,0,0,1246,9434,208,208,0,105,0,1254,212
 16535,0,9851,1169,848,1904,2379,529,9792,9534,0,0,519,1365,0,2627,1288,640,1149,103,410,0,0,0,1246,9434,208,208,0,105,0,1254,212
 16540,0,9856,1169,848,1904,2379,529,9792,9539,0,0,519,1365,0,2627,1288,640,1149,103,410,0,0,0,1246,9434,208,208,0,105,0,1254,212
 16545,0,9861,1169,848,1904,2379,529,9792,9544,0,0,519,1365,0,2627,1288,640,1149,103,410,0,0,0,1246,9433,208,208,0,105,0,1254,212
 16550,0,9866,1169,848,1904,2379,529,9795,9549,0,0,519,1365,0,2627,1288,640,1149,103,410,0,0,0,1246,9438,208,208,0,105,0,1254,212
 16555,0,9871,1169,848,1904,2379,529,9800,9554,0,0,519,1365,0,2627,1288,640,1149,103,410,0,0,0,1246,9443,208,208,0,105,0,1254,212
 16560,0,9876,1169,848,1904,2379,529,9805,9559,0,0,519,1365,0,2627,1288,640,1149,103,410,0,0,0,1246,9448,208,208,0,105,0,1254,212
 16565,0,9881,1169,848,1904,2379,529,9810,9564,0,0,519,1365,0,2627,1288,640,1149,103,410,0,0,0,1246,9453,208,208,0,105,0,1254,212
 16570,0,9886,1169,848,1904,2379,529,9815,9569,0,0,519,1365,0,2627,1288,640,1149,103,410,0,0,0,1246,9458,208,208,0,105,0,1254,212
 16575,0,9891,1169,848,1904,2379,529,9820,9574,0,0,519,1365,0,2627,1288,640,1149,103,410,0,0,0,1246,9463,208,208,0,105,0,1254,212
 16580,0,9893,1169,848,1904,2379,529,9825,9579,0,0,519,1365,0,2627,1288,640,1149,103,410,0,0,0,1246,9468,208,208,0,105,0,1254,212
 16585,0,9893,1169,848,1904,2379,529,9830,9584,0,0,519,1365,0,2627,1288,640,1149,103,410,0,0,0,1246,9473,208,208,0,105,0,1254,212
 16590,0,9893,1169,848,1904,2379,529,9835,9589,0,0,519,1365,0,2627,1288,640,1149,103,410,0,0,0,1246,9478,208,208,0,105,0,1254,212
 16595,0,9893,1169,848,1904,2379,529,9840,9594,0,0,519,1365,0,2627,1288,640,1149,103,410,0,0,0,1246,9483,208,208,0,105,0,1254,212
 16600,0,9893,1169,848,1904,2379,529,9845,9599,0,0,519,1365,0,2627,1288,640,1149,103,410,0,0,0,1246,9488,208,208,0,105,0,1254,212
 16605,0,9893,1169,848,1904,2379,529,9850,9604,0,0,519,1365,0,2627,1288,640,1149,103,410,0,0,0,1246,9493,208,208,0,105,0,1254,212
 16610,0,9893,1169,848,1904,2379,529,9855,9609,0,0,519,1365,0,2627,1288,640,1149,103,410,0,0,0,1246,9498,208,208,0,105,0,1254,212
 16615,0,9893,1169,848,1904,2379,529,9860,9614,0,0,519,1365,0,2627,1288,640,1149,103,410,0,0,0,1246,9503,208,208,0,105,0,1254,212
 16620,0,9893,1169,848,1904,2379,529,9865,9619,0,0,519,1365,0,2627,1288,640,1149,103,410,0,0,0,1246,9508,208,208,0,105,0,1254,212
 16625,0,9893,1169,848,1904,2379,529,9870,9624,0,0,519,1365,0,2627,1288,640,1149,103,410,0,0,0,1246,9513,208,208,0,105,0,1254,212
 16630,0,9893,1169,848,1904,2379,529,9875,9630,0,0,519,1365,0,2627,1288,640,1149,103,410,0,0,0,1246,9518,208,208,0,105,0,1254,212
 16635,0,9893,1169,848,1904,2379,529,9880,9630,0,0,519,1365,0,2627,1288,640,1149,103,410,0,0,0,1246,9523,208,208,0,105,0,1254,212
 16640,0,9893,1169,848,1904,2379,529,9885,9630,0,0,519,1365,0,2627,1288,640,1149,103,410,0,0,0,1246,9528,208,208,0,105,0,1254,212
 16645,0,9893,1169,848,1904,2379,529,9890,9630,0,0,519,1365,0,2627,1288,640,1149,103,410,0,0,0,1246,9533,208,208,0,105,0,1254,212
 16650,0,9893,1169,848,1904,2379,529,9895,9630,0,0,519,1365,0,2627,1288,640,1149,103,410,0,0,0,1246,9537,208,208,0,105,0,1254,212
 16655,0,9893,1169,848,1904,2379,529,9895,9630,0,0,519,1365,0,2627,1288,640,1149,103,410,0,0,0,1246,9537,208,208,0,105,0,1254,212
 16660,0,9893,1169,848,1904,2379,529,9895,9630,0,0,519,1365,0,2627,1288,640,1149,103,410,0,0,0,1246,9537,208,208,0,105,0,1254,212
 16665,0,9893,1169,848,1904,2379,529,9895,9630,0,0,519,1365,0,2627,1288,640,1149,103,410,0,0,0,1246,9537,208,208,0,105,0,1254,212
 16670,0,9893,1169,848,1904,2379,529,9895,9630,0,0,519,1365,0,2627,1288,640,1149,103,410,0,0,0,1246,9537,208,208,0,105,0,1254,212
 16675,0,9893,1169,848,1904,2379,529,9895,9630,0,0,519,1365,0,2627,1288,640,1149,103,410,0,0,0,1246,9537,208,208,0,105,0,1254,212
 16680,0,9893,1169,848,1904,2379,529,9895,9630,0,0,519,1365,0,2627,1288,640,1149,103,410,0,0,0,1246,9537,208,208,0,105,0,1254,212
 16685,0,9893,1169,848,1904,2379,529,9895,9630,0,0,519,1365,0,2627,1288,640,1149,103,410,0,0,0,1246,9537,208,208,0,105,0,1254,212
 16690,0,9893,1169,848,1904,2379,529,9895,9630,0,0,519,1365,0,2627,1288,640,1149,103,410,0,0,0,1246,9537,208,208,0,105,0,1254,212
 16695,0,9893,1169,848,1904,2379,529,9895,9630,0,0,519,1365,0,2627,1288,640,1149,103,410,0,0,0,1246,9537,208,208,0,105,0,1254,212
 16700,0,9893,1169,848,1904,2379,529,9895,9630,0,0,519,1365,0,2627,1288,640,1149,103,410,0,0,0,1246,9537,208,208,0,105,0,1254,212
 16705,0,9893,1169,848,1904,2379,529,9895,9630,0,0,519,1365,0,2627,1288,640,1149,103,410,0,0,0,1246,9537,208,208,0,105,0,1254,212
 16710,0,9894,1169,848,1904,2379,529,9895,9630,0,0,519,1365,0,2627,1288,640,1149,103,410,0,0,0,1246,9537,208,208,0,105,0,1254,212
 16715,0,9899,1169,848,1904,2379,529,9895,9630,0,0,519,1365,0,2627,1288,640,1149,103,410,0,0,0,1246,9537,208,208,0,105,0,1254,212
 16720,0,9904,1169,848,1904,2379,529,9895,9630,0,0,519,1365,0,2627,1288,640,1149,103,410,0,0,0,1246,9537,208,208,0,105,0,1254,212
 16725,0,9909,1169,848,1904,2379,529,9895,9632,0,0,519,1365,0,2627,1288,640,1149,103,410,0,0,0,1246,9540,208,208,0,105,0,1254,212
 16730,0,9914,1169,848,1904,2379,529,9895,9637,0,0,519,1365,0,2627,1288,640,1149,103,410,0,0,0,1246,9545,208,208,0,105,0,1254,212
 16735,0,9919,1169,848,1904,2379,529,9895,9642,0,0,519,1365,0,2627,1288,640,1149,103,410,0,0,0,1246,9550,208,208,0,105,0,1254,212
 16740,0,9924,1169,848,1904,2379,529,9895,9647,0,0,519,1365,0,2627,1288,640,1149,103,410,0,0,0,1246,9555,208,208,0,105,0,1254,212
 16745,0,9929,1169,848,1904,2379,529,9895,9652,0,0,519,1365,0,2627,1288,640,1149,103,410,0,0,0,1246,9560,208,208,0,105,0,1254,212
 16750,0,9934,1169,848,1904,2379,529,9895,9657,0,0,519,1365,0,2627,1288,640,1149,103,410,0,0,0,1246,9565,208,208,0,105,0,1254,212
 16755,0,9939,1169,848,1904,2379,529,9895,9662,0,0,519,1365,0,2627,1288,640,1149,103,410,0,0,0,1246,9570,208,208,0,105,0,1254,212
 16760,0,9944,1169,848,1904,2379,529,9895,9667,0,0,519,1365,0,2627,1288,640,1149,103,410,0,0,0,1246,9575,208,208,0,105,0,1254,212
 16765,0,9949,1169,848,1904,2379,529,9895,9672,0,0,519,1365,0,2627,1288,640,1149,103,410,0,0,0,1246,9580,208,208,0,105,0,1254,212
 16770,0,9954,1169,848,1904,2379,529,9895,9677,0,0,519,1365,0,2627,1288,640,1149,103,410,0,0,0,1246,9585,208,208,0,105,0,1254,212
 16775,0,9959,1169,848,1904,2379,529,9895,9682,0,0,519,1365,0,2627,1288,640,1149,103,410,0,0,0,1246,9590,208,208,0,105,0,1254,212
 16780,0,9964,1169,848,1904,2379,529,9895,9687,0,0,519,1365,0,2627,1288,640,1149,103,410,0,0,0,1246,9595,208,208,0,105,0,1254,212
 16785,0,9969,1169,848,1904,2379,529,9895,9692,0,0,519,1365,0,2627,1288,640,1149,103,410,0,0,0,1246,9600,208,208,0,105,0,1254,212
 16790,0,9974,1169,848,1904,2379,529,9900,9697,0,0,519,1365,0,2627,1288,640,1149,103,410,0,0,0,1246,9605,208,208,0,105,0,1254,212
 16795,0,9979,1169,848,1904,2379,529,9905,9702,0,0,519,1365,0,2627,1288,640,1149,103,410,0,0,0,1246,9610,208,208,0,105,0,1254,212
 16800,0,9984,1169,848,1904,2379,529,9910,9707,0,0,519,1365,0,2627,1288,640,1149,103,410,0,0,0,1246,9615,208,208,0,105,0,1254,212
 16805,0,9989,1169,848,1904,2379,529,9915,9712,0,0,519,1365,0,2627,1288,640,1149,103,410,0,0,0,1246,9620,208,208,0,105,0,1254,212
 16810,0,9994,1169,848,1904,2379,529,9920,9717,0,0,519,1365,0,2627,1288,640,1149,103,410,0,0,0,1246,9625,208,208,0,105,0,1254,212
 16815,0,9996,1169,848,1904,2379,529,9925,9722,0,0,519,1365,0,2627,1288,640,1149,103,410,0,0,0,1246,9630,208,208,0,105,0,1254,212
 16820,0,9996,1169,848,1904,2379,529,9930,9727,0,0,519,1365,0,2627,1288,640,1149,103,410,0,0,0,1246,9635,208,208,0,105,0,1254,212
 16825,0,9996,1169,848,1904,2379,529,9935,9733,0,0,519,1365,0,2627,1288,640,1149,103,410,0,0,0,1246,9640,208,208,0,105,0,1254,212
 16830,0,9996,1169,848,1904,2379,529,9940,9733,0,0,519,1365,0,2627,1288,640,1149,103,410,0,0,0,1246,9642,208,208,0,105,0,1254,212
 16835,0,9996,1169,848,1904,2379,529,9945,9733,0,0,519,1365,0,2627,1288,640,1149,103,410,0,0,0,1246,9642,208,208,0,105,0,1254,212
 16840,0,9996,1169,848,1904,2379,529,9950,9733,0,0,519,1365,0,2627,1288,640,1149,103,410,0,0,0,1246,9642,208,208,0,105,0,1254,212
 16845,0,9996,1169,848,1904,2379,529,9955,9733,0,0,519,1365,0,2627,1288,640,1149,103,410,0,0,0,1246,9642,208,208,0,105,0,1254,212
 16850,0,9996,1169,848,1904,2379,529,9960,9733,0,0,519,1365,0,2627,1288,640,1149,103,410,0,0,0,1246,9642,208,208,0,105,0,1254,212
 16855,0,9996,1169,848,1904,2379,529,9965,9733,0,0,519,1365,0,2627,1288,640,1149,103,410,0,0,0,1246,9642,208,208,0,105,0,1254,212
 16860,0,9996,1169,848,1904,2379,529,9970,9733,0,0,519,1365,0,2627,1288,640,1149,103,410,0,0,0,1246,9642,208,208,0,105,0,1254,212
 16865,0,9996,1169,848,1904,2379,529,9975,9733,0,0,519,1365,0,2627,1288,640,1149,103,410,0,0,0,1246,9642,208,208,0,105,0,1254,212
 16870,0,9996,1169,848,1904,2379,529,9980,9733,0,0,519,1365,0,2627,1288,640,1149,103,410,0,0,0,1246,9642,208,208,0,105,0,1254,212
 16875,0,9996,1169,848,1904,2379,529,9985,9733,0,0,519,1365,0,2627,1288,640,1149,103,410,0,0,0,1246,9642,208,208,0,105,0,1254,212
 16880,0,9996,1169,848,1904,2379,529,9990,9733,0,0,519,1365,0,2627,1288,640,1149,103,410,0,0,0,1246,9642,208,208,0,105,0,1254,212
 16885,0,9996,1169,848,1904,2379,529,9995,9733,0,0,519,1365,0,2627,1288,640,1149,103,410,0,0,0,1246,9642,208,208,0,105,0,1254,212
 16890,0,9996,1169,848,1904,2379,529,9998,9733,0,0,519,1365,0,2627,1288,640,1149,103,410,0,0,0,1246,9642,208,208,0,105,0,1254,212
 16895,0,9996,1169,848,1904,2379,529,9998,9733,0,0,519,1365,0,2627,1288,640,1149,103,410,0,0,0,1246,9642,208,208,0,105,0,1254,212
 16900,0,9996,1169,848,1904,2379,529,9998,9733,0,0,519,1365,0,2627,1288,640,1149,103,410,0,0,0,1246,9642,208,208,0,105,0,1254,212
 16905,0,9996,1169,848,1904,2379,529,9998,9733,0,0,519,1365,0,2627,1288,640,1149,103,410,0,0,0,1246,9642,208,208,0,105,0,1254,212
 16910,0,9996,1169,848,1904,2379,529,9998,9733,0,0,519,1365,0,2627,1288,640,1149,103,410,0,0,0,1246,9642,208,208,0,105,0,1254,212
 16915,0,9996,1169,848,1904,2379,529,9998,9733,0,0,519,1365,0,2627,1288,640,1149,103,410,0,0,0,1246,9642,208,208,0,105,0,1254,212
 16920,0,9996,1169,848,1904,2379,529,9998,9733,0,0,519,1365,0,2627,1288,640,1149,103,410,0,0,0,1246,9642,208,208,0,105,0,1254,212
 16925,0,9996,1169,848,1904,2379,529,9998,9733,0,0,519,1365,0,2627,1288,640,1149,103,410,0,0,0,1246,9642,208,208,0,105,0,1254,212
 16930,0,9996,1169,848,1904,2379,529,9998,9733,0,0,519,1365,0,2627,1288,640,1149,103,410,0,0,0,1246,9642,208,208,0,105,0,1254,212
 16935,0,9996,1169,848,1904,2379,529,9998,9733,0,0,519,1365,0,2627,1288,640,1149,103,410,0,0,0,1246,9642,208,208,0,105,0,1254,212
 16940,0,9997,1169,848,1904,2379,529,9998,9733,0,0,519,1365,0,2627,1288,640,1149,103,410,0,0,0,1246,9642,208,208,0,105,0,1254,212
 16945,0,10002,1169,848,1904,2379,529,9998,9733,0,0,519,1365,0,2627,1288,640,1149,103,410,0,0,0,1246,9642,208,208,0,105,0,1254,212
 16950,0,10007,1169,848,1904,2379,529,9998,9733,0,0,519,1365,0,2627,1288,640,1149,103,410,0,0,0,1246,9642,208,208,0,105,0,1254,212
 16955,0,10012,1169,848,1904,2379,529,9998,9733,0,0,519,1365,0,2627,1288,640,1149,103,410,0,0,0,1246,9642,208,208,0,105,0,1254,212
 16960,0,10017,1169,848,1904,2379,529,9998,9733,0,0,519,1365,0,2627,1288,640,1149,103,410,0,0,0,1246,9642,208,208,0,105,0,1254,212
 16965,0,10022,1169,848,1904,2379,529,9998,9735,0,0,519,1365,0,2627,1288,640,1149,103,410,0,0,0,1246,9642,208,208,0,105,0,1254,212
 16970,0,10027,1169,848,1904,2379,529,9998,9740,0,0,519,1365,0,2627,1288,640,1149,103,410,0,0,0,1246,9642,208,208,0,105,0,1254,212
 16975,0,10032,1169,848,1904,2379,529,9998,9745,0,0,519,1365,0,2627,1288,640,1149,103,410,0,0,0,1246,9642,208,208,0,105,0,1254,212
 16980,0,10037,1169,848,1904,2379,529,9998,9750,0,0,519,1365,0,2627,1288,640,1149,103,410,0,0,0,1246,9642,208,208,0,105,0,1254,212
 16985,0,10042,1169,848,1904,2379,529,9998,9755,0,0,519,1365,0,2627,1288,640,1149,103,410,0,0,0,1246,9642,208,208,0,105,0,1254,212
 16990,0,10047,1169,848,1904,2379,529,9998,9760,0,0,519,1365,0,2627,1288,640,1149,103,410,0,0,0,1246,9642,208,208,0,105,0,1254,212
 16995,0,10052,1169,848,1904,2379,529,9998,9765,0,0,519,1365,0,2627,1288,640,1149,103,410,0,0,0,1246,9642,208,208,0,105,0,1254,212
 17000,0,10057,1169,848,1904,2379,529,9998,9770,0,0,519,1365,0,2627,1288,640,1149,103,410,0,0,0,1246,9642,208,208,0,105,0,1254,212
 17005,0,10062,1169,848,1904,2379,529,9998,9775,0,0,519,1365,0,2627,1288,640,1149,103,410,0,0,0,1246,9645,208,208,0,105,0,1254,212
 17010,0,10067,1169,848,1904,2379,529,10001,9780,0,0,519,1365,0,2627,1288,640,1149,103,410,0,0,0,1246,9650,208,208,0,105,0,1254,212
 17015,0,10072,1169,848,1904,2379,529,10006,9785,0,0,519,1365,0,2627,1288,640,1149,103,410,0,0,0,1246,9655,208,208,0,105,0,1254,212
 17020,0,10077,1169,848,1904,2379,529,10011,9790,0,0,519,1365,0,2627,1288,640,1149,103,410,0,0,0,1246,9660,208,208,0,105,0,1254,212
 17025,0,10082,1169,848,1904,2379,529,10016,9795,0,0,519,1365,0,2627,1288,640,1149,103,410,0,0,0,1246,9665,208,208,0,105,0,1254,212
 17030,0,10087,1169,848,1904,2379,529,10021,9800,0,0,519,1365,0,2627,1288,640,1149,103,410,0,0,0,1246,9670,208,208,0,105,0,1254,212
 17035,0,10092,1169,848,1904,2379,529,10026,9805,0,0,519,1365,0,2627,1288,640,1149,103,410,0,0,0,1246,9675,208,208,0,105,0,1254,212
 17040,0,10097,1169,848,1904,2379,529,10031,9810,0,0,519,1365,0,2627,1288,640,1149,103,410,0,0,0,1246,9680,208,208,0,105,0,1254,212
 17045,0,10097,1169,848,1904,2379,529,10036,9815,0,0,519,1365,0,2627,1288,640,1149,103,410,0,0,0,1246,9685,208,208,0,105,0,1254,212
 17050,0,10097,1169,848,1904,2379,529,10041,9820,0,0,519,1365,0,2627,1288,640,1149,103,410,0,0,0,1246,9690,208,208,0,105,0,1254,212
 17055,0,10097,1169,848,1904,2379,529,10046,9825,0,0,519,1365,0,2627,1288,640,1149,103,410,0,0,0,1246,9695,208,208,0,105,0,1254,212
 17060,0,10097,1169,848,1904,2379,529,10051,9830,0,0,519,1365,0,2627,1288,640,1149,103,410,0,0,0,1246,9700,208,208,0,105,0,1254,212
 17065,0,10097,1169,848,1904,2379,529,10056,9836,0,0,519,1365,0,2627,1288,640,1149,103,410,0,0,0,1246,9705,208,208,0,105,0,1254,212
 17070,0,10097,1169,848,1904,2379,529,10061,9836,0,0,519,1365,0,2627,1288,640,1149,103,410,0,0,0,1246,9710,208,208,0,105,0,1254,212
 17075,0,10097,1169,848,1904,2379,529,10066,9836,0,0,519,1365,0,2627,1288,640,1149,103,410,0,0,0,1246,9715,208,208,0,105,0,1254,212
 17080,0,10097,1169,848,1904,2379,529,10071,9836,0,0,519,1365,0,2627,1288,640,1149,103,410,0,0,0,1246,9720,208,208,0,105,0,1254,212
 17085,0,10097,1169,848,1904,2379,529,10076,9836,0,0,519,1365,0,2627,1288,640,1149,103,410,0,0,0,1246,9725,208,208,0,105,0,1254,212
 17090,0,10097,1169,848,1904,2379,529,10081,9836,0,0,519,1365,0,2627,1288,640,1149,103,410,0,0,0,1246,9730,208,208,0,105,0,1254,212
 17095,0,10097,1169,848,1904,2379,529,10086,9836,0,0,519,1365,0,2627,1288,640,1149,103,410,0,0,0,1246,9735,208,208,0,105,0,1254,212
 17100,0,10097,1169,848,1904,2379,529,10091,9836,0,0,519,1365,0,2627,1288,640,1149,103,410,0,0,0,1246,9740,208,208,0,105,0,1254,212
 17105,0,10097,1169,848,1904,2379,529,10096,9836,0,0,519,1365,0,2627,1288,640,1149,103,410,0,0,0,1246,9743,208,208,0,105,0,1254,212
 17110,0,10097,1169,848,1904,2379,529,10101,9836,0,0,519,1365,0,2627,1288,640,1149,103,410,0,0,0,1246,9743,208,208,0,105,0,1254,212
 17115,0,10097,1169,848,1904,2379,529,10101,9836,0,0,519,1365,0,2627,1288,640,1149,103,410,0,0,0,1246,9743,208,208,0,105,0,1254,212
 17120,0,10097,1169,848,1904,2379,529,10101,9836,0,0,519,1365,0,2627,1288,640,1149,103,410,0,0,0,1246,9743,208,208,0,105,0,1254,212
 17125,0,10097,1169,848,1904,2379,529,10101,9836,0,0,519,1365,0,2627,1288,640,1149,103,410,0,0,0,1246,9743,208,208,0,105,0,1254,212
 17130,0,10097,1169,848,1904,2379,529,10101,9836,0,0,519,1365,0,2627,1288,640,1149,103,410,0,0,0,1246,9743,208,208,0,105,0,1254,212
 17135,0,10097,1169,848,1904,2379,529,10101,9836,0,0,519,1365,0,2627,1288,640,1149,103,410,0,0,0,1246,9743,208,208,0,105,0,1254,212
 17140,0,10097,1169,848,1904,2379,529,10101,9836,0,0,519,1365,0,2627,1288,640,1149,103,410,0,0,0,1246,9743,208,208,0,105,0,1254,212
 17145,0,10097,1169,848,1904,2379,529,10101,9836,0,0,519,1365,0,2627,1288,640,1149,103,410,0,0,0,1246,9743,208,208,0,105,0,1254,212
 17150,0,10097,1169,848,1904,2379,529,10101,9836,0,0,519,1365,0,2627,1288,640,1149,103,410,0,0,0,1246,9743,208,208,0,105,0,1254,212
 17155,0,10097,1169,848,1904,2379,529,10101,9836,0,0,519,1365,0,2627,1288,640,1149,103,410,0,0,0,1246,9743,208,208,0,105,0,1254,212
 17160,0,10098,1169,848,1904,2379,529,10101,9836,0,0,519,1365,0,2627,1288,640,1149,103,410,0,0,0,1246,9743,208,208,0,105,0,1254,212
 17165,0,10103,1169,848,1904,2379,529,10101,9836,0,0,519,1365,0,2627,1288,640,1149,103,410,0,0,0,1246,9743,208,208,0,105,0,1254,212
 17170,0,10108,1169,848,1904,2379,529,10101,9836,0,0,519,1365,0,2627,1288,640,1149,103,410,0,0,0,1246,9743,208,208,0,105,0,1254,212
 17175,0,10113,1169,848,1904,2379,529,10101,9836,0,0,519,1365,0,2627,1288,640,1149,103,410,0,0,0,1246,9743,208,208,0,105,0,1254,212
 17180,0,10118,1169,848,1904,2379,529,10101,9836,0,0,519,1365,0,2627,1288,640,1149,103,410,0,0,0,1246,9743,208,208,0,105,0,1254,212
 17185,0,10123,1169,848,1904,2379,529,10101,9836,0,0,519,1365,0,2627,1288,640,1149,103,410,0,0,0,1246,9743,208,208,0,105,0,1254,212
 17190,0,10128,1169,848,1904,2379,529,10101,9836,0,0,519,1365,0,2627,1288,640,1149,103,410,0,0,0,1246,9743,208,208,0,105,0,1254,212
 17195,0,10133,1169,848,1904,2379,529,10101,9836,0,0,519,1365,0,2627,1288,640,1149,103,410,0,0,0,1246,9743,208,208,0,105,0,1254,212
 17200,0,10138,1169,848,1904,2379,529,10101,9836,0,0,519,1365,0,2627,1288,640,1149,103,410,0,0,0,1246,9743,208,208,0,105,0,1254,212
 17205,0,10143,1169,848,1904,2379,529,10101,9836,0,0,519,1365,0,2627,1288,640,1149,103,410,0,0,0,1246,9743,208,208,0,105,0,1254,212
 17210,0,10148,1169,848,1904,2379,529,10101,9836,0,0,519,1365,0,2627,1288,640,1149,103,410,0,0,0,1246,9742,208,208,0,105,0,1254,212
 17215,0,10153,1169,848,1904,2379,529,10100,9836,0,0,519,1365,0,2627,1288,640,1149,103,410,0,0,0,1246,9747,208,208,0,105,0,1254,212
 17220,0,10158,1169,848,1904,2379,529,10105,9836,0,0,519,1365,0,2627,1288,640,1149,103,410,0,0,0,1246,9752,208,208,0,105,0,1254,212
 17225,0,10163,1169,848,1904,2379,529,10110,9836,0,0,519,1365,0,2627,1288,640,1149,103,410,0,0,0,1246,9757,208,208,0,105,0,1254,212
 17230,0,10168,1169,848,1904,2379,529,10115,9836,0,0,519,1365,0,2627,1288,640,1149,103,410,0,0,0,1246,9762,208,208,0,105,0,1254,212
 17235,0,10173,1169,848,1904,2379,529,10120,9836,0,0,519,1365,0,2627,1288,640,1149,103,410,0,0,0,1246,9767,208,208,0,105,0,1254,212
 17240,0,10178,1169,848,1904,2379,529,10125,9836,0,0,519,1365,0,2627,1288,640,1149,103,410,0,0,0,1246,9772,208,208,0,105,0,1254,212
 17245,0,10183,1169,848,1904,2379,529,10130,9839,0,0,519,1365,0,2627,1288,640,1149,103,410,0,0,0,1246,9777,208,208,0,105,0,1254,212
 17250,0,10188,1169,848,1904,2379,529,10135,9844,0,0,519,1365,0,2627,1288,640,1149,103,410,0,0,0,1246,9782,208,208,0,105,0,1254,212
 17255,0,10193,1169,848,1904,2379,529,10140,9849,0,0,519,1365,0,2627,1288,640,1149,103,410,0,0,0,1246,9787,208,208,0,105,0,1254,212
 17260,0,10198,1169,848,1904,2379,529,10145,9854,0,0,519,1365,0,2627,1288,640,1149,103,410,0,0,0,1246,9792,208,208,0,105,0,1254,212
 17265,0,10198,1169,848,1904,2379,529,10150,9859,0,0,519,1365,0,2627,1288,640,1149,103,410,0,0,0,1246,9797,208,208,0,105,0,1254,212
 17270,0,10198,1169,848,1904,2379,529,10155,9864,0,0,519,1365,0,2627,1288,640,1149,103,410,0,0,0,1246,9802,208,208,0,105,0,1254,212
 17275,0,10198,1169,848,1904,2379,529,10160,9869,0,0,519,1365,0,2627,1288,640,1149,103,410,0,0,0,1246,9807,208,208,0,105,0,1254,212
 17280,0,10198,1169,848,1904,2379,529,10165,9874,0,0,519,1365,0,2627,1288,640,1149,103,410,0,0,0,1246,9812,208,208,0,105,0,1254,212
 17285,0,10198,1169,848,1904,2379,529,10170,9879,0,0,519,1365,0,2627,1288,640,1149,103,410,0,0,0,1246,9817,208,208,0,105,0,1254,212
 17290,0,10198,1169,848,1904,2379,529,10175,9884,0,0,519,1365,0,2627,1288,640,1149,103,410,0,0,0,1246,9822,208,208,0,105,0,1254,212
 17295,0,10198,1169,848,1904,2379,529,10180,9889,0,0,519,1365,0,2627,1288,640,1149,103,410,0,0,0,1246,9827,208,208,0,105,0,1254,212
 17300,0,10198,1169,848,1904,2379,529,10185,9894,0,0,519,1365,0,2627,1288,640,1149,103,410,0,0,0,1246,9832,208,208,0,105,0,1254,212
 17305,0,10198,1169,848,1904,2379,529,10190,9899,0,0,519,1365,0,2627,1288,640,1149,103,410,0,0,0,1246,9837,208,208,0,105,0,1254,212
 17310,0,10198,1169,848,1904,2379,529,10195,9904,0,0,519,1365,0,2627,1288,640,1149,103,410,0,0,0,1246,9842,208,208,0,105,0,1254,212
 17315,0,10198,1169,848,1904,2379,529,10200,9909,0,0,519,1365,0,2627,1288,640,1149,103,410,0,0,0,1246,9848,208,208,0,105,0,1254,212
 17320,0,10198,1169,848,1904,2379,529,10204,9914,0,0,519,1365,0,2627,1288,640,1149,103,410,0,0,0,1246,9848,208,208,0,105,0,1254,212
 17325,0,10198,1169,848,1904,2379,529,10204,9919,0,0,519,1365,0,2627,1288,640,1149,103,410,0,0,0,1246,9848,208,208,0,105,0,1254,212
 17330,0,10198,1169,848,1904,2379,529,10204,9924,0,0,519,1365,0,2627,1288,640,1149,103,410,0,0,0,1246,9848,208,208,0,105,0,1254,212
 17335,0,10198,1169,848,1904,2379,529,10204,9929,0,0,519,1365,0,2627,1288,640,1149,103,410,0,0,0,1246,9848,208,208,0,105,0,1254,212
 17340,0,10198,1169,848,1904,2379,529,10204,9934,0,0,519,1365,0,2627,1288,640,1149,103,410,0,0,0,1246,9848,208,208,0,105,0,1254,212
 17345,0,10199,1169,848,1904,2379,529,10204,9939,0,0,519,1365,0,2627,1288,640,1149,103,410,0,0,0,1246,9848,208,208,0,105,0,1254,212
 17350,0,10204,1169,848,1904,2379,529,10204,9941,0,0,519,1365,0,2627,1288,640,1149,103,410,0,0,0,1246,9848,208,208,0,105,0,1254,212
 17355,0,10209,1169,848,1904,2379,529,10204,9941,0,0,519,1365,0,2627,1288,640,1149,103,410,0,0,0,1246,9848,208,208,0,105,0,1254,212
 17360,0,10214,1169,848,1904,2379,529,10204,9941,0,0,519,1365,0,2627,1288,640,1149,103,410,0,0,0,1246,9848,208,208,0,105,0,1254,212
 17365,0,10219,1169,848,1904,2379,529,10204,9941,0,0,519,1365,0,2627,1288,640,1149,103,410,0,0,0,1246,9848,208,208,0,105,0,1254,212
 17370,0,10224,1169,848,1904,2379,529,10204,9941,0,0,519,1365,0,2627,1288,640,1149,103,410,0,0,0,1246,9848,208,208,0,105,0,1254,212
 17375,0,10229,1169,848,1904,2379,529,10204,9941,0,0,519,1365,0,2627,1288,640,1149,103,410,0,0,0,1246,9848,208,208,0,105,0,1254,212
 17380,0,10234,1169,848,1904,2379,529,10204,9941,0,0,519,1365,0,2627,1288,640,1149,103,410,0,0,0,1246,9848,208,208,0,105,0,1254,212
 17385,0,10239,1169,848,1904,2379,529,10204,9941,0,0,519,1365,0,2627,1288,640,1149,103,410,0,0,0,1246,9848,208,208,0,105,0,1254,212
 17390,0,10244,1169,848,1904,2379,529,10204,9941,0,0,519,1365,0,2627,1288,640,1149,103,410,0,0,0,1246,9848,208,208,0,105,0,1254,212
 17395,0,10249,1169,848,1904,2379,529,10204,9941,0,0,519,1365,0,2627,1288,640,1149,103,410,0,0,0,1246,9848,208,208,0,105,0,1254,212
 17400,0,10254,1169,848,1904,2379,529,10204,9941,0,0,519,1365,0,2627,1288,640,1149,103,410,0,0,0,1246,9848,208,208,0,105,0,1254,212
 17405,0,10259,1169,848,1904,2379,529,10204,9941,0,0,519,1365,0,2627,1288,640,1149,103,410,0,0,0,1246,9848,208,208,0,105,0,1254,212
 17410,0,10264,1169,848,1904,2379,529,10204,9941,0,0,519,1365,0,2627,1288,640,1149,103,410,0,0,0,1246,9848,208,208,0,105,0,1254,212
 17415,0,10269,1169,848,1904,2379,529,10204,9943,0,0,519,1365,0,2627,1288,640,1149,103,410,0,0,0,1246,9847,208,208,0,105,0,1254,212
 17420,0,10274,1169,848,1904,2379,529,10204,9948,0,0,519,1365,0,2627,1288,640,1149,103,410,0,0,0,1246,9852,208,208,0,105,0,1254,212
 17425,0,10279,1169,848,1904,2379,529,10204,9953,0,0,519,1365,0,2627,1288,640,1149,103,410,0,0,0,1246,9857,208,208,0,105,0,1254,212
 17430,0,10284,1169,848,1904,2379,529,10204,9958,0,0,519,1365,0,2627,1288,640,1149,103,410,0,0,0,1246,9862,208,208,0,105,0,1254,212
 17435,0,10289,1169,848,1904,2379,529,10204,9963,0,0,519,1365,0,2627,1288,640,1149,103,410,0,0,0,1246,9867,208,208,0,105,0,1254,212
 17440,0,10294,1169,848,1904,2379,529,10204,9968,0,0,519,1365,0,2627,1288,640,1149,103,410,0,0,0,1246,9872,208,208,0,105,0,1254,212
 17445,0,10299,1169,848,1904,2379,529,10204,9973,0,0,519,1365,0,2627,1288,640,1149,103,410,0,0,0,1246,9877,208,208,0,105,0,1254,212
 17450,0,10299,1169,848,1904,2379,529,10204,9978,0,0,519,1365,0,2627,1288,640,1149,103,410,0,0,0,1246,9882,208,208,0,105,0,1254,212
 17455,0,10299,1169,848,1904,2379,529,10204,9983,0,0,519,1365,0,2627,1288,640,1149,103,410,0,0,0,1246,9887,208,208,0,105,0,1254,212
 17460,0,10299,1169,848,1904,2379,529,10203,9988,0,0,519,1365,0,2627,1288,640,1149,103,410,0,0,0,1246,9892,208,208,0,105,0,1254,212
 17465,0,10299,1169,848,1904,2379,529,10208,9993,0,0,519,1365,0,2627,1288,640,1149,103,410,0,0,0,1246,9897,208,208,0,105,0,1254,212
 17470,0,10299,1169,848,1904,2379,529,10213,9998,0,0,519,1365,0,2627,1288,640,1149,103,410,0,0,0,1246,9902,208,208,0,105,0,1254,212
 17475,0,10299,1169,848,1904,2379,529,10218,10003,0,0,519,1365,0,2627,1288,640,1149,103,410,0,0,0,1246,9907,208,208,0,105,0,1254,212
 17480,0,10299,1169,848,1904,2379,529,10223,10008,0,0,519,1365,0,2627,1288,640,1149,103,410,0,0,0,1246,9912,208,208,0,105,0,1254,212
 17485,0,10299,1169,848,1904,2379,529,10228,10013,0,0,519,1365,0,2627,1288,640,1149,103,410,0,0,0,1246,9917,208,208,0,105,0,1254,212
 17490,0,10299,1169,848,1904,2379,529,10233,10018,0,0,519,1365,0,2627,1288,640,1149,103,410,0,0,0,1246,9922,208,208,0,105,0,1254,212
 17495,0,10299,1169,848,1904,2379,529,10238,10023,0,0,519,1365,0,2627,1288,640,1149,103,410,0,0,0,1246,9927,208,208,0,105,0,1254,212
 17500,0,10299,1169,848,1904,2379,529,10243,10028,0,0,519,1365,0,2627,1288,640,1149,103,410,0,0,0,1246,9932,208,208,0,105,0,1254,212
 17505,0,10299,1169,848,1904,2379,529,10248,10033,0,0,519,1365,0,2627,1288,640,1149,103,410,0,0,0,1246,9937,208,208,0,105,0,1254,212
 17510,0,10299,1169,848,1904,2379,529,10253,10038,0,0,519,1365,0,2627,1288,640,1149,103,410,0,0,0,1246,9942,208,208,0,105,0,1254,212
 17515,0,10299,1169,848,1904,2379,529,10258,10043,0,0,519,1365,0,2627,1288,640,1149,103,410,0,0,0,1246,9947,208,208,0,105,0,1254,212
 17520,0,10299,1169,848,1904,2379,529,10263,10048,0,0,519,1365,0,2627,1288,640,1149,103,410,0,0,0,1246,9953,208,208,0,105,0,1254,212
 17525,0,10299,1169,848,1904,2379,529,10268,10048,0,0,519,1365,0,2627,1288,640,1149,103,410,0,0,0,1246,9953,208,208,0,105,0,1254,212
 17530,0,10299,1169,848,1904,2379,529,10273,10048,0,0,519,1365,0,2627,1288,640,1149,103,410,0,0,0,1246,9953,208,208,0,105,0,1254,212
 17535,0,10299,1169,848,1904,2379,529,10278,10048,0,0,519,1365,0,2627,1288,640,1149,103,410,0,0,0,1246,9953,208,208,0,105,0,1254,212
 17540,0,10299,1169,848,1904,2379,529,10283,10048,0,0,519,1365,0,2627,1288,640,1149,103,410,0,0,0,1246,9953,208,208,0,105,0,1254,212
 17545,0,10299,1169,848,1904,2379,529,10288,10048,0,0,519,1365,0,2627,1288,640,1149,103,410,0,0,0,1246,9953,208,208,0,105,0,1254,212
 17550,0,10299,1169,848,1904,2379,529,10293,10048,0,0,519,1365,0,2627,1288,640,1149,103,410,0,0,0,1246,9953,208,208,0,105,0,1254,212
 17555,0,10299,1169,848,1904,2379,529,10298,10048,0,0,519,1365,0,2627,1288,640,1149,103,410,0,0,0,1246,9953,208,208,0,105,0,1254,212
 17560,0,10299,1169,848,1904,2379,529,10303,10048,0,0,519,1365,0,2627,1288,640,1149,103,410,0,0,0,1246,9953,208,208,0,105,0,1254,212
 17565,0,10299,1169,848,1904,2379,529,10307,10048,0,0,519,1365,0,2627,1288,640,1149,103,410,0,0,0,1246,9953,208,208,0,105,0,1254,212
 17570,0,10299,1169,848,1904,2379,529,10307,10048,0,0,519,1365,0,2627,1288,640,1149,103,410,0,0,0,1246,9953,208,208,0,105,0,1254,212
 17575,0,10299,1169,848,1904,2379,529,10307,10048,0,0,519,1365,0,2627,1288,640,1149,103,410,0,0,0,1246,9953,208,208,0,105,0,1254,212
 17580,0,10299,1169,848,1904,2379,529,10307,10048,0,0,519,1365,0,2627,1288,640,1149,103,410,0,0,0,1246,9953,208,208,0,105,0,1254,212
 17585,0,10299,1169,848,1904,2379,529,10307,10048,0,0,519,1365,0,2627,1288,640,1149,103,410,0,0,0,1246,9953,208,208,0,105,0,1254,212
 17590,0,10299,1169,848,1904,2379,529,10307,10048,0,0,519,1365,0,2627,1288,640,1149,103,410,0,0,0,1246,9953,208,208,0,105,0,1254,212
 17595,0,10299,1169,848,1904,2379,529,10307,10048,0,0,519,1365,0,2627,1288,640,1149,103,410,0,0,0,1246,9953,208,208,0,105,0,1254,212
 17600,0,10299,1169,848,1904,2379,529,10307,10048,0,0,519,1365,0,2627,1288,640,1149,103,410,0,0,0,1246,9953,208,208,0,105,0,1254,212
 17605,0,10299,1169,848,1904,2379,529,10307,10048,0,0,519,1365,0,2627,1288,640,1149,103,410,0,0,0,1246,9953,208,208,0,105,0,1254,212
 17610,0,10299,1169,848,1904,2379,529,10307,10048,0,0,519,1365,0,2627,1288,640,1149,103,410,0,0,0,1246,9953,208,208,0,105,0,1254,212
 17615,0,10299,1169,848,1904,2379,529,10307,10048,0,0,519,1365,0,2627,1288,640,1149,103,410,0,0,0,1246,9953,208,208,0,105,0,1254,212
 17620,0,10299,1169,848,1904,2379,529,10307,10048,0,0,519,1365,0,2627,1288,640,1149,103,410,0,0,0,1246,9953,208,208,0,105,0,1254,212
 17625,0,10299,1169,848,1904,2379,529,10307,10048,0,0,519,1365,0,2627,1288,640,1149,103,410,0,0,0,1246,9953,208,208,0,105,0,1254,212
 17630,0,10299,1169,848,1904,2379,529,10307,10050,0,0,519,1365,0,2627,1288,640,1149,103,410,0,0,0,1246,9953,208,208,0,105,0,1254,212
 17635,0,10299,1169,848,1904,2379,529,10307,10055,0,0,519,1365,0,2627,1288,640,1149,103,410,0,0,0,1246,9953,208,208,0,105,0,1254,212
 17640,0,10299,1169,848,1904,2379,529,10307,10060,0,0,519,1365,0,2627,1288,640,1149,103,410,0,0,0,1246,9953,208,208,0,105,0,1254,212
 17645,0,10301,1169,848,1904,2379,529,10307,10065,0,0,519,1365,0,2627,1288,640,1149,103,410,0,0,0,1246,9953,208,208,0,105,0,1254,212
 17650,0,10306,1169,848,1904,2379,529,10307,10070,0,0,519,1365,0,2627,1288,640,1149,103,410,0,0,0,1246,9953,208,208,0,105,0,1254,212
 17655,0,10311,1169,848,1904,2379,529,10310,10075,0,0,519,1365,0,2627,1288,640,1149,103,410,0,0,0,1246,9953,208,208,0,105,0,1254,212
 17660,0,10316,1169,848,1904,2379,529,10315,10080,0,0,519,1365,0,2627,1288,640,1149,103,410,0,0,0,1246,9953,208,208,0,105,0,1254,212
 17665,0,10321,1169,848,1904,2379,529,10320,10085,0,0,519,1365,0,2627,1288,640,1149,103,410,0,0,0,1246,9953,208,208,0,105,0,1254,212
 17670,0,10326,1169,848,1904,2379,529,10325,10090,0,0,519,1365,0,2627,1288,640,1149,103,410,0,0,0,1246,9953,208,208,0,105,0,1254,212
 17675,0,10331,1169,848,1904,2379,529,10330,10095,0,0,519,1365,0,2627,1288,640,1149,103,410,0,0,0,1246,9953,208,208,0,105,0,1254,212
 17680,0,10336,1169,848,1904,2379,529,10335,10100,0,0,519,1365,0,2627,1288,640,1149,103,410,0,0,0,1246,9953,208,208,0,105,0,1254,212
 17685,0,10341,1169,848,1904,2379,529,10340,10105,0,0,519,1365,0,2627,1288,640,1149,103,410,0,0,0,1246,9954,208,208,0,105,0,1254,212
 17690,0,10346,1169,848,1904,2379,529,10345,10110,0,0,519,1365,0,2627,1288,640,1149,103,410,0,0,0,1246,9959,208,208,0,105,0,1254,212
 17695,0,10351,1169,848,1904,2379,529,10350,10115,0,0,519,1365,0,2627,1288,640,1149,103,410,0,0,0,1246,9964,208,208,0,105,0,1254,212
 17700,0,10356,1169,848,1904,2379,529,10355,10120,0,0,519,1365,0,2627,1288,640,1149,103,410,0,0,0,1246,9969,208,208,0,105,0,1254,212
 17705,0,10361,1169,848,1904,2379,529,10360,10125,0,0,519,1365,0,2627,1288,640,1149,103,410,0,0,0,1246,9974,208,208,0,105,0,1254,212
 17710,0,10366,1169,848,1904,2379,529,10365,10130,0,0,519,1365,0,2627,1288,640,1149,103,410,0,0,0,1246,9979,208,208,0,105,0,1254,212
 17715,0,10371,1169,848,1904,2379,529,10370,10135,0,0,519,1365,0,2627,1288,640,1149,103,410,0,0,0,1246,9984,208,208,0,105,0,1254,212
 17720,0,10376,1169,848,1904,2379,529,10375,10140,0,0,519,1365,0,2627,1288,640,1149,103,410,0,0,0,1246,9989,208,208,0,105,0,1254,212
 17725,0,10381,1169,848,1904,2379,529,10380,10145,0,0,519,1365,0,2627,1288,640,1149,103,410,0,0,0,1246,9994,208,208,0,105,0,1254,212
 17730,0,10386,1169,848,1904,2379,529,10385,10150,0,0,519,1365,0,2627,1288,640,1149,103,410,0,0,0,1246,9999,208,208,0,105,0,1254,212
 17735,0,10391,1169,848,1904,2379,529,10390,10153,0,0,519,1365,0,2627,1288,640,1149,103,410,0,0,0,1246,10004,208,208,0,105,0,1254,212
 17740,0,10396,1169,848,1904,2379,529,10395,10153,0,0,519,1365,0,2627,1288,640,1149,103,410,0,0,0,1246,10009,208,208,0,105,0,1254,212
 17745,0,10401,1169,848,1904,2379,529,10400,10153,0,0,519,1365,0,2627,1288,640,1149,103,410,0,0,0,1246,10014,208,208,0,105,0,1254,212
 17750,0,10406,1169,848,1904,2379,529,10405,10153,0,0,519,1365,0,2627,1288,640,1149,103,410,0,0,0,1246,10019,208,208,0,105,0,1254,212
 17755,0,10406,1169,848,1904,2379,529,10410,10153,0,0,519,1365,0,2627,1288,640,1149,103,410,0,0,0,1246,10024,208,208,0,105,0,1254,212
 17760,0,10406,1169,848,1904,2379,529,10414,10153,0,0,519,1365,0,2627,1288,640,1149,103,410,0,0,0,1246,10029,208,208,0,105,0,1254,212
 17765,0,10406,1169,848,1904,2379,529,10414,10153,0,0,519,1365,0,2627,1288,640,1149,103,410,0,0,0,1246,10034,208,208,0,105,0,1254,212
 17770,0,10406,1169,848,1904,2379,529,10414,10153,0,0,519,1365,0,2627,1288,640,1149,103,410,0,0,0,1246,10039,208,208,0,105,0,1254,212
 17775,0,10406,1169,848,1904,2379,529,10414,10153,0,0,519,1365,0,2627,1288,640,1149,103,410,0,0,0,1246,10044,208,208,0,105,0,1254,212
 17780,0,10406,1169,848,1904,2379,529,10414,10153,0,0,519,1365,0,2627,1288,640,1149,103,410,0,0,0,1246,10049,208,208,0,105,0,1254,212
 17785,0,10406,1169,848,1904,2379,529,10414,10153,0,0,519,1365,0,2627,1288,640,1149,103,410,0,0,0,1246,10054,208,208,0,105,0,1254,212
 17790,0,10408,1169,848,1904,2379,529,10414,10153,0,0,519,1365,0,2627,1288,640,1149,103,410,0,0,0,1246,10058,208,208,0,105,0,1254,212
 17795,0,10413,1169,848,1904,2379,529,10414,10153,0,0,519,1365,0,2627,1288,640,1149,103,410,0,0,0,1246,10058,208,208,0,105,0,1254,212
 17800,0,10418,1169,848,1904,2379,529,10414,10153,0,0,519,1365,0,2627,1288,640,1149,103,410,0,0,0,1246,10058,208,208,0,105,0,1254,212
 17805,0,10423,1169,848,1904,2379,529,10414,10153,0,0,519,1365,0,2627,1288,640,1149,103,410,0,0,0,1246,10058,208,208,0,105,0,1254,212
 17810,0,10428,1169,848,1904,2379,529,10414,10153,0,0,519,1365,0,2627,1288,640,1149,103,410,0,0,0,1246,10058,208,208,0,105,0,1254,212
 17815,0,10433,1169,848,1904,2379,529,10414,10155,0,0,519,1365,0,2627,1288,640,1149,103,410,0,0,0,1246,10058,208,208,0,105,0,1254,212
 17820,0,10438,1169,848,1904,2379,529,10414,10160,0,0,519,1365,0,2627,1288,640,1149,103,410,0,0,0,1246,10058,208,208,0,105,0,1254,212
 17825,0,10443,1169,848,1904,2379,529,10414,10165,0,0,519,1365,0,2627,1288,640,1149,103,410,0,0,0,1246,10058,208,208,0,105,0,1254,212
 17830,0,10448,1169,848,1904,2379,529,10414,10170,0,0,519,1365,0,2627,1288,640,1149,103,410,0,0,0,1246,10058,208,208,0,105,0,1254,212
 17835,0,10453,1169,848,1904,2379,529,10414,10175,0,0,519,1365,0,2627,1288,640,1149,103,410,0,0,0,1246,10058,208,208,0,105,0,1254,212
 17840,0,10458,1169,848,1904,2379,529,10414,10180,0,0,519,1365,0,2627,1288,640,1149,103,410,0,0,0,1246,10063,208,208,0,105,0,1254,212
 17845,0,10463,1169,848,1904,2379,529,10414,10185,0,0,519,1365,0,2627,1288,640,1149,103,410,0,0,0,1246,10068,208,208,0,105,0,1254,212
 17850,0,10468,1169,848,1904,2379,529,10414,10190,0,0,519,1365,0,2627,1288,640,1149,103,410,0,0,0,1246,10073,208,208,0,105,0,1254,212
 17855,0,10473,1169,848,1904,2379,529,10415,10195,0,0,519,1365,0,2627,1288,640,1149,103,410,0,0,0,1246,10078,208,208,0,105,0,1254,212
 17860,0,10478,1169,848,1904,2379,529,10420,10200,0,0,519,1365,0,2627,1288,640,1149,103,410,0,0,0,1246,10083,208,208,0,105,0,1254,212
 17865,0,10483,1169,848,1904,2379,529,10425,10205,0,0,519,1365,0,2627,1288,640,1149,103,410,0,0,0,1246,10088,208,208,0,105,0,1254,212
 17870,0,10488,1169,848,1904,2379,529,10430,10210,0,0,519,1365,0,2627,1288,640,1149,103,410,0,0,0,1246,10093,208,208,0,105,0,1254,212
 17875,0,10493,1169,848,1904,2379,529,10435,10215,0,0,519,1365,0,2627,1288,640,1149,103,410,0,0,0,1246,10098,208,208,0,105,0,1254,212
 17880,0,10498,1169,848,1904,2379,529,10440,10220,0,0,519,1365,0,2627,1288,640,1149,103,410,0,0,0,1246,10103,208,208,0,105,0,1254,212
 17885,0,10503,1169,848,1904,2379,529,10445,10225,0,0,519,1365,0,2627,1288,640,1149,103,410,0,0,0,1246,10108,208,208,0,105,0,1254,212
 17890,0,10509,1169,848,1904,2379,529,10450,10230,0,0,519,1365,0,2627,1288,640,1149,103,410,0,0,0,1246,10113,208,208,0,105,0,1254,212
 17895,0,10509,1169,848,1904,2379,529,10455,10235,0,0,519,1365,0,2627,1288,640,1149,103,410,0,0,0,1246,10118,208,208,0,105,0,1254,212
 17900,0,10509,1169,848,1904,2379,529,10460,10240,0,0,519,1365,0,2627,1288,640,1149,103,410,0,0,0,1246,10123,208,208,0,105,0,1254,212
 17905,0,10509,1169,848,1904,2379,529,10465,10245,0,0,519,1365,0,2627,1288,640,1149,103,410,0,0,0,1246,10128,208,208,0,105,0,1254,212
 17910,0,10509,1169,848,1904,2379,529,10470,10250,0,0,519,1365,0,2627,1288,640,1149,103,410,0,0,0,1246,10133,208,208,0,105,0,1254,212
 17915,0,10509,1169,848,1904,2379,529,10475,10256,0,0,519,1365,0,2627,1288,640,1149,103,410,0,0,0,1246,10138,208,208,0,105,0,1254,212
 17920,0,10509,1169,848,1904,2379,529,10480,10256,0,0,519,1365,0,2627,1288,640,1149,103,410,0,0,0,1246,10143,208,208,0,105,0,1254,212
 17925,0,10509,1169,848,1904,2379,529,10485,10256,0,0,519,1365,0,2627,1288,640,1149,103,410,0,0,0,1246,10148,208,208,0,105,0,1254,212
 17930,0,10509,1169,848,1904,2379,529,10490,10256,0,0,519,1365,0,2627,1288,640,1149,103,410,0,0,0,1246,10153,208,208,0,105,0,1254,212
 17935,0,10509,1169,848,1904,2379,529,10495,10256,0,0,519,1365,0,2627,1288,640,1149,103,410,0,0,0,1246,10159,208,208,0,105,0,1254,212
 17940,0,10509,1169,848,1904,2379,529,10500,10256,0,0,519,1365,0,2627,1288,640,1149,103,410,0,0,0,1246,10159,208,208,0,105,0,1254,212
 17945,0,10509,1169,848,1904,2379,529,10505,10256,0,0,519,1365,0,2627,1288,640,1149,103,410,0,0,0,1246,10159,208,208,0,105,0,1254,212
 17950,0,10509,1169,848,1904,2379,529,10510,10256,0,0,519,1365,0,2627,1288,640,1149,103,410,0,0,0,1246,10159,208,208,0,105,0,1254,212
 17955,0,10511,1169,848,1904,2379,529,10515,10256,0,0,519,1365,0,2627,1288,640,1149,103,410,0,0,0,1246,10159,208,208,0,105,0,1254,212
 17960,0,10516,1169,848,1904,2379,529,10519,10256,0,0,519,1365,0,2627,1288,640,1149,103,410,0,0,0,1246,10159,208,208,0,105,0,1254,212
 17965,0,10521,1169,848,1904,2379,529,10519,10256,0,0,519,1365,0,2627,1288,640,1149,103,410,0,0,0,1246,10159,208,208,0,105,0,1254,212
 17970,0,10526,1169,848,1904,2379,529,10519,10256,0,0,519,1365,0,2627,1288,640,1149,103,410,0,0,0,1246,10159,208,208,0,105,0,1254,212
 17975,0,10531,1169,848,1904,2379,529,10519,10256,0,0,519,1365,0,2627,1288,640,1149,103,410,0,0,0,1246,10159,208,208,0,105,0,1254,212
 17980,0,10536,1169,848,1904,2379,529,10519,10256,0,0,519,1365,0,2627,1288,640,1149,103,410,0,0,0,1246,10159,208,208,0,105,0,1254,212
 17985,0,10541,1169,848,1904,2379,529,10519,10256,0,0,519,1365,0,2627,1288,640,1149,103,410,0,0,0,1246,10159,208,208,0,105,0,1254,212
 17990,0,10546,1169,848,1904,2379,529,10519,10256,0,0,519,1365,0,2627,1288,640,1149,103,410,0,0,0,1246,10159,208,208,0,105,0,1254,212
 17995,0,10551,1169,848,1904,2379,529,10519,10256,0,0,519,1365,0,2627,1288,640,1149,103,410,0,0,0,1246,10159,208,208,0,105,0,1254,212
 18000,0,10556,1169,848,1904,2379,529,10519,10256,0,0,519,1365,0,2627,1288,640,1149,103,410,0,0,0,1246,10159,208,208,0,105,0,1254,212
 18005,0,10561,1169,848,1904,2379,529,10519,10256,0,0,519,1365,0,2627,1288,640,1149,103,410,0,0,0,1246,10159,208,208,0,105,0,1254,212
 18010,0,10566,1169,848,1904,2379,529,10519,10256,0,0,519,1365,0,2627,1288,640,1149,103,410,0,0,0,1246,10159,208,208,0,105,0,1254,212
 18015,0,10571,1169,848,1904,2379,529,10519,10256,0,0,519,1365,0,2627,1288,640,1149,103,410,0,0,0,1246,10159,208,208,0,105,0,1254,212
 18020,0,10576,1169,848,1904,2379,529,10519,10256,0,0,519,1365,0,2627,1288,640,1149,103,410,0,0,0,1246,10159,208,208,0,105,0,1254,212
 18025,0,10581,1169,848,1904,2379,529,10519,10256,0,0,519,1365,0,2627,1288,640,1149,103,410,0,0,0,1246,10159,208,208,0,105,0,1254,212
 18030,0,10586,1169,848,1904,2379,529,10519,10256,0,0,519,1365,0,2627,1288,640,1149,103,410,0,0,0,1246,10162,208,208,0,105,0,1254,212
 18035,0,10591,1169,848,1904,2379,529,10518,10261,0,0,519,1365,0,2627,1288,640,1149,103,410,0,0,0,1246,10167,208,208,0,105,0,1254,212
 18040,0,10596,1169,848,1904,2379,529,10523,10266,0,0,519,1365,0,2627,1288,640,1149,103,410,0,0,0,1246,10172,208,208,0,105,0,1254,212
 18045,0,10601,1169,848,1904,2379,529,10528,10271,0,0,519,1365,0,2627,1288,640,1149,103,410,0,0,0,1246,10177,208,208,0,105,0,1254,212
 18050,0,10606,1169,848,1904,2379,529,10533,10276,0,0,519,1365,0,2627,1288,640,1149,103,410,0,0,0,1246,10182,208,208,0,105,0,1254,212
 18055,0,10611,1169,848,1904,2379,529,10538,10281,0,0,519,1365,0,2627,1288,640,1149,103,410,0,0,0,1246,10187,208,208,0,105,0,1254,212
 18060,0,10614,1169,848,1904,2379,529,10543,10286,0,0,519,1365,0,2627,1288,640,1149,103,410,0,0,0,1246,10192,208,208,0,105,0,1254,212
 18065,0,10614,1169,848,1904,2379,529,10548,10291,0,0,519,1365,0,2627,1288,640,1149,103,410,0,0,0,1246,10197,208,208,0,105,0,1254,212
 18070,0,10614,1169,848,1904,2379,529,10553,10296,0,0,519,1365,0,2627,1288,640,1149,103,410,0,0,0,1246,10202,208,208,0,105,0,1254,212
 18075,0,10614,1169,848,1904,2379,529,10558,10301,0,0,519,1365,0,2627,1288,640,1149,103,410,0,0,0,1246,10207,208,208,0,105,0,1254,212
 18080,0,10614,1169,848,1904,2379,529,10563,10306,0,0,519,1365,0,2627,1288,640,1149,103,410,0,0,0,1246,10212,208,208,0,105,0,1254,212
 18085,0,10614,1169,848,1904,2379,529,10568,10311,0,0,519,1365,0,2627,1288,640,1149,103,410,0,0,0,1246,10217,208,208,0,105,0,1254,212
 18090,0,10614,1169,848,1904,2379,529,10573,10316,0,0,519,1365,0,2627,1288,640,1149,103,410,0,0,0,1246,10222,208,208,0,105,0,1254,212
 18095,0,10614,1169,848,1904,2379,529,10578,10321,0,0,519,1365,0,2627,1288,640,1149,103,410,0,0,0,1246,10227,208,208,0,105,0,1254,212
 18100,0,10614,1169,848,1904,2379,529,10583,10326,0,0,519,1365,0,2627,1288,640,1149,103,410,0,0,0,1246,10232,208,208,0,105,0,1254,212
 18105,0,10614,1169,848,1904,2379,529,10588,10331,0,0,519,1365,0,2627,1288,640,1149,103,410,0,0,0,1246,10237,208,208,0,105,0,1254,212
 18110,0,10614,1169,848,1904,2379,529,10593,10336,0,0,519,1365,0,2627,1288,640,1149,103,410,0,0,0,1246,10242,208,208,0,105,0,1254,212
 18115,0,10614,1169,848,1904,2379,529,10598,10341,0,0,519,1365,0,2627,1288,640,1149,103,410,0,0,0,1246,10247,208,208,0,105,0,1254,212
 18120,0,10614,1169,848,1904,2379,529,10603,10346,0,0,519,1365,0,2627,1288,640,1149,103,410,0,0,0,1246,10252,208,208,0,105,0,1254,212
 18125,0,10614,1169,848,1904,2379,529,10608,10351,0,0,519,1365,0,2627,1288,640,1149,103,410,0,0,0,1246,10257,208,208,0,105,0,1254,212
 18130,0,10614,1169,848,1904,2379,529,10613,10356,0,0,519,1365,0,2627,1288,640,1149,103,410,0,0,0,1246,10262,208,208,0,105,0,1254,212
 18135,0,10615,1169,848,1904,2379,529,10618,10359,0,0,519,1365,0,2627,1288,640,1149,103,410,0,0,0,1246,10264,208,208,0,105,0,1254,212
 18140,0,10620,1169,848,1904,2379,529,10622,10359,0,0,519,1365,0,2627,1288,640,1149,103,410,0,0,0,1246,10264,208,208,0,105,0,1254,212
 18145,0,10625,1169,848,1904,2379,529,10622,10359,0,0,519,1365,0,2627,1288,640,1149,103,410,0,0,0,1246,10264,208,208,0,105,0,1254,212
 18150,0,10630,1169,848,1904,2379,529,10622,10359,0,0,519,1365,0,2627,1288,640,1149,103,410,0,0,0,1246,10264,208,208,0,105,0,1254,212
 18155,0,10635,1169,848,1904,2379,529,10622,10359,0,0,519,1365,0,2627,1288,640,1149,103,410,0,0,0,1246,10264,208,208,0,105,0,1254,212
 18160,0,10640,1169,848,1904,2379,529,10622,10359,0,0,519,1365,0,2627,1288,640,1149,103,410,0,0,0,1246,10264,208,208,0,105,0,1254,212
 18165,0,10645,1169,848,1904,2379,529,10622,10359,0,0,519,1365,0,2627,1288,640,1149,103,410,0,0,0,1246,10264,208,208,0,105,0,1254,212
 18170,0,10650,1169,848,1904,2379,529,10622,10359,0,0,519,1365,0,2627,1288,640,1149,103,410,0,0,0,1246,10264,208,208,0,105,0,1254,212
 18175,0,10655,1169,848,1904,2379,529,10622,10359,0,0,519,1365,0,2627,1288,640,1149,103,410,0,0,0,1246,10264,208,208,0,105,0,1254,212
 18180,0,10660,1169,848,1904,2379,529,10622,10359,0,0,519,1365,0,2627,1288,640,1149,103,410,0,0,0,1246,10264,208,208,0,105,0,1254,212
 18185,0,10665,1169,848,1904,2379,529,10622,10359,0,0,519,1365,0,2627,1288,640,1149,103,410,0,0,0,1246,10264,208,208,0,105,0,1254,212
 18190,0,10670,1169,848,1904,2379,529,10622,10359,0,0,519,1365,0,2627,1288,640,1149,103,410,0,0,0,1246,10264,208,208,0,105,0,1254,212
 18195,0,10675,1169,848,1904,2379,529,10622,10359,0,0,519,1365,0,2627,1288,640,1149,103,410,0,0,0,1246,10264,208,208,0,105,0,1254,212
 18200,0,10680,1169,848,1904,2379,529,10622,10359,0,0,519,1365,0,2627,1288,640,1149,103,410,0,0,0,1246,10264,208,208,0,105,0,1254,212
 18205,0,10685,1169,848,1904,2379,529,10622,10359,0,0,519,1365,0,2627,1288,640,1149,103,410,0,0,0,1246,10264,208,208,0,105,0,1254,212
 18210,0,10690,1169,848,1904,2379,529,10622,10359,0,0,519,1365,0,2627,1288,640,1149,103,410,0,0,0,1246,10264,208,208,0,105,0,1254,212
 18215,0,10695,1169,848,1904,2379,529,10622,10359,0,0,519,1365,0,2627,1288,640,1149,103,410,0,0,0,1246,10264,208,208,0,105,0,1254,212
 18220,0,10700,1169,848,1904,2379,529,10622,10359,0,0,519,1365,0,2627,1288,640,1149,103,410,0,0,0,1246,10264,208,208,0,105,0,1254,212
 18225,0,10705,1169,848,1904,2379,529,10622,10359,0,0,519,1365,0,2627,1288,640,1149,103,410,0,0,0,1246,10264,208,208,0,105,0,1254,212
 18230,0,10710,1169,848,1904,2379,529,10622,10359,0,0,519,1365,0,2627,1288,640,1149,103,410,0,0,0,1246,10264,208,208,0,105,0,1254,212
 18235,0,10715,1169,848,1904,2379,529,10622,10359,0,0,519,1365,0,2627,1288,640,1149,103,410,0,0,0,1246,10264,208,208,0,105,0,1254,212
 18240,0,10721,1169,848,1904,2379,529,10622,10359,0,0,519,1365,0,2627,1288,640,1149,103,410,0,0,0,1246,10264,208,208,0,105,0,1254,212
 18245,0,10721,1169,848,1904,2379,529,10622,10359,0,0,519,1365,0,2627,1288,640,1149,103,410,0,0,0,1246,10264,208,208,0,105,0,1254,212
 18250,0,10721,1169,848,1904,2379,529,10622,10359,0,0,519,1365,0,2627,1288,640,1149,103,410,0,0,0,1246,10264,208,208,0,105,0,1254,212
 18255,0,10721,1169,848,1904,2379,529,10622,10359,0,0,519,1365,0,2627,1288,640,1149,103,410,0,0,0,1246,10264,208,208,0,105,0,1254,212
 18260,0,10721,1169,848,1904,2379,529,10622,10359,0,0,519,1365,0,2627,1288,640,1149,103,410,0,0,0,1246,10264,208,208,0,105,0,1254,212
 18265,0,10721,1169,848,1904,2379,529,10621,10359,0,0,519,1365,0,2627,1288,640,1149,103,410,0,0,0,1246,10264,208,208,0,105,0,1254,212
 18270,0,10721,1169,848,1904,2379,529,10626,10359,0,0,519,1365,0,2627,1288,640,1149,103,410,0,0,0,1246,10264,208,208,0,105,0,1254,212
 18275,0,10721,1169,848,1904,2379,529,10631,10359,0,0,519,1365,0,2627,1288,640,1149,103,410,0,0,0,1246,10264,208,208,0,105,0,1254,212
 18280,0,10721,1169,848,1904,2379,529,10636,10359,0,0,519,1365,0,2627,1288,640,1149,103,410,0,0,0,1246,10264,208,208,0,105,0,1254,212
 18285,0,10721,1169,848,1904,2379,529,10641,10359,0,0,519,1365,0,2627,1288,640,1149,103,410,0,0,0,1246,10264,208,208,0,105,0,1254,212
 18290,0,10721,1169,848,1904,2379,529,10646,10359,0,0,519,1365,0,2627,1288,640,1149,103,410,0,0,0,1246,10264,208,208,0,105,0,1254,212
 18295,0,10722,1169,848,1904,2379,529,10651,10359,0,0,519,1365,0,2627,1288,640,1149,103,410,0,0,0,1246,10264,208,208,0,105,0,1254,212
 18300,0,10727,1169,848,1904,2379,529,10656,10359,0,0,519,1365,0,2627,1288,640,1149,103,410,0,0,0,1246,10264,208,208,0,105,0,1254,212
 18305,0,10732,1169,848,1904,2379,529,10661,10359,0,0,519,1365,0,2627,1288,640,1149,103,410,0,0,0,1246,10269,208,208,0,105,0,1254,212
 18310,0,10737,1169,848,1904,2379,529,10666,10359,0,0,519,1365,0,2627,1288,640,1149,103,410,0,0,0,1246,10274,208,208,0,105,0,1254,212
 18315,0,10742,1169,848,1904,2379,529,10671,10359,0,0,519,1365,0,2627,1288,640,1149,103,410,0,0,0,1246,10279,208,208,0,105,0,1254,212
 18320,0,10747,1169,848,1904,2379,529,10676,10359,0,0,519,1365,0,2627,1288,640,1149,103,410,0,0,0,1246,10284,208,208,0,105,0,1254,212
 18325,0,10752,1169,848,1904,2379,529,10681,10361,0,0,519,1365,0,2627,1288,640,1149,103,410,0,0,0,1246,10289,208,208,0,105,0,1254,212
 18330,0,10757,1169,848,1904,2379,529,10686,10366,0,0,519,1365,0,2627,1288,640,1149,103,410,0,0,0,1246,10294,208,208,0,105,0,1254,212
 18335,0,10762,1169,848,1904,2379,529,10691,10371,0,0,519,1365,0,2627,1288,640,1149,103,410,0,0,0,1246,10299,208,208,0,105,0,1254,212
 18340,0,10767,1169,848,1904,2379,529,10696,10376,0,0,519,1365,0,2627,1288,640,1149,103,410,0,0,0,1246,10304,208,208,0,105,0,1254,212
 18345,0,10772,1169,848,1904,2379,529,10701,10381,0,0,519,1365,0,2627,1288,640,1149,103,410,0,0,0,1246,10309,208,208,0,105,0,1254,212
 18350,0,10777,1169,848,1904,2379,529,10706,10386,0,0,519,1365,0,2627,1288,640,1149,103,410,0,0,0,1246,10314,208,208,0,105,0,1254,212
 18355,0,10782,1169,848,1904,2379,529,10711,10391,0,0,519,1365,0,2627,1288,640,1149,103,410,0,0,0,1246,10319,208,208,0,105,0,1254,212
 18360,0,10787,1169,848,1904,2379,529,10716,10396,0,0,519,1365,0,2627,1288,640,1149,103,410,0,0,0,1246,10324,208,208,0,105,0,1254,212
 18365,0,10792,1169,848,1904,2379,529,10721,10401,0,0,519,1365,0,2627,1288,640,1149,103,410,0,0,0,1246,10329,208,208,0,105,0,1254,212
 18370,0,10797,1169,848,1904,2379,529,10723,10406,0,0,519,1365,0,2627,1288,640,1149,103,410,0,0,0,1246,10334,208,208,0,105,0,1254,212
 18375,0,10802,1169,848,1904,2379,529,10723,10411,0,0,519,1365,0,2627,1288,640,1149,103,410,0,0,0,1246,10339,208,208,0,105,0,1254,212
 18380,0,10807,1169,848,1904,2379,529,10723,10416,0,0,519,1365,0,2627,1288,640,1149,103,410,0,0,0,1246,10344,208,208,0,105,0,1254,212
 18385,0,10812,1169,848,1904,2379,529,10723,10421,0,0,519,1365,0,2627,1288,640,1149,103,410,0,0,0,1246,10349,208,208,0,105,0,1254,212
 18390,0,10817,1169,848,1904,2379,529,10723,10426,0,0,519,1365,0,2627,1288,640,1149,103,410,0,0,0,1246,10354,208,208,0,105,0,1254,212
 18395,0,10822,1169,848,1904,2379,529,10723,10431,0,0,519,1365,0,2627,1288,640,1149,103,410,0,0,0,1246,10359,208,208,0,105,0,1254,212
 18400,0,10826,1169,848,1904,2379,529,10723,10436,0,0,519,1365,0,2627,1288,640,1149,103,410,0,0,0,1246,10364,208,208,0,105,0,1254,212
 18405,0,10826,1169,848,1904,2379,529,10723,10441,0,0,519,1365,0,2627,1288,640,1149,103,410,0,0,0,1246,10367,208,208,0,105,0,1254,212
 18410,0,10826,1169,848,1904,2379,529,10723,10446,0,0,519,1365,0,2627,1288,640,1149,103,410,0,0,0,1246,10367,208,208,0,105,0,1254,212
 18415,0,10826,1169,848,1904,2379,529,10723,10451,0,0,519,1365,0,2627,1288,640,1149,103,410,0,0,0,1246,10367,208,208,0,105,0,1254,212
 18420,0,10826,1169,848,1904,2379,529,10723,10456,0,0,519,1365,0,2627,1288,640,1149,103,410,0,0,0,1246,10367,208,208,0,105,0,1254,212
 18425,0,10826,1169,848,1904,2379,529,10723,10462,0,0,519,1365,0,2627,1288,640,1149,103,410,0,0,0,1246,10367,208,208,0,105,0,1254,212
 18430,0,10826,1169,848,1904,2379,529,10723,10462,0,0,519,1365,0,2627,1288,640,1149,103,410,0,0,0,1246,10367,208,208,0,105,0,1254,212
 18435,0,10826,1169,848,1904,2379,529,10723,10462,0,0,519,1365,0,2627,1288,640,1149,103,410,0,0,0,1246,10367,208,208,0,105,0,1254,212
 18440,0,10826,1169,848,1904,2379,529,10723,10462,0,0,519,1365,0,2627,1288,640,1149,103,410,0,0,0,1246,10367,208,208,0,105,0,1254,212
 18445,0,10826,1169,848,1904,2379,529,10723,10462,0,0,519,1365,0,2627,1288,640,1149,103,410,0,0,0,1246,10367,208,208,0,105,0,1254,212
 18450,0,10826,1169,848,1904,2379,529,10723,10462,0,0,519,1365,0,2627,1288,640,1149,103,410,0,0,0,1246,10367,208,208,0,105,0,1254,212
 18455,0,10826,1169,848,1904,2379,529,10723,10462,0,0,519,1365,0,2627,1288,640,1149,103,410,0,0,0,1246,10367,208,208,0,105,0,1254,212
 18460,0,10826,1169,848,1904,2379,529,10723,10462,0,0,519,1365,0,2627,1288,640,1149,103,410,0,0,0,1246,10367,208,208,0,105,0,1254,212
 18465,0,10826,1169,848,1904,2379,529,10723,10462,0,0,519,1365,0,2627,1288,640,1149,103,410,0,0,0,1246,10367,208,208,0,105,0,1254,212
 18470,0,10826,1169,848,1904,2379,529,10723,10462,0,0,519,1365,0,2627,1288,640,1149,103,410,0,0,0,1246,10367,208,208,0,105,0,1254,212
 18475,0,10826,1169,848,1904,2379,529,10723,10462,0,0,519,1365,0,2627,1288,640,1149,103,410,0,0,0,1246,10367,208,208,0,105,0,1254,212
 18480,0,10826,1169,848,1904,2379,529,10723,10462,0,0,519,1365,0,2627,1288,640,1149,103,410,0,0,0,1246,10367,208,208,0,105,0,1254,212
 18485,0,10826,1169,848,1904,2379,529,10723,10462,0,0,519,1365,0,2627,1288,640,1149,103,410,0,0,0,1246,10367,208,208,0,105,0,1254,212
 18490,0,10826,1169,848,1904,2379,529,10723,10462,0,0,519,1365,0,2627,1288,640,1149,103,410,0,0,0,1246,10367,208,208,0,105,0,1254,212
 18495,0,10826,1169,848,1904,2379,529,10723,10462,0,0,519,1365,0,2627,1288,640,1149,103,410,0,0,0,1246,10367,208,208,0,105,0,1254,212
 18500,0,10826,1169,848,1904,2379,529,10723,10462,0,0,519,1365,0,2627,1288,640,1149,103,410,0,0,0,1246,10367,208,208,0,105,0,1254,212
 18505,0,10826,1169,848,1904,2379,529,10723,10462,0,0,519,1365,0,2627,1288,640,1149,103,410,0,0,0,1246,10367,208,208,0,105,0,1254,212
 18510,0,10826,1169,848,1904,2379,529,10723,10462,0,0,519,1365,0,2627,1288,640,1149,103,410,0,0,0,1246,10367,208,208,0,105,0,1254,212
 18515,0,10826,1169,848,1904,2379,529,10723,10462,0,0,519,1365,0,2627,1288,640,1149,103,410,0,0,0,1246,10367,208,208,0,105,0,1254,212
 18520,0,10826,1169,848,1904,2379,529,10723,10462,0,0,519,1365,0,2627,1288,640,1149,103,410,0,0,0,1246,10367,208,208,0,105,0,1254,212
 18525,0,10826,1169,848,1904,2379,529,10723,10462,0,0,519,1365,0,2627,1288,640,1149,103,410,0,0,0,1246,10367,208,208,0,105,0,1254,212
 18530,0,10828,1169,848,1904,2379,529,10723,10467,0,0,519,1365,0,2627,1288,640,1149,103,410,0,0,0,1246,10367,208,208,0,105,0,1254,212
 18535,0,10833,1169,848,1904,2379,529,10723,10472,0,0,519,1365,0,2627,1288,640,1149,103,410,0,0,0,1246,10372,208,208,0,105,0,1254,212
 18540,0,10838,1169,848,1904,2379,529,10723,10477,0,0,519,1365,0,2627,1288,640,1149,103,410,0,0,0,1246,10377,208,208,0,105,0,1254,212
 18545,0,10843,1169,848,1904,2379,529,10723,10482,0,0,519,1365,0,2627,1288,640,1149,103,410,0,0,0,1246,10382,208,208,0,105,0,1254,212
 18550,0,10848,1169,848,1904,2379,529,10723,10487,0,0,519,1365,0,2627,1288,640,1149,103,410,0,0,0,1246,10387,208,208,0,105,0,1254,212
 18555,0,10853,1169,848,1904,2379,529,10723,10492,0,0,519,1365,0,2627,1288,640,1149,103,410,0,0,0,1246,10392,208,208,0,105,0,1254,212
 18560,0,10858,1169,848,1904,2379,529,10723,10497,0,0,519,1365,0,2627,1288,640,1149,103,410,0,0,0,1246,10397,208,208,0,105,0,1254,212
 18565,0,10863,1169,848,1904,2379,529,10724,10502,0,0,519,1365,0,2627,1288,640,1149,103,410,0,0,0,1246,10402,208,208,0,105,0,1254,212
 18570,0,10868,1169,848,1904,2379,529,10729,10507,0,0,519,1365,0,2627,1288,640,1149,103,410,0,0,0,1246,10407,208,208,0,105,0,1254,212
 18575,0,10873,1169,848,1904,2379,529,10734,10512,0,0,519,1365,0,2627,1288,640,1149,103,410,0,0,0,1246,10412,208,208,0,105,0,1254,212
 18580,0,10878,1169,848,1904,2379,529,10739,10517,0,0,519,1365,0,2627,1288,640,1149,103,410,0,0,0,1246,10417,208,208,0,105,0,1254,212
 18585,0,10883,1169,848,1904,2379,529,10744,10522,0,0,519,1365,0,2627,1288,640,1149,103,410,0,0,0,1246,10422,208,208,0,105,0,1254,212
 18590,0,10888,1169,848,1904,2379,529,10749,10527,0,0,519,1365,0,2627,1288,640,1149,103,410,0,0,0,1246,10427,208,208,0,105,0,1254,212
 18595,0,10893,1169,848,1904,2379,529,10754,10532,0,0,519,1365,0,2627,1288,640,1149,103,410,0,0,0,1246,10432,208,208,0,105,0,1254,212
 18600,0,10898,1169,848,1904,2379,529,10759,10537,0,0,519,1365,0,2627,1288,640,1149,103,410,0,0,0,1246,10437,208,208,0,105,0,1254,212
 18605,0,10903,1169,848,1904,2379,529,10764,10542,0,0,519,1365,0,2627,1288,640,1149,103,410,0,0,0,1246,10442,208,208,0,105,0,1254,212
 18610,0,10908,1169,848,1904,2379,529,10769,10547,0,0,519,1365,0,2627,1288,640,1149,103,410,0,0,0,1246,10447,208,208,0,105,0,1254,212
 18615,0,10913,1169,848,1904,2379,529,10774,10552,0,0,519,1365,0,2627,1288,640,1149,103,410,0,0,0,1246,10452,208,208,0,105,0,1254,212
 18620,0,10918,1169,848,1904,2379,529,10779,10557,0,0,519,1365,0,2627,1288,640,1149,103,410,0,0,0,1246,10457,208,208,0,105,0,1254,212
 18625,0,10923,1169,848,1904,2379,529,10784,10562,0,0,519,1365,0,2627,1288,640,1149,103,410,0,0,0,1246,10462,208,208,0,105,0,1254,212
 18630,0,10929,1169,848,1904,2379,529,10789,10565,0,0,519,1365,0,2627,1288,640,1149,103,410,0,0,0,1246,10468,208,208,0,105,0,1254,212
 18635,0,10929,1169,848,1904,2379,529,10794,10565,0,0,519,1365,0,2627,1288,640,1149,103,410,0,0,0,1246,10468,208,208,0,105,0,1254,212
 18640,0,10929,1169,848,1904,2379,529,10799,10565,0,0,519,1365,0,2627,1288,640,1149,103,410,0,0,0,1246,10468,208,208,0,105,0,1254,212
 18645,0,10929,1169,848,1904,2379,529,10804,10565,0,0,519,1365,0,2627,1288,640,1149,103,410,0,0,0,1246,10468,208,208,0,105,0,1254,212
 18650,0,10929,1169,848,1904,2379,529,10809,10565,0,0,519,1365,0,2627,1288,640,1149,103,410,0,0,0,1246,10468,208,208,0,105,0,1254,212
 18655,0,10929,1169,848,1904,2379,529,10814,10565,0,0,519,1365,0,2627,1288,640,1149,103,410,0,0,0,1246,10468,208,208,0,105,0,1254,212
 18660,0,10929,1169,848,1904,2379,529,10819,10565,0,0,519,1365,0,2627,1288,640,1149,103,410,0,0,0,1246,10468,208,208,0,105,0,1254,212
 18665,0,10929,1169,848,1904,2379,529,10824,10565,0,0,519,1365,0,2627,1288,640,1149,103,410,0,0,0,1246,10468,208,208,0,105,0,1254,212
 18670,0,10929,1169,848,1904,2379,529,10828,10565,0,0,519,1365,0,2627,1288,640,1149,103,410,0,0,0,1246,10468,208,208,0,105,0,1254,212
 18675,0,10929,1169,848,1904,2379,529,10828,10565,0,0,519,1365,0,2627,1288,640,1149,103,410,0,0,0,1246,10468,208,208,0,105,0,1254,212
 18680,0,10929,1169,848,1904,2379,529,10828,10565,0,0,519,1365,0,2627,1288,640,1149,103,410,0,0,0,1246,10468,208,208,0,105,0,1254,212
 18685,0,10929,1169,848,1904,2379,529,10828,10565,0,0,519,1365,0,2627,1288,640,1149,103,410,0,0,0,1246,10468,208,208,0,105,0,1254,212
 18690,0,10929,1169,848,1904,2379,529,10828,10565,0,0,519,1365,0,2627,1288,640,1149,103,410,0,0,0,1246,10468,208,208,0,105,0,1254,212
 18695,0,10929,1169,848,1904,2379,529,10828,10565,0,0,519,1365,0,2627,1288,640,1149,103,410,0,0,0,1246,10468,208,208,0,105,0,1254,212
 18700,0,10929,1169,848,1904,2379,529,10828,10565,0,0,519,1365,0,2627,1288,640,1149,103,410,0,0,0,1246,10468,208,208,0,105,0,1254,212
 18705,0,10929,1169,848,1904,2379,529,10828,10565,0,0,519,1365,0,2627,1288,640,1149,103,410,0,0,0,1246,10468,208,208,0,105,0,1254,212
 18710,0,10929,1169,848,1904,2379,529,10828,10565,0,0,519,1365,0,2627,1288,640,1149,103,410,0,0,0,1246,10468,208,208,0,105,0,1254,212
 18715,0,10929,1169,848,1904,2379,529,10828,10565,0,0,519,1365,0,2627,1288,640,1149,103,410,0,0,0,1246,10468,208,208,0,105,0,1254,212
 18720,0,10929,1169,848,1904,2379,529,10828,10565,0,0,519,1365,0,2627,1288,640,1149,103,410,0,0,0,1246,10468,208,208,0,105,0,1254,212
 18725,0,10929,1169,848,1904,2379,529,10828,10565,0,0,519,1365,0,2627,1288,640,1149,103,410,0,0,0,1246,10468,208,208,0,105,0,1254,212
 18730,0,10929,1169,848,1904,2379,529,10828,10565,0,0,519,1365,0,2627,1288,640,1149,103,410,0,0,0,1246,10468,208,208,0,105,0,1254,212
 18735,0,10929,1169,848,1904,2379,529,10828,10565,0,0,519,1365,0,2627,1288,640,1149,103,410,0,0,0,1246,10468,208,208,0,105,0,1254,212
 18740,0,10929,1169,848,1904,2379,529,10828,10565,0,0,519,1365,0,2627,1288,640,1149,103,410,0,0,0,1246,10468,208,208,0,105,0,1254,212
 18745,0,10929,1169,848,1904,2379,529,10828,10565,0,0,519,1365,0,2627,1288,640,1149,103,410,0,0,0,1246,10468,208,208,0,105,0,1254,212
 18750,0,10929,1169,848,1904,2379,529,10828,10565,0,0,519,1365,0,2627,1288,640,1149,103,410,0,0,0,1246,10468,208,208,0,105,0,1254,212
 18755,0,10929,1169,848,1904,2379,529,10828,10565,0,0,519,1365,0,2627,1288,640,1149,103,410,0,0,0,1246,10468,208,208,0,105,0,1254,212
 18760,0,10929,1169,848,1904,2379,529,10828,10565,0,0,519,1365,0,2627,1288,640,1149,103,410,0,0,0,1246,10467,208,208,0,105,0,1254,212
 18765,0,10930,1169,848,1904,2379,529,10828,10565,0,0,519,1365,0,2627,1288,640,1149,103,410,0,0,0,1246,10472,208,208,0,105,0,1254,212
 18770,0,10935,1169,848,1904,2379,529,10828,10570,0,0,519,1365,0,2627,1288,640,1149,103,410,0,0,0,1246,10477,208,208,0,105,0,1254,212
 18775,0,10940,1169,848,1904,2379,529,10831,10575,0,0,519,1365,0,2627,1288,640,1149,103,410,0,0,0,1246,10482,208,208,0,105,0,1254,212
 18780,0,10945,1169,848,1904,2379,529,10836,10580,0,0,519,1365,0,2627,1288,640,1149,103,410,0,0,0,1246,10487,208,208,0,105,0,1254,212
 18785,0,10950,1169,848,1904,2379,529,10841,10585,0,0,519,1365,0,2627,1288,640,1149,103,410,0,0,0,1246,10492,208,208,0,105,0,1254,212
 18790,0,10955,1169,848,1904,2379,529,10846,10590,0,0,519,1365,0,2627,1288,640,1149,103,410,0,0,0,1246,10497,208,208,0,105,0,1254,212
 18795,0,10960,1169,848,1904,2379,529,10851,10595,0,0,519,1365,0,2627,1288,640,1149,103,410,0,0,0,1246,10502,208,208,0,105,0,1254,212
 18800,0,10965,1169,848,1904,2379,529,10856,10600,0,0,519,1365,0,2627,1288,640,1149,103,410,0,0,0,1246,10507,208,208,0,105,0,1254,212
 18805,0,10970,1169,848,1904,2379,529,10861,10605,0,0,519,1365,0,2627,1288,640,1149,103,410,0,0,0,1246,10512,208,208,0,105,0,1254,212
 18810,0,10975,1169,848,1904,2379,529,10866,10610,0,0,519,1365,0,2627,1288,640,1149,103,410,0,0,0,1246,10517,208,208,0,105,0,1254,212
 18815,0,10980,1169,848,1904,2379,529,10871,10615,0,0,519,1365,0,2627,1288,640,1149,103,410,0,0,0,1246,10522,208,208,0,105,0,1254,212
 18820,0,10985,1169,848,1904,2379,529,10876,10620,0,0,519,1365,0,2627,1288,640,1149,103,410,0,0,0,1246,10527,208,208,0,105,0,1254,212
 18825,0,10990,1169,848,1904,2379,529,10881,10625,0,0,519,1365,0,2627,1288,640,1149,103,410,0,0,0,1246,10532,208,208,0,105,0,1254,212
 18830,0,10995,1169,848,1904,2379,529,10886,10630,0,0,519,1365,0,2627,1288,640,1149,103,410,0,0,0,1246,10537,208,208,0,105,0,1254,212
 18835,0,11000,1169,848,1904,2379,529,10891,10635,0,0,519,1365,0,2627,1288,640,1149,103,410,0,0,0,1246,10542,208,208,0,105,0,1254,212
 18840,0,11005,1169,848,1904,2379,529,10896,10640,0,0,519,1365,0,2627,1288,640,1149,103,410,0,0,0,1246,10547,208,208,0,105,0,1254,212
 18845,0,11010,1169,848,1904,2379,529,10901,10645,0,0,519,1365,0,2627,1288,640,1149,103,410,0,0,0,1246,10552,208,208,0,105,0,1254,212
 18850,0,11015,1169,848,1904,2379,529,10906,10650,0,0,519,1365,0,2627,1288,640,1149,103,410,0,0,0,1246,10557,208,208,0,105,0,1254,212
 18855,0,11020,1169,848,1904,2379,529,10911,10655,0,0,519,1365,0,2627,1288,640,1149,103,410,0,0,0,1246,10562,208,208,0,105,0,1254,212
 18860,0,11025,1169,848,1904,2379,529,10916,10660,0,0,519,1365,0,2627,1288,640,1149,103,410,0,0,0,1246,10567,208,208,0,105,0,1254,212
 18865,0,11030,1169,848,1904,2379,529,10921,10665,0,0,519,1365,0,2627,1288,640,1149,103,410,0,0,0,1246,10571,208,208,0,105,0,1254,212
 18870,0,11032,1169,848,1904,2379,529,10926,10668,0,0,519,1365,0,2627,1288,640,1149,103,410,0,0,0,1246,10571,208,208,0,105,0,1254,212
 18875,0,11032,1169,848,1904,2379,529,10931,10668,0,0,519,1365,0,2627,1288,640,1149,103,410,0,0,0,1246,10571,208,208,0,105,0,1254,212
 18880,0,11032,1169,848,1904,2379,529,10935,10668,0,0,519,1365,0,2627,1288,640,1149,103,410,0,0,0,1246,10571,208,208,0,105,0,1254,212
 18885,0,11032,1169,848,1904,2379,529,10935,10668,0,0,519,1365,0,2627,1288,640,1149,103,410,0,0,0,1246,10571,208,208,0,105,0,1254,212
 18890,0,11032,1169,848,1904,2379,529,10935,10668,0,0,519,1365,0,2627,1288,640,1149,103,410,0,0,0,1246,10571,208,208,0,105,0,1254,212
 18895,0,11032,1169,848,1904,2379,529,10935,10668,0,0,519,1365,0,2627,1288,640,1149,103,410,0,0,0,1246,10571,208,208,0,105,0,1254,212
 18900,0,11032,1169,848,1904,2379,529,10935,10668,0,0,519,1365,0,2627,1288,640,1149,103,410,0,0,0,1246,10571,208,208,0,105,0,1254,212
 18905,0,11032,1169,848,1904,2379,529,10935,10668,0,0,519,1365,0,2627,1288,640,1149,103,410,0,0,0,1246,10571,208,208,0,105,0,1254,212
 18910,0,11032,1169,848,1904,2379,529,10935,10668,0,0,519,1365,0,2627,1288,640,1149,103,410,0,0,0,1246,10571,208,208,0,105,0,1254,212
 18915,0,11032,1169,848,1904,2379,529,10935,10668,0,0,519,1365,0,2627,1288,640,1149,103,410,0,0,0,1246,10571,208,208,0,105,0,1254,212
 18920,0,11032,1169,848,1904,2379,529,10935,10668,0,0,519,1365,0,2627,1288,640,1149,103,410,0,0,0,1246,10571,208,208,0,105,0,1254,212
 18925,0,11032,1169,848,1904,2379,529,10935,10668,0,0,519,1365,0,2627,1288,640,1149,103,410,0,0,0,1246,10571,208,208,0,105,0,1254,212
 18930,0,11032,1169,848,1904,2379,529,10935,10668,0,0,519,1365,0,2627,1288,640,1149,103,410,0,0,0,1246,10571,208,208,0,105,0,1254,212
 18935,0,11032,1169,848,1904,2379,529,10935,10668,0,0,519,1365,0,2627,1288,640,1149,103,410,0,0,0,1246,10571,208,208,0,105,0,1254,212
 18940,0,11032,1169,848,1904,2379,529,10935,10668,0,0,519,1365,0,2627,1288,640,1149,103,410,0,0,0,1246,10571,208,208,0,105,0,1254,212
 18945,0,11032,1169,848,1904,2379,529,10935,10668,0,0,519,1365,0,2627,1288,640,1149,103,410,0,0,0,1246,10571,208,208,0,105,0,1254,212
 18950,0,11032,1169,848,1904,2379,529,10935,10668,0,0,519,1365,0,2627,1288,640,1149,103,410,0,0,0,1246,10571,208,208,0,105,0,1254,212
 18955,0,11032,1169,848,1904,2379,529,10935,10668,0,0,519,1365,0,2627,1288,640,1149,103,410,0,0,0,1246,10571,208,208,0,105,0,1254,212
 18960,0,11032,1169,848,1904,2379,529,10935,10668,0,0,519,1365,0,2627,1288,640,1149,103,410,0,0,0,1246,10571,208,208,0,105,0,1254,212
 18965,0,11032,1169,848,1904,2379,529,10935,10668,0,0,519,1365,0,2627,1288,640,1149,103,410,0,0,0,1246,10571,208,208,0,105,0,1254,212
 18970,0,11032,1169,848,1904,2379,529,10935,10668,0,0,519,1365,0,2627,1288,640,1149,103,410,0,0,0,1246,10571,208,208,0,105,0,1254,212
 18975,0,11032,1169,848,1904,2379,529,10935,10668,0,0,519,1365,0,2627,1288,640,1149,103,410,0,0,0,1246,10571,208,208,0,105,0,1254,212
 18980,0,11032,1169,848,1904,2379,529,10935,10668,0,0,519,1365,0,2627,1288,640,1149,103,410,0,0,0,1246,10571,208,208,0,105,0,1254,212
 18985,0,11033,1169,848,1904,2379,529,10934,10668,0,0,519,1365,0,2627,1288,640,1149,103,410,0,0,0,1246,10571,208,208,0,105,0,1254,212
 18990,0,11038,1169,848,1904,2379,529,10939,10670,0,0,519,1365,0,2627,1288,640,1149,103,410,0,0,0,1246,10570,208,208,0,105,0,1254,212
 18995,0,11043,1169,848,1904,2379,529,10944,10675,0,0,519,1365,0,2627,1288,640,1149,103,410,0,0,0,1246,10575,208,208,0,105,0,1254,212
 19000,0,11048,1169,848,1904,2379,529,10949,10680,0,0,519,1365,0,2627,1288,640,1149,103,410,0,0,0,1246,10580,208,208,0,105,0,1254,212
 19005,0,11053,1169,848,1904,2379,529,10954,10685,0,0,519,1365,0,2627,1288,640,1149,103,410,0,0,0,1246,10585,208,208,0,105,0,1254,212
 19010,0,11058,1169,848,1904,2379,529,10959,10690,0,0,519,1365,0,2627,1288,640,1149,103,410,0,0,0,1246,10590,208,208,0,105,0,1254,212
 19015,0,11063,1169,848,1904,2379,529,10964,10695,0,0,519,1365,0,2627,1288,640,1149,103,410,0,0,0,1246,10595,208,208,0,105,0,1254,212
 19020,0,11068,1169,848,1904,2379,529,10969,10700,0,0,519,1365,0,2627,1288,640,1149,103,410,0,0,0,1246,10600,208,208,0,105,0,1254,212
 19025,0,11073,1169,848,1904,2379,529,10974,10705,0,0,519,1365,0,2627,1288,640,1149,103,410,0,0,0,1246,10605,208,208,0,105,0,1254,212
 19030,0,11078,1169,848,1904,2379,529,10979,10710,0,0,519,1365,0,2627,1288,640,1149,103,410,0,0,0,1246,10610,208,208,0,105,0,1254,212
 19035,0,11083,1169,848,1904,2379,529,10984,10715,0,0,519,1365,0,2627,1288,640,1149,103,410,0,0,0,1246,10615,208,208,0,105,0,1254,212
 19040,0,11088,1169,848,1904,2379,529,10989,10720,0,0,519,1365,0,2627,1288,640,1149,103,410,0,0,0,1246,10620,208,208,0,105,0,1254,212
 19045,0,11093,1169,848,1904,2379,529,10994,10725,0,0,519,1365,0,2627,1288,640,1149,103,410,0,0,0,1246,10625,208,208,0,105,0,1254,212
 19050,0,11098,1169,848,1904,2379,529,10999,10730,0,0,519,1365,0,2627,1288,640,1149,103,410,0,0,0,1246,10630,208,208,0,105,0,1254,212
 19055,0,11103,1169,848,1904,2379,529,11004,10735,0,0,519,1365,0,2627,1288,640,1149,103,410,0,0,0,1246,10635,208,208,0,105,0,1254,212
 19060,0,11108,1169,848,1904,2379,529,11009,10740,0,0,519,1365,0,2627,1288,640,1149,103,410,0,0,0,1246,10640,208,208,0,105,0,1254,212
 19065,0,11113,1169,848,1904,2379,529,11014,10745,0,0,519,1365,0,2627,1288,640,1149,103,410,0,0,0,1246,10645,208,208,0,105,0,1254,212
 19070,0,11118,1169,848,1904,2379,529,11019,10750,0,0,519,1365,0,2627,1288,640,1149,103,410,0,0,0,1246,10650,208,208,0,105,0,1254,212
 19075,0,11123,1169,848,1904,2379,529,11024,10755,0,0,519,1365,0,2627,1288,640,1149,103,410,0,0,0,1246,10655,208,208,0,105,0,1254,212
 19080,0,11128,1169,848,1904,2379,529,11029,10760,0,0,519,1365,0,2627,1288,640,1149,103,410,0,0,0,1246,10660,208,208,0,105,0,1254,212
 19085,0,11133,1169,848,1904,2379,529,11034,10765,0,0,519,1365,0,2627,1288,640,1149,103,410,0,0,0,1246,10665,208,208,0,105,0,1254,212
 19090,0,11139,1169,848,1904,2379,529,11036,10771,0,0,519,1365,0,2627,1288,640,1149,103,410,0,0,0,1246,10670,208,208,0,105,0,1254,212
 19095,0,11139,1169,848,1904,2379,529,11036,10771,0,0,519,1365,0,2627,1288,640,1149,103,410,0,0,0,1246,10674,208,208,0,105,0,1254,212
 19100,0,11139,1169,848,1904,2379,529,11036,10771,0,0,519,1365,0,2627,1288,640,1149,103,410,0,0,0,1246,10674,208,208,0,105,0,1254,212
 19105,0,11139,1169,848,1904,2379,529,11036,10771,0,0,519,1365,0,2627,1288,640,1149,103,410,0,0,0,1246,10674,208,208,0,105,0,1254,212
 19110,0,11139,1169,848,1904,2379,529,11036,10771,0,0,519,1365,0,2627,1288,640,1149,103,410,0,0,0,1246,10674,208,208,0,105,0,1254,212
 19115,0,11139,1169,848,1904,2379,529,11036,10771,0,0,519,1365,0,2627,1288,640,1149,103,410,0,0,0,1246,10674,208,208,0,105,0,1254,212
 19120,0,11139,1169,848,1904,2379,529,11036,10771,0,0,519,1365,0,2627,1288,640,1149,103,410,0,0,0,1246,10674,208,208,0,105,0,1254,212
 19125,0,11139,1169,848,1904,2379,529,11036,10771,0,0,519,1365,0,2627,1288,640,1149,103,410,0,0,0,1246,10674,208,208,0,105,0,1254,212
 19130,0,11139,1169,848,1904,2379,529,11036,10771,0,0,519,1365,0,2627,1288,640,1149,103,410,0,0,0,1246,10674,208,208,0,105,0,1254,212
 19135,0,11139,1169,848,1904,2379,529,11036,10771,0,0,519,1365,0,2627,1288,640,1149,103,410,0,0,0,1246,10674,208,208,0,105,0,1254,212
 19140,0,11139,1169,848,1904,2379,529,11036,10771,0,0,519,1365,0,2627,1288,640,1149,103,410,0,0,0,1246,10674,208,208,0,105,0,1254,212
 19145,0,11139,1169,848,1904,2379,529,11036,10771,0,0,519,1365,0,2627,1288,640,1149,103,410,0,0,0,1246,10674,208,208,0,105,0,1254,212
 19150,0,11139,1169,848,1904,2379,529,11036,10771,0,0,519,1365,0,2627,1288,640,1149,103,410,0,0,0,1246,10674,208,208,0,105,0,1254,212
 19155,0,11139,1169,848,1904,2379,529,11036,10771,0,0,519,1365,0,2627,1288,640,1149,103,410,0,0,0,1246,10674,208,208,0,105,0,1254,212
 19160,0,11139,1169,848,1904,2379,529,11036,10771,0,0,519,1365,0,2627,1288,640,1149,103,410,0,0,0,1246,10674,208,208,0,105,0,1254,212
 19165,0,11139,1169,848,1904,2379,529,11036,10771,0,0,519,1365,0,2627,1288,640,1149,103,410,0,0,0,1246,10674,208,208,0,105,0,1254,212
 19170,0,11139,1169,848,1904,2379,529,11036,10771,0,0,519,1365,0,2627,1288,640,1149,103,410,0,0,0,1246,10674,208,208,0,105,0,1254,212
 19175,0,11139,1169,848,1904,2379,529,11036,10771,0,0,519,1365,0,2627,1288,640,1149,103,410,0,0,0,1246,10674,208,208,0,105,0,1254,212
 19180,0,11139,1169,848,1904,2379,529,11036,10773,0,0,519,1365,0,2627,1288,640,1149,103,410,0,0,0,1246,10673,208,208,0,105,0,1254,212
 19185,0,11139,1169,848,1904,2379,529,11036,10778,0,0,519,1365,0,2627,1288,640,1149,103,410,0,0,0,1246,10678,208,208,0,105,0,1254,212
 19190,0,11139,1169,848,1904,2379,529,11036,10783,0,0,519,1365,0,2627,1288,640,1149,103,410,0,0,0,1246,10683,208,208,0,105,0,1254,212
 19195,0,11139,1169,848,1904,2379,529,11036,10788,0,0,519,1365,0,2627,1288,640,1149,103,410,0,0,0,1246,10688,208,208,0,105,0,1254,212
 19200,0,11139,1169,848,1904,2379,529,11039,10793,0,0,519,1365,0,2627,1288,640,1149,103,410,0,0,0,1246,10693,208,208,0,105,0,1254,212
 19205,0,11138,1169,848,1904,2379,529,11044,10798,0,0,519,1365,0,2627,1288,640,1149,103,410,0,0,0,1246,10698,208,208,0,105,0,1254,212
 19210,0,11143,1169,848,1904,2379,529,11049,10803,0,0,519,1365,0,2627,1288,640,1149,103,410,0,0,0,1246,10703,208,208,0,105,0,1254,212
 19215,0,11148,1169,848,1904,2379,529,11054,10808,0,0,519,1365,0,2627,1288,640,1149,103,410,0,0,0,1246,10708,208,208,0,105,0,1254,212
 19220,0,11153,1169,848,1904,2379,529,11059,10813,0,0,519,1365,0,2627,1288,640,1149,103,410,0,0,0,1246,10713,208,208,0,105,0,1254,212
 19225,0,11158,1169,848,1904,2379,529,11064,10818,0,0,519,1365,0,2627,1288,640,1149,103,410,0,0,0,1246,10718,208,208,0,105,0,1254,212
 19230,0,11163,1169,848,1904,2379,529,11069,10823,0,0,519,1365,0,2627,1288,640,1149,103,410,0,0,0,1246,10723,208,208,0,105,0,1254,212
 19235,0,11168,1169,848,1904,2379,529,11074,10828,0,0,519,1365,0,2627,1288,640,1149,103,410,0,0,0,1246,10728,208,208,0,105,0,1254,212
 19240,0,11173,1169,848,1904,2379,529,11079,10833,0,0,519,1365,0,2627,1288,640,1149,103,410,0,0,0,1246,10733,208,208,0,105,0,1254,212
 19245,0,11178,1169,848,1904,2379,529,11084,10838,0,0,519,1365,0,2627,1288,640,1149,103,410,0,0,0,1246,10738,208,208,0,105,0,1254,212
 19250,0,11183,1169,848,1904,2379,529,11089,10843,0,0,519,1365,0,2627,1288,640,1149,103,410,0,0,0,1246,10743,208,208,0,105,0,1254,212
 19255,0,11188,1169,848,1904,2379,529,11094,10848,0,0,519,1365,0,2627,1288,640,1149,103,410,0,0,0,1246,10748,208,208,0,105,0,1254,212
 19260,0,11193,1169,848,1904,2379,529,11099,10853,0,0,519,1365,0,2627,1288,640,1149,103,410,0,0,0,1246,10753,208,208,0,105,0,1254,212
 19265,0,11198,1169,848,1904,2379,529,11104,10858,0,0,519,1365,0,2627,1288,640,1149,103,410,0,0,0,1246,10758,208,208,0,105,0,1254,212
 19270,0,11203,1169,848,1904,2379,529,11109,10863,0,0,519,1365,0,2627,1288,640,1149,103,410,0,0,0,1246,10763,208,208,0,105,0,1254,212
 19275,0,11208,1169,848,1904,2379,529,11114,10868,0,0,519,1365,0,2627,1288,640,1149,103,410,0,0,0,1246,10768,208,208,0,105,0,1254,212
 19280,0,11213,1169,848,1904,2379,529,11119,10873,0,0,519,1365,0,2627,1288,640,1149,103,410,0,0,0,1246,10773,208,208,0,105,0,1254,212
 19285,0,11218,1169,848,1904,2379,529,11124,10878,0,0,519,1365,0,2627,1288,640,1149,103,410,0,0,0,1246,10777,208,208,0,105,0,1254,212
 19290,0,11223,1169,848,1904,2379,529,11129,10878,0,0,519,1365,0,2627,1288,640,1149,103,410,0,0,0,1246,10777,208,208,0,105,0,1254,212
 19295,0,11228,1169,848,1904,2379,529,11134,10878,0,0,519,1365,0,2627,1288,640,1149,103,410,0,0,0,1246,10777,208,208,0,105,0,1254,212
 19300,0,11233,1169,848,1904,2379,529,11139,10878,0,0,519,1365,0,2627,1288,640,1149,103,410,0,0,0,1246,10777,208,208,0,105,0,1254,212
 19305,0,11238,1169,848,1904,2379,529,11143,10878,0,0,519,1365,0,2627,1288,640,1149,103,410,0,0,0,1246,10777,208,208,0,105,0,1254,212
 19310,0,11242,1169,848,1904,2379,529,11143,10878,0,0,519,1365,0,2627,1288,640,1149,103,410,0,0,0,1246,10777,208,208,0,105,0,1254,212
 19315,0,11242,1169,848,1904,2379,529,11143,10878,0,0,519,1365,0,2627,1288,640,1149,103,410,0,0,0,1246,10777,208,208,0,105,0,1254,212
 19320,0,11242,1169,848,1904,2379,529,11143,10878,0,0,519,1365,0,2627,1288,640,1149,103,410,0,0,0,1246,10777,208,208,0,105,0,1254,212
 19325,0,11242,1169,848,1904,2379,529,11143,10878,0,0,519,1365,0,2627,1288,640,1149,103,410,0,0,0,1246,10777,208,208,0,105,0,1254,212
 19330,0,11242,1169,848,1904,2379,529,11143,10878,0,0,519,1365,0,2627,1288,640,1149,103,410,0,0,0,1246,10777,208,208,0,105,0,1254,212
 19335,0,11242,1169,848,1904,2379,529,11143,10878,0,0,519,1365,0,2627,1288,640,1149,103,410,0,0,0,1246,10777,208,208,0,105,0,1254,212
 19340,0,11242,1169,848,1904,2379,529,11143,10878,0,0,519,1365,0,2627,1288,640,1149,103,410,0,0,0,1246,10777,208,208,0,105,0,1254,212
 19345,0,11242,1169,848,1904,2379,529,11143,10878,0,0,519,1365,0,2627,1288,640,1149,103,410,0,0,0,1246,10777,208,208,0,105,0,1254,212
 19350,0,11242,1169,848,1904,2379,529,11143,10878,0,0,519,1365,0,2627,1288,640,1149,103,410,0,0,0,1246,10777,208,208,0,105,0,1254,212
 19355,0,11242,1169,848,1904,2379,529,11143,10878,0,0,519,1365,0,2627,1288,640,1149,103,410,0,0,0,1246,10777,208,208,0,105,0,1254,212
 19360,0,11242,1169,848,1904,2379,529,11143,10878,0,0,519,1365,0,2627,1288,640,1149,103,410,0,0,0,1246,10777,208,208,0,105,0,1254,212
 19365,0,11242,1169,848,1904,2379,529,11143,10878,0,0,519,1365,0,2627,1288,640,1149,103,410,0,0,0,1246,10777,208,208,0,105,0,1254,212
 19370,0,11242,1169,848,1904,2379,529,11143,10878,0,0,519,1365,0,2627,1288,640,1149,103,410,0,0,0,1246,10777,208,208,0,105,0,1254,212
 19375,0,11242,1169,848,1904,2379,529,11143,10878,0,0,519,1365,0,2627,1288,640,1149,103,410,0,0,0,1246,10777,208,208,0,105,0,1254,212
 19380,0,11242,1169,848,1904,2379,529,11143,10878,0,0,519,1365,0,2627,1288,640,1149,103,410,0,0,0,1246,10777,208,208,0,105,0,1254,212
 19385,0,11242,1169,848,1904,2379,529,11143,10878,0,0,519,1365,0,2627,1288,640,1149,103,410,0,0,0,1246,10777,208,208,0,105,0,1254,212
 19390,0,11242,1169,848,1904,2379,529,11143,10878,0,0,519,1365,0,2627,1288,640,1149,103,410,0,0,0,1246,10777,208,208,0,105,0,1254,212
 19395,0,11242,1169,848,1904,2379,529,11143,10878,0,0,519,1365,0,2627,1288,640,1149,103,410,0,0,0,1246,10777,208,208,0,105,0,1254,212
 19400,0,11242,1169,848,1904,2379,529,11143,10878,0,0,519,1365,0,2627,1288,640,1149,103,410,0,0,0,1246,10777,208,208,0,105,0,1254,212
 19405,0,11242,1169,848,1904,2379,529,11143,10878,0,0,519,1365,0,2627,1288,640,1149,103,410,0,0,0,1246,10777,208,208,0,105,0,1254,212
 19410,0,11242,1169,848,1904,2379,529,11143,10878,0,0,519,1365,0,2627,1288,640,1149,103,410,0,0,0,1246,10777,208,208,0,105,0,1254,212
 19415,0,11242,1169,848,1904,2379,529,11143,10878,0,0,519,1365,0,2627,1288,640,1149,103,410,0,0,0,1246,10777,208,208,0,105,0,1254,212
 19420,0,11242,1169,848,1904,2379,529,11143,10878,0,0,519,1365,0,2627,1288,640,1149,103,410,0,0,0,1246,10776,208,208,0,105,0,1254,212
 19425,0,11242,1169,848,1904,2379,529,11143,10881,0,0,519,1365,0,2627,1288,640,1149,103,410,0,0,0,1246,10781,208,208,0,105,0,1254,212
 19430,0,11242,1169,848,1904,2379,529,11143,10886,0,0,519,1365,0,2627,1288,640,1149,103,410,0,0,0,1246,10786,208,208,0,105,0,1254,212
 19435,0,11244,1169,848,1904,2379,529,11143,10891,0,0,519,1365,0,2627,1288,640,1149,103,410,0,0,0,1246,10791,208,208,0,105,0,1254,212
 19440,0,11249,1169,848,1904,2379,529,11143,10896,0,0,519,1365,0,2627,1288,640,1149,103,410,0,0,0,1246,10796,208,208,0,105,0,1254,212
 19445,0,11254,1169,848,1904,2379,529,11143,10901,0,0,519,1365,0,2627,1288,640,1149,103,410,0,0,0,1246,10801,208,208,0,105,0,1254,212
 19450,0,11259,1169,848,1904,2379,529,11143,10906,0,0,519,1365,0,2627,1288,640,1149,103,410,0,0,0,1246,10806,208,208,0,105,0,1254,212
 19455,0,11264,1169,848,1904,2379,529,11143,10911,0,0,519,1365,0,2627,1288,640,1149,103,410,0,0,0,1246,10811,208,208,0,105,0,1254,212
 19460,0,11269,1169,848,1904,2379,529,11144,10916,0,0,519,1365,0,2627,1288,640,1149,103,410,0,0,0,1246,10816,208,208,0,105,0,1254,212
 19465,0,11274,1169,848,1904,2379,529,11149,10921,0,0,519,1365,0,2627,1288,640,1149,103,410,0,0,0,1246,10821,208,208,0,105,0,1254,212
 19470,0,11279,1169,848,1904,2379,529,11154,10926,0,0,519,1365,0,2627,1288,640,1149,103,410,0,0,0,1246,10826,208,208,0,105,0,1254,212
 19475,0,11284,1169,848,1904,2379,529,11159,10931,0,0,519,1365,0,2627,1288,640,1149,103,410,0,0,0,1246,10831,208,208,0,105,0,1254,212
 19480,0,11289,1169,848,1904,2379,529,11164,10936,0,0,519,1365,0,2627,1288,640,1149,103,410,0,0,0,1246,10836,208,208,0,105,0,1254,212
 19485,0,11294,1169,848,1904,2379,529,11169,10941,0,0,519,1365,0,2627,1288,640,1149,103,410,0,0,0,1246,10841,208,208,0,105,0,1254,212
 19490,0,11299,1169,848,1904,2379,529,11174,10946,0,0,519,1365,0,2627,1288,640,1149,103,410,0,0,0,1246,10846,208,208,0,105,0,1254,212
 19495,0,11304,1169,848,1904,2379,529,11179,10951,0,0,519,1365,0,2627,1288,640,1149,103,410,0,0,0,1246,10851,208,208,0,105,0,1254,212
 19500,0,11309,1169,848,1904,2379,529,11184,10956,0,0,519,1365,0,2627,1288,640,1149,103,410,0,0,0,1246,10856,208,208,0,105,0,1254,212
 19505,0,11314,1169,848,1904,2379,529,11189,10961,0,0,519,1365,0,2627,1288,640,1149,103,410,0,0,0,1246,10861,208,208,0,105,0,1254,212
 19510,0,11319,1169,848,1904,2379,529,11194,10966,0,0,519,1365,0,2627,1288,640,1149,103,410,0,0,0,1246,10866,208,208,0,105,0,1254,212
 19515,0,11324,1169,848,1904,2379,529,11199,10971,0,0,519,1365,0,2627,1288,640,1149,103,410,0,0,0,1246,10871,208,208,0,105,0,1254,212
 19520,0,11329,1169,848,1904,2379,529,11204,10976,0,0,519,1365,0,2627,1288,640,1149,103,410,0,0,0,1246,10876,208,208,0,105,0,1254,212
 19525,0,11334,1169,848,1904,2379,529,11209,10981,0,0,519,1365,0,2627,1288,640,1149,103,410,0,0,0,1246,10880,208,208,0,105,0,1254,212
 19530,0,11339,1169,848,1904,2379,529,11214,10985,0,0,519,1365,0,2627,1288,640,1149,103,410,0,0,0,1246,10880,208,208,0,105,0,1254,212
 19535,0,11344,1169,848,1904,2379,529,11219,10985,0,0,519,1365,0,2627,1288,640,1149,103,410,0,0,0,1246,10880,208,208,0,105,0,1254,212
 19540,0,11347,1169,848,1904,2379,529,11224,10985,0,0,519,1365,0,2627,1288,640,1149,103,410,0,0,0,1246,10880,208,208,0,105,0,1254,212
 19545,0,11347,1169,848,1904,2379,529,11229,10985,0,0,519,1365,0,2627,1288,640,1149,103,410,0,0,0,1246,10880,208,208,0,105,0,1254,212
 19550,0,11347,1169,848,1904,2379,529,11234,10985,0,0,519,1365,0,2627,1288,640,1149,103,410,0,0,0,1246,10880,208,208,0,105,0,1254,212
 19555,0,11347,1169,848,1904,2379,529,11239,10985,0,0,519,1365,0,2627,1288,640,1149,103,410,0,0,0,1246,10880,208,208,0,105,0,1254,212
 19560,0,11347,1169,848,1904,2379,529,11244,10985,0,0,519,1365,0,2627,1288,640,1149,103,410,0,0,0,1246,10880,208,208,0,105,0,1254,212
 19565,0,11347,1169,848,1904,2379,529,11246,10985,0,0,519,1365,0,2627,1288,640,1149,103,410,0,0,0,1246,10880,208,208,0,105,0,1254,212
 19570,0,11347,1169,848,1904,2379,529,11246,10985,0,0,519,1365,0,2627,1288,640,1149,103,410,0,0,0,1246,10880,208,208,0,105,0,1254,212
 19575,0,11347,1169,848,1904,2379,529,11246,10985,0,0,519,1365,0,2627,1288,640,1149,103,410,0,0,0,1246,10880,208,208,0,105,0,1254,212
 19580,0,11347,1169,848,1904,2379,529,11246,10985,0,0,519,1365,0,2627,1288,640,1149,103,410,0,0,0,1246,10880,208,208,0,105,0,1254,212
 19585,0,11347,1169,848,1904,2379,529,11246,10985,0,0,519,1365,0,2627,1288,640,1149,103,410,0,0,0,1246,10880,208,208,0,105,0,1254,212
 19590,0,11347,1169,848,1904,2379,529,11246,10985,0,0,519,1365,0,2627,1288,640,1149,103,410,0,0,0,1246,10880,208,208,0,105,0,1254,212
 19595,0,11347,1169,848,1904,2379,529,11246,10985,0,0,519,1365,0,2627,1288,640,1149,103,410,0,0,0,1246,10880,208,208,0,105,0,1254,212
 19600,0,11347,1169,848,1904,2379,529,11246,10985,0,0,519,1365,0,2627,1288,640,1149,103,410,0,0,0,1246,10880,208,208,0,105,0,1254,212
 19605,0,11347,1169,848,1904,2379,529,11246,10985,0,0,519,1365,0,2627,1288,640,1149,103,410,0,0,0,1246,10879,208,208,0,105,0,1254,212
 19610,0,11347,1169,848,1904,2379,529,11246,10985,0,0,519,1365,0,2627,1288,640,1149,103,410,0,0,0,1246,10884,208,208,0,105,0,1254,212
 19615,0,11347,1169,848,1904,2379,529,11246,10985,0,0,519,1365,0,2627,1288,640,1149,103,410,0,0,0,1246,10889,208,208,0,105,0,1254,212
 19620,0,11346,1169,848,1904,2379,529,11246,10985,0,0,519,1365,0,2627,1288,640,1149,103,410,0,0,0,1246,10894,208,208,0,105,0,1254,212
 19625,0,11351,1169,848,1904,2379,529,11246,10985,0,0,519,1365,0,2627,1288,640,1149,103,410,0,0,0,1246,10899,208,208,0,105,0,1254,212
 19630,0,11356,1169,848,1904,2379,529,11246,10985,0,0,519,1365,0,2627,1288,640,1149,103,410,0,0,0,1246,10904,208,208,0,105,0,1254,212
 19635,0,11361,1169,848,1904,2379,529,11246,10985,0,0,519,1365,0,2627,1288,640,1149,103,410,0,0,0,1246,10909,208,208,0,105,0,1254,212
 19640,0,11366,1169,848,1904,2379,529,11246,10988,0,0,519,1365,0,2627,1288,640,1149,103,410,0,0,0,1246,10914,208,208,0,105,0,1254,212
 19645,0,11371,1169,848,1904,2379,529,11246,10993,0,0,519,1365,0,2627,1288,640,1149,103,410,0,0,0,1246,10919,208,208,0,105,0,1254,212
 19650,0,11376,1169,848,1904,2379,529,11246,10998,0,0,519,1365,0,2627,1288,640,1149,103,410,0,0,0,1246,10924,208,208,0,105,0,1254,212
 19655,0,11381,1169,848,1904,2379,529,11246,11003,0,0,519,1365,0,2627,1288,640,1149,103,410,0,0,0,1246,10929,208,208,0,105,0,1254,212
 19660,0,11386,1169,848,1904,2379,529,11245,11008,0,0,519,1365,0,2627,1288,640,1149,103,410,0,0,0,1246,10934,208,208,0,105,0,1254,212
 19665,0,11391,1169,848,1904,2379,529,11250,11013,0,0,519,1365,0,2627,1288,640,1149,103,410,0,0,0,1246,10939,208,208,0,105,0,1254,212
 19670,0,11396,1169,848,1904,2379,529,11255,11018,0,0,519,1365,0,2627,1288,640,1149,103,410,0,0,0,1246,10944,208,208,0,105,0,1254,212
 19675,0,11401,1169,848,1904,2379,529,11260,11023,0,0,519,1365,0,2627,1288,640,1149,103,410,0,0,0,1246,10949,208,208,0,105,0,1254,212
 19680,0,11406,1169,848,1904,2379,529,11265,11028,0,0,519,1365,0,2627,1288,640,1149,103,410,0,0,0,1246,10954,208,208,0,105,0,1254,212
 19685,0,11411,1169,848,1904,2379,529,11270,11033,0,0,519,1365,0,2627,1288,640,1149,103,410,0,0,0,1246,10959,208,208,0,105,0,1254,212
 19690,0,11416,1169,848,1904,2379,529,11275,11038,0,0,519,1365,0,2627,1288,640,1149,103,410,0,0,0,1246,10964,208,208,0,105,0,1254,212
 19695,0,11421,1169,848,1904,2379,529,11280,11043,0,0,519,1365,0,2627,1288,640,1149,103,410,0,0,0,1246,10969,208,208,0,105,0,1254,212
 19700,0,11426,1169,848,1904,2379,529,11285,11048,0,0,519,1365,0,2627,1288,640,1149,103,410,0,0,0,1246,10974,208,208,0,105,0,1254,212
 19705,0,11431,1169,848,1904,2379,529,11290,11053,0,0,519,1365,0,2627,1288,640,1149,103,410,0,0,0,1246,10979,208,208,0,105,0,1254,212
 19710,0,11436,1169,848,1904,2379,529,11295,11058,0,0,519,1365,0,2627,1288,640,1149,103,410,0,0,0,1246,10984,208,208,0,105,0,1254,212
 19715,0,11441,1169,848,1904,2379,529,11300,11063,0,0,519,1365,0,2627,1288,640,1149,103,410,0,0,0,1246,10987,208,208,0,105,0,1254,212
 19720,0,11446,1169,848,1904,2379,529,11305,11068,0,0,519,1365,0,2627,1288,640,1149,103,410,0,0,0,1246,10987,208,208,0,105,0,1254,212
 19725,0,11448,1169,848,1904,2379,529,11310,11073,0,0,519,1365,0,2627,1288,640,1149,103,410,0,0,0,1246,10987,208,208,0,105,0,1254,212
 19730,0,11448,1169,848,1904,2379,529,11315,11078,0,0,519,1365,0,2627,1288,640,1149,103,410,0,0,0,1246,10987,208,208,0,105,0,1254,212
 19735,0,11448,1169,848,1904,2379,529,11320,11083,0,0,519,1365,0,2627,1288,640,1149,103,410,0,0,0,1246,10987,208,208,0,105,0,1254,212
 19740,0,11448,1169,848,1904,2379,529,11325,11088,0,0,519,1365,0,2627,1288,640,1149,103,410,0,0,0,1246,10987,208,208,0,105,0,1254,212
 19745,0,11448,1169,848,1904,2379,529,11330,11094,0,0,519,1365,0,2627,1288,640,1149,103,410,0,0,0,1246,10987,208,208,0,105,0,1254,212
 19750,0,11448,1169,848,1904,2379,529,11335,11094,0,0,519,1365,0,2627,1288,640,1149,103,410,0,0,0,1246,10987,208,208,0,105,0,1254,212
 19755,0,11448,1169,848,1904,2379,529,11340,11094,0,0,519,1365,0,2627,1288,640,1149,103,410,0,0,0,1246,10987,208,208,0,105,0,1254,212
 19760,0,11448,1169,848,1904,2379,529,11345,11094,0,0,519,1365,0,2627,1288,640,1149,103,410,0,0,0,1246,10987,208,208,0,105,0,1254,212
 19765,0,11448,1169,848,1904,2379,529,11349,11094,0,0,519,1365,0,2627,1288,640,1149,103,410,0,0,0,1246,10987,208,208,0,105,0,1254,212
 19770,0,11448,1169,848,1904,2379,529,11349,11094,0,0,519,1365,0,2627,1288,640,1149,103,410,0,0,0,1246,10987,208,208,0,105,0,1254,212
 19775,0,11448,1169,848,1904,2379,529,11349,11094,0,0,519,1365,0,2627,1288,640,1149,103,410,0,0,0,1246,10987,208,208,0,105,0,1254,212
 19780,0,11448,1169,848,1904,2379,529,11349,11094,0,0,519,1365,0,2627,1288,640,1149,103,410,0,0,0,1246,10987,208,208,0,105,0,1254,212
 19785,0,11448,1169,848,1904,2379,529,11349,11094,0,0,519,1365,0,2627,1288,640,1149,103,410,0,0,0,1246,10987,208,208,0,105,0,1254,212
 19790,0,11448,1169,848,1904,2379,529,11349,11094,0,0,519,1365,0,2627,1288,640,1149,103,410,0,0,0,1246,10987,208,208,0,105,0,1254,212
 19795,0,11448,1169,848,1904,2379,529,11349,11094,0,0,519,1365,0,2627,1288,640,1149,103,410,0,0,0,1246,10987,208,208,0,105,0,1254,212
 19800,0,11448,1169,848,1904,2379,529,11349,11094,0,0,519,1365,0,2627,1288,640,1149,103,410,0,0,0,1246,10987,208,208,0,105,0,1254,212
 19805,0,11448,1169,848,1904,2379,529,11349,11094,0,0,519,1365,0,2627,1288,640,1149,103,410,0,0,0,1246,10987,208,208,0,105,0,1254,212
 19810,0,11448,1169,848,1904,2379,529,11349,11094,0,0,519,1365,0,2627,1288,640,1149,103,410,0,0,0,1246,10987,208,208,0,105,0,1254,212
 19815,0,11448,1169,848,1904,2379,529,11349,11094,0,0,519,1365,0,2627,1288,640,1149,103,410,0,0,0,1246,10987,208,208,0,105,0,1254,212
 19820,0,11448,1169,848,1904,2379,529,11349,11094,0,0,519,1365,0,2627,1288,640,1149,103,410,0,0,0,1246,10987,208,208,0,105,0,1254,212
 19825,0,11448,1169,848,1904,2379,529,11349,11094,0,0,519,1365,0,2627,1288,640,1149,103,410,0,0,0,1246,10987,208,208,0,105,0,1254,212
 19830,0,11448,1169,848,1904,2379,529,11349,11094,0,0,519,1365,0,2627,1288,640,1149,103,410,0,0,0,1246,10987,208,208,0,105,0,1254,212
 19835,0,11448,1169,848,1904,2379,529,11349,11094,0,0,519,1365,0,2627,1288,640,1149,103,410,0,0,0,1246,10987,208,208,0,105,0,1254,212
 19840,0,11448,1169,848,1904,2379,529,11349,11094,0,0,519,1365,0,2627,1288,640,1149,103,410,0,0,0,1246,10987,208,208,0,105,0,1254,212
 19845,0,11448,1169,848,1904,2379,529,11348,11094,0,0,519,1365,0,2627,1288,640,1149,103,410,0,0,0,1246,10990,208,208,0,105,0,1254,212
 19850,0,11448,1169,848,1904,2379,529,11353,11099,0,0,519,1365,0,2627,1288,640,1149,103,410,0,0,0,1246,10995,208,208,0,105,0,1254,212
 19855,0,11448,1169,848,1904,2379,529,11358,11104,0,0,519,1365,0,2627,1288,640,1149,103,410,0,0,0,1246,11000,208,208,0,105,0,1254,212
 19860,0,11448,1169,848,1904,2379,529,11363,11109,0,0,519,1365,0,2627,1288,640,1149,103,410,0,0,0,1246,11005,208,208,0,105,0,1254,212
 19865,0,11448,1169,848,1904,2379,529,11368,11114,0,0,519,1365,0,2627,1288,640,1149,103,410,0,0,0,1246,11010,208,208,0,105,0,1254,212
 19870,0,11448,1169,848,1904,2379,529,11373,11119,0,0,519,1365,0,2627,1288,640,1149,103,410,0,0,0,1246,11015,208,208,0,105,0,1254,212
 19875,0,11448,1169,848,1904,2379,529,11378,11124,0,0,519,1365,0,2627,1288,640,1149,103,410,0,0,0,1246,11020,208,208,0,105,0,1254,212
 19880,0,11448,1169,848,1904,2379,529,11383,11129,0,0,519,1365,0,2627,1288,640,1149,103,410,0,0,0,1246,11025,208,208,0,105,0,1254,212
 19885,0,11448,1169,848,1904,2379,529,11388,11134,0,0,519,1365,0,2627,1288,640,1149,103,410,0,0,0,1246,11030,208,208,0,105,0,1254,212
 19890,0,11448,1169,848,1904,2379,529,11393,11139,0,0,519,1365,0,2627,1288,640,1149,103,410,0,0,0,1246,11035,208,208,0,105,0,1254,212
 19895,0,11448,1169,848,1904,2379,529,11398,11144,0,0,519,1365,0,2627,1288,640,1149,103,410,0,0,0,1246,11040,208,208,0,105,0,1254,212
 19900,0,11448,1169,848,1904,2379,529,11403,11149,0,0,519,1365,0,2627,1288,640,1149,103,410,0,0,0,1246,11045,208,208,0,105,0,1254,212
 19905,0,11448,1169,848,1904,2379,529,11408,11154,0,0,519,1365,0,2627,1288,640,1149,103,410,0,0,0,1246,11050,208,208,0,105,0,1254,212
 19910,0,11448,1169,848,1904,2379,529,11413,11159,0,0,519,1365,0,2627,1288,640,1149,103,410,0,0,0,1246,11055,208,208,0,105,0,1254,212
 19915,0,11448,1169,848,1904,2379,529,11418,11164,0,0,519,1365,0,2627,1288,640,1149,103,410,0,0,0,1246,11060,208,208,0,105,0,1254,212
 19920,0,11448,1169,848,1904,2379,529,11423,11169,0,0,519,1365,0,2627,1288,640,1149,103,410,0,0,0,1246,11065,208,208,0,105,0,1254,212
 19925,0,11448,1169,848,1904,2379,529,11428,11174,0,0,519,1365,0,2627,1288,640,1149,103,410,0,0,0,1246,11070,208,208,0,105,0,1254,212
 19930,0,11450,1169,848,1904,2379,529,11433,11179,0,0,519,1365,0,2627,1288,640,1149,103,410,0,0,0,1246,11075,208,208,0,105,0,1254,212
 19935,0,11455,1169,848,1904,2379,529,11438,11184,0,0,519,1365,0,2627,1288,640,1149,103,410,0,0,0,1246,11080,208,208,0,105,0,1254,212
 19940,0,11460,1169,848,1904,2379,529,11443,11189,0,0,519,1365,0,2627,1288,640,1149,103,410,0,0,0,1246,11085,208,208,0,105,0,1254,212
 19945,0,11465,1169,848,1904,2379,529,11448,11194,0,0,519,1365,0,2627,1288,640,1149,103,410,0,0,0,1246,11090,208,208,0,105,0,1254,212
 19950,0,11470,1169,848,1904,2379,529,11450,11199,0,0,519,1365,0,2627,1288,640,1149,103,410,0,0,0,1246,11090,208,208,0,105,0,1254,212
 19955,0,11475,1169,848,1904,2379,529,11450,11199,0,0,519,1365,0,2627,1288,640,1149,103,410,0,0,0,1246,11090,208,208,0,105,0,1254,212
 19960,0,11480,1169,848,1904,2379,529,11450,11199,0,0,519,1365,0,2627,1288,640,1149,103,410,0,0,0,1246,11090,208,208,0,105,0,1254,212
 19965,0,11485,1169,848,1904,2379,529,11450,11199,0,0,519,1365,0,2627,1288,640,1149,103,410,0,0,0,1246,11090,208,208,0,105,0,1254,212
 19970,0,11490,1169,848,1904,2379,529,11450,11199,0,0,519,1365,0,2627,1288,640,1149,103,410,0,0,0,1246,11090,208,208,0,105,0,1254,212
 19975,0,11495,1169,848,1904,2379,529,11450,11199,0,0,519,1365,0,2627,1288,640,1149,103,410,0,0,0,1246,11090,208,208,0,105,0,1254,212
 19980,0,11500,1169,848,1904,2379,529,11450,11199,0,0,519,1365,0,2627,1288,640,1149,103,410,0,0,0,1246,11090,208,208,0,105,0,1254,212
 19985,0,11505,1169,848,1904,2379,529,11450,11199,0,0,519,1365,0,2627,1288,640,1149,103,410,0,0,0,1246,11090,208,208,0,105,0,1254,212
 19990,0,11510,1169,848,1904,2379,529,11450,11199,0,0,519,1365,0,2627,1288,640,1149,103,410,0,0,0,1246,11090,208,208,0,105,0,1254,212
 19995,0,11515,1169,848,1904,2379,529,11450,11199,0,0,519,1365,0,2627,1288,640,1149,103,410,0,0,0,1246,11090,208,208,0,105,0,1254,212
 20000,0,11520,1169,848,1904,2379,529,11450,11199,0,0,519,1365,0,2627,1288,640,1149,103,410,0,0,0,1246,11090,208,208,0,105,0,1254,212
 20005,0,11525,1169,848,1904,2379,529,11450,11199,0,0,519,1365,0,2627,1288,640,1149,103,410,0,0,0,1246,11090,208,208,0,105,0,1254,212
 20010,0,11530,1169,848,1904,2379,529,11450,11199,0,0,519,1365,0,2627,1288,640,1149,103,410,0,0,0,1246,11090,208,208,0,105,0,1254,212
 20015,0,11535,1169,848,1904,2379,529,11450,11199,0,0,519,1365,0,2627,1288,640,1149,103,410,0,0,0,1246,11090,208,208,0,105,0,1254,212
 20020,0,11540,1169,848,1904,2379,529,11450,11199,0,0,519,1365,0,2627,1288,640,1149,103,410,0,0,0,1246,11090,208,208,0,105,0,1254,212
 20025,0,11545,1169,848,1904,2379,529,11450,11199,0,0,519,1365,0,2627,1288,640,1149,103,410,0,0,0,1246,11090,208,208,0,105,0,1254,212
 20030,0,11551,1169,848,1904,2379,529,11450,11199,0,0,519,1365,0,2627,1288,640,1149,103,410,0,0,0,1246,11090,208,208,0,105,0,1254,212
 20035,0,11551,1169,848,1904,2379,529,11450,11199,0,0,519,1365,0,2627,1288,640,1149,103,410,0,0,0,1246,11090,208,208,0,105,0,1254,212
 20040,0,11551,1169,848,1904,2379,529,11450,11202,0,0,519,1365,0,2627,1288,640,1149,103,410,0,0,0,1246,11090,208,208,0,105,0,1254,212
 20045,0,11551,1169,848,1904,2379,529,11453,11207,0,0,519,1365,0,2627,1288,640,1149,103,410,0,0,0,1246,11090,208,208,0,105,0,1254,212
 20050,0,11551,1169,848,1904,2379,529,11458,11212,0,0,519,1365,0,2627,1288,640,1149,103,410,0,0,0,1246,11090,208,208,0,105,0,1254,212
 20055,0,11551,1169,848,1904,2379,529,11463,11217,0,0,519,1365,0,2627,1288,640,1149,103,410,0,0,0,1246,11090,208,208,0,105,0,1254,212
 20060,0,11551,1169,848,1904,2379,529,11468,11222,0,0,519,1365,0,2627,1288,640,1149,103,410,0,0,0,1246,11089,208,208,0,105,0,1254,212
 20065,0,11551,1169,848,1904,2379,529,11473,11227,0,0,519,1365,0,2627,1288,640,1149,103,410,0,0,0,1246,11094,208,208,0,105,0,1254,212
 20070,0,11551,1169,848,1904,2379,529,11478,11232,0,0,519,1365,0,2627,1288,640,1149,103,410,0,0,0,1246,11099,208,208,0,105,0,1254,212
 20075,0,11551,1169,848,1904,2379,529,11483,11237,0,0,519,1365,0,2627,1288,640,1149,103,410,0,0,0,1246,11104,208,208,0,105,0,1254,212
 20080,0,11551,1169,848,1904,2379,529,11488,11242,0,0,519,1365,0,2627,1288,640,1149,103,410,0,0,0,1246,11109,208,208,0,105,0,1254,212
 20085,0,11551,1169,848,1904,2379,529,11493,11247,0,0,519,1365,0,2627,1288,640,1149,103,410,0,0,0,1246,11114,208,208,0,105,0,1254,212
 20090,0,11551,1169,848,1904,2379,529,11498,11252,0,0,519,1365,0,2627,1288,640,1149,103,410,0,0,0,1246,11119,208,208,0,105,0,1254,212
 20095,0,11551,1169,848,1904,2379,529,11503,11257,0,0,519,1365,0,2627,1288,640,1149,103,410,0,0,0,1246,11124,208,208,0,105,0,1254,212
 20100,0,11551,1169,848,1904,2379,529,11508,11262,0,0,519,1365,0,2627,1288,640,1149,103,410,0,0,0,1246,11129,208,208,0,105,0,1254,212
 20105,0,11551,1169,848,1904,2379,529,11513,11267,0,0,519,1365,0,2627,1288,640,1149,103,410,0,0,0,1246,11134,208,208,0,105,0,1254,212
 20110,0,11551,1169,848,1904,2379,529,11518,11272,0,0,519,1365,0,2627,1288,640,1149,103,410,0,0,0,1246,11139,208,208,0,105,0,1254,212
 20115,0,11551,1169,848,1904,2379,529,11523,11277,0,0,519,1365,0,2627,1288,640,1149,103,410,0,0,0,1246,11144,208,208,0,105,0,1254,212
 20120,0,11551,1169,848,1904,2379,529,11528,11282,0,0,519,1365,0,2627,1288,640,1149,103,410,0,0,0,1246,11149,208,208,0,105,0,1254,212
 20125,0,11551,1169,848,1904,2379,529,11533,11287,0,0,519,1365,0,2627,1288,640,1149,103,410,0,0,0,1246,11154,208,208,0,105,0,1254,212
 20130,0,11551,1169,848,1904,2379,529,11538,11292,0,0,519,1365,0,2627,1288,640,1149,103,410,0,0,0,1246,11159,208,208,0,105,0,1254,212
 20135,0,11551,1169,848,1904,2379,529,11543,11297,0,0,519,1365,0,2627,1288,640,1149,103,410,0,0,0,1246,11164,208,208,0,105,0,1254,212
 20140,0,11551,1169,848,1904,2379,529,11548,11302,0,0,519,1365,0,2627,1288,640,1149,103,410,0,0,0,1246,11169,208,208,0,105,0,1254,212
 20145,0,11553,1169,848,1904,2379,529,11553,11306,0,0,519,1365,0,2627,1288,640,1149,103,410,0,0,0,1246,11174,208,208,0,105,0,1254,212
 20150,0,11558,1169,848,1904,2379,529,11555,11306,0,0,519,1365,0,2627,1288,640,1149,103,410,0,0,0,1246,11179,208,208,0,105,0,1254,212
 20155,0,11563,1169,848,1904,2379,529,11555,11306,0,0,519,1365,0,2627,1288,640,1149,103,410,0,0,0,1246,11184,208,208,0,105,0,1254,212
 20160,0,11568,1169,848,1904,2379,529,11555,11306,0,0,519,1365,0,2627,1288,640,1149,103,410,0,0,0,1246,11189,208,208,0,105,0,1254,212
 20165,0,11573,1169,848,1904,2379,529,11555,11306,0,0,519,1365,0,2627,1288,640,1149,103,410,0,0,0,1246,11195,208,208,0,105,0,1254,212
 20170,0,11578,1169,848,1904,2379,529,11555,11306,0,0,519,1365,0,2627,1288,640,1149,103,410,0,0,0,1246,11195,208,208,0,105,0,1254,212
 20175,0,11583,1169,848,1904,2379,529,11555,11306,0,0,519,1365,0,2627,1288,640,1149,103,410,0,0,0,1246,11195,208,208,0,105,0,1254,212
 20180,0,11588,1169,848,1904,2379,529,11555,11306,0,0,519,1365,0,2627,1288,640,1149,103,410,0,0,0,1246,11195,208,208,0,105,0,1254,212
 20185,0,11593,1169,848,1904,2379,529,11555,11306,0,0,519,1365,0,2627,1288,640,1149,103,410,0,0,0,1246,11195,208,208,0,105,0,1254,212
 20190,0,11598,1169,848,1904,2379,529,11555,11306,0,0,519,1365,0,2627,1288,640,1149,103,410,0,0,0,1246,11195,208,208,0,105,0,1254,212
 20195,0,11603,1169,848,1904,2379,529,11555,11306,0,0,519,1365,0,2627,1288,640,1149,103,410,0,0,0,1246,11195,208,208,0,105,0,1254,212
 20200,0,11608,1169,848,1904,2379,529,11555,11306,0,0,519,1365,0,2627,1288,640,1149,103,410,0,0,0,1246,11195,208,208,0,105,0,1254,212
 20205,0,11613,1169,848,1904,2379,529,11555,11306,0,0,519,1365,0,2627,1288,640,1149,103,410,0,0,0,1246,11195,208,208,0,105,0,1254,212
 20210,0,11618,1169,848,1904,2379,529,11555,11306,0,0,519,1365,0,2627,1288,640,1149,103,410,0,0,0,1246,11195,208,208,0,105,0,1254,212
 20215,0,11623,1169,848,1904,2379,529,11555,11306,0,0,519,1365,0,2627,1288,640,1149,103,410,0,0,0,1246,11195,208,208,0,105,0,1254,212
 20220,0,11628,1169,848,1904,2379,529,11555,11306,0,0,519,1365,0,2627,1288,640,1149,103,410,0,0,0,1246,11195,208,208,0,105,0,1254,212
 20225,0,11633,1169,848,1904,2379,529,11555,11306,0,0,519,1365,0,2627,1288,640,1149,103,410,0,0,0,1246,11195,208,208,0,105,0,1254,212
 20230,0,11638,1169,848,1904,2379,529,11555,11306,0,0,519,1365,0,2627,1288,640,1149,103,410,0,0,0,1246,11195,208,208,0,105,0,1254,212
 20235,0,11643,1169,848,1904,2379,529,11555,11306,0,0,519,1365,0,2627,1288,640,1149,103,410,0,0,0,1246,11195,208,208,0,105,0,1254,212
 20240,0,11648,1169,848,1904,2379,529,11555,11306,0,0,519,1365,0,2627,1288,640,1149,103,410,0,0,0,1246,11195,208,208,0,105,0,1254,212
 20245,0,11654,1169,848,1904,2379,529,11555,11306,0,0,519,1365,0,2627,1288,640,1149,103,410,0,0,0,1246,11195,208,208,0,105,0,1254,212
 20250,0,11654,1169,848,1904,2379,529,11555,11306,0,0,519,1365,0,2627,1288,640,1149,103,410,0,0,0,1246,11195,208,208,0,105,0,1254,212
 20255,0,11654,1169,848,1904,2379,529,11554,11306,0,0,519,1365,0,2627,1288,640,1149,103,410,0,0,0,1246,11195,208,208,0,105,0,1254,212
 20260,0,11654,1169,848,1904,2379,529,11559,11306,0,0,519,1365,0,2627,1288,640,1149,103,410,0,0,0,1246,11195,208,208,0,105,0,1254,212
 20265,0,11654,1169,848,1904,2379,529,11564,11306,0,0,519,1365,0,2627,1288,640,1149,103,410,0,0,0,1246,11195,208,208,0,105,0,1254,212
 20270,0,11654,1169,848,1904,2379,529,11569,11306,0,0,519,1365,0,2627,1288,640,1149,103,410,0,0,0,1246,11195,208,208,0,105,0,1254,212
 20275,0,11654,1169,848,1904,2379,529,11574,11309,0,0,519,1365,0,2627,1288,640,1149,103,410,0,0,0,1246,11195,208,208,0,105,0,1254,212
 20280,0,11654,1169,848,1904,2379,529,11579,11314,0,0,519,1365,0,2627,1288,640,1149,103,410,0,0,0,1246,11200,208,208,0,105,0,1254,212
 20285,0,11654,1169,848,1904,2379,529,11584,11319,0,0,519,1365,0,2627,1288,640,1149,103,410,0,0,0,1246,11205,208,208,0,105,0,1254,212
 20290,0,11654,1169,848,1904,2379,529,11589,11324,0,0,519,1365,0,2627,1288,640,1149,103,410,0,0,0,1246,11210,208,208,0,105,0,1254,212
 20295,0,11654,1169,848,1904,2379,529,11594,11329,0,0,519,1365,0,2627,1288,640,1149,103,410,0,0,0,1246,11215,208,208,0,105,0,1254,212
 20300,0,11654,1169,848,1904,2379,529,11599,11334,0,0,519,1365,0,2627,1288,640,1149,103,410,0,0,0,1246,11220,208,208,0,105,0,1254,212
 20305,0,11654,1169,848,1904,2379,529,11604,11339,0,0,519,1365,0,2627,1288,640,1149,103,410,0,0,0,1246,11225,208,208,0,105,0,1254,212
 20310,0,11655,1169,848,1904,2379,529,11609,11344,0,0,519,1365,0,2627,1288,640,1149,103,410,0,0,0,1246,11230,208,208,0,105,0,1254,212
 20315,0,11660,1169,848,1904,2379,529,11614,11349,0,0,519,1365,0,2627,1288,640,1149,103,410,0,0,0,1246,11235,208,208,0,105,0,1254,212
 20320,0,11665,1169,848,1904,2379,529,11619,11354,0,0,519,1365,0,2627,1288,640,1149,103,410,0,0,0,1246,11240,208,208,0,105,0,1254,212
 20325,0,11670,1169,848,1904,2379,529,11624,11359,0,0,519,1365,0,2627,1288,640,1149,103,410,0,0,0,1246,11245,208,208,0,105,0,1254,212
 20330,0,11675,1169,848,1904,2379,529,11629,11364,0,0,519,1365,0,2627,1288,640,1149,103,410,0,0,0,1246,11250,208,208,0,105,0,1254,212
 20335,0,11680,1169,848,1904,2379,529,11634,11369,0,0,519,1365,0,2627,1288,640,1149,103,410,0,0,0,1246,11255,208,208,0,105,0,1254,212
 20340,0,11685,1169,848,1904,2379,529,11639,11374,0,0,519,1365,0,2627,1288,640,1149,103,410,0,0,0,1246,11260,208,208,0,105,0,1254,212
 20345,0,11690,1169,848,1904,2379,529,11644,11379,0,0,519,1365,0,2627,1288,640,1149,103,410,0,0,0,1246,11265,208,208,0,105,0,1254,212
 20350,0,11695,1169,848,1904,2379,529,11649,11384,0,0,519,1365,0,2627,1288,640,1149,103,410,0,0,0,1246,11270,208,208,0,105,0,1254,212
 20355,0,11700,1169,848,1904,2379,529,11654,11389,0,0,519,1365,0,2627,1288,640,1149,103,410,0,0,0,1246,11275,208,208,0,105,0,1254,212
 20360,0,11705,1169,848,1904,2379,529,11658,11394,0,0,519,1365,0,2627,1288,640,1149,103,410,0,0,0,1246,11280,208,208,0,105,0,1254,212
 20365,0,11710,1169,848,1904,2379,529,11658,11399,0,0,519,1365,0,2627,1288,640,1149,103,410,0,0,0,1246,11285,208,208,0,105,0,1254,212
 20370,0,11715,1169,848,1904,2379,529,11658,11404,0,0,519,1365,0,2627,1288,640,1149,103,410,0,0,0,1246,11290,208,208,0,105,0,1254,212
 20375,0,11720,1169,848,1904,2379,529,11658,11409,0,0,519,1365,0,2627,1288,640,1149,103,410,0,0,0,1246,11295,208,208,0,105,0,1254,212
 20380,0,11725,1169,848,1904,2379,529,11658,11411,0,0,519,1365,0,2627,1288,640,1149,103,410,0,0,0,1246,11300,208,208,0,105,0,1254,212
 20385,0,11730,1169,848,1904,2379,529,11658,11411,0,0,519,1365,0,2627,1288,640,1149,103,410,0,0,0,1246,11302,208,208,0,105,0,1254,212
 20390,0,11735,1169,848,1904,2379,529,11658,11411,0,0,519,1365,0,2627,1288,640,1149,103,410,0,0,0,1246,11302,208,208,0,105,0,1254,212
 20395,0,11740,1169,848,1904,2379,529,11658,11411,0,0,519,1365,0,2627,1288,640,1149,103,410,0,0,0,1246,11302,208,208,0,105,0,1254,212
 20400,0,11745,1169,848,1904,2379,529,11658,11411,0,0,519,1365,0,2627,1288,640,1149,103,410,0,0,0,1246,11302,208,208,0,105,0,1254,212
 20405,0,11750,1169,848,1904,2379,529,11658,11411,0,0,519,1365,0,2627,1288,640,1149,103,410,0,0,0,1246,11302,208,208,0,105,0,1254,212
 20410,0,11755,1169,848,1904,2379,529,11658,11411,0,0,519,1365,0,2627,1288,640,1149,103,410,0,0,0,1246,11302,208,208,0,105,0,1254,212
 20415,0,11757,1169,848,1904,2379,529,11658,11411,0,0,519,1365,0,2627,1288,640,1149,103,410,0,0,0,1246,11302,208,208,0,105,0,1254,212
 20420,0,11757,1169,848,1904,2379,529,11658,11411,0,0,519,1365,0,2627,1288,640,1149,103,410,0,0,0,1246,11302,208,208,0,105,0,1254,212
 20425,0,11757,1169,848,1904,2379,529,11658,11411,0,0,519,1365,0,2627,1288,640,1149,103,410,0,0,0,1246,11302,208,208,0,105,0,1254,212
 20430,0,11757,1169,848,1904,2379,529,11658,11411,0,0,519,1365,0,2627,1288,640,1149,103,410,0,0,0,1246,11302,208,208,0,105,0,1254,212
 20435,0,11757,1169,848,1904,2379,529,11658,11411,0,0,519,1365,0,2627,1288,640,1149,103,410,0,0,0,1246,11302,208,208,0,105,0,1254,212
 20440,0,11757,1169,848,1904,2379,529,11658,11411,0,0,519,1365,0,2627,1288,640,1149,103,410,0,0,0,1246,11302,208,208,0,105,0,1254,212
 20445,0,11757,1169,848,1904,2379,529,11658,11411,0,0,519,1365,0,2627,1288,640,1149,103,410,0,0,0,1246,11302,208,208,0,105,0,1254,212
 20450,0,11757,1169,848,1904,2379,529,11658,11411,0,0,519,1365,0,2627,1288,640,1149,103,410,0,0,0,1246,11302,208,208,0,105,0,1254,212
 20455,0,11757,1169,848,1904,2379,529,11658,11411,0,0,519,1365,0,2627,1288,640,1149,103,410,0,0,0,1246,11302,208,208,0,105,0,1254,212
 20460,0,11757,1169,848,1904,2379,529,11658,11411,0,0,519,1365,0,2627,1288,640,1149,103,410,0,0,0,1246,11302,208,208,0,105,0,1254,212
 20465,0,11757,1169,848,1904,2379,529,11658,11411,0,0,519,1365,0,2627,1288,640,1149,103,410,0,0,0,1246,11302,208,208,0,105,0,1254,212
 20470,0,11757,1169,848,1904,2379,529,11658,11411,0,0,519,1365,0,2627,1288,640,1149,103,410,0,0,0,1246,11302,208,208,0,105,0,1254,212
 20475,0,11757,1169,848,1904,2379,529,11658,11411,0,0,519,1365,0,2627,1288,640,1149,103,410,0,0,0,1246,11302,208,208,0,105,0,1254,212
 20480,0,11757,1169,848,1904,2379,529,11658,11411,0,0,519,1365,0,2627,1288,640,1149,103,410,0,0,0,1246,11307,208,208,0,105,0,1254,212
 20485,0,11757,1169,848,1904,2379,529,11661,11411,0,0,519,1365,0,2627,1288,640,1149,103,410,0,0,0,1246,11312,208,208,0,105,0,1254,212
 20490,0,11759,1169,848,1904,2379,529,11666,11411,0,0,519,1365,0,2627,1288,640,1149,103,410,0,0,0,1246,11317,208,208,0,105,0,1254,212
 20495,0,11764,1169,848,1904,2379,529,11671,11411,0,0,519,1365,0,2627,1288,640,1149,103,410,0,0,0,1246,11322,208,208,0,105,0,1254,212
 20500,0,11769,1169,848,1904,2379,529,11676,11413,0,0,519,1365,0,2627,1288,640,1149,103,410,0,0,0,1246,11327,208,208,0,105,0,1254,212
 20505,0,11774,1169,848,1904,2379,529,11681,11418,0,0,519,1365,0,2627,1288,640,1149,103,410,0,0,0,1246,11332,208,208,0,105,0,1254,212
 20510,0,11779,1169,848,1904,2379,529,11686,11423,0,0,519,1365,0,2627,1288,640,1149,103,410,0,0,0,1246,11337,208,208,0,105,0,1254,212
 20515,0,11784,1169,848,1904,2379,529,11691,11428,0,0,519,1365,0,2627,1288,640,1149,103,410,0,0,0,1246,11342,208,208,0,105,0,1254,212
 20520,0,11789,1169,848,1904,2379,529,11696,11433,0,0,519,1365,0,2627,1288,640,1149,103,410,0,0,0,1246,11347,208,208,0,105,0,1254,212
 20525,0,11794,1169,848,1904,2379,529,11701,11438,0,0,519,1365,0,2627,1288,640,1149,103,410,0,0,0,1246,11352,208,208,0,105,0,1254,212
 20530,0,11799,1169,848,1904,2379,529,11706,11443,0,0,519,1365,0,2627,1288,640,1149,103,410,0,0,0,1246,11357,208,208,0,105,0,1254,212
 20535,0,11804,1169,848,1904,2379,529,11711,11448,0,0,519,1365,0,2627,1288,640,1149,103,410,0,0,0,1246,11362,208,208,0,105,0,1254,212
 20540,0,11809,1169,848,1904,2379,529,11716,11453,0,0,519,1365,0,2627,1288,640,1149,103,410,0,0,0,1246,11367,208,208,0,105,0,1254,212
 20545,0,11814,1169,848,1904,2379,529,11721,11458,0,0,519,1365,0,2627,1288,640,1149,103,410,0,0,0,1246,11372,208,208,0,105,0,1254,212
 20550,0,11819,1169,848,1904,2379,529,11726,11463,0,0,519,1365,0,2627,1288,640,1149,103,410,0,0,0,1246,11377,208,208,0,105,0,1254,212
 20555,0,11824,1169,848,1904,2379,529,11731,11468,0,0,519,1365,0,2627,1288,640,1149,103,410,0,0,0,1246,11382,208,208,0,105,0,1254,212
 20560,0,11829,1169,848,1904,2379,529,11736,11473,0,0,519,1365,0,2627,1288,640,1149,103,410,0,0,0,1246,11387,208,208,0,105,0,1254,212
 20565,0,11834,1169,848,1904,2379,529,11741,11478,0,0,519,1365,0,2627,1288,640,1149,103,410,0,0,0,1246,11392,208,208,0,105,0,1254,212
 20570,0,11839,1169,848,1904,2379,529,11746,11483,0,0,519,1365,0,2627,1288,640,1149,103,410,0,0,0,1246,11397,208,208,0,105,0,1254,212
 20575,0,11844,1169,848,1904,2379,529,11751,11488,0,0,519,1365,0,2627,1288,640,1149,103,410,0,0,0,1246,11403,208,208,0,105,0,1254,212
 20580,0,11849,1169,848,1904,2379,529,11756,11493,0,0,519,1365,0,2627,1288,640,1149,103,410,0,0,0,1246,11403,208,208,0,105,0,1254,212
 20585,0,11854,1169,848,1904,2379,529,11761,11498,0,0,519,1365,0,2627,1288,640,1149,103,410,0,0,0,1246,11403,208,208,0,105,0,1254,212
 20590,0,11859,1169,848,1904,2379,529,11763,11503,0,0,519,1365,0,2627,1288,640,1149,103,410,0,0,0,1246,11403,208,208,0,105,0,1254,212
 20595,0,11864,1169,848,1904,2379,529,11763,11508,0,0,519,1365,0,2627,1288,640,1149,103,410,0,0,0,1246,11403,208,208,0,105,0,1254,212
 20600,0,11864,1169,848,1904,2379,529,11763,11513,0,0,519,1365,0,2627,1288,640,1149,103,410,0,0,0,1246,11403,208,208,0,105,0,1254,212
 20605,0,11864,1169,848,1904,2379,529,11763,11516,0,0,519,1365,0,2627,1288,640,1149,103,410,0,0,0,1246,11403,208,208,0,105,0,1254,212
 20610,0,11864,1169,848,1904,2379,529,11763,11516,0,0,519,1365,0,2627,1288,640,1149,103,410,0,0,0,1246,11403,208,208,0,105,0,1254,212
 20615,0,11864,1169,848,1904,2379,529,11763,11516,0,0,519,1365,0,2627,1288,640,1149,103,410,0,0,0,1246,11403,208,208,0,105,0,1254,212
 20620,0,11864,1169,848,1904,2379,529,11763,11516,0,0,519,1365,0,2627,1288,640,1149,103,410,0,0,0,1246,11403,208,208,0,105,0,1254,212
 20625,0,11864,1169,848,1904,2379,529,11763,11516,0,0,519,1365,0,2627,1288,640,1149,103,410,0,0,0,1246,11403,208,208,0,105,0,1254,212
 20630,0,11864,1169,848,1904,2379,529,11763,11516,0,0,519,1365,0,2627,1288,640,1149,103,410,0,0,0,1246,11403,208,208,0,105,0,1254,212
 20635,0,11864,1169,848,1904,2379,529,11763,11516,0,0,519,1365,0,2627,1288,640,1149,103,410,0,0,0,1246,11403,208,208,0,105,0,1254,212
 20640,0,11864,1169,848,1904,2379,529,11763,11516,0,0,519,1365,0,2627,1288,640,1149,103,410,0,0,0,1246,11403,208,208,0,105,0,1254,212
 20645,0,11864,1169,848,1904,2379,529,11763,11516,0,0,519,1365,0,2627,1288,640,1149,103,410,0,0,0,1246,11403,208,208,0,105,0,1254,212
 20650,0,11864,1169,848,1904,2379,529,11763,11516,0,0,519,1365,0,2627,1288,640,1149,103,410,0,0,0,1246,11403,208,208,0,105,0,1254,212
 20655,0,11864,1169,848,1904,2379,529,11763,11516,0,0,519,1365,0,2627,1288,640,1149,103,410,0,0,0,1246,11403,208,208,0,105,0,1254,212
 20660,0,11864,1169,848,1904,2379,529,11763,11516,0,0,519,1365,0,2627,1288,640,1149,103,410,0,0,0,1246,11403,208,208,0,105,0,1254,212
 20665,0,11864,1169,848,1904,2379,529,11763,11516,0,0,519,1365,0,2627,1288,640,1149,103,410,0,0,0,1246,11403,208,208,0,105,0,1254,212
 20670,0,11864,1169,848,1904,2379,529,11763,11516,0,0,519,1365,0,2627,1288,640,1149,103,410,0,0,0,1246,11403,208,208,0,105,0,1254,212
 20675,0,11864,1169,848,1904,2379,529,11763,11516,0,0,519,1365,0,2627,1288,640,1149,103,410,0,0,0,1246,11403,208,208,0,105,0,1254,212
 20680,0,11864,1169,848,1904,2379,529,11763,11516,0,0,519,1365,0,2627,1288,640,1149,103,410,0,0,0,1246,11403,208,208,0,105,0,1254,212
 20685,0,11864,1169,848,1904,2379,529,11763,11516,0,0,519,1365,0,2627,1288,640,1149,103,410,0,0,0,1246,11403,208,208,0,105,0,1254,212
 20690,0,11864,1169,848,1904,2379,529,11763,11516,0,0,519,1365,0,2627,1288,640,1149,103,410,0,0,0,1246,11403,208,208,0,105,0,1254,212
 20695,0,11864,1169,848,1904,2379,529,11763,11516,0,0,519,1365,0,2627,1288,640,1149,103,410,0,0,0,1246,11403,208,208,0,105,0,1254,212
 20700,0,11864,1169,848,1904,2379,529,11763,11516,0,0,519,1365,0,2627,1288,640,1149,103,410,0,0,0,1246,11403,208,208,0,105,0,1254,212
 20705,0,11864,1169,848,1904,2379,529,11763,11516,0,0,519,1365,0,2627,1288,640,1149,103,410,0,0,0,1246,11403,208,208,0,105,0,1254,212
 20710,0,11864,1169,848,1904,2379,529,11763,11516,0,0,519,1365,0,2627,1288,640,1149,103,410,0,0,0,1246,11403,208,208,0,105,0,1254,212
 20715,0,11864,1169,848,1904,2379,529,11763,11516,0,0,519,1365,0,2627,1288,640,1149,103,410,0,0,0,1246,11403,208,208,0,105,0,1254,212
 20720,0,11864,1169,848,1904,2379,529,11763,11516,0,0,519,1365,0,2627,1288,640,1149,103,410,0,0,0,1246,11406,208,208,0,105,0,1254,212
 20725,0,11864,1169,848,1904,2379,529,11763,11516,0,0,519,1365,0,2627,1288,640,1149,103,410,0,0,0,1246,11411,208,208,0,105,0,1254,212
 20730,0,11866,1169,848,1904,2379,529,11763,11516,0,0,519,1365,0,2627,1288,640,1149,103,410,0,0,0,1246,11416,208,208,0,105,0,1254,212
 20735,0,11871,1169,848,1904,2379,529,11763,11516,0,0,519,1365,0,2627,1288,640,1149,103,410,0,0,0,1246,11421,208,208,0,105,0,1254,212
 20740,0,11876,1169,848,1904,2379,529,11763,11518,0,0,519,1365,0,2627,1288,640,1149,103,410,0,0,0,1246,11426,208,208,0,105,0,1254,212
 20745,0,11881,1169,848,1904,2379,529,11763,11523,0,0,519,1365,0,2627,1288,640,1149,103,410,0,0,0,1246,11431,208,208,0,105,0,1254,212
 20750,0,11886,1169,848,1904,2379,529,11763,11528,0,0,519,1365,0,2627,1288,640,1149,103,410,0,0,0,1246,11436,208,208,0,105,0,1254,212
 20755,0,11891,1169,848,1904,2379,529,11763,11533,0,0,519,1365,0,2627,1288,640,1149,103,410,0,0,0,1246,11441,208,208,0,105,0,1254,212
 20760,0,11896,1169,848,1904,2379,529,11763,11538,0,0,519,1365,0,2627,1288,640,1149,103,410,0,0,0,1246,11446,208,208,0,105,0,1254,212
 20765,0,11901,1169,848,1904,2379,529,11763,11543,0,0,519,1365,0,2627,1288,640,1149,103,410,0,0,0,1246,11451,208,208,0,105,0,1254,212
 20770,0,11906,1169,848,1904,2379,529,11764,11548,0,0,519,1365,0,2627,1288,640,1149,103,410,0,0,0,1246,11456,208,208,0,105,0,1254,212
 20775,0,11911,1169,848,1904,2379,529,11769,11553,0,0,519,1365,0,2627,1288,640,1149,103,410,0,0,0,1246,11461,208,208,0,105,0,1254,212
 20780,0,11916,1169,848,1904,2379,529,11774,11558,0,0,519,1365,0,2627,1288,640,1149,103,410,0,0,0,1246,11466,208,208,0,105,0,1254,212
 20785,0,11921,1169,848,1904,2379,529,11779,11563,0,0,519,1365,0,2627,1288,640,1149,103,410,0,0,0,1246,11471,208,208,0,105,0,1254,212
 20790,0,11926,1169,848,1904,2379,529,11784,11568,0,0,519,1365,0,2627,1288,640,1149,103,410,0,0,0,1246,11476,208,208,0,105,0,1254,212
 20795,0,11931,1169,848,1904,2379,529,11789,11573,0,0,519,1365,0,2627,1288,640,1149,103,410,0,0,0,1246,11481,208,208,0,105,0,1254,212
 20800,0,11936,1169,848,1904,2379,529,11794,11578,0,0,519,1365,0,2627,1288,640,1149,103,410,0,0,0,1246,11486,208,208,0,105,0,1254,212
 20805,0,11941,1169,848,1904,2379,529,11799,11583,0,0,519,1365,0,2627,1288,640,1149,103,410,0,0,0,1246,11491,208,208,0,105,0,1254,212
 20810,0,11946,1169,848,1904,2379,529,11804,11588,0,0,519,1365,0,2627,1288,640,1149,103,410,0,0,0,1246,11496,208,208,0,105,0,1254,212
 20815,0,11951,1169,848,1904,2379,529,11809,11593,0,0,519,1365,0,2627,1288,640,1149,103,410,0,0,0,1246,11501,208,208,0,105,0,1254,212
 20820,0,11956,1169,848,1904,2379,529,11814,11598,0,0,519,1365,0,2627,1288,640,1149,103,410,0,0,0,1246,11504,208,208,0,105,0,1254,212
 20825,0,11961,1169,848,1904,2379,529,11819,11603,0,0,519,1365,0,2627,1288,640,1149,103,410,0,0,0,1246,11504,208,208,0,105,0,1254,212
 20830,0,11966,1169,848,1904,2379,529,11824,11608,0,0,519,1365,0,2627,1288,640,1149,103,410,0,0,0,1246,11504,208,208,0,105,0,1254,212
 20835,0,11969,1169,848,1904,2379,529,11829,11613,0,0,519,1365,0,2627,1288,640,1149,103,410,0,0,0,1246,11504,208,208,0,105,0,1254,212
 20840,0,11969,1169,848,1904,2379,529,11834,11618,0,0,519,1365,0,2627,1288,640,1149,103,410,0,0,0,1246,11504,208,208,0,105,0,1254,212
 20845,0,11969,1169,848,1904,2379,529,11839,11623,0,0,519,1365,0,2627,1288,640,1149,103,410,0,0,0,1246,11504,208,208,0,105,0,1254,212
 20850,0,11969,1169,848,1904,2379,529,11844,11623,0,0,519,1365,0,2627,1288,640,1149,103,410,0,0,0,1246,11504,208,208,0,105,0,1254,212
 20855,0,11969,1169,848,1904,2379,529,11849,11623,0,0,519,1365,0,2627,1288,640,1149,103,410,0,0,0,1246,11504,208,208,0,105,0,1254,212
 20860,0,11969,1169,848,1904,2379,529,11854,11623,0,0,519,1365,0,2627,1288,640,1149,103,410,0,0,0,1246,11504,208,208,0,105,0,1254,212
 20865,0,11969,1169,848,1904,2379,529,11859,11623,0,0,519,1365,0,2627,1288,640,1149,103,410,0,0,0,1246,11504,208,208,0,105,0,1254,212
 20870,0,11969,1169,848,1904,2379,529,11864,11623,0,0,519,1365,0,2627,1288,640,1149,103,410,0,0,0,1246,11504,208,208,0,105,0,1254,212
 20875,0,11969,1169,848,1904,2379,529,11866,11623,0,0,519,1365,0,2627,1288,640,1149,103,410,0,0,0,1246,11504,208,208,0,105,0,1254,212
 20880,0,11969,1169,848,1904,2379,529,11866,11623,0,0,519,1365,0,2627,1288,640,1149,103,410,0,0,0,1246,11504,208,208,0,105,0,1254,212
 20885,0,11969,1169,848,1904,2379,529,11866,11623,0,0,519,1365,0,2627,1288,640,1149,103,410,0,0,0,1246,11504,208,208,0,105,0,1254,212
 20890,0,11969,1169,848,1904,2379,529,11866,11623,0,0,519,1365,0,2627,1288,640,1149,103,410,0,0,0,1246,11504,208,208,0,105,0,1254,212
 20895,0,11969,1169,848,1904,2379,529,11866,11623,0,0,519,1365,0,2627,1288,640,1149,103,410,0,0,0,1246,11504,208,208,0,105,0,1254,212
 20900,0,11969,1169,848,1904,2379,529,11866,11623,0,0,519,1365,0,2627,1288,640,1149,103,410,0,0,0,1246,11504,208,208,0,105,0,1254,212
 20905,0,11969,1169,848,1904,2379,529,11866,11623,0,0,519,1365,0,2627,1288,640,1149,103,410,0,0,0,1246,11504,208,208,0,105,0,1254,212
 20910,0,11969,1169,848,1904,2379,529,11866,11623,0,0,519,1365,0,2627,1288,640,1149,103,410,0,0,0,1246,11504,208,208,0,105,0,1254,212
 20915,0,11969,1169,848,1904,2379,529,11866,11623,0,0,519,1365,0,2627,1288,640,1149,103,410,0,0,0,1246,11504,208,208,0,105,0,1254,212
 20920,0,11969,1169,848,1904,2379,529,11866,11623,0,0,519,1365,0,2627,1288,640,1149,103,410,0,0,0,1246,11504,208,208,0,105,0,1254,212
 20925,0,11969,1169,848,1904,2379,529,11866,11623,0,0,519,1365,0,2627,1288,640,1149,103,410,0,0,0,1246,11504,208,208,0,105,0,1254,212
 20930,0,11969,1169,848,1904,2379,529,11866,11623,0,0,519,1365,0,2627,1288,640,1149,103,410,0,0,0,1246,11504,208,208,0,105,0,1254,212
 20935,0,11969,1169,848,1904,2379,529,11866,11623,0,0,519,1365,0,2627,1288,640,1149,103,410,0,0,0,1246,11504,208,208,0,105,0,1254,212
 20940,0,11969,1169,848,1904,2379,529,11866,11623,0,0,519,1365,0,2627,1288,640,1149,103,410,0,0,0,1246,11504,208,208,0,105,0,1254,212
 20945,0,11969,1169,848,1904,2379,529,11866,11623,0,0,519,1365,0,2627,1288,640,1149,103,410,0,0,0,1246,11504,208,208,0,105,0,1254,212
 20950,0,11969,1169,848,1904,2379,529,11866,11623,0,0,519,1365,0,2627,1288,640,1149,103,410,0,0,0,1246,11504,208,208,0,105,0,1254,212
 20955,0,11969,1169,848,1904,2379,529,11869,11625,0,0,519,1365,0,2627,1288,640,1149,103,410,0,0,0,1246,11509,208,208,0,105,0,1254,212
 20960,0,11969,1169,848,1904,2379,529,11874,11630,0,0,519,1365,0,2627,1288,640,1149,103,410,0,0,0,1246,11514,208,208,0,105,0,1254,212
 20965,0,11969,1169,848,1904,2379,529,11879,11635,0,0,519,1365,0,2627,1288,640,1149,103,410,0,0,0,1246,11519,208,208,0,105,0,1254,212
 20970,0,11969,1169,848,1904,2379,529,11884,11640,0,0,519,1365,0,2627,1288,640,1149,103,410,0,0,0,1246,11524,208,208,0,105,0,1254,212
 20975,0,11969,1169,848,1904,2379,529,11889,11645,0,0,519,1365,0,2627,1288,640,1149,103,410,0,0,0,1246,11529,208,208,0,105,0,1254,212
 20980,0,11969,1169,848,1904,2379,529,11894,11650,0,0,519,1365,0,2627,1288,640,1149,103,410,0,0,0,1246,11534,208,208,0,105,0,1254,212
 20985,0,11969,1169,848,1904,2379,529,11899,11655,0,0,519,1365,0,2627,1288,640,1149,103,410,0,0,0,1246,11539,208,208,0,105,0,1254,212
 20990,0,11971,1169,848,1904,2379,529,11904,11660,0,0,519,1365,0,2627,1288,640,1149,103,410,0,0,0,1246,11544,208,208,0,105,0,1254,212
 20995,0,11976,1169,848,1904,2379,529,11909,11665,0,0,519,1365,0,2627,1288,640,1149,103,410,0,0,0,1246,11549,208,208,0,105,0,1254,212
 21000,0,11981,1169,848,1904,2379,529,11914,11670,0,0,519,1365,0,2627,1288,640,1149,103,410,0,0,0,1246,11554,208,208,0,105,0,1254,212
 21005,0,11986,1169,848,1904,2379,529,11919,11675,0,0,519,1365,0,2627,1288,640,1149,103,410,0,0,0,1246,11559,208,208,0,105,0,1254,212
 21010,0,11991,1169,848,1904,2379,529,11924,11680,0,0,519,1365,0,2627,1288,640,1149,103,410,0,0,0,1246,11564,208,208,0,105,0,1254,212
 21015,0,11996,1169,848,1904,2379,529,11929,11685,0,0,519,1365,0,2627,1288,640,1149,103,410,0,0,0,1246,11569,208,208,0,105,0,1254,212
 21020,0,12001,1169,848,1904,2379,529,11934,11690,0,0,519,1365,0,2627,1288,640,1149,103,410,0,0,0,1246,11574,208,208,0,105,0,1254,212
 21025,0,12006,1169,848,1904,2379,529,11939,11695,0,0,519,1365,0,2627,1288,640,1149,103,410,0,0,0,1246,11579,208,208,0,105,0,1254,212
 21030,0,12011,1169,848,1904,2379,529,11944,11700,0,0,519,1365,0,2627,1288,640,1149,103,410,0,0,0,1246,11584,208,208,0,105,0,1254,212
 21035,0,12016,1169,848,1904,2379,529,11949,11705,0,0,519,1365,0,2627,1288,640,1149,103,410,0,0,0,1246,11589,208,208,0,105,0,1254,212
 21040,0,12021,1169,848,1904,2379,529,11954,11710,0,0,519,1365,0,2627,1288,640,1149,103,410,0,0,0,1246,11594,208,208,0,105,0,1254,212
 21045,0,12026,1169,848,1904,2379,529,11959,11715,0,0,519,1365,0,2627,1288,640,1149,103,410,0,0,0,1246,11599,208,208,0,105,0,1254,212
 21050,0,12031,1169,848,1904,2379,529,11964,11720,0,0,519,1365,0,2627,1288,640,1149,103,410,0,0,0,1246,11604,208,208,0,105,0,1254,212
 21055,0,12036,1169,848,1904,2379,529,11969,11726,0,0,519,1365,0,2627,1288,640,1149,103,410,0,0,0,1246,11609,208,208,0,105,0,1254,212
 21060,0,12041,1169,848,1904,2379,529,11973,11726,0,0,519,1365,0,2627,1288,640,1149,103,410,0,0,0,1246,11609,208,208,0,105,0,1254,212
 21065,0,12046,1169,848,1904,2379,529,11973,11726,0,0,519,1365,0,2627,1288,640,1149,103,410,0,0,0,1246,11609,208,208,0,105,0,1254,212
 21070,0,12051,1169,848,1904,2379,529,11973,11726,0,0,519,1365,0,2627,1288,640,1149,103,410,0,0,0,1246,11609,208,208,0,105,0,1254,212
 21075,0,12056,1169,848,1904,2379,529,11973,11726,0,0,519,1365,0,2627,1288,640,1149,103,410,0,0,0,1246,11609,208,208,0,105,0,1254,212
 21080,0,12061,1169,848,1904,2379,529,11973,11726,0,0,519,1365,0,2627,1288,640,1149,103,410,0,0,0,1246,11609,208,208,0,105,0,1254,212
 21085,0,12066,1169,848,1904,2379,529,11973,11726,0,0,519,1365,0,2627,1288,640,1149,103,410,0,0,0,1246,11609,208,208,0,105,0,1254,212
 21090,0,12071,1169,848,1904,2379,529,11973,11726,0,0,519,1365,0,2627,1288,640,1149,103,410,0,0,0,1246,11609,208,208,0,105,0,1254,212
 21095,0,12074,1169,848,1904,2379,529,11973,11726,0,0,519,1365,0,2627,1288,640,1149,103,410,0,0,0,1246,11609,208,208,0,105,0,1254,212
 21100,0,12074,1169,848,1904,2379,529,11973,11726,0,0,519,1365,0,2627,1288,640,1149,103,410,0,0,0,1246,11609,208,208,0,105,0,1254,212
 21105,0,12074,1169,848,1904,2379,529,11973,11726,0,0,519,1365,0,2627,1288,640,1149,103,410,0,0,0,1246,11609,208,208,0,105,0,1254,212
 21110,0,12074,1169,848,1904,2379,529,11973,11726,0,0,519,1365,0,2627,1288,640,1149,103,410,0,0,0,1246,11609,208,208,0,105,0,1254,212
 21115,0,12074,1169,848,1904,2379,529,11973,11726,0,0,519,1365,0,2627,1288,640,1149,103,410,0,0,0,1246,11609,208,208,0,105,0,1254,212
 21120,0,12074,1169,848,1904,2379,529,11973,11726,0,0,519,1365,0,2627,1288,640,1149,103,410,0,0,0,1246,11609,208,208,0,105,0,1254,212
 21125,0,12074,1169,848,1904,2379,529,11973,11726,0,0,519,1365,0,2627,1288,640,1149,103,410,0,0,0,1246,11609,208,208,0,105,0,1254,212
 21130,0,12074,1169,848,1904,2379,529,11973,11726,0,0,519,1365,0,2627,1288,640,1149,103,410,0,0,0,1246,11609,208,208,0,105,0,1254,212
 21135,0,12074,1169,848,1904,2379,529,11973,11726,0,0,519,1365,0,2627,1288,640,1149,103,410,0,0,0,1246,11609,208,208,0,105,0,1254,212
 21140,0,12074,1169,848,1904,2379,529,11973,11726,0,0,519,1365,0,2627,1288,640,1149,103,410,0,0,0,1246,11609,208,208,0,105,0,1254,212
 21145,0,12074,1169,848,1904,2379,529,11973,11726,0,0,519,1365,0,2627,1288,640,1149,103,410,0,0,0,1246,11609,208,208,0,105,0,1254,212
 21150,0,12074,1169,848,1904,2379,529,11973,11726,0,0,519,1365,0,2627,1288,640,1149,103,410,0,0,0,1246,11609,208,208,0,105,0,1254,212
 21155,0,12074,1169,848,1904,2379,529,11973,11726,0,0,519,1365,0,2627,1288,640,1149,103,410,0,0,0,1246,11609,208,208,0,105,0,1254,212
 21160,0,12074,1169,848,1904,2379,529,11973,11726,0,0,519,1365,0,2627,1288,640,1149,103,410,0,0,0,1246,11609,208,208,0,105,0,1254,212
 21165,0,12074,1169,848,1904,2379,529,11973,11726,0,0,519,1365,0,2627,1288,640,1149,103,410,0,0,0,1246,11609,208,208,0,105,0,1254,212
 21170,0,12074,1169,848,1904,2379,529,11973,11726,0,0,519,1365,0,2627,1288,640,1149,103,410,0,0,0,1246,11609,208,208,0,105,0,1254,212
 21175,0,12075,1169,848,1904,2379,529,11973,11726,0,0,519,1365,0,2627,1288,640,1149,103,410,0,0,0,1246,11609,208,208,0,105,0,1254,212
 21180,0,12080,1169,848,1904,2379,529,11973,11726,0,0,519,1365,0,2627,1288,640,1149,103,410,0,0,0,1246,11609,208,208,0,105,0,1254,212
 21185,0,12085,1169,848,1904,2379,529,11973,11728,0,0,519,1365,0,2627,1288,640,1149,103,410,0,0,0,1246,11608,208,208,0,105,0,1254,212
 21190,0,12090,1169,848,1904,2379,529,11973,11733,0,0,519,1365,0,2627,1288,640,1149,103,410,0,0,0,1246,11613,208,208,0,105,0,1254,212
 21195,0,12095,1169,848,1904,2379,529,11973,11738,0,0,519,1365,0,2627,1288,640,1149,103,410,0,0,0,1246,11618,208,208,0,105,0,1254,212
 21200,0,12100,1169,848,1904,2379,529,11976,11743,0,0,519,1365,0,2627,1288,640,1149,103,410,0,0,0,1246,11623,208,208,0,105,0,1254,212
 21205,0,12105,1169,848,1904,2379,529,11981,11748,0,0,519,1365,0,2627,1288,640,1149,103,410,0,0,0,1246,11628,208,208,0,105,0,1254,212
 21210,0,12110,1169,848,1904,2379,529,11986,11753,0,0,519,1365,0,2627,1288,640,1149,103,410,0,0,0,1246,11633,208,208,0,105,0,1254,212
 21215,0,12115,1169,848,1904,2379,529,11991,11758,0,0,519,1365,0,2627,1288,640,1149,103,410,0,0,0,1246,11638,208,208,0,105,0,1254,212
 21220,0,12120,1169,848,1904,2379,529,11996,11763,0,0,519,1365,0,2627,1288,640,1149,103,410,0,0,0,1246,11643,208,208,0,105,0,1254,212
 21225,0,12125,1169,848,1904,2379,529,12001,11768,0,0,519,1365,0,2627,1288,640,1149,103,410,0,0,0,1246,11648,208,208,0,105,0,1254,212
 21230,0,12130,1169,848,1904,2379,529,12006,11773,0,0,519,1365,0,2627,1288,640,1149,103,410,0,0,0,1246,11653,208,208,0,105,0,1254,212
 21235,0,12135,1169,848,1904,2379,529,12011,11778,0,0,519,1365,0,2627,1288,640,1149,103,410,0,0,0,1246,11658,208,208,0,105,0,1254,212
 21240,0,12140,1169,848,1904,2379,529,12016,11783,0,0,519,1365,0,2627,1288,640,1149,103,410,0,0,0,1246,11663,208,208,0,105,0,1254,212
 21245,0,12145,1169,848,1904,2379,529,12021,11788,0,0,519,1365,0,2627,1288,640,1149,103,410,0,0,0,1246,11668,208,208,0,105,0,1254,212
 21250,0,12150,1169,848,1904,2379,529,12026,11793,0,0,519,1365,0,2627,1288,640,1149,103,410,0,0,0,1246,11673,208,208,0,105,0,1254,212
 21255,0,12155,1169,848,1904,2379,529,12031,11798,0,0,519,1365,0,2627,1288,640,1149,103,410,0,0,0,1246,11678,208,208,0,105,0,1254,212
 21260,0,12160,1169,848,1904,2379,529,12036,11803,0,0,519,1365,0,2627,1288,640,1149,103,410,0,0,0,1246,11683,208,208,0,105,0,1254,212
 21265,0,12165,1169,848,1904,2379,529,12041,11808,0,0,519,1365,0,2627,1288,640,1149,103,410,0,0,0,1246,11688,208,208,0,105,0,1254,212
 21270,0,12170,1169,848,1904,2379,529,12046,11813,0,0,519,1365,0,2627,1288,640,1149,103,410,0,0,0,1246,11693,208,208,0,105,0,1254,212
 21275,0,12175,1169,848,1904,2379,529,12051,11818,0,0,519,1365,0,2627,1288,640,1149,103,410,0,0,0,1246,11698,208,208,0,105,0,1254,212
 21280,0,12177,1169,848,1904,2379,529,12056,11823,0,0,519,1365,0,2627,1288,640,1149,103,410,0,0,0,1246,11703,208,208,0,105,0,1254,212
 21285,0,12177,1169,848,1904,2379,529,12061,11827,0,0,519,1365,0,2627,1288,640,1149,103,410,0,0,0,1246,11708,208,208,0,105,0,1254,212
 21290,0,12177,1169,848,1904,2379,529,12066,11827,0,0,519,1365,0,2627,1288,640,1149,103,410,0,0,0,1246,11713,208,208,0,105,0,1254,212
 21295,0,12177,1169,848,1904,2379,529,12071,11827,0,0,519,1365,0,2627,1288,640,1149,103,410,0,0,0,1246,11716,208,208,0,105,0,1254,212
 21300,0,12177,1169,848,1904,2379,529,12074,11827,0,0,519,1365,0,2627,1288,640,1149,103,410,0,0,0,1246,11716,208,208,0,105,0,1254,212
 21305,0,12177,1169,848,1904,2379,529,12074,11827,0,0,519,1365,0,2627,1288,640,1149,103,410,0,0,0,1246,11716,208,208,0,105,0,1254,212
 21310,0,12177,1169,848,1904,2379,529,12074,11827,0,0,519,1365,0,2627,1288,640,1149,103,410,0,0,0,1246,11716,208,208,0,105,0,1254,212
 21315,0,12177,1169,848,1904,2379,529,12074,11827,0,0,519,1365,0,2627,1288,640,1149,103,410,0,0,0,1246,11716,208,208,0,105,0,1254,212
 21320,0,12177,1169,848,1904,2379,529,12074,11827,0,0,519,1365,0,2627,1288,640,1149,103,410,0,0,0,1246,11716,208,208,0,105,0,1254,212
 21325,0,12177,1169,848,1904,2379,529,12074,11827,0,0,519,1365,0,2627,1288,640,1149,103,410,0,0,0,1246,11716,208,208,0,105,0,1254,212
 21330,0,12177,1169,848,1904,2379,529,12074,11827,0,0,519,1365,0,2627,1288,640,1149,103,410,0,0,0,1246,11716,208,208,0,105,0,1254,212
 21335,0,12177,1169,848,1904,2379,529,12074,11827,0,0,519,1365,0,2627,1288,640,1149,103,410,0,0,0,1246,11716,208,208,0,105,0,1254,212
 21340,0,12177,1169,848,1904,2379,529,12074,11827,0,0,519,1365,0,2627,1288,640,1149,103,410,0,0,0,1246,11716,208,208,0,105,0,1254,212
 21345,0,12177,1169,848,1904,2379,529,12074,11827,0,0,519,1365,0,2627,1288,640,1149,103,410,0,0,0,1246,11716,208,208,0,105,0,1254,212
 21350,0,12177,1169,848,1904,2379,529,12074,11827,0,0,519,1365,0,2627,1288,640,1149,103,410,0,0,0,1246,11716,208,208,0,105,0,1254,212
 21355,0,12177,1169,848,1904,2379,529,12074,11827,0,0,519,1365,0,2627,1288,640,1149,103,410,0,0,0,1246,11716,208,208,0,105,0,1254,212
 21360,0,12177,1169,848,1904,2379,529,12074,11827,0,0,519,1365,0,2627,1288,640,1149,103,410,0,0,0,1246,11716,208,208,0,105,0,1254,212
 21365,0,12177,1169,848,1904,2379,529,12074,11827,0,0,519,1365,0,2627,1288,640,1149,103,410,0,0,0,1246,11716,208,208,0,105,0,1254,212
 21370,0,12177,1169,848,1904,2379,529,12074,11827,0,0,519,1365,0,2627,1288,640,1149,103,410,0,0,0,1246,11716,208,208,0,105,0,1254,212
 21375,0,12177,1169,848,1904,2379,529,12074,11827,0,0,519,1365,0,2627,1288,640,1149,103,410,0,0,0,1246,11716,208,208,0,105,0,1254,212
 21380,0,12177,1169,848,1904,2379,529,12074,11827,0,0,519,1365,0,2627,1288,640,1149,103,410,0,0,0,1246,11716,208,208,0,105,0,1254,212
 21385,0,12177,1169,848,1904,2379,529,12074,11827,0,0,519,1365,0,2627,1288,640,1149,103,410,0,0,0,1246,11716,208,208,0,105,0,1254,212
 21390,0,12177,1169,848,1904,2379,529,12074,11827,0,0,519,1365,0,2627,1288,640,1149,103,410,0,0,0,1246,11716,208,208,0,105,0,1254,212
 21395,0,12177,1169,848,1904,2379,529,12074,11827,0,0,519,1365,0,2627,1288,640,1149,103,410,0,0,0,1246,11716,208,208,0,105,0,1254,212
 21400,0,12177,1169,848,1904,2379,529,12074,11830,0,0,519,1365,0,2627,1288,640,1149,103,410,0,0,0,1246,11716,208,208,0,105,0,1254,212
 21405,0,12179,1169,848,1904,2379,529,12074,11835,0,0,519,1365,0,2627,1288,640,1149,103,410,0,0,0,1246,11715,208,208,0,105,0,1254,212
 21410,0,12184,1169,848,1904,2379,529,12074,11840,0,0,519,1365,0,2627,1288,640,1149,103,410,0,0,0,1246,11720,208,208,0,105,0,1254,212
 21415,0,12189,1169,848,1904,2379,529,12074,11845,0,0,519,1365,0,2627,1288,640,1149,103,410,0,0,0,1246,11725,208,208,0,105,0,1254,212
 21420,0,12194,1169,848,1904,2379,529,12074,11850,0,0,519,1365,0,2627,1288,640,1149,103,410,0,0,0,1246,11730,208,208,0,105,0,1254,212
 21425,0,12199,1169,848,1904,2379,529,12074,11855,0,0,519,1365,0,2627,1288,640,1149,103,410,0,0,0,1246,11735,208,208,0,105,0,1254,212
 21430,0,12204,1169,848,1904,2379,529,12074,11860,0,0,519,1365,0,2627,1288,640,1149,103,410,0,0,0,1246,11740,208,208,0,105,0,1254,212
 21435,0,12209,1169,848,1904,2379,529,12075,11865,0,0,519,1365,0,2627,1288,640,1149,103,410,0,0,0,1246,11745,208,208,0,105,0,1254,212
 21440,0,12214,1169,848,1904,2379,529,12080,11870,0,0,519,1365,0,2627,1288,640,1149,103,410,0,0,0,1246,11750,208,208,0,105,0,1254,212
 21445,0,12219,1169,848,1904,2379,529,12085,11875,0,0,519,1365,0,2627,1288,640,1149,103,410,0,0,0,1246,11755,208,208,0,105,0,1254,212
 21450,0,12224,1169,848,1904,2379,529,12090,11880,0,0,519,1365,0,2627,1288,640,1149,103,410,0,0,0,1246,11760,208,208,0,105,0,1254,212
 21455,0,12229,1169,848,1904,2379,529,12095,11885,0,0,519,1365,0,2627,1288,640,1149,103,410,0,0,0,1246,11765,208,208,0,105,0,1254,212
 21460,0,12234,1169,848,1904,2379,529,12100,11890,0,0,519,1365,0,2627,1288,640,1149,103,410,0,0,0,1246,11770,208,208,0,105,0,1254,212
 21465,0,12239,1169,848,1904,2379,529,12105,11895,0,0,519,1365,0,2627,1288,640,1149,103,410,0,0,0,1246,11775,208,208,0,105,0,1254,212
 21470,0,12244,1169,848,1904,2379,529,12110,11900,0,0,519,1365,0,2627,1288,640,1149,103,410,0,0,0,1246,11780,208,208,0,105,0,1254,212
 21475,0,12249,1169,848,1904,2379,529,12115,11905,0,0,519,1365,0,2627,1288,640,1149,103,410,0,0,0,1246,11785,208,208,0,105,0,1254,212
 21480,0,12254,1169,848,1904,2379,529,12120,11910,0,0,519,1365,0,2627,1288,640,1149,103,410,0,0,0,1246,11790,208,208,0,105,0,1254,212
 21485,0,12259,1169,848,1904,2379,529,12125,11915,0,0,519,1365,0,2627,1288,640,1149,103,410,0,0,0,1246,11795,208,208,0,105,0,1254,212
 21490,0,12264,1169,848,1904,2379,529,12130,11920,0,0,519,1365,0,2627,1288,640,1149,103,410,0,0,0,1246,11800,208,208,0,105,0,1254,212
 21495,0,12269,1169,848,1904,2379,529,12135,11925,0,0,519,1365,0,2627,1288,640,1149,103,410,0,0,0,1246,11805,208,208,0,105,0,1254,212
 21500,0,12274,1169,848,1904,2379,529,12140,11928,0,0,519,1365,0,2627,1288,640,1149,103,410,0,0,0,1246,11810,208,208,0,105,0,1254,212
 21505,0,12279,1169,848,1904,2379,529,12145,11928,0,0,519,1365,0,2627,1288,640,1149,103,410,0,0,0,1246,11815,208,208,0,105,0,1254,212
 21510,0,12282,1169,848,1904,2379,529,12150,11928,0,0,519,1365,0,2627,1288,640,1149,103,410,0,0,0,1246,11821,208,208,0,105,0,1254,212
 21515,0,12282,1169,848,1904,2379,529,12155,11928,0,0,519,1365,0,2627,1288,640,1149,103,410,0,0,0,1246,11821,208,208,0,105,0,1254,212
 21520,0,12282,1169,848,1904,2379,529,12160,11928,0,0,519,1365,0,2627,1288,640,1149,103,410,0,0,0,1246,11821,208,208,0,105,0,1254,212
 21525,0,12282,1169,848,1904,2379,529,12165,11928,0,0,519,1365,0,2627,1288,640,1149,103,410,0,0,0,1246,11821,208,208,0,105,0,1254,212
 21530,0,12282,1169,848,1904,2379,529,12170,11928,0,0,519,1365,0,2627,1288,640,1149,103,410,0,0,0,1246,11821,208,208,0,105,0,1254,212
 21535,0,12282,1169,848,1904,2379,529,12175,11928,0,0,519,1365,0,2627,1288,640,1149,103,410,0,0,0,1246,11821,208,208,0,105,0,1254,212
 21540,0,12282,1169,848,1904,2379,529,12177,11928,0,0,519,1365,0,2627,1288,640,1149,103,410,0,0,0,1246,11821,208,208,0,105,0,1254,212
 21545,0,12282,1169,848,1904,2379,529,12177,11928,0,0,519,1365,0,2627,1288,640,1149,103,410,0,0,0,1246,11821,208,208,0,105,0,1254,212
 21550,0,12282,1169,848,1904,2379,529,12177,11928,0,0,519,1365,0,2627,1288,640,1149,103,410,0,0,0,1246,11821,208,208,0,105,0,1254,212
 21555,0,12282,1169,848,1904,2379,529,12177,11928,0,0,519,1365,0,2627,1288,640,1149,103,410,0,0,0,1246,11821,208,208,0,105,0,1254,212
 21560,0,12282,1169,848,1904,2379,529,12177,11928,0,0,519,1365,0,2627,1288,640,1149,103,410,0,0,0,1246,11821,208,208,0,105,0,1254,212
 21565,0,12282,1169,848,1904,2379,529,12177,11928,0,0,519,1365,0,2627,1288,640,1149,103,410,0,0,0,1246,11821,208,208,0,105,0,1254,212
 21570,0,12282,1169,848,1904,2379,529,12177,11928,0,0,519,1365,0,2627,1288,640,1149,103,410,0,0,0,1246,11821,208,208,0,105,0,1254,212
 21575,0,12282,1169,848,1904,2379,529,12177,11928,0,0,519,1365,0,2627,1288,640,1149,103,410,0,0,0,1246,11821,208,208,0,105,0,1254,212
 21580,0,12282,1169,848,1904,2379,529,12177,11928,0,0,519,1365,0,2627,1288,640,1149,103,410,0,0,0,1246,11821,208,208,0,105,0,1254,212
 21585,0,12282,1169,848,1904,2379,529,12177,11928,0,0,519,1365,0,2627,1288,640,1149,103,410,0,0,0,1246,11821,208,208,0,105,0,1254,212
 21590,0,12282,1169,848,1904,2379,529,12177,11928,0,0,519,1365,0,2627,1288,640,1149,103,410,0,0,0,1246,11821,208,208,0,105,0,1254,212
 21595,0,12282,1169,848,1904,2379,529,12177,11928,0,0,519,1365,0,2627,1288,640,1149,103,410,0,0,0,1246,11821,208,208,0,105,0,1254,212
 21600,0,12282,1169,848,1904,2379,529,12177,11928,0,0,519,1365,0,2627,1288,640,1149,103,410,0,0,0,1246,11821,208,208,0,105,0,1254,212
 21605,0,12282,1169,848,1904,2379,529,12177,11928,0,0,519,1365,0,2627,1288,640,1149,103,410,0,0,0,1246,11821,208,208,0,105,0,1254,212
 21610,0,12282,1169,848,1904,2379,529,12177,11928,0,0,519,1365,0,2627,1288,640,1149,103,410,0,0,0,1246,11821,208,208,0,105,0,1254,212
 21615,0,12282,1169,848,1904,2379,529,12177,11928,0,0,519,1365,0,2627,1288,640,1149,103,410,0,0,0,1246,11821,208,208,0,105,0,1254,212
 21620,0,12282,1169,848,1904,2379,529,12177,11928,0,0,519,1365,0,2627,1288,640,1149,103,410,0,0,0,1246,11821,208,208,0,105,0,1254,212
 21625,0,12281,1169,848,1904,2379,529,12177,11928,0,0,519,1365,0,2627,1288,640,1149,103,410,0,0,0,1246,11821,208,208,0,105,0,1254,212
 21630,0,12286,1169,848,1904,2379,529,12177,11928,0,0,519,1365,0,2627,1288,640,1149,103,410,0,0,0,1246,11821,208,208,0,105,0,1254,212
 21635,0,12291,1169,848,1904,2379,529,12177,11928,0,0,519,1365,0,2627,1288,640,1149,103,410,0,0,0,1246,11821,208,208,0,105,0,1254,212
 21640,0,12296,1169,848,1904,2379,529,12177,11928,0,0,519,1365,0,2627,1288,640,1149,103,410,0,0,0,1246,11820,208,208,0,105,0,1254,212
 21645,0,12301,1169,848,1904,2379,529,12177,11928,0,0,519,1365,0,2627,1288,640,1149,103,410,0,0,0,1246,11825,208,208,0,105,0,1254,212
 21650,0,12306,1169,848,1904,2379,529,12177,11931,0,0,519,1365,0,2627,1288,640,1149,103,410,0,0,0,1246,11830,208,208,0,105,0,1254,212
 21655,0,12311,1169,848,1904,2379,529,12178,11936,0,0,519,1365,0,2627,1288,640,1149,103,410,0,0,0,1246,11835,208,208,0,105,0,1254,212
 21660,0,12316,1169,848,1904,2379,529,12183,11941,0,0,519,1365,0,2627,1288,640,1149,103,410,0,0,0,1246,11840,208,208,0,105,0,1254,212
 21665,0,12321,1169,848,1904,2379,529,12188,11946,0,0,519,1365,0,2627,1288,640,1149,103,410,0,0,0,1246,11845,208,208,0,105,0,1254,212
 21670,0,12326,1169,848,1904,2379,529,12193,11951,0,0,519,1365,0,2627,1288,640,1149,103,410,0,0,0,1246,11850,208,208,0,105,0,1254,212
 21675,0,12331,1169,848,1904,2379,529,12198,11956,0,0,519,1365,0,2627,1288,640,1149,103,410,0,0,0,1246,11855,208,208,0,105,0,1254,212
 21680,0,12336,1169,848,1904,2379,529,12203,11961,0,0,519,1365,0,2627,1288,640,1149,103,410,0,0,0,1246,11860,208,208,0,105,0,1254,212
 21685,0,12341,1169,848,1904,2379,529,12208,11966,0,0,519,1365,0,2627,1288,640,1149,103,410,0,0,0,1246,11865,208,208,0,105,0,1254,212
 21690,0,12346,1169,848,1904,2379,529,12213,11971,0,0,519,1365,0,2627,1288,640,1149,103,410,0,0,0,1246,11870,208,208,0,105,0,1254,212
 21695,0,12351,1169,848,1904,2379,529,12218,11976,0,0,519,1365,0,2627,1288,640,1149,103,410,0,0,0,1246,11875,208,208,0,105,0,1254,212
 21700,0,12356,1169,848,1904,2379,529,12223,11981,0,0,519,1365,0,2627,1288,640,1149,103,410,0,0,0,1246,11880,208,208,0,105,0,1254,212
 21705,0,12361,1169,848,1904,2379,529,12228,11986,0,0,519,1365,0,2627,1288,640,1149,103,410,0,0,0,1246,11885,208,208,0,105,0,1254,212
 21710,0,12366,1169,848,1904,2379,529,12233,11991,0,0,519,1365,0,2627,1288,640,1149,103,410,0,0,0,1246,11890,208,208,0,105,0,1254,212
 21715,0,12371,1169,848,1904,2379,529,12238,11996,0,0,519,1365,0,2627,1288,640,1149,103,410,0,0,0,1246,11895,208,208,0,105,0,1254,212
 21720,0,12376,1169,848,1904,2379,529,12243,12001,0,0,519,1365,0,2627,1288,640,1149,103,410,0,0,0,1246,11900,208,208,0,105,0,1254,212
 21725,0,12381,1169,848,1904,2379,529,12248,12006,0,0,519,1365,0,2627,1288,640,1149,103,410,0,0,0,1246,11905,208,208,0,105,0,1254,212
 21730,0,12385,1169,848,1904,2379,529,12253,12011,0,0,519,1365,0,2627,1288,640,1149,103,410,0,0,0,1246,11910,208,208,0,105,0,1254,212
 21735,0,12385,1169,848,1904,2379,529,12258,12016,0,0,519,1365,0,2627,1288,640,1149,103,410,0,0,0,1246,11915,208,208,0,105,0,1254,212
 21740,0,12385,1169,848,1904,2379,529,12263,12021,0,0,519,1365,0,2627,1288,640,1149,103,410,0,0,0,1246,11920,208,208,0,105,0,1254,212
 21745,0,12385,1169,848,1904,2379,529,12268,12026,0,0,519,1365,0,2627,1288,640,1149,103,410,0,0,0,1246,11926,208,208,0,105,0,1254,212
 21750,0,12385,1169,848,1904,2379,529,12273,12031,0,0,519,1365,0,2627,1288,640,1149,103,410,0,0,0,1246,11926,208,208,0,105,0,1254,212
 21755,0,12385,1169,848,1904,2379,529,12278,12033,0,0,519,1365,0,2627,1288,640,1149,103,410,0,0,0,1246,11926,208,208,0,105,0,1254,212
 21760,0,12385,1169,848,1904,2379,529,12280,12033,0,0,519,1365,0,2627,1288,640,1149,103,410,0,0,0,1246,11926,208,208,0,105,0,1254,212
 21765,0,12385,1169,848,1904,2379,529,12280,12033,0,0,519,1365,0,2627,1288,640,1149,103,410,0,0,0,1246,11926,208,208,0,105,0,1254,212
 21770,0,12385,1169,848,1904,2379,529,12280,12033,0,0,519,1365,0,2627,1288,640,1149,103,410,0,0,0,1246,11926,208,208,0,105,0,1254,212
 21775,0,12385,1169,848,1904,2379,529,12280,12033,0,0,519,1365,0,2627,1288,640,1149,103,410,0,0,0,1246,11926,208,208,0,105,0,1254,212
 21780,0,12385,1169,848,1904,2379,529,12280,12033,0,0,519,1365,0,2627,1288,640,1149,103,410,0,0,0,1246,11926,208,208,0,105,0,1254,212
 21785,0,12385,1169,848,1904,2379,529,12280,12033,0,0,519,1365,0,2627,1288,640,1149,103,410,0,0,0,1246,11926,208,208,0,105,0,1254,212
 21790,0,12385,1169,848,1904,2379,529,12280,12033,0,0,519,1365,0,2627,1288,640,1149,103,410,0,0,0,1246,11926,208,208,0,105,0,1254,212
 21795,0,12385,1169,848,1904,2379,529,12280,12033,0,0,519,1365,0,2627,1288,640,1149,103,410,0,0,0,1246,11926,208,208,0,105,0,1254,212
 21800,0,12385,1169,848,1904,2379,529,12280,12033,0,0,519,1365,0,2627,1288,640,1149,103,410,0,0,0,1246,11926,208,208,0,105,0,1254,212
 21805,0,12385,1169,848,1904,2379,529,12280,12033,0,0,519,1365,0,2627,1288,640,1149,103,410,0,0,0,1246,11926,208,208,0,105,0,1254,212
 21810,0,12385,1169,848,1904,2379,529,12280,12033,0,0,519,1365,0,2627,1288,640,1149,103,410,0,0,0,1246,11926,208,208,0,105,0,1254,212
 21815,0,12385,1169,848,1904,2379,529,12280,12033,0,0,519,1365,0,2627,1288,640,1149,103,410,0,0,0,1246,11926,208,208,0,105,0,1254,212
 21820,0,12385,1169,848,1904,2379,529,12280,12033,0,0,519,1365,0,2627,1288,640,1149,103,410,0,0,0,1246,11926,208,208,0,105,0,1254,212
 21825,0,12385,1169,848,1904,2379,529,12280,12033,0,0,519,1365,0,2627,1288,640,1149,103,410,0,0,0,1246,11926,208,208,0,105,0,1254,212
 21830,0,12385,1169,848,1904,2379,529,12280,12033,0,0,519,1365,0,2627,1288,640,1149,103,410,0,0,0,1246,11926,208,208,0,105,0,1254,212
 21835,0,12385,1169,848,1904,2379,529,12280,12033,0,0,519,1365,0,2627,1288,640,1149,103,410,0,0,0,1246,11926,208,208,0,105,0,1254,212
 21840,0,12385,1169,848,1904,2379,529,12280,12033,0,0,519,1365,0,2627,1288,640,1149,103,410,0,0,0,1246,11926,208,208,0,105,0,1254,212
 21845,0,12386,1169,848,1904,2379,529,12280,12033,0,0,519,1365,0,2627,1288,640,1149,103,410,0,0,0,1246,11926,208,208,0,105,0,1254,212
 21850,0,12391,1169,848,1904,2379,529,12280,12033,0,0,519,1365,0,2627,1288,640,1149,103,410,0,0,0,1246,11925,208,208,0,105,0,1254,212
 21855,0,12396,1169,848,1904,2379,529,12280,12033,0,0,519,1365,0,2627,1288,640,1149,103,410,0,0,0,1246,11930,208,208,0,105,0,1254,212
 21860,0,12401,1169,848,1904,2379,529,12280,12033,0,0,519,1365,0,2627,1288,640,1149,103,410,0,0,0,1246,11935,208,208,0,105,0,1254,212
 21865,0,12406,1169,848,1904,2379,529,12280,12033,0,0,519,1365,0,2627,1288,640,1149,103,410,0,0,0,1246,11940,208,208,0,105,0,1254,212
 21870,0,12411,1169,848,1904,2379,529,12280,12033,0,0,519,1365,0,2627,1288,640,1149,103,410,0,0,0,1246,11945,208,208,0,105,0,1254,212
 21875,0,12416,1169,848,1904,2379,529,12283,12033,0,0,519,1365,0,2627,1288,640,1149,103,410,0,0,0,1246,11950,208,208,0,105,0,1254,212
 21880,0,12421,1169,848,1904,2379,529,12288,12033,0,0,519,1365,0,2627,1288,640,1149,103,410,0,0,0,1246,11955,208,208,0,105,0,1254,212
 21885,0,12426,1169,848,1904,2379,529,12293,12033,0,0,519,1365,0,2627,1288,640,1149,103,410,0,0,0,1246,11960,208,208,0,105,0,1254,212
 21890,0,12431,1169,848,1904,2379,529,12298,12033,0,0,519,1365,0,2627,1288,640,1149,103,410,0,0,0,1246,11965,208,208,0,105,0,1254,212
 21895,0,12436,1169,848,1904,2379,529,12303,12033,0,0,519,1365,0,2627,1288,640,1149,103,410,0,0,0,1246,11970,208,208,0,105,0,1254,212
 21900,0,12441,1169,848,1904,2379,529,12308,12033,0,0,519,1365,0,2627,1288,640,1149,103,410,0,0,0,1246,11975,208,208,0,105,0,1254,212
 21905,0,12446,1169,848,1904,2379,529,12313,12033,0,0,519,1365,0,2627,1288,640,1149,103,410,0,0,0,1246,11980,208,208,0,105,0,1254,212
 21910,0,12451,1169,848,1904,2379,529,12318,12033,0,0,519,1365,0,2627,1288,640,1149,103,410,0,0,0,1246,11985,208,208,0,105,0,1254,212
 21915,0,12456,1169,848,1904,2379,529,12323,12035,0,0,519,1365,0,2627,1288,640,1149,103,410,0,0,0,1246,11990,208,208,0,105,0,1254,212
 21920,0,12461,1169,848,1904,2379,529,12328,12040,0,0,519,1365,0,2627,1288,640,1149,103,410,0,0,0,1246,11995,208,208,0,105,0,1254,212
 21925,0,12466,1169,848,1904,2379,529,12333,12045,0,0,519,1365,0,2627,1288,640,1149,103,410,0,0,0,1246,12000,208,208,0,105,0,1254,212
 21930,0,12471,1169,848,1904,2379,529,12338,12050,0,0,519,1365,0,2627,1288,640,1149,103,410,0,0,0,1246,12005,208,208,0,105,0,1254,212
 21935,0,12476,1169,848,1904,2379,529,12343,12055,0,0,519,1365,0,2627,1288,640,1149,103,410,0,0,0,1246,12010,208,208,0,105,0,1254,212
 21940,0,12481,1169,848,1904,2379,529,12348,12060,0,0,519,1365,0,2627,1288,640,1149,103,410,0,0,0,1246,12015,208,208,0,105,0,1254,212
 21945,0,12486,1169,848,1904,2379,529,12353,12065,0,0,519,1365,0,2627,1288,640,1149,103,410,0,0,0,1246,12020,208,208,0,105,0,1254,212
 21950,0,12490,1169,848,1904,2379,529,12358,12070,0,0,519,1365,0,2627,1288,640,1149,103,410,0,0,0,1246,12025,208,208,0,105,0,1254,212
 21955,0,12490,1169,848,1904,2379,529,12363,12075,0,0,519,1365,0,2627,1288,640,1149,103,410,0,0,0,1246,12029,208,208,0,105,0,1254,212
 21960,0,12490,1169,848,1904,2379,529,12368,12080,0,0,519,1365,0,2627,1288,640,1149,103,410,0,0,0,1246,12029,208,208,0,105,0,1254,212
 21965,0,12490,1169,848,1904,2379,529,12373,12085,0,0,519,1365,0,2627,1288,640,1149,103,410,0,0,0,1246,12029,208,208,0,105,0,1254,212
 21970,0,12490,1169,848,1904,2379,529,12378,12090,0,0,519,1365,0,2627,1288,640,1149,103,410,0,0,0,1246,12029,208,208,0,105,0,1254,212
 21975,0,12490,1169,848,1904,2379,529,12383,12095,0,0,519,1365,0,2627,1288,640,1149,103,410,0,0,0,1246,12029,208,208,0,105,0,1254,212
 21980,0,12490,1169,848,1904,2379,529,12385,12100,0,0,519,1365,0,2627,1288,640,1149,103,410,0,0,0,1246,12029,208,208,0,105,0,1254,212
 21985,0,12490,1169,848,1904,2379,529,12385,12105,0,0,519,1365,0,2627,1288,640,1149,103,410,0,0,0,1246,12029,208,208,0,105,0,1254,212
 21990,0,12490,1169,848,1904,2379,529,12385,12110,0,0,519,1365,0,2627,1288,640,1149,103,410,0,0,0,1246,12029,208,208,0,105,0,1254,212
 21995,0,12490,1169,848,1904,2379,529,12385,12115,0,0,519,1365,0,2627,1288,640,1149,103,410,0,0,0,1246,12029,208,208,0,105,0,1254,212
 22000,0,12490,1169,848,1904,2379,529,12385,12120,0,0,519,1365,0,2627,1288,640,1149,103,410,0,0,0,1246,12029,208,208,0,105,0,1254,212
 22005,0,12490,1169,848,1904,2379,529,12385,12125,0,0,519,1365,0,2627,1288,640,1149,103,410,0,0,0,1246,12029,208,208,0,105,0,1254,212
 22010,0,12490,1169,848,1904,2379,529,12385,12130,0,0,519,1365,0,2627,1288,640,1149,103,410,0,0,0,1246,12029,208,208,0,105,0,1254,212
 22015,0,12490,1169,848,1904,2379,529,12385,12135,0,0,519,1365,0,2627,1288,640,1149,103,410,0,0,0,1246,12029,208,208,0,105,0,1254,212
 22020,0,12490,1169,848,1904,2379,529,12385,12138,0,0,519,1365,0,2627,1288,640,1149,103,410,0,0,0,1246,12029,208,208,0,105,0,1254,212
 22025,0,12490,1169,848,1904,2379,529,12385,12138,0,0,519,1365,0,2627,1288,640,1149,103,410,0,0,0,1246,12029,208,208,0,105,0,1254,212
 22030,0,12490,1169,848,1904,2379,529,12385,12138,0,0,519,1365,0,2627,1288,640,1149,103,410,0,0,0,1246,12029,208,208,0,105,0,1254,212
 22035,0,12490,1169,848,1904,2379,529,12385,12138,0,0,519,1365,0,2627,1288,640,1149,103,410,0,0,0,1246,12029,208,208,0,105,0,1254,212
 22040,0,12490,1169,848,1904,2379,529,12385,12138,0,0,519,1365,0,2627,1288,640,1149,103,410,0,0,0,1246,12029,208,208,0,105,0,1254,212
 22045,0,12490,1169,848,1904,2379,529,12385,12138,0,0,519,1365,0,2627,1288,640,1149,103,410,0,0,0,1246,12029,208,208,0,105,0,1254,212
 22050,0,12490,1169,848,1904,2379,529,12385,12138,0,0,519,1365,0,2627,1288,640,1149,103,410,0,0,0,1246,12029,208,208,0,105,0,1254,212
 22055,0,12490,1169,848,1904,2379,529,12385,12138,0,0,519,1365,0,2627,1288,640,1149,103,410,0,0,0,1246,12029,208,208,0,105,0,1254,212
 22060,0,12490,1169,848,1904,2379,529,12385,12138,0,0,519,1365,0,2627,1288,640,1149,103,410,0,0,0,1246,12029,208,208,0,105,0,1254,212
 22065,0,12490,1169,848,1904,2379,529,12385,12138,0,0,519,1365,0,2627,1288,640,1149,103,410,0,0,0,1246,12029,208,208,0,105,0,1254,212
 22070,0,12490,1169,848,1904,2379,529,12385,12138,0,0,519,1365,0,2627,1288,640,1149,103,410,0,0,0,1246,12029,208,208,0,105,0,1254,212
 22075,0,12490,1169,848,1904,2379,529,12385,12138,0,0,519,1365,0,2627,1288,640,1149,103,410,0,0,0,1246,12029,208,208,0,105,0,1254,212
 22080,0,12490,1169,848,1904,2379,529,12385,12138,0,0,519,1365,0,2627,1288,640,1149,103,410,0,0,0,1246,12029,208,208,0,105,0,1254,212
 22085,0,12490,1169,848,1904,2379,529,12385,12138,0,0,519,1365,0,2627,1288,640,1149,103,410,0,0,0,1246,12029,208,208,0,105,0,1254,212
 22090,0,12490,1169,848,1904,2379,529,12384,12138,0,0,519,1365,0,2627,1288,640,1149,103,410,0,0,0,1246,12029,208,208,0,105,0,1254,212
 22095,0,12490,1169,848,1904,2379,529,12389,12138,0,0,519,1365,0,2627,1288,640,1149,103,410,0,0,0,1246,12029,208,208,0,105,0,1254,212
 22100,0,12489,1169,848,1904,2379,529,12394,12143,0,0,519,1365,0,2627,1288,640,1149,103,410,0,0,0,1246,12032,208,208,0,105,0,1254,212
 22105,0,12494,1169,848,1904,2379,529,12399,12148,0,0,519,1365,0,2627,1288,640,1149,103,410,0,0,0,1246,12037,208,208,0,105,0,1254,212
 22110,0,12499,1169,848,1904,2379,529,12404,12153,0,0,519,1365,0,2627,1288,640,1149,103,410,0,0,0,1246,12042,208,208,0,105,0,1254,212
 22115,0,12504,1169,848,1904,2379,529,12409,12158,0,0,519,1365,0,2627,1288,640,1149,103,410,0,0,0,1246,12047,208,208,0,105,0,1254,212
 22120,0,12509,1169,848,1904,2379,529,12414,12163,0,0,519,1365,0,2627,1288,640,1149,103,410,0,0,0,1246,12052,208,208,0,105,0,1254,212
 22125,0,12514,1169,848,1904,2379,529,12419,12168,0,0,519,1365,0,2627,1288,640,1149,103,410,0,0,0,1246,12057,208,208,0,105,0,1254,212
 22130,0,12519,1169,848,1904,2379,529,12424,12173,0,0,519,1365,0,2627,1288,640,1149,103,410,0,0,0,1246,12062,208,208,0,105,0,1254,212
 22135,0,12524,1169,848,1904,2379,529,12429,12178,0,0,519,1365,0,2627,1288,640,1149,103,410,0,0,0,1246,12067,208,208,0,105,0,1254,212
 22140,0,12529,1169,848,1904,2379,529,12434,12183,0,0,519,1365,0,2627,1288,640,1149,103,410,0,0,0,1246,12072,208,208,0,105,0,1254,212
 22145,0,12534,1169,848,1904,2379,529,12439,12188,0,0,519,1365,0,2627,1288,640,1149,103,410,0,0,0,1246,12077,208,208,0,105,0,1254,212
 22150,0,12539,1169,848,1904,2379,529,12444,12193,0,0,519,1365,0,2627,1288,640,1149,103,410,0,0,0,1246,12082,208,208,0,105,0,1254,212
 22155,0,12544,1169,848,1904,2379,529,12449,12198,0,0,519,1365,0,2627,1288,640,1149,103,410,0,0,0,1246,12087,208,208,0,105,0,1254,212
 22160,0,12549,1169,848,1904,2379,529,12454,12203,0,0,519,1365,0,2627,1288,640,1149,103,410,0,0,0,1246,12092,208,208,0,105,0,1254,212
 22165,0,12554,1169,848,1904,2379,529,12459,12208,0,0,519,1365,0,2627,1288,640,1149,103,410,0,0,0,1246,12097,208,208,0,105,0,1254,212
 22170,0,12559,1169,848,1904,2379,529,12464,12213,0,0,519,1365,0,2627,1288,640,1149,103,410,0,0,0,1246,12102,208,208,0,105,0,1254,212
 22175,0,12564,1169,848,1904,2379,529,12469,12218,0,0,519,1365,0,2627,1288,640,1149,103,410,0,0,0,1246,12107,208,208,0,105,0,1254,212
 22180,0,12569,1169,848,1904,2379,529,12474,12223,0,0,519,1365,0,2627,1288,640,1149,103,410,0,0,0,1246,12112,208,208,0,105,0,1254,212
 22185,0,12574,1169,848,1904,2379,529,12479,12228,0,0,519,1365,0,2627,1288,640,1149,103,410,0,0,0,1246,12117,208,208,0,105,0,1254,212
 22190,0,12579,1169,848,1904,2379,529,12484,12233,0,0,519,1365,0,2627,1288,640,1149,103,410,0,0,0,1246,12122,208,208,0,105,0,1254,212
 22195,0,12584,1169,848,1904,2379,529,12488,12238,0,0,519,1365,0,2627,1288,640,1149,103,410,0,0,0,1246,12127,208,208,0,105,0,1254,212
 22200,0,12589,1169,848,1904,2379,529,12488,12241,0,0,519,1365,0,2627,1288,640,1149,103,410,0,0,0,1246,12130,208,208,0,105,0,1254,212
 22205,0,12593,1169,848,1904,2379,529,12488,12241,0,0,519,1365,0,2627,1288,640,1149,103,410,0,0,0,1246,12130,208,208,0,105,0,1254,212
 22210,0,12593,1169,848,1904,2379,529,12488,12241,0,0,519,1365,0,2627,1288,640,1149,103,410,0,0,0,1246,12130,208,208,0,105,0,1254,212
 22215,0,12593,1169,848,1904,2379,529,12488,12241,0,0,519,1365,0,2627,1288,640,1149,103,410,0,0,0,1246,12130,208,208,0,105,0,1254,212
 22220,0,12593,1169,848,1904,2379,529,12488,12241,0,0,519,1365,0,2627,1288,640,1149,103,410,0,0,0,1246,12130,208,208,0,105,0,1254,212
 22225,0,12593,1169,848,1904,2379,529,12488,12241,0,0,519,1365,0,2627,1288,640,1149,103,410,0,0,0,1246,12130,208,208,0,105,0,1254,212
 22230,0,12593,1169,848,1904,2379,529,12488,12241,0,0,519,1365,0,2627,1288,640,1149,103,410,0,0,0,1246,12130,208,208,0,105,0,1254,212
 22235,0,12593,1169,848,1904,2379,529,12488,12241,0,0,519,1365,0,2627,1288,640,1149,103,410,0,0,0,1246,12130,208,208,0,105,0,1254,212
 22240,0,12593,1169,848,1904,2379,529,12488,12241,0,0,519,1365,0,2627,1288,640,1149,103,410,0,0,0,1246,12130,208,208,0,105,0,1254,212
 22245,0,12593,1169,848,1904,2379,529,12488,12241,0,0,519,1365,0,2627,1288,640,1149,103,410,0,0,0,1246,12130,208,208,0,105,0,1254,212
 22250,0,12593,1169,848,1904,2379,529,12488,12241,0,0,519,1365,0,2627,1288,640,1149,103,410,0,0,0,1246,12130,208,208,0,105,0,1254,212
 22255,0,12593,1169,848,1904,2379,529,12488,12241,0,0,519,1365,0,2627,1288,640,1149,103,410,0,0,0,1246,12130,208,208,0,105,0,1254,212
 22260,0,12593,1169,848,1904,2379,529,12488,12241,0,0,519,1365,0,2627,1288,640,1149,103,410,0,0,0,1246,12130,208,208,0,105,0,1254,212
 22265,0,12593,1169,848,1904,2379,529,12488,12241,0,0,519,1365,0,2627,1288,640,1149,103,410,0,0,0,1246,12130,208,208,0,105,0,1254,212
 22270,0,12593,1169,848,1904,2379,529,12488,12241,0,0,519,1365,0,2627,1288,640,1149,103,410,0,0,0,1246,12130,208,208,0,105,0,1254,212
 22275,0,12593,1169,848,1904,2379,529,12488,12241,0,0,519,1365,0,2627,1288,640,1149,103,410,0,0,0,1246,12130,208,208,0,105,0,1254,212
 22280,0,12593,1169,848,1904,2379,529,12488,12241,0,0,519,1365,0,2627,1288,640,1149,103,410,0,0,0,1246,12130,208,208,0,105,0,1254,212
 22285,0,12593,1169,848,1904,2379,529,12488,12241,0,0,519,1365,0,2627,1288,640,1149,103,410,0,0,0,1246,12130,208,208,0,105,0,1254,212
 22290,0,12593,1169,848,1904,2379,529,12488,12241,0,0,519,1365,0,2627,1288,640,1149,103,410,0,0,0,1246,12130,208,208,0,105,0,1254,212
 22295,0,12593,1169,848,1904,2379,529,12488,12241,0,0,519,1365,0,2627,1288,640,1149,103,410,0,0,0,1246,12130,208,208,0,105,0,1254,212
 22300,0,12593,1169,848,1904,2379,529,12488,12241,0,0,519,1365,0,2627,1288,640,1149,103,410,0,0,0,1246,12130,208,208,0,105,0,1254,212
 22305,0,12593,1169,848,1904,2379,529,12488,12241,0,0,519,1365,0,2627,1288,640,1149,103,410,0,0,0,1246,12130,208,208,0,105,0,1254,212
 22310,0,12593,1169,848,1904,2379,529,12488,12241,0,0,519,1365,0,2627,1288,640,1149,103,410,0,0,0,1246,12133,208,208,0,105,0,1254,212
 22315,0,12594,1169,848,1904,2379,529,12488,12241,0,0,519,1365,0,2627,1288,640,1149,103,410,0,0,0,1246,12138,208,208,0,105,0,1254,212
 22320,0,12599,1169,848,1904,2379,529,12488,12241,0,0,519,1365,0,2627,1288,640,1149,103,410,0,0,0,1246,12143,208,208,0,105,0,1254,212
 22325,0,12604,1169,848,1904,2379,529,12488,12241,0,0,519,1365,0,2627,1288,640,1149,103,410,0,0,0,1246,12148,208,208,0,105,0,1254,212
 22330,0,12609,1169,848,1904,2379,529,12488,12241,0,0,519,1365,0,2627,1288,640,1149,103,410,0,0,0,1246,12153,208,208,0,105,0,1254,212
 22335,0,12614,1169,848,1904,2379,529,12488,12241,0,0,519,1365,0,2627,1288,640,1149,103,410,0,0,0,1246,12158,208,208,0,105,0,1254,212
 22340,0,12619,1169,848,1904,2379,529,12488,12243,0,0,519,1365,0,2627,1288,640,1149,103,410,0,0,0,1246,12163,208,208,0,105,0,1254,212
 22345,0,12624,1169,848,1904,2379,529,12488,12248,0,0,519,1365,0,2627,1288,640,1149,103,410,0,0,0,1246,12168,208,208,0,105,0,1254,212
 22350,0,12629,1169,848,1904,2379,529,12489,12253,0,0,519,1365,0,2627,1288,640,1149,103,410,0,0,0,1246,12173,208,208,0,105,0,1254,212
 22355,0,12634,1169,848,1904,2379,529,12494,12258,0,0,519,1365,0,2627,1288,640,1149,103,410,0,0,0,1246,12178,208,208,0,105,0,1254,212
 22360,0,12639,1169,848,1904,2379,529,12499,12263,0,0,519,1365,0,2627,1288,640,1149,103,410,0,0,0,1246,12183,208,208,0,105,0,1254,212
 22365,0,12644,1169,848,1904,2379,529,12504,12268,0,0,519,1365,0,2627,1288,640,1149,103,410,0,0,0,1246,12188,208,208,0,105,0,1254,212
 22370,0,12649,1169,848,1904,2379,529,12509,12273,0,0,519,1365,0,2627,1288,640,1149,103,410,0,0,0,1246,12193,208,208,0,105,0,1254,212
 22375,0,12654,1169,848,1904,2379,529,12514,12278,0,0,519,1365,0,2627,1288,640,1149,103,410,0,0,0,1246,12198,208,208,0,105,0,1254,212
 22380,0,12659,1169,848,1904,2379,529,12519,12283,0,0,519,1365,0,2627,1288,640,1149,103,410,0,0,0,1246,12203,208,208,0,105,0,1254,212
 22385,0,12664,1169,848,1904,2379,529,12524,12288,0,0,519,1365,0,2627,1288,640,1149,103,410,0,0,0,1246,12208,208,208,0,105,0,1254,212
 22390,0,12669,1169,848,1904,2379,529,12529,12293,0,0,519,1365,0,2627,1288,640,1149,103,410,0,0,0,1246,12213,208,208,0,105,0,1254,212
 22395,0,12674,1169,848,1904,2379,529,12534,12298,0,0,519,1365,0,2627,1288,640,1149,103,410,0,0,0,1246,12218,208,208,0,105,0,1254,212
 22400,0,12679,1169,848,1904,2379,529,12539,12303,0,0,519,1365,0,2627,1288,640,1149,103,410,0,0,0,1246,12223,208,208,0,105,0,1254,212
 22405,0,12684,1169,848,1904,2379,529,12544,12308,0,0,519,1365,0,2627,1288,640,1149,103,410,0,0,0,1246,12228,208,208,0,105,0,1254,212
 22410,0,12689,1169,848,1904,2379,529,12549,12313,0,0,519,1365,0,2627,1288,640,1149,103,410,0,0,0,1246,12233,208,208,0,105,0,1254,212
 22415,0,12694,1169,848,1904,2379,529,12554,12318,0,0,519,1365,0,2627,1288,640,1149,103,410,0,0,0,1246,12237,208,208,0,105,0,1254,212
 22420,0,12698,1169,848,1904,2379,529,12559,12323,0,0,519,1365,0,2627,1288,640,1149,103,410,0,0,0,1246,12237,208,208,0,105,0,1254,212
 22425,0,12698,1169,848,1904,2379,529,12564,12328,0,0,519,1365,0,2627,1288,640,1149,103,410,0,0,0,1246,12237,208,208,0,105,0,1254,212
 22430,0,12698,1169,848,1904,2379,529,12569,12333,0,0,519,1365,0,2627,1288,640,1149,103,410,0,0,0,1246,12237,208,208,0,105,0,1254,212
 22435,0,12698,1169,848,1904,2379,529,12574,12338,0,0,519,1365,0,2627,1288,640,1149,103,410,0,0,0,1246,12237,208,208,0,105,0,1254,212
 22440,0,12698,1169,848,1904,2379,529,12579,12343,0,0,519,1365,0,2627,1288,640,1149,103,410,0,0,0,1246,12237,208,208,0,105,0,1254,212
 22445,0,12698,1169,848,1904,2379,529,12584,12346,0,0,519,1365,0,2627,1288,640,1149,103,410,0,0,0,1246,12237,208,208,0,105,0,1254,212
 22450,0,12698,1169,848,1904,2379,529,12589,12346,0,0,519,1365,0,2627,1288,640,1149,103,410,0,0,0,1246,12237,208,208,0,105,0,1254,212
 22455,0,12698,1169,848,1904,2379,529,12591,12346,0,0,519,1365,0,2627,1288,640,1149,103,410,0,0,0,1246,12237,208,208,0,105,0,1254,212
 22460,0,12698,1169,848,1904,2379,529,12591,12346,0,0,519,1365,0,2627,1288,640,1149,103,410,0,0,0,1246,12237,208,208,0,105,0,1254,212
 22465,0,12698,1169,848,1904,2379,529,12591,12346,0,0,519,1365,0,2627,1288,640,1149,103,410,0,0,0,1246,12237,208,208,0,105,0,1254,212
 22470,0,12698,1169,848,1904,2379,529,12591,12346,0,0,519,1365,0,2627,1288,640,1149,103,410,0,0,0,1246,12237,208,208,0,105,0,1254,212
 22475,0,12698,1169,848,1904,2379,529,12591,12346,0,0,519,1365,0,2627,1288,640,1149,103,410,0,0,0,1246,12237,208,208,0,105,0,1254,212
 22480,0,12698,1169,848,1904,2379,529,12591,12346,0,0,519,1365,0,2627,1288,640,1149,103,410,0,0,0,1246,12237,208,208,0,105,0,1254,212
 22485,0,12698,1169,848,1904,2379,529,12591,12346,0,0,519,1365,0,2627,1288,640,1149,103,410,0,0,0,1246,12237,208,208,0,105,0,1254,212
 22490,0,12698,1169,848,1904,2379,529,12591,12346,0,0,519,1365,0,2627,1288,640,1149,103,410,0,0,0,1246,12237,208,208,0,105,0,1254,212
 22495,0,12698,1169,848,1904,2379,529,12591,12346,0,0,519,1365,0,2627,1288,640,1149,103,410,0,0,0,1246,12237,208,208,0,105,0,1254,212
 22500,0,12698,1169,848,1904,2379,529,12591,12346,0,0,519,1365,0,2627,1288,640,1149,103,410,0,0,0,1246,12237,208,208,0,105,0,1254,212
 22505,0,12698,1169,848,1904,2379,529,12591,12346,0,0,519,1365,0,2627,1288,640,1149,103,410,0,0,0,1246,12237,208,208,0,105,0,1254,212
 22510,0,12698,1169,848,1904,2379,529,12591,12346,0,0,519,1365,0,2627,1288,640,1149,103,410,0,0,0,1246,12237,208,208,0,105,0,1254,212
 22515,0,12698,1169,848,1904,2379,529,12591,12346,0,0,519,1365,0,2627,1288,640,1149,103,410,0,0,0,1246,12237,208,208,0,105,0,1254,212
 22520,0,12698,1169,848,1904,2379,529,12591,12346,0,0,519,1365,0,2627,1288,640,1149,103,410,0,0,0,1246,12237,208,208,0,105,0,1254,212
 22525,0,12698,1169,848,1904,2379,529,12591,12346,0,0,519,1365,0,2627,1288,640,1149,103,410,0,0,0,1246,12237,208,208,0,105,0,1254,212
 22530,0,12698,1169,848,1904,2379,529,12591,12346,0,0,519,1365,0,2627,1288,640,1149,103,410,0,0,0,1246,12237,208,208,0,105,0,1254,212
 22535,0,12698,1169,848,1904,2379,529,12591,12346,0,0,519,1365,0,2627,1288,640,1149,103,410,0,0,0,1246,12237,208,208,0,105,0,1254,212
 22540,0,12698,1169,848,1904,2379,529,12591,12346,0,0,519,1365,0,2627,1288,640,1149,103,410,0,0,0,1246,12237,208,208,0,105,0,1254,212
 22545,0,12698,1169,848,1904,2379,529,12591,12346,0,0,519,1365,0,2627,1288,640,1149,103,410,0,0,0,1246,12237,208,208,0,105,0,1254,212
 22550,0,12698,1169,848,1904,2379,529,12591,12346,0,0,519,1365,0,2627,1288,640,1149,103,410,0,0,0,1246,12237,208,208,0,105,0,1254,212
 22555,0,12699,1169,848,1904,2379,529,12591,12346,0,0,519,1365,0,2627,1288,640,1149,103,410,0,0,0,1246,12242,208,208,0,105,0,1254,212
 22560,0,12704,1169,848,1904,2379,529,12591,12348,0,0,519,1365,0,2627,1288,640,1149,103,410,0,0,0,1246,12247,208,208,0,105,0,1254,212
 22565,0,12709,1169,848,1904,2379,529,12591,12353,0,0,519,1365,0,2627,1288,640,1149,103,410,0,0,0,1246,12252,208,208,0,105,0,1254,212
 22570,0,12714,1169,848,1904,2379,529,12591,12358,0,0,519,1365,0,2627,1288,640,1149,103,410,0,0,0,1246,12257,208,208,0,105,0,1254,212
 22575,0,12719,1169,848,1904,2379,529,12592,12363,0,0,519,1365,0,2627,1288,640,1149,103,410,0,0,0,1246,12262,208,208,0,105,0,1254,212
 22580,0,12724,1169,848,1904,2379,529,12597,12368,0,0,519,1365,0,2627,1288,640,1149,103,410,0,0,0,1246,12267,208,208,0,105,0,1254,212
 22585,0,12729,1169,848,1904,2379,529,12602,12373,0,0,519,1365,0,2627,1288,640,1149,103,410,0,0,0,1246,12272,208,208,0,105,0,1254,212
 22590,0,12734,1169,848,1904,2379,529,12607,12378,0,0,519,1365,0,2627,1288,640,1149,103,410,0,0,0,1246,12277,208,208,0,105,0,1254,212
 22595,0,12739,1169,848,1904,2379,529,12612,12383,0,0,519,1365,0,2627,1288,640,1149,103,410,0,0,0,1246,12282,208,208,0,105,0,1254,212
 22600,0,12744,1169,848,1904,2379,529,12617,12388,0,0,519,1365,0,2627,1288,640,1149,103,410,0,0,0,1246,12287,208,208,0,105,0,1254,212
 22605,0,12749,1169,848,1904,2379,529,12622,12393,0,0,519,1365,0,2627,1288,640,1149,103,410,0,0,0,1246,12292,208,208,0,105,0,1254,212
 22610,0,12754,1169,848,1904,2379,529,12627,12398,0,0,519,1365,0,2627,1288,640,1149,103,410,0,0,0,1246,12297,208,208,0,105,0,1254,212
 22615,0,12759,1169,848,1904,2379,529,12632,12403,0,0,519,1365,0,2627,1288,640,1149,103,410,0,0,0,1246,12302,208,208,0,105,0,1254,212
 22620,0,12764,1169,848,1904,2379,529,12637,12408,0,0,519,1365,0,2627,1288,640,1149,103,410,0,0,0,1246,12307,208,208,0,105,0,1254,212
 22625,0,12769,1169,848,1904,2379,529,12642,12413,0,0,519,1365,0,2627,1288,640,1149,103,410,0,0,0,1246,12312,208,208,0,105,0,1254,212
 22630,0,12774,1169,848,1904,2379,529,12647,12418,0,0,519,1365,0,2627,1288,640,1149,103,410,0,0,0,1246,12317,208,208,0,105,0,1254,212
 22635,0,12779,1169,848,1904,2379,529,12652,12423,0,0,519,1365,0,2627,1288,640,1149,103,410,0,0,0,1246,12322,208,208,0,105,0,1254,212
 22640,0,12784,1169,848,1904,2379,529,12657,12428,0,0,519,1365,0,2627,1288,640,1149,103,410,0,0,0,1246,12327,208,208,0,105,0,1254,212
 22645,0,12789,1169,848,1904,2379,529,12662,12433,0,0,519,1365,0,2627,1288,640,1149,103,410,0,0,0,1246,12332,208,208,0,105,0,1254,212
 22650,0,12794,1169,848,1904,2379,529,12667,12438,0,0,519,1365,0,2627,1288,640,1149,103,410,0,0,0,1246,12337,208,208,0,105,0,1254,212
 22655,0,12799,1169,848,1904,2379,529,12672,12443,0,0,519,1365,0,2627,1288,640,1149,103,410,0,0,0,1246,12342,208,208,0,105,0,1254,212
 22660,0,12803,1169,848,1904,2379,529,12677,12448,0,0,519,1365,0,2627,1288,640,1149,103,410,0,0,0,1246,12342,208,208,0,105,0,1254,212
 22665,0,12803,1169,848,1904,2379,529,12682,12451,0,0,519,1365,0,2627,1288,640,1149,103,410,0,0,0,1246,12342,208,208,0,105,0,1254,212
 22670,0,12803,1169,848,1904,2379,529,12687,12451,0,0,519,1365,0,2627,1288,640,1149,103,410,0,0,0,1246,12342,208,208,0,105,0,1254,212
 22675,0,12803,1169,848,1904,2379,529,12692,12451,0,0,519,1365,0,2627,1288,640,1149,103,410,0,0,0,1246,12342,208,208,0,105,0,1254,212
 22680,0,12803,1169,848,1904,2379,529,12694,12451,0,0,519,1365,0,2627,1288,640,1149,103,410,0,0,0,1246,12342,208,208,0,105,0,1254,212
 22685,0,12803,1169,848,1904,2379,529,12694,12451,0,0,519,1365,0,2627,1288,640,1149,103,410,0,0,0,1246,12342,208,208,0,105,0,1254,212
 22690,0,12803,1169,848,1904,2379,529,12694,12451,0,0,519,1365,0,2627,1288,640,1149,103,410,0,0,0,1246,12342,208,208,0,105,0,1254,212
 22695,0,12803,1169,848,1904,2379,529,12694,12451,0,0,519,1365,0,2627,1288,640,1149,103,410,0,0,0,1246,12342,208,208,0,105,0,1254,212
 22700,0,12803,1169,848,1904,2379,529,12694,12451,0,0,519,1365,0,2627,1288,640,1149,103,410,0,0,0,1246,12342,208,208,0,105,0,1254,212
 22705,0,12803,1169,848,1904,2379,529,12694,12451,0,0,519,1365,0,2627,1288,640,1149,103,410,0,0,0,1246,12342,208,208,0,105,0,1254,212
 22710,0,12803,1169,848,1904,2379,529,12694,12451,0,0,519,1365,0,2627,1288,640,1149,103,410,0,0,0,1246,12342,208,208,0,105,0,1254,212
 22715,0,12803,1169,848,1904,2379,529,12694,12451,0,0,519,1365,0,2627,1288,640,1149,103,410,0,0,0,1246,12342,208,208,0,105,0,1254,212
 22720,0,12803,1169,848,1904,2379,529,12694,12451,0,0,519,1365,0,2627,1288,640,1149,103,410,0,0,0,1246,12342,208,208,0,105,0,1254,212
 22725,0,12803,1169,848,1904,2379,529,12694,12451,0,0,519,1365,0,2627,1288,640,1149,103,410,0,0,0,1246,12342,208,208,0,105,0,1254,212
 22730,0,12803,1169,848,1904,2379,529,12694,12451,0,0,519,1365,0,2627,1288,640,1149,103,410,0,0,0,1246,12342,208,208,0,105,0,1254,212
 22735,0,12803,1169,848,1904,2379,529,12694,12451,0,0,519,1365,0,2627,1288,640,1149,103,410,0,0,0,1246,12342,208,208,0,105,0,1254,212
 22740,0,12803,1169,848,1904,2379,529,12694,12451,0,0,519,1365,0,2627,1288,640,1149,103,410,0,0,0,1246,12342,208,208,0,105,0,1254,212
 22745,0,12803,1169,848,1904,2379,529,12694,12451,0,0,519,1365,0,2627,1288,640,1149,103,410,0,0,0,1246,12342,208,208,0,105,0,1254,212
 22750,0,12803,1169,848,1904,2379,529,12694,12451,0,0,519,1365,0,2627,1288,640,1149,103,410,0,0,0,1246,12342,208,208,0,105,0,1254,212
 22755,0,12803,1169,848,1904,2379,529,12694,12451,0,0,519,1365,0,2627,1288,640,1149,103,410,0,0,0,1246,12342,208,208,0,105,0,1254,212
 22760,0,12803,1169,848,1904,2379,529,12694,12451,0,0,519,1365,0,2627,1288,640,1149,103,410,0,0,0,1246,12342,208,208,0,105,0,1254,212
 22765,0,12803,1169,848,1904,2379,529,12694,12451,0,0,519,1365,0,2627,1288,640,1149,103,410,0,0,0,1246,12342,208,208,0,105,0,1254,212
 22770,0,12803,1169,848,1904,2379,529,12694,12451,0,0,519,1365,0,2627,1288,640,1149,103,410,0,0,0,1246,12342,208,208,0,105,0,1254,212
 22775,0,12803,1169,848,1904,2379,529,12694,12451,0,0,519,1365,0,2627,1288,640,1149,103,410,0,0,0,1246,12342,208,208,0,105,0,1254,212
 22780,0,12803,1169,848,1904,2379,529,12694,12453,0,0,519,1365,0,2627,1288,640,1149,103,410,0,0,0,1246,12342,208,208,0,105,0,1254,212
 22785,0,12803,1169,848,1904,2379,529,12694,12458,0,0,519,1365,0,2627,1288,640,1149,103,410,0,0,0,1246,12342,208,208,0,105,0,1254,212
 22790,0,12803,1169,848,1904,2379,529,12694,12463,0,0,519,1365,0,2627,1288,640,1149,103,410,0,0,0,1246,12342,208,208,0,105,0,1254,212
 22795,0,12803,1169,848,1904,2379,529,12694,12468,0,0,519,1365,0,2627,1288,640,1149,103,410,0,0,0,1246,12342,208,208,0,105,0,1254,212
 22800,0,12803,1169,848,1904,2379,529,12694,12473,0,0,519,1365,0,2627,1288,640,1149,103,410,0,0,0,1246,12341,208,208,0,105,0,1254,212
 22805,0,12803,1169,848,1904,2379,529,12694,12478,0,0,519,1365,0,2627,1288,640,1149,103,410,0,0,0,1246,12346,208,208,0,105,0,1254,212
 22810,0,12803,1169,848,1904,2379,529,12693,12483,0,0,519,1365,0,2627,1288,640,1149,103,410,0,0,0,1246,12351,208,208,0,105,0,1254,212
 22815,0,12803,1169,848,1904,2379,529,12698,12488,0,0,519,1365,0,2627,1288,640,1149,103,410,0,0,0,1246,12356,208,208,0,105,0,1254,212
 22820,0,12805,1169,848,1904,2379,529,12703,12493,0,0,519,1365,0,2627,1288,640,1149,103,410,0,0,0,1246,12361,208,208,0,105,0,1254,212
 22825,0,12810,1169,848,1904,2379,529,12708,12498,0,0,519,1365,0,2627,1288,640,1149,103,410,0,0,0,1246,12366,208,208,0,105,0,1254,212
 22830,0,12815,1169,848,1904,2379,529,12713,12503,0,0,519,1365,0,2627,1288,640,1149,103,410,0,0,0,1246,12371,208,208,0,105,0,1254,212
 22835,0,12820,1169,848,1904,2379,529,12718,12508,0,0,519,1365,0,2627,1288,640,1149,103,410,0,0,0,1246,12376,208,208,0,105,0,1254,212
 22840,0,12825,1169,848,1904,2379,529,12723,12513,0,0,519,1365,0,2627,1288,640,1149,103,410,0,0,0,1246,12381,208,208,0,105,0,1254,212
 22845,0,12830,1169,848,1904,2379,529,12728,12518,0,0,519,1365,0,2627,1288,640,1149,103,410,0,0,0,1246,12386,208,208,0,105,0,1254,212
 22850,0,12835,1169,848,1904,2379,529,12733,12523,0,0,519,1365,0,2627,1288,640,1149,103,410,0,0,0,1246,12391,208,208,0,105,0,1254,212
 22855,0,12840,1169,848,1904,2379,529,12738,12528,0,0,519,1365,0,2627,1288,640,1149,103,410,0,0,0,1246,12396,208,208,0,105,0,1254,212
 22860,0,12845,1169,848,1904,2379,529,12743,12533,0,0,519,1365,0,2627,1288,640,1149,103,410,0,0,0,1246,12401,208,208,0,105,0,1254,212
 22865,0,12850,1169,848,1904,2379,529,12748,12538,0,0,519,1365,0,2627,1288,640,1149,103,410,0,0,0,1246,12406,208,208,0,105,0,1254,212
 22870,0,12855,1169,848,1904,2379,529,12753,12543,0,0,519,1365,0,2627,1288,640,1149,103,410,0,0,0,1246,12411,208,208,0,105,0,1254,212
 22875,0,12860,1169,848,1904,2379,529,12758,12548,0,0,519,1365,0,2627,1288,640,1149,103,410,0,0,0,1246,12416,208,208,0,105,0,1254,212
 22880,0,12865,1169,848,1904,2379,529,12763,12554,0,0,519,1365,0,2627,1288,640,1149,103,410,0,0,0,1246,12421,208,208,0,105,0,1254,212
 22885,0,12870,1169,848,1904,2379,529,12768,12554,0,0,519,1365,0,2627,1288,640,1149,103,410,0,0,0,1246,12426,208,208,0,105,0,1254,212
 22890,0,12875,1169,848,1904,2379,529,12773,12554,0,0,519,1365,0,2627,1288,640,1149,103,410,0,0,0,1246,12431,208,208,0,105,0,1254,212
 22895,0,12880,1169,848,1904,2379,529,12778,12554,0,0,519,1365,0,2627,1288,640,1149,103,410,0,0,0,1246,12436,208,208,0,105,0,1254,212
 22900,0,12885,1169,848,1904,2379,529,12783,12554,0,0,519,1365,0,2627,1288,640,1149,103,410,0,0,0,1246,12441,208,208,0,105,0,1254,212
 22905,0,12890,1169,848,1904,2379,529,12788,12554,0,0,519,1365,0,2627,1288,640,1149,103,410,0,0,0,1246,12447,208,208,0,105,0,1254,212
 22910,0,12895,1169,848,1904,2379,529,12793,12554,0,0,519,1365,0,2627,1288,640,1149,103,410,0,0,0,1246,12447,208,208,0,105,0,1254,212
 22915,0,12900,1169,848,1904,2379,529,12797,12554,0,0,519,1365,0,2627,1288,640,1149,103,410,0,0,0,1246,12447,208,208,0,105,0,1254,212
 22920,0,12906,1169,848,1904,2379,529,12797,12554,0,0,519,1365,0,2627,1288,640,1149,103,410,0,0,0,1246,12447,208,208,0,105,0,1254,212
 22925,0,12906,1169,848,1904,2379,529,12797,12554,0,0,519,1365,0,2627,1288,640,1149,103,410,0,0,0,1246,12447,208,208,0,105,0,1254,212
 22930,0,12906,1169,848,1904,2379,529,12797,12554,0,0,519,1365,0,2627,1288,640,1149,103,410,0,0,0,1246,12447,208,208,0,105,0,1254,212
 22935,0,12906,1169,848,1904,2379,529,12797,12554,0,0,519,1365,0,2627,1288,640,1149,103,410,0,0,0,1246,12447,208,208,0,105,0,1254,212
 22940,0,12906,1169,848,1904,2379,529,12797,12554,0,0,519,1365,0,2627,1288,640,1149,103,410,0,0,0,1246,12447,208,208,0,105,0,1254,212
 22945,0,12906,1169,848,1904,2379,529,12797,12554,0,0,519,1365,0,2627,1288,640,1149,103,410,0,0,0,1246,12447,208,208,0,105,0,1254,212
 22950,0,12906,1169,848,1904,2379,529,12797,12554,0,0,519,1365,0,2627,1288,640,1149,103,410,0,0,0,1246,12447,208,208,0,105,0,1254,212
 22955,0,12906,1169,848,1904,2379,529,12797,12554,0,0,519,1365,0,2627,1288,640,1149,103,410,0,0,0,1246,12447,208,208,0,105,0,1254,212
 22960,0,12906,1169,848,1904,2379,529,12797,12554,0,0,519,1365,0,2627,1288,640,1149,103,410,0,0,0,1246,12447,208,208,0,105,0,1254,212
 22965,0,12906,1169,848,1904,2379,529,12797,12554,0,0,519,1365,0,2627,1288,640,1149,103,410,0,0,0,1246,12447,208,208,0,105,0,1254,212
 22970,0,12906,1169,848,1904,2379,529,12797,12554,0,0,519,1365,0,2627,1288,640,1149,103,410,0,0,0,1246,12447,208,208,0,105,0,1254,212
 22975,0,12906,1169,848,1904,2379,529,12797,12554,0,0,519,1365,0,2627,1288,640,1149,103,410,0,0,0,1246,12447,208,208,0,105,0,1254,212
 22980,0,12906,1169,848,1904,2379,529,12797,12554,0,0,519,1365,0,2627,1288,640,1149,103,410,0,0,0,1246,12447,208,208,0,105,0,1254,212
 22985,0,12906,1169,848,1904,2379,529,12797,12554,0,0,519,1365,0,2627,1288,640,1149,103,410,0,0,0,1246,12447,208,208,0,105,0,1254,212
 22990,0,12906,1169,848,1904,2379,529,12797,12554,0,0,519,1365,0,2627,1288,640,1149,103,410,0,0,0,1246,12447,208,208,0,105,0,1254,212
 22995,0,12906,1169,848,1904,2379,529,12797,12554,0,0,519,1365,0,2627,1288,640,1149,103,410,0,0,0,1246,12447,208,208,0,105,0,1254,212
 23000,0,12906,1169,848,1904,2379,529,12797,12554,0,0,519,1365,0,2627,1288,640,1149,103,410,0,0,0,1246,12447,208,208,0,105,0,1254,212
 23005,0,12906,1169,848,1904,2379,529,12797,12554,0,0,519,1365,0,2627,1288,640,1149,103,410,0,0,0,1246,12447,208,208,0,105,0,1254,212
 23010,0,12906,1169,848,1904,2379,529,12797,12554,0,0,519,1365,0,2627,1288,640,1149,103,410,0,0,0,1246,12447,208,208,0,105,0,1254,212
 23015,0,12906,1169,848,1904,2379,529,12797,12554,0,0,519,1365,0,2627,1288,640,1149,103,410,0,0,0,1246,12447,208,208,0,105,0,1254,212
 23020,0,12906,1169,848,1904,2379,529,12797,12554,0,0,519,1365,0,2627,1288,640,1149,103,410,0,0,0,1246,12447,208,208,0,105,0,1254,212
 23025,0,12906,1169,848,1904,2379,529,12797,12554,0,0,519,1365,0,2627,1288,640,1149,103,410,0,0,0,1246,12447,208,208,0,105,0,1254,212
 23030,0,12906,1169,848,1904,2379,529,12797,12554,0,0,519,1365,0,2627,1288,640,1149,103,410,0,0,0,1246,12447,208,208,0,105,0,1254,212
 23035,0,12906,1169,848,1904,2379,529,12800,12554,0,0,519,1365,0,2627,1288,640,1149,103,410,0,0,0,1246,12447,208,208,0,105,0,1254,212
 23040,0,12906,1169,848,1904,2379,529,12805,12554,0,0,519,1365,0,2627,1288,640,1149,103,410,0,0,0,1246,12446,208,208,0,105,0,1254,212
 23045,0,12906,1169,848,1904,2379,529,12810,12556,0,0,519,1365,0,2627,1288,640,1149,103,410,0,0,0,1246,12451,208,208,0,105,0,1254,212
 23050,0,12908,1169,848,1904,2379,529,12815,12561,0,0,519,1365,0,2627,1288,640,1149,103,410,0,0,0,1246,12456,208,208,0,105,0,1254,212
 23055,0,12913,1169,848,1904,2379,529,12820,12566,0,0,519,1365,0,2627,1288,640,1149,103,410,0,0,0,1246,12461,208,208,0,105,0,1254,212
 23060,0,12918,1169,848,1904,2379,529,12825,12571,0,0,519,1365,0,2627,1288,640,1149,103,410,0,0,0,1246,12466,208,208,0,105,0,1254,212
 23065,0,12923,1169,848,1904,2379,529,12830,12576,0,0,519,1365,0,2627,1288,640,1149,103,410,0,0,0,1246,12471,208,208,0,105,0,1254,212
 23070,0,12928,1169,848,1904,2379,529,12835,12581,0,0,519,1365,0,2627,1288,640,1149,103,410,0,0,0,1246,12476,208,208,0,105,0,1254,212
 23075,0,12933,1169,848,1904,2379,529,12840,12586,0,0,519,1365,0,2627,1288,640,1149,103,410,0,0,0,1246,12481,208,208,0,105,0,1254,212
 23080,0,12938,1169,848,1904,2379,529,12845,12591,0,0,519,1365,0,2627,1288,640,1149,103,410,0,0,0,1246,12486,208,208,0,105,0,1254,212
 23085,0,12943,1169,848,1904,2379,529,12850,12596,0,0,519,1365,0,2627,1288,640,1149,103,410,0,0,0,1246,12491,208,208,0,105,0,1254,212
 23090,0,12948,1169,848,1904,2379,529,12855,12601,0,0,519,1365,0,2627,1288,640,1149,103,410,0,0,0,1246,12496,208,208,0,105,0,1254,212
 23095,0,12953,1169,848,1904,2379,529,12860,12606,0,0,519,1365,0,2627,1288,640,1149,103,410,0,0,0,1246,12501,208,208,0,105,0,1254,212
 23100,0,12958,1169,848,1904,2379,529,12865,12611,0,0,519,1365,0,2627,1288,640,1149,103,410,0,0,0,1246,12506,208,208,0,105,0,1254,212
 23105,0,12963,1169,848,1904,2379,529,12870,12616,0,0,519,1365,0,2627,1288,640,1149,103,410,0,0,0,1246,12511,208,208,0,105,0,1254,212
 23110,0,12968,1169,848,1904,2379,529,12875,12621,0,0,519,1365,0,2627,1288,640,1149,103,410,0,0,0,1246,12516,208,208,0,105,0,1254,212
 23115,0,12973,1169,848,1904,2379,529,12880,12626,0,0,519,1365,0,2627,1288,640,1149,103,410,0,0,0,1246,12521,208,208,0,105,0,1254,212
 23120,0,12978,1169,848,1904,2379,529,12885,12631,0,0,519,1365,0,2627,1288,640,1149,103,410,0,0,0,1246,12526,208,208,0,105,0,1254,212
 23125,0,12983,1169,848,1904,2379,529,12890,12636,0,0,519,1365,0,2627,1288,640,1149,103,410,0,0,0,1246,12531,208,208,0,105,0,1254,212
 23130,0,12988,1169,848,1904,2379,529,12895,12641,0,0,519,1365,0,2627,1288,640,1149,103,410,0,0,0,1246,12536,208,208,0,105,0,1254,212
 23135,0,12993,1169,848,1904,2379,529,12900,12646,0,0,519,1365,0,2627,1288,640,1149,103,410,0,0,0,1246,12541,208,208,0,105,0,1254,212
 23140,0,12998,1169,848,1904,2379,529,12902,12651,0,0,519,1365,0,2627,1288,640,1149,103,410,0,0,0,1246,12546,208,208,0,105,0,1254,212
 23145,0,13003,1169,848,1904,2379,529,12902,12656,0,0,519,1365,0,2627,1288,640,1149,103,410,0,0,0,1246,12552,208,208,0,105,0,1254,212
 23150,0,13009,1169,848,1904,2379,529,12902,12659,0,0,519,1365,0,2627,1288,640,1149,103,410,0,0,0,1246,12552,208,208,0,105,0,1254,212
 23155,0,13009,1169,848,1904,2379,529,12902,12659,0,0,519,1365,0,2627,1288,640,1149,103,410,0,0,0,1246,12552,208,208,0,105,0,1254,212
 23160,0,13009,1169,848,1904,2379,529,12902,12659,0,0,519,1365,0,2627,1288,640,1149,103,410,0,0,0,1246,12552,208,208,0,105,0,1254,212
 23165,0,13009,1169,848,1904,2379,529,12902,12659,0,0,519,1365,0,2627,1288,640,1149,103,410,0,0,0,1246,12552,208,208,0,105,0,1254,212
 23170,0,13009,1169,848,1904,2379,529,12902,12659,0,0,519,1365,0,2627,1288,640,1149,103,410,0,0,0,1246,12552,208,208,0,105,0,1254,212
 23175,0,13009,1169,848,1904,2379,529,12902,12659,0,0,519,1365,0,2627,1288,640,1149,103,410,0,0,0,1246,12552,208,208,0,105,0,1254,212
 23180,0,13009,1169,848,1904,2379,529,12902,12659,0,0,519,1365,0,2627,1288,640,1149,103,410,0,0,0,1246,12552,208,208,0,105,0,1254,212
 23185,0,13009,1169,848,1904,2379,529,12902,12659,0,0,519,1365,0,2627,1288,640,1149,103,410,0,0,0,1246,12552,208,208,0,105,0,1254,212
 23190,0,13009,1169,848,1904,2379,529,12902,12659,0,0,519,1365,0,2627,1288,640,1149,103,410,0,0,0,1246,12552,208,208,0,105,0,1254,212
 23195,0,13009,1169,848,1904,2379,529,12902,12659,0,0,519,1365,0,2627,1288,640,1149,103,410,0,0,0,1246,12552,208,208,0,105,0,1254,212
 23200,0,13009,1169,848,1904,2379,529,12902,12659,0,0,519,1365,0,2627,1288,640,1149,103,410,0,0,0,1246,12552,208,208,0,105,0,1254,212
 23205,0,13009,1169,848,1904,2379,529,12902,12659,0,0,519,1365,0,2627,1288,640,1149,103,410,0,0,0,1246,12552,208,208,0,105,0,1254,212
 23210,0,13009,1169,848,1904,2379,529,12902,12659,0,0,519,1365,0,2627,1288,640,1149,103,410,0,0,0,1246,12552,208,208,0,105,0,1254,212
 23215,0,13009,1169,848,1904,2379,529,12902,12659,0,0,519,1365,0,2627,1288,640,1149,103,410,0,0,0,1246,12552,208,208,0,105,0,1254,212
 23220,0,13009,1169,848,1904,2379,529,12902,12659,0,0,519,1365,0,2627,1288,640,1149,103,410,0,0,0,1246,12552,208,208,0,105,0,1254,212
 23225,0,13009,1169,848,1904,2379,529,12902,12659,0,0,519,1365,0,2627,1288,640,1149,103,410,0,0,0,1246,12552,208,208,0,105,0,1254,212
 23230,0,13009,1169,848,1904,2379,529,12902,12659,0,0,519,1365,0,2627,1288,640,1149,103,410,0,0,0,1246,12552,208,208,0,105,0,1254,212
 23235,0,13009,1169,848,1904,2379,529,12902,12659,0,0,519,1365,0,2627,1288,640,1149,103,410,0,0,0,1246,12552,208,208,0,105,0,1254,212
 23240,0,13009,1169,848,1904,2379,529,12902,12659,0,0,519,1365,0,2627,1288,640,1149,103,410,0,0,0,1246,12552,208,208,0,105,0,1254,212
 23245,0,13009,1169,848,1904,2379,529,12902,12659,0,0,519,1365,0,2627,1288,640,1149,103,410,0,0,0,1246,12552,208,208,0,105,0,1254,212
 23250,0,13009,1169,848,1904,2379,529,12902,12659,0,0,519,1365,0,2627,1288,640,1149,103,410,0,0,0,1246,12552,208,208,0,105,0,1254,212
 23255,0,13009,1169,848,1904,2379,529,12902,12659,0,0,519,1365,0,2627,1288,640,1149,103,410,0,0,0,1246,12552,208,208,0,105,0,1254,212
 23260,0,13009,1169,848,1904,2379,529,12902,12659,0,0,519,1365,0,2627,1288,640,1149,103,410,0,0,0,1246,12552,208,208,0,105,0,1254,212
 23265,0,13009,1169,848,1904,2379,529,12902,12659,0,0,519,1365,0,2627,1288,640,1149,103,410,0,0,0,1246,12552,208,208,0,105,0,1254,212
 23270,0,13009,1169,848,1904,2379,529,12902,12659,0,0,519,1365,0,2627,1288,640,1149,103,410,0,0,0,1246,12552,208,208,0,105,0,1254,212
 23275,0,13009,1169,848,1904,2379,529,12902,12659,0,0,519,1365,0,2627,1288,640,1149,103,410,0,0,0,1246,12552,208,208,0,105,0,1254,212
 23280,0,13009,1169,848,1904,2379,529,12902,12659,0,0,519,1365,0,2627,1288,640,1149,103,410,0,0,0,1246,12552,208,208,0,105,0,1254,212
 23285,0,13009,1169,848,1904,2379,529,12902,12659,0,0,519,1365,0,2627,1288,640,1149,103,410,0,0,0,1246,12552,208,208,0,105,0,1254,212
 23290,0,13009,1169,848,1904,2379,529,12902,12659,0,0,519,1365,0,2627,1288,640,1149,103,410,0,0,0,1246,12552,208,208,0,105,0,1254,212
 23295,0,13009,1169,848,1904,2379,529,12902,12659,0,0,519,1365,0,2627,1288,640,1149,103,410,0,0,0,1246,12552,208,208,0,105,0,1254,212
 23300,0,13009,1169,848,1904,2379,529,12902,12659,0,0,519,1365,0,2627,1288,640,1149,103,410,0,0,0,1246,12552,208,208,0,105,0,1254,212
 23305,0,13009,1169,848,1904,2379,529,12902,12659,0,0,519,1365,0,2627,1288,640,1149,103,410,0,0,0,1246,12552,208,208,0,105,0,1254,212
 23310,0,13009,1169,848,1904,2379,529,12902,12659,0,0,519,1365,0,2627,1288,640,1149,103,410,0,0,0,1246,12552,208,208,0,105,0,1254,212
 23315,0,13009,1169,848,1904,2379,529,12902,12659,0,0,519,1365,0,2627,1288,640,1149,103,410,0,0,0,1246,12552,208,208,0,105,0,1254,212
 23320,0,13009,1169,848,1904,2379,529,12902,12659,0,0,519,1365,0,2627,1288,640,1149,103,410,0,0,0,1246,12552,208,208,0,105,0,1254,212
 23325,0,13009,1169,848,1904,2379,529,12902,12659,0,0,519,1365,0,2627,1288,640,1149,103,410,0,0,0,1246,12552,208,208,0,105,0,1254,212
 23330,0,13010,1169,848,1904,2379,529,12902,12659,0,0,519,1365,0,2627,1288,640,1149,103,410,0,0,0,1246,12552,208,208,0,105,0,1254,212
 23335,0,13015,1169,848,1904,2379,529,12902,12659,0,0,519,1365,0,2627,1288,640,1149,103,410,0,0,0,1246,12555,208,208,0,105,0,1254,212
 23340,0,13020,1169,848,1904,2379,529,12902,12661,0,0,519,1365,0,2627,1288,640,1149,103,410,0,0,0,1246,12560,208,208,0,105,0,1254,212
 23345,0,13025,1169,848,1904,2379,529,12902,12666,0,0,519,1365,0,2627,1288,640,1149,103,410,0,0,0,1246,12565,208,208,0,105,0,1254,212
 23350,0,13030,1169,848,1904,2379,529,12902,12671,0,0,519,1365,0,2627,1288,640,1149,103,410,0,0,0,1246,12570,208,208,0,105,0,1254,212
 23355,0,13035,1169,848,1904,2379,529,12902,12676,0,0,519,1365,0,2627,1288,640,1149,103,410,0,0,0,1246,12575,208,208,0,105,0,1254,212
 23360,0,13040,1169,848,1904,2379,529,12902,12681,0,0,519,1365,0,2627,1288,640,1149,103,410,0,0,0,1246,12580,208,208,0,105,0,1254,212
 23365,0,13045,1169,848,1904,2379,529,12902,12686,0,0,519,1365,0,2627,1288,640,1149,103,410,0,0,0,1246,12585,208,208,0,105,0,1254,212
 23370,0,13050,1169,848,1904,2379,529,12902,12691,0,0,519,1365,0,2627,1288,640,1149,103,410,0,0,0,1246,12590,208,208,0,105,0,1254,212
 23375,0,13055,1169,848,1904,2379,529,12902,12696,0,0,519,1365,0,2627,1288,640,1149,103,410,0,0,0,1246,12595,208,208,0,105,0,1254,212
 23380,0,13060,1169,848,1904,2379,529,12902,12701,0,0,519,1365,0,2627,1288,640,1149,103,410,0,0,0,1246,12600,208,208,0,105,0,1254,212
 23385,0,13065,1169,848,1904,2379,529,12902,12706,0,0,519,1365,0,2627,1288,640,1149,103,410,0,0,0,1246,12605,208,208,0,105,0,1254,212
 23390,0,13070,1169,848,1904,2379,529,12905,12711,0,0,519,1365,0,2627,1288,640,1149,103,410,0,0,0,1246,12610,208,208,0,105,0,1254,212
 23395,0,13075,1169,848,1904,2379,529,12910,12716,0,0,519,1365,0,2627,1288,640,1149,103,410,0,0,0,1246,12615,208,208,0,105,0,1254,212
 23400,0,13080,1169,848,1904,2379,529,12915,12721,0,0,519,1365,0,2627,1288,640,1149,103,410,0,0,0,1246,12620,208,208,0,105,0,1254,212
 23405,0,13085,1169,848,1904,2379,529,12920,12726,0,0,519,1365,0,2627,1288,640,1149,103,410,0,0,0,1246,12625,208,208,0,105,0,1254,212
 23410,0,13090,1169,848,1904,2379,529,12925,12731,0,0,519,1365,0,2627,1288,640,1149,103,410,0,0,0,1246,12630,208,208,0,105,0,1254,212
 23415,0,13095,1169,848,1904,2379,529,12930,12736,0,0,519,1365,0,2627,1288,640,1149,103,410,0,0,0,1246,12635,208,208,0,105,0,1254,212
 23420,0,13100,1169,848,1904,2379,529,12935,12741,0,0,519,1365,0,2627,1288,640,1149,103,410,0,0,0,1246,12640,208,208,0,105,0,1254,212
 23425,0,13105,1169,848,1904,2379,529,12940,12746,0,0,519,1365,0,2627,1288,640,1149,103,410,0,0,0,1246,12645,208,208,0,105,0,1254,212
 23430,0,13110,1169,848,1904,2379,529,12945,12751,0,0,519,1365,0,2627,1288,640,1149,103,410,0,0,0,1246,12650,208,208,0,105,0,1254,212
 23435,0,13110,1169,848,1904,2379,529,12950,12756,0,0,519,1365,0,2627,1288,640,1149,103,410,0,0,0,1246,12655,208,208,0,105,0,1254,212
 23440,0,13110,1169,848,1904,2379,529,12955,12761,0,0,519,1365,0,2627,1288,640,1149,103,410,0,0,0,1246,12657,208,208,0,105,0,1254,212
 23445,0,13110,1169,848,1904,2379,529,12960,12766,0,0,519,1365,0,2627,1288,640,1149,103,410,0,0,0,1246,12657,208,208,0,105,0,1254,212
 23450,0,13110,1169,848,1904,2379,529,12965,12766,0,0,519,1365,0,2627,1288,640,1149,103,410,0,0,0,1246,12657,208,208,0,105,0,1254,212
 23455,0,13110,1169,848,1904,2379,529,12970,12766,0,0,519,1365,0,2627,1288,640,1149,103,410,0,0,0,1246,12657,208,208,0,105,0,1254,212
 23460,0,13110,1169,848,1904,2379,529,12975,12766,0,0,519,1365,0,2627,1288,640,1149,103,410,0,0,0,1246,12657,208,208,0,105,0,1254,212
 23465,0,13110,1169,848,1904,2379,529,12980,12766,0,0,519,1365,0,2627,1288,640,1149,103,410,0,0,0,1246,12657,208,208,0,105,0,1254,212
 23470,0,13110,1169,848,1904,2379,529,12985,12766,0,0,519,1365,0,2627,1288,640,1149,103,410,0,0,0,1246,12657,208,208,0,105,0,1254,212
 23475,0,13110,1169,848,1904,2379,529,12990,12766,0,0,519,1365,0,2627,1288,640,1149,103,410,0,0,0,1246,12657,208,208,0,105,0,1254,212
 23480,0,13110,1169,848,1904,2379,529,12995,12766,0,0,519,1365,0,2627,1288,640,1149,103,410,0,0,0,1246,12657,208,208,0,105,0,1254,212
 23485,0,13110,1169,848,1904,2379,529,13000,12766,0,0,519,1365,0,2627,1288,640,1149,103,410,0,0,0,1246,12657,208,208,0,105,0,1254,212
 23490,0,13110,1169,848,1904,2379,529,13005,12766,0,0,519,1365,0,2627,1288,640,1149,103,410,0,0,0,1246,12657,208,208,0,105,0,1254,212
 23495,0,13110,1169,848,1904,2379,529,13009,12766,0,0,519,1365,0,2627,1288,640,1149,103,410,0,0,0,1246,12657,208,208,0,105,0,1254,212
 23500,0,13110,1169,848,1904,2379,529,13009,12766,0,0,519,1365,0,2627,1288,640,1149,103,410,0,0,0,1246,12657,208,208,0,105,0,1254,212
 23505,0,13110,1169,848,1904,2379,529,13009,12766,0,0,519,1365,0,2627,1288,640,1149,103,410,0,0,0,1246,12657,208,208,0,105,0,1254,212
 23510,0,13110,1169,848,1904,2379,529,13009,12766,0,0,519,1365,0,2627,1288,640,1149,103,410,0,0,0,1246,12657,208,208,0,105,0,1254,212
 23515,0,13110,1169,848,1904,2379,529,13009,12766,0,0,519,1365,0,2627,1288,640,1149,103,410,0,0,0,1246,12657,208,208,0,105,0,1254,212
 23520,0,13110,1169,848,1904,2379,529,13009,12766,0,0,519,1365,0,2627,1288,640,1149,103,410,0,0,0,1246,12657,208,208,0,105,0,1254,212
 23525,0,13110,1169,848,1904,2379,529,13009,12766,0,0,519,1365,0,2627,1288,640,1149,103,410,0,0,0,1246,12657,208,208,0,105,0,1254,212
 23530,0,13110,1169,848,1904,2379,529,13009,12766,0,0,519,1365,0,2627,1288,640,1149,103,410,0,0,0,1246,12657,208,208,0,105,0,1254,212
 23535,0,13110,1169,848,1904,2379,529,13009,12766,0,0,519,1365,0,2627,1288,640,1149,103,410,0,0,0,1246,12657,208,208,0,105,0,1254,212
 23540,0,13110,1169,848,1904,2379,529,13009,12766,0,0,519,1365,0,2627,1288,640,1149,103,410,0,0,0,1246,12657,208,208,0,105,0,1254,212
 23545,0,13110,1169,848,1904,2379,529,13009,12766,0,0,519,1365,0,2627,1288,640,1149,103,410,0,0,0,1246,12657,208,208,0,105,0,1254,212
 23550,0,13110,1169,848,1904,2379,529,13009,12766,0,0,519,1365,0,2627,1288,640,1149,103,410,0,0,0,1246,12657,208,208,0,105,0,1254,212
 23555,0,13110,1169,848,1904,2379,529,13008,12766,0,0,519,1365,0,2627,1288,640,1149,103,410,0,0,0,1246,12657,208,208,0,105,0,1254,212
 23560,0,13110,1169,848,1904,2379,529,13013,12766,0,0,519,1365,0,2627,1288,640,1149,103,410,0,0,0,1246,12657,208,208,0,105,0,1254,212
 23565,0,13110,1169,848,1904,2379,529,13018,12766,0,0,519,1365,0,2627,1288,640,1149,103,410,0,0,0,1246,12657,208,208,0,105,0,1254,212
 23570,0,13110,1169,848,1904,2379,529,13023,12766,0,0,519,1365,0,2627,1288,640,1149,103,410,0,0,0,1246,12657,208,208,0,105,0,1254,212
 23575,0,13110,1169,848,1904,2379,529,13028,12766,0,0,519,1365,0,2627,1288,640,1149,103,410,0,0,0,1246,12657,208,208,0,105,0,1254,212
 23580,0,13110,1169,848,1904,2379,529,13033,12766,0,0,519,1365,0,2627,1288,640,1149,103,410,0,0,0,1246,12657,208,208,0,105,0,1254,212
 23585,0,13110,1169,848,1904,2379,529,13038,12766,0,0,519,1365,0,2627,1288,640,1149,103,410,0,0,0,1246,12657,208,208,0,105,0,1254,212
 23590,0,13112,1169,848,1904,2379,529,13043,12766,0,0,519,1365,0,2627,1288,640,1149,103,410,0,0,0,1246,12660,208,208,0,105,0,1254,212
 23595,0,13117,1169,848,1904,2379,529,13048,12766,0,0,519,1365,0,2627,1288,640,1149,103,410,0,0,0,1246,12665,208,208,0,105,0,1254,212
 23600,0,13122,1169,848,1904,2379,529,13053,12766,0,0,519,1365,0,2627,1288,640,1149,103,410,0,0,0,1246,12670,208,208,0,105,0,1254,212
 23605,0,13127,1169,848,1904,2379,529,13058,12766,0,0,519,1365,0,2627,1288,640,1149,103,410,0,0,0,1246,12675,208,208,0,105,0,1254,212
 23610,0,13132,1169,848,1904,2379,529,13063,12767,0,0,519,1365,0,2627,1288,640,1149,103,410,0,0,0,1246,12680,208,208,0,105,0,1254,212
 23615,0,13137,1169,848,1904,2379,529,13068,12772,0,0,519,1365,0,2627,1288,640,1149,103,410,0,0,0,1246,12685,208,208,0,105,0,1254,212
 23620,0,13142,1169,848,1904,2379,529,13073,12777,0,0,519,1365,0,2627,1288,640,1149,103,410,0,0,0,1246,12690,208,208,0,105,0,1254,212
 23625,0,13147,1169,848,1904,2379,529,13078,12782,0,0,519,1365,0,2627,1288,640,1149,103,410,0,0,0,1246,12695,208,208,0,105,0,1254,212
 23630,0,13152,1169,848,1904,2379,529,13083,12787,0,0,519,1365,0,2627,1288,640,1149,103,410,0,0,0,1246,12700,208,208,0,105,0,1254,212
 23635,0,13157,1169,848,1904,2379,529,13088,12792,0,0,519,1365,0,2627,1288,640,1149,103,410,0,0,0,1246,12705,208,208,0,105,0,1254,212
 23640,0,13162,1169,848,1904,2379,529,13093,12797,0,0,519,1365,0,2627,1288,640,1149,103,410,0,0,0,1246,12710,208,208,0,105,0,1254,212
 23645,0,13167,1169,848,1904,2379,529,13098,12802,0,0,519,1365,0,2627,1288,640,1149,103,410,0,0,0,1246,12715,208,208,0,105,0,1254,212
 23650,0,13172,1169,848,1904,2379,529,13103,12807,0,0,519,1365,0,2627,1288,640,1149,103,410,0,0,0,1246,12720,208,208,0,105,0,1254,212
 23655,0,13177,1169,848,1904,2379,529,13108,12812,0,0,519,1365,0,2627,1288,640,1149,103,410,0,0,0,1246,12725,208,208,0,105,0,1254,212
 23660,0,13182,1169,848,1904,2379,529,13110,12817,0,0,519,1365,0,2627,1288,640,1149,103,410,0,0,0,1246,12730,208,208,0,105,0,1254,212
 23665,0,13187,1169,848,1904,2379,529,13110,12822,0,0,519,1365,0,2627,1288,640,1149,103,410,0,0,0,1246,12735,208,208,0,105,0,1254,212
 23670,0,13192,1169,848,1904,2379,529,13115,12827,0,0,519,1365,0,2627,1288,640,1149,103,410,0,0,0,1246,12740,208,208,0,105,0,1254,212
 23675,0,13197,1169,848,1904,2379,529,13120,12832,0,0,519,1365,0,2627,1288,640,1149,103,410,0,0,0,1246,12745,208,208,0,105,0,1254,212
 23680,0,13202,1169,848,1904,2379,529,13125,12837,0,0,519,1365,0,2627,1288,640,1149,103,410,0,0,0,1246,12750,208,208,0,105,0,1254,212
 23685,0,13207,1169,848,1904,2379,529,13130,12842,0,0,519,1365,0,2627,1288,640,1149,103,410,0,0,0,1246,12755,208,208,0,105,0,1254,212
 23690,0,13212,1169,848,1904,2379,529,13135,12847,0,0,519,1365,0,2627,1288,640,1149,103,410,0,0,0,1246,12758,208,208,0,105,0,1254,212
 23695,0,13215,1169,848,1904,2379,529,13140,12852,0,0,519,1365,0,2627,1288,640,1149,103,410,0,0,0,1246,12758,208,208,0,105,0,1254,212
 23700,0,13215,1169,848,1904,2379,529,13145,12857,0,0,519,1365,0,2627,1288,640,1149,103,410,0,0,0,1246,12758,208,208,0,105,0,1254,212
 23705,0,13215,1169,848,1904,2379,529,13150,12862,0,0,519,1365,0,2627,1288,640,1149,103,410,0,0,0,1246,12758,208,208,0,105,0,1254,212
 23710,0,13215,1169,848,1904,2379,529,13155,12867,0,0,519,1365,0,2627,1288,640,1149,103,410,0,0,0,1246,12758,208,208,0,105,0,1254,212
 23715,0,13215,1169,848,1904,2379,529,13160,12869,0,0,519,1365,0,2627,1288,640,1149,103,410,0,0,0,1246,12758,208,208,0,105,0,1254,212
 23720,0,13215,1169,848,1904,2379,529,13165,12869,0,0,519,1365,0,2627,1288,640,1149,103,410,0,0,0,1246,12758,208,208,0,105,0,1254,212
 23725,0,13215,1169,848,1904,2379,529,13170,12869,0,0,519,1365,0,2627,1288,640,1149,103,410,0,0,0,1246,12758,208,208,0,105,0,1254,212
 23730,0,13215,1169,848,1904,2379,529,13175,12869,0,0,519,1365,0,2627,1288,640,1149,103,410,0,0,0,1246,12758,208,208,0,105,0,1254,212
 23735,0,13215,1169,848,1904,2379,529,13180,12869,0,0,519,1365,0,2627,1288,640,1149,103,410,0,0,0,1246,12758,208,208,0,105,0,1254,212
 23740,0,13215,1169,848,1904,2379,529,13185,12869,0,0,519,1365,0,2627,1288,640,1149,103,410,0,0,0,1246,12758,208,208,0,105,0,1254,212
 23745,0,13215,1169,848,1904,2379,529,13190,12869,0,0,519,1365,0,2627,1288,640,1149,103,410,0,0,0,1246,12758,208,208,0,105,0,1254,212
 23750,0,13215,1169,848,1904,2379,529,13195,12869,0,0,519,1365,0,2627,1288,640,1149,103,410,0,0,0,1246,12758,208,208,0,105,0,1254,212
 23755,0,13215,1169,848,1904,2379,529,13200,12869,0,0,519,1365,0,2627,1288,640,1149,103,410,0,0,0,1246,12758,208,208,0,105,0,1254,212
 23760,0,13215,1169,848,1904,2379,529,13205,12869,0,0,519,1365,0,2627,1288,640,1149,103,410,0,0,0,1246,12758,208,208,0,105,0,1254,212
 23765,0,13215,1169,848,1904,2379,529,13210,12869,0,0,519,1365,0,2627,1288,640,1149,103,410,0,0,0,1246,12758,208,208,0,105,0,1254,212
 23770,0,13215,1169,848,1904,2379,529,13215,12869,0,0,519,1365,0,2627,1288,640,1149,103,410,0,0,0,1246,12758,208,208,0,105,0,1254,212
 23775,0,13215,1169,848,1904,2379,529,13215,12869,0,0,519,1365,0,2627,1288,640,1149,103,410,0,0,0,1246,12758,208,208,0,105,0,1254,212
 23780,0,13215,1169,848,1904,2379,529,13215,12869,0,0,519,1365,0,2627,1288,640,1149,103,410,0,0,0,1246,12758,208,208,0,105,0,1254,212
 23785,0,13215,1169,848,1904,2379,529,13215,12869,0,0,519,1365,0,2627,1288,640,1149,103,410,0,0,0,1246,12758,208,208,0,105,0,1254,212
 23790,0,13215,1169,848,1904,2379,529,13215,12869,0,0,519,1365,0,2627,1288,640,1149,103,410,0,0,0,1246,12758,208,208,0,105,0,1254,212
 23795,0,13215,1169,848,1904,2379,529,13215,12869,0,0,519,1365,0,2627,1288,640,1149,103,410,0,0,0,1246,12758,208,208,0,105,0,1254,212
 23800,0,13215,1169,848,1904,2379,529,13215,12869,0,0,519,1365,0,2627,1288,640,1149,103,410,0,0,0,1246,12758,208,208,0,105,0,1254,212
 23805,0,13215,1169,848,1904,2379,529,13215,12869,0,0,519,1365,0,2627,1288,640,1149,103,410,0,0,0,1246,12758,208,208,0,105,0,1254,212
 23810,0,13215,1169,848,1904,2379,529,13215,12869,0,0,519,1365,0,2627,1288,640,1149,103,410,0,0,0,1246,12758,208,208,0,105,0,1254,212
 23815,0,13215,1169,848,1904,2379,529,13215,12869,0,0,519,1365,0,2627,1288,640,1149,103,410,0,0,0,1246,12758,208,208,0,105,0,1254,212
 23820,0,13216,1169,848,1904,2379,529,13215,12869,0,0,519,1365,0,2627,1288,640,1149,103,410,0,0,0,1246,12758,208,208,0,105,0,1254,212
 23825,0,13221,1169,848,1904,2379,529,13215,12869,0,0,519,1365,0,2627,1288,640,1149,103,410,0,0,0,1246,12758,208,208,0,105,0,1254,212
 23830,0,13226,1169,848,1904,2379,529,13215,12869,0,0,519,1365,0,2627,1288,640,1149,103,410,0,0,0,1246,12758,208,208,0,105,0,1254,212
 23835,0,13231,1169,848,1904,2379,529,13215,12869,0,0,519,1365,0,2627,1288,640,1149,103,410,0,0,0,1246,12757,208,208,0,105,0,1254,212
 23840,0,13236,1169,848,1904,2379,529,13215,12869,0,0,519,1365,0,2627,1288,640,1149,103,410,0,0,0,1246,12762,208,208,0,105,0,1254,212
 23845,0,13241,1169,848,1904,2379,529,13215,12872,0,0,519,1365,0,2627,1288,640,1149,103,410,0,0,0,1246,12767,208,208,0,105,0,1254,212
 23850,0,13246,1169,848,1904,2379,529,13215,12877,0,0,519,1365,0,2627,1288,640,1149,103,410,0,0,0,1246,12772,208,208,0,105,0,1254,212
 23855,0,13251,1169,848,1904,2379,529,13215,12882,0,0,519,1365,0,2627,1288,640,1149,103,410,0,0,0,1246,12777,208,208,0,105,0,1254,212
 23860,0,13256,1169,848,1904,2379,529,13215,12887,0,0,519,1365,0,2627,1288,640,1149,103,410,0,0,0,1246,12782,208,208,0,105,0,1254,212
 23865,0,13261,1169,848,1904,2379,529,13215,12892,0,0,519,1365,0,2627,1288,640,1149,103,410,0,0,0,1246,12787,208,208,0,105,0,1254,212
 23870,0,13266,1169,848,1904,2379,529,13215,12897,0,0,519,1365,0,2627,1288,640,1149,103,410,0,0,0,1246,12792,208,208,0,105,0,1254,212
 23875,0,13271,1169,848,1904,2379,529,13215,12902,0,0,519,1365,0,2627,1288,640,1149,103,410,0,0,0,1246,12797,208,208,0,105,0,1254,212
 23880,0,13276,1169,848,1904,2379,529,13215,12907,0,0,519,1365,0,2627,1288,640,1149,103,410,0,0,0,1246,12802,208,208,0,105,0,1254,212
 23885,0,13281,1169,848,1904,2379,529,13215,12912,0,0,519,1365,0,2627,1288,640,1149,103,410,0,0,0,1246,12807,208,208,0,105,0,1254,212
 23890,0,13286,1169,848,1904,2379,529,13220,12917,0,0,519,1365,0,2627,1288,640,1149,103,410,0,0,0,1246,12812,208,208,0,105,0,1254,212
 23895,0,13291,1169,848,1904,2379,529,13225,12922,0,0,519,1365,0,2627,1288,640,1149,103,410,0,0,0,1246,12817,208,208,0,105,0,1254,212
 23900,0,13296,1169,848,1904,2379,529,13230,12927,0,0,519,1365,0,2627,1288,640,1149,103,410,0,0,0,1246,12822,208,208,0,105,0,1254,212
 23905,0,13301,1169,848,1904,2379,529,13235,12932,0,0,519,1365,0,2627,1288,640,1149,103,410,0,0,0,1246,12827,208,208,0,105,0,1254,212
 23910,0,13306,1169,848,1904,2379,529,13240,12937,0,0,519,1365,0,2627,1288,640,1149,103,410,0,0,0,1246,12832,208,208,0,105,0,1254,212
 23915,0,13311,1169,848,1904,2379,529,13245,12942,0,0,519,1365,0,2627,1288,640,1149,103,410,0,0,0,1246,12837,208,208,0,105,0,1254,212
 23920,0,13316,1169,848,1904,2379,529,13250,12947,0,0,519,1365,0,2627,1288,640,1149,103,410,0,0,0,1246,12842,208,208,0,105,0,1254,212
 23925,0,13316,1169,848,1904,2379,529,13255,12952,0,0,519,1365,0,2627,1288,640,1149,103,410,0,0,0,1246,12847,208,208,0,105,0,1254,212
 23930,0,13316,1169,848,1904,2379,529,13260,12957,0,0,519,1365,0,2627,1288,640,1149,103,410,0,0,0,1246,12852,208,208,0,105,0,1254,212
 23935,0,13316,1169,848,1904,2379,529,13265,12962,0,0,519,1365,0,2627,1288,640,1149,103,410,0,0,0,1246,12857,208,208,0,105,0,1254,212
 23940,0,13316,1169,848,1904,2379,529,13270,12967,0,0,519,1365,0,2627,1288,640,1149,103,410,0,0,0,1246,12861,208,208,0,105,0,1254,212
 23945,0,13316,1169,848,1904,2379,529,13275,12972,0,0,519,1365,0,2627,1288,640,1149,103,410,0,0,0,1246,12861,208,208,0,105,0,1254,212
 23950,0,13316,1169,848,1904,2379,529,13280,12976,0,0,519,1365,0,2627,1288,640,1149,103,410,0,0,0,1246,12861,208,208,0,105,0,1254,212
 23955,0,13316,1169,848,1904,2379,529,13285,12976,0,0,519,1365,0,2627,1288,640,1149,103,410,0,0,0,1246,12861,208,208,0,105,0,1254,212
 23960,0,13316,1169,848,1904,2379,529,13290,12976,0,0,519,1365,0,2627,1288,640,1149,103,410,0,0,0,1246,12861,208,208,0,105,0,1254,212
 23965,0,13316,1169,848,1904,2379,529,13295,12976,0,0,519,1365,0,2627,1288,640,1149,103,410,0,0,0,1246,12861,208,208,0,105,0,1254,212
 23970,0,13316,1169,848,1904,2379,529,13300,12976,0,0,519,1365,0,2627,1288,640,1149,103,410,0,0,0,1246,12861,208,208,0,105,0,1254,212
 23975,0,13316,1169,848,1904,2379,529,13305,12976,0,0,519,1365,0,2627,1288,640,1149,103,410,0,0,0,1246,12861,208,208,0,105,0,1254,212
 23980,0,13316,1169,848,1904,2379,529,13310,12976,0,0,519,1365,0,2627,1288,640,1149,103,410,0,0,0,1246,12861,208,208,0,105,0,1254,212
 23985,0,13316,1169,848,1904,2379,529,13315,12976,0,0,519,1365,0,2627,1288,640,1149,103,410,0,0,0,1246,12861,208,208,0,105,0,1254,212
 23990,0,13316,1169,848,1904,2379,529,13318,12976,0,0,519,1365,0,2627,1288,640,1149,103,410,0,0,0,1246,12861,208,208,0,105,0,1254,212
 23995,0,13316,1169,848,1904,2379,529,13318,12976,0,0,519,1365,0,2627,1288,640,1149,103,410,0,0,0,1246,12861,208,208,0,105,0,1254,212
 24000,0,13316,1169,848,1904,2379,529,13318,12976,0,0,519,1365,0,2627,1288,640,1149,103,410,0,0,0,1246,12861,208,208,0,105,0,1254,212
 24005,0,13316,1169,848,1904,2379,529,13318,12976,0,0,519,1365,0,2627,1288,640,1149,103,410,0,0,0,1246,12861,208,208,0,105,0,1254,212
 24010,0,13316,1169,848,1904,2379,529,13318,12976,0,0,519,1365,0,2627,1288,640,1149,103,410,0,0,0,1246,12861,208,208,0,105,0,1254,212
 24015,0,13316,1169,848,1904,2379,529,13318,12976,0,0,519,1365,0,2627,1288,640,1149,103,410,0,0,0,1246,12861,208,208,0,105,0,1254,212
 24020,0,13315,1169,848,1904,2379,529,13318,12976,0,0,519,1365,0,2627,1288,640,1149,103,410,0,0,0,1246,12861,208,208,0,105,0,1254,212
 24025,0,13320,1169,848,1904,2379,529,13318,12976,0,0,519,1365,0,2627,1288,640,1149,103,410,0,0,0,1246,12860,208,208,0,105,0,1254,212
 24030,0,13325,1169,848,1904,2379,529,13318,12978,0,0,519,1365,0,2627,1288,640,1149,103,410,0,0,0,1246,12865,208,208,0,105,0,1254,212
 24035,0,13330,1169,848,1904,2379,529,13318,12983,0,0,519,1365,0,2627,1288,640,1149,103,410,0,0,0,1246,12870,208,208,0,105,0,1254,212
 24040,0,13335,1169,848,1904,2379,529,13318,12988,0,0,519,1365,0,2627,1288,640,1149,103,410,0,0,0,1246,12875,208,208,0,105,0,1254,212
 24045,0,13340,1169,848,1904,2379,529,13318,12993,0,0,519,1365,0,2627,1288,640,1149,103,410,0,0,0,1246,12880,208,208,0,105,0,1254,212
 24050,0,13345,1169,848,1904,2379,529,13318,12998,0,0,519,1365,0,2627,1288,640,1149,103,410,0,0,0,1246,12885,208,208,0,105,0,1254,212
 24055,0,13350,1169,848,1904,2379,529,13318,13003,0,0,519,1365,0,2627,1288,640,1149,103,410,0,0,0,1246,12890,208,208,0,105,0,1254,212
 24060,0,13355,1169,848,1904,2379,529,13318,13008,0,0,519,1365,0,2627,1288,640,1149,103,410,0,0,0,1246,12895,208,208,0,105,0,1254,212
 24065,0,13360,1169,848,1904,2379,529,13318,13013,0,0,519,1365,0,2627,1288,640,1149,103,410,0,0,0,1246,12900,208,208,0,105,0,1254,212
 24070,0,13365,1169,848,1904,2379,529,13318,13018,0,0,519,1365,0,2627,1288,640,1149,103,410,0,0,0,1246,12905,208,208,0,105,0,1254,212
 24075,0,13370,1169,848,1904,2379,529,13318,13023,0,0,519,1365,0,2627,1288,640,1149,103,410,0,0,0,1246,12910,208,208,0,105,0,1254,212
 24080,0,13375,1169,848,1904,2379,529,13318,13028,0,0,519,1365,0,2627,1288,640,1149,103,410,0,0,0,1246,12915,208,208,0,105,0,1254,212
 24085,0,13380,1169,848,1904,2379,529,13319,13033,0,0,519,1365,0,2627,1288,640,1149,103,410,0,0,0,1246,12920,208,208,0,105,0,1254,212
 24090,0,13385,1169,848,1904,2379,529,13324,13038,0,0,519,1365,0,2627,1288,640,1149,103,410,0,0,0,1246,12925,208,208,0,105,0,1254,212
 24095,0,13390,1169,848,1904,2379,529,13329,13043,0,0,519,1365,0,2627,1288,640,1149,103,410,0,0,0,1246,12930,208,208,0,105,0,1254,212
 24100,0,13395,1169,848,1904,2379,529,13334,13048,0,0,519,1365,0,2627,1288,640,1149,103,410,0,0,0,1246,12935,208,208,0,105,0,1254,212
 24105,0,13400,1169,848,1904,2379,529,13339,13053,0,0,519,1365,0,2627,1288,640,1149,103,410,0,0,0,1246,12940,208,208,0,105,0,1254,212
 24110,0,13405,1169,848,1904,2379,529,13344,13058,0,0,519,1365,0,2627,1288,640,1149,103,410,0,0,0,1246,12945,208,208,0,105,0,1254,212
 24115,0,13410,1169,848,1904,2379,529,13349,13063,0,0,519,1365,0,2627,1288,640,1149,103,410,0,0,0,1246,12950,208,208,0,105,0,1254,212
 24120,0,13415,1169,848,1904,2379,529,13354,13068,0,0,519,1365,0,2627,1288,640,1149,103,410,0,0,0,1246,12955,208,208,0,105,0,1254,212
 24125,0,13417,1169,848,1904,2379,529,13359,13073,0,0,519,1365,0,2627,1288,640,1149,103,410,0,0,0,1246,12960,208,208,0,105,0,1254,212
 24130,0,13417,1169,848,1904,2379,529,13364,13077,0,0,519,1365,0,2627,1288,640,1149,103,410,0,0,0,1246,12966,208,208,0,105,0,1254,212
 24135,0,13417,1169,848,1904,2379,529,13369,13077,0,0,519,1365,0,2627,1288,640,1149,103,410,0,0,0,1246,12966,208,208,0,105,0,1254,212
 24140,0,13417,1169,848,1904,2379,529,13374,13077,0,0,519,1365,0,2627,1288,640,1149,103,410,0,0,0,1246,12966,208,208,0,105,0,1254,212
 24145,0,13417,1169,848,1904,2379,529,13379,13077,0,0,519,1365,0,2627,1288,640,1149,103,410,0,0,0,1246,12966,208,208,0,105,0,1254,212
 24150,0,13417,1169,848,1904,2379,529,13384,13077,0,0,519,1365,0,2627,1288,640,1149,103,410,0,0,0,1246,12966,208,208,0,105,0,1254,212
 24155,0,13417,1169,848,1904,2379,529,13389,13077,0,0,519,1365,0,2627,1288,640,1149,103,410,0,0,0,1246,12966,208,208,0,105,0,1254,212
 24160,0,13417,1169,848,1904,2379,529,13394,13077,0,0,519,1365,0,2627,1288,640,1149,103,410,0,0,0,1246,12966,208,208,0,105,0,1254,212
 24165,0,13417,1169,848,1904,2379,529,13399,13077,0,0,519,1365,0,2627,1288,640,1149,103,410,0,0,0,1246,12966,208,208,0,105,0,1254,212
 24170,0,13417,1169,848,1904,2379,529,13404,13077,0,0,519,1365,0,2627,1288,640,1149,103,410,0,0,0,1246,12966,208,208,0,105,0,1254,212
 24175,0,13417,1169,848,1904,2379,529,13409,13077,0,0,519,1365,0,2627,1288,640,1149,103,410,0,0,0,1246,12966,208,208,0,105,0,1254,212
 24180,0,13417,1169,848,1904,2379,529,13414,13077,0,0,519,1365,0,2627,1288,640,1149,103,410,0,0,0,1246,12966,208,208,0,105,0,1254,212
 24185,0,13417,1169,848,1904,2379,529,13419,13077,0,0,519,1365,0,2627,1288,640,1149,103,410,0,0,0,1246,12966,208,208,0,105,0,1254,212
 24190,0,13417,1169,848,1904,2379,529,13421,13077,0,0,519,1365,0,2627,1288,640,1149,103,410,0,0,0,1246,12966,208,208,0,105,0,1254,212
 24195,0,13417,1169,848,1904,2379,529,13421,13077,0,0,519,1365,0,2627,1288,640,1149,103,410,0,0,0,1246,12966,208,208,0,105,0,1254,212
 24200,0,13417,1169,848,1904,2379,529,13421,13077,0,0,519,1365,0,2627,1288,640,1149,103,410,0,0,0,1246,12966,208,208,0,105,0,1254,212
 24205,0,13417,1169,848,1904,2379,529,13421,13077,0,0,519,1365,0,2627,1288,640,1149,103,410,0,0,0,1246,12966,208,208,0,105,0,1254,212
 24210,0,13417,1169,848,1904,2379,529,13421,13077,0,0,519,1365,0,2627,1288,640,1149,103,410,0,0,0,1246,12966,208,208,0,105,0,1254,212
 24215,0,13417,1169,848,1904,2379,529,13421,13077,0,0,519,1365,0,2627,1288,640,1149,103,410,0,0,0,1246,12966,208,208,0,105,0,1254,212
 24220,0,13417,1169,848,1904,2379,529,13421,13077,0,0,519,1365,0,2627,1288,640,1149,103,410,0,0,0,1246,12966,208,208,0,105,0,1254,212
 24225,0,13417,1169,848,1904,2379,529,13421,13077,0,0,519,1365,0,2627,1288,640,1149,103,410,0,0,0,1246,12966,208,208,0,105,0,1254,212
 24230,0,13417,1169,848,1904,2379,529,13421,13077,0,0,519,1365,0,2627,1288,640,1149,103,410,0,0,0,1246,12966,208,208,0,105,0,1254,212
 24235,0,13417,1169,848,1904,2379,529,13421,13077,0,0,519,1365,0,2627,1288,640,1149,103,410,0,0,0,1246,12966,208,208,0,105,0,1254,212
 24240,0,13417,1169,848,1904,2379,529,13421,13077,0,0,519,1365,0,2627,1288,640,1149,103,410,0,0,0,1246,12971,208,208,0,105,0,1254,212
 24245,0,13417,1169,848,1904,2379,529,13421,13079,0,0,519,1365,0,2627,1288,640,1149,103,410,0,0,0,1246,12976,208,208,0,105,0,1254,212
 24250,0,13417,1169,848,1904,2379,529,13421,13084,0,0,519,1365,0,2627,1288,640,1149,103,410,0,0,0,1246,12981,208,208,0,105,0,1254,212
 24255,0,13417,1169,848,1904,2379,529,13421,13089,0,0,519,1365,0,2627,1288,640,1149,103,410,0,0,0,1246,12986,208,208,0,105,0,1254,212
 24260,0,13417,1169,848,1904,2379,529,13421,13094,0,0,519,1365,0,2627,1288,640,1149,103,410,0,0,0,1246,12991,208,208,0,105,0,1254,212
 24265,0,13418,1169,848,1904,2379,529,13421,13099,0,0,519,1365,0,2627,1288,640,1149,103,410,0,0,0,1246,12996,208,208,0,105,0,1254,212
 24270,0,13423,1169,848,1904,2379,529,13421,13104,0,0,519,1365,0,2627,1288,640,1149,103,410,0,0,0,1246,13001,208,208,0,105,0,1254,212
 24275,0,13428,1169,848,1904,2379,529,13426,13109,0,0,519,1365,0,2627,1288,640,1149,103,410,0,0,0,1246,13006,208,208,0,105,0,1254,212
 24280,0,13433,1169,848,1904,2379,529,13431,13114,0,0,519,1365,0,2627,1288,640,1149,103,410,0,0,0,1246,13011,208,208,0,105,0,1254,212
 24285,0,13438,1169,848,1904,2379,529,13436,13119,0,0,519,1365,0,2627,1288,640,1149,103,410,0,0,0,1246,13016,208,208,0,105,0,1254,212
 24290,0,13443,1169,848,1904,2379,529,13441,13124,0,0,519,1365,0,2627,1288,640,1149,103,410,0,0,0,1246,13021,208,208,0,105,0,1254,212
 24295,0,13448,1169,848,1904,2379,529,13446,13129,0,0,519,1365,0,2627,1288,640,1149,103,410,0,0,0,1246,13026,208,208,0,105,0,1254,212
 24300,0,13453,1169,848,1904,2379,529,13451,13134,0,0,519,1365,0,2627,1288,640,1149,103,410,0,0,0,1246,13031,208,208,0,105,0,1254,212
 24305,0,13458,1169,848,1904,2379,529,13456,13139,0,0,519,1365,0,2627,1288,640,1149,103,410,0,0,0,1246,13036,208,208,0,105,0,1254,212
 24310,0,13463,1169,848,1904,2379,529,13461,13144,0,0,519,1365,0,2627,1288,640,1149,103,410,0,0,0,1246,13041,208,208,0,105,0,1254,212
 24315,0,13468,1169,848,1904,2379,529,13466,13149,0,0,519,1365,0,2627,1288,640,1149,103,410,0,0,0,1246,13046,208,208,0,105,0,1254,212
 24320,0,13473,1169,848,1904,2379,529,13471,13154,0,0,519,1365,0,2627,1288,640,1149,103,410,0,0,0,1246,13051,208,208,0,105,0,1254,212
 24325,0,13478,1169,848,1904,2379,529,13476,13159,0,0,519,1365,0,2627,1288,640,1149,103,410,0,0,0,1246,13056,208,208,0,105,0,1254,212
 24330,0,13483,1169,848,1904,2379,529,13481,13164,0,0,519,1365,0,2627,1288,640,1149,103,410,0,0,0,1246,13061,208,208,0,105,0,1254,212
 24335,0,13488,1169,848,1904,2379,529,13486,13169,0,0,519,1365,0,2627,1288,640,1149,103,410,0,0,0,1246,13066,208,208,0,105,0,1254,212
 24340,0,13493,1169,848,1904,2379,529,13491,13174,0,0,519,1365,0,2627,1288,640,1149,103,410,0,0,0,1246,13069,208,208,0,105,0,1254,212
 24345,0,13498,1169,848,1904,2379,529,13496,13179,0,0,519,1365,0,2627,1288,640,1149,103,410,0,0,0,1246,13069,208,208,0,105,0,1254,212
 24350,0,13503,1169,848,1904,2379,529,13501,13182,0,0,519,1365,0,2627,1288,640,1149,103,410,0,0,0,1246,13069,208,208,0,105,0,1254,212
 24355,0,13508,1169,848,1904,2379,529,13506,13182,0,0,519,1365,0,2627,1288,640,1149,103,410,0,0,0,1246,13069,208,208,0,105,0,1254,212
 24360,0,13513,1169,848,1904,2379,529,13511,13182,0,0,519,1365,0,2627,1288,640,1149,103,410,0,0,0,1246,13069,208,208,0,105,0,1254,212
 24365,0,13518,1169,848,1904,2379,529,13516,13182,0,0,519,1365,0,2627,1288,640,1149,103,410,0,0,0,1246,13069,208,208,0,105,0,1254,212
 24370,0,13524,1169,848,1904,2379,529,13521,13182,0,0,519,1365,0,2627,1288,640,1149,103,410,0,0,0,1246,13069,208,208,0,105,0,1254,212
 24375,0,13524,1169,848,1904,2379,529,13526,13182,0,0,519,1365,0,2627,1288,640,1149,103,410,0,0,0,1246,13069,208,208,0,105,0,1254,212
 24380,0,13524,1169,848,1904,2379,529,13528,13182,0,0,519,1365,0,2627,1288,640,1149,103,410,0,0,0,1246,13069,208,208,0,105,0,1254,212
 24385,0,13524,1169,848,1904,2379,529,13528,13182,0,0,519,1365,0,2627,1288,640,1149,103,410,0,0,0,1246,13069,208,208,0,105,0,1254,212
 24390,0,13524,1169,848,1904,2379,529,13528,13182,0,0,519,1365,0,2627,1288,640,1149,103,410,0,0,0,1246,13069,208,208,0,105,0,1254,212
 24395,0,13524,1169,848,1904,2379,529,13528,13182,0,0,519,1365,0,2627,1288,640,1149,103,410,0,0,0,1246,13069,208,208,0,105,0,1254,212
 24400,0,13524,1169,848,1904,2379,529,13528,13182,0,0,519,1365,0,2627,1288,640,1149,103,410,0,0,0,1246,13069,208,208,0,105,0,1254,212
 24405,0,13524,1169,848,1904,2379,529,13528,13182,0,0,519,1365,0,2627,1288,640,1149,103,410,0,0,0,1246,13069,208,208,0,105,0,1254,212
 24410,0,13524,1169,848,1904,2379,529,13528,13182,0,0,519,1365,0,2627,1288,640,1149,103,410,0,0,0,1246,13069,208,208,0,105,0,1254,212
 24415,0,13524,1169,848,1904,2379,529,13528,13182,0,0,519,1365,0,2627,1288,640,1149,103,410,0,0,0,1246,13069,208,208,0,105,0,1254,212
 24420,0,13524,1169,848,1904,2379,529,13528,13182,0,0,519,1365,0,2627,1288,640,1149,103,410,0,0,0,1246,13069,208,208,0,105,0,1254,212
 24425,0,13524,1169,848,1904,2379,529,13528,13182,0,0,519,1365,0,2627,1288,640,1149,103,410,0,0,0,1246,13069,208,208,0,105,0,1254,212
 24430,0,13524,1169,848,1904,2379,529,13528,13182,0,0,519,1365,0,2627,1288,640,1149,103,410,0,0,0,1246,13069,208,208,0,105,0,1254,212
 24435,0,13524,1169,848,1904,2379,529,13528,13182,0,0,519,1365,0,2627,1288,640,1149,103,410,0,0,0,1246,13069,208,208,0,105,0,1254,212
 24440,0,13524,1169,848,1904,2379,529,13528,13182,0,0,519,1365,0,2627,1288,640,1149,103,410,0,0,0,1246,13069,208,208,0,105,0,1254,212
 24445,0,13525,1169,848,1904,2379,529,13528,13182,0,0,519,1365,0,2627,1288,640,1149,103,410,0,0,0,1246,13069,208,208,0,105,0,1254,212
 24450,0,13530,1169,848,1904,2379,529,13527,13182,0,0,519,1365,0,2627,1288,640,1149,103,410,0,0,0,1246,13069,208,208,0,105,0,1254,212
 24455,0,13535,1169,848,1904,2379,529,13532,13182,0,0,519,1365,0,2627,1288,640,1149,103,410,0,0,0,1246,13069,208,208,0,105,0,1254,212
 24460,0,13540,1169,848,1904,2379,529,13537,13182,0,0,519,1365,0,2627,1288,640,1149,103,410,0,0,0,1246,13072,208,208,0,105,0,1254,212
 24465,0,13545,1169,848,1904,2379,529,13542,13182,0,0,519,1365,0,2627,1288,640,1149,103,410,0,0,0,1246,13077,208,208,0,105,0,1254,212
 24470,0,13550,1169,848,1904,2379,529,13547,13182,0,0,519,1365,0,2627,1288,640,1149,103,410,0,0,0,1246,13082,208,208,0,105,0,1254,212
 24475,0,13555,1169,848,1904,2379,529,13552,13182,0,0,519,1365,0,2627,1288,640,1149,103,410,0,0,0,1246,13087,208,208,0,105,0,1254,212
 24480,0,13560,1169,848,1904,2379,529,13557,13182,0,0,519,1365,0,2627,1288,640,1149,103,410,0,0,0,1246,13092,208,208,0,105,0,1254,212
 24485,0,13565,1169,848,1904,2379,529,13562,13182,0,0,519,1365,0,2627,1288,640,1149,103,410,0,0,0,1246,13097,208,208,0,105,0,1254,212
 24490,0,13570,1169,848,1904,2379,529,13567,13182,0,0,519,1365,0,2627,1288,640,1149,103,410,0,0,0,1246,13102,208,208,0,105,0,1254,212
 24495,0,13575,1169,848,1904,2379,529,13572,13184,0,0,519,1365,0,2627,1288,640,1149,103,410,0,0,0,1246,13107,208,208,0,105,0,1254,212
 24500,0,13580,1169,848,1904,2379,529,13577,13189,0,0,519,1365,0,2627,1288,640,1149,103,410,0,0,0,1246,13112,208,208,0,105,0,1254,212
 24505,0,13585,1169,848,1904,2379,529,13582,13194,0,0,519,1365,0,2627,1288,640,1149,103,410,0,0,0,1246,13117,208,208,0,105,0,1254,212
 24510,0,13590,1169,848,1904,2379,529,13587,13199,0,0,519,1365,0,2627,1288,640,1149,103,410,0,0,0,1246,13122,208,208,0,105,0,1254,212
 24515,0,13595,1169,848,1904,2379,529,13592,13204,0,0,519,1365,0,2627,1288,640,1149,103,410,0,0,0,1246,13127,208,208,0,105,0,1254,212
 24520,0,13600,1169,848,1904,2379,529,13597,13209,0,0,519,1365,0,2627,1288,640,1149,103,410,0,0,0,1246,13132,208,208,0,105,0,1254,212
 24525,0,13605,1169,848,1904,2379,529,13602,13214,0,0,519,1365,0,2627,1288,640,1149,103,410,0,0,0,1246,13137,208,208,0,105,0,1254,212
 24530,0,13610,1169,848,1904,2379,529,13607,13219,0,0,519,1365,0,2627,1288,640,1149,103,410,0,0,0,1246,13142,208,208,0,105,0,1254,212
 24535,0,13615,1169,848,1904,2379,529,13612,13224,0,0,519,1365,0,2627,1288,640,1149,103,410,0,0,0,1246,13147,208,208,0,105,0,1254,212
 24540,0,13620,1169,848,1904,2379,529,13617,13229,0,0,519,1365,0,2627,1288,640,1149,103,410,0,0,0,1246,13152,208,208,0,105,0,1254,212
 24545,0,13625,1169,848,1904,2379,529,13622,13234,0,0,519,1365,0,2627,1288,640,1149,103,410,0,0,0,1246,13157,208,208,0,105,0,1254,212
 24550,0,13627,1169,848,1904,2379,529,13627,13239,0,0,519,1365,0,2627,1288,640,1149,103,410,0,0,0,1246,13162,208,208,0,105,0,1254,212
 24555,0,13627,1169,848,1904,2379,529,13631,13244,0,0,519,1365,0,2627,1288,640,1149,103,410,0,0,0,1246,13167,208,208,0,105,0,1254,212
 24560,0,13627,1169,848,1904,2379,529,13631,13249,0,0,519,1365,0,2627,1288,640,1149,103,410,0,0,0,1246,13172,208,208,0,105,0,1254,212
 24565,0,13627,1169,848,1904,2379,529,13631,13254,0,0,519,1365,0,2627,1288,640,1149,103,410,0,0,0,1246,13172,208,208,0,105,0,1254,212
 24570,0,13627,1169,848,1904,2379,529,13631,13259,0,0,519,1365,0,2627,1288,640,1149,103,410,0,0,0,1246,13172,208,208,0,105,0,1254,212
 24575,0,13627,1169,848,1904,2379,529,13631,13264,0,0,519,1365,0,2627,1288,640,1149,103,410,0,0,0,1246,13172,208,208,0,105,0,1254,212
 24580,0,13627,1169,848,1904,2379,529,13631,13269,0,0,519,1365,0,2627,1288,640,1149,103,410,0,0,0,1246,13172,208,208,0,105,0,1254,212
 24585,0,13627,1169,848,1904,2379,529,13631,13274,0,0,519,1365,0,2627,1288,640,1149,103,410,0,0,0,1246,13172,208,208,0,105,0,1254,212
 24590,0,13627,1169,848,1904,2379,529,13631,13279,0,0,519,1365,0,2627,1288,640,1149,103,410,0,0,0,1246,13172,208,208,0,105,0,1254,212
 24595,0,13627,1169,848,1904,2379,529,13631,13284,0,0,519,1365,0,2627,1288,640,1149,103,410,0,0,0,1246,13172,208,208,0,105,0,1254,212
 24600,0,13627,1169,848,1904,2379,529,13631,13289,0,0,519,1365,0,2627,1288,640,1149,103,410,0,0,0,1246,13172,208,208,0,105,0,1254,212
 24605,0,13627,1169,848,1904,2379,529,13631,13289,0,0,519,1365,0,2627,1288,640,1149,103,410,0,0,0,1246,13172,208,208,0,105,0,1254,212
 24610,0,13627,1169,848,1904,2379,529,13631,13289,0,0,519,1365,0,2627,1288,640,1149,103,410,0,0,0,1246,13172,208,208,0,105,0,1254,212
 24615,0,13627,1169,848,1904,2379,529,13631,13289,0,0,519,1365,0,2627,1288,640,1149,103,410,0,0,0,1246,13172,208,208,0,105,0,1254,212
 24620,0,13627,1169,848,1904,2379,529,13631,13289,0,0,519,1365,0,2627,1288,640,1149,103,410,0,0,0,1246,13172,208,208,0,105,0,1254,212
 24625,0,13627,1169,848,1904,2379,529,13631,13289,0,0,519,1365,0,2627,1288,640,1149,103,410,0,0,0,1246,13172,208,208,0,105,0,1254,212
 24630,0,13627,1169,848,1904,2379,529,13631,13289,0,0,519,1365,0,2627,1288,640,1149,103,410,0,0,0,1246,13172,208,208,0,105,0,1254,212
 24635,0,13627,1169,848,1904,2379,529,13631,13289,0,0,519,1365,0,2627,1288,640,1149,103,410,0,0,0,1246,13172,208,208,0,105,0,1254,212
 24640,0,13627,1169,848,1904,2379,529,13631,13289,0,0,519,1365,0,2627,1288,640,1149,103,410,0,0,0,1246,13172,208,208,0,105,0,1254,212
 24645,0,13627,1169,848,1904,2379,529,13631,13289,0,0,519,1365,0,2627,1288,640,1149,103,410,0,0,0,1246,13172,208,208,0,105,0,1254,212
 24650,0,13627,1169,848,1904,2379,529,13631,13289,0,0,519,1365,0,2627,1288,640,1149,103,410,0,0,0,1246,13172,208,208,0,105,0,1254,212
 24655,0,13627,1169,848,1904,2379,529,13631,13289,0,0,519,1365,0,2627,1288,640,1149,103,410,0,0,0,1246,13175,208,208,0,105,0,1254,212
 24660,0,13629,1169,848,1904,2379,529,13631,13289,0,0,519,1365,0,2627,1288,640,1149,103,410,0,0,0,1246,13180,208,208,0,105,0,1254,212
 24665,0,13634,1169,848,1904,2379,529,13631,13289,0,0,519,1365,0,2627,1288,640,1149,103,410,0,0,0,1246,13185,208,208,0,105,0,1254,212
 24670,0,13639,1169,848,1904,2379,529,13631,13289,0,0,519,1365,0,2627,1288,640,1149,103,410,0,0,0,1246,13190,208,208,0,105,0,1254,212
 24675,0,13644,1169,848,1904,2379,529,13631,13289,0,0,519,1365,0,2627,1288,640,1149,103,410,0,0,0,1246,13195,208,208,0,105,0,1254,212
 24680,0,13649,1169,848,1904,2379,529,13631,13294,0,0,519,1365,0,2627,1288,640,1149,103,410,0,0,0,1246,13200,208,208,0,105,0,1254,212
 24685,0,13654,1169,848,1904,2379,529,13631,13299,0,0,519,1365,0,2627,1288,640,1149,103,410,0,0,0,1246,13205,208,208,0,105,0,1254,212
 24690,0,13659,1169,848,1904,2379,529,13631,13304,0,0,519,1365,0,2627,1288,640,1149,103,410,0,0,0,1246,13210,208,208,0,105,0,1254,212
 24695,0,13664,1169,848,1904,2379,529,13631,13309,0,0,519,1365,0,2627,1288,640,1149,103,410,0,0,0,1246,13215,208,208,0,105,0,1254,212
 24700,0,13669,1169,848,1904,2379,529,13634,13314,0,0,519,1365,0,2627,1288,640,1149,103,410,0,0,0,1246,13220,208,208,0,105,0,1254,212
 24705,0,13674,1169,848,1904,2379,529,13639,13319,0,0,519,1365,0,2627,1288,640,1149,103,410,0,0,0,1246,13225,208,208,0,105,0,1254,212
 24710,0,13679,1169,848,1904,2379,529,13644,13324,0,0,519,1365,0,2627,1288,640,1149,103,410,0,0,0,1246,13230,208,208,0,105,0,1254,212
 24715,0,13684,1169,848,1904,2379,529,13649,13329,0,0,519,1365,0,2627,1288,640,1149,103,410,0,0,0,1246,13235,208,208,0,105,0,1254,212
 24720,0,13689,1169,848,1904,2379,529,13654,13334,0,0,519,1365,0,2627,1288,640,1149,103,410,0,0,0,1246,13240,208,208,0,105,0,1254,212
 24725,0,13694,1169,848,1904,2379,529,13659,13339,0,0,519,1365,0,2627,1288,640,1149,103,410,0,0,0,1246,13245,208,208,0,105,0,1254,212
 24730,0,13699,1169,848,1904,2379,529,13664,13344,0,0,519,1365,0,2627,1288,640,1149,103,410,0,0,0,1246,13250,208,208,0,105,0,1254,212
 24735,0,13704,1169,848,1904,2379,529,13669,13349,0,0,519,1365,0,2627,1288,640,1149,103,410,0,0,0,1246,13255,208,208,0,105,0,1254,212
 24740,0,13709,1169,848,1904,2379,529,13674,13354,0,0,519,1365,0,2627,1288,640,1149,103,410,0,0,0,1246,13260,208,208,0,105,0,1254,212
 24745,0,13714,1169,848,1904,2379,529,13679,13359,0,0,519,1365,0,2627,1288,640,1149,103,410,0,0,0,1246,13265,208,208,0,105,0,1254,212
 24750,0,13719,1169,848,1904,2379,529,13684,13364,0,0,519,1365,0,2627,1288,640,1149,103,410,0,0,0,1246,13270,208,208,0,105,0,1254,212
 24755,0,13724,1169,848,1904,2379,529,13689,13369,0,0,519,1365,0,2627,1288,640,1149,103,410,0,0,0,1246,13273,208,208,0,105,0,1254,212
 24760,0,13729,1169,848,1904,2379,529,13694,13374,0,0,519,1365,0,2627,1288,640,1149,103,410,0,0,0,1246,13273,208,208,0,105,0,1254,212
 24765,0,13732,1169,848,1904,2379,529,13699,13379,0,0,519,1365,0,2627,1288,640,1149,103,410,0,0,0,1246,13273,208,208,0,105,0,1254,212
 24770,0,13732,1169,848,1904,2379,529,13704,13384,0,0,519,1365,0,2627,1288,640,1149,103,410,0,0,0,1246,13273,208,208,0,105,0,1254,212
 24775,0,13732,1169,848,1904,2379,529,13709,13390,0,0,519,1365,0,2627,1288,640,1149,103,410,0,0,0,1246,13273,208,208,0,105,0,1254,212
 24780,0,13732,1169,848,1904,2379,529,13714,13390,0,0,519,1365,0,2627,1288,640,1149,103,410,0,0,0,1246,13273,208,208,0,105,0,1254,212
 24785,0,13732,1169,848,1904,2379,529,13719,13390,0,0,519,1365,0,2627,1288,640,1149,103,410,0,0,0,1246,13273,208,208,0,105,0,1254,212
 24790,0,13732,1169,848,1904,2379,529,13724,13390,0,0,519,1365,0,2627,1288,640,1149,103,410,0,0,0,1246,13273,208,208,0,105,0,1254,212
 24795,0,13732,1169,848,1904,2379,529,13729,13390,0,0,519,1365,0,2627,1288,640,1149,103,410,0,0,0,1246,13273,208,208,0,105,0,1254,212
 24800,0,13732,1169,848,1904,2379,529,13734,13390,0,0,519,1365,0,2627,1288,640,1149,103,410,0,0,0,1246,13273,208,208,0,105,0,1254,212
 24805,0,13732,1169,848,1904,2379,529,13736,13390,0,0,519,1365,0,2627,1288,640,1149,103,410,0,0,0,1246,13273,208,208,0,105,0,1254,212
 24810,0,13732,1169,848,1904,2379,529,13736,13390,0,0,519,1365,0,2627,1288,640,1149,103,410,0,0,0,1246,13273,208,208,0,105,0,1254,212
 24815,0,13732,1169,848,1904,2379,529,13736,13390,0,0,519,1365,0,2627,1288,640,1149,103,410,0,0,0,1246,13273,208,208,0,105,0,1254,212
 24820,0,13732,1169,848,1904,2379,529,13736,13390,0,0,519,1365,0,2627,1288,640,1149,103,410,0,0,0,1246,13273,208,208,0,105,0,1254,212
 24825,0,13732,1169,848,1904,2379,529,13736,13390,0,0,519,1365,0,2627,1288,640,1149,103,410,0,0,0,1246,13273,208,208,0,105,0,1254,212
 24830,0,13732,1169,848,1904,2379,529,13736,13390,0,0,519,1365,0,2627,1288,640,1149,103,410,0,0,0,1246,13273,208,208,0,105,0,1254,212
 24835,0,13732,1169,848,1904,2379,529,13736,13390,0,0,519,1365,0,2627,1288,640,1149,103,410,0,0,0,1246,13273,208,208,0,105,0,1254,212
 24840,0,13732,1169,848,1904,2379,529,13736,13390,0,0,519,1365,0,2627,1288,640,1149,103,410,0,0,0,1246,13273,208,208,0,105,0,1254,212
 24845,0,13732,1169,848,1904,2379,529,13736,13390,0,0,519,1365,0,2627,1288,640,1149,103,410,0,0,0,1246,13273,208,208,0,105,0,1254,212
 24850,0,13732,1169,848,1904,2379,529,13736,13390,0,0,519,1365,0,2627,1288,640,1149,103,410,0,0,0,1246,13273,208,208,0,105,0,1254,212
 24855,0,13732,1169,848,1904,2379,529,13736,13390,0,0,519,1365,0,2627,1288,640,1149,103,410,0,0,0,1246,13273,208,208,0,105,0,1254,212
 24860,0,13732,1169,848,1904,2379,529,13736,13390,0,0,519,1365,0,2627,1288,640,1149,103,410,0,0,0,1246,13273,208,208,0,105,0,1254,212
 24865,0,13732,1169,848,1904,2379,529,13736,13390,0,0,519,1365,0,2627,1288,640,1149,103,410,0,0,0,1246,13273,208,208,0,105,0,1254,212
 24870,0,13732,1169,848,1904,2379,529,13736,13390,0,0,519,1365,0,2627,1288,640,1149,103,410,0,0,0,1246,13273,208,208,0,105,0,1254,212
 24875,0,13732,1169,848,1904,2379,529,13736,13390,0,0,519,1365,0,2627,1288,640,1149,103,410,0,0,0,1246,13273,208,208,0,105,0,1254,212
 24880,0,13732,1169,848,1904,2379,529,13736,13390,0,0,519,1365,0,2627,1288,640,1149,103,410,0,0,0,1246,13273,208,208,0,105,0,1254,212
 24885,0,13732,1169,848,1904,2379,529,13736,13390,0,0,519,1365,0,2627,1288,640,1149,103,410,0,0,0,1246,13273,208,208,0,105,0,1254,212
 24890,0,13732,1169,848,1904,2379,529,13736,13390,0,0,519,1365,0,2627,1288,640,1149,103,410,0,0,0,1246,13273,208,208,0,105,0,1254,212
 24895,0,13732,1169,848,1904,2379,529,13736,13390,0,0,519,1365,0,2627,1288,640,1149,103,410,0,0,0,1246,13272,208,208,0,105,0,1254,212
 24900,0,13732,1169,848,1904,2379,529,13736,13390,0,0,519,1365,0,2627,1288,640,1149,103,410,0,0,0,1246,13277,208,208,0,105,0,1254,212
 24905,0,13734,1169,848,1904,2379,529,13736,13390,0,0,519,1365,0,2627,1288,640,1149,103,410,0,0,0,1246,13282,208,208,0,105,0,1254,212
 24910,0,13739,1169,848,1904,2379,529,13735,13390,0,0,519,1365,0,2627,1288,640,1149,103,410,0,0,0,1246,13287,208,208,0,105,0,1254,212
 24915,0,13744,1169,848,1904,2379,529,13740,13390,0,0,519,1365,0,2627,1288,640,1149,103,410,0,0,0,1246,13292,208,208,0,105,0,1254,212
 24920,0,13749,1169,848,1904,2379,529,13745,13390,0,0,519,1365,0,2627,1288,640,1149,103,410,0,0,0,1246,13297,208,208,0,105,0,1254,212
 24925,0,13754,1169,848,1904,2379,529,13750,13390,0,0,519,1365,0,2627,1288,640,1149,103,410,0,0,0,1246,13302,208,208,0,105,0,1254,212
 24930,0,13759,1169,848,1904,2379,529,13755,13392,0,0,519,1365,0,2627,1288,640,1149,103,410,0,0,0,1246,13307,208,208,0,105,0,1254,212
 24935,0,13764,1169,848,1904,2379,529,13760,13397,0,0,519,1365,0,2627,1288,640,1149,103,410,0,0,0,1246,13312,208,208,0,105,0,1254,212
 24940,0,13769,1169,848,1904,2379,529,13765,13402,0,0,519,1365,0,2627,1288,640,1149,103,410,0,0,0,1246,13317,208,208,0,105,0,1254,212
 24945,0,13774,1169,848,1904,2379,529,13770,13407,0,0,519,1365,0,2627,1288,640,1149,103,410,0,0,0,1246,13322,208,208,0,105,0,1254,212
 24950,0,13779,1169,848,1904,2379,529,13775,13412,0,0,519,1365,0,2627,1288,640,1149,103,410,0,0,0,1246,13327,208,208,0,105,0,1254,212
 24955,0,13784,1169,848,1904,2379,529,13780,13417,0,0,519,1365,0,2627,1288,640,1149,103,410,0,0,0,1246,13332,208,208,0,105,0,1254,212
 24960,0,13789,1169,848,1904,2379,529,13785,13422,0,0,519,1365,0,2627,1288,640,1149,103,410,0,0,0,1246,13337,208,208,0,105,0,1254,212
 24965,0,13794,1169,848,1904,2379,529,13790,13427,0,0,519,1365,0,2627,1288,640,1149,103,410,0,0,0,1246,13342,208,208,0,105,0,1254,212
 24970,0,13799,1169,848,1904,2379,529,13795,13432,0,0,519,1365,0,2627,1288,640,1149,103,410,0,0,0,1246,13347,208,208,0,105,0,1254,212
 24975,0,13804,1169,848,1904,2379,529,13800,13437,0,0,519,1365,0,2627,1288,640,1149,103,410,0,0,0,1246,13352,208,208,0,105,0,1254,212
 24980,0,13809,1169,848,1904,2379,529,13805,13442,0,0,519,1365,0,2627,1288,640,1149,103,410,0,0,0,1246,13357,208,208,0,105,0,1254,212
 24985,0,13814,1169,848,1904,2379,529,13810,13447,0,0,519,1365,0,2627,1288,640,1149,103,410,0,0,0,1246,13362,208,208,0,105,0,1254,212
 24990,0,13819,1169,848,1904,2379,529,13815,13452,0,0,519,1365,0,2627,1288,640,1149,103,410,0,0,0,1246,13367,208,208,0,105,0,1254,212
 24995,0,13824,1169,848,1904,2379,529,13820,13457,0,0,519,1365,0,2627,1288,640,1149,103,410,0,0,0,1246,13372,208,208,0,105,0,1254,212
 25000,0,13829,1169,848,1904,2379,529,13825,13462,0,0,519,1365,0,2627,1288,640,1149,103,410,0,0,0,1246,13376,208,208,0,105,0,1254,212
 25005,0,13835,1169,848,1904,2379,529,13830,13467,0,0,519,1365,0,2627,1288,640,1149,103,410,0,0,0,1246,13376,208,208,0,105,0,1254,212
 25010,0,13835,1169,848,1904,2379,529,13835,13472,0,0,519,1365,0,2627,1288,640,1149,103,410,0,0,0,1246,13376,208,208,0,105,0,1254,212
 25015,0,13835,1169,848,1904,2379,529,13839,13477,0,0,519,1365,0,2627,1288,640,1149,103,410,0,0,0,1246,13376,208,208,0,105,0,1254,212
 25020,0,13835,1169,848,1904,2379,529,13839,13482,0,0,519,1365,0,2627,1288,640,1149,103,410,0,0,0,1246,13376,208,208,0,105,0,1254,212
 25025,0,13835,1169,848,1904,2379,529,13839,13487,0,0,519,1365,0,2627,1288,640,1149,103,410,0,0,0,1246,13376,208,208,0,105,0,1254,212
 25030,0,13835,1169,848,1904,2379,529,13839,13493,0,0,519,1365,0,2627,1288,640,1149,103,410,0,0,0,1246,13376,208,208,0,105,0,1254,212
 25035,0,13835,1169,848,1904,2379,529,13839,13493,0,0,519,1365,0,2627,1288,640,1149,103,410,0,0,0,1246,13376,208,208,0,105,0,1254,212
 25040,0,13835,1169,848,1904,2379,529,13839,13493,0,0,519,1365,0,2627,1288,640,1149,103,410,0,0,0,1246,13376,208,208,0,105,0,1254,212
 25045,0,13835,1169,848,1904,2379,529,13839,13493,0,0,519,1365,0,2627,1288,640,1149,103,410,0,0,0,1246,13376,208,208,0,105,0,1254,212
 25050,0,13835,1169,848,1904,2379,529,13839,13493,0,0,519,1365,0,2627,1288,640,1149,103,410,0,0,0,1246,13376,208,208,0,105,0,1254,212
 25055,0,13835,1169,848,1904,2379,529,13839,13493,0,0,519,1365,0,2627,1288,640,1149,103,410,0,0,0,1246,13376,208,208,0,105,0,1254,212
 25060,0,13835,1169,848,1904,2379,529,13839,13493,0,0,519,1365,0,2627,1288,640,1149,103,410,0,0,0,1246,13376,208,208,0,105,0,1254,212
 25065,0,13835,1169,848,1904,2379,529,13839,13493,0,0,519,1365,0,2627,1288,640,1149,103,410,0,0,0,1246,13376,208,208,0,105,0,1254,212
 25070,0,13835,1169,848,1904,2379,529,13839,13493,0,0,519,1365,0,2627,1288,640,1149,103,410,0,0,0,1246,13376,208,208,0,105,0,1254,212
 25075,0,13835,1169,848,1904,2379,529,13839,13493,0,0,519,1365,0,2627,1288,640,1149,103,410,0,0,0,1246,13376,208,208,0,105,0,1254,212
 25080,0,13835,1169,848,1904,2379,529,13839,13493,0,0,519,1365,0,2627,1288,640,1149,103,410,0,0,0,1246,13376,208,208,0,105,0,1254,212
 25085,0,13835,1169,848,1904,2379,529,13839,13493,0,0,519,1365,0,2627,1288,640,1149,103,410,0,0,0,1246,13376,208,208,0,105,0,1254,212
 25090,0,13835,1169,848,1904,2379,529,13839,13493,0,0,519,1365,0,2627,1288,640,1149,103,410,0,0,0,1246,13376,208,208,0,105,0,1254,212
 25095,0,13835,1169,848,1904,2379,529,13839,13493,0,0,519,1365,0,2627,1288,640,1149,103,410,0,0,0,1246,13376,208,208,0,105,0,1254,212
 25100,0,13835,1169,848,1904,2379,529,13839,13493,0,0,519,1365,0,2627,1288,640,1149,103,410,0,0,0,1246,13376,208,208,0,105,0,1254,212
 25105,0,13835,1169,848,1904,2379,529,13839,13493,0,0,519,1365,0,2627,1288,640,1149,103,410,0,0,0,1246,13376,208,208,0,105,0,1254,212
 25110,0,13835,1169,848,1904,2379,529,13839,13493,0,0,519,1365,0,2627,1288,640,1149,103,410,0,0,0,1246,13376,208,208,0,105,0,1254,212
 25115,0,13837,1169,848,1904,2379,529,13839,13496,0,0,519,1365,0,2627,1288,640,1149,103,410,0,0,0,1246,13379,208,208,0,105,0,1254,212
 25120,0,13842,1169,848,1904,2379,529,13840,13501,0,0,519,1365,0,2627,1288,640,1149,103,410,0,0,0,1246,13384,208,208,0,105,0,1254,212
 25125,0,13847,1169,848,1904,2379,529,13845,13506,0,0,519,1365,0,2627,1288,640,1149,103,410,0,0,0,1246,13389,208,208,0,105,0,1254,212
 25130,0,13852,1169,848,1904,2379,529,13850,13511,0,0,519,1365,0,2627,1288,640,1149,103,410,0,0,0,1246,13394,208,208,0,105,0,1254,212
 25135,0,13857,1169,848,1904,2379,529,13855,13516,0,0,519,1365,0,2627,1288,640,1149,103,410,0,0,0,1246,13399,208,208,0,105,0,1254,212
 25140,0,13862,1169,848,1904,2379,529,13860,13521,0,0,519,1365,0,2627,1288,640,1149,103,410,0,0,0,1246,13404,208,208,0,105,0,1254,212
 25145,0,13867,1169,848,1904,2379,529,13865,13526,0,0,519,1365,0,2627,1288,640,1149,103,410,0,0,0,1246,13409,208,208,0,105,0,1254,212
 25150,0,13872,1169,848,1904,2379,529,13870,13531,0,0,519,1365,0,2627,1288,640,1149,103,410,0,0,0,1246,13414,208,208,0,105,0,1254,212
 25155,0,13877,1169,848,1904,2379,529,13875,13536,0,0,519,1365,0,2627,1288,640,1149,103,410,0,0,0,1246,13419,208,208,0,105,0,1254,212
 25160,0,13882,1169,848,1904,2379,529,13880,13541,0,0,519,1365,0,2627,1288,640,1149,103,410,0,0,0,1246,13424,208,208,0,105,0,1254,212
 25165,0,13887,1169,848,1904,2379,529,13885,13546,0,0,519,1365,0,2627,1288,640,1149,103,410,0,0,0,1246,13429,208,208,0,105,0,1254,212
 25170,0,13892,1169,848,1904,2379,529,13890,13551,0,0,519,1365,0,2627,1288,640,1149,103,410,0,0,0,1246,13434,208,208,0,105,0,1254,212
 25175,0,13897,1169,848,1904,2379,529,13895,13556,0,0,519,1365,0,2627,1288,640,1149,103,410,0,0,0,1246,13439,208,208,0,105,0,1254,212
 25180,0,13902,1169,848,1904,2379,529,13900,13561,0,0,519,1365,0,2627,1288,640,1149,103,410,0,0,0,1246,13444,208,208,0,105,0,1254,212
 25185,0,13907,1169,848,1904,2379,529,13905,13566,0,0,519,1365,0,2627,1288,640,1149,103,410,0,0,0,1246,13449,208,208,0,105,0,1254,212
 25190,0,13912,1169,848,1904,2379,529,13910,13571,0,0,519,1365,0,2627,1288,640,1149,103,410,0,0,0,1246,13454,208,208,0,105,0,1254,212
 25195,0,13917,1169,848,1904,2379,529,13915,13576,0,0,519,1365,0,2627,1288,640,1149,103,410,0,0,0,1246,13459,208,208,0,105,0,1254,212
 25200,0,13922,1169,848,1904,2379,529,13920,13581,0,0,519,1365,0,2627,1288,640,1149,103,410,0,0,0,1246,13464,208,208,0,105,0,1254,212
 25205,0,13927,1169,848,1904,2379,529,13925,13586,0,0,519,1365,0,2627,1288,640,1149,103,410,0,0,0,1246,13469,208,208,0,105,0,1254,212
 25210,0,13932,1169,848,1904,2379,529,13930,13591,0,0,519,1365,0,2627,1288,640,1149,103,410,0,0,0,1246,13474,208,208,0,105,0,1254,212
 25215,0,13938,1169,848,1904,2379,529,13935,13596,0,0,519,1365,0,2627,1288,640,1149,103,410,0,0,0,1246,13479,208,208,0,105,0,1254,212
 25220,0,13938,1169,848,1904,2379,529,13940,13596,0,0,519,1365,0,2627,1288,640,1149,103,410,0,0,0,1246,13479,208,208,0,105,0,1254,212
 25225,0,13938,1169,848,1904,2379,529,13942,13596,0,0,519,1365,0,2627,1288,640,1149,103,410,0,0,0,1246,13479,208,208,0,105,0,1254,212
 25230,0,13938,1169,848,1904,2379,529,13942,13596,0,0,519,1365,0,2627,1288,640,1149,103,410,0,0,0,1246,13479,208,208,0,105,0,1254,212
 25235,0,13938,1169,848,1904,2379,529,13942,13596,0,0,519,1365,0,2627,1288,640,1149,103,410,0,0,0,1246,13479,208,208,0,105,0,1254,212
 25240,0,13938,1169,848,1904,2379,529,13942,13596,0,0,519,1365,0,2627,1288,640,1149,103,410,0,0,0,1246,13479,208,208,0,105,0,1254,212
 25245,0,13938,1169,848,1904,2379,529,13942,13596,0,0,519,1365,0,2627,1288,640,1149,103,410,0,0,0,1246,13479,208,208,0,105,0,1254,212
 25250,0,13938,1169,848,1904,2379,529,13942,13596,0,0,519,1365,0,2627,1288,640,1149,103,410,0,0,0,1246,13479,208,208,0,105,0,1254,212
 25255,0,13938,1169,848,1904,2379,529,13942,13596,0,0,519,1365,0,2627,1288,640,1149,103,410,0,0,0,1246,13479,208,208,0,105,0,1254,212
 25260,0,13938,1169,848,1904,2379,529,13942,13596,0,0,519,1365,0,2627,1288,640,1149,103,410,0,0,0,1246,13479,208,208,0,105,0,1254,212
 25265,0,13938,1169,848,1904,2379,529,13942,13596,0,0,519,1365,0,2627,1288,640,1149,103,410,0,0,0,1246,13479,208,208,0,105,0,1254,212
 25270,0,13938,1169,848,1904,2379,529,13942,13596,0,0,519,1365,0,2627,1288,640,1149,103,410,0,0,0,1246,13479,208,208,0,105,0,1254,212
 25275,0,13938,1169,848,1904,2379,529,13942,13596,0,0,519,1365,0,2627,1288,640,1149,103,410,0,0,0,1246,13479,208,208,0,105,0,1254,212
 25280,0,13938,1169,848,1904,2379,529,13942,13596,0,0,519,1365,0,2627,1288,640,1149,103,410,0,0,0,1246,13479,208,208,0,105,0,1254,212
 25285,0,13938,1169,848,1904,2379,529,13942,13596,0,0,519,1365,0,2627,1288,640,1149,103,410,0,0,0,1246,13479,208,208,0,105,0,1254,212
 25290,0,13938,1169,848,1904,2379,529,13942,13596,0,0,519,1365,0,2627,1288,640,1149,103,410,0,0,0,1246,13479,208,208,0,105,0,1254,212
 25295,0,13938,1169,848,1904,2379,529,13942,13596,0,0,519,1365,0,2627,1288,640,1149,103,410,0,0,0,1246,13479,208,208,0,105,0,1254,212
 25300,0,13938,1169,848,1904,2379,529,13942,13596,0,0,519,1365,0,2627,1288,640,1149,103,410,0,0,0,1246,13479,208,208,0,105,0,1254,212
 25305,0,13938,1169,848,1904,2379,529,13942,13596,0,0,519,1365,0,2627,1288,640,1149,103,410,0,0,0,1246,13479,208,208,0,105,0,1254,212
 25310,0,13938,1169,848,1904,2379,529,13942,13596,0,0,519,1365,0,2627,1288,640,1149,103,410,0,0,0,1246,13479,208,208,0,105,0,1254,212
 25315,0,13938,1169,848,1904,2379,529,13942,13596,0,0,519,1365,0,2627,1288,640,1149,103,410,0,0,0,1246,13479,208,208,0,105,0,1254,212
 25320,0,13938,1169,848,1904,2379,529,13942,13596,0,0,519,1365,0,2627,1288,640,1149,103,410,0,0,0,1246,13479,208,208,0,105,0,1254,212
 25325,0,13937,1169,848,1904,2379,529,13942,13596,0,0,519,1365,0,2627,1288,640,1149,103,410,0,0,0,1246,13479,208,208,0,105,0,1254,212
 25330,0,13942,1169,848,1904,2379,529,13942,13596,0,0,519,1365,0,2627,1288,640,1149,103,410,0,0,0,1246,13479,208,208,0,105,0,1254,212
 25335,0,13947,1169,848,1904,2379,529,13942,13601,0,0,519,1365,0,2627,1288,640,1149,103,410,0,0,0,1246,13479,208,208,0,105,0,1254,212
 25340,0,13952,1169,848,1904,2379,529,13942,13606,0,0,519,1365,0,2627,1288,640,1149,103,410,0,0,0,1246,13482,208,208,0,105,0,1254,212
 25345,0,13957,1169,848,1904,2379,529,13942,13611,0,0,519,1365,0,2627,1288,640,1149,103,410,0,0,0,1246,13487,208,208,0,105,0,1254,212
 25350,0,13962,1169,848,1904,2379,529,13942,13616,0,0,519,1365,0,2627,1288,640,1149,103,410,0,0,0,1246,13492,208,208,0,105,0,1254,212
 25355,0,13967,1169,848,1904,2379,529,13942,13621,0,0,519,1365,0,2627,1288,640,1149,103,410,0,0,0,1246,13497,208,208,0,105,0,1254,212
 25360,0,13972,1169,848,1904,2379,529,13942,13626,0,0,519,1365,0,2627,1288,640,1149,103,410,0,0,0,1246,13502,208,208,0,105,0,1254,212
 25365,0,13977,1169,848,1904,2379,529,13942,13631,0,0,519,1365,0,2627,1288,640,1149,103,410,0,0,0,1246,13507,208,208,0,105,0,1254,212
 25370,0,13982,1169,848,1904,2379,529,13941,13636,0,0,519,1365,0,2627,1288,640,1149,103,410,0,0,0,1246,13512,208,208,0,105,0,1254,212
 25375,0,13987,1169,848,1904,2379,529,13946,13641,0,0,519,1365,0,2627,1288,640,1149,103,410,0,0,0,1246,13517,208,208,0,105,0,1254,212
 25380,0,13992,1169,848,1904,2379,529,13951,13646,0,0,519,1365,0,2627,1288,640,1149,103,410,0,0,0,1246,13522,208,208,0,105,0,1254,212
 25385,0,13997,1169,848,1904,2379,529,13956,13651,0,0,519,1365,0,2627,1288,640,1149,103,410,0,0,0,1246,13527,208,208,0,105,0,1254,212
 25390,0,14002,1169,848,1904,2379,529,13961,13656,0,0,519,1365,0,2627,1288,640,1149,103,410,0,0,0,1246,13532,208,208,0,105,0,1254,212
 25395,0,14007,1169,848,1904,2379,529,13966,13661,0,0,519,1365,0,2627,1288,640,1149,103,410,0,0,0,1246,13537,208,208,0,105,0,1254,212
 25400,0,14012,1169,848,1904,2379,529,13971,13666,0,0,519,1365,0,2627,1288,640,1149,103,410,0,0,0,1246,13542,208,208,0,105,0,1254,212
 25405,0,14017,1169,848,1904,2379,529,13976,13671,0,0,519,1365,0,2627,1288,640,1149,103,410,0,0,0,1246,13547,208,208,0,105,0,1254,212
 25410,0,14022,1169,848,1904,2379,529,13981,13676,0,0,519,1365,0,2627,1288,640,1149,103,410,0,0,0,1246,13552,208,208,0,105,0,1254,212
 25415,0,14027,1169,848,1904,2379,529,13986,13681,0,0,519,1365,0,2627,1288,640,1149,103,410,0,0,0,1246,13557,208,208,0,105,0,1254,212
 25420,0,14032,1169,848,1904,2379,529,13991,13686,0,0,519,1365,0,2627,1288,640,1149,103,410,0,0,0,1246,13562,208,208,0,105,0,1254,212
 25425,0,14037,1169,848,1904,2379,529,13996,13691,0,0,519,1365,0,2627,1288,640,1149,103,410,0,0,0,1246,13567,208,208,0,105,0,1254,212
 25430,0,14039,1169,848,1904,2379,529,14001,13697,0,0,519,1365,0,2627,1288,640,1149,103,410,0,0,0,1246,13572,208,208,0,105,0,1254,212
 25435,0,14039,1169,848,1904,2379,529,14006,13697,0,0,519,1365,0,2627,1288,640,1149,103,410,0,0,0,1246,13577,208,208,0,105,0,1254,212
 25440,0,14039,1169,848,1904,2379,529,14011,13697,0,0,519,1365,0,2627,1288,640,1149,103,410,0,0,0,1246,13580,208,208,0,105,0,1254,212
 25445,0,14039,1169,848,1904,2379,529,14016,13697,0,0,519,1365,0,2627,1288,640,1149,103,410,0,0,0,1246,13580,208,208,0,105,0,1254,212
 25450,0,14039,1169,848,1904,2379,529,14021,13697,0,0,519,1365,0,2627,1288,640,1149,103,410,0,0,0,1246,13580,208,208,0,105,0,1254,212
 25455,0,14039,1169,848,1904,2379,529,14026,13697,0,0,519,1365,0,2627,1288,640,1149,103,410,0,0,0,1246,13580,208,208,0,105,0,1254,212
 25460,0,14039,1169,848,1904,2379,529,14031,13697,0,0,519,1365,0,2627,1288,640,1149,103,410,0,0,0,1246,13580,208,208,0,105,0,1254,212
 25465,0,14039,1169,848,1904,2379,529,14036,13697,0,0,519,1365,0,2627,1288,640,1149,103,410,0,0,0,1246,13580,208,208,0,105,0,1254,212
 25470,0,14039,1169,848,1904,2379,529,14041,13697,0,0,519,1365,0,2627,1288,640,1149,103,410,0,0,0,1246,13580,208,208,0,105,0,1254,212
 25475,0,14039,1169,848,1904,2379,529,14045,13697,0,0,519,1365,0,2627,1288,640,1149,103,410,0,0,0,1246,13580,208,208,0,105,0,1254,212
 25480,0,14039,1169,848,1904,2379,529,14045,13697,0,0,519,1365,0,2627,1288,640,1149,103,410,0,0,0,1246,13580,208,208,0,105,0,1254,212
 25485,0,14039,1169,848,1904,2379,529,14045,13697,0,0,519,1365,0,2627,1288,640,1149,103,410,0,0,0,1246,13580,208,208,0,105,0,1254,212
 25490,0,14039,1169,848,1904,2379,529,14045,13697,0,0,519,1365,0,2627,1288,640,1149,103,410,0,0,0,1246,13580,208,208,0,105,0,1254,212
 25495,0,14039,1169,848,1904,2379,529,14045,13697,0,0,519,1365,0,2627,1288,640,1149,103,410,0,0,0,1246,13580,208,208,0,105,0,1254,212
 25500,0,14039,1169,848,1904,2379,529,14045,13697,0,0,519,1365,0,2627,1288,640,1149,103,410,0,0,0,1246,13580,208,208,0,105,0,1254,212
 25505,0,14039,1169,848,1904,2379,529,14045,13697,0,0,519,1365,0,2627,1288,640,1149,103,410,0,0,0,1246,13580,208,208,0,105,0,1254,212
 25510,0,14039,1169,848,1904,2379,529,14045,13697,0,0,519,1365,0,2627,1288,640,1149,103,410,0,0,0,1246,13580,208,208,0,105,0,1254,212
 25515,0,14039,1169,848,1904,2379,529,14045,13697,0,0,519,1365,0,2627,1288,640,1149,103,410,0,0,0,1246,13580,208,208,0,105,0,1254,212
 25520,0,14039,1169,848,1904,2379,529,14045,13697,0,0,519,1365,0,2627,1288,640,1149,103,410,0,0,0,1246,13580,208,208,0,105,0,1254,212
 25525,0,14039,1169,848,1904,2379,529,14045,13697,0,0,519,1365,0,2627,1288,640,1149,103,410,0,0,0,1246,13580,208,208,0,105,0,1254,212
 25530,0,14039,1169,848,1904,2379,529,14045,13697,0,0,519,1365,0,2627,1288,640,1149,103,410,0,0,0,1246,13580,208,208,0,105,0,1254,212
 25535,0,14039,1169,848,1904,2379,529,14045,13697,0,0,519,1365,0,2627,1288,640,1149,103,410,0,0,0,1246,13580,208,208,0,105,0,1254,212
 25540,0,14039,1169,848,1904,2379,529,14045,13697,0,0,519,1365,0,2627,1288,640,1149,103,410,0,0,0,1246,13580,208,208,0,105,0,1254,212
 25545,0,14040,1169,848,1904,2379,529,14045,13697,0,0,519,1365,0,2627,1288,640,1149,103,410,0,0,0,1246,13580,208,208,0,105,0,1254,212
 25550,0,14045,1169,848,1904,2379,529,14045,13697,0,0,519,1365,0,2627,1288,640,1149,103,410,0,0,0,1246,13580,208,208,0,105,0,1254,212
 25555,0,14050,1169,848,1904,2379,529,14045,13697,0,0,519,1365,0,2627,1288,640,1149,103,410,0,0,0,1246,13580,208,208,0,105,0,1254,212
 25560,0,14055,1169,848,1904,2379,529,14045,13697,0,0,519,1365,0,2627,1288,640,1149,103,410,0,0,0,1246,13580,208,208,0,105,0,1254,212
 25565,0,14060,1169,848,1904,2379,529,14045,13697,0,0,519,1365,0,2627,1288,640,1149,103,410,0,0,0,1246,13583,208,208,0,105,0,1254,212
 25570,0,14065,1169,848,1904,2379,529,14048,13702,0,0,519,1365,0,2627,1288,640,1149,103,410,0,0,0,1246,13588,208,208,0,105,0,1254,212
 25575,0,14070,1169,848,1904,2379,529,14053,13707,0,0,519,1365,0,2627,1288,640,1149,103,410,0,0,0,1246,13593,208,208,0,105,0,1254,212
 25580,0,14075,1169,848,1904,2379,529,14058,13712,0,0,519,1365,0,2627,1288,640,1149,103,410,0,0,0,1246,13598,208,208,0,105,0,1254,212
 25585,0,14080,1169,848,1904,2379,529,14063,13717,0,0,519,1365,0,2627,1288,640,1149,103,410,0,0,0,1246,13603,208,208,0,105,0,1254,212
 25590,0,14085,1169,848,1904,2379,529,14068,13722,0,0,519,1365,0,2627,1288,640,1149,103,410,0,0,0,1246,13608,208,208,0,105,0,1254,212
 25595,0,14090,1169,848,1904,2379,529,14073,13727,0,0,519,1365,0,2627,1288,640,1149,103,410,0,0,0,1246,13613,208,208,0,105,0,1254,212
 25600,0,14095,1169,848,1904,2379,529,14078,13732,0,0,519,1365,0,2627,1288,640,1149,103,410,0,0,0,1246,13618,208,208,0,105,0,1254,212
 25605,0,14100,1169,848,1904,2379,529,14083,13737,0,0,519,1365,0,2627,1288,640,1149,103,410,0,0,0,1246,13623,208,208,0,105,0,1254,212
 25610,0,14105,1169,848,1904,2379,529,14088,13742,0,0,519,1365,0,2627,1288,640,1149,103,410,0,0,0,1246,13628,208,208,0,105,0,1254,212
 25615,0,14110,1169,848,1904,2379,529,14093,13747,0,0,519,1365,0,2627,1288,640,1149,103,410,0,0,0,1246,13633,208,208,0,105,0,1254,212
 25620,0,14115,1169,848,1904,2379,529,14098,13752,0,0,519,1365,0,2627,1288,640,1149,103,410,0,0,0,1246,13638,208,208,0,105,0,1254,212
 25625,0,14120,1169,848,1904,2379,529,14103,13757,0,0,519,1365,0,2627,1288,640,1149,103,410,0,0,0,1246,13643,208,208,0,105,0,1254,212
 25630,0,14125,1169,848,1904,2379,529,14108,13762,0,0,519,1365,0,2627,1288,640,1149,103,410,0,0,0,1246,13648,208,208,0,105,0,1254,212
 25635,0,14130,1169,848,1904,2379,529,14113,13767,0,0,519,1365,0,2627,1288,640,1149,103,410,0,0,0,1246,13653,208,208,0,105,0,1254,212
 25640,0,14135,1169,848,1904,2379,529,14118,13772,0,0,519,1365,0,2627,1288,640,1149,103,410,0,0,0,1246,13658,208,208,0,105,0,1254,212
 25645,0,14140,1169,848,1904,2379,529,14123,13777,0,0,519,1365,0,2627,1288,640,1149,103,410,0,0,0,1246,13663,208,208,0,105,0,1254,212
 25650,0,14142,1169,848,1904,2379,529,14128,13782,0,0,519,1365,0,2627,1288,640,1149,103,410,0,0,0,1246,13668,208,208,0,105,0,1254,212
 25655,0,14142,1169,848,1904,2379,529,14133,13787,0,0,519,1365,0,2627,1288,640,1149,103,410,0,0,0,1246,13673,208,208,0,105,0,1254,212
 25660,0,14142,1169,848,1904,2379,529,14138,13792,0,0,519,1365,0,2627,1288,640,1149,103,410,0,0,0,1246,13678,208,208,0,105,0,1254,212
 25665,0,14142,1169,848,1904,2379,529,14143,13797,0,0,519,1365,0,2627,1288,640,1149,103,410,0,0,0,1246,13683,208,208,0,105,0,1254,212
 25670,0,14142,1169,848,1904,2379,529,14148,13800,0,0,519,1365,0,2627,1288,640,1149,103,410,0,0,0,1246,13687,208,208,0,105,0,1254,212
 25675,0,14142,1169,848,1904,2379,529,14150,13800,0,0,519,1365,0,2627,1288,640,1149,103,410,0,0,0,1246,13687,208,208,0,105,0,1254,212
 25680,0,14142,1169,848,1904,2379,529,14150,13800,0,0,519,1365,0,2627,1288,640,1149,103,410,0,0,0,1246,13687,208,208,0,105,0,1254,212
 25685,0,14142,1169,848,1904,2379,529,14150,13800,0,0,519,1365,0,2627,1288,640,1149,103,410,0,0,0,1246,13687,208,208,0,105,0,1254,212
 25690,0,14142,1169,848,1904,2379,529,14150,13800,0,0,519,1365,0,2627,1288,640,1149,103,410,0,0,0,1246,13687,208,208,0,105,0,1254,212
 25695,0,14142,1169,848,1904,2379,529,14150,13800,0,0,519,1365,0,2627,1288,640,1149,103,410,0,0,0,1246,13687,208,208,0,105,0,1254,212
 25700,0,14142,1169,848,1904,2379,529,14150,13800,0,0,519,1365,0,2627,1288,640,1149,103,410,0,0,0,1246,13687,208,208,0,105,0,1254,212
 25705,0,14142,1169,848,1904,2379,529,14150,13800,0,0,519,1365,0,2627,1288,640,1149,103,410,0,0,0,1246,13687,208,208,0,105,0,1254,212
 25710,0,14142,1169,848,1904,2379,529,14150,13800,0,0,519,1365,0,2627,1288,640,1149,103,410,0,0,0,1246,13687,208,208,0,105,0,1254,212
 25715,0,14142,1169,848,1904,2379,529,14150,13800,0,0,519,1365,0,2627,1288,640,1149,103,410,0,0,0,1246,13687,208,208,0,105,0,1254,212
 25720,0,14142,1169,848,1904,2379,529,14150,13800,0,0,519,1365,0,2627,1288,640,1149,103,410,0,0,0,1246,13687,208,208,0,105,0,1254,212
 25725,0,14142,1169,848,1904,2379,529,14150,13800,0,0,519,1365,0,2627,1288,640,1149,103,410,0,0,0,1246,13687,208,208,0,105,0,1254,212
 25730,0,14142,1169,848,1904,2379,529,14150,13800,0,0,519,1365,0,2627,1288,640,1149,103,410,0,0,0,1246,13687,208,208,0,105,0,1254,212
 25735,0,14142,1169,848,1904,2379,529,14150,13800,0,0,519,1365,0,2627,1288,640,1149,103,410,0,0,0,1246,13687,208,208,0,105,0,1254,212
 25740,0,14142,1169,848,1904,2379,529,14150,13800,0,0,519,1365,0,2627,1288,640,1149,103,410,0,0,0,1246,13687,208,208,0,105,0,1254,212
 25745,0,14142,1169,848,1904,2379,529,14150,13800,0,0,519,1365,0,2627,1288,640,1149,103,410,0,0,0,1246,13687,208,208,0,105,0,1254,212
 25750,0,14142,1169,848,1904,2379,529,14150,13800,0,0,519,1365,0,2627,1288,640,1149,103,410,0,0,0,1246,13687,208,208,0,105,0,1254,212
 25755,0,14142,1169,848,1904,2379,529,14150,13800,0,0,519,1365,0,2627,1288,640,1149,103,410,0,0,0,1246,13687,208,208,0,105,0,1254,212
 25760,0,14142,1169,848,1904,2379,529,14150,13800,0,0,519,1365,0,2627,1288,640,1149,103,410,0,0,0,1246,13687,208,208,0,105,0,1254,212
 25765,0,14144,1169,848,1904,2379,529,14150,13800,0,0,519,1365,0,2627,1288,640,1149,103,410,0,0,0,1246,13687,208,208,0,105,0,1254,212
 25770,0,14149,1169,848,1904,2379,529,14150,13802,0,0,519,1365,0,2627,1288,640,1149,103,410,0,0,0,1246,13687,208,208,0,105,0,1254,212
 25775,0,14154,1169,848,1904,2379,529,14150,13807,0,0,519,1365,0,2627,1288,640,1149,103,410,0,0,0,1246,13687,208,208,0,105,0,1254,212
 25780,0,14159,1169,848,1904,2379,529,14150,13812,0,0,519,1365,0,2627,1288,640,1149,103,410,0,0,0,1246,13687,208,208,0,105,0,1254,212
 25785,0,14164,1169,848,1904,2379,529,14150,13817,0,0,519,1365,0,2627,1288,640,1149,103,410,0,0,0,1246,13687,208,208,0,105,0,1254,212
 25790,0,14169,1169,848,1904,2379,529,14150,13822,0,0,519,1365,0,2627,1288,640,1149,103,410,0,0,0,1246,13687,208,208,0,105,0,1254,212
 25795,0,14174,1169,848,1904,2379,529,14150,13827,0,0,519,1365,0,2627,1288,640,1149,103,410,0,0,0,1246,13687,208,208,0,105,0,1254,212
 25800,0,14179,1169,848,1904,2379,529,14150,13832,0,0,519,1365,0,2627,1288,640,1149,103,410,0,0,0,1246,13687,208,208,0,105,0,1254,212
 25805,0,14184,1169,848,1904,2379,529,14150,13837,0,0,519,1365,0,2627,1288,640,1149,103,410,0,0,0,1246,13687,208,208,0,105,0,1254,212
 25810,0,14189,1169,848,1904,2379,529,14151,13842,0,0,519,1365,0,2627,1288,640,1149,103,410,0,0,0,1246,13687,208,208,0,105,0,1254,212
 25815,0,14194,1169,848,1904,2379,529,14156,13847,0,0,519,1365,0,2627,1288,640,1149,103,410,0,0,0,1246,13687,208,208,0,105,0,1254,212
 25820,0,14199,1169,848,1904,2379,529,14161,13852,0,0,519,1365,0,2627,1288,640,1149,103,410,0,0,0,1246,13687,208,208,0,105,0,1254,212
 25825,0,14204,1169,848,1904,2379,529,14166,13857,0,0,519,1365,0,2627,1288,640,1149,103,410,0,0,0,1246,13687,208,208,0,105,0,1254,212
 25830,0,14209,1169,848,1904,2379,529,14171,13862,0,0,519,1365,0,2627,1288,640,1149,103,410,0,0,0,1246,13687,208,208,0,105,0,1254,212
 25835,0,14214,1169,848,1904,2379,529,14176,13867,0,0,519,1365,0,2627,1288,640,1149,103,410,0,0,0,1246,13687,208,208,0,105,0,1254,212
 25840,0,14219,1169,848,1904,2379,529,14181,13872,0,0,519,1365,0,2627,1288,640,1149,103,410,0,0,0,1246,13687,208,208,0,105,0,1254,212
 25845,0,14224,1169,848,1904,2379,529,14186,13877,0,0,519,1365,0,2627,1288,640,1149,103,410,0,0,0,1246,13686,208,208,0,105,0,1254,212
 25850,0,14229,1169,848,1904,2379,529,14191,13882,0,0,519,1365,0,2627,1288,640,1149,103,410,0,0,0,1246,13691,208,208,0,105,0,1254,212
 25855,0,14234,1169,848,1904,2379,529,14196,13887,0,0,519,1365,0,2627,1288,640,1149,103,410,0,0,0,1246,13696,208,208,0,105,0,1254,212
 25860,0,14239,1169,848,1904,2379,529,14201,13892,0,0,519,1365,0,2627,1288,640,1149,103,410,0,0,0,1246,13701,208,208,0,105,0,1254,212
 25865,0,14245,1169,848,1904,2379,529,14206,13897,0,0,519,1365,0,2627,1288,640,1149,103,410,0,0,0,1246,13706,208,208,0,105,0,1254,212
 25870,0,14245,1169,848,1904,2379,529,14211,13903,0,0,519,1365,0,2627,1288,640,1149,103,410,0,0,0,1246,13711,208,208,0,105,0,1254,212
 25875,0,14245,1169,848,1904,2379,529,14216,13903,0,0,519,1365,0,2627,1288,640,1149,103,410,0,0,0,1246,13716,208,208,0,105,0,1254,212
 25880,0,14245,1169,848,1904,2379,529,14221,13903,0,0,519,1365,0,2627,1288,640,1149,103,410,0,0,0,1246,13721,208,208,0,105,0,1254,212
 25885,0,14245,1169,848,1904,2379,529,14226,13903,0,0,519,1365,0,2627,1288,640,1149,103,410,0,0,0,1246,13726,208,208,0,105,0,1254,212
 25890,0,14245,1169,848,1904,2379,529,14231,13903,0,0,519,1365,0,2627,1288,640,1149,103,410,0,0,0,1246,13731,208,208,0,105,0,1254,212
 25895,0,14245,1169,848,1904,2379,529,14236,13903,0,0,519,1365,0,2627,1288,640,1149,103,410,0,0,0,1246,13736,208,208,0,105,0,1254,212
 25900,0,14245,1169,848,1904,2379,529,14241,13903,0,0,519,1365,0,2627,1288,640,1149,103,410,0,0,0,1246,13741,208,208,0,105,0,1254,212
 25905,0,14245,1169,848,1904,2379,529,14246,13903,0,0,519,1365,0,2627,1288,640,1149,103,410,0,0,0,1246,13746,208,208,0,105,0,1254,212
 25910,0,14245,1169,848,1904,2379,529,14251,13903,0,0,519,1365,0,2627,1288,640,1149,103,410,0,0,0,1246,13751,208,208,0,105,0,1254,212
 25915,0,14245,1169,848,1904,2379,529,14253,13903,0,0,519,1365,0,2627,1288,640,1149,103,410,0,0,0,1246,13756,208,208,0,105,0,1254,212
 25920,0,14245,1169,848,1904,2379,529,14253,13903,0,0,519,1365,0,2627,1288,640,1149,103,410,0,0,0,1246,13761,208,208,0,105,0,1254,212
 25925,0,14245,1169,848,1904,2379,529,14253,13903,0,0,519,1365,0,2627,1288,640,1149,103,410,0,0,0,1246,13766,208,208,0,105,0,1254,212
 25930,0,14245,1169,848,1904,2379,529,14253,13903,0,0,519,1365,0,2627,1288,640,1149,103,410,0,0,0,1246,13771,208,208,0,105,0,1254,212
 25935,0,14245,1169,848,1904,2379,529,14253,13903,0,0,519,1365,0,2627,1288,640,1149,103,410,0,0,0,1246,13776,208,208,0,105,0,1254,212
 25940,0,14247,1169,848,1904,2379,529,14253,13903,0,0,519,1365,0,2627,1288,640,1149,103,410,0,0,0,1246,13781,208,208,0,105,0,1254,212
 25945,0,14252,1169,848,1904,2379,529,14253,13903,0,0,519,1365,0,2627,1288,640,1149,103,410,0,0,0,1246,13786,208,208,0,105,0,1254,212
 25950,0,14257,1169,848,1904,2379,529,14253,13905,0,0,519,1365,0,2627,1288,640,1149,103,410,0,0,0,1246,13788,208,208,0,105,0,1254,212
 25955,0,14262,1169,848,1904,2379,529,14253,13910,0,0,519,1365,0,2627,1288,640,1149,103,410,0,0,0,1246,13788,208,208,0,105,0,1254,212
 25960,0,14267,1169,848,1904,2379,529,14253,13915,0,0,519,1365,0,2627,1288,640,1149,103,410,0,0,0,1246,13788,208,208,0,105,0,1254,212
 25965,0,14272,1169,848,1904,2379,529,14253,13920,0,0,519,1365,0,2627,1288,640,1149,103,410,0,0,0,1246,13788,208,208,0,105,0,1254,212
 25970,0,14277,1169,848,1904,2379,529,14253,13925,0,0,519,1365,0,2627,1288,640,1149,103,410,0,0,0,1246,13788,208,208,0,105,0,1254,212
 25975,0,14282,1169,848,1904,2379,529,14253,13930,0,0,519,1365,0,2627,1288,640,1149,103,410,0,0,0,1246,13788,208,208,0,105,0,1254,212
 25980,0,14287,1169,848,1904,2379,529,14253,13935,0,0,519,1365,0,2627,1288,640,1149,103,410,0,0,0,1246,13788,208,208,0,105,0,1254,212
 25985,0,14292,1169,848,1904,2379,529,14253,13940,0,0,519,1365,0,2627,1288,640,1149,103,410,0,0,0,1246,13788,208,208,0,105,0,1254,212
 25990,0,14297,1169,848,1904,2379,529,14253,13945,0,0,519,1365,0,2627,1288,640,1149,103,410,0,0,0,1246,13788,208,208,0,105,0,1254,212
 25995,0,14302,1169,848,1904,2379,529,14253,13950,0,0,519,1365,0,2627,1288,640,1149,103,410,0,0,0,1246,13788,208,208,0,105,0,1254,212
 26000,0,14307,1169,848,1904,2379,529,14253,13955,0,0,519,1365,0,2627,1288,640,1149,103,410,0,0,0,1246,13788,208,208,0,105,0,1254,212
 26005,0,14312,1169,848,1904,2379,529,14253,13960,0,0,519,1365,0,2627,1288,640,1149,103,410,0,0,0,1246,13788,208,208,0,105,0,1254,212
 26010,0,14317,1169,848,1904,2379,529,14253,13965,0,0,519,1365,0,2627,1288,640,1149,103,410,0,0,0,1246,13788,208,208,0,105,0,1254,212
 26015,0,14322,1169,848,1904,2379,529,14253,13970,0,0,519,1365,0,2627,1288,640,1149,103,410,0,0,0,1246,13788,208,208,0,105,0,1254,212
 26020,0,14327,1169,848,1904,2379,529,14253,13975,0,0,519,1365,0,2627,1288,640,1149,103,410,0,0,0,1246,13788,208,208,0,105,0,1254,212
 26025,0,14332,1169,848,1904,2379,529,14253,13980,0,0,519,1365,0,2627,1288,640,1149,103,410,0,0,0,1246,13788,208,208,0,105,0,1254,212
 26030,0,14337,1169,848,1904,2379,529,14253,13985,0,0,519,1365,0,2627,1288,640,1149,103,410,0,0,0,1246,13788,208,208,0,105,0,1254,212
 26035,0,14342,1169,848,1904,2379,529,14253,13990,0,0,519,1365,0,2627,1288,640,1149,103,410,0,0,0,1246,13793,208,208,0,105,0,1254,212
 26040,0,14348,1169,848,1904,2379,529,14253,13995,0,0,519,1365,0,2627,1288,640,1149,103,410,0,0,0,1246,13798,208,208,0,105,0,1254,212
 26045,0,14348,1169,848,1904,2379,529,14252,14000,0,0,519,1365,0,2627,1288,640,1149,103,410,0,0,0,1246,13803,208,208,0,105,0,1254,212
 26050,0,14348,1169,848,1904,2379,529,14257,14005,0,0,519,1365,0,2627,1288,640,1149,103,410,0,0,0,1246,13808,208,208,0,105,0,1254,212
 26055,0,14348,1169,848,1904,2379,529,14262,14008,0,0,519,1365,0,2627,1288,640,1149,103,410,0,0,0,1246,13813,208,208,0,105,0,1254,212
 26060,0,14348,1169,848,1904,2379,529,14267,14008,0,0,519,1365,0,2627,1288,640,1149,103,410,0,0,0,1246,13818,208,208,0,105,0,1254,212
 26065,0,14348,1169,848,1904,2379,529,14272,14008,0,0,519,1365,0,2627,1288,640,1149,103,410,0,0,0,1246,13823,208,208,0,105,0,1254,212
 26070,0,14348,1169,848,1904,2379,529,14277,14008,0,0,519,1365,0,2627,1288,640,1149,103,410,0,0,0,1246,13828,208,208,0,105,0,1254,212
 26075,0,14348,1169,848,1904,2379,529,14282,14008,0,0,519,1365,0,2627,1288,640,1149,103,410,0,0,0,1246,13833,208,208,0,105,0,1254,212
 26080,0,14348,1169,848,1904,2379,529,14287,14008,0,0,519,1365,0,2627,1288,640,1149,103,410,0,0,0,1246,13838,208,208,0,105,0,1254,212
 26085,0,14348,1169,848,1904,2379,529,14292,14008,0,0,519,1365,0,2627,1288,640,1149,103,410,0,0,0,1246,13843,208,208,0,105,0,1254,212
 26090,0,14348,1169,848,1904,2379,529,14297,14008,0,0,519,1365,0,2627,1288,640,1149,103,410,0,0,0,1246,13848,208,208,0,105,0,1254,212
 26095,0,14348,1169,848,1904,2379,529,14302,14008,0,0,519,1365,0,2627,1288,640,1149,103,410,0,0,0,1246,13853,208,208,0,105,0,1254,212
 26100,0,14348,1169,848,1904,2379,529,14307,14008,0,0,519,1365,0,2627,1288,640,1149,103,410,0,0,0,1246,13858,208,208,0,105,0,1254,212
 26105,0,14347,1169,848,1904,2379,529,14312,14008,0,0,519,1365,0,2627,1288,640,1149,103,410,0,0,0,1246,13863,208,208,0,105,0,1254,212
 26110,0,14352,1169,848,1904,2379,529,14317,14010,0,0,519,1365,0,2627,1288,640,1149,103,410,0,0,0,1246,13868,208,208,0,105,0,1254,212
 26115,0,14357,1169,848,1904,2379,529,14322,14015,0,0,519,1365,0,2627,1288,640,1149,103,410,0,0,0,1246,13873,208,208,0,105,0,1254,212
 26120,0,14362,1169,848,1904,2379,529,14327,14020,0,0,519,1365,0,2627,1288,640,1149,103,410,0,0,0,1246,13878,208,208,0,105,0,1254,212
 26125,0,14367,1169,848,1904,2379,529,14332,14025,0,0,519,1365,0,2627,1288,640,1149,103,410,0,0,0,1246,13883,208,208,0,105,0,1254,212
 26130,0,14372,1169,848,1904,2379,529,14337,14030,0,0,519,1365,0,2627,1288,640,1149,103,410,0,0,0,1246,13888,208,208,0,105,0,1254,212
 26135,0,14377,1169,848,1904,2379,529,14342,14035,0,0,519,1365,0,2627,1288,640,1149,103,410,0,0,0,1246,13891,208,208,0,105,0,1254,212
 26140,0,14382,1169,848,1904,2379,529,14347,14040,0,0,519,1365,0,2627,1288,640,1149,103,410,0,0,0,1246,13891,208,208,0,105,0,1254,212
 26145,0,14387,1169,848,1904,2379,529,14352,14045,0,0,519,1365,0,2627,1288,640,1149,103,410,0,0,0,1246,13891,208,208,0,105,0,1254,212
 26150,0,14392,1169,848,1904,2379,529,14357,14050,0,0,519,1365,0,2627,1288,640,1149,103,410,0,0,0,1246,13891,208,208,0,105,0,1254,212
 26155,0,14397,1169,848,1904,2379,529,14360,14055,0,0,519,1365,0,2627,1288,640,1149,103,410,0,0,0,1246,13891,208,208,0,105,0,1254,212
 26160,0,14402,1169,848,1904,2379,529,14360,14060,0,0,519,1365,0,2627,1288,640,1149,103,410,0,0,0,1246,13891,208,208,0,105,0,1254,212
 26165,0,14407,1169,848,1904,2379,529,14360,14065,0,0,519,1365,0,2627,1288,640,1149,103,410,0,0,0,1246,13891,208,208,0,105,0,1254,212
 26170,0,14412,1169,848,1904,2379,529,14360,14070,0,0,519,1365,0,2627,1288,640,1149,103,410,0,0,0,1246,13891,208,208,0,105,0,1254,212
 26175,0,14417,1169,848,1904,2379,529,14360,14075,0,0,519,1365,0,2627,1288,640,1149,103,410,0,0,0,1246,13891,208,208,0,105,0,1254,212
 26180,0,14422,1169,848,1904,2379,529,14360,14080,0,0,519,1365,0,2627,1288,640,1149,103,410,0,0,0,1246,13891,208,208,0,105,0,1254,212
 26185,0,14427,1169,848,1904,2379,529,14360,14085,0,0,519,1365,0,2627,1288,640,1149,103,410,0,0,0,1246,13891,208,208,0,105,0,1254,212
 26190,0,14432,1169,848,1904,2379,529,14360,14090,0,0,519,1365,0,2627,1288,640,1149,103,410,0,0,0,1246,13891,208,208,0,105,0,1254,212
 26195,0,14437,1169,848,1904,2379,529,14360,14095,0,0,519,1365,0,2627,1288,640,1149,103,410,0,0,0,1246,13891,208,208,0,105,0,1254,212
 26200,0,14442,1169,848,1904,2379,529,14360,14100,0,0,519,1365,0,2627,1288,640,1149,103,410,0,0,0,1246,13891,208,208,0,105,0,1254,212
 26205,0,14447,1169,848,1904,2379,529,14360,14105,0,0,519,1365,0,2627,1288,640,1149,103,410,0,0,0,1246,13891,208,208,0,105,0,1254,212
 26210,0,14451,1169,848,1904,2379,529,14360,14110,0,0,519,1365,0,2627,1288,640,1149,103,410,0,0,0,1246,13891,208,208,0,105,0,1254,212
 26215,0,14451,1169,848,1904,2379,529,14360,14113,0,0,519,1365,0,2627,1288,640,1149,103,410,0,0,0,1246,13891,208,208,0,105,0,1254,212
 26220,0,14451,1169,848,1904,2379,529,14360,14113,0,0,519,1365,0,2627,1288,640,1149,103,410,0,0,0,1246,13891,208,208,0,105,0,1254,212
 26225,0,14451,1169,848,1904,2379,529,14360,14113,0,0,519,1365,0,2627,1288,640,1149,103,410,0,0,0,1246,13891,208,208,0,105,0,1254,212
 26230,0,14451,1169,848,1904,2379,529,14360,14113,0,0,519,1365,0,2627,1288,640,1149,103,410,0,0,0,1246,13891,208,208,0,105,0,1254,212
 26235,0,14451,1169,848,1904,2379,529,14361,14113,0,0,519,1365,0,2627,1288,640,1149,103,410,0,0,0,1246,13891,208,208,0,105,0,1254,212
 26240,0,14451,1169,848,1904,2379,529,14366,14113,0,0,519,1365,0,2627,1288,640,1149,103,410,0,0,0,1246,13891,208,208,0,105,0,1254,212
 26245,0,14451,1169,848,1904,2379,529,14371,14113,0,0,519,1365,0,2627,1288,640,1149,103,410,0,0,0,1246,13891,208,208,0,105,0,1254,212
 26250,0,14451,1169,848,1904,2379,529,14376,14113,0,0,519,1365,0,2627,1288,640,1149,103,410,0,0,0,1246,13890,208,208,0,105,0,1254,212
 26255,0,14451,1169,848,1904,2379,529,14381,14113,0,0,519,1365,0,2627,1288,640,1149,103,410,0,0,0,1246,13895,208,208,0,105,0,1254,212
 26260,0,14451,1169,848,1904,2379,529,14386,14113,0,0,519,1365,0,2627,1288,640,1149,103,410,0,0,0,1246,13900,208,208,0,105,0,1254,212
 26265,0,14451,1169,848,1904,2379,529,14391,14113,0,0,519,1365,0,2627,1288,640,1149,103,410,0,0,0,1246,13905,208,208,0,105,0,1254,212
 26270,0,14451,1169,848,1904,2379,529,14396,14113,0,0,519,1365,0,2627,1288,640,1149,103,410,0,0,0,1246,13910,208,208,0,105,0,1254,212
 26275,0,14451,1169,848,1904,2379,529,14401,14113,0,0,519,1365,0,2627,1288,640,1149,103,410,0,0,0,1246,13915,208,208,0,105,0,1254,212
 26280,0,14451,1169,848,1904,2379,529,14406,14113,0,0,519,1365,0,2627,1288,640,1149,103,410,0,0,0,1246,13920,208,208,0,105,0,1254,212
 26285,0,14451,1169,848,1904,2379,529,14411,14113,0,0,519,1365,0,2627,1288,640,1149,103,410,0,0,0,1246,13925,208,208,0,105,0,1254,212
 26290,0,14451,1169,848,1904,2379,529,14416,14113,0,0,519,1365,0,2627,1288,640,1149,103,410,0,0,0,1246,13930,208,208,0,105,0,1254,212
 26295,0,14452,1169,848,1904,2379,529,14421,14113,0,0,519,1365,0,2627,1288,640,1149,103,410,0,0,0,1246,13935,208,208,0,105,0,1254,212
 26300,0,14457,1169,848,1904,2379,529,14426,14118,0,0,519,1365,0,2627,1288,640,1149,103,410,0,0,0,1246,13940,208,208,0,105,0,1254,212
 26305,0,14462,1169,848,1904,2379,529,14431,14123,0,0,519,1365,0,2627,1288,640,1149,103,410,0,0,0,1246,13945,208,208,0,105,0,1254,212
 26310,0,14467,1169,848,1904,2379,529,14436,14128,0,0,519,1365,0,2627,1288,640,1149,103,410,0,0,0,1246,13950,208,208,0,105,0,1254,212
 26315,0,14472,1169,848,1904,2379,529,14441,14133,0,0,519,1365,0,2627,1288,640,1149,103,410,0,0,0,1246,13955,208,208,0,105,0,1254,212
 26320,0,14477,1169,848,1904,2379,529,14446,14138,0,0,519,1365,0,2627,1288,640,1149,103,410,0,0,0,1246,13960,208,208,0,105,0,1254,212
 26325,0,14482,1169,848,1904,2379,529,14451,14143,0,0,519,1365,0,2627,1288,640,1149,103,410,0,0,0,1246,13965,208,208,0,105,0,1254,212
 26330,0,14487,1169,848,1904,2379,529,14456,14148,0,0,519,1365,0,2627,1288,640,1149,103,410,0,0,0,1246,13970,208,208,0,105,0,1254,212
 26335,0,14492,1169,848,1904,2379,529,14461,14153,0,0,519,1365,0,2627,1288,640,1149,103,410,0,0,0,1246,13975,208,208,0,105,0,1254,212
 26340,0,14497,1169,848,1904,2379,529,14463,14158,0,0,519,1365,0,2627,1288,640,1149,103,410,0,0,0,1246,13980,208,208,0,105,0,1254,212
 26345,0,14502,1169,848,1904,2379,529,14463,14163,0,0,519,1365,0,2627,1288,640,1149,103,410,0,0,0,1246,13985,208,208,0,105,0,1254,212
 26350,0,14507,1169,848,1904,2379,529,14463,14168,0,0,519,1365,0,2627,1288,640,1149,103,410,0,0,0,1246,13990,208,208,0,105,0,1254,212
 26355,0,14512,1169,848,1904,2379,529,14463,14173,0,0,519,1365,0,2627,1288,640,1149,103,410,0,0,0,1246,13994,208,208,0,105,0,1254,212
 26360,0,14517,1169,848,1904,2379,529,14463,14178,0,0,519,1365,0,2627,1288,640,1149,103,410,0,0,0,1246,13994,208,208,0,105,0,1254,212
 26365,0,14522,1169,848,1904,2379,529,14463,14183,0,0,519,1365,0,2627,1288,640,1149,103,410,0,0,0,1246,13994,208,208,0,105,0,1254,212
 26370,0,14527,1169,848,1904,2379,529,14463,14188,0,0,519,1365,0,2627,1288,640,1149,103,410,0,0,0,1246,13994,208,208,0,105,0,1254,212
 26375,0,14532,1169,848,1904,2379,529,14463,14193,0,0,519,1365,0,2627,1288,640,1149,103,410,0,0,0,1246,13994,208,208,0,105,0,1254,212
 26380,0,14537,1169,848,1904,2379,529,14463,14198,0,0,519,1365,0,2627,1288,640,1149,103,410,0,0,0,1246,13994,208,208,0,105,0,1254,212
 26385,0,14542,1169,848,1904,2379,529,14463,14203,0,0,519,1365,0,2627,1288,640,1149,103,410,0,0,0,1246,13994,208,208,0,105,0,1254,212
 26390,0,14547,1169,848,1904,2379,529,14463,14208,0,0,519,1365,0,2627,1288,640,1149,103,410,0,0,0,1246,13994,208,208,0,105,0,1254,212
 26395,0,14552,1169,848,1904,2379,529,14463,14213,0,0,519,1365,0,2627,1288,640,1149,103,410,0,0,0,1246,13994,208,208,0,105,0,1254,212
 26400,0,14556,1169,848,1904,2379,529,14463,14216,0,0,519,1365,0,2627,1288,640,1149,103,410,0,0,0,1246,13993,208,208,0,105,0,1254,212
 26405,0,14556,1169,848,1904,2379,529,14463,14216,0,0,519,1365,0,2627,1288,640,1149,103,410,0,0,0,1246,13998,208,208,0,105,0,1254,212
 26410,0,14556,1169,848,1904,2379,529,14464,14216,0,0,519,1365,0,2627,1288,640,1149,103,410,0,0,0,1246,14003,208,208,0,105,0,1254,212
 26415,0,14556,1169,848,1904,2379,529,14469,14216,0,0,519,1365,0,2627,1288,640,1149,103,410,0,0,0,1246,14008,208,208,0,105,0,1254,212
 26420,0,14556,1169,848,1904,2379,529,14474,14216,0,0,519,1365,0,2627,1288,640,1149,103,410,0,0,0,1246,14013,208,208,0,105,0,1254,212
 26425,0,14556,1169,848,1904,2379,529,14479,14216,0,0,519,1365,0,2627,1288,640,1149,103,410,0,0,0,1246,14018,208,208,0,105,0,1254,212
 26430,0,14556,1169,848,1904,2379,529,14484,14216,0,0,519,1365,0,2627,1288,640,1149,103,410,0,0,0,1246,14023,208,208,0,105,0,1254,212
 26435,0,14556,1169,848,1904,2379,529,14489,14216,0,0,519,1365,0,2627,1288,640,1149,103,410,0,0,0,1246,14028,208,208,0,105,0,1254,212
 26440,0,14556,1169,848,1904,2379,529,14494,14216,0,0,519,1365,0,2627,1288,640,1149,103,410,0,0,0,1246,14033,208,208,0,105,0,1254,212
 26445,0,14556,1169,848,1904,2379,529,14499,14216,0,0,519,1365,0,2627,1288,640,1149,103,410,0,0,0,1246,14038,208,208,0,105,0,1254,212
 26450,0,14556,1169,848,1904,2379,529,14504,14216,0,0,519,1365,0,2627,1288,640,1149,103,410,0,0,0,1246,14043,208,208,0,105,0,1254,212
 26455,0,14556,1169,848,1904,2379,529,14509,14216,0,0,519,1365,0,2627,1288,640,1149,103,410,0,0,0,1246,14048,208,208,0,105,0,1254,212
 26460,0,14556,1169,848,1904,2379,529,14514,14216,0,0,519,1365,0,2627,1288,640,1149,103,410,0,0,0,1246,14053,208,208,0,105,0,1254,212
 26465,0,14556,1169,848,1904,2379,529,14519,14216,0,0,519,1365,0,2627,1288,640,1149,103,410,0,0,0,1246,14058,208,208,0,105,0,1254,212
 26470,0,14556,1169,848,1904,2379,529,14524,14216,0,0,519,1365,0,2627,1288,640,1149,103,410,0,0,0,1246,14063,208,208,0,105,0,1254,212
 26475,0,14556,1169,848,1904,2379,529,14529,14216,0,0,519,1365,0,2627,1288,640,1149,103,410,0,0,0,1246,14068,208,208,0,105,0,1254,212
 26480,0,14556,1169,848,1904,2379,529,14534,14218,0,0,519,1365,0,2627,1288,640,1149,103,410,0,0,0,1246,14073,208,208,0,105,0,1254,212
 26485,0,14556,1169,848,1904,2379,529,14539,14223,0,0,519,1365,0,2627,1288,640,1149,103,410,0,0,0,1246,14078,208,208,0,105,0,1254,212
 26490,0,14556,1169,848,1904,2379,529,14544,14228,0,0,519,1365,0,2627,1288,640,1149,103,410,0,0,0,1246,14083,208,208,0,105,0,1254,212
 26495,0,14557,1169,848,1904,2379,529,14549,14233,0,0,519,1365,0,2627,1288,640,1149,103,410,0,0,0,1246,14088,208,208,0,105,0,1254,212
 26500,0,14562,1169,848,1904,2379,529,14554,14238,0,0,519,1365,0,2627,1288,640,1149,103,410,0,0,0,1246,14093,208,208,0,105,0,1254,212
 26505,0,14567,1169,848,1904,2379,529,14559,14243,0,0,519,1365,0,2627,1288,640,1149,103,410,0,0,0,1246,14097,208,208,0,105,0,1254,212
 26510,0,14572,1169,848,1904,2379,529,14564,14248,0,0,519,1365,0,2627,1288,640,1149,103,410,0,0,0,1246,14097,208,208,0,105,0,1254,212
 26515,0,14577,1169,848,1904,2379,529,14568,14253,0,0,519,1365,0,2627,1288,640,1149,103,410,0,0,0,1246,14097,208,208,0,105,0,1254,212
 26520,0,14582,1169,848,1904,2379,529,14568,14258,0,0,519,1365,0,2627,1288,640,1149,103,410,0,0,0,1246,14097,208,208,0,105,0,1254,212
 26525,0,14587,1169,848,1904,2379,529,14568,14263,0,0,519,1365,0,2627,1288,640,1149,103,410,0,0,0,1246,14097,208,208,0,105,0,1254,212
 26530,0,14592,1169,848,1904,2379,529,14568,14268,0,0,519,1365,0,2627,1288,640,1149,103,410,0,0,0,1246,14097,208,208,0,105,0,1254,212
 26535,0,14597,1169,848,1904,2379,529,14568,14273,0,0,519,1365,0,2627,1288,640,1149,103,410,0,0,0,1246,14097,208,208,0,105,0,1254,212
 26540,0,14602,1169,848,1904,2379,529,14568,14278,0,0,519,1365,0,2627,1288,640,1149,103,410,0,0,0,1246,14097,208,208,0,105,0,1254,212
 26545,0,14607,1169,848,1904,2379,529,14568,14283,0,0,519,1365,0,2627,1288,640,1149,103,410,0,0,0,1246,14097,208,208,0,105,0,1254,212
 26550,0,14612,1169,848,1904,2379,529,14568,14288,0,0,519,1365,0,2627,1288,640,1149,103,410,0,0,0,1246,14097,208,208,0,105,0,1254,212
 26555,0,14617,1169,848,1904,2379,529,14568,14293,0,0,519,1365,0,2627,1288,640,1149,103,410,0,0,0,1246,14097,208,208,0,105,0,1254,212
 26560,0,14622,1169,848,1904,2379,529,14568,14298,0,0,519,1365,0,2627,1288,640,1149,103,410,0,0,0,1246,14097,208,208,0,105,0,1254,212
 26565,0,14627,1169,848,1904,2379,529,14568,14303,0,0,519,1365,0,2627,1288,640,1149,103,410,0,0,0,1246,14097,208,208,0,105,0,1254,212
 26570,0,14632,1169,848,1904,2379,529,14568,14308,0,0,519,1365,0,2627,1288,640,1149,103,410,0,0,0,1246,14097,208,208,0,105,0,1254,212
 26575,0,14637,1169,848,1904,2379,529,14568,14313,0,0,519,1365,0,2627,1288,640,1149,103,410,0,0,0,1246,14097,208,208,0,105,0,1254,212
 26580,0,14642,1169,848,1904,2379,529,14568,14318,0,0,519,1365,0,2627,1288,640,1149,103,410,0,0,0,1246,14097,208,208,0,105,0,1254,212
 26585,0,14647,1169,848,1904,2379,529,14568,14323,0,0,519,1365,0,2627,1288,640,1149,103,410,0,0,0,1246,14097,208,208,0,105,0,1254,212
 26590,0,14652,1169,848,1904,2379,529,14568,14323,0,0,519,1365,0,2627,1288,640,1149,103,410,0,0,0,1246,14097,208,208,0,105,0,1254,212
 26595,0,14657,1169,848,1904,2379,529,14568,14323,0,0,519,1365,0,2627,1288,640,1149,103,410,0,0,0,1246,14097,208,208,0,105,0,1254,212
 26600,0,14663,1169,848,1904,2379,529,14568,14323,0,0,519,1365,0,2627,1288,640,1149,103,410,0,0,0,1246,14097,208,208,0,105,0,1254,212
 26605,0,14663,1169,848,1904,2379,529,14568,14323,0,0,519,1365,0,2627,1288,640,1149,103,410,0,0,0,1246,14097,208,208,0,105,0,1254,212
 26610,0,14663,1169,848,1904,2379,529,14568,14323,0,0,519,1365,0,2627,1288,640,1149,103,410,0,0,0,1246,14097,208,208,0,105,0,1254,212
 26615,0,14663,1169,848,1904,2379,529,14568,14323,0,0,519,1365,0,2627,1288,640,1149,103,410,0,0,0,1246,14097,208,208,0,105,0,1254,212
 26620,0,14663,1169,848,1904,2379,529,14568,14323,0,0,519,1365,0,2627,1288,640,1149,103,410,0,0,0,1246,14097,208,208,0,105,0,1254,212
 26625,0,14663,1169,848,1904,2379,529,14568,14323,0,0,519,1365,0,2627,1288,640,1149,103,410,0,0,0,1246,14097,208,208,0,105,0,1254,212
 26630,0,14663,1169,848,1904,2379,529,14568,14323,0,0,519,1365,0,2627,1288,640,1149,103,410,0,0,0,1246,14097,208,208,0,105,0,1254,212
 26635,0,14663,1169,848,1904,2379,529,14568,14323,0,0,519,1365,0,2627,1288,640,1149,103,410,0,0,0,1246,14097,208,208,0,105,0,1254,212
 26640,0,14663,1169,848,1904,2379,529,14568,14323,0,0,519,1365,0,2627,1288,640,1149,103,410,0,0,0,1246,14097,208,208,0,105,0,1254,212
 26645,0,14663,1169,848,1904,2379,529,14568,14323,0,0,519,1365,0,2627,1288,640,1149,103,410,0,0,0,1246,14097,208,208,0,105,0,1254,212
 26650,0,14663,1169,848,1904,2379,529,14568,14323,0,0,519,1365,0,2627,1288,640,1149,103,410,0,0,0,1246,14097,208,208,0,105,0,1254,212
 26655,0,14663,1169,848,1904,2379,529,14568,14323,0,0,519,1365,0,2627,1288,640,1149,103,410,0,0,0,1246,14097,208,208,0,105,0,1254,212
 26660,0,14663,1169,848,1904,2379,529,14568,14323,0,0,519,1365,0,2627,1288,640,1149,103,410,0,0,0,1246,14100,208,208,0,105,0,1254,212
 26665,0,14662,1169,848,1904,2379,529,14568,14323,0,0,519,1365,0,2627,1288,640,1149,103,410,0,0,0,1246,14105,208,208,0,105,0,1254,212
 26670,0,14667,1169,848,1904,2379,529,14568,14323,0,0,519,1365,0,2627,1288,640,1149,103,410,0,0,0,1246,14110,208,208,0,105,0,1254,212
 26675,0,14672,1169,848,1904,2379,529,14568,14323,0,0,519,1365,0,2627,1288,640,1149,103,410,0,0,0,1246,14115,208,208,0,105,0,1254,212
 26680,0,14677,1169,848,1904,2379,529,14568,14325,0,0,519,1365,0,2627,1288,640,1149,103,410,0,0,0,1246,14120,208,208,0,105,0,1254,212
 26685,0,14682,1169,848,1904,2379,529,14569,14330,0,0,519,1365,0,2627,1288,640,1149,103,410,0,0,0,1246,14125,208,208,0,105,0,1254,212
 26690,0,14687,1169,848,1904,2379,529,14574,14335,0,0,519,1365,0,2627,1288,640,1149,103,410,0,0,0,1246,14130,208,208,0,105,0,1254,212
 26695,0,14692,1169,848,1904,2379,529,14579,14340,0,0,519,1365,0,2627,1288,640,1149,103,410,0,0,0,1246,14135,208,208,0,105,0,1254,212
 26700,0,14697,1169,848,1904,2379,529,14584,14345,0,0,519,1365,0,2627,1288,640,1149,103,410,0,0,0,1246,14140,208,208,0,105,0,1254,212
 26705,0,14702,1169,848,1904,2379,529,14589,14350,0,0,519,1365,0,2627,1288,640,1149,103,410,0,0,0,1246,14145,208,208,0,105,0,1254,212
 26710,0,14707,1169,848,1904,2379,529,14594,14355,0,0,519,1365,0,2627,1288,640,1149,103,410,0,0,0,1246,14150,208,208,0,105,0,1254,212
 26715,0,14712,1169,848,1904,2379,529,14599,14360,0,0,519,1365,0,2627,1288,640,1149,103,410,0,0,0,1246,14155,208,208,0,105,0,1254,212
 26720,0,14717,1169,848,1904,2379,529,14604,14365,0,0,519,1365,0,2627,1288,640,1149,103,410,0,0,0,1246,14160,208,208,0,105,0,1254,212
 26725,0,14722,1169,848,1904,2379,529,14609,14370,0,0,519,1365,0,2627,1288,640,1149,103,410,0,0,0,1246,14165,208,208,0,105,0,1254,212
 26730,0,14727,1169,848,1904,2379,529,14614,14375,0,0,519,1365,0,2627,1288,640,1149,103,410,0,0,0,1246,14170,208,208,0,105,0,1254,212
 26735,0,14732,1169,848,1904,2379,529,14619,14380,0,0,519,1365,0,2627,1288,640,1149,103,410,0,0,0,1246,14175,208,208,0,105,0,1254,212
 26740,0,14737,1169,848,1904,2379,529,14624,14385,0,0,519,1365,0,2627,1288,640,1149,103,410,0,0,0,1246,14180,208,208,0,105,0,1254,212
 26745,0,14742,1169,848,1904,2379,529,14629,14390,0,0,519,1365,0,2627,1288,640,1149,103,410,0,0,0,1246,14185,208,208,0,105,0,1254,212
 26750,0,14747,1169,848,1904,2379,529,14634,14395,0,0,519,1365,0,2627,1288,640,1149,103,410,0,0,0,1246,14190,208,208,0,105,0,1254,212
 26755,0,14752,1169,848,1904,2379,529,14639,14400,0,0,519,1365,0,2627,1288,640,1149,103,410,0,0,0,1246,14195,208,208,0,105,0,1254,212
 26760,0,14757,1169,848,1904,2379,529,14644,14405,0,0,519,1365,0,2627,1288,640,1149,103,410,0,0,0,1246,14200,208,208,0,105,0,1254,212
 26765,0,14762,1169,848,1904,2379,529,14649,14410,0,0,519,1365,0,2627,1288,640,1149,103,410,0,0,0,1246,14200,208,208,0,105,0,1254,212
 26770,0,14766,1169,848,1904,2379,529,14654,14415,0,0,519,1365,0,2627,1288,640,1149,103,410,0,0,0,1246,14200,208,208,0,105,0,1254,212
 26775,0,14766,1169,848,1904,2379,529,14659,14420,0,0,519,1365,0,2627,1288,640,1149,103,410,0,0,0,1246,14200,208,208,0,105,0,1254,212
 26780,0,14766,1169,848,1904,2379,529,14664,14425,0,0,519,1365,0,2627,1288,640,1149,103,410,0,0,0,1246,14200,208,208,0,105,0,1254,212
 26785,0,14766,1169,848,1904,2379,529,14669,14428,0,0,519,1365,0,2627,1288,640,1149,103,410,0,0,0,1246,14200,208,208,0,105,0,1254,212
 26790,0,14766,1169,848,1904,2379,529,14673,14428,0,0,519,1365,0,2627,1288,640,1149,103,410,0,0,0,1246,14200,208,208,0,105,0,1254,212
 26795,0,14766,1169,848,1904,2379,529,14673,14428,0,0,519,1365,0,2627,1288,640,1149,103,410,0,0,0,1246,14200,208,208,0,105,0,1254,212
 26800,0,14766,1169,848,1904,2379,529,14673,14428,0,0,519,1365,0,2627,1288,640,1149,103,410,0,0,0,1246,14200,208,208,0,105,0,1254,212
 26805,0,14766,1169,848,1904,2379,529,14673,14428,0,0,519,1365,0,2627,1288,640,1149,103,410,0,0,0,1246,14200,208,208,0,105,0,1254,212
 26810,0,14766,1169,848,1904,2379,529,14673,14428,0,0,519,1365,0,2627,1288,640,1149,103,410,0,0,0,1246,14200,208,208,0,105,0,1254,212
 26815,0,14766,1169,848,1904,2379,529,14673,14428,0,0,519,1365,0,2627,1288,640,1149,103,410,0,0,0,1246,14200,208,208,0,105,0,1254,212
 26820,0,14766,1169,848,1904,2379,529,14673,14428,0,0,519,1365,0,2627,1288,640,1149,103,410,0,0,0,1246,14200,208,208,0,105,0,1254,212
 26825,0,14766,1169,848,1904,2379,529,14673,14428,0,0,519,1365,0,2627,1288,640,1149,103,410,0,0,0,1246,14200,208,208,0,105,0,1254,212
 26830,0,14766,1169,848,1904,2379,529,14673,14428,0,0,519,1365,0,2627,1288,640,1149,103,410,0,0,0,1246,14200,208,208,0,105,0,1254,212
 26835,0,14766,1169,848,1904,2379,529,14673,14428,0,0,519,1365,0,2627,1288,640,1149,103,410,0,0,0,1246,14200,208,208,0,105,0,1254,212
 26840,0,14766,1169,848,1904,2379,529,14673,14428,0,0,519,1365,0,2627,1288,640,1149,103,410,0,0,0,1246,14200,208,208,0,105,0,1254,212
 26845,0,14766,1169,848,1904,2379,529,14673,14428,0,0,519,1365,0,2627,1288,640,1149,103,410,0,0,0,1246,14200,208,208,0,105,0,1254,212
 26850,0,14766,1169,848,1904,2379,529,14673,14428,0,0,519,1365,0,2627,1288,640,1149,103,410,0,0,0,1246,14200,208,208,0,105,0,1254,212
 26855,0,14766,1169,848,1904,2379,529,14673,14428,0,0,519,1365,0,2627,1288,640,1149,103,410,0,0,0,1246,14200,208,208,0,105,0,1254,212
 26860,0,14766,1169,848,1904,2379,529,14673,14428,0,0,519,1365,0,2627,1288,640,1149,103,410,0,0,0,1246,14200,208,208,0,105,0,1254,212
 26865,0,14766,1169,848,1904,2379,529,14673,14428,0,0,519,1365,0,2627,1288,640,1149,103,410,0,0,0,1246,14200,208,208,0,105,0,1254,212
 26870,0,14766,1169,848,1904,2379,529,14673,14428,0,0,519,1365,0,2627,1288,640,1149,103,410,0,0,0,1246,14200,208,208,0,105,0,1254,212
 26875,0,14766,1169,848,1904,2379,529,14673,14428,0,0,519,1365,0,2627,1288,640,1149,103,410,0,0,0,1246,14200,208,208,0,105,0,1254,212
 26880,0,14766,1169,848,1904,2379,529,14673,14428,0,0,519,1365,0,2627,1288,640,1149,103,410,0,0,0,1246,14200,208,208,0,105,0,1254,212
 26885,0,14766,1169,848,1904,2379,529,14673,14428,0,0,519,1365,0,2627,1288,640,1149,103,410,0,0,0,1246,14200,208,208,0,105,0,1254,212
 26890,0,14766,1169,848,1904,2379,529,14673,14428,0,0,519,1365,0,2627,1288,640,1149,103,410,0,0,0,1246,14200,208,208,0,105,0,1254,212
 26895,0,14766,1169,848,1904,2379,529,14673,14428,0,0,519,1365,0,2627,1288,640,1149,103,410,0,0,0,1246,14200,208,208,0,105,0,1254,212
 26900,0,14767,1169,848,1904,2379,529,14673,14428,0,0,519,1365,0,2627,1288,640,1149,103,410,0,0,0,1246,14200,208,208,0,105,0,1254,212
 26905,0,14772,1169,848,1904,2379,529,14673,14428,0,0,519,1365,0,2627,1288,640,1149,103,410,0,0,0,1246,14203,208,208,0,105,0,1254,212
 26910,0,14777,1169,848,1904,2379,529,14673,14428,0,0,519,1365,0,2627,1288,640,1149,103,410,0,0,0,1246,14208,208,208,0,105,0,1254,212
 26915,0,14782,1169,848,1904,2379,529,14673,14428,0,0,519,1365,0,2627,1288,640,1149,103,410,0,0,0,1246,14213,208,208,0,105,0,1254,212
 26920,0,14787,1169,848,1904,2379,529,14673,14428,0,0,519,1365,0,2627,1288,640,1149,103,410,0,0,0,1246,14218,208,208,0,105,0,1254,212
 26925,0,14792,1169,848,1904,2379,529,14676,14428,0,0,519,1365,0,2627,1288,640,1149,103,410,0,0,0,1246,14223,208,208,0,105,0,1254,212
 26930,0,14797,1169,848,1904,2379,529,14681,14433,0,0,519,1365,0,2627,1288,640,1149,103,410,0,0,0,1246,14228,208,208,0,105,0,1254,212
 26935,0,14802,1169,848,1904,2379,529,14686,14438,0,0,519,1365,0,2627,1288,640,1149,103,410,0,0,0,1246,14233,208,208,0,105,0,1254,212
 26940,0,14807,1169,848,1904,2379,529,14691,14443,0,0,519,1365,0,2627,1288,640,1149,103,410,0,0,0,1246,14238,208,208,0,105,0,1254,212
 26945,0,14812,1169,848,1904,2379,529,14696,14448,0,0,519,1365,0,2627,1288,640,1149,103,410,0,0,0,1246,14243,208,208,0,105,0,1254,212
 26950,0,14817,1169,848,1904,2379,529,14701,14453,0,0,519,1365,0,2627,1288,640,1149,103,410,0,0,0,1246,14248,208,208,0,105,0,1254,212
 26955,0,14822,1169,848,1904,2379,529,14706,14458,0,0,519,1365,0,2627,1288,640,1149,103,410,0,0,0,1246,14253,208,208,0,105,0,1254,212
 26960,0,14827,1169,848,1904,2379,529,14711,14463,0,0,519,1365,0,2627,1288,640,1149,103,410,0,0,0,1246,14258,208,208,0,105,0,1254,212
 26965,0,14832,1169,848,1904,2379,529,14716,14468,0,0,519,1365,0,2627,1288,640,1149,103,410,0,0,0,1246,14263,208,208,0,105,0,1254,212
 26970,0,14837,1169,848,1904,2379,529,14721,14473,0,0,519,1365,0,2627,1288,640,1149,103,410,0,0,0,1246,14268,208,208,0,105,0,1254,212
 26975,0,14842,1169,848,1904,2379,529,14726,14478,0,0,519,1365,0,2627,1288,640,1149,103,410,0,0,0,1246,14273,208,208,0,105,0,1254,212
 26980,0,14847,1169,848,1904,2379,529,14731,14483,0,0,519,1365,0,2627,1288,640,1149,103,410,0,0,0,1246,14278,208,208,0,105,0,1254,212
 26985,0,14852,1169,848,1904,2379,529,14736,14488,0,0,519,1365,0,2627,1288,640,1149,103,410,0,0,0,1246,14283,208,208,0,105,0,1254,212
 26990,0,14857,1169,848,1904,2379,529,14741,14493,0,0,519,1365,0,2627,1288,640,1149,103,410,0,0,0,1246,14288,208,208,0,105,0,1254,212
 26995,0,14862,1169,848,1904,2379,529,14746,14498,0,0,519,1365,0,2627,1288,640,1149,103,410,0,0,0,1246,14293,208,208,0,105,0,1254,212
 27000,0,14867,1169,848,1904,2379,529,14751,14503,0,0,519,1365,0,2627,1288,640,1149,103,410,0,0,0,1246,14298,208,208,0,105,0,1254,212
 27005,0,14867,1169,848,1904,2379,529,14756,14508,0,0,519,1365,0,2627,1288,640,1149,103,410,0,0,0,1246,14303,208,208,0,105,0,1254,212
 27010,0,14867,1169,848,1904,2379,529,14761,14513,0,0,519,1365,0,2627,1288,640,1149,103,410,0,0,0,1246,14305,208,208,0,105,0,1254,212
 27015,0,14867,1169,848,1904,2379,529,14766,14518,0,0,519,1365,0,2627,1288,640,1149,103,410,0,0,0,1246,14305,208,208,0,105,0,1254,212
 27020,0,14867,1169,848,1904,2379,529,14771,14523,0,0,519,1365,0,2627,1288,640,1149,103,410,0,0,0,1246,14305,208,208,0,105,0,1254,212
 27025,0,14867,1169,848,1904,2379,529,14776,14528,0,0,519,1365,0,2627,1288,640,1149,103,410,0,0,0,1246,14305,208,208,0,105,0,1254,212
 27030,0,14867,1169,848,1904,2379,529,14778,14533,0,0,519,1365,0,2627,1288,640,1149,103,410,0,0,0,1246,14305,208,208,0,105,0,1254,212
 27035,0,14867,1169,848,1904,2379,529,14778,14535,0,0,519,1365,0,2627,1288,640,1149,103,410,0,0,0,1246,14305,208,208,0,105,0,1254,212
 27040,0,14867,1169,848,1904,2379,529,14778,14535,0,0,519,1365,0,2627,1288,640,1149,103,410,0,0,0,1246,14305,208,208,0,105,0,1254,212
 27045,0,14867,1169,848,1904,2379,529,14778,14535,0,0,519,1365,0,2627,1288,640,1149,103,410,0,0,0,1246,14305,208,208,0,105,0,1254,212
 27050,0,14867,1169,848,1904,2379,529,14778,14535,0,0,519,1365,0,2627,1288,640,1149,103,410,0,0,0,1246,14305,208,208,0,105,0,1254,212
 27055,0,14867,1169,848,1904,2379,529,14778,14535,0,0,519,1365,0,2627,1288,640,1149,103,410,0,0,0,1246,14305,208,208,0,105,0,1254,212
 27060,0,14867,1169,848,1904,2379,529,14778,14535,0,0,519,1365,0,2627,1288,640,1149,103,410,0,0,0,1246,14305,208,208,0,105,0,1254,212
 27065,0,14867,1169,848,1904,2379,529,14778,14535,0,0,519,1365,0,2627,1288,640,1149,103,410,0,0,0,1246,14305,208,208,0,105,0,1254,212
 27070,0,14867,1169,848,1904,2379,529,14778,14535,0,0,519,1365,0,2627,1288,640,1149,103,410,0,0,0,1246,14305,208,208,0,105,0,1254,212
 27075,0,14867,1169,848,1904,2379,529,14778,14535,0,0,519,1365,0,2627,1288,640,1149,103,410,0,0,0,1246,14305,208,208,0,105,0,1254,212
 27080,0,14867,1169,848,1904,2379,529,14778,14535,0,0,519,1365,0,2627,1288,640,1149,103,410,0,0,0,1246,14305,208,208,0,105,0,1254,212
 27085,0,14867,1169,848,1904,2379,529,14778,14535,0,0,519,1365,0,2627,1288,640,1149,103,410,0,0,0,1246,14305,208,208,0,105,0,1254,212
 27090,0,14867,1169,848,1904,2379,529,14778,14535,0,0,519,1365,0,2627,1288,640,1149,103,410,0,0,0,1246,14305,208,208,0,105,0,1254,212
 27095,0,14867,1169,848,1904,2379,529,14778,14535,0,0,519,1365,0,2627,1288,640,1149,103,410,0,0,0,1246,14305,208,208,0,105,0,1254,212
 27100,0,14867,1169,848,1904,2379,529,14778,14535,0,0,519,1365,0,2627,1288,640,1149,103,410,0,0,0,1246,14305,208,208,0,105,0,1254,212
 27105,0,14867,1169,848,1904,2379,529,14778,14535,0,0,519,1365,0,2627,1288,640,1149,103,410,0,0,0,1246,14305,208,208,0,105,0,1254,212
 27110,0,14867,1169,848,1904,2379,529,14778,14535,0,0,519,1365,0,2627,1288,640,1149,103,410,0,0,0,1246,14305,208,208,0,105,0,1254,212
 27115,0,14867,1169,848,1904,2379,529,14778,14535,0,0,519,1365,0,2627,1288,640,1149,103,410,0,0,0,1246,14305,208,208,0,105,0,1254,212
 27120,0,14867,1169,848,1904,2379,529,14778,14535,0,0,519,1365,0,2627,1288,640,1149,103,410,0,0,0,1246,14305,208,208,0,105,0,1254,212
 27125,0,14867,1169,848,1904,2379,529,14778,14535,0,0,519,1365,0,2627,1288,640,1149,103,410,0,0,0,1246,14304,208,208,0,105,0,1254,212
 27130,0,14867,1169,848,1904,2379,529,14778,14535,0,0,519,1365,0,2627,1288,640,1149,103,410,0,0,0,1246,14309,208,208,0,105,0,1254,212
 27135,0,14867,1169,848,1904,2379,529,14778,14535,0,0,519,1365,0,2627,1288,640,1149,103,410,0,0,0,1246,14314,208,208,0,105,0,1254,212
 27140,0,14867,1169,848,1904,2379,529,14778,14537,0,0,519,1365,0,2627,1288,640,1149,103,410,0,0,0,1246,14319,208,208,0,105,0,1254,212
 27145,0,14867,1169,848,1904,2379,529,14778,14542,0,0,519,1365,0,2627,1288,640,1149,103,410,0,0,0,1246,14324,208,208,0,105,0,1254,212
 27150,0,14867,1169,848,1904,2379,529,14778,14547,0,0,519,1365,0,2627,1288,640,1149,103,410,0,0,0,1246,14329,208,208,0,105,0,1254,212
 27155,0,14867,1169,848,1904,2379,529,14781,14552,0,0,519,1365,0,2627,1288,640,1149,103,410,0,0,0,1246,14334,208,208,0,105,0,1254,212
 27160,0,14867,1169,848,1904,2379,529,14786,14557,0,0,519,1365,0,2627,1288,640,1149,103,410,0,0,0,1246,14339,208,208,0,105,0,1254,212
 27165,0,14869,1169,848,1904,2379,529,14791,14562,0,0,519,1365,0,2627,1288,640,1149,103,410,0,0,0,1246,14344,208,208,0,105,0,1254,212
 27170,0,14874,1169,848,1904,2379,529,14796,14567,0,0,519,1365,0,2627,1288,640,1149,103,410,0,0,0,1246,14349,208,208,0,105,0,1254,212
 27175,0,14879,1169,848,1904,2379,529,14801,14572,0,0,519,1365,0,2627,1288,640,1149,103,410,0,0,0,1246,14354,208,208,0,105,0,1254,212
 27180,0,14884,1169,848,1904,2379,529,14806,14577,0,0,519,1365,0,2627,1288,640,1149,103,410,0,0,0,1246,14359,208,208,0,105,0,1254,212
 27185,0,14889,1169,848,1904,2379,529,14811,14582,0,0,519,1365,0,2627,1288,640,1149,103,410,0,0,0,1246,14364,208,208,0,105,0,1254,212
 27190,0,14894,1169,848,1904,2379,529,14816,14587,0,0,519,1365,0,2627,1288,640,1149,103,410,0,0,0,1246,14369,208,208,0,105,0,1254,212
 27195,0,14899,1169,848,1904,2379,529,14821,14592,0,0,519,1365,0,2627,1288,640,1149,103,410,0,0,0,1246,14374,208,208,0,105,0,1254,212
 27200,0,14904,1169,848,1904,2379,529,14826,14597,0,0,519,1365,0,2627,1288,640,1149,103,410,0,0,0,1246,14379,208,208,0,105,0,1254,212
 27205,0,14909,1169,848,1904,2379,529,14831,14602,0,0,519,1365,0,2627,1288,640,1149,103,410,0,0,0,1246,14384,208,208,0,105,0,1254,212
 27210,0,14914,1169,848,1904,2379,529,14836,14607,0,0,519,1365,0,2627,1288,640,1149,103,410,0,0,0,1246,14389,208,208,0,105,0,1254,212
 27215,0,14919,1169,848,1904,2379,529,14841,14612,0,0,519,1365,0,2627,1288,640,1149,103,410,0,0,0,1246,14394,208,208,0,105,0,1254,212
 27220,0,14924,1169,848,1904,2379,529,14846,14617,0,0,519,1365,0,2627,1288,640,1149,103,410,0,0,0,1246,14399,208,208,0,105,0,1254,212
 27225,0,14929,1169,848,1904,2379,529,14851,14622,0,0,519,1365,0,2627,1288,640,1149,103,410,0,0,0,1246,14404,208,208,0,105,0,1254,212
 27230,0,14934,1169,848,1904,2379,529,14856,14627,0,0,519,1365,0,2627,1288,640,1149,103,410,0,0,0,1246,14408,208,208,0,105,0,1254,212
 27235,0,14939,1169,848,1904,2379,529,14861,14632,0,0,519,1365,0,2627,1288,640,1149,103,410,0,0,0,1246,14408,208,208,0,105,0,1254,212
 27240,0,14944,1169,848,1904,2379,529,14866,14637,0,0,519,1365,0,2627,1288,640,1149,103,410,0,0,0,1246,14408,208,208,0,105,0,1254,212
 27245,0,14949,1169,848,1904,2379,529,14871,14642,0,0,519,1365,0,2627,1288,640,1149,103,410,0,0,0,1246,14408,208,208,0,105,0,1254,212
 27250,0,14954,1169,848,1904,2379,529,14876,14642,0,0,519,1365,0,2627,1288,640,1149,103,410,0,0,0,1246,14408,208,208,0,105,0,1254,212
 27255,0,14959,1169,848,1904,2379,529,14879,14642,0,0,519,1365,0,2627,1288,640,1149,103,410,0,0,0,1246,14408,208,208,0,105,0,1254,212
 27260,0,14964,1169,848,1904,2379,529,14879,14642,0,0,519,1365,0,2627,1288,640,1149,103,410,0,0,0,1246,14408,208,208,0,105,0,1254,212
 27265,0,14969,1169,848,1904,2379,529,14879,14642,0,0,519,1365,0,2627,1288,640,1149,103,410,0,0,0,1246,14408,208,208,0,105,0,1254,212
 27270,0,14972,1169,848,1904,2379,529,14879,14642,0,0,519,1365,0,2627,1288,640,1149,103,410,0,0,0,1246,14408,208,208,0,105,0,1254,212
 27275,0,14972,1169,848,1904,2379,529,14879,14642,0,0,519,1365,0,2627,1288,640,1149,103,410,0,0,0,1246,14408,208,208,0,105,0,1254,212
 27280,0,14972,1169,848,1904,2379,529,14879,14642,0,0,519,1365,0,2627,1288,640,1149,103,410,0,0,0,1246,14408,208,208,0,105,0,1254,212
 27285,0,14972,1169,848,1904,2379,529,14879,14642,0,0,519,1365,0,2627,1288,640,1149,103,410,0,0,0,1246,14408,208,208,0,105,0,1254,212
 27290,0,14972,1169,848,1904,2379,529,14879,14642,0,0,519,1365,0,2627,1288,640,1149,103,410,0,0,0,1246,14408,208,208,0,105,0,1254,212
 27295,0,14972,1169,848,1904,2379,529,14879,14642,0,0,519,1365,0,2627,1288,640,1149,103,410,0,0,0,1246,14408,208,208,0,105,0,1254,212
 27300,0,14972,1169,848,1904,2379,529,14879,14642,0,0,519,1365,0,2627,1288,640,1149,103,410,0,0,0,1246,14408,208,208,0,105,0,1254,212
 27305,0,14972,1169,848,1904,2379,529,14879,14642,0,0,519,1365,0,2627,1288,640,1149,103,410,0,0,0,1246,14408,208,208,0,105,0,1254,212
 27310,0,14972,1169,848,1904,2379,529,14879,14642,0,0,519,1365,0,2627,1288,640,1149,103,410,0,0,0,1246,14408,208,208,0,105,0,1254,212
 27315,0,14972,1169,848,1904,2379,529,14879,14642,0,0,519,1365,0,2627,1288,640,1149,103,410,0,0,0,1246,14408,208,208,0,105,0,1254,212
 27320,0,14972,1169,848,1904,2379,529,14879,14642,0,0,519,1365,0,2627,1288,640,1149,103,410,0,0,0,1246,14408,208,208,0,105,0,1254,212
 27325,0,14972,1169,848,1904,2379,529,14879,14642,0,0,519,1365,0,2627,1288,640,1149,103,410,0,0,0,1246,14408,208,208,0,105,0,1254,212
 27330,0,14972,1169,848,1904,2379,529,14879,14642,0,0,519,1365,0,2627,1288,640,1149,103,410,0,0,0,1246,14408,208,208,0,105,0,1254,212
 27335,0,14972,1169,848,1904,2379,529,14879,14642,0,0,519,1365,0,2627,1288,640,1149,103,410,0,0,0,1246,14408,208,208,0,105,0,1254,212
 27340,0,14972,1169,848,1904,2379,529,14879,14642,0,0,519,1365,0,2627,1288,640,1149,103,410,0,0,0,1246,14408,208,208,0,105,0,1254,212
 27345,0,14972,1169,848,1904,2379,529,14879,14642,0,0,519,1365,0,2627,1288,640,1149,103,410,0,0,0,1246,14408,208,208,0,105,0,1254,212
 27350,0,14973,1169,848,1904,2379,529,14879,14642,0,0,519,1365,0,2627,1288,640,1149,103,410,0,0,0,1246,14411,208,208,0,105,0,1254,212
 27355,0,14978,1169,848,1904,2379,529,14879,14642,0,0,519,1365,0,2627,1288,640,1149,103,410,0,0,0,1246,14416,208,208,0,105,0,1254,212
 27360,0,14983,1169,848,1904,2379,529,14879,14642,0,0,519,1365,0,2627,1288,640,1149,103,410,0,0,0,1246,14421,208,208,0,105,0,1254,212
 27365,0,14988,1169,848,1904,2379,529,14879,14642,0,0,519,1365,0,2627,1288,640,1149,103,410,0,0,0,1246,14426,208,208,0,105,0,1254,212
 27370,0,14993,1169,848,1904,2379,529,14879,14642,0,0,519,1365,0,2627,1288,640,1149,103,410,0,0,0,1246,14431,208,208,0,105,0,1254,212
 27375,0,14998,1169,848,1904,2379,529,14879,14644,0,0,519,1365,0,2627,1288,640,1149,103,410,0,0,0,1246,14436,208,208,0,105,0,1254,212
 27380,0,15003,1169,848,1904,2379,529,14880,14649,0,0,519,1365,0,2627,1288,640,1149,103,410,0,0,0,1246,14441,208,208,0,105,0,1254,212
 27385,0,15008,1169,848,1904,2379,529,14885,14654,0,0,519,1365,0,2627,1288,640,1149,103,410,0,0,0,1246,14446,208,208,0,105,0,1254,212
 27390,0,15013,1169,848,1904,2379,529,14890,14659,0,0,519,1365,0,2627,1288,640,1149,103,410,0,0,0,1246,14451,208,208,0,105,0,1254,212
 27395,0,15018,1169,848,1904,2379,529,14895,14664,0,0,519,1365,0,2627,1288,640,1149,103,410,0,0,0,1246,14456,208,208,0,105,0,1254,212
 27400,0,15023,1169,848,1904,2379,529,14900,14669,0,0,519,1365,0,2627,1288,640,1149,103,410,0,0,0,1246,14461,208,208,0,105,0,1254,212
 27405,0,15028,1169,848,1904,2379,529,14905,14674,0,0,519,1365,0,2627,1288,640,1149,103,410,0,0,0,1246,14466,208,208,0,105,0,1254,212
 27410,0,15033,1169,848,1904,2379,529,14910,14679,0,0,519,1365,0,2627,1288,640,1149,103,410,0,0,0,1246,14471,208,208,0,105,0,1254,212
 27415,0,15038,1169,848,1904,2379,529,14915,14684,0,0,519,1365,0,2627,1288,640,1149,103,410,0,0,0,1246,14476,208,208,0,105,0,1254,212
 27420,0,15043,1169,848,1904,2379,529,14920,14689,0,0,519,1365,0,2627,1288,640,1149,103,410,0,0,0,1246,14481,208,208,0,105,0,1254,212
 27425,0,15048,1169,848,1904,2379,529,14925,14694,0,0,519,1365,0,2627,1288,640,1149,103,410,0,0,0,1246,14486,208,208,0,105,0,1254,212
 27430,0,15053,1169,848,1904,2379,529,14930,14699,0,0,519,1365,0,2627,1288,640,1149,103,410,0,0,0,1246,14491,208,208,0,105,0,1254,212
 27435,0,15058,1169,848,1904,2379,529,14935,14704,0,0,519,1365,0,2627,1288,640,1149,103,410,0,0,0,1246,14496,208,208,0,105,0,1254,212
 27440,0,15063,1169,848,1904,2379,529,14940,14709,0,0,519,1365,0,2627,1288,640,1149,103,410,0,0,0,1246,14501,208,208,0,105,0,1254,212
 27445,0,15068,1169,848,1904,2379,529,14945,14714,0,0,519,1365,0,2627,1288,640,1149,103,410,0,0,0,1246,14506,208,208,0,105,0,1254,212
 27450,0,15073,1169,848,1904,2379,529,14950,14719,0,0,519,1365,0,2627,1288,640,1149,103,410,0,0,0,1246,14509,208,208,0,105,0,1254,212
 27455,0,15073,1169,848,1904,2379,529,14955,14724,0,0,519,1365,0,2627,1288,640,1149,103,410,0,0,0,1246,14509,208,208,0,105,0,1254,212
 27460,0,15073,1169,848,1904,2379,529,14960,14729,0,0,519,1365,0,2627,1288,640,1149,103,410,0,0,0,1246,14509,208,208,0,105,0,1254,212
 27465,0,15073,1169,848,1904,2379,529,14965,14734,0,0,519,1365,0,2627,1288,640,1149,103,410,0,0,0,1246,14509,208,208,0,105,0,1254,212
 27470,0,15073,1169,848,1904,2379,529,14970,14739,0,0,519,1365,0,2627,1288,640,1149,103,410,0,0,0,1246,14509,208,208,0,105,0,1254,212
 27475,0,15073,1169,848,1904,2379,529,14975,14744,0,0,519,1365,0,2627,1288,640,1149,103,410,0,0,0,1246,14509,208,208,0,105,0,1254,212
 27480,0,15073,1169,848,1904,2379,529,14980,14747,0,0,519,1365,0,2627,1288,640,1149,103,410,0,0,0,1246,14509,208,208,0,105,0,1254,212
 27485,0,15073,1169,848,1904,2379,529,14984,14747,0,0,519,1365,0,2627,1288,640,1149,103,410,0,0,0,1246,14509,208,208,0,105,0,1254,212
 27490,0,15073,1169,848,1904,2379,529,14984,14747,0,0,519,1365,0,2627,1288,640,1149,103,410,0,0,0,1246,14509,208,208,0,105,0,1254,212
 27495,0,15073,1169,848,1904,2379,529,14984,14747,0,0,519,1365,0,2627,1288,640,1149,103,410,0,0,0,1246,14509,208,208,0,105,0,1254,212
 27500,0,15073,1169,848,1904,2379,529,14984,14747,0,0,519,1365,0,2627,1288,640,1149,103,410,0,0,0,1246,14509,208,208,0,105,0,1254,212
 27505,0,15073,1169,848,1904,2379,529,14984,14747,0,0,519,1365,0,2627,1288,640,1149,103,410,0,0,0,1246,14509,208,208,0,105,0,1254,212
 27510,0,15073,1169,848,1904,2379,529,14984,14747,0,0,519,1365,0,2627,1288,640,1149,103,410,0,0,0,1246,14509,208,208,0,105,0,1254,212
 27515,0,15073,1169,848,1904,2379,529,14984,14747,0,0,519,1365,0,2627,1288,640,1149,103,410,0,0,0,1246,14509,208,208,0,105,0,1254,212
 27520,0,15073,1169,848,1904,2379,529,14984,14747,0,0,519,1365,0,2627,1288,640,1149,103,410,0,0,0,1246,14509,208,208,0,105,0,1254,212
 27525,0,15073,1169,848,1904,2379,529,14984,14747,0,0,519,1365,0,2627,1288,640,1149,103,410,0,0,0,1246,14509,208,208,0,105,0,1254,212
 27530,0,15073,1169,848,1904,2379,529,14984,14747,0,0,519,1365,0,2627,1288,640,1149,103,410,0,0,0,1246,14509,208,208,0,105,0,1254,212
 27535,0,15073,1169,848,1904,2379,529,14984,14747,0,0,519,1365,0,2627,1288,640,1149,103,410,0,0,0,1246,14509,208,208,0,105,0,1254,212
 27540,0,15073,1169,848,1904,2379,529,14984,14747,0,0,519,1365,0,2627,1288,640,1149,103,410,0,0,0,1246,14509,208,208,0,105,0,1254,212
 27545,0,15073,1169,848,1904,2379,529,14984,14747,0,0,519,1365,0,2627,1288,640,1149,103,410,0,0,0,1246,14509,208,208,0,105,0,1254,212
 27550,0,15073,1169,848,1904,2379,529,14984,14747,0,0,519,1365,0,2627,1288,640,1149,103,410,0,0,0,1246,14509,208,208,0,105,0,1254,212
 27555,0,15073,1169,848,1904,2379,529,14984,14747,0,0,519,1365,0,2627,1288,640,1149,103,410,0,0,0,1246,14509,208,208,0,105,0,1254,212
 27560,0,15073,1169,848,1904,2379,529,14984,14747,0,0,519,1365,0,2627,1288,640,1149,103,410,0,0,0,1246,14509,208,208,0,105,0,1254,212
 27565,0,15073,1169,848,1904,2379,529,14984,14747,0,0,519,1365,0,2627,1288,640,1149,103,410,0,0,0,1246,14509,208,208,0,105,0,1254,212
 27570,0,15073,1169,848,1904,2379,529,14984,14747,0,0,519,1365,0,2627,1288,640,1149,103,410,0,0,0,1246,14509,208,208,0,105,0,1254,212
 27575,0,15073,1169,848,1904,2379,529,14984,14747,0,0,519,1365,0,2627,1288,640,1149,103,410,0,0,0,1246,14509,208,208,0,105,0,1254,212
 27580,0,15073,1169,848,1904,2379,529,14984,14747,0,0,519,1365,0,2627,1288,640,1149,103,410,0,0,0,1246,14509,208,208,0,105,0,1254,212
 27585,0,15073,1169,848,1904,2379,529,14984,14747,0,0,519,1365,0,2627,1288,640,1149,103,410,0,0,0,1246,14509,208,208,0,105,0,1254,212
 27590,0,15073,1169,848,1904,2379,529,14984,14747,0,0,519,1365,0,2627,1288,640,1149,103,410,0,0,0,1246,14509,208,208,0,105,0,1254,212
 27595,0,15073,1169,848,1904,2379,529,14987,14747,0,0,519,1365,0,2627,1288,640,1149,103,410,0,0,0,1246,14509,208,208,0,105,0,1254,212
 27600,0,15074,1169,848,1904,2379,529,14992,14749,0,0,519,1365,0,2627,1288,640,1149,103,410,0,0,0,1246,14508,208,208,0,105,0,1254,212
 27605,0,15079,1169,848,1904,2379,529,14997,14754,0,0,519,1365,0,2627,1288,640,1149,103,410,0,0,0,1246,14513,208,208,0,105,0,1254,212
 27610,0,15084,1169,848,1904,2379,529,15002,14759,0,0,519,1365,0,2627,1288,640,1149,103,410,0,0,0,1246,14518,208,208,0,105,0,1254,212
 27615,0,15089,1169,848,1904,2379,529,15007,14764,0,0,519,1365,0,2627,1288,640,1149,103,410,0,0,0,1246,14523,208,208,0,105,0,1254,212
 27620,0,15094,1169,848,1904,2379,529,15012,14769,0,0,519,1365,0,2627,1288,640,1149,103,410,0,0,0,1246,14528,208,208,0,105,0,1254,212
 27625,0,15099,1169,848,1904,2379,529,15017,14774,0,0,519,1365,0,2627,1288,640,1149,103,410,0,0,0,1246,14533,208,208,0,105,0,1254,212
 27630,0,15104,1169,848,1904,2379,529,15022,14779,0,0,519,1365,0,2627,1288,640,1149,103,410,0,0,0,1246,14538,208,208,0,105,0,1254,212
 27635,0,15109,1169,848,1904,2379,529,15027,14784,0,0,519,1365,0,2627,1288,640,1149,103,410,0,0,0,1246,14543,208,208,0,105,0,1254,212
 27640,0,15114,1169,848,1904,2379,529,15032,14789,0,0,519,1365,0,2627,1288,640,1149,103,410,0,0,0,1246,14548,208,208,0,105,0,1254,212
 27645,0,15119,1169,848,1904,2379,529,15037,14794,0,0,519,1365,0,2627,1288,640,1149,103,410,0,0,0,1246,14553,208,208,0,105,0,1254,212
 27650,0,15124,1169,848,1904,2379,529,15042,14799,0,0,519,1365,0,2627,1288,640,1149,103,410,0,0,0,1246,14558,208,208,0,105,0,1254,212
 27655,0,15129,1169,848,1904,2379,529,15047,14804,0,0,519,1365,0,2627,1288,640,1149,103,410,0,0,0,1246,14563,208,208,0,105,0,1254,212
 27660,0,15134,1169,848,1904,2379,529,15052,14809,0,0,519,1365,0,2627,1288,640,1149,103,410,0,0,0,1246,14568,208,208,0,105,0,1254,212
 27665,0,15139,1169,848,1904,2379,529,15057,14814,0,0,519,1365,0,2627,1288,640,1149,103,410,0,0,0,1246,14573,208,208,0,105,0,1254,212
 27670,0,15144,1169,848,1904,2379,529,15062,14819,0,0,519,1365,0,2627,1288,640,1149,103,410,0,0,0,1246,14578,208,208,0,105,0,1254,212
 27675,0,15149,1169,848,1904,2379,529,15067,14824,0,0,519,1365,0,2627,1288,640,1149,103,410,0,0,0,1246,14583,208,208,0,105,0,1254,212
 27680,0,15154,1169,848,1904,2379,529,15072,14829,0,0,519,1365,0,2627,1288,640,1149,103,410,0,0,0,1246,14588,208,208,0,105,0,1254,212
 27685,0,15159,1169,848,1904,2379,529,15077,14834,0,0,519,1365,0,2627,1288,640,1149,103,410,0,0,0,1246,14593,208,208,0,105,0,1254,212
 27690,0,15164,1169,848,1904,2379,529,15082,14839,0,0,519,1365,0,2627,1288,640,1149,103,410,0,0,0,1246,14598,208,208,0,105,0,1254,212
 27695,0,15169,1169,848,1904,2379,529,15087,14844,0,0,519,1365,0,2627,1288,640,1149,103,410,0,0,0,1246,14603,208,208,0,105,0,1254,212
 27700,0,15174,1169,848,1904,2379,529,15087,14850,0,0,519,1365,0,2627,1288,640,1149,103,410,0,0,0,1246,14608,208,208,0,105,0,1254,212
 27705,0,15174,1169,848,1904,2379,529,15087,14850,0,0,519,1365,0,2627,1288,640,1149,103,410,0,0,0,1246,14614,208,208,0,105,0,1254,212
 27710,0,15174,1169,848,1904,2379,529,15087,14850,0,0,519,1365,0,2627,1288,640,1149,103,410,0,0,0,1246,14614,208,208,0,105,0,1254,212
 27715,0,15174,1169,848,1904,2379,529,15087,14850,0,0,519,1365,0,2627,1288,640,1149,103,410,0,0,0,1246,14614,208,208,0,105,0,1254,212
 27720,0,15174,1169,848,1904,2379,529,15087,14850,0,0,519,1365,0,2627,1288,640,1149,103,410,0,0,0,1246,14614,208,208,0,105,0,1254,212
 27725,0,15174,1169,848,1904,2379,529,15087,14850,0,0,519,1365,0,2627,1288,640,1149,103,410,0,0,0,1246,14614,208,208,0,105,0,1254,212
 27730,0,15174,1169,848,1904,2379,529,15087,14850,0,0,519,1365,0,2627,1288,640,1149,103,410,0,0,0,1246,14614,208,208,0,105,0,1254,212
 27735,0,15174,1169,848,1904,2379,529,15087,14850,0,0,519,1365,0,2627,1288,640,1149,103,410,0,0,0,1246,14614,208,208,0,105,0,1254,212
 27740,0,15174,1169,848,1904,2379,529,15087,14850,0,0,519,1365,0,2627,1288,640,1149,103,410,0,0,0,1246,14614,208,208,0,105,0,1254,212
 27745,0,15174,1169,848,1904,2379,529,15087,14850,0,0,519,1365,0,2627,1288,640,1149,103,410,0,0,0,1246,14614,208,208,0,105,0,1254,212
 27750,0,15174,1169,848,1904,2379,529,15087,14850,0,0,519,1365,0,2627,1288,640,1149,103,410,0,0,0,1246,14614,208,208,0,105,0,1254,212
 27755,0,15174,1169,848,1904,2379,529,15087,14850,0,0,519,1365,0,2627,1288,640,1149,103,410,0,0,0,1246,14614,208,208,0,105,0,1254,212
 27760,0,15174,1169,848,1904,2379,529,15087,14850,0,0,519,1365,0,2627,1288,640,1149,103,410,0,0,0,1246,14614,208,208,0,105,0,1254,212
 27765,0,15174,1169,848,1904,2379,529,15087,14850,0,0,519,1365,0,2627,1288,640,1149,103,410,0,0,0,1246,14614,208,208,0,105,0,1254,212
 27770,0,15174,1169,848,1904,2379,529,15087,14850,0,0,519,1365,0,2627,1288,640,1149,103,410,0,0,0,1246,14614,208,208,0,105,0,1254,212
 27775,0,15174,1169,848,1904,2379,529,15087,14850,0,0,519,1365,0,2627,1288,640,1149,103,410,0,0,0,1246,14614,208,208,0,105,0,1254,212
 27780,0,15174,1169,848,1904,2379,529,15087,14850,0,0,519,1365,0,2627,1288,640,1149,103,410,0,0,0,1246,14614,208,208,0,105,0,1254,212
 27785,0,15174,1169,848,1904,2379,529,15087,14850,0,0,519,1365,0,2627,1288,640,1149,103,410,0,0,0,1246,14614,208,208,0,105,0,1254,212
 27790,0,15174,1169,848,1904,2379,529,15087,14850,0,0,519,1365,0,2627,1288,640,1149,103,410,0,0,0,1246,14614,208,208,0,105,0,1254,212
 27795,0,15174,1169,848,1904,2379,529,15087,14850,0,0,519,1365,0,2627,1288,640,1149,103,410,0,0,0,1246,14614,208,208,0,105,0,1254,212
 27800,0,15174,1169,848,1904,2379,529,15087,14850,0,0,519,1365,0,2627,1288,640,1149,103,410,0,0,0,1246,14613,208,208,0,105,0,1254,212
 27805,0,15174,1169,848,1904,2379,529,15087,14850,0,0,519,1365,0,2627,1288,640,1149,103,410,0,0,0,1246,14618,208,208,0,105,0,1254,212
 27810,0,15174,1169,848,1904,2379,529,15087,14850,0,0,519,1365,0,2627,1288,640,1149,103,410,0,0,0,1246,14623,208,208,0,105,0,1254,212
 27815,0,15174,1169,848,1904,2379,529,15087,14850,0,0,519,1365,0,2627,1288,640,1149,103,410,0,0,0,1246,14628,208,208,0,105,0,1254,212
 27820,0,15174,1169,848,1904,2379,529,15087,14853,0,0,519,1365,0,2627,1288,640,1149,103,410,0,0,0,1246,14633,208,208,0,105,0,1254,212
 27825,0,15174,1169,848,1904,2379,529,15087,14858,0,0,519,1365,0,2627,1288,640,1149,103,410,0,0,0,1246,14638,208,208,0,105,0,1254,212
 27830,0,15176,1169,848,1904,2379,529,15087,14863,0,0,519,1365,0,2627,1288,640,1149,103,410,0,0,0,1246,14643,208,208,0,105,0,1254,212
 27835,0,15181,1169,848,1904,2379,529,15088,14868,0,0,519,1365,0,2627,1288,640,1149,103,410,0,0,0,1246,14648,208,208,0,105,0,1254,212
 27840,0,15186,1169,848,1904,2379,529,15093,14873,0,0,519,1365,0,2627,1288,640,1149,103,410,0,0,0,1246,14653,208,208,0,105,0,1254,212
 27845,0,15191,1169,848,1904,2379,529,15098,14878,0,0,519,1365,0,2627,1288,640,1149,103,410,0,0,0,1246,14658,208,208,0,105,0,1254,212
 27850,0,15196,1169,848,1904,2379,529,15103,14883,0,0,519,1365,0,2627,1288,640,1149,103,410,0,0,0,1246,14663,208,208,0,105,0,1254,212
 27855,0,15201,1169,848,1904,2379,529,15108,14888,0,0,519,1365,0,2627,1288,640,1149,103,410,0,0,0,1246,14668,208,208,0,105,0,1254,212
 27860,0,15206,1169,848,1904,2379,529,15113,14893,0,0,519,1365,0,2627,1288,640,1149,103,410,0,0,0,1246,14673,208,208,0,105,0,1254,212
 27865,0,15211,1169,848,1904,2379,529,15118,14898,0,0,519,1365,0,2627,1288,640,1149,103,410,0,0,0,1246,14678,208,208,0,105,0,1254,212
 27870,0,15216,1169,848,1904,2379,529,15123,14903,0,0,519,1365,0,2627,1288,640,1149,103,410,0,0,0,1246,14683,208,208,0,105,0,1254,212
 27875,0,15221,1169,848,1904,2379,529,15128,14908,0,0,519,1365,0,2627,1288,640,1149,103,410,0,0,0,1246,14688,208,208,0,105,0,1254,212
 27880,0,15226,1169,848,1904,2379,529,15133,14913,0,0,519,1365,0,2627,1288,640,1149,103,410,0,0,0,1246,14693,208,208,0,105,0,1254,212
 27885,0,15231,1169,848,1904,2379,529,15138,14918,0,0,519,1365,0,2627,1288,640,1149,103,410,0,0,0,1246,14698,208,208,0,105,0,1254,212
 27890,0,15236,1169,848,1904,2379,529,15143,14923,0,0,519,1365,0,2627,1288,640,1149,103,410,0,0,0,1246,14703,208,208,0,105,0,1254,212
 27895,0,15241,1169,848,1904,2379,529,15148,14928,0,0,519,1365,0,2627,1288,640,1149,103,410,0,0,0,1246,14708,208,208,0,105,0,1254,212
 27900,0,15246,1169,848,1904,2379,529,15153,14933,0,0,519,1365,0,2627,1288,640,1149,103,410,0,0,0,1246,14713,208,208,0,105,0,1254,212
 27905,0,15251,1169,848,1904,2379,529,15158,14938,0,0,519,1365,0,2627,1288,640,1149,103,410,0,0,0,1246,14717,208,208,0,105,0,1254,212
 27910,0,15256,1169,848,1904,2379,529,15163,14943,0,0,519,1365,0,2627,1288,640,1149,103,410,0,0,0,1246,14717,208,208,0,105,0,1254,212
 27915,0,15261,1169,848,1904,2379,529,15168,14948,0,0,519,1365,0,2627,1288,640,1149,103,410,0,0,0,1246,14717,208,208,0,105,0,1254,212
 27920,0,15266,1169,848,1904,2379,529,15173,14953,0,0,519,1365,0,2627,1288,640,1149,103,410,0,0,0,1246,14717,208,208,0,105,0,1254,212
 27925,0,15271,1169,848,1904,2379,529,15178,14953,0,0,519,1365,0,2627,1288,640,1149,103,410,0,0,0,1246,14717,208,208,0,105,0,1254,212
 27930,0,15276,1169,848,1904,2379,529,15183,14953,0,0,519,1365,0,2627,1288,640,1149,103,410,0,0,0,1246,14717,208,208,0,105,0,1254,212
 27935,0,15279,1169,848,1904,2379,529,15188,14953,0,0,519,1365,0,2627,1288,640,1149,103,410,0,0,0,1246,14717,208,208,0,105,0,1254,212
 27940,0,15279,1169,848,1904,2379,529,15190,14953,0,0,519,1365,0,2627,1288,640,1149,103,410,0,0,0,1246,14717,208,208,0,105,0,1254,212
 27945,0,15279,1169,848,1904,2379,529,15190,14953,0,0,519,1365,0,2627,1288,640,1149,103,410,0,0,0,1246,14717,208,208,0,105,0,1254,212
 27950,0,15279,1169,848,1904,2379,529,15190,14953,0,0,519,1365,0,2627,1288,640,1149,103,410,0,0,0,1246,14717,208,208,0,105,0,1254,212
 27955,0,15279,1169,848,1904,2379,529,15190,14953,0,0,519,1365,0,2627,1288,640,1149,103,410,0,0,0,1246,14717,208,208,0,105,0,1254,212
 27960,0,15279,1169,848,1904,2379,529,15190,14953,0,0,519,1365,0,2627,1288,640,1149,103,410,0,0,0,1246,14717,208,208,0,105,0,1254,212
 27965,0,15279,1169,848,1904,2379,529,15190,14953,0,0,519,1365,0,2627,1288,640,1149,103,410,0,0,0,1246,14717,208,208,0,105,0,1254,212
 27970,0,15279,1169,848,1904,2379,529,15190,14953,0,0,519,1365,0,2627,1288,640,1149,103,410,0,0,0,1246,14717,208,208,0,105,0,1254,212
 27975,0,15279,1169,848,1904,2379,529,15190,14953,0,0,519,1365,0,2627,1288,640,1149,103,410,0,0,0,1246,14717,208,208,0,105,0,1254,212
 27980,0,15279,1169,848,1904,2379,529,15190,14953,0,0,519,1365,0,2627,1288,640,1149,103,410,0,0,0,1246,14717,208,208,0,105,0,1254,212
 27985,0,15279,1169,848,1904,2379,529,15190,14953,0,0,519,1365,0,2627,1288,640,1149,103,410,0,0,0,1246,14717,208,208,0,105,0,1254,212
 27990,0,15279,1169,848,1904,2379,529,15190,14953,0,0,519,1365,0,2627,1288,640,1149,103,410,0,0,0,1246,14717,208,208,0,105,0,1254,212
 27995,0,15279,1169,848,1904,2379,529,15190,14953,0,0,519,1365,0,2627,1288,640,1149,103,410,0,0,0,1246,14717,208,208,0,105,0,1254,212
 28000,0,15279,1169,848,1904,2379,529,15190,14953,0,0,519,1365,0,2627,1288,640,1149,103,410,0,0,0,1246,14717,208,208,0,105,0,1254,212
 28005,0,15279,1169,848,1904,2379,529,15190,14953,0,0,519,1365,0,2627,1288,640,1149,103,410,0,0,0,1246,14717,208,208,0,105,0,1254,212
 28010,0,15279,1169,848,1904,2379,529,15190,14953,0,0,519,1365,0,2627,1288,640,1149,103,410,0,0,0,1246,14717,208,208,0,105,0,1254,212
 28015,0,15279,1169,848,1904,2379,529,15190,14953,0,0,519,1365,0,2627,1288,640,1149,103,410,0,0,0,1246,14717,208,208,0,105,0,1254,212
 28020,0,15279,1169,848,1904,2379,529,15190,14953,0,0,519,1365,0,2627,1288,640,1149,103,410,0,0,0,1246,14717,208,208,0,105,0,1254,212
 28025,0,15279,1169,848,1904,2379,529,15190,14953,0,0,519,1365,0,2627,1288,640,1149,103,410,0,0,0,1246,14717,208,208,0,105,0,1254,212
 28030,0,15279,1169,848,1904,2379,529,15190,14953,0,0,519,1365,0,2627,1288,640,1149,103,410,0,0,0,1246,14717,208,208,0,105,0,1254,212
 28035,0,15279,1169,848,1904,2379,529,15190,14953,0,0,519,1365,0,2627,1288,640,1149,103,410,0,0,0,1246,14717,208,208,0,105,0,1254,212
 28040,0,15278,1169,848,1904,2379,529,15190,14953,0,0,519,1365,0,2627,1288,640,1149,103,410,0,0,0,1246,14717,208,208,0,105,0,1254,212
 28045,0,15283,1169,848,1904,2379,529,15190,14953,0,0,519,1365,0,2627,1288,640,1149,103,410,0,0,0,1246,14717,208,208,0,105,0,1254,212
 28050,0,15288,1169,848,1904,2379,529,15190,14953,0,0,519,1365,0,2627,1288,640,1149,103,410,0,0,0,1246,14717,208,208,0,105,0,1254,212
 28055,0,15293,1169,848,1904,2379,529,15190,14953,0,0,519,1365,0,2627,1288,640,1149,103,410,0,0,0,1246,14720,208,208,0,105,0,1254,212
 28060,0,15298,1169,848,1904,2379,529,15190,14953,0,0,519,1365,0,2627,1288,640,1149,103,410,0,0,0,1246,14725,208,208,0,105,0,1254,212
 28065,0,15303,1169,848,1904,2379,529,15190,14953,0,0,519,1365,0,2627,1288,640,1149,103,410,0,0,0,1246,14730,208,208,0,105,0,1254,212
 28070,0,15308,1169,848,1904,2379,529,15190,14953,0,0,519,1365,0,2627,1288,640,1149,103,410,0,0,0,1246,14735,208,208,0,105,0,1254,212
 28075,0,15313,1169,848,1904,2379,529,15191,14953,0,0,519,1365,0,2627,1288,640,1149,103,410,0,0,0,1246,14740,208,208,0,105,0,1254,212
 28080,0,15318,1169,848,1904,2379,529,15196,14953,0,0,519,1365,0,2627,1288,640,1149,103,410,0,0,0,1246,14745,208,208,0,105,0,1254,212
 28085,0,15323,1169,848,1904,2379,529,15201,14953,0,0,519,1365,0,2627,1288,640,1149,103,410,0,0,0,1246,14750,208,208,0,105,0,1254,212
 28090,0,15328,1169,848,1904,2379,529,15206,14953,0,0,519,1365,0,2627,1288,640,1149,103,410,0,0,0,1246,14755,208,208,0,105,0,1254,212
 28095,0,15333,1169,848,1904,2379,529,15211,14953,0,0,519,1365,0,2627,1288,640,1149,103,410,0,0,0,1246,14760,208,208,0,105,0,1254,212
 28100,0,15338,1169,848,1904,2379,529,15216,14955,0,0,519,1365,0,2627,1288,640,1149,103,410,0,0,0,1246,14765,208,208,0,105,0,1254,212
 28105,0,15343,1169,848,1904,2379,529,15221,14960,0,0,519,1365,0,2627,1288,640,1149,103,410,0,0,0,1246,14770,208,208,0,105,0,1254,212
 28110,0,15348,1169,848,1904,2379,529,15226,14965,0,0,519,1365,0,2627,1288,640,1149,103,410,0,0,0,1246,14775,208,208,0,105,0,1254,212
 28115,0,15353,1169,848,1904,2379,529,15231,14970,0,0,519,1365,0,2627,1288,640,1149,103,410,0,0,0,1246,14780,208,208,0,105,0,1254,212
 28120,0,15358,1169,848,1904,2379,529,15236,14975,0,0,519,1365,0,2627,1288,640,1149,103,410,0,0,0,1246,14785,208,208,0,105,0,1254,212
 28125,0,15363,1169,848,1904,2379,529,15241,14980,0,0,519,1365,0,2627,1288,640,1149,103,410,0,0,0,1246,14790,208,208,0,105,0,1254,212
 28130,0,15368,1169,848,1904,2379,529,15246,14985,0,0,519,1365,0,2627,1288,640,1149,103,410,0,0,0,1246,14795,208,208,0,105,0,1254,212
 28135,0,15373,1169,848,1904,2379,529,15251,14990,0,0,519,1365,0,2627,1288,640,1149,103,410,0,0,0,1246,14800,208,208,0,105,0,1254,212
 28140,0,15378,1169,848,1904,2379,529,15256,14995,0,0,519,1365,0,2627,1288,640,1149,103,410,0,0,0,1246,14805,208,208,0,105,0,1254,212
 28145,0,15382,1169,848,1904,2379,529,15261,15000,0,0,519,1365,0,2627,1288,640,1149,103,410,0,0,0,1246,14810,208,208,0,105,0,1254,212
 28150,0,15382,1169,848,1904,2379,529,15266,15005,0,0,519,1365,0,2627,1288,640,1149,103,410,0,0,0,1246,14815,208,208,0,105,0,1254,212
 28155,0,15382,1169,848,1904,2379,529,15271,15010,0,0,519,1365,0,2627,1288,640,1149,103,410,0,0,0,1246,14820,208,208,0,105,0,1254,212
 28160,0,15382,1169,848,1904,2379,529,15276,15015,0,0,519,1365,0,2627,1288,640,1149,103,410,0,0,0,1246,14824,208,208,0,105,0,1254,212
 28165,0,15382,1169,848,1904,2379,529,15281,15020,0,0,519,1365,0,2627,1288,640,1149,103,410,0,0,0,1246,14824,208,208,0,105,0,1254,212
 28170,0,15382,1169,848,1904,2379,529,15286,15025,0,0,519,1365,0,2627,1288,640,1149,103,410,0,0,0,1246,14824,208,208,0,105,0,1254,212
 28175,0,15382,1169,848,1904,2379,529,15291,15030,0,0,519,1365,0,2627,1288,640,1149,103,410,0,0,0,1246,14824,208,208,0,105,0,1254,212
 28180,0,15382,1169,848,1904,2379,529,15293,15035,0,0,519,1365,0,2627,1288,640,1149,103,410,0,0,0,1246,14824,208,208,0,105,0,1254,212
 28185,0,15382,1169,848,1904,2379,529,15293,15040,0,0,519,1365,0,2627,1288,640,1149,103,410,0,0,0,1246,14824,208,208,0,105,0,1254,212
 28190,0,15382,1169,848,1904,2379,529,15293,15045,0,0,519,1365,0,2627,1288,640,1149,103,410,0,0,0,1246,14824,208,208,0,105,0,1254,212
 28195,0,15382,1169,848,1904,2379,529,15293,15050,0,0,519,1365,0,2627,1288,640,1149,103,410,0,0,0,1246,14824,208,208,0,105,0,1254,212
 28200,0,15382,1169,848,1904,2379,529,15293,15055,0,0,519,1365,0,2627,1288,640,1149,103,410,0,0,0,1246,14824,208,208,0,105,0,1254,212
 28205,0,15382,1169,848,1904,2379,529,15293,15060,0,0,519,1365,0,2627,1288,640,1149,103,410,0,0,0,1246,14824,208,208,0,105,0,1254,212
 28210,0,15382,1169,848,1904,2379,529,15293,15060,0,0,519,1365,0,2627,1288,640,1149,103,410,0,0,0,1246,14824,208,208,0,105,0,1254,212
 28215,0,15382,1169,848,1904,2379,529,15293,15060,0,0,519,1365,0,2627,1288,640,1149,103,410,0,0,0,1246,14824,208,208,0,105,0,1254,212
 28220,0,15382,1169,848,1904,2379,529,15293,15060,0,0,519,1365,0,2627,1288,640,1149,103,410,0,0,0,1246,14824,208,208,0,105,0,1254,212
 28225,0,15382,1169,848,1904,2379,529,15293,15060,0,0,519,1365,0,2627,1288,640,1149,103,410,0,0,0,1246,14824,208,208,0,105,0,1254,212
 28230,0,15382,1169,848,1904,2379,529,15293,15060,0,0,519,1365,0,2627,1288,640,1149,103,410,0,0,0,1246,14824,208,208,0,105,0,1254,212
 28235,0,15382,1169,848,1904,2379,529,15293,15060,0,0,519,1365,0,2627,1288,640,1149,103,410,0,0,0,1246,14824,208,208,0,105,0,1254,212
 28240,0,15382,1169,848,1904,2379,529,15293,15060,0,0,519,1365,0,2627,1288,640,1149,103,410,0,0,0,1246,14824,208,208,0,105,0,1254,212
 28245,0,15382,1169,848,1904,2379,529,15293,15060,0,0,519,1365,0,2627,1288,640,1149,103,410,0,0,0,1246,14824,208,208,0,105,0,1254,212
 28250,0,15382,1169,848,1904,2379,529,15293,15060,0,0,519,1365,0,2627,1288,640,1149,103,410,0,0,0,1246,14824,208,208,0,105,0,1254,212
 28255,0,15382,1169,848,1904,2379,529,15293,15060,0,0,519,1365,0,2627,1288,640,1149,103,410,0,0,0,1246,14824,208,208,0,105,0,1254,212
 28260,0,15382,1169,848,1904,2379,529,15293,15060,0,0,519,1365,0,2627,1288,640,1149,103,410,0,0,0,1246,14824,208,208,0,105,0,1254,212
 28265,0,15382,1169,848,1904,2379,529,15293,15060,0,0,519,1365,0,2627,1288,640,1149,103,410,0,0,0,1246,14824,208,208,0,105,0,1254,212
 28270,0,15382,1169,848,1904,2379,529,15293,15060,0,0,519,1365,0,2627,1288,640,1149,103,410,0,0,0,1246,14824,208,208,0,105,0,1254,212
 28275,0,15382,1169,848,1904,2379,529,15293,15062,0,0,519,1365,0,2627,1288,640,1149,103,410,0,0,0,1246,14824,208,208,0,105,0,1254,212
 28280,0,15382,1169,848,1904,2379,529,15293,15067,0,0,519,1365,0,2627,1288,640,1149,103,410,0,0,0,1246,14824,208,208,0,105,0,1254,212
 28285,0,15382,1169,848,1904,2379,529,15293,15072,0,0,519,1365,0,2627,1288,640,1149,103,410,0,0,0,1246,14824,208,208,0,105,0,1254,212
 28290,0,15382,1169,848,1904,2379,529,15293,15077,0,0,519,1365,0,2627,1288,640,1149,103,410,0,0,0,1246,14824,208,208,0,105,0,1254,212
 28295,0,15382,1169,848,1904,2379,529,15293,15082,0,0,519,1365,0,2627,1288,640,1149,103,410,0,0,0,1246,14824,208,208,0,105,0,1254,212
 28300,0,15382,1169,848,1904,2379,529,15293,15087,0,0,519,1365,0,2627,1288,640,1149,103,410,0,0,0,1246,14829,208,208,0,105,0,1254,212
 28305,0,15382,1169,848,1904,2379,529,15293,15092,0,0,519,1365,0,2627,1288,640,1149,103,410,0,0,0,1246,14834,208,208,0,105,0,1254,212
 28310,0,15384,1169,848,1904,2379,529,15293,15097,0,0,519,1365,0,2627,1288,640,1149,103,410,0,0,0,1246,14839,208,208,0,105,0,1254,212
 28315,0,15389,1169,848,1904,2379,529,15293,15102,0,0,519,1365,0,2627,1288,640,1149,103,410,0,0,0,1246,14844,208,208,0,105,0,1254,212
 28320,0,15394,1169,848,1904,2379,529,15296,15107,0,0,519,1365,0,2627,1288,640,1149,103,410,0,0,0,1246,14849,208,208,0,105,0,1254,212
 28325,0,15399,1169,848,1904,2379,529,15301,15112,0,0,519,1365,0,2627,1288,640,1149,103,410,0,0,0,1246,14854,208,208,0,105,0,1254,212
 28330,0,15404,1169,848,1904,2379,529,15306,15117,0,0,519,1365,0,2627,1288,640,1149,103,410,0,0,0,1246,14859,208,208,0,105,0,1254,212
 28335,0,15409,1169,848,1904,2379,529,15311,15122,0,0,519,1365,0,2627,1288,640,1149,103,410,0,0,0,1246,14864,208,208,0,105,0,1254,212
 28340,0,15414,1169,848,1904,2379,529,15316,15127,0,0,519,1365,0,2627,1288,640,1149,103,410,0,0,0,1246,14869,208,208,0,105,0,1254,212
 28345,0,15419,1169,848,1904,2379,529,15321,15132,0,0,519,1365,0,2627,1288,640,1149,103,410,0,0,0,1246,14874,208,208,0,105,0,1254,212
 28350,0,15424,1169,848,1904,2379,529,15326,15137,0,0,519,1365,0,2627,1288,640,1149,103,410,0,0,0,1246,14879,208,208,0,105,0,1254,212
 28355,0,15429,1169,848,1904,2379,529,15331,15142,0,0,519,1365,0,2627,1288,640,1149,103,410,0,0,0,1246,14884,208,208,0,105,0,1254,212
 28360,0,15434,1169,848,1904,2379,529,15336,15147,0,0,519,1365,0,2627,1288,640,1149,103,410,0,0,0,1246,14889,208,208,0,105,0,1254,212
 28365,0,15439,1169,848,1904,2379,529,15341,15152,0,0,519,1365,0,2627,1288,640,1149,103,410,0,0,0,1246,14894,208,208,0,105,0,1254,212
 28370,0,15444,1169,848,1904,2379,529,15346,15157,0,0,519,1365,0,2627,1288,640,1149,103,410,0,0,0,1246,14899,208,208,0,105,0,1254,212
 28375,0,15449,1169,848,1904,2379,529,15351,15163,0,0,519,1365,0,2627,1288,640,1149,103,410,0,0,0,1246,14904,208,208,0,105,0,1254,212
 28380,0,15454,1169,848,1904,2379,529,15356,15163,0,0,519,1365,0,2627,1288,640,1149,103,410,0,0,0,1246,14909,208,208,0,105,0,1254,212
 28385,0,15459,1169,848,1904,2379,529,15361,15163,0,0,519,1365,0,2627,1288,640,1149,103,410,0,0,0,1246,14914,208,208,0,105,0,1254,212
 28390,0,15464,1169,848,1904,2379,529,15366,15163,0,0,519,1365,0,2627,1288,640,1149,103,410,0,0,0,1246,14919,208,208,0,105,0,1254,212
 28395,0,15469,1169,848,1904,2379,529,15371,15163,0,0,519,1365,0,2627,1288,640,1149,103,410,0,0,0,1246,14924,208,208,0,105,0,1254,212
 28400,0,15474,1169,848,1904,2379,529,15376,15163,0,0,519,1365,0,2627,1288,640,1149,103,410,0,0,0,1246,14927,208,208,0,105,0,1254,212
 28405,0,15479,1169,848,1904,2379,529,15381,15163,0,0,519,1365,0,2627,1288,640,1149,103,410,0,0,0,1246,14927,208,208,0,105,0,1254,212
 28410,0,15484,1169,848,1904,2379,529,15386,15165,0,0,519,1365,0,2627,1288,640,1149,103,410,0,0,0,1246,14927,208,208,0,105,0,1254,212
 28415,0,15489,1169,848,1904,2379,529,15391,15170,0,0,519,1365,0,2627,1288,640,1149,103,410,0,0,0,1246,14927,208,208,0,105,0,1254,212
 28420,0,15489,1169,848,1904,2379,529,15396,15175,0,0,519,1365,0,2627,1288,640,1149,103,410,0,0,0,1246,14927,208,208,0,105,0,1254,212
 28425,0,15489,1169,848,1904,2379,529,15396,15180,0,0,519,1365,0,2627,1288,640,1149,103,410,0,0,0,1246,14927,208,208,0,105,0,1254,212
 28430,0,15489,1169,848,1904,2379,529,15396,15185,0,0,519,1365,0,2627,1288,640,1149,103,410,0,0,0,1246,14927,208,208,0,105,0,1254,212
 28435,0,15489,1169,848,1904,2379,529,15396,15190,0,0,519,1365,0,2627,1288,640,1149,103,410,0,0,0,1246,14927,208,208,0,105,0,1254,212
 28440,0,15489,1169,848,1904,2379,529,15396,15195,0,0,519,1365,0,2627,1288,640,1149,103,410,0,0,0,1246,14927,208,208,0,105,0,1254,212
 28445,0,15489,1169,848,1904,2379,529,15396,15200,0,0,519,1365,0,2627,1288,640,1149,103,410,0,0,0,1246,14927,208,208,0,105,0,1254,212
 28450,0,15489,1169,848,1904,2379,529,15396,15205,0,0,519,1365,0,2627,1288,640,1149,103,410,0,0,0,1246,14927,208,208,0,105,0,1254,212
 28455,0,15489,1169,848,1904,2379,529,15396,15210,0,0,519,1365,0,2627,1288,640,1149,103,410,0,0,0,1246,14927,208,208,0,105,0,1254,212
 28460,0,15489,1169,848,1904,2379,529,15396,15215,0,0,519,1365,0,2627,1288,640,1149,103,410,0,0,0,1246,14927,208,208,0,105,0,1254,212
 28465,0,15489,1169,848,1904,2379,529,15396,15220,0,0,519,1365,0,2627,1288,640,1149,103,410,0,0,0,1246,14927,208,208,0,105,0,1254,212
 28470,0,15489,1169,848,1904,2379,529,15396,15225,0,0,519,1365,0,2627,1288,640,1149,103,410,0,0,0,1246,14927,208,208,0,105,0,1254,212
 28475,0,15489,1169,848,1904,2379,529,15396,15230,0,0,519,1365,0,2627,1288,640,1149,103,410,0,0,0,1246,14927,208,208,0,105,0,1254,212
 28480,0,15489,1169,848,1904,2379,529,15396,15235,0,0,519,1365,0,2627,1288,640,1149,103,410,0,0,0,1246,14927,208,208,0,105,0,1254,212
 28485,0,15489,1169,848,1904,2379,529,15396,15240,0,0,519,1365,0,2627,1288,640,1149,103,410,0,0,0,1246,14927,208,208,0,105,0,1254,212
 28490,0,15488,1169,848,1904,2379,529,15396,15245,0,0,519,1365,0,2627,1288,640,1149,103,410,0,0,0,1246,14927,208,208,0,105,0,1254,212
 28495,0,15493,1169,848,1904,2379,529,15395,15250,0,0,519,1365,0,2627,1288,640,1149,103,410,0,0,0,1246,14927,208,208,0,105,0,1254,212
 28500,0,15498,1169,848,1904,2379,529,15400,15255,0,0,519,1365,0,2627,1288,640,1149,103,410,0,0,0,1246,14926,208,208,0,105,0,1254,212
 28505,0,15503,1169,848,1904,2379,529,15405,15260,0,0,519,1365,0,2627,1288,640,1149,103,410,0,0,0,1246,14931,208,208,0,105,0,1254,212
 28510,0,15508,1169,848,1904,2379,529,15410,15265,0,0,519,1365,0,2627,1288,640,1149,103,410,0,0,0,1246,14936,208,208,0,105,0,1254,212
 28515,0,15513,1169,848,1904,2379,529,15415,15270,0,0,519,1365,0,2627,1288,640,1149,103,410,0,0,0,1246,14941,208,208,0,105,0,1254,212
 28520,0,15518,1169,848,1904,2379,529,15420,15270,0,0,519,1365,0,2627,1288,640,1149,103,410,0,0,0,1246,14946,208,208,0,105,0,1254,212
 28525,0,15523,1169,848,1904,2379,529,15425,15270,0,0,519,1365,0,2627,1288,640,1149,103,410,0,0,0,1246,14951,208,208,0,105,0,1254,212
 28530,0,15528,1169,848,1904,2379,529,15430,15270,0,0,519,1365,0,2627,1288,640,1149,103,410,0,0,0,1246,14956,208,208,0,105,0,1254,212
 28535,0,15533,1169,848,1904,2379,529,15435,15270,0,0,519,1365,0,2627,1288,640,1149,103,410,0,0,0,1246,14961,208,208,0,105,0,1254,212
 28540,0,15538,1169,848,1904,2379,529,15440,15270,0,0,519,1365,0,2627,1288,640,1149,103,410,0,0,0,1246,14966,208,208,0,105,0,1254,212
 28545,0,15543,1169,848,1904,2379,529,15445,15270,0,0,519,1365,0,2627,1288,640,1149,103,410,0,0,0,1246,14971,208,208,0,105,0,1254,212
 28550,0,15548,1169,848,1904,2379,529,15450,15270,0,0,519,1365,0,2627,1288,640,1149,103,410,0,0,0,1246,14976,208,208,0,105,0,1254,212
 28555,0,15553,1169,848,1904,2379,529,15455,15270,0,0,519,1365,0,2627,1288,640,1149,103,410,0,0,0,1246,14981,208,208,0,105,0,1254,212
 28560,0,15558,1169,848,1904,2379,529,15460,15272,0,0,519,1365,0,2627,1288,640,1149,103,410,0,0,0,1246,14986,208,208,0,105,0,1254,212
 28565,0,15563,1169,848,1904,2379,529,15465,15277,0,0,519,1365,0,2627,1288,640,1149,103,410,0,0,0,1246,14991,208,208,0,105,0,1254,212
 28570,0,15568,1169,848,1904,2379,529,15470,15282,0,0,519,1365,0,2627,1288,640,1149,103,410,0,0,0,1246,14996,208,208,0,105,0,1254,212
 28575,0,15573,1169,848,1904,2379,529,15475,15287,0,0,519,1365,0,2627,1288,640,1149,103,410,0,0,0,1246,15001,208,208,0,105,0,1254,212
 28580,0,15578,1169,848,1904,2379,529,15480,15292,0,0,519,1365,0,2627,1288,640,1149,103,410,0,0,0,1246,15006,208,208,0,105,0,1254,212
 28585,0,15583,1169,848,1904,2379,529,15485,15297,0,0,519,1365,0,2627,1288,640,1149,103,410,0,0,0,1246,15011,208,208,0,105,0,1254,212
 28590,0,15588,1169,848,1904,2379,529,15490,15302,0,0,519,1365,0,2627,1288,640,1149,103,410,0,0,0,1246,15016,208,208,0,105,0,1254,212
 28595,0,15592,1169,848,1904,2379,529,15495,15307,0,0,519,1365,0,2627,1288,640,1149,103,410,0,0,0,1246,15021,208,208,0,105,0,1254,212
 28600,0,15592,1169,848,1904,2379,529,15497,15312,0,0,519,1365,0,2627,1288,640,1149,103,410,0,0,0,1246,15026,208,208,0,105,0,1254,212
 28605,0,15592,1169,848,1904,2379,529,15497,15317,0,0,519,1365,0,2627,1288,640,1149,103,410,0,0,0,1246,15031,208,208,0,105,0,1254,212
 28610,0,15592,1169,848,1904,2379,529,15497,15322,0,0,519,1365,0,2627,1288,640,1149,103,410,0,0,0,1246,15034,208,208,0,105,0,1254,212
 28615,0,15592,1169,848,1904,2379,529,15497,15327,0,0,519,1365,0,2627,1288,640,1149,103,410,0,0,0,1246,15034,208,208,0,105,0,1254,212
 28620,0,15592,1169,848,1904,2379,529,15497,15332,0,0,519,1365,0,2627,1288,640,1149,103,410,0,0,0,1246,15034,208,208,0,105,0,1254,212
 28625,0,15592,1169,848,1904,2379,529,15497,15337,0,0,519,1365,0,2627,1288,640,1149,103,410,0,0,0,1246,15034,208,208,0,105,0,1254,212
 28630,0,15592,1169,848,1904,2379,529,15497,15342,0,0,519,1365,0,2627,1288,640,1149,103,410,0,0,0,1246,15034,208,208,0,105,0,1254,212
 28635,0,15592,1169,848,1904,2379,529,15497,15347,0,0,519,1365,0,2627,1288,640,1149,103,410,0,0,0,1246,15034,208,208,0,105,0,1254,212
 28640,0,15592,1169,848,1904,2379,529,15497,15352,0,0,519,1365,0,2627,1288,640,1149,103,410,0,0,0,1246,15034,208,208,0,105,0,1254,212
 28645,0,15592,1169,848,1904,2379,529,15497,15357,0,0,519,1365,0,2627,1288,640,1149,103,410,0,0,0,1246,15034,208,208,0,105,0,1254,212
 28650,0,15593,1169,848,1904,2379,529,15497,15362,0,0,519,1365,0,2627,1288,640,1149,103,410,0,0,0,1246,15034,208,208,0,105,0,1254,212
 28655,0,15598,1169,848,1904,2379,529,15497,15367,0,0,519,1365,0,2627,1288,640,1149,103,410,0,0,0,1246,15034,208,208,0,105,0,1254,212
 28660,0,15603,1169,848,1904,2379,529,15497,15372,0,0,519,1365,0,2627,1288,640,1149,103,410,0,0,0,1246,15034,208,208,0,105,0,1254,212
 28665,0,15608,1169,848,1904,2379,529,15497,15375,0,0,519,1365,0,2627,1288,640,1149,103,410,0,0,0,1246,15034,208,208,0,105,0,1254,212
 28670,0,15613,1169,848,1904,2379,529,15497,15375,0,0,519,1365,0,2627,1288,640,1149,103,410,0,0,0,1246,15034,208,208,0,105,0,1254,212
 28675,0,15618,1169,848,1904,2379,529,15497,15375,0,0,519,1365,0,2627,1288,640,1149,103,410,0,0,0,1246,15034,208,208,0,105,0,1254,212
 28680,0,15623,1169,848,1904,2379,529,15497,15375,0,0,519,1365,0,2627,1288,640,1149,103,410,0,0,0,1246,15034,208,208,0,105,0,1254,212
 28685,0,15628,1169,848,1904,2379,529,15497,15375,0,0,519,1365,0,2627,1288,640,1149,103,410,0,0,0,1246,15034,208,208,0,105,0,1254,212
 28690,0,15633,1169,848,1904,2379,529,15497,15375,0,0,519,1365,0,2627,1288,640,1149,103,410,0,0,0,1246,15034,208,208,0,105,0,1254,212
 28695,0,15638,1169,848,1904,2379,529,15497,15375,0,0,519,1365,0,2627,1288,640,1149,103,410,0,0,0,1246,15034,208,208,0,105,0,1254,212
 28700,0,15643,1169,848,1904,2379,529,15497,15375,0,0,519,1365,0,2627,1288,640,1149,103,410,0,0,0,1246,15034,208,208,0,105,0,1254,212
 28705,0,15648,1169,848,1904,2379,529,15497,15375,0,0,519,1365,0,2627,1288,640,1149,103,410,0,0,0,1246,15034,208,208,0,105,0,1254,212
 28710,0,15653,1169,848,1904,2379,529,15497,15375,0,0,519,1365,0,2627,1288,640,1149,103,410,0,0,0,1246,15034,208,208,0,105,0,1254,212
 28715,0,15658,1169,848,1904,2379,529,15497,15375,0,0,519,1365,0,2627,1288,640,1149,103,410,0,0,0,1246,15037,208,208,0,105,0,1254,212
 28720,0,15663,1169,848,1904,2379,529,15497,15375,0,0,519,1365,0,2627,1288,640,1149,103,410,0,0,0,1246,15042,208,208,0,105,0,1254,212
 28725,0,15668,1169,848,1904,2379,529,15497,15375,0,0,519,1365,0,2627,1288,640,1149,103,410,0,0,0,1246,15047,208,208,0,105,0,1254,212
 28730,0,15673,1169,848,1904,2379,529,15497,15375,0,0,519,1365,0,2627,1288,640,1149,103,410,0,0,0,1246,15052,208,208,0,105,0,1254,212
 28735,0,15678,1169,848,1904,2379,529,15497,15375,0,0,519,1365,0,2627,1288,640,1149,103,410,0,0,0,1246,15057,208,208,0,105,0,1254,212
 28740,0,15683,1169,848,1904,2379,529,15497,15375,0,0,519,1365,0,2627,1288,640,1149,103,410,0,0,0,1246,15062,208,208,0,105,0,1254,212
 28745,0,15688,1169,848,1904,2379,529,15497,15375,0,0,519,1365,0,2627,1288,640,1149,103,410,0,0,0,1246,15067,208,208,0,105,0,1254,212
 28750,0,15693,1169,848,1904,2379,529,15497,15375,0,0,519,1365,0,2627,1288,640,1149,103,410,0,0,0,1246,15072,208,208,0,105,0,1254,212
 28755,0,15697,1169,848,1904,2379,529,15497,15375,0,0,519,1365,0,2627,1288,640,1149,103,410,0,0,0,1246,15077,208,208,0,105,0,1254,212
 28760,0,15697,1169,848,1904,2379,529,15497,15375,0,0,519,1365,0,2627,1288,640,1149,103,410,0,0,0,1246,15082,208,208,0,105,0,1254,212
 28765,0,15697,1169,848,1904,2379,529,15497,15375,0,0,519,1365,0,2627,1288,640,1149,103,410,0,0,0,1246,15087,208,208,0,105,0,1254,212
 28770,0,15697,1169,848,1904,2379,529,15497,15375,0,0,519,1365,0,2627,1288,640,1149,103,410,0,0,0,1246,15092,208,208,0,105,0,1254,212
 28775,0,15697,1169,848,1904,2379,529,15497,15375,0,0,519,1365,0,2627,1288,640,1149,103,410,0,0,0,1246,15097,208,208,0,105,0,1254,212
 28780,0,15697,1169,848,1904,2379,529,15502,15375,0,0,519,1365,0,2627,1288,640,1149,103,410,0,0,0,1246,15102,208,208,0,105,0,1254,212
 28785,0,15697,1169,848,1904,2379,529,15507,15375,0,0,519,1365,0,2627,1288,640,1149,103,410,0,0,0,1246,15107,208,208,0,105,0,1254,212
 28790,0,15697,1169,848,1904,2379,529,15512,15375,0,0,519,1365,0,2627,1288,640,1149,103,410,0,0,0,1246,15112,208,208,0,105,0,1254,212
 28795,0,15697,1169,848,1904,2379,529,15517,15375,0,0,519,1365,0,2627,1288,640,1149,103,410,0,0,0,1246,15117,208,208,0,105,0,1254,212
 28800,0,15697,1169,848,1904,2379,529,15522,15375,0,0,519,1365,0,2627,1288,640,1149,103,410,0,0,0,1246,15122,208,208,0,105,0,1254,212
 28805,0,15697,1169,848,1904,2379,529,15527,15375,0,0,519,1365,0,2627,1288,640,1149,103,410,0,0,0,1246,15127,208,208,0,105,0,1254,212
 28810,0,15697,1169,848,1904,2379,529,15532,15375,0,0,519,1365,0,2627,1288,640,1149,103,410,0,0,0,1246,15132,208,208,0,105,0,1254,212
 28815,0,15697,1169,848,1904,2379,529,15537,15375,0,0,519,1365,0,2627,1288,640,1149,103,410,0,0,0,1246,15137,208,208,0,105,0,1254,212
 28820,0,15697,1169,848,1904,2379,529,15542,15375,0,0,519,1365,0,2627,1288,640,1149,103,410,0,0,0,1246,15137,208,208,0,105,0,1254,212
 28825,0,15697,1169,848,1904,2379,529,15547,15375,0,0,519,1365,0,2627,1288,640,1149,103,410,0,0,0,1246,15137,208,208,0,105,0,1254,212
 28830,0,15697,1169,848,1904,2379,529,15552,15375,0,0,519,1365,0,2627,1288,640,1149,103,410,0,0,0,1246,15137,208,208,0,105,0,1254,212
 28835,0,15698,1169,848,1904,2379,529,15557,15375,0,0,519,1365,0,2627,1288,640,1149,103,410,0,0,0,1246,15137,208,208,0,105,0,1254,212
 28840,0,15703,1169,848,1904,2379,529,15562,15375,0,0,519,1365,0,2627,1288,640,1149,103,410,0,0,0,1246,15137,208,208,0,105,0,1254,212
 28845,0,15708,1169,848,1904,2379,529,15567,15375,0,0,519,1365,0,2627,1288,640,1149,103,410,0,0,0,1246,15137,208,208,0,105,0,1254,212
 28850,0,15713,1169,848,1904,2379,529,15572,15375,0,0,519,1365,0,2627,1288,640,1149,103,410,0,0,0,1246,15137,208,208,0,105,0,1254,212
 28855,0,15718,1169,848,1904,2379,529,15577,15375,0,0,519,1365,0,2627,1288,640,1149,103,410,0,0,0,1246,15137,208,208,0,105,0,1254,212
 28860,0,15723,1169,848,1904,2379,529,15582,15375,0,0,519,1365,0,2627,1288,640,1149,103,410,0,0,0,1246,15137,208,208,0,105,0,1254,212
 28865,0,15728,1169,848,1904,2379,529,15587,15375,0,0,519,1365,0,2627,1288,640,1149,103,410,0,0,0,1246,15137,208,208,0,105,0,1254,212
 28870,0,15733,1169,848,1904,2379,529,15592,15375,0,0,519,1365,0,2627,1288,640,1149,103,410,0,0,0,1246,15137,208,208,0,105,0,1254,212
 28875,0,15738,1169,848,1904,2379,529,15597,15375,0,0,519,1365,0,2627,1288,640,1149,103,410,0,0,0,1246,15137,208,208,0,105,0,1254,212
 28880,0,15743,1169,848,1904,2379,529,15602,15375,0,0,519,1365,0,2627,1288,640,1149,103,410,0,0,0,1246,15142,208,208,0,105,0,1254,212
 28885,0,15748,1169,848,1904,2379,529,15604,15375,0,0,519,1365,0,2627,1288,640,1149,103,410,0,0,0,1246,15147,208,208,0,105,0,1254,212
 28890,0,15753,1169,848,1904,2379,529,15604,15375,0,0,519,1365,0,2627,1288,640,1149,103,410,0,0,0,1246,15152,208,208,0,105,0,1254,212
 28895,0,15758,1169,848,1904,2379,529,15604,15375,0,0,519,1365,0,2627,1288,640,1149,103,410,0,0,0,1246,15157,208,208,0,105,0,1254,212
 28900,0,15763,1169,848,1904,2379,529,15604,15375,0,0,519,1365,0,2627,1288,640,1149,103,410,0,0,0,1246,15162,208,208,0,105,0,1254,212
 28905,0,15768,1169,848,1904,2379,529,15604,15375,0,0,519,1365,0,2627,1288,640,1149,103,410,0,0,0,1246,15167,208,208,0,105,0,1254,212
 28910,0,15773,1169,848,1904,2379,529,15604,15375,0,0,519,1365,0,2627,1288,640,1149,103,410,0,0,0,1246,15172,208,208,0,105,0,1254,212
 28915,0,15778,1169,848,1904,2379,529,15604,15375,0,0,519,1365,0,2627,1288,640,1149,103,410,0,0,0,1246,15177,208,208,0,105,0,1254,212
 28920,0,15783,1169,848,1904,2379,529,15604,15375,0,0,519,1365,0,2627,1288,640,1149,103,410,0,0,0,1246,15182,208,208,0,105,0,1254,212
 28925,0,15788,1169,848,1904,2379,529,15604,15375,0,0,519,1365,0,2627,1288,640,1149,103,410,0,0,0,1246,15187,208,208,0,105,0,1254,212
 28930,0,15793,1169,848,1904,2379,529,15604,15375,0,0,519,1365,0,2627,1288,640,1149,103,410,0,0,0,1246,15192,208,208,0,105,0,1254,212
 28935,0,15798,1169,848,1904,2379,529,15604,15375,0,0,519,1365,0,2627,1288,640,1149,103,410,0,0,0,1246,15197,208,208,0,105,0,1254,212
 28940,0,15798,1169,848,1904,2379,529,15604,15375,0,0,519,1365,0,2627,1288,640,1149,103,410,0,0,0,1246,15202,208,208,0,105,0,1254,212
 28945,0,15798,1169,848,1904,2379,529,15604,15375,0,0,519,1365,0,2627,1288,640,1149,103,410,0,0,0,1246,15207,208,208,0,105,0,1254,212
 28950,0,15798,1169,848,1904,2379,529,15604,15375,0,0,519,1365,0,2627,1288,640,1149,103,410,0,0,0,1246,15212,208,208,0,105,0,1254,212
 28955,0,15798,1169,848,1904,2379,529,15604,15375,0,0,519,1365,0,2627,1288,640,1149,103,410,0,0,0,1246,15217,208,208,0,105,0,1254,212
 28960,0,15798,1169,848,1904,2379,529,15604,15375,0,0,519,1365,0,2627,1288,640,1149,103,410,0,0,0,1246,15222,208,208,0,105,0,1254,212
 28965,0,15798,1169,848,1904,2379,529,15604,15375,0,0,519,1365,0,2627,1288,640,1149,103,410,0,0,0,1246,15227,208,208,0,105,0,1254,212
 28970,0,15798,1169,848,1904,2379,529,15607,15375,0,0,519,1365,0,2627,1288,640,1149,103,410,0,0,0,1246,15232,208,208,0,105,0,1254,212
 28975,0,15798,1169,848,1904,2379,529,15612,15375,0,0,519,1365,0,2627,1288,640,1149,103,410,0,0,0,1246,15237,208,208,0,105,0,1254,212
 28980,0,15798,1169,848,1904,2379,529,15617,15375,0,0,519,1365,0,2627,1288,640,1149,103,410,0,0,0,1246,15242,208,208,0,105,0,1254,212
 28985,0,15799,1169,848,1904,2379,529,15622,15375,0,0,519,1365,0,2627,1288,640,1149,103,410,0,0,0,1246,15244,208,208,0,105,0,1254,212
 28990,0,15804,1169,848,1904,2379,529,15627,15375,0,0,519,1365,0,2627,1288,640,1149,103,410,0,0,0,1246,15244,208,208,0,105,0,1254,212
 28995,0,15809,1169,848,1904,2379,529,15632,15375,0,0,519,1365,0,2627,1288,640,1149,103,410,0,0,0,1246,15244,208,208,0,105,0,1254,212
 29000,0,15814,1169,848,1904,2379,529,15637,15375,0,0,519,1365,0,2627,1288,640,1149,103,410,0,0,0,1246,15244,208,208,0,105,0,1254,212
 29005,0,15819,1169,848,1904,2379,529,15642,15375,0,0,519,1365,0,2627,1288,640,1149,103,410,0,0,0,1246,15244,208,208,0,105,0,1254,212
 29010,0,15824,1169,848,1904,2379,529,15647,15375,0,0,519,1365,0,2627,1288,640,1149,103,410,0,0,0,1246,15244,208,208,0,105,0,1254,212
 29015,0,15829,1169,848,1904,2379,529,15652,15375,0,0,519,1365,0,2627,1288,640,1149,103,410,0,0,0,1246,15244,208,208,0,105,0,1254,212
 29020,0,15834,1169,848,1904,2379,529,15657,15375,0,0,519,1365,0,2627,1288,640,1149,103,410,0,0,0,1246,15244,208,208,0,105,0,1254,212
 29025,0,15839,1169,848,1904,2379,529,15662,15375,0,0,519,1365,0,2627,1288,640,1149,103,410,0,0,0,1246,15244,208,208,0,105,0,1254,212
 29030,0,15844,1169,848,1904,2379,529,15667,15375,0,0,519,1365,0,2627,1288,640,1149,103,410,0,0,0,1246,15244,208,208,0,105,0,1254,212
 29035,0,15849,1169,848,1904,2379,529,15672,15375,0,0,519,1365,0,2627,1288,640,1149,103,410,0,0,0,1246,15243,208,208,0,105,0,1254,212
 29040,0,15854,1169,848,1904,2379,529,15677,15378,0,0,519,1365,0,2627,1288,640,1149,103,410,0,0,0,1246,15248,208,208,0,105,0,1254,212
 29045,0,15859,1169,848,1904,2379,529,15682,15383,0,0,519,1365,0,2627,1288,640,1149,103,410,0,0,0,1246,15253,208,208,0,105,0,1254,212
 29050,0,15864,1169,848,1904,2379,529,15687,15388,0,0,519,1365,0,2627,1288,640,1149,103,410,0,0,0,1246,15258,208,208,0,105,0,1254,212
 29055,0,15869,1169,848,1904,2379,529,15692,15393,0,0,519,1365,0,2627,1288,640,1149,103,410,0,0,0,1246,15263,208,208,0,105,0,1254,212
 29060,0,15874,1169,848,1904,2379,529,15697,15398,0,0,519,1365,0,2627,1288,640,1149,103,410,0,0,0,1246,15268,208,208,0,105,0,1254,212
 29065,0,15879,1169,848,1904,2379,529,15702,15403,0,0,519,1365,0,2627,1288,640,1149,103,410,0,0,0,1246,15273,208,208,0,105,0,1254,212
 29070,0,15884,1169,848,1904,2379,529,15707,15408,0,0,519,1365,0,2627,1288,640,1149,103,410,0,0,0,1246,15278,208,208,0,105,0,1254,212
 29075,0,15889,1169,848,1904,2379,529,15707,15413,0,0,519,1365,0,2627,1288,640,1149,103,410,0,0,0,1246,15283,208,208,0,105,0,1254,212
 29080,0,15894,1169,848,1904,2379,529,15707,15418,0,0,519,1365,0,2627,1288,640,1149,103,410,0,0,0,1246,15288,208,208,0,105,0,1254,212
 29085,0,15899,1169,848,1904,2379,529,15707,15423,0,0,519,1365,0,2627,1288,640,1149,103,410,0,0,0,1246,15293,208,208,0,105,0,1254,212
 29090,0,15903,1169,848,1904,2379,529,15707,15428,0,0,519,1365,0,2627,1288,640,1149,103,410,0,0,0,1246,15298,208,208,0,105,0,1254,212
 29095,0,15903,1169,848,1904,2379,529,15707,15433,0,0,519,1365,0,2627,1288,640,1149,103,410,0,0,0,1246,15303,208,208,0,105,0,1254,212
 29100,0,15903,1169,848,1904,2379,529,15707,15438,0,0,519,1365,0,2627,1288,640,1149,103,410,0,0,0,1246,15308,208,208,0,105,0,1254,212
 29105,0,15903,1169,848,1904,2379,529,15707,15443,0,0,519,1365,0,2627,1288,640,1149,103,410,0,0,0,1246,15313,208,208,0,105,0,1254,212
 29110,0,15903,1169,848,1904,2379,529,15707,15448,0,0,519,1365,0,2627,1288,640,1149,103,410,0,0,0,1246,15318,208,208,0,105,0,1254,212
 29115,0,15903,1169,848,1904,2379,529,15707,15453,0,0,519,1365,0,2627,1288,640,1149,103,410,0,0,0,1246,15323,208,208,0,105,0,1254,212
 29120,0,15903,1169,848,1904,2379,529,15707,15458,0,0,519,1365,0,2627,1288,640,1149,103,410,0,0,0,1246,15328,208,208,0,105,0,1254,212
 29125,0,15903,1169,848,1904,2379,529,15707,15463,0,0,519,1365,0,2627,1288,640,1149,103,410,0,0,0,1246,15333,208,208,0,105,0,1254,212
 29130,0,15903,1169,848,1904,2379,529,15708,15468,0,0,519,1365,0,2627,1288,640,1149,103,410,0,0,0,1246,15338,208,208,0,105,0,1254,212
 29135,0,15903,1169,848,1904,2379,529,15713,15473,0,0,519,1365,0,2627,1288,640,1149,103,410,0,0,0,1246,15343,208,208,0,105,0,1254,212
 29140,0,15903,1169,848,1904,2379,529,15718,15478,0,0,519,1365,0,2627,1288,640,1149,103,410,0,0,0,1246,15347,208,208,0,105,0,1254,212
 29145,0,15903,1169,848,1904,2379,529,15723,15478,0,0,519,1365,0,2627,1288,640,1149,103,410,0,0,0,1246,15347,208,208,0,105,0,1254,212
 29150,0,15903,1169,848,1904,2379,529,15728,15478,0,0,519,1365,0,2627,1288,640,1149,103,410,0,0,0,1246,15347,208,208,0,105,0,1254,212
 29155,0,15903,1169,848,1904,2379,529,15733,15478,0,0,519,1365,0,2627,1288,640,1149,103,410,0,0,0,1246,15347,208,208,0,105,0,1254,212
 29160,0,15903,1169,848,1904,2379,529,15738,15478,0,0,519,1365,0,2627,1288,640,1149,103,410,0,0,0,1246,15347,208,208,0,105,0,1254,212
 29165,0,15903,1169,848,1904,2379,529,15743,15478,0,0,519,1365,0,2627,1288,640,1149,103,410,0,0,0,1246,15347,208,208,0,105,0,1254,212
 29170,0,15903,1169,848,1904,2379,529,15748,15478,0,0,519,1365,0,2627,1288,640,1149,103,410,0,0,0,1246,15347,208,208,0,105,0,1254,212
 29175,0,15903,1169,848,1904,2379,529,15753,15478,0,0,519,1365,0,2627,1288,640,1149,103,410,0,0,0,1246,15347,208,208,0,105,0,1254,212
 29180,0,15903,1169,848,1904,2379,529,15758,15478,0,0,519,1365,0,2627,1288,640,1149,103,410,0,0,0,1246,15347,208,208,0,105,0,1254,212
 29185,0,15903,1169,848,1904,2379,529,15763,15478,0,0,519,1365,0,2627,1288,640,1149,103,410,0,0,0,1246,15347,208,208,0,105,0,1254,212
 29190,0,15905,1169,848,1904,2379,529,15768,15478,0,0,519,1365,0,2627,1288,640,1149,103,410,0,0,0,1246,15347,208,208,0,105,0,1254,212
 29195,0,15910,1169,848,1904,2379,529,15773,15478,0,0,519,1365,0,2627,1288,640,1149,103,410,0,0,0,1246,15347,208,208,0,105,0,1254,212
 29200,0,15915,1169,848,1904,2379,529,15778,15478,0,0,519,1365,0,2627,1288,640,1149,103,410,0,0,0,1246,15347,208,208,0,105,0,1254,212
 29205,0,15920,1169,848,1904,2379,529,15783,15478,0,0,519,1365,0,2627,1288,640,1149,103,410,0,0,0,1246,15347,208,208,0,105,0,1254,212
 29210,0,15925,1169,848,1904,2379,529,15788,15478,0,0,519,1365,0,2627,1288,640,1149,103,410,0,0,0,1246,15347,208,208,0,105,0,1254,212
 29215,0,15930,1169,848,1904,2379,529,15793,15478,0,0,519,1365,0,2627,1288,640,1149,103,410,0,0,0,1246,15347,208,208,0,105,0,1254,212
 29220,0,15935,1169,848,1904,2379,529,15798,15478,0,0,519,1365,0,2627,1288,640,1149,103,410,0,0,0,1246,15347,208,208,0,105,0,1254,212
 29225,0,15940,1169,848,1904,2379,529,15803,15478,0,0,519,1365,0,2627,1288,640,1149,103,410,0,0,0,1246,15347,208,208,0,105,0,1254,212
 29230,0,15945,1169,848,1904,2379,529,15808,15478,0,0,519,1365,0,2627,1288,640,1149,103,410,0,0,0,1246,15347,208,208,0,105,0,1254,212
 29235,0,15950,1169,848,1904,2379,529,15810,15480,0,0,519,1365,0,2627,1288,640,1149,103,410,0,0,0,1246,15352,208,208,0,105,0,1254,212
 29240,0,15955,1169,848,1904,2379,529,15810,15485,0,0,519,1365,0,2627,1288,640,1149,103,410,0,0,0,1246,15357,208,208,0,105,0,1254,212
 29245,0,15960,1169,848,1904,2379,529,15810,15490,0,0,519,1365,0,2627,1288,640,1149,103,410,0,0,0,1246,15362,208,208,0,105,0,1254,212
 29250,0,15965,1169,848,1904,2379,529,15810,15495,0,0,519,1365,0,2627,1288,640,1149,103,410,0,0,0,1246,15367,208,208,0,105,0,1254,212
 29255,0,15970,1169,848,1904,2379,529,15810,15500,0,0,519,1365,0,2627,1288,640,1149,103,410,0,0,0,1246,15372,208,208,0,105,0,1254,212
 29260,0,15975,1169,848,1904,2379,529,15810,15505,0,0,519,1365,0,2627,1288,640,1149,103,410,0,0,0,1246,15377,208,208,0,105,0,1254,212
 29265,0,15980,1169,848,1904,2379,529,15810,15510,0,0,519,1365,0,2627,1288,640,1149,103,410,0,0,0,1246,15382,208,208,0,105,0,1254,212
 29270,0,15985,1169,848,1904,2379,529,15810,15515,0,0,519,1365,0,2627,1288,640,1149,103,410,0,0,0,1246,15387,208,208,0,105,0,1254,212
 29275,0,15990,1169,848,1904,2379,529,15810,15520,0,0,519,1365,0,2627,1288,640,1149,103,410,0,0,0,1246,15392,208,208,0,105,0,1254,212
 29280,0,15995,1169,848,1904,2379,529,15810,15525,0,0,519,1365,0,2627,1288,640,1149,103,410,0,0,0,1246,15397,208,208,0,105,0,1254,212
 29285,0,16000,1169,848,1904,2379,529,15810,15530,0,0,519,1365,0,2627,1288,640,1149,103,410,0,0,0,1246,15402,208,208,0,105,0,1254,212
 29290,0,16005,1169,848,1904,2379,529,15810,15535,0,0,519,1365,0,2627,1288,640,1149,103,410,0,0,0,1246,15407,208,208,0,105,0,1254,212
 29295,0,16008,1169,848,1904,2379,529,15810,15540,0,0,519,1365,0,2627,1288,640,1149,103,410,0,0,0,1246,15412,208,208,0,105,0,1254,212
 29300,0,16008,1169,848,1904,2379,529,15810,15545,0,0,519,1365,0,2627,1288,640,1149,103,410,0,0,0,1246,15417,208,208,0,105,0,1254,212
 29305,0,16008,1169,848,1904,2379,529,15810,15550,0,0,519,1365,0,2627,1288,640,1149,103,410,0,0,0,1246,15422,208,208,0,105,0,1254,212
 29310,0,16008,1169,848,1904,2379,529,15810,15555,0,0,519,1365,0,2627,1288,640,1149,103,410,0,0,0,1246,15427,208,208,0,105,0,1254,212
 29315,0,16008,1169,848,1904,2379,529,15810,15560,0,0,519,1365,0,2627,1288,640,1149,103,410,0,0,0,1246,15432,208,208,0,105,0,1254,212
 29320,0,16008,1169,848,1904,2379,529,15810,15565,0,0,519,1365,0,2627,1288,640,1149,103,410,0,0,0,1246,15437,208,208,0,105,0,1254,212
 29325,0,16008,1169,848,1904,2379,529,15810,15570,0,0,519,1365,0,2627,1288,640,1149,103,410,0,0,0,1246,15442,208,208,0,105,0,1254,212
 29330,0,16008,1169,848,1904,2379,529,15810,15575,0,0,519,1365,0,2627,1288,640,1149,103,410,0,0,0,1246,15447,208,208,0,105,0,1254,212
 29335,0,16008,1169,848,1904,2379,529,15810,15581,0,0,519,1365,0,2627,1288,640,1149,103,410,0,0,0,1246,15452,208,208,0,105,0,1254,212
 29340,0,16008,1169,848,1904,2379,529,15810,15581,0,0,519,1365,0,2627,1288,640,1149,103,410,0,0,0,1246,15456,208,208,0,105,0,1254,212
 29345,0,16008,1169,848,1904,2379,529,15810,15581,0,0,519,1365,0,2627,1288,640,1149,103,410,0,0,0,1246,15456,208,208,0,105,0,1254,212
 29350,0,16008,1169,848,1904,2379,529,15810,15581,0,0,519,1365,0,2627,1288,640,1149,103,410,0,0,0,1246,15456,208,208,0,105,0,1254,212
 29355,0,16008,1169,848,1904,2379,529,15810,15581,0,0,519,1365,0,2627,1288,640,1149,103,410,0,0,0,1246,15456,208,208,0,105,0,1254,212
 29360,0,16008,1169,848,1904,2379,529,15810,15581,0,0,519,1365,0,2627,1288,640,1149,103,410,0,0,0,1246,15456,208,208,0,105,0,1254,212
 29365,0,16008,1169,848,1904,2379,529,15810,15581,0,0,519,1365,0,2627,1288,640,1149,103,410,0,0,0,1246,15456,208,208,0,105,0,1254,212
 29370,0,16008,1169,848,1904,2379,529,15809,15581,0,0,519,1365,0,2627,1288,640,1149,103,410,0,0,0,1246,15456,208,208,0,105,0,1254,212
 29375,0,16008,1169,848,1904,2379,529,15814,15581,0,0,519,1365,0,2627,1288,640,1149,103,410,0,0,0,1246,15456,208,208,0,105,0,1254,212
 29380,0,16008,1169,848,1904,2379,529,15819,15581,0,0,519,1365,0,2627,1288,640,1149,103,410,0,0,0,1246,15456,208,208,0,105,0,1254,212
 29385,0,16008,1169,848,1904,2379,529,15824,15581,0,0,519,1365,0,2627,1288,640,1149,103,410,0,0,0,1246,15456,208,208,0,105,0,1254,212
 29390,0,16008,1169,848,1904,2379,529,15829,15581,0,0,519,1365,0,2627,1288,640,1149,103,410,0,0,0,1246,15456,208,208,0,105,0,1254,212
 29395,0,16008,1169,848,1904,2379,529,15834,15581,0,0,519,1365,0,2627,1288,640,1149,103,410,0,0,0,1246,15456,208,208,0,105,0,1254,212
 29400,0,16008,1169,848,1904,2379,529,15839,15581,0,0,519,1365,0,2627,1288,640,1149,103,410,0,0,0,1246,15456,208,208,0,105,0,1254,212
 29405,0,16008,1169,848,1904,2379,529,15844,15581,0,0,519,1365,0,2627,1288,640,1149,103,410,0,0,0,1246,15456,208,208,0,105,0,1254,212
 29410,0,16008,1169,848,1904,2379,529,15849,15581,0,0,519,1365,0,2627,1288,640,1149,103,410,0,0,0,1246,15455,208,208,0,105,0,1254,212
 29415,0,16008,1169,848,1904,2379,529,15854,15584,0,0,519,1365,0,2627,1288,640,1149,103,410,0,0,0,1246,15460,208,208,0,105,0,1254,212
 29420,0,16008,1169,848,1904,2379,529,15859,15589,0,0,519,1365,0,2627,1288,640,1149,103,410,0,0,0,1246,15465,208,208,0,105,0,1254,212
 29425,0,16008,1169,848,1904,2379,529,15864,15594,0,0,519,1365,0,2627,1288,640,1149,103,410,0,0,0,1246,15470,208,208,0,105,0,1254,212
 29430,0,16008,1169,848,1904,2379,529,15869,15599,0,0,519,1365,0,2627,1288,640,1149,103,410,0,0,0,1246,15475,208,208,0,105,0,1254,212
 29435,0,16008,1169,848,1904,2379,529,15874,15604,0,0,519,1365,0,2627,1288,640,1149,103,410,0,0,0,1246,15480,208,208,0,105,0,1254,212
 29440,0,16010,1169,848,1904,2379,529,15879,15609,0,0,519,1365,0,2627,1288,640,1149,103,410,0,0,0,1246,15485,208,208,0,105,0,1254,212
 29445,0,16015,1169,848,1904,2379,529,15884,15614,0,0,519,1365,0,2627,1288,640,1149,103,410,0,0,0,1246,15490,208,208,0,105,0,1254,212
 29450,0,16020,1169,848,1904,2379,529,15889,15619,0,0,519,1365,0,2627,1288,640,1149,103,410,0,0,0,1246,15495,208,208,0,105,0,1254,212
 29455,0,16025,1169,848,1904,2379,529,15894,15624,0,0,519,1365,0,2627,1288,640,1149,103,410,0,0,0,1246,15500,208,208,0,105,0,1254,212
 29460,0,16030,1169,848,1904,2379,529,15899,15629,0,0,519,1365,0,2627,1288,640,1149,103,410,0,0,0,1246,15505,208,208,0,105,0,1254,212
 29465,0,16035,1169,848,1904,2379,529,15904,15634,0,0,519,1365,0,2627,1288,640,1149,103,410,0,0,0,1246,15510,208,208,0,105,0,1254,212
 29470,0,16040,1169,848,1904,2379,529,15909,15639,0,0,519,1365,0,2627,1288,640,1149,103,410,0,0,0,1246,15515,208,208,0,105,0,1254,212
 29475,0,16045,1169,848,1904,2379,529,15913,15644,0,0,519,1365,0,2627,1288,640,1149,103,410,0,0,0,1246,15520,208,208,0,105,0,1254,212
 29480,0,16050,1169,848,1904,2379,529,15913,15649,0,0,519,1365,0,2627,1288,640,1149,103,410,0,0,0,1246,15525,208,208,0,105,0,1254,212
 29485,0,16055,1169,848,1904,2379,529,15913,15654,0,0,519,1365,0,2627,1288,640,1149,103,410,0,0,0,1246,15530,208,208,0,105,0,1254,212
 29490,0,16060,1169,848,1904,2379,529,15913,15659,0,0,519,1365,0,2627,1288,640,1149,103,410,0,0,0,1246,15535,208,208,0,105,0,1254,212
 29495,0,16065,1169,848,1904,2379,529,15913,15664,0,0,519,1365,0,2627,1288,640,1149,103,410,0,0,0,1246,15540,208,208,0,105,0,1254,212
 29500,0,16070,1169,848,1904,2379,529,15913,15669,0,0,519,1365,0,2627,1288,640,1149,103,410,0,0,0,1246,15545,208,208,0,105,0,1254,212
 29505,0,16075,1169,848,1904,2379,529,15913,15674,0,0,519,1365,0,2627,1288,640,1149,103,410,0,0,0,1246,15550,208,208,0,105,0,1254,212
 29510,0,16080,1169,848,1904,2379,529,15913,15679,0,0,519,1365,0,2627,1288,640,1149,103,410,0,0,0,1246,15555,208,208,0,105,0,1254,212
 29515,0,16085,1169,848,1904,2379,529,15913,15684,0,0,519,1365,0,2627,1288,640,1149,103,410,0,0,0,1246,15561,208,208,0,105,0,1254,212
 29520,0,16090,1169,848,1904,2379,529,15913,15686,0,0,519,1365,0,2627,1288,640,1149,103,410,0,0,0,1246,15561,208,208,0,105,0,1254,212
 29525,0,16095,1169,848,1904,2379,529,15913,15686,0,0,519,1365,0,2627,1288,640,1149,103,410,0,0,0,1246,15561,208,208,0,105,0,1254,212
 29530,0,16100,1169,848,1904,2379,529,15913,15686,0,0,519,1365,0,2627,1288,640,1149,103,410,0,0,0,1246,15561,208,208,0,105,0,1254,212
 29535,0,16105,1169,848,1904,2379,529,15913,15686,0,0,519,1365,0,2627,1288,640,1149,103,410,0,0,0,1246,15561,208,208,0,105,0,1254,212
 29540,0,16110,1169,848,1904,2379,529,15913,15686,0,0,519,1365,0,2627,1288,640,1149,103,410,0,0,0,1246,15561,208,208,0,105,0,1254,212
 29545,0,16113,1169,848,1904,2379,529,15913,15686,0,0,519,1365,0,2627,1288,640,1149,103,410,0,0,0,1246,15561,208,208,0,105,0,1254,212
 29550,0,16113,1169,848,1904,2379,529,15913,15686,0,0,519,1365,0,2627,1288,640,1149,103,410,0,0,0,1246,15561,208,208,0,105,0,1254,212
 29555,0,16113,1169,848,1904,2379,529,15913,15686,0,0,519,1365,0,2627,1288,640,1149,103,410,0,0,0,1246,15561,208,208,0,105,0,1254,212
 29560,0,16113,1169,848,1904,2379,529,15913,15686,0,0,519,1365,0,2627,1288,640,1149,103,410,0,0,0,1246,15561,208,208,0,105,0,1254,212
 29565,0,16113,1169,848,1904,2379,529,15913,15686,0,0,519,1365,0,2627,1288,640,1149,103,410,0,0,0,1246,15561,208,208,0,105,0,1254,212
 29570,0,16113,1169,848,1904,2379,529,15913,15686,0,0,519,1365,0,2627,1288,640,1149,103,410,0,0,0,1246,15561,208,208,0,105,0,1254,212
 29575,0,16113,1169,848,1904,2379,529,15913,15686,0,0,519,1365,0,2627,1288,640,1149,103,410,0,0,0,1246,15561,208,208,0,105,0,1254,212
 29580,0,16113,1169,848,1904,2379,529,15913,15686,0,0,519,1365,0,2627,1288,640,1149,103,410,0,0,0,1246,15561,208,208,0,105,0,1254,212
 29585,0,16113,1169,848,1904,2379,529,15913,15686,0,0,519,1365,0,2627,1288,640,1149,103,410,0,0,0,1246,15561,208,208,0,105,0,1254,212
 29590,0,16113,1169,848,1904,2379,529,15913,15686,0,0,519,1365,0,2627,1288,640,1149,103,410,0,0,0,1246,15561,208,208,0,105,0,1254,212
 29595,0,16114,1169,848,1904,2379,529,15913,15686,0,0,519,1365,0,2627,1288,640,1149,103,410,0,0,0,1246,15561,208,208,0,105,0,1254,212
 29600,0,16119,1169,848,1904,2379,529,15913,15686,0,0,519,1365,0,2627,1288,640,1149,103,410,0,0,0,1246,15561,208,208,0,105,0,1254,212
 29605,0,16124,1169,848,1904,2379,529,15913,15689,0,0,519,1365,0,2627,1288,640,1149,103,410,0,0,0,1246,15561,208,208,0,105,0,1254,212
 29610,0,16129,1169,848,1904,2379,529,15914,15694,0,0,519,1365,0,2627,1288,640,1149,103,410,0,0,0,1246,15561,208,208,0,105,0,1254,212
 29615,0,16134,1169,848,1904,2379,529,15919,15699,0,0,519,1365,0,2627,1288,640,1149,103,410,0,0,0,1246,15561,208,208,0,105,0,1254,212
 29620,0,16139,1169,848,1904,2379,529,15924,15704,0,0,519,1365,0,2627,1288,640,1149,103,410,0,0,0,1246,15561,208,208,0,105,0,1254,212
 29625,0,16144,1169,848,1904,2379,529,15929,15709,0,0,519,1365,0,2627,1288,640,1149,103,410,0,0,0,1246,15561,208,208,0,105,0,1254,212
 29630,0,16149,1169,848,1904,2379,529,15934,15714,0,0,519,1365,0,2627,1288,640,1149,103,410,0,0,0,1246,15561,208,208,0,105,0,1254,212
 29635,0,16154,1169,848,1904,2379,529,15939,15719,0,0,519,1365,0,2627,1288,640,1149,103,410,0,0,0,1246,15561,208,208,0,105,0,1254,212
 29640,0,16159,1169,848,1904,2379,529,15944,15724,0,0,519,1365,0,2627,1288,640,1149,103,410,0,0,0,1246,15561,208,208,0,105,0,1254,212
 29645,0,16164,1169,848,1904,2379,529,15949,15729,0,0,519,1365,0,2627,1288,640,1149,103,410,0,0,0,1246,15560,208,208,0,105,0,1254,212
 29650,0,16169,1169,848,1904,2379,529,15954,15734,0,0,519,1365,0,2627,1288,640,1149,103,410,0,0,0,1246,15565,208,208,0,105,0,1254,212
 29655,0,16174,1169,848,1904,2379,529,15959,15739,0,0,519,1365,0,2627,1288,640,1149,103,410,0,0,0,1246,15570,208,208,0,105,0,1254,212
 29660,0,16179,1169,848,1904,2379,529,15964,15744,0,0,519,1365,0,2627,1288,640,1149,103,410,0,0,0,1246,15575,208,208,0,105,0,1254,212
 29665,0,16184,1169,848,1904,2379,529,15969,15749,0,0,519,1365,0,2627,1288,640,1149,103,410,0,0,0,1246,15580,208,208,0,105,0,1254,212
 29670,0,16189,1169,848,1904,2379,529,15974,15754,0,0,519,1365,0,2627,1288,640,1149,103,410,0,0,0,1246,15585,208,208,0,105,0,1254,212
 29675,0,16194,1169,848,1904,2379,529,15979,15759,0,0,519,1365,0,2627,1288,640,1149,103,410,0,0,0,1246,15590,208,208,0,105,0,1254,212
 29680,0,16199,1169,848,1904,2379,529,15984,15764,0,0,519,1365,0,2627,1288,640,1149,103,410,0,0,0,1246,15595,208,208,0,105,0,1254,212
 29685,0,16204,1169,848,1904,2379,529,15989,15769,0,0,519,1365,0,2627,1288,640,1149,103,410,0,0,0,1246,15600,208,208,0,105,0,1254,212
 29690,0,16209,1169,848,1904,2379,529,15994,15774,0,0,519,1365,0,2627,1288,640,1149,103,410,0,0,0,1246,15605,208,208,0,105,0,1254,212
 29695,0,16214,1169,848,1904,2379,529,15999,15779,0,0,519,1365,0,2627,1288,640,1149,103,410,0,0,0,1246,15610,208,208,0,105,0,1254,212
 29700,0,16216,1169,848,1904,2379,529,16004,15784,0,0,519,1365,0,2627,1288,640,1149,103,410,0,0,0,1246,15615,208,208,0,105,0,1254,212
 29705,0,16216,1169,848,1904,2379,529,16009,15789,0,0,519,1365,0,2627,1288,640,1149,103,410,0,0,0,1246,15620,208,208,0,105,0,1254,212
 29710,0,16216,1169,848,1904,2379,529,16014,15789,0,0,519,1365,0,2627,1288,640,1149,103,410,0,0,0,1246,15625,208,208,0,105,0,1254,212
 29715,0,16216,1169,848,1904,2379,529,16018,15789,0,0,519,1365,0,2627,1288,640,1149,103,410,0,0,0,1246,15630,208,208,0,105,0,1254,212
 29720,0,16216,1169,848,1904,2379,529,16018,15789,0,0,519,1365,0,2627,1288,640,1149,103,410,0,0,0,1246,15635,208,208,0,105,0,1254,212
 29725,0,16216,1169,848,1904,2379,529,16018,15789,0,0,519,1365,0,2627,1288,640,1149,103,410,0,0,0,1246,15640,208,208,0,105,0,1254,212
 29730,0,16216,1169,848,1904,2379,529,16018,15789,0,0,519,1365,0,2627,1288,640,1149,103,410,0,0,0,1246,15645,208,208,0,105,0,1254,212
 29735,0,16216,1169,848,1904,2379,529,16018,15789,0,0,519,1365,0,2627,1288,640,1149,103,410,0,0,0,1246,15650,208,208,0,105,0,1254,212
 29740,0,16217,1169,848,1904,2379,529,16018,15789,0,0,519,1365,0,2627,1288,640,1149,103,410,0,0,0,1246,15655,208,208,0,105,0,1254,212
 29745,0,16222,1169,848,1904,2379,529,16018,15789,0,0,519,1365,0,2627,1288,640,1149,103,410,0,0,0,1246,15660,208,208,0,105,0,1254,212
 29750,0,16227,1169,848,1904,2379,529,16018,15789,0,0,519,1365,0,2627,1288,640,1149,103,410,0,0,0,1246,15664,208,208,0,105,0,1254,212
 29755,0,16232,1169,848,1904,2379,529,16018,15789,0,0,519,1365,0,2627,1288,640,1149,103,410,0,0,0,1246,15664,208,208,0,105,0,1254,212
 29760,0,16237,1169,848,1904,2379,529,16018,15789,0,0,519,1365,0,2627,1288,640,1149,103,410,0,0,0,1246,15664,208,208,0,105,0,1254,212
 29765,0,16242,1169,848,1904,2379,529,16018,15789,0,0,519,1365,0,2627,1288,640,1149,103,410,0,0,0,1246,15664,208,208,0,105,0,1254,212
 29770,0,16247,1169,848,1904,2379,529,16018,15789,0,0,519,1365,0,2627,1288,640,1149,103,410,0,0,0,1246,15664,208,208,0,105,0,1254,212
 29775,0,16252,1169,848,1904,2379,529,16018,15789,0,0,519,1365,0,2627,1288,640,1149,103,410,0,0,0,1246,15664,208,208,0,105,0,1254,212
 29780,0,16257,1169,848,1904,2379,529,16018,15789,0,0,519,1365,0,2627,1288,640,1149,103,410,0,0,0,1246,15664,208,208,0,105,0,1254,212
 29785,0,16262,1169,848,1904,2379,529,16018,15789,0,0,519,1365,0,2627,1288,640,1149,103,410,0,0,0,1246,15664,208,208,0,105,0,1254,212
 29790,0,16267,1169,848,1904,2379,529,16018,15789,0,0,519,1365,0,2627,1288,640,1149,103,410,0,0,0,1246,15664,208,208,0,105,0,1254,212
 29795,0,16272,1169,848,1904,2379,529,16018,15789,0,0,519,1365,0,2627,1288,640,1149,103,410,0,0,0,1246,15664,208,208,0,105,0,1254,212
 29800,0,16277,1169,848,1904,2379,529,16018,15789,0,0,519,1365,0,2627,1288,640,1149,103,410,0,0,0,1246,15664,208,208,0,105,0,1254,212
 29805,0,16282,1169,848,1904,2379,529,16018,15789,0,0,519,1365,0,2627,1288,640,1149,103,410,0,0,0,1246,15664,208,208,0,105,0,1254,212
 29810,0,16287,1169,848,1904,2379,529,16018,15789,0,0,519,1365,0,2627,1288,640,1149,103,410,0,0,0,1246,15664,208,208,0,105,0,1254,212
 29815,0,16292,1169,848,1904,2379,529,16018,15789,0,0,519,1365,0,2627,1288,640,1149,103,410,0,0,0,1246,15664,208,208,0,105,0,1254,212
 29820,0,16297,1169,848,1904,2379,529,16018,15789,0,0,519,1365,0,2627,1288,640,1149,103,410,0,0,0,1246,15664,208,208,0,105,0,1254,212
 29825,0,16302,1169,848,1904,2379,529,16018,15789,0,0,519,1365,0,2627,1288,640,1149,103,410,0,0,0,1246,15664,208,208,0,105,0,1254,212
 29830,0,16307,1169,848,1904,2379,529,16018,15794,0,0,519,1365,0,2627,1288,640,1149,103,410,0,0,0,1246,15664,208,208,0,105,0,1254,212
 29835,0,16312,1169,848,1904,2379,529,16018,15799,0,0,519,1365,0,2627,1288,640,1149,103,410,0,0,0,1246,15664,208,208,0,105,0,1254,212
 29840,0,16317,1169,848,1904,2379,529,16018,15804,0,0,519,1365,0,2627,1288,640,1149,103,410,0,0,0,1246,15664,208,208,0,105,0,1254,212
 29845,0,16317,1169,848,1904,2379,529,16018,15809,0,0,519,1365,0,2627,1288,640,1149,103,410,0,0,0,1246,15664,208,208,0,105,0,1254,212
 29850,0,16317,1169,848,1904,2379,529,16018,15814,0,0,519,1365,0,2627,1288,640,1149,103,410,0,0,0,1246,15664,208,208,0,105,0,1254,212
 29855,0,16317,1169,848,1904,2379,529,16017,15819,0,0,519,1365,0,2627,1288,640,1149,103,410,0,0,0,1246,15664,208,208,0,105,0,1254,212
 29860,0,16317,1169,848,1904,2379,529,16022,15824,0,0,519,1365,0,2627,1288,640,1149,103,410,0,0,0,1246,15664,208,208,0,105,0,1254,212
 29865,0,16317,1169,848,1904,2379,529,16027,15829,0,0,519,1365,0,2627,1288,640,1149,103,410,0,0,0,1246,15663,208,208,0,105,0,1254,212
 29870,0,16317,1169,848,1904,2379,529,16032,15834,0,0,519,1365,0,2627,1288,640,1149,103,410,0,0,0,1246,15668,208,208,0,105,0,1254,212
 29875,0,16317,1169,848,1904,2379,529,16037,15839,0,0,519,1365,0,2627,1288,640,1149,103,410,0,0,0,1246,15673,208,208,0,105,0,1254,212
 29880,0,16317,1169,848,1904,2379,529,16042,15844,0,0,519,1365,0,2627,1288,640,1149,103,410,0,0,0,1246,15678,208,208,0,105,0,1254,212
 29885,0,16317,1169,848,1904,2379,529,16047,15849,0,0,519,1365,0,2627,1288,640,1149,103,410,0,0,0,1246,15683,208,208,0,105,0,1254,212
 29890,0,16317,1169,848,1904,2379,529,16052,15854,0,0,519,1365,0,2627,1288,640,1149,103,410,0,0,0,1246,15688,208,208,0,105,0,1254,212
 29895,0,16317,1169,848,1904,2379,529,16057,15859,0,0,519,1365,0,2627,1288,640,1149,103,410,0,0,0,1246,15693,208,208,0,105,0,1254,212
 29900,0,16317,1169,848,1904,2379,529,16062,15864,0,0,519,1365,0,2627,1288,640,1149,103,410,0,0,0,1246,15698,208,208,0,105,0,1254,212
 29905,0,16317,1169,848,1904,2379,529,16067,15869,0,0,519,1365,0,2627,1288,640,1149,103,410,0,0,0,1246,15703,208,208,0,105,0,1254,212
 29910,0,16319,1169,848,1904,2379,529,16072,15874,0,0,519,1365,0,2627,1288,640,1149,103,410,0,0,0,1246,15708,208,208,0,105,0,1254,212
 29915,0,16324,1169,848,1904,2379,529,16077,15879,0,0,519,1365,0,2627,1288,640,1149,103,410,0,0,0,1246,15713,208,208,0,105,0,1254,212
 29920,0,16329,1169,848,1904,2379,529,16082,15884,0,0,519,1365,0,2627,1288,640,1149,103,410,0,0,0,1246,15718,208,208,0,105,0,1254,212
 29925,0,16334,1169,848,1904,2379,529,16087,15889,0,0,519,1365,0,2627,1288,640,1149,103,410,0,0,0,1246,15723,208,208,0,105,0,1254,212
 29930,0,16339,1169,848,1904,2379,529,16092,15894,0,0,519,1365,0,2627,1288,640,1149,103,410,0,0,0,1246,15728,208,208,0,105,0,1254,212
 29935,0,16344,1169,848,1904,2379,529,16097,15894,0,0,519,1365,0,2627,1288,640,1149,103,410,0,0,0,1246,15733,208,208,0,105,0,1254,212
 29940,0,16349,1169,848,1904,2379,529,16102,15894,0,0,519,1365,0,2627,1288,640,1149,103,410,0,0,0,1246,15738,208,208,0,105,0,1254,212
 29945,0,16354,1169,848,1904,2379,529,16107,15894,0,0,519,1365,0,2627,1288,640,1149,103,410,0,0,0,1246,15743,208,208,0,105,0,1254,212
 29950,0,16359,1169,848,1904,2379,529,16112,15894,0,0,519,1365,0,2627,1288,640,1149,103,410,0,0,0,1246,15748,208,208,0,105,0,1254,212
 29955,0,16364,1169,848,1904,2379,529,16117,15894,0,0,519,1365,0,2627,1288,640,1149,103,410,0,0,0,1246,15753,208,208,0,105,0,1254,212
 29960,0,16369,1169,848,1904,2379,529,16123,15894,0,0,519,1365,0,2627,1288,640,1149,103,410,0,0,0,1246,15758,208,208,0,105,0,1254,212
 29965,0,16374,1169,848,1904,2379,529,16123,15894,0,0,519,1365,0,2627,1288,640,1149,103,410,0,0,0,1246,15763,208,208,0,105,0,1254,212
 29970,0,16379,1169,848,1904,2379,529,16123,15894,0,0,519,1365,0,2627,1288,640,1149,103,410,0,0,0,1246,15769,208,208,0,105,0,1254,212
 29975,0,16384,1169,848,1904,2379,529,16123,15894,0,0,519,1365,0,2627,1288,640,1149,103,410,0,0,0,1246,15769,208,208,0,105,0,1254,212
 29980,0,16389,1169,848,1904,2379,529,16123,15894,0,0,519,1365,0,2627,1288,640,1149,103,410,0,0,0,1246,15769,208,208,0,105,0,1254,212
 29985,0,16394,1169,848,1904,2379,529,16123,15894,0,0,519,1365,0,2627,1288,640,1149,103,410,0,0,0,1246,15769,208,208,0,105,0,1254,212
 29990,0,16399,1169,848,1904,2379,529,16123,15894,0,0,519,1365,0,2627,1288,640,1149,103,410,0,0,0,1246,15769,208,208,0,105,0,1254,212
 29995,0,16404,1169,848,1904,2379,529,16123,15894,0,0,519,1365,0,2627,1288,640,1149,103,410,0,0,0,1246,15769,208,208,0,105,0,1254,212
 30000,0,16409,1169,848,1904,2379,529,16123,15894,0,0,519,1365,0,2627,1288,640,1149,103,410,0,0,0,1246,15769,208,208,0,105,0,1254,212
 30005,0,16414,1169,848,1904,2379,529,16123,15894,0,0,519,1365,0,2627,1288,640,1149,103,410,0,0,0,1246,15769,208,208,0,105,0,1254,212
 30010,0,16420,1169,848,1904,2379,529,16123,15894,0,0,519,1365,0,2627,1288,640,1149,103,410,0,0,0,1246,15769,208,208,0,105,0,1254,212
 30015,0,16420,1169,848,1904,2379,529,16123,15894,0,0,519,1365,0,2627,1288,640,1149,103,410,0,0,0,1246,15769,208,208,0,105,0,1254,212
 30020,0,16420,1169,848,1904,2379,529,16123,15894,0,0,519,1365,0,2627,1288,640,1149,103,410,0,0,0,1246,15769,208,208,0,105,0,1254,212
 30025,0,16420,1169,848,1904,2379,529,16123,15894,0,0,519,1365,0,2627,1288,640,1149,103,410,0,0,0,1246,15769,208,208,0,105,0,1254,212
 30030,0,16420,1169,848,1904,2379,529,16123,15894,0,0,519,1365,0,2627,1288,640,1149,103,410,0,0,0,1246,15769,208,208,0,105,0,1254,212
 30035,0,16420,1169,848,1904,2379,529,16123,15894,0,0,519,1365,0,2627,1288,640,1149,103,410,0,0,0,1246,15769,208,208,0,105,0,1254,212
 30040,0,16420,1169,848,1904,2379,529,16123,15894,0,0,519,1365,0,2627,1288,640,1149,103,410,0,0,0,1246,15769,208,208,0,105,0,1254,212
 30045,0,16420,1169,848,1904,2379,529,16123,15894,0,0,519,1365,0,2627,1288,640,1149,103,410,0,0,0,1246,15769,208,208,0,105,0,1254,212
 30050,0,16420,1169,848,1904,2379,529,16123,15894,0,0,519,1365,0,2627,1288,640,1149,103,410,0,0,0,1246,15769,208,208,0,105,0,1254,212
 30055,0,16420,1169,848,1904,2379,529,16123,15894,0,0,519,1365,0,2627,1288,640,1149,103,410,0,0,0,1246,15769,208,208,0,105,0,1254,212
 30060,0,16420,1169,848,1904,2379,529,16123,15894,0,0,519,1365,0,2627,1288,640,1149,103,410,0,0,0,1246,15769,208,208,0,105,0,1254,212
 30065,0,16420,1169,848,1904,2379,529,16123,15894,0,0,519,1365,0,2627,1288,640,1149,103,410,0,0,0,1246,15769,208,208,0,105,0,1254,212
 30070,0,16420,1169,848,1904,2379,529,16123,15894,0,0,519,1365,0,2627,1288,640,1149,103,410,0,0,0,1246,15769,208,208,0,105,0,1254,212
 30075,0,16420,1169,848,1904,2379,529,16123,15894,0,0,519,1365,0,2627,1288,640,1149,103,410,0,0,0,1246,15769,208,208,0,105,0,1254,212
 30080,0,16420,1169,848,1904,2379,529,16123,15894,0,0,519,1365,0,2627,1288,640,1149,103,410,0,0,0,1246,15769,208,208,0,105,0,1254,212
 30085,0,16420,1169,848,1904,2379,529,16123,15894,0,0,519,1365,0,2627,1288,640,1149,103,410,0,0,0,1246,15769,208,208,0,105,0,1254,212
 30090,0,16420,1169,848,1904,2379,529,16123,15894,0,0,519,1365,0,2627,1288,640,1149,103,410,0,0,0,1246,15772,208,208,0,105,0,1254,212
 30095,0,16420,1169,848,1904,2379,529,16123,15894,0,0,519,1365,0,2627,1288,640,1149,103,410,0,0,0,1246,15777,208,208,0,105,0,1254,212
 30100,0,16420,1169,848,1904,2379,529,16123,15894,0,0,519,1365,0,2627,1288,640,1149,103,410,0,0,0,1246,15782,208,208,0,105,0,1254,212
 30105,0,16420,1169,848,1904,2379,529,16123,15894,0,0,519,1365,0,2627,1288,640,1149,103,410,0,0,0,1246,15787,208,208,0,105,0,1254,212
 30110,0,16420,1169,848,1904,2379,529,16123,15896,0,0,519,1365,0,2627,1288,640,1149,103,410,0,0,0,1246,15792,208,208,0,105,0,1254,212
 30115,0,16420,1169,848,1904,2379,529,16126,15901,0,0,519,1365,0,2627,1288,640,1149,103,410,0,0,0,1246,15797,208,208,0,105,0,1254,212
 30120,0,16420,1169,848,1904,2379,529,16131,15906,0,0,519,1365,0,2627,1288,640,1149,103,410,0,0,0,1246,15802,208,208,0,105,0,1254,212
 30125,0,16421,1169,848,1904,2379,529,16136,15911,0,0,519,1365,0,2627,1288,640,1149,103,410,0,0,0,1246,15807,208,208,0,105,0,1254,212
 30130,0,16426,1169,848,1904,2379,529,16141,15916,0,0,519,1365,0,2627,1288,640,1149,103,410,0,0,0,1246,15812,208,208,0,105,0,1254,212
 30135,0,16431,1169,848,1904,2379,529,16146,15921,0,0,519,1365,0,2627,1288,640,1149,103,410,0,0,0,1246,15817,208,208,0,105,0,1254,212
 30140,0,16436,1169,848,1904,2379,529,16151,15926,0,0,519,1365,0,2627,1288,640,1149,103,410,0,0,0,1246,15822,208,208,0,105,0,1254,212
 30145,0,16441,1169,848,1904,2379,529,16156,15931,0,0,519,1365,0,2627,1288,640,1149,103,410,0,0,0,1246,15827,208,208,0,105,0,1254,212
 30150,0,16446,1169,848,1904,2379,529,16161,15936,0,0,519,1365,0,2627,1288,640,1149,103,410,0,0,0,1246,15832,208,208,0,105,0,1254,212
 30155,0,16451,1169,848,1904,2379,529,16166,15941,0,0,519,1365,0,2627,1288,640,1149,103,410,0,0,0,1246,15837,208,208,0,105,0,1254,212
 30160,0,16456,1169,848,1904,2379,529,16171,15946,0,0,519,1365,0,2627,1288,640,1149,103,410,0,0,0,1246,15842,208,208,0,105,0,1254,212
 30165,0,16461,1169,848,1904,2379,529,16176,15951,0,0,519,1365,0,2627,1288,640,1149,103,410,0,0,0,1246,15847,208,208,0,105,0,1254,212
 30170,0,16466,1169,848,1904,2379,529,16181,15956,0,0,519,1365,0,2627,1288,640,1149,103,410,0,0,0,1246,15852,208,208,0,105,0,1254,212
 30175,0,16471,1169,848,1904,2379,529,16186,15961,0,0,519,1365,0,2627,1288,640,1149,103,410,0,0,0,1246,15857,208,208,0,105,0,1254,212
 30180,0,16476,1169,848,1904,2379,529,16191,15966,0,0,519,1365,0,2627,1288,640,1149,103,410,0,0,0,1246,15862,208,208,0,105,0,1254,212
 30185,0,16481,1169,848,1904,2379,529,16196,15971,0,0,519,1365,0,2627,1288,640,1149,103,410,0,0,0,1246,15867,208,208,0,105,0,1254,212
 30190,0,16486,1169,848,1904,2379,529,16201,15976,0,0,519,1365,0,2627,1288,640,1149,103,410,0,0,0,1246,15872,208,208,0,105,0,1254,212
 30195,0,16491,1169,848,1904,2379,529,16206,15981,0,0,519,1365,0,2627,1288,640,1149,103,410,0,0,0,1246,15874,208,208,0,105,0,1254,212
 30200,0,16496,1169,848,1904,2379,529,16211,15986,0,0,519,1365,0,2627,1288,640,1149,103,410,0,0,0,1246,15874,208,208,0,105,0,1254,212
 30205,0,16501,1169,848,1904,2379,529,16216,15991,0,0,519,1365,0,2627,1288,640,1149,103,410,0,0,0,1246,15874,208,208,0,105,0,1254,212
 30210,0,16506,1169,848,1904,2379,529,16221,15996,0,0,519,1365,0,2627,1288,640,1149,103,410,0,0,0,1246,15874,208,208,0,105,0,1254,212
 30215,0,16511,1169,848,1904,2379,529,16226,15999,0,0,519,1365,0,2627,1288,640,1149,103,410,0,0,0,1246,15874,208,208,0,105,0,1254,212
 30220,0,16516,1169,848,1904,2379,529,16228,15999,0,0,519,1365,0,2627,1288,640,1149,103,410,0,0,0,1246,15874,208,208,0,105,0,1254,212
 30225,0,16521,1169,848,1904,2379,529,16228,15999,0,0,519,1365,0,2627,1288,640,1149,103,410,0,0,0,1246,15874,208,208,0,105,0,1254,212
 30230,0,16525,1169,848,1904,2379,529,16228,15999,0,0,519,1365,0,2627,1288,640,1149,103,410,0,0,0,1246,15874,208,208,0,105,0,1254,212
 30235,0,16525,1169,848,1904,2379,529,16228,15999,0,0,519,1365,0,2627,1288,640,1149,103,410,0,0,0,1246,15874,208,208,0,105,0,1254,212
 30240,0,16525,1169,848,1904,2379,529,16228,15999,0,0,519,1365,0,2627,1288,640,1149,103,410,0,0,0,1246,15874,208,208,0,105,0,1254,212
 30245,0,16525,1169,848,1904,2379,529,16228,15999,0,0,519,1365,0,2627,1288,640,1149,103,410,0,0,0,1246,15874,208,208,0,105,0,1254,212
 30250,0,16525,1169,848,1904,2379,529,16228,15999,0,0,519,1365,0,2627,1288,640,1149,103,410,0,0,0,1246,15874,208,208,0,105,0,1254,212
 30255,0,16525,1169,848,1904,2379,529,16228,15999,0,0,519,1365,0,2627,1288,640,1149,103,410,0,0,0,1246,15874,208,208,0,105,0,1254,212
 30260,0,16525,1169,848,1904,2379,529,16228,15999,0,0,519,1365,0,2627,1288,640,1149,103,410,0,0,0,1246,15874,208,208,0,105,0,1254,212
 30265,0,16525,1169,848,1904,2379,529,16228,15999,0,0,519,1365,0,2627,1288,640,1149,103,410,0,0,0,1246,15874,208,208,0,105,0,1254,212
 30270,0,16525,1169,848,1904,2379,529,16228,15999,0,0,519,1365,0,2627,1288,640,1149,103,410,0,0,0,1246,15874,208,208,0,105,0,1254,212
 30275,0,16525,1169,848,1904,2379,529,16228,15999,0,0,519,1365,0,2627,1288,640,1149,103,410,0,0,0,1246,15874,208,208,0,105,0,1254,212
 30280,0,16525,1169,848,1904,2379,529,16228,15999,0,0,519,1365,0,2627,1288,640,1149,103,410,0,0,0,1246,15874,208,208,0,105,0,1254,212
 30285,0,16525,1169,848,1904,2379,529,16228,15999,0,0,519,1365,0,2627,1288,640,1149,103,410,0,0,0,1246,15874,208,208,0,105,0,1254,212
 30290,0,16525,1169,848,1904,2379,529,16228,15999,0,0,519,1365,0,2627,1288,640,1149,103,410,0,0,0,1246,15874,208,208,0,105,0,1254,212
 30295,0,16525,1169,848,1904,2379,529,16228,15999,0,0,519,1365,0,2627,1288,640,1149,103,410,0,0,0,1246,15874,208,208,0,105,0,1254,212
 30300,0,16525,1169,848,1904,2379,529,16228,15999,0,0,519,1365,0,2627,1288,640,1149,103,410,0,0,0,1246,15874,208,208,0,105,0,1254,212
 30305,0,16525,1169,848,1904,2379,529,16228,15999,0,0,519,1365,0,2627,1288,640,1149,103,410,0,0,0,1246,15874,208,208,0,105,0,1254,212
 30310,0,16525,1169,848,1904,2379,529,16228,15999,0,0,519,1365,0,2627,1288,640,1149,103,410,0,0,0,1246,15879,208,208,0,105,0,1254,212
 30315,0,16525,1169,848,1904,2379,529,16228,15999,0,0,519,1365,0,2627,1288,640,1149,103,410,0,0,0,1246,15884,208,208,0,105,0,1254,212
 30320,0,16525,1169,848,1904,2379,529,16231,15999,0,0,519,1365,0,2627,1288,640,1149,103,410,0,0,0,1246,15889,208,208,0,105,0,1254,212
 30325,0,16525,1169,848,1904,2379,529,16236,15999,0,0,519,1365,0,2627,1288,640,1149,103,410,0,0,0,1246,15894,208,208,0,105,0,1254,212
 30330,0,16525,1169,848,1904,2379,529,16241,15999,0,0,519,1365,0,2627,1288,640,1149,103,410,0,0,0,1246,15899,208,208,0,105,0,1254,212
 30335,0,16525,1169,848,1904,2379,529,16246,16001,0,0,519,1365,0,2627,1288,640,1149,103,410,0,0,0,1246,15904,208,208,0,105,0,1254,212
 30340,0,16525,1169,848,1904,2379,529,16251,16006,0,0,519,1365,0,2627,1288,640,1149,103,410,0,0,0,1246,15909,208,208,0,105,0,1254,212
 30345,0,16525,1169,848,1904,2379,529,16256,16011,0,0,519,1365,0,2627,1288,640,1149,103,410,0,0,0,1246,15914,208,208,0,105,0,1254,212
 30350,0,16527,1169,848,1904,2379,529,16261,16016,0,0,519,1365,0,2627,1288,640,1149,103,410,0,0,0,1246,15919,208,208,0,105,0,1254,212
 30355,0,16532,1169,848,1904,2379,529,16266,16021,0,0,519,1365,0,2627,1288,640,1149,103,410,0,0,0,1246,15924,208,208,0,105,0,1254,212
 30360,0,16537,1169,848,1904,2379,529,16271,16026,0,0,519,1365,0,2627,1288,640,1149,103,410,0,0,0,1246,15929,208,208,0,105,0,1254,212
 30365,0,16542,1169,848,1904,2379,529,16276,16031,0,0,519,1365,0,2627,1288,640,1149,103,410,0,0,0,1246,15934,208,208,0,105,0,1254,212
 30370,0,16547,1169,848,1904,2379,529,16281,16036,0,0,519,1365,0,2627,1288,640,1149,103,410,0,0,0,1246,15939,208,208,0,105,0,1254,212
 30375,0,16552,1169,848,1904,2379,529,16286,16041,0,0,519,1365,0,2627,1288,640,1149,103,410,0,0,0,1246,15944,208,208,0,105,0,1254,212
 30380,0,16557,1169,848,1904,2379,529,16291,16046,0,0,519,1365,0,2627,1288,640,1149,103,410,0,0,0,1246,15949,208,208,0,105,0,1254,212
 30385,0,16562,1169,848,1904,2379,529,16296,16051,0,0,519,1365,0,2627,1288,640,1149,103,410,0,0,0,1246,15954,208,208,0,105,0,1254,212
 30390,0,16567,1169,848,1904,2379,529,16301,16056,0,0,519,1365,0,2627,1288,640,1149,103,410,0,0,0,1246,15959,208,208,0,105,0,1254,212
 30395,0,16572,1169,848,1904,2379,529,16306,16061,0,0,519,1365,0,2627,1288,640,1149,103,410,0,0,0,1246,15964,208,208,0,105,0,1254,212
 30400,0,16577,1169,848,1904,2379,529,16311,16066,0,0,519,1365,0,2627,1288,640,1149,103,410,0,0,0,1246,15969,208,208,0,105,0,1254,212
 30405,0,16582,1169,848,1904,2379,529,16316,16071,0,0,519,1365,0,2627,1288,640,1149,103,410,0,0,0,1246,15974,208,208,0,105,0,1254,212
 30410,0,16587,1169,848,1904,2379,529,16321,16076,0,0,519,1365,0,2627,1288,640,1149,103,410,0,0,0,1246,15977,208,208,0,105,0,1254,212
 30415,0,16592,1169,848,1904,2379,529,16326,16081,0,0,519,1365,0,2627,1288,640,1149,103,410,0,0,0,1246,15977,208,208,0,105,0,1254,212
 30420,0,16597,1169,848,1904,2379,529,16331,16086,0,0,519,1365,0,2627,1288,640,1149,103,410,0,0,0,1246,15977,208,208,0,105,0,1254,212
 30425,0,16602,1169,848,1904,2379,529,16333,16091,0,0,519,1365,0,2627,1288,640,1149,103,410,0,0,0,1246,15977,208,208,0,105,0,1254,212
 30430,0,16607,1169,848,1904,2379,529,16333,16096,0,0,519,1365,0,2627,1288,640,1149,103,410,0,0,0,1246,15977,208,208,0,105,0,1254,212
 30435,0,16612,1169,848,1904,2379,529,16333,16100,0,0,519,1365,0,2627,1288,640,1149,103,410,0,0,0,1246,15977,208,208,0,105,0,1254,212
 30440,0,16617,1169,848,1904,2379,529,16333,16100,0,0,519,1365,0,2627,1288,640,1149,103,410,0,0,0,1246,15977,208,208,0,105,0,1254,212
 30445,0,16622,1169,848,1904,2379,529,16333,16100,0,0,519,1365,0,2627,1288,640,1149,103,410,0,0,0,1246,15977,208,208,0,105,0,1254,212
 30450,0,16627,1169,848,1904,2379,529,16333,16100,0,0,519,1365,0,2627,1288,640,1149,103,410,0,0,0,1246,15977,208,208,0,105,0,1254,212
 30455,0,16630,1169,848,1904,2379,529,16333,16100,0,0,519,1365,0,2627,1288,640,1149,103,410,0,0,0,1246,15977,208,208,0,105,0,1254,212
 30460,0,16630,1169,848,1904,2379,529,16333,16100,0,0,519,1365,0,2627,1288,640,1149,103,410,0,0,0,1246,15977,208,208,0,105,0,1254,212
 30465,0,16630,1169,848,1904,2379,529,16333,16100,0,0,519,1365,0,2627,1288,640,1149,103,410,0,0,0,1246,15977,208,208,0,105,0,1254,212
 30470,0,16630,1169,848,1904,2379,529,16333,16100,0,0,519,1365,0,2627,1288,640,1149,103,410,0,0,0,1246,15977,208,208,0,105,0,1254,212
 30475,0,16630,1169,848,1904,2379,529,16333,16100,0,0,519,1365,0,2627,1288,640,1149,103,410,0,0,0,1246,15977,208,208,0,105,0,1254,212
 30480,0,16630,1169,848,1904,2379,529,16333,16100,0,0,519,1365,0,2627,1288,640,1149,103,410,0,0,0,1246,15977,208,208,0,105,0,1254,212
 30485,0,16630,1169,848,1904,2379,529,16333,16100,0,0,519,1365,0,2627,1288,640,1149,103,410,0,0,0,1246,15977,208,208,0,105,0,1254,212
 30490,0,16630,1169,848,1904,2379,529,16333,16100,0,0,519,1365,0,2627,1288,640,1149,103,410,0,0,0,1246,15977,208,208,0,105,0,1254,212
 30495,0,16630,1169,848,1904,2379,529,16333,16100,0,0,519,1365,0,2627,1288,640,1149,103,410,0,0,0,1246,15977,208,208,0,105,0,1254,212
 30500,0,16630,1169,848,1904,2379,529,16333,16100,0,0,519,1365,0,2627,1288,640,1149,103,410,0,0,0,1246,15977,208,208,0,105,0,1254,212
 30505,0,16630,1169,848,1904,2379,529,16333,16100,0,0,519,1365,0,2627,1288,640,1149,103,410,0,0,0,1246,15977,208,208,0,105,0,1254,212
 30510,0,16630,1169,848,1904,2379,529,16333,16100,0,0,519,1365,0,2627,1288,640,1149,103,410,0,0,0,1246,15977,208,208,0,105,0,1254,212
 30515,0,16630,1169,848,1904,2379,529,16333,16103,0,0,519,1365,0,2627,1288,640,1149,103,410,0,0,0,1246,15980,208,208,0,105,0,1254,212
 30520,0,16630,1169,848,1904,2379,529,16336,16108,0,0,519,1365,0,2627,1288,640,1149,103,410,0,0,0,1246,15985,208,208,0,105,0,1254,212
 30525,0,16630,1169,848,1904,2379,529,16341,16113,0,0,519,1365,0,2627,1288,640,1149,103,410,0,0,0,1246,15990,208,208,0,105,0,1254,212
 30530,0,16630,1169,848,1904,2379,529,16346,16118,0,0,519,1365,0,2627,1288,640,1149,103,410,0,0,0,1246,15995,208,208,0,105,0,1254,212
 30535,0,16630,1169,848,1904,2379,529,16351,16123,0,0,519,1365,0,2627,1288,640,1149,103,410,0,0,0,1246,16000,208,208,0,105,0,1254,212
 30540,0,16632,1169,848,1904,2379,529,16356,16128,0,0,519,1365,0,2627,1288,640,1149,103,410,0,0,0,1246,16005,208,208,0,105,0,1254,212
 30545,0,16637,1169,848,1904,2379,529,16361,16133,0,0,519,1365,0,2627,1288,640,1149,103,410,0,0,0,1246,16010,208,208,0,105,0,1254,212
 30550,0,16642,1169,848,1904,2379,529,16366,16138,0,0,519,1365,0,2627,1288,640,1149,103,410,0,0,0,1246,16015,208,208,0,105,0,1254,212
 30555,0,16647,1169,848,1904,2379,529,16371,16143,0,0,519,1365,0,2627,1288,640,1149,103,410,0,0,0,1246,16020,208,208,0,105,0,1254,212
 30560,0,16652,1169,848,1904,2379,529,16376,16148,0,0,519,1365,0,2627,1288,640,1149,103,410,0,0,0,1246,16025,208,208,0,105,0,1254,212
 30565,0,16657,1169,848,1904,2379,529,16381,16153,0,0,519,1365,0,2627,1288,640,1149,103,410,0,0,0,1246,16030,208,208,0,105,0,1254,212
 30570,0,16662,1169,848,1904,2379,529,16386,16158,0,0,519,1365,0,2627,1288,640,1149,103,410,0,0,0,1246,16035,208,208,0,105,0,1254,212
 30575,0,16667,1169,848,1904,2379,529,16391,16163,0,0,519,1365,0,2627,1288,640,1149,103,410,0,0,0,1246,16040,208,208,0,105,0,1254,212
 30580,0,16672,1169,848,1904,2379,529,16396,16168,0,0,519,1365,0,2627,1288,640,1149,103,410,0,0,0,1246,16045,208,208,0,105,0,1254,212
 30585,0,16677,1169,848,1904,2379,529,16401,16173,0,0,519,1365,0,2627,1288,640,1149,103,410,0,0,0,1246,16050,208,208,0,105,0,1254,212
 30590,0,16682,1169,848,1904,2379,529,16406,16178,0,0,519,1365,0,2627,1288,640,1149,103,410,0,0,0,1246,16055,208,208,0,105,0,1254,212
 30595,0,16687,1169,848,1904,2379,529,16411,16183,0,0,519,1365,0,2627,1288,640,1149,103,410,0,0,0,1246,16060,208,208,0,105,0,1254,212
 30600,0,16692,1169,848,1904,2379,529,16416,16188,0,0,519,1365,0,2627,1288,640,1149,103,410,0,0,0,1246,16065,208,208,0,105,0,1254,212
 30605,0,16697,1169,848,1904,2379,529,16421,16193,0,0,519,1365,0,2627,1288,640,1149,103,410,0,0,0,1246,16070,208,208,0,105,0,1254,212
 30610,0,16702,1169,848,1904,2379,529,16426,16198,0,0,519,1365,0,2627,1288,640,1149,103,410,0,0,0,1246,16075,208,208,0,105,0,1254,212
 30615,0,16707,1169,848,1904,2379,529,16431,16203,0,0,519,1365,0,2627,1288,640,1149,103,410,0,0,0,1246,16078,208,208,0,105,0,1254,212
 30620,0,16712,1169,848,1904,2379,529,16436,16205,0,0,519,1365,0,2627,1288,640,1149,103,410,0,0,0,1246,16078,208,208,0,105,0,1254,212
 30625,0,16717,1169,848,1904,2379,529,16440,16205,0,0,519,1365,0,2627,1288,640,1149,103,410,0,0,0,1246,16078,208,208,0,105,0,1254,212
 30630,0,16722,1169,848,1904,2379,529,16440,16205,0,0,519,1365,0,2627,1288,640,1149,103,410,0,0,0,1246,16078,208,208,0,105,0,1254,212
 30635,0,16727,1169,848,1904,2379,529,16440,16205,0,0,519,1365,0,2627,1288,640,1149,103,410,0,0,0,1246,16078,208,208,0,105,0,1254,212
 30640,0,16732,1169,848,1904,2379,529,16440,16205,0,0,519,1365,0,2627,1288,640,1149,103,410,0,0,0,1246,16078,208,208,0,105,0,1254,212
 30645,0,16735,1169,848,1904,2379,529,16440,16205,0,0,519,1365,0,2627,1288,640,1149,103,410,0,0,0,1246,16078,208,208,0,105,0,1254,212
 30650,0,16735,1169,848,1904,2379,529,16440,16205,0,0,519,1365,0,2627,1288,640,1149,103,410,0,0,0,1246,16078,208,208,0,105,0,1254,212
 30655,0,16735,1169,848,1904,2379,529,16440,16205,0,0,519,1365,0,2627,1288,640,1149,103,410,0,0,0,1246,16078,208,208,0,105,0,1254,212
 30660,0,16735,1169,848,1904,2379,529,16440,16205,0,0,519,1365,0,2627,1288,640,1149,103,410,0,0,0,1246,16078,208,208,0,105,0,1254,212
 30665,0,16735,1169,848,1904,2379,529,16440,16205,0,0,519,1365,0,2627,1288,640,1149,103,410,0,0,0,1246,16078,208,208,0,105,0,1254,212
 30670,0,16735,1169,848,1904,2379,529,16440,16205,0,0,519,1365,0,2627,1288,640,1149,103,410,0,0,0,1246,16078,208,208,0,105,0,1254,212
 30675,0,16735,1169,848,1904,2379,529,16440,16205,0,0,519,1365,0,2627,1288,640,1149,103,410,0,0,0,1246,16078,208,208,0,105,0,1254,212
 30680,0,16735,1169,848,1904,2379,529,16440,16205,0,0,519,1365,0,2627,1288,640,1149,103,410,0,0,0,1246,16078,208,208,0,105,0,1254,212
 30685,0,16735,1169,848,1904,2379,529,16440,16205,0,0,519,1365,0,2627,1288,640,1149,103,410,0,0,0,1246,16078,208,208,0,105,0,1254,212
 30690,0,16735,1169,848,1904,2379,529,16440,16205,0,0,519,1365,0,2627,1288,640,1149,103,410,0,0,0,1246,16078,208,208,0,105,0,1254,212
 30695,0,16735,1169,848,1904,2379,529,16440,16205,0,0,519,1365,0,2627,1288,640,1149,103,410,0,0,0,1246,16078,208,208,0,105,0,1254,212
 30700,0,16735,1169,848,1904,2379,529,16440,16205,0,0,519,1365,0,2627,1288,640,1149,103,410,0,0,0,1246,16078,208,208,0,105,0,1254,212
 30705,0,16735,1169,848,1904,2379,529,16440,16205,0,0,519,1365,0,2627,1288,640,1149,103,410,0,0,0,1246,16078,208,208,0,105,0,1254,212
 30710,0,16735,1169,848,1904,2379,529,16440,16205,0,0,519,1365,0,2627,1288,640,1149,103,410,0,0,0,1246,16078,208,208,0,105,0,1254,212
 30715,0,16735,1169,848,1904,2379,529,16440,16205,0,0,519,1365,0,2627,1288,640,1149,103,410,0,0,0,1246,16078,208,208,0,105,0,1254,212
 30720,0,16735,1169,848,1904,2379,529,16440,16205,0,0,519,1365,0,2627,1288,640,1149,103,410,0,0,0,1246,16078,208,208,0,105,0,1254,212
 30725,0,16735,1169,848,1904,2379,529,16440,16205,0,0,519,1365,0,2627,1288,640,1149,103,410,0,0,0,1246,16078,208,208,0,105,0,1254,212
 30730,0,16735,1169,848,1904,2379,529,16440,16205,0,0,519,1365,0,2627,1288,640,1149,103,410,0,0,0,1246,16078,208,208,0,105,0,1254,212
 30735,0,16735,1169,848,1904,2379,529,16440,16205,0,0,519,1365,0,2627,1288,640,1149,103,410,0,0,0,1246,16078,208,208,0,105,0,1254,212
 30740,0,16735,1169,848,1904,2379,529,16440,16205,0,0,519,1365,0,2627,1288,640,1149,103,410,0,0,0,1246,16078,208,208,0,105,0,1254,212
 30745,0,16735,1169,848,1904,2379,529,16440,16205,0,0,519,1365,0,2627,1288,640,1149,103,410,0,0,0,1246,16078,208,208,0,105,0,1254,212
 30750,0,16735,1169,848,1904,2379,529,16440,16205,0,0,519,1365,0,2627,1288,640,1149,103,410,0,0,0,1246,16078,208,208,0,105,0,1254,212
 30755,0,16734,1169,848,1904,2379,529,16440,16205,0,0,519,1365,0,2627,1288,640,1149,103,410,0,0,0,1246,16081,208,208,0,105,0,1254,212
 30760,0,16739,1169,848,1904,2379,529,16439,16205,0,0,519,1365,0,2627,1288,640,1149,103,410,0,0,0,1246,16086,208,208,0,105,0,1254,212
 30765,0,16744,1169,848,1904,2379,529,16444,16205,0,0,519,1365,0,2627,1288,640,1149,103,410,0,0,0,1246,16091,208,208,0,105,0,1254,212
 30770,0,16749,1169,848,1904,2379,529,16449,16205,0,0,519,1365,0,2627,1288,640,1149,103,410,0,0,0,1246,16096,208,208,0,105,0,1254,212
 30775,0,16754,1169,848,1904,2379,529,16454,16205,0,0,519,1365,0,2627,1288,640,1149,103,410,0,0,0,1246,16101,208,208,0,105,0,1254,212
 30780,0,16759,1169,848,1904,2379,529,16459,16205,0,0,519,1365,0,2627,1288,640,1149,103,410,0,0,0,1246,16106,208,208,0,105,0,1254,212
 30785,0,16764,1169,848,1904,2379,529,16464,16207,0,0,519,1365,0,2627,1288,640,1149,103,410,0,0,0,1246,16111,208,208,0,105,0,1254,212
 30790,0,16769,1169,848,1904,2379,529,16469,16212,0,0,519,1365,0,2627,1288,640,1149,103,410,0,0,0,1246,16116,208,208,0,105,0,1254,212
 30795,0,16774,1169,848,1904,2379,529,16474,16217,0,0,519,1365,0,2627,1288,640,1149,103,410,0,0,0,1246,16121,208,208,0,105,0,1254,212
 30800,0,16779,1169,848,1904,2379,529,16479,16222,0,0,519,1365,0,2627,1288,640,1149,103,410,0,0,0,1246,16126,208,208,0,105,0,1254,212
 30805,0,16784,1169,848,1904,2379,529,16484,16227,0,0,519,1365,0,2627,1288,640,1149,103,410,0,0,0,1246,16131,208,208,0,105,0,1254,212
 30810,0,16789,1169,848,1904,2379,529,16489,16232,0,0,519,1365,0,2627,1288,640,1149,103,410,0,0,0,1246,16136,208,208,0,105,0,1254,212
 30815,0,16794,1169,848,1904,2379,529,16494,16237,0,0,519,1365,0,2627,1288,640,1149,103,410,0,0,0,1246,16141,208,208,0,105,0,1254,212
 30820,0,16799,1169,848,1904,2379,529,16499,16242,0,0,519,1365,0,2627,1288,640,1149,103,410,0,0,0,1246,16146,208,208,0,105,0,1254,212
 30825,0,16804,1169,848,1904,2379,529,16504,16247,0,0,519,1365,0,2627,1288,640,1149,103,410,0,0,0,1246,16151,208,208,0,105,0,1254,212
 30830,0,16809,1169,848,1904,2379,529,16509,16252,0,0,519,1365,0,2627,1288,640,1149,103,410,0,0,0,1246,16156,208,208,0,105,0,1254,212
 30835,0,16814,1169,848,1904,2379,529,16514,16257,0,0,519,1365,0,2627,1288,640,1149,103,410,0,0,0,1246,16161,208,208,0,105,0,1254,212
 30840,0,16819,1169,848,1904,2379,529,16519,16262,0,0,519,1365,0,2627,1288,640,1149,103,410,0,0,0,1246,16166,208,208,0,105,0,1254,212
 30845,0,16824,1169,848,1904,2379,529,16524,16267,0,0,519,1365,0,2627,1288,640,1149,103,410,0,0,0,1246,16171,208,208,0,105,0,1254,212
 30850,0,16829,1169,848,1904,2379,529,16529,16272,0,0,519,1365,0,2627,1288,640,1149,103,410,0,0,0,1246,16176,208,208,0,105,0,1254,212
 30855,0,16834,1169,848,1904,2379,529,16534,16277,0,0,519,1365,0,2627,1288,640,1149,103,410,0,0,0,1246,16181,208,208,0,105,0,1254,212
 30860,0,16838,1169,848,1904,2379,529,16539,16282,0,0,519,1365,0,2627,1288,640,1149,103,410,0,0,0,1246,16183,208,208,0,105,0,1254,212
 30865,0,16838,1169,848,1904,2379,529,16543,16287,0,0,519,1365,0,2627,1288,640,1149,103,410,0,0,0,1246,16183,208,208,0,105,0,1254,212
 30870,0,16838,1169,848,1904,2379,529,16543,16292,0,0,519,1365,0,2627,1288,640,1149,103,410,0,0,0,1246,16183,208,208,0,105,0,1254,212
 30875,0,16838,1169,848,1904,2379,529,16543,16297,0,0,519,1365,0,2627,1288,640,1149,103,410,0,0,0,1246,16183,208,208,0,105,0,1254,212
 30880,0,16838,1169,848,1904,2379,529,16543,16302,0,0,519,1365,0,2627,1288,640,1149,103,410,0,0,0,1246,16183,208,208,0,105,0,1254,212
 30885,0,16838,1169,848,1904,2379,529,16543,16307,0,0,519,1365,0,2627,1288,640,1149,103,410,0,0,0,1246,16183,208,208,0,105,0,1254,212
 30890,0,16838,1169,848,1904,2379,529,16543,16310,0,0,519,1365,0,2627,1288,640,1149,103,410,0,0,0,1246,16183,208,208,0,105,0,1254,212
 30895,0,16838,1169,848,1904,2379,529,16543,16310,0,0,519,1365,0,2627,1288,640,1149,103,410,0,0,0,1246,16183,208,208,0,105,0,1254,212
 30900,0,16838,1169,848,1904,2379,529,16543,16310,0,0,519,1365,0,2627,1288,640,1149,103,410,0,0,0,1246,16183,208,208,0,105,0,1254,212
 30905,0,16838,1169,848,1904,2379,529,16543,16310,0,0,519,1365,0,2627,1288,640,1149,103,410,0,0,0,1246,16183,208,208,0,105,0,1254,212
 30910,0,16838,1169,848,1904,2379,529,16543,16310,0,0,519,1365,0,2627,1288,640,1149,103,410,0,0,0,1246,16183,208,208,0,105,0,1254,212
 30915,0,16838,1169,848,1904,2379,529,16543,16310,0,0,519,1365,0,2627,1288,640,1149,103,410,0,0,0,1246,16183,208,208,0,105,0,1254,212
 30920,0,16838,1169,848,1904,2379,529,16543,16310,0,0,519,1365,0,2627,1288,640,1149,103,410,0,0,0,1246,16183,208,208,0,105,0,1254,212
 30925,0,16838,1169,848,1904,2379,529,16543,16310,0,0,519,1365,0,2627,1288,640,1149,103,410,0,0,0,1246,16183,208,208,0,105,0,1254,212
 30930,0,16838,1169,848,1904,2379,529,16543,16310,0,0,519,1365,0,2627,1288,640,1149,103,410,0,0,0,1246,16183,208,208,0,105,0,1254,212
 30935,0,16838,1169,848,1904,2379,529,16543,16310,0,0,519,1365,0,2627,1288,640,1149,103,410,0,0,0,1246,16183,208,208,0,105,0,1254,212
 30940,0,16838,1169,848,1904,2379,529,16543,16310,0,0,519,1365,0,2627,1288,640,1149,103,410,0,0,0,1246,16183,208,208,0,105,0,1254,212
 30945,0,16838,1169,848,1904,2379,529,16543,16310,0,0,519,1365,0,2627,1288,640,1149,103,410,0,0,0,1246,16183,208,208,0,105,0,1254,212
 30950,0,16838,1169,848,1904,2379,529,16543,16310,0,0,519,1365,0,2627,1288,640,1149,103,410,0,0,0,1246,16183,208,208,0,105,0,1254,212
 30955,0,16838,1169,848,1904,2379,529,16543,16310,0,0,519,1365,0,2627,1288,640,1149,103,410,0,0,0,1246,16183,208,208,0,105,0,1254,212
 30960,0,16838,1169,848,1904,2379,529,16543,16310,0,0,519,1365,0,2627,1288,640,1149,103,410,0,0,0,1246,16183,208,208,0,105,0,1254,212
 30965,0,16838,1169,848,1904,2379,529,16543,16310,0,0,519,1365,0,2627,1288,640,1149,103,410,0,0,0,1246,16183,208,208,0,105,0,1254,212
 30970,0,16838,1169,848,1904,2379,529,16543,16310,0,0,519,1365,0,2627,1288,640,1149,103,410,0,0,0,1246,16183,208,208,0,105,0,1254,212
 30975,0,16838,1169,848,1904,2379,529,16543,16310,0,0,519,1365,0,2627,1288,640,1149,103,410,0,0,0,1246,16183,208,208,0,105,0,1254,212
 30980,0,16839,1169,848,1904,2379,529,16543,16312,0,0,519,1365,0,2627,1288,640,1149,103,410,0,0,0,1246,16183,208,208,0,105,0,1254,212
 30985,0,16844,1169,848,1904,2379,529,16544,16317,0,0,519,1365,0,2627,1288,640,1149,103,410,0,0,0,1246,16183,208,208,0,105,0,1254,212
 30990,0,16849,1169,848,1904,2379,529,16549,16322,0,0,519,1365,0,2627,1288,640,1149,103,410,0,0,0,1246,16183,208,208,0,105,0,1254,212
 30995,0,16854,1169,848,1904,2379,529,16554,16327,0,0,519,1365,0,2627,1288,640,1149,103,410,0,0,0,1246,16183,208,208,0,105,0,1254,212
 31000,0,16859,1169,848,1904,2379,529,16559,16332,0,0,519,1365,0,2627,1288,640,1149,103,410,0,0,0,1246,16183,208,208,0,105,0,1254,212
 31005,0,16864,1169,848,1904,2379,529,16564,16337,0,0,519,1365,0,2627,1288,640,1149,103,410,0,0,0,1246,16183,208,208,0,105,0,1254,212
 31010,0,16869,1169,848,1904,2379,529,16569,16342,0,0,519,1365,0,2627,1288,640,1149,103,410,0,0,0,1246,16182,208,208,0,105,0,1254,212
 31015,0,16874,1169,848,1904,2379,529,16574,16347,0,0,519,1365,0,2627,1288,640,1149,103,410,0,0,0,1246,16187,208,208,0,105,0,1254,212
 31020,0,16879,1169,848,1904,2379,529,16579,16352,0,0,519,1365,0,2627,1288,640,1149,103,410,0,0,0,1246,16192,208,208,0,105,0,1254,212
 31025,0,16884,1169,848,1904,2379,529,16584,16357,0,0,519,1365,0,2627,1288,640,1149,103,410,0,0,0,1246,16197,208,208,0,105,0,1254,212
 31030,0,16889,1169,848,1904,2379,529,16589,16362,0,0,519,1365,0,2627,1288,640,1149,103,410,0,0,0,1246,16202,208,208,0,105,0,1254,212
 31035,0,16894,1169,848,1904,2379,529,16594,16367,0,0,519,1365,0,2627,1288,640,1149,103,410,0,0,0,1246,16207,208,208,0,105,0,1254,212
 31040,0,16899,1169,848,1904,2379,529,16599,16372,0,0,519,1365,0,2627,1288,640,1149,103,410,0,0,0,1246,16212,208,208,0,105,0,1254,212
 31045,0,16904,1169,848,1904,2379,529,16604,16377,0,0,519,1365,0,2627,1288,640,1149,103,410,0,0,0,1246,16217,208,208,0,105,0,1254,212
 31050,0,16909,1169,848,1904,2379,529,16609,16382,0,0,519,1365,0,2627,1288,640,1149,103,410,0,0,0,1246,16222,208,208,0,105,0,1254,212
 31055,0,16914,1169,848,1904,2379,529,16614,16387,0,0,519,1365,0,2627,1288,640,1149,103,410,0,0,0,1246,16227,208,208,0,105,0,1254,212
 31060,0,16919,1169,848,1904,2379,529,16619,16392,0,0,519,1365,0,2627,1288,640,1149,103,410,0,0,0,1246,16232,208,208,0,105,0,1254,212
 31065,0,16924,1169,848,1904,2379,529,16624,16397,0,0,519,1365,0,2627,1288,640,1149,103,410,0,0,0,1246,16237,208,208,0,105,0,1254,212
 31070,0,16929,1169,848,1904,2379,529,16629,16402,0,0,519,1365,0,2627,1288,640,1149,103,410,0,0,0,1246,16242,208,208,0,105,0,1254,212
 31075,0,16934,1169,848,1904,2379,529,16634,16407,0,0,519,1365,0,2627,1288,640,1149,103,410,0,0,0,1246,16247,208,208,0,105,0,1254,212
 31080,0,16939,1169,848,1904,2379,529,16639,16413,0,0,519,1365,0,2627,1288,640,1149,103,410,0,0,0,1246,16252,208,208,0,105,0,1254,212
 31085,0,16941,1169,848,1904,2379,529,16644,16413,0,0,519,1365,0,2627,1288,640,1149,103,410,0,0,0,1246,16257,208,208,0,105,0,1254,212
 31090,0,16941,1169,848,1904,2379,529,16646,16413,0,0,519,1365,0,2627,1288,640,1149,103,410,0,0,0,1246,16262,208,208,0,105,0,1254,212
 31095,0,16941,1169,848,1904,2379,529,16646,16413,0,0,519,1365,0,2627,1288,640,1149,103,410,0,0,0,1246,16267,208,208,0,105,0,1254,212
 31100,0,16941,1169,848,1904,2379,529,16646,16413,0,0,519,1365,0,2627,1288,640,1149,103,410,0,0,0,1246,16272,208,208,0,105,0,1254,212
 31105,0,16941,1169,848,1904,2379,529,16646,16413,0,0,519,1365,0,2627,1288,640,1149,103,410,0,0,0,1246,16277,208,208,0,105,0,1254,212
 31110,0,16941,1169,848,1904,2379,529,16646,16413,0,0,519,1365,0,2627,1288,640,1149,103,410,0,0,0,1246,16282,208,208,0,105,0,1254,212
 31115,0,16941,1169,848,1904,2379,529,16646,16413,0,0,519,1365,0,2627,1288,640,1149,103,410,0,0,0,1246,16288,208,208,0,105,0,1254,212
 31120,0,16941,1169,848,1904,2379,529,16646,16413,0,0,519,1365,0,2627,1288,640,1149,103,410,0,0,0,1246,16288,208,208,0,105,0,1254,212
 31125,0,16941,1169,848,1904,2379,529,16646,16413,0,0,519,1365,0,2627,1288,640,1149,103,410,0,0,0,1246,16288,208,208,0,105,0,1254,212
 31130,0,16941,1169,848,1904,2379,529,16646,16413,0,0,519,1365,0,2627,1288,640,1149,103,410,0,0,0,1246,16288,208,208,0,105,0,1254,212
 31135,0,16941,1169,848,1904,2379,529,16646,16413,0,0,519,1365,0,2627,1288,640,1149,103,410,0,0,0,1246,16288,208,208,0,105,0,1254,212
 31140,0,16941,1169,848,1904,2379,529,16646,16413,0,0,519,1365,0,2627,1288,640,1149,103,410,0,0,0,1246,16288,208,208,0,105,0,1254,212
 31145,0,16941,1169,848,1904,2379,529,16646,16413,0,0,519,1365,0,2627,1288,640,1149,103,410,0,0,0,1246,16288,208,208,0,105,0,1254,212
 31150,0,16941,1169,848,1904,2379,529,16646,16413,0,0,519,1365,0,2627,1288,640,1149,103,410,0,0,0,1246,16288,208,208,0,105,0,1254,212
 31155,0,16941,1169,848,1904,2379,529,16646,16413,0,0,519,1365,0,2627,1288,640,1149,103,410,0,0,0,1246,16288,208,208,0,105,0,1254,212
 31160,0,16941,1169,848,1904,2379,529,16646,16413,0,0,519,1365,0,2627,1288,640,1149,103,410,0,0,0,1246,16288,208,208,0,105,0,1254,212
 31165,0,16941,1169,848,1904,2379,529,16646,16413,0,0,519,1365,0,2627,1288,640,1149,103,410,0,0,0,1246,16288,208,208,0,105,0,1254,212
 31170,0,16941,1169,848,1904,2379,529,16646,16413,0,0,519,1365,0,2627,1288,640,1149,103,410,0,0,0,1246,16288,208,208,0,105,0,1254,212
 31175,0,16941,1169,848,1904,2379,529,16646,16413,0,0,519,1365,0,2627,1288,640,1149,103,410,0,0,0,1246,16288,208,208,0,105,0,1254,212
 31180,0,16941,1169,848,1904,2379,529,16646,16416,0,0,519,1365,0,2627,1288,640,1149,103,410,0,0,0,1246,16288,208,208,0,105,0,1254,212
 31185,0,16941,1169,848,1904,2379,529,16646,16421,0,0,519,1365,0,2627,1288,640,1149,103,410,0,0,0,1246,16288,208,208,0,105,0,1254,212
 31190,0,16943,1169,848,1904,2379,529,16646,16426,0,0,519,1365,0,2627,1288,640,1149,103,410,0,0,0,1246,16288,208,208,0,105,0,1254,212
 31195,0,16948,1169,848,1904,2379,529,16646,16431,0,0,519,1365,0,2627,1288,640,1149,103,410,0,0,0,1246,16288,208,208,0,105,0,1254,212
 31200,0,16953,1169,848,1904,2379,529,16646,16436,0,0,519,1365,0,2627,1288,640,1149,103,410,0,0,0,1246,16287,208,208,0,105,0,1254,212
 31205,0,16958,1169,848,1904,2379,529,16646,16441,0,0,519,1365,0,2627,1288,640,1149,103,410,0,0,0,1246,16292,208,208,0,105,0,1254,212
 31210,0,16963,1169,848,1904,2379,529,16646,16446,0,0,519,1365,0,2627,1288,640,1149,103,410,0,0,0,1246,16297,208,208,0,105,0,1254,212
 31215,0,16968,1169,848,1904,2379,529,16646,16451,0,0,519,1365,0,2627,1288,640,1149,103,410,0,0,0,1246,16302,208,208,0,105,0,1254,212
 31220,0,16973,1169,848,1904,2379,529,16646,16456,0,0,519,1365,0,2627,1288,640,1149,103,410,0,0,0,1246,16307,208,208,0,105,0,1254,212
 31225,0,16978,1169,848,1904,2379,529,16645,16461,0,0,519,1365,0,2627,1288,640,1149,103,410,0,0,0,1246,16312,208,208,0,105,0,1254,212
 31230,0,16983,1169,848,1904,2379,529,16650,16466,0,0,519,1365,0,2627,1288,640,1149,103,410,0,0,0,1246,16317,208,208,0,105,0,1254,212
 31235,0,16988,1169,848,1904,2379,529,16655,16471,0,0,519,1365,0,2627,1288,640,1149,103,410,0,0,0,1246,16322,208,208,0,105,0,1254,212
 31240,0,16993,1169,848,1904,2379,529,16660,16476,0,0,519,1365,0,2627,1288,640,1149,103,410,0,0,0,1246,16327,208,208,0,105,0,1254,212
 31245,0,16998,1169,848,1904,2379,529,16665,16481,0,0,519,1365,0,2627,1288,640,1149,103,410,0,0,0,1246,16332,208,208,0,105,0,1254,212
 31250,0,17003,1169,848,1904,2379,529,16670,16486,0,0,519,1365,0,2627,1288,640,1149,103,410,0,0,0,1246,16337,208,208,0,105,0,1254,212
 31255,0,17008,1169,848,1904,2379,529,16675,16491,0,0,519,1365,0,2627,1288,640,1149,103,410,0,0,0,1246,16342,208,208,0,105,0,1254,212
 31260,0,17013,1169,848,1904,2379,529,16680,16496,0,0,519,1365,0,2627,1288,640,1149,103,410,0,0,0,1246,16347,208,208,0,105,0,1254,212
 31265,0,17018,1169,848,1904,2379,529,16685,16501,0,0,519,1365,0,2627,1288,640,1149,103,410,0,0,0,1246,16352,208,208,0,105,0,1254,212
 31270,0,17023,1169,848,1904,2379,529,16690,16506,0,0,519,1365,0,2627,1288,640,1149,103,410,0,0,0,1246,16357,208,208,0,105,0,1254,212
 31275,0,17028,1169,848,1904,2379,529,16695,16511,0,0,519,1365,0,2627,1288,640,1149,103,410,0,0,0,1246,16362,208,208,0,105,0,1254,212
 31280,0,17033,1169,848,1904,2379,529,16700,16516,0,0,519,1365,0,2627,1288,640,1149,103,410,0,0,0,1246,16367,208,208,0,105,0,1254,212
 31285,0,17038,1169,848,1904,2379,529,16705,16518,0,0,519,1365,0,2627,1288,640,1149,103,410,0,0,0,1246,16372,208,208,0,105,0,1254,212
 31290,0,17044,1169,848,1904,2379,529,16710,16518,0,0,519,1365,0,2627,1288,640,1149,103,410,0,0,0,1246,16377,208,208,0,105,0,1254,212
 31295,0,17044,1169,848,1904,2379,529,16715,16518,0,0,519,1365,0,2627,1288,640,1149,103,410,0,0,0,1246,16382,208,208,0,105,0,1254,212
 31300,0,17044,1169,848,1904,2379,529,16720,16518,0,0,519,1365,0,2627,1288,640,1149,103,410,0,0,0,1246,16387,208,208,0,105,0,1254,212
 31305,0,17044,1169,848,1904,2379,529,16725,16518,0,0,519,1365,0,2627,1288,640,1149,103,410,0,0,0,1246,16391,208,208,0,105,0,1254,212
 31310,0,17044,1169,848,1904,2379,529,16730,16518,0,0,519,1365,0,2627,1288,640,1149,103,410,0,0,0,1246,16391,208,208,0,105,0,1254,212
 31315,0,17044,1169,848,1904,2379,529,16735,16518,0,0,519,1365,0,2627,1288,640,1149,103,410,0,0,0,1246,16391,208,208,0,105,0,1254,212
 31320,0,17044,1169,848,1904,2379,529,16740,16518,0,0,519,1365,0,2627,1288,640,1149,103,410,0,0,0,1246,16391,208,208,0,105,0,1254,212
 31325,0,17044,1169,848,1904,2379,529,16745,16518,0,0,519,1365,0,2627,1288,640,1149,103,410,0,0,0,1246,16391,208,208,0,105,0,1254,212
 31330,0,17044,1169,848,1904,2379,529,16747,16518,0,0,519,1365,0,2627,1288,640,1149,103,410,0,0,0,1246,16391,208,208,0,105,0,1254,212
 31335,0,17044,1169,848,1904,2379,529,16747,16518,0,0,519,1365,0,2627,1288,640,1149,103,410,0,0,0,1246,16391,208,208,0,105,0,1254,212
 31340,0,17044,1169,848,1904,2379,529,16747,16518,0,0,519,1365,0,2627,1288,640,1149,103,410,0,0,0,1246,16391,208,208,0,105,0,1254,212
 31345,0,17044,1169,848,1904,2379,529,16747,16518,0,0,519,1365,0,2627,1288,640,1149,103,410,0,0,0,1246,16391,208,208,0,105,0,1254,212
 31350,0,17044,1169,848,1904,2379,529,16747,16518,0,0,519,1365,0,2627,1288,640,1149,103,410,0,0,0,1246,16391,208,208,0,105,0,1254,212
 31355,0,17044,1169,848,1904,2379,529,16747,16518,0,0,519,1365,0,2627,1288,640,1149,103,410,0,0,0,1246,16391,208,208,0,105,0,1254,212
 31360,0,17044,1169,848,1904,2379,529,16747,16518,0,0,519,1365,0,2627,1288,640,1149,103,410,0,0,0,1246,16391,208,208,0,105,0,1254,212
 31365,0,17044,1169,848,1904,2379,529,16747,16518,0,0,519,1365,0,2627,1288,640,1149,103,410,0,0,0,1246,16391,208,208,0,105,0,1254,212
 31370,0,17044,1169,848,1904,2379,529,16747,16518,0,0,519,1365,0,2627,1288,640,1149,103,410,0,0,0,1246,16391,208,208,0,105,0,1254,212
 31375,0,17044,1169,848,1904,2379,529,16747,16518,0,0,519,1365,0,2627,1288,640,1149,103,410,0,0,0,1246,16391,208,208,0,105,0,1254,212
 31380,0,17044,1169,848,1904,2379,529,16747,16518,0,0,519,1365,0,2627,1288,640,1149,103,410,0,0,0,1246,16391,208,208,0,105,0,1254,212
 31385,0,17044,1169,848,1904,2379,529,16747,16518,0,0,519,1365,0,2627,1288,640,1149,103,410,0,0,0,1246,16391,208,208,0,105,0,1254,212
 31390,0,17044,1169,848,1904,2379,529,16747,16518,0,0,519,1365,0,2627,1288,640,1149,103,410,0,0,0,1246,16391,208,208,0,105,0,1254,212
 31395,0,17044,1169,848,1904,2379,529,16747,16518,0,0,519,1365,0,2627,1288,640,1149,103,410,0,0,0,1246,16391,208,208,0,105,0,1254,212
 31400,0,17044,1169,848,1904,2379,529,16747,16518,0,0,519,1365,0,2627,1288,640,1149,103,410,0,0,0,1246,16391,208,208,0,105,0,1254,212
 31405,0,17044,1169,848,1904,2379,529,16747,16518,0,0,519,1365,0,2627,1288,640,1149,103,410,0,0,0,1246,16391,208,208,0,105,0,1254,212
 31410,0,17044,1169,848,1904,2379,529,16746,16518,0,0,519,1365,0,2627,1288,640,1149,103,410,0,0,0,1246,16391,208,208,0,105,0,1254,212
 31415,0,17045,1169,848,1904,2379,529,16751,16518,0,0,519,1365,0,2627,1288,640,1149,103,410,0,0,0,1246,16391,208,208,0,105,0,1254,212
 31420,0,17050,1169,848,1904,2379,529,16756,16518,0,0,519,1365,0,2627,1288,640,1149,103,410,0,0,0,1246,16391,208,208,0,105,0,1254,212
 31425,0,17055,1169,848,1904,2379,529,16761,16518,0,0,519,1365,0,2627,1288,640,1149,103,410,0,0,0,1246,16391,208,208,0,105,0,1254,212
 31430,0,17060,1169,848,1904,2379,529,16766,16521,0,0,519,1365,0,2627,1288,640,1149,103,410,0,0,0,1246,16391,208,208,0,105,0,1254,212
 31435,0,17065,1169,848,1904,2379,529,16771,16526,0,0,519,1365,0,2627,1288,640,1149,103,410,0,0,0,1246,16391,208,208,0,105,0,1254,212
 31440,0,17070,1169,848,1904,2379,529,16776,16531,0,0,519,1365,0,2627,1288,640,1149,103,410,0,0,0,1246,16391,208,208,0,105,0,1254,212
 31445,0,17075,1169,848,1904,2379,529,16781,16536,0,0,519,1365,0,2627,1288,640,1149,103,410,0,0,0,1246,16390,208,208,0,105,0,1254,212
 31450,0,17080,1169,848,1904,2379,529,16786,16541,0,0,519,1365,0,2627,1288,640,1149,103,410,0,0,0,1246,16395,208,208,0,105,0,1254,212
 31455,0,17085,1169,848,1904,2379,529,16791,16546,0,0,519,1365,0,2627,1288,640,1149,103,410,0,0,0,1246,16400,208,208,0,105,0,1254,212
 31460,0,17090,1169,848,1904,2379,529,16796,16551,0,0,519,1365,0,2627,1288,640,1149,103,410,0,0,0,1246,16405,208,208,0,105,0,1254,212
 31465,0,17095,1169,848,1904,2379,529,16801,16556,0,0,519,1365,0,2627,1288,640,1149,103,410,0,0,0,1246,16410,208,208,0,105,0,1254,212
 31470,0,17100,1169,848,1904,2379,529,16806,16561,0,0,519,1365,0,2627,1288,640,1149,103,410,0,0,0,1246,16415,208,208,0,105,0,1254,212
 31475,0,17105,1169,848,1904,2379,529,16811,16566,0,0,519,1365,0,2627,1288,640,1149,103,410,0,0,0,1246,16420,208,208,0,105,0,1254,212
 31480,0,17110,1169,848,1904,2379,529,16816,16571,0,0,519,1365,0,2627,1288,640,1149,103,410,0,0,0,1246,16425,208,208,0,105,0,1254,212
 31485,0,17115,1169,848,1904,2379,529,16821,16576,0,0,519,1365,0,2627,1288,640,1149,103,410,0,0,0,1246,16430,208,208,0,105,0,1254,212
 31490,0,17120,1169,848,1904,2379,529,16826,16581,0,0,519,1365,0,2627,1288,640,1149,103,410,0,0,0,1246,16435,208,208,0,105,0,1254,212
 31495,0,17125,1169,848,1904,2379,529,16831,16586,0,0,519,1365,0,2627,1288,640,1149,103,410,0,0,0,1246,16440,208,208,0,105,0,1254,212
 31500,0,17130,1169,848,1904,2379,529,16836,16591,0,0,519,1365,0,2627,1288,640,1149,103,410,0,0,0,1246,16445,208,208,0,105,0,1254,212
 31505,0,17135,1169,848,1904,2379,529,16841,16596,0,0,519,1365,0,2627,1288,640,1149,103,410,0,0,0,1246,16450,208,208,0,105,0,1254,212
 31510,0,17140,1169,848,1904,2379,529,16846,16601,0,0,519,1365,0,2627,1288,640,1149,103,410,0,0,0,1246,16455,208,208,0,105,0,1254,212
 31515,0,17145,1169,848,1904,2379,529,16850,16606,0,0,519,1365,0,2627,1288,640,1149,103,410,0,0,0,1246,16460,208,208,0,105,0,1254,212
 31520,0,17147,1169,848,1904,2379,529,16850,16611,0,0,519,1365,0,2627,1288,640,1149,103,410,0,0,0,1246,16465,208,208,0,105,0,1254,212
 31525,0,17147,1169,848,1904,2379,529,16850,16616,0,0,519,1365,0,2627,1288,640,1149,103,410,0,0,0,1246,16470,208,208,0,105,0,1254,212
 31530,0,17147,1169,848,1904,2379,529,16850,16621,0,0,519,1365,0,2627,1288,640,1149,103,410,0,0,0,1246,16475,208,208,0,105,0,1254,212
 31535,0,17147,1169,848,1904,2379,529,16850,16627,0,0,519,1365,0,2627,1288,640,1149,103,410,0,0,0,1246,16480,208,208,0,105,0,1254,212
 31540,0,17147,1169,848,1904,2379,529,16850,16627,0,0,519,1365,0,2627,1288,640,1149,103,410,0,0,0,1246,16485,208,208,0,105,0,1254,212
 31545,0,17147,1169,848,1904,2379,529,16850,16627,0,0,519,1365,0,2627,1288,640,1149,103,410,0,0,0,1246,16490,208,208,0,105,0,1254,212
 31550,0,17147,1169,848,1904,2379,529,16850,16627,0,0,519,1365,0,2627,1288,640,1149,103,410,0,0,0,1246,16494,208,208,0,105,0,1254,212
 31555,0,17147,1169,848,1904,2379,529,16850,16627,0,0,519,1365,0,2627,1288,640,1149,103,410,0,0,0,1246,16494,208,208,0,105,0,1254,212
 31560,0,17147,1169,848,1904,2379,529,16850,16627,0,0,519,1365,0,2627,1288,640,1149,103,410,0,0,0,1246,16494,208,208,0,105,0,1254,212
 31565,0,17147,1169,848,1904,2379,529,16850,16627,0,0,519,1365,0,2627,1288,640,1149,103,410,0,0,0,1246,16494,208,208,0,105,0,1254,212
 31570,0,17147,1169,848,1904,2379,529,16850,16627,0,0,519,1365,0,2627,1288,640,1149,103,410,0,0,0,1246,16494,208,208,0,105,0,1254,212
 31575,0,17147,1169,848,1904,2379,529,16850,16627,0,0,519,1365,0,2627,1288,640,1149,103,410,0,0,0,1246,16494,208,208,0,105,0,1254,212
 31580,0,17147,1169,848,1904,2379,529,16850,16627,0,0,519,1365,0,2627,1288,640,1149,103,410,0,0,0,1246,16494,208,208,0,105,0,1254,212
 31585,0,17147,1169,848,1904,2379,529,16850,16627,0,0,519,1365,0,2627,1288,640,1149,103,410,0,0,0,1246,16494,208,208,0,105,0,1254,212
 31590,0,17147,1169,848,1904,2379,529,16850,16627,0,0,519,1365,0,2627,1288,640,1149,103,410,0,0,0,1246,16494,208,208,0,105,0,1254,212
 31595,0,17147,1169,848,1904,2379,529,16850,16627,0,0,519,1365,0,2627,1288,640,1149,103,410,0,0,0,1246,16494,208,208,0,105,0,1254,212
 31600,0,17147,1169,848,1904,2379,529,16850,16627,0,0,519,1365,0,2627,1288,640,1149,103,410,0,0,0,1246,16494,208,208,0,105,0,1254,212
 31605,0,17147,1169,848,1904,2379,529,16850,16627,0,0,519,1365,0,2627,1288,640,1149,103,410,0,0,0,1246,16494,208,208,0,105,0,1254,212
 31610,0,17147,1169,848,1904,2379,529,16850,16627,0,0,519,1365,0,2627,1288,640,1149,103,410,0,0,0,1246,16494,208,208,0,105,0,1254,212
 31615,0,17147,1169,848,1904,2379,529,16850,16627,0,0,519,1365,0,2627,1288,640,1149,103,410,0,0,0,1246,16494,208,208,0,105,0,1254,212
 31620,0,17147,1169,848,1904,2379,529,16850,16627,0,0,519,1365,0,2627,1288,640,1149,103,410,0,0,0,1246,16494,208,208,0,105,0,1254,212
 31625,0,17147,1169,848,1904,2379,529,16850,16627,0,0,519,1365,0,2627,1288,640,1149,103,410,0,0,0,1246,16494,208,208,0,105,0,1254,212
 31630,0,17147,1169,848,1904,2379,529,16850,16627,0,0,519,1365,0,2627,1288,640,1149,103,410,0,0,0,1246,16493,208,208,0,105,0,1254,212
 31635,0,17147,1169,848,1904,2379,529,16850,16627,0,0,519,1365,0,2627,1288,640,1149,103,410,0,0,0,1246,16498,208,208,0,105,0,1254,212
 31640,0,17147,1169,848,1904,2379,529,16853,16627,0,0,519,1365,0,2627,1288,640,1149,103,410,0,0,0,1246,16503,208,208,0,105,0,1254,212
 31645,0,17147,1169,848,1904,2379,529,16858,16627,0,0,519,1365,0,2627,1288,640,1149,103,410,0,0,0,1246,16508,208,208,0,105,0,1254,212
 31650,0,17147,1169,848,1904,2379,529,16863,16627,0,0,519,1365,0,2627,1288,640,1149,103,410,0,0,0,1246,16513,208,208,0,105,0,1254,212
 31655,0,17147,1169,848,1904,2379,529,16868,16628,0,0,519,1365,0,2627,1288,640,1149,103,410,0,0,0,1246,16518,208,208,0,105,0,1254,212
 31660,0,17147,1169,848,1904,2379,529,16873,16633,0,0,519,1365,0,2627,1288,640,1149,103,410,0,0,0,1246,16523,208,208,0,105,0,1254,212
 31665,0,17149,1169,848,1904,2379,529,16878,16638,0,0,519,1365,0,2627,1288,640,1149,103,410,0,0,0,1246,16528,208,208,0,105,0,1254,212
 31670,0,17154,1169,848,1904,2379,529,16883,16643,0,0,519,1365,0,2627,1288,640,1149,103,410,0,0,0,1246,16533,208,208,0,105,0,1254,212
 31675,0,17159,1169,848,1904,2379,529,16888,16648,0,0,519,1365,0,2627,1288,640,1149,103,410,0,0,0,1246,16538,208,208,0,105,0,1254,212
 31680,0,17164,1169,848,1904,2379,529,16893,16653,0,0,519,1365,0,2627,1288,640,1149,103,410,0,0,0,1246,16543,208,208,0,105,0,1254,212
 31685,0,17169,1169,848,1904,2379,529,16898,16658,0,0,519,1365,0,2627,1288,640,1149,103,410,0,0,0,1246,16548,208,208,0,105,0,1254,212
 31690,0,17174,1169,848,1904,2379,529,16903,16663,0,0,519,1365,0,2627,1288,640,1149,103,410,0,0,0,1246,16553,208,208,0,105,0,1254,212
 31695,0,17179,1169,848,1904,2379,529,16908,16668,0,0,519,1365,0,2627,1288,640,1149,103,410,0,0,0,1246,16558,208,208,0,105,0,1254,212
 31700,0,17184,1169,848,1904,2379,529,16913,16673,0,0,519,1365,0,2627,1288,640,1149,103,410,0,0,0,1246,16563,208,208,0,105,0,1254,212
 31705,0,17189,1169,848,1904,2379,529,16918,16678,0,0,519,1365,0,2627,1288,640,1149,103,410,0,0,0,1246,16568,208,208,0,105,0,1254,212
 31710,0,17194,1169,848,1904,2379,529,16923,16683,0,0,519,1365,0,2627,1288,640,1149,103,410,0,0,0,1246,16573,208,208,0,105,0,1254,212
 31715,0,17199,1169,848,1904,2379,529,16928,16688,0,0,519,1365,0,2627,1288,640,1149,103,410,0,0,0,1246,16578,208,208,0,105,0,1254,212
 31720,0,17204,1169,848,1904,2379,529,16933,16693,0,0,519,1365,0,2627,1288,640,1149,103,410,0,0,0,1246,16583,208,208,0,105,0,1254,212
 31725,0,17209,1169,848,1904,2379,529,16938,16698,0,0,519,1365,0,2627,1288,640,1149,103,410,0,0,0,1246,16588,208,208,0,105,0,1254,212
 31730,0,17214,1169,848,1904,2379,529,16943,16703,0,0,519,1365,0,2627,1288,640,1149,103,410,0,0,0,1246,16593,208,208,0,105,0,1254,212
 31735,0,17219,1169,848,1904,2379,529,16948,16708,0,0,519,1365,0,2627,1288,640,1149,103,410,0,0,0,1246,16597,208,208,0,105,0,1254,212
 31740,0,17224,1169,848,1904,2379,529,16953,16713,0,0,519,1365,0,2627,1288,640,1149,103,410,0,0,0,1246,16597,208,208,0,105,0,1254,212
 31745,0,17229,1169,848,1904,2379,529,16953,16718,0,0,519,1365,0,2627,1288,640,1149,103,410,0,0,0,1246,16597,208,208,0,105,0,1254,212
 31750,0,17234,1169,848,1904,2379,529,16953,16723,0,0,519,1365,0,2627,1288,640,1149,103,410,0,0,0,1246,16597,208,208,0,105,0,1254,212
 31755,0,17239,1169,848,1904,2379,529,16953,16728,0,0,519,1365,0,2627,1288,640,1149,103,410,0,0,0,1246,16597,208,208,0,105,0,1254,212
 31760,0,17244,1169,848,1904,2379,529,16953,16732,0,0,519,1365,0,2627,1288,640,1149,103,410,0,0,0,1246,16597,208,208,0,105,0,1254,212
 31765,0,17250,1169,848,1904,2379,529,16953,16732,0,0,519,1365,0,2627,1288,640,1149,103,410,0,0,0,1246,16597,208,208,0,105,0,1254,212
 31770,0,17250,1169,848,1904,2379,529,16953,16732,0,0,519,1365,0,2627,1288,640,1149,103,410,0,0,0,1246,16597,208,208,0,105,0,1254,212
 31775,0,17250,1169,848,1904,2379,529,16953,16732,0,0,519,1365,0,2627,1288,640,1149,103,410,0,0,0,1246,16597,208,208,0,105,0,1254,212
 31780,0,17250,1169,848,1904,2379,529,16953,16732,0,0,519,1365,0,2627,1288,640,1149,103,410,0,0,0,1246,16597,208,208,0,105,0,1254,212
 31785,0,17250,1169,848,1904,2379,529,16953,16732,0,0,519,1365,0,2627,1288,640,1149,103,410,0,0,0,1246,16597,208,208,0,105,0,1254,212
 31790,0,17250,1169,848,1904,2379,529,16953,16732,0,0,519,1365,0,2627,1288,640,1149,103,410,0,0,0,1246,16597,208,208,0,105,0,1254,212
 31795,0,17250,1169,848,1904,2379,529,16953,16732,0,0,519,1365,0,2627,1288,640,1149,103,410,0,0,0,1246,16597,208,208,0,105,0,1254,212
 31800,0,17250,1169,848,1904,2379,529,16953,16732,0,0,519,1365,0,2627,1288,640,1149,103,410,0,0,0,1246,16597,208,208,0,105,0,1254,212
 31805,0,17250,1169,848,1904,2379,529,16953,16732,0,0,519,1365,0,2627,1288,640,1149,103,410,0,0,0,1246,16597,208,208,0,105,0,1254,212
 31810,0,17250,1169,848,1904,2379,529,16953,16732,0,0,519,1365,0,2627,1288,640,1149,103,410,0,0,0,1246,16597,208,208,0,105,0,1254,212
 31815,0,17250,1169,848,1904,2379,529,16953,16732,0,0,519,1365,0,2627,1288,640,1149,103,410,0,0,0,1246,16597,208,208,0,105,0,1254,212
 31820,0,17250,1169,848,1904,2379,529,16953,16732,0,0,519,1365,0,2627,1288,640,1149,103,410,0,0,0,1246,16597,208,208,0,105,0,1254,212
 31825,0,17250,1169,848,1904,2379,529,16953,16732,0,0,519,1365,0,2627,1288,640,1149,103,410,0,0,0,1246,16597,208,208,0,105,0,1254,212
 31830,0,17250,1169,848,1904,2379,529,16953,16732,0,0,519,1365,0,2627,1288,640,1149,103,410,0,0,0,1246,16597,208,208,0,105,0,1254,212
 31835,0,17250,1169,848,1904,2379,529,16953,16732,0,0,519,1365,0,2627,1288,640,1149,103,410,0,0,0,1246,16597,208,208,0,105,0,1254,212
 31840,0,17252,1169,848,1904,2379,529,16953,16732,0,0,519,1365,0,2627,1288,640,1149,103,410,0,0,0,1246,16597,208,208,0,105,0,1254,212
 31845,0,17257,1169,848,1904,2379,529,16953,16732,0,0,519,1365,0,2627,1288,640,1149,103,410,0,0,0,1246,16597,208,208,0,105,0,1254,212
 31850,0,17262,1169,848,1904,2379,529,16953,16732,0,0,519,1365,0,2627,1288,640,1149,103,410,0,0,0,1246,16597,208,208,0,105,0,1254,212
 31855,0,17267,1169,848,1904,2379,529,16952,16732,0,0,519,1365,0,2627,1288,640,1149,103,410,0,0,0,1246,16597,208,208,0,105,0,1254,212
 31860,0,17272,1169,848,1904,2379,529,16957,16732,0,0,519,1365,0,2627,1288,640,1149,103,410,0,0,0,1246,16597,208,208,0,105,0,1254,212
 31865,0,17277,1169,848,1904,2379,529,16962,16732,0,0,519,1365,0,2627,1288,640,1149,103,410,0,0,0,1246,16597,208,208,0,105,0,1254,212
 31870,0,17282,1169,848,1904,2379,529,16967,16734,0,0,519,1365,0,2627,1288,640,1149,103,410,0,0,0,1246,16597,208,208,0,105,0,1254,212
 31875,0,17287,1169,848,1904,2379,529,16972,16739,0,0,519,1365,0,2627,1288,640,1149,103,410,0,0,0,1246,16602,208,208,0,105,0,1254,212
 31880,0,17292,1169,848,1904,2379,529,16977,16744,0,0,519,1365,0,2627,1288,640,1149,103,410,0,0,0,1246,16607,208,208,0,105,0,1254,212
 31885,0,17297,1169,848,1904,2379,529,16982,16749,0,0,519,1365,0,2627,1288,640,1149,103,410,0,0,0,1246,16612,208,208,0,105,0,1254,212
 31890,0,17302,1169,848,1904,2379,529,16987,16754,0,0,519,1365,0,2627,1288,640,1149,103,410,0,0,0,1246,16617,208,208,0,105,0,1254,212
 31895,0,17307,1169,848,1904,2379,529,16992,16759,0,0,519,1365,0,2627,1288,640,1149,103,410,0,0,0,1246,16622,208,208,0,105,0,1254,212
 31900,0,17312,1169,848,1904,2379,529,16997,16764,0,0,519,1365,0,2627,1288,640,1149,103,410,0,0,0,1246,16627,208,208,0,105,0,1254,212
 31905,0,17317,1169,848,1904,2379,529,17002,16769,0,0,519,1365,0,2627,1288,640,1149,103,410,0,0,0,1246,16632,208,208,0,105,0,1254,212
 31910,0,17322,1169,848,1904,2379,529,17007,16774,0,0,519,1365,0,2627,1288,640,1149,103,410,0,0,0,1246,16637,208,208,0,105,0,1254,212
 31915,0,17327,1169,848,1904,2379,529,17012,16779,0,0,519,1365,0,2627,1288,640,1149,103,410,0,0,0,1246,16642,208,208,0,105,0,1254,212
 31920,0,17332,1169,848,1904,2379,529,17017,16784,0,0,519,1365,0,2627,1288,640,1149,103,410,0,0,0,1246,16647,208,208,0,105,0,1254,212
 31925,0,17337,1169,848,1904,2379,529,17022,16789,0,0,519,1365,0,2627,1288,640,1149,103,410,0,0,0,1246,16652,208,208,0,105,0,1254,212
 31930,0,17342,1169,848,1904,2379,529,17027,16794,0,0,519,1365,0,2627,1288,640,1149,103,410,0,0,0,1246,16657,208,208,0,105,0,1254,212
 31935,0,17347,1169,848,1904,2379,529,17032,16799,0,0,519,1365,0,2627,1288,640,1149,103,410,0,0,0,1246,16662,208,208,0,105,0,1254,212
 31940,0,17353,1169,848,1904,2379,529,17037,16804,0,0,519,1365,0,2627,1288,640,1149,103,410,0,0,0,1246,16667,208,208,0,105,0,1254,212
 31945,0,17353,1169,848,1904,2379,529,17042,16809,0,0,519,1365,0,2627,1288,640,1149,103,410,0,0,0,1246,16672,208,208,0,105,0,1254,212
 31950,0,17353,1169,848,1904,2379,529,17047,16814,0,0,519,1365,0,2627,1288,640,1149,103,410,0,0,0,1246,16677,208,208,0,105,0,1254,212
 31955,0,17353,1169,848,1904,2379,529,17052,16819,0,0,519,1365,0,2627,1288,640,1149,103,410,0,0,0,1246,16682,208,208,0,105,0,1254,212
 31960,0,17353,1169,848,1904,2379,529,17056,16824,0,0,519,1365,0,2627,1288,640,1149,103,410,0,0,0,1246,16687,208,208,0,105,0,1254,212
 31965,0,17353,1169,848,1904,2379,529,17056,16829,0,0,519,1365,0,2627,1288,640,1149,103,410,0,0,0,1246,16692,208,208,0,105,0,1254,212
 31970,0,17353,1169,848,1904,2379,529,17056,16834,0,0,519,1365,0,2627,1288,640,1149,103,410,0,0,0,1246,16697,208,208,0,105,0,1254,212
 31975,0,17353,1169,848,1904,2379,529,17056,16837,0,0,519,1365,0,2627,1288,640,1149,103,410,0,0,0,1246,16702,208,208,0,105,0,1254,212
 31980,0,17353,1169,848,1904,2379,529,17056,16837,0,0,519,1365,0,2627,1288,640,1149,103,410,0,0,0,1246,16704,208,208,0,105,0,1254,212
 31985,0,17353,1169,848,1904,2379,529,17056,16837,0,0,519,1365,0,2627,1288,640,1149,103,410,0,0,0,1246,16704,208,208,0,105,0,1254,212
 31990,0,17353,1169,848,1904,2379,529,17056,16837,0,0,519,1365,0,2627,1288,640,1149,103,410,0,0,0,1246,16704,208,208,0,105,0,1254,212
 31995,0,17353,1169,848,1904,2379,529,17056,16837,0,0,519,1365,0,2627,1288,640,1149,103,410,0,0,0,1246,16704,208,208,0,105,0,1254,212
 32000,0,17353,1169,848,1904,2379,529,17056,16837,0,0,519,1365,0,2627,1288,640,1149,103,410,0,0,0,1246,16704,208,208,0,105,0,1254,212
 32005,0,17353,1169,848,1904,2379,529,17056,16837,0,0,519,1365,0,2627,1288,640,1149,103,410,0,0,0,1246,16704,208,208,0,105,0,1254,212
 32010,0,17353,1169,848,1904,2379,529,17056,16837,0,0,519,1365,0,2627,1288,640,1149,103,410,0,0,0,1246,16704,208,208,0,105,0,1254,212
 32015,0,17353,1169,848,1904,2379,529,17056,16837,0,0,519,1365,0,2627,1288,640,1149,103,410,0,0,0,1246,16704,208,208,0,105,0,1254,212
 32020,0,17353,1169,848,1904,2379,529,17056,16837,0,0,519,1365,0,2627,1288,640,1149,103,410,0,0,0,1246,16704,208,208,0,105,0,1254,212
 32025,0,17354,1169,848,1904,2379,529,17056,16837,0,0,519,1365,0,2627,1288,640,1149,103,410,0,0,0,1246,16704,208,208,0,105,0,1254,212
 32030,0,17359,1169,848,1904,2379,529,17056,16837,0,0,519,1365,0,2627,1288,640,1149,103,410,0,0,0,1246,16704,208,208,0,105,0,1254,212
 32035,0,17364,1169,848,1904,2379,529,17056,16837,0,0,519,1365,0,2627,1288,640,1149,103,410,0,0,0,1246,16704,208,208,0,105,0,1254,212
 32040,0,17369,1169,848,1904,2379,529,17056,16837,0,0,519,1365,0,2627,1288,640,1149,103,410,0,0,0,1246,16704,208,208,0,105,0,1254,212
 32045,0,17374,1169,848,1904,2379,529,17056,16837,0,0,519,1365,0,2627,1288,640,1149,103,410,0,0,0,1246,16704,208,208,0,105,0,1254,212
 32050,0,17379,1169,848,1904,2379,529,17056,16837,0,0,519,1365,0,2627,1288,640,1149,103,410,0,0,0,1246,16704,208,208,0,105,0,1254,212
 32055,0,17384,1169,848,1904,2379,529,17056,16837,0,0,519,1365,0,2627,1288,640,1149,103,410,0,0,0,1246,16704,208,208,0,105,0,1254,212
 32060,0,17389,1169,848,1904,2379,529,17056,16837,0,0,519,1365,0,2627,1288,640,1149,103,410,0,0,0,1246,16704,208,208,0,105,0,1254,212
 32065,0,17394,1169,848,1904,2379,529,17056,16837,0,0,519,1365,0,2627,1288,640,1149,103,410,0,0,0,1246,16704,208,208,0,105,0,1254,212
 32070,0,17399,1169,848,1904,2379,529,17056,16837,0,0,519,1365,0,2627,1288,640,1149,103,410,0,0,0,1246,16704,208,208,0,105,0,1254,212
 32075,0,17404,1169,848,1904,2379,529,17056,16837,0,0,519,1365,0,2627,1288,640,1149,103,410,0,0,0,1246,16704,208,208,0,105,0,1254,212
 32080,0,17409,1169,848,1904,2379,529,17056,16837,0,0,519,1365,0,2627,1288,640,1149,103,410,0,0,0,1246,16704,208,208,0,105,0,1254,212
 32085,0,17414,1169,848,1904,2379,529,17056,16837,0,0,519,1365,0,2627,1288,640,1149,103,410,0,0,0,1246,16704,208,208,0,105,0,1254,212
 32090,0,17419,1169,848,1904,2379,529,17056,16837,0,0,519,1365,0,2627,1288,640,1149,103,410,0,0,0,1246,16704,208,208,0,105,0,1254,212
 32095,0,17424,1169,848,1904,2379,529,17056,16837,0,0,519,1365,0,2627,1288,640,1149,103,410,0,0,0,1246,16704,208,208,0,105,0,1254,212
 32100,0,17429,1169,848,1904,2379,529,17056,16837,0,0,519,1365,0,2627,1288,640,1149,103,410,0,0,0,1246,16703,208,208,0,105,0,1254,212
 32105,0,17434,1169,848,1904,2379,529,17056,16837,0,0,519,1365,0,2627,1288,640,1149,103,410,0,0,0,1246,16708,208,208,0,105,0,1254,212
 32110,0,17439,1169,848,1904,2379,529,17056,16837,0,0,519,1365,0,2627,1288,640,1149,103,410,0,0,0,1246,16713,208,208,0,105,0,1254,212
 32115,0,17444,1169,848,1904,2379,529,17056,16837,0,0,519,1365,0,2627,1288,640,1149,103,410,0,0,0,1246,16718,208,208,0,105,0,1254,212
 32120,0,17449,1169,848,1904,2379,529,17056,16837,0,0,519,1365,0,2627,1288,640,1149,103,410,0,0,0,1246,16723,208,208,0,105,0,1254,212
 32125,0,17454,1169,848,1904,2379,529,17056,16837,0,0,519,1365,0,2627,1288,640,1149,103,410,0,0,0,1246,16728,208,208,0,105,0,1254,212
 32130,0,17456,1169,848,1904,2379,529,17056,16837,0,0,519,1365,0,2627,1288,640,1149,103,410,0,0,0,1246,16733,208,208,0,105,0,1254,212
 32135,0,17456,1169,848,1904,2379,529,17056,16837,0,0,519,1365,0,2627,1288,640,1149,103,410,0,0,0,1246,16738,208,208,0,105,0,1254,212
 32140,0,17456,1169,848,1904,2379,529,17056,16837,0,0,519,1365,0,2627,1288,640,1149,103,410,0,0,0,1246,16743,208,208,0,105,0,1254,212
 32145,0,17456,1169,848,1904,2379,529,17056,16837,0,0,519,1365,0,2627,1288,640,1149,103,410,0,0,0,1246,16748,208,208,0,105,0,1254,212
 32150,0,17456,1169,848,1904,2379,529,17056,16837,0,0,519,1365,0,2627,1288,640,1149,103,410,0,0,0,1246,16753,208,208,0,105,0,1254,212
 32155,0,17456,1169,848,1904,2379,529,17056,16837,0,0,519,1365,0,2627,1288,640,1149,103,410,0,0,0,1246,16758,208,208,0,105,0,1254,212
 32160,0,17456,1169,848,1904,2379,529,17055,16837,0,0,519,1365,0,2627,1288,640,1149,103,410,0,0,0,1246,16763,208,208,0,105,0,1254,212
 32165,0,17456,1169,848,1904,2379,529,17060,16837,0,0,519,1365,0,2627,1288,640,1149,103,410,0,0,0,1246,16768,208,208,0,105,0,1254,212
 32170,0,17456,1169,848,1904,2379,529,17065,16838,0,0,519,1365,0,2627,1288,640,1149,103,410,0,0,0,1246,16773,208,208,0,105,0,1254,212
 32175,0,17456,1169,848,1904,2379,529,17070,16843,0,0,519,1365,0,2627,1288,640,1149,103,410,0,0,0,1246,16778,208,208,0,105,0,1254,212
 32180,0,17456,1169,848,1904,2379,529,17075,16848,0,0,519,1365,0,2627,1288,640,1149,103,410,0,0,0,1246,16783,208,208,0,105,0,1254,212
 32185,0,17456,1169,848,1904,2379,529,17080,16853,0,0,519,1365,0,2627,1288,640,1149,103,410,0,0,0,1246,16788,208,208,0,105,0,1254,212
 32190,0,17456,1169,848,1904,2379,529,17085,16858,0,0,519,1365,0,2627,1288,640,1149,103,410,0,0,0,1246,16793,208,208,0,105,0,1254,212
 32195,0,17456,1169,848,1904,2379,529,17090,16863,0,0,519,1365,0,2627,1288,640,1149,103,410,0,0,0,1246,16798,208,208,0,105,0,1254,212
 32200,0,17456,1169,848,1904,2379,529,17095,16868,0,0,519,1365,0,2627,1288,640,1149,103,410,0,0,0,1246,16803,208,208,0,105,0,1254,212
 32205,0,17456,1169,848,1904,2379,529,17100,16873,0,0,519,1365,0,2627,1288,640,1149,103,410,0,0,0,1246,16807,208,208,0,105,0,1254,212
 32210,0,17458,1169,848,1904,2379,529,17105,16878,0,0,519,1365,0,2627,1288,640,1149,103,410,0,0,0,1246,16807,208,208,0,105,0,1254,212
 32215,0,17463,1169,848,1904,2379,529,17110,16883,0,0,519,1365,0,2627,1288,640,1149,103,410,0,0,0,1246,16807,208,208,0,105,0,1254,212
 32220,0,17468,1169,848,1904,2379,529,17115,16888,0,0,519,1365,0,2627,1288,640,1149,103,410,0,0,0,1246,16807,208,208,0,105,0,1254,212
 32225,0,17473,1169,848,1904,2379,529,17120,16893,0,0,519,1365,0,2627,1288,640,1149,103,410,0,0,0,1246,16807,208,208,0,105,0,1254,212
 32230,0,17478,1169,848,1904,2379,529,17125,16898,0,0,519,1365,0,2627,1288,640,1149,103,410,0,0,0,1246,16807,208,208,0,105,0,1254,212
 32235,0,17483,1169,848,1904,2379,529,17130,16903,0,0,519,1365,0,2627,1288,640,1149,103,410,0,0,0,1246,16807,208,208,0,105,0,1254,212
 32240,0,17488,1169,848,1904,2379,529,17135,16908,0,0,519,1365,0,2627,1288,640,1149,103,410,0,0,0,1246,16807,208,208,0,105,0,1254,212
 32245,0,17493,1169,848,1904,2379,529,17140,16913,0,0,519,1365,0,2627,1288,640,1149,103,410,0,0,0,1246,16810,208,208,0,105,0,1254,212
 32250,0,17498,1169,848,1904,2379,529,17145,16918,0,0,519,1365,0,2627,1288,640,1149,103,410,0,0,0,1246,16815,208,208,0,105,0,1254,212
 32255,0,17503,1169,848,1904,2379,529,17150,16923,0,0,519,1365,0,2627,1288,640,1149,103,410,0,0,0,1246,16820,208,208,0,105,0,1254,212
 32260,0,17508,1169,848,1904,2379,529,17155,16928,0,0,519,1365,0,2627,1288,640,1149,103,410,0,0,0,1246,16825,208,208,0,105,0,1254,212
 32265,0,17513,1169,848,1904,2379,529,17160,16933,0,0,519,1365,0,2627,1288,640,1149,103,410,0,0,0,1246,16830,208,208,0,105,0,1254,212
 32270,0,17518,1169,848,1904,2379,529,17163,16938,0,0,519,1365,0,2627,1288,640,1149,103,410,0,0,0,1246,16835,208,208,0,105,0,1254,212
 32275,0,17523,1169,848,1904,2379,529,17163,16940,0,0,519,1365,0,2627,1288,640,1149,103,410,0,0,0,1246,16840,208,208,0,105,0,1254,212
 32280,0,17528,1169,848,1904,2379,529,17163,16940,0,0,519,1365,0,2627,1288,640,1149,103,410,0,0,0,1246,16845,208,208,0,105,0,1254,212
 32285,0,17533,1169,848,1904,2379,529,17163,16940,0,0,519,1365,0,2627,1288,640,1149,103,410,0,0,0,1246,16850,208,208,0,105,0,1254,212
 32290,0,17538,1169,848,1904,2379,529,17163,16940,0,0,519,1365,0,2627,1288,640,1149,103,410,0,0,0,1246,16855,208,208,0,105,0,1254,212
 32295,0,17543,1169,848,1904,2379,529,17163,16940,0,0,519,1365,0,2627,1288,640,1149,103,410,0,0,0,1246,16860,208,208,0,105,0,1254,212
 32300,0,17548,1169,848,1904,2379,529,17163,16940,0,0,519,1365,0,2627,1288,640,1149,103,410,0,0,0,1246,16865,208,208,0,105,0,1254,212
 32305,0,17553,1169,848,1904,2379,529,17163,16940,0,0,519,1365,0,2627,1288,640,1149,103,410,0,0,0,1246,16870,208,208,0,105,0,1254,212
 32310,0,17558,1169,848,1904,2379,529,17163,16940,0,0,519,1365,0,2627,1288,640,1149,103,410,0,0,0,1246,16875,208,208,0,105,0,1254,212
 32315,0,17563,1169,848,1904,2379,529,17163,16940,0,0,519,1365,0,2627,1288,640,1149,103,410,0,0,0,1246,16880,208,208,0,105,0,1254,212
 32320,0,17563,1169,848,1904,2379,529,17163,16940,0,0,519,1365,0,2627,1288,640,1149,103,410,0,0,0,1246,16885,208,208,0,105,0,1254,212
 32325,0,17563,1169,848,1904,2379,529,17163,16940,0,0,519,1365,0,2627,1288,640,1149,103,410,0,0,0,1246,16890,208,208,0,105,0,1254,212
 32330,0,17563,1169,848,1904,2379,529,17163,16940,0,0,519,1365,0,2627,1288,640,1149,103,410,0,0,0,1246,16895,208,208,0,105,0,1254,212
 32335,0,17563,1169,848,1904,2379,529,17163,16940,0,0,519,1365,0,2627,1288,640,1149,103,410,0,0,0,1246,16900,208,208,0,105,0,1254,212
 32340,0,17563,1169,848,1904,2379,529,17166,16940,0,0,519,1365,0,2627,1288,640,1149,103,410,0,0,0,1246,16905,208,208,0,105,0,1254,212
 32345,0,17563,1169,848,1904,2379,529,17171,16940,0,0,519,1365,0,2627,1288,640,1149,103,410,0,0,0,1246,16908,208,208,0,105,0,1254,212
 32350,0,17563,1169,848,1904,2379,529,17176,16940,0,0,519,1365,0,2627,1288,640,1149,103,410,0,0,0,1246,16908,208,208,0,105,0,1254,212
 32355,0,17563,1169,848,1904,2379,529,17181,16940,0,0,519,1365,0,2627,1288,640,1149,103,410,0,0,0,1246,16908,208,208,0,105,0,1254,212
 32360,0,17563,1169,848,1904,2379,529,17186,16940,0,0,519,1365,0,2627,1288,640,1149,103,410,0,0,0,1246,16908,208,208,0,105,0,1254,212
 32365,0,17563,1169,848,1904,2379,529,17191,16940,0,0,519,1365,0,2627,1288,640,1149,103,410,0,0,0,1246,16908,208,208,0,105,0,1254,212
 32370,0,17563,1169,848,1904,2379,529,17196,16940,0,0,519,1365,0,2627,1288,640,1149,103,410,0,0,0,1246,16908,208,208,0,105,0,1254,212
 32375,0,17563,1169,848,1904,2379,529,17201,16940,0,0,519,1365,0,2627,1288,640,1149,103,410,0,0,0,1246,16908,208,208,0,105,0,1254,212
 32380,0,17563,1169,848,1904,2379,529,17206,16940,0,0,519,1365,0,2627,1288,640,1149,103,410,0,0,0,1246,16908,208,208,0,105,0,1254,212
 32385,0,17563,1169,848,1904,2379,529,17211,16942,0,0,519,1365,0,2627,1288,640,1149,103,410,0,0,0,1246,16908,208,208,0,105,0,1254,212
 32390,0,17565,1169,848,1904,2379,529,17216,16947,0,0,519,1365,0,2627,1288,640,1149,103,410,0,0,0,1246,16908,208,208,0,105,0,1254,212
 32395,0,17570,1169,848,1904,2379,529,17221,16952,0,0,519,1365,0,2627,1288,640,1149,103,410,0,0,0,1246,16908,208,208,0,105,0,1254,212
 32400,0,17575,1169,848,1904,2379,529,17226,16957,0,0,519,1365,0,2627,1288,640,1149,103,410,0,0,0,1246,16908,208,208,0,105,0,1254,212
 32405,0,17580,1169,848,1904,2379,529,17231,16962,0,0,519,1365,0,2627,1288,640,1149,103,410,0,0,0,1246,16908,208,208,0,105,0,1254,212
 32410,0,17585,1169,848,1904,2379,529,17236,16967,0,0,519,1365,0,2627,1288,640,1149,103,410,0,0,0,1246,16908,208,208,0,105,0,1254,212
 32415,0,17590,1169,848,1904,2379,529,17241,16972,0,0,519,1365,0,2627,1288,640,1149,103,410,0,0,0,1246,16908,208,208,0,105,0,1254,212
 32420,0,17595,1169,848,1904,2379,529,17246,16977,0,0,519,1365,0,2627,1288,640,1149,103,410,0,0,0,1246,16908,208,208,0,105,0,1254,212
 32425,0,17600,1169,848,1904,2379,529,17251,16982,0,0,519,1365,0,2627,1288,640,1149,103,410,0,0,0,1246,16908,208,208,0,105,0,1254,212
 32430,0,17605,1169,848,1904,2379,529,17256,16987,0,0,519,1365,0,2627,1288,640,1149,103,410,0,0,0,1246,16908,208,208,0,105,0,1254,212
 32435,0,17610,1169,848,1904,2379,529,17261,16992,0,0,519,1365,0,2627,1288,640,1149,103,410,0,0,0,1246,16908,208,208,0,105,0,1254,212
 32440,0,17615,1169,848,1904,2379,529,17266,16997,0,0,519,1365,0,2627,1288,640,1149,103,410,0,0,0,1246,16908,208,208,0,105,0,1254,212
 32445,0,17620,1169,848,1904,2379,529,17268,17002,0,0,519,1365,0,2627,1288,640,1149,103,410,0,0,0,1246,16907,208,208,0,105,0,1254,212
 32450,0,17625,1169,848,1904,2379,529,17268,17007,0,0,519,1365,0,2627,1288,640,1149,103,410,0,0,0,1246,16912,208,208,0,105,0,1254,212
 32455,0,17630,1169,848,1904,2379,529,17268,17012,0,0,519,1365,0,2627,1288,640,1149,103,410,0,0,0,1246,16917,208,208,0,105,0,1254,212
 32460,0,17635,1169,848,1904,2379,529,17268,17017,0,0,519,1365,0,2627,1288,640,1149,103,410,0,0,0,1246,16922,208,208,0,105,0,1254,212
 32465,0,17640,1169,848,1904,2379,529,17268,17022,0,0,519,1365,0,2627,1288,640,1149,103,410,0,0,0,1246,16927,208,208,0,105,0,1254,212
 32470,0,17645,1169,848,1904,2379,529,17268,17027,0,0,519,1365,0,2627,1288,640,1149,103,410,0,0,0,1246,16932,208,208,0,105,0,1254,212
 32475,0,17650,1169,848,1904,2379,529,17268,17032,0,0,519,1365,0,2627,1288,640,1149,103,410,0,0,0,1246,16937,208,208,0,105,0,1254,212
 32480,0,17655,1169,848,1904,2379,529,17268,17037,0,0,519,1365,0,2627,1288,640,1149,103,410,0,0,0,1246,16942,208,208,0,105,0,1254,212
 32485,0,17660,1169,848,1904,2379,529,17268,17042,0,0,519,1365,0,2627,1288,640,1149,103,410,0,0,0,1246,16947,208,208,0,105,0,1254,212
 32490,0,17665,1169,848,1904,2379,529,17268,17045,0,0,519,1365,0,2627,1288,640,1149,103,410,0,0,0,1246,16952,208,208,0,105,0,1254,212
 32495,0,17668,1169,848,1904,2379,529,17268,17045,0,0,519,1365,0,2627,1288,640,1149,103,410,0,0,0,1246,16957,208,208,0,105,0,1254,212
 32500,0,17668,1169,848,1904,2379,529,17268,17045,0,0,519,1365,0,2627,1288,640,1149,103,410,0,0,0,1246,16962,208,208,0,105,0,1254,212
 32505,0,17668,1169,848,1904,2379,529,17268,17045,0,0,519,1365,0,2627,1288,640,1149,103,410,0,0,0,1246,16967,208,208,0,105,0,1254,212
 32510,0,17668,1169,848,1904,2379,529,17268,17045,0,0,519,1365,0,2627,1288,640,1149,103,410,0,0,0,1246,16972,208,208,0,105,0,1254,212
 32515,0,17668,1169,848,1904,2379,529,17268,17045,0,0,519,1365,0,2627,1288,640,1149,103,410,0,0,0,1246,16977,208,208,0,105,0,1254,212
 32520,0,17668,1169,848,1904,2379,529,17268,17045,0,0,519,1365,0,2627,1288,640,1149,103,410,0,0,0,1246,16982,208,208,0,105,0,1254,212
 32525,0,17668,1169,848,1904,2379,529,17268,17045,0,0,519,1365,0,2627,1288,640,1149,103,410,0,0,0,1246,16987,208,208,0,105,0,1254,212
 32530,0,17668,1169,848,1904,2379,529,17268,17045,0,0,519,1365,0,2627,1288,640,1149,103,410,0,0,0,1246,16992,208,208,0,105,0,1254,212
 32535,0,17668,1169,848,1904,2379,529,17268,17045,0,0,519,1365,0,2627,1288,640,1149,103,410,0,0,0,1246,16997,208,208,0,105,0,1254,212
 32540,0,17668,1169,848,1904,2379,529,17268,17045,0,0,519,1365,0,2627,1288,640,1149,103,410,0,0,0,1246,17002,208,208,0,105,0,1254,212
 32545,0,17668,1169,848,1904,2379,529,17268,17045,0,0,519,1365,0,2627,1288,640,1149,103,410,0,0,0,1246,17007,208,208,0,105,0,1254,212
 32550,0,17668,1169,848,1904,2379,529,17268,17048,0,0,519,1365,0,2627,1288,640,1149,103,410,0,0,0,1246,17011,208,208,0,105,0,1254,212
 32555,0,17668,1169,848,1904,2379,529,17268,17053,0,0,519,1365,0,2627,1288,640,1149,103,410,0,0,0,1246,17011,208,208,0,105,0,1254,212
 32560,0,17668,1169,848,1904,2379,529,17268,17058,0,0,519,1365,0,2627,1288,640,1149,103,410,0,0,0,1246,17011,208,208,0,105,0,1254,212
 32565,0,17668,1169,848,1904,2379,529,17268,17063,0,0,519,1365,0,2627,1288,640,1149,103,410,0,0,0,1246,17011,208,208,0,105,0,1254,212
 32570,0,17668,1169,848,1904,2379,529,17268,17068,0,0,519,1365,0,2627,1288,640,1149,103,410,0,0,0,1246,17011,208,208,0,105,0,1254,212
 32575,0,17668,1169,848,1904,2379,529,17268,17073,0,0,519,1365,0,2627,1288,640,1149,103,410,0,0,0,1246,17011,208,208,0,105,0,1254,212
 32580,0,17668,1169,848,1904,2379,529,17268,17078,0,0,519,1365,0,2627,1288,640,1149,103,410,0,0,0,1246,17011,208,208,0,105,0,1254,212
 32585,0,17668,1169,848,1904,2379,529,17269,17083,0,0,519,1365,0,2627,1288,640,1149,103,410,0,0,0,1246,17011,208,208,0,105,0,1254,212
 32590,0,17668,1169,848,1904,2379,529,17274,17088,0,0,519,1365,0,2627,1288,640,1149,103,410,0,0,0,1246,17011,208,208,0,105,0,1254,212
 32595,0,17668,1169,848,1904,2379,529,17279,17093,0,0,519,1365,0,2627,1288,640,1149,103,410,0,0,0,1246,17011,208,208,0,105,0,1254,212
 32600,0,17668,1169,848,1904,2379,529,17284,17098,0,0,519,1365,0,2627,1288,640,1149,103,410,0,0,0,1246,17011,208,208,0,105,0,1254,212
 32605,0,17668,1169,848,1904,2379,529,17289,17103,0,0,519,1365,0,2627,1288,640,1149,103,410,0,0,0,1246,17016,208,208,0,105,0,1254,212
 32610,0,17668,1169,848,1904,2379,529,17294,17108,0,0,519,1365,0,2627,1288,640,1149,103,410,0,0,0,1246,17021,208,208,0,105,0,1254,212
 32615,0,17668,1169,848,1904,2379,529,17299,17113,0,0,519,1365,0,2627,1288,640,1149,103,410,0,0,0,1246,17026,208,208,0,105,0,1254,212
 32620,0,17668,1169,848,1904,2379,529,17304,17118,0,0,519,1365,0,2627,1288,640,1149,103,410,0,0,0,1246,17031,208,208,0,105,0,1254,212
 32625,0,17668,1169,848,1904,2379,529,17309,17123,0,0,519,1365,0,2627,1288,640,1149,103,410,0,0,0,1246,17036,208,208,0,105,0,1254,212
 32630,0,17668,1169,848,1904,2379,529,17314,17128,0,0,519,1365,0,2627,1288,640,1149,103,410,0,0,0,1246,17041,208,208,0,105,0,1254,212
 32635,0,17668,1169,848,1904,2379,529,17319,17133,0,0,519,1365,0,2627,1288,640,1149,103,410,0,0,0,1246,17046,208,208,0,105,0,1254,212
 32640,0,17668,1169,848,1904,2379,529,17324,17138,0,0,519,1365,0,2627,1288,640,1149,103,410,0,0,0,1246,17051,208,208,0,105,0,1254,212
 32645,0,17668,1169,848,1904,2379,529,17329,17143,0,0,519,1365,0,2627,1288,640,1149,103,410,0,0,0,1246,17056,208,208,0,105,0,1254,212
 32650,0,17668,1169,848,1904,2379,529,17334,17148,0,0,519,1365,0,2627,1288,640,1149,103,410,0,0,0,1246,17061,208,208,0,105,0,1254,212
 32655,0,17668,1169,848,1904,2379,529,17339,17152,0,0,519,1365,0,2627,1288,640,1149,103,410,0,0,0,1246,17066,208,208,0,105,0,1254,212
 32660,0,17668,1169,848,1904,2379,529,17344,17152,0,0,519,1365,0,2627,1288,640,1149,103,410,0,0,0,1246,17071,208,208,0,105,0,1254,212
 32665,0,17668,1169,848,1904,2379,529,17349,17152,0,0,519,1365,0,2627,1288,640,1149,103,410,0,0,0,1246,17076,208,208,0,105,0,1254,212
 32670,0,17668,1169,848,1904,2379,529,17354,17152,0,0,519,1365,0,2627,1288,640,1149,103,410,0,0,0,1246,17081,208,208,0,105,0,1254,212
 32675,0,17668,1169,848,1904,2379,529,17359,17152,0,0,519,1365,0,2627,1288,640,1149,103,410,0,0,0,1246,17086,208,208,0,105,0,1254,212
 32680,0,17668,1169,848,1904,2379,529,17364,17152,0,0,519,1365,0,2627,1288,640,1149,103,410,0,0,0,1246,17091,208,208,0,105,0,1254,212
 32685,0,17668,1169,848,1904,2379,529,17369,17152,0,0,519,1365,0,2627,1288,640,1149,103,410,0,0,0,1246,17096,208,208,0,105,0,1254,212
 32690,0,17668,1169,848,1904,2379,529,17373,17152,0,0,519,1365,0,2627,1288,640,1149,103,410,0,0,0,1246,17101,208,208,0,105,0,1254,212
 32695,0,17668,1169,848,1904,2379,529,17373,17152,0,0,519,1365,0,2627,1288,640,1149,103,410,0,0,0,1246,17106,208,208,0,105,0,1254,212
 32700,0,17668,1169,848,1904,2379,529,17373,17152,0,0,519,1365,0,2627,1288,640,1149,103,410,0,0,0,1246,17111,208,208,0,105,0,1254,212
 32705,0,17668,1169,848,1904,2379,529,17373,17152,0,0,519,1365,0,2627,1288,640,1149,103,410,0,0,0,1246,17114,208,208,0,105,0,1254,212
 32710,0,17668,1169,848,1904,2379,529,17373,17152,0,0,519,1365,0,2627,1288,640,1149,103,410,0,0,0,1246,17114,208,208,0,105,0,1254,212
 32715,0,17668,1169,848,1904,2379,529,17373,17152,0,0,519,1365,0,2627,1288,640,1149,103,410,0,0,0,1246,17114,208,208,0,105,0,1254,212
 32720,0,17668,1169,848,1904,2379,529,17373,17152,0,0,519,1365,0,2627,1288,640,1149,103,410,0,0,0,1246,17114,208,208,0,105,0,1254,212
 32725,0,17668,1169,848,1904,2379,529,17373,17152,0,0,519,1365,0,2627,1288,640,1149,103,410,0,0,0,1246,17114,208,208,0,105,0,1254,212
 32730,0,17668,1169,848,1904,2379,529,17373,17152,0,0,519,1365,0,2627,1288,640,1149,103,410,0,0,0,1246,17114,208,208,0,105,0,1254,212
 32735,0,17668,1169,848,1904,2379,529,17373,17152,0,0,519,1365,0,2627,1288,640,1149,103,410,0,0,0,1246,17114,208,208,0,105,0,1254,212
 32740,0,17668,1169,848,1904,2379,529,17373,17152,0,0,519,1365,0,2627,1288,640,1149,103,410,0,0,0,1246,17114,208,208,0,105,0,1254,212
 32745,0,17668,1169,848,1904,2379,529,17373,17152,0,0,519,1365,0,2627,1288,640,1149,103,410,0,0,0,1246,17114,208,208,0,105,0,1254,212
 32750,0,17668,1169,848,1904,2379,529,17373,17152,0,0,519,1365,0,2627,1288,640,1149,103,410,0,0,0,1246,17114,208,208,0,105,0,1254,212
 32755,0,17668,1169,848,1904,2379,529,17373,17152,0,0,519,1365,0,2627,1288,640,1149,103,410,0,0,0,1246,17114,208,208,0,105,0,1254,212
 32760,0,17668,1169,848,1904,2379,529,17373,17152,0,0,519,1365,0,2627,1288,640,1149,103,410,0,0,0,1246,17114,208,208,0,105,0,1254,212
 32765,0,17670,1169,848,1904,2379,529,17373,17152,0,0,519,1365,0,2627,1288,640,1149,103,410,0,0,0,1246,17114,208,208,0,105,0,1254,212
 32770,0,17675,1169,848,1904,2379,529,17373,17152,0,0,519,1365,0,2627,1288,640,1149,103,410,0,0,0,1246,17113,208,208,0,105,0,1254,212
 32775,0,17680,1169,848,1904,2379,529,17373,17152,0,0,519,1365,0,2627,1288,640,1149,103,410,0,0,0,1246,17118,208,208,0,105,0,1254,212
 32780,0,17685,1169,848,1904,2379,529,17373,17152,0,0,519,1365,0,2627,1288,640,1149,103,410,0,0,0,1246,17123,208,208,0,105,0,1254,212
 32785,0,17690,1169,848,1904,2379,529,17373,17152,0,0,519,1365,0,2627,1288,640,1149,103,410,0,0,0,1246,17128,208,208,0,105,0,1254,212
 32790,0,17695,1169,848,1904,2379,529,17373,17152,0,0,519,1365,0,2627,1288,640,1149,103,410,0,0,0,1246,17133,208,208,0,105,0,1254,212
 32795,0,17700,1169,848,1904,2379,529,17373,17152,0,0,519,1365,0,2627,1288,640,1149,103,410,0,0,0,1246,17138,208,208,0,105,0,1254,212
 32800,0,17705,1169,848,1904,2379,529,17373,17152,0,0,519,1365,0,2627,1288,640,1149,103,410,0,0,0,1246,17143,208,208,0,105,0,1254,212
 32805,0,17710,1169,848,1904,2379,529,17373,17152,0,0,519,1365,0,2627,1288,640,1149,103,410,0,0,0,1246,17148,208,208,0,105,0,1254,212
 32810,0,17715,1169,848,1904,2379,529,17373,17152,0,0,519,1365,0,2627,1288,640,1149,103,410,0,0,0,1246,17153,208,208,0,105,0,1254,212
 32815,0,17720,1169,848,1904,2379,529,17373,17157,0,0,519,1365,0,2627,1288,640,1149,103,410,0,0,0,1246,17158,208,208,0,105,0,1254,212
 32820,0,17725,1169,848,1904,2379,529,17374,17162,0,0,519,1365,0,2627,1288,640,1149,103,410,0,0,0,1246,17163,208,208,0,105,0,1254,212
 32825,0,17730,1169,848,1904,2379,529,17379,17167,0,0,519,1365,0,2627,1288,640,1149,103,410,0,0,0,1246,17168,208,208,0,105,0,1254,212
 32830,0,17735,1169,848,1904,2379,529,17384,17172,0,0,519,1365,0,2627,1288,640,1149,103,410,0,0,0,1246,17173,208,208,0,105,0,1254,212
 32835,0,17740,1169,848,1904,2379,529,17389,17177,0,0,519,1365,0,2627,1288,640,1149,103,410,0,0,0,1246,17178,208,208,0,105,0,1254,212
 32840,0,17745,1169,848,1904,2379,529,17394,17182,0,0,519,1365,0,2627,1288,640,1149,103,410,0,0,0,1246,17183,208,208,0,105,0,1254,212
 32845,0,17750,1169,848,1904,2379,529,17399,17187,0,0,519,1365,0,2627,1288,640,1149,103,410,0,0,0,1246,17188,208,208,0,105,0,1254,212
 32850,0,17755,1169,848,1904,2379,529,17404,17192,0,0,519,1365,0,2627,1288,640,1149,103,410,0,0,0,1246,17193,208,208,0,105,0,1254,212
 32855,0,17760,1169,848,1904,2379,529,17409,17197,0,0,519,1365,0,2627,1288,640,1149,103,410,0,0,0,1246,17198,208,208,0,105,0,1254,212
 32860,0,17765,1169,848,1904,2379,529,17414,17202,0,0,519,1365,0,2627,1288,640,1149,103,410,0,0,0,1246,17203,208,208,0,105,0,1254,212
 32865,0,17771,1169,848,1904,2379,529,17419,17207,0,0,519,1365,0,2627,1288,640,1149,103,410,0,0,0,1246,17208,208,208,0,105,0,1254,212
 32870,0,17771,1169,848,1904,2379,529,17424,17212,0,0,519,1365,0,2627,1288,640,1149,103,410,0,0,0,1246,17213,208,208,0,105,0,1254,212
 32875,0,17771,1169,848,1904,2379,529,17429,17217,0,0,519,1365,0,2627,1288,640,1149,103,410,0,0,0,1246,17217,208,208,0,105,0,1254,212
 32880,0,17771,1169,848,1904,2379,529,17434,17222,0,0,519,1365,0,2627,1288,640,1149,103,410,0,0,0,1246,17217,208,208,0,105,0,1254,212
 32885,0,17771,1169,848,1904,2379,529,17439,17227,0,0,519,1365,0,2627,1288,640,1149,103,410,0,0,0,1246,17217,208,208,0,105,0,1254,212
 32890,0,17771,1169,848,1904,2379,529,17444,17232,0,0,519,1365,0,2627,1288,640,1149,103,410,0,0,0,1246,17217,208,208,0,105,0,1254,212
 32895,0,17771,1169,848,1904,2379,529,17449,17237,0,0,519,1365,0,2627,1288,640,1149,103,410,0,0,0,1246,17217,208,208,0,105,0,1254,212
 32900,0,17771,1169,848,1904,2379,529,17454,17242,0,0,519,1365,0,2627,1288,640,1149,103,410,0,0,0,1246,17217,208,208,0,105,0,1254,212
 32905,0,17771,1169,848,1904,2379,529,17459,17247,0,0,519,1365,0,2627,1288,640,1149,103,410,0,0,0,1246,17217,208,208,0,105,0,1254,212
 32910,0,17771,1169,848,1904,2379,529,17464,17253,0,0,519,1365,0,2627,1288,640,1149,103,410,0,0,0,1246,17217,208,208,0,105,0,1254,212
 32915,0,17771,1169,848,1904,2379,529,17469,17253,0,0,519,1365,0,2627,1288,640,1149,103,410,0,0,0,1246,17217,208,208,0,105,0,1254,212
 32920,0,17771,1169,848,1904,2379,529,17474,17253,0,0,519,1365,0,2627,1288,640,1149,103,410,0,0,0,1246,17217,208,208,0,105,0,1254,212
 32925,0,17771,1169,848,1904,2379,529,17478,17253,0,0,519,1365,0,2627,1288,640,1149,103,410,0,0,0,1246,17217,208,208,0,105,0,1254,212
 32930,0,17771,1169,848,1904,2379,529,17478,17253,0,0,519,1365,0,2627,1288,640,1149,103,410,0,0,0,1246,17217,208,208,0,105,0,1254,212
 32935,0,17771,1169,848,1904,2379,529,17478,17253,0,0,519,1365,0,2627,1288,640,1149,103,410,0,0,0,1246,17217,208,208,0,105,0,1254,212
 32940,0,17771,1169,848,1904,2379,529,17478,17253,0,0,519,1365,0,2627,1288,640,1149,103,410,0,0,0,1246,17217,208,208,0,105,0,1254,212
 32945,0,17771,1169,848,1904,2379,529,17478,17253,0,0,519,1365,0,2627,1288,640,1149,103,410,0,0,0,1246,17217,208,208,0,105,0,1254,212
 32950,0,17771,1169,848,1904,2379,529,17478,17253,0,0,519,1365,0,2627,1288,640,1149,103,410,0,0,0,1246,17217,208,208,0,105,0,1254,212
 32955,0,17771,1169,848,1904,2379,529,17478,17253,0,0,519,1365,0,2627,1288,640,1149,103,410,0,0,0,1246,17217,208,208,0,105,0,1254,212
 32960,0,17771,1169,848,1904,2379,529,17478,17253,0,0,519,1365,0,2627,1288,640,1149,103,410,0,0,0,1246,17217,208,208,0,105,0,1254,212
 32965,0,17771,1169,848,1904,2379,529,17478,17253,0,0,519,1365,0,2627,1288,640,1149,103,410,0,0,0,1246,17217,208,208,0,105,0,1254,212
 32970,0,17771,1169,848,1904,2379,529,17478,17253,0,0,519,1365,0,2627,1288,640,1149,103,410,0,0,0,1246,17217,208,208,0,105,0,1254,212
 32975,0,17771,1169,848,1904,2379,529,17478,17253,0,0,519,1365,0,2627,1288,640,1149,103,410,0,0,0,1246,17217,208,208,0,105,0,1254,212
 32980,0,17771,1169,848,1904,2379,529,17478,17253,0,0,519,1365,0,2627,1288,640,1149,103,410,0,0,0,1246,17217,208,208,0,105,0,1254,212
 32985,0,17771,1169,848,1904,2379,529,17478,17253,0,0,519,1365,0,2627,1288,640,1149,103,410,0,0,0,1246,17217,208,208,0,105,0,1254,212
 32990,0,17771,1169,848,1904,2379,529,17478,17253,0,0,519,1365,0,2627,1288,640,1149,103,410,0,0,0,1246,17217,208,208,0,105,0,1254,212
 32995,0,17771,1169,848,1904,2379,529,17478,17253,0,0,519,1365,0,2627,1288,640,1149,103,410,0,0,0,1246,17217,208,208,0,105,0,1254,212
 33000,0,17771,1169,848,1904,2379,529,17478,17253,0,0,519,1365,0,2627,1288,640,1149,103,410,0,0,0,1246,17217,208,208,0,105,0,1254,212
 33005,0,17771,1169,848,1904,2379,529,17478,17253,0,0,519,1365,0,2627,1288,640,1149,103,410,0,0,0,1246,17217,208,208,0,105,0,1254,212
 33010,0,17771,1169,848,1904,2379,529,17478,17253,0,0,519,1365,0,2627,1288,640,1149,103,410,0,0,0,1246,17217,208,208,0,105,0,1254,212
 33015,0,17771,1169,848,1904,2379,529,17478,17253,0,0,519,1365,0,2627,1288,640,1149,103,410,0,0,0,1246,17217,208,208,0,105,0,1254,212
 33020,0,17771,1169,848,1904,2379,529,17478,17253,0,0,519,1365,0,2627,1288,640,1149,103,410,0,0,0,1246,17217,208,208,0,105,0,1254,212
 33025,0,17771,1169,848,1904,2379,529,17478,17253,0,0,519,1365,0,2627,1288,640,1149,103,410,0,0,0,1246,17217,208,208,0,105,0,1254,212
 33030,0,17771,1169,848,1904,2379,529,17478,17253,0,0,519,1365,0,2627,1288,640,1149,103,410,0,0,0,1246,17217,208,208,0,105,0,1254,212
 33035,0,17771,1169,848,1904,2379,529,17478,17253,0,0,519,1365,0,2627,1288,640,1149,103,410,0,0,0,1246,17217,208,208,0,105,0,1254,212
 33040,0,17771,1169,848,1904,2379,529,17478,17253,0,0,519,1365,0,2627,1288,640,1149,103,410,0,0,0,1246,17217,208,208,0,105,0,1254,212
 33045,0,17771,1169,848,1904,2379,529,17478,17256,0,0,519,1365,0,2627,1288,640,1149,103,410,0,0,0,1246,17217,208,208,0,105,0,1254,212
 33050,0,17771,1169,848,1904,2379,529,17481,17261,0,0,519,1365,0,2627,1288,640,1149,103,410,0,0,0,1246,17217,208,208,0,105,0,1254,212
 33055,0,17771,1169,848,1904,2379,529,17486,17266,0,0,519,1365,0,2627,1288,640,1149,103,410,0,0,0,1246,17216,208,208,0,105,0,1254,212
 33060,0,17771,1169,848,1904,2379,529,17491,17271,0,0,519,1365,0,2627,1288,640,1149,103,410,0,0,0,1246,17221,208,208,0,105,0,1254,212
 33065,0,17771,1169,848,1904,2379,529,17496,17276,0,0,519,1365,0,2627,1288,640,1149,103,410,0,0,0,1246,17226,208,208,0,105,0,1254,212
 33070,0,17771,1169,848,1904,2379,529,17501,17281,0,0,519,1365,0,2627,1288,640,1149,103,410,0,0,0,1246,17231,208,208,0,105,0,1254,212
 33075,0,17771,1169,848,1904,2379,529,17506,17286,0,0,519,1365,0,2627,1288,640,1149,103,410,0,0,0,1246,17236,208,208,0,105,0,1254,212
 33080,0,17771,1169,848,1904,2379,529,17511,17291,0,0,519,1365,0,2627,1288,640,1149,103,410,0,0,0,1246,17241,208,208,0,105,0,1254,212
 33085,0,17771,1169,848,1904,2379,529,17516,17296,0,0,519,1365,0,2627,1288,640,1149,103,410,0,0,0,1246,17246,208,208,0,105,0,1254,212
 33090,0,17771,1169,848,1904,2379,529,17521,17301,0,0,519,1365,0,2627,1288,640,1149,103,410,0,0,0,1246,17251,208,208,0,105,0,1254,212
 33095,0,17771,1169,848,1904,2379,529,17526,17306,0,0,519,1365,0,2627,1288,640,1149,103,410,0,0,0,1246,17256,208,208,0,105,0,1254,212
 33100,0,17771,1169,848,1904,2379,529,17531,17311,0,0,519,1365,0,2627,1288,640,1149,103,410,0,0,0,1246,17261,208,208,0,105,0,1254,212
 33105,0,17771,1169,848,1904,2379,529,17536,17316,0,0,519,1365,0,2627,1288,640,1149,103,410,0,0,0,1246,17266,208,208,0,105,0,1254,212
 33110,0,17771,1169,848,1904,2379,529,17541,17321,0,0,519,1365,0,2627,1288,640,1149,103,410,0,0,0,1246,17271,208,208,0,105,0,1254,212
 33115,0,17771,1169,848,1904,2379,529,17546,17326,0,0,519,1365,0,2627,1288,640,1149,103,410,0,0,0,1246,17276,208,208,0,105,0,1254,212
 33120,0,17771,1169,848,1904,2379,529,17551,17331,0,0,519,1365,0,2627,1288,640,1149,103,410,0,0,0,1246,17281,208,208,0,105,0,1254,212
 33125,0,17773,1169,848,1904,2379,529,17556,17336,0,0,519,1365,0,2627,1288,640,1149,103,410,0,0,0,1246,17286,208,208,0,105,0,1254,212
 33130,0,17778,1169,848,1904,2379,529,17561,17341,0,0,519,1365,0,2627,1288,640,1149,103,410,0,0,0,1246,17291,208,208,0,105,0,1254,212
 33135,0,17783,1169,848,1904,2379,529,17566,17346,0,0,519,1365,0,2627,1288,640,1149,103,410,0,0,0,1246,17296,208,208,0,105,0,1254,212
 33140,0,17788,1169,848,1904,2379,529,17571,17351,0,0,519,1365,0,2627,1288,640,1149,103,410,0,0,0,1246,17301,208,208,0,105,0,1254,212
 33145,0,17793,1169,848,1904,2379,529,17576,17356,0,0,519,1365,0,2627,1288,640,1149,103,410,0,0,0,1246,17306,208,208,0,105,0,1254,212
 33150,0,17798,1169,848,1904,2379,529,17581,17360,0,0,519,1365,0,2627,1288,640,1149,103,410,0,0,0,1246,17311,208,208,0,105,0,1254,212
 33155,0,17803,1169,848,1904,2379,529,17585,17360,0,0,519,1365,0,2627,1288,640,1149,103,410,0,0,0,1246,17316,208,208,0,105,0,1254,212
 33160,0,17808,1169,848,1904,2379,529,17585,17360,0,0,519,1365,0,2627,1288,640,1149,103,410,0,0,0,1246,17322,208,208,0,105,0,1254,212
 33165,0,17813,1169,848,1904,2379,529,17585,17360,0,0,519,1365,0,2627,1288,640,1149,103,410,0,0,0,1246,17322,208,208,0,105,0,1254,212
 33170,0,17818,1169,848,1904,2379,529,17585,17360,0,0,519,1365,0,2627,1288,640,1149,103,410,0,0,0,1246,17322,208,208,0,105,0,1254,212
 33175,0,17823,1169,848,1904,2379,529,17585,17360,0,0,519,1365,0,2627,1288,640,1149,103,410,0,0,0,1246,17322,208,208,0,105,0,1254,212
 33180,0,17828,1169,848,1904,2379,529,17585,17360,0,0,519,1365,0,2627,1288,640,1149,103,410,0,0,0,1246,17322,208,208,0,105,0,1254,212
 33185,0,17833,1169,848,1904,2379,529,17585,17360,0,0,519,1365,0,2627,1288,640,1149,103,410,0,0,0,1246,17322,208,208,0,105,0,1254,212
 33190,0,17838,1169,848,1904,2379,529,17585,17360,0,0,519,1365,0,2627,1288,640,1149,103,410,0,0,0,1246,17322,208,208,0,105,0,1254,212
 33195,0,17843,1169,848,1904,2379,529,17585,17360,0,0,519,1365,0,2627,1288,640,1149,103,410,0,0,0,1246,17322,208,208,0,105,0,1254,212
 33200,0,17848,1169,848,1904,2379,529,17585,17360,0,0,519,1365,0,2627,1288,640,1149,103,410,0,0,0,1246,17322,208,208,0,105,0,1254,212
 33205,0,17853,1169,848,1904,2379,529,17585,17360,0,0,519,1365,0,2627,1288,640,1149,103,410,0,0,0,1246,17322,208,208,0,105,0,1254,212
 33210,0,17858,1169,848,1904,2379,529,17585,17360,0,0,519,1365,0,2627,1288,640,1149,103,410,0,0,0,1246,17322,208,208,0,105,0,1254,212
 33215,0,17863,1169,848,1904,2379,529,17585,17360,0,0,519,1365,0,2627,1288,640,1149,103,410,0,0,0,1246,17322,208,208,0,105,0,1254,212
 33220,0,17868,1169,848,1904,2379,529,17585,17360,0,0,519,1365,0,2627,1288,640,1149,103,410,0,0,0,1246,17322,208,208,0,105,0,1254,212
 33225,0,17874,1169,848,1904,2379,529,17585,17360,0,0,519,1365,0,2627,1288,640,1149,103,410,0,0,0,1246,17322,208,208,0,105,0,1254,212
 33230,0,17874,1169,848,1904,2379,529,17585,17360,0,0,519,1365,0,2627,1288,640,1149,103,410,0,0,0,1246,17322,208,208,0,105,0,1254,212
 33235,0,17874,1169,848,1904,2379,529,17585,17360,0,0,519,1365,0,2627,1288,640,1149,103,410,0,0,0,1246,17322,208,208,0,105,0,1254,212
 33240,0,17874,1169,848,1904,2379,529,17585,17360,0,0,519,1365,0,2627,1288,640,1149,103,410,0,0,0,1246,17322,208,208,0,105,0,1254,212
 33245,0,17874,1169,848,1904,2379,529,17585,17360,0,0,519,1365,0,2627,1288,640,1149,103,410,0,0,0,1246,17322,208,208,0,105,0,1254,212
 33250,0,17874,1169,848,1904,2379,529,17585,17360,0,0,519,1365,0,2627,1288,640,1149,103,410,0,0,0,1246,17322,208,208,0,105,0,1254,212
 33255,0,17874,1169,848,1904,2379,529,17585,17360,0,0,519,1365,0,2627,1288,640,1149,103,410,0,0,0,1246,17322,208,208,0,105,0,1254,212
 33260,0,17874,1169,848,1904,2379,529,17585,17360,0,0,519,1365,0,2627,1288,640,1149,103,410,0,0,0,1246,17322,208,208,0,105,0,1254,212
 33265,0,17874,1169,848,1904,2379,529,17585,17360,0,0,519,1365,0,2627,1288,640,1149,103,410,0,0,0,1246,17322,208,208,0,105,0,1254,212
 33270,0,17874,1169,848,1904,2379,529,17585,17360,0,0,519,1365,0,2627,1288,640,1149,103,410,0,0,0,1246,17322,208,208,0,105,0,1254,212
 33275,0,17874,1169,848,1904,2379,529,17585,17360,0,0,519,1365,0,2627,1288,640,1149,103,410,0,0,0,1246,17322,208,208,0,105,0,1254,212
 33280,0,17874,1169,848,1904,2379,529,17585,17360,0,0,519,1365,0,2627,1288,640,1149,103,410,0,0,0,1246,17322,208,208,0,105,0,1254,212
 33285,0,17874,1169,848,1904,2379,529,17584,17360,0,0,519,1365,0,2627,1288,640,1149,103,410,0,0,0,1246,17322,208,208,0,105,0,1254,212
 33290,0,17874,1169,848,1904,2379,529,17589,17360,0,0,519,1365,0,2627,1288,640,1149,103,410,0,0,0,1246,17322,208,208,0,105,0,1254,212
 33295,0,17874,1169,848,1904,2379,529,17594,17360,0,0,519,1365,0,2627,1288,640,1149,103,410,0,0,0,1246,17322,208,208,0,105,0,1254,212
 33300,0,17874,1169,848,1904,2379,529,17599,17360,0,0,519,1365,0,2627,1288,640,1149,103,410,0,0,0,1246,17322,208,208,0,105,0,1254,212
 33305,0,17874,1169,848,1904,2379,529,17604,17360,0,0,519,1365,0,2627,1288,640,1149,103,410,0,0,0,1246,17322,208,208,0,105,0,1254,212
 33310,0,17874,1169,848,1904,2379,529,17609,17360,0,0,519,1365,0,2627,1288,640,1149,103,410,0,0,0,1246,17322,208,208,0,105,0,1254,212
 33315,0,17874,1169,848,1904,2379,529,17614,17360,0,0,519,1365,0,2627,1288,640,1149,103,410,0,0,0,1246,17325,208,208,0,105,0,1254,212
 33320,0,17874,1169,848,1904,2379,529,17619,17360,0,0,519,1365,0,2627,1288,640,1149,103,410,0,0,0,1246,17330,208,208,0,105,0,1254,212
 33325,0,17874,1169,848,1904,2379,529,17624,17360,0,0,519,1365,0,2627,1288,640,1149,103,410,0,0,0,1246,17335,208,208,0,105,0,1254,212
 33330,0,17874,1169,848,1904,2379,529,17629,17360,0,0,519,1365,0,2627,1288,640,1149,103,410,0,0,0,1246,17340,208,208,0,105,0,1254,212
 33335,0,17874,1169,848,1904,2379,529,17634,17363,0,0,519,1365,0,2627,1288,640,1149,103,410,0,0,0,1246,17345,208,208,0,105,0,1254,212
 33340,0,17874,1169,848,1904,2379,529,17639,17368,0,0,519,1365,0,2627,1288,640,1149,103,410,0,0,0,1246,17350,208,208,0,105,0,1254,212
 33345,0,17874,1169,848,1904,2379,529,17644,17373,0,0,519,1365,0,2627,1288,640,1149,103,410,0,0,0,1246,17355,208,208,0,105,0,1254,212
 33350,0,17874,1169,848,1904,2379,529,17649,17378,0,0,519,1365,0,2627,1288,640,1149,103,410,0,0,0,1246,17360,208,208,0,105,0,1254,212
 33355,0,17875,1169,848,1904,2379,529,17654,17383,0,0,519,1365,0,2627,1288,640,1149,103,410,0,0,0,1246,17365,208,208,0,105,0,1254,212
 33360,0,17880,1169,848,1904,2379,529,17659,17388,0,0,519,1365,0,2627,1288,640,1149,103,410,0,0,0,1246,17370,208,208,0,105,0,1254,212
 33365,0,17885,1169,848,1904,2379,529,17664,17393,0,0,519,1365,0,2627,1288,640,1149,103,410,0,0,0,1246,17375,208,208,0,105,0,1254,212
 33370,0,17890,1169,848,1904,2379,529,17669,17398,0,0,519,1365,0,2627,1288,640,1149,103,410,0,0,0,1246,17380,208,208,0,105,0,1254,212
 33375,0,17895,1169,848,1904,2379,529,17674,17403,0,0,519,1365,0,2627,1288,640,1149,103,410,0,0,0,1246,17385,208,208,0,105,0,1254,212
 33380,0,17900,1169,848,1904,2379,529,17679,17408,0,0,519,1365,0,2627,1288,640,1149,103,410,0,0,0,1246,17390,208,208,0,105,0,1254,212
 33385,0,17905,1169,848,1904,2379,529,17684,17413,0,0,519,1365,0,2627,1288,640,1149,103,410,0,0,0,1246,17395,208,208,0,105,0,1254,212
 33390,0,17910,1169,848,1904,2379,529,17688,17418,0,0,519,1365,0,2627,1288,640,1149,103,410,0,0,0,1246,17400,208,208,0,105,0,1254,212
 33395,0,17915,1169,848,1904,2379,529,17688,17423,0,0,519,1365,0,2627,1288,640,1149,103,410,0,0,0,1246,17405,208,208,0,105,0,1254,212
 33400,0,17920,1169,848,1904,2379,529,17688,17428,0,0,519,1365,0,2627,1288,640,1149,103,410,0,0,0,1246,17410,208,208,0,105,0,1254,212
 33405,0,17925,1169,848,1904,2379,529,17688,17433,0,0,519,1365,0,2627,1288,640,1149,103,410,0,0,0,1246,17415,208,208,0,105,0,1254,212
 33410,0,17930,1169,848,1904,2379,529,17688,17438,0,0,519,1365,0,2627,1288,640,1149,103,410,0,0,0,1246,17420,208,208,0,105,0,1254,212
 33415,0,17935,1169,848,1904,2379,529,17688,17443,0,0,519,1365,0,2627,1288,640,1149,103,410,0,0,0,1246,17425,208,208,0,105,0,1254,212
 33420,0,17940,1169,848,1904,2379,529,17688,17448,0,0,519,1365,0,2627,1288,640,1149,103,410,0,0,0,1246,17429,208,208,0,105,0,1254,212
 33425,0,17945,1169,848,1904,2379,529,17688,17453,0,0,519,1365,0,2627,1288,640,1149,103,410,0,0,0,1246,17429,208,208,0,105,0,1254,212
 33430,0,17950,1169,848,1904,2379,529,17688,17458,0,0,519,1365,0,2627,1288,640,1149,103,410,0,0,0,1246,17429,208,208,0,105,0,1254,212
 33435,0,17955,1169,848,1904,2379,529,17688,17461,0,0,519,1365,0,2627,1288,640,1149,103,410,0,0,0,1246,17429,208,208,0,105,0,1254,212
 33440,0,17960,1169,848,1904,2379,529,17688,17461,0,0,519,1365,0,2627,1288,640,1149,103,410,0,0,0,1246,17429,208,208,0,105,0,1254,212
 33445,0,17965,1169,848,1904,2379,529,17688,17461,0,0,519,1365,0,2627,1288,640,1149,103,410,0,0,0,1246,17429,208,208,0,105,0,1254,212
 33450,0,17970,1169,848,1904,2379,529,17688,17461,0,0,519,1365,0,2627,1288,640,1149,103,410,0,0,0,1246,17429,208,208,0,105,0,1254,212
 33455,0,17975,1169,848,1904,2379,529,17688,17461,0,0,519,1365,0,2627,1288,640,1149,103,410,0,0,0,1246,17429,208,208,0,105,0,1254,212
 33460,0,17979,1169,848,1904,2379,529,17688,17461,0,0,519,1365,0,2627,1288,640,1149,103,410,0,0,0,1246,17429,208,208,0,105,0,1254,212
 33465,0,17979,1169,848,1904,2379,529,17688,17461,0,0,519,1365,0,2627,1288,640,1149,103,410,0,0,0,1246,17432,208,208,0,105,0,1254,212
 33470,0,17979,1169,848,1904,2379,529,17688,17461,0,0,519,1365,0,2627,1288,640,1149,103,410,0,0,0,1246,17437,208,208,0,105,0,1254,212
 33475,0,17979,1169,848,1904,2379,529,17688,17461,0,0,519,1365,0,2627,1288,640,1149,103,410,0,0,0,1246,17442,208,208,0,105,0,1254,212
 33480,0,17979,1169,848,1904,2379,529,17688,17461,0,0,519,1365,0,2627,1288,640,1149,103,410,0,0,0,1246,17447,208,208,0,105,0,1254,212
 33485,0,17979,1169,848,1904,2379,529,17688,17461,0,0,519,1365,0,2627,1288,640,1149,103,410,0,0,0,1246,17452,208,208,0,105,0,1254,212
 33490,0,17979,1169,848,1904,2379,529,17688,17461,0,0,519,1365,0,2627,1288,640,1149,103,410,0,0,0,1246,17457,208,208,0,105,0,1254,212
 33495,0,17979,1169,848,1904,2379,529,17688,17461,0,0,519,1365,0,2627,1288,640,1149,103,410,0,0,0,1246,17462,208,208,0,105,0,1254,212
 33500,0,17979,1169,848,1904,2379,529,17688,17461,0,0,519,1365,0,2627,1288,640,1149,103,410,0,0,0,1246,17467,208,208,0,105,0,1254,212
 33505,0,17979,1169,848,1904,2379,529,17688,17461,0,0,519,1365,0,2627,1288,640,1149,103,410,0,0,0,1246,17472,208,208,0,105,0,1254,212
 33510,0,17979,1169,848,1904,2379,529,17688,17461,0,0,519,1365,0,2627,1288,640,1149,103,410,0,0,0,1246,17477,208,208,0,105,0,1254,212
 33515,0,17979,1169,848,1904,2379,529,17688,17461,0,0,519,1365,0,2627,1288,640,1149,103,410,0,0,0,1246,17482,208,208,0,105,0,1254,212
 33520,0,17979,1169,848,1904,2379,529,17688,17461,0,0,519,1365,0,2627,1288,640,1149,103,410,0,0,0,1246,17487,208,208,0,105,0,1254,212
 33525,0,17979,1169,848,1904,2379,529,17691,17463,0,0,519,1365,0,2627,1288,640,1149,103,410,0,0,0,1246,17492,208,208,0,105,0,1254,212
 33530,0,17979,1169,848,1904,2379,529,17696,17468,0,0,519,1365,0,2627,1288,640,1149,103,410,0,0,0,1246,17497,208,208,0,105,0,1254,212
 33535,0,17979,1169,848,1904,2379,529,17701,17473,0,0,519,1365,0,2627,1288,640,1149,103,410,0,0,0,1246,17502,208,208,0,105,0,1254,212
 33540,0,17979,1169,848,1904,2379,529,17706,17478,0,0,519,1365,0,2627,1288,640,1149,103,410,0,0,0,1246,17507,208,208,0,105,0,1254,212
 33545,0,17981,1169,848,1904,2379,529,17711,17483,0,0,519,1365,0,2627,1288,640,1149,103,410,0,0,0,1246,17512,208,208,0,105,0,1254,212
 33550,0,17986,1169,848,1904,2379,529,17716,17488,0,0,519,1365,0,2627,1288,640,1149,103,410,0,0,0,1246,17517,208,208,0,105,0,1254,212
 33555,0,17991,1169,848,1904,2379,529,17721,17493,0,0,519,1365,0,2627,1288,640,1149,103,410,0,0,0,1246,17522,208,208,0,105,0,1254,212
 33560,0,17996,1169,848,1904,2379,529,17726,17498,0,0,519,1365,0,2627,1288,640,1149,103,410,0,0,0,1246,17527,208,208,0,105,0,1254,212
 33565,0,18001,1169,848,1904,2379,529,17731,17503,0,0,519,1365,0,2627,1288,640,1149,103,410,0,0,0,1246,17532,208,208,0,105,0,1254,212
 33570,0,18006,1169,848,1904,2379,529,17736,17508,0,0,519,1365,0,2627,1288,640,1149,103,410,0,0,0,1246,17532,208,208,0,105,0,1254,212
 33575,0,18011,1169,848,1904,2379,529,17741,17513,0,0,519,1365,0,2627,1288,640,1149,103,410,0,0,0,1246,17532,208,208,0,105,0,1254,212
 33580,0,18016,1169,848,1904,2379,529,17746,17518,0,0,519,1365,0,2627,1288,640,1149,103,410,0,0,0,1246,17532,208,208,0,105,0,1254,212
 33585,0,18021,1169,848,1904,2379,529,17751,17523,0,0,519,1365,0,2627,1288,640,1149,103,410,0,0,0,1246,17532,208,208,0,105,0,1254,212
 33590,0,18026,1169,848,1904,2379,529,17756,17528,0,0,519,1365,0,2627,1288,640,1149,103,410,0,0,0,1246,17532,208,208,0,105,0,1254,212
 33595,0,18031,1169,848,1904,2379,529,17761,17533,0,0,519,1365,0,2627,1288,640,1149,103,410,0,0,0,1246,17535,208,208,0,105,0,1254,212
 33600,0,18036,1169,848,1904,2379,529,17766,17538,0,0,519,1365,0,2627,1288,640,1149,103,410,0,0,0,1246,17540,208,208,0,105,0,1254,212
 33605,0,18041,1169,848,1904,2379,529,17771,17543,0,0,519,1365,0,2627,1288,640,1149,103,410,0,0,0,1246,17545,208,208,0,105,0,1254,212
 33610,0,18046,1169,848,1904,2379,529,17776,17548,0,0,519,1365,0,2627,1288,640,1149,103,410,0,0,0,1246,17550,208,208,0,105,0,1254,212
 33615,0,18051,1169,848,1904,2379,529,17781,17553,0,0,519,1365,0,2627,1288,640,1149,103,410,0,0,0,1246,17555,208,208,0,105,0,1254,212
 33620,0,18056,1169,848,1904,2379,529,17786,17558,0,0,519,1365,0,2627,1288,640,1149,103,410,0,0,0,1246,17560,208,208,0,105,0,1254,212
 33625,0,18061,1169,848,1904,2379,529,17791,17564,0,0,519,1365,0,2627,1288,640,1149,103,410,0,0,0,1246,17565,208,208,0,105,0,1254,212
 33630,0,18066,1169,848,1904,2379,529,17793,17564,0,0,519,1365,0,2627,1288,640,1149,103,410,0,0,0,1246,17570,208,208,0,105,0,1254,212
 33635,0,18071,1169,848,1904,2379,529,17793,17564,0,0,519,1365,0,2627,1288,640,1149,103,410,0,0,0,1246,17575,208,208,0,105,0,1254,212
 33640,0,18076,1169,848,1904,2379,529,17793,17564,0,0,519,1365,0,2627,1288,640,1149,103,410,0,0,0,1246,17580,208,208,0,105,0,1254,212
 33645,0,18082,1169,848,1904,2379,529,17793,17564,0,0,519,1365,0,2627,1288,640,1149,103,410,0,0,0,1246,17585,208,208,0,105,0,1254,212
 33650,0,18082,1169,848,1904,2379,529,17793,17564,0,0,519,1365,0,2627,1288,640,1149,103,410,0,0,0,1246,17590,208,208,0,105,0,1254,212
 33655,0,18082,1169,848,1904,2379,529,17793,17564,0,0,519,1365,0,2627,1288,640,1149,103,410,0,0,0,1246,17595,208,208,0,105,0,1254,212
 33660,0,18082,1169,848,1904,2379,529,17793,17564,0,0,519,1365,0,2627,1288,640,1149,103,410,0,0,0,1246,17600,208,208,0,105,0,1254,212
 33665,0,18082,1169,848,1904,2379,529,17793,17564,0,0,519,1365,0,2627,1288,640,1149,103,410,0,0,0,1246,17605,208,208,0,105,0,1254,212
 33670,0,18082,1169,848,1904,2379,529,17793,17564,0,0,519,1365,0,2627,1288,640,1149,103,410,0,0,0,1246,17610,208,208,0,105,0,1254,212
 33675,0,18082,1169,848,1904,2379,529,17793,17564,0,0,519,1365,0,2627,1288,640,1149,103,410,0,0,0,1246,17615,208,208,0,105,0,1254,212
 33680,0,18082,1169,848,1904,2379,529,17793,17564,0,0,519,1365,0,2627,1288,640,1149,103,410,0,0,0,1246,17620,208,208,0,105,0,1254,212
 33685,0,18082,1169,848,1904,2379,529,17793,17564,0,0,519,1365,0,2627,1288,640,1149,103,410,0,0,0,1246,17625,208,208,0,105,0,1254,212
 33690,0,18082,1169,848,1904,2379,529,17793,17567,0,0,519,1365,0,2627,1288,640,1149,103,410,0,0,0,1246,17630,208,208,0,105,0,1254,212
 33695,0,18082,1169,848,1904,2379,529,17793,17572,0,0,519,1365,0,2627,1288,640,1149,103,410,0,0,0,1246,17635,208,208,0,105,0,1254,212
 33700,0,18082,1169,848,1904,2379,529,17793,17577,0,0,519,1365,0,2627,1288,640,1149,103,410,0,0,0,1246,17639,208,208,0,105,0,1254,212
 33705,0,18082,1169,848,1904,2379,529,17793,17582,0,0,519,1365,0,2627,1288,640,1149,103,410,0,0,0,1246,17639,208,208,0,105,0,1254,212
 33710,0,18082,1169,848,1904,2379,529,17793,17587,0,0,519,1365,0,2627,1288,640,1149,103,410,0,0,0,1246,17639,208,208,0,105,0,1254,212
 33715,0,18083,1169,848,1904,2379,529,17794,17592,0,0,519,1365,0,2627,1288,640,1149,103,410,0,0,0,1246,17639,208,208,0,105,0,1254,212
 33720,0,18088,1169,848,1904,2379,529,17799,17597,0,0,519,1365,0,2627,1288,640,1149,103,410,0,0,0,1246,17639,208,208,0,105,0,1254,212
 33725,0,18093,1169,848,1904,2379,529,17804,17602,0,0,519,1365,0,2627,1288,640,1149,103,410,0,0,0,1246,17639,208,208,0,105,0,1254,212
 33730,0,18098,1169,848,1904,2379,529,17809,17607,0,0,519,1365,0,2627,1288,640,1149,103,410,0,0,0,1246,17639,208,208,0,105,0,1254,212
 33735,0,18103,1169,848,1904,2379,529,17814,17612,0,0,519,1365,0,2627,1288,640,1149,103,410,0,0,0,1246,17639,208,208,0,105,0,1254,212
 33740,0,18108,1169,848,1904,2379,529,17819,17617,0,0,519,1365,0,2627,1288,640,1149,103,410,0,0,0,1246,17639,208,208,0,105,0,1254,212
 33745,0,18113,1169,848,1904,2379,529,17824,17622,0,0,519,1365,0,2627,1288,640,1149,103,410,0,0,0,1246,17639,208,208,0,105,0,1254,212
 33750,0,18118,1169,848,1904,2379,529,17829,17627,0,0,519,1365,0,2627,1288,640,1149,103,410,0,0,0,1246,17639,208,208,0,105,0,1254,212
 33755,0,18123,1169,848,1904,2379,529,17834,17632,0,0,519,1365,0,2627,1288,640,1149,103,410,0,0,0,1246,17639,208,208,0,105,0,1254,212
 33760,0,18128,1169,848,1904,2379,529,17839,17637,0,0,519,1365,0,2627,1288,640,1149,103,410,0,0,0,1246,17639,208,208,0,105,0,1254,212
 33765,0,18133,1169,848,1904,2379,529,17844,17642,0,0,519,1365,0,2627,1288,640,1149,103,410,0,0,0,1246,17639,208,208,0,105,0,1254,212
 33770,0,18138,1169,848,1904,2379,529,17849,17647,0,0,519,1365,0,2627,1288,640,1149,103,410,0,0,0,1246,17642,208,208,0,105,0,1254,212
 33775,0,18143,1169,848,1904,2379,529,17854,17652,0,0,519,1365,0,2627,1288,640,1149,103,410,0,0,0,1246,17647,208,208,0,105,0,1254,212
 33780,0,18148,1169,848,1904,2379,529,17859,17657,0,0,519,1365,0,2627,1288,640,1149,103,410,0,0,0,1246,17652,208,208,0,105,0,1254,212
 33785,0,18153,1169,848,1904,2379,529,17864,17662,0,0,519,1365,0,2627,1288,640,1149,103,410,0,0,0,1246,17657,208,208,0,105,0,1254,212
 33790,0,18158,1169,848,1904,2379,529,17869,17667,0,0,519,1365,0,2627,1288,640,1149,103,410,0,0,0,1246,17662,208,208,0,105,0,1254,212
 33795,0,18163,1169,848,1904,2379,529,17874,17667,0,0,519,1365,0,2627,1288,640,1149,103,410,0,0,0,1246,17667,208,208,0,105,0,1254,212
 33800,0,18168,1169,848,1904,2379,529,17879,17667,0,0,519,1365,0,2627,1288,640,1149,103,410,0,0,0,1246,17672,208,208,0,105,0,1254,212
 33805,0,18173,1169,848,1904,2379,529,17884,17667,0,0,519,1365,0,2627,1288,640,1149,103,410,0,0,0,1246,17677,208,208,0,105,0,1254,212
 33810,0,18178,1169,848,1904,2379,529,17889,17667,0,0,519,1365,0,2627,1288,640,1149,103,410,0,0,0,1246,17682,208,208,0,105,0,1254,212
 33815,0,18183,1169,848,1904,2379,529,17894,17667,0,0,519,1365,0,2627,1288,640,1149,103,410,0,0,0,1246,17687,208,208,0,105,0,1254,212
 33820,0,18189,1169,848,1904,2379,529,17900,17667,0,0,519,1365,0,2627,1288,640,1149,103,410,0,0,0,1246,17692,208,208,0,105,0,1254,212
 33825,0,18189,1169,848,1904,2379,529,17900,17667,0,0,519,1365,0,2627,1288,640,1149,103,410,0,0,0,1246,17697,208,208,0,105,0,1254,212
 33830,0,18189,1169,848,1904,2379,529,17900,17667,0,0,519,1365,0,2627,1288,640,1149,103,410,0,0,0,1246,17702,208,208,0,105,0,1254,212
 33835,0,18189,1169,848,1904,2379,529,17900,17667,0,0,519,1365,0,2627,1288,640,1149,103,410,0,0,0,1246,17707,208,208,0,105,0,1254,212
 33840,0,18189,1169,848,1904,2379,529,17900,17667,0,0,519,1365,0,2627,1288,640,1149,103,410,0,0,0,1246,17712,208,208,0,105,0,1254,212
 33845,0,18189,1169,848,1904,2379,529,17900,17667,0,0,519,1365,0,2627,1288,640,1149,103,410,0,0,0,1246,17717,208,208,0,105,0,1254,212
 33850,0,18189,1169,848,1904,2379,529,17900,17667,0,0,519,1365,0,2627,1288,640,1149,103,410,0,0,0,1246,17722,208,208,0,105,0,1254,212
 33855,0,18189,1169,848,1904,2379,529,17900,17667,0,0,519,1365,0,2627,1288,640,1149,103,410,0,0,0,1246,17727,208,208,0,105,0,1254,212
 33860,0,18189,1169,848,1904,2379,529,17900,17667,0,0,519,1365,0,2627,1288,640,1149,103,410,0,0,0,1246,17732,208,208,0,105,0,1254,212
 33865,0,18189,1169,848,1904,2379,529,17900,17667,0,0,519,1365,0,2627,1288,640,1149,103,410,0,0,0,1246,17737,208,208,0,105,0,1254,212
 33870,0,18189,1169,848,1904,2379,529,17900,17667,0,0,519,1365,0,2627,1288,640,1149,103,410,0,0,0,1246,17742,208,208,0,105,0,1254,212
 33875,0,18189,1169,848,1904,2379,529,17900,17672,0,0,519,1365,0,2627,1288,640,1149,103,410,0,0,0,1246,17742,208,208,0,105,0,1254,212
 33880,0,18189,1169,848,1904,2379,529,17900,17677,0,0,519,1365,0,2627,1288,640,1149,103,410,0,0,0,1246,17742,208,208,0,105,0,1254,212
 33885,0,18189,1169,848,1904,2379,529,17899,17682,0,0,519,1365,0,2627,1288,640,1149,103,410,0,0,0,1246,17742,208,208,0,105,0,1254,212
 33890,0,18189,1169,848,1904,2379,529,17904,17687,0,0,519,1365,0,2627,1288,640,1149,103,410,0,0,0,1246,17742,208,208,0,105,0,1254,212
 33895,0,18189,1169,848,1904,2379,529,17909,17692,0,0,519,1365,0,2627,1288,640,1149,103,410,0,0,0,1246,17742,208,208,0,105,0,1254,212
 33900,0,18189,1169,848,1904,2379,529,17914,17697,0,0,519,1365,0,2627,1288,640,1149,103,410,0,0,0,1246,17742,208,208,0,105,0,1254,212
 33905,0,18189,1169,848,1904,2379,529,17919,17702,0,0,519,1365,0,2627,1288,640,1149,103,410,0,0,0,1246,17742,208,208,0,105,0,1254,212
 33910,0,18190,1169,848,1904,2379,529,17924,17707,0,0,519,1365,0,2627,1288,640,1149,103,410,0,0,0,1246,17742,208,208,0,105,0,1254,212
 33915,0,18195,1169,848,1904,2379,529,17929,17712,0,0,519,1365,0,2627,1288,640,1149,103,410,0,0,0,1246,17742,208,208,0,105,0,1254,212
 33920,0,18200,1169,848,1904,2379,529,17934,17717,0,0,519,1365,0,2627,1288,640,1149,103,410,0,0,0,1246,17741,208,208,0,105,0,1254,212
 33925,0,18205,1169,848,1904,2379,529,17939,17722,0,0,519,1365,0,2627,1288,640,1149,103,410,0,0,0,1246,17746,208,208,0,105,0,1254,212
 33930,0,18210,1169,848,1904,2379,529,17944,17727,0,0,519,1365,0,2627,1288,640,1149,103,410,0,0,0,1246,17751,208,208,0,105,0,1254,212
 33935,0,18215,1169,848,1904,2379,529,17949,17732,0,0,519,1365,0,2627,1288,640,1149,103,410,0,0,0,1246,17756,208,208,0,105,0,1254,212
 33940,0,18220,1169,848,1904,2379,529,17954,17737,0,0,519,1365,0,2627,1288,640,1149,103,410,0,0,0,1246,17761,208,208,0,105,0,1254,212
 33945,0,18225,1169,848,1904,2379,529,17959,17742,0,0,519,1365,0,2627,1288,640,1149,103,410,0,0,0,1246,17766,208,208,0,105,0,1254,212
 33950,0,18230,1169,848,1904,2379,529,17964,17747,0,0,519,1365,0,2627,1288,640,1149,103,410,0,0,0,1246,17771,208,208,0,105,0,1254,212
 33955,0,18235,1169,848,1904,2379,529,17969,17752,0,0,519,1365,0,2627,1288,640,1149,103,410,0,0,0,1246,17776,208,208,0,105,0,1254,212
 33960,0,18240,1169,848,1904,2379,529,17974,17757,0,0,519,1365,0,2627,1288,640,1149,103,410,0,0,0,1246,17781,208,208,0,105,0,1254,212
 33965,0,18245,1169,848,1904,2379,529,17979,17762,0,0,519,1365,0,2627,1288,640,1149,103,410,0,0,0,1246,17786,208,208,0,105,0,1254,212
 33970,0,18250,1169,848,1904,2379,529,17984,17768,0,0,519,1365,0,2627,1288,640,1149,103,410,0,0,0,1246,17791,208,208,0,105,0,1254,212
 33975,0,18255,1169,848,1904,2379,529,17989,17768,0,0,519,1365,0,2627,1288,640,1149,103,410,0,0,0,1246,17796,208,208,0,105,0,1254,212
 33980,0,18260,1169,848,1904,2379,529,17994,17768,0,0,519,1365,0,2627,1288,640,1149,103,410,0,0,0,1246,17801,208,208,0,105,0,1254,212
 33985,0,18265,1169,848,1904,2379,529,17999,17768,0,0,519,1365,0,2627,1288,640,1149,103,410,0,0,0,1246,17806,208,208,0,105,0,1254,212
 33990,0,18270,1169,848,1904,2379,529,18003,17768,0,0,519,1365,0,2627,1288,640,1149,103,410,0,0,0,1246,17811,208,208,0,105,0,1254,212
 33995,0,18275,1169,848,1904,2379,529,18003,17768,0,0,519,1365,0,2627,1288,640,1149,103,410,0,0,0,1246,17816,208,208,0,105,0,1254,212
 34000,0,18280,1169,848,1904,2379,529,18003,17768,0,0,519,1365,0,2627,1288,640,1149,103,410,0,0,0,1246,17821,208,208,0,105,0,1254,212
 34005,0,18285,1169,848,1904,2379,529,18003,17768,0,0,519,1365,0,2627,1288,640,1149,103,410,0,0,0,1246,17826,208,208,0,105,0,1254,212
 34010,0,18290,1169,848,1904,2379,529,18003,17768,0,0,519,1365,0,2627,1288,640,1149,103,410,0,0,0,1246,17831,208,208,0,105,0,1254,212
 34015,0,18294,1169,848,1904,2379,529,18003,17768,0,0,519,1365,0,2627,1288,640,1149,103,410,0,0,0,1246,17836,208,208,0,105,0,1254,212
 34020,0,18294,1169,848,1904,2379,529,18003,17768,0,0,519,1365,0,2627,1288,640,1149,103,410,0,0,0,1246,17841,208,208,0,105,0,1254,212
 34025,0,18294,1169,848,1904,2379,529,18003,17768,0,0,519,1365,0,2627,1288,640,1149,103,410,0,0,0,1246,17845,208,208,0,105,0,1254,212
 34030,0,18294,1169,848,1904,2379,529,18003,17768,0,0,519,1365,0,2627,1288,640,1149,103,410,0,0,0,1246,17845,208,208,0,105,0,1254,212
 34035,0,18294,1169,848,1904,2379,529,18003,17768,0,0,519,1365,0,2627,1288,640,1149,103,410,0,0,0,1246,17845,208,208,0,105,0,1254,212
 34040,0,18294,1169,848,1904,2379,529,18003,17768,0,0,519,1365,0,2627,1288,640,1149,103,410,0,0,0,1246,17845,208,208,0,105,0,1254,212
 34045,0,18294,1169,848,1904,2379,529,18003,17768,0,0,519,1365,0,2627,1288,640,1149,103,410,0,0,0,1246,17845,208,208,0,105,0,1254,212
 34050,0,18294,1169,848,1904,2379,529,18003,17768,0,0,519,1365,0,2627,1288,640,1149,103,410,0,0,0,1246,17845,208,208,0,105,0,1254,212
 34055,0,18294,1169,848,1904,2379,529,18003,17768,0,0,519,1365,0,2627,1288,640,1149,103,410,0,0,0,1246,17845,208,208,0,105,0,1254,212
 34060,0,18294,1169,848,1904,2379,529,18003,17768,0,0,519,1365,0,2627,1288,640,1149,103,410,0,0,0,1246,17845,208,208,0,105,0,1254,212
 34065,0,18294,1169,848,1904,2379,529,18003,17768,0,0,519,1365,0,2627,1288,640,1149,103,410,0,0,0,1246,17845,208,208,0,105,0,1254,212
 34070,0,18294,1169,848,1904,2379,529,18003,17768,0,0,519,1365,0,2627,1288,640,1149,103,410,0,0,0,1246,17845,208,208,0,105,0,1254,212
 34075,0,18294,1169,848,1904,2379,529,18003,17768,0,0,519,1365,0,2627,1288,640,1149,103,410,0,0,0,1246,17845,208,208,0,105,0,1254,212
 34080,0,18294,1169,848,1904,2379,529,18003,17768,0,0,519,1365,0,2627,1288,640,1149,103,410,0,0,0,1246,17845,208,208,0,105,0,1254,212
 34085,0,18294,1169,848,1904,2379,529,18003,17768,0,0,519,1365,0,2627,1288,640,1149,103,410,0,0,0,1246,17845,208,208,0,105,0,1254,212
 34090,0,18294,1169,848,1904,2379,529,18003,17768,0,0,519,1365,0,2627,1288,640,1149,103,410,0,0,0,1246,17845,208,208,0,105,0,1254,212
 34095,0,18294,1169,848,1904,2379,529,18003,17768,0,0,519,1365,0,2627,1288,640,1149,103,410,0,0,0,1246,17844,208,208,0,105,0,1254,212
 34100,0,18294,1169,848,1904,2379,529,18003,17768,0,0,519,1365,0,2627,1288,640,1149,103,410,0,0,0,1246,17849,208,208,0,105,0,1254,212
 34105,0,18294,1169,848,1904,2379,529,18004,17768,0,0,519,1365,0,2627,1288,640,1149,103,410,0,0,0,1246,17854,208,208,0,105,0,1254,212
 34110,0,18294,1169,848,1904,2379,529,18009,17768,0,0,519,1365,0,2627,1288,640,1149,103,410,0,0,0,1246,17859,208,208,0,105,0,1254,212
 34115,0,18294,1169,848,1904,2379,529,18014,17768,0,0,519,1365,0,2627,1288,640,1149,103,410,0,0,0,1246,17864,208,208,0,105,0,1254,212
 34120,0,18296,1169,848,1904,2379,529,18019,17768,0,0,519,1365,0,2627,1288,640,1149,103,410,0,0,0,1246,17869,208,208,0,105,0,1254,212
 34125,0,18301,1169,848,1904,2379,529,18024,17768,0,0,519,1365,0,2627,1288,640,1149,103,410,0,0,0,1246,17874,208,208,0,105,0,1254,212
 34130,0,18306,1169,848,1904,2379,529,18029,17768,0,0,519,1365,0,2627,1288,640,1149,103,410,0,0,0,1246,17879,208,208,0,105,0,1254,212
 34135,0,18311,1169,848,1904,2379,529,18034,17768,0,0,519,1365,0,2627,1288,640,1149,103,410,0,0,0,1246,17884,208,208,0,105,0,1254,212
 34140,0,18316,1169,848,1904,2379,529,18039,17770,0,0,519,1365,0,2627,1288,640,1149,103,410,0,0,0,1246,17889,208,208,0,105,0,1254,212
 34145,0,18321,1169,848,1904,2379,529,18044,17775,0,0,519,1365,0,2627,1288,640,1149,103,410,0,0,0,1246,17894,208,208,0,105,0,1254,212
 34150,0,18326,1169,848,1904,2379,529,18049,17780,0,0,519,1365,0,2627,1288,640,1149,103,410,0,0,0,1246,17899,208,208,0,105,0,1254,212
 34155,0,18331,1169,848,1904,2379,529,18054,17785,0,0,519,1365,0,2627,1288,640,1149,103,410,0,0,0,1246,17904,208,208,0,105,0,1254,212
 34160,0,18336,1169,848,1904,2379,529,18059,17790,0,0,519,1365,0,2627,1288,640,1149,103,410,0,0,0,1246,17909,208,208,0,105,0,1254,212
 34165,0,18341,1169,848,1904,2379,529,18064,17795,0,0,519,1365,0,2627,1288,640,1149,103,410,0,0,0,1246,17914,208,208,0,105,0,1254,212
 34170,0,18346,1169,848,1904,2379,529,18069,17800,0,0,519,1365,0,2627,1288,640,1149,103,410,0,0,0,1246,17919,208,208,0,105,0,1254,212
 34175,0,18351,1169,848,1904,2379,529,18074,17805,0,0,519,1365,0,2627,1288,640,1149,103,410,0,0,0,1246,17924,208,208,0,105,0,1254,212
 34180,0,18356,1169,848,1904,2379,529,18079,17810,0,0,519,1365,0,2627,1288,640,1149,103,410,0,0,0,1246,17929,208,208,0,105,0,1254,212
 34185,0,18361,1169,848,1904,2379,529,18084,17815,0,0,519,1365,0,2627,1288,640,1149,103,410,0,0,0,1246,17934,208,208,0,105,0,1254,212
 34190,0,18366,1169,848,1904,2379,529,18089,17820,0,0,519,1365,0,2627,1288,640,1149,103,410,0,0,0,1246,17939,208,208,0,105,0,1254,212
 34195,0,18371,1169,848,1904,2379,529,18094,17825,0,0,519,1365,0,2627,1288,640,1149,103,410,0,0,0,1246,17944,208,208,0,105,0,1254,212
 34200,0,18376,1169,848,1904,2379,529,18099,17830,0,0,519,1365,0,2627,1288,640,1149,103,410,0,0,0,1246,17948,208,208,0,105,0,1254,212
 34205,0,18381,1169,848,1904,2379,529,18104,17835,0,0,519,1365,0,2627,1288,640,1149,103,410,0,0,0,1246,17948,208,208,0,105,0,1254,212
 34210,0,18386,1169,848,1904,2379,529,18106,17840,0,0,519,1365,0,2627,1288,640,1149,103,410,0,0,0,1246,17948,208,208,0,105,0,1254,212
 34215,0,18391,1169,848,1904,2379,529,18106,17845,0,0,519,1365,0,2627,1288,640,1149,103,410,0,0,0,1246,17948,208,208,0,105,0,1254,212
 34220,0,18397,1169,848,1904,2379,529,18106,17850,0,0,519,1365,0,2627,1288,640,1149,103,410,0,0,0,1246,17948,208,208,0,105,0,1254,212
 34225,0,18397,1169,848,1904,2379,529,18106,17855,0,0,519,1365,0,2627,1288,640,1149,103,410,0,0,0,1246,17948,208,208,0,105,0,1254,212
 34230,0,18397,1169,848,1904,2379,529,18106,17860,0,0,519,1365,0,2627,1288,640,1149,103,410,0,0,0,1246,17948,208,208,0,105,0,1254,212
 34235,0,18397,1169,848,1904,2379,529,18106,17865,0,0,519,1365,0,2627,1288,640,1149,103,410,0,0,0,1246,17948,208,208,0,105,0,1254,212
 34240,0,18397,1169,848,1904,2379,529,18106,17870,0,0,519,1365,0,2627,1288,640,1149,103,410,0,0,0,1246,17948,208,208,0,105,0,1254,212
 34245,0,18397,1169,848,1904,2379,529,18106,17875,0,0,519,1365,0,2627,1288,640,1149,103,410,0,0,0,1246,17948,208,208,0,105,0,1254,212
 34250,0,18397,1169,848,1904,2379,529,18106,17875,0,0,519,1365,0,2627,1288,640,1149,103,410,0,0,0,1246,17948,208,208,0,105,0,1254,212
 34255,0,18397,1169,848,1904,2379,529,18106,17875,0,0,519,1365,0,2627,1288,640,1149,103,410,0,0,0,1246,17948,208,208,0,105,0,1254,212
 34260,0,18397,1169,848,1904,2379,529,18106,17875,0,0,519,1365,0,2627,1288,640,1149,103,410,0,0,0,1246,17948,208,208,0,105,0,1254,212
 34265,0,18397,1169,848,1904,2379,529,18106,17875,0,0,519,1365,0,2627,1288,640,1149,103,410,0,0,0,1246,17948,208,208,0,105,0,1254,212
 34270,0,18397,1169,848,1904,2379,529,18106,17875,0,0,519,1365,0,2627,1288,640,1149,103,410,0,0,0,1246,17948,208,208,0,105,0,1254,212
 34275,0,18397,1169,848,1904,2379,529,18106,17875,0,0,519,1365,0,2627,1288,640,1149,103,410,0,0,0,1246,17948,208,208,0,105,0,1254,212
 34280,0,18397,1169,848,1904,2379,529,18106,17875,0,0,519,1365,0,2627,1288,640,1149,103,410,0,0,0,1246,17948,208,208,0,105,0,1254,212
 34285,0,18397,1169,848,1904,2379,529,18106,17875,0,0,519,1365,0,2627,1288,640,1149,103,410,0,0,0,1246,17948,208,208,0,105,0,1254,212
 34290,0,18397,1169,848,1904,2379,529,18106,17875,0,0,519,1365,0,2627,1288,640,1149,103,410,0,0,0,1246,17948,208,208,0,105,0,1254,212
 34295,0,18397,1169,848,1904,2379,529,18106,17875,0,0,519,1365,0,2627,1288,640,1149,103,410,0,0,0,1246,17948,208,208,0,105,0,1254,212
 34300,0,18397,1169,848,1904,2379,529,18106,17875,0,0,519,1365,0,2627,1288,640,1149,103,410,0,0,0,1246,17948,208,208,0,105,0,1254,212
 34305,0,18397,1169,848,1904,2379,529,18106,17875,0,0,519,1365,0,2627,1288,640,1149,103,410,0,0,0,1246,17948,208,208,0,105,0,1254,212
 34310,0,18397,1169,848,1904,2379,529,18106,17875,0,0,519,1365,0,2627,1288,640,1149,103,410,0,0,0,1246,17948,208,208,0,105,0,1254,212
 34315,0,18397,1169,848,1904,2379,529,18106,17875,0,0,519,1365,0,2627,1288,640,1149,103,410,0,0,0,1246,17948,208,208,0,105,0,1254,212
 34320,0,18398,1169,848,1904,2379,529,18106,17875,0,0,519,1365,0,2627,1288,640,1149,103,410,0,0,0,1246,17948,208,208,0,105,0,1254,212
 34325,0,18403,1169,848,1904,2379,529,18106,17875,0,0,519,1365,0,2627,1288,640,1149,103,410,0,0,0,1246,17948,208,208,0,105,0,1254,212
 34330,0,18408,1169,848,1904,2379,529,18106,17875,0,0,519,1365,0,2627,1288,640,1149,103,410,0,0,0,1246,17948,208,208,0,105,0,1254,212
 34335,0,18413,1169,848,1904,2379,529,18106,17877,0,0,519,1365,0,2627,1288,640,1149,103,410,0,0,0,1246,17948,208,208,0,105,0,1254,212
 34340,0,18418,1169,848,1904,2379,529,18106,17882,0,0,519,1365,0,2627,1288,640,1149,103,410,0,0,0,1246,17951,208,208,0,105,0,1254,212
 34345,0,18423,1169,848,1904,2379,529,18106,17887,0,0,519,1365,0,2627,1288,640,1149,103,410,0,0,0,1246,17956,208,208,0,105,0,1254,212
 34350,0,18428,1169,848,1904,2379,529,18106,17892,0,0,519,1365,0,2627,1288,640,1149,103,410,0,0,0,1246,17961,208,208,0,105,0,1254,212
 34355,0,18433,1169,848,1904,2379,529,18106,17897,0,0,519,1365,0,2627,1288,640,1149,103,410,0,0,0,1246,17966,208,208,0,105,0,1254,212
 34360,0,18438,1169,848,1904,2379,529,18107,17902,0,0,519,1365,0,2627,1288,640,1149,103,410,0,0,0,1246,17971,208,208,0,105,0,1254,212
 34365,0,18443,1169,848,1904,2379,529,18112,17907,0,0,519,1365,0,2627,1288,640,1149,103,410,0,0,0,1246,17976,208,208,0,105,0,1254,212
 34370,0,18448,1169,848,1904,2379,529,18117,17912,0,0,519,1365,0,2627,1288,640,1149,103,410,0,0,0,1246,17981,208,208,0,105,0,1254,212
 34375,0,18453,1169,848,1904,2379,529,18122,17917,0,0,519,1365,0,2627,1288,640,1149,103,410,0,0,0,1246,17986,208,208,0,105,0,1254,212
 34380,0,18458,1169,848,1904,2379,529,18127,17922,0,0,519,1365,0,2627,1288,640,1149,103,410,0,0,0,1246,17991,208,208,0,105,0,1254,212
 34385,0,18463,1169,848,1904,2379,529,18132,17927,0,0,519,1365,0,2627,1288,640,1149,103,410,0,0,0,1246,17996,208,208,0,105,0,1254,212
 34390,0,18468,1169,848,1904,2379,529,18137,17932,0,0,519,1365,0,2627,1288,640,1149,103,410,0,0,0,1246,18001,208,208,0,105,0,1254,212
 34395,0,18473,1169,848,1904,2379,529,18142,17937,0,0,519,1365,0,2627,1288,640,1149,103,410,0,0,0,1246,18006,208,208,0,105,0,1254,212
 34400,0,18478,1169,848,1904,2379,529,18147,17942,0,0,519,1365,0,2627,1288,640,1149,103,410,0,0,0,1246,18011,208,208,0,105,0,1254,212
 34405,0,18483,1169,848,1904,2379,529,18152,17947,0,0,519,1365,0,2627,1288,640,1149,103,410,0,0,0,1246,18016,208,208,0,105,0,1254,212
 34410,0,18488,1169,848,1904,2379,529,18157,17952,0,0,519,1365,0,2627,1288,640,1149,103,410,0,0,0,1246,18021,208,208,0,105,0,1254,212
 34415,0,18493,1169,848,1904,2379,529,18162,17957,0,0,519,1365,0,2627,1288,640,1149,103,410,0,0,0,1246,18026,208,208,0,105,0,1254,212
 34420,0,18498,1169,848,1904,2379,529,18167,17962,0,0,519,1365,0,2627,1288,640,1149,103,410,0,0,0,1246,18031,208,208,0,105,0,1254,212
 34425,0,18498,1169,848,1904,2379,529,18172,17967,0,0,519,1365,0,2627,1288,640,1149,103,410,0,0,0,1246,18036,208,208,0,105,0,1254,212
 34430,0,18498,1169,848,1904,2379,529,18177,17972,0,0,519,1365,0,2627,1288,640,1149,103,410,0,0,0,1246,18041,208,208,0,105,0,1254,212
 34435,0,18498,1169,848,1904,2379,529,18182,17977,0,0,519,1365,0,2627,1288,640,1149,103,410,0,0,0,1246,18046,208,208,0,105,0,1254,212
 34440,0,18498,1169,848,1904,2379,529,18187,17980,0,0,519,1365,0,2627,1288,640,1149,103,410,0,0,0,1246,18051,208,208,0,105,0,1254,212
 34445,0,18498,1169,848,1904,2379,529,18192,17980,0,0,519,1365,0,2627,1288,640,1149,103,410,0,0,0,1246,18053,208,208,0,105,0,1254,212
 34450,0,18498,1169,848,1904,2379,529,18197,17980,0,0,519,1365,0,2627,1288,640,1149,103,410,0,0,0,1246,18053,208,208,0,105,0,1254,212
 34455,0,18498,1169,848,1904,2379,529,18202,17980,0,0,519,1365,0,2627,1288,640,1149,103,410,0,0,0,1246,18053,208,208,0,105,0,1254,212
 34460,0,18498,1169,848,1904,2379,529,18207,17980,0,0,519,1365,0,2627,1288,640,1149,103,410,0,0,0,1246,18053,208,208,0,105,0,1254,212
 34465,0,18498,1169,848,1904,2379,529,18209,17980,0,0,519,1365,0,2627,1288,640,1149,103,410,0,0,0,1246,18053,208,208,0,105,0,1254,212
 34470,0,18498,1169,848,1904,2379,529,18209,17980,0,0,519,1365,0,2627,1288,640,1149,103,410,0,0,0,1246,18053,208,208,0,105,0,1254,212
 34475,0,18498,1169,848,1904,2379,529,18209,17980,0,0,519,1365,0,2627,1288,640,1149,103,410,0,0,0,1246,18053,208,208,0,105,0,1254,212
 34480,0,18498,1169,848,1904,2379,529,18209,17980,0,0,519,1365,0,2627,1288,640,1149,103,410,0,0,0,1246,18053,208,208,0,105,0,1254,212
 34485,0,18498,1169,848,1904,2379,529,18209,17980,0,0,519,1365,0,2627,1288,640,1149,103,410,0,0,0,1246,18053,208,208,0,105,0,1254,212
 34490,0,18498,1169,848,1904,2379,529,18209,17980,0,0,519,1365,0,2627,1288,640,1149,103,410,0,0,0,1246,18053,208,208,0,105,0,1254,212
 34495,0,18498,1169,848,1904,2379,529,18209,17980,0,0,519,1365,0,2627,1288,640,1149,103,410,0,0,0,1246,18053,208,208,0,105,0,1254,212
 34500,0,18498,1169,848,1904,2379,529,18209,17980,0,0,519,1365,0,2627,1288,640,1149,103,410,0,0,0,1246,18053,208,208,0,105,0,1254,212
 34505,0,18498,1169,848,1904,2379,529,18209,17980,0,0,519,1365,0,2627,1288,640,1149,103,410,0,0,0,1246,18053,208,208,0,105,0,1254,212
 34510,0,18498,1169,848,1904,2379,529,18209,17980,0,0,519,1365,0,2627,1288,640,1149,103,410,0,0,0,1246,18053,208,208,0,105,0,1254,212
 34515,0,18498,1169,848,1904,2379,529,18209,17980,0,0,519,1365,0,2627,1288,640,1149,103,410,0,0,0,1246,18053,208,208,0,105,0,1254,212
 34520,0,18498,1169,848,1904,2379,529,18209,17980,0,0,519,1365,0,2627,1288,640,1149,103,410,0,0,0,1246,18053,208,208,0,105,0,1254,212
 34525,0,18498,1169,848,1904,2379,529,18209,17980,0,0,519,1365,0,2627,1288,640,1149,103,410,0,0,0,1246,18053,208,208,0,105,0,1254,212
 34530,0,18498,1169,848,1904,2379,529,18209,17980,0,0,519,1365,0,2627,1288,640,1149,103,410,0,0,0,1246,18053,208,208,0,105,0,1254,212
 34535,0,18498,1169,848,1904,2379,529,18209,17980,0,0,519,1365,0,2627,1288,640,1149,103,410,0,0,0,1246,18053,208,208,0,105,0,1254,212
 34540,0,18498,1169,848,1904,2379,529,18209,17980,0,0,519,1365,0,2627,1288,640,1149,103,410,0,0,0,1246,18053,208,208,0,105,0,1254,212
 34545,0,18498,1169,848,1904,2379,529,18209,17980,0,0,519,1365,0,2627,1288,640,1149,103,410,0,0,0,1246,18053,208,208,0,105,0,1254,212
 34550,0,18499,1169,848,1904,2379,529,18209,17980,0,0,519,1365,0,2627,1288,640,1149,103,410,0,0,0,1246,18053,208,208,0,105,0,1254,212
 34555,0,18504,1169,848,1904,2379,529,18209,17980,0,0,519,1365,0,2627,1288,640,1149,103,410,0,0,0,1246,18053,208,208,0,105,0,1254,212
 34560,0,18509,1169,848,1904,2379,529,18209,17980,0,0,519,1365,0,2627,1288,640,1149,103,410,0,0,0,1246,18053,208,208,0,105,0,1254,212
 34565,0,18514,1169,848,1904,2379,529,18209,17980,0,0,519,1365,0,2627,1288,640,1149,103,410,0,0,0,1246,18052,208,208,0,105,0,1254,212
 34570,0,18519,1169,848,1904,2379,529,18209,17980,0,0,519,1365,0,2627,1288,640,1149,103,410,0,0,0,1246,18057,208,208,0,105,0,1254,212
 34575,0,18524,1169,848,1904,2379,529,18209,17980,0,0,519,1365,0,2627,1288,640,1149,103,410,0,0,0,1246,18062,208,208,0,105,0,1254,212
 34580,0,18529,1169,848,1904,2379,529,18209,17980,0,0,519,1365,0,2627,1288,640,1149,103,410,0,0,0,1246,18067,208,208,0,105,0,1254,212
 34585,0,18534,1169,848,1904,2379,529,18208,17980,0,0,519,1365,0,2627,1288,640,1149,103,410,0,0,0,1246,18072,208,208,0,105,0,1254,212
 34590,0,18539,1169,848,1904,2379,529,18213,17985,0,0,519,1365,0,2627,1288,640,1149,103,410,0,0,0,1246,18077,208,208,0,105,0,1254,212
 34595,0,18544,1169,848,1904,2379,529,18218,17990,0,0,519,1365,0,2627,1288,640,1149,103,410,0,0,0,1246,18082,208,208,0,105,0,1254,212
 34600,0,18549,1169,848,1904,2379,529,18223,17995,0,0,519,1365,0,2627,1288,640,1149,103,410,0,0,0,1246,18087,208,208,0,105,0,1254,212
 34605,0,18554,1169,848,1904,2379,529,18228,18000,0,0,519,1365,0,2627,1288,640,1149,103,410,0,0,0,1246,18092,208,208,0,105,0,1254,212
 34610,0,18559,1169,848,1904,2379,529,18233,18005,0,0,519,1365,0,2627,1288,640,1149,103,410,0,0,0,1246,18097,208,208,0,105,0,1254,212
 34615,0,18564,1169,848,1904,2379,529,18238,18010,0,0,519,1365,0,2627,1288,640,1149,103,410,0,0,0,1246,18102,208,208,0,105,0,1254,212
 34620,0,18569,1169,848,1904,2379,529,18243,18015,0,0,519,1365,0,2627,1288,640,1149,103,410,0,0,0,1246,18107,208,208,0,105,0,1254,212
 34625,0,18574,1169,848,1904,2379,529,18248,18020,0,0,519,1365,0,2627,1288,640,1149,103,410,0,0,0,1246,18112,208,208,0,105,0,1254,212
 34630,0,18579,1169,848,1904,2379,529,18253,18025,0,0,519,1365,0,2627,1288,640,1149,103,410,0,0,0,1246,18117,208,208,0,105,0,1254,212
 34635,0,18584,1169,848,1904,2379,529,18258,18030,0,0,519,1365,0,2627,1288,640,1149,103,410,0,0,0,1246,18122,208,208,0,105,0,1254,212
 34640,0,18589,1169,848,1904,2379,529,18263,18035,0,0,519,1365,0,2627,1288,640,1149,103,410,0,0,0,1246,18127,208,208,0,105,0,1254,212
 34645,0,18594,1169,848,1904,2379,529,18268,18040,0,0,519,1365,0,2627,1288,640,1149,103,410,0,0,0,1246,18132,208,208,0,105,0,1254,212
 34650,0,18599,1169,848,1904,2379,529,18273,18045,0,0,519,1365,0,2627,1288,640,1149,103,410,0,0,0,1246,18137,208,208,0,105,0,1254,212
 34655,0,18601,1169,848,1904,2379,529,18278,18050,0,0,519,1365,0,2627,1288,640,1149,103,410,0,0,0,1246,18142,208,208,0,105,0,1254,212
 34660,0,18601,1169,848,1904,2379,529,18283,18055,0,0,519,1365,0,2627,1288,640,1149,103,410,0,0,0,1246,18147,208,208,0,105,0,1254,212
 34665,0,18601,1169,848,1904,2379,529,18288,18060,0,0,519,1365,0,2627,1288,640,1149,103,410,0,0,0,1246,18152,208,208,0,105,0,1254,212
 34670,0,18601,1169,848,1904,2379,529,18293,18065,0,0,519,1365,0,2627,1288,640,1149,103,410,0,0,0,1246,18158,208,208,0,105,0,1254,212
 34675,0,18601,1169,848,1904,2379,529,18298,18070,0,0,519,1365,0,2627,1288,640,1149,103,410,0,0,0,1246,18158,208,208,0,105,0,1254,212
 34680,0,18601,1169,848,1904,2379,529,18303,18075,0,0,519,1365,0,2627,1288,640,1149,103,410,0,0,0,1246,18158,208,208,0,105,0,1254,212
 34685,0,18601,1169,848,1904,2379,529,18308,18080,0,0,519,1365,0,2627,1288,640,1149,103,410,0,0,0,1246,18158,208,208,0,105,0,1254,212
 34690,0,18601,1169,848,1904,2379,529,18314,18085,0,0,519,1365,0,2627,1288,640,1149,103,410,0,0,0,1246,18158,208,208,0,105,0,1254,212
 34695,0,18601,1169,848,1904,2379,529,18314,18085,0,0,519,1365,0,2627,1288,640,1149,103,410,0,0,0,1246,18158,208,208,0,105,0,1254,212
 34700,0,18601,1169,848,1904,2379,529,18314,18085,0,0,519,1365,0,2627,1288,640,1149,103,410,0,0,0,1246,18158,208,208,0,105,0,1254,212
 34705,0,18601,1169,848,1904,2379,529,18314,18085,0,0,519,1365,0,2627,1288,640,1149,103,410,0,0,0,1246,18158,208,208,0,105,0,1254,212
 34710,0,18601,1169,848,1904,2379,529,18314,18085,0,0,519,1365,0,2627,1288,640,1149,103,410,0,0,0,1246,18158,208,208,0,105,0,1254,212
 34715,0,18601,1169,848,1904,2379,529,18314,18085,0,0,519,1365,0,2627,1288,640,1149,103,410,0,0,0,1246,18158,208,208,0,105,0,1254,212
 34720,0,18601,1169,848,1904,2379,529,18314,18085,0,0,519,1365,0,2627,1288,640,1149,103,410,0,0,0,1246,18158,208,208,0,105,0,1254,212
 34725,0,18601,1169,848,1904,2379,529,18314,18085,0,0,519,1365,0,2627,1288,640,1149,103,410,0,0,0,1246,18158,208,208,0,105,0,1254,212
 34730,0,18601,1169,848,1904,2379,529,18314,18085,0,0,519,1365,0,2627,1288,640,1149,103,410,0,0,0,1246,18158,208,208,0,105,0,1254,212
 34735,0,18601,1169,848,1904,2379,529,18314,18085,0,0,519,1365,0,2627,1288,640,1149,103,410,0,0,0,1246,18158,208,208,0,105,0,1254,212
 34740,0,18601,1169,848,1904,2379,529,18314,18085,0,0,519,1365,0,2627,1288,640,1149,103,410,0,0,0,1246,18158,208,208,0,105,0,1254,212
 34745,0,18601,1169,848,1904,2379,529,18314,18085,0,0,519,1365,0,2627,1288,640,1149,103,410,0,0,0,1246,18158,208,208,0,105,0,1254,212
 34750,0,18601,1169,848,1904,2379,529,18314,18085,0,0,519,1365,0,2627,1288,640,1149,103,410,0,0,0,1246,18158,208,208,0,105,0,1254,212
 34755,0,18601,1169,848,1904,2379,529,18314,18085,0,0,519,1365,0,2627,1288,640,1149,103,410,0,0,0,1246,18158,208,208,0,105,0,1254,212
 34760,0,18601,1169,848,1904,2379,529,18314,18085,0,0,519,1365,0,2627,1288,640,1149,103,410,0,0,0,1246,18157,208,208,0,105,0,1254,212
 34765,0,18601,1169,848,1904,2379,529,18314,18085,0,0,519,1365,0,2627,1288,640,1149,103,410,0,0,0,1246,18162,208,208,0,105,0,1254,212
 34770,0,18601,1169,848,1904,2379,529,18314,18085,0,0,519,1365,0,2627,1288,640,1149,103,410,0,0,0,1246,18167,208,208,0,105,0,1254,212
 34775,0,18601,1169,848,1904,2379,529,18317,18085,0,0,519,1365,0,2627,1288,640,1149,103,410,0,0,0,1246,18172,208,208,0,105,0,1254,212
 34780,0,18602,1169,848,1904,2379,529,18322,18085,0,0,519,1365,0,2627,1288,640,1149,103,410,0,0,0,1246,18177,208,208,0,105,0,1254,212
 34785,0,18607,1169,848,1904,2379,529,18327,18090,0,0,519,1365,0,2627,1288,640,1149,103,410,0,0,0,1246,18182,208,208,0,105,0,1254,212
 34790,0,18612,1169,848,1904,2379,529,18332,18095,0,0,519,1365,0,2627,1288,640,1149,103,410,0,0,0,1246,18187,208,208,0,105,0,1254,212
 34795,0,18617,1169,848,1904,2379,529,18337,18100,0,0,519,1365,0,2627,1288,640,1149,103,410,0,0,0,1246,18192,208,208,0,105,0,1254,212
 34800,0,18622,1169,848,1904,2379,529,18342,18105,0,0,519,1365,0,2627,1288,640,1149,103,410,0,0,0,1246,18197,208,208,0,105,0,1254,212
 34805,0,18627,1169,848,1904,2379,529,18347,18110,0,0,519,1365,0,2627,1288,640,1149,103,410,0,0,0,1246,18202,208,208,0,105,0,1254,212
 34810,0,18632,1169,848,1904,2379,529,18352,18115,0,0,519,1365,0,2627,1288,640,1149,103,410,0,0,0,1246,18207,208,208,0,105,0,1254,212
 34815,0,18637,1169,848,1904,2379,529,18357,18120,0,0,519,1365,0,2627,1288,640,1149,103,410,0,0,0,1246,18212,208,208,0,105,0,1254,212
 34820,0,18642,1169,848,1904,2379,529,18362,18125,0,0,519,1365,0,2627,1288,640,1149,103,410,0,0,0,1246,18217,208,208,0,105,0,1254,212
 34825,0,18647,1169,848,1904,2379,529,18367,18130,0,0,519,1365,0,2627,1288,640,1149,103,410,0,0,0,1246,18222,208,208,0,105,0,1254,212
 34830,0,18652,1169,848,1904,2379,529,18372,18135,0,0,519,1365,0,2627,1288,640,1149,103,410,0,0,0,1246,18227,208,208,0,105,0,1254,212
 34835,0,18657,1169,848,1904,2379,529,18377,18140,0,0,519,1365,0,2627,1288,640,1149,103,410,0,0,0,1246,18232,208,208,0,105,0,1254,212
 34840,0,18662,1169,848,1904,2379,529,18382,18145,0,0,519,1365,0,2627,1288,640,1149,103,410,0,0,0,1246,18237,208,208,0,105,0,1254,212
 34845,0,18667,1169,848,1904,2379,529,18387,18150,0,0,519,1365,0,2627,1288,640,1149,103,410,0,0,0,1246,18242,208,208,0,105,0,1254,212
 34850,0,18672,1169,848,1904,2379,529,18392,18155,0,0,519,1365,0,2627,1288,640,1149,103,410,0,0,0,1246,18247,208,208,0,105,0,1254,212
 34855,0,18677,1169,848,1904,2379,529,18397,18160,0,0,519,1365,0,2627,1288,640,1149,103,410,0,0,0,1246,18252,208,208,0,105,0,1254,212
 34860,0,18682,1169,848,1904,2379,529,18402,18165,0,0,519,1365,0,2627,1288,640,1149,103,410,0,0,0,1246,18257,208,208,0,105,0,1254,212
 34865,0,18687,1169,848,1904,2379,529,18407,18170,0,0,519,1365,0,2627,1288,640,1149,103,410,0,0,0,1246,18262,208,208,0,105,0,1254,212
 34870,0,18692,1169,848,1904,2379,529,18412,18175,0,0,519,1365,0,2627,1288,640,1149,103,410,0,0,0,1246,18265,208,208,0,105,0,1254,212
 34875,0,18697,1169,848,1904,2379,529,18417,18180,0,0,519,1365,0,2627,1288,640,1149,103,410,0,0,0,1246,18265,208,208,0,105,0,1254,212
 34880,0,18702,1169,848,1904,2379,529,18421,18185,0,0,519,1365,0,2627,1288,640,1149,103,410,0,0,0,1246,18265,208,208,0,105,0,1254,212
 34885,0,18706,1169,848,1904,2379,529,18421,18188,0,0,519,1365,0,2627,1288,640,1149,103,410,0,0,0,1246,18265,208,208,0,105,0,1254,212
 34890,0,18706,1169,848,1904,2379,529,18421,18188,0,0,519,1365,0,2627,1288,640,1149,103,410,0,0,0,1246,18265,208,208,0,105,0,1254,212
 34895,0,18706,1169,848,1904,2379,529,18421,18188,0,0,519,1365,0,2627,1288,640,1149,103,410,0,0,0,1246,18265,208,208,0,105,0,1254,212
 34900,0,18706,1169,848,1904,2379,529,18421,18188,0,0,519,1365,0,2627,1288,640,1149,103,410,0,0,0,1246,18265,208,208,0,105,0,1254,212
 34905,0,18706,1169,848,1904,2379,529,18421,18188,0,0,519,1365,0,2627,1288,640,1149,103,410,0,0,0,1246,18265,208,208,0,105,0,1254,212
 34910,0,18706,1169,848,1904,2379,529,18421,18188,0,0,519,1365,0,2627,1288,640,1149,103,410,0,0,0,1246,18265,208,208,0,105,0,1254,212
 34915,0,18706,1169,848,1904,2379,529,18421,18188,0,0,519,1365,0,2627,1288,640,1149,103,410,0,0,0,1246,18265,208,208,0,105,0,1254,212
 34920,0,18706,1169,848,1904,2379,529,18421,18188,0,0,519,1365,0,2627,1288,640,1149,103,410,0,0,0,1246,18265,208,208,0,105,0,1254,212
 34925,0,18706,1169,848,1904,2379,529,18421,18188,0,0,519,1365,0,2627,1288,640,1149,103,410,0,0,0,1246,18265,208,208,0,105,0,1254,212
 34930,0,18706,1169,848,1904,2379,529,18421,18188,0,0,519,1365,0,2627,1288,640,1149,103,410,0,0,0,1246,18265,208,208,0,105,0,1254,212
 34935,0,18706,1169,848,1904,2379,529,18421,18188,0,0,519,1365,0,2627,1288,640,1149,103,410,0,0,0,1246,18265,208,208,0,105,0,1254,212
 34940,0,18706,1169,848,1904,2379,529,18421,18188,0,0,519,1365,0,2627,1288,640,1149,103,410,0,0,0,1246,18265,208,208,0,105,0,1254,212
 34945,0,18706,1169,848,1904,2379,529,18421,18188,0,0,519,1365,0,2627,1288,640,1149,103,410,0,0,0,1246,18265,208,208,0,105,0,1254,212
 34950,0,18706,1169,848,1904,2379,529,18421,18188,0,0,519,1365,0,2627,1288,640,1149,103,410,0,0,0,1246,18265,208,208,0,105,0,1254,212
 34955,0,18706,1169,848,1904,2379,529,18421,18188,0,0,519,1365,0,2627,1288,640,1149,103,410,0,0,0,1246,18265,208,208,0,105,0,1254,212
 34960,0,18706,1169,848,1904,2379,529,18421,18188,0,0,519,1365,0,2627,1288,640,1149,103,410,0,0,0,1246,18265,208,208,0,105,0,1254,212
 34965,0,18706,1169,848,1904,2379,529,18421,18188,0,0,519,1365,0,2627,1288,640,1149,103,410,0,0,0,1246,18265,208,208,0,105,0,1254,212
 34970,0,18706,1169,848,1904,2379,529,18421,18188,0,0,519,1365,0,2627,1288,640,1149,103,410,0,0,0,1246,18265,208,208,0,105,0,1254,212
 34975,0,18706,1169,848,1904,2379,529,18421,18188,0,0,519,1365,0,2627,1288,640,1149,103,410,0,0,0,1246,18265,208,208,0,105,0,1254,212
 34980,0,18708,1169,848,1904,2379,529,18421,18188,0,0,519,1365,0,2627,1288,640,1149,103,410,0,0,0,1246,18265,208,208,0,105,0,1254,212
 34985,0,18713,1169,848,1904,2379,529,18421,18188,0,0,519,1365,0,2627,1288,640,1149,103,410,0,0,0,1246,18270,208,208,0,105,0,1254,212
 34990,0,18718,1169,848,1904,2379,529,18424,18188,0,0,519,1365,0,2627,1288,640,1149,103,410,0,0,0,1246,18275,208,208,0,105,0,1254,212
 34995,0,18723,1169,848,1904,2379,529,18429,18188,0,0,519,1365,0,2627,1288,640,1149,103,410,0,0,0,1246,18280,208,208,0,105,0,1254,212
 35000,0,18728,1169,848,1904,2379,529,18434,18190,0,0,519,1365,0,2627,1288,640,1149,103,410,0,0,0,1246,18285,208,208,0,105,0,1254,212
 35005,0,18733,1169,848,1904,2379,529,18439,18195,0,0,519,1365,0,2627,1288,640,1149,103,410,0,0,0,1246,18290,208,208,0,105,0,1254,212
 35010,0,18738,1169,848,1904,2379,529,18444,18200,0,0,519,1365,0,2627,1288,640,1149,103,410,0,0,0,1246,18295,208,208,0,105,0,1254,212
 35015,0,18743,1169,848,1904,2379,529,18449,18205,0,0,519,1365,0,2627,1288,640,1149,103,410,0,0,0,1246,18300,208,208,0,105,0,1254,212
 35020,0,18748,1169,848,1904,2379,529,18454,18210,0,0,519,1365,0,2627,1288,640,1149,103,410,0,0,0,1246,18305,208,208,0,105,0,1254,212
 35025,0,18753,1169,848,1904,2379,529,18459,18215,0,0,519,1365,0,2627,1288,640,1149,103,410,0,0,0,1246,18310,208,208,0,105,0,1254,212
 35030,0,18758,1169,848,1904,2379,529,18464,18220,0,0,519,1365,0,2627,1288,640,1149,103,410,0,0,0,1246,18315,208,208,0,105,0,1254,212
 35035,0,18763,1169,848,1904,2379,529,18469,18225,0,0,519,1365,0,2627,1288,640,1149,103,410,0,0,0,1246,18320,208,208,0,105,0,1254,212
 35040,0,18768,1169,848,1904,2379,529,18474,18230,0,0,519,1365,0,2627,1288,640,1149,103,410,0,0,0,1246,18325,208,208,0,105,0,1254,212
 35045,0,18773,1169,848,1904,2379,529,18479,18235,0,0,519,1365,0,2627,1288,640,1149,103,410,0,0,0,1246,18330,208,208,0,105,0,1254,212
 35050,0,18778,1169,848,1904,2379,529,18484,18240,0,0,519,1365,0,2627,1288,640,1149,103,410,0,0,0,1246,18335,208,208,0,105,0,1254,212
 35055,0,18783,1169,848,1904,2379,529,18489,18245,0,0,519,1365,0,2627,1288,640,1149,103,410,0,0,0,1246,18340,208,208,0,105,0,1254,212
 35060,0,18788,1169,848,1904,2379,529,18494,18250,0,0,519,1365,0,2627,1288,640,1149,103,410,0,0,0,1246,18345,208,208,0,105,0,1254,212
 35065,0,18793,1169,848,1904,2379,529,18499,18255,0,0,519,1365,0,2627,1288,640,1149,103,410,0,0,0,1246,18350,208,208,0,105,0,1254,212
 35070,0,18798,1169,848,1904,2379,529,18504,18260,0,0,519,1365,0,2627,1288,640,1149,103,410,0,0,0,1246,18355,208,208,0,105,0,1254,212
 35075,0,18803,1169,848,1904,2379,529,18509,18265,0,0,519,1365,0,2627,1288,640,1149,103,410,0,0,0,1246,18360,208,208,0,105,0,1254,212
 35080,0,18807,1169,848,1904,2379,529,18514,18270,0,0,519,1365,0,2627,1288,640,1149,103,410,0,0,0,1246,18365,208,208,0,105,0,1254,212
 35085,0,18807,1169,848,1904,2379,529,18519,18275,0,0,519,1365,0,2627,1288,640,1149,103,410,0,0,0,1246,18370,208,208,0,105,0,1254,212
 35090,0,18807,1169,848,1904,2379,529,18524,18280,0,0,519,1365,0,2627,1288,640,1149,103,410,0,0,0,1246,18370,208,208,0,105,0,1254,212
 35095,0,18807,1169,848,1904,2379,529,18526,18285,0,0,519,1365,0,2627,1288,640,1149,103,410,0,0,0,1246,18370,208,208,0,105,0,1254,212
 35100,0,18807,1169,848,1904,2379,529,18526,18290,0,0,519,1365,0,2627,1288,640,1149,103,410,0,0,0,1246,18370,208,208,0,105,0,1254,212
 35105,0,18807,1169,848,1904,2379,529,18526,18293,0,0,519,1365,0,2627,1288,640,1149,103,410,0,0,0,1246,18370,208,208,0,105,0,1254,212
 35110,0,18807,1169,848,1904,2379,529,18526,18293,0,0,519,1365,0,2627,1288,640,1149,103,410,0,0,0,1246,18370,208,208,0,105,0,1254,212
 35115,0,18807,1169,848,1904,2379,529,18526,18293,0,0,519,1365,0,2627,1288,640,1149,103,410,0,0,0,1246,18370,208,208,0,105,0,1254,212
 35120,0,18807,1169,848,1904,2379,529,18526,18293,0,0,519,1365,0,2627,1288,640,1149,103,410,0,0,0,1246,18370,208,208,0,105,0,1254,212
 35125,0,18807,1169,848,1904,2379,529,18526,18293,0,0,519,1365,0,2627,1288,640,1149,103,410,0,0,0,1246,18370,208,208,0,105,0,1254,212
 35130,0,18807,1169,848,1904,2379,529,18526,18293,0,0,519,1365,0,2627,1288,640,1149,103,410,0,0,0,1246,18370,208,208,0,105,0,1254,212
 35135,0,18807,1169,848,1904,2379,529,18526,18293,0,0,519,1365,0,2627,1288,640,1149,103,410,0,0,0,1246,18370,208,208,0,105,0,1254,212
 35140,0,18807,1169,848,1904,2379,529,18526,18293,0,0,519,1365,0,2627,1288,640,1149,103,410,0,0,0,1246,18370,208,208,0,105,0,1254,212
 35145,0,18807,1169,848,1904,2379,529,18526,18293,0,0,519,1365,0,2627,1288,640,1149,103,410,0,0,0,1246,18370,208,208,0,105,0,1254,212
 35150,0,18807,1169,848,1904,2379,529,18526,18293,0,0,519,1365,0,2627,1288,640,1149,103,410,0,0,0,1246,18370,208,208,0,105,0,1254,212
 35155,0,18807,1169,848,1904,2379,529,18526,18293,0,0,519,1365,0,2627,1288,640,1149,103,410,0,0,0,1246,18370,208,208,0,105,0,1254,212
 35160,0,18807,1169,848,1904,2379,529,18526,18293,0,0,519,1365,0,2627,1288,640,1149,103,410,0,0,0,1246,18370,208,208,0,105,0,1254,212
 35165,0,18807,1169,848,1904,2379,529,18526,18293,0,0,519,1365,0,2627,1288,640,1149,103,410,0,0,0,1246,18370,208,208,0,105,0,1254,212
 35170,0,18807,1169,848,1904,2379,529,18526,18293,0,0,519,1365,0,2627,1288,640,1149,103,410,0,0,0,1246,18370,208,208,0,105,0,1254,212
 35175,0,18807,1169,848,1904,2379,529,18526,18293,0,0,519,1365,0,2627,1288,640,1149,103,410,0,0,0,1246,18370,208,208,0,105,0,1254,212
 35180,0,18807,1169,848,1904,2379,529,18526,18293,0,0,519,1365,0,2627,1288,640,1149,103,410,0,0,0,1246,18370,208,208,0,105,0,1254,212
 35185,0,18807,1169,848,1904,2379,529,18526,18293,0,0,519,1365,0,2627,1288,640,1149,103,410,0,0,0,1246,18370,208,208,0,105,0,1254,212
 35190,0,18807,1169,848,1904,2379,529,18526,18293,0,0,519,1365,0,2627,1288,640,1149,103,410,0,0,0,1246,18370,208,208,0,105,0,1254,212
 35195,0,18807,1169,848,1904,2379,529,18526,18293,0,0,519,1365,0,2627,1288,640,1149,103,410,0,0,0,1246,18370,208,208,0,105,0,1254,212
 35200,0,18807,1169,848,1904,2379,529,18526,18293,0,0,519,1365,0,2627,1288,640,1149,103,410,0,0,0,1246,18370,208,208,0,105,0,1254,212
 35205,0,18807,1169,848,1904,2379,529,18526,18293,0,0,519,1365,0,2627,1288,640,1149,103,410,0,0,0,1246,18370,208,208,0,105,0,1254,212
 35210,0,18807,1169,848,1904,2379,529,18526,18296,0,0,519,1365,0,2627,1288,640,1149,103,410,0,0,0,1246,18370,208,208,0,105,0,1254,212
 35215,0,18807,1169,848,1904,2379,529,18526,18301,0,0,519,1365,0,2627,1288,640,1149,103,410,0,0,0,1246,18375,208,208,0,105,0,1254,212
 35220,0,18807,1169,848,1904,2379,529,18529,18306,0,0,519,1365,0,2627,1288,640,1149,103,410,0,0,0,1246,18380,208,208,0,105,0,1254,212
 35225,0,18807,1169,848,1904,2379,529,18534,18311,0,0,519,1365,0,2627,1288,640,1149,103,410,0,0,0,1246,18385,208,208,0,105,0,1254,212
 35230,0,18807,1169,848,1904,2379,529,18539,18316,0,0,519,1365,0,2627,1288,640,1149,103,410,0,0,0,1246,18390,208,208,0,105,0,1254,212
 35235,0,18807,1169,848,1904,2379,529,18544,18321,0,0,519,1365,0,2627,1288,640,1149,103,410,0,0,0,1246,18395,208,208,0,105,0,1254,212
 35240,0,18809,1169,848,1904,2379,529,18549,18326,0,0,519,1365,0,2627,1288,640,1149,103,410,0,0,0,1246,18400,208,208,0,105,0,1254,212
 35245,0,18814,1169,848,1904,2379,529,18554,18331,0,0,519,1365,0,2627,1288,640,1149,103,410,0,0,0,1246,18405,208,208,0,105,0,1254,212
 35250,0,18819,1169,848,1904,2379,529,18559,18336,0,0,519,1365,0,2627,1288,640,1149,103,410,0,0,0,1246,18410,208,208,0,105,0,1254,212
 35255,0,18824,1169,848,1904,2379,529,18564,18341,0,0,519,1365,0,2627,1288,640,1149,103,410,0,0,0,1246,18415,208,208,0,105,0,1254,212
 35260,0,18829,1169,848,1904,2379,529,18569,18346,0,0,519,1365,0,2627,1288,640,1149,103,410,0,0,0,1246,18420,208,208,0,105,0,1254,212
 35265,0,18834,1169,848,1904,2379,529,18574,18351,0,0,519,1365,0,2627,1288,640,1149,103,410,0,0,0,1246,18425,208,208,0,105,0,1254,212
 35270,0,18839,1169,848,1904,2379,529,18579,18356,0,0,519,1365,0,2627,1288,640,1149,103,410,0,0,0,1246,18430,208,208,0,105,0,1254,212
 35275,0,18844,1169,848,1904,2379,529,18584,18361,0,0,519,1365,0,2627,1288,640,1149,103,410,0,0,0,1246,18435,208,208,0,105,0,1254,212
 35280,0,18849,1169,848,1904,2379,529,18589,18366,0,0,519,1365,0,2627,1288,640,1149,103,410,0,0,0,1246,18440,208,208,0,105,0,1254,212
 35285,0,18854,1169,848,1904,2379,529,18594,18371,0,0,519,1365,0,2627,1288,640,1149,103,410,0,0,0,1246,18445,208,208,0,105,0,1254,212
 35290,0,18859,1169,848,1904,2379,529,18599,18376,0,0,519,1365,0,2627,1288,640,1149,103,410,0,0,0,1246,18450,208,208,0,105,0,1254,212
 35295,0,18864,1169,848,1904,2379,529,18604,18381,0,0,519,1365,0,2627,1288,640,1149,103,410,0,0,0,1246,18455,208,208,0,105,0,1254,212
 35300,0,18869,1169,848,1904,2379,529,18609,18386,0,0,519,1365,0,2627,1288,640,1149,103,410,0,0,0,1246,18460,208,208,0,105,0,1254,212
 35305,0,18874,1169,848,1904,2379,529,18614,18391,0,0,519,1365,0,2627,1288,640,1149,103,410,0,0,0,1246,18465,208,208,0,105,0,1254,212
 35310,0,18879,1169,848,1904,2379,529,18619,18396,0,0,519,1365,0,2627,1288,640,1149,103,410,0,0,0,1246,18470,208,208,0,105,0,1254,212
 35315,0,18884,1169,848,1904,2379,529,18624,18400,0,0,519,1365,0,2627,1288,640,1149,103,410,0,0,0,1246,18475,208,208,0,105,0,1254,212
 35320,0,18889,1169,848,1904,2379,529,18629,18400,0,0,519,1365,0,2627,1288,640,1149,103,410,0,0,0,1246,18477,208,208,0,105,0,1254,212
 35325,0,18894,1169,848,1904,2379,529,18631,18400,0,0,519,1365,0,2627,1288,640,1149,103,410,0,0,0,1246,18477,208,208,0,105,0,1254,212
 35330,0,18899,1169,848,1904,2379,529,18631,18400,0,0,519,1365,0,2627,1288,640,1149,103,410,0,0,0,1246,18477,208,208,0,105,0,1254,212
 35335,0,18904,1169,848,1904,2379,529,18631,18400,0,0,519,1365,0,2627,1288,640,1149,103,410,0,0,0,1246,18477,208,208,0,105,0,1254,212
 35340,0,18910,1169,848,1904,2379,529,18631,18400,0,0,519,1365,0,2627,1288,640,1149,103,410,0,0,0,1246,18477,208,208,0,105,0,1254,212
 35345,0,18910,1169,848,1904,2379,529,18631,18400,0,0,519,1365,0,2627,1288,640,1149,103,410,0,0,0,1246,18477,208,208,0,105,0,1254,212
 35350,0,18910,1169,848,1904,2379,529,18631,18400,0,0,519,1365,0,2627,1288,640,1149,103,410,0,0,0,1246,18477,208,208,0,105,0,1254,212
 35355,0,18910,1169,848,1904,2379,529,18631,18400,0,0,519,1365,0,2627,1288,640,1149,103,410,0,0,0,1246,18477,208,208,0,105,0,1254,212
 35360,0,18910,1169,848,1904,2379,529,18631,18400,0,0,519,1365,0,2627,1288,640,1149,103,410,0,0,0,1246,18477,208,208,0,105,0,1254,212
 35365,0,18910,1169,848,1904,2379,529,18631,18400,0,0,519,1365,0,2627,1288,640,1149,103,410,0,0,0,1246,18477,208,208,0,105,0,1254,212
 35370,0,18910,1169,848,1904,2379,529,18631,18400,0,0,519,1365,0,2627,1288,640,1149,103,410,0,0,0,1246,18477,208,208,0,105,0,1254,212
 35375,0,18910,1169,848,1904,2379,529,18631,18400,0,0,519,1365,0,2627,1288,640,1149,103,410,0,0,0,1246,18477,208,208,0,105,0,1254,212
 35380,0,18910,1169,848,1904,2379,529,18631,18400,0,0,519,1365,0,2627,1288,640,1149,103,410,0,0,0,1246,18477,208,208,0,105,0,1254,212
 35385,0,18910,1169,848,1904,2379,529,18631,18400,0,0,519,1365,0,2627,1288,640,1149,103,410,0,0,0,1246,18477,208,208,0,105,0,1254,212
 35390,0,18910,1169,848,1904,2379,529,18631,18400,0,0,519,1365,0,2627,1288,640,1149,103,410,0,0,0,1246,18477,208,208,0,105,0,1254,212
 35395,0,18910,1169,848,1904,2379,529,18631,18400,0,0,519,1365,0,2627,1288,640,1149,103,410,0,0,0,1246,18477,208,208,0,105,0,1254,212
 35400,0,18910,1169,848,1904,2379,529,18631,18400,0,0,519,1365,0,2627,1288,640,1149,103,410,0,0,0,1246,18477,208,208,0,105,0,1254,212
 35405,0,18910,1169,848,1904,2379,529,18631,18400,0,0,519,1365,0,2627,1288,640,1149,103,410,0,0,0,1246,18476,208,208,0,105,0,1254,212
 35410,0,18910,1169,848,1904,2379,529,18631,18400,0,0,519,1365,0,2627,1288,640,1149,103,410,0,0,0,1246,18481,208,208,0,105,0,1254,212
 35415,0,18912,1169,848,1904,2379,529,18631,18400,0,0,519,1365,0,2627,1288,640,1149,103,410,0,0,0,1246,18486,208,208,0,105,0,1254,212
 35420,0,18917,1169,848,1904,2379,529,18631,18403,0,0,519,1365,0,2627,1288,640,1149,103,410,0,0,0,1246,18491,208,208,0,105,0,1254,212
 35425,0,18922,1169,848,1904,2379,529,18630,18408,0,0,519,1365,0,2627,1288,640,1149,103,410,0,0,0,1246,18496,208,208,0,105,0,1254,212
 35430,0,18927,1169,848,1904,2379,529,18635,18413,0,0,519,1365,0,2627,1288,640,1149,103,410,0,0,0,1246,18501,208,208,0,105,0,1254,212
 35435,0,18932,1169,848,1904,2379,529,18640,18418,0,0,519,1365,0,2627,1288,640,1149,103,410,0,0,0,1246,18506,208,208,0,105,0,1254,212
 35440,0,18937,1169,848,1904,2379,529,18645,18423,0,0,519,1365,0,2627,1288,640,1149,103,410,0,0,0,1246,18511,208,208,0,105,0,1254,212
 35445,0,18942,1169,848,1904,2379,529,18650,18428,0,0,519,1365,0,2627,1288,640,1149,103,410,0,0,0,1246,18516,208,208,0,105,0,1254,212
 35450,0,18947,1169,848,1904,2379,529,18655,18433,0,0,519,1365,0,2627,1288,640,1149,103,410,0,0,0,1246,18521,208,208,0,105,0,1254,212
 35455,0,18952,1169,848,1904,2379,529,18660,18438,0,0,519,1365,0,2627,1288,640,1149,103,410,0,0,0,1246,18526,208,208,0,105,0,1254,212
 35460,0,18957,1169,848,1904,2379,529,18665,18443,0,0,519,1365,0,2627,1288,640,1149,103,410,0,0,0,1246,18531,208,208,0,105,0,1254,212
 35465,0,18962,1169,848,1904,2379,529,18670,18448,0,0,519,1365,0,2627,1288,640,1149,103,410,0,0,0,1246,18536,208,208,0,105,0,1254,212
 35470,0,18967,1169,848,1904,2379,529,18675,18453,0,0,519,1365,0,2627,1288,640,1149,103,410,0,0,0,1246,18541,208,208,0,105,0,1254,212
 35475,0,18972,1169,848,1904,2379,529,18680,18458,0,0,519,1365,0,2627,1288,640,1149,103,410,0,0,0,1246,18546,208,208,0,105,0,1254,212
 35480,0,18977,1169,848,1904,2379,529,18685,18463,0,0,519,1365,0,2627,1288,640,1149,103,410,0,0,0,1246,18551,208,208,0,105,0,1254,212
 35485,0,18982,1169,848,1904,2379,529,18690,18468,0,0,519,1365,0,2627,1288,640,1149,103,410,0,0,0,1246,18556,208,208,0,105,0,1254,212
 35490,0,18987,1169,848,1904,2379,529,18695,18473,0,0,519,1365,0,2627,1288,640,1149,103,410,0,0,0,1246,18561,208,208,0,105,0,1254,212
 35495,0,18992,1169,848,1904,2379,529,18700,18478,0,0,519,1365,0,2627,1288,640,1149,103,410,0,0,0,1246,18566,208,208,0,105,0,1254,212
 35500,0,18997,1169,848,1904,2379,529,18705,18483,0,0,519,1365,0,2627,1288,640,1149,103,410,0,0,0,1246,18571,208,208,0,105,0,1254,212
 35505,0,19002,1169,848,1904,2379,529,18710,18488,0,0,519,1365,0,2627,1288,640,1149,103,410,0,0,0,1246,18576,208,208,0,105,0,1254,212
 35510,0,19007,1169,848,1904,2379,529,18715,18493,0,0,519,1365,0,2627,1288,640,1149,103,410,0,0,0,1246,18580,208,208,0,105,0,1254,212
 35515,0,19013,1169,848,1904,2379,529,18720,18498,0,0,519,1365,0,2627,1288,640,1149,103,410,0,0,0,1246,18580,208,208,0,105,0,1254,212
 35520,0,19013,1169,848,1904,2379,529,18725,18503,0,0,519,1365,0,2627,1288,640,1149,103,410,0,0,0,1246,18580,208,208,0,105,0,1254,212
 35525,0,19013,1169,848,1904,2379,529,18730,18503,0,0,519,1365,0,2627,1288,640,1149,103,410,0,0,0,1246,18580,208,208,0,105,0,1254,212
 35530,0,19013,1169,848,1904,2379,529,18734,18503,0,0,519,1365,0,2627,1288,640,1149,103,410,0,0,0,1246,18580,208,208,0,105,0,1254,212
 35535,0,19013,1169,848,1904,2379,529,18734,18503,0,0,519,1365,0,2627,1288,640,1149,103,410,0,0,0,1246,18580,208,208,0,105,0,1254,212
 35540,0,19013,1169,848,1904,2379,529,18734,18503,0,0,519,1365,0,2627,1288,640,1149,103,410,0,0,0,1246,18580,208,208,0,105,0,1254,212
 35545,0,19013,1169,848,1904,2379,529,18734,18503,0,0,519,1365,0,2627,1288,640,1149,103,410,0,0,0,1246,18580,208,208,0,105,0,1254,212
 35550,0,19013,1169,848,1904,2379,529,18734,18503,0,0,519,1365,0,2627,1288,640,1149,103,410,0,0,0,1246,18580,208,208,0,105,0,1254,212
 35555,0,19013,1169,848,1904,2379,529,18734,18503,0,0,519,1365,0,2627,1288,640,1149,103,410,0,0,0,1246,18580,208,208,0,105,0,1254,212
 35560,0,19013,1169,848,1904,2379,529,18734,18503,0,0,519,1365,0,2627,1288,640,1149,103,410,0,0,0,1246,18580,208,208,0,105,0,1254,212
 35565,0,19013,1169,848,1904,2379,529,18734,18503,0,0,519,1365,0,2627,1288,640,1149,103,410,0,0,0,1246,18580,208,208,0,105,0,1254,212
 35570,0,19013,1169,848,1904,2379,529,18734,18503,0,0,519,1365,0,2627,1288,640,1149,103,410,0,0,0,1246,18580,208,208,0,105,0,1254,212
 35575,0,19013,1169,848,1904,2379,529,18734,18503,0,0,519,1365,0,2627,1288,640,1149,103,410,0,0,0,1246,18580,208,208,0,105,0,1254,212
 35580,0,19013,1169,848,1904,2379,529,18734,18503,0,0,519,1365,0,2627,1288,640,1149,103,410,0,0,0,1246,18580,208,208,0,105,0,1254,212
 35585,0,19013,1169,848,1904,2379,529,18734,18503,0,0,519,1365,0,2627,1288,640,1149,103,410,0,0,0,1246,18580,208,208,0,105,0,1254,212
 35590,0,19013,1169,848,1904,2379,529,18734,18503,0,0,519,1365,0,2627,1288,640,1149,103,410,0,0,0,1246,18580,208,208,0,105,0,1254,212
 35595,0,19013,1169,848,1904,2379,529,18734,18503,0,0,519,1365,0,2627,1288,640,1149,103,410,0,0,0,1246,18580,208,208,0,105,0,1254,212
 35600,0,19013,1169,848,1904,2379,529,18734,18503,0,0,519,1365,0,2627,1288,640,1149,103,410,0,0,0,1246,18580,208,208,0,105,0,1254,212
 35605,0,19015,1169,848,1904,2379,529,18734,18503,0,0,519,1365,0,2627,1288,640,1149,103,410,0,0,0,1246,18580,208,208,0,105,0,1254,212
 35610,0,19020,1169,848,1904,2379,529,18734,18503,0,0,519,1365,0,2627,1288,640,1149,103,410,0,0,0,1246,18580,208,208,0,105,0,1254,212
 35615,0,19025,1169,848,1904,2379,529,18734,18503,0,0,519,1365,0,2627,1288,640,1149,103,410,0,0,0,1246,18580,208,208,0,105,0,1254,212
 35620,0,19030,1169,848,1904,2379,529,18734,18505,0,0,519,1365,0,2627,1288,640,1149,103,410,0,0,0,1246,18579,208,208,0,105,0,1254,212
 35625,0,19035,1169,848,1904,2379,529,18737,18510,0,0,519,1365,0,2627,1288,640,1149,103,410,0,0,0,1246,18584,208,208,0,105,0,1254,212
 35630,0,19040,1169,848,1904,2379,529,18742,18515,0,0,519,1365,0,2627,1288,640,1149,103,410,0,0,0,1246,18589,208,208,0,105,0,1254,212
 35635,0,19045,1169,848,1904,2379,529,18747,18520,0,0,519,1365,0,2627,1288,640,1149,103,410,0,0,0,1246,18594,208,208,0,105,0,1254,212
 35640,0,19050,1169,848,1904,2379,529,18752,18525,0,0,519,1365,0,2627,1288,640,1149,103,410,0,0,0,1246,18599,208,208,0,105,0,1254,212
 35645,0,19055,1169,848,1904,2379,529,18757,18530,0,0,519,1365,0,2627,1288,640,1149,103,410,0,0,0,1246,18604,208,208,0,105,0,1254,212
 35650,0,19060,1169,848,1904,2379,529,18762,18535,0,0,519,1365,0,2627,1288,640,1149,103,410,0,0,0,1246,18609,208,208,0,105,0,1254,212
 35655,0,19065,1169,848,1904,2379,529,18767,18540,0,0,519,1365,0,2627,1288,640,1149,103,410,0,0,0,1246,18614,208,208,0,105,0,1254,212
 35660,0,19070,1169,848,1904,2379,529,18772,18545,0,0,519,1365,0,2627,1288,640,1149,103,410,0,0,0,1246,18619,208,208,0,105,0,1254,212
 35665,0,19075,1169,848,1904,2379,529,18777,18550,0,0,519,1365,0,2627,1288,640,1149,103,410,0,0,0,1246,18624,208,208,0,105,0,1254,212
 35670,0,19080,1169,848,1904,2379,529,18782,18555,0,0,519,1365,0,2627,1288,640,1149,103,410,0,0,0,1246,18629,208,208,0,105,0,1254,212
 35675,0,19085,1169,848,1904,2379,529,18787,18560,0,0,519,1365,0,2627,1288,640,1149,103,410,0,0,0,1246,18634,208,208,0,105,0,1254,212
 35680,0,19090,1169,848,1904,2379,529,18792,18565,0,0,519,1365,0,2627,1288,640,1149,103,410,0,0,0,1246,18639,208,208,0,105,0,1254,212
 35685,0,19095,1169,848,1904,2379,529,18797,18570,0,0,519,1365,0,2627,1288,640,1149,103,410,0,0,0,1246,18644,208,208,0,105,0,1254,212
 35690,0,19100,1169,848,1904,2379,529,18802,18575,0,0,519,1365,0,2627,1288,640,1149,103,410,0,0,0,1246,18649,208,208,0,105,0,1254,212
 35695,0,19105,1169,848,1904,2379,529,18807,18580,0,0,519,1365,0,2627,1288,640,1149,103,410,0,0,0,1246,18654,208,208,0,105,0,1254,212
 35700,0,19110,1169,848,1904,2379,529,18812,18585,0,0,519,1365,0,2627,1288,640,1149,103,410,0,0,0,1246,18659,208,208,0,105,0,1254,212
 35705,0,19116,1169,848,1904,2379,529,18817,18590,0,0,519,1365,0,2627,1288,640,1149,103,410,0,0,0,1246,18664,208,208,0,105,0,1254,212
 35710,0,19116,1169,848,1904,2379,529,18822,18595,0,0,519,1365,0,2627,1288,640,1149,103,410,0,0,0,1246,18669,208,208,0,105,0,1254,212
 35715,0,19116,1169,848,1904,2379,529,18827,18600,0,0,519,1365,0,2627,1288,640,1149,103,410,0,0,0,1246,18674,208,208,0,105,0,1254,212
 35720,0,19116,1169,848,1904,2379,529,18832,18605,0,0,519,1365,0,2627,1288,640,1149,103,410,0,0,0,1246,18679,208,208,0,105,0,1254,212
 35725,0,19116,1169,848,1904,2379,529,18837,18608,0,0,519,1365,0,2627,1288,640,1149,103,410,0,0,0,1246,18681,208,208,0,105,0,1254,212
 35730,0,19116,1169,848,1904,2379,529,18839,18608,0,0,519,1365,0,2627,1288,640,1149,103,410,0,0,0,1246,18681,208,208,0,105,0,1254,212
 35735,0,19116,1169,848,1904,2379,529,18839,18608,0,0,519,1365,0,2627,1288,640,1149,103,410,0,0,0,1246,18681,208,208,0,105,0,1254,212
 35740,0,19116,1169,848,1904,2379,529,18839,18608,0,0,519,1365,0,2627,1288,640,1149,103,410,0,0,0,1246,18681,208,208,0,105,0,1254,212
 35745,0,19116,1169,848,1904,2379,529,18839,18608,0,0,519,1365,0,2627,1288,640,1149,103,410,0,0,0,1246,18681,208,208,0,105,0,1254,212
 35750,0,19116,1169,848,1904,2379,529,18839,18608,0,0,519,1365,0,2627,1288,640,1149,103,410,0,0,0,1246,18681,208,208,0,105,0,1254,212
 35755,0,19116,1169,848,1904,2379,529,18839,18608,0,0,519,1365,0,2627,1288,640,1149,103,410,0,0,0,1246,18681,208,208,0,105,0,1254,212
 35760,0,19116,1169,848,1904,2379,529,18839,18608,0,0,519,1365,0,2627,1288,640,1149,103,410,0,0,0,1246,18681,208,208,0,105,0,1254,212
 35765,0,19116,1169,848,1904,2379,529,18839,18608,0,0,519,1365,0,2627,1288,640,1149,103,410,0,0,0,1246,18681,208,208,0,105,0,1254,212
 35770,0,19116,1169,848,1904,2379,529,18839,18608,0,0,519,1365,0,2627,1288,640,1149,103,410,0,0,0,1246,18681,208,208,0,105,0,1254,212
 35775,0,19116,1169,848,1904,2379,529,18839,18608,0,0,519,1365,0,2627,1288,640,1149,103,410,0,0,0,1246,18681,208,208,0,105,0,1254,212
 35780,0,19116,1169,848,1904,2379,529,18839,18608,0,0,519,1365,0,2627,1288,640,1149,103,410,0,0,0,1246,18681,208,208,0,105,0,1254,212
 35785,0,19116,1169,848,1904,2379,529,18839,18608,0,0,519,1365,0,2627,1288,640,1149,103,410,0,0,0,1246,18681,208,208,0,105,0,1254,212
 35790,0,19116,1169,848,1904,2379,529,18839,18608,0,0,519,1365,0,2627,1288,640,1149,103,410,0,0,0,1246,18681,208,208,0,105,0,1254,212
 35795,0,19116,1169,848,1904,2379,529,18839,18608,0,0,519,1365,0,2627,1288,640,1149,103,410,0,0,0,1246,18681,208,208,0,105,0,1254,212
 35800,0,19116,1169,848,1904,2379,529,18839,18608,0,0,519,1365,0,2627,1288,640,1149,103,410,0,0,0,1246,18681,208,208,0,105,0,1254,212
 35805,0,19116,1169,848,1904,2379,529,18839,18608,0,0,519,1365,0,2627,1288,640,1149,103,410,0,0,0,1246,18681,208,208,0,105,0,1254,212
 35810,0,19116,1169,848,1904,2379,529,18839,18608,0,0,519,1365,0,2627,1288,640,1149,103,410,0,0,0,1246,18681,208,208,0,105,0,1254,212
 35815,0,19116,1169,848,1904,2379,529,18839,18608,0,0,519,1365,0,2627,1288,640,1149,103,410,0,0,0,1246,18681,208,208,0,105,0,1254,212
 35820,0,19116,1169,848,1904,2379,529,18839,18608,0,0,519,1365,0,2627,1288,640,1149,103,410,0,0,0,1246,18681,208,208,0,105,0,1254,212
 35825,0,19116,1169,848,1904,2379,529,18839,18608,0,0,519,1365,0,2627,1288,640,1149,103,410,0,0,0,1246,18681,208,208,0,105,0,1254,212
 35830,0,19116,1169,848,1904,2379,529,18839,18608,0,0,519,1365,0,2627,1288,640,1149,103,410,0,0,0,1246,18681,208,208,0,105,0,1254,212
 35835,0,19115,1169,848,1904,2379,529,18839,18608,0,0,519,1365,0,2627,1288,640,1149,103,410,0,0,0,1246,18684,208,208,0,105,0,1254,212
 35840,0,19120,1169,848,1904,2379,529,18839,18608,0,0,519,1365,0,2627,1288,640,1149,103,410,0,0,0,1246,18689,208,208,0,105,0,1254,212
 35845,0,19125,1169,848,1904,2379,529,18839,18608,0,0,519,1365,0,2627,1288,640,1149,103,410,0,0,0,1246,18694,208,208,0,105,0,1254,212
 35850,0,19130,1169,848,1904,2379,529,18842,18608,0,0,519,1365,0,2627,1288,640,1149,103,410,0,0,0,1246,18699,208,208,0,105,0,1254,212
 35855,0,19135,1169,848,1904,2379,529,18847,18608,0,0,519,1365,0,2627,1288,640,1149,103,410,0,0,0,1246,18704,208,208,0,105,0,1254,212
 35860,0,19140,1169,848,1904,2379,529,18852,18608,0,0,519,1365,0,2627,1288,640,1149,103,410,0,0,0,1246,18709,208,208,0,105,0,1254,212
 35865,0,19145,1169,848,1904,2379,529,18857,18608,0,0,519,1365,0,2627,1288,640,1149,103,410,0,0,0,1246,18714,208,208,0,105,0,1254,212
 35870,0,19150,1169,848,1904,2379,529,18862,18608,0,0,519,1365,0,2627,1288,640,1149,103,410,0,0,0,1246,18719,208,208,0,105,0,1254,212
 35875,0,19155,1169,848,1904,2379,529,18867,18608,0,0,519,1365,0,2627,1288,640,1149,103,410,0,0,0,1246,18724,208,208,0,105,0,1254,212
 35880,0,19160,1169,848,1904,2379,529,18872,18608,0,0,519,1365,0,2627,1288,640,1149,103,410,0,0,0,1246,18729,208,208,0,105,0,1254,212
 35885,0,19165,1169,848,1904,2379,529,18877,18608,0,0,519,1365,0,2627,1288,640,1149,103,410,0,0,0,1246,18734,208,208,0,105,0,1254,212
 35890,0,19170,1169,848,1904,2379,529,18882,18608,0,0,519,1365,0,2627,1288,640,1149,103,410,0,0,0,1246,18739,208,208,0,105,0,1254,212
 35895,0,19175,1169,848,1904,2379,529,18887,18608,0,0,519,1365,0,2627,1288,640,1149,103,410,0,0,0,1246,18744,208,208,0,105,0,1254,212
 35900,0,19180,1169,848,1904,2379,529,18892,18608,0,0,519,1365,0,2627,1288,640,1149,103,410,0,0,0,1246,18749,208,208,0,105,0,1254,212
 35905,0,19185,1169,848,1904,2379,529,18897,18608,0,0,519,1365,0,2627,1288,640,1149,103,410,0,0,0,1246,18754,208,208,0,105,0,1254,212
 35910,0,19190,1169,848,1904,2379,529,18902,18610,0,0,519,1365,0,2627,1288,640,1149,103,410,0,0,0,1246,18759,208,208,0,105,0,1254,212
 35915,0,19195,1169,848,1904,2379,529,18907,18615,0,0,519,1365,0,2627,1288,640,1149,103,410,0,0,0,1246,18764,208,208,0,105,0,1254,212
 35920,0,19200,1169,848,1904,2379,529,18912,18620,0,0,519,1365,0,2627,1288,640,1149,103,410,0,0,0,1246,18769,208,208,0,105,0,1254,212
 35925,0,19205,1169,848,1904,2379,529,18917,18625,0,0,519,1365,0,2627,1288,640,1149,103,410,0,0,0,1246,18774,208,208,0,105,0,1254,212
 35930,0,19210,1169,848,1904,2379,529,18922,18630,0,0,519,1365,0,2627,1288,640,1149,103,410,0,0,0,1246,18779,208,208,0,105,0,1254,212
 35935,0,19215,1169,848,1904,2379,529,18927,18635,0,0,519,1365,0,2627,1288,640,1149,103,410,0,0,0,1246,18784,208,208,0,105,0,1254,212
 35940,0,19219,1169,848,1904,2379,529,18932,18640,0,0,519,1365,0,2627,1288,640,1149,103,410,0,0,0,1246,18788,208,208,0,105,0,1254,212
 35945,0,19219,1169,848,1904,2379,529,18937,18645,0,0,519,1365,0,2627,1288,640,1149,103,410,0,0,0,1246,18788,208,208,0,105,0,1254,212
 35950,0,19219,1169,848,1904,2379,529,18942,18650,0,0,519,1365,0,2627,1288,640,1149,103,410,0,0,0,1246,18788,208,208,0,105,0,1254,212
 35955,0,19219,1169,848,1904,2379,529,18942,18655,0,0,519,1365,0,2627,1288,640,1149,103,410,0,0,0,1246,18788,208,208,0,105,0,1254,212
 35960,0,19219,1169,848,1904,2379,529,18942,18660,0,0,519,1365,0,2627,1288,640,1149,103,410,0,0,0,1246,18788,208,208,0,105,0,1254,212
 35965,0,19219,1169,848,1904,2379,529,18942,18665,0,0,519,1365,0,2627,1288,640,1149,103,410,0,0,0,1246,18788,208,208,0,105,0,1254,212
 35970,0,19219,1169,848,1904,2379,529,18942,18670,0,0,519,1365,0,2627,1288,640,1149,103,410,0,0,0,1246,18788,208,208,0,105,0,1254,212
 35975,0,19219,1169,848,1904,2379,529,18942,18675,0,0,519,1365,0,2627,1288,640,1149,103,410,0,0,0,1246,18788,208,208,0,105,0,1254,212
 35980,0,19219,1169,848,1904,2379,529,18942,18680,0,0,519,1365,0,2627,1288,640,1149,103,410,0,0,0,1246,18788,208,208,0,105,0,1254,212
 35985,0,19219,1169,848,1904,2379,529,18942,18685,0,0,519,1365,0,2627,1288,640,1149,103,410,0,0,0,1246,18788,208,208,0,105,0,1254,212
 35990,0,19219,1169,848,1904,2379,529,18942,18690,0,0,519,1365,0,2627,1288,640,1149,103,410,0,0,0,1246,18788,208,208,0,105,0,1254,212
 35995,0,19219,1169,848,1904,2379,529,18942,18695,0,0,519,1365,0,2627,1288,640,1149,103,410,0,0,0,1246,18788,208,208,0,105,0,1254,212
 36000,0,19219,1169,848,1904,2379,529,18942,18700,0,0,519,1365,0,2627,1288,640,1149,103,410,0,0,0,1246,18788,208,208,0,105,0,1254,212
 36005,0,19221,1169,848,1904,2379,529,18942,18705,0,0,519,1365,0,2627,1288,640,1149,103,410,0,0,0,1246,18793,208,208,0,105,0,1254,212
 36010,0,19226,1169,848,1904,2379,529,18942,18710,0,0,519,1365,0,2627,1288,640,1149,103,410,0,0,0,1246,18798,208,208,0,105,0,1254,212
 36015,0,19231,1169,848,1904,2379,529,18942,18713,0,0,519,1365,0,2627,1288,640,1149,103,410,0,0,0,1246,18803,208,208,0,105,0,1254,212
 36020,0,19236,1169,848,1904,2379,529,18942,18713,0,0,519,1365,0,2627,1288,640,1149,103,410,0,0,0,1246,18808,208,208,0,105,0,1254,212
 36025,0,19241,1169,848,1904,2379,529,18942,18713,0,0,519,1365,0,2627,1288,640,1149,103,410,0,0,0,1246,18813,208,208,0,105,0,1254,212
 36030,0,19246,1169,848,1904,2379,529,18942,18713,0,0,519,1365,0,2627,1288,640,1149,103,410,0,0,0,1246,18818,208,208,0,105,0,1254,212
 36035,0,19251,1169,848,1904,2379,529,18942,18713,0,0,519,1365,0,2627,1288,640,1149,103,410,0,0,0,1246,18823,208,208,0,105,0,1254,212
 36040,0,19256,1169,848,1904,2379,529,18942,18713,0,0,519,1365,0,2627,1288,640,1149,103,410,0,0,0,1246,18828,208,208,0,105,0,1254,212
 36045,0,19261,1169,848,1904,2379,529,18942,18713,0,0,519,1365,0,2627,1288,640,1149,103,410,0,0,0,1246,18833,208,208,0,105,0,1254,212
 36050,0,19266,1169,848,1904,2379,529,18942,18713,0,0,519,1365,0,2627,1288,640,1149,103,410,0,0,0,1246,18838,208,208,0,105,0,1254,212
 36055,0,19271,1169,848,1904,2379,529,18942,18713,0,0,519,1365,0,2627,1288,640,1149,103,410,0,0,0,1246,18843,208,208,0,105,0,1254,212
 36060,0,19276,1169,848,1904,2379,529,18942,18713,0,0,519,1365,0,2627,1288,640,1149,103,410,0,0,0,1246,18848,208,208,0,105,0,1254,212
 36065,0,19281,1169,848,1904,2379,529,18942,18713,0,0,519,1365,0,2627,1288,640,1149,103,410,0,0,0,1246,18853,208,208,0,105,0,1254,212
 36070,0,19286,1169,848,1904,2379,529,18943,18713,0,0,519,1365,0,2627,1288,640,1149,103,410,0,0,0,1246,18858,208,208,0,105,0,1254,212
 36075,0,19291,1169,848,1904,2379,529,18948,18713,0,0,519,1365,0,2627,1288,640,1149,103,410,0,0,0,1246,18863,208,208,0,105,0,1254,212
 36080,0,19296,1169,848,1904,2379,529,18953,18713,0,0,519,1365,0,2627,1288,640,1149,103,410,0,0,0,1246,18868,208,208,0,105,0,1254,212
 36085,0,19301,1169,848,1904,2379,529,18958,18713,0,0,519,1365,0,2627,1288,640,1149,103,410,0,0,0,1246,18873,208,208,0,105,0,1254,212
 36090,0,19306,1169,848,1904,2379,529,18963,18713,0,0,519,1365,0,2627,1288,640,1149,103,410,0,0,0,1246,18878,208,208,0,105,0,1254,212
 36095,0,19311,1169,848,1904,2379,529,18968,18713,0,0,519,1365,0,2627,1288,640,1149,103,410,0,0,0,1246,18883,208,208,0,105,0,1254,212
 36100,0,19316,1169,848,1904,2379,529,18973,18713,0,0,519,1365,0,2627,1288,640,1149,103,410,0,0,0,1246,18888,208,208,0,105,0,1254,212
 36105,0,19321,1169,848,1904,2379,529,18978,18713,0,0,519,1365,0,2627,1288,640,1149,103,410,0,0,0,1246,18891,208,208,0,105,0,1254,212
 36110,0,19324,1169,848,1904,2379,529,18983,18716,0,0,519,1365,0,2627,1288,640,1149,103,410,0,0,0,1246,18891,208,208,0,105,0,1254,212
 36115,0,19324,1169,848,1904,2379,529,18988,18721,0,0,519,1365,0,2627,1288,640,1149,103,410,0,0,0,1246,18891,208,208,0,105,0,1254,212
 36120,0,19324,1169,848,1904,2379,529,18993,18726,0,0,519,1365,0,2627,1288,640,1149,103,410,0,0,0,1246,18891,208,208,0,105,0,1254,212
 36125,0,19324,1169,848,1904,2379,529,18998,18731,0,0,519,1365,0,2627,1288,640,1149,103,410,0,0,0,1246,18891,208,208,0,105,0,1254,212
 36130,0,19324,1169,848,1904,2379,529,19003,18736,0,0,519,1365,0,2627,1288,640,1149,103,410,0,0,0,1246,18891,208,208,0,105,0,1254,212
 36135,0,19324,1169,848,1904,2379,529,19008,18741,0,0,519,1365,0,2627,1288,640,1149,103,410,0,0,0,1246,18891,208,208,0,105,0,1254,212
 36140,0,19324,1169,848,1904,2379,529,19013,18746,0,0,519,1365,0,2627,1288,640,1149,103,410,0,0,0,1246,18891,208,208,0,105,0,1254,212
 36145,0,19324,1169,848,1904,2379,529,19018,18751,0,0,519,1365,0,2627,1288,640,1149,103,410,0,0,0,1246,18891,208,208,0,105,0,1254,212
 36150,0,19324,1169,848,1904,2379,529,19023,18756,0,0,519,1365,0,2627,1288,640,1149,103,410,0,0,0,1246,18891,208,208,0,105,0,1254,212
 36155,0,19324,1169,848,1904,2379,529,19028,18761,0,0,519,1365,0,2627,1288,640,1149,103,410,0,0,0,1246,18891,208,208,0,105,0,1254,212
 36160,0,19324,1169,848,1904,2379,529,19033,18766,0,0,519,1365,0,2627,1288,640,1149,103,410,0,0,0,1246,18891,208,208,0,105,0,1254,212
 36165,0,19324,1169,848,1904,2379,529,19038,18771,0,0,519,1365,0,2627,1288,640,1149,103,410,0,0,0,1246,18891,208,208,0,105,0,1254,212
 36170,0,19324,1169,848,1904,2379,529,19043,18776,0,0,519,1365,0,2627,1288,640,1149,103,410,0,0,0,1246,18891,208,208,0,105,0,1254,212
 36175,0,19324,1169,848,1904,2379,529,19047,18781,0,0,519,1365,0,2627,1288,640,1149,103,410,0,0,0,1246,18891,208,208,0,105,0,1254,212
 36180,0,19324,1169,848,1904,2379,529,19047,18786,0,0,519,1365,0,2627,1288,640,1149,103,410,0,0,0,1246,18891,208,208,0,105,0,1254,212
 36185,0,19324,1169,848,1904,2379,529,19047,18791,0,0,519,1365,0,2627,1288,640,1149,103,410,0,0,0,1246,18891,208,208,0,105,0,1254,212
 36190,0,19324,1169,848,1904,2379,529,19047,18796,0,0,519,1365,0,2627,1288,640,1149,103,410,0,0,0,1246,18891,208,208,0,105,0,1254,212
 36195,0,19324,1169,848,1904,2379,529,19047,18801,0,0,519,1365,0,2627,1288,640,1149,103,410,0,0,0,1246,18890,208,208,0,105,0,1254,212
 36200,0,19324,1169,848,1904,2379,529,19047,18806,0,0,519,1365,0,2627,1288,640,1149,103,410,0,0,0,1246,18895,208,208,0,105,0,1254,212
 36205,0,19324,1169,848,1904,2379,529,19047,18811,0,0,519,1365,0,2627,1288,640,1149,103,410,0,0,0,1246,18900,208,208,0,105,0,1254,212
 36210,0,19326,1169,848,1904,2379,529,19047,18816,0,0,519,1365,0,2627,1288,640,1149,103,410,0,0,0,1246,18905,208,208,0,105,0,1254,212
 36215,0,19331,1169,848,1904,2379,529,19047,18818,0,0,519,1365,0,2627,1288,640,1149,103,410,0,0,0,1246,18910,208,208,0,105,0,1254,212
 36220,0,19336,1169,848,1904,2379,529,19047,18818,0,0,519,1365,0,2627,1288,640,1149,103,410,0,0,0,1246,18915,208,208,0,105,0,1254,212
 36225,0,19341,1169,848,1904,2379,529,19047,18818,0,0,519,1365,0,2627,1288,640,1149,103,410,0,0,0,1246,18920,208,208,0,105,0,1254,212
 36230,0,19346,1169,848,1904,2379,529,19047,18818,0,0,519,1365,0,2627,1288,640,1149,103,410,0,0,0,1246,18925,208,208,0,105,0,1254,212
 36235,0,19351,1169,848,1904,2379,529,19047,18818,0,0,519,1365,0,2627,1288,640,1149,103,410,0,0,0,1246,18930,208,208,0,105,0,1254,212
 36240,0,19356,1169,848,1904,2379,529,19047,18818,0,0,519,1365,0,2627,1288,640,1149,103,410,0,0,0,1246,18935,208,208,0,105,0,1254,212
 36245,0,19361,1169,848,1904,2379,529,19047,18818,0,0,519,1365,0,2627,1288,640,1149,103,410,0,0,0,1246,18940,208,208,0,105,0,1254,212
 36250,0,19366,1169,848,1904,2379,529,19047,18818,0,0,519,1365,0,2627,1288,640,1149,103,410,0,0,0,1246,18945,208,208,0,105,0,1254,212
 36255,0,19371,1169,848,1904,2379,529,19047,18818,0,0,519,1365,0,2627,1288,640,1149,103,410,0,0,0,1246,18950,208,208,0,105,0,1254,212
 36260,0,19376,1169,848,1904,2379,529,19047,18818,0,0,519,1365,0,2627,1288,640,1149,103,410,0,0,0,1246,18955,208,208,0,105,0,1254,212
 36265,0,19381,1169,848,1904,2379,529,19047,18818,0,0,519,1365,0,2627,1288,640,1149,103,410,0,0,0,1246,18960,208,208,0,105,0,1254,212
 36270,0,19386,1169,848,1904,2379,529,19047,18818,0,0,519,1365,0,2627,1288,640,1149,103,410,0,0,0,1246,18965,208,208,0,105,0,1254,212
 36275,0,19391,1169,848,1904,2379,529,19050,18818,0,0,519,1365,0,2627,1288,640,1149,103,410,0,0,0,1246,18970,208,208,0,105,0,1254,212
 36280,0,19396,1169,848,1904,2379,529,19055,18818,0,0,519,1365,0,2627,1288,640,1149,103,410,0,0,0,1246,18975,208,208,0,105,0,1254,212
 36285,0,19401,1169,848,1904,2379,529,19060,18818,0,0,519,1365,0,2627,1288,640,1149,103,410,0,0,0,1246,18980,208,208,0,105,0,1254,212
 36290,0,19406,1169,848,1904,2379,529,19065,18818,0,0,519,1365,0,2627,1288,640,1149,103,410,0,0,0,1246,18985,208,208,0,105,0,1254,212
 36295,0,19411,1169,848,1904,2379,529,19070,18818,0,0,519,1365,0,2627,1288,640,1149,103,410,0,0,0,1246,18990,208,208,0,105,0,1254,212
 36300,0,19416,1169,848,1904,2379,529,19075,18818,0,0,519,1365,0,2627,1288,640,1149,103,410,0,0,0,1246,18994,208,208,0,105,0,1254,212
 36305,0,19421,1169,848,1904,2379,529,19080,18818,0,0,519,1365,0,2627,1288,640,1149,103,410,0,0,0,1246,18994,208,208,0,105,0,1254,212
 36310,0,19426,1169,848,1904,2379,529,19085,18818,0,0,519,1365,0,2627,1288,640,1149,103,410,0,0,0,1246,18994,208,208,0,105,0,1254,212
 36315,0,19429,1169,848,1904,2379,529,19090,18818,0,0,519,1365,0,2627,1288,640,1149,103,410,0,0,0,1246,18994,208,208,0,105,0,1254,212
 36320,0,19429,1169,848,1904,2379,529,19095,18818,0,0,519,1365,0,2627,1288,640,1149,103,410,0,0,0,1246,18994,208,208,0,105,0,1254,212
 36325,0,19429,1169,848,1904,2379,529,19100,18818,0,0,519,1365,0,2627,1288,640,1149,103,410,0,0,0,1246,18994,208,208,0,105,0,1254,212
 36330,0,19429,1169,848,1904,2379,529,19105,18818,0,0,519,1365,0,2627,1288,640,1149,103,410,0,0,0,1246,18994,208,208,0,105,0,1254,212
 36335,0,19429,1169,848,1904,2379,529,19110,18818,0,0,519,1365,0,2627,1288,640,1149,103,410,0,0,0,1246,18994,208,208,0,105,0,1254,212
 36340,0,19429,1169,848,1904,2379,529,19115,18818,0,0,519,1365,0,2627,1288,640,1149,103,410,0,0,0,1246,18994,208,208,0,105,0,1254,212
 36345,0,19429,1169,848,1904,2379,529,19120,18818,0,0,519,1365,0,2627,1288,640,1149,103,410,0,0,0,1246,18994,208,208,0,105,0,1254,212
 36350,0,19429,1169,848,1904,2379,529,19125,18818,0,0,519,1365,0,2627,1288,640,1149,103,410,0,0,0,1246,18994,208,208,0,105,0,1254,212
 36355,0,19429,1169,848,1904,2379,529,19130,18818,0,0,519,1365,0,2627,1288,640,1149,103,410,0,0,0,1246,18994,208,208,0,105,0,1254,212
 36360,0,19429,1169,848,1904,2379,529,19135,18818,0,0,519,1365,0,2627,1288,640,1149,103,410,0,0,0,1246,18994,208,208,0,105,0,1254,212
 36365,0,19429,1169,848,1904,2379,529,19140,18818,0,0,519,1365,0,2627,1288,640,1149,103,410,0,0,0,1246,18997,208,208,0,105,0,1254,212
 36370,0,19428,1169,848,1904,2379,529,19145,18818,0,0,519,1365,0,2627,1288,640,1149,103,410,0,0,0,1246,19002,208,208,0,105,0,1254,212
 36375,0,19433,1169,848,1904,2379,529,19150,18818,0,0,519,1365,0,2627,1288,640,1149,103,410,0,0,0,1246,19007,208,208,0,105,0,1254,212
 36380,0,19438,1169,848,1904,2379,529,19150,18818,0,0,519,1365,0,2627,1288,640,1149,103,410,0,0,0,1246,19012,208,208,0,105,0,1254,212
 36385,0,19443,1169,848,1904,2379,529,19150,18818,0,0,519,1365,0,2627,1288,640,1149,103,410,0,0,0,1246,19017,208,208,0,105,0,1254,212
 36390,0,19448,1169,848,1904,2379,529,19150,18818,0,0,519,1365,0,2627,1288,640,1149,103,410,0,0,0,1246,19022,208,208,0,105,0,1254,212
 36395,0,19453,1169,848,1904,2379,529,19150,18818,0,0,519,1365,0,2627,1288,640,1149,103,410,0,0,0,1246,19027,208,208,0,105,0,1254,212
 36400,0,19458,1169,848,1904,2379,529,19150,18818,0,0,519,1365,0,2627,1288,640,1149,103,410,0,0,0,1246,19032,208,208,0,105,0,1254,212
 36405,0,19463,1169,848,1904,2379,529,19150,18818,0,0,519,1365,0,2627,1288,640,1149,103,410,0,0,0,1246,19037,208,208,0,105,0,1254,212
 36410,0,19468,1169,848,1904,2379,529,19150,18820,0,0,519,1365,0,2627,1288,640,1149,103,410,0,0,0,1246,19042,208,208,0,105,0,1254,212
 36415,0,19473,1169,848,1904,2379,529,19150,18825,0,0,519,1365,0,2627,1288,640,1149,103,410,0,0,0,1246,19047,208,208,0,105,0,1254,212
 36420,0,19478,1169,848,1904,2379,529,19150,18830,0,0,519,1365,0,2627,1288,640,1149,103,410,0,0,0,1246,19052,208,208,0,105,0,1254,212
 36425,0,19483,1169,848,1904,2379,529,19150,18835,0,0,519,1365,0,2627,1288,640,1149,103,410,0,0,0,1246,19057,208,208,0,105,0,1254,212
 36430,0,19488,1169,848,1904,2379,529,19150,18840,0,0,519,1365,0,2627,1288,640,1149,103,410,0,0,0,1246,19062,208,208,0,105,0,1254,212
 36435,0,19493,1169,848,1904,2379,529,19150,18845,0,0,519,1365,0,2627,1288,640,1149,103,410,0,0,0,1246,19067,208,208,0,105,0,1254,212
 36440,0,19498,1169,848,1904,2379,529,19150,18850,0,0,519,1365,0,2627,1288,640,1149,103,410,0,0,0,1246,19072,208,208,0,105,0,1254,212
 36445,0,19503,1169,848,1904,2379,529,19150,18855,0,0,519,1365,0,2627,1288,640,1149,103,410,0,0,0,1246,19077,208,208,0,105,0,1254,212
 36450,0,19508,1169,848,1904,2379,529,19150,18860,0,0,519,1365,0,2627,1288,640,1149,103,410,0,0,0,1246,19082,208,208,0,105,0,1254,212
 36455,0,19513,1169,848,1904,2379,529,19150,18865,0,0,519,1365,0,2627,1288,640,1149,103,410,0,0,0,1246,19087,208,208,0,105,0,1254,212
 36460,0,19518,1169,848,1904,2379,529,19151,18870,0,0,519,1365,0,2627,1288,640,1149,103,410,0,0,0,1246,19092,208,208,0,105,0,1254,212
 36465,0,19523,1169,848,1904,2379,529,19156,18875,0,0,519,1365,0,2627,1288,640,1149,103,410,0,0,0,1246,19097,208,208,0,105,0,1254,212
 36470,0,19528,1169,848,1904,2379,529,19161,18880,0,0,519,1365,0,2627,1288,640,1149,103,410,0,0,0,1246,19097,208,208,0,105,0,1254,212
 36475,0,19530,1169,848,1904,2379,529,19166,18885,0,0,519,1365,0,2627,1288,640,1149,103,410,0,0,0,1246,19097,208,208,0,105,0,1254,212
 36480,0,19530,1169,848,1904,2379,529,19171,18890,0,0,519,1365,0,2627,1288,640,1149,103,410,0,0,0,1246,19097,208,208,0,105,0,1254,212
 36485,0,19530,1169,848,1904,2379,529,19176,18895,0,0,519,1365,0,2627,1288,640,1149,103,410,0,0,0,1246,19097,208,208,0,105,0,1254,212
 36490,0,19530,1169,848,1904,2379,529,19181,18900,0,0,519,1365,0,2627,1288,640,1149,103,410,0,0,0,1246,19097,208,208,0,105,0,1254,212
 36495,0,19530,1169,848,1904,2379,529,19186,18905,0,0,519,1365,0,2627,1288,640,1149,103,410,0,0,0,1246,19097,208,208,0,105,0,1254,212
 36500,0,19530,1169,848,1904,2379,529,19191,18910,0,0,519,1365,0,2627,1288,640,1149,103,410,0,0,0,1246,19097,208,208,0,105,0,1254,212
 36505,0,19530,1169,848,1904,2379,529,19196,18915,0,0,519,1365,0,2627,1288,640,1149,103,410,0,0,0,1246,19097,208,208,0,105,0,1254,212
 36510,0,19530,1169,848,1904,2379,529,19201,18921,0,0,519,1365,0,2627,1288,640,1149,103,410,0,0,0,1246,19097,208,208,0,105,0,1254,212
 36515,0,19530,1169,848,1904,2379,529,19206,18921,0,0,519,1365,0,2627,1288,640,1149,103,410,0,0,0,1246,19097,208,208,0,105,0,1254,212
 36520,0,19530,1169,848,1904,2379,529,19211,18921,0,0,519,1365,0,2627,1288,640,1149,103,410,0,0,0,1246,19097,208,208,0,105,0,1254,212
 36525,0,19530,1169,848,1904,2379,529,19216,18921,0,0,519,1365,0,2627,1288,640,1149,103,410,0,0,0,1246,19097,208,208,0,105,0,1254,212
 36530,0,19530,1169,848,1904,2379,529,19221,18921,0,0,519,1365,0,2627,1288,640,1149,103,410,0,0,0,1246,19097,208,208,0,105,0,1254,212
 36535,0,19530,1169,848,1904,2379,529,19226,18921,0,0,519,1365,0,2627,1288,640,1149,103,410,0,0,0,1246,19097,208,208,0,105,0,1254,212
 36540,0,19530,1169,848,1904,2379,529,19231,18921,0,0,519,1365,0,2627,1288,640,1149,103,410,0,0,0,1246,19097,208,208,0,105,0,1254,212
 36545,0,19530,1169,848,1904,2379,529,19236,18921,0,0,519,1365,0,2627,1288,640,1149,103,410,0,0,0,1246,19097,208,208,0,105,0,1254,212
 36550,0,19530,1169,848,1904,2379,529,19241,18921,0,0,519,1365,0,2627,1288,640,1149,103,410,0,0,0,1246,19097,208,208,0,105,0,1254,212
 36555,0,19530,1169,848,1904,2379,529,19246,18921,0,0,519,1365,0,2627,1288,640,1149,103,410,0,0,0,1246,19097,208,208,0,105,0,1254,212
 36560,0,19530,1169,848,1904,2379,529,19251,18921,0,0,519,1365,0,2627,1288,640,1149,103,410,0,0,0,1246,19097,208,208,0,105,0,1254,212
 36565,0,19530,1169,848,1904,2379,529,19255,18926,0,0,519,1365,0,2627,1288,640,1149,103,410,0,0,0,1246,19097,208,208,0,105,0,1254,212
 36570,0,19530,1169,848,1904,2379,529,19255,18931,0,0,519,1365,0,2627,1288,640,1149,103,410,0,0,0,1246,19097,208,208,0,105,0,1254,212
 36575,0,19530,1169,848,1904,2379,529,19255,18936,0,0,519,1365,0,2627,1288,640,1149,103,410,0,0,0,1246,19097,208,208,0,105,0,1254,212
 36580,0,19530,1169,848,1904,2379,529,19255,18941,0,0,519,1365,0,2627,1288,640,1149,103,410,0,0,0,1246,19097,208,208,0,105,0,1254,212
 36585,0,19530,1169,848,1904,2379,529,19255,18946,0,0,519,1365,0,2627,1288,640,1149,103,410,0,0,0,1246,19097,208,208,0,105,0,1254,212
 36590,0,19530,1169,848,1904,2379,529,19255,18951,0,0,519,1365,0,2627,1288,640,1149,103,410,0,0,0,1246,19097,208,208,0,105,0,1254,212
 36595,0,19530,1169,848,1904,2379,529,19255,18956,0,0,519,1365,0,2627,1288,640,1149,103,410,0,0,0,1246,19097,208,208,0,105,0,1254,212
 36600,0,19530,1169,848,1904,2379,529,19255,18961,0,0,519,1365,0,2627,1288,640,1149,103,410,0,0,0,1246,19097,208,208,0,105,0,1254,212
 36605,0,19530,1169,848,1904,2379,529,19255,18966,0,0,519,1365,0,2627,1288,640,1149,103,410,0,0,0,1246,19102,208,208,0,105,0,1254,212
 36610,0,19532,1169,848,1904,2379,529,19255,18971,0,0,519,1365,0,2627,1288,640,1149,103,410,0,0,0,1246,19107,208,208,0,105,0,1254,212
 36615,0,19537,1169,848,1904,2379,529,19255,18976,0,0,519,1365,0,2627,1288,640,1149,103,410,0,0,0,1246,19112,208,208,0,105,0,1254,212
 36620,0,19542,1169,848,1904,2379,529,19255,18981,0,0,519,1365,0,2627,1288,640,1149,103,410,0,0,0,1246,19117,208,208,0,105,0,1254,212
 36625,0,19547,1169,848,1904,2379,529,19255,18986,0,0,519,1365,0,2627,1288,640,1149,103,410,0,0,0,1246,19122,208,208,0,105,0,1254,212
 36630,0,19552,1169,848,1904,2379,529,19255,18991,0,0,519,1365,0,2627,1288,640,1149,103,410,0,0,0,1246,19127,208,208,0,105,0,1254,212
 36635,0,19557,1169,848,1904,2379,529,19255,18996,0,0,519,1365,0,2627,1288,640,1149,103,410,0,0,0,1246,19132,208,208,0,105,0,1254,212
 36640,0,19562,1169,848,1904,2379,529,19255,19001,0,0,519,1365,0,2627,1288,640,1149,103,410,0,0,0,1246,19137,208,208,0,105,0,1254,212
 36645,0,19567,1169,848,1904,2379,529,19255,19006,0,0,519,1365,0,2627,1288,640,1149,103,410,0,0,0,1246,19142,208,208,0,105,0,1254,212
 36650,0,19572,1169,848,1904,2379,529,19255,19011,0,0,519,1365,0,2627,1288,640,1149,103,410,0,0,0,1246,19147,208,208,0,105,0,1254,212
 36655,0,19577,1169,848,1904,2379,529,19255,19016,0,0,519,1365,0,2627,1288,640,1149,103,410,0,0,0,1246,19152,208,208,0,105,0,1254,212
 36660,0,19582,1169,848,1904,2379,529,19256,19021,0,0,519,1365,0,2627,1288,640,1149,103,410,0,0,0,1246,19157,208,208,0,105,0,1254,212
 36665,0,19587,1169,848,1904,2379,529,19261,19024,0,0,519,1365,0,2627,1288,640,1149,103,410,0,0,0,1246,19162,208,208,0,105,0,1254,212
 36670,0,19592,1169,848,1904,2379,529,19266,19024,0,0,519,1365,0,2627,1288,640,1149,103,410,0,0,0,1246,19167,208,208,0,105,0,1254,212
 36675,0,19597,1169,848,1904,2379,529,19271,19024,0,0,519,1365,0,2627,1288,640,1149,103,410,0,0,0,1246,19172,208,208,0,105,0,1254,212
 36680,0,19602,1169,848,1904,2379,529,19276,19024,0,0,519,1365,0,2627,1288,640,1149,103,410,0,0,0,1246,19177,208,208,0,105,0,1254,212
 36685,0,19607,1169,848,1904,2379,529,19281,19024,0,0,519,1365,0,2627,1288,640,1149,103,410,0,0,0,1246,19182,208,208,0,105,0,1254,212
 36690,0,19612,1169,848,1904,2379,529,19286,19024,0,0,519,1365,0,2627,1288,640,1149,103,410,0,0,0,1246,19187,208,208,0,105,0,1254,212
 36695,0,19617,1169,848,1904,2379,529,19291,19024,0,0,519,1365,0,2627,1288,640,1149,103,410,0,0,0,1246,19192,208,208,0,105,0,1254,212
 36700,0,19622,1169,848,1904,2379,529,19296,19024,0,0,519,1365,0,2627,1288,640,1149,103,410,0,0,0,1246,19197,208,208,0,105,0,1254,212
 36705,0,19627,1169,848,1904,2379,529,19301,19024,0,0,519,1365,0,2627,1288,640,1149,103,410,0,0,0,1246,19202,208,208,0,105,0,1254,212
 36710,0,19633,1169,848,1904,2379,529,19306,19024,0,0,519,1365,0,2627,1288,640,1149,103,410,0,0,0,1246,19204,208,208,0,105,0,1254,212
 36715,0,19633,1169,848,1904,2379,529,19311,19024,0,0,519,1365,0,2627,1288,640,1149,103,410,0,0,0,1246,19204,208,208,0,105,0,1254,212
 36720,0,19633,1169,848,1904,2379,529,19316,19024,0,0,519,1365,0,2627,1288,640,1149,103,410,0,0,0,1246,19204,208,208,0,105,0,1254,212
 36725,0,19633,1169,848,1904,2379,529,19321,19024,0,0,519,1365,0,2627,1288,640,1149,103,410,0,0,0,1246,19204,208,208,0,105,0,1254,212
 36730,0,19633,1169,848,1904,2379,529,19326,19024,0,0,519,1365,0,2627,1288,640,1149,103,410,0,0,0,1246,19204,208,208,0,105,0,1254,212
 36735,0,19633,1169,848,1904,2379,529,19331,19024,0,0,519,1365,0,2627,1288,640,1149,103,410,0,0,0,1246,19204,208,208,0,105,0,1254,212
 36740,0,19633,1169,848,1904,2379,529,19336,19024,0,0,519,1365,0,2627,1288,640,1149,103,410,0,0,0,1246,19204,208,208,0,105,0,1254,212
 36745,0,19633,1169,848,1904,2379,529,19341,19024,0,0,519,1365,0,2627,1288,640,1149,103,410,0,0,0,1246,19204,208,208,0,105,0,1254,212
 36750,0,19633,1169,848,1904,2379,529,19346,19024,0,0,519,1365,0,2627,1288,640,1149,103,410,0,0,0,1246,19204,208,208,0,105,0,1254,212
 36755,0,19633,1169,848,1904,2379,529,19351,19024,0,0,519,1365,0,2627,1288,640,1149,103,410,0,0,0,1246,19204,208,208,0,105,0,1254,212
 36760,0,19633,1169,848,1904,2379,529,19356,19024,0,0,519,1365,0,2627,1288,640,1149,103,410,0,0,0,1246,19204,208,208,0,105,0,1254,212
 36765,0,19633,1169,848,1904,2379,529,19360,19024,0,0,519,1365,0,2627,1288,640,1149,103,410,0,0,0,1246,19204,208,208,0,105,0,1254,212
 36770,0,19634,1169,848,1904,2379,529,19360,19024,0,0,519,1365,0,2627,1288,640,1149,103,410,0,0,0,1246,19204,208,208,0,105,0,1254,212
 36775,0,19639,1169,848,1904,2379,529,19360,19024,0,0,519,1365,0,2627,1288,640,1149,103,410,0,0,0,1246,19209,208,208,0,105,0,1254,212
 36780,0,19644,1169,848,1904,2379,529,19360,19024,0,0,519,1365,0,2627,1288,640,1149,103,410,0,0,0,1246,19214,208,208,0,105,0,1254,212
 36785,0,19649,1169,848,1904,2379,529,19360,19026,0,0,519,1365,0,2627,1288,640,1149,103,410,0,0,0,1246,19219,208,208,0,105,0,1254,212
 36790,0,19654,1169,848,1904,2379,529,19360,19031,0,0,519,1365,0,2627,1288,640,1149,103,410,0,0,0,1246,19224,208,208,0,105,0,1254,212
 36795,0,19659,1169,848,1904,2379,529,19360,19036,0,0,519,1365,0,2627,1288,640,1149,103,410,0,0,0,1246,19229,208,208,0,105,0,1254,212
 36800,0,19664,1169,848,1904,2379,529,19360,19041,0,0,519,1365,0,2627,1288,640,1149,103,410,0,0,0,1246,19234,208,208,0,105,0,1254,212
 36805,0,19669,1169,848,1904,2379,529,19360,19046,0,0,519,1365,0,2627,1288,640,1149,103,410,0,0,0,1246,19239,208,208,0,105,0,1254,212
 36810,0,19674,1169,848,1904,2379,529,19360,19051,0,0,519,1365,0,2627,1288,640,1149,103,410,0,0,0,1246,19244,208,208,0,105,0,1254,212
 36815,0,19679,1169,848,1904,2379,529,19360,19056,0,0,519,1365,0,2627,1288,640,1149,103,410,0,0,0,1246,19249,208,208,0,105,0,1254,212
 36820,0,19684,1169,848,1904,2379,529,19360,19061,0,0,519,1365,0,2627,1288,640,1149,103,410,0,0,0,1246,19254,208,208,0,105,0,1254,212
 36825,0,19689,1169,848,1904,2379,529,19360,19066,0,0,519,1365,0,2627,1288,640,1149,103,410,0,0,0,1246,19259,208,208,0,105,0,1254,212
 36830,0,19694,1169,848,1904,2379,529,19360,19071,0,0,519,1365,0,2627,1288,640,1149,103,410,0,0,0,1246,19264,208,208,0,105,0,1254,212
 36835,0,19699,1169,848,1904,2379,529,19360,19076,0,0,519,1365,0,2627,1288,640,1149,103,410,0,0,0,1246,19269,208,208,0,105,0,1254,212
 36840,0,19704,1169,848,1904,2379,529,19360,19081,0,0,519,1365,0,2627,1288,640,1149,103,410,0,0,0,1246,19274,208,208,0,105,0,1254,212
 36845,0,19709,1169,848,1904,2379,529,19360,19086,0,0,519,1365,0,2627,1288,640,1149,103,410,0,0,0,1246,19279,208,208,0,105,0,1254,212
 36850,0,19714,1169,848,1904,2379,529,19360,19091,0,0,519,1365,0,2627,1288,640,1149,103,410,0,0,0,1246,19284,208,208,0,105,0,1254,212
 36855,0,19719,1169,848,1904,2379,529,19360,19096,0,0,519,1365,0,2627,1288,640,1149,103,410,0,0,0,1246,19289,208,208,0,105,0,1254,212
 36860,0,19724,1169,848,1904,2379,529,19360,19101,0,0,519,1365,0,2627,1288,640,1149,103,410,0,0,0,1246,19294,208,208,0,105,0,1254,212
 36865,0,19729,1169,848,1904,2379,529,19360,19106,0,0,519,1365,0,2627,1288,640,1149,103,410,0,0,0,1246,19299,208,208,0,105,0,1254,212
 36870,0,19734,1169,848,1904,2379,529,19360,19111,0,0,519,1365,0,2627,1288,640,1149,103,410,0,0,0,1246,19304,208,208,0,105,0,1254,212
 36875,0,19738,1169,848,1904,2379,529,19360,19116,0,0,519,1365,0,2627,1288,640,1149,103,410,0,0,0,1246,19309,208,208,0,105,0,1254,212
 36880,0,19738,1169,848,1904,2379,529,19360,19121,0,0,519,1365,0,2627,1288,640,1149,103,410,0,0,0,1246,19309,208,208,0,105,0,1254,212
 36885,0,19738,1169,848,1904,2379,529,19360,19127,0,0,519,1365,0,2627,1288,640,1149,103,410,0,0,0,1246,19309,208,208,0,105,0,1254,212
 36890,0,19738,1169,848,1904,2379,529,19360,19127,0,0,519,1365,0,2627,1288,640,1149,103,410,0,0,0,1246,19309,208,208,0,105,0,1254,212
 36895,0,19738,1169,848,1904,2379,529,19360,19127,0,0,519,1365,0,2627,1288,640,1149,103,410,0,0,0,1246,19309,208,208,0,105,0,1254,212
 36900,0,19738,1169,848,1904,2379,529,19360,19127,0,0,519,1365,0,2627,1288,640,1149,103,410,0,0,0,1246,19309,208,208,0,105,0,1254,212
 36905,0,19738,1169,848,1904,2379,529,19360,19127,0,0,519,1365,0,2627,1288,640,1149,103,410,0,0,0,1246,19309,208,208,0,105,0,1254,212
 36910,0,19738,1169,848,1904,2379,529,19360,19127,0,0,519,1365,0,2627,1288,640,1149,103,410,0,0,0,1246,19309,208,208,0,105,0,1254,212
 36915,0,19738,1169,848,1904,2379,529,19359,19127,0,0,519,1365,0,2627,1288,640,1149,103,410,0,0,0,1246,19309,208,208,0,105,0,1254,212
 36920,0,19738,1169,848,1904,2379,529,19364,19127,0,0,519,1365,0,2627,1288,640,1149,103,410,0,0,0,1246,19309,208,208,0,105,0,1254,212
 36925,0,19738,1169,848,1904,2379,529,19369,19127,0,0,519,1365,0,2627,1288,640,1149,103,410,0,0,0,1246,19309,208,208,0,105,0,1254,212
 36930,0,19738,1169,848,1904,2379,529,19374,19127,0,0,519,1365,0,2627,1288,640,1149,103,410,0,0,0,1246,19309,208,208,0,105,0,1254,212
 36935,0,19738,1169,848,1904,2379,529,19379,19127,0,0,519,1365,0,2627,1288,640,1149,103,410,0,0,0,1246,19309,208,208,0,105,0,1254,212
 36940,0,19738,1169,848,1904,2379,529,19384,19127,0,0,519,1365,0,2627,1288,640,1149,103,410,0,0,0,1246,19309,208,208,0,105,0,1254,212
 36945,0,19738,1169,848,1904,2379,529,19389,19127,0,0,519,1365,0,2627,1288,640,1149,103,410,0,0,0,1246,19309,208,208,0,105,0,1254,212
 36950,0,19738,1169,848,1904,2379,529,19394,19127,0,0,519,1365,0,2627,1288,640,1149,103,410,0,0,0,1246,19309,208,208,0,105,0,1254,212
 36955,0,19738,1169,848,1904,2379,529,19399,19127,0,0,519,1365,0,2627,1288,640,1149,103,410,0,0,0,1246,19309,208,208,0,105,0,1254,212
 36960,0,19738,1169,848,1904,2379,529,19404,19127,0,0,519,1365,0,2627,1288,640,1149,103,410,0,0,0,1246,19309,208,208,0,105,0,1254,212
 36965,0,19738,1169,848,1904,2379,529,19409,19127,0,0,519,1365,0,2627,1288,640,1149,103,410,0,0,0,1246,19309,208,208,0,105,0,1254,212
 36970,0,19738,1169,848,1904,2379,529,19414,19127,0,0,519,1365,0,2627,1288,640,1149,103,410,0,0,0,1246,19309,208,208,0,105,0,1254,212
 36975,0,19738,1169,848,1904,2379,529,19419,19127,0,0,519,1365,0,2627,1288,640,1149,103,410,0,0,0,1246,19309,208,208,0,105,0,1254,212
 36980,0,19738,1169,848,1904,2379,529,19424,19127,0,0,519,1365,0,2627,1288,640,1149,103,410,0,0,0,1246,19308,208,208,0,105,0,1254,212
 36985,0,19738,1169,848,1904,2379,529,19429,19127,0,0,519,1365,0,2627,1288,640,1149,103,410,0,0,0,1246,19313,208,208,0,105,0,1254,212
 36990,0,19739,1169,848,1904,2379,529,19434,19127,0,0,519,1365,0,2627,1288,640,1149,103,410,0,0,0,1246,19318,208,208,0,105,0,1254,212
 36995,0,19744,1169,848,1904,2379,529,19439,19127,0,0,519,1365,0,2627,1288,640,1149,103,410,0,0,0,1246,19323,208,208,0,105,0,1254,212
 37000,0,19749,1169,848,1904,2379,529,19444,19129,0,0,519,1365,0,2627,1288,640,1149,103,410,0,0,0,1246,19328,208,208,0,105,0,1254,212
 37005,0,19754,1169,848,1904,2379,529,19449,19134,0,0,519,1365,0,2627,1288,640,1149,103,410,0,0,0,1246,19333,208,208,0,105,0,1254,212
 37010,0,19759,1169,848,1904,2379,529,19454,19139,0,0,519,1365,0,2627,1288,640,1149,103,410,0,0,0,1246,19338,208,208,0,105,0,1254,212
 37015,0,19764,1169,848,1904,2379,529,19459,19144,0,0,519,1365,0,2627,1288,640,1149,103,410,0,0,0,1246,19343,208,208,0,105,0,1254,212
 37020,0,19769,1169,848,1904,2379,529,19463,19149,0,0,519,1365,0,2627,1288,640,1149,103,410,0,0,0,1246,19348,208,208,0,105,0,1254,212
 37025,0,19774,1169,848,1904,2379,529,19463,19154,0,0,519,1365,0,2627,1288,640,1149,103,410,0,0,0,1246,19353,208,208,0,105,0,1254,212
 37030,0,19779,1169,848,1904,2379,529,19463,19159,0,0,519,1365,0,2627,1288,640,1149,103,410,0,0,0,1246,19358,208,208,0,105,0,1254,212
 37035,0,19784,1169,848,1904,2379,529,19463,19164,0,0,519,1365,0,2627,1288,640,1149,103,410,0,0,0,1246,19363,208,208,0,105,0,1254,212
 37040,0,19789,1169,848,1904,2379,529,19463,19169,0,0,519,1365,0,2627,1288,640,1149,103,410,0,0,0,1246,19368,208,208,0,105,0,1254,212
 37045,0,19794,1169,848,1904,2379,529,19463,19174,0,0,519,1365,0,2627,1288,640,1149,103,410,0,0,0,1246,19373,208,208,0,105,0,1254,212
 37050,0,19799,1169,848,1904,2379,529,19463,19179,0,0,519,1365,0,2627,1288,640,1149,103,410,0,0,0,1246,19378,208,208,0,105,0,1254,212
 37055,0,19804,1169,848,1904,2379,529,19463,19184,0,0,519,1365,0,2627,1288,640,1149,103,410,0,0,0,1246,19383,208,208,0,105,0,1254,212
 37060,0,19809,1169,848,1904,2379,529,19463,19189,0,0,519,1365,0,2627,1288,640,1149,103,410,0,0,0,1246,19388,208,208,0,105,0,1254,212
 37065,0,19814,1169,848,1904,2379,529,19463,19194,0,0,519,1365,0,2627,1288,640,1149,103,410,0,0,0,1246,19393,208,208,0,105,0,1254,212
 37070,0,19819,1169,848,1904,2379,529,19463,19199,0,0,519,1365,0,2627,1288,640,1149,103,410,0,0,0,1246,19398,208,208,0,105,0,1254,212
 37075,0,19824,1169,848,1904,2379,529,19463,19204,0,0,519,1365,0,2627,1288,640,1149,103,410,0,0,0,1246,19403,208,208,0,105,0,1254,212
 37080,0,19829,1169,848,1904,2379,529,19463,19209,0,0,519,1365,0,2627,1288,640,1149,103,410,0,0,0,1246,19408,208,208,0,105,0,1254,212
 37085,0,19834,1169,848,1904,2379,529,19463,19214,0,0,519,1365,0,2627,1288,640,1149,103,410,0,0,0,1246,19412,208,208,0,105,0,1254,212
 37090,0,19839,1169,848,1904,2379,529,19463,19219,0,0,519,1365,0,2627,1288,640,1149,103,410,0,0,0,1246,19412,208,208,0,105,0,1254,212
 37095,0,19841,1169,848,1904,2379,529,19463,19224,0,0,519,1365,0,2627,1288,640,1149,103,410,0,0,0,1246,19412,208,208,0,105,0,1254,212
 37100,0,19841,1169,848,1904,2379,529,19463,19229,0,0,519,1365,0,2627,1288,640,1149,103,410,0,0,0,1246,19412,208,208,0,105,0,1254,212
 37105,0,19841,1169,848,1904,2379,529,19463,19232,0,0,519,1365,0,2627,1288,640,1149,103,410,0,0,0,1246,19412,208,208,0,105,0,1254,212
 37110,0,19841,1169,848,1904,2379,529,19463,19232,0,0,519,1365,0,2627,1288,640,1149,103,410,0,0,0,1246,19412,208,208,0,105,0,1254,212
 37115,0,19841,1169,848,1904,2379,529,19463,19232,0,0,519,1365,0,2627,1288,640,1149,103,410,0,0,0,1246,19412,208,208,0,105,0,1254,212
 37120,0,19841,1169,848,1904,2379,529,19463,19232,0,0,519,1365,0,2627,1288,640,1149,103,410,0,0,0,1246,19412,208,208,0,105,0,1254,212
 37125,0,19841,1169,848,1904,2379,529,19463,19232,0,0,519,1365,0,2627,1288,640,1149,103,410,0,0,0,1246,19412,208,208,0,105,0,1254,212
 37130,0,19841,1169,848,1904,2379,529,19463,19232,0,0,519,1365,0,2627,1288,640,1149,103,410,0,0,0,1246,19412,208,208,0,105,0,1254,212
 37135,0,19841,1169,848,1904,2379,529,19463,19232,0,0,519,1365,0,2627,1288,640,1149,103,410,0,0,0,1246,19412,208,208,0,105,0,1254,212
 37140,0,19841,1169,848,1904,2379,529,19463,19232,0,0,519,1365,0,2627,1288,640,1149,103,410,0,0,0,1246,19412,208,208,0,105,0,1254,212
 37145,0,19841,1169,848,1904,2379,529,19463,19232,0,0,519,1365,0,2627,1288,640,1149,103,410,0,0,0,1246,19412,208,208,0,105,0,1254,212
 37150,0,19841,1169,848,1904,2379,529,19463,19232,0,0,519,1365,0,2627,1288,640,1149,103,410,0,0,0,1246,19412,208,208,0,105,0,1254,212
 37155,0,19841,1169,848,1904,2379,529,19463,19232,0,0,519,1365,0,2627,1288,640,1149,103,410,0,0,0,1246,19412,208,208,0,105,0,1254,212
 37160,0,19841,1169,848,1904,2379,529,19463,19232,0,0,519,1365,0,2627,1288,640,1149,103,410,0,0,0,1246,19412,208,208,0,105,0,1254,212
 37165,0,19841,1169,848,1904,2379,529,19463,19232,0,0,519,1365,0,2627,1288,640,1149,103,410,0,0,0,1246,19412,208,208,0,105,0,1254,212
 37170,0,19841,1169,848,1904,2379,529,19463,19232,0,0,519,1365,0,2627,1288,640,1149,103,410,0,0,0,1246,19412,208,208,0,105,0,1254,212
 37175,0,19841,1169,848,1904,2379,529,19463,19232,0,0,519,1365,0,2627,1288,640,1149,103,410,0,0,0,1246,19412,208,208,0,105,0,1254,212
 37180,0,19841,1169,848,1904,2379,529,19463,19232,0,0,519,1365,0,2627,1288,640,1149,103,410,0,0,0,1246,19412,208,208,0,105,0,1254,212
 37185,0,19841,1169,848,1904,2379,529,19463,19232,0,0,519,1365,0,2627,1288,640,1149,103,410,0,0,0,1246,19412,208,208,0,105,0,1254,212
 37190,0,19841,1169,848,1904,2379,529,19463,19232,0,0,519,1365,0,2627,1288,640,1149,103,410,0,0,0,1246,19412,208,208,0,105,0,1254,212
 37195,0,19841,1169,848,1904,2379,529,19463,19232,0,0,519,1365,0,2627,1288,640,1149,103,410,0,0,0,1246,19412,208,208,0,105,0,1254,212
 37200,0,19841,1169,848,1904,2379,529,19463,19232,0,0,519,1365,0,2627,1288,640,1149,103,410,0,0,0,1246,19412,208,208,0,105,0,1254,212
 37205,0,19841,1169,848,1904,2379,529,19463,19232,0,0,519,1365,0,2627,1288,640,1149,103,410,0,0,0,1246,19412,208,208,0,105,0,1254,212
 37210,0,19841,1169,848,1904,2379,529,19463,19234,0,0,519,1365,0,2627,1288,640,1149,103,410,0,0,0,1246,19412,208,208,0,105,0,1254,212
 37215,0,19841,1169,848,1904,2379,529,19463,19239,0,0,519,1365,0,2627,1288,640,1149,103,410,0,0,0,1246,19412,208,208,0,105,0,1254,212
 37220,0,19841,1169,848,1904,2379,529,19463,19244,0,0,519,1365,0,2627,1288,640,1149,103,410,0,0,0,1246,19412,208,208,0,105,0,1254,212
 37225,0,19841,1169,848,1904,2379,529,19463,19249,0,0,519,1365,0,2627,1288,640,1149,103,410,0,0,0,1246,19412,208,208,0,105,0,1254,212
 37230,0,19841,1169,848,1904,2379,529,19463,19254,0,0,519,1365,0,2627,1288,640,1149,103,410,0,0,0,1246,19415,208,208,0,105,0,1254,212
 37235,0,19841,1169,848,1904,2379,529,19463,19259,0,0,519,1365,0,2627,1288,640,1149,103,410,0,0,0,1246,19420,208,208,0,105,0,1254,212
 37240,0,19841,1169,848,1904,2379,529,19463,19264,0,0,519,1365,0,2627,1288,640,1149,103,410,0,0,0,1246,19425,208,208,0,105,0,1254,212
 37245,0,19841,1169,848,1904,2379,529,19464,19269,0,0,519,1365,0,2627,1288,640,1149,103,410,0,0,0,1246,19430,208,208,0,105,0,1254,212
 37250,0,19841,1169,848,1904,2379,529,19469,19274,0,0,519,1365,0,2627,1288,640,1149,103,410,0,0,0,1246,19435,208,208,0,105,0,1254,212
 37255,0,19841,1169,848,1904,2379,529,19474,19279,0,0,519,1365,0,2627,1288,640,1149,103,410,0,0,0,1246,19440,208,208,0,105,0,1254,212
 37260,0,19841,1169,848,1904,2379,529,19479,19284,0,0,519,1365,0,2627,1288,640,1149,103,410,0,0,0,1246,19445,208,208,0,105,0,1254,212
 37265,0,19842,1169,848,1904,2379,529,19484,19289,0,0,519,1365,0,2627,1288,640,1149,103,410,0,0,0,1246,19450,208,208,0,105,0,1254,212
 37270,0,19847,1169,848,1904,2379,529,19489,19294,0,0,519,1365,0,2627,1288,640,1149,103,410,0,0,0,1246,19455,208,208,0,105,0,1254,212
 37275,0,19852,1169,848,1904,2379,529,19494,19299,0,0,519,1365,0,2627,1288,640,1149,103,410,0,0,0,1246,19460,208,208,0,105,0,1254,212
 37280,0,19857,1169,848,1904,2379,529,19499,19304,0,0,519,1365,0,2627,1288,640,1149,103,410,0,0,0,1246,19465,208,208,0,105,0,1254,212
 37285,0,19862,1169,848,1904,2379,529,19504,19309,0,0,519,1365,0,2627,1288,640,1149,103,410,0,0,0,1246,19470,208,208,0,105,0,1254,212
 37290,0,19867,1169,848,1904,2379,529,19509,19314,0,0,519,1365,0,2627,1288,640,1149,103,410,0,0,0,1246,19475,208,208,0,105,0,1254,212
 37295,0,19872,1169,848,1904,2379,529,19514,19319,0,0,519,1365,0,2627,1288,640,1149,103,410,0,0,0,1246,19480,208,208,0,105,0,1254,212
 37300,0,19877,1169,848,1904,2379,529,19519,19324,0,0,519,1365,0,2627,1288,640,1149,103,410,0,0,0,1246,19485,208,208,0,105,0,1254,212
 37305,0,19882,1169,848,1904,2379,529,19524,19329,0,0,519,1365,0,2627,1288,640,1149,103,410,0,0,0,1246,19490,208,208,0,105,0,1254,212
 37310,0,19887,1169,848,1904,2379,529,19529,19334,0,0,519,1365,0,2627,1288,640,1149,103,410,0,0,0,1246,19495,208,208,0,105,0,1254,212
 37315,0,19892,1169,848,1904,2379,529,19534,19337,0,0,519,1365,0,2627,1288,640,1149,103,410,0,0,0,1246,19500,208,208,0,105,0,1254,212
 37320,0,19897,1169,848,1904,2379,529,19539,19337,0,0,519,1365,0,2627,1288,640,1149,103,410,0,0,0,1246,19505,208,208,0,105,0,1254,212
 37325,0,19902,1169,848,1904,2379,529,19544,19337,0,0,519,1365,0,2627,1288,640,1149,103,410,0,0,0,1246,19510,208,208,0,105,0,1254,212
 37330,0,19907,1169,848,1904,2379,529,19549,19337,0,0,519,1365,0,2627,1288,640,1149,103,410,0,0,0,1246,19515,208,208,0,105,0,1254,212
 37335,0,19912,1169,848,1904,2379,529,19554,19337,0,0,519,1365,0,2627,1288,640,1149,103,410,0,0,0,1246,19517,208,208,0,105,0,1254,212
 37340,0,19917,1169,848,1904,2379,529,19559,19337,0,0,519,1365,0,2627,1288,640,1149,103,410,0,0,0,1246,19517,208,208,0,105,0,1254,212
 37345,0,19922,1169,848,1904,2379,529,19564,19337,0,0,519,1365,0,2627,1288,640,1149,103,410,0,0,0,1246,19517,208,208,0,105,0,1254,212
 37350,0,19927,1169,848,1904,2379,529,19568,19337,0,0,519,1365,0,2627,1288,640,1149,103,410,0,0,0,1246,19517,208,208,0,105,0,1254,212
 37355,0,19932,1169,848,1904,2379,529,19568,19337,0,0,519,1365,0,2627,1288,640,1149,103,410,0,0,0,1246,19517,208,208,0,105,0,1254,212
 37360,0,19937,1169,848,1904,2379,529,19568,19337,0,0,519,1365,0,2627,1288,640,1149,103,410,0,0,0,1246,19517,208,208,0,105,0,1254,212
 37365,0,19942,1169,848,1904,2379,529,19568,19337,0,0,519,1365,0,2627,1288,640,1149,103,410,0,0,0,1246,19517,208,208,0,105,0,1254,212
 37370,0,19946,1169,848,1904,2379,529,19568,19337,0,0,519,1365,0,2627,1288,640,1149,103,410,0,0,0,1246,19517,208,208,0,105,0,1254,212
 37375,0,19946,1169,848,1904,2379,529,19568,19337,0,0,519,1365,0,2627,1288,640,1149,103,410,0,0,0,1246,19517,208,208,0,105,0,1254,212
 37380,0,19946,1169,848,1904,2379,529,19568,19337,0,0,519,1365,0,2627,1288,640,1149,103,410,0,0,0,1246,19517,208,208,0,105,0,1254,212
 37385,0,19946,1169,848,1904,2379,529,19568,19337,0,0,519,1365,0,2627,1288,640,1149,103,410,0,0,0,1246,19517,208,208,0,105,0,1254,212
 37390,0,19946,1169,848,1904,2379,529,19568,19337,0,0,519,1365,0,2627,1288,640,1149,103,410,0,0,0,1246,19517,208,208,0,105,0,1254,212
 37395,0,19946,1169,848,1904,2379,529,19568,19337,0,0,519,1365,0,2627,1288,640,1149,103,410,0,0,0,1246,19517,208,208,0,105,0,1254,212
 37400,0,19946,1169,848,1904,2379,529,19568,19337,0,0,519,1365,0,2627,1288,640,1149,103,410,0,0,0,1246,19517,208,208,0,105,0,1254,212
 37405,0,19946,1169,848,1904,2379,529,19568,19337,0,0,519,1365,0,2627,1288,640,1149,103,410,0,0,0,1246,19517,208,208,0,105,0,1254,212
 37410,0,19946,1169,848,1904,2379,529,19568,19337,0,0,519,1365,0,2627,1288,640,1149,103,410,0,0,0,1246,19517,208,208,0,105,0,1254,212
 37415,0,19946,1169,848,1904,2379,529,19568,19337,0,0,519,1365,0,2627,1288,640,1149,103,410,0,0,0,1246,19517,208,208,0,105,0,1254,212
 37420,0,19946,1169,848,1904,2379,529,19568,19337,0,0,519,1365,0,2627,1288,640,1149,103,410,0,0,0,1246,19517,208,208,0,105,0,1254,212
 37425,0,19946,1169,848,1904,2379,529,19568,19337,0,0,519,1365,0,2627,1288,640,1149,103,410,0,0,0,1246,19517,208,208,0,105,0,1254,212
 37430,0,19946,1169,848,1904,2379,529,19568,19337,0,0,519,1365,0,2627,1288,640,1149,103,410,0,0,0,1246,19517,208,208,0,105,0,1254,212
 37435,0,19946,1169,848,1904,2379,529,19568,19337,0,0,519,1365,0,2627,1288,640,1149,103,410,0,0,0,1246,19517,208,208,0,105,0,1254,212
 37440,0,19946,1169,848,1904,2379,529,19568,19337,0,0,519,1365,0,2627,1288,640,1149,103,410,0,0,0,1246,19517,208,208,0,105,0,1254,212
 37445,0,19947,1169,848,1904,2379,529,19568,19339,0,0,519,1365,0,2627,1288,640,1149,103,410,0,0,0,1246,19517,208,208,0,105,0,1254,212
 37450,0,19952,1169,848,1904,2379,529,19568,19344,0,0,519,1365,0,2627,1288,640,1149,103,410,0,0,0,1246,19517,208,208,0,105,0,1254,212
 37455,0,19957,1169,848,1904,2379,529,19571,19349,0,0,519,1365,0,2627,1288,640,1149,103,410,0,0,0,1246,19517,208,208,0,105,0,1254,212
 37460,0,19962,1169,848,1904,2379,529,19576,19354,0,0,519,1365,0,2627,1288,640,1149,103,410,0,0,0,1246,19517,208,208,0,105,0,1254,212
 37465,0,19967,1169,848,1904,2379,529,19581,19359,0,0,519,1365,0,2627,1288,640,1149,103,410,0,0,0,1246,19516,208,208,0,105,0,1254,212
 37470,0,19972,1169,848,1904,2379,529,19586,19364,0,0,519,1365,0,2627,1288,640,1149,103,410,0,0,0,1246,19521,208,208,0,105,0,1254,212
 37475,0,19977,1169,848,1904,2379,529,19591,19369,0,0,519,1365,0,2627,1288,640,1149,103,410,0,0,0,1246,19526,208,208,0,105,0,1254,212
 37480,0,19982,1169,848,1904,2379,529,19596,19374,0,0,519,1365,0,2627,1288,640,1149,103,410,0,0,0,1246,19531,208,208,0,105,0,1254,212
 37485,0,19987,1169,848,1904,2379,529,19601,19379,0,0,519,1365,0,2627,1288,640,1149,103,410,0,0,0,1246,19536,208,208,0,105,0,1254,212
 37490,0,19992,1169,848,1904,2379,529,19606,19384,0,0,519,1365,0,2627,1288,640,1149,103,410,0,0,0,1246,19541,208,208,0,105,0,1254,212
 37495,0,19997,1169,848,1904,2379,529,19611,19389,0,0,519,1365,0,2627,1288,640,1149,103,410,0,0,0,1246,19546,208,208,0,105,0,1254,212
 37500,0,20002,1169,848,1904,2379,529,19616,19394,0,0,519,1365,0,2627,1288,640,1149,103,410,0,0,0,1246,19551,208,208,0,105,0,1254,212
 37505,0,20007,1169,848,1904,2379,529,19621,19399,0,0,519,1365,0,2627,1288,640,1149,103,410,0,0,0,1246,19556,208,208,0,105,0,1254,212
 37510,0,20012,1169,848,1904,2379,529,19626,19404,0,0,519,1365,0,2627,1288,640,1149,103,410,0,0,0,1246,19561,208,208,0,105,0,1254,212
 37515,0,20017,1169,848,1904,2379,529,19631,19409,0,0,519,1365,0,2627,1288,640,1149,103,410,0,0,0,1246,19566,208,208,0,105,0,1254,212
 37520,0,20022,1169,848,1904,2379,529,19636,19414,0,0,519,1365,0,2627,1288,640,1149,103,410,0,0,0,1246,19571,208,208,0,105,0,1254,212
 37525,0,20027,1169,848,1904,2379,529,19641,19419,0,0,519,1365,0,2627,1288,640,1149,103,410,0,0,0,1246,19576,208,208,0,105,0,1254,212
 37530,0,20032,1169,848,1904,2379,529,19646,19424,0,0,519,1365,0,2627,1288,640,1149,103,410,0,0,0,1246,19581,208,208,0,105,0,1254,212
 37535,0,20037,1169,848,1904,2379,529,19651,19429,0,0,519,1365,0,2627,1288,640,1149,103,410,0,0,0,1246,19586,208,208,0,105,0,1254,212
 37540,0,20042,1169,848,1904,2379,529,19656,19434,0,0,519,1365,0,2627,1288,640,1149,103,410,0,0,0,1246,19591,208,208,0,105,0,1254,212
 37545,0,20047,1169,848,1904,2379,529,19661,19440,0,0,519,1365,0,2627,1288,640,1149,103,410,0,0,0,1246,19596,208,208,0,105,0,1254,212
 37550,0,20047,1169,848,1904,2379,529,19666,19440,0,0,519,1365,0,2627,1288,640,1149,103,410,0,0,0,1246,19601,208,208,0,105,0,1254,212
 37555,0,20047,1169,848,1904,2379,529,19671,19440,0,0,519,1365,0,2627,1288,640,1149,103,410,0,0,0,1246,19606,208,208,0,105,0,1254,212
 37560,0,20047,1169,848,1904,2379,529,19671,19440,0,0,519,1365,0,2627,1288,640,1149,103,410,0,0,0,1246,19611,208,208,0,105,0,1254,212
 37565,0,20047,1169,848,1904,2379,529,19671,19440,0,0,519,1365,0,2627,1288,640,1149,103,410,0,0,0,1246,19616,208,208,0,105,0,1254,212
 37570,0,20047,1169,848,1904,2379,529,19671,19440,0,0,519,1365,0,2627,1288,640,1149,103,410,0,0,0,1246,19622,208,208,0,105,0,1254,212
 37575,0,20047,1169,848,1904,2379,529,19671,19440,0,0,519,1365,0,2627,1288,640,1149,103,410,0,0,0,1246,19622,208,208,0,105,0,1254,212
 37580,0,20047,1169,848,1904,2379,529,19671,19440,0,0,519,1365,0,2627,1288,640,1149,103,410,0,0,0,1246,19622,208,208,0,105,0,1254,212
 37585,0,20047,1169,848,1904,2379,529,19671,19440,0,0,519,1365,0,2627,1288,640,1149,103,410,0,0,0,1246,19622,208,208,0,105,0,1254,212
 37590,0,20047,1169,848,1904,2379,529,19671,19440,0,0,519,1365,0,2627,1288,640,1149,103,410,0,0,0,1246,19622,208,208,0,105,0,1254,212
 37595,0,20047,1169,848,1904,2379,529,19671,19440,0,0,519,1365,0,2627,1288,640,1149,103,410,0,0,0,1246,19622,208,208,0,105,0,1254,212
 37600,0,20047,1169,848,1904,2379,529,19671,19440,0,0,519,1365,0,2627,1288,640,1149,103,410,0,0,0,1246,19622,208,208,0,105,0,1254,212
 37605,0,20047,1169,848,1904,2379,529,19671,19440,0,0,519,1365,0,2627,1288,640,1149,103,410,0,0,0,1246,19622,208,208,0,105,0,1254,212
 37610,0,20047,1169,848,1904,2379,529,19671,19440,0,0,519,1365,0,2627,1288,640,1149,103,410,0,0,0,1246,19622,208,208,0,105,0,1254,212
 37615,0,20047,1169,848,1904,2379,529,19671,19440,0,0,519,1365,0,2627,1288,640,1149,103,410,0,0,0,1246,19622,208,208,0,105,0,1254,212
 37620,0,20047,1169,848,1904,2379,529,19671,19440,0,0,519,1365,0,2627,1288,640,1149,103,410,0,0,0,1246,19622,208,208,0,105,0,1254,212
 37625,0,20047,1169,848,1904,2379,529,19671,19440,0,0,519,1365,0,2627,1288,640,1149,103,410,0,0,0,1246,19622,208,208,0,105,0,1254,212
 37630,0,20047,1169,848,1904,2379,529,19671,19440,0,0,519,1365,0,2627,1288,640,1149,103,410,0,0,0,1246,19622,208,208,0,105,0,1254,212
 37635,0,20047,1169,848,1904,2379,529,19671,19440,0,0,519,1365,0,2627,1288,640,1149,103,410,0,0,0,1246,19622,208,208,0,105,0,1254,212
 37640,0,20047,1169,848,1904,2379,529,19671,19440,0,0,519,1365,0,2627,1288,640,1149,103,410,0,0,0,1246,19622,208,208,0,105,0,1254,212
 37645,0,20047,1169,848,1904,2379,529,19671,19440,0,0,519,1365,0,2627,1288,640,1149,103,410,0,0,0,1246,19622,208,208,0,105,0,1254,212
 37650,0,20047,1169,848,1904,2379,529,19671,19440,0,0,519,1365,0,2627,1288,640,1149,103,410,0,0,0,1246,19622,208,208,0,105,0,1254,212
 37655,0,20047,1169,848,1904,2379,529,19671,19440,0,0,519,1365,0,2627,1288,640,1149,103,410,0,0,0,1246,19622,208,208,0,105,0,1254,212
 37660,0,20047,1169,848,1904,2379,529,19671,19440,0,0,519,1365,0,2627,1288,640,1149,103,410,0,0,0,1246,19622,208,208,0,105,0,1254,212
 37665,0,20048,1169,848,1904,2379,529,19672,19440,0,0,519,1365,0,2627,1288,640,1149,103,410,0,0,0,1246,19622,208,208,0,105,0,1254,212
 37670,0,20053,1169,848,1904,2379,529,19677,19442,0,0,519,1365,0,2627,1288,640,1149,103,410,0,0,0,1246,19627,208,208,0,105,0,1254,212
 37675,0,20058,1169,848,1904,2379,529,19682,19447,0,0,519,1365,0,2627,1288,640,1149,103,410,0,0,0,1246,19632,208,208,0,105,0,1254,212
 37680,0,20063,1169,848,1904,2379,529,19687,19452,0,0,519,1365,0,2627,1288,640,1149,103,410,0,0,0,1246,19637,208,208,0,105,0,1254,212
 37685,0,20068,1169,848,1904,2379,529,19692,19457,0,0,519,1365,0,2627,1288,640,1149,103,410,0,0,0,1246,19642,208,208,0,105,0,1254,212
 37690,0,20073,1169,848,1904,2379,529,19697,19462,0,0,519,1365,0,2627,1288,640,1149,103,410,0,0,0,1246,19647,208,208,0,105,0,1254,212
 37695,0,20078,1169,848,1904,2379,529,19702,19467,0,0,519,1365,0,2627,1288,640,1149,103,410,0,0,0,1246,19652,208,208,0,105,0,1254,212
 37700,0,20083,1169,848,1904,2379,529,19707,19472,0,0,519,1365,0,2627,1288,640,1149,103,410,0,0,0,1246,19657,208,208,0,105,0,1254,212
 37705,0,20088,1169,848,1904,2379,529,19712,19477,0,0,519,1365,0,2627,1288,640,1149,103,410,0,0,0,1246,19662,208,208,0,105,0,1254,212
 37710,0,20093,1169,848,1904,2379,529,19717,19482,0,0,519,1365,0,2627,1288,640,1149,103,410,0,0,0,1246,19667,208,208,0,105,0,1254,212
 37715,0,20098,1169,848,1904,2379,529,19722,19487,0,0,519,1365,0,2627,1288,640,1149,103,410,0,0,0,1246,19672,208,208,0,105,0,1254,212
 37720,0,20103,1169,848,1904,2379,529,19727,19492,0,0,519,1365,0,2627,1288,640,1149,103,410,0,0,0,1246,19677,208,208,0,105,0,1254,212
 37725,0,20108,1169,848,1904,2379,529,19732,19497,0,0,519,1365,0,2627,1288,640,1149,103,410,0,0,0,1246,19682,208,208,0,105,0,1254,212
 37730,0,20113,1169,848,1904,2379,529,19737,19502,0,0,519,1365,0,2627,1288,640,1149,103,410,0,0,0,1246,19687,208,208,0,105,0,1254,212
 37735,0,20118,1169,848,1904,2379,529,19742,19507,0,0,519,1365,0,2627,1288,640,1149,103,410,0,0,0,1246,19692,208,208,0,105,0,1254,212
 37740,0,20123,1169,848,1904,2379,529,19747,19512,0,0,519,1365,0,2627,1288,640,1149,103,410,0,0,0,1246,19697,208,208,0,105,0,1254,212
 37745,0,20128,1169,848,1904,2379,529,19752,19517,0,0,519,1365,0,2627,1288,640,1149,103,410,0,0,0,1246,19702,208,208,0,105,0,1254,212
 37750,0,20133,1169,848,1904,2379,529,19757,19522,0,0,519,1365,0,2627,1288,640,1149,103,410,0,0,0,1246,19707,208,208,0,105,0,1254,212
 37755,0,20138,1169,848,1904,2379,529,19762,19527,0,0,519,1365,0,2627,1288,640,1149,103,410,0,0,0,1246,19712,208,208,0,105,0,1254,212
 37760,0,20143,1169,848,1904,2379,529,19767,19532,0,0,519,1365,0,2627,1288,640,1149,103,410,0,0,0,1246,19717,208,208,0,105,0,1254,212
 37765,0,20148,1169,848,1904,2379,529,19772,19537,0,0,519,1365,0,2627,1288,640,1149,103,410,0,0,0,1246,19722,208,208,0,105,0,1254,212
 37770,0,20150,1169,848,1904,2379,529,19774,19542,0,0,519,1365,0,2627,1288,640,1149,103,410,0,0,0,1246,19727,208,208,0,105,0,1254,212
 37775,0,20150,1169,848,1904,2379,529,19774,19547,0,0,519,1365,0,2627,1288,640,1149,103,410,0,0,0,1246,19727,208,208,0,105,0,1254,212
 37780,0,20150,1169,848,1904,2379,529,19774,19547,0,0,519,1365,0,2627,1288,640,1149,103,410,0,0,0,1246,19727,208,208,0,105,0,1254,212
 37785,0,20150,1169,848,1904,2379,529,19774,19547,0,0,519,1365,0,2627,1288,640,1149,103,410,0,0,0,1246,19727,208,208,0,105,0,1254,212
 37790,0,20150,1169,848,1904,2379,529,19774,19547,0,0,519,1365,0,2627,1288,640,1149,103,410,0,0,0,1246,19727,208,208,0,105,0,1254,212
 37795,0,20150,1169,848,1904,2379,529,19774,19547,0,0,519,1365,0,2627,1288,640,1149,103,410,0,0,0,1246,19727,208,208,0,105,0,1254,212
 37800,0,20150,1169,848,1904,2379,529,19774,19547,0,0,519,1365,0,2627,1288,640,1149,103,410,0,0,0,1246,19727,208,208,0,105,0,1254,212
 37805,0,20150,1169,848,1904,2379,529,19774,19547,0,0,519,1365,0,2627,1288,640,1149,103,410,0,0,0,1246,19727,208,208,0,105,0,1254,212
 37810,0,20150,1169,848,1904,2379,529,19774,19547,0,0,519,1365,0,2627,1288,640,1149,103,410,0,0,0,1246,19727,208,208,0,105,0,1254,212
 37815,0,20150,1169,848,1904,2379,529,19774,19547,0,0,519,1365,0,2627,1288,640,1149,103,410,0,0,0,1246,19727,208,208,0,105,0,1254,212
 37820,0,20150,1169,848,1904,2379,529,19774,19547,0,0,519,1365,0,2627,1288,640,1149,103,410,0,0,0,1246,19727,208,208,0,105,0,1254,212
 37825,0,20150,1169,848,1904,2379,529,19774,19547,0,0,519,1365,0,2627,1288,640,1149,103,410,0,0,0,1246,19727,208,208,0,105,0,1254,212
 37830,0,20150,1169,848,1904,2379,529,19774,19547,0,0,519,1365,0,2627,1288,640,1149,103,410,0,0,0,1246,19727,208,208,0,105,0,1254,212
 37835,0,20150,1169,848,1904,2379,529,19774,19547,0,0,519,1365,0,2627,1288,640,1149,103,410,0,0,0,1246,19727,208,208,0,105,0,1254,212
 37840,0,20150,1169,848,1904,2379,529,19774,19547,0,0,519,1365,0,2627,1288,640,1149,103,410,0,0,0,1246,19727,208,208,0,105,0,1254,212
 37845,0,20150,1169,848,1904,2379,529,19774,19547,0,0,519,1365,0,2627,1288,640,1149,103,410,0,0,0,1246,19727,208,208,0,105,0,1254,212
 37850,0,20150,1169,848,1904,2379,529,19774,19547,0,0,519,1365,0,2627,1288,640,1149,103,410,0,0,0,1246,19727,208,208,0,105,0,1254,212
 37855,0,20150,1169,848,1904,2379,529,19774,19547,0,0,519,1365,0,2627,1288,640,1149,103,410,0,0,0,1246,19727,208,208,0,105,0,1254,212
 37860,0,20150,1169,848,1904,2379,529,19774,19547,0,0,519,1365,0,2627,1288,640,1149,103,410,0,0,0,1246,19727,208,208,0,105,0,1254,212
 37865,0,20150,1169,848,1904,2379,529,19774,19547,0,0,519,1365,0,2627,1288,640,1149,103,410,0,0,0,1246,19727,208,208,0,105,0,1254,212
 37870,0,20150,1169,848,1904,2379,529,19774,19547,0,0,519,1365,0,2627,1288,640,1149,103,410,0,0,0,1246,19727,208,208,0,105,0,1254,212
 37875,0,20150,1169,848,1904,2379,529,19774,19547,0,0,519,1365,0,2627,1288,640,1149,103,410,0,0,0,1246,19727,208,208,0,105,0,1254,212
 37880,0,20150,1169,848,1904,2379,529,19774,19547,0,0,519,1365,0,2627,1288,640,1149,103,410,0,0,0,1246,19727,208,208,0,105,0,1254,212
 37885,0,20150,1169,848,1904,2379,529,19774,19547,0,0,519,1365,0,2627,1288,640,1149,103,410,0,0,0,1246,19727,208,208,0,105,0,1254,212
 37890,0,20150,1169,848,1904,2379,529,19774,19547,0,0,519,1365,0,2627,1288,640,1149,103,410,0,0,0,1246,19727,208,208,0,105,0,1254,212
 37895,0,20150,1169,848,1904,2379,529,19774,19547,0,0,519,1365,0,2627,1288,640,1149,103,410,0,0,0,1246,19727,208,208,0,105,0,1254,212
 37900,0,20150,1169,848,1904,2379,529,19774,19547,0,0,519,1365,0,2627,1288,640,1149,103,410,0,0,0,1246,19727,208,208,0,105,0,1254,212
 37905,0,20151,1169,848,1904,2379,529,19774,19549,0,0,519,1365,0,2627,1288,640,1149,103,410,0,0,0,1246,19727,208,208,0,105,0,1254,212
 37910,0,20156,1169,848,1904,2379,529,19774,19554,0,0,519,1365,0,2627,1288,640,1149,103,410,0,0,0,1246,19727,208,208,0,105,0,1254,212
 37915,0,20161,1169,848,1904,2379,529,19774,19559,0,0,519,1365,0,2627,1288,640,1149,103,410,0,0,0,1246,19730,208,208,0,105,0,1254,212
 37920,0,20166,1169,848,1904,2379,529,19777,19564,0,0,519,1365,0,2627,1288,640,1149,103,410,0,0,0,1246,19735,208,208,0,105,0,1254,212
 37925,0,20171,1169,848,1904,2379,529,19782,19569,0,0,519,1365,0,2627,1288,640,1149,103,410,0,0,0,1246,19740,208,208,0,105,0,1254,212
 37930,0,20176,1169,848,1904,2379,529,19787,19574,0,0,519,1365,0,2627,1288,640,1149,103,410,0,0,0,1246,19745,208,208,0,105,0,1254,212
 37935,0,20181,1169,848,1904,2379,529,19792,19579,0,0,519,1365,0,2627,1288,640,1149,103,410,0,0,0,1246,19750,208,208,0,105,0,1254,212
 37940,0,20186,1169,848,1904,2379,529,19797,19584,0,0,519,1365,0,2627,1288,640,1149,103,410,0,0,0,1246,19755,208,208,0,105,0,1254,212
 37945,0,20191,1169,848,1904,2379,529,19802,19589,0,0,519,1365,0,2627,1288,640,1149,103,410,0,0,0,1246,19760,208,208,0,105,0,1254,212
 37950,0,20196,1169,848,1904,2379,529,19807,19594,0,0,519,1365,0,2627,1288,640,1149,103,410,0,0,0,1246,19765,208,208,0,105,0,1254,212
 37955,0,20201,1169,848,1904,2379,529,19812,19599,0,0,519,1365,0,2627,1288,640,1149,103,410,0,0,0,1246,19770,208,208,0,105,0,1254,212
 37960,0,20206,1169,848,1904,2379,529,19817,19604,0,0,519,1365,0,2627,1288,640,1149,103,410,0,0,0,1246,19775,208,208,0,105,0,1254,212
 37965,0,20211,1169,848,1904,2379,529,19822,19609,0,0,519,1365,0,2627,1288,640,1149,103,410,0,0,0,1246,19780,208,208,0,105,0,1254,212
 37970,0,20216,1169,848,1904,2379,529,19827,19614,0,0,519,1365,0,2627,1288,640,1149,103,410,0,0,0,1246,19785,208,208,0,105,0,1254,212
 37975,0,20221,1169,848,1904,2379,529,19832,19619,0,0,519,1365,0,2627,1288,640,1149,103,410,0,0,0,1246,19790,208,208,0,105,0,1254,212
 37980,0,20226,1169,848,1904,2379,529,19837,19624,0,0,519,1365,0,2627,1288,640,1149,103,410,0,0,0,1246,19795,208,208,0,105,0,1254,212
 37985,0,20231,1169,848,1904,2379,529,19842,19629,0,0,519,1365,0,2627,1288,640,1149,103,410,0,0,0,1246,19800,208,208,0,105,0,1254,212
 37990,0,20236,1169,848,1904,2379,529,19847,19634,0,0,519,1365,0,2627,1288,640,1149,103,410,0,0,0,1246,19805,208,208,0,105,0,1254,212
 37995,0,20241,1169,848,1904,2379,529,19852,19639,0,0,519,1365,0,2627,1288,640,1149,103,410,0,0,0,1246,19810,208,208,0,105,0,1254,212
 38000,0,20246,1169,848,1904,2379,529,19857,19644,0,0,519,1365,0,2627,1288,640,1149,103,410,0,0,0,1246,19815,208,208,0,105,0,1254,212
 38005,0,20251,1169,848,1904,2379,529,19862,19650,0,0,519,1365,0,2627,1288,640,1149,103,410,0,0,0,1246,19820,208,208,0,105,0,1254,212
 38010,0,20251,1169,848,1904,2379,529,19867,19650,0,0,519,1365,0,2627,1288,640,1149,103,410,0,0,0,1246,19825,208,208,0,105,0,1254,212
 38015,0,20251,1169,848,1904,2379,529,19872,19650,0,0,519,1365,0,2627,1288,640,1149,103,410,0,0,0,1246,19830,208,208,0,105,0,1254,212
 38020,0,20251,1169,848,1904,2379,529,19877,19650,0,0,519,1365,0,2627,1288,640,1149,103,410,0,0,0,1246,19830,208,208,0,105,0,1254,212
 38025,0,20251,1169,848,1904,2379,529,19881,19650,0,0,519,1365,0,2627,1288,640,1149,103,410,0,0,0,1246,19830,208,208,0,105,0,1254,212
 38030,0,20251,1169,848,1904,2379,529,19881,19650,0,0,519,1365,0,2627,1288,640,1149,103,410,0,0,0,1246,19830,208,208,0,105,0,1254,212
 38035,0,20251,1169,848,1904,2379,529,19881,19650,0,0,519,1365,0,2627,1288,640,1149,103,410,0,0,0,1246,19830,208,208,0,105,0,1254,212
 38040,0,20251,1169,848,1904,2379,529,19881,19650,0,0,519,1365,0,2627,1288,640,1149,103,410,0,0,0,1246,19830,208,208,0,105,0,1254,212
 38045,0,20251,1169,848,1904,2379,529,19881,19650,0,0,519,1365,0,2627,1288,640,1149,103,410,0,0,0,1246,19830,208,208,0,105,0,1254,212
 38050,0,20251,1169,848,1904,2379,529,19881,19650,0,0,519,1365,0,2627,1288,640,1149,103,410,0,0,0,1246,19830,208,208,0,105,0,1254,212
 38055,0,20251,1169,848,1904,2379,529,19881,19650,0,0,519,1365,0,2627,1288,640,1149,103,410,0,0,0,1246,19830,208,208,0,105,0,1254,212
 38060,0,20251,1169,848,1904,2379,529,19881,19650,0,0,519,1365,0,2627,1288,640,1149,103,410,0,0,0,1246,19830,208,208,0,105,0,1254,212
 38065,0,20251,1169,848,1904,2379,529,19881,19650,0,0,519,1365,0,2627,1288,640,1149,103,410,0,0,0,1246,19830,208,208,0,105,0,1254,212
 38070,0,20251,1169,848,1904,2379,529,19881,19650,0,0,519,1365,0,2627,1288,640,1149,103,410,0,0,0,1246,19830,208,208,0,105,0,1254,212
 38075,0,20251,1169,848,1904,2379,529,19881,19650,0,0,519,1365,0,2627,1288,640,1149,103,410,0,0,0,1246,19830,208,208,0,105,0,1254,212
 38080,0,20251,1169,848,1904,2379,529,19881,19650,0,0,519,1365,0,2627,1288,640,1149,103,410,0,0,0,1246,19830,208,208,0,105,0,1254,212
 38085,0,20251,1169,848,1904,2379,529,19881,19650,0,0,519,1365,0,2627,1288,640,1149,103,410,0,0,0,1246,19830,208,208,0,105,0,1254,212
 38090,0,20251,1169,848,1904,2379,529,19881,19650,0,0,519,1365,0,2627,1288,640,1149,103,410,0,0,0,1246,19830,208,208,0,105,0,1254,212
 38095,0,20251,1169,848,1904,2379,529,19881,19650,0,0,519,1365,0,2627,1288,640,1149,103,410,0,0,0,1246,19830,208,208,0,105,0,1254,212
 38100,0,20251,1169,848,1904,2379,529,19881,19650,0,0,519,1365,0,2627,1288,640,1149,103,410,0,0,0,1246,19830,208,208,0,105,0,1254,212
 38105,0,20252,1169,848,1904,2379,529,19881,19650,0,0,519,1365,0,2627,1288,640,1149,103,410,0,0,0,1246,19830,208,208,0,105,0,1254,212
 38110,0,20257,1169,848,1904,2379,529,19881,19650,0,0,519,1365,0,2627,1288,640,1149,103,410,0,0,0,1246,19830,208,208,0,105,0,1254,212
 38115,0,20262,1169,848,1904,2379,529,19881,19650,0,0,519,1365,0,2627,1288,640,1149,103,410,0,0,0,1246,19829,208,208,0,105,0,1254,212
 38120,0,20267,1169,848,1904,2379,529,19881,19652,0,0,519,1365,0,2627,1288,640,1149,103,410,0,0,0,1246,19834,208,208,0,105,0,1254,212
 38125,0,20272,1169,848,1904,2379,529,19881,19657,0,0,519,1365,0,2627,1288,640,1149,103,410,0,0,0,1246,19839,208,208,0,105,0,1254,212
 38130,0,20277,1169,848,1904,2379,529,19881,19662,0,0,519,1365,0,2627,1288,640,1149,103,410,0,0,0,1246,19844,208,208,0,105,0,1254,212
 38135,0,20282,1169,848,1904,2379,529,19881,19667,0,0,519,1365,0,2627,1288,640,1149,103,410,0,0,0,1246,19849,208,208,0,105,0,1254,212
 38140,0,20287,1169,848,1904,2379,529,19881,19672,0,0,519,1365,0,2627,1288,640,1149,103,410,0,0,0,1246,19854,208,208,0,105,0,1254,212
 38145,0,20292,1169,848,1904,2379,529,19881,19677,0,0,519,1365,0,2627,1288,640,1149,103,410,0,0,0,1246,19859,208,208,0,105,0,1254,212
 38150,0,20297,1169,848,1904,2379,529,19880,19682,0,0,519,1365,0,2627,1288,640,1149,103,410,0,0,0,1246,19864,208,208,0,105,0,1254,212
 38155,0,20302,1169,848,1904,2379,529,19885,19687,0,0,519,1365,0,2627,1288,640,1149,103,410,0,0,0,1246,19869,208,208,0,105,0,1254,212
 38160,0,20307,1169,848,1904,2379,529,19890,19692,0,0,519,1365,0,2627,1288,640,1149,103,410,0,0,0,1246,19874,208,208,0,105,0,1254,212
 38165,0,20312,1169,848,1904,2379,529,19895,19697,0,0,519,1365,0,2627,1288,640,1149,103,410,0,0,0,1246,19879,208,208,0,105,0,1254,212
 38170,0,20317,1169,848,1904,2379,529,19900,19702,0,0,519,1365,0,2627,1288,640,1149,103,410,0,0,0,1246,19884,208,208,0,105,0,1254,212
 38175,0,20322,1169,848,1904,2379,529,19905,19707,0,0,519,1365,0,2627,1288,640,1149,103,410,0,0,0,1246,19889,208,208,0,105,0,1254,212
 38180,0,20327,1169,848,1904,2379,529,19910,19712,0,0,519,1365,0,2627,1288,640,1149,103,410,0,0,0,1246,19894,208,208,0,105,0,1254,212
 38185,0,20332,1169,848,1904,2379,529,19915,19717,0,0,519,1365,0,2627,1288,640,1149,103,410,0,0,0,1246,19899,208,208,0,105,0,1254,212
 38190,0,20337,1169,848,1904,2379,529,19920,19722,0,0,519,1365,0,2627,1288,640,1149,103,410,0,0,0,1246,19904,208,208,0,105,0,1254,212
 38195,0,20342,1169,848,1904,2379,529,19925,19727,0,0,519,1365,0,2627,1288,640,1149,103,410,0,0,0,1246,19909,208,208,0,105,0,1254,212
 38200,0,20347,1169,848,1904,2379,529,19930,19732,0,0,519,1365,0,2627,1288,640,1149,103,410,0,0,0,1246,19914,208,208,0,105,0,1254,212
 38205,0,20352,1169,848,1904,2379,529,19935,19737,0,0,519,1365,0,2627,1288,640,1149,103,410,0,0,0,1246,19919,208,208,0,105,0,1254,212
 38210,0,20354,1169,848,1904,2379,529,19940,19742,0,0,519,1365,0,2627,1288,640,1149,103,410,0,0,0,1246,19924,208,208,0,105,0,1254,212
 38215,0,20354,1169,848,1904,2379,529,19945,19747,0,0,519,1365,0,2627,1288,640,1149,103,410,0,0,0,1246,19929,208,208,0,105,0,1254,212
 38220,0,20354,1169,848,1904,2379,529,19950,19753,0,0,519,1365,0,2627,1288,640,1149,103,410,0,0,0,1246,19933,208,208,0,105,0,1254,212
 38225,0,20354,1169,848,1904,2379,529,19955,19753,0,0,519,1365,0,2627,1288,640,1149,103,410,0,0,0,1246,19933,208,208,0,105,0,1254,212
 38230,0,20354,1169,848,1904,2379,529,19960,19753,0,0,519,1365,0,2627,1288,640,1149,103,410,0,0,0,1246,19933,208,208,0,105,0,1254,212
 38235,0,20354,1169,848,1904,2379,529,19965,19753,0,0,519,1365,0,2627,1288,640,1149,103,410,0,0,0,1246,19933,208,208,0,105,0,1254,212
 38240,0,20354,1169,848,1904,2379,529,19970,19753,0,0,519,1365,0,2627,1288,640,1149,103,410,0,0,0,1246,19933,208,208,0,105,0,1254,212
 38245,0,20354,1169,848,1904,2379,529,19975,19753,0,0,519,1365,0,2627,1288,640,1149,103,410,0,0,0,1246,19933,208,208,0,105,0,1254,212
 38250,0,20354,1169,848,1904,2379,529,19980,19753,0,0,519,1365,0,2627,1288,640,1149,103,410,0,0,0,1246,19933,208,208,0,105,0,1254,212
 38255,0,20354,1169,848,1904,2379,529,19984,19753,0,0,519,1365,0,2627,1288,640,1149,103,410,0,0,0,1246,19933,208,208,0,105,0,1254,212
 38260,0,20354,1169,848,1904,2379,529,19984,19753,0,0,519,1365,0,2627,1288,640,1149,103,410,0,0,0,1246,19933,208,208,0,105,0,1254,212
 38265,0,20354,1169,848,1904,2379,529,19984,19753,0,0,519,1365,0,2627,1288,640,1149,103,410,0,0,0,1246,19933,208,208,0,105,0,1254,212
 38270,0,20354,1169,848,1904,2379,529,19984,19753,0,0,519,1365,0,2627,1288,640,1149,103,410,0,0,0,1246,19933,208,208,0,105,0,1254,212
 38275,0,20354,1169,848,1904,2379,529,19984,19753,0,0,519,1365,0,2627,1288,640,1149,103,410,0,0,0,1246,19933,208,208,0,105,0,1254,212
 38280,0,20354,1169,848,1904,2379,529,19984,19753,0,0,519,1365,0,2627,1288,640,1149,103,410,0,0,0,1246,19933,208,208,0,105,0,1254,212
 38285,0,20354,1169,848,1904,2379,529,19984,19753,0,0,519,1365,0,2627,1288,640,1149,103,410,0,0,0,1246,19933,208,208,0,105,0,1254,212
 38290,0,20354,1169,848,1904,2379,529,19984,19753,0,0,519,1365,0,2627,1288,640,1149,103,410,0,0,0,1246,19933,208,208,0,105,0,1254,212
 38295,0,20354,1169,848,1904,2379,529,19984,19753,0,0,519,1365,0,2627,1288,640,1149,103,410,0,0,0,1246,19933,208,208,0,105,0,1254,212
 38300,0,20354,1169,848,1904,2379,529,19984,19753,0,0,519,1365,0,2627,1288,640,1149,103,410,0,0,0,1246,19933,208,208,0,105,0,1254,212
 38305,0,20354,1169,848,1904,2379,529,19984,19753,0,0,519,1365,0,2627,1288,640,1149,103,410,0,0,0,1246,19933,208,208,0,105,0,1254,212
 38310,0,20354,1169,848,1904,2379,529,19984,19753,0,0,519,1365,0,2627,1288,640,1149,103,410,0,0,0,1246,19933,208,208,0,105,0,1254,212
 38315,0,20354,1169,848,1904,2379,529,19984,19753,0,0,519,1365,0,2627,1288,640,1149,103,410,0,0,0,1246,19933,208,208,0,105,0,1254,212
 38320,0,20354,1169,848,1904,2379,529,19984,19753,0,0,519,1365,0,2627,1288,640,1149,103,410,0,0,0,1246,19933,208,208,0,105,0,1254,212
 38325,0,20354,1169,848,1904,2379,529,19984,19753,0,0,519,1365,0,2627,1288,640,1149,103,410,0,0,0,1246,19933,208,208,0,105,0,1254,212
 38330,0,20354,1169,848,1904,2379,529,19984,19753,0,0,519,1365,0,2627,1288,640,1149,103,410,0,0,0,1246,19933,208,208,0,105,0,1254,212
 38335,0,20354,1169,848,1904,2379,529,19984,19753,0,0,519,1365,0,2627,1288,640,1149,103,410,0,0,0,1246,19933,208,208,0,105,0,1254,212
 38340,0,20354,1169,848,1904,2379,529,19984,19753,0,0,519,1365,0,2627,1288,640,1149,103,410,0,0,0,1246,19933,208,208,0,105,0,1254,212
 38345,0,20354,1169,848,1904,2379,529,19984,19753,0,0,519,1365,0,2627,1288,640,1149,103,410,0,0,0,1246,19933,208,208,0,105,0,1254,212
 38350,0,20355,1169,848,1904,2379,529,19984,19753,0,0,519,1365,0,2627,1288,640,1149,103,410,0,0,0,1246,19933,208,208,0,105,0,1254,212
 38355,0,20360,1169,848,1904,2379,529,19984,19753,0,0,519,1365,0,2627,1288,640,1149,103,410,0,0,0,1246,19933,208,208,0,105,0,1254,212
 38360,0,20365,1169,848,1904,2379,529,19987,19753,0,0,519,1365,0,2627,1288,640,1149,103,410,0,0,0,1246,19932,208,208,0,105,0,1254,212
 38365,0,20370,1169,848,1904,2379,529,19992,19753,0,0,519,1365,0,2627,1288,640,1149,103,410,0,0,0,1246,19937,208,208,0,105,0,1254,212
 38370,0,20375,1169,848,1904,2379,529,19997,19753,0,0,519,1365,0,2627,1288,640,1149,103,410,0,0,0,1246,19942,208,208,0,105,0,1254,212
 38375,0,20380,1169,848,1904,2379,529,20002,19755,0,0,519,1365,0,2627,1288,640,1149,103,410,0,0,0,1246,19947,208,208,0,105,0,1254,212
 38380,0,20385,1169,848,1904,2379,529,20007,19760,0,0,519,1365,0,2627,1288,640,1149,103,410,0,0,0,1246,19952,208,208,0,105,0,1254,212
 38385,0,20390,1169,848,1904,2379,529,20012,19765,0,0,519,1365,0,2627,1288,640,1149,103,410,0,0,0,1246,19957,208,208,0,105,0,1254,212
 38390,0,20395,1169,848,1904,2379,529,20017,19770,0,0,519,1365,0,2627,1288,640,1149,103,410,0,0,0,1246,19962,208,208,0,105,0,1254,212
 38395,0,20400,1169,848,1904,2379,529,20022,19775,0,0,519,1365,0,2627,1288,640,1149,103,410,0,0,0,1246,19967,208,208,0,105,0,1254,212
 38400,0,20405,1169,848,1904,2379,529,20027,19780,0,0,519,1365,0,2627,1288,640,1149,103,410,0,0,0,1246,19972,208,208,0,105,0,1254,212
 38405,0,20410,1169,848,1904,2379,529,20032,19785,0,0,519,1365,0,2627,1288,640,1149,103,410,0,0,0,1246,19977,208,208,0,105,0,1254,212
 38410,0,20415,1169,848,1904,2379,529,20037,19790,0,0,519,1365,0,2627,1288,640,1149,103,410,0,0,0,1246,19982,208,208,0,105,0,1254,212
 38415,0,20420,1169,848,1904,2379,529,20042,19795,0,0,519,1365,0,2627,1288,640,1149,103,410,0,0,0,1246,19987,208,208,0,105,0,1254,212
 38420,0,20425,1169,848,1904,2379,529,20047,19800,0,0,519,1365,0,2627,1288,640,1149,103,410,0,0,0,1246,19992,208,208,0,105,0,1254,212
 38425,0,20430,1169,848,1904,2379,529,20052,19805,0,0,519,1365,0,2627,1288,640,1149,103,410,0,0,0,1246,19997,208,208,0,105,0,1254,212
 38430,0,20435,1169,848,1904,2379,529,20057,19810,0,0,519,1365,0,2627,1288,640,1149,103,410,0,0,0,1246,20002,208,208,0,105,0,1254,212
 38435,0,20440,1169,848,1904,2379,529,20062,19815,0,0,519,1365,0,2627,1288,640,1149,103,410,0,0,0,1246,20007,208,208,0,105,0,1254,212
 38440,0,20445,1169,848,1904,2379,529,20067,19820,0,0,519,1365,0,2627,1288,640,1149,103,410,0,0,0,1246,20012,208,208,0,105,0,1254,212
 38445,0,20450,1169,848,1904,2379,529,20072,19825,0,0,519,1365,0,2627,1288,640,1149,103,410,0,0,0,1246,20017,208,208,0,105,0,1254,212
 38450,0,20455,1169,848,1904,2379,529,20077,19830,0,0,519,1365,0,2627,1288,640,1149,103,410,0,0,0,1246,20022,208,208,0,105,0,1254,212
 38455,0,20457,1169,848,1904,2379,529,20082,19835,0,0,519,1365,0,2627,1288,640,1149,103,410,0,0,0,1246,20027,208,208,0,105,0,1254,212
 38460,0,20457,1169,848,1904,2379,529,20087,19840,0,0,519,1365,0,2627,1288,640,1149,103,410,0,0,0,1246,20032,208,208,0,105,0,1254,212
 38465,0,20457,1169,848,1904,2379,529,20091,19845,0,0,519,1365,0,2627,1288,640,1149,103,410,0,0,0,1246,20036,208,208,0,105,0,1254,212
 38470,0,20457,1169,848,1904,2379,529,20091,19850,0,0,519,1365,0,2627,1288,640,1149,103,410,0,0,0,1246,20036,208,208,0,105,0,1254,212
 38475,0,20457,1169,848,1904,2379,529,20091,19855,0,0,519,1365,0,2627,1288,640,1149,103,410,0,0,0,1246,20036,208,208,0,105,0,1254,212
 38480,0,20457,1169,848,1904,2379,529,20091,19858,0,0,519,1365,0,2627,1288,640,1149,103,410,0,0,0,1246,20036,208,208,0,105,0,1254,212
 38485,0,20457,1169,848,1904,2379,529,20091,19858,0,0,519,1365,0,2627,1288,640,1149,103,410,0,0,0,1246,20036,208,208,0,105,0,1254,212
 38490,0,20457,1169,848,1904,2379,529,20091,19858,0,0,519,1365,0,2627,1288,640,1149,103,410,0,0,0,1246,20036,208,208,0,105,0,1254,212
 38495,0,20457,1169,848,1904,2379,529,20091,19858,0,0,519,1365,0,2627,1288,640,1149,103,410,0,0,0,1246,20036,208,208,0,105,0,1254,212
 38500,0,20457,1169,848,1904,2379,529,20091,19858,0,0,519,1365,0,2627,1288,640,1149,103,410,0,0,0,1246,20036,208,208,0,105,0,1254,212
 38505,0,20457,1169,848,1904,2379,529,20091,19858,0,0,519,1365,0,2627,1288,640,1149,103,410,0,0,0,1246,20036,208,208,0,105,0,1254,212
 38510,0,20457,1169,848,1904,2379,529,20091,19858,0,0,519,1365,0,2627,1288,640,1149,103,410,0,0,0,1246,20036,208,208,0,105,0,1254,212
 38515,0,20457,1169,848,1904,2379,529,20091,19858,0,0,519,1365,0,2627,1288,640,1149,103,410,0,0,0,1246,20036,208,208,0,105,0,1254,212
 38520,0,20457,1169,848,1904,2379,529,20091,19858,0,0,519,1365,0,2627,1288,640,1149,103,410,0,0,0,1246,20036,208,208,0,105,0,1254,212
 38525,0,20457,1169,848,1904,2379,529,20091,19858,0,0,519,1365,0,2627,1288,640,1149,103,410,0,0,0,1246,20036,208,208,0,105,0,1254,212
 38530,0,20457,1169,848,1904,2379,529,20091,19858,0,0,519,1365,0,2627,1288,640,1149,103,410,0,0,0,1246,20036,208,208,0,105,0,1254,212
 38535,0,20457,1169,848,1904,2379,529,20091,19858,0,0,519,1365,0,2627,1288,640,1149,103,410,0,0,0,1246,20036,208,208,0,105,0,1254,212
 38540,0,20457,1169,848,1904,2379,529,20091,19858,0,0,519,1365,0,2627,1288,640,1149,103,410,0,0,0,1246,20036,208,208,0,105,0,1254,212
 38545,0,20457,1169,848,1904,2379,529,20091,19858,0,0,519,1365,0,2627,1288,640,1149,103,410,0,0,0,1246,20036,208,208,0,105,0,1254,212
 38550,0,20457,1169,848,1904,2379,529,20091,19858,0,0,519,1365,0,2627,1288,640,1149,103,410,0,0,0,1246,20036,208,208,0,105,0,1254,212
 38555,0,20457,1169,848,1904,2379,529,20091,19858,0,0,519,1365,0,2627,1288,640,1149,103,410,0,0,0,1246,20036,208,208,0,105,0,1254,212
 38560,0,20457,1169,848,1904,2379,529,20091,19858,0,0,519,1365,0,2627,1288,640,1149,103,410,0,0,0,1246,20039,208,208,0,105,0,1254,212
 38565,0,20457,1169,848,1904,2379,529,20091,19858,0,0,519,1365,0,2627,1288,640,1149,103,410,0,0,0,1246,20044,208,208,0,105,0,1254,212
 38570,0,20457,1169,848,1904,2379,529,20091,19858,0,0,519,1365,0,2627,1288,640,1149,103,410,0,0,0,1246,20049,208,208,0,105,0,1254,212
 38575,0,20457,1169,848,1904,2379,529,20092,19858,0,0,519,1365,0,2627,1288,640,1149,103,410,0,0,0,1246,20054,208,208,0,105,0,1254,212
 38580,0,20457,1169,848,1904,2379,529,20097,19858,0,0,519,1365,0,2627,1288,640,1149,103,410,0,0,0,1246,20059,208,208,0,105,0,1254,212
 38585,0,20457,1169,848,1904,2379,529,20102,19861,0,0,519,1365,0,2627,1288,640,1149,103,410,0,0,0,1246,20064,208,208,0,105,0,1254,212
 38590,0,20457,1169,848,1904,2379,529,20107,19866,0,0,519,1365,0,2627,1288,640,1149,103,410,0,0,0,1246,20069,208,208,0,105,0,1254,212
 38595,0,20457,1169,848,1904,2379,529,20112,19871,0,0,519,1365,0,2627,1288,640,1149,103,410,0,0,0,1246,20074,208,208,0,105,0,1254,212
 38600,0,20457,1169,848,1904,2379,529,20117,19876,0,0,519,1365,0,2627,1288,640,1149,103,410,0,0,0,1246,20079,208,208,0,105,0,1254,212
 38605,0,20457,1169,848,1904,2379,529,20122,19881,0,0,519,1365,0,2627,1288,640,1149,103,410,0,0,0,1246,20084,208,208,0,105,0,1254,212
 38610,0,20457,1169,848,1904,2379,529,20127,19886,0,0,519,1365,0,2627,1288,640,1149,103,410,0,0,0,1246,20089,208,208,0,105,0,1254,212
 38615,0,20457,1169,848,1904,2379,529,20132,19891,0,0,519,1365,0,2627,1288,640,1149,103,410,0,0,0,1246,20094,208,208,0,105,0,1254,212
 38620,0,20457,1169,848,1904,2379,529,20137,19896,0,0,519,1365,0,2627,1288,640,1149,103,410,0,0,0,1246,20099,208,208,0,105,0,1254,212
 38625,0,20457,1169,848,1904,2379,529,20142,19901,0,0,519,1365,0,2627,1288,640,1149,103,410,0,0,0,1246,20104,208,208,0,105,0,1254,212
 38630,0,20457,1169,848,1904,2379,529,20147,19906,0,0,519,1365,0,2627,1288,640,1149,103,410,0,0,0,1246,20109,208,208,0,105,0,1254,212
 38635,0,20458,1169,848,1904,2379,529,20152,19911,0,0,519,1365,0,2627,1288,640,1149,103,410,0,0,0,1246,20114,208,208,0,105,0,1254,212
 38640,0,20463,1169,848,1904,2379,529,20157,19916,0,0,519,1365,0,2627,1288,640,1149,103,410,0,0,0,1246,20119,208,208,0,105,0,1254,212
 38645,0,20468,1169,848,1904,2379,529,20162,19921,0,0,519,1365,0,2627,1288,640,1149,103,410,0,0,0,1246,20124,208,208,0,105,0,1254,212
 38650,0,20473,1169,848,1904,2379,529,20167,19926,0,0,519,1365,0,2627,1288,640,1149,103,410,0,0,0,1246,20129,208,208,0,105,0,1254,212
 38655,0,20478,1169,848,1904,2379,529,20172,19931,0,0,519,1365,0,2627,1288,640,1149,103,410,0,0,0,1246,20134,208,208,0,105,0,1254,212
 38660,0,20483,1169,848,1904,2379,529,20177,19936,0,0,519,1365,0,2627,1288,640,1149,103,410,0,0,0,1246,20139,208,208,0,105,0,1254,212
 38665,0,20488,1169,848,1904,2379,529,20182,19941,0,0,519,1365,0,2627,1288,640,1149,103,410,0,0,0,1246,20139,208,208,0,105,0,1254,212
 38670,0,20493,1169,848,1904,2379,529,20187,19946,0,0,519,1365,0,2627,1288,640,1149,103,410,0,0,0,1246,20139,208,208,0,105,0,1254,212
 38675,0,20498,1169,848,1904,2379,529,20192,19951,0,0,519,1365,0,2627,1288,640,1149,103,410,0,0,0,1246,20139,208,208,0,105,0,1254,212
 38680,0,20503,1169,848,1904,2379,529,20194,19956,0,0,519,1365,0,2627,1288,640,1149,103,410,0,0,0,1246,20139,208,208,0,105,0,1254,212
 38685,0,20508,1169,848,1904,2379,529,20194,19961,0,0,519,1365,0,2627,1288,640,1149,103,410,0,0,0,1246,20139,208,208,0,105,0,1254,212
 38690,0,20513,1169,848,1904,2379,529,20194,19965,0,0,519,1365,0,2627,1288,640,1149,103,410,0,0,0,1246,20139,208,208,0,105,0,1254,212
 38695,0,20518,1169,848,1904,2379,529,20194,19965,0,0,519,1365,0,2627,1288,640,1149,103,410,0,0,0,1246,20139,208,208,0,105,0,1254,212
 38700,0,20523,1169,848,1904,2379,529,20194,19965,0,0,519,1365,0,2627,1288,640,1149,103,410,0,0,0,1246,20139,208,208,0,105,0,1254,212
 38705,0,20528,1169,848,1904,2379,529,20194,19965,0,0,519,1365,0,2627,1288,640,1149,103,410,0,0,0,1246,20139,208,208,0,105,0,1254,212
 38710,0,20533,1169,848,1904,2379,529,20194,19965,0,0,519,1365,0,2627,1288,640,1149,103,410,0,0,0,1246,20139,208,208,0,105,0,1254,212
 38715,0,20538,1169,848,1904,2379,529,20194,19965,0,0,519,1365,0,2627,1288,640,1149,103,410,0,0,0,1246,20139,208,208,0,105,0,1254,212
 38720,0,20543,1169,848,1904,2379,529,20194,19965,0,0,519,1365,0,2627,1288,640,1149,103,410,0,0,0,1246,20139,208,208,0,105,0,1254,212
 38725,0,20548,1169,848,1904,2379,529,20194,19965,0,0,519,1365,0,2627,1288,640,1149,103,410,0,0,0,1246,20139,208,208,0,105,0,1254,212
 38730,0,20553,1169,848,1904,2379,529,20194,19965,0,0,519,1365,0,2627,1288,640,1149,103,410,0,0,0,1246,20139,208,208,0,105,0,1254,212
 38735,0,20558,1169,848,1904,2379,529,20194,19965,0,0,519,1365,0,2627,1288,640,1149,103,410,0,0,0,1246,20139,208,208,0,105,0,1254,212
 38740,0,20560,1169,848,1904,2379,529,20194,19965,0,0,519,1365,0,2627,1288,640,1149,103,410,0,0,0,1246,20139,208,208,0,105,0,1254,212
 38745,0,20560,1169,848,1904,2379,529,20194,19965,0,0,519,1365,0,2627,1288,640,1149,103,410,0,0,0,1246,20139,208,208,0,105,0,1254,212
 38750,0,20560,1169,848,1904,2379,529,20194,19965,0,0,519,1365,0,2627,1288,640,1149,103,410,0,0,0,1246,20139,208,208,0,105,0,1254,212
 38755,0,20560,1169,848,1904,2379,529,20194,19965,0,0,519,1365,0,2627,1288,640,1149,103,410,0,0,0,1246,20139,208,208,0,105,0,1254,212
 38760,0,20560,1169,848,1904,2379,529,20194,19965,0,0,519,1365,0,2627,1288,640,1149,103,410,0,0,0,1246,20139,208,208,0,105,0,1254,212
 38765,0,20560,1169,848,1904,2379,529,20194,19965,0,0,519,1365,0,2627,1288,640,1149,103,410,0,0,0,1246,20139,208,208,0,105,0,1254,212
 38770,0,20560,1169,848,1904,2379,529,20194,19965,0,0,519,1365,0,2627,1288,640,1149,103,410,0,0,0,1246,20142,208,208,0,105,0,1254,212
 38775,0,20560,1169,848,1904,2379,529,20194,19965,0,0,519,1365,0,2627,1288,640,1149,103,410,0,0,0,1246,20147,208,208,0,105,0,1254,212
 38780,0,20560,1169,848,1904,2379,529,20194,19965,0,0,519,1365,0,2627,1288,640,1149,103,410,0,0,0,1246,20152,208,208,0,105,0,1254,212
 38785,0,20560,1169,848,1904,2379,529,20194,19968,0,0,519,1365,0,2627,1288,640,1149,103,410,0,0,0,1246,20157,208,208,0,105,0,1254,212
 38790,0,20560,1169,848,1904,2379,529,20194,19973,0,0,519,1365,0,2627,1288,640,1149,103,410,0,0,0,1246,20162,208,208,0,105,0,1254,212
 38795,0,20560,1169,848,1904,2379,529,20194,19978,0,0,519,1365,0,2627,1288,640,1149,103,410,0,0,0,1246,20167,208,208,0,105,0,1254,212
 38800,0,20562,1169,848,1904,2379,529,20194,19983,0,0,519,1365,0,2627,1288,640,1149,103,410,0,0,0,1246,20172,208,208,0,105,0,1254,212
 38805,0,20567,1169,848,1904,2379,529,20193,19988,0,0,519,1365,0,2627,1288,640,1149,103,410,0,0,0,1246,20177,208,208,0,105,0,1254,212
 38810,0,20572,1169,848,1904,2379,529,20198,19993,0,0,519,1365,0,2627,1288,640,1149,103,410,0,0,0,1246,20182,208,208,0,105,0,1254,212
 38815,0,20577,1169,848,1904,2379,529,20203,19998,0,0,519,1365,0,2627,1288,640,1149,103,410,0,0,0,1246,20187,208,208,0,105,0,1254,212
 38820,0,20582,1169,848,1904,2379,529,20208,20003,0,0,519,1365,0,2627,1288,640,1149,103,410,0,0,0,1246,20192,208,208,0,105,0,1254,212
 38825,0,20587,1169,848,1904,2379,529,20213,20008,0,0,519,1365,0,2627,1288,640,1149,103,410,0,0,0,1246,20197,208,208,0,105,0,1254,212
 38830,0,20592,1169,848,1904,2379,529,20218,20013,0,0,519,1365,0,2627,1288,640,1149,103,410,0,0,0,1246,20202,208,208,0,105,0,1254,212
 38835,0,20597,1169,848,1904,2379,529,20223,20018,0,0,519,1365,0,2627,1288,640,1149,103,410,0,0,0,1246,20207,208,208,0,105,0,1254,212
 38840,0,20602,1169,848,1904,2379,529,20228,20023,0,0,519,1365,0,2627,1288,640,1149,103,410,0,0,0,1246,20212,208,208,0,105,0,1254,212
 38845,0,20607,1169,848,1904,2379,529,20233,20028,0,0,519,1365,0,2627,1288,640,1149,103,410,0,0,0,1246,20217,208,208,0,105,0,1254,212
 38850,0,20612,1169,848,1904,2379,529,20238,20033,0,0,519,1365,0,2627,1288,640,1149,103,410,0,0,0,1246,20222,208,208,0,105,0,1254,212
 38855,0,20617,1169,848,1904,2379,529,20243,20038,0,0,519,1365,0,2627,1288,640,1149,103,410,0,0,0,1246,20227,208,208,0,105,0,1254,212
 38860,0,20622,1169,848,1904,2379,529,20248,20043,0,0,519,1365,0,2627,1288,640,1149,103,410,0,0,0,1246,20232,208,208,0,105,0,1254,212
 38865,0,20627,1169,848,1904,2379,529,20253,20048,0,0,519,1365,0,2627,1288,640,1149,103,410,0,0,0,1246,20237,208,208,0,105,0,1254,212
 38870,0,20632,1169,848,1904,2379,529,20258,20053,0,0,519,1365,0,2627,1288,640,1149,103,410,0,0,0,1246,20242,208,208,0,105,0,1254,212
 38875,0,20637,1169,848,1904,2379,529,20263,20058,0,0,519,1365,0,2627,1288,640,1149,103,410,0,0,0,1246,20242,208,208,0,105,0,1254,212
 38880,0,20642,1169,848,1904,2379,529,20268,20063,0,0,519,1365,0,2627,1288,640,1149,103,410,0,0,0,1246,20242,208,208,0,105,0,1254,212
 38885,0,20647,1169,848,1904,2379,529,20273,20068,0,0,519,1365,0,2627,1288,640,1149,103,410,0,0,0,1246,20242,208,208,0,105,0,1254,212
 38890,0,20652,1169,848,1904,2379,529,20278,20068,0,0,519,1365,0,2627,1288,640,1149,103,410,0,0,0,1246,20242,208,208,0,105,0,1254,212
 38895,0,20657,1169,848,1904,2379,529,20283,20068,0,0,519,1365,0,2627,1288,640,1149,103,410,0,0,0,1246,20242,208,208,0,105,0,1254,212
 38900,0,20663,1169,848,1904,2379,529,20288,20068,0,0,519,1365,0,2627,1288,640,1149,103,410,0,0,0,1246,20242,208,208,0,105,0,1254,212
 38905,0,20663,1169,848,1904,2379,529,20293,20068,0,0,519,1365,0,2627,1288,640,1149,103,410,0,0,0,1246,20242,208,208,0,105,0,1254,212
 38910,0,20663,1169,848,1904,2379,529,20299,20068,0,0,519,1365,0,2627,1288,640,1149,103,410,0,0,0,1246,20242,208,208,0,105,0,1254,212
 38915,0,20663,1169,848,1904,2379,529,20299,20068,0,0,519,1365,0,2627,1288,640,1149,103,410,0,0,0,1246,20242,208,208,0,105,0,1254,212
 38920,0,20663,1169,848,1904,2379,529,20299,20068,0,0,519,1365,0,2627,1288,640,1149,103,410,0,0,0,1246,20242,208,208,0,105,0,1254,212
 38925,0,20663,1169,848,1904,2379,529,20299,20068,0,0,519,1365,0,2627,1288,640,1149,103,410,0,0,0,1246,20242,208,208,0,105,0,1254,212
 38930,0,20663,1169,848,1904,2379,529,20299,20068,0,0,519,1365,0,2627,1288,640,1149,103,410,0,0,0,1246,20242,208,208,0,105,0,1254,212
 38935,0,20663,1169,848,1904,2379,529,20299,20068,0,0,519,1365,0,2627,1288,640,1149,103,410,0,0,0,1246,20242,208,208,0,105,0,1254,212
 38940,0,20663,1169,848,1904,2379,529,20299,20068,0,0,519,1365,0,2627,1288,640,1149,103,410,0,0,0,1246,20242,208,208,0,105,0,1254,212
 38945,0,20663,1169,848,1904,2379,529,20299,20068,0,0,519,1365,0,2627,1288,640,1149,103,410,0,0,0,1246,20242,208,208,0,105,0,1254,212
 38950,0,20663,1169,848,1904,2379,529,20299,20068,0,0,519,1365,0,2627,1288,640,1149,103,410,0,0,0,1246,20242,208,208,0,105,0,1254,212
 38955,0,20663,1169,848,1904,2379,529,20299,20068,0,0,519,1365,0,2627,1288,640,1149,103,410,0,0,0,1246,20242,208,208,0,105,0,1254,212
 38960,0,20664,1169,848,1904,2379,529,20299,20068,0,0,519,1365,0,2627,1288,640,1149,103,410,0,0,0,1246,20242,208,208,0,105,0,1254,212
 38965,0,20669,1169,848,1904,2379,529,20299,20068,0,0,519,1365,0,2627,1288,640,1149,103,410,0,0,0,1246,20247,208,208,0,105,0,1254,212
 38970,0,20674,1169,848,1904,2379,529,20299,20070,0,0,519,1365,0,2627,1288,640,1149,103,410,0,0,0,1246,20252,208,208,0,105,0,1254,212
 38975,0,20679,1169,848,1904,2379,529,20299,20075,0,0,519,1365,0,2627,1288,640,1149,103,410,0,0,0,1246,20257,208,208,0,105,0,1254,212
 38980,0,20684,1169,848,1904,2379,529,20299,20080,0,0,519,1365,0,2627,1288,640,1149,103,410,0,0,0,1246,20262,208,208,0,105,0,1254,212
 38985,0,20689,1169,848,1904,2379,529,20299,20085,0,0,519,1365,0,2627,1288,640,1149,103,410,0,0,0,1246,20267,208,208,0,105,0,1254,212
 38990,0,20694,1169,848,1904,2379,529,20299,20090,0,0,519,1365,0,2627,1288,640,1149,103,410,0,0,0,1246,20272,208,208,0,105,0,1254,212
 38995,0,20699,1169,848,1904,2379,529,20299,20095,0,0,519,1365,0,2627,1288,640,1149,103,410,0,0,0,1246,20277,208,208,0,105,0,1254,212
 39000,0,20704,1169,848,1904,2379,529,20299,20100,0,0,519,1365,0,2627,1288,640,1149,103,410,0,0,0,1246,20282,208,208,0,105,0,1254,212
 39005,0,20709,1169,848,1904,2379,529,20299,20105,0,0,519,1365,0,2627,1288,640,1149,103,410,0,0,0,1246,20287,208,208,0,105,0,1254,212
 39010,0,20714,1169,848,1904,2379,529,20304,20110,0,0,519,1365,0,2627,1288,640,1149,103,410,0,0,0,1246,20292,208,208,0,105,0,1254,212
 39015,0,20719,1169,848,1904,2379,529,20309,20115,0,0,519,1365,0,2627,1288,640,1149,103,410,0,0,0,1246,20297,208,208,0,105,0,1254,212
 39020,0,20724,1169,848,1904,2379,529,20314,20120,0,0,519,1365,0,2627,1288,640,1149,103,410,0,0,0,1246,20302,208,208,0,105,0,1254,212
 39025,0,20729,1169,848,1904,2379,529,20319,20125,0,0,519,1365,0,2627,1288,640,1149,103,410,0,0,0,1246,20307,208,208,0,105,0,1254,212
 39030,0,20734,1169,848,1904,2379,529,20324,20130,0,0,519,1365,0,2627,1288,640,1149,103,410,0,0,0,1246,20312,208,208,0,105,0,1254,212
 39035,0,20739,1169,848,1904,2379,529,20329,20135,0,0,519,1365,0,2627,1288,640,1149,103,410,0,0,0,1246,20317,208,208,0,105,0,1254,212
 39040,0,20744,1169,848,1904,2379,529,20334,20140,0,0,519,1365,0,2627,1288,640,1149,103,410,0,0,0,1246,20322,208,208,0,105,0,1254,212
 39045,0,20749,1169,848,1904,2379,529,20339,20145,0,0,519,1365,0,2627,1288,640,1149,103,410,0,0,0,1246,20327,208,208,0,105,0,1254,212
 39050,0,20754,1169,848,1904,2379,529,20344,20150,0,0,519,1365,0,2627,1288,640,1149,103,410,0,0,0,1246,20332,208,208,0,105,0,1254,212
 39055,0,20759,1169,848,1904,2379,529,20349,20155,0,0,519,1365,0,2627,1288,640,1149,103,410,0,0,0,1246,20337,208,208,0,105,0,1254,212
 39060,0,20764,1169,848,1904,2379,529,20354,20160,0,0,519,1365,0,2627,1288,640,1149,103,410,0,0,0,1246,20343,208,208,0,105,0,1254,212
 39065,0,20770,1169,848,1904,2379,529,20359,20165,0,0,519,1365,0,2627,1288,640,1149,103,410,0,0,0,1246,20343,208,208,0,105,0,1254,212
 39070,0,20770,1169,848,1904,2379,529,20364,20171,0,0,519,1365,0,2627,1288,640,1149,103,410,0,0,0,1246,20343,208,208,0,105,0,1254,212
 39075,0,20770,1169,848,1904,2379,529,20369,20171,0,0,519,1365,0,2627,1288,640,1149,103,410,0,0,0,1246,20343,208,208,0,105,0,1254,212
 39080,0,20770,1169,848,1904,2379,529,20374,20171,0,0,519,1365,0,2627,1288,640,1149,103,410,0,0,0,1246,20343,208,208,0,105,0,1254,212
 39085,0,20770,1169,848,1904,2379,529,20379,20171,0,0,519,1365,0,2627,1288,640,1149,103,410,0,0,0,1246,20343,208,208,0,105,0,1254,212
 39090,0,20770,1169,848,1904,2379,529,20384,20171,0,0,519,1365,0,2627,1288,640,1149,103,410,0,0,0,1246,20343,208,208,0,105,0,1254,212
 39095,0,20770,1169,848,1904,2379,529,20389,20171,0,0,519,1365,0,2627,1288,640,1149,103,410,0,0,0,1246,20343,208,208,0,105,0,1254,212
 39100,0,20770,1169,848,1904,2379,529,20394,20171,0,0,519,1365,0,2627,1288,640,1149,103,410,0,0,0,1246,20343,208,208,0,105,0,1254,212
 39105,0,20770,1169,848,1904,2379,529,20399,20171,0,0,519,1365,0,2627,1288,640,1149,103,410,0,0,0,1246,20343,208,208,0,105,0,1254,212
 39110,0,20770,1169,848,1904,2379,529,20402,20171,0,0,519,1365,0,2627,1288,640,1149,103,410,0,0,0,1246,20343,208,208,0,105,0,1254,212
 39115,0,20770,1169,848,1904,2379,529,20402,20171,0,0,519,1365,0,2627,1288,640,1149,103,410,0,0,0,1246,20343,208,208,0,105,0,1254,212
 39120,0,20770,1169,848,1904,2379,529,20402,20171,0,0,519,1365,0,2627,1288,640,1149,103,410,0,0,0,1246,20343,208,208,0,105,0,1254,212
 39125,0,20770,1169,848,1904,2379,529,20402,20171,0,0,519,1365,0,2627,1288,640,1149,103,410,0,0,0,1246,20343,208,208,0,105,0,1254,212
 39130,0,20770,1169,848,1904,2379,529,20402,20171,0,0,519,1365,0,2627,1288,640,1149,103,410,0,0,0,1246,20343,208,208,0,105,0,1254,212
 39135,0,20770,1169,848,1904,2379,529,20402,20171,0,0,519,1365,0,2627,1288,640,1149,103,410,0,0,0,1246,20343,208,208,0,105,0,1254,212
 39140,0,20770,1169,848,1904,2379,529,20402,20171,0,0,519,1365,0,2627,1288,640,1149,103,410,0,0,0,1246,20343,208,208,0,105,0,1254,212
 39145,0,20770,1169,848,1904,2379,529,20402,20171,0,0,519,1365,0,2627,1288,640,1149,103,410,0,0,0,1246,20343,208,208,0,105,0,1254,212
 39150,0,20770,1169,848,1904,2379,529,20402,20171,0,0,519,1365,0,2627,1288,640,1149,103,410,0,0,0,1246,20343,208,208,0,105,0,1254,212
 39155,0,20770,1169,848,1904,2379,529,20402,20171,0,0,519,1365,0,2627,1288,640,1149,103,410,0,0,0,1246,20343,208,208,0,105,0,1254,212
 39160,0,20770,1169,848,1904,2379,529,20402,20171,0,0,519,1365,0,2627,1288,640,1149,103,410,0,0,0,1246,20343,208,208,0,105,0,1254,212
 39165,0,20770,1169,848,1904,2379,529,20402,20173,0,0,519,1365,0,2627,1288,640,1149,103,410,0,0,0,1246,20343,208,208,0,105,0,1254,212
 39170,0,20770,1169,848,1904,2379,529,20402,20178,0,0,519,1365,0,2627,1288,640,1149,103,410,0,0,0,1246,20343,208,208,0,105,0,1254,212
 39175,0,20770,1169,848,1904,2379,529,20402,20183,0,0,519,1365,0,2627,1288,640,1149,103,410,0,0,0,1246,20346,208,208,0,105,0,1254,212
 39180,0,20770,1169,848,1904,2379,529,20402,20188,0,0,519,1365,0,2627,1288,640,1149,103,410,0,0,0,1246,20351,208,208,0,105,0,1254,212
 39185,0,20772,1169,848,1904,2379,529,20402,20193,0,0,519,1365,0,2627,1288,640,1149,103,410,0,0,0,1246,20356,208,208,0,105,0,1254,212
 39190,0,20777,1169,848,1904,2379,529,20402,20198,0,0,519,1365,0,2627,1288,640,1149,103,410,0,0,0,1246,20361,208,208,0,105,0,1254,212
 39195,0,20782,1169,848,1904,2379,529,20402,20203,0,0,519,1365,0,2627,1288,640,1149,103,410,0,0,0,1246,20366,208,208,0,105,0,1254,212
 39200,0,20787,1169,848,1904,2379,529,20402,20208,0,0,519,1365,0,2627,1288,640,1149,103,410,0,0,0,1246,20371,208,208,0,105,0,1254,212
 39205,0,20792,1169,848,1904,2379,529,20402,20213,0,0,519,1365,0,2627,1288,640,1149,103,410,0,0,0,1246,20376,208,208,0,105,0,1254,212
 39210,0,20797,1169,848,1904,2379,529,20402,20218,0,0,519,1365,0,2627,1288,640,1149,103,410,0,0,0,1246,20381,208,208,0,105,0,1254,212
 39215,0,20802,1169,848,1904,2379,529,20402,20223,0,0,519,1365,0,2627,1288,640,1149,103,410,0,0,0,1246,20386,208,208,0,105,0,1254,212
 39220,0,20807,1169,848,1904,2379,529,20402,20228,0,0,519,1365,0,2627,1288,640,1149,103,410,0,0,0,1246,20391,208,208,0,105,0,1254,212
 39225,0,20812,1169,848,1904,2379,529,20402,20233,0,0,519,1365,0,2627,1288,640,1149,103,410,0,0,0,1246,20396,208,208,0,105,0,1254,212
 39230,0,20817,1169,848,1904,2379,529,20402,20238,0,0,519,1365,0,2627,1288,640,1149,103,410,0,0,0,1246,20401,208,208,0,105,0,1254,212
 39235,0,20822,1169,848,1904,2379,529,20402,20243,0,0,519,1365,0,2627,1288,640,1149,103,410,0,0,0,1246,20406,208,208,0,105,0,1254,212
 39240,0,20827,1169,848,1904,2379,529,20402,20248,0,0,519,1365,0,2627,1288,640,1149,103,410,0,0,0,1246,20411,208,208,0,105,0,1254,212
 39245,0,20832,1169,848,1904,2379,529,20402,20253,0,0,519,1365,0,2627,1288,640,1149,103,410,0,0,0,1246,20416,208,208,0,105,0,1254,212
 39250,0,20837,1169,848,1904,2379,529,20403,20258,0,0,519,1365,0,2627,1288,640,1149,103,410,0,0,0,1246,20421,208,208,0,105,0,1254,212
 39255,0,20842,1169,848,1904,2379,529,20408,20263,0,0,519,1365,0,2627,1288,640,1149,103,410,0,0,0,1246,20426,208,208,0,105,0,1254,212
 39260,0,20847,1169,848,1904,2379,529,20413,20268,0,0,519,1365,0,2627,1288,640,1149,103,410,0,0,0,1246,20431,208,208,0,105,0,1254,212
 39265,0,20852,1169,848,1904,2379,529,20418,20272,0,0,519,1365,0,2627,1288,640,1149,103,410,0,0,0,1246,20436,208,208,0,105,0,1254,212
 39270,0,20857,1169,848,1904,2379,529,20423,20272,0,0,519,1365,0,2627,1288,640,1149,103,410,0,0,0,1246,20441,208,208,0,105,0,1254,212
 39275,0,20862,1169,848,1904,2379,529,20428,20272,0,0,519,1365,0,2627,1288,640,1149,103,410,0,0,0,1246,20446,208,208,0,105,0,1254,212
 39280,0,20867,1169,848,1904,2379,529,20433,20272,0,0,519,1365,0,2627,1288,640,1149,103,410,0,0,0,1246,20448,208,208,0,105,0,1254,212
 39285,0,20872,1169,848,1904,2379,529,20438,20272,0,0,519,1365,0,2627,1288,640,1149,103,410,0,0,0,1246,20448,208,208,0,105,0,1254,212
 39290,0,20875,1169,848,1904,2379,529,20443,20272,0,0,519,1365,0,2627,1288,640,1149,103,410,0,0,0,1246,20448,208,208,0,105,0,1254,212
 39295,0,20875,1169,848,1904,2379,529,20448,20272,0,0,519,1365,0,2627,1288,640,1149,103,410,0,0,0,1246,20448,208,208,0,105,0,1254,212
 39300,0,20875,1169,848,1904,2379,529,20453,20272,0,0,519,1365,0,2627,1288,640,1149,103,410,0,0,0,1246,20448,208,208,0,105,0,1254,212
 39305,0,20875,1169,848,1904,2379,529,20458,20272,0,0,519,1365,0,2627,1288,640,1149,103,410,0,0,0,1246,20448,208,208,0,105,0,1254,212
 39310,0,20875,1169,848,1904,2379,529,20463,20272,0,0,519,1365,0,2627,1288,640,1149,103,410,0,0,0,1246,20448,208,208,0,105,0,1254,212
 39315,0,20875,1169,848,1904,2379,529,20468,20272,0,0,519,1365,0,2627,1288,640,1149,103,410,0,0,0,1246,20448,208,208,0,105,0,1254,212
 39320,0,20875,1169,848,1904,2379,529,20473,20272,0,0,519,1365,0,2627,1288,640,1149,103,410,0,0,0,1246,20448,208,208,0,105,0,1254,212
 39325,0,20875,1169,848,1904,2379,529,20478,20272,0,0,519,1365,0,2627,1288,640,1149,103,410,0,0,0,1246,20448,208,208,0,105,0,1254,212
 39330,0,20875,1169,848,1904,2379,529,20483,20272,0,0,519,1365,0,2627,1288,640,1149,103,410,0,0,0,1246,20448,208,208,0,105,0,1254,212
 39335,0,20875,1169,848,1904,2379,529,20488,20272,0,0,519,1365,0,2627,1288,640,1149,103,410,0,0,0,1246,20448,208,208,0,105,0,1254,212
 39340,0,20875,1169,848,1904,2379,529,20493,20272,0,0,519,1365,0,2627,1288,640,1149,103,410,0,0,0,1246,20448,208,208,0,105,0,1254,212
 39345,0,20875,1169,848,1904,2379,529,20498,20272,0,0,519,1365,0,2627,1288,640,1149,103,410,0,0,0,1246,20448,208,208,0,105,0,1254,212
 39350,0,20875,1169,848,1904,2379,529,20503,20272,0,0,519,1365,0,2627,1288,640,1149,103,410,0,0,0,1246,20448,208,208,0,105,0,1254,212
 39355,0,20875,1169,848,1904,2379,529,20507,20272,0,0,519,1365,0,2627,1288,640,1149,103,410,0,0,0,1246,20448,208,208,0,105,0,1254,212
 39360,0,20875,1169,848,1904,2379,529,20507,20272,0,0,519,1365,0,2627,1288,640,1149,103,410,0,0,0,1246,20448,208,208,0,105,0,1254,212
 39365,0,20875,1169,848,1904,2379,529,20507,20272,0,0,519,1365,0,2627,1288,640,1149,103,410,0,0,0,1246,20447,208,208,0,105,0,1254,212
 39370,0,20876,1169,848,1904,2379,529,20507,20272,0,0,519,1365,0,2627,1288,640,1149,103,410,0,0,0,1246,20452,208,208,0,105,0,1254,212
 39375,0,20881,1169,848,1904,2379,529,20507,20272,0,0,519,1365,0,2627,1288,640,1149,103,410,0,0,0,1246,20457,208,208,0,105,0,1254,212
 39380,0,20886,1169,848,1904,2379,529,20507,20272,0,0,519,1365,0,2627,1288,640,1149,103,410,0,0,0,1246,20462,208,208,0,105,0,1254,212
 39385,0,20891,1169,848,1904,2379,529,20507,20272,0,0,519,1365,0,2627,1288,640,1149,103,410,0,0,0,1246,20467,208,208,0,105,0,1254,212
 39390,0,20896,1169,848,1904,2379,529,20507,20272,0,0,519,1365,0,2627,1288,640,1149,103,410,0,0,0,1246,20472,208,208,0,105,0,1254,212
 39395,0,20901,1169,848,1904,2379,529,20507,20274,0,0,519,1365,0,2627,1288,640,1149,103,410,0,0,0,1246,20477,208,208,0,105,0,1254,212
 39400,0,20906,1169,848,1904,2379,529,20510,20279,0,0,519,1365,0,2627,1288,640,1149,103,410,0,0,0,1246,20482,208,208,0,105,0,1254,212
 39405,0,20911,1169,848,1904,2379,529,20515,20284,0,0,519,1365,0,2627,1288,640,1149,103,410,0,0,0,1246,20487,208,208,0,105,0,1254,212
 39410,0,20916,1169,848,1904,2379,529,20520,20289,0,0,519,1365,0,2627,1288,640,1149,103,410,0,0,0,1246,20492,208,208,0,105,0,1254,212
 39415,0,20921,1169,848,1904,2379,529,20525,20294,0,0,519,1365,0,2627,1288,640,1149,103,410,0,0,0,1246,20497,208,208,0,105,0,1254,212
 39420,0,20926,1169,848,1904,2379,529,20530,20299,0,0,519,1365,0,2627,1288,640,1149,103,410,0,0,0,1246,20502,208,208,0,105,0,1254,212
 39425,0,20931,1169,848,1904,2379,529,20535,20304,0,0,519,1365,0,2627,1288,640,1149,103,410,0,0,0,1246,20507,208,208,0,105,0,1254,212
 39430,0,20936,1169,848,1904,2379,529,20540,20309,0,0,519,1365,0,2627,1288,640,1149,103,410,0,0,0,1246,20512,208,208,0,105,0,1254,212
 39435,0,20941,1169,848,1904,2379,529,20545,20314,0,0,519,1365,0,2627,1288,640,1149,103,410,0,0,0,1246,20517,208,208,0,105,0,1254,212
 39440,0,20946,1169,848,1904,2379,529,20550,20319,0,0,519,1365,0,2627,1288,640,1149,103,410,0,0,0,1246,20522,208,208,0,105,0,1254,212
 39445,0,20951,1169,848,1904,2379,529,20555,20324,0,0,519,1365,0,2627,1288,640,1149,103,410,0,0,0,1246,20527,208,208,0,105,0,1254,212
 39450,0,20956,1169,848,1904,2379,529,20560,20329,0,0,519,1365,0,2627,1288,640,1149,103,410,0,0,0,1246,20532,208,208,0,105,0,1254,212
 39455,0,20961,1169,848,1904,2379,529,20565,20334,0,0,519,1365,0,2627,1288,640,1149,103,410,0,0,0,1246,20537,208,208,0,105,0,1254,212
 39460,0,20966,1169,848,1904,2379,529,20570,20339,0,0,519,1365,0,2627,1288,640,1149,103,410,0,0,0,1246,20542,208,208,0,105,0,1254,212
 39465,0,20971,1169,848,1904,2379,529,20575,20344,0,0,519,1365,0,2627,1288,640,1149,103,410,0,0,0,1246,20547,208,208,0,105,0,1254,212
 39470,0,20976,1169,848,1904,2379,529,20580,20349,0,0,519,1365,0,2627,1288,640,1149,103,410,0,0,0,1246,20551,208,208,0,105,0,1254,212
 39475,0,20978,1169,848,1904,2379,529,20585,20354,0,0,519,1365,0,2627,1288,640,1149,103,410,0,0,0,1246,20551,208,208,0,105,0,1254,212
 39480,0,20978,1169,848,1904,2379,529,20590,20359,0,0,519,1365,0,2627,1288,640,1149,103,410,0,0,0,1246,20551,208,208,0,105,0,1254,212
 39485,0,20978,1169,848,1904,2379,529,20595,20364,0,0,519,1365,0,2627,1288,640,1149,103,410,0,0,0,1246,20551,208,208,0,105,0,1254,212
 39490,0,20978,1169,848,1904,2379,529,20600,20369,0,0,519,1365,0,2627,1288,640,1149,103,410,0,0,0,1246,20551,208,208,0,105,0,1254,212
 39495,0,20978,1169,848,1904,2379,529,20605,20375,0,0,519,1365,0,2627,1288,640,1149,103,410,0,0,0,1246,20551,208,208,0,105,0,1254,212
 39500,0,20978,1169,848,1904,2379,529,20610,20375,0,0,519,1365,0,2627,1288,640,1149,103,410,0,0,0,1246,20551,208,208,0,105,0,1254,212
 39505,0,20978,1169,848,1904,2379,529,20612,20375,0,0,519,1365,0,2627,1288,640,1149,103,410,0,0,0,1246,20551,208,208,0,105,0,1254,212
 39510,0,20978,1169,848,1904,2379,529,20612,20375,0,0,519,1365,0,2627,1288,640,1149,103,410,0,0,0,1246,20551,208,208,0,105,0,1254,212
 39515,0,20978,1169,848,1904,2379,529,20612,20375,0,0,519,1365,0,2627,1288,640,1149,103,410,0,0,0,1246,20551,208,208,0,105,0,1254,212
 39520,0,20978,1169,848,1904,2379,529,20612,20375,0,0,519,1365,0,2627,1288,640,1149,103,410,0,0,0,1246,20551,208,208,0,105,0,1254,212
 39525,0,20978,1169,848,1904,2379,529,20612,20375,0,0,519,1365,0,2627,1288,640,1149,103,410,0,0,0,1246,20551,208,208,0,105,0,1254,212
 39530,0,20978,1169,848,1904,2379,529,20612,20375,0,0,519,1365,0,2627,1288,640,1149,103,410,0,0,0,1246,20551,208,208,0,105,0,1254,212
 39535,0,20978,1169,848,1904,2379,529,20612,20375,0,0,519,1365,0,2627,1288,640,1149,103,410,0,0,0,1246,20551,208,208,0,105,0,1254,212
 39540,0,20978,1169,848,1904,2379,529,20612,20375,0,0,519,1365,0,2627,1288,640,1149,103,410,0,0,0,1246,20551,208,208,0,105,0,1254,212
 39545,0,20978,1169,848,1904,2379,529,20612,20375,0,0,519,1365,0,2627,1288,640,1149,103,410,0,0,0,1246,20551,208,208,0,105,0,1254,212
 39550,0,20978,1169,848,1904,2379,529,20612,20375,0,0,519,1365,0,2627,1288,640,1149,103,410,0,0,0,1246,20551,208,208,0,105,0,1254,212
 39555,0,20978,1169,848,1904,2379,529,20612,20375,0,0,519,1365,0,2627,1288,640,1149,103,410,0,0,0,1246,20551,208,208,0,105,0,1254,212
 39560,0,20978,1169,848,1904,2379,529,20612,20375,0,0,519,1365,0,2627,1288,640,1149,103,410,0,0,0,1246,20551,208,208,0,105,0,1254,212
 39565,0,20978,1169,848,1904,2379,529,20612,20375,0,0,519,1365,0,2627,1288,640,1149,103,410,0,0,0,1246,20551,208,208,0,105,0,1254,212
 39570,0,20978,1169,848,1904,2379,529,20612,20375,0,0,519,1365,0,2627,1288,640,1149,103,410,0,0,0,1246,20551,208,208,0,105,0,1254,212
 39575,0,20978,1169,848,1904,2379,529,20612,20375,0,0,519,1365,0,2627,1288,640,1149,103,410,0,0,0,1246,20551,208,208,0,105,0,1254,212
 39580,0,20978,1169,848,1904,2379,529,20612,20375,0,0,519,1365,0,2627,1288,640,1149,103,410,0,0,0,1246,20551,208,208,0,105,0,1254,212
 39585,0,20978,1169,848,1904,2379,529,20612,20375,0,0,519,1365,0,2627,1288,640,1149,103,410,0,0,0,1246,20551,208,208,0,105,0,1254,212
 39590,0,20978,1169,848,1904,2379,529,20612,20375,0,0,519,1365,0,2627,1288,640,1149,103,410,0,0,0,1246,20551,208,208,0,105,0,1254,212
 39595,0,20978,1169,848,1904,2379,529,20612,20375,0,0,519,1365,0,2627,1288,640,1149,103,410,0,0,0,1246,20551,208,208,0,105,0,1254,212
 39600,0,20977,1169,848,1904,2379,529,20612,20375,0,0,519,1365,0,2627,1288,640,1149,103,410,0,0,0,1246,20556,208,208,0,105,0,1254,212
 39605,0,20982,1169,848,1904,2379,529,20615,20380,0,0,519,1365,0,2627,1288,640,1149,103,410,0,0,0,1246,20561,208,208,0,105,0,1254,212
 39610,0,20987,1169,848,1904,2379,529,20620,20385,0,0,519,1365,0,2627,1288,640,1149,103,410,0,0,0,1246,20566,208,208,0,105,0,1254,212
 39615,0,20992,1169,848,1904,2379,529,20625,20390,0,0,519,1365,0,2627,1288,640,1149,103,410,0,0,0,1246,20571,208,208,0,105,0,1254,212
 39620,0,20997,1169,848,1904,2379,529,20630,20395,0,0,519,1365,0,2627,1288,640,1149,103,410,0,0,0,1246,20576,208,208,0,105,0,1254,212
 39625,0,21002,1169,848,1904,2379,529,20635,20400,0,0,519,1365,0,2627,1288,640,1149,103,410,0,0,0,1246,20581,208,208,0,105,0,1254,212
 39630,0,21007,1169,848,1904,2379,529,20640,20405,0,0,519,1365,0,2627,1288,640,1149,103,410,0,0,0,1246,20586,208,208,0,105,0,1254,212
 39635,0,21012,1169,848,1904,2379,529,20645,20410,0,0,519,1365,0,2627,1288,640,1149,103,410,0,0,0,1246,20591,208,208,0,105,0,1254,212
 39640,0,21017,1169,848,1904,2379,529,20650,20415,0,0,519,1365,0,2627,1288,640,1149,103,410,0,0,0,1246,20596,208,208,0,105,0,1254,212
 39645,0,21022,1169,848,1904,2379,529,20655,20420,0,0,519,1365,0,2627,1288,640,1149,103,410,0,0,0,1246,20601,208,208,0,105,0,1254,212
 39650,0,21027,1169,848,1904,2379,529,20660,20425,0,0,519,1365,0,2627,1288,640,1149,103,410,0,0,0,1246,20606,208,208,0,105,0,1254,212
 39655,0,21032,1169,848,1904,2379,529,20665,20430,0,0,519,1365,0,2627,1288,640,1149,103,410,0,0,0,1246,20611,208,208,0,105,0,1254,212
 39660,0,21037,1169,848,1904,2379,529,20670,20435,0,0,519,1365,0,2627,1288,640,1149,103,410,0,0,0,1246,20616,208,208,0,105,0,1254,212
 39665,0,21042,1169,848,1904,2379,529,20675,20440,0,0,519,1365,0,2627,1288,640,1149,103,410,0,0,0,1246,20621,208,208,0,105,0,1254,212
 39670,0,21047,1169,848,1904,2379,529,20680,20445,0,0,519,1365,0,2627,1288,640,1149,103,410,0,0,0,1246,20626,208,208,0,105,0,1254,212
 39675,0,21052,1169,848,1904,2379,529,20685,20450,0,0,519,1365,0,2627,1288,640,1149,103,410,0,0,0,1246,20631,208,208,0,105,0,1254,212
 39680,0,21057,1169,848,1904,2379,529,20690,20455,0,0,519,1365,0,2627,1288,640,1149,103,410,0,0,0,1246,20636,208,208,0,105,0,1254,212
 39685,0,21062,1169,848,1904,2379,529,20695,20460,0,0,519,1365,0,2627,1288,640,1149,103,410,0,0,0,1246,20641,208,208,0,105,0,1254,212
 39690,0,21067,1169,848,1904,2379,529,20700,20465,0,0,519,1365,0,2627,1288,640,1149,103,410,0,0,0,1246,20646,208,208,0,105,0,1254,212
 39695,0,21072,1169,848,1904,2379,529,20705,20470,0,0,519,1365,0,2627,1288,640,1149,103,410,0,0,0,1246,20651,208,208,0,105,0,1254,212
 39700,0,21077,1169,848,1904,2379,529,20710,20475,0,0,519,1365,0,2627,1288,640,1149,103,410,0,0,0,1246,20656,208,208,0,105,0,1254,212
 39705,0,21081,1169,848,1904,2379,529,20715,20478,0,0,519,1365,0,2627,1288,640,1149,103,410,0,0,0,1246,20656,208,208,0,105,0,1254,212
 39710,0,21081,1169,848,1904,2379,529,20719,20478,0,0,519,1365,0,2627,1288,640,1149,103,410,0,0,0,1246,20656,208,208,0,105,0,1254,212
 39715,0,21081,1169,848,1904,2379,529,20719,20478,0,0,519,1365,0,2627,1288,640,1149,103,410,0,0,0,1246,20656,208,208,0,105,0,1254,212
 39720,0,21081,1169,848,1904,2379,529,20719,20478,0,0,519,1365,0,2627,1288,640,1149,103,410,0,0,0,1246,20656,208,208,0,105,0,1254,212
 39725,0,21081,1169,848,1904,2379,529,20719,20478,0,0,519,1365,0,2627,1288,640,1149,103,410,0,0,0,1246,20656,208,208,0,105,0,1254,212
 39730,0,21081,1169,848,1904,2379,529,20719,20478,0,0,519,1365,0,2627,1288,640,1149,103,410,0,0,0,1246,20656,208,208,0,105,0,1254,212
 39735,0,21081,1169,848,1904,2379,529,20719,20478,0,0,519,1365,0,2627,1288,640,1149,103,410,0,0,0,1246,20656,208,208,0,105,0,1254,212
 39740,0,21081,1169,848,1904,2379,529,20719,20478,0,0,519,1365,0,2627,1288,640,1149,103,410,0,0,0,1246,20656,208,208,0,105,0,1254,212
 39745,0,21081,1169,848,1904,2379,529,20719,20478,0,0,519,1365,0,2627,1288,640,1149,103,410,0,0,0,1246,20656,208,208,0,105,0,1254,212
 39750,0,21081,1169,848,1904,2379,529,20719,20478,0,0,519,1365,0,2627,1288,640,1149,103,410,0,0,0,1246,20656,208,208,0,105,0,1254,212
 39755,0,21081,1169,848,1904,2379,529,20719,20478,0,0,519,1365,0,2627,1288,640,1149,103,410,0,0,0,1246,20656,208,208,0,105,0,1254,212
 39760,0,21081,1169,848,1904,2379,529,20719,20478,0,0,519,1365,0,2627,1288,640,1149,103,410,0,0,0,1246,20656,208,208,0,105,0,1254,212
 39765,0,21081,1169,848,1904,2379,529,20719,20478,0,0,519,1365,0,2627,1288,640,1149,103,410,0,0,0,1246,20656,208,208,0,105,0,1254,212
 39770,0,21081,1169,848,1904,2379,529,20719,20478,0,0,519,1365,0,2627,1288,640,1149,103,410,0,0,0,1246,20656,208,208,0,105,0,1254,212
 39775,0,21081,1169,848,1904,2379,529,20719,20478,0,0,519,1365,0,2627,1288,640,1149,103,410,0,0,0,1246,20656,208,208,0,105,0,1254,212
 39780,0,21081,1169,848,1904,2379,529,20719,20478,0,0,519,1365,0,2627,1288,640,1149,103,410,0,0,0,1246,20656,208,208,0,105,0,1254,212
 39785,0,21081,1169,848,1904,2379,529,20719,20478,0,0,519,1365,0,2627,1288,640,1149,103,410,0,0,0,1246,20656,208,208,0,105,0,1254,212
 39790,0,21081,1169,848,1904,2379,529,20719,20478,0,0,519,1365,0,2627,1288,640,1149,103,410,0,0,0,1246,20656,208,208,0,105,0,1254,212
 39795,0,21081,1169,848,1904,2379,529,20719,20478,0,0,519,1365,0,2627,1288,640,1149,103,410,0,0,0,1246,20656,208,208,0,105,0,1254,212
 39800,0,21081,1169,848,1904,2379,529,20719,20478,0,0,519,1365,0,2627,1288,640,1149,103,410,0,0,0,1246,20656,208,208,0,105,0,1254,212
 39805,0,21081,1169,848,1904,2379,529,20719,20478,0,0,519,1365,0,2627,1288,640,1149,103,410,0,0,0,1246,20656,208,208,0,105,0,1254,212
 39810,0,21081,1169,848,1904,2379,529,20719,20478,0,0,519,1365,0,2627,1288,640,1149,103,410,0,0,0,1246,20656,208,208,0,105,0,1254,212
 39815,0,21081,1169,848,1904,2379,529,20719,20478,0,0,519,1365,0,2627,1288,640,1149,103,410,0,0,0,1246,20656,208,208,0,105,0,1254,212
 39820,0,21081,1169,848,1904,2379,529,20719,20478,0,0,519,1365,0,2627,1288,640,1149,103,410,0,0,0,1246,20656,208,208,0,105,0,1254,212
 39825,0,21081,1169,848,1904,2379,529,20719,20478,0,0,519,1365,0,2627,1288,640,1149,103,410,0,0,0,1246,20656,208,208,0,105,0,1254,212
 39830,0,21081,1169,848,1904,2379,529,20719,20481,0,0,519,1365,0,2627,1288,640,1149,103,410,0,0,0,1246,20656,208,208,0,105,0,1254,212
 39835,0,21081,1169,848,1904,2379,529,20719,20486,0,0,519,1365,0,2627,1288,640,1149,103,410,0,0,0,1246,20661,208,208,0,105,0,1254,212
 39840,0,21081,1169,848,1904,2379,529,20722,20491,0,0,519,1365,0,2627,1288,640,1149,103,410,0,0,0,1246,20666,208,208,0,105,0,1254,212
 39845,0,21083,1169,848,1904,2379,529,20727,20496,0,0,519,1365,0,2627,1288,640,1149,103,410,0,0,0,1246,20671,208,208,0,105,0,1254,212
 39850,0,21088,1169,848,1904,2379,529,20732,20501,0,0,519,1365,0,2627,1288,640,1149,103,410,0,0,0,1246,20676,208,208,0,105,0,1254,212
 39855,0,21093,1169,848,1904,2379,529,20737,20506,0,0,519,1365,0,2627,1288,640,1149,103,410,0,0,0,1246,20681,208,208,0,105,0,1254,212
 39860,0,21098,1169,848,1904,2379,529,20742,20511,0,0,519,1365,0,2627,1288,640,1149,103,410,0,0,0,1246,20686,208,208,0,105,0,1254,212
 39865,0,21103,1169,848,1904,2379,529,20747,20516,0,0,519,1365,0,2627,1288,640,1149,103,410,0,0,0,1246,20691,208,208,0,105,0,1254,212
 39870,0,21108,1169,848,1904,2379,529,20752,20521,0,0,519,1365,0,2627,1288,640,1149,103,410,0,0,0,1246,20696,208,208,0,105,0,1254,212
 39875,0,21113,1169,848,1904,2379,529,20757,20526,0,0,519,1365,0,2627,1288,640,1149,103,410,0,0,0,1246,20701,208,208,0,105,0,1254,212
 39880,0,21118,1169,848,1904,2379,529,20762,20531,0,0,519,1365,0,2627,1288,640,1149,103,410,0,0,0,1246,20706,208,208,0,105,0,1254,212
 39885,0,21123,1169,848,1904,2379,529,20767,20536,0,0,519,1365,0,2627,1288,640,1149,103,410,0,0,0,1246,20711,208,208,0,105,0,1254,212
 39890,0,21128,1169,848,1904,2379,529,20772,20541,0,0,519,1365,0,2627,1288,640,1149,103,410,0,0,0,1246,20716,208,208,0,105,0,1254,212
 39895,0,21133,1169,848,1904,2379,529,20777,20546,0,0,519,1365,0,2627,1288,640,1149,103,410,0,0,0,1246,20721,208,208,0,105,0,1254,212
 39900,0,21138,1169,848,1904,2379,529,20782,20551,0,0,519,1365,0,2627,1288,640,1149,103,410,0,0,0,1246,20726,208,208,0,105,0,1254,212
 39905,0,21143,1169,848,1904,2379,529,20787,20556,0,0,519,1365,0,2627,1288,640,1149,103,410,0,0,0,1246,20731,208,208,0,105,0,1254,212
 39910,0,21148,1169,848,1904,2379,529,20792,20561,0,0,519,1365,0,2627,1288,640,1149,103,410,0,0,0,1246,20736,208,208,0,105,0,1254,212
 39915,0,21153,1169,848,1904,2379,529,20797,20566,0,0,519,1365,0,2627,1288,640,1149,103,410,0,0,0,1246,20741,208,208,0,105,0,1254,212
 39920,0,21158,1169,848,1904,2379,529,20802,20571,0,0,519,1365,0,2627,1288,640,1149,103,410,0,0,0,1246,20746,208,208,0,105,0,1254,212
 39925,0,21163,1169,848,1904,2379,529,20807,20576,0,0,519,1365,0,2627,1288,640,1149,103,410,0,0,0,1246,20751,208,208,0,105,0,1254,212
 39930,0,21168,1169,848,1904,2379,529,20812,20581,0,0,519,1365,0,2627,1288,640,1149,103,410,0,0,0,1246,20756,208,208,0,105,0,1254,212
 39935,0,21173,1169,848,1904,2379,529,20817,20581,0,0,519,1365,0,2627,1288,640,1149,103,410,0,0,0,1246,20761,208,208,0,105,0,1254,212
 39940,0,21178,1169,848,1904,2379,529,20822,20581,0,0,519,1365,0,2627,1288,640,1149,103,410,0,0,0,1246,20763,208,208,0,105,0,1254,212
 39945,0,21183,1169,848,1904,2379,529,20826,20581,0,0,519,1365,0,2627,1288,640,1149,103,410,0,0,0,1246,20763,208,208,0,105,0,1254,212
 39950,0,21186,1169,848,1904,2379,529,20826,20581,0,0,519,1365,0,2627,1288,640,1149,103,410,0,0,0,1246,20763,208,208,0,105,0,1254,212
 39955,0,21186,1169,848,1904,2379,529,20826,20581,0,0,519,1365,0,2627,1288,640,1149,103,410,0,0,0,1246,20763,208,208,0,105,0,1254,212
 39960,0,21186,1169,848,1904,2379,529,20826,20581,0,0,519,1365,0,2627,1288,640,1149,103,410,0,0,0,1246,20763,208,208,0,105,0,1254,212
 39965,0,21186,1169,848,1904,2379,529,20826,20581,0,0,519,1365,0,2627,1288,640,1149,103,410,0,0,0,1246,20763,208,208,0,105,0,1254,212
 39970,0,21186,1169,848,1904,2379,529,20826,20581,0,0,519,1365,0,2627,1288,640,1149,103,410,0,0,0,1246,20763,208,208,0,105,0,1254,212
 39975,0,21186,1169,848,1904,2379,529,20826,20581,0,0,519,1365,0,2627,1288,640,1149,103,410,0,0,0,1246,20763,208,208,0,105,0,1254,212
 39980,0,21186,1169,848,1904,2379,529,20826,20581,0,0,519,1365,0,2627,1288,640,1149,103,410,0,0,0,1246,20763,208,208,0,105,0,1254,212
 39985,0,21186,1169,848,1904,2379,529,20826,20581,0,0,519,1365,0,2627,1288,640,1149,103,410,0,0,0,1246,20763,208,208,0,105,0,1254,212
 39990,0,21186,1169,848,1904,2379,529,20826,20581,0,0,519,1365,0,2627,1288,640,1149,103,410,0,0,0,1246,20763,208,208,0,105,0,1254,212
 39995,0,21186,1169,848,1904,2379,529,20826,20581,0,0,519,1365,0,2627,1288,640,1149,103,410,0,0,0,1246,20763,208,208,0,105,0,1254,212
 40000,0,21186,1169,848,1904,2379,529,20826,20581,0,0,519,1365,0,2627,1288,640,1149,103,410,0,0,0,1246,20763,208,208,0,105,0,1254,212
 40005,0,21186,1169,848,1904,2379,529,20826,20581,0,0,519,1365,0,2627,1288,640,1149,103,410,0,0,0,1246,20763,208,208,0,105,0,1254,212
 40010,0,21186,1169,848,1904,2379,529,20826,20581,0,0,519,1365,0,2627,1288,640,1149,103,410,0,0,0,1246,20763,208,208,0,105,0,1254,212
 40015,0,21186,1169,848,1904,2379,529,20826,20581,0,0,519,1365,0,2627,1288,640,1149,103,410,0,0,0,1246,20763,208,208,0,105,0,1254,212
 40020,0,21186,1169,848,1904,2379,529,20826,20581,0,0,519,1365,0,2627,1288,640,1149,103,410,0,0,0,1246,20763,208,208,0,105,0,1254,212
 40025,0,21186,1169,848,1904,2379,529,20826,20581,0,0,519,1365,0,2627,1288,640,1149,103,410,0,0,0,1246,20763,208,208,0,105,0,1254,212
 40030,0,21186,1169,848,1904,2379,529,20826,20581,0,0,519,1365,0,2627,1288,640,1149,103,410,0,0,0,1246,20763,208,208,0,105,0,1254,212
 40035,0,21186,1169,848,1904,2379,529,20826,20581,0,0,519,1365,0,2627,1288,640,1149,103,410,0,0,0,1246,20763,208,208,0,105,0,1254,212
 40040,0,21186,1169,848,1904,2379,529,20826,20581,0,0,519,1365,0,2627,1288,640,1149,103,410,0,0,0,1246,20763,208,208,0,105,0,1254,212
 40045,0,21188,1169,848,1904,2379,529,20826,20581,0,0,519,1365,0,2627,1288,640,1149,103,410,0,0,0,1246,20768,208,208,0,105,0,1254,212
 40050,0,21193,1169,848,1904,2379,529,20826,20581,0,0,519,1365,0,2627,1288,640,1149,103,410,0,0,0,1246,20773,208,208,0,105,0,1254,212
 40055,0,21198,1169,848,1904,2379,529,20826,20581,0,0,519,1365,0,2627,1288,640,1149,103,410,0,0,0,1246,20778,208,208,0,105,0,1254,212
 40060,0,21203,1169,848,1904,2379,529,20826,20583,0,0,519,1365,0,2627,1288,640,1149,103,410,0,0,0,1246,20783,208,208,0,105,0,1254,212
 40065,0,21208,1169,848,1904,2379,529,20827,20588,0,0,519,1365,0,2627,1288,640,1149,103,410,0,0,0,1246,20788,208,208,0,105,0,1254,212
 40070,0,21213,1169,848,1904,2379,529,20832,20593,0,0,519,1365,0,2627,1288,640,1149,103,410,0,0,0,1246,20793,208,208,0,105,0,1254,212
 40075,0,21218,1169,848,1904,2379,529,20837,20598,0,0,519,1365,0,2627,1288,640,1149,103,410,0,0,0,1246,20798,208,208,0,105,0,1254,212
 40080,0,21223,1169,848,1904,2379,529,20842,20603,0,0,519,1365,0,2627,1288,640,1149,103,410,0,0,0,1246,20803,208,208,0,105,0,1254,212
 40085,0,21228,1169,848,1904,2379,529,20847,20608,0,0,519,1365,0,2627,1288,640,1149,103,410,0,0,0,1246,20808,208,208,0,105,0,1254,212
 40090,0,21233,1169,848,1904,2379,529,20852,20613,0,0,519,1365,0,2627,1288,640,1149,103,410,0,0,0,1246,20813,208,208,0,105,0,1254,212
 40095,0,21238,1169,848,1904,2379,529,20857,20618,0,0,519,1365,0,2627,1288,640,1149,103,410,0,0,0,1246,20818,208,208,0,105,0,1254,212
 40100,0,21243,1169,848,1904,2379,529,20862,20623,0,0,519,1365,0,2627,1288,640,1149,103,410,0,0,0,1246,20823,208,208,0,105,0,1254,212
 40105,0,21248,1169,848,1904,2379,529,20867,20628,0,0,519,1365,0,2627,1288,640,1149,103,410,0,0,0,1246,20828,208,208,0,105,0,1254,212
 40110,0,21253,1169,848,1904,2379,529,20872,20633,0,0,519,1365,0,2627,1288,640,1149,103,410,0,0,0,1246,20833,208,208,0,105,0,1254,212
 40115,0,21258,1169,848,1904,2379,529,20877,20638,0,0,519,1365,0,2627,1288,640,1149,103,410,0,0,0,1246,20838,208,208,0,105,0,1254,212
 40120,0,21263,1169,848,1904,2379,529,20882,20643,0,0,519,1365,0,2627,1288,640,1149,103,410,0,0,0,1246,20843,208,208,0,105,0,1254,212
 40125,0,21268,1169,848,1904,2379,529,20887,20648,0,0,519,1365,0,2627,1288,640,1149,103,410,0,0,0,1246,20848,208,208,0,105,0,1254,212
 40130,0,21273,1169,848,1904,2379,529,20892,20653,0,0,519,1365,0,2627,1288,640,1149,103,410,0,0,0,1246,20853,208,208,0,105,0,1254,212
 40135,0,21278,1169,848,1904,2379,529,20897,20658,0,0,519,1365,0,2627,1288,640,1149,103,410,0,0,0,1246,20858,208,208,0,105,0,1254,212
 40140,0,21283,1169,848,1904,2379,529,20902,20663,0,0,519,1365,0,2627,1288,640,1149,103,410,0,0,0,1246,20863,208,208,0,105,0,1254,212
 40145,0,21289,1169,848,1904,2379,529,20907,20668,0,0,519,1365,0,2627,1288,640,1149,103,410,0,0,0,1246,20866,208,208,0,105,0,1254,212
 40150,0,21289,1169,848,1904,2379,529,20912,20673,0,0,519,1365,0,2627,1288,640,1149,103,410,0,0,0,1246,20866,208,208,0,105,0,1254,212
 40155,0,21289,1169,848,1904,2379,529,20917,20678,0,0,519,1365,0,2627,1288,640,1149,103,410,0,0,0,1246,20866,208,208,0,105,0,1254,212
 40160,0,21289,1169,848,1904,2379,529,20922,20683,0,0,519,1365,0,2627,1288,640,1149,103,410,0,0,0,1246,20866,208,208,0,105,0,1254,212
 40165,0,21289,1169,848,1904,2379,529,20927,20686,0,0,519,1365,0,2627,1288,640,1149,103,410,0,0,0,1246,20866,208,208,0,105,0,1254,212
 40170,0,21289,1169,848,1904,2379,529,20929,20686,0,0,519,1365,0,2627,1288,640,1149,103,410,0,0,0,1246,20866,208,208,0,105,0,1254,212
 40175,0,21289,1169,848,1904,2379,529,20929,20686,0,0,519,1365,0,2627,1288,640,1149,103,410,0,0,0,1246,20866,208,208,0,105,0,1254,212
 40180,0,21289,1169,848,1904,2379,529,20929,20686,0,0,519,1365,0,2627,1288,640,1149,103,410,0,0,0,1246,20866,208,208,0,105,0,1254,212
 40185,0,21289,1169,848,1904,2379,529,20929,20686,0,0,519,1365,0,2627,1288,640,1149,103,410,0,0,0,1246,20866,208,208,0,105,0,1254,212
 40190,0,21289,1169,848,1904,2379,529,20929,20686,0,0,519,1365,0,2627,1288,640,1149,103,410,0,0,0,1246,20866,208,208,0,105,0,1254,212
 40195,0,21289,1169,848,1904,2379,529,20929,20686,0,0,519,1365,0,2627,1288,640,1149,103,410,0,0,0,1246,20866,208,208,0,105,0,1254,212
 40200,0,21289,1169,848,1904,2379,529,20929,20686,0,0,519,1365,0,2627,1288,640,1149,103,410,0,0,0,1246,20866,208,208,0,105,0,1254,212
 40205,0,21289,1169,848,1904,2379,529,20929,20686,0,0,519,1365,0,2627,1288,640,1149,103,410,0,0,0,1246,20866,208,208,0,105,0,1254,212
 40210,0,21289,1169,848,1904,2379,529,20929,20686,0,0,519,1365,0,2627,1288,640,1149,103,410,0,0,0,1246,20866,208,208,0,105,0,1254,212
 40215,0,21289,1169,848,1904,2379,529,20929,20686,0,0,519,1365,0,2627,1288,640,1149,103,410,0,0,0,1246,20866,208,208,0,105,0,1254,212
 40220,0,21289,1169,848,1904,2379,529,20929,20686,0,0,519,1365,0,2627,1288,640,1149,103,410,0,0,0,1246,20866,208,208,0,105,0,1254,212
 40225,0,21289,1169,848,1904,2379,529,20929,20686,0,0,519,1365,0,2627,1288,640,1149,103,410,0,0,0,1246,20866,208,208,0,105,0,1254,212
 40230,0,21289,1169,848,1904,2379,529,20929,20686,0,0,519,1365,0,2627,1288,640,1149,103,410,0,0,0,1246,20866,208,208,0,105,0,1254,212
 40235,0,21289,1169,848,1904,2379,529,20929,20686,0,0,519,1365,0,2627,1288,640,1149,103,410,0,0,0,1246,20866,208,208,0,105,0,1254,212
 40240,0,21289,1169,848,1904,2379,529,20929,20686,0,0,519,1365,0,2627,1288,640,1149,103,410,0,0,0,1246,20866,208,208,0,105,0,1254,212
 40245,0,21289,1169,848,1904,2379,529,20929,20686,0,0,519,1365,0,2627,1288,640,1149,103,410,0,0,0,1246,20866,208,208,0,105,0,1254,212
 40250,0,21289,1169,848,1904,2379,529,20929,20686,0,0,519,1365,0,2627,1288,640,1149,103,410,0,0,0,1246,20866,208,208,0,105,0,1254,212
 40255,0,21289,1169,848,1904,2379,529,20929,20686,0,0,519,1365,0,2627,1288,640,1149,103,410,0,0,0,1246,20866,208,208,0,105,0,1254,212
 40260,0,21289,1169,848,1904,2379,529,20929,20686,0,0,519,1365,0,2627,1288,640,1149,103,410,0,0,0,1246,20866,208,208,0,105,0,1254,212
 40265,0,21289,1169,848,1904,2379,529,20929,20686,0,0,519,1365,0,2627,1288,640,1149,103,410,0,0,0,1246,20866,208,208,0,105,0,1254,212
 40270,0,21289,1169,848,1904,2379,529,20929,20686,0,0,519,1365,0,2627,1288,640,1149,103,410,0,0,0,1246,20865,208,208,0,105,0,1254,212
 40275,0,21289,1169,848,1904,2379,529,20929,20686,0,0,519,1365,0,2627,1288,640,1149,103,410,0,0,0,1246,20870,208,208,0,105,0,1254,212
 40280,0,21289,1169,848,1904,2379,529,20929,20691,0,0,519,1365,0,2627,1288,640,1149,103,410,0,0,0,1246,20875,208,208,0,105,0,1254,212
 40285,0,21289,1169,848,1904,2379,529,20929,20696,0,0,519,1365,0,2627,1288,640,1149,103,410,0,0,0,1246,20880,208,208,0,105,0,1254,212
 40290,0,21289,1169,848,1904,2379,529,20932,20701,0,0,519,1365,0,2627,1288,640,1149,103,410,0,0,0,1246,20885,208,208,0,105,0,1254,212
 40295,0,21289,1169,848,1904,2379,529,20937,20706,0,0,519,1365,0,2627,1288,640,1149,103,410,0,0,0,1246,20890,208,208,0,105,0,1254,212
 40300,0,21289,1169,848,1904,2379,529,20942,20711,0,0,519,1365,0,2627,1288,640,1149,103,410,0,0,0,1246,20895,208,208,0,105,0,1254,212
 40305,0,21289,1169,848,1904,2379,529,20947,20716,0,0,519,1365,0,2627,1288,640,1149,103,410,0,0,0,1246,20900,208,208,0,105,0,1254,212
 40310,0,21288,1169,848,1904,2379,529,20952,20721,0,0,519,1365,0,2627,1288,640,1149,103,410,0,0,0,1246,20905,208,208,0,105,0,1254,212
 40315,0,21293,1169,848,1904,2379,529,20957,20726,0,0,519,1365,0,2627,1288,640,1149,103,410,0,0,0,1246,20910,208,208,0,105,0,1254,212
 40320,0,21298,1169,848,1904,2379,529,20962,20731,0,0,519,1365,0,2627,1288,640,1149,103,410,0,0,0,1246,20915,208,208,0,105,0,1254,212
 40325,0,21303,1169,848,1904,2379,529,20967,20736,0,0,519,1365,0,2627,1288,640,1149,103,410,0,0,0,1246,20920,208,208,0,105,0,1254,212
 40330,0,21308,1169,848,1904,2379,529,20972,20741,0,0,519,1365,0,2627,1288,640,1149,103,410,0,0,0,1246,20925,208,208,0,105,0,1254,212
 40335,0,21313,1169,848,1904,2379,529,20977,20746,0,0,519,1365,0,2627,1288,640,1149,103,410,0,0,0,1246,20930,208,208,0,105,0,1254,212
 40340,0,21318,1169,848,1904,2379,529,20982,20751,0,0,519,1365,0,2627,1288,640,1149,103,410,0,0,0,1246,20935,208,208,0,105,0,1254,212
 40345,0,21323,1169,848,1904,2379,529,20987,20756,0,0,519,1365,0,2627,1288,640,1149,103,410,0,0,0,1246,20940,208,208,0,105,0,1254,212
 40350,0,21328,1169,848,1904,2379,529,20992,20761,0,0,519,1365,0,2627,1288,640,1149,103,410,0,0,0,1246,20945,208,208,0,105,0,1254,212
 40355,0,21333,1169,848,1904,2379,529,20997,20766,0,0,519,1365,0,2627,1288,640,1149,103,410,0,0,0,1246,20950,208,208,0,105,0,1254,212
 40360,0,21338,1169,848,1904,2379,529,21002,20771,0,0,519,1365,0,2627,1288,640,1149,103,410,0,0,0,1246,20955,208,208,0,105,0,1254,212
 40365,0,21343,1169,848,1904,2379,529,21007,20776,0,0,519,1365,0,2627,1288,640,1149,103,410,0,0,0,1246,20960,208,208,0,105,0,1254,212
 40370,0,21348,1169,848,1904,2379,529,21012,20781,0,0,519,1365,0,2627,1288,640,1149,103,410,0,0,0,1246,20965,208,208,0,105,0,1254,212
 40375,0,21353,1169,848,1904,2379,529,21017,20786,0,0,519,1365,0,2627,1288,640,1149,103,410,0,0,0,1246,20969,208,208,0,105,0,1254,212
 40380,0,21358,1169,848,1904,2379,529,21022,20791,0,0,519,1365,0,2627,1288,640,1149,103,410,0,0,0,1246,20969,208,208,0,105,0,1254,212
 40385,0,21363,1169,848,1904,2379,529,21027,20791,0,0,519,1365,0,2627,1288,640,1149,103,410,0,0,0,1246,20969,208,208,0,105,0,1254,212
 40390,0,21368,1169,848,1904,2379,529,21030,20791,0,0,519,1365,0,2627,1288,640,1149,103,410,0,0,0,1246,20969,208,208,0,105,0,1254,212
 40395,0,21373,1169,848,1904,2379,529,21030,20791,0,0,519,1365,0,2627,1288,640,1149,103,410,0,0,0,1246,20969,208,208,0,105,0,1254,212
 40400,0,21378,1169,848,1904,2379,529,21030,20791,0,0,519,1365,0,2627,1288,640,1149,103,410,0,0,0,1246,20969,208,208,0,105,0,1254,212
 40405,0,21383,1169,848,1904,2379,529,21030,20791,0,0,519,1365,0,2627,1288,640,1149,103,410,0,0,0,1246,20969,208,208,0,105,0,1254,212
 40410,0,21388,1169,848,1904,2379,529,21030,20791,0,0,519,1365,0,2627,1288,640,1149,103,410,0,0,0,1246,20969,208,208,0,105,0,1254,212
 40415,0,21390,1169,848,1904,2379,529,21030,20791,0,0,519,1365,0,2627,1288,640,1149,103,410,0,0,0,1246,20969,208,208,0,105,0,1254,212
 40420,0,21390,1169,848,1904,2379,529,21030,20791,0,0,519,1365,0,2627,1288,640,1149,103,410,0,0,0,1246,20969,208,208,0,105,0,1254,212
 40425,0,21390,1169,848,1904,2379,529,21030,20791,0,0,519,1365,0,2627,1288,640,1149,103,410,0,0,0,1246,20969,208,208,0,105,0,1254,212
 40430,0,21390,1169,848,1904,2379,529,21030,20791,0,0,519,1365,0,2627,1288,640,1149,103,410,0,0,0,1246,20969,208,208,0,105,0,1254,212
 40435,0,21390,1169,848,1904,2379,529,21030,20791,0,0,519,1365,0,2627,1288,640,1149,103,410,0,0,0,1246,20969,208,208,0,105,0,1254,212
 40440,0,21390,1169,848,1904,2379,529,21030,20791,0,0,519,1365,0,2627,1288,640,1149,103,410,0,0,0,1246,20969,208,208,0,105,0,1254,212
 40445,0,21390,1169,848,1904,2379,529,21030,20791,0,0,519,1365,0,2627,1288,640,1149,103,410,0,0,0,1246,20969,208,208,0,105,0,1254,212
 40450,0,21390,1169,848,1904,2379,529,21030,20791,0,0,519,1365,0,2627,1288,640,1149,103,410,0,0,0,1246,20969,208,208,0,105,0,1254,212
 40455,0,21390,1169,848,1904,2379,529,21030,20791,0,0,519,1365,0,2627,1288,640,1149,103,410,0,0,0,1246,20969,208,208,0,105,0,1254,212
 40460,0,21390,1169,848,1904,2379,529,21030,20791,0,0,519,1365,0,2627,1288,640,1149,103,410,0,0,0,1246,20969,208,208,0,105,0,1254,212
 40465,0,21390,1169,848,1904,2379,529,21030,20791,0,0,519,1365,0,2627,1288,640,1149,103,410,0,0,0,1246,20969,208,208,0,105,0,1254,212
 40470,0,21390,1169,848,1904,2379,529,21030,20791,0,0,519,1365,0,2627,1288,640,1149,103,410,0,0,0,1246,20969,208,208,0,105,0,1254,212
 40475,0,21390,1169,848,1904,2379,529,21030,20791,0,0,519,1365,0,2627,1288,640,1149,103,410,0,0,0,1246,20969,208,208,0,105,0,1254,212
 40480,0,21390,1169,848,1904,2379,529,21030,20791,0,0,519,1365,0,2627,1288,640,1149,103,410,0,0,0,1246,20969,208,208,0,105,0,1254,212
 40485,0,21390,1169,848,1904,2379,529,21030,20791,0,0,519,1365,0,2627,1288,640,1149,103,410,0,0,0,1246,20969,208,208,0,105,0,1254,212
 40490,0,21390,1169,848,1904,2379,529,21030,20791,0,0,519,1365,0,2627,1288,640,1149,103,410,0,0,0,1246,20969,208,208,0,105,0,1254,212
 40495,0,21390,1169,848,1904,2379,529,21030,20791,0,0,519,1365,0,2627,1288,640,1149,103,410,0,0,0,1246,20969,208,208,0,105,0,1254,212
 40500,0,21390,1169,848,1904,2379,529,21030,20793,0,0,519,1365,0,2627,1288,640,1149,103,410,0,0,0,1246,20969,208,208,0,105,0,1254,212
 40505,0,21390,1169,848,1904,2379,529,21030,20798,0,0,519,1365,0,2627,1288,640,1149,103,410,0,0,0,1246,20969,208,208,0,105,0,1254,212
 40510,0,21390,1169,848,1904,2379,529,21030,20803,0,0,519,1365,0,2627,1288,640,1149,103,410,0,0,0,1246,20969,208,208,0,105,0,1254,212
 40515,0,21390,1169,848,1904,2379,529,21030,20808,0,0,519,1365,0,2627,1288,640,1149,103,410,0,0,0,1246,20968,208,208,0,105,0,1254,212
 40520,0,21390,1169,848,1904,2379,529,21031,20813,0,0,519,1365,0,2627,1288,640,1149,103,410,0,0,0,1246,20973,208,208,0,105,0,1254,212
 40525,0,21390,1169,848,1904,2379,529,21036,20818,0,0,519,1365,0,2627,1288,640,1149,103,410,0,0,0,1246,20978,208,208,0,105,0,1254,212
 40530,0,21390,1169,848,1904,2379,529,21041,20823,0,0,519,1365,0,2627,1288,640,1149,103,410,0,0,0,1246,20983,208,208,0,105,0,1254,212
 40535,0,21390,1169,848,1904,2379,529,21046,20828,0,0,519,1365,0,2627,1288,640,1149,103,410,0,0,0,1246,20988,208,208,0,105,0,1254,212
 40540,0,21390,1169,848,1904,2379,529,21051,20833,0,0,519,1365,0,2627,1288,640,1149,103,410,0,0,0,1246,20993,208,208,0,105,0,1254,212
 40545,0,21390,1169,848,1904,2379,529,21056,20838,0,0,519,1365,0,2627,1288,640,1149,103,410,0,0,0,1246,20998,208,208,0,105,0,1254,212
 40550,0,21390,1169,848,1904,2379,529,21061,20843,0,0,519,1365,0,2627,1288,640,1149,103,410,0,0,0,1246,21003,208,208,0,105,0,1254,212
 40555,0,21390,1169,848,1904,2379,529,21066,20848,0,0,519,1365,0,2627,1288,640,1149,103,410,0,0,0,1246,21008,208,208,0,105,0,1254,212
 40560,0,21390,1169,848,1904,2379,529,21071,20853,0,0,519,1365,0,2627,1288,640,1149,103,410,0,0,0,1246,21013,208,208,0,105,0,1254,212
 40565,0,21391,1169,848,1904,2379,529,21076,20858,0,0,519,1365,0,2627,1288,640,1149,103,410,0,0,0,1246,21018,208,208,0,105,0,1254,212
 40570,0,21396,1169,848,1904,2379,529,21081,20863,0,0,519,1365,0,2627,1288,640,1149,103,410,0,0,0,1246,21023,208,208,0,105,0,1254,212
 40575,0,21401,1169,848,1904,2379,529,21086,20868,0,0,519,1365,0,2627,1288,640,1149,103,410,0,0,0,1246,21028,208,208,0,105,0,1254,212
 40580,0,21406,1169,848,1904,2379,529,21091,20873,0,0,519,1365,0,2627,1288,640,1149,103,410,0,0,0,1246,21033,208,208,0,105,0,1254,212
 40585,0,21411,1169,848,1904,2379,529,21096,20878,0,0,519,1365,0,2627,1288,640,1149,103,410,0,0,0,1246,21038,208,208,0,105,0,1254,212
 40590,0,21416,1169,848,1904,2379,529,21101,20883,0,0,519,1365,0,2627,1288,640,1149,103,410,0,0,0,1246,21043,208,208,0,105,0,1254,212
 40595,0,21421,1169,848,1904,2379,529,21106,20888,0,0,519,1365,0,2627,1288,640,1149,103,410,0,0,0,1246,21048,208,208,0,105,0,1254,212
 40600,0,21426,1169,848,1904,2379,529,21111,20893,0,0,519,1365,0,2627,1288,640,1149,103,410,0,0,0,1246,21053,208,208,0,105,0,1254,212
 40605,0,21431,1169,848,1904,2379,529,21116,20896,0,0,519,1365,0,2627,1288,640,1149,103,410,0,0,0,1246,21058,208,208,0,105,0,1254,212
 40610,0,21436,1169,848,1904,2379,529,21121,20896,0,0,519,1365,0,2627,1288,640,1149,103,410,0,0,0,1246,21063,208,208,0,105,0,1254,212
 40615,0,21441,1169,848,1904,2379,529,21126,20896,0,0,519,1365,0,2627,1288,640,1149,103,410,0,0,0,1246,21068,208,208,0,105,0,1254,212
 40620,0,21446,1169,848,1904,2379,529,21131,20896,0,0,519,1365,0,2627,1288,640,1149,103,410,0,0,0,1246,21072,208,208,0,105,0,1254,212
 40625,0,21451,1169,848,1904,2379,529,21133,20896,0,0,519,1365,0,2627,1288,640,1149,103,410,0,0,0,1246,21072,208,208,0,105,0,1254,212
 40630,0,21456,1169,848,1904,2379,529,21133,20896,0,0,519,1365,0,2627,1288,640,1149,103,410,0,0,0,1246,21072,208,208,0,105,0,1254,212
 40635,0,21461,1169,848,1904,2379,529,21133,20896,0,0,519,1365,0,2627,1288,640,1149,103,410,0,0,0,1246,21072,208,208,0,105,0,1254,212
 40640,0,21466,1169,848,1904,2379,529,21133,20896,0,0,519,1365,0,2627,1288,640,1149,103,410,0,0,0,1246,21072,208,208,0,105,0,1254,212
 40645,0,21471,1169,848,1904,2379,529,21133,20896,0,0,519,1365,0,2627,1288,640,1149,103,410,0,0,0,1246,21072,208,208,0,105,0,1254,212
 40650,0,21476,1169,848,1904,2379,529,21133,20896,0,0,519,1365,0,2627,1288,640,1149,103,410,0,0,0,1246,21072,208,208,0,105,0,1254,212
 40655,0,21481,1169,848,1904,2379,529,21133,20896,0,0,519,1365,0,2627,1288,640,1149,103,410,0,0,0,1246,21072,208,208,0,105,0,1254,212
 40660,0,21486,1169,848,1904,2379,529,21133,20896,0,0,519,1365,0,2627,1288,640,1149,103,410,0,0,0,1246,21072,208,208,0,105,0,1254,212
 40665,0,21491,1169,848,1904,2379,529,21133,20896,0,0,519,1365,0,2627,1288,640,1149,103,410,0,0,0,1246,21072,208,208,0,105,0,1254,212
 40670,0,21495,1169,848,1904,2379,529,21133,20896,0,0,519,1365,0,2627,1288,640,1149,103,410,0,0,0,1246,21072,208,208,0,105,0,1254,212
 40675,0,21495,1169,848,1904,2379,529,21133,20896,0,0,519,1365,0,2627,1288,640,1149,103,410,0,0,0,1246,21072,208,208,0,105,0,1254,212
 40680,0,21495,1169,848,1904,2379,529,21133,20896,0,0,519,1365,0,2627,1288,640,1149,103,410,0,0,0,1246,21072,208,208,0,105,0,1254,212
 40685,0,21495,1169,848,1904,2379,529,21133,20896,0,0,519,1365,0,2627,1288,640,1149,103,410,0,0,0,1246,21072,208,208,0,105,0,1254,212
 40690,0,21495,1169,848,1904,2379,529,21133,20896,0,0,519,1365,0,2627,1288,640,1149,103,410,0,0,0,1246,21072,208,208,0,105,0,1254,212
 40695,0,21495,1169,848,1904,2379,529,21133,20896,0,0,519,1365,0,2627,1288,640,1149,103,410,0,0,0,1246,21072,208,208,0,105,0,1254,212
 40700,0,21495,1169,848,1904,2379,529,21133,20896,0,0,519,1365,0,2627,1288,640,1149,103,410,0,0,0,1246,21072,208,208,0,105,0,1254,212
 40705,0,21495,1169,848,1904,2379,529,21133,20896,0,0,519,1365,0,2627,1288,640,1149,103,410,0,0,0,1246,21075,208,208,0,105,0,1254,212
 40710,0,21495,1169,848,1904,2379,529,21133,20896,0,0,519,1365,0,2627,1288,640,1149,103,410,0,0,0,1246,21080,208,208,0,105,0,1254,212
 40715,0,21495,1169,848,1904,2379,529,21136,20896,0,0,519,1365,0,2627,1288,640,1149,103,410,0,0,0,1246,21085,208,208,0,105,0,1254,212
 40720,0,21495,1169,848,1904,2379,529,21141,20896,0,0,519,1365,0,2627,1288,640,1149,103,410,0,0,0,1246,21090,208,208,0,105,0,1254,212
 40725,0,21495,1169,848,1904,2379,529,21146,20896,0,0,519,1365,0,2627,1288,640,1149,103,410,0,0,0,1246,21095,208,208,0,105,0,1254,212
 40730,0,21495,1169,848,1904,2379,529,21151,20901,0,0,519,1365,0,2627,1288,640,1149,103,410,0,0,0,1246,21100,208,208,0,105,0,1254,212
 40735,0,21495,1169,848,1904,2379,529,21156,20906,0,0,519,1365,0,2627,1288,640,1149,103,410,0,0,0,1246,21105,208,208,0,105,0,1254,212
 40740,0,21494,1169,848,1904,2379,529,21161,20911,0,0,519,1365,0,2627,1288,640,1149,103,410,0,0,0,1246,21110,208,208,0,105,0,1254,212
 40745,0,21499,1169,848,1904,2379,529,21166,20916,0,0,519,1365,0,2627,1288,640,1149,103,410,0,0,0,1246,21115,208,208,0,105,0,1254,212
 40750,0,21504,1169,848,1904,2379,529,21171,20921,0,0,519,1365,0,2627,1288,640,1149,103,410,0,0,0,1246,21120,208,208,0,105,0,1254,212
 40755,0,21509,1169,848,1904,2379,529,21176,20926,0,0,519,1365,0,2627,1288,640,1149,103,410,0,0,0,1246,21125,208,208,0,105,0,1254,212
 40760,0,21514,1169,848,1904,2379,529,21181,20931,0,0,519,1365,0,2627,1288,640,1149,103,410,0,0,0,1246,21130,208,208,0,105,0,1254,212
 40765,0,21519,1169,848,1904,2379,529,21186,20936,0,0,519,1365,0,2627,1288,640,1149,103,410,0,0,0,1246,21135,208,208,0,105,0,1254,212
 40770,0,21524,1169,848,1904,2379,529,21191,20941,0,0,519,1365,0,2627,1288,640,1149,103,410,0,0,0,1246,21140,208,208,0,105,0,1254,212
 40775,0,21529,1169,848,1904,2379,529,21196,20946,0,0,519,1365,0,2627,1288,640,1149,103,410,0,0,0,1246,21145,208,208,0,105,0,1254,212
 40780,0,21534,1169,848,1904,2379,529,21201,20951,0,0,519,1365,0,2627,1288,640,1149,103,410,0,0,0,1246,21150,208,208,0,105,0,1254,212
 40785,0,21539,1169,848,1904,2379,529,21206,20956,0,0,519,1365,0,2627,1288,640,1149,103,410,0,0,0,1246,21155,208,208,0,105,0,1254,212
 40790,0,21544,1169,848,1904,2379,529,21211,20961,0,0,519,1365,0,2627,1288,640,1149,103,410,0,0,0,1246,21160,208,208,0,105,0,1254,212
 40795,0,21549,1169,848,1904,2379,529,21216,20966,0,0,519,1365,0,2627,1288,640,1149,103,410,0,0,0,1246,21165,208,208,0,105,0,1254,212
 40800,0,21554,1169,848,1904,2379,529,21221,20971,0,0,519,1365,0,2627,1288,640,1149,103,410,0,0,0,1246,21170,208,208,0,105,0,1254,212
 40805,0,21559,1169,848,1904,2379,529,21226,20976,0,0,519,1365,0,2627,1288,640,1149,103,410,0,0,0,1246,21175,208,208,0,105,0,1254,212
 40810,0,21564,1169,848,1904,2379,529,21231,20981,0,0,519,1365,0,2627,1288,640,1149,103,410,0,0,0,1246,21177,208,208,0,105,0,1254,212
 40815,0,21569,1169,848,1904,2379,529,21234,20986,0,0,519,1365,0,2627,1288,640,1149,103,410,0,0,0,1246,21177,208,208,0,105,0,1254,212
 40820,0,21574,1169,848,1904,2379,529,21234,20991,0,0,519,1365,0,2627,1288,640,1149,103,410,0,0,0,1246,21177,208,208,0,105,0,1254,212
 40825,0,21579,1169,848,1904,2379,529,21234,20996,0,0,519,1365,0,2627,1288,640,1149,103,410,0,0,0,1246,21177,208,208,0,105,0,1254,212
 40830,0,21584,1169,848,1904,2379,529,21234,21001,0,0,519,1365,0,2627,1288,640,1149,103,410,0,0,0,1246,21177,208,208,0,105,0,1254,212
 40835,0,21589,1169,848,1904,2379,529,21234,21001,0,0,519,1365,0,2627,1288,640,1149,103,410,0,0,0,1246,21177,208,208,0,105,0,1254,212
 40840,0,21594,1169,848,1904,2379,529,21234,21001,0,0,519,1365,0,2627,1288,640,1149,103,410,0,0,0,1246,21177,208,208,0,105,0,1254,212
 40845,0,21598,1169,848,1904,2379,529,21234,21001,0,0,519,1365,0,2627,1288,640,1149,103,410,0,0,0,1246,21177,208,208,0,105,0,1254,212
 40850,0,21598,1169,848,1904,2379,529,21234,21001,0,0,519,1365,0,2627,1288,640,1149,103,410,0,0,0,1246,21177,208,208,0,105,0,1254,212
 40855,0,21598,1169,848,1904,2379,529,21234,21001,0,0,519,1365,0,2627,1288,640,1149,103,410,0,0,0,1246,21177,208,208,0,105,0,1254,212
 40860,0,21598,1169,848,1904,2379,529,21234,21001,0,0,519,1365,0,2627,1288,640,1149,103,410,0,0,0,1246,21177,208,208,0,105,0,1254,212
 40865,0,21598,1169,848,1904,2379,529,21234,21001,0,0,519,1365,0,2627,1288,640,1149,103,410,0,0,0,1246,21177,208,208,0,105,0,1254,212
 40870,0,21598,1169,848,1904,2379,529,21234,21001,0,0,519,1365,0,2627,1288,640,1149,103,410,0,0,0,1246,21177,208,208,0,105,0,1254,212
 40875,0,21598,1169,848,1904,2379,529,21234,21001,0,0,519,1365,0,2627,1288,640,1149,103,410,0,0,0,1246,21177,208,208,0,105,0,1254,212
 40880,0,21598,1169,848,1904,2379,529,21234,21001,0,0,519,1365,0,2627,1288,640,1149,103,410,0,0,0,1246,21177,208,208,0,105,0,1254,212
 40885,0,21598,1169,848,1904,2379,529,21234,21001,0,0,519,1365,0,2627,1288,640,1149,103,410,0,0,0,1246,21177,208,208,0,105,0,1254,212
 40890,0,21598,1169,848,1904,2379,529,21234,21001,0,0,519,1365,0,2627,1288,640,1149,103,410,0,0,0,1246,21177,208,208,0,105,0,1254,212
 40895,0,21598,1169,848,1904,2379,529,21234,21001,0,0,519,1365,0,2627,1288,640,1149,103,410,0,0,0,1246,21177,208,208,0,105,0,1254,212
 40900,0,21598,1169,848,1904,2379,529,21234,21001,0,0,519,1365,0,2627,1288,640,1149,103,410,0,0,0,1246,21177,208,208,0,105,0,1254,212
 40905,0,21598,1169,848,1904,2379,529,21234,21001,0,0,519,1365,0,2627,1288,640,1149,103,410,0,0,0,1246,21177,208,208,0,105,0,1254,212
 40910,0,21598,1169,848,1904,2379,529,21234,21001,0,0,519,1365,0,2627,1288,640,1149,103,410,0,0,0,1246,21177,208,208,0,105,0,1254,212
 40915,0,21598,1169,848,1904,2379,529,21234,21001,0,0,519,1365,0,2627,1288,640,1149,103,410,0,0,0,1246,21177,208,208,0,105,0,1254,212
 40920,0,21598,1169,848,1904,2379,529,21234,21001,0,0,519,1365,0,2627,1288,640,1149,103,410,0,0,0,1246,21177,208,208,0,105,0,1254,212
 40925,0,21598,1169,848,1904,2379,529,21234,21001,0,0,519,1365,0,2627,1288,640,1149,103,410,0,0,0,1246,21177,208,208,0,105,0,1254,212
 40930,0,21598,1169,848,1904,2379,529,21234,21001,0,0,519,1365,0,2627,1288,640,1149,103,410,0,0,0,1246,21177,208,208,0,105,0,1254,212
 40935,0,21598,1169,848,1904,2379,529,21234,21001,0,0,519,1365,0,2627,1288,640,1149,103,410,0,0,0,1246,21177,208,208,0,105,0,1254,212
 40940,0,21598,1169,848,1904,2379,529,21234,21001,0,0,519,1365,0,2627,1288,640,1149,103,410,0,0,0,1246,21177,208,208,0,105,0,1254,212
 40945,0,21598,1169,848,1904,2379,529,21234,21001,0,0,519,1365,0,2627,1288,640,1149,103,410,0,0,0,1246,21177,208,208,0,105,0,1254,212
 40950,0,21598,1169,848,1904,2379,529,21234,21001,0,0,519,1365,0,2627,1288,640,1149,103,410,0,0,0,1246,21177,208,208,0,105,0,1254,212
 40955,0,21599,1169,848,1904,2379,529,21234,21001,0,0,519,1365,0,2627,1288,640,1149,103,410,0,0,0,1246,21180,208,208,0,105,0,1254,212
 40960,0,21604,1169,848,1904,2379,529,21234,21006,0,0,519,1365,0,2627,1288,640,1149,103,410,0,0,0,1246,21185,208,208,0,105,0,1254,212
 40965,0,21609,1169,848,1904,2379,529,21234,21011,0,0,519,1365,0,2627,1288,640,1149,103,410,0,0,0,1246,21190,208,208,0,105,0,1254,212
 40970,0,21614,1169,848,1904,2379,529,21234,21016,0,0,519,1365,0,2627,1288,640,1149,103,410,0,0,0,1246,21195,208,208,0,105,0,1254,212
 40975,0,21619,1169,848,1904,2379,529,21237,21021,0,0,519,1365,0,2627,1288,640,1149,103,410,0,0,0,1246,21200,208,208,0,105,0,1254,212
 40980,0,21624,1169,848,1904,2379,529,21242,21026,0,0,519,1365,0,2627,1288,640,1149,103,410,0,0,0,1246,21205,208,208,0,105,0,1254,212
 40985,0,21629,1169,848,1904,2379,529,21247,21031,0,0,519,1365,0,2627,1288,640,1149,103,410,0,0,0,1246,21210,208,208,0,105,0,1254,212
 40990,0,21634,1169,848,1904,2379,529,21252,21036,0,0,519,1365,0,2627,1288,640,1149,103,410,0,0,0,1246,21215,208,208,0,105,0,1254,212
 40995,0,21639,1169,848,1904,2379,529,21257,21041,0,0,519,1365,0,2627,1288,640,1149,103,410,0,0,0,1246,21220,208,208,0,105,0,1254,212
 41000,0,21644,1169,848,1904,2379,529,21262,21046,0,0,519,1365,0,2627,1288,640,1149,103,410,0,0,0,1246,21225,208,208,0,105,0,1254,212
 41005,0,21649,1169,848,1904,2379,529,21267,21051,0,0,519,1365,0,2627,1288,640,1149,103,410,0,0,0,1246,21230,208,208,0,105,0,1254,212
 41010,0,21654,1169,848,1904,2379,529,21272,21056,0,0,519,1365,0,2627,1288,640,1149,103,410,0,0,0,1246,21235,208,208,0,105,0,1254,212
 41015,0,21659,1169,848,1904,2379,529,21277,21061,0,0,519,1365,0,2627,1288,640,1149,103,410,0,0,0,1246,21240,208,208,0,105,0,1254,212
 41020,0,21664,1169,848,1904,2379,529,21282,21066,0,0,519,1365,0,2627,1288,640,1149,103,410,0,0,0,1246,21245,208,208,0,105,0,1254,212
 41025,0,21669,1169,848,1904,2379,529,21287,21071,0,0,519,1365,0,2627,1288,640,1149,103,410,0,0,0,1246,21250,208,208,0,105,0,1254,212
 41030,0,21674,1169,848,1904,2379,529,21292,21076,0,0,519,1365,0,2627,1288,640,1149,103,410,0,0,0,1246,21255,208,208,0,105,0,1254,212
 41035,0,21679,1169,848,1904,2379,529,21297,21081,0,0,519,1365,0,2627,1288,640,1149,103,410,0,0,0,1246,21260,208,208,0,105,0,1254,212
 41040,0,21684,1169,848,1904,2379,529,21302,21086,0,0,519,1365,0,2627,1288,640,1149,103,410,0,0,0,1246,21265,208,208,0,105,0,1254,212
 41045,0,21689,1169,848,1904,2379,529,21307,21091,0,0,519,1365,0,2627,1288,640,1149,103,410,0,0,0,1246,21270,208,208,0,105,0,1254,212
 41050,0,21694,1169,848,1904,2379,529,21312,21096,0,0,519,1365,0,2627,1288,640,1149,103,410,0,0,0,1246,21275,208,208,0,105,0,1254,212
 41055,0,21699,1169,848,1904,2379,529,21317,21101,0,0,519,1365,0,2627,1288,640,1149,103,410,0,0,0,1246,21280,208,208,0,105,0,1254,212
 41060,0,21701,1169,848,1904,2379,529,21322,21106,0,0,519,1365,0,2627,1288,640,1149,103,410,0,0,0,1246,21284,208,208,0,105,0,1254,212
 41065,0,21701,1169,848,1904,2379,529,21327,21106,0,0,519,1365,0,2627,1288,640,1149,103,410,0,0,0,1246,21284,208,208,0,105,0,1254,212
 41070,0,21701,1169,848,1904,2379,529,21332,21106,0,0,519,1365,0,2627,1288,640,1149,103,410,0,0,0,1246,21284,208,208,0,105,0,1254,212
 41075,0,21701,1169,848,1904,2379,529,21337,21106,0,0,519,1365,0,2627,1288,640,1149,103,410,0,0,0,1246,21284,208,208,0,105,0,1254,212
 41080,0,21701,1169,848,1904,2379,529,21339,21106,0,0,519,1365,0,2627,1288,640,1149,103,410,0,0,0,1246,21284,208,208,0,105,0,1254,212
 41085,0,21701,1169,848,1904,2379,529,21339,21106,0,0,519,1365,0,2627,1288,640,1149,103,410,0,0,0,1246,21284,208,208,0,105,0,1254,212
 41090,0,21701,1169,848,1904,2379,529,21339,21106,0,0,519,1365,0,2627,1288,640,1149,103,410,0,0,0,1246,21284,208,208,0,105,0,1254,212
 41095,0,21701,1169,848,1904,2379,529,21339,21106,0,0,519,1365,0,2627,1288,640,1149,103,410,0,0,0,1246,21284,208,208,0,105,0,1254,212
 41100,0,21701,1169,848,1904,2379,529,21339,21106,0,0,519,1365,0,2627,1288,640,1149,103,410,0,0,0,1246,21284,208,208,0,105,0,1254,212
 41105,0,21701,1169,848,1904,2379,529,21339,21106,0,0,519,1365,0,2627,1288,640,1149,103,410,0,0,0,1246,21284,208,208,0,105,0,1254,212
 41110,0,21701,1169,848,1904,2379,529,21339,21106,0,0,519,1365,0,2627,1288,640,1149,103,410,0,0,0,1246,21284,208,208,0,105,0,1254,212
 41115,0,21701,1169,848,1904,2379,529,21339,21106,0,0,519,1365,0,2627,1288,640,1149,103,410,0,0,0,1246,21284,208,208,0,105,0,1254,212
 41120,0,21701,1169,848,1904,2379,529,21339,21106,0,0,519,1365,0,2627,1288,640,1149,103,410,0,0,0,1246,21284,208,208,0,105,0,1254,212
 41125,0,21701,1169,848,1904,2379,529,21339,21106,0,0,519,1365,0,2627,1288,640,1149,103,410,0,0,0,1246,21284,208,208,0,105,0,1254,212
 41130,0,21701,1169,848,1904,2379,529,21339,21106,0,0,519,1365,0,2627,1288,640,1149,103,410,0,0,0,1246,21284,208,208,0,105,0,1254,212
 41135,0,21701,1169,848,1904,2379,529,21339,21106,0,0,519,1365,0,2627,1288,640,1149,103,410,0,0,0,1246,21284,208,208,0,105,0,1254,212
 41140,0,21701,1169,848,1904,2379,529,21339,21106,0,0,519,1365,0,2627,1288,640,1149,103,410,0,0,0,1246,21284,208,208,0,105,0,1254,212
 41145,0,21701,1169,848,1904,2379,529,21339,21106,0,0,519,1365,0,2627,1288,640,1149,103,410,0,0,0,1246,21284,208,208,0,105,0,1254,212
 41150,0,21701,1169,848,1904,2379,529,21339,21106,0,0,519,1365,0,2627,1288,640,1149,103,410,0,0,0,1246,21284,208,208,0,105,0,1254,212
 41155,0,21701,1169,848,1904,2379,529,21339,21106,0,0,519,1365,0,2627,1288,640,1149,103,410,0,0,0,1246,21284,208,208,0,105,0,1254,212
 41160,0,21701,1169,848,1904,2379,529,21339,21106,0,0,519,1365,0,2627,1288,640,1149,103,410,0,0,0,1246,21284,208,208,0,105,0,1254,212
 41165,0,21701,1169,848,1904,2379,529,21339,21106,0,0,519,1365,0,2627,1288,640,1149,103,410,0,0,0,1246,21284,208,208,0,105,0,1254,212
 41170,0,21701,1169,848,1904,2379,529,21339,21106,0,0,519,1365,0,2627,1288,640,1149,103,410,0,0,0,1246,21284,208,208,0,105,0,1254,212
 41175,0,21701,1169,848,1904,2379,529,21339,21106,0,0,519,1365,0,2627,1288,640,1149,103,410,0,0,0,1246,21284,208,208,0,105,0,1254,212
 41180,0,21701,1169,848,1904,2379,529,21339,21106,0,0,519,1365,0,2627,1288,640,1149,103,410,0,0,0,1246,21284,208,208,0,105,0,1254,212
 41185,0,21701,1169,848,1904,2379,529,21339,21106,0,0,519,1365,0,2627,1288,640,1149,103,410,0,0,0,1246,21284,208,208,0,105,0,1254,212
 41190,0,21701,1169,848,1904,2379,529,21339,21106,0,0,519,1365,0,2627,1288,640,1149,103,410,0,0,0,1246,21284,208,208,0,105,0,1254,212
 41195,0,21701,1169,848,1904,2379,529,21342,21106,0,0,519,1365,0,2627,1288,640,1149,103,410,0,0,0,1246,21284,208,208,0,105,0,1254,212
 41200,0,21702,1169,848,1904,2379,529,21347,21106,0,0,519,1365,0,2627,1288,640,1149,103,410,0,0,0,1246,21284,208,208,0,105,0,1254,212
 41205,0,21707,1169,848,1904,2379,529,21352,21106,0,0,519,1365,0,2627,1288,640,1149,103,410,0,0,0,1246,21284,208,208,0,105,0,1254,212
 41210,0,21712,1169,848,1904,2379,529,21357,21106,0,0,519,1365,0,2627,1288,640,1149,103,410,0,0,0,1246,21284,208,208,0,105,0,1254,212
 41215,0,21717,1169,848,1904,2379,529,21362,21106,0,0,519,1365,0,2627,1288,640,1149,103,410,0,0,0,1246,21287,208,208,0,105,0,1254,212
 41220,0,21722,1169,848,1904,2379,529,21367,21106,0,0,519,1365,0,2627,1288,640,1149,103,410,0,0,0,1246,21292,208,208,0,105,0,1254,212
 41225,0,21727,1169,848,1904,2379,529,21372,21108,0,0,519,1365,0,2627,1288,640,1149,103,410,0,0,0,1246,21297,208,208,0,105,0,1254,212
 41230,0,21732,1169,848,1904,2379,529,21377,21113,0,0,519,1365,0,2627,1288,640,1149,103,410,0,0,0,1246,21302,208,208,0,105,0,1254,212
 41235,0,21737,1169,848,1904,2379,529,21382,21118,0,0,519,1365,0,2627,1288,640,1149,103,410,0,0,0,1246,21307,208,208,0,105,0,1254,212
 41240,0,21742,1169,848,1904,2379,529,21387,21123,0,0,519,1365,0,2627,1288,640,1149,103,410,0,0,0,1246,21312,208,208,0,105,0,1254,212
 41245,0,21747,1169,848,1904,2379,529,21392,21128,0,0,519,1365,0,2627,1288,640,1149,103,410,0,0,0,1246,21317,208,208,0,105,0,1254,212
 41250,0,21752,1169,848,1904,2379,529,21397,21133,0,0,519,1365,0,2627,1288,640,1149,103,410,0,0,0,1246,21322,208,208,0,105,0,1254,212
 41255,0,21757,1169,848,1904,2379,529,21402,21138,0,0,519,1365,0,2627,1288,640,1149,103,410,0,0,0,1246,21327,208,208,0,105,0,1254,212
 41260,0,21762,1169,848,1904,2379,529,21407,21143,0,0,519,1365,0,2627,1288,640,1149,103,410,0,0,0,1246,21332,208,208,0,105,0,1254,212
 41265,0,21767,1169,848,1904,2379,529,21412,21148,0,0,519,1365,0,2627,1288,640,1149,103,410,0,0,0,1246,21337,208,208,0,105,0,1254,212
 41270,0,21772,1169,848,1904,2379,529,21417,21153,0,0,519,1365,0,2627,1288,640,1149,103,410,0,0,0,1246,21342,208,208,0,105,0,1254,212
 41275,0,21777,1169,848,1904,2379,529,21422,21158,0,0,519,1365,0,2627,1288,640,1149,103,410,0,0,0,1246,21347,208,208,0,105,0,1254,212
 41280,0,21782,1169,848,1904,2379,529,21427,21163,0,0,519,1365,0,2627,1288,640,1149,103,410,0,0,0,1246,21352,208,208,0,105,0,1254,212
 41285,0,21787,1169,848,1904,2379,529,21432,21168,0,0,519,1365,0,2627,1288,640,1149,103,410,0,0,0,1246,21357,208,208,0,105,0,1254,212
 41290,0,21792,1169,848,1904,2379,529,21437,21173,0,0,519,1365,0,2627,1288,640,1149,103,410,0,0,0,1246,21362,208,208,0,105,0,1254,212
 41295,0,21797,1169,848,1904,2379,529,21442,21178,0,0,519,1365,0,2627,1288,640,1149,103,410,0,0,0,1246,21367,208,208,0,105,0,1254,212
 41300,0,21802,1169,848,1904,2379,529,21444,21183,0,0,519,1365,0,2627,1288,640,1149,103,410,0,0,0,1246,21372,208,208,0,105,0,1254,212
 41305,0,21804,1169,848,1904,2379,529,21444,21188,0,0,519,1365,0,2627,1288,640,1149,103,410,0,0,0,1246,21377,208,208,0,105,0,1254,212
 41310,0,21804,1169,848,1904,2379,529,21444,21193,0,0,519,1365,0,2627,1288,640,1149,103,410,0,0,0,1246,21382,208,208,0,105,0,1254,212
 41315,0,21804,1169,848,1904,2379,529,21444,21198,0,0,519,1365,0,2627,1288,640,1149,103,410,0,0,0,1246,21385,208,208,0,105,0,1254,212
 41320,0,21804,1169,848,1904,2379,529,21444,21203,0,0,519,1365,0,2627,1288,640,1149,103,410,0,0,0,1246,21385,208,208,0,105,0,1254,212
 41325,0,21804,1169,848,1904,2379,529,21444,21207,0,0,519,1365,0,2627,1288,640,1149,103,410,0,0,0,1246,21385,208,208,0,105,0,1254,212
 41330,0,21804,1169,848,1904,2379,529,21444,21207,0,0,519,1365,0,2627,1288,640,1149,103,410,0,0,0,1246,21385,208,208,0,105,0,1254,212
 41335,0,21804,1169,848,1904,2379,529,21444,21207,0,0,519,1365,0,2627,1288,640,1149,103,410,0,0,0,1246,21385,208,208,0,105,0,1254,212
 41340,0,21804,1169,848,1904,2379,529,21444,21207,0,0,519,1365,0,2627,1288,640,1149,103,410,0,0,0,1246,21385,208,208,0,105,0,1254,212
 41345,0,21804,1169,848,1904,2379,529,21444,21207,0,0,519,1365,0,2627,1288,640,1149,103,410,0,0,0,1246,21385,208,208,0,105,0,1254,212
 41350,0,21804,1169,848,1904,2379,529,21444,21207,0,0,519,1365,0,2627,1288,640,1149,103,410,0,0,0,1246,21385,208,208,0,105,0,1254,212
 41355,0,21804,1169,848,1904,2379,529,21444,21207,0,0,519,1365,0,2627,1288,640,1149,103,410,0,0,0,1246,21385,208,208,0,105,0,1254,212
 41360,0,21804,1169,848,1904,2379,529,21444,21207,0,0,519,1365,0,2627,1288,640,1149,103,410,0,0,0,1246,21385,208,208,0,105,0,1254,212
 41365,0,21804,1169,848,1904,2379,529,21444,21207,0,0,519,1365,0,2627,1288,640,1149,103,410,0,0,0,1246,21385,208,208,0,105,0,1254,212
 41370,0,21804,1169,848,1904,2379,529,21444,21207,0,0,519,1365,0,2627,1288,640,1149,103,410,0,0,0,1246,21385,208,208,0,105,0,1254,212
 41375,0,21804,1169,848,1904,2379,529,21444,21207,0,0,519,1365,0,2627,1288,640,1149,103,410,0,0,0,1246,21385,208,208,0,105,0,1254,212
 41380,0,21804,1169,848,1904,2379,529,21444,21207,0,0,519,1365,0,2627,1288,640,1149,103,410,0,0,0,1246,21385,208,208,0,105,0,1254,212
 41385,0,21804,1169,848,1904,2379,529,21444,21207,0,0,519,1365,0,2627,1288,640,1149,103,410,0,0,0,1246,21385,208,208,0,105,0,1254,212
 41390,0,21804,1169,848,1904,2379,529,21444,21207,0,0,519,1365,0,2627,1288,640,1149,103,410,0,0,0,1246,21385,208,208,0,105,0,1254,212
 41395,0,21804,1169,848,1904,2379,529,21444,21207,0,0,519,1365,0,2627,1288,640,1149,103,410,0,0,0,1246,21388,208,208,0,105,0,1254,212
 41400,0,21804,1169,848,1904,2379,529,21444,21207,0,0,519,1365,0,2627,1288,640,1149,103,410,0,0,0,1246,21393,208,208,0,105,0,1254,212
 41405,0,21804,1169,848,1904,2379,529,21444,21207,0,0,519,1365,0,2627,1288,640,1149,103,410,0,0,0,1246,21398,208,208,0,105,0,1254,212
 41410,0,21804,1169,848,1904,2379,529,21444,21207,0,0,519,1365,0,2627,1288,640,1149,103,410,0,0,0,1246,21403,208,208,0,105,0,1254,212
 41415,0,21804,1169,848,1904,2379,529,21444,21207,0,0,519,1365,0,2627,1288,640,1149,103,410,0,0,0,1246,21408,208,208,0,105,0,1254,212
 41420,0,21803,1169,848,1904,2379,529,21443,21207,0,0,519,1365,0,2627,1288,640,1149,103,410,0,0,0,1246,21413,208,208,0,105,0,1254,212
 41425,0,21808,1169,848,1904,2379,529,21448,21207,0,0,519,1365,0,2627,1288,640,1149,103,410,0,0,0,1246,21418,208,208,0,105,0,1254,212
 41430,0,21813,1169,848,1904,2379,529,21453,21207,0,0,519,1365,0,2627,1288,640,1149,103,410,0,0,0,1246,21423,208,208,0,105,0,1254,212
 41435,0,21818,1169,848,1904,2379,529,21458,21209,0,0,519,1365,0,2627,1288,640,1149,103,410,0,0,0,1246,21428,208,208,0,105,0,1254,212
 41440,0,21823,1169,848,1904,2379,529,21463,21214,0,0,519,1365,0,2627,1288,640,1149,103,410,0,0,0,1246,21433,208,208,0,105,0,1254,212
 41445,0,21828,1169,848,1904,2379,529,21468,21219,0,0,519,1365,0,2627,1288,640,1149,103,410,0,0,0,1246,21438,208,208,0,105,0,1254,212
 41450,0,21833,1169,848,1904,2379,529,21473,21224,0,0,519,1365,0,2627,1288,640,1149,103,410,0,0,0,1246,21443,208,208,0,105,0,1254,212
 41455,0,21838,1169,848,1904,2379,529,21478,21229,0,0,519,1365,0,2627,1288,640,1149,103,410,0,0,0,1246,21448,208,208,0,105,0,1254,212
 41460,0,21843,1169,848,1904,2379,529,21483,21234,0,0,519,1365,0,2627,1288,640,1149,103,410,0,0,0,1246,21453,208,208,0,105,0,1254,212
 41465,0,21848,1169,848,1904,2379,529,21488,21239,0,0,519,1365,0,2627,1288,640,1149,103,410,0,0,0,1246,21458,208,208,0,105,0,1254,212
 41470,0,21853,1169,848,1904,2379,529,21493,21244,0,0,519,1365,0,2627,1288,640,1149,103,410,0,0,0,1246,21463,208,208,0,105,0,1254,212
 41475,0,21858,1169,848,1904,2379,529,21498,21249,0,0,519,1365,0,2627,1288,640,1149,103,410,0,0,0,1246,21468,208,208,0,105,0,1254,212
 41480,0,21863,1169,848,1904,2379,529,21503,21254,0,0,519,1365,0,2627,1288,640,1149,103,410,0,0,0,1246,21473,208,208,0,105,0,1254,212
 41485,0,21868,1169,848,1904,2379,529,21508,21259,0,0,519,1365,0,2627,1288,640,1149,103,410,0,0,0,1246,21478,208,208,0,105,0,1254,212
 41490,0,21873,1169,848,1904,2379,529,21513,21264,0,0,519,1365,0,2627,1288,640,1149,103,410,0,0,0,1246,21483,208,208,0,105,0,1254,212
 41495,0,21878,1169,848,1904,2379,529,21518,21269,0,0,519,1365,0,2627,1288,640,1149,103,410,0,0,0,1246,21486,208,208,0,105,0,1254,212
 41500,0,21883,1169,848,1904,2379,529,21523,21274,0,0,519,1365,0,2627,1288,640,1149,103,410,0,0,0,1246,21486,208,208,0,105,0,1254,212
 41505,0,21888,1169,848,1904,2379,529,21528,21279,0,0,519,1365,0,2627,1288,640,1149,103,410,0,0,0,1246,21486,208,208,0,105,0,1254,212
 41510,0,21893,1169,848,1904,2379,529,21533,21284,0,0,519,1365,0,2627,1288,640,1149,103,410,0,0,0,1246,21486,208,208,0,105,0,1254,212
 41515,0,21898,1169,848,1904,2379,529,21538,21289,0,0,519,1365,0,2627,1288,640,1149,103,410,0,0,0,1246,21486,208,208,0,105,0,1254,212
 41520,0,21903,1169,848,1904,2379,529,21543,21294,0,0,519,1365,0,2627,1288,640,1149,103,410,0,0,0,1246,21486,208,208,0,105,0,1254,212
 41525,0,21905,1169,848,1904,2379,529,21547,21299,0,0,519,1365,0,2627,1288,640,1149,103,410,0,0,0,1246,21486,208,208,0,105,0,1254,212
 41530,0,21905,1169,848,1904,2379,529,21547,21304,0,0,519,1365,0,2627,1288,640,1149,103,410,0,0,0,1246,21486,208,208,0,105,0,1254,212
 41535,0,21905,1169,848,1904,2379,529,21547,21309,0,0,519,1365,0,2627,1288,640,1149,103,410,0,0,0,1246,21486,208,208,0,105,0,1254,212
 41540,0,21905,1169,848,1904,2379,529,21547,21312,0,0,519,1365,0,2627,1288,640,1149,103,410,0,0,0,1246,21486,208,208,0,105,0,1254,212
 41545,0,21905,1169,848,1904,2379,529,21547,21312,0,0,519,1365,0,2627,1288,640,1149,103,410,0,0,0,1246,21486,208,208,0,105,0,1254,212
 41550,0,21905,1169,848,1904,2379,529,21547,21312,0,0,519,1365,0,2627,1288,640,1149,103,410,0,0,0,1246,21486,208,208,0,105,0,1254,212
 41555,0,21905,1169,848,1904,2379,529,21547,21312,0,0,519,1365,0,2627,1288,640,1149,103,410,0,0,0,1246,21486,208,208,0,105,0,1254,212
 41560,0,21905,1169,848,1904,2379,529,21547,21312,0,0,519,1365,0,2627,1288,640,1149,103,410,0,0,0,1246,21486,208,208,0,105,0,1254,212
 41565,0,21905,1169,848,1904,2379,529,21547,21312,0,0,519,1365,0,2627,1288,640,1149,103,410,0,0,0,1246,21486,208,208,0,105,0,1254,212
 41570,0,21905,1169,848,1904,2379,529,21547,21312,0,0,519,1365,0,2627,1288,640,1149,103,410,0,0,0,1246,21486,208,208,0,105,0,1254,212
 41575,0,21905,1169,848,1904,2379,529,21547,21312,0,0,519,1365,0,2627,1288,640,1149,103,410,0,0,0,1246,21486,208,208,0,105,0,1254,212
 41580,0,21905,1169,848,1904,2379,529,21547,21312,0,0,519,1365,0,2627,1288,640,1149,103,410,0,0,0,1246,21486,208,208,0,105,0,1254,212
 41585,0,21905,1169,848,1904,2379,529,21547,21312,0,0,519,1365,0,2627,1288,640,1149,103,410,0,0,0,1246,21486,208,208,0,105,0,1254,212
 41590,0,21905,1169,848,1904,2379,529,21547,21312,0,0,519,1365,0,2627,1288,640,1149,103,410,0,0,0,1246,21486,208,208,0,105,0,1254,212
 41595,0,21905,1169,848,1904,2379,529,21547,21312,0,0,519,1365,0,2627,1288,640,1149,103,410,0,0,0,1246,21486,208,208,0,105,0,1254,212
 41600,0,21905,1169,848,1904,2379,529,21547,21312,0,0,519,1365,0,2627,1288,640,1149,103,410,0,0,0,1246,21486,208,208,0,105,0,1254,212
 41605,0,21905,1169,848,1904,2379,529,21547,21312,0,0,519,1365,0,2627,1288,640,1149,103,410,0,0,0,1246,21486,208,208,0,105,0,1254,212
 41610,0,21905,1169,848,1904,2379,529,21547,21312,0,0,519,1365,0,2627,1288,640,1149,103,410,0,0,0,1246,21486,208,208,0,105,0,1254,212
 41615,0,21905,1169,848,1904,2379,529,21547,21312,0,0,519,1365,0,2627,1288,640,1149,103,410,0,0,0,1246,21486,208,208,0,105,0,1254,212
 41620,0,21905,1169,848,1904,2379,529,21547,21312,0,0,519,1365,0,2627,1288,640,1149,103,410,0,0,0,1246,21486,208,208,0,105,0,1254,212
 41625,0,21905,1169,848,1904,2379,529,21547,21312,0,0,519,1365,0,2627,1288,640,1149,103,410,0,0,0,1246,21486,208,208,0,105,0,1254,212
 41630,0,21905,1169,848,1904,2379,529,21547,21312,0,0,519,1365,0,2627,1288,640,1149,103,410,0,0,0,1246,21486,208,208,0,105,0,1254,212
 41635,0,21905,1169,848,1904,2379,529,21547,21312,0,0,519,1365,0,2627,1288,640,1149,103,410,0,0,0,1246,21486,208,208,0,105,0,1254,212
 41640,0,21905,1169,848,1904,2379,529,21547,21312,0,0,519,1365,0,2627,1288,640,1149,103,410,0,0,0,1246,21485,208,208,0,105,0,1254,212
 41645,0,21905,1169,848,1904,2379,529,21547,21312,0,0,519,1365,0,2627,1288,640,1149,103,410,0,0,0,1246,21490,208,208,0,105,0,1254,212
 41650,0,21905,1169,848,1904,2379,529,21547,21312,0,0,519,1365,0,2627,1288,640,1149,103,410,0,0,0,1246,21495,208,208,0,105,0,1254,212
 41655,0,21905,1169,848,1904,2379,529,21547,21312,0,0,519,1365,0,2627,1288,640,1149,103,410,0,0,0,1246,21500,208,208,0,105,0,1254,212
 41660,0,21905,1169,848,1904,2379,529,21547,21312,0,0,519,1365,0,2627,1288,640,1149,103,410,0,0,0,1246,21505,208,208,0,105,0,1254,212
 41665,0,21905,1169,848,1904,2379,529,21547,21314,0,0,519,1365,0,2627,1288,640,1149,103,410,0,0,0,1246,21510,208,208,0,105,0,1254,212
 41670,0,21905,1169,848,1904,2379,529,21550,21319,0,0,519,1365,0,2627,1288,640,1149,103,410,0,0,0,1246,21515,208,208,0,105,0,1254,212
 41675,0,21907,1169,848,1904,2379,529,21555,21324,0,0,519,1365,0,2627,1288,640,1149,103,410,0,0,0,1246,21520,208,208,0,105,0,1254,212
 41680,0,21912,1169,848,1904,2379,529,21560,21329,0,0,519,1365,0,2627,1288,640,1149,103,410,0,0,0,1246,21525,208,208,0,105,0,1254,212
 41685,0,21917,1169,848,1904,2379,529,21565,21334,0,0,519,1365,0,2627,1288,640,1149,103,410,0,0,0,1246,21530,208,208,0,105,0,1254,212
 41690,0,21922,1169,848,1904,2379,529,21570,21339,0,0,519,1365,0,2627,1288,640,1149,103,410,0,0,0,1246,21535,208,208,0,105,0,1254,212
 41695,0,21927,1169,848,1904,2379,529,21575,21344,0,0,519,1365,0,2627,1288,640,1149,103,410,0,0,0,1246,21540,208,208,0,105,0,1254,212
 41700,0,21932,1169,848,1904,2379,529,21580,21349,0,0,519,1365,0,2627,1288,640,1149,103,410,0,0,0,1246,21545,208,208,0,105,0,1254,212
 41705,0,21937,1169,848,1904,2379,529,21585,21354,0,0,519,1365,0,2627,1288,640,1149,103,410,0,0,0,1246,21550,208,208,0,105,0,1254,212
 41710,0,21942,1169,848,1904,2379,529,21590,21359,0,0,519,1365,0,2627,1288,640,1149,103,410,0,0,0,1246,21555,208,208,0,105,0,1254,212
 41715,0,21947,1169,848,1904,2379,529,21595,21364,0,0,519,1365,0,2627,1288,640,1149,103,410,0,0,0,1246,21560,208,208,0,105,0,1254,212
 41720,0,21952,1169,848,1904,2379,529,21600,21369,0,0,519,1365,0,2627,1288,640,1149,103,410,0,0,0,1246,21565,208,208,0,105,0,1254,212
 41725,0,21957,1169,848,1904,2379,529,21605,21374,0,0,519,1365,0,2627,1288,640,1149,103,410,0,0,0,1246,21570,208,208,0,105,0,1254,212
 41730,0,21962,1169,848,1904,2379,529,21610,21379,0,0,519,1365,0,2627,1288,640,1149,103,410,0,0,0,1246,21575,208,208,0,105,0,1254,212
 41735,0,21967,1169,848,1904,2379,529,21615,21384,0,0,519,1365,0,2627,1288,640,1149,103,410,0,0,0,1246,21580,208,208,0,105,0,1254,212
 41740,0,21972,1169,848,1904,2379,529,21620,21389,0,0,519,1365,0,2627,1288,640,1149,103,410,0,0,0,1246,21585,208,208,0,105,0,1254,212
 41745,0,21977,1169,848,1904,2379,529,21625,21394,0,0,519,1365,0,2627,1288,640,1149,103,410,0,0,0,1246,21591,208,208,0,105,0,1254,212
 41750,0,21982,1169,848,1904,2379,529,21630,21399,0,0,519,1365,0,2627,1288,640,1149,103,410,0,0,0,1246,21591,208,208,0,105,0,1254,212
 41755,0,21987,1169,848,1904,2379,529,21635,21404,0,0,519,1365,0,2627,1288,640,1149,103,410,0,0,0,1246,21591,208,208,0,105,0,1254,212
 41760,0,21992,1169,848,1904,2379,529,21640,21409,0,0,519,1365,0,2627,1288,640,1149,103,410,0,0,0,1246,21591,208,208,0,105,0,1254,212
 41765,0,21997,1169,848,1904,2379,529,21645,21414,0,0,519,1365,0,2627,1288,640,1149,103,410,0,0,0,1246,21591,208,208,0,105,0,1254,212
 41770,0,22002,1169,848,1904,2379,529,21650,21417,0,0,519,1365,0,2627,1288,640,1149,103,410,0,0,0,1246,21591,208,208,0,105,0,1254,212
 41775,0,22008,1169,848,1904,2379,529,21650,21417,0,0,519,1365,0,2627,1288,640,1149,103,410,0,0,0,1246,21591,208,208,0,105,0,1254,212
 41780,0,22008,1169,848,1904,2379,529,21650,21417,0,0,519,1365,0,2627,1288,640,1149,103,410,0,0,0,1246,21591,208,208,0,105,0,1254,212
 41785,0,22008,1169,848,1904,2379,529,21650,21417,0,0,519,1365,0,2627,1288,640,1149,103,410,0,0,0,1246,21591,208,208,0,105,0,1254,212
 41790,0,22008,1169,848,1904,2379,529,21650,21417,0,0,519,1365,0,2627,1288,640,1149,103,410,0,0,0,1246,21591,208,208,0,105,0,1254,212
 41795,0,22008,1169,848,1904,2379,529,21650,21417,0,0,519,1365,0,2627,1288,640,1149,103,410,0,0,0,1246,21591,208,208,0,105,0,1254,212
 41800,0,22008,1169,848,1904,2379,529,21650,21417,0,0,519,1365,0,2627,1288,640,1149,103,410,0,0,0,1246,21591,208,208,0,105,0,1254,212
 41805,0,22008,1169,848,1904,2379,529,21650,21417,0,0,519,1365,0,2627,1288,640,1149,103,410,0,0,0,1246,21591,208,208,0,105,0,1254,212
 41810,0,22008,1169,848,1904,2379,529,21650,21417,0,0,519,1365,0,2627,1288,640,1149,103,410,0,0,0,1246,21591,208,208,0,105,0,1254,212
 41815,0,22008,1169,848,1904,2379,529,21650,21417,0,0,519,1365,0,2627,1288,640,1149,103,410,0,0,0,1246,21591,208,208,0,105,0,1254,212
 41820,0,22008,1169,848,1904,2379,529,21650,21417,0,0,519,1365,0,2627,1288,640,1149,103,410,0,0,0,1246,21591,208,208,0,105,0,1254,212
 41825,0,22008,1169,848,1904,2379,529,21650,21417,0,0,519,1365,0,2627,1288,640,1149,103,410,0,0,0,1246,21591,208,208,0,105,0,1254,212
 41830,0,22008,1169,848,1904,2379,529,21650,21417,0,0,519,1365,0,2627,1288,640,1149,103,410,0,0,0,1246,21591,208,208,0,105,0,1254,212
 41835,0,22008,1169,848,1904,2379,529,21650,21417,0,0,519,1365,0,2627,1288,640,1149,103,410,0,0,0,1246,21591,208,208,0,105,0,1254,212
 41840,0,22008,1169,848,1904,2379,529,21650,21417,0,0,519,1365,0,2627,1288,640,1149,103,410,0,0,0,1246,21591,208,208,0,105,0,1254,212
 41845,0,22008,1169,848,1904,2379,529,21650,21417,0,0,519,1365,0,2627,1288,640,1149,103,410,0,0,0,1246,21591,208,208,0,105,0,1254,212
 41850,0,22008,1169,848,1904,2379,529,21650,21417,0,0,519,1365,0,2627,1288,640,1149,103,410,0,0,0,1246,21591,208,208,0,105,0,1254,212
 41855,0,22008,1169,848,1904,2379,529,21650,21417,0,0,519,1365,0,2627,1288,640,1149,103,410,0,0,0,1246,21591,208,208,0,105,0,1254,212
 41860,0,22008,1169,848,1904,2379,529,21650,21417,0,0,519,1365,0,2627,1288,640,1149,103,410,0,0,0,1246,21591,208,208,0,105,0,1254,212
 41865,0,22008,1169,848,1904,2379,529,21650,21417,0,0,519,1365,0,2627,1288,640,1149,103,410,0,0,0,1246,21591,208,208,0,105,0,1254,212
 41870,0,22008,1169,848,1904,2379,529,21650,21417,0,0,519,1365,0,2627,1288,640,1149,103,410,0,0,0,1246,21591,208,208,0,105,0,1254,212
 41875,0,22008,1169,848,1904,2379,529,21650,21417,0,0,519,1365,0,2627,1288,640,1149,103,410,0,0,0,1246,21591,208,208,0,105,0,1254,212
 41880,0,22008,1169,848,1904,2379,529,21650,21417,0,0,519,1365,0,2627,1288,640,1149,103,410,0,0,0,1246,21596,208,208,0,105,0,1254,212
 41885,0,22008,1169,848,1904,2379,529,21650,21422,0,0,519,1365,0,2627,1288,640,1149,103,410,0,0,0,1246,21601,208,208,0,105,0,1254,212
 41890,0,22010,1169,848,1904,2379,529,21653,21427,0,0,519,1365,0,2627,1288,640,1149,103,410,0,0,0,1246,21606,208,208,0,105,0,1254,212
 41895,0,22015,1169,848,1904,2379,529,21658,21432,0,0,519,1365,0,2627,1288,640,1149,103,410,0,0,0,1246,21611,208,208,0,105,0,1254,212
 41900,0,22020,1169,848,1904,2379,529,21663,21437,0,0,519,1365,0,2627,1288,640,1149,103,410,0,0,0,1246,21616,208,208,0,105,0,1254,212
 41905,0,22025,1169,848,1904,2379,529,21668,21442,0,0,519,1365,0,2627,1288,640,1149,103,410,0,0,0,1246,21621,208,208,0,105,0,1254,212
 41910,0,22030,1169,848,1904,2379,529,21673,21447,0,0,519,1365,0,2627,1288,640,1149,103,410,0,0,0,1246,21626,208,208,0,105,0,1254,212
 41915,0,22035,1169,848,1904,2379,529,21678,21452,0,0,519,1365,0,2627,1288,640,1149,103,410,0,0,0,1246,21631,208,208,0,105,0,1254,212
 41920,0,22040,1169,848,1904,2379,529,21683,21457,0,0,519,1365,0,2627,1288,640,1149,103,410,0,0,0,1246,21636,208,208,0,105,0,1254,212
 41925,0,22045,1169,848,1904,2379,529,21688,21462,0,0,519,1365,0,2627,1288,640,1149,103,410,0,0,0,1246,21641,208,208,0,105,0,1254,212
 41930,0,22050,1169,848,1904,2379,529,21693,21467,0,0,519,1365,0,2627,1288,640,1149,103,410,0,0,0,1246,21646,208,208,0,105,0,1254,212
 41935,0,22055,1169,848,1904,2379,529,21698,21472,0,0,519,1365,0,2627,1288,640,1149,103,410,0,0,0,1246,21651,208,208,0,105,0,1254,212
 41940,0,22060,1169,848,1904,2379,529,21703,21477,0,0,519,1365,0,2627,1288,640,1149,103,410,0,0,0,1246,21656,208,208,0,105,0,1254,212
 41945,0,22065,1169,848,1904,2379,529,21708,21482,0,0,519,1365,0,2627,1288,640,1149,103,410,0,0,0,1246,21661,208,208,0,105,0,1254,212
 41950,0,22070,1169,848,1904,2379,529,21713,21487,0,0,519,1365,0,2627,1288,640,1149,103,410,0,0,0,1246,21666,208,208,0,105,0,1254,212
 41955,0,22075,1169,848,1904,2379,529,21718,21492,0,0,519,1365,0,2627,1288,640,1149,103,410,0,0,0,1246,21671,208,208,0,105,0,1254,212
 41960,0,22080,1169,848,1904,2379,529,21723,21497,0,0,519,1365,0,2627,1288,640,1149,103,410,0,0,0,1246,21676,208,208,0,105,0,1254,212
 41965,0,22085,1169,848,1904,2379,529,21728,21502,0,0,519,1365,0,2627,1288,640,1149,103,410,0,0,0,1246,21681,208,208,0,105,0,1254,212
 41970,0,22090,1169,848,1904,2379,529,21733,21507,0,0,519,1365,0,2627,1288,640,1149,103,410,0,0,0,1246,21686,208,208,0,105,0,1254,212
 41975,0,22095,1169,848,1904,2379,529,21738,21512,0,0,519,1365,0,2627,1288,640,1149,103,410,0,0,0,1246,21691,208,208,0,105,0,1254,212
 41980,0,22100,1169,848,1904,2379,529,21743,21517,0,0,519,1365,0,2627,1288,640,1149,103,410,0,0,0,1246,21696,208,208,0,105,0,1254,212
 41985,0,22105,1169,848,1904,2379,529,21748,21520,0,0,519,1365,0,2627,1288,640,1149,103,410,0,0,0,1246,21696,208,208,0,105,0,1254,212
 41990,0,22110,1169,848,1904,2379,529,21753,21520,0,0,519,1365,0,2627,1288,640,1149,103,410,0,0,0,1246,21696,208,208,0,105,0,1254,212
 41995,0,22113,1169,848,1904,2379,529,21755,21520,0,0,519,1365,0,2627,1288,640,1149,103,410,0,0,0,1246,21696,208,208,0,105,0,1254,212
 42000,0,22113,1169,848,1904,2379,529,21755,21520,0,0,519,1365,0,2627,1288,640,1149,103,410,0,0,0,1246,21696,208,208,0,105,0,1254,212
 42005,0,22113,1169,848,1904,2379,529,21755,21520,0,0,519,1365,0,2627,1288,640,1149,103,410,0,0,0,1246,21696,208,208,0,105,0,1254,212
 42010,0,22113,1169,848,1904,2379,529,21755,21520,0,0,519,1365,0,2627,1288,640,1149,103,410,0,0,0,1246,21696,208,208,0,105,0,1254,212
 42015,0,22113,1169,848,1904,2379,529,21755,21520,0,0,519,1365,0,2627,1288,640,1149,103,410,0,0,0,1246,21696,208,208,0,105,0,1254,212
 42020,0,22113,1169,848,1904,2379,529,21755,21520,0,0,519,1365,0,2627,1288,640,1149,103,410,0,0,0,1246,21696,208,208,0,105,0,1254,212
 42025,0,22113,1169,848,1904,2379,529,21755,21520,0,0,519,1365,0,2627,1288,640,1149,103,410,0,0,0,1246,21696,208,208,0,105,0,1254,212
 42030,0,22113,1169,848,1904,2379,529,21755,21520,0,0,519,1365,0,2627,1288,640,1149,103,410,0,0,0,1246,21696,208,208,0,105,0,1254,212
 42035,0,22113,1169,848,1904,2379,529,21755,21520,0,0,519,1365,0,2627,1288,640,1149,103,410,0,0,0,1246,21696,208,208,0,105,0,1254,212
 42040,0,22113,1169,848,1904,2379,529,21755,21520,0,0,519,1365,0,2627,1288,640,1149,103,410,0,0,0,1246,21696,208,208,0,105,0,1254,212
 42045,0,22113,1169,848,1904,2379,529,21755,21520,0,0,519,1365,0,2627,1288,640,1149,103,410,0,0,0,1246,21696,208,208,0,105,0,1254,212
 42050,0,22113,1169,848,1904,2379,529,21755,21520,0,0,519,1365,0,2627,1288,640,1149,103,410,0,0,0,1246,21696,208,208,0,105,0,1254,212
 42055,0,22113,1169,848,1904,2379,529,21755,21520,0,0,519,1365,0,2627,1288,640,1149,103,410,0,0,0,1246,21696,208,208,0,105,0,1254,212
 42060,0,22113,1169,848,1904,2379,529,21755,21520,0,0,519,1365,0,2627,1288,640,1149,103,410,0,0,0,1246,21696,208,208,0,105,0,1254,212
 42065,0,22113,1169,848,1904,2379,529,21755,21520,0,0,519,1365,0,2627,1288,640,1149,103,410,0,0,0,1246,21696,208,208,0,105,0,1254,212
 42070,0,22114,1169,848,1904,2379,529,21755,21520,0,0,519,1365,0,2627,1288,640,1149,103,410,0,0,0,1246,21696,208,208,0,105,0,1254,212
 42075,0,22119,1169,848,1904,2379,529,21755,21520,0,0,519,1365,0,2627,1288,640,1149,103,410,0,0,0,1246,21696,208,208,0,105,0,1254,212
 42080,0,22124,1169,848,1904,2379,529,21755,21520,0,0,519,1365,0,2627,1288,640,1149,103,410,0,0,0,1246,21696,208,208,0,105,0,1254,212
 42085,0,22129,1169,848,1904,2379,529,21755,21520,0,0,519,1365,0,2627,1288,640,1149,103,410,0,0,0,1246,21696,208,208,0,105,0,1254,212
 42090,0,22134,1169,848,1904,2379,529,21755,21520,0,0,519,1365,0,2627,1288,640,1149,103,410,0,0,0,1246,21696,208,208,0,105,0,1254,212
 42095,0,22139,1169,848,1904,2379,529,21755,21522,0,0,519,1365,0,2627,1288,640,1149,103,410,0,0,0,1246,21696,208,208,0,105,0,1254,212
 42100,0,22144,1169,848,1904,2379,529,21755,21527,0,0,519,1365,0,2627,1288,640,1149,103,410,0,0,0,1246,21696,208,208,0,105,0,1254,212
 42105,0,22149,1169,848,1904,2379,529,21755,21532,0,0,519,1365,0,2627,1288,640,1149,103,410,0,0,0,1246,21696,208,208,0,105,0,1254,212
 42110,0,22154,1169,848,1904,2379,529,21755,21537,0,0,519,1365,0,2627,1288,640,1149,103,410,0,0,0,1246,21701,208,208,0,105,0,1254,212
 42115,0,22159,1169,848,1904,2379,529,21755,21542,0,0,519,1365,0,2627,1288,640,1149,103,410,0,0,0,1246,21706,208,208,0,105,0,1254,212
 42120,0,22164,1169,848,1904,2379,529,21756,21547,0,0,519,1365,0,2627,1288,640,1149,103,410,0,0,0,1246,21711,208,208,0,105,0,1254,212
 42125,0,22169,1169,848,1904,2379,529,21761,21552,0,0,519,1365,0,2627,1288,640,1149,103,410,0,0,0,1246,21716,208,208,0,105,0,1254,212
 42130,0,22174,1169,848,1904,2379,529,21766,21557,0,0,519,1365,0,2627,1288,640,1149,103,410,0,0,0,1246,21721,208,208,0,105,0,1254,212
 42135,0,22179,1169,848,1904,2379,529,21771,21562,0,0,519,1365,0,2627,1288,640,1149,103,410,0,0,0,1246,21726,208,208,0,105,0,1254,212
 42140,0,22184,1169,848,1904,2379,529,21776,21567,0,0,519,1365,0,2627,1288,640,1149,103,410,0,0,0,1246,21731,208,208,0,105,0,1254,212
 42145,0,22189,1169,848,1904,2379,529,21781,21572,0,0,519,1365,0,2627,1288,640,1149,103,410,0,0,0,1246,21736,208,208,0,105,0,1254,212
 42150,0,22194,1169,848,1904,2379,529,21786,21577,0,0,519,1365,0,2627,1288,640,1149,103,410,0,0,0,1246,21741,208,208,0,105,0,1254,212
 42155,0,22199,1169,848,1904,2379,529,21791,21582,0,0,519,1365,0,2627,1288,640,1149,103,410,0,0,0,1246,21746,208,208,0,105,0,1254,212
 42160,0,22204,1169,848,1904,2379,529,21796,21587,0,0,519,1365,0,2627,1288,640,1149,103,410,0,0,0,1246,21751,208,208,0,105,0,1254,212
 42165,0,22209,1169,848,1904,2379,529,21801,21592,0,0,519,1365,0,2627,1288,640,1149,103,410,0,0,0,1246,21756,208,208,0,105,0,1254,212
 42170,0,22214,1169,848,1904,2379,529,21806,21597,0,0,519,1365,0,2627,1288,640,1149,103,410,0,0,0,1246,21761,208,208,0,105,0,1254,212
 42175,0,22214,1169,848,1904,2379,529,21811,21602,0,0,519,1365,0,2627,1288,640,1149,103,410,0,0,0,1246,21766,208,208,0,105,0,1254,212
 42180,0,22214,1169,848,1904,2379,529,21816,21607,0,0,519,1365,0,2627,1288,640,1149,103,410,0,0,0,1246,21771,208,208,0,105,0,1254,212
 42185,0,22214,1169,848,1904,2379,529,21821,21612,0,0,519,1365,0,2627,1288,640,1149,103,410,0,0,0,1246,21776,208,208,0,105,0,1254,212
 42190,0,22214,1169,848,1904,2379,529,21826,21617,0,0,519,1365,0,2627,1288,640,1149,103,410,0,0,0,1246,21781,208,208,0,105,0,1254,212
 42195,0,22214,1169,848,1904,2379,529,21831,21623,0,0,519,1365,0,2627,1288,640,1149,103,410,0,0,0,1246,21786,208,208,0,105,0,1254,212
 42200,0,22214,1169,848,1904,2379,529,21836,21623,0,0,519,1365,0,2627,1288,640,1149,103,410,0,0,0,1246,21791,208,208,0,105,0,1254,212
 42205,0,22214,1169,848,1904,2379,529,21841,21623,0,0,519,1365,0,2627,1288,640,1149,103,410,0,0,0,1246,21796,208,208,0,105,0,1254,212
 42210,0,22214,1169,848,1904,2379,529,21846,21623,0,0,519,1365,0,2627,1288,640,1149,103,410,0,0,0,1246,21799,208,208,0,105,0,1254,212
 42215,0,22214,1169,848,1904,2379,529,21851,21623,0,0,519,1365,0,2627,1288,640,1149,103,410,0,0,0,1246,21799,208,208,0,105,0,1254,212
 42220,0,22214,1169,848,1904,2379,529,21856,21623,0,0,519,1365,0,2627,1288,640,1149,103,410,0,0,0,1246,21799,208,208,0,105,0,1254,212
 42225,0,22214,1169,848,1904,2379,529,21860,21623,0,0,519,1365,0,2627,1288,640,1149,103,410,0,0,0,1246,21799,208,208,0,105,0,1254,212
 42230,0,22214,1169,848,1904,2379,529,21860,21623,0,0,519,1365,0,2627,1288,640,1149,103,410,0,0,0,1246,21799,208,208,0,105,0,1254,212
 42235,0,22214,1169,848,1904,2379,529,21860,21623,0,0,519,1365,0,2627,1288,640,1149,103,410,0,0,0,1246,21799,208,208,0,105,0,1254,212
 42240,0,22214,1169,848,1904,2379,529,21860,21623,0,0,519,1365,0,2627,1288,640,1149,103,410,0,0,0,1246,21799,208,208,0,105,0,1254,212
 42245,0,22214,1169,848,1904,2379,529,21860,21623,0,0,519,1365,0,2627,1288,640,1149,103,410,0,0,0,1246,21799,208,208,0,105,0,1254,212
 42250,0,22214,1169,848,1904,2379,529,21860,21623,0,0,519,1365,0,2627,1288,640,1149,103,410,0,0,0,1246,21799,208,208,0,105,0,1254,212
 42255,0,22214,1169,848,1904,2379,529,21860,21623,0,0,519,1365,0,2627,1288,640,1149,103,410,0,0,0,1246,21799,208,208,0,105,0,1254,212
 42260,0,22214,1169,848,1904,2379,529,21860,21623,0,0,519,1365,0,2627,1288,640,1149,103,410,0,0,0,1246,21799,208,208,0,105,0,1254,212
 42265,0,22214,1169,848,1904,2379,529,21860,21623,0,0,519,1365,0,2627,1288,640,1149,103,410,0,0,0,1246,21799,208,208,0,105,0,1254,212
 42270,0,22214,1169,848,1904,2379,529,21860,21623,0,0,519,1365,0,2627,1288,640,1149,103,410,0,0,0,1246,21799,208,208,0,105,0,1254,212
 42275,0,22214,1169,848,1904,2379,529,21860,21623,0,0,519,1365,0,2627,1288,640,1149,103,410,0,0,0,1246,21799,208,208,0,105,0,1254,212
 42280,0,22214,1169,848,1904,2379,529,21860,21623,0,0,519,1365,0,2627,1288,640,1149,103,410,0,0,0,1246,21799,208,208,0,105,0,1254,212
 42285,0,22214,1169,848,1904,2379,529,21860,21623,0,0,519,1365,0,2627,1288,640,1149,103,410,0,0,0,1246,21799,208,208,0,105,0,1254,212
 42290,0,22214,1169,848,1904,2379,529,21860,21623,0,0,519,1365,0,2627,1288,640,1149,103,410,0,0,0,1246,21799,208,208,0,105,0,1254,212
 42295,0,22214,1169,848,1904,2379,529,21860,21623,0,0,519,1365,0,2627,1288,640,1149,103,410,0,0,0,1246,21802,208,208,0,105,0,1254,212
 42300,0,22214,1169,848,1904,2379,529,21860,21623,0,0,519,1365,0,2627,1288,640,1149,103,410,0,0,0,1246,21807,208,208,0,105,0,1254,212
 42305,0,22214,1169,848,1904,2379,529,21860,21623,0,0,519,1365,0,2627,1288,640,1149,103,410,0,0,0,1246,21812,208,208,0,105,0,1254,212
 42310,0,22214,1169,848,1904,2379,529,21860,21625,0,0,519,1365,0,2627,1288,640,1149,103,410,0,0,0,1246,21817,208,208,0,105,0,1254,212
 42315,0,22214,1169,848,1904,2379,529,21860,21630,0,0,519,1365,0,2627,1288,640,1149,103,410,0,0,0,1246,21822,208,208,0,105,0,1254,212
 42320,0,22216,1169,848,1904,2379,529,21860,21635,0,0,519,1365,0,2627,1288,640,1149,103,410,0,0,0,1246,21827,208,208,0,105,0,1254,212
 42325,0,22221,1169,848,1904,2379,529,21860,21640,0,0,519,1365,0,2627,1288,640,1149,103,410,0,0,0,1246,21832,208,208,0,105,0,1254,212
 42330,0,22226,1169,848,1904,2379,529,21860,21645,0,0,519,1365,0,2627,1288,640,1149,103,410,0,0,0,1246,21837,208,208,0,105,0,1254,212
 42335,0,22231,1169,848,1904,2379,529,21860,21650,0,0,519,1365,0,2627,1288,640,1149,103,410,0,0,0,1246,21842,208,208,0,105,0,1254,212
 42340,0,22236,1169,848,1904,2379,529,21860,21655,0,0,519,1365,0,2627,1288,640,1149,103,410,0,0,0,1246,21847,208,208,0,105,0,1254,212
 42345,0,22241,1169,848,1904,2379,529,21863,21660,0,0,519,1365,0,2627,1288,640,1149,103,410,0,0,0,1246,21852,208,208,0,105,0,1254,212
 42350,0,22246,1169,848,1904,2379,529,21868,21665,0,0,519,1365,0,2627,1288,640,1149,103,410,0,0,0,1246,21857,208,208,0,105,0,1254,212
 42355,0,22251,1169,848,1904,2379,529,21873,21670,0,0,519,1365,0,2627,1288,640,1149,103,410,0,0,0,1246,21862,208,208,0,105,0,1254,212
 42360,0,22256,1169,848,1904,2379,529,21878,21675,0,0,519,1365,0,2627,1288,640,1149,103,410,0,0,0,1246,21867,208,208,0,105,0,1254,212
 42365,0,22261,1169,848,1904,2379,529,21883,21680,0,0,519,1365,0,2627,1288,640,1149,103,410,0,0,0,1246,21872,208,208,0,105,0,1254,212
 42370,0,22266,1169,848,1904,2379,529,21888,21685,0,0,519,1365,0,2627,1288,640,1149,103,410,0,0,0,1246,21877,208,208,0,105,0,1254,212
 42375,0,22271,1169,848,1904,2379,529,21893,21690,0,0,519,1365,0,2627,1288,640,1149,103,410,0,0,0,1246,21882,208,208,0,105,0,1254,212
 42380,0,22276,1169,848,1904,2379,529,21898,21695,0,0,519,1365,0,2627,1288,640,1149,103,410,0,0,0,1246,21887,208,208,0,105,0,1254,212
 42385,0,22281,1169,848,1904,2379,529,21903,21700,0,0,519,1365,0,2627,1288,640,1149,103,410,0,0,0,1246,21892,208,208,0,105,0,1254,212
 42390,0,22286,1169,848,1904,2379,529,21908,21705,0,0,519,1365,0,2627,1288,640,1149,103,410,0,0,0,1246,21897,208,208,0,105,0,1254,212
 42395,0,22291,1169,848,1904,2379,529,21913,21710,0,0,519,1365,0,2627,1288,640,1149,103,410,0,0,0,1246,21902,208,208,0,105,0,1254,212
 42400,0,22296,1169,848,1904,2379,529,21918,21715,0,0,519,1365,0,2627,1288,640,1149,103,410,0,0,0,1246,21906,208,208,0,105,0,1254,212
 42405,0,22301,1169,848,1904,2379,529,21923,21720,0,0,519,1365,0,2627,1288,640,1149,103,410,0,0,0,1246,21906,208,208,0,105,0,1254,212
 42410,0,22306,1169,848,1904,2379,529,21928,21725,0,0,519,1365,0,2627,1288,640,1149,103,410,0,0,0,1246,21906,208,208,0,105,0,1254,212
 42415,0,22311,1169,848,1904,2379,529,21933,21730,0,0,519,1365,0,2627,1288,640,1149,103,410,0,0,0,1246,21906,208,208,0,105,0,1254,212
 42420,0,22317,1169,848,1904,2379,529,21938,21730,0,0,519,1365,0,2627,1288,640,1149,103,410,0,0,0,1246,21906,208,208,0,105,0,1254,212
 42425,0,22317,1169,848,1904,2379,529,21943,21730,0,0,519,1365,0,2627,1288,640,1149,103,410,0,0,0,1246,21906,208,208,0,105,0,1254,212
 42430,0,22317,1169,848,1904,2379,529,21948,21730,0,0,519,1365,0,2627,1288,640,1149,103,410,0,0,0,1246,21906,208,208,0,105,0,1254,212
 42435,0,22317,1169,848,1904,2379,529,21953,21730,0,0,519,1365,0,2627,1288,640,1149,103,410,0,0,0,1246,21906,208,208,0,105,0,1254,212
 42440,0,22317,1169,848,1904,2379,529,21958,21730,0,0,519,1365,0,2627,1288,640,1149,103,410,0,0,0,1246,21906,208,208,0,105,0,1254,212
 42445,0,22317,1169,848,1904,2379,529,21963,21730,0,0,519,1365,0,2627,1288,640,1149,103,410,0,0,0,1246,21906,208,208,0,105,0,1254,212
 42450,0,22317,1169,848,1904,2379,529,21963,21730,0,0,519,1365,0,2627,1288,640,1149,103,410,0,0,0,1246,21906,208,208,0,105,0,1254,212
 42455,0,22317,1169,848,1904,2379,529,21963,21730,0,0,519,1365,0,2627,1288,640,1149,103,410,0,0,0,1246,21906,208,208,0,105,0,1254,212
 42460,0,22317,1169,848,1904,2379,529,21963,21730,0,0,519,1365,0,2627,1288,640,1149,103,410,0,0,0,1246,21906,208,208,0,105,0,1254,212
 42465,0,22317,1169,848,1904,2379,529,21963,21730,0,0,519,1365,0,2627,1288,640,1149,103,410,0,0,0,1246,21906,208,208,0,105,0,1254,212
 42470,0,22317,1169,848,1904,2379,529,21963,21730,0,0,519,1365,0,2627,1288,640,1149,103,410,0,0,0,1246,21906,208,208,0,105,0,1254,212
 42475,0,22317,1169,848,1904,2379,529,21963,21730,0,0,519,1365,0,2627,1288,640,1149,103,410,0,0,0,1246,21906,208,208,0,105,0,1254,212
 42480,0,22317,1169,848,1904,2379,529,21963,21730,0,0,519,1365,0,2627,1288,640,1149,103,410,0,0,0,1246,21906,208,208,0,105,0,1254,212
 42485,0,22317,1169,848,1904,2379,529,21963,21730,0,0,519,1365,0,2627,1288,640,1149,103,410,0,0,0,1246,21906,208,208,0,105,0,1254,212
 42490,0,22317,1169,848,1904,2379,529,21963,21730,0,0,519,1365,0,2627,1288,640,1149,103,410,0,0,0,1246,21906,208,208,0,105,0,1254,212
 42495,0,22317,1169,848,1904,2379,529,21963,21730,0,0,519,1365,0,2627,1288,640,1149,103,410,0,0,0,1246,21906,208,208,0,105,0,1254,212
 42500,0,22317,1169,848,1904,2379,529,21963,21730,0,0,519,1365,0,2627,1288,640,1149,103,410,0,0,0,1246,21906,208,208,0,105,0,1254,212
 42505,0,22317,1169,848,1904,2379,529,21963,21730,0,0,519,1365,0,2627,1288,640,1149,103,410,0,0,0,1246,21906,208,208,0,105,0,1254,212
 42510,0,22317,1169,848,1904,2379,529,21963,21732,0,0,519,1365,0,2627,1288,640,1149,103,410,0,0,0,1246,21906,208,208,0,105,0,1254,212
 42515,0,22319,1169,848,1904,2379,529,21963,21737,0,0,519,1365,0,2627,1288,640,1149,103,410,0,0,0,1246,21906,208,208,0,105,0,1254,212
 42520,0,22324,1169,848,1904,2379,529,21963,21742,0,0,519,1365,0,2627,1288,640,1149,103,410,0,0,0,1246,21906,208,208,0,105,0,1254,212
 42525,0,22329,1169,848,1904,2379,529,21963,21747,0,0,519,1365,0,2627,1288,640,1149,103,410,0,0,0,1246,21905,208,208,0,105,0,1254,212
 42530,0,22334,1169,848,1904,2379,529,21963,21752,0,0,519,1365,0,2627,1288,640,1149,103,410,0,0,0,1246,21910,208,208,0,105,0,1254,212
 42535,0,22339,1169,848,1904,2379,529,21963,21757,0,0,519,1365,0,2627,1288,640,1149,103,410,0,0,0,1246,21915,208,208,0,105,0,1254,212
 42540,0,22344,1169,848,1904,2379,529,21964,21762,0,0,519,1365,0,2627,1288,640,1149,103,410,0,0,0,1246,21920,208,208,0,105,0,1254,212
 42545,0,22349,1169,848,1904,2379,529,21969,21767,0,0,519,1365,0,2627,1288,640,1149,103,410,0,0,0,1246,21925,208,208,0,105,0,1254,212
 42550,0,22354,1169,848,1904,2379,529,21974,21772,0,0,519,1365,0,2627,1288,640,1149,103,410,0,0,0,1246,21930,208,208,0,105,0,1254,212
 42555,0,22359,1169,848,1904,2379,529,21979,21777,0,0,519,1365,0,2627,1288,640,1149,103,410,0,0,0,1246,21935,208,208,0,105,0,1254,212
 42560,0,22364,1169,848,1904,2379,529,21984,21782,0,0,519,1365,0,2627,1288,640,1149,103,410,0,0,0,1246,21940,208,208,0,105,0,1254,212
 42565,0,22369,1169,848,1904,2379,529,21989,21787,0,0,519,1365,0,2627,1288,640,1149,103,410,0,0,0,1246,21945,208,208,0,105,0,1254,212
 42570,0,22374,1169,848,1904,2379,529,21994,21792,0,0,519,1365,0,2627,1288,640,1149,103,410,0,0,0,1246,21950,208,208,0,105,0,1254,212
 42575,0,22379,1169,848,1904,2379,529,21999,21797,0,0,519,1365,0,2627,1288,640,1149,103,410,0,0,0,1246,21955,208,208,0,105,0,1254,212
 42580,0,22384,1169,848,1904,2379,529,22004,21802,0,0,519,1365,0,2627,1288,640,1149,103,410,0,0,0,1246,21960,208,208,0,105,0,1254,212
 42585,0,22389,1169,848,1904,2379,529,22009,21807,0,0,519,1365,0,2627,1288,640,1149,103,410,0,0,0,1246,21965,208,208,0,105,0,1254,212
 42590,0,22394,1169,848,1904,2379,529,22014,21812,0,0,519,1365,0,2627,1288,640,1149,103,410,0,0,0,1246,21970,208,208,0,105,0,1254,212
 42595,0,22399,1169,848,1904,2379,529,22019,21817,0,0,519,1365,0,2627,1288,640,1149,103,410,0,0,0,1246,21975,208,208,0,105,0,1254,212
 42600,0,22404,1169,848,1904,2379,529,22024,21822,0,0,519,1365,0,2627,1288,640,1149,103,410,0,0,0,1246,21980,208,208,0,105,0,1254,212
 42605,0,22409,1169,848,1904,2379,529,22029,21827,0,0,519,1365,0,2627,1288,640,1149,103,410,0,0,0,1246,21985,208,208,0,105,0,1254,212
 42610,0,22414,1169,848,1904,2379,529,22034,21832,0,0,519,1365,0,2627,1288,640,1149,103,410,0,0,0,1246,21990,208,208,0,105,0,1254,212
 42615,0,22419,1169,848,1904,2379,529,22039,21835,0,0,519,1365,0,2627,1288,640,1149,103,410,0,0,0,1246,21995,208,208,0,105,0,1254,212
 42620,0,22422,1169,848,1904,2379,529,22044,21835,0,0,519,1365,0,2627,1288,640,1149,103,410,0,0,0,1246,22000,208,208,0,105,0,1254,212
 42625,0,22422,1169,848,1904,2379,529,22049,21835,0,0,519,1365,0,2627,1288,640,1149,103,410,0,0,0,1246,22005,208,208,0,105,0,1254,212
 42630,0,22422,1169,848,1904,2379,529,22054,21835,0,0,519,1365,0,2627,1288,640,1149,103,410,0,0,0,1246,22009,208,208,0,105,0,1254,212
 42635,0,22422,1169,848,1904,2379,529,22059,21835,0,0,519,1365,0,2627,1288,640,1149,103,410,0,0,0,1246,22009,208,208,0,105,0,1254,212
 42640,0,22422,1169,848,1904,2379,529,22064,21835,0,0,519,1365,0,2627,1288,640,1149,103,410,0,0,0,1246,22009,208,208,0,105,0,1254,212
 42645,0,22422,1169,848,1904,2379,529,22066,21835,0,0,519,1365,0,2627,1288,640,1149,103,410,0,0,0,1246,22009,208,208,0,105,0,1254,212
 42650,0,22422,1169,848,1904,2379,529,22066,21835,0,0,519,1365,0,2627,1288,640,1149,103,410,0,0,0,1246,22009,208,208,0,105,0,1254,212
 42655,0,22422,1169,848,1904,2379,529,22066,21835,0,0,519,1365,0,2627,1288,640,1149,103,410,0,0,0,1246,22009,208,208,0,105,0,1254,212
 42660,0,22422,1169,848,1904,2379,529,22066,21835,0,0,519,1365,0,2627,1288,640,1149,103,410,0,0,0,1246,22009,208,208,0,105,0,1254,212
 42665,0,22422,1169,848,1904,2379,529,22066,21835,0,0,519,1365,0,2627,1288,640,1149,103,410,0,0,0,1246,22009,208,208,0,105,0,1254,212
 42670,0,22422,1169,848,1904,2379,529,22066,21835,0,0,519,1365,0,2627,1288,640,1149,103,410,0,0,0,1246,22009,208,208,0,105,0,1254,212
 42675,0,22422,1169,848,1904,2379,529,22066,21835,0,0,519,1365,0,2627,1288,640,1149,103,410,0,0,0,1246,22009,208,208,0,105,0,1254,212
 42680,0,22422,1169,848,1904,2379,529,22066,21835,0,0,519,1365,0,2627,1288,640,1149,103,410,0,0,0,1246,22009,208,208,0,105,0,1254,212
 42685,0,22422,1169,848,1904,2379,529,22066,21835,0,0,519,1365,0,2627,1288,640,1149,103,410,0,0,0,1246,22009,208,208,0,105,0,1254,212
 42690,0,22422,1169,848,1904,2379,529,22066,21835,0,0,519,1365,0,2627,1288,640,1149,103,410,0,0,0,1246,22009,208,208,0,105,0,1254,212
 42695,0,22422,1169,848,1904,2379,529,22066,21835,0,0,519,1365,0,2627,1288,640,1149,103,410,0,0,0,1246,22009,208,208,0,105,0,1254,212
 42700,0,22422,1169,848,1904,2379,529,22066,21835,0,0,519,1365,0,2627,1288,640,1149,103,410,0,0,0,1246,22009,208,208,0,105,0,1254,212
 42705,0,22422,1169,848,1904,2379,529,22066,21835,0,0,519,1365,0,2627,1288,640,1149,103,410,0,0,0,1246,22009,208,208,0,105,0,1254,212
 42710,0,22422,1169,848,1904,2379,529,22066,21835,0,0,519,1365,0,2627,1288,640,1149,103,410,0,0,0,1246,22009,208,208,0,105,0,1254,212
 42715,0,22422,1169,848,1904,2379,529,22066,21835,0,0,519,1365,0,2627,1288,640,1149,103,410,0,0,0,1246,22009,208,208,0,105,0,1254,212
 42720,0,22422,1169,848,1904,2379,529,22066,21835,0,0,519,1365,0,2627,1288,640,1149,103,410,0,0,0,1246,22009,208,208,0,105,0,1254,212
 42725,0,22422,1169,848,1904,2379,529,22066,21835,0,0,519,1365,0,2627,1288,640,1149,103,410,0,0,0,1246,22009,208,208,0,105,0,1254,212
 42730,0,22422,1169,848,1904,2379,529,22066,21835,0,0,519,1365,0,2627,1288,640,1149,103,410,0,0,0,1246,22009,208,208,0,105,0,1254,212
 42735,0,22423,1169,848,1904,2379,529,22066,21835,0,0,519,1365,0,2627,1288,640,1149,103,410,0,0,0,1246,22009,208,208,0,105,0,1254,212
 42740,0,22428,1169,848,1904,2379,529,22066,21837,0,0,519,1365,0,2627,1288,640,1149,103,410,0,0,0,1246,22009,208,208,0,105,0,1254,212
 42745,0,22433,1169,848,1904,2379,529,22066,21842,0,0,519,1365,0,2627,1288,640,1149,103,410,0,0,0,1246,22009,208,208,0,105,0,1254,212
 42750,0,22438,1169,848,1904,2379,529,22066,21847,0,0,519,1365,0,2627,1288,640,1149,103,410,0,0,0,1246,22014,208,208,0,105,0,1254,212
 42755,0,22443,1169,848,1904,2379,529,22066,21852,0,0,519,1365,0,2627,1288,640,1149,103,410,0,0,0,1246,22019,208,208,0,105,0,1254,212
 42760,0,22448,1169,848,1904,2379,529,22066,21857,0,0,519,1365,0,2627,1288,640,1149,103,410,0,0,0,1246,22024,208,208,0,105,0,1254,212
 42765,0,22453,1169,848,1904,2379,529,22066,21862,0,0,519,1365,0,2627,1288,640,1149,103,410,0,0,0,1246,22029,208,208,0,105,0,1254,212
 42770,0,22458,1169,848,1904,2379,529,22069,21867,0,0,519,1365,0,2627,1288,640,1149,103,410,0,0,0,1246,22034,208,208,0,105,0,1254,212
 42775,0,22463,1169,848,1904,2379,529,22074,21872,0,0,519,1365,0,2627,1288,640,1149,103,410,0,0,0,1246,22039,208,208,0,105,0,1254,212
 42780,0,22468,1169,848,1904,2379,529,22079,21877,0,0,519,1365,0,2627,1288,640,1149,103,410,0,0,0,1246,22044,208,208,0,105,0,1254,212
 42785,0,22473,1169,848,1904,2379,529,22084,21882,0,0,519,1365,0,2627,1288,640,1149,103,410,0,0,0,1246,22049,208,208,0,105,0,1254,212
 42790,0,22478,1169,848,1904,2379,529,22089,21887,0,0,519,1365,0,2627,1288,640,1149,103,410,0,0,0,1246,22054,208,208,0,105,0,1254,212
 42795,0,22483,1169,848,1904,2379,529,22094,21892,0,0,519,1365,0,2627,1288,640,1149,103,410,0,0,0,1246,22059,208,208,0,105,0,1254,212
 42800,0,22488,1169,848,1904,2379,529,22099,21897,0,0,519,1365,0,2627,1288,640,1149,103,410,0,0,0,1246,22064,208,208,0,105,0,1254,212
 42805,0,22493,1169,848,1904,2379,529,22104,21902,0,0,519,1365,0,2627,1288,640,1149,103,410,0,0,0,1246,22069,208,208,0,105,0,1254,212
 42810,0,22498,1169,848,1904,2379,529,22109,21907,0,0,519,1365,0,2627,1288,640,1149,103,410,0,0,0,1246,22074,208,208,0,105,0,1254,212
 42815,0,22503,1169,848,1904,2379,529,22114,21912,0,0,519,1365,0,2627,1288,640,1149,103,410,0,0,0,1246,22079,208,208,0,105,0,1254,212
 42820,0,22508,1169,848,1904,2379,529,22119,21917,0,0,519,1365,0,2627,1288,640,1149,103,410,0,0,0,1246,22084,208,208,0,105,0,1254,212
 42825,0,22513,1169,848,1904,2379,529,22124,21922,0,0,519,1365,0,2627,1288,640,1149,103,410,0,0,0,1246,22089,208,208,0,105,0,1254,212
 42830,0,22518,1169,848,1904,2379,529,22129,21927,0,0,519,1365,0,2627,1288,640,1149,103,410,0,0,0,1246,22094,208,208,0,105,0,1254,212
 42835,0,22523,1169,848,1904,2379,529,22134,21932,0,0,519,1365,0,2627,1288,640,1149,103,410,0,0,0,1246,22099,208,208,0,105,0,1254,212
 42840,0,22523,1169,848,1904,2379,529,22139,21938,0,0,519,1365,0,2627,1288,640,1149,103,410,0,0,0,1246,22104,208,208,0,105,0,1254,212
 42845,0,22523,1169,848,1904,2379,529,22144,21938,0,0,519,1365,0,2627,1288,640,1149,103,410,0,0,0,1246,22109,208,208,0,105,0,1254,212
 42850,0,22523,1169,848,1904,2379,529,22149,21938,0,0,519,1365,0,2627,1288,640,1149,103,410,0,0,0,1246,22112,208,208,0,105,0,1254,212
 42855,0,22523,1169,848,1904,2379,529,22154,21938,0,0,519,1365,0,2627,1288,640,1149,103,410,0,0,0,1246,22112,208,208,0,105,0,1254,212
 42860,0,22523,1169,848,1904,2379,529,22159,21938,0,0,519,1365,0,2627,1288,640,1149,103,410,0,0,0,1246,22112,208,208,0,105,0,1254,212
 42865,0,22523,1169,848,1904,2379,529,22164,21938,0,0,519,1365,0,2627,1288,640,1149,103,410,0,0,0,1246,22112,208,208,0,105,0,1254,212
 42870,0,22523,1169,848,1904,2379,529,22169,21938,0,0,519,1365,0,2627,1288,640,1149,103,410,0,0,0,1246,22112,208,208,0,105,0,1254,212
 42875,0,22523,1169,848,1904,2379,529,22173,21938,0,0,519,1365,0,2627,1288,640,1149,103,410,0,0,0,1246,22112,208,208,0,105,0,1254,212
 42880,0,22523,1169,848,1904,2379,529,22173,21938,0,0,519,1365,0,2627,1288,640,1149,103,410,0,0,0,1246,22112,208,208,0,105,0,1254,212
 42885,0,22523,1169,848,1904,2379,529,22173,21938,0,0,519,1365,0,2627,1288,640,1149,103,410,0,0,0,1246,22112,208,208,0,105,0,1254,212
 42890,0,22523,1169,848,1904,2379,529,22173,21938,0,0,519,1365,0,2627,1288,640,1149,103,410,0,0,0,1246,22112,208,208,0,105,0,1254,212
 42895,0,22523,1169,848,1904,2379,529,22173,21938,0,0,519,1365,0,2627,1288,640,1149,103,410,0,0,0,1246,22112,208,208,0,105,0,1254,212
 42900,0,22523,1169,848,1904,2379,529,22173,21938,0,0,519,1365,0,2627,1288,640,1149,103,410,0,0,0,1246,22112,208,208,0,105,0,1254,212
 42905,0,22523,1169,848,1904,2379,529,22173,21938,0,0,519,1365,0,2627,1288,640,1149,103,410,0,0,0,1246,22112,208,208,0,105,0,1254,212
 42910,0,22523,1169,848,1904,2379,529,22173,21938,0,0,519,1365,0,2627,1288,640,1149,103,410,0,0,0,1246,22112,208,208,0,105,0,1254,212
 42915,0,22523,1169,848,1904,2379,529,22173,21938,0,0,519,1365,0,2627,1288,640,1149,103,410,0,0,0,1246,22112,208,208,0,105,0,1254,212
 42920,0,22523,1169,848,1904,2379,529,22173,21938,0,0,519,1365,0,2627,1288,640,1149,103,410,0,0,0,1246,22112,208,208,0,105,0,1254,212
 42925,0,22523,1169,848,1904,2379,529,22173,21938,0,0,519,1365,0,2627,1288,640,1149,103,410,0,0,0,1246,22111,208,208,0,105,0,1254,212
 42930,0,22524,1169,848,1904,2379,529,22173,21938,0,0,519,1365,0,2627,1288,640,1149,103,410,0,0,0,1246,22116,208,208,0,105,0,1254,212
 42935,0,22529,1169,848,1904,2379,529,22173,21938,0,0,519,1365,0,2627,1288,640,1149,103,410,0,0,0,1246,22121,208,208,0,105,0,1254,212
 42940,0,22534,1169,848,1904,2379,529,22173,21938,0,0,519,1365,0,2627,1288,640,1149,103,410,0,0,0,1246,22126,208,208,0,105,0,1254,212
 42945,0,22539,1169,848,1904,2379,529,22173,21943,0,0,519,1365,0,2627,1288,640,1149,103,410,0,0,0,1246,22131,208,208,0,105,0,1254,212
 42950,0,22544,1169,848,1904,2379,529,22173,21948,0,0,519,1365,0,2627,1288,640,1149,103,410,0,0,0,1246,22136,208,208,0,105,0,1254,212
 42955,0,22549,1169,848,1904,2379,529,22173,21953,0,0,519,1365,0,2627,1288,640,1149,103,410,0,0,0,1246,22141,208,208,0,105,0,1254,212
 42960,0,22554,1169,848,1904,2379,529,22173,21958,0,0,519,1365,0,2627,1288,640,1149,103,410,0,0,0,1246,22146,208,208,0,105,0,1254,212
 42965,0,22559,1169,848,1904,2379,529,22173,21963,0,0,519,1365,0,2627,1288,640,1149,103,410,0,0,0,1246,22151,208,208,0,105,0,1254,212
 42970,0,22564,1169,848,1904,2379,529,22174,21968,0,0,519,1365,0,2627,1288,640,1149,103,410,0,0,0,1246,22156,208,208,0,105,0,1254,212
 42975,0,22569,1169,848,1904,2379,529,22179,21973,0,0,519,1365,0,2627,1288,640,1149,103,410,0,0,0,1246,22161,208,208,0,105,0,1254,212
 42980,0,22574,1169,848,1904,2379,529,22184,21978,0,0,519,1365,0,2627,1288,640,1149,103,410,0,0,0,1246,22166,208,208,0,105,0,1254,212
 42985,0,22579,1169,848,1904,2379,529,22189,21983,0,0,519,1365,0,2627,1288,640,1149,103,410,0,0,0,1246,22171,208,208,0,105,0,1254,212
 42990,0,22584,1169,848,1904,2379,529,22194,21988,0,0,519,1365,0,2627,1288,640,1149,103,410,0,0,0,1246,22176,208,208,0,105,0,1254,212
 42995,0,22589,1169,848,1904,2379,529,22199,21993,0,0,519,1365,0,2627,1288,640,1149,103,410,0,0,0,1246,22181,208,208,0,105,0,1254,212
 43000,0,22594,1169,848,1904,2379,529,22204,21998,0,0,519,1365,0,2627,1288,640,1149,103,410,0,0,0,1246,22186,208,208,0,105,0,1254,212
 43005,0,22599,1169,848,1904,2379,529,22209,22003,0,0,519,1365,0,2627,1288,640,1149,103,410,0,0,0,1246,22191,208,208,0,105,0,1254,212
 43010,0,22604,1169,848,1904,2379,529,22214,22008,0,0,519,1365,0,2627,1288,640,1149,103,410,0,0,0,1246,22196,208,208,0,105,0,1254,212
 43015,0,22609,1169,848,1904,2379,529,22219,22013,0,0,519,1365,0,2627,1288,640,1149,103,410,0,0,0,1246,22201,208,208,0,105,0,1254,212
 43020,0,22614,1169,848,1904,2379,529,22224,22018,0,0,519,1365,0,2627,1288,640,1149,103,410,0,0,0,1246,22206,208,208,0,105,0,1254,212
 43025,0,22619,1169,848,1904,2379,529,22229,22023,0,0,519,1365,0,2627,1288,640,1149,103,410,0,0,0,1246,22211,208,208,0,105,0,1254,212
 43030,0,22624,1169,848,1904,2379,529,22234,22028,0,0,519,1365,0,2627,1288,640,1149,103,410,0,0,0,1246,22215,208,208,0,105,0,1254,212
 43035,0,22626,1169,848,1904,2379,529,22239,22033,0,0,519,1365,0,2627,1288,640,1149,103,410,0,0,0,1246,22215,208,208,0,105,0,1254,212
 43040,0,22626,1169,848,1904,2379,529,22244,22038,0,0,519,1365,0,2627,1288,640,1149,103,410,0,0,0,1246,22215,208,208,0,105,0,1254,212
 43045,0,22626,1169,848,1904,2379,529,22249,22043,0,0,519,1365,0,2627,1288,640,1149,103,410,0,0,0,1246,22215,208,208,0,105,0,1254,212
 43050,0,22626,1169,848,1904,2379,529,22254,22043,0,0,519,1365,0,2627,1288,640,1149,103,410,0,0,0,1246,22215,208,208,0,105,0,1254,212
 43055,0,22626,1169,848,1904,2379,529,22259,22043,0,0,519,1365,0,2627,1288,640,1149,103,410,0,0,0,1246,22215,208,208,0,105,0,1254,212
 43060,0,22626,1169,848,1904,2379,529,22264,22043,0,0,519,1365,0,2627,1288,640,1149,103,410,0,0,0,1246,22215,208,208,0,105,0,1254,212
 43065,0,22626,1169,848,1904,2379,529,22269,22043,0,0,519,1365,0,2627,1288,640,1149,103,410,0,0,0,1246,22215,208,208,0,105,0,1254,212
 43070,0,22626,1169,848,1904,2379,529,22274,22043,0,0,519,1365,0,2627,1288,640,1149,103,410,0,0,0,1246,22215,208,208,0,105,0,1254,212
 43075,0,22626,1169,848,1904,2379,529,22276,22043,0,0,519,1365,0,2627,1288,640,1149,103,410,0,0,0,1246,22215,208,208,0,105,0,1254,212
 43080,0,22626,1169,848,1904,2379,529,22276,22043,0,0,519,1365,0,2627,1288,640,1149,103,410,0,0,0,1246,22215,208,208,0,105,0,1254,212
 43085,0,22626,1169,848,1904,2379,529,22276,22043,0,0,519,1365,0,2627,1288,640,1149,103,410,0,0,0,1246,22215,208,208,0,105,0,1254,212
 43090,0,22626,1169,848,1904,2379,529,22276,22043,0,0,519,1365,0,2627,1288,640,1149,103,410,0,0,0,1246,22215,208,208,0,105,0,1254,212
 43095,0,22626,1169,848,1904,2379,529,22276,22043,0,0,519,1365,0,2627,1288,640,1149,103,410,0,0,0,1246,22215,208,208,0,105,0,1254,212
 43100,0,22626,1169,848,1904,2379,529,22276,22043,0,0,519,1365,0,2627,1288,640,1149,103,410,0,0,0,1246,22215,208,208,0,105,0,1254,212
 43105,0,22626,1169,848,1904,2379,529,22276,22043,0,0,519,1365,0,2627,1288,640,1149,103,410,0,0,0,1246,22215,208,208,0,105,0,1254,212
 43110,0,22626,1169,848,1904,2379,529,22276,22043,0,0,519,1365,0,2627,1288,640,1149,103,410,0,0,0,1246,22215,208,208,0,105,0,1254,212
 43115,0,22626,1169,848,1904,2379,529,22276,22043,0,0,519,1365,0,2627,1288,640,1149,103,410,0,0,0,1246,22215,208,208,0,105,0,1254,212
 43120,0,22626,1169,848,1904,2379,529,22276,22043,0,0,519,1365,0,2627,1288,640,1149,103,410,0,0,0,1246,22215,208,208,0,105,0,1254,212
 43125,0,22626,1169,848,1904,2379,529,22276,22043,0,0,519,1365,0,2627,1288,640,1149,103,410,0,0,0,1246,22215,208,208,0,105,0,1254,212
 43130,0,22626,1169,848,1904,2379,529,22276,22043,0,0,519,1365,0,2627,1288,640,1149,103,410,0,0,0,1246,22215,208,208,0,105,0,1254,212
 43135,0,22626,1169,848,1904,2379,529,22276,22043,0,0,519,1365,0,2627,1288,640,1149,103,410,0,0,0,1246,22214,208,208,0,105,0,1254,212
 43140,0,22625,1169,848,1904,2379,529,22276,22046,0,0,519,1365,0,2627,1288,640,1149,103,410,0,0,0,1246,22219,208,208,0,105,0,1254,212
 43145,0,22630,1169,848,1904,2379,529,22276,22051,0,0,519,1365,0,2627,1288,640,1149,103,410,0,0,0,1246,22224,208,208,0,105,0,1254,212
 43150,0,22635,1169,848,1904,2379,529,22279,22056,0,0,519,1365,0,2627,1288,640,1149,103,410,0,0,0,1246,22229,208,208,0,105,0,1254,212
 43155,0,22640,1169,848,1904,2379,529,22284,22061,0,0,519,1365,0,2627,1288,640,1149,103,410,0,0,0,1246,22234,208,208,0,105,0,1254,212
 43160,0,22645,1169,848,1904,2379,529,22289,22066,0,0,519,1365,0,2627,1288,640,1149,103,410,0,0,0,1246,22239,208,208,0,105,0,1254,212
 43165,0,22650,1169,848,1904,2379,529,22294,22071,0,0,519,1365,0,2627,1288,640,1149,103,410,0,0,0,1246,22244,208,208,0,105,0,1254,212
 43170,0,22655,1169,848,1904,2379,529,22299,22076,0,0,519,1365,0,2627,1288,640,1149,103,410,0,0,0,1246,22249,208,208,0,105,0,1254,212
 43175,0,22660,1169,848,1904,2379,529,22304,22081,0,0,519,1365,0,2627,1288,640,1149,103,410,0,0,0,1246,22254,208,208,0,105,0,1254,212
 43180,0,22665,1169,848,1904,2379,529,22309,22086,0,0,519,1365,0,2627,1288,640,1149,103,410,0,0,0,1246,22259,208,208,0,105,0,1254,212
 43185,0,22670,1169,848,1904,2379,529,22314,22091,0,0,519,1365,0,2627,1288,640,1149,103,410,0,0,0,1246,22264,208,208,0,105,0,1254,212
 43190,0,22675,1169,848,1904,2379,529,22319,22096,0,0,519,1365,0,2627,1288,640,1149,103,410,0,0,0,1246,22269,208,208,0,105,0,1254,212
 43195,0,22680,1169,848,1904,2379,529,22324,22101,0,0,519,1365,0,2627,1288,640,1149,103,410,0,0,0,1246,22274,208,208,0,105,0,1254,212
 43200,0,22685,1169,848,1904,2379,529,22329,22106,0,0,519,1365,0,2627,1288,640,1149,103,410,0,0,0,1246,22279,208,208,0,105,0,1254,212
 43205,0,22690,1169,848,1904,2379,529,22334,22111,0,0,519,1365,0,2627,1288,640,1149,103,410,0,0,0,1246,22284,208,208,0,105,0,1254,212
 43210,0,22695,1169,848,1904,2379,529,22339,22116,0,0,519,1365,0,2627,1288,640,1149,103,410,0,0,0,1246,22289,208,208,0,105,0,1254,212
 43215,0,22700,1169,848,1904,2379,529,22344,22121,0,0,519,1365,0,2627,1288,640,1149,103,410,0,0,0,1246,22294,208,208,0,105,0,1254,212
 43220,0,22705,1169,848,1904,2379,529,22349,22126,0,0,519,1365,0,2627,1288,640,1149,103,410,0,0,0,1246,22299,208,208,0,105,0,1254,212
 43225,0,22710,1169,848,1904,2379,529,22354,22131,0,0,519,1365,0,2627,1288,640,1149,103,410,0,0,0,1246,22304,208,208,0,105,0,1254,212
 43230,0,22715,1169,848,1904,2379,529,22359,22136,0,0,519,1365,0,2627,1288,640,1149,103,410,0,0,0,1246,22309,208,208,0,105,0,1254,212
 43235,0,22720,1169,848,1904,2379,529,22364,22141,0,0,519,1365,0,2627,1288,640,1149,103,410,0,0,0,1246,22314,208,208,0,105,0,1254,212
 43240,0,22725,1169,848,1904,2379,529,22369,22146,0,0,519,1365,0,2627,1288,640,1149,103,410,0,0,0,1246,22319,208,208,0,105,0,1254,212
 43245,0,22729,1169,848,1904,2379,529,22374,22146,0,0,519,1365,0,2627,1288,640,1149,103,410,0,0,0,1246,22322,208,208,0,105,0,1254,212
 43250,0,22729,1169,848,1904,2379,529,22379,22146,0,0,519,1365,0,2627,1288,640,1149,103,410,0,0,0,1246,22322,208,208,0,105,0,1254,212
 43255,0,22729,1169,848,1904,2379,529,22379,22146,0,0,519,1365,0,2627,1288,640,1149,103,410,0,0,0,1246,22322,208,208,0,105,0,1254,212
 43260,0,22729,1169,848,1904,2379,529,22379,22146,0,0,519,1365,0,2627,1288,640,1149,103,410,0,0,0,1246,22322,208,208,0,105,0,1254,212
 43265,0,22729,1169,848,1904,2379,529,22379,22146,0,0,519,1365,0,2627,1288,640,1149,103,410,0,0,0,1246,22322,208,208,0,105,0,1254,212
 43270,0,22729,1169,848,1904,2379,529,22379,22146,0,0,519,1365,0,2627,1288,640,1149,103,410,0,0,0,1246,22322,208,208,0,105,0,1254,212
 43275,0,22729,1169,848,1904,2379,529,22379,22146,0,0,519,1365,0,2627,1288,640,1149,103,410,0,0,0,1246,22322,208,208,0,105,0,1254,212
 43280,0,22729,1169,848,1904,2379,529,22379,22146,0,0,519,1365,0,2627,1288,640,1149,103,410,0,0,0,1246,22322,208,208,0,105,0,1254,212
 43285,0,22729,1169,848,1904,2379,529,22379,22146,0,0,519,1365,0,2627,1288,640,1149,103,410,0,0,0,1246,22322,208,208,0,105,0,1254,212
 43290,0,22729,1169,848,1904,2379,529,22379,22146,0,0,519,1365,0,2627,1288,640,1149,103,410,0,0,0,1246,22322,208,208,0,105,0,1254,212
 43295,0,22729,1169,848,1904,2379,529,22379,22146,0,0,519,1365,0,2627,1288,640,1149,103,410,0,0,0,1246,22322,208,208,0,105,0,1254,212
 43300,0,22729,1169,848,1904,2379,529,22379,22146,0,0,519,1365,0,2627,1288,640,1149,103,410,0,0,0,1246,22322,208,208,0,105,0,1254,212
 43305,0,22729,1169,848,1904,2379,529,22379,22146,0,0,519,1365,0,2627,1288,640,1149,103,410,0,0,0,1246,22322,208,208,0,105,0,1254,212
 43310,0,22729,1169,848,1904,2379,529,22379,22146,0,0,519,1365,0,2627,1288,640,1149,103,410,0,0,0,1246,22322,208,208,0,105,0,1254,212
 43315,0,22729,1169,848,1904,2379,529,22379,22146,0,0,519,1365,0,2627,1288,640,1149,103,410,0,0,0,1246,22322,208,208,0,105,0,1254,212
 43320,0,22729,1169,848,1904,2379,529,22379,22146,0,0,519,1365,0,2627,1288,640,1149,103,410,0,0,0,1246,22322,208,208,0,105,0,1254,212
 43325,0,22729,1169,848,1904,2379,529,22379,22146,0,0,519,1365,0,2627,1288,640,1149,103,410,0,0,0,1246,22322,208,208,0,105,0,1254,212
 43330,0,22729,1169,848,1904,2379,529,22379,22146,0,0,519,1365,0,2627,1288,640,1149,103,410,0,0,0,1246,22322,208,208,0,105,0,1254,212
 43335,0,22729,1169,848,1904,2379,529,22379,22146,0,0,519,1365,0,2627,1288,640,1149,103,410,0,0,0,1246,22322,208,208,0,105,0,1254,212
 43340,0,22729,1169,848,1904,2379,529,22379,22146,0,0,519,1365,0,2627,1288,640,1149,103,410,0,0,0,1246,22322,208,208,0,105,0,1254,212
 43345,0,22729,1169,848,1904,2379,529,22379,22146,0,0,519,1365,0,2627,1288,640,1149,103,410,0,0,0,1246,22325,208,208,0,105,0,1254,212
 43350,0,22729,1169,848,1904,2379,529,22379,22146,0,0,519,1365,0,2627,1288,640,1149,103,410,0,0,0,1246,22330,208,208,0,105,0,1254,212
 43355,0,22729,1169,848,1904,2379,529,22378,22146,0,0,519,1365,0,2627,1288,640,1149,103,410,0,0,0,1246,22335,208,208,0,105,0,1254,212
 43360,0,22729,1169,848,1904,2379,529,22383,22148,0,0,519,1365,0,2627,1288,640,1149,103,410,0,0,0,1246,22340,208,208,0,105,0,1254,212
 43365,0,22729,1169,848,1904,2379,529,22388,22153,0,0,519,1365,0,2627,1288,640,1149,103,410,0,0,0,1246,22345,208,208,0,105,0,1254,212
 43370,0,22731,1169,848,1904,2379,529,22393,22158,0,0,519,1365,0,2627,1288,640,1149,103,410,0,0,0,1246,22350,208,208,0,105,0,1254,212
 43375,0,22736,1169,848,1904,2379,529,22398,22163,0,0,519,1365,0,2627,1288,640,1149,103,410,0,0,0,1246,22355,208,208,0,105,0,1254,212
 43380,0,22741,1169,848,1904,2379,529,22403,22168,0,0,519,1365,0,2627,1288,640,1149,103,410,0,0,0,1246,22360,208,208,0,105,0,1254,212
 43385,0,22746,1169,848,1904,2379,529,22408,22173,0,0,519,1365,0,2627,1288,640,1149,103,410,0,0,0,1246,22365,208,208,0,105,0,1254,212
 43390,0,22751,1169,848,1904,2379,529,22413,22178,0,0,519,1365,0,2627,1288,640,1149,103,410,0,0,0,1246,22370,208,208,0,105,0,1254,212
 43395,0,22756,1169,848,1904,2379,529,22418,22183,0,0,519,1365,0,2627,1288,640,1149,103,410,0,0,0,1246,22375,208,208,0,105,0,1254,212
 43400,0,22761,1169,848,1904,2379,529,22423,22188,0,0,519,1365,0,2627,1288,640,1149,103,410,0,0,0,1246,22380,208,208,0,105,0,1254,212
 43405,0,22766,1169,848,1904,2379,529,22428,22193,0,0,519,1365,0,2627,1288,640,1149,103,410,0,0,0,1246,22385,208,208,0,105,0,1254,212
 43410,0,22771,1169,848,1904,2379,529,22433,22198,0,0,519,1365,0,2627,1288,640,1149,103,410,0,0,0,1246,22390,208,208,0,105,0,1254,212
 43415,0,22776,1169,848,1904,2379,529,22438,22203,0,0,519,1365,0,2627,1288,640,1149,103,410,0,0,0,1246,22395,208,208,0,105,0,1254,212
 43420,0,22781,1169,848,1904,2379,529,22443,22208,0,0,519,1365,0,2627,1288,640,1149,103,410,0,0,0,1246,22400,208,208,0,105,0,1254,212
 43425,0,22786,1169,848,1904,2379,529,22448,22213,0,0,519,1365,0,2627,1288,640,1149,103,410,0,0,0,1246,22405,208,208,0,105,0,1254,212
 43430,0,22791,1169,848,1904,2379,529,22453,22218,0,0,519,1365,0,2627,1288,640,1149,103,410,0,0,0,1246,22410,208,208,0,105,0,1254,212
 43435,0,22796,1169,848,1904,2379,529,22458,22223,0,0,519,1365,0,2627,1288,640,1149,103,410,0,0,0,1246,22415,208,208,0,105,0,1254,212
 43440,0,22801,1169,848,1904,2379,529,22463,22228,0,0,519,1365,0,2627,1288,640,1149,103,410,0,0,0,1246,22420,208,208,0,105,0,1254,212
 43445,0,22806,1169,848,1904,2379,529,22468,22233,0,0,519,1365,0,2627,1288,640,1149,103,410,0,0,0,1246,22425,208,208,0,105,0,1254,212
 43450,0,22811,1169,848,1904,2379,529,22473,22238,0,0,519,1365,0,2627,1288,640,1149,103,410,0,0,0,1246,22427,208,208,0,105,0,1254,212
 43455,0,22816,1169,848,1904,2379,529,22478,22243,0,0,519,1365,0,2627,1288,640,1149,103,410,0,0,0,1246,22427,208,208,0,105,0,1254,212
 43460,0,22821,1169,848,1904,2379,529,22482,22248,0,0,519,1365,0,2627,1288,640,1149,103,410,0,0,0,1246,22427,208,208,0,105,0,1254,212
 43465,0,22826,1169,848,1904,2379,529,22482,22253,0,0,519,1365,0,2627,1288,640,1149,103,410,0,0,0,1246,22427,208,208,0,105,0,1254,212
 43470,0,22832,1169,848,1904,2379,529,22482,22253,0,0,519,1365,0,2627,1288,640,1149,103,410,0,0,0,1246,22427,208,208,0,105,0,1254,212
 43475,0,22832,1169,848,1904,2379,529,22482,22253,0,0,519,1365,0,2627,1288,640,1149,103,410,0,0,0,1246,22427,208,208,0,105,0,1254,212
 43480,0,22832,1169,848,1904,2379,529,22482,22253,0,0,519,1365,0,2627,1288,640,1149,103,410,0,0,0,1246,22427,208,208,0,105,0,1254,212
 43485,0,22832,1169,848,1904,2379,529,22482,22253,0,0,519,1365,0,2627,1288,640,1149,103,410,0,0,0,1246,22427,208,208,0,105,0,1254,212
 43490,0,22832,1169,848,1904,2379,529,22482,22253,0,0,519,1365,0,2627,1288,640,1149,103,410,0,0,0,1246,22427,208,208,0,105,0,1254,212
 43495,0,22832,1169,848,1904,2379,529,22482,22253,0,0,519,1365,0,2627,1288,640,1149,103,410,0,0,0,1246,22427,208,208,0,105,0,1254,212
 43500,0,22832,1169,848,1904,2379,529,22482,22253,0,0,519,1365,0,2627,1288,640,1149,103,410,0,0,0,1246,22427,208,208,0,105,0,1254,212
 43505,0,22832,1169,848,1904,2379,529,22482,22253,0,0,519,1365,0,2627,1288,640,1149,103,410,0,0,0,1246,22427,208,208,0,105,0,1254,212
 43510,0,22832,1169,848,1904,2379,529,22482,22253,0,0,519,1365,0,2627,1288,640,1149,103,410,0,0,0,1246,22427,208,208,0,105,0,1254,212
 43515,0,22832,1169,848,1904,2379,529,22482,22253,0,0,519,1365,0,2627,1288,640,1149,103,410,0,0,0,1246,22427,208,208,0,105,0,1254,212
 43520,0,22832,1169,848,1904,2379,529,22482,22253,0,0,519,1365,0,2627,1288,640,1149,103,410,0,0,0,1246,22427,208,208,0,105,0,1254,212
 43525,0,22832,1169,848,1904,2379,529,22482,22253,0,0,519,1365,0,2627,1288,640,1149,103,410,0,0,0,1246,22427,208,208,0,105,0,1254,212
 43530,0,22832,1169,848,1904,2379,529,22482,22253,0,0,519,1365,0,2627,1288,640,1149,103,410,0,0,0,1246,22427,208,208,0,105,0,1254,212
 43535,0,22832,1169,848,1904,2379,529,22482,22253,0,0,519,1365,0,2627,1288,640,1149,103,410,0,0,0,1246,22427,208,208,0,105,0,1254,212
 43540,0,22832,1169,848,1904,2379,529,22482,22253,0,0,519,1365,0,2627,1288,640,1149,103,410,0,0,0,1246,22427,208,208,0,105,0,1254,212
 43545,0,22832,1169,848,1904,2379,529,22482,22253,0,0,519,1365,0,2627,1288,640,1149,103,410,0,0,0,1246,22427,208,208,0,105,0,1254,212
 43550,0,22832,1169,848,1904,2379,529,22482,22253,0,0,519,1365,0,2627,1288,640,1149,103,410,0,0,0,1246,22427,208,208,0,105,0,1254,212
 43555,0,22832,1169,848,1904,2379,529,22482,22253,0,0,519,1365,0,2627,1288,640,1149,103,410,0,0,0,1246,22427,208,208,0,105,0,1254,212
 43560,0,22832,1169,848,1904,2379,529,22482,22253,0,0,519,1365,0,2627,1288,640,1149,103,410,0,0,0,1246,22427,208,208,0,105,0,1254,212
 43565,0,22832,1169,848,1904,2379,529,22482,22253,0,0,519,1365,0,2627,1288,640,1149,103,410,0,0,0,1246,22427,208,208,0,105,0,1254,212
 43570,0,22832,1169,848,1904,2379,529,22482,22253,0,0,519,1365,0,2627,1288,640,1149,103,410,0,0,0,1246,22427,208,208,0,105,0,1254,212
 43575,0,22832,1169,848,1904,2379,529,22482,22253,0,0,519,1365,0,2627,1288,640,1149,103,410,0,0,0,1246,22427,208,208,0,105,0,1254,212
 43580,0,22833,1169,848,1904,2379,529,22482,22253,0,0,519,1365,0,2627,1288,640,1149,103,410,0,0,0,1246,22426,208,208,0,105,0,1254,212
 43585,0,22838,1169,848,1904,2379,529,22482,22253,0,0,519,1365,0,2627,1288,640,1149,103,410,0,0,0,1246,22431,208,208,0,105,0,1254,212
 43590,0,22843,1169,848,1904,2379,529,22482,22253,0,0,519,1365,0,2627,1288,640,1149,103,410,0,0,0,1246,22436,208,208,0,105,0,1254,212
 43595,0,22848,1169,848,1904,2379,529,22482,22253,0,0,519,1365,0,2627,1288,640,1149,103,410,0,0,0,1246,22441,208,208,0,105,0,1254,212
 43600,0,22853,1169,848,1904,2379,529,22482,22253,0,0,519,1365,0,2627,1288,640,1149,103,410,0,0,0,1246,22446,208,208,0,105,0,1254,212
 43605,0,22858,1169,848,1904,2379,529,22482,22253,0,0,519,1365,0,2627,1288,640,1149,103,410,0,0,0,1246,22451,208,208,0,105,0,1254,212
 43610,0,22863,1169,848,1904,2379,529,22482,22253,0,0,519,1365,0,2627,1288,640,1149,103,410,0,0,0,1246,22456,208,208,0,105,0,1254,212
 43615,0,22868,1169,848,1904,2379,529,22482,22253,0,0,519,1365,0,2627,1288,640,1149,103,410,0,0,0,1246,22461,208,208,0,105,0,1254,212
 43620,0,22873,1169,848,1904,2379,529,22482,22255,0,0,519,1365,0,2627,1288,640,1149,103,410,0,0,0,1246,22466,208,208,0,105,0,1254,212
 43625,0,22878,1169,848,1904,2379,529,22482,22260,0,0,519,1365,0,2627,1288,640,1149,103,410,0,0,0,1246,22471,208,208,0,105,0,1254,212
 43630,0,22883,1169,848,1904,2379,529,22481,22265,0,0,519,1365,0,2627,1288,640,1149,103,410,0,0,0,1246,22476,208,208,0,105,0,1254,212
 43635,0,22888,1169,848,1904,2379,529,22486,22270,0,0,519,1365,0,2627,1288,640,1149,103,410,0,0,0,1246,22481,208,208,0,105,0,1254,212
 43640,0,22893,1169,848,1904,2379,529,22491,22275,0,0,519,1365,0,2627,1288,640,1149,103,410,0,0,0,1246,22486,208,208,0,105,0,1254,212
 43645,0,22898,1169,848,1904,2379,529,22496,22280,0,0,519,1365,0,2627,1288,640,1149,103,410,0,0,0,1246,22491,208,208,0,105,0,1254,212
 43650,0,22903,1169,848,1904,2379,529,22501,22285,0,0,519,1365,0,2627,1288,640,1149,103,410,0,0,0,1246,22496,208,208,0,105,0,1254,212
 43655,0,22908,1169,848,1904,2379,529,22506,22290,0,0,519,1365,0,2627,1288,640,1149,103,410,0,0,0,1246,22501,208,208,0,105,0,1254,212
 43660,0,22913,1169,848,1904,2379,529,22511,22295,0,0,519,1365,0,2627,1288,640,1149,103,410,0,0,0,1246,22506,208,208,0,105,0,1254,212
 43665,0,22918,1169,848,1904,2379,529,22516,22300,0,0,519,1365,0,2627,1288,640,1149,103,410,0,0,0,1246,22511,208,208,0,105,0,1254,212
 43670,0,22923,1169,848,1904,2379,529,22521,22305,0,0,519,1365,0,2627,1288,640,1149,103,410,0,0,0,1246,22516,208,208,0,105,0,1254,212
 43675,0,22928,1169,848,1904,2379,529,22526,22310,0,0,519,1365,0,2627,1288,640,1149,103,410,0,0,0,1246,22521,208,208,0,105,0,1254,212
 43680,0,22933,1169,848,1904,2379,529,22531,22315,0,0,519,1365,0,2627,1288,640,1149,103,410,0,0,0,1246,22526,208,208,0,105,0,1254,212
 43685,0,22935,1169,848,1904,2379,529,22536,22320,0,0,519,1365,0,2627,1288,640,1149,103,410,0,0,0,1246,22531,208,208,0,105,0,1254,212
 43690,0,22935,1169,848,1904,2379,529,22541,22325,0,0,519,1365,0,2627,1288,640,1149,103,410,0,0,0,1246,22534,208,208,0,105,0,1254,212
 43695,0,22935,1169,848,1904,2379,529,22546,22330,0,0,519,1365,0,2627,1288,640,1149,103,410,0,0,0,1246,22534,208,208,0,105,0,1254,212
 43700,0,22935,1169,848,1904,2379,529,22551,22335,0,0,519,1365,0,2627,1288,640,1149,103,410,0,0,0,1246,22534,208,208,0,105,0,1254,212
 43705,0,22935,1169,848,1904,2379,529,22556,22340,0,0,519,1365,0,2627,1288,640,1149,103,410,0,0,0,1246,22534,208,208,0,105,0,1254,212
 43710,0,22935,1169,848,1904,2379,529,22561,22345,0,0,519,1365,0,2627,1288,640,1149,103,410,0,0,0,1246,22534,208,208,0,105,0,1254,212
 43715,0,22935,1169,848,1904,2379,529,22566,22350,0,0,519,1365,0,2627,1288,640,1149,103,410,0,0,0,1246,22534,208,208,0,105,0,1254,212
 43720,0,22935,1169,848,1904,2379,529,22571,22356,0,0,519,1365,0,2627,1288,640,1149,103,410,0,0,0,1246,22534,208,208,0,105,0,1254,212
 43725,0,22935,1169,848,1904,2379,529,22576,22356,0,0,519,1365,0,2627,1288,640,1149,103,410,0,0,0,1246,22534,208,208,0,105,0,1254,212
 43730,0,22935,1169,848,1904,2379,529,22581,22356,0,0,519,1365,0,2627,1288,640,1149,103,410,0,0,0,1246,22534,208,208,0,105,0,1254,212
 43735,0,22935,1169,848,1904,2379,529,22585,22356,0,0,519,1365,0,2627,1288,640,1149,103,410,0,0,0,1246,22534,208,208,0,105,0,1254,212
 43740,0,22935,1169,848,1904,2379,529,22585,22356,0,0,519,1365,0,2627,1288,640,1149,103,410,0,0,0,1246,22534,208,208,0,105,0,1254,212
 43745,0,22935,1169,848,1904,2379,529,22585,22356,0,0,519,1365,0,2627,1288,640,1149,103,410,0,0,0,1246,22534,208,208,0,105,0,1254,212
 43750,0,22935,1169,848,1904,2379,529,22585,22356,0,0,519,1365,0,2627,1288,640,1149,103,410,0,0,0,1246,22534,208,208,0,105,0,1254,212
 43755,0,22935,1169,848,1904,2379,529,22585,22356,0,0,519,1365,0,2627,1288,640,1149,103,410,0,0,0,1246,22534,208,208,0,105,0,1254,212
 43760,0,22935,1169,848,1904,2379,529,22585,22356,0,0,519,1365,0,2627,1288,640,1149,103,410,0,0,0,1246,22534,208,208,0,105,0,1254,212
 43765,0,22935,1169,848,1904,2379,529,22585,22356,0,0,519,1365,0,2627,1288,640,1149,103,410,0,0,0,1246,22534,208,208,0,105,0,1254,212
 43770,0,22935,1169,848,1904,2379,529,22585,22356,0,0,519,1365,0,2627,1288,640,1149,103,410,0,0,0,1246,22534,208,208,0,105,0,1254,212
 43775,0,22935,1169,848,1904,2379,529,22585,22356,0,0,519,1365,0,2627,1288,640,1149,103,410,0,0,0,1246,22534,208,208,0,105,0,1254,212
 43780,0,22935,1169,848,1904,2379,529,22585,22356,0,0,519,1365,0,2627,1288,640,1149,103,410,0,0,0,1246,22534,208,208,0,105,0,1254,212
 43785,0,22935,1169,848,1904,2379,529,22585,22356,0,0,519,1365,0,2627,1288,640,1149,103,410,0,0,0,1246,22534,208,208,0,105,0,1254,212
 43790,0,22935,1169,848,1904,2379,529,22585,22356,0,0,519,1365,0,2627,1288,640,1149,103,410,0,0,0,1246,22534,208,208,0,105,0,1254,212
 43795,0,22935,1169,848,1904,2379,529,22585,22356,0,0,519,1365,0,2627,1288,640,1149,103,410,0,0,0,1246,22534,208,208,0,105,0,1254,212
 43800,0,22935,1169,848,1904,2379,529,22585,22356,0,0,519,1365,0,2627,1288,640,1149,103,410,0,0,0,1246,22534,208,208,0,105,0,1254,212
 43805,0,22935,1169,848,1904,2379,529,22585,22356,0,0,519,1365,0,2627,1288,640,1149,103,410,0,0,0,1246,22534,208,208,0,105,0,1254,212
 43810,0,22935,1169,848,1904,2379,529,22585,22356,0,0,519,1365,0,2627,1288,640,1149,103,410,0,0,0,1246,22534,208,208,0,105,0,1254,212
 43815,0,22935,1169,848,1904,2379,529,22585,22356,0,0,519,1365,0,2627,1288,640,1149,103,410,0,0,0,1246,22534,208,208,0,105,0,1254,212
 43820,0,22935,1169,848,1904,2379,529,22585,22356,0,0,519,1365,0,2627,1288,640,1149,103,410,0,0,0,1246,22534,208,208,0,105,0,1254,212
 43825,0,22936,1169,848,1904,2379,529,22585,22356,0,0,519,1365,0,2627,1288,640,1149,103,410,0,0,0,1246,22534,208,208,0,105,0,1254,212
 43830,0,22941,1169,848,1904,2379,529,22585,22356,0,0,519,1365,0,2627,1288,640,1149,103,410,0,0,0,1246,22539,208,208,0,105,0,1254,212
 43835,0,22946,1169,848,1904,2379,529,22585,22356,0,0,519,1365,0,2627,1288,640,1149,103,410,0,0,0,1246,22544,208,208,0,105,0,1254,212
 43840,0,22951,1169,848,1904,2379,529,22585,22358,0,0,519,1365,0,2627,1288,640,1149,103,410,0,0,0,1246,22549,208,208,0,105,0,1254,212
 43845,0,22956,1169,848,1904,2379,529,22585,22363,0,0,519,1365,0,2627,1288,640,1149,103,410,0,0,0,1246,22554,208,208,0,105,0,1254,212
 43850,0,22961,1169,848,1904,2379,529,22585,22368,0,0,519,1365,0,2627,1288,640,1149,103,410,0,0,0,1246,22559,208,208,0,105,0,1254,212
 43855,0,22966,1169,848,1904,2379,529,22585,22373,0,0,519,1365,0,2627,1288,640,1149,103,410,0,0,0,1246,22564,208,208,0,105,0,1254,212
 43860,0,22971,1169,848,1904,2379,529,22585,22378,0,0,519,1365,0,2627,1288,640,1149,103,410,0,0,0,1246,22569,208,208,0,105,0,1254,212
 43865,0,22976,1169,848,1904,2379,529,22585,22383,0,0,519,1365,0,2627,1288,640,1149,103,410,0,0,0,1246,22574,208,208,0,105,0,1254,212
 43870,0,22981,1169,848,1904,2379,529,22585,22388,0,0,519,1365,0,2627,1288,640,1149,103,410,0,0,0,1246,22579,208,208,0,105,0,1254,212
 43875,0,22986,1169,848,1904,2379,529,22585,22393,0,0,519,1365,0,2627,1288,640,1149,103,410,0,0,0,1246,22584,208,208,0,105,0,1254,212
 43880,0,22991,1169,848,1904,2379,529,22584,22398,0,0,519,1365,0,2627,1288,640,1149,103,410,0,0,0,1246,22589,208,208,0,105,0,1254,212
 43885,0,22996,1169,848,1904,2379,529,22589,22403,0,0,519,1365,0,2627,1288,640,1149,103,410,0,0,0,1246,22594,208,208,0,105,0,1254,212
 43890,0,23001,1169,848,1904,2379,529,22594,22408,0,0,519,1365,0,2627,1288,640,1149,103,410,0,0,0,1246,22599,208,208,0,105,0,1254,212
 43895,0,23006,1169,848,1904,2379,529,22599,22413,0,0,519,1365,0,2627,1288,640,1149,103,410,0,0,0,1246,22604,208,208,0,105,0,1254,212
 43900,0,23011,1169,848,1904,2379,529,22604,22418,0,0,519,1365,0,2627,1288,640,1149,103,410,0,0,0,1246,22609,208,208,0,105,0,1254,212
 43905,0,23016,1169,848,1904,2379,529,22609,22423,0,0,519,1365,0,2627,1288,640,1149,103,410,0,0,0,1246,22614,208,208,0,105,0,1254,212
 43910,0,23021,1169,848,1904,2379,529,22614,22428,0,0,519,1365,0,2627,1288,640,1149,103,410,0,0,0,1246,22619,208,208,0,105,0,1254,212
 43915,0,23026,1169,848,1904,2379,529,22619,22433,0,0,519,1365,0,2627,1288,640,1149,103,410,0,0,0,1246,22624,208,208,0,105,0,1254,212
 43920,0,23031,1169,848,1904,2379,529,22624,22438,0,0,519,1365,0,2627,1288,640,1149,103,410,0,0,0,1246,22629,208,208,0,105,0,1254,212
 43925,0,23036,1169,848,1904,2379,529,22629,22443,0,0,519,1365,0,2627,1288,640,1149,103,410,0,0,0,1246,22634,208,208,0,105,0,1254,212
 43930,0,23038,1169,848,1904,2379,529,22634,22448,0,0,519,1365,0,2627,1288,640,1149,103,410,0,0,0,1246,22639,208,208,0,105,0,1254,212
 43935,0,23038,1169,848,1904,2379,529,22639,22453,0,0,519,1365,0,2627,1288,640,1149,103,410,0,0,0,1246,22641,208,208,0,105,0,1254,212
 43940,0,23038,1169,848,1904,2379,529,22644,22459,0,0,519,1365,0,2627,1288,640,1149,103,410,0,0,0,1246,22641,208,208,0,105,0,1254,212
 43945,0,23038,1169,848,1904,2379,529,22649,22459,0,0,519,1365,0,2627,1288,640,1149,103,410,0,0,0,1246,22641,208,208,0,105,0,1254,212
 43950,0,23038,1169,848,1904,2379,529,22654,22459,0,0,519,1365,0,2627,1288,640,1149,103,410,0,0,0,1246,22641,208,208,0,105,0,1254,212
 43955,0,23038,1169,848,1904,2379,529,22659,22459,0,0,519,1365,0,2627,1288,640,1149,103,410,0,0,0,1246,22641,208,208,0,105,0,1254,212
 43960,0,23038,1169,848,1904,2379,529,22664,22459,0,0,519,1365,0,2627,1288,640,1149,103,410,0,0,0,1246,22641,208,208,0,105,0,1254,212
 43965,0,23038,1169,848,1904,2379,529,22669,22459,0,0,519,1365,0,2627,1288,640,1149,103,410,0,0,0,1246,22641,208,208,0,105,0,1254,212
 43970,0,23038,1169,848,1904,2379,529,22674,22459,0,0,519,1365,0,2627,1288,640,1149,103,410,0,0,0,1246,22641,208,208,0,105,0,1254,212
 43975,0,23038,1169,848,1904,2379,529,22679,22459,0,0,519,1365,0,2627,1288,640,1149,103,410,0,0,0,1246,22641,208,208,0,105,0,1254,212
 43980,0,23038,1169,848,1904,2379,529,22684,22459,0,0,519,1365,0,2627,1288,640,1149,103,410,0,0,0,1246,22641,208,208,0,105,0,1254,212
 43985,0,23038,1169,848,1904,2379,529,22689,22459,0,0,519,1365,0,2627,1288,640,1149,103,410,0,0,0,1246,22641,208,208,0,105,0,1254,212
 43990,0,23038,1169,848,1904,2379,529,22692,22459,0,0,519,1365,0,2627,1288,640,1149,103,410,0,0,0,1246,22641,208,208,0,105,0,1254,212
 43995,0,23038,1169,848,1904,2379,529,22692,22459,0,0,519,1365,0,2627,1288,640,1149,103,410,0,0,0,1246,22641,208,208,0,105,0,1254,212
 44000,0,23038,1169,848,1904,2379,529,22692,22459,0,0,519,1365,0,2627,1288,640,1149,103,410,0,0,0,1246,22641,208,208,0,105,0,1254,212
 44005,0,23038,1169,848,1904,2379,529,22692,22459,0,0,519,1365,0,2627,1288,640,1149,103,410,0,0,0,1246,22641,208,208,0,105,0,1254,212
 44010,0,23038,1169,848,1904,2379,529,22692,22459,0,0,519,1365,0,2627,1288,640,1149,103,410,0,0,0,1246,22641,208,208,0,105,0,1254,212
 44015,0,23038,1169,848,1904,2379,529,22692,22459,0,0,519,1365,0,2627,1288,640,1149,103,410,0,0,0,1246,22641,208,208,0,105,0,1254,212
 44020,0,23038,1169,848,1904,2379,529,22692,22459,0,0,519,1365,0,2627,1288,640,1149,103,410,0,0,0,1246,22641,208,208,0,105,0,1254,212
 44025,0,23038,1169,848,1904,2379,529,22692,22459,0,0,519,1365,0,2627,1288,640,1149,103,410,0,0,0,1246,22641,208,208,0,105,0,1254,212
 44030,0,23038,1169,848,1904,2379,529,22692,22459,0,0,519,1365,0,2627,1288,640,1149,103,410,0,0,0,1246,22641,208,208,0,105,0,1254,212
 44035,0,23038,1169,848,1904,2379,529,22692,22459,0,0,519,1365,0,2627,1288,640,1149,103,410,0,0,0,1246,22641,208,208,0,105,0,1254,212
 44040,0,23038,1169,848,1904,2379,529,22692,22459,0,0,519,1365,0,2627,1288,640,1149,103,410,0,0,0,1246,22641,208,208,0,105,0,1254,212
 44045,0,23038,1169,848,1904,2379,529,22692,22459,0,0,519,1365,0,2627,1288,640,1149,103,410,0,0,0,1246,22641,208,208,0,105,0,1254,212
 44050,0,23038,1169,848,1904,2379,529,22692,22459,0,0,519,1365,0,2627,1288,640,1149,103,410,0,0,0,1246,22641,208,208,0,105,0,1254,212
 44055,0,23038,1169,848,1904,2379,529,22692,22459,0,0,519,1365,0,2627,1288,640,1149,103,410,0,0,0,1246,22641,208,208,0,105,0,1254,212
 44060,0,23038,1169,848,1904,2379,529,22692,22459,0,0,519,1365,0,2627,1288,640,1149,103,410,0,0,0,1246,22641,208,208,0,105,0,1254,212
 44065,0,23038,1169,848,1904,2379,529,22692,22459,0,0,519,1365,0,2627,1288,640,1149,103,410,0,0,0,1246,22641,208,208,0,105,0,1254,212
 44070,0,23038,1169,848,1904,2379,529,22692,22459,0,0,519,1365,0,2627,1288,640,1149,103,410,0,0,0,1246,22640,208,208,0,105,0,1254,212
 44075,0,23039,1169,848,1904,2379,529,22692,22459,0,0,519,1365,0,2627,1288,640,1149,103,410,0,0,0,1246,22645,208,208,0,105,0,1254,212
 44080,0,23044,1169,848,1904,2379,529,22692,22459,0,0,519,1365,0,2627,1288,640,1149,103,410,0,0,0,1246,22650,208,208,0,105,0,1254,212
 44085,0,23049,1169,848,1904,2379,529,22692,22459,0,0,519,1365,0,2627,1288,640,1149,103,410,0,0,0,1246,22655,208,208,0,105,0,1254,212
 44090,0,23054,1169,848,1904,2379,529,22692,22461,0,0,519,1365,0,2627,1288,640,1149,103,410,0,0,0,1246,22660,208,208,0,105,0,1254,212
 44095,0,23059,1169,848,1904,2379,529,22692,22466,0,0,519,1365,0,2627,1288,640,1149,103,410,0,0,0,1246,22665,208,208,0,105,0,1254,212
 44100,0,23064,1169,848,1904,2379,529,22692,22471,0,0,519,1365,0,2627,1288,640,1149,103,410,0,0,0,1246,22670,208,208,0,105,0,1254,212
 44105,0,23069,1169,848,1904,2379,529,22692,22476,0,0,519,1365,0,2627,1288,640,1149,103,410,0,0,0,1246,22675,208,208,0,105,0,1254,212
 44110,0,23074,1169,848,1904,2379,529,22692,22481,0,0,519,1365,0,2627,1288,640,1149,103,410,0,0,0,1246,22680,208,208,0,105,0,1254,212
 44115,0,23079,1169,848,1904,2379,529,22692,22486,0,0,519,1365,0,2627,1288,640,1149,103,410,0,0,0,1246,22685,208,208,0,105,0,1254,212
 44120,0,23084,1169,848,1904,2379,529,22697,22491,0,0,519,1365,0,2627,1288,640,1149,103,410,0,0,0,1246,22690,208,208,0,105,0,1254,212
 44125,0,23089,1169,848,1904,2379,529,22702,22496,0,0,519,1365,0,2627,1288,640,1149,103,410,0,0,0,1246,22695,208,208,0,105,0,1254,212
 44130,0,23094,1169,848,1904,2379,529,22707,22501,0,0,519,1365,0,2627,1288,640,1149,103,410,0,0,0,1246,22700,208,208,0,105,0,1254,212
 44135,0,23099,1169,848,1904,2379,529,22712,22506,0,0,519,1365,0,2627,1288,640,1149,103,410,0,0,0,1246,22705,208,208,0,105,0,1254,212
 44140,0,23104,1169,848,1904,2379,529,22717,22511,0,0,519,1365,0,2627,1288,640,1149,103,410,0,0,0,1246,22710,208,208,0,105,0,1254,212
 44145,0,23109,1169,848,1904,2379,529,22722,22516,0,0,519,1365,0,2627,1288,640,1149,103,410,0,0,0,1246,22715,208,208,0,105,0,1254,212
 44150,0,23114,1169,848,1904,2379,529,22727,22521,0,0,519,1365,0,2627,1288,640,1149,103,410,0,0,0,1246,22720,208,208,0,105,0,1254,212
 44155,0,23119,1169,848,1904,2379,529,22732,22526,0,0,519,1365,0,2627,1288,640,1149,103,410,0,0,0,1246,22725,208,208,0,105,0,1254,212
 44160,0,23124,1169,848,1904,2379,529,22737,22531,0,0,519,1365,0,2627,1288,640,1149,103,410,0,0,0,1246,22730,208,208,0,105,0,1254,212
 44165,0,23129,1169,848,1904,2379,529,22742,22536,0,0,519,1365,0,2627,1288,640,1149,103,410,0,0,0,1246,22735,208,208,0,105,0,1254,212
 44170,0,23134,1169,848,1904,2379,529,22747,22541,0,0,519,1365,0,2627,1288,640,1149,103,410,0,0,0,1246,22740,208,208,0,105,0,1254,212
 44175,0,23139,1169,848,1904,2379,529,22752,22546,0,0,519,1365,0,2627,1288,640,1149,103,410,0,0,0,1246,22746,208,208,0,105,0,1254,212
 44180,0,23143,1169,848,1904,2379,529,22757,22551,0,0,519,1365,0,2627,1288,640,1149,103,410,0,0,0,1246,22746,208,208,0,105,0,1254,212
 44185,0,23143,1169,848,1904,2379,529,22762,22556,0,0,519,1365,0,2627,1288,640,1149,103,410,0,0,0,1246,22746,208,208,0,105,0,1254,212
 44190,0,23143,1169,848,1904,2379,529,22767,22561,0,0,519,1365,0,2627,1288,640,1149,103,410,0,0,0,1246,22746,208,208,0,105,0,1254,212
 44195,0,23143,1169,848,1904,2379,529,22772,22564,0,0,519,1365,0,2627,1288,640,1149,103,410,0,0,0,1246,22746,208,208,0,105,0,1254,212
 44200,0,23143,1169,848,1904,2379,529,22777,22564,0,0,519,1365,0,2627,1288,640,1149,103,410,0,0,0,1246,22746,208,208,0,105,0,1254,212
 44205,0,23143,1169,848,1904,2379,529,22782,22564,0,0,519,1365,0,2627,1288,640,1149,103,410,0,0,0,1246,22746,208,208,0,105,0,1254,212
 44210,0,23143,1169,848,1904,2379,529,22787,22564,0,0,519,1365,0,2627,1288,640,1149,103,410,0,0,0,1246,22746,208,208,0,105,0,1254,212
 44215,0,23143,1169,848,1904,2379,529,22792,22564,0,0,519,1365,0,2627,1288,640,1149,103,410,0,0,0,1246,22746,208,208,0,105,0,1254,212
 44220,0,23143,1169,848,1904,2379,529,22797,22564,0,0,519,1365,0,2627,1288,640,1149,103,410,0,0,0,1246,22746,208,208,0,105,0,1254,212
 44225,0,23143,1169,848,1904,2379,529,22797,22564,0,0,519,1365,0,2627,1288,640,1149,103,410,0,0,0,1246,22746,208,208,0,105,0,1254,212
 44230,0,23143,1169,848,1904,2379,529,22797,22564,0,0,519,1365,0,2627,1288,640,1149,103,410,0,0,0,1246,22746,208,208,0,105,0,1254,212
 44235,0,23143,1169,848,1904,2379,529,22797,22564,0,0,519,1365,0,2627,1288,640,1149,103,410,0,0,0,1246,22746,208,208,0,105,0,1254,212
 44240,0,23143,1169,848,1904,2379,529,22797,22564,0,0,519,1365,0,2627,1288,640,1149,103,410,0,0,0,1246,22746,208,208,0,105,0,1254,212
 44245,0,23143,1169,848,1904,2379,529,22797,22564,0,0,519,1365,0,2627,1288,640,1149,103,410,0,0,0,1246,22746,208,208,0,105,0,1254,212
 44250,0,23143,1169,848,1904,2379,529,22797,22564,0,0,519,1365,0,2627,1288,640,1149,103,410,0,0,0,1246,22746,208,208,0,105,0,1254,212
 44255,0,23143,1169,848,1904,2379,529,22797,22564,0,0,519,1365,0,2627,1288,640,1149,103,410,0,0,0,1246,22746,208,208,0,105,0,1254,212
 44260,0,23143,1169,848,1904,2379,529,22797,22564,0,0,519,1365,0,2627,1288,640,1149,103,410,0,0,0,1246,22746,208,208,0,105,0,1254,212
 44265,0,23143,1169,848,1904,2379,529,22797,22564,0,0,519,1365,0,2627,1288,640,1149,103,410,0,0,0,1246,22746,208,208,0,105,0,1254,212
 44270,0,23143,1169,848,1904,2379,529,22797,22564,0,0,519,1365,0,2627,1288,640,1149,103,410,0,0,0,1246,22746,208,208,0,105,0,1254,212
 44275,0,23143,1169,848,1904,2379,529,22797,22564,0,0,519,1365,0,2627,1288,640,1149,103,410,0,0,0,1246,22746,208,208,0,105,0,1254,212
 44280,0,23143,1169,848,1904,2379,529,22797,22567,0,0,519,1365,0,2627,1288,640,1149,103,410,0,0,0,1246,22746,208,208,0,105,0,1254,212
 44285,0,23143,1169,848,1904,2379,529,22797,22572,0,0,519,1365,0,2627,1288,640,1149,103,410,0,0,0,1246,22746,208,208,0,105,0,1254,212
 44290,0,23143,1169,848,1904,2379,529,22797,22577,0,0,519,1365,0,2627,1288,640,1149,103,410,0,0,0,1246,22746,208,208,0,105,0,1254,212
 44295,0,23144,1169,848,1904,2379,529,22796,22582,0,0,519,1365,0,2627,1288,640,1149,103,410,0,0,0,1246,22746,208,208,0,105,0,1254,212
 44300,0,23149,1169,848,1904,2379,529,22801,22587,0,0,519,1365,0,2627,1288,640,1149,103,410,0,0,0,1246,22745,208,208,0,105,0,1254,212
 44305,0,23154,1169,848,1904,2379,529,22806,22592,0,0,519,1365,0,2627,1288,640,1149,103,410,0,0,0,1246,22750,208,208,0,105,0,1254,212
 44310,0,23159,1169,848,1904,2379,529,22811,22597,0,0,519,1365,0,2627,1288,640,1149,103,410,0,0,0,1246,22755,208,208,0,105,0,1254,212
 44315,0,23164,1169,848,1904,2379,529,22816,22602,0,0,519,1365,0,2627,1288,640,1149,103,410,0,0,0,1246,22760,208,208,0,105,0,1254,212
 44320,0,23169,1169,848,1904,2379,529,22821,22607,0,0,519,1365,0,2627,1288,640,1149,103,410,0,0,0,1246,22765,208,208,0,105,0,1254,212
 44325,0,23174,1169,848,1904,2379,529,22826,22612,0,0,519,1365,0,2627,1288,640,1149,103,410,0,0,0,1246,22770,208,208,0,105,0,1254,212
 44330,0,23179,1169,848,1904,2379,529,22831,22617,0,0,519,1365,0,2627,1288,640,1149,103,410,0,0,0,1246,22775,208,208,0,105,0,1254,212
 44335,0,23184,1169,848,1904,2379,529,22836,22622,0,0,519,1365,0,2627,1288,640,1149,103,410,0,0,0,1246,22780,208,208,0,105,0,1254,212
 44340,0,23189,1169,848,1904,2379,529,22841,22627,0,0,519,1365,0,2627,1288,640,1149,103,410,0,0,0,1246,22785,208,208,0,105,0,1254,212
 44345,0,23194,1169,848,1904,2379,529,22846,22632,0,0,519,1365,0,2627,1288,640,1149,103,410,0,0,0,1246,22790,208,208,0,105,0,1254,212
 44350,0,23199,1169,848,1904,2379,529,22851,22637,0,0,519,1365,0,2627,1288,640,1149,103,410,0,0,0,1246,22795,208,208,0,105,0,1254,212
 44355,0,23204,1169,848,1904,2379,529,22856,22642,0,0,519,1365,0,2627,1288,640,1149,103,410,0,0,0,1246,22800,208,208,0,105,0,1254,212
 44360,0,23209,1169,848,1904,2379,529,22861,22647,0,0,519,1365,0,2627,1288,640,1149,103,410,0,0,0,1246,22805,208,208,0,105,0,1254,212
 44365,0,23214,1169,848,1904,2379,529,22866,22652,0,0,519,1365,0,2627,1288,640,1149,103,410,0,0,0,1246,22810,208,208,0,105,0,1254,212
 44370,0,23219,1169,848,1904,2379,529,22871,22657,0,0,519,1365,0,2627,1288,640,1149,103,410,0,0,0,1246,22815,208,208,0,105,0,1254,212
 44375,0,23224,1169,848,1904,2379,529,22876,22662,0,0,519,1365,0,2627,1288,640,1149,103,410,0,0,0,1246,22820,208,208,0,105,0,1254,212
 44380,0,23229,1169,848,1904,2379,529,22881,22665,0,0,519,1365,0,2627,1288,640,1149,103,410,0,0,0,1246,22825,208,208,0,105,0,1254,212
 44385,0,23234,1169,848,1904,2379,529,22886,22665,0,0,519,1365,0,2627,1288,640,1149,103,410,0,0,0,1246,22830,208,208,0,105,0,1254,212
 44390,0,23239,1169,848,1904,2379,529,22891,22665,0,0,519,1365,0,2627,1288,640,1149,103,410,0,0,0,1246,22835,208,208,0,105,0,1254,212
 44395,0,23244,1169,848,1904,2379,529,22896,22665,0,0,519,1365,0,2627,1288,640,1149,103,410,0,0,0,1246,22840,208,208,0,105,0,1254,212
 44400,0,23244,1169,848,1904,2379,529,22900,22665,0,0,519,1365,0,2627,1288,640,1149,103,410,0,0,0,1246,22845,208,208,0,105,0,1254,212
 44405,0,23244,1169,848,1904,2379,529,22900,22665,0,0,519,1365,0,2627,1288,640,1149,103,410,0,0,0,1246,22849,208,208,0,105,0,1254,212
 44410,0,23244,1169,848,1904,2379,529,22900,22665,0,0,519,1365,0,2627,1288,640,1149,103,410,0,0,0,1246,22849,208,208,0,105,0,1254,212
 44415,0,23244,1169,848,1904,2379,529,22900,22665,0,0,519,1365,0,2627,1288,640,1149,103,410,0,0,0,1246,22849,208,208,0,105,0,1254,212
 44420,0,23244,1169,848,1904,2379,529,22900,22665,0,0,519,1365,0,2627,1288,640,1149,103,410,0,0,0,1246,22849,208,208,0,105,0,1254,212
 44425,0,23244,1169,848,1904,2379,529,22900,22665,0,0,519,1365,0,2627,1288,640,1149,103,410,0,0,0,1246,22849,208,208,0,105,0,1254,212
 44430,0,23244,1169,848,1904,2379,529,22900,22665,0,0,519,1365,0,2627,1288,640,1149,103,410,0,0,0,1246,22849,208,208,0,105,0,1254,212
 44435,0,23244,1169,848,1904,2379,529,22900,22665,0,0,519,1365,0,2627,1288,640,1149,103,410,0,0,0,1246,22849,208,208,0,105,0,1254,212
 44440,0,23244,1169,848,1904,2379,529,22900,22665,0,0,519,1365,0,2627,1288,640,1149,103,410,0,0,0,1246,22849,208,208,0,105,0,1254,212
 44445,0,23244,1169,848,1904,2379,529,22900,22665,0,0,519,1365,0,2627,1288,640,1149,103,410,0,0,0,1246,22849,208,208,0,105,0,1254,212
 44450,0,23244,1169,848,1904,2379,529,22900,22665,0,0,519,1365,0,2627,1288,640,1149,103,410,0,0,0,1246,22849,208,208,0,105,0,1254,212
 44455,0,23244,1169,848,1904,2379,529,22900,22665,0,0,519,1365,0,2627,1288,640,1149,103,410,0,0,0,1246,22849,208,208,0,105,0,1254,212
 44460,0,23244,1169,848,1904,2379,529,22900,22665,0,0,519,1365,0,2627,1288,640,1149,103,410,0,0,0,1246,22849,208,208,0,105,0,1254,212
 44465,0,23244,1169,848,1904,2379,529,22900,22665,0,0,519,1365,0,2627,1288,640,1149,103,410,0,0,0,1246,22849,208,208,0,105,0,1254,212
 44470,0,23244,1169,848,1904,2379,529,22900,22665,0,0,519,1365,0,2627,1288,640,1149,103,410,0,0,0,1246,22849,208,208,0,105,0,1254,212
 44475,0,23244,1169,848,1904,2379,529,22900,22665,0,0,519,1365,0,2627,1288,640,1149,103,410,0,0,0,1246,22849,208,208,0,105,0,1254,212
 44480,0,23244,1169,848,1904,2379,529,22900,22665,0,0,519,1365,0,2627,1288,640,1149,103,410,0,0,0,1246,22849,208,208,0,105,0,1254,212
 44485,0,23244,1169,848,1904,2379,529,22900,22665,0,0,519,1365,0,2627,1288,640,1149,103,410,0,0,0,1246,22849,208,208,0,105,0,1254,212
 44490,0,23245,1169,848,1904,2379,529,22900,22665,0,0,519,1365,0,2627,1288,640,1149,103,410,0,0,0,1246,22849,208,208,0,105,0,1254,212
 44495,0,23250,1169,848,1904,2379,529,22900,22667,0,0,519,1365,0,2627,1288,640,1149,103,410,0,0,0,1246,22849,208,208,0,105,0,1254,212
 44500,0,23255,1169,848,1904,2379,529,22900,22672,0,0,519,1365,0,2627,1288,640,1149,103,410,0,0,0,1246,22849,208,208,0,105,0,1254,212
 44505,0,23260,1169,848,1904,2379,529,22900,22677,0,0,519,1365,0,2627,1288,640,1149,103,410,0,0,0,1246,22849,208,208,0,105,0,1254,212
 44510,0,23265,1169,848,1904,2379,529,22900,22682,0,0,519,1365,0,2627,1288,640,1149,103,410,0,0,0,1246,22848,208,208,0,105,0,1254,212
 44515,0,23270,1169,848,1904,2379,529,22900,22687,0,0,519,1365,0,2627,1288,640,1149,103,410,0,0,0,1246,22853,208,208,0,105,0,1254,212
 44520,0,23275,1169,848,1904,2379,529,22900,22692,0,0,519,1365,0,2627,1288,640,1149,103,410,0,0,0,1246,22858,208,208,0,105,0,1254,212
 44525,0,23280,1169,848,1904,2379,529,22900,22697,0,0,519,1365,0,2627,1288,640,1149,103,410,0,0,0,1246,22863,208,208,0,105,0,1254,212
 44530,0,23285,1169,848,1904,2379,529,22900,22702,0,0,519,1365,0,2627,1288,640,1149,103,410,0,0,0,1246,22868,208,208,0,105,0,1254,212
 44535,0,23290,1169,848,1904,2379,529,22901,22707,0,0,519,1365,0,2627,1288,640,1149,103,410,0,0,0,1246,22873,208,208,0,105,0,1254,212
 44540,0,23295,1169,848,1904,2379,529,22906,22712,0,0,519,1365,0,2627,1288,640,1149,103,410,0,0,0,1246,22878,208,208,0,105,0,1254,212
 44545,0,23300,1169,848,1904,2379,529,22911,22717,0,0,519,1365,0,2627,1288,640,1149,103,410,0,0,0,1246,22883,208,208,0,105,0,1254,212
 44550,0,23305,1169,848,1904,2379,529,22916,22722,0,0,519,1365,0,2627,1288,640,1149,103,410,0,0,0,1246,22888,208,208,0,105,0,1254,212
 44555,0,23310,1169,848,1904,2379,529,22921,22727,0,0,519,1365,0,2627,1288,640,1149,103,410,0,0,0,1246,22893,208,208,0,105,0,1254,212
 44560,0,23315,1169,848,1904,2379,529,22926,22732,0,0,519,1365,0,2627,1288,640,1149,103,410,0,0,0,1246,22898,208,208,0,105,0,1254,212
 44565,0,23320,1169,848,1904,2379,529,22931,22737,0,0,519,1365,0,2627,1288,640,1149,103,410,0,0,0,1246,22903,208,208,0,105,0,1254,212
 44570,0,23325,1169,848,1904,2379,529,22936,22742,0,0,519,1365,0,2627,1288,640,1149,103,410,0,0,0,1246,22908,208,208,0,105,0,1254,212
 44575,0,23330,1169,848,1904,2379,529,22941,22747,0,0,519,1365,0,2627,1288,640,1149,103,410,0,0,0,1246,22913,208,208,0,105,0,1254,212
 44580,0,23335,1169,848,1904,2379,529,22946,22752,0,0,519,1365,0,2627,1288,640,1149,103,410,0,0,0,1246,22918,208,208,0,105,0,1254,212
 44585,0,23340,1169,848,1904,2379,529,22951,22757,0,0,519,1365,0,2627,1288,640,1149,103,410,0,0,0,1246,22923,208,208,0,105,0,1254,212
 44590,0,23345,1169,848,1904,2379,529,22956,22762,0,0,519,1365,0,2627,1288,640,1149,103,410,0,0,0,1246,22928,208,208,0,105,0,1254,212
 44595,0,23347,1169,848,1904,2379,529,22961,22767,0,0,519,1365,0,2627,1288,640,1149,103,410,0,0,0,1246,22933,208,208,0,105,0,1254,212
 44600,0,23347,1169,848,1904,2379,529,22966,22770,0,0,519,1365,0,2627,1288,640,1149,103,410,0,0,0,1246,22938,208,208,0,105,0,1254,212
 44605,0,23347,1169,848,1904,2379,529,22971,22770,0,0,519,1365,0,2627,1288,640,1149,103,410,0,0,0,1246,22943,208,208,0,105,0,1254,212
 44610,0,23347,1169,848,1904,2379,529,22976,22770,0,0,519,1365,0,2627,1288,640,1149,103,410,0,0,0,1246,22948,208,208,0,105,0,1254,212
 44615,0,23347,1169,848,1904,2379,529,22981,22770,0,0,519,1365,0,2627,1288,640,1149,103,410,0,0,0,1246,22953,208,208,0,105,0,1254,212
 44620,0,23347,1169,848,1904,2379,529,22986,22770,0,0,519,1365,0,2627,1288,640,1149,103,410,0,0,0,1246,22956,208,208,0,105,0,1254,212
 44625,0,23347,1169,848,1904,2379,529,22991,22770,0,0,519,1365,0,2627,1288,640,1149,103,410,0,0,0,1246,22956,208,208,0,105,0,1254,212
 44630,0,23347,1169,848,1904,2379,529,22996,22770,0,0,519,1365,0,2627,1288,640,1149,103,410,0,0,0,1246,22956,208,208,0,105,0,1254,212
 44635,0,23347,1169,848,1904,2379,529,23001,22770,0,0,519,1365,0,2627,1288,640,1149,103,410,0,0,0,1246,22956,208,208,0,105,0,1254,212
 44640,0,23347,1169,848,1904,2379,529,23005,22770,0,0,519,1365,0,2627,1288,640,1149,103,410,0,0,0,1246,22956,208,208,0,105,0,1254,212
 44645,0,23347,1169,848,1904,2379,529,23005,22770,0,0,519,1365,0,2627,1288,640,1149,103,410,0,0,0,1246,22956,208,208,0,105,0,1254,212
 44650,0,23347,1169,848,1904,2379,529,23005,22770,0,0,519,1365,0,2627,1288,640,1149,103,410,0,0,0,1246,22956,208,208,0,105,0,1254,212
 44655,0,23347,1169,848,1904,2379,529,23005,22770,0,0,519,1365,0,2627,1288,640,1149,103,410,0,0,0,1246,22956,208,208,0,105,0,1254,212
 44660,0,23347,1169,848,1904,2379,529,23005,22770,0,0,519,1365,0,2627,1288,640,1149,103,410,0,0,0,1246,22956,208,208,0,105,0,1254,212
 44665,0,23347,1169,848,1904,2379,529,23005,22770,0,0,519,1365,0,2627,1288,640,1149,103,410,0,0,0,1246,22956,208,208,0,105,0,1254,212
 44670,0,23347,1169,848,1904,2379,529,23005,22770,0,0,519,1365,0,2627,1288,640,1149,103,410,0,0,0,1246,22956,208,208,0,105,0,1254,212
 44675,0,23347,1169,848,1904,2379,529,23005,22770,0,0,519,1365,0,2627,1288,640,1149,103,410,0,0,0,1246,22956,208,208,0,105,0,1254,212
 44680,0,23347,1169,848,1904,2379,529,23005,22770,0,0,519,1365,0,2627,1288,640,1149,103,410,0,0,0,1246,22956,208,208,0,105,0,1254,212
 44685,0,23347,1169,848,1904,2379,529,23005,22770,0,0,519,1365,0,2627,1288,640,1149,103,410,0,0,0,1246,22956,208,208,0,105,0,1254,212
 44690,0,23347,1169,848,1904,2379,529,23005,22770,0,0,519,1365,0,2627,1288,640,1149,103,410,0,0,0,1246,22956,208,208,0,105,0,1254,212
 44695,0,23347,1169,848,1904,2379,529,23005,22770,0,0,519,1365,0,2627,1288,640,1149,103,410,0,0,0,1246,22956,208,208,0,105,0,1254,212
 44700,0,23347,1169,848,1904,2379,529,23005,22770,0,0,519,1365,0,2627,1288,640,1149,103,410,0,0,0,1246,22956,208,208,0,105,0,1254,212
 44705,0,23347,1169,848,1904,2379,529,23005,22770,0,0,519,1365,0,2627,1288,640,1149,103,410,0,0,0,1246,22956,208,208,0,105,0,1254,212
 44710,0,23347,1169,848,1904,2379,529,23005,22770,0,0,519,1365,0,2627,1288,640,1149,103,410,0,0,0,1246,22956,208,208,0,105,0,1254,212
 44715,0,23347,1169,848,1904,2379,529,23005,22770,0,0,519,1365,0,2627,1288,640,1149,103,410,0,0,0,1246,22956,208,208,0,105,0,1254,212
 44720,0,23347,1169,848,1904,2379,529,23005,22770,0,0,519,1365,0,2627,1288,640,1149,103,410,0,0,0,1246,22956,208,208,0,105,0,1254,212
 44725,0,23347,1169,848,1904,2379,529,23005,22770,0,0,519,1365,0,2627,1288,640,1149,103,410,0,0,0,1246,22956,208,208,0,105,0,1254,212
 44730,0,23347,1169,848,1904,2379,529,23005,22770,0,0,519,1365,0,2627,1288,640,1149,103,410,0,0,0,1246,22956,208,208,0,105,0,1254,212
 44735,0,23347,1169,848,1904,2379,529,23005,22770,0,0,519,1365,0,2627,1288,640,1149,103,410,0,0,0,1246,22956,208,208,0,105,0,1254,212
 44740,0,23347,1169,848,1904,2379,529,23005,22770,0,0,519,1365,0,2627,1288,640,1149,103,410,0,0,0,1246,22956,208,208,0,105,0,1254,212
 44745,0,23347,1169,848,1904,2379,529,23005,22770,0,0,519,1365,0,2627,1288,640,1149,103,410,0,0,0,1246,22961,208,208,0,105,0,1254,212
 44750,0,23347,1169,848,1904,2379,529,23005,22770,0,0,519,1365,0,2627,1288,640,1149,103,410,0,0,0,1246,22966,208,208,0,105,0,1254,212
 44755,0,23346,1169,848,1904,2379,529,23005,22775,0,0,519,1365,0,2627,1288,640,1149,103,410,0,0,0,1246,22971,208,208,0,105,0,1254,212
 44760,0,23351,1169,848,1904,2379,529,23005,22780,0,0,519,1365,0,2627,1288,640,1149,103,410,0,0,0,1246,22976,208,208,0,105,0,1254,212
 44765,0,23356,1169,848,1904,2379,529,23005,22785,0,0,519,1365,0,2627,1288,640,1149,103,410,0,0,0,1246,22981,208,208,0,105,0,1254,212
 44770,0,23361,1169,848,1904,2379,529,23005,22790,0,0,519,1365,0,2627,1288,640,1149,103,410,0,0,0,1246,22986,208,208,0,105,0,1254,212
 44775,0,23366,1169,848,1904,2379,529,23005,22795,0,0,519,1365,0,2627,1288,640,1149,103,410,0,0,0,1246,22991,208,208,0,105,0,1254,212
 44780,0,23371,1169,848,1904,2379,529,23005,22800,0,0,519,1365,0,2627,1288,640,1149,103,410,0,0,0,1246,22996,208,208,0,105,0,1254,212
 44785,0,23376,1169,848,1904,2379,529,23005,22805,0,0,519,1365,0,2627,1288,640,1149,103,410,0,0,0,1246,23001,208,208,0,105,0,1254,212
 44790,0,23381,1169,848,1904,2379,529,23005,22810,0,0,519,1365,0,2627,1288,640,1149,103,410,0,0,0,1246,23006,208,208,0,105,0,1254,212
 44795,0,23386,1169,848,1904,2379,529,23005,22815,0,0,519,1365,0,2627,1288,640,1149,103,410,0,0,0,1246,23011,208,208,0,105,0,1254,212
 44800,0,23391,1169,848,1904,2379,529,23008,22820,0,0,519,1365,0,2627,1288,640,1149,103,410,0,0,0,1246,23016,208,208,0,105,0,1254,212
 44805,0,23396,1169,848,1904,2379,529,23013,22825,0,0,519,1365,0,2627,1288,640,1149,103,410,0,0,0,1246,23021,208,208,0,105,0,1254,212
 44810,0,23401,1169,848,1904,2379,529,23018,22830,0,0,519,1365,0,2627,1288,640,1149,103,410,0,0,0,1246,23026,208,208,0,105,0,1254,212
 44815,0,23406,1169,848,1904,2379,529,23023,22835,0,0,519,1365,0,2627,1288,640,1149,103,410,0,0,0,1246,23031,208,208,0,105,0,1254,212
 44820,0,23411,1169,848,1904,2379,529,23028,22840,0,0,519,1365,0,2627,1288,640,1149,103,410,0,0,0,1246,23036,208,208,0,105,0,1254,212
 44825,0,23416,1169,848,1904,2379,529,23033,22845,0,0,519,1365,0,2627,1288,640,1149,103,410,0,0,0,1246,23041,208,208,0,105,0,1254,212
 44830,0,23421,1169,848,1904,2379,529,23038,22850,0,0,519,1365,0,2627,1288,640,1149,103,410,0,0,0,1246,23046,208,208,0,105,0,1254,212
 44835,0,23426,1169,848,1904,2379,529,23043,22855,0,0,519,1365,0,2627,1288,640,1149,103,410,0,0,0,1246,23051,208,208,0,105,0,1254,212
 44840,0,23431,1169,848,1904,2379,529,23048,22860,0,0,519,1365,0,2627,1288,640,1149,103,410,0,0,0,1246,23056,208,208,0,105,0,1254,212
 44845,0,23436,1169,848,1904,2379,529,23053,22865,0,0,519,1365,0,2627,1288,640,1149,103,410,0,0,0,1246,23061,208,208,0,105,0,1254,212
 44850,0,23441,1169,848,1904,2379,529,23058,22870,0,0,519,1365,0,2627,1288,640,1149,103,410,0,0,0,1246,23061,208,208,0,105,0,1254,212
 44855,0,23446,1169,848,1904,2379,529,23063,22873,0,0,519,1365,0,2627,1288,640,1149,103,410,0,0,0,1246,23061,208,208,0,105,0,1254,212
 44860,0,23450,1169,848,1904,2379,529,23068,22873,0,0,519,1365,0,2627,1288,640,1149,103,410,0,0,0,1246,23061,208,208,0,105,0,1254,212
 44865,0,23450,1169,848,1904,2379,529,23073,22873,0,0,519,1365,0,2627,1288,640,1149,103,410,0,0,0,1246,23061,208,208,0,105,0,1254,212
 44870,0,23450,1169,848,1904,2379,529,23078,22873,0,0,519,1365,0,2627,1288,640,1149,103,410,0,0,0,1246,23061,208,208,0,105,0,1254,212
 44875,0,23450,1169,848,1904,2379,529,23083,22873,0,0,519,1365,0,2627,1288,640,1149,103,410,0,0,0,1246,23061,208,208,0,105,0,1254,212
 44880,0,23450,1169,848,1904,2379,529,23088,22873,0,0,519,1365,0,2627,1288,640,1149,103,410,0,0,0,1246,23061,208,208,0,105,0,1254,212
 44885,0,23450,1169,848,1904,2379,529,23093,22873,0,0,519,1365,0,2627,1288,640,1149,103,410,0,0,0,1246,23061,208,208,0,105,0,1254,212
 44890,0,23450,1169,848,1904,2379,529,23098,22873,0,0,519,1365,0,2627,1288,640,1149,103,410,0,0,0,1246,23061,208,208,0,105,0,1254,212
 44895,0,23450,1169,848,1904,2379,529,23103,22873,0,0,519,1365,0,2627,1288,640,1149,103,410,0,0,0,1246,23061,208,208,0,105,0,1254,212
 44900,0,23450,1169,848,1904,2379,529,23108,22873,0,0,519,1365,0,2627,1288,640,1149,103,410,0,0,0,1246,23061,208,208,0,105,0,1254,212
 44905,0,23450,1169,848,1904,2379,529,23110,22873,0,0,519,1365,0,2627,1288,640,1149,103,410,0,0,0,1246,23061,208,208,0,105,0,1254,212
 44910,0,23450,1169,848,1904,2379,529,23110,22873,0,0,519,1365,0,2627,1288,640,1149,103,410,0,0,0,1246,23061,208,208,0,105,0,1254,212
 44915,0,23450,1169,848,1904,2379,529,23110,22873,0,0,519,1365,0,2627,1288,640,1149,103,410,0,0,0,1246,23061,208,208,0,105,0,1254,212
 44920,0,23450,1169,848,1904,2379,529,23110,22873,0,0,519,1365,0,2627,1288,640,1149,103,410,0,0,0,1246,23061,208,208,0,105,0,1254,212
 44925,0,23450,1169,848,1904,2379,529,23110,22873,0,0,519,1365,0,2627,1288,640,1149,103,410,0,0,0,1246,23061,208,208,0,105,0,1254,212
 44930,0,23450,1169,848,1904,2379,529,23110,22873,0,0,519,1365,0,2627,1288,640,1149,103,410,0,0,0,1246,23061,208,208,0,105,0,1254,212
 44935,0,23451,1169,848,1904,2379,529,23110,22873,0,0,519,1365,0,2627,1288,640,1149,103,410,0,0,0,1246,23061,208,208,0,105,0,1254,212
 44940,0,23456,1169,848,1904,2379,529,23110,22873,0,0,519,1365,0,2627,1288,640,1149,103,410,0,0,0,1246,23061,208,208,0,105,0,1254,212
 44945,0,23461,1169,848,1904,2379,529,23110,22873,0,0,519,1365,0,2627,1288,640,1149,103,410,0,0,0,1246,23061,208,208,0,105,0,1254,212
 44950,0,23466,1169,848,1904,2379,529,23110,22873,0,0,519,1365,0,2627,1288,640,1149,103,410,0,0,0,1246,23061,208,208,0,105,0,1254,212
 44955,0,23471,1169,848,1904,2379,529,23110,22873,0,0,519,1365,0,2627,1288,640,1149,103,410,0,0,0,1246,23064,208,208,0,105,0,1254,212
 44960,0,23476,1169,848,1904,2379,529,23113,22873,0,0,519,1365,0,2627,1288,640,1149,103,410,0,0,0,1246,23069,208,208,0,105,0,1254,212
 44965,0,23481,1169,848,1904,2379,529,23118,22873,0,0,519,1365,0,2627,1288,640,1149,103,410,0,0,0,1246,23074,208,208,0,105,0,1254,212
 44970,0,23486,1169,848,1904,2379,529,23123,22873,0,0,519,1365,0,2627,1288,640,1149,103,410,0,0,0,1246,23079,208,208,0,105,0,1254,212
 44975,0,23491,1169,848,1904,2379,529,23128,22873,0,0,519,1365,0,2627,1288,640,1149,103,410,0,0,0,1246,23084,208,208,0,105,0,1254,212
 44980,0,23496,1169,848,1904,2379,529,23133,22873,0,0,519,1365,0,2627,1288,640,1149,103,410,0,0,0,1246,23089,208,208,0,105,0,1254,212
 44985,0,23501,1169,848,1904,2379,529,23138,22873,0,0,519,1365,0,2627,1288,640,1149,103,410,0,0,0,1246,23094,208,208,0,105,0,1254,212
 44990,0,23506,1169,848,1904,2379,529,23143,22873,0,0,519,1365,0,2627,1288,640,1149,103,410,0,0,0,1246,23099,208,208,0,105,0,1254,212
 44995,0,23511,1169,848,1904,2379,529,23148,22874,0,0,519,1365,0,2627,1288,640,1149,103,410,0,0,0,1246,23104,208,208,0,105,0,1254,212
 45000,0,23516,1169,848,1904,2379,529,23153,22879,0,0,519,1365,0,2627,1288,640,1149,103,410,0,0,0,1246,23109,208,208,0,105,0,1254,212
 45005,0,23521,1169,848,1904,2379,529,23158,22884,0,0,519,1365,0,2627,1288,640,1149,103,410,0,0,0,1246,23114,208,208,0,105,0,1254,212
 45010,0,23526,1169,848,1904,2379,529,23163,22889,0,0,519,1365,0,2627,1288,640,1149,103,410,0,0,0,1246,23119,208,208,0,105,0,1254,212
 45015,0,23531,1169,848,1904,2379,529,23168,22894,0,0,519,1365,0,2627,1288,640,1149,103,410,0,0,0,1246,23124,208,208,0,105,0,1254,212
 45020,0,23536,1169,848,1904,2379,529,23173,22899,0,0,519,1365,0,2627,1288,640,1149,103,410,0,0,0,1246,23129,208,208,0,105,0,1254,212
 45025,0,23541,1169,848,1904,2379,529,23178,22904,0,0,519,1365,0,2627,1288,640,1149,103,410,0,0,0,1246,23134,208,208,0,105,0,1254,212
 45030,0,23546,1169,848,1904,2379,529,23183,22909,0,0,519,1365,0,2627,1288,640,1149,103,410,0,0,0,1246,23139,208,208,0,105,0,1254,212
 45035,0,23551,1169,848,1904,2379,529,23188,22914,0,0,519,1365,0,2627,1288,640,1149,103,410,0,0,0,1246,23144,208,208,0,105,0,1254,212
 45040,0,23551,1169,848,1904,2379,529,23193,22919,0,0,519,1365,0,2627,1288,640,1149,103,410,0,0,0,1246,23149,208,208,0,105,0,1254,212
 45045,0,23551,1169,848,1904,2379,529,23198,22924,0,0,519,1365,0,2627,1288,640,1149,103,410,0,0,0,1246,23154,208,208,0,105,0,1254,212
 45050,0,23551,1169,848,1904,2379,529,23203,22929,0,0,519,1365,0,2627,1288,640,1149,103,410,0,0,0,1246,23159,208,208,0,105,0,1254,212
 45055,0,23551,1169,848,1904,2379,529,23208,22934,0,0,519,1365,0,2627,1288,640,1149,103,410,0,0,0,1246,23164,208,208,0,105,0,1254,212
 45060,0,23551,1169,848,1904,2379,529,23213,22939,0,0,519,1365,0,2627,1288,640,1149,103,410,0,0,0,1246,23168,208,208,0,105,0,1254,212
 45065,0,23551,1169,848,1904,2379,529,23215,22944,0,0,519,1365,0,2627,1288,640,1149,103,410,0,0,0,1246,23168,208,208,0,105,0,1254,212
 45070,0,23551,1169,848,1904,2379,529,23215,22949,0,0,519,1365,0,2627,1288,640,1149,103,410,0,0,0,1246,23168,208,208,0,105,0,1254,212
 45075,0,23551,1169,848,1904,2379,529,23215,22954,0,0,519,1365,0,2627,1288,640,1149,103,410,0,0,0,1246,23168,208,208,0,105,0,1254,212
 45080,0,23551,1169,848,1904,2379,529,23215,22959,0,0,519,1365,0,2627,1288,640,1149,103,410,0,0,0,1246,23168,208,208,0,105,0,1254,212
 45085,0,23551,1169,848,1904,2379,529,23215,22964,0,0,519,1365,0,2627,1288,640,1149,103,410,0,0,0,1246,23168,208,208,0,105,0,1254,212
 45090,0,23551,1169,848,1904,2379,529,23215,22969,0,0,519,1365,0,2627,1288,640,1149,103,410,0,0,0,1246,23168,208,208,0,105,0,1254,212
 45095,0,23551,1169,848,1904,2379,529,23215,22974,0,0,519,1365,0,2627,1288,640,1149,103,410,0,0,0,1246,23168,208,208,0,105,0,1254,212
 45100,0,23551,1169,848,1904,2379,529,23215,22980,0,0,519,1365,0,2627,1288,640,1149,103,410,0,0,0,1246,23168,208,208,0,105,0,1254,212
 45105,0,23551,1169,848,1904,2379,529,23215,22980,0,0,519,1365,0,2627,1288,640,1149,103,410,0,0,0,1246,23168,208,208,0,105,0,1254,212
 45110,0,23551,1169,848,1904,2379,529,23215,22980,0,0,519,1365,0,2627,1288,640,1149,103,410,0,0,0,1246,23168,208,208,0,105,0,1254,212
 45115,0,23551,1169,848,1904,2379,529,23215,22980,0,0,519,1365,0,2627,1288,640,1149,103,410,0,0,0,1246,23168,208,208,0,105,0,1254,212
 45120,0,23551,1169,848,1904,2379,529,23215,22980,0,0,519,1365,0,2627,1288,640,1149,103,410,0,0,0,1246,23168,208,208,0,105,0,1254,212
 45125,0,23551,1169,848,1904,2379,529,23215,22980,0,0,519,1365,0,2627,1288,640,1149,103,410,0,0,0,1246,23168,208,208,0,105,0,1254,212
 45130,0,23551,1169,848,1904,2379,529,23215,22980,0,0,519,1365,0,2627,1288,640,1149,103,410,0,0,0,1246,23168,208,208,0,105,0,1254,212
 45135,0,23551,1169,848,1904,2379,529,23215,22980,0,0,519,1365,0,2627,1288,640,1149,103,410,0,0,0,1246,23168,208,208,0,105,0,1254,212
 45140,0,23552,1169,848,1904,2379,529,23215,22980,0,0,519,1365,0,2627,1288,640,1149,103,410,0,0,0,1246,23168,208,208,0,105,0,1254,212
 45145,0,23557,1169,848,1904,2379,529,23215,22980,0,0,519,1365,0,2627,1288,640,1149,103,410,0,0,0,1246,23168,208,208,0,105,0,1254,212
 45150,0,23562,1169,848,1904,2379,529,23215,22980,0,0,519,1365,0,2627,1288,640,1149,103,410,0,0,0,1246,23168,208,208,0,105,0,1254,212
 45155,0,23567,1169,848,1904,2379,529,23215,22980,0,0,519,1365,0,2627,1288,640,1149,103,410,0,0,0,1246,23168,208,208,0,105,0,1254,212
 45160,0,23572,1169,848,1904,2379,529,23215,22980,0,0,519,1365,0,2627,1288,640,1149,103,410,0,0,0,1246,23168,208,208,0,105,0,1254,212
 45165,0,23577,1169,848,1904,2379,529,23215,22980,0,0,519,1365,0,2627,1288,640,1149,103,410,0,0,0,1246,23168,208,208,0,105,0,1254,212
 45170,0,23582,1169,848,1904,2379,529,23215,22980,0,0,519,1365,0,2627,1288,640,1149,103,410,0,0,0,1246,23168,208,208,0,105,0,1254,212
 45175,0,23587,1169,848,1904,2379,529,23215,22980,0,0,519,1365,0,2627,1288,640,1149,103,410,0,0,0,1246,23168,208,208,0,105,0,1254,212
 45180,0,23592,1169,848,1904,2379,529,23215,22980,0,0,519,1365,0,2627,1288,640,1149,103,410,0,0,0,1246,23168,208,208,0,105,0,1254,212
 45185,0,23597,1169,848,1904,2379,529,23215,22980,0,0,519,1365,0,2627,1288,640,1149,103,410,0,0,0,1246,23168,208,208,0,105,0,1254,212
 45190,0,23602,1169,848,1904,2379,529,23215,22983,0,0,519,1365,0,2627,1288,640,1149,103,410,0,0,0,1246,23168,208,208,0,105,0,1254,212
 45195,0,23607,1169,848,1904,2379,529,23215,22988,0,0,519,1365,0,2627,1288,640,1149,103,410,0,0,0,1246,23167,208,208,0,105,0,1254,212
 45200,0,23612,1169,848,1904,2379,529,23215,22993,0,0,519,1365,0,2627,1288,640,1149,103,410,0,0,0,1246,23172,208,208,0,105,0,1254,212
 45205,0,23617,1169,848,1904,2379,529,23215,22998,0,0,519,1365,0,2627,1288,640,1149,103,410,0,0,0,1246,23177,208,208,0,105,0,1254,212
 45210,0,23622,1169,848,1904,2379,529,23215,23003,0,0,519,1365,0,2627,1288,640,1149,103,410,0,0,0,1246,23182,208,208,0,105,0,1254,212
 45215,0,23627,1169,848,1904,2379,529,23215,23008,0,0,519,1365,0,2627,1288,640,1149,103,410,0,0,0,1246,23187,208,208,0,105,0,1254,212
 45220,0,23632,1169,848,1904,2379,529,23215,23013,0,0,519,1365,0,2627,1288,640,1149,103,410,0,0,0,1246,23192,208,208,0,105,0,1254,212
 45225,0,23637,1169,848,1904,2379,529,23215,23018,0,0,519,1365,0,2627,1288,640,1149,103,410,0,0,0,1246,23197,208,208,0,105,0,1254,212
 45230,0,23642,1169,848,1904,2379,529,23215,23023,0,0,519,1365,0,2627,1288,640,1149,103,410,0,0,0,1246,23202,208,208,0,105,0,1254,212
 45235,0,23647,1169,848,1904,2379,529,23215,23028,0,0,519,1365,0,2627,1288,640,1149,103,410,0,0,0,1246,23207,208,208,0,105,0,1254,212
 45240,0,23652,1169,848,1904,2379,529,23215,23033,0,0,519,1365,0,2627,1288,640,1149,103,410,0,0,0,1246,23212,208,208,0,105,0,1254,212
 45245,0,23654,1169,848,1904,2379,529,23215,23038,0,0,519,1365,0,2627,1288,640,1149,103,410,0,0,0,1246,23217,208,208,0,105,0,1254,212
 45250,0,23654,1169,848,1904,2379,529,23215,23043,0,0,519,1365,0,2627,1288,640,1149,103,410,0,0,0,1246,23222,208,208,0,105,0,1254,212
 45255,0,23654,1169,848,1904,2379,529,23215,23048,0,0,519,1365,0,2627,1288,640,1149,103,410,0,0,0,1246,23227,208,208,0,105,0,1254,212
 45260,0,23654,1169,848,1904,2379,529,23215,23053,0,0,519,1365,0,2627,1288,640,1149,103,410,0,0,0,1246,23232,208,208,0,105,0,1254,212
 45265,0,23654,1169,848,1904,2379,529,23215,23058,0,0,519,1365,0,2627,1288,640,1149,103,410,0,0,0,1246,23237,208,208,0,105,0,1254,212
 45270,0,23654,1169,848,1904,2379,529,23215,23063,0,0,519,1365,0,2627,1288,640,1149,103,410,0,0,0,1246,23242,208,208,0,105,0,1254,212
 45275,0,23654,1169,848,1904,2379,529,23218,23068,0,0,519,1365,0,2627,1288,640,1149,103,410,0,0,0,1246,23247,208,208,0,105,0,1254,212
 45280,0,23654,1169,848,1904,2379,529,23223,23073,0,0,519,1365,0,2627,1288,640,1149,103,410,0,0,0,1246,23252,208,208,0,105,0,1254,212
 45285,0,23654,1169,848,1904,2379,529,23228,23078,0,0,519,1365,0,2627,1288,640,1149,103,410,0,0,0,1246,23257,208,208,0,105,0,1254,212
 45290,0,23654,1169,848,1904,2379,529,23233,23083,0,0,519,1365,0,2627,1288,640,1149,103,410,0,0,0,1246,23262,208,208,0,105,0,1254,212
 45295,0,23654,1169,848,1904,2379,529,23238,23085,0,0,519,1365,0,2627,1288,640,1149,103,410,0,0,0,1246,23267,208,208,0,105,0,1254,212
 45300,0,23654,1169,848,1904,2379,529,23243,23085,0,0,519,1365,0,2627,1288,640,1149,103,410,0,0,0,1246,23272,208,208,0,105,0,1254,212
 45305,0,23654,1169,848,1904,2379,529,23248,23085,0,0,519,1365,0,2627,1288,640,1149,103,410,0,0,0,1246,23275,208,208,0,105,0,1254,212
 45310,0,23655,1169,848,1904,2379,529,23253,23085,0,0,519,1365,0,2627,1288,640,1149,103,410,0,0,0,1246,23275,208,208,0,105,0,1254,212
 45315,0,23660,1169,848,1904,2379,529,23258,23085,0,0,519,1365,0,2627,1288,640,1149,103,410,0,0,0,1246,23275,208,208,0,105,0,1254,212
 45320,0,23665,1169,848,1904,2379,529,23263,23085,0,0,519,1365,0,2627,1288,640,1149,103,410,0,0,0,1246,23275,208,208,0,105,0,1254,212
 45325,0,23670,1169,848,1904,2379,529,23268,23085,0,0,519,1365,0,2627,1288,640,1149,103,410,0,0,0,1246,23275,208,208,0,105,0,1254,212
 45330,0,23675,1169,848,1904,2379,529,23273,23085,0,0,519,1365,0,2627,1288,640,1149,103,410,0,0,0,1246,23275,208,208,0,105,0,1254,212
 45335,0,23680,1169,848,1904,2379,529,23278,23085,0,0,519,1365,0,2627,1288,640,1149,103,410,0,0,0,1246,23275,208,208,0,105,0,1254,212
 45340,0,23685,1169,848,1904,2379,529,23283,23085,0,0,519,1365,0,2627,1288,640,1149,103,410,0,0,0,1246,23275,208,208,0,105,0,1254,212
 45345,0,23690,1169,848,1904,2379,529,23288,23085,0,0,519,1365,0,2627,1288,640,1149,103,410,0,0,0,1246,23275,208,208,0,105,0,1254,212
 45350,0,23695,1169,848,1904,2379,529,23293,23085,0,0,519,1365,0,2627,1288,640,1149,103,410,0,0,0,1246,23275,208,208,0,105,0,1254,212
 45355,0,23700,1169,848,1904,2379,529,23298,23085,0,0,519,1365,0,2627,1288,640,1149,103,410,0,0,0,1246,23275,208,208,0,105,0,1254,212
 45360,0,23705,1169,848,1904,2379,529,23303,23085,0,0,519,1365,0,2627,1288,640,1149,103,410,0,0,0,1246,23275,208,208,0,105,0,1254,212
 45365,0,23710,1169,848,1904,2379,529,23308,23085,0,0,519,1365,0,2627,1288,640,1149,103,410,0,0,0,1246,23275,208,208,0,105,0,1254,212
 45370,0,23715,1169,848,1904,2379,529,23313,23085,0,0,519,1365,0,2627,1288,640,1149,103,410,0,0,0,1246,23275,208,208,0,105,0,1254,212
 45375,0,23720,1169,848,1904,2379,529,23318,23085,0,0,519,1365,0,2627,1288,640,1149,103,410,0,0,0,1246,23275,208,208,0,105,0,1254,212
 45380,0,23725,1169,848,1904,2379,529,23318,23085,0,0,519,1365,0,2627,1288,640,1149,103,410,0,0,0,1246,23275,208,208,0,105,0,1254,212
 45385,0,23730,1169,848,1904,2379,529,23318,23087,0,0,519,1365,0,2627,1288,640,1149,103,410,0,0,0,1246,23275,208,208,0,105,0,1254,212
 45390,0,23735,1169,848,1904,2379,529,23318,23092,0,0,519,1365,0,2627,1288,640,1149,103,410,0,0,0,1246,23275,208,208,0,105,0,1254,212
 45395,0,23740,1169,848,1904,2379,529,23318,23097,0,0,519,1365,0,2627,1288,640,1149,103,410,0,0,0,1246,23275,208,208,0,105,0,1254,212
 45400,0,23745,1169,848,1904,2379,529,23318,23102,0,0,519,1365,0,2627,1288,640,1149,103,410,0,0,0,1246,23275,208,208,0,105,0,1254,212
 45405,0,23750,1169,848,1904,2379,529,23318,23107,0,0,519,1365,0,2627,1288,640,1149,103,410,0,0,0,1246,23280,208,208,0,105,0,1254,212
 45410,0,23755,1169,848,1904,2379,529,23318,23112,0,0,519,1365,0,2627,1288,640,1149,103,410,0,0,0,1246,23285,208,208,0,105,0,1254,212
 45415,0,23755,1169,848,1904,2379,529,23318,23117,0,0,519,1365,0,2627,1288,640,1149,103,410,0,0,0,1246,23290,208,208,0,105,0,1254,212
 45420,0,23755,1169,848,1904,2379,529,23318,23122,0,0,519,1365,0,2627,1288,640,1149,103,410,0,0,0,1246,23295,208,208,0,105,0,1254,212
 45425,0,23755,1169,848,1904,2379,529,23318,23127,0,0,519,1365,0,2627,1288,640,1149,103,410,0,0,0,1246,23300,208,208,0,105,0,1254,212
 45430,0,23755,1169,848,1904,2379,529,23318,23132,0,0,519,1365,0,2627,1288,640,1149,103,410,0,0,0,1246,23305,208,208,0,105,0,1254,212
 45435,0,23755,1169,848,1904,2379,529,23318,23137,0,0,519,1365,0,2627,1288,640,1149,103,410,0,0,0,1246,23310,208,208,0,105,0,1254,212
 45440,0,23755,1169,848,1904,2379,529,23318,23142,0,0,519,1365,0,2627,1288,640,1149,103,410,0,0,0,1246,23315,208,208,0,105,0,1254,212
 45445,0,23755,1169,848,1904,2379,529,23318,23147,0,0,519,1365,0,2627,1288,640,1149,103,410,0,0,0,1246,23320,208,208,0,105,0,1254,212
 45450,0,23755,1169,848,1904,2379,529,23321,23152,0,0,519,1365,0,2627,1288,640,1149,103,410,0,0,0,1246,23325,208,208,0,105,0,1254,212
 45455,0,23755,1169,848,1904,2379,529,23326,23157,0,0,519,1365,0,2627,1288,640,1149,103,410,0,0,0,1246,23330,208,208,0,105,0,1254,212
 45460,0,23755,1169,848,1904,2379,529,23331,23162,0,0,519,1365,0,2627,1288,640,1149,103,410,0,0,0,1246,23335,208,208,0,105,0,1254,212
 45465,0,23755,1169,848,1904,2379,529,23336,23167,0,0,519,1365,0,2627,1288,640,1149,103,410,0,0,0,1246,23340,208,208,0,105,0,1254,212
 45470,0,23757,1169,848,1904,2379,529,23341,23172,0,0,519,1365,0,2627,1288,640,1149,103,410,0,0,0,1246,23345,208,208,0,105,0,1254,212
 45475,0,23762,1169,848,1904,2379,529,23346,23177,0,0,519,1365,0,2627,1288,640,1149,103,410,0,0,0,1246,23350,208,208,0,105,0,1254,212
 45480,0,23767,1169,848,1904,2379,529,23351,23182,0,0,519,1365,0,2627,1288,640,1149,103,410,0,0,0,1246,23355,208,208,0,105,0,1254,212
 45485,0,23772,1169,848,1904,2379,529,23356,23188,0,0,519,1365,0,2627,1288,640,1149,103,410,0,0,0,1246,23360,208,208,0,105,0,1254,212
 45490,0,23777,1169,848,1904,2379,529,23361,23188,0,0,519,1365,0,2627,1288,640,1149,103,410,0,0,0,1246,23365,208,208,0,105,0,1254,212
 45495,0,23782,1169,848,1904,2379,529,23366,23188,0,0,519,1365,0,2627,1288,640,1149,103,410,0,0,0,1246,23370,208,208,0,105,0,1254,212
 45500,0,23787,1169,848,1904,2379,529,23371,23188,0,0,519,1365,0,2627,1288,640,1149,103,410,0,0,0,1246,23375,208,208,0,105,0,1254,212
 45505,0,23792,1169,848,1904,2379,529,23376,23188,0,0,519,1365,0,2627,1288,640,1149,103,410,0,0,0,1246,23380,208,208,0,105,0,1254,212
 45510,0,23797,1169,848,1904,2379,529,23381,23188,0,0,519,1365,0,2627,1288,640,1149,103,410,0,0,0,1246,23382,208,208,0,105,0,1254,212
 45515,0,23802,1169,848,1904,2379,529,23386,23188,0,0,519,1365,0,2627,1288,640,1149,103,410,0,0,0,1246,23382,208,208,0,105,0,1254,212
 45520,0,23807,1169,848,1904,2379,529,23391,23188,0,0,519,1365,0,2627,1288,640,1149,103,410,0,0,0,1246,23382,208,208,0,105,0,1254,212
 45525,0,23812,1169,848,1904,2379,529,23396,23188,0,0,519,1365,0,2627,1288,640,1149,103,410,0,0,0,1246,23382,208,208,0,105,0,1254,212
 45530,0,23817,1169,848,1904,2379,529,23401,23191,0,0,519,1365,0,2627,1288,640,1149,103,410,0,0,0,1246,23382,208,208,0,105,0,1254,212
 45535,0,23822,1169,848,1904,2379,529,23406,23196,0,0,519,1365,0,2627,1288,640,1149,103,410,0,0,0,1246,23382,208,208,0,105,0,1254,212
 45540,0,23827,1169,848,1904,2379,529,23411,23201,0,0,519,1365,0,2627,1288,640,1149,103,410,0,0,0,1246,23382,208,208,0,105,0,1254,212
 45545,0,23832,1169,848,1904,2379,529,23416,23206,0,0,519,1365,0,2627,1288,640,1149,103,410,0,0,0,1246,23382,208,208,0,105,0,1254,212
 45550,0,23837,1169,848,1904,2379,529,23421,23211,0,0,519,1365,0,2627,1288,640,1149,103,410,0,0,0,1246,23382,208,208,0,105,0,1254,212
 45555,0,23842,1169,848,1904,2379,529,23423,23216,0,0,519,1365,0,2627,1288,640,1149,103,410,0,0,0,1246,23385,208,208,0,105,0,1254,212
 45560,0,23847,1169,848,1904,2379,529,23423,23221,0,0,519,1365,0,2627,1288,640,1149,103,410,0,0,0,1246,23390,208,208,0,105,0,1254,212
 45565,0,23852,1169,848,1904,2379,529,23423,23226,0,0,519,1365,0,2627,1288,640,1149,103,410,0,0,0,1246,23395,208,208,0,105,0,1254,212
 45570,0,23857,1169,848,1904,2379,529,23423,23231,0,0,519,1365,0,2627,1288,640,1149,103,410,0,0,0,1246,23400,208,208,0,105,0,1254,212
 45575,0,23860,1169,848,1904,2379,529,23423,23236,0,0,519,1365,0,2627,1288,640,1149,103,410,0,0,0,1246,23405,208,208,0,105,0,1254,212
 45580,0,23860,1169,848,1904,2379,529,23423,23241,0,0,519,1365,0,2627,1288,640,1149,103,410,0,0,0,1246,23410,208,208,0,105,0,1254,212
 45585,0,23860,1169,848,1904,2379,529,23423,23246,0,0,519,1365,0,2627,1288,640,1149,103,410,0,0,0,1246,23415,208,208,0,105,0,1254,212
 45590,0,23860,1169,848,1904,2379,529,23423,23251,0,0,519,1365,0,2627,1288,640,1149,103,410,0,0,0,1246,23420,208,208,0,105,0,1254,212
 45595,0,23860,1169,848,1904,2379,529,23426,23256,0,0,519,1365,0,2627,1288,640,1149,103,410,0,0,0,1246,23425,208,208,0,105,0,1254,212
 45600,0,23860,1169,848,1904,2379,529,23431,23261,0,0,519,1365,0,2627,1288,640,1149,103,410,0,0,0,1246,23430,208,208,0,105,0,1254,212
 45605,0,23860,1169,848,1904,2379,529,23436,23266,0,0,519,1365,0,2627,1288,640,1149,103,410,0,0,0,1246,23435,208,208,0,105,0,1254,212
 45610,0,23860,1169,848,1904,2379,529,23441,23271,0,0,519,1365,0,2627,1288,640,1149,103,410,0,0,0,1246,23440,208,208,0,105,0,1254,212
 45615,0,23860,1169,848,1904,2379,529,23446,23276,0,0,519,1365,0,2627,1288,640,1149,103,410,0,0,0,1246,23445,208,208,0,105,0,1254,212
 45620,0,23860,1169,848,1904,2379,529,23451,23281,0,0,519,1365,0,2627,1288,640,1149,103,410,0,0,0,1246,23450,208,208,0,105,0,1254,212
 45625,0,23860,1169,848,1904,2379,529,23456,23286,0,0,519,1365,0,2627,1288,640,1149,103,410,0,0,0,1246,23455,208,208,0,105,0,1254,212
 45630,0,23860,1169,848,1904,2379,529,23461,23291,0,0,519,1365,0,2627,1288,640,1149,103,410,0,0,0,1246,23460,208,208,0,105,0,1254,212
 45635,0,23860,1169,848,1904,2379,529,23466,23291,0,0,519,1365,0,2627,1288,640,1149,103,410,0,0,0,1246,23465,208,208,0,105,0,1254,212
 45640,0,23860,1169,848,1904,2379,529,23471,23291,0,0,519,1365,0,2627,1288,640,1149,103,410,0,0,0,1246,23470,208,208,0,105,0,1254,212
 45645,0,23860,1169,848,1904,2379,529,23476,23291,0,0,519,1365,0,2627,1288,640,1149,103,410,0,0,0,1246,23475,208,208,0,105,0,1254,212
 45650,0,23861,1169,848,1904,2379,529,23481,23291,0,0,519,1365,0,2627,1288,640,1149,103,410,0,0,0,1246,23480,208,208,0,105,0,1254,212
 45655,0,23866,1169,848,1904,2379,529,23486,23291,0,0,519,1365,0,2627,1288,640,1149,103,410,0,0,0,1246,23485,208,208,0,105,0,1254,212
 45660,0,23871,1169,848,1904,2379,529,23491,23291,0,0,519,1365,0,2627,1288,640,1149,103,410,0,0,0,1246,23489,208,208,0,105,0,1254,212
 45665,0,23876,1169,848,1904,2379,529,23496,23291,0,0,519,1365,0,2627,1288,640,1149,103,410,0,0,0,1246,23489,208,208,0,105,0,1254,212
 45670,0,23881,1169,848,1904,2379,529,23501,23291,0,0,519,1365,0,2627,1288,640,1149,103,410,0,0,0,1246,23489,208,208,0,105,0,1254,212
 45675,0,23886,1169,848,1904,2379,529,23506,23291,0,0,519,1365,0,2627,1288,640,1149,103,410,0,0,0,1246,23489,208,208,0,105,0,1254,212
 45680,0,23891,1169,848,1904,2379,529,23511,23291,0,0,519,1365,0,2627,1288,640,1149,103,410,0,0,0,1246,23489,208,208,0,105,0,1254,212
 45685,0,23896,1169,848,1904,2379,529,23516,23291,0,0,519,1365,0,2627,1288,640,1149,103,410,0,0,0,1246,23489,208,208,0,105,0,1254,212
 45690,0,23901,1169,848,1904,2379,529,23521,23291,0,0,519,1365,0,2627,1288,640,1149,103,410,0,0,0,1246,23489,208,208,0,105,0,1254,212
 45695,0,23906,1169,848,1904,2379,529,23524,23291,0,0,519,1365,0,2627,1288,640,1149,103,410,0,0,0,1246,23489,208,208,0,105,0,1254,212
 45700,0,23911,1169,848,1904,2379,529,23524,23291,0,0,519,1365,0,2627,1288,640,1149,103,410,0,0,0,1246,23489,208,208,0,105,0,1254,212
 45705,0,23916,1169,848,1904,2379,529,23524,23291,0,0,519,1365,0,2627,1288,640,1149,103,410,0,0,0,1246,23489,208,208,0,105,0,1254,212
 45710,0,23921,1169,848,1904,2379,529,23524,23291,0,0,519,1365,0,2627,1288,640,1149,103,410,0,0,0,1246,23489,208,208,0,105,0,1254,212
 45715,0,23926,1169,848,1904,2379,529,23524,23291,0,0,519,1365,0,2627,1288,640,1149,103,410,0,0,0,1246,23489,208,208,0,105,0,1254,212
 45720,0,23931,1169,848,1904,2379,529,23524,23291,0,0,519,1365,0,2627,1288,640,1149,103,410,0,0,0,1246,23489,208,208,0,105,0,1254,212
 45725,0,23936,1169,848,1904,2379,529,23524,23291,0,0,519,1365,0,2627,1288,640,1149,103,410,0,0,0,1246,23489,208,208,0,105,0,1254,212
 45730,0,23941,1169,848,1904,2379,529,23524,23291,0,0,519,1365,0,2627,1288,640,1149,103,410,0,0,0,1246,23489,208,208,0,105,0,1254,212
 45735,0,23946,1169,848,1904,2379,529,23524,23291,0,0,519,1365,0,2627,1288,640,1149,103,410,0,0,0,1246,23489,208,208,0,105,0,1254,212
 45740,0,23951,1169,848,1904,2379,529,23524,23291,0,0,519,1365,0,2627,1288,640,1149,103,410,0,0,0,1246,23489,208,208,0,105,0,1254,212
 45745,0,23956,1169,848,1904,2379,529,23524,23291,0,0,519,1365,0,2627,1288,640,1149,103,410,0,0,0,1246,23489,208,208,0,105,0,1254,212
 45750,0,23961,1169,848,1904,2379,529,23524,23291,0,0,519,1365,0,2627,1288,640,1149,103,410,0,0,0,1246,23489,208,208,0,105,0,1254,212
 45755,0,23967,1169,848,1904,2379,529,23524,23291,0,0,519,1365,0,2627,1288,640,1149,103,410,0,0,0,1246,23489,208,208,0,105,0,1254,212
 45760,0,23967,1169,848,1904,2379,529,23524,23291,0,0,519,1365,0,2627,1288,640,1149,103,410,0,0,0,1246,23489,208,208,0,105,0,1254,212
 45765,0,23967,1169,848,1904,2379,529,23524,23291,0,0,519,1365,0,2627,1288,640,1149,103,410,0,0,0,1246,23489,208,208,0,105,0,1254,212
 45770,0,23967,1169,848,1904,2379,529,23524,23291,0,0,519,1365,0,2627,1288,640,1149,103,410,0,0,0,1246,23489,208,208,0,105,0,1254,212
 45775,0,23967,1169,848,1904,2379,529,23524,23291,0,0,519,1365,0,2627,1288,640,1149,103,410,0,0,0,1246,23489,208,208,0,105,0,1254,212
 45780,0,23967,1169,848,1904,2379,529,23524,23291,0,0,519,1365,0,2627,1288,640,1149,103,410,0,0,0,1246,23489,208,208,0,105,0,1254,212
 45785,0,23967,1169,848,1904,2379,529,23524,23291,0,0,519,1365,0,2627,1288,640,1149,103,410,0,0,0,1246,23489,208,208,0,105,0,1254,212
 45790,0,23967,1169,848,1904,2379,529,23524,23291,0,0,519,1365,0,2627,1288,640,1149,103,410,0,0,0,1246,23489,208,208,0,105,0,1254,212
 45795,0,23967,1169,848,1904,2379,529,23524,23291,0,0,519,1365,0,2627,1288,640,1149,103,410,0,0,0,1246,23489,208,208,0,105,0,1254,212
 45800,0,23967,1169,848,1904,2379,529,23524,23291,0,0,519,1365,0,2627,1288,640,1149,103,410,0,0,0,1246,23489,208,208,0,105,0,1254,212
 45805,0,23967,1169,848,1904,2379,529,23524,23291,0,0,519,1365,0,2627,1288,640,1149,103,410,0,0,0,1246,23489,208,208,0,105,0,1254,212
 45810,0,23967,1169,848,1904,2379,529,23524,23291,0,0,519,1365,0,2627,1288,640,1149,103,410,0,0,0,1246,23489,208,208,0,105,0,1254,212
 45815,0,23967,1169,848,1904,2379,529,23524,23291,0,0,519,1365,0,2627,1288,640,1149,103,410,0,0,0,1246,23489,208,208,0,105,0,1254,212
 45820,0,23967,1169,848,1904,2379,529,23524,23291,0,0,519,1365,0,2627,1288,640,1149,103,410,0,0,0,1246,23488,208,208,0,105,0,1254,212
 45825,0,23967,1169,848,1904,2379,529,23525,23291,0,0,519,1365,0,2627,1288,640,1149,103,410,0,0,0,1246,23493,208,208,0,105,0,1254,212
 45830,0,23969,1169,848,1904,2379,529,23530,23291,0,0,519,1365,0,2627,1288,640,1149,103,410,0,0,0,1246,23498,208,208,0,105,0,1254,212
 45835,0,23974,1169,848,1904,2379,529,23535,23291,0,0,519,1365,0,2627,1288,640,1149,103,410,0,0,0,1246,23503,208,208,0,105,0,1254,212
 45840,0,23979,1169,848,1904,2379,529,23540,23292,0,0,519,1365,0,2627,1288,640,1149,103,410,0,0,0,1246,23508,208,208,0,105,0,1254,212
 45845,0,23984,1169,848,1904,2379,529,23545,23297,0,0,519,1365,0,2627,1288,640,1149,103,410,0,0,0,1246,23513,208,208,0,105,0,1254,212
 45850,0,23989,1169,848,1904,2379,529,23550,23302,0,0,519,1365,0,2627,1288,640,1149,103,410,0,0,0,1246,23518,208,208,0,105,0,1254,212
 45855,0,23994,1169,848,1904,2379,529,23555,23307,0,0,519,1365,0,2627,1288,640,1149,103,410,0,0,0,1246,23523,208,208,0,105,0,1254,212
 45860,0,23999,1169,848,1904,2379,529,23560,23312,0,0,519,1365,0,2627,1288,640,1149,103,410,0,0,0,1246,23528,208,208,0,105,0,1254,212
 45865,0,24004,1169,848,1904,2379,529,23565,23317,0,0,519,1365,0,2627,1288,640,1149,103,410,0,0,0,1246,23533,208,208,0,105,0,1254,212
 45870,0,24009,1169,848,1904,2379,529,23570,23322,0,0,519,1365,0,2627,1288,640,1149,103,410,0,0,0,1246,23538,208,208,0,105,0,1254,212
 45875,0,24014,1169,848,1904,2379,529,23575,23327,0,0,519,1365,0,2627,1288,640,1149,103,410,0,0,0,1246,23543,208,208,0,105,0,1254,212
 45880,0,24019,1169,848,1904,2379,529,23580,23332,0,0,519,1365,0,2627,1288,640,1149,103,410,0,0,0,1246,23548,208,208,0,105,0,1254,212
 45885,0,24024,1169,848,1904,2379,529,23585,23337,0,0,519,1365,0,2627,1288,640,1149,103,410,0,0,0,1246,23553,208,208,0,105,0,1254,212
 45890,0,24029,1169,848,1904,2379,529,23590,23342,0,0,519,1365,0,2627,1288,640,1149,103,410,0,0,0,1246,23558,208,208,0,105,0,1254,212
 45895,0,24034,1169,848,1904,2379,529,23595,23347,0,0,519,1365,0,2627,1288,640,1149,103,410,0,0,0,1246,23563,208,208,0,105,0,1254,212
 45900,0,24039,1169,848,1904,2379,529,23600,23352,0,0,519,1365,0,2627,1288,640,1149,103,410,0,0,0,1246,23568,208,208,0,105,0,1254,212
 45905,0,24044,1169,848,1904,2379,529,23605,23357,0,0,519,1365,0,2627,1288,640,1149,103,410,0,0,0,1246,23573,208,208,0,105,0,1254,212
 45910,0,24049,1169,848,1904,2379,529,23610,23362,0,0,519,1365,0,2627,1288,640,1149,103,410,0,0,0,1246,23578,208,208,0,105,0,1254,212
 45915,0,24054,1169,848,1904,2379,529,23615,23367,0,0,519,1365,0,2627,1288,640,1149,103,410,0,0,0,1246,23583,208,208,0,105,0,1254,212
 45920,0,24059,1169,848,1904,2379,529,23620,23372,0,0,519,1365,0,2627,1288,640,1149,103,410,0,0,0,1246,23588,208,208,0,105,0,1254,212
 45925,0,24064,1169,848,1904,2379,529,23625,23377,0,0,519,1365,0,2627,1288,640,1149,103,410,0,0,0,1246,23593,208,208,0,105,0,1254,212
 45930,0,24069,1169,848,1904,2379,529,23629,23382,0,0,519,1365,0,2627,1288,640,1149,103,410,0,0,0,1246,23596,208,208,0,105,0,1254,212
 45935,0,24072,1169,848,1904,2379,529,23629,23387,0,0,519,1365,0,2627,1288,640,1149,103,410,0,0,0,1246,23596,208,208,0,105,0,1254,212
 45940,0,24072,1169,848,1904,2379,529,23629,23392,0,0,519,1365,0,2627,1288,640,1149,103,410,0,0,0,1246,23596,208,208,0,105,0,1254,212
 45945,0,24072,1169,848,1904,2379,529,23629,23398,0,0,519,1365,0,2627,1288,640,1149,103,410,0,0,0,1246,23596,208,208,0,105,0,1254,212
 45950,0,24072,1169,848,1904,2379,529,23629,23398,0,0,519,1365,0,2627,1288,640,1149,103,410,0,0,0,1246,23596,208,208,0,105,0,1254,212
 45955,0,24072,1169,848,1904,2379,529,23629,23398,0,0,519,1365,0,2627,1288,640,1149,103,410,0,0,0,1246,23596,208,208,0,105,0,1254,212
 45960,0,24072,1169,848,1904,2379,529,23629,23398,0,0,519,1365,0,2627,1288,640,1149,103,410,0,0,0,1246,23596,208,208,0,105,0,1254,212
 45965,0,24072,1169,848,1904,2379,529,23629,23398,0,0,519,1365,0,2627,1288,640,1149,103,410,0,0,0,1246,23596,208,208,0,105,0,1254,212
 45970,0,24072,1169,848,1904,2379,529,23629,23398,0,0,519,1365,0,2627,1288,640,1149,103,410,0,0,0,1246,23596,208,208,0,105,0,1254,212
 45975,0,24072,1169,848,1904,2379,529,23629,23398,0,0,519,1365,0,2627,1288,640,1149,103,410,0,0,0,1246,23596,208,208,0,105,0,1254,212
 45980,0,24072,1169,848,1904,2379,529,23629,23398,0,0,519,1365,0,2627,1288,640,1149,103,410,0,0,0,1246,23596,208,208,0,105,0,1254,212
 45985,0,24072,1169,848,1904,2379,529,23629,23398,0,0,519,1365,0,2627,1288,640,1149,103,410,0,0,0,1246,23596,208,208,0,105,0,1254,212
 45990,0,24072,1169,848,1904,2379,529,23629,23398,0,0,519,1365,0,2627,1288,640,1149,103,410,0,0,0,1246,23596,208,208,0,105,0,1254,212
 45995,0,24072,1169,848,1904,2379,529,23629,23398,0,0,519,1365,0,2627,1288,640,1149,103,410,0,0,0,1246,23596,208,208,0,105,0,1254,212
 46000,0,24072,1169,848,1904,2379,529,23629,23398,0,0,519,1365,0,2627,1288,640,1149,103,410,0,0,0,1246,23596,208,208,0,105,0,1254,212
 46005,0,24072,1169,848,1904,2379,529,23629,23398,0,0,519,1365,0,2627,1288,640,1149,103,410,0,0,0,1246,23596,208,208,0,105,0,1254,212
 46010,0,24072,1169,848,1904,2379,529,23629,23398,0,0,519,1365,0,2627,1288,640,1149,103,410,0,0,0,1246,23596,208,208,0,105,0,1254,212
 46015,0,24072,1169,848,1904,2379,529,23629,23398,0,0,519,1365,0,2627,1288,640,1149,103,410,0,0,0,1246,23596,208,208,0,105,0,1254,212
 46020,0,24072,1169,848,1904,2379,529,23629,23398,0,0,519,1365,0,2627,1288,640,1149,103,410,0,0,0,1246,23596,208,208,0,105,0,1254,212
 46025,0,24073,1169,848,1904,2379,529,23629,23398,0,0,519,1365,0,2627,1288,640,1149,103,410,0,0,0,1246,23596,208,208,0,105,0,1254,212
 46030,0,24078,1169,848,1904,2379,529,23629,23398,0,0,519,1365,0,2627,1288,640,1149,103,410,0,0,0,1246,23596,208,208,0,105,0,1254,212
 46035,0,24083,1169,848,1904,2379,529,23629,23401,0,0,519,1365,0,2627,1288,640,1149,103,410,0,0,0,1246,23596,208,208,0,105,0,1254,212
 46040,0,24088,1169,848,1904,2379,529,23629,23406,0,0,519,1365,0,2627,1288,640,1149,103,410,0,0,0,1246,23596,208,208,0,105,0,1254,212
 46045,0,24093,1169,848,1904,2379,529,23629,23411,0,0,519,1365,0,2627,1288,640,1149,103,410,0,0,0,1246,23596,208,208,0,105,0,1254,212
 46050,0,24098,1169,848,1904,2379,529,23629,23416,0,0,519,1365,0,2627,1288,640,1149,103,410,0,0,0,1246,23601,208,208,0,105,0,1254,212
 46055,0,24103,1169,848,1904,2379,529,23632,23421,0,0,519,1365,0,2627,1288,640,1149,103,410,0,0,0,1246,23606,208,208,0,105,0,1254,212
 46060,0,24108,1169,848,1904,2379,529,23637,23426,0,0,519,1365,0,2627,1288,640,1149,103,410,0,0,0,1246,23611,208,208,0,105,0,1254,212
 46065,0,24113,1169,848,1904,2379,529,23642,23431,0,0,519,1365,0,2627,1288,640,1149,103,410,0,0,0,1246,23616,208,208,0,105,0,1254,212
 46070,0,24118,1169,848,1904,2379,529,23647,23436,0,0,519,1365,0,2627,1288,640,1149,103,410,0,0,0,1246,23621,208,208,0,105,0,1254,212
 46075,0,24123,1169,848,1904,2379,529,23652,23441,0,0,519,1365,0,2627,1288,640,1149,103,410,0,0,0,1246,23626,208,208,0,105,0,1254,212
 46080,0,24128,1169,848,1904,2379,529,23657,23446,0,0,519,1365,0,2627,1288,640,1149,103,410,0,0,0,1246,23631,208,208,0,105,0,1254,212
 46085,0,24133,1169,848,1904,2379,529,23662,23451,0,0,519,1365,0,2627,1288,640,1149,103,410,0,0,0,1246,23636,208,208,0,105,0,1254,212
 46090,0,24138,1169,848,1904,2379,529,23667,23456,0,0,519,1365,0,2627,1288,640,1149,103,410,0,0,0,1246,23641,208,208,0,105,0,1254,212
 46095,0,24143,1169,848,1904,2379,529,23672,23461,0,0,519,1365,0,2627,1288,640,1149,103,410,0,0,0,1246,23646,208,208,0,105,0,1254,212
 46100,0,24148,1169,848,1904,2379,529,23677,23466,0,0,519,1365,0,2627,1288,640,1149,103,410,0,0,0,1246,23651,208,208,0,105,0,1254,212
 46105,0,24153,1169,848,1904,2379,529,23682,23471,0,0,519,1365,0,2627,1288,640,1149,103,410,0,0,0,1246,23656,208,208,0,105,0,1254,212
 46110,0,24158,1169,848,1904,2379,529,23687,23476,0,0,519,1365,0,2627,1288,640,1149,103,410,0,0,0,1246,23661,208,208,0,105,0,1254,212
 46115,0,24163,1169,848,1904,2379,529,23692,23481,0,0,519,1365,0,2627,1288,640,1149,103,410,0,0,0,1246,23666,208,208,0,105,0,1254,212
 46120,0,24168,1169,848,1904,2379,529,23697,23486,0,0,519,1365,0,2627,1288,640,1149,103,410,0,0,0,1246,23671,208,208,0,105,0,1254,212
 46125,0,24173,1169,848,1904,2379,529,23702,23491,0,0,519,1365,0,2627,1288,640,1149,103,410,0,0,0,1246,23676,208,208,0,105,0,1254,212
 46130,0,24175,1169,848,1904,2379,529,23707,23496,0,0,519,1365,0,2627,1288,640,1149,103,410,0,0,0,1246,23681,208,208,0,105,0,1254,212
 46135,0,24175,1169,848,1904,2379,529,23712,23501,0,0,519,1365,0,2627,1288,640,1149,103,410,0,0,0,1246,23686,208,208,0,105,0,1254,212
 46140,0,24175,1169,848,1904,2379,529,23717,23501,0,0,519,1365,0,2627,1288,640,1149,103,410,0,0,0,1246,23691,208,208,0,105,0,1254,212
 46145,0,24175,1169,848,1904,2379,529,23722,23501,0,0,519,1365,0,2627,1288,640,1149,103,410,0,0,0,1246,23696,208,208,0,105,0,1254,212
 46150,0,24175,1169,848,1904,2379,529,23727,23501,0,0,519,1365,0,2627,1288,640,1149,103,410,0,0,0,1246,23701,208,208,0,105,0,1254,212
 46155,0,24175,1169,848,1904,2379,529,23732,23501,0,0,519,1365,0,2627,1288,640,1149,103,410,0,0,0,1246,23703,208,208,0,105,0,1254,212
 46160,0,24175,1169,848,1904,2379,529,23734,23501,0,0,519,1365,0,2627,1288,640,1149,103,410,0,0,0,1246,23703,208,208,0,105,0,1254,212
 46165,0,24175,1169,848,1904,2379,529,23734,23501,0,0,519,1365,0,2627,1288,640,1149,103,410,0,0,0,1246,23703,208,208,0,105,0,1254,212
 46170,0,24175,1169,848,1904,2379,529,23734,23501,0,0,519,1365,0,2627,1288,640,1149,103,410,0,0,0,1246,23703,208,208,0,105,0,1254,212
 46175,0,24175,1169,848,1904,2379,529,23734,23501,0,0,519,1365,0,2627,1288,640,1149,103,410,0,0,0,1246,23703,208,208,0,105,0,1254,212
 46180,0,24175,1169,848,1904,2379,529,23734,23501,0,0,519,1365,0,2627,1288,640,1149,103,410,0,0,0,1246,23703,208,208,0,105,0,1254,212
 46185,0,24175,1169,848,1904,2379,529,23734,23501,0,0,519,1365,0,2627,1288,640,1149,103,410,0,0,0,1246,23703,208,208,0,105,0,1254,212
 46190,0,24175,1169,848,1904,2379,529,23734,23501,0,0,519,1365,0,2627,1288,640,1149,103,410,0,0,0,1246,23703,208,208,0,105,0,1254,212
 46195,0,24175,1169,848,1904,2379,529,23734,23501,0,0,519,1365,0,2627,1288,640,1149,103,410,0,0,0,1246,23703,208,208,0,105,0,1254,212
 46200,0,24175,1169,848,1904,2379,529,23734,23501,0,0,519,1365,0,2627,1288,640,1149,103,410,0,0,0,1246,23703,208,208,0,105,0,1254,212
 46205,0,24175,1169,848,1904,2379,529,23734,23501,0,0,519,1365,0,2627,1288,640,1149,103,410,0,0,0,1246,23703,208,208,0,105,0,1254,212
 46210,0,24175,1169,848,1904,2379,529,23734,23501,0,0,519,1365,0,2627,1288,640,1149,103,410,0,0,0,1246,23703,208,208,0,105,0,1254,212
 46215,0,24175,1169,848,1904,2379,529,23734,23501,0,0,519,1365,0,2627,1288,640,1149,103,410,0,0,0,1246,23703,208,208,0,105,0,1254,212
 46220,0,24175,1169,848,1904,2379,529,23734,23501,0,0,519,1365,0,2627,1288,640,1149,103,410,0,0,0,1246,23703,208,208,0,105,0,1254,212
 46225,0,24175,1169,848,1904,2379,529,23734,23501,0,0,519,1365,0,2627,1288,640,1149,103,410,0,0,0,1246,23703,208,208,0,105,0,1254,212
 46230,0,24175,1169,848,1904,2379,529,23734,23501,0,0,519,1365,0,2627,1288,640,1149,103,410,0,0,0,1246,23703,208,208,0,105,0,1254,212
 46235,0,24175,1169,848,1904,2379,529,23734,23501,0,0,519,1365,0,2627,1288,640,1149,103,410,0,0,0,1246,23703,208,208,0,105,0,1254,212
 46240,0,24175,1169,848,1904,2379,529,23734,23501,0,0,519,1365,0,2627,1288,640,1149,103,410,0,0,0,1246,23703,208,208,0,105,0,1254,212
 46245,0,24174,1169,848,1904,2379,529,23734,23501,0,0,519,1365,0,2627,1288,640,1149,103,410,0,0,0,1246,23703,208,208,0,105,0,1254,212
 46250,0,24179,1169,848,1904,2379,529,23734,23501,0,0,519,1365,0,2627,1288,640,1149,103,410,0,0,0,1246,23703,208,208,0,105,0,1254,212
 46255,0,24184,1169,848,1904,2379,529,23734,23501,0,0,519,1365,0,2627,1288,640,1149,103,410,0,0,0,1246,23703,208,208,0,105,0,1254,212
 46260,0,24189,1169,848,1904,2379,529,23734,23501,0,0,519,1365,0,2627,1288,640,1149,103,410,0,0,0,1246,23702,208,208,0,105,0,1254,212
 46265,0,24194,1169,848,1904,2379,529,23735,23501,0,0,519,1365,0,2627,1288,640,1149,103,410,0,0,0,1246,23707,208,208,0,105,0,1254,212
 46270,0,24199,1169,848,1904,2379,529,23740,23501,0,0,519,1365,0,2627,1288,640,1149,103,410,0,0,0,1246,23712,208,208,0,105,0,1254,212
 46275,0,24204,1169,848,1904,2379,529,23745,23501,0,0,519,1365,0,2627,1288,640,1149,103,410,0,0,0,1246,23717,208,208,0,105,0,1254,212
 46280,0,24209,1169,848,1904,2379,529,23750,23506,0,0,519,1365,0,2627,1288,640,1149,103,410,0,0,0,1246,23722,208,208,0,105,0,1254,212
 46285,0,24214,1169,848,1904,2379,529,23755,23511,0,0,519,1365,0,2627,1288,640,1149,103,410,0,0,0,1246,23727,208,208,0,105,0,1254,212
 46290,0,24219,1169,848,1904,2379,529,23760,23516,0,0,519,1365,0,2627,1288,640,1149,103,410,0,0,0,1246,23732,208,208,0,105,0,1254,212
 46295,0,24224,1169,848,1904,2379,529,23765,23521,0,0,519,1365,0,2627,1288,640,1149,103,410,0,0,0,1246,23737,208,208,0,105,0,1254,212
 46300,0,24229,1169,848,1904,2379,529,23770,23526,0,0,519,1365,0,2627,1288,640,1149,103,410,0,0,0,1246,23742,208,208,0,105,0,1254,212
 46305,0,24234,1169,848,1904,2379,529,23775,23531,0,0,519,1365,0,2627,1288,640,1149,103,410,0,0,0,1246,23747,208,208,0,105,0,1254,212
 46310,0,24239,1169,848,1904,2379,529,23780,23536,0,0,519,1365,0,2627,1288,640,1149,103,410,0,0,0,1246,23752,208,208,0,105,0,1254,212
 46315,0,24244,1169,848,1904,2379,529,23785,23541,0,0,519,1365,0,2627,1288,640,1149,103,410,0,0,0,1246,23757,208,208,0,105,0,1254,212
 46320,0,24249,1169,848,1904,2379,529,23790,23546,0,0,519,1365,0,2627,1288,640,1149,103,410,0,0,0,1246,23762,208,208,0,105,0,1254,212
 46325,0,24254,1169,848,1904,2379,529,23795,23551,0,0,519,1365,0,2627,1288,640,1149,103,410,0,0,0,1246,23767,208,208,0,105,0,1254,212
 46330,0,24259,1169,848,1904,2379,529,23800,23556,0,0,519,1365,0,2627,1288,640,1149,103,410,0,0,0,1246,23772,208,208,0,105,0,1254,212
 46335,0,24264,1169,848,1904,2379,529,23805,23561,0,0,519,1365,0,2627,1288,640,1149,103,410,0,0,0,1246,23777,208,208,0,105,0,1254,212
 46340,0,24269,1169,848,1904,2379,529,23810,23566,0,0,519,1365,0,2627,1288,640,1149,103,410,0,0,0,1246,23782,208,208,0,105,0,1254,212
 46345,0,24274,1169,848,1904,2379,529,23815,23571,0,0,519,1365,0,2627,1288,640,1149,103,410,0,0,0,1246,23787,208,208,0,105,0,1254,212
 46350,0,24276,1169,848,1904,2379,529,23820,23576,0,0,519,1365,0,2627,1288,640,1149,103,410,0,0,0,1246,23792,208,208,0,105,0,1254,212
 46355,0,24276,1169,848,1904,2379,529,23825,23581,0,0,519,1365,0,2627,1288,640,1149,103,410,0,0,0,1246,23797,208,208,0,105,0,1254,212
 46360,0,24276,1169,848,1904,2379,529,23830,23586,0,0,519,1365,0,2627,1288,640,1149,103,410,0,0,0,1246,23802,208,208,0,105,0,1254,212
 46365,0,24276,1169,848,1904,2379,529,23835,23591,0,0,519,1365,0,2627,1288,640,1149,103,410,0,0,0,1246,23807,208,208,0,105,0,1254,212
 46370,0,24276,1169,848,1904,2379,529,23837,23596,0,0,519,1365,0,2627,1288,640,1149,103,410,0,0,0,1246,23810,208,208,0,105,0,1254,212
 46375,0,24276,1169,848,1904,2379,529,23837,23601,0,0,519,1365,0,2627,1288,640,1149,103,410,0,0,0,1246,23810,208,208,0,105,0,1254,212
 46380,0,24276,1169,848,1904,2379,529,23837,23606,0,0,519,1365,0,2627,1288,640,1149,103,410,0,0,0,1246,23810,208,208,0,105,0,1254,212
 46385,0,24276,1169,848,1904,2379,529,23837,23608,0,0,519,1365,0,2627,1288,640,1149,103,410,0,0,0,1246,23810,208,208,0,105,0,1254,212
 46390,0,24276,1169,848,1904,2379,529,23837,23608,0,0,519,1365,0,2627,1288,640,1149,103,410,0,0,0,1246,23810,208,208,0,105,0,1254,212
 46395,0,24276,1169,848,1904,2379,529,23837,23608,0,0,519,1365,0,2627,1288,640,1149,103,410,0,0,0,1246,23810,208,208,0,105,0,1254,212
 46400,0,24276,1169,848,1904,2379,529,23837,23608,0,0,519,1365,0,2627,1288,640,1149,103,410,0,0,0,1246,23810,208,208,0,105,0,1254,212
 46405,0,24276,1169,848,1904,2379,529,23837,23608,0,0,519,1365,0,2627,1288,640,1149,103,410,0,0,0,1246,23810,208,208,0,105,0,1254,212
 46410,0,24276,1169,848,1904,2379,529,23837,23608,0,0,519,1365,0,2627,1288,640,1149,103,410,0,0,0,1246,23810,208,208,0,105,0,1254,212
 46415,0,24276,1169,848,1904,2379,529,23837,23608,0,0,519,1365,0,2627,1288,640,1149,103,410,0,0,0,1246,23810,208,208,0,105,0,1254,212
 46420,0,24276,1169,848,1904,2379,529,23837,23608,0,0,519,1365,0,2627,1288,640,1149,103,410,0,0,0,1246,23810,208,208,0,105,0,1254,212
 46425,0,24276,1169,848,1904,2379,529,23837,23608,0,0,519,1365,0,2627,1288,640,1149,103,410,0,0,0,1246,23810,208,208,0,105,0,1254,212
 46430,0,24276,1169,848,1904,2379,529,23837,23608,0,0,519,1365,0,2627,1288,640,1149,103,410,0,0,0,1246,23810,208,208,0,105,0,1254,212
 46435,0,24276,1169,848,1904,2379,529,23837,23608,0,0,519,1365,0,2627,1288,640,1149,103,410,0,0,0,1246,23810,208,208,0,105,0,1254,212
 46440,0,24276,1169,848,1904,2379,529,23837,23608,0,0,519,1365,0,2627,1288,640,1149,103,410,0,0,0,1246,23810,208,208,0,105,0,1254,212
 46445,0,24276,1169,848,1904,2379,529,23837,23608,0,0,519,1365,0,2627,1288,640,1149,103,410,0,0,0,1246,23810,208,208,0,105,0,1254,212
 46450,0,24276,1169,848,1904,2379,529,23837,23608,0,0,519,1365,0,2627,1288,640,1149,103,410,0,0,0,1246,23810,208,208,0,105,0,1254,212
 46455,0,24276,1169,848,1904,2379,529,23837,23608,0,0,519,1365,0,2627,1288,640,1149,103,410,0,0,0,1246,23810,208,208,0,105,0,1254,212
 46460,0,24276,1169,848,1904,2379,529,23837,23608,0,0,519,1365,0,2627,1288,640,1149,103,410,0,0,0,1246,23810,208,208,0,105,0,1254,212
 46465,0,24277,1169,848,1904,2379,529,23837,23608,0,0,519,1365,0,2627,1288,640,1149,103,410,0,0,0,1246,23810,208,208,0,105,0,1254,212
 46470,0,24282,1169,848,1904,2379,529,23837,23608,0,0,519,1365,0,2627,1288,640,1149,103,410,0,0,0,1246,23809,208,208,0,105,0,1254,212
 46475,0,24287,1169,848,1904,2379,529,23837,23608,0,0,519,1365,0,2627,1288,640,1149,103,410,0,0,0,1246,23814,208,208,0,105,0,1254,212
 46480,0,24292,1169,848,1904,2379,529,23837,23608,0,0,519,1365,0,2627,1288,640,1149,103,410,0,0,0,1246,23819,208,208,0,105,0,1254,212
 46485,0,24297,1169,848,1904,2379,529,23837,23608,0,0,519,1365,0,2627,1288,640,1149,103,410,0,0,0,1246,23824,208,208,0,105,0,1254,212
 46490,0,24302,1169,848,1904,2379,529,23837,23610,0,0,519,1365,0,2627,1288,640,1149,103,410,0,0,0,1246,23829,208,208,0,105,0,1254,212
 46495,0,24307,1169,848,1904,2379,529,23840,23615,0,0,519,1365,0,2627,1288,640,1149,103,410,0,0,0,1246,23834,208,208,0,105,0,1254,212
 46500,0,24312,1169,848,1904,2379,529,23845,23620,0,0,519,1365,0,2627,1288,640,1149,103,410,0,0,0,1246,23839,208,208,0,105,0,1254,212
 46505,0,24317,1169,848,1904,2379,529,23850,23625,0,0,519,1365,0,2627,1288,640,1149,103,410,0,0,0,1246,23844,208,208,0,105,0,1254,212
 46510,0,24322,1169,848,1904,2379,529,23855,23630,0,0,519,1365,0,2627,1288,640,1149,103,410,0,0,0,1246,23849,208,208,0,105,0,1254,212
 46515,0,24327,1169,848,1904,2379,529,23860,23635,0,0,519,1365,0,2627,1288,640,1149,103,410,0,0,0,1246,23854,208,208,0,105,0,1254,212
 46520,0,24332,1169,848,1904,2379,529,23865,23640,0,0,519,1365,0,2627,1288,640,1149,103,410,0,0,0,1246,23859,208,208,0,105,0,1254,212
 46525,0,24337,1169,848,1904,2379,529,23870,23645,0,0,519,1365,0,2627,1288,640,1149,103,410,0,0,0,1246,23864,208,208,0,105,0,1254,212
 46530,0,24342,1169,848,1904,2379,529,23875,23650,0,0,519,1365,0,2627,1288,640,1149,103,410,0,0,0,1246,23869,208,208,0,105,0,1254,212
 46535,0,24347,1169,848,1904,2379,529,23880,23655,0,0,519,1365,0,2627,1288,640,1149,103,410,0,0,0,1246,23874,208,208,0,105,0,1254,212
 46540,0,24352,1169,848,1904,2379,529,23885,23660,0,0,519,1365,0,2627,1288,640,1149,103,410,0,0,0,1246,23879,208,208,0,105,0,1254,212
 46545,0,24357,1169,848,1904,2379,529,23890,23665,0,0,519,1365,0,2627,1288,640,1149,103,410,0,0,0,1246,23884,208,208,0,105,0,1254,212
 46550,0,24362,1169,848,1904,2379,529,23895,23670,0,0,519,1365,0,2627,1288,640,1149,103,410,0,0,0,1246,23889,208,208,0,105,0,1254,212
 46555,0,24367,1169,848,1904,2379,529,23900,23675,0,0,519,1365,0,2627,1288,640,1149,103,410,0,0,0,1246,23894,208,208,0,105,0,1254,212
 46560,0,24372,1169,848,1904,2379,529,23905,23680,0,0,519,1365,0,2627,1288,640,1149,103,410,0,0,0,1246,23899,208,208,0,105,0,1254,212
 46565,0,24377,1169,848,1904,2379,529,23910,23685,0,0,519,1365,0,2627,1288,640,1149,103,410,0,0,0,1246,23904,208,208,0,105,0,1254,212
 46570,0,24379,1169,848,1904,2379,529,23915,23690,0,0,519,1365,0,2627,1288,640,1149,103,410,0,0,0,1246,23909,208,208,0,105,0,1254,212
 46575,0,24379,1169,848,1904,2379,529,23920,23695,0,0,519,1365,0,2627,1288,640,1149,103,410,0,0,0,1246,23915,208,208,0,105,0,1254,212
 46580,0,24379,1169,848,1904,2379,529,23925,23700,0,0,519,1365,0,2627,1288,640,1149,103,410,0,0,0,1246,23915,208,208,0,105,0,1254,212
 46585,0,24379,1169,848,1904,2379,529,23930,23705,0,0,519,1365,0,2627,1288,640,1149,103,410,0,0,0,1246,23915,208,208,0,105,0,1254,212
 46590,0,24379,1169,848,1904,2379,529,23935,23711,0,0,519,1365,0,2627,1288,640,1149,103,410,0,0,0,1246,23915,208,208,0,105,0,1254,212
 46595,0,24379,1169,848,1904,2379,529,23940,23711,0,0,519,1365,0,2627,1288,640,1149,103,410,0,0,0,1246,23915,208,208,0,105,0,1254,212
 46600,0,24379,1169,848,1904,2379,529,23940,23711,0,0,519,1365,0,2627,1288,640,1149,103,410,0,0,0,1246,23915,208,208,0,105,0,1254,212
 46605,0,24379,1169,848,1904,2379,529,23940,23711,0,0,519,1365,0,2627,1288,640,1149,103,410,0,0,0,1246,23915,208,208,0,105,0,1254,212
 46610,0,24379,1169,848,1904,2379,529,23940,23711,0,0,519,1365,0,2627,1288,640,1149,103,410,0,0,0,1246,23915,208,208,0,105,0,1254,212
 46615,0,24379,1169,848,1904,2379,529,23940,23711,0,0,519,1365,0,2627,1288,640,1149,103,410,0,0,0,1246,23915,208,208,0,105,0,1254,212
 46620,0,24379,1169,848,1904,2379,529,23940,23711,0,0,519,1365,0,2627,1288,640,1149,103,410,0,0,0,1246,23915,208,208,0,105,0,1254,212
 46625,0,24379,1169,848,1904,2379,529,23940,23711,0,0,519,1365,0,2627,1288,640,1149,103,410,0,0,0,1246,23915,208,208,0,105,0,1254,212
 46630,0,24379,1169,848,1904,2379,529,23940,23711,0,0,519,1365,0,2627,1288,640,1149,103,410,0,0,0,1246,23915,208,208,0,105,0,1254,212
 46635,0,24379,1169,848,1904,2379,529,23940,23711,0,0,519,1365,0,2627,1288,640,1149,103,410,0,0,0,1246,23915,208,208,0,105,0,1254,212
 46640,0,24379,1169,848,1904,2379,529,23940,23711,0,0,519,1365,0,2627,1288,640,1149,103,410,0,0,0,1246,23915,208,208,0,105,0,1254,212
 46645,0,24379,1169,848,1904,2379,529,23940,23711,0,0,519,1365,0,2627,1288,640,1149,103,410,0,0,0,1246,23915,208,208,0,105,0,1254,212
 46650,0,24379,1169,848,1904,2379,529,23940,23711,0,0,519,1365,0,2627,1288,640,1149,103,410,0,0,0,1246,23915,208,208,0,105,0,1254,212
 46655,0,24379,1169,848,1904,2379,529,23940,23711,0,0,519,1365,0,2627,1288,640,1149,103,410,0,0,0,1246,23915,208,208,0,105,0,1254,212
 46660,0,24379,1169,848,1904,2379,529,23940,23711,0,0,519,1365,0,2627,1288,640,1149,103,410,0,0,0,1246,23915,208,208,0,105,0,1254,212
 46665,0,24379,1169,848,1904,2379,529,23940,23711,0,0,519,1365,0,2627,1288,640,1149,103,410,0,0,0,1246,23914,208,208,0,105,0,1254,212
 46670,0,24379,1169,848,1904,2379,529,23940,23711,0,0,519,1365,0,2627,1288,640,1149,103,410,0,0,0,1246,23919,208,208,0,105,0,1254,212
 46675,0,24381,1169,848,1904,2379,529,23940,23711,0,0,519,1365,0,2627,1288,640,1149,103,410,0,0,0,1246,23924,208,208,0,105,0,1254,212
 46680,0,24386,1169,848,1904,2379,529,23940,23713,0,0,519,1365,0,2627,1288,640,1149,103,410,0,0,0,1246,23929,208,208,0,105,0,1254,212
 46685,0,24391,1169,848,1904,2379,529,23940,23718,0,0,519,1365,0,2627,1288,640,1149,103,410,0,0,0,1246,23934,208,208,0,105,0,1254,212
 46690,0,24396,1169,848,1904,2379,529,23943,23723,0,0,519,1365,0,2627,1288,640,1149,103,410,0,0,0,1246,23939,208,208,0,105,0,1254,212
 46695,0,24401,1169,848,1904,2379,529,23948,23728,0,0,519,1365,0,2627,1288,640,1149,103,410,0,0,0,1246,23944,208,208,0,105,0,1254,212
 46700,0,24406,1169,848,1904,2379,529,23953,23733,0,0,519,1365,0,2627,1288,640,1149,103,410,0,0,0,1246,23949,208,208,0,105,0,1254,212
 46705,0,24411,1169,848,1904,2379,529,23958,23738,0,0,519,1365,0,2627,1288,640,1149,103,410,0,0,0,1246,23954,208,208,0,105,0,1254,212
 46710,0,24416,1169,848,1904,2379,529,23963,23743,0,0,519,1365,0,2627,1288,640,1149,103,410,0,0,0,1246,23959,208,208,0,105,0,1254,212
 46715,0,24421,1169,848,1904,2379,529,23968,23748,0,0,519,1365,0,2627,1288,640,1149,103,410,0,0,0,1246,23964,208,208,0,105,0,1254,212
 46720,0,24426,1169,848,1904,2379,529,23973,23753,0,0,519,1365,0,2627,1288,640,1149,103,410,0,0,0,1246,23969,208,208,0,105,0,1254,212
 46725,0,24431,1169,848,1904,2379,529,23978,23758,0,0,519,1365,0,2627,1288,640,1149,103,410,0,0,0,1246,23974,208,208,0,105,0,1254,212
 46730,0,24436,1169,848,1904,2379,529,23983,23763,0,0,519,1365,0,2627,1288,640,1149,103,410,0,0,0,1246,23979,208,208,0,105,0,1254,212
 46735,0,24441,1169,848,1904,2379,529,23988,23768,0,0,519,1365,0,2627,1288,640,1149,103,410,0,0,0,1246,23984,208,208,0,105,0,1254,212
 46740,0,24446,1169,848,1904,2379,529,23993,23773,0,0,519,1365,0,2627,1288,640,1149,103,410,0,0,0,1246,23989,208,208,0,105,0,1254,212
 46745,0,24451,1169,848,1904,2379,529,23998,23778,0,0,519,1365,0,2627,1288,640,1149,103,410,0,0,0,1246,23994,208,208,0,105,0,1254,212
 46750,0,24456,1169,848,1904,2379,529,24003,23783,0,0,519,1365,0,2627,1288,640,1149,103,410,0,0,0,1246,23999,208,208,0,105,0,1254,212
 46755,0,24461,1169,848,1904,2379,529,24008,23788,0,0,519,1365,0,2627,1288,640,1149,103,410,0,0,0,1246,24004,208,208,0,105,0,1254,212
 46760,0,24466,1169,848,1904,2379,529,24013,23793,0,0,519,1365,0,2627,1288,640,1149,103,410,0,0,0,1246,24009,208,208,0,105,0,1254,212
 46765,0,24471,1169,848,1904,2379,529,24018,23798,0,0,519,1365,0,2627,1288,640,1149,103,410,0,0,0,1246,24014,208,208,0,105,0,1254,212
 46770,0,24476,1169,848,1904,2379,529,24023,23803,0,0,519,1365,0,2627,1288,640,1149,103,410,0,0,0,1246,24020,208,208,0,105,0,1254,212
 46775,0,24481,1169,848,1904,2379,529,24028,23808,0,0,519,1365,0,2627,1288,640,1149,103,410,0,0,0,1246,24020,208,208,0,105,0,1254,212
 46780,0,24484,1169,848,1904,2379,529,24033,23813,0,0,519,1365,0,2627,1288,640,1149,103,410,0,0,0,1246,24020,208,208,0,105,0,1254,212
 46785,0,24484,1169,848,1904,2379,529,24038,23816,0,0,519,1365,0,2627,1288,640,1149,103,410,0,0,0,1246,24020,208,208,0,105,0,1254,212
 46790,0,24484,1169,848,1904,2379,529,24043,23816,0,0,519,1365,0,2627,1288,640,1149,103,410,0,0,0,1246,24020,208,208,0,105,0,1254,212
 46795,0,24484,1169,848,1904,2379,529,24043,23816,0,0,519,1365,0,2627,1288,640,1149,103,410,0,0,0,1246,24020,208,208,0,105,0,1254,212
 46800,0,24484,1169,848,1904,2379,529,24043,23816,0,0,519,1365,0,2627,1288,640,1149,103,410,0,0,0,1246,24020,208,208,0,105,0,1254,212
 46805,0,24484,1169,848,1904,2379,529,24043,23816,0,0,519,1365,0,2627,1288,640,1149,103,410,0,0,0,1246,24020,208,208,0,105,0,1254,212
 46810,0,24484,1169,848,1904,2379,529,24043,23816,0,0,519,1365,0,2627,1288,640,1149,103,410,0,0,0,1246,24020,208,208,0,105,0,1254,212
 46815,0,24484,1169,848,1904,2379,529,24043,23816,0,0,519,1365,0,2627,1288,640,1149,103,410,0,0,0,1246,24020,208,208,0,105,0,1254,212
 46820,0,24484,1169,848,1904,2379,529,24043,23816,0,0,519,1365,0,2627,1288,640,1149,103,410,0,0,0,1246,24020,208,208,0,105,0,1254,212
 46825,0,24484,1169,848,1904,2379,529,24043,23816,0,0,519,1365,0,2627,1288,640,1149,103,410,0,0,0,1246,24020,208,208,0,105,0,1254,212
 46830,0,24484,1169,848,1904,2379,529,24043,23816,0,0,519,1365,0,2627,1288,640,1149,103,410,0,0,0,1246,24020,208,208,0,105,0,1254,212
 46835,0,24484,1169,848,1904,2379,529,24043,23816,0,0,519,1365,0,2627,1288,640,1149,103,410,0,0,0,1246,24020,208,208,0,105,0,1254,212
 46840,0,24484,1169,848,1904,2379,529,24043,23816,0,0,519,1365,0,2627,1288,640,1149,103,410,0,0,0,1246,24020,208,208,0,105,0,1254,212
 46845,0,24484,1169,848,1904,2379,529,24043,23816,0,0,519,1365,0,2627,1288,640,1149,103,410,0,0,0,1246,24020,208,208,0,105,0,1254,212
 46850,0,24484,1169,848,1904,2379,529,24043,23816,0,0,519,1365,0,2627,1288,640,1149,103,410,0,0,0,1246,24020,208,208,0,105,0,1254,212
 46855,0,24484,1169,848,1904,2379,529,24043,23816,0,0,519,1365,0,2627,1288,640,1149,103,410,0,0,0,1246,24020,208,208,0,105,0,1254,212
 46860,0,24484,1169,848,1904,2379,529,24043,23816,0,0,519,1365,0,2627,1288,640,1149,103,410,0,0,0,1246,24020,208,208,0,105,0,1254,212
 46865,0,24484,1169,848,1904,2379,529,24043,23816,0,0,519,1365,0,2627,1288,640,1149,103,410,0,0,0,1246,24020,208,208,0,105,0,1254,212
 46870,0,24484,1169,848,1904,2379,529,24043,23816,0,0,519,1365,0,2627,1288,640,1149,103,410,0,0,0,1246,24020,208,208,0,105,0,1254,212
 46875,0,24484,1169,848,1904,2379,529,24043,23816,0,0,519,1365,0,2627,1288,640,1149,103,410,0,0,0,1246,24020,208,208,0,105,0,1254,212
 46880,0,24484,1169,848,1904,2379,529,24043,23816,0,0,519,1365,0,2627,1288,640,1149,103,410,0,0,0,1246,24020,208,208,0,105,0,1254,212
 46885,0,24484,1169,848,1904,2379,529,24043,23816,0,0,519,1365,0,2627,1288,640,1149,103,410,0,0,0,1246,24020,208,208,0,105,0,1254,212
 46890,0,24484,1169,848,1904,2379,529,24043,23816,0,0,519,1365,0,2627,1288,640,1149,103,410,0,0,0,1246,24020,208,208,0,105,0,1254,212
 46895,0,24484,1169,848,1904,2379,529,24043,23816,0,0,519,1365,0,2627,1288,640,1149,103,410,0,0,0,1246,24020,208,208,0,105,0,1254,212
 46900,0,24484,1169,848,1904,2379,529,24043,23816,0,0,519,1365,0,2627,1288,640,1149,103,410,0,0,0,1246,24020,208,208,0,105,0,1254,212
 46905,0,24484,1169,848,1904,2379,529,24043,23816,0,0,519,1365,0,2627,1288,640,1149,103,410,0,0,0,1246,24020,208,208,0,105,0,1254,212
 46910,0,24485,1169,848,1904,2379,529,24043,23816,0,0,519,1365,0,2627,1288,640,1149,103,410,0,0,0,1246,24020,208,208,0,105,0,1254,212
 46915,0,24490,1169,848,1904,2379,529,24043,23816,0,0,519,1365,0,2627,1288,640,1149,103,410,0,0,0,1246,24020,208,208,0,105,0,1254,212
 46920,0,24495,1169,848,1904,2379,529,24046,23816,0,0,519,1365,0,2627,1288,640,1149,103,410,0,0,0,1246,24020,208,208,0,105,0,1254,212
 46925,0,24500,1169,848,1904,2379,529,24051,23816,0,0,519,1365,0,2627,1288,640,1149,103,410,0,0,0,1246,24025,208,208,0,105,0,1254,212
 46930,0,24505,1169,848,1904,2379,529,24056,23818,0,0,519,1365,0,2627,1288,640,1149,103,410,0,0,0,1246,24030,208,208,0,105,0,1254,212
 46935,0,24510,1169,848,1904,2379,529,24061,23823,0,0,519,1365,0,2627,1288,640,1149,103,410,0,0,0,1246,24035,208,208,0,105,0,1254,212
 46940,0,24515,1169,848,1904,2379,529,24066,23828,0,0,519,1365,0,2627,1288,640,1149,103,410,0,0,0,1246,24040,208,208,0,105,0,1254,212
 46945,0,24520,1169,848,1904,2379,529,24071,23833,0,0,519,1365,0,2627,1288,640,1149,103,410,0,0,0,1246,24045,208,208,0,105,0,1254,212
 46950,0,24525,1169,848,1904,2379,529,24076,23838,0,0,519,1365,0,2627,1288,640,1149,103,410,0,0,0,1246,24050,208,208,0,105,0,1254,212
 46955,0,24530,1169,848,1904,2379,529,24081,23843,0,0,519,1365,0,2627,1288,640,1149,103,410,0,0,0,1246,24055,208,208,0,105,0,1254,212
 46960,0,24535,1169,848,1904,2379,529,24086,23848,0,0,519,1365,0,2627,1288,640,1149,103,410,0,0,0,1246,24060,208,208,0,105,0,1254,212
 46965,0,24540,1169,848,1904,2379,529,24091,23853,0,0,519,1365,0,2627,1288,640,1149,103,410,0,0,0,1246,24065,208,208,0,105,0,1254,212
 46970,0,24545,1169,848,1904,2379,529,24096,23858,0,0,519,1365,0,2627,1288,640,1149,103,410,0,0,0,1246,24070,208,208,0,105,0,1254,212
 46975,0,24550,1169,848,1904,2379,529,24101,23863,0,0,519,1365,0,2627,1288,640,1149,103,410,0,0,0,1246,24075,208,208,0,105,0,1254,212
 46980,0,24555,1169,848,1904,2379,529,24106,23868,0,0,519,1365,0,2627,1288,640,1149,103,410,0,0,0,1246,24080,208,208,0,105,0,1254,212
 46985,0,24560,1169,848,1904,2379,529,24111,23873,0,0,519,1365,0,2627,1288,640,1149,103,410,0,0,0,1246,24085,208,208,0,105,0,1254,212
 46990,0,24565,1169,848,1904,2379,529,24116,23878,0,0,519,1365,0,2627,1288,640,1149,103,410,0,0,0,1246,24090,208,208,0,105,0,1254,212
 46995,0,24570,1169,848,1904,2379,529,24121,23883,0,0,519,1365,0,2627,1288,640,1149,103,410,0,0,0,1246,24095,208,208,0,105,0,1254,212
 47000,0,24575,1169,848,1904,2379,529,24126,23888,0,0,519,1365,0,2627,1288,640,1149,103,410,0,0,0,1246,24100,208,208,0,105,0,1254,212
 47005,0,24580,1169,848,1904,2379,529,24131,23893,0,0,519,1365,0,2627,1288,640,1149,103,410,0,0,0,1246,24105,208,208,0,105,0,1254,212
 47010,0,24585,1169,848,1904,2379,529,24136,23898,0,0,519,1365,0,2627,1288,640,1149,103,410,0,0,0,1246,24110,208,208,0,105,0,1254,212
 47015,0,24585,1169,848,1904,2379,529,24141,23903,0,0,519,1365,0,2627,1288,640,1149,103,410,0,0,0,1246,24115,208,208,0,105,0,1254,212
 47020,0,24585,1169,848,1904,2379,529,24146,23908,0,0,519,1365,0,2627,1288,640,1149,103,410,0,0,0,1246,24120,208,208,0,105,0,1254,212
 47025,0,24585,1169,848,1904,2379,529,24148,23913,0,0,519,1365,0,2627,1288,640,1149,103,410,0,0,0,1246,24125,208,208,0,105,0,1254,212
 47030,0,24585,1169,848,1904,2379,529,24148,23918,0,0,519,1365,0,2627,1288,640,1149,103,410,0,0,0,1246,24125,208,208,0,105,0,1254,212
 47035,0,24585,1169,848,1904,2379,529,24148,23921,0,0,519,1365,0,2627,1288,640,1149,103,410,0,0,0,1246,24125,208,208,0,105,0,1254,212
 47040,0,24585,1169,848,1904,2379,529,24148,23921,0,0,519,1365,0,2627,1288,640,1149,103,410,0,0,0,1246,24125,208,208,0,105,0,1254,212
 47045,0,24585,1169,848,1904,2379,529,24148,23921,0,0,519,1365,0,2627,1288,640,1149,103,410,0,0,0,1246,24125,208,208,0,105,0,1254,212
 47050,0,24585,1169,848,1904,2379,529,24148,23921,0,0,519,1365,0,2627,1288,640,1149,103,410,0,0,0,1246,24125,208,208,0,105,0,1254,212
 47055,0,24585,1169,848,1904,2379,529,24148,23921,0,0,519,1365,0,2627,1288,640,1149,103,410,0,0,0,1246,24125,208,208,0,105,0,1254,212
 47060,0,24585,1169,848,1904,2379,529,24148,23921,0,0,519,1365,0,2627,1288,640,1149,103,410,0,0,0,1246,24125,208,208,0,105,0,1254,212
 47065,0,24585,1169,848,1904,2379,529,24148,23921,0,0,519,1365,0,2627,1288,640,1149,103,410,0,0,0,1246,24125,208,208,0,105,0,1254,212
 47070,0,24585,1169,848,1904,2379,529,24148,23921,0,0,519,1365,0,2627,1288,640,1149,103,410,0,0,0,1246,24125,208,208,0,105,0,1254,212
 47075,0,24585,1169,848,1904,2379,529,24148,23921,0,0,519,1365,0,2627,1288,640,1149,103,410,0,0,0,1246,24125,208,208,0,105,0,1254,212
 47080,0,24585,1169,848,1904,2379,529,24148,23921,0,0,519,1365,0,2627,1288,640,1149,103,410,0,0,0,1246,24125,208,208,0,105,0,1254,212
 47085,0,24585,1169,848,1904,2379,529,24148,23921,0,0,519,1365,0,2627,1288,640,1149,103,410,0,0,0,1246,24125,208,208,0,105,0,1254,212
 47090,0,24585,1169,848,1904,2379,529,24148,23921,0,0,519,1365,0,2627,1288,640,1149,103,410,0,0,0,1246,24125,208,208,0,105,0,1254,212
 47095,0,24585,1169,848,1904,2379,529,24148,23921,0,0,519,1365,0,2627,1288,640,1149,103,410,0,0,0,1246,24125,208,208,0,105,0,1254,212
 47100,0,24585,1169,848,1904,2379,529,24148,23921,0,0,519,1365,0,2627,1288,640,1149,103,410,0,0,0,1246,24125,208,208,0,105,0,1254,212
 47105,0,24585,1169,848,1904,2379,529,24148,23921,0,0,519,1365,0,2627,1288,640,1149,103,410,0,0,0,1246,24125,208,208,0,105,0,1254,212
 47110,0,24585,1169,848,1904,2379,529,24148,23921,0,0,519,1365,0,2627,1288,640,1149,103,410,0,0,0,1246,24125,208,208,0,105,0,1254,212
 47115,0,24585,1169,848,1904,2379,529,24148,23921,0,0,519,1365,0,2627,1288,640,1149,103,410,0,0,0,1246,24125,208,208,0,105,0,1254,212
 47120,0,24585,1169,848,1904,2379,529,24148,23921,0,0,519,1365,0,2627,1288,640,1149,103,410,0,0,0,1246,24125,208,208,0,105,0,1254,212
 47125,0,24586,1169,848,1904,2379,529,24148,23921,0,0,519,1365,0,2627,1288,640,1149,103,410,0,0,0,1246,24125,208,208,0,105,0,1254,212
 47130,0,24591,1169,848,1904,2379,529,24148,23921,0,0,519,1365,0,2627,1288,640,1149,103,410,0,0,0,1246,24125,208,208,0,105,0,1254,212
 47135,0,24596,1169,848,1904,2379,529,24148,23921,0,0,519,1365,0,2627,1288,640,1149,103,410,0,0,0,1246,24130,208,208,0,105,0,1254,212
 47140,0,24601,1169,848,1904,2379,529,24148,23926,0,0,519,1365,0,2627,1288,640,1149,103,410,0,0,0,1246,24135,208,208,0,105,0,1254,212
 47145,0,24606,1169,848,1904,2379,529,24148,23931,0,0,519,1365,0,2627,1288,640,1149,103,410,0,0,0,1246,24140,208,208,0,105,0,1254,212
 47150,0,24611,1169,848,1904,2379,529,24148,23936,0,0,519,1365,0,2627,1288,640,1149,103,410,0,0,0,1246,24145,208,208,0,105,0,1254,212
 47155,0,24616,1169,848,1904,2379,529,24148,23941,0,0,519,1365,0,2627,1288,640,1149,103,410,0,0,0,1246,24150,208,208,0,105,0,1254,212
 47160,0,24621,1169,848,1904,2379,529,24148,23946,0,0,519,1365,0,2627,1288,640,1149,103,410,0,0,0,1246,24155,208,208,0,105,0,1254,212
 47165,0,24626,1169,848,1904,2379,529,24151,23951,0,0,519,1365,0,2627,1288,640,1149,103,410,0,0,0,1246,24160,208,208,0,105,0,1254,212
 47170,0,24631,1169,848,1904,2379,529,24156,23956,0,0,519,1365,0,2627,1288,640,1149,103,410,0,0,0,1246,24165,208,208,0,105,0,1254,212
 47175,0,24636,1169,848,1904,2379,529,24161,23961,0,0,519,1365,0,2627,1288,640,1149,103,410,0,0,0,1246,24170,208,208,0,105,0,1254,212
 47180,0,24641,1169,848,1904,2379,529,24166,23966,0,0,519,1365,0,2627,1288,640,1149,103,410,0,0,0,1246,24175,208,208,0,105,0,1254,212
 47185,0,24646,1169,848,1904,2379,529,24171,23971,0,0,519,1365,0,2627,1288,640,1149,103,410,0,0,0,1246,24180,208,208,0,105,0,1254,212
 47190,0,24651,1169,848,1904,2379,529,24176,23976,0,0,519,1365,0,2627,1288,640,1149,103,410,0,0,0,1246,24185,208,208,0,105,0,1254,212
 47195,0,24656,1169,848,1904,2379,529,24181,23981,0,0,519,1365,0,2627,1288,640,1149,103,410,0,0,0,1246,24190,208,208,0,105,0,1254,212
 47200,0,24661,1169,848,1904,2379,529,24186,23986,0,0,519,1365,0,2627,1288,640,1149,103,410,0,0,0,1246,24195,208,208,0,105,0,1254,212
 47205,0,24666,1169,848,1904,2379,529,24191,23991,0,0,519,1365,0,2627,1288,640,1149,103,410,0,0,0,1246,24200,208,208,0,105,0,1254,212
 47210,0,24671,1169,848,1904,2379,529,24196,23996,0,0,519,1365,0,2627,1288,640,1149,103,410,0,0,0,1246,24205,208,208,0,105,0,1254,212
 47215,0,24676,1169,848,1904,2379,529,24201,24001,0,0,519,1365,0,2627,1288,640,1149,103,410,0,0,0,1246,24210,208,208,0,105,0,1254,212
 47220,0,24681,1169,848,1904,2379,529,24206,24006,0,0,519,1365,0,2627,1288,640,1149,103,410,0,0,0,1246,24215,208,208,0,105,0,1254,212
 47225,0,24686,1169,848,1904,2379,529,24211,24011,0,0,519,1365,0,2627,1288,640,1149,103,410,0,0,0,1246,24220,208,208,0,105,0,1254,212
 47230,0,24690,1169,848,1904,2379,529,24216,24016,0,0,519,1365,0,2627,1288,640,1149,103,410,0,0,0,1246,24225,208,208,0,105,0,1254,212
 47235,0,24690,1169,848,1904,2379,529,24221,24021,0,0,519,1365,0,2627,1288,640,1149,103,410,0,0,0,1246,24228,208,208,0,105,0,1254,212
 47240,0,24690,1169,848,1904,2379,529,24226,24024,0,0,519,1365,0,2627,1288,640,1149,103,410,0,0,0,1246,24228,208,208,0,105,0,1254,212
 47245,0,24690,1169,848,1904,2379,529,24231,24024,0,0,519,1365,0,2627,1288,640,1149,103,410,0,0,0,1246,24228,208,208,0,105,0,1254,212
 47250,0,24690,1169,848,1904,2379,529,24236,24024,0,0,519,1365,0,2627,1288,640,1149,103,410,0,0,0,1246,24228,208,208,0,105,0,1254,212
 47255,0,24690,1169,848,1904,2379,529,24241,24024,0,0,519,1365,0,2627,1288,640,1149,103,410,0,0,0,1246,24228,208,208,0,105,0,1254,212
 47260,0,24690,1169,848,1904,2379,529,24246,24024,0,0,519,1365,0,2627,1288,640,1149,103,410,0,0,0,1246,24228,208,208,0,105,0,1254,212
 47265,0,24690,1169,848,1904,2379,529,24251,24024,0,0,519,1365,0,2627,1288,640,1149,103,410,0,0,0,1246,24228,208,208,0,105,0,1254,212
 47270,0,24690,1169,848,1904,2379,529,24255,24024,0,0,519,1365,0,2627,1288,640,1149,103,410,0,0,0,1246,24228,208,208,0,105,0,1254,212
 47275,0,24690,1169,848,1904,2379,529,24255,24024,0,0,519,1365,0,2627,1288,640,1149,103,410,0,0,0,1246,24228,208,208,0,105,0,1254,212
 47280,0,24690,1169,848,1904,2379,529,24255,24024,0,0,519,1365,0,2627,1288,640,1149,103,410,0,0,0,1246,24228,208,208,0,105,0,1254,212
 47285,0,24690,1169,848,1904,2379,529,24255,24024,0,0,519,1365,0,2627,1288,640,1149,103,410,0,0,0,1246,24228,208,208,0,105,0,1254,212
 47290,0,24690,1169,848,1904,2379,529,24255,24024,0,0,519,1365,0,2627,1288,640,1149,103,410,0,0,0,1246,24228,208,208,0,105,0,1254,212
 47295,0,24690,1169,848,1904,2379,529,24255,24024,0,0,519,1365,0,2627,1288,640,1149,103,410,0,0,0,1246,24228,208,208,0,105,0,1254,212
 47300,0,24690,1169,848,1904,2379,529,24255,24024,0,0,519,1365,0,2627,1288,640,1149,103,410,0,0,0,1246,24228,208,208,0,105,0,1254,212
 47305,0,24690,1169,848,1904,2379,529,24255,24024,0,0,519,1365,0,2627,1288,640,1149,103,410,0,0,0,1246,24228,208,208,0,105,0,1254,212
 47310,0,24690,1169,848,1904,2379,529,24255,24024,0,0,519,1365,0,2627,1288,640,1149,103,410,0,0,0,1246,24228,208,208,0,105,0,1254,212
 47315,0,24690,1169,848,1904,2379,529,24255,24024,0,0,519,1365,0,2627,1288,640,1149,103,410,0,0,0,1246,24228,208,208,0,105,0,1254,212
 47320,0,24690,1169,848,1904,2379,529,24255,24024,0,0,519,1365,0,2627,1288,640,1149,103,410,0,0,0,1246,24228,208,208,0,105,0,1254,212
 47325,0,24690,1169,848,1904,2379,529,24255,24024,0,0,519,1365,0,2627,1288,640,1149,103,410,0,0,0,1246,24228,208,208,0,105,0,1254,212
 47330,0,24690,1169,848,1904,2379,529,24255,24024,0,0,519,1365,0,2627,1288,640,1149,103,410,0,0,0,1246,24228,208,208,0,105,0,1254,212
 47335,0,24690,1169,848,1904,2379,529,24255,24024,0,0,519,1365,0,2627,1288,640,1149,103,410,0,0,0,1246,24228,208,208,0,105,0,1254,212
 47340,0,24690,1169,848,1904,2379,529,24255,24024,0,0,519,1365,0,2627,1288,640,1149,103,410,0,0,0,1246,24228,208,208,0,105,0,1254,212
 47345,0,24690,1169,848,1904,2379,529,24255,24024,0,0,519,1365,0,2627,1288,640,1149,103,410,0,0,0,1246,24228,208,208,0,105,0,1254,212
 47350,0,24690,1169,848,1904,2379,529,24255,24024,0,0,519,1365,0,2627,1288,640,1149,103,410,0,0,0,1246,24228,208,208,0,105,0,1254,212
 47355,0,24690,1169,848,1904,2379,529,24255,24024,0,0,519,1365,0,2627,1288,640,1149,103,410,0,0,0,1246,24228,208,208,0,105,0,1254,212
 47360,0,24690,1169,848,1904,2379,529,24255,24024,0,0,519,1365,0,2627,1288,640,1149,103,410,0,0,0,1246,24228,208,208,0,105,0,1254,212
 47365,0,24690,1169,848,1904,2379,529,24255,24024,0,0,519,1365,0,2627,1288,640,1149,103,410,0,0,0,1246,24228,208,208,0,105,0,1254,212
 47370,0,24690,1169,848,1904,2379,529,24255,24024,0,0,519,1365,0,2627,1288,640,1149,103,410,0,0,0,1246,24228,208,208,0,105,0,1254,212
 47375,0,24690,1169,848,1904,2379,529,24255,24024,0,0,519,1365,0,2627,1288,640,1149,103,410,0,0,0,1246,24228,208,208,0,105,0,1254,212
 47380,0,24690,1169,848,1904,2379,529,24255,24024,0,0,519,1365,0,2627,1288,640,1149,103,410,0,0,0,1246,24228,208,208,0,105,0,1254,212
 47385,0,24690,1169,848,1904,2379,529,24255,24024,0,0,519,1365,0,2627,1288,640,1149,103,410,0,0,0,1246,24228,208,208,0,105,0,1254,212
 47390,0,24690,1169,848,1904,2379,529,24255,24024,0,0,519,1365,0,2627,1288,640,1149,103,410,0,0,0,1246,24228,208,208,0,105,0,1254,212
 47395,0,24690,1169,848,1904,2379,529,24255,24024,0,0,519,1365,0,2627,1288,640,1149,103,410,0,0,0,1246,24228,208,208,0,105,0,1254,212
 47400,0,24690,1169,848,1904,2379,529,24255,24024,0,0,519,1365,0,2627,1288,640,1149,103,410,0,0,0,1246,24228,208,208,0,105,0,1254,212
 47405,0,24690,1169,848,1904,2379,529,24255,24024,0,0,519,1365,0,2627,1288,640,1149,103,410,0,0,0,1246,24227,208,208,0,105,0,1254,212
 47410,0,24690,1169,848,1904,2379,529,24255,24024,0,0,519,1365,0,2627,1288,640,1149,103,410,0,0,0,1246,24232,208,208,0,105,0,1254,212
 47415,0,24690,1169,848,1904,2379,529,24255,24029,0,0,519,1365,0,2627,1288,640,1149,103,410,0,0,0,1246,24237,208,208,0,105,0,1254,212
 47420,0,24690,1169,848,1904,2379,529,24255,24034,0,0,519,1365,0,2627,1288,640,1149,103,410,0,0,0,1246,24242,208,208,0,105,0,1254,212
 47425,0,24690,1169,848,1904,2379,529,24255,24039,0,0,519,1365,0,2627,1288,640,1149,103,410,0,0,0,1246,24247,208,208,0,105,0,1254,212
 47430,0,24690,1169,848,1904,2379,529,24255,24044,0,0,519,1365,0,2627,1288,640,1149,103,410,0,0,0,1246,24252,208,208,0,105,0,1254,212
 47435,0,24690,1169,848,1904,2379,529,24255,24049,0,0,519,1365,0,2627,1288,640,1149,103,410,0,0,0,1246,24257,208,208,0,105,0,1254,212
 47440,0,24692,1169,848,1904,2379,529,24258,24054,0,0,519,1365,0,2627,1288,640,1149,103,410,0,0,0,1246,24262,208,208,0,105,0,1254,212
 47445,0,24697,1169,848,1904,2379,529,24263,24059,0,0,519,1365,0,2627,1288,640,1149,103,410,0,0,0,1246,24267,208,208,0,105,0,1254,212
 47450,0,24702,1169,848,1904,2379,529,24268,24064,0,0,519,1365,0,2627,1288,640,1149,103,410,0,0,0,1246,24272,208,208,0,105,0,1254,212
 47455,0,24707,1169,848,1904,2379,529,24273,24069,0,0,519,1365,0,2627,1288,640,1149,103,410,0,0,0,1246,24277,208,208,0,105,0,1254,212
 47460,0,24712,1169,848,1904,2379,529,24278,24074,0,0,519,1365,0,2627,1288,640,1149,103,410,0,0,0,1246,24282,208,208,0,105,0,1254,212
 47465,0,24717,1169,848,1904,2379,529,24283,24079,0,0,519,1365,0,2627,1288,640,1149,103,410,0,0,0,1246,24287,208,208,0,105,0,1254,212
 47470,0,24722,1169,848,1904,2379,529,24288,24084,0,0,519,1365,0,2627,1288,640,1149,103,410,0,0,0,1246,24292,208,208,0,105,0,1254,212
 47475,0,24727,1169,848,1904,2379,529,24293,24089,0,0,519,1365,0,2627,1288,640,1149,103,410,0,0,0,1246,24297,208,208,0,105,0,1254,212
 47480,0,24732,1169,848,1904,2379,529,24298,24094,0,0,519,1365,0,2627,1288,640,1149,103,410,0,0,0,1246,24302,208,208,0,105,0,1254,212
 47485,0,24737,1169,848,1904,2379,529,24303,24099,0,0,519,1365,0,2627,1288,640,1149,103,410,0,0,0,1246,24307,208,208,0,105,0,1254,212
 47490,0,24742,1169,848,1904,2379,529,24308,24104,0,0,519,1365,0,2627,1288,640,1149,103,410,0,0,0,1246,24312,208,208,0,105,0,1254,212
 47495,0,24747,1169,848,1904,2379,529,24313,24109,0,0,519,1365,0,2627,1288,640,1149,103,410,0,0,0,1246,24317,208,208,0,105,0,1254,212
 47500,0,24752,1169,848,1904,2379,529,24318,24114,0,0,519,1365,0,2627,1288,640,1149,103,410,0,0,0,1246,24322,208,208,0,105,0,1254,212
 47505,0,24757,1169,848,1904,2379,529,24323,24119,0,0,519,1365,0,2627,1288,640,1149,103,410,0,0,0,1246,24327,208,208,0,105,0,1254,212
 47510,0,24762,1169,848,1904,2379,529,24328,24124,0,0,519,1365,0,2627,1288,640,1149,103,410,0,0,0,1246,24333,208,208,0,105,0,1254,212
 47515,0,24767,1169,848,1904,2379,529,24333,24127,0,0,519,1365,0,2627,1288,640,1149,103,410,0,0,0,1246,24333,208,208,0,105,0,1254,212
 47520,0,24772,1169,848,1904,2379,529,24338,24127,0,0,519,1365,0,2627,1288,640,1149,103,410,0,0,0,1246,24333,208,208,0,105,0,1254,212
 47525,0,24777,1169,848,1904,2379,529,24343,24127,0,0,519,1365,0,2627,1288,640,1149,103,410,0,0,0,1246,24333,208,208,0,105,0,1254,212
 47530,0,24782,1169,848,1904,2379,529,24348,24127,0,0,519,1365,0,2627,1288,640,1149,103,410,0,0,0,1246,24333,208,208,0,105,0,1254,212
 47535,0,24787,1169,848,1904,2379,529,24353,24127,0,0,519,1365,0,2627,1288,640,1149,103,410,0,0,0,1246,24333,208,208,0,105,0,1254,212
 47540,0,24793,1169,848,1904,2379,529,24358,24127,0,0,519,1365,0,2627,1288,640,1149,103,410,0,0,0,1246,24333,208,208,0,105,0,1254,212
 47545,0,24793,1169,848,1904,2379,529,24362,24127,0,0,519,1365,0,2627,1288,640,1149,103,410,0,0,0,1246,24333,208,208,0,105,0,1254,212
 47550,0,24793,1169,848,1904,2379,529,24362,24127,0,0,519,1365,0,2627,1288,640,1149,103,410,0,0,0,1246,24333,208,208,0,105,0,1254,212
 47555,0,24793,1169,848,1904,2379,529,24362,24127,0,0,519,1365,0,2627,1288,640,1149,103,410,0,0,0,1246,24333,208,208,0,105,0,1254,212
 47560,0,24793,1169,848,1904,2379,529,24362,24127,0,0,519,1365,0,2627,1288,640,1149,103,410,0,0,0,1246,24333,208,208,0,105,0,1254,212
 47565,0,24793,1169,848,1904,2379,529,24362,24127,0,0,519,1365,0,2627,1288,640,1149,103,410,0,0,0,1246,24333,208,208,0,105,0,1254,212
 47570,0,24793,1169,848,1904,2379,529,24362,24127,0,0,519,1365,0,2627,1288,640,1149,103,410,0,0,0,1246,24333,208,208,0,105,0,1254,212
 47575,0,24793,1169,848,1904,2379,529,24362,24127,0,0,519,1365,0,2627,1288,640,1149,103,410,0,0,0,1246,24333,208,208,0,105,0,1254,212
 47580,0,24793,1169,848,1904,2379,529,24362,24127,0,0,519,1365,0,2627,1288,640,1149,103,410,0,0,0,1246,24333,208,208,0,105,0,1254,212
 47585,0,24793,1169,848,1904,2379,529,24362,24127,0,0,519,1365,0,2627,1288,640,1149,103,410,0,0,0,1246,24333,208,208,0,105,0,1254,212
 47590,0,24793,1169,848,1904,2379,529,24362,24127,0,0,519,1365,0,2627,1288,640,1149,103,410,0,0,0,1246,24333,208,208,0,105,0,1254,212
 47595,0,24793,1169,848,1904,2379,529,24362,24127,0,0,519,1365,0,2627,1288,640,1149,103,410,0,0,0,1246,24333,208,208,0,105,0,1254,212
 47600,0,24793,1169,848,1904,2379,529,24362,24127,0,0,519,1365,0,2627,1288,640,1149,103,410,0,0,0,1246,24333,208,208,0,105,0,1254,212
 47605,0,24793,1169,848,1904,2379,529,24362,24127,0,0,519,1365,0,2627,1288,640,1149,103,410,0,0,0,1246,24333,208,208,0,105,0,1254,212
 47610,0,24793,1169,848,1904,2379,529,24362,24127,0,0,519,1365,0,2627,1288,640,1149,103,410,0,0,0,1246,24333,208,208,0,105,0,1254,212
 47615,0,24793,1169,848,1904,2379,529,24362,24127,0,0,519,1365,0,2627,1288,640,1149,103,410,0,0,0,1246,24333,208,208,0,105,0,1254,212
 47620,0,24793,1169,848,1904,2379,529,24362,24127,0,0,519,1365,0,2627,1288,640,1149,103,410,0,0,0,1246,24332,208,208,0,105,0,1254,212
 47625,0,24792,1169,848,1904,2379,529,24362,24127,0,0,519,1365,0,2627,1288,640,1149,103,410,0,0,0,1246,24337,208,208,0,105,0,1254,212
 47630,0,24797,1169,848,1904,2379,529,24362,24127,0,0,519,1365,0,2627,1288,640,1149,103,410,0,0,0,1246,24342,208,208,0,105,0,1254,212
 47635,0,24802,1169,848,1904,2379,529,24362,24127,0,0,519,1365,0,2627,1288,640,1149,103,410,0,0,0,1246,24347,208,208,0,105,0,1254,212
 47640,0,24807,1169,848,1904,2379,529,24362,24129,0,0,519,1365,0,2627,1288,640,1149,103,410,0,0,0,1246,24352,208,208,0,105,0,1254,212
 47645,0,24812,1169,848,1904,2379,529,24365,24134,0,0,519,1365,0,2627,1288,640,1149,103,410,0,0,0,1246,24357,208,208,0,105,0,1254,212
 47650,0,24817,1169,848,1904,2379,529,24370,24139,0,0,519,1365,0,2627,1288,640,1149,103,410,0,0,0,1246,24362,208,208,0,105,0,1254,212
 47655,0,24822,1169,848,1904,2379,529,24375,24144,0,0,519,1365,0,2627,1288,640,1149,103,410,0,0,0,1246,24367,208,208,0,105,0,1254,212
 47660,0,24827,1169,848,1904,2379,529,24380,24149,0,0,519,1365,0,2627,1288,640,1149,103,410,0,0,0,1246,24372,208,208,0,105,0,1254,212
 47665,0,24832,1169,848,1904,2379,529,24385,24154,0,0,519,1365,0,2627,1288,640,1149,103,410,0,0,0,1246,24377,208,208,0,105,0,1254,212
 47670,0,24837,1169,848,1904,2379,529,24390,24159,0,0,519,1365,0,2627,1288,640,1149,103,410,0,0,0,1246,24382,208,208,0,105,0,1254,212
 47675,0,24842,1169,848,1904,2379,529,24395,24164,0,0,519,1365,0,2627,1288,640,1149,103,410,0,0,0,1246,24387,208,208,0,105,0,1254,212
 47680,0,24847,1169,848,1904,2379,529,24400,24169,0,0,519,1365,0,2627,1288,640,1149,103,410,0,0,0,1246,24392,208,208,0,105,0,1254,212
 47685,0,24852,1169,848,1904,2379,529,24405,24174,0,0,519,1365,0,2627,1288,640,1149,103,410,0,0,0,1246,24397,208,208,0,105,0,1254,212
 47690,0,24857,1169,848,1904,2379,529,24410,24179,0,0,519,1365,0,2627,1288,640,1149,103,410,0,0,0,1246,24402,208,208,0,105,0,1254,212
 47695,0,24862,1169,848,1904,2379,529,24415,24184,0,0,519,1365,0,2627,1288,640,1149,103,410,0,0,0,1246,24407,208,208,0,105,0,1254,212
 47700,0,24867,1169,848,1904,2379,529,24420,24189,0,0,519,1365,0,2627,1288,640,1149,103,410,0,0,0,1246,24412,208,208,0,105,0,1254,212
 47705,0,24872,1169,848,1904,2379,529,24425,24194,0,0,519,1365,0,2627,1288,640,1149,103,410,0,0,0,1246,24417,208,208,0,105,0,1254,212
 47710,0,24877,1169,848,1904,2379,529,24430,24199,0,0,519,1365,0,2627,1288,640,1149,103,410,0,0,0,1246,24422,208,208,0,105,0,1254,212
 47715,0,24882,1169,848,1904,2379,529,24435,24204,0,0,519,1365,0,2627,1288,640,1149,103,410,0,0,0,1246,24427,208,208,0,105,0,1254,212
 47720,0,24887,1169,848,1904,2379,529,24440,24209,0,0,519,1365,0,2627,1288,640,1149,103,410,0,0,0,1246,24432,208,208,0,105,0,1254,212
 47725,0,24892,1169,848,1904,2379,529,24445,24214,0,0,519,1365,0,2627,1288,640,1149,103,410,0,0,0,1246,24437,208,208,0,105,0,1254,212
 47730,0,24896,1169,848,1904,2379,529,24450,24219,0,0,519,1365,0,2627,1288,640,1149,103,410,0,0,0,1246,24440,208,208,0,105,0,1254,212
 47735,0,24896,1169,848,1904,2379,529,24455,24224,0,0,519,1365,0,2627,1288,640,1149,103,410,0,0,0,1246,24440,208,208,0,105,0,1254,212
 47740,0,24896,1169,848,1904,2379,529,24460,24229,0,0,519,1365,0,2627,1288,640,1149,103,410,0,0,0,1246,24440,208,208,0,105,0,1254,212
 47745,0,24896,1169,848,1904,2379,529,24463,24232,0,0,519,1365,0,2627,1288,640,1149,103,410,0,0,0,1246,24440,208,208,0,105,0,1254,212
 47750,0,24896,1169,848,1904,2379,529,24463,24232,0,0,519,1365,0,2627,1288,640,1149,103,410,0,0,0,1246,24440,208,208,0,105,0,1254,212
 47755,0,24896,1169,848,1904,2379,529,24463,24232,0,0,519,1365,0,2627,1288,640,1149,103,410,0,0,0,1246,24440,208,208,0,105,0,1254,212
 47760,0,24896,1169,848,1904,2379,529,24463,24232,0,0,519,1365,0,2627,1288,640,1149,103,410,0,0,0,1246,24440,208,208,0,105,0,1254,212
 47765,0,24896,1169,848,1904,2379,529,24463,24232,0,0,519,1365,0,2627,1288,640,1149,103,410,0,0,0,1246,24440,208,208,0,105,0,1254,212
 47770,0,24896,1169,848,1904,2379,529,24463,24232,0,0,519,1365,0,2627,1288,640,1149,103,410,0,0,0,1246,24440,208,208,0,105,0,1254,212
 47775,0,24896,1169,848,1904,2379,529,24463,24232,0,0,519,1365,0,2627,1288,640,1149,103,410,0,0,0,1246,24440,208,208,0,105,0,1254,212
 47780,0,24896,1169,848,1904,2379,529,24463,24232,0,0,519,1365,0,2627,1288,640,1149,103,410,0,0,0,1246,24440,208,208,0,105,0,1254,212
 47785,0,24896,1169,848,1904,2379,529,24463,24232,0,0,519,1365,0,2627,1288,640,1149,103,410,0,0,0,1246,24440,208,208,0,105,0,1254,212
 47790,0,24896,1169,848,1904,2379,529,24463,24232,0,0,519,1365,0,2627,1288,640,1149,103,410,0,0,0,1246,24440,208,208,0,105,0,1254,212
 47795,0,24896,1169,848,1904,2379,529,24463,24232,0,0,519,1365,0,2627,1288,640,1149,103,410,0,0,0,1246,24440,208,208,0,105,0,1254,212
 47800,0,24896,1169,848,1904,2379,529,24463,24232,0,0,519,1365,0,2627,1288,640,1149,103,410,0,0,0,1246,24440,208,208,0,105,0,1254,212
 47805,0,24896,1169,848,1904,2379,529,24463,24232,0,0,519,1365,0,2627,1288,640,1149,103,410,0,0,0,1246,24440,208,208,0,105,0,1254,212
 47810,0,24896,1169,848,1904,2379,529,24463,24232,0,0,519,1365,0,2627,1288,640,1149,103,410,0,0,0,1246,24440,208,208,0,105,0,1254,212
 47815,0,24896,1169,848,1904,2379,529,24463,24232,0,0,519,1365,0,2627,1288,640,1149,103,410,0,0,0,1246,24440,208,208,0,105,0,1254,212
 47820,0,24896,1169,848,1904,2379,529,24463,24232,0,0,519,1365,0,2627,1288,640,1149,103,410,0,0,0,1246,24440,208,208,0,105,0,1254,212
 47825,0,24896,1169,848,1904,2379,529,24463,24232,0,0,519,1365,0,2627,1288,640,1149,103,410,0,0,0,1246,24440,208,208,0,105,0,1254,212
 47830,0,24896,1169,848,1904,2379,529,24463,24232,0,0,519,1365,0,2627,1288,640,1149,103,410,0,0,0,1246,24440,208,208,0,105,0,1254,212
 47835,0,24896,1169,848,1904,2379,529,24463,24232,0,0,519,1365,0,2627,1288,640,1149,103,410,0,0,0,1246,24440,208,208,0,105,0,1254,212
 47840,0,24896,1169,848,1904,2379,529,24463,24232,0,0,519,1365,0,2627,1288,640,1149,103,410,0,0,0,1246,24440,208,208,0,105,0,1254,212
 47845,0,24896,1169,848,1904,2379,529,24463,24232,0,0,519,1365,0,2627,1288,640,1149,103,410,0,0,0,1246,24440,208,208,0,105,0,1254,212
 47850,0,24896,1169,848,1904,2379,529,24463,24232,0,0,519,1365,0,2627,1288,640,1149,103,410,0,0,0,1246,24440,208,208,0,105,0,1254,212
 47855,0,24897,1169,848,1904,2379,529,24463,24232,0,0,519,1365,0,2627,1288,640,1149,103,410,0,0,0,1246,24443,208,208,0,105,0,1254,212
 47860,0,24902,1169,848,1904,2379,529,24466,24232,0,0,519,1365,0,2627,1288,640,1149,103,410,0,0,0,1246,24448,208,208,0,105,0,1254,212
 47865,0,24907,1169,848,1904,2379,529,24471,24232,0,0,519,1365,0,2627,1288,640,1149,103,410,0,0,0,1246,24453,208,208,0,105,0,1254,212
 47870,0,24912,1169,848,1904,2379,529,24476,24234,0,0,519,1365,0,2627,1288,640,1149,103,410,0,0,0,1246,24458,208,208,0,105,0,1254,212
 47875,0,24917,1169,848,1904,2379,529,24481,24239,0,0,519,1365,0,2627,1288,640,1149,103,410,0,0,0,1246,24463,208,208,0,105,0,1254,212
 47880,0,24922,1169,848,1904,2379,529,24486,24244,0,0,519,1365,0,2627,1288,640,1149,103,410,0,0,0,1246,24468,208,208,0,105,0,1254,212
 47885,0,24927,1169,848,1904,2379,529,24491,24249,0,0,519,1365,0,2627,1288,640,1149,103,410,0,0,0,1246,24473,208,208,0,105,0,1254,212
 47890,0,24932,1169,848,1904,2379,529,24496,24254,0,0,519,1365,0,2627,1288,640,1149,103,410,0,0,0,1246,24478,208,208,0,105,0,1254,212
 47895,0,24937,1169,848,1904,2379,529,24501,24259,0,0,519,1365,0,2627,1288,640,1149,103,410,0,0,0,1246,24483,208,208,0,105,0,1254,212
 47900,0,24942,1169,848,1904,2379,529,24506,24264,0,0,519,1365,0,2627,1288,640,1149,103,410,0,0,0,1246,24488,208,208,0,105,0,1254,212
 47905,0,24947,1169,848,1904,2379,529,24511,24269,0,0,519,1365,0,2627,1288,640,1149,103,410,0,0,0,1246,24493,208,208,0,105,0,1254,212
 47910,0,24952,1169,848,1904,2379,529,24516,24274,0,0,519,1365,0,2627,1288,640,1149,103,410,0,0,0,1246,24498,208,208,0,105,0,1254,212
 47915,0,24957,1169,848,1904,2379,529,24521,24279,0,0,519,1365,0,2627,1288,640,1149,103,410,0,0,0,1246,24503,208,208,0,105,0,1254,212
 47920,0,24962,1169,848,1904,2379,529,24526,24284,0,0,519,1365,0,2627,1288,640,1149,103,410,0,0,0,1246,24508,208,208,0,105,0,1254,212
 47925,0,24967,1169,848,1904,2379,529,24531,24289,0,0,519,1365,0,2627,1288,640,1149,103,410,0,0,0,1246,24513,208,208,0,105,0,1254,212
 47930,0,24972,1169,848,1904,2379,529,24536,24294,0,0,519,1365,0,2627,1288,640,1149,103,410,0,0,0,1246,24518,208,208,0,105,0,1254,212
 47935,0,24977,1169,848,1904,2379,529,24541,24299,0,0,519,1365,0,2627,1288,640,1149,103,410,0,0,0,1246,24523,208,208,0,105,0,1254,212
 47940,0,24982,1169,848,1904,2379,529,24546,24304,0,0,519,1365,0,2627,1288,640,1149,103,410,0,0,0,1246,24528,208,208,0,105,0,1254,212
 47945,0,24987,1169,848,1904,2379,529,24551,24309,0,0,519,1365,0,2627,1288,640,1149,103,410,0,0,0,1246,24533,208,208,0,105,0,1254,212
 47950,0,24992,1169,848,1904,2379,529,24556,24314,0,0,519,1365,0,2627,1288,640,1149,103,410,0,0,0,1246,24538,208,208,0,105,0,1254,212
 47955,0,24997,1169,848,1904,2379,529,24561,24319,0,0,519,1365,0,2627,1288,640,1149,103,410,0,0,0,1246,24543,208,208,0,105,0,1254,212
 47960,0,25003,1169,848,1904,2379,529,24566,24324,0,0,519,1365,0,2627,1288,640,1149,103,410,0,0,0,1246,24543,208,208,0,105,0,1254,212
 47965,0,25003,1169,848,1904,2379,529,24570,24329,0,0,519,1365,0,2627,1288,640,1149,103,410,0,0,0,1246,24543,208,208,0,105,0,1254,212
 47970,0,25003,1169,848,1904,2379,529,24570,24334,0,0,519,1365,0,2627,1288,640,1149,103,410,0,0,0,1246,24543,208,208,0,105,0,1254,212
 47975,0,25003,1169,848,1904,2379,529,24570,24337,0,0,519,1365,0,2627,1288,640,1149,103,410,0,0,0,1246,24543,208,208,0,105,0,1254,212
 47980,0,25003,1169,848,1904,2379,529,24570,24337,0,0,519,1365,0,2627,1288,640,1149,103,410,0,0,0,1246,24543,208,208,0,105,0,1254,212
 47985,0,25003,1169,848,1904,2379,529,24570,24337,0,0,519,1365,0,2627,1288,640,1149,103,410,0,0,0,1246,24543,208,208,0,105,0,1254,212
 47990,0,25003,1169,848,1904,2379,529,24570,24337,0,0,519,1365,0,2627,1288,640,1149,103,410,0,0,0,1246,24543,208,208,0,105,0,1254,212
 47995,0,25003,1169,848,1904,2379,529,24570,24337,0,0,519,1365,0,2627,1288,640,1149,103,410,0,0,0,1246,24543,208,208,0,105,0,1254,212
 48000,0,25003,1169,848,1904,2379,529,24570,24337,0,0,519,1365,0,2627,1288,640,1149,103,410,0,0,0,1246,24543,208,208,0,105,0,1254,212
 48005,0,25003,1169,848,1904,2379,529,24570,24337,0,0,519,1365,0,2627,1288,640,1149,103,410,0,0,0,1246,24543,208,208,0,105,0,1254,212
 48010,0,25003,1169,848,1904,2379,529,24570,24337,0,0,519,1365,0,2627,1288,640,1149,103,410,0,0,0,1246,24543,208,208,0,105,0,1254,212
 48015,0,25003,1169,848,1904,2379,529,24570,24337,0,0,519,1365,0,2627,1288,640,1149,103,410,0,0,0,1246,24543,208,208,0,105,0,1254,212
 48020,0,25003,1169,848,1904,2379,529,24570,24337,0,0,519,1365,0,2627,1288,640,1149,103,410,0,0,0,1246,24543,208,208,0,105,0,1254,212
 48025,0,25003,1169,848,1904,2379,529,24570,24337,0,0,519,1365,0,2627,1288,640,1149,103,410,0,0,0,1246,24543,208,208,0,105,0,1254,212
 48030,0,25003,1169,848,1904,2379,529,24570,24337,0,0,519,1365,0,2627,1288,640,1149,103,410,0,0,0,1246,24543,208,208,0,105,0,1254,212
 48035,0,25003,1169,848,1904,2379,529,24570,24337,0,0,519,1365,0,2627,1288,640,1149,103,410,0,0,0,1246,24543,208,208,0,105,0,1254,212
 48040,0,25003,1169,848,1904,2379,529,24570,24337,0,0,519,1365,0,2627,1288,640,1149,103,410,0,0,0,1246,24543,208,208,0,105,0,1254,212
 48045,0,25003,1169,848,1904,2379,529,24570,24337,0,0,519,1365,0,2627,1288,640,1149,103,410,0,0,0,1246,24543,208,208,0,105,0,1254,212
 48050,0,25003,1169,848,1904,2379,529,24570,24337,0,0,519,1365,0,2627,1288,640,1149,103,410,0,0,0,1246,24543,208,208,0,105,0,1254,212
 48055,0,25003,1169,848,1904,2379,529,24570,24337,0,0,519,1365,0,2627,1288,640,1149,103,410,0,0,0,1246,24543,208,208,0,105,0,1254,212
 48060,0,25003,1169,848,1904,2379,529,24570,24337,0,0,519,1365,0,2627,1288,640,1149,103,410,0,0,0,1246,24543,208,208,0,105,0,1254,212
 48065,0,25003,1169,848,1904,2379,529,24570,24337,0,0,519,1365,0,2627,1288,640,1149,103,410,0,0,0,1246,24543,208,208,0,105,0,1254,212
 48070,0,25003,1169,848,1904,2379,529,24570,24337,0,0,519,1365,0,2627,1288,640,1149,103,410,0,0,0,1246,24543,208,208,0,105,0,1254,212
 48075,0,25003,1169,848,1904,2379,529,24570,24339,0,0,519,1365,0,2627,1288,640,1149,103,410,0,0,0,1246,24543,208,208,0,105,0,1254,212
 48080,0,25005,1169,848,1904,2379,529,24570,24344,0,0,519,1365,0,2627,1288,640,1149,103,410,0,0,0,1246,24543,208,208,0,105,0,1254,212
 48085,0,25010,1169,848,1904,2379,529,24570,24349,0,0,519,1365,0,2627,1288,640,1149,103,410,0,0,0,1246,24543,208,208,0,105,0,1254,212
 48090,0,25015,1169,848,1904,2379,529,24573,24354,0,0,519,1365,0,2627,1288,640,1149,103,410,0,0,0,1246,24543,208,208,0,105,0,1254,212
 48095,0,25020,1169,848,1904,2379,529,24578,24359,0,0,519,1365,0,2627,1288,640,1149,103,410,0,0,0,1246,24543,208,208,0,105,0,1254,212
 48100,0,25025,1169,848,1904,2379,529,24583,24364,0,0,519,1365,0,2627,1288,640,1149,103,410,0,0,0,1246,24542,208,208,0,105,0,1254,212
 48105,0,25030,1169,848,1904,2379,529,24588,24369,0,0,519,1365,0,2627,1288,640,1149,103,410,0,0,0,1246,24547,208,208,0,105,0,1254,212
 48110,0,25035,1169,848,1904,2379,529,24593,24374,0,0,519,1365,0,2627,1288,640,1149,103,410,0,0,0,1246,24552,208,208,0,105,0,1254,212
 48115,0,25040,1169,848,1904,2379,529,24598,24379,0,0,519,1365,0,2627,1288,640,1149,103,410,0,0,0,1246,24557,208,208,0,105,0,1254,212
 48120,0,25045,1169,848,1904,2379,529,24603,24384,0,0,519,1365,0,2627,1288,640,1149,103,410,0,0,0,1246,24562,208,208,0,105,0,1254,212
 48125,0,25050,1169,848,1904,2379,529,24608,24389,0,0,519,1365,0,2627,1288,640,1149,103,410,0,0,0,1246,24567,208,208,0,105,0,1254,212
 48130,0,25055,1169,848,1904,2379,529,24613,24394,0,0,519,1365,0,2627,1288,640,1149,103,410,0,0,0,1246,24572,208,208,0,105,0,1254,212
 48135,0,25060,1169,848,1904,2379,529,24618,24399,0,0,519,1365,0,2627,1288,640,1149,103,410,0,0,0,1246,24577,208,208,0,105,0,1254,212
 48140,0,25065,1169,848,1904,2379,529,24623,24404,0,0,519,1365,0,2627,1288,640,1149,103,410,0,0,0,1246,24582,208,208,0,105,0,1254,212
 48145,0,25070,1169,848,1904,2379,529,24628,24409,0,0,519,1365,0,2627,1288,640,1149,103,410,0,0,0,1246,24587,208,208,0,105,0,1254,212
 48150,0,25075,1169,848,1904,2379,529,24633,24414,0,0,519,1365,0,2627,1288,640,1149,103,410,0,0,0,1246,24592,208,208,0,105,0,1254,212
 48155,0,25080,1169,848,1904,2379,529,24638,24419,0,0,519,1365,0,2627,1288,640,1149,103,410,0,0,0,1246,24597,208,208,0,105,0,1254,212
 48160,0,25085,1169,848,1904,2379,529,24643,24424,0,0,519,1365,0,2627,1288,640,1149,103,410,0,0,0,1246,24602,208,208,0,105,0,1254,212
 48165,0,25090,1169,848,1904,2379,529,24648,24429,0,0,519,1365,0,2627,1288,640,1149,103,410,0,0,0,1246,24607,208,208,0,105,0,1254,212
 48170,0,25095,1169,848,1904,2379,529,24653,24434,0,0,519,1365,0,2627,1288,640,1149,103,410,0,0,0,1246,24612,208,208,0,105,0,1254,212
 48175,0,25100,1169,848,1904,2379,529,24658,24439,0,0,519,1365,0,2627,1288,640,1149,103,410,0,0,0,1246,24617,208,208,0,105,0,1254,212
 48180,0,25106,1169,848,1904,2379,529,24663,24444,0,0,519,1365,0,2627,1288,640,1149,103,410,0,0,0,1246,24622,208,208,0,105,0,1254,212
 48185,0,25106,1169,848,1904,2379,529,24668,24444,0,0,519,1365,0,2627,1288,640,1149,103,410,0,0,0,1246,24627,208,208,0,105,0,1254,212
 48190,0,25106,1169,848,1904,2379,529,24671,24444,0,0,519,1365,0,2627,1288,640,1149,103,410,0,0,0,1246,24632,208,208,0,105,0,1254,212
 48195,0,25106,1169,848,1904,2379,529,24671,24444,0,0,519,1365,0,2627,1288,640,1149,103,410,0,0,0,1246,24637,208,208,0,105,0,1254,212
 48200,0,25106,1169,848,1904,2379,529,24671,24444,0,0,519,1365,0,2627,1288,640,1149,103,410,0,0,0,1246,24642,208,208,0,105,0,1254,212
 48205,0,25106,1169,848,1904,2379,529,24671,24444,0,0,519,1365,0,2627,1288,640,1149,103,410,0,0,0,1246,24648,208,208,0,105,0,1254,212
 48210,0,25106,1169,848,1904,2379,529,24671,24444,0,0,519,1365,0,2627,1288,640,1149,103,410,0,0,0,1246,24648,208,208,0,105,0,1254,212
 48215,0,25106,1169,848,1904,2379,529,24671,24444,0,0,519,1365,0,2627,1288,640,1149,103,410,0,0,0,1246,24648,208,208,0,105,0,1254,212
 48220,0,25106,1169,848,1904,2379,529,24671,24444,0,0,519,1365,0,2627,1288,640,1149,103,410,0,0,0,1246,24648,208,208,0,105,0,1254,212
 48225,0,25106,1169,848,1904,2379,529,24671,24444,0,0,519,1365,0,2627,1288,640,1149,103,410,0,0,0,1246,24648,208,208,0,105,0,1254,212
 48230,0,25106,1169,848,1904,2379,529,24671,24444,0,0,519,1365,0,2627,1288,640,1149,103,410,0,0,0,1246,24648,208,208,0,105,0,1254,212
 48235,0,25106,1169,848,1904,2379,529,24671,24444,0,0,519,1365,0,2627,1288,640,1149,103,410,0,0,0,1246,24648,208,208,0,105,0,1254,212
 48240,0,25106,1169,848,1904,2379,529,24671,24444,0,0,519,1365,0,2627,1288,640,1149,103,410,0,0,0,1246,24648,208,208,0,105,0,1254,212
 48245,0,25106,1169,848,1904,2379,529,24671,24444,0,0,519,1365,0,2627,1288,640,1149,103,410,0,0,0,1246,24648,208,208,0,105,0,1254,212
 48250,0,25106,1169,848,1904,2379,529,24671,24444,0,0,519,1365,0,2627,1288,640,1149,103,410,0,0,0,1246,24648,208,208,0,105,0,1254,212
 48255,0,25106,1169,848,1904,2379,529,24671,24444,0,0,519,1365,0,2627,1288,640,1149,103,410,0,0,0,1246,24648,208,208,0,105,0,1254,212
 48260,0,25106,1169,848,1904,2379,529,24671,24444,0,0,519,1365,0,2627,1288,640,1149,103,410,0,0,0,1246,24648,208,208,0,105,0,1254,212
 48265,0,25106,1169,848,1904,2379,529,24671,24444,0,0,519,1365,0,2627,1288,640,1149,103,410,0,0,0,1246,24648,208,208,0,105,0,1254,212
 48270,0,25107,1169,848,1904,2379,529,24671,24444,0,0,519,1365,0,2627,1288,640,1149,103,410,0,0,0,1246,24648,208,208,0,105,0,1254,212
 48275,0,25112,1169,848,1904,2379,529,24671,24444,0,0,519,1365,0,2627,1288,640,1149,103,410,0,0,0,1246,24648,208,208,0,105,0,1254,212
 48280,0,25117,1169,848,1904,2379,529,24671,24444,0,0,519,1365,0,2627,1288,640,1149,103,410,0,0,0,1246,24651,208,208,0,105,0,1254,212
 48285,0,25122,1169,848,1904,2379,529,24671,24444,0,0,519,1365,0,2627,1288,640,1149,103,410,0,0,0,1246,24656,208,208,0,105,0,1254,212
 48290,0,25127,1169,848,1904,2379,529,24671,24444,0,0,519,1365,0,2627,1288,640,1149,103,410,0,0,0,1246,24661,208,208,0,105,0,1254,212
 48295,0,25132,1169,848,1904,2379,529,24671,24444,0,0,519,1365,0,2627,1288,640,1149,103,410,0,0,0,1246,24666,208,208,0,105,0,1254,212
 48300,0,25137,1169,848,1904,2379,529,24671,24444,0,0,519,1365,0,2627,1288,640,1149,103,410,0,0,0,1246,24671,208,208,0,105,0,1254,212
 48305,0,25142,1169,848,1904,2379,529,24671,24444,0,0,519,1365,0,2627,1288,640,1149,103,410,0,0,0,1246,24676,208,208,0,105,0,1254,212
 48310,0,25147,1169,848,1904,2379,529,24671,24444,0,0,519,1365,0,2627,1288,640,1149,103,410,0,0,0,1246,24681,208,208,0,105,0,1254,212
 48315,0,25152,1169,848,1904,2379,529,24671,24444,0,0,519,1365,0,2627,1288,640,1149,103,410,0,0,0,1246,24686,208,208,0,105,0,1254,212
 48320,0,25157,1169,848,1904,2379,529,24671,24445,0,0,519,1365,0,2627,1288,640,1149,103,410,0,0,0,1246,24691,208,208,0,105,0,1254,212
 48325,0,25162,1169,848,1904,2379,529,24671,24450,0,0,519,1365,0,2627,1288,640,1149,103,410,0,0,0,1246,24696,208,208,0,105,0,1254,212
 48330,0,25167,1169,848,1904,2379,529,24671,24455,0,0,519,1365,0,2627,1288,640,1149,103,410,0,0,0,1246,24701,208,208,0,105,0,1254,212
 48335,0,25172,1169,848,1904,2379,529,24671,24460,0,0,519,1365,0,2627,1288,640,1149,103,410,0,0,0,1246,24706,208,208,0,105,0,1254,212
 48340,0,25177,1169,848,1904,2379,529,24671,24465,0,0,519,1365,0,2627,1288,640,1149,103,410,0,0,0,1246,24711,208,208,0,105,0,1254,212
 48345,0,25182,1169,848,1904,2379,529,24671,24470,0,0,519,1365,0,2627,1288,640,1149,103,410,0,0,0,1246,24716,208,208,0,105,0,1254,212
 48350,0,25187,1169,848,1904,2379,529,24671,24475,0,0,519,1365,0,2627,1288,640,1149,103,410,0,0,0,1246,24721,208,208,0,105,0,1254,212
 48355,0,25192,1169,848,1904,2379,529,24671,24480,0,0,519,1365,0,2627,1288,640,1149,103,410,0,0,0,1246,24726,208,208,0,105,0,1254,212
 48360,0,25197,1169,848,1904,2379,529,24671,24485,0,0,519,1365,0,2627,1288,640,1149,103,410,0,0,0,1246,24731,208,208,0,105,0,1254,212
 48365,0,25202,1169,848,1904,2379,529,24671,24490,0,0,519,1365,0,2627,1288,640,1149,103,410,0,0,0,1246,24736,208,208,0,105,0,1254,212
 48370,0,25207,1169,848,1904,2379,529,24671,24495,0,0,519,1365,0,2627,1288,640,1149,103,410,0,0,0,1246,24741,208,208,0,105,0,1254,212
 48375,0,25207,1169,848,1904,2379,529,24671,24500,0,0,519,1365,0,2627,1288,640,1149,103,410,0,0,0,1246,24746,208,208,0,105,0,1254,212
 48380,0,25207,1169,848,1904,2379,529,24674,24505,0,0,519,1365,0,2627,1288,640,1149,103,410,0,0,0,1246,24751,208,208,0,105,0,1254,212
 48385,0,25207,1169,848,1904,2379,529,24679,24510,0,0,519,1365,0,2627,1288,640,1149,103,410,0,0,0,1246,24751,208,208,0,105,0,1254,212
 48390,0,25207,1169,848,1904,2379,529,24684,24515,0,0,519,1365,0,2627,1288,640,1149,103,410,0,0,0,1246,24751,208,208,0,105,0,1254,212
 48395,0,25207,1169,848,1904,2379,529,24689,24520,0,0,519,1365,0,2627,1288,640,1149,103,410,0,0,0,1246,24751,208,208,0,105,0,1254,212
 48400,0,25207,1169,848,1904,2379,529,24694,24525,0,0,519,1365,0,2627,1288,640,1149,103,410,0,0,0,1246,24751,208,208,0,105,0,1254,212
 48405,0,25207,1169,848,1904,2379,529,24699,24530,0,0,519,1365,0,2627,1288,640,1149,103,410,0,0,0,1246,24751,208,208,0,105,0,1254,212
 48410,0,25207,1169,848,1904,2379,529,24704,24535,0,0,519,1365,0,2627,1288,640,1149,103,410,0,0,0,1246,24751,208,208,0,105,0,1254,212
 48415,0,25207,1169,848,1904,2379,529,24709,24540,0,0,519,1365,0,2627,1288,640,1149,103,410,0,0,0,1246,24751,208,208,0,105,0,1254,212
 48420,0,25207,1169,848,1904,2379,529,24714,24545,0,0,519,1365,0,2627,1288,640,1149,103,410,0,0,0,1246,24751,208,208,0,105,0,1254,212
 48425,0,25207,1169,848,1904,2379,529,24719,24547,0,0,519,1365,0,2627,1288,640,1149,103,410,0,0,0,1246,24754,208,208,0,105,0,1254,212
 48430,0,25208,1169,848,1904,2379,529,24724,24547,0,0,519,1365,0,2627,1288,640,1149,103,410,0,0,0,1246,24759,208,208,0,105,0,1254,212
 48435,0,25213,1169,848,1904,2379,529,24729,24547,0,0,519,1365,0,2627,1288,640,1149,103,410,0,0,0,1246,24764,208,208,0,105,0,1254,212
 48440,0,25218,1169,848,1904,2379,529,24734,24547,0,0,519,1365,0,2627,1288,640,1149,103,410,0,0,0,1246,24769,208,208,0,105,0,1254,212
 48445,0,25223,1169,848,1904,2379,529,24739,24547,0,0,519,1365,0,2627,1288,640,1149,103,410,0,0,0,1246,24774,208,208,0,105,0,1254,212
 48450,0,25228,1169,848,1904,2379,529,24744,24547,0,0,519,1365,0,2627,1288,640,1149,103,410,0,0,0,1246,24779,208,208,0,105,0,1254,212
 48455,0,25233,1169,848,1904,2379,529,24749,24547,0,0,519,1365,0,2627,1288,640,1149,103,410,0,0,0,1246,24784,208,208,0,105,0,1254,212
 48460,0,25238,1169,848,1904,2379,529,24754,24547,0,0,519,1365,0,2627,1288,640,1149,103,410,0,0,0,1246,24789,208,208,0,105,0,1254,212
 48465,0,25243,1169,848,1904,2379,529,24759,24547,0,0,519,1365,0,2627,1288,640,1149,103,410,0,0,0,1246,24794,208,208,0,105,0,1254,212
 48470,0,25248,1169,848,1904,2379,529,24764,24547,0,0,519,1365,0,2627,1288,640,1149,103,410,0,0,0,1246,24799,208,208,0,105,0,1254,212
 48475,0,25253,1169,848,1904,2379,529,24769,24547,0,0,519,1365,0,2627,1288,640,1149,103,410,0,0,0,1246,24804,208,208,0,105,0,1254,212
 48480,0,25258,1169,848,1904,2379,529,24772,24547,0,0,519,1365,0,2627,1288,640,1149,103,410,0,0,0,1246,24809,208,208,0,105,0,1254,212
 48485,0,25263,1169,848,1904,2379,529,24772,24547,0,0,519,1365,0,2627,1288,640,1149,103,410,0,0,0,1246,24814,208,208,0,105,0,1254,212
 48490,0,25268,1169,848,1904,2379,529,24772,24547,0,0,519,1365,0,2627,1288,640,1149,103,410,0,0,0,1246,24819,208,208,0,105,0,1254,212
 48495,0,25273,1169,848,1904,2379,529,24772,24547,0,0,519,1365,0,2627,1288,640,1149,103,410,0,0,0,1246,24824,208,208,0,105,0,1254,212
 48500,0,25278,1169,848,1904,2379,529,24772,24547,0,0,519,1365,0,2627,1288,640,1149,103,410,0,0,0,1246,24829,208,208,0,105,0,1254,212
 48505,0,25283,1169,848,1904,2379,529,24772,24547,0,0,519,1365,0,2627,1288,640,1149,103,410,0,0,0,1246,24834,208,208,0,105,0,1254,212
 48510,0,25288,1169,848,1904,2379,529,24772,24547,0,0,519,1365,0,2627,1288,640,1149,103,410,0,0,0,1246,24839,208,208,0,105,0,1254,212
 48515,0,25293,1169,848,1904,2379,529,24772,24547,0,0,519,1365,0,2627,1288,640,1149,103,410,0,0,0,1246,24844,208,208,0,105,0,1254,212
 48520,0,25298,1169,848,1904,2379,529,24772,24547,0,0,519,1365,0,2627,1288,640,1149,103,410,0,0,0,1246,24849,208,208,0,105,0,1254,212
 48525,0,25303,1169,848,1904,2379,529,24772,24552,0,0,519,1365,0,2627,1288,640,1149,103,410,0,0,0,1246,24854,208,208,0,105,0,1254,212
 48530,0,25308,1169,848,1904,2379,529,24772,24557,0,0,519,1365,0,2627,1288,640,1149,103,410,0,0,0,1246,24856,208,208,0,105,0,1254,212
 48535,0,25308,1169,848,1904,2379,529,24772,24562,0,0,519,1365,0,2627,1288,640,1149,103,410,0,0,0,1246,24856,208,208,0,105,0,1254,212
 48540,0,25308,1169,848,1904,2379,529,24772,24567,0,0,519,1365,0,2627,1288,640,1149,103,410,0,0,0,1246,24856,208,208,0,105,0,1254,212
 48545,0,25308,1169,848,1904,2379,529,24772,24572,0,0,519,1365,0,2627,1288,640,1149,103,410,0,0,0,1246,24856,208,208,0,105,0,1254,212
 48550,0,25308,1169,848,1904,2379,529,24772,24577,0,0,519,1365,0,2627,1288,640,1149,103,410,0,0,0,1246,24856,208,208,0,105,0,1254,212
 48555,0,25308,1169,848,1904,2379,529,24772,24582,0,0,519,1365,0,2627,1288,640,1149,103,410,0,0,0,1246,24856,208,208,0,105,0,1254,212
 48560,0,25308,1169,848,1904,2379,529,24772,24587,0,0,519,1365,0,2627,1288,640,1149,103,410,0,0,0,1246,24856,208,208,0,105,0,1254,212
 48565,0,25308,1169,848,1904,2379,529,24772,24592,0,0,519,1365,0,2627,1288,640,1149,103,410,0,0,0,1246,24856,208,208,0,105,0,1254,212
 48570,0,25308,1169,848,1904,2379,529,24772,24597,0,0,519,1365,0,2627,1288,640,1149,103,410,0,0,0,1246,24856,208,208,0,105,0,1254,212
 48575,0,25308,1169,848,1904,2379,529,24771,24602,0,0,519,1365,0,2627,1288,640,1149,103,410,0,0,0,1246,24856,208,208,0,105,0,1254,212
 48580,0,25308,1169,848,1904,2379,529,24776,24607,0,0,519,1365,0,2627,1288,640,1149,103,410,0,0,0,1246,24856,208,208,0,105,0,1254,212
 48585,0,25310,1169,848,1904,2379,529,24781,24612,0,0,519,1365,0,2627,1288,640,1149,103,410,0,0,0,1246,24859,208,208,0,105,0,1254,212
 48590,0,25315,1169,848,1904,2379,529,24786,24617,0,0,519,1365,0,2627,1288,640,1149,103,410,0,0,0,1246,24864,208,208,0,105,0,1254,212
 48595,0,25320,1169,848,1904,2379,529,24791,24622,0,0,519,1365,0,2627,1288,640,1149,103,410,0,0,0,1246,24869,208,208,0,105,0,1254,212
 48600,0,25325,1169,848,1904,2379,529,24796,24627,0,0,519,1365,0,2627,1288,640,1149,103,410,0,0,0,1246,24874,208,208,0,105,0,1254,212
 48605,0,25330,1169,848,1904,2379,529,24801,24632,0,0,519,1365,0,2627,1288,640,1149,103,410,0,0,0,1246,24879,208,208,0,105,0,1254,212
 48610,0,25335,1169,848,1904,2379,529,24806,24637,0,0,519,1365,0,2627,1288,640,1149,103,410,0,0,0,1246,24884,208,208,0,105,0,1254,212
 48615,0,25340,1169,848,1904,2379,529,24811,24642,0,0,519,1365,0,2627,1288,640,1149,103,410,0,0,0,1246,24889,208,208,0,105,0,1254,212
 48620,0,25345,1169,848,1904,2379,529,24816,24647,0,0,519,1365,0,2627,1288,640,1149,103,410,0,0,0,1246,24894,208,208,0,105,0,1254,212
 48625,0,25350,1169,848,1904,2379,529,24821,24650,0,0,519,1365,0,2627,1288,640,1149,103,410,0,0,0,1246,24899,208,208,0,105,0,1254,212
 48630,0,25355,1169,848,1904,2379,529,24826,24650,0,0,519,1365,0,2627,1288,640,1149,103,410,0,0,0,1246,24904,208,208,0,105,0,1254,212
 48635,0,25360,1169,848,1904,2379,529,24831,24650,0,0,519,1365,0,2627,1288,640,1149,103,410,0,0,0,1246,24909,208,208,0,105,0,1254,212
 48640,0,25365,1169,848,1904,2379,529,24836,24650,0,0,519,1365,0,2627,1288,640,1149,103,410,0,0,0,1246,24914,208,208,0,105,0,1254,212
 48645,0,25370,1169,848,1904,2379,529,24841,24650,0,0,519,1365,0,2627,1288,640,1149,103,410,0,0,0,1246,24919,208,208,0,105,0,1254,212
 48650,0,25375,1169,848,1904,2379,529,24846,24650,0,0,519,1365,0,2627,1288,640,1149,103,410,0,0,0,1246,24924,208,208,0,105,0,1254,212
 48655,0,25380,1169,848,1904,2379,529,24851,24650,0,0,519,1365,0,2627,1288,640,1149,103,410,0,0,0,1246,24929,208,208,0,105,0,1254,212
 48660,0,25385,1169,848,1904,2379,529,24856,24650,0,0,519,1365,0,2627,1288,640,1149,103,410,0,0,0,1246,24934,208,208,0,105,0,1254,212
 48665,0,25390,1169,848,1904,2379,529,24861,24650,0,0,519,1365,0,2627,1288,640,1149,103,410,0,0,0,1246,24939,208,208,0,105,0,1254,212
 48670,0,25395,1169,848,1904,2379,529,24866,24650,0,0,519,1365,0,2627,1288,640,1149,103,410,0,0,0,1246,24944,208,208,0,105,0,1254,212
 48675,0,25400,1169,848,1904,2379,529,24871,24650,0,0,519,1365,0,2627,1288,640,1149,103,410,0,0,0,1246,24949,208,208,0,105,0,1254,212
 48680,0,25405,1169,848,1904,2379,529,24875,24650,0,0,519,1365,0,2627,1288,640,1149,103,410,0,0,0,1246,24954,208,208,0,105,0,1254,212
 48685,0,25410,1169,848,1904,2379,529,24875,24652,0,0,519,1365,0,2627,1288,640,1149,103,410,0,0,0,1246,24959,208,208,0,105,0,1254,212
 48690,0,25413,1169,848,1904,2379,529,24875,24657,0,0,519,1365,0,2627,1288,640,1149,103,410,0,0,0,1246,24959,208,208,0,105,0,1254,212
 48695,0,25413,1169,848,1904,2379,529,24875,24662,0,0,519,1365,0,2627,1288,640,1149,103,410,0,0,0,1246,24959,208,208,0,105,0,1254,212
 48700,0,25413,1169,848,1904,2379,529,24875,24667,0,0,519,1365,0,2627,1288,640,1149,103,410,0,0,0,1246,24959,208,208,0,105,0,1254,212
 48705,0,25413,1169,848,1904,2379,529,24875,24672,0,0,519,1365,0,2627,1288,640,1149,103,410,0,0,0,1246,24959,208,208,0,105,0,1254,212
 48710,0,25413,1169,848,1904,2379,529,24875,24677,0,0,519,1365,0,2627,1288,640,1149,103,410,0,0,0,1246,24959,208,208,0,105,0,1254,212
 48715,0,25413,1169,848,1904,2379,529,24875,24682,0,0,519,1365,0,2627,1288,640,1149,103,410,0,0,0,1246,24959,208,208,0,105,0,1254,212
 48720,0,25413,1169,848,1904,2379,529,24875,24687,0,0,519,1365,0,2627,1288,640,1149,103,410,0,0,0,1246,24959,208,208,0,105,0,1254,212
 48725,0,25413,1169,848,1904,2379,529,24875,24692,0,0,519,1365,0,2627,1288,640,1149,103,410,0,0,0,1246,24959,208,208,0,105,0,1254,212
 48730,0,25413,1169,848,1904,2379,529,24875,24697,0,0,519,1365,0,2627,1288,640,1149,103,410,0,0,0,1246,24959,208,208,0,105,0,1254,212
 48735,0,25413,1169,848,1904,2379,529,24875,24702,0,0,519,1365,0,2627,1288,640,1149,103,410,0,0,0,1246,24959,208,208,0,105,0,1254,212
 48740,0,25413,1169,848,1904,2379,529,24875,24707,0,0,519,1365,0,2627,1288,640,1149,103,410,0,0,0,1246,24959,208,208,0,105,0,1254,212
 48745,0,25413,1169,848,1904,2379,529,24875,24712,0,0,519,1365,0,2627,1288,640,1149,103,410,0,0,0,1246,24959,208,208,0,105,0,1254,212
 48750,0,25413,1169,848,1904,2379,529,24875,24717,0,0,519,1365,0,2627,1288,640,1149,103,410,0,0,0,1246,24959,208,208,0,105,0,1254,212
 48755,0,25413,1169,848,1904,2379,529,24875,24722,0,0,519,1365,0,2627,1288,640,1149,103,410,0,0,0,1246,24959,208,208,0,105,0,1254,212
 48760,0,25413,1169,848,1904,2379,529,24878,24727,0,0,519,1365,0,2627,1288,640,1149,103,410,0,0,0,1246,24959,208,208,0,105,0,1254,212
 48765,0,25413,1169,848,1904,2379,529,24883,24732,0,0,519,1365,0,2627,1288,640,1149,103,410,0,0,0,1246,24959,208,208,0,105,0,1254,212
 48770,0,25413,1169,848,1904,2379,529,24888,24737,0,0,519,1365,0,2627,1288,640,1149,103,410,0,0,0,1246,24959,208,208,0,105,0,1254,212
 48775,0,25413,1169,848,1904,2379,529,24893,24742,0,0,519,1365,0,2627,1288,640,1149,103,410,0,0,0,1246,24959,208,208,0,105,0,1254,212
 48780,0,25413,1169,848,1904,2379,529,24898,24747,0,0,519,1365,0,2627,1288,640,1149,103,410,0,0,0,1246,24959,208,208,0,105,0,1254,212
 48785,0,25415,1169,848,1904,2379,529,24903,24753,0,0,519,1365,0,2627,1288,640,1149,103,410,0,0,0,1246,24958,208,208,0,105,0,1254,212
 48790,0,25420,1169,848,1904,2379,529,24908,24753,0,0,519,1365,0,2627,1288,640,1149,103,410,0,0,0,1246,24963,208,208,0,105,0,1254,212
 48795,0,25425,1169,848,1904,2379,529,24913,24753,0,0,519,1365,0,2627,1288,640,1149,103,410,0,0,0,1246,24968,208,208,0,105,0,1254,212
 48800,0,25430,1169,848,1904,2379,529,24918,24753,0,0,519,1365,0,2627,1288,640,1149,103,410,0,0,0,1246,24973,208,208,0,105,0,1254,212
 48805,0,25435,1169,848,1904,2379,529,24923,24753,0,0,519,1365,0,2627,1288,640,1149,103,410,0,0,0,1246,24978,208,208,0,105,0,1254,212
 48810,0,25440,1169,848,1904,2379,529,24928,24753,0,0,519,1365,0,2627,1288,640,1149,103,410,0,0,0,1246,24983,208,208,0,105,0,1254,212
 48815,0,25445,1169,848,1904,2379,529,24933,24753,0,0,519,1365,0,2627,1288,640,1149,103,410,0,0,0,1246,24988,208,208,0,105,0,1254,212
 48820,0,25450,1169,848,1904,2379,529,24938,24753,0,0,519,1365,0,2627,1288,640,1149,103,410,0,0,0,1246,24993,208,208,0,105,0,1254,212
 48825,0,25455,1169,848,1904,2379,529,24943,24753,0,0,519,1365,0,2627,1288,640,1149,103,410,0,0,0,1246,24998,208,208,0,105,0,1254,212
 48830,0,25460,1169,848,1904,2379,529,24948,24753,0,0,519,1365,0,2627,1288,640,1149,103,410,0,0,0,1246,25003,208,208,0,105,0,1254,212
 48835,0,25465,1169,848,1904,2379,529,24953,24753,0,0,519,1365,0,2627,1288,640,1149,103,410,0,0,0,1246,25008,208,208,0,105,0,1254,212
 48840,0,25470,1169,848,1904,2379,529,24958,24753,0,0,519,1365,0,2627,1288,640,1149,103,410,0,0,0,1246,25013,208,208,0,105,0,1254,212
 48845,0,25475,1169,848,1904,2379,529,24963,24753,0,0,519,1365,0,2627,1288,640,1149,103,410,0,0,0,1246,25018,208,208,0,105,0,1254,212
 48850,0,25480,1169,848,1904,2379,529,24968,24755,0,0,519,1365,0,2627,1288,640,1149,103,410,0,0,0,1246,25023,208,208,0,105,0,1254,212
 48855,0,25485,1169,848,1904,2379,529,24973,24760,0,0,519,1365,0,2627,1288,640,1149,103,410,0,0,0,1246,25028,208,208,0,105,0,1254,212
 48860,0,25490,1169,848,1904,2379,529,24978,24765,0,0,519,1365,0,2627,1288,640,1149,103,410,0,0,0,1246,25033,208,208,0,105,0,1254,212
 48865,0,25495,1169,848,1904,2379,529,24980,24770,0,0,519,1365,0,2627,1288,640,1149,103,410,0,0,0,1246,25038,208,208,0,105,0,1254,212
 48870,0,25500,1169,848,1904,2379,529,24980,24775,0,0,519,1365,0,2627,1288,640,1149,103,410,0,0,0,1246,25043,208,208,0,105,0,1254,212
 48875,0,25505,1169,848,1904,2379,529,24980,24780,0,0,519,1365,0,2627,1288,640,1149,103,410,0,0,0,1246,25048,208,208,0,105,0,1254,212
 48880,0,25510,1169,848,1904,2379,529,24980,24785,0,0,519,1365,0,2627,1288,640,1149,103,410,0,0,0,1246,25053,208,208,0,105,0,1254,212
 48885,0,25515,1169,848,1904,2379,529,24980,24790,0,0,519,1365,0,2627,1288,640,1149,103,410,0,0,0,1246,25058,208,208,0,105,0,1254,212
 48890,0,25518,1169,848,1904,2379,529,24980,24795,0,0,519,1365,0,2627,1288,640,1149,103,410,0,0,0,1246,25062,208,208,0,105,0,1254,212
 48895,0,25518,1169,848,1904,2379,529,24980,24800,0,0,519,1365,0,2627,1288,640,1149,103,410,0,0,0,1246,25062,208,208,0,105,0,1254,212
 48900,0,25518,1169,848,1904,2379,529,24980,24805,0,0,519,1365,0,2627,1288,640,1149,103,410,0,0,0,1246,25062,208,208,0,105,0,1254,212
 48905,0,25518,1169,848,1904,2379,529,24980,24810,0,0,519,1365,0,2627,1288,640,1149,103,410,0,0,0,1246,25062,208,208,0,105,0,1254,212
 48910,0,25518,1169,848,1904,2379,529,24980,24815,0,0,519,1365,0,2627,1288,640,1149,103,410,0,0,0,1246,25062,208,208,0,105,0,1254,212
 48915,0,25518,1169,848,1904,2379,529,24980,24820,0,0,519,1365,0,2627,1288,640,1149,103,410,0,0,0,1246,25062,208,208,0,105,0,1254,212
 48920,0,25518,1169,848,1904,2379,529,24980,24825,0,0,519,1365,0,2627,1288,640,1149,103,410,0,0,0,1246,25062,208,208,0,105,0,1254,212
 48925,0,25518,1169,848,1904,2379,529,24980,24830,0,0,519,1365,0,2627,1288,640,1149,103,410,0,0,0,1246,25062,208,208,0,105,0,1254,212
 48930,0,25518,1169,848,1904,2379,529,24980,24835,0,0,519,1365,0,2627,1288,640,1149,103,410,0,0,0,1246,25062,208,208,0,105,0,1254,212
 48935,0,25518,1169,848,1904,2379,529,24980,24840,0,0,519,1365,0,2627,1288,640,1149,103,410,0,0,0,1246,25062,208,208,0,105,0,1254,212
 48940,0,25518,1169,848,1904,2379,529,24980,24845,0,0,519,1365,0,2627,1288,640,1149,103,410,0,0,0,1246,25062,208,208,0,105,0,1254,212
 48945,0,25518,1169,848,1904,2379,529,24980,24850,0,0,519,1365,0,2627,1288,640,1149,103,410,0,0,0,1246,25062,208,208,0,105,0,1254,212
 48950,0,25518,1169,848,1904,2379,529,24980,24855,0,0,519,1365,0,2627,1288,640,1149,103,410,0,0,0,1246,25062,208,208,0,105,0,1254,212
 48955,0,25518,1169,848,1904,2379,529,24980,24858,0,0,519,1365,0,2627,1288,640,1149,103,410,0,0,0,1246,25062,208,208,0,105,0,1254,212
 48960,0,25518,1169,848,1904,2379,529,24985,24858,0,0,519,1365,0,2627,1288,640,1149,103,410,0,0,0,1246,25062,208,208,0,105,0,1254,212
 48965,0,25518,1169,848,1904,2379,529,24990,24858,0,0,519,1365,0,2627,1288,640,1149,103,410,0,0,0,1246,25065,208,208,0,105,0,1254,212
 48970,0,25518,1169,848,1904,2379,529,24995,24858,0,0,519,1365,0,2627,1288,640,1149,103,410,0,0,0,1246,25070,208,208,0,105,0,1254,212
 48975,0,25518,1169,848,1904,2379,529,25000,24858,0,0,519,1365,0,2627,1288,640,1149,103,410,0,0,0,1246,25075,208,208,0,105,0,1254,212
 48980,0,25518,1169,848,1904,2379,529,25005,24858,0,0,519,1365,0,2627,1288,640,1149,103,410,0,0,0,1246,25080,208,208,0,105,0,1254,212
 48985,0,25518,1169,848,1904,2379,529,25010,24858,0,0,519,1365,0,2627,1288,640,1149,103,410,0,0,0,1246,25085,208,208,0,105,0,1254,212
 48990,0,25518,1169,848,1904,2379,529,25015,24858,0,0,519,1365,0,2627,1288,640,1149,103,410,0,0,0,1246,25090,208,208,0,105,0,1254,212
 48995,0,25518,1169,848,1904,2379,529,25020,24858,0,0,519,1365,0,2627,1288,640,1149,103,410,0,0,0,1246,25095,208,208,0,105,0,1254,212
 49000,0,25518,1169,848,1904,2379,529,25025,24858,0,0,519,1365,0,2627,1288,640,1149,103,410,0,0,0,1246,25100,208,208,0,105,0,1254,212
 49005,0,25518,1169,848,1904,2379,529,25030,24858,0,0,519,1365,0,2627,1288,640,1149,103,410,0,0,0,1246,25105,208,208,0,105,0,1254,212
 49010,0,25518,1169,848,1904,2379,529,25035,24858,0,0,519,1365,0,2627,1288,640,1149,103,410,0,0,0,1246,25110,208,208,0,105,0,1254,212
 49015,0,25518,1169,848,1904,2379,529,25040,24858,0,0,519,1365,0,2627,1288,640,1149,103,410,0,0,0,1246,25115,208,208,0,105,0,1254,212
 49020,0,25520,1169,848,1904,2379,529,25045,24863,0,0,519,1365,0,2627,1288,640,1149,103,410,0,0,0,1246,25120,208,208,0,105,0,1254,212
 49025,0,25525,1169,848,1904,2379,529,25050,24868,0,0,519,1365,0,2627,1288,640,1149,103,410,0,0,0,1246,25125,208,208,0,105,0,1254,212
 49030,0,25530,1169,848,1904,2379,529,25055,24873,0,0,519,1365,0,2627,1288,640,1149,103,410,0,0,0,1246,25130,208,208,0,105,0,1254,212
 49035,0,25535,1169,848,1904,2379,529,25060,24878,0,0,519,1365,0,2627,1288,640,1149,103,410,0,0,0,1246,25135,208,208,0,105,0,1254,212
 49040,0,25540,1169,848,1904,2379,529,25065,24883,0,0,519,1365,0,2627,1288,640,1149,103,410,0,0,0,1246,25140,208,208,0,105,0,1254,212
 49045,0,25545,1169,848,1904,2379,529,25070,24888,0,0,519,1365,0,2627,1288,640,1149,103,410,0,0,0,1246,25145,208,208,0,105,0,1254,212
 49050,0,25550,1169,848,1904,2379,529,25075,24893,0,0,519,1365,0,2627,1288,640,1149,103,410,0,0,0,1246,25150,208,208,0,105,0,1254,212
 49055,0,25555,1169,848,1904,2379,529,25080,24898,0,0,519,1365,0,2627,1288,640,1149,103,410,0,0,0,1246,25155,208,208,0,105,0,1254,212
 49060,0,25560,1169,848,1904,2379,529,25083,24903,0,0,519,1365,0,2627,1288,640,1149,103,410,0,0,0,1246,25160,208,208,0,105,0,1254,212
 49065,0,25565,1169,848,1904,2379,529,25083,24908,0,0,519,1365,0,2627,1288,640,1149,103,410,0,0,0,1246,25165,208,208,0,105,0,1254,212
 49070,0,25570,1169,848,1904,2379,529,25083,24913,0,0,519,1365,0,2627,1288,640,1149,103,410,0,0,0,1246,25165,208,208,0,105,0,1254,212
 49075,0,25575,1169,848,1904,2379,529,25083,24918,0,0,519,1365,0,2627,1288,640,1149,103,410,0,0,0,1246,25165,208,208,0,105,0,1254,212
 49080,0,25580,1169,848,1904,2379,529,25083,24923,0,0,519,1365,0,2627,1288,640,1149,103,410,0,0,0,1246,25165,208,208,0,105,0,1254,212
 49085,0,25585,1169,848,1904,2379,529,25083,24928,0,0,519,1365,0,2627,1288,640,1149,103,410,0,0,0,1246,25165,208,208,0,105,0,1254,212
 49090,0,25590,1169,848,1904,2379,529,25083,24933,0,0,519,1365,0,2627,1288,640,1149,103,410,0,0,0,1246,25165,208,208,0,105,0,1254,212
 49095,0,25595,1169,848,1904,2379,529,25083,24938,0,0,519,1365,0,2627,1288,640,1149,103,410,0,0,0,1246,25165,208,208,0,105,0,1254,212
 49100,0,25600,1169,848,1904,2379,529,25083,24943,0,0,519,1365,0,2627,1288,640,1149,103,410,0,0,0,1246,25165,208,208,0,105,0,1254,212
 49105,0,25605,1169,848,1904,2379,529,25083,24948,0,0,519,1365,0,2627,1288,640,1149,103,410,0,0,0,1246,25165,208,208,0,105,0,1254,212
 49110,0,25610,1169,848,1904,2379,529,25083,24953,0,0,519,1365,0,2627,1288,640,1149,103,410,0,0,0,1246,25165,208,208,0,105,0,1254,212
 49115,0,25615,1169,848,1904,2379,529,25083,24959,0,0,519,1365,0,2627,1288,640,1149,103,410,0,0,0,1246,25165,208,208,0,105,0,1254,212
 49120,0,25621,1169,848,1904,2379,529,25083,24959,0,0,519,1365,0,2627,1288,640,1149,103,410,0,0,0,1246,25165,208,208,0,105,0,1254,212
 49125,0,25621,1169,848,1904,2379,529,25083,24959,0,0,519,1365,0,2627,1288,640,1149,103,410,0,0,0,1246,25165,208,208,0,105,0,1254,212
 49130,0,25621,1169,848,1904,2379,529,25083,24959,0,0,519,1365,0,2627,1288,640,1149,103,410,0,0,0,1246,25165,208,208,0,105,0,1254,212
 49135,0,25621,1169,848,1904,2379,529,25083,24959,0,0,519,1365,0,2627,1288,640,1149,103,410,0,0,0,1246,25165,208,208,0,105,0,1254,212
 49140,0,25621,1169,848,1904,2379,529,25083,24959,0,0,519,1365,0,2627,1288,640,1149,103,410,0,0,0,1246,25165,208,208,0,105,0,1254,212
 49145,0,25621,1169,848,1904,2379,529,25083,24959,0,0,519,1365,0,2627,1288,640,1149,103,410,0,0,0,1246,25165,208,208,0,105,0,1254,212
 49150,0,25621,1169,848,1904,2379,529,25083,24959,0,0,519,1365,0,2627,1288,640,1149,103,410,0,0,0,1246,25165,208,208,0,105,0,1254,212
 49155,0,25621,1169,848,1904,2379,529,25083,24959,0,0,519,1365,0,2627,1288,640,1149,103,410,0,0,0,1246,25165,208,208,0,105,0,1254,212
 49160,0,25621,1169,848,1904,2379,529,25083,24959,0,0,519,1365,0,2627,1288,640,1149,103,410,0,0,0,1246,25165,208,208,0,105,0,1254,212
 49165,0,25621,1169,848,1904,2379,529,25083,24959,0,0,519,1365,0,2627,1288,640,1149,103,410,0,0,0,1246,25165,208,208,0,105,0,1254,212
 49170,0,25621,1169,848,1904,2379,529,25083,24959,0,0,519,1365,0,2627,1288,640,1149,103,410,0,0,0,1246,25165,208,208,0,105,0,1254,212
 49175,0,25621,1169,848,1904,2379,529,25083,24959,0,0,519,1365,0,2627,1288,640,1149,103,410,0,0,0,1246,25165,208,208,0,105,0,1254,212
 49180,0,25621,1169,848,1904,2379,529,25083,24959,0,0,519,1365,0,2627,1288,640,1149,103,410,0,0,0,1246,25165,208,208,0,105,0,1254,212
 49185,0,25621,1169,848,1904,2379,529,25083,24959,0,0,519,1365,0,2627,1288,640,1149,103,410,0,0,0,1246,25165,208,208,0,105,0,1254,212
 49190,0,25621,1169,848,1904,2379,529,25083,24959,0,0,519,1365,0,2627,1288,640,1149,103,410,0,0,0,1246,25165,208,208,0,105,0,1254,212
 49195,0,25621,1169,848,1904,2379,529,25083,24959,0,0,519,1365,0,2627,1288,640,1149,103,410,0,0,0,1246,25165,208,208,0,105,0,1254,212
 49200,0,25621,1169,848,1904,2379,529,25083,24961,0,0,519,1365,0,2627,1288,640,1149,103,410,0,0,0,1246,25165,208,208,0,105,0,1254,212
 49205,0,25621,1169,848,1904,2379,529,25083,24966,0,0,519,1365,0,2627,1288,640,1149,103,410,0,0,0,1246,25165,208,208,0,105,0,1254,212
 49210,0,25621,1169,848,1904,2379,529,25083,24971,0,0,519,1365,0,2627,1288,640,1149,103,410,0,0,0,1246,25165,208,208,0,105,0,1254,212
 49215,0,25621,1169,848,1904,2379,529,25083,24976,0,0,519,1365,0,2627,1288,640,1149,103,410,0,0,0,1246,25165,208,208,0,105,0,1254,212
 49220,0,25621,1169,848,1904,2379,529,25083,24981,0,0,519,1365,0,2627,1288,640,1149,103,410,0,0,0,1246,25170,208,208,0,105,0,1254,212
 49225,0,25620,1169,848,1904,2379,529,25083,24986,0,0,519,1365,0,2627,1288,640,1149,103,410,0,0,0,1246,25175,208,208,0,105,0,1254,212
 49230,0,25625,1169,848,1904,2379,529,25083,24991,0,0,519,1365,0,2627,1288,640,1149,103,410,0,0,0,1246,25180,208,208,0,105,0,1254,212
 49235,0,25630,1169,848,1904,2379,529,25084,24996,0,0,519,1365,0,2627,1288,640,1149,103,410,0,0,0,1246,25185,208,208,0,105,0,1254,212
 49240,0,25635,1169,848,1904,2379,529,25089,25001,0,0,519,1365,0,2627,1288,640,1149,103,410,0,0,0,1246,25190,208,208,0,105,0,1254,212
 49245,0,25640,1169,848,1904,2379,529,25094,25006,0,0,519,1365,0,2627,1288,640,1149,103,410,0,0,0,1246,25195,208,208,0,105,0,1254,212
 49250,0,25645,1169,848,1904,2379,529,25099,25011,0,0,519,1365,0,2627,1288,640,1149,103,410,0,0,0,1246,25200,208,208,0,105,0,1254,212
 49255,0,25650,1169,848,1904,2379,529,25104,25016,0,0,519,1365,0,2627,1288,640,1149,103,410,0,0,0,1246,25205,208,208,0,105,0,1254,212
 49260,0,25655,1169,848,1904,2379,529,25109,25021,0,0,519,1365,0,2627,1288,640,1149,103,410,0,0,0,1246,25210,208,208,0,105,0,1254,212
 49265,0,25660,1169,848,1904,2379,529,25114,25026,0,0,519,1365,0,2627,1288,640,1149,103,410,0,0,0,1246,25215,208,208,0,105,0,1254,212
 49270,0,25665,1169,848,1904,2379,529,25119,25031,0,0,519,1365,0,2627,1288,640,1149,103,410,0,0,0,1246,25220,208,208,0,105,0,1254,212
 49275,0,25670,1169,848,1904,2379,529,25124,25036,0,0,519,1365,0,2627,1288,640,1149,103,410,0,0,0,1246,25225,208,208,0,105,0,1254,212
 49280,0,25675,1169,848,1904,2379,529,25129,25041,0,0,519,1365,0,2627,1288,640,1149,103,410,0,0,0,1246,25230,208,208,0,105,0,1254,212
 49285,0,25680,1169,848,1904,2379,529,25134,25046,0,0,519,1365,0,2627,1288,640,1149,103,410,0,0,0,1246,25235,208,208,0,105,0,1254,212
 49290,0,25685,1169,848,1904,2379,529,25139,25051,0,0,519,1365,0,2627,1288,640,1149,103,410,0,0,0,1246,25240,208,208,0,105,0,1254,212
 49295,0,25690,1169,848,1904,2379,529,25144,25056,0,0,519,1365,0,2627,1288,640,1149,103,410,0,0,0,1246,25245,208,208,0,105,0,1254,212
 49300,0,25695,1169,848,1904,2379,529,25149,25061,0,0,519,1365,0,2627,1288,640,1149,103,410,0,0,0,1246,25250,208,208,0,105,0,1254,212
 49305,0,25700,1169,848,1904,2379,529,25154,25064,0,0,519,1365,0,2627,1288,640,1149,103,410,0,0,0,1246,25255,208,208,0,105,0,1254,212
 49310,0,25705,1169,848,1904,2379,529,25159,25064,0,0,519,1365,0,2627,1288,640,1149,103,410,0,0,0,1246,25260,208,208,0,105,0,1254,212
 49315,0,25710,1169,848,1904,2379,529,25164,25064,0,0,519,1365,0,2627,1288,640,1149,103,410,0,0,0,1246,25265,208,208,0,105,0,1254,212
 49320,0,25715,1169,848,1904,2379,529,25169,25064,0,0,519,1365,0,2627,1288,640,1149,103,410,0,0,0,1246,25268,208,208,0,105,0,1254,212
 49325,0,25720,1169,848,1904,2379,529,25174,25064,0,0,519,1365,0,2627,1288,640,1149,103,410,0,0,0,1246,25268,208,208,0,105,0,1254,212
 49330,0,25722,1169,848,1904,2379,529,25179,25064,0,0,519,1365,0,2627,1288,640,1149,103,410,0,0,0,1246,25268,208,208,0,105,0,1254,212
 49335,0,25722,1169,848,1904,2379,529,25184,25064,0,0,519,1365,0,2627,1288,640,1149,103,410,0,0,0,1246,25268,208,208,0,105,0,1254,212
 49340,0,25722,1169,848,1904,2379,529,25188,25064,0,0,519,1365,0,2627,1288,640,1149,103,410,0,0,0,1246,25268,208,208,0,105,0,1254,212
 49345,0,25722,1169,848,1904,2379,529,25188,25064,0,0,519,1365,0,2627,1288,640,1149,103,410,0,0,0,1246,25268,208,208,0,105,0,1254,212
 49350,0,25722,1169,848,1904,2379,529,25188,25064,0,0,519,1365,0,2627,1288,640,1149,103,410,0,0,0,1246,25268,208,208,0,105,0,1254,212
 49355,0,25722,1169,848,1904,2379,529,25188,25064,0,0,519,1365,0,2627,1288,640,1149,103,410,0,0,0,1246,25268,208,208,0,105,0,1254,212
 49360,0,25722,1169,848,1904,2379,529,25188,25064,0,0,519,1365,0,2627,1288,640,1149,103,410,0,0,0,1246,25268,208,208,0,105,0,1254,212
 49365,0,25722,1169,848,1904,2379,529,25188,25064,0,0,519,1365,0,2627,1288,640,1149,103,410,0,0,0,1246,25268,208,208,0,105,0,1254,212
 49370,0,25722,1169,848,1904,2379,529,25188,25064,0,0,519,1365,0,2627,1288,640,1149,103,410,0,0,0,1246,25268,208,208,0,105,0,1254,212
 49375,0,25722,1169,848,1904,2379,529,25188,25064,0,0,519,1365,0,2627,1288,640,1149,103,410,0,0,0,1246,25268,208,208,0,105,0,1254,212
 49380,0,25722,1169,848,1904,2379,529,25188,25064,0,0,519,1365,0,2627,1288,640,1149,103,410,0,0,0,1246,25268,208,208,0,105,0,1254,212
 49385,0,25722,1169,848,1904,2379,529,25188,25064,0,0,519,1365,0,2627,1288,640,1149,103,410,0,0,0,1246,25268,208,208,0,105,0,1254,212
 49390,0,25722,1169,848,1904,2379,529,25188,25064,0,0,519,1365,0,2627,1288,640,1149,103,410,0,0,0,1246,25268,208,208,0,105,0,1254,212
 49395,0,25722,1169,848,1904,2379,529,25188,25064,0,0,519,1365,0,2627,1288,640,1149,103,410,0,0,0,1246,25268,208,208,0,105,0,1254,212
 49400,0,25722,1169,848,1904,2379,529,25188,25064,0,0,519,1365,0,2627,1288,640,1149,103,410,0,0,0,1246,25268,208,208,0,105,0,1254,212
 49405,0,25722,1169,848,1904,2379,529,25188,25064,0,0,519,1365,0,2627,1288,640,1149,103,410,0,0,0,1246,25268,208,208,0,105,0,1254,212
 49410,0,25722,1169,848,1904,2379,529,25188,25064,0,0,519,1365,0,2627,1288,640,1149,103,410,0,0,0,1246,25268,208,208,0,105,0,1254,212
 49415,0,25724,1169,848,1904,2379,529,25188,25064,0,0,519,1365,0,2627,1288,640,1149,103,410,0,0,0,1246,25268,208,208,0,105,0,1254,212
 49420,0,25729,1169,848,1904,2379,529,25188,25067,0,0,519,1365,0,2627,1288,640,1149,103,410,0,0,0,1246,25268,208,208,0,105,0,1254,212
 49425,0,25734,1169,848,1904,2379,529,25188,25072,0,0,519,1365,0,2627,1288,640,1149,103,410,0,0,0,1246,25267,208,208,0,105,0,1254,212
 49430,0,25739,1169,848,1904,2379,529,25188,25077,0,0,519,1365,0,2627,1288,640,1149,103,410,0,0,0,1246,25272,208,208,0,105,0,1254,212
 49435,0,25744,1169,848,1904,2379,529,25188,25082,0,0,519,1365,0,2627,1288,640,1149,103,410,0,0,0,1246,25277,208,208,0,105,0,1254,212
 49440,0,25749,1169,848,1904,2379,529,25188,25087,0,0,519,1365,0,2627,1288,640,1149,103,410,0,0,0,1246,25282,208,208,0,105,0,1254,212
 49445,0,25754,1169,848,1904,2379,529,25188,25092,0,0,519,1365,0,2627,1288,640,1149,103,410,0,0,0,1246,25287,208,208,0,105,0,1254,212
 49450,0,25759,1169,848,1904,2379,529,25188,25097,0,0,519,1365,0,2627,1288,640,1149,103,410,0,0,0,1246,25292,208,208,0,105,0,1254,212
 49455,0,25764,1169,848,1904,2379,529,25188,25102,0,0,519,1365,0,2627,1288,640,1149,103,410,0,0,0,1246,25297,208,208,0,105,0,1254,212
 49460,0,25769,1169,848,1904,2379,529,25188,25107,0,0,519,1365,0,2627,1288,640,1149,103,410,0,0,0,1246,25302,208,208,0,105,0,1254,212
 49465,0,25774,1169,848,1904,2379,529,25188,25112,0,0,519,1365,0,2627,1288,640,1149,103,410,0,0,0,1246,25307,208,208,0,105,0,1254,212
 49470,0,25779,1169,848,1904,2379,529,25188,25117,0,0,519,1365,0,2627,1288,640,1149,103,410,0,0,0,1246,25312,208,208,0,105,0,1254,212
 49475,0,25784,1169,848,1904,2379,529,25188,25122,0,0,519,1365,0,2627,1288,640,1149,103,410,0,0,0,1246,25317,208,208,0,105,0,1254,212
 49480,0,25789,1169,848,1904,2379,529,25188,25127,0,0,519,1365,0,2627,1288,640,1149,103,410,0,0,0,1246,25322,208,208,0,105,0,1254,212
 49485,0,25794,1169,848,1904,2379,529,25188,25132,0,0,519,1365,0,2627,1288,640,1149,103,410,0,0,0,1246,25327,208,208,0,105,0,1254,212
 49490,0,25799,1169,848,1904,2379,529,25193,25137,0,0,519,1365,0,2627,1288,640,1149,103,410,0,0,0,1246,25332,208,208,0,105,0,1254,212
 49495,0,25804,1169,848,1904,2379,529,25198,25142,0,0,519,1365,0,2627,1288,640,1149,103,410,0,0,0,1246,25337,208,208,0,105,0,1254,212
 49500,0,25809,1169,848,1904,2379,529,25203,25147,0,0,519,1365,0,2627,1288,640,1149,103,410,0,0,0,1246,25342,208,208,0,105,0,1254,212
 49505,0,25814,1169,848,1904,2379,529,25208,25152,0,0,519,1365,0,2627,1288,640,1149,103,410,0,0,0,1246,25347,208,208,0,105,0,1254,212
 49510,0,25819,1169,848,1904,2379,529,25213,25157,0,0,519,1365,0,2627,1288,640,1149,103,410,0,0,0,1246,25352,208,208,0,105,0,1254,212
 49515,0,25825,1169,848,1904,2379,529,25218,25162,0,0,519,1365,0,2627,1288,640,1149,103,410,0,0,0,1246,25357,208,208,0,105,0,1254,212
 49520,0,25825,1169,848,1904,2379,529,25223,25167,0,0,519,1365,0,2627,1288,640,1149,103,410,0,0,0,1246,25362,208,208,0,105,0,1254,212
 49525,0,25825,1169,848,1904,2379,529,25228,25169,0,0,519,1365,0,2627,1288,640,1149,103,410,0,0,0,1246,25367,208,208,0,105,0,1254,212
 49530,0,25825,1169,848,1904,2379,529,25233,25169,0,0,519,1365,0,2627,1288,640,1149,103,410,0,0,0,1246,25371,208,208,0,105,0,1254,212
 49535,0,25825,1169,848,1904,2379,529,25238,25169,0,0,519,1365,0,2627,1288,640,1149,103,410,0,0,0,1246,25371,208,208,0,105,0,1254,212
 49540,0,25825,1169,848,1904,2379,529,25243,25169,0,0,519,1365,0,2627,1288,640,1149,103,410,0,0,0,1246,25371,208,208,0,105,0,1254,212
 49545,0,25825,1169,848,1904,2379,529,25248,25169,0,0,519,1365,0,2627,1288,640,1149,103,410,0,0,0,1246,25371,208,208,0,105,0,1254,212
 49550,0,25825,1169,848,1904,2379,529,25253,25169,0,0,519,1365,0,2627,1288,640,1149,103,410,0,0,0,1246,25371,208,208,0,105,0,1254,212
 49555,0,25825,1169,848,1904,2379,529,25258,25169,0,0,519,1365,0,2627,1288,640,1149,103,410,0,0,0,1246,25371,208,208,0,105,0,1254,212
 49560,0,25825,1169,848,1904,2379,529,25263,25169,0,0,519,1365,0,2627,1288,640,1149,103,410,0,0,0,1246,25371,208,208,0,105,0,1254,212
 49565,0,25825,1169,848,1904,2379,529,25268,25169,0,0,519,1365,0,2627,1288,640,1149,103,410,0,0,0,1246,25371,208,208,0,105,0,1254,212
 49570,0,25825,1169,848,1904,2379,529,25273,25169,0,0,519,1365,0,2627,1288,640,1149,103,410,0,0,0,1246,25371,208,208,0,105,0,1254,212
 49575,0,25825,1169,848,1904,2379,529,25278,25169,0,0,519,1365,0,2627,1288,640,1149,103,410,0,0,0,1246,25371,208,208,0,105,0,1254,212
 49580,0,25825,1169,848,1904,2379,529,25283,25169,0,0,519,1365,0,2627,1288,640,1149,103,410,0,0,0,1246,25371,208,208,0,105,0,1254,212
 49585,0,25825,1169,848,1904,2379,529,25288,25169,0,0,519,1365,0,2627,1288,640,1149,103,410,0,0,0,1246,25371,208,208,0,105,0,1254,212
 49590,0,25825,1169,848,1904,2379,529,25291,25169,0,0,519,1365,0,2627,1288,640,1149,103,410,0,0,0,1246,25371,208,208,0,105,0,1254,212
 49595,0,25825,1169,848,1904,2379,529,25291,25169,0,0,519,1365,0,2627,1288,640,1149,103,410,0,0,0,1246,25371,208,208,0,105,0,1254,212
 49600,0,25825,1169,848,1904,2379,529,25291,25169,0,0,519,1365,0,2627,1288,640,1149,103,410,0,0,0,1246,25371,208,208,0,105,0,1254,212
 49605,0,25827,1169,848,1904,2379,529,25291,25169,0,0,519,1365,0,2627,1288,640,1149,103,410,0,0,0,1246,25370,208,208,0,105,0,1254,212
 49610,0,25832,1169,848,1904,2379,529,25291,25169,0,0,519,1365,0,2627,1288,640,1149,103,410,0,0,0,1246,25375,208,208,0,105,0,1254,212
 49615,0,25837,1169,848,1904,2379,529,25291,25171,0,0,519,1365,0,2627,1288,640,1149,103,410,0,0,0,1246,25380,208,208,0,105,0,1254,212
 49620,0,25842,1169,848,1904,2379,529,25291,25176,0,0,519,1365,0,2627,1288,640,1149,103,410,0,0,0,1246,25385,208,208,0,105,0,1254,212
 49625,0,25847,1169,848,1904,2379,529,25291,25181,0,0,519,1365,0,2627,1288,640,1149,103,410,0,0,0,1246,25390,208,208,0,105,0,1254,212
 49630,0,25852,1169,848,1904,2379,529,25291,25186,0,0,519,1365,0,2627,1288,640,1149,103,410,0,0,0,1246,25395,208,208,0,105,0,1254,212
 49635,0,25857,1169,848,1904,2379,529,25291,25191,0,0,519,1365,0,2627,1288,640,1149,103,410,0,0,0,1246,25400,208,208,0,105,0,1254,212
 49640,0,25862,1169,848,1904,2379,529,25292,25196,0,0,519,1365,0,2627,1288,640,1149,103,410,0,0,0,1246,25405,208,208,0,105,0,1254,212
 49645,0,25867,1169,848,1904,2379,529,25297,25201,0,0,519,1365,0,2627,1288,640,1149,103,410,0,0,0,1246,25410,208,208,0,105,0,1254,212
 49650,0,25872,1169,848,1904,2379,529,25302,25206,0,0,519,1365,0,2627,1288,640,1149,103,410,0,0,0,1246,25415,208,208,0,105,0,1254,212
 49655,0,25877,1169,848,1904,2379,529,25307,25211,0,0,519,1365,0,2627,1288,640,1149,103,410,0,0,0,1246,25420,208,208,0,105,0,1254,212
 49660,0,25882,1169,848,1904,2379,529,25312,25216,0,0,519,1365,0,2627,1288,640,1149,103,410,0,0,0,1246,25425,208,208,0,105,0,1254,212
 49665,0,25887,1169,848,1904,2379,529,25317,25221,0,0,519,1365,0,2627,1288,640,1149,103,410,0,0,0,1246,25430,208,208,0,105,0,1254,212
 49670,0,25892,1169,848,1904,2379,529,25322,25226,0,0,519,1365,0,2627,1288,640,1149,103,410,0,0,0,1246,25435,208,208,0,105,0,1254,212
 49675,0,25897,1169,848,1904,2379,529,25327,25231,0,0,519,1365,0,2627,1288,640,1149,103,410,0,0,0,1246,25440,208,208,0,105,0,1254,212
 49680,0,25902,1169,848,1904,2379,529,25332,25236,0,0,519,1365,0,2627,1288,640,1149,103,410,0,0,0,1246,25445,208,208,0,105,0,1254,212
 49685,0,25907,1169,848,1904,2379,529,25337,25241,0,0,519,1365,0,2627,1288,640,1149,103,410,0,0,0,1246,25450,208,208,0,105,0,1254,212
 49690,0,25912,1169,848,1904,2379,529,25342,25246,0,0,519,1365,0,2627,1288,640,1149,103,410,0,0,0,1246,25455,208,208,0,105,0,1254,212
 49695,0,25917,1169,848,1904,2379,529,25347,25251,0,0,519,1365,0,2627,1288,640,1149,103,410,0,0,0,1246,25460,208,208,0,105,0,1254,212
 49700,0,25922,1169,848,1904,2379,529,25352,25256,0,0,519,1365,0,2627,1288,640,1149,103,410,0,0,0,1246,25465,208,208,0,105,0,1254,212
 49705,0,25928,1169,848,1904,2379,529,25357,25261,0,0,519,1365,0,2627,1288,640,1149,103,410,0,0,0,1246,25470,208,208,0,105,0,1254,212
 49710,0,25928,1169,848,1904,2379,529,25362,25266,0,0,519,1365,0,2627,1288,640,1149,103,410,0,0,0,1246,25476,208,208,0,105,0,1254,212
 49715,0,25928,1169,848,1904,2379,529,25367,25271,0,0,519,1365,0,2627,1288,640,1149,103,410,0,0,0,1246,25476,208,208,0,105,0,1254,212
 49720,0,25928,1169,848,1904,2379,529,25372,25274,0,0,519,1365,0,2627,1288,640,1149,103,410,0,0,0,1246,25476,208,208,0,105,0,1254,212
 49725,0,25928,1169,848,1904,2379,529,25377,25274,0,0,519,1365,0,2627,1288,640,1149,103,410,0,0,0,1246,25476,208,208,0,105,0,1254,212
 49730,0,25928,1169,848,1904,2379,529,25382,25274,0,0,519,1365,0,2627,1288,640,1149,103,410,0,0,0,1246,25476,208,208,0,105,0,1254,212
 49735,0,25928,1169,848,1904,2379,529,25387,25274,0,0,519,1365,0,2627,1288,640,1149,103,410,0,0,0,1246,25476,208,208,0,105,0,1254,212
 49740,0,25928,1169,848,1904,2379,529,25392,25274,0,0,519,1365,0,2627,1288,640,1149,103,410,0,0,0,1246,25476,208,208,0,105,0,1254,212
 49745,0,25928,1169,848,1904,2379,529,25396,25274,0,0,519,1365,0,2627,1288,640,1149,103,410,0,0,0,1246,25476,208,208,0,105,0,1254,212
 49750,0,25928,1169,848,1904,2379,529,25396,25274,0,0,519,1365,0,2627,1288,640,1149,103,410,0,0,0,1246,25476,208,208,0,105,0,1254,212
 49755,0,25928,1169,848,1904,2379,529,25396,25274,0,0,519,1365,0,2627,1288,640,1149,103,410,0,0,0,1246,25476,208,208,0,105,0,1254,212
 49760,0,25928,1169,848,1904,2379,529,25396,25274,0,0,519,1365,0,2627,1288,640,1149,103,410,0,0,0,1246,25476,208,208,0,105,0,1254,212
 49765,0,25928,1169,848,1904,2379,529,25396,25274,0,0,519,1365,0,2627,1288,640,1149,103,410,0,0,0,1246,25476,208,208,0,105,0,1254,212
 49770,0,25928,1169,848,1904,2379,529,25396,25274,0,0,519,1365,0,2627,1288,640,1149,103,410,0,0,0,1246,25476,208,208,0,105,0,1254,212
 49775,0,25928,1169,848,1904,2379,529,25396,25274,0,0,519,1365,0,2627,1288,640,1149,103,410,0,0,0,1246,25476,208,208,0,105,0,1254,212
 49780,0,25928,1169,848,1904,2379,529,25396,25274,0,0,519,1365,0,2627,1288,640,1149,103,410,0,0,0,1246,25476,208,208,0,105,0,1254,212
 49785,0,25928,1169,848,1904,2379,529,25396,25274,0,0,519,1365,0,2627,1288,640,1149,103,410,0,0,0,1246,25476,208,208,0,105,0,1254,212
 49790,0,25928,1169,848,1904,2379,529,25396,25274,0,0,519,1365,0,2627,1288,640,1149,103,410,0,0,0,1246,25476,208,208,0,105,0,1254,212
 49795,0,25928,1169,848,1904,2379,529,25396,25274,0,0,519,1365,0,2627,1288,640,1149,103,410,0,0,0,1246,25476,208,208,0,105,0,1254,212
 49800,0,25928,1169,848,1904,2379,529,25396,25274,0,0,519,1365,0,2627,1288,640,1149,103,410,0,0,0,1246,25476,208,208,0,105,0,1254,212
 49805,0,25928,1169,848,1904,2379,529,25396,25274,0,0,519,1365,0,2627,1288,640,1149,103,410,0,0,0,1246,25476,208,208,0,105,0,1254,212
 49810,0,25928,1169,848,1904,2379,529,25396,25274,0,0,519,1365,0,2627,1288,640,1149,103,410,0,0,0,1246,25476,208,208,0,105,0,1254,212
 49815,0,25928,1169,848,1904,2379,529,25396,25274,0,0,519,1365,0,2627,1288,640,1149,103,410,0,0,0,1246,25476,208,208,0,105,0,1254,212
 49820,0,25930,1169,848,1904,2379,529,25396,25274,0,0,519,1365,0,2627,1288,640,1149,103,410,0,0,0,1246,25475,208,208,0,105,0,1254,212
 49825,0,25935,1169,848,1904,2379,529,25396,25274,0,0,519,1365,0,2627,1288,640,1149,103,410,0,0,0,1246,25480,208,208,0,105,0,1254,212
 49830,0,25940,1169,848,1904,2379,529,25396,25274,0,0,519,1365,0,2627,1288,640,1149,103,410,0,0,0,1246,25485,208,208,0,105,0,1254,212
 49835,0,25945,1169,848,1904,2379,529,25396,25279,0,0,519,1365,0,2627,1288,640,1149,103,410,0,0,0,1246,25490,208,208,0,105,0,1254,212
 49840,0,25950,1169,848,1904,2379,529,25396,25284,0,0,519,1365,0,2627,1288,640,1149,103,410,0,0,0,1246,25495,208,208,0,105,0,1254,212
 49845,0,25955,1169,848,1904,2379,529,25399,25289,0,0,519,1365,0,2627,1288,640,1149,103,410,0,0,0,1246,25500,208,208,0,105,0,1254,212
 49850,0,25960,1169,848,1904,2379,529,25404,25294,0,0,519,1365,0,2627,1288,640,1149,103,410,0,0,0,1246,25505,208,208,0,105,0,1254,212
 49855,0,25965,1169,848,1904,2379,529,25409,25299,0,0,519,1365,0,2627,1288,640,1149,103,410,0,0,0,1246,25510,208,208,0,105,0,1254,212
 49860,0,25970,1169,848,1904,2379,529,25414,25304,0,0,519,1365,0,2627,1288,640,1149,103,410,0,0,0,1246,25515,208,208,0,105,0,1254,212
 49865,0,25975,1169,848,1904,2379,529,25419,25309,0,0,519,1365,0,2627,1288,640,1149,103,410,0,0,0,1246,25520,208,208,0,105,0,1254,212
 49870,0,25980,1169,848,1904,2379,529,25424,25314,0,0,519,1365,0,2627,1288,640,1149,103,410,0,0,0,1246,25525,208,208,0,105,0,1254,212
 49875,0,25985,1169,848,1904,2379,529,25429,25319,0,0,519,1365,0,2627,1288,640,1149,103,410,0,0,0,1246,25530,208,208,0,105,0,1254,212
 49880,0,25990,1169,848,1904,2379,529,25434,25324,0,0,519,1365,0,2627,1288,640,1149,103,410,0,0,0,1246,25535,208,208,0,105,0,1254,212
 49885,0,25995,1169,848,1904,2379,529,25439,25329,0,0,519,1365,0,2627,1288,640,1149,103,410,0,0,0,1246,25540,208,208,0,105,0,1254,212
 49890,0,26000,1169,848,1904,2379,529,25444,25334,0,0,519,1365,0,2627,1288,640,1149,103,410,0,0,0,1246,25545,208,208,0,105,0,1254,212
 49895,0,26005,1169,848,1904,2379,529,25449,25339,0,0,519,1365,0,2627,1288,640,1149,103,410,0,0,0,1246,25550,208,208,0,105,0,1254,212
 49900,0,26010,1169,848,1904,2379,529,25454,25344,0,0,519,1365,0,2627,1288,640,1149,103,410,0,0,0,1246,25555,208,208,0,105,0,1254,212
 49905,0,26015,1169,848,1904,2379,529,25459,25349,0,0,519,1365,0,2627,1288,640,1149,103,410,0,0,0,1246,25560,208,208,0,105,0,1254,212
 49910,0,26020,1169,848,1904,2379,529,25464,25354,0,0,519,1365,0,2627,1288,640,1149,103,410,0,0,0,1246,25565,208,208,0,105,0,1254,212
 49915,0,26025,1169,848,1904,2379,529,25469,25359,0,0,519,1365,0,2627,1288,640,1149,103,410,0,0,0,1246,25570,208,208,0,105,0,1254,212
 49920,0,26031,1169,848,1904,2379,529,25474,25364,0,0,519,1365,0,2627,1288,640,1149,103,410,0,0,0,1246,25575,208,208,0,105,0,1254,212
 49925,0,26031,1169,848,1904,2379,529,25479,25369,0,0,519,1365,0,2627,1288,640,1149,103,410,0,0,0,1246,25581,208,208,0,105,0,1254,212
 49930,0,26031,1169,848,1904,2379,529,25484,25374,0,0,519,1365,0,2627,1288,640,1149,103,410,0,0,0,1246,25581,208,208,0,105,0,1254,212
 49935,0,26031,1169,848,1904,2379,529,25489,25377,0,0,519,1365,0,2627,1288,640,1149,103,410,0,0,0,1246,25581,208,208,0,105,0,1254,212
 49940,0,26031,1169,848,1904,2379,529,25494,25377,0,0,519,1365,0,2627,1288,640,1149,103,410,0,0,0,1246,25581,208,208,0,105,0,1254,212
 49945,0,26031,1169,848,1904,2379,529,25497,25377,0,0,519,1365,0,2627,1288,640,1149,103,410,0,0,0,1246,25581,208,208,0,105,0,1254,212
 49950,0,26031,1169,848,1904,2379,529,25497,25377,0,0,519,1365,0,2627,1288,640,1149,103,410,0,0,0,1246,25581,208,208,0,105,0,1254,212
 49955,0,26031,1169,848,1904,2379,529,25497,25377,0,0,519,1365,0,2627,1288,640,1149,103,410,0,0,0,1246,25581,208,208,0,105,0,1254,212
 49960,0,26031,1169,848,1904,2379,529,25497,25377,0,0,519,1365,0,2627,1288,640,1149,103,410,0,0,0,1246,25581,208,208,0,105,0,1254,212
 49965,0,26031,1169,848,1904,2379,529,25497,25377,0,0,519,1365,0,2627,1288,640,1149,103,410,0,0,0,1246,25581,208,208,0,105,0,1254,212
 49970,0,26031,1169,848,1904,2379,529,25497,25377,0,0,519,1365,0,2627,1288,640,1149,103,410,0,0,0,1246,25581,208,208,0,105,0,1254,212
 49975,0,26031,1169,848,1904,2379,529,25497,25377,0,0,519,1365,0,2627,1288,640,1149,103,410,0,0,0,1246,25581,208,208,0,105,0,1254,212
 49980,0,26031,1169,848,1904,2379,529,25497,25377,0,0,519,1365,0,2627,1288,640,1149,103,410,0,0,0,1246,25581,208,208,0,105,0,1254,212
 49985,0,26031,1169,848,1904,2379,529,25497,25377,0,0,519,1365,0,2627,1288,640,1149,103,410,0,0,0,1246,25581,208,208,0,105,0,1254,212
 49990,0,26031,1169,848,1904,2379,529,25497,25377,0,0,519,1365,0,2627,1288,640,1149,103,410,0,0,0,1246,25581,208,208,0,105,0,1254,212
 49995,0,26031,1169,848,1904,2379,529,25497,25377,0,0,519,1365,0,2627,1288,640,1149,103,410,0,0,0,1246,25581,208,208,0,105,0,1254,212
 50000,0,26031,1169,848,1904,2379,529,25497,25377,0,0,519,1365,0,2627,1288,640,1149,103,410,0,0,0,1246,25581,208,208,0,105,0,1254,212
 50005,0,26031,1169,848,1904,2379,529,25497,25377,0,0,519,1365,0,2627,1288,640,1149,103,410,0,0,0,1246,25581,208,208,0,105,0,1254,212
 50010,0,26031,1169,848,1904,2379,529,25497,25377,0,0,519,1365,0,2627,1288,640,1149,103,410,0,0,0,1246,25581,208,208,0,105,0,1254,212
 50015,0,26031,1169,848,1904,2379,529,25497,25377,0,0,519,1365,0,2627,1288,640,1149,103,410,0,0,0,1246,25581,208,208,0,105,0,1254,212
 50020,0,26031,1169,848,1904,2379,529,25497,25377,0,0,519,1365,0,2627,1288,640,1149,103,410,0,0,0,1246,25581,208,208,0,105,0,1254,212
 50025,0,26031,1169,848,1904,2379,529,25497,25377,0,0,519,1365,0,2627,1288,640,1149,103,410,0,0,0,1246,25581,208,208,0,105,0,1254,212
 50030,0,26031,1169,848,1904,2379,529,25497,25377,0,0,519,1365,0,2627,1288,640,1149,103,410,0,0,0,1246,25581,208,208,0,105,0,1254,212
 50035,0,26031,1169,848,1904,2379,529,25497,25377,0,0,519,1365,0,2627,1288,640,1149,103,410,0,0,0,1246,25581,208,208,0,105,0,1254,212
 50040,0,26031,1169,848,1904,2379,529,25497,25377,0,0,519,1365,0,2627,1288,640,1149,103,410,0,0,0,1246,25581,208,208,0,105,0,1254,212
 50045,0,26031,1169,848,1904,2379,529,25497,25377,0,0,519,1365,0,2627,1288,640,1149,103,410,0,0,0,1246,25581,208,208,0,105,0,1254,212
 50050,0,26032,1169,848,1904,2379,529,25497,25377,0,0,519,1365,0,2627,1288,640,1149,103,410,0,0,0,1246,25581,208,208,0,105,0,1254,212
 50055,0,26037,1169,848,1904,2379,529,25497,25377,0,0,519,1365,0,2627,1288,640,1149,103,410,0,0,0,1246,25581,208,208,0,105,0,1254,212
 50060,0,26042,1169,848,1904,2379,529,25497,25377,0,0,519,1365,0,2627,1288,640,1149,103,410,0,0,0,1246,25581,208,208,0,105,0,1254,212
 50065,0,26047,1169,848,1904,2379,529,25497,25377,0,0,519,1365,0,2627,1288,640,1149,103,410,0,0,0,1246,25581,208,208,0,105,0,1254,212
 50070,0,26052,1169,848,1904,2379,529,25497,25377,0,0,519,1365,0,2627,1288,640,1149,103,410,0,0,0,1246,25581,208,208,0,105,0,1254,212
 50075,0,26057,1169,848,1904,2379,529,25497,25377,0,0,519,1365,0,2627,1288,640,1149,103,410,0,0,0,1246,25581,208,208,0,105,0,1254,212
 50080,0,26062,1169,848,1904,2379,529,25497,25379,0,0,519,1365,0,2627,1288,640,1149,103,410,0,0,0,1246,25586,208,208,0,105,0,1254,212
 50085,0,26067,1169,848,1904,2379,529,25498,25384,0,0,519,1365,0,2627,1288,640,1149,103,410,0,0,0,1246,25591,208,208,0,105,0,1254,212
 50090,0,26072,1169,848,1904,2379,529,25503,25389,0,0,519,1365,0,2627,1288,640,1149,103,410,0,0,0,1246,25596,208,208,0,105,0,1254,212
 50095,0,26077,1169,848,1904,2379,529,25508,25394,0,0,519,1365,0,2627,1288,640,1149,103,410,0,0,0,1246,25601,208,208,0,105,0,1254,212
 50100,0,26082,1169,848,1904,2379,529,25513,25399,0,0,519,1365,0,2627,1288,640,1149,103,410,0,0,0,1246,25606,208,208,0,105,0,1254,212
 50105,0,26087,1169,848,1904,2379,529,25518,25404,0,0,519,1365,0,2627,1288,640,1149,103,410,0,0,0,1246,25611,208,208,0,105,0,1254,212
 50110,0,26092,1169,848,1904,2379,529,25523,25409,0,0,519,1365,0,2627,1288,640,1149,103,410,0,0,0,1246,25616,208,208,0,105,0,1254,212
 50115,0,26097,1169,848,1904,2379,529,25528,25414,0,0,519,1365,0,2627,1288,640,1149,103,410,0,0,0,1246,25621,208,208,0,105,0,1254,212
 50120,0,26102,1169,848,1904,2379,529,25533,25419,0,0,519,1365,0,2627,1288,640,1149,103,410,0,0,0,1246,25626,208,208,0,105,0,1254,212
 50125,0,26107,1169,848,1904,2379,529,25538,25424,0,0,519,1365,0,2627,1288,640,1149,103,410,0,0,0,1246,25631,208,208,0,105,0,1254,212
 50130,0,26112,1169,848,1904,2379,529,25543,25429,0,0,519,1365,0,2627,1288,640,1149,103,410,0,0,0,1246,25636,208,208,0,105,0,1254,212
 50135,0,26117,1169,848,1904,2379,529,25548,25434,0,0,519,1365,0,2627,1288,640,1149,103,410,0,0,0,1246,25641,208,208,0,105,0,1254,212
 50140,0,26122,1169,848,1904,2379,529,25553,25439,0,0,519,1365,0,2627,1288,640,1149,103,410,0,0,0,1246,25646,208,208,0,105,0,1254,212
 50145,0,26127,1169,848,1904,2379,529,25558,25444,0,0,519,1365,0,2627,1288,640,1149,103,410,0,0,0,1246,25651,208,208,0,105,0,1254,212
 50150,0,26132,1169,848,1904,2379,529,25563,25449,0,0,519,1365,0,2627,1288,640,1149,103,410,0,0,0,1246,25656,208,208,0,105,0,1254,212
 50155,0,26134,1169,848,1904,2379,529,25568,25454,0,0,519,1365,0,2627,1288,640,1149,103,410,0,0,0,1246,25661,208,208,0,105,0,1254,212
 50160,0,26134,1169,848,1904,2379,529,25573,25459,0,0,519,1365,0,2627,1288,640,1149,103,410,0,0,0,1246,25666,208,208,0,105,0,1254,212
 50165,0,26134,1169,848,1904,2379,529,25578,25464,0,0,519,1365,0,2627,1288,640,1149,103,410,0,0,0,1246,25671,208,208,0,105,0,1254,212
 50170,0,26134,1169,848,1904,2379,529,25583,25469,0,0,519,1365,0,2627,1288,640,1149,103,410,0,0,0,1246,25676,208,208,0,105,0,1254,212
 50175,0,26134,1169,848,1904,2379,529,25588,25474,0,0,519,1365,0,2627,1288,640,1149,103,410,0,0,0,1246,25681,208,208,0,105,0,1254,212
 50180,0,26134,1169,848,1904,2379,529,25593,25480,0,0,519,1365,0,2627,1288,640,1149,103,410,0,0,0,1246,25684,208,208,0,105,0,1254,212
 50185,0,26134,1169,848,1904,2379,529,25598,25480,0,0,519,1365,0,2627,1288,640,1149,103,410,0,0,0,1246,25684,208,208,0,105,0,1254,212
 50190,0,26134,1169,848,1904,2379,529,25602,25480,0,0,519,1365,0,2627,1288,640,1149,103,410,0,0,0,1246,25684,208,208,0,105,0,1254,212
 50195,0,26134,1169,848,1904,2379,529,25602,25480,0,0,519,1365,0,2627,1288,640,1149,103,410,0,0,0,1246,25684,208,208,0,105,0,1254,212
 50200,0,26134,1169,848,1904,2379,529,25602,25480,0,0,519,1365,0,2627,1288,640,1149,103,410,0,0,0,1246,25684,208,208,0,105,0,1254,212
 50205,0,26134,1169,848,1904,2379,529,25602,25480,0,0,519,1365,0,2627,1288,640,1149,103,410,0,0,0,1246,25684,208,208,0,105,0,1254,212
 50210,0,26134,1169,848,1904,2379,529,25602,25480,0,0,519,1365,0,2627,1288,640,1149,103,410,0,0,0,1246,25684,208,208,0,105,0,1254,212
 50215,0,26134,1169,848,1904,2379,529,25602,25480,0,0,519,1365,0,2627,1288,640,1149,103,410,0,0,0,1246,25684,208,208,0,105,0,1254,212
 50220,0,26134,1169,848,1904,2379,529,25602,25480,0,0,519,1365,0,2627,1288,640,1149,103,410,0,0,0,1246,25684,208,208,0,105,0,1254,212
 50225,0,26134,1169,848,1904,2379,529,25602,25480,0,0,519,1365,0,2627,1288,640,1149,103,410,0,0,0,1246,25684,208,208,0,105,0,1254,212
 50230,0,26134,1169,848,1904,2379,529,25602,25480,0,0,519,1365,0,2627,1288,640,1149,103,410,0,0,0,1246,25684,208,208,0,105,0,1254,212
 50235,0,26134,1169,848,1904,2379,529,25602,25480,0,0,519,1365,0,2627,1288,640,1149,103,410,0,0,0,1246,25684,208,208,0,105,0,1254,212
 50240,0,26134,1169,848,1904,2379,529,25602,25480,0,0,519,1365,0,2627,1288,640,1149,103,410,0,0,0,1246,25684,208,208,0,105,0,1254,212
 50245,0,26134,1169,848,1904,2379,529,25602,25480,0,0,519,1365,0,2627,1288,640,1149,103,410,0,0,0,1246,25684,208,208,0,105,0,1254,212
 50250,0,26134,1169,848,1904,2379,529,25602,25480,0,0,519,1365,0,2627,1288,640,1149,103,410,0,0,0,1246,25684,208,208,0,105,0,1254,212
 50255,0,26134,1169,848,1904,2379,529,25602,25480,0,0,519,1365,0,2627,1288,640,1149,103,410,0,0,0,1246,25684,208,208,0,105,0,1254,212
 50260,0,26136,1169,848,1904,2379,529,25602,25480,0,0,519,1365,0,2627,1288,640,1149,103,410,0,0,0,1246,25684,208,208,0,105,0,1254,212
 50265,0,26141,1169,848,1904,2379,529,25602,25480,0,0,519,1365,0,2627,1288,640,1149,103,410,0,0,0,1246,25684,208,208,0,105,0,1254,212
 50270,0,26146,1169,848,1904,2379,529,25602,25480,0,0,519,1365,0,2627,1288,640,1149,103,410,0,0,0,1246,25684,208,208,0,105,0,1254,212
 50275,0,26151,1169,848,1904,2379,529,25602,25480,0,0,519,1365,0,2627,1288,640,1149,103,410,0,0,0,1246,25687,208,208,0,105,0,1254,212
 50280,0,26156,1169,848,1904,2379,529,25602,25480,0,0,519,1365,0,2627,1288,640,1149,103,410,0,0,0,1246,25692,208,208,0,105,0,1254,212
 50285,0,26161,1169,848,1904,2379,529,25602,25480,0,0,519,1365,0,2627,1288,640,1149,103,410,0,0,0,1246,25697,208,208,0,105,0,1254,212
 50290,0,26166,1169,848,1904,2379,529,25602,25480,0,0,519,1365,0,2627,1288,640,1149,103,410,0,0,0,1246,25702,208,208,0,105,0,1254,212
 50295,0,26171,1169,848,1904,2379,529,25602,25482,0,0,519,1365,0,2627,1288,640,1149,103,410,0,0,0,1246,25707,208,208,0,105,0,1254,212
 50300,0,26176,1169,848,1904,2379,529,25602,25487,0,0,519,1365,0,2627,1288,640,1149,103,410,0,0,0,1246,25712,208,208,0,105,0,1254,212
 50305,0,26181,1169,848,1904,2379,529,25602,25492,0,0,519,1365,0,2627,1288,640,1149,103,410,0,0,0,1246,25717,208,208,0,105,0,1254,212
 50310,0,26186,1169,848,1904,2379,529,25602,25497,0,0,519,1365,0,2627,1288,640,1149,103,410,0,0,0,1246,25722,208,208,0,105,0,1254,212
 50315,0,26191,1169,848,1904,2379,529,25602,25502,0,0,519,1365,0,2627,1288,640,1149,103,410,0,0,0,1246,25727,208,208,0,105,0,1254,212
 50320,0,26196,1169,848,1904,2379,529,25602,25507,0,0,519,1365,0,2627,1288,640,1149,103,410,0,0,0,1246,25732,208,208,0,105,0,1254,212
 50325,0,26201,1169,848,1904,2379,529,25602,25512,0,0,519,1365,0,2627,1288,640,1149,103,410,0,0,0,1246,25737,208,208,0,105,0,1254,212
 50330,0,26206,1169,848,1904,2379,529,25602,25517,0,0,519,1365,0,2627,1288,640,1149,103,410,0,0,0,1246,25742,208,208,0,105,0,1254,212
 50335,0,26211,1169,848,1904,2379,529,25602,25522,0,0,519,1365,0,2627,1288,640,1149,103,410,0,0,0,1246,25747,208,208,0,105,0,1254,212
 50340,0,26216,1169,848,1904,2379,529,25602,25527,0,0,519,1365,0,2627,1288,640,1149,103,410,0,0,0,1246,25752,208,208,0,105,0,1254,212
 50345,0,26221,1169,848,1904,2379,529,25603,25532,0,0,519,1365,0,2627,1288,640,1149,103,410,0,0,0,1246,25757,208,208,0,105,0,1254,212
 50350,0,26226,1169,848,1904,2379,529,25608,25537,0,0,519,1365,0,2627,1288,640,1149,103,410,0,0,0,1246,25762,208,208,0,105,0,1254,212
 50355,0,26231,1169,848,1904,2379,529,25613,25542,0,0,519,1365,0,2627,1288,640,1149,103,410,0,0,0,1246,25767,208,208,0,105,0,1254,212
 50360,0,26237,1169,848,1904,2379,529,25618,25547,0,0,519,1365,0,2627,1288,640,1149,103,410,0,0,0,1246,25772,208,208,0,105,0,1254,212
 50365,0,26237,1169,848,1904,2379,529,25623,25552,0,0,519,1365,0,2627,1288,640,1149,103,410,0,0,0,1246,25777,208,208,0,105,0,1254,212
 50370,0,26237,1169,848,1904,2379,529,25628,25557,0,0,519,1365,0,2627,1288,640,1149,103,410,0,0,0,1246,25782,208,208,0,105,0,1254,212
 50375,0,26237,1169,848,1904,2379,529,25633,25562,0,0,519,1365,0,2627,1288,640,1149,103,410,0,0,0,1246,25787,208,208,0,105,0,1254,212
 50380,0,26237,1169,848,1904,2379,529,25638,25567,0,0,519,1365,0,2627,1288,640,1149,103,410,0,0,0,1246,25789,208,208,0,105,0,1254,212
 50385,0,26237,1169,848,1904,2379,529,25643,25572,0,0,519,1365,0,2627,1288,640,1149,103,410,0,0,0,1246,25789,208,208,0,105,0,1254,212
 50390,0,26237,1169,848,1904,2379,529,25648,25577,0,0,519,1365,0,2627,1288,640,1149,103,410,0,0,0,1246,25789,208,208,0,105,0,1254,212
 50395,0,26237,1169,848,1904,2379,529,25653,25583,0,0,519,1365,0,2627,1288,640,1149,103,410,0,0,0,1246,25789,208,208,0,105,0,1254,212
 50400,0,26237,1169,848,1904,2379,529,25658,25583,0,0,519,1365,0,2627,1288,640,1149,103,410,0,0,0,1246,25789,208,208,0,105,0,1254,212
 50405,0,26237,1169,848,1904,2379,529,25663,25583,0,0,519,1365,0,2627,1288,640,1149,103,410,0,0,0,1246,25789,208,208,0,105,0,1254,212
 50410,0,26237,1169,848,1904,2379,529,25668,25583,0,0,519,1365,0,2627,1288,640,1149,103,410,0,0,0,1246,25789,208,208,0,105,0,1254,212
 50415,0,26237,1169,848,1904,2379,529,25673,25583,0,0,519,1365,0,2627,1288,640,1149,103,410,0,0,0,1246,25789,208,208,0,105,0,1254,212
 50420,0,26237,1169,848,1904,2379,529,25678,25583,0,0,519,1365,0,2627,1288,640,1149,103,410,0,0,0,1246,25789,208,208,0,105,0,1254,212
 50425,0,26237,1169,848,1904,2379,529,25683,25583,0,0,519,1365,0,2627,1288,640,1149,103,410,0,0,0,1246,25789,208,208,0,105,0,1254,212
 50430,0,26237,1169,848,1904,2379,529,25688,25583,0,0,519,1365,0,2627,1288,640,1149,103,410,0,0,0,1246,25789,208,208,0,105,0,1254,212
 50435,0,26237,1169,848,1904,2379,529,25693,25583,0,0,519,1365,0,2627,1288,640,1149,103,410,0,0,0,1246,25789,208,208,0,105,0,1254,212
 50440,0,26237,1169,848,1904,2379,529,25698,25583,0,0,519,1365,0,2627,1288,640,1149,103,410,0,0,0,1246,25789,208,208,0,105,0,1254,212
 50445,0,26237,1169,848,1904,2379,529,25703,25583,0,0,519,1365,0,2627,1288,640,1149,103,410,0,0,0,1246,25788,208,208,0,105,0,1254,212
 50450,0,26237,1169,848,1904,2379,529,25705,25583,0,0,519,1365,0,2627,1288,640,1149,103,410,0,0,0,1246,25793,208,208,0,105,0,1254,212
 50455,0,26237,1169,848,1904,2379,529,25705,25583,0,0,519,1365,0,2627,1288,640,1149,103,410,0,0,0,1246,25798,208,208,0,105,0,1254,212
 50460,0,26239,1169,848,1904,2379,529,25705,25583,0,0,519,1365,0,2627,1288,640,1149,103,410,0,0,0,1246,25803,208,208,0,105,0,1254,212
 50465,0,26244,1169,848,1904,2379,529,25705,25583,0,0,519,1365,0,2627,1288,640,1149,103,410,0,0,0,1246,25808,208,208,0,105,0,1254,212
 50470,0,26249,1169,848,1904,2379,529,25705,25585,0,0,519,1365,0,2627,1288,640,1149,103,410,0,0,0,1246,25813,208,208,0,105,0,1254,212
 50475,0,26254,1169,848,1904,2379,529,25705,25590,0,0,519,1365,0,2627,1288,640,1149,103,410,0,0,0,1246,25818,208,208,0,105,0,1254,212
 50480,0,26259,1169,848,1904,2379,529,25705,25595,0,0,519,1365,0,2627,1288,640,1149,103,410,0,0,0,1246,25823,208,208,0,105,0,1254,212
 50485,0,26264,1169,848,1904,2379,529,25705,25600,0,0,519,1365,0,2627,1288,640,1149,103,410,0,0,0,1246,25828,208,208,0,105,0,1254,212
 50490,0,26269,1169,848,1904,2379,529,25705,25605,0,0,519,1365,0,2627,1288,640,1149,103,410,0,0,0,1246,25833,208,208,0,105,0,1254,212
 50495,0,26274,1169,848,1904,2379,529,25705,25610,0,0,519,1365,0,2627,1288,640,1149,103,410,0,0,0,1246,25838,208,208,0,105,0,1254,212
 50500,0,26279,1169,848,1904,2379,529,25705,25615,0,0,519,1365,0,2627,1288,640,1149,103,410,0,0,0,1246,25843,208,208,0,105,0,1254,212
 50505,0,26284,1169,848,1904,2379,529,25705,25620,0,0,519,1365,0,2627,1288,640,1149,103,410,0,0,0,1246,25848,208,208,0,105,0,1254,212
 50510,0,26289,1169,848,1904,2379,529,25705,25625,0,0,519,1365,0,2627,1288,640,1149,103,410,0,0,0,1246,25853,208,208,0,105,0,1254,212
 50515,0,26294,1169,848,1904,2379,529,25705,25630,0,0,519,1365,0,2627,1288,640,1149,103,410,0,0,0,1246,25858,208,208,0,105,0,1254,212
 50520,0,26299,1169,848,1904,2379,529,25704,25635,0,0,519,1365,0,2627,1288,640,1149,103,410,0,0,0,1246,25863,208,208,0,105,0,1254,212
 50525,0,26304,1169,848,1904,2379,529,25709,25640,0,0,519,1365,0,2627,1288,640,1149,103,410,0,0,0,1246,25868,208,208,0,105,0,1254,212
 50530,0,26309,1169,848,1904,2379,529,25714,25645,0,0,519,1365,0,2627,1288,640,1149,103,410,0,0,0,1246,25873,208,208,0,105,0,1254,212
 50535,0,26314,1169,848,1904,2379,529,25719,25650,0,0,519,1365,0,2627,1288,640,1149,103,410,0,0,0,1246,25878,208,208,0,105,0,1254,212
 50540,0,26319,1169,848,1904,2379,529,25724,25655,0,0,519,1365,0,2627,1288,640,1149,103,410,0,0,0,1246,25883,208,208,0,105,0,1254,212
 50545,0,26324,1169,848,1904,2379,529,25729,25660,0,0,519,1365,0,2627,1288,640,1149,103,410,0,0,0,1246,25888,208,208,0,105,0,1254,212
 50550,0,26329,1169,848,1904,2379,529,25734,25665,0,0,519,1365,0,2627,1288,640,1149,103,410,0,0,0,1246,25894,208,208,0,105,0,1254,212
 50555,0,26334,1169,848,1904,2379,529,25739,25670,0,0,519,1365,0,2627,1288,640,1149,103,410,0,0,0,1246,25894,208,208,0,105,0,1254,212
 50560,0,26339,1169,848,1904,2379,529,25744,25675,0,0,519,1365,0,2627,1288,640,1149,103,410,0,0,0,1246,25894,208,208,0,105,0,1254,212
 50565,0,26342,1169,848,1904,2379,529,25749,25680,0,0,519,1365,0,2627,1288,640,1149,103,410,0,0,0,1246,25894,208,208,0,105,0,1254,212
 50570,0,26342,1169,848,1904,2379,529,25754,25686,0,0,519,1365,0,2627,1288,640,1149,103,410,0,0,0,1246,25894,208,208,0,105,0,1254,212
 50575,0,26342,1169,848,1904,2379,529,25759,25686,0,0,519,1365,0,2627,1288,640,1149,103,410,0,0,0,1246,25894,208,208,0,105,0,1254,212
 50580,0,26342,1169,848,1904,2379,529,25764,25686,0,0,519,1365,0,2627,1288,640,1149,103,410,0,0,0,1246,25894,208,208,0,105,0,1254,212
 50585,0,26342,1169,848,1904,2379,529,25769,25686,0,0,519,1365,0,2627,1288,640,1149,103,410,0,0,0,1246,25894,208,208,0,105,0,1254,212
 50590,0,26342,1169,848,1904,2379,529,25774,25686,0,0,519,1365,0,2627,1288,640,1149,103,410,0,0,0,1246,25894,208,208,0,105,0,1254,212
 50595,0,26342,1169,848,1904,2379,529,25779,25686,0,0,519,1365,0,2627,1288,640,1149,103,410,0,0,0,1246,25894,208,208,0,105,0,1254,212
 50600,0,26342,1169,848,1904,2379,529,25784,25686,0,0,519,1365,0,2627,1288,640,1149,103,410,0,0,0,1246,25894,208,208,0,105,0,1254,212
 50605,0,26342,1169,848,1904,2379,529,25789,25686,0,0,519,1365,0,2627,1288,640,1149,103,410,0,0,0,1246,25894,208,208,0,105,0,1254,212
 50610,0,26342,1169,848,1904,2379,529,25794,25686,0,0,519,1365,0,2627,1288,640,1149,103,410,0,0,0,1246,25894,208,208,0,105,0,1254,212
 50615,0,26342,1169,848,1904,2379,529,25799,25686,0,0,519,1365,0,2627,1288,640,1149,103,410,0,0,0,1246,25894,208,208,0,105,0,1254,212
 50620,0,26342,1169,848,1904,2379,529,25804,25686,0,0,519,1365,0,2627,1288,640,1149,103,410,0,0,0,1246,25894,208,208,0,105,0,1254,212
 50625,0,26342,1169,848,1904,2379,529,25808,25686,0,0,519,1365,0,2627,1288,640,1149,103,410,0,0,0,1246,25894,208,208,0,105,0,1254,212
 50630,0,26342,1169,848,1904,2379,529,25808,25686,0,0,519,1365,0,2627,1288,640,1149,103,410,0,0,0,1246,25894,208,208,0,105,0,1254,212
 50635,0,26342,1169,848,1904,2379,529,25808,25686,0,0,519,1365,0,2627,1288,640,1149,103,410,0,0,0,1246,25894,208,208,0,105,0,1254,212
 50640,0,26342,1169,848,1904,2379,529,25808,25686,0,0,519,1365,0,2627,1288,640,1149,103,410,0,0,0,1246,25894,208,208,0,105,0,1254,212
 50645,0,26342,1169,848,1904,2379,529,25808,25686,0,0,519,1365,0,2627,1288,640,1149,103,410,0,0,0,1246,25894,208,208,0,105,0,1254,212
 50650,0,26342,1169,848,1904,2379,529,25808,25686,0,0,519,1365,0,2627,1288,640,1149,103,410,0,0,0,1246,25894,208,208,0,105,0,1254,212
 50655,0,26342,1169,848,1904,2379,529,25808,25686,0,0,519,1365,0,2627,1288,640,1149,103,410,0,0,0,1246,25894,208,208,0,105,0,1254,212
 50660,0,26342,1169,848,1904,2379,529,25808,25686,0,0,519,1365,0,2627,1288,640,1149,103,410,0,0,0,1246,25894,208,208,0,105,0,1254,212
 50665,0,26342,1169,848,1904,2379,529,25808,25686,0,0,519,1365,0,2627,1288,640,1149,103,410,0,0,0,1246,25894,208,208,0,105,0,1254,212
 50670,0,26342,1169,848,1904,2379,529,25808,25686,0,0,519,1365,0,2627,1288,640,1149,103,410,0,0,0,1246,25894,208,208,0,105,0,1254,212
 50675,0,26342,1169,848,1904,2379,529,25808,25686,0,0,519,1365,0,2627,1288,640,1149,103,410,0,0,0,1246,25894,208,208,0,105,0,1254,212
 50680,0,26342,1169,848,1904,2379,529,25808,25686,0,0,519,1365,0,2627,1288,640,1149,103,410,0,0,0,1246,25894,208,208,0,105,0,1254,212
 50685,0,26342,1169,848,1904,2379,529,25808,25686,0,0,519,1365,0,2627,1288,640,1149,103,410,0,0,0,1246,25894,208,208,0,105,0,1254,212
 50690,0,26342,1169,848,1904,2379,529,25808,25686,0,0,519,1365,0,2627,1288,640,1149,103,410,0,0,0,1246,25894,208,208,0,105,0,1254,212
 50695,0,26342,1169,848,1904,2379,529,25808,25686,0,0,519,1365,0,2627,1288,640,1149,103,410,0,0,0,1246,25894,208,208,0,105,0,1254,212
 50700,0,26342,1169,848,1904,2379,529,25808,25686,0,0,519,1365,0,2627,1288,640,1149,103,410,0,0,0,1246,25894,208,208,0,105,0,1254,212
 50705,0,26342,1169,848,1904,2379,529,25808,25686,0,0,519,1365,0,2627,1288,640,1149,103,410,0,0,0,1246,25894,208,208,0,105,0,1254,212
 50710,0,26342,1169,848,1904,2379,529,25808,25686,0,0,519,1365,0,2627,1288,640,1149,103,410,0,0,0,1246,25894,208,208,0,105,0,1254,212
 50715,0,26342,1169,848,1904,2379,529,25808,25688,0,0,519,1365,0,2627,1288,640,1149,103,410,0,0,0,1246,25894,208,208,0,105,0,1254,212
 50720,0,26342,1169,848,1904,2379,529,25808,25693,0,0,519,1365,0,2627,1288,640,1149,103,410,0,0,0,1246,25899,208,208,0,105,0,1254,212
 50725,0,26344,1169,848,1904,2379,529,25808,25698,0,0,519,1365,0,2627,1288,640,1149,103,410,0,0,0,1246,25904,208,208,0,105,0,1254,212
 50730,0,26349,1169,848,1904,2379,529,25811,25703,0,0,519,1365,0,2627,1288,640,1149,103,410,0,0,0,1246,25909,208,208,0,105,0,1254,212
 50735,0,26354,1169,848,1904,2379,529,25816,25708,0,0,519,1365,0,2627,1288,640,1149,103,410,0,0,0,1246,25914,208,208,0,105,0,1254,212
 50740,0,26359,1169,848,1904,2379,529,25821,25713,0,0,519,1365,0,2627,1288,640,1149,103,410,0,0,0,1246,25919,208,208,0,105,0,1254,212
 50745,0,26364,1169,848,1904,2379,529,25826,25718,0,0,519,1365,0,2627,1288,640,1149,103,410,0,0,0,1246,25924,208,208,0,105,0,1254,212
 50750,0,26369,1169,848,1904,2379,529,25831,25723,0,0,519,1365,0,2627,1288,640,1149,103,410,0,0,0,1246,25929,208,208,0,105,0,1254,212
 50755,0,26374,1169,848,1904,2379,529,25836,25728,0,0,519,1365,0,2627,1288,640,1149,103,410,0,0,0,1246,25934,208,208,0,105,0,1254,212
 50760,0,26379,1169,848,1904,2379,529,25841,25733,0,0,519,1365,0,2627,1288,640,1149,103,410,0,0,0,1246,25939,208,208,0,105,0,1254,212
 50765,0,26384,1169,848,1904,2379,529,25846,25738,0,0,519,1365,0,2627,1288,640,1149,103,410,0,0,0,1246,25944,208,208,0,105,0,1254,212
 50770,0,26389,1169,848,1904,2379,529,25851,25743,0,0,519,1365,0,2627,1288,640,1149,103,410,0,0,0,1246,25949,208,208,0,105,0,1254,212
 50775,0,26394,1169,848,1904,2379,529,25856,25748,0,0,519,1365,0,2627,1288,640,1149,103,410,0,0,0,1246,25954,208,208,0,105,0,1254,212
 50780,0,26399,1169,848,1904,2379,529,25861,25753,0,0,519,1365,0,2627,1288,640,1149,103,410,0,0,0,1246,25959,208,208,0,105,0,1254,212
 50785,0,26404,1169,848,1904,2379,529,25866,25758,0,0,519,1365,0,2627,1288,640,1149,103,410,0,0,0,1246,25964,208,208,0,105,0,1254,212
 50790,0,26409,1169,848,1904,2379,529,25871,25763,0,0,519,1365,0,2627,1288,640,1149,103,410,0,0,0,1246,25969,208,208,0,105,0,1254,212
 50795,0,26414,1169,848,1904,2379,529,25876,25768,0,0,519,1365,0,2627,1288,640,1149,103,410,0,0,0,1246,25974,208,208,0,105,0,1254,212
 50800,0,26419,1169,848,1904,2379,529,25881,25773,0,0,519,1365,0,2627,1288,640,1149,103,410,0,0,0,1246,25979,208,208,0,105,0,1254,212
 50805,0,26424,1169,848,1904,2379,529,25886,25778,0,0,519,1365,0,2627,1288,640,1149,103,410,0,0,0,1246,25984,208,208,0,105,0,1254,212
 50810,0,26429,1169,848,1904,2379,529,25891,25783,0,0,519,1365,0,2627,1288,640,1149,103,410,0,0,0,1246,25989,208,208,0,105,0,1254,212
 50815,0,26434,1169,848,1904,2379,529,25896,25788,0,0,519,1365,0,2627,1288,640,1149,103,410,0,0,0,1246,25995,208,208,0,105,0,1254,212
 50820,0,26439,1169,848,1904,2379,529,25901,25791,0,0,519,1365,0,2627,1288,640,1149,103,410,0,0,0,1246,25995,208,208,0,105,0,1254,212
 50825,0,26444,1169,848,1904,2379,529,25906,25791,0,0,519,1365,0,2627,1288,640,1149,103,410,0,0,0,1246,25995,208,208,0,105,0,1254,212
 50830,0,26449,1169,848,1904,2379,529,25911,25791,0,0,519,1365,0,2627,1288,640,1149,103,410,0,0,0,1246,25995,208,208,0,105,0,1254,212
 50835,0,26449,1169,848,1904,2379,529,25911,25791,0,0,519,1365,0,2627,1288,640,1149,103,410,0,0,0,1246,25995,208,208,0,105,0,1254,212
 50840,0,26449,1169,848,1904,2379,529,25911,25791,0,0,519,1365,0,2627,1288,640,1149,103,410,0,0,0,1246,25995,208,208,0,105,0,1254,212
 50845,0,26449,1169,848,1904,2379,529,25911,25791,0,0,519,1365,0,2627,1288,640,1149,103,410,0,0,0,1246,25995,208,208,0,105,0,1254,212
 50850,0,26449,1169,848,1904,2379,529,25911,25791,0,0,519,1365,0,2627,1288,640,1149,103,410,0,0,0,1246,25995,208,208,0,105,0,1254,212
 50855,0,26449,1169,848,1904,2379,529,25911,25791,0,0,519,1365,0,2627,1288,640,1149,103,410,0,0,0,1246,25995,208,208,0,105,0,1254,212
 50860,0,26449,1169,848,1904,2379,529,25911,25791,0,0,519,1365,0,2627,1288,640,1149,103,410,0,0,0,1246,25995,208,208,0,105,0,1254,212
 50865,0,26449,1169,848,1904,2379,529,25911,25791,0,0,519,1365,0,2627,1288,640,1149,103,410,0,0,0,1246,25995,208,208,0,105,0,1254,212
 50870,0,26449,1169,848,1904,2379,529,25911,25791,0,0,519,1365,0,2627,1288,640,1149,103,410,0,0,0,1246,25995,208,208,0,105,0,1254,212
 50875,0,26449,1169,848,1904,2379,529,25911,25791,0,0,519,1365,0,2627,1288,640,1149,103,410,0,0,0,1246,25995,208,208,0,105,0,1254,212
 50880,0,26449,1169,848,1904,2379,529,25911,25791,0,0,519,1365,0,2627,1288,640,1149,103,410,0,0,0,1246,25995,208,208,0,105,0,1254,212
 50885,0,26449,1169,848,1904,2379,529,25911,25791,0,0,519,1365,0,2627,1288,640,1149,103,410,0,0,0,1246,25995,208,208,0,105,0,1254,212
 50890,0,26449,1169,848,1904,2379,529,25911,25791,0,0,519,1365,0,2627,1288,640,1149,103,410,0,0,0,1246,25995,208,208,0,105,0,1254,212
 50895,0,26449,1169,848,1904,2379,529,25911,25791,0,0,519,1365,0,2627,1288,640,1149,103,410,0,0,0,1246,25995,208,208,0,105,0,1254,212
 50900,0,26449,1169,848,1904,2379,529,25911,25791,0,0,519,1365,0,2627,1288,640,1149,103,410,0,0,0,1246,25995,208,208,0,105,0,1254,212
 50905,0,26449,1169,848,1904,2379,529,25911,25791,0,0,519,1365,0,2627,1288,640,1149,103,410,0,0,0,1246,25995,208,208,0,105,0,1254,212
 50910,0,26449,1169,848,1904,2379,529,25911,25791,0,0,519,1365,0,2627,1288,640,1149,103,410,0,0,0,1246,25995,208,208,0,105,0,1254,212
 50915,0,26449,1169,848,1904,2379,529,25911,25791,0,0,519,1365,0,2627,1288,640,1149,103,410,0,0,0,1246,25995,208,208,0,105,0,1254,212
 50920,0,26450,1169,848,1904,2379,529,25911,25791,0,0,519,1365,0,2627,1288,640,1149,103,410,0,0,0,1246,25995,208,208,0,105,0,1254,212
 50925,0,26455,1169,848,1904,2379,529,25911,25791,0,0,519,1365,0,2627,1288,640,1149,103,410,0,0,0,1246,25995,208,208,0,105,0,1254,212
 50930,0,26460,1169,848,1904,2379,529,25911,25796,0,0,519,1365,0,2627,1288,640,1149,103,410,0,0,0,1246,25994,208,208,0,105,0,1254,212
 50935,0,26465,1169,848,1904,2379,529,25911,25801,0,0,519,1365,0,2627,1288,640,1149,103,410,0,0,0,1246,25999,208,208,0,105,0,1254,212
 50940,0,26470,1169,848,1904,2379,529,25911,25806,0,0,519,1365,0,2627,1288,640,1149,103,410,0,0,0,1246,26004,208,208,0,105,0,1254,212
 50945,0,26475,1169,848,1904,2379,529,25914,25811,0,0,519,1365,0,2627,1288,640,1149,103,410,0,0,0,1246,26009,208,208,0,105,0,1254,212
 50950,0,26480,1169,848,1904,2379,529,25919,25816,0,0,519,1365,0,2627,1288,640,1149,103,410,0,0,0,1246,26014,208,208,0,105,0,1254,212
 50955,0,26485,1169,848,1904,2379,529,25924,25821,0,0,519,1365,0,2627,1288,640,1149,103,410,0,0,0,1246,26019,208,208,0,105,0,1254,212
 50960,0,26490,1169,848,1904,2379,529,25929,25826,0,0,519,1365,0,2627,1288,640,1149,103,410,0,0,0,1246,26024,208,208,0,105,0,1254,212
 50965,0,26495,1169,848,1904,2379,529,25934,25831,0,0,519,1365,0,2627,1288,640,1149,103,410,0,0,0,1246,26029,208,208,0,105,0,1254,212
 50970,0,26500,1169,848,1904,2379,529,25939,25836,0,0,519,1365,0,2627,1288,640,1149,103,410,0,0,0,1246,26034,208,208,0,105,0,1254,212
 50975,0,26505,1169,848,1904,2379,529,25944,25841,0,0,519,1365,0,2627,1288,640,1149,103,410,0,0,0,1246,26039,208,208,0,105,0,1254,212
 50980,0,26510,1169,848,1904,2379,529,25949,25846,0,0,519,1365,0,2627,1288,640,1149,103,410,0,0,0,1246,26044,208,208,0,105,0,1254,212
 50985,0,26515,1169,848,1904,2379,529,25954,25851,0,0,519,1365,0,2627,1288,640,1149,103,410,0,0,0,1246,26049,208,208,0,105,0,1254,212
 50990,0,26520,1169,848,1904,2379,529,25959,25856,0,0,519,1365,0,2627,1288,640,1149,103,410,0,0,0,1246,26054,208,208,0,105,0,1254,212
 50995,0,26525,1169,848,1904,2379,529,25964,25861,0,0,519,1365,0,2627,1288,640,1149,103,410,0,0,0,1246,26059,208,208,0,105,0,1254,212
 51000,0,26530,1169,848,1904,2379,529,25969,25866,0,0,519,1365,0,2627,1288,640,1149,103,410,0,0,0,1246,26064,208,208,0,105,0,1254,212
 51005,0,26535,1169,848,1904,2379,529,25974,25871,0,0,519,1365,0,2627,1288,640,1149,103,410,0,0,0,1246,26069,208,208,0,105,0,1254,212
 51010,0,26540,1169,848,1904,2379,529,25979,25876,0,0,519,1365,0,2627,1288,640,1149,103,410,0,0,0,1246,26074,208,208,0,105,0,1254,212
 51015,0,26545,1169,848,1904,2379,529,25984,25881,0,0,519,1365,0,2627,1288,640,1149,103,410,0,0,0,1246,26079,208,208,0,105,0,1254,212
 51020,0,26550,1169,848,1904,2379,529,25989,25886,0,0,519,1365,0,2627,1288,640,1149,103,410,0,0,0,1246,26084,208,208,0,105,0,1254,212
 51025,0,26550,1169,848,1904,2379,529,25994,25891,0,0,519,1365,0,2627,1288,640,1149,103,410,0,0,0,1246,26089,208,208,0,105,0,1254,212
 51030,0,26550,1169,848,1904,2379,529,25999,25894,0,0,519,1365,0,2627,1288,640,1149,103,410,0,0,0,1246,26094,208,208,0,105,0,1254,212
 51035,0,26550,1169,848,1904,2379,529,26004,25894,0,0,519,1365,0,2627,1288,640,1149,103,410,0,0,0,1246,26098,208,208,0,105,0,1254,212
 51040,0,26550,1169,848,1904,2379,529,26009,25894,0,0,519,1365,0,2627,1288,640,1149,103,410,0,0,0,1246,26098,208,208,0,105,0,1254,212
 51045,0,26550,1169,848,1904,2379,529,26014,25894,0,0,519,1365,0,2627,1288,640,1149,103,410,0,0,0,1246,26098,208,208,0,105,0,1254,212
 51050,0,26550,1169,848,1904,2379,529,26016,25894,0,0,519,1365,0,2627,1288,640,1149,103,410,0,0,0,1246,26098,208,208,0,105,0,1254,212
 51055,0,26550,1169,848,1904,2379,529,26016,25894,0,0,519,1365,0,2627,1288,640,1149,103,410,0,0,0,1246,26098,208,208,0,105,0,1254,212
 51060,0,26550,1169,848,1904,2379,529,26016,25894,0,0,519,1365,0,2627,1288,640,1149,103,410,0,0,0,1246,26098,208,208,0,105,0,1254,212
 51065,0,26550,1169,848,1904,2379,529,26016,25894,0,0,519,1365,0,2627,1288,640,1149,103,410,0,0,0,1246,26098,208,208,0,105,0,1254,212
 51070,0,26550,1169,848,1904,2379,529,26016,25894,0,0,519,1365,0,2627,1288,640,1149,103,410,0,0,0,1246,26098,208,208,0,105,0,1254,212
 51075,0,26550,1169,848,1904,2379,529,26016,25894,0,0,519,1365,0,2627,1288,640,1149,103,410,0,0,0,1246,26098,208,208,0,105,0,1254,212
 51080,0,26550,1169,848,1904,2379,529,26016,25894,0,0,519,1365,0,2627,1288,640,1149,103,410,0,0,0,1246,26098,208,208,0,105,0,1254,212
 51085,0,26550,1169,848,1904,2379,529,26016,25894,0,0,519,1365,0,2627,1288,640,1149,103,410,0,0,0,1246,26098,208,208,0,105,0,1254,212
 51090,0,26550,1169,848,1904,2379,529,26016,25894,0,0,519,1365,0,2627,1288,640,1149,103,410,0,0,0,1246,26098,208,208,0,105,0,1254,212
 51095,0,26550,1169,848,1904,2379,529,26016,25894,0,0,519,1365,0,2627,1288,640,1149,103,410,0,0,0,1246,26098,208,208,0,105,0,1254,212
 51100,0,26550,1169,848,1904,2379,529,26016,25894,0,0,519,1365,0,2627,1288,640,1149,103,410,0,0,0,1246,26098,208,208,0,105,0,1254,212
 51105,0,26550,1169,848,1904,2379,529,26016,25894,0,0,519,1365,0,2627,1288,640,1149,103,410,0,0,0,1246,26098,208,208,0,105,0,1254,212
 51110,0,26550,1169,848,1904,2379,529,26016,25894,0,0,519,1365,0,2627,1288,640,1149,103,410,0,0,0,1246,26098,208,208,0,105,0,1254,212
 51115,0,26550,1169,848,1904,2379,529,26016,25894,0,0,519,1365,0,2627,1288,640,1149,103,410,0,0,0,1246,26098,208,208,0,105,0,1254,212
 51120,0,26550,1169,848,1904,2379,529,26016,25894,0,0,519,1365,0,2627,1288,640,1149,103,410,0,0,0,1246,26098,208,208,0,105,0,1254,212
 51125,0,26550,1169,848,1904,2379,529,26016,25894,0,0,519,1365,0,2627,1288,640,1149,103,410,0,0,0,1246,26098,208,208,0,105,0,1254,212
 51130,0,26550,1169,848,1904,2379,529,26016,25894,0,0,519,1365,0,2627,1288,640,1149,103,410,0,0,0,1246,26098,208,208,0,105,0,1254,212
 51135,0,26550,1169,848,1904,2379,529,26016,25894,0,0,519,1365,0,2627,1288,640,1149,103,410,0,0,0,1246,26098,208,208,0,105,0,1254,212
 51140,0,26550,1169,848,1904,2379,529,26016,25894,0,0,519,1365,0,2627,1288,640,1149,103,410,0,0,0,1246,26098,208,208,0,105,0,1254,212
 51145,0,26550,1169,848,1904,2379,529,26016,25897,0,0,519,1365,0,2627,1288,640,1149,103,410,0,0,0,1246,26098,208,208,0,105,0,1254,212
 51150,0,26550,1169,848,1904,2379,529,26016,25902,0,0,519,1365,0,2627,1288,640,1149,103,410,0,0,0,1246,26098,208,208,0,105,0,1254,212
 51155,0,26550,1169,848,1904,2379,529,26016,25907,0,0,519,1365,0,2627,1288,640,1149,103,410,0,0,0,1246,26098,208,208,0,105,0,1254,212
 51160,0,26550,1169,848,1904,2379,529,26019,25912,0,0,519,1365,0,2627,1288,640,1149,103,410,0,0,0,1246,26098,208,208,0,105,0,1254,212
 51165,0,26550,1169,848,1904,2379,529,26024,25917,0,0,519,1365,0,2627,1288,640,1149,103,410,0,0,0,1246,26101,208,208,0,105,0,1254,212
 51170,0,26550,1169,848,1904,2379,529,26029,25922,0,0,519,1365,0,2627,1288,640,1149,103,410,0,0,0,1246,26106,208,208,0,105,0,1254,212
 51175,0,26550,1169,848,1904,2379,529,26034,25927,0,0,519,1365,0,2627,1288,640,1149,103,410,0,0,0,1246,26111,208,208,0,105,0,1254,212
 51180,0,26551,1169,848,1904,2379,529,26039,25932,0,0,519,1365,0,2627,1288,640,1149,103,410,0,0,0,1246,26116,208,208,0,105,0,1254,212
 51185,0,26556,1169,848,1904,2379,529,26044,25937,0,0,519,1365,0,2627,1288,640,1149,103,410,0,0,0,1246,26121,208,208,0,105,0,1254,212
 51190,0,26561,1169,848,1904,2379,529,26049,25942,0,0,519,1365,0,2627,1288,640,1149,103,410,0,0,0,1246,26126,208,208,0,105,0,1254,212
 51195,0,26566,1169,848,1904,2379,529,26054,25947,0,0,519,1365,0,2627,1288,640,1149,103,410,0,0,0,1246,26131,208,208,0,105,0,1254,212
 51200,0,26571,1169,848,1904,2379,529,26059,25952,0,0,519,1365,0,2627,1288,640,1149,103,410,0,0,0,1246,26136,208,208,0,105,0,1254,212
 51205,0,26576,1169,848,1904,2379,529,26064,25957,0,0,519,1365,0,2627,1288,640,1149,103,410,0,0,0,1246,26141,208,208,0,105,0,1254,212
 51210,0,26581,1169,848,1904,2379,529,26069,25962,0,0,519,1365,0,2627,1288,640,1149,103,410,0,0,0,1246,26146,208,208,0,105,0,1254,212
 51215,0,26586,1169,848,1904,2379,529,26074,25967,0,0,519,1365,0,2627,1288,640,1149,103,410,0,0,0,1246,26151,208,208,0,105,0,1254,212
 51220,0,26591,1169,848,1904,2379,529,26079,25972,0,0,519,1365,0,2627,1288,640,1149,103,410,0,0,0,1246,26156,208,208,0,105,0,1254,212
 51225,0,26596,1169,848,1904,2379,529,26084,25977,0,0,519,1365,0,2627,1288,640,1149,103,410,0,0,0,1246,26161,208,208,0,105,0,1254,212
 51230,0,26601,1169,848,1904,2379,529,26089,25982,0,0,519,1365,0,2627,1288,640,1149,103,410,0,0,0,1246,26166,208,208,0,105,0,1254,212
 51235,0,26606,1169,848,1904,2379,529,26094,25987,0,0,519,1365,0,2627,1288,640,1149,103,410,0,0,0,1246,26171,208,208,0,105,0,1254,212
 51240,0,26611,1169,848,1904,2379,529,26099,25992,0,0,519,1365,0,2627,1288,640,1149,103,410,0,0,0,1246,26176,208,208,0,105,0,1254,212
 51245,0,26616,1169,848,1904,2379,529,26104,25997,0,0,519,1365,0,2627,1288,640,1149,103,410,0,0,0,1246,26181,208,208,0,105,0,1254,212
 51250,0,26621,1169,848,1904,2379,529,26109,25999,0,0,519,1365,0,2627,1288,640,1149,103,410,0,0,0,1246,26186,208,208,0,105,0,1254,212
 51255,0,26626,1169,848,1904,2379,529,26114,25999,0,0,519,1365,0,2627,1288,640,1149,103,410,0,0,0,1246,26191,208,208,0,105,0,1254,212
 51260,0,26631,1169,848,1904,2379,529,26117,25999,0,0,519,1365,0,2627,1288,640,1149,103,410,0,0,0,1246,26196,208,208,0,105,0,1254,212
 51265,0,26636,1169,848,1904,2379,529,26117,25999,0,0,519,1365,0,2627,1288,640,1149,103,410,0,0,0,1246,26201,208,208,0,105,0,1254,212
 51270,0,26641,1169,848,1904,2379,529,26117,25999,0,0,519,1365,0,2627,1288,640,1149,103,410,0,0,0,1246,26205,208,208,0,105,0,1254,212
 51275,0,26646,1169,848,1904,2379,529,26117,25999,0,0,519,1365,0,2627,1288,640,1149,103,410,0,0,0,1246,26205,208,208,0,105,0,1254,212
 51280,0,26651,1169,848,1904,2379,529,26117,25999,0,0,519,1365,0,2627,1288,640,1149,103,410,0,0,0,1246,26205,208,208,0,105,0,1254,212
 51285,0,26653,1169,848,1904,2379,529,26117,25999,0,0,519,1365,0,2627,1288,640,1149,103,410,0,0,0,1246,26205,208,208,0,105,0,1254,212
 51290,0,26653,1169,848,1904,2379,529,26117,25999,0,0,519,1365,0,2627,1288,640,1149,103,410,0,0,0,1246,26205,208,208,0,105,0,1254,212
 51295,0,26653,1169,848,1904,2379,529,26117,25999,0,0,519,1365,0,2627,1288,640,1149,103,410,0,0,0,1246,26205,208,208,0,105,0,1254,212
 51300,0,26653,1169,848,1904,2379,529,26117,25999,0,0,519,1365,0,2627,1288,640,1149,103,410,0,0,0,1246,26205,208,208,0,105,0,1254,212
 51305,0,26653,1169,848,1904,2379,529,26117,25999,0,0,519,1365,0,2627,1288,640,1149,103,410,0,0,0,1246,26205,208,208,0,105,0,1254,212
 51310,0,26653,1169,848,1904,2379,529,26117,25999,0,0,519,1365,0,2627,1288,640,1149,103,410,0,0,0,1246,26205,208,208,0,105,0,1254,212
 51315,0,26653,1169,848,1904,2379,529,26117,25999,0,0,519,1365,0,2627,1288,640,1149,103,410,0,0,0,1246,26205,208,208,0,105,0,1254,212
 51320,0,26653,1169,848,1904,2379,529,26117,25999,0,0,519,1365,0,2627,1288,640,1149,103,410,0,0,0,1246,26205,208,208,0,105,0,1254,212
 51325,0,26653,1169,848,1904,2379,529,26117,25999,0,0,519,1365,0,2627,1288,640,1149,103,410,0,0,0,1246,26205,208,208,0,105,0,1254,212
 51330,0,26653,1169,848,1904,2379,529,26117,25999,0,0,519,1365,0,2627,1288,640,1149,103,410,0,0,0,1246,26205,208,208,0,105,0,1254,212
 51335,0,26653,1169,848,1904,2379,529,26117,25999,0,0,519,1365,0,2627,1288,640,1149,103,410,0,0,0,1246,26205,208,208,0,105,0,1254,212
 51340,0,26653,1169,848,1904,2379,529,26117,25999,0,0,519,1365,0,2627,1288,640,1149,103,410,0,0,0,1246,26205,208,208,0,105,0,1254,212
 51345,0,26653,1169,848,1904,2379,529,26117,25999,0,0,519,1365,0,2627,1288,640,1149,103,410,0,0,0,1246,26205,208,208,0,105,0,1254,212
 51350,0,26653,1169,848,1904,2379,529,26117,25999,0,0,519,1365,0,2627,1288,640,1149,103,410,0,0,0,1246,26205,208,208,0,105,0,1254,212
 51355,0,26653,1169,848,1904,2379,529,26117,25999,0,0,519,1365,0,2627,1288,640,1149,103,410,0,0,0,1246,26205,208,208,0,105,0,1254,212
 51360,0,26653,1169,848,1904,2379,529,26117,25999,0,0,519,1365,0,2627,1288,640,1149,103,410,0,0,0,1246,26205,208,208,0,105,0,1254,212
 51365,0,26653,1169,848,1904,2379,529,26117,25999,0,0,519,1365,0,2627,1288,640,1149,103,410,0,0,0,1246,26205,208,208,0,105,0,1254,212
 51370,0,26653,1169,848,1904,2379,529,26117,25999,0,0,519,1365,0,2627,1288,640,1149,103,410,0,0,0,1246,26208,208,208,0,105,0,1254,212
 51375,0,26654,1169,848,1904,2379,529,26117,25999,0,0,519,1365,0,2627,1288,640,1149,103,410,0,0,0,1246,26213,208,208,0,105,0,1254,212
 51380,0,26659,1169,848,1904,2379,529,26117,25999,0,0,519,1365,0,2627,1288,640,1149,103,410,0,0,0,1246,26218,208,208,0,105,0,1254,212
 51385,0,26664,1169,848,1904,2379,529,26117,26001,0,0,519,1365,0,2627,1288,640,1149,103,410,0,0,0,1246,26223,208,208,0,105,0,1254,212
 51390,0,26669,1169,848,1904,2379,529,26117,26006,0,0,519,1365,0,2627,1288,640,1149,103,410,0,0,0,1246,26228,208,208,0,105,0,1254,212
 51395,0,26674,1169,848,1904,2379,529,26117,26011,0,0,519,1365,0,2627,1288,640,1149,103,410,0,0,0,1246,26233,208,208,0,105,0,1254,212
 51400,0,26679,1169,848,1904,2379,529,26116,26016,0,0,519,1365,0,2627,1288,640,1149,103,410,0,0,0,1246,26238,208,208,0,105,0,1254,212
 51405,0,26684,1169,848,1904,2379,529,26121,26021,0,0,519,1365,0,2627,1288,640,1149,103,410,0,0,0,1246,26243,208,208,0,105,0,1254,212
 51410,0,26689,1169,848,1904,2379,529,26126,26026,0,0,519,1365,0,2627,1288,640,1149,103,410,0,0,0,1246,26248,208,208,0,105,0,1254,212
 51415,0,26694,1169,848,1904,2379,529,26131,26031,0,0,519,1365,0,2627,1288,640,1149,103,410,0,0,0,1246,26253,208,208,0,105,0,1254,212
 51420,0,26699,1169,848,1904,2379,529,26136,26036,0,0,519,1365,0,2627,1288,640,1149,103,410,0,0,0,1246,26258,208,208,0,105,0,1254,212
 51425,0,26704,1169,848,1904,2379,529,26141,26041,0,0,519,1365,0,2627,1288,640,1149,103,410,0,0,0,1246,26263,208,208,0,105,0,1254,212
 51430,0,26709,1169,848,1904,2379,529,26146,26046,0,0,519,1365,0,2627,1288,640,1149,103,410,0,0,0,1246,26268,208,208,0,105,0,1254,212
 51435,0,26714,1169,848,1904,2379,529,26151,26051,0,0,519,1365,0,2627,1288,640,1149,103,410,0,0,0,1246,26273,208,208,0,105,0,1254,212
 51440,0,26719,1169,848,1904,2379,529,26156,26056,0,0,519,1365,0,2627,1288,640,1149,103,410,0,0,0,1246,26278,208,208,0,105,0,1254,212
 51445,0,26724,1169,848,1904,2379,529,26161,26061,0,0,519,1365,0,2627,1288,640,1149,103,410,0,0,0,1246,26283,208,208,0,105,0,1254,212
 51450,0,26729,1169,848,1904,2379,529,26166,26066,0,0,519,1365,0,2627,1288,640,1149,103,410,0,0,0,1246,26288,208,208,0,105,0,1254,212
 51455,0,26734,1169,848,1904,2379,529,26171,26071,0,0,519,1365,0,2627,1288,640,1149,103,410,0,0,0,1246,26293,208,208,0,105,0,1254,212
 51460,0,26739,1169,848,1904,2379,529,26176,26076,0,0,519,1365,0,2627,1288,640,1149,103,410,0,0,0,1246,26298,208,208,0,105,0,1254,212
 51465,0,26744,1169,848,1904,2379,529,26181,26081,0,0,519,1365,0,2627,1288,640,1149,103,410,0,0,0,1246,26303,208,208,0,105,0,1254,212
 51470,0,26749,1169,848,1904,2379,529,26186,26086,0,0,519,1365,0,2627,1288,640,1149,103,410,0,0,0,1246,26306,208,208,0,105,0,1254,212
 51475,0,26754,1169,848,1904,2379,529,26191,26091,0,0,519,1365,0,2627,1288,640,1149,103,410,0,0,0,1246,26306,208,208,0,105,0,1254,212
 51480,0,26754,1169,848,1904,2379,529,26196,26096,0,0,519,1365,0,2627,1288,640,1149,103,410,0,0,0,1246,26306,208,208,0,105,0,1254,212
 51485,0,26754,1169,848,1904,2379,529,26201,26100,0,0,519,1365,0,2627,1288,640,1149,103,410,0,0,0,1246,26306,208,208,0,105,0,1254,212
 51490,0,26754,1169,848,1904,2379,529,26206,26100,0,0,519,1365,0,2627,1288,640,1149,103,410,0,0,0,1246,26306,208,208,0,105,0,1254,212
 51495,0,26754,1169,848,1904,2379,529,26211,26100,0,0,519,1365,0,2627,1288,640,1149,103,410,0,0,0,1246,26306,208,208,0,105,0,1254,212
 51500,0,26754,1169,848,1904,2379,529,26216,26100,0,0,519,1365,0,2627,1288,640,1149,103,410,0,0,0,1246,26306,208,208,0,105,0,1254,212
 51505,0,26754,1169,848,1904,2379,529,26220,26100,0,0,519,1365,0,2627,1288,640,1149,103,410,0,0,0,1246,26306,208,208,0,105,0,1254,212
 51510,0,26754,1169,848,1904,2379,529,26220,26100,0,0,519,1365,0,2627,1288,640,1149,103,410,0,0,0,1246,26306,208,208,0,105,0,1254,212
 51515,0,26754,1169,848,1904,2379,529,26220,26100,0,0,519,1365,0,2627,1288,640,1149,103,410,0,0,0,1246,26306,208,208,0,105,0,1254,212
 51520,0,26754,1169,848,1904,2379,529,26220,26100,0,0,519,1365,0,2627,1288,640,1149,103,410,0,0,0,1246,26306,208,208,0,105,0,1254,212
 51525,0,26754,1169,848,1904,2379,529,26220,26100,0,0,519,1365,0,2627,1288,640,1149,103,410,0,0,0,1246,26306,208,208,0,105,0,1254,212
 51530,0,26754,1169,848,1904,2379,529,26220,26100,0,0,519,1365,0,2627,1288,640,1149,103,410,0,0,0,1246,26306,208,208,0,105,0,1254,212
 51535,0,26754,1169,848,1904,2379,529,26220,26100,0,0,519,1365,0,2627,1288,640,1149,103,410,0,0,0,1246,26306,208,208,0,105,0,1254,212
 51540,0,26754,1169,848,1904,2379,529,26220,26100,0,0,519,1365,0,2627,1288,640,1149,103,410,0,0,0,1246,26306,208,208,0,105,0,1254,212
 51545,0,26754,1169,848,1904,2379,529,26220,26100,0,0,519,1365,0,2627,1288,640,1149,103,410,0,0,0,1246,26306,208,208,0,105,0,1254,212
 51550,0,26755,1169,848,1904,2379,529,26220,26100,0,0,519,1365,0,2627,1288,640,1149,103,410,0,0,0,1246,26306,208,208,0,105,0,1254,212
 51555,0,26760,1169,848,1904,2379,529,26220,26100,0,0,519,1365,0,2627,1288,640,1149,103,410,0,0,0,1246,26306,208,208,0,105,0,1254,212
 51560,0,26765,1169,848,1904,2379,529,26220,26100,0,0,519,1365,0,2627,1288,640,1149,103,410,0,0,0,1246,26306,208,208,0,105,0,1254,212
 51565,0,26770,1169,848,1904,2379,529,26220,26100,0,0,519,1365,0,2627,1288,640,1149,103,410,0,0,0,1246,26306,208,208,0,105,0,1254,212
 51570,0,26775,1169,848,1904,2379,529,26220,26102,0,0,519,1365,0,2627,1288,640,1149,103,410,0,0,0,1246,26309,208,208,0,105,0,1254,212
 51575,0,26780,1169,848,1904,2379,529,26220,26107,0,0,519,1365,0,2627,1288,640,1149,103,410,0,0,0,1246,26314,208,208,0,105,0,1254,212
 51580,0,26785,1169,848,1904,2379,529,26220,26112,0,0,519,1365,0,2627,1288,640,1149,103,410,0,0,0,1246,26319,208,208,0,105,0,1254,212
 51585,0,26790,1169,848,1904,2379,529,26220,26117,0,0,519,1365,0,2627,1288,640,1149,103,410,0,0,0,1246,26324,208,208,0,105,0,1254,212
 51590,0,26795,1169,848,1904,2379,529,26223,26122,0,0,519,1365,0,2627,1288,640,1149,103,410,0,0,0,1246,26329,208,208,0,105,0,1254,212
 51595,0,26800,1169,848,1904,2379,529,26228,26127,0,0,519,1365,0,2627,1288,640,1149,103,410,0,0,0,1246,26334,208,208,0,105,0,1254,212
 51600,0,26805,1169,848,1904,2379,529,26233,26132,0,0,519,1365,0,2627,1288,640,1149,103,410,0,0,0,1246,26339,208,208,0,105,0,1254,212
 51605,0,26810,1169,848,1904,2379,529,26238,26137,0,0,519,1365,0,2627,1288,640,1149,103,410,0,0,0,1246,26344,208,208,0,105,0,1254,212
 51610,0,26815,1169,848,1904,2379,529,26243,26142,0,0,519,1365,0,2627,1288,640,1149,103,410,0,0,0,1246,26349,208,208,0,105,0,1254,212
 51615,0,26820,1169,848,1904,2379,529,26248,26147,0,0,519,1365,0,2627,1288,640,1149,103,410,0,0,0,1246,26354,208,208,0,105,0,1254,212
 51620,0,26825,1169,848,1904,2379,529,26253,26152,0,0,519,1365,0,2627,1288,640,1149,103,410,0,0,0,1246,26359,208,208,0,105,0,1254,212
 51625,0,26830,1169,848,1904,2379,529,26258,26157,0,0,519,1365,0,2627,1288,640,1149,103,410,0,0,0,1246,26364,208,208,0,105,0,1254,212
 51630,0,26835,1169,848,1904,2379,529,26263,26162,0,0,519,1365,0,2627,1288,640,1149,103,410,0,0,0,1246,26369,208,208,0,105,0,1254,212
 51635,0,26840,1169,848,1904,2379,529,26268,26167,0,0,519,1365,0,2627,1288,640,1149,103,410,0,0,0,1246,26374,208,208,0,105,0,1254,212
 51640,0,26845,1169,848,1904,2379,529,26273,26172,0,0,519,1365,0,2627,1288,640,1149,103,410,0,0,0,1246,26379,208,208,0,105,0,1254,212
 51645,0,26850,1169,848,1904,2379,529,26278,26177,0,0,519,1365,0,2627,1288,640,1149,103,410,0,0,0,1246,26384,208,208,0,105,0,1254,212
 51650,0,26855,1169,848,1904,2379,529,26283,26182,0,0,519,1365,0,2627,1288,640,1149,103,410,0,0,0,1246,26389,208,208,0,105,0,1254,212
 51655,0,26855,1169,848,1904,2379,529,26288,26187,0,0,519,1365,0,2627,1288,640,1149,103,410,0,0,0,1246,26394,208,208,0,105,0,1254,212
 51660,0,26855,1169,848,1904,2379,529,26293,26192,0,0,519,1365,0,2627,1288,640,1149,103,410,0,0,0,1246,26399,208,208,0,105,0,1254,212
 51665,0,26855,1169,848,1904,2379,529,26298,26197,0,0,519,1365,0,2627,1288,640,1149,103,410,0,0,0,1246,26404,208,208,0,105,0,1254,212
 51670,0,26855,1169,848,1904,2379,529,26303,26201,0,0,519,1365,0,2627,1288,640,1149,103,410,0,0,0,1246,26409,208,208,0,105,0,1254,212
 51675,0,26855,1169,848,1904,2379,529,26308,26201,0,0,519,1365,0,2627,1288,640,1149,103,410,0,0,0,1246,26413,208,208,0,105,0,1254,212
 51680,0,26855,1169,848,1904,2379,529,26313,26201,0,0,519,1365,0,2627,1288,640,1149,103,410,0,0,0,1246,26413,208,208,0,105,0,1254,212
 51685,0,26855,1169,848,1904,2379,529,26318,26201,0,0,519,1365,0,2627,1288,640,1149,103,410,0,0,0,1246,26413,208,208,0,105,0,1254,212
 51690,0,26855,1169,848,1904,2379,529,26323,26201,0,0,519,1365,0,2627,1288,640,1149,103,410,0,0,0,1246,26413,208,208,0,105,0,1254,212
 51695,0,26855,1169,848,1904,2379,529,26327,26201,0,0,519,1365,0,2627,1288,640,1149,103,410,0,0,0,1246,26413,208,208,0,105,0,1254,212
 51700,0,26855,1169,848,1904,2379,529,26327,26201,0,0,519,1365,0,2627,1288,640,1149,103,410,0,0,0,1246,26413,208,208,0,105,0,1254,212
 51705,0,26855,1169,848,1904,2379,529,26327,26201,0,0,519,1365,0,2627,1288,640,1149,103,410,0,0,0,1246,26413,208,208,0,105,0,1254,212
 51710,0,26855,1169,848,1904,2379,529,26327,26201,0,0,519,1365,0,2627,1288,640,1149,103,410,0,0,0,1246,26413,208,208,0,105,0,1254,212
 51715,0,26855,1169,848,1904,2379,529,26327,26201,0,0,519,1365,0,2627,1288,640,1149,103,410,0,0,0,1246,26413,208,208,0,105,0,1254,212
 51720,0,26855,1169,848,1904,2379,529,26327,26201,0,0,519,1365,0,2627,1288,640,1149,103,410,0,0,0,1246,26413,208,208,0,105,0,1254,212
 51725,0,26856,1169,848,1904,2379,529,26327,26201,0,0,519,1365,0,2627,1288,640,1149,103,410,0,0,0,1246,26413,208,208,0,105,0,1254,212
 51730,0,26861,1169,848,1904,2379,529,26327,26201,0,0,519,1365,0,2627,1288,640,1149,103,410,0,0,0,1246,26413,208,208,0,105,0,1254,212
 51735,0,26866,1169,848,1904,2379,529,26327,26201,0,0,519,1365,0,2627,1288,640,1149,103,410,0,0,0,1246,26413,208,208,0,105,0,1254,212
 51740,0,26871,1169,848,1904,2379,529,26327,26201,0,0,519,1365,0,2627,1288,640,1149,103,410,0,0,0,1246,26413,208,208,0,105,0,1254,212
 51745,0,26876,1169,848,1904,2379,529,26327,26201,0,0,519,1365,0,2627,1288,640,1149,103,410,0,0,0,1246,26413,208,208,0,105,0,1254,212
 51750,0,26881,1169,848,1904,2379,529,26327,26201,0,0,519,1365,0,2627,1288,640,1149,103,410,0,0,0,1246,26413,208,208,0,105,0,1254,212
 51755,0,26886,1169,848,1904,2379,529,26327,26201,0,0,519,1365,0,2627,1288,640,1149,103,410,0,0,0,1246,26413,208,208,0,105,0,1254,212
 51760,0,26891,1169,848,1904,2379,529,26327,26201,0,0,519,1365,0,2627,1288,640,1149,103,410,0,0,0,1246,26416,208,208,0,105,0,1254,212
 51765,0,26896,1169,848,1904,2379,529,26327,26201,0,0,519,1365,0,2627,1288,640,1149,103,410,0,0,0,1246,26421,208,208,0,105,0,1254,212
 51770,0,26901,1169,848,1904,2379,529,26327,26201,0,0,519,1365,0,2627,1288,640,1149,103,410,0,0,0,1246,26426,208,208,0,105,0,1254,212
 51775,0,26906,1169,848,1904,2379,529,26327,26201,0,0,519,1365,0,2627,1288,640,1149,103,410,0,0,0,1246,26431,208,208,0,105,0,1254,212
 51780,0,26911,1169,848,1904,2379,529,26327,26201,0,0,519,1365,0,2627,1288,640,1149,103,410,0,0,0,1246,26436,208,208,0,105,0,1254,212
 51785,0,26916,1169,848,1904,2379,529,26327,26201,0,0,519,1365,0,2627,1288,640,1149,103,410,0,0,0,1246,26441,208,208,0,105,0,1254,212
 51790,0,26921,1169,848,1904,2379,529,26327,26201,0,0,519,1365,0,2627,1288,640,1149,103,410,0,0,0,1246,26446,208,208,0,105,0,1254,212
 51795,0,26926,1169,848,1904,2379,529,26327,26201,0,0,519,1365,0,2627,1288,640,1149,103,410,0,0,0,1246,26451,208,208,0,105,0,1254,212
 51800,0,26931,1169,848,1904,2379,529,26327,26201,0,0,519,1365,0,2627,1288,640,1149,103,410,0,0,0,1246,26456,208,208,0,105,0,1254,212
 51805,0,26936,1169,848,1904,2379,529,26327,26201,0,0,519,1365,0,2627,1288,640,1149,103,410,0,0,0,1246,26461,208,208,0,105,0,1254,212
 51810,0,26941,1169,848,1904,2379,529,26327,26201,0,0,519,1365,0,2627,1288,640,1149,103,410,0,0,0,1246,26466,208,208,0,105,0,1254,212
 51815,0,26946,1169,848,1904,2379,529,26327,26201,0,0,519,1365,0,2627,1288,640,1149,103,410,0,0,0,1246,26471,208,208,0,105,0,1254,212
 51820,0,26951,1169,848,1904,2379,529,26327,26201,0,0,519,1365,0,2627,1288,640,1149,103,410,0,0,0,1246,26476,208,208,0,105,0,1254,212
 51825,0,26956,1169,848,1904,2379,529,26327,26201,0,0,519,1365,0,2627,1288,640,1149,103,410,0,0,0,1246,26481,208,208,0,105,0,1254,212
 51830,0,26956,1169,848,1904,2379,529,26327,26201,0,0,519,1365,0,2627,1288,640,1149,103,410,0,0,0,1246,26486,208,208,0,105,0,1254,212
 51835,0,26956,1169,848,1904,2379,529,26327,26201,0,0,519,1365,0,2627,1288,640,1149,103,410,0,0,0,1246,26491,208,208,0,105,0,1254,212
 51840,0,26956,1169,848,1904,2379,529,26327,26201,0,0,519,1365,0,2627,1288,640,1149,103,410,0,0,0,1246,26496,208,208,0,105,0,1254,212
 51845,0,26956,1169,848,1904,2379,529,26327,26201,0,0,519,1365,0,2627,1288,640,1149,103,410,0,0,0,1246,26501,208,208,0,105,0,1254,212
 51850,0,26956,1169,848,1904,2379,529,26327,26201,0,0,519,1365,0,2627,1288,640,1149,103,410,0,0,0,1246,26506,208,208,0,105,0,1254,212
 51855,0,26956,1169,848,1904,2379,529,26327,26201,0,0,519,1365,0,2627,1288,640,1149,103,410,0,0,0,1246,26511,208,208,0,105,0,1254,212
 51860,0,26956,1169,848,1904,2379,529,26327,26201,0,0,519,1365,0,2627,1288,640,1149,103,410,0,0,0,1246,26516,208,208,0,105,0,1254,212
 51865,0,26956,1169,848,1904,2379,529,26327,26206,0,0,519,1365,0,2627,1288,640,1149,103,410,0,0,0,1246,26518,208,208,0,105,0,1254,212
 51870,0,26957,1169,848,1904,2379,529,26327,26211,0,0,519,1365,0,2627,1288,640,1149,103,410,0,0,0,1246,26518,208,208,0,105,0,1254,212
 51875,0,26962,1169,848,1904,2379,529,26327,26216,0,0,519,1365,0,2627,1288,640,1149,103,410,0,0,0,1246,26518,208,208,0,105,0,1254,212
 51880,0,26967,1169,848,1904,2379,529,26327,26221,0,0,519,1365,0,2627,1288,640,1149,103,410,0,0,0,1246,26518,208,208,0,105,0,1254,212
 51885,0,26972,1169,848,1904,2379,529,26332,26226,0,0,519,1365,0,2627,1288,640,1149,103,410,0,0,0,1246,26518,208,208,0,105,0,1254,212
 51890,0,26977,1169,848,1904,2379,529,26337,26231,0,0,519,1365,0,2627,1288,640,1149,103,410,0,0,0,1246,26518,208,208,0,105,0,1254,212
 51895,0,26982,1169,848,1904,2379,529,26342,26236,0,0,519,1365,0,2627,1288,640,1149,103,410,0,0,0,1246,26518,208,208,0,105,0,1254,212
 51900,0,26987,1169,848,1904,2379,529,26347,26241,0,0,519,1365,0,2627,1288,640,1149,103,410,0,0,0,1246,26518,208,208,0,105,0,1254,212
 51905,0,26992,1169,848,1904,2379,529,26352,26246,0,0,519,1365,0,2627,1288,640,1149,103,410,0,0,0,1246,26518,208,208,0,105,0,1254,212
 51910,0,26997,1169,848,1904,2379,529,26357,26251,0,0,519,1365,0,2627,1288,640,1149,103,410,0,0,0,1246,26518,208,208,0,105,0,1254,212
 51915,0,27002,1169,848,1904,2379,529,26362,26256,0,0,519,1365,0,2627,1288,640,1149,103,410,0,0,0,1246,26517,208,208,0,105,0,1254,212
 51920,0,27007,1169,848,1904,2379,529,26367,26261,0,0,519,1365,0,2627,1288,640,1149,103,410,0,0,0,1246,26522,208,208,0,105,0,1254,212
 51925,0,27012,1169,848,1904,2379,529,26372,26266,0,0,519,1365,0,2627,1288,640,1149,103,410,0,0,0,1246,26527,208,208,0,105,0,1254,212
 51930,0,27017,1169,848,1904,2379,529,26377,26271,0,0,519,1365,0,2627,1288,640,1149,103,410,0,0,0,1246,26532,208,208,0,105,0,1254,212
 51935,0,27022,1169,848,1904,2379,529,26382,26276,0,0,519,1365,0,2627,1288,640,1149,103,410,0,0,0,1246,26537,208,208,0,105,0,1254,212
 51940,0,27027,1169,848,1904,2379,529,26387,26281,0,0,519,1365,0,2627,1288,640,1149,103,410,0,0,0,1246,26542,208,208,0,105,0,1254,212
 51945,0,27032,1169,848,1904,2379,529,26392,26286,0,0,519,1365,0,2627,1288,640,1149,103,410,0,0,0,1246,26547,208,208,0,105,0,1254,212
 51950,0,27037,1169,848,1904,2379,529,26397,26291,0,0,519,1365,0,2627,1288,640,1149,103,410,0,0,0,1246,26552,208,208,0,105,0,1254,212
 51955,0,27042,1169,848,1904,2379,529,26402,26296,0,0,519,1365,0,2627,1288,640,1149,103,410,0,0,0,1246,26557,208,208,0,105,0,1254,212
 51960,0,27047,1169,848,1904,2379,529,26407,26301,0,0,519,1365,0,2627,1288,640,1149,103,410,0,0,0,1246,26562,208,208,0,105,0,1254,212
 51965,0,27052,1169,848,1904,2379,529,26412,26304,0,0,519,1365,0,2627,1288,640,1149,103,410,0,0,0,1246,26567,208,208,0,105,0,1254,212
 51970,0,27057,1169,848,1904,2379,529,26417,26304,0,0,519,1365,0,2627,1288,640,1149,103,410,0,0,0,1246,26572,208,208,0,105,0,1254,212
 51975,0,27061,1169,848,1904,2379,529,26422,26304,0,0,519,1365,0,2627,1288,640,1149,103,410,0,0,0,1246,26577,208,208,0,105,0,1254,212
 51980,0,27061,1169,848,1904,2379,529,26427,26304,0,0,519,1365,0,2627,1288,640,1149,103,410,0,0,0,1246,26582,208,208,0,105,0,1254,212
 51985,0,27061,1169,848,1904,2379,529,26432,26304,0,0,519,1365,0,2627,1288,640,1149,103,410,0,0,0,1246,26587,208,208,0,105,0,1254,212
 51990,0,27061,1169,848,1904,2379,529,26432,26304,0,0,519,1365,0,2627,1288,640,1149,103,410,0,0,0,1246,26592,208,208,0,105,0,1254,212
 51995,0,27061,1169,848,1904,2379,529,26432,26304,0,0,519,1365,0,2627,1288,640,1149,103,410,0,0,0,1246,26597,208,208,0,105,0,1254,212
 52000,0,27061,1169,848,1904,2379,529,26432,26304,0,0,519,1365,0,2627,1288,640,1149,103,410,0,0,0,1246,26602,208,208,0,105,0,1254,212
 52005,0,27061,1169,848,1904,2379,529,26432,26304,0,0,519,1365,0,2627,1288,640,1149,103,410,0,0,0,1246,26607,208,208,0,105,0,1254,212
 52010,0,27061,1169,848,1904,2379,529,26432,26304,0,0,519,1365,0,2627,1288,640,1149,103,410,0,0,0,1246,26612,208,208,0,105,0,1254,212
 52015,0,27061,1169,848,1904,2379,529,26432,26304,0,0,519,1365,0,2627,1288,640,1149,103,410,0,0,0,1246,26617,208,208,0,105,0,1254,212
 52020,0,27061,1169,848,1904,2379,529,26432,26304,0,0,519,1365,0,2627,1288,640,1149,103,410,0,0,0,1246,26623,208,208,0,105,0,1254,212
 52025,0,27061,1169,848,1904,2379,529,26432,26304,0,0,519,1365,0,2627,1288,640,1149,103,410,0,0,0,1246,26623,208,208,0,105,0,1254,212
 52030,0,27061,1169,848,1904,2379,529,26432,26304,0,0,519,1365,0,2627,1288,640,1149,103,410,0,0,0,1246,26623,208,208,0,105,0,1254,212
 52035,0,27061,1169,848,1904,2379,529,26432,26304,0,0,519,1365,0,2627,1288,640,1149,103,410,0,0,0,1246,26623,208,208,0,105,0,1254,212
 52040,0,27061,1169,848,1904,2379,529,26432,26304,0,0,519,1365,0,2627,1288,640,1149,103,410,0,0,0,1246,26623,208,208,0,105,0,1254,212
 52045,0,27061,1169,848,1904,2379,529,26432,26304,0,0,519,1365,0,2627,1288,640,1149,103,410,0,0,0,1246,26623,208,208,0,105,0,1254,212
 52050,0,27061,1169,848,1904,2379,529,26432,26304,0,0,519,1365,0,2627,1288,640,1149,103,410,0,0,0,1246,26623,208,208,0,105,0,1254,212
 52055,0,27061,1169,848,1904,2379,529,26432,26304,0,0,519,1365,0,2627,1288,640,1149,103,410,0,0,0,1246,26623,208,208,0,105,0,1254,212
 52060,0,27061,1169,848,1904,2379,529,26432,26304,0,0,519,1365,0,2627,1288,640,1149,103,410,0,0,0,1246,26623,208,208,0,105,0,1254,212
 52065,0,27061,1169,848,1904,2379,529,26432,26304,0,0,519,1365,0,2627,1288,640,1149,103,410,0,0,0,1246,26623,208,208,0,105,0,1254,212
 52070,0,27061,1169,848,1904,2379,529,26432,26304,0,0,519,1365,0,2627,1288,640,1149,103,410,0,0,0,1246,26623,208,208,0,105,0,1254,212
 52075,0,27061,1169,848,1904,2379,529,26432,26304,0,0,519,1365,0,2627,1288,640,1149,103,410,0,0,0,1246,26623,208,208,0,105,0,1254,212
 52080,0,27061,1169,848,1904,2379,529,26432,26304,0,0,519,1365,0,2627,1288,640,1149,103,410,0,0,0,1246,26623,208,208,0,105,0,1254,212
 52085,0,27061,1169,848,1904,2379,529,26431,26304,0,0,519,1365,0,2627,1288,640,1149,103,410,0,0,0,1246,26623,208,208,0,105,0,1254,212
 52090,0,27062,1169,848,1904,2379,529,26436,26304,0,0,519,1365,0,2627,1288,640,1149,103,410,0,0,0,1246,26623,208,208,0,105,0,1254,212
 52095,0,27067,1169,848,1904,2379,529,26441,26306,0,0,519,1365,0,2627,1288,640,1149,103,410,0,0,0,1246,26623,208,208,0,105,0,1254,212
 52100,0,27072,1169,848,1904,2379,529,26446,26311,0,0,519,1365,0,2627,1288,640,1149,103,410,0,0,0,1246,26622,208,208,0,105,0,1254,212
 52105,0,27077,1169,848,1904,2379,529,26451,26316,0,0,519,1365,0,2627,1288,640,1149,103,410,0,0,0,1246,26627,208,208,0,105,0,1254,212
 52110,0,27082,1169,848,1904,2379,529,26456,26321,0,0,519,1365,0,2627,1288,640,1149,103,410,0,0,0,1246,26632,208,208,0,105,0,1254,212
 52115,0,27087,1169,848,1904,2379,529,26461,26326,0,0,519,1365,0,2627,1288,640,1149,103,410,0,0,0,1246,26637,208,208,0,105,0,1254,212
 52120,0,27092,1169,848,1904,2379,529,26466,26331,0,0,519,1365,0,2627,1288,640,1149,103,410,0,0,0,1246,26642,208,208,0,105,0,1254,212
 52125,0,27097,1169,848,1904,2379,529,26471,26336,0,0,519,1365,0,2627,1288,640,1149,103,410,0,0,0,1246,26647,208,208,0,105,0,1254,212
 52130,0,27102,1169,848,1904,2379,529,26476,26341,0,0,519,1365,0,2627,1288,640,1149,103,410,0,0,0,1246,26652,208,208,0,105,0,1254,212
 52135,0,27107,1169,848,1904,2379,529,26481,26346,0,0,519,1365,0,2627,1288,640,1149,103,410,0,0,0,1246,26657,208,208,0,105,0,1254,212
 52140,0,27112,1169,848,1904,2379,529,26486,26351,0,0,519,1365,0,2627,1288,640,1149,103,410,0,0,0,1246,26662,208,208,0,105,0,1254,212
 52145,0,27117,1169,848,1904,2379,529,26491,26356,0,0,519,1365,0,2627,1288,640,1149,103,410,0,0,0,1246,26667,208,208,0,105,0,1254,212
 52150,0,27122,1169,848,1904,2379,529,26496,26361,0,0,519,1365,0,2627,1288,640,1149,103,410,0,0,0,1246,26672,208,208,0,105,0,1254,212
 52155,0,27127,1169,848,1904,2379,529,26501,26366,0,0,519,1365,0,2627,1288,640,1149,103,410,0,0,0,1246,26677,208,208,0,105,0,1254,212
 52160,0,27132,1169,848,1904,2379,529,26506,26371,0,0,519,1365,0,2627,1288,640,1149,103,410,0,0,0,1246,26682,208,208,0,105,0,1254,212
 52165,0,27137,1169,848,1904,2379,529,26511,26376,0,0,519,1365,0,2627,1288,640,1149,103,410,0,0,0,1246,26687,208,208,0,105,0,1254,212
 52170,0,27142,1169,848,1904,2379,529,26516,26381,0,0,519,1365,0,2627,1288,640,1149,103,410,0,0,0,1246,26692,208,208,0,105,0,1254,212
 52175,0,27147,1169,848,1904,2379,529,26521,26386,0,0,519,1365,0,2627,1288,640,1149,103,410,0,0,0,1246,26697,208,208,0,105,0,1254,212
 52180,0,27152,1169,848,1904,2379,529,26526,26391,0,0,519,1365,0,2627,1288,640,1149,103,410,0,0,0,1246,26702,208,208,0,105,0,1254,212
 52185,0,27157,1169,848,1904,2379,529,26531,26396,0,0,519,1365,0,2627,1288,640,1149,103,410,0,0,0,1246,26707,208,208,0,105,0,1254,212
 52190,0,27162,1169,848,1904,2379,529,26535,26401,0,0,519,1365,0,2627,1288,640,1149,103,410,0,0,0,1246,26712,208,208,0,105,0,1254,212
 52195,0,27166,1169,848,1904,2379,529,26535,26406,0,0,519,1365,0,2627,1288,640,1149,103,410,0,0,0,1246,26717,208,208,0,105,0,1254,212
 52200,0,27166,1169,848,1904,2379,529,26535,26409,0,0,519,1365,0,2627,1288,640,1149,103,410,0,0,0,1246,26722,208,208,0,105,0,1254,212
 52205,0,27166,1169,848,1904,2379,529,26535,26409,0,0,519,1365,0,2627,1288,640,1149,103,410,0,0,0,1246,26728,208,208,0,105,0,1254,212
 52210,0,27166,1169,848,1904,2379,529,26535,26409,0,0,519,1365,0,2627,1288,640,1149,103,410,0,0,0,1246,26728,208,208,0,105,0,1254,212
 52215,0,27166,1169,848,1904,2379,529,26535,26409,0,0,519,1365,0,2627,1288,640,1149,103,410,0,0,0,1246,26728,208,208,0,105,0,1254,212
 52220,0,27166,1169,848,1904,2379,529,26535,26409,0,0,519,1365,0,2627,1288,640,1149,103,410,0,0,0,1246,26728,208,208,0,105,0,1254,212
 52225,0,27166,1169,848,1904,2379,529,26535,26409,0,0,519,1365,0,2627,1288,640,1149,103,410,0,0,0,1246,26728,208,208,0,105,0,1254,212
 52230,0,27166,1169,848,1904,2379,529,26535,26409,0,0,519,1365,0,2627,1288,640,1149,103,410,0,0,0,1246,26728,208,208,0,105,0,1254,212
 52235,0,27166,1169,848,1904,2379,529,26535,26409,0,0,519,1365,0,2627,1288,640,1149,103,410,0,0,0,1246,26728,208,208,0,105,0,1254,212
 52240,0,27166,1169,848,1904,2379,529,26535,26409,0,0,519,1365,0,2627,1288,640,1149,103,410,0,0,0,1246,26728,208,208,0,105,0,1254,212
 52245,0,27166,1169,848,1904,2379,529,26535,26409,0,0,519,1365,0,2627,1288,640,1149,103,410,0,0,0,1246,26728,208,208,0,105,0,1254,212
 52250,0,27166,1169,848,1904,2379,529,26535,26409,0,0,519,1365,0,2627,1288,640,1149,103,410,0,0,0,1246,26728,208,208,0,105,0,1254,212
 52255,0,27166,1169,848,1904,2379,529,26535,26409,0,0,519,1365,0,2627,1288,640,1149,103,410,0,0,0,1246,26728,208,208,0,105,0,1254,212
 52260,0,27166,1169,848,1904,2379,529,26535,26409,0,0,519,1365,0,2627,1288,640,1149,103,410,0,0,0,1246,26728,208,208,0,105,0,1254,212
 52265,0,27166,1169,848,1904,2379,529,26535,26409,0,0,519,1365,0,2627,1288,640,1149,103,410,0,0,0,1246,26728,208,208,0,105,0,1254,212
 52270,0,27166,1169,848,1904,2379,529,26535,26409,0,0,519,1365,0,2627,1288,640,1149,103,410,0,0,0,1246,26728,208,208,0,105,0,1254,212
 52275,0,27166,1169,848,1904,2379,529,26535,26409,0,0,519,1365,0,2627,1288,640,1149,103,410,0,0,0,1246,26728,208,208,0,105,0,1254,212
 52280,0,27166,1169,848,1904,2379,529,26535,26409,0,0,519,1365,0,2627,1288,640,1149,103,410,0,0,0,1246,26728,208,208,0,105,0,1254,212
 52285,0,27166,1169,848,1904,2379,529,26535,26409,0,0,519,1365,0,2627,1288,640,1149,103,410,0,0,0,1246,26728,208,208,0,105,0,1254,212
 52290,0,27166,1169,848,1904,2379,529,26535,26409,0,0,519,1365,0,2627,1288,640,1149,103,410,0,0,0,1246,26728,208,208,0,105,0,1254,212
 52295,0,27167,1169,848,1904,2379,529,26535,26409,0,0,519,1365,0,2627,1288,640,1149,103,410,0,0,0,1246,26728,208,208,0,105,0,1254,212
 52300,0,27172,1169,848,1904,2379,529,26535,26409,0,0,519,1365,0,2627,1288,640,1149,103,410,0,0,0,1246,26728,208,208,0,105,0,1254,212
 52305,0,27177,1169,848,1904,2379,529,26535,26409,0,0,519,1365,0,2627,1288,640,1149,103,410,0,0,0,1246,26728,208,208,0,105,0,1254,212
 52310,0,27182,1169,848,1904,2379,529,26535,26409,0,0,519,1365,0,2627,1288,640,1149,103,410,0,0,0,1246,26731,208,208,0,105,0,1254,212
 52315,0,27187,1169,848,1904,2379,529,26535,26409,0,0,519,1365,0,2627,1288,640,1149,103,410,0,0,0,1246,26736,208,208,0,105,0,1254,212
 52320,0,27192,1169,848,1904,2379,529,26535,26411,0,0,519,1365,0,2627,1288,640,1149,103,410,0,0,0,1246,26741,208,208,0,105,0,1254,212
 52325,0,27197,1169,848,1904,2379,529,26535,26416,0,0,519,1365,0,2627,1288,640,1149,103,410,0,0,0,1246,26746,208,208,0,105,0,1254,212
 52330,0,27202,1169,848,1904,2379,529,26535,26421,0,0,519,1365,0,2627,1288,640,1149,103,410,0,0,0,1246,26751,208,208,0,105,0,1254,212
 52335,0,27207,1169,848,1904,2379,529,26535,26426,0,0,519,1365,0,2627,1288,640,1149,103,410,0,0,0,1246,26756,208,208,0,105,0,1254,212
 52340,0,27212,1169,848,1904,2379,529,26535,26431,0,0,519,1365,0,2627,1288,640,1149,103,410,0,0,0,1246,26761,208,208,0,105,0,1254,212
 52345,0,27217,1169,848,1904,2379,529,26535,26436,0,0,519,1365,0,2627,1288,640,1149,103,410,0,0,0,1246,26766,208,208,0,105,0,1254,212
 52350,0,27222,1169,848,1904,2379,529,26535,26441,0,0,519,1365,0,2627,1288,640,1149,103,410,0,0,0,1246,26771,208,208,0,105,0,1254,212
 52355,0,27227,1169,848,1904,2379,529,26536,26446,0,0,519,1365,0,2627,1288,640,1149,103,410,0,0,0,1246,26776,208,208,0,105,0,1254,212
 52360,0,27232,1169,848,1904,2379,529,26541,26451,0,0,519,1365,0,2627,1288,640,1149,103,410,0,0,0,1246,26781,208,208,0,105,0,1254,212
 52365,0,27237,1169,848,1904,2379,529,26546,26456,0,0,519,1365,0,2627,1288,640,1149,103,410,0,0,0,1246,26786,208,208,0,105,0,1254,212
 52370,0,27242,1169,848,1904,2379,529,26551,26461,0,0,519,1365,0,2627,1288,640,1149,103,410,0,0,0,1246,26791,208,208,0,105,0,1254,212
 52375,0,27247,1169,848,1904,2379,529,26556,26466,0,0,519,1365,0,2627,1288,640,1149,103,410,0,0,0,1246,26796,208,208,0,105,0,1254,212
 52380,0,27252,1169,848,1904,2379,529,26561,26471,0,0,519,1365,0,2627,1288,640,1149,103,410,0,0,0,1246,26801,208,208,0,105,0,1254,212
 52385,0,27257,1169,848,1904,2379,529,26566,26476,0,0,519,1365,0,2627,1288,640,1149,103,410,0,0,0,1246,26806,208,208,0,105,0,1254,212
 52390,0,27262,1169,848,1904,2379,529,26571,26481,0,0,519,1365,0,2627,1288,640,1149,103,410,0,0,0,1246,26811,208,208,0,105,0,1254,212
 52395,0,27267,1169,848,1904,2379,529,26576,26486,0,0,519,1365,0,2627,1288,640,1149,103,410,0,0,0,1246,26816,208,208,0,105,0,1254,212
 52400,0,27267,1169,848,1904,2379,529,26581,26491,0,0,519,1365,0,2627,1288,640,1149,103,410,0,0,0,1246,26821,208,208,0,105,0,1254,212
 52405,0,27267,1169,848,1904,2379,529,26586,26496,0,0,519,1365,0,2627,1288,640,1149,103,410,0,0,0,1246,26826,208,208,0,105,0,1254,212
 52410,0,27267,1169,848,1904,2379,529,26591,26501,0,0,519,1365,0,2627,1288,640,1149,103,410,0,0,0,1246,26831,208,208,0,105,0,1254,212
 52415,0,27267,1169,848,1904,2379,529,26596,26506,0,0,519,1365,0,2627,1288,640,1149,103,410,0,0,0,1246,26831,208,208,0,105,0,1254,212
 52420,0,27267,1169,848,1904,2379,529,26601,26511,0,0,519,1365,0,2627,1288,640,1149,103,410,0,0,0,1246,26831,208,208,0,105,0,1254,212
 52425,0,27267,1169,848,1904,2379,529,26606,26514,0,0,519,1365,0,2627,1288,640,1149,103,410,0,0,0,1246,26831,208,208,0,105,0,1254,212
 52430,0,27267,1169,848,1904,2379,529,26611,26514,0,0,519,1365,0,2627,1288,640,1149,103,410,0,0,0,1246,26831,208,208,0,105,0,1254,212
 52435,0,27267,1169,848,1904,2379,529,26616,26514,0,0,519,1365,0,2627,1288,640,1149,103,410,0,0,0,1246,26831,208,208,0,105,0,1254,212
 52440,0,27267,1169,848,1904,2379,529,26621,26514,0,0,519,1365,0,2627,1288,640,1149,103,410,0,0,0,1246,26831,208,208,0,105,0,1254,212
 52445,0,27267,1169,848,1904,2379,529,26626,26514,0,0,519,1365,0,2627,1288,640,1149,103,410,0,0,0,1246,26831,208,208,0,105,0,1254,212
 52450,0,27267,1169,848,1904,2379,529,26631,26514,0,0,519,1365,0,2627,1288,640,1149,103,410,0,0,0,1246,26831,208,208,0,105,0,1254,212
 52455,0,27267,1169,848,1904,2379,529,26636,26514,0,0,519,1365,0,2627,1288,640,1149,103,410,0,0,0,1246,26831,208,208,0,105,0,1254,212
 52460,0,27267,1169,848,1904,2379,529,26638,26514,0,0,519,1365,0,2627,1288,640,1149,103,410,0,0,0,1246,26831,208,208,0,105,0,1254,212
 52465,0,27267,1169,848,1904,2379,529,26638,26514,0,0,519,1365,0,2627,1288,640,1149,103,410,0,0,0,1246,26831,208,208,0,105,0,1254,212
 52470,0,27267,1169,848,1904,2379,529,26638,26514,0,0,519,1365,0,2627,1288,640,1149,103,410,0,0,0,1246,26831,208,208,0,105,0,1254,212
 52475,0,27267,1169,848,1904,2379,529,26638,26514,0,0,519,1365,0,2627,1288,640,1149,103,410,0,0,0,1246,26831,208,208,0,105,0,1254,212
 52480,0,27267,1169,848,1904,2379,529,26638,26514,0,0,519,1365,0,2627,1288,640,1149,103,410,0,0,0,1246,26831,208,208,0,105,0,1254,212
 52485,0,27267,1169,848,1904,2379,529,26638,26514,0,0,519,1365,0,2627,1288,640,1149,103,410,0,0,0,1246,26831,208,208,0,105,0,1254,212
 52490,0,27267,1169,848,1904,2379,529,26638,26514,0,0,519,1365,0,2627,1288,640,1149,103,410,0,0,0,1246,26831,208,208,0,105,0,1254,212
 52495,0,27267,1169,848,1904,2379,529,26638,26514,0,0,519,1365,0,2627,1288,640,1149,103,410,0,0,0,1246,26831,208,208,0,105,0,1254,212
 52500,0,27267,1169,848,1904,2379,529,26638,26514,0,0,519,1365,0,2627,1288,640,1149,103,410,0,0,0,1246,26831,208,208,0,105,0,1254,212
 52505,0,27267,1169,848,1904,2379,529,26638,26514,0,0,519,1365,0,2627,1288,640,1149,103,410,0,0,0,1246,26831,208,208,0,105,0,1254,212
 52510,0,27267,1169,848,1904,2379,529,26638,26514,0,0,519,1365,0,2627,1288,640,1149,103,410,0,0,0,1246,26831,208,208,0,105,0,1254,212
 52515,0,27267,1169,848,1904,2379,529,26638,26517,0,0,519,1365,0,2627,1288,640,1149,103,410,0,0,0,1246,26831,208,208,0,105,0,1254,212
 52520,0,27267,1169,848,1904,2379,529,26638,26522,0,0,519,1365,0,2627,1288,640,1149,103,410,0,0,0,1246,26831,208,208,0,105,0,1254,212
 52525,0,27267,1169,848,1904,2379,529,26638,26527,0,0,519,1365,0,2627,1288,640,1149,103,410,0,0,0,1246,26831,208,208,0,105,0,1254,212
 52530,0,27267,1169,848,1904,2379,529,26637,26532,0,0,519,1365,0,2627,1288,640,1149,103,410,0,0,0,1246,26836,208,208,0,105,0,1254,212
 52535,0,27268,1169,848,1904,2379,529,26642,26537,0,0,519,1365,0,2627,1288,640,1149,103,410,0,0,0,1246,26841,208,208,0,105,0,1254,212
 52540,0,27273,1169,848,1904,2379,529,26647,26542,0,0,519,1365,0,2627,1288,640,1149,103,410,0,0,0,1246,26846,208,208,0,105,0,1254,212
 52545,0,27278,1169,848,1904,2379,529,26652,26547,0,0,519,1365,0,2627,1288,640,1149,103,410,0,0,0,1246,26851,208,208,0,105,0,1254,212
 52550,0,27283,1169,848,1904,2379,529,26657,26552,0,0,519,1365,0,2627,1288,640,1149,103,410,0,0,0,1246,26856,208,208,0,105,0,1254,212
 52555,0,27288,1169,848,1904,2379,529,26662,26557,0,0,519,1365,0,2627,1288,640,1149,103,410,0,0,0,1246,26861,208,208,0,105,0,1254,212
 52560,0,27293,1169,848,1904,2379,529,26667,26562,0,0,519,1365,0,2627,1288,640,1149,103,410,0,0,0,1246,26866,208,208,0,105,0,1254,212
 52565,0,27298,1169,848,1904,2379,529,26672,26567,0,0,519,1365,0,2627,1288,640,1149,103,410,0,0,0,1246,26871,208,208,0,105,0,1254,212
 52570,0,27303,1169,848,1904,2379,529,26677,26572,0,0,519,1365,0,2627,1288,640,1149,103,410,0,0,0,1246,26876,208,208,0,105,0,1254,212
 52575,0,27308,1169,848,1904,2379,529,26682,26577,0,0,519,1365,0,2627,1288,640,1149,103,410,0,0,0,1246,26881,208,208,0,105,0,1254,212
 52580,0,27313,1169,848,1904,2379,529,26687,26582,0,0,519,1365,0,2627,1288,640,1149,103,410,0,0,0,1246,26886,208,208,0,105,0,1254,212
 52585,0,27318,1169,848,1904,2379,529,26692,26587,0,0,519,1365,0,2627,1288,640,1149,103,410,0,0,0,1246,26891,208,208,0,105,0,1254,212
 52590,0,27323,1169,848,1904,2379,529,26697,26592,0,0,519,1365,0,2627,1288,640,1149,103,410,0,0,0,1246,26896,208,208,0,105,0,1254,212
 52595,0,27328,1169,848,1904,2379,529,26702,26597,0,0,519,1365,0,2627,1288,640,1149,103,410,0,0,0,1246,26901,208,208,0,105,0,1254,212
 52600,0,27333,1169,848,1904,2379,529,26707,26602,0,0,519,1365,0,2627,1288,640,1149,103,410,0,0,0,1246,26906,208,208,0,105,0,1254,212
 52605,0,27338,1169,848,1904,2379,529,26712,26607,0,0,519,1365,0,2627,1288,640,1149,103,410,0,0,0,1246,26911,208,208,0,105,0,1254,212
 52610,0,27343,1169,848,1904,2379,529,26717,26612,0,0,519,1365,0,2627,1288,640,1149,103,410,0,0,0,1246,26916,208,208,0,105,0,1254,212
 52615,0,27348,1169,848,1904,2379,529,26722,26617,0,0,519,1365,0,2627,1288,640,1149,103,410,0,0,0,1246,26921,208,208,0,105,0,1254,212
 52620,0,27353,1169,848,1904,2379,529,26727,26619,0,0,519,1365,0,2627,1288,640,1149,103,410,0,0,0,1246,26926,208,208,0,105,0,1254,212
 52625,0,27358,1169,848,1904,2379,529,26732,26619,0,0,519,1365,0,2627,1288,640,1149,103,410,0,0,0,1246,26931,208,208,0,105,0,1254,212
 52630,0,27363,1169,848,1904,2379,529,26737,26619,0,0,519,1365,0,2627,1288,640,1149,103,410,0,0,0,1246,26934,208,208,0,105,0,1254,212
 52635,0,27368,1169,848,1904,2379,529,26741,26619,0,0,519,1365,0,2627,1288,640,1149,103,410,0,0,0,1246,26934,208,208,0,105,0,1254,212
 52640,0,27372,1169,848,1904,2379,529,26741,26619,0,0,519,1365,0,2627,1288,640,1149,103,410,0,0,0,1246,26934,208,208,0,105,0,1254,212
 52645,0,27372,1169,848,1904,2379,529,26741,26619,0,0,519,1365,0,2627,1288,640,1149,103,410,0,0,0,1246,26934,208,208,0,105,0,1254,212
 52650,0,27372,1169,848,1904,2379,529,26741,26619,0,0,519,1365,0,2627,1288,640,1149,103,410,0,0,0,1246,26934,208,208,0,105,0,1254,212
 52655,0,27372,1169,848,1904,2379,529,26741,26619,0,0,519,1365,0,2627,1288,640,1149,103,410,0,0,0,1246,26934,208,208,0,105,0,1254,212
 52660,0,27372,1169,848,1904,2379,529,26741,26619,0,0,519,1365,0,2627,1288,640,1149,103,410,0,0,0,1246,26934,208,208,0,105,0,1254,212
 52665,0,27372,1169,848,1904,2379,529,26741,26619,0,0,519,1365,0,2627,1288,640,1149,103,410,0,0,0,1246,26934,208,208,0,105,0,1254,212
 52670,0,27372,1169,848,1904,2379,529,26741,26619,0,0,519,1365,0,2627,1288,640,1149,103,410,0,0,0,1246,26934,208,208,0,105,0,1254,212
 52675,0,27372,1169,848,1904,2379,529,26741,26619,0,0,519,1365,0,2627,1288,640,1149,103,410,0,0,0,1246,26934,208,208,0,105,0,1254,212
 52680,0,27372,1169,848,1904,2379,529,26741,26619,0,0,519,1365,0,2627,1288,640,1149,103,410,0,0,0,1246,26934,208,208,0,105,0,1254,212
 52685,0,27372,1169,848,1904,2379,529,26741,26619,0,0,519,1365,0,2627,1288,640,1149,103,410,0,0,0,1246,26934,208,208,0,105,0,1254,212
 52690,0,27372,1169,848,1904,2379,529,26741,26619,0,0,519,1365,0,2627,1288,640,1149,103,410,0,0,0,1246,26934,208,208,0,105,0,1254,212
 52695,0,27372,1169,848,1904,2379,529,26741,26619,0,0,519,1365,0,2627,1288,640,1149,103,410,0,0,0,1246,26934,208,208,0,105,0,1254,212
 52700,0,27372,1169,848,1904,2379,529,26741,26619,0,0,519,1365,0,2627,1288,640,1149,103,410,0,0,0,1246,26934,208,208,0,105,0,1254,212
 52705,0,27372,1169,848,1904,2379,529,26741,26619,0,0,519,1365,0,2627,1288,640,1149,103,410,0,0,0,1246,26934,208,208,0,105,0,1254,212
 52710,0,27372,1169,848,1904,2379,529,26741,26619,0,0,519,1365,0,2627,1288,640,1149,103,410,0,0,0,1246,26934,208,208,0,105,0,1254,212
 52715,0,27372,1169,848,1904,2379,529,26741,26619,0,0,519,1365,0,2627,1288,640,1149,103,410,0,0,0,1246,26934,208,208,0,105,0,1254,212
 52720,0,27372,1169,848,1904,2379,529,26741,26619,0,0,519,1365,0,2627,1288,640,1149,103,410,0,0,0,1246,26934,208,208,0,105,0,1254,212
 52725,0,27371,1169,848,1904,2379,529,26741,26619,0,0,519,1365,0,2627,1288,640,1149,103,410,0,0,0,1246,26934,208,208,0,105,0,1254,212
 52730,0,27376,1169,848,1904,2379,529,26741,26619,0,0,519,1365,0,2627,1288,640,1149,103,410,0,0,0,1246,26934,208,208,0,105,0,1254,212
 52735,0,27381,1169,848,1904,2379,529,26741,26619,0,0,519,1365,0,2627,1288,640,1149,103,410,0,0,0,1246,26933,208,208,0,105,0,1254,212
 52740,0,27386,1169,848,1904,2379,529,26741,26619,0,0,519,1365,0,2627,1288,640,1149,103,410,0,0,0,1246,26938,208,208,0,105,0,1254,212
 52745,0,27391,1169,848,1904,2379,529,26741,26624,0,0,519,1365,0,2627,1288,640,1149,103,410,0,0,0,1246,26943,208,208,0,105,0,1254,212
 52750,0,27396,1169,848,1904,2379,529,26741,26629,0,0,519,1365,0,2627,1288,640,1149,103,410,0,0,0,1246,26948,208,208,0,105,0,1254,212
 52755,0,27401,1169,848,1904,2379,529,26741,26634,0,0,519,1365,0,2627,1288,640,1149,103,410,0,0,0,1246,26953,208,208,0,105,0,1254,212
 52760,0,27406,1169,848,1904,2379,529,26741,26639,0,0,519,1365,0,2627,1288,640,1149,103,410,0,0,0,1246,26958,208,208,0,105,0,1254,212
 52765,0,27411,1169,848,1904,2379,529,26741,26644,0,0,519,1365,0,2627,1288,640,1149,103,410,0,0,0,1246,26963,208,208,0,105,0,1254,212
 52770,0,27416,1169,848,1904,2379,529,26742,26649,0,0,519,1365,0,2627,1288,640,1149,103,410,0,0,0,1246,26968,208,208,0,105,0,1254,212
 52775,0,27421,1169,848,1904,2379,529,26747,26654,0,0,519,1365,0,2627,1288,640,1149,103,410,0,0,0,1246,26973,208,208,0,105,0,1254,212
 52780,0,27426,1169,848,1904,2379,529,26752,26659,0,0,519,1365,0,2627,1288,640,1149,103,410,0,0,0,1246,26978,208,208,0,105,0,1254,212
 52785,0,27431,1169,848,1904,2379,529,26757,26664,0,0,519,1365,0,2627,1288,640,1149,103,410,0,0,0,1246,26983,208,208,0,105,0,1254,212
 52790,0,27436,1169,848,1904,2379,529,26762,26669,0,0,519,1365,0,2627,1288,640,1149,103,410,0,0,0,1246,26988,208,208,0,105,0,1254,212
 52795,0,27441,1169,848,1904,2379,529,26767,26674,0,0,519,1365,0,2627,1288,640,1149,103,410,0,0,0,1246,26993,208,208,0,105,0,1254,212
 52800,0,27446,1169,848,1904,2379,529,26772,26679,0,0,519,1365,0,2627,1288,640,1149,103,410,0,0,0,1246,26998,208,208,0,105,0,1254,212
 52805,0,27451,1169,848,1904,2379,529,26777,26684,0,0,519,1365,0,2627,1288,640,1149,103,410,0,0,0,1246,27003,208,208,0,105,0,1254,212
 52810,0,27456,1169,848,1904,2379,529,26782,26689,0,0,519,1365,0,2627,1288,640,1149,103,410,0,0,0,1246,27008,208,208,0,105,0,1254,212
 52815,0,27461,1169,848,1904,2379,529,26787,26694,0,0,519,1365,0,2627,1288,640,1149,103,410,0,0,0,1246,27013,208,208,0,105,0,1254,212
 52820,0,27466,1169,848,1904,2379,529,26792,26699,0,0,519,1365,0,2627,1288,640,1149,103,410,0,0,0,1246,27018,208,208,0,105,0,1254,212
 52825,0,27471,1169,848,1904,2379,529,26797,26704,0,0,519,1365,0,2627,1288,640,1149,103,410,0,0,0,1246,27023,208,208,0,105,0,1254,212
 52830,0,27475,1169,848,1904,2379,529,26802,26709,0,0,519,1365,0,2627,1288,640,1149,103,410,0,0,0,1246,27028,208,208,0,105,0,1254,212
 52835,0,27475,1169,848,1904,2379,529,26807,26714,0,0,519,1365,0,2627,1288,640,1149,103,410,0,0,0,1246,27033,208,208,0,105,0,1254,212
 52840,0,27475,1169,848,1904,2379,529,26812,26719,0,0,519,1365,0,2627,1288,640,1149,103,410,0,0,0,1246,27037,208,208,0,105,0,1254,212
 52845,0,27475,1169,848,1904,2379,529,26817,26722,0,0,519,1365,0,2627,1288,640,1149,103,410,0,0,0,1246,27037,208,208,0,105,0,1254,212
 52850,0,27475,1169,848,1904,2379,529,26822,26722,0,0,519,1365,0,2627,1288,640,1149,103,410,0,0,0,1246,27037,208,208,0,105,0,1254,212
 52855,0,27475,1169,848,1904,2379,529,26827,26722,0,0,519,1365,0,2627,1288,640,1149,103,410,0,0,0,1246,27037,208,208,0,105,0,1254,212
 52860,0,27475,1169,848,1904,2379,529,26832,26722,0,0,519,1365,0,2627,1288,640,1149,103,410,0,0,0,1246,27037,208,208,0,105,0,1254,212
 52865,0,27475,1169,848,1904,2379,529,26837,26722,0,0,519,1365,0,2627,1288,640,1149,103,410,0,0,0,1246,27037,208,208,0,105,0,1254,212
 52870,0,27475,1169,848,1904,2379,529,26842,26722,0,0,519,1365,0,2627,1288,640,1149,103,410,0,0,0,1246,27037,208,208,0,105,0,1254,212
 52875,0,27475,1169,848,1904,2379,529,26844,26722,0,0,519,1365,0,2627,1288,640,1149,103,410,0,0,0,1246,27037,208,208,0,105,0,1254,212
 52880,0,27475,1169,848,1904,2379,529,26844,26722,0,0,519,1365,0,2627,1288,640,1149,103,410,0,0,0,1246,27037,208,208,0,105,0,1254,212
 52885,0,27475,1169,848,1904,2379,529,26844,26722,0,0,519,1365,0,2627,1288,640,1149,103,410,0,0,0,1246,27037,208,208,0,105,0,1254,212
 52890,0,27475,1169,848,1904,2379,529,26844,26722,0,0,519,1365,0,2627,1288,640,1149,103,410,0,0,0,1246,27037,208,208,0,105,0,1254,212
 52895,0,27475,1169,848,1904,2379,529,26844,26722,0,0,519,1365,0,2627,1288,640,1149,103,410,0,0,0,1246,27037,208,208,0,105,0,1254,212
 52900,0,27475,1169,848,1904,2379,529,26844,26722,0,0,519,1365,0,2627,1288,640,1149,103,410,0,0,0,1246,27037,208,208,0,105,0,1254,212
 52905,0,27475,1169,848,1904,2379,529,26844,26722,0,0,519,1365,0,2627,1288,640,1149,103,410,0,0,0,1246,27037,208,208,0,105,0,1254,212
 52910,0,27475,1169,848,1904,2379,529,26844,26722,0,0,519,1365,0,2627,1288,640,1149,103,410,0,0,0,1246,27037,208,208,0,105,0,1254,212
 52915,0,27475,1169,848,1904,2379,529,26844,26722,0,0,519,1365,0,2627,1288,640,1149,103,410,0,0,0,1246,27037,208,208,0,105,0,1254,212
 52920,0,27475,1169,848,1904,2379,529,26844,26722,0,0,519,1365,0,2627,1288,640,1149,103,410,0,0,0,1246,27037,208,208,0,105,0,1254,212
 52925,0,27475,1169,848,1904,2379,529,26844,26722,0,0,519,1365,0,2627,1288,640,1149,103,410,0,0,0,1246,27036,208,208,0,105,0,1254,212
 52930,0,27475,1169,848,1904,2379,529,26844,26722,0,0,519,1365,0,2627,1288,640,1149,103,410,0,0,0,1246,27041,208,208,0,105,0,1254,212
 52935,0,27475,1169,848,1904,2379,529,26844,26724,0,0,519,1365,0,2627,1288,640,1149,103,410,0,0,0,1246,27046,208,208,0,105,0,1254,212
 52940,0,27477,1169,848,1904,2379,529,26844,26729,0,0,519,1365,0,2627,1288,640,1149,103,410,0,0,0,1246,27051,208,208,0,105,0,1254,212
 52945,0,27482,1169,848,1904,2379,529,26844,26734,0,0,519,1365,0,2627,1288,640,1149,103,410,0,0,0,1246,27056,208,208,0,105,0,1254,212
 52950,0,27487,1169,848,1904,2379,529,26844,26739,0,0,519,1365,0,2627,1288,640,1149,103,410,0,0,0,1246,27061,208,208,0,105,0,1254,212
 52955,0,27492,1169,848,1904,2379,529,26844,26744,0,0,519,1365,0,2627,1288,640,1149,103,410,0,0,0,1246,27066,208,208,0,105,0,1254,212
 52960,0,27497,1169,848,1904,2379,529,26844,26749,0,0,519,1365,0,2627,1288,640,1149,103,410,0,0,0,1246,27071,208,208,0,105,0,1254,212
 52965,0,27502,1169,848,1904,2379,529,26847,26754,0,0,519,1365,0,2627,1288,640,1149,103,410,0,0,0,1246,27076,208,208,0,105,0,1254,212
 52970,0,27507,1169,848,1904,2379,529,26852,26759,0,0,519,1365,0,2627,1288,640,1149,103,410,0,0,0,1246,27081,208,208,0,105,0,1254,212
 52975,0,27512,1169,848,1904,2379,529,26857,26764,0,0,519,1365,0,2627,1288,640,1149,103,410,0,0,0,1246,27086,208,208,0,105,0,1254,212
 52980,0,27517,1169,848,1904,2379,529,26862,26769,0,0,519,1365,0,2627,1288,640,1149,103,410,0,0,0,1246,27091,208,208,0,105,0,1254,212
 52985,0,27522,1169,848,1904,2379,529,26867,26774,0,0,519,1365,0,2627,1288,640,1149,103,410,0,0,0,1246,27096,208,208,0,105,0,1254,212
 52990,0,27527,1169,848,1904,2379,529,26872,26779,0,0,519,1365,0,2627,1288,640,1149,103,410,0,0,0,1246,27101,208,208,0,105,0,1254,212
 52995,0,27532,1169,848,1904,2379,529,26877,26784,0,0,519,1365,0,2627,1288,640,1149,103,410,0,0,0,1246,27106,208,208,0,105,0,1254,212
 53000,0,27537,1169,848,1904,2379,529,26882,26789,0,0,519,1365,0,2627,1288,640,1149,103,410,0,0,0,1246,27111,208,208,0,105,0,1254,212
 53005,0,27542,1169,848,1904,2379,529,26887,26794,0,0,519,1365,0,2627,1288,640,1149,103,410,0,0,0,1246,27116,208,208,0,105,0,1254,212
 53010,0,27547,1169,848,1904,2379,529,26892,26799,0,0,519,1365,0,2627,1288,640,1149,103,410,0,0,0,1246,27121,208,208,0,105,0,1254,212
 53015,0,27552,1169,848,1904,2379,529,26897,26804,0,0,519,1365,0,2627,1288,640,1149,103,410,0,0,0,1246,27126,208,208,0,105,0,1254,212
 53020,0,27557,1169,848,1904,2379,529,26902,26809,0,0,519,1365,0,2627,1288,640,1149,103,410,0,0,0,1246,27131,208,208,0,105,0,1254,212
 53025,0,27562,1169,848,1904,2379,529,26907,26814,0,0,519,1365,0,2627,1288,640,1149,103,410,0,0,0,1246,27136,208,208,0,105,0,1254,212
 53030,0,27567,1169,848,1904,2379,529,26912,26819,0,0,519,1365,0,2627,1288,640,1149,103,410,0,0,0,1246,27140,208,208,0,105,0,1254,212
 53035,0,27572,1169,848,1904,2379,529,26917,26824,0,0,519,1365,0,2627,1288,640,1149,103,410,0,0,0,1246,27140,208,208,0,105,0,1254,212
 53040,0,27578,1169,848,1904,2379,529,26922,26827,0,0,519,1365,0,2627,1288,640,1149,103,410,0,0,0,1246,27140,208,208,0,105,0,1254,212
 53045,0,27578,1169,848,1904,2379,529,26927,26827,0,0,519,1365,0,2627,1288,640,1149,103,410,0,0,0,1246,27140,208,208,0,105,0,1254,212
 53050,0,27578,1169,848,1904,2379,529,26932,26827,0,0,519,1365,0,2627,1288,640,1149,103,410,0,0,0,1246,27140,208,208,0,105,0,1254,212
 53055,0,27578,1169,848,1904,2379,529,26937,26827,0,0,519,1365,0,2627,1288,640,1149,103,410,0,0,0,1246,27140,208,208,0,105,0,1254,212
 53060,0,27578,1169,848,1904,2379,529,26942,26827,0,0,519,1365,0,2627,1288,640,1149,103,410,0,0,0,1246,27140,208,208,0,105,0,1254,212
 53065,0,27578,1169,848,1904,2379,529,26947,26827,0,0,519,1365,0,2627,1288,640,1149,103,410,0,0,0,1246,27140,208,208,0,105,0,1254,212
 53070,0,27578,1169,848,1904,2379,529,26951,26827,0,0,519,1365,0,2627,1288,640,1149,103,410,0,0,0,1246,27140,208,208,0,105,0,1254,212
 53075,0,27578,1169,848,1904,2379,529,26951,26827,0,0,519,1365,0,2627,1288,640,1149,103,410,0,0,0,1246,27140,208,208,0,105,0,1254,212
 53080,0,27578,1169,848,1904,2379,529,26951,26827,0,0,519,1365,0,2627,1288,640,1149,103,410,0,0,0,1246,27140,208,208,0,105,0,1254,212
 53085,0,27578,1169,848,1904,2379,529,26951,26827,0,0,519,1365,0,2627,1288,640,1149,103,410,0,0,0,1246,27140,208,208,0,105,0,1254,212
 53090,0,27578,1169,848,1904,2379,529,26951,26827,0,0,519,1365,0,2627,1288,640,1149,103,410,0,0,0,1246,27140,208,208,0,105,0,1254,212
 53095,0,27578,1169,848,1904,2379,529,26951,26827,0,0,519,1365,0,2627,1288,640,1149,103,410,0,0,0,1246,27140,208,208,0,105,0,1254,212
 53100,0,27578,1169,848,1904,2379,529,26951,26827,0,0,519,1365,0,2627,1288,640,1149,103,410,0,0,0,1246,27140,208,208,0,105,0,1254,212
 53105,0,27578,1169,848,1904,2379,529,26951,26827,0,0,519,1365,0,2627,1288,640,1149,103,410,0,0,0,1246,27140,208,208,0,105,0,1254,212
 53110,0,27578,1169,848,1904,2379,529,26951,26827,0,0,519,1365,0,2627,1288,640,1149,103,410,0,0,0,1246,27140,208,208,0,105,0,1254,212
 53115,0,27578,1169,848,1904,2379,529,26951,26827,0,0,519,1365,0,2627,1288,640,1149,103,410,0,0,0,1246,27140,208,208,0,105,0,1254,212
 53120,0,27578,1169,848,1904,2379,529,26951,26827,0,0,519,1365,0,2627,1288,640,1149,103,410,0,0,0,1246,27140,208,208,0,105,0,1254,212
 53125,0,27578,1169,848,1904,2379,529,26951,26829,0,0,519,1365,0,2627,1288,640,1149,103,410,0,0,0,1246,27143,208,208,0,105,0,1254,212
 53130,0,27577,1169,848,1904,2379,529,26951,26834,0,0,519,1365,0,2627,1288,640,1149,103,410,0,0,0,1246,27148,208,208,0,105,0,1254,212
 53135,0,27582,1169,848,1904,2379,529,26954,26839,0,0,519,1365,0,2627,1288,640,1149,103,410,0,0,0,1246,27153,208,208,0,105,0,1254,212
 53140,0,27587,1169,848,1904,2379,529,26959,26844,0,0,519,1365,0,2627,1288,640,1149,103,410,0,0,0,1246,27158,208,208,0,105,0,1254,212
 53145,0,27592,1169,848,1904,2379,529,26964,26849,0,0,519,1365,0,2627,1288,640,1149,103,410,0,0,0,1246,27163,208,208,0,105,0,1254,212
 53150,0,27597,1169,848,1904,2379,529,26969,26854,0,0,519,1365,0,2627,1288,640,1149,103,410,0,0,0,1246,27168,208,208,0,105,0,1254,212
 53155,0,27602,1169,848,1904,2379,529,26974,26859,0,0,519,1365,0,2627,1288,640,1149,103,410,0,0,0,1246,27173,208,208,0,105,0,1254,212
 53160,0,27607,1169,848,1904,2379,529,26979,26864,0,0,519,1365,0,2627,1288,640,1149,103,410,0,0,0,1246,27178,208,208,0,105,0,1254,212
 53165,0,27612,1169,848,1904,2379,529,26984,26869,0,0,519,1365,0,2627,1288,640,1149,103,410,0,0,0,1246,27183,208,208,0,105,0,1254,212
 53170,0,27617,1169,848,1904,2379,529,26989,26874,0,0,519,1365,0,2627,1288,640,1149,103,410,0,0,0,1246,27188,208,208,0,105,0,1254,212
 53175,0,27622,1169,848,1904,2379,529,26994,26879,0,0,519,1365,0,2627,1288,640,1149,103,410,0,0,0,1246,27193,208,208,0,105,0,1254,212
 53180,0,27627,1169,848,1904,2379,529,26999,26884,0,0,519,1365,0,2627,1288,640,1149,103,410,0,0,0,1246,27198,208,208,0,105,0,1254,212
 53185,0,27632,1169,848,1904,2379,529,27004,26889,0,0,519,1365,0,2627,1288,640,1149,103,410,0,0,0,1246,27203,208,208,0,105,0,1254,212
 53190,0,27637,1169,848,1904,2379,529,27009,26894,0,0,519,1365,0,2627,1288,640,1149,103,410,0,0,0,1246,27208,208,208,0,105,0,1254,212
 53195,0,27642,1169,848,1904,2379,529,27014,26899,0,0,519,1365,0,2627,1288,640,1149,103,410,0,0,0,1246,27213,208,208,0,105,0,1254,212
 53200,0,27647,1169,848,1904,2379,529,27019,26904,0,0,519,1365,0,2627,1288,640,1149,103,410,0,0,0,1246,27218,208,208,0,105,0,1254,212
 53205,0,27652,1169,848,1904,2379,529,27024,26909,0,0,519,1365,0,2627,1288,640,1149,103,410,0,0,0,1246,27223,208,208,0,105,0,1254,212
 53210,0,27657,1169,848,1904,2379,529,27029,26914,0,0,519,1365,0,2627,1288,640,1149,103,410,0,0,0,1246,27228,208,208,0,105,0,1254,212
 53215,0,27662,1169,848,1904,2379,529,27034,26919,0,0,519,1365,0,2627,1288,640,1149,103,410,0,0,0,1246,27233,208,208,0,105,0,1254,212
 53220,0,27667,1169,848,1904,2379,529,27039,26924,0,0,519,1365,0,2627,1288,640,1149,103,410,0,0,0,1246,27238,208,208,0,105,0,1254,212
 53225,0,27672,1169,848,1904,2379,529,27044,26930,0,0,519,1365,0,2627,1288,640,1149,103,410,0,0,0,1246,27243,208,208,0,105,0,1254,212
 53230,0,27677,1169,848,1904,2379,529,27049,26930,0,0,519,1365,0,2627,1288,640,1149,103,410,0,0,0,1246,27243,208,208,0,105,0,1254,212
 53235,0,27679,1169,848,1904,2379,529,27054,26930,0,0,519,1365,0,2627,1288,640,1149,103,410,0,0,0,1246,27243,208,208,0,105,0,1254,212
 53240,0,27679,1169,848,1904,2379,529,27056,26930,0,0,519,1365,0,2627,1288,640,1149,103,410,0,0,0,1246,27243,208,208,0,105,0,1254,212
 53245,0,27679,1169,848,1904,2379,529,27056,26930,0,0,519,1365,0,2627,1288,640,1149,103,410,0,0,0,1246,27243,208,208,0,105,0,1254,212
 53250,0,27679,1169,848,1904,2379,529,27056,26930,0,0,519,1365,0,2627,1288,640,1149,103,410,0,0,0,1246,27243,208,208,0,105,0,1254,212
 53255,0,27679,1169,848,1904,2379,529,27056,26930,0,0,519,1365,0,2627,1288,640,1149,103,410,0,0,0,1246,27243,208,208,0,105,0,1254,212
 53260,0,27679,1169,848,1904,2379,529,27056,26930,0,0,519,1365,0,2627,1288,640,1149,103,410,0,0,0,1246,27243,208,208,0,105,0,1254,212
 53265,0,27679,1169,848,1904,2379,529,27056,26930,0,0,519,1365,0,2627,1288,640,1149,103,410,0,0,0,1246,27243,208,208,0,105,0,1254,212
 53270,0,27679,1169,848,1904,2379,529,27056,26930,0,0,519,1365,0,2627,1288,640,1149,103,410,0,0,0,1246,27243,208,208,0,105,0,1254,212
 53275,0,27679,1169,848,1904,2379,529,27056,26930,0,0,519,1365,0,2627,1288,640,1149,103,410,0,0,0,1246,27243,208,208,0,105,0,1254,212
 53280,0,27679,1169,848,1904,2379,529,27056,26930,0,0,519,1365,0,2627,1288,640,1149,103,410,0,0,0,1246,27243,208,208,0,105,0,1254,212
 53285,0,27679,1169,848,1904,2379,529,27056,26930,0,0,519,1365,0,2627,1288,640,1149,103,410,0,0,0,1246,27243,208,208,0,105,0,1254,212
 53290,0,27679,1169,848,1904,2379,529,27056,26930,0,0,519,1365,0,2627,1288,640,1149,103,410,0,0,0,1246,27243,208,208,0,105,0,1254,212
 53295,0,27679,1169,848,1904,2379,529,27056,26930,0,0,519,1365,0,2627,1288,640,1149,103,410,0,0,0,1246,27243,208,208,0,105,0,1254,212
 53300,0,27679,1169,848,1904,2379,529,27056,26930,0,0,519,1365,0,2627,1288,640,1149,103,410,0,0,0,1246,27243,208,208,0,105,0,1254,212
 53305,0,27679,1169,848,1904,2379,529,27056,26930,0,0,519,1365,0,2627,1288,640,1149,103,410,0,0,0,1246,27243,208,208,0,105,0,1254,212
 53310,0,27679,1169,848,1904,2379,529,27056,26930,0,0,519,1365,0,2627,1288,640,1149,103,410,0,0,0,1246,27243,208,208,0,105,0,1254,212
 53315,0,27679,1169,848,1904,2379,529,27056,26930,0,0,519,1365,0,2627,1288,640,1149,103,410,0,0,0,1246,27243,208,208,0,105,0,1254,212
 53320,0,27679,1169,848,1904,2379,529,27056,26930,0,0,519,1365,0,2627,1288,640,1149,103,410,0,0,0,1246,27243,208,208,0,105,0,1254,212
 53325,0,27679,1169,848,1904,2379,529,27056,26930,0,0,519,1365,0,2627,1288,640,1149,103,410,0,0,0,1246,27243,208,208,0,105,0,1254,212
 53330,0,27679,1169,848,1904,2379,529,27056,26930,0,0,519,1365,0,2627,1288,640,1149,103,410,0,0,0,1246,27243,208,208,0,105,0,1254,212
 53335,0,27679,1169,848,1904,2379,529,27056,26930,0,0,519,1365,0,2627,1288,640,1149,103,410,0,0,0,1246,27243,208,208,0,105,0,1254,212
 53340,0,27679,1169,848,1904,2379,529,27056,26930,0,0,519,1365,0,2627,1288,640,1149,103,410,0,0,0,1246,27243,208,208,0,105,0,1254,212
 53345,0,27679,1169,848,1904,2379,529,27056,26930,0,0,519,1365,0,2627,1288,640,1149,103,410,0,0,0,1246,27243,208,208,0,105,0,1254,212
 53350,0,27679,1169,848,1904,2379,529,27056,26930,0,0,519,1365,0,2627,1288,640,1149,103,410,0,0,0,1246,27243,208,208,0,105,0,1254,212
 53355,0,27679,1169,848,1904,2379,529,27056,26930,0,0,519,1365,0,2627,1288,640,1149,103,410,0,0,0,1246,27243,208,208,0,105,0,1254,212
 53360,0,27679,1169,848,1904,2379,529,27056,26930,0,0,519,1365,0,2627,1288,640,1149,103,410,0,0,0,1246,27243,208,208,0,105,0,1254,212
 53365,0,27679,1169,848,1904,2379,529,27056,26930,0,0,519,1365,0,2627,1288,640,1149,103,410,0,0,0,1246,27243,208,208,0,105,0,1254,212
 53370,0,27679,1169,848,1904,2379,529,27059,26935,0,0,519,1365,0,2627,1288,640,1149,103,410,0,0,0,1246,27243,208,208,0,105,0,1254,212
 53375,0,27681,1169,848,1904,2379,529,27064,26940,0,0,519,1365,0,2627,1288,640,1149,103,410,0,0,0,1246,27243,208,208,0,105,0,1254,212
 53380,0,27686,1169,848,1904,2379,529,27069,26945,0,0,519,1365,0,2627,1288,640,1149,103,410,0,0,0,1246,27243,208,208,0,105,0,1254,212
 53385,0,27691,1169,848,1904,2379,529,27074,26950,0,0,519,1365,0,2627,1288,640,1149,103,410,0,0,0,1246,27243,208,208,0,105,0,1254,212
 53390,0,27696,1169,848,1904,2379,529,27079,26955,0,0,519,1365,0,2627,1288,640,1149,103,410,0,0,0,1246,27246,208,208,0,105,0,1254,212
 53395,0,27701,1169,848,1904,2379,529,27084,26960,0,0,519,1365,0,2627,1288,640,1149,103,410,0,0,0,1246,27251,208,208,0,105,0,1254,212
 53400,0,27706,1169,848,1904,2379,529,27089,26965,0,0,519,1365,0,2627,1288,640,1149,103,410,0,0,0,1246,27256,208,208,0,105,0,1254,212
 53405,0,27711,1169,848,1904,2379,529,27094,26970,0,0,519,1365,0,2627,1288,640,1149,103,410,0,0,0,1246,27261,208,208,0,105,0,1254,212
 53410,0,27716,1169,848,1904,2379,529,27099,26975,0,0,519,1365,0,2627,1288,640,1149,103,410,0,0,0,1246,27266,208,208,0,105,0,1254,212
 53415,0,27721,1169,848,1904,2379,529,27104,26980,0,0,519,1365,0,2627,1288,640,1149,103,410,0,0,0,1246,27271,208,208,0,105,0,1254,212
 53420,0,27726,1169,848,1904,2379,529,27109,26985,0,0,519,1365,0,2627,1288,640,1149,103,410,0,0,0,1246,27276,208,208,0,105,0,1254,212
 53425,0,27731,1169,848,1904,2379,529,27114,26990,0,0,519,1365,0,2627,1288,640,1149,103,410,0,0,0,1246,27281,208,208,0,105,0,1254,212
 53430,0,27736,1169,848,1904,2379,529,27119,26995,0,0,519,1365,0,2627,1288,640,1149,103,410,0,0,0,1246,27286,208,208,0,105,0,1254,212
 53435,0,27741,1169,848,1904,2379,529,27124,27000,0,0,519,1365,0,2627,1288,640,1149,103,410,0,0,0,1246,27291,208,208,0,105,0,1254,212
 53440,0,27746,1169,848,1904,2379,529,27129,27005,0,0,519,1365,0,2627,1288,640,1149,103,410,0,0,0,1246,27296,208,208,0,105,0,1254,212
 53445,0,27751,1169,848,1904,2379,529,27134,27010,0,0,519,1365,0,2627,1288,640,1149,103,410,0,0,0,1246,27301,208,208,0,105,0,1254,212
 53450,0,27756,1169,848,1904,2379,529,27139,27015,0,0,519,1365,0,2627,1288,640,1149,103,410,0,0,0,1246,27306,208,208,0,105,0,1254,212
 53455,0,27761,1169,848,1904,2379,529,27144,27020,0,0,519,1365,0,2627,1288,640,1149,103,410,0,0,0,1246,27311,208,208,0,105,0,1254,212
 53460,0,27766,1169,848,1904,2379,529,27149,27025,0,0,519,1365,0,2627,1288,640,1149,103,410,0,0,0,1246,27316,208,208,0,105,0,1254,212
 53465,0,27771,1169,848,1904,2379,529,27154,27030,0,0,519,1365,0,2627,1288,640,1149,103,410,0,0,0,1246,27321,208,208,0,105,0,1254,212
 53470,0,27776,1169,848,1904,2379,529,27157,27033,0,0,519,1365,0,2627,1288,640,1149,103,410,0,0,0,1246,27326,208,208,0,105,0,1254,212
 53475,0,27782,1169,848,1904,2379,529,27157,27033,0,0,519,1365,0,2627,1288,640,1149,103,410,0,0,0,1246,27331,208,208,0,105,0,1254,212
 53480,0,27782,1169,848,1904,2379,529,27157,27033,0,0,519,1365,0,2627,1288,640,1149,103,410,0,0,0,1246,27336,208,208,0,105,0,1254,212
 53485,0,27782,1169,848,1904,2379,529,27157,27033,0,0,519,1365,0,2627,1288,640,1149,103,410,0,0,0,1246,27341,208,208,0,105,0,1254,212
 53490,0,27782,1169,848,1904,2379,529,27157,27033,0,0,519,1365,0,2627,1288,640,1149,103,410,0,0,0,1246,27346,208,208,0,105,0,1254,212
 53495,0,27782,1169,848,1904,2379,529,27157,27033,0,0,519,1365,0,2627,1288,640,1149,103,410,0,0,0,1246,27348,208,208,0,105,0,1254,212
 53500,0,27782,1169,848,1904,2379,529,27157,27033,0,0,519,1365,0,2627,1288,640,1149,103,410,0,0,0,1246,27348,208,208,0,105,0,1254,212
 53505,0,27782,1169,848,1904,2379,529,27157,27033,0,0,519,1365,0,2627,1288,640,1149,103,410,0,0,0,1246,27348,208,208,0,105,0,1254,212
 53510,0,27782,1169,848,1904,2379,529,27157,27033,0,0,519,1365,0,2627,1288,640,1149,103,410,0,0,0,1246,27348,208,208,0,105,0,1254,212
 53515,0,27782,1169,848,1904,2379,529,27157,27033,0,0,519,1365,0,2627,1288,640,1149,103,410,0,0,0,1246,27348,208,208,0,105,0,1254,212
 53520,0,27782,1169,848,1904,2379,529,27157,27033,0,0,519,1365,0,2627,1288,640,1149,103,410,0,0,0,1246,27348,208,208,0,105,0,1254,212
 53525,0,27782,1169,848,1904,2379,529,27157,27033,0,0,519,1365,0,2627,1288,640,1149,103,410,0,0,0,1246,27348,208,208,0,105,0,1254,212
 53530,0,27782,1169,848,1904,2379,529,27157,27033,0,0,519,1365,0,2627,1288,640,1149,103,410,0,0,0,1246,27348,208,208,0,105,0,1254,212
 53535,0,27782,1169,848,1904,2379,529,27157,27033,0,0,519,1365,0,2627,1288,640,1149,103,410,0,0,0,1246,27348,208,208,0,105,0,1254,212
 53540,0,27782,1169,848,1904,2379,529,27157,27033,0,0,519,1365,0,2627,1288,640,1149,103,410,0,0,0,1246,27348,208,208,0,105,0,1254,212
 53545,0,27782,1169,848,1904,2379,529,27157,27033,0,0,519,1365,0,2627,1288,640,1149,103,410,0,0,0,1246,27348,208,208,0,105,0,1254,212
 53550,0,27782,1169,848,1904,2379,529,27157,27033,0,0,519,1365,0,2627,1288,640,1149,103,410,0,0,0,1246,27348,208,208,0,105,0,1254,212
 53555,0,27782,1169,848,1904,2379,529,27157,27033,0,0,519,1365,0,2627,1288,640,1149,103,410,0,0,0,1246,27351,208,208,0,105,0,1254,212
 53560,0,27782,1169,848,1904,2379,529,27157,27033,0,0,519,1365,0,2627,1288,640,1149,103,410,0,0,0,1246,27356,208,208,0,105,0,1254,212
 53565,0,27784,1169,848,1904,2379,529,27157,27033,0,0,519,1365,0,2627,1288,640,1149,103,410,0,0,0,1246,27361,208,208,0,105,0,1254,212
 53570,0,27789,1169,848,1904,2379,529,27157,27033,0,0,519,1365,0,2627,1288,640,1149,103,410,0,0,0,1246,27366,208,208,0,105,0,1254,212
 53575,0,27794,1169,848,1904,2379,529,27157,27033,0,0,519,1365,0,2627,1288,640,1149,103,410,0,0,0,1246,27371,208,208,0,105,0,1254,212
 53580,0,27799,1169,848,1904,2379,529,27157,27033,0,0,519,1365,0,2627,1288,640,1149,103,410,0,0,0,1246,27376,208,208,0,105,0,1254,212
 53585,0,27804,1169,848,1904,2379,529,27157,27033,0,0,519,1365,0,2627,1288,640,1149,103,410,0,0,0,1246,27381,208,208,0,105,0,1254,212
 53590,0,27809,1169,848,1904,2379,529,27157,27035,0,0,519,1365,0,2627,1288,640,1149,103,410,0,0,0,1246,27386,208,208,0,105,0,1254,212
 53595,0,27814,1169,848,1904,2379,529,27157,27040,0,0,519,1365,0,2627,1288,640,1149,103,410,0,0,0,1246,27391,208,208,0,105,0,1254,212
 53600,0,27819,1169,848,1904,2379,529,27157,27045,0,0,519,1365,0,2627,1288,640,1149,103,410,0,0,0,1246,27396,208,208,0,105,0,1254,212
 53605,0,27824,1169,848,1904,2379,529,27157,27050,0,0,519,1365,0,2627,1288,640,1149,103,410,0,0,0,1246,27401,208,208,0,105,0,1254,212
 53610,0,27829,1169,848,1904,2379,529,27157,27055,0,0,519,1365,0,2627,1288,640,1149,103,410,0,0,0,1246,27406,208,208,0,105,0,1254,212
 53615,0,27834,1169,848,1904,2379,529,27157,27060,0,0,519,1365,0,2627,1288,640,1149,103,410,0,0,0,1246,27411,208,208,0,105,0,1254,212
 53620,0,27839,1169,848,1904,2379,529,27160,27065,0,0,519,1365,0,2627,1288,640,1149,103,410,0,0,0,1246,27416,208,208,0,105,0,1254,212
 53625,0,27844,1169,848,1904,2379,529,27165,27070,0,0,519,1365,0,2627,1288,640,1149,103,410,0,0,0,1246,27421,208,208,0,105,0,1254,212
 53630,0,27849,1169,848,1904,2379,529,27170,27075,0,0,519,1365,0,2627,1288,640,1149,103,410,0,0,0,1246,27426,208,208,0,105,0,1254,212
 53635,0,27854,1169,848,1904,2379,529,27175,27080,0,0,519,1365,0,2627,1288,640,1149,103,410,0,0,0,1246,27431,208,208,0,105,0,1254,212
 53640,0,27859,1169,848,1904,2379,529,27180,27085,0,0,519,1365,0,2627,1288,640,1149,103,410,0,0,0,1246,27436,208,208,0,105,0,1254,212
 53645,0,27864,1169,848,1904,2379,529,27185,27090,0,0,519,1365,0,2627,1288,640,1149,103,410,0,0,0,1246,27441,208,208,0,105,0,1254,212
 53650,0,27869,1169,848,1904,2379,529,27190,27095,0,0,519,1365,0,2627,1288,640,1149,103,410,0,0,0,1246,27446,208,208,0,105,0,1254,212
 53655,0,27874,1169,848,1904,2379,529,27195,27100,0,0,519,1365,0,2627,1288,640,1149,103,410,0,0,0,1246,27451,208,208,0,105,0,1254,212
 53660,0,27879,1169,848,1904,2379,529,27200,27105,0,0,519,1365,0,2627,1288,640,1149,103,410,0,0,0,1246,27451,208,208,0,105,0,1254,212
 53665,0,27884,1169,848,1904,2379,529,27205,27110,0,0,519,1365,0,2627,1288,640,1149,103,410,0,0,0,1246,27451,208,208,0,105,0,1254,212
 53670,0,27887,1169,848,1904,2379,529,27210,27115,0,0,519,1365,0,2627,1288,640,1149,103,410,0,0,0,1246,27451,208,208,0,105,0,1254,212
 53675,0,27887,1169,848,1904,2379,529,27215,27120,0,0,519,1365,0,2627,1288,640,1149,103,410,0,0,0,1246,27451,208,208,0,105,0,1254,212
 53680,0,27887,1169,848,1904,2379,529,27220,27125,0,0,519,1365,0,2627,1288,640,1149,103,410,0,0,0,1246,27451,208,208,0,105,0,1254,212
 53685,0,27887,1169,848,1904,2379,529,27225,27130,0,0,519,1365,0,2627,1288,640,1149,103,410,0,0,0,1246,27451,208,208,0,105,0,1254,212
 53690,0,27887,1169,848,1904,2379,529,27230,27135,0,0,519,1365,0,2627,1288,640,1149,103,410,0,0,0,1246,27451,208,208,0,105,0,1254,212
 53695,0,27887,1169,848,1904,2379,529,27235,27140,0,0,519,1365,0,2627,1288,640,1149,103,410,0,0,0,1246,27451,208,208,0,105,0,1254,212
 53700,0,27887,1169,848,1904,2379,529,27240,27140,0,0,519,1365,0,2627,1288,640,1149,103,410,0,0,0,1246,27451,208,208,0,105,0,1254,212
 53705,0,27887,1169,848,1904,2379,529,27245,27140,0,0,519,1365,0,2627,1288,640,1149,103,410,0,0,0,1246,27451,208,208,0,105,0,1254,212
 53710,0,27887,1169,848,1904,2379,529,27250,27140,0,0,519,1365,0,2627,1288,640,1149,103,410,0,0,0,1246,27451,208,208,0,105,0,1254,212
 53715,0,27887,1169,848,1904,2379,529,27255,27140,0,0,519,1365,0,2627,1288,640,1149,103,410,0,0,0,1246,27451,208,208,0,105,0,1254,212
 53720,0,27887,1169,848,1904,2379,529,27260,27140,0,0,519,1365,0,2627,1288,640,1149,103,410,0,0,0,1246,27451,208,208,0,105,0,1254,212
 53725,0,27887,1169,848,1904,2379,529,27264,27140,0,0,519,1365,0,2627,1288,640,1149,103,410,0,0,0,1246,27451,208,208,0,105,0,1254,212
 53730,0,27887,1169,848,1904,2379,529,27264,27140,0,0,519,1365,0,2627,1288,640,1149,103,410,0,0,0,1246,27451,208,208,0,105,0,1254,212
 53735,0,27887,1169,848,1904,2379,529,27264,27140,0,0,519,1365,0,2627,1288,640,1149,103,410,0,0,0,1246,27451,208,208,0,105,0,1254,212
 53740,0,27887,1169,848,1904,2379,529,27264,27140,0,0,519,1365,0,2627,1288,640,1149,103,410,0,0,0,1246,27451,208,208,0,105,0,1254,212
 53745,0,27887,1169,848,1904,2379,529,27264,27140,0,0,519,1365,0,2627,1288,640,1149,103,410,0,0,0,1246,27451,208,208,0,105,0,1254,212
 53750,0,27887,1169,848,1904,2379,529,27264,27140,0,0,519,1365,0,2627,1288,640,1149,103,410,0,0,0,1246,27451,208,208,0,105,0,1254,212
 53755,0,27887,1169,848,1904,2379,529,27264,27140,0,0,519,1365,0,2627,1288,640,1149,103,410,0,0,0,1246,27451,208,208,0,105,0,1254,212
 53760,0,27887,1169,848,1904,2379,529,27264,27140,0,0,519,1365,0,2627,1288,640,1149,103,410,0,0,0,1246,27451,208,208,0,105,0,1254,212
 53765,0,27887,1169,848,1904,2379,529,27264,27140,0,0,519,1365,0,2627,1288,640,1149,103,410,0,0,0,1246,27451,208,208,0,105,0,1254,212
 53770,0,27887,1169,848,1904,2379,529,27264,27140,0,0,519,1365,0,2627,1288,640,1149,103,410,0,0,0,1246,27451,208,208,0,105,0,1254,212
 53775,0,27887,1169,848,1904,2379,529,27264,27140,0,0,519,1365,0,2627,1288,640,1149,103,410,0,0,0,1246,27451,208,208,0,105,0,1254,212
 53780,0,27887,1169,848,1904,2379,529,27264,27140,0,0,519,1365,0,2627,1288,640,1149,103,410,0,0,0,1246,27451,208,208,0,105,0,1254,212
 53785,0,27887,1169,848,1904,2379,529,27264,27140,0,0,519,1365,0,2627,1288,640,1149,103,410,0,0,0,1246,27451,208,208,0,105,0,1254,212
 53790,0,27887,1169,848,1904,2379,529,27264,27140,0,0,519,1365,0,2627,1288,640,1149,103,410,0,0,0,1246,27451,208,208,0,105,0,1254,212
 53795,0,27887,1169,848,1904,2379,529,27264,27142,0,0,519,1365,0,2627,1288,640,1149,103,410,0,0,0,1246,27454,208,208,0,105,0,1254,212
 53800,0,27887,1169,848,1904,2379,529,27264,27147,0,0,519,1365,0,2627,1288,640,1149,103,410,0,0,0,1246,27459,208,208,0,105,0,1254,212
 53805,0,27887,1169,848,1904,2379,529,27264,27152,0,0,519,1365,0,2627,1288,640,1149,103,410,0,0,0,1246,27464,208,208,0,105,0,1254,212
 53810,0,27889,1169,848,1904,2379,529,27264,27157,0,0,519,1365,0,2627,1288,640,1149,103,410,0,0,0,1246,27469,208,208,0,105,0,1254,212
 53815,0,27894,1169,848,1904,2379,529,27267,27162,0,0,519,1365,0,2627,1288,640,1149,103,410,0,0,0,1246,27474,208,208,0,105,0,1254,212
 53820,0,27899,1169,848,1904,2379,529,27272,27167,0,0,519,1365,0,2627,1288,640,1149,103,410,0,0,0,1246,27479,208,208,0,105,0,1254,212
 53825,0,27904,1169,848,1904,2379,529,27277,27172,0,0,519,1365,0,2627,1288,640,1149,103,410,0,0,0,1246,27484,208,208,0,105,0,1254,212
 53830,0,27909,1169,848,1904,2379,529,27282,27177,0,0,519,1365,0,2627,1288,640,1149,103,410,0,0,0,1246,27489,208,208,0,105,0,1254,212
 53835,0,27914,1169,848,1904,2379,529,27287,27182,0,0,519,1365,0,2627,1288,640,1149,103,410,0,0,0,1246,27494,208,208,0,105,0,1254,212
 53840,0,27919,1169,848,1904,2379,529,27292,27187,0,0,519,1365,0,2627,1288,640,1149,103,410,0,0,0,1246,27499,208,208,0,105,0,1254,212
 53845,0,27924,1169,848,1904,2379,529,27297,27192,0,0,519,1365,0,2627,1288,640,1149,103,410,0,0,0,1246,27504,208,208,0,105,0,1254,212
 53850,0,27929,1169,848,1904,2379,529,27302,27197,0,0,519,1365,0,2627,1288,640,1149,103,410,0,0,0,1246,27509,208,208,0,105,0,1254,212
 53855,0,27934,1169,848,1904,2379,529,27307,27202,0,0,519,1365,0,2627,1288,640,1149,103,410,0,0,0,1246,27514,208,208,0,105,0,1254,212
 53860,0,27939,1169,848,1904,2379,529,27312,27207,0,0,519,1365,0,2627,1288,640,1149,103,410,0,0,0,1246,27519,208,208,0,105,0,1254,212
 53865,0,27944,1169,848,1904,2379,529,27317,27212,0,0,519,1365,0,2627,1288,640,1149,103,410,0,0,0,1246,27524,208,208,0,105,0,1254,212
 53870,0,27949,1169,848,1904,2379,529,27322,27217,0,0,519,1365,0,2627,1288,640,1149,103,410,0,0,0,1246,27529,208,208,0,105,0,1254,212
 53875,0,27954,1169,848,1904,2379,529,27327,27222,0,0,519,1365,0,2627,1288,640,1149,103,410,0,0,0,1246,27534,208,208,0,105,0,1254,212
 53880,0,27959,1169,848,1904,2379,529,27332,27227,0,0,519,1365,0,2627,1288,640,1149,103,410,0,0,0,1246,27539,208,208,0,105,0,1254,212
 53885,0,27964,1169,848,1904,2379,529,27337,27232,0,0,519,1365,0,2627,1288,640,1149,103,410,0,0,0,1246,27544,208,208,0,105,0,1254,212
 53890,0,27969,1169,848,1904,2379,529,27342,27237,0,0,519,1365,0,2627,1288,640,1149,103,410,0,0,0,1246,27549,208,208,0,105,0,1254,212
 53895,0,27974,1169,848,1904,2379,529,27347,27243,0,0,519,1365,0,2627,1288,640,1149,103,410,0,0,0,1246,27552,208,208,0,105,0,1254,212
 53900,0,27979,1169,848,1904,2379,529,27352,27243,0,0,519,1365,0,2627,1288,640,1149,103,410,0,0,0,1246,27552,208,208,0,105,0,1254,212
 53905,0,27984,1169,848,1904,2379,529,27357,27243,0,0,519,1365,0,2627,1288,640,1149,103,410,0,0,0,1246,27552,208,208,0,105,0,1254,212
 53910,0,27989,1169,848,1904,2379,529,27362,27243,0,0,519,1365,0,2627,1288,640,1149,103,410,0,0,0,1246,27552,208,208,0,105,0,1254,212
 53915,0,27992,1169,848,1904,2379,529,27367,27243,0,0,519,1365,0,2627,1288,640,1149,103,410,0,0,0,1246,27552,208,208,0,105,0,1254,212
 53920,0,27992,1169,848,1904,2379,529,27367,27243,0,0,519,1365,0,2627,1288,640,1149,103,410,0,0,0,1246,27552,208,208,0,105,0,1254,212
 53925,0,27992,1169,848,1904,2379,529,27367,27243,0,0,519,1365,0,2627,1288,640,1149,103,410,0,0,0,1246,27552,208,208,0,105,0,1254,212
 53930,0,27992,1169,848,1904,2379,529,27367,27243,0,0,519,1365,0,2627,1288,640,1149,103,410,0,0,0,1246,27552,208,208,0,105,0,1254,212
 53935,0,27992,1169,848,1904,2379,529,27367,27243,0,0,519,1365,0,2627,1288,640,1149,103,410,0,0,0,1246,27552,208,208,0,105,0,1254,212
 53940,0,27992,1169,848,1904,2379,529,27367,27243,0,0,519,1365,0,2627,1288,640,1149,103,410,0,0,0,1246,27552,208,208,0,105,0,1254,212
 53945,0,27992,1169,848,1904,2379,529,27367,27243,0,0,519,1365,0,2627,1288,640,1149,103,410,0,0,0,1246,27552,208,208,0,105,0,1254,212
 53950,0,27992,1169,848,1904,2379,529,27367,27243,0,0,519,1365,0,2627,1288,640,1149,103,410,0,0,0,1246,27552,208,208,0,105,0,1254,212
 53955,0,27992,1169,848,1904,2379,529,27367,27243,0,0,519,1365,0,2627,1288,640,1149,103,410,0,0,0,1246,27552,208,208,0,105,0,1254,212
 53960,0,27992,1169,848,1904,2379,529,27367,27243,0,0,519,1365,0,2627,1288,640,1149,103,410,0,0,0,1246,27552,208,208,0,105,0,1254,212
 53965,0,27992,1169,848,1904,2379,529,27367,27243,0,0,519,1365,0,2627,1288,640,1149,103,410,0,0,0,1246,27552,208,208,0,105,0,1254,212
 53970,0,27992,1169,848,1904,2379,529,27367,27243,0,0,519,1365,0,2627,1288,640,1149,103,410,0,0,0,1246,27552,208,208,0,105,0,1254,212
 53975,0,27992,1169,848,1904,2379,529,27367,27243,0,0,519,1365,0,2627,1288,640,1149,103,410,0,0,0,1246,27552,208,208,0,105,0,1254,212
 53980,0,27992,1169,848,1904,2379,529,27367,27243,0,0,519,1365,0,2627,1288,640,1149,103,410,0,0,0,1246,27552,208,208,0,105,0,1254,212
 53985,0,27992,1169,848,1904,2379,529,27367,27243,0,0,519,1365,0,2627,1288,640,1149,103,410,0,0,0,1246,27552,208,208,0,105,0,1254,212
 53990,0,27992,1169,848,1904,2379,529,27367,27243,0,0,519,1365,0,2627,1288,640,1149,103,410,0,0,0,1246,27552,208,208,0,105,0,1254,212
 53995,0,27992,1169,848,1904,2379,529,27367,27243,0,0,519,1365,0,2627,1288,640,1149,103,410,0,0,0,1246,27552,208,208,0,105,0,1254,212
 54000,0,27992,1169,848,1904,2379,529,27367,27243,0,0,519,1365,0,2627,1288,640,1149,103,410,0,0,0,1246,27552,208,208,0,105,0,1254,212
 54005,0,27992,1169,848,1904,2379,529,27367,27243,0,0,519,1365,0,2627,1288,640,1149,103,410,0,0,0,1246,27552,208,208,0,105,0,1254,212
 54010,0,27992,1169,848,1904,2379,529,27367,27243,0,0,519,1365,0,2627,1288,640,1149,103,410,0,0,0,1246,27552,208,208,0,105,0,1254,212
 54015,0,27992,1169,848,1904,2379,529,27367,27243,0,0,519,1365,0,2627,1288,640,1149,103,410,0,0,0,1246,27552,208,208,0,105,0,1254,212
 54020,0,27992,1169,848,1904,2379,529,27367,27243,0,0,519,1365,0,2627,1288,640,1149,103,410,0,0,0,1246,27551,208,208,0,105,0,1254,212
 54025,0,27994,1169,848,1904,2379,529,27367,27243,0,0,519,1365,0,2627,1288,640,1149,103,410,0,0,0,1246,27556,208,208,0,105,0,1254,212
 54030,0,27999,1169,848,1904,2379,529,27367,27243,0,0,519,1365,0,2627,1288,640,1149,103,410,0,0,0,1246,27561,208,208,0,105,0,1254,212
 54035,0,28004,1169,848,1904,2379,529,27367,27243,0,0,519,1365,0,2627,1288,640,1149,103,410,0,0,0,1246,27566,208,208,0,105,0,1254,212
 54040,0,28009,1169,848,1904,2379,529,27367,27244,0,0,519,1365,0,2627,1288,640,1149,103,410,0,0,0,1246,27571,208,208,0,105,0,1254,212
 54045,0,28014,1169,848,1904,2379,529,27367,27249,0,0,519,1365,0,2627,1288,640,1149,103,410,0,0,0,1246,27576,208,208,0,105,0,1254,212
 54050,0,28019,1169,848,1904,2379,529,27367,27254,0,0,519,1365,0,2627,1288,640,1149,103,410,0,0,0,1246,27581,208,208,0,105,0,1254,212
 54055,0,28024,1169,848,1904,2379,529,27367,27259,0,0,519,1365,0,2627,1288,640,1149,103,410,0,0,0,1246,27586,208,208,0,105,0,1254,212
 54060,0,28029,1169,848,1904,2379,529,27367,27264,0,0,519,1365,0,2627,1288,640,1149,103,410,0,0,0,1246,27591,208,208,0,105,0,1254,212
 54065,0,28034,1169,848,1904,2379,529,27367,27269,0,0,519,1365,0,2627,1288,640,1149,103,410,0,0,0,1246,27596,208,208,0,105,0,1254,212
 54070,0,28039,1169,848,1904,2379,529,27367,27274,0,0,519,1365,0,2627,1288,640,1149,103,410,0,0,0,1246,27601,208,208,0,105,0,1254,212
 54075,0,28044,1169,848,1904,2379,529,27367,27279,0,0,519,1365,0,2627,1288,640,1149,103,410,0,0,0,1246,27606,208,208,0,105,0,1254,212
 54080,0,28049,1169,848,1904,2379,529,27368,27284,0,0,519,1365,0,2627,1288,640,1149,103,410,0,0,0,1246,27611,208,208,0,105,0,1254,212
 54085,0,28054,1169,848,1904,2379,529,27373,27289,0,0,519,1365,0,2627,1288,640,1149,103,410,0,0,0,1246,27616,208,208,0,105,0,1254,212
 54090,0,28059,1169,848,1904,2379,529,27378,27294,0,0,519,1365,0,2627,1288,640,1149,103,410,0,0,0,1246,27621,208,208,0,105,0,1254,212
 54095,0,28064,1169,848,1904,2379,529,27383,27299,0,0,519,1365,0,2627,1288,640,1149,103,410,0,0,0,1246,27626,208,208,0,105,0,1254,212
 54100,0,28069,1169,848,1904,2379,529,27388,27304,0,0,519,1365,0,2627,1288,640,1149,103,410,0,0,0,1246,27631,208,208,0,105,0,1254,212
 54105,0,28074,1169,848,1904,2379,529,27393,27309,0,0,519,1365,0,2627,1288,640,1149,103,410,0,0,0,1246,27636,208,208,0,105,0,1254,212
 54110,0,28079,1169,848,1904,2379,529,27398,27314,0,0,519,1365,0,2627,1288,640,1149,103,410,0,0,0,1246,27641,208,208,0,105,0,1254,212
 54115,0,28084,1169,848,1904,2379,529,27403,27319,0,0,519,1365,0,2627,1288,640,1149,103,410,0,0,0,1246,27646,208,208,0,105,0,1254,212
 54120,0,28089,1169,848,1904,2379,529,27408,27324,0,0,519,1365,0,2627,1288,640,1149,103,410,0,0,0,1246,27651,208,208,0,105,0,1254,212
 54125,0,28095,1169,848,1904,2379,529,27413,27329,0,0,519,1365,0,2627,1288,640,1149,103,410,0,0,0,1246,27657,208,208,0,105,0,1254,212
 54130,0,28095,1169,848,1904,2379,529,27418,27334,0,0,519,1365,0,2627,1288,640,1149,103,410,0,0,0,1246,27657,208,208,0,105,0,1254,212
 54135,0,28095,1169,848,1904,2379,529,27423,27339,0,0,519,1365,0,2627,1288,640,1149,103,410,0,0,0,1246,27657,208,208,0,105,0,1254,212
 54140,0,28095,1169,848,1904,2379,529,27428,27344,0,0,519,1365,0,2627,1288,640,1149,103,410,0,0,0,1246,27657,208,208,0,105,0,1254,212
 54145,0,28095,1169,848,1904,2379,529,27433,27350,0,0,519,1365,0,2627,1288,640,1149,103,410,0,0,0,1246,27657,208,208,0,105,0,1254,212
 54150,0,28095,1169,848,1904,2379,529,27438,27350,0,0,519,1365,0,2627,1288,640,1149,103,410,0,0,0,1246,27657,208,208,0,105,0,1254,212
 54155,0,28095,1169,848,1904,2379,529,27443,27350,0,0,519,1365,0,2627,1288,640,1149,103,410,0,0,0,1246,27657,208,208,0,105,0,1254,212
 54160,0,28095,1169,848,1904,2379,529,27448,27350,0,0,519,1365,0,2627,1288,640,1149,103,410,0,0,0,1246,27657,208,208,0,105,0,1254,212
 54165,0,28095,1169,848,1904,2379,529,27453,27350,0,0,519,1365,0,2627,1288,640,1149,103,410,0,0,0,1246,27657,208,208,0,105,0,1254,212
 54170,0,28095,1169,848,1904,2379,529,27458,27350,0,0,519,1365,0,2627,1288,640,1149,103,410,0,0,0,1246,27657,208,208,0,105,0,1254,212
 54175,0,28095,1169,848,1904,2379,529,27463,27350,0,0,519,1365,0,2627,1288,640,1149,103,410,0,0,0,1246,27657,208,208,0,105,0,1254,212
 54180,0,28095,1169,848,1904,2379,529,27468,27350,0,0,519,1365,0,2627,1288,640,1149,103,410,0,0,0,1246,27657,208,208,0,105,0,1254,212
 54185,0,28095,1169,848,1904,2379,529,27472,27350,0,0,519,1365,0,2627,1288,640,1149,103,410,0,0,0,1246,27657,208,208,0,105,0,1254,212
 54190,0,28095,1169,848,1904,2379,529,27472,27350,0,0,519,1365,0,2627,1288,640,1149,103,410,0,0,0,1246,27657,208,208,0,105,0,1254,212
 54195,0,28095,1169,848,1904,2379,529,27472,27350,0,0,519,1365,0,2627,1288,640,1149,103,410,0,0,0,1246,27657,208,208,0,105,0,1254,212
 54200,0,28095,1169,848,1904,2379,529,27472,27350,0,0,519,1365,0,2627,1288,640,1149,103,410,0,0,0,1246,27657,208,208,0,105,0,1254,212
 54205,0,28095,1169,848,1904,2379,529,27472,27350,0,0,519,1365,0,2627,1288,640,1149,103,410,0,0,0,1246,27657,208,208,0,105,0,1254,212
 54210,0,28095,1169,848,1904,2379,529,27472,27350,0,0,519,1365,0,2627,1288,640,1149,103,410,0,0,0,1246,27657,208,208,0,105,0,1254,212
 54215,0,28095,1169,848,1904,2379,529,27472,27350,0,0,519,1365,0,2627,1288,640,1149,103,410,0,0,0,1246,27657,208,208,0,105,0,1254,212
 54220,0,28095,1169,848,1904,2379,529,27472,27350,0,0,519,1365,0,2627,1288,640,1149,103,410,0,0,0,1246,27657,208,208,0,105,0,1254,212
 54225,0,28095,1169,848,1904,2379,529,27472,27350,0,0,519,1365,0,2627,1288,640,1149,103,410,0,0,0,1246,27657,208,208,0,105,0,1254,212
 54230,0,28095,1169,848,1904,2379,529,27472,27350,0,0,519,1365,0,2627,1288,640,1149,103,410,0,0,0,1246,27657,208,208,0,105,0,1254,212
 54235,0,28095,1169,848,1904,2379,529,27472,27350,0,0,519,1365,0,2627,1288,640,1149,103,410,0,0,0,1246,27657,208,208,0,105,0,1254,212
 54240,0,28095,1169,848,1904,2379,529,27472,27350,0,0,519,1365,0,2627,1288,640,1149,103,410,0,0,0,1246,27660,208,208,0,105,0,1254,212
 54245,0,28095,1169,848,1904,2379,529,27472,27350,0,0,519,1365,0,2627,1288,640,1149,103,410,0,0,0,1246,27665,208,208,0,105,0,1254,212
 54250,0,28097,1169,848,1904,2379,529,27472,27350,0,0,519,1365,0,2627,1288,640,1149,103,410,0,0,0,1246,27670,208,208,0,105,0,1254,212
 54255,0,28102,1169,848,1904,2379,529,27472,27350,0,0,519,1365,0,2627,1288,640,1149,103,410,0,0,0,1246,27675,208,208,0,105,0,1254,212
 54260,0,28107,1169,848,1904,2379,529,27472,27350,0,0,519,1365,0,2627,1288,640,1149,103,410,0,0,0,1246,27680,208,208,0,105,0,1254,212
 54265,0,28112,1169,848,1904,2379,529,27475,27350,0,0,519,1365,0,2627,1288,640,1149,103,410,0,0,0,1246,27685,208,208,0,105,0,1254,212
 54270,0,28117,1169,848,1904,2379,529,27480,27350,0,0,519,1365,0,2627,1288,640,1149,103,410,0,0,0,1246,27690,208,208,0,105,0,1254,212
 54275,0,28122,1169,848,1904,2379,529,27485,27350,0,0,519,1365,0,2627,1288,640,1149,103,410,0,0,0,1246,27695,208,208,0,105,0,1254,212
 54280,0,28127,1169,848,1904,2379,529,27490,27350,0,0,519,1365,0,2627,1288,640,1149,103,410,0,0,0,1246,27700,208,208,0,105,0,1254,212
 54285,0,28132,1169,848,1904,2379,529,27495,27350,0,0,519,1365,0,2627,1288,640,1149,103,410,0,0,0,1246,27705,208,208,0,105,0,1254,212
 54290,0,28137,1169,848,1904,2379,529,27500,27350,0,0,519,1365,0,2627,1288,640,1149,103,410,0,0,0,1246,27710,208,208,0,105,0,1254,212
 54295,0,28142,1169,848,1904,2379,529,27505,27350,0,0,519,1365,0,2627,1288,640,1149,103,410,0,0,0,1246,27715,208,208,0,105,0,1254,212
 54300,0,28147,1169,848,1904,2379,529,27510,27350,0,0,519,1365,0,2627,1288,640,1149,103,410,0,0,0,1246,27720,208,208,0,105,0,1254,212
 54305,0,28152,1169,848,1904,2379,529,27515,27352,0,0,519,1365,0,2627,1288,640,1149,103,410,0,0,0,1246,27725,208,208,0,105,0,1254,212
 54310,0,28157,1169,848,1904,2379,529,27520,27357,0,0,519,1365,0,2627,1288,640,1149,103,410,0,0,0,1246,27730,208,208,0,105,0,1254,212
 54315,0,28162,1169,848,1904,2379,529,27525,27362,0,0,519,1365,0,2627,1288,640,1149,103,410,0,0,0,1246,27735,208,208,0,105,0,1254,212
 54320,0,28167,1169,848,1904,2379,529,27530,27367,0,0,519,1365,0,2627,1288,640,1149,103,410,0,0,0,1246,27740,208,208,0,105,0,1254,212
 54325,0,28172,1169,848,1904,2379,529,27535,27372,0,0,519,1365,0,2627,1288,640,1149,103,410,0,0,0,1246,27745,208,208,0,105,0,1254,212
 54330,0,28177,1169,848,1904,2379,529,27540,27377,0,0,519,1365,0,2627,1288,640,1149,103,410,0,0,0,1246,27750,208,208,0,105,0,1254,212
 54335,0,28182,1169,848,1904,2379,529,27545,27382,0,0,519,1365,0,2627,1288,640,1149,103,410,0,0,0,1246,27755,208,208,0,105,0,1254,212
 54340,0,28187,1169,848,1904,2379,529,27550,27387,0,0,519,1365,0,2627,1288,640,1149,103,410,0,0,0,1246,27760,208,208,0,105,0,1254,212
 54345,0,28192,1169,848,1904,2379,529,27555,27392,0,0,519,1365,0,2627,1288,640,1149,103,410,0,0,0,1246,27762,208,208,0,105,0,1254,212
 54350,0,28197,1169,848,1904,2379,529,27560,27397,0,0,519,1365,0,2627,1288,640,1149,103,410,0,0,0,1246,27762,208,208,0,105,0,1254,212
 54355,0,28202,1169,848,1904,2379,529,27565,27402,0,0,519,1365,0,2627,1288,640,1149,103,410,0,0,0,1246,27762,208,208,0,105,0,1254,212
 54360,0,28202,1169,848,1904,2379,529,27570,27407,0,0,519,1365,0,2627,1288,640,1149,103,410,0,0,0,1246,27762,208,208,0,105,0,1254,212
 54365,0,28202,1169,848,1904,2379,529,27575,27412,0,0,519,1365,0,2627,1288,640,1149,103,410,0,0,0,1246,27762,208,208,0,105,0,1254,212
 54370,0,28202,1169,848,1904,2379,529,27579,27417,0,0,519,1365,0,2627,1288,640,1149,103,410,0,0,0,1246,27762,208,208,0,105,0,1254,212
 54375,0,28202,1169,848,1904,2379,529,27579,27422,0,0,519,1365,0,2627,1288,640,1149,103,410,0,0,0,1246,27762,208,208,0,105,0,1254,212
 54380,0,28202,1169,848,1904,2379,529,27579,27427,0,0,519,1365,0,2627,1288,640,1149,103,410,0,0,0,1246,27762,208,208,0,105,0,1254,212
 54385,0,28202,1169,848,1904,2379,529,27579,27432,0,0,519,1365,0,2627,1288,640,1149,103,410,0,0,0,1246,27762,208,208,0,105,0,1254,212
 54390,0,28202,1169,848,1904,2379,529,27579,27437,0,0,519,1365,0,2627,1288,640,1149,103,410,0,0,0,1246,27762,208,208,0,105,0,1254,212
 54395,0,28202,1169,848,1904,2379,529,27579,27442,0,0,519,1365,0,2627,1288,640,1149,103,410,0,0,0,1246,27762,208,208,0,105,0,1254,212
 54400,0,28202,1169,848,1904,2379,529,27579,27447,0,0,519,1365,0,2627,1288,640,1149,103,410,0,0,0,1246,27762,208,208,0,105,0,1254,212
 54405,0,28202,1169,848,1904,2379,529,27579,27452,0,0,519,1365,0,2627,1288,640,1149,103,410,0,0,0,1246,27762,208,208,0,105,0,1254,212
 54410,0,28202,1169,848,1904,2379,529,27579,27455,0,0,519,1365,0,2627,1288,640,1149,103,410,0,0,0,1246,27762,208,208,0,105,0,1254,212
 54415,0,28202,1169,848,1904,2379,529,27579,27455,0,0,519,1365,0,2627,1288,640,1149,103,410,0,0,0,1246,27762,208,208,0,105,0,1254,212
 54420,0,28202,1169,848,1904,2379,529,27579,27455,0,0,519,1365,0,2627,1288,640,1149,103,410,0,0,0,1246,27762,208,208,0,105,0,1254,212
 54425,0,28202,1169,848,1904,2379,529,27579,27455,0,0,519,1365,0,2627,1288,640,1149,103,410,0,0,0,1246,27762,208,208,0,105,0,1254,212
 54430,0,28202,1169,848,1904,2379,529,27579,27455,0,0,519,1365,0,2627,1288,640,1149,103,410,0,0,0,1246,27762,208,208,0,105,0,1254,212
 54435,0,28202,1169,848,1904,2379,529,27579,27455,0,0,519,1365,0,2627,1288,640,1149,103,410,0,0,0,1246,27762,208,208,0,105,0,1254,212
 54440,0,28202,1169,848,1904,2379,529,27579,27455,0,0,519,1365,0,2627,1288,640,1149,103,410,0,0,0,1246,27762,208,208,0,105,0,1254,212
 54445,0,28202,1169,848,1904,2379,529,27579,27455,0,0,519,1365,0,2627,1288,640,1149,103,410,0,0,0,1246,27762,208,208,0,105,0,1254,212
 54450,0,28202,1169,848,1904,2379,529,27579,27455,0,0,519,1365,0,2627,1288,640,1149,103,410,0,0,0,1246,27762,208,208,0,105,0,1254,212
 54455,0,28202,1169,848,1904,2379,529,27579,27455,0,0,519,1365,0,2627,1288,640,1149,103,410,0,0,0,1246,27762,208,208,0,105,0,1254,212
 54460,0,28202,1169,848,1904,2379,529,27579,27455,0,0,519,1365,0,2627,1288,640,1149,103,410,0,0,0,1246,27762,208,208,0,105,0,1254,212
 54465,0,28201,1169,848,1904,2379,529,27579,27455,0,0,519,1365,0,2627,1288,640,1149,103,410,0,0,0,1246,27765,208,208,0,105,0,1254,212
 54470,0,28206,1169,848,1904,2379,529,27579,27455,0,0,519,1365,0,2627,1288,640,1149,103,410,0,0,0,1246,27770,208,208,0,105,0,1254,212
 54475,0,28211,1169,848,1904,2379,529,27579,27455,0,0,519,1365,0,2627,1288,640,1149,103,410,0,0,0,1246,27775,208,208,0,105,0,1254,212
 54480,0,28216,1169,848,1904,2379,529,27580,27455,0,0,519,1365,0,2627,1288,640,1149,103,410,0,0,0,1246,27780,208,208,0,105,0,1254,212
 54485,0,28221,1169,848,1904,2379,529,27585,27455,0,0,519,1365,0,2627,1288,640,1149,103,410,0,0,0,1246,27785,208,208,0,105,0,1254,212
 54490,0,28226,1169,848,1904,2379,529,27590,27455,0,0,519,1365,0,2627,1288,640,1149,103,410,0,0,0,1246,27790,208,208,0,105,0,1254,212
 54495,0,28231,1169,848,1904,2379,529,27595,27455,0,0,519,1365,0,2627,1288,640,1149,103,410,0,0,0,1246,27795,208,208,0,105,0,1254,212
 54500,0,28236,1169,848,1904,2379,529,27600,27455,0,0,519,1365,0,2627,1288,640,1149,103,410,0,0,0,1246,27800,208,208,0,105,0,1254,212
 54505,0,28241,1169,848,1904,2379,529,27605,27455,0,0,519,1365,0,2627,1288,640,1149,103,410,0,0,0,1246,27805,208,208,0,105,0,1254,212
 54510,0,28246,1169,848,1904,2379,529,27610,27455,0,0,519,1365,0,2627,1288,640,1149,103,410,0,0,0,1246,27810,208,208,0,105,0,1254,212
 54515,0,28251,1169,848,1904,2379,529,27615,27455,0,0,519,1365,0,2627,1288,640,1149,103,410,0,0,0,1246,27815,208,208,0,105,0,1254,212
 54520,0,28256,1169,848,1904,2379,529,27620,27457,0,0,519,1365,0,2627,1288,640,1149,103,410,0,0,0,1246,27820,208,208,0,105,0,1254,212
 54525,0,28261,1169,848,1904,2379,529,27625,27462,0,0,519,1365,0,2627,1288,640,1149,103,410,0,0,0,1246,27825,208,208,0,105,0,1254,212
 54530,0,28266,1169,848,1904,2379,529,27630,27467,0,0,519,1365,0,2627,1288,640,1149,103,410,0,0,0,1246,27830,208,208,0,105,0,1254,212
 54535,0,28271,1169,848,1904,2379,529,27635,27472,0,0,519,1365,0,2627,1288,640,1149,103,410,0,0,0,1246,27835,208,208,0,105,0,1254,212
 54540,0,28276,1169,848,1904,2379,529,27640,27477,0,0,519,1365,0,2627,1288,640,1149,103,410,0,0,0,1246,27840,208,208,0,105,0,1254,212
 54545,0,28281,1169,848,1904,2379,529,27645,27482,0,0,519,1365,0,2627,1288,640,1149,103,410,0,0,0,1246,27845,208,208,0,105,0,1254,212
 54550,0,28286,1169,848,1904,2379,529,27650,27487,0,0,519,1365,0,2627,1288,640,1149,103,410,0,0,0,1246,27850,208,208,0,105,0,1254,212
 54555,0,28291,1169,848,1904,2379,529,27655,27492,0,0,519,1365,0,2627,1288,640,1149,103,410,0,0,0,1246,27855,208,208,0,105,0,1254,212
 54560,0,28296,1169,848,1904,2379,529,27660,27497,0,0,519,1365,0,2627,1288,640,1149,103,410,0,0,0,1246,27860,208,208,0,105,0,1254,212
 54565,0,28301,1169,848,1904,2379,529,27665,27502,0,0,519,1365,0,2627,1288,640,1149,103,410,0,0,0,1246,27865,208,208,0,105,0,1254,212
 54570,0,28303,1169,848,1904,2379,529,27670,27507,0,0,519,1365,0,2627,1288,640,1149,103,410,0,0,0,1246,27865,208,208,0,105,0,1254,212
 54575,0,28303,1169,848,1904,2379,529,27675,27512,0,0,519,1365,0,2627,1288,640,1149,103,410,0,0,0,1246,27865,208,208,0,105,0,1254,212
 54580,0,28303,1169,848,1904,2379,529,27680,27517,0,0,519,1365,0,2627,1288,640,1149,103,410,0,0,0,1246,27865,208,208,0,105,0,1254,212
 54585,0,28303,1169,848,1904,2379,529,27684,27522,0,0,519,1365,0,2627,1288,640,1149,103,410,0,0,0,1246,27865,208,208,0,105,0,1254,212
 54590,0,28303,1169,848,1904,2379,529,27684,27527,0,0,519,1365,0,2627,1288,640,1149,103,410,0,0,0,1246,27865,208,208,0,105,0,1254,212
 54595,0,28303,1169,848,1904,2379,529,27684,27532,0,0,519,1365,0,2627,1288,640,1149,103,410,0,0,0,1246,27865,208,208,0,105,0,1254,212
 54600,0,28303,1169,848,1904,2379,529,27684,27537,0,0,519,1365,0,2627,1288,640,1149,103,410,0,0,0,1246,27865,208,208,0,105,0,1254,212
 54605,0,28303,1169,848,1904,2379,529,27684,27542,0,0,519,1365,0,2627,1288,640,1149,103,410,0,0,0,1246,27865,208,208,0,105,0,1254,212
 54610,0,28303,1169,848,1904,2379,529,27684,27547,0,0,519,1365,0,2627,1288,640,1149,103,410,0,0,0,1246,27865,208,208,0,105,0,1254,212
 54615,0,28303,1169,848,1904,2379,529,27684,27552,0,0,519,1365,0,2627,1288,640,1149,103,410,0,0,0,1246,27865,208,208,0,105,0,1254,212
 54620,0,28303,1169,848,1904,2379,529,27684,27557,0,0,519,1365,0,2627,1288,640,1149,103,410,0,0,0,1246,27865,208,208,0,105,0,1254,212
 54625,0,28303,1169,848,1904,2379,529,27684,27560,0,0,519,1365,0,2627,1288,640,1149,103,410,0,0,0,1246,27865,208,208,0,105,0,1254,212
 54630,0,28303,1169,848,1904,2379,529,27684,27560,0,0,519,1365,0,2627,1288,640,1149,103,410,0,0,0,1246,27865,208,208,0,105,0,1254,212
 54635,0,28303,1169,848,1904,2379,529,27684,27560,0,0,519,1365,0,2627,1288,640,1149,103,410,0,0,0,1246,27865,208,208,0,105,0,1254,212
 54640,0,28303,1169,848,1904,2379,529,27684,27560,0,0,519,1365,0,2627,1288,640,1149,103,410,0,0,0,1246,27865,208,208,0,105,0,1254,212
 54645,0,28303,1169,848,1904,2379,529,27684,27560,0,0,519,1365,0,2627,1288,640,1149,103,410,0,0,0,1246,27865,208,208,0,105,0,1254,212
 54650,0,28303,1169,848,1904,2379,529,27684,27560,0,0,519,1365,0,2627,1288,640,1149,103,410,0,0,0,1246,27865,208,208,0,105,0,1254,212
 54655,0,28303,1169,848,1904,2379,529,27684,27560,0,0,519,1365,0,2627,1288,640,1149,103,410,0,0,0,1246,27865,208,208,0,105,0,1254,212
 54660,0,28303,1169,848,1904,2379,529,27684,27560,0,0,519,1365,0,2627,1288,640,1149,103,410,0,0,0,1246,27864,208,208,0,105,0,1254,212
 54665,0,28303,1169,848,1904,2379,529,27684,27560,0,0,519,1365,0,2627,1288,640,1149,103,410,0,0,0,1246,27869,208,208,0,105,0,1254,212
 54670,0,28303,1169,848,1904,2379,529,27684,27560,0,0,519,1365,0,2627,1288,640,1149,103,410,0,0,0,1246,27874,208,208,0,105,0,1254,212
 54675,0,28303,1169,848,1904,2379,529,27684,27560,0,0,519,1365,0,2627,1288,640,1149,103,410,0,0,0,1246,27879,208,208,0,105,0,1254,212
 54680,0,28304,1169,848,1904,2379,529,27684,27560,0,0,519,1365,0,2627,1288,640,1149,103,410,0,0,0,1246,27884,208,208,0,105,0,1254,212
 54685,0,28309,1169,848,1904,2379,529,27684,27560,0,0,519,1365,0,2627,1288,640,1149,103,410,0,0,0,1246,27889,208,208,0,105,0,1254,212
 54690,0,28314,1169,848,1904,2379,529,27684,27560,0,0,519,1365,0,2627,1288,640,1149,103,410,0,0,0,1246,27894,208,208,0,105,0,1254,212
 54695,0,28319,1169,848,1904,2379,529,27687,27560,0,0,519,1365,0,2627,1288,640,1149,103,410,0,0,0,1246,27899,208,208,0,105,0,1254,212
 54700,0,28324,1169,848,1904,2379,529,27692,27560,0,0,519,1365,0,2627,1288,640,1149,103,410,0,0,0,1246,27904,208,208,0,105,0,1254,212
 54705,0,28329,1169,848,1904,2379,529,27697,27560,0,0,519,1365,0,2627,1288,640,1149,103,410,0,0,0,1246,27909,208,208,0,105,0,1254,212
 54710,0,28334,1169,848,1904,2379,529,27702,27560,0,0,519,1365,0,2627,1288,640,1149,103,410,0,0,0,1246,27914,208,208,0,105,0,1254,212
 54715,0,28339,1169,848,1904,2379,529,27707,27560,0,0,519,1365,0,2627,1288,640,1149,103,410,0,0,0,1246,27919,208,208,0,105,0,1254,212
 54720,0,28344,1169,848,1904,2379,529,27712,27560,0,0,519,1365,0,2627,1288,640,1149,103,410,0,0,0,1246,27924,208,208,0,105,0,1254,212
 54725,0,28349,1169,848,1904,2379,529,27717,27560,0,0,519,1365,0,2627,1288,640,1149,103,410,0,0,0,1246,27929,208,208,0,105,0,1254,212
 54730,0,28354,1169,848,1904,2379,529,27722,27560,0,0,519,1365,0,2627,1288,640,1149,103,410,0,0,0,1246,27934,208,208,0,105,0,1254,212
 54735,0,28359,1169,848,1904,2379,529,27727,27560,0,0,519,1365,0,2627,1288,640,1149,103,410,0,0,0,1246,27939,208,208,0,105,0,1254,212
 54740,0,28364,1169,848,1904,2379,529,27732,27560,0,0,519,1365,0,2627,1288,640,1149,103,410,0,0,0,1246,27944,208,208,0,105,0,1254,212
 54745,0,28369,1169,848,1904,2379,529,27737,27560,0,0,519,1365,0,2627,1288,640,1149,103,410,0,0,0,1246,27949,208,208,0,105,0,1254,212
 54750,0,28374,1169,848,1904,2379,529,27742,27560,0,0,519,1365,0,2627,1288,640,1149,103,410,0,0,0,1246,27954,208,208,0,105,0,1254,212
 54755,0,28379,1169,848,1904,2379,529,27747,27560,0,0,519,1365,0,2627,1288,640,1149,103,410,0,0,0,1246,27959,208,208,0,105,0,1254,212
 54760,0,28384,1169,848,1904,2379,529,27752,27560,0,0,519,1365,0,2627,1288,640,1149,103,410,0,0,0,1246,27964,208,208,0,105,0,1254,212
 54765,0,28389,1169,848,1904,2379,529,27757,27560,0,0,519,1365,0,2627,1288,640,1149,103,410,0,0,0,1246,27968,208,208,0,105,0,1254,212
 54770,0,28394,1169,848,1904,2379,529,27762,27560,0,0,519,1365,0,2627,1288,640,1149,103,410,0,0,0,1246,27968,208,208,0,105,0,1254,212
 54775,0,28399,1169,848,1904,2379,529,27767,27560,0,0,519,1365,0,2627,1288,640,1149,103,410,0,0,0,1246,27968,208,208,0,105,0,1254,212
 54780,0,28404,1169,848,1904,2379,529,27772,27560,0,0,519,1365,0,2627,1288,640,1149,103,410,0,0,0,1246,27968,208,208,0,105,0,1254,212
 54785,0,28404,1169,848,1904,2379,529,27777,27563,0,0,519,1365,0,2627,1288,640,1149,103,410,0,0,0,1246,27968,208,208,0,105,0,1254,212
 54790,0,28404,1169,848,1904,2379,529,27782,27568,0,0,519,1365,0,2627,1288,640,1149,103,410,0,0,0,1246,27968,208,208,0,105,0,1254,212
 54795,0,28404,1169,848,1904,2379,529,27787,27573,0,0,519,1365,0,2627,1288,640,1149,103,410,0,0,0,1246,27968,208,208,0,105,0,1254,212
 54800,0,28404,1169,848,1904,2379,529,27789,27578,0,0,519,1365,0,2627,1288,640,1149,103,410,0,0,0,1246,27968,208,208,0,105,0,1254,212
 54805,0,28404,1169,848,1904,2379,529,27789,27583,0,0,519,1365,0,2627,1288,640,1149,103,410,0,0,0,1246,27968,208,208,0,105,0,1254,212
 54810,0,28404,1169,848,1904,2379,529,27789,27588,0,0,519,1365,0,2627,1288,640,1149,103,410,0,0,0,1246,27968,208,208,0,105,0,1254,212
 54815,0,28404,1169,848,1904,2379,529,27789,27593,0,0,519,1365,0,2627,1288,640,1149,103,410,0,0,0,1246,27968,208,208,0,105,0,1254,212
 54820,0,28404,1169,848,1904,2379,529,27789,27598,0,0,519,1365,0,2627,1288,640,1149,103,410,0,0,0,1246,27968,208,208,0,105,0,1254,212
 54825,0,28404,1169,848,1904,2379,529,27789,27603,0,0,519,1365,0,2627,1288,640,1149,103,410,0,0,0,1246,27968,208,208,0,105,0,1254,212
 54830,0,28404,1169,848,1904,2379,529,27789,27608,0,0,519,1365,0,2627,1288,640,1149,103,410,0,0,0,1246,27968,208,208,0,105,0,1254,212
 54835,0,28404,1169,848,1904,2379,529,27789,27613,0,0,519,1365,0,2627,1288,640,1149,103,410,0,0,0,1246,27968,208,208,0,105,0,1254,212
 54840,0,28404,1169,848,1904,2379,529,27789,27618,0,0,519,1365,0,2627,1288,640,1149,103,410,0,0,0,1246,27968,208,208,0,105,0,1254,212
 54845,0,28404,1169,848,1904,2379,529,27789,27623,0,0,519,1365,0,2627,1288,640,1149,103,410,0,0,0,1246,27968,208,208,0,105,0,1254,212
 54850,0,28404,1169,848,1904,2379,529,27789,27628,0,0,519,1365,0,2627,1288,640,1149,103,410,0,0,0,1246,27968,208,208,0,105,0,1254,212
 54855,0,28404,1169,848,1904,2379,529,27789,27633,0,0,519,1365,0,2627,1288,640,1149,103,410,0,0,0,1246,27968,208,208,0,105,0,1254,212
 54860,0,28404,1169,848,1904,2379,529,27789,27638,0,0,519,1365,0,2627,1288,640,1149,103,410,0,0,0,1246,27973,208,208,0,105,0,1254,212
 54865,0,28403,1169,848,1904,2379,529,27789,27643,0,0,519,1365,0,2627,1288,640,1149,103,410,0,0,0,1246,27978,208,208,0,105,0,1254,212
 54870,0,28408,1169,848,1904,2379,529,27789,27648,0,0,519,1365,0,2627,1288,640,1149,103,410,0,0,0,1246,27983,208,208,0,105,0,1254,212
 54875,0,28413,1169,848,1904,2379,529,27789,27653,0,0,519,1365,0,2627,1288,640,1149,103,410,0,0,0,1246,27988,208,208,0,105,0,1254,212
 54880,0,28418,1169,848,1904,2379,529,27789,27658,0,0,519,1365,0,2627,1288,640,1149,103,410,0,0,0,1246,27993,208,208,0,105,0,1254,212
 54885,0,28423,1169,848,1904,2379,529,27789,27663,0,0,519,1365,0,2627,1288,640,1149,103,410,0,0,0,1246,27998,208,208,0,105,0,1254,212
 54890,0,28428,1169,848,1904,2379,529,27792,27663,0,0,519,1365,0,2627,1288,640,1149,103,410,0,0,0,1246,28003,208,208,0,105,0,1254,212
 54895,0,28433,1169,848,1904,2379,529,27797,27663,0,0,519,1365,0,2627,1288,640,1149,103,410,0,0,0,1246,28008,208,208,0,105,0,1254,212
 54900,0,28438,1169,848,1904,2379,529,27802,27663,0,0,519,1365,0,2627,1288,640,1149,103,410,0,0,0,1246,28013,208,208,0,105,0,1254,212
 54905,0,28443,1169,848,1904,2379,529,27807,27663,0,0,519,1365,0,2627,1288,640,1149,103,410,0,0,0,1246,28018,208,208,0,105,0,1254,212
 54910,0,28448,1169,848,1904,2379,529,27812,27663,0,0,519,1365,0,2627,1288,640,1149,103,410,0,0,0,1246,28023,208,208,0,105,0,1254,212
 54915,0,28453,1169,848,1904,2379,529,27817,27663,0,0,519,1365,0,2627,1288,640,1149,103,410,0,0,0,1246,28028,208,208,0,105,0,1254,212
 54920,0,28458,1169,848,1904,2379,529,27822,27663,0,0,519,1365,0,2627,1288,640,1149,103,410,0,0,0,1246,28033,208,208,0,105,0,1254,212
 54925,0,28463,1169,848,1904,2379,529,27827,27663,0,0,519,1365,0,2627,1288,640,1149,103,410,0,0,0,1246,28038,208,208,0,105,0,1254,212
 54930,0,28468,1169,848,1904,2379,529,27832,27663,0,0,519,1365,0,2627,1288,640,1149,103,410,0,0,0,1246,28043,208,208,0,105,0,1254,212
 54935,0,28473,1169,848,1904,2379,529,27837,27663,0,0,519,1365,0,2627,1288,640,1149,103,410,0,0,0,1246,28048,208,208,0,105,0,1254,212
 54940,0,28478,1169,848,1904,2379,529,27842,27663,0,0,519,1365,0,2627,1288,640,1149,103,410,0,0,0,1246,28053,208,208,0,105,0,1254,212
 54945,0,28483,1169,848,1904,2379,529,27847,27666,0,0,519,1365,0,2627,1288,640,1149,103,410,0,0,0,1246,28058,208,208,0,105,0,1254,212
 54950,0,28488,1169,848,1904,2379,529,27852,27671,0,0,519,1365,0,2627,1288,640,1149,103,410,0,0,0,1246,28063,208,208,0,105,0,1254,212
 54955,0,28493,1169,848,1904,2379,529,27857,27676,0,0,519,1365,0,2627,1288,640,1149,103,410,0,0,0,1246,28068,208,208,0,105,0,1254,212
 54960,0,28498,1169,848,1904,2379,529,27862,27681,0,0,519,1365,0,2627,1288,640,1149,103,410,0,0,0,1246,28071,208,208,0,105,0,1254,212
 54965,0,28503,1169,848,1904,2379,529,27867,27686,0,0,519,1365,0,2627,1288,640,1149,103,410,0,0,0,1246,28071,208,208,0,105,0,1254,212
 54970,0,28505,1169,848,1904,2379,529,27872,27691,0,0,519,1365,0,2627,1288,640,1149,103,410,0,0,0,1246,28071,208,208,0,105,0,1254,212
 54975,0,28505,1169,848,1904,2379,529,27877,27696,0,0,519,1365,0,2627,1288,640,1149,103,410,0,0,0,1246,28071,208,208,0,105,0,1254,212
 54980,0,28505,1169,848,1904,2379,529,27882,27701,0,0,519,1365,0,2627,1288,640,1149,103,410,0,0,0,1246,28071,208,208,0,105,0,1254,212
 54985,0,28505,1169,848,1904,2379,529,27887,27706,0,0,519,1365,0,2627,1288,640,1149,103,410,0,0,0,1246,28071,208,208,0,105,0,1254,212
 54990,0,28505,1169,848,1904,2379,529,27890,27711,0,0,519,1365,0,2627,1288,640,1149,103,410,0,0,0,1246,28071,208,208,0,105,0,1254,212
 54995,0,28505,1169,848,1904,2379,529,27890,27716,0,0,519,1365,0,2627,1288,640,1149,103,410,0,0,0,1246,28071,208,208,0,105,0,1254,212
 55000,0,28505,1169,848,1904,2379,529,27890,27721,0,0,519,1365,0,2627,1288,640,1149,103,410,0,0,0,1246,28071,208,208,0,105,0,1254,212
 55005,0,28505,1169,848,1904,2379,529,27890,27726,0,0,519,1365,0,2627,1288,640,1149,103,410,0,0,0,1246,28071,208,208,0,105,0,1254,212
 55010,0,28505,1169,848,1904,2379,529,27890,27731,0,0,519,1365,0,2627,1288,640,1149,103,410,0,0,0,1246,28071,208,208,0,105,0,1254,212
 55015,0,28505,1169,848,1904,2379,529,27890,27736,0,0,519,1365,0,2627,1288,640,1149,103,410,0,0,0,1246,28071,208,208,0,105,0,1254,212
 55020,0,28505,1169,848,1904,2379,529,27890,27741,0,0,519,1365,0,2627,1288,640,1149,103,410,0,0,0,1246,28071,208,208,0,105,0,1254,212
 55025,0,28505,1169,848,1904,2379,529,27890,27746,0,0,519,1365,0,2627,1288,640,1149,103,410,0,0,0,1246,28071,208,208,0,105,0,1254,212
 55030,0,28505,1169,848,1904,2379,529,27890,27751,0,0,519,1365,0,2627,1288,640,1149,103,410,0,0,0,1246,28071,208,208,0,105,0,1254,212
 55035,0,28505,1169,848,1904,2379,529,27890,27756,0,0,519,1365,0,2627,1288,640,1149,103,410,0,0,0,1246,28071,208,208,0,105,0,1254,212
 55040,0,28506,1169,848,1904,2379,529,27890,27761,0,0,519,1365,0,2627,1288,640,1149,103,410,0,0,0,1246,28071,208,208,0,105,0,1254,212
 55045,0,28511,1169,848,1904,2379,529,27890,27766,0,0,519,1365,0,2627,1288,640,1149,103,410,0,0,0,1246,28071,208,208,0,105,0,1254,212
 55050,0,28516,1169,848,1904,2379,529,27890,27766,0,0,519,1365,0,2627,1288,640,1149,103,410,0,0,0,1246,28071,208,208,0,105,0,1254,212
 55055,0,28521,1169,848,1904,2379,529,27890,27766,0,0,519,1365,0,2627,1288,640,1149,103,410,0,0,0,1246,28071,208,208,0,105,0,1254,212
 55060,0,28526,1169,848,1904,2379,529,27890,27766,0,0,519,1365,0,2627,1288,640,1149,103,410,0,0,0,1246,28071,208,208,0,105,0,1254,212
 55065,0,28531,1169,848,1904,2379,529,27890,27766,0,0,519,1365,0,2627,1288,640,1149,103,410,0,0,0,1246,28071,208,208,0,105,0,1254,212
 55070,0,28536,1169,848,1904,2379,529,27890,27766,0,0,519,1365,0,2627,1288,640,1149,103,410,0,0,0,1246,28071,208,208,0,105,0,1254,212
 55075,0,28541,1169,848,1904,2379,529,27890,27766,0,0,519,1365,0,2627,1288,640,1149,103,410,0,0,0,1246,28070,208,208,0,105,0,1254,212
 55080,0,28546,1169,848,1904,2379,529,27890,27766,0,0,519,1365,0,2627,1288,640,1149,103,410,0,0,0,1246,28075,208,208,0,105,0,1254,212
 55085,0,28551,1169,848,1904,2379,529,27890,27766,0,0,519,1365,0,2627,1288,640,1149,103,410,0,0,0,1246,28080,208,208,0,105,0,1254,212
 55090,0,28556,1169,848,1904,2379,529,27890,27766,0,0,519,1365,0,2627,1288,640,1149,103,410,0,0,0,1246,28085,208,208,0,105,0,1254,212
 55095,0,28561,1169,848,1904,2379,529,27890,27766,0,0,519,1365,0,2627,1288,640,1149,103,410,0,0,0,1246,28090,208,208,0,105,0,1254,212
 55100,0,28566,1169,848,1904,2379,529,27890,27766,0,0,519,1365,0,2627,1288,640,1149,103,410,0,0,0,1246,28095,208,208,0,105,0,1254,212
 55105,0,28571,1169,848,1904,2379,529,27890,27766,0,0,519,1365,0,2627,1288,640,1149,103,410,0,0,0,1246,28100,208,208,0,105,0,1254,212
 55110,0,28576,1169,848,1904,2379,529,27895,27766,0,0,519,1365,0,2627,1288,640,1149,103,410,0,0,0,1246,28105,208,208,0,105,0,1254,212
 55115,0,28581,1169,848,1904,2379,529,27900,27766,0,0,519,1365,0,2627,1288,640,1149,103,410,0,0,0,1246,28110,208,208,0,105,0,1254,212
 55120,0,28586,1169,848,1904,2379,529,27905,27766,0,0,519,1365,0,2627,1288,640,1149,103,410,0,0,0,1246,28115,208,208,0,105,0,1254,212
 55125,0,28591,1169,848,1904,2379,529,27910,27766,0,0,519,1365,0,2627,1288,640,1149,103,410,0,0,0,1246,28120,208,208,0,105,0,1254,212
 55130,0,28596,1169,848,1904,2379,529,27915,27766,0,0,519,1365,0,2627,1288,640,1149,103,410,0,0,0,1246,28125,208,208,0,105,0,1254,212
 55135,0,28601,1169,848,1904,2379,529,27920,27766,0,0,519,1365,0,2627,1288,640,1149,103,410,0,0,0,1246,28130,208,208,0,105,0,1254,212
 55140,0,28606,1169,848,1904,2379,529,27925,27766,0,0,519,1365,0,2627,1288,640,1149,103,410,0,0,0,1246,28135,208,208,0,105,0,1254,212
 55145,0,28608,1169,848,1904,2379,529,27930,27766,0,0,519,1365,0,2627,1288,640,1149,103,410,0,0,0,1246,28140,208,208,0,105,0,1254,212
 55150,0,28608,1169,848,1904,2379,529,27935,27766,0,0,519,1365,0,2627,1288,640,1149,103,410,0,0,0,1246,28145,208,208,0,105,0,1254,212
 55155,0,28608,1169,848,1904,2379,529,27940,27766,0,0,519,1365,0,2627,1288,640,1149,103,410,0,0,0,1246,28150,208,208,0,105,0,1254,212
 55160,0,28608,1169,848,1904,2379,529,27945,27767,0,0,519,1365,0,2627,1288,640,1149,103,410,0,0,0,1246,28155,208,208,0,105,0,1254,212
 55165,0,28608,1169,848,1904,2379,529,27950,27772,0,0,519,1365,0,2627,1288,640,1149,103,410,0,0,0,1246,28160,208,208,0,105,0,1254,212
 55170,0,28608,1169,848,1904,2379,529,27955,27777,0,0,519,1365,0,2627,1288,640,1149,103,410,0,0,0,1246,28165,208,208,0,105,0,1254,212
 55175,0,28608,1169,848,1904,2379,529,27960,27782,0,0,519,1365,0,2627,1288,640,1149,103,410,0,0,0,1246,28170,208,208,0,105,0,1254,212
 55180,0,28608,1169,848,1904,2379,529,27965,27787,0,0,519,1365,0,2627,1288,640,1149,103,410,0,0,0,1246,28176,208,208,0,105,0,1254,212
 55185,0,28608,1169,848,1904,2379,529,27970,27792,0,0,519,1365,0,2627,1288,640,1149,103,410,0,0,0,1246,28176,208,208,0,105,0,1254,212
 55190,0,28610,1169,848,1904,2379,529,27975,27797,0,0,519,1365,0,2627,1288,640,1149,103,410,0,0,0,1246,28176,208,208,0,105,0,1254,212
 55195,0,28615,1169,848,1904,2379,529,27980,27802,0,0,519,1365,0,2627,1288,640,1149,103,410,0,0,0,1246,28176,208,208,0,105,0,1254,212
 55200,0,28620,1169,848,1904,2379,529,27985,27807,0,0,519,1365,0,2627,1288,640,1149,103,410,0,0,0,1246,28176,208,208,0,105,0,1254,212
 55205,0,28625,1169,848,1904,2379,529,27990,27812,0,0,519,1365,0,2627,1288,640,1149,103,410,0,0,0,1246,28176,208,208,0,105,0,1254,212
 55210,0,28630,1169,848,1904,2379,529,27995,27817,0,0,519,1365,0,2627,1288,640,1149,103,410,0,0,0,1246,28176,208,208,0,105,0,1254,212
 55215,0,28635,1169,848,1904,2379,529,27997,27822,0,0,519,1365,0,2627,1288,640,1149,103,410,0,0,0,1246,28176,208,208,0,105,0,1254,212
 55220,0,28640,1169,848,1904,2379,529,27997,27827,0,0,519,1365,0,2627,1288,640,1149,103,410,0,0,0,1246,28176,208,208,0,105,0,1254,212
 55225,0,28645,1169,848,1904,2379,529,27997,27832,0,0,519,1365,0,2627,1288,640,1149,103,410,0,0,0,1246,28176,208,208,0,105,0,1254,212
 55230,0,28650,1169,848,1904,2379,529,27997,27837,0,0,519,1365,0,2627,1288,640,1149,103,410,0,0,0,1246,28176,208,208,0,105,0,1254,212
 55235,0,28655,1169,848,1904,2379,529,27997,27842,0,0,519,1365,0,2627,1288,640,1149,103,410,0,0,0,1246,28176,208,208,0,105,0,1254,212
 55240,0,28660,1169,848,1904,2379,529,27997,27847,0,0,519,1365,0,2627,1288,640,1149,103,410,0,0,0,1246,28176,208,208,0,105,0,1254,212
 55245,0,28665,1169,848,1904,2379,529,27997,27852,0,0,519,1365,0,2627,1288,640,1149,103,410,0,0,0,1246,28176,208,208,0,105,0,1254,212
 55250,0,28670,1169,848,1904,2379,529,27997,27857,0,0,519,1365,0,2627,1288,640,1149,103,410,0,0,0,1246,28176,208,208,0,105,0,1254,212
 55255,0,28675,1169,848,1904,2379,529,27997,27862,0,0,519,1365,0,2627,1288,640,1149,103,410,0,0,0,1246,28176,208,208,0,105,0,1254,212
 55260,0,28680,1169,848,1904,2379,529,27997,27867,0,0,519,1365,0,2627,1288,640,1149,103,410,0,0,0,1246,28179,208,208,0,105,0,1254,212
 55265,0,28685,1169,848,1904,2379,529,27997,27871,0,0,519,1365,0,2627,1288,640,1149,103,410,0,0,0,1246,28184,208,208,0,105,0,1254,212
 55270,0,28690,1169,848,1904,2379,529,27997,27871,0,0,519,1365,0,2627,1288,640,1149,103,410,0,0,0,1246,28189,208,208,0,105,0,1254,212
 55275,0,28695,1169,848,1904,2379,529,27997,27871,0,0,519,1365,0,2627,1288,640,1149,103,410,0,0,0,1246,28194,208,208,0,105,0,1254,212
 55280,0,28700,1169,848,1904,2379,529,27997,27871,0,0,519,1365,0,2627,1288,640,1149,103,410,0,0,0,1246,28199,208,208,0,105,0,1254,212
 55285,0,28705,1169,848,1904,2379,529,27997,27871,0,0,519,1365,0,2627,1288,640,1149,103,410,0,0,0,1246,28204,208,208,0,105,0,1254,212
 55290,0,28710,1169,848,1904,2379,529,27997,27871,0,0,519,1365,0,2627,1288,640,1149,103,410,0,0,0,1246,28209,208,208,0,105,0,1254,212
 55295,0,28713,1169,848,1904,2379,529,27997,27871,0,0,519,1365,0,2627,1288,640,1149,103,410,0,0,0,1246,28214,208,208,0,105,0,1254,212
 55300,0,28713,1169,848,1904,2379,529,27997,27871,0,0,519,1365,0,2627,1288,640,1149,103,410,0,0,0,1246,28219,208,208,0,105,0,1254,212
 55305,0,28713,1169,848,1904,2379,529,27997,27871,0,0,519,1365,0,2627,1288,640,1149,103,410,0,0,0,1246,28224,208,208,0,105,0,1254,212
 55310,0,28713,1169,848,1904,2379,529,27997,27871,0,0,519,1365,0,2627,1288,640,1149,103,410,0,0,0,1246,28229,208,208,0,105,0,1254,212
 55315,0,28713,1169,848,1904,2379,529,27997,27871,0,0,519,1365,0,2627,1288,640,1149,103,410,0,0,0,1246,28234,208,208,0,105,0,1254,212
 55320,0,28713,1169,848,1904,2379,529,27997,27871,0,0,519,1365,0,2627,1288,640,1149,103,410,0,0,0,1246,28239,208,208,0,105,0,1254,212
 55325,0,28713,1169,848,1904,2379,529,27997,27871,0,0,519,1365,0,2627,1288,640,1149,103,410,0,0,0,1246,28244,208,208,0,105,0,1254,212
 55330,0,28713,1169,848,1904,2379,529,27996,27871,0,0,519,1365,0,2627,1288,640,1149,103,410,0,0,0,1246,28249,208,208,0,105,0,1254,212
 55335,0,28713,1169,848,1904,2379,529,28001,27871,0,0,519,1365,0,2627,1288,640,1149,103,410,0,0,0,1246,28254,208,208,0,105,0,1254,212
 55340,0,28713,1169,848,1904,2379,529,28006,27871,0,0,519,1365,0,2627,1288,640,1149,103,410,0,0,0,1246,28259,208,208,0,105,0,1254,212
 55345,0,28713,1169,848,1904,2379,529,28011,27871,0,0,519,1365,0,2627,1288,640,1149,103,410,0,0,0,1246,28264,208,208,0,105,0,1254,212
 55350,0,28713,1169,848,1904,2379,529,28016,27871,0,0,519,1365,0,2627,1288,640,1149,103,410,0,0,0,1246,28269,208,208,0,105,0,1254,212
 55355,0,28713,1169,848,1904,2379,529,28021,27874,0,0,519,1365,0,2627,1288,640,1149,103,410,0,0,0,1246,28274,208,208,0,105,0,1254,212
 55360,0,28715,1169,848,1904,2379,529,28026,27879,0,0,519,1365,0,2627,1288,640,1149,103,410,0,0,0,1246,28279,208,208,0,105,0,1254,212
 55365,0,28720,1169,848,1904,2379,529,28031,27884,0,0,519,1365,0,2627,1288,640,1149,103,410,0,0,0,1246,28279,208,208,0,105,0,1254,212
 55370,0,28725,1169,848,1904,2379,529,28036,27889,0,0,519,1365,0,2627,1288,640,1149,103,410,0,0,0,1246,28279,208,208,0,105,0,1254,212
 55375,0,28730,1169,848,1904,2379,529,28041,27894,0,0,519,1365,0,2627,1288,640,1149,103,410,0,0,0,1246,28279,208,208,0,105,0,1254,212
 55380,0,28735,1169,848,1904,2379,529,28046,27899,0,0,519,1365,0,2627,1288,640,1149,103,410,0,0,0,1246,28279,208,208,0,105,0,1254,212
 55385,0,28740,1169,848,1904,2379,529,28051,27904,0,0,519,1365,0,2627,1288,640,1149,103,410,0,0,0,1246,28279,208,208,0,105,0,1254,212
 55390,0,28745,1169,848,1904,2379,529,28056,27909,0,0,519,1365,0,2627,1288,640,1149,103,410,0,0,0,1246,28279,208,208,0,105,0,1254,212
 55395,0,28750,1169,848,1904,2379,529,28061,27914,0,0,519,1365,0,2627,1288,640,1149,103,410,0,0,0,1246,28279,208,208,0,105,0,1254,212
 55400,0,28755,1169,848,1904,2379,529,28066,27919,0,0,519,1365,0,2627,1288,640,1149,103,410,0,0,0,1246,28279,208,208,0,105,0,1254,212
 55405,0,28760,1169,848,1904,2379,529,28071,27924,0,0,519,1365,0,2627,1288,640,1149,103,410,0,0,0,1246,28279,208,208,0,105,0,1254,212
 55410,0,28765,1169,848,1904,2379,529,28076,27929,0,0,519,1365,0,2627,1288,640,1149,103,410,0,0,0,1246,28284,208,208,0,105,0,1254,212
 55415,0,28770,1169,848,1904,2379,529,28081,27934,0,0,519,1365,0,2627,1288,640,1149,103,410,0,0,0,1246,28289,208,208,0,105,0,1254,212
 55420,0,28775,1169,848,1904,2379,529,28086,27939,0,0,519,1365,0,2627,1288,640,1149,103,410,0,0,0,1246,28294,208,208,0,105,0,1254,212
 55425,0,28780,1169,848,1904,2379,529,28091,27944,0,0,519,1365,0,2627,1288,640,1149,103,410,0,0,0,1246,28299,208,208,0,105,0,1254,212
 55430,0,28785,1169,848,1904,2379,529,28096,27949,0,0,519,1365,0,2627,1288,640,1149,103,410,0,0,0,1246,28304,208,208,0,105,0,1254,212
 55435,0,28790,1169,848,1904,2379,529,28100,27954,0,0,519,1365,0,2627,1288,640,1149,103,410,0,0,0,1246,28309,208,208,0,105,0,1254,212
 55440,0,28795,1169,848,1904,2379,529,28100,27959,0,0,519,1365,0,2627,1288,640,1149,103,410,0,0,0,1246,28314,208,208,0,105,0,1254,212
 55445,0,28800,1169,848,1904,2379,529,28100,27964,0,0,519,1365,0,2627,1288,640,1149,103,410,0,0,0,1246,28319,208,208,0,105,0,1254,212
 55450,0,28805,1169,848,1904,2379,529,28100,27969,0,0,519,1365,0,2627,1288,640,1149,103,410,0,0,0,1246,28324,208,208,0,105,0,1254,212
 55455,0,28810,1169,848,1904,2379,529,28100,27974,0,0,519,1365,0,2627,1288,640,1149,103,410,0,0,0,1246,28329,208,208,0,105,0,1254,212
 55460,0,28816,1169,848,1904,2379,529,28100,27974,0,0,519,1365,0,2627,1288,640,1149,103,410,0,0,0,1246,28334,208,208,0,105,0,1254,212
 55465,0,28816,1169,848,1904,2379,529,28100,27974,0,0,519,1365,0,2627,1288,640,1149,103,410,0,0,0,1246,28339,208,208,0,105,0,1254,212
 55470,0,28816,1169,848,1904,2379,529,28100,27974,0,0,519,1365,0,2627,1288,640,1149,103,410,0,0,0,1246,28344,208,208,0,105,0,1254,212
 55475,0,28816,1169,848,1904,2379,529,28100,27974,0,0,519,1365,0,2627,1288,640,1149,103,410,0,0,0,1246,28349,208,208,0,105,0,1254,212
 55480,0,28816,1169,848,1904,2379,529,28100,27974,0,0,519,1365,0,2627,1288,640,1149,103,410,0,0,0,1246,28354,208,208,0,105,0,1254,212
 55485,0,28816,1169,848,1904,2379,529,28100,27974,0,0,519,1365,0,2627,1288,640,1149,103,410,0,0,0,1246,28359,208,208,0,105,0,1254,212
 55490,0,28816,1169,848,1904,2379,529,28100,27974,0,0,519,1365,0,2627,1288,640,1149,103,410,0,0,0,1246,28364,208,208,0,105,0,1254,212
 55495,0,28816,1169,848,1904,2379,529,28100,27974,0,0,519,1365,0,2627,1288,640,1149,103,410,0,0,0,1246,28369,208,208,0,105,0,1254,212
 55500,0,28816,1169,848,1904,2379,529,28100,27974,0,0,519,1365,0,2627,1288,640,1149,103,410,0,0,0,1246,28374,208,208,0,105,0,1254,212
 55505,0,28816,1169,848,1904,2379,529,28100,27974,0,0,519,1365,0,2627,1288,640,1149,103,410,0,0,0,1246,28379,208,208,0,105,0,1254,212
 55510,0,28816,1169,848,1904,2379,529,28100,27974,0,0,519,1365,0,2627,1288,640,1149,103,410,0,0,0,1246,28384,208,208,0,105,0,1254,212
 55515,0,28816,1169,848,1904,2379,529,28100,27974,0,0,519,1365,0,2627,1288,640,1149,103,410,0,0,0,1246,28388,208,208,0,105,0,1254,212
 55520,0,28816,1169,848,1904,2379,529,28100,27974,0,0,519,1365,0,2627,1288,640,1149,103,410,0,0,0,1246,28388,208,208,0,105,0,1254,212
 55525,0,28816,1169,848,1904,2379,529,28100,27974,0,0,519,1365,0,2627,1288,640,1149,103,410,0,0,0,1246,28388,208,208,0,105,0,1254,212
 55530,0,28816,1169,848,1904,2379,529,28100,27974,0,0,519,1365,0,2627,1288,640,1149,103,410,0,0,0,1246,28388,208,208,0,105,0,1254,212
 55535,0,28816,1169,848,1904,2379,529,28100,27974,0,0,519,1365,0,2627,1288,640,1149,103,410,0,0,0,1246,28388,208,208,0,105,0,1254,212
 55540,0,28816,1169,848,1904,2379,529,28105,27974,0,0,519,1365,0,2627,1288,640,1149,103,410,0,0,0,1246,28388,208,208,0,105,0,1254,212
 55545,0,28818,1169,848,1904,2379,529,28110,27977,0,0,519,1365,0,2627,1288,640,1149,103,410,0,0,0,1246,28388,208,208,0,105,0,1254,212
 55550,0,28823,1169,848,1904,2379,529,28115,27982,0,0,519,1365,0,2627,1288,640,1149,103,410,0,0,0,1246,28388,208,208,0,105,0,1254,212
 55555,0,28828,1169,848,1904,2379,529,28120,27987,0,0,519,1365,0,2627,1288,640,1149,103,410,0,0,0,1246,28388,208,208,0,105,0,1254,212
 55560,0,28833,1169,848,1904,2379,529,28125,27992,0,0,519,1365,0,2627,1288,640,1149,103,410,0,0,0,1246,28388,208,208,0,105,0,1254,212
 55565,0,28838,1169,848,1904,2379,529,28130,27997,0,0,519,1365,0,2627,1288,640,1149,103,410,0,0,0,1246,28388,208,208,0,105,0,1254,212
 55570,0,28843,1169,848,1904,2379,529,28135,28002,0,0,519,1365,0,2627,1288,640,1149,103,410,0,0,0,1246,28388,208,208,0,105,0,1254,212
 55575,0,28848,1169,848,1904,2379,529,28140,28007,0,0,519,1365,0,2627,1288,640,1149,103,410,0,0,0,1246,28388,208,208,0,105,0,1254,212
 55580,0,28853,1169,848,1904,2379,529,28145,28012,0,0,519,1365,0,2627,1288,640,1149,103,410,0,0,0,1246,28388,208,208,0,105,0,1254,212
 55585,0,28858,1169,848,1904,2379,529,28150,28017,0,0,519,1365,0,2627,1288,640,1149,103,410,0,0,0,1246,28388,208,208,0,105,0,1254,212
 55590,0,28863,1169,848,1904,2379,529,28155,28022,0,0,519,1365,0,2627,1288,640,1149,103,410,0,0,0,1246,28387,208,208,0,105,0,1254,212
 55595,0,28868,1169,848,1904,2379,529,28160,28027,0,0,519,1365,0,2627,1288,640,1149,103,410,0,0,0,1246,28392,208,208,0,105,0,1254,212
 55600,0,28873,1169,848,1904,2379,529,28165,28032,0,0,519,1365,0,2627,1288,640,1149,103,410,0,0,0,1246,28397,208,208,0,105,0,1254,212
 55605,0,28878,1169,848,1904,2379,529,28170,28037,0,0,519,1365,0,2627,1288,640,1149,103,410,0,0,0,1246,28402,208,208,0,105,0,1254,212
 55610,0,28883,1169,848,1904,2379,529,28175,28042,0,0,519,1365,0,2627,1288,640,1149,103,410,0,0,0,1246,28407,208,208,0,105,0,1254,212
 55615,0,28888,1169,848,1904,2379,529,28180,28047,0,0,519,1365,0,2627,1288,640,1149,103,410,0,0,0,1246,28412,208,208,0,105,0,1254,212
 55620,0,28893,1169,848,1904,2379,529,28185,28052,0,0,519,1365,0,2627,1288,640,1149,103,410,0,0,0,1246,28417,208,208,0,105,0,1254,212
 55625,0,28898,1169,848,1904,2379,529,28190,28057,0,0,519,1365,0,2627,1288,640,1149,103,410,0,0,0,1246,28422,208,208,0,105,0,1254,212
 55630,0,28903,1169,848,1904,2379,529,28195,28062,0,0,519,1365,0,2627,1288,640,1149,103,410,0,0,0,1246,28427,208,208,0,105,0,1254,212
 55635,0,28908,1169,848,1904,2379,529,28200,28067,0,0,519,1365,0,2627,1288,640,1149,103,410,0,0,0,1246,28432,208,208,0,105,0,1254,212
 55640,0,28913,1169,848,1904,2379,529,28203,28072,0,0,519,1365,0,2627,1288,640,1149,103,410,0,0,0,1246,28437,208,208,0,105,0,1254,212
 55645,0,28919,1169,848,1904,2379,529,28203,28077,0,0,519,1365,0,2627,1288,640,1149,103,410,0,0,0,1246,28442,208,208,0,105,0,1254,212
 55650,0,28919,1169,848,1904,2379,529,28203,28079,0,0,519,1365,0,2627,1288,640,1149,103,410,0,0,0,1246,28447,208,208,0,105,0,1254,212
 55655,0,28919,1169,848,1904,2379,529,28203,28079,0,0,519,1365,0,2627,1288,640,1149,103,410,0,0,0,1246,28452,208,208,0,105,0,1254,212
 55660,0,28919,1169,848,1904,2379,529,28203,28079,0,0,519,1365,0,2627,1288,640,1149,103,410,0,0,0,1246,28457,208,208,0,105,0,1254,212
 55665,0,28919,1169,848,1904,2379,529,28203,28079,0,0,519,1365,0,2627,1288,640,1149,103,410,0,0,0,1246,28462,208,208,0,105,0,1254,212
 55670,0,28919,1169,848,1904,2379,529,28203,28079,0,0,519,1365,0,2627,1288,640,1149,103,410,0,0,0,1246,28467,208,208,0,105,0,1254,212
 55675,0,28919,1169,848,1904,2379,529,28203,28079,0,0,519,1365,0,2627,1288,640,1149,103,410,0,0,0,1246,28472,208,208,0,105,0,1254,212
 55680,0,28919,1169,848,1904,2379,529,28203,28079,0,0,519,1365,0,2627,1288,640,1149,103,410,0,0,0,1246,28477,208,208,0,105,0,1254,212
 55685,0,28919,1169,848,1904,2379,529,28203,28079,0,0,519,1365,0,2627,1288,640,1149,103,410,0,0,0,1246,28482,208,208,0,105,0,1254,212
 55690,0,28919,1169,848,1904,2379,529,28203,28079,0,0,519,1365,0,2627,1288,640,1149,103,410,0,0,0,1246,28487,208,208,0,105,0,1254,212
 55695,0,28919,1169,848,1904,2379,529,28203,28079,0,0,519,1365,0,2627,1288,640,1149,103,410,0,0,0,1246,28491,208,208,0,105,0,1254,212
 55700,0,28919,1169,848,1904,2379,529,28203,28079,0,0,519,1365,0,2627,1288,640,1149,103,410,0,0,0,1246,28491,208,208,0,105,0,1254,212
 55705,0,28919,1169,848,1904,2379,529,28203,28079,0,0,519,1365,0,2627,1288,640,1149,103,410,0,0,0,1246,28491,208,208,0,105,0,1254,212
 55710,0,28919,1169,848,1904,2379,529,28203,28079,0,0,519,1365,0,2627,1288,640,1149,103,410,0,0,0,1246,28491,208,208,0,105,0,1254,212
 55715,0,28919,1169,848,1904,2379,529,28202,28079,0,0,519,1365,0,2627,1288,640,1149,103,410,0,0,0,1246,28491,208,208,0,105,0,1254,212
 55720,0,28919,1169,848,1904,2379,529,28207,28079,0,0,519,1365,0,2627,1288,640,1149,103,410,0,0,0,1246,28491,208,208,0,105,0,1254,212
 55725,0,28919,1169,848,1904,2379,529,28212,28079,0,0,519,1365,0,2627,1288,640,1149,103,410,0,0,0,1246,28491,208,208,0,105,0,1254,212
 55730,0,28919,1169,848,1904,2379,529,28217,28079,0,0,519,1365,0,2627,1288,640,1149,103,410,0,0,0,1246,28491,208,208,0,105,0,1254,212
 55735,0,28919,1169,848,1904,2379,529,28222,28079,0,0,519,1365,0,2627,1288,640,1149,103,410,0,0,0,1246,28491,208,208,0,105,0,1254,212
 55740,0,28919,1169,848,1904,2379,529,28227,28079,0,0,519,1365,0,2627,1288,640,1149,103,410,0,0,0,1246,28491,208,208,0,105,0,1254,212
 55745,0,28919,1169,848,1904,2379,529,28232,28079,0,0,519,1365,0,2627,1288,640,1149,103,410,0,0,0,1246,28491,208,208,0,105,0,1254,212
 55750,0,28919,1169,848,1904,2379,529,28237,28079,0,0,519,1365,0,2627,1288,640,1149,103,410,0,0,0,1246,28491,208,208,0,105,0,1254,212
 55755,0,28919,1169,848,1904,2379,529,28242,28082,0,0,519,1365,0,2627,1288,640,1149,103,410,0,0,0,1246,28491,208,208,0,105,0,1254,212
 55760,0,28919,1169,848,1904,2379,529,28247,28087,0,0,519,1365,0,2627,1288,640,1149,103,410,0,0,0,1246,28491,208,208,0,105,0,1254,212
 55765,0,28919,1169,848,1904,2379,529,28252,28092,0,0,519,1365,0,2627,1288,640,1149,103,410,0,0,0,1246,28491,208,208,0,105,0,1254,212
 55770,0,28919,1169,848,1904,2379,529,28257,28097,0,0,519,1365,0,2627,1288,640,1149,103,410,0,0,0,1246,28491,208,208,0,105,0,1254,212
 55775,0,28919,1169,848,1904,2379,529,28262,28102,0,0,519,1365,0,2627,1288,640,1149,103,410,0,0,0,1246,28496,208,208,0,105,0,1254,212
 55780,0,28919,1169,848,1904,2379,529,28267,28107,0,0,519,1365,0,2627,1288,640,1149,103,410,0,0,0,1246,28501,208,208,0,105,0,1254,212
 55785,0,28919,1169,848,1904,2379,529,28272,28112,0,0,519,1365,0,2627,1288,640,1149,103,410,0,0,0,1246,28506,208,208,0,105,0,1254,212
 55790,0,28919,1169,848,1904,2379,529,28277,28117,0,0,519,1365,0,2627,1288,640,1149,103,410,0,0,0,1246,28511,208,208,0,105,0,1254,212
 55795,0,28919,1169,848,1904,2379,529,28282,28122,0,0,519,1365,0,2627,1288,640,1149,103,410,0,0,0,1246,28516,208,208,0,105,0,1254,212
 55800,0,28921,1169,848,1904,2379,529,28287,28127,0,0,519,1365,0,2627,1288,640,1149,103,410,0,0,0,1246,28521,208,208,0,105,0,1254,212
 55805,0,28926,1169,848,1904,2379,529,28292,28132,0,0,519,1365,0,2627,1288,640,1149,103,410,0,0,0,1246,28526,208,208,0,105,0,1254,212
 55810,0,28931,1169,848,1904,2379,529,28297,28137,0,0,519,1365,0,2627,1288,640,1149,103,410,0,0,0,1246,28531,208,208,0,105,0,1254,212
 55815,0,28936,1169,848,1904,2379,529,28302,28142,0,0,519,1365,0,2627,1288,640,1149,103,410,0,0,0,1246,28536,208,208,0,105,0,1254,212
 55820,0,28941,1169,848,1904,2379,529,28306,28147,0,0,519,1365,0,2627,1288,640,1149,103,410,0,0,0,1246,28541,208,208,0,105,0,1254,212
 55825,0,28946,1169,848,1904,2379,529,28306,28152,0,0,519,1365,0,2627,1288,640,1149,103,410,0,0,0,1246,28546,208,208,0,105,0,1254,212
 55830,0,28951,1169,848,1904,2379,529,28306,28157,0,0,519,1365,0,2627,1288,640,1149,103,410,0,0,0,1246,28551,208,208,0,105,0,1254,212
 55835,0,28956,1169,848,1904,2379,529,28306,28162,0,0,519,1365,0,2627,1288,640,1149,103,410,0,0,0,1246,28556,208,208,0,105,0,1254,212
 55840,0,28961,1169,848,1904,2379,529,28306,28167,0,0,519,1365,0,2627,1288,640,1149,103,410,0,0,0,1246,28561,208,208,0,105,0,1254,212
 55845,0,28966,1169,848,1904,2379,529,28306,28172,0,0,519,1365,0,2627,1288,640,1149,103,410,0,0,0,1246,28566,208,208,0,105,0,1254,212
 55850,0,28971,1169,848,1904,2379,529,28306,28177,0,0,519,1365,0,2627,1288,640,1149,103,410,0,0,0,1246,28571,208,208,0,105,0,1254,212
 55855,0,28976,1169,848,1904,2379,529,28306,28182,0,0,519,1365,0,2627,1288,640,1149,103,410,0,0,0,1246,28576,208,208,0,105,0,1254,212
 55860,0,28981,1169,848,1904,2379,529,28306,28182,0,0,519,1365,0,2627,1288,640,1149,103,410,0,0,0,1246,28581,208,208,0,105,0,1254,212
 55865,0,28986,1169,848,1904,2379,529,28306,28182,0,0,519,1365,0,2627,1288,640,1149,103,410,0,0,0,1246,28586,208,208,0,105,0,1254,212
 55870,0,28991,1169,848,1904,2379,529,28306,28182,0,0,519,1365,0,2627,1288,640,1149,103,410,0,0,0,1246,28591,208,208,0,105,0,1254,212
 55875,0,28996,1169,848,1904,2379,529,28306,28182,0,0,519,1365,0,2627,1288,640,1149,103,410,0,0,0,1246,28594,208,208,0,105,0,1254,212
 55880,0,29001,1169,848,1904,2379,529,28306,28182,0,0,519,1365,0,2627,1288,640,1149,103,410,0,0,0,1246,28594,208,208,0,105,0,1254,212
 55885,0,29006,1169,848,1904,2379,529,28307,28182,0,0,519,1365,0,2627,1288,640,1149,103,410,0,0,0,1246,28594,208,208,0,105,0,1254,212
 55890,0,29011,1169,848,1904,2379,529,28312,28182,0,0,519,1365,0,2627,1288,640,1149,103,410,0,0,0,1246,28594,208,208,0,105,0,1254,212
 55895,0,29016,1169,848,1904,2379,529,28317,28182,0,0,519,1365,0,2627,1288,640,1149,103,410,0,0,0,1246,28594,208,208,0,105,0,1254,212
 55900,0,29021,1169,848,1904,2379,529,28322,28182,0,0,519,1365,0,2627,1288,640,1149,103,410,0,0,0,1246,28594,208,208,0,105,0,1254,212
 55905,0,29024,1169,848,1904,2379,529,28327,28182,0,0,519,1365,0,2627,1288,640,1149,103,410,0,0,0,1246,28594,208,208,0,105,0,1254,212
 55910,0,29024,1169,848,1904,2379,529,28332,28182,0,0,519,1365,0,2627,1288,640,1149,103,410,0,0,0,1246,28594,208,208,0,105,0,1254,212
 55915,0,29024,1169,848,1904,2379,529,28337,28182,0,0,519,1365,0,2627,1288,640,1149,103,410,0,0,0,1246,28594,208,208,0,105,0,1254,212
 55920,0,29024,1169,848,1904,2379,529,28342,28182,0,0,519,1365,0,2627,1288,640,1149,103,410,0,0,0,1246,28594,208,208,0,105,0,1254,212
 55925,0,29024,1169,848,1904,2379,529,28347,28182,0,0,519,1365,0,2627,1288,640,1149,103,410,0,0,0,1246,28594,208,208,0,105,0,1254,212
 55930,0,29024,1169,848,1904,2379,529,28352,28182,0,0,519,1365,0,2627,1288,640,1149,103,410,0,0,0,1246,28594,208,208,0,105,0,1254,212
 55935,0,29024,1169,848,1904,2379,529,28357,28182,0,0,519,1365,0,2627,1288,640,1149,103,410,0,0,0,1246,28594,208,208,0,105,0,1254,212
 55940,0,29024,1169,848,1904,2379,529,28362,28182,0,0,519,1365,0,2627,1288,640,1149,103,410,0,0,0,1246,28594,208,208,0,105,0,1254,212
 55945,0,29024,1169,848,1904,2379,529,28367,28182,0,0,519,1365,0,2627,1288,640,1149,103,410,0,0,0,1246,28594,208,208,0,105,0,1254,212
 55950,0,29024,1169,848,1904,2379,529,28372,28182,0,0,519,1365,0,2627,1288,640,1149,103,410,0,0,0,1246,28594,208,208,0,105,0,1254,212
 55955,0,29024,1169,848,1904,2379,529,28377,28184,0,0,519,1365,0,2627,1288,640,1149,103,410,0,0,0,1246,28599,208,208,0,105,0,1254,212
 55960,0,29024,1169,848,1904,2379,529,28382,28189,0,0,519,1365,0,2627,1288,640,1149,103,410,0,0,0,1246,28604,208,208,0,105,0,1254,212
 55965,0,29024,1169,848,1904,2379,529,28387,28194,0,0,519,1365,0,2627,1288,640,1149,103,410,0,0,0,1246,28609,208,208,0,105,0,1254,212
 55970,0,29026,1169,848,1904,2379,529,28392,28199,0,0,519,1365,0,2627,1288,640,1149,103,410,0,0,0,1246,28614,208,208,0,105,0,1254,212
 55975,0,29031,1169,848,1904,2379,529,28397,28204,0,0,519,1365,0,2627,1288,640,1149,103,410,0,0,0,1246,28619,208,208,0,105,0,1254,212
 55980,0,29036,1169,848,1904,2379,529,28402,28209,0,0,519,1365,0,2627,1288,640,1149,103,410,0,0,0,1246,28624,208,208,0,105,0,1254,212
 55985,0,29041,1169,848,1904,2379,529,28407,28214,0,0,519,1365,0,2627,1288,640,1149,103,410,0,0,0,1246,28629,208,208,0,105,0,1254,212
 55990,0,29046,1169,848,1904,2379,529,28409,28219,0,0,519,1365,0,2627,1288,640,1149,103,410,0,0,0,1246,28634,208,208,0,105,0,1254,212
 55995,0,29051,1169,848,1904,2379,529,28409,28224,0,0,519,1365,0,2627,1288,640,1149,103,410,0,0,0,1246,28639,208,208,0,105,0,1254,212
 56000,0,29056,1169,848,1904,2379,529,28409,28229,0,0,519,1365,0,2627,1288,640,1149,103,410,0,0,0,1246,28644,208,208,0,105,0,1254,212
 56005,0,29061,1169,848,1904,2379,529,28409,28234,0,0,519,1365,0,2627,1288,640,1149,103,410,0,0,0,1246,28649,208,208,0,105,0,1254,212
 56010,0,29066,1169,848,1904,2379,529,28409,28239,0,0,519,1365,0,2627,1288,640,1149,103,410,0,0,0,1246,28654,208,208,0,105,0,1254,212
 56015,0,29071,1169,848,1904,2379,529,28409,28244,0,0,519,1365,0,2627,1288,640,1149,103,410,0,0,0,1246,28659,208,208,0,105,0,1254,212
 56020,0,29076,1169,848,1904,2379,529,28409,28249,0,0,519,1365,0,2627,1288,640,1149,103,410,0,0,0,1246,28664,208,208,0,105,0,1254,212
 56025,0,29081,1169,848,1904,2379,529,28409,28254,0,0,519,1365,0,2627,1288,640,1149,103,410,0,0,0,1246,28669,208,208,0,105,0,1254,212
 56030,0,29086,1169,848,1904,2379,529,28409,28259,0,0,519,1365,0,2627,1288,640,1149,103,410,0,0,0,1246,28674,208,208,0,105,0,1254,212
 56035,0,29091,1169,848,1904,2379,529,28409,28264,0,0,519,1365,0,2627,1288,640,1149,103,410,0,0,0,1246,28679,208,208,0,105,0,1254,212
 56040,0,29096,1169,848,1904,2379,529,28409,28269,0,0,519,1365,0,2627,1288,640,1149,103,410,0,0,0,1246,28684,208,208,0,105,0,1254,212
 56045,0,29101,1169,848,1904,2379,529,28409,28274,0,0,519,1365,0,2627,1288,640,1149,103,410,0,0,0,1246,28689,208,208,0,105,0,1254,212
 56050,0,29106,1169,848,1904,2379,529,28412,28279,0,0,519,1365,0,2627,1288,640,1149,103,410,0,0,0,1246,28695,208,208,0,105,0,1254,212
 56055,0,29111,1169,848,1904,2379,529,28417,28285,0,0,519,1365,0,2627,1288,640,1149,103,410,0,0,0,1246,28695,208,208,0,105,0,1254,212
 56060,0,29116,1169,848,1904,2379,529,28422,28285,0,0,519,1365,0,2627,1288,640,1149,103,410,0,0,0,1246,28695,208,208,0,105,0,1254,212
 56065,0,29121,1169,848,1904,2379,529,28427,28285,0,0,519,1365,0,2627,1288,640,1149,103,410,0,0,0,1246,28695,208,208,0,105,0,1254,212
 56070,0,29127,1169,848,1904,2379,529,28432,28285,0,0,519,1365,0,2627,1288,640,1149,103,410,0,0,0,1246,28695,208,208,0,105,0,1254,212
 56075,0,29127,1169,848,1904,2379,529,28437,28285,0,0,519,1365,0,2627,1288,640,1149,103,410,0,0,0,1246,28695,208,208,0,105,0,1254,212
 56080,0,29127,1169,848,1904,2379,529,28442,28285,0,0,519,1365,0,2627,1288,640,1149,103,410,0,0,0,1246,28695,208,208,0,105,0,1254,212
 56085,0,29127,1169,848,1904,2379,529,28447,28285,0,0,519,1365,0,2627,1288,640,1149,103,410,0,0,0,1246,28695,208,208,0,105,0,1254,212
 56090,0,29127,1169,848,1904,2379,529,28452,28285,0,0,519,1365,0,2627,1288,640,1149,103,410,0,0,0,1246,28695,208,208,0,105,0,1254,212
 56095,0,29127,1169,848,1904,2379,529,28457,28285,0,0,519,1365,0,2627,1288,640,1149,103,410,0,0,0,1246,28695,208,208,0,105,0,1254,212
 56100,0,29127,1169,848,1904,2379,529,28462,28285,0,0,519,1365,0,2627,1288,640,1149,103,410,0,0,0,1246,28695,208,208,0,105,0,1254,212
 56105,0,29127,1169,848,1904,2379,529,28467,28285,0,0,519,1365,0,2627,1288,640,1149,103,410,0,0,0,1246,28695,208,208,0,105,0,1254,212
 56110,0,29127,1169,848,1904,2379,529,28472,28285,0,0,519,1365,0,2627,1288,640,1149,103,410,0,0,0,1246,28695,208,208,0,105,0,1254,212
 56115,0,29127,1169,848,1904,2379,529,28477,28285,0,0,519,1365,0,2627,1288,640,1149,103,410,0,0,0,1246,28695,208,208,0,105,0,1254,212
 56120,0,29127,1169,848,1904,2379,529,28482,28285,0,0,519,1365,0,2627,1288,640,1149,103,410,0,0,0,1246,28695,208,208,0,105,0,1254,212
 56125,0,29127,1169,848,1904,2379,529,28487,28285,0,0,519,1365,0,2627,1288,640,1149,103,410,0,0,0,1246,28695,208,208,0,105,0,1254,212
 56130,0,29127,1169,848,1904,2379,529,28492,28285,0,0,519,1365,0,2627,1288,640,1149,103,410,0,0,0,1246,28695,208,208,0,105,0,1254,212
 56135,0,29127,1169,848,1904,2379,529,28497,28285,0,0,519,1365,0,2627,1288,640,1149,103,410,0,0,0,1246,28695,208,208,0,105,0,1254,212
 56140,0,29127,1169,848,1904,2379,529,28502,28285,0,0,519,1365,0,2627,1288,640,1149,103,410,0,0,0,1246,28695,208,208,0,105,0,1254,212
 56145,0,29127,1169,848,1904,2379,529,28507,28285,0,0,519,1365,0,2627,1288,640,1149,103,410,0,0,0,1246,28695,208,208,0,105,0,1254,212
 56150,0,29127,1169,848,1904,2379,529,28512,28285,0,0,519,1365,0,2627,1288,640,1149,103,410,0,0,0,1246,28695,208,208,0,105,0,1254,212
 56155,0,29127,1169,848,1904,2379,529,28512,28285,0,0,519,1365,0,2627,1288,640,1149,103,410,0,0,0,1246,28695,208,208,0,105,0,1254,212
 56160,0,29129,1169,848,1904,2379,529,28512,28285,0,0,519,1365,0,2627,1288,640,1149,103,410,0,0,0,1246,28695,208,208,0,105,0,1254,212
 56165,0,29134,1169,848,1904,2379,529,28512,28287,0,0,519,1365,0,2627,1288,640,1149,103,410,0,0,0,1246,28695,208,208,0,105,0,1254,212
 56170,0,29139,1169,848,1904,2379,529,28512,28292,0,0,519,1365,0,2627,1288,640,1149,103,410,0,0,0,1246,28695,208,208,0,105,0,1254,212
 56175,0,29144,1169,848,1904,2379,529,28512,28297,0,0,519,1365,0,2627,1288,640,1149,103,410,0,0,0,1246,28695,208,208,0,105,0,1254,212
 56180,0,29149,1169,848,1904,2379,529,28512,28302,0,0,519,1365,0,2627,1288,640,1149,103,410,0,0,0,1246,28695,208,208,0,105,0,1254,212
 56185,0,29154,1169,848,1904,2379,529,28512,28307,0,0,519,1365,0,2627,1288,640,1149,103,410,0,0,0,1246,28695,208,208,0,105,0,1254,212
 56190,0,29159,1169,848,1904,2379,529,28512,28312,0,0,519,1365,0,2627,1288,640,1149,103,410,0,0,0,1246,28695,208,208,0,105,0,1254,212
 56195,0,29164,1169,848,1904,2379,529,28512,28317,0,0,519,1365,0,2627,1288,640,1149,103,410,0,0,0,1246,28695,208,208,0,105,0,1254,212
 56200,0,29169,1169,848,1904,2379,529,28512,28322,0,0,519,1365,0,2627,1288,640,1149,103,410,0,0,0,1246,28695,208,208,0,105,0,1254,212
 56205,0,29174,1169,848,1904,2379,529,28512,28327,0,0,519,1365,0,2627,1288,640,1149,103,410,0,0,0,1246,28695,208,208,0,105,0,1254,212
 56210,0,29179,1169,848,1904,2379,529,28515,28332,0,0,519,1365,0,2627,1288,640,1149,103,410,0,0,0,1246,28695,208,208,0,105,0,1254,212
 56215,0,29184,1169,848,1904,2379,529,28520,28337,0,0,519,1365,0,2627,1288,640,1149,103,410,0,0,0,1246,28698,208,208,0,105,0,1254,212
 56220,0,29189,1169,848,1904,2379,529,28525,28342,0,0,519,1365,0,2627,1288,640,1149,103,410,0,0,0,1246,28703,208,208,0,105,0,1254,212
 56225,0,29194,1169,848,1904,2379,529,28530,28347,0,0,519,1365,0,2627,1288,640,1149,103,410,0,0,0,1246,28708,208,208,0,105,0,1254,212
 56230,0,29199,1169,848,1904,2379,529,28535,28352,0,0,519,1365,0,2627,1288,640,1149,103,410,0,0,0,1246,28713,208,208,0,105,0,1254,212
 56235,0,29204,1169,848,1904,2379,529,28540,28357,0,0,519,1365,0,2627,1288,640,1149,103,410,0,0,0,1246,28718,208,208,0,105,0,1254,212
 56240,0,29209,1169,848,1904,2379,529,28545,28362,0,0,519,1365,0,2627,1288,640,1149,103,410,0,0,0,1246,28723,208,208,0,105,0,1254,212
 56245,0,29214,1169,848,1904,2379,529,28550,28367,0,0,519,1365,0,2627,1288,640,1149,103,410,0,0,0,1246,28728,208,208,0,105,0,1254,212
 56250,0,29219,1169,848,1904,2379,529,28555,28372,0,0,519,1365,0,2627,1288,640,1149,103,410,0,0,0,1246,28733,208,208,0,105,0,1254,212
 56255,0,29224,1169,848,1904,2379,529,28560,28377,0,0,519,1365,0,2627,1288,640,1149,103,410,0,0,0,1246,28738,208,208,0,105,0,1254,212
 56260,0,29230,1169,848,1904,2379,529,28565,28382,0,0,519,1365,0,2627,1288,640,1149,103,410,0,0,0,1246,28743,208,208,0,105,0,1254,212
 56265,0,29230,1169,848,1904,2379,529,28570,28387,0,0,519,1365,0,2627,1288,640,1149,103,410,0,0,0,1246,28748,208,208,0,105,0,1254,212
 56270,0,29230,1169,848,1904,2379,529,28575,28392,0,0,519,1365,0,2627,1288,640,1149,103,410,0,0,0,1246,28753,208,208,0,105,0,1254,212
 56275,0,29230,1169,848,1904,2379,529,28580,28392,0,0,519,1365,0,2627,1288,640,1149,103,410,0,0,0,1246,28758,208,208,0,105,0,1254,212
 56280,0,29230,1169,848,1904,2379,529,28585,28392,0,0,519,1365,0,2627,1288,640,1149,103,410,0,0,0,1246,28763,208,208,0,105,0,1254,212
 56285,0,29230,1169,848,1904,2379,529,28590,28392,0,0,519,1365,0,2627,1288,640,1149,103,410,0,0,0,1246,28768,208,208,0,105,0,1254,212
 56290,0,29230,1169,848,1904,2379,529,28595,28392,0,0,519,1365,0,2627,1288,640,1149,103,410,0,0,0,1246,28773,208,208,0,105,0,1254,212
 56295,0,29230,1169,848,1904,2379,529,28600,28392,0,0,519,1365,0,2627,1288,640,1149,103,410,0,0,0,1246,28778,208,208,0,105,0,1254,212
 56300,0,29230,1169,848,1904,2379,529,28605,28392,0,0,519,1365,0,2627,1288,640,1149,103,410,0,0,0,1246,28783,208,208,0,105,0,1254,212
 56305,0,29230,1169,848,1904,2379,529,28610,28392,0,0,519,1365,0,2627,1288,640,1149,103,410,0,0,0,1246,28788,208,208,0,105,0,1254,212
 56310,0,29230,1169,848,1904,2379,529,28615,28392,0,0,519,1365,0,2627,1288,640,1149,103,410,0,0,0,1246,28793,208,208,0,105,0,1254,212
 56315,0,29230,1169,848,1904,2379,529,28615,28392,0,0,519,1365,0,2627,1288,640,1149,103,410,0,0,0,1246,28798,208,208,0,105,0,1254,212
 56320,0,29230,1169,848,1904,2379,529,28615,28392,0,0,519,1365,0,2627,1288,640,1149,103,410,0,0,0,1246,28798,208,208,0,105,0,1254,212
 56325,0,29230,1169,848,1904,2379,529,28615,28392,0,0,519,1365,0,2627,1288,640,1149,103,410,0,0,0,1246,28798,208,208,0,105,0,1254,212
 56330,0,29230,1169,848,1904,2379,529,28615,28392,0,0,519,1365,0,2627,1288,640,1149,103,410,0,0,0,1246,28798,208,208,0,105,0,1254,212
 56335,0,29230,1169,848,1904,2379,529,28615,28392,0,0,519,1365,0,2627,1288,640,1149,103,410,0,0,0,1246,28798,208,208,0,105,0,1254,212
 56340,0,29231,1169,848,1904,2379,529,28615,28392,0,0,519,1365,0,2627,1288,640,1149,103,410,0,0,0,1246,28798,208,208,0,105,0,1254,212
 56345,0,29236,1169,848,1904,2379,529,28615,28392,0,0,519,1365,0,2627,1288,640,1149,103,410,0,0,0,1246,28798,208,208,0,105,0,1254,212
 56350,0,29241,1169,848,1904,2379,529,28615,28392,0,0,519,1365,0,2627,1288,640,1149,103,410,0,0,0,1246,28798,208,208,0,105,0,1254,212
 56355,0,29246,1169,848,1904,2379,529,28615,28392,0,0,519,1365,0,2627,1288,640,1149,103,410,0,0,0,1246,28798,208,208,0,105,0,1254,212
 56360,0,29251,1169,848,1904,2379,529,28615,28392,0,0,519,1365,0,2627,1288,640,1149,103,410,0,0,0,1246,28798,208,208,0,105,0,1254,212
 56365,0,29256,1169,848,1904,2379,529,28615,28392,0,0,519,1365,0,2627,1288,640,1149,103,410,0,0,0,1246,28798,208,208,0,105,0,1254,212
 56370,0,29261,1169,848,1904,2379,529,28615,28392,0,0,519,1365,0,2627,1288,640,1149,103,410,0,0,0,1246,28798,208,208,0,105,0,1254,212
 56375,0,29266,1169,848,1904,2379,529,28615,28392,0,0,519,1365,0,2627,1288,640,1149,103,410,0,0,0,1246,28798,208,208,0,105,0,1254,212
 56380,0,29271,1169,848,1904,2379,529,28615,28392,0,0,519,1365,0,2627,1288,640,1149,103,410,0,0,0,1246,28798,208,208,0,105,0,1254,212
 56385,0,29276,1169,848,1904,2379,529,28615,28392,0,0,519,1365,0,2627,1288,640,1149,103,410,0,0,0,1246,28798,208,208,0,105,0,1254,212
 56390,0,29281,1169,848,1904,2379,529,28615,28392,0,0,519,1365,0,2627,1288,640,1149,103,410,0,0,0,1246,28798,208,208,0,105,0,1254,212
 56395,0,29286,1169,848,1904,2379,529,28615,28392,0,0,519,1365,0,2627,1288,640,1149,103,410,0,0,0,1246,28798,208,208,0,105,0,1254,212
 56400,0,29291,1169,848,1904,2379,529,28615,28392,0,0,519,1365,0,2627,1288,640,1149,103,410,0,0,0,1246,28801,208,208,0,105,0,1254,212
 56405,0,29296,1169,848,1904,2379,529,28615,28392,0,0,519,1365,0,2627,1288,640,1149,103,410,0,0,0,1246,28806,208,208,0,105,0,1254,212
 56410,0,29301,1169,848,1904,2379,529,28615,28392,0,0,519,1365,0,2627,1288,640,1149,103,410,0,0,0,1246,28811,208,208,0,105,0,1254,212
 56415,0,29306,1169,848,1904,2379,529,28615,28392,0,0,519,1365,0,2627,1288,640,1149,103,410,0,0,0,1246,28816,208,208,0,105,0,1254,212
 56420,0,29311,1169,848,1904,2379,529,28615,28392,0,0,519,1365,0,2627,1288,640,1149,103,410,0,0,0,1246,28821,208,208,0,105,0,1254,212
 56425,0,29316,1169,848,1904,2379,529,28618,28392,0,0,519,1365,0,2627,1288,640,1149,103,410,0,0,0,1246,28826,208,208,0,105,0,1254,212
 56430,0,29321,1169,848,1904,2379,529,28623,28392,0,0,519,1365,0,2627,1288,640,1149,103,410,0,0,0,1246,28831,208,208,0,105,0,1254,212
 56435,0,29326,1169,848,1904,2379,529,28628,28392,0,0,519,1365,0,2627,1288,640,1149,103,410,0,0,0,1246,28836,208,208,0,105,0,1254,212
 56440,0,29331,1169,848,1904,2379,529,28633,28394,0,0,519,1365,0,2627,1288,640,1149,103,410,0,0,0,1246,28841,208,208,0,105,0,1254,212
 56445,0,29333,1169,848,1904,2379,529,28638,28399,0,0,519,1365,0,2627,1288,640,1149,103,410,0,0,0,1246,28846,208,208,0,105,0,1254,212
 56450,0,29333,1169,848,1904,2379,529,28643,28404,0,0,519,1365,0,2627,1288,640,1149,103,410,0,0,0,1246,28851,208,208,0,105,0,1254,212
 56455,0,29333,1169,848,1904,2379,529,28648,28409,0,0,519,1365,0,2627,1288,640,1149,103,410,0,0,0,1246,28856,208,208,0,105,0,1254,212
 56460,0,29333,1169,848,1904,2379,529,28653,28414,0,0,519,1365,0,2627,1288,640,1149,103,410,0,0,0,1246,28861,208,208,0,105,0,1254,212
 56465,0,29333,1169,848,1904,2379,529,28658,28419,0,0,519,1365,0,2627,1288,640,1149,103,410,0,0,0,1246,28866,208,208,0,105,0,1254,212
 56470,0,29333,1169,848,1904,2379,529,28663,28424,0,0,519,1365,0,2627,1288,640,1149,103,410,0,0,0,1246,28871,208,208,0,105,0,1254,212
 56475,0,29333,1169,848,1904,2379,529,28668,28429,0,0,519,1365,0,2627,1288,640,1149,103,410,0,0,0,1246,28876,208,208,0,105,0,1254,212
 56480,0,29333,1169,848,1904,2379,529,28673,28434,0,0,519,1365,0,2627,1288,640,1149,103,410,0,0,0,1246,28881,208,208,0,105,0,1254,212
 56485,0,29333,1169,848,1904,2379,529,28678,28439,0,0,519,1365,0,2627,1288,640,1149,103,410,0,0,0,1246,28886,208,208,0,105,0,1254,212
 56490,0,29334,1169,848,1904,2379,529,28683,28444,0,0,519,1365,0,2627,1288,640,1149,103,410,0,0,0,1246,28891,208,208,0,105,0,1254,212
 56495,0,29339,1169,848,1904,2379,529,28688,28449,0,0,519,1365,0,2627,1288,640,1149,103,410,0,0,0,1246,28896,208,208,0,105,0,1254,212
 56500,0,29344,1169,848,1904,2379,529,28693,28454,0,0,519,1365,0,2627,1288,640,1149,103,410,0,0,0,1246,28901,208,208,0,105,0,1254,212
 56505,0,29349,1169,848,1904,2379,529,28698,28459,0,0,519,1365,0,2627,1288,640,1149,103,410,0,0,0,1246,28901,208,208,0,105,0,1254,212
 56510,0,29354,1169,848,1904,2379,529,28703,28464,0,0,519,1365,0,2627,1288,640,1149,103,410,0,0,0,1246,28901,208,208,0,105,0,1254,212
 56515,0,29359,1169,848,1904,2379,529,28708,28469,0,0,519,1365,0,2627,1288,640,1149,103,410,0,0,0,1246,28901,208,208,0,105,0,1254,212
 56520,0,29364,1169,848,1904,2379,529,28713,28474,0,0,519,1365,0,2627,1288,640,1149,103,410,0,0,0,1246,28901,208,208,0,105,0,1254,212
 56525,0,29369,1169,848,1904,2379,529,28716,28479,0,0,519,1365,0,2627,1288,640,1149,103,410,0,0,0,1246,28901,208,208,0,105,0,1254,212
 56530,0,29374,1169,848,1904,2379,529,28716,28484,0,0,519,1365,0,2627,1288,640,1149,103,410,0,0,0,1246,28901,208,208,0,105,0,1254,212
 56535,0,29379,1169,848,1904,2379,529,28716,28489,0,0,519,1365,0,2627,1288,640,1149,103,410,0,0,0,1246,28901,208,208,0,105,0,1254,212
 56540,0,29384,1169,848,1904,2379,529,28716,28495,0,0,519,1365,0,2627,1288,640,1149,103,410,0,0,0,1246,28901,208,208,0,105,0,1254,212
 56545,0,29389,1169,848,1904,2379,529,28716,28495,0,0,519,1365,0,2627,1288,640,1149,103,410,0,0,0,1246,28901,208,208,0,105,0,1254,212
 56550,0,29394,1169,848,1904,2379,529,28716,28495,0,0,519,1365,0,2627,1288,640,1149,103,410,0,0,0,1246,28901,208,208,0,105,0,1254,212
 56555,0,29399,1169,848,1904,2379,529,28716,28495,0,0,519,1365,0,2627,1288,640,1149,103,410,0,0,0,1246,28901,208,208,0,105,0,1254,212
 56560,0,29404,1169,848,1904,2379,529,28716,28495,0,0,519,1365,0,2627,1288,640,1149,103,410,0,0,0,1246,28901,208,208,0,105,0,1254,212
 56565,0,29409,1169,848,1904,2379,529,28716,28495,0,0,519,1365,0,2627,1288,640,1149,103,410,0,0,0,1246,28901,208,208,0,105,0,1254,212
 56570,0,29414,1169,848,1904,2379,529,28716,28495,0,0,519,1365,0,2627,1288,640,1149,103,410,0,0,0,1246,28901,208,208,0,105,0,1254,212
 56575,0,29419,1169,848,1904,2379,529,28716,28495,0,0,519,1365,0,2627,1288,640,1149,103,410,0,0,0,1246,28901,208,208,0,105,0,1254,212
 56580,0,29424,1169,848,1904,2379,529,28716,28495,0,0,519,1365,0,2627,1288,640,1149,103,410,0,0,0,1246,28901,208,208,0,105,0,1254,212
 56585,0,29429,1169,848,1904,2379,529,28716,28495,0,0,519,1365,0,2627,1288,640,1149,103,410,0,0,0,1246,28901,208,208,0,105,0,1254,212
 56590,0,29434,1169,848,1904,2379,529,28716,28495,0,0,519,1365,0,2627,1288,640,1149,103,410,0,0,0,1246,28901,208,208,0,105,0,1254,212
 56595,0,29440,1169,848,1904,2379,529,28716,28495,0,0,519,1365,0,2627,1288,640,1149,103,410,0,0,0,1246,28901,208,208,0,105,0,1254,212
 56600,0,29440,1169,848,1904,2379,529,28716,28495,0,0,519,1365,0,2627,1288,640,1149,103,410,0,0,0,1246,28901,208,208,0,105,0,1254,212
 56605,0,29440,1169,848,1904,2379,529,28716,28495,0,0,519,1365,0,2627,1288,640,1149,103,410,0,0,0,1246,28901,208,208,0,105,0,1254,212
 56610,0,29440,1169,848,1904,2379,529,28716,28495,0,0,519,1365,0,2627,1288,640,1149,103,410,0,0,0,1246,28901,208,208,0,105,0,1254,212
 56615,0,29440,1169,848,1904,2379,529,28716,28495,0,0,519,1365,0,2627,1288,640,1149,103,410,0,0,0,1246,28901,208,208,0,105,0,1254,212
 56620,0,29440,1169,848,1904,2379,529,28716,28495,0,0,519,1365,0,2627,1288,640,1149,103,410,0,0,0,1246,28901,208,208,0,105,0,1254,212
 56625,0,29440,1169,848,1904,2379,529,28716,28495,0,0,519,1365,0,2627,1288,640,1149,103,410,0,0,0,1246,28901,208,208,0,105,0,1254,212
 56630,0,29440,1169,848,1904,2379,529,28716,28495,0,0,519,1365,0,2627,1288,640,1149,103,410,0,0,0,1246,28901,208,208,0,105,0,1254,212
 56635,0,29440,1169,848,1904,2379,529,28716,28495,0,0,519,1365,0,2627,1288,640,1149,103,410,0,0,0,1246,28901,208,208,0,105,0,1254,212
 56640,0,29440,1169,848,1904,2379,529,28716,28495,0,0,519,1365,0,2627,1288,640,1149,103,410,0,0,0,1246,28901,208,208,0,105,0,1254,212
 56645,0,29440,1169,848,1904,2379,529,28716,28495,0,0,519,1365,0,2627,1288,640,1149,103,410,0,0,0,1246,28901,208,208,0,105,0,1254,212
 56650,0,29440,1169,848,1904,2379,529,28716,28495,0,0,519,1365,0,2627,1288,640,1149,103,410,0,0,0,1246,28904,208,208,0,105,0,1254,212
 56655,0,29440,1169,848,1904,2379,529,28716,28495,0,0,519,1365,0,2627,1288,640,1149,103,410,0,0,0,1246,28909,208,208,0,105,0,1254,212
 56660,0,29440,1169,848,1904,2379,529,28716,28497,0,0,519,1365,0,2627,1288,640,1149,103,410,0,0,0,1246,28914,208,208,0,105,0,1254,212
 56665,0,29440,1169,848,1904,2379,529,28716,28502,0,0,519,1365,0,2627,1288,640,1149,103,410,0,0,0,1246,28919,208,208,0,105,0,1254,212
 56670,0,29440,1169,848,1904,2379,529,28716,28507,0,0,519,1365,0,2627,1288,640,1149,103,410,0,0,0,1246,28924,208,208,0,105,0,1254,212
 56675,0,29440,1169,848,1904,2379,529,28716,28512,0,0,519,1365,0,2627,1288,640,1149,103,410,0,0,0,1246,28929,208,208,0,105,0,1254,212
 56680,0,29440,1169,848,1904,2379,529,28719,28517,0,0,519,1365,0,2627,1288,640,1149,103,410,0,0,0,1246,28934,208,208,0,105,0,1254,212
 56685,0,29442,1169,848,1904,2379,529,28724,28522,0,0,519,1365,0,2627,1288,640,1149,103,410,0,0,0,1246,28939,208,208,0,105,0,1254,212
 56690,0,29447,1169,848,1904,2379,529,28729,28527,0,0,519,1365,0,2627,1288,640,1149,103,410,0,0,0,1246,28944,208,208,0,105,0,1254,212
 56695,0,29452,1169,848,1904,2379,529,28734,28532,0,0,519,1365,0,2627,1288,640,1149,103,410,0,0,0,1246,28949,208,208,0,105,0,1254,212
 56700,0,29457,1169,848,1904,2379,529,28739,28537,0,0,519,1365,0,2627,1288,640,1149,103,410,0,0,0,1246,28954,208,208,0,105,0,1254,212
 56705,0,29462,1169,848,1904,2379,529,28744,28542,0,0,519,1365,0,2627,1288,640,1149,103,410,0,0,0,1246,28959,208,208,0,105,0,1254,212
 56710,0,29467,1169,848,1904,2379,529,28749,28547,0,0,519,1365,0,2627,1288,640,1149,103,410,0,0,0,1246,28964,208,208,0,105,0,1254,212
 56715,0,29472,1169,848,1904,2379,529,28754,28552,0,0,519,1365,0,2627,1288,640,1149,103,410,0,0,0,1246,28969,208,208,0,105,0,1254,212
 56720,0,29477,1169,848,1904,2379,529,28759,28557,0,0,519,1365,0,2627,1288,640,1149,103,410,0,0,0,1246,28974,208,208,0,105,0,1254,212
 56725,0,29482,1169,848,1904,2379,529,28764,28562,0,0,519,1365,0,2627,1288,640,1149,103,410,0,0,0,1246,28979,208,208,0,105,0,1254,212
 56730,0,29487,1169,848,1904,2379,529,28769,28567,0,0,519,1365,0,2627,1288,640,1149,103,410,0,0,0,1246,28984,208,208,0,105,0,1254,212
 56735,0,29492,1169,848,1904,2379,529,28774,28572,0,0,519,1365,0,2627,1288,640,1149,103,410,0,0,0,1246,28989,208,208,0,105,0,1254,212
 56740,0,29497,1169,848,1904,2379,529,28779,28577,0,0,519,1365,0,2627,1288,640,1149,103,410,0,0,0,1246,28994,208,208,0,105,0,1254,212
 56745,0,29502,1169,848,1904,2379,529,28784,28582,0,0,519,1365,0,2627,1288,640,1149,103,410,0,0,0,1246,28999,208,208,0,105,0,1254,212
 56750,0,29507,1169,848,1904,2379,529,28789,28587,0,0,519,1365,0,2627,1288,640,1149,103,410,0,0,0,1246,29002,208,208,0,105,0,1254,212
 56755,0,29512,1169,848,1904,2379,529,28794,28592,0,0,519,1365,0,2627,1288,640,1149,103,410,0,0,0,1246,29002,208,208,0,105,0,1254,212
 56760,0,29517,1169,848,1904,2379,529,28799,28598,0,0,519,1365,0,2627,1288,640,1149,103,410,0,0,0,1246,29002,208,208,0,105,0,1254,212
 56765,0,29522,1169,848,1904,2379,529,28804,28598,0,0,519,1365,0,2627,1288,640,1149,103,410,0,0,0,1246,29002,208,208,0,105,0,1254,212
 56770,0,29527,1169,848,1904,2379,529,28809,28598,0,0,519,1365,0,2627,1288,640,1149,103,410,0,0,0,1246,29002,208,208,0,105,0,1254,212
 56775,0,29532,1169,848,1904,2379,529,28814,28598,0,0,519,1365,0,2627,1288,640,1149,103,410,0,0,0,1246,29002,208,208,0,105,0,1254,212
 56780,0,29537,1169,848,1904,2379,529,28819,28598,0,0,519,1365,0,2627,1288,640,1149,103,410,0,0,0,1246,29002,208,208,0,105,0,1254,212
 56785,0,29543,1169,848,1904,2379,529,28819,28598,0,0,519,1365,0,2627,1288,640,1149,103,410,0,0,0,1246,29002,208,208,0,105,0,1254,212
 56790,0,29543,1169,848,1904,2379,529,28819,28598,0,0,519,1365,0,2627,1288,640,1149,103,410,0,0,0,1246,29002,208,208,0,105,0,1254,212
 56795,0,29543,1169,848,1904,2379,529,28819,28598,0,0,519,1365,0,2627,1288,640,1149,103,410,0,0,0,1246,29002,208,208,0,105,0,1254,212
 56800,0,29543,1169,848,1904,2379,529,28819,28598,0,0,519,1365,0,2627,1288,640,1149,103,410,0,0,0,1246,29002,208,208,0,105,0,1254,212
 56805,0,29543,1169,848,1904,2379,529,28819,28598,0,0,519,1365,0,2627,1288,640,1149,103,410,0,0,0,1246,29002,208,208,0,105,0,1254,212
 56810,0,29543,1169,848,1904,2379,529,28819,28598,0,0,519,1365,0,2627,1288,640,1149,103,410,0,0,0,1246,29002,208,208,0,105,0,1254,212
 56815,0,29543,1169,848,1904,2379,529,28819,28598,0,0,519,1365,0,2627,1288,640,1149,103,410,0,0,0,1246,29002,208,208,0,105,0,1254,212
 56820,0,29543,1169,848,1904,2379,529,28819,28598,0,0,519,1365,0,2627,1288,640,1149,103,410,0,0,0,1246,29002,208,208,0,105,0,1254,212
 56825,0,29543,1169,848,1904,2379,529,28819,28598,0,0,519,1365,0,2627,1288,640,1149,103,410,0,0,0,1246,29002,208,208,0,105,0,1254,212
 56830,0,29543,1169,848,1904,2379,529,28819,28598,0,0,519,1365,0,2627,1288,640,1149,103,410,0,0,0,1246,29002,208,208,0,105,0,1254,212
 56835,0,29543,1169,848,1904,2379,529,28819,28598,0,0,519,1365,0,2627,1288,640,1149,103,410,0,0,0,1246,29002,208,208,0,105,0,1254,212
 56840,0,29543,1169,848,1904,2379,529,28819,28600,0,0,519,1365,0,2627,1288,640,1149,103,410,0,0,0,1246,29002,208,208,0,105,0,1254,212
 56845,0,29543,1169,848,1904,2379,529,28819,28605,0,0,519,1365,0,2627,1288,640,1149,103,410,0,0,0,1246,29001,208,208,0,105,0,1254,212
 56850,0,29543,1169,848,1904,2379,529,28819,28610,0,0,519,1365,0,2627,1288,640,1149,103,410,0,0,0,1246,29006,208,208,0,105,0,1254,212
 56855,0,29543,1169,848,1904,2379,529,28819,28615,0,0,519,1365,0,2627,1288,640,1149,103,410,0,0,0,1246,29011,208,208,0,105,0,1254,212
 56860,0,29543,1169,848,1904,2379,529,28819,28620,0,0,519,1365,0,2627,1288,640,1149,103,410,0,0,0,1246,29016,208,208,0,105,0,1254,212
 56865,0,29543,1169,848,1904,2379,529,28819,28625,0,0,519,1365,0,2627,1288,640,1149,103,410,0,0,0,1246,29021,208,208,0,105,0,1254,212
 56870,0,29543,1169,848,1904,2379,529,28819,28630,0,0,519,1365,0,2627,1288,640,1149,103,410,0,0,0,1246,29026,208,208,0,105,0,1254,212
 56875,0,29543,1169,848,1904,2379,529,28819,28635,0,0,519,1365,0,2627,1288,640,1149,103,410,0,0,0,1246,29031,208,208,0,105,0,1254,212
 56880,0,29543,1169,848,1904,2379,529,28819,28640,0,0,519,1365,0,2627,1288,640,1149,103,410,0,0,0,1246,29036,208,208,0,105,0,1254,212
 56885,0,29543,1169,848,1904,2379,529,28822,28645,0,0,519,1365,0,2627,1288,640,1149,103,410,0,0,0,1246,29041,208,208,0,105,0,1254,212
 56890,0,29543,1169,848,1904,2379,529,28827,28650,0,0,519,1365,0,2627,1288,640,1149,103,410,0,0,0,1246,29046,208,208,0,105,0,1254,212
 56895,0,29543,1169,848,1904,2379,529,28832,28655,0,0,519,1365,0,2627,1288,640,1149,103,410,0,0,0,1246,29051,208,208,0,105,0,1254,212
 56900,0,29545,1169,848,1904,2379,529,28837,28660,0,0,519,1365,0,2627,1288,640,1149,103,410,0,0,0,1246,29056,208,208,0,105,0,1254,212
 56905,0,29550,1169,848,1904,2379,529,28842,28665,0,0,519,1365,0,2627,1288,640,1149,103,410,0,0,0,1246,29061,208,208,0,105,0,1254,212
 56910,0,29555,1169,848,1904,2379,529,28847,28670,0,0,519,1365,0,2627,1288,640,1149,103,410,0,0,0,1246,29066,208,208,0,105,0,1254,212
 56915,0,29560,1169,848,1904,2379,529,28852,28675,0,0,519,1365,0,2627,1288,640,1149,103,410,0,0,0,1246,29071,208,208,0,105,0,1254,212
 56920,0,29565,1169,848,1904,2379,529,28857,28680,0,0,519,1365,0,2627,1288,640,1149,103,410,0,0,0,1246,29076,208,208,0,105,0,1254,212
 56925,0,29570,1169,848,1904,2379,529,28862,28685,0,0,519,1365,0,2627,1288,640,1149,103,410,0,0,0,1246,29081,208,208,0,105,0,1254,212
 56930,0,29575,1169,848,1904,2379,529,28867,28690,0,0,519,1365,0,2627,1288,640,1149,103,410,0,0,0,1246,29086,208,208,0,105,0,1254,212
 56935,0,29580,1169,848,1904,2379,529,28872,28695,0,0,519,1365,0,2627,1288,640,1149,103,410,0,0,0,1246,29091,208,208,0,105,0,1254,212
 56940,0,29585,1169,848,1904,2379,529,28877,28701,0,0,519,1365,0,2627,1288,640,1149,103,410,0,0,0,1246,29096,208,208,0,105,0,1254,212
 56945,0,29590,1169,848,1904,2379,529,28882,28701,0,0,519,1365,0,2627,1288,640,1149,103,410,0,0,0,1246,29101,208,208,0,105,0,1254,212
 56950,0,29595,1169,848,1904,2379,529,28887,28701,0,0,519,1365,0,2627,1288,640,1149,103,410,0,0,0,1246,29107,208,208,0,105,0,1254,212
 56955,0,29600,1169,848,1904,2379,529,28892,28701,0,0,519,1365,0,2627,1288,640,1149,103,410,0,0,0,1246,29107,208,208,0,105,0,1254,212
 56960,0,29605,1169,848,1904,2379,529,28897,28701,0,0,519,1365,0,2627,1288,640,1149,103,410,0,0,0,1246,29107,208,208,0,105,0,1254,212
 56965,0,29610,1169,848,1904,2379,529,28902,28701,0,0,519,1365,0,2627,1288,640,1149,103,410,0,0,0,1246,29107,208,208,0,105,0,1254,212
 56970,0,29615,1169,848,1904,2379,529,28907,28701,0,0,519,1365,0,2627,1288,640,1149,103,410,0,0,0,1246,29107,208,208,0,105,0,1254,212
 56975,0,29620,1169,848,1904,2379,529,28912,28701,0,0,519,1365,0,2627,1288,640,1149,103,410,0,0,0,1246,29107,208,208,0,105,0,1254,212
 56980,0,29625,1169,848,1904,2379,529,28917,28704,0,0,519,1365,0,2627,1288,640,1149,103,410,0,0,0,1246,29107,208,208,0,105,0,1254,212
 56985,0,29630,1169,848,1904,2379,529,28920,28709,0,0,519,1365,0,2627,1288,640,1149,103,410,0,0,0,1246,29107,208,208,0,105,0,1254,212
 56990,0,29635,1169,848,1904,2379,529,28920,28714,0,0,519,1365,0,2627,1288,640,1149,103,410,0,0,0,1246,29107,208,208,0,105,0,1254,212
 56995,0,29640,1169,848,1904,2379,529,28920,28719,0,0,519,1365,0,2627,1288,640,1149,103,410,0,0,0,1246,29107,208,208,0,105,0,1254,212
 57000,0,29646,1169,848,1904,2379,529,28920,28724,0,0,519,1365,0,2627,1288,640,1149,103,410,0,0,0,1246,29107,208,208,0,105,0,1254,212
 57005,0,29646,1169,848,1904,2379,529,28920,28729,0,0,519,1365,0,2627,1288,640,1149,103,410,0,0,0,1246,29107,208,208,0,105,0,1254,212
 57010,0,29646,1169,848,1904,2379,529,28920,28734,0,0,519,1365,0,2627,1288,640,1149,103,410,0,0,0,1246,29107,208,208,0,105,0,1254,212
 57015,0,29646,1169,848,1904,2379,529,28920,28739,0,0,519,1365,0,2627,1288,640,1149,103,410,0,0,0,1246,29107,208,208,0,105,0,1254,212
 57020,0,29646,1169,848,1904,2379,529,28920,28744,0,0,519,1365,0,2627,1288,640,1149,103,410,0,0,0,1246,29107,208,208,0,105,0,1254,212
 57025,0,29646,1169,848,1904,2379,529,28920,28749,0,0,519,1365,0,2627,1288,640,1149,103,410,0,0,0,1246,29107,208,208,0,105,0,1254,212
 57030,0,29646,1169,848,1904,2379,529,28920,28754,0,0,519,1365,0,2627,1288,640,1149,103,410,0,0,0,1246,29107,208,208,0,105,0,1254,212
 57035,0,29646,1169,848,1904,2379,529,28920,28759,0,0,519,1365,0,2627,1288,640,1149,103,410,0,0,0,1246,29107,208,208,0,105,0,1254,212
 57040,0,29646,1169,848,1904,2379,529,28920,28764,0,0,519,1365,0,2627,1288,640,1149,103,410,0,0,0,1246,29107,208,208,0,105,0,1254,212
 57045,0,29646,1169,848,1904,2379,529,28920,28769,0,0,519,1365,0,2627,1288,640,1149,103,410,0,0,0,1246,29107,208,208,0,105,0,1254,212
 57050,0,29646,1169,848,1904,2379,529,28920,28774,0,0,519,1365,0,2627,1288,640,1149,103,410,0,0,0,1246,29107,208,208,0,105,0,1254,212
 57055,0,29646,1169,848,1904,2379,529,28920,28779,0,0,519,1365,0,2627,1288,640,1149,103,410,0,0,0,1246,29107,208,208,0,105,0,1254,212
 57060,0,29646,1169,848,1904,2379,529,28920,28784,0,0,519,1365,0,2627,1288,640,1149,103,410,0,0,0,1246,29106,208,208,0,105,0,1254,212
 57065,0,29646,1169,848,1904,2379,529,28920,28789,0,0,519,1365,0,2627,1288,640,1149,103,410,0,0,0,1246,29111,208,208,0,105,0,1254,212
 57070,0,29646,1169,848,1904,2379,529,28920,28794,0,0,519,1365,0,2627,1288,640,1149,103,410,0,0,0,1246,29116,208,208,0,105,0,1254,212
 57075,0,29646,1169,848,1904,2379,529,28920,28799,0,0,519,1365,0,2627,1288,640,1149,103,410,0,0,0,1246,29121,208,208,0,105,0,1254,212
 57080,0,29646,1169,848,1904,2379,529,28920,28804,0,0,519,1365,0,2627,1288,640,1149,103,410,0,0,0,1246,29126,208,208,0,105,0,1254,212
 57085,0,29646,1169,848,1904,2379,529,28923,28806,0,0,519,1365,0,2627,1288,640,1149,103,410,0,0,0,1246,29131,208,208,0,105,0,1254,212
 57090,0,29646,1169,848,1904,2379,529,28928,28806,0,0,519,1365,0,2627,1288,640,1149,103,410,0,0,0,1246,29136,208,208,0,105,0,1254,212
 57095,0,29646,1169,848,1904,2379,529,28933,28806,0,0,519,1365,0,2627,1288,640,1149,103,410,0,0,0,1246,29141,208,208,0,105,0,1254,212
 57100,0,29646,1169,848,1904,2379,529,28938,28806,0,0,519,1365,0,2627,1288,640,1149,103,410,0,0,0,1246,29146,208,208,0,105,0,1254,212
 57105,0,29648,1169,848,1904,2379,529,28943,28806,0,0,519,1365,0,2627,1288,640,1149,103,410,0,0,0,1246,29151,208,208,0,105,0,1254,212
 57110,0,29653,1169,848,1904,2379,529,28948,28806,0,0,519,1365,0,2627,1288,640,1149,103,410,0,0,0,1246,29156,208,208,0,105,0,1254,212
 57115,0,29658,1169,848,1904,2379,529,28953,28806,0,0,519,1365,0,2627,1288,640,1149,103,410,0,0,0,1246,29161,208,208,0,105,0,1254,212
 57120,0,29663,1169,848,1904,2379,529,28958,28806,0,0,519,1365,0,2627,1288,640,1149,103,410,0,0,0,1246,29166,208,208,0,105,0,1254,212
 57125,0,29668,1169,848,1904,2379,529,28963,28806,0,0,519,1365,0,2627,1288,640,1149,103,410,0,0,0,1246,29171,208,208,0,105,0,1254,212
 57130,0,29673,1169,848,1904,2379,529,28968,28806,0,0,519,1365,0,2627,1288,640,1149,103,410,0,0,0,1246,29176,208,208,0,105,0,1254,212
 57135,0,29678,1169,848,1904,2379,529,28973,28806,0,0,519,1365,0,2627,1288,640,1149,103,410,0,0,0,1246,29181,208,208,0,105,0,1254,212
 57140,0,29683,1169,848,1904,2379,529,28978,28806,0,0,519,1365,0,2627,1288,640,1149,103,410,0,0,0,1246,29186,208,208,0,105,0,1254,212
 57145,0,29688,1169,848,1904,2379,529,28983,28806,0,0,519,1365,0,2627,1288,640,1149,103,410,0,0,0,1246,29191,208,208,0,105,0,1254,212
 57150,0,29693,1169,848,1904,2379,529,28988,28806,0,0,519,1365,0,2627,1288,640,1149,103,410,0,0,0,1246,29196,208,208,0,105,0,1254,212
 57155,0,29698,1169,848,1904,2379,529,28993,28806,0,0,519,1365,0,2627,1288,640,1149,103,410,0,0,0,1246,29201,208,208,0,105,0,1254,212
 57160,0,29703,1169,848,1904,2379,529,28998,28806,0,0,519,1365,0,2627,1288,640,1149,103,410,0,0,0,1246,29206,208,208,0,105,0,1254,212
 57165,0,29708,1169,848,1904,2379,529,29003,28806,0,0,519,1365,0,2627,1288,640,1149,103,410,0,0,0,1246,29212,208,208,0,105,0,1254,212
 57170,0,29713,1169,848,1904,2379,529,29008,28806,0,0,519,1365,0,2627,1288,640,1149,103,410,0,0,0,1246,29212,208,208,0,105,0,1254,212
 57175,0,29718,1169,848,1904,2379,529,29013,28806,0,0,519,1365,0,2627,1288,640,1149,103,410,0,0,0,1246,29212,208,208,0,105,0,1254,212
 57180,0,29723,1169,848,1904,2379,529,29018,28806,0,0,519,1365,0,2627,1288,640,1149,103,410,0,0,0,1246,29212,208,208,0,105,0,1254,212
 57185,0,29728,1169,848,1904,2379,529,29023,28806,0,0,519,1365,0,2627,1288,640,1149,103,410,0,0,0,1246,29212,208,208,0,105,0,1254,212
 57190,0,29733,1169,848,1904,2379,529,29023,28806,0,0,519,1365,0,2627,1288,640,1149,103,410,0,0,0,1246,29212,208,208,0,105,0,1254,212
 57195,0,29738,1169,848,1904,2379,529,29023,28806,0,0,519,1365,0,2627,1288,640,1149,103,410,0,0,0,1246,29212,208,208,0,105,0,1254,212
 57200,0,29743,1169,848,1904,2379,529,29023,28806,0,0,519,1365,0,2627,1288,640,1149,103,410,0,0,0,1246,29212,208,208,0,105,0,1254,212
 57205,0,29749,1169,848,1904,2379,529,29023,28806,0,0,519,1365,0,2627,1288,640,1149,103,410,0,0,0,1246,29212,208,208,0,105,0,1254,212
 57210,0,29749,1169,848,1904,2379,529,29023,28806,0,0,519,1365,0,2627,1288,640,1149,103,410,0,0,0,1246,29212,208,208,0,105,0,1254,212
 57215,0,29749,1169,848,1904,2379,529,29023,28806,0,0,519,1365,0,2627,1288,640,1149,103,410,0,0,0,1246,29212,208,208,0,105,0,1254,212
 57220,0,29749,1169,848,1904,2379,529,29023,28806,0,0,519,1365,0,2627,1288,640,1149,103,410,0,0,0,1246,29212,208,208,0,105,0,1254,212
 57225,0,29749,1169,848,1904,2379,529,29023,28806,0,0,519,1365,0,2627,1288,640,1149,103,410,0,0,0,1246,29212,208,208,0,105,0,1254,212
 57230,0,29749,1169,848,1904,2379,529,29023,28806,0,0,519,1365,0,2627,1288,640,1149,103,410,0,0,0,1246,29212,208,208,0,105,0,1254,212
 57235,0,29749,1169,848,1904,2379,529,29023,28806,0,0,519,1365,0,2627,1288,640,1149,103,410,0,0,0,1246,29212,208,208,0,105,0,1254,212
 57240,0,29749,1169,848,1904,2379,529,29023,28806,0,0,519,1365,0,2627,1288,640,1149,103,410,0,0,0,1246,29212,208,208,0,105,0,1254,212
 57245,0,29749,1169,848,1904,2379,529,29023,28806,0,0,519,1365,0,2627,1288,640,1149,103,410,0,0,0,1246,29212,208,208,0,105,0,1254,212
 57250,0,29749,1169,848,1904,2379,529,29023,28806,0,0,519,1365,0,2627,1288,640,1149,103,410,0,0,0,1246,29215,208,208,0,105,0,1254,212
 57255,0,29749,1169,848,1904,2379,529,29023,28806,0,0,519,1365,0,2627,1288,640,1149,103,410,0,0,0,1246,29220,208,208,0,105,0,1254,212
 57260,0,29749,1169,848,1904,2379,529,29023,28808,0,0,519,1365,0,2627,1288,640,1149,103,410,0,0,0,1246,29225,208,208,0,105,0,1254,212
 57265,0,29749,1169,848,1904,2379,529,29023,28813,0,0,519,1365,0,2627,1288,640,1149,103,410,0,0,0,1246,29230,208,208,0,105,0,1254,212
 57270,0,29749,1169,848,1904,2379,529,29023,28818,0,0,519,1365,0,2627,1288,640,1149,103,410,0,0,0,1246,29235,208,208,0,105,0,1254,212
 57275,0,29749,1169,848,1904,2379,529,29023,28823,0,0,519,1365,0,2627,1288,640,1149,103,410,0,0,0,1246,29240,208,208,0,105,0,1254,212
 57280,0,29749,1169,848,1904,2379,529,29023,28828,0,0,519,1365,0,2627,1288,640,1149,103,410,0,0,0,1246,29245,208,208,0,105,0,1254,212
 57285,0,29749,1169,848,1904,2379,529,29026,28833,0,0,519,1365,0,2627,1288,640,1149,103,410,0,0,0,1246,29250,208,208,0,105,0,1254,212
 57290,0,29749,1169,848,1904,2379,529,29031,28838,0,0,519,1365,0,2627,1288,640,1149,103,410,0,0,0,1246,29255,208,208,0,105,0,1254,212
 57295,0,29749,1169,848,1904,2379,529,29036,28843,0,0,519,1365,0,2627,1288,640,1149,103,410,0,0,0,1246,29260,208,208,0,105,0,1254,212
 57300,0,29749,1169,848,1904,2379,529,29041,28848,0,0,519,1365,0,2627,1288,640,1149,103,410,0,0,0,1246,29265,208,208,0,105,0,1254,212
 57305,0,29749,1169,848,1904,2379,529,29046,28853,0,0,519,1365,0,2627,1288,640,1149,103,410,0,0,0,1246,29270,208,208,0,105,0,1254,212
 57310,0,29749,1169,848,1904,2379,529,29051,28858,0,0,519,1365,0,2627,1288,640,1149,103,410,0,0,0,1246,29275,208,208,0,105,0,1254,212
 57315,0,29749,1169,848,1904,2379,529,29056,28863,0,0,519,1365,0,2627,1288,640,1149,103,410,0,0,0,1246,29280,208,208,0,105,0,1254,212
 57320,0,29750,1169,848,1904,2379,529,29061,28868,0,0,519,1365,0,2627,1288,640,1149,103,410,0,0,0,1246,29285,208,208,0,105,0,1254,212
 57325,0,29755,1169,848,1904,2379,529,29066,28873,0,0,519,1365,0,2627,1288,640,1149,103,410,0,0,0,1246,29290,208,208,0,105,0,1254,212
 57330,0,29760,1169,848,1904,2379,529,29071,28878,0,0,519,1365,0,2627,1288,640,1149,103,410,0,0,0,1246,29295,208,208,0,105,0,1254,212
 57335,0,29765,1169,848,1904,2379,529,29076,28883,0,0,519,1365,0,2627,1288,640,1149,103,410,0,0,0,1246,29300,208,208,0,105,0,1254,212
 57340,0,29770,1169,848,1904,2379,529,29081,28888,0,0,519,1365,0,2627,1288,640,1149,103,410,0,0,0,1246,29305,208,208,0,105,0,1254,212
 57345,0,29775,1169,848,1904,2379,529,29086,28893,0,0,519,1365,0,2627,1288,640,1149,103,410,0,0,0,1246,29310,208,208,0,105,0,1254,212
 57350,0,29780,1169,848,1904,2379,529,29091,28898,0,0,519,1365,0,2627,1288,640,1149,103,410,0,0,0,1246,29315,208,208,0,105,0,1254,212
 57355,0,29785,1169,848,1904,2379,529,29096,28903,0,0,519,1365,0,2627,1288,640,1149,103,410,0,0,0,1246,29317,208,208,0,105,0,1254,212
 57360,0,29790,1169,848,1904,2379,529,29101,28908,0,0,519,1365,0,2627,1288,640,1149,103,410,0,0,0,1246,29317,208,208,0,105,0,1254,212
 57365,0,29795,1169,848,1904,2379,529,29106,28911,0,0,519,1365,0,2627,1288,640,1149,103,410,0,0,0,1246,29317,208,208,0,105,0,1254,212
 57370,0,29800,1169,848,1904,2379,529,29111,28911,0,0,519,1365,0,2627,1288,640,1149,103,410,0,0,0,1246,29317,208,208,0,105,0,1254,212
 57375,0,29805,1169,848,1904,2379,529,29116,28911,0,0,519,1365,0,2627,1288,640,1149,103,410,0,0,0,1246,29317,208,208,0,105,0,1254,212
 57380,0,29810,1169,848,1904,2379,529,29121,28911,0,0,519,1365,0,2627,1288,640,1149,103,410,0,0,0,1246,29317,208,208,0,105,0,1254,212
 57385,0,29815,1169,848,1904,2379,529,29126,28911,0,0,519,1365,0,2627,1288,640,1149,103,410,0,0,0,1246,29317,208,208,0,105,0,1254,212
 57390,0,29820,1169,848,1904,2379,529,29128,28911,0,0,519,1365,0,2627,1288,640,1149,103,410,0,0,0,1246,29317,208,208,0,105,0,1254,212
 57395,0,29825,1169,848,1904,2379,529,29128,28911,0,0,519,1365,0,2627,1288,640,1149,103,410,0,0,0,1246,29317,208,208,0,105,0,1254,212
 57400,0,29830,1169,848,1904,2379,529,29128,28911,0,0,519,1365,0,2627,1288,640,1149,103,410,0,0,0,1246,29317,208,208,0,105,0,1254,212
 57405,0,29835,1169,848,1904,2379,529,29128,28911,0,0,519,1365,0,2627,1288,640,1149,103,410,0,0,0,1246,29317,208,208,0,105,0,1254,212
 57410,0,29840,1169,848,1904,2379,529,29128,28911,0,0,519,1365,0,2627,1288,640,1149,103,410,0,0,0,1246,29317,208,208,0,105,0,1254,212
 57415,0,29845,1169,848,1904,2379,529,29128,28911,0,0,519,1365,0,2627,1288,640,1149,103,410,0,0,0,1246,29317,208,208,0,105,0,1254,212
 57420,0,29850,1169,848,1904,2379,529,29128,28911,0,0,519,1365,0,2627,1288,640,1149,103,410,0,0,0,1246,29317,208,208,0,105,0,1254,212
 57425,0,29852,1169,848,1904,2379,529,29128,28911,0,0,519,1365,0,2627,1288,640,1149,103,410,0,0,0,1246,29317,208,208,0,105,0,1254,212
 57430,0,29852,1169,848,1904,2379,529,29128,28911,0,0,519,1365,0,2627,1288,640,1149,103,410,0,0,0,1246,29317,208,208,0,105,0,1254,212
 57435,0,29852,1169,848,1904,2379,529,29128,28911,0,0,519,1365,0,2627,1288,640,1149,103,410,0,0,0,1246,29317,208,208,0,105,0,1254,212
 57440,0,29852,1169,848,1904,2379,529,29128,28911,0,0,519,1365,0,2627,1288,640,1149,103,410,0,0,0,1246,29317,208,208,0,105,0,1254,212
 57445,0,29852,1169,848,1904,2379,529,29128,28911,0,0,519,1365,0,2627,1288,640,1149,103,410,0,0,0,1246,29317,208,208,0,105,0,1254,212
 57450,0,29852,1169,848,1904,2379,529,29128,28911,0,0,519,1365,0,2627,1288,640,1149,103,410,0,0,0,1246,29317,208,208,0,105,0,1254,212
 57455,0,29852,1169,848,1904,2379,529,29128,28911,0,0,519,1365,0,2627,1288,640,1149,103,410,0,0,0,1246,29317,208,208,0,105,0,1254,212
 57460,0,29852,1169,848,1904,2379,529,29128,28911,0,0,519,1365,0,2627,1288,640,1149,103,410,0,0,0,1246,29317,208,208,0,105,0,1254,212
 57465,0,29852,1169,848,1904,2379,529,29128,28911,0,0,519,1365,0,2627,1288,640,1149,103,410,0,0,0,1246,29317,208,208,0,105,0,1254,212
 57470,0,29852,1169,848,1904,2379,529,29128,28911,0,0,519,1365,0,2627,1288,640,1149,103,410,0,0,0,1246,29317,208,208,0,105,0,1254,212
 57475,0,29852,1169,848,1904,2379,529,29128,28911,0,0,519,1365,0,2627,1288,640,1149,103,410,0,0,0,1246,29317,208,208,0,105,0,1254,212
 57480,0,29852,1169,848,1904,2379,529,29128,28913,0,0,519,1365,0,2627,1288,640,1149,103,410,0,0,0,1246,29317,208,208,0,105,0,1254,212
 57485,0,29852,1169,848,1904,2379,529,29128,28918,0,0,519,1365,0,2627,1288,640,1149,103,410,0,0,0,1246,29317,208,208,0,105,0,1254,212
 57490,0,29852,1169,848,1904,2379,529,29128,28923,0,0,519,1365,0,2627,1288,640,1149,103,410,0,0,0,1246,29317,208,208,0,105,0,1254,212
 57495,0,29852,1169,848,1904,2379,529,29128,28928,0,0,519,1365,0,2627,1288,640,1149,103,410,0,0,0,1246,29317,208,208,0,105,0,1254,212
 57500,0,29852,1169,848,1904,2379,529,29128,28933,0,0,519,1365,0,2627,1288,640,1149,103,410,0,0,0,1246,29322,208,208,0,105,0,1254,212
 57505,0,29852,1169,848,1904,2379,529,29128,28938,0,0,519,1365,0,2627,1288,640,1149,103,410,0,0,0,1246,29327,208,208,0,105,0,1254,212
 57510,0,29852,1169,848,1904,2379,529,29128,28943,0,0,519,1365,0,2627,1288,640,1149,103,410,0,0,0,1246,29332,208,208,0,105,0,1254,212
 57515,0,29852,1169,848,1904,2379,529,29128,28948,0,0,519,1365,0,2627,1288,640,1149,103,410,0,0,0,1246,29337,208,208,0,105,0,1254,212
 57520,0,29852,1169,848,1904,2379,529,29131,28953,0,0,519,1365,0,2627,1288,640,1149,103,410,0,0,0,1246,29342,208,208,0,105,0,1254,212
 57525,0,29852,1169,848,1904,2379,529,29136,28958,0,0,519,1365,0,2627,1288,640,1149,103,410,0,0,0,1246,29347,208,208,0,105,0,1254,212
 57530,0,29852,1169,848,1904,2379,529,29141,28963,0,0,519,1365,0,2627,1288,640,1149,103,410,0,0,0,1246,29352,208,208,0,105,0,1254,212
 57535,0,29854,1169,848,1904,2379,529,29146,28968,0,0,519,1365,0,2627,1288,640,1149,103,410,0,0,0,1246,29357,208,208,0,105,0,1254,212
 57540,0,29859,1169,848,1904,2379,529,29151,28973,0,0,519,1365,0,2627,1288,640,1149,103,410,0,0,0,1246,29362,208,208,0,105,0,1254,212
 57545,0,29864,1169,848,1904,2379,529,29156,28978,0,0,519,1365,0,2627,1288,640,1149,103,410,0,0,0,1246,29367,208,208,0,105,0,1254,212
 57550,0,29869,1169,848,1904,2379,529,29161,28983,0,0,519,1365,0,2627,1288,640,1149,103,410,0,0,0,1246,29372,208,208,0,105,0,1254,212
 57555,0,29874,1169,848,1904,2379,529,29166,28988,0,0,519,1365,0,2627,1288,640,1149,103,410,0,0,0,1246,29377,208,208,0,105,0,1254,212
 57560,0,29879,1169,848,1904,2379,529,29171,28993,0,0,519,1365,0,2627,1288,640,1149,103,410,0,0,0,1246,29382,208,208,0,105,0,1254,212
 57565,0,29884,1169,848,1904,2379,529,29176,28998,0,0,519,1365,0,2627,1288,640,1149,103,410,0,0,0,1246,29387,208,208,0,105,0,1254,212
 57570,0,29889,1169,848,1904,2379,529,29181,29003,0,0,519,1365,0,2627,1288,640,1149,103,410,0,0,0,1246,29392,208,208,0,105,0,1254,212
 57575,0,29894,1169,848,1904,2379,529,29186,29008,0,0,519,1365,0,2627,1288,640,1149,103,410,0,0,0,1246,29397,208,208,0,105,0,1254,212
 57580,0,29899,1169,848,1904,2379,529,29191,29014,0,0,519,1365,0,2627,1288,640,1149,103,410,0,0,0,1246,29402,208,208,0,105,0,1254,212
 57585,0,29904,1169,848,1904,2379,529,29196,29014,0,0,519,1365,0,2627,1288,640,1149,103,410,0,0,0,1246,29407,208,208,0,105,0,1254,212
 57590,0,29909,1169,848,1904,2379,529,29201,29014,0,0,519,1365,0,2627,1288,640,1149,103,410,0,0,0,1246,29412,208,208,0,105,0,1254,212
 57595,0,29914,1169,848,1904,2379,529,29206,29014,0,0,519,1365,0,2627,1288,640,1149,103,410,0,0,0,1246,29417,208,208,0,105,0,1254,212
 57600,0,29919,1169,848,1904,2379,529,29211,29014,0,0,519,1365,0,2627,1288,640,1149,103,410,0,0,0,1246,29420,208,208,0,105,0,1254,212
 57605,0,29924,1169,848,1904,2379,529,29216,29014,0,0,519,1365,0,2627,1288,640,1149,103,410,0,0,0,1246,29420,208,208,0,105,0,1254,212
 57610,0,29929,1169,848,1904,2379,529,29221,29014,0,0,519,1365,0,2627,1288,640,1149,103,410,0,0,0,1246,29420,208,208,0,105,0,1254,212
 57615,0,29934,1169,848,1904,2379,529,29226,29014,0,0,519,1365,0,2627,1288,640,1149,103,410,0,0,0,1246,29420,208,208,0,105,0,1254,212
 57620,0,29939,1169,848,1904,2379,529,29231,29014,0,0,519,1365,0,2627,1288,640,1149,103,410,0,0,0,1246,29420,208,208,0,105,0,1254,212
 57625,0,29944,1169,848,1904,2379,529,29231,29014,0,0,519,1365,0,2627,1288,640,1149,103,410,0,0,0,1246,29420,208,208,0,105,0,1254,212
 57630,0,29949,1169,848,1904,2379,529,29231,29014,0,0,519,1365,0,2627,1288,640,1149,103,410,0,0,0,1246,29420,208,208,0,105,0,1254,212
 57635,0,29954,1169,848,1904,2379,529,29231,29014,0,0,519,1365,0,2627,1288,640,1149,103,410,0,0,0,1246,29420,208,208,0,105,0,1254,212
 57640,0,29957,1169,848,1904,2379,529,29231,29014,0,0,519,1365,0,2627,1288,640,1149,103,410,0,0,0,1246,29420,208,208,0,105,0,1254,212
 57645,0,29957,1169,848,1904,2379,529,29231,29014,0,0,519,1365,0,2627,1288,640,1149,103,410,0,0,0,1246,29420,208,208,0,105,0,1254,212
 57650,0,29957,1169,848,1904,2379,529,29231,29014,0,0,519,1365,0,2627,1288,640,1149,103,410,0,0,0,1246,29420,208,208,0,105,0,1254,212
 57655,0,29957,1169,848,1904,2379,529,29231,29014,0,0,519,1365,0,2627,1288,640,1149,103,410,0,0,0,1246,29420,208,208,0,105,0,1254,212
 57660,0,29957,1169,848,1904,2379,529,29231,29014,0,0,519,1365,0,2627,1288,640,1149,103,410,0,0,0,1246,29420,208,208,0,105,0,1254,212
 57665,0,29957,1169,848,1904,2379,529,29231,29014,0,0,519,1365,0,2627,1288,640,1149,103,410,0,0,0,1246,29420,208,208,0,105,0,1254,212
 57670,0,29957,1169,848,1904,2379,529,29231,29014,0,0,519,1365,0,2627,1288,640,1149,103,410,0,0,0,1246,29420,208,208,0,105,0,1254,212
 57675,0,29957,1169,848,1904,2379,529,29231,29014,0,0,519,1365,0,2627,1288,640,1149,103,410,0,0,0,1246,29420,208,208,0,105,0,1254,212
 57680,0,29957,1169,848,1904,2379,529,29231,29014,0,0,519,1365,0,2627,1288,640,1149,103,410,0,0,0,1246,29420,208,208,0,105,0,1254,212
 57685,0,29957,1169,848,1904,2379,529,29231,29014,0,0,519,1365,0,2627,1288,640,1149,103,410,0,0,0,1246,29420,208,208,0,105,0,1254,212
 57690,0,29957,1169,848,1904,2379,529,29231,29014,0,0,519,1365,0,2627,1288,640,1149,103,410,0,0,0,1246,29420,208,208,0,105,0,1254,212
 57695,0,29957,1169,848,1904,2379,529,29231,29014,0,0,519,1365,0,2627,1288,640,1149,103,410,0,0,0,1246,29420,208,208,0,105,0,1254,212
 57700,0,29957,1169,848,1904,2379,529,29231,29014,0,0,519,1365,0,2627,1288,640,1149,103,410,0,0,0,1246,29420,208,208,0,105,0,1254,212
 57705,0,29957,1169,848,1904,2379,529,29231,29014,0,0,519,1365,0,2627,1288,640,1149,103,410,0,0,0,1246,29420,208,208,0,105,0,1254,212
 57710,0,29957,1169,848,1904,2379,529,29231,29014,0,0,519,1365,0,2627,1288,640,1149,103,410,0,0,0,1246,29420,208,208,0,105,0,1254,212
 57715,0,29957,1169,848,1904,2379,529,29231,29014,0,0,519,1365,0,2627,1288,640,1149,103,410,0,0,0,1246,29420,208,208,0,105,0,1254,212
 57720,0,29957,1169,848,1904,2379,529,29231,29014,0,0,519,1365,0,2627,1288,640,1149,103,410,0,0,0,1246,29420,208,208,0,105,0,1254,212
 57725,0,29957,1169,848,1904,2379,529,29231,29014,0,0,519,1365,0,2627,1288,640,1149,103,410,0,0,0,1246,29420,208,208,0,105,0,1254,212
 57730,0,29957,1169,848,1904,2379,529,29231,29014,0,0,519,1365,0,2627,1288,640,1149,103,410,0,0,0,1246,29420,208,208,0,105,0,1254,212
 57735,0,29957,1169,848,1904,2379,529,29231,29014,0,0,519,1365,0,2627,1288,640,1149,103,410,0,0,0,1246,29420,208,208,0,105,0,1254,212
 57740,0,29959,1169,848,1904,2379,529,29231,29014,0,0,519,1365,0,2627,1288,640,1149,103,410,0,0,0,1246,29420,208,208,0,105,0,1254,212
 57745,0,29964,1169,848,1904,2379,529,29231,29016,0,0,519,1365,0,2627,1288,640,1149,103,410,0,0,0,1246,29425,208,208,0,105,0,1254,212
 57750,0,29969,1169,848,1904,2379,529,29231,29021,0,0,519,1365,0,2627,1288,640,1149,103,410,0,0,0,1246,29430,208,208,0,105,0,1254,212
 57755,0,29974,1169,848,1904,2379,529,29231,29026,0,0,519,1365,0,2627,1288,640,1149,103,410,0,0,0,1246,29435,208,208,0,105,0,1254,212
 57760,0,29979,1169,848,1904,2379,529,29231,29031,0,0,519,1365,0,2627,1288,640,1149,103,410,0,0,0,1246,29440,208,208,0,105,0,1254,212
 57765,0,29984,1169,848,1904,2379,529,29232,29036,0,0,519,1365,0,2627,1288,640,1149,103,410,0,0,0,1246,29445,208,208,0,105,0,1254,212
 57770,0,29989,1169,848,1904,2379,529,29237,29041,0,0,519,1365,0,2627,1288,640,1149,103,410,0,0,0,1246,29450,208,208,0,105,0,1254,212
 57775,0,29994,1169,848,1904,2379,529,29242,29046,0,0,519,1365,0,2627,1288,640,1149,103,410,0,0,0,1246,29455,208,208,0,105,0,1254,212
 57780,0,29999,1169,848,1904,2379,529,29247,29051,0,0,519,1365,0,2627,1288,640,1149,103,410,0,0,0,1246,29460,208,208,0,105,0,1254,212
 57785,0,30004,1169,848,1904,2379,529,29252,29056,0,0,519,1365,0,2627,1288,640,1149,103,410,0,0,0,1246,29465,208,208,0,105,0,1254,212
 57790,0,30009,1169,848,1904,2379,529,29257,29061,0,0,519,1365,0,2627,1288,640,1149,103,410,0,0,0,1246,29470,208,208,0,105,0,1254,212
 57795,0,30014,1169,848,1904,2379,529,29262,29066,0,0,519,1365,0,2627,1288,640,1149,103,410,0,0,0,1246,29475,208,208,0,105,0,1254,212
 57800,0,30019,1169,848,1904,2379,529,29267,29071,0,0,519,1365,0,2627,1288,640,1149,103,410,0,0,0,1246,29480,208,208,0,105,0,1254,212
 57805,0,30024,1169,848,1904,2379,529,29272,29076,0,0,519,1365,0,2627,1288,640,1149,103,410,0,0,0,1246,29485,208,208,0,105,0,1254,212
 57810,0,30029,1169,848,1904,2379,529,29277,29081,0,0,519,1365,0,2627,1288,640,1149,103,410,0,0,0,1246,29490,208,208,0,105,0,1254,212
 57815,0,30034,1169,848,1904,2379,529,29282,29086,0,0,519,1365,0,2627,1288,640,1149,103,410,0,0,0,1246,29495,208,208,0,105,0,1254,212
 57820,0,30039,1169,848,1904,2379,529,29287,29091,0,0,519,1365,0,2627,1288,640,1149,103,410,0,0,0,1246,29500,208,208,0,105,0,1254,212
 57825,0,30044,1169,848,1904,2379,529,29292,29096,0,0,519,1365,0,2627,1288,640,1149,103,410,0,0,0,1246,29505,208,208,0,105,0,1254,212
 57830,0,30049,1169,848,1904,2379,529,29297,29101,0,0,519,1365,0,2627,1288,640,1149,103,410,0,0,0,1246,29510,208,208,0,105,0,1254,212
 57835,0,30054,1169,848,1904,2379,529,29302,29106,0,0,519,1365,0,2627,1288,640,1149,103,410,0,0,0,1246,29515,208,208,0,105,0,1254,212
 57840,0,30060,1169,848,1904,2379,529,29307,29111,0,0,519,1365,0,2627,1288,640,1149,103,410,0,0,0,1246,29520,208,208,0,105,0,1254,212
 57845,0,30060,1169,848,1904,2379,529,29312,29117,0,0,519,1365,0,2627,1288,640,1149,103,410,0,0,0,1246,29525,208,208,0,105,0,1254,212
 57850,0,30060,1169,848,1904,2379,529,29317,29117,0,0,519,1365,0,2627,1288,640,1149,103,410,0,0,0,1246,29527,208,208,0,105,0,1254,212
 57855,0,30060,1169,848,1904,2379,529,29322,29117,0,0,519,1365,0,2627,1288,640,1149,103,410,0,0,0,1246,29527,208,208,0,105,0,1254,212
 57860,0,30060,1169,848,1904,2379,529,29327,29117,0,0,519,1365,0,2627,1288,640,1149,103,410,0,0,0,1246,29527,208,208,0,105,0,1254,212
 57865,0,30060,1169,848,1904,2379,529,29332,29117,0,0,519,1365,0,2627,1288,640,1149,103,410,0,0,0,1246,29527,208,208,0,105,0,1254,212
 57870,0,30060,1169,848,1904,2379,529,29334,29117,0,0,519,1365,0,2627,1288,640,1149,103,410,0,0,0,1246,29527,208,208,0,105,0,1254,212
 57875,0,30060,1169,848,1904,2379,529,29334,29117,0,0,519,1365,0,2627,1288,640,1149,103,410,0,0,0,1246,29527,208,208,0,105,0,1254,212
 57880,0,30060,1169,848,1904,2379,529,29334,29117,0,0,519,1365,0,2627,1288,640,1149,103,410,0,0,0,1246,29527,208,208,0,105,0,1254,212
 57885,0,30060,1169,848,1904,2379,529,29334,29117,0,0,519,1365,0,2627,1288,640,1149,103,410,0,0,0,1246,29527,208,208,0,105,0,1254,212
 57890,0,30060,1169,848,1904,2379,529,29334,29117,0,0,519,1365,0,2627,1288,640,1149,103,410,0,0,0,1246,29527,208,208,0,105,0,1254,212
 57895,0,30060,1169,848,1904,2379,529,29334,29117,0,0,519,1365,0,2627,1288,640,1149,103,410,0,0,0,1246,29527,208,208,0,105,0,1254,212
 57900,0,30060,1169,848,1904,2379,529,29334,29117,0,0,519,1365,0,2627,1288,640,1149,103,410,0,0,0,1246,29527,208,208,0,105,0,1254,212
 57905,0,30060,1169,848,1904,2379,529,29334,29117,0,0,519,1365,0,2627,1288,640,1149,103,410,0,0,0,1246,29527,208,208,0,105,0,1254,212
 57910,0,30060,1169,848,1904,2379,529,29334,29117,0,0,519,1365,0,2627,1288,640,1149,103,410,0,0,0,1246,29527,208,208,0,105,0,1254,212
 57915,0,30060,1169,848,1904,2379,529,29334,29117,0,0,519,1365,0,2627,1288,640,1149,103,410,0,0,0,1246,29527,208,208,0,105,0,1254,212
 57920,0,30060,1169,848,1904,2379,529,29334,29117,0,0,519,1365,0,2627,1288,640,1149,103,410,0,0,0,1246,29527,208,208,0,105,0,1254,212
 57925,0,30060,1169,848,1904,2379,529,29334,29117,0,0,519,1365,0,2627,1288,640,1149,103,410,0,0,0,1246,29527,208,208,0,105,0,1254,212
 57930,0,30060,1169,848,1904,2379,529,29334,29117,0,0,519,1365,0,2627,1288,640,1149,103,410,0,0,0,1246,29527,208,208,0,105,0,1254,212
 57935,0,30060,1169,848,1904,2379,529,29334,29117,0,0,519,1365,0,2627,1288,640,1149,103,410,0,0,0,1246,29527,208,208,0,105,0,1254,212
 57940,0,30060,1169,848,1904,2379,529,29334,29117,0,0,519,1365,0,2627,1288,640,1149,103,410,0,0,0,1246,29527,208,208,0,105,0,1254,212
 57945,0,30060,1169,848,1904,2379,529,29334,29117,0,0,519,1365,0,2627,1288,640,1149,103,410,0,0,0,1246,29527,208,208,0,105,0,1254,212
 57950,0,30060,1169,848,1904,2379,529,29334,29117,0,0,519,1365,0,2627,1288,640,1149,103,410,0,0,0,1246,29530,208,208,0,105,0,1254,212
 57955,0,30060,1169,848,1904,2379,529,29334,29117,0,0,519,1365,0,2627,1288,640,1149,103,410,0,0,0,1246,29535,208,208,0,105,0,1254,212
 57960,0,30060,1169,848,1904,2379,529,29334,29122,0,0,519,1365,0,2627,1288,640,1149,103,410,0,0,0,1246,29540,208,208,0,105,0,1254,212
 57965,0,30060,1169,848,1904,2379,529,29334,29127,0,0,519,1365,0,2627,1288,640,1149,103,410,0,0,0,1246,29545,208,208,0,105,0,1254,212
 57970,0,30060,1169,848,1904,2379,529,29334,29132,0,0,519,1365,0,2627,1288,640,1149,103,410,0,0,0,1246,29550,208,208,0,105,0,1254,212
 57975,0,30062,1169,848,1904,2379,529,29337,29137,0,0,519,1365,0,2627,1288,640,1149,103,410,0,0,0,1246,29555,208,208,0,105,0,1254,212
 57980,0,30067,1169,848,1904,2379,529,29342,29142,0,0,519,1365,0,2627,1288,640,1149,103,410,0,0,0,1246,29560,208,208,0,105,0,1254,212
 57985,0,30072,1169,848,1904,2379,529,29347,29147,0,0,519,1365,0,2627,1288,640,1149,103,410,0,0,0,1246,29565,208,208,0,105,0,1254,212
 57990,0,30077,1169,848,1904,2379,529,29352,29152,0,0,519,1365,0,2627,1288,640,1149,103,410,0,0,0,1246,29570,208,208,0,105,0,1254,212
 57995,0,30082,1169,848,1904,2379,529,29357,29157,0,0,519,1365,0,2627,1288,640,1149,103,410,0,0,0,1246,29575,208,208,0,105,0,1254,212
 58000,0,30087,1169,848,1904,2379,529,29362,29162,0,0,519,1365,0,2627,1288,640,1149,103,410,0,0,0,1246,29580,208,208,0,105,0,1254,212
 58005,0,30092,1169,848,1904,2379,529,29367,29167,0,0,519,1365,0,2627,1288,640,1149,103,410,0,0,0,1246,29585,208,208,0,105,0,1254,212
 58010,0,30097,1169,848,1904,2379,529,29372,29172,0,0,519,1365,0,2627,1288,640,1149,103,410,0,0,0,1246,29590,208,208,0,105,0,1254,212
 58015,0,30102,1169,848,1904,2379,529,29377,29177,0,0,519,1365,0,2627,1288,640,1149,103,410,0,0,0,1246,29595,208,208,0,105,0,1254,212
 58020,0,30107,1169,848,1904,2379,529,29382,29182,0,0,519,1365,0,2627,1288,640,1149,103,410,0,0,0,1246,29600,208,208,0,105,0,1254,212
 58025,0,30112,1169,848,1904,2379,529,29387,29187,0,0,519,1365,0,2627,1288,640,1149,103,410,0,0,0,1246,29605,208,208,0,105,0,1254,212
 58030,0,30117,1169,848,1904,2379,529,29392,29192,0,0,519,1365,0,2627,1288,640,1149,103,410,0,0,0,1246,29610,208,208,0,105,0,1254,212
 58035,0,30122,1169,848,1904,2379,529,29397,29197,0,0,519,1365,0,2627,1288,640,1149,103,410,0,0,0,1246,29615,208,208,0,105,0,1254,212
 58040,0,30127,1169,848,1904,2379,529,29402,29202,0,0,519,1365,0,2627,1288,640,1149,103,410,0,0,0,1246,29620,208,208,0,105,0,1254,212
 58045,0,30132,1169,848,1904,2379,529,29407,29207,0,0,519,1365,0,2627,1288,640,1149,103,410,0,0,0,1246,29625,208,208,0,105,0,1254,212
 58050,0,30137,1169,848,1904,2379,529,29412,29212,0,0,519,1365,0,2627,1288,640,1149,103,410,0,0,0,1246,29630,208,208,0,105,0,1254,212
 58055,0,30142,1169,848,1904,2379,529,29417,29217,0,0,519,1365,0,2627,1288,640,1149,103,410,0,0,0,1246,29630,208,208,0,105,0,1254,212
 58060,0,30147,1169,848,1904,2379,529,29422,29220,0,0,519,1365,0,2627,1288,640,1149,103,410,0,0,0,1246,29630,208,208,0,105,0,1254,212
 58065,0,30152,1169,848,1904,2379,529,29427,29220,0,0,519,1365,0,2627,1288,640,1149,103,410,0,0,0,1246,29630,208,208,0,105,0,1254,212
 58070,0,30157,1169,848,1904,2379,529,29432,29220,0,0,519,1365,0,2627,1288,640,1149,103,410,0,0,0,1246,29630,208,208,0,105,0,1254,212
 58075,0,30163,1169,848,1904,2379,529,29437,29220,0,0,519,1365,0,2627,1288,640,1149,103,410,0,0,0,1246,29630,208,208,0,105,0,1254,212
 58080,0,30163,1169,848,1904,2379,529,29437,29220,0,0,519,1365,0,2627,1288,640,1149,103,410,0,0,0,1246,29630,208,208,0,105,0,1254,212
 58085,0,30163,1169,848,1904,2379,529,29437,29220,0,0,519,1365,0,2627,1288,640,1149,103,410,0,0,0,1246,29630,208,208,0,105,0,1254,212
 58090,0,30163,1169,848,1904,2379,529,29437,29220,0,0,519,1365,0,2627,1288,640,1149,103,410,0,0,0,1246,29630,208,208,0,105,0,1254,212
 58095,0,30163,1169,848,1904,2379,529,29437,29220,0,0,519,1365,0,2627,1288,640,1149,103,410,0,0,0,1246,29630,208,208,0,105,0,1254,212
 58100,0,30163,1169,848,1904,2379,529,29437,29220,0,0,519,1365,0,2627,1288,640,1149,103,410,0,0,0,1246,29630,208,208,0,105,0,1254,212
 58105,0,30163,1169,848,1904,2379,529,29437,29220,0,0,519,1365,0,2627,1288,640,1149,103,410,0,0,0,1246,29630,208,208,0,105,0,1254,212
 58110,0,30163,1169,848,1904,2379,529,29437,29220,0,0,519,1365,0,2627,1288,640,1149,103,410,0,0,0,1246,29630,208,208,0,105,0,1254,212
 58115,0,30163,1169,848,1904,2379,529,29437,29220,0,0,519,1365,0,2627,1288,640,1149,103,410,0,0,0,1246,29630,208,208,0,105,0,1254,212
 58120,0,30163,1169,848,1904,2379,529,29437,29220,0,0,519,1365,0,2627,1288,640,1149,103,410,0,0,0,1246,29630,208,208,0,105,0,1254,212
 58125,0,30163,1169,848,1904,2379,529,29437,29220,0,0,519,1365,0,2627,1288,640,1149,103,410,0,0,0,1246,29630,208,208,0,105,0,1254,212
 58130,0,30163,1169,848,1904,2379,529,29437,29220,0,0,519,1365,0,2627,1288,640,1149,103,410,0,0,0,1246,29630,208,208,0,105,0,1254,212
 58135,0,30163,1169,848,1904,2379,529,29437,29220,0,0,519,1365,0,2627,1288,640,1149,103,410,0,0,0,1246,29630,208,208,0,105,0,1254,212
 58140,0,30163,1169,848,1904,2379,529,29437,29220,0,0,519,1365,0,2627,1288,640,1149,103,410,0,0,0,1246,29630,208,208,0,105,0,1254,212
 58145,0,30163,1169,848,1904,2379,529,29437,29220,0,0,519,1365,0,2627,1288,640,1149,103,410,0,0,0,1246,29630,208,208,0,105,0,1254,212
 58150,0,30163,1169,848,1904,2379,529,29437,29220,0,0,519,1365,0,2627,1288,640,1149,103,410,0,0,0,1246,29630,208,208,0,105,0,1254,212
 58155,0,30163,1169,848,1904,2379,529,29437,29220,0,0,519,1365,0,2627,1288,640,1149,103,410,0,0,0,1246,29630,208,208,0,105,0,1254,212
 58160,0,30163,1169,848,1904,2379,529,29437,29220,0,0,519,1365,0,2627,1288,640,1149,103,410,0,0,0,1246,29630,208,208,0,105,0,1254,212
 58165,0,30163,1169,848,1904,2379,529,29437,29220,0,0,519,1365,0,2627,1288,640,1149,103,410,0,0,0,1246,29630,208,208,0,105,0,1254,212
 58170,0,30163,1169,848,1904,2379,529,29437,29220,0,0,519,1365,0,2627,1288,640,1149,103,410,0,0,0,1246,29630,208,208,0,105,0,1254,212
 58175,0,30163,1169,848,1904,2379,529,29437,29222,0,0,519,1365,0,2627,1288,640,1149,103,410,0,0,0,1246,29630,208,208,0,105,0,1254,212
 58180,0,30163,1169,848,1904,2379,529,29437,29227,0,0,519,1365,0,2627,1288,640,1149,103,410,0,0,0,1246,29633,208,208,0,105,0,1254,212
 58185,0,30164,1169,848,1904,2379,529,29437,29232,0,0,519,1365,0,2627,1288,640,1149,103,410,0,0,0,1246,29638,208,208,0,105,0,1254,212
 58190,0,30169,1169,848,1904,2379,529,29437,29237,0,0,519,1365,0,2627,1288,640,1149,103,410,0,0,0,1246,29643,208,208,0,105,0,1254,212
 58195,0,30174,1169,848,1904,2379,529,29438,29242,0,0,519,1365,0,2627,1288,640,1149,103,410,0,0,0,1246,29648,208,208,0,105,0,1254,212
 58200,0,30179,1169,848,1904,2379,529,29443,29247,0,0,519,1365,0,2627,1288,640,1149,103,410,0,0,0,1246,29653,208,208,0,105,0,1254,212
 58205,0,30184,1169,848,1904,2379,529,29448,29252,0,0,519,1365,0,2627,1288,640,1149,103,410,0,0,0,1246,29658,208,208,0,105,0,1254,212
 58210,0,30189,1169,848,1904,2379,529,29453,29257,0,0,519,1365,0,2627,1288,640,1149,103,410,0,0,0,1246,29663,208,208,0,105,0,1254,212
 58215,0,30194,1169,848,1904,2379,529,29458,29262,0,0,519,1365,0,2627,1288,640,1149,103,410,0,0,0,1246,29668,208,208,0,105,0,1254,212
 58220,0,30199,1169,848,1904,2379,529,29463,29267,0,0,519,1365,0,2627,1288,640,1149,103,410,0,0,0,1246,29673,208,208,0,105,0,1254,212
 58225,0,30204,1169,848,1904,2379,529,29468,29272,0,0,519,1365,0,2627,1288,640,1149,103,410,0,0,0,1246,29678,208,208,0,105,0,1254,212
 58230,0,30209,1169,848,1904,2379,529,29473,29277,0,0,519,1365,0,2627,1288,640,1149,103,410,0,0,0,1246,29683,208,208,0,105,0,1254,212
 58235,0,30214,1169,848,1904,2379,529,29478,29282,0,0,519,1365,0,2627,1288,640,1149,103,410,0,0,0,1246,29688,208,208,0,105,0,1254,212
 58240,0,30219,1169,848,1904,2379,529,29483,29287,0,0,519,1365,0,2627,1288,640,1149,103,410,0,0,0,1246,29693,208,208,0,105,0,1254,212
 58245,0,30224,1169,848,1904,2379,529,29488,29292,0,0,519,1365,0,2627,1288,640,1149,103,410,0,0,0,1246,29698,208,208,0,105,0,1254,212
 58250,0,30229,1169,848,1904,2379,529,29493,29297,0,0,519,1365,0,2627,1288,640,1149,103,410,0,0,0,1246,29703,208,208,0,105,0,1254,212
 58255,0,30234,1169,848,1904,2379,529,29498,29302,0,0,519,1365,0,2627,1288,640,1149,103,410,0,0,0,1246,29708,208,208,0,105,0,1254,212
 58260,0,30239,1169,848,1904,2379,529,29503,29307,0,0,519,1365,0,2627,1288,640,1149,103,410,0,0,0,1246,29713,208,208,0,105,0,1254,212
 58265,0,30244,1169,848,1904,2379,529,29508,29312,0,0,519,1365,0,2627,1288,640,1149,103,410,0,0,0,1246,29718,208,208,0,105,0,1254,212
 58270,0,30249,1169,848,1904,2379,529,29513,29317,0,0,519,1365,0,2627,1288,640,1149,103,410,0,0,0,1246,29723,208,208,0,105,0,1254,212
 58275,0,30254,1169,848,1904,2379,529,29518,29322,0,0,519,1365,0,2627,1288,640,1149,103,410,0,0,0,1246,29728,208,208,0,105,0,1254,212
 58280,0,30259,1169,848,1904,2379,529,29523,29325,0,0,519,1365,0,2627,1288,640,1149,103,410,0,0,0,1246,29733,208,208,0,105,0,1254,212
 58285,0,30264,1169,848,1904,2379,529,29528,29325,0,0,519,1365,0,2627,1288,640,1149,103,410,0,0,0,1246,29733,208,208,0,105,0,1254,212
 58290,0,30266,1169,848,1904,2379,529,29533,29325,0,0,519,1365,0,2627,1288,640,1149,103,410,0,0,0,1246,29733,208,208,0,105,0,1254,212
 58295,0,30266,1169,848,1904,2379,529,29538,29325,0,0,519,1365,0,2627,1288,640,1149,103,410,0,0,0,1246,29733,208,208,0,105,0,1254,212
 58300,0,30266,1169,848,1904,2379,529,29540,29325,0,0,519,1365,0,2627,1288,640,1149,103,410,0,0,0,1246,29733,208,208,0,105,0,1254,212
 58305,0,30266,1169,848,1904,2379,529,29540,29325,0,0,519,1365,0,2627,1288,640,1149,103,410,0,0,0,1246,29733,208,208,0,105,0,1254,212
 58310,0,30266,1169,848,1904,2379,529,29540,29325,0,0,519,1365,0,2627,1288,640,1149,103,410,0,0,0,1246,29733,208,208,0,105,0,1254,212
 58315,0,30266,1169,848,1904,2379,529,29540,29325,0,0,519,1365,0,2627,1288,640,1149,103,410,0,0,0,1246,29733,208,208,0,105,0,1254,212
 58320,0,30266,1169,848,1904,2379,529,29540,29325,0,0,519,1365,0,2627,1288,640,1149,103,410,0,0,0,1246,29733,208,208,0,105,0,1254,212
 58325,0,30266,1169,848,1904,2379,529,29540,29325,0,0,519,1365,0,2627,1288,640,1149,103,410,0,0,0,1246,29733,208,208,0,105,0,1254,212
 58330,0,30266,1169,848,1904,2379,529,29540,29325,0,0,519,1365,0,2627,1288,640,1149,103,410,0,0,0,1246,29733,208,208,0,105,0,1254,212
 58335,0,30266,1169,848,1904,2379,529,29540,29325,0,0,519,1365,0,2627,1288,640,1149,103,410,0,0,0,1246,29733,208,208,0,105,0,1254,212
 58340,0,30266,1169,848,1904,2379,529,29540,29325,0,0,519,1365,0,2627,1288,640,1149,103,410,0,0,0,1246,29733,208,208,0,105,0,1254,212
 58345,0,30266,1169,848,1904,2379,529,29540,29325,0,0,519,1365,0,2627,1288,640,1149,103,410,0,0,0,1246,29733,208,208,0,105,0,1254,212
 58350,0,30266,1169,848,1904,2379,529,29540,29325,0,0,519,1365,0,2627,1288,640,1149,103,410,0,0,0,1246,29733,208,208,0,105,0,1254,212
 58355,0,30266,1169,848,1904,2379,529,29540,29325,0,0,519,1365,0,2627,1288,640,1149,103,410,0,0,0,1246,29733,208,208,0,105,0,1254,212
 58360,0,30266,1169,848,1904,2379,529,29540,29325,0,0,519,1365,0,2627,1288,640,1149,103,410,0,0,0,1246,29733,208,208,0,105,0,1254,212
 58365,0,30266,1169,848,1904,2379,529,29540,29325,0,0,519,1365,0,2627,1288,640,1149,103,410,0,0,0,1246,29733,208,208,0,105,0,1254,212
 58370,0,30266,1169,848,1904,2379,529,29540,29325,0,0,519,1365,0,2627,1288,640,1149,103,410,0,0,0,1246,29733,208,208,0,105,0,1254,212
 58375,0,30266,1169,848,1904,2379,529,29540,29325,0,0,519,1365,0,2627,1288,640,1149,103,410,0,0,0,1246,29733,208,208,0,105,0,1254,212
 58380,0,30266,1169,848,1904,2379,529,29540,29325,0,0,519,1365,0,2627,1288,640,1149,103,410,0,0,0,1246,29733,208,208,0,105,0,1254,212
 58385,0,30266,1169,848,1904,2379,529,29540,29325,0,0,519,1365,0,2627,1288,640,1149,103,410,0,0,0,1246,29733,208,208,0,105,0,1254,212
 58390,0,30266,1169,848,1904,2379,529,29540,29325,0,0,519,1365,0,2627,1288,640,1149,103,410,0,0,0,1246,29733,208,208,0,105,0,1254,212
 58395,0,30266,1169,848,1904,2379,529,29540,29327,0,0,519,1365,0,2627,1288,640,1149,103,410,0,0,0,1246,29733,208,208,0,105,0,1254,212
 58400,0,30266,1169,848,1904,2379,529,29540,29332,0,0,519,1365,0,2627,1288,640,1149,103,410,0,0,0,1246,29733,208,208,0,105,0,1254,212
 58405,0,30266,1169,848,1904,2379,529,29540,29337,0,0,519,1365,0,2627,1288,640,1149,103,410,0,0,0,1246,29733,208,208,0,105,0,1254,212
 58410,0,30266,1169,848,1904,2379,529,29540,29342,0,0,519,1365,0,2627,1288,640,1149,103,410,0,0,0,1246,29733,208,208,0,105,0,1254,212
 58415,0,30266,1169,848,1904,2379,529,29540,29347,0,0,519,1365,0,2627,1288,640,1149,103,410,0,0,0,1246,29733,208,208,0,105,0,1254,212
 58420,0,30268,1169,848,1904,2379,529,29540,29352,0,0,519,1365,0,2627,1288,640,1149,103,410,0,0,0,1246,29733,208,208,0,105,0,1254,212
 58425,0,30273,1169,848,1904,2379,529,29540,29357,0,0,519,1365,0,2627,1288,640,1149,103,410,0,0,0,1246,29732,208,208,0,105,0,1254,212
 58430,0,30278,1169,848,1904,2379,529,29540,29362,0,0,519,1365,0,2627,1288,640,1149,103,410,0,0,0,1246,29737,208,208,0,105,0,1254,212
 58435,0,30283,1169,848,1904,2379,529,29540,29367,0,0,519,1365,0,2627,1288,640,1149,103,410,0,0,0,1246,29742,208,208,0,105,0,1254,212
 58440,0,30288,1169,848,1904,2379,529,29540,29372,0,0,519,1365,0,2627,1288,640,1149,103,410,0,0,0,1246,29747,208,208,0,105,0,1254,212
 58445,0,30293,1169,848,1904,2379,529,29540,29377,0,0,519,1365,0,2627,1288,640,1149,103,410,0,0,0,1246,29752,208,208,0,105,0,1254,212
 58450,0,30298,1169,848,1904,2379,529,29540,29382,0,0,519,1365,0,2627,1288,640,1149,103,410,0,0,0,1246,29757,208,208,0,105,0,1254,212
 58455,0,30303,1169,848,1904,2379,529,29540,29387,0,0,519,1365,0,2627,1288,640,1149,103,410,0,0,0,1246,29762,208,208,0,105,0,1254,212
 58460,0,30308,1169,848,1904,2379,529,29540,29392,0,0,519,1365,0,2627,1288,640,1149,103,410,0,0,0,1246,29767,208,208,0,105,0,1254,212
 58465,0,30313,1169,848,1904,2379,529,29540,29397,0,0,519,1365,0,2627,1288,640,1149,103,410,0,0,0,1246,29772,208,208,0,105,0,1254,212
 58470,0,30318,1169,848,1904,2379,529,29540,29402,0,0,519,1365,0,2627,1288,640,1149,103,410,0,0,0,1246,29777,208,208,0,105,0,1254,212
 58475,0,30323,1169,848,1904,2379,529,29540,29407,0,0,519,1365,0,2627,1288,640,1149,103,410,0,0,0,1246,29782,208,208,0,105,0,1254,212
 58480,0,30328,1169,848,1904,2379,529,29540,29412,0,0,519,1365,0,2627,1288,640,1149,103,410,0,0,0,1246,29787,208,208,0,105,0,1254,212
 58485,0,30333,1169,848,1904,2379,529,29540,29417,0,0,519,1365,0,2627,1288,640,1149,103,410,0,0,0,1246,29792,208,208,0,105,0,1254,212
 58490,0,30338,1169,848,1904,2379,529,29540,29422,0,0,519,1365,0,2627,1288,640,1149,103,410,0,0,0,1246,29797,208,208,0,105,0,1254,212
 58495,0,30343,1169,848,1904,2379,529,29541,29428,0,0,519,1365,0,2627,1288,640,1149,103,410,0,0,0,1246,29802,208,208,0,105,0,1254,212
 58500,0,30348,1169,848,1904,2379,529,29546,29428,0,0,519,1365,0,2627,1288,640,1149,103,410,0,0,0,1246,29807,208,208,0,105,0,1254,212
 58505,0,30353,1169,848,1904,2379,529,29551,29428,0,0,519,1365,0,2627,1288,640,1149,103,410,0,0,0,1246,29812,208,208,0,105,0,1254,212
 58510,0,30358,1169,848,1904,2379,529,29556,29428,0,0,519,1365,0,2627,1288,640,1149,103,410,0,0,0,1246,29817,208,208,0,105,0,1254,212
 58515,0,30363,1169,848,1904,2379,529,29561,29428,0,0,519,1365,0,2627,1288,640,1149,103,410,0,0,0,1246,29822,208,208,0,105,0,1254,212
 58520,0,30368,1169,848,1904,2379,529,29566,29428,0,0,519,1365,0,2627,1288,640,1149,103,410,0,0,0,1246,29827,208,208,0,105,0,1254,212
 58525,0,30373,1169,848,1904,2379,529,29571,29428,0,0,519,1365,0,2627,1288,640,1149,103,410,0,0,0,1246,29832,208,208,0,105,0,1254,212
 58530,0,30373,1169,848,1904,2379,529,29576,29428,0,0,519,1365,0,2627,1288,640,1149,103,410,0,0,0,1246,29836,208,208,0,105,0,1254,212
 58535,0,30373,1169,848,1904,2379,529,29581,29428,0,0,519,1365,0,2627,1288,640,1149,103,410,0,0,0,1246,29836,208,208,0,105,0,1254,212
 58540,0,30373,1169,848,1904,2379,529,29586,29428,0,0,519,1365,0,2627,1288,640,1149,103,410,0,0,0,1246,29836,208,208,0,105,0,1254,212
 58545,0,30373,1169,848,1904,2379,529,29591,29428,0,0,519,1365,0,2627,1288,640,1149,103,410,0,0,0,1246,29836,208,208,0,105,0,1254,212
 58550,0,30373,1169,848,1904,2379,529,29596,29428,0,0,519,1365,0,2627,1288,640,1149,103,410,0,0,0,1246,29836,208,208,0,105,0,1254,212
 58555,0,30373,1169,848,1904,2379,529,29601,29428,0,0,519,1365,0,2627,1288,640,1149,103,410,0,0,0,1246,29836,208,208,0,105,0,1254,212
 58560,0,30373,1169,848,1904,2379,529,29606,29428,0,0,519,1365,0,2627,1288,640,1149,103,410,0,0,0,1246,29836,208,208,0,105,0,1254,212
 58565,0,30373,1169,848,1904,2379,529,29611,29428,0,0,519,1365,0,2627,1288,640,1149,103,410,0,0,0,1246,29836,208,208,0,105,0,1254,212
 58570,0,30373,1169,848,1904,2379,529,29616,29428,0,0,519,1365,0,2627,1288,640,1149,103,410,0,0,0,1246,29836,208,208,0,105,0,1254,212
 58575,0,30373,1169,848,1904,2379,529,29621,29428,0,0,519,1365,0,2627,1288,640,1149,103,410,0,0,0,1246,29836,208,208,0,105,0,1254,212
 58580,0,30373,1169,848,1904,2379,529,29626,29428,0,0,519,1365,0,2627,1288,640,1149,103,410,0,0,0,1246,29836,208,208,0,105,0,1254,212
 58585,0,30373,1169,848,1904,2379,529,29631,29428,0,0,519,1365,0,2627,1288,640,1149,103,410,0,0,0,1246,29836,208,208,0,105,0,1254,212
 58590,0,30373,1169,848,1904,2379,529,29636,29428,0,0,519,1365,0,2627,1288,640,1149,103,410,0,0,0,1246,29836,208,208,0,105,0,1254,212
 58595,0,30373,1169,848,1904,2379,529,29641,29428,0,0,519,1365,0,2627,1288,640,1149,103,410,0,0,0,1246,29836,208,208,0,105,0,1254,212
 58600,0,30375,1169,848,1904,2379,529,29645,29428,0,0,519,1365,0,2627,1288,640,1149,103,410,0,0,0,1246,29836,208,208,0,105,0,1254,212
 58605,0,30380,1169,848,1904,2379,529,29645,29428,0,0,519,1365,0,2627,1288,640,1149,103,410,0,0,0,1246,29836,208,208,0,105,0,1254,212
 58610,0,30385,1169,848,1904,2379,529,29645,29433,0,0,519,1365,0,2627,1288,640,1149,103,410,0,0,0,1246,29836,208,208,0,105,0,1254,212
 58615,0,30390,1169,848,1904,2379,529,29645,29438,0,0,519,1365,0,2627,1288,640,1149,103,410,0,0,0,1246,29836,208,208,0,105,0,1254,212
 58620,0,30395,1169,848,1904,2379,529,29645,29443,0,0,519,1365,0,2627,1288,640,1149,103,410,0,0,0,1246,29836,208,208,0,105,0,1254,212
 58625,0,30400,1169,848,1904,2379,529,29645,29448,0,0,519,1365,0,2627,1288,640,1149,103,410,0,0,0,1246,29836,208,208,0,105,0,1254,212
 58630,0,30405,1169,848,1904,2379,529,29645,29453,0,0,519,1365,0,2627,1288,640,1149,103,410,0,0,0,1246,29836,208,208,0,105,0,1254,212
 58635,0,30410,1169,848,1904,2379,529,29645,29458,0,0,519,1365,0,2627,1288,640,1149,103,410,0,0,0,1246,29836,208,208,0,105,0,1254,212
 58640,0,30415,1169,848,1904,2379,529,29645,29463,0,0,519,1365,0,2627,1288,640,1149,103,410,0,0,0,1246,29836,208,208,0,105,0,1254,212
 58645,0,30420,1169,848,1904,2379,529,29645,29468,0,0,519,1365,0,2627,1288,640,1149,103,410,0,0,0,1246,29836,208,208,0,105,0,1254,212
 58650,0,30425,1169,848,1904,2379,529,29645,29473,0,0,519,1365,0,2627,1288,640,1149,103,410,0,0,0,1246,29836,208,208,0,105,0,1254,212
 58655,0,30430,1169,848,1904,2379,529,29645,29478,0,0,519,1365,0,2627,1288,640,1149,103,410,0,0,0,1246,29841,208,208,0,105,0,1254,212
 58660,0,30435,1169,848,1904,2379,529,29645,29483,0,0,519,1365,0,2627,1288,640,1149,103,410,0,0,0,1246,29846,208,208,0,105,0,1254,212
 58665,0,30440,1169,848,1904,2379,529,29645,29488,0,0,519,1365,0,2627,1288,640,1149,103,410,0,0,0,1246,29851,208,208,0,105,0,1254,212
 58670,0,30445,1169,848,1904,2379,529,29645,29493,0,0,519,1365,0,2627,1288,640,1149,103,410,0,0,0,1246,29856,208,208,0,105,0,1254,212
 58675,0,30450,1169,848,1904,2379,529,29645,29498,0,0,519,1365,0,2627,1288,640,1149,103,410,0,0,0,1246,29861,208,208,0,105,0,1254,212
 58680,0,30455,1169,848,1904,2379,529,29645,29503,0,0,519,1365,0,2627,1288,640,1149,103,410,0,0,0,1246,29866,208,208,0,105,0,1254,212
 58685,0,30460,1169,848,1904,2379,529,29648,29508,0,0,519,1365,0,2627,1288,640,1149,103,410,0,0,0,1246,29871,208,208,0,105,0,1254,212
 58690,0,30465,1169,848,1904,2379,529,29653,29513,0,0,519,1365,0,2627,1288,640,1149,103,410,0,0,0,1246,29876,208,208,0,105,0,1254,212
 58695,0,30470,1169,848,1904,2379,529,29658,29518,0,0,519,1365,0,2627,1288,640,1149,103,410,0,0,0,1246,29881,208,208,0,105,0,1254,212
 58700,0,30475,1169,848,1904,2379,529,29663,29523,0,0,519,1365,0,2627,1288,640,1149,103,410,0,0,0,1246,29886,208,208,0,105,0,1254,212
 58705,0,30478,1169,848,1904,2379,529,29668,29528,0,0,519,1365,0,2627,1288,640,1149,103,410,0,0,0,1246,29891,208,208,0,105,0,1254,212
 58710,0,30478,1169,848,1904,2379,529,29673,29533,0,0,519,1365,0,2627,1288,640,1149,103,410,0,0,0,1246,29896,208,208,0,105,0,1254,212
 58715,0,30478,1169,848,1904,2379,529,29678,29533,0,0,519,1365,0,2627,1288,640,1149,103,410,0,0,0,1246,29901,208,208,0,105,0,1254,212
 58720,0,30478,1169,848,1904,2379,529,29683,29533,0,0,519,1365,0,2627,1288,640,1149,103,410,0,0,0,1246,29906,208,208,0,105,0,1254,212
 58725,0,30478,1169,848,1904,2379,529,29688,29533,0,0,519,1365,0,2627,1288,640,1149,103,410,0,0,0,1246,29911,208,208,0,105,0,1254,212
 58730,0,30478,1169,848,1904,2379,529,29693,29533,0,0,519,1365,0,2627,1288,640,1149,103,410,0,0,0,1246,29916,208,208,0,105,0,1254,212
 58735,0,30478,1169,848,1904,2379,529,29698,29533,0,0,519,1365,0,2627,1288,640,1149,103,410,0,0,0,1246,29921,208,208,0,105,0,1254,212
 58740,0,30478,1169,848,1904,2379,529,29703,29533,0,0,519,1365,0,2627,1288,640,1149,103,410,0,0,0,1246,29926,208,208,0,105,0,1254,212
 58745,0,30478,1169,848,1904,2379,529,29708,29533,0,0,519,1365,0,2627,1288,640,1149,103,410,0,0,0,1246,29931,208,208,0,105,0,1254,212
 58750,0,30478,1169,848,1904,2379,529,29713,29533,0,0,519,1365,0,2627,1288,640,1149,103,410,0,0,0,1246,29937,208,208,0,105,0,1254,212
 58755,0,30478,1169,848,1904,2379,529,29718,29533,0,0,519,1365,0,2627,1288,640,1149,103,410,0,0,0,1246,29937,208,208,0,105,0,1254,212
 58760,0,30478,1169,848,1904,2379,529,29723,29533,0,0,519,1365,0,2627,1288,640,1149,103,410,0,0,0,1246,29937,208,208,0,105,0,1254,212
 58765,0,30478,1169,848,1904,2379,529,29728,29533,0,0,519,1365,0,2627,1288,640,1149,103,410,0,0,0,1246,29937,208,208,0,105,0,1254,212
 58770,0,30478,1169,848,1904,2379,529,29733,29533,0,0,519,1365,0,2627,1288,640,1149,103,410,0,0,0,1246,29937,208,208,0,105,0,1254,212
 58775,0,30478,1169,848,1904,2379,529,29738,29533,0,0,519,1365,0,2627,1288,640,1149,103,410,0,0,0,1246,29937,208,208,0,105,0,1254,212
 58780,0,30478,1169,848,1904,2379,529,29743,29533,0,0,519,1365,0,2627,1288,640,1149,103,410,0,0,0,1246,29937,208,208,0,105,0,1254,212
 58785,0,30478,1169,848,1904,2379,529,29748,29533,0,0,519,1365,0,2627,1288,640,1149,103,410,0,0,0,1246,29937,208,208,0,105,0,1254,212
 58790,0,30478,1169,848,1904,2379,529,29752,29533,0,0,519,1365,0,2627,1288,640,1149,103,410,0,0,0,1246,29937,208,208,0,105,0,1254,212
 58795,0,30478,1169,848,1904,2379,529,29752,29533,0,0,519,1365,0,2627,1288,640,1149,103,410,0,0,0,1246,29937,208,208,0,105,0,1254,212
 58800,0,30478,1169,848,1904,2379,529,29752,29533,0,0,519,1365,0,2627,1288,640,1149,103,410,0,0,0,1246,29937,208,208,0,105,0,1254,212
 58805,0,30478,1169,848,1904,2379,529,29752,29533,0,0,519,1365,0,2627,1288,640,1149,103,410,0,0,0,1246,29937,208,208,0,105,0,1254,212
 58810,0,30478,1169,848,1904,2379,529,29752,29533,0,0,519,1365,0,2627,1288,640,1149,103,410,0,0,0,1246,29937,208,208,0,105,0,1254,212
 58815,0,30480,1169,848,1904,2379,529,29752,29533,0,0,519,1365,0,2627,1288,640,1149,103,410,0,0,0,1246,29937,208,208,0,105,0,1254,212
 58820,0,30485,1169,848,1904,2379,529,29752,29535,0,0,519,1365,0,2627,1288,640,1149,103,410,0,0,0,1246,29937,208,208,0,105,0,1254,212
 58825,0,30490,1169,848,1904,2379,529,29752,29540,0,0,519,1365,0,2627,1288,640,1149,103,410,0,0,0,1246,29937,208,208,0,105,0,1254,212
 58830,0,30495,1169,848,1904,2379,529,29752,29545,0,0,519,1365,0,2627,1288,640,1149,103,410,0,0,0,1246,29936,208,208,0,105,0,1254,212
 58835,0,30500,1169,848,1904,2379,529,29752,29550,0,0,519,1365,0,2627,1288,640,1149,103,410,0,0,0,1246,29941,208,208,0,105,0,1254,212
 58840,0,30505,1169,848,1904,2379,529,29752,29555,0,0,519,1365,0,2627,1288,640,1149,103,410,0,0,0,1246,29946,208,208,0,105,0,1254,212
 58845,0,30510,1169,848,1904,2379,529,29752,29560,0,0,519,1365,0,2627,1288,640,1149,103,410,0,0,0,1246,29951,208,208,0,105,0,1254,212
 58850,0,30515,1169,848,1904,2379,529,29752,29565,0,0,519,1365,0,2627,1288,640,1149,103,410,0,0,0,1246,29956,208,208,0,105,0,1254,212
 58855,0,30520,1169,848,1904,2379,529,29752,29570,0,0,519,1365,0,2627,1288,640,1149,103,410,0,0,0,1246,29961,208,208,0,105,0,1254,212
 58860,0,30525,1169,848,1904,2379,529,29752,29575,0,0,519,1365,0,2627,1288,640,1149,103,410,0,0,0,1246,29966,208,208,0,105,0,1254,212
 58865,0,30530,1169,848,1904,2379,529,29752,29580,0,0,519,1365,0,2627,1288,640,1149,103,410,0,0,0,1246,29971,208,208,0,105,0,1254,212
 58870,0,30535,1169,848,1904,2379,529,29755,29585,0,0,519,1365,0,2627,1288,640,1149,103,410,0,0,0,1246,29976,208,208,0,105,0,1254,212
 58875,0,30540,1169,848,1904,2379,529,29760,29590,0,0,519,1365,0,2627,1288,640,1149,103,410,0,0,0,1246,29981,208,208,0,105,0,1254,212
 58880,0,30545,1169,848,1904,2379,529,29765,29595,0,0,519,1365,0,2627,1288,640,1149,103,410,0,0,0,1246,29986,208,208,0,105,0,1254,212
 58885,0,30550,1169,848,1904,2379,529,29770,29600,0,0,519,1365,0,2627,1288,640,1149,103,410,0,0,0,1246,29991,208,208,0,105,0,1254,212
 58890,0,30555,1169,848,1904,2379,529,29775,29605,0,0,519,1365,0,2627,1288,640,1149,103,410,0,0,0,1246,29996,208,208,0,105,0,1254,212
 58895,0,30560,1169,848,1904,2379,529,29780,29610,0,0,519,1365,0,2627,1288,640,1149,103,410,0,0,0,1246,30001,208,208,0,105,0,1254,212
 58900,0,30565,1169,848,1904,2379,529,29785,29615,0,0,519,1365,0,2627,1288,640,1149,103,410,0,0,0,1246,30006,208,208,0,105,0,1254,212
 58905,0,30570,1169,848,1904,2379,529,29790,29620,0,0,519,1365,0,2627,1288,640,1149,103,410,0,0,0,1246,30011,208,208,0,105,0,1254,212
 58910,0,30575,1169,848,1904,2379,529,29795,29625,0,0,519,1365,0,2627,1288,640,1149,103,410,0,0,0,1246,30016,208,208,0,105,0,1254,212
 58915,0,30581,1169,848,1904,2379,529,29800,29630,0,0,519,1365,0,2627,1288,640,1149,103,410,0,0,0,1246,30021,208,208,0,105,0,1254,212
 58920,0,30581,1169,848,1904,2379,529,29805,29635,0,0,519,1365,0,2627,1288,640,1149,103,410,0,0,0,1246,30026,208,208,0,105,0,1254,212
 58925,0,30581,1169,848,1904,2379,529,29810,29638,0,0,519,1365,0,2627,1288,640,1149,103,410,0,0,0,1246,30031,208,208,0,105,0,1254,212
 58930,0,30581,1169,848,1904,2379,529,29815,29638,0,0,519,1365,0,2627,1288,640,1149,103,410,0,0,0,1246,30036,208,208,0,105,0,1254,212
 58935,0,30581,1169,848,1904,2379,529,29820,29638,0,0,519,1365,0,2627,1288,640,1149,103,410,0,0,0,1246,30042,208,208,0,105,0,1254,212
 58940,0,30581,1169,848,1904,2379,529,29825,29638,0,0,519,1365,0,2627,1288,640,1149,103,410,0,0,0,1246,30042,208,208,0,105,0,1254,212
 58945,0,30581,1169,848,1904,2379,529,29830,29638,0,0,519,1365,0,2627,1288,640,1149,103,410,0,0,0,1246,30042,208,208,0,105,0,1254,212
 58950,0,30581,1169,848,1904,2379,529,29835,29638,0,0,519,1365,0,2627,1288,640,1149,103,410,0,0,0,1246,30042,208,208,0,105,0,1254,212
 58955,0,30581,1169,848,1904,2379,529,29840,29638,0,0,519,1365,0,2627,1288,640,1149,103,410,0,0,0,1246,30042,208,208,0,105,0,1254,212
 58960,0,30581,1169,848,1904,2379,529,29845,29638,0,0,519,1365,0,2627,1288,640,1149,103,410,0,0,0,1246,30042,208,208,0,105,0,1254,212
 58965,0,30581,1169,848,1904,2379,529,29850,29638,0,0,519,1365,0,2627,1288,640,1149,103,410,0,0,0,1246,30042,208,208,0,105,0,1254,212
 58970,0,30581,1169,848,1904,2379,529,29853,29638,0,0,519,1365,0,2627,1288,640,1149,103,410,0,0,0,1246,30042,208,208,0,105,0,1254,212
 58975,0,30581,1169,848,1904,2379,529,29853,29638,0,0,519,1365,0,2627,1288,640,1149,103,410,0,0,0,1246,30042,208,208,0,105,0,1254,212
 58980,0,30581,1169,848,1904,2379,529,29853,29638,0,0,519,1365,0,2627,1288,640,1149,103,410,0,0,0,1246,30042,208,208,0,105,0,1254,212
 58985,0,30581,1169,848,1904,2379,529,29853,29638,0,0,519,1365,0,2627,1288,640,1149,103,410,0,0,0,1246,30042,208,208,0,105,0,1254,212
 58990,0,30581,1169,848,1904,2379,529,29853,29638,0,0,519,1365,0,2627,1288,640,1149,103,410,0,0,0,1246,30042,208,208,0,105,0,1254,212
 58995,0,30581,1169,848,1904,2379,529,29853,29638,0,0,519,1365,0,2627,1288,640,1149,103,410,0,0,0,1246,30042,208,208,0,105,0,1254,212
 59000,0,30581,1169,848,1904,2379,529,29853,29638,0,0,519,1365,0,2627,1288,640,1149,103,410,0,0,0,1246,30042,208,208,0,105,0,1254,212
 59005,0,30581,1169,848,1904,2379,529,29853,29638,0,0,519,1365,0,2627,1288,640,1149,103,410,0,0,0,1246,30042,208,208,0,105,0,1254,212
 59010,0,30581,1169,848,1904,2379,529,29853,29638,0,0,519,1365,0,2627,1288,640,1149,103,410,0,0,0,1246,30042,208,208,0,105,0,1254,212
 59015,0,30581,1169,848,1904,2379,529,29853,29638,0,0,519,1365,0,2627,1288,640,1149,103,410,0,0,0,1246,30042,208,208,0,105,0,1254,212
 59020,0,30581,1169,848,1904,2379,529,29853,29638,0,0,519,1365,0,2627,1288,640,1149,103,410,0,0,0,1246,30042,208,208,0,105,0,1254,212
 59025,0,30581,1169,848,1904,2379,529,29853,29638,0,0,519,1365,0,2627,1288,640,1149,103,410,0,0,0,1246,30045,208,208,0,105,0,1254,212
 59030,0,30583,1169,848,1904,2379,529,29853,29638,0,0,519,1365,0,2627,1288,640,1149,103,410,0,0,0,1246,30050,208,208,0,105,0,1254,212
 59035,0,30588,1169,848,1904,2379,529,29853,29638,0,0,519,1365,0,2627,1288,640,1149,103,410,0,0,0,1246,30055,208,208,0,105,0,1254,212
 59040,0,30593,1169,848,1904,2379,529,29856,29638,0,0,519,1365,0,2627,1288,640,1149,103,410,0,0,0,1246,30060,208,208,0,105,0,1254,212
 59045,0,30598,1169,848,1904,2379,529,29861,29640,0,0,519,1365,0,2627,1288,640,1149,103,410,0,0,0,1246,30065,208,208,0,105,0,1254,212
 59050,0,30603,1169,848,1904,2379,529,29866,29645,0,0,519,1365,0,2627,1288,640,1149,103,410,0,0,0,1246,30070,208,208,0,105,0,1254,212
 59055,0,30608,1169,848,1904,2379,529,29871,29650,0,0,519,1365,0,2627,1288,640,1149,103,410,0,0,0,1246,30075,208,208,0,105,0,1254,212
 59060,0,30613,1169,848,1904,2379,529,29876,29655,0,0,519,1365,0,2627,1288,640,1149,103,410,0,0,0,1246,30080,208,208,0,105,0,1254,212
 59065,0,30618,1169,848,1904,2379,529,29881,29660,0,0,519,1365,0,2627,1288,640,1149,103,410,0,0,0,1246,30085,208,208,0,105,0,1254,212
 59070,0,30623,1169,848,1904,2379,529,29886,29665,0,0,519,1365,0,2627,1288,640,1149,103,410,0,0,0,1246,30090,208,208,0,105,0,1254,212
 59075,0,30628,1169,848,1904,2379,529,29891,29670,0,0,519,1365,0,2627,1288,640,1149,103,410,0,0,0,1246,30095,208,208,0,105,0,1254,212
 59080,0,30633,1169,848,1904,2379,529,29896,29675,0,0,519,1365,0,2627,1288,640,1149,103,410,0,0,0,1246,30100,208,208,0,105,0,1254,212
 59085,0,30638,1169,848,1904,2379,529,29901,29680,0,0,519,1365,0,2627,1288,640,1149,103,410,0,0,0,1246,30105,208,208,0,105,0,1254,212
 59090,0,30643,1169,848,1904,2379,529,29906,29685,0,0,519,1365,0,2627,1288,640,1149,103,410,0,0,0,1246,30110,208,208,0,105,0,1254,212
 59095,0,30648,1169,848,1904,2379,529,29911,29690,0,0,519,1365,0,2627,1288,640,1149,103,410,0,0,0,1246,30115,208,208,0,105,0,1254,212
 59100,0,30653,1169,848,1904,2379,529,29916,29695,0,0,519,1365,0,2627,1288,640,1149,103,410,0,0,0,1246,30120,208,208,0,105,0,1254,212
 59105,0,30658,1169,848,1904,2379,529,29921,29700,0,0,519,1365,0,2627,1288,640,1149,103,410,0,0,0,1246,30125,208,208,0,105,0,1254,212
 59110,0,30663,1169,848,1904,2379,529,29926,29705,0,0,519,1365,0,2627,1288,640,1149,103,410,0,0,0,1246,30130,208,208,0,105,0,1254,212
 59115,0,30668,1169,848,1904,2379,529,29931,29710,0,0,519,1365,0,2627,1288,640,1149,103,410,0,0,0,1246,30135,208,208,0,105,0,1254,212
 59120,0,30673,1169,848,1904,2379,529,29936,29715,0,0,519,1365,0,2627,1288,640,1149,103,410,0,0,0,1246,30140,208,208,0,105,0,1254,212
 59125,0,30678,1169,848,1904,2379,529,29941,29720,0,0,519,1365,0,2627,1288,640,1149,103,410,0,0,0,1246,30145,208,208,0,105,0,1254,212
 59130,0,30684,1169,848,1904,2379,529,29946,29725,0,0,519,1365,0,2627,1288,640,1149,103,410,0,0,0,1246,30145,208,208,0,105,0,1254,212
 59135,0,30684,1169,848,1904,2379,529,29951,29730,0,0,519,1365,0,2627,1288,640,1149,103,410,0,0,0,1246,30145,208,208,0,105,0,1254,212
 59140,0,30684,1169,848,1904,2379,529,29956,29735,0,0,519,1365,0,2627,1288,640,1149,103,410,0,0,0,1246,30145,208,208,0,105,0,1254,212
 59145,0,30684,1169,848,1904,2379,529,29956,29740,0,0,519,1365,0,2627,1288,640,1149,103,410,0,0,0,1246,30145,208,208,0,105,0,1254,212
 59150,0,30684,1169,848,1904,2379,529,29956,29745,0,0,519,1365,0,2627,1288,640,1149,103,410,0,0,0,1246,30145,208,208,0,105,0,1254,212
 59155,0,30684,1169,848,1904,2379,529,29956,29745,0,0,519,1365,0,2627,1288,640,1149,103,410,0,0,0,1246,30145,208,208,0,105,0,1254,212
 59160,0,30684,1169,848,1904,2379,529,29956,29745,0,0,519,1365,0,2627,1288,640,1149,103,410,0,0,0,1246,30145,208,208,0,105,0,1254,212
 59165,0,30684,1169,848,1904,2379,529,29956,29745,0,0,519,1365,0,2627,1288,640,1149,103,410,0,0,0,1246,30145,208,208,0,105,0,1254,212
 59170,0,30684,1169,848,1904,2379,529,29956,29745,0,0,519,1365,0,2627,1288,640,1149,103,410,0,0,0,1246,30145,208,208,0,105,0,1254,212
 59175,0,30684,1169,848,1904,2379,529,29956,29745,0,0,519,1365,0,2627,1288,640,1149,103,410,0,0,0,1246,30145,208,208,0,105,0,1254,212
 59180,0,30684,1169,848,1904,2379,529,29956,29745,0,0,519,1365,0,2627,1288,640,1149,103,410,0,0,0,1246,30145,208,208,0,105,0,1254,212
 59185,0,30684,1169,848,1904,2379,529,29956,29745,0,0,519,1365,0,2627,1288,640,1149,103,410,0,0,0,1246,30145,208,208,0,105,0,1254,212
 59190,0,30684,1169,848,1904,2379,529,29956,29745,0,0,519,1365,0,2627,1288,640,1149,103,410,0,0,0,1246,30145,208,208,0,105,0,1254,212
 59195,0,30684,1169,848,1904,2379,529,29956,29745,0,0,519,1365,0,2627,1288,640,1149,103,410,0,0,0,1246,30145,208,208,0,105,0,1254,212
 59200,0,30684,1169,848,1904,2379,529,29956,29745,0,0,519,1365,0,2627,1288,640,1149,103,410,0,0,0,1246,30145,208,208,0,105,0,1254,212
 59205,0,30684,1169,848,1904,2379,529,29956,29745,0,0,519,1365,0,2627,1288,640,1149,103,410,0,0,0,1246,30145,208,208,0,105,0,1254,212
 59210,0,30684,1169,848,1904,2379,529,29956,29745,0,0,519,1365,0,2627,1288,640,1149,103,410,0,0,0,1246,30145,208,208,0,105,0,1254,212
 59215,0,30684,1169,848,1904,2379,529,29956,29745,0,0,519,1365,0,2627,1288,640,1149,103,410,0,0,0,1246,30145,208,208,0,105,0,1254,212
 59220,0,30684,1169,848,1904,2379,529,29956,29745,0,0,519,1365,0,2627,1288,640,1149,103,410,0,0,0,1246,30145,208,208,0,105,0,1254,212
 59225,0,30684,1169,848,1904,2379,529,29956,29745,0,0,519,1365,0,2627,1288,640,1149,103,410,0,0,0,1246,30144,208,208,0,105,0,1254,212
 59230,0,30684,1169,848,1904,2379,529,29956,29745,0,0,519,1365,0,2627,1288,640,1149,103,410,0,0,0,1246,30149,208,208,0,105,0,1254,212
 59235,0,30684,1169,848,1904,2379,529,29956,29745,0,0,519,1365,0,2627,1288,640,1149,103,410,0,0,0,1246,30154,208,208,0,105,0,1254,212
 59240,0,30684,1169,848,1904,2379,529,29956,29745,0,0,519,1365,0,2627,1288,640,1149,103,410,0,0,0,1246,30159,208,208,0,105,0,1254,212
 59245,0,30684,1169,848,1904,2379,529,29956,29745,0,0,519,1365,0,2627,1288,640,1149,103,410,0,0,0,1246,30164,208,208,0,105,0,1254,212
 59250,0,30684,1169,848,1904,2379,529,29956,29745,0,0,519,1365,0,2627,1288,640,1149,103,410,0,0,0,1246,30169,208,208,0,105,0,1254,212
 59255,0,30684,1169,848,1904,2379,529,29956,29747,0,0,519,1365,0,2627,1288,640,1149,103,410,0,0,0,1246,30174,208,208,0,105,0,1254,212
 59260,0,30684,1169,848,1904,2379,529,29956,29752,0,0,519,1365,0,2627,1288,640,1149,103,410,0,0,0,1246,30179,208,208,0,105,0,1254,212
 59265,0,30686,1169,848,1904,2379,529,29956,29757,0,0,519,1365,0,2627,1288,640,1149,103,410,0,0,0,1246,30184,208,208,0,105,0,1254,212
 59270,0,30691,1169,848,1904,2379,529,29959,29762,0,0,519,1365,0,2627,1288,640,1149,103,410,0,0,0,1246,30189,208,208,0,105,0,1254,212
 59275,0,30696,1169,848,1904,2379,529,29964,29767,0,0,519,1365,0,2627,1288,640,1149,103,410,0,0,0,1246,30194,208,208,0,105,0,1254,212
 59280,0,30701,1169,848,1904,2379,529,29969,29772,0,0,519,1365,0,2627,1288,640,1149,103,410,0,0,0,1246,30199,208,208,0,105,0,1254,212
 59285,0,30706,1169,848,1904,2379,529,29974,29777,0,0,519,1365,0,2627,1288,640,1149,103,410,0,0,0,1246,30204,208,208,0,105,0,1254,212
 59290,0,30711,1169,848,1904,2379,529,29979,29782,0,0,519,1365,0,2627,1288,640,1149,103,410,0,0,0,1246,30209,208,208,0,105,0,1254,212
 59295,0,30716,1169,848,1904,2379,529,29984,29787,0,0,519,1365,0,2627,1288,640,1149,103,410,0,0,0,1246,30214,208,208,0,105,0,1254,212
 59300,0,30721,1169,848,1904,2379,529,29989,29792,0,0,519,1365,0,2627,1288,640,1149,103,410,0,0,0,1246,30219,208,208,0,105,0,1254,212
 59305,0,30726,1169,848,1904,2379,529,29994,29797,0,0,519,1365,0,2627,1288,640,1149,103,410,0,0,0,1246,30224,208,208,0,105,0,1254,212
 59310,0,30731,1169,848,1904,2379,529,29999,29802,0,0,519,1365,0,2627,1288,640,1149,103,410,0,0,0,1246,30229,208,208,0,105,0,1254,212
 59315,0,30736,1169,848,1904,2379,529,30004,29807,0,0,519,1365,0,2627,1288,640,1149,103,410,0,0,0,1246,30234,208,208,0,105,0,1254,212
 59320,0,30741,1169,848,1904,2379,529,30009,29812,0,0,519,1365,0,2627,1288,640,1149,103,410,0,0,0,1246,30239,208,208,0,105,0,1254,212
 59325,0,30746,1169,848,1904,2379,529,30014,29817,0,0,519,1365,0,2627,1288,640,1149,103,410,0,0,0,1246,30244,208,208,0,105,0,1254,212
 59330,0,30751,1169,848,1904,2379,529,30019,29822,0,0,519,1365,0,2627,1288,640,1149,103,410,0,0,0,1246,30248,208,208,0,105,0,1254,212
 59335,0,30756,1169,848,1904,2379,529,30024,29827,0,0,519,1365,0,2627,1288,640,1149,103,410,0,0,0,1246,30248,208,208,0,105,0,1254,212
 59340,0,30761,1169,848,1904,2379,529,30029,29832,0,0,519,1365,0,2627,1288,640,1149,103,410,0,0,0,1246,30248,208,208,0,105,0,1254,212
 59345,0,30766,1169,848,1904,2379,529,30034,29837,0,0,519,1365,0,2627,1288,640,1149,103,410,0,0,0,1246,30248,208,208,0,105,0,1254,212
 59350,0,30771,1169,848,1904,2379,529,30039,29842,0,0,519,1365,0,2627,1288,640,1149,103,410,0,0,0,1246,30248,208,208,0,105,0,1254,212
 59355,0,30776,1169,848,1904,2379,529,30044,29847,0,0,519,1365,0,2627,1288,640,1149,103,410,0,0,0,1246,30248,208,208,0,105,0,1254,212
 59360,0,30781,1169,848,1904,2379,529,30049,29850,0,0,519,1365,0,2627,1288,640,1149,103,410,0,0,0,1246,30248,208,208,0,105,0,1254,212
 59365,0,30786,1169,848,1904,2379,529,30054,29850,0,0,519,1365,0,2627,1288,640,1149,103,410,0,0,0,1246,30248,208,208,0,105,0,1254,212
 59370,0,30789,1169,848,1904,2379,529,30059,29850,0,0,519,1365,0,2627,1288,640,1149,103,410,0,0,0,1246,30248,208,208,0,105,0,1254,212
 59375,0,30789,1169,848,1904,2379,529,30061,29850,0,0,519,1365,0,2627,1288,640,1149,103,410,0,0,0,1246,30248,208,208,0,105,0,1254,212
 59380,0,30789,1169,848,1904,2379,529,30061,29850,0,0,519,1365,0,2627,1288,640,1149,103,410,0,0,0,1246,30248,208,208,0,105,0,1254,212
 59385,0,30789,1169,848,1904,2379,529,30061,29850,0,0,519,1365,0,2627,1288,640,1149,103,410,0,0,0,1246,30248,208,208,0,105,0,1254,212
 59390,0,30789,1169,848,1904,2379,529,30061,29850,0,0,519,1365,0,2627,1288,640,1149,103,410,0,0,0,1246,30248,208,208,0,105,0,1254,212
 59395,0,30789,1169,848,1904,2379,529,30061,29850,0,0,519,1365,0,2627,1288,640,1149,103,410,0,0,0,1246,30248,208,208,0,105,0,1254,212
 59400,0,30789,1169,848,1904,2379,529,30061,29850,0,0,519,1365,0,2627,1288,640,1149,103,410,0,0,0,1246,30248,208,208,0,105,0,1254,212
 59405,0,30789,1169,848,1904,2379,529,30061,29850,0,0,519,1365,0,2627,1288,640,1149,103,410,0,0,0,1246,30248,208,208,0,105,0,1254,212
 59410,0,30789,1169,848,1904,2379,529,30061,29850,0,0,519,1365,0,2627,1288,640,1149,103,410,0,0,0,1246,30248,208,208,0,105,0,1254,212
 59415,0,30789,1169,848,1904,2379,529,30061,29850,0,0,519,1365,0,2627,1288,640,1149,103,410,0,0,0,1246,30248,208,208,0,105,0,1254,212
 59420,0,30789,1169,848,1904,2379,529,30061,29850,0,0,519,1365,0,2627,1288,640,1149,103,410,0,0,0,1246,30248,208,208,0,105,0,1254,212
 59425,0,30789,1169,848,1904,2379,529,30061,29850,0,0,519,1365,0,2627,1288,640,1149,103,410,0,0,0,1246,30253,208,208,0,105,0,1254,212
 59430,0,30789,1169,848,1904,2379,529,30061,29852,0,0,519,1365,0,2627,1288,640,1149,103,410,0,0,0,1246,30258,208,208,0,105,0,1254,212
 59435,0,30789,1169,848,1904,2379,529,30060,29857,0,0,519,1365,0,2627,1288,640,1149,103,410,0,0,0,1246,30263,208,208,0,105,0,1254,212
 59440,0,30791,1169,848,1904,2379,529,30065,29862,0,0,519,1365,0,2627,1288,640,1149,103,410,0,0,0,1246,30268,208,208,0,105,0,1254,212
 59445,0,30796,1169,848,1904,2379,529,30070,29867,0,0,519,1365,0,2627,1288,640,1149,103,410,0,0,0,1246,30273,208,208,0,105,0,1254,212
 59450,0,30801,1169,848,1904,2379,529,30075,29872,0,0,519,1365,0,2627,1288,640,1149,103,410,0,0,0,1246,30278,208,208,0,105,0,1254,212
 59455,0,30806,1169,848,1904,2379,529,30080,29877,0,0,519,1365,0,2627,1288,640,1149,103,410,0,0,0,1246,30283,208,208,0,105,0,1254,212
 59460,0,30811,1169,848,1904,2379,529,30085,29882,0,0,519,1365,0,2627,1288,640,1149,103,410,0,0,0,1246,30288,208,208,0,105,0,1254,212
 59465,0,30816,1169,848,1904,2379,529,30090,29887,0,0,519,1365,0,2627,1288,640,1149,103,410,0,0,0,1246,30293,208,208,0,105,0,1254,212
 59470,0,30821,1169,848,1904,2379,529,30095,29892,0,0,519,1365,0,2627,1288,640,1149,103,410,0,0,0,1246,30298,208,208,0,105,0,1254,212
 59475,0,30826,1169,848,1904,2379,529,30100,29897,0,0,519,1365,0,2627,1288,640,1149,103,410,0,0,0,1246,30303,208,208,0,105,0,1254,212
 59480,0,30831,1169,848,1904,2379,529,30105,29902,0,0,519,1365,0,2627,1288,640,1149,103,410,0,0,0,1246,30308,208,208,0,105,0,1254,212
 59485,0,30836,1169,848,1904,2379,529,30110,29907,0,0,519,1365,0,2627,1288,640,1149,103,410,0,0,0,1246,30313,208,208,0,105,0,1254,212
 59490,0,30841,1169,848,1904,2379,529,30115,29912,0,0,519,1365,0,2627,1288,640,1149,103,410,0,0,0,1246,30318,208,208,0,105,0,1254,212
 59495,0,30846,1169,848,1904,2379,529,30120,29917,0,0,519,1365,0,2627,1288,640,1149,103,410,0,0,0,1246,30323,208,208,0,105,0,1254,212
 59500,0,30851,1169,848,1904,2379,529,30125,29922,0,0,519,1365,0,2627,1288,640,1149,103,410,0,0,0,1246,30328,208,208,0,105,0,1254,212
 59505,0,30856,1169,848,1904,2379,529,30130,29927,0,0,519,1365,0,2627,1288,640,1149,103,410,0,0,0,1246,30333,208,208,0,105,0,1254,212
 59510,0,30861,1169,848,1904,2379,529,30135,29932,0,0,519,1365,0,2627,1288,640,1149,103,410,0,0,0,1246,30338,208,208,0,105,0,1254,212
 59515,0,30866,1169,848,1904,2379,529,30140,29937,0,0,519,1365,0,2627,1288,640,1149,103,410,0,0,0,1246,30343,208,208,0,105,0,1254,212
 59520,0,30871,1169,848,1904,2379,529,30145,29942,0,0,519,1365,0,2627,1288,640,1149,103,410,0,0,0,1246,30348,208,208,0,105,0,1254,212
 59525,0,30876,1169,848,1904,2379,529,30150,29947,0,0,519,1365,0,2627,1288,640,1149,103,410,0,0,0,1246,30351,208,208,0,105,0,1254,212
 59530,0,30881,1169,848,1904,2379,529,30155,29953,0,0,519,1365,0,2627,1288,640,1149,103,410,0,0,0,1246,30351,208,208,0,105,0,1254,212
 59535,0,30886,1169,848,1904,2379,529,30160,29953,0,0,519,1365,0,2627,1288,640,1149,103,410,0,0,0,1246,30351,208,208,0,105,0,1254,212
 59540,0,30891,1169,848,1904,2379,529,30164,29953,0,0,519,1365,0,2627,1288,640,1149,103,410,0,0,0,1246,30351,208,208,0,105,0,1254,212
 59545,0,30894,1169,848,1904,2379,529,30164,29953,0,0,519,1365,0,2627,1288,640,1149,103,410,0,0,0,1246,30351,208,208,0,105,0,1254,212
 59550,0,30894,1169,848,1904,2379,529,30164,29953,0,0,519,1365,0,2627,1288,640,1149,103,410,0,0,0,1246,30351,208,208,0,105,0,1254,212
 59555,0,30894,1169,848,1904,2379,529,30164,29953,0,0,519,1365,0,2627,1288,640,1149,103,410,0,0,0,1246,30351,208,208,0,105,0,1254,212
 59560,0,30894,1169,848,1904,2379,529,30164,29953,0,0,519,1365,0,2627,1288,640,1149,103,410,0,0,0,1246,30351,208,208,0,105,0,1254,212
 59565,0,30894,1169,848,1904,2379,529,30164,29953,0,0,519,1365,0,2627,1288,640,1149,103,410,0,0,0,1246,30351,208,208,0,105,0,1254,212
 59570,0,30894,1169,848,1904,2379,529,30164,29953,0,0,519,1365,0,2627,1288,640,1149,103,410,0,0,0,1246,30351,208,208,0,105,0,1254,212
 59575,0,30894,1169,848,1904,2379,529,30164,29953,0,0,519,1365,0,2627,1288,640,1149,103,410,0,0,0,1246,30351,208,208,0,105,0,1254,212
 59580,0,30894,1169,848,1904,2379,529,30164,29953,0,0,519,1365,0,2627,1288,640,1149,103,410,0,0,0,1246,30351,208,208,0,105,0,1254,212
 59585,0,30894,1169,848,1904,2379,529,30164,29953,0,0,519,1365,0,2627,1288,640,1149,103,410,0,0,0,1246,30351,208,208,0,105,0,1254,212
 59590,0,30894,1169,848,1904,2379,529,30164,29953,0,0,519,1365,0,2627,1288,640,1149,103,410,0,0,0,1246,30351,208,208,0,105,0,1254,212
 59595,0,30894,1169,848,1904,2379,529,30164,29953,0,0,519,1365,0,2627,1288,640,1149,103,410,0,0,0,1246,30351,208,208,0,105,0,1254,212
 59600,0,30894,1169,848,1904,2379,529,30164,29953,0,0,519,1365,0,2627,1288,640,1149,103,410,0,0,0,1246,30351,208,208,0,105,0,1254,212
 59605,0,30894,1169,848,1904,2379,529,30164,29953,0,0,519,1365,0,2627,1288,640,1149,103,410,0,0,0,1246,30351,208,208,0,105,0,1254,212
 59610,0,30894,1169,848,1904,2379,529,30164,29953,0,0,519,1365,0,2627,1288,640,1149,103,410,0,0,0,1246,30351,208,208,0,105,0,1254,212
 59615,0,30894,1169,848,1904,2379,529,30164,29953,0,0,519,1365,0,2627,1288,640,1149,103,410,0,0,0,1246,30351,208,208,0,105,0,1254,212
 59620,0,30894,1169,848,1904,2379,529,30164,29953,0,0,519,1365,0,2627,1288,640,1149,103,410,0,0,0,1246,30354,208,208,0,105,0,1254,212
 59625,0,30894,1169,848,1904,2379,529,30164,29953,0,0,519,1365,0,2627,1288,640,1149,103,410,0,0,0,1246,30359,208,208,0,105,0,1254,212
 59630,0,30894,1169,848,1904,2379,529,30164,29955,0,0,519,1365,0,2627,1288,640,1149,103,410,0,0,0,1246,30364,208,208,0,105,0,1254,212
 59635,0,30896,1169,848,1904,2379,529,30164,29960,0,0,519,1365,0,2627,1288,640,1149,103,410,0,0,0,1246,30369,208,208,0,105,0,1254,212
 59640,0,30901,1169,848,1904,2379,529,30164,29965,0,0,519,1365,0,2627,1288,640,1149,103,410,0,0,0,1246,30374,208,208,0,105,0,1254,212
 59645,0,30906,1169,848,1904,2379,529,30164,29970,0,0,519,1365,0,2627,1288,640,1149,103,410,0,0,0,1246,30379,208,208,0,105,0,1254,212
 59650,0,30911,1169,848,1904,2379,529,30164,29975,0,0,519,1365,0,2627,1288,640,1149,103,410,0,0,0,1246,30384,208,208,0,105,0,1254,212
 59655,0,30916,1169,848,1904,2379,529,30164,29980,0,0,519,1365,0,2627,1288,640,1149,103,410,0,0,0,1246,30389,208,208,0,105,0,1254,212
 59660,0,30921,1169,848,1904,2379,529,30167,29985,0,0,519,1365,0,2627,1288,640,1149,103,410,0,0,0,1246,30394,208,208,0,105,0,1254,212
 59665,0,30926,1169,848,1904,2379,529,30172,29990,0,0,519,1365,0,2627,1288,640,1149,103,410,0,0,0,1246,30399,208,208,0,105,0,1254,212
 59670,0,30931,1169,848,1904,2379,529,30177,29995,0,0,519,1365,0,2627,1288,640,1149,103,410,0,0,0,1246,30404,208,208,0,105,0,1254,212
 59675,0,30936,1169,848,1904,2379,529,30182,30000,0,0,519,1365,0,2627,1288,640,1149,103,410,0,0,0,1246,30409,208,208,0,105,0,1254,212
 59680,0,30941,1169,848,1904,2379,529,30187,30005,0,0,519,1365,0,2627,1288,640,1149,103,410,0,0,0,1246,30414,208,208,0,105,0,1254,212
 59685,0,30946,1169,848,1904,2379,529,30192,30010,0,0,519,1365,0,2627,1288,640,1149,103,410,0,0,0,1246,30419,208,208,0,105,0,1254,212
 59690,0,30951,1169,848,1904,2379,529,30197,30015,0,0,519,1365,0,2627,1288,640,1149,103,410,0,0,0,1246,30424,208,208,0,105,0,1254,212
 59695,0,30956,1169,848,1904,2379,529,30202,30020,0,0,519,1365,0,2627,1288,640,1149,103,410,0,0,0,1246,30429,208,208,0,105,0,1254,212
 59700,0,30961,1169,848,1904,2379,529,30207,30025,0,0,519,1365,0,2627,1288,640,1149,103,410,0,0,0,1246,30434,208,208,0,105,0,1254,212
 59705,0,30966,1169,848,1904,2379,529,30212,30030,0,0,519,1365,0,2627,1288,640,1149,103,410,0,0,0,1246,30439,208,208,0,105,0,1254,212
 59710,0,30971,1169,848,1904,2379,529,30217,30035,0,0,519,1365,0,2627,1288,640,1149,103,410,0,0,0,1246,30444,208,208,0,105,0,1254,212
 59715,0,30976,1169,848,1904,2379,529,30222,30040,0,0,519,1365,0,2627,1288,640,1149,103,410,0,0,0,1246,30449,208,208,0,105,0,1254,212
 59720,0,30981,1169,848,1904,2379,529,30227,30045,0,0,519,1365,0,2627,1288,640,1149,103,410,0,0,0,1246,30454,208,208,0,105,0,1254,212
 59725,0,30986,1169,848,1904,2379,529,30232,30050,0,0,519,1365,0,2627,1288,640,1149,103,410,0,0,0,1246,30454,208,208,0,105,0,1254,212
 59730,0,30991,1169,848,1904,2379,529,30237,30056,0,0,519,1365,0,2627,1288,640,1149,103,410,0,0,0,1246,30454,208,208,0,105,0,1254,212
 59735,0,30997,1169,848,1904,2379,529,30242,30056,0,0,519,1365,0,2627,1288,640,1149,103,410,0,0,0,1246,30454,208,208,0,105,0,1254,212
 59740,0,30997,1169,848,1904,2379,529,30247,30056,0,0,519,1365,0,2627,1288,640,1149,103,410,0,0,0,1246,30454,208,208,0,105,0,1254,212
 59745,0,30997,1169,848,1904,2379,529,30252,30056,0,0,519,1365,0,2627,1288,640,1149,103,410,0,0,0,1246,30454,208,208,0,105,0,1254,212
 59750,0,30997,1169,848,1904,2379,529,30257,30056,0,0,519,1365,0,2627,1288,640,1149,103,410,0,0,0,1246,30454,208,208,0,105,0,1254,212
 59755,0,30997,1169,848,1904,2379,529,30262,30056,0,0,519,1365,0,2627,1288,640,1149,103,410,0,0,0,1246,30454,208,208,0,105,0,1254,212
 59760,0,30997,1169,848,1904,2379,529,30265,30056,0,0,519,1365,0,2627,1288,640,1149,103,410,0,0,0,1246,30454,208,208,0,105,0,1254,212
 59765,0,30997,1169,848,1904,2379,529,30265,30056,0,0,519,1365,0,2627,1288,640,1149,103,410,0,0,0,1246,30454,208,208,0,105,0,1254,212
 59770,0,30997,1169,848,1904,2379,529,30265,30056,0,0,519,1365,0,2627,1288,640,1149,103,410,0,0,0,1246,30454,208,208,0,105,0,1254,212
 59775,0,30997,1169,848,1904,2379,529,30265,30056,0,0,519,1365,0,2627,1288,640,1149,103,410,0,0,0,1246,30454,208,208,0,105,0,1254,212
 59780,0,30997,1169,848,1904,2379,529,30265,30056,0,0,519,1365,0,2627,1288,640,1149,103,410,0,0,0,1246,30454,208,208,0,105,0,1254,212
 59785,0,30997,1169,848,1904,2379,529,30265,30056,0,0,519,1365,0,2627,1288,640,1149,103,410,0,0,0,1246,30454,208,208,0,105,0,1254,212
 59790,0,30997,1169,848,1904,2379,529,30265,30056,0,0,519,1365,0,2627,1288,640,1149,103,410,0,0,0,1246,30454,208,208,0,105,0,1254,212
 59795,0,30997,1169,848,1904,2379,529,30265,30056,0,0,519,1365,0,2627,1288,640,1149,103,410,0,0,0,1246,30454,208,208,0,105,0,1254,212
 59800,0,30997,1169,848,1904,2379,529,30265,30056,0,0,519,1365,0,2627,1288,640,1149,103,410,0,0,0,1246,30454,208,208,0,105,0,1254,212
 59805,0,30997,1169,848,1904,2379,529,30265,30056,0,0,519,1365,0,2627,1288,640,1149,103,410,0,0,0,1246,30454,208,208,0,105,0,1254,212
 59810,0,30997,1169,848,1904,2379,529,30265,30056,0,0,519,1365,0,2627,1288,640,1149,103,410,0,0,0,1246,30454,208,208,0,105,0,1254,212
 59815,0,30997,1169,848,1904,2379,529,30265,30056,0,0,519,1365,0,2627,1288,640,1149,103,410,0,0,0,1246,30454,208,208,0,105,0,1254,212
 59820,0,30997,1169,848,1904,2379,529,30265,30056,0,0,519,1365,0,2627,1288,640,1149,103,410,0,0,0,1246,30454,208,208,0,105,0,1254,212
 59825,0,30997,1169,848,1904,2379,529,30265,30056,0,0,519,1365,0,2627,1288,640,1149,103,410,0,0,0,1246,30454,208,208,0,105,0,1254,212
 59830,0,30998,1169,848,1904,2379,529,30265,30056,0,0,519,1365,0,2627,1288,640,1149,103,410,0,0,0,1246,30454,208,208,0,105,0,1254,212
 59835,0,31003,1169,848,1904,2379,529,30265,30056,0,0,519,1365,0,2627,1288,640,1149,103,410,0,0,0,1246,30454,208,208,0,105,0,1254,212
 59840,0,31008,1169,848,1904,2379,529,30265,30056,0,0,519,1365,0,2627,1288,640,1149,103,410,0,0,0,1246,30454,208,208,0,105,0,1254,212
 59845,0,31013,1169,848,1904,2379,529,30265,30059,0,0,519,1365,0,2627,1288,640,1149,103,410,0,0,0,1246,30457,208,208,0,105,0,1254,212
 59850,0,31018,1169,848,1904,2379,529,30265,30064,0,0,519,1365,0,2627,1288,640,1149,103,410,0,0,0,1246,30462,208,208,0,105,0,1254,212
 59855,0,31023,1169,848,1904,2379,529,30268,30069,0,0,519,1365,0,2627,1288,640,1149,103,410,0,0,0,1246,30467,208,208,0,105,0,1254,212
 59860,0,31028,1169,848,1904,2379,529,30273,30074,0,0,519,1365,0,2627,1288,640,1149,103,410,0,0,0,1246,30472,208,208,0,105,0,1254,212
 59865,0,31033,1169,848,1904,2379,529,30278,30079,0,0,519,1365,0,2627,1288,640,1149,103,410,0,0,0,1246,30477,208,208,0,105,0,1254,212
 59870,0,31038,1169,848,1904,2379,529,30283,30084,0,0,519,1365,0,2627,1288,640,1149,103,410,0,0,0,1246,30482,208,208,0,105,0,1254,212
 59875,0,31043,1169,848,1904,2379,529,30288,30089,0,0,519,1365,0,2627,1288,640,1149,103,410,0,0,0,1246,30487,208,208,0,105,0,1254,212
 59880,0,31048,1169,848,1904,2379,529,30293,30094,0,0,519,1365,0,2627,1288,640,1149,103,410,0,0,0,1246,30492,208,208,0,105,0,1254,212
 59885,0,31053,1169,848,1904,2379,529,30298,30099,0,0,519,1365,0,2627,1288,640,1149,103,410,0,0,0,1246,30497,208,208,0,105,0,1254,212
 59890,0,31058,1169,848,1904,2379,529,30303,30104,0,0,519,1365,0,2627,1288,640,1149,103,410,0,0,0,1246,30502,208,208,0,105,0,1254,212
 59895,0,31063,1169,848,1904,2379,529,30308,30109,0,0,519,1365,0,2627,1288,640,1149,103,410,0,0,0,1246,30507,208,208,0,105,0,1254,212
 59900,0,31068,1169,848,1904,2379,529,30313,30114,0,0,519,1365,0,2627,1288,640,1149,103,410,0,0,0,1246,30512,208,208,0,105,0,1254,212
 59905,0,31073,1169,848,1904,2379,529,30318,30119,0,0,519,1365,0,2627,1288,640,1149,103,410,0,0,0,1246,30517,208,208,0,105,0,1254,212
 59910,0,31078,1169,848,1904,2379,529,30323,30124,0,0,519,1365,0,2627,1288,640,1149,103,410,0,0,0,1246,30522,208,208,0,105,0,1254,212
 59915,0,31083,1169,848,1904,2379,529,30328,30129,0,0,519,1365,0,2627,1288,640,1149,103,410,0,0,0,1246,30527,208,208,0,105,0,1254,212
 59920,0,31088,1169,848,1904,2379,529,30333,30134,0,0,519,1365,0,2627,1288,640,1149,103,410,0,0,0,1246,30532,208,208,0,105,0,1254,212
 59925,0,31093,1169,848,1904,2379,529,30338,30139,0,0,519,1365,0,2627,1288,640,1149,103,410,0,0,0,1246,30537,208,208,0,105,0,1254,212
 59930,0,31098,1169,848,1904,2379,529,30343,30144,0,0,519,1365,0,2627,1288,640,1149,103,410,0,0,0,1246,30542,208,208,0,105,0,1254,212
 59935,0,31100,1169,848,1904,2379,529,30348,30149,0,0,519,1365,0,2627,1288,640,1149,103,410,0,0,0,1246,30547,208,208,0,105,0,1254,212
 59940,0,31100,1169,848,1904,2379,529,30353,30154,0,0,519,1365,0,2627,1288,640,1149,103,410,0,0,0,1246,30552,208,208,0,105,0,1254,212
 59945,0,31100,1169,848,1904,2379,529,30358,30159,0,0,519,1365,0,2627,1288,640,1149,103,410,0,0,0,1246,30557,208,208,0,105,0,1254,212
 59950,0,31100,1169,848,1904,2379,529,30363,30159,0,0,519,1365,0,2627,1288,640,1149,103,410,0,0,0,1246,30559,208,208,0,105,0,1254,212
 59955,0,31100,1169,848,1904,2379,529,30368,30159,0,0,519,1365,0,2627,1288,640,1149,103,410,0,0,0,1246,30559,208,208,0,105,0,1254,212
 59960,0,31100,1169,848,1904,2379,529,30370,30159,0,0,519,1365,0,2627,1288,640,1149,103,410,0,0,0,1246,30559,208,208,0,105,0,1254,212
 59965,0,31100,1169,848,1904,2379,529,30370,30159,0,0,519,1365,0,2627,1288,640,1149,103,410,0,0,0,1246,30559,208,208,0,105,0,1254,212
 59970,0,31100,1169,848,1904,2379,529,30370,30159,0,0,519,1365,0,2627,1288,640,1149,103,410,0,0,0,1246,30559,208,208,0,105,0,1254,212
 59975,0,31100,1169,848,1904,2379,529,30370,30159,0,0,519,1365,0,2627,1288,640,1149,103,410,0,0,0,1246,30559,208,208,0,105,0,1254,212
 59980,0,31100,1169,848,1904,2379,529,30370,30159,0,0,519,1365,0,2627,1288,640,1149,103,410,0,0,0,1246,30559,208,208,0,105,0,1254,212
 59985,0,31100,1169,848,1904,2379,529,30370,30159,0,0,519,1365,0,2627,1288,640,1149,103,410,0,0,0,1246,30559,208,208,0,105,0,1254,212
 59990,0,31100,1169,848,1904,2379,529,30370,30159,0,0,519,1365,0,2627,1288,640,1149,103,410,0,0,0,1246,30559,208,208,0,105,0,1254,212
 59995,0,31100,1169,848,1904,2379,529,30370,30159,0,0,519,1365,0,2627,1288,640,1149,103,410,0,0,0,1246,30559,208,208,0,105,0,1254,212
 60000,0,31100,1169,848,1904,2379,529,30370,30159,0,0,519,1365,0,2627,1288,640,1149,103,410,0,0,0,1246,30559,208,208,0,105,0,1254,212
 60005,0,31100,1169,848,1904,2379,529,30370,30159,0,0,519,1365,0,2627,1288,640,1149,103,410,0,0,0,1246,30559,208,208,0,105,0,1254,212
 60010,0,31100,1169,848,1904,2379,529,30370,30159,0,0,519,1365,0,2627,1288,640,1149,103,410,0,0,0,1246,30559,208,208,0,105,0,1254,212
 60015,0,31100,1169,848,1904,2379,529,30370,30159,0,0,519,1365,0,2627,1288,640,1149,103,410,0,0,0,1246,30559,208,208,0,105,0,1254,212
 60020,0,31100,1169,848,1904,2379,529,30370,30159,0,0,519,1365,0,2627,1288,640,1149,103,410,0,0,0,1246,30559,208,208,0,105,0,1254,212
 60025,0,31100,1169,848,1904,2379,529,30370,30159,0,0,519,1365,0,2627,1288,640,1149,103,410,0,0,0,1246,30559,208,208,0,105,0,1254,212
 60030,0,31100,1169,848,1904,2379,529,30370,30159,0,0,519,1365,0,2627,1288,640,1149,103,410,0,0,0,1246,30559,208,208,0,105,0,1254,212
 60035,0,31100,1169,848,1904,2379,529,30370,30159,0,0,519,1365,0,2627,1288,640,1149,103,410,0,0,0,1246,30559,208,208,0,105,0,1254,212
 60040,0,31100,1169,848,1904,2379,529,30370,30159,0,0,519,1365,0,2627,1288,640,1149,103,410,0,0,0,1246,30559,208,208,0,105,0,1254,212
 60045,0,31100,1169,848,1904,2379,529,30370,30159,0,0,519,1365,0,2627,1288,640,1149,103,410,0,0,0,1246,30559,208,208,0,105,0,1254,212
 60050,0,31100,1169,848,1904,2379,529,30370,30159,0,0,519,1365,0,2627,1288,640,1149,103,410,0,0,0,1246,30559,208,208,0,105,0,1254,212
 60055,0,31100,1169,848,1904,2379,529,30370,30159,0,0,519,1365,0,2627,1288,640,1149,103,410,0,0,0,1246,30559,208,208,0,105,0,1254,212
 60060,0,31100,1169,848,1904,2379,529,30370,30159,0,0,519,1365,0,2627,1288,640,1149,103,410,0,0,0,1246,30559,208,208,0,105,0,1254,212
 60065,0,31100,1169,848,1904,2379,529,30370,30161,0,0,519,1365,0,2627,1288,640,1149,103,410,0,0,0,1246,30559,208,208,0,105,0,1254,212
 60070,0,31102,1169,848,1904,2379,529,30370,30166,0,0,519,1365,0,2627,1288,640,1149,103,410,0,0,0,1246,30559,208,208,0,105,0,1254,212
 60075,0,31107,1169,848,1904,2379,529,30370,30171,0,0,519,1365,0,2627,1288,640,1149,103,410,0,0,0,1246,30559,208,208,0,105,0,1254,212
 60080,0,31112,1169,848,1904,2379,529,30373,30176,0,0,519,1365,0,2627,1288,640,1149,103,410,0,0,0,1246,30559,208,208,0,105,0,1254,212
 60085,0,31117,1169,848,1904,2379,529,30378,30181,0,0,519,1365,0,2627,1288,640,1149,103,410,0,0,0,1246,30559,208,208,0,105,0,1254,212
 60090,0,31122,1169,848,1904,2379,529,30383,30186,0,0,519,1365,0,2627,1288,640,1149,103,410,0,0,0,1246,30559,208,208,0,105,0,1254,212
 60095,0,31127,1169,848,1904,2379,529,30388,30191,0,0,519,1365,0,2627,1288,640,1149,103,410,0,0,0,1246,30559,208,208,0,105,0,1254,212
 60100,0,31132,1169,848,1904,2379,529,30393,30196,0,0,519,1365,0,2627,1288,640,1149,103,410,0,0,0,1246,30562,208,208,0,105,0,1254,212
 60105,0,31137,1169,848,1904,2379,529,30398,30201,0,0,519,1365,0,2627,1288,640,1149,103,410,0,0,0,1246,30567,208,208,0,105,0,1254,212
 60110,0,31142,1169,848,1904,2379,529,30403,30206,0,0,519,1365,0,2627,1288,640,1149,103,410,0,0,0,1246,30572,208,208,0,105,0,1254,212
 60115,0,31147,1169,848,1904,2379,529,30408,30211,0,0,519,1365,0,2627,1288,640,1149,103,410,0,0,0,1246,30577,208,208,0,105,0,1254,212
 60120,0,31152,1169,848,1904,2379,529,30413,30216,0,0,519,1365,0,2627,1288,640,1149,103,410,0,0,0,1246,30582,208,208,0,105,0,1254,212
 60125,0,31157,1169,848,1904,2379,529,30418,30221,0,0,519,1365,0,2627,1288,640,1149,103,410,0,0,0,1246,30587,208,208,0,105,0,1254,212
 60130,0,31162,1169,848,1904,2379,529,30423,30226,0,0,519,1365,0,2627,1288,640,1149,103,410,0,0,0,1246,30592,208,208,0,105,0,1254,212
 60135,0,31167,1169,848,1904,2379,529,30428,30231,0,0,519,1365,0,2627,1288,640,1149,103,410,0,0,0,1246,30597,208,208,0,105,0,1254,212
 60140,0,31172,1169,848,1904,2379,529,30433,30236,0,0,519,1365,0,2627,1288,640,1149,103,410,0,0,0,1246,30602,208,208,0,105,0,1254,212
 60145,0,31177,1169,848,1904,2379,529,30438,30241,0,0,519,1365,0,2627,1288,640,1149,103,410,0,0,0,1246,30607,208,208,0,105,0,1254,212
 60150,0,31182,1169,848,1904,2379,529,30443,30246,0,0,519,1365,0,2627,1288,640,1149,103,410,0,0,0,1246,30612,208,208,0,105,0,1254,212
 60155,0,31187,1169,848,1904,2379,529,30448,30251,0,0,519,1365,0,2627,1288,640,1149,103,410,0,0,0,1246,30617,208,208,0,105,0,1254,212
 60160,0,31192,1169,848,1904,2379,529,30453,30256,0,0,519,1365,0,2627,1288,640,1149,103,410,0,0,0,1246,30622,208,208,0,105,0,1254,212
 60165,0,31197,1169,848,1904,2379,529,30458,30261,0,0,519,1365,0,2627,1288,640,1149,103,410,0,0,0,1246,30627,208,208,0,105,0,1254,212
 60170,0,31203,1169,848,1904,2379,529,30463,30264,0,0,519,1365,0,2627,1288,640,1149,103,410,0,0,0,1246,30632,208,208,0,105,0,1254,212
 60175,0,31203,1169,848,1904,2379,529,30468,30264,0,0,519,1365,0,2627,1288,640,1149,103,410,0,0,0,1246,30637,208,208,0,105,0,1254,212
 60180,0,31203,1169,848,1904,2379,529,30473,30264,0,0,519,1365,0,2627,1288,640,1149,103,410,0,0,0,1246,30642,208,208,0,105,0,1254,212
 60185,0,31203,1169,848,1904,2379,529,30473,30264,0,0,519,1365,0,2627,1288,640,1149,103,410,0,0,0,1246,30647,208,208,0,105,0,1254,212
 60190,0,31203,1169,848,1904,2379,529,30473,30264,0,0,519,1365,0,2627,1288,640,1149,103,410,0,0,0,1246,30652,208,208,0,105,0,1254,212
 60195,0,31203,1169,848,1904,2379,529,30473,30264,0,0,519,1365,0,2627,1288,640,1149,103,410,0,0,0,1246,30657,208,208,0,105,0,1254,212
 60200,0,31203,1169,848,1904,2379,529,30473,30264,0,0,519,1365,0,2627,1288,640,1149,103,410,0,0,0,1246,30662,208,208,0,105,0,1254,212
 60205,0,31203,1169,848,1904,2379,529,30473,30264,0,0,519,1365,0,2627,1288,640,1149,103,410,0,0,0,1246,30666,208,208,0,105,0,1254,212
 60210,0,31203,1169,848,1904,2379,529,30473,30264,0,0,519,1365,0,2627,1288,640,1149,103,410,0,0,0,1246,30666,208,208,0,105,0,1254,212
 60215,0,31203,1169,848,1904,2379,529,30473,30264,0,0,519,1365,0,2627,1288,640,1149,103,410,0,0,0,1246,30666,208,208,0,105,0,1254,212
 60220,0,31203,1169,848,1904,2379,529,30473,30264,0,0,519,1365,0,2627,1288,640,1149,103,410,0,0,0,1246,30666,208,208,0,105,0,1254,212
 60225,0,31203,1169,848,1904,2379,529,30473,30264,0,0,519,1365,0,2627,1288,640,1149,103,410,0,0,0,1246,30666,208,208,0,105,0,1254,212
 60230,0,31203,1169,848,1904,2379,529,30473,30264,0,0,519,1365,0,2627,1288,640,1149,103,410,0,0,0,1246,30666,208,208,0,105,0,1254,212
 60235,0,31203,1169,848,1904,2379,529,30473,30264,0,0,519,1365,0,2627,1288,640,1149,103,410,0,0,0,1246,30666,208,208,0,105,0,1254,212
 60240,0,31203,1169,848,1904,2379,529,30473,30264,0,0,519,1365,0,2627,1288,640,1149,103,410,0,0,0,1246,30666,208,208,0,105,0,1254,212
 60245,0,31203,1169,848,1904,2379,529,30473,30264,0,0,519,1365,0,2627,1288,640,1149,103,410,0,0,0,1246,30666,208,208,0,105,0,1254,212
 60250,0,31203,1169,848,1904,2379,529,30473,30264,0,0,519,1365,0,2627,1288,640,1149,103,410,0,0,0,1246,30666,208,208,0,105,0,1254,212
 60255,0,31203,1169,848,1904,2379,529,30473,30264,0,0,519,1365,0,2627,1288,640,1149,103,410,0,0,0,1246,30666,208,208,0,105,0,1254,212
 60260,0,31203,1169,848,1904,2379,529,30473,30264,0,0,519,1365,0,2627,1288,640,1149,103,410,0,0,0,1246,30666,208,208,0,105,0,1254,212
 60265,0,31203,1169,848,1904,2379,529,30473,30264,0,0,519,1365,0,2627,1288,640,1149,103,410,0,0,0,1246,30666,208,208,0,105,0,1254,212
 60270,0,31203,1169,848,1904,2379,529,30473,30264,0,0,519,1365,0,2627,1288,640,1149,103,410,0,0,0,1246,30665,208,208,0,105,0,1254,212
 60275,0,31203,1169,848,1904,2379,529,30473,30264,0,0,519,1365,0,2627,1288,640,1149,103,410,0,0,0,1246,30670,208,208,0,105,0,1254,212
 60280,0,31203,1169,848,1904,2379,529,30473,30264,0,0,519,1365,0,2627,1288,640,1149,103,410,0,0,0,1246,30675,208,208,0,105,0,1254,212
 60285,0,31203,1169,848,1904,2379,529,30473,30264,0,0,519,1365,0,2627,1288,640,1149,103,410,0,0,0,1246,30680,208,208,0,105,0,1254,212
 60290,0,31203,1169,848,1904,2379,529,30473,30266,0,0,519,1365,0,2627,1288,640,1149,103,410,0,0,0,1246,30685,208,208,0,105,0,1254,212
 60295,0,31204,1169,848,1904,2379,529,30473,30271,0,0,519,1365,0,2627,1288,640,1149,103,410,0,0,0,1246,30690,208,208,0,105,0,1254,212
 60300,0,31209,1169,848,1904,2379,529,30476,30276,0,0,519,1365,0,2627,1288,640,1149,103,410,0,0,0,1246,30695,208,208,0,105,0,1254,212
 60305,0,31214,1169,848,1904,2379,529,30481,30281,0,0,519,1365,0,2627,1288,640,1149,103,410,0,0,0,1246,30700,208,208,0,105,0,1254,212
 60310,0,31219,1169,848,1904,2379,529,30486,30286,0,0,519,1365,0,2627,1288,640,1149,103,410,0,0,0,1246,30705,208,208,0,105,0,1254,212
 60315,0,31224,1169,848,1904,2379,529,30491,30291,0,0,519,1365,0,2627,1288,640,1149,103,410,0,0,0,1246,30710,208,208,0,105,0,1254,212
 60320,0,31229,1169,848,1904,2379,529,30496,30296,0,0,519,1365,0,2627,1288,640,1149,103,410,0,0,0,1246,30715,208,208,0,105,0,1254,212
 60325,0,31234,1169,848,1904,2379,529,30501,30301,0,0,519,1365,0,2627,1288,640,1149,103,410,0,0,0,1246,30720,208,208,0,105,0,1254,212
 60330,0,31239,1169,848,1904,2379,529,30506,30306,0,0,519,1365,0,2627,1288,640,1149,103,410,0,0,0,1246,30725,208,208,0,105,0,1254,212
 60335,0,31244,1169,848,1904,2379,529,30511,30311,0,0,519,1365,0,2627,1288,640,1149,103,410,0,0,0,1246,30730,208,208,0,105,0,1254,212
 60340,0,31249,1169,848,1904,2379,529,30516,30316,0,0,519,1365,0,2627,1288,640,1149,103,410,0,0,0,1246,30735,208,208,0,105,0,1254,212
 60345,0,31254,1169,848,1904,2379,529,30521,30321,0,0,519,1365,0,2627,1288,640,1149,103,410,0,0,0,1246,30740,208,208,0,105,0,1254,212
 60350,0,31259,1169,848,1904,2379,529,30526,30326,0,0,519,1365,0,2627,1288,640,1149,103,410,0,0,0,1246,30745,208,208,0,105,0,1254,212
 60355,0,31264,1169,848,1904,2379,529,30531,30331,0,0,519,1365,0,2627,1288,640,1149,103,410,0,0,0,1246,30750,208,208,0,105,0,1254,212
 60360,0,31269,1169,848,1904,2379,529,30536,30336,0,0,519,1365,0,2627,1288,640,1149,103,410,0,0,0,1246,30755,208,208,0,105,0,1254,212
 60365,0,31274,1169,848,1904,2379,529,30541,30341,0,0,519,1365,0,2627,1288,640,1149,103,410,0,0,0,1246,30760,208,208,0,105,0,1254,212
 60370,0,31279,1169,848,1904,2379,529,30546,30346,0,0,519,1365,0,2627,1288,640,1149,103,410,0,0,0,1246,30765,208,208,0,105,0,1254,212
 60375,0,31284,1169,848,1904,2379,529,30551,30351,0,0,519,1365,0,2627,1288,640,1149,103,410,0,0,0,1246,30771,208,208,0,105,0,1254,212
 60380,0,31289,1169,848,1904,2379,529,30556,30356,0,0,519,1365,0,2627,1288,640,1149,103,410,0,0,0,1246,30771,208,208,0,105,0,1254,212
 60385,0,31294,1169,848,1904,2379,529,30561,30361,0,0,519,1365,0,2627,1288,640,1149,103,410,0,0,0,1246,30771,208,208,0,105,0,1254,212
 60390,0,31299,1169,848,1904,2379,529,30566,30367,0,0,519,1365,0,2627,1288,640,1149,103,410,0,0,0,1246,30771,208,208,0,105,0,1254,212
 60395,0,31304,1169,848,1904,2379,529,30571,30367,0,0,519,1365,0,2627,1288,640,1149,103,410,0,0,0,1246,30771,208,208,0,105,0,1254,212
 60400,0,31310,1169,848,1904,2379,529,30576,30367,0,0,519,1365,0,2627,1288,640,1149,103,410,0,0,0,1246,30771,208,208,0,105,0,1254,212
 60405,0,31310,1169,848,1904,2379,529,30576,30367,0,0,519,1365,0,2627,1288,640,1149,103,410,0,0,0,1246,30771,208,208,0,105,0,1254,212
 60410,0,31310,1169,848,1904,2379,529,30576,30367,0,0,519,1365,0,2627,1288,640,1149,103,410,0,0,0,1246,30771,208,208,0,105,0,1254,212
 60415,0,31310,1169,848,1904,2379,529,30576,30367,0,0,519,1365,0,2627,1288,640,1149,103,410,0,0,0,1246,30771,208,208,0,105,0,1254,212
 60420,0,31310,1169,848,1904,2379,529,30576,30367,0,0,519,1365,0,2627,1288,640,1149,103,410,0,0,0,1246,30771,208,208,0,105,0,1254,212
 60425,0,31310,1169,848,1904,2379,529,30576,30367,0,0,519,1365,0,2627,1288,640,1149,103,410,0,0,0,1246,30771,208,208,0,105,0,1254,212
 60430,0,31310,1169,848,1904,2379,529,30576,30367,0,0,519,1365,0,2627,1288,640,1149,103,410,0,0,0,1246,30771,208,208,0,105,0,1254,212
 60435,0,31310,1169,848,1904,2379,529,30576,30367,0,0,519,1365,0,2627,1288,640,1149,103,410,0,0,0,1246,30771,208,208,0,105,0,1254,212
 60440,0,31310,1169,848,1904,2379,529,30576,30367,0,0,519,1365,0,2627,1288,640,1149,103,410,0,0,0,1246,30771,208,208,0,105,0,1254,212
 60445,0,31310,1169,848,1904,2379,529,30576,30367,0,0,519,1365,0,2627,1288,640,1149,103,410,0,0,0,1246,30771,208,208,0,105,0,1254,212
 60450,0,31310,1169,848,1904,2379,529,30576,30367,0,0,519,1365,0,2627,1288,640,1149,103,410,0,0,0,1246,30771,208,208,0,105,0,1254,212
 60455,0,31310,1169,848,1904,2379,529,30576,30367,0,0,519,1365,0,2627,1288,640,1149,103,410,0,0,0,1246,30771,208,208,0,105,0,1254,212
 60460,0,31310,1169,848,1904,2379,529,30576,30367,0,0,519,1365,0,2627,1288,640,1149,103,410,0,0,0,1246,30771,208,208,0,105,0,1254,212
 60465,0,31310,1169,848,1904,2379,529,30576,30367,0,0,519,1365,0,2627,1288,640,1149,103,410,0,0,0,1246,30771,208,208,0,105,0,1254,212
 60470,0,31310,1169,848,1904,2379,529,30576,30367,0,0,519,1365,0,2627,1288,640,1149,103,410,0,0,0,1246,30771,208,208,0,105,0,1254,212
 60475,0,31310,1169,848,1904,2379,529,30576,30367,0,0,519,1365,0,2627,1288,640,1149,103,410,0,0,0,1246,30771,208,208,0,105,0,1254,212
 60480,0,31310,1169,848,1904,2379,529,30576,30369,0,0,519,1365,0,2627,1288,640,1149,103,410,0,0,0,1246,30771,208,208,0,105,0,1254,212
 60485,0,31311,1169,848,1904,2379,529,30576,30374,0,0,519,1365,0,2627,1288,640,1149,103,410,0,0,0,1246,30771,208,208,0,105,0,1254,212
 60490,0,31316,1169,848,1904,2379,529,30576,30379,0,0,519,1365,0,2627,1288,640,1149,103,410,0,0,0,1246,30771,208,208,0,105,0,1254,212
 60495,0,31321,1169,848,1904,2379,529,30576,30384,0,0,519,1365,0,2627,1288,640,1149,103,410,0,0,0,1246,30776,208,208,0,105,0,1254,212
 60500,0,31326,1169,848,1904,2379,529,30579,30389,0,0,519,1365,0,2627,1288,640,1149,103,410,0,0,0,1246,30781,208,208,0,105,0,1254,212
 60505,0,31331,1169,848,1904,2379,529,30584,30394,0,0,519,1365,0,2627,1288,640,1149,103,410,0,0,0,1246,30786,208,208,0,105,0,1254,212
 60510,0,31336,1169,848,1904,2379,529,30589,30399,0,0,519,1365,0,2627,1288,640,1149,103,410,0,0,0,1246,30791,208,208,0,105,0,1254,212
 60515,0,31341,1169,848,1904,2379,529,30594,30404,0,0,519,1365,0,2627,1288,640,1149,103,410,0,0,0,1246,30796,208,208,0,105,0,1254,212
 60520,0,31346,1169,848,1904,2379,529,30599,30409,0,0,519,1365,0,2627,1288,640,1149,103,410,0,0,0,1246,30801,208,208,0,105,0,1254,212
 60525,0,31351,1169,848,1904,2379,529,30604,30414,0,0,519,1365,0,2627,1288,640,1149,103,410,0,0,0,1246,30806,208,208,0,105,0,1254,212
 60530,0,31356,1169,848,1904,2379,529,30609,30419,0,0,519,1365,0,2627,1288,640,1149,103,410,0,0,0,1246,30811,208,208,0,105,0,1254,212
 60535,0,31361,1169,848,1904,2379,529,30614,30424,0,0,519,1365,0,2627,1288,640,1149,103,410,0,0,0,1246,30816,208,208,0,105,0,1254,212
 60540,0,31366,1169,848,1904,2379,529,30619,30429,0,0,519,1365,0,2627,1288,640,1149,103,410,0,0,0,1246,30821,208,208,0,105,0,1254,212
 60545,0,31371,1169,848,1904,2379,529,30624,30434,0,0,519,1365,0,2627,1288,640,1149,103,410,0,0,0,1246,30826,208,208,0,105,0,1254,212
 60550,0,31376,1169,848,1904,2379,529,30629,30439,0,0,519,1365,0,2627,1288,640,1149,103,410,0,0,0,1246,30831,208,208,0,105,0,1254,212
 60555,0,31381,1169,848,1904,2379,529,30634,30444,0,0,519,1365,0,2627,1288,640,1149,103,410,0,0,0,1246,30836,208,208,0,105,0,1254,212
 60560,0,31386,1169,848,1904,2379,529,30639,30449,0,0,519,1365,0,2627,1288,640,1149,103,410,0,0,0,1246,30841,208,208,0,105,0,1254,212
 60565,0,31391,1169,848,1904,2379,529,30644,30454,0,0,519,1365,0,2627,1288,640,1149,103,410,0,0,0,1246,30846,208,208,0,105,0,1254,212
 60570,0,31396,1169,848,1904,2379,529,30649,30459,0,0,519,1365,0,2627,1288,640,1149,103,410,0,0,0,1246,30851,208,208,0,105,0,1254,212
 60575,0,31401,1169,848,1904,2379,529,30654,30464,0,0,519,1365,0,2627,1288,640,1149,103,410,0,0,0,1246,30856,208,208,0,105,0,1254,212
 60580,0,31406,1169,848,1904,2379,529,30659,30470,0,0,519,1365,0,2627,1288,640,1149,103,410,0,0,0,1246,30861,208,208,0,105,0,1254,212
 60585,0,31411,1169,848,1904,2379,529,30664,30470,0,0,519,1365,0,2627,1288,640,1149,103,410,0,0,0,1246,30866,208,208,0,105,0,1254,212
 60590,0,31415,1169,848,1904,2379,529,30669,30470,0,0,519,1365,0,2627,1288,640,1149,103,410,0,0,0,1246,30872,208,208,0,105,0,1254,212
 60595,0,31415,1169,848,1904,2379,529,30674,30470,0,0,519,1365,0,2627,1288,640,1149,103,410,0,0,0,1246,30872,208,208,0,105,0,1254,212
 60600,0,31415,1169,848,1904,2379,529,30679,30470,0,0,519,1365,0,2627,1288,640,1149,103,410,0,0,0,1246,30872,208,208,0,105,0,1254,212
 60605,0,31415,1169,848,1904,2379,529,30679,30470,0,0,519,1365,0,2627,1288,640,1149,103,410,0,0,0,1246,30872,208,208,0,105,0,1254,212
 60610,0,31415,1169,848,1904,2379,529,30679,30470,0,0,519,1365,0,2627,1288,640,1149,103,410,0,0,0,1246,30872,208,208,0,105,0,1254,212
 60615,0,31415,1169,848,1904,2379,529,30679,30470,0,0,519,1365,0,2627,1288,640,1149,103,410,0,0,0,1246,30872,208,208,0,105,0,1254,212
 60620,0,31415,1169,848,1904,2379,529,30679,30470,0,0,519,1365,0,2627,1288,640,1149,103,410,0,0,0,1246,30872,208,208,0,105,0,1254,212
 60625,0,31415,1169,848,1904,2379,529,30679,30470,0,0,519,1365,0,2627,1288,640,1149,103,410,0,0,0,1246,30872,208,208,0,105,0,1254,212
 60630,0,31415,1169,848,1904,2379,529,30679,30470,0,0,519,1365,0,2627,1288,640,1149,103,410,0,0,0,1246,30872,208,208,0,105,0,1254,212
 60635,0,31415,1169,848,1904,2379,529,30679,30470,0,0,519,1365,0,2627,1288,640,1149,103,410,0,0,0,1246,30872,208,208,0,105,0,1254,212
 60640,0,31415,1169,848,1904,2379,529,30679,30470,0,0,519,1365,0,2627,1288,640,1149,103,410,0,0,0,1246,30872,208,208,0,105,0,1254,212
 60645,0,31415,1169,848,1904,2379,529,30679,30470,0,0,519,1365,0,2627,1288,640,1149,103,410,0,0,0,1246,30872,208,208,0,105,0,1254,212
 60650,0,31415,1169,848,1904,2379,529,30679,30470,0,0,519,1365,0,2627,1288,640,1149,103,410,0,0,0,1246,30872,208,208,0,105,0,1254,212
 60655,0,31415,1169,848,1904,2379,529,30679,30470,0,0,519,1365,0,2627,1288,640,1149,103,410,0,0,0,1246,30872,208,208,0,105,0,1254,212
 60660,0,31415,1169,848,1904,2379,529,30679,30470,0,0,519,1365,0,2627,1288,640,1149,103,410,0,0,0,1246,30872,208,208,0,105,0,1254,212
 60665,0,31415,1169,848,1904,2379,529,30679,30470,0,0,519,1365,0,2627,1288,640,1149,103,410,0,0,0,1246,30872,208,208,0,105,0,1254,212
 60670,0,31415,1169,848,1904,2379,529,30679,30470,0,0,519,1365,0,2627,1288,640,1149,103,410,0,0,0,1246,30872,208,208,0,105,0,1254,212
 60675,0,31415,1169,848,1904,2379,529,30679,30470,0,0,519,1365,0,2627,1288,640,1149,103,410,0,0,0,1246,30872,208,208,0,105,0,1254,212
 60680,0,31415,1169,848,1904,2379,529,30679,30470,0,0,519,1365,0,2627,1288,640,1149,103,410,0,0,0,1246,30872,208,208,0,105,0,1254,212
 60685,0,31415,1169,848,1904,2379,529,30679,30470,0,0,519,1365,0,2627,1288,640,1149,103,410,0,0,0,1246,30872,208,208,0,105,0,1254,212
 60690,0,31415,1169,848,1904,2379,529,30679,30470,0,0,519,1365,0,2627,1288,640,1149,103,410,0,0,0,1246,30872,208,208,0,105,0,1254,212
 60695,0,31415,1169,848,1904,2379,529,30679,30470,0,0,519,1365,0,2627,1288,640,1149,103,410,0,0,0,1246,30872,208,208,0,105,0,1254,212
 60700,0,31415,1169,848,1904,2379,529,30679,30470,0,0,519,1365,0,2627,1288,640,1149,103,410,0,0,0,1246,30872,208,208,0,105,0,1254,212
 60705,0,31415,1169,848,1904,2379,529,30679,30470,0,0,519,1365,0,2627,1288,640,1149,103,410,0,0,0,1246,30872,208,208,0,105,0,1254,212
 60710,0,31416,1169,848,1904,2379,529,30679,30470,0,0,519,1365,0,2627,1288,640,1149,103,410,0,0,0,1246,30872,208,208,0,105,0,1254,212
 60715,0,31421,1169,848,1904,2379,529,30679,30470,0,0,519,1365,0,2627,1288,640,1149,103,410,0,0,0,1246,30872,208,208,0,105,0,1254,212
 60720,0,31426,1169,848,1904,2379,529,30679,30470,0,0,519,1365,0,2627,1288,640,1149,103,410,0,0,0,1246,30872,208,208,0,105,0,1254,212
 60725,0,31431,1169,848,1904,2379,529,30679,30470,0,0,519,1365,0,2627,1288,640,1149,103,410,0,0,0,1246,30872,208,208,0,105,0,1254,212
 60730,0,31436,1169,848,1904,2379,529,30679,30473,0,0,519,1365,0,2627,1288,640,1149,103,410,0,0,0,1246,30872,208,208,0,105,0,1254,212
 60735,0,31441,1169,848,1904,2379,529,30679,30478,0,0,519,1365,0,2627,1288,640,1149,103,410,0,0,0,1246,30872,208,208,0,105,0,1254,212
 60740,0,31446,1169,848,1904,2379,529,30679,30483,0,0,519,1365,0,2627,1288,640,1149,103,410,0,0,0,1246,30872,208,208,0,105,0,1254,212
 60745,0,31451,1169,848,1904,2379,529,30679,30488,0,0,519,1365,0,2627,1288,640,1149,103,410,0,0,0,1246,30872,208,208,0,105,0,1254,212
 60750,0,31456,1169,848,1904,2379,529,30679,30493,0,0,519,1365,0,2627,1288,640,1149,103,410,0,0,0,1246,30872,208,208,0,105,0,1254,212
 60755,0,31461,1169,848,1904,2379,529,30684,30498,0,0,519,1365,0,2627,1288,640,1149,103,410,0,0,0,1246,30872,208,208,0,105,0,1254,212
 60760,0,31466,1169,848,1904,2379,529,30689,30503,0,0,519,1365,0,2627,1288,640,1149,103,410,0,0,0,1246,30872,208,208,0,105,0,1254,212
 60765,0,31471,1169,848,1904,2379,529,30694,30508,0,0,519,1365,0,2627,1288,640,1149,103,410,0,0,0,1246,30877,208,208,0,105,0,1254,212
 60770,0,31476,1169,848,1904,2379,529,30699,30513,0,0,519,1365,0,2627,1288,640,1149,103,410,0,0,0,1246,30882,208,208,0,105,0,1254,212
 60775,0,31481,1169,848,1904,2379,529,30704,30518,0,0,519,1365,0,2627,1288,640,1149,103,410,0,0,0,1246,30887,208,208,0,105,0,1254,212
 60780,0,31486,1169,848,1904,2379,529,30709,30523,0,0,519,1365,0,2627,1288,640,1149,103,410,0,0,0,1246,30892,208,208,0,105,0,1254,212
 60785,0,31491,1169,848,1904,2379,529,30714,30528,0,0,519,1365,0,2627,1288,640,1149,103,410,0,0,0,1246,30897,208,208,0,105,0,1254,212
 60790,0,31496,1169,848,1904,2379,529,30719,30533,0,0,519,1365,0,2627,1288,640,1149,103,410,0,0,0,1246,30902,208,208,0,105,0,1254,212
 60795,0,31501,1169,848,1904,2379,529,30724,30538,0,0,519,1365,0,2627,1288,640,1149,103,410,0,0,0,1246,30907,208,208,0,105,0,1254,212
 60800,0,31506,1169,848,1904,2379,529,30729,30543,0,0,519,1365,0,2627,1288,640,1149,103,410,0,0,0,1246,30912,208,208,0,105,0,1254,212
 60805,0,31511,1169,848,1904,2379,529,30734,30548,0,0,519,1365,0,2627,1288,640,1149,103,410,0,0,0,1246,30917,208,208,0,105,0,1254,212
 60810,0,31516,1169,848,1904,2379,529,30739,30553,0,0,519,1365,0,2627,1288,640,1149,103,410,0,0,0,1246,30922,208,208,0,105,0,1254,212
 60815,0,31518,1169,848,1904,2379,529,30744,30558,0,0,519,1365,0,2627,1288,640,1149,103,410,0,0,0,1246,30927,208,208,0,105,0,1254,212
 60820,0,31518,1169,848,1904,2379,529,30749,30563,0,0,519,1365,0,2627,1288,640,1149,103,410,0,0,0,1246,30932,208,208,0,105,0,1254,212
 60825,0,31518,1169,848,1904,2379,529,30754,30568,0,0,519,1365,0,2627,1288,640,1149,103,410,0,0,0,1246,30937,208,208,0,105,0,1254,212
 60830,0,31518,1169,848,1904,2379,529,30759,30573,0,0,519,1365,0,2627,1288,640,1149,103,410,0,0,0,1246,30942,208,208,0,105,0,1254,212
 60835,0,31518,1169,848,1904,2379,529,30764,30573,0,0,519,1365,0,2627,1288,640,1149,103,410,0,0,0,1246,30947,208,208,0,105,0,1254,212
 60840,0,31518,1169,848,1904,2379,529,30769,30573,0,0,519,1365,0,2627,1288,640,1149,103,410,0,0,0,1246,30952,208,208,0,105,0,1254,212
 60845,0,31518,1169,848,1904,2379,529,30774,30573,0,0,519,1365,0,2627,1288,640,1149,103,410,0,0,0,1246,30957,208,208,0,105,0,1254,212
 60850,0,31518,1169,848,1904,2379,529,30779,30573,0,0,519,1365,0,2627,1288,640,1149,103,410,0,0,0,1246,30962,208,208,0,105,0,1254,212
 60855,0,31518,1169,848,1904,2379,529,30784,30573,0,0,519,1365,0,2627,1288,640,1149,103,410,0,0,0,1246,30967,208,208,0,105,0,1254,212
 60860,0,31518,1169,848,1904,2379,529,30786,30573,0,0,519,1365,0,2627,1288,640,1149,103,410,0,0,0,1246,30973,208,208,0,105,0,1254,212
 60865,0,31518,1169,848,1904,2379,529,30786,30573,0,0,519,1365,0,2627,1288,640,1149,103,410,0,0,0,1246,30973,208,208,0,105,0,1254,212
 60870,0,31518,1169,848,1904,2379,529,30786,30573,0,0,519,1365,0,2627,1288,640,1149,103,410,0,0,0,1246,30973,208,208,0,105,0,1254,212
 60875,0,31518,1169,848,1904,2379,529,30786,30573,0,0,519,1365,0,2627,1288,640,1149,103,410,0,0,0,1246,30973,208,208,0,105,0,1254,212
 60880,0,31518,1169,848,1904,2379,529,30786,30573,0,0,519,1365,0,2627,1288,640,1149,103,410,0,0,0,1246,30973,208,208,0,105,0,1254,212
 60885,0,31518,1169,848,1904,2379,529,30786,30573,0,0,519,1365,0,2627,1288,640,1149,103,410,0,0,0,1246,30973,208,208,0,105,0,1254,212
 60890,0,31518,1169,848,1904,2379,529,30786,30573,0,0,519,1365,0,2627,1288,640,1149,103,410,0,0,0,1246,30973,208,208,0,105,0,1254,212
 60895,0,31518,1169,848,1904,2379,529,30786,30573,0,0,519,1365,0,2627,1288,640,1149,103,410,0,0,0,1246,30973,208,208,0,105,0,1254,212
 60900,0,31518,1169,848,1904,2379,529,30786,30573,0,0,519,1365,0,2627,1288,640,1149,103,410,0,0,0,1246,30973,208,208,0,105,0,1254,212
 60905,0,31518,1169,848,1904,2379,529,30786,30573,0,0,519,1365,0,2627,1288,640,1149,103,410,0,0,0,1246,30973,208,208,0,105,0,1254,212
 60910,0,31518,1169,848,1904,2379,529,30786,30573,0,0,519,1365,0,2627,1288,640,1149,103,410,0,0,0,1246,30973,208,208,0,105,0,1254,212
 60915,0,31518,1169,848,1904,2379,529,30786,30573,0,0,519,1365,0,2627,1288,640,1149,103,410,0,0,0,1246,30973,208,208,0,105,0,1254,212
 60920,0,31518,1169,848,1904,2379,529,30786,30573,0,0,519,1365,0,2627,1288,640,1149,103,410,0,0,0,1246,30973,208,208,0,105,0,1254,212
 60925,0,31518,1169,848,1904,2379,529,30786,30573,0,0,519,1365,0,2627,1288,640,1149,103,410,0,0,0,1246,30973,208,208,0,105,0,1254,212
 60930,0,31518,1169,848,1904,2379,529,30786,30573,0,0,519,1365,0,2627,1288,640,1149,103,410,0,0,0,1246,30973,208,208,0,105,0,1254,212
 60935,0,31518,1169,848,1904,2379,529,30786,30573,0,0,519,1365,0,2627,1288,640,1149,103,410,0,0,0,1246,30973,208,208,0,105,0,1254,212
 60940,0,31518,1169,848,1904,2379,529,30786,30573,0,0,519,1365,0,2627,1288,640,1149,103,410,0,0,0,1246,30973,208,208,0,105,0,1254,212
 60945,0,31518,1169,848,1904,2379,529,30786,30573,0,0,519,1365,0,2627,1288,640,1149,103,410,0,0,0,1246,30972,208,208,0,105,0,1254,212
 60950,0,31518,1169,848,1904,2379,529,30786,30573,0,0,519,1365,0,2627,1288,640,1149,103,410,0,0,0,1246,30977,208,208,0,105,0,1254,212
 60955,0,31518,1169,848,1904,2379,529,30786,30573,0,0,519,1365,0,2627,1288,640,1149,103,410,0,0,0,1246,30982,208,208,0,105,0,1254,212
 60960,0,31518,1169,848,1904,2379,529,30786,30573,0,0,519,1365,0,2627,1288,640,1149,103,410,0,0,0,1246,30987,208,208,0,105,0,1254,212
 60965,0,31518,1169,848,1904,2379,529,30786,30573,0,0,519,1365,0,2627,1288,640,1149,103,410,0,0,0,1246,30992,208,208,0,105,0,1254,212
 60970,0,31518,1169,848,1904,2379,529,30789,30573,0,0,519,1365,0,2627,1288,640,1149,103,410,0,0,0,1246,30997,208,208,0,105,0,1254,212
 60975,0,31518,1169,848,1904,2379,529,30794,30573,0,0,519,1365,0,2627,1288,640,1149,103,410,0,0,0,1246,31002,208,208,0,105,0,1254,212
 60980,0,31518,1169,848,1904,2379,529,30799,30573,0,0,519,1365,0,2627,1288,640,1149,103,410,0,0,0,1246,31007,208,208,0,105,0,1254,212
 60985,0,31518,1169,848,1904,2379,529,30804,30573,0,0,519,1365,0,2627,1288,640,1149,103,410,0,0,0,1246,31012,208,208,0,105,0,1254,212
 60990,0,31518,1169,848,1904,2379,529,30809,30573,0,0,519,1365,0,2627,1288,640,1149,103,410,0,0,0,1246,31017,208,208,0,105,0,1254,212
 60995,0,31518,1169,848,1904,2379,529,30814,30574,0,0,519,1365,0,2627,1288,640,1149,103,410,0,0,0,1246,31022,208,208,0,105,0,1254,212
 61000,0,31518,1169,848,1904,2379,529,30819,30579,0,0,519,1365,0,2627,1288,640,1149,103,410,0,0,0,1246,31027,208,208,0,105,0,1254,212
 61005,0,31518,1169,848,1904,2379,529,30824,30584,0,0,519,1365,0,2627,1288,640,1149,103,410,0,0,0,1246,31032,208,208,0,105,0,1254,212
 61010,0,31518,1169,848,1904,2379,529,30829,30589,0,0,519,1365,0,2627,1288,640,1149,103,410,0,0,0,1246,31037,208,208,0,105,0,1254,212
 61015,0,31518,1169,848,1904,2379,529,30834,30594,0,0,519,1365,0,2627,1288,640,1149,103,410,0,0,0,1246,31042,208,208,0,105,0,1254,212
 61020,0,31518,1169,848,1904,2379,529,30839,30599,0,0,519,1365,0,2627,1288,640,1149,103,410,0,0,0,1246,31047,208,208,0,105,0,1254,212
 61025,0,31518,1169,848,1904,2379,529,30844,30604,0,0,519,1365,0,2627,1288,640,1149,103,410,0,0,0,1246,31052,208,208,0,105,0,1254,212
 61030,0,31518,1169,848,1904,2379,529,30849,30609,0,0,519,1365,0,2627,1288,640,1149,103,410,0,0,0,1246,31057,208,208,0,105,0,1254,212
 61035,0,31518,1169,848,1904,2379,529,30854,30614,0,0,519,1365,0,2627,1288,640,1149,103,410,0,0,0,1246,31062,208,208,0,105,0,1254,212
 61040,0,31518,1169,848,1904,2379,529,30859,30619,0,0,519,1365,0,2627,1288,640,1149,103,410,0,0,0,1246,31067,208,208,0,105,0,1254,212
 61045,0,31518,1169,848,1904,2379,529,30864,30624,0,0,519,1365,0,2627,1288,640,1149,103,410,0,0,0,1246,31072,208,208,0,105,0,1254,212
 61050,0,31518,1169,848,1904,2379,529,30869,30629,0,0,519,1365,0,2627,1288,640,1149,103,410,0,0,0,1246,31078,208,208,0,105,0,1254,212
 61055,0,31518,1169,848,1904,2379,529,30874,30634,0,0,519,1365,0,2627,1288,640,1149,103,410,0,0,0,1246,31078,208,208,0,105,0,1254,212
 61060,0,31518,1169,848,1904,2379,529,30879,30639,0,0,519,1365,0,2627,1288,640,1149,103,410,0,0,0,1246,31078,208,208,0,105,0,1254,212
 61065,0,31518,1169,848,1904,2379,529,30884,30644,0,0,519,1365,0,2627,1288,640,1149,103,410,0,0,0,1246,31078,208,208,0,105,0,1254,212
 61070,0,31518,1169,848,1904,2379,529,30889,30649,0,0,519,1365,0,2627,1288,640,1149,103,410,0,0,0,1246,31078,208,208,0,105,0,1254,212
 61075,0,31518,1169,848,1904,2379,529,30893,30654,0,0,519,1365,0,2627,1288,640,1149,103,410,0,0,0,1246,31078,208,208,0,105,0,1254,212
 61080,0,31518,1169,848,1904,2379,529,30893,30659,0,0,519,1365,0,2627,1288,640,1149,103,410,0,0,0,1246,31078,208,208,0,105,0,1254,212
 61085,0,31518,1169,848,1904,2379,529,30893,30664,0,0,519,1365,0,2627,1288,640,1149,103,410,0,0,0,1246,31078,208,208,0,105,0,1254,212
 61090,0,31518,1169,848,1904,2379,529,30893,30669,0,0,519,1365,0,2627,1288,640,1149,103,410,0,0,0,1246,31078,208,208,0,105,0,1254,212
 61095,0,31518,1169,848,1904,2379,529,30893,30674,0,0,519,1365,0,2627,1288,640,1149,103,410,0,0,0,1246,31078,208,208,0,105,0,1254,212
 61100,0,31520,1169,848,1904,2379,529,30893,30676,0,0,519,1365,0,2627,1288,640,1149,103,410,0,0,0,1246,31078,208,208,0,105,0,1254,212
 61105,0,31525,1169,848,1904,2379,529,30893,30676,0,0,519,1365,0,2627,1288,640,1149,103,410,0,0,0,1246,31078,208,208,0,105,0,1254,212
 61110,0,31530,1169,848,1904,2379,529,30893,30676,0,0,519,1365,0,2627,1288,640,1149,103,410,0,0,0,1246,31078,208,208,0,105,0,1254,212
 61115,0,31535,1169,848,1904,2379,529,30893,30676,0,0,519,1365,0,2627,1288,640,1149,103,410,0,0,0,1246,31078,208,208,0,105,0,1254,212
 61120,0,31540,1169,848,1904,2379,529,30893,30676,0,0,519,1365,0,2627,1288,640,1149,103,410,0,0,0,1246,31078,208,208,0,105,0,1254,212
 61125,0,31545,1169,848,1904,2379,529,30893,30676,0,0,519,1365,0,2627,1288,640,1149,103,410,0,0,0,1246,31078,208,208,0,105,0,1254,212
 61130,0,31550,1169,848,1904,2379,529,30893,30676,0,0,519,1365,0,2627,1288,640,1149,103,410,0,0,0,1246,31078,208,208,0,105,0,1254,212
 61135,0,31555,1169,848,1904,2379,529,30893,30676,0,0,519,1365,0,2627,1288,640,1149,103,410,0,0,0,1246,31077,208,208,0,105,0,1254,212
 61140,0,31560,1169,848,1904,2379,529,30893,30676,0,0,519,1365,0,2627,1288,640,1149,103,410,0,0,0,1246,31082,208,208,0,105,0,1254,212
 61145,0,31565,1169,848,1904,2379,529,30893,30676,0,0,519,1365,0,2627,1288,640,1149,103,410,0,0,0,1246,31087,208,208,0,105,0,1254,212
 61150,0,31570,1169,848,1904,2379,529,30893,30676,0,0,519,1365,0,2627,1288,640,1149,103,410,0,0,0,1246,31092,208,208,0,105,0,1254,212
 61155,0,31575,1169,848,1904,2379,529,30893,30676,0,0,519,1365,0,2627,1288,640,1149,103,410,0,0,0,1246,31097,208,208,0,105,0,1254,212
 61160,0,31580,1169,848,1904,2379,529,30893,30681,0,0,519,1365,0,2627,1288,640,1149,103,410,0,0,0,1246,31102,208,208,0,105,0,1254,212
 61165,0,31585,1169,848,1904,2379,529,30893,30686,0,0,519,1365,0,2627,1288,640,1149,103,410,0,0,0,1246,31107,208,208,0,105,0,1254,212
 61170,0,31590,1169,848,1904,2379,529,30893,30691,0,0,519,1365,0,2627,1288,640,1149,103,410,0,0,0,1246,31112,208,208,0,105,0,1254,212
 61175,0,31595,1169,848,1904,2379,529,30893,30696,0,0,519,1365,0,2627,1288,640,1149,103,410,0,0,0,1246,31117,208,208,0,105,0,1254,212
 61180,0,31600,1169,848,1904,2379,529,30893,30701,0,0,519,1365,0,2627,1288,640,1149,103,410,0,0,0,1246,31122,208,208,0,105,0,1254,212
 61185,0,31605,1169,848,1904,2379,529,30893,30706,0,0,519,1365,0,2627,1288,640,1149,103,410,0,0,0,1246,31127,208,208,0,105,0,1254,212
 61190,0,31610,1169,848,1904,2379,529,30893,30711,0,0,519,1365,0,2627,1288,640,1149,103,410,0,0,0,1246,31132,208,208,0,105,0,1254,212
 61195,0,31615,1169,848,1904,2379,529,30893,30716,0,0,519,1365,0,2627,1288,640,1149,103,410,0,0,0,1246,31137,208,208,0,105,0,1254,212
 61200,0,31621,1169,848,1904,2379,529,30893,30721,0,0,519,1365,0,2627,1288,640,1149,103,410,0,0,0,1246,31142,208,208,0,105,0,1254,212
 61205,0,31621,1169,848,1904,2379,529,30893,30726,0,0,519,1365,0,2627,1288,640,1149,103,410,0,0,0,1246,31147,208,208,0,105,0,1254,212
 61210,0,31621,1169,848,1904,2379,529,30893,30731,0,0,519,1365,0,2627,1288,640,1149,103,410,0,0,0,1246,31152,208,208,0,105,0,1254,212
 61215,0,31621,1169,848,1904,2379,529,30898,30736,0,0,519,1365,0,2627,1288,640,1149,103,410,0,0,0,1246,31157,208,208,0,105,0,1254,212
 61220,0,31621,1169,848,1904,2379,529,30903,30741,0,0,519,1365,0,2627,1288,640,1149,103,410,0,0,0,1246,31162,208,208,0,105,0,1254,212
 61225,0,31621,1169,848,1904,2379,529,30908,30746,0,0,519,1365,0,2627,1288,640,1149,103,410,0,0,0,1246,31167,208,208,0,105,0,1254,212
 61230,0,31621,1169,848,1904,2379,529,30913,30751,0,0,519,1365,0,2627,1288,640,1149,103,410,0,0,0,1246,31172,208,208,0,105,0,1254,212
 61235,0,31621,1169,848,1904,2379,529,30918,30756,0,0,519,1365,0,2627,1288,640,1149,103,410,0,0,0,1246,31177,208,208,0,105,0,1254,212
 61240,0,31621,1169,848,1904,2379,529,30923,30761,0,0,519,1365,0,2627,1288,640,1149,103,410,0,0,0,1246,31181,208,208,0,105,0,1254,212
 61245,0,31621,1169,848,1904,2379,529,30928,30766,0,0,519,1365,0,2627,1288,640,1149,103,410,0,0,0,1246,31181,208,208,0,105,0,1254,212
 61250,0,31621,1169,848,1904,2379,529,30933,30771,0,0,519,1365,0,2627,1288,640,1149,103,410,0,0,0,1246,31181,208,208,0,105,0,1254,212
 61255,0,31621,1169,848,1904,2379,529,30938,30776,0,0,519,1365,0,2627,1288,640,1149,103,410,0,0,0,1246,31181,208,208,0,105,0,1254,212
 61260,0,31621,1169,848,1904,2379,529,30943,30781,0,0,519,1365,0,2627,1288,640,1149,103,410,0,0,0,1246,31181,208,208,0,105,0,1254,212
 61265,0,31621,1169,848,1904,2379,529,30948,30781,0,0,519,1365,0,2627,1288,640,1149,103,410,0,0,0,1246,31181,208,208,0,105,0,1254,212
 61270,0,31621,1169,848,1904,2379,529,30953,30781,0,0,519,1365,0,2627,1288,640,1149,103,410,0,0,0,1246,31181,208,208,0,105,0,1254,212
 61275,0,31621,1169,848,1904,2379,529,30958,30781,0,0,519,1365,0,2627,1288,640,1149,103,410,0,0,0,1246,31181,208,208,0,105,0,1254,212
 61280,0,31621,1169,848,1904,2379,529,30963,30781,0,0,519,1365,0,2627,1288,640,1149,103,410,0,0,0,1246,31181,208,208,0,105,0,1254,212
 61285,0,31621,1169,848,1904,2379,529,30968,30781,0,0,519,1365,0,2627,1288,640,1149,103,410,0,0,0,1246,31181,208,208,0,105,0,1254,212
 61290,0,31621,1169,848,1904,2379,529,30973,30781,0,0,519,1365,0,2627,1288,640,1149,103,410,0,0,0,1246,31181,208,208,0,105,0,1254,212
 61295,0,31621,1169,848,1904,2379,529,30978,30781,0,0,519,1365,0,2627,1288,640,1149,103,410,0,0,0,1246,31181,208,208,0,105,0,1254,212
 61300,0,31621,1169,848,1904,2379,529,30983,30781,0,0,519,1365,0,2627,1288,640,1149,103,410,0,0,0,1246,31181,208,208,0,105,0,1254,212
 61305,0,31621,1169,848,1904,2379,529,30988,30781,0,0,519,1365,0,2627,1288,640,1149,103,410,0,0,0,1246,31181,208,208,0,105,0,1254,212
 61310,0,31621,1169,848,1904,2379,529,30993,30781,0,0,519,1365,0,2627,1288,640,1149,103,410,0,0,0,1246,31181,208,208,0,105,0,1254,212
 61315,0,31621,1169,848,1904,2379,529,30998,30781,0,0,519,1365,0,2627,1288,640,1149,103,410,0,0,0,1246,31181,208,208,0,105,0,1254,212
 61320,0,31621,1169,848,1904,2379,529,30998,30781,0,0,519,1365,0,2627,1288,640,1149,103,410,0,0,0,1246,31181,208,208,0,105,0,1254,212
 61325,0,31621,1169,848,1904,2379,529,30998,30781,0,0,519,1365,0,2627,1288,640,1149,103,410,0,0,0,1246,31181,208,208,0,105,0,1254,212
 61330,0,31621,1169,848,1904,2379,529,30998,30781,0,0,519,1365,0,2627,1288,640,1149,103,410,0,0,0,1246,31181,208,208,0,105,0,1254,212
 61335,0,31621,1169,848,1904,2379,529,30998,30781,0,0,519,1365,0,2627,1288,640,1149,103,410,0,0,0,1246,31181,208,208,0,105,0,1254,212
 61340,0,31621,1169,848,1904,2379,529,30998,30781,0,0,519,1365,0,2627,1288,640,1149,103,410,0,0,0,1246,31181,208,208,0,105,0,1254,212
 61345,0,31621,1169,848,1904,2379,529,30998,30781,0,0,519,1365,0,2627,1288,640,1149,103,410,0,0,0,1246,31181,208,208,0,105,0,1254,212
 61350,0,31621,1169,848,1904,2379,529,30998,30783,0,0,519,1365,0,2627,1288,640,1149,103,410,0,0,0,1246,31181,208,208,0,105,0,1254,212
 61355,0,31621,1169,848,1904,2379,529,30998,30788,0,0,519,1365,0,2627,1288,640,1149,103,410,0,0,0,1246,31186,208,208,0,105,0,1254,212
 61360,0,31620,1169,848,1904,2379,529,30998,30793,0,0,519,1365,0,2627,1288,640,1149,103,410,0,0,0,1246,31191,208,208,0,105,0,1254,212
 61365,0,31625,1169,848,1904,2379,529,30998,30798,0,0,519,1365,0,2627,1288,640,1149,103,410,0,0,0,1246,31196,208,208,0,105,0,1254,212
 61370,0,31630,1169,848,1904,2379,529,30998,30803,0,0,519,1365,0,2627,1288,640,1149,103,410,0,0,0,1246,31201,208,208,0,105,0,1254,212
 61375,0,31635,1169,848,1904,2379,529,30998,30808,0,0,519,1365,0,2627,1288,640,1149,103,410,0,0,0,1246,31206,208,208,0,105,0,1254,212
 61380,0,31640,1169,848,1904,2379,529,30999,30813,0,0,519,1365,0,2627,1288,640,1149,103,410,0,0,0,1246,31211,208,208,0,105,0,1254,212
 61385,0,31645,1169,848,1904,2379,529,31004,30818,0,0,519,1365,0,2627,1288,640,1149,103,410,0,0,0,1246,31216,208,208,0,105,0,1254,212
 61390,0,31650,1169,848,1904,2379,529,31009,30823,0,0,519,1365,0,2627,1288,640,1149,103,410,0,0,0,1246,31221,208,208,0,105,0,1254,212
 61395,0,31655,1169,848,1904,2379,529,31014,30828,0,0,519,1365,0,2627,1288,640,1149,103,410,0,0,0,1246,31226,208,208,0,105,0,1254,212
 61400,0,31660,1169,848,1904,2379,529,31019,30833,0,0,519,1365,0,2627,1288,640,1149,103,410,0,0,0,1246,31231,208,208,0,105,0,1254,212
 61405,0,31665,1169,848,1904,2379,529,31024,30838,0,0,519,1365,0,2627,1288,640,1149,103,410,0,0,0,1246,31236,208,208,0,105,0,1254,212
 61410,0,31670,1169,848,1904,2379,529,31029,30843,0,0,519,1365,0,2627,1288,640,1149,103,410,0,0,0,1246,31241,208,208,0,105,0,1254,212
 61415,0,31675,1169,848,1904,2379,529,31034,30848,0,0,519,1365,0,2627,1288,640,1149,103,410,0,0,0,1246,31246,208,208,0,105,0,1254,212
 61420,0,31680,1169,848,1904,2379,529,31039,30853,0,0,519,1365,0,2627,1288,640,1149,103,410,0,0,0,1246,31251,208,208,0,105,0,1254,212
 61425,0,31685,1169,848,1904,2379,529,31044,30858,0,0,519,1365,0,2627,1288,640,1149,103,410,0,0,0,1246,31256,208,208,0,105,0,1254,212
 61430,0,31690,1169,848,1904,2379,529,31049,30863,0,0,519,1365,0,2627,1288,640,1149,103,410,0,0,0,1246,31261,208,208,0,105,0,1254,212
 61435,0,31695,1169,848,1904,2379,529,31054,30868,0,0,519,1365,0,2627,1288,640,1149,103,410,0,0,0,1246,31266,208,208,0,105,0,1254,212
 61440,0,31700,1169,848,1904,2379,529,31059,30873,0,0,519,1365,0,2627,1288,640,1149,103,410,0,0,0,1246,31271,208,208,0,105,0,1254,212
 61445,0,31705,1169,848,1904,2379,529,31064,30878,0,0,519,1365,0,2627,1288,640,1149,103,410,0,0,0,1246,31276,208,208,0,105,0,1254,212
 61450,0,31710,1169,848,1904,2379,529,31069,30883,0,0,519,1365,0,2627,1288,640,1149,103,410,0,0,0,1246,31281,208,208,0,105,0,1254,212
 61455,0,31715,1169,848,1904,2379,529,31074,30886,0,0,519,1365,0,2627,1288,640,1149,103,410,0,0,0,1246,31286,208,208,0,105,0,1254,212
 61460,0,31720,1169,848,1904,2379,529,31079,30886,0,0,519,1365,0,2627,1288,640,1149,103,410,0,0,0,1246,31286,208,208,0,105,0,1254,212
 61465,0,31722,1169,848,1904,2379,529,31084,30886,0,0,519,1365,0,2627,1288,640,1149,103,410,0,0,0,1246,31286,208,208,0,105,0,1254,212
 61470,0,31722,1169,848,1904,2379,529,31089,30886,0,0,519,1365,0,2627,1288,640,1149,103,410,0,0,0,1246,31286,208,208,0,105,0,1254,212
 61475,0,31722,1169,848,1904,2379,529,31094,30886,0,0,519,1365,0,2627,1288,640,1149,103,410,0,0,0,1246,31286,208,208,0,105,0,1254,212
 61480,0,31722,1169,848,1904,2379,529,31099,30886,0,0,519,1365,0,2627,1288,640,1149,103,410,0,0,0,1246,31286,208,208,0,105,0,1254,212
 61485,0,31722,1169,848,1904,2379,529,31103,30886,0,0,519,1365,0,2627,1288,640,1149,103,410,0,0,0,1246,31286,208,208,0,105,0,1254,212
 61490,0,31722,1169,848,1904,2379,529,31103,30886,0,0,519,1365,0,2627,1288,640,1149,103,410,0,0,0,1246,31286,208,208,0,105,0,1254,212
 61495,0,31722,1169,848,1904,2379,529,31103,30886,0,0,519,1365,0,2627,1288,640,1149,103,410,0,0,0,1246,31286,208,208,0,105,0,1254,212
 61500,0,31722,1169,848,1904,2379,529,31103,30886,0,0,519,1365,0,2627,1288,640,1149,103,410,0,0,0,1246,31286,208,208,0,105,0,1254,212
 61505,0,31722,1169,848,1904,2379,529,31103,30886,0,0,519,1365,0,2627,1288,640,1149,103,410,0,0,0,1246,31286,208,208,0,105,0,1254,212
 61510,0,31722,1169,848,1904,2379,529,31103,30886,0,0,519,1365,0,2627,1288,640,1149,103,410,0,0,0,1246,31286,208,208,0,105,0,1254,212
 61515,0,31722,1169,848,1904,2379,529,31103,30886,0,0,519,1365,0,2627,1288,640,1149,103,410,0,0,0,1246,31286,208,208,0,105,0,1254,212
 61520,0,31722,1169,848,1904,2379,529,31103,30886,0,0,519,1365,0,2627,1288,640,1149,103,410,0,0,0,1246,31286,208,208,0,105,0,1254,212
 61525,0,31722,1169,848,1904,2379,529,31103,30886,0,0,519,1365,0,2627,1288,640,1149,103,410,0,0,0,1246,31286,208,208,0,105,0,1254,212
 61530,0,31722,1169,848,1904,2379,529,31103,30886,0,0,519,1365,0,2627,1288,640,1149,103,410,0,0,0,1246,31286,208,208,0,105,0,1254,212
 61535,0,31722,1169,848,1904,2379,529,31103,30886,0,0,519,1365,0,2627,1288,640,1149,103,410,0,0,0,1246,31286,208,208,0,105,0,1254,212
 61540,0,31722,1169,848,1904,2379,529,31103,30886,0,0,519,1365,0,2627,1288,640,1149,103,410,0,0,0,1246,31286,208,208,0,105,0,1254,212
 61545,0,31722,1169,848,1904,2379,529,31103,30886,0,0,519,1365,0,2627,1288,640,1149,103,410,0,0,0,1246,31286,208,208,0,105,0,1254,212
 61550,0,31722,1169,848,1904,2379,529,31103,30886,0,0,519,1365,0,2627,1288,640,1149,103,410,0,0,0,1246,31286,208,208,0,105,0,1254,212
 61555,0,31722,1169,848,1904,2379,529,31103,30886,0,0,519,1365,0,2627,1288,640,1149,103,410,0,0,0,1246,31286,208,208,0,105,0,1254,212
 61560,0,31722,1169,848,1904,2379,529,31103,30886,0,0,519,1365,0,2627,1288,640,1149,103,410,0,0,0,1246,31286,208,208,0,105,0,1254,212
 61565,0,31722,1169,848,1904,2379,529,31103,30886,0,0,519,1365,0,2627,1288,640,1149,103,410,0,0,0,1246,31286,208,208,0,105,0,1254,212
 61570,0,31722,1169,848,1904,2379,529,31103,30886,0,0,519,1365,0,2627,1288,640,1149,103,410,0,0,0,1246,31286,208,208,0,105,0,1254,212
 61575,0,31722,1169,848,1904,2379,529,31103,30886,0,0,519,1365,0,2627,1288,640,1149,103,410,0,0,0,1246,31289,208,208,0,105,0,1254,212
 61580,0,31723,1169,848,1904,2379,529,31103,30886,0,0,519,1365,0,2627,1288,640,1149,103,410,0,0,0,1246,31294,208,208,0,105,0,1254,212
 61585,0,31728,1169,848,1904,2379,529,31103,30886,0,0,519,1365,0,2627,1288,640,1149,103,410,0,0,0,1246,31299,208,208,0,105,0,1254,212
 61590,0,31733,1169,848,1904,2379,529,31103,30886,0,0,519,1365,0,2627,1288,640,1149,103,410,0,0,0,1246,31304,208,208,0,105,0,1254,212
 61595,0,31738,1169,848,1904,2379,529,31103,30886,0,0,519,1365,0,2627,1288,640,1149,103,410,0,0,0,1246,31309,208,208,0,105,0,1254,212
 61600,0,31743,1169,848,1904,2379,529,31103,30886,0,0,519,1365,0,2627,1288,640,1149,103,410,0,0,0,1246,31314,208,208,0,105,0,1254,212
 61605,0,31748,1169,848,1904,2379,529,31103,30886,0,0,519,1365,0,2627,1288,640,1149,103,410,0,0,0,1246,31319,208,208,0,105,0,1254,212
 61610,0,31753,1169,848,1904,2379,529,31103,30886,0,0,519,1365,0,2627,1288,640,1149,103,410,0,0,0,1246,31324,208,208,0,105,0,1254,212
 61615,0,31758,1169,848,1904,2379,529,31103,30886,0,0,519,1365,0,2627,1288,640,1149,103,410,0,0,0,1246,31329,208,208,0,105,0,1254,212
 61620,0,31763,1169,848,1904,2379,529,31103,30891,0,0,519,1365,0,2627,1288,640,1149,103,410,0,0,0,1246,31334,208,208,0,105,0,1254,212
 61625,0,31768,1169,848,1904,2379,529,31103,30896,0,0,519,1365,0,2627,1288,640,1149,103,410,0,0,0,1246,31339,208,208,0,105,0,1254,212
 61630,0,31773,1169,848,1904,2379,529,31103,30901,0,0,519,1365,0,2627,1288,640,1149,103,410,0,0,0,1246,31344,208,208,0,105,0,1254,212
 61635,0,31778,1169,848,1904,2379,529,31103,30906,0,0,519,1365,0,2627,1288,640,1149,103,410,0,0,0,1246,31349,208,208,0,105,0,1254,212
 61640,0,31783,1169,848,1904,2379,529,31103,30911,0,0,519,1365,0,2627,1288,640,1149,103,410,0,0,0,1246,31354,208,208,0,105,0,1254,212
 61645,0,31788,1169,848,1904,2379,529,31103,30916,0,0,519,1365,0,2627,1288,640,1149,103,410,0,0,0,1246,31359,208,208,0,105,0,1254,212
 61650,0,31793,1169,848,1904,2379,529,31103,30921,0,0,519,1365,0,2627,1288,640,1149,103,410,0,0,0,1246,31364,208,208,0,105,0,1254,212
 61655,0,31798,1169,848,1904,2379,529,31103,30926,0,0,519,1365,0,2627,1288,640,1149,103,410,0,0,0,1246,31369,208,208,0,105,0,1254,212
 61660,0,31803,1169,848,1904,2379,529,31106,30931,0,0,519,1365,0,2627,1288,640,1149,103,410,0,0,0,1246,31374,208,208,0,105,0,1254,212
 61665,0,31808,1169,848,1904,2379,529,31111,30936,0,0,519,1365,0,2627,1288,640,1149,103,410,0,0,0,1246,31379,208,208,0,105,0,1254,212
 61670,0,31813,1169,848,1904,2379,529,31116,30941,0,0,519,1365,0,2627,1288,640,1149,103,410,0,0,0,1246,31384,208,208,0,105,0,1254,212
 61675,0,31818,1169,848,1904,2379,529,31121,30946,0,0,519,1365,0,2627,1288,640,1149,103,410,0,0,0,1246,31389,208,208,0,105,0,1254,212
 61680,0,31823,1169,848,1904,2379,529,31126,30951,0,0,519,1365,0,2627,1288,640,1149,103,410,0,0,0,1246,31389,208,208,0,105,0,1254,212
 61685,0,31825,1169,848,1904,2379,529,31131,30956,0,0,519,1365,0,2627,1288,640,1149,103,410,0,0,0,1246,31389,208,208,0,105,0,1254,212
 61690,0,31825,1169,848,1904,2379,529,31136,30961,0,0,519,1365,0,2627,1288,640,1149,103,410,0,0,0,1246,31389,208,208,0,105,0,1254,212
 61695,0,31825,1169,848,1904,2379,529,31141,30966,0,0,519,1365,0,2627,1288,640,1149,103,410,0,0,0,1246,31389,208,208,0,105,0,1254,212
 61700,0,31825,1169,848,1904,2379,529,31146,30971,0,0,519,1365,0,2627,1288,640,1149,103,410,0,0,0,1246,31389,208,208,0,105,0,1254,212
 61705,0,31825,1169,848,1904,2379,529,31151,30976,0,0,519,1365,0,2627,1288,640,1149,103,410,0,0,0,1246,31389,208,208,0,105,0,1254,212
 61710,0,31825,1169,848,1904,2379,529,31156,30981,0,0,519,1365,0,2627,1288,640,1149,103,410,0,0,0,1246,31389,208,208,0,105,0,1254,212
 61715,0,31825,1169,848,1904,2379,529,31161,30986,0,0,519,1365,0,2627,1288,640,1149,103,410,0,0,0,1246,31389,208,208,0,105,0,1254,212
 61720,0,31825,1169,848,1904,2379,529,31166,30989,0,0,519,1365,0,2627,1288,640,1149,103,410,0,0,0,1246,31389,208,208,0,105,0,1254,212
 61725,0,31825,1169,848,1904,2379,529,31171,30989,0,0,519,1365,0,2627,1288,640,1149,103,410,0,0,0,1246,31389,208,208,0,105,0,1254,212
 61730,0,31825,1169,848,1904,2379,529,31176,30989,0,0,519,1365,0,2627,1288,640,1149,103,410,0,0,0,1246,31389,208,208,0,105,0,1254,212
 61735,0,31825,1169,848,1904,2379,529,31181,30989,0,0,519,1365,0,2627,1288,640,1149,103,410,0,0,0,1246,31389,208,208,0,105,0,1254,212
 61740,0,31825,1169,848,1904,2379,529,31186,30989,0,0,519,1365,0,2627,1288,640,1149,103,410,0,0,0,1246,31389,208,208,0,105,0,1254,212
 61745,0,31825,1169,848,1904,2379,529,31191,30989,0,0,519,1365,0,2627,1288,640,1149,103,410,0,0,0,1246,31389,208,208,0,105,0,1254,212
 61750,0,31825,1169,848,1904,2379,529,31196,30989,0,0,519,1365,0,2627,1288,640,1149,103,410,0,0,0,1246,31389,208,208,0,105,0,1254,212
 61755,0,31825,1169,848,1904,2379,529,31201,30989,0,0,519,1365,0,2627,1288,640,1149,103,410,0,0,0,1246,31389,208,208,0,105,0,1254,212
 61760,0,31825,1169,848,1904,2379,529,31206,30989,0,0,519,1365,0,2627,1288,640,1149,103,410,0,0,0,1246,31389,208,208,0,105,0,1254,212
 61765,0,31825,1169,848,1904,2379,529,31210,30989,0,0,519,1365,0,2627,1288,640,1149,103,410,0,0,0,1246,31389,208,208,0,105,0,1254,212
 61770,0,31825,1169,848,1904,2379,529,31210,30989,0,0,519,1365,0,2627,1288,640,1149,103,410,0,0,0,1246,31389,208,208,0,105,0,1254,212
 61775,0,31825,1169,848,1904,2379,529,31210,30989,0,0,519,1365,0,2627,1288,640,1149,103,410,0,0,0,1246,31389,208,208,0,105,0,1254,212
 61780,0,31825,1169,848,1904,2379,529,31210,30989,0,0,519,1365,0,2627,1288,640,1149,103,410,0,0,0,1246,31389,208,208,0,105,0,1254,212
 61785,0,31825,1169,848,1904,2379,529,31210,30989,0,0,519,1365,0,2627,1288,640,1149,103,410,0,0,0,1246,31389,208,208,0,105,0,1254,212
 61790,0,31825,1169,848,1904,2379,529,31210,30991,0,0,519,1365,0,2627,1288,640,1149,103,410,0,0,0,1246,31389,208,208,0,105,0,1254,212
 61795,0,31825,1169,848,1904,2379,529,31210,30996,0,0,519,1365,0,2627,1288,640,1149,103,410,0,0,0,1246,31394,208,208,0,105,0,1254,212
 61800,0,31825,1169,848,1904,2379,529,31210,31001,0,0,519,1365,0,2627,1288,640,1149,103,410,0,0,0,1246,31399,208,208,0,105,0,1254,212
 61805,0,31825,1169,848,1904,2379,529,31210,31006,0,0,519,1365,0,2627,1288,640,1149,103,410,0,0,0,1246,31404,208,208,0,105,0,1254,212
 61810,0,31825,1169,848,1904,2379,529,31210,31011,0,0,519,1365,0,2627,1288,640,1149,103,410,0,0,0,1246,31409,208,208,0,105,0,1254,212
 61815,0,31825,1169,848,1904,2379,529,31213,31016,0,0,519,1365,0,2627,1288,640,1149,103,410,0,0,0,1246,31414,208,208,0,105,0,1254,212
 61820,0,31826,1169,848,1904,2379,529,31218,31021,0,0,519,1365,0,2627,1288,640,1149,103,410,0,0,0,1246,31419,208,208,0,105,0,1254,212
 61825,0,31831,1169,848,1904,2379,529,31223,31026,0,0,519,1365,0,2627,1288,640,1149,103,410,0,0,0,1246,31424,208,208,0,105,0,1254,212
 61830,0,31836,1169,848,1904,2379,529,31228,31031,0,0,519,1365,0,2627,1288,640,1149,103,410,0,0,0,1246,31429,208,208,0,105,0,1254,212
 61835,0,31841,1169,848,1904,2379,529,31233,31036,0,0,519,1365,0,2627,1288,640,1149,103,410,0,0,0,1246,31434,208,208,0,105,0,1254,212
 61840,0,31846,1169,848,1904,2379,529,31238,31041,0,0,519,1365,0,2627,1288,640,1149,103,410,0,0,0,1246,31439,208,208,0,105,0,1254,212
 61845,0,31851,1169,848,1904,2379,529,31243,31046,0,0,519,1365,0,2627,1288,640,1149,103,410,0,0,0,1246,31444,208,208,0,105,0,1254,212
 61850,0,31856,1169,848,1904,2379,529,31248,31051,0,0,519,1365,0,2627,1288,640,1149,103,410,0,0,0,1246,31449,208,208,0,105,0,1254,212
 61855,0,31861,1169,848,1904,2379,529,31253,31056,0,0,519,1365,0,2627,1288,640,1149,103,410,0,0,0,1246,31454,208,208,0,105,0,1254,212
 61860,0,31866,1169,848,1904,2379,529,31258,31061,0,0,519,1365,0,2627,1288,640,1149,103,410,0,0,0,1246,31459,208,208,0,105,0,1254,212
 61865,0,31871,1169,848,1904,2379,529,31263,31066,0,0,519,1365,0,2627,1288,640,1149,103,410,0,0,0,1246,31464,208,208,0,105,0,1254,212
 61870,0,31876,1169,848,1904,2379,529,31268,31071,0,0,519,1365,0,2627,1288,640,1149,103,410,0,0,0,1246,31469,208,208,0,105,0,1254,212
 61875,0,31881,1169,848,1904,2379,529,31273,31076,0,0,519,1365,0,2627,1288,640,1149,103,410,0,0,0,1246,31474,208,208,0,105,0,1254,212
 61880,0,31886,1169,848,1904,2379,529,31278,31081,0,0,519,1365,0,2627,1288,640,1149,103,410,0,0,0,1246,31479,208,208,0,105,0,1254,212
 61885,0,31891,1169,848,1904,2379,529,31283,31086,0,0,519,1365,0,2627,1288,640,1149,103,410,0,0,0,1246,31484,208,208,0,105,0,1254,212
 61890,0,31896,1169,848,1904,2379,529,31288,31092,0,0,519,1365,0,2627,1288,640,1149,103,410,0,0,0,1246,31489,208,208,0,105,0,1254,212
 61895,0,31901,1169,848,1904,2379,529,31293,31092,0,0,519,1365,0,2627,1288,640,1149,103,410,0,0,0,1246,31494,208,208,0,105,0,1254,212
 61900,0,31906,1169,848,1904,2379,529,31298,31092,0,0,519,1365,0,2627,1288,640,1149,103,410,0,0,0,1246,31496,208,208,0,105,0,1254,212
 61905,0,31911,1169,848,1904,2379,529,31303,31092,0,0,519,1365,0,2627,1288,640,1149,103,410,0,0,0,1246,31496,208,208,0,105,0,1254,212
 61910,0,31916,1169,848,1904,2379,529,31308,31092,0,0,519,1365,0,2627,1288,640,1149,103,410,0,0,0,1246,31496,208,208,0,105,0,1254,212
 61915,0,31921,1169,848,1904,2379,529,31313,31092,0,0,519,1365,0,2627,1288,640,1149,103,410,0,0,0,1246,31496,208,208,0,105,0,1254,212
 61920,0,31926,1169,848,1904,2379,529,31315,31092,0,0,519,1365,0,2627,1288,640,1149,103,410,0,0,0,1246,31496,208,208,0,105,0,1254,212
 61925,0,31928,1169,848,1904,2379,529,31315,31092,0,0,519,1365,0,2627,1288,640,1149,103,410,0,0,0,1246,31496,208,208,0,105,0,1254,212
 61930,0,31928,1169,848,1904,2379,529,31315,31092,0,0,519,1365,0,2627,1288,640,1149,103,410,0,0,0,1246,31496,208,208,0,105,0,1254,212
 61935,0,31928,1169,848,1904,2379,529,31315,31092,0,0,519,1365,0,2627,1288,640,1149,103,410,0,0,0,1246,31496,208,208,0,105,0,1254,212
 61940,0,31928,1169,848,1904,2379,529,31315,31092,0,0,519,1365,0,2627,1288,640,1149,103,410,0,0,0,1246,31496,208,208,0,105,0,1254,212
 61945,0,31928,1169,848,1904,2379,529,31315,31092,0,0,519,1365,0,2627,1288,640,1149,103,410,0,0,0,1246,31496,208,208,0,105,0,1254,212
 61950,0,31928,1169,848,1904,2379,529,31315,31092,0,0,519,1365,0,2627,1288,640,1149,103,410,0,0,0,1246,31496,208,208,0,105,0,1254,212
 61955,0,31928,1169,848,1904,2379,529,31315,31092,0,0,519,1365,0,2627,1288,640,1149,103,410,0,0,0,1246,31496,208,208,0,105,0,1254,212
 61960,0,31928,1169,848,1904,2379,529,31315,31092,0,0,519,1365,0,2627,1288,640,1149,103,410,0,0,0,1246,31496,208,208,0,105,0,1254,212
 61965,0,31928,1169,848,1904,2379,529,31315,31092,0,0,519,1365,0,2627,1288,640,1149,103,410,0,0,0,1246,31496,208,208,0,105,0,1254,212
 61970,0,31928,1169,848,1904,2379,529,31315,31092,0,0,519,1365,0,2627,1288,640,1149,103,410,0,0,0,1246,31496,208,208,0,105,0,1254,212
 61975,0,31928,1169,848,1904,2379,529,31315,31092,0,0,519,1365,0,2627,1288,640,1149,103,410,0,0,0,1246,31496,208,208,0,105,0,1254,212
 61980,0,31928,1169,848,1904,2379,529,31315,31092,0,0,519,1365,0,2627,1288,640,1149,103,410,0,0,0,1246,31496,208,208,0,105,0,1254,212
 61985,0,31928,1169,848,1904,2379,529,31315,31092,0,0,519,1365,0,2627,1288,640,1149,103,410,0,0,0,1246,31496,208,208,0,105,0,1254,212
 61990,0,31928,1169,848,1904,2379,529,31315,31092,0,0,519,1365,0,2627,1288,640,1149,103,410,0,0,0,1246,31496,208,208,0,105,0,1254,212
 61995,0,31928,1169,848,1904,2379,529,31315,31092,0,0,519,1365,0,2627,1288,640,1149,103,410,0,0,0,1246,31496,208,208,0,105,0,1254,212
 62000,0,31928,1169,848,1904,2379,529,31315,31092,0,0,519,1365,0,2627,1288,640,1149,103,410,0,0,0,1246,31496,208,208,0,105,0,1254,212
 62005,0,31928,1169,848,1904,2379,529,31315,31092,0,0,519,1365,0,2627,1288,640,1149,103,410,0,0,0,1246,31496,208,208,0,105,0,1254,212
 62010,0,31928,1169,848,1904,2379,529,31315,31092,0,0,519,1365,0,2627,1288,640,1149,103,410,0,0,0,1246,31501,208,208,0,105,0,1254,212
 62015,0,31928,1169,848,1904,2379,529,31315,31095,0,0,519,1365,0,2627,1288,640,1149,103,410,0,0,0,1246,31506,208,208,0,105,0,1254,212
 62020,0,31928,1169,848,1904,2379,529,31315,31100,0,0,519,1365,0,2627,1288,640,1149,103,410,0,0,0,1246,31511,208,208,0,105,0,1254,212
 62025,0,31928,1169,848,1904,2379,529,31318,31105,0,0,519,1365,0,2627,1288,640,1149,103,410,0,0,0,1246,31516,208,208,0,105,0,1254,212
 62030,0,31930,1169,848,1904,2379,529,31323,31110,0,0,519,1365,0,2627,1288,640,1149,103,410,0,0,0,1246,31521,208,208,0,105,0,1254,212
 62035,0,31935,1169,848,1904,2379,529,31328,31115,0,0,519,1365,0,2627,1288,640,1149,103,410,0,0,0,1246,31526,208,208,0,105,0,1254,212
 62040,0,31940,1169,848,1904,2379,529,31333,31120,0,0,519,1365,0,2627,1288,640,1149,103,410,0,0,0,1246,31531,208,208,0,105,0,1254,212
 62045,0,31945,1169,848,1904,2379,529,31338,31125,0,0,519,1365,0,2627,1288,640,1149,103,410,0,0,0,1246,31536,208,208,0,105,0,1254,212
 62050,0,31950,1169,848,1904,2379,529,31343,31130,0,0,519,1365,0,2627,1288,640,1149,103,410,0,0,0,1246,31541,208,208,0,105,0,1254,212
 62055,0,31955,1169,848,1904,2379,529,31348,31135,0,0,519,1365,0,2627,1288,640,1149,103,410,0,0,0,1246,31546,208,208,0,105,0,1254,212
 62060,0,31960,1169,848,1904,2379,529,31353,31140,0,0,519,1365,0,2627,1288,640,1149,103,410,0,0,0,1246,31551,208,208,0,105,0,1254,212
 62065,0,31965,1169,848,1904,2379,529,31358,31145,0,0,519,1365,0,2627,1288,640,1149,103,410,0,0,0,1246,31556,208,208,0,105,0,1254,212
 62070,0,31970,1169,848,1904,2379,529,31363,31150,0,0,519,1365,0,2627,1288,640,1149,103,410,0,0,0,1246,31561,208,208,0,105,0,1254,212
 62075,0,31975,1169,848,1904,2379,529,31368,31155,0,0,519,1365,0,2627,1288,640,1149,103,410,0,0,0,1246,31566,208,208,0,105,0,1254,212
 62080,0,31980,1169,848,1904,2379,529,31373,31160,0,0,519,1365,0,2627,1288,640,1149,103,410,0,0,0,1246,31571,208,208,0,105,0,1254,212
 62085,0,31985,1169,848,1904,2379,529,31378,31165,0,0,519,1365,0,2627,1288,640,1149,103,410,0,0,0,1246,31576,208,208,0,105,0,1254,212
 62090,0,31990,1169,848,1904,2379,529,31383,31170,0,0,519,1365,0,2627,1288,640,1149,103,410,0,0,0,1246,31581,208,208,0,105,0,1254,212
 62095,0,31995,1169,848,1904,2379,529,31388,31175,0,0,519,1365,0,2627,1288,640,1149,103,410,0,0,0,1246,31586,208,208,0,105,0,1254,212
 62100,0,32000,1169,848,1904,2379,529,31393,31180,0,0,519,1365,0,2627,1288,640,1149,103,410,0,0,0,1246,31591,208,208,0,105,0,1254,212
 62105,0,32005,1169,848,1904,2379,529,31398,31185,0,0,519,1365,0,2627,1288,640,1149,103,410,0,0,0,1246,31596,208,208,0,105,0,1254,212
 62110,0,32010,1169,848,1904,2379,529,31403,31190,0,0,519,1365,0,2627,1288,640,1149,103,410,0,0,0,1246,31599,208,208,0,105,0,1254,212
 62115,0,32015,1169,848,1904,2379,529,31408,31195,0,0,519,1365,0,2627,1288,640,1149,103,410,0,0,0,1246,31599,208,208,0,105,0,1254,212
 62120,0,32020,1169,848,1904,2379,529,31413,31199,0,0,519,1365,0,2627,1288,640,1149,103,410,0,0,0,1246,31599,208,208,0,105,0,1254,212
 62125,0,32025,1169,848,1904,2379,529,31416,31199,0,0,519,1365,0,2627,1288,640,1149,103,410,0,0,0,1246,31599,208,208,0,105,0,1254,212
 62130,0,32030,1169,848,1904,2379,529,31416,31199,0,0,519,1365,0,2627,1288,640,1149,103,410,0,0,0,1246,31599,208,208,0,105,0,1254,212
 62135,0,32033,1169,848,1904,2379,529,31416,31199,0,0,519,1365,0,2627,1288,640,1149,103,410,0,0,0,1246,31599,208,208,0,105,0,1254,212
 62140,0,32033,1169,848,1904,2379,529,31416,31199,0,0,519,1365,0,2627,1288,640,1149,103,410,0,0,0,1246,31599,208,208,0,105,0,1254,212
 62145,0,32033,1169,848,1904,2379,529,31416,31199,0,0,519,1365,0,2627,1288,640,1149,103,410,0,0,0,1246,31599,208,208,0,105,0,1254,212
 62150,0,32033,1169,848,1904,2379,529,31416,31199,0,0,519,1365,0,2627,1288,640,1149,103,410,0,0,0,1246,31599,208,208,0,105,0,1254,212
 62155,0,32033,1169,848,1904,2379,529,31416,31199,0,0,519,1365,0,2627,1288,640,1149,103,410,0,0,0,1246,31599,208,208,0,105,0,1254,212
 62160,0,32033,1169,848,1904,2379,529,31416,31199,0,0,519,1365,0,2627,1288,640,1149,103,410,0,0,0,1246,31599,208,208,0,105,0,1254,212
 62165,0,32033,1169,848,1904,2379,529,31416,31199,0,0,519,1365,0,2627,1288,640,1149,103,410,0,0,0,1246,31599,208,208,0,105,0,1254,212
 62170,0,32033,1169,848,1904,2379,529,31416,31199,0,0,519,1365,0,2627,1288,640,1149,103,410,0,0,0,1246,31599,208,208,0,105,0,1254,212
 62175,0,32033,1169,848,1904,2379,529,31416,31199,0,0,519,1365,0,2627,1288,640,1149,103,410,0,0,0,1246,31599,208,208,0,105,0,1254,212
 62180,0,32033,1169,848,1904,2379,529,31416,31199,0,0,519,1365,0,2627,1288,640,1149,103,410,0,0,0,1246,31599,208,208,0,105,0,1254,212
 62185,0,32033,1169,848,1904,2379,529,31416,31199,0,0,519,1365,0,2627,1288,640,1149,103,410,0,0,0,1246,31599,208,208,0,105,0,1254,212
 62190,0,32033,1169,848,1904,2379,529,31416,31199,0,0,519,1365,0,2627,1288,640,1149,103,410,0,0,0,1246,31599,208,208,0,105,0,1254,212
 62195,0,32033,1169,848,1904,2379,529,31416,31199,0,0,519,1365,0,2627,1288,640,1149,103,410,0,0,0,1246,31599,208,208,0,105,0,1254,212
 62200,0,32033,1169,848,1904,2379,529,31416,31199,0,0,519,1365,0,2627,1288,640,1149,103,410,0,0,0,1246,31599,208,208,0,105,0,1254,212
 62205,0,32033,1169,848,1904,2379,529,31416,31199,0,0,519,1365,0,2627,1288,640,1149,103,410,0,0,0,1246,31599,208,208,0,105,0,1254,212
 62210,0,32033,1169,848,1904,2379,529,31416,31199,0,0,519,1365,0,2627,1288,640,1149,103,410,0,0,0,1246,31599,208,208,0,105,0,1254,212
 62215,0,32033,1169,848,1904,2379,529,31416,31199,0,0,519,1365,0,2627,1288,640,1149,103,410,0,0,0,1246,31599,208,208,0,105,0,1254,212
 62220,0,32033,1169,848,1904,2379,529,31416,31199,0,0,519,1365,0,2627,1288,640,1149,103,410,0,0,0,1246,31599,208,208,0,105,0,1254,212
 62225,0,32034,1169,848,1904,2379,529,31416,31199,0,0,519,1365,0,2627,1288,640,1149,103,410,0,0,0,1246,31599,208,208,0,105,0,1254,212
 62230,0,32039,1169,848,1904,2379,529,31416,31199,0,0,519,1365,0,2627,1288,640,1149,103,410,0,0,0,1246,31599,208,208,0,105,0,1254,212
 62235,0,32044,1169,848,1904,2379,529,31416,31199,0,0,519,1365,0,2627,1288,640,1149,103,410,0,0,0,1246,31599,208,208,0,105,0,1254,212
 62240,0,32049,1169,848,1904,2379,529,31416,31199,0,0,519,1365,0,2627,1288,640,1149,103,410,0,0,0,1246,31599,208,208,0,105,0,1254,212
 62245,0,32054,1169,848,1904,2379,529,31415,31199,0,0,519,1365,0,2627,1288,640,1149,103,410,0,0,0,1246,31599,208,208,0,105,0,1254,212
 62250,0,32059,1169,848,1904,2379,529,31420,31199,0,0,519,1365,0,2627,1288,640,1149,103,410,0,0,0,1246,31598,208,208,0,105,0,1254,212
 62255,0,32064,1169,848,1904,2379,529,31425,31199,0,0,519,1365,0,2627,1288,640,1149,103,410,0,0,0,1246,31603,208,208,0,105,0,1254,212
 62260,0,32069,1169,848,1904,2379,529,31430,31202,0,0,519,1365,0,2627,1288,640,1149,103,410,0,0,0,1246,31608,208,208,0,105,0,1254,212
 62265,0,32074,1169,848,1904,2379,529,31435,31207,0,0,519,1365,0,2627,1288,640,1149,103,410,0,0,0,1246,31613,208,208,0,105,0,1254,212
 62270,0,32079,1169,848,1904,2379,529,31440,31212,0,0,519,1365,0,2627,1288,640,1149,103,410,0,0,0,1246,31618,208,208,0,105,0,1254,212
 62275,0,32084,1169,848,1904,2379,529,31445,31217,0,0,519,1365,0,2627,1288,640,1149,103,410,0,0,0,1246,31623,208,208,0,105,0,1254,212
 62280,0,32089,1169,848,1904,2379,529,31450,31222,0,0,519,1365,0,2627,1288,640,1149,103,410,0,0,0,1246,31628,208,208,0,105,0,1254,212
 62285,0,32094,1169,848,1904,2379,529,31455,31227,0,0,519,1365,0,2627,1288,640,1149,103,410,0,0,0,1246,31633,208,208,0,105,0,1254,212
 62290,0,32099,1169,848,1904,2379,529,31460,31232,0,0,519,1365,0,2627,1288,640,1149,103,410,0,0,0,1246,31638,208,208,0,105,0,1254,212
 62295,0,32104,1169,848,1904,2379,529,31465,31237,0,0,519,1365,0,2627,1288,640,1149,103,410,0,0,0,1246,31643,208,208,0,105,0,1254,212
 62300,0,32109,1169,848,1904,2379,529,31470,31242,0,0,519,1365,0,2627,1288,640,1149,103,410,0,0,0,1246,31648,208,208,0,105,0,1254,212
 62305,0,32114,1169,848,1904,2379,529,31475,31247,0,0,519,1365,0,2627,1288,640,1149,103,410,0,0,0,1246,31653,208,208,0,105,0,1254,212
 62310,0,32119,1169,848,1904,2379,529,31480,31252,0,0,519,1365,0,2627,1288,640,1149,103,410,0,0,0,1246,31658,208,208,0,105,0,1254,212
 62315,0,32124,1169,848,1904,2379,529,31485,31257,0,0,519,1365,0,2627,1288,640,1149,103,410,0,0,0,1246,31663,208,208,0,105,0,1254,212
 62320,0,32129,1169,848,1904,2379,529,31490,31262,0,0,519,1365,0,2627,1288,640,1149,103,410,0,0,0,1246,31668,208,208,0,105,0,1254,212
 62325,0,32134,1169,848,1904,2379,529,31495,31267,0,0,519,1365,0,2627,1288,640,1149,103,410,0,0,0,1246,31673,208,208,0,105,0,1254,212
 62330,0,32136,1169,848,1904,2379,529,31500,31272,0,0,519,1365,0,2627,1288,640,1149,103,410,0,0,0,1246,31678,208,208,0,105,0,1254,212
 62335,0,32136,1169,848,1904,2379,529,31505,31277,0,0,519,1365,0,2627,1288,640,1149,103,410,0,0,0,1246,31683,208,208,0,105,0,1254,212
 62340,0,32136,1169,848,1904,2379,529,31510,31282,0,0,519,1365,0,2627,1288,640,1149,103,410,0,0,0,1246,31688,208,208,0,105,0,1254,212
 62345,0,32136,1169,848,1904,2379,529,31515,31287,0,0,519,1365,0,2627,1288,640,1149,103,410,0,0,0,1246,31693,208,208,0,105,0,1254,212
 62350,0,32136,1169,848,1904,2379,529,31519,31292,0,0,519,1365,0,2627,1288,640,1149,103,410,0,0,0,1246,31698,208,208,0,105,0,1254,212
 62355,0,32136,1169,848,1904,2379,529,31519,31297,0,0,519,1365,0,2627,1288,640,1149,103,410,0,0,0,1246,31702,208,208,0,105,0,1254,212
 62360,0,32136,1169,848,1904,2379,529,31519,31302,0,0,519,1365,0,2627,1288,640,1149,103,410,0,0,0,1246,31702,208,208,0,105,0,1254,212
 62365,0,32136,1169,848,1904,2379,529,31519,31302,0,0,519,1365,0,2627,1288,640,1149,103,410,0,0,0,1246,31702,208,208,0,105,0,1254,212
 62370,0,32136,1169,848,1904,2379,529,31519,31302,0,0,519,1365,0,2627,1288,640,1149,103,410,0,0,0,1246,31702,208,208,0,105,0,1254,212
 62375,0,32136,1169,848,1904,2379,529,31519,31302,0,0,519,1365,0,2627,1288,640,1149,103,410,0,0,0,1246,31702,208,208,0,105,0,1254,212
 62380,0,32136,1169,848,1904,2379,529,31519,31302,0,0,519,1365,0,2627,1288,640,1149,103,410,0,0,0,1246,31702,208,208,0,105,0,1254,212
 62385,0,32136,1169,848,1904,2379,529,31519,31302,0,0,519,1365,0,2627,1288,640,1149,103,410,0,0,0,1246,31702,208,208,0,105,0,1254,212
 62390,0,32136,1169,848,1904,2379,529,31519,31302,0,0,519,1365,0,2627,1288,640,1149,103,410,0,0,0,1246,31702,208,208,0,105,0,1254,212
 62395,0,32136,1169,848,1904,2379,529,31519,31302,0,0,519,1365,0,2627,1288,640,1149,103,410,0,0,0,1246,31702,208,208,0,105,0,1254,212
 62400,0,32136,1169,848,1904,2379,529,31519,31302,0,0,519,1365,0,2627,1288,640,1149,103,410,0,0,0,1246,31702,208,208,0,105,0,1254,212
 62405,0,32136,1169,848,1904,2379,529,31519,31302,0,0,519,1365,0,2627,1288,640,1149,103,410,0,0,0,1246,31702,208,208,0,105,0,1254,212
 62410,0,32136,1169,848,1904,2379,529,31519,31302,0,0,519,1365,0,2627,1288,640,1149,103,410,0,0,0,1246,31702,208,208,0,105,0,1254,212
 62415,0,32136,1169,848,1904,2379,529,31519,31302,0,0,519,1365,0,2627,1288,640,1149,103,410,0,0,0,1246,31702,208,208,0,105,0,1254,212
 62420,0,32136,1169,848,1904,2379,529,31519,31302,0,0,519,1365,0,2627,1288,640,1149,103,410,0,0,0,1246,31702,208,208,0,105,0,1254,212
 62425,0,32136,1169,848,1904,2379,529,31519,31302,0,0,519,1365,0,2627,1288,640,1149,103,410,0,0,0,1246,31702,208,208,0,105,0,1254,212
 62430,0,32136,1169,848,1904,2379,529,31519,31302,0,0,519,1365,0,2627,1288,640,1149,103,410,0,0,0,1246,31702,208,208,0,105,0,1254,212
 62435,0,32136,1169,848,1904,2379,529,31519,31302,0,0,519,1365,0,2627,1288,640,1149,103,410,0,0,0,1246,31702,208,208,0,105,0,1254,212
 62440,0,32136,1169,848,1904,2379,529,31519,31302,0,0,519,1365,0,2627,1288,640,1149,103,410,0,0,0,1246,31702,208,208,0,105,0,1254,212
 62445,0,32137,1169,848,1904,2379,529,31519,31305,0,0,519,1365,0,2627,1288,640,1149,103,410,0,0,0,1246,31702,208,208,0,105,0,1254,212
 62450,0,32142,1169,848,1904,2379,529,31519,31310,0,0,519,1365,0,2627,1288,640,1149,103,410,0,0,0,1246,31702,208,208,0,105,0,1254,212
 62455,0,32147,1169,848,1904,2379,529,31519,31315,0,0,519,1365,0,2627,1288,640,1149,103,410,0,0,0,1246,31702,208,208,0,105,0,1254,212
 62460,0,32152,1169,848,1904,2379,529,31519,31320,0,0,519,1365,0,2627,1288,640,1149,103,410,0,0,0,1246,31702,208,208,0,105,0,1254,212
 62465,0,32157,1169,848,1904,2379,529,31520,31325,0,0,519,1365,0,2627,1288,640,1149,103,410,0,0,0,1246,31702,208,208,0,105,0,1254,212
 62470,0,32162,1169,848,1904,2379,529,31525,31330,0,0,519,1365,0,2627,1288,640,1149,103,410,0,0,0,1246,31705,208,208,0,105,0,1254,212
 62475,0,32167,1169,848,1904,2379,529,31530,31335,0,0,519,1365,0,2627,1288,640,1149,103,410,0,0,0,1246,31710,208,208,0,105,0,1254,212
 62480,0,32172,1169,848,1904,2379,529,31535,31340,0,0,519,1365,0,2627,1288,640,1149,103,410,0,0,0,1246,31715,208,208,0,105,0,1254,212
 62485,0,32177,1169,848,1904,2379,529,31540,31345,0,0,519,1365,0,2627,1288,640,1149,103,410,0,0,0,1246,31720,208,208,0,105,0,1254,212
 62490,0,32182,1169,848,1904,2379,529,31545,31350,0,0,519,1365,0,2627,1288,640,1149,103,410,0,0,0,1246,31725,208,208,0,105,0,1254,212
 62495,0,32187,1169,848,1904,2379,529,31550,31355,0,0,519,1365,0,2627,1288,640,1149,103,410,0,0,0,1246,31730,208,208,0,105,0,1254,212
 62500,0,32192,1169,848,1904,2379,529,31555,31360,0,0,519,1365,0,2627,1288,640,1149,103,410,0,0,0,1246,31735,208,208,0,105,0,1254,212
 62505,0,32197,1169,848,1904,2379,529,31560,31365,0,0,519,1365,0,2627,1288,640,1149,103,410,0,0,0,1246,31740,208,208,0,105,0,1254,212
 62510,0,32202,1169,848,1904,2379,529,31565,31370,0,0,519,1365,0,2627,1288,640,1149,103,410,0,0,0,1246,31745,208,208,0,105,0,1254,212
 62515,0,32207,1169,848,1904,2379,529,31570,31375,0,0,519,1365,0,2627,1288,640,1149,103,410,0,0,0,1246,31750,208,208,0,105,0,1254,212
 62520,0,32212,1169,848,1904,2379,529,31575,31380,0,0,519,1365,0,2627,1288,640,1149,103,410,0,0,0,1246,31755,208,208,0,105,0,1254,212
 62525,0,32217,1169,848,1904,2379,529,31580,31385,0,0,519,1365,0,2627,1288,640,1149,103,410,0,0,0,1246,31760,208,208,0,105,0,1254,212
 62530,0,32222,1169,848,1904,2379,529,31585,31390,0,0,519,1365,0,2627,1288,640,1149,103,410,0,0,0,1246,31765,208,208,0,105,0,1254,212
 62535,0,32227,1169,848,1904,2379,529,31590,31395,0,0,519,1365,0,2627,1288,640,1149,103,410,0,0,0,1246,31770,208,208,0,105,0,1254,212
 62540,0,32232,1169,848,1904,2379,529,31595,31400,0,0,519,1365,0,2627,1288,640,1149,103,410,0,0,0,1246,31775,208,208,0,105,0,1254,212
 62545,0,32237,1169,848,1904,2379,529,31600,31405,0,0,519,1365,0,2627,1288,640,1149,103,410,0,0,0,1246,31780,208,208,0,105,0,1254,212
 62550,0,32243,1169,848,1904,2379,529,31605,31409,0,0,519,1365,0,2627,1288,640,1149,103,410,0,0,0,1246,31785,208,208,0,105,0,1254,212
 62555,0,32243,1169,848,1904,2379,529,31610,31409,0,0,519,1365,0,2627,1288,640,1149,103,410,0,0,0,1246,31790,208,208,0,105,0,1254,212
 62560,0,32243,1169,848,1904,2379,529,31615,31409,0,0,519,1365,0,2627,1288,640,1149,103,410,0,0,0,1246,31795,208,208,0,105,0,1254,212
 62565,0,32243,1169,848,1904,2379,529,31620,31409,0,0,519,1365,0,2627,1288,640,1149,103,410,0,0,0,1246,31800,208,208,0,105,0,1254,212
 62570,0,32243,1169,848,1904,2379,529,31622,31409,0,0,519,1365,0,2627,1288,640,1149,103,410,0,0,0,1246,31805,208,208,0,105,0,1254,212
 62575,0,32243,1169,848,1904,2379,529,31622,31409,0,0,519,1365,0,2627,1288,640,1149,103,410,0,0,0,1246,31807,208,208,0,105,0,1254,212
 62580,0,32243,1169,848,1904,2379,529,31622,31409,0,0,519,1365,0,2627,1288,640,1149,103,410,0,0,0,1246,31807,208,208,0,105,0,1254,212
 62585,0,32243,1169,848,1904,2379,529,31622,31409,0,0,519,1365,0,2627,1288,640,1149,103,410,0,0,0,1246,31807,208,208,0,105,0,1254,212
 62590,0,32243,1169,848,1904,2379,529,31622,31409,0,0,519,1365,0,2627,1288,640,1149,103,410,0,0,0,1246,31807,208,208,0,105,0,1254,212
 62595,0,32243,1169,848,1904,2379,529,31622,31409,0,0,519,1365,0,2627,1288,640,1149,103,410,0,0,0,1246,31807,208,208,0,105,0,1254,212
 62600,0,32243,1169,848,1904,2379,529,31622,31409,0,0,519,1365,0,2627,1288,640,1149,103,410,0,0,0,1246,31807,208,208,0,105,0,1254,212
 62605,0,32243,1169,848,1904,2379,529,31622,31409,0,0,519,1365,0,2627,1288,640,1149,103,410,0,0,0,1246,31807,208,208,0,105,0,1254,212
 62610,0,32243,1169,848,1904,2379,529,31622,31409,0,0,519,1365,0,2627,1288,640,1149,103,410,0,0,0,1246,31807,208,208,0,105,0,1254,212
 62615,0,32243,1169,848,1904,2379,529,31622,31409,0,0,519,1365,0,2627,1288,640,1149,103,410,0,0,0,1246,31807,208,208,0,105,0,1254,212
 62620,0,32243,1169,848,1904,2379,529,31622,31409,0,0,519,1365,0,2627,1288,640,1149,103,410,0,0,0,1246,31807,208,208,0,105,0,1254,212
 62625,0,32243,1169,848,1904,2379,529,31622,31409,0,0,519,1365,0,2627,1288,640,1149,103,410,0,0,0,1246,31807,208,208,0,105,0,1254,212
 62630,0,32243,1169,848,1904,2379,529,31622,31409,0,0,519,1365,0,2627,1288,640,1149,103,410,0,0,0,1246,31807,208,208,0,105,0,1254,212
 62635,0,32243,1169,848,1904,2379,529,31622,31409,0,0,519,1365,0,2627,1288,640,1149,103,410,0,0,0,1246,31807,208,208,0,105,0,1254,212
 62640,0,32243,1169,848,1904,2379,529,31622,31409,0,0,519,1365,0,2627,1288,640,1149,103,410,0,0,0,1246,31807,208,208,0,105,0,1254,212
 62645,0,32243,1169,848,1904,2379,529,31622,31409,0,0,519,1365,0,2627,1288,640,1149,103,410,0,0,0,1246,31807,208,208,0,105,0,1254,212
 62650,0,32243,1169,848,1904,2379,529,31622,31409,0,0,519,1365,0,2627,1288,640,1149,103,410,0,0,0,1246,31807,208,208,0,105,0,1254,212
 62655,0,32243,1169,848,1904,2379,529,31622,31409,0,0,519,1365,0,2627,1288,640,1149,103,410,0,0,0,1246,31806,208,208,0,105,0,1254,212
 62660,0,32243,1169,848,1904,2379,529,31622,31409,0,0,519,1365,0,2627,1288,640,1149,103,410,0,0,0,1246,31811,208,208,0,105,0,1254,212
 62665,0,32243,1169,848,1904,2379,529,31622,31409,0,0,519,1365,0,2627,1288,640,1149,103,410,0,0,0,1246,31816,208,208,0,105,0,1254,212
 62670,0,32243,1169,848,1904,2379,529,31622,31409,0,0,519,1365,0,2627,1288,640,1149,103,410,0,0,0,1246,31821,208,208,0,105,0,1254,212
 62675,0,32245,1169,848,1904,2379,529,31622,31409,0,0,519,1365,0,2627,1288,640,1149,103,410,0,0,0,1246,31826,208,208,0,105,0,1254,212
 62680,0,32250,1169,848,1904,2379,529,31622,31409,0,0,519,1365,0,2627,1288,640,1149,103,410,0,0,0,1246,31831,208,208,0,105,0,1254,212
 62685,0,32255,1169,848,1904,2379,529,31622,31409,0,0,519,1365,0,2627,1288,640,1149,103,410,0,0,0,1246,31836,208,208,0,105,0,1254,212
 62690,0,32260,1169,848,1904,2379,529,31622,31409,0,0,519,1365,0,2627,1288,640,1149,103,410,0,0,0,1246,31841,208,208,0,105,0,1254,212
 62695,0,32265,1169,848,1904,2379,529,31622,31409,0,0,519,1365,0,2627,1288,640,1149,103,410,0,0,0,1246,31846,208,208,0,105,0,1254,212
 62700,0,32270,1169,848,1904,2379,529,31622,31409,0,0,519,1365,0,2627,1288,640,1149,103,410,0,0,0,1246,31851,208,208,0,105,0,1254,212
 62705,0,32275,1169,848,1904,2379,529,31622,31409,0,0,519,1365,0,2627,1288,640,1149,103,410,0,0,0,1246,31856,208,208,0,105,0,1254,212
 62710,0,32280,1169,848,1904,2379,529,31623,31411,0,0,519,1365,0,2627,1288,640,1149,103,410,0,0,0,1246,31861,208,208,0,105,0,1254,212
 62715,0,32285,1169,848,1904,2379,529,31628,31416,0,0,519,1365,0,2627,1288,640,1149,103,410,0,0,0,1246,31866,208,208,0,105,0,1254,212
 62720,0,32290,1169,848,1904,2379,529,31633,31421,0,0,519,1365,0,2627,1288,640,1149,103,410,0,0,0,1246,31871,208,208,0,105,0,1254,212
 62725,0,32295,1169,848,1904,2379,529,31638,31426,0,0,519,1365,0,2627,1288,640,1149,103,410,0,0,0,1246,31876,208,208,0,105,0,1254,212
 62730,0,32300,1169,848,1904,2379,529,31643,31431,0,0,519,1365,0,2627,1288,640,1149,103,410,0,0,0,1246,31881,208,208,0,105,0,1254,212
 62735,0,32305,1169,848,1904,2379,529,31648,31436,0,0,519,1365,0,2627,1288,640,1149,103,410,0,0,0,1246,31886,208,208,0,105,0,1254,212
 62740,0,32310,1169,848,1904,2379,529,31653,31441,0,0,519,1365,0,2627,1288,640,1149,103,410,0,0,0,1246,31891,208,208,0,105,0,1254,212
 62745,0,32315,1169,848,1904,2379,529,31658,31446,0,0,519,1365,0,2627,1288,640,1149,103,410,0,0,0,1246,31896,208,208,0,105,0,1254,212
 62750,0,32320,1169,848,1904,2379,529,31663,31451,0,0,519,1365,0,2627,1288,640,1149,103,410,0,0,0,1246,31901,208,208,0,105,0,1254,212
 62755,0,32325,1169,848,1904,2379,529,31668,31456,0,0,519,1365,0,2627,1288,640,1149,103,410,0,0,0,1246,31906,208,208,0,105,0,1254,212
 62760,0,32330,1169,848,1904,2379,529,31673,31461,0,0,519,1365,0,2627,1288,640,1149,103,410,0,0,0,1246,31910,208,208,0,105,0,1254,212
 62765,0,32335,1169,848,1904,2379,529,31678,31466,0,0,519,1365,0,2627,1288,640,1149,103,410,0,0,0,1246,31910,208,208,0,105,0,1254,212
 62770,0,32340,1169,848,1904,2379,529,31683,31471,0,0,519,1365,0,2627,1288,640,1149,103,410,0,0,0,1246,31910,208,208,0,105,0,1254,212
 62775,0,32345,1169,848,1904,2379,529,31688,31476,0,0,519,1365,0,2627,1288,640,1149,103,410,0,0,0,1246,31910,208,208,0,105,0,1254,212
 62780,0,32348,1169,848,1904,2379,529,31693,31481,0,0,519,1365,0,2627,1288,640,1149,103,410,0,0,0,1246,31910,208,208,0,105,0,1254,212
 62785,0,32348,1169,848,1904,2379,529,31698,31486,0,0,519,1365,0,2627,1288,640,1149,103,410,0,0,0,1246,31910,208,208,0,105,0,1254,212
 62790,0,32348,1169,848,1904,2379,529,31703,31491,0,0,519,1365,0,2627,1288,640,1149,103,410,0,0,0,1246,31910,208,208,0,105,0,1254,212
 62795,0,32348,1169,848,1904,2379,529,31708,31496,0,0,519,1365,0,2627,1288,640,1149,103,410,0,0,0,1246,31910,208,208,0,105,0,1254,212
 62800,0,32348,1169,848,1904,2379,529,31713,31501,0,0,519,1365,0,2627,1288,640,1149,103,410,0,0,0,1246,31910,208,208,0,105,0,1254,212
 62805,0,32348,1169,848,1904,2379,529,31718,31506,0,0,519,1365,0,2627,1288,640,1149,103,410,0,0,0,1246,31910,208,208,0,105,0,1254,212
 62810,0,32348,1169,848,1904,2379,529,31723,31510,0,0,519,1365,0,2627,1288,640,1149,103,410,0,0,0,1246,31915,208,208,0,105,0,1254,212
 62815,0,32348,1169,848,1904,2379,529,31729,31510,0,0,519,1365,0,2627,1288,640,1149,103,410,0,0,0,1246,31920,208,208,0,105,0,1254,212
 62820,0,32348,1169,848,1904,2379,529,31729,31510,0,0,519,1365,0,2627,1288,640,1149,103,410,0,0,0,1246,31925,208,208,0,105,0,1254,212
 62825,0,32348,1169,848,1904,2379,529,31729,31510,0,0,519,1365,0,2627,1288,640,1149,103,410,0,0,0,1246,31930,208,208,0,105,0,1254,212
 62830,0,32348,1169,848,1904,2379,529,31729,31510,0,0,519,1365,0,2627,1288,640,1149,103,410,0,0,0,1246,31935,208,208,0,105,0,1254,212
 62835,0,32348,1169,848,1904,2379,529,31729,31510,0,0,519,1365,0,2627,1288,640,1149,103,410,0,0,0,1246,31940,208,208,0,105,0,1254,212
 62840,0,32348,1169,848,1904,2379,529,31729,31510,0,0,519,1365,0,2627,1288,640,1149,103,410,0,0,0,1246,31945,208,208,0,105,0,1254,212
 62845,0,32348,1169,848,1904,2379,529,31729,31510,0,0,519,1365,0,2627,1288,640,1149,103,410,0,0,0,1246,31950,208,208,0,105,0,1254,212
 62850,0,32348,1169,848,1904,2379,529,31729,31510,0,0,519,1365,0,2627,1288,640,1149,103,410,0,0,0,1246,31955,208,208,0,105,0,1254,212
 62855,0,32348,1169,848,1904,2379,529,31729,31510,0,0,519,1365,0,2627,1288,640,1149,103,410,0,0,0,1246,31960,208,208,0,105,0,1254,212
 62860,0,32348,1169,848,1904,2379,529,31729,31510,0,0,519,1365,0,2627,1288,640,1149,103,410,0,0,0,1246,31965,208,208,0,105,0,1254,212
 62865,0,32348,1169,848,1904,2379,529,31729,31510,0,0,519,1365,0,2627,1288,640,1149,103,410,0,0,0,1246,31970,208,208,0,105,0,1254,212
 62870,0,32348,1169,848,1904,2379,529,31729,31510,0,0,519,1365,0,2627,1288,640,1149,103,410,0,0,0,1246,31975,208,208,0,105,0,1254,212
 62875,0,32348,1169,848,1904,2379,529,31729,31510,0,0,519,1365,0,2627,1288,640,1149,103,410,0,0,0,1246,31980,208,208,0,105,0,1254,212
 62880,0,32349,1169,848,1904,2379,529,31729,31513,0,0,519,1365,0,2627,1288,640,1149,103,410,0,0,0,1246,31985,208,208,0,105,0,1254,212
 62885,0,32354,1169,848,1904,2379,529,31729,31518,0,0,519,1365,0,2627,1288,640,1149,103,410,0,0,0,1246,31990,208,208,0,105,0,1254,212
 62890,0,32359,1169,848,1904,2379,529,31729,31523,0,0,519,1365,0,2627,1288,640,1149,103,410,0,0,0,1246,31995,208,208,0,105,0,1254,212
 62895,0,32364,1169,848,1904,2379,529,31729,31528,0,0,519,1365,0,2627,1288,640,1149,103,410,0,0,0,1246,32000,208,208,0,105,0,1254,212
 62900,0,32369,1169,848,1904,2379,529,31729,31533,0,0,519,1365,0,2627,1288,640,1149,103,410,0,0,0,1246,32005,208,208,0,105,0,1254,212
 62905,0,32374,1169,848,1904,2379,529,31729,31538,0,0,519,1365,0,2627,1288,640,1149,103,410,0,0,0,1246,32011,208,208,0,105,0,1254,212
 62910,0,32379,1169,848,1904,2379,529,31729,31543,0,0,519,1365,0,2627,1288,640,1149,103,410,0,0,0,1246,32011,208,208,0,105,0,1254,212
 62915,0,32384,1169,848,1904,2379,529,31729,31548,0,0,519,1365,0,2627,1288,640,1149,103,410,0,0,0,1246,32011,208,208,0,105,0,1254,212
 62920,0,32389,1169,848,1904,2379,529,31729,31553,0,0,519,1365,0,2627,1288,640,1149,103,410,0,0,0,1246,32011,208,208,0,105,0,1254,212
 62925,0,32394,1169,848,1904,2379,529,31729,31558,0,0,519,1365,0,2627,1288,640,1149,103,410,0,0,0,1246,32011,208,208,0,105,0,1254,212
 62930,0,32399,1169,848,1904,2379,529,31729,31563,0,0,519,1365,0,2627,1288,640,1149,103,410,0,0,0,1246,32011,208,208,0,105,0,1254,212
 62935,0,32404,1169,848,1904,2379,529,31729,31568,0,0,519,1365,0,2627,1288,640,1149,103,410,0,0,0,1246,32011,208,208,0,105,0,1254,212
 62940,0,32409,1169,848,1904,2379,529,31732,31573,0,0,519,1365,0,2627,1288,640,1149,103,410,0,0,0,1246,32011,208,208,0,105,0,1254,212
 62945,0,32414,1169,848,1904,2379,529,31737,31578,0,0,519,1365,0,2627,1288,640,1149,103,410,0,0,0,1246,32011,208,208,0,105,0,1254,212
 62950,0,32419,1169,848,1904,2379,529,31742,31583,0,0,519,1365,0,2627,1288,640,1149,103,410,0,0,0,1246,32011,208,208,0,105,0,1254,212
 62955,0,32424,1169,848,1904,2379,529,31747,31588,0,0,519,1365,0,2627,1288,640,1149,103,410,0,0,0,1246,32011,208,208,0,105,0,1254,212
 62960,0,32429,1169,848,1904,2379,529,31752,31593,0,0,519,1365,0,2627,1288,640,1149,103,410,0,0,0,1246,32016,208,208,0,105,0,1254,212
 62965,0,32434,1169,848,1904,2379,529,31757,31598,0,0,519,1365,0,2627,1288,640,1149,103,410,0,0,0,1246,32021,208,208,0,105,0,1254,212
 62970,0,32439,1169,848,1904,2379,529,31762,31603,0,0,519,1365,0,2627,1288,640,1149,103,410,0,0,0,1246,32026,208,208,0,105,0,1254,212
 62975,0,32444,1169,848,1904,2379,529,31767,31608,0,0,519,1365,0,2627,1288,640,1149,103,410,0,0,0,1246,32031,208,208,0,105,0,1254,212
 62980,0,32449,1169,848,1904,2379,529,31772,31613,0,0,519,1365,0,2627,1288,640,1149,103,410,0,0,0,1246,32036,208,208,0,105,0,1254,212
 62985,0,32453,1169,848,1904,2379,529,31777,31615,0,0,519,1365,0,2627,1288,640,1149,103,410,0,0,0,1246,32041,208,208,0,105,0,1254,212
 62990,0,32453,1169,848,1904,2379,529,31782,31615,0,0,519,1365,0,2627,1288,640,1149,103,410,0,0,0,1246,32046,208,208,0,105,0,1254,212
 62995,0,32453,1169,848,1904,2379,529,31787,31615,0,0,519,1365,0,2627,1288,640,1149,103,410,0,0,0,1246,32051,208,208,0,105,0,1254,212
 63000,0,32453,1169,848,1904,2379,529,31792,31615,0,0,519,1365,0,2627,1288,640,1149,103,410,0,0,0,1246,32056,208,208,0,105,0,1254,212
 63005,0,32453,1169,848,1904,2379,529,31797,31615,0,0,519,1365,0,2627,1288,640,1149,103,410,0,0,0,1246,32061,208,208,0,105,0,1254,212
 63010,0,32453,1169,848,1904,2379,529,31802,31615,0,0,519,1365,0,2627,1288,640,1149,103,410,0,0,0,1246,32066,208,208,0,105,0,1254,212
 63015,0,32453,1169,848,1904,2379,529,31807,31615,0,0,519,1365,0,2627,1288,640,1149,103,410,0,0,0,1246,32071,208,208,0,105,0,1254,212
 63020,0,32453,1169,848,1904,2379,529,31812,31615,0,0,519,1365,0,2627,1288,640,1149,103,410,0,0,0,1246,32076,208,208,0,105,0,1254,212
 63025,0,32453,1169,848,1904,2379,529,31817,31615,0,0,519,1365,0,2627,1288,640,1149,103,410,0,0,0,1246,32081,208,208,0,105,0,1254,212
 63030,0,32453,1169,848,1904,2379,529,31822,31615,0,0,519,1365,0,2627,1288,640,1149,103,410,0,0,0,1246,32086,208,208,0,105,0,1254,212
 63035,0,32453,1169,848,1904,2379,529,31827,31615,0,0,519,1365,0,2627,1288,640,1149,103,410,0,0,0,1246,32091,208,208,0,105,0,1254,212
 63040,0,32452,1169,848,1904,2379,529,31832,31615,0,0,519,1365,0,2627,1288,640,1149,103,410,0,0,0,1246,32096,208,208,0,105,0,1254,212
 63045,0,32457,1169,848,1904,2379,529,31836,31615,0,0,519,1365,0,2627,1288,640,1149,103,410,0,0,0,1246,32101,208,208,0,105,0,1254,212
 63050,0,32462,1169,848,1904,2379,529,31836,31615,0,0,519,1365,0,2627,1288,640,1149,103,410,0,0,0,1246,32106,208,208,0,105,0,1254,212
 63055,0,32467,1169,848,1904,2379,529,31836,31617,0,0,519,1365,0,2627,1288,640,1149,103,410,0,0,0,1246,32111,208,208,0,105,0,1254,212
 63060,0,32472,1169,848,1904,2379,529,31835,31622,0,0,519,1365,0,2627,1288,640,1149,103,410,0,0,0,1246,32116,208,208,0,105,0,1254,212
 63065,0,32477,1169,848,1904,2379,529,31840,31627,0,0,519,1365,0,2627,1288,640,1149,103,410,0,0,0,1246,32118,208,208,0,105,0,1254,212
 63070,0,32482,1169,848,1904,2379,529,31845,31632,0,0,519,1365,0,2627,1288,640,1149,103,410,0,0,0,1246,32118,208,208,0,105,0,1254,212
 63075,0,32487,1169,848,1904,2379,529,31850,31637,0,0,519,1365,0,2627,1288,640,1149,103,410,0,0,0,1246,32118,208,208,0,105,0,1254,212
 63080,0,32492,1169,848,1904,2379,529,31855,31642,0,0,519,1365,0,2627,1288,640,1149,103,410,0,0,0,1246,32118,208,208,0,105,0,1254,212
 63085,0,32497,1169,848,1904,2379,529,31860,31647,0,0,519,1365,0,2627,1288,640,1149,103,410,0,0,0,1246,32118,208,208,0,105,0,1254,212
 63090,0,32502,1169,848,1904,2379,529,31865,31652,0,0,519,1365,0,2627,1288,640,1149,103,410,0,0,0,1246,32118,208,208,0,105,0,1254,212
 63095,0,32507,1169,848,1904,2379,529,31870,31657,0,0,519,1365,0,2627,1288,640,1149,103,410,0,0,0,1246,32118,208,208,0,105,0,1254,212
 63100,0,32512,1169,848,1904,2379,529,31875,31662,0,0,519,1365,0,2627,1288,640,1149,103,410,0,0,0,1246,32118,208,208,0,105,0,1254,212
 63105,0,32517,1169,848,1904,2379,529,31880,31667,0,0,519,1365,0,2627,1288,640,1149,103,410,0,0,0,1246,32118,208,208,0,105,0,1254,212
 63110,0,32522,1169,848,1904,2379,529,31885,31672,0,0,519,1365,0,2627,1288,640,1149,103,410,0,0,0,1246,32118,208,208,0,105,0,1254,212
 63115,0,32527,1169,848,1904,2379,529,31890,31677,0,0,519,1365,0,2627,1288,640,1149,103,410,0,0,0,1246,32118,208,208,0,105,0,1254,212
 63120,0,32532,1169,848,1904,2379,529,31895,31682,0,0,519,1365,0,2627,1288,640,1149,103,410,0,0,0,1246,32118,208,208,0,105,0,1254,212
 63125,0,32537,1169,848,1904,2379,529,31900,31687,0,0,519,1365,0,2627,1288,640,1149,103,410,0,0,0,1246,32123,208,208,0,105,0,1254,212
 63130,0,32542,1169,848,1904,2379,529,31905,31692,0,0,519,1365,0,2627,1288,640,1149,103,410,0,0,0,1246,32128,208,208,0,105,0,1254,212
 63135,0,32547,1169,848,1904,2379,529,31910,31697,0,0,519,1365,0,2627,1288,640,1149,103,410,0,0,0,1246,32133,208,208,0,105,0,1254,212
 63140,0,32552,1169,848,1904,2379,529,31915,31702,0,0,519,1365,0,2627,1288,640,1149,103,410,0,0,0,1246,32138,208,208,0,105,0,1254,212
 63145,0,32554,1169,848,1904,2379,529,31920,31707,0,0,519,1365,0,2627,1288,640,1149,103,410,0,0,0,1246,32143,208,208,0,105,0,1254,212
 63150,0,32554,1169,848,1904,2379,529,31925,31712,0,0,519,1365,0,2627,1288,640,1149,103,410,0,0,0,1246,32148,208,208,0,105,0,1254,212
 63155,0,32554,1169,848,1904,2379,529,31930,31717,0,0,519,1365,0,2627,1288,640,1149,103,410,0,0,0,1246,32153,208,208,0,105,0,1254,212
 63160,0,32554,1169,848,1904,2379,529,31935,31720,0,0,519,1365,0,2627,1288,640,1149,103,410,0,0,0,1246,32158,208,208,0,105,0,1254,212
 63165,0,32554,1169,848,1904,2379,529,31939,31720,0,0,519,1365,0,2627,1288,640,1149,103,410,0,0,0,1246,32163,208,208,0,105,0,1254,212
 63170,0,32555,1169,848,1904,2379,529,31939,31720,0,0,519,1365,0,2627,1288,640,1149,103,410,0,0,0,1246,32168,208,208,0,105,0,1254,212
 63175,0,32560,1169,848,1904,2379,529,31939,31720,0,0,519,1365,0,2627,1288,640,1149,103,410,0,0,0,1246,32173,208,208,0,105,0,1254,212
 63180,0,32565,1169,848,1904,2379,529,31939,31720,0,0,519,1365,0,2627,1288,640,1149,103,410,0,0,0,1246,32178,208,208,0,105,0,1254,212
 63185,0,32570,1169,848,1904,2379,529,31939,31720,0,0,519,1365,0,2627,1288,640,1149,103,410,0,0,0,1246,32183,208,208,0,105,0,1254,212
 63190,0,32575,1169,848,1904,2379,529,31939,31720,0,0,519,1365,0,2627,1288,640,1149,103,410,0,0,0,1246,32188,208,208,0,105,0,1254,212
 63195,0,32580,1169,848,1904,2379,529,31939,31720,0,0,519,1365,0,2627,1288,640,1149,103,410,0,0,0,1246,32193,208,208,0,105,0,1254,212
 63200,0,32585,1169,848,1904,2379,529,31939,31720,0,0,519,1365,0,2627,1288,640,1149,103,410,0,0,0,1246,32198,208,208,0,105,0,1254,212
 63205,0,32590,1169,848,1904,2379,529,31939,31720,0,0,519,1365,0,2627,1288,640,1149,103,410,0,0,0,1246,32203,208,208,0,105,0,1254,212
 63210,0,32595,1169,848,1904,2379,529,31939,31720,0,0,519,1365,0,2627,1288,640,1149,103,410,0,0,0,1246,32208,208,208,0,105,0,1254,212
 63215,0,32600,1169,848,1904,2379,529,31939,31720,0,0,519,1365,0,2627,1288,640,1149,103,410,0,0,0,1246,32213,208,208,0,105,0,1254,212
 63220,0,32605,1169,848,1904,2379,529,31939,31720,0,0,519,1365,0,2627,1288,640,1149,103,410,0,0,0,1246,32218,208,208,0,105,0,1254,212
 63225,0,32610,1169,848,1904,2379,529,31939,31720,0,0,519,1365,0,2627,1288,640,1149,103,410,0,0,0,1246,32223,208,208,0,105,0,1254,212
 63230,0,32615,1169,848,1904,2379,529,31939,31722,0,0,519,1365,0,2627,1288,640,1149,103,410,0,0,0,1246,32227,208,208,0,105,0,1254,212
 63235,0,32620,1169,848,1904,2379,529,31939,31727,0,0,519,1365,0,2627,1288,640,1149,103,410,0,0,0,1246,32227,208,208,0,105,0,1254,212
 63240,0,32625,1169,848,1904,2379,529,31939,31732,0,0,519,1365,0,2627,1288,640,1149,103,410,0,0,0,1246,32227,208,208,0,105,0,1254,212
 63245,0,32630,1169,848,1904,2379,529,31939,31737,0,0,519,1365,0,2627,1288,640,1149,103,410,0,0,0,1246,32227,208,208,0,105,0,1254,212
 63250,0,32635,1169,848,1904,2379,529,31939,31742,0,0,519,1365,0,2627,1288,640,1149,103,410,0,0,0,1246,32227,208,208,0,105,0,1254,212
 63255,0,32640,1169,848,1904,2379,529,31939,31747,0,0,519,1365,0,2627,1288,640,1149,103,410,0,0,0,1246,32227,208,208,0,105,0,1254,212
 63260,0,32645,1169,848,1904,2379,529,31939,31752,0,0,519,1365,0,2627,1288,640,1149,103,410,0,0,0,1246,32226,208,208,0,105,0,1254,212
 63265,0,32650,1169,848,1904,2379,529,31942,31757,0,0,519,1365,0,2627,1288,640,1149,103,410,0,0,0,1246,32231,208,208,0,105,0,1254,212
 63270,0,32655,1169,848,1904,2379,529,31947,31762,0,0,519,1365,0,2627,1288,640,1149,103,410,0,0,0,1246,32236,208,208,0,105,0,1254,212
 63275,0,32657,1169,848,1904,2379,529,31952,31767,0,0,519,1365,0,2627,1288,640,1149,103,410,0,0,0,1246,32241,208,208,0,105,0,1254,212
 63280,0,32657,1169,848,1904,2379,529,31957,31772,0,0,519,1365,0,2627,1288,640,1149,103,410,0,0,0,1246,32246,208,208,0,105,0,1254,212
 63285,0,32657,1169,848,1904,2379,529,31962,31777,0,0,519,1365,0,2627,1288,640,1149,103,410,0,0,0,1246,32251,208,208,0,105,0,1254,212
 63290,0,32657,1169,848,1904,2379,529,31967,31782,0,0,519,1365,0,2627,1288,640,1149,103,410,0,0,0,1246,32256,208,208,0,105,0,1254,212
 63295,0,32657,1169,848,1904,2379,529,31972,31787,0,0,519,1365,0,2627,1288,640,1149,103,410,0,0,0,1246,32261,208,208,0,105,0,1254,212
 63300,0,32657,1169,848,1904,2379,529,31977,31792,0,0,519,1365,0,2627,1288,640,1149,103,410,0,0,0,1246,32266,208,208,0,105,0,1254,212
 63305,0,32657,1169,848,1904,2379,529,31982,31797,0,0,519,1365,0,2627,1288,640,1149,103,410,0,0,0,1246,32271,208,208,0,105,0,1254,212
 63310,0,32657,1169,848,1904,2379,529,31987,31802,0,0,519,1365,0,2627,1288,640,1149,103,410,0,0,0,1246,32276,208,208,0,105,0,1254,212
 63315,0,32657,1169,848,1904,2379,529,31992,31807,0,0,519,1365,0,2627,1288,640,1149,103,410,0,0,0,1246,32281,208,208,0,105,0,1254,212
 63320,0,32657,1169,848,1904,2379,529,31997,31812,0,0,519,1365,0,2627,1288,640,1149,103,410,0,0,0,1246,32286,208,208,0,105,0,1254,212
 63325,0,32657,1169,848,1904,2379,529,32002,31817,0,0,519,1365,0,2627,1288,640,1149,103,410,0,0,0,1246,32291,208,208,0,105,0,1254,212
 63330,0,32657,1169,848,1904,2379,529,32007,31822,0,0,519,1365,0,2627,1288,640,1149,103,410,0,0,0,1246,32296,208,208,0,105,0,1254,212
 63335,0,32657,1169,848,1904,2379,529,32012,31825,0,0,519,1365,0,2627,1288,640,1149,103,410,0,0,0,1246,32301,208,208,0,105,0,1254,212
 63340,0,32657,1169,848,1904,2379,529,32017,31825,0,0,519,1365,0,2627,1288,640,1149,103,410,0,0,0,1246,32306,208,208,0,105,0,1254,212
 63345,0,32657,1169,848,1904,2379,529,32022,31825,0,0,519,1365,0,2627,1288,640,1149,103,410,0,0,0,1246,32311,208,208,0,105,0,1254,212
 63350,0,32657,1169,848,1904,2379,529,32027,31825,0,0,519,1365,0,2627,1288,640,1149,103,410,0,0,0,1246,32316,208,208,0,105,0,1254,212
 63355,0,32657,1169,848,1904,2379,529,32032,31825,0,0,519,1365,0,2627,1288,640,1149,103,410,0,0,0,1246,32321,208,208,0,105,0,1254,212
 63360,0,32657,1169,848,1904,2379,529,32037,31825,0,0,519,1365,0,2627,1288,640,1149,103,410,0,0,0,1246,32326,208,208,0,105,0,1254,212
 63365,0,32657,1169,848,1904,2379,529,32042,31825,0,0,519,1365,0,2627,1288,640,1149,103,410,0,0,0,1246,32330,208,208,0,105,0,1254,212
 63370,0,32657,1169,848,1904,2379,529,32046,31825,0,0,519,1365,0,2627,1288,640,1149,103,410,0,0,0,1246,32330,208,208,0,105,0,1254,212
 63375,0,32657,1169,848,1904,2379,529,32046,31825,0,0,519,1365,0,2627,1288,640,1149,103,410,0,0,0,1246,32330,208,208,0,105,0,1254,212
 63380,0,32657,1169,848,1904,2379,529,32046,31825,0,0,519,1365,0,2627,1288,640,1149,103,410,0,0,0,1246,32330,208,208,0,105,0,1254,212
 63385,0,32659,1169,848,1904,2379,529,32046,31825,0,0,519,1365,0,2627,1288,640,1149,103,410,0,0,0,1246,32330,208,208,0,105,0,1254,212
 63390,0,32664,1169,848,1904,2379,529,32046,31825,0,0,519,1365,0,2627,1288,640,1149,103,410,0,0,0,1246,32330,208,208,0,105,0,1254,212
 63395,0,32669,1169,848,1904,2379,529,32046,31825,0,0,519,1365,0,2627,1288,640,1149,103,410,0,0,0,1246,32330,208,208,0,105,0,1254,212
 63400,0,32674,1169,848,1904,2379,529,32046,31825,0,0,519,1365,0,2627,1288,640,1149,103,410,0,0,0,1246,32330,208,208,0,105,0,1254,212
 63405,0,32679,1169,848,1904,2379,529,32046,31825,0,0,519,1365,0,2627,1288,640,1149,103,410,0,0,0,1246,32330,208,208,0,105,0,1254,212
 63410,0,32684,1169,848,1904,2379,529,32046,31825,0,0,519,1365,0,2627,1288,640,1149,103,410,0,0,0,1246,32330,208,208,0,105,0,1254,212
 63415,0,32689,1169,848,1904,2379,529,32046,31825,0,0,519,1365,0,2627,1288,640,1149,103,410,0,0,0,1246,32330,208,208,0,105,0,1254,212
 63420,0,32694,1169,848,1904,2379,529,32046,31825,0,0,519,1365,0,2627,1288,640,1149,103,410,0,0,0,1246,32330,208,208,0,105,0,1254,212
 63425,0,32699,1169,848,1904,2379,529,32046,31825,0,0,519,1365,0,2627,1288,640,1149,103,410,0,0,0,1246,32330,208,208,0,105,0,1254,212
 63430,0,32704,1169,848,1904,2379,529,32046,31825,0,0,519,1365,0,2627,1288,640,1149,103,410,0,0,0,1246,32330,208,208,0,105,0,1254,212
 63435,0,32709,1169,848,1904,2379,529,32046,31825,0,0,519,1365,0,2627,1288,640,1149,103,410,0,0,0,1246,32329,208,208,0,105,0,1254,212
 63440,0,32714,1169,848,1904,2379,529,32046,31827,0,0,519,1365,0,2627,1288,640,1149,103,410,0,0,0,1246,32334,208,208,0,105,0,1254,212
 63445,0,32719,1169,848,1904,2379,529,32046,31832,0,0,519,1365,0,2627,1288,640,1149,103,410,0,0,0,1246,32339,208,208,0,105,0,1254,212
 63450,0,32724,1169,848,1904,2379,529,32046,31837,0,0,519,1365,0,2627,1288,640,1149,103,410,0,0,0,1246,32344,208,208,0,105,0,1254,212
 63455,0,32729,1169,848,1904,2379,529,32046,31842,0,0,519,1365,0,2627,1288,640,1149,103,410,0,0,0,1246,32349,208,208,0,105,0,1254,212
 63460,0,32734,1169,848,1904,2379,529,32046,31847,0,0,519,1365,0,2627,1288,640,1149,103,410,0,0,0,1246,32354,208,208,0,105,0,1254,212
 63465,0,32739,1169,848,1904,2379,529,32046,31852,0,0,519,1365,0,2627,1288,640,1149,103,410,0,0,0,1246,32359,208,208,0,105,0,1254,212
 63470,0,32744,1169,848,1904,2379,529,32049,31857,0,0,519,1365,0,2627,1288,640,1149,103,410,0,0,0,1246,32364,208,208,0,105,0,1254,212
 63475,0,32749,1169,848,1904,2379,529,32054,31862,0,0,519,1365,0,2627,1288,640,1149,103,410,0,0,0,1246,32369,208,208,0,105,0,1254,212
 63480,0,32754,1169,848,1904,2379,529,32059,31867,0,0,519,1365,0,2627,1288,640,1149,103,410,0,0,0,1246,32374,208,208,0,105,0,1254,212
 63485,0,32760,1169,848,1904,2379,529,32064,31872,0,0,519,1365,0,2627,1288,640,1149,103,410,0,0,0,1246,32379,208,208,0,105,0,1254,212
 63490,0,32760,1169,848,1904,2379,529,32069,31877,0,0,519,1365,0,2627,1288,640,1149,103,410,0,0,0,1246,32384,208,208,0,105,0,1254,212
 63495,0,32760,1169,848,1904,2379,529,32074,31882,0,0,519,1365,0,2627,1288,640,1149,103,410,0,0,0,1246,32389,208,208,0,105,0,1254,212
 63500,0,32760,1169,848,1904,2379,529,32079,31887,0,0,519,1365,0,2627,1288,640,1149,103,410,0,0,0,1246,32394,208,208,0,105,0,1254,212
 63505,0,32760,1169,848,1904,2379,529,32084,31892,0,0,519,1365,0,2627,1288,640,1149,103,410,0,0,0,1246,32399,208,208,0,105,0,1254,212
 63510,0,32760,1169,848,1904,2379,529,32089,31897,0,0,519,1365,0,2627,1288,640,1149,103,410,0,0,0,1246,32404,208,208,0,105,0,1254,212
 63515,0,32760,1169,848,1904,2379,529,32094,31902,0,0,519,1365,0,2627,1288,640,1149,103,410,0,0,0,1246,32409,208,208,0,105,0,1254,212
 63520,0,32760,1169,848,1904,2379,529,32099,31907,0,0,519,1365,0,2627,1288,640,1149,103,410,0,0,0,1246,32414,208,208,0,105,0,1254,212
 63525,0,32760,1169,848,1904,2379,529,32104,31912,0,0,519,1365,0,2627,1288,640,1149,103,410,0,0,0,1246,32419,208,208,0,105,0,1254,212
 63530,0,32760,1169,848,1904,2379,529,32109,31917,0,0,519,1365,0,2627,1288,640,1149,103,410,0,0,0,1246,32424,208,208,0,105,0,1254,212
 63535,0,32760,1169,848,1904,2379,529,32114,31922,0,0,519,1365,0,2627,1288,640,1149,103,410,0,0,0,1246,32429,208,208,0,105,0,1254,212
 63540,0,32760,1169,848,1904,2379,529,32119,31928,0,0,519,1365,0,2627,1288,640,1149,103,410,0,0,0,1246,32433,208,208,0,105,0,1254,212
 63545,0,32760,1169,848,1904,2379,529,32124,31928,0,0,519,1365,0,2627,1288,640,1149,103,410,0,0,0,1246,32433,208,208,0,105,0,1254,212
 63550,0,32760,1169,848,1904,2379,529,32129,31928,0,0,519,1365,0,2627,1288,640,1149,103,410,0,0,0,1246,32433,208,208,0,105,0,1254,212
 63555,0,32760,1169,848,1904,2379,529,32134,31928,0,0,519,1365,0,2627,1288,640,1149,103,410,0,0,0,1246,32433,208,208,0,105,0,1254,212
 63560,0,32760,1169,848,1904,2379,529,32139,31928,0,0,519,1365,0,2627,1288,640,1149,103,410,0,0,0,1246,32433,208,208,0,105,0,1254,212
 63565,0,32760,1169,848,1904,2379,529,32144,31928,0,0,519,1365,0,2627,1288,640,1149,103,410,0,0,0,1246,32433,208,208,0,105,0,1254,212
 63570,0,32760,1169,848,1904,2379,529,32147,31928,0,0,519,1365,0,2627,1288,640,1149,103,410,0,0,0,1246,32433,208,208,0,105,0,1254,212
 63575,0,32760,1169,848,1904,2379,529,32147,31928,0,0,519,1365,0,2627,1288,640,1149,103,410,0,0,0,1246,32433,208,208,0,105,0,1254,212
 63580,0,32760,1169,848,1904,2379,529,32147,31928,0,0,519,1365,0,2627,1288,640,1149,103,410,0,0,0,1246,32433,208,208,0,105,0,1254,212
 63585,0,32760,1169,848,1904,2379,529,32147,31928,0,0,519,1365,0,2627,1288,640,1149,103,410,0,0,0,1246,32433,208,208,0,105,0,1254,212
 63590,0,32760,1169,848,1904,2379,529,32147,31928,0,0,519,1365,0,2627,1288,640,1149,103,410,0,0,0,1246,32433,208,208,0,105,0,1254,212
 63595,0,32760,1169,848,1904,2379,529,32147,31928,0,0,519,1365,0,2627,1288,640,1149,103,410,0,0,0,1246,32433,208,208,0,105,0,1254,212
 63600,0,32760,1169,848,1904,2379,529,32147,31928,0,0,519,1365,0,2627,1288,640,1149,103,410,0,0,0,1246,32433,208,208,0,105,0,1254,212
 63605,0,32760,1169,848,1904,2379,529,32147,31928,0,0,519,1365,0,2627,1288,640,1149,103,410,0,0,0,1246,32433,208,208,0,105,0,1254,212
 63610,0,32760,1169,848,1904,2379,529,32147,31928,0,0,519,1365,0,2627,1288,640,1149,103,410,0,0,0,1246,32433,208,208,0,105,0,1254,212
 63615,0,32760,1169,848,1904,2379,529,32147,31928,0,0,519,1365,0,2627,1288,640,1149,103,410,0,0,0,1246,32433,208,208,0,105,0,1254,212
 63620,0,32760,1169,848,1904,2379,529,32147,31928,0,0,519,1365,0,2627,1288,640,1149,103,410,0,0,0,1246,32433,208,208,0,105,0,1254,212
 63625,0,32760,1169,848,1904,2379,529,32147,31928,0,0,519,1365,0,2627,1288,640,1149,103,410,0,0,0,1246,32433,208,208,0,105,0,1254,212
 63630,0,32760,1169,848,1904,2379,529,32147,31928,0,0,519,1365,0,2627,1288,640,1149,103,410,0,0,0,1246,32433,208,208,0,105,0,1254,212
 63635,0,32760,1169,848,1904,2379,529,32147,31928,0,0,519,1365,0,2627,1288,640,1149,103,410,0,0,0,1246,32433,208,208,0,105,0,1254,212
 63640,0,32760,1169,848,1904,2379,529,32147,31928,0,0,519,1365,0,2627,1288,640,1149,103,410,0,0,0,1246,32433,208,208,0,105,0,1254,212
 63645,0,32759,1169,848,1904,2379,529,32147,31928,0,0,519,1365,0,2627,1288,640,1149,103,410,0,0,0,1246,32438,208,208,0,105,0,1254,212
 63650,0,32764,1169,848,1904,2379,529,32147,31928,0,0,519,1365,0,2627,1288,640,1149,103,410,0,0,0,1246,32443,208,208,0,105,0,1254,212
 63655,0,32769,1169,848,1904,2379,529,32147,31933,0,0,519,1365,0,2627,1288,640,1149,103,410,0,0,0,1246,32448,208,208,0,105,0,1254,212
 63660,0,32774,1169,848,1904,2379,529,32147,31938,0,0,519,1365,0,2627,1288,640,1149,103,410,0,0,0,1246,32453,208,208,0,105,0,1254,212
 63665,0,32779,1169,848,1904,2379,529,32147,31943,0,0,519,1365,0,2627,1288,640,1149,103,410,0,0,0,1246,32458,208,208,0,105,0,1254,212
 63670,0,32784,1169,848,1904,2379,529,32148,31948,0,0,519,1365,0,2627,1288,640,1149,103,410,0,0,0,1246,32463,208,208,0,105,0,1254,212
 63675,0,32789,1169,848,1904,2379,529,32153,31953,0,0,519,1365,0,2627,1288,640,1149,103,410,0,0,0,1246,32468,208,208,0,105,0,1254,212
 63680,0,32794,1169,848,1904,2379,529,32158,31958,0,0,519,1365,0,2627,1288,640,1149,103,410,0,0,0,1246,32473,208,208,0,105,0,1254,212
 63685,0,32799,1169,848,1904,2379,529,32163,31963,0,0,519,1365,0,2627,1288,640,1149,103,410,0,0,0,1246,32478,208,208,0,105,0,1254,212
 63690,0,32804,1169,848,1904,2379,529,32168,31968,0,0,519,1365,0,2627,1288,640,1149,103,410,0,0,0,1246,32483,208,208,0,105,0,1254,212
 63695,0,32809,1169,848,1904,2379,529,32173,31973,0,0,519,1365,0,2627,1288,640,1149,103,410,0,0,0,1246,32488,208,208,0,105,0,1254,212
 63700,0,32814,1169,848,1904,2379,529,32178,31978,0,0,519,1365,0,2627,1288,640,1149,103,410,0,0,0,1246,32493,208,208,0,105,0,1254,212
 63705,0,32819,1169,848,1904,2379,529,32183,31983,0,0,519,1365,0,2627,1288,640,1149,103,410,0,0,0,1246,32498,208,208,0,105,0,1254,212
 63710,0,32824,1169,848,1904,2379,529,32188,31988,0,0,519,1365,0,2627,1288,640,1149,103,410,0,0,0,1246,32503,208,208,0,105,0,1254,212
 63715,0,32829,1169,848,1904,2379,529,32193,31993,0,0,519,1365,0,2627,1288,640,1149,103,410,0,0,0,1246,32508,208,208,0,105,0,1254,212
 63720,0,32834,1169,848,1904,2379,529,32198,31998,0,0,519,1365,0,2627,1288,640,1149,103,410,0,0,0,1246,32513,208,208,0,105,0,1254,212
 63725,0,32839,1169,848,1904,2379,529,32203,32003,0,0,519,1365,0,2627,1288,640,1149,103,410,0,0,0,1246,32518,208,208,0,105,0,1254,212
 63730,0,32844,1169,848,1904,2379,529,32208,32008,0,0,519,1365,0,2627,1288,640,1149,103,410,0,0,0,1246,32523,208,208,0,105,0,1254,212
 63735,0,32849,1169,848,1904,2379,529,32213,32013,0,0,519,1365,0,2627,1288,640,1149,103,410,0,0,0,1246,32528,208,208,0,105,0,1254,212
 63740,0,32854,1169,848,1904,2379,529,32218,32018,0,0,519,1365,0,2627,1288,640,1149,103,410,0,0,0,1246,32533,208,208,0,105,0,1254,212
 63745,0,32859,1169,848,1904,2379,529,32223,32023,0,0,519,1365,0,2627,1288,640,1149,103,410,0,0,0,1246,32536,208,208,0,105,0,1254,212
 63750,0,32861,1169,848,1904,2379,529,32228,32028,0,0,519,1365,0,2627,1288,640,1149,103,410,0,0,0,1246,32536,208,208,0,105,0,1254,212
 63755,0,32861,1169,848,1904,2379,529,32233,32031,0,0,519,1365,0,2627,1288,640,1149,103,410,0,0,0,1246,32536,208,208,0,105,0,1254,212
 63760,0,32861,1169,848,1904,2379,529,32238,32031,0,0,519,1365,0,2627,1288,640,1149,103,410,0,0,0,1246,32536,208,208,0,105,0,1254,212
 63765,0,32861,1169,848,1904,2379,529,32243,32031,0,0,519,1365,0,2627,1288,640,1149,103,410,0,0,0,1246,32536,208,208,0,105,0,1254,212
 63770,0,32861,1169,848,1904,2379,529,32248,32031,0,0,519,1365,0,2627,1288,640,1149,103,410,0,0,0,1246,32536,208,208,0,105,0,1254,212
 63775,0,32861,1169,848,1904,2379,529,32252,32031,0,0,519,1365,0,2627,1288,640,1149,103,410,0,0,0,1246,32536,208,208,0,105,0,1254,212
 63780,0,32861,1169,848,1904,2379,529,32252,32031,0,0,519,1365,0,2627,1288,640,1149,103,410,0,0,0,1246,32536,208,208,0,105,0,1254,212
 63785,0,32861,1169,848,1904,2379,529,32252,32031,0,0,519,1365,0,2627,1288,640,1149,103,410,0,0,0,1246,32536,208,208,0,105,0,1254,212
 63790,0,32861,1169,848,1904,2379,529,32252,32031,0,0,519,1365,0,2627,1288,640,1149,103,410,0,0,0,1246,32536,208,208,0,105,0,1254,212
 63795,0,32861,1169,848,1904,2379,529,32252,32031,0,0,519,1365,0,2627,1288,640,1149,103,410,0,0,0,1246,32536,208,208,0,105,0,1254,212
 63800,0,32861,1169,848,1904,2379,529,32252,32031,0,0,519,1365,0,2627,1288,640,1149,103,410,0,0,0,1246,32536,208,208,0,105,0,1254,212
 63805,0,32861,1169,848,1904,2379,529,32252,32031,0,0,519,1365,0,2627,1288,640,1149,103,410,0,0,0,1246,32536,208,208,0,105,0,1254,212
 63810,0,32861,1169,848,1904,2379,529,32252,32031,0,0,519,1365,0,2627,1288,640,1149,103,410,0,0,0,1246,32536,208,208,0,105,0,1254,212
 63815,0,32861,1169,848,1904,2379,529,32252,32031,0,0,519,1365,0,2627,1288,640,1149,103,410,0,0,0,1246,32536,208,208,0,105,0,1254,212
 63820,0,32861,1169,848,1904,2379,529,32252,32031,0,0,519,1365,0,2627,1288,640,1149,103,410,0,0,0,1246,32536,208,208,0,105,0,1254,212
 63825,0,32861,1169,848,1904,2379,529,32252,32031,0,0,519,1365,0,2627,1288,640,1149,103,410,0,0,0,1246,32536,208,208,0,105,0,1254,212
 63830,0,32861,1169,848,1904,2379,529,32252,32031,0,0,519,1365,0,2627,1288,640,1149,103,410,0,0,0,1246,32536,208,208,0,105,0,1254,212
 63835,0,32861,1169,848,1904,2379,529,32252,32031,0,0,519,1365,0,2627,1288,640,1149,103,410,0,0,0,1246,32535,208,208,0,105,0,1254,212
 63840,0,32861,1169,848,1904,2379,529,32252,32031,0,0,519,1365,0,2627,1288,640,1149,103,410,0,0,0,1246,32540,208,208,0,105,0,1254,212
 63845,0,32861,1169,848,1904,2379,529,32252,32031,0,0,519,1365,0,2627,1288,640,1149,103,410,0,0,0,1246,32545,208,208,0,105,0,1254,212
 63850,0,32861,1169,848,1904,2379,529,32252,32031,0,0,519,1365,0,2627,1288,640,1149,103,410,0,0,0,1246,32550,208,208,0,105,0,1254,212
 63855,0,32862,1169,848,1904,2379,529,32252,32031,0,0,519,1365,0,2627,1288,640,1149,103,410,0,0,0,1246,32555,208,208,0,105,0,1254,212
 63860,0,32867,1169,848,1904,2379,529,32252,32031,0,0,519,1365,0,2627,1288,640,1149,103,410,0,0,0,1246,32560,208,208,0,105,0,1254,212
 63865,0,32872,1169,848,1904,2379,529,32252,32031,0,0,519,1365,0,2627,1288,640,1149,103,410,0,0,0,1246,32565,208,208,0,105,0,1254,212
 63870,0,32877,1169,848,1904,2379,529,32252,32031,0,0,519,1365,0,2627,1288,640,1149,103,410,0,0,0,1246,32570,208,208,0,105,0,1254,212
 63875,0,32882,1169,848,1904,2379,529,32252,32031,0,0,519,1365,0,2627,1288,640,1149,103,410,0,0,0,1246,32575,208,208,0,105,0,1254,212
 63880,0,32887,1169,848,1904,2379,529,32252,32031,0,0,519,1365,0,2627,1288,640,1149,103,410,0,0,0,1246,32580,208,208,0,105,0,1254,212
 63885,0,32892,1169,848,1904,2379,529,32252,32031,0,0,519,1365,0,2627,1288,640,1149,103,410,0,0,0,1246,32585,208,208,0,105,0,1254,212
 63890,0,32897,1169,848,1904,2379,529,32252,32031,0,0,519,1365,0,2627,1288,640,1149,103,410,0,0,0,1246,32590,208,208,0,105,0,1254,212
 63895,0,32902,1169,848,1904,2379,529,32252,32031,0,0,519,1365,0,2627,1288,640,1149,103,410,0,0,0,1246,32595,208,208,0,105,0,1254,212
 63900,0,32907,1169,848,1904,2379,529,32252,32031,0,0,519,1365,0,2627,1288,640,1149,103,410,0,0,0,1246,32600,208,208,0,105,0,1254,212
 63905,0,32912,1169,848,1904,2379,529,32253,32031,0,0,519,1365,0,2627,1288,640,1149,103,410,0,0,0,1246,32605,208,208,0,105,0,1254,212
 63910,0,32917,1169,848,1904,2379,529,32258,32033,0,0,519,1365,0,2627,1288,640,1149,103,410,0,0,0,1246,32610,208,208,0,105,0,1254,212
 63915,0,32922,1169,848,1904,2379,529,32263,32038,0,0,519,1365,0,2627,1288,640,1149,103,410,0,0,0,1246,32615,208,208,0,105,0,1254,212
 63920,0,32927,1169,848,1904,2379,529,32268,32043,0,0,519,1365,0,2627,1288,640,1149,103,410,0,0,0,1246,32620,208,208,0,105,0,1254,212
 63925,0,32932,1169,848,1904,2379,529,32273,32048,0,0,519,1365,0,2627,1288,640,1149,103,410,0,0,0,1246,32625,208,208,0,105,0,1254,212
 63930,0,32937,1169,848,1904,2379,529,32278,32053,0,0,519,1365,0,2627,1288,640,1149,103,410,0,0,0,1246,32630,208,208,0,105,0,1254,212
 63935,0,32942,1169,848,1904,2379,529,32283,32058,0,0,519,1365,0,2627,1288,640,1149,103,410,0,0,0,1246,32635,208,208,0,105,0,1254,212
 63940,0,32947,1169,848,1904,2379,529,32288,32063,0,0,519,1365,0,2627,1288,640,1149,103,410,0,0,0,1246,32640,208,208,0,105,0,1254,212
 63945,0,32952,1169,848,1904,2379,529,32293,32068,0,0,519,1365,0,2627,1288,640,1149,103,410,0,0,0,1246,32643,208,208,0,105,0,1254,212
 63950,0,32957,1169,848,1904,2379,529,32298,32073,0,0,519,1365,0,2627,1288,640,1149,103,410,0,0,0,1246,32643,208,208,0,105,0,1254,212
 63955,0,32962,1169,848,1904,2379,529,32303,32078,0,0,519,1365,0,2627,1288,640,1149,103,410,0,0,0,1246,32643,208,208,0,105,0,1254,212
 63960,0,32962,1169,848,1904,2379,529,32308,32083,0,0,519,1365,0,2627,1288,640,1149,103,410,0,0,0,1246,32643,208,208,0,105,0,1254,212
 63965,0,32962,1169,848,1904,2379,529,32313,32088,0,0,519,1365,0,2627,1288,640,1149,103,410,0,0,0,1246,32643,208,208,0,105,0,1254,212
 63970,0,32962,1169,848,1904,2379,529,32318,32093,0,0,519,1365,0,2627,1288,640,1149,103,410,0,0,0,1246,32643,208,208,0,105,0,1254,212
 63975,0,32962,1169,848,1904,2379,529,32323,32098,0,0,519,1365,0,2627,1288,640,1149,103,410,0,0,0,1246,32643,208,208,0,105,0,1254,212
 63980,0,32962,1169,848,1904,2379,529,32328,32103,0,0,519,1365,0,2627,1288,640,1149,103,410,0,0,0,1246,32643,208,208,0,105,0,1254,212
 63985,0,32962,1169,848,1904,2379,529,32333,32108,0,0,519,1365,0,2627,1288,640,1149,103,410,0,0,0,1246,32643,208,208,0,105,0,1254,212
 63990,0,32962,1169,848,1904,2379,529,32338,32113,0,0,519,1365,0,2627,1288,640,1149,103,410,0,0,0,1246,32643,208,208,0,105,0,1254,212
 63995,0,32962,1169,848,1904,2379,529,32343,32118,0,0,519,1365,0,2627,1288,640,1149,103,410,0,0,0,1246,32643,208,208,0,105,0,1254,212
 64000,0,32962,1169,848,1904,2379,529,32348,32123,0,0,519,1365,0,2627,1288,640,1149,103,410,0,0,0,1246,32643,208,208,0,105,0,1254,212
 64005,0,32962,1169,848,1904,2379,529,32353,32128,0,0,519,1365,0,2627,1288,640,1149,103,410,0,0,0,1246,32643,208,208,0,105,0,1254,212
 64010,0,32962,1169,848,1904,2379,529,32355,32134,0,0,519,1365,0,2627,1288,640,1149,103,410,0,0,0,1246,32648,208,208,0,105,0,1254,212
 64015,0,32962,1169,848,1904,2379,529,32355,32134,0,0,519,1365,0,2627,1288,640,1149,103,410,0,0,0,1246,32653,208,208,0,105,0,1254,212
 64020,0,32962,1169,848,1904,2379,529,32355,32134,0,0,519,1365,0,2627,1288,640,1149,103,410,0,0,0,1246,32658,208,208,0,105,0,1254,212
 64025,0,32962,1169,848,1904,2379,529,32355,32134,0,0,519,1365,0,2627,1288,640,1149,103,410,0,0,0,1246,32663,208,208,0,105,0,1254,212
 64030,0,32962,1169,848,1904,2379,529,32355,32134,0,0,519,1365,0,2627,1288,640,1149,103,410,0,0,0,1246,32668,208,208,0,105,0,1254,212
 64035,0,32962,1169,848,1904,2379,529,32355,32134,0,0,519,1365,0,2627,1288,640,1149,103,410,0,0,0,1246,32673,208,208,0,105,0,1254,212
 64040,0,32962,1169,848,1904,2379,529,32355,32134,0,0,519,1365,0,2627,1288,640,1149,103,410,0,0,0,1246,32678,208,208,0,105,0,1254,212
 64045,0,32962,1169,848,1904,2379,529,32355,32134,0,0,519,1365,0,2627,1288,640,1149,103,410,0,0,0,1246,32683,208,208,0,105,0,1254,212
 64050,0,32962,1169,848,1904,2379,529,32355,32134,0,0,519,1365,0,2627,1288,640,1149,103,410,0,0,0,1246,32688,208,208,0,105,0,1254,212
 64055,0,32962,1169,848,1904,2379,529,32355,32134,0,0,519,1365,0,2627,1288,640,1149,103,410,0,0,0,1246,32693,208,208,0,105,0,1254,212
 64060,0,32962,1169,848,1904,2379,529,32355,32134,0,0,519,1365,0,2627,1288,640,1149,103,410,0,0,0,1246,32698,208,208,0,105,0,1254,212
 64065,0,32962,1169,848,1904,2379,529,32355,32134,0,0,519,1365,0,2627,1288,640,1149,103,410,0,0,0,1246,32703,208,208,0,105,0,1254,212
 64070,0,32962,1169,848,1904,2379,529,32355,32134,0,0,519,1365,0,2627,1288,640,1149,103,410,0,0,0,1246,32708,208,208,0,105,0,1254,212
 64075,0,32962,1169,848,1904,2379,529,32355,32134,0,0,519,1365,0,2627,1288,640,1149,103,410,0,0,0,1246,32713,208,208,0,105,0,1254,212
 64080,0,32962,1169,848,1904,2379,529,32355,32134,0,0,519,1365,0,2627,1288,640,1149,103,410,0,0,0,1246,32718,208,208,0,105,0,1254,212
 64085,0,32964,1169,848,1904,2379,529,32355,32134,0,0,519,1365,0,2627,1288,640,1149,103,410,0,0,0,1246,32723,208,208,0,105,0,1254,212
 64090,0,32969,1169,848,1904,2379,529,32355,32134,0,0,519,1365,0,2627,1288,640,1149,103,410,0,0,0,1246,32728,208,208,0,105,0,1254,212
 64095,0,32974,1169,848,1904,2379,529,32355,32134,0,0,519,1365,0,2627,1288,640,1149,103,410,0,0,0,1246,32733,208,208,0,105,0,1254,212
 64100,0,32979,1169,848,1904,2379,529,32355,32134,0,0,519,1365,0,2627,1288,640,1149,103,410,0,0,0,1246,32738,208,208,0,105,0,1254,212
 64105,0,32984,1169,848,1904,2379,529,32356,32134,0,0,519,1365,0,2627,1288,640,1149,103,410,0,0,0,1246,32743,208,208,0,105,0,1254,212
 64110,0,32989,1169,848,1904,2379,529,32361,32134,0,0,519,1365,0,2627,1288,640,1149,103,410,0,0,0,1246,32746,208,208,0,105,0,1254,212
 64115,0,32994,1169,848,1904,2379,529,32366,32134,0,0,519,1365,0,2627,1288,640,1149,103,410,0,0,0,1246,32746,208,208,0,105,0,1254,212
 64120,0,32999,1169,848,1904,2379,529,32371,32134,0,0,519,1365,0,2627,1288,640,1149,103,410,0,0,0,1246,32746,208,208,0,105,0,1254,212
 64125,0,33004,1169,848,1904,2379,529,32376,32134,0,0,519,1365,0,2627,1288,640,1149,103,410,0,0,0,1246,32746,208,208,0,105,0,1254,212
 64130,0,33009,1169,848,1904,2379,529,32381,32134,0,0,519,1365,0,2627,1288,640,1149,103,410,0,0,0,1246,32746,208,208,0,105,0,1254,212
 64135,0,33014,1169,848,1904,2379,529,32386,32134,0,0,519,1365,0,2627,1288,640,1149,103,410,0,0,0,1246,32746,208,208,0,105,0,1254,212
 64140,0,33019,1169,848,1904,2379,529,32391,32134,0,0,519,1365,0,2627,1288,640,1149,103,410,0,0,0,1246,32746,208,208,0,105,0,1254,212
 64145,0,33024,1169,848,1904,2379,529,32396,32136,0,0,519,1365,0,2627,1288,640,1149,103,410,0,0,0,1246,32746,208,208,0,105,0,1254,212
 64150,0,33029,1169,848,1904,2379,529,32401,32141,0,0,519,1365,0,2627,1288,640,1149,103,410,0,0,0,1246,32746,208,208,0,105,0,1254,212
 64155,0,33034,1169,848,1904,2379,529,32406,32146,0,0,519,1365,0,2627,1288,640,1149,103,410,0,0,0,1246,32746,208,208,0,105,0,1254,212
 64160,0,33039,1169,848,1904,2379,529,32411,32151,0,0,519,1365,0,2627,1288,640,1149,103,410,0,0,0,1246,32746,208,208,0,105,0,1254,212
 64165,0,33044,1169,848,1904,2379,529,32416,32156,0,0,519,1365,0,2627,1288,640,1149,103,410,0,0,0,1246,32749,208,208,0,105,0,1254,212
 64170,0,33049,1169,848,1904,2379,529,32421,32161,0,0,519,1365,0,2627,1288,640,1149,103,410,0,0,0,1246,32754,208,208,0,105,0,1254,212
 64175,0,33054,1169,848,1904,2379,529,32426,32166,0,0,519,1365,0,2627,1288,640,1149,103,410,0,0,0,1246,32759,208,208,0,105,0,1254,212
 64180,0,33059,1169,848,1904,2379,529,32431,32171,0,0,519,1365,0,2627,1288,640,1149,103,410,0,0,0,1246,32764,208,208,0,105,0,1254,212
 64185,0,33064,1169,848,1904,2379,529,32436,32176,0,0,519,1365,0,2627,1288,640,1149,103,410,0,0,0,1246,32769,208,208,0,105,0,1254,212
 64190,0,33067,1169,848,1904,2379,529,32441,32181,0,0,519,1365,0,2627,1288,640,1149,103,410,0,0,0,1246,32774,208,208,0,105,0,1254,212
 64195,0,33067,1169,848,1904,2379,529,32446,32186,0,0,519,1365,0,2627,1288,640,1149,103,410,0,0,0,1246,32779,208,208,0,105,0,1254,212
 64200,0,33067,1169,848,1904,2379,529,32451,32191,0,0,519,1365,0,2627,1288,640,1149,103,410,0,0,0,1246,32784,208,208,0,105,0,1254,212
 64205,0,33067,1169,848,1904,2379,529,32456,32196,0,0,519,1365,0,2627,1288,640,1149,103,410,0,0,0,1246,32789,208,208,0,105,0,1254,212
 64210,0,33067,1169,848,1904,2379,529,32458,32201,0,0,519,1365,0,2627,1288,640,1149,103,410,0,0,0,1246,32794,208,208,0,105,0,1254,212
 64215,0,33067,1169,848,1904,2379,529,32458,32206,0,0,519,1365,0,2627,1288,640,1149,103,410,0,0,0,1246,32799,208,208,0,105,0,1254,212
 64220,0,33067,1169,848,1904,2379,529,32458,32211,0,0,519,1365,0,2627,1288,640,1149,103,410,0,0,0,1246,32804,208,208,0,105,0,1254,212
 64225,0,33067,1169,848,1904,2379,529,32458,32216,0,0,519,1365,0,2627,1288,640,1149,103,410,0,0,0,1246,32809,208,208,0,105,0,1254,212
 64230,0,33067,1169,848,1904,2379,529,32458,32221,0,0,519,1365,0,2627,1288,640,1149,103,410,0,0,0,1246,32814,208,208,0,105,0,1254,212
 64235,0,33067,1169,848,1904,2379,529,32458,32226,0,0,519,1365,0,2627,1288,640,1149,103,410,0,0,0,1246,32819,208,208,0,105,0,1254,212
 64240,0,33067,1169,848,1904,2379,529,32457,32231,0,0,519,1365,0,2627,1288,640,1149,103,410,0,0,0,1246,32824,208,208,0,105,0,1254,212
 64245,0,33067,1169,848,1904,2379,529,32462,32237,0,0,519,1365,0,2627,1288,640,1149,103,410,0,0,0,1246,32829,208,208,0,105,0,1254,212
 64250,0,33067,1169,848,1904,2379,529,32467,32237,0,0,519,1365,0,2627,1288,640,1149,103,410,0,0,0,1246,32834,208,208,0,105,0,1254,212
 64255,0,33067,1169,848,1904,2379,529,32472,32237,0,0,519,1365,0,2627,1288,640,1149,103,410,0,0,0,1246,32839,208,208,0,105,0,1254,212
 64260,0,33067,1169,848,1904,2379,529,32477,32237,0,0,519,1365,0,2627,1288,640,1149,103,410,0,0,0,1246,32844,208,208,0,105,0,1254,212
 64265,0,33067,1169,848,1904,2379,529,32482,32237,0,0,519,1365,0,2627,1288,640,1149,103,410,0,0,0,1246,32849,208,208,0,105,0,1254,212
 64270,0,33067,1169,848,1904,2379,529,32487,32237,0,0,519,1365,0,2627,1288,640,1149,103,410,0,0,0,1246,32851,208,208,0,105,0,1254,212
 64275,0,33067,1169,848,1904,2379,529,32492,32237,0,0,519,1365,0,2627,1288,640,1149,103,410,0,0,0,1246,32851,208,208,0,105,0,1254,212
 64280,0,33067,1169,848,1904,2379,529,32497,32237,0,0,519,1365,0,2627,1288,640,1149,103,410,0,0,0,1246,32851,208,208,0,105,0,1254,212
 64285,0,33067,1169,848,1904,2379,529,32502,32237,0,0,519,1365,0,2627,1288,640,1149,103,410,0,0,0,1246,32851,208,208,0,105,0,1254,212
 64290,0,33067,1169,848,1904,2379,529,32507,32237,0,0,519,1365,0,2627,1288,640,1149,103,410,0,0,0,1246,32851,208,208,0,105,0,1254,212
 64295,0,33067,1169,848,1904,2379,529,32512,32237,0,0,519,1365,0,2627,1288,640,1149,103,410,0,0,0,1246,32851,208,208,0,105,0,1254,212
 64300,0,33067,1169,848,1904,2379,529,32517,32237,0,0,519,1365,0,2627,1288,640,1149,103,410,0,0,0,1246,32851,208,208,0,105,0,1254,212
 64305,0,33067,1169,848,1904,2379,529,32522,32237,0,0,519,1365,0,2627,1288,640,1149,103,410,0,0,0,1246,32851,208,208,0,105,0,1254,212
 64310,0,33067,1169,848,1904,2379,529,32527,32237,0,0,519,1365,0,2627,1288,640,1149,103,410,0,0,0,1246,32851,208,208,0,105,0,1254,212
 64315,0,33067,1169,848,1904,2379,529,32532,32237,0,0,519,1365,0,2627,1288,640,1149,103,410,0,0,0,1246,32851,208,208,0,105,0,1254,212
 64320,0,33067,1169,848,1904,2379,529,32537,32237,0,0,519,1365,0,2627,1288,640,1149,103,410,0,0,0,1246,32851,208,208,0,105,0,1254,212
 64325,0,33067,1169,848,1904,2379,529,32542,32237,0,0,519,1365,0,2627,1288,640,1149,103,410,0,0,0,1246,32851,208,208,0,105,0,1254,212
 64330,0,33067,1169,848,1904,2379,529,32547,32237,0,0,519,1365,0,2627,1288,640,1149,103,410,0,0,0,1246,32851,208,208,0,105,0,1254,212
 64335,0,33067,1169,848,1904,2379,529,32552,32237,0,0,519,1365,0,2627,1288,640,1149,103,410,0,0,0,1246,32851,208,208,0,105,0,1254,212
 64340,0,33067,1169,848,1904,2379,529,32557,32237,0,0,519,1365,0,2627,1288,640,1149,103,410,0,0,0,1246,32851,208,208,0,105,0,1254,212
 64345,0,33067,1169,848,1904,2379,529,32561,32240,0,0,519,1365,0,2627,1288,640,1149,103,410,0,0,0,1246,32851,208,208,0,105,0,1254,212
 64350,0,33067,1169,848,1904,2379,529,32561,32245,0,0,519,1365,0,2627,1288,640,1149,103,410,0,0,0,1246,32851,208,208,0,105,0,1254,212
 64355,0,33067,1169,848,1904,2379,529,32561,32250,0,0,519,1365,0,2627,1288,640,1149,103,410,0,0,0,1246,32851,208,208,0,105,0,1254,212
 64360,0,33067,1169,848,1904,2379,529,32561,32255,0,0,519,1365,0,2627,1288,640,1149,103,410,0,0,0,1246,32850,208,208,0,105,0,1254,212
 64365,0,33067,1169,848,1904,2379,529,32561,32260,0,0,519,1365,0,2627,1288,640,1149,103,410,0,0,0,1246,32855,208,208,0,105,0,1254,212
 64370,0,33069,1169,848,1904,2379,529,32561,32265,0,0,519,1365,0,2627,1288,640,1149,103,410,0,0,0,1246,32860,208,208,0,105,0,1254,212
 64375,0,33074,1169,848,1904,2379,529,32561,32270,0,0,519,1365,0,2627,1288,640,1149,103,410,0,0,0,1246,32865,208,208,0,105,0,1254,212
 64380,0,33079,1169,848,1904,2379,529,32561,32275,0,0,519,1365,0,2627,1288,640,1149,103,410,0,0,0,1246,32870,208,208,0,105,0,1254,212
 64385,0,33084,1169,848,1904,2379,529,32561,32280,0,0,519,1365,0,2627,1288,640,1149,103,410,0,0,0,1246,32875,208,208,0,105,0,1254,212
 64390,0,33089,1169,848,1904,2379,529,32561,32285,0,0,519,1365,0,2627,1288,640,1149,103,410,0,0,0,1246,32880,208,208,0,105,0,1254,212
 64395,0,33094,1169,848,1904,2379,529,32561,32290,0,0,519,1365,0,2627,1288,640,1149,103,410,0,0,0,1246,32885,208,208,0,105,0,1254,212
 64400,0,33099,1169,848,1904,2379,529,32561,32295,0,0,519,1365,0,2627,1288,640,1149,103,410,0,0,0,1246,32890,208,208,0,105,0,1254,212
 64405,0,33104,1169,848,1904,2379,529,32561,32300,0,0,519,1365,0,2627,1288,640,1149,103,410,0,0,0,1246,32895,208,208,0,105,0,1254,212
 64410,0,33109,1169,848,1904,2379,529,32561,32305,0,0,519,1365,0,2627,1288,640,1149,103,410,0,0,0,1246,32900,208,208,0,105,0,1254,212
 64415,0,33114,1169,848,1904,2379,529,32561,32310,0,0,519,1365,0,2627,1288,640,1149,103,410,0,0,0,1246,32905,208,208,0,105,0,1254,212
 64420,0,33119,1169,848,1904,2379,529,32561,32315,0,0,519,1365,0,2627,1288,640,1149,103,410,0,0,0,1246,32910,208,208,0,105,0,1254,212
 64425,0,33124,1169,848,1904,2379,529,32564,32320,0,0,519,1365,0,2627,1288,640,1149,103,410,0,0,0,1246,32915,208,208,0,105,0,1254,212
 64430,0,33129,1169,848,1904,2379,529,32569,32325,0,0,519,1365,0,2627,1288,640,1149,103,410,0,0,0,1246,32920,208,208,0,105,0,1254,212
 64435,0,33134,1169,848,1904,2379,529,32574,32330,0,0,519,1365,0,2627,1288,640,1149,103,410,0,0,0,1246,32925,208,208,0,105,0,1254,212
 64440,0,33139,1169,848,1904,2379,529,32579,32335,0,0,519,1365,0,2627,1288,640,1149,103,410,0,0,0,1246,32930,208,208,0,105,0,1254,212
 64445,0,33144,1169,848,1904,2379,529,32584,32340,0,0,519,1365,0,2627,1288,640,1149,103,410,0,0,0,1246,32935,208,208,0,105,0,1254,212
 64450,0,33149,1169,848,1904,2379,529,32589,32344,0,0,519,1365,0,2627,1288,640,1149,103,410,0,0,0,1246,32940,208,208,0,105,0,1254,212
 64455,0,33154,1169,848,1904,2379,529,32594,32344,0,0,519,1365,0,2627,1288,640,1149,103,410,0,0,0,1246,32945,208,208,0,105,0,1254,212
 64460,0,33159,1169,848,1904,2379,529,32599,32344,0,0,519,1365,0,2627,1288,640,1149,103,410,0,0,0,1246,32950,208,208,0,105,0,1254,212
 64465,0,33164,1169,848,1904,2379,529,32604,32344,0,0,519,1365,0,2627,1288,640,1149,103,410,0,0,0,1246,32956,208,208,0,105,0,1254,212
 64470,0,33170,1169,848,1904,2379,529,32609,32344,0,0,519,1365,0,2627,1288,640,1149,103,410,0,0,0,1246,32956,208,208,0,105,0,1254,212
 64475,0,33170,1169,848,1904,2379,529,32614,32344,0,0,519,1365,0,2627,1288,640,1149,103,410,0,0,0,1246,32956,208,208,0,105,0,1254,212
 64480,0,33170,1169,848,1904,2379,529,32619,32344,0,0,519,1365,0,2627,1288,640,1149,103,410,0,0,0,1246,32956,208,208,0,105,0,1254,212
 64485,0,33170,1169,848,1904,2379,529,32624,32344,0,0,519,1365,0,2627,1288,640,1149,103,410,0,0,0,1246,32956,208,208,0,105,0,1254,212
 64490,0,33170,1169,848,1904,2379,529,32629,32344,0,0,519,1365,0,2627,1288,640,1149,103,410,0,0,0,1246,32956,208,208,0,105,0,1254,212
 64495,0,33170,1169,848,1904,2379,529,32634,32344,0,0,519,1365,0,2627,1288,640,1149,103,410,0,0,0,1246,32956,208,208,0,105,0,1254,212
 64500,0,33170,1169,848,1904,2379,529,32639,32344,0,0,519,1365,0,2627,1288,640,1149,103,410,0,0,0,1246,32956,208,208,0,105,0,1254,212
 64505,0,33170,1169,848,1904,2379,529,32644,32344,0,0,519,1365,0,2627,1288,640,1149,103,410,0,0,0,1246,32956,208,208,0,105,0,1254,212
 64510,0,33170,1169,848,1904,2379,529,32649,32344,0,0,519,1365,0,2627,1288,640,1149,103,410,0,0,0,1246,32956,208,208,0,105,0,1254,212
 64515,0,33170,1169,848,1904,2379,529,32654,32344,0,0,519,1365,0,2627,1288,640,1149,103,410,0,0,0,1246,32956,208,208,0,105,0,1254,212
 64520,0,33170,1169,848,1904,2379,529,32659,32344,0,0,519,1365,0,2627,1288,640,1149,103,410,0,0,0,1246,32956,208,208,0,105,0,1254,212
 64525,0,33170,1169,848,1904,2379,529,32664,32344,0,0,519,1365,0,2627,1288,640,1149,103,410,0,0,0,1246,32956,208,208,0,105,0,1254,212
 64530,0,33170,1169,848,1904,2379,529,32666,32344,0,0,519,1365,0,2627,1288,640,1149,103,410,0,0,0,1246,32956,208,208,0,105,0,1254,212
 64535,0,33170,1169,848,1904,2379,529,32666,32344,0,0,519,1365,0,2627,1288,640,1149,103,410,0,0,0,1246,32956,208,208,0,105,0,1254,212
 64540,0,33170,1169,848,1904,2379,529,32666,32344,0,0,519,1365,0,2627,1288,640,1149,103,410,0,0,0,1246,32956,208,208,0,105,0,1254,212
 64545,0,33170,1169,848,1904,2379,529,32666,32344,0,0,519,1365,0,2627,1288,640,1149,103,410,0,0,0,1246,32956,208,208,0,105,0,1254,212
 64550,0,33170,1169,848,1904,2379,529,32666,32344,0,0,519,1365,0,2627,1288,640,1149,103,410,0,0,0,1246,32956,208,208,0,105,0,1254,212
 64555,0,33170,1169,848,1904,2379,529,32666,32344,0,0,519,1365,0,2627,1288,640,1149,103,410,0,0,0,1246,32956,208,208,0,105,0,1254,212
 64560,0,33170,1169,848,1904,2379,529,32666,32344,0,0,519,1365,0,2627,1288,640,1149,103,410,0,0,0,1246,32956,208,208,0,105,0,1254,212
 64565,0,33170,1169,848,1904,2379,529,32666,32344,0,0,519,1365,0,2627,1288,640,1149,103,410,0,0,0,1246,32956,208,208,0,105,0,1254,212
 64570,0,33170,1169,848,1904,2379,529,32666,32344,0,0,519,1365,0,2627,1288,640,1149,103,410,0,0,0,1246,32956,208,208,0,105,0,1254,212
 64575,0,33170,1169,848,1904,2379,529,32666,32344,0,0,519,1365,0,2627,1288,640,1149,103,410,0,0,0,1246,32956,208,208,0,105,0,1254,212
 64580,0,33170,1169,848,1904,2379,529,32666,32344,0,0,519,1365,0,2627,1288,640,1149,103,410,0,0,0,1246,32956,208,208,0,105,0,1254,212
 64585,0,33170,1169,848,1904,2379,529,32666,32344,0,0,519,1365,0,2627,1288,640,1149,103,410,0,0,0,1246,32956,208,208,0,105,0,1254,212
 64590,0,33170,1169,848,1904,2379,529,32666,32344,0,0,519,1365,0,2627,1288,640,1149,103,410,0,0,0,1246,32956,208,208,0,105,0,1254,212
 64595,0,33170,1169,848,1904,2379,529,32666,32344,0,0,519,1365,0,2627,1288,640,1149,103,410,0,0,0,1246,32955,208,208,0,105,0,1254,212
 64600,0,33170,1169,848,1904,2379,529,32666,32344,0,0,519,1365,0,2627,1288,640,1149,103,410,0,0,0,1246,32960,208,208,0,105,0,1254,212
 64605,0,33170,1169,848,1904,2379,529,32666,32344,0,0,519,1365,0,2627,1288,640,1149,103,410,0,0,0,1246,32965,208,208,0,105,0,1254,212
 64610,0,33170,1169,848,1904,2379,529,32666,32344,0,0,519,1365,0,2627,1288,640,1149,103,410,0,0,0,1246,32970,208,208,0,105,0,1254,212
 64615,0,33170,1169,848,1904,2379,529,32666,32344,0,0,519,1365,0,2627,1288,640,1149,103,410,0,0,0,1246,32975,208,208,0,105,0,1254,212
 64620,0,33171,1169,848,1904,2379,529,32666,32344,0,0,519,1365,0,2627,1288,640,1149,103,410,0,0,0,1246,32980,208,208,0,105,0,1254,212
 64625,0,33176,1169,848,1904,2379,529,32666,32344,0,0,519,1365,0,2627,1288,640,1149,103,410,0,0,0,1246,32985,208,208,0,105,0,1254,212
 64630,0,33181,1169,848,1904,2379,529,32666,32344,0,0,519,1365,0,2627,1288,640,1149,103,410,0,0,0,1246,32990,208,208,0,105,0,1254,212
 64635,0,33186,1169,848,1904,2379,529,32666,32344,0,0,519,1365,0,2627,1288,640,1149,103,410,0,0,0,1246,32995,208,208,0,105,0,1254,212
 64640,0,33191,1169,848,1904,2379,529,32665,32344,0,0,519,1365,0,2627,1288,640,1149,103,410,0,0,0,1246,33000,208,208,0,105,0,1254,212
 64645,0,33196,1169,848,1904,2379,529,32670,32347,0,0,519,1365,0,2627,1288,640,1149,103,410,0,0,0,1246,33005,208,208,0,105,0,1254,212
 64650,0,33201,1169,848,1904,2379,529,32675,32352,0,0,519,1365,0,2627,1288,640,1149,103,410,0,0,0,1246,33010,208,208,0,105,0,1254,212
 64655,0,33206,1169,848,1904,2379,529,32680,32357,0,0,519,1365,0,2627,1288,640,1149,103,410,0,0,0,1246,33015,208,208,0,105,0,1254,212
 64660,0,33211,1169,848,1904,2379,529,32685,32362,0,0,519,1365,0,2627,1288,640,1149,103,410,0,0,0,1246,33020,208,208,0,105,0,1254,212
 64665,0,33216,1169,848,1904,2379,529,32690,32367,0,0,519,1365,0,2627,1288,640,1149,103,410,0,0,0,1246,33025,208,208,0,105,0,1254,212
 64670,0,33221,1169,848,1904,2379,529,32695,32372,0,0,519,1365,0,2627,1288,640,1149,103,410,0,0,0,1246,33030,208,208,0,105,0,1254,212
 64675,0,33226,1169,848,1904,2379,529,32700,32377,0,0,519,1365,0,2627,1288,640,1149,103,410,0,0,0,1246,33035,208,208,0,105,0,1254,212
 64680,0,33231,1169,848,1904,2379,529,32705,32382,0,0,519,1365,0,2627,1288,640,1149,103,410,0,0,0,1246,33040,208,208,0,105,0,1254,212
 64685,0,33236,1169,848,1904,2379,529,32710,32387,0,0,519,1365,0,2627,1288,640,1149,103,410,0,0,0,1246,33045,208,208,0,105,0,1254,212
 64690,0,33241,1169,848,1904,2379,529,32715,32392,0,0,519,1365,0,2627,1288,640,1149,103,410,0,0,0,1246,33050,208,208,0,105,0,1254,212
 64695,0,33246,1169,848,1904,2379,529,32720,32397,0,0,519,1365,0,2627,1288,640,1149,103,410,0,0,0,1246,33055,208,208,0,105,0,1254,212
 64700,0,33251,1169,848,1904,2379,529,32725,32402,0,0,519,1365,0,2627,1288,640,1149,103,410,0,0,0,1246,33061,208,208,0,105,0,1254,212
 64705,0,33256,1169,848,1904,2379,529,32730,32407,0,0,519,1365,0,2627,1288,640,1149,103,410,0,0,0,1246,33061,208,208,0,105,0,1254,212
 64710,0,33261,1169,848,1904,2379,529,32735,32412,0,0,519,1365,0,2627,1288,640,1149,103,410,0,0,0,1246,33061,208,208,0,105,0,1254,212
 64715,0,33266,1169,848,1904,2379,529,32740,32417,0,0,519,1365,0,2627,1288,640,1149,103,410,0,0,0,1246,33061,208,208,0,105,0,1254,212
 64720,0,33271,1169,848,1904,2379,529,32745,32422,0,0,519,1365,0,2627,1288,640,1149,103,410,0,0,0,1246,33061,208,208,0,105,0,1254,212
 64725,0,33275,1169,848,1904,2379,529,32750,32427,0,0,519,1365,0,2627,1288,640,1149,103,410,0,0,0,1246,33061,208,208,0,105,0,1254,212
 64730,0,33275,1169,848,1904,2379,529,32755,32432,0,0,519,1365,0,2627,1288,640,1149,103,410,0,0,0,1246,33061,208,208,0,105,0,1254,212
 64735,0,33275,1169,848,1904,2379,529,32760,32437,0,0,519,1365,0,2627,1288,640,1149,103,410,0,0,0,1246,33061,208,208,0,105,0,1254,212
 64740,0,33275,1169,848,1904,2379,529,32765,32442,0,0,519,1365,0,2627,1288,640,1149,103,410,0,0,0,1246,33061,208,208,0,105,0,1254,212
 64745,0,33275,1169,848,1904,2379,529,32769,32447,0,0,519,1365,0,2627,1288,640,1149,103,410,0,0,0,1246,33061,208,208,0,105,0,1254,212
 64750,0,33275,1169,848,1904,2379,529,32769,32449,0,0,519,1365,0,2627,1288,640,1149,103,410,0,0,0,1246,33061,208,208,0,105,0,1254,212
 64755,0,33275,1169,848,1904,2379,529,32769,32449,0,0,519,1365,0,2627,1288,640,1149,103,410,0,0,0,1246,33061,208,208,0,105,0,1254,212
 64760,0,33275,1169,848,1904,2379,529,32769,32449,0,0,519,1365,0,2627,1288,640,1149,103,410,0,0,0,1246,33061,208,208,0,105,0,1254,212
 64765,0,33275,1169,848,1904,2379,529,32769,32449,0,0,519,1365,0,2627,1288,640,1149,103,410,0,0,0,1246,33061,208,208,0,105,0,1254,212
 64770,0,33275,1169,848,1904,2379,529,32769,32449,0,0,519,1365,0,2627,1288,640,1149,103,410,0,0,0,1246,33061,208,208,0,105,0,1254,212
 64775,0,33275,1169,848,1904,2379,529,32769,32449,0,0,519,1365,0,2627,1288,640,1149,103,410,0,0,0,1246,33061,208,208,0,105,0,1254,212
 64780,0,33275,1169,848,1904,2379,529,32769,32449,0,0,519,1365,0,2627,1288,640,1149,103,410,0,0,0,1246,33061,208,208,0,105,0,1254,212
 64785,0,33275,1169,848,1904,2379,529,32769,32449,0,0,519,1365,0,2627,1288,640,1149,103,410,0,0,0,1246,33061,208,208,0,105,0,1254,212
 64790,0,33275,1169,848,1904,2379,529,32769,32449,0,0,519,1365,0,2627,1288,640,1149,103,410,0,0,0,1246,33061,208,208,0,105,0,1254,212
 64795,0,33275,1169,848,1904,2379,529,32769,32449,0,0,519,1365,0,2627,1288,640,1149,103,410,0,0,0,1246,33061,208,208,0,105,0,1254,212
 64800,0,33275,1169,848,1904,2379,529,32769,32449,0,0,519,1365,0,2627,1288,640,1149,103,410,0,0,0,1246,33061,208,208,0,105,0,1254,212
 64805,0,33275,1169,848,1904,2379,529,32769,32449,0,0,519,1365,0,2627,1288,640,1149,103,410,0,0,0,1246,33061,208,208,0,105,0,1254,212
 64810,0,33275,1169,848,1904,2379,529,32769,32449,0,0,519,1365,0,2627,1288,640,1149,103,410,0,0,0,1246,33061,208,208,0,105,0,1254,212
 64815,0,33275,1169,848,1904,2379,529,32769,32449,0,0,519,1365,0,2627,1288,640,1149,103,410,0,0,0,1246,33061,208,208,0,105,0,1254,212
 64820,0,33275,1169,848,1904,2379,529,32769,32449,0,0,519,1365,0,2627,1288,640,1149,103,410,0,0,0,1246,33061,208,208,0,105,0,1254,212
 64825,0,33275,1169,848,1904,2379,529,32769,32449,0,0,519,1365,0,2627,1288,640,1149,103,410,0,0,0,1246,33061,208,208,0,105,0,1254,212
 64830,0,33275,1169,848,1904,2379,529,32769,32449,0,0,519,1365,0,2627,1288,640,1149,103,410,0,0,0,1246,33061,208,208,0,105,0,1254,212
 64835,0,33275,1169,848,1904,2379,529,32769,32449,0,0,519,1365,0,2627,1288,640,1149,103,410,0,0,0,1246,33061,208,208,0,105,0,1254,212
 64840,0,33275,1169,848,1904,2379,529,32769,32449,0,0,519,1365,0,2627,1288,640,1149,103,410,0,0,0,1246,33061,208,208,0,105,0,1254,212
 64845,0,33275,1169,848,1904,2379,529,32769,32449,0,0,519,1365,0,2627,1288,640,1149,103,410,0,0,0,1246,33061,208,208,0,105,0,1254,212
 64850,0,33275,1169,848,1904,2379,529,32769,32449,0,0,519,1365,0,2627,1288,640,1149,103,410,0,0,0,1246,33061,208,208,0,105,0,1254,212
 64855,0,33275,1169,848,1904,2379,529,32769,32449,0,0,519,1365,0,2627,1288,640,1149,103,410,0,0,0,1246,33061,208,208,0,105,0,1254,212
 64860,0,33275,1169,848,1904,2379,529,32769,32449,0,0,519,1365,0,2627,1288,640,1149,103,410,0,0,0,1246,33061,208,208,0,105,0,1254,212
 64865,0,33276,1169,848,1904,2379,529,32769,32449,0,0,519,1365,0,2627,1288,640,1149,103,410,0,0,0,1246,33061,208,208,0,105,0,1254,212
 64870,0,33281,1169,848,1904,2379,529,32769,32451,0,0,519,1365,0,2627,1288,640,1149,103,410,0,0,0,1246,33060,208,208,0,105,0,1254,212
 64875,0,33286,1169,848,1904,2379,529,32769,32456,0,0,519,1365,0,2627,1288,640,1149,103,410,0,0,0,1246,33065,208,208,0,105,0,1254,212
 64880,0,33291,1169,848,1904,2379,529,32768,32461,0,0,519,1365,0,2627,1288,640,1149,103,410,0,0,0,1246,33070,208,208,0,105,0,1254,212
 64885,0,33296,1169,848,1904,2379,529,32773,32466,0,0,519,1365,0,2627,1288,640,1149,103,410,0,0,0,1246,33075,208,208,0,105,0,1254,212
 64890,0,33301,1169,848,1904,2379,529,32778,32471,0,0,519,1365,0,2627,1288,640,1149,103,410,0,0,0,1246,33080,208,208,0,105,0,1254,212
 64895,0,33306,1169,848,1904,2379,529,32783,32476,0,0,519,1365,0,2627,1288,640,1149,103,410,0,0,0,1246,33085,208,208,0,105,0,1254,212
 64900,0,33311,1169,848,1904,2379,529,32788,32481,0,0,519,1365,0,2627,1288,640,1149,103,410,0,0,0,1246,33090,208,208,0,105,0,1254,212
 64905,0,33316,1169,848,1904,2379,529,32793,32486,0,0,519,1365,0,2627,1288,640,1149,103,410,0,0,0,1246,33095,208,208,0,105,0,1254,212
 64910,0,33321,1169,848,1904,2379,529,32798,32491,0,0,519,1365,0,2627,1288,640,1149,103,410,0,0,0,1246,33100,208,208,0,105,0,1254,212
 64915,0,33326,1169,848,1904,2379,529,32803,32496,0,0,519,1365,0,2627,1288,640,1149,103,410,0,0,0,1246,33105,208,208,0,105,0,1254,212
 64920,0,33331,1169,848,1904,2379,529,32808,32501,0,0,519,1365,0,2627,1288,640,1149,103,410,0,0,0,1246,33110,208,208,0,105,0,1254,212
 64925,0,33336,1169,848,1904,2379,529,32813,32506,0,0,519,1365,0,2627,1288,640,1149,103,410,0,0,0,1246,33115,208,208,0,105,0,1254,212
 64930,0,33341,1169,848,1904,2379,529,32818,32511,0,0,519,1365,0,2627,1288,640,1149,103,410,0,0,0,1246,33120,208,208,0,105,0,1254,212
 64935,0,33346,1169,848,1904,2379,529,32823,32516,0,0,519,1365,0,2627,1288,640,1149,103,410,0,0,0,1246,33125,208,208,0,105,0,1254,212
 64940,0,33351,1169,848,1904,2379,529,32828,32521,0,0,519,1365,0,2627,1288,640,1149,103,410,0,0,0,1246,33130,208,208,0,105,0,1254,212
 64945,0,33356,1169,848,1904,2379,529,32833,32526,0,0,519,1365,0,2627,1288,640,1149,103,410,0,0,0,1246,33135,208,208,0,105,0,1254,212
 64950,0,33361,1169,848,1904,2379,529,32838,32531,0,0,519,1365,0,2627,1288,640,1149,103,410,0,0,0,1246,33140,208,208,0,105,0,1254,212
 64955,0,33366,1169,848,1904,2379,529,32843,32536,0,0,519,1365,0,2627,1288,640,1149,103,410,0,0,0,1246,33145,208,208,0,105,0,1254,212
 64960,0,33371,1169,848,1904,2379,529,32848,32541,0,0,519,1365,0,2627,1288,640,1149,103,410,0,0,0,1246,33150,208,208,0,105,0,1254,212
 64965,0,33376,1169,848,1904,2379,529,32853,32546,0,0,519,1365,0,2627,1288,640,1149,103,410,0,0,0,1246,33155,208,208,0,105,0,1254,212
 64970,0,33382,1169,848,1904,2379,529,32858,32552,0,0,519,1365,0,2627,1288,640,1149,103,410,0,0,0,1246,33160,208,208,0,105,0,1254,212
 64975,0,33382,1169,848,1904,2379,529,32863,32552,0,0,519,1365,0,2627,1288,640,1149,103,410,0,0,0,1246,33164,208,208,0,105,0,1254,212
 64980,0,33382,1169,848,1904,2379,529,32868,32552,0,0,519,1365,0,2627,1288,640,1149,103,410,0,0,0,1246,33164,208,208,0,105,0,1254,212
 64985,0,33382,1169,848,1904,2379,529,32872,32552,0,0,519,1365,0,2627,1288,640,1149,103,410,0,0,0,1246,33164,208,208,0,105,0,1254,212
 64990,0,33382,1169,848,1904,2379,529,32872,32552,0,0,519,1365,0,2627,1288,640,1149,103,410,0,0,0,1246,33164,208,208,0,105,0,1254,212
 64995,0,33382,1169,848,1904,2379,529,32872,32552,0,0,519,1365,0,2627,1288,640,1149,103,410,0,0,0,1246,33164,208,208,0,105,0,1254,212
 65000,0,33382,1169,848,1904,2379,529,32872,32552,0,0,519,1365,0,2627,1288,640,1149,103,410,0,0,0,1246,33164,208,208,0,105,0,1254,212
 65005,0,33382,1169,848,1904,2379,529,32872,32552,0,0,519,1365,0,2627,1288,640,1149,103,410,0,0,0,1246,33164,208,208,0,105,0,1254,212
 65010,0,33382,1169,848,1904,2379,529,32872,32552,0,0,519,1365,0,2627,1288,640,1149,103,410,0,0,0,1246,33164,208,208,0,105,0,1254,212
 65015,0,33382,1169,848,1904,2379,529,32872,32552,0,0,519,1365,0,2627,1288,640,1149,103,410,0,0,0,1246,33164,208,208,0,105,0,1254,212
 65020,0,33382,1169,848,1904,2379,529,32872,32552,0,0,519,1365,0,2627,1288,640,1149,103,410,0,0,0,1246,33164,208,208,0,105,0,1254,212
 65025,0,33382,1169,848,1904,2379,529,32872,32552,0,0,519,1365,0,2627,1288,640,1149,103,410,0,0,0,1246,33164,208,208,0,105,0,1254,212
 65030,0,33382,1169,848,1904,2379,529,32872,32552,0,0,519,1365,0,2627,1288,640,1149,103,410,0,0,0,1246,33164,208,208,0,105,0,1254,212
 65035,0,33382,1169,848,1904,2379,529,32872,32552,0,0,519,1365,0,2627,1288,640,1149,103,410,0,0,0,1246,33164,208,208,0,105,0,1254,212
 65040,0,33382,1169,848,1904,2379,529,32872,32552,0,0,519,1365,0,2627,1288,640,1149,103,410,0,0,0,1246,33164,208,208,0,105,0,1254,212
 65045,0,33382,1169,848,1904,2379,529,32872,32552,0,0,519,1365,0,2627,1288,640,1149,103,410,0,0,0,1246,33164,208,208,0,105,0,1254,212
 65050,0,33382,1169,848,1904,2379,529,32872,32552,0,0,519,1365,0,2627,1288,640,1149,103,410,0,0,0,1246,33164,208,208,0,105,0,1254,212
 65055,0,33382,1169,848,1904,2379,529,32872,32552,0,0,519,1365,0,2627,1288,640,1149,103,410,0,0,0,1246,33164,208,208,0,105,0,1254,212
 65060,0,33382,1169,848,1904,2379,529,32872,32552,0,0,519,1365,0,2627,1288,640,1149,103,410,0,0,0,1246,33164,208,208,0,105,0,1254,212
 65065,0,33382,1169,848,1904,2379,529,32872,32552,0,0,519,1365,0,2627,1288,640,1149,103,410,0,0,0,1246,33164,208,208,0,105,0,1254,212
 65070,0,33382,1169,848,1904,2379,529,32872,32552,0,0,519,1365,0,2627,1288,640,1149,103,410,0,0,0,1246,33164,208,208,0,105,0,1254,212
 65075,0,33382,1169,848,1904,2379,529,32872,32552,0,0,519,1365,0,2627,1288,640,1149,103,410,0,0,0,1246,33163,208,208,0,105,0,1254,212
 65080,0,33382,1169,848,1904,2379,529,32872,32552,0,0,519,1365,0,2627,1288,640,1149,103,410,0,0,0,1246,33168,208,208,0,105,0,1254,212
 65085,0,33383,1169,848,1904,2379,529,32872,32552,0,0,519,1365,0,2627,1288,640,1149,103,410,0,0,0,1246,33173,208,208,0,105,0,1254,212
 65090,0,33388,1169,848,1904,2379,529,32872,32555,0,0,519,1365,0,2627,1288,640,1149,103,410,0,0,0,1246,33178,208,208,0,105,0,1254,212
 65095,0,33393,1169,848,1904,2379,529,32872,32560,0,0,519,1365,0,2627,1288,640,1149,103,410,0,0,0,1246,33183,208,208,0,105,0,1254,212
 65100,0,33398,1169,848,1904,2379,529,32871,32565,0,0,519,1365,0,2627,1288,640,1149,103,410,0,0,0,1246,33188,208,208,0,105,0,1254,212
 65105,0,33403,1169,848,1904,2379,529,32876,32570,0,0,519,1365,0,2627,1288,640,1149,103,410,0,0,0,1246,33193,208,208,0,105,0,1254,212
 65110,0,33408,1169,848,1904,2379,529,32881,32575,0,0,519,1365,0,2627,1288,640,1149,103,410,0,0,0,1246,33198,208,208,0,105,0,1254,212
 65115,0,33413,1169,848,1904,2379,529,32886,32580,0,0,519,1365,0,2627,1288,640,1149,103,410,0,0,0,1246,33203,208,208,0,105,0,1254,212
 65120,0,33418,1169,848,1904,2379,529,32891,32585,0,0,519,1365,0,2627,1288,640,1149,103,410,0,0,0,1246,33208,208,208,0,105,0,1254,212
 65125,0,33423,1169,848,1904,2379,529,32896,32590,0,0,519,1365,0,2627,1288,640,1149,103,410,0,0,0,1246,33213,208,208,0,105,0,1254,212
 65130,0,33428,1169,848,1904,2379,529,32901,32595,0,0,519,1365,0,2627,1288,640,1149,103,410,0,0,0,1246,33218,208,208,0,105,0,1254,212
 65135,0,33433,1169,848,1904,2379,529,32906,32600,0,0,519,1365,0,2627,1288,640,1149,103,410,0,0,0,1246,33223,208,208,0,105,0,1254,212
 65140,0,33438,1169,848,1904,2379,529,32911,32605,0,0,519,1365,0,2627,1288,640,1149,103,410,0,0,0,1246,33228,208,208,0,105,0,1254,212
 65145,0,33443,1169,848,1904,2379,529,32916,32610,0,0,519,1365,0,2627,1288,640,1149,103,410,0,0,0,1246,33233,208,208,0,105,0,1254,212
 65150,0,33448,1169,848,1904,2379,529,32921,32615,0,0,519,1365,0,2627,1288,640,1149,103,410,0,0,0,1246,33238,208,208,0,105,0,1254,212
 65155,0,33453,1169,848,1904,2379,529,32926,32620,0,0,519,1365,0,2627,1288,640,1149,103,410,0,0,0,1246,33243,208,208,0,105,0,1254,212
 65160,0,33458,1169,848,1904,2379,529,32931,32625,0,0,519,1365,0,2627,1288,640,1149,103,410,0,0,0,1246,33248,208,208,0,105,0,1254,212
 65165,0,33463,1169,848,1904,2379,529,32936,32630,0,0,519,1365,0,2627,1288,640,1149,103,410,0,0,0,1246,33253,208,208,0,105,0,1254,212
 65170,0,33468,1169,848,1904,2379,529,32941,32635,0,0,519,1365,0,2627,1288,640,1149,103,410,0,0,0,1246,33258,208,208,0,105,0,1254,212
 65175,0,33473,1169,848,1904,2379,529,32946,32640,0,0,519,1365,0,2627,1288,640,1149,103,410,0,0,0,1246,33263,208,208,0,105,0,1254,212
 65180,0,33478,1169,848,1904,2379,529,32951,32645,0,0,519,1365,0,2627,1288,640,1149,103,410,0,0,0,1246,33268,208,208,0,105,0,1254,212
 65185,0,33483,1169,848,1904,2379,529,32956,32650,0,0,519,1365,0,2627,1288,640,1149,103,410,0,0,0,1246,33271,208,208,0,105,0,1254,212
 65190,0,33483,1169,848,1904,2379,529,32961,32655,0,0,519,1365,0,2627,1288,640,1149,103,410,0,0,0,1246,33271,208,208,0,105,0,1254,212
 65195,0,33483,1169,848,1904,2379,529,32966,32657,0,0,519,1365,0,2627,1288,640,1149,103,410,0,0,0,1246,33271,208,208,0,105,0,1254,212
 65200,0,33483,1169,848,1904,2379,529,32971,32657,0,0,519,1365,0,2627,1288,640,1149,103,410,0,0,0,1246,33271,208,208,0,105,0,1254,212
 65205,0,33483,1169,848,1904,2379,529,32975,32657,0,0,519,1365,0,2627,1288,640,1149,103,410,0,0,0,1246,33271,208,208,0,105,0,1254,212
 65210,0,33483,1169,848,1904,2379,529,32975,32657,0,0,519,1365,0,2627,1288,640,1149,103,410,0,0,0,1246,33271,208,208,0,105,0,1254,212
 65215,0,33483,1169,848,1904,2379,529,32975,32657,0,0,519,1365,0,2627,1288,640,1149,103,410,0,0,0,1246,33271,208,208,0,105,0,1254,212
 65220,0,33483,1169,848,1904,2379,529,32975,32657,0,0,519,1365,0,2627,1288,640,1149,103,410,0,0,0,1246,33271,208,208,0,105,0,1254,212
 65225,0,33483,1169,848,1904,2379,529,32975,32657,0,0,519,1365,0,2627,1288,640,1149,103,410,0,0,0,1246,33271,208,208,0,105,0,1254,212
 65230,0,33483,1169,848,1904,2379,529,32975,32657,0,0,519,1365,0,2627,1288,640,1149,103,410,0,0,0,1246,33271,208,208,0,105,0,1254,212
 65235,0,33483,1169,848,1904,2379,529,32975,32657,0,0,519,1365,0,2627,1288,640,1149,103,410,0,0,0,1246,33271,208,208,0,105,0,1254,212
 65240,0,33483,1169,848,1904,2379,529,32975,32657,0,0,519,1365,0,2627,1288,640,1149,103,410,0,0,0,1246,33271,208,208,0,105,0,1254,212
 65245,0,33483,1169,848,1904,2379,529,32975,32657,0,0,519,1365,0,2627,1288,640,1149,103,410,0,0,0,1246,33271,208,208,0,105,0,1254,212
 65250,0,33483,1169,848,1904,2379,529,32975,32657,0,0,519,1365,0,2627,1288,640,1149,103,410,0,0,0,1246,33271,208,208,0,105,0,1254,212
 65255,0,33483,1169,848,1904,2379,529,32975,32657,0,0,519,1365,0,2627,1288,640,1149,103,410,0,0,0,1246,33271,208,208,0,105,0,1254,212
 65260,0,33483,1169,848,1904,2379,529,32975,32657,0,0,519,1365,0,2627,1288,640,1149,103,410,0,0,0,1246,33271,208,208,0,105,0,1254,212
 65265,0,33483,1169,848,1904,2379,529,32975,32657,0,0,519,1365,0,2627,1288,640,1149,103,410,0,0,0,1246,33271,208,208,0,105,0,1254,212
 65270,0,33483,1169,848,1904,2379,529,32975,32657,0,0,519,1365,0,2627,1288,640,1149,103,410,0,0,0,1246,33271,208,208,0,105,0,1254,212
 65275,0,33483,1169,848,1904,2379,529,32975,32657,0,0,519,1365,0,2627,1288,640,1149,103,410,0,0,0,1246,33271,208,208,0,105,0,1254,212
 65280,0,33483,1169,848,1904,2379,529,32975,32657,0,0,519,1365,0,2627,1288,640,1149,103,410,0,0,0,1246,33271,208,208,0,105,0,1254,212
 65285,0,33483,1169,848,1904,2379,529,32975,32657,0,0,519,1365,0,2627,1288,640,1149,103,410,0,0,0,1246,33271,208,208,0,105,0,1254,212
 65290,0,33483,1169,848,1904,2379,529,32975,32657,0,0,519,1365,0,2627,1288,640,1149,103,410,0,0,0,1246,33271,208,208,0,105,0,1254,212
 65295,0,33483,1169,848,1904,2379,529,32975,32657,0,0,519,1365,0,2627,1288,640,1149,103,410,0,0,0,1246,33271,208,208,0,105,0,1254,212
 65300,0,33483,1169,848,1904,2379,529,32975,32657,0,0,519,1365,0,2627,1288,640,1149,103,410,0,0,0,1246,33271,208,208,0,105,0,1254,212
 65305,0,33483,1169,848,1904,2379,529,32975,32657,0,0,519,1365,0,2627,1288,640,1149,103,410,0,0,0,1246,33271,208,208,0,105,0,1254,212
 65310,0,33483,1169,848,1904,2379,529,32975,32657,0,0,519,1365,0,2627,1288,640,1149,103,410,0,0,0,1246,33270,208,208,0,105,0,1254,212
 65315,0,33483,1169,848,1904,2379,529,32975,32657,0,0,519,1365,0,2627,1288,640,1149,103,410,0,0,0,1246,33275,208,208,0,105,0,1254,212
 65320,0,33482,1169,848,1904,2379,529,32975,32657,0,0,519,1365,0,2627,1288,640,1149,103,410,0,0,0,1246,33280,208,208,0,105,0,1254,212
 65325,0,33487,1169,848,1904,2379,529,32975,32657,0,0,519,1365,0,2627,1288,640,1149,103,410,0,0,0,1246,33285,208,208,0,105,0,1254,212
 65330,0,33492,1169,848,1904,2379,529,32976,32657,0,0,519,1365,0,2627,1288,640,1149,103,410,0,0,0,1246,33290,208,208,0,105,0,1254,212
 65335,0,33497,1169,848,1904,2379,529,32981,32659,0,0,519,1365,0,2627,1288,640,1149,103,410,0,0,0,1246,33295,208,208,0,105,0,1254,212
 65340,0,33502,1169,848,1904,2379,529,32986,32664,0,0,519,1365,0,2627,1288,640,1149,103,410,0,0,0,1246,33300,208,208,0,105,0,1254,212
 65345,0,33507,1169,848,1904,2379,529,32991,32669,0,0,519,1365,0,2627,1288,640,1149,103,410,0,0,0,1246,33305,208,208,0,105,0,1254,212
 65350,0,33512,1169,848,1904,2379,529,32996,32674,0,0,519,1365,0,2627,1288,640,1149,103,410,0,0,0,1246,33310,208,208,0,105,0,1254,212
 65355,0,33517,1169,848,1904,2379,529,33001,32679,0,0,519,1365,0,2627,1288,640,1149,103,410,0,0,0,1246,33315,208,208,0,105,0,1254,212
 65360,0,33522,1169,848,1904,2379,529,33006,32684,0,0,519,1365,0,2627,1288,640,1149,103,410,0,0,0,1246,33320,208,208,0,105,0,1254,212
 65365,0,33527,1169,848,1904,2379,529,33011,32689,0,0,519,1365,0,2627,1288,640,1149,103,410,0,0,0,1246,33325,208,208,0,105,0,1254,212
 65370,0,33532,1169,848,1904,2379,529,33016,32694,0,0,519,1365,0,2627,1288,640,1149,103,410,0,0,0,1246,33330,208,208,0,105,0,1254,212
 65375,0,33537,1169,848,1904,2379,529,33021,32699,0,0,519,1365,0,2627,1288,640,1149,103,410,0,0,0,1246,33335,208,208,0,105,0,1254,212
 65380,0,33542,1169,848,1904,2379,529,33026,32704,0,0,519,1365,0,2627,1288,640,1149,103,410,0,0,0,1246,33340,208,208,0,105,0,1254,212
 65385,0,33547,1169,848,1904,2379,529,33031,32709,0,0,519,1365,0,2627,1288,640,1149,103,410,0,0,0,1246,33345,208,208,0,105,0,1254,212
 65390,0,33552,1169,848,1904,2379,529,33036,32714,0,0,519,1365,0,2627,1288,640,1149,103,410,0,0,0,1246,33350,208,208,0,105,0,1254,212
 65395,0,33557,1169,848,1904,2379,529,33041,32719,0,0,519,1365,0,2627,1288,640,1149,103,410,0,0,0,1246,33355,208,208,0,105,0,1254,212
 65400,0,33562,1169,848,1904,2379,529,33046,32724,0,0,519,1365,0,2627,1288,640,1149,103,410,0,0,0,1246,33360,208,208,0,105,0,1254,212
 65405,0,33567,1169,848,1904,2379,529,33051,32729,0,0,519,1365,0,2627,1288,640,1149,103,410,0,0,0,1246,33365,208,208,0,105,0,1254,212
 65410,0,33572,1169,848,1904,2379,529,33056,32734,0,0,519,1365,0,2627,1288,640,1149,103,410,0,0,0,1246,33370,208,208,0,105,0,1254,212
 65415,0,33577,1169,848,1904,2379,529,33061,32739,0,0,519,1365,0,2627,1288,640,1149,103,410,0,0,0,1246,33375,208,208,0,105,0,1254,212
 65420,0,33582,1169,848,1904,2379,529,33066,32744,0,0,519,1365,0,2627,1288,640,1149,103,410,0,0,0,1246,33378,208,208,0,105,0,1254,212
 65425,0,33588,1169,848,1904,2379,529,33071,32749,0,0,519,1365,0,2627,1288,640,1149,103,410,0,0,0,1246,33378,208,208,0,105,0,1254,212
 65430,0,33588,1169,848,1904,2379,529,33076,32754,0,0,519,1365,0,2627,1288,640,1149,103,410,0,0,0,1246,33378,208,208,0,105,0,1254,212
 65435,0,33588,1169,848,1904,2379,529,33078,32759,0,0,519,1365,0,2627,1288,640,1149,103,410,0,0,0,1246,33378,208,208,0,105,0,1254,212
 65440,0,33588,1169,848,1904,2379,529,33078,32764,0,0,519,1365,0,2627,1288,640,1149,103,410,0,0,0,1246,33378,208,208,0,105,0,1254,212
 65445,0,33588,1169,848,1904,2379,529,33078,32764,0,0,519,1365,0,2627,1288,640,1149,103,410,0,0,0,1246,33378,208,208,0,105,0,1254,212
 65450,0,33588,1169,848,1904,2379,529,33078,32764,0,0,519,1365,0,2627,1288,640,1149,103,410,0,0,0,1246,33378,208,208,0,105,0,1254,212
 65455,0,33588,1169,848,1904,2379,529,33078,32764,0,0,519,1365,0,2627,1288,640,1149,103,410,0,0,0,1246,33378,208,208,0,105,0,1254,212
 65460,0,33588,1169,848,1904,2379,529,33078,32764,0,0,519,1365,0,2627,1288,640,1149,103,410,0,0,0,1246,33378,208,208,0,105,0,1254,212
 65465,0,33588,1169,848,1904,2379,529,33078,32764,0,0,519,1365,0,2627,1288,640,1149,103,410,0,0,0,1246,33378,208,208,0,105,0,1254,212
 65470,0,33588,1169,848,1904,2379,529,33078,32764,0,0,519,1365,0,2627,1288,640,1149,103,410,0,0,0,1246,33378,208,208,0,105,0,1254,212
 65475,0,33588,1169,848,1904,2379,529,33078,32764,0,0,519,1365,0,2627,1288,640,1149,103,410,0,0,0,1246,33378,208,208,0,105,0,1254,212
 65480,0,33588,1169,848,1904,2379,529,33078,32764,0,0,519,1365,0,2627,1288,640,1149,103,410,0,0,0,1246,33378,208,208,0,105,0,1254,212
 65485,0,33588,1169,848,1904,2379,529,33078,32764,0,0,519,1365,0,2627,1288,640,1149,103,410,0,0,0,1246,33378,208,208,0,105,0,1254,212
 65490,0,33588,1169,848,1904,2379,529,33078,32764,0,0,519,1365,0,2627,1288,640,1149,103,410,0,0,0,1246,33378,208,208,0,105,0,1254,212
 65495,0,33588,1169,848,1904,2379,529,33078,32764,0,0,519,1365,0,2627,1288,640,1149,103,410,0,0,0,1246,33378,208,208,0,105,0,1254,212
 65500,0,33588,1169,848,1904,2379,529,33078,32764,0,0,519,1365,0,2627,1288,640,1149,103,410,0,0,0,1246,33378,208,208,0,105,0,1254,212
 65505,0,33588,1169,848,1904,2379,529,33078,32764,0,0,519,1365,0,2627,1288,640,1149,103,410,0,0,0,1246,33378,208,208,0,105,0,1254,212
 65510,0,33588,1169,848,1904,2379,529,33078,32764,0,0,519,1365,0,2627,1288,640,1149,103,410,0,0,0,1246,33378,208,208,0,105,0,1254,212
 65515,0,33588,1169,848,1904,2379,529,33078,32764,0,0,519,1365,0,2627,1288,640,1149,103,410,0,0,0,1246,33378,208,208,0,105,0,1254,212
 65520,0,33588,1169,848,1904,2379,529,33078,32764,0,0,519,1365,0,2627,1288,640,1149,103,410,0,0,0,1246,33378,208,208,0,105,0,1254,212
 65525,0,33588,1169,848,1904,2379,529,33078,32764,0,0,519,1365,0,2627,1288,640,1149,103,410,0,0,0,1246,33378,208,208,0,105,0,1254,212
 65530,0,33588,1169,848,1904,2379,529,33078,32764,0,0,519,1365,0,2627,1288,640,1149,103,410,0,0,0,1246,33378,208,208,0,105,0,1254,212
 65535,0,33588,1169,848,1904,2379,529,33078,32766,0,0,519,1365,0,2627,1288,640,1149,103,410,0,0,0,1246,33378,208,208,0,105,0,1254,212
 65540,0,33588,1169,848,1904,2379,529,33078,32771,0,0,519,1365,0,2627,1288,640,1149,103,410,0,0,0,1246,33378,208,208,0,105,0,1254,212
 65545,0,33587,1169,848,1904,2379,529,33078,32776,0,0,519,1365,0,2627,1288,640,1149,103,410,0,0,0,1246,33378,208,208,0,105,0,1254,212
 65550,0,33592,1169,848,1904,2379,529,33078,32781,0,0,519,1365,0,2627,1288,640,1149,103,410,0,0,0,1246,33378,208,208,0,105,0,1254,212
 65555,0,33597,1169,848,1904,2379,529,33078,32786,0,0,519,1365,0,2627,1288,640,1149,103,410,0,0,0,1246,33378,208,208,0,105,0,1254,212
 65560,0,33602,1169,848,1904,2379,529,33078,32791,0,0,519,1365,0,2627,1288,640,1149,103,410,0,0,0,1246,33378,208,208,0,105,0,1254,212
 65565,0,33607,1169,848,1904,2379,529,33078,32796,0,0,519,1365,0,2627,1288,640,1149,103,410,0,0,0,1246,33378,208,208,0,105,0,1254,212
 65570,0,33612,1169,848,1904,2379,529,33078,32801,0,0,519,1365,0,2627,1288,640,1149,103,410,0,0,0,1246,33378,208,208,0,105,0,1254,212
 65575,0,33617,1169,848,1904,2379,529,33078,32806,0,0,519,1365,0,2627,1288,640,1149,103,410,0,0,0,1246,33378,208,208,0,105,0,1254,212
 65580,0,33622,1169,848,1904,2379,529,33078,32811,0,0,519,1365,0,2627,1288,640,1149,103,410,0,0,0,1246,33377,208,208,0,105,0,1254,212
 65585,0,33627,1169,848,1904,2379,529,33081,32816,0,0,519,1365,0,2627,1288,640,1149,103,410,0,0,0,1246,33382,208,208,0,105,0,1254,212
 65590,0,33632,1169,848,1904,2379,529,33086,32821,0,0,519,1365,0,2627,1288,640,1149,103,410,0,0,0,1246,33387,208,208,0,105,0,1254,212
 65595,0,33637,1169,848,1904,2379,529,33091,32826,0,0,519,1365,0,2627,1288,640,1149,103,410,0,0,0,1246,33392,208,208,0,105,0,1254,212
 65600,0,33642,1169,848,1904,2379,529,33096,32831,0,0,519,1365,0,2627,1288,640,1149,103,410,0,0,0,1246,33397,208,208,0,105,0,1254,212
 65605,0,33647,1169,848,1904,2379,529,33101,32836,0,0,519,1365,0,2627,1288,640,1149,103,410,0,0,0,1246,33402,208,208,0,105,0,1254,212
 65610,0,33652,1169,848,1904,2379,529,33106,32841,0,0,519,1365,0,2627,1288,640,1149,103,410,0,0,0,1246,33407,208,208,0,105,0,1254,212
 65615,0,33657,1169,848,1904,2379,529,33111,32846,0,0,519,1365,0,2627,1288,640,1149,103,410,0,0,0,1246,33412,208,208,0,105,0,1254,212
 65620,0,33662,1169,848,1904,2379,529,33116,32851,0,0,519,1365,0,2627,1288,640,1149,103,410,0,0,0,1246,33417,208,208,0,105,0,1254,212
 65625,0,33667,1169,848,1904,2379,529,33121,32856,0,0,519,1365,0,2627,1288,640,1149,103,410,0,0,0,1246,33422,208,208,0,105,0,1254,212
 65630,0,33672,1169,848,1904,2379,529,33126,32861,0,0,519,1365,0,2627,1288,640,1149,103,410,0,0,0,1246,33427,208,208,0,105,0,1254,212
 65635,0,33677,1169,848,1904,2379,529,33131,32867,0,0,519,1365,0,2627,1288,640,1149,103,410,0,0,0,1246,33432,208,208,0,105,0,1254,212
 65640,0,33682,1169,848,1904,2379,529,33136,32867,0,0,519,1365,0,2627,1288,640,1149,103,410,0,0,0,1246,33437,208,208,0,105,0,1254,212
 65645,0,33687,1169,848,1904,2379,529,33141,32867,0,0,519,1365,0,2627,1288,640,1149,103,410,0,0,0,1246,33442,208,208,0,105,0,1254,212
 65650,0,33689,1169,848,1904,2379,529,33146,32867,0,0,519,1365,0,2627,1288,640,1149,103,410,0,0,0,1246,33447,208,208,0,105,0,1254,212
 65655,0,33689,1169,848,1904,2379,529,33151,32867,0,0,519,1365,0,2627,1288,640,1149,103,410,0,0,0,1246,33452,208,208,0,105,0,1254,212
 65660,0,33689,1169,848,1904,2379,529,33156,32867,0,0,519,1365,0,2627,1288,640,1149,103,410,0,0,0,1246,33457,208,208,0,105,0,1254,212
 65665,0,33689,1169,848,1904,2379,529,33161,32867,0,0,519,1365,0,2627,1288,640,1149,103,410,0,0,0,1246,33462,208,208,0,105,0,1254,212
 65670,0,33689,1169,848,1904,2379,529,33166,32867,0,0,519,1365,0,2627,1288,640,1149,103,410,0,0,0,1246,33467,208,208,0,105,0,1254,212
 65675,0,33689,1169,848,1904,2379,529,33171,32867,0,0,519,1365,0,2627,1288,640,1149,103,410,0,0,0,1246,33472,208,208,0,105,0,1254,212
 65680,0,33689,1169,848,1904,2379,529,33176,32867,0,0,519,1365,0,2627,1288,640,1149,103,410,0,0,0,1246,33477,208,208,0,105,0,1254,212
 65685,0,33689,1169,848,1904,2379,529,33181,32867,0,0,519,1365,0,2627,1288,640,1149,103,410,0,0,0,1246,33483,208,208,0,105,0,1254,212
 65690,0,33689,1169,848,1904,2379,529,33185,32867,0,0,519,1365,0,2627,1288,640,1149,103,410,0,0,0,1246,33483,208,208,0,105,0,1254,212
 65695,0,33689,1169,848,1904,2379,529,33185,32867,0,0,519,1365,0,2627,1288,640,1149,103,410,0,0,0,1246,33483,208,208,0,105,0,1254,212
 65700,0,33689,1169,848,1904,2379,529,33185,32867,0,0,519,1365,0,2627,1288,640,1149,103,410,0,0,0,1246,33483,208,208,0,105,0,1254,212
 65705,0,33689,1169,848,1904,2379,529,33185,32867,0,0,519,1365,0,2627,1288,640,1149,103,410,0,0,0,1246,33483,208,208,0,105,0,1254,212
 65710,0,33689,1169,848,1904,2379,529,33185,32867,0,0,519,1365,0,2627,1288,640,1149,103,410,0,0,0,1246,33483,208,208,0,105,0,1254,212
 65715,0,33689,1169,848,1904,2379,529,33185,32867,0,0,519,1365,0,2627,1288,640,1149,103,410,0,0,0,1246,33483,208,208,0,105,0,1254,212
 65720,0,33689,1169,848,1904,2379,529,33185,32867,0,0,519,1365,0,2627,1288,640,1149,103,410,0,0,0,1246,33483,208,208,0,105,0,1254,212
 65725,0,33689,1169,848,1904,2379,529,33185,32867,0,0,519,1365,0,2627,1288,640,1149,103,410,0,0,0,1246,33483,208,208,0,105,0,1254,212
 65730,0,33689,1169,848,1904,2379,529,33185,32867,0,0,519,1365,0,2627,1288,640,1149,103,410,0,0,0,1246,33483,208,208,0,105,0,1254,212
 65735,0,33689,1169,848,1904,2379,529,33185,32867,0,0,519,1365,0,2627,1288,640,1149,103,410,0,0,0,1246,33483,208,208,0,105,0,1254,212
 65740,0,33689,1169,848,1904,2379,529,33185,32867,0,0,519,1365,0,2627,1288,640,1149,103,410,0,0,0,1246,33483,208,208,0,105,0,1254,212
 65745,0,33689,1169,848,1904,2379,529,33185,32867,0,0,519,1365,0,2627,1288,640,1149,103,410,0,0,0,1246,33483,208,208,0,105,0,1254,212
 65750,0,33689,1169,848,1904,2379,529,33185,32867,0,0,519,1365,0,2627,1288,640,1149,103,410,0,0,0,1246,33486,208,208,0,105,0,1254,212
 65755,0,33689,1169,848,1904,2379,529,33185,32867,0,0,519,1365,0,2627,1288,640,1149,103,410,0,0,0,1246,33491,208,208,0,105,0,1254,212
 65760,0,33690,1169,848,1904,2379,529,33185,32867,0,0,519,1365,0,2627,1288,640,1149,103,410,0,0,0,1246,33496,208,208,0,105,0,1254,212
 65765,0,33695,1169,848,1904,2379,529,33185,32867,0,0,519,1365,0,2627,1288,640,1149,103,410,0,0,0,1246,33501,208,208,0,105,0,1254,212
 65770,0,33700,1169,848,1904,2379,529,33185,32867,0,0,519,1365,0,2627,1288,640,1149,103,410,0,0,0,1246,33506,208,208,0,105,0,1254,212
 65775,0,33705,1169,848,1904,2379,529,33185,32867,0,0,519,1365,0,2627,1288,640,1149,103,410,0,0,0,1246,33511,208,208,0,105,0,1254,212
 65780,0,33710,1169,848,1904,2379,529,33185,32867,0,0,519,1365,0,2627,1288,640,1149,103,410,0,0,0,1246,33516,208,208,0,105,0,1254,212
 65785,0,33715,1169,848,1904,2379,529,33185,32867,0,0,519,1365,0,2627,1288,640,1149,103,410,0,0,0,1246,33521,208,208,0,105,0,1254,212
 65790,0,33720,1169,848,1904,2379,529,33185,32867,0,0,519,1365,0,2627,1288,640,1149,103,410,0,0,0,1246,33526,208,208,0,105,0,1254,212
 65795,0,33725,1169,848,1904,2379,529,33185,32867,0,0,519,1365,0,2627,1288,640,1149,103,410,0,0,0,1246,33531,208,208,0,105,0,1254,212
 65800,0,33730,1169,848,1904,2379,529,33185,32870,0,0,519,1365,0,2627,1288,640,1149,103,410,0,0,0,1246,33536,208,208,0,105,0,1254,212
 65805,0,33735,1169,848,1904,2379,529,33184,32875,0,0,519,1365,0,2627,1288,640,1149,103,410,0,0,0,1246,33541,208,208,0,105,0,1254,212
 65810,0,33740,1169,848,1904,2379,529,33189,32880,0,0,519,1365,0,2627,1288,640,1149,103,410,0,0,0,1246,33546,208,208,0,105,0,1254,212
 65815,0,33745,1169,848,1904,2379,529,33194,32885,0,0,519,1365,0,2627,1288,640,1149,103,410,0,0,0,1246,33551,208,208,0,105,0,1254,212
 65820,0,33750,1169,848,1904,2379,529,33199,32890,0,0,519,1365,0,2627,1288,640,1149,103,410,0,0,0,1246,33556,208,208,0,105,0,1254,212
 65825,0,33755,1169,848,1904,2379,529,33204,32895,0,0,519,1365,0,2627,1288,640,1149,103,410,0,0,0,1246,33561,208,208,0,105,0,1254,212
 65830,0,33760,1169,848,1904,2379,529,33209,32900,0,0,519,1365,0,2627,1288,640,1149,103,410,0,0,0,1246,33566,208,208,0,105,0,1254,212
 65835,0,33765,1169,848,1904,2379,529,33214,32905,0,0,519,1365,0,2627,1288,640,1149,103,410,0,0,0,1246,33571,208,208,0,105,0,1254,212
 65840,0,33770,1169,848,1904,2379,529,33219,32910,0,0,519,1365,0,2627,1288,640,1149,103,410,0,0,0,1246,33576,208,208,0,105,0,1254,212
 65845,0,33775,1169,848,1904,2379,529,33224,32915,0,0,519,1365,0,2627,1288,640,1149,103,410,0,0,0,1246,33581,208,208,0,105,0,1254,212
 65850,0,33780,1169,848,1904,2379,529,33229,32920,0,0,519,1365,0,2627,1288,640,1149,103,410,0,0,0,1246,33586,208,208,0,105,0,1254,212
 65855,0,33785,1169,848,1904,2379,529,33234,32925,0,0,519,1365,0,2627,1288,640,1149,103,410,0,0,0,1246,33586,208,208,0,105,0,1254,212
 65860,0,33790,1169,848,1904,2379,529,33239,32930,0,0,519,1365,0,2627,1288,640,1149,103,410,0,0,0,1246,33586,208,208,0,105,0,1254,212
 65865,0,33792,1169,848,1904,2379,529,33244,32935,0,0,519,1365,0,2627,1288,640,1149,103,410,0,0,0,1246,33586,208,208,0,105,0,1254,212
 65870,0,33792,1169,848,1904,2379,529,33249,32940,0,0,519,1365,0,2627,1288,640,1149,103,410,0,0,0,1246,33586,208,208,0,105,0,1254,212
 65875,0,33792,1169,848,1904,2379,529,33254,32945,0,0,519,1365,0,2627,1288,640,1149,103,410,0,0,0,1246,33586,208,208,0,105,0,1254,212
 65880,0,33792,1169,848,1904,2379,529,33259,32950,0,0,519,1365,0,2627,1288,640,1149,103,410,0,0,0,1246,33586,208,208,0,105,0,1254,212
 65885,0,33792,1169,848,1904,2379,529,33264,32955,0,0,519,1365,0,2627,1288,640,1149,103,410,0,0,0,1246,33585,208,208,0,105,0,1254,212
 65890,0,33792,1169,848,1904,2379,529,33269,32960,0,0,519,1365,0,2627,1288,640,1149,103,410,0,0,0,1246,33590,208,208,0,105,0,1254,212
 65895,0,33792,1169,848,1904,2379,529,33274,32965,0,0,519,1365,0,2627,1288,640,1149,103,410,0,0,0,1246,33595,208,208,0,105,0,1254,212
 65900,0,33792,1169,848,1904,2379,529,33279,32970,0,0,519,1365,0,2627,1288,640,1149,103,410,0,0,0,1246,33600,208,208,0,105,0,1254,212
 65905,0,33792,1169,848,1904,2379,529,33284,32970,0,0,519,1365,0,2627,1288,640,1149,103,410,0,0,0,1246,33605,208,208,0,105,0,1254,212
 65910,0,33792,1169,848,1904,2379,529,33288,32970,0,0,519,1365,0,2627,1288,640,1149,103,410,0,0,0,1246,33610,208,208,0,105,0,1254,212
 65915,0,33792,1169,848,1904,2379,529,33288,32970,0,0,519,1365,0,2627,1288,640,1149,103,410,0,0,0,1246,33615,208,208,0,105,0,1254,212
 65920,0,33792,1169,848,1904,2379,529,33288,32970,0,0,519,1365,0,2627,1288,640,1149,103,410,0,0,0,1246,33620,208,208,0,105,0,1254,212
 65925,0,33792,1169,848,1904,2379,529,33288,32970,0,0,519,1365,0,2627,1288,640,1149,103,410,0,0,0,1246,33625,208,208,0,105,0,1254,212
 65930,0,33792,1169,848,1904,2379,529,33288,32970,0,0,519,1365,0,2627,1288,640,1149,103,410,0,0,0,1246,33630,208,208,0,105,0,1254,212
 65935,0,33792,1169,848,1904,2379,529,33288,32970,0,0,519,1365,0,2627,1288,640,1149,103,410,0,0,0,1246,33635,208,208,0,105,0,1254,212
 65940,0,33792,1169,848,1904,2379,529,33288,32970,0,0,519,1365,0,2627,1288,640,1149,103,410,0,0,0,1246,33640,208,208,0,105,0,1254,212
 65945,0,33792,1169,848,1904,2379,529,33288,32970,0,0,519,1365,0,2627,1288,640,1149,103,410,0,0,0,1246,33645,208,208,0,105,0,1254,212
 65950,0,33792,1169,848,1904,2379,529,33288,32970,0,0,519,1365,0,2627,1288,640,1149,103,410,0,0,0,1246,33650,208,208,0,105,0,1254,212
 65955,0,33792,1169,848,1904,2379,529,33288,32970,0,0,519,1365,0,2627,1288,640,1149,103,410,0,0,0,1246,33655,208,208,0,105,0,1254,212
 65960,0,33792,1169,848,1904,2379,529,33288,32970,0,0,519,1365,0,2627,1288,640,1149,103,410,0,0,0,1246,33660,208,208,0,105,0,1254,212
 65965,0,33792,1169,848,1904,2379,529,33288,32970,0,0,519,1365,0,2627,1288,640,1149,103,410,0,0,0,1246,33665,208,208,0,105,0,1254,212
 65970,0,33792,1169,848,1904,2379,529,33288,32970,0,0,519,1365,0,2627,1288,640,1149,103,410,0,0,0,1246,33670,208,208,0,105,0,1254,212
 65975,0,33792,1169,848,1904,2379,529,33288,32970,0,0,519,1365,0,2627,1288,640,1149,103,410,0,0,0,1246,33675,208,208,0,105,0,1254,212
 65980,0,33791,1169,848,1904,2379,529,33288,32975,0,0,519,1365,0,2627,1288,640,1149,103,410,0,0,0,1246,33680,208,208,0,105,0,1254,212
 65985,0,33796,1169,848,1904,2379,529,33291,32980,0,0,519,1365,0,2627,1288,640,1149,103,410,0,0,0,1246,33685,208,208,0,105,0,1254,212
 65990,0,33801,1169,848,1904,2379,529,33296,32985,0,0,519,1365,0,2627,1288,640,1149,103,410,0,0,0,1246,33689,208,208,0,105,0,1254,212
 65995,0,33806,1169,848,1904,2379,529,33301,32990,0,0,519,1365,0,2627,1288,640,1149,103,410,0,0,0,1246,33689,208,208,0,105,0,1254,212
 66000,0,33811,1169,848,1904,2379,529,33306,32995,0,0,519,1365,0,2627,1288,640,1149,103,410,0,0,0,1246,33689,208,208,0,105,0,1254,212
 66005,0,33816,1169,848,1904,2379,529,33311,33000,0,0,519,1365,0,2627,1288,640,1149,103,410,0,0,0,1246,33689,208,208,0,105,0,1254,212
 66010,0,33821,1169,848,1904,2379,529,33316,33005,0,0,519,1365,0,2627,1288,640,1149,103,410,0,0,0,1246,33689,208,208,0,105,0,1254,212
 66015,0,33826,1169,848,1904,2379,529,33321,33010,0,0,519,1365,0,2627,1288,640,1149,103,410,0,0,0,1246,33689,208,208,0,105,0,1254,212
 66020,0,33831,1169,848,1904,2379,529,33326,33015,0,0,519,1365,0,2627,1288,640,1149,103,410,0,0,0,1246,33689,208,208,0,105,0,1254,212
 66025,0,33836,1169,848,1904,2379,529,33331,33020,0,0,519,1365,0,2627,1288,640,1149,103,410,0,0,0,1246,33689,208,208,0,105,0,1254,212
 66030,0,33841,1169,848,1904,2379,529,33336,33025,0,0,519,1365,0,2627,1288,640,1149,103,410,0,0,0,1246,33689,208,208,0,105,0,1254,212
 66035,0,33846,1169,848,1904,2379,529,33341,33030,0,0,519,1365,0,2627,1288,640,1149,103,410,0,0,0,1246,33688,208,208,0,105,0,1254,212
 66040,0,33851,1169,848,1904,2379,529,33346,33035,0,0,519,1365,0,2627,1288,640,1149,103,410,0,0,0,1246,33693,208,208,0,105,0,1254,212
 66045,0,33856,1169,848,1904,2379,529,33351,33040,0,0,519,1365,0,2627,1288,640,1149,103,410,0,0,0,1246,33698,208,208,0,105,0,1254,212
 66050,0,33861,1169,848,1904,2379,529,33356,33045,0,0,519,1365,0,2627,1288,640,1149,103,410,0,0,0,1246,33703,208,208,0,105,0,1254,212
 66055,0,33866,1169,848,1904,2379,529,33361,33050,0,0,519,1365,0,2627,1288,640,1149,103,410,0,0,0,1246,33708,208,208,0,105,0,1254,212
 66060,0,33871,1169,848,1904,2379,529,33366,33055,0,0,519,1365,0,2627,1288,640,1149,103,410,0,0,0,1246,33713,208,208,0,105,0,1254,212
 66065,0,33876,1169,848,1904,2379,529,33371,33060,0,0,519,1365,0,2627,1288,640,1149,103,410,0,0,0,1246,33718,208,208,0,105,0,1254,212
 66070,0,33881,1169,848,1904,2379,529,33376,33065,0,0,519,1365,0,2627,1288,640,1149,103,410,0,0,0,1246,33723,208,208,0,105,0,1254,212
 66075,0,33886,1169,848,1904,2379,529,33381,33070,0,0,519,1365,0,2627,1288,640,1149,103,410,0,0,0,1246,33728,208,208,0,105,0,1254,212
 66080,0,33891,1169,848,1904,2379,529,33386,33075,0,0,519,1365,0,2627,1288,640,1149,103,410,0,0,0,1246,33733,208,208,0,105,0,1254,212
 66085,0,33895,1169,848,1904,2379,529,33391,33075,0,0,519,1365,0,2627,1288,640,1149,103,410,0,0,0,1246,33738,208,208,0,105,0,1254,212
 66090,0,33895,1169,848,1904,2379,529,33391,33075,0,0,519,1365,0,2627,1288,640,1149,103,410,0,0,0,1246,33743,208,208,0,105,0,1254,212
 66095,0,33895,1169,848,1904,2379,529,33391,33075,0,0,519,1365,0,2627,1288,640,1149,103,410,0,0,0,1246,33748,208,208,0,105,0,1254,212
 66100,0,33895,1169,848,1904,2379,529,33391,33075,0,0,519,1365,0,2627,1288,640,1149,103,410,0,0,0,1246,33753,208,208,0,105,0,1254,212
 66105,0,33895,1169,848,1904,2379,529,33391,33075,0,0,519,1365,0,2627,1288,640,1149,103,410,0,0,0,1246,33758,208,208,0,105,0,1254,212
 66110,0,33895,1169,848,1904,2379,529,33391,33075,0,0,519,1365,0,2627,1288,640,1149,103,410,0,0,0,1246,33763,208,208,0,105,0,1254,212
 66115,0,33895,1169,848,1904,2379,529,33391,33075,0,0,519,1365,0,2627,1288,640,1149,103,410,0,0,0,1246,33768,208,208,0,105,0,1254,212
 66120,0,33895,1169,848,1904,2379,529,33391,33075,0,0,519,1365,0,2627,1288,640,1149,103,410,0,0,0,1246,33773,208,208,0,105,0,1254,212
 66125,0,33895,1169,848,1904,2379,529,33391,33075,0,0,519,1365,0,2627,1288,640,1149,103,410,0,0,0,1246,33778,208,208,0,105,0,1254,212
 66130,0,33895,1169,848,1904,2379,529,33391,33075,0,0,519,1365,0,2627,1288,640,1149,103,410,0,0,0,1246,33783,208,208,0,105,0,1254,212
 66135,0,33895,1169,848,1904,2379,529,33391,33075,0,0,519,1365,0,2627,1288,640,1149,103,410,0,0,0,1246,33788,208,208,0,105,0,1254,212
 66140,0,33895,1169,848,1904,2379,529,33391,33075,0,0,519,1365,0,2627,1288,640,1149,103,410,0,0,0,1246,33794,208,208,0,105,0,1254,212
 66145,0,33895,1169,848,1904,2379,529,33391,33075,0,0,519,1365,0,2627,1288,640,1149,103,410,0,0,0,1246,33794,208,208,0,105,0,1254,212
 66150,0,33895,1169,848,1904,2379,529,33391,33075,0,0,519,1365,0,2627,1288,640,1149,103,410,0,0,0,1246,33794,208,208,0,105,0,1254,212
 66155,0,33895,1169,848,1904,2379,529,33391,33075,0,0,519,1365,0,2627,1288,640,1149,103,410,0,0,0,1246,33794,208,208,0,105,0,1254,212
 66160,0,33895,1169,848,1904,2379,529,33391,33075,0,0,519,1365,0,2627,1288,640,1149,103,410,0,0,0,1246,33794,208,208,0,105,0,1254,212
 66165,0,33895,1169,848,1904,2379,529,33391,33075,0,0,519,1365,0,2627,1288,640,1149,103,410,0,0,0,1246,33794,208,208,0,105,0,1254,212
 66170,0,33896,1169,848,1904,2379,529,33391,33075,0,0,519,1365,0,2627,1288,640,1149,103,410,0,0,0,1246,33794,208,208,0,105,0,1254,212
 66175,0,33901,1169,848,1904,2379,529,33391,33075,0,0,519,1365,0,2627,1288,640,1149,103,410,0,0,0,1246,33794,208,208,0,105,0,1254,212
 66180,0,33906,1169,848,1904,2379,529,33391,33075,0,0,519,1365,0,2627,1288,640,1149,103,410,0,0,0,1246,33794,208,208,0,105,0,1254,212
 66185,0,33911,1169,848,1904,2379,529,33391,33075,0,0,519,1365,0,2627,1288,640,1149,103,410,0,0,0,1246,33794,208,208,0,105,0,1254,212
 66190,0,33916,1169,848,1904,2379,529,33391,33075,0,0,519,1365,0,2627,1288,640,1149,103,410,0,0,0,1246,33794,208,208,0,105,0,1254,212
 66195,0,33921,1169,848,1904,2379,529,33391,33075,0,0,519,1365,0,2627,1288,640,1149,103,410,0,0,0,1246,33794,208,208,0,105,0,1254,212
 66200,0,33926,1169,848,1904,2379,529,33391,33075,0,0,519,1365,0,2627,1288,640,1149,103,410,0,0,0,1246,33794,208,208,0,105,0,1254,212
 66205,0,33931,1169,848,1904,2379,529,33391,33075,0,0,519,1365,0,2627,1288,640,1149,103,410,0,0,0,1246,33799,208,208,0,105,0,1254,212
 66210,0,33936,1169,848,1904,2379,529,33391,33075,0,0,519,1365,0,2627,1288,640,1149,103,410,0,0,0,1246,33804,208,208,0,105,0,1254,212
 66215,0,33941,1169,848,1904,2379,529,33391,33075,0,0,519,1365,0,2627,1288,640,1149,103,410,0,0,0,1246,33809,208,208,0,105,0,1254,212
 66220,0,33946,1169,848,1904,2379,529,33391,33075,0,0,519,1365,0,2627,1288,640,1149,103,410,0,0,0,1246,33814,208,208,0,105,0,1254,212
 66225,0,33951,1169,848,1904,2379,529,33391,33075,0,0,519,1365,0,2627,1288,640,1149,103,410,0,0,0,1246,33819,208,208,0,105,0,1254,212
 66230,0,33956,1169,848,1904,2379,529,33391,33075,0,0,519,1365,0,2627,1288,640,1149,103,410,0,0,0,1246,33824,208,208,0,105,0,1254,212
 66235,0,33961,1169,848,1904,2379,529,33394,33075,0,0,519,1365,0,2627,1288,640,1149,103,410,0,0,0,1246,33829,208,208,0,105,0,1254,212
 66240,0,33966,1169,848,1904,2379,529,33399,33075,0,0,519,1365,0,2627,1288,640,1149,103,410,0,0,0,1246,33834,208,208,0,105,0,1254,212
 66245,0,33971,1169,848,1904,2379,529,33404,33075,0,0,519,1365,0,2627,1288,640,1149,103,410,0,0,0,1246,33839,208,208,0,105,0,1254,212
 66250,0,33976,1169,848,1904,2379,529,33409,33075,0,0,519,1365,0,2627,1288,640,1149,103,410,0,0,0,1246,33844,208,208,0,105,0,1254,212
 66255,0,33981,1169,848,1904,2379,529,33414,33075,0,0,519,1365,0,2627,1288,640,1149,103,410,0,0,0,1246,33849,208,208,0,105,0,1254,212
 66260,0,33986,1169,848,1904,2379,529,33419,33075,0,0,519,1365,0,2627,1288,640,1149,103,410,0,0,0,1246,33854,208,208,0,105,0,1254,212
 66265,0,33991,1169,848,1904,2379,529,33424,33075,0,0,519,1365,0,2627,1288,640,1149,103,410,0,0,0,1246,33859,208,208,0,105,0,1254,212
 66270,0,33996,1169,848,1904,2379,529,33429,33075,0,0,519,1365,0,2627,1288,640,1149,103,410,0,0,0,1246,33864,208,208,0,105,0,1254,212
 66275,0,33996,1169,848,1904,2379,529,33434,33075,0,0,519,1365,0,2627,1288,640,1149,103,410,0,0,0,1246,33869,208,208,0,105,0,1254,212
 66280,0,33996,1169,848,1904,2379,529,33439,33075,0,0,519,1365,0,2627,1288,640,1149,103,410,0,0,0,1246,33874,208,208,0,105,0,1254,212
 66285,0,33996,1169,848,1904,2379,529,33444,33075,0,0,519,1365,0,2627,1288,640,1149,103,410,0,0,0,1246,33879,208,208,0,105,0,1254,212
 66290,0,33996,1169,848,1904,2379,529,33449,33075,0,0,519,1365,0,2627,1288,640,1149,103,410,0,0,0,1246,33884,208,208,0,105,0,1254,212
 66295,0,33996,1169,848,1904,2379,529,33454,33075,0,0,519,1365,0,2627,1288,640,1149,103,410,0,0,0,1246,33889,208,208,0,105,0,1254,212
 66300,0,33996,1169,848,1904,2379,529,33459,33075,0,0,519,1365,0,2627,1288,640,1149,103,410,0,0,0,1246,33895,208,208,0,105,0,1254,212
 66305,0,33996,1169,848,1904,2379,529,33464,33075,0,0,519,1365,0,2627,1288,640,1149,103,410,0,0,0,1246,33895,208,208,0,105,0,1254,212
 66310,0,33996,1169,848,1904,2379,529,33469,33075,0,0,519,1365,0,2627,1288,640,1149,103,410,0,0,0,1246,33895,208,208,0,105,0,1254,212
 66315,0,33996,1169,848,1904,2379,529,33474,33075,0,0,519,1365,0,2627,1288,640,1149,103,410,0,0,0,1246,33895,208,208,0,105,0,1254,212
 66320,0,33996,1169,848,1904,2379,529,33479,33075,0,0,519,1365,0,2627,1288,640,1149,103,410,0,0,0,1246,33895,208,208,0,105,0,1254,212
 66325,0,33996,1169,848,1904,2379,529,33484,33075,0,0,519,1365,0,2627,1288,640,1149,103,410,0,0,0,1246,33895,208,208,0,105,0,1254,212
 66330,0,33996,1169,848,1904,2379,529,33489,33075,0,0,519,1365,0,2627,1288,640,1149,103,410,0,0,0,1246,33895,208,208,0,105,0,1254,212
 66335,0,33996,1169,848,1904,2379,529,33494,33075,0,0,519,1365,0,2627,1288,640,1149,103,410,0,0,0,1246,33895,208,208,0,105,0,1254,212
 66340,0,33996,1169,848,1904,2379,529,33494,33075,0,0,519,1365,0,2627,1288,640,1149,103,410,0,0,0,1246,33895,208,208,0,105,0,1254,212
 66345,0,33996,1169,848,1904,2379,529,33494,33075,0,0,519,1365,0,2627,1288,640,1149,103,410,0,0,0,1246,33895,208,208,0,105,0,1254,212
 66350,0,33996,1169,848,1904,2379,529,33494,33075,0,0,519,1365,0,2627,1288,640,1149,103,410,0,0,0,1246,33895,208,208,0,105,0,1254,212
 66355,0,33996,1169,848,1904,2379,529,33494,33075,0,0,519,1365,0,2627,1288,640,1149,103,410,0,0,0,1246,33895,208,208,0,105,0,1254,212
 66360,0,33996,1169,848,1904,2379,529,33494,33075,0,0,519,1365,0,2627,1288,640,1149,103,410,0,0,0,1246,33900,208,208,0,105,0,1254,212
 66365,0,33996,1169,848,1904,2379,529,33494,33075,0,0,519,1365,0,2627,1288,640,1149,103,410,0,0,0,1246,33905,208,208,0,105,0,1254,212
 66370,0,33996,1169,848,1904,2379,529,33494,33075,0,0,519,1365,0,2627,1288,640,1149,103,410,0,0,0,1246,33910,208,208,0,105,0,1254,212
 66375,0,33996,1169,848,1904,2379,529,33494,33075,0,0,519,1365,0,2627,1288,640,1149,103,410,0,0,0,1246,33915,208,208,0,105,0,1254,212
 66380,0,33996,1169,848,1904,2379,529,33494,33075,0,0,519,1365,0,2627,1288,640,1149,103,410,0,0,0,1246,33920,208,208,0,105,0,1254,212
 66385,0,33996,1169,848,1904,2379,529,33494,33075,0,0,519,1365,0,2627,1288,640,1149,103,410,0,0,0,1246,33925,208,208,0,105,0,1254,212
 66390,0,33996,1169,848,1904,2379,529,33494,33075,0,0,519,1365,0,2627,1288,640,1149,103,410,0,0,0,1246,33930,208,208,0,105,0,1254,212
 66395,0,33996,1169,848,1904,2379,529,33494,33075,0,0,519,1365,0,2627,1288,640,1149,103,410,0,0,0,1246,33935,208,208,0,105,0,1254,212
 66400,0,33996,1169,848,1904,2379,529,33494,33075,0,0,519,1365,0,2627,1288,640,1149,103,410,0,0,0,1246,33940,208,208,0,105,0,1254,212
 66405,0,33997,1169,848,1904,2379,529,33494,33075,0,0,519,1365,0,2627,1288,640,1149,103,410,0,0,0,1246,33945,208,208,0,105,0,1254,212
 66410,0,34002,1169,848,1904,2379,529,33494,33075,0,0,519,1365,0,2627,1288,640,1149,103,410,0,0,0,1246,33950,208,208,0,105,0,1254,212
 66415,0,34007,1169,848,1904,2379,529,33494,33075,0,0,519,1365,0,2627,1288,640,1149,103,410,0,0,0,1246,33955,208,208,0,105,0,1254,212
 66420,0,34012,1169,848,1904,2379,529,33495,33080,0,0,519,1365,0,2627,1288,640,1149,103,410,0,0,0,1246,33960,208,208,0,105,0,1254,212
 66425,0,34017,1169,848,1904,2379,529,33500,33085,0,0,519,1365,0,2627,1288,640,1149,103,410,0,0,0,1246,33965,208,208,0,105,0,1254,212
 66430,0,34022,1169,848,1904,2379,529,33505,33090,0,0,519,1365,0,2627,1288,640,1149,103,410,0,0,0,1246,33970,208,208,0,105,0,1254,212
 66435,0,34027,1169,848,1904,2379,529,33510,33095,0,0,519,1365,0,2627,1288,640,1149,103,410,0,0,0,1246,33975,208,208,0,105,0,1254,212
 66440,0,34032,1169,848,1904,2379,529,33515,33100,0,0,519,1365,0,2627,1288,640,1149,103,410,0,0,0,1246,33980,208,208,0,105,0,1254,212
 66445,0,34037,1169,848,1904,2379,529,33520,33105,0,0,519,1365,0,2627,1288,640,1149,103,410,0,0,0,1246,33985,208,208,0,105,0,1254,212
 66450,0,34042,1169,848,1904,2379,529,33525,33110,0,0,519,1365,0,2627,1288,640,1149,103,410,0,0,0,1246,33990,208,208,0,105,0,1254,212
 66455,0,34047,1169,848,1904,2379,529,33530,33115,0,0,519,1365,0,2627,1288,640,1149,103,410,0,0,0,1246,33996,208,208,0,105,0,1254,212
 66460,0,34052,1169,848,1904,2379,529,33535,33120,0,0,519,1365,0,2627,1288,640,1149,103,410,0,0,0,1246,33996,208,208,0,105,0,1254,212
 66465,0,34057,1169,848,1904,2379,529,33540,33125,0,0,519,1365,0,2627,1288,640,1149,103,410,0,0,0,1246,33996,208,208,0,105,0,1254,212
 66470,0,34062,1169,848,1904,2379,529,33545,33130,0,0,519,1365,0,2627,1288,640,1149,103,410,0,0,0,1246,33996,208,208,0,105,0,1254,212
 66475,0,34067,1169,848,1904,2379,529,33550,33135,0,0,519,1365,0,2627,1288,640,1149,103,410,0,0,0,1246,33996,208,208,0,105,0,1254,212
 66480,0,34072,1169,848,1904,2379,529,33555,33140,0,0,519,1365,0,2627,1288,640,1149,103,410,0,0,0,1246,33996,208,208,0,105,0,1254,212
 66485,0,34077,1169,848,1904,2379,529,33560,33145,0,0,519,1365,0,2627,1288,640,1149,103,410,0,0,0,1246,33996,208,208,0,105,0,1254,212
 66490,0,34082,1169,848,1904,2379,529,33565,33150,0,0,519,1365,0,2627,1288,640,1149,103,410,0,0,0,1246,33996,208,208,0,105,0,1254,212
 66495,0,34087,1169,848,1904,2379,529,33570,33155,0,0,519,1365,0,2627,1288,640,1149,103,410,0,0,0,1246,33996,208,208,0,105,0,1254,212
 66500,0,34092,1169,848,1904,2379,529,33575,33160,0,0,519,1365,0,2627,1288,640,1149,103,410,0,0,0,1246,33999,208,208,0,105,0,1254,212
 66505,0,34097,1169,848,1904,2379,529,33580,33165,0,0,519,1365,0,2627,1288,640,1149,103,410,0,0,0,1246,34004,208,208,0,105,0,1254,212
 66510,0,34101,1169,848,1904,2379,529,33585,33170,0,0,519,1365,0,2627,1288,640,1149,103,410,0,0,0,1246,34009,208,208,0,105,0,1254,212
 66515,0,34101,1169,848,1904,2379,529,33590,33175,0,0,519,1365,0,2627,1288,640,1149,103,410,0,0,0,1246,34014,208,208,0,105,0,1254,212
 66520,0,34101,1169,848,1904,2379,529,33595,33178,0,0,519,1365,0,2627,1288,640,1149,103,410,0,0,0,1246,34019,208,208,0,105,0,1254,212
 66525,0,34101,1169,848,1904,2379,529,33599,33178,0,0,519,1365,0,2627,1288,640,1149,103,410,0,0,0,1246,34024,208,208,0,105,0,1254,212
 66530,0,34101,1169,848,1904,2379,529,33599,33178,0,0,519,1365,0,2627,1288,640,1149,103,410,0,0,0,1246,34029,208,208,0,105,0,1254,212
 66535,0,34101,1169,848,1904,2379,529,33599,33178,0,0,519,1365,0,2627,1288,640,1149,103,410,0,0,0,1246,34034,208,208,0,105,0,1254,212
 66540,0,34101,1169,848,1904,2379,529,33599,33178,0,0,519,1365,0,2627,1288,640,1149,103,410,0,0,0,1246,34039,208,208,0,105,0,1254,212
 66545,0,34101,1169,848,1904,2379,529,33599,33178,0,0,519,1365,0,2627,1288,640,1149,103,410,0,0,0,1246,34044,208,208,0,105,0,1254,212
 66550,0,34101,1169,848,1904,2379,529,33599,33178,0,0,519,1365,0,2627,1288,640,1149,103,410,0,0,0,1246,34049,208,208,0,105,0,1254,212
 66555,0,34101,1169,848,1904,2379,529,33599,33178,0,0,519,1365,0,2627,1288,640,1149,103,410,0,0,0,1246,34054,208,208,0,105,0,1254,212
 66560,0,34101,1169,848,1904,2379,529,33599,33178,0,0,519,1365,0,2627,1288,640,1149,103,410,0,0,0,1246,34059,208,208,0,105,0,1254,212
 66565,0,34101,1169,848,1904,2379,529,33599,33178,0,0,519,1365,0,2627,1288,640,1149,103,410,0,0,0,1246,34064,208,208,0,105,0,1254,212
 66570,0,34101,1169,848,1904,2379,529,33599,33178,0,0,519,1365,0,2627,1288,640,1149,103,410,0,0,0,1246,34069,208,208,0,105,0,1254,212
 66575,0,34100,1169,848,1904,2379,529,33599,33178,0,0,519,1365,0,2627,1288,640,1149,103,410,0,0,0,1246,34074,208,208,0,105,0,1254,212
 66580,0,34105,1169,848,1904,2379,529,33599,33178,0,0,519,1365,0,2627,1288,640,1149,103,410,0,0,0,1246,34079,208,208,0,105,0,1254,212
 66585,0,34110,1169,848,1904,2379,529,33599,33178,0,0,519,1365,0,2627,1288,640,1149,103,410,0,0,0,1246,34084,208,208,0,105,0,1254,212
 66590,0,34115,1169,848,1904,2379,529,33599,33178,0,0,519,1365,0,2627,1288,640,1149,103,410,0,0,0,1246,34089,208,208,0,105,0,1254,212
 66595,0,34120,1169,848,1904,2379,529,33599,33181,0,0,519,1365,0,2627,1288,640,1149,103,410,0,0,0,1246,34094,208,208,0,105,0,1254,212
 66600,0,34125,1169,848,1904,2379,529,33599,33186,0,0,519,1365,0,2627,1288,640,1149,103,410,0,0,0,1246,34099,208,208,0,105,0,1254,212
 66605,0,34130,1169,848,1904,2379,529,33599,33191,0,0,519,1365,0,2627,1288,640,1149,103,410,0,0,0,1246,34099,208,208,0,105,0,1254,212
 66610,0,34135,1169,848,1904,2379,529,33602,33196,0,0,519,1365,0,2627,1288,640,1149,103,410,0,0,0,1246,34099,208,208,0,105,0,1254,212
 66615,0,34140,1169,848,1904,2379,529,33607,33201,0,0,519,1365,0,2627,1288,640,1149,103,410,0,0,0,1246,34099,208,208,0,105,0,1254,212
 66620,0,34145,1169,848,1904,2379,529,33612,33206,0,0,519,1365,0,2627,1288,640,1149,103,410,0,0,0,1246,34099,208,208,0,105,0,1254,212
 66625,0,34150,1169,848,1904,2379,529,33617,33211,0,0,519,1365,0,2627,1288,640,1149,103,410,0,0,0,1246,34099,208,208,0,105,0,1254,212
 66630,0,34155,1169,848,1904,2379,529,33622,33216,0,0,519,1365,0,2627,1288,640,1149,103,410,0,0,0,1246,34099,208,208,0,105,0,1254,212
 66635,0,34160,1169,848,1904,2379,529,33627,33221,0,0,519,1365,0,2627,1288,640,1149,103,410,0,0,0,1246,34099,208,208,0,105,0,1254,212
 66640,0,34165,1169,848,1904,2379,529,33632,33226,0,0,519,1365,0,2627,1288,640,1149,103,410,0,0,0,1246,34099,208,208,0,105,0,1254,212
 66645,0,34170,1169,848,1904,2379,529,33637,33231,0,0,519,1365,0,2627,1288,640,1149,103,410,0,0,0,1246,34099,208,208,0,105,0,1254,212
 66650,0,34175,1169,848,1904,2379,529,33642,33236,0,0,519,1365,0,2627,1288,640,1149,103,410,0,0,0,1246,34099,208,208,0,105,0,1254,212
 66655,0,34180,1169,848,1904,2379,529,33647,33241,0,0,519,1365,0,2627,1288,640,1149,103,410,0,0,0,1246,34098,208,208,0,105,0,1254,212
 66660,0,34185,1169,848,1904,2379,529,33652,33246,0,0,519,1365,0,2627,1288,640,1149,103,410,0,0,0,1246,34103,208,208,0,105,0,1254,212
 66665,0,34190,1169,848,1904,2379,529,33657,33251,0,0,519,1365,0,2627,1288,640,1149,103,410,0,0,0,1246,34108,208,208,0,105,0,1254,212
 66670,0,34195,1169,848,1904,2379,529,33662,33256,0,0,519,1365,0,2627,1288,640,1149,103,410,0,0,0,1246,34113,208,208,0,105,0,1254,212
 66675,0,34200,1169,848,1904,2379,529,33667,33261,0,0,519,1365,0,2627,1288,640,1149,103,410,0,0,0,1246,34118,208,208,0,105,0,1254,212
 66680,0,34204,1169,848,1904,2379,529,33672,33266,0,0,519,1365,0,2627,1288,640,1149,103,410,0,0,0,1246,34123,208,208,0,105,0,1254,212
 66685,0,34204,1169,848,1904,2379,529,33677,33271,0,0,519,1365,0,2627,1288,640,1149,103,410,0,0,0,1246,34128,208,208,0,105,0,1254,212
 66690,0,34204,1169,848,1904,2379,529,33682,33276,0,0,519,1365,0,2627,1288,640,1149,103,410,0,0,0,1246,34133,208,208,0,105,0,1254,212
 66695,0,34204,1169,848,1904,2379,529,33687,33281,0,0,519,1365,0,2627,1288,640,1149,103,410,0,0,0,1246,34138,208,208,0,105,0,1254,212
 66700,0,34204,1169,848,1904,2379,529,33692,33283,0,0,519,1365,0,2627,1288,640,1149,103,410,0,0,0,1246,34143,208,208,0,105,0,1254,212
 66705,0,34204,1169,848,1904,2379,529,33697,33283,0,0,519,1365,0,2627,1288,640,1149,103,410,0,0,0,1246,34148,208,208,0,105,0,1254,212
 66710,0,34204,1169,848,1904,2379,529,33702,33283,0,0,519,1365,0,2627,1288,640,1149,103,410,0,0,0,1246,34153,208,208,0,105,0,1254,212
 66715,0,34204,1169,848,1904,2379,529,33704,33283,0,0,519,1365,0,2627,1288,640,1149,103,410,0,0,0,1246,34158,208,208,0,105,0,1254,212
 66720,0,34204,1169,848,1904,2379,529,33704,33283,0,0,519,1365,0,2627,1288,640,1149,103,410,0,0,0,1246,34163,208,208,0,105,0,1254,212
 66725,0,34205,1169,848,1904,2379,529,33704,33283,0,0,519,1365,0,2627,1288,640,1149,103,410,0,0,0,1246,34168,208,208,0,105,0,1254,212
 66730,0,34210,1169,848,1904,2379,529,33704,33283,0,0,519,1365,0,2627,1288,640,1149,103,410,0,0,0,1246,34173,208,208,0,105,0,1254,212
 66735,0,34215,1169,848,1904,2379,529,33704,33283,0,0,519,1365,0,2627,1288,640,1149,103,410,0,0,0,1246,34178,208,208,0,105,0,1254,212
 66740,0,34220,1169,848,1904,2379,529,33704,33283,0,0,519,1365,0,2627,1288,640,1149,103,410,0,0,0,1246,34183,208,208,0,105,0,1254,212
 66745,0,34225,1169,848,1904,2379,529,33704,33283,0,0,519,1365,0,2627,1288,640,1149,103,410,0,0,0,1246,34188,208,208,0,105,0,1254,212
 66750,0,34230,1169,848,1904,2379,529,33704,33283,0,0,519,1365,0,2627,1288,640,1149,103,410,0,0,0,1246,34193,208,208,0,105,0,1254,212
 66755,0,34235,1169,848,1904,2379,529,33704,33283,0,0,519,1365,0,2627,1288,640,1149,103,410,0,0,0,1246,34198,208,208,0,105,0,1254,212
 66760,0,34240,1169,848,1904,2379,529,33704,33283,0,0,519,1365,0,2627,1288,640,1149,103,410,0,0,0,1246,34202,208,208,0,105,0,1254,212
 66765,0,34245,1169,848,1904,2379,529,33704,33283,0,0,519,1365,0,2627,1288,640,1149,103,410,0,0,0,1246,34202,208,208,0,105,0,1254,212
 66770,0,34250,1169,848,1904,2379,529,33704,33283,0,0,519,1365,0,2627,1288,640,1149,103,410,0,0,0,1246,34202,208,208,0,105,0,1254,212
 66775,0,34255,1169,848,1904,2379,529,33704,33283,0,0,519,1365,0,2627,1288,640,1149,103,410,0,0,0,1246,34202,208,208,0,105,0,1254,212
 66780,0,34260,1169,848,1904,2379,529,33704,33283,0,0,519,1365,0,2627,1288,640,1149,103,410,0,0,0,1246,34202,208,208,0,105,0,1254,212
 66785,0,34265,1169,848,1904,2379,529,33704,33283,0,0,519,1365,0,2627,1288,640,1149,103,410,0,0,0,1246,34202,208,208,0,105,0,1254,212
 66790,0,34270,1169,848,1904,2379,529,33704,33283,0,0,519,1365,0,2627,1288,640,1149,103,410,0,0,0,1246,34202,208,208,0,105,0,1254,212
 66795,0,34275,1169,848,1904,2379,529,33704,33283,0,0,519,1365,0,2627,1288,640,1149,103,410,0,0,0,1246,34202,208,208,0,105,0,1254,212
 66800,0,34280,1169,848,1904,2379,529,33704,33283,0,0,519,1365,0,2627,1288,640,1149,103,410,0,0,0,1246,34202,208,208,0,105,0,1254,212
 66805,0,34285,1169,848,1904,2379,529,33704,33283,0,0,519,1365,0,2627,1288,640,1149,103,410,0,0,0,1246,34202,208,208,0,105,0,1254,212
 66810,0,34290,1169,848,1904,2379,529,33704,33283,0,0,519,1365,0,2627,1288,640,1149,103,410,0,0,0,1246,34202,208,208,0,105,0,1254,212
 66815,0,34295,1169,848,1904,2379,529,33704,33283,0,0,519,1365,0,2627,1288,640,1149,103,410,0,0,0,1246,34202,208,208,0,105,0,1254,212
 66820,0,34300,1169,848,1904,2379,529,33703,33283,0,0,519,1365,0,2627,1288,640,1149,103,410,0,0,0,1246,34202,208,208,0,105,0,1254,212
 66825,0,34305,1169,848,1904,2379,529,33708,33283,0,0,519,1365,0,2627,1288,640,1149,103,410,0,0,0,1246,34205,208,208,0,105,0,1254,212
 66830,0,34305,1169,848,1904,2379,529,33713,33283,0,0,519,1365,0,2627,1288,640,1149,103,410,0,0,0,1246,34210,208,208,0,105,0,1254,212
 66835,0,34305,1169,848,1904,2379,529,33718,33283,0,0,519,1365,0,2627,1288,640,1149,103,410,0,0,0,1246,34215,208,208,0,105,0,1254,212
 66840,0,34305,1169,848,1904,2379,529,33723,33283,0,0,519,1365,0,2627,1288,640,1149,103,410,0,0,0,1246,34220,208,208,0,105,0,1254,212
 66845,0,34305,1169,848,1904,2379,529,33728,33283,0,0,519,1365,0,2627,1288,640,1149,103,410,0,0,0,1246,34225,208,208,0,105,0,1254,212
 66850,0,34305,1169,848,1904,2379,529,33733,33283,0,0,519,1365,0,2627,1288,640,1149,103,410,0,0,0,1246,34230,208,208,0,105,0,1254,212
 66855,0,34305,1169,848,1904,2379,529,33738,33283,0,0,519,1365,0,2627,1288,640,1149,103,410,0,0,0,1246,34235,208,208,0,105,0,1254,212
 66860,0,34305,1169,848,1904,2379,529,33743,33283,0,0,519,1365,0,2627,1288,640,1149,103,410,0,0,0,1246,34240,208,208,0,105,0,1254,212
 66865,0,34305,1169,848,1904,2379,529,33748,33284,0,0,519,1365,0,2627,1288,640,1149,103,410,0,0,0,1246,34245,208,208,0,105,0,1254,212
 66870,0,34306,1169,848,1904,2379,529,33753,33289,0,0,519,1365,0,2627,1288,640,1149,103,410,0,0,0,1246,34250,208,208,0,105,0,1254,212
 66875,0,34311,1169,848,1904,2379,529,33758,33294,0,0,519,1365,0,2627,1288,640,1149,103,410,0,0,0,1246,34255,208,208,0,105,0,1254,212
 66880,0,34316,1169,848,1904,2379,529,33763,33299,0,0,519,1365,0,2627,1288,640,1149,103,410,0,0,0,1246,34260,208,208,0,105,0,1254,212
 66885,0,34321,1169,848,1904,2379,529,33768,33304,0,0,519,1365,0,2627,1288,640,1149,103,410,0,0,0,1246,34265,208,208,0,105,0,1254,212
 66890,0,34326,1169,848,1904,2379,529,33773,33309,0,0,519,1365,0,2627,1288,640,1149,103,410,0,0,0,1246,34270,208,208,0,105,0,1254,212
 66895,0,34331,1169,848,1904,2379,529,33778,33314,0,0,519,1365,0,2627,1288,640,1149,103,410,0,0,0,1246,34275,208,208,0,105,0,1254,212
 66900,0,34336,1169,848,1904,2379,529,33783,33319,0,0,519,1365,0,2627,1288,640,1149,103,410,0,0,0,1246,34280,208,208,0,105,0,1254,212
 66905,0,34341,1169,848,1904,2379,529,33788,33324,0,0,519,1365,0,2627,1288,640,1149,103,410,0,0,0,1246,34285,208,208,0,105,0,1254,212
 66910,0,34346,1169,848,1904,2379,529,33793,33329,0,0,519,1365,0,2627,1288,640,1149,103,410,0,0,0,1246,34290,208,208,0,105,0,1254,212
 66915,0,34351,1169,848,1904,2379,529,33798,33334,0,0,519,1365,0,2627,1288,640,1149,103,410,0,0,0,1246,34295,208,208,0,105,0,1254,212
 66920,0,34356,1169,848,1904,2379,529,33803,33339,0,0,519,1365,0,2627,1288,640,1149,103,410,0,0,0,1246,34300,208,208,0,105,0,1254,212
 66925,0,34361,1169,848,1904,2379,529,33807,33344,0,0,519,1365,0,2627,1288,640,1149,103,410,0,0,0,1246,34305,208,208,0,105,0,1254,212
 66930,0,34366,1169,848,1904,2379,529,33807,33349,0,0,519,1365,0,2627,1288,640,1149,103,410,0,0,0,1246,34307,208,208,0,105,0,1254,212
 66935,0,34371,1169,848,1904,2379,529,33807,33354,0,0,519,1365,0,2627,1288,640,1149,103,410,0,0,0,1246,34307,208,208,0,105,0,1254,212
 66940,0,34376,1169,848,1904,2379,529,33807,33359,0,0,519,1365,0,2627,1288,640,1149,103,410,0,0,0,1246,34307,208,208,0,105,0,1254,212
 66945,0,34381,1169,848,1904,2379,529,33807,33364,0,0,519,1365,0,2627,1288,640,1149,103,410,0,0,0,1246,34307,208,208,0,105,0,1254,212
 66950,0,34386,1169,848,1904,2379,529,33807,33369,0,0,519,1365,0,2627,1288,640,1149,103,410,0,0,0,1246,34307,208,208,0,105,0,1254,212
 66955,0,34391,1169,848,1904,2379,529,33807,33374,0,0,519,1365,0,2627,1288,640,1149,103,410,0,0,0,1246,34307,208,208,0,105,0,1254,212
 66960,0,34396,1169,848,1904,2379,529,33807,33379,0,0,519,1365,0,2627,1288,640,1149,103,410,0,0,0,1246,34307,208,208,0,105,0,1254,212
 66965,0,34401,1169,848,1904,2379,529,33807,33384,0,0,519,1365,0,2627,1288,640,1149,103,410,0,0,0,1246,34307,208,208,0,105,0,1254,212
 66970,0,34406,1169,848,1904,2379,529,33807,33390,0,0,519,1365,0,2627,1288,640,1149,103,410,0,0,0,1246,34307,208,208,0,105,0,1254,212
 66975,0,34412,1169,848,1904,2379,529,33807,33390,0,0,519,1365,0,2627,1288,640,1149,103,410,0,0,0,1246,34307,208,208,0,105,0,1254,212
 66980,0,34412,1169,848,1904,2379,529,33807,33390,0,0,519,1365,0,2627,1288,640,1149,103,410,0,0,0,1246,34307,208,208,0,105,0,1254,212
 66985,0,34412,1169,848,1904,2379,529,33807,33390,0,0,519,1365,0,2627,1288,640,1149,103,410,0,0,0,1246,34307,208,208,0,105,0,1254,212
 66990,0,34412,1169,848,1904,2379,529,33807,33390,0,0,519,1365,0,2627,1288,640,1149,103,410,0,0,0,1246,34307,208,208,0,105,0,1254,212
 66995,0,34412,1169,848,1904,2379,529,33807,33390,0,0,519,1365,0,2627,1288,640,1149,103,410,0,0,0,1246,34307,208,208,0,105,0,1254,212
 67000,0,34412,1169,848,1904,2379,529,33807,33390,0,0,519,1365,0,2627,1288,640,1149,103,410,0,0,0,1246,34307,208,208,0,105,0,1254,212
 67005,0,34412,1169,848,1904,2379,529,33807,33390,0,0,519,1365,0,2627,1288,640,1149,103,410,0,0,0,1246,34307,208,208,0,105,0,1254,212
 67010,0,34412,1169,848,1904,2379,529,33807,33390,0,0,519,1365,0,2627,1288,640,1149,103,410,0,0,0,1246,34307,208,208,0,105,0,1254,212
 67015,0,34412,1169,848,1904,2379,529,33807,33390,0,0,519,1365,0,2627,1288,640,1149,103,410,0,0,0,1246,34307,208,208,0,105,0,1254,212
 67020,0,34412,1169,848,1904,2379,529,33807,33390,0,0,519,1365,0,2627,1288,640,1149,103,410,0,0,0,1246,34307,208,208,0,105,0,1254,212
 67025,0,34412,1169,848,1904,2379,529,33807,33390,0,0,519,1365,0,2627,1288,640,1149,103,410,0,0,0,1246,34307,208,208,0,105,0,1254,212
 67030,0,34412,1169,848,1904,2379,529,33807,33390,0,0,519,1365,0,2627,1288,640,1149,103,410,0,0,0,1246,34307,208,208,0,105,0,1254,212
 67035,0,34412,1169,848,1904,2379,529,33807,33390,0,0,519,1365,0,2627,1288,640,1149,103,410,0,0,0,1246,34307,208,208,0,105,0,1254,212
 67040,0,34412,1169,848,1904,2379,529,33806,33390,0,0,519,1365,0,2627,1288,640,1149,103,410,0,0,0,1246,34307,208,208,0,105,0,1254,212
 67045,0,34412,1169,848,1904,2379,529,33811,33390,0,0,519,1365,0,2627,1288,640,1149,103,410,0,0,0,1246,34307,208,208,0,105,0,1254,212
 67050,0,34412,1169,848,1904,2379,529,33816,33390,0,0,519,1365,0,2627,1288,640,1149,103,410,0,0,0,1246,34307,208,208,0,105,0,1254,212
 67055,0,34412,1169,848,1904,2379,529,33821,33390,0,0,519,1365,0,2627,1288,640,1149,103,410,0,0,0,1246,34307,208,208,0,105,0,1254,212
 67060,0,34412,1169,848,1904,2379,529,33826,33390,0,0,519,1365,0,2627,1288,640,1149,103,410,0,0,0,1246,34307,208,208,0,105,0,1254,212
 67065,0,34412,1169,848,1904,2379,529,33831,33390,0,0,519,1365,0,2627,1288,640,1149,103,410,0,0,0,1246,34307,208,208,0,105,0,1254,212
 67070,0,34412,1169,848,1904,2379,529,33836,33393,0,0,519,1365,0,2627,1288,640,1149,103,410,0,0,0,1246,34306,208,208,0,105,0,1254,212
 67075,0,34412,1169,848,1904,2379,529,33841,33398,0,0,519,1365,0,2627,1288,640,1149,103,410,0,0,0,1246,34311,208,208,0,105,0,1254,212
 67080,0,34412,1169,848,1904,2379,529,33846,33403,0,0,519,1365,0,2627,1288,640,1149,103,410,0,0,0,1246,34316,208,208,0,105,0,1254,212
 67085,0,34413,1169,848,1904,2379,529,33851,33408,0,0,519,1365,0,2627,1288,640,1149,103,410,0,0,0,1246,34321,208,208,0,105,0,1254,212
 67090,0,34418,1169,848,1904,2379,529,33856,33413,0,0,519,1365,0,2627,1288,640,1149,103,410,0,0,0,1246,34326,208,208,0,105,0,1254,212
 67095,0,34423,1169,848,1904,2379,529,33861,33418,0,0,519,1365,0,2627,1288,640,1149,103,410,0,0,0,1246,34331,208,208,0,105,0,1254,212
 67100,0,34428,1169,848,1904,2379,529,33866,33423,0,0,519,1365,0,2627,1288,640,1149,103,410,0,0,0,1246,34336,208,208,0,105,0,1254,212
 67105,0,34433,1169,848,1904,2379,529,33871,33428,0,0,519,1365,0,2627,1288,640,1149,103,410,0,0,0,1246,34341,208,208,0,105,0,1254,212
 67110,0,34438,1169,848,1904,2379,529,33876,33433,0,0,519,1365,0,2627,1288,640,1149,103,410,0,0,0,1246,34346,208,208,0,105,0,1254,212
 67115,0,34443,1169,848,1904,2379,529,33881,33438,0,0,519,1365,0,2627,1288,640,1149,103,410,0,0,0,1246,34351,208,208,0,105,0,1254,212
 67120,0,34448,1169,848,1904,2379,529,33886,33443,0,0,519,1365,0,2627,1288,640,1149,103,410,0,0,0,1246,34356,208,208,0,105,0,1254,212
 67125,0,34453,1169,848,1904,2379,529,33891,33448,0,0,519,1365,0,2627,1288,640,1149,103,410,0,0,0,1246,34361,208,208,0,105,0,1254,212
 67130,0,34458,1169,848,1904,2379,529,33896,33453,0,0,519,1365,0,2627,1288,640,1149,103,410,0,0,0,1246,34366,208,208,0,105,0,1254,212
 67135,0,34463,1169,848,1904,2379,529,33901,33458,0,0,519,1365,0,2627,1288,640,1149,103,410,0,0,0,1246,34371,208,208,0,105,0,1254,212
 67140,0,34468,1169,848,1904,2379,529,33906,33463,0,0,519,1365,0,2627,1288,640,1149,103,410,0,0,0,1246,34376,208,208,0,105,0,1254,212
 67145,0,34473,1169,848,1904,2379,529,33908,33468,0,0,519,1365,0,2627,1288,640,1149,103,410,0,0,0,1246,34381,208,208,0,105,0,1254,212
 67150,0,34478,1169,848,1904,2379,529,33908,33473,0,0,519,1365,0,2627,1288,640,1149,103,410,0,0,0,1246,34386,208,208,0,105,0,1254,212
 67155,0,34483,1169,848,1904,2379,529,33908,33478,0,0,519,1365,0,2627,1288,640,1149,103,410,0,0,0,1246,34391,208,208,0,105,0,1254,212
 67160,0,34488,1169,848,1904,2379,529,33908,33483,0,0,519,1365,0,2627,1288,640,1149,103,410,0,0,0,1246,34396,208,208,0,105,0,1254,212
 67165,0,34493,1169,848,1904,2379,529,33908,33488,0,0,519,1365,0,2627,1288,640,1149,103,410,0,0,0,1246,34401,208,208,0,105,0,1254,212
 67170,0,34498,1169,848,1904,2379,529,33908,33493,0,0,519,1365,0,2627,1288,640,1149,103,410,0,0,0,1246,34406,208,208,0,105,0,1254,212
 67175,0,34503,1169,848,1904,2379,529,33908,33495,0,0,519,1365,0,2627,1288,640,1149,103,410,0,0,0,1246,34412,208,208,0,105,0,1254,212
 67180,0,34508,1169,848,1904,2379,529,33908,33495,0,0,519,1365,0,2627,1288,640,1149,103,410,0,0,0,1246,34412,208,208,0,105,0,1254,212
 67185,0,34513,1169,848,1904,2379,529,33907,33495,0,0,519,1365,0,2627,1288,640,1149,103,410,0,0,0,1246,34412,208,208,0,105,0,1254,212
 67190,0,34515,1169,848,1904,2379,529,33912,33495,0,0,519,1365,0,2627,1288,640,1149,103,410,0,0,0,1246,34412,208,208,0,105,0,1254,212
 67195,0,34515,1169,848,1904,2379,529,33917,33495,0,0,519,1365,0,2627,1288,640,1149,103,410,0,0,0,1246,34412,208,208,0,105,0,1254,212
 67200,0,34515,1169,848,1904,2379,529,33922,33495,0,0,519,1365,0,2627,1288,640,1149,103,410,0,0,0,1246,34412,208,208,0,105,0,1254,212
 67205,0,34515,1169,848,1904,2379,529,33927,33495,0,0,519,1365,0,2627,1288,640,1149,103,410,0,0,0,1246,34412,208,208,0,105,0,1254,212
 67210,0,34515,1169,848,1904,2379,529,33932,33495,0,0,519,1365,0,2627,1288,640,1149,103,410,0,0,0,1246,34412,208,208,0,105,0,1254,212
 67215,0,34515,1169,848,1904,2379,529,33937,33495,0,0,519,1365,0,2627,1288,640,1149,103,410,0,0,0,1246,34412,208,208,0,105,0,1254,212
 67220,0,34515,1169,848,1904,2379,529,33942,33495,0,0,519,1365,0,2627,1288,640,1149,103,410,0,0,0,1246,34412,208,208,0,105,0,1254,212
 67225,0,34515,1169,848,1904,2379,529,33947,33495,0,0,519,1365,0,2627,1288,640,1149,103,410,0,0,0,1246,34412,208,208,0,105,0,1254,212
 67230,0,34515,1169,848,1904,2379,529,33952,33495,0,0,519,1365,0,2627,1288,640,1149,103,410,0,0,0,1246,34412,208,208,0,105,0,1254,212
 67235,0,34515,1169,848,1904,2379,529,33957,33495,0,0,519,1365,0,2627,1288,640,1149,103,410,0,0,0,1246,34412,208,208,0,105,0,1254,212
 67240,0,34515,1169,848,1904,2379,529,33962,33495,0,0,519,1365,0,2627,1288,640,1149,103,410,0,0,0,1246,34412,208,208,0,105,0,1254,212
 67245,0,34515,1169,848,1904,2379,529,33967,33495,0,0,519,1365,0,2627,1288,640,1149,103,410,0,0,0,1246,34412,208,208,0,105,0,1254,212
 67250,0,34515,1169,848,1904,2379,529,33972,33495,0,0,519,1365,0,2627,1288,640,1149,103,410,0,0,0,1246,34412,208,208,0,105,0,1254,212
 67255,0,34515,1169,848,1904,2379,529,33977,33495,0,0,519,1365,0,2627,1288,640,1149,103,410,0,0,0,1246,34412,208,208,0,105,0,1254,212
 67260,0,34515,1169,848,1904,2379,529,33982,33495,0,0,519,1365,0,2627,1288,640,1149,103,410,0,0,0,1246,34412,208,208,0,105,0,1254,212
 67265,0,34515,1169,848,1904,2379,529,33987,33495,0,0,519,1365,0,2627,1288,640,1149,103,410,0,0,0,1246,34412,208,208,0,105,0,1254,212
 67270,0,34515,1169,848,1904,2379,529,33992,33495,0,0,519,1365,0,2627,1288,640,1149,103,410,0,0,0,1246,34417,208,208,0,105,0,1254,212
 67275,0,34515,1169,848,1904,2379,529,33997,33495,0,0,519,1365,0,2627,1288,640,1149,103,410,0,0,0,1246,34422,208,208,0,105,0,1254,212
 67280,0,34517,1169,848,1904,2379,529,34002,33495,0,0,519,1365,0,2627,1288,640,1149,103,410,0,0,0,1246,34427,208,208,0,105,0,1254,212
 67285,0,34522,1169,848,1904,2379,529,34007,33495,0,0,519,1365,0,2627,1288,640,1149,103,410,0,0,0,1246,34432,208,208,0,105,0,1254,212
 67290,0,34527,1169,848,1904,2379,529,34011,33495,0,0,519,1365,0,2627,1288,640,1149,103,410,0,0,0,1246,34437,208,208,0,105,0,1254,212
 67295,0,34532,1169,848,1904,2379,529,34011,33495,0,0,519,1365,0,2627,1288,640,1149,103,410,0,0,0,1246,34442,208,208,0,105,0,1254,212
 67300,0,34537,1169,848,1904,2379,529,34011,33495,0,0,519,1365,0,2627,1288,640,1149,103,410,0,0,0,1246,34447,208,208,0,105,0,1254,212
 67305,0,34542,1169,848,1904,2379,529,34011,33495,0,0,519,1365,0,2627,1288,640,1149,103,410,0,0,0,1246,34452,208,208,0,105,0,1254,212
 67310,0,34547,1169,848,1904,2379,529,34011,33495,0,0,519,1365,0,2627,1288,640,1149,103,410,0,0,0,1246,34457,208,208,0,105,0,1254,212
 67315,0,34552,1169,848,1904,2379,529,34011,33495,0,0,519,1365,0,2627,1288,640,1149,103,410,0,0,0,1246,34462,208,208,0,105,0,1254,212
 67320,0,34557,1169,848,1904,2379,529,34011,33495,0,0,519,1365,0,2627,1288,640,1149,103,410,0,0,0,1246,34467,208,208,0,105,0,1254,212
 67325,0,34562,1169,848,1904,2379,529,34011,33495,0,0,519,1365,0,2627,1288,640,1149,103,410,0,0,0,1246,34472,208,208,0,105,0,1254,212
 67330,0,34567,1169,848,1904,2379,529,34011,33495,0,0,519,1365,0,2627,1288,640,1149,103,410,0,0,0,1246,34477,208,208,0,105,0,1254,212
 67335,0,34572,1169,848,1904,2379,529,34011,33495,0,0,519,1365,0,2627,1288,640,1149,103,410,0,0,0,1246,34482,208,208,0,105,0,1254,212
 67340,0,34577,1169,848,1904,2379,529,34011,33495,0,0,519,1365,0,2627,1288,640,1149,103,410,0,0,0,1246,34487,208,208,0,105,0,1254,212
 67345,0,34582,1169,848,1904,2379,529,34011,33495,0,0,519,1365,0,2627,1288,640,1149,103,410,0,0,0,1246,34492,208,208,0,105,0,1254,212
 67350,0,34587,1169,848,1904,2379,529,34011,33495,0,0,519,1365,0,2627,1288,640,1149,103,410,0,0,0,1246,34497,208,208,0,105,0,1254,212
 67355,0,34592,1169,848,1904,2379,529,34011,33497,0,0,519,1365,0,2627,1288,640,1149,103,410,0,0,0,1246,34502,208,208,0,105,0,1254,212
 67360,0,34597,1169,848,1904,2379,529,34011,33502,0,0,519,1365,0,2627,1288,640,1149,103,410,0,0,0,1246,34507,208,208,0,105,0,1254,212
 67365,0,34602,1169,848,1904,2379,529,34011,33507,0,0,519,1365,0,2627,1288,640,1149,103,410,0,0,0,1246,34512,208,208,0,105,0,1254,212
 67370,0,34607,1169,848,1904,2379,529,34011,33512,0,0,519,1365,0,2627,1288,640,1149,103,410,0,0,0,1246,34517,208,208,0,105,0,1254,212
 67375,0,34612,1169,848,1904,2379,529,34011,33517,0,0,519,1365,0,2627,1288,640,1149,103,410,0,0,0,1246,34517,208,208,0,105,0,1254,212
 67380,0,34618,1169,848,1904,2379,529,34011,33522,0,0,519,1365,0,2627,1288,640,1149,103,410,0,0,0,1246,34517,208,208,0,105,0,1254,212
 67385,0,34618,1169,848,1904,2379,529,34011,33527,0,0,519,1365,0,2627,1288,640,1149,103,410,0,0,0,1246,34517,208,208,0,105,0,1254,212
 67390,0,34618,1169,848,1904,2379,529,34011,33532,0,0,519,1365,0,2627,1288,640,1149,103,410,0,0,0,1246,34517,208,208,0,105,0,1254,212
 67395,0,34618,1169,848,1904,2379,529,34011,33537,0,0,519,1365,0,2627,1288,640,1149,103,410,0,0,0,1246,34517,208,208,0,105,0,1254,212
 67400,0,34618,1169,848,1904,2379,529,34011,33542,0,0,519,1365,0,2627,1288,640,1149,103,410,0,0,0,1246,34517,208,208,0,105,0,1254,212
 67405,0,34618,1169,848,1904,2379,529,34011,33547,0,0,519,1365,0,2627,1288,640,1149,103,410,0,0,0,1246,34517,208,208,0,105,0,1254,212
 67410,0,34618,1169,848,1904,2379,529,34011,33552,0,0,519,1365,0,2627,1288,640,1149,103,410,0,0,0,1246,34517,208,208,0,105,0,1254,212
 67415,0,34618,1169,848,1904,2379,529,34012,33557,0,0,519,1365,0,2627,1288,640,1149,103,410,0,0,0,1246,34517,208,208,0,105,0,1254,212
 67420,0,34618,1169,848,1904,2379,529,34017,33562,0,0,519,1365,0,2627,1288,640,1149,103,410,0,0,0,1246,34517,208,208,0,105,0,1254,212
 67425,0,34618,1169,848,1904,2379,529,34022,33567,0,0,519,1365,0,2627,1288,640,1149,103,410,0,0,0,1246,34517,208,208,0,105,0,1254,212
 67430,0,34618,1169,848,1904,2379,529,34027,33572,0,0,519,1365,0,2627,1288,640,1149,103,410,0,0,0,1246,34517,208,208,0,105,0,1254,212
 67435,0,34618,1169,848,1904,2379,529,34032,33577,0,0,519,1365,0,2627,1288,640,1149,103,410,0,0,0,1246,34517,208,208,0,105,0,1254,212
 67440,0,34618,1169,848,1904,2379,529,34037,33582,0,0,519,1365,0,2627,1288,640,1149,103,410,0,0,0,1246,34517,208,208,0,105,0,1254,212
 67445,0,34618,1169,848,1904,2379,529,34042,33587,0,0,519,1365,0,2627,1288,640,1149,103,410,0,0,0,1246,34517,208,208,0,105,0,1254,212
 67450,0,34618,1169,848,1904,2379,529,34047,33592,0,0,519,1365,0,2627,1288,640,1149,103,410,0,0,0,1246,34517,208,208,0,105,0,1254,212
 67455,0,34618,1169,848,1904,2379,529,34052,33597,0,0,519,1365,0,2627,1288,640,1149,103,410,0,0,0,1246,34517,208,208,0,105,0,1254,212
 67460,0,34618,1169,848,1904,2379,529,34057,33602,0,0,519,1365,0,2627,1288,640,1149,103,410,0,0,0,1246,34517,208,208,0,105,0,1254,212
 67465,0,34618,1169,848,1904,2379,529,34062,33602,0,0,519,1365,0,2627,1288,640,1149,103,410,0,0,0,1246,34517,208,208,0,105,0,1254,212
 67470,0,34618,1169,848,1904,2379,529,34067,33602,0,0,519,1365,0,2627,1288,640,1149,103,410,0,0,0,1246,34517,208,208,0,105,0,1254,212
 67475,0,34618,1169,848,1904,2379,529,34072,33602,0,0,519,1365,0,2627,1288,640,1149,103,410,0,0,0,1246,34517,208,208,0,105,0,1254,212
 67480,0,34618,1169,848,1904,2379,529,34077,33602,0,0,519,1365,0,2627,1288,640,1149,103,410,0,0,0,1246,34517,208,208,0,105,0,1254,212
 67485,0,34618,1169,848,1904,2379,529,34082,33602,0,0,519,1365,0,2627,1288,640,1149,103,410,0,0,0,1246,34520,208,208,0,105,0,1254,212
 67490,0,34618,1169,848,1904,2379,529,34087,33602,0,0,519,1365,0,2627,1288,640,1149,103,410,0,0,0,1246,34525,208,208,0,105,0,1254,212
 67495,0,34618,1169,848,1904,2379,529,34092,33602,0,0,519,1365,0,2627,1288,640,1149,103,410,0,0,0,1246,34530,208,208,0,105,0,1254,212
 67500,0,34618,1169,848,1904,2379,529,34097,33602,0,0,519,1365,0,2627,1288,640,1149,103,410,0,0,0,1246,34535,208,208,0,105,0,1254,212
 67505,0,34618,1169,848,1904,2379,529,34102,33602,0,0,519,1365,0,2627,1288,640,1149,103,410,0,0,0,1246,34540,208,208,0,105,0,1254,212
 67510,0,34618,1169,848,1904,2379,529,34107,33602,0,0,519,1365,0,2627,1288,640,1149,103,410,0,0,0,1246,34545,208,208,0,105,0,1254,212
 67515,0,34618,1169,848,1904,2379,529,34112,33604,0,0,519,1365,0,2627,1288,640,1149,103,410,0,0,0,1246,34550,208,208,0,105,0,1254,212
 67520,0,34618,1169,848,1904,2379,529,34116,33609,0,0,519,1365,0,2627,1288,640,1149,103,410,0,0,0,1246,34555,208,208,0,105,0,1254,212
 67525,0,34618,1169,848,1904,2379,529,34116,33614,0,0,519,1365,0,2627,1288,640,1149,103,410,0,0,0,1246,34560,208,208,0,105,0,1254,212
 67530,0,34620,1169,848,1904,2379,529,34116,33619,0,0,519,1365,0,2627,1288,640,1149,103,410,0,0,0,1246,34565,208,208,0,105,0,1254,212
 67535,0,34625,1169,848,1904,2379,529,34116,33624,0,0,519,1365,0,2627,1288,640,1149,103,410,0,0,0,1246,34570,208,208,0,105,0,1254,212
 67540,0,34630,1169,848,1904,2379,529,34116,33629,0,0,519,1365,0,2627,1288,640,1149,103,410,0,0,0,1246,34575,208,208,0,105,0,1254,212
 67545,0,34635,1169,848,1904,2379,529,34116,33634,0,0,519,1365,0,2627,1288,640,1149,103,410,0,0,0,1246,34580,208,208,0,105,0,1254,212
 67550,0,34640,1169,848,1904,2379,529,34116,33639,0,0,519,1365,0,2627,1288,640,1149,103,410,0,0,0,1246,34585,208,208,0,105,0,1254,212
 67555,0,34645,1169,848,1904,2379,529,34116,33644,0,0,519,1365,0,2627,1288,640,1149,103,410,0,0,0,1246,34590,208,208,0,105,0,1254,212
 67560,0,34650,1169,848,1904,2379,529,34116,33649,0,0,519,1365,0,2627,1288,640,1149,103,410,0,0,0,1246,34595,208,208,0,105,0,1254,212
 67565,0,34655,1169,848,1904,2379,529,34116,33654,0,0,519,1365,0,2627,1288,640,1149,103,410,0,0,0,1246,34600,208,208,0,105,0,1254,212
 67570,0,34660,1169,848,1904,2379,529,34116,33659,0,0,519,1365,0,2627,1288,640,1149,103,410,0,0,0,1246,34605,208,208,0,105,0,1254,212
 67575,0,34665,1169,848,1904,2379,529,34116,33664,0,0,519,1365,0,2627,1288,640,1149,103,410,0,0,0,1246,34610,208,208,0,105,0,1254,212
 67580,0,34670,1169,848,1904,2379,529,34119,33669,0,0,519,1365,0,2627,1288,640,1149,103,410,0,0,0,1246,34615,208,208,0,105,0,1254,212
 67585,0,34675,1169,848,1904,2379,529,34124,33674,0,0,519,1365,0,2627,1288,640,1149,103,410,0,0,0,1246,34618,208,208,0,105,0,1254,212
 67590,0,34680,1169,848,1904,2379,529,34129,33679,0,0,519,1365,0,2627,1288,640,1149,103,410,0,0,0,1246,34618,208,208,0,105,0,1254,212
 67595,0,34685,1169,848,1904,2379,529,34134,33684,0,0,519,1365,0,2627,1288,640,1149,103,410,0,0,0,1246,34618,208,208,0,105,0,1254,212
 67600,0,34690,1169,848,1904,2379,529,34139,33689,0,0,519,1365,0,2627,1288,640,1149,103,410,0,0,0,1246,34618,208,208,0,105,0,1254,212
 67605,0,34695,1169,848,1904,2379,529,34144,33694,0,0,519,1365,0,2627,1288,640,1149,103,410,0,0,0,1246,34618,208,208,0,105,0,1254,212
 67610,0,34700,1169,848,1904,2379,529,34149,33699,0,0,519,1365,0,2627,1288,640,1149,103,410,0,0,0,1246,34618,208,208,0,105,0,1254,212
 67615,0,34705,1169,848,1904,2379,529,34154,33704,0,0,519,1365,0,2627,1288,640,1149,103,410,0,0,0,1246,34618,208,208,0,105,0,1254,212
 67620,0,34710,1169,848,1904,2379,529,34159,33709,0,0,519,1365,0,2627,1288,640,1149,103,410,0,0,0,1246,34618,208,208,0,105,0,1254,212
 67625,0,34715,1169,848,1904,2379,529,34164,33709,0,0,519,1365,0,2627,1288,640,1149,103,410,0,0,0,1246,34618,208,208,0,105,0,1254,212
 67630,0,34720,1169,848,1904,2379,529,34169,33709,0,0,519,1365,0,2627,1288,640,1149,103,410,0,0,0,1246,34618,208,208,0,105,0,1254,212
 67635,0,34723,1169,848,1904,2379,529,34174,33709,0,0,519,1365,0,2627,1288,640,1149,103,410,0,0,0,1246,34618,208,208,0,105,0,1254,212
 67640,0,34723,1169,848,1904,2379,529,34179,33709,0,0,519,1365,0,2627,1288,640,1149,103,410,0,0,0,1246,34618,208,208,0,105,0,1254,212
 67645,0,34723,1169,848,1904,2379,529,34184,33709,0,0,519,1365,0,2627,1288,640,1149,103,410,0,0,0,1246,34618,208,208,0,105,0,1254,212
 67650,0,34723,1169,848,1904,2379,529,34189,33709,0,0,519,1365,0,2627,1288,640,1149,103,410,0,0,0,1246,34618,208,208,0,105,0,1254,212
 67655,0,34723,1169,848,1904,2379,529,34194,33709,0,0,519,1365,0,2627,1288,640,1149,103,410,0,0,0,1246,34618,208,208,0,105,0,1254,212
 67660,0,34723,1169,848,1904,2379,529,34199,33709,0,0,519,1365,0,2627,1288,640,1149,103,410,0,0,0,1246,34618,208,208,0,105,0,1254,212
 67665,0,34723,1169,848,1904,2379,529,34204,33709,0,0,519,1365,0,2627,1288,640,1149,103,410,0,0,0,1246,34618,208,208,0,105,0,1254,212
 67670,0,34723,1169,848,1904,2379,529,34209,33709,0,0,519,1365,0,2627,1288,640,1149,103,410,0,0,0,1246,34618,208,208,0,105,0,1254,212
 67675,0,34723,1169,848,1904,2379,529,34214,33709,0,0,519,1365,0,2627,1288,640,1149,103,410,0,0,0,1246,34618,208,208,0,105,0,1254,212
 67680,0,34723,1169,848,1904,2379,529,34219,33709,0,0,519,1365,0,2627,1288,640,1149,103,410,0,0,0,1246,34618,208,208,0,105,0,1254,212
 67685,0,34723,1169,848,1904,2379,529,34219,33709,0,0,519,1365,0,2627,1288,640,1149,103,410,0,0,0,1246,34618,208,208,0,105,0,1254,212
 67690,0,34723,1169,848,1904,2379,529,34219,33709,0,0,519,1365,0,2627,1288,640,1149,103,410,0,0,0,1246,34618,208,208,0,105,0,1254,212
 67695,0,34723,1169,848,1904,2379,529,34219,33709,0,0,519,1365,0,2627,1288,640,1149,103,410,0,0,0,1246,34618,208,208,0,105,0,1254,212
 67700,0,34723,1169,848,1904,2379,529,34219,33709,0,0,519,1365,0,2627,1288,640,1149,103,410,0,0,0,1246,34618,208,208,0,105,0,1254,212
 67705,0,34723,1169,848,1904,2379,529,34219,33709,0,0,519,1365,0,2627,1288,640,1149,103,410,0,0,0,1246,34618,208,208,0,105,0,1254,212
 67710,0,34723,1169,848,1904,2379,529,34219,33709,0,0,519,1365,0,2627,1288,640,1149,103,410,0,0,0,1246,34618,208,208,0,105,0,1254,212
 67715,0,34723,1169,848,1904,2379,529,34219,33709,0,0,519,1365,0,2627,1288,640,1149,103,410,0,0,0,1246,34618,208,208,0,105,0,1254,212
 67720,0,34723,1169,848,1904,2379,529,34219,33709,0,0,519,1365,0,2627,1288,640,1149,103,410,0,0,0,1246,34618,208,208,0,105,0,1254,212
 67725,0,34723,1169,848,1904,2379,529,34219,33711,0,0,519,1365,0,2627,1288,640,1149,103,410,0,0,0,1246,34618,208,208,0,105,0,1254,212
 67730,0,34723,1169,848,1904,2379,529,34219,33716,0,0,519,1365,0,2627,1288,640,1149,103,410,0,0,0,1246,34618,208,208,0,105,0,1254,212
 67735,0,34723,1169,848,1904,2379,529,34219,33721,0,0,519,1365,0,2627,1288,640,1149,103,410,0,0,0,1246,34618,208,208,0,105,0,1254,212
 67740,0,34723,1169,848,1904,2379,529,34219,33726,0,0,519,1365,0,2627,1288,640,1149,103,410,0,0,0,1246,34618,208,208,0,105,0,1254,212
 67745,0,34723,1169,848,1904,2379,529,34219,33731,0,0,519,1365,0,2627,1288,640,1149,103,410,0,0,0,1246,34621,208,208,0,105,0,1254,212
 67750,0,34723,1169,848,1904,2379,529,34218,33736,0,0,519,1365,0,2627,1288,640,1149,103,410,0,0,0,1246,34626,208,208,0,105,0,1254,212
 67755,0,34723,1169,848,1904,2379,529,34223,33741,0,0,519,1365,0,2627,1288,640,1149,103,410,0,0,0,1246,34631,208,208,0,105,0,1254,212
 67760,0,34723,1169,848,1904,2379,529,34228,33746,0,0,519,1365,0,2627,1288,640,1149,103,410,0,0,0,1246,34636,208,208,0,105,0,1254,212
 67765,0,34723,1169,848,1904,2379,529,34233,33751,0,0,519,1365,0,2627,1288,640,1149,103,410,0,0,0,1246,34641,208,208,0,105,0,1254,212
 67770,0,34723,1169,848,1904,2379,529,34238,33756,0,0,519,1365,0,2627,1288,640,1149,103,410,0,0,0,1246,34646,208,208,0,105,0,1254,212
 67775,0,34723,1169,848,1904,2379,529,34243,33761,0,0,519,1365,0,2627,1288,640,1149,103,410,0,0,0,1246,34651,208,208,0,105,0,1254,212
 67780,0,34725,1169,848,1904,2379,529,34248,33766,0,0,519,1365,0,2627,1288,640,1149,103,410,0,0,0,1246,34656,208,208,0,105,0,1254,212
 67785,0,34730,1169,848,1904,2379,529,34253,33771,0,0,519,1365,0,2627,1288,640,1149,103,410,0,0,0,1246,34661,208,208,0,105,0,1254,212
 67790,0,34735,1169,848,1904,2379,529,34258,33776,0,0,519,1365,0,2627,1288,640,1149,103,410,0,0,0,1246,34666,208,208,0,105,0,1254,212
 67795,0,34740,1169,848,1904,2379,529,34263,33781,0,0,519,1365,0,2627,1288,640,1149,103,410,0,0,0,1246,34671,208,208,0,105,0,1254,212
 67800,0,34745,1169,848,1904,2379,529,34268,33786,0,0,519,1365,0,2627,1288,640,1149,103,410,0,0,0,1246,34676,208,208,0,105,0,1254,212
 67805,0,34750,1169,848,1904,2379,529,34273,33791,0,0,519,1365,0,2627,1288,640,1149,103,410,0,0,0,1246,34681,208,208,0,105,0,1254,212
 67810,0,34755,1169,848,1904,2379,529,34278,33796,0,0,519,1365,0,2627,1288,640,1149,103,410,0,0,0,1246,34686,208,208,0,105,0,1254,212
 67815,0,34760,1169,848,1904,2379,529,34283,33801,0,0,519,1365,0,2627,1288,640,1149,103,410,0,0,0,1246,34691,208,208,0,105,0,1254,212
 67820,0,34765,1169,848,1904,2379,529,34288,33806,0,0,519,1365,0,2627,1288,640,1149,103,410,0,0,0,1246,34696,208,208,0,105,0,1254,212
 67825,0,34770,1169,848,1904,2379,529,34293,33812,0,0,519,1365,0,2627,1288,640,1149,103,410,0,0,0,1246,34701,208,208,0,105,0,1254,212
 67830,0,34775,1169,848,1904,2379,529,34298,33812,0,0,519,1365,0,2627,1288,640,1149,103,410,0,0,0,1246,34706,208,208,0,105,0,1254,212
 67835,0,34780,1169,848,1904,2379,529,34303,33812,0,0,519,1365,0,2627,1288,640,1149,103,410,0,0,0,1246,34711,208,208,0,105,0,1254,212
 67840,0,34785,1169,848,1904,2379,529,34308,33812,0,0,519,1365,0,2627,1288,640,1149,103,410,0,0,0,1246,34716,208,208,0,105,0,1254,212
 67845,0,34790,1169,848,1904,2379,529,34313,33812,0,0,519,1365,0,2627,1288,640,1149,103,410,0,0,0,1246,34721,208,208,0,105,0,1254,212
 67850,0,34795,1169,848,1904,2379,529,34318,33812,0,0,519,1365,0,2627,1288,640,1149,103,410,0,0,0,1246,34721,208,208,0,105,0,1254,212
 67855,0,34800,1169,848,1904,2379,529,34322,33812,0,0,519,1365,0,2627,1288,640,1149,103,410,0,0,0,1246,34721,208,208,0,105,0,1254,212
 67860,0,34805,1169,848,1904,2379,529,34322,33812,0,0,519,1365,0,2627,1288,640,1149,103,410,0,0,0,1246,34721,208,208,0,105,0,1254,212
 67865,0,34810,1169,848,1904,2379,529,34322,33812,0,0,519,1365,0,2627,1288,640,1149,103,410,0,0,0,1246,34721,208,208,0,105,0,1254,212
 67870,0,34815,1169,848,1904,2379,529,34322,33812,0,0,519,1365,0,2627,1288,640,1149,103,410,0,0,0,1246,34721,208,208,0,105,0,1254,212
 67875,0,34820,1169,848,1904,2379,529,34322,33812,0,0,519,1365,0,2627,1288,640,1149,103,410,0,0,0,1246,34721,208,208,0,105,0,1254,212
 67880,0,34825,1169,848,1904,2379,529,34322,33812,0,0,519,1365,0,2627,1288,640,1149,103,410,0,0,0,1246,34721,208,208,0,105,0,1254,212
 67885,0,34828,1169,848,1904,2379,529,34322,33812,0,0,519,1365,0,2627,1288,640,1149,103,410,0,0,0,1246,34721,208,208,0,105,0,1254,212
 67890,0,34828,1169,848,1904,2379,529,34322,33812,0,0,519,1365,0,2627,1288,640,1149,103,410,0,0,0,1246,34721,208,208,0,105,0,1254,212
 67895,0,34828,1169,848,1904,2379,529,34322,33812,0,0,519,1365,0,2627,1288,640,1149,103,410,0,0,0,1246,34721,208,208,0,105,0,1254,212
 67900,0,34828,1169,848,1904,2379,529,34322,33812,0,0,519,1365,0,2627,1288,640,1149,103,410,0,0,0,1246,34721,208,208,0,105,0,1254,212
 67905,0,34828,1169,848,1904,2379,529,34322,33812,0,0,519,1365,0,2627,1288,640,1149,103,410,0,0,0,1246,34721,208,208,0,105,0,1254,212
 67910,0,34828,1169,848,1904,2379,529,34322,33812,0,0,519,1365,0,2627,1288,640,1149,103,410,0,0,0,1246,34721,208,208,0,105,0,1254,212
 67915,0,34828,1169,848,1904,2379,529,34322,33812,0,0,519,1365,0,2627,1288,640,1149,103,410,0,0,0,1246,34721,208,208,0,105,0,1254,212
 67920,0,34828,1169,848,1904,2379,529,34322,33812,0,0,519,1365,0,2627,1288,640,1149,103,410,0,0,0,1246,34721,208,208,0,105,0,1254,212
 67925,0,34828,1169,848,1904,2379,529,34322,33812,0,0,519,1365,0,2627,1288,640,1149,103,410,0,0,0,1246,34721,208,208,0,105,0,1254,212
 67930,0,34828,1169,848,1904,2379,529,34322,33812,0,0,519,1365,0,2627,1288,640,1149,103,410,0,0,0,1246,34721,208,208,0,105,0,1254,212
 67935,0,34828,1169,848,1904,2379,529,34322,33812,0,0,519,1365,0,2627,1288,640,1149,103,410,0,0,0,1246,34721,208,208,0,105,0,1254,212
 67940,0,34828,1169,848,1904,2379,529,34322,33812,0,0,519,1365,0,2627,1288,640,1149,103,410,0,0,0,1246,34721,208,208,0,105,0,1254,212
 67945,0,34828,1169,848,1904,2379,529,34322,33812,0,0,519,1365,0,2627,1288,640,1149,103,410,0,0,0,1246,34721,208,208,0,105,0,1254,212
 67950,0,34828,1169,848,1904,2379,529,34321,33812,0,0,519,1365,0,2627,1288,640,1149,103,410,0,0,0,1246,34721,208,208,0,105,0,1254,212
 67955,0,34828,1169,848,1904,2379,529,34326,33812,0,0,519,1365,0,2627,1288,640,1149,103,410,0,0,0,1246,34724,208,208,0,105,0,1254,212
 67960,0,34828,1169,848,1904,2379,529,34331,33812,0,0,519,1365,0,2627,1288,640,1149,103,410,0,0,0,1246,34729,208,208,0,105,0,1254,212
 67965,0,34828,1169,848,1904,2379,529,34336,33812,0,0,519,1365,0,2627,1288,640,1149,103,410,0,0,0,1246,34734,208,208,0,105,0,1254,212
 67970,0,34829,1169,848,1904,2379,529,34341,33814,0,0,519,1365,0,2627,1288,640,1149,103,410,0,0,0,1246,34739,208,208,0,105,0,1254,212
 67975,0,34834,1169,848,1904,2379,529,34346,33819,0,0,519,1365,0,2627,1288,640,1149,103,410,0,0,0,1246,34744,208,208,0,105,0,1254,212
 67980,0,34839,1169,848,1904,2379,529,34351,33824,0,0,519,1365,0,2627,1288,640,1149,103,410,0,0,0,1246,34749,208,208,0,105,0,1254,212
 67985,0,34844,1169,848,1904,2379,529,34356,33829,0,0,519,1365,0,2627,1288,640,1149,103,410,0,0,0,1246,34754,208,208,0,105,0,1254,212
 67990,0,34849,1169,848,1904,2379,529,34361,33834,0,0,519,1365,0,2627,1288,640,1149,103,410,0,0,0,1246,34759,208,208,0,105,0,1254,212
 67995,0,34854,1169,848,1904,2379,529,34366,33839,0,0,519,1365,0,2627,1288,640,1149,103,410,0,0,0,1246,34764,208,208,0,105,0,1254,212
 68000,0,34859,1169,848,1904,2379,529,34371,33844,0,0,519,1365,0,2627,1288,640,1149,103,410,0,0,0,1246,34769,208,208,0,105,0,1254,212
 68005,0,34864,1169,848,1904,2379,529,34376,33849,0,0,519,1365,0,2627,1288,640,1149,103,410,0,0,0,1246,34774,208,208,0,105,0,1254,212
 68010,0,34869,1169,848,1904,2379,529,34381,33854,0,0,519,1365,0,2627,1288,640,1149,103,410,0,0,0,1246,34779,208,208,0,105,0,1254,212
 68015,0,34874,1169,848,1904,2379,529,34386,33859,0,0,519,1365,0,2627,1288,640,1149,103,410,0,0,0,1246,34784,208,208,0,105,0,1254,212
 68020,0,34879,1169,848,1904,2379,529,34391,33864,0,0,519,1365,0,2627,1288,640,1149,103,410,0,0,0,1246,34789,208,208,0,105,0,1254,212
 68025,0,34884,1169,848,1904,2379,529,34396,33869,0,0,519,1365,0,2627,1288,640,1149,103,410,0,0,0,1246,34794,208,208,0,105,0,1254,212
 68030,0,34889,1169,848,1904,2379,529,34401,33874,0,0,519,1365,0,2627,1288,640,1149,103,410,0,0,0,1246,34799,208,208,0,105,0,1254,212
 68035,0,34894,1169,848,1904,2379,529,34406,33879,0,0,519,1365,0,2627,1288,640,1149,103,410,0,0,0,1246,34804,208,208,0,105,0,1254,212
 68040,0,34899,1169,848,1904,2379,529,34411,33884,0,0,519,1365,0,2627,1288,640,1149,103,410,0,0,0,1246,34809,208,208,0,105,0,1254,212
 68045,0,34904,1169,848,1904,2379,529,34416,33889,0,0,519,1365,0,2627,1288,640,1149,103,410,0,0,0,1246,34814,208,208,0,105,0,1254,212
 68050,0,34909,1169,848,1904,2379,529,34421,33894,0,0,519,1365,0,2627,1288,640,1149,103,410,0,0,0,1246,34819,208,208,0,105,0,1254,212
 68055,0,34914,1169,848,1904,2379,529,34425,33899,0,0,519,1365,0,2627,1288,640,1149,103,410,0,0,0,1246,34824,208,208,0,105,0,1254,212
 68060,0,34919,1169,848,1904,2379,529,34425,33904,0,0,519,1365,0,2627,1288,640,1149,103,410,0,0,0,1246,34828,208,208,0,105,0,1254,212
 68065,0,34924,1169,848,1904,2379,529,34425,33909,0,0,519,1365,0,2627,1288,640,1149,103,410,0,0,0,1246,34828,208,208,0,105,0,1254,212
 68070,0,34929,1169,848,1904,2379,529,34425,33915,0,0,519,1365,0,2627,1288,640,1149,103,410,0,0,0,1246,34828,208,208,0,105,0,1254,212
 68075,0,34929,1169,848,1904,2379,529,34425,33915,0,0,519,1365,0,2627,1288,640,1149,103,410,0,0,0,1246,34828,208,208,0,105,0,1254,212
 68080,0,34929,1169,848,1904,2379,529,34425,33915,0,0,519,1365,0,2627,1288,640,1149,103,410,0,0,0,1246,34828,208,208,0,105,0,1254,212
 68085,0,34929,1169,848,1904,2379,529,34425,33915,0,0,519,1365,0,2627,1288,640,1149,103,410,0,0,0,1246,34828,208,208,0,105,0,1254,212
 68090,0,34929,1169,848,1904,2379,529,34425,33915,0,0,519,1365,0,2627,1288,640,1149,103,410,0,0,0,1246,34828,208,208,0,105,0,1254,212
 68095,0,34929,1169,848,1904,2379,529,34425,33915,0,0,519,1365,0,2627,1288,640,1149,103,410,0,0,0,1246,34828,208,208,0,105,0,1254,212
 68100,0,34929,1169,848,1904,2379,529,34425,33915,0,0,519,1365,0,2627,1288,640,1149,103,410,0,0,0,1246,34828,208,208,0,105,0,1254,212
 68105,0,34929,1169,848,1904,2379,529,34425,33915,0,0,519,1365,0,2627,1288,640,1149,103,410,0,0,0,1246,34828,208,208,0,105,0,1254,212
 68110,0,34929,1169,848,1904,2379,529,34425,33915,0,0,519,1365,0,2627,1288,640,1149,103,410,0,0,0,1246,34828,208,208,0,105,0,1254,212
 68115,0,34929,1169,848,1904,2379,529,34425,33915,0,0,519,1365,0,2627,1288,640,1149,103,410,0,0,0,1246,34828,208,208,0,105,0,1254,212
 68120,0,34929,1169,848,1904,2379,529,34425,33915,0,0,519,1365,0,2627,1288,640,1149,103,410,0,0,0,1246,34828,208,208,0,105,0,1254,212
 68125,0,34929,1169,848,1904,2379,529,34425,33915,0,0,519,1365,0,2627,1288,640,1149,103,410,0,0,0,1246,34828,208,208,0,105,0,1254,212
 68130,0,34929,1169,848,1904,2379,529,34425,33915,0,0,519,1365,0,2627,1288,640,1149,103,410,0,0,0,1246,34828,208,208,0,105,0,1254,212
 68135,0,34929,1169,848,1904,2379,529,34425,33915,0,0,519,1365,0,2627,1288,640,1149,103,410,0,0,0,1246,34828,208,208,0,105,0,1254,212
 68140,0,34929,1169,848,1904,2379,529,34425,33915,0,0,519,1365,0,2627,1288,640,1149,103,410,0,0,0,1246,34828,208,208,0,105,0,1254,212
 68145,0,34929,1169,848,1904,2379,529,34425,33915,0,0,519,1365,0,2627,1288,640,1149,103,410,0,0,0,1246,34828,208,208,0,105,0,1254,212
 68150,0,34929,1169,848,1904,2379,529,34425,33915,0,0,519,1365,0,2627,1288,640,1149,103,410,0,0,0,1246,34828,208,208,0,105,0,1254,212
 68155,0,34929,1169,848,1904,2379,529,34425,33915,0,0,519,1365,0,2627,1288,640,1149,103,410,0,0,0,1246,34828,208,208,0,105,0,1254,212
 68160,0,34929,1169,848,1904,2379,529,34425,33915,0,0,519,1365,0,2627,1288,640,1149,103,410,0,0,0,1246,34828,208,208,0,105,0,1254,212
 68165,0,34929,1169,848,1904,2379,529,34425,33915,0,0,519,1365,0,2627,1288,640,1149,103,410,0,0,0,1246,34828,208,208,0,105,0,1254,212
 68170,0,34929,1169,848,1904,2379,529,34428,33920,0,0,519,1365,0,2627,1288,640,1149,103,410,0,0,0,1246,34828,208,208,0,105,0,1254,212
 68175,0,34931,1169,848,1904,2379,529,34433,33925,0,0,519,1365,0,2627,1288,640,1149,103,410,0,0,0,1246,34831,208,208,0,105,0,1254,212
 68180,0,34936,1169,848,1904,2379,529,34438,33930,0,0,519,1365,0,2627,1288,640,1149,103,410,0,0,0,1246,34836,208,208,0,105,0,1254,212
 68185,0,34941,1169,848,1904,2379,529,34443,33935,0,0,519,1365,0,2627,1288,640,1149,103,410,0,0,0,1246,34841,208,208,0,105,0,1254,212
 68190,0,34946,1169,848,1904,2379,529,34448,33940,0,0,519,1365,0,2627,1288,640,1149,103,410,0,0,0,1246,34846,208,208,0,105,0,1254,212
 68195,0,34951,1169,848,1904,2379,529,34453,33945,0,0,519,1365,0,2627,1288,640,1149,103,410,0,0,0,1246,34851,208,208,0,105,0,1254,212
 68200,0,34956,1169,848,1904,2379,529,34458,33950,0,0,519,1365,0,2627,1288,640,1149,103,410,0,0,0,1246,34856,208,208,0,105,0,1254,212
 68205,0,34961,1169,848,1904,2379,529,34463,33955,0,0,519,1365,0,2627,1288,640,1149,103,410,0,0,0,1246,34861,208,208,0,105,0,1254,212
 68210,0,34966,1169,848,1904,2379,529,34468,33960,0,0,519,1365,0,2627,1288,640,1149,103,410,0,0,0,1246,34866,208,208,0,105,0,1254,212
 68215,0,34971,1169,848,1904,2379,529,34473,33965,0,0,519,1365,0,2627,1288,640,1149,103,410,0,0,0,1246,34871,208,208,0,105,0,1254,212
 68220,0,34976,1169,848,1904,2379,529,34478,33970,0,0,519,1365,0,2627,1288,640,1149,103,410,0,0,0,1246,34876,208,208,0,105,0,1254,212
 68225,0,34981,1169,848,1904,2379,529,34483,33975,0,0,519,1365,0,2627,1288,640,1149,103,410,0,0,0,1246,34881,208,208,0,105,0,1254,212
 68230,0,34986,1169,848,1904,2379,529,34488,33980,0,0,519,1365,0,2627,1288,640,1149,103,410,0,0,0,1246,34886,208,208,0,105,0,1254,212
 68235,0,34991,1169,848,1904,2379,529,34493,33985,0,0,519,1365,0,2627,1288,640,1149,103,410,0,0,0,1246,34891,208,208,0,105,0,1254,212
 68240,0,34996,1169,848,1904,2379,529,34498,33990,0,0,519,1365,0,2627,1288,640,1149,103,410,0,0,0,1246,34896,208,208,0,105,0,1254,212
 68245,0,35001,1169,848,1904,2379,529,34503,33995,0,0,519,1365,0,2627,1288,640,1149,103,410,0,0,0,1246,34901,208,208,0,105,0,1254,212
 68250,0,35006,1169,848,1904,2379,529,34508,34000,0,0,519,1365,0,2627,1288,640,1149,103,410,0,0,0,1246,34906,208,208,0,105,0,1254,212
 68255,0,35011,1169,848,1904,2379,529,34513,34005,0,0,519,1365,0,2627,1288,640,1149,103,410,0,0,0,1246,34911,208,208,0,105,0,1254,212
 68260,0,35016,1169,848,1904,2379,529,34518,34010,0,0,519,1365,0,2627,1288,640,1149,103,410,0,0,0,1246,34916,208,208,0,105,0,1254,212
 68265,0,35021,1169,848,1904,2379,529,34523,34015,0,0,519,1365,0,2627,1288,640,1149,103,410,0,0,0,1246,34921,208,208,0,105,0,1254,212
 68270,0,35026,1169,848,1904,2379,529,34528,34018,0,0,519,1365,0,2627,1288,640,1149,103,410,0,0,0,1246,34926,208,208,0,105,0,1254,212
 68275,0,35032,1169,848,1904,2379,529,34528,34018,0,0,519,1365,0,2627,1288,640,1149,103,410,0,0,0,1246,34931,208,208,0,105,0,1254,212
 68280,0,35032,1169,848,1904,2379,529,34528,34018,0,0,519,1365,0,2627,1288,640,1149,103,410,0,0,0,1246,34933,208,208,0,105,0,1254,212
 68285,0,35032,1169,848,1904,2379,529,34528,34018,0,0,519,1365,0,2627,1288,640,1149,103,410,0,0,0,1246,34933,208,208,0,105,0,1254,212
 68290,0,35032,1169,848,1904,2379,529,34528,34018,0,0,519,1365,0,2627,1288,640,1149,103,410,0,0,0,1246,34933,208,208,0,105,0,1254,212
 68295,0,35032,1169,848,1904,2379,529,34528,34018,0,0,519,1365,0,2627,1288,640,1149,103,410,0,0,0,1246,34933,208,208,0,105,0,1254,212
 68300,0,35032,1169,848,1904,2379,529,34528,34018,0,0,519,1365,0,2627,1288,640,1149,103,410,0,0,0,1246,34933,208,208,0,105,0,1254,212
 68305,0,35032,1169,848,1904,2379,529,34528,34018,0,0,519,1365,0,2627,1288,640,1149,103,410,0,0,0,1246,34933,208,208,0,105,0,1254,212
 68310,0,35032,1169,848,1904,2379,529,34528,34018,0,0,519,1365,0,2627,1288,640,1149,103,410,0,0,0,1246,34933,208,208,0,105,0,1254,212
 68315,0,35032,1169,848,1904,2379,529,34528,34018,0,0,519,1365,0,2627,1288,640,1149,103,410,0,0,0,1246,34933,208,208,0,105,0,1254,212
 68320,0,35032,1169,848,1904,2379,529,34528,34018,0,0,519,1365,0,2627,1288,640,1149,103,410,0,0,0,1246,34933,208,208,0,105,0,1254,212
 68325,0,35032,1169,848,1904,2379,529,34528,34018,0,0,519,1365,0,2627,1288,640,1149,103,410,0,0,0,1246,34933,208,208,0,105,0,1254,212
 68330,0,35032,1169,848,1904,2379,529,34528,34018,0,0,519,1365,0,2627,1288,640,1149,103,410,0,0,0,1246,34933,208,208,0,105,0,1254,212
 68335,0,35032,1169,848,1904,2379,529,34528,34018,0,0,519,1365,0,2627,1288,640,1149,103,410,0,0,0,1246,34933,208,208,0,105,0,1254,212
 68340,0,35032,1169,848,1904,2379,529,34528,34018,0,0,519,1365,0,2627,1288,640,1149,103,410,0,0,0,1246,34933,208,208,0,105,0,1254,212
 68345,0,35032,1169,848,1904,2379,529,34528,34018,0,0,519,1365,0,2627,1288,640,1149,103,410,0,0,0,1246,34933,208,208,0,105,0,1254,212
 68350,0,35032,1169,848,1904,2379,529,34528,34018,0,0,519,1365,0,2627,1288,640,1149,103,410,0,0,0,1246,34933,208,208,0,105,0,1254,212
 68355,0,35032,1169,848,1904,2379,529,34528,34018,0,0,519,1365,0,2627,1288,640,1149,103,410,0,0,0,1246,34933,208,208,0,105,0,1254,212
 68360,0,35032,1169,848,1904,2379,529,34528,34018,0,0,519,1365,0,2627,1288,640,1149,103,410,0,0,0,1246,34933,208,208,0,105,0,1254,212
 68365,0,35032,1169,848,1904,2379,529,34528,34018,0,0,519,1365,0,2627,1288,640,1149,103,410,0,0,0,1246,34933,208,208,0,105,0,1254,212
 68370,0,35032,1169,848,1904,2379,529,34528,34018,0,0,519,1365,0,2627,1288,640,1149,103,410,0,0,0,1246,34933,208,208,0,105,0,1254,212
 68375,0,35032,1169,848,1904,2379,529,34528,34018,0,0,519,1365,0,2627,1288,640,1149,103,410,0,0,0,1246,34933,208,208,0,105,0,1254,212
 68380,0,35032,1169,848,1904,2379,529,34528,34018,0,0,519,1365,0,2627,1288,640,1149,103,410,0,0,0,1246,34932,208,208,0,105,0,1254,212
 68385,0,35032,1169,848,1904,2379,529,34528,34021,0,0,519,1365,0,2627,1288,640,1149,103,410,0,0,0,1246,34937,208,208,0,105,0,1254,212
 68390,0,35032,1169,848,1904,2379,529,34528,34026,0,0,519,1365,0,2627,1288,640,1149,103,410,0,0,0,1246,34942,208,208,0,105,0,1254,212
 68395,0,35032,1169,848,1904,2379,529,34528,34031,0,0,519,1365,0,2627,1288,640,1149,103,410,0,0,0,1246,34947,208,208,0,105,0,1254,212
 68400,0,35033,1169,848,1904,2379,529,34528,34036,0,0,519,1365,0,2627,1288,640,1149,103,410,0,0,0,1246,34952,208,208,0,105,0,1254,212
 68405,0,35038,1169,848,1904,2379,529,34528,34041,0,0,519,1365,0,2627,1288,640,1149,103,410,0,0,0,1246,34957,208,208,0,105,0,1254,212
 68410,0,35043,1169,848,1904,2379,529,34528,34046,0,0,519,1365,0,2627,1288,640,1149,103,410,0,0,0,1246,34962,208,208,0,105,0,1254,212
 68415,0,35048,1169,848,1904,2379,529,34528,34051,0,0,519,1365,0,2627,1288,640,1149,103,410,0,0,0,1246,34967,208,208,0,105,0,1254,212
 68420,0,35053,1169,848,1904,2379,529,34528,34056,0,0,519,1365,0,2627,1288,640,1149,103,410,0,0,0,1246,34972,208,208,0,105,0,1254,212
 68425,0,35058,1169,848,1904,2379,529,34531,34061,0,0,519,1365,0,2627,1288,640,1149,103,410,0,0,0,1246,34977,208,208,0,105,0,1254,212
 68430,0,35063,1169,848,1904,2379,529,34536,34066,0,0,519,1365,0,2627,1288,640,1149,103,410,0,0,0,1246,34982,208,208,0,105,0,1254,212
 68435,0,35068,1169,848,1904,2379,529,34541,34071,0,0,519,1365,0,2627,1288,640,1149,103,410,0,0,0,1246,34987,208,208,0,105,0,1254,212
 68440,0,35073,1169,848,1904,2379,529,34546,34076,0,0,519,1365,0,2627,1288,640,1149,103,410,0,0,0,1246,34992,208,208,0,105,0,1254,212
 68445,0,35078,1169,848,1904,2379,529,34551,34081,0,0,519,1365,0,2627,1288,640,1149,103,410,0,0,0,1246,34997,208,208,0,105,0,1254,212
 68450,0,35083,1169,848,1904,2379,529,34556,34086,0,0,519,1365,0,2627,1288,640,1149,103,410,0,0,0,1246,35002,208,208,0,105,0,1254,212
 68455,0,35088,1169,848,1904,2379,529,34561,34091,0,0,519,1365,0,2627,1288,640,1149,103,410,0,0,0,1246,35007,208,208,0,105,0,1254,212
 68460,0,35093,1169,848,1904,2379,529,34566,34096,0,0,519,1365,0,2627,1288,640,1149,103,410,0,0,0,1246,35012,208,208,0,105,0,1254,212
 68465,0,35098,1169,848,1904,2379,529,34571,34101,0,0,519,1365,0,2627,1288,640,1149,103,410,0,0,0,1246,35017,208,208,0,105,0,1254,212
 68470,0,35103,1169,848,1904,2379,529,34576,34106,0,0,519,1365,0,2627,1288,640,1149,103,410,0,0,0,1246,35022,208,208,0,105,0,1254,212
 68475,0,35108,1169,848,1904,2379,529,34581,34111,0,0,519,1365,0,2627,1288,640,1149,103,410,0,0,0,1246,35027,208,208,0,105,0,1254,212
 68480,0,35113,1169,848,1904,2379,529,34586,34116,0,0,519,1365,0,2627,1288,640,1149,103,410,0,0,0,1246,35032,208,208,0,105,0,1254,212
 68485,0,35118,1169,848,1904,2379,529,34591,34121,0,0,519,1365,0,2627,1288,640,1149,103,410,0,0,0,1246,35036,208,208,0,105,0,1254,212
 68490,0,35123,1169,848,1904,2379,529,34596,34121,0,0,519,1365,0,2627,1288,640,1149,103,410,0,0,0,1246,35036,208,208,0,105,0,1254,212
 68495,0,35128,1169,848,1904,2379,529,34601,34121,0,0,519,1365,0,2627,1288,640,1149,103,410,0,0,0,1246,35036,208,208,0,105,0,1254,212
 68500,0,35133,1169,848,1904,2379,529,34606,34121,0,0,519,1365,0,2627,1288,640,1149,103,410,0,0,0,1246,35036,208,208,0,105,0,1254,212
 68505,0,35139,1169,848,1904,2379,529,34611,34121,0,0,519,1365,0,2627,1288,640,1149,103,410,0,0,0,1246,35036,208,208,0,105,0,1254,212
 68510,0,35139,1169,848,1904,2379,529,34616,34121,0,0,519,1365,0,2627,1288,640,1149,103,410,0,0,0,1246,35036,208,208,0,105,0,1254,212
 68515,0,35139,1169,848,1904,2379,529,34621,34121,0,0,519,1365,0,2627,1288,640,1149,103,410,0,0,0,1246,35036,208,208,0,105,0,1254,212
 68520,0,35139,1169,848,1904,2379,529,34626,34121,0,0,519,1365,0,2627,1288,640,1149,103,410,0,0,0,1246,35036,208,208,0,105,0,1254,212
 68525,0,35139,1169,848,1904,2379,529,34631,34121,0,0,519,1365,0,2627,1288,640,1149,103,410,0,0,0,1246,35036,208,208,0,105,0,1254,212
 68530,0,35139,1169,848,1904,2379,529,34633,34121,0,0,519,1365,0,2627,1288,640,1149,103,410,0,0,0,1246,35036,208,208,0,105,0,1254,212
 68535,0,35139,1169,848,1904,2379,529,34633,34121,0,0,519,1365,0,2627,1288,640,1149,103,410,0,0,0,1246,35036,208,208,0,105,0,1254,212
 68540,0,35139,1169,848,1904,2379,529,34633,34121,0,0,519,1365,0,2627,1288,640,1149,103,410,0,0,0,1246,35036,208,208,0,105,0,1254,212
 68545,0,35139,1169,848,1904,2379,529,34633,34121,0,0,519,1365,0,2627,1288,640,1149,103,410,0,0,0,1246,35036,208,208,0,105,0,1254,212
 68550,0,35139,1169,848,1904,2379,529,34633,34121,0,0,519,1365,0,2627,1288,640,1149,103,410,0,0,0,1246,35036,208,208,0,105,0,1254,212
 68555,0,35139,1169,848,1904,2379,529,34633,34121,0,0,519,1365,0,2627,1288,640,1149,103,410,0,0,0,1246,35036,208,208,0,105,0,1254,212
 68560,0,35139,1169,848,1904,2379,529,34633,34121,0,0,519,1365,0,2627,1288,640,1149,103,410,0,0,0,1246,35036,208,208,0,105,0,1254,212
 68565,0,35139,1169,848,1904,2379,529,34633,34121,0,0,519,1365,0,2627,1288,640,1149,103,410,0,0,0,1246,35036,208,208,0,105,0,1254,212
 68570,0,35139,1169,848,1904,2379,529,34633,34121,0,0,519,1365,0,2627,1288,640,1149,103,410,0,0,0,1246,35036,208,208,0,105,0,1254,212
 68575,0,35139,1169,848,1904,2379,529,34633,34121,0,0,519,1365,0,2627,1288,640,1149,103,410,0,0,0,1246,35036,208,208,0,105,0,1254,212
 68580,0,35139,1169,848,1904,2379,529,34633,34121,0,0,519,1365,0,2627,1288,640,1149,103,410,0,0,0,1246,35036,208,208,0,105,0,1254,212
 68585,0,35139,1169,848,1904,2379,529,34633,34121,0,0,519,1365,0,2627,1288,640,1149,103,410,0,0,0,1246,35036,208,208,0,105,0,1254,212
 68590,0,35139,1169,848,1904,2379,529,34633,34121,0,0,519,1365,0,2627,1288,640,1149,103,410,0,0,0,1246,35036,208,208,0,105,0,1254,212
 68595,0,35139,1169,848,1904,2379,529,34633,34121,0,0,519,1365,0,2627,1288,640,1149,103,410,0,0,0,1246,35036,208,208,0,105,0,1254,212
 68600,0,35139,1169,848,1904,2379,529,34633,34121,0,0,519,1365,0,2627,1288,640,1149,103,410,0,0,0,1246,35036,208,208,0,105,0,1254,212
 68605,0,35139,1169,848,1904,2379,529,34633,34121,0,0,519,1365,0,2627,1288,640,1149,103,410,0,0,0,1246,35036,208,208,0,105,0,1254,212
 68610,0,35139,1169,848,1904,2379,529,34633,34121,0,0,519,1365,0,2627,1288,640,1149,103,410,0,0,0,1246,35036,208,208,0,105,0,1254,212
 68615,0,35139,1169,848,1904,2379,529,34633,34121,0,0,519,1365,0,2627,1288,640,1149,103,410,0,0,0,1246,35036,208,208,0,105,0,1254,212
 68620,0,35139,1169,848,1904,2379,529,34633,34121,0,0,519,1365,0,2627,1288,640,1149,103,410,0,0,0,1246,35036,208,208,0,105,0,1254,212
 68625,0,35140,1169,848,1904,2379,529,34633,34126,0,0,519,1365,0,2627,1288,640,1149,103,410,0,0,0,1246,35036,208,208,0,105,0,1254,212
 68630,0,35145,1169,848,1904,2379,529,34633,34131,0,0,519,1365,0,2627,1288,640,1149,103,410,0,0,0,1246,35036,208,208,0,105,0,1254,212
 68635,0,35150,1169,848,1904,2379,529,34633,34136,0,0,519,1365,0,2627,1288,640,1149,103,410,0,0,0,1246,35036,208,208,0,105,0,1254,212
 68640,0,35155,1169,848,1904,2379,529,34633,34141,0,0,519,1365,0,2627,1288,640,1149,103,410,0,0,0,1246,35036,208,208,0,105,0,1254,212
 68645,0,35160,1169,848,1904,2379,529,34633,34146,0,0,519,1365,0,2627,1288,640,1149,103,410,0,0,0,1246,35036,208,208,0,105,0,1254,212
 68650,0,35165,1169,848,1904,2379,529,34633,34151,0,0,519,1365,0,2627,1288,640,1149,103,410,0,0,0,1246,35036,208,208,0,105,0,1254,212
 68655,0,35170,1169,848,1904,2379,529,34633,34156,0,0,519,1365,0,2627,1288,640,1149,103,410,0,0,0,1246,35036,208,208,0,105,0,1254,212
 68660,0,35175,1169,848,1904,2379,529,34633,34161,0,0,519,1365,0,2627,1288,640,1149,103,410,0,0,0,1246,35035,208,208,0,105,0,1254,212
 68665,0,35180,1169,848,1904,2379,529,34633,34166,0,0,519,1365,0,2627,1288,640,1149,103,410,0,0,0,1246,35040,208,208,0,105,0,1254,212
 68670,0,35185,1169,848,1904,2379,529,34636,34171,0,0,519,1365,0,2627,1288,640,1149,103,410,0,0,0,1246,35045,208,208,0,105,0,1254,212
 68675,0,35190,1169,848,1904,2379,529,34641,34176,0,0,519,1365,0,2627,1288,640,1149,103,410,0,0,0,1246,35050,208,208,0,105,0,1254,212
 68680,0,35195,1169,848,1904,2379,529,34646,34181,0,0,519,1365,0,2627,1288,640,1149,103,410,0,0,0,1246,35055,208,208,0,105,0,1254,212
 68685,0,35200,1169,848,1904,2379,529,34651,34186,0,0,519,1365,0,2627,1288,640,1149,103,410,0,0,0,1246,35060,208,208,0,105,0,1254,212
 68690,0,35205,1169,848,1904,2379,529,34656,34191,0,0,519,1365,0,2627,1288,640,1149,103,410,0,0,0,1246,35065,208,208,0,105,0,1254,212
 68695,0,35210,1169,848,1904,2379,529,34661,34196,0,0,519,1365,0,2627,1288,640,1149,103,410,0,0,0,1246,35070,208,208,0,105,0,1254,212
 68700,0,35215,1169,848,1904,2379,529,34666,34201,0,0,519,1365,0,2627,1288,640,1149,103,410,0,0,0,1246,35075,208,208,0,105,0,1254,212
 68705,0,35220,1169,848,1904,2379,529,34671,34206,0,0,519,1365,0,2627,1288,640,1149,103,410,0,0,0,1246,35080,208,208,0,105,0,1254,212
 68710,0,35225,1169,848,1904,2379,529,34676,34211,0,0,519,1365,0,2627,1288,640,1149,103,410,0,0,0,1246,35085,208,208,0,105,0,1254,212
 68715,0,35230,1169,848,1904,2379,529,34681,34216,0,0,519,1365,0,2627,1288,640,1149,103,410,0,0,0,1246,35090,208,208,0,105,0,1254,212
 68720,0,35235,1169,848,1904,2379,529,34686,34221,0,0,519,1365,0,2627,1288,640,1149,103,410,0,0,0,1246,35095,208,208,0,105,0,1254,212
 68725,0,35240,1169,848,1904,2379,529,34691,34224,0,0,519,1365,0,2627,1288,640,1149,103,410,0,0,0,1246,35100,208,208,0,105,0,1254,212
 68730,0,35244,1169,848,1904,2379,529,34696,34224,0,0,519,1365,0,2627,1288,640,1149,103,410,0,0,0,1246,35105,208,208,0,105,0,1254,212
 68735,0,35244,1169,848,1904,2379,529,34701,34224,0,0,519,1365,0,2627,1288,640,1149,103,410,0,0,0,1246,35110,208,208,0,105,0,1254,212
 68740,0,35244,1169,848,1904,2379,529,34706,34224,0,0,519,1365,0,2627,1288,640,1149,103,410,0,0,0,1246,35115,208,208,0,105,0,1254,212
 68745,0,35244,1169,848,1904,2379,529,34711,34224,0,0,519,1365,0,2627,1288,640,1149,103,410,0,0,0,1246,35120,208,208,0,105,0,1254,212
 68750,0,35244,1169,848,1904,2379,529,34716,34224,0,0,519,1365,0,2627,1288,640,1149,103,410,0,0,0,1246,35125,208,208,0,105,0,1254,212
 68755,0,35244,1169,848,1904,2379,529,34721,34224,0,0,519,1365,0,2627,1288,640,1149,103,410,0,0,0,1246,35130,208,208,0,105,0,1254,212
 68760,0,35244,1169,848,1904,2379,529,34726,34224,0,0,519,1365,0,2627,1288,640,1149,103,410,0,0,0,1246,35135,208,208,0,105,0,1254,212
 68765,0,35244,1169,848,1904,2379,529,34731,34224,0,0,519,1365,0,2627,1288,640,1149,103,410,0,0,0,1246,35139,208,208,0,105,0,1254,212
 68770,0,35244,1169,848,1904,2379,529,34736,34224,0,0,519,1365,0,2627,1288,640,1149,103,410,0,0,0,1246,35139,208,208,0,105,0,1254,212
 68775,0,35244,1169,848,1904,2379,529,34740,34224,0,0,519,1365,0,2627,1288,640,1149,103,410,0,0,0,1246,35139,208,208,0,105,0,1254,212
 68780,0,35244,1169,848,1904,2379,529,34740,34224,0,0,519,1365,0,2627,1288,640,1149,103,410,0,0,0,1246,35139,208,208,0,105,0,1254,212
 68785,0,35244,1169,848,1904,2379,529,34740,34224,0,0,519,1365,0,2627,1288,640,1149,103,410,0,0,0,1246,35139,208,208,0,105,0,1254,212
 68790,0,35244,1169,848,1904,2379,529,34740,34224,0,0,519,1365,0,2627,1288,640,1149,103,410,0,0,0,1246,35139,208,208,0,105,0,1254,212
 68795,0,35244,1169,848,1904,2379,529,34740,34224,0,0,519,1365,0,2627,1288,640,1149,103,410,0,0,0,1246,35139,208,208,0,105,0,1254,212
 68800,0,35244,1169,848,1904,2379,529,34740,34224,0,0,519,1365,0,2627,1288,640,1149,103,410,0,0,0,1246,35139,208,208,0,105,0,1254,212
 68805,0,35244,1169,848,1904,2379,529,34740,34224,0,0,519,1365,0,2627,1288,640,1149,103,410,0,0,0,1246,35139,208,208,0,105,0,1254,212
 68810,0,35244,1169,848,1904,2379,529,34740,34224,0,0,519,1365,0,2627,1288,640,1149,103,410,0,0,0,1246,35139,208,208,0,105,0,1254,212
 68815,0,35244,1169,848,1904,2379,529,34740,34224,0,0,519,1365,0,2627,1288,640,1149,103,410,0,0,0,1246,35139,208,208,0,105,0,1254,212
 68820,0,35244,1169,848,1904,2379,529,34740,34224,0,0,519,1365,0,2627,1288,640,1149,103,410,0,0,0,1246,35139,208,208,0,105,0,1254,212
 68825,0,35244,1169,848,1904,2379,529,34740,34224,0,0,519,1365,0,2627,1288,640,1149,103,410,0,0,0,1246,35139,208,208,0,105,0,1254,212
 68830,0,35244,1169,848,1904,2379,529,34740,34224,0,0,519,1365,0,2627,1288,640,1149,103,410,0,0,0,1246,35139,208,208,0,105,0,1254,212
 68835,0,35244,1169,848,1904,2379,529,34740,34224,0,0,519,1365,0,2627,1288,640,1149,103,410,0,0,0,1246,35139,208,208,0,105,0,1254,212
 68840,0,35244,1169,848,1904,2379,529,34740,34224,0,0,519,1365,0,2627,1288,640,1149,103,410,0,0,0,1246,35139,208,208,0,105,0,1254,212
 68845,0,35244,1169,848,1904,2379,529,34740,34224,0,0,519,1365,0,2627,1288,640,1149,103,410,0,0,0,1246,35139,208,208,0,105,0,1254,212
 68850,0,35245,1169,848,1904,2379,529,34740,34224,0,0,519,1365,0,2627,1288,640,1149,103,410,0,0,0,1246,35139,208,208,0,105,0,1254,212
 68855,0,35250,1169,848,1904,2379,529,34740,34224,0,0,519,1365,0,2627,1288,640,1149,103,410,0,0,0,1246,35139,208,208,0,105,0,1254,212
 68860,0,35255,1169,848,1904,2379,529,34740,34224,0,0,519,1365,0,2627,1288,640,1149,103,410,0,0,0,1246,35139,208,208,0,105,0,1254,212
 68865,0,35260,1169,848,1904,2379,529,34740,34226,0,0,519,1365,0,2627,1288,640,1149,103,410,0,0,0,1246,35139,208,208,0,105,0,1254,212
 68870,0,35265,1169,848,1904,2379,529,34740,34231,0,0,519,1365,0,2627,1288,640,1149,103,410,0,0,0,1246,35139,208,208,0,105,0,1254,212
 68875,0,35270,1169,848,1904,2379,529,34740,34236,0,0,519,1365,0,2627,1288,640,1149,103,410,0,0,0,1246,35142,208,208,0,105,0,1254,212
 68880,0,35275,1169,848,1904,2379,529,34740,34241,0,0,519,1365,0,2627,1288,640,1149,103,410,0,0,0,1246,35147,208,208,0,105,0,1254,212
 68885,0,35280,1169,848,1904,2379,529,34740,34246,0,0,519,1365,0,2627,1288,640,1149,103,410,0,0,0,1246,35152,208,208,0,105,0,1254,212
 68890,0,35285,1169,848,1904,2379,529,34743,34251,0,0,519,1365,0,2627,1288,640,1149,103,410,0,0,0,1246,35157,208,208,0,105,0,1254,212
 68895,0,35290,1169,848,1904,2379,529,34748,34256,0,0,519,1365,0,2627,1288,640,1149,103,410,0,0,0,1246,35162,208,208,0,105,0,1254,212
 68900,0,35295,1169,848,1904,2379,529,34753,34261,0,0,519,1365,0,2627,1288,640,1149,103,410,0,0,0,1246,35167,208,208,0,105,0,1254,212
 68905,0,35300,1169,848,1904,2379,529,34758,34266,0,0,519,1365,0,2627,1288,640,1149,103,410,0,0,0,1246,35172,208,208,0,105,0,1254,212
 68910,0,35305,1169,848,1904,2379,529,34763,34271,0,0,519,1365,0,2627,1288,640,1149,103,410,0,0,0,1246,35177,208,208,0,105,0,1254,212
 68915,0,35310,1169,848,1904,2379,529,34768,34276,0,0,519,1365,0,2627,1288,640,1149,103,410,0,0,0,1246,35182,208,208,0,105,0,1254,212
 68920,0,35315,1169,848,1904,2379,529,34773,34281,0,0,519,1365,0,2627,1288,640,1149,103,410,0,0,0,1246,35187,208,208,0,105,0,1254,212
 68925,0,35320,1169,848,1904,2379,529,34778,34286,0,0,519,1365,0,2627,1288,640,1149,103,410,0,0,0,1246,35192,208,208,0,105,0,1254,212
 68930,0,35325,1169,848,1904,2379,529,34783,34291,0,0,519,1365,0,2627,1288,640,1149,103,410,0,0,0,1246,35197,208,208,0,105,0,1254,212
 68935,0,35330,1169,848,1904,2379,529,34788,34296,0,0,519,1365,0,2627,1288,640,1149,103,410,0,0,0,1246,35202,208,208,0,105,0,1254,212
 68940,0,35335,1169,848,1904,2379,529,34793,34301,0,0,519,1365,0,2627,1288,640,1149,103,410,0,0,0,1246,35207,208,208,0,105,0,1254,212
 68945,0,35340,1169,848,1904,2379,529,34798,34306,0,0,519,1365,0,2627,1288,640,1149,103,410,0,0,0,1246,35212,208,208,0,105,0,1254,212
 68950,0,35345,1169,848,1904,2379,529,34803,34311,0,0,519,1365,0,2627,1288,640,1149,103,410,0,0,0,1246,35217,208,208,0,105,0,1254,212
 68955,0,35345,1169,848,1904,2379,529,34808,34316,0,0,519,1365,0,2627,1288,640,1149,103,410,0,0,0,1246,35222,208,208,0,105,0,1254,212
 68960,0,35345,1169,848,1904,2379,529,34813,34321,0,0,519,1365,0,2627,1288,640,1149,103,410,0,0,0,1246,35227,208,208,0,105,0,1254,212
 68965,0,35345,1169,848,1904,2379,529,34818,34326,0,0,519,1365,0,2627,1288,640,1149,103,410,0,0,0,1246,35232,208,208,0,105,0,1254,212
 68970,0,35345,1169,848,1904,2379,529,34823,34329,0,0,519,1365,0,2627,1288,640,1149,103,410,0,0,0,1246,35237,208,208,0,105,0,1254,212
 68975,0,35345,1169,848,1904,2379,529,34828,34329,0,0,519,1365,0,2627,1288,640,1149,103,410,0,0,0,1246,35242,208,208,0,105,0,1254,212
 68980,0,35345,1169,848,1904,2379,529,34833,34329,0,0,519,1365,0,2627,1288,640,1149,103,410,0,0,0,1246,35246,208,208,0,105,0,1254,212
 68985,0,35345,1169,848,1904,2379,529,34838,34329,0,0,519,1365,0,2627,1288,640,1149,103,410,0,0,0,1246,35246,208,208,0,105,0,1254,212
 68990,0,35345,1169,848,1904,2379,529,34843,34329,0,0,519,1365,0,2627,1288,640,1149,103,410,0,0,0,1246,35246,208,208,0,105,0,1254,212
 68995,0,35345,1169,848,1904,2379,529,34843,34329,0,0,519,1365,0,2627,1288,640,1149,103,410,0,0,0,1246,35246,208,208,0,105,0,1254,212
 69000,0,35345,1169,848,1904,2379,529,34843,34329,0,0,519,1365,0,2627,1288,640,1149,103,410,0,0,0,1246,35246,208,208,0,105,0,1254,212
 69005,0,35345,1169,848,1904,2379,529,34843,34329,0,0,519,1365,0,2627,1288,640,1149,103,410,0,0,0,1246,35246,208,208,0,105,0,1254,212
 69010,0,35345,1169,848,1904,2379,529,34843,34329,0,0,519,1365,0,2627,1288,640,1149,103,410,0,0,0,1246,35246,208,208,0,105,0,1254,212
 69015,0,35345,1169,848,1904,2379,529,34843,34329,0,0,519,1365,0,2627,1288,640,1149,103,410,0,0,0,1246,35246,208,208,0,105,0,1254,212
 69020,0,35345,1169,848,1904,2379,529,34843,34329,0,0,519,1365,0,2627,1288,640,1149,103,410,0,0,0,1246,35246,208,208,0,105,0,1254,212
 69025,0,35345,1169,848,1904,2379,529,34843,34329,0,0,519,1365,0,2627,1288,640,1149,103,410,0,0,0,1246,35246,208,208,0,105,0,1254,212
 69030,0,35345,1169,848,1904,2379,529,34843,34329,0,0,519,1365,0,2627,1288,640,1149,103,410,0,0,0,1246,35246,208,208,0,105,0,1254,212
 69035,0,35345,1169,848,1904,2379,529,34843,34329,0,0,519,1365,0,2627,1288,640,1149,103,410,0,0,0,1246,35246,208,208,0,105,0,1254,212
 69040,0,35345,1169,848,1904,2379,529,34843,34329,0,0,519,1365,0,2627,1288,640,1149,103,410,0,0,0,1246,35246,208,208,0,105,0,1254,212
 69045,0,35345,1169,848,1904,2379,529,34843,34329,0,0,519,1365,0,2627,1288,640,1149,103,410,0,0,0,1246,35246,208,208,0,105,0,1254,212
 69050,0,35345,1169,848,1904,2379,529,34843,34329,0,0,519,1365,0,2627,1288,640,1149,103,410,0,0,0,1246,35246,208,208,0,105,0,1254,212
 69055,0,35345,1169,848,1904,2379,529,34843,34329,0,0,519,1365,0,2627,1288,640,1149,103,410,0,0,0,1246,35246,208,208,0,105,0,1254,212
 69060,0,35345,1169,848,1904,2379,529,34843,34329,0,0,519,1365,0,2627,1288,640,1149,103,410,0,0,0,1246,35246,208,208,0,105,0,1254,212
 69065,0,35345,1169,848,1904,2379,529,34843,34329,0,0,519,1365,0,2627,1288,640,1149,103,410,0,0,0,1246,35246,208,208,0,105,0,1254,212
 69070,0,35345,1169,848,1904,2379,529,34843,34329,0,0,519,1365,0,2627,1288,640,1149,103,410,0,0,0,1246,35246,208,208,0,105,0,1254,212
 69075,0,35345,1169,848,1904,2379,529,34843,34329,0,0,519,1365,0,2627,1288,640,1149,103,410,0,0,0,1246,35246,208,208,0,105,0,1254,212
 69080,0,35345,1169,848,1904,2379,529,34843,34329,0,0,519,1365,0,2627,1288,640,1149,103,410,0,0,0,1246,35246,208,208,0,105,0,1254,212
 69085,0,35345,1169,848,1904,2379,529,34843,34329,0,0,519,1365,0,2627,1288,640,1149,103,410,0,0,0,1246,35246,208,208,0,105,0,1254,212
 69090,0,35345,1169,848,1904,2379,529,34843,34329,0,0,519,1365,0,2627,1288,640,1149,103,410,0,0,0,1246,35245,208,208,0,105,0,1254,212
 69095,0,35345,1169,848,1904,2379,529,34843,34329,0,0,519,1365,0,2627,1288,640,1149,103,410,0,0,0,1246,35250,208,208,0,105,0,1254,212
 69100,0,35346,1169,848,1904,2379,529,34843,34329,0,0,519,1365,0,2627,1288,640,1149,103,410,0,0,0,1246,35255,208,208,0,105,0,1254,212
 69105,0,35351,1169,848,1904,2379,529,34843,34329,0,0,519,1365,0,2627,1288,640,1149,103,410,0,0,0,1246,35260,208,208,0,105,0,1254,212
 69110,0,35356,1169,848,1904,2379,529,34843,34331,0,0,519,1365,0,2627,1288,640,1149,103,410,0,0,0,1246,35265,208,208,0,105,0,1254,212
 69115,0,35361,1169,848,1904,2379,529,34843,34336,0,0,519,1365,0,2627,1288,640,1149,103,410,0,0,0,1246,35270,208,208,0,105,0,1254,212
 69120,0,35366,1169,848,1904,2379,529,34843,34341,0,0,519,1365,0,2627,1288,640,1149,103,410,0,0,0,1246,35275,208,208,0,105,0,1254,212
 69125,0,35371,1169,848,1904,2379,529,34843,34346,0,0,519,1365,0,2627,1288,640,1149,103,410,0,0,0,1246,35280,208,208,0,105,0,1254,212
 69130,0,35376,1169,848,1904,2379,529,34842,34351,0,0,519,1365,0,2627,1288,640,1149,103,410,0,0,0,1246,35285,208,208,0,105,0,1254,212
 69135,0,35381,1169,848,1904,2379,529,34847,34356,0,0,519,1365,0,2627,1288,640,1149,103,410,0,0,0,1246,35290,208,208,0,105,0,1254,212
 69140,0,35386,1169,848,1904,2379,529,34852,34361,0,0,519,1365,0,2627,1288,640,1149,103,410,0,0,0,1246,35295,208,208,0,105,0,1254,212
 69145,0,35391,1169,848,1904,2379,529,34857,34366,0,0,519,1365,0,2627,1288,640,1149,103,410,0,0,0,1246,35300,208,208,0,105,0,1254,212
 69150,0,35396,1169,848,1904,2379,529,34862,34371,0,0,519,1365,0,2627,1288,640,1149,103,410,0,0,0,1246,35305,208,208,0,105,0,1254,212
 69155,0,35401,1169,848,1904,2379,529,34867,34376,0,0,519,1365,0,2627,1288,640,1149,103,410,0,0,0,1246,35310,208,208,0,105,0,1254,212
 69160,0,35406,1169,848,1904,2379,529,34872,34381,0,0,519,1365,0,2627,1288,640,1149,103,410,0,0,0,1246,35315,208,208,0,105,0,1254,212
 69165,0,35411,1169,848,1904,2379,529,34877,34386,0,0,519,1365,0,2627,1288,640,1149,103,410,0,0,0,1246,35320,208,208,0,105,0,1254,212
 69170,0,35416,1169,848,1904,2379,529,34882,34391,0,0,519,1365,0,2627,1288,640,1149,103,410,0,0,0,1246,35325,208,208,0,105,0,1254,212
 69175,0,35421,1169,848,1904,2379,529,34887,34396,0,0,519,1365,0,2627,1288,640,1149,103,410,0,0,0,1246,35330,208,208,0,105,0,1254,212
 69180,0,35426,1169,848,1904,2379,529,34892,34401,0,0,519,1365,0,2627,1288,640,1149,103,410,0,0,0,1246,35335,208,208,0,105,0,1254,212
 69185,0,35431,1169,848,1904,2379,529,34897,34406,0,0,519,1365,0,2627,1288,640,1149,103,410,0,0,0,1246,35340,208,208,0,105,0,1254,212
 69190,0,35436,1169,848,1904,2379,529,34902,34411,0,0,519,1365,0,2627,1288,640,1149,103,410,0,0,0,1246,35345,208,208,0,105,0,1254,212
 69195,0,35441,1169,848,1904,2379,529,34907,34416,0,0,519,1365,0,2627,1288,640,1149,103,410,0,0,0,1246,35350,208,208,0,105,0,1254,212
 69200,0,35446,1169,848,1904,2379,529,34912,34421,0,0,519,1365,0,2627,1288,640,1149,103,410,0,0,0,1246,35353,208,208,0,105,0,1254,212
 69205,0,35448,1169,848,1904,2379,529,34917,34426,0,0,519,1365,0,2627,1288,640,1149,103,410,0,0,0,1246,35353,208,208,0,105,0,1254,212
 69210,0,35448,1169,848,1904,2379,529,34922,34432,0,0,519,1365,0,2627,1288,640,1149,103,410,0,0,0,1246,35353,208,208,0,105,0,1254,212
 69215,0,35448,1169,848,1904,2379,529,34927,34432,0,0,519,1365,0,2627,1288,640,1149,103,410,0,0,0,1246,35353,208,208,0,105,0,1254,212
 69220,0,35448,1169,848,1904,2379,529,34932,34432,0,0,519,1365,0,2627,1288,640,1149,103,410,0,0,0,1246,35353,208,208,0,105,0,1254,212
 69225,0,35448,1169,848,1904,2379,529,34937,34432,0,0,519,1365,0,2627,1288,640,1149,103,410,0,0,0,1246,35353,208,208,0,105,0,1254,212
 69230,0,35448,1169,848,1904,2379,529,34942,34432,0,0,519,1365,0,2627,1288,640,1149,103,410,0,0,0,1246,35353,208,208,0,105,0,1254,212
 69235,0,35448,1169,848,1904,2379,529,34947,34432,0,0,519,1365,0,2627,1288,640,1149,103,410,0,0,0,1246,35353,208,208,0,105,0,1254,212
 69240,0,35448,1169,848,1904,2379,529,34950,34432,0,0,519,1365,0,2627,1288,640,1149,103,410,0,0,0,1246,35353,208,208,0,105,0,1254,212
 69245,0,35448,1169,848,1904,2379,529,34950,34432,0,0,519,1365,0,2627,1288,640,1149,103,410,0,0,0,1246,35353,208,208,0,105,0,1254,212
 69250,0,35448,1169,848,1904,2379,529,34950,34432,0,0,519,1365,0,2627,1288,640,1149,103,410,0,0,0,1246,35353,208,208,0,105,0,1254,212
 69255,0,35448,1169,848,1904,2379,529,34950,34432,0,0,519,1365,0,2627,1288,640,1149,103,410,0,0,0,1246,35353,208,208,0,105,0,1254,212
 69260,0,35448,1169,848,1904,2379,529,34950,34432,0,0,519,1365,0,2627,1288,640,1149,103,410,0,0,0,1246,35353,208,208,0,105,0,1254,212
 69265,0,35448,1169,848,1904,2379,529,34950,34432,0,0,519,1365,0,2627,1288,640,1149,103,410,0,0,0,1246,35353,208,208,0,105,0,1254,212
 69270,0,35448,1169,848,1904,2379,529,34950,34432,0,0,519,1365,0,2627,1288,640,1149,103,410,0,0,0,1246,35353,208,208,0,105,0,1254,212
 69275,0,35448,1169,848,1904,2379,529,34950,34432,0,0,519,1365,0,2627,1288,640,1149,103,410,0,0,0,1246,35353,208,208,0,105,0,1254,212
 69280,0,35448,1169,848,1904,2379,529,34950,34432,0,0,519,1365,0,2627,1288,640,1149,103,410,0,0,0,1246,35353,208,208,0,105,0,1254,212
 69285,0,35448,1169,848,1904,2379,529,34950,34432,0,0,519,1365,0,2627,1288,640,1149,103,410,0,0,0,1246,35353,208,208,0,105,0,1254,212
 69290,0,35448,1169,848,1904,2379,529,34950,34432,0,0,519,1365,0,2627,1288,640,1149,103,410,0,0,0,1246,35353,208,208,0,105,0,1254,212
 69295,0,35448,1169,848,1904,2379,529,34950,34432,0,0,519,1365,0,2627,1288,640,1149,103,410,0,0,0,1246,35353,208,208,0,105,0,1254,212
 69300,0,35448,1169,848,1904,2379,529,34950,34432,0,0,519,1365,0,2627,1288,640,1149,103,410,0,0,0,1246,35353,208,208,0,105,0,1254,212
 69305,0,35448,1169,848,1904,2379,529,34950,34432,0,0,519,1365,0,2627,1288,640,1149,103,410,0,0,0,1246,35353,208,208,0,105,0,1254,212
 69310,0,35448,1169,848,1904,2379,529,34950,34432,0,0,519,1365,0,2627,1288,640,1149,103,410,0,0,0,1246,35353,208,208,0,105,0,1254,212
 69315,0,35448,1169,848,1904,2379,529,34950,34432,0,0,519,1365,0,2627,1288,640,1149,103,410,0,0,0,1246,35353,208,208,0,105,0,1254,212
 69320,0,35448,1169,848,1904,2379,529,34950,34432,0,0,519,1365,0,2627,1288,640,1149,103,410,0,0,0,1246,35353,208,208,0,105,0,1254,212
 69325,0,35448,1169,848,1904,2379,529,34950,34432,0,0,519,1365,0,2627,1288,640,1149,103,410,0,0,0,1246,35353,208,208,0,105,0,1254,212
 69330,0,35448,1169,848,1904,2379,529,34950,34432,0,0,519,1365,0,2627,1288,640,1149,103,410,0,0,0,1246,35353,208,208,0,105,0,1254,212
 69335,0,35448,1169,848,1904,2379,529,34950,34432,0,0,519,1365,0,2627,1288,640,1149,103,410,0,0,0,1246,35353,208,208,0,105,0,1254,212
 69340,0,35448,1169,848,1904,2379,529,34950,34432,0,0,519,1365,0,2627,1288,640,1149,103,410,0,0,0,1246,35353,208,208,0,105,0,1254,212
 69345,0,35448,1169,848,1904,2379,529,34950,34432,0,0,519,1365,0,2627,1288,640,1149,103,410,0,0,0,1246,35353,208,208,0,105,0,1254,212
 69350,0,35448,1169,848,1904,2379,529,34950,34432,0,0,519,1365,0,2627,1288,640,1149,103,410,0,0,0,1246,35352,208,208,0,105,0,1254,212
 69355,0,35448,1169,848,1904,2379,529,34950,34432,0,0,519,1365,0,2627,1288,640,1149,103,410,0,0,0,1246,35357,208,208,0,105,0,1254,212
 69360,0,35448,1169,848,1904,2379,529,34950,34432,0,0,519,1365,0,2627,1288,640,1149,103,410,0,0,0,1246,35362,208,208,0,105,0,1254,212
 69365,0,35450,1169,848,1904,2379,529,34950,34432,0,0,519,1365,0,2627,1288,640,1149,103,410,0,0,0,1246,35367,208,208,0,105,0,1254,212
 69370,0,35455,1169,848,1904,2379,529,34950,34432,0,0,519,1365,0,2627,1288,640,1149,103,410,0,0,0,1246,35372,208,208,0,105,0,1254,212
 69375,0,35460,1169,848,1904,2379,529,34950,34432,0,0,519,1365,0,2627,1288,640,1149,103,410,0,0,0,1246,35377,208,208,0,105,0,1254,212
 69380,0,35465,1169,848,1904,2379,529,34950,34432,0,0,519,1365,0,2627,1288,640,1149,103,410,0,0,0,1246,35382,208,208,0,105,0,1254,212
 69385,0,35470,1169,848,1904,2379,529,34950,34432,0,0,519,1365,0,2627,1288,640,1149,103,410,0,0,0,1246,35387,208,208,0,105,0,1254,212
 69390,0,35475,1169,848,1904,2379,529,34950,34432,0,0,519,1365,0,2627,1288,640,1149,103,410,0,0,0,1246,35392,208,208,0,105,0,1254,212
 69395,0,35480,1169,848,1904,2379,529,34950,34434,0,0,519,1365,0,2627,1288,640,1149,103,410,0,0,0,1246,35397,208,208,0,105,0,1254,212
 69400,0,35485,1169,848,1904,2379,529,34950,34439,0,0,519,1365,0,2627,1288,640,1149,103,410,0,0,0,1246,35402,208,208,0,105,0,1254,212
 69405,0,35490,1169,848,1904,2379,529,34950,34444,0,0,519,1365,0,2627,1288,640,1149,103,410,0,0,0,1246,35407,208,208,0,105,0,1254,212
 69410,0,35495,1169,848,1904,2379,529,34950,34449,0,0,519,1365,0,2627,1288,640,1149,103,410,0,0,0,1246,35412,208,208,0,105,0,1254,212
 69415,0,35500,1169,848,1904,2379,529,34950,34454,0,0,519,1365,0,2627,1288,640,1149,103,410,0,0,0,1246,35417,208,208,0,105,0,1254,212
 69420,0,35505,1169,848,1904,2379,529,34950,34459,0,0,519,1365,0,2627,1288,640,1149,103,410,0,0,0,1246,35422,208,208,0,105,0,1254,212
 69425,0,35510,1169,848,1904,2379,529,34950,34464,0,0,519,1365,0,2627,1288,640,1149,103,410,0,0,0,1246,35427,208,208,0,105,0,1254,212
 69430,0,35515,1169,848,1904,2379,529,34950,34469,0,0,519,1365,0,2627,1288,640,1149,103,410,0,0,0,1246,35432,208,208,0,105,0,1254,212
 69435,0,35520,1169,848,1904,2379,529,34950,34474,0,0,519,1365,0,2627,1288,640,1149,103,410,0,0,0,1246,35437,208,208,0,105,0,1254,212
 69440,0,35525,1169,848,1904,2379,529,34950,34479,0,0,519,1365,0,2627,1288,640,1149,103,410,0,0,0,1246,35442,208,208,0,105,0,1254,212
 69445,0,35530,1169,848,1904,2379,529,34953,34484,0,0,519,1365,0,2627,1288,640,1149,103,410,0,0,0,1246,35447,208,208,0,105,0,1254,212
 69450,0,35535,1169,848,1904,2379,529,34958,34489,0,0,519,1365,0,2627,1288,640,1149,103,410,0,0,0,1246,35452,208,208,0,105,0,1254,212
 69455,0,35540,1169,848,1904,2379,529,34963,34494,0,0,519,1365,0,2627,1288,640,1149,103,410,0,0,0,1246,35457,208,208,0,105,0,1254,212
 69460,0,35545,1169,848,1904,2379,529,34968,34499,0,0,519,1365,0,2627,1288,640,1149,103,410,0,0,0,1246,35460,208,208,0,105,0,1254,212
 69465,0,35550,1169,848,1904,2379,529,34973,34504,0,0,519,1365,0,2627,1288,640,1149,103,410,0,0,0,1246,35460,208,208,0,105,0,1254,212
 69470,0,35553,1169,848,1904,2379,529,34978,34509,0,0,519,1365,0,2627,1288,640,1149,103,410,0,0,0,1246,35460,208,208,0,105,0,1254,212
 69475,0,35553,1169,848,1904,2379,529,34983,34514,0,0,519,1365,0,2627,1288,640,1149,103,410,0,0,0,1246,35460,208,208,0,105,0,1254,212
 69480,0,35553,1169,848,1904,2379,529,34988,34519,0,0,519,1365,0,2627,1288,640,1149,103,410,0,0,0,1246,35460,208,208,0,105,0,1254,212
 69485,0,35553,1169,848,1904,2379,529,34993,34524,0,0,519,1365,0,2627,1288,640,1149,103,410,0,0,0,1246,35460,208,208,0,105,0,1254,212
 69490,0,35553,1169,848,1904,2379,529,34998,34529,0,0,519,1365,0,2627,1288,640,1149,103,410,0,0,0,1246,35460,208,208,0,105,0,1254,212
 69495,0,35553,1169,848,1904,2379,529,35003,34534,0,0,519,1365,0,2627,1288,640,1149,103,410,0,0,0,1246,35460,208,208,0,105,0,1254,212
 69500,0,35553,1169,848,1904,2379,529,35008,34537,0,0,519,1365,0,2627,1288,640,1149,103,410,0,0,0,1246,35460,208,208,0,105,0,1254,212
 69505,0,35553,1169,848,1904,2379,529,35013,34537,0,0,519,1365,0,2627,1288,640,1149,103,410,0,0,0,1246,35460,208,208,0,105,0,1254,212
 69510,0,35553,1169,848,1904,2379,529,35018,34537,0,0,519,1365,0,2627,1288,640,1149,103,410,0,0,0,1246,35460,208,208,0,105,0,1254,212
 69515,0,35553,1169,848,1904,2379,529,35023,34537,0,0,519,1365,0,2627,1288,640,1149,103,410,0,0,0,1246,35460,208,208,0,105,0,1254,212
 69520,0,35553,1169,848,1904,2379,529,35028,34537,0,0,519,1365,0,2627,1288,640,1149,103,410,0,0,0,1246,35460,208,208,0,105,0,1254,212
 69525,0,35553,1169,848,1904,2379,529,35033,34537,0,0,519,1365,0,2627,1288,640,1149,103,410,0,0,0,1246,35460,208,208,0,105,0,1254,212
 69530,0,35553,1169,848,1904,2379,529,35038,34537,0,0,519,1365,0,2627,1288,640,1149,103,410,0,0,0,1246,35460,208,208,0,105,0,1254,212
 69535,0,35553,1169,848,1904,2379,529,35043,34537,0,0,519,1365,0,2627,1288,640,1149,103,410,0,0,0,1246,35460,208,208,0,105,0,1254,212
 69540,0,35553,1169,848,1904,2379,529,35048,34537,0,0,519,1365,0,2627,1288,640,1149,103,410,0,0,0,1246,35460,208,208,0,105,0,1254,212
 69545,0,35553,1169,848,1904,2379,529,35053,34537,0,0,519,1365,0,2627,1288,640,1149,103,410,0,0,0,1246,35460,208,208,0,105,0,1254,212
 69550,0,35553,1169,848,1904,2379,529,35055,34537,0,0,519,1365,0,2627,1288,640,1149,103,410,0,0,0,1246,35460,208,208,0,105,0,1254,212
 69555,0,35553,1169,848,1904,2379,529,35055,34537,0,0,519,1365,0,2627,1288,640,1149,103,410,0,0,0,1246,35460,208,208,0,105,0,1254,212
 69560,0,35553,1169,848,1904,2379,529,35055,34537,0,0,519,1365,0,2627,1288,640,1149,103,410,0,0,0,1246,35460,208,208,0,105,0,1254,212
 69565,0,35553,1169,848,1904,2379,529,35055,34537,0,0,519,1365,0,2627,1288,640,1149,103,410,0,0,0,1246,35459,208,208,0,105,0,1254,212
 69570,0,35553,1169,848,1904,2379,529,35055,34537,0,0,519,1365,0,2627,1288,640,1149,103,410,0,0,0,1246,35464,208,208,0,105,0,1254,212
 69575,0,35553,1169,848,1904,2379,529,35055,34537,0,0,519,1365,0,2627,1288,640,1149,103,410,0,0,0,1246,35469,208,208,0,105,0,1254,212
 69580,0,35553,1169,848,1904,2379,529,35055,34537,0,0,519,1365,0,2627,1288,640,1149,103,410,0,0,0,1246,35474,208,208,0,105,0,1254,212
 69585,0,35555,1169,848,1904,2379,529,35055,34537,0,0,519,1365,0,2627,1288,640,1149,103,410,0,0,0,1246,35479,208,208,0,105,0,1254,212
 69590,0,35560,1169,848,1904,2379,529,35055,34539,0,0,519,1365,0,2627,1288,640,1149,103,410,0,0,0,1246,35484,208,208,0,105,0,1254,212
 69595,0,35565,1169,848,1904,2379,529,35055,34544,0,0,519,1365,0,2627,1288,640,1149,103,410,0,0,0,1246,35489,208,208,0,105,0,1254,212
 69600,0,35570,1169,848,1904,2379,529,35055,34549,0,0,519,1365,0,2627,1288,640,1149,103,410,0,0,0,1246,35494,208,208,0,105,0,1254,212
 69605,0,35575,1169,848,1904,2379,529,35055,34554,0,0,519,1365,0,2627,1288,640,1149,103,410,0,0,0,1246,35499,208,208,0,105,0,1254,212
 69610,0,35580,1169,848,1904,2379,529,35055,34559,0,0,519,1365,0,2627,1288,640,1149,103,410,0,0,0,1246,35504,208,208,0,105,0,1254,212
 69615,0,35585,1169,848,1904,2379,529,35055,34564,0,0,519,1365,0,2627,1288,640,1149,103,410,0,0,0,1246,35509,208,208,0,105,0,1254,212
 69620,0,35590,1169,848,1904,2379,529,35055,34569,0,0,519,1365,0,2627,1288,640,1149,103,410,0,0,0,1246,35514,208,208,0,105,0,1254,212
 69625,0,35595,1169,848,1904,2379,529,35056,34574,0,0,519,1365,0,2627,1288,640,1149,103,410,0,0,0,1246,35519,208,208,0,105,0,1254,212
 69630,0,35600,1169,848,1904,2379,529,35061,34579,0,0,519,1365,0,2627,1288,640,1149,103,410,0,0,0,1246,35524,208,208,0,105,0,1254,212
 69635,0,35605,1169,848,1904,2379,529,35066,34584,0,0,519,1365,0,2627,1288,640,1149,103,410,0,0,0,1246,35529,208,208,0,105,0,1254,212
 69640,0,35610,1169,848,1904,2379,529,35071,34589,0,0,519,1365,0,2627,1288,640,1149,103,410,0,0,0,1246,35534,208,208,0,105,0,1254,212
 69645,0,35615,1169,848,1904,2379,529,35076,34594,0,0,519,1365,0,2627,1288,640,1149,103,410,0,0,0,1246,35539,208,208,0,105,0,1254,212
 69650,0,35620,1169,848,1904,2379,529,35081,34599,0,0,519,1365,0,2627,1288,640,1149,103,410,0,0,0,1246,35544,208,208,0,105,0,1254,212
 69655,0,35625,1169,848,1904,2379,529,35086,34604,0,0,519,1365,0,2627,1288,640,1149,103,410,0,0,0,1246,35549,208,208,0,105,0,1254,212
 69660,0,35630,1169,848,1904,2379,529,35091,34609,0,0,519,1365,0,2627,1288,640,1149,103,410,0,0,0,1246,35554,208,208,0,105,0,1254,212
 69665,0,35635,1169,848,1904,2379,529,35096,34614,0,0,519,1365,0,2627,1288,640,1149,103,410,0,0,0,1246,35559,208,208,0,105,0,1254,212
 69670,0,35640,1169,848,1904,2379,529,35101,34619,0,0,519,1365,0,2627,1288,640,1149,103,410,0,0,0,1246,35565,208,208,0,105,0,1254,212
 69675,0,35645,1169,848,1904,2379,529,35106,34624,0,0,519,1365,0,2627,1288,640,1149,103,410,0,0,0,1246,35565,208,208,0,105,0,1254,212
 69680,0,35650,1169,848,1904,2379,529,35111,34629,0,0,519,1365,0,2627,1288,640,1149,103,410,0,0,0,1246,35565,208,208,0,105,0,1254,212
 69685,0,35656,1169,848,1904,2379,529,35116,34634,0,0,519,1365,0,2627,1288,640,1149,103,410,0,0,0,1246,35565,208,208,0,105,0,1254,212
 69690,0,35656,1169,848,1904,2379,529,35121,34639,0,0,519,1365,0,2627,1288,640,1149,103,410,0,0,0,1246,35565,208,208,0,105,0,1254,212
 69695,0,35656,1169,848,1904,2379,529,35126,34642,0,0,519,1365,0,2627,1288,640,1149,103,410,0,0,0,1246,35565,208,208,0,105,0,1254,212
 69700,0,35656,1169,848,1904,2379,529,35131,34642,0,0,519,1365,0,2627,1288,640,1149,103,410,0,0,0,1246,35565,208,208,0,105,0,1254,212
 69705,0,35656,1169,848,1904,2379,529,35136,34642,0,0,519,1365,0,2627,1288,640,1149,103,410,0,0,0,1246,35565,208,208,0,105,0,1254,212
 69710,0,35656,1169,848,1904,2379,529,35141,34642,0,0,519,1365,0,2627,1288,640,1149,103,410,0,0,0,1246,35565,208,208,0,105,0,1254,212
 69715,0,35656,1169,848,1904,2379,529,35146,34642,0,0,519,1365,0,2627,1288,640,1149,103,410,0,0,0,1246,35565,208,208,0,105,0,1254,212
 69720,0,35656,1169,848,1904,2379,529,35151,34642,0,0,519,1365,0,2627,1288,640,1149,103,410,0,0,0,1246,35565,208,208,0,105,0,1254,212
 69725,0,35656,1169,848,1904,2379,529,35156,34642,0,0,519,1365,0,2627,1288,640,1149,103,410,0,0,0,1246,35565,208,208,0,105,0,1254,212
 69730,0,35656,1169,848,1904,2379,529,35160,34642,0,0,519,1365,0,2627,1288,640,1149,103,410,0,0,0,1246,35565,208,208,0,105,0,1254,212
 69735,0,35656,1169,848,1904,2379,529,35160,34642,0,0,519,1365,0,2627,1288,640,1149,103,410,0,0,0,1246,35565,208,208,0,105,0,1254,212
 69740,0,35656,1169,848,1904,2379,529,35160,34642,0,0,519,1365,0,2627,1288,640,1149,103,410,0,0,0,1246,35565,208,208,0,105,0,1254,212
 69745,0,35656,1169,848,1904,2379,529,35160,34642,0,0,519,1365,0,2627,1288,640,1149,103,410,0,0,0,1246,35565,208,208,0,105,0,1254,212
 69750,0,35656,1169,848,1904,2379,529,35160,34642,0,0,519,1365,0,2627,1288,640,1149,103,410,0,0,0,1246,35565,208,208,0,105,0,1254,212
 69755,0,35656,1169,848,1904,2379,529,35160,34642,0,0,519,1365,0,2627,1288,640,1149,103,410,0,0,0,1246,35565,208,208,0,105,0,1254,212
 69760,0,35656,1169,848,1904,2379,529,35160,34642,0,0,519,1365,0,2627,1288,640,1149,103,410,0,0,0,1246,35565,208,208,0,105,0,1254,212
 69765,0,35656,1169,848,1904,2379,529,35160,34642,0,0,519,1365,0,2627,1288,640,1149,103,410,0,0,0,1246,35565,208,208,0,105,0,1254,212
 69770,0,35656,1169,848,1904,2379,529,35160,34642,0,0,519,1365,0,2627,1288,640,1149,103,410,0,0,0,1246,35565,208,208,0,105,0,1254,212
 69775,0,35656,1169,848,1904,2379,529,35160,34642,0,0,519,1365,0,2627,1288,640,1149,103,410,0,0,0,1246,35565,208,208,0,105,0,1254,212
 69780,0,35656,1169,848,1904,2379,529,35160,34642,0,0,519,1365,0,2627,1288,640,1149,103,410,0,0,0,1246,35565,208,208,0,105,0,1254,212
 69785,0,35656,1169,848,1904,2379,529,35160,34642,0,0,519,1365,0,2627,1288,640,1149,103,410,0,0,0,1246,35565,208,208,0,105,0,1254,212
 69790,0,35656,1169,848,1904,2379,529,35160,34642,0,0,519,1365,0,2627,1288,640,1149,103,410,0,0,0,1246,35565,208,208,0,105,0,1254,212
 69795,0,35656,1169,848,1904,2379,529,35160,34642,0,0,519,1365,0,2627,1288,640,1149,103,410,0,0,0,1246,35565,208,208,0,105,0,1254,212
 69800,0,35656,1169,848,1904,2379,529,35160,34642,0,0,519,1365,0,2627,1288,640,1149,103,410,0,0,0,1246,35565,208,208,0,105,0,1254,212
 69805,0,35656,1169,848,1904,2379,529,35160,34642,0,0,519,1365,0,2627,1288,640,1149,103,410,0,0,0,1246,35565,208,208,0,105,0,1254,212
 69810,0,35656,1169,848,1904,2379,529,35160,34642,0,0,519,1365,0,2627,1288,640,1149,103,410,0,0,0,1246,35565,208,208,0,105,0,1254,212
 69815,0,35656,1169,848,1904,2379,529,35160,34642,0,0,519,1365,0,2627,1288,640,1149,103,410,0,0,0,1246,35565,208,208,0,105,0,1254,212
 69820,0,35656,1169,848,1904,2379,529,35160,34647,0,0,519,1365,0,2627,1288,640,1149,103,410,0,0,0,1246,35565,208,208,0,105,0,1254,212
 69825,0,35656,1169,848,1904,2379,529,35160,34652,0,0,519,1365,0,2627,1288,640,1149,103,410,0,0,0,1246,35568,208,208,0,105,0,1254,212
 69830,0,35658,1169,848,1904,2379,529,35160,34657,0,0,519,1365,0,2627,1288,640,1149,103,410,0,0,0,1246,35573,208,208,0,105,0,1254,212
 69835,0,35663,1169,848,1904,2379,529,35159,34662,0,0,519,1365,0,2627,1288,640,1149,103,410,0,0,0,1246,35578,208,208,0,105,0,1254,212
 69840,0,35668,1169,848,1904,2379,529,35164,34667,0,0,519,1365,0,2627,1288,640,1149,103,410,0,0,0,1246,35583,208,208,0,105,0,1254,212
 69845,0,35673,1169,848,1904,2379,529,35169,34672,0,0,519,1365,0,2627,1288,640,1149,103,410,0,0,0,1246,35588,208,208,0,105,0,1254,212
 69850,0,35678,1169,848,1904,2379,529,35174,34677,0,0,519,1365,0,2627,1288,640,1149,103,410,0,0,0,1246,35593,208,208,0,105,0,1254,212
 69855,0,35683,1169,848,1904,2379,529,35179,34682,0,0,519,1365,0,2627,1288,640,1149,103,410,0,0,0,1246,35598,208,208,0,105,0,1254,212
 69860,0,35688,1169,848,1904,2379,529,35184,34687,0,0,519,1365,0,2627,1288,640,1149,103,410,0,0,0,1246,35603,208,208,0,105,0,1254,212
 69865,0,35693,1169,848,1904,2379,529,35189,34692,0,0,519,1365,0,2627,1288,640,1149,103,410,0,0,0,1246,35608,208,208,0,105,0,1254,212
 69870,0,35698,1169,848,1904,2379,529,35194,34697,0,0,519,1365,0,2627,1288,640,1149,103,410,0,0,0,1246,35613,208,208,0,105,0,1254,212
 69875,0,35703,1169,848,1904,2379,529,35199,34702,0,0,519,1365,0,2627,1288,640,1149,103,410,0,0,0,1246,35618,208,208,0,105,0,1254,212
 69880,0,35708,1169,848,1904,2379,529,35204,34707,0,0,519,1365,0,2627,1288,640,1149,103,410,0,0,0,1246,35623,208,208,0,105,0,1254,212
 69885,0,35713,1169,848,1904,2379,529,35209,34712,0,0,519,1365,0,2627,1288,640,1149,103,410,0,0,0,1246,35628,208,208,0,105,0,1254,212
 69890,0,35718,1169,848,1904,2379,529,35214,34717,0,0,519,1365,0,2627,1288,640,1149,103,410,0,0,0,1246,35633,208,208,0,105,0,1254,212
 69895,0,35723,1169,848,1904,2379,529,35219,34722,0,0,519,1365,0,2627,1288,640,1149,103,410,0,0,0,1246,35638,208,208,0,105,0,1254,212
 69900,0,35728,1169,848,1904,2379,529,35224,34727,0,0,519,1365,0,2627,1288,640,1149,103,410,0,0,0,1246,35643,208,208,0,105,0,1254,212
 69905,0,35733,1169,848,1904,2379,529,35229,34732,0,0,519,1365,0,2627,1288,640,1149,103,410,0,0,0,1246,35648,208,208,0,105,0,1254,212
 69910,0,35738,1169,848,1904,2379,529,35234,34737,0,0,519,1365,0,2627,1288,640,1149,103,410,0,0,0,1246,35653,208,208,0,105,0,1254,212
 69915,0,35743,1169,848,1904,2379,529,35239,34742,0,0,519,1365,0,2627,1288,640,1149,103,410,0,0,0,1246,35658,208,208,0,105,0,1254,212
 69920,0,35748,1169,848,1904,2379,529,35244,34747,0,0,519,1365,0,2627,1288,640,1149,103,410,0,0,0,1246,35663,208,208,0,105,0,1254,212
 69925,0,35753,1169,848,1904,2379,529,35249,34747,0,0,519,1365,0,2627,1288,640,1149,103,410,0,0,0,1246,35666,208,208,0,105,0,1254,212
 69930,0,35758,1169,848,1904,2379,529,35254,34747,0,0,519,1365,0,2627,1288,640,1149,103,410,0,0,0,1246,35666,208,208,0,105,0,1254,212
 69935,0,35761,1169,848,1904,2379,529,35259,34747,0,0,519,1365,0,2627,1288,640,1149,103,410,0,0,0,1246,35666,208,208,0,105,0,1254,212
 69940,0,35761,1169,848,1904,2379,529,35263,34747,0,0,519,1365,0,2627,1288,640,1149,103,410,0,0,0,1246,35666,208,208,0,105,0,1254,212
 69945,0,35761,1169,848,1904,2379,529,35263,34747,0,0,519,1365,0,2627,1288,640,1149,103,410,0,0,0,1246,35666,208,208,0,105,0,1254,212
 69950,0,35761,1169,848,1904,2379,529,35263,34747,0,0,519,1365,0,2627,1288,640,1149,103,410,0,0,0,1246,35666,208,208,0,105,0,1254,212
 69955,0,35761,1169,848,1904,2379,529,35263,34747,0,0,519,1365,0,2627,1288,640,1149,103,410,0,0,0,1246,35666,208,208,0,105,0,1254,212
 69960,0,35761,1169,848,1904,2379,529,35263,34747,0,0,519,1365,0,2627,1288,640,1149,103,410,0,0,0,1246,35666,208,208,0,105,0,1254,212
 69965,0,35761,1169,848,1904,2379,529,35263,34747,0,0,519,1365,0,2627,1288,640,1149,103,410,0,0,0,1246,35666,208,208,0,105,0,1254,212
 69970,0,35761,1169,848,1904,2379,529,35263,34747,0,0,519,1365,0,2627,1288,640,1149,103,410,0,0,0,1246,35666,208,208,0,105,0,1254,212
 69975,0,35761,1169,848,1904,2379,529,35263,34747,0,0,519,1365,0,2627,1288,640,1149,103,410,0,0,0,1246,35666,208,208,0,105,0,1254,212
 69980,0,35761,1169,848,1904,2379,529,35263,34747,0,0,519,1365,0,2627,1288,640,1149,103,410,0,0,0,1246,35666,208,208,0,105,0,1254,212
 69985,0,35761,1169,848,1904,2379,529,35263,34747,0,0,519,1365,0,2627,1288,640,1149,103,410,0,0,0,1246,35666,208,208,0,105,0,1254,212
 69990,0,35761,1169,848,1904,2379,529,35263,34747,0,0,519,1365,0,2627,1288,640,1149,103,410,0,0,0,1246,35666,208,208,0,105,0,1254,212
 69995,0,35761,1169,848,1904,2379,529,35263,34747,0,0,519,1365,0,2627,1288,640,1149,103,410,0,0,0,1246,35666,208,208,0,105,0,1254,212
 70000,0,35761,1169,848,1904,2379,529,35263,34747,0,0,519,1365,0,2627,1288,640,1149,103,410,0,0,0,1246,35666,208,208,0,105,0,1254,212
 70005,0,35761,1169,848,1904,2379,529,35263,34747,0,0,519,1365,0,2627,1288,640,1149,103,410,0,0,0,1246,35666,208,208,0,105,0,1254,212
 70010,0,35761,1169,848,1904,2379,529,35263,34747,0,0,519,1365,0,2627,1288,640,1149,103,410,0,0,0,1246,35665,208,208,0,105,0,1254,212
 70015,0,35761,1169,848,1904,2379,529,35263,34747,0,0,519,1365,0,2627,1288,640,1149,103,410,0,0,0,1246,35670,208,208,0,105,0,1254,212
 70020,0,35761,1169,848,1904,2379,529,35263,34747,0,0,519,1365,0,2627,1288,640,1149,103,410,0,0,0,1246,35675,208,208,0,105,0,1254,212
 70025,0,35763,1169,848,1904,2379,529,35263,34747,0,0,519,1365,0,2627,1288,640,1149,103,410,0,0,0,1246,35680,208,208,0,105,0,1254,212
 70030,0,35768,1169,848,1904,2379,529,35263,34747,0,0,519,1365,0,2627,1288,640,1149,103,410,0,0,0,1246,35685,208,208,0,105,0,1254,212
 70035,0,35773,1169,848,1904,2379,529,35263,34747,0,0,519,1365,0,2627,1288,640,1149,103,410,0,0,0,1246,35690,208,208,0,105,0,1254,212
 70040,0,35778,1169,848,1904,2379,529,35263,34747,0,0,519,1365,0,2627,1288,640,1149,103,410,0,0,0,1246,35695,208,208,0,105,0,1254,212
 70045,0,35783,1169,848,1904,2379,529,35263,34747,0,0,519,1365,0,2627,1288,640,1149,103,410,0,0,0,1246,35700,208,208,0,105,0,1254,212
 70050,0,35788,1169,848,1904,2379,529,35263,34747,0,0,519,1365,0,2627,1288,640,1149,103,410,0,0,0,1246,35705,208,208,0,105,0,1254,212
 70055,0,35793,1169,848,1904,2379,529,35263,34747,0,0,519,1365,0,2627,1288,640,1149,103,410,0,0,0,1246,35710,208,208,0,105,0,1254,212
 70060,0,35798,1169,848,1904,2379,529,35263,34747,0,0,519,1365,0,2627,1288,640,1149,103,410,0,0,0,1246,35715,208,208,0,105,0,1254,212
 70065,0,35803,1169,848,1904,2379,529,35263,34752,0,0,519,1365,0,2627,1288,640,1149,103,410,0,0,0,1246,35720,208,208,0,105,0,1254,212
 70070,0,35808,1169,848,1904,2379,529,35263,34757,0,0,519,1365,0,2627,1288,640,1149,103,410,0,0,0,1246,35725,208,208,0,105,0,1254,212
 70075,0,35813,1169,848,1904,2379,529,35264,34762,0,0,519,1365,0,2627,1288,640,1149,103,410,0,0,0,1246,35730,208,208,0,105,0,1254,212
 70080,0,35818,1169,848,1904,2379,529,35269,34767,0,0,519,1365,0,2627,1288,640,1149,103,410,0,0,0,1246,35735,208,208,0,105,0,1254,212
 70085,0,35823,1169,848,1904,2379,529,35274,34772,0,0,519,1365,0,2627,1288,640,1149,103,410,0,0,0,1246,35740,208,208,0,105,0,1254,212
 70090,0,35828,1169,848,1904,2379,529,35279,34777,0,0,519,1365,0,2627,1288,640,1149,103,410,0,0,0,1246,35745,208,208,0,105,0,1254,212
 70095,0,35833,1169,848,1904,2379,529,35284,34782,0,0,519,1365,0,2627,1288,640,1149,103,410,0,0,0,1246,35750,208,208,0,105,0,1254,212
 70100,0,35838,1169,848,1904,2379,529,35289,34787,0,0,519,1365,0,2627,1288,640,1149,103,410,0,0,0,1246,35755,208,208,0,105,0,1254,212
 70105,0,35843,1169,848,1904,2379,529,35294,34792,0,0,519,1365,0,2627,1288,640,1149,103,410,0,0,0,1246,35760,208,208,0,105,0,1254,212
 70110,0,35848,1169,848,1904,2379,529,35299,34797,0,0,519,1365,0,2627,1288,640,1149,103,410,0,0,0,1246,35765,208,208,0,105,0,1254,212
 70115,0,35853,1169,848,1904,2379,529,35304,34802,0,0,519,1365,0,2627,1288,640,1149,103,410,0,0,0,1246,35769,208,208,0,105,0,1254,212
 70120,0,35858,1169,848,1904,2379,529,35309,34807,0,0,519,1365,0,2627,1288,640,1149,103,410,0,0,0,1246,35769,208,208,0,105,0,1254,212
 70125,0,35864,1169,848,1904,2379,529,35314,34812,0,0,519,1365,0,2627,1288,640,1149,103,410,0,0,0,1246,35769,208,208,0,105,0,1254,212
 70130,0,35864,1169,848,1904,2379,529,35319,34817,0,0,519,1365,0,2627,1288,640,1149,103,410,0,0,0,1246,35769,208,208,0,105,0,1254,212
 70135,0,35864,1169,848,1904,2379,529,35324,34822,0,0,519,1365,0,2627,1288,640,1149,103,410,0,0,0,1246,35769,208,208,0,105,0,1254,212
 70140,0,35864,1169,848,1904,2379,529,35329,34827,0,0,519,1365,0,2627,1288,640,1149,103,410,0,0,0,1246,35769,208,208,0,105,0,1254,212
 70145,0,35864,1169,848,1904,2379,529,35334,34832,0,0,519,1365,0,2627,1288,640,1149,103,410,0,0,0,1246,35769,208,208,0,105,0,1254,212
 70150,0,35864,1169,848,1904,2379,529,35339,34837,0,0,519,1365,0,2627,1288,640,1149,103,410,0,0,0,1246,35769,208,208,0,105,0,1254,212
 70155,0,35864,1169,848,1904,2379,529,35344,34842,0,0,519,1365,0,2627,1288,640,1149,103,410,0,0,0,1246,35769,208,208,0,105,0,1254,212
 70160,0,35864,1169,848,1904,2379,529,35349,34847,0,0,519,1365,0,2627,1288,640,1149,103,410,0,0,0,1246,35769,208,208,0,105,0,1254,212
 70165,0,35864,1169,848,1904,2379,529,35354,34850,0,0,519,1365,0,2627,1288,640,1149,103,410,0,0,0,1246,35769,208,208,0,105,0,1254,212
 70170,0,35864,1169,848,1904,2379,529,35359,34850,0,0,519,1365,0,2627,1288,640,1149,103,410,0,0,0,1246,35769,208,208,0,105,0,1254,212
 70175,0,35864,1169,848,1904,2379,529,35364,34850,0,0,519,1365,0,2627,1288,640,1149,103,410,0,0,0,1246,35769,208,208,0,105,0,1254,212
 70180,0,35864,1169,848,1904,2379,529,35366,34850,0,0,519,1365,0,2627,1288,640,1149,103,410,0,0,0,1246,35769,208,208,0,105,0,1254,212
 70185,0,35865,1169,848,1904,2379,529,35366,34850,0,0,519,1365,0,2627,1288,640,1149,103,410,0,0,0,1246,35769,208,208,0,105,0,1254,212
 70190,0,35870,1169,848,1904,2379,529,35366,34850,0,0,519,1365,0,2627,1288,640,1149,103,410,0,0,0,1246,35769,208,208,0,105,0,1254,212
 70195,0,35875,1169,848,1904,2379,529,35366,34850,0,0,519,1365,0,2627,1288,640,1149,103,410,0,0,0,1246,35769,208,208,0,105,0,1254,212
 70200,0,35880,1169,848,1904,2379,529,35366,34850,0,0,519,1365,0,2627,1288,640,1149,103,410,0,0,0,1246,35769,208,208,0,105,0,1254,212
 70205,0,35885,1169,848,1904,2379,529,35366,34850,0,0,519,1365,0,2627,1288,640,1149,103,410,0,0,0,1246,35769,208,208,0,105,0,1254,212
 70210,0,35890,1169,848,1904,2379,529,35366,34850,0,0,519,1365,0,2627,1288,640,1149,103,410,0,0,0,1246,35769,208,208,0,105,0,1254,212
 70215,0,35895,1169,848,1904,2379,529,35366,34850,0,0,519,1365,0,2627,1288,640,1149,103,410,0,0,0,1246,35769,208,208,0,105,0,1254,212
 70220,0,35900,1169,848,1904,2379,529,35366,34850,0,0,519,1365,0,2627,1288,640,1149,103,410,0,0,0,1246,35769,208,208,0,105,0,1254,212
 70225,0,35905,1169,848,1904,2379,529,35366,34850,0,0,519,1365,0,2627,1288,640,1149,103,410,0,0,0,1246,35769,208,208,0,105,0,1254,212
 70230,0,35910,1169,848,1904,2379,529,35366,34850,0,0,519,1365,0,2627,1288,640,1149,103,410,0,0,0,1246,35769,208,208,0,105,0,1254,212
 70235,0,35915,1169,848,1904,2379,529,35366,34850,0,0,519,1365,0,2627,1288,640,1149,103,410,0,0,0,1246,35769,208,208,0,105,0,1254,212
 70240,0,35920,1169,848,1904,2379,529,35366,34850,0,0,519,1365,0,2627,1288,640,1149,103,410,0,0,0,1246,35769,208,208,0,105,0,1254,212
 70245,0,35925,1169,848,1904,2379,529,35366,34850,0,0,519,1365,0,2627,1288,640,1149,103,410,0,0,0,1246,35769,208,208,0,105,0,1254,212
 70250,0,35930,1169,848,1904,2379,529,35366,34850,0,0,519,1365,0,2627,1288,640,1149,103,410,0,0,0,1246,35769,208,208,0,105,0,1254,212
 70255,0,35935,1169,848,1904,2379,529,35366,34850,0,0,519,1365,0,2627,1288,640,1149,103,410,0,0,0,1246,35769,208,208,0,105,0,1254,212
 70260,0,35940,1169,848,1904,2379,529,35366,34850,0,0,519,1365,0,2627,1288,640,1149,103,410,0,0,0,1246,35774,208,208,0,105,0,1254,212
 70265,0,35945,1169,848,1904,2379,529,35366,34853,0,0,519,1365,0,2627,1288,640,1149,103,410,0,0,0,1246,35779,208,208,0,105,0,1254,212
 70270,0,35950,1169,848,1904,2379,529,35366,34858,0,0,519,1365,0,2627,1288,640,1149,103,410,0,0,0,1246,35784,208,208,0,105,0,1254,212
 70275,0,35955,1169,848,1904,2379,529,35365,34863,0,0,519,1365,0,2627,1288,640,1149,103,410,0,0,0,1246,35789,208,208,0,105,0,1254,212
 70280,0,35960,1169,848,1904,2379,529,35370,34868,0,0,519,1365,0,2627,1288,640,1149,103,410,0,0,0,1246,35794,208,208,0,105,0,1254,212
 70285,0,35965,1169,848,1904,2379,529,35375,34873,0,0,519,1365,0,2627,1288,640,1149,103,410,0,0,0,1246,35799,208,208,0,105,0,1254,212
 70290,0,35965,1169,848,1904,2379,529,35380,34878,0,0,519,1365,0,2627,1288,640,1149,103,410,0,0,0,1246,35804,208,208,0,105,0,1254,212
 70295,0,35965,1169,848,1904,2379,529,35385,34883,0,0,519,1365,0,2627,1288,640,1149,103,410,0,0,0,1246,35809,208,208,0,105,0,1254,212
 70300,0,35965,1169,848,1904,2379,529,35390,34888,0,0,519,1365,0,2627,1288,640,1149,103,410,0,0,0,1246,35814,208,208,0,105,0,1254,212
 70305,0,35965,1169,848,1904,2379,529,35395,34893,0,0,519,1365,0,2627,1288,640,1149,103,410,0,0,0,1246,35819,208,208,0,105,0,1254,212
 70310,0,35965,1169,848,1904,2379,529,35400,34898,0,0,519,1365,0,2627,1288,640,1149,103,410,0,0,0,1246,35824,208,208,0,105,0,1254,212
 70315,0,35965,1169,848,1904,2379,529,35405,34903,0,0,519,1365,0,2627,1288,640,1149,103,410,0,0,0,1246,35829,208,208,0,105,0,1254,212
 70320,0,35965,1169,848,1904,2379,529,35410,34908,0,0,519,1365,0,2627,1288,640,1149,103,410,0,0,0,1246,35834,208,208,0,105,0,1254,212
 70325,0,35966,1169,848,1904,2379,529,35415,34913,0,0,519,1365,0,2627,1288,640,1149,103,410,0,0,0,1246,35839,208,208,0,105,0,1254,212
 70330,0,35971,1169,848,1904,2379,529,35420,34918,0,0,519,1365,0,2627,1288,640,1149,103,410,0,0,0,1246,35844,208,208,0,105,0,1254,212
 70335,0,35976,1169,848,1904,2379,529,35425,34923,0,0,519,1365,0,2627,1288,640,1149,103,410,0,0,0,1246,35849,208,208,0,105,0,1254,212
 70340,0,35981,1169,848,1904,2379,529,35430,34928,0,0,519,1365,0,2627,1288,640,1149,103,410,0,0,0,1246,35854,208,208,0,105,0,1254,212
 70345,0,35986,1169,848,1904,2379,529,35435,34933,0,0,519,1365,0,2627,1288,640,1149,103,410,0,0,0,1246,35859,208,208,0,105,0,1254,212
 70350,0,35991,1169,848,1904,2379,529,35440,34938,0,0,519,1365,0,2627,1288,640,1149,103,410,0,0,0,1246,35864,208,208,0,105,0,1254,212
 70355,0,35996,1169,848,1904,2379,529,35445,34943,0,0,519,1365,0,2627,1288,640,1149,103,410,0,0,0,1246,35869,208,208,0,105,0,1254,212
 70360,0,36001,1169,848,1904,2379,529,35450,34948,0,0,519,1365,0,2627,1288,640,1149,103,410,0,0,0,1246,35874,208,208,0,105,0,1254,212
 70365,0,36006,1169,848,1904,2379,529,35455,34953,0,0,519,1365,0,2627,1288,640,1149,103,410,0,0,0,1246,35874,208,208,0,105,0,1254,212
 70370,0,36011,1169,848,1904,2379,529,35460,34957,0,0,519,1365,0,2627,1288,640,1149,103,410,0,0,0,1246,35874,208,208,0,105,0,1254,212
 70375,0,36016,1169,848,1904,2379,529,35465,34957,0,0,519,1365,0,2627,1288,640,1149,103,410,0,0,0,1246,35874,208,208,0,105,0,1254,212
 70380,0,36021,1169,848,1904,2379,529,35467,34957,0,0,519,1365,0,2627,1288,640,1149,103,410,0,0,0,1246,35874,208,208,0,105,0,1254,212
 70385,0,36026,1169,848,1904,2379,529,35467,34957,0,0,519,1365,0,2627,1288,640,1149,103,410,0,0,0,1246,35874,208,208,0,105,0,1254,212
 70390,0,36031,1169,848,1904,2379,529,35467,34957,0,0,519,1365,0,2627,1288,640,1149,103,410,0,0,0,1246,35874,208,208,0,105,0,1254,212
 70395,0,36036,1169,848,1904,2379,529,35467,34957,0,0,519,1365,0,2627,1288,640,1149,103,410,0,0,0,1246,35874,208,208,0,105,0,1254,212
 70400,0,36041,1169,848,1904,2379,529,35467,34957,0,0,519,1365,0,2627,1288,640,1149,103,410,0,0,0,1246,35874,208,208,0,105,0,1254,212
 70405,0,36046,1169,848,1904,2379,529,35467,34957,0,0,519,1365,0,2627,1288,640,1149,103,410,0,0,0,1246,35874,208,208,0,105,0,1254,212
 70410,0,36051,1169,848,1904,2379,529,35467,34957,0,0,519,1365,0,2627,1288,640,1149,103,410,0,0,0,1246,35874,208,208,0,105,0,1254,212
 70415,0,36056,1169,848,1904,2379,529,35467,34957,0,0,519,1365,0,2627,1288,640,1149,103,410,0,0,0,1246,35874,208,208,0,105,0,1254,212
 70420,0,36061,1169,848,1904,2379,529,35467,34957,0,0,519,1365,0,2627,1288,640,1149,103,410,0,0,0,1246,35874,208,208,0,105,0,1254,212
 70425,0,36066,1169,848,1904,2379,529,35467,34957,0,0,519,1365,0,2627,1288,640,1149,103,410,0,0,0,1246,35874,208,208,0,105,0,1254,212
 70430,0,36070,1169,848,1904,2379,529,35467,34957,0,0,519,1365,0,2627,1288,640,1149,103,410,0,0,0,1246,35874,208,208,0,105,0,1254,212
 70435,0,36070,1169,848,1904,2379,529,35467,34957,0,0,519,1365,0,2627,1288,640,1149,103,410,0,0,0,1246,35874,208,208,0,105,0,1254,212
 70440,0,36070,1169,848,1904,2379,529,35467,34957,0,0,519,1365,0,2627,1288,640,1149,103,410,0,0,0,1246,35874,208,208,0,105,0,1254,212
 70445,0,36070,1169,848,1904,2379,529,35467,34957,0,0,519,1365,0,2627,1288,640,1149,103,410,0,0,0,1246,35877,208,208,0,105,0,1254,212
 70450,0,36070,1169,848,1904,2379,529,35467,34957,0,0,519,1365,0,2627,1288,640,1149,103,410,0,0,0,1246,35882,208,208,0,105,0,1254,212
 70455,0,36070,1169,848,1904,2379,529,35467,34957,0,0,519,1365,0,2627,1288,640,1149,103,410,0,0,0,1246,35887,208,208,0,105,0,1254,212
 70460,0,36070,1169,848,1904,2379,529,35467,34957,0,0,519,1365,0,2627,1288,640,1149,103,410,0,0,0,1246,35892,208,208,0,105,0,1254,212
 70465,0,36070,1169,848,1904,2379,529,35467,34957,0,0,519,1365,0,2627,1288,640,1149,103,410,0,0,0,1246,35897,208,208,0,105,0,1254,212
 70470,0,36070,1169,848,1904,2379,529,35467,34957,0,0,519,1365,0,2627,1288,640,1149,103,410,0,0,0,1246,35902,208,208,0,105,0,1254,212
 70475,0,36070,1169,848,1904,2379,529,35467,34957,0,0,519,1365,0,2627,1288,640,1149,103,410,0,0,0,1246,35907,208,208,0,105,0,1254,212
 70480,0,36069,1169,848,1904,2379,529,35472,34962,0,0,519,1365,0,2627,1288,640,1149,103,410,0,0,0,1246,35912,208,208,0,105,0,1254,212
 70485,0,36074,1169,848,1904,2379,529,35477,34967,0,0,519,1365,0,2627,1288,640,1149,103,410,0,0,0,1246,35917,208,208,0,105,0,1254,212
 70490,0,36079,1169,848,1904,2379,529,35482,34972,0,0,519,1365,0,2627,1288,640,1149,103,410,0,0,0,1246,35922,208,208,0,105,0,1254,212
 70495,0,36084,1169,848,1904,2379,529,35487,34977,0,0,519,1365,0,2627,1288,640,1149,103,410,0,0,0,1246,35927,208,208,0,105,0,1254,212
 70500,0,36089,1169,848,1904,2379,529,35492,34982,0,0,519,1365,0,2627,1288,640,1149,103,410,0,0,0,1246,35932,208,208,0,105,0,1254,212
 70505,0,36094,1169,848,1904,2379,529,35497,34987,0,0,519,1365,0,2627,1288,640,1149,103,410,0,0,0,1246,35937,208,208,0,105,0,1254,212
 70510,0,36099,1169,848,1904,2379,529,35502,34992,0,0,519,1365,0,2627,1288,640,1149,103,410,0,0,0,1246,35942,208,208,0,105,0,1254,212
 70515,0,36104,1169,848,1904,2379,529,35507,34997,0,0,519,1365,0,2627,1288,640,1149,103,410,0,0,0,1246,35947,208,208,0,105,0,1254,212
 70520,0,36109,1169,848,1904,2379,529,35512,35002,0,0,519,1365,0,2627,1288,640,1149,103,410,0,0,0,1246,35952,208,208,0,105,0,1254,212
 70525,0,36114,1169,848,1904,2379,529,35517,35007,0,0,519,1365,0,2627,1288,640,1149,103,410,0,0,0,1246,35957,208,208,0,105,0,1254,212
 70530,0,36119,1169,848,1904,2379,529,35522,35012,0,0,519,1365,0,2627,1288,640,1149,103,410,0,0,0,1246,35962,208,208,0,105,0,1254,212
 70535,0,36124,1169,848,1904,2379,529,35527,35017,0,0,519,1365,0,2627,1288,640,1149,103,410,0,0,0,1246,35967,208,208,0,105,0,1254,212
 70540,0,36129,1169,848,1904,2379,529,35532,35022,0,0,519,1365,0,2627,1288,640,1149,103,410,0,0,0,1246,35972,208,208,0,105,0,1254,212
 70545,0,36134,1169,848,1904,2379,529,35537,35027,0,0,519,1365,0,2627,1288,640,1149,103,410,0,0,0,1246,35975,208,208,0,105,0,1254,212
 70550,0,36139,1169,848,1904,2379,529,35542,35032,0,0,519,1365,0,2627,1288,640,1149,103,410,0,0,0,1246,35975,208,208,0,105,0,1254,212
 70555,0,36144,1169,848,1904,2379,529,35547,35037,0,0,519,1365,0,2627,1288,640,1149,103,410,0,0,0,1246,35975,208,208,0,105,0,1254,212
 70560,0,36149,1169,848,1904,2379,529,35552,35042,0,0,519,1365,0,2627,1288,640,1149,103,410,0,0,0,1246,35975,208,208,0,105,0,1254,212
 70565,0,36154,1169,848,1904,2379,529,35557,35047,0,0,519,1365,0,2627,1288,640,1149,103,410,0,0,0,1246,35975,208,208,0,105,0,1254,212
 70570,0,36159,1169,848,1904,2379,529,35562,35052,0,0,519,1365,0,2627,1288,640,1149,103,410,0,0,0,1246,35975,208,208,0,105,0,1254,212
 70575,0,36164,1169,848,1904,2379,529,35567,35057,0,0,519,1365,0,2627,1288,640,1149,103,410,0,0,0,1246,35975,208,208,0,105,0,1254,212
 70580,0,36169,1169,848,1904,2379,529,35572,35060,0,0,519,1365,0,2627,1288,640,1149,103,410,0,0,0,1246,35975,208,208,0,105,0,1254,212
 70585,0,36173,1169,848,1904,2379,529,35574,35060,0,0,519,1365,0,2627,1288,640,1149,103,410,0,0,0,1246,35975,208,208,0,105,0,1254,212
 70590,0,36173,1169,848,1904,2379,529,35574,35060,0,0,519,1365,0,2627,1288,640,1149,103,410,0,0,0,1246,35975,208,208,0,105,0,1254,212
 70595,0,36173,1169,848,1904,2379,529,35574,35060,0,0,519,1365,0,2627,1288,640,1149,103,410,0,0,0,1246,35975,208,208,0,105,0,1254,212
 70600,0,36173,1169,848,1904,2379,529,35574,35060,0,0,519,1365,0,2627,1288,640,1149,103,410,0,0,0,1246,35975,208,208,0,105,0,1254,212
 70605,0,36173,1169,848,1904,2379,529,35574,35060,0,0,519,1365,0,2627,1288,640,1149,103,410,0,0,0,1246,35975,208,208,0,105,0,1254,212
 70610,0,36173,1169,848,1904,2379,529,35574,35060,0,0,519,1365,0,2627,1288,640,1149,103,410,0,0,0,1246,35975,208,208,0,105,0,1254,212
 70615,0,36173,1169,848,1904,2379,529,35574,35060,0,0,519,1365,0,2627,1288,640,1149,103,410,0,0,0,1246,35975,208,208,0,105,0,1254,212
 70620,0,36173,1169,848,1904,2379,529,35574,35060,0,0,519,1365,0,2627,1288,640,1149,103,410,0,0,0,1246,35975,208,208,0,105,0,1254,212
 70625,0,36173,1169,848,1904,2379,529,35574,35060,0,0,519,1365,0,2627,1288,640,1149,103,410,0,0,0,1246,35975,208,208,0,105,0,1254,212
 70630,0,36173,1169,848,1904,2379,529,35574,35060,0,0,519,1365,0,2627,1288,640,1149,103,410,0,0,0,1246,35975,208,208,0,105,0,1254,212
 70635,0,36173,1169,848,1904,2379,529,35574,35060,0,0,519,1365,0,2627,1288,640,1149,103,410,0,0,0,1246,35975,208,208,0,105,0,1254,212
 70640,0,36173,1169,848,1904,2379,529,35574,35060,0,0,519,1365,0,2627,1288,640,1149,103,410,0,0,0,1246,35975,208,208,0,105,0,1254,212
 70645,0,36173,1169,848,1904,2379,529,35574,35060,0,0,519,1365,0,2627,1288,640,1149,103,410,0,0,0,1246,35975,208,208,0,105,0,1254,212
 70650,0,36173,1169,848,1904,2379,529,35574,35060,0,0,519,1365,0,2627,1288,640,1149,103,410,0,0,0,1246,35975,208,208,0,105,0,1254,212
 70655,0,36173,1169,848,1904,2379,529,35574,35060,0,0,519,1365,0,2627,1288,640,1149,103,410,0,0,0,1246,35975,208,208,0,105,0,1254,212
 70660,0,36174,1169,848,1904,2379,529,35574,35060,0,0,519,1365,0,2627,1288,640,1149,103,410,0,0,0,1246,35975,208,208,0,105,0,1254,212
 70665,0,36179,1169,848,1904,2379,529,35574,35060,0,0,519,1365,0,2627,1288,640,1149,103,410,0,0,0,1246,35975,208,208,0,105,0,1254,212
 70670,0,36184,1169,848,1904,2379,529,35574,35060,0,0,519,1365,0,2627,1288,640,1149,103,410,0,0,0,1246,35975,208,208,0,105,0,1254,212
 70675,0,36189,1169,848,1904,2379,529,35577,35062,0,0,519,1365,0,2627,1288,640,1149,103,410,0,0,0,1246,35975,208,208,0,105,0,1254,212
 70680,0,36194,1169,848,1904,2379,529,35582,35067,0,0,519,1365,0,2627,1288,640,1149,103,410,0,0,0,1246,35975,208,208,0,105,0,1254,212
 70685,0,36199,1169,848,1904,2379,529,35587,35072,0,0,519,1365,0,2627,1288,640,1149,103,410,0,0,0,1246,35975,208,208,0,105,0,1254,212
 70690,0,36204,1169,848,1904,2379,529,35592,35077,0,0,519,1365,0,2627,1288,640,1149,103,410,0,0,0,1246,35974,208,208,0,105,0,1254,212
 70695,0,36209,1169,848,1904,2379,529,35597,35082,0,0,519,1365,0,2627,1288,640,1149,103,410,0,0,0,1246,35979,208,208,0,105,0,1254,212
 70700,0,36214,1169,848,1904,2379,529,35602,35087,0,0,519,1365,0,2627,1288,640,1149,103,410,0,0,0,1246,35984,208,208,0,105,0,1254,212
 70705,0,36219,1169,848,1904,2379,529,35607,35092,0,0,519,1365,0,2627,1288,640,1149,103,410,0,0,0,1246,35989,208,208,0,105,0,1254,212
 70710,0,36224,1169,848,1904,2379,529,35612,35097,0,0,519,1365,0,2627,1288,640,1149,103,410,0,0,0,1246,35994,208,208,0,105,0,1254,212
 70715,0,36229,1169,848,1904,2379,529,35617,35102,0,0,519,1365,0,2627,1288,640,1149,103,410,0,0,0,1246,35999,208,208,0,105,0,1254,212
 70720,0,36234,1169,848,1904,2379,529,35622,35107,0,0,519,1365,0,2627,1288,640,1149,103,410,0,0,0,1246,36004,208,208,0,105,0,1254,212
 70725,0,36239,1169,848,1904,2379,529,35627,35112,0,0,519,1365,0,2627,1288,640,1149,103,410,0,0,0,1246,36009,208,208,0,105,0,1254,212
 70730,0,36244,1169,848,1904,2379,529,35632,35117,0,0,519,1365,0,2627,1288,640,1149,103,410,0,0,0,1246,36014,208,208,0,105,0,1254,212
 70735,0,36249,1169,848,1904,2379,529,35637,35122,0,0,519,1365,0,2627,1288,640,1149,103,410,0,0,0,1246,36019,208,208,0,105,0,1254,212
 70740,0,36254,1169,848,1904,2379,529,35642,35127,0,0,519,1365,0,2627,1288,640,1149,103,410,0,0,0,1246,36024,208,208,0,105,0,1254,212
 70745,0,36259,1169,848,1904,2379,529,35647,35132,0,0,519,1365,0,2627,1288,640,1149,103,410,0,0,0,1246,36029,208,208,0,105,0,1254,212
 70750,0,36264,1169,848,1904,2379,529,35652,35137,0,0,519,1365,0,2627,1288,640,1149,103,410,0,0,0,1246,36034,208,208,0,105,0,1254,212
 70755,0,36269,1169,848,1904,2379,529,35657,35142,0,0,519,1365,0,2627,1288,640,1149,103,410,0,0,0,1246,36039,208,208,0,105,0,1254,212
 70760,0,36274,1169,848,1904,2379,529,35662,35147,0,0,519,1365,0,2627,1288,640,1149,103,410,0,0,0,1246,36044,208,208,0,105,0,1254,212
 70765,0,36276,1169,848,1904,2379,529,35667,35152,0,0,519,1365,0,2627,1288,640,1149,103,410,0,0,0,1246,36049,208,208,0,105,0,1254,212
 70770,0,36276,1169,848,1904,2379,529,35672,35157,0,0,519,1365,0,2627,1288,640,1149,103,410,0,0,0,1246,36054,208,208,0,105,0,1254,212
 70775,0,36276,1169,848,1904,2379,529,35677,35162,0,0,519,1365,0,2627,1288,640,1149,103,410,0,0,0,1246,36059,208,208,0,105,0,1254,212
 70780,0,36276,1169,848,1904,2379,529,35681,35165,0,0,519,1365,0,2627,1288,640,1149,103,410,0,0,0,1246,36064,208,208,0,105,0,1254,212
 70785,0,36276,1169,848,1904,2379,529,35681,35165,0,0,519,1365,0,2627,1288,640,1149,103,410,0,0,0,1246,36069,208,208,0,105,0,1254,212
 70790,0,36276,1169,848,1904,2379,529,35681,35165,0,0,519,1365,0,2627,1288,640,1149,103,410,0,0,0,1246,36074,208,208,0,105,0,1254,212
 70795,0,36276,1169,848,1904,2379,529,35681,35165,0,0,519,1365,0,2627,1288,640,1149,103,410,0,0,0,1246,36080,208,208,0,105,0,1254,212
 70800,0,36276,1169,848,1904,2379,529,35681,35165,0,0,519,1365,0,2627,1288,640,1149,103,410,0,0,0,1246,36080,208,208,0,105,0,1254,212
 70805,0,36276,1169,848,1904,2379,529,35681,35165,0,0,519,1365,0,2627,1288,640,1149,103,410,0,0,0,1246,36080,208,208,0,105,0,1254,212
 70810,0,36276,1169,848,1904,2379,529,35681,35165,0,0,519,1365,0,2627,1288,640,1149,103,410,0,0,0,1246,36080,208,208,0,105,0,1254,212
 70815,0,36276,1169,848,1904,2379,529,35681,35165,0,0,519,1365,0,2627,1288,640,1149,103,410,0,0,0,1246,36080,208,208,0,105,0,1254,212
 70820,0,36276,1169,848,1904,2379,529,35681,35165,0,0,519,1365,0,2627,1288,640,1149,103,410,0,0,0,1246,36080,208,208,0,105,0,1254,212
 70825,0,36276,1169,848,1904,2379,529,35681,35165,0,0,519,1365,0,2627,1288,640,1149,103,410,0,0,0,1246,36080,208,208,0,105,0,1254,212
 70830,0,36276,1169,848,1904,2379,529,35681,35165,0,0,519,1365,0,2627,1288,640,1149,103,410,0,0,0,1246,36080,208,208,0,105,0,1254,212
 70835,0,36276,1169,848,1904,2379,529,35681,35165,0,0,519,1365,0,2627,1288,640,1149,103,410,0,0,0,1246,36080,208,208,0,105,0,1254,212
 70840,0,36276,1169,848,1904,2379,529,35681,35165,0,0,519,1365,0,2627,1288,640,1149,103,410,0,0,0,1246,36080,208,208,0,105,0,1254,212
 70845,0,36276,1169,848,1904,2379,529,35681,35165,0,0,519,1365,0,2627,1288,640,1149,103,410,0,0,0,1246,36080,208,208,0,105,0,1254,212
 70850,0,36276,1169,848,1904,2379,529,35681,35165,0,0,519,1365,0,2627,1288,640,1149,103,410,0,0,0,1246,36080,208,208,0,105,0,1254,212
 70855,0,36276,1169,848,1904,2379,529,35681,35165,0,0,519,1365,0,2627,1288,640,1149,103,410,0,0,0,1246,36080,208,208,0,105,0,1254,212
 70860,0,36276,1169,848,1904,2379,529,35681,35167,0,0,519,1365,0,2627,1288,640,1149,103,410,0,0,0,1246,36080,208,208,0,105,0,1254,212
 70865,0,36276,1169,848,1904,2379,529,35681,35172,0,0,519,1365,0,2627,1288,640,1149,103,410,0,0,0,1246,36080,208,208,0,105,0,1254,212
 70870,0,36276,1169,848,1904,2379,529,35681,35177,0,0,519,1365,0,2627,1288,640,1149,103,410,0,0,0,1246,36079,208,208,0,105,0,1254,212
 70875,0,36276,1169,848,1904,2379,529,35681,35182,0,0,519,1365,0,2627,1288,640,1149,103,410,0,0,0,1246,36084,208,208,0,105,0,1254,212
 70880,0,36276,1169,848,1904,2379,529,35681,35187,0,0,519,1365,0,2627,1288,640,1149,103,410,0,0,0,1246,36089,208,208,0,105,0,1254,212
 70885,0,36276,1169,848,1904,2379,529,35681,35192,0,0,519,1365,0,2627,1288,640,1149,103,410,0,0,0,1246,36094,208,208,0,105,0,1254,212
 70890,0,36276,1169,848,1904,2379,529,35681,35197,0,0,519,1365,0,2627,1288,640,1149,103,410,0,0,0,1246,36099,208,208,0,105,0,1254,212
 70895,0,36276,1169,848,1904,2379,529,35681,35202,0,0,519,1365,0,2627,1288,640,1149,103,410,0,0,0,1246,36104,208,208,0,105,0,1254,212
 70900,0,36276,1169,848,1904,2379,529,35681,35207,0,0,519,1365,0,2627,1288,640,1149,103,410,0,0,0,1246,36109,208,208,0,105,0,1254,212
 70905,0,36277,1169,848,1904,2379,529,35681,35212,0,0,519,1365,0,2627,1288,640,1149,103,410,0,0,0,1246,36114,208,208,0,105,0,1254,212
 70910,0,36282,1169,848,1904,2379,529,35681,35217,0,0,519,1365,0,2627,1288,640,1149,103,410,0,0,0,1246,36119,208,208,0,105,0,1254,212
 70915,0,36287,1169,848,1904,2379,529,35681,35222,0,0,519,1365,0,2627,1288,640,1149,103,410,0,0,0,1246,36124,208,208,0,105,0,1254,212
 70920,0,36292,1169,848,1904,2379,529,35681,35227,0,0,519,1365,0,2627,1288,640,1149,103,410,0,0,0,1246,36129,208,208,0,105,0,1254,212
 70925,0,36297,1169,848,1904,2379,529,35681,35232,0,0,519,1365,0,2627,1288,640,1149,103,410,0,0,0,1246,36134,208,208,0,105,0,1254,212
 70930,0,36302,1169,848,1904,2379,529,35681,35237,0,0,519,1365,0,2627,1288,640,1149,103,410,0,0,0,1246,36139,208,208,0,105,0,1254,212
 70935,0,36307,1169,848,1904,2379,529,35681,35242,0,0,519,1365,0,2627,1288,640,1149,103,410,0,0,0,1246,36144,208,208,0,105,0,1254,212
 70940,0,36312,1169,848,1904,2379,529,35682,35247,0,0,519,1365,0,2627,1288,640,1149,103,410,0,0,0,1246,36149,208,208,0,105,0,1254,212
 70945,0,36317,1169,848,1904,2379,529,35687,35252,0,0,519,1365,0,2627,1288,640,1149,103,410,0,0,0,1246,36154,208,208,0,105,0,1254,212
 70950,0,36322,1169,848,1904,2379,529,35692,35257,0,0,519,1365,0,2627,1288,640,1149,103,410,0,0,0,1246,36159,208,208,0,105,0,1254,212
 70955,0,36327,1169,848,1904,2379,529,35697,35262,0,0,519,1365,0,2627,1288,640,1149,103,410,0,0,0,1246,36164,208,208,0,105,0,1254,212
 70960,0,36332,1169,848,1904,2379,529,35702,35267,0,0,519,1365,0,2627,1288,640,1149,103,410,0,0,0,1246,36169,208,208,0,105,0,1254,212
 70965,0,36337,1169,848,1904,2379,529,35707,35270,0,0,519,1365,0,2627,1288,640,1149,103,410,0,0,0,1246,36174,208,208,0,105,0,1254,212
 70970,0,36342,1169,848,1904,2379,529,35712,35270,0,0,519,1365,0,2627,1288,640,1149,103,410,0,0,0,1246,36179,208,208,0,105,0,1254,212
 70975,0,36347,1169,848,1904,2379,529,35717,35270,0,0,519,1365,0,2627,1288,640,1149,103,410,0,0,0,1246,36185,208,208,0,105,0,1254,212
 70980,0,36352,1169,848,1904,2379,529,35722,35270,0,0,519,1365,0,2627,1288,640,1149,103,410,0,0,0,1246,36185,208,208,0,105,0,1254,212
 70985,0,36357,1169,848,1904,2379,529,35727,35270,0,0,519,1365,0,2627,1288,640,1149,103,410,0,0,0,1246,36185,208,208,0,105,0,1254,212
 70990,0,36362,1169,848,1904,2379,529,35732,35270,0,0,519,1365,0,2627,1288,640,1149,103,410,0,0,0,1246,36185,208,208,0,105,0,1254,212
 70995,0,36367,1169,848,1904,2379,529,35737,35270,0,0,519,1365,0,2627,1288,640,1149,103,410,0,0,0,1246,36185,208,208,0,105,0,1254,212
 71000,0,36372,1169,848,1904,2379,529,35742,35270,0,0,519,1365,0,2627,1288,640,1149,103,410,0,0,0,1246,36185,208,208,0,105,0,1254,212
 71005,0,36377,1169,848,1904,2379,529,35747,35270,0,0,519,1365,0,2627,1288,640,1149,103,410,0,0,0,1246,36185,208,208,0,105,0,1254,212
 71010,0,36383,1169,848,1904,2379,529,35752,35270,0,0,519,1365,0,2627,1288,640,1149,103,410,0,0,0,1246,36185,208,208,0,105,0,1254,212
 71015,0,36383,1169,848,1904,2379,529,35757,35270,0,0,519,1365,0,2627,1288,640,1149,103,410,0,0,0,1246,36185,208,208,0,105,0,1254,212
 71020,0,36383,1169,848,1904,2379,529,35762,35270,0,0,519,1365,0,2627,1288,640,1149,103,410,0,0,0,1246,36185,208,208,0,105,0,1254,212
 71025,0,36383,1169,848,1904,2379,529,35767,35270,0,0,519,1365,0,2627,1288,640,1149,103,410,0,0,0,1246,36185,208,208,0,105,0,1254,212
 71030,0,36383,1169,848,1904,2379,529,35772,35270,0,0,519,1365,0,2627,1288,640,1149,103,410,0,0,0,1246,36185,208,208,0,105,0,1254,212
 71035,0,36383,1169,848,1904,2379,529,35777,35270,0,0,519,1365,0,2627,1288,640,1149,103,410,0,0,0,1246,36185,208,208,0,105,0,1254,212
 71040,0,36383,1169,848,1904,2379,529,35782,35270,0,0,519,1365,0,2627,1288,640,1149,103,410,0,0,0,1246,36185,208,208,0,105,0,1254,212
 71045,0,36383,1169,848,1904,2379,529,35788,35270,0,0,519,1365,0,2627,1288,640,1149,103,410,0,0,0,1246,36185,208,208,0,105,0,1254,212
 71050,0,36383,1169,848,1904,2379,529,35788,35270,0,0,519,1365,0,2627,1288,640,1149,103,410,0,0,0,1246,36185,208,208,0,105,0,1254,212
 71055,0,36383,1169,848,1904,2379,529,35788,35270,0,0,519,1365,0,2627,1288,640,1149,103,410,0,0,0,1246,36185,208,208,0,105,0,1254,212
 71060,0,36383,1169,848,1904,2379,529,35788,35270,0,0,519,1365,0,2627,1288,640,1149,103,410,0,0,0,1246,36185,208,208,0,105,0,1254,212
 71065,0,36383,1169,848,1904,2379,529,35788,35270,0,0,519,1365,0,2627,1288,640,1149,103,410,0,0,0,1246,36185,208,208,0,105,0,1254,212
 71070,0,36383,1169,848,1904,2379,529,35788,35270,0,0,519,1365,0,2627,1288,640,1149,103,410,0,0,0,1246,36185,208,208,0,105,0,1254,212
 71075,0,36383,1169,848,1904,2379,529,35788,35270,0,0,519,1365,0,2627,1288,640,1149,103,410,0,0,0,1246,36185,208,208,0,105,0,1254,212
 71080,0,36383,1169,848,1904,2379,529,35788,35275,0,0,519,1365,0,2627,1288,640,1149,103,410,0,0,0,1246,36185,208,208,0,105,0,1254,212
 71085,0,36383,1169,848,1904,2379,529,35788,35280,0,0,519,1365,0,2627,1288,640,1149,103,410,0,0,0,1246,36185,208,208,0,105,0,1254,212
 71090,0,36383,1169,848,1904,2379,529,35788,35285,0,0,519,1365,0,2627,1288,640,1149,103,410,0,0,0,1246,36185,208,208,0,105,0,1254,212
 71095,0,36382,1169,848,1904,2379,529,35788,35290,0,0,519,1365,0,2627,1288,640,1149,103,410,0,0,0,1246,36185,208,208,0,105,0,1254,212
 71100,0,36387,1169,848,1904,2379,529,35788,35295,0,0,519,1365,0,2627,1288,640,1149,103,410,0,0,0,1246,36185,208,208,0,105,0,1254,212
 71105,0,36392,1169,848,1904,2379,529,35788,35300,0,0,519,1365,0,2627,1288,640,1149,103,410,0,0,0,1246,36185,208,208,0,105,0,1254,212
 71110,0,36397,1169,848,1904,2379,529,35788,35305,0,0,519,1365,0,2627,1288,640,1149,103,410,0,0,0,1246,36185,208,208,0,105,0,1254,212
 71115,0,36402,1169,848,1904,2379,529,35788,35310,0,0,519,1365,0,2627,1288,640,1149,103,410,0,0,0,1246,36185,208,208,0,105,0,1254,212
 71120,0,36407,1169,848,1904,2379,529,35788,35315,0,0,519,1365,0,2627,1288,640,1149,103,410,0,0,0,1246,36188,208,208,0,105,0,1254,212
 71125,0,36412,1169,848,1904,2379,529,35788,35320,0,0,519,1365,0,2627,1288,640,1149,103,410,0,0,0,1246,36193,208,208,0,105,0,1254,212
 71130,0,36417,1169,848,1904,2379,529,35788,35325,0,0,519,1365,0,2627,1288,640,1149,103,410,0,0,0,1246,36198,208,208,0,105,0,1254,212
 71135,0,36422,1169,848,1904,2379,529,35788,35330,0,0,519,1365,0,2627,1288,640,1149,103,410,0,0,0,1246,36203,208,208,0,105,0,1254,212
 71140,0,36427,1169,848,1904,2379,529,35788,35335,0,0,519,1365,0,2627,1288,640,1149,103,410,0,0,0,1246,36208,208,208,0,105,0,1254,212
 71145,0,36432,1169,848,1904,2379,529,35788,35340,0,0,519,1365,0,2627,1288,640,1149,103,410,0,0,0,1246,36213,208,208,0,105,0,1254,212
 71150,0,36437,1169,848,1904,2379,529,35788,35345,0,0,519,1365,0,2627,1288,640,1149,103,410,0,0,0,1246,36218,208,208,0,105,0,1254,212
 71155,0,36442,1169,848,1904,2379,529,35788,35350,0,0,519,1365,0,2627,1288,640,1149,103,410,0,0,0,1246,36223,208,208,0,105,0,1254,212
 71160,0,36447,1169,848,1904,2379,529,35788,35355,0,0,519,1365,0,2627,1288,640,1149,103,410,0,0,0,1246,36228,208,208,0,105,0,1254,212
 71165,0,36452,1169,848,1904,2379,529,35791,35360,0,0,519,1365,0,2627,1288,640,1149,103,410,0,0,0,1246,36233,208,208,0,105,0,1254,212
 71170,0,36457,1169,848,1904,2379,529,35796,35365,0,0,519,1365,0,2627,1288,640,1149,103,410,0,0,0,1246,36238,208,208,0,105,0,1254,212
 71175,0,36462,1169,848,1904,2379,529,35801,35370,0,0,519,1365,0,2627,1288,640,1149,103,410,0,0,0,1246,36243,208,208,0,105,0,1254,212
 71180,0,36467,1169,848,1904,2379,529,35806,35373,0,0,519,1365,0,2627,1288,640,1149,103,410,0,0,0,1246,36248,208,208,0,105,0,1254,212
 71185,0,36472,1169,848,1904,2379,529,35811,35373,0,0,519,1365,0,2627,1288,640,1149,103,410,0,0,0,1246,36253,208,208,0,105,0,1254,212
 71190,0,36477,1169,848,1904,2379,529,35816,35373,0,0,519,1365,0,2627,1288,640,1149,103,410,0,0,0,1246,36258,208,208,0,105,0,1254,212
 71195,0,36482,1169,848,1904,2379,529,35821,35373,0,0,519,1365,0,2627,1288,640,1149,103,410,0,0,0,1246,36263,208,208,0,105,0,1254,212
 71200,0,36488,1169,848,1904,2379,529,35826,35373,0,0,519,1365,0,2627,1288,640,1149,103,410,0,0,0,1246,36268,208,208,0,105,0,1254,212
 71205,0,36488,1169,848,1904,2379,529,35831,35373,0,0,519,1365,0,2627,1288,640,1149,103,410,0,0,0,1246,36273,208,208,0,105,0,1254,212
 71210,0,36488,1169,848,1904,2379,529,35836,35373,0,0,519,1365,0,2627,1288,640,1149,103,410,0,0,0,1246,36278,208,208,0,105,0,1254,212
 71215,0,36488,1169,848,1904,2379,529,35841,35373,0,0,519,1365,0,2627,1288,640,1149,103,410,0,0,0,1246,36283,208,208,0,105,0,1254,212
 71220,0,36488,1169,848,1904,2379,529,35846,35373,0,0,519,1365,0,2627,1288,640,1149,103,410,0,0,0,1246,36288,208,208,0,105,0,1254,212
 71225,0,36488,1169,848,1904,2379,529,35851,35373,0,0,519,1365,0,2627,1288,640,1149,103,410,0,0,0,1246,36292,208,208,0,105,0,1254,212
 71230,0,36488,1169,848,1904,2379,529,35856,35373,0,0,519,1365,0,2627,1288,640,1149,103,410,0,0,0,1246,36292,208,208,0,105,0,1254,212
 71235,0,36488,1169,848,1904,2379,529,35861,35373,0,0,519,1365,0,2627,1288,640,1149,103,410,0,0,0,1246,36292,208,208,0,105,0,1254,212
 71240,0,36488,1169,848,1904,2379,529,35866,35373,0,0,519,1365,0,2627,1288,640,1149,103,410,0,0,0,1246,36292,208,208,0,105,0,1254,212
 71245,0,36488,1169,848,1904,2379,529,35871,35373,0,0,519,1365,0,2627,1288,640,1149,103,410,0,0,0,1246,36292,208,208,0,105,0,1254,212
 71250,0,36488,1169,848,1904,2379,529,35876,35373,0,0,519,1365,0,2627,1288,640,1149,103,410,0,0,0,1246,36292,208,208,0,105,0,1254,212
 71255,0,36488,1169,848,1904,2379,529,35881,35373,0,0,519,1365,0,2627,1288,640,1149,103,410,0,0,0,1246,36292,208,208,0,105,0,1254,212
 71260,0,36488,1169,848,1904,2379,529,35886,35373,0,0,519,1365,0,2627,1288,640,1149,103,410,0,0,0,1246,36292,208,208,0,105,0,1254,212
 71265,0,36488,1169,848,1904,2379,529,35891,35373,0,0,519,1365,0,2627,1288,640,1149,103,410,0,0,0,1246,36292,208,208,0,105,0,1254,212
 71270,0,36488,1169,848,1904,2379,529,35891,35373,0,0,519,1365,0,2627,1288,640,1149,103,410,0,0,0,1246,36292,208,208,0,105,0,1254,212
 71275,0,36488,1169,848,1904,2379,529,35891,35373,0,0,519,1365,0,2627,1288,640,1149,103,410,0,0,0,1246,36292,208,208,0,105,0,1254,212
 71280,0,36488,1169,848,1904,2379,529,35891,35373,0,0,519,1365,0,2627,1288,640,1149,103,410,0,0,0,1246,36292,208,208,0,105,0,1254,212
 71285,0,36488,1169,848,1904,2379,529,35891,35373,0,0,519,1365,0,2627,1288,640,1149,103,410,0,0,0,1246,36292,208,208,0,105,0,1254,212
 71290,0,36488,1169,848,1904,2379,529,35891,35373,0,0,519,1365,0,2627,1288,640,1149,103,410,0,0,0,1246,36292,208,208,0,105,0,1254,212
 71295,0,36488,1169,848,1904,2379,529,35891,35373,0,0,519,1365,0,2627,1288,640,1149,103,410,0,0,0,1246,36292,208,208,0,105,0,1254,212
 71300,0,36488,1169,848,1904,2379,529,35891,35373,0,0,519,1365,0,2627,1288,640,1149,103,410,0,0,0,1246,36292,208,208,0,105,0,1254,212
 71305,0,36488,1169,848,1904,2379,529,35891,35373,0,0,519,1365,0,2627,1288,640,1149,103,410,0,0,0,1246,36292,208,208,0,105,0,1254,212
 71310,0,36488,1169,848,1904,2379,529,35891,35373,0,0,519,1365,0,2627,1288,640,1149,103,410,0,0,0,1246,36292,208,208,0,105,0,1254,212
 71315,0,36489,1169,848,1904,2379,529,35891,35373,0,0,519,1365,0,2627,1288,640,1149,103,410,0,0,0,1246,36297,208,208,0,105,0,1254,212
 71320,0,36494,1169,848,1904,2379,529,35891,35373,0,0,519,1365,0,2627,1288,640,1149,103,410,0,0,0,1246,36302,208,208,0,105,0,1254,212
 71325,0,36499,1169,848,1904,2379,529,35891,35373,0,0,519,1365,0,2627,1288,640,1149,103,410,0,0,0,1246,36307,208,208,0,105,0,1254,212
 71330,0,36504,1169,848,1904,2379,529,35891,35373,0,0,519,1365,0,2627,1288,640,1149,103,410,0,0,0,1246,36312,208,208,0,105,0,1254,212
 71335,0,36509,1169,848,1904,2379,529,35891,35373,0,0,519,1365,0,2627,1288,640,1149,103,410,0,0,0,1246,36317,208,208,0,105,0,1254,212
 71340,0,36514,1169,848,1904,2379,529,35891,35373,0,0,519,1365,0,2627,1288,640,1149,103,410,0,0,0,1246,36322,208,208,0,105,0,1254,212
 71345,0,36519,1169,848,1904,2379,529,35891,35373,0,0,519,1365,0,2627,1288,640,1149,103,410,0,0,0,1246,36327,208,208,0,105,0,1254,212
 71350,0,36524,1169,848,1904,2379,529,35891,35373,0,0,519,1365,0,2627,1288,640,1149,103,410,0,0,0,1246,36332,208,208,0,105,0,1254,212
 71355,0,36529,1169,848,1904,2379,529,35891,35374,0,0,519,1365,0,2627,1288,640,1149,103,410,0,0,0,1246,36337,208,208,0,105,0,1254,212
 71360,0,36534,1169,848,1904,2379,529,35891,35379,0,0,519,1365,0,2627,1288,640,1149,103,410,0,0,0,1246,36342,208,208,0,105,0,1254,212
 71365,0,36539,1169,848,1904,2379,529,35892,35384,0,0,519,1365,0,2627,1288,640,1149,103,410,0,0,0,1246,36347,208,208,0,105,0,1254,212
 71370,0,36544,1169,848,1904,2379,529,35897,35389,0,0,519,1365,0,2627,1288,640,1149,103,410,0,0,0,1246,36352,208,208,0,105,0,1254,212
 71375,0,36549,1169,848,1904,2379,529,35902,35394,0,0,519,1365,0,2627,1288,640,1149,103,410,0,0,0,1246,36357,208,208,0,105,0,1254,212
 71380,0,36554,1169,848,1904,2379,529,35907,35399,0,0,519,1365,0,2627,1288,640,1149,103,410,0,0,0,1246,36362,208,208,0,105,0,1254,212
 71385,0,36559,1169,848,1904,2379,529,35912,35404,0,0,519,1365,0,2627,1288,640,1149,103,410,0,0,0,1246,36367,208,208,0,105,0,1254,212
 71390,0,36564,1169,848,1904,2379,529,35917,35409,0,0,519,1365,0,2627,1288,640,1149,103,410,0,0,0,1246,36372,208,208,0,105,0,1254,212
 71395,0,36569,1169,848,1904,2379,529,35922,35414,0,0,519,1365,0,2627,1288,640,1149,103,410,0,0,0,1246,36377,208,208,0,105,0,1254,212
 71400,0,36574,1169,848,1904,2379,529,35927,35419,0,0,519,1365,0,2627,1288,640,1149,103,410,0,0,0,1246,36382,208,208,0,105,0,1254,212
 71405,0,36579,1169,848,1904,2379,529,35932,35424,0,0,519,1365,0,2627,1288,640,1149,103,410,0,0,0,1246,36387,208,208,0,105,0,1254,212
 71410,0,36584,1169,848,1904,2379,529,35937,35429,0,0,519,1365,0,2627,1288,640,1149,103,410,0,0,0,1246,36393,208,208,0,105,0,1254,212
 71415,0,36589,1169,848,1904,2379,529,35942,35434,0,0,519,1365,0,2627,1288,640,1149,103,410,0,0,0,1246,36393,208,208,0,105,0,1254,212
 71420,0,36591,1169,848,1904,2379,529,35947,35439,0,0,519,1365,0,2627,1288,640,1149,103,410,0,0,0,1246,36393,208,208,0,105,0,1254,212
 71425,0,36591,1169,848,1904,2379,529,35952,35444,0,0,519,1365,0,2627,1288,640,1149,103,410,0,0,0,1246,36393,208,208,0,105,0,1254,212
 71430,0,36591,1169,848,1904,2379,529,35957,35449,0,0,519,1365,0,2627,1288,640,1149,103,410,0,0,0,1246,36393,208,208,0,105,0,1254,212
 71435,0,36591,1169,848,1904,2379,529,35962,35454,0,0,519,1365,0,2627,1288,640,1149,103,410,0,0,0,1246,36393,208,208,0,105,0,1254,212
 71440,0,36591,1169,848,1904,2379,529,35967,35459,0,0,519,1365,0,2627,1288,640,1149,103,410,0,0,0,1246,36393,208,208,0,105,0,1254,212
 71445,0,36591,1169,848,1904,2379,529,35972,35464,0,0,519,1365,0,2627,1288,640,1149,103,410,0,0,0,1246,36393,208,208,0,105,0,1254,212
 71450,0,36591,1169,848,1904,2379,529,35977,35469,0,0,519,1365,0,2627,1288,640,1149,103,410,0,0,0,1246,36393,208,208,0,105,0,1254,212
 71455,0,36591,1169,848,1904,2379,529,35982,35474,0,0,519,1365,0,2627,1288,640,1149,103,410,0,0,0,1246,36393,208,208,0,105,0,1254,212
 71460,0,36591,1169,848,1904,2379,529,35987,35476,0,0,519,1365,0,2627,1288,640,1149,103,410,0,0,0,1246,36393,208,208,0,105,0,1254,212
 71465,0,36591,1169,848,1904,2379,529,35992,35476,0,0,519,1365,0,2627,1288,640,1149,103,410,0,0,0,1246,36393,208,208,0,105,0,1254,212
 71470,0,36591,1169,848,1904,2379,529,35994,35476,0,0,519,1365,0,2627,1288,640,1149,103,410,0,0,0,1246,36393,208,208,0,105,0,1254,212
 71475,0,36591,1169,848,1904,2379,529,35994,35476,0,0,519,1365,0,2627,1288,640,1149,103,410,0,0,0,1246,36393,208,208,0,105,0,1254,212
 71480,0,36591,1169,848,1904,2379,529,35994,35476,0,0,519,1365,0,2627,1288,640,1149,103,410,0,0,0,1246,36393,208,208,0,105,0,1254,212
 71485,0,36591,1169,848,1904,2379,529,35994,35476,0,0,519,1365,0,2627,1288,640,1149,103,410,0,0,0,1246,36393,208,208,0,105,0,1254,212
 71490,0,36591,1169,848,1904,2379,529,35994,35476,0,0,519,1365,0,2627,1288,640,1149,103,410,0,0,0,1246,36393,208,208,0,105,0,1254,212
 71495,0,36591,1169,848,1904,2379,529,35994,35476,0,0,519,1365,0,2627,1288,640,1149,103,410,0,0,0,1246,36393,208,208,0,105,0,1254,212
 71500,0,36591,1169,848,1904,2379,529,35994,35476,0,0,519,1365,0,2627,1288,640,1149,103,410,0,0,0,1246,36393,208,208,0,105,0,1254,212
 71505,0,36591,1169,848,1904,2379,529,35994,35476,0,0,519,1365,0,2627,1288,640,1149,103,410,0,0,0,1246,36393,208,208,0,105,0,1254,212
 71510,0,36591,1169,848,1904,2379,529,35994,35476,0,0,519,1365,0,2627,1288,640,1149,103,410,0,0,0,1246,36393,208,208,0,105,0,1254,212
 71515,0,36591,1169,848,1904,2379,529,35994,35476,0,0,519,1365,0,2627,1288,640,1149,103,410,0,0,0,1246,36393,208,208,0,105,0,1254,212
 71520,0,36591,1169,848,1904,2379,529,35994,35476,0,0,519,1365,0,2627,1288,640,1149,103,410,0,0,0,1246,36393,208,208,0,105,0,1254,212
 71525,0,36591,1169,848,1904,2379,529,35994,35476,0,0,519,1365,0,2627,1288,640,1149,103,410,0,0,0,1246,36393,208,208,0,105,0,1254,212
 71530,0,36591,1169,848,1904,2379,529,35994,35476,0,0,519,1365,0,2627,1288,640,1149,103,410,0,0,0,1246,36393,208,208,0,105,0,1254,212
 71535,0,36591,1169,848,1904,2379,529,35994,35476,0,0,519,1365,0,2627,1288,640,1149,103,410,0,0,0,1246,36393,208,208,0,105,0,1254,212
 71540,0,36591,1169,848,1904,2379,529,35994,35476,0,0,519,1365,0,2627,1288,640,1149,103,410,0,0,0,1246,36393,208,208,0,105,0,1254,212
 71545,0,36591,1169,848,1904,2379,529,35994,35476,0,0,519,1365,0,2627,1288,640,1149,103,410,0,0,0,1246,36393,208,208,0,105,0,1254,212
 71550,0,36591,1169,848,1904,2379,529,35994,35476,0,0,519,1365,0,2627,1288,640,1149,103,410,0,0,0,1246,36393,208,208,0,105,0,1254,212
 71555,0,36593,1169,848,1904,2379,529,35994,35481,0,0,519,1365,0,2627,1288,640,1149,103,410,0,0,0,1246,36393,208,208,0,105,0,1254,212
 71560,0,36598,1169,848,1904,2379,529,35994,35486,0,0,519,1365,0,2627,1288,640,1149,103,410,0,0,0,1246,36393,208,208,0,105,0,1254,212
 71565,0,36603,1169,848,1904,2379,529,35997,35491,0,0,519,1365,0,2627,1288,640,1149,103,410,0,0,0,1246,36393,208,208,0,105,0,1254,212
 71570,0,36608,1169,848,1904,2379,529,36002,35496,0,0,519,1365,0,2627,1288,640,1149,103,410,0,0,0,1246,36393,208,208,0,105,0,1254,212
 71575,0,36613,1169,848,1904,2379,529,36007,35501,0,0,519,1365,0,2627,1288,640,1149,103,410,0,0,0,1246,36393,208,208,0,105,0,1254,212
 71580,0,36618,1169,848,1904,2379,529,36012,35506,0,0,519,1365,0,2627,1288,640,1149,103,410,0,0,0,1246,36393,208,208,0,105,0,1254,212
 71585,0,36623,1169,848,1904,2379,529,36017,35511,0,0,519,1365,0,2627,1288,640,1149,103,410,0,0,0,1246,36393,208,208,0,105,0,1254,212
 71590,0,36628,1169,848,1904,2379,529,36022,35516,0,0,519,1365,0,2627,1288,640,1149,103,410,0,0,0,1246,36393,208,208,0,105,0,1254,212
 71595,0,36633,1169,848,1904,2379,529,36027,35521,0,0,519,1365,0,2627,1288,640,1149,103,410,0,0,0,1246,36393,208,208,0,105,0,1254,212
 71600,0,36638,1169,848,1904,2379,529,36032,35526,0,0,519,1365,0,2627,1288,640,1149,103,410,0,0,0,1246,36393,208,208,0,105,0,1254,212
 71605,0,36643,1169,848,1904,2379,529,36037,35531,0,0,519,1365,0,2627,1288,640,1149,103,410,0,0,0,1246,36392,208,208,0,105,0,1254,212
 71610,0,36648,1169,848,1904,2379,529,36042,35536,0,0,519,1365,0,2627,1288,640,1149,103,410,0,0,0,1246,36397,208,208,0,105,0,1254,212
 71615,0,36653,1169,848,1904,2379,529,36047,35541,0,0,519,1365,0,2627,1288,640,1149,103,410,0,0,0,1246,36402,208,208,0,105,0,1254,212
 71620,0,36658,1169,848,1904,2379,529,36052,35546,0,0,519,1365,0,2627,1288,640,1149,103,410,0,0,0,1246,36407,208,208,0,105,0,1254,212
 71625,0,36663,1169,848,1904,2379,529,36057,35551,0,0,519,1365,0,2627,1288,640,1149,103,410,0,0,0,1246,36412,208,208,0,105,0,1254,212
 71630,0,36668,1169,848,1904,2379,529,36062,35556,0,0,519,1365,0,2627,1288,640,1149,103,410,0,0,0,1246,36417,208,208,0,105,0,1254,212
 71635,0,36673,1169,848,1904,2379,529,36067,35561,0,0,519,1365,0,2627,1288,640,1149,103,410,0,0,0,1246,36422,208,208,0,105,0,1254,212
 71640,0,36678,1169,848,1904,2379,529,36072,35566,0,0,519,1365,0,2627,1288,640,1149,103,410,0,0,0,1246,36427,208,208,0,105,0,1254,212
 71645,0,36683,1169,848,1904,2379,529,36077,35571,0,0,519,1365,0,2627,1288,640,1149,103,410,0,0,0,1246,36432,208,208,0,105,0,1254,212
 71650,0,36688,1169,848,1904,2379,529,36082,35576,0,0,519,1365,0,2627,1288,640,1149,103,410,0,0,0,1246,36437,208,208,0,105,0,1254,212
 71655,0,36693,1169,848,1904,2379,529,36087,35579,0,0,519,1365,0,2627,1288,640,1149,103,410,0,0,0,1246,36442,208,208,0,105,0,1254,212
 71660,0,36696,1169,848,1904,2379,529,36092,35579,0,0,519,1365,0,2627,1288,640,1149,103,410,0,0,0,1246,36447,208,208,0,105,0,1254,212
 71665,0,36696,1169,848,1904,2379,529,36097,35579,0,0,519,1365,0,2627,1288,640,1149,103,410,0,0,0,1246,36452,208,208,0,105,0,1254,212
 71670,0,36696,1169,848,1904,2379,529,36099,35579,0,0,519,1365,0,2627,1288,640,1149,103,410,0,0,0,1246,36457,208,208,0,105,0,1254,212
 71675,0,36696,1169,848,1904,2379,529,36099,35579,0,0,519,1365,0,2627,1288,640,1149,103,410,0,0,0,1246,36462,208,208,0,105,0,1254,212
 71680,0,36696,1169,848,1904,2379,529,36099,35579,0,0,519,1365,0,2627,1288,640,1149,103,410,0,0,0,1246,36467,208,208,0,105,0,1254,212
 71685,0,36696,1169,848,1904,2379,529,36099,35579,0,0,519,1365,0,2627,1288,640,1149,103,410,0,0,0,1246,36472,208,208,0,105,0,1254,212
 71690,0,36696,1169,848,1904,2379,529,36099,35579,0,0,519,1365,0,2627,1288,640,1149,103,410,0,0,0,1246,36477,208,208,0,105,0,1254,212
 71695,0,36696,1169,848,1904,2379,529,36099,35579,0,0,519,1365,0,2627,1288,640,1149,103,410,0,0,0,1246,36482,208,208,0,105,0,1254,212
 71700,0,36696,1169,848,1904,2379,529,36099,35579,0,0,519,1365,0,2627,1288,640,1149,103,410,0,0,0,1246,36487,208,208,0,105,0,1254,212
 71705,0,36696,1169,848,1904,2379,529,36099,35579,0,0,519,1365,0,2627,1288,640,1149,103,410,0,0,0,1246,36492,208,208,0,105,0,1254,212
 71710,0,36696,1169,848,1904,2379,529,36099,35579,0,0,519,1365,0,2627,1288,640,1149,103,410,0,0,0,1246,36496,208,208,0,105,0,1254,212
 71715,0,36696,1169,848,1904,2379,529,36099,35579,0,0,519,1365,0,2627,1288,640,1149,103,410,0,0,0,1246,36496,208,208,0,105,0,1254,212
 71720,0,36696,1169,848,1904,2379,529,36099,35579,0,0,519,1365,0,2627,1288,640,1149,103,410,0,0,0,1246,36496,208,208,0,105,0,1254,212
 71725,0,36696,1169,848,1904,2379,529,36099,35579,0,0,519,1365,0,2627,1288,640,1149,103,410,0,0,0,1246,36496,208,208,0,105,0,1254,212
 71730,0,36696,1169,848,1904,2379,529,36099,35579,0,0,519,1365,0,2627,1288,640,1149,103,410,0,0,0,1246,36496,208,208,0,105,0,1254,212
 71735,0,36696,1169,848,1904,2379,529,36099,35579,0,0,519,1365,0,2627,1288,640,1149,103,410,0,0,0,1246,36496,208,208,0,105,0,1254,212
 71740,0,36696,1169,848,1904,2379,529,36099,35579,0,0,519,1365,0,2627,1288,640,1149,103,410,0,0,0,1246,36496,208,208,0,105,0,1254,212
 71745,0,36696,1169,848,1904,2379,529,36099,35579,0,0,519,1365,0,2627,1288,640,1149,103,410,0,0,0,1246,36496,208,208,0,105,0,1254,212
 71750,0,36696,1169,848,1904,2379,529,36099,35579,0,0,519,1365,0,2627,1288,640,1149,103,410,0,0,0,1246,36496,208,208,0,105,0,1254,212
 71755,0,36696,1169,848,1904,2379,529,36099,35579,0,0,519,1365,0,2627,1288,640,1149,103,410,0,0,0,1246,36496,208,208,0,105,0,1254,212
 71760,0,36696,1169,848,1904,2379,529,36099,35579,0,0,519,1365,0,2627,1288,640,1149,103,410,0,0,0,1246,36496,208,208,0,105,0,1254,212
 71765,0,36696,1169,848,1904,2379,529,36099,35579,0,0,519,1365,0,2627,1288,640,1149,103,410,0,0,0,1246,36496,208,208,0,105,0,1254,212
 71770,0,36696,1169,848,1904,2379,529,36099,35579,0,0,519,1365,0,2627,1288,640,1149,103,410,0,0,0,1246,36496,208,208,0,105,0,1254,212
 71775,0,36696,1169,848,1904,2379,529,36099,35579,0,0,519,1365,0,2627,1288,640,1149,103,410,0,0,0,1246,36496,208,208,0,105,0,1254,212
 71780,0,36696,1169,848,1904,2379,529,36099,35579,0,0,519,1365,0,2627,1288,640,1149,103,410,0,0,0,1246,36496,208,208,0,105,0,1254,212
 71785,0,36696,1169,848,1904,2379,529,36099,35579,0,0,519,1365,0,2627,1288,640,1149,103,410,0,0,0,1246,36496,208,208,0,105,0,1254,212
 71790,0,36698,1169,848,1904,2379,529,36099,35579,0,0,519,1365,0,2627,1288,640,1149,103,410,0,0,0,1246,36501,208,208,0,105,0,1254,212
 71795,0,36703,1169,848,1904,2379,529,36099,35579,0,0,519,1365,0,2627,1288,640,1149,103,410,0,0,0,1246,36506,208,208,0,105,0,1254,212
 71800,0,36708,1169,848,1904,2379,529,36099,35579,0,0,519,1365,0,2627,1288,640,1149,103,410,0,0,0,1246,36511,208,208,0,105,0,1254,212
 71805,0,36713,1169,848,1904,2379,529,36099,35579,0,0,519,1365,0,2627,1288,640,1149,103,410,0,0,0,1246,36516,208,208,0,105,0,1254,212
 71810,0,36718,1169,848,1904,2379,529,36099,35579,0,0,519,1365,0,2627,1288,640,1149,103,410,0,0,0,1246,36521,208,208,0,105,0,1254,212
 71815,0,36723,1169,848,1904,2379,529,36099,35581,0,0,519,1365,0,2627,1288,640,1149,103,410,0,0,0,1246,36526,208,208,0,105,0,1254,212
 71820,0,36728,1169,848,1904,2379,529,36099,35586,0,0,519,1365,0,2627,1288,640,1149,103,410,0,0,0,1246,36531,208,208,0,105,0,1254,212
 71825,0,36733,1169,848,1904,2379,529,36098,35591,0,0,519,1365,0,2627,1288,640,1149,103,410,0,0,0,1246,36536,208,208,0,105,0,1254,212
 71830,0,36738,1169,848,1904,2379,529,36103,35596,0,0,519,1365,0,2627,1288,640,1149,103,410,0,0,0,1246,36541,208,208,0,105,0,1254,212
 71835,0,36743,1169,848,1904,2379,529,36108,35601,0,0,519,1365,0,2627,1288,640,1149,103,410,0,0,0,1246,36546,208,208,0,105,0,1254,212
 71840,0,36748,1169,848,1904,2379,529,36113,35606,0,0,519,1365,0,2627,1288,640,1149,103,410,0,0,0,1246,36551,208,208,0,105,0,1254,212
 71845,0,36753,1169,848,1904,2379,529,36118,35611,0,0,519,1365,0,2627,1288,640,1149,103,410,0,0,0,1246,36556,208,208,0,105,0,1254,212
 71850,0,36758,1169,848,1904,2379,529,36123,35616,0,0,519,1365,0,2627,1288,640,1149,103,410,0,0,0,1246,36561,208,208,0,105,0,1254,212
 71855,0,36763,1169,848,1904,2379,529,36128,35621,0,0,519,1365,0,2627,1288,640,1149,103,410,0,0,0,1246,36566,208,208,0,105,0,1254,212
 71860,0,36768,1169,848,1904,2379,529,36133,35626,0,0,519,1365,0,2627,1288,640,1149,103,410,0,0,0,1246,36571,208,208,0,105,0,1254,212
 71865,0,36773,1169,848,1904,2379,529,36138,35631,0,0,519,1365,0,2627,1288,640,1149,103,410,0,0,0,1246,36576,208,208,0,105,0,1254,212
 71870,0,36778,1169,848,1904,2379,529,36143,35636,0,0,519,1365,0,2627,1288,640,1149,103,410,0,0,0,1246,36581,208,208,0,105,0,1254,212
 71875,0,36783,1169,848,1904,2379,529,36148,35641,0,0,519,1365,0,2627,1288,640,1149,103,410,0,0,0,1246,36586,208,208,0,105,0,1254,212
 71880,0,36788,1169,848,1904,2379,529,36153,35646,0,0,519,1365,0,2627,1288,640,1149,103,410,0,0,0,1246,36591,208,208,0,105,0,1254,212
 71885,0,36793,1169,848,1904,2379,529,36158,35651,0,0,519,1365,0,2627,1288,640,1149,103,410,0,0,0,1246,36596,208,208,0,105,0,1254,212
 71890,0,36799,1169,848,1904,2379,529,36163,35656,0,0,519,1365,0,2627,1288,640,1149,103,410,0,0,0,1246,36599,208,208,0,105,0,1254,212
 71895,0,36799,1169,848,1904,2379,529,36168,35661,0,0,519,1365,0,2627,1288,640,1149,103,410,0,0,0,1246,36599,208,208,0,105,0,1254,212
 71900,0,36799,1169,848,1904,2379,529,36173,35666,0,0,519,1365,0,2627,1288,640,1149,103,410,0,0,0,1246,36599,208,208,0,105,0,1254,212
 71905,0,36799,1169,848,1904,2379,529,36178,35671,0,0,519,1365,0,2627,1288,640,1149,103,410,0,0,0,1246,36599,208,208,0,105,0,1254,212
 71910,0,36799,1169,848,1904,2379,529,36183,35676,0,0,519,1365,0,2627,1288,640,1149,103,410,0,0,0,1246,36599,208,208,0,105,0,1254,212
 71915,0,36799,1169,848,1904,2379,529,36188,35681,0,0,519,1365,0,2627,1288,640,1149,103,410,0,0,0,1246,36599,208,208,0,105,0,1254,212
 71920,0,36799,1169,848,1904,2379,529,36193,35684,0,0,519,1365,0,2627,1288,640,1149,103,410,0,0,0,1246,36599,208,208,0,105,0,1254,212
 71925,0,36799,1169,848,1904,2379,529,36198,35684,0,0,519,1365,0,2627,1288,640,1149,103,410,0,0,0,1246,36599,208,208,0,105,0,1254,212
 71930,0,36799,1169,848,1904,2379,529,36204,35684,0,0,519,1365,0,2627,1288,640,1149,103,410,0,0,0,1246,36599,208,208,0,105,0,1254,212
 71935,0,36799,1169,848,1904,2379,529,36204,35684,0,0,519,1365,0,2627,1288,640,1149,103,410,0,0,0,1246,36599,208,208,0,105,0,1254,212
 71940,0,36799,1169,848,1904,2379,529,36204,35684,0,0,519,1365,0,2627,1288,640,1149,103,410,0,0,0,1246,36599,208,208,0,105,0,1254,212
 71945,0,36799,1169,848,1904,2379,529,36204,35684,0,0,519,1365,0,2627,1288,640,1149,103,410,0,0,0,1246,36599,208,208,0,105,0,1254,212
 71950,0,36799,1169,848,1904,2379,529,36204,35684,0,0,519,1365,0,2627,1288,640,1149,103,410,0,0,0,1246,36599,208,208,0,105,0,1254,212
 71955,0,36799,1169,848,1904,2379,529,36204,35684,0,0,519,1365,0,2627,1288,640,1149,103,410,0,0,0,1246,36599,208,208,0,105,0,1254,212
 71960,0,36799,1169,848,1904,2379,529,36204,35684,0,0,519,1365,0,2627,1288,640,1149,103,410,0,0,0,1246,36599,208,208,0,105,0,1254,212
 71965,0,36799,1169,848,1904,2379,529,36204,35684,0,0,519,1365,0,2627,1288,640,1149,103,410,0,0,0,1246,36599,208,208,0,105,0,1254,212
 71970,0,36799,1169,848,1904,2379,529,36204,35684,0,0,519,1365,0,2627,1288,640,1149,103,410,0,0,0,1246,36599,208,208,0,105,0,1254,212
 71975,0,36799,1169,848,1904,2379,529,36204,35684,0,0,519,1365,0,2627,1288,640,1149,103,410,0,0,0,1246,36599,208,208,0,105,0,1254,212
 71980,0,36799,1169,848,1904,2379,529,36204,35684,0,0,519,1365,0,2627,1288,640,1149,103,410,0,0,0,1246,36602,208,208,0,105,0,1254,212
 71985,0,36799,1169,848,1904,2379,529,36204,35684,0,0,519,1365,0,2627,1288,640,1149,103,410,0,0,0,1246,36607,208,208,0,105,0,1254,212
 71990,0,36800,1169,848,1904,2379,529,36204,35684,0,0,519,1365,0,2627,1288,640,1149,103,410,0,0,0,1246,36612,208,208,0,105,0,1254,212
 71995,0,36805,1169,848,1904,2379,529,36204,35684,0,0,519,1365,0,2627,1288,640,1149,103,410,0,0,0,1246,36617,208,208,0,105,0,1254,212
 72000,0,36810,1169,848,1904,2379,529,36204,35684,0,0,519,1365,0,2627,1288,640,1149,103,410,0,0,0,1246,36622,208,208,0,105,0,1254,212
 72005,0,36815,1169,848,1904,2379,529,36204,35684,0,0,519,1365,0,2627,1288,640,1149,103,410,0,0,0,1246,36627,208,208,0,105,0,1254,212
 72010,0,36820,1169,848,1904,2379,529,36204,35684,0,0,519,1365,0,2627,1288,640,1149,103,410,0,0,0,1246,36632,208,208,0,105,0,1254,212
 72015,0,36825,1169,848,1904,2379,529,36203,35684,0,0,519,1365,0,2627,1288,640,1149,103,410,0,0,0,1246,36637,208,208,0,105,0,1254,212
 72020,0,36830,1169,848,1904,2379,529,36208,35684,0,0,519,1365,0,2627,1288,640,1149,103,410,0,0,0,1246,36642,208,208,0,105,0,1254,212
 72025,0,36835,1169,848,1904,2379,529,36213,35684,0,0,519,1365,0,2627,1288,640,1149,103,410,0,0,0,1246,36647,208,208,0,105,0,1254,212
 72030,0,36840,1169,848,1904,2379,529,36218,35684,0,0,519,1365,0,2627,1288,640,1149,103,410,0,0,0,1246,36652,208,208,0,105,0,1254,212
 72035,0,36845,1169,848,1904,2379,529,36223,35684,0,0,519,1365,0,2627,1288,640,1149,103,410,0,0,0,1246,36657,208,208,0,105,0,1254,212
 72040,0,36850,1169,848,1904,2379,529,36228,35684,0,0,519,1365,0,2627,1288,640,1149,103,410,0,0,0,1246,36662,208,208,0,105,0,1254,212
 72045,0,36855,1169,848,1904,2379,529,36233,35686,0,0,519,1365,0,2627,1288,640,1149,103,410,0,0,0,1246,36667,208,208,0,105,0,1254,212
 72050,0,36860,1169,848,1904,2379,529,36238,35691,0,0,519,1365,0,2627,1288,640,1149,103,410,0,0,0,1246,36672,208,208,0,105,0,1254,212
 72055,0,36865,1169,848,1904,2379,529,36243,35696,0,0,519,1365,0,2627,1288,640,1149,103,410,0,0,0,1246,36677,208,208,0,105,0,1254,212
 72060,0,36870,1169,848,1904,2379,529,36248,35701,0,0,519,1365,0,2627,1288,640,1149,103,410,0,0,0,1246,36682,208,208,0,105,0,1254,212
 72065,0,36875,1169,848,1904,2379,529,36253,35706,0,0,519,1365,0,2627,1288,640,1149,103,410,0,0,0,1246,36687,208,208,0,105,0,1254,212
 72070,0,36880,1169,848,1904,2379,529,36258,35711,0,0,519,1365,0,2627,1288,640,1149,103,410,0,0,0,1246,36692,208,208,0,105,0,1254,212
 72075,0,36885,1169,848,1904,2379,529,36263,35716,0,0,519,1365,0,2627,1288,640,1149,103,410,0,0,0,1246,36697,208,208,0,105,0,1254,212
 72080,0,36890,1169,848,1904,2379,529,36268,35721,0,0,519,1365,0,2627,1288,640,1149,103,410,0,0,0,1246,36702,208,208,0,105,0,1254,212
 72085,0,36895,1169,848,1904,2379,529,36273,35726,0,0,519,1365,0,2627,1288,640,1149,103,410,0,0,0,1246,36704,208,208,0,105,0,1254,212
 72090,0,36900,1169,848,1904,2379,529,36278,35731,0,0,519,1365,0,2627,1288,640,1149,103,410,0,0,0,1246,36704,208,208,0,105,0,1254,212
 72095,0,36904,1169,848,1904,2379,529,36283,35736,0,0,519,1365,0,2627,1288,640,1149,103,410,0,0,0,1246,36704,208,208,0,105,0,1254,212
 72100,0,36904,1169,848,1904,2379,529,36288,35741,0,0,519,1365,0,2627,1288,640,1149,103,410,0,0,0,1246,36704,208,208,0,105,0,1254,212
 72105,0,36904,1169,848,1904,2379,529,36293,35746,0,0,519,1365,0,2627,1288,640,1149,103,410,0,0,0,1246,36704,208,208,0,105,0,1254,212
 72110,0,36904,1169,848,1904,2379,529,36298,35751,0,0,519,1365,0,2627,1288,640,1149,103,410,0,0,0,1246,36704,208,208,0,105,0,1254,212
 72115,0,36904,1169,848,1904,2379,529,36303,35756,0,0,519,1365,0,2627,1288,640,1149,103,410,0,0,0,1246,36704,208,208,0,105,0,1254,212
 72120,0,36904,1169,848,1904,2379,529,36307,35761,0,0,519,1365,0,2627,1288,640,1149,103,410,0,0,0,1246,36704,208,208,0,105,0,1254,212
 72125,0,36904,1169,848,1904,2379,529,36307,35766,0,0,519,1365,0,2627,1288,640,1149,103,410,0,0,0,1246,36704,208,208,0,105,0,1254,212
 72130,0,36904,1169,848,1904,2379,529,36307,35771,0,0,519,1365,0,2627,1288,640,1149,103,410,0,0,0,1246,36704,208,208,0,105,0,1254,212
 72135,0,36904,1169,848,1904,2379,529,36307,35776,0,0,519,1365,0,2627,1288,640,1149,103,410,0,0,0,1246,36704,208,208,0,105,0,1254,212
 72140,0,36904,1169,848,1904,2379,529,36307,35781,0,0,519,1365,0,2627,1288,640,1149,103,410,0,0,0,1246,36704,208,208,0,105,0,1254,212
 72145,0,36904,1169,848,1904,2379,529,36307,35786,0,0,519,1365,0,2627,1288,640,1149,103,410,0,0,0,1246,36704,208,208,0,105,0,1254,212
 72150,0,36904,1169,848,1904,2379,529,36307,35789,0,0,519,1365,0,2627,1288,640,1149,103,410,0,0,0,1246,36704,208,208,0,105,0,1254,212
 72155,0,36904,1169,848,1904,2379,529,36307,35789,0,0,519,1365,0,2627,1288,640,1149,103,410,0,0,0,1246,36704,208,208,0,105,0,1254,212
 72160,0,36904,1169,848,1904,2379,529,36307,35789,0,0,519,1365,0,2627,1288,640,1149,103,410,0,0,0,1246,36704,208,208,0,105,0,1254,212
 72165,0,36904,1169,848,1904,2379,529,36307,35789,0,0,519,1365,0,2627,1288,640,1149,103,410,0,0,0,1246,36704,208,208,0,105,0,1254,212
 72170,0,36904,1169,848,1904,2379,529,36307,35789,0,0,519,1365,0,2627,1288,640,1149,103,410,0,0,0,1246,36704,208,208,0,105,0,1254,212
 72175,0,36904,1169,848,1904,2379,529,36307,35789,0,0,519,1365,0,2627,1288,640,1149,103,410,0,0,0,1246,36704,208,208,0,105,0,1254,212
 72180,0,36904,1169,848,1904,2379,529,36307,35789,0,0,519,1365,0,2627,1288,640,1149,103,410,0,0,0,1246,36704,208,208,0,105,0,1254,212
 72185,0,36904,1169,848,1904,2379,529,36307,35789,0,0,519,1365,0,2627,1288,640,1149,103,410,0,0,0,1246,36704,208,208,0,105,0,1254,212
 72190,0,36904,1169,848,1904,2379,529,36307,35789,0,0,519,1365,0,2627,1288,640,1149,103,410,0,0,0,1246,36704,208,208,0,105,0,1254,212
 72195,0,36904,1169,848,1904,2379,529,36307,35789,0,0,519,1365,0,2627,1288,640,1149,103,410,0,0,0,1246,36704,208,208,0,105,0,1254,212
 72200,0,36904,1169,848,1904,2379,529,36307,35791,0,0,519,1365,0,2627,1288,640,1149,103,410,0,0,0,1246,36704,208,208,0,105,0,1254,212
 72205,0,36904,1169,848,1904,2379,529,36307,35796,0,0,519,1365,0,2627,1288,640,1149,103,410,0,0,0,1246,36709,208,208,0,105,0,1254,212
 72210,0,36904,1169,848,1904,2379,529,36307,35801,0,0,519,1365,0,2627,1288,640,1149,103,410,0,0,0,1246,36714,208,208,0,105,0,1254,212
 72215,0,36904,1169,848,1904,2379,529,36310,35806,0,0,519,1365,0,2627,1288,640,1149,103,410,0,0,0,1246,36719,208,208,0,105,0,1254,212
 72220,0,36904,1169,848,1904,2379,529,36315,35811,0,0,519,1365,0,2627,1288,640,1149,103,410,0,0,0,1246,36724,208,208,0,105,0,1254,212
 72225,0,36904,1169,848,1904,2379,529,36320,35816,0,0,519,1365,0,2627,1288,640,1149,103,410,0,0,0,1246,36729,208,208,0,105,0,1254,212
 72230,0,36904,1169,848,1904,2379,529,36325,35821,0,0,519,1365,0,2627,1288,640,1149,103,410,0,0,0,1246,36734,208,208,0,105,0,1254,212
 72235,0,36904,1169,848,1904,2379,529,36330,35826,0,0,519,1365,0,2627,1288,640,1149,103,410,0,0,0,1246,36739,208,208,0,105,0,1254,212
 72240,0,36904,1169,848,1904,2379,529,36335,35831,0,0,519,1365,0,2627,1288,640,1149,103,410,0,0,0,1246,36744,208,208,0,105,0,1254,212
 72245,0,36904,1169,848,1904,2379,529,36340,35836,0,0,519,1365,0,2627,1288,640,1149,103,410,0,0,0,1246,36749,208,208,0,105,0,1254,212
 72250,0,36904,1169,848,1904,2379,529,36345,35841,0,0,519,1365,0,2627,1288,640,1149,103,410,0,0,0,1246,36754,208,208,0,105,0,1254,212
 72255,0,36904,1169,848,1904,2379,529,36350,35846,0,0,519,1365,0,2627,1288,640,1149,103,410,0,0,0,1246,36759,208,208,0,105,0,1254,212
 72260,0,36904,1169,848,1904,2379,529,36355,35851,0,0,519,1365,0,2627,1288,640,1149,103,410,0,0,0,1246,36764,208,208,0,105,0,1254,212
 72265,0,36904,1169,848,1904,2379,529,36360,35856,0,0,519,1365,0,2627,1288,640,1149,103,410,0,0,0,1246,36769,208,208,0,105,0,1254,212
 72270,0,36904,1169,848,1904,2379,529,36365,35861,0,0,519,1365,0,2627,1288,640,1149,103,410,0,0,0,1246,36774,208,208,0,105,0,1254,212
 72275,0,36904,1169,848,1904,2379,529,36370,35866,0,0,519,1365,0,2627,1288,640,1149,103,410,0,0,0,1246,36779,208,208,0,105,0,1254,212
 72280,0,36904,1169,848,1904,2379,529,36375,35871,0,0,519,1365,0,2627,1288,640,1149,103,410,0,0,0,1246,36784,208,208,0,105,0,1254,212
 72285,0,36904,1169,848,1904,2379,529,36380,35876,0,0,519,1365,0,2627,1288,640,1149,103,410,0,0,0,1246,36789,208,208,0,105,0,1254,212
 72290,0,36904,1169,848,1904,2379,529,36385,35881,0,0,519,1365,0,2627,1288,640,1149,103,410,0,0,0,1246,36794,208,208,0,105,0,1254,212
 72295,0,36904,1169,848,1904,2379,529,36390,35886,0,0,519,1365,0,2627,1288,640,1149,103,410,0,0,0,1246,36799,208,208,0,105,0,1254,212
 72300,0,36904,1169,848,1904,2379,529,36395,35892,0,0,519,1365,0,2627,1288,640,1149,103,410,0,0,0,1246,36804,208,208,0,105,0,1254,212
 72305,0,36904,1169,848,1904,2379,529,36400,35892,0,0,519,1365,0,2627,1288,640,1149,103,410,0,0,0,1246,36807,208,208,0,105,0,1254,212
 72310,0,36904,1169,848,1904,2379,529,36405,35892,0,0,519,1365,0,2627,1288,640,1149,103,410,0,0,0,1246,36807,208,208,0,105,0,1254,212
 72315,0,36904,1169,848,1904,2379,529,36410,35892,0,0,519,1365,0,2627,1288,640,1149,103,410,0,0,0,1246,36807,208,208,0,105,0,1254,212
 72320,0,36904,1169,848,1904,2379,529,36414,35892,0,0,519,1365,0,2627,1288,640,1149,103,410,0,0,0,1246,36807,208,208,0,105,0,1254,212
 72325,0,36904,1169,848,1904,2379,529,36414,35892,0,0,519,1365,0,2627,1288,640,1149,103,410,0,0,0,1246,36807,208,208,0,105,0,1254,212
 72330,0,36904,1169,848,1904,2379,529,36414,35892,0,0,519,1365,0,2627,1288,640,1149,103,410,0,0,0,1246,36807,208,208,0,105,0,1254,212
 72335,0,36904,1169,848,1904,2379,529,36414,35892,0,0,519,1365,0,2627,1288,640,1149,103,410,0,0,0,1246,36807,208,208,0,105,0,1254,212
 72340,0,36905,1169,848,1904,2379,529,36414,35892,0,0,519,1365,0,2627,1288,640,1149,103,410,0,0,0,1246,36807,208,208,0,105,0,1254,212
 72345,0,36910,1169,848,1904,2379,529,36414,35892,0,0,519,1365,0,2627,1288,640,1149,103,410,0,0,0,1246,36807,208,208,0,105,0,1254,212
 72350,0,36915,1169,848,1904,2379,529,36414,35892,0,0,519,1365,0,2627,1288,640,1149,103,410,0,0,0,1246,36807,208,208,0,105,0,1254,212
 72355,0,36920,1169,848,1904,2379,529,36414,35892,0,0,519,1365,0,2627,1288,640,1149,103,410,0,0,0,1246,36807,208,208,0,105,0,1254,212
 72360,0,36925,1169,848,1904,2379,529,36414,35892,0,0,519,1365,0,2627,1288,640,1149,103,410,0,0,0,1246,36807,208,208,0,105,0,1254,212
 72365,0,36930,1169,848,1904,2379,529,36414,35892,0,0,519,1365,0,2627,1288,640,1149,103,410,0,0,0,1246,36807,208,208,0,105,0,1254,212
 72370,0,36935,1169,848,1904,2379,529,36414,35892,0,0,519,1365,0,2627,1288,640,1149,103,410,0,0,0,1246,36807,208,208,0,105,0,1254,212
 72375,0,36940,1169,848,1904,2379,529,36414,35892,0,0,519,1365,0,2627,1288,640,1149,103,410,0,0,0,1246,36807,208,208,0,105,0,1254,212
 72380,0,36945,1169,848,1904,2379,529,36414,35892,0,0,519,1365,0,2627,1288,640,1149,103,410,0,0,0,1246,36807,208,208,0,105,0,1254,212
 72385,0,36950,1169,848,1904,2379,529,36414,35892,0,0,519,1365,0,2627,1288,640,1149,103,410,0,0,0,1246,36807,208,208,0,105,0,1254,212
 72390,0,36955,1169,848,1904,2379,529,36414,35895,0,0,519,1365,0,2627,1288,640,1149,103,410,0,0,0,1246,36807,208,208,0,105,0,1254,212
 72395,0,36960,1169,848,1904,2379,529,36417,35900,0,0,519,1365,0,2627,1288,640,1149,103,410,0,0,0,1246,36807,208,208,0,105,0,1254,212
 72400,0,36965,1169,848,1904,2379,529,36422,35905,0,0,519,1365,0,2627,1288,640,1149,103,410,0,0,0,1246,36807,208,208,0,105,0,1254,212
 72405,0,36970,1169,848,1904,2379,529,36427,35910,0,0,519,1365,0,2627,1288,640,1149,103,410,0,0,0,1246,36806,208,208,0,105,0,1254,212
 72410,0,36975,1169,848,1904,2379,529,36432,35915,0,0,519,1365,0,2627,1288,640,1149,103,410,0,0,0,1246,36811,208,208,0,105,0,1254,212
 72415,0,36980,1169,848,1904,2379,529,36437,35920,0,0,519,1365,0,2627,1288,640,1149,103,410,0,0,0,1246,36816,208,208,0,105,0,1254,212
 72420,0,36985,1169,848,1904,2379,529,36442,35925,0,0,519,1365,0,2627,1288,640,1149,103,410,0,0,0,1246,36821,208,208,0,105,0,1254,212
 72425,0,36990,1169,848,1904,2379,529,36447,35930,0,0,519,1365,0,2627,1288,640,1149,103,410,0,0,0,1246,36826,208,208,0,105,0,1254,212
 72430,0,36995,1169,848,1904,2379,529,36452,35935,0,0,519,1365,0,2627,1288,640,1149,103,410,0,0,0,1246,36831,208,208,0,105,0,1254,212
 72435,0,37000,1169,848,1904,2379,529,36457,35940,0,0,519,1365,0,2627,1288,640,1149,103,410,0,0,0,1246,36836,208,208,0,105,0,1254,212
 72440,0,37005,1169,848,1904,2379,529,36462,35945,0,0,519,1365,0,2627,1288,640,1149,103,410,0,0,0,1246,36841,208,208,0,105,0,1254,212
 72445,0,37009,1169,848,1904,2379,529,36467,35950,0,0,519,1365,0,2627,1288,640,1149,103,410,0,0,0,1246,36846,208,208,0,105,0,1254,212
 72450,0,37009,1169,848,1904,2379,529,36472,35955,0,0,519,1365,0,2627,1288,640,1149,103,410,0,0,0,1246,36851,208,208,0,105,0,1254,212
 72455,0,37009,1169,848,1904,2379,529,36477,35960,0,0,519,1365,0,2627,1288,640,1149,103,410,0,0,0,1246,36856,208,208,0,105,0,1254,212
 72460,0,37009,1169,848,1904,2379,529,36482,35965,0,0,519,1365,0,2627,1288,640,1149,103,410,0,0,0,1246,36861,208,208,0,105,0,1254,212
 72465,0,37009,1169,848,1904,2379,529,36487,35970,0,0,519,1365,0,2627,1288,640,1149,103,410,0,0,0,1246,36866,208,208,0,105,0,1254,212
 72470,0,37009,1169,848,1904,2379,529,36492,35975,0,0,519,1365,0,2627,1288,640,1149,103,410,0,0,0,1246,36871,208,208,0,105,0,1254,212
 72475,0,37009,1169,848,1904,2379,529,36497,35980,0,0,519,1365,0,2627,1288,640,1149,103,410,0,0,0,1246,36876,208,208,0,105,0,1254,212
 72480,0,37009,1169,848,1904,2379,529,36502,35985,0,0,519,1365,0,2627,1288,640,1149,103,410,0,0,0,1246,36881,208,208,0,105,0,1254,212
 72485,0,37009,1169,848,1904,2379,529,36507,35990,0,0,519,1365,0,2627,1288,640,1149,103,410,0,0,0,1246,36886,208,208,0,105,0,1254,212
 72490,0,37009,1169,848,1904,2379,529,36512,35995,0,0,519,1365,0,2627,1288,640,1149,103,410,0,0,0,1246,36891,208,208,0,105,0,1254,212
 72495,0,37009,1169,848,1904,2379,529,36515,35995,0,0,519,1365,0,2627,1288,640,1149,103,410,0,0,0,1246,36896,208,208,0,105,0,1254,212
 72500,0,37009,1169,848,1904,2379,529,36515,35995,0,0,519,1365,0,2627,1288,640,1149,103,410,0,0,0,1246,36901,208,208,0,105,0,1254,212
 72505,0,37011,1169,848,1904,2379,529,36515,35995,0,0,519,1365,0,2627,1288,640,1149,103,410,0,0,0,1246,36906,208,208,0,105,0,1254,212
 72510,0,37016,1169,848,1904,2379,529,36515,35995,0,0,519,1365,0,2627,1288,640,1149,103,410,0,0,0,1246,36910,208,208,0,105,0,1254,212
 72515,0,37021,1169,848,1904,2379,529,36515,35995,0,0,519,1365,0,2627,1288,640,1149,103,410,0,0,0,1246,36910,208,208,0,105,0,1254,212
 72520,0,37026,1169,848,1904,2379,529,36515,35995,0,0,519,1365,0,2627,1288,640,1149,103,410,0,0,0,1246,36910,208,208,0,105,0,1254,212
 72525,0,37031,1169,848,1904,2379,529,36515,35995,0,0,519,1365,0,2627,1288,640,1149,103,410,0,0,0,1246,36910,208,208,0,105,0,1254,212
 72530,0,37036,1169,848,1904,2379,529,36515,35995,0,0,519,1365,0,2627,1288,640,1149,103,410,0,0,0,1246,36910,208,208,0,105,0,1254,212
 72535,0,37041,1169,848,1904,2379,529,36515,35995,0,0,519,1365,0,2627,1288,640,1149,103,410,0,0,0,1246,36910,208,208,0,105,0,1254,212
 72540,0,37046,1169,848,1904,2379,529,36515,35995,0,0,519,1365,0,2627,1288,640,1149,103,410,0,0,0,1246,36910,208,208,0,105,0,1254,212
 72545,0,37051,1169,848,1904,2379,529,36515,35995,0,0,519,1365,0,2627,1288,640,1149,103,410,0,0,0,1246,36910,208,208,0,105,0,1254,212
 72550,0,37056,1169,848,1904,2379,529,36515,35995,0,0,519,1365,0,2627,1288,640,1149,103,410,0,0,0,1246,36910,208,208,0,105,0,1254,212
 72555,0,37061,1169,848,1904,2379,529,36515,35995,0,0,519,1365,0,2627,1288,640,1149,103,410,0,0,0,1246,36910,208,208,0,105,0,1254,212
 72560,0,37066,1169,848,1904,2379,529,36515,35995,0,0,519,1365,0,2627,1288,640,1149,103,410,0,0,0,1246,36910,208,208,0,105,0,1254,212
 72565,0,37071,1169,848,1904,2379,529,36515,35995,0,0,519,1365,0,2627,1288,640,1149,103,410,0,0,0,1246,36910,208,208,0,105,0,1254,212
 72570,0,37076,1169,848,1904,2379,529,36515,35995,0,0,519,1365,0,2627,1288,640,1149,103,410,0,0,0,1246,36913,208,208,0,105,0,1254,212
 72575,0,37081,1169,848,1904,2379,529,36515,35995,0,0,519,1365,0,2627,1288,640,1149,103,410,0,0,0,1246,36918,208,208,0,105,0,1254,212
 72580,0,37086,1169,848,1904,2379,529,36515,35997,0,0,519,1365,0,2627,1288,640,1149,103,410,0,0,0,1246,36923,208,208,0,105,0,1254,212
 72585,0,37091,1169,848,1904,2379,529,36515,36002,0,0,519,1365,0,2627,1288,640,1149,103,410,0,0,0,1246,36928,208,208,0,105,0,1254,212
 72590,0,37096,1169,848,1904,2379,529,36514,36007,0,0,519,1365,0,2627,1288,640,1149,103,410,0,0,0,1246,36933,208,208,0,105,0,1254,212
 72595,0,37101,1169,848,1904,2379,529,36519,36012,0,0,519,1365,0,2627,1288,640,1149,103,410,0,0,0,1246,36938,208,208,0,105,0,1254,212
 72600,0,37106,1169,848,1904,2379,529,36524,36017,0,0,519,1365,0,2627,1288,640,1149,103,410,0,0,0,1246,36943,208,208,0,105,0,1254,212
 72605,0,37111,1169,848,1904,2379,529,36529,36022,0,0,519,1365,0,2627,1288,640,1149,103,410,0,0,0,1246,36948,208,208,0,105,0,1254,212
 72610,0,37116,1169,848,1904,2379,529,36534,36027,0,0,519,1365,0,2627,1288,640,1149,103,410,0,0,0,1246,36953,208,208,0,105,0,1254,212
 72615,0,37116,1169,848,1904,2379,529,36539,36032,0,0,519,1365,0,2627,1288,640,1149,103,410,0,0,0,1246,36958,208,208,0,105,0,1254,212
 72620,0,37116,1169,848,1904,2379,529,36544,36037,0,0,519,1365,0,2627,1288,640,1149,103,410,0,0,0,1246,36963,208,208,0,105,0,1254,212
 72625,0,37116,1169,848,1904,2379,529,36549,36042,0,0,519,1365,0,2627,1288,640,1149,103,410,0,0,0,1246,36968,208,208,0,105,0,1254,212
 72630,0,37116,1169,848,1904,2379,529,36554,36047,0,0,519,1365,0,2627,1288,640,1149,103,410,0,0,0,1246,36973,208,208,0,105,0,1254,212
 72635,0,37116,1169,848,1904,2379,529,36559,36052,0,0,519,1365,0,2627,1288,640,1149,103,410,0,0,0,1246,36978,208,208,0,105,0,1254,212
 72640,0,37116,1169,848,1904,2379,529,36564,36057,0,0,519,1365,0,2627,1288,640,1149,103,410,0,0,0,1246,36983,208,208,0,105,0,1254,212
 72645,0,37116,1169,848,1904,2379,529,36569,36062,0,0,519,1365,0,2627,1288,640,1149,103,410,0,0,0,1246,36988,208,208,0,105,0,1254,212
 72650,0,37116,1169,848,1904,2379,529,36574,36067,0,0,519,1365,0,2627,1288,640,1149,103,410,0,0,0,1246,36993,208,208,0,105,0,1254,212
 72655,0,37116,1169,848,1904,2379,529,36579,36072,0,0,519,1365,0,2627,1288,640,1149,103,410,0,0,0,1246,36998,208,208,0,105,0,1254,212
 72660,0,37116,1169,848,1904,2379,529,36584,36077,0,0,519,1365,0,2627,1288,640,1149,103,410,0,0,0,1246,37003,208,208,0,105,0,1254,212
 72665,0,37116,1169,848,1904,2379,529,36589,36082,0,0,519,1365,0,2627,1288,640,1149,103,410,0,0,0,1246,37008,208,208,0,105,0,1254,212
 72670,0,37116,1169,848,1904,2379,529,36594,36087,0,0,519,1365,0,2627,1288,640,1149,103,410,0,0,0,1246,37013,208,208,0,105,0,1254,212
 72675,0,37116,1169,848,1904,2379,529,36599,36092,0,0,519,1365,0,2627,1288,640,1149,103,410,0,0,0,1246,37015,208,208,0,105,0,1254,212
 72680,0,37116,1169,848,1904,2379,529,36604,36097,0,0,519,1365,0,2627,1288,640,1149,103,410,0,0,0,1246,37015,208,208,0,105,0,1254,212
 72685,0,37116,1169,848,1904,2379,529,36609,36102,0,0,519,1365,0,2627,1288,640,1149,103,410,0,0,0,1246,37015,208,208,0,105,0,1254,212
 72690,0,37116,1169,848,1904,2379,529,36614,36102,0,0,519,1365,0,2627,1288,640,1149,103,410,0,0,0,1246,37015,208,208,0,105,0,1254,212
 72695,0,37116,1169,848,1904,2379,529,36619,36102,0,0,519,1365,0,2627,1288,640,1149,103,410,0,0,0,1246,37015,208,208,0,105,0,1254,212
 72700,0,37116,1169,848,1904,2379,529,36622,36102,0,0,519,1365,0,2627,1288,640,1149,103,410,0,0,0,1246,37015,208,208,0,105,0,1254,212
 72705,0,37116,1169,848,1904,2379,529,36622,36102,0,0,519,1365,0,2627,1288,640,1149,103,410,0,0,0,1246,37015,208,208,0,105,0,1254,212
 72710,0,37117,1169,848,1904,2379,529,36622,36102,0,0,519,1365,0,2627,1288,640,1149,103,410,0,0,0,1246,37015,208,208,0,105,0,1254,212
 72715,0,37122,1169,848,1904,2379,529,36622,36102,0,0,519,1365,0,2627,1288,640,1149,103,410,0,0,0,1246,37015,208,208,0,105,0,1254,212
 72720,0,37127,1169,848,1904,2379,529,36622,36102,0,0,519,1365,0,2627,1288,640,1149,103,410,0,0,0,1246,37015,208,208,0,105,0,1254,212
 72725,0,37132,1169,848,1904,2379,529,36622,36102,0,0,519,1365,0,2627,1288,640,1149,103,410,0,0,0,1246,37015,208,208,0,105,0,1254,212
 72730,0,37137,1169,848,1904,2379,529,36622,36102,0,0,519,1365,0,2627,1288,640,1149,103,410,0,0,0,1246,37015,208,208,0,105,0,1254,212
 72735,0,37142,1169,848,1904,2379,529,36622,36102,0,0,519,1365,0,2627,1288,640,1149,103,410,0,0,0,1246,37015,208,208,0,105,0,1254,212
 72740,0,37147,1169,848,1904,2379,529,36622,36102,0,0,519,1365,0,2627,1288,640,1149,103,410,0,0,0,1246,37015,208,208,0,105,0,1254,212
 72745,0,37152,1169,848,1904,2379,529,36622,36102,0,0,519,1365,0,2627,1288,640,1149,103,410,0,0,0,1246,37015,208,208,0,105,0,1254,212
 72750,0,37157,1169,848,1904,2379,529,36622,36102,0,0,519,1365,0,2627,1288,640,1149,103,410,0,0,0,1246,37015,208,208,0,105,0,1254,212
 72755,0,37162,1169,848,1904,2379,529,36622,36102,0,0,519,1365,0,2627,1288,640,1149,103,410,0,0,0,1246,37015,208,208,0,105,0,1254,212
 72760,0,37167,1169,848,1904,2379,529,36622,36102,0,0,519,1365,0,2627,1288,640,1149,103,410,0,0,0,1246,37015,208,208,0,105,0,1254,212
 72765,0,37172,1169,848,1904,2379,529,36622,36102,0,0,519,1365,0,2627,1288,640,1149,103,410,0,0,0,1246,37015,208,208,0,105,0,1254,212
 72770,0,37177,1169,848,1904,2379,529,36622,36102,0,0,519,1365,0,2627,1288,640,1149,103,410,0,0,0,1246,37014,208,208,0,105,0,1254,212
 72775,0,37182,1169,848,1904,2379,529,36622,36102,0,0,519,1365,0,2627,1288,640,1149,103,410,0,0,0,1246,37019,208,208,0,105,0,1254,212
 72780,0,37187,1169,848,1904,2379,529,36622,36102,0,0,519,1365,0,2627,1288,640,1149,103,410,0,0,0,1246,37024,208,208,0,105,0,1254,212
 72785,0,37192,1169,848,1904,2379,529,36622,36104,0,0,519,1365,0,2627,1288,640,1149,103,410,0,0,0,1246,37029,208,208,0,105,0,1254,212
 72790,0,37197,1169,848,1904,2379,529,36622,36109,0,0,519,1365,0,2627,1288,640,1149,103,410,0,0,0,1246,37034,208,208,0,105,0,1254,212
 72795,0,37202,1169,848,1904,2379,529,36622,36114,0,0,519,1365,0,2627,1288,640,1149,103,410,0,0,0,1246,37039,208,208,0,105,0,1254,212
 72800,0,37207,1169,848,1904,2379,529,36622,36119,0,0,519,1365,0,2627,1288,640,1149,103,410,0,0,0,1246,37044,208,208,0,105,0,1254,212
 72805,0,37212,1169,848,1904,2379,529,36622,36124,0,0,519,1365,0,2627,1288,640,1149,103,410,0,0,0,1246,37049,208,208,0,105,0,1254,212
 72810,0,37217,1169,848,1904,2379,529,36622,36129,0,0,519,1365,0,2627,1288,640,1149,103,410,0,0,0,1246,37054,208,208,0,105,0,1254,212
 72815,0,37217,1169,848,1904,2379,529,36622,36134,0,0,519,1365,0,2627,1288,640,1149,103,410,0,0,0,1246,37059,208,208,0,105,0,1254,212
 72820,0,37217,1169,848,1904,2379,529,36622,36139,0,0,519,1365,0,2627,1288,640,1149,103,410,0,0,0,1246,37064,208,208,0,105,0,1254,212
 72825,0,37217,1169,848,1904,2379,529,36622,36144,0,0,519,1365,0,2627,1288,640,1149,103,410,0,0,0,1246,37069,208,208,0,105,0,1254,212
 72830,0,37216,1169,848,1904,2379,529,36622,36149,0,0,519,1365,0,2627,1288,640,1149,103,410,0,0,0,1246,37074,208,208,0,105,0,1254,212
 72835,0,37221,1169,848,1904,2379,529,36623,36154,0,0,519,1365,0,2627,1288,640,1149,103,410,0,0,0,1246,37079,208,208,0,105,0,1254,212
 72840,0,37226,1169,848,1904,2379,529,36628,36159,0,0,519,1365,0,2627,1288,640,1149,103,410,0,0,0,1246,37084,208,208,0,105,0,1254,212
 72845,0,37231,1169,848,1904,2379,529,36633,36164,0,0,519,1365,0,2627,1288,640,1149,103,410,0,0,0,1246,37089,208,208,0,105,0,1254,212
 72850,0,37236,1169,848,1904,2379,529,36638,36169,0,0,519,1365,0,2627,1288,640,1149,103,410,0,0,0,1246,37094,208,208,0,105,0,1254,212
 72855,0,37241,1169,848,1904,2379,529,36643,36174,0,0,519,1365,0,2627,1288,640,1149,103,410,0,0,0,1246,37099,208,208,0,105,0,1254,212
 72860,0,37246,1169,848,1904,2379,529,36648,36179,0,0,519,1365,0,2627,1288,640,1149,103,410,0,0,0,1246,37104,208,208,0,105,0,1254,212
 72865,0,37251,1169,848,1904,2379,529,36653,36184,0,0,519,1365,0,2627,1288,640,1149,103,410,0,0,0,1246,37109,208,208,0,105,0,1254,212
 72870,0,37256,1169,848,1904,2379,529,36658,36189,0,0,519,1365,0,2627,1288,640,1149,103,410,0,0,0,1246,37114,208,208,0,105,0,1254,212
 72875,0,37261,1169,848,1904,2379,529,36663,36194,0,0,519,1365,0,2627,1288,640,1149,103,410,0,0,0,1246,37118,208,208,0,105,0,1254,212
 72880,0,37266,1169,848,1904,2379,529,36668,36199,0,0,519,1365,0,2627,1288,640,1149,103,410,0,0,0,1246,37118,208,208,0,105,0,1254,212
 72885,0,37271,1169,848,1904,2379,529,36673,36204,0,0,519,1365,0,2627,1288,640,1149,103,410,0,0,0,1246,37118,208,208,0,105,0,1254,212
 72890,0,37276,1169,848,1904,2379,529,36678,36207,0,0,519,1365,0,2627,1288,640,1149,103,410,0,0,0,1246,37118,208,208,0,105,0,1254,212
 72895,0,37281,1169,848,1904,2379,529,36683,36207,0,0,519,1365,0,2627,1288,640,1149,103,410,0,0,0,1246,37118,208,208,0,105,0,1254,212
 72900,0,37286,1169,848,1904,2379,529,36688,36207,0,0,519,1365,0,2627,1288,640,1149,103,410,0,0,0,1246,37118,208,208,0,105,0,1254,212
 72905,0,37291,1169,848,1904,2379,529,36693,36207,0,0,519,1365,0,2627,1288,640,1149,103,410,0,0,0,1246,37118,208,208,0,105,0,1254,212
 72910,0,37296,1169,848,1904,2379,529,36698,36207,0,0,519,1365,0,2627,1288,640,1149,103,410,0,0,0,1246,37118,208,208,0,105,0,1254,212
 72915,0,37301,1169,848,1904,2379,529,36703,36207,0,0,519,1365,0,2627,1288,640,1149,103,410,0,0,0,1246,37118,208,208,0,105,0,1254,212
 72920,0,37306,1169,848,1904,2379,529,36708,36207,0,0,519,1365,0,2627,1288,640,1149,103,410,0,0,0,1246,37118,208,208,0,105,0,1254,212
 72925,0,37311,1169,848,1904,2379,529,36713,36207,0,0,519,1365,0,2627,1288,640,1149,103,410,0,0,0,1246,37118,208,208,0,105,0,1254,212
 72930,0,37316,1169,848,1904,2379,529,36718,36207,0,0,519,1365,0,2627,1288,640,1149,103,410,0,0,0,1246,37118,208,208,0,105,0,1254,212
 72935,0,37322,1169,848,1904,2379,529,36723,36207,0,0,519,1365,0,2627,1288,640,1149,103,410,0,0,0,1246,37118,208,208,0,105,0,1254,212
 72940,0,37322,1169,848,1904,2379,529,36725,36207,0,0,519,1365,0,2627,1288,640,1149,103,410,0,0,0,1246,37118,208,208,0,105,0,1254,212
 72945,0,37322,1169,848,1904,2379,529,36725,36207,0,0,519,1365,0,2627,1288,640,1149,103,410,0,0,0,1246,37118,208,208,0,105,0,1254,212
 72950,0,37322,1169,848,1904,2379,529,36725,36207,0,0,519,1365,0,2627,1288,640,1149,103,410,0,0,0,1246,37118,208,208,0,105,0,1254,212
 72955,0,37322,1169,848,1904,2379,529,36725,36207,0,0,519,1365,0,2627,1288,640,1149,103,410,0,0,0,1246,37118,208,208,0,105,0,1254,212
 72960,0,37322,1169,848,1904,2379,529,36725,36207,0,0,519,1365,0,2627,1288,640,1149,103,410,0,0,0,1246,37118,208,208,0,105,0,1254,212
 72965,0,37322,1169,848,1904,2379,529,36725,36207,0,0,519,1365,0,2627,1288,640,1149,103,410,0,0,0,1246,37118,208,208,0,105,0,1254,212
 72970,0,37322,1169,848,1904,2379,529,36725,36207,0,0,519,1365,0,2627,1288,640,1149,103,410,0,0,0,1246,37118,208,208,0,105,0,1254,212
 72975,0,37322,1169,848,1904,2379,529,36725,36207,0,0,519,1365,0,2627,1288,640,1149,103,410,0,0,0,1246,37118,208,208,0,105,0,1254,212
 72980,0,37322,1169,848,1904,2379,529,36725,36207,0,0,519,1365,0,2627,1288,640,1149,103,410,0,0,0,1246,37118,208,208,0,105,0,1254,212
 72985,0,37322,1169,848,1904,2379,529,36725,36207,0,0,519,1365,0,2627,1288,640,1149,103,410,0,0,0,1246,37121,208,208,0,105,0,1254,212
 72990,0,37322,1169,848,1904,2379,529,36725,36207,0,0,519,1365,0,2627,1288,640,1149,103,410,0,0,0,1246,37126,208,208,0,105,0,1254,212
 72995,0,37322,1169,848,1904,2379,529,36725,36207,0,0,519,1365,0,2627,1288,640,1149,103,410,0,0,0,1246,37131,208,208,0,105,0,1254,212
 73000,0,37322,1169,848,1904,2379,529,36725,36207,0,0,519,1365,0,2627,1288,640,1149,103,410,0,0,0,1246,37136,208,208,0,105,0,1254,212
 73005,0,37322,1169,848,1904,2379,529,36725,36207,0,0,519,1365,0,2627,1288,640,1149,103,410,0,0,0,1246,37141,208,208,0,105,0,1254,212
 73010,0,37323,1169,848,1904,2379,529,36725,36209,0,0,519,1365,0,2627,1288,640,1149,103,410,0,0,0,1246,37146,208,208,0,105,0,1254,212
 73015,0,37328,1169,848,1904,2379,529,36725,36214,0,0,519,1365,0,2627,1288,640,1149,103,410,0,0,0,1246,37151,208,208,0,105,0,1254,212
 73020,0,37333,1169,848,1904,2379,529,36728,36219,0,0,519,1365,0,2627,1288,640,1149,103,410,0,0,0,1246,37156,208,208,0,105,0,1254,212
 73025,0,37338,1169,848,1904,2379,529,36733,36224,0,0,519,1365,0,2627,1288,640,1149,103,410,0,0,0,1246,37161,208,208,0,105,0,1254,212
 73030,0,37343,1169,848,1904,2379,529,36738,36229,0,0,519,1365,0,2627,1288,640,1149,103,410,0,0,0,1246,37166,208,208,0,105,0,1254,212
 73035,0,37348,1169,848,1904,2379,529,36743,36234,0,0,519,1365,0,2627,1288,640,1149,103,410,0,0,0,1246,37171,208,208,0,105,0,1254,212
 73040,0,37353,1169,848,1904,2379,529,36748,36239,0,0,519,1365,0,2627,1288,640,1149,103,410,0,0,0,1246,37176,208,208,0,105,0,1254,212
 73045,0,37358,1169,848,1904,2379,529,36753,36244,0,0,519,1365,0,2627,1288,640,1149,103,410,0,0,0,1246,37181,208,208,0,105,0,1254,212
 73050,0,37363,1169,848,1904,2379,529,36758,36249,0,0,519,1365,0,2627,1288,640,1149,103,410,0,0,0,1246,37186,208,208,0,105,0,1254,212
 73055,0,37368,1169,848,1904,2379,529,36763,36254,0,0,519,1365,0,2627,1288,640,1149,103,410,0,0,0,1246,37191,208,208,0,105,0,1254,212
 73060,0,37373,1169,848,1904,2379,529,36768,36259,0,0,519,1365,0,2627,1288,640,1149,103,410,0,0,0,1246,37196,208,208,0,105,0,1254,212
 73065,0,37378,1169,848,1904,2379,529,36773,36264,0,0,519,1365,0,2627,1288,640,1149,103,410,0,0,0,1246,37201,208,208,0,105,0,1254,212
 73070,0,37383,1169,848,1904,2379,529,36778,36269,0,0,519,1365,0,2627,1288,640,1149,103,410,0,0,0,1246,37206,208,208,0,105,0,1254,212
 73075,0,37388,1169,848,1904,2379,529,36783,36274,0,0,519,1365,0,2627,1288,640,1149,103,410,0,0,0,1246,37211,208,208,0,105,0,1254,212
 73080,0,37393,1169,848,1904,2379,529,36788,36279,0,0,519,1365,0,2627,1288,640,1149,103,410,0,0,0,1246,37216,208,208,0,105,0,1254,212
 73085,0,37398,1169,848,1904,2379,529,36793,36284,0,0,519,1365,0,2627,1288,640,1149,103,410,0,0,0,1246,37221,208,208,0,105,0,1254,212
 73090,0,37403,1169,848,1904,2379,529,36798,36289,0,0,519,1365,0,2627,1288,640,1149,103,410,0,0,0,1246,37225,208,208,0,105,0,1254,212
 73095,0,37408,1169,848,1904,2379,529,36803,36294,0,0,519,1365,0,2627,1288,640,1149,103,410,0,0,0,1246,37225,208,208,0,105,0,1254,212
 73100,0,37413,1169,848,1904,2379,529,36808,36299,0,0,519,1365,0,2627,1288,640,1149,103,410,0,0,0,1246,37224,208,208,0,105,0,1254,212
 73105,0,37418,1169,848,1904,2379,529,36813,36304,0,0,519,1365,0,2627,1288,640,1149,103,410,0,0,0,1246,37229,208,208,0,105,0,1254,212
 73110,0,37423,1169,848,1904,2379,529,36818,36308,0,0,519,1365,0,2627,1288,640,1149,103,410,0,0,0,1246,37234,208,208,0,105,0,1254,212
 73115,0,37425,1169,848,1904,2379,529,36823,36308,0,0,519,1365,0,2627,1288,640,1149,103,410,0,0,0,1246,37239,208,208,0,105,0,1254,212
 73120,0,37425,1169,848,1904,2379,529,36828,36308,0,0,519,1365,0,2627,1288,640,1149,103,410,0,0,0,1246,37244,208,208,0,105,0,1254,212
 73125,0,37425,1169,848,1904,2379,529,36830,36308,0,0,519,1365,0,2627,1288,640,1149,103,410,0,0,0,1246,37249,208,208,0,105,0,1254,212
 73130,0,37425,1169,848,1904,2379,529,36830,36308,0,0,519,1365,0,2627,1288,640,1149,103,410,0,0,0,1246,37254,208,208,0,105,0,1254,212
 73135,0,37425,1169,848,1904,2379,529,36830,36308,0,0,519,1365,0,2627,1288,640,1149,103,410,0,0,0,1246,37259,208,208,0,105,0,1254,212
 73140,0,37425,1169,848,1904,2379,529,36830,36308,0,0,519,1365,0,2627,1288,640,1149,103,410,0,0,0,1246,37264,208,208,0,105,0,1254,212
 73145,0,37425,1169,848,1904,2379,529,36830,36308,0,0,519,1365,0,2627,1288,640,1149,103,410,0,0,0,1246,37269,208,208,0,105,0,1254,212
 73150,0,37425,1169,848,1904,2379,529,36830,36308,0,0,519,1365,0,2627,1288,640,1149,103,410,0,0,0,1246,37274,208,208,0,105,0,1254,212
 73155,0,37425,1169,848,1904,2379,529,36830,36308,0,0,519,1365,0,2627,1288,640,1149,103,410,0,0,0,1246,37279,208,208,0,105,0,1254,212
 73160,0,37425,1169,848,1904,2379,529,36830,36308,0,0,519,1365,0,2627,1288,640,1149,103,410,0,0,0,1246,37284,208,208,0,105,0,1254,212
 73165,0,37425,1169,848,1904,2379,529,36830,36308,0,0,519,1365,0,2627,1288,640,1149,103,410,0,0,0,1246,37289,208,208,0,105,0,1254,212
 73170,0,37425,1169,848,1904,2379,529,36830,36308,0,0,519,1365,0,2627,1288,640,1149,103,410,0,0,0,1246,37294,208,208,0,105,0,1254,212
 73175,0,37425,1169,848,1904,2379,529,36830,36308,0,0,519,1365,0,2627,1288,640,1149,103,410,0,0,0,1246,37299,208,208,0,105,0,1254,212
 73180,0,37425,1169,848,1904,2379,529,36830,36308,0,0,519,1365,0,2627,1288,640,1149,103,410,0,0,0,1246,37304,208,208,0,105,0,1254,212
 73185,0,37425,1169,848,1904,2379,529,36830,36308,0,0,519,1365,0,2627,1288,640,1149,103,410,0,0,0,1246,37309,208,208,0,105,0,1254,212
 73190,0,37426,1169,848,1904,2379,529,36830,36308,0,0,519,1365,0,2627,1288,640,1149,103,410,0,0,0,1246,37314,208,208,0,105,0,1254,212
 73195,0,37431,1169,848,1904,2379,529,36830,36308,0,0,519,1365,0,2627,1288,640,1149,103,410,0,0,0,1246,37319,208,208,0,105,0,1254,212
 73200,0,37436,1169,848,1904,2379,529,36830,36310,0,0,519,1365,0,2627,1288,640,1149,103,410,0,0,0,1246,37324,208,208,0,105,0,1254,212
 73205,0,37441,1169,848,1904,2379,529,36830,36315,0,0,519,1365,0,2627,1288,640,1149,103,410,0,0,0,1246,37328,208,208,0,105,0,1254,212
 73210,0,37446,1169,848,1904,2379,529,36830,36320,0,0,519,1365,0,2627,1288,640,1149,103,410,0,0,0,1246,37328,208,208,0,105,0,1254,212
 73215,0,37451,1169,848,1904,2379,529,36830,36325,0,0,519,1365,0,2627,1288,640,1149,103,410,0,0,0,1246,37328,208,208,0,105,0,1254,212
 73220,0,37456,1169,848,1904,2379,529,36830,36330,0,0,519,1365,0,2627,1288,640,1149,103,410,0,0,0,1246,37328,208,208,0,105,0,1254,212
 73225,0,37461,1169,848,1904,2379,529,36830,36335,0,0,519,1365,0,2627,1288,640,1149,103,410,0,0,0,1246,37328,208,208,0,105,0,1254,212
 73230,0,37466,1169,848,1904,2379,529,36830,36340,0,0,519,1365,0,2627,1288,640,1149,103,410,0,0,0,1246,37328,208,208,0,105,0,1254,212
 73235,0,37471,1169,848,1904,2379,529,36830,36345,0,0,519,1365,0,2627,1288,640,1149,103,410,0,0,0,1246,37328,208,208,0,105,0,1254,212
 73240,0,37476,1169,848,1904,2379,529,36830,36350,0,0,519,1365,0,2627,1288,640,1149,103,410,0,0,0,1246,37328,208,208,0,105,0,1254,212
 73245,0,37481,1169,848,1904,2379,529,36830,36355,0,0,519,1365,0,2627,1288,640,1149,103,410,0,0,0,1246,37328,208,208,0,105,0,1254,212
 73250,0,37486,1169,848,1904,2379,529,36833,36360,0,0,519,1365,0,2627,1288,640,1149,103,410,0,0,0,1246,37328,208,208,0,105,0,1254,212
 73255,0,37491,1169,848,1904,2379,529,36838,36365,0,0,519,1365,0,2627,1288,640,1149,103,410,0,0,0,1246,37333,208,208,0,105,0,1254,212
 73260,0,37496,1169,848,1904,2379,529,36843,36370,0,0,519,1365,0,2627,1288,640,1149,103,410,0,0,0,1246,37338,208,208,0,105,0,1254,212
 73265,0,37501,1169,848,1904,2379,529,36848,36375,0,0,519,1365,0,2627,1288,640,1149,103,410,0,0,0,1246,37343,208,208,0,105,0,1254,212
 73270,0,37506,1169,848,1904,2379,529,36853,36380,0,0,519,1365,0,2627,1288,640,1149,103,410,0,0,0,1246,37348,208,208,0,105,0,1254,212
 73275,0,37511,1169,848,1904,2379,529,36858,36385,0,0,519,1365,0,2627,1288,640,1149,103,410,0,0,0,1246,37353,208,208,0,105,0,1254,212
 73280,0,37516,1169,848,1904,2379,529,36863,36390,0,0,519,1365,0,2627,1288,640,1149,103,410,0,0,0,1246,37358,208,208,0,105,0,1254,212
 73285,0,37521,1169,848,1904,2379,529,36868,36395,0,0,519,1365,0,2627,1288,640,1149,103,410,0,0,0,1246,37363,208,208,0,105,0,1254,212
 73290,0,37526,1169,848,1904,2379,529,36873,36400,0,0,519,1365,0,2627,1288,640,1149,103,410,0,0,0,1246,37368,208,208,0,105,0,1254,212
 73295,0,37530,1169,848,1904,2379,529,36878,36405,0,0,519,1365,0,2627,1288,640,1149,103,410,0,0,0,1246,37373,208,208,0,105,0,1254,212
 73300,0,37530,1169,848,1904,2379,529,36883,36410,0,0,519,1365,0,2627,1288,640,1149,103,410,0,0,0,1246,37378,208,208,0,105,0,1254,212
 73305,0,37530,1169,848,1904,2379,529,36888,36413,0,0,519,1365,0,2627,1288,640,1149,103,410,0,0,0,1246,37383,208,208,0,105,0,1254,212
 73310,0,37530,1169,848,1904,2379,529,36893,36413,0,0,519,1365,0,2627,1288,640,1149,103,410,0,0,0,1246,37388,208,208,0,105,0,1254,212
 73315,0,37530,1169,848,1904,2379,529,36898,36413,0,0,519,1365,0,2627,1288,640,1149,103,410,0,0,0,1246,37393,208,208,0,105,0,1254,212
 73320,0,37530,1169,848,1904,2379,529,36903,36413,0,0,519,1365,0,2627,1288,640,1149,103,410,0,0,0,1246,37398,208,208,0,105,0,1254,212
 73325,0,37530,1169,848,1904,2379,529,36908,36413,0,0,519,1365,0,2627,1288,640,1149,103,410,0,0,0,1246,37403,208,208,0,105,0,1254,212
 73330,0,37530,1169,848,1904,2379,529,36913,36413,0,0,519,1365,0,2627,1288,640,1149,103,410,0,0,0,1246,37408,208,208,0,105,0,1254,212
 73335,0,37530,1169,848,1904,2379,529,36918,36413,0,0,519,1365,0,2627,1288,640,1149,103,410,0,0,0,1246,37413,208,208,0,105,0,1254,212
 73340,0,37530,1169,848,1904,2379,529,36923,36413,0,0,519,1365,0,2627,1288,640,1149,103,410,0,0,0,1246,37418,208,208,0,105,0,1254,212
 73345,0,37530,1169,848,1904,2379,529,36928,36413,0,0,519,1365,0,2627,1288,640,1149,103,410,0,0,0,1246,37423,208,208,0,105,0,1254,212
 73350,0,37530,1169,848,1904,2379,529,36933,36413,0,0,519,1365,0,2627,1288,640,1149,103,410,0,0,0,1246,37428,208,208,0,105,0,1254,212
 73355,0,37530,1169,848,1904,2379,529,36935,36413,0,0,519,1365,0,2627,1288,640,1149,103,410,0,0,0,1246,37433,208,208,0,105,0,1254,212
 73360,0,37530,1169,848,1904,2379,529,36935,36413,0,0,519,1365,0,2627,1288,640,1149,103,410,0,0,0,1246,37435,208,208,0,105,0,1254,212
 73365,0,37530,1169,848,1904,2379,529,36935,36413,0,0,519,1365,0,2627,1288,640,1149,103,410,0,0,0,1246,37435,208,208,0,105,0,1254,212
 73370,0,37530,1169,848,1904,2379,529,36935,36413,0,0,519,1365,0,2627,1288,640,1149,103,410,0,0,0,1246,37435,208,208,0,105,0,1254,212
 73375,0,37531,1169,848,1904,2379,529,36935,36413,0,0,519,1365,0,2627,1288,640,1149,103,410,0,0,0,1246,37435,208,208,0,105,0,1254,212
 73380,0,37536,1169,848,1904,2379,529,36935,36413,0,0,519,1365,0,2627,1288,640,1149,103,410,0,0,0,1246,37435,208,208,0,105,0,1254,212
 73385,0,37541,1169,848,1904,2379,529,36935,36413,0,0,519,1365,0,2627,1288,640,1149,103,410,0,0,0,1246,37435,208,208,0,105,0,1254,212
 73390,0,37546,1169,848,1904,2379,529,36935,36413,0,0,519,1365,0,2627,1288,640,1149,103,410,0,0,0,1246,37435,208,208,0,105,0,1254,212
 73395,0,37551,1169,848,1904,2379,529,36935,36413,0,0,519,1365,0,2627,1288,640,1149,103,410,0,0,0,1246,37435,208,208,0,105,0,1254,212
 73400,0,37556,1169,848,1904,2379,529,36935,36413,0,0,519,1365,0,2627,1288,640,1149,103,410,0,0,0,1246,37435,208,208,0,105,0,1254,212
 73405,0,37561,1169,848,1904,2379,529,36935,36413,0,0,519,1365,0,2627,1288,640,1149,103,410,0,0,0,1246,37435,208,208,0,105,0,1254,212
 73410,0,37566,1169,848,1904,2379,529,36935,36413,0,0,519,1365,0,2627,1288,640,1149,103,410,0,0,0,1246,37435,208,208,0,105,0,1254,212
 73415,0,37571,1169,848,1904,2379,529,36935,36413,0,0,519,1365,0,2627,1288,640,1149,103,410,0,0,0,1246,37440,208,208,0,105,0,1254,212
 73420,0,37576,1169,848,1904,2379,529,36935,36415,0,0,519,1365,0,2627,1288,640,1149,103,410,0,0,0,1246,37445,208,208,0,105,0,1254,212
 73425,0,37581,1169,848,1904,2379,529,36935,36420,0,0,519,1365,0,2627,1288,640,1149,103,410,0,0,0,1246,37450,208,208,0,105,0,1254,212
 73430,0,37586,1169,848,1904,2379,529,36935,36425,0,0,519,1365,0,2627,1288,640,1149,103,410,0,0,0,1246,37455,208,208,0,105,0,1254,212
 73435,0,37591,1169,848,1904,2379,529,36935,36430,0,0,519,1365,0,2627,1288,640,1149,103,410,0,0,0,1246,37460,208,208,0,105,0,1254,212
 73440,0,37596,1169,848,1904,2379,529,36935,36435,0,0,519,1365,0,2627,1288,640,1149,103,410,0,0,0,1246,37465,208,208,0,105,0,1254,212
 73445,0,37601,1169,848,1904,2379,529,36935,36440,0,0,519,1365,0,2627,1288,640,1149,103,410,0,0,0,1246,37470,208,208,0,105,0,1254,212
 73450,0,37606,1169,848,1904,2379,529,36935,36445,0,0,519,1365,0,2627,1288,640,1149,103,410,0,0,0,1246,37475,208,208,0,105,0,1254,212
 73455,0,37611,1169,848,1904,2379,529,36935,36450,0,0,519,1365,0,2627,1288,640,1149,103,410,0,0,0,1246,37480,208,208,0,105,0,1254,212
 73460,0,37616,1169,848,1904,2379,529,36935,36455,0,0,519,1365,0,2627,1288,640,1149,103,410,0,0,0,1246,37485,208,208,0,105,0,1254,212
 73465,0,37621,1169,848,1904,2379,529,36940,36460,0,0,519,1365,0,2627,1288,640,1149,103,410,0,0,0,1246,37490,208,208,0,105,0,1254,212
 73470,0,37626,1169,848,1904,2379,529,36945,36465,0,0,519,1365,0,2627,1288,640,1149,103,410,0,0,0,1246,37495,208,208,0,105,0,1254,212
 73475,0,37631,1169,848,1904,2379,529,36950,36470,0,0,519,1365,0,2627,1288,640,1149,103,410,0,0,0,1246,37500,208,208,0,105,0,1254,212
 73480,0,37635,1169,848,1904,2379,529,36955,36475,0,0,519,1365,0,2627,1288,640,1149,103,410,0,0,0,1246,37505,208,208,0,105,0,1254,212
 73485,0,37635,1169,848,1904,2379,529,36960,36480,0,0,519,1365,0,2627,1288,640,1149,103,410,0,0,0,1246,37510,208,208,0,105,0,1254,212
 73490,0,37635,1169,848,1904,2379,529,36965,36485,0,0,519,1365,0,2627,1288,640,1149,103,410,0,0,0,1246,37515,208,208,0,105,0,1254,212
 73495,0,37635,1169,848,1904,2379,529,36970,36490,0,0,519,1365,0,2627,1288,640,1149,103,410,0,0,0,1246,37520,208,208,0,105,0,1254,212
 73500,0,37635,1169,848,1904,2379,529,36975,36495,0,0,519,1365,0,2627,1288,640,1149,103,410,0,0,0,1246,37525,208,208,0,105,0,1254,212
 73505,0,37635,1169,848,1904,2379,529,36980,36500,0,0,519,1365,0,2627,1288,640,1149,103,410,0,0,0,1246,37530,208,208,0,105,0,1254,212
 73510,0,37635,1169,848,1904,2379,529,36985,36505,0,0,519,1365,0,2627,1288,640,1149,103,410,0,0,0,1246,37535,208,208,0,105,0,1254,212
 73515,0,37635,1169,848,1904,2379,529,36990,36510,0,0,519,1365,0,2627,1288,640,1149,103,410,0,0,0,1246,37538,208,208,0,105,0,1254,212
 73520,0,37635,1169,848,1904,2379,529,36995,36516,0,0,519,1365,0,2627,1288,640,1149,103,410,0,0,0,1246,37538,208,208,0,105,0,1254,212
 73525,0,37637,1169,848,1904,2379,529,37000,36516,0,0,519,1365,0,2627,1288,640,1149,103,410,0,0,0,1246,37538,208,208,0,105,0,1254,212
 73530,0,37642,1169,848,1904,2379,529,37005,36516,0,0,519,1365,0,2627,1288,640,1149,103,410,0,0,0,1246,37538,208,208,0,105,0,1254,212
 73535,0,37647,1169,848,1904,2379,529,37010,36516,0,0,519,1365,0,2627,1288,640,1149,103,410,0,0,0,1246,37538,208,208,0,105,0,1254,212
 73540,0,37652,1169,848,1904,2379,529,37015,36516,0,0,519,1365,0,2627,1288,640,1149,103,410,0,0,0,1246,37538,208,208,0,105,0,1254,212
 73545,0,37657,1169,848,1904,2379,529,37020,36516,0,0,519,1365,0,2627,1288,640,1149,103,410,0,0,0,1246,37538,208,208,0,105,0,1254,212
 73550,0,37662,1169,848,1904,2379,529,37025,36516,0,0,519,1365,0,2627,1288,640,1149,103,410,0,0,0,1246,37538,208,208,0,105,0,1254,212
 73555,0,37667,1169,848,1904,2379,529,37030,36516,0,0,519,1365,0,2627,1288,640,1149,103,410,0,0,0,1246,37538,208,208,0,105,0,1254,212
 73560,0,37672,1169,848,1904,2379,529,37035,36516,0,0,519,1365,0,2627,1288,640,1149,103,410,0,0,0,1246,37538,208,208,0,105,0,1254,212
 73565,0,37677,1169,848,1904,2379,529,37040,36516,0,0,519,1365,0,2627,1288,640,1149,103,410,0,0,0,1246,37538,208,208,0,105,0,1254,212
 73570,0,37682,1169,848,1904,2379,529,37042,36516,0,0,519,1365,0,2627,1288,640,1149,103,410,0,0,0,1246,37538,208,208,0,105,0,1254,212
 73575,0,37687,1169,848,1904,2379,529,37042,36516,0,0,519,1365,0,2627,1288,640,1149,103,410,0,0,0,1246,37538,208,208,0,105,0,1254,212
 73580,0,37692,1169,848,1904,2379,529,37042,36516,0,0,519,1365,0,2627,1288,640,1149,103,410,0,0,0,1246,37538,208,208,0,105,0,1254,212
 73585,0,37697,1169,848,1904,2379,529,37042,36516,0,0,519,1365,0,2627,1288,640,1149,103,410,0,0,0,1246,37538,208,208,0,105,0,1254,212
 73590,0,37702,1169,848,1904,2379,529,37042,36516,0,0,519,1365,0,2627,1288,640,1149,103,410,0,0,0,1246,37538,208,208,0,105,0,1254,212
 73595,0,37707,1169,848,1904,2379,529,37042,36516,0,0,519,1365,0,2627,1288,640,1149,103,410,0,0,0,1246,37538,208,208,0,105,0,1254,212
 73600,0,37712,1169,848,1904,2379,529,37042,36516,0,0,519,1365,0,2627,1288,640,1149,103,410,0,0,0,1246,37538,208,208,0,105,0,1254,212
 73605,0,37717,1169,848,1904,2379,529,37042,36516,0,0,519,1365,0,2627,1288,640,1149,103,410,0,0,0,1246,37538,208,208,0,105,0,1254,212
 73610,0,37722,1169,848,1904,2379,529,37042,36516,0,0,519,1365,0,2627,1288,640,1149,103,410,0,0,0,1246,37541,208,208,0,105,0,1254,212
 73615,0,37727,1169,848,1904,2379,529,37042,36516,0,0,519,1365,0,2627,1288,640,1149,103,410,0,0,0,1246,37546,208,208,0,105,0,1254,212
 73620,0,37732,1169,848,1904,2379,529,37042,36516,0,0,519,1365,0,2627,1288,640,1149,103,410,0,0,0,1246,37551,208,208,0,105,0,1254,212
 73625,0,37738,1169,848,1904,2379,529,37042,36516,0,0,519,1365,0,2627,1288,640,1149,103,410,0,0,0,1246,37556,208,208,0,105,0,1254,212
 73630,0,37738,1169,848,1904,2379,529,37042,36519,0,0,519,1365,0,2627,1288,640,1149,103,410,0,0,0,1246,37561,208,208,0,105,0,1254,212
 73635,0,37738,1169,848,1904,2379,529,37042,36524,0,0,519,1365,0,2627,1288,640,1149,103,410,0,0,0,1246,37566,208,208,0,105,0,1254,212
 73640,0,37738,1169,848,1904,2379,529,37042,36529,0,0,519,1365,0,2627,1288,640,1149,103,410,0,0,0,1246,37571,208,208,0,105,0,1254,212
 73645,0,37738,1169,848,1904,2379,529,37042,36534,0,0,519,1365,0,2627,1288,640,1149,103,410,0,0,0,1246,37576,208,208,0,105,0,1254,212
 73650,0,37738,1169,848,1904,2379,529,37042,36539,0,0,519,1365,0,2627,1288,640,1149,103,410,0,0,0,1246,37581,208,208,0,105,0,1254,212
 73655,0,37738,1169,848,1904,2379,529,37042,36544,0,0,519,1365,0,2627,1288,640,1149,103,410,0,0,0,1246,37586,208,208,0,105,0,1254,212
 73660,0,37738,1169,848,1904,2379,529,37042,36549,0,0,519,1365,0,2627,1288,640,1149,103,410,0,0,0,1246,37591,208,208,0,105,0,1254,212
 73665,0,37738,1169,848,1904,2379,529,37042,36554,0,0,519,1365,0,2627,1288,640,1149,103,410,0,0,0,1246,37596,208,208,0,105,0,1254,212
 73670,0,37738,1169,848,1904,2379,529,37042,36559,0,0,519,1365,0,2627,1288,640,1149,103,410,0,0,0,1246,37601,208,208,0,105,0,1254,212
 73675,0,37738,1169,848,1904,2379,529,37045,36564,0,0,519,1365,0,2627,1288,640,1149,103,410,0,0,0,1246,37606,208,208,0,105,0,1254,212
 73680,0,37738,1169,848,1904,2379,529,37050,36569,0,0,519,1365,0,2627,1288,640,1149,103,410,0,0,0,1246,37611,208,208,0,105,0,1254,212
 73685,0,37738,1169,848,1904,2379,529,37055,36574,0,0,519,1365,0,2627,1288,640,1149,103,410,0,0,0,1246,37616,208,208,0,105,0,1254,212
 73690,0,37739,1169,848,1904,2379,529,37060,36579,0,0,519,1365,0,2627,1288,640,1149,103,410,0,0,0,1246,37621,208,208,0,105,0,1254,212
 73695,0,37744,1169,848,1904,2379,529,37065,36584,0,0,519,1365,0,2627,1288,640,1149,103,410,0,0,0,1246,37626,208,208,0,105,0,1254,212
 73700,0,37749,1169,848,1904,2379,529,37070,36589,0,0,519,1365,0,2627,1288,640,1149,103,410,0,0,0,1246,37631,208,208,0,105,0,1254,212
 73705,0,37754,1169,848,1904,2379,529,37075,36594,0,0,519,1365,0,2627,1288,640,1149,103,410,0,0,0,1246,37636,208,208,0,105,0,1254,212
 73710,0,37759,1169,848,1904,2379,529,37080,36599,0,0,519,1365,0,2627,1288,640,1149,103,410,0,0,0,1246,37641,208,208,0,105,0,1254,212
 73715,0,37764,1169,848,1904,2379,529,37085,36604,0,0,519,1365,0,2627,1288,640,1149,103,410,0,0,0,1246,37645,208,208,0,105,0,1254,212
 73720,0,37769,1169,848,1904,2379,529,37090,36609,0,0,519,1365,0,2627,1288,640,1149,103,410,0,0,0,1246,37645,208,208,0,105,0,1254,212
 73725,0,37774,1169,848,1904,2379,529,37095,36614,0,0,519,1365,0,2627,1288,640,1149,103,410,0,0,0,1246,37645,208,208,0,105,0,1254,212
 73730,0,37779,1169,848,1904,2379,529,37100,36619,0,0,519,1365,0,2627,1288,640,1149,103,410,0,0,0,1246,37645,208,208,0,105,0,1254,212
 73735,0,37784,1169,848,1904,2379,529,37105,36623,0,0,519,1365,0,2627,1288,640,1149,103,410,0,0,0,1246,37645,208,208,0,105,0,1254,212
 73740,0,37789,1169,848,1904,2379,529,37110,36623,0,0,519,1365,0,2627,1288,640,1149,103,410,0,0,0,1246,37645,208,208,0,105,0,1254,212
 73745,0,37794,1169,848,1904,2379,529,37115,36623,0,0,519,1365,0,2627,1288,640,1149,103,410,0,0,0,1246,37645,208,208,0,105,0,1254,212
 73750,0,37799,1169,848,1904,2379,529,37120,36623,0,0,519,1365,0,2627,1288,640,1149,103,410,0,0,0,1246,37645,208,208,0,105,0,1254,212
 73755,0,37804,1169,848,1904,2379,529,37125,36623,0,0,519,1365,0,2627,1288,640,1149,103,410,0,0,0,1246,37645,208,208,0,105,0,1254,212
 73760,0,37809,1169,848,1904,2379,529,37130,36623,0,0,519,1365,0,2627,1288,640,1149,103,410,0,0,0,1246,37645,208,208,0,105,0,1254,212
 73765,0,37814,1169,848,1904,2379,529,37135,36623,0,0,519,1365,0,2627,1288,640,1149,103,410,0,0,0,1246,37645,208,208,0,105,0,1254,212
 73770,0,37819,1169,848,1904,2379,529,37140,36623,0,0,519,1365,0,2627,1288,640,1149,103,410,0,0,0,1246,37644,208,208,0,105,0,1254,212
 73775,0,37824,1169,848,1904,2379,529,37145,36623,0,0,519,1365,0,2627,1288,640,1149,103,410,0,0,0,1246,37649,208,208,0,105,0,1254,212
 73780,0,37829,1169,848,1904,2379,529,37147,36623,0,0,519,1365,0,2627,1288,640,1149,103,410,0,0,0,1246,37654,208,208,0,105,0,1254,212
 73785,0,37834,1169,848,1904,2379,529,37147,36623,0,0,519,1365,0,2627,1288,640,1149,103,410,0,0,0,1246,37659,208,208,0,105,0,1254,212
 73790,0,37839,1169,848,1904,2379,529,37147,36623,0,0,519,1365,0,2627,1288,640,1149,103,410,0,0,0,1246,37664,208,208,0,105,0,1254,212
 73795,0,37841,1169,848,1904,2379,529,37147,36623,0,0,519,1365,0,2627,1288,640,1149,103,410,0,0,0,1246,37669,208,208,0,105,0,1254,212
 73800,0,37841,1169,848,1904,2379,529,37147,36623,0,0,519,1365,0,2627,1288,640,1149,103,410,0,0,0,1246,37674,208,208,0,105,0,1254,212
 73805,0,37841,1169,848,1904,2379,529,37147,36623,0,0,519,1365,0,2627,1288,640,1149,103,410,0,0,0,1246,37679,208,208,0,105,0,1254,212
 73810,0,37841,1169,848,1904,2379,529,37147,36623,0,0,519,1365,0,2627,1288,640,1149,103,410,0,0,0,1246,37684,208,208,0,105,0,1254,212
 73815,0,37841,1169,848,1904,2379,529,37147,36623,0,0,519,1365,0,2627,1288,640,1149,103,410,0,0,0,1246,37689,208,208,0,105,0,1254,212
 73820,0,37841,1169,848,1904,2379,529,37147,36623,0,0,519,1365,0,2627,1288,640,1149,103,410,0,0,0,1246,37694,208,208,0,105,0,1254,212
 73825,0,37841,1169,848,1904,2379,529,37147,36623,0,0,519,1365,0,2627,1288,640,1149,103,410,0,0,0,1246,37699,208,208,0,105,0,1254,212
 73830,0,37841,1169,848,1904,2379,529,37147,36623,0,0,519,1365,0,2627,1288,640,1149,103,410,0,0,0,1246,37704,208,208,0,105,0,1254,212
 73835,0,37841,1169,848,1904,2379,529,37147,36626,0,0,519,1365,0,2627,1288,640,1149,103,410,0,0,0,1246,37709,208,208,0,105,0,1254,212
 73840,0,37841,1169,848,1904,2379,529,37147,36631,0,0,519,1365,0,2627,1288,640,1149,103,410,0,0,0,1246,37714,208,208,0,105,0,1254,212
 73845,0,37841,1169,848,1904,2379,529,37147,36636,0,0,519,1365,0,2627,1288,640,1149,103,410,0,0,0,1246,37719,208,208,0,105,0,1254,212
 73850,0,37841,1169,848,1904,2379,529,37147,36641,0,0,519,1365,0,2627,1288,640,1149,103,410,0,0,0,1246,37724,208,208,0,105,0,1254,212
 73855,0,37841,1169,848,1904,2379,529,37150,36646,0,0,519,1365,0,2627,1288,640,1149,103,410,0,0,0,1246,37729,208,208,0,105,0,1254,212
 73860,0,37841,1169,848,1904,2379,529,37155,36651,0,0,519,1365,0,2627,1288,640,1149,103,410,0,0,0,1246,37734,208,208,0,105,0,1254,212
 73865,0,37841,1169,848,1904,2379,529,37160,36656,0,0,519,1365,0,2627,1288,640,1149,103,410,0,0,0,1246,37739,208,208,0,105,0,1254,212
 73870,0,37841,1169,848,1904,2379,529,37165,36661,0,0,519,1365,0,2627,1288,640,1149,103,410,0,0,0,1246,37744,208,208,0,105,0,1254,212
 73875,0,37841,1169,848,1904,2379,529,37170,36666,0,0,519,1365,0,2627,1288,640,1149,103,410,0,0,0,1246,37750,208,208,0,105,0,1254,212
 73880,0,37841,1169,848,1904,2379,529,37175,36671,0,0,519,1365,0,2627,1288,640,1149,103,410,0,0,0,1246,37750,208,208,0,105,0,1254,212
 73885,0,37846,1169,848,1904,2379,529,37180,36676,0,0,519,1365,0,2627,1288,640,1149,103,410,0,0,0,1246,37750,208,208,0,105,0,1254,212
 73890,0,37851,1169,848,1904,2379,529,37185,36681,0,0,519,1365,0,2627,1288,640,1149,103,410,0,0,0,1246,37750,208,208,0,105,0,1254,212
 73895,0,37856,1169,848,1904,2379,529,37190,36686,0,0,519,1365,0,2627,1288,640,1149,103,410,0,0,0,1246,37750,208,208,0,105,0,1254,212
 73900,0,37861,1169,848,1904,2379,529,37195,36691,0,0,519,1365,0,2627,1288,640,1149,103,410,0,0,0,1246,37750,208,208,0,105,0,1254,212
 73905,0,37866,1169,848,1904,2379,529,37200,36696,0,0,519,1365,0,2627,1288,640,1149,103,410,0,0,0,1246,37750,208,208,0,105,0,1254,212
 73910,0,37871,1169,848,1904,2379,529,37205,36701,0,0,519,1365,0,2627,1288,640,1149,103,410,0,0,0,1246,37750,208,208,0,105,0,1254,212
 73915,0,37876,1169,848,1904,2379,529,37210,36706,0,0,519,1365,0,2627,1288,640,1149,103,410,0,0,0,1246,37750,208,208,0,105,0,1254,212
 73920,0,37881,1169,848,1904,2379,529,37215,36711,0,0,519,1365,0,2627,1288,640,1149,103,410,0,0,0,1246,37750,208,208,0,105,0,1254,212
 73925,0,37886,1169,848,1904,2379,529,37220,36716,0,0,519,1365,0,2627,1288,640,1149,103,410,0,0,0,1246,37750,208,208,0,105,0,1254,212
 73930,0,37891,1169,848,1904,2379,529,37225,36721,0,0,519,1365,0,2627,1288,640,1149,103,410,0,0,0,1246,37750,208,208,0,105,0,1254,212
 73935,0,37896,1169,848,1904,2379,529,37230,36724,0,0,519,1365,0,2627,1288,640,1149,103,410,0,0,0,1246,37749,208,208,0,105,0,1254,212
 73940,0,37901,1169,848,1904,2379,529,37235,36724,0,0,519,1365,0,2627,1288,640,1149,103,410,0,0,0,1246,37754,208,208,0,105,0,1254,212
 73945,0,37906,1169,848,1904,2379,529,37240,36724,0,0,519,1365,0,2627,1288,640,1149,103,410,0,0,0,1246,37759,208,208,0,105,0,1254,212
 73950,0,37911,1169,848,1904,2379,529,37245,36724,0,0,519,1365,0,2627,1288,640,1149,103,410,0,0,0,1246,37764,208,208,0,105,0,1254,212
 73955,0,37916,1169,848,1904,2379,529,37250,36724,0,0,519,1365,0,2627,1288,640,1149,103,410,0,0,0,1246,37769,208,208,0,105,0,1254,212
 73960,0,37921,1169,848,1904,2379,529,37252,36724,0,0,519,1365,0,2627,1288,640,1149,103,410,0,0,0,1246,37774,208,208,0,105,0,1254,212
 73965,0,37926,1169,848,1904,2379,529,37252,36724,0,0,519,1365,0,2627,1288,640,1149,103,410,0,0,0,1246,37779,208,208,0,105,0,1254,212
 73970,0,37931,1169,848,1904,2379,529,37252,36724,0,0,519,1365,0,2627,1288,640,1149,103,410,0,0,0,1246,37784,208,208,0,105,0,1254,212
 73975,0,37936,1169,848,1904,2379,529,37252,36724,0,0,519,1365,0,2627,1288,640,1149,103,410,0,0,0,1246,37789,208,208,0,105,0,1254,212
 73980,0,37941,1169,848,1904,2379,529,37252,36724,0,0,519,1365,0,2627,1288,640,1149,103,410,0,0,0,1246,37794,208,208,0,105,0,1254,212
 73985,0,37946,1169,848,1904,2379,529,37252,36724,0,0,519,1365,0,2627,1288,640,1149,103,410,0,0,0,1246,37799,208,208,0,105,0,1254,212
 73990,0,37946,1169,848,1904,2379,529,37252,36724,0,0,519,1365,0,2627,1288,640,1149,103,410,0,0,0,1246,37804,208,208,0,105,0,1254,212
 73995,0,37946,1169,848,1904,2379,529,37252,36724,0,0,519,1365,0,2627,1288,640,1149,103,410,0,0,0,1246,37809,208,208,0,105,0,1254,212
 74000,0,37946,1169,848,1904,2379,529,37252,36724,0,0,519,1365,0,2627,1288,640,1149,103,410,0,0,0,1246,37814,208,208,0,105,0,1254,212
 74005,0,37946,1169,848,1904,2379,529,37252,36724,0,0,519,1365,0,2627,1288,640,1149,103,410,0,0,0,1246,37819,208,208,0,105,0,1254,212
 74010,0,37946,1169,848,1904,2379,529,37252,36724,0,0,519,1365,0,2627,1288,640,1149,103,410,0,0,0,1246,37824,208,208,0,105,0,1254,212
 74015,0,37946,1169,848,1904,2379,529,37252,36724,0,0,519,1365,0,2627,1288,640,1149,103,410,0,0,0,1246,37829,208,208,0,105,0,1254,212
 74020,0,37946,1169,848,1904,2379,529,37252,36724,0,0,519,1365,0,2627,1288,640,1149,103,410,0,0,0,1246,37834,208,208,0,105,0,1254,212
 74025,0,37946,1169,848,1904,2379,529,37252,36724,0,0,519,1365,0,2627,1288,640,1149,103,410,0,0,0,1246,37839,208,208,0,105,0,1254,212
 74030,0,37946,1169,848,1904,2379,529,37252,36724,0,0,519,1365,0,2627,1288,640,1149,103,410,0,0,0,1246,37844,208,208,0,105,0,1254,212
 74035,0,37946,1169,848,1904,2379,529,37253,36724,0,0,519,1365,0,2627,1288,640,1149,103,410,0,0,0,1246,37849,208,208,0,105,0,1254,212
 74040,0,37946,1169,848,1904,2379,529,37258,36724,0,0,519,1365,0,2627,1288,640,1149,103,410,0,0,0,1246,37855,208,208,0,105,0,1254,212
 74045,0,37946,1169,848,1904,2379,529,37263,36729,0,0,519,1365,0,2627,1288,640,1149,103,410,0,0,0,1246,37855,208,208,0,105,0,1254,212
 74050,0,37946,1169,848,1904,2379,529,37268,36734,0,0,519,1365,0,2627,1288,640,1149,103,410,0,0,0,1246,37855,208,208,0,105,0,1254,212
 74055,0,37946,1169,848,1904,2379,529,37273,36739,0,0,519,1365,0,2627,1288,640,1149,103,410,0,0,0,1246,37855,208,208,0,105,0,1254,212
 74060,0,37946,1169,848,1904,2379,529,37278,36744,0,0,519,1365,0,2627,1288,640,1149,103,410,0,0,0,1246,37855,208,208,0,105,0,1254,212
 74065,0,37946,1169,848,1904,2379,529,37283,36749,0,0,519,1365,0,2627,1288,640,1149,103,410,0,0,0,1246,37855,208,208,0,105,0,1254,212
 74070,0,37946,1169,848,1904,2379,529,37288,36754,0,0,519,1365,0,2627,1288,640,1149,103,410,0,0,0,1246,37855,208,208,0,105,0,1254,212
 74075,0,37948,1169,848,1904,2379,529,37293,36759,0,0,519,1365,0,2627,1288,640,1149,103,410,0,0,0,1246,37855,208,208,0,105,0,1254,212
 74080,0,37953,1169,848,1904,2379,529,37298,36764,0,0,519,1365,0,2627,1288,640,1149,103,410,0,0,0,1246,37855,208,208,0,105,0,1254,212
 74085,0,37958,1169,848,1904,2379,529,37303,36769,0,0,519,1365,0,2627,1288,640,1149,103,410,0,0,0,1246,37855,208,208,0,105,0,1254,212
 74090,0,37963,1169,848,1904,2379,529,37308,36774,0,0,519,1365,0,2627,1288,640,1149,103,410,0,0,0,1246,37855,208,208,0,105,0,1254,212
 74095,0,37968,1169,848,1904,2379,529,37313,36779,0,0,519,1365,0,2627,1288,640,1149,103,410,0,0,0,1246,37855,208,208,0,105,0,1254,212
 74100,0,37973,1169,848,1904,2379,529,37318,36784,0,0,519,1365,0,2627,1288,640,1149,103,410,0,0,0,1246,37860,208,208,0,105,0,1254,212
 74105,0,37978,1169,848,1904,2379,529,37323,36789,0,0,519,1365,0,2627,1288,640,1149,103,410,0,0,0,1246,37865,208,208,0,105,0,1254,212
 74110,0,37983,1169,848,1904,2379,529,37328,36794,0,0,519,1365,0,2627,1288,640,1149,103,410,0,0,0,1246,37870,208,208,0,105,0,1254,212
 74115,0,37988,1169,848,1904,2379,529,37333,36799,0,0,519,1365,0,2627,1288,640,1149,103,410,0,0,0,1246,37875,208,208,0,105,0,1254,212
 74120,0,37993,1169,848,1904,2379,529,37338,36804,0,0,519,1365,0,2627,1288,640,1149,103,410,0,0,0,1246,37880,208,208,0,105,0,1254,212
 74125,0,37998,1169,848,1904,2379,529,37343,36809,0,0,519,1365,0,2627,1288,640,1149,103,410,0,0,0,1246,37885,208,208,0,105,0,1254,212
 74130,0,38003,1169,848,1904,2379,529,37348,36814,0,0,519,1365,0,2627,1288,640,1149,103,410,0,0,0,1246,37890,208,208,0,105,0,1254,212
 74135,0,38008,1169,848,1904,2379,529,37353,36819,0,0,519,1365,0,2627,1288,640,1149,103,410,0,0,0,1246,37895,208,208,0,105,0,1254,212
 74140,0,38013,1169,848,1904,2379,529,37357,36824,0,0,519,1365,0,2627,1288,640,1149,103,410,0,0,0,1246,37900,208,208,0,105,0,1254,212
 74145,0,38018,1169,848,1904,2379,529,37357,36827,0,0,519,1365,0,2627,1288,640,1149,103,410,0,0,0,1246,37905,208,208,0,105,0,1254,212
 74150,0,38023,1169,848,1904,2379,529,37357,36827,0,0,519,1365,0,2627,1288,640,1149,103,410,0,0,0,1246,37910,208,208,0,105,0,1254,212
 74155,0,38028,1169,848,1904,2379,529,37357,36827,0,0,519,1365,0,2627,1288,640,1149,103,410,0,0,0,1246,37915,208,208,0,105,0,1254,212
 74160,0,38033,1169,848,1904,2379,529,37357,36827,0,0,519,1365,0,2627,1288,640,1149,103,410,0,0,0,1246,37920,208,208,0,105,0,1254,212
 74165,0,38038,1169,848,1904,2379,529,37357,36827,0,0,519,1365,0,2627,1288,640,1149,103,410,0,0,0,1246,37925,208,208,0,105,0,1254,212
 74170,0,38043,1169,848,1904,2379,529,37357,36827,0,0,519,1365,0,2627,1288,640,1149,103,410,0,0,0,1246,37930,208,208,0,105,0,1254,212
 74175,0,38047,1169,848,1904,2379,529,37357,36827,0,0,519,1365,0,2627,1288,640,1149,103,410,0,0,0,1246,37935,208,208,0,105,0,1254,212
 74180,0,38047,1169,848,1904,2379,529,37357,36827,0,0,519,1365,0,2627,1288,640,1149,103,410,0,0,0,1246,37940,208,208,0,105,0,1254,212
 74185,0,38047,1169,848,1904,2379,529,37357,36827,0,0,519,1365,0,2627,1288,640,1149,103,410,0,0,0,1246,37945,208,208,0,105,0,1254,212
 74190,0,38047,1169,848,1904,2379,529,37357,36827,0,0,519,1365,0,2627,1288,640,1149,103,410,0,0,0,1246,37950,208,208,0,105,0,1254,212
 74195,0,38047,1169,848,1904,2379,529,37357,36827,0,0,519,1365,0,2627,1288,640,1149,103,410,0,0,0,1246,37956,208,208,0,105,0,1254,212
 74200,0,38047,1169,848,1904,2379,529,37357,36827,0,0,519,1365,0,2627,1288,640,1149,103,410,0,0,0,1246,37956,208,208,0,105,0,1254,212
 74205,0,38047,1169,848,1904,2379,529,37357,36827,0,0,519,1365,0,2627,1288,640,1149,103,410,0,0,0,1246,37956,208,208,0,105,0,1254,212
 74210,0,38047,1169,848,1904,2379,529,37357,36827,0,0,519,1365,0,2627,1288,640,1149,103,410,0,0,0,1246,37956,208,208,0,105,0,1254,212
 74215,0,38047,1169,848,1904,2379,529,37357,36830,0,0,519,1365,0,2627,1288,640,1149,103,410,0,0,0,1246,37956,208,208,0,105,0,1254,212
 74220,0,38047,1169,848,1904,2379,529,37357,36835,0,0,519,1365,0,2627,1288,640,1149,103,410,0,0,0,1246,37956,208,208,0,105,0,1254,212
 74225,0,38047,1169,848,1904,2379,529,37357,36840,0,0,519,1365,0,2627,1288,640,1149,103,410,0,0,0,1246,37956,208,208,0,105,0,1254,212
 74230,0,38047,1169,848,1904,2379,529,37357,36845,0,0,519,1365,0,2627,1288,640,1149,103,410,0,0,0,1246,37956,208,208,0,105,0,1254,212
 74235,0,38047,1169,848,1904,2379,529,37357,36850,0,0,519,1365,0,2627,1288,640,1149,103,410,0,0,0,1246,37956,208,208,0,105,0,1254,212
 74240,0,38047,1169,848,1904,2379,529,37357,36855,0,0,519,1365,0,2627,1288,640,1149,103,410,0,0,0,1246,37956,208,208,0,105,0,1254,212
 74245,0,38048,1169,848,1904,2379,529,37357,36860,0,0,519,1365,0,2627,1288,640,1149,103,410,0,0,0,1246,37956,208,208,0,105,0,1254,212
 74250,0,38053,1169,848,1904,2379,529,37357,36865,0,0,519,1365,0,2627,1288,640,1149,103,410,0,0,0,1246,37956,208,208,0,105,0,1254,212
 74255,0,38058,1169,848,1904,2379,529,37357,36870,0,0,519,1365,0,2627,1288,640,1149,103,410,0,0,0,1246,37955,208,208,0,105,0,1254,212
 74260,0,38063,1169,848,1904,2379,529,37357,36875,0,0,519,1365,0,2627,1288,640,1149,103,410,0,0,0,1246,37960,208,208,0,105,0,1254,212
 74265,0,38068,1169,848,1904,2379,529,37357,36880,0,0,519,1365,0,2627,1288,640,1149,103,410,0,0,0,1246,37965,208,208,0,105,0,1254,212
 74270,0,38073,1169,848,1904,2379,529,37357,36885,0,0,519,1365,0,2627,1288,640,1149,103,410,0,0,0,1246,37970,208,208,0,105,0,1254,212
 74275,0,38078,1169,848,1904,2379,529,37357,36890,0,0,519,1365,0,2627,1288,640,1149,103,410,0,0,0,1246,37975,208,208,0,105,0,1254,212
 74280,0,38083,1169,848,1904,2379,529,37357,36895,0,0,519,1365,0,2627,1288,640,1149,103,410,0,0,0,1246,37980,208,208,0,105,0,1254,212
 74285,0,38088,1169,848,1904,2379,529,37357,36900,0,0,519,1365,0,2627,1288,640,1149,103,410,0,0,0,1246,37985,208,208,0,105,0,1254,212
 74290,0,38093,1169,848,1904,2379,529,37357,36905,0,0,519,1365,0,2627,1288,640,1149,103,410,0,0,0,1246,37990,208,208,0,105,0,1254,212
 74295,0,38098,1169,848,1904,2379,529,37357,36910,0,0,519,1365,0,2627,1288,640,1149,103,410,0,0,0,1246,37995,208,208,0,105,0,1254,212
 74300,0,38103,1169,848,1904,2379,529,37360,36915,0,0,519,1365,0,2627,1288,640,1149,103,410,0,0,0,1246,38000,208,208,0,105,0,1254,212
 74305,0,38108,1169,848,1904,2379,529,37365,36920,0,0,519,1365,0,2627,1288,640,1149,103,410,0,0,0,1246,38005,208,208,0,105,0,1254,212
 74310,0,38113,1169,848,1904,2379,529,37370,36925,0,0,519,1365,0,2627,1288,640,1149,103,410,0,0,0,1246,38010,208,208,0,105,0,1254,212
 74315,0,38118,1169,848,1904,2379,529,37375,36930,0,0,519,1365,0,2627,1288,640,1149,103,410,0,0,0,1246,38015,208,208,0,105,0,1254,212
 74320,0,38123,1169,848,1904,2379,529,37380,36930,0,0,519,1365,0,2627,1288,640,1149,103,410,0,0,0,1246,38020,208,208,0,105,0,1254,212
 74325,0,38128,1169,848,1904,2379,529,37385,36930,0,0,519,1365,0,2627,1288,640,1149,103,410,0,0,0,1246,38025,208,208,0,105,0,1254,212
 74330,0,38133,1169,848,1904,2379,529,37390,36930,0,0,519,1365,0,2627,1288,640,1149,103,410,0,0,0,1246,38030,208,208,0,105,0,1254,212
 74335,0,38138,1169,848,1904,2379,529,37395,36930,0,0,519,1365,0,2627,1288,640,1149,103,410,0,0,0,1246,38035,208,208,0,105,0,1254,212
 74340,0,38143,1169,848,1904,2379,529,37400,36930,0,0,519,1365,0,2627,1288,640,1149,103,410,0,0,0,1246,38040,208,208,0,105,0,1254,212
 74345,0,38148,1169,848,1904,2379,529,37405,36930,0,0,519,1365,0,2627,1288,640,1149,103,410,0,0,0,1246,38045,208,208,0,105,0,1254,212
 74350,0,38148,1169,848,1904,2379,529,37410,36930,0,0,519,1365,0,2627,1288,640,1149,103,410,0,0,0,1246,38050,208,208,0,105,0,1254,212
 74355,0,38148,1169,848,1904,2379,529,37415,36930,0,0,519,1365,0,2627,1288,640,1149,103,410,0,0,0,1246,38055,208,208,0,105,0,1254,212
 74360,0,38148,1169,848,1904,2379,529,37420,36930,0,0,519,1365,0,2627,1288,640,1149,103,410,0,0,0,1246,38061,208,208,0,105,0,1254,212
 74365,0,38148,1169,848,1904,2379,529,37425,36930,0,0,519,1365,0,2627,1288,640,1149,103,410,0,0,0,1246,38061,208,208,0,105,0,1254,212
 74370,0,38148,1169,848,1904,2379,529,37430,36930,0,0,519,1365,0,2627,1288,640,1149,103,410,0,0,0,1246,38061,208,208,0,105,0,1254,212
 74375,0,38148,1169,848,1904,2379,529,37435,36930,0,0,519,1365,0,2627,1288,640,1149,103,410,0,0,0,1246,38061,208,208,0,105,0,1254,212
 74380,0,38148,1169,848,1904,2379,529,37440,36930,0,0,519,1365,0,2627,1288,640,1149,103,410,0,0,0,1246,38061,208,208,0,105,0,1254,212
 74385,0,38148,1169,848,1904,2379,529,37445,36930,0,0,519,1365,0,2627,1288,640,1149,103,410,0,0,0,1246,38061,208,208,0,105,0,1254,212
 74390,0,38148,1169,848,1904,2379,529,37450,36930,0,0,519,1365,0,2627,1288,640,1149,103,410,0,0,0,1246,38061,208,208,0,105,0,1254,212
 74395,0,38148,1169,848,1904,2379,529,37455,36930,0,0,519,1365,0,2627,1288,640,1149,103,410,0,0,0,1246,38061,208,208,0,105,0,1254,212
 74400,0,38148,1169,848,1904,2379,529,37458,36930,0,0,519,1365,0,2627,1288,640,1149,103,410,0,0,0,1246,38061,208,208,0,105,0,1254,212
 74405,0,38148,1169,848,1904,2379,529,37458,36930,0,0,519,1365,0,2627,1288,640,1149,103,410,0,0,0,1246,38061,208,208,0,105,0,1254,212
 74410,0,38148,1169,848,1904,2379,529,37458,36930,0,0,519,1365,0,2627,1288,640,1149,103,410,0,0,0,1246,38061,208,208,0,105,0,1254,212
 74415,0,38148,1169,848,1904,2379,529,37458,36930,0,0,519,1365,0,2627,1288,640,1149,103,410,0,0,0,1246,38061,208,208,0,105,0,1254,212
 74420,0,38148,1169,848,1904,2379,529,37458,36930,0,0,519,1365,0,2627,1288,640,1149,103,410,0,0,0,1246,38061,208,208,0,105,0,1254,212
 74425,0,38148,1169,848,1904,2379,529,37458,36930,0,0,519,1365,0,2627,1288,640,1149,103,410,0,0,0,1246,38061,208,208,0,105,0,1254,212
 74430,0,38148,1169,848,1904,2379,529,37458,36930,0,0,519,1365,0,2627,1288,640,1149,103,410,0,0,0,1246,38061,208,208,0,105,0,1254,212
 74435,0,38148,1169,848,1904,2379,529,37458,36930,0,0,519,1365,0,2627,1288,640,1149,103,410,0,0,0,1246,38061,208,208,0,105,0,1254,212
 74440,0,38148,1169,848,1904,2379,529,37458,36930,0,0,519,1365,0,2627,1288,640,1149,103,410,0,0,0,1246,38061,208,208,0,105,0,1254,212
 74445,0,38148,1169,848,1904,2379,529,37458,36930,0,0,519,1365,0,2627,1288,640,1149,103,410,0,0,0,1246,38064,208,208,0,105,0,1254,212
 74450,0,38148,1169,848,1904,2379,529,37458,36930,0,0,519,1365,0,2627,1288,640,1149,103,410,0,0,0,1246,38069,208,208,0,105,0,1254,212
 74455,0,38148,1169,848,1904,2379,529,37458,36935,0,0,519,1365,0,2627,1288,640,1149,103,410,0,0,0,1246,38074,208,208,0,105,0,1254,212
 74460,0,38150,1169,848,1904,2379,529,37458,36940,0,0,519,1365,0,2627,1288,640,1149,103,410,0,0,0,1246,38079,208,208,0,105,0,1254,212
 74465,0,38155,1169,848,1904,2379,529,37458,36945,0,0,519,1365,0,2627,1288,640,1149,103,410,0,0,0,1246,38084,208,208,0,105,0,1254,212
 74470,0,38160,1169,848,1904,2379,529,37458,36950,0,0,519,1365,0,2627,1288,640,1149,103,410,0,0,0,1246,38089,208,208,0,105,0,1254,212
 74475,0,38165,1169,848,1904,2379,529,37458,36955,0,0,519,1365,0,2627,1288,640,1149,103,410,0,0,0,1246,38094,208,208,0,105,0,1254,212
 74480,0,38170,1169,848,1904,2379,529,37458,36960,0,0,519,1365,0,2627,1288,640,1149,103,410,0,0,0,1246,38099,208,208,0,105,0,1254,212
 74485,0,38175,1169,848,1904,2379,529,37458,36965,0,0,519,1365,0,2627,1288,640,1149,103,410,0,0,0,1246,38104,208,208,0,105,0,1254,212
 74490,0,38180,1169,848,1904,2379,529,37458,36970,0,0,519,1365,0,2627,1288,640,1149,103,410,0,0,0,1246,38109,208,208,0,105,0,1254,212
 74495,0,38185,1169,848,1904,2379,529,37458,36975,0,0,519,1365,0,2627,1288,640,1149,103,410,0,0,0,1246,38114,208,208,0,105,0,1254,212
 74500,0,38190,1169,848,1904,2379,529,37458,36980,0,0,519,1365,0,2627,1288,640,1149,103,410,0,0,0,1246,38119,208,208,0,105,0,1254,212
 74505,0,38195,1169,848,1904,2379,529,37458,36985,0,0,519,1365,0,2627,1288,640,1149,103,410,0,0,0,1246,38124,208,208,0,105,0,1254,212
 74510,0,38200,1169,848,1904,2379,529,37458,36990,0,0,519,1365,0,2627,1288,640,1149,103,410,0,0,0,1246,38129,208,208,0,105,0,1254,212
 74515,0,38205,1169,848,1904,2379,529,37458,36995,0,0,519,1365,0,2627,1288,640,1149,103,410,0,0,0,1246,38134,208,208,0,105,0,1254,212
 74520,0,38210,1169,848,1904,2379,529,37457,37000,0,0,519,1365,0,2627,1288,640,1149,103,410,0,0,0,1246,38139,208,208,0,105,0,1254,212
 74525,0,38215,1169,848,1904,2379,529,37462,37005,0,0,519,1365,0,2627,1288,640,1149,103,410,0,0,0,1246,38144,208,208,0,105,0,1254,212
 74530,0,38220,1169,848,1904,2379,529,37467,37010,0,0,519,1365,0,2627,1288,640,1149,103,410,0,0,0,1246,38149,208,208,0,105,0,1254,212
 74535,0,38225,1169,848,1904,2379,529,37472,37015,0,0,519,1365,0,2627,1288,640,1149,103,410,0,0,0,1246,38154,208,208,0,105,0,1254,212
 74540,0,38230,1169,848,1904,2379,529,37477,37020,0,0,519,1365,0,2627,1288,640,1149,103,410,0,0,0,1246,38159,208,208,0,105,0,1254,212
 74545,0,38235,1169,848,1904,2379,529,37482,37025,0,0,519,1365,0,2627,1288,640,1149,103,410,0,0,0,1246,38164,208,208,0,105,0,1254,212
 74550,0,38240,1169,848,1904,2379,529,37487,37030,0,0,519,1365,0,2627,1288,640,1149,103,410,0,0,0,1246,38164,208,208,0,105,0,1254,212
 74555,0,38245,1169,848,1904,2379,529,37492,37033,0,0,519,1365,0,2627,1288,640,1149,103,410,0,0,0,1246,38164,208,208,0,105,0,1254,212
 74560,0,38251,1169,848,1904,2379,529,37497,37033,0,0,519,1365,0,2627,1288,640,1149,103,410,0,0,0,1246,38164,208,208,0,105,0,1254,212
 74565,0,38251,1169,848,1904,2379,529,37502,37033,0,0,519,1365,0,2627,1288,640,1149,103,410,0,0,0,1246,38164,208,208,0,105,0,1254,212
 74570,0,38251,1169,848,1904,2379,529,37507,37033,0,0,519,1365,0,2627,1288,640,1149,103,410,0,0,0,1246,38164,208,208,0,105,0,1254,212
 74575,0,38251,1169,848,1904,2379,529,37512,37033,0,0,519,1365,0,2627,1288,640,1149,103,410,0,0,0,1246,38164,208,208,0,105,0,1254,212
 74580,0,38251,1169,848,1904,2379,529,37517,37033,0,0,519,1365,0,2627,1288,640,1149,103,410,0,0,0,1246,38164,208,208,0,105,0,1254,212
 74585,0,38251,1169,848,1904,2379,529,37522,37033,0,0,519,1365,0,2627,1288,640,1149,103,410,0,0,0,1246,38164,208,208,0,105,0,1254,212
 74590,0,38251,1169,848,1904,2379,529,37527,37033,0,0,519,1365,0,2627,1288,640,1149,103,410,0,0,0,1246,38164,208,208,0,105,0,1254,212
 74595,0,38251,1169,848,1904,2379,529,37532,37033,0,0,519,1365,0,2627,1288,640,1149,103,410,0,0,0,1246,38164,208,208,0,105,0,1254,212
 74600,0,38251,1169,848,1904,2379,529,37537,37033,0,0,519,1365,0,2627,1288,640,1149,103,410,0,0,0,1246,38164,208,208,0,105,0,1254,212
 74605,0,38251,1169,848,1904,2379,529,37542,37033,0,0,519,1365,0,2627,1288,640,1149,103,410,0,0,0,1246,38164,208,208,0,105,0,1254,212
 74610,0,38251,1169,848,1904,2379,529,37547,37033,0,0,519,1365,0,2627,1288,640,1149,103,410,0,0,0,1246,38164,208,208,0,105,0,1254,212
 74615,0,38251,1169,848,1904,2379,529,37552,37033,0,0,519,1365,0,2627,1288,640,1149,103,410,0,0,0,1246,38164,208,208,0,105,0,1254,212
 74620,0,38251,1169,848,1904,2379,529,37557,37033,0,0,519,1365,0,2627,1288,640,1149,103,410,0,0,0,1246,38164,208,208,0,105,0,1254,212
 74625,0,38251,1169,848,1904,2379,529,37563,37033,0,0,519,1365,0,2627,1288,640,1149,103,410,0,0,0,1246,38164,208,208,0,105,0,1254,212
 74630,0,38251,1169,848,1904,2379,529,37563,37033,0,0,519,1365,0,2627,1288,640,1149,103,410,0,0,0,1246,38164,208,208,0,105,0,1254,212
 74635,0,38251,1169,848,1904,2379,529,37563,37035,0,0,519,1365,0,2627,1288,640,1149,103,410,0,0,0,1246,38164,208,208,0,105,0,1254,212
 74640,0,38251,1169,848,1904,2379,529,37563,37040,0,0,519,1365,0,2627,1288,640,1149,103,410,0,0,0,1246,38164,208,208,0,105,0,1254,212
 74645,0,38253,1169,848,1904,2379,529,37563,37045,0,0,519,1365,0,2627,1288,640,1149,103,410,0,0,0,1246,38164,208,208,0,105,0,1254,212
 74650,0,38258,1169,848,1904,2379,529,37563,37050,0,0,519,1365,0,2627,1288,640,1149,103,410,0,0,0,1246,38169,208,208,0,105,0,1254,212
 74655,0,38263,1169,848,1904,2379,529,37563,37055,0,0,519,1365,0,2627,1288,640,1149,103,410,0,0,0,1246,38174,208,208,0,105,0,1254,212
 74660,0,38268,1169,848,1904,2379,529,37563,37060,0,0,519,1365,0,2627,1288,640,1149,103,410,0,0,0,1246,38179,208,208,0,105,0,1254,212
 74665,0,38273,1169,848,1904,2379,529,37563,37065,0,0,519,1365,0,2627,1288,640,1149,103,410,0,0,0,1246,38184,208,208,0,105,0,1254,212
 74670,0,38278,1169,848,1904,2379,529,37563,37070,0,0,519,1365,0,2627,1288,640,1149,103,410,0,0,0,1246,38189,208,208,0,105,0,1254,212
 74675,0,38283,1169,848,1904,2379,529,37563,37075,0,0,519,1365,0,2627,1288,640,1149,103,410,0,0,0,1246,38194,208,208,0,105,0,1254,212
 74680,0,38288,1169,848,1904,2379,529,37563,37080,0,0,519,1365,0,2627,1288,640,1149,103,410,0,0,0,1246,38199,208,208,0,105,0,1254,212
 74685,0,38293,1169,848,1904,2379,529,37563,37085,0,0,519,1365,0,2627,1288,640,1149,103,410,0,0,0,1246,38204,208,208,0,105,0,1254,212
 74690,0,38298,1169,848,1904,2379,529,37563,37090,0,0,519,1365,0,2627,1288,640,1149,103,410,0,0,0,1246,38209,208,208,0,105,0,1254,212
 74695,0,38303,1169,848,1904,2379,529,37563,37095,0,0,519,1365,0,2627,1288,640,1149,103,410,0,0,0,1246,38214,208,208,0,105,0,1254,212
 74700,0,38308,1169,848,1904,2379,529,37563,37100,0,0,519,1365,0,2627,1288,640,1149,103,410,0,0,0,1246,38219,208,208,0,105,0,1254,212
 74705,0,38313,1169,848,1904,2379,529,37563,37105,0,0,519,1365,0,2627,1288,640,1149,103,410,0,0,0,1246,38224,208,208,0,105,0,1254,212
 74710,0,38318,1169,848,1904,2379,529,37563,37110,0,0,519,1365,0,2627,1288,640,1149,103,410,0,0,0,1246,38229,208,208,0,105,0,1254,212
 74715,0,38323,1169,848,1904,2379,529,37563,37115,0,0,519,1365,0,2627,1288,640,1149,103,410,0,0,0,1246,38234,208,208,0,105,0,1254,212
 74720,0,38328,1169,848,1904,2379,529,37563,37120,0,0,519,1365,0,2627,1288,640,1149,103,410,0,0,0,1246,38239,208,208,0,105,0,1254,212
 74725,0,38333,1169,848,1904,2379,529,37563,37125,0,0,519,1365,0,2627,1288,640,1149,103,410,0,0,0,1246,38244,208,208,0,105,0,1254,212
 74730,0,38338,1169,848,1904,2379,529,37563,37130,0,0,519,1365,0,2627,1288,640,1149,103,410,0,0,0,1246,38249,208,208,0,105,0,1254,212
 74735,0,38343,1169,848,1904,2379,529,37563,37135,0,0,519,1365,0,2627,1288,640,1149,103,410,0,0,0,1246,38254,208,208,0,105,0,1254,212
 74740,0,38348,1169,848,1904,2379,529,37563,37138,0,0,519,1365,0,2627,1288,640,1149,103,410,0,0,0,1246,38259,208,208,0,105,0,1254,212
 74745,0,38353,1169,848,1904,2379,529,37566,37138,0,0,519,1365,0,2627,1288,640,1149,103,410,0,0,0,1246,38264,208,208,0,105,0,1254,212
 74750,0,38356,1169,848,1904,2379,529,37571,37138,0,0,519,1365,0,2627,1288,640,1149,103,410,0,0,0,1246,38269,208,208,0,105,0,1254,212
 74755,0,38356,1169,848,1904,2379,529,37576,37138,0,0,519,1365,0,2627,1288,640,1149,103,410,0,0,0,1246,38269,208,208,0,105,0,1254,212
 74760,0,38356,1169,848,1904,2379,529,37581,37138,0,0,519,1365,0,2627,1288,640,1149,103,410,0,0,0,1246,38269,208,208,0,105,0,1254,212
 74765,0,38356,1169,848,1904,2379,529,37586,37138,0,0,519,1365,0,2627,1288,640,1149,103,410,0,0,0,1246,38269,208,208,0,105,0,1254,212
 74770,0,38356,1169,848,1904,2379,529,37591,37138,0,0,519,1365,0,2627,1288,640,1149,103,410,0,0,0,1246,38269,208,208,0,105,0,1254,212
 74775,0,38356,1169,848,1904,2379,529,37596,37138,0,0,519,1365,0,2627,1288,640,1149,103,410,0,0,0,1246,38269,208,208,0,105,0,1254,212
 74780,0,38356,1169,848,1904,2379,529,37601,37138,0,0,519,1365,0,2627,1288,640,1149,103,410,0,0,0,1246,38269,208,208,0,105,0,1254,212
 74785,0,38356,1169,848,1904,2379,529,37606,37138,0,0,519,1365,0,2627,1288,640,1149,103,410,0,0,0,1246,38269,208,208,0,105,0,1254,212
 74790,0,38356,1169,848,1904,2379,529,37611,37138,0,0,519,1365,0,2627,1288,640,1149,103,410,0,0,0,1246,38269,208,208,0,105,0,1254,212
 74795,0,38356,1169,848,1904,2379,529,37616,37138,0,0,519,1365,0,2627,1288,640,1149,103,410,0,0,0,1246,38269,208,208,0,105,0,1254,212
 74800,0,38356,1169,848,1904,2379,529,37621,37138,0,0,519,1365,0,2627,1288,640,1149,103,410,0,0,0,1246,38269,208,208,0,105,0,1254,212
 74805,0,38356,1169,848,1904,2379,529,37626,37138,0,0,519,1365,0,2627,1288,640,1149,103,410,0,0,0,1246,38269,208,208,0,105,0,1254,212
 74810,0,38356,1169,848,1904,2379,529,37631,37138,0,0,519,1365,0,2627,1288,640,1149,103,410,0,0,0,1246,38269,208,208,0,105,0,1254,212
 74815,0,38356,1169,848,1904,2379,529,37636,37138,0,0,519,1365,0,2627,1288,640,1149,103,410,0,0,0,1246,38269,208,208,0,105,0,1254,212
 74820,0,38356,1169,848,1904,2379,529,37641,37138,0,0,519,1365,0,2627,1288,640,1149,103,410,0,0,0,1246,38269,208,208,0,105,0,1254,212
 74825,0,38356,1169,848,1904,2379,529,37646,37138,0,0,519,1365,0,2627,1288,640,1149,103,410,0,0,0,1246,38269,208,208,0,105,0,1254,212
 74830,0,38356,1169,848,1904,2379,529,37651,37138,0,0,519,1365,0,2627,1288,640,1149,103,410,0,0,0,1246,38269,208,208,0,105,0,1254,212
 74835,0,38356,1169,848,1904,2379,529,37656,37138,0,0,519,1365,0,2627,1288,640,1149,103,410,0,0,0,1246,38269,208,208,0,105,0,1254,212
 74840,0,38356,1169,848,1904,2379,529,37661,37138,0,0,519,1365,0,2627,1288,640,1149,103,410,0,0,0,1246,38269,208,208,0,105,0,1254,212
 74845,0,38356,1169,848,1904,2379,529,37666,37138,0,0,519,1365,0,2627,1288,640,1149,103,410,0,0,0,1246,38272,208,208,0,105,0,1254,212
 74850,0,38355,1169,848,1904,2379,529,37666,37138,0,0,519,1365,0,2627,1288,640,1149,103,410,0,0,0,1246,38277,208,208,0,105,0,1254,212
 74855,0,38360,1169,848,1904,2379,529,37666,37138,0,0,519,1365,0,2627,1288,640,1149,103,410,0,0,0,1246,38282,208,208,0,105,0,1254,212
 74860,0,38365,1169,848,1904,2379,529,37666,37138,0,0,519,1365,0,2627,1288,640,1149,103,410,0,0,0,1246,38287,208,208,0,105,0,1254,212
 74865,0,38370,1169,848,1904,2379,529,37666,37140,0,0,519,1365,0,2627,1288,640,1149,103,410,0,0,0,1246,38292,208,208,0,105,0,1254,212
 74870,0,38375,1169,848,1904,2379,529,37666,37145,0,0,519,1365,0,2627,1288,640,1149,103,410,0,0,0,1246,38297,208,208,0,105,0,1254,212
 74875,0,38380,1169,848,1904,2379,529,37666,37150,0,0,519,1365,0,2627,1288,640,1149,103,410,0,0,0,1246,38302,208,208,0,105,0,1254,212
 74880,0,38385,1169,848,1904,2379,529,37666,37155,0,0,519,1365,0,2627,1288,640,1149,103,410,0,0,0,1246,38307,208,208,0,105,0,1254,212
 74885,0,38390,1169,848,1904,2379,529,37666,37160,0,0,519,1365,0,2627,1288,640,1149,103,410,0,0,0,1246,38312,208,208,0,105,0,1254,212
 74890,0,38395,1169,848,1904,2379,529,37666,37165,0,0,519,1365,0,2627,1288,640,1149,103,410,0,0,0,1246,38317,208,208,0,105,0,1254,212
 74895,0,38400,1169,848,1904,2379,529,37666,37170,0,0,519,1365,0,2627,1288,640,1149,103,410,0,0,0,1246,38322,208,208,0,105,0,1254,212
 74900,0,38405,1169,848,1904,2379,529,37666,37175,0,0,519,1365,0,2627,1288,640,1149,103,410,0,0,0,1246,38327,208,208,0,105,0,1254,212
 74905,0,38410,1169,848,1904,2379,529,37666,37180,0,0,519,1365,0,2627,1288,640,1149,103,410,0,0,0,1246,38332,208,208,0,105,0,1254,212
 74910,0,38415,1169,848,1904,2379,529,37666,37185,0,0,519,1365,0,2627,1288,640,1149,103,410,0,0,0,1246,38337,208,208,0,105,0,1254,212
 74915,0,38420,1169,848,1904,2379,529,37666,37190,0,0,519,1365,0,2627,1288,640,1149,103,410,0,0,0,1246,38342,208,208,0,105,0,1254,212
 74920,0,38425,1169,848,1904,2379,529,37666,37195,0,0,519,1365,0,2627,1288,640,1149,103,410,0,0,0,1246,38347,208,208,0,105,0,1254,212
 74925,0,38430,1169,848,1904,2379,529,37669,37200,0,0,519,1365,0,2627,1288,640,1149,103,410,0,0,0,1246,38352,208,208,0,105,0,1254,212
 74930,0,38435,1169,848,1904,2379,529,37674,37205,0,0,519,1365,0,2627,1288,640,1149,103,410,0,0,0,1246,38357,208,208,0,105,0,1254,212
 74935,0,38440,1169,848,1904,2379,529,37679,37210,0,0,519,1365,0,2627,1288,640,1149,103,410,0,0,0,1246,38362,208,208,0,105,0,1254,212
 74940,0,38445,1169,848,1904,2379,529,37684,37215,0,0,519,1365,0,2627,1288,640,1149,103,410,0,0,0,1246,38367,208,208,0,105,0,1254,212
 74945,0,38450,1169,848,1904,2379,529,37689,37220,0,0,519,1365,0,2627,1288,640,1149,103,410,0,0,0,1246,38372,208,208,0,105,0,1254,212
 74950,0,38455,1169,848,1904,2379,529,37694,37225,0,0,519,1365,0,2627,1288,640,1149,103,410,0,0,0,1246,38372,208,208,0,105,0,1254,212
 74955,0,38457,1169,848,1904,2379,529,37699,37230,0,0,519,1365,0,2627,1288,640,1149,103,410,0,0,0,1246,38372,208,208,0,105,0,1254,212
 74960,0,38457,1169,848,1904,2379,529,37704,37235,0,0,519,1365,0,2627,1288,640,1149,103,410,0,0,0,1246,38372,208,208,0,105,0,1254,212
 74965,0,38457,1169,848,1904,2379,529,37709,37241,0,0,519,1365,0,2627,1288,640,1149,103,410,0,0,0,1246,38372,208,208,0,105,0,1254,212
 74970,0,38457,1169,848,1904,2379,529,37714,37241,0,0,519,1365,0,2627,1288,640,1149,103,410,0,0,0,1246,38372,208,208,0,105,0,1254,212
 74975,0,38457,1169,848,1904,2379,529,37719,37241,0,0,519,1365,0,2627,1288,640,1149,103,410,0,0,0,1246,38372,208,208,0,105,0,1254,212
 74980,0,38457,1169,848,1904,2379,529,37724,37241,0,0,519,1365,0,2627,1288,640,1149,103,410,0,0,0,1246,38372,208,208,0,105,0,1254,212
 74985,0,38457,1169,848,1904,2379,529,37729,37241,0,0,519,1365,0,2627,1288,640,1149,103,410,0,0,0,1246,38372,208,208,0,105,0,1254,212
 74990,0,38457,1169,848,1904,2379,529,37734,37241,0,0,519,1365,0,2627,1288,640,1149,103,410,0,0,0,1246,38372,208,208,0,105,0,1254,212
 74995,0,38457,1169,848,1904,2379,529,37739,37241,0,0,519,1365,0,2627,1288,640,1149,103,410,0,0,0,1246,38372,208,208,0,105,0,1254,212
 75000,0,38457,1169,848,1904,2379,529,37744,37241,0,0,519,1365,0,2627,1288,640,1149,103,410,0,0,0,1246,38372,208,208,0,105,0,1254,212
 75005,0,38457,1169,848,1904,2379,529,37749,37241,0,0,519,1365,0,2627,1288,640,1149,103,410,0,0,0,1246,38372,208,208,0,105,0,1254,212
 75010,0,38457,1169,848,1904,2379,529,37754,37241,0,0,519,1365,0,2627,1288,640,1149,103,410,0,0,0,1246,38372,208,208,0,105,0,1254,212
 75015,0,38457,1169,848,1904,2379,529,37759,37241,0,0,519,1365,0,2627,1288,640,1149,103,410,0,0,0,1246,38372,208,208,0,105,0,1254,212
 75020,0,38457,1169,848,1904,2379,529,37764,37241,0,0,519,1365,0,2627,1288,640,1149,103,410,0,0,0,1246,38372,208,208,0,105,0,1254,212
 75025,0,38457,1169,848,1904,2379,529,37769,37241,0,0,519,1365,0,2627,1288,640,1149,103,410,0,0,0,1246,38372,208,208,0,105,0,1254,212
 75030,0,38457,1169,848,1904,2379,529,37771,37241,0,0,519,1365,0,2627,1288,640,1149,103,410,0,0,0,1246,38372,208,208,0,105,0,1254,212
 75035,0,38457,1169,848,1904,2379,529,37771,37241,0,0,519,1365,0,2627,1288,640,1149,103,410,0,0,0,1246,38372,208,208,0,105,0,1254,212
 75040,0,38457,1169,848,1904,2379,529,37771,37241,0,0,519,1365,0,2627,1288,640,1149,103,410,0,0,0,1246,38372,208,208,0,105,0,1254,212
 75045,0,38457,1169,848,1904,2379,529,37771,37241,0,0,519,1365,0,2627,1288,640,1149,103,410,0,0,0,1246,38372,208,208,0,105,0,1254,212
 75050,0,38457,1169,848,1904,2379,529,37771,37241,0,0,519,1365,0,2627,1288,640,1149,103,410,0,0,0,1246,38372,208,208,0,105,0,1254,212
 75055,0,38457,1169,848,1904,2379,529,37771,37241,0,0,519,1365,0,2627,1288,640,1149,103,410,0,0,0,1246,38372,208,208,0,105,0,1254,212
 75060,0,38457,1169,848,1904,2379,529,37771,37241,0,0,519,1365,0,2627,1288,640,1149,103,410,0,0,0,1246,38372,208,208,0,105,0,1254,212
 75065,0,38457,1169,848,1904,2379,529,37771,37241,0,0,519,1365,0,2627,1288,640,1149,103,410,0,0,0,1246,38372,208,208,0,105,0,1254,212
 75070,0,38457,1169,848,1904,2379,529,37771,37241,0,0,519,1365,0,2627,1288,640,1149,103,410,0,0,0,1246,38372,208,208,0,105,0,1254,212
 75075,0,38457,1169,848,1904,2379,529,37771,37241,0,0,519,1365,0,2627,1288,640,1149,103,410,0,0,0,1246,38372,208,208,0,105,0,1254,212
 75080,0,38457,1169,848,1904,2379,529,37771,37241,0,0,519,1365,0,2627,1288,640,1149,103,410,0,0,0,1246,38372,208,208,0,105,0,1254,212
 75085,0,38457,1169,848,1904,2379,529,37771,37241,0,0,519,1365,0,2627,1288,640,1149,103,410,0,0,0,1246,38372,208,208,0,105,0,1254,212
 75090,0,38457,1169,848,1904,2379,529,37771,37241,0,0,519,1365,0,2627,1288,640,1149,103,410,0,0,0,1246,38372,208,208,0,105,0,1254,212
 75095,0,38457,1169,848,1904,2379,529,37771,37241,0,0,519,1365,0,2627,1288,640,1149,103,410,0,0,0,1246,38372,208,208,0,105,0,1254,212
 75100,0,38457,1169,848,1904,2379,529,37771,37241,0,0,519,1365,0,2627,1288,640,1149,103,410,0,0,0,1246,38377,208,208,0,105,0,1254,212
 75105,0,38457,1169,848,1904,2379,529,37771,37241,0,0,519,1365,0,2627,1288,640,1149,103,410,0,0,0,1246,38382,208,208,0,105,0,1254,212
 75110,0,38457,1169,848,1904,2379,529,37771,37241,0,0,519,1365,0,2627,1288,640,1149,103,410,0,0,0,1246,38387,208,208,0,105,0,1254,212
 75115,0,38457,1169,848,1904,2379,529,37771,37243,0,0,519,1365,0,2627,1288,640,1149,103,410,0,0,0,1246,38392,208,208,0,105,0,1254,212
 75120,0,38457,1169,848,1904,2379,529,37774,37248,0,0,519,1365,0,2627,1288,640,1149,103,410,0,0,0,1246,38397,208,208,0,105,0,1254,212
 75125,0,38459,1169,848,1904,2379,529,37779,37253,0,0,519,1365,0,2627,1288,640,1149,103,410,0,0,0,1246,38402,208,208,0,105,0,1254,212
 75130,0,38464,1169,848,1904,2379,529,37784,37258,0,0,519,1365,0,2627,1288,640,1149,103,410,0,0,0,1246,38407,208,208,0,105,0,1254,212
 75135,0,38469,1169,848,1904,2379,529,37789,37263,0,0,519,1365,0,2627,1288,640,1149,103,410,0,0,0,1246,38412,208,208,0,105,0,1254,212
 75140,0,38474,1169,848,1904,2379,529,37794,37268,0,0,519,1365,0,2627,1288,640,1149,103,410,0,0,0,1246,38417,208,208,0,105,0,1254,212
 75145,0,38479,1169,848,1904,2379,529,37799,37273,0,0,519,1365,0,2627,1288,640,1149,103,410,0,0,0,1246,38422,208,208,0,105,0,1254,212
 75150,0,38484,1169,848,1904,2379,529,37804,37278,0,0,519,1365,0,2627,1288,640,1149,103,410,0,0,0,1246,38427,208,208,0,105,0,1254,212
 75155,0,38489,1169,848,1904,2379,529,37809,37283,0,0,519,1365,0,2627,1288,640,1149,103,410,0,0,0,1246,38432,208,208,0,105,0,1254,212
 75160,0,38494,1169,848,1904,2379,529,37814,37288,0,0,519,1365,0,2627,1288,640,1149,103,410,0,0,0,1246,38437,208,208,0,105,0,1254,212
 75165,0,38499,1169,848,1904,2379,529,37819,37293,0,0,519,1365,0,2627,1288,640,1149,103,410,0,0,0,1246,38442,208,208,0,105,0,1254,212
 75170,0,38504,1169,848,1904,2379,529,37824,37298,0,0,519,1365,0,2627,1288,640,1149,103,410,0,0,0,1246,38447,208,208,0,105,0,1254,212
 75175,0,38509,1169,848,1904,2379,529,37829,37303,0,0,519,1365,0,2627,1288,640,1149,103,410,0,0,0,1246,38452,208,208,0,105,0,1254,212
 75180,0,38514,1169,848,1904,2379,529,37834,37308,0,0,519,1365,0,2627,1288,640,1149,103,410,0,0,0,1246,38457,208,208,0,105,0,1254,212
 75185,0,38519,1169,848,1904,2379,529,37839,37313,0,0,519,1365,0,2627,1288,640,1149,103,410,0,0,0,1246,38462,208,208,0,105,0,1254,212
 75190,0,38524,1169,848,1904,2379,529,37844,37318,0,0,519,1365,0,2627,1288,640,1149,103,410,0,0,0,1246,38467,208,208,0,105,0,1254,212
 75195,0,38529,1169,848,1904,2379,529,37849,37323,0,0,519,1365,0,2627,1288,640,1149,103,410,0,0,0,1246,38472,208,208,0,105,0,1254,212
 75200,0,38534,1169,848,1904,2379,529,37854,37328,0,0,519,1365,0,2627,1288,640,1149,103,410,0,0,0,1246,38475,208,208,0,105,0,1254,212
 75205,0,38539,1169,848,1904,2379,529,37859,37333,0,0,519,1365,0,2627,1288,640,1149,103,410,0,0,0,1246,38475,208,208,0,105,0,1254,212
 75210,0,38544,1169,848,1904,2379,529,37864,37338,0,0,519,1365,0,2627,1288,640,1149,103,410,0,0,0,1246,38475,208,208,0,105,0,1254,212
 75215,0,38549,1169,848,1904,2379,529,37869,37343,0,0,519,1365,0,2627,1288,640,1149,103,410,0,0,0,1246,38475,208,208,0,105,0,1254,212
 75220,0,38554,1169,848,1904,2379,529,37874,37346,0,0,519,1365,0,2627,1288,640,1149,103,410,0,0,0,1246,38475,208,208,0,105,0,1254,212
 75225,0,38560,1169,848,1904,2379,529,37874,37346,0,0,519,1365,0,2627,1288,640,1149,103,410,0,0,0,1246,38475,208,208,0,105,0,1254,212
 75230,0,38560,1169,848,1904,2379,529,37874,37346,0,0,519,1365,0,2627,1288,640,1149,103,410,0,0,0,1246,38475,208,208,0,105,0,1254,212
 75235,0,38560,1169,848,1904,2379,529,37874,37346,0,0,519,1365,0,2627,1288,640,1149,103,410,0,0,0,1246,38475,208,208,0,105,0,1254,212
 75240,0,38560,1169,848,1904,2379,529,37874,37346,0,0,519,1365,0,2627,1288,640,1149,103,410,0,0,0,1246,38475,208,208,0,105,0,1254,212
 75245,0,38560,1169,848,1904,2379,529,37874,37346,0,0,519,1365,0,2627,1288,640,1149,103,410,0,0,0,1246,38475,208,208,0,105,0,1254,212
 75250,0,38560,1169,848,1904,2379,529,37874,37346,0,0,519,1365,0,2627,1288,640,1149,103,410,0,0,0,1246,38475,208,208,0,105,0,1254,212
 75255,0,38560,1169,848,1904,2379,529,37874,37346,0,0,519,1365,0,2627,1288,640,1149,103,410,0,0,0,1246,38475,208,208,0,105,0,1254,212
 75260,0,38560,1169,848,1904,2379,529,37874,37346,0,0,519,1365,0,2627,1288,640,1149,103,410,0,0,0,1246,38475,208,208,0,105,0,1254,212
 75265,0,38560,1169,848,1904,2379,529,37874,37346,0,0,519,1365,0,2627,1288,640,1149,103,410,0,0,0,1246,38475,208,208,0,105,0,1254,212
 75270,0,38560,1169,848,1904,2379,529,37874,37346,0,0,519,1365,0,2627,1288,640,1149,103,410,0,0,0,1246,38475,208,208,0,105,0,1254,212
 75275,0,38560,1169,848,1904,2379,529,37874,37346,0,0,519,1365,0,2627,1288,640,1149,103,410,0,0,0,1246,38475,208,208,0,105,0,1254,212
 75280,0,38560,1169,848,1904,2379,529,37874,37346,0,0,519,1365,0,2627,1288,640,1149,103,410,0,0,0,1246,38475,208,208,0,105,0,1254,212
 75285,0,38560,1169,848,1904,2379,529,37874,37346,0,0,519,1365,0,2627,1288,640,1149,103,410,0,0,0,1246,38475,208,208,0,105,0,1254,212
 75290,0,38560,1169,848,1904,2379,529,37874,37346,0,0,519,1365,0,2627,1288,640,1149,103,410,0,0,0,1246,38475,208,208,0,105,0,1254,212
 75295,0,38560,1169,848,1904,2379,529,37874,37346,0,0,519,1365,0,2627,1288,640,1149,103,410,0,0,0,1246,38475,208,208,0,105,0,1254,212
 75300,0,38560,1169,848,1904,2379,529,37874,37346,0,0,519,1365,0,2627,1288,640,1149,103,410,0,0,0,1246,38475,208,208,0,105,0,1254,212
 75305,0,38560,1169,848,1904,2379,529,37874,37346,0,0,519,1365,0,2627,1288,640,1149,103,410,0,0,0,1246,38475,208,208,0,105,0,1254,212
 75310,0,38560,1169,848,1904,2379,529,37874,37346,0,0,519,1365,0,2627,1288,640,1149,103,410,0,0,0,1246,38475,208,208,0,105,0,1254,212
 75315,0,38560,1169,848,1904,2379,529,37874,37346,0,0,519,1365,0,2627,1288,640,1149,103,410,0,0,0,1246,38475,208,208,0,105,0,1254,212
 75320,0,38560,1169,848,1904,2379,529,37874,37346,0,0,519,1365,0,2627,1288,640,1149,103,410,0,0,0,1246,38475,208,208,0,105,0,1254,212
 75325,0,38560,1169,848,1904,2379,529,37874,37346,0,0,519,1365,0,2627,1288,640,1149,103,410,0,0,0,1246,38475,208,208,0,105,0,1254,212
 75330,0,38560,1169,848,1904,2379,529,37874,37346,0,0,519,1365,0,2627,1288,640,1149,103,410,0,0,0,1246,38475,208,208,0,105,0,1254,212
 75335,0,38560,1169,848,1904,2379,529,37874,37346,0,0,519,1365,0,2627,1288,640,1149,103,410,0,0,0,1246,38478,208,208,0,105,0,1254,212
 75340,0,38560,1169,848,1904,2379,529,37874,37346,0,0,519,1365,0,2627,1288,640,1149,103,410,0,0,0,1246,38483,208,208,0,105,0,1254,212
 75345,0,38560,1169,848,1904,2379,529,37874,37346,0,0,519,1365,0,2627,1288,640,1149,103,410,0,0,0,1246,38488,208,208,0,105,0,1254,212
 75350,0,38560,1169,848,1904,2379,529,37874,37348,0,0,519,1365,0,2627,1288,640,1149,103,410,0,0,0,1246,38493,208,208,0,105,0,1254,212
 75355,0,38560,1169,848,1904,2379,529,37874,37353,0,0,519,1365,0,2627,1288,640,1149,103,410,0,0,0,1246,38498,208,208,0,105,0,1254,212
 75360,0,38560,1169,848,1904,2379,529,37874,37358,0,0,519,1365,0,2627,1288,640,1149,103,410,0,0,0,1246,38503,208,208,0,105,0,1254,212
 75365,0,38560,1169,848,1904,2379,529,37874,37363,0,0,519,1365,0,2627,1288,640,1149,103,410,0,0,0,1246,38508,208,208,0,105,0,1254,212
 75370,0,38560,1169,848,1904,2379,529,37874,37368,0,0,519,1365,0,2627,1288,640,1149,103,410,0,0,0,1246,38513,208,208,0,105,0,1254,212
 75375,0,38560,1169,848,1904,2379,529,37873,37373,0,0,519,1365,0,2627,1288,640,1149,103,410,0,0,0,1246,38518,208,208,0,105,0,1254,212
 75380,0,38560,1169,848,1904,2379,529,37878,37378,0,0,519,1365,0,2627,1288,640,1149,103,410,0,0,0,1246,38523,208,208,0,105,0,1254,212
 75385,0,38560,1169,848,1904,2379,529,37883,37383,0,0,519,1365,0,2627,1288,640,1149,103,410,0,0,0,1246,38528,208,208,0,105,0,1254,212
 75390,0,38562,1169,848,1904,2379,529,37888,37388,0,0,519,1365,0,2627,1288,640,1149,103,410,0,0,0,1246,38533,208,208,0,105,0,1254,212
 75395,0,38567,1169,848,1904,2379,529,37893,37393,0,0,519,1365,0,2627,1288,640,1149,103,410,0,0,0,1246,38538,208,208,0,105,0,1254,212
 75400,0,38572,1169,848,1904,2379,529,37898,37398,0,0,519,1365,0,2627,1288,640,1149,103,410,0,0,0,1246,38543,208,208,0,105,0,1254,212
 75405,0,38577,1169,848,1904,2379,529,37903,37403,0,0,519,1365,0,2627,1288,640,1149,103,410,0,0,0,1246,38548,208,208,0,105,0,1254,212
 75410,0,38582,1169,848,1904,2379,529,37908,37408,0,0,519,1365,0,2627,1288,640,1149,103,410,0,0,0,1246,38553,208,208,0,105,0,1254,212
 75415,0,38587,1169,848,1904,2379,529,37913,37413,0,0,519,1365,0,2627,1288,640,1149,103,410,0,0,0,1246,38558,208,208,0,105,0,1254,212
 75420,0,38592,1169,848,1904,2379,529,37918,37418,0,0,519,1365,0,2627,1288,640,1149,103,410,0,0,0,1246,38563,208,208,0,105,0,1254,212
 75425,0,38597,1169,848,1904,2379,529,37923,37423,0,0,519,1365,0,2627,1288,640,1149,103,410,0,0,0,1246,38568,208,208,0,105,0,1254,212
 75430,0,38602,1169,848,1904,2379,529,37928,37428,0,0,519,1365,0,2627,1288,640,1149,103,410,0,0,0,1246,38573,208,208,0,105,0,1254,212
 75435,0,38607,1169,848,1904,2379,529,37933,37433,0,0,519,1365,0,2627,1288,640,1149,103,410,0,0,0,1246,38578,208,208,0,105,0,1254,212
 75440,0,38612,1169,848,1904,2379,529,37938,37438,0,0,519,1365,0,2627,1288,640,1149,103,410,0,0,0,1246,38582,208,208,0,105,0,1254,212
 75445,0,38617,1169,848,1904,2379,529,37943,37443,0,0,519,1365,0,2627,1288,640,1149,103,410,0,0,0,1246,38582,208,208,0,105,0,1254,212
 75450,0,38622,1169,848,1904,2379,529,37948,37448,0,0,519,1365,0,2627,1288,640,1149,103,410,0,0,0,1246,38582,208,208,0,105,0,1254,212
 75455,0,38627,1169,848,1904,2379,529,37953,37451,0,0,519,1365,0,2627,1288,640,1149,103,410,0,0,0,1246,38582,208,208,0,105,0,1254,212
 75460,0,38632,1169,848,1904,2379,529,37958,37451,0,0,519,1365,0,2627,1288,640,1149,103,410,0,0,0,1246,38582,208,208,0,105,0,1254,212
 75465,0,38637,1169,848,1904,2379,529,37963,37451,0,0,519,1365,0,2627,1288,640,1149,103,410,0,0,0,1246,38582,208,208,0,105,0,1254,212
 75470,0,38642,1169,848,1904,2379,529,37968,37451,0,0,519,1365,0,2627,1288,640,1149,103,410,0,0,0,1246,38582,208,208,0,105,0,1254,212
 75475,0,38647,1169,848,1904,2379,529,37973,37451,0,0,519,1365,0,2627,1288,640,1149,103,410,0,0,0,1246,38582,208,208,0,105,0,1254,212
 75480,0,38652,1169,848,1904,2379,529,37977,37451,0,0,519,1365,0,2627,1288,640,1149,103,410,0,0,0,1246,38582,208,208,0,105,0,1254,212
 75485,0,38657,1169,848,1904,2379,529,37977,37451,0,0,519,1365,0,2627,1288,640,1149,103,410,0,0,0,1246,38582,208,208,0,105,0,1254,212
 75490,0,38662,1169,848,1904,2379,529,37977,37451,0,0,519,1365,0,2627,1288,640,1149,103,410,0,0,0,1246,38582,208,208,0,105,0,1254,212
 75495,0,38665,1169,848,1904,2379,529,37977,37451,0,0,519,1365,0,2627,1288,640,1149,103,410,0,0,0,1246,38582,208,208,0,105,0,1254,212
 75500,0,38665,1169,848,1904,2379,529,37977,37451,0,0,519,1365,0,2627,1288,640,1149,103,410,0,0,0,1246,38582,208,208,0,105,0,1254,212
 75505,0,38665,1169,848,1904,2379,529,37977,37451,0,0,519,1365,0,2627,1288,640,1149,103,410,0,0,0,1246,38582,208,208,0,105,0,1254,212
 75510,0,38665,1169,848,1904,2379,529,37977,37451,0,0,519,1365,0,2627,1288,640,1149,103,410,0,0,0,1246,38582,208,208,0,105,0,1254,212
 75515,0,38665,1169,848,1904,2379,529,37977,37451,0,0,519,1365,0,2627,1288,640,1149,103,410,0,0,0,1246,38582,208,208,0,105,0,1254,212
 75520,0,38665,1169,848,1904,2379,529,37977,37451,0,0,519,1365,0,2627,1288,640,1149,103,410,0,0,0,1246,38582,208,208,0,105,0,1254,212
 75525,0,38665,1169,848,1904,2379,529,37977,37451,0,0,519,1365,0,2627,1288,640,1149,103,410,0,0,0,1246,38582,208,208,0,105,0,1254,212
 75530,0,38665,1169,848,1904,2379,529,37977,37451,0,0,519,1365,0,2627,1288,640,1149,103,410,0,0,0,1246,38582,208,208,0,105,0,1254,212
 75535,0,38665,1169,848,1904,2379,529,37977,37451,0,0,519,1365,0,2627,1288,640,1149,103,410,0,0,0,1246,38582,208,208,0,105,0,1254,212
 75540,0,38665,1169,848,1904,2379,529,37977,37456,0,0,519,1365,0,2627,1288,640,1149,103,410,0,0,0,1246,38582,208,208,0,105,0,1254,212
 75545,0,38665,1169,848,1904,2379,529,37977,37461,0,0,519,1365,0,2627,1288,640,1149,103,410,0,0,0,1246,38582,208,208,0,105,0,1254,212
 75550,0,38665,1169,848,1904,2379,529,37977,37466,0,0,519,1365,0,2627,1288,640,1149,103,410,0,0,0,1246,38582,208,208,0,105,0,1254,212
 75555,0,38665,1169,848,1904,2379,529,37977,37471,0,0,519,1365,0,2627,1288,640,1149,103,410,0,0,0,1246,38582,208,208,0,105,0,1254,212
 75560,0,38665,1169,848,1904,2379,529,37977,37476,0,0,519,1365,0,2627,1288,640,1149,103,410,0,0,0,1246,38582,208,208,0,105,0,1254,212
 75565,0,38665,1169,848,1904,2379,529,37977,37481,0,0,519,1365,0,2627,1288,640,1149,103,410,0,0,0,1246,38582,208,208,0,105,0,1254,212
 75570,0,38665,1169,848,1904,2379,529,37977,37486,0,0,519,1365,0,2627,1288,640,1149,103,410,0,0,0,1246,38582,208,208,0,105,0,1254,212
 75575,0,38665,1169,848,1904,2379,529,37980,37491,0,0,519,1365,0,2627,1288,640,1149,103,410,0,0,0,1246,38582,208,208,0,105,0,1254,212
 75580,0,38665,1169,848,1904,2379,529,37985,37496,0,0,519,1365,0,2627,1288,640,1149,103,410,0,0,0,1246,38582,208,208,0,105,0,1254,212
 75585,0,38665,1169,848,1904,2379,529,37990,37501,0,0,519,1365,0,2627,1288,640,1149,103,410,0,0,0,1246,38582,208,208,0,105,0,1254,212
 75590,0,38666,1169,848,1904,2379,529,37995,37506,0,0,519,1365,0,2627,1288,640,1149,103,410,0,0,0,1246,38587,208,208,0,105,0,1254,212
 75595,0,38671,1169,848,1904,2379,529,38000,37511,0,0,519,1365,0,2627,1288,640,1149,103,410,0,0,0,1246,38592,208,208,0,105,0,1254,212
 75600,0,38676,1169,848,1904,2379,529,38005,37516,0,0,519,1365,0,2627,1288,640,1149,103,410,0,0,0,1246,38597,208,208,0,105,0,1254,212
 75605,0,38681,1169,848,1904,2379,529,38010,37521,0,0,519,1365,0,2627,1288,640,1149,103,410,0,0,0,1246,38602,208,208,0,105,0,1254,212
 75610,0,38686,1169,848,1904,2379,529,38015,37526,0,0,519,1365,0,2627,1288,640,1149,103,410,0,0,0,1246,38607,208,208,0,105,0,1254,212
 75615,0,38691,1169,848,1904,2379,529,38020,37531,0,0,519,1365,0,2627,1288,640,1149,103,410,0,0,0,1246,38612,208,208,0,105,0,1254,212
 75620,0,38696,1169,848,1904,2379,529,38025,37536,0,0,519,1365,0,2627,1288,640,1149,103,410,0,0,0,1246,38617,208,208,0,105,0,1254,212
 75625,0,38701,1169,848,1904,2379,529,38030,37541,0,0,519,1365,0,2627,1288,640,1149,103,410,0,0,0,1246,38622,208,208,0,105,0,1254,212
 75630,0,38706,1169,848,1904,2379,529,38035,37546,0,0,519,1365,0,2627,1288,640,1149,103,410,0,0,0,1246,38627,208,208,0,105,0,1254,212
 75635,0,38711,1169,848,1904,2379,529,38040,37552,0,0,519,1365,0,2627,1288,640,1149,103,410,0,0,0,1246,38632,208,208,0,105,0,1254,212
 75640,0,38716,1169,848,1904,2379,529,38045,37552,0,0,519,1365,0,2627,1288,640,1149,103,410,0,0,0,1246,38637,208,208,0,105,0,1254,212
 75645,0,38721,1169,848,1904,2379,529,38050,37552,0,0,519,1365,0,2627,1288,640,1149,103,410,0,0,0,1246,38642,208,208,0,105,0,1254,212
 75650,0,38726,1169,848,1904,2379,529,38055,37552,0,0,519,1365,0,2627,1288,640,1149,103,410,0,0,0,1246,38647,208,208,0,105,0,1254,212
 75655,0,38731,1169,848,1904,2379,529,38060,37552,0,0,519,1365,0,2627,1288,640,1149,103,410,0,0,0,1246,38652,208,208,0,105,0,1254,212
 75660,0,38736,1169,848,1904,2379,529,38065,37552,0,0,519,1365,0,2627,1288,640,1149,103,410,0,0,0,1246,38657,208,208,0,105,0,1254,212
 75665,0,38741,1169,848,1904,2379,529,38070,37552,0,0,519,1365,0,2627,1288,640,1149,103,410,0,0,0,1246,38662,208,208,0,105,0,1254,212
 75670,0,38746,1169,848,1904,2379,529,38075,37552,0,0,519,1365,0,2627,1288,640,1149,103,410,0,0,0,1246,38667,208,208,0,105,0,1254,212
 75675,0,38751,1169,848,1904,2379,529,38080,37552,0,0,519,1365,0,2627,1288,640,1149,103,410,0,0,0,1246,38672,208,208,0,105,0,1254,212
 75680,0,38756,1169,848,1904,2379,529,38084,37552,0,0,519,1365,0,2627,1288,640,1149,103,410,0,0,0,1246,38677,208,208,0,105,0,1254,212
 75685,0,38761,1169,848,1904,2379,529,38084,37552,0,0,519,1365,0,2627,1288,640,1149,103,410,0,0,0,1246,38682,208,208,0,105,0,1254,212
 75690,0,38766,1169,848,1904,2379,529,38084,37552,0,0,519,1365,0,2627,1288,640,1149,103,410,0,0,0,1246,38687,208,208,0,105,0,1254,212
 75695,0,38772,1169,848,1904,2379,529,38084,37552,0,0,519,1365,0,2627,1288,640,1149,103,410,0,0,0,1246,38689,208,208,0,105,0,1254,212
 75700,0,38772,1169,848,1904,2379,529,38084,37552,0,0,519,1365,0,2627,1288,640,1149,103,410,0,0,0,1246,38689,208,208,0,105,0,1254,212
 75705,0,38772,1169,848,1904,2379,529,38084,37552,0,0,519,1365,0,2627,1288,640,1149,103,410,0,0,0,1246,38689,208,208,0,105,0,1254,212
 75710,0,38772,1169,848,1904,2379,529,38084,37552,0,0,519,1365,0,2627,1288,640,1149,103,410,0,0,0,1246,38689,208,208,0,105,0,1254,212
 75715,0,38772,1169,848,1904,2379,529,38084,37552,0,0,519,1365,0,2627,1288,640,1149,103,410,0,0,0,1246,38689,208,208,0,105,0,1254,212
 75720,0,38772,1169,848,1904,2379,529,38084,37552,0,0,519,1365,0,2627,1288,640,1149,103,410,0,0,0,1246,38689,208,208,0,105,0,1254,212
 75725,0,38772,1169,848,1904,2379,529,38084,37552,0,0,519,1365,0,2627,1288,640,1149,103,410,0,0,0,1246,38689,208,208,0,105,0,1254,212
 75730,0,38772,1169,848,1904,2379,529,38084,37552,0,0,519,1365,0,2627,1288,640,1149,103,410,0,0,0,1246,38689,208,208,0,105,0,1254,212
 75735,0,38772,1169,848,1904,2379,529,38084,37552,0,0,519,1365,0,2627,1288,640,1149,103,410,0,0,0,1246,38689,208,208,0,105,0,1254,212
 75740,0,38772,1169,848,1904,2379,529,38084,37552,0,0,519,1365,0,2627,1288,640,1149,103,410,0,0,0,1246,38689,208,208,0,105,0,1254,212
 75745,0,38772,1169,848,1904,2379,529,38084,37552,0,0,519,1365,0,2627,1288,640,1149,103,410,0,0,0,1246,38689,208,208,0,105,0,1254,212
 75750,0,38772,1169,848,1904,2379,529,38084,37552,0,0,519,1365,0,2627,1288,640,1149,103,410,0,0,0,1246,38689,208,208,0,105,0,1254,212
 75755,0,38772,1169,848,1904,2379,529,38084,37552,0,0,519,1365,0,2627,1288,640,1149,103,410,0,0,0,1246,38689,208,208,0,105,0,1254,212
 75760,0,38774,1169,848,1904,2379,529,38084,37552,0,0,519,1365,0,2627,1288,640,1149,103,410,0,0,0,1246,38689,208,208,0,105,0,1254,212
 75765,0,38779,1169,848,1904,2379,529,38084,37552,0,0,519,1365,0,2627,1288,640,1149,103,410,0,0,0,1246,38689,208,208,0,105,0,1254,212
 75770,0,38784,1169,848,1904,2379,529,38084,37552,0,0,519,1365,0,2627,1288,640,1149,103,410,0,0,0,1246,38689,208,208,0,105,0,1254,212
 75775,0,38789,1169,848,1904,2379,529,38084,37552,0,0,519,1365,0,2627,1288,640,1149,103,410,0,0,0,1246,38689,208,208,0,105,0,1254,212
 75780,0,38794,1169,848,1904,2379,529,38084,37552,0,0,519,1365,0,2627,1288,640,1149,103,410,0,0,0,1246,38692,208,208,0,105,0,1254,212
 75785,0,38799,1169,848,1904,2379,529,38084,37552,0,0,519,1365,0,2627,1288,640,1149,103,410,0,0,0,1246,38697,208,208,0,105,0,1254,212
 75790,0,38804,1169,848,1904,2379,529,38084,37552,0,0,519,1365,0,2627,1288,640,1149,103,410,0,0,0,1246,38702,208,208,0,105,0,1254,212
 75795,0,38809,1169,848,1904,2379,529,38084,37552,0,0,519,1365,0,2627,1288,640,1149,103,410,0,0,0,1246,38707,208,208,0,105,0,1254,212
 75800,0,38814,1169,848,1904,2379,529,38087,37553,0,0,519,1365,0,2627,1288,640,1149,103,410,0,0,0,1246,38712,208,208,0,105,0,1254,212
 75805,0,38819,1169,848,1904,2379,529,38092,37558,0,0,519,1365,0,2627,1288,640,1149,103,410,0,0,0,1246,38717,208,208,0,105,0,1254,212
 75810,0,38824,1169,848,1904,2379,529,38097,37563,0,0,519,1365,0,2627,1288,640,1149,103,410,0,0,0,1246,38722,208,208,0,105,0,1254,212
 75815,0,38829,1169,848,1904,2379,529,38102,37568,0,0,519,1365,0,2627,1288,640,1149,103,410,0,0,0,1246,38727,208,208,0,105,0,1254,212
 75820,0,38834,1169,848,1904,2379,529,38107,37573,0,0,519,1365,0,2627,1288,640,1149,103,410,0,0,0,1246,38732,208,208,0,105,0,1254,212
 75825,0,38839,1169,848,1904,2379,529,38112,37578,0,0,519,1365,0,2627,1288,640,1149,103,410,0,0,0,1246,38737,208,208,0,105,0,1254,212
 75830,0,38844,1169,848,1904,2379,529,38117,37583,0,0,519,1365,0,2627,1288,640,1149,103,410,0,0,0,1246,38742,208,208,0,105,0,1254,212
 75835,0,38849,1169,848,1904,2379,529,38122,37588,0,0,519,1365,0,2627,1288,640,1149,103,410,0,0,0,1246,38747,208,208,0,105,0,1254,212
 75840,0,38854,1169,848,1904,2379,529,38127,37593,0,0,519,1365,0,2627,1288,640,1149,103,410,0,0,0,1246,38752,208,208,0,105,0,1254,212
 75845,0,38859,1169,848,1904,2379,529,38132,37598,0,0,519,1365,0,2627,1288,640,1149,103,410,0,0,0,1246,38757,208,208,0,105,0,1254,212
 75850,0,38864,1169,848,1904,2379,529,38137,37603,0,0,519,1365,0,2627,1288,640,1149,103,410,0,0,0,1246,38762,208,208,0,105,0,1254,212
 75855,0,38869,1169,848,1904,2379,529,38142,37608,0,0,519,1365,0,2627,1288,640,1149,103,410,0,0,0,1246,38767,208,208,0,105,0,1254,212
 75860,0,38874,1169,848,1904,2379,529,38147,37613,0,0,519,1365,0,2627,1288,640,1149,103,410,0,0,0,1246,38772,208,208,0,105,0,1254,212
 75865,0,38877,1169,848,1904,2379,529,38152,37618,0,0,519,1365,0,2627,1288,640,1149,103,410,0,0,0,1246,38777,208,208,0,105,0,1254,212
 75870,0,38877,1169,848,1904,2379,529,38157,37623,0,0,519,1365,0,2627,1288,640,1149,103,410,0,0,0,1246,38782,208,208,0,105,0,1254,212
 75875,0,38877,1169,848,1904,2379,529,38162,37628,0,0,519,1365,0,2627,1288,640,1149,103,410,0,0,0,1246,38787,208,208,0,105,0,1254,212
 75880,0,38877,1169,848,1904,2379,529,38167,37633,0,0,519,1365,0,2627,1288,640,1149,103,410,0,0,0,1246,38792,208,208,0,105,0,1254,212
 75885,0,38877,1169,848,1904,2379,529,38172,37638,0,0,519,1365,0,2627,1288,640,1149,103,410,0,0,0,1246,38792,208,208,0,105,0,1254,212
 75890,0,38877,1169,848,1904,2379,529,38177,37643,0,0,519,1365,0,2627,1288,640,1149,103,410,0,0,0,1246,38792,208,208,0,105,0,1254,212
 75895,0,38877,1169,848,1904,2379,529,38182,37648,0,0,519,1365,0,2627,1288,640,1149,103,410,0,0,0,1246,38792,208,208,0,105,0,1254,212
 75900,0,38877,1169,848,1904,2379,529,38187,37653,0,0,519,1365,0,2627,1288,640,1149,103,410,0,0,0,1246,38792,208,208,0,105,0,1254,212
 75905,0,38877,1169,848,1904,2379,529,38191,37657,0,0,519,1365,0,2627,1288,640,1149,103,410,0,0,0,1246,38792,208,208,0,105,0,1254,212
 75910,0,38877,1169,848,1904,2379,529,38191,37657,0,0,519,1365,0,2627,1288,640,1149,103,410,0,0,0,1246,38792,208,208,0,105,0,1254,212
 75915,0,38877,1169,848,1904,2379,529,38191,37657,0,0,519,1365,0,2627,1288,640,1149,103,410,0,0,0,1246,38792,208,208,0,105,0,1254,212
 75920,0,38877,1169,848,1904,2379,529,38191,37657,0,0,519,1365,0,2627,1288,640,1149,103,410,0,0,0,1246,38792,208,208,0,105,0,1254,212
 75925,0,38877,1169,848,1904,2379,529,38191,37657,0,0,519,1365,0,2627,1288,640,1149,103,410,0,0,0,1246,38792,208,208,0,105,0,1254,212
 75930,0,38877,1169,848,1904,2379,529,38191,37657,0,0,519,1365,0,2627,1288,640,1149,103,410,0,0,0,1246,38792,208,208,0,105,0,1254,212
 75935,0,38877,1169,848,1904,2379,529,38191,37657,0,0,519,1365,0,2627,1288,640,1149,103,410,0,0,0,1246,38792,208,208,0,105,0,1254,212
 75940,0,38877,1169,848,1904,2379,529,38191,37657,0,0,519,1365,0,2627,1288,640,1149,103,410,0,0,0,1246,38792,208,208,0,105,0,1254,212
 75945,0,38877,1169,848,1904,2379,529,38191,37657,0,0,519,1365,0,2627,1288,640,1149,103,410,0,0,0,1246,38792,208,208,0,105,0,1254,212
 75950,0,38877,1169,848,1904,2379,529,38191,37657,0,0,519,1365,0,2627,1288,640,1149,103,410,0,0,0,1246,38792,208,208,0,105,0,1254,212
 75955,0,38877,1169,848,1904,2379,529,38191,37657,0,0,519,1365,0,2627,1288,640,1149,103,410,0,0,0,1246,38792,208,208,0,105,0,1254,212
 75960,0,38877,1169,848,1904,2379,529,38191,37657,0,0,519,1365,0,2627,1288,640,1149,103,410,0,0,0,1246,38792,208,208,0,105,0,1254,212
 75965,0,38877,1169,848,1904,2379,529,38191,37657,0,0,519,1365,0,2627,1288,640,1149,103,410,0,0,0,1246,38792,208,208,0,105,0,1254,212
 75970,0,38877,1169,848,1904,2379,529,38191,37657,0,0,519,1365,0,2627,1288,640,1149,103,410,0,0,0,1246,38795,208,208,0,105,0,1254,212
 75975,0,38877,1169,848,1904,2379,529,38191,37657,0,0,519,1365,0,2627,1288,640,1149,103,410,0,0,0,1246,38800,208,208,0,105,0,1254,212
 75980,0,38876,1169,848,1904,2379,529,38191,37657,0,0,519,1365,0,2627,1288,640,1149,103,410,0,0,0,1246,38805,208,208,0,105,0,1254,212
 75985,0,38881,1169,848,1904,2379,529,38191,37657,0,0,519,1365,0,2627,1288,640,1149,103,410,0,0,0,1246,38810,208,208,0,105,0,1254,212
 75990,0,38886,1169,848,1904,2379,529,38191,37657,0,0,519,1365,0,2627,1288,640,1149,103,410,0,0,0,1246,38815,208,208,0,105,0,1254,212
 75995,0,38891,1169,848,1904,2379,529,38191,37657,0,0,519,1365,0,2627,1288,640,1149,103,410,0,0,0,1246,38820,208,208,0,105,0,1254,212
 76000,0,38896,1169,848,1904,2379,529,38191,37657,0,0,519,1365,0,2627,1288,640,1149,103,410,0,0,0,1246,38825,208,208,0,105,0,1254,212
 76005,0,38901,1169,848,1904,2379,529,38191,37657,0,0,519,1365,0,2627,1288,640,1149,103,410,0,0,0,1246,38830,208,208,0,105,0,1254,212
 76010,0,38906,1169,848,1904,2379,529,38191,37659,0,0,519,1365,0,2627,1288,640,1149,103,410,0,0,0,1246,38835,208,208,0,105,0,1254,212
 76015,0,38911,1169,848,1904,2379,529,38191,37664,0,0,519,1365,0,2627,1288,640,1149,103,410,0,0,0,1246,38840,208,208,0,105,0,1254,212
 76020,0,38916,1169,848,1904,2379,529,38194,37669,0,0,519,1365,0,2627,1288,640,1149,103,410,0,0,0,1246,38845,208,208,0,105,0,1254,212
 76025,0,38921,1169,848,1904,2379,529,38199,37674,0,0,519,1365,0,2627,1288,640,1149,103,410,0,0,0,1246,38850,208,208,0,105,0,1254,212
 76030,0,38926,1169,848,1904,2379,529,38204,37679,0,0,519,1365,0,2627,1288,640,1149,103,410,0,0,0,1246,38855,208,208,0,105,0,1254,212
 76035,0,38931,1169,848,1904,2379,529,38209,37684,0,0,519,1365,0,2627,1288,640,1149,103,410,0,0,0,1246,38860,208,208,0,105,0,1254,212
 76040,0,38936,1169,848,1904,2379,529,38214,37689,0,0,519,1365,0,2627,1288,640,1149,103,410,0,0,0,1246,38865,208,208,0,105,0,1254,212
 76045,0,38941,1169,848,1904,2379,529,38219,37694,0,0,519,1365,0,2627,1288,640,1149,103,410,0,0,0,1246,38870,208,208,0,105,0,1254,212
 76050,0,38946,1169,848,1904,2379,529,38224,37699,0,0,519,1365,0,2627,1288,640,1149,103,410,0,0,0,1246,38875,208,208,0,105,0,1254,212
 76055,0,38951,1169,848,1904,2379,529,38229,37704,0,0,519,1365,0,2627,1288,640,1149,103,410,0,0,0,1246,38880,208,208,0,105,0,1254,212
 76060,0,38956,1169,848,1904,2379,529,38234,37709,0,0,519,1365,0,2627,1288,640,1149,103,410,0,0,0,1246,38885,208,208,0,105,0,1254,212
 76065,0,38961,1169,848,1904,2379,529,38239,37714,0,0,519,1365,0,2627,1288,640,1149,103,410,0,0,0,1246,38890,208,208,0,105,0,1254,212
 76070,0,38966,1169,848,1904,2379,529,38244,37719,0,0,519,1365,0,2627,1288,640,1149,103,410,0,0,0,1246,38895,208,208,0,105,0,1254,212
 76075,0,38971,1169,848,1904,2379,529,38249,37724,0,0,519,1365,0,2627,1288,640,1149,103,410,0,0,0,1246,38895,208,208,0,105,0,1254,212
 76080,0,38976,1169,848,1904,2379,529,38254,37729,0,0,519,1365,0,2627,1288,640,1149,103,410,0,0,0,1246,38895,208,208,0,105,0,1254,212
 76085,0,38978,1169,848,1904,2379,529,38259,37734,0,0,519,1365,0,2627,1288,640,1149,103,410,0,0,0,1246,38895,208,208,0,105,0,1254,212
 76090,0,38978,1169,848,1904,2379,529,38264,37739,0,0,519,1365,0,2627,1288,640,1149,103,410,0,0,0,1246,38895,208,208,0,105,0,1254,212
 76095,0,38978,1169,848,1904,2379,529,38269,37744,0,0,519,1365,0,2627,1288,640,1149,103,410,0,0,0,1246,38895,208,208,0,105,0,1254,212
 76100,0,38978,1169,848,1904,2379,529,38274,37749,0,0,519,1365,0,2627,1288,640,1149,103,410,0,0,0,1246,38895,208,208,0,105,0,1254,212
 76105,0,38978,1169,848,1904,2379,529,38279,37754,0,0,519,1365,0,2627,1288,640,1149,103,410,0,0,0,1246,38895,208,208,0,105,0,1254,212
 76110,0,38978,1169,848,1904,2379,529,38284,37759,0,0,519,1365,0,2627,1288,640,1149,103,410,0,0,0,1246,38895,208,208,0,105,0,1254,212
 76115,0,38978,1169,848,1904,2379,529,38289,37762,0,0,519,1365,0,2627,1288,640,1149,103,410,0,0,0,1246,38895,208,208,0,105,0,1254,212
 76120,0,38978,1169,848,1904,2379,529,38294,37762,0,0,519,1365,0,2627,1288,640,1149,103,410,0,0,0,1246,38895,208,208,0,105,0,1254,212
 76125,0,38978,1169,848,1904,2379,529,38294,37762,0,0,519,1365,0,2627,1288,640,1149,103,410,0,0,0,1246,38895,208,208,0,105,0,1254,212
 76130,0,38978,1169,848,1904,2379,529,38294,37762,0,0,519,1365,0,2627,1288,640,1149,103,410,0,0,0,1246,38895,208,208,0,105,0,1254,212
 76135,0,38978,1169,848,1904,2379,529,38294,37762,0,0,519,1365,0,2627,1288,640,1149,103,410,0,0,0,1246,38895,208,208,0,105,0,1254,212
 76140,0,38978,1169,848,1904,2379,529,38294,37762,0,0,519,1365,0,2627,1288,640,1149,103,410,0,0,0,1246,38895,208,208,0,105,0,1254,212
 76145,0,38978,1169,848,1904,2379,529,38294,37762,0,0,519,1365,0,2627,1288,640,1149,103,410,0,0,0,1246,38895,208,208,0,105,0,1254,212
 76150,0,38978,1169,848,1904,2379,529,38294,37762,0,0,519,1365,0,2627,1288,640,1149,103,410,0,0,0,1246,38895,208,208,0,105,0,1254,212
 76155,0,38978,1169,848,1904,2379,529,38294,37762,0,0,519,1365,0,2627,1288,640,1149,103,410,0,0,0,1246,38895,208,208,0,105,0,1254,212
 76160,0,38978,1169,848,1904,2379,529,38294,37762,0,0,519,1365,0,2627,1288,640,1149,103,410,0,0,0,1246,38895,208,208,0,105,0,1254,212
 76165,0,38978,1169,848,1904,2379,529,38294,37762,0,0,519,1365,0,2627,1288,640,1149,103,410,0,0,0,1246,38895,208,208,0,105,0,1254,212
 76170,0,38978,1169,848,1904,2379,529,38294,37762,0,0,519,1365,0,2627,1288,640,1149,103,410,0,0,0,1246,38895,208,208,0,105,0,1254,212
 76175,0,38978,1169,848,1904,2379,529,38294,37762,0,0,519,1365,0,2627,1288,640,1149,103,410,0,0,0,1246,38895,208,208,0,105,0,1254,212
 76180,0,38978,1169,848,1904,2379,529,38294,37762,0,0,519,1365,0,2627,1288,640,1149,103,410,0,0,0,1246,38895,208,208,0,105,0,1254,212
 76185,0,38978,1169,848,1904,2379,529,38294,37762,0,0,519,1365,0,2627,1288,640,1149,103,410,0,0,0,1246,38895,208,208,0,105,0,1254,212
 76190,0,38978,1169,848,1904,2379,529,38294,37762,0,0,519,1365,0,2627,1288,640,1149,103,410,0,0,0,1246,38895,208,208,0,105,0,1254,212
 76195,0,38978,1169,848,1904,2379,529,38294,37762,0,0,519,1365,0,2627,1288,640,1149,103,410,0,0,0,1246,38895,208,208,0,105,0,1254,212
 76200,0,38978,1169,848,1904,2379,529,38294,37762,0,0,519,1365,0,2627,1288,640,1149,103,410,0,0,0,1246,38895,208,208,0,105,0,1254,212
 76205,0,38978,1169,848,1904,2379,529,38294,37762,0,0,519,1365,0,2627,1288,640,1149,103,410,0,0,0,1246,38895,208,208,0,105,0,1254,212
 76210,0,38978,1169,848,1904,2379,529,38294,37762,0,0,519,1365,0,2627,1288,640,1149,103,410,0,0,0,1246,38895,208,208,0,105,0,1254,212
 76215,0,38978,1169,848,1904,2379,529,38294,37762,0,0,519,1365,0,2627,1288,640,1149,103,410,0,0,0,1246,38895,208,208,0,105,0,1254,212
 76220,0,38978,1169,848,1904,2379,529,38294,37762,0,0,519,1365,0,2627,1288,640,1149,103,410,0,0,0,1246,38894,208,208,0,105,0,1254,212
 76225,0,38979,1169,848,1904,2379,529,38294,37762,0,0,519,1365,0,2627,1288,640,1149,103,410,0,0,0,1246,38899,208,208,0,105,0,1254,212
 76230,0,38984,1169,848,1904,2379,529,38294,37764,0,0,519,1365,0,2627,1288,640,1149,103,410,0,0,0,1246,38904,208,208,0,105,0,1254,212
 76235,0,38989,1169,848,1904,2379,529,38294,37769,0,0,519,1365,0,2627,1288,640,1149,103,410,0,0,0,1246,38909,208,208,0,105,0,1254,212
 76240,0,38994,1169,848,1904,2379,529,38294,37774,0,0,519,1365,0,2627,1288,640,1149,103,410,0,0,0,1246,38914,208,208,0,105,0,1254,212
 76245,0,38999,1169,848,1904,2379,529,38294,37779,0,0,519,1365,0,2627,1288,640,1149,103,410,0,0,0,1246,38919,208,208,0,105,0,1254,212
 76250,0,39004,1169,848,1904,2379,529,38294,37784,0,0,519,1365,0,2627,1288,640,1149,103,410,0,0,0,1246,38924,208,208,0,105,0,1254,212
 76255,0,39009,1169,848,1904,2379,529,38294,37789,0,0,519,1365,0,2627,1288,640,1149,103,410,0,0,0,1246,38929,208,208,0,105,0,1254,212
 76260,0,39014,1169,848,1904,2379,529,38297,37794,0,0,519,1365,0,2627,1288,640,1149,103,410,0,0,0,1246,38934,208,208,0,105,0,1254,212
 76265,0,39019,1169,848,1904,2379,529,38302,37799,0,0,519,1365,0,2627,1288,640,1149,103,410,0,0,0,1246,38939,208,208,0,105,0,1254,212
 76270,0,39024,1169,848,1904,2379,529,38307,37804,0,0,519,1365,0,2627,1288,640,1149,103,410,0,0,0,1246,38944,208,208,0,105,0,1254,212
 76275,0,39029,1169,848,1904,2379,529,38312,37809,0,0,519,1365,0,2627,1288,640,1149,103,410,0,0,0,1246,38949,208,208,0,105,0,1254,212
 76280,0,39034,1169,848,1904,2379,529,38317,37814,0,0,519,1365,0,2627,1288,640,1149,103,410,0,0,0,1246,38954,208,208,0,105,0,1254,212
 76285,0,39039,1169,848,1904,2379,529,38322,37819,0,0,519,1365,0,2627,1288,640,1149,103,410,0,0,0,1246,38959,208,208,0,105,0,1254,212
 76290,0,39044,1169,848,1904,2379,529,38327,37824,0,0,519,1365,0,2627,1288,640,1149,103,410,0,0,0,1246,38964,208,208,0,105,0,1254,212
 76295,0,39049,1169,848,1904,2379,529,38332,37829,0,0,519,1365,0,2627,1288,640,1149,103,410,0,0,0,1246,38969,208,208,0,105,0,1254,212
 76300,0,39054,1169,848,1904,2379,529,38337,37834,0,0,519,1365,0,2627,1288,640,1149,103,410,0,0,0,1246,38974,208,208,0,105,0,1254,212
 76305,0,39059,1169,848,1904,2379,529,38342,37839,0,0,519,1365,0,2627,1288,640,1149,103,410,0,0,0,1246,38979,208,208,0,105,0,1254,212
 76310,0,39064,1169,848,1904,2379,529,38347,37844,0,0,519,1365,0,2627,1288,640,1149,103,410,0,0,0,1246,38984,208,208,0,105,0,1254,212
 76315,0,39069,1169,848,1904,2379,529,38352,37849,0,0,519,1365,0,2627,1288,640,1149,103,410,0,0,0,1246,38989,208,208,0,105,0,1254,212
 76320,0,39074,1169,848,1904,2379,529,38357,37854,0,0,519,1365,0,2627,1288,640,1149,103,410,0,0,0,1246,38994,208,208,0,105,0,1254,212
 76325,0,39079,1169,848,1904,2379,529,38362,37859,0,0,519,1365,0,2627,1288,640,1149,103,410,0,0,0,1246,38998,208,208,0,105,0,1254,212
 76330,0,39083,1169,848,1904,2379,529,38367,37864,0,0,519,1365,0,2627,1288,640,1149,103,410,0,0,0,1246,38998,208,208,0,105,0,1254,212
 76335,0,39083,1169,848,1904,2379,529,38372,37867,0,0,519,1365,0,2627,1288,640,1149,103,410,0,0,0,1246,38998,208,208,0,105,0,1254,212
 76340,0,39083,1169,848,1904,2379,529,38377,37867,0,0,519,1365,0,2627,1288,640,1149,103,410,0,0,0,1246,38998,208,208,0,105,0,1254,212
 76345,0,39083,1169,848,1904,2379,529,38382,37867,0,0,519,1365,0,2627,1288,640,1149,103,410,0,0,0,1246,38998,208,208,0,105,0,1254,212
 76350,0,39083,1169,848,1904,2379,529,38387,37867,0,0,519,1365,0,2627,1288,640,1149,103,410,0,0,0,1246,38998,208,208,0,105,0,1254,212
 76355,0,39083,1169,848,1904,2379,529,38392,37867,0,0,519,1365,0,2627,1288,640,1149,103,410,0,0,0,1246,38998,208,208,0,105,0,1254,212
 76360,0,39083,1169,848,1904,2379,529,38397,37867,0,0,519,1365,0,2627,1288,640,1149,103,410,0,0,0,1246,38998,208,208,0,105,0,1254,212
 76365,0,39083,1169,848,1904,2379,529,38401,37867,0,0,519,1365,0,2627,1288,640,1149,103,410,0,0,0,1246,38998,208,208,0,105,0,1254,212
 76370,0,39083,1169,848,1904,2379,529,38401,37867,0,0,519,1365,0,2627,1288,640,1149,103,410,0,0,0,1246,38998,208,208,0,105,0,1254,212
 76375,0,39083,1169,848,1904,2379,529,38401,37867,0,0,519,1365,0,2627,1288,640,1149,103,410,0,0,0,1246,38998,208,208,0,105,0,1254,212
 76380,0,39083,1169,848,1904,2379,529,38401,37867,0,0,519,1365,0,2627,1288,640,1149,103,410,0,0,0,1246,38998,208,208,0,105,0,1254,212
 76385,0,39083,1169,848,1904,2379,529,38401,37867,0,0,519,1365,0,2627,1288,640,1149,103,410,0,0,0,1246,38998,208,208,0,105,0,1254,212
 76390,0,39083,1169,848,1904,2379,529,38401,37867,0,0,519,1365,0,2627,1288,640,1149,103,410,0,0,0,1246,38998,208,208,0,105,0,1254,212
 76395,0,39083,1169,848,1904,2379,529,38401,37867,0,0,519,1365,0,2627,1288,640,1149,103,410,0,0,0,1246,38998,208,208,0,105,0,1254,212
 76400,0,39083,1169,848,1904,2379,529,38401,37867,0,0,519,1365,0,2627,1288,640,1149,103,410,0,0,0,1246,38998,208,208,0,105,0,1254,212
 76405,0,39083,1169,848,1904,2379,529,38401,37867,0,0,519,1365,0,2627,1288,640,1149,103,410,0,0,0,1246,38998,208,208,0,105,0,1254,212
 76410,0,39083,1169,848,1904,2379,529,38401,37867,0,0,519,1365,0,2627,1288,640,1149,103,410,0,0,0,1246,38998,208,208,0,105,0,1254,212
 76415,0,39083,1169,848,1904,2379,529,38401,37867,0,0,519,1365,0,2627,1288,640,1149,103,410,0,0,0,1246,38998,208,208,0,105,0,1254,212
 76420,0,39083,1169,848,1904,2379,529,38401,37867,0,0,519,1365,0,2627,1288,640,1149,103,410,0,0,0,1246,38998,208,208,0,105,0,1254,212
 76425,0,39083,1169,848,1904,2379,529,38401,37867,0,0,519,1365,0,2627,1288,640,1149,103,410,0,0,0,1246,39001,208,208,0,105,0,1254,212
 76430,0,39083,1169,848,1904,2379,529,38401,37872,0,0,519,1365,0,2627,1288,640,1149,103,410,0,0,0,1246,39006,208,208,0,105,0,1254,212
 76435,0,39083,1169,848,1904,2379,529,38401,37877,0,0,519,1365,0,2627,1288,640,1149,103,410,0,0,0,1246,39011,208,208,0,105,0,1254,212
 76440,0,39083,1169,848,1904,2379,529,38401,37882,0,0,519,1365,0,2627,1288,640,1149,103,410,0,0,0,1246,39016,208,208,0,105,0,1254,212
 76445,0,39083,1169,848,1904,2379,529,38401,37887,0,0,519,1365,0,2627,1288,640,1149,103,410,0,0,0,1246,39021,208,208,0,105,0,1254,212
 76450,0,39084,1169,848,1904,2379,529,38401,37892,0,0,519,1365,0,2627,1288,640,1149,103,410,0,0,0,1246,39026,208,208,0,105,0,1254,212
 76455,0,39089,1169,848,1904,2379,529,38401,37897,0,0,519,1365,0,2627,1288,640,1149,103,410,0,0,0,1246,39031,208,208,0,105,0,1254,212
 76460,0,39094,1169,848,1904,2379,529,38401,37902,0,0,519,1365,0,2627,1288,640,1149,103,410,0,0,0,1246,39036,208,208,0,105,0,1254,212
 76465,0,39099,1169,848,1904,2379,529,38401,37907,0,0,519,1365,0,2627,1288,640,1149,103,410,0,0,0,1246,39041,208,208,0,105,0,1254,212
 76470,0,39104,1169,848,1904,2379,529,38401,37912,0,0,519,1365,0,2627,1288,640,1149,103,410,0,0,0,1246,39046,208,208,0,105,0,1254,212
 76475,0,39109,1169,848,1904,2379,529,38400,37917,0,0,519,1365,0,2627,1288,640,1149,103,410,0,0,0,1246,39051,208,208,0,105,0,1254,212
 76480,0,39114,1169,848,1904,2379,529,38405,37922,0,0,519,1365,0,2627,1288,640,1149,103,410,0,0,0,1246,39056,208,208,0,105,0,1254,212
 76485,0,39119,1169,848,1904,2379,529,38410,37927,0,0,519,1365,0,2627,1288,640,1149,103,410,0,0,0,1246,39061,208,208,0,105,0,1254,212
 76490,0,39124,1169,848,1904,2379,529,38415,37932,0,0,519,1365,0,2627,1288,640,1149,103,410,0,0,0,1246,39066,208,208,0,105,0,1254,212
 76495,0,39129,1169,848,1904,2379,529,38420,37937,0,0,519,1365,0,2627,1288,640,1149,103,410,0,0,0,1246,39071,208,208,0,105,0,1254,212
 76500,0,39134,1169,848,1904,2379,529,38425,37942,0,0,519,1365,0,2627,1288,640,1149,103,410,0,0,0,1246,39076,208,208,0,105,0,1254,212
 76505,0,39139,1169,848,1904,2379,529,38430,37947,0,0,519,1365,0,2627,1288,640,1149,103,410,0,0,0,1246,39081,208,208,0,105,0,1254,212
 76510,0,39144,1169,848,1904,2379,529,38435,37952,0,0,519,1365,0,2627,1288,640,1149,103,410,0,0,0,1246,39086,208,208,0,105,0,1254,212
 76515,0,39149,1169,848,1904,2379,529,38440,37957,0,0,519,1365,0,2627,1288,640,1149,103,410,0,0,0,1246,39091,208,208,0,105,0,1254,212
 76520,0,39154,1169,848,1904,2379,529,38445,37962,0,0,519,1365,0,2627,1288,640,1149,103,410,0,0,0,1246,39096,208,208,0,105,0,1254,212
 76525,0,39159,1169,848,1904,2379,529,38450,37967,0,0,519,1365,0,2627,1288,640,1149,103,410,0,0,0,1246,39101,208,208,0,105,0,1254,212
 76530,0,39164,1169,848,1904,2379,529,38455,37970,0,0,519,1365,0,2627,1288,640,1149,103,410,0,0,0,1246,39105,208,208,0,105,0,1254,212
 76535,0,39169,1169,848,1904,2379,529,38460,37970,0,0,519,1365,0,2627,1288,640,1149,103,410,0,0,0,1246,39105,208,208,0,105,0,1254,212
 76540,0,39174,1169,848,1904,2379,529,38465,37970,0,0,519,1365,0,2627,1288,640,1149,103,410,0,0,0,1246,39105,208,208,0,105,0,1254,212
 76545,0,39179,1169,848,1904,2379,529,38470,37970,0,0,519,1365,0,2627,1288,640,1149,103,410,0,0,0,1246,39105,208,208,0,105,0,1254,212
 76550,0,39184,1169,848,1904,2379,529,38475,37970,0,0,519,1365,0,2627,1288,640,1149,103,410,0,0,0,1246,39105,208,208,0,105,0,1254,212
 76555,0,39184,1169,848,1904,2379,529,38480,37970,0,0,519,1365,0,2627,1288,640,1149,103,410,0,0,0,1246,39105,208,208,0,105,0,1254,212
 76560,0,39184,1169,848,1904,2379,529,38485,37970,0,0,519,1365,0,2627,1288,640,1149,103,410,0,0,0,1246,39105,208,208,0,105,0,1254,212
 76565,0,39184,1169,848,1904,2379,529,38490,37970,0,0,519,1365,0,2627,1288,640,1149,103,410,0,0,0,1246,39105,208,208,0,105,0,1254,212
 76570,0,39184,1169,848,1904,2379,529,38495,37970,0,0,519,1365,0,2627,1288,640,1149,103,410,0,0,0,1246,39105,208,208,0,105,0,1254,212
 76575,0,39184,1169,848,1904,2379,529,38500,37970,0,0,519,1365,0,2627,1288,640,1149,103,410,0,0,0,1246,39105,208,208,0,105,0,1254,212
 76580,0,39184,1169,848,1904,2379,529,38506,37970,0,0,519,1365,0,2627,1288,640,1149,103,410,0,0,0,1246,39105,208,208,0,105,0,1254,212
 76585,0,39184,1169,848,1904,2379,529,38506,37970,0,0,519,1365,0,2627,1288,640,1149,103,410,0,0,0,1246,39105,208,208,0,105,0,1254,212
 76590,0,39184,1169,848,1904,2379,529,38506,37970,0,0,519,1365,0,2627,1288,640,1149,103,410,0,0,0,1246,39105,208,208,0,105,0,1254,212
 76595,0,39184,1169,848,1904,2379,529,38506,37970,0,0,519,1365,0,2627,1288,640,1149,103,410,0,0,0,1246,39105,208,208,0,105,0,1254,212
 76600,0,39184,1169,848,1904,2379,529,38506,37970,0,0,519,1365,0,2627,1288,640,1149,103,410,0,0,0,1246,39105,208,208,0,105,0,1254,212
 76605,0,39184,1169,848,1904,2379,529,38506,37970,0,0,519,1365,0,2627,1288,640,1149,103,410,0,0,0,1246,39105,208,208,0,105,0,1254,212
 76610,0,39184,1169,848,1904,2379,529,38506,37970,0,0,519,1365,0,2627,1288,640,1149,103,410,0,0,0,1246,39105,208,208,0,105,0,1254,212
 76615,0,39184,1169,848,1904,2379,529,38506,37970,0,0,519,1365,0,2627,1288,640,1149,103,410,0,0,0,1246,39105,208,208,0,105,0,1254,212
 76620,0,39184,1169,848,1904,2379,529,38506,37970,0,0,519,1365,0,2627,1288,640,1149,103,410,0,0,0,1246,39105,208,208,0,105,0,1254,212
 76625,0,39184,1169,848,1904,2379,529,38506,37970,0,0,519,1365,0,2627,1288,640,1149,103,410,0,0,0,1246,39105,208,208,0,105,0,1254,212
 76630,0,39184,1169,848,1904,2379,529,38506,37970,0,0,519,1365,0,2627,1288,640,1149,103,410,0,0,0,1246,39105,208,208,0,105,0,1254,212
 76635,0,39184,1169,848,1904,2379,529,38506,37970,0,0,519,1365,0,2627,1288,640,1149,103,410,0,0,0,1246,39105,208,208,0,105,0,1254,212
 76640,0,39184,1169,848,1904,2379,529,38506,37970,0,0,519,1365,0,2627,1288,640,1149,103,410,0,0,0,1246,39105,208,208,0,105,0,1254,212
 76645,0,39184,1169,848,1904,2379,529,38506,37970,0,0,519,1365,0,2627,1288,640,1149,103,410,0,0,0,1246,39105,208,208,0,105,0,1254,212
 76650,0,39184,1169,848,1904,2379,529,38506,37970,0,0,519,1365,0,2627,1288,640,1149,103,410,0,0,0,1246,39105,208,208,0,105,0,1254,212
 76655,0,39184,1169,848,1904,2379,529,38506,37970,0,0,519,1365,0,2627,1288,640,1149,103,410,0,0,0,1246,39105,208,208,0,105,0,1254,212
 76660,0,39184,1169,848,1904,2379,529,38506,37970,0,0,519,1365,0,2627,1288,640,1149,103,410,0,0,0,1246,39105,208,208,0,105,0,1254,212
 76665,0,39184,1169,848,1904,2379,529,38506,37972,0,0,519,1365,0,2627,1288,640,1149,103,410,0,0,0,1246,39105,208,208,0,105,0,1254,212
 76670,0,39184,1169,848,1904,2379,529,38506,37977,0,0,519,1365,0,2627,1288,640,1149,103,410,0,0,0,1246,39105,208,208,0,105,0,1254,212
 76675,0,39185,1169,848,1904,2379,529,38506,37982,0,0,519,1365,0,2627,1288,640,1149,103,410,0,0,0,1246,39110,208,208,0,105,0,1254,212
 76680,0,39190,1169,848,1904,2379,529,38506,37987,0,0,519,1365,0,2627,1288,640,1149,103,410,0,0,0,1246,39115,208,208,0,105,0,1254,212
 76685,0,39195,1169,848,1904,2379,529,38506,37992,0,0,519,1365,0,2627,1288,640,1149,103,410,0,0,0,1246,39120,208,208,0,105,0,1254,212
 76690,0,39200,1169,848,1904,2379,529,38506,37997,0,0,519,1365,0,2627,1288,640,1149,103,410,0,0,0,1246,39125,208,208,0,105,0,1254,212
 76695,0,39205,1169,848,1904,2379,529,38506,38002,0,0,519,1365,0,2627,1288,640,1149,103,410,0,0,0,1246,39130,208,208,0,105,0,1254,212
 76700,0,39210,1169,848,1904,2379,529,38506,38007,0,0,519,1365,0,2627,1288,640,1149,103,410,0,0,0,1246,39135,208,208,0,105,0,1254,212
 76705,0,39215,1169,848,1904,2379,529,38506,38012,0,0,519,1365,0,2627,1288,640,1149,103,410,0,0,0,1246,39140,208,208,0,105,0,1254,212
 76710,0,39220,1169,848,1904,2379,529,38506,38017,0,0,519,1365,0,2627,1288,640,1149,103,410,0,0,0,1246,39145,208,208,0,105,0,1254,212
 76715,0,39225,1169,848,1904,2379,529,38506,38022,0,0,519,1365,0,2627,1288,640,1149,103,410,0,0,0,1246,39150,208,208,0,105,0,1254,212
 76720,0,39230,1169,848,1904,2379,529,38506,38027,0,0,519,1365,0,2627,1288,640,1149,103,410,0,0,0,1246,39155,208,208,0,105,0,1254,212
 76725,0,39235,1169,848,1904,2379,529,38506,38032,0,0,519,1365,0,2627,1288,640,1149,103,410,0,0,0,1246,39160,208,208,0,105,0,1254,212
 76730,0,39240,1169,848,1904,2379,529,38506,38037,0,0,519,1365,0,2627,1288,640,1149,103,410,0,0,0,1246,39165,208,208,0,105,0,1254,212
 76735,0,39245,1169,848,1904,2379,529,38505,38042,0,0,519,1365,0,2627,1288,640,1149,103,410,0,0,0,1246,39170,208,208,0,105,0,1254,212
 76740,0,39250,1169,848,1904,2379,529,38510,38047,0,0,519,1365,0,2627,1288,640,1149,103,410,0,0,0,1246,39175,208,208,0,105,0,1254,212
 76745,0,39255,1169,848,1904,2379,529,38515,38052,0,0,519,1365,0,2627,1288,640,1149,103,410,0,0,0,1246,39180,208,208,0,105,0,1254,212
 76750,0,39260,1169,848,1904,2379,529,38520,38057,0,0,519,1365,0,2627,1288,640,1149,103,410,0,0,0,1246,39185,208,208,0,105,0,1254,212
 76755,0,39265,1169,848,1904,2379,529,38525,38062,0,0,519,1365,0,2627,1288,640,1149,103,410,0,0,0,1246,39190,208,208,0,105,0,1254,212
 76760,0,39270,1169,848,1904,2379,529,38530,38067,0,0,519,1365,0,2627,1288,640,1149,103,410,0,0,0,1246,39195,208,208,0,105,0,1254,212
 76765,0,39275,1169,848,1904,2379,529,38535,38072,0,0,519,1365,0,2627,1288,640,1149,103,410,0,0,0,1246,39200,208,208,0,105,0,1254,212
 76770,0,39280,1169,848,1904,2379,529,38540,38075,0,0,519,1365,0,2627,1288,640,1149,103,410,0,0,0,1246,39205,208,208,0,105,0,1254,212
 76775,0,39285,1169,848,1904,2379,529,38545,38075,0,0,519,1365,0,2627,1288,640,1149,103,410,0,0,0,1246,39210,208,208,0,105,0,1254,212
 76780,0,39289,1169,848,1904,2379,529,38550,38075,0,0,519,1365,0,2627,1288,640,1149,103,410,0,0,0,1246,39210,208,208,0,105,0,1254,212
 76785,0,39289,1169,848,1904,2379,529,38555,38075,0,0,519,1365,0,2627,1288,640,1149,103,410,0,0,0,1246,39210,208,208,0,105,0,1254,212
 76790,0,39289,1169,848,1904,2379,529,38560,38075,0,0,519,1365,0,2627,1288,640,1149,103,410,0,0,0,1246,39210,208,208,0,105,0,1254,212
 76795,0,39289,1169,848,1904,2379,529,38565,38075,0,0,519,1365,0,2627,1288,640,1149,103,410,0,0,0,1246,39210,208,208,0,105,0,1254,212
 76800,0,39289,1169,848,1904,2379,529,38570,38075,0,0,519,1365,0,2627,1288,640,1149,103,410,0,0,0,1246,39210,208,208,0,105,0,1254,212
 76805,0,39289,1169,848,1904,2379,529,38575,38075,0,0,519,1365,0,2627,1288,640,1149,103,410,0,0,0,1246,39210,208,208,0,105,0,1254,212
 76810,0,39289,1169,848,1904,2379,529,38580,38075,0,0,519,1365,0,2627,1288,640,1149,103,410,0,0,0,1246,39210,208,208,0,105,0,1254,212
 76815,0,39289,1169,848,1904,2379,529,38585,38075,0,0,519,1365,0,2627,1288,640,1149,103,410,0,0,0,1246,39210,208,208,0,105,0,1254,212
 76820,0,39289,1169,848,1904,2379,529,38590,38075,0,0,519,1365,0,2627,1288,640,1149,103,410,0,0,0,1246,39210,208,208,0,105,0,1254,212
 76825,0,39289,1169,848,1904,2379,529,38595,38075,0,0,519,1365,0,2627,1288,640,1149,103,410,0,0,0,1246,39210,208,208,0,105,0,1254,212
 76830,0,39289,1169,848,1904,2379,529,38600,38075,0,0,519,1365,0,2627,1288,640,1149,103,410,0,0,0,1246,39210,208,208,0,105,0,1254,212
 76835,0,39289,1169,848,1904,2379,529,38605,38075,0,0,519,1365,0,2627,1288,640,1149,103,410,0,0,0,1246,39210,208,208,0,105,0,1254,212
 76840,0,39289,1169,848,1904,2379,529,38611,38075,0,0,519,1365,0,2627,1288,640,1149,103,410,0,0,0,1246,39210,208,208,0,105,0,1254,212
 76845,0,39289,1169,848,1904,2379,529,38611,38075,0,0,519,1365,0,2627,1288,640,1149,103,410,0,0,0,1246,39210,208,208,0,105,0,1254,212
 76850,0,39289,1169,848,1904,2379,529,38611,38075,0,0,519,1365,0,2627,1288,640,1149,103,410,0,0,0,1246,39210,208,208,0,105,0,1254,212
 76855,0,39289,1169,848,1904,2379,529,38611,38075,0,0,519,1365,0,2627,1288,640,1149,103,410,0,0,0,1246,39210,208,208,0,105,0,1254,212
 76860,0,39289,1169,848,1904,2379,529,38611,38075,0,0,519,1365,0,2627,1288,640,1149,103,410,0,0,0,1246,39210,208,208,0,105,0,1254,212
 76865,0,39289,1169,848,1904,2379,529,38611,38075,0,0,519,1365,0,2627,1288,640,1149,103,410,0,0,0,1246,39210,208,208,0,105,0,1254,212
 76870,0,39289,1169,848,1904,2379,529,38611,38075,0,0,519,1365,0,2627,1288,640,1149,103,410,0,0,0,1246,39210,208,208,0,105,0,1254,212
 76875,0,39289,1169,848,1904,2379,529,38611,38075,0,0,519,1365,0,2627,1288,640,1149,103,410,0,0,0,1246,39210,208,208,0,105,0,1254,212
 76880,0,39289,1169,848,1904,2379,529,38611,38075,0,0,519,1365,0,2627,1288,640,1149,103,410,0,0,0,1246,39210,208,208,0,105,0,1254,212
 76885,0,39289,1169,848,1904,2379,529,38611,38075,0,0,519,1365,0,2627,1288,640,1149,103,410,0,0,0,1246,39210,208,208,0,105,0,1254,212
 76890,0,39289,1169,848,1904,2379,529,38611,38075,0,0,519,1365,0,2627,1288,640,1149,103,410,0,0,0,1246,39210,208,208,0,105,0,1254,212
 76895,0,39289,1169,848,1904,2379,529,38614,38080,0,0,519,1365,0,2627,1288,640,1149,103,410,0,0,0,1246,39209,208,208,0,105,0,1254,212
 76900,0,39289,1169,848,1904,2379,529,38619,38085,0,0,519,1365,0,2627,1288,640,1149,103,410,0,0,0,1246,39214,208,208,0,105,0,1254,212
 76905,0,39291,1169,848,1904,2379,529,38624,38090,0,0,519,1365,0,2627,1288,640,1149,103,410,0,0,0,1246,39219,208,208,0,105,0,1254,212
 76910,0,39296,1169,848,1904,2379,529,38629,38095,0,0,519,1365,0,2627,1288,640,1149,103,410,0,0,0,1246,39224,208,208,0,105,0,1254,212
 76915,0,39301,1169,848,1904,2379,529,38634,38100,0,0,519,1365,0,2627,1288,640,1149,103,410,0,0,0,1246,39229,208,208,0,105,0,1254,212
 76920,0,39306,1169,848,1904,2379,529,38639,38105,0,0,519,1365,0,2627,1288,640,1149,103,410,0,0,0,1246,39234,208,208,0,105,0,1254,212
 76925,0,39311,1169,848,1904,2379,529,38644,38110,0,0,519,1365,0,2627,1288,640,1149,103,410,0,0,0,1246,39239,208,208,0,105,0,1254,212
 76930,0,39316,1169,848,1904,2379,529,38649,38115,0,0,519,1365,0,2627,1288,640,1149,103,410,0,0,0,1246,39244,208,208,0,105,0,1254,212
 76935,0,39321,1169,848,1904,2379,529,38654,38120,0,0,519,1365,0,2627,1288,640,1149,103,410,0,0,0,1246,39249,208,208,0,105,0,1254,212
 76940,0,39326,1169,848,1904,2379,529,38659,38125,0,0,519,1365,0,2627,1288,640,1149,103,410,0,0,0,1246,39254,208,208,0,105,0,1254,212
 76945,0,39331,1169,848,1904,2379,529,38664,38130,0,0,519,1365,0,2627,1288,640,1149,103,410,0,0,0,1246,39259,208,208,0,105,0,1254,212
 76950,0,39336,1169,848,1904,2379,529,38669,38135,0,0,519,1365,0,2627,1288,640,1149,103,410,0,0,0,1246,39264,208,208,0,105,0,1254,212
 76955,0,39341,1169,848,1904,2379,529,38674,38140,0,0,519,1365,0,2627,1288,640,1149,103,410,0,0,0,1246,39269,208,208,0,105,0,1254,212
 76960,0,39346,1169,848,1904,2379,529,38679,38145,0,0,519,1365,0,2627,1288,640,1149,103,410,0,0,0,1246,39274,208,208,0,105,0,1254,212
 76965,0,39351,1169,848,1904,2379,529,38684,38150,0,0,519,1365,0,2627,1288,640,1149,103,410,0,0,0,1246,39279,208,208,0,105,0,1254,212
 76970,0,39356,1169,848,1904,2379,529,38689,38155,0,0,519,1365,0,2627,1288,640,1149,103,410,0,0,0,1246,39284,208,208,0,105,0,1254,212
 76975,0,39361,1169,848,1904,2379,529,38694,38160,0,0,519,1365,0,2627,1288,640,1149,103,410,0,0,0,1246,39289,208,208,0,105,0,1254,212
 76980,0,39366,1169,848,1904,2379,529,38699,38165,0,0,519,1365,0,2627,1288,640,1149,103,410,0,0,0,1246,39294,208,208,0,105,0,1254,212
 76985,0,39371,1169,848,1904,2379,529,38704,38170,0,0,519,1365,0,2627,1288,640,1149,103,410,0,0,0,1246,39299,208,208,0,105,0,1254,212
 76990,0,39376,1169,848,1904,2379,529,38709,38175,0,0,519,1365,0,2627,1288,640,1149,103,410,0,0,0,1246,39304,208,208,0,105,0,1254,212
 76995,0,39381,1169,848,1904,2379,529,38714,38178,0,0,519,1365,0,2627,1288,640,1149,103,410,0,0,0,1246,39309,208,208,0,105,0,1254,212
 77000,0,39386,1169,848,1904,2379,529,38716,38178,0,0,519,1365,0,2627,1288,640,1149,103,410,0,0,0,1246,39313,208,208,0,105,0,1254,212
 77005,0,39392,1169,848,1904,2379,529,38716,38178,0,0,519,1365,0,2627,1288,640,1149,103,410,0,0,0,1246,39313,208,208,0,105,0,1254,212
 77010,0,39392,1169,848,1904,2379,529,38716,38178,0,0,519,1365,0,2627,1288,640,1149,103,410,0,0,0,1246,39313,208,208,0,105,0,1254,212
 77015,0,39392,1169,848,1904,2379,529,38716,38178,0,0,519,1365,0,2627,1288,640,1149,103,410,0,0,0,1246,39313,208,208,0,105,0,1254,212
 77020,0,39392,1169,848,1904,2379,529,38716,38178,0,0,519,1365,0,2627,1288,640,1149,103,410,0,0,0,1246,39313,208,208,0,105,0,1254,212
 77025,0,39392,1169,848,1904,2379,529,38716,38178,0,0,519,1365,0,2627,1288,640,1149,103,410,0,0,0,1246,39313,208,208,0,105,0,1254,212
 77030,0,39392,1169,848,1904,2379,529,38716,38178,0,0,519,1365,0,2627,1288,640,1149,103,410,0,0,0,1246,39313,208,208,0,105,0,1254,212
 77035,0,39392,1169,848,1904,2379,529,38716,38178,0,0,519,1365,0,2627,1288,640,1149,103,410,0,0,0,1246,39313,208,208,0,105,0,1254,212
 77040,0,39392,1169,848,1904,2379,529,38716,38178,0,0,519,1365,0,2627,1288,640,1149,103,410,0,0,0,1246,39313,208,208,0,105,0,1254,212
 77045,0,39392,1169,848,1904,2379,529,38716,38178,0,0,519,1365,0,2627,1288,640,1149,103,410,0,0,0,1246,39313,208,208,0,105,0,1254,212
 77050,0,39392,1169,848,1904,2379,529,38716,38178,0,0,519,1365,0,2627,1288,640,1149,103,410,0,0,0,1246,39313,208,208,0,105,0,1254,212
 77055,0,39392,1169,848,1904,2379,529,38716,38178,0,0,519,1365,0,2627,1288,640,1149,103,410,0,0,0,1246,39313,208,208,0,105,0,1254,212
 77060,0,39392,1169,848,1904,2379,529,38716,38178,0,0,519,1365,0,2627,1288,640,1149,103,410,0,0,0,1246,39313,208,208,0,105,0,1254,212
 77065,0,39392,1169,848,1904,2379,529,38716,38178,0,0,519,1365,0,2627,1288,640,1149,103,410,0,0,0,1246,39313,208,208,0,105,0,1254,212
 77070,0,39392,1169,848,1904,2379,529,38716,38178,0,0,519,1365,0,2627,1288,640,1149,103,410,0,0,0,1246,39313,208,208,0,105,0,1254,212
 77075,0,39392,1169,848,1904,2379,529,38716,38178,0,0,519,1365,0,2627,1288,640,1149,103,410,0,0,0,1246,39313,208,208,0,105,0,1254,212
 77080,0,39392,1169,848,1904,2379,529,38716,38178,0,0,519,1365,0,2627,1288,640,1149,103,410,0,0,0,1246,39313,208,208,0,105,0,1254,212
 77085,0,39393,1169,848,1904,2379,529,38716,38178,0,0,519,1365,0,2627,1288,640,1149,103,410,0,0,0,1246,39313,208,208,0,105,0,1254,212
 77090,0,39398,1169,848,1904,2379,529,38716,38178,0,0,519,1365,0,2627,1288,640,1149,103,410,0,0,0,1246,39316,208,208,0,105,0,1254,212
 77095,0,39403,1169,848,1904,2379,529,38716,38178,0,0,519,1365,0,2627,1288,640,1149,103,410,0,0,0,1246,39321,208,208,0,105,0,1254,212
 77100,0,39408,1169,848,1904,2379,529,38716,38178,0,0,519,1365,0,2627,1288,640,1149,103,410,0,0,0,1246,39326,208,208,0,105,0,1254,212
 77105,0,39413,1169,848,1904,2379,529,38716,38178,0,0,519,1365,0,2627,1288,640,1149,103,410,0,0,0,1246,39331,208,208,0,105,0,1254,212
 77110,0,39418,1169,848,1904,2379,529,38716,38178,0,0,519,1365,0,2627,1288,640,1149,103,410,0,0,0,1246,39336,208,208,0,105,0,1254,212
 77115,0,39423,1169,848,1904,2379,529,38716,38178,0,0,519,1365,0,2627,1288,640,1149,103,410,0,0,0,1246,39341,208,208,0,105,0,1254,212
 77120,0,39428,1169,848,1904,2379,529,38716,38178,0,0,519,1365,0,2627,1288,640,1149,103,410,0,0,0,1246,39346,208,208,0,105,0,1254,212
 77125,0,39433,1169,848,1904,2379,529,38716,38178,0,0,519,1365,0,2627,1288,640,1149,103,410,0,0,0,1246,39351,208,208,0,105,0,1254,212
 77130,0,39438,1169,848,1904,2379,529,38716,38180,0,0,519,1365,0,2627,1288,640,1149,103,410,0,0,0,1246,39356,208,208,0,105,0,1254,212
 77135,0,39443,1169,848,1904,2379,529,38716,38185,0,0,519,1365,0,2627,1288,640,1149,103,410,0,0,0,1246,39361,208,208,0,105,0,1254,212
 77140,0,39448,1169,848,1904,2379,529,38716,38190,0,0,519,1365,0,2627,1288,640,1149,103,410,0,0,0,1246,39366,208,208,0,105,0,1254,212
 77145,0,39453,1169,848,1904,2379,529,38716,38195,0,0,519,1365,0,2627,1288,640,1149,103,410,0,0,0,1246,39371,208,208,0,105,0,1254,212
 77150,0,39458,1169,848,1904,2379,529,38717,38200,0,0,519,1365,0,2627,1288,640,1149,103,410,0,0,0,1246,39376,208,208,0,105,0,1254,212
 77155,0,39463,1169,848,1904,2379,529,38722,38205,0,0,519,1365,0,2627,1288,640,1149,103,410,0,0,0,1246,39381,208,208,0,105,0,1254,212
 77160,0,39468,1169,848,1904,2379,529,38727,38210,0,0,519,1365,0,2627,1288,640,1149,103,410,0,0,0,1246,39386,208,208,0,105,0,1254,212
 77165,0,39473,1169,848,1904,2379,529,38732,38215,0,0,519,1365,0,2627,1288,640,1149,103,410,0,0,0,1246,39391,208,208,0,105,0,1254,212
 77170,0,39478,1169,848,1904,2379,529,38737,38220,0,0,519,1365,0,2627,1288,640,1149,103,410,0,0,0,1246,39396,208,208,0,105,0,1254,212
 77175,0,39483,1169,848,1904,2379,529,38742,38225,0,0,519,1365,0,2627,1288,640,1149,103,410,0,0,0,1246,39401,208,208,0,105,0,1254,212
 77180,0,39488,1169,848,1904,2379,529,38747,38230,0,0,519,1365,0,2627,1288,640,1149,103,410,0,0,0,1246,39406,208,208,0,105,0,1254,212
 77185,0,39493,1169,848,1904,2379,529,38752,38235,0,0,519,1365,0,2627,1288,640,1149,103,410,0,0,0,1246,39411,208,208,0,105,0,1254,212
 77190,0,39495,1169,848,1904,2379,529,38757,38240,0,0,519,1365,0,2627,1288,640,1149,103,410,0,0,0,1246,39416,208,208,0,105,0,1254,212
 77195,0,39495,1169,848,1904,2379,529,38762,38245,0,0,519,1365,0,2627,1288,640,1149,103,410,0,0,0,1246,39416,208,208,0,105,0,1254,212
 77200,0,39495,1169,848,1904,2379,529,38767,38250,0,0,519,1365,0,2627,1288,640,1149,103,410,0,0,0,1246,39416,208,208,0,105,0,1254,212
 77205,0,39495,1169,848,1904,2379,529,38772,38255,0,0,519,1365,0,2627,1288,640,1149,103,410,0,0,0,1246,39416,208,208,0,105,0,1254,212
 77210,0,39495,1169,848,1904,2379,529,38777,38260,0,0,519,1365,0,2627,1288,640,1149,103,410,0,0,0,1246,39416,208,208,0,105,0,1254,212
 77215,0,39495,1169,848,1904,2379,529,38782,38265,0,0,519,1365,0,2627,1288,640,1149,103,410,0,0,0,1246,39416,208,208,0,105,0,1254,212
 77220,0,39495,1169,848,1904,2379,529,38787,38270,0,0,519,1365,0,2627,1288,640,1149,103,410,0,0,0,1246,39416,208,208,0,105,0,1254,212
 77225,0,39495,1169,848,1904,2379,529,38792,38275,0,0,519,1365,0,2627,1288,640,1149,103,410,0,0,0,1246,39416,208,208,0,105,0,1254,212
 77230,0,39495,1169,848,1904,2379,529,38797,38281,0,0,519,1365,0,2627,1288,640,1149,103,410,0,0,0,1246,39416,208,208,0,105,0,1254,212
 77235,0,39495,1169,848,1904,2379,529,38802,38281,0,0,519,1365,0,2627,1288,640,1149,103,410,0,0,0,1246,39416,208,208,0,105,0,1254,212
 77240,0,39495,1169,848,1904,2379,529,38807,38281,0,0,519,1365,0,2627,1288,640,1149,103,410,0,0,0,1246,39416,208,208,0,105,0,1254,212
 77245,0,39495,1169,848,1904,2379,529,38812,38281,0,0,519,1365,0,2627,1288,640,1149,103,410,0,0,0,1246,39416,208,208,0,105,0,1254,212
 77250,0,39495,1169,848,1904,2379,529,38817,38281,0,0,519,1365,0,2627,1288,640,1149,103,410,0,0,0,1246,39416,208,208,0,105,0,1254,212
 77255,0,39495,1169,848,1904,2379,529,38819,38281,0,0,519,1365,0,2627,1288,640,1149,103,410,0,0,0,1246,39416,208,208,0,105,0,1254,212
 77260,0,39495,1169,848,1904,2379,529,38819,38281,0,0,519,1365,0,2627,1288,640,1149,103,410,0,0,0,1246,39416,208,208,0,105,0,1254,212
 77265,0,39495,1169,848,1904,2379,529,38819,38281,0,0,519,1365,0,2627,1288,640,1149,103,410,0,0,0,1246,39416,208,208,0,105,0,1254,212
 77270,0,39495,1169,848,1904,2379,529,38819,38281,0,0,519,1365,0,2627,1288,640,1149,103,410,0,0,0,1246,39416,208,208,0,105,0,1254,212
 77275,0,39495,1169,848,1904,2379,529,38819,38281,0,0,519,1365,0,2627,1288,640,1149,103,410,0,0,0,1246,39416,208,208,0,105,0,1254,212
 77280,0,39495,1169,848,1904,2379,529,38819,38281,0,0,519,1365,0,2627,1288,640,1149,103,410,0,0,0,1246,39416,208,208,0,105,0,1254,212
 77285,0,39495,1169,848,1904,2379,529,38819,38281,0,0,519,1365,0,2627,1288,640,1149,103,410,0,0,0,1246,39416,208,208,0,105,0,1254,212
 77290,0,39495,1169,848,1904,2379,529,38819,38281,0,0,519,1365,0,2627,1288,640,1149,103,410,0,0,0,1246,39416,208,208,0,105,0,1254,212
 77295,0,39495,1169,848,1904,2379,529,38819,38281,0,0,519,1365,0,2627,1288,640,1149,103,410,0,0,0,1246,39416,208,208,0,105,0,1254,212
 77300,0,39495,1169,848,1904,2379,529,38819,38281,0,0,519,1365,0,2627,1288,640,1149,103,410,0,0,0,1246,39416,208,208,0,105,0,1254,212
 77305,0,39495,1169,848,1904,2379,529,38819,38281,0,0,519,1365,0,2627,1288,640,1149,103,410,0,0,0,1246,39416,208,208,0,105,0,1254,212
 77310,0,39495,1169,848,1904,2379,529,38819,38281,0,0,519,1365,0,2627,1288,640,1149,103,410,0,0,0,1246,39416,208,208,0,105,0,1254,212
 77315,0,39495,1169,848,1904,2379,529,38819,38281,0,0,519,1365,0,2627,1288,640,1149,103,410,0,0,0,1246,39416,208,208,0,105,0,1254,212
 77320,0,39495,1169,848,1904,2379,529,38819,38281,0,0,519,1365,0,2627,1288,640,1149,103,410,0,0,0,1246,39416,208,208,0,105,0,1254,212
 77325,0,39495,1169,848,1904,2379,529,38819,38281,0,0,519,1365,0,2627,1288,640,1149,103,410,0,0,0,1246,39416,208,208,0,105,0,1254,212
 77330,0,39495,1169,848,1904,2379,529,38819,38281,0,0,519,1365,0,2627,1288,640,1149,103,410,0,0,0,1246,39421,208,208,0,105,0,1254,212
 77335,0,39495,1169,848,1904,2379,529,38819,38281,0,0,519,1365,0,2627,1288,640,1149,103,410,0,0,0,1246,39426,208,208,0,105,0,1254,212
 77340,0,39495,1169,848,1904,2379,529,38819,38286,0,0,519,1365,0,2627,1288,640,1149,103,410,0,0,0,1246,39431,208,208,0,105,0,1254,212
 77345,0,39495,1169,848,1904,2379,529,38819,38291,0,0,519,1365,0,2627,1288,640,1149,103,410,0,0,0,1246,39436,208,208,0,105,0,1254,212
 77350,0,39495,1169,848,1904,2379,529,38819,38296,0,0,519,1365,0,2627,1288,640,1149,103,410,0,0,0,1246,39441,208,208,0,105,0,1254,212
 77355,0,39495,1169,848,1904,2379,529,38819,38301,0,0,519,1365,0,2627,1288,640,1149,103,410,0,0,0,1246,39446,208,208,0,105,0,1254,212
 77360,0,39494,1169,848,1904,2379,529,38818,38306,0,0,519,1365,0,2627,1288,640,1149,103,410,0,0,0,1246,39451,208,208,0,105,0,1254,212
 77365,0,39499,1169,848,1904,2379,529,38823,38311,0,0,519,1365,0,2627,1288,640,1149,103,410,0,0,0,1246,39456,208,208,0,105,0,1254,212
 77370,0,39504,1169,848,1904,2379,529,38828,38316,0,0,519,1365,0,2627,1288,640,1149,103,410,0,0,0,1246,39461,208,208,0,105,0,1254,212
 77375,0,39509,1169,848,1904,2379,529,38833,38321,0,0,519,1365,0,2627,1288,640,1149,103,410,0,0,0,1246,39466,208,208,0,105,0,1254,212
 77380,0,39514,1169,848,1904,2379,529,38838,38326,0,0,519,1365,0,2627,1288,640,1149,103,410,0,0,0,1246,39471,208,208,0,105,0,1254,212
 77385,0,39519,1169,848,1904,2379,529,38843,38331,0,0,519,1365,0,2627,1288,640,1149,103,410,0,0,0,1246,39476,208,208,0,105,0,1254,212
 77390,0,39524,1169,848,1904,2379,529,38848,38336,0,0,519,1365,0,2627,1288,640,1149,103,410,0,0,0,1246,39481,208,208,0,105,0,1254,212
 77395,0,39529,1169,848,1904,2379,529,38853,38341,0,0,519,1365,0,2627,1288,640,1149,103,410,0,0,0,1246,39486,208,208,0,105,0,1254,212
 77400,0,39534,1169,848,1904,2379,529,38858,38346,0,0,519,1365,0,2627,1288,640,1149,103,410,0,0,0,1246,39491,208,208,0,105,0,1254,212
 77405,0,39539,1169,848,1904,2379,529,38863,38351,0,0,519,1365,0,2627,1288,640,1149,103,410,0,0,0,1246,39496,208,208,0,105,0,1254,212
 77410,0,39544,1169,848,1904,2379,529,38868,38356,0,0,519,1365,0,2627,1288,640,1149,103,410,0,0,0,1246,39501,208,208,0,105,0,1254,212
 77415,0,39549,1169,848,1904,2379,529,38873,38361,0,0,519,1365,0,2627,1288,640,1149,103,410,0,0,0,1246,39506,208,208,0,105,0,1254,212
 77420,0,39554,1169,848,1904,2379,529,38878,38366,0,0,519,1365,0,2627,1288,640,1149,103,410,0,0,0,1246,39511,208,208,0,105,0,1254,212
 77425,0,39559,1169,848,1904,2379,529,38883,38371,0,0,519,1365,0,2627,1288,640,1149,103,410,0,0,0,1246,39516,208,208,0,105,0,1254,212
 77430,0,39564,1169,848,1904,2379,529,38888,38376,0,0,519,1365,0,2627,1288,640,1149,103,410,0,0,0,1246,39519,208,208,0,105,0,1254,212
 77435,0,39569,1169,848,1904,2379,529,38893,38381,0,0,519,1365,0,2627,1288,640,1149,103,410,0,0,0,1246,39519,208,208,0,105,0,1254,212
 77440,0,39574,1169,848,1904,2379,529,38898,38384,0,0,519,1365,0,2627,1288,640,1149,103,410,0,0,0,1246,39519,208,208,0,105,0,1254,212
 77445,0,39579,1169,848,1904,2379,529,38903,38384,0,0,519,1365,0,2627,1288,640,1149,103,410,0,0,0,1246,39519,208,208,0,105,0,1254,212
 77450,0,39584,1169,848,1904,2379,529,38908,38384,0,0,519,1365,0,2627,1288,640,1149,103,410,0,0,0,1246,39519,208,208,0,105,0,1254,212
 77455,0,39589,1169,848,1904,2379,529,38913,38384,0,0,519,1365,0,2627,1288,640,1149,103,410,0,0,0,1246,39519,208,208,0,105,0,1254,212
 77460,0,39594,1169,848,1904,2379,529,38918,38384,0,0,519,1365,0,2627,1288,640,1149,103,410,0,0,0,1246,39519,208,208,0,105,0,1254,212
 77465,0,39600,1169,848,1904,2379,529,38920,38384,0,0,519,1365,0,2627,1288,640,1149,103,410,0,0,0,1246,39519,208,208,0,105,0,1254,212
 77470,0,39600,1169,848,1904,2379,529,38920,38384,0,0,519,1365,0,2627,1288,640,1149,103,410,0,0,0,1246,39519,208,208,0,105,0,1254,212
 77475,0,39600,1169,848,1904,2379,529,38920,38384,0,0,519,1365,0,2627,1288,640,1149,103,410,0,0,0,1246,39519,208,208,0,105,0,1254,212
 77480,0,39600,1169,848,1904,2379,529,38920,38384,0,0,519,1365,0,2627,1288,640,1149,103,410,0,0,0,1246,39519,208,208,0,105,0,1254,212
 77485,0,39600,1169,848,1904,2379,529,38920,38384,0,0,519,1365,0,2627,1288,640,1149,103,410,0,0,0,1246,39519,208,208,0,105,0,1254,212
 77490,0,39600,1169,848,1904,2379,529,38920,38384,0,0,519,1365,0,2627,1288,640,1149,103,410,0,0,0,1246,39519,208,208,0,105,0,1254,212
 77495,0,39600,1169,848,1904,2379,529,38920,38384,0,0,519,1365,0,2627,1288,640,1149,103,410,0,0,0,1246,39519,208,208,0,105,0,1254,212
 77500,0,39600,1169,848,1904,2379,529,38920,38384,0,0,519,1365,0,2627,1288,640,1149,103,410,0,0,0,1246,39519,208,208,0,105,0,1254,212
 77505,0,39600,1169,848,1904,2379,529,38920,38384,0,0,519,1365,0,2627,1288,640,1149,103,410,0,0,0,1246,39519,208,208,0,105,0,1254,212
 77510,0,39600,1169,848,1904,2379,529,38920,38384,0,0,519,1365,0,2627,1288,640,1149,103,410,0,0,0,1246,39519,208,208,0,105,0,1254,212
 77515,0,39600,1169,848,1904,2379,529,38920,38384,0,0,519,1365,0,2627,1288,640,1149,103,410,0,0,0,1246,39519,208,208,0,105,0,1254,212
 77520,0,39600,1169,848,1904,2379,529,38920,38384,0,0,519,1365,0,2627,1288,640,1149,103,410,0,0,0,1246,39519,208,208,0,105,0,1254,212
 77525,0,39600,1169,848,1904,2379,529,38920,38384,0,0,519,1365,0,2627,1288,640,1149,103,410,0,0,0,1246,39519,208,208,0,105,0,1254,212
 77530,0,39600,1169,848,1904,2379,529,38920,38384,0,0,519,1365,0,2627,1288,640,1149,103,410,0,0,0,1246,39519,208,208,0,105,0,1254,212
 77535,0,39600,1169,848,1904,2379,529,38920,38384,0,0,519,1365,0,2627,1288,640,1149,103,410,0,0,0,1246,39519,208,208,0,105,0,1254,212
 77540,0,39600,1169,848,1904,2379,529,38920,38384,0,0,519,1365,0,2627,1288,640,1149,103,410,0,0,0,1246,39519,208,208,0,105,0,1254,212
 77545,0,39600,1169,848,1904,2379,529,38920,38389,0,0,519,1365,0,2627,1288,640,1149,103,410,0,0,0,1246,39519,208,208,0,105,0,1254,212
 77550,0,39600,1169,848,1904,2379,529,38920,38394,0,0,519,1365,0,2627,1288,640,1149,103,410,0,0,0,1246,39519,208,208,0,105,0,1254,212
 77555,0,39600,1169,848,1904,2379,529,38920,38399,0,0,519,1365,0,2627,1288,640,1149,103,410,0,0,0,1246,39519,208,208,0,105,0,1254,212
 77560,0,39600,1169,848,1904,2379,529,38920,38404,0,0,519,1365,0,2627,1288,640,1149,103,410,0,0,0,1246,39519,208,208,0,105,0,1254,212
 77565,0,39602,1169,848,1904,2379,529,38920,38409,0,0,519,1365,0,2627,1288,640,1149,103,410,0,0,0,1246,39519,208,208,0,105,0,1254,212
 77570,0,39607,1169,848,1904,2379,529,38920,38414,0,0,519,1365,0,2627,1288,640,1149,103,410,0,0,0,1246,39519,208,208,0,105,0,1254,212
 77575,0,39612,1169,848,1904,2379,529,38920,38419,0,0,519,1365,0,2627,1288,640,1149,103,410,0,0,0,1246,39522,208,208,0,105,0,1254,212
 77580,0,39617,1169,848,1904,2379,529,38920,38424,0,0,519,1365,0,2627,1288,640,1149,103,410,0,0,0,1246,39527,208,208,0,105,0,1254,212
 77585,0,39622,1169,848,1904,2379,529,38923,38429,0,0,519,1365,0,2627,1288,640,1149,103,410,0,0,0,1246,39532,208,208,0,105,0,1254,212
 77590,0,39627,1169,848,1904,2379,529,38928,38434,0,0,519,1365,0,2627,1288,640,1149,103,410,0,0,0,1246,39537,208,208,0,105,0,1254,212
 77595,0,39632,1169,848,1904,2379,529,38933,38439,0,0,519,1365,0,2627,1288,640,1149,103,410,0,0,0,1246,39542,208,208,0,105,0,1254,212
 77600,0,39637,1169,848,1904,2379,529,38938,38444,0,0,519,1365,0,2627,1288,640,1149,103,410,0,0,0,1246,39547,208,208,0,105,0,1254,212
 77605,0,39642,1169,848,1904,2379,529,38943,38449,0,0,519,1365,0,2627,1288,640,1149,103,410,0,0,0,1246,39552,208,208,0,105,0,1254,212
 77610,0,39647,1169,848,1904,2379,529,38948,38454,0,0,519,1365,0,2627,1288,640,1149,103,410,0,0,0,1246,39557,208,208,0,105,0,1254,212
 77615,0,39652,1169,848,1904,2379,529,38953,38459,0,0,519,1365,0,2627,1288,640,1149,103,410,0,0,0,1246,39562,208,208,0,105,0,1254,212
 77620,0,39657,1169,848,1904,2379,529,38958,38464,0,0,519,1365,0,2627,1288,640,1149,103,410,0,0,0,1246,39567,208,208,0,105,0,1254,212
 77625,0,39662,1169,848,1904,2379,529,38963,38469,0,0,519,1365,0,2627,1288,640,1149,103,410,0,0,0,1246,39572,208,208,0,105,0,1254,212
 77630,0,39667,1169,848,1904,2379,529,38968,38474,0,0,519,1365,0,2627,1288,640,1149,103,410,0,0,0,1246,39577,208,208,0,105,0,1254,212
 77635,0,39672,1169,848,1904,2379,529,38973,38479,0,0,519,1365,0,2627,1288,640,1149,103,410,0,0,0,1246,39582,208,208,0,105,0,1254,212
 77640,0,39677,1169,848,1904,2379,529,38978,38484,0,0,519,1365,0,2627,1288,640,1149,103,410,0,0,0,1246,39587,208,208,0,105,0,1254,212
 77645,0,39682,1169,848,1904,2379,529,38983,38487,0,0,519,1365,0,2627,1288,640,1149,103,410,0,0,0,1246,39592,208,208,0,105,0,1254,212
 77650,0,39687,1169,848,1904,2379,529,38988,38487,0,0,519,1365,0,2627,1288,640,1149,103,410,0,0,0,1246,39597,208,208,0,105,0,1254,212
 77655,0,39692,1169,848,1904,2379,529,38993,38487,0,0,519,1365,0,2627,1288,640,1149,103,410,0,0,0,1246,39602,208,208,0,105,0,1254,212
 77660,0,39697,1169,848,1904,2379,529,38998,38487,0,0,519,1365,0,2627,1288,640,1149,103,410,0,0,0,1246,39607,208,208,0,105,0,1254,212
 77665,0,39702,1169,848,1904,2379,529,39003,38487,0,0,519,1365,0,2627,1288,640,1149,103,410,0,0,0,1246,39612,208,208,0,105,0,1254,212
 77670,0,39705,1169,848,1904,2379,529,39008,38487,0,0,519,1365,0,2627,1288,640,1149,103,410,0,0,0,1246,39617,208,208,0,105,0,1254,212
 77675,0,39705,1169,848,1904,2379,529,39013,38487,0,0,519,1365,0,2627,1288,640,1149,103,410,0,0,0,1246,39622,208,208,0,105,0,1254,212
 77680,0,39705,1169,848,1904,2379,529,39018,38487,0,0,519,1365,0,2627,1288,640,1149,103,410,0,0,0,1246,39622,208,208,0,105,0,1254,212
 77685,0,39705,1169,848,1904,2379,529,39023,38487,0,0,519,1365,0,2627,1288,640,1149,103,410,0,0,0,1246,39622,208,208,0,105,0,1254,212
 77690,0,39705,1169,848,1904,2379,529,39027,38487,0,0,519,1365,0,2627,1288,640,1149,103,410,0,0,0,1246,39622,208,208,0,105,0,1254,212
 77695,0,39705,1169,848,1904,2379,529,39027,38487,0,0,519,1365,0,2627,1288,640,1149,103,410,0,0,0,1246,39622,208,208,0,105,0,1254,212
 77700,0,39705,1169,848,1904,2379,529,39027,38487,0,0,519,1365,0,2627,1288,640,1149,103,410,0,0,0,1246,39622,208,208,0,105,0,1254,212
 77705,0,39705,1169,848,1904,2379,529,39027,38487,0,0,519,1365,0,2627,1288,640,1149,103,410,0,0,0,1246,39622,208,208,0,105,0,1254,212
 77710,0,39705,1169,848,1904,2379,529,39027,38487,0,0,519,1365,0,2627,1288,640,1149,103,410,0,0,0,1246,39622,208,208,0,105,0,1254,212
 77715,0,39705,1169,848,1904,2379,529,39027,38487,0,0,519,1365,0,2627,1288,640,1149,103,410,0,0,0,1246,39622,208,208,0,105,0,1254,212
 77720,0,39705,1169,848,1904,2379,529,39027,38487,0,0,519,1365,0,2627,1288,640,1149,103,410,0,0,0,1246,39622,208,208,0,105,0,1254,212
 77725,0,39705,1169,848,1904,2379,529,39027,38487,0,0,519,1365,0,2627,1288,640,1149,103,410,0,0,0,1246,39622,208,208,0,105,0,1254,212
 77730,0,39705,1169,848,1904,2379,529,39027,38487,0,0,519,1365,0,2627,1288,640,1149,103,410,0,0,0,1246,39622,208,208,0,105,0,1254,212
 77735,0,39705,1169,848,1904,2379,529,39027,38487,0,0,519,1365,0,2627,1288,640,1149,103,410,0,0,0,1246,39622,208,208,0,105,0,1254,212
 77740,0,39705,1169,848,1904,2379,529,39027,38487,0,0,519,1365,0,2627,1288,640,1149,103,410,0,0,0,1246,39622,208,208,0,105,0,1254,212
 77745,0,39705,1169,848,1904,2379,529,39027,38487,0,0,519,1365,0,2627,1288,640,1149,103,410,0,0,0,1246,39622,208,208,0,105,0,1254,212
 77750,0,39705,1169,848,1904,2379,529,39027,38487,0,0,519,1365,0,2627,1288,640,1149,103,410,0,0,0,1246,39622,208,208,0,105,0,1254,212
 77755,0,39705,1169,848,1904,2379,529,39027,38487,0,0,519,1365,0,2627,1288,640,1149,103,410,0,0,0,1246,39622,208,208,0,105,0,1254,212
 77760,0,39705,1169,848,1904,2379,529,39027,38487,0,0,519,1365,0,2627,1288,640,1149,103,410,0,0,0,1246,39622,208,208,0,105,0,1254,212
 77765,0,39705,1169,848,1904,2379,529,39027,38487,0,0,519,1365,0,2627,1288,640,1149,103,410,0,0,0,1246,39622,208,208,0,105,0,1254,212
 77770,0,39705,1169,848,1904,2379,529,39027,38487,0,0,519,1365,0,2627,1288,640,1149,103,410,0,0,0,1246,39622,208,208,0,105,0,1254,212
 77775,0,39705,1169,848,1904,2379,529,39027,38492,0,0,519,1365,0,2627,1288,640,1149,103,410,0,0,0,1246,39622,208,208,0,105,0,1254,212
 77780,0,39705,1169,848,1904,2379,529,39027,38497,0,0,519,1365,0,2627,1288,640,1149,103,410,0,0,0,1246,39625,208,208,0,105,0,1254,212
 77785,0,39707,1169,848,1904,2379,529,39027,38502,0,0,519,1365,0,2627,1288,640,1149,103,410,0,0,0,1246,39630,208,208,0,105,0,1254,212
 77790,0,39712,1169,848,1904,2379,529,39026,38507,0,0,519,1365,0,2627,1288,640,1149,103,410,0,0,0,1246,39635,208,208,0,105,0,1254,212
 77795,0,39717,1169,848,1904,2379,529,39031,38512,0,0,519,1365,0,2627,1288,640,1149,103,410,0,0,0,1246,39640,208,208,0,105,0,1254,212
 77800,0,39722,1169,848,1904,2379,529,39036,38517,0,0,519,1365,0,2627,1288,640,1149,103,410,0,0,0,1246,39645,208,208,0,105,0,1254,212
 77805,0,39727,1169,848,1904,2379,529,39041,38522,0,0,519,1365,0,2627,1288,640,1149,103,410,0,0,0,1246,39650,208,208,0,105,0,1254,212
 77810,0,39732,1169,848,1904,2379,529,39046,38527,0,0,519,1365,0,2627,1288,640,1149,103,410,0,0,0,1246,39655,208,208,0,105,0,1254,212
 77815,0,39737,1169,848,1904,2379,529,39051,38532,0,0,519,1365,0,2627,1288,640,1149,103,410,0,0,0,1246,39660,208,208,0,105,0,1254,212
 77820,0,39742,1169,848,1904,2379,529,39056,38537,0,0,519,1365,0,2627,1288,640,1149,103,410,0,0,0,1246,39665,208,208,0,105,0,1254,212
 77825,0,39747,1169,848,1904,2379,529,39061,38542,0,0,519,1365,0,2627,1288,640,1149,103,410,0,0,0,1246,39670,208,208,0,105,0,1254,212
 77830,0,39752,1169,848,1904,2379,529,39066,38547,0,0,519,1365,0,2627,1288,640,1149,103,410,0,0,0,1246,39675,208,208,0,105,0,1254,212
 77835,0,39757,1169,848,1904,2379,529,39071,38552,0,0,519,1365,0,2627,1288,640,1149,103,410,0,0,0,1246,39680,208,208,0,105,0,1254,212
 77840,0,39762,1169,848,1904,2379,529,39076,38557,0,0,519,1365,0,2627,1288,640,1149,103,410,0,0,0,1246,39685,208,208,0,105,0,1254,212
 77845,0,39767,1169,848,1904,2379,529,39081,38562,0,0,519,1365,0,2627,1288,640,1149,103,410,0,0,0,1246,39690,208,208,0,105,0,1254,212
 77850,0,39772,1169,848,1904,2379,529,39086,38567,0,0,519,1365,0,2627,1288,640,1149,103,410,0,0,0,1246,39695,208,208,0,105,0,1254,212
 77855,0,39777,1169,848,1904,2379,529,39091,38572,0,0,519,1365,0,2627,1288,640,1149,103,410,0,0,0,1246,39700,208,208,0,105,0,1254,212
 77860,0,39782,1169,848,1904,2379,529,39096,38577,0,0,519,1365,0,2627,1288,640,1149,103,410,0,0,0,1246,39705,208,208,0,105,0,1254,212
 77865,0,39787,1169,848,1904,2379,529,39101,38582,0,0,519,1365,0,2627,1288,640,1149,103,410,0,0,0,1246,39710,208,208,0,105,0,1254,212
 77870,0,39792,1169,848,1904,2379,529,39106,38587,0,0,519,1365,0,2627,1288,640,1149,103,410,0,0,0,1246,39715,208,208,0,105,0,1254,212
 77875,0,39797,1169,848,1904,2379,529,39111,38590,0,0,519,1365,0,2627,1288,640,1149,103,410,0,0,0,1246,39720,208,208,0,105,0,1254,212
 77880,0,39802,1169,848,1904,2379,529,39116,38590,0,0,519,1365,0,2627,1288,640,1149,103,410,0,0,0,1246,39725,208,208,0,105,0,1254,212
 77885,0,39807,1169,848,1904,2379,529,39121,38590,0,0,519,1365,0,2627,1288,640,1149,103,410,0,0,0,1246,39727,208,208,0,105,0,1254,212
 77890,0,39810,1169,848,1904,2379,529,39126,38590,0,0,519,1365,0,2627,1288,640,1149,103,410,0,0,0,1246,39727,208,208,0,105,0,1254,212
 77895,0,39810,1169,848,1904,2379,529,39130,38590,0,0,519,1365,0,2627,1288,640,1149,103,410,0,0,0,1246,39727,208,208,0,105,0,1254,212
 77900,0,39810,1169,848,1904,2379,529,39130,38590,0,0,519,1365,0,2627,1288,640,1149,103,410,0,0,0,1246,39727,208,208,0,105,0,1254,212
 77905,0,39810,1169,848,1904,2379,529,39130,38590,0,0,519,1365,0,2627,1288,640,1149,103,410,0,0,0,1246,39727,208,208,0,105,0,1254,212
 77910,0,39810,1169,848,1904,2379,529,39130,38590,0,0,519,1365,0,2627,1288,640,1149,103,410,0,0,0,1246,39727,208,208,0,105,0,1254,212
 77915,0,39810,1169,848,1904,2379,529,39130,38590,0,0,519,1365,0,2627,1288,640,1149,103,410,0,0,0,1246,39727,208,208,0,105,0,1254,212
 77920,0,39810,1169,848,1904,2379,529,39130,38590,0,0,519,1365,0,2627,1288,640,1149,103,410,0,0,0,1246,39727,208,208,0,105,0,1254,212
 77925,0,39810,1169,848,1904,2379,529,39130,38590,0,0,519,1365,0,2627,1288,640,1149,103,410,0,0,0,1246,39727,208,208,0,105,0,1254,212
 77930,0,39810,1169,848,1904,2379,529,39130,38590,0,0,519,1365,0,2627,1288,640,1149,103,410,0,0,0,1246,39727,208,208,0,105,0,1254,212
 77935,0,39810,1169,848,1904,2379,529,39130,38590,0,0,519,1365,0,2627,1288,640,1149,103,410,0,0,0,1246,39727,208,208,0,105,0,1254,212
 77940,0,39810,1169,848,1904,2379,529,39130,38590,0,0,519,1365,0,2627,1288,640,1149,103,410,0,0,0,1246,39727,208,208,0,105,0,1254,212
 77945,0,39810,1169,848,1904,2379,529,39130,38590,0,0,519,1365,0,2627,1288,640,1149,103,410,0,0,0,1246,39727,208,208,0,105,0,1254,212
 77950,0,39810,1169,848,1904,2379,529,39130,38590,0,0,519,1365,0,2627,1288,640,1149,103,410,0,0,0,1246,39727,208,208,0,105,0,1254,212
 77955,0,39810,1169,848,1904,2379,529,39130,38590,0,0,519,1365,0,2627,1288,640,1149,103,410,0,0,0,1246,39727,208,208,0,105,0,1254,212
 77960,0,39810,1169,848,1904,2379,529,39130,38590,0,0,519,1365,0,2627,1288,640,1149,103,410,0,0,0,1246,39727,208,208,0,105,0,1254,212
 77965,0,39810,1169,848,1904,2379,529,39130,38592,0,0,519,1365,0,2627,1288,640,1149,103,410,0,0,0,1246,39732,208,208,0,105,0,1254,212
 77970,0,39810,1169,848,1904,2379,529,39130,38597,0,0,519,1365,0,2627,1288,640,1149,103,410,0,0,0,1246,39737,208,208,0,105,0,1254,212
 77975,0,39810,1169,848,1904,2379,529,39130,38602,0,0,519,1365,0,2627,1288,640,1149,103,410,0,0,0,1246,39742,208,208,0,105,0,1254,212
 77980,0,39810,1169,848,1904,2379,529,39130,38607,0,0,519,1365,0,2627,1288,640,1149,103,410,0,0,0,1246,39747,208,208,0,105,0,1254,212
 77985,0,39810,1169,848,1904,2379,529,39130,38612,0,0,519,1365,0,2627,1288,640,1149,103,410,0,0,0,1246,39752,208,208,0,105,0,1254,212
 77990,0,39810,1169,848,1904,2379,529,39130,38617,0,0,519,1365,0,2627,1288,640,1149,103,410,0,0,0,1246,39757,208,208,0,105,0,1254,212
 77995,0,39810,1169,848,1904,2379,529,39133,38622,0,0,519,1365,0,2627,1288,640,1149,103,410,0,0,0,1246,39762,208,208,0,105,0,1254,212
 78000,0,39812,1169,848,1904,2379,529,39138,38627,0,0,519,1365,0,2627,1288,640,1149,103,410,0,0,0,1246,39767,208,208,0,105,0,1254,212
 78005,0,39817,1169,848,1904,2379,529,39143,38632,0,0,519,1365,0,2627,1288,640,1149,103,410,0,0,0,1246,39772,208,208,0,105,0,1254,212
 78010,0,39822,1169,848,1904,2379,529,39148,38637,0,0,519,1365,0,2627,1288,640,1149,103,410,0,0,0,1246,39777,208,208,0,105,0,1254,212
 78015,0,39827,1169,848,1904,2379,529,39153,38642,0,0,519,1365,0,2627,1288,640,1149,103,410,0,0,0,1246,39782,208,208,0,105,0,1254,212
 78020,0,39832,1169,848,1904,2379,529,39158,38647,0,0,519,1365,0,2627,1288,640,1149,103,410,0,0,0,1246,39787,208,208,0,105,0,1254,212
 78025,0,39837,1169,848,1904,2379,529,39163,38652,0,0,519,1365,0,2627,1288,640,1149,103,410,0,0,0,1246,39792,208,208,0,105,0,1254,212
 78030,0,39842,1169,848,1904,2379,529,39168,38657,0,0,519,1365,0,2627,1288,640,1149,103,410,0,0,0,1246,39797,208,208,0,105,0,1254,212
 78035,0,39847,1169,848,1904,2379,529,39173,38662,0,0,519,1365,0,2627,1288,640,1149,103,410,0,0,0,1246,39802,208,208,0,105,0,1254,212
 78040,0,39852,1169,848,1904,2379,529,39178,38667,0,0,519,1365,0,2627,1288,640,1149,103,410,0,0,0,1246,39807,208,208,0,105,0,1254,212
 78045,0,39857,1169,848,1904,2379,529,39183,38672,0,0,519,1365,0,2627,1288,640,1149,103,410,0,0,0,1246,39812,208,208,0,105,0,1254,212
 78050,0,39862,1169,848,1904,2379,529,39188,38677,0,0,519,1365,0,2627,1288,640,1149,103,410,0,0,0,1246,39817,208,208,0,105,0,1254,212
 78055,0,39867,1169,848,1904,2379,529,39193,38682,0,0,519,1365,0,2627,1288,640,1149,103,410,0,0,0,1246,39822,208,208,0,105,0,1254,212
 78060,0,39872,1169,848,1904,2379,529,39198,38687,0,0,519,1365,0,2627,1288,640,1149,103,410,0,0,0,1246,39827,208,208,0,105,0,1254,212
 78065,0,39877,1169,848,1904,2379,529,39203,38692,0,0,519,1365,0,2627,1288,640,1149,103,410,0,0,0,1246,39830,208,208,0,105,0,1254,212
 78070,0,39882,1169,848,1904,2379,529,39208,38695,0,0,519,1365,0,2627,1288,640,1149,103,410,0,0,0,1246,39830,208,208,0,105,0,1254,212
 78075,0,39887,1169,848,1904,2379,529,39213,38695,0,0,519,1365,0,2627,1288,640,1149,103,410,0,0,0,1246,39830,208,208,0,105,0,1254,212
 78080,0,39892,1169,848,1904,2379,529,39218,38695,0,0,519,1365,0,2627,1288,640,1149,103,410,0,0,0,1246,39830,208,208,0,105,0,1254,212
 78085,0,39897,1169,848,1904,2379,529,39223,38695,0,0,519,1365,0,2627,1288,640,1149,103,410,0,0,0,1246,39830,208,208,0,105,0,1254,212
 78090,0,39902,1169,848,1904,2379,529,39228,38695,0,0,519,1365,0,2627,1288,640,1149,103,410,0,0,0,1246,39830,208,208,0,105,0,1254,212
 78095,0,39907,1169,848,1904,2379,529,39233,38695,0,0,519,1365,0,2627,1288,640,1149,103,410,0,0,0,1246,39830,208,208,0,105,0,1254,212
 78100,0,39912,1169,848,1904,2379,529,39237,38695,0,0,519,1365,0,2627,1288,640,1149,103,410,0,0,0,1246,39830,208,208,0,105,0,1254,212
 78105,0,39915,1169,848,1904,2379,529,39237,38695,0,0,519,1365,0,2627,1288,640,1149,103,410,0,0,0,1246,39830,208,208,0,105,0,1254,212
 78110,0,39915,1169,848,1904,2379,529,39237,38695,0,0,519,1365,0,2627,1288,640,1149,103,410,0,0,0,1246,39830,208,208,0,105,0,1254,212
 78115,0,39915,1169,848,1904,2379,529,39237,38695,0,0,519,1365,0,2627,1288,640,1149,103,410,0,0,0,1246,39830,208,208,0,105,0,1254,212
 78120,0,39915,1169,848,1904,2379,529,39237,38695,0,0,519,1365,0,2627,1288,640,1149,103,410,0,0,0,1246,39830,208,208,0,105,0,1254,212
 78125,0,39915,1169,848,1904,2379,529,39237,38695,0,0,519,1365,0,2627,1288,640,1149,103,410,0,0,0,1246,39830,208,208,0,105,0,1254,212
 78130,0,39915,1169,848,1904,2379,529,39237,38695,0,0,519,1365,0,2627,1288,640,1149,103,410,0,0,0,1246,39830,208,208,0,105,0,1254,212
 78135,0,39915,1169,848,1904,2379,529,39237,38695,0,0,519,1365,0,2627,1288,640,1149,103,410,0,0,0,1246,39830,208,208,0,105,0,1254,212
 78140,0,39915,1169,848,1904,2379,529,39237,38695,0,0,519,1365,0,2627,1288,640,1149,103,410,0,0,0,1246,39830,208,208,0,105,0,1254,212
 78145,0,39915,1169,848,1904,2379,529,39237,38695,0,0,519,1365,0,2627,1288,640,1149,103,410,0,0,0,1246,39830,208,208,0,105,0,1254,212
 78150,0,39915,1169,848,1904,2379,529,39237,38695,0,0,519,1365,0,2627,1288,640,1149,103,410,0,0,0,1246,39830,208,208,0,105,0,1254,212
 78155,0,39915,1169,848,1904,2379,529,39237,38695,0,0,519,1365,0,2627,1288,640,1149,103,410,0,0,0,1246,39829,208,208,0,105,0,1254,212
 78160,0,39915,1169,848,1904,2379,529,39237,38695,0,0,519,1365,0,2627,1288,640,1149,103,410,0,0,0,1246,39834,208,208,0,105,0,1254,212
 78165,0,39915,1169,848,1904,2379,529,39237,38695,0,0,519,1365,0,2627,1288,640,1149,103,410,0,0,0,1246,39839,208,208,0,105,0,1254,212
 78170,0,39915,1169,848,1904,2379,529,39237,38695,0,0,519,1365,0,2627,1288,640,1149,103,410,0,0,0,1246,39844,208,208,0,105,0,1254,212
 78175,0,39915,1169,848,1904,2379,529,39237,38695,0,0,519,1365,0,2627,1288,640,1149,103,410,0,0,0,1246,39849,208,208,0,105,0,1254,212
 78180,0,39917,1169,848,1904,2379,529,39237,38695,0,0,519,1365,0,2627,1288,640,1149,103,410,0,0,0,1246,39854,208,208,0,105,0,1254,212
 78185,0,39922,1169,848,1904,2379,529,39237,38695,0,0,519,1365,0,2627,1288,640,1149,103,410,0,0,0,1246,39859,208,208,0,105,0,1254,212
 78190,0,39927,1169,848,1904,2379,529,39237,38695,0,0,519,1365,0,2627,1288,640,1149,103,410,0,0,0,1246,39864,208,208,0,105,0,1254,212
 78195,0,39932,1169,848,1904,2379,529,39237,38695,0,0,519,1365,0,2627,1288,640,1149,103,410,0,0,0,1246,39869,208,208,0,105,0,1254,212
 78200,0,39937,1169,848,1904,2379,529,39237,38695,0,0,519,1365,0,2627,1288,640,1149,103,410,0,0,0,1246,39874,208,208,0,105,0,1254,212
 78205,0,39942,1169,848,1904,2379,529,39237,38695,0,0,519,1365,0,2627,1288,640,1149,103,410,0,0,0,1246,39879,208,208,0,105,0,1254,212
 78210,0,39947,1169,848,1904,2379,529,39237,38697,0,0,519,1365,0,2627,1288,640,1149,103,410,0,0,0,1246,39884,208,208,0,105,0,1254,212
 78215,0,39952,1169,848,1904,2379,529,39237,38702,0,0,519,1365,0,2627,1288,640,1149,103,410,0,0,0,1246,39889,208,208,0,105,0,1254,212
 78220,0,39957,1169,848,1904,2379,529,39237,38707,0,0,519,1365,0,2627,1288,640,1149,103,410,0,0,0,1246,39894,208,208,0,105,0,1254,212
 78225,0,39962,1169,848,1904,2379,529,39237,38712,0,0,519,1365,0,2627,1288,640,1149,103,410,0,0,0,1246,39899,208,208,0,105,0,1254,212
 78230,0,39967,1169,848,1904,2379,529,39237,38717,0,0,519,1365,0,2627,1288,640,1149,103,410,0,0,0,1246,39904,208,208,0,105,0,1254,212
 78235,0,39972,1169,848,1904,2379,529,39237,38722,0,0,519,1365,0,2627,1288,640,1149,103,410,0,0,0,1246,39909,208,208,0,105,0,1254,212
 78240,0,39977,1169,848,1904,2379,529,39237,38727,0,0,519,1365,0,2627,1288,640,1149,103,410,0,0,0,1246,39914,208,208,0,105,0,1254,212
 78245,0,39982,1169,848,1904,2379,529,39237,38732,0,0,519,1365,0,2627,1288,640,1149,103,410,0,0,0,1246,39919,208,208,0,105,0,1254,212
 78250,0,39987,1169,848,1904,2379,529,39236,38737,0,0,519,1365,0,2627,1288,640,1149,103,410,0,0,0,1246,39924,208,208,0,105,0,1254,212
 78255,0,39992,1169,848,1904,2379,529,39241,38742,0,0,519,1365,0,2627,1288,640,1149,103,410,0,0,0,1246,39929,208,208,0,105,0,1254,212
 78260,0,39997,1169,848,1904,2379,529,39246,38747,0,0,519,1365,0,2627,1288,640,1149,103,410,0,0,0,1246,39935,208,208,0,105,0,1254,212
 78265,0,40002,1169,848,1904,2379,529,39251,38752,0,0,519,1365,0,2627,1288,640,1149,103,410,0,0,0,1246,39935,208,208,0,105,0,1254,212
 78270,0,40007,1169,848,1904,2379,529,39256,38757,0,0,519,1365,0,2627,1288,640,1149,103,410,0,0,0,1246,39935,208,208,0,105,0,1254,212
 78275,0,40012,1169,848,1904,2379,529,39261,38762,0,0,519,1365,0,2627,1288,640,1149,103,410,0,0,0,1246,39935,208,208,0,105,0,1254,212
 78280,0,40017,1169,848,1904,2379,529,39266,38767,0,0,519,1365,0,2627,1288,640,1149,103,410,0,0,0,1246,39935,208,208,0,105,0,1254,212
 78285,0,40020,1169,848,1904,2379,529,39271,38772,0,0,519,1365,0,2627,1288,640,1149,103,410,0,0,0,1246,39935,208,208,0,105,0,1254,212
 78290,0,40020,1169,848,1904,2379,529,39276,38777,0,0,519,1365,0,2627,1288,640,1149,103,410,0,0,0,1246,39935,208,208,0,105,0,1254,212
 78295,0,40020,1169,848,1904,2379,529,39281,38782,0,0,519,1365,0,2627,1288,640,1149,103,410,0,0,0,1246,39935,208,208,0,105,0,1254,212
 78300,0,40020,1169,848,1904,2379,529,39286,38787,0,0,519,1365,0,2627,1288,640,1149,103,410,0,0,0,1246,39935,208,208,0,105,0,1254,212
 78305,0,40020,1169,848,1904,2379,529,39291,38792,0,0,519,1365,0,2627,1288,640,1149,103,410,0,0,0,1246,39935,208,208,0,105,0,1254,212
 78310,0,40020,1169,848,1904,2379,529,39296,38798,0,0,519,1365,0,2627,1288,640,1149,103,410,0,0,0,1246,39935,208,208,0,105,0,1254,212
 78315,0,40020,1169,848,1904,2379,529,39301,38798,0,0,519,1365,0,2627,1288,640,1149,103,410,0,0,0,1246,39935,208,208,0,105,0,1254,212
 78320,0,40020,1169,848,1904,2379,529,39306,38798,0,0,519,1365,0,2627,1288,640,1149,103,410,0,0,0,1246,39935,208,208,0,105,0,1254,212
 78325,0,40020,1169,848,1904,2379,529,39311,38798,0,0,519,1365,0,2627,1288,640,1149,103,410,0,0,0,1246,39935,208,208,0,105,0,1254,212
 78330,0,40020,1169,848,1904,2379,529,39316,38798,0,0,519,1365,0,2627,1288,640,1149,103,410,0,0,0,1246,39935,208,208,0,105,0,1254,212
 78335,0,40020,1169,848,1904,2379,529,39321,38798,0,0,519,1365,0,2627,1288,640,1149,103,410,0,0,0,1246,39935,208,208,0,105,0,1254,212
 78340,0,40020,1169,848,1904,2379,529,39326,38798,0,0,519,1365,0,2627,1288,640,1149,103,410,0,0,0,1246,39935,208,208,0,105,0,1254,212
 78345,0,40020,1169,848,1904,2379,529,39331,38798,0,0,519,1365,0,2627,1288,640,1149,103,410,0,0,0,1246,39935,208,208,0,105,0,1254,212
 78350,0,40020,1169,848,1904,2379,529,39336,38798,0,0,519,1365,0,2627,1288,640,1149,103,410,0,0,0,1246,39935,208,208,0,105,0,1254,212
 78355,0,40020,1169,848,1904,2379,529,39341,38798,0,0,519,1365,0,2627,1288,640,1149,103,410,0,0,0,1246,39935,208,208,0,105,0,1254,212
 78360,0,40020,1169,848,1904,2379,529,39344,38798,0,0,519,1365,0,2627,1288,640,1149,103,410,0,0,0,1246,39935,208,208,0,105,0,1254,212
 78365,0,40020,1169,848,1904,2379,529,39344,38798,0,0,519,1365,0,2627,1288,640,1149,103,410,0,0,0,1246,39935,208,208,0,105,0,1254,212
 78370,0,40020,1169,848,1904,2379,529,39344,38798,0,0,519,1365,0,2627,1288,640,1149,103,410,0,0,0,1246,39935,208,208,0,105,0,1254,212
 78375,0,40020,1169,848,1904,2379,529,39344,38798,0,0,519,1365,0,2627,1288,640,1149,103,410,0,0,0,1246,39935,208,208,0,105,0,1254,212
 78380,0,40020,1169,848,1904,2379,529,39344,38800,0,0,519,1365,0,2627,1288,640,1149,103,410,0,0,0,1246,39935,208,208,0,105,0,1254,212
 78385,0,40022,1169,848,1904,2379,529,39344,38805,0,0,519,1365,0,2627,1288,640,1149,103,410,0,0,0,1246,39935,208,208,0,105,0,1254,212
 78390,0,40027,1169,848,1904,2379,529,39344,38810,0,0,519,1365,0,2627,1288,640,1149,103,410,0,0,0,1246,39935,208,208,0,105,0,1254,212
 78395,0,40032,1169,848,1904,2379,529,39344,38815,0,0,519,1365,0,2627,1288,640,1149,103,410,0,0,0,1246,39935,208,208,0,105,0,1254,212
 78400,0,40037,1169,848,1904,2379,529,39344,38820,0,0,519,1365,0,2627,1288,640,1149,103,410,0,0,0,1246,39935,208,208,0,105,0,1254,212
 78405,0,40042,1169,848,1904,2379,529,39347,38825,0,0,519,1365,0,2627,1288,640,1149,103,410,0,0,0,1246,39935,208,208,0,105,0,1254,212
 78410,0,40047,1169,848,1904,2379,529,39352,38830,0,0,519,1365,0,2627,1288,640,1149,103,410,0,0,0,1246,39935,208,208,0,105,0,1254,212
 78415,0,40052,1169,848,1904,2379,529,39357,38835,0,0,519,1365,0,2627,1288,640,1149,103,410,0,0,0,1246,39935,208,208,0,105,0,1254,212
 78420,0,40057,1169,848,1904,2379,529,39362,38840,0,0,519,1365,0,2627,1288,640,1149,103,410,0,0,0,1246,39935,208,208,0,105,0,1254,212
 78425,0,40062,1169,848,1904,2379,529,39367,38845,0,0,519,1365,0,2627,1288,640,1149,103,410,0,0,0,1246,39935,208,208,0,105,0,1254,212
 78430,0,40067,1169,848,1904,2379,529,39372,38850,0,0,519,1365,0,2627,1288,640,1149,103,410,0,0,0,1246,39934,208,208,0,105,0,1254,212
 78435,0,40072,1169,848,1904,2379,529,39377,38855,0,0,519,1365,0,2627,1288,640,1149,103,410,0,0,0,1246,39939,208,208,0,105,0,1254,212
 78440,0,40077,1169,848,1904,2379,529,39382,38860,0,0,519,1365,0,2627,1288,640,1149,103,410,0,0,0,1246,39944,208,208,0,105,0,1254,212
 78445,0,40082,1169,848,1904,2379,529,39387,38865,0,0,519,1365,0,2627,1288,640,1149,103,410,0,0,0,1246,39949,208,208,0,105,0,1254,212
 78450,0,40087,1169,848,1904,2379,529,39392,38870,0,0,519,1365,0,2627,1288,640,1149,103,410,0,0,0,1246,39954,208,208,0,105,0,1254,212
 78455,0,40092,1169,848,1904,2379,529,39397,38875,0,0,519,1365,0,2627,1288,640,1149,103,410,0,0,0,1246,39959,208,208,0,105,0,1254,212
 78460,0,40097,1169,848,1904,2379,529,39402,38880,0,0,519,1365,0,2627,1288,640,1149,103,410,0,0,0,1246,39964,208,208,0,105,0,1254,212
 78465,0,40102,1169,848,1904,2379,529,39407,38885,0,0,519,1365,0,2627,1288,640,1149,103,410,0,0,0,1246,39969,208,208,0,105,0,1254,212
 78470,0,40107,1169,848,1904,2379,529,39412,38890,0,0,519,1365,0,2627,1288,640,1149,103,410,0,0,0,1246,39974,208,208,0,105,0,1254,212
 78475,0,40112,1169,848,1904,2379,529,39417,38895,0,0,519,1365,0,2627,1288,640,1149,103,410,0,0,0,1246,39979,208,208,0,105,0,1254,212
 78480,0,40117,1169,848,1904,2379,529,39422,38901,0,0,519,1365,0,2627,1288,640,1149,103,410,0,0,0,1246,39984,208,208,0,105,0,1254,212
 78485,0,40123,1169,848,1904,2379,529,39427,38901,0,0,519,1365,0,2627,1288,640,1149,103,410,0,0,0,1246,39989,208,208,0,105,0,1254,212
 78490,0,40123,1169,848,1904,2379,529,39432,38901,0,0,519,1365,0,2627,1288,640,1149,103,410,0,0,0,1246,39994,208,208,0,105,0,1254,212
 78495,0,40123,1169,848,1904,2379,529,39437,38901,0,0,519,1365,0,2627,1288,640,1149,103,410,0,0,0,1246,39999,208,208,0,105,0,1254,212
 78500,0,40123,1169,848,1904,2379,529,39442,38901,0,0,519,1365,0,2627,1288,640,1149,103,410,0,0,0,1246,40004,208,208,0,105,0,1254,212
 78505,0,40123,1169,848,1904,2379,529,39447,38901,0,0,519,1365,0,2627,1288,640,1149,103,410,0,0,0,1246,40009,208,208,0,105,0,1254,212
 78510,0,40123,1169,848,1904,2379,529,39447,38901,0,0,519,1365,0,2627,1288,640,1149,103,410,0,0,0,1246,40014,208,208,0,105,0,1254,212
 78515,0,40123,1169,848,1904,2379,529,39447,38901,0,0,519,1365,0,2627,1288,640,1149,103,410,0,0,0,1246,40019,208,208,0,105,0,1254,212
 78520,0,40123,1169,848,1904,2379,529,39447,38901,0,0,519,1365,0,2627,1288,640,1149,103,410,0,0,0,1246,40024,208,208,0,105,0,1254,212
 78525,0,40123,1169,848,1904,2379,529,39447,38901,0,0,519,1365,0,2627,1288,640,1149,103,410,0,0,0,1246,40029,208,208,0,105,0,1254,212
 78530,0,40123,1169,848,1904,2379,529,39447,38901,0,0,519,1365,0,2627,1288,640,1149,103,410,0,0,0,1246,40034,208,208,0,105,0,1254,212
 78535,0,40123,1169,848,1904,2379,529,39447,38901,0,0,519,1365,0,2627,1288,640,1149,103,410,0,0,0,1246,40039,208,208,0,105,0,1254,212
 78540,0,40123,1169,848,1904,2379,529,39447,38901,0,0,519,1365,0,2627,1288,640,1149,103,410,0,0,0,1246,40042,208,208,0,105,0,1254,212
 78545,0,40123,1169,848,1904,2379,529,39447,38901,0,0,519,1365,0,2627,1288,640,1149,103,410,0,0,0,1246,40042,208,208,0,105,0,1254,212
 78550,0,40123,1169,848,1904,2379,529,39447,38904,0,0,519,1365,0,2627,1288,640,1149,103,410,0,0,0,1246,40042,208,208,0,105,0,1254,212
 78555,0,40123,1169,848,1904,2379,529,39447,38909,0,0,519,1365,0,2627,1288,640,1149,103,410,0,0,0,1246,40042,208,208,0,105,0,1254,212
 78560,0,40123,1169,848,1904,2379,529,39447,38914,0,0,519,1365,0,2627,1288,640,1149,103,410,0,0,0,1246,40042,208,208,0,105,0,1254,212
 78565,0,40123,1169,848,1904,2379,529,39450,38919,0,0,519,1365,0,2627,1288,640,1149,103,410,0,0,0,1246,40042,208,208,0,105,0,1254,212
 78570,0,40123,1169,848,1904,2379,529,39455,38924,0,0,519,1365,0,2627,1288,640,1149,103,410,0,0,0,1246,40042,208,208,0,105,0,1254,212
 78575,0,40125,1169,848,1904,2379,529,39460,38929,0,0,519,1365,0,2627,1288,640,1149,103,410,0,0,0,1246,40042,208,208,0,105,0,1254,212
 78580,0,40130,1169,848,1904,2379,529,39465,38934,0,0,519,1365,0,2627,1288,640,1149,103,410,0,0,0,1246,40042,208,208,0,105,0,1254,212
 78585,0,40135,1169,848,1904,2379,529,39470,38939,0,0,519,1365,0,2627,1288,640,1149,103,410,0,0,0,1246,40042,208,208,0,105,0,1254,212
 78590,0,40140,1169,848,1904,2379,529,39475,38944,0,0,519,1365,0,2627,1288,640,1149,103,410,0,0,0,1246,40042,208,208,0,105,0,1254,212
 78595,0,40145,1169,848,1904,2379,529,39480,38949,0,0,519,1365,0,2627,1288,640,1149,103,410,0,0,0,1246,40042,208,208,0,105,0,1254,212
 78600,0,40150,1169,848,1904,2379,529,39485,38954,0,0,519,1365,0,2627,1288,640,1149,103,410,0,0,0,1246,40042,208,208,0,105,0,1254,212
 78605,0,40155,1169,848,1904,2379,529,39490,38959,0,0,519,1365,0,2627,1288,640,1149,103,410,0,0,0,1246,40042,208,208,0,105,0,1254,212
 78610,0,40160,1169,848,1904,2379,529,39495,38964,0,0,519,1365,0,2627,1288,640,1149,103,410,0,0,0,1246,40042,208,208,0,105,0,1254,212
 78615,0,40165,1169,848,1904,2379,529,39500,38969,0,0,519,1365,0,2627,1288,640,1149,103,410,0,0,0,1246,40042,208,208,0,105,0,1254,212
 78620,0,40170,1169,848,1904,2379,529,39505,38974,0,0,519,1365,0,2627,1288,640,1149,103,410,0,0,0,1246,40047,208,208,0,105,0,1254,212
 78625,0,40175,1169,848,1904,2379,529,39510,38979,0,0,519,1365,0,2627,1288,640,1149,103,410,0,0,0,1246,40052,208,208,0,105,0,1254,212
 78630,0,40180,1169,848,1904,2379,529,39515,38984,0,0,519,1365,0,2627,1288,640,1149,103,410,0,0,0,1246,40057,208,208,0,105,0,1254,212
 78635,0,40185,1169,848,1904,2379,529,39520,38989,0,0,519,1365,0,2627,1288,640,1149,103,410,0,0,0,1246,40062,208,208,0,105,0,1254,212
 78640,0,40190,1169,848,1904,2379,529,39525,38994,0,0,519,1365,0,2627,1288,640,1149,103,410,0,0,0,1246,40067,208,208,0,105,0,1254,212
 78645,0,40195,1169,848,1904,2379,529,39530,38999,0,0,519,1365,0,2627,1288,640,1149,103,410,0,0,0,1246,40072,208,208,0,105,0,1254,212
 78650,0,40200,1169,848,1904,2379,529,39535,39004,0,0,519,1365,0,2627,1288,640,1149,103,410,0,0,0,1246,40077,208,208,0,105,0,1254,212
 78655,0,40205,1169,848,1904,2379,529,39540,39006,0,0,519,1365,0,2627,1288,640,1149,103,410,0,0,0,1246,40082,208,208,0,105,0,1254,212
 78660,0,40210,1169,848,1904,2379,529,39545,39006,0,0,519,1365,0,2627,1288,640,1149,103,410,0,0,0,1246,40087,208,208,0,105,0,1254,212
 78665,0,40215,1169,848,1904,2379,529,39548,39006,0,0,519,1365,0,2627,1288,640,1149,103,410,0,0,0,1246,40092,208,208,0,105,0,1254,212
 78670,0,40220,1169,848,1904,2379,529,39548,39006,0,0,519,1365,0,2627,1288,640,1149,103,410,0,0,0,1246,40097,208,208,0,105,0,1254,212
 78675,0,40226,1169,848,1904,2379,529,39548,39006,0,0,519,1365,0,2627,1288,640,1149,103,410,0,0,0,1246,40102,208,208,0,105,0,1254,212
 78680,0,40226,1169,848,1904,2379,529,39548,39006,0,0,519,1365,0,2627,1288,640,1149,103,410,0,0,0,1246,40107,208,208,0,105,0,1254,212
 78685,0,40226,1169,848,1904,2379,529,39548,39006,0,0,519,1365,0,2627,1288,640,1149,103,410,0,0,0,1246,40112,208,208,0,105,0,1254,212
 78690,0,40226,1169,848,1904,2379,529,39548,39009,0,0,519,1365,0,2627,1288,640,1149,103,410,0,0,0,1246,40117,208,208,0,105,0,1254,212
 78695,0,40226,1169,848,1904,2379,529,39548,39014,0,0,519,1365,0,2627,1288,640,1149,103,410,0,0,0,1246,40122,208,208,0,105,0,1254,212
 78700,0,40226,1169,848,1904,2379,529,39548,39019,0,0,519,1365,0,2627,1288,640,1149,103,410,0,0,0,1246,40127,208,208,0,105,0,1254,212
 78705,0,40226,1169,848,1904,2379,529,39547,39024,0,0,519,1365,0,2627,1288,640,1149,103,410,0,0,0,1246,40132,208,208,0,105,0,1254,212
 78710,0,40228,1169,848,1904,2379,529,39552,39029,0,0,519,1365,0,2627,1288,640,1149,103,410,0,0,0,1246,40137,208,208,0,105,0,1254,212
 78715,0,40233,1169,848,1904,2379,529,39557,39034,0,0,519,1365,0,2627,1288,640,1149,103,410,0,0,0,1246,40142,208,208,0,105,0,1254,212
 78720,0,40238,1169,848,1904,2379,529,39562,39039,0,0,519,1365,0,2627,1288,640,1149,103,410,0,0,0,1246,40145,208,208,0,105,0,1254,212
 78725,0,40243,1169,848,1904,2379,529,39567,39044,0,0,519,1365,0,2627,1288,640,1149,103,410,0,0,0,1246,40145,208,208,0,105,0,1254,212
 78730,0,40248,1169,848,1904,2379,529,39572,39049,0,0,519,1365,0,2627,1288,640,1149,103,410,0,0,0,1246,40145,208,208,0,105,0,1254,212
 78735,0,40253,1169,848,1904,2379,529,39577,39054,0,0,519,1365,0,2627,1288,640,1149,103,410,0,0,0,1246,40145,208,208,0,105,0,1254,212
 78740,0,40258,1169,848,1904,2379,529,39582,39059,0,0,519,1365,0,2627,1288,640,1149,103,410,0,0,0,1246,40145,208,208,0,105,0,1254,212
 78745,0,40263,1169,848,1904,2379,529,39587,39064,0,0,519,1365,0,2627,1288,640,1149,103,410,0,0,0,1246,40145,208,208,0,105,0,1254,212
 78750,0,40268,1169,848,1904,2379,529,39592,39069,0,0,519,1365,0,2627,1288,640,1149,103,410,0,0,0,1246,40145,208,208,0,105,0,1254,212
 78755,0,40273,1169,848,1904,2379,529,39597,39074,0,0,519,1365,0,2627,1288,640,1149,103,410,0,0,0,1246,40145,208,208,0,105,0,1254,212
 78760,0,40278,1169,848,1904,2379,529,39602,39079,0,0,519,1365,0,2627,1288,640,1149,103,410,0,0,0,1246,40145,208,208,0,105,0,1254,212
 78765,0,40283,1169,848,1904,2379,529,39607,39084,0,0,519,1365,0,2627,1288,640,1149,103,410,0,0,0,1246,40144,208,208,0,105,0,1254,212
 78770,0,40288,1169,848,1904,2379,529,39612,39089,0,0,519,1365,0,2627,1288,640,1149,103,410,0,0,0,1246,40149,208,208,0,105,0,1254,212
 78775,0,40293,1169,848,1904,2379,529,39617,39094,0,0,519,1365,0,2627,1288,640,1149,103,410,0,0,0,1246,40154,208,208,0,105,0,1254,212
 78780,0,40298,1169,848,1904,2379,529,39622,39099,0,0,519,1365,0,2627,1288,640,1149,103,410,0,0,0,1246,40159,208,208,0,105,0,1254,212
 78785,0,40303,1169,848,1904,2379,529,39627,39104,0,0,519,1365,0,2627,1288,640,1149,103,410,0,0,0,1246,40164,208,208,0,105,0,1254,212
 78790,0,40308,1169,848,1904,2379,529,39632,39109,0,0,519,1365,0,2627,1288,640,1149,103,410,0,0,0,1246,40169,208,208,0,105,0,1254,212
 78795,0,40313,1169,848,1904,2379,529,39637,39109,0,0,519,1365,0,2627,1288,640,1149,103,410,0,0,0,1246,40174,208,208,0,105,0,1254,212
 78800,0,40318,1169,848,1904,2379,529,39642,39109,0,0,519,1365,0,2627,1288,640,1149,103,410,0,0,0,1246,40179,208,208,0,105,0,1254,212
 78805,0,40323,1169,848,1904,2379,529,39647,39109,0,0,519,1365,0,2627,1288,640,1149,103,410,0,0,0,1246,40184,208,208,0,105,0,1254,212
 78810,0,40328,1169,848,1904,2379,529,39651,39109,0,0,519,1365,0,2627,1288,640,1149,103,410,0,0,0,1246,40189,208,208,0,105,0,1254,212
 78815,0,40331,1169,848,1904,2379,529,39651,39109,0,0,519,1365,0,2627,1288,640,1149,103,410,0,0,0,1246,40194,208,208,0,105,0,1254,212
 78820,0,40331,1169,848,1904,2379,529,39651,39109,0,0,519,1365,0,2627,1288,640,1149,103,410,0,0,0,1246,40199,208,208,0,105,0,1254,212
 78825,0,40331,1169,848,1904,2379,529,39651,39109,0,0,519,1365,0,2627,1288,640,1149,103,410,0,0,0,1246,40204,208,208,0,105,0,1254,212
 78830,0,40331,1169,848,1904,2379,529,39651,39109,0,0,519,1365,0,2627,1288,640,1149,103,410,0,0,0,1246,40209,208,208,0,105,0,1254,212
 78835,0,40331,1169,848,1904,2379,529,39651,39109,0,0,519,1365,0,2627,1288,640,1149,103,410,0,0,0,1246,40214,208,208,0,105,0,1254,212
 78840,0,40331,1169,848,1904,2379,529,39651,39109,0,0,519,1365,0,2627,1288,640,1149,103,410,0,0,0,1246,40219,208,208,0,105,0,1254,212
 78845,0,40331,1169,848,1904,2379,529,39651,39109,0,0,519,1365,0,2627,1288,640,1149,103,410,0,0,0,1246,40224,208,208,0,105,0,1254,212
 78850,0,40331,1169,848,1904,2379,529,39651,39109,0,0,519,1365,0,2627,1288,640,1149,103,410,0,0,0,1246,40229,208,208,0,105,0,1254,212
 78855,0,40331,1169,848,1904,2379,529,39651,39109,0,0,519,1365,0,2627,1288,640,1149,103,410,0,0,0,1246,40234,208,208,0,105,0,1254,212
 78860,0,40331,1169,848,1904,2379,529,39651,39112,0,0,519,1365,0,2627,1288,640,1149,103,410,0,0,0,1246,40239,208,208,0,105,0,1254,212
 78865,0,40331,1169,848,1904,2379,529,39651,39117,0,0,519,1365,0,2627,1288,640,1149,103,410,0,0,0,1246,40244,208,208,0,105,0,1254,212
 78870,0,40333,1169,848,1904,2379,529,39651,39122,0,0,519,1365,0,2627,1288,640,1149,103,410,0,0,0,1246,40250,208,208,0,105,0,1254,212
 78875,0,40338,1169,848,1904,2379,529,39651,39127,0,0,519,1365,0,2627,1288,640,1149,103,410,0,0,0,1246,40250,208,208,0,105,0,1254,212
 78880,0,40343,1169,848,1904,2379,529,39651,39132,0,0,519,1365,0,2627,1288,640,1149,103,410,0,0,0,1246,40250,208,208,0,105,0,1254,212
 78885,0,40348,1169,848,1904,2379,529,39651,39137,0,0,519,1365,0,2627,1288,640,1149,103,410,0,0,0,1246,40250,208,208,0,105,0,1254,212
 78890,0,40353,1169,848,1904,2379,529,39654,39142,0,0,519,1365,0,2627,1288,640,1149,103,410,0,0,0,1246,40250,208,208,0,105,0,1254,212
 78895,0,40358,1169,848,1904,2379,529,39659,39147,0,0,519,1365,0,2627,1288,640,1149,103,410,0,0,0,1246,40250,208,208,0,105,0,1254,212
 78900,0,40363,1169,848,1904,2379,529,39664,39152,0,0,519,1365,0,2627,1288,640,1149,103,410,0,0,0,1246,40250,208,208,0,105,0,1254,212
 78905,0,40368,1169,848,1904,2379,529,39669,39157,0,0,519,1365,0,2627,1288,640,1149,103,410,0,0,0,1246,40250,208,208,0,105,0,1254,212
 78910,0,40373,1169,848,1904,2379,529,39674,39162,0,0,519,1365,0,2627,1288,640,1149,103,410,0,0,0,1246,40250,208,208,0,105,0,1254,212
 78915,0,40378,1169,848,1904,2379,529,39679,39167,0,0,519,1365,0,2627,1288,640,1149,103,410,0,0,0,1246,40250,208,208,0,105,0,1254,212
 78920,0,40383,1169,848,1904,2379,529,39684,39172,0,0,519,1365,0,2627,1288,640,1149,103,410,0,0,0,1246,40253,208,208,0,105,0,1254,212
 78925,0,40388,1169,848,1904,2379,529,39689,39177,0,0,519,1365,0,2627,1288,640,1149,103,410,0,0,0,1246,40258,208,208,0,105,0,1254,212
 78930,0,40393,1169,848,1904,2379,529,39694,39182,0,0,519,1365,0,2627,1288,640,1149,103,410,0,0,0,1246,40263,208,208,0,105,0,1254,212
 78935,0,40398,1169,848,1904,2379,529,39699,39187,0,0,519,1365,0,2627,1288,640,1149,103,410,0,0,0,1246,40268,208,208,0,105,0,1254,212
 78940,0,40403,1169,848,1904,2379,529,39704,39192,0,0,519,1365,0,2627,1288,640,1149,103,410,0,0,0,1246,40273,208,208,0,105,0,1254,212
 78945,0,40408,1169,848,1904,2379,529,39709,39197,0,0,519,1365,0,2627,1288,640,1149,103,410,0,0,0,1246,40278,208,208,0,105,0,1254,212
 78950,0,40413,1169,848,1904,2379,529,39714,39202,0,0,519,1365,0,2627,1288,640,1149,103,410,0,0,0,1246,40283,208,208,0,105,0,1254,212
 78955,0,40418,1169,848,1904,2379,529,39719,39207,0,0,519,1365,0,2627,1288,640,1149,103,410,0,0,0,1246,40288,208,208,0,105,0,1254,212
 78960,0,40423,1169,848,1904,2379,529,39724,39212,0,0,519,1365,0,2627,1288,640,1149,103,410,0,0,0,1246,40293,208,208,0,105,0,1254,212
 78965,0,40428,1169,848,1904,2379,529,39729,39216,0,0,519,1365,0,2627,1288,640,1149,103,410,0,0,0,1246,40298,208,208,0,105,0,1254,212
 78970,0,40433,1169,848,1904,2379,529,39734,39216,0,0,519,1365,0,2627,1288,640,1149,103,410,0,0,0,1246,40303,208,208,0,105,0,1254,212
 78975,0,40436,1169,848,1904,2379,529,39739,39216,0,0,519,1365,0,2627,1288,640,1149,103,410,0,0,0,1246,40308,208,208,0,105,0,1254,212
 78980,0,40436,1169,848,1904,2379,529,39744,39216,0,0,519,1365,0,2627,1288,640,1149,103,410,0,0,0,1246,40313,208,208,0,105,0,1254,212
 78985,0,40436,1169,848,1904,2379,529,39749,39216,0,0,519,1365,0,2627,1288,640,1149,103,410,0,0,0,1246,40318,208,208,0,105,0,1254,212
 78990,0,40436,1169,848,1904,2379,529,39754,39216,0,0,519,1365,0,2627,1288,640,1149,103,410,0,0,0,1246,40323,208,208,0,105,0,1254,212
 78995,0,40436,1169,848,1904,2379,529,39754,39216,0,0,519,1365,0,2627,1288,640,1149,103,410,0,0,0,1246,40328,208,208,0,105,0,1254,212
 79000,0,40436,1169,848,1904,2379,529,39754,39216,0,0,519,1365,0,2627,1288,640,1149,103,410,0,0,0,1246,40333,208,208,0,105,0,1254,212
 79005,0,40436,1169,848,1904,2379,529,39754,39216,0,0,519,1365,0,2627,1288,640,1149,103,410,0,0,0,1246,40338,208,208,0,105,0,1254,212
 79010,0,40436,1169,848,1904,2379,529,39754,39216,0,0,519,1365,0,2627,1288,640,1149,103,410,0,0,0,1246,40343,208,208,0,105,0,1254,212
 79015,0,40436,1169,848,1904,2379,529,39754,39216,0,0,519,1365,0,2627,1288,640,1149,103,410,0,0,0,1246,40348,208,208,0,105,0,1254,212
 79020,0,40436,1169,848,1904,2379,529,39754,39216,0,0,519,1365,0,2627,1288,640,1149,103,410,0,0,0,1246,40353,208,208,0,105,0,1254,212
 79025,0,40436,1169,848,1904,2379,529,39754,39216,0,0,519,1365,0,2627,1288,640,1149,103,410,0,0,0,1246,40353,208,208,0,105,0,1254,212
 79030,0,40436,1169,848,1904,2379,529,39754,39216,0,0,519,1365,0,2627,1288,640,1149,103,410,0,0,0,1246,40353,208,208,0,105,0,1254,212
 79035,0,40437,1169,848,1904,2379,529,39754,39216,0,0,519,1365,0,2627,1288,640,1149,103,410,0,0,0,1246,40353,208,208,0,105,0,1254,212
 79040,0,40442,1169,848,1904,2379,529,39754,39216,0,0,519,1365,0,2627,1288,640,1149,103,410,0,0,0,1246,40353,208,208,0,105,0,1254,212
 79045,0,40447,1169,848,1904,2379,529,39754,39216,0,0,519,1365,0,2627,1288,640,1149,103,410,0,0,0,1246,40353,208,208,0,105,0,1254,212
 79050,0,40452,1169,848,1904,2379,529,39754,39216,0,0,519,1365,0,2627,1288,640,1149,103,410,0,0,0,1246,40353,208,208,0,105,0,1254,212
 79055,0,40457,1169,848,1904,2379,529,39754,39216,0,0,519,1365,0,2627,1288,640,1149,103,410,0,0,0,1246,40353,208,208,0,105,0,1254,212
 79060,0,40462,1169,848,1904,2379,529,39754,39216,0,0,519,1365,0,2627,1288,640,1149,103,410,0,0,0,1246,40353,208,208,0,105,0,1254,212
 79065,0,40467,1169,848,1904,2379,529,39754,39216,0,0,519,1365,0,2627,1288,640,1149,103,410,0,0,0,1246,40353,208,208,0,105,0,1254,212
 79070,0,40472,1169,848,1904,2379,529,39754,39216,0,0,519,1365,0,2627,1288,640,1149,103,410,0,0,0,1246,40353,208,208,0,105,0,1254,212
 79075,0,40477,1169,848,1904,2379,529,39754,39216,0,0,519,1365,0,2627,1288,640,1149,103,410,0,0,0,1246,40353,208,208,0,105,0,1254,212
 79080,0,40482,1169,848,1904,2379,529,39754,39216,0,0,519,1365,0,2627,1288,640,1149,103,410,0,0,0,1246,40353,208,208,0,105,0,1254,212
 79085,0,40487,1169,848,1904,2379,529,39754,39216,0,0,519,1365,0,2627,1288,640,1149,103,410,0,0,0,1246,40353,208,208,0,105,0,1254,212
 79090,0,40492,1169,848,1904,2379,529,39754,39216,0,0,519,1365,0,2627,1288,640,1149,103,410,0,0,0,1246,40358,208,208,0,105,0,1254,212
 79095,0,40497,1169,848,1904,2379,529,39754,39216,0,0,519,1365,0,2627,1288,640,1149,103,410,0,0,0,1246,40363,208,208,0,105,0,1254,212
 79100,0,40502,1169,848,1904,2379,529,39754,39221,0,0,519,1365,0,2627,1288,640,1149,103,410,0,0,0,1246,40368,208,208,0,105,0,1254,212
 79105,0,40507,1169,848,1904,2379,529,39754,39226,0,0,519,1365,0,2627,1288,640,1149,103,410,0,0,0,1246,40373,208,208,0,105,0,1254,212
 79110,0,40512,1169,848,1904,2379,529,39754,39231,0,0,519,1365,0,2627,1288,640,1149,103,410,0,0,0,1246,40378,208,208,0,105,0,1254,212
 79115,0,40517,1169,848,1904,2379,529,39754,39236,0,0,519,1365,0,2627,1288,640,1149,103,410,0,0,0,1246,40383,208,208,0,105,0,1254,212
 79120,0,40522,1169,848,1904,2379,529,39754,39241,0,0,519,1365,0,2627,1288,640,1149,103,410,0,0,0,1246,40388,208,208,0,105,0,1254,212
 79125,0,40527,1169,848,1904,2379,529,39754,39246,0,0,519,1365,0,2627,1288,640,1149,103,410,0,0,0,1246,40393,208,208,0,105,0,1254,212
 79130,0,40532,1169,848,1904,2379,529,39754,39251,0,0,519,1365,0,2627,1288,640,1149,103,410,0,0,0,1246,40398,208,208,0,105,0,1254,212
 79135,0,40537,1169,848,1904,2379,529,39754,39256,0,0,519,1365,0,2627,1288,640,1149,103,410,0,0,0,1246,40403,208,208,0,105,0,1254,212
 79140,0,40539,1169,848,1904,2379,529,39754,39261,0,0,519,1365,0,2627,1288,640,1149,103,410,0,0,0,1246,40408,208,208,0,105,0,1254,212
 79145,0,40539,1169,848,1904,2379,529,39754,39266,0,0,519,1365,0,2627,1288,640,1149,103,410,0,0,0,1246,40413,208,208,0,105,0,1254,212
 79150,0,40539,1169,848,1904,2379,529,39754,39271,0,0,519,1365,0,2627,1288,640,1149,103,410,0,0,0,1246,40418,208,208,0,105,0,1254,212
 79155,0,40539,1169,848,1904,2379,529,39754,39276,0,0,519,1365,0,2627,1288,640,1149,103,410,0,0,0,1246,40423,208,208,0,105,0,1254,212
 79160,0,40539,1169,848,1904,2379,529,39754,39281,0,0,519,1365,0,2627,1288,640,1149,103,410,0,0,0,1246,40428,208,208,0,105,0,1254,212
 79165,0,40539,1169,848,1904,2379,529,39754,39286,0,0,519,1365,0,2627,1288,640,1149,103,410,0,0,0,1246,40433,208,208,0,105,0,1254,212
 79170,0,40539,1169,848,1904,2379,529,39754,39291,0,0,519,1365,0,2627,1288,640,1149,103,410,0,0,0,1246,40438,208,208,0,105,0,1254,212
 79175,0,40539,1169,848,1904,2379,529,39754,39296,0,0,519,1365,0,2627,1288,640,1149,103,410,0,0,0,1246,40443,208,208,0,105,0,1254,212
 79180,0,40539,1169,848,1904,2379,529,39754,39301,0,0,519,1365,0,2627,1288,640,1149,103,410,0,0,0,1246,40448,208,208,0,105,0,1254,212
 79185,0,40539,1169,848,1904,2379,529,39759,39306,0,0,519,1365,0,2627,1288,640,1149,103,410,0,0,0,1246,40453,208,208,0,105,0,1254,212
 79190,0,40539,1169,848,1904,2379,529,39764,39311,0,0,519,1365,0,2627,1288,640,1149,103,410,0,0,0,1246,40458,208,208,0,105,0,1254,212
 79195,0,40541,1169,848,1904,2379,529,39769,39316,0,0,519,1365,0,2627,1288,640,1149,103,410,0,0,0,1246,40458,208,208,0,105,0,1254,212
 79200,0,40546,1169,848,1904,2379,529,39774,39321,0,0,519,1365,0,2627,1288,640,1149,103,410,0,0,0,1246,40458,208,208,0,105,0,1254,212
 79205,0,40551,1169,848,1904,2379,529,39779,39321,0,0,519,1365,0,2627,1288,640,1149,103,410,0,0,0,1246,40458,208,208,0,105,0,1254,212
 79210,0,40556,1169,848,1904,2379,529,39784,39321,0,0,519,1365,0,2627,1288,640,1149,103,410,0,0,0,1246,40458,208,208,0,105,0,1254,212
 79215,0,40561,1169,848,1904,2379,529,39789,39321,0,0,519,1365,0,2627,1288,640,1149,103,410,0,0,0,1246,40458,208,208,0,105,0,1254,212
 79220,0,40566,1169,848,1904,2379,529,39794,39321,0,0,519,1365,0,2627,1288,640,1149,103,410,0,0,0,1246,40458,208,208,0,105,0,1254,212
 79225,0,40571,1169,848,1904,2379,529,39799,39321,0,0,519,1365,0,2627,1288,640,1149,103,410,0,0,0,1246,40458,208,208,0,105,0,1254,212
 79230,0,40576,1169,848,1904,2379,529,39804,39321,0,0,519,1365,0,2627,1288,640,1149,103,410,0,0,0,1246,40458,208,208,0,105,0,1254,212
 79235,0,40581,1169,848,1904,2379,529,39809,39321,0,0,519,1365,0,2627,1288,640,1149,103,410,0,0,0,1246,40458,208,208,0,105,0,1254,212
 79240,0,40586,1169,848,1904,2379,529,39814,39321,0,0,519,1365,0,2627,1288,640,1149,103,410,0,0,0,1246,40458,208,208,0,105,0,1254,212
 79245,0,40591,1169,848,1904,2379,529,39819,39321,0,0,519,1365,0,2627,1288,640,1149,103,410,0,0,0,1246,40458,208,208,0,105,0,1254,212
 79250,0,40596,1169,848,1904,2379,529,39824,39321,0,0,519,1365,0,2627,1288,640,1149,103,410,0,0,0,1246,40458,208,208,0,105,0,1254,212
 79255,0,40601,1169,848,1904,2379,529,39829,39321,0,0,519,1365,0,2627,1288,640,1149,103,410,0,0,0,1246,40458,208,208,0,105,0,1254,212
 79260,0,40606,1169,848,1904,2379,529,39834,39321,0,0,519,1365,0,2627,1288,640,1149,103,410,0,0,0,1246,40458,208,208,0,105,0,1254,212
 79265,0,40611,1169,848,1904,2379,529,39839,39323,0,0,519,1365,0,2627,1288,640,1149,103,410,0,0,0,1246,40458,208,208,0,105,0,1254,212
 79270,0,40616,1169,848,1904,2379,529,39844,39328,0,0,519,1365,0,2627,1288,640,1149,103,410,0,0,0,1246,40458,208,208,0,105,0,1254,212
 79275,0,40621,1169,848,1904,2379,529,39849,39333,0,0,519,1365,0,2627,1288,640,1149,103,410,0,0,0,1246,40458,208,208,0,105,0,1254,212
 79280,0,40626,1169,848,1904,2379,529,39854,39338,0,0,519,1365,0,2627,1288,640,1149,103,410,0,0,0,1246,40457,208,208,0,105,0,1254,212
 79285,0,40631,1169,848,1904,2379,529,39859,39343,0,0,519,1365,0,2627,1288,640,1149,103,410,0,0,0,1246,40462,208,208,0,105,0,1254,212
 79290,0,40636,1169,848,1904,2379,529,39859,39348,0,0,519,1365,0,2627,1288,640,1149,103,410,0,0,0,1246,40467,208,208,0,105,0,1254,212
 79295,0,40641,1169,848,1904,2379,529,39859,39353,0,0,519,1365,0,2627,1288,640,1149,103,410,0,0,0,1246,40472,208,208,0,105,0,1254,212
 79300,0,40644,1169,848,1904,2379,529,39859,39358,0,0,519,1365,0,2627,1288,640,1149,103,410,0,0,0,1246,40477,208,208,0,105,0,1254,212
 79305,0,40644,1169,848,1904,2379,529,39859,39363,0,0,519,1365,0,2627,1288,640,1149,103,410,0,0,0,1246,40482,208,208,0,105,0,1254,212
 79310,0,40644,1169,848,1904,2379,529,39859,39368,0,0,519,1365,0,2627,1288,640,1149,103,410,0,0,0,1246,40487,208,208,0,105,0,1254,212
 79315,0,40644,1169,848,1904,2379,529,39859,39373,0,0,519,1365,0,2627,1288,640,1149,103,410,0,0,0,1246,40492,208,208,0,105,0,1254,212
 79320,0,40644,1169,848,1904,2379,529,39859,39378,0,0,519,1365,0,2627,1288,640,1149,103,410,0,0,0,1246,40497,208,208,0,105,0,1254,212
 79325,0,40644,1169,848,1904,2379,529,39859,39383,0,0,519,1365,0,2627,1288,640,1149,103,410,0,0,0,1246,40502,208,208,0,105,0,1254,212
 79330,0,40644,1169,848,1904,2379,529,39862,39388,0,0,519,1365,0,2627,1288,640,1149,103,410,0,0,0,1246,40507,208,208,0,105,0,1254,212
 79335,0,40644,1169,848,1904,2379,529,39867,39393,0,0,519,1365,0,2627,1288,640,1149,103,410,0,0,0,1246,40512,208,208,0,105,0,1254,212
 79340,0,40644,1169,848,1904,2379,529,39872,39398,0,0,519,1365,0,2627,1288,640,1149,103,410,0,0,0,1246,40517,208,208,0,105,0,1254,212
 79345,0,40644,1169,848,1904,2379,529,39877,39403,0,0,519,1365,0,2627,1288,640,1149,103,410,0,0,0,1246,40522,208,208,0,105,0,1254,212
 79350,0,40643,1169,848,1904,2379,529,39882,39408,0,0,519,1365,0,2627,1288,640,1149,103,410,0,0,0,1246,40527,208,208,0,105,0,1254,212
 79355,0,40648,1169,848,1904,2379,529,39887,39413,0,0,519,1365,0,2627,1288,640,1149,103,410,0,0,0,1246,40532,208,208,0,105,0,1254,212
 79360,0,40653,1169,848,1904,2379,529,39892,39418,0,0,519,1365,0,2627,1288,640,1149,103,410,0,0,0,1246,40537,208,208,0,105,0,1254,212
 79365,0,40658,1169,848,1904,2379,529,39897,39424,0,0,519,1365,0,2627,1288,640,1149,103,410,0,0,0,1246,40542,208,208,0,105,0,1254,212
 79370,0,40663,1169,848,1904,2379,529,39902,39424,0,0,519,1365,0,2627,1288,640,1149,103,410,0,0,0,1246,40547,208,208,0,105,0,1254,212
 79375,0,40668,1169,848,1904,2379,529,39907,39424,0,0,519,1365,0,2627,1288,640,1149,103,410,0,0,0,1246,40552,208,208,0,105,0,1254,212
 79380,0,40673,1169,848,1904,2379,529,39912,39424,0,0,519,1365,0,2627,1288,640,1149,103,410,0,0,0,1246,40557,208,208,0,105,0,1254,212
 79385,0,40678,1169,848,1904,2379,529,39917,39424,0,0,519,1365,0,2627,1288,640,1149,103,410,0,0,0,1246,40563,208,208,0,105,0,1254,212
 79390,0,40683,1169,848,1904,2379,529,39922,39424,0,0,519,1365,0,2627,1288,640,1149,103,410,0,0,0,1246,40563,208,208,0,105,0,1254,212
 79395,0,40688,1169,848,1904,2379,529,39927,39424,0,0,519,1365,0,2627,1288,640,1149,103,410,0,0,0,1246,40563,208,208,0,105,0,1254,212
 79400,0,40693,1169,848,1904,2379,529,39932,39426,0,0,519,1365,0,2627,1288,640,1149,103,410,0,0,0,1246,40563,208,208,0,105,0,1254,212
 79405,0,40698,1169,848,1904,2379,529,39937,39431,0,0,519,1365,0,2627,1288,640,1149,103,410,0,0,0,1246,40563,208,208,0,105,0,1254,212
 79410,0,40703,1169,848,1904,2379,529,39942,39436,0,0,519,1365,0,2627,1288,640,1149,103,410,0,0,0,1246,40563,208,208,0,105,0,1254,212
 79415,0,40708,1169,848,1904,2379,529,39947,39441,0,0,519,1365,0,2627,1288,640,1149,103,410,0,0,0,1246,40563,208,208,0,105,0,1254,212
 79420,0,40713,1169,848,1904,2379,529,39952,39446,0,0,519,1365,0,2627,1288,640,1149,103,410,0,0,0,1246,40563,208,208,0,105,0,1254,212
 79425,0,40718,1169,848,1904,2379,529,39957,39451,0,0,519,1365,0,2627,1288,640,1149,103,410,0,0,0,1246,40563,208,208,0,105,0,1254,212
 79430,0,40723,1169,848,1904,2379,529,39962,39456,0,0,519,1365,0,2627,1288,640,1149,103,410,0,0,0,1246,40563,208,208,0,105,0,1254,212
 79435,0,40728,1169,848,1904,2379,529,39964,39461,0,0,519,1365,0,2627,1288,640,1149,103,410,0,0,0,1246,40566,208,208,0,105,0,1254,212
 79440,0,40733,1169,848,1904,2379,529,39964,39466,0,0,519,1365,0,2627,1288,640,1149,103,410,0,0,0,1246,40571,208,208,0,105,0,1254,212
 79445,0,40738,1169,848,1904,2379,529,39964,39471,0,0,519,1365,0,2627,1288,640,1149,103,410,0,0,0,1246,40576,208,208,0,105,0,1254,212
 79450,0,40743,1169,848,1904,2379,529,39964,39476,0,0,519,1365,0,2627,1288,640,1149,103,410,0,0,0,1246,40581,208,208,0,105,0,1254,212
 79455,0,40747,1169,848,1904,2379,529,39964,39481,0,0,519,1365,0,2627,1288,640,1149,103,410,0,0,0,1246,40586,208,208,0,105,0,1254,212
 79460,0,40747,1169,848,1904,2379,529,39964,39486,0,0,519,1365,0,2627,1288,640,1149,103,410,0,0,0,1246,40591,208,208,0,105,0,1254,212
 79465,0,40747,1169,848,1904,2379,529,39964,39491,0,0,519,1365,0,2627,1288,640,1149,103,410,0,0,0,1246,40596,208,208,0,105,0,1254,212
 79470,0,40747,1169,848,1904,2379,529,39964,39496,0,0,519,1365,0,2627,1288,640,1149,103,410,0,0,0,1246,40601,208,208,0,105,0,1254,212
 79475,0,40747,1169,848,1904,2379,529,39964,39501,0,0,519,1365,0,2627,1288,640,1149,103,410,0,0,0,1246,40606,208,208,0,105,0,1254,212
 79480,0,40747,1169,848,1904,2379,529,39964,39506,0,0,519,1365,0,2627,1288,640,1149,103,410,0,0,0,1246,40611,208,208,0,105,0,1254,212
 79485,0,40747,1169,848,1904,2379,529,39964,39511,0,0,519,1365,0,2627,1288,640,1149,103,410,0,0,0,1246,40616,208,208,0,105,0,1254,212
 79490,0,40747,1169,848,1904,2379,529,39964,39516,0,0,519,1365,0,2627,1288,640,1149,103,410,0,0,0,1246,40621,208,208,0,105,0,1254,212
 79495,0,40747,1169,848,1904,2379,529,39963,39521,0,0,519,1365,0,2627,1288,640,1149,103,410,0,0,0,1246,40626,208,208,0,105,0,1254,212
 79500,0,40747,1169,848,1904,2379,529,39968,39527,0,0,519,1365,0,2627,1288,640,1149,103,410,0,0,0,1246,40631,208,208,0,105,0,1254,212
 79505,0,40747,1169,848,1904,2379,529,39973,39527,0,0,519,1365,0,2627,1288,640,1149,103,410,0,0,0,1246,40636,208,208,0,105,0,1254,212
 79510,0,40747,1169,848,1904,2379,529,39978,39527,0,0,519,1365,0,2627,1288,640,1149,103,410,0,0,0,1246,40641,208,208,0,105,0,1254,212
 79515,0,40747,1169,848,1904,2379,529,39983,39527,0,0,519,1365,0,2627,1288,640,1149,103,410,0,0,0,1246,40646,208,208,0,105,0,1254,212
 79520,0,40747,1169,848,1904,2379,529,39988,39527,0,0,519,1365,0,2627,1288,640,1149,103,410,0,0,0,1246,40651,208,208,0,105,0,1254,212
 79525,0,40747,1169,848,1904,2379,529,39993,39527,0,0,519,1365,0,2627,1288,640,1149,103,410,0,0,0,1246,40656,208,208,0,105,0,1254,212
 79530,0,40747,1169,848,1904,2379,529,39998,39527,0,0,519,1365,0,2627,1288,640,1149,103,410,0,0,0,1246,40661,208,208,0,105,0,1254,212
 79535,0,40747,1169,848,1904,2379,529,40003,39527,0,0,519,1365,0,2627,1288,640,1149,103,410,0,0,0,1246,40666,208,208,0,105,0,1254,212
 79540,0,40747,1169,848,1904,2379,529,40008,39527,0,0,519,1365,0,2627,1288,640,1149,103,410,0,0,0,1246,40668,208,208,0,105,0,1254,212
 79545,0,40747,1169,848,1904,2379,529,40013,39527,0,0,519,1365,0,2627,1288,640,1149,103,410,0,0,0,1246,40668,208,208,0,105,0,1254,212
 79550,0,40747,1169,848,1904,2379,529,40018,39527,0,0,519,1365,0,2627,1288,640,1149,103,410,0,0,0,1246,40668,208,208,0,105,0,1254,212
 79555,0,40747,1169,848,1904,2379,529,40023,39527,0,0,519,1365,0,2627,1288,640,1149,103,410,0,0,0,1246,40668,208,208,0,105,0,1254,212
 79560,0,40747,1169,848,1904,2379,529,40028,39527,0,0,519,1365,0,2627,1288,640,1149,103,410,0,0,0,1246,40668,208,208,0,105,0,1254,212
 79565,0,40747,1169,848,1904,2379,529,40033,39527,0,0,519,1365,0,2627,1288,640,1149,103,410,0,0,0,1246,40668,208,208,0,105,0,1254,212
 79570,0,40747,1169,848,1904,2379,529,40038,39529,0,0,519,1365,0,2627,1288,640,1149,103,410,0,0,0,1246,40668,208,208,0,105,0,1254,212
 79575,0,40747,1169,848,1904,2379,529,40043,39534,0,0,519,1365,0,2627,1288,640,1149,103,410,0,0,0,1246,40668,208,208,0,105,0,1254,212
 79580,0,40747,1169,848,1904,2379,529,40048,39539,0,0,519,1365,0,2627,1288,640,1149,103,410,0,0,0,1246,40668,208,208,0,105,0,1254,212
 79585,0,40747,1169,848,1904,2379,529,40053,39544,0,0,519,1365,0,2627,1288,640,1149,103,410,0,0,0,1246,40668,208,208,0,105,0,1254,212
 79590,0,40747,1169,848,1904,2379,529,40058,39549,0,0,519,1365,0,2627,1288,640,1149,103,410,0,0,0,1246,40668,208,208,0,105,0,1254,212
 79595,0,40747,1169,848,1904,2379,529,40063,39554,0,0,519,1365,0,2627,1288,640,1149,103,410,0,0,0,1246,40668,208,208,0,105,0,1254,212
 79600,0,40747,1169,848,1904,2379,529,40067,39559,0,0,519,1365,0,2627,1288,640,1149,103,410,0,0,0,1246,40668,208,208,0,105,0,1254,212
 79605,0,40749,1169,848,1904,2379,529,40067,39564,0,0,519,1365,0,2627,1288,640,1149,103,410,0,0,0,1246,40668,208,208,0,105,0,1254,212
 79610,0,40754,1169,848,1904,2379,529,40067,39569,0,0,519,1365,0,2627,1288,640,1149,103,410,0,0,0,1246,40668,208,208,0,105,0,1254,212
 79615,0,40759,1169,848,1904,2379,529,40067,39574,0,0,519,1365,0,2627,1288,640,1149,103,410,0,0,0,1246,40668,208,208,0,105,0,1254,212
 79620,0,40764,1169,848,1904,2379,529,40067,39579,0,0,519,1365,0,2627,1288,640,1149,103,410,0,0,0,1246,40668,208,208,0,105,0,1254,212
 79625,0,40769,1169,848,1904,2379,529,40067,39584,0,0,519,1365,0,2627,1288,640,1149,103,410,0,0,0,1246,40668,208,208,0,105,0,1254,212
 79630,0,40774,1169,848,1904,2379,529,40067,39589,0,0,519,1365,0,2627,1288,640,1149,103,410,0,0,0,1246,40668,208,208,0,105,0,1254,212
 79635,0,40779,1169,848,1904,2379,529,40067,39594,0,0,519,1365,0,2627,1288,640,1149,103,410,0,0,0,1246,40668,208,208,0,105,0,1254,212
 79640,0,40784,1169,848,1904,2379,529,40067,39599,0,0,519,1365,0,2627,1288,640,1149,103,410,0,0,0,1246,40668,208,208,0,105,0,1254,212
 79645,0,40789,1169,848,1904,2379,529,40067,39604,0,0,519,1365,0,2627,1288,640,1149,103,410,0,0,0,1246,40668,208,208,0,105,0,1254,212
 79650,0,40794,1169,848,1904,2379,529,40067,39609,0,0,519,1365,0,2627,1288,640,1149,103,410,0,0,0,1246,40668,208,208,0,105,0,1254,212
 79655,0,40799,1169,848,1904,2379,529,40067,39614,0,0,519,1365,0,2627,1288,640,1149,103,410,0,0,0,1246,40667,208,208,0,105,0,1254,212
 79660,0,40804,1169,848,1904,2379,529,40067,39619,0,0,519,1365,0,2627,1288,640,1149,103,410,0,0,0,1246,40672,208,208,0,105,0,1254,212
 79665,0,40809,1169,848,1904,2379,529,40067,39624,0,0,519,1365,0,2627,1288,640,1149,103,410,0,0,0,1246,40677,208,208,0,105,0,1254,212
 79670,0,40814,1169,848,1904,2379,529,40067,39630,0,0,519,1365,0,2627,1288,640,1149,103,410,0,0,0,1246,40682,208,208,0,105,0,1254,212
 79675,0,40819,1169,848,1904,2379,529,40067,39630,0,0,519,1365,0,2627,1288,640,1149,103,410,0,0,0,1246,40687,208,208,0,105,0,1254,212
 79680,0,40824,1169,848,1904,2379,529,40067,39630,0,0,519,1365,0,2627,1288,640,1149,103,410,0,0,0,1246,40692,208,208,0,105,0,1254,212
 79685,0,40829,1169,848,1904,2379,529,40067,39630,0,0,519,1365,0,2627,1288,640,1149,103,410,0,0,0,1246,40697,208,208,0,105,0,1254,212
 79690,0,40834,1169,848,1904,2379,529,40067,39630,0,0,519,1365,0,2627,1288,640,1149,103,410,0,0,0,1246,40702,208,208,0,105,0,1254,212
 79695,0,40839,1169,848,1904,2379,529,40067,39630,0,0,519,1365,0,2627,1288,640,1149,103,410,0,0,0,1246,40707,208,208,0,105,0,1254,212
 79700,0,40844,1169,848,1904,2379,529,40067,39630,0,0,519,1365,0,2627,1288,640,1149,103,410,0,0,0,1246,40712,208,208,0,105,0,1254,212
 79705,0,40849,1169,848,1904,2379,529,40067,39630,0,0,519,1365,0,2627,1288,640,1149,103,410,0,0,0,1246,40717,208,208,0,105,0,1254,212
 79710,0,40852,1169,848,1904,2379,529,40067,39630,0,0,519,1365,0,2627,1288,640,1149,103,410,0,0,0,1246,40722,208,208,0,105,0,1254,212
 79715,0,40852,1169,848,1904,2379,529,40067,39630,0,0,519,1365,0,2627,1288,640,1149,103,410,0,0,0,1246,40727,208,208,0,105,0,1254,212
 79720,0,40852,1169,848,1904,2379,529,40067,39630,0,0,519,1365,0,2627,1288,640,1149,103,410,0,0,0,1246,40732,208,208,0,105,0,1254,212
 79725,0,40852,1169,848,1904,2379,529,40070,39630,0,0,519,1365,0,2627,1288,640,1149,103,410,0,0,0,1246,40737,208,208,0,105,0,1254,212
 79730,0,40852,1169,848,1904,2379,529,40075,39630,0,0,519,1365,0,2627,1288,640,1149,103,410,0,0,0,1246,40742,208,208,0,105,0,1254,212
 79735,0,40852,1169,848,1904,2379,529,40080,39630,0,0,519,1365,0,2627,1288,640,1149,103,410,0,0,0,1246,40747,208,208,0,105,0,1254,212
 79740,0,40852,1169,848,1904,2379,529,40085,39632,0,0,519,1365,0,2627,1288,640,1149,103,410,0,0,0,1246,40752,208,208,0,105,0,1254,212
 79745,0,40852,1169,848,1904,2379,529,40090,39637,0,0,519,1365,0,2627,1288,640,1149,103,410,0,0,0,1246,40757,208,208,0,105,0,1254,212
 79750,0,40852,1169,848,1904,2379,529,40095,39642,0,0,519,1365,0,2627,1288,640,1149,103,410,0,0,0,1246,40762,208,208,0,105,0,1254,212
 79755,0,40852,1169,848,1904,2379,529,40100,39647,0,0,519,1365,0,2627,1288,640,1149,103,410,0,0,0,1246,40767,208,208,0,105,0,1254,212
 79760,0,40852,1169,848,1904,2379,529,40105,39652,0,0,519,1365,0,2627,1288,640,1149,103,410,0,0,0,1246,40773,208,208,0,105,0,1254,212
 79765,0,40852,1169,848,1904,2379,529,40110,39657,0,0,519,1365,0,2627,1288,640,1149,103,410,0,0,0,1246,40773,208,208,0,105,0,1254,212
 79770,0,40852,1169,848,1904,2379,529,40115,39662,0,0,519,1365,0,2627,1288,640,1149,103,410,0,0,0,1246,40773,208,208,0,105,0,1254,212
 79775,0,40852,1169,848,1904,2379,529,40120,39667,0,0,519,1365,0,2627,1288,640,1149,103,410,0,0,0,1246,40773,208,208,0,105,0,1254,212
 79780,0,40852,1169,848,1904,2379,529,40125,39672,0,0,519,1365,0,2627,1288,640,1149,103,410,0,0,0,1246,40773,208,208,0,105,0,1254,212
 79785,0,40852,1169,848,1904,2379,529,40130,39677,0,0,519,1365,0,2627,1288,640,1149,103,410,0,0,0,1246,40773,208,208,0,105,0,1254,212
 79790,0,40852,1169,848,1904,2379,529,40135,39682,0,0,519,1365,0,2627,1288,640,1149,103,410,0,0,0,1246,40773,208,208,0,105,0,1254,212
 79795,0,40852,1169,848,1904,2379,529,40140,39687,0,0,519,1365,0,2627,1288,640,1149,103,410,0,0,0,1246,40773,208,208,0,105,0,1254,212
 79800,0,40852,1169,848,1904,2379,529,40145,39692,0,0,519,1365,0,2627,1288,640,1149,103,410,0,0,0,1246,40773,208,208,0,105,0,1254,212
 79805,0,40852,1169,848,1904,2379,529,40150,39697,0,0,519,1365,0,2627,1288,640,1149,103,410,0,0,0,1246,40773,208,208,0,105,0,1254,212
 79810,0,40852,1169,848,1904,2379,529,40155,39702,0,0,519,1365,0,2627,1288,640,1149,103,410,0,0,0,1246,40773,208,208,0,105,0,1254,212
 79815,0,40852,1169,848,1904,2379,529,40160,39707,0,0,519,1365,0,2627,1288,640,1149,103,410,0,0,0,1246,40773,208,208,0,105,0,1254,212
 79820,0,40852,1169,848,1904,2379,529,40165,39712,0,0,519,1365,0,2627,1288,640,1149,103,410,0,0,0,1246,40773,208,208,0,105,0,1254,212
 79825,0,40852,1169,848,1904,2379,529,40170,39717,0,0,519,1365,0,2627,1288,640,1149,103,410,0,0,0,1246,40773,208,208,0,105,0,1254,212
 79830,0,40852,1169,848,1904,2379,529,40174,39722,0,0,519,1365,0,2627,1288,640,1149,103,410,0,0,0,1246,40773,208,208,0,105,0,1254,212
 79835,0,40852,1169,848,1904,2379,529,40174,39727,0,0,519,1365,0,2627,1288,640,1149,103,410,0,0,0,1246,40773,208,208,0,105,0,1254,212
 79840,0,40852,1169,848,1904,2379,529,40174,39732,0,0,519,1365,0,2627,1288,640,1149,103,410,0,0,0,1246,40778,208,208,0,105,0,1254,212
 79845,0,40854,1169,848,1904,2379,529,40174,39735,0,0,519,1365,0,2627,1288,640,1149,103,410,0,0,0,1246,40783,208,208,0,105,0,1254,212
 79850,0,40859,1169,848,1904,2379,529,40174,39735,0,0,519,1365,0,2627,1288,640,1149,103,410,0,0,0,1246,40788,208,208,0,105,0,1254,212
 79855,0,40864,1169,848,1904,2379,529,40174,39735,0,0,519,1365,0,2627,1288,640,1149,103,410,0,0,0,1246,40793,208,208,0,105,0,1254,212
 79860,0,40869,1169,848,1904,2379,529,40174,39735,0,0,519,1365,0,2627,1288,640,1149,103,410,0,0,0,1246,40798,208,208,0,105,0,1254,212
 79865,0,40874,1169,848,1904,2379,529,40174,39735,0,0,519,1365,0,2627,1288,640,1149,103,410,0,0,0,1246,40803,208,208,0,105,0,1254,212
 79870,0,40879,1169,848,1904,2379,529,40174,39735,0,0,519,1365,0,2627,1288,640,1149,103,410,0,0,0,1246,40808,208,208,0,105,0,1254,212
 79875,0,40884,1169,848,1904,2379,529,40174,39735,0,0,519,1365,0,2627,1288,640,1149,103,410,0,0,0,1246,40813,208,208,0,105,0,1254,212
 79880,0,40889,1169,848,1904,2379,529,40174,39735,0,0,519,1365,0,2627,1288,640,1149,103,410,0,0,0,1246,40818,208,208,0,105,0,1254,212
 79885,0,40894,1169,848,1904,2379,529,40174,39735,0,0,519,1365,0,2627,1288,640,1149,103,410,0,0,0,1246,40823,208,208,0,105,0,1254,212
 79890,0,40899,1169,848,1904,2379,529,40174,39735,0,0,519,1365,0,2627,1288,640,1149,103,410,0,0,0,1246,40828,208,208,0,105,0,1254,212
 79895,0,40904,1169,848,1904,2379,529,40174,39735,0,0,519,1365,0,2627,1288,640,1149,103,410,0,0,0,1246,40833,208,208,0,105,0,1254,212
 79900,0,40909,1169,848,1904,2379,529,40174,39735,0,0,519,1365,0,2627,1288,640,1149,103,410,0,0,0,1246,40838,208,208,0,105,0,1254,212
 79905,0,40914,1169,848,1904,2379,529,40174,39735,0,0,519,1365,0,2627,1288,640,1149,103,410,0,0,0,1246,40843,208,208,0,105,0,1254,212
 79910,0,40919,1169,848,1904,2379,529,40174,39735,0,0,519,1365,0,2627,1288,640,1149,103,410,0,0,0,1246,40848,208,208,0,105,0,1254,212
 79915,0,40924,1169,848,1904,2379,529,40174,39735,0,0,519,1365,0,2627,1288,640,1149,103,410,0,0,0,1246,40853,208,208,0,105,0,1254,212
 79920,0,40929,1169,848,1904,2379,529,40174,39735,0,0,519,1365,0,2627,1288,640,1149,103,410,0,0,0,1246,40858,208,208,0,105,0,1254,212
 79925,0,40934,1169,848,1904,2379,529,40174,39735,0,0,519,1365,0,2627,1288,640,1149,103,410,0,0,0,1246,40863,208,208,0,105,0,1254,212
 79930,0,40939,1169,848,1904,2379,529,40174,39735,0,0,519,1365,0,2627,1288,640,1149,103,410,0,0,0,1246,40868,208,208,0,105,0,1254,212
 79935,0,40944,1169,848,1904,2379,529,40174,39735,0,0,519,1365,0,2627,1288,640,1149,103,410,0,0,0,1246,40873,208,208,0,105,0,1254,212
 79940,0,40949,1169,848,1904,2379,529,40177,39735,0,0,519,1365,0,2627,1288,640,1149,103,410,0,0,0,1246,40878,208,208,0,105,0,1254,212
 79945,0,40955,1169,848,1904,2379,529,40182,39735,0,0,519,1365,0,2627,1288,640,1149,103,410,0,0,0,1246,40880,208,208,0,105,0,1254,212
 79950,0,40955,1169,848,1904,2379,529,40187,39735,0,0,519,1365,0,2627,1288,640,1149,103,410,0,0,0,1246,40880,208,208,0,105,0,1254,212
 79955,0,40955,1169,848,1904,2379,529,40192,39735,0,0,519,1365,0,2627,1288,640,1149,103,410,0,0,0,1246,40880,208,208,0,105,0,1254,212
 79960,0,40955,1169,848,1904,2379,529,40197,39735,0,0,519,1365,0,2627,1288,640,1149,103,410,0,0,0,1246,40880,208,208,0,105,0,1254,212
 79965,0,40955,1169,848,1904,2379,529,40202,39735,0,0,519,1365,0,2627,1288,640,1149,103,410,0,0,0,1246,40880,208,208,0,105,0,1254,212
 79970,0,40955,1169,848,1904,2379,529,40207,39735,0,0,519,1365,0,2627,1288,640,1149,103,410,0,0,0,1246,40880,208,208,0,105,0,1254,212
 79975,0,40955,1169,848,1904,2379,529,40212,39735,0,0,519,1365,0,2627,1288,640,1149,103,410,0,0,0,1246,40880,208,208,0,105,0,1254,212
 79980,0,40955,1169,848,1904,2379,529,40217,39735,0,0,519,1365,0,2627,1288,640,1149,103,410,0,0,0,1246,40880,208,208,0,105,0,1254,212
 79985,0,40955,1169,848,1904,2379,529,40222,39735,0,0,519,1365,0,2627,1288,640,1149,103,410,0,0,0,1246,40880,208,208,0,105,0,1254,212
 79990,0,40955,1169,848,1904,2379,529,40227,39735,0,0,519,1365,0,2627,1288,640,1149,103,410,0,0,0,1246,40880,208,208,0,105,0,1254,212
 79995,0,40955,1169,848,1904,2379,529,40232,39735,0,0,519,1365,0,2627,1288,640,1149,103,410,0,0,0,1246,40880,208,208,0,105,0,1254,212
 80000,0,40955,1169,848,1904,2379,529,40237,39735,0,0,519,1365,0,2627,1288,640,1149,103,410,0,0,0,1246,40880,208,208,0,105,0,1254,212
 80005,0,40955,1169,848,1904,2379,529,40242,39735,0,0,519,1365,0,2627,1288,640,1149,103,410,0,0,0,1246,40880,208,208,0,105,0,1254,212
 80010,0,40955,1169,848,1904,2379,529,40247,39735,0,0,519,1365,0,2627,1288,640,1149,103,410,0,0,0,1246,40880,208,208,0,105,0,1254,212
 80015,0,40955,1169,848,1904,2379,529,40252,39735,0,0,519,1365,0,2627,1288,640,1149,103,410,0,0,0,1246,40880,208,208,0,105,0,1254,212
 80020,0,40955,1169,848,1904,2379,529,40257,39735,0,0,519,1365,0,2627,1288,640,1149,103,410,0,0,0,1246,40880,208,208,0,105,0,1254,212
 80025,0,40955,1169,848,1904,2379,529,40262,39735,0,0,519,1365,0,2627,1288,640,1149,103,410,0,0,0,1246,40880,208,208,0,105,0,1254,212
 80030,0,40955,1169,848,1904,2379,529,40267,39735,0,0,519,1365,0,2627,1288,640,1149,103,410,0,0,0,1246,40880,208,208,0,105,0,1254,212
 80035,0,40955,1169,848,1904,2379,529,40272,39740,0,0,519,1365,0,2627,1288,640,1149,103,410,0,0,0,1246,40880,208,208,0,105,0,1254,212
 80040,0,40955,1169,848,1904,2379,529,40275,39745,0,0,519,1365,0,2627,1288,640,1149,103,410,0,0,0,1246,40880,208,208,0,105,0,1254,212
 80045,0,40955,1169,848,1904,2379,529,40275,39750,0,0,519,1365,0,2627,1288,640,1149,103,410,0,0,0,1246,40880,208,208,0,105,0,1254,212
 80050,0,40955,1169,848,1904,2379,529,40275,39755,0,0,519,1365,0,2627,1288,640,1149,103,410,0,0,0,1246,40880,208,208,0,105,0,1254,212
 80055,0,40955,1169,848,1904,2379,529,40275,39760,0,0,519,1365,0,2627,1288,640,1149,103,410,0,0,0,1246,40880,208,208,0,105,0,1254,212
 80060,0,40955,1169,848,1904,2379,529,40275,39765,0,0,519,1365,0,2627,1288,640,1149,103,410,0,0,0,1246,40880,208,208,0,105,0,1254,212
 80065,0,40955,1169,848,1904,2379,529,40275,39770,0,0,519,1365,0,2627,1288,640,1149,103,410,0,0,0,1246,40880,208,208,0,105,0,1254,212
 80070,0,40955,1169,848,1904,2379,529,40275,39775,0,0,519,1365,0,2627,1288,640,1149,103,410,0,0,0,1246,40885,208,208,0,105,0,1254,212
 80075,0,40955,1169,848,1904,2379,529,40275,39780,0,0,519,1365,0,2627,1288,640,1149,103,410,0,0,0,1246,40890,208,208,0,105,0,1254,212
 80080,0,40955,1169,848,1904,2379,529,40275,39785,0,0,519,1365,0,2627,1288,640,1149,103,410,0,0,0,1246,40895,208,208,0,105,0,1254,212
 80085,0,40955,1169,848,1904,2379,529,40275,39790,0,0,519,1365,0,2627,1288,640,1149,103,410,0,0,0,1246,40900,208,208,0,105,0,1254,212
 80090,0,40955,1169,848,1904,2379,529,40275,39795,0,0,519,1365,0,2627,1288,640,1149,103,410,0,0,0,1246,40905,208,208,0,105,0,1254,212
 80095,0,40955,1169,848,1904,2379,529,40275,39800,0,0,519,1365,0,2627,1288,640,1149,103,410,0,0,0,1246,40910,208,208,0,105,0,1254,212
 80100,0,40956,1169,848,1904,2379,529,40275,39805,0,0,519,1365,0,2627,1288,640,1149,103,410,0,0,0,1246,40915,208,208,0,105,0,1254,212
 80105,0,40961,1169,848,1904,2379,529,40275,39810,0,0,519,1365,0,2627,1288,640,1149,103,410,0,0,0,1246,40920,208,208,0,105,0,1254,212
 80110,0,40966,1169,848,1904,2379,529,40275,39815,0,0,519,1365,0,2627,1288,640,1149,103,410,0,0,0,1246,40925,208,208,0,105,0,1254,212
 80115,0,40971,1169,848,1904,2379,529,40275,39820,0,0,519,1365,0,2627,1288,640,1149,103,410,0,0,0,1246,40930,208,208,0,105,0,1254,212
 80120,0,40976,1169,848,1904,2379,529,40275,39825,0,0,519,1365,0,2627,1288,640,1149,103,410,0,0,0,1246,40935,208,208,0,105,0,1254,212
 80125,0,40981,1169,848,1904,2379,529,40275,39830,0,0,519,1365,0,2627,1288,640,1149,103,410,0,0,0,1246,40940,208,208,0,105,0,1254,212
 80130,0,40986,1169,848,1904,2379,529,40275,39835,0,0,519,1365,0,2627,1288,640,1149,103,410,0,0,0,1246,40945,208,208,0,105,0,1254,212
 80135,0,40991,1169,848,1904,2379,529,40275,39838,0,0,519,1365,0,2627,1288,640,1149,103,410,0,0,0,1246,40950,208,208,0,105,0,1254,212
 80140,0,40996,1169,848,1904,2379,529,40275,39838,0,0,519,1365,0,2627,1288,640,1149,103,410,0,0,0,1246,40955,208,208,0,105,0,1254,212
 80145,0,41001,1169,848,1904,2379,529,40275,39838,0,0,519,1365,0,2627,1288,640,1149,103,410,0,0,0,1246,40960,208,208,0,105,0,1254,212
 80150,0,41006,1169,848,1904,2379,529,40275,39838,0,0,519,1365,0,2627,1288,640,1149,103,410,0,0,0,1246,40965,208,208,0,105,0,1254,212
 80155,0,41011,1169,848,1904,2379,529,40275,39838,0,0,519,1365,0,2627,1288,640,1149,103,410,0,0,0,1246,40970,208,208,0,105,0,1254,212
 80160,0,41016,1169,848,1904,2379,529,40275,39838,0,0,519,1365,0,2627,1288,640,1149,103,410,0,0,0,1246,40975,208,208,0,105,0,1254,212
 80165,0,41021,1169,848,1904,2379,529,40275,39838,0,0,519,1365,0,2627,1288,640,1149,103,410,0,0,0,1246,40980,208,208,0,105,0,1254,212
 80170,0,41026,1169,848,1904,2379,529,40275,39838,0,0,519,1365,0,2627,1288,640,1149,103,410,0,0,0,1246,40985,208,208,0,105,0,1254,212
 80175,0,41031,1169,848,1904,2379,529,40275,39838,0,0,519,1365,0,2627,1288,640,1149,103,410,0,0,0,1246,40985,208,208,0,105,0,1254,212
 80180,0,41036,1169,848,1904,2379,529,40275,39838,0,0,519,1365,0,2627,1288,640,1149,103,410,0,0,0,1246,40985,208,208,0,105,0,1254,212
 80185,0,41041,1169,848,1904,2379,529,40275,39838,0,0,519,1365,0,2627,1288,640,1149,103,410,0,0,0,1246,40985,208,208,0,105,0,1254,212
 80190,0,41046,1169,848,1904,2379,529,40275,39838,0,0,519,1365,0,2627,1288,640,1149,103,410,0,0,0,1246,40985,208,208,0,105,0,1254,212
 80195,0,41051,1169,848,1904,2379,529,40275,39838,0,0,519,1365,0,2627,1288,640,1149,103,410,0,0,0,1246,40985,208,208,0,105,0,1254,212
 80200,0,41056,1169,848,1904,2379,529,40275,39838,0,0,519,1365,0,2627,1288,640,1149,103,410,0,0,0,1246,40985,208,208,0,105,0,1254,212
 80205,0,41058,1169,848,1904,2379,529,40275,39838,0,0,519,1365,0,2627,1288,640,1149,103,410,0,0,0,1246,40985,208,208,0,105,0,1254,212
 80210,0,41058,1169,848,1904,2379,529,40275,39838,0,0,519,1365,0,2627,1288,640,1149,103,410,0,0,0,1246,40985,208,208,0,105,0,1254,212
 80215,0,41058,1169,848,1904,2379,529,40275,39838,0,0,519,1365,0,2627,1288,640,1149,103,410,0,0,0,1246,40985,208,208,0,105,0,1254,212
 80220,0,41058,1169,848,1904,2379,529,40275,39838,0,0,519,1365,0,2627,1288,640,1149,103,410,0,0,0,1246,40985,208,208,0,105,0,1254,212
 80225,0,41058,1169,848,1904,2379,529,40275,39838,0,0,519,1365,0,2627,1288,640,1149,103,410,0,0,0,1246,40985,208,208,0,105,0,1254,212
 80230,0,41058,1169,848,1904,2379,529,40275,39838,0,0,519,1365,0,2627,1288,640,1149,103,410,0,0,0,1246,40985,208,208,0,105,0,1254,212
 80235,0,41058,1169,848,1904,2379,529,40275,39838,0,0,519,1365,0,2627,1288,640,1149,103,410,0,0,0,1246,40985,208,208,0,105,0,1254,212
 80240,0,41058,1169,848,1904,2379,529,40278,39838,0,0,519,1365,0,2627,1288,640,1149,103,410,0,0,0,1246,40985,208,208,0,105,0,1254,212
 80245,0,41058,1169,848,1904,2379,529,40283,39840,0,0,519,1365,0,2627,1288,640,1149,103,410,0,0,0,1246,40985,208,208,0,105,0,1254,212
 80250,0,41058,1169,848,1904,2379,529,40288,39845,0,0,519,1365,0,2627,1288,640,1149,103,410,0,0,0,1246,40985,208,208,0,105,0,1254,212
 80255,0,41058,1169,848,1904,2379,529,40293,39850,0,0,519,1365,0,2627,1288,640,1149,103,410,0,0,0,1246,40988,208,208,0,105,0,1254,212
 80260,0,41058,1169,848,1904,2379,529,40298,39855,0,0,519,1365,0,2627,1288,640,1149,103,410,0,0,0,1246,40993,208,208,0,105,0,1254,212
 80265,0,41058,1169,848,1904,2379,529,40303,39860,0,0,519,1365,0,2627,1288,640,1149,103,410,0,0,0,1246,40998,208,208,0,105,0,1254,212
 80270,0,41058,1169,848,1904,2379,529,40308,39865,0,0,519,1365,0,2627,1288,640,1149,103,410,0,0,0,1246,41003,208,208,0,105,0,1254,212
 80275,0,41058,1169,848,1904,2379,529,40313,39870,0,0,519,1365,0,2627,1288,640,1149,103,410,0,0,0,1246,41008,208,208,0,105,0,1254,212
 80280,0,41058,1169,848,1904,2379,529,40318,39875,0,0,519,1365,0,2627,1288,640,1149,103,410,0,0,0,1246,41013,208,208,0,105,0,1254,212
 80285,0,41058,1169,848,1904,2379,529,40323,39880,0,0,519,1365,0,2627,1288,640,1149,103,410,0,0,0,1246,41018,208,208,0,105,0,1254,212
 80290,0,41058,1169,848,1904,2379,529,40328,39885,0,0,519,1365,0,2627,1288,640,1149,103,410,0,0,0,1246,41023,208,208,0,105,0,1254,212
 80295,0,41058,1169,848,1904,2379,529,40333,39890,0,0,519,1365,0,2627,1288,640,1149,103,410,0,0,0,1246,41028,208,208,0,105,0,1254,212
 80300,0,41058,1169,848,1904,2379,529,40338,39895,0,0,519,1365,0,2627,1288,640,1149,103,410,0,0,0,1246,41033,208,208,0,105,0,1254,212
 80305,0,41058,1169,848,1904,2379,529,40343,39900,0,0,519,1365,0,2627,1288,640,1149,103,410,0,0,0,1246,41038,208,208,0,105,0,1254,212
 80310,0,41060,1169,848,1904,2379,529,40348,39905,0,0,519,1365,0,2627,1288,640,1149,103,410,0,0,0,1246,41043,208,208,0,105,0,1254,212
 80315,0,41065,1169,848,1904,2379,529,40353,39910,0,0,519,1365,0,2627,1288,640,1149,103,410,0,0,0,1246,41048,208,208,0,105,0,1254,212
 80320,0,41070,1169,848,1904,2379,529,40358,39915,0,0,519,1365,0,2627,1288,640,1149,103,410,0,0,0,1246,41053,208,208,0,105,0,1254,212
 80325,0,41075,1169,848,1904,2379,529,40363,39920,0,0,519,1365,0,2627,1288,640,1149,103,410,0,0,0,1246,41058,208,208,0,105,0,1254,212
 80330,0,41080,1169,848,1904,2379,529,40368,39925,0,0,519,1365,0,2627,1288,640,1149,103,410,0,0,0,1246,41063,208,208,0,105,0,1254,212
 80335,0,41085,1169,848,1904,2379,529,40373,39930,0,0,519,1365,0,2627,1288,640,1149,103,410,0,0,0,1246,41068,208,208,0,105,0,1254,212
 80340,0,41090,1169,848,1904,2379,529,40376,39935,0,0,519,1365,0,2627,1288,640,1149,103,410,0,0,0,1246,41073,208,208,0,105,0,1254,212
 80345,0,41095,1169,848,1904,2379,529,40376,39941,0,0,519,1365,0,2627,1288,640,1149,103,410,0,0,0,1246,41078,208,208,0,105,0,1254,212
 80350,0,41100,1169,848,1904,2379,529,40376,39941,0,0,519,1365,0,2627,1288,640,1149,103,410,0,0,0,1246,41083,208,208,0,105,0,1254,212
 80355,0,41105,1169,848,1904,2379,529,40376,39941,0,0,519,1365,0,2627,1288,640,1149,103,410,0,0,0,1246,41088,208,208,0,105,0,1254,212
 80360,0,41110,1169,848,1904,2379,529,40376,39941,0,0,519,1365,0,2627,1288,640,1149,103,410,0,0,0,1246,41088,208,208,0,105,0,1254,212
 80365,0,41115,1169,848,1904,2379,529,40376,39941,0,0,519,1365,0,2627,1288,640,1149,103,410,0,0,0,1246,41088,208,208,0,105,0,1254,212
 80370,0,41120,1169,848,1904,2379,529,40376,39941,0,0,519,1365,0,2627,1288,640,1149,103,410,0,0,0,1246,41088,208,208,0,105,0,1254,212
 80375,0,41125,1169,848,1904,2379,529,40376,39941,0,0,519,1365,0,2627,1288,640,1149,103,410,0,0,0,1246,41088,208,208,0,105,0,1254,212
 80380,0,41130,1169,848,1904,2379,529,40376,39941,0,0,519,1365,0,2627,1288,640,1149,103,410,0,0,0,1246,41088,208,208,0,105,0,1254,212
 80385,0,41135,1169,848,1904,2379,529,40376,39941,0,0,519,1365,0,2627,1288,640,1149,103,410,0,0,0,1246,41088,208,208,0,105,0,1254,212
 80390,0,41140,1169,848,1904,2379,529,40376,39941,0,0,519,1365,0,2627,1288,640,1149,103,410,0,0,0,1246,41088,208,208,0,105,0,1254,212
 80395,0,41145,1169,848,1904,2379,529,40376,39941,0,0,519,1365,0,2627,1288,640,1149,103,410,0,0,0,1246,41088,208,208,0,105,0,1254,212
 80400,0,41150,1169,848,1904,2379,529,40376,39941,0,0,519,1365,0,2627,1288,640,1149,103,410,0,0,0,1246,41088,208,208,0,105,0,1254,212
 80405,0,41155,1169,848,1904,2379,529,40376,39941,0,0,519,1365,0,2627,1288,640,1149,103,410,0,0,0,1246,41088,208,208,0,105,0,1254,212
 80410,0,41161,1169,848,1904,2379,529,40376,39941,0,0,519,1365,0,2627,1288,640,1149,103,410,0,0,0,1246,41088,208,208,0,105,0,1254,212
 80415,0,41161,1169,848,1904,2379,529,40376,39941,0,0,519,1365,0,2627,1288,640,1149,103,410,0,0,0,1246,41088,208,208,0,105,0,1254,212
 80420,0,41161,1169,848,1904,2379,529,40376,39941,0,0,519,1365,0,2627,1288,640,1149,103,410,0,0,0,1246,41088,208,208,0,105,0,1254,212
 80425,0,41161,1169,848,1904,2379,529,40376,39941,0,0,519,1365,0,2627,1288,640,1149,103,410,0,0,0,1246,41088,208,208,0,105,0,1254,212
 80430,0,41161,1169,848,1904,2379,529,40376,39941,0,0,519,1365,0,2627,1288,640,1149,103,410,0,0,0,1246,41088,208,208,0,105,0,1254,212
 80435,0,41161,1169,848,1904,2379,529,40376,39941,0,0,519,1365,0,2627,1288,640,1149,103,410,0,0,0,1246,41088,208,208,0,105,0,1254,212
 80440,0,41161,1169,848,1904,2379,529,40376,39941,0,0,519,1365,0,2627,1288,640,1149,103,410,0,0,0,1246,41088,208,208,0,105,0,1254,212
 80445,0,41161,1169,848,1904,2379,529,40376,39941,0,0,519,1365,0,2627,1288,640,1149,103,410,0,0,0,1246,41088,208,208,0,105,0,1254,212
 80450,0,41161,1169,848,1904,2379,529,40376,39941,0,0,519,1365,0,2627,1288,640,1149,103,410,0,0,0,1246,41088,208,208,0,105,0,1254,212
 80455,0,41161,1169,848,1904,2379,529,40376,39941,0,0,519,1365,0,2627,1288,640,1149,103,410,0,0,0,1246,41088,208,208,0,105,0,1254,212
 80460,0,41161,1169,848,1904,2379,529,40376,39941,0,0,519,1365,0,2627,1288,640,1149,103,410,0,0,0,1246,41088,208,208,0,105,0,1254,212
 80465,0,41161,1169,848,1904,2379,529,40376,39941,0,0,519,1365,0,2627,1288,640,1149,103,410,0,0,0,1246,41088,208,208,0,105,0,1254,212
 80470,0,41161,1169,848,1904,2379,529,40376,39941,0,0,519,1365,0,2627,1288,640,1149,103,410,0,0,0,1246,41088,208,208,0,105,0,1254,212
 80475,0,41161,1169,848,1904,2379,529,40376,39941,0,0,519,1365,0,2627,1288,640,1149,103,410,0,0,0,1246,41088,208,208,0,105,0,1254,212
 80480,0,41161,1169,848,1904,2379,529,40376,39941,0,0,519,1365,0,2627,1288,640,1149,103,410,0,0,0,1246,41088,208,208,0,105,0,1254,212
 80485,0,41161,1169,848,1904,2379,529,40376,39941,0,0,519,1365,0,2627,1288,640,1149,103,410,0,0,0,1246,41088,208,208,0,105,0,1254,212
 80490,0,41161,1169,848,1904,2379,529,40376,39941,0,0,519,1365,0,2627,1288,640,1149,103,410,0,0,0,1246,41088,208,208,0,105,0,1254,212
 80495,0,41161,1169,848,1904,2379,529,40376,39941,0,0,519,1365,0,2627,1288,640,1149,103,410,0,0,0,1246,41088,208,208,0,105,0,1254,212
 80500,0,41161,1169,848,1904,2379,529,40376,39941,0,0,519,1365,0,2627,1288,640,1149,103,410,0,0,0,1246,41088,208,208,0,105,0,1254,212
 80505,0,41161,1169,848,1904,2379,529,40376,39946,0,0,519,1365,0,2627,1288,640,1149,103,410,0,0,0,1246,41088,208,208,0,105,0,1254,212
 80510,0,41161,1169,848,1904,2379,529,40376,39951,0,0,519,1365,0,2627,1288,640,1149,103,410,0,0,0,1246,41088,208,208,0,105,0,1254,212
 80515,0,41161,1169,848,1904,2379,529,40376,39956,0,0,519,1365,0,2627,1288,640,1149,103,410,0,0,0,1246,41088,208,208,0,105,0,1254,212
 80520,0,41161,1169,848,1904,2379,529,40376,39961,0,0,519,1365,0,2627,1288,640,1149,103,410,0,0,0,1246,41088,208,208,0,105,0,1254,212
 80525,0,41161,1169,848,1904,2379,529,40376,39966,0,0,519,1365,0,2627,1288,640,1149,103,410,0,0,0,1246,41088,208,208,0,105,0,1254,212
 80530,0,41163,1169,848,1904,2379,529,40377,39971,0,0,519,1365,0,2627,1288,640,1149,103,410,0,0,0,1246,41088,208,208,0,105,0,1254,212
 80535,0,41168,1169,848,1904,2379,529,40382,39976,0,0,519,1365,0,2627,1288,640,1149,103,410,0,0,0,1246,41087,208,208,0,105,0,1254,212
 80540,0,41173,1169,848,1904,2379,529,40387,39981,0,0,519,1365,0,2627,1288,640,1149,103,410,0,0,0,1246,41092,208,208,0,105,0,1254,212
 80545,0,41178,1169,848,1904,2379,529,40392,39986,0,0,519,1365,0,2627,1288,640,1149,103,410,0,0,0,1246,41097,208,208,0,105,0,1254,212
 80550,0,41183,1169,848,1904,2379,529,40397,39991,0,0,519,1365,0,2627,1288,640,1149,103,410,0,0,0,1246,41102,208,208,0,105,0,1254,212
 80555,0,41188,1169,848,1904,2379,529,40402,39996,0,0,519,1365,0,2627,1288,640,1149,103,410,0,0,0,1246,41107,208,208,0,105,0,1254,212
 80560,0,41193,1169,848,1904,2379,529,40407,40001,0,0,519,1365,0,2627,1288,640,1149,103,410,0,0,0,1246,41112,208,208,0,105,0,1254,212
 80565,0,41198,1169,848,1904,2379,529,40412,40006,0,0,519,1365,0,2627,1288,640,1149,103,410,0,0,0,1246,41117,208,208,0,105,0,1254,212
 80570,0,41203,1169,848,1904,2379,529,40417,40011,0,0,519,1365,0,2627,1288,640,1149,103,410,0,0,0,1246,41122,208,208,0,105,0,1254,212
 80575,0,41208,1169,848,1904,2379,529,40422,40016,0,0,519,1365,0,2627,1288,640,1149,103,410,0,0,0,1246,41127,208,208,0,105,0,1254,212
 80580,0,41213,1169,848,1904,2379,529,40427,40021,0,0,519,1365,0,2627,1288,640,1149,103,410,0,0,0,1246,41132,208,208,0,105,0,1254,212
 80585,0,41218,1169,848,1904,2379,529,40432,40026,0,0,519,1365,0,2627,1288,640,1149,103,410,0,0,0,1246,41137,208,208,0,105,0,1254,212
 80590,0,41223,1169,848,1904,2379,529,40437,40031,0,0,519,1365,0,2627,1288,640,1149,103,410,0,0,0,1246,41142,208,208,0,105,0,1254,212
 80595,0,41228,1169,848,1904,2379,529,40442,40036,0,0,519,1365,0,2627,1288,640,1149,103,410,0,0,0,1246,41147,208,208,0,105,0,1254,212
 80600,0,41233,1169,848,1904,2379,529,40447,40042,0,0,519,1365,0,2627,1288,640,1149,103,410,0,0,0,1246,41152,208,208,0,105,0,1254,212
 80605,0,41238,1169,848,1904,2379,529,40452,40042,0,0,519,1365,0,2627,1288,640,1149,103,410,0,0,0,1246,41157,208,208,0,105,0,1254,212
 80610,0,41243,1169,848,1904,2379,529,40457,40042,0,0,519,1365,0,2627,1288,640,1149,103,410,0,0,0,1246,41162,208,208,0,105,0,1254,212
 80615,0,41248,1169,848,1904,2379,529,40462,40042,0,0,519,1365,0,2627,1288,640,1149,103,410,0,0,0,1246,41167,208,208,0,105,0,1254,212
 80620,0,41253,1169,848,1904,2379,529,40467,40042,0,0,519,1365,0,2627,1288,640,1149,103,410,0,0,0,1246,41172,208,208,0,105,0,1254,212
 80625,0,41258,1169,848,1904,2379,529,40472,40042,0,0,519,1365,0,2627,1288,640,1149,103,410,0,0,0,1246,41177,208,208,0,105,0,1254,212
 80630,0,41263,1169,848,1904,2379,529,40477,40042,0,0,519,1365,0,2627,1288,640,1149,103,410,0,0,0,1246,41182,208,208,0,105,0,1254,212
 80635,0,41268,1169,848,1904,2379,529,40481,40042,0,0,519,1365,0,2627,1288,640,1149,103,410,0,0,0,1246,41187,208,208,0,105,0,1254,212
 80640,0,41268,1169,848,1904,2379,529,40481,40042,0,0,519,1365,0,2627,1288,640,1149,103,410,0,0,0,1246,41193,208,208,0,105,0,1254,212
 80645,0,41268,1169,848,1904,2379,529,40481,40042,0,0,519,1365,0,2627,1288,640,1149,103,410,0,0,0,1246,41193,208,208,0,105,0,1254,212
 80650,0,41268,1169,848,1904,2379,529,40481,40042,0,0,519,1365,0,2627,1288,640,1149,103,410,0,0,0,1246,41193,208,208,0,105,0,1254,212
 80655,0,41268,1169,848,1904,2379,529,40481,40042,0,0,519,1365,0,2627,1288,640,1149,103,410,0,0,0,1246,41193,208,208,0,105,0,1254,212
 80660,0,41268,1169,848,1904,2379,529,40481,40042,0,0,519,1365,0,2627,1288,640,1149,103,410,0,0,0,1246,41193,208,208,0,105,0,1254,212
 80665,0,41268,1169,848,1904,2379,529,40481,40042,0,0,519,1365,0,2627,1288,640,1149,103,410,0,0,0,1246,41193,208,208,0,105,0,1254,212
 80670,0,41268,1169,848,1904,2379,529,40481,40042,0,0,519,1365,0,2627,1288,640,1149,103,410,0,0,0,1246,41193,208,208,0,105,0,1254,212
 80675,0,41268,1169,848,1904,2379,529,40481,40042,0,0,519,1365,0,2627,1288,640,1149,103,410,0,0,0,1246,41193,208,208,0,105,0,1254,212
 80680,0,41268,1169,848,1904,2379,529,40481,40042,0,0,519,1365,0,2627,1288,640,1149,103,410,0,0,0,1246,41193,208,208,0,105,0,1254,212
 80685,0,41268,1169,848,1904,2379,529,40481,40042,0,0,519,1365,0,2627,1288,640,1149,103,410,0,0,0,1246,41193,208,208,0,105,0,1254,212
 80690,0,41268,1169,848,1904,2379,529,40481,40042,0,0,519,1365,0,2627,1288,640,1149,103,410,0,0,0,1246,41193,208,208,0,105,0,1254,212
 80695,0,41268,1169,848,1904,2379,529,40481,40042,0,0,519,1365,0,2627,1288,640,1149,103,410,0,0,0,1246,41193,208,208,0,105,0,1254,212
 80700,0,41268,1169,848,1904,2379,529,40481,40042,0,0,519,1365,0,2627,1288,640,1149,103,410,0,0,0,1246,41193,208,208,0,105,0,1254,212
 80705,0,41268,1169,848,1904,2379,529,40481,40042,0,0,519,1365,0,2627,1288,640,1149,103,410,0,0,0,1246,41193,208,208,0,105,0,1254,212
 80710,0,41268,1169,848,1904,2379,529,40481,40042,0,0,519,1365,0,2627,1288,640,1149,103,410,0,0,0,1246,41193,208,208,0,105,0,1254,212
 80715,0,41268,1169,848,1904,2379,529,40481,40042,0,0,519,1365,0,2627,1288,640,1149,103,410,0,0,0,1246,41198,208,208,0,105,0,1254,212
 80720,0,41268,1169,848,1904,2379,529,40481,40044,0,0,519,1365,0,2627,1288,640,1149,103,410,0,0,0,1246,41203,208,208,0,105,0,1254,212
 80725,0,41268,1169,848,1904,2379,529,40481,40049,0,0,519,1365,0,2627,1288,640,1149,103,410,0,0,0,1246,41208,208,208,0,105,0,1254,212
 80730,0,41268,1169,848,1904,2379,529,40481,40054,0,0,519,1365,0,2627,1288,640,1149,103,410,0,0,0,1246,41213,208,208,0,105,0,1254,212
 80735,0,41268,1169,848,1904,2379,529,40481,40059,0,0,519,1365,0,2627,1288,640,1149,103,410,0,0,0,1246,41218,208,208,0,105,0,1254,212
 80740,0,41268,1169,848,1904,2379,529,40481,40064,0,0,519,1365,0,2627,1288,640,1149,103,410,0,0,0,1246,41223,208,208,0,105,0,1254,212
 80745,0,41268,1169,848,1904,2379,529,40484,40069,0,0,519,1365,0,2627,1288,640,1149,103,410,0,0,0,1246,41228,208,208,0,105,0,1254,212
 80750,0,41268,1169,848,1904,2379,529,40489,40074,0,0,519,1365,0,2627,1288,640,1149,103,410,0,0,0,1246,41233,208,208,0,105,0,1254,212
 80755,0,41268,1169,848,1904,2379,529,40494,40079,0,0,519,1365,0,2627,1288,640,1149,103,410,0,0,0,1246,41238,208,208,0,105,0,1254,212
 80760,0,41268,1169,848,1904,2379,529,40499,40084,0,0,519,1365,0,2627,1288,640,1149,103,410,0,0,0,1246,41243,208,208,0,105,0,1254,212
 80765,0,41268,1169,848,1904,2379,529,40504,40089,0,0,519,1365,0,2627,1288,640,1149,103,410,0,0,0,1246,41248,208,208,0,105,0,1254,212
 80770,0,41268,1169,848,1904,2379,529,40509,40094,0,0,519,1365,0,2627,1288,640,1149,103,410,0,0,0,1246,41253,208,208,0,105,0,1254,212
 80775,0,41268,1169,848,1904,2379,529,40514,40099,0,0,519,1365,0,2627,1288,640,1149,103,410,0,0,0,1246,41258,208,208,0,105,0,1254,212
 80780,0,41268,1169,848,1904,2379,529,40519,40104,0,0,519,1365,0,2627,1288,640,1149,103,410,0,0,0,1246,41263,208,208,0,105,0,1254,212
 80785,0,41269,1169,848,1904,2379,529,40524,40109,0,0,519,1365,0,2627,1288,640,1149,103,410,0,0,0,1246,41268,208,208,0,105,0,1254,212
 80790,0,41274,1169,848,1904,2379,529,40529,40114,0,0,519,1365,0,2627,1288,640,1149,103,410,0,0,0,1246,41273,208,208,0,105,0,1254,212
 80795,0,41279,1169,848,1904,2379,529,40534,40119,0,0,519,1365,0,2627,1288,640,1149,103,410,0,0,0,1246,41278,208,208,0,105,0,1254,212
 80800,0,41284,1169,848,1904,2379,529,40539,40124,0,0,519,1365,0,2627,1288,640,1149,103,410,0,0,0,1246,41283,208,208,0,105,0,1254,212
 80805,0,41289,1169,848,1904,2379,529,40544,40129,0,0,519,1365,0,2627,1288,640,1149,103,410,0,0,0,1246,41288,208,208,0,105,0,1254,212
 80810,0,41294,1169,848,1904,2379,529,40549,40134,0,0,519,1365,0,2627,1288,640,1149,103,410,0,0,0,1246,41293,208,208,0,105,0,1254,212
 80815,0,41299,1169,848,1904,2379,529,40554,40139,0,0,519,1365,0,2627,1288,640,1149,103,410,0,0,0,1246,41298,208,208,0,105,0,1254,212
 80820,0,41304,1169,848,1904,2379,529,40559,40145,0,0,519,1365,0,2627,1288,640,1149,103,410,0,0,0,1246,41298,208,208,0,105,0,1254,212
 80825,0,41309,1169,848,1904,2379,529,40564,40145,0,0,519,1365,0,2627,1288,640,1149,103,410,0,0,0,1246,41298,208,208,0,105,0,1254,212
 80830,0,41314,1169,848,1904,2379,529,40569,40145,0,0,519,1365,0,2627,1288,640,1149,103,410,0,0,0,1246,41298,208,208,0,105,0,1254,212
 80835,0,41319,1169,848,1904,2379,529,40574,40145,0,0,519,1365,0,2627,1288,640,1149,103,410,0,0,0,1246,41298,208,208,0,105,0,1254,212
 80840,0,41324,1169,848,1904,2379,529,40579,40145,0,0,519,1365,0,2627,1288,640,1149,103,410,0,0,0,1246,41298,208,208,0,105,0,1254,212
 80845,0,41329,1169,848,1904,2379,529,40584,40145,0,0,519,1365,0,2627,1288,640,1149,103,410,0,0,0,1246,41298,208,208,0,105,0,1254,212
 80850,0,41334,1169,848,1904,2379,529,40586,40145,0,0,519,1365,0,2627,1288,640,1149,103,410,0,0,0,1246,41298,208,208,0,105,0,1254,212
 80855,0,41339,1169,848,1904,2379,529,40586,40145,0,0,519,1365,0,2627,1288,640,1149,103,410,0,0,0,1246,41298,208,208,0,105,0,1254,212
 80860,0,41344,1169,848,1904,2379,529,40586,40145,0,0,519,1365,0,2627,1288,640,1149,103,410,0,0,0,1246,41298,208,208,0,105,0,1254,212
 80865,0,41349,1169,848,1904,2379,529,40586,40145,0,0,519,1365,0,2627,1288,640,1149,103,410,0,0,0,1246,41298,208,208,0,105,0,1254,212
 80870,0,41354,1169,848,1904,2379,529,40586,40145,0,0,519,1365,0,2627,1288,640,1149,103,410,0,0,0,1246,41298,208,208,0,105,0,1254,212
 80875,0,41359,1169,848,1904,2379,529,40586,40145,0,0,519,1365,0,2627,1288,640,1149,103,410,0,0,0,1246,41298,208,208,0,105,0,1254,212
 80880,0,41364,1169,848,1904,2379,529,40586,40145,0,0,519,1365,0,2627,1288,640,1149,103,410,0,0,0,1246,41298,208,208,0,105,0,1254,212
 80885,0,41369,1169,848,1904,2379,529,40586,40145,0,0,519,1365,0,2627,1288,640,1149,103,410,0,0,0,1246,41298,208,208,0,105,0,1254,212
 80890,0,41373,1169,848,1904,2379,529,40586,40145,0,0,519,1365,0,2627,1288,640,1149,103,410,0,0,0,1246,41298,208,208,0,105,0,1254,212
 80895,0,41373,1169,848,1904,2379,529,40586,40147,0,0,519,1365,0,2627,1288,640,1149,103,410,0,0,0,1246,41298,208,208,0,105,0,1254,212
 80900,0,41373,1169,848,1904,2379,529,40586,40152,0,0,519,1365,0,2627,1288,640,1149,103,410,0,0,0,1246,41298,208,208,0,105,0,1254,212
 80905,0,41373,1169,848,1904,2379,529,40586,40157,0,0,519,1365,0,2627,1288,640,1149,103,410,0,0,0,1246,41298,208,208,0,105,0,1254,212
 80910,0,41373,1169,848,1904,2379,529,40586,40162,0,0,519,1365,0,2627,1288,640,1149,103,410,0,0,0,1246,41301,208,208,0,105,0,1254,212
 80915,0,41373,1169,848,1904,2379,529,40586,40167,0,0,519,1365,0,2627,1288,640,1149,103,410,0,0,0,1246,41306,208,208,0,105,0,1254,212
 80920,0,41373,1169,848,1904,2379,529,40586,40172,0,0,519,1365,0,2627,1288,640,1149,103,410,0,0,0,1246,41311,208,208,0,105,0,1254,212
 80925,0,41373,1169,848,1904,2379,529,40586,40177,0,0,519,1365,0,2627,1288,640,1149,103,410,0,0,0,1246,41316,208,208,0,105,0,1254,212
 80930,0,41373,1169,848,1904,2379,529,40586,40182,0,0,519,1365,0,2627,1288,640,1149,103,410,0,0,0,1246,41321,208,208,0,105,0,1254,212
 80935,0,41373,1169,848,1904,2379,529,40586,40187,0,0,519,1365,0,2627,1288,640,1149,103,410,0,0,0,1246,41326,208,208,0,105,0,1254,212
 80940,0,41373,1169,848,1904,2379,529,40586,40192,0,0,519,1365,0,2627,1288,640,1149,103,410,0,0,0,1246,41331,208,208,0,105,0,1254,212
 80945,0,41373,1169,848,1904,2379,529,40586,40197,0,0,519,1365,0,2627,1288,640,1149,103,410,0,0,0,1246,41336,208,208,0,105,0,1254,212
 80950,0,41373,1169,848,1904,2379,529,40587,40202,0,0,519,1365,0,2627,1288,640,1149,103,410,0,0,0,1246,41341,208,208,0,105,0,1254,212
 80955,0,41373,1169,848,1904,2379,529,40592,40207,0,0,519,1365,0,2627,1288,640,1149,103,410,0,0,0,1246,41346,208,208,0,105,0,1254,212
 80960,0,41373,1169,848,1904,2379,529,40597,40212,0,0,519,1365,0,2627,1288,640,1149,103,410,0,0,0,1246,41351,208,208,0,105,0,1254,212
 80965,0,41373,1169,848,1904,2379,529,40602,40217,0,0,519,1365,0,2627,1288,640,1149,103,410,0,0,0,1246,41356,208,208,0,105,0,1254,212
 80970,0,41373,1169,848,1904,2379,529,40607,40222,0,0,519,1365,0,2627,1288,640,1149,103,410,0,0,0,1246,41361,208,208,0,105,0,1254,212
 80975,0,41374,1169,848,1904,2379,529,40612,40227,0,0,519,1365,0,2627,1288,640,1149,103,410,0,0,0,1246,41366,208,208,0,105,0,1254,212
 80980,0,41379,1169,848,1904,2379,529,40617,40232,0,0,519,1365,0,2627,1288,640,1149,103,410,0,0,0,1246,41371,208,208,0,105,0,1254,212
 80985,0,41384,1169,848,1904,2379,529,40622,40237,0,0,519,1365,0,2627,1288,640,1149,103,410,0,0,0,1246,41376,208,208,0,105,0,1254,212
 80990,0,41389,1169,848,1904,2379,529,40627,40242,0,0,519,1365,0,2627,1288,640,1149,103,410,0,0,0,1246,41381,208,208,0,105,0,1254,212
 80995,0,41394,1169,848,1904,2379,529,40632,40247,0,0,519,1365,0,2627,1288,640,1149,103,410,0,0,0,1246,41386,208,208,0,105,0,1254,212
 81000,0,41399,1169,848,1904,2379,529,40637,40250,0,0,519,1365,0,2627,1288,640,1149,103,410,0,0,0,1246,41391,208,208,0,105,0,1254,212
 81005,0,41404,1169,848,1904,2379,529,40642,40250,0,0,519,1365,0,2627,1288,640,1149,103,410,0,0,0,1246,41396,208,208,0,105,0,1254,212
 81010,0,41409,1169,848,1904,2379,529,40647,40250,0,0,519,1365,0,2627,1288,640,1149,103,410,0,0,0,1246,41401,208,208,0,105,0,1254,212
 81015,0,41414,1169,848,1904,2379,529,40652,40250,0,0,519,1365,0,2627,1288,640,1149,103,410,0,0,0,1246,41401,208,208,0,105,0,1254,212
 81020,0,41419,1169,848,1904,2379,529,40657,40250,0,0,519,1365,0,2627,1288,640,1149,103,410,0,0,0,1246,41401,208,208,0,105,0,1254,212
 81025,0,41424,1169,848,1904,2379,529,40662,40250,0,0,519,1365,0,2627,1288,640,1149,103,410,0,0,0,1246,41401,208,208,0,105,0,1254,212
 81030,0,41429,1169,848,1904,2379,529,40667,40250,0,0,519,1365,0,2627,1288,640,1149,103,410,0,0,0,1246,41401,208,208,0,105,0,1254,212
 81035,0,41434,1169,848,1904,2379,529,40672,40250,0,0,519,1365,0,2627,1288,640,1149,103,410,0,0,0,1246,41401,208,208,0,105,0,1254,212
 81040,0,41439,1169,848,1904,2379,529,40677,40250,0,0,519,1365,0,2627,1288,640,1149,103,410,0,0,0,1246,41401,208,208,0,105,0,1254,212
 81045,0,41444,1169,848,1904,2379,529,40682,40250,0,0,519,1365,0,2627,1288,640,1149,103,410,0,0,0,1246,41401,208,208,0,105,0,1254,212
 81050,0,41449,1169,848,1904,2379,529,40687,40250,0,0,519,1365,0,2627,1288,640,1149,103,410,0,0,0,1246,41401,208,208,0,105,0,1254,212
 81055,0,41454,1169,848,1904,2379,529,40691,40250,0,0,519,1365,0,2627,1288,640,1149,103,410,0,0,0,1246,41401,208,208,0,105,0,1254,212
 81060,0,41459,1169,848,1904,2379,529,40691,40250,0,0,519,1365,0,2627,1288,640,1149,103,410,0,0,0,1246,41401,208,208,0,105,0,1254,212
 81065,0,41464,1169,848,1904,2379,529,40691,40250,0,0,519,1365,0,2627,1288,640,1149,103,410,0,0,0,1246,41401,208,208,0,105,0,1254,212
 81070,0,41469,1169,848,1904,2379,529,40691,40255,0,0,519,1365,0,2627,1288,640,1149,103,410,0,0,0,1246,41400,208,208,0,105,0,1254,212
 81075,0,41474,1169,848,1904,2379,529,40691,40260,0,0,519,1365,0,2627,1288,640,1149,103,410,0,0,0,1246,41405,208,208,0,105,0,1254,212
 81080,0,41478,1169,848,1904,2379,529,40691,40265,0,0,519,1365,0,2627,1288,640,1149,103,410,0,0,0,1246,41410,208,208,0,105,0,1254,212
 81085,0,41478,1169,848,1904,2379,529,40691,40270,0,0,519,1365,0,2627,1288,640,1149,103,410,0,0,0,1246,41415,208,208,0,105,0,1254,212
 81090,0,41478,1169,848,1904,2379,529,40691,40275,0,0,519,1365,0,2627,1288,640,1149,103,410,0,0,0,1246,41420,208,208,0,105,0,1254,212
 81095,0,41478,1169,848,1904,2379,529,40691,40280,0,0,519,1365,0,2627,1288,640,1149,103,410,0,0,0,1246,41425,208,208,0,105,0,1254,212
 81100,0,41478,1169,848,1904,2379,529,40691,40285,0,0,519,1365,0,2627,1288,640,1149,103,410,0,0,0,1246,41430,208,208,0,105,0,1254,212
 81105,0,41478,1169,848,1904,2379,529,40691,40290,0,0,519,1365,0,2627,1288,640,1149,103,410,0,0,0,1246,41435,208,208,0,105,0,1254,212
 81110,0,41478,1169,848,1904,2379,529,40694,40295,0,0,519,1365,0,2627,1288,640,1149,103,410,0,0,0,1246,41440,208,208,0,105,0,1254,212
 81115,0,41478,1169,848,1904,2379,529,40699,40300,0,0,519,1365,0,2627,1288,640,1149,103,410,0,0,0,1246,41445,208,208,0,105,0,1254,212
 81120,0,41478,1169,848,1904,2379,529,40704,40305,0,0,519,1365,0,2627,1288,640,1149,103,410,0,0,0,1246,41450,208,208,0,105,0,1254,212
 81125,0,41479,1169,848,1904,2379,529,40709,40310,0,0,519,1365,0,2627,1288,640,1149,103,410,0,0,0,1246,41455,208,208,0,105,0,1254,212
 81130,0,41484,1169,848,1904,2379,529,40714,40315,0,0,519,1365,0,2627,1288,640,1149,103,410,0,0,0,1246,41460,208,208,0,105,0,1254,212
 81135,0,41489,1169,848,1904,2379,529,40719,40320,0,0,519,1365,0,2627,1288,640,1149,103,410,0,0,0,1246,41465,208,208,0,105,0,1254,212
 81140,0,41494,1169,848,1904,2379,529,40724,40325,0,0,519,1365,0,2627,1288,640,1149,103,410,0,0,0,1246,41470,208,208,0,105,0,1254,212
 81145,0,41499,1169,848,1904,2379,529,40729,40330,0,0,519,1365,0,2627,1288,640,1149,103,410,0,0,0,1246,41475,208,208,0,105,0,1254,212
 81150,0,41504,1169,848,1904,2379,529,40734,40335,0,0,519,1365,0,2627,1288,640,1149,103,410,0,0,0,1246,41480,208,208,0,105,0,1254,212
 81155,0,41509,1169,848,1904,2379,529,40739,40340,0,0,519,1365,0,2627,1288,640,1149,103,410,0,0,0,1246,41485,208,208,0,105,0,1254,212
 81160,0,41514,1169,848,1904,2379,529,40744,40345,0,0,519,1365,0,2627,1288,640,1149,103,410,0,0,0,1246,41490,208,208,0,105,0,1254,212
 81165,0,41519,1169,848,1904,2379,529,40749,40350,0,0,519,1365,0,2627,1288,640,1149,103,410,0,0,0,1246,41495,208,208,0,105,0,1254,212
 81170,0,41524,1169,848,1904,2379,529,40754,40353,0,0,519,1365,0,2627,1288,640,1149,103,410,0,0,0,1246,41500,208,208,0,105,0,1254,212
 81175,0,41529,1169,848,1904,2379,529,40759,40353,0,0,519,1365,0,2627,1288,640,1149,103,410,0,0,0,1246,41506,208,208,0,105,0,1254,212
 81180,0,41534,1169,848,1904,2379,529,40764,40353,0,0,519,1365,0,2627,1288,640,1149,103,410,0,0,0,1246,41506,208,208,0,105,0,1254,212
 81185,0,41539,1169,848,1904,2379,529,40769,40353,0,0,519,1365,0,2627,1288,640,1149,103,410,0,0,0,1246,41506,208,208,0,105,0,1254,212
 81190,0,41544,1169,848,1904,2379,529,40774,40353,0,0,519,1365,0,2627,1288,640,1149,103,410,0,0,0,1246,41506,208,208,0,105,0,1254,212
 81195,0,41549,1169,848,1904,2379,529,40779,40353,0,0,519,1365,0,2627,1288,640,1149,103,410,0,0,0,1246,41506,208,208,0,105,0,1254,212
 81200,0,41554,1169,848,1904,2379,529,40784,40353,0,0,519,1365,0,2627,1288,640,1149,103,410,0,0,0,1246,41506,208,208,0,105,0,1254,212
 81205,0,41559,1169,848,1904,2379,529,40789,40353,0,0,519,1365,0,2627,1288,640,1149,103,410,0,0,0,1246,41506,208,208,0,105,0,1254,212
 81210,0,41564,1169,848,1904,2379,529,40794,40353,0,0,519,1365,0,2627,1288,640,1149,103,410,0,0,0,1246,41506,208,208,0,105,0,1254,212
 81215,0,41569,1169,848,1904,2379,529,40794,40353,0,0,519,1365,0,2627,1288,640,1149,103,410,0,0,0,1246,41506,208,208,0,105,0,1254,212
 81220,0,41574,1169,848,1904,2379,529,40794,40353,0,0,519,1365,0,2627,1288,640,1149,103,410,0,0,0,1246,41506,208,208,0,105,0,1254,212
 81225,0,41579,1169,848,1904,2379,529,40794,40353,0,0,519,1365,0,2627,1288,640,1149,103,410,0,0,0,1246,41506,208,208,0,105,0,1254,212
 81230,0,41579,1169,848,1904,2379,529,40794,40353,0,0,519,1365,0,2627,1288,640,1149,103,410,0,0,0,1246,41506,208,208,0,105,0,1254,212
 81235,0,41579,1169,848,1904,2379,529,40794,40353,0,0,519,1365,0,2627,1288,640,1149,103,410,0,0,0,1246,41506,208,208,0,105,0,1254,212
 81240,0,41579,1169,848,1904,2379,529,40794,40353,0,0,519,1365,0,2627,1288,640,1149,103,410,0,0,0,1246,41509,208,208,0,105,0,1254,212
 81245,0,41579,1169,848,1904,2379,529,40794,40358,0,0,519,1365,0,2627,1288,640,1149,103,410,0,0,0,1246,41514,208,208,0,105,0,1254,212
 81250,0,41579,1169,848,1904,2379,529,40794,40363,0,0,519,1365,0,2627,1288,640,1149,103,410,0,0,0,1246,41519,208,208,0,105,0,1254,212
 81255,0,41579,1169,848,1904,2379,529,40794,40368,0,0,519,1365,0,2627,1288,640,1149,103,410,0,0,0,1246,41524,208,208,0,105,0,1254,212
 81260,0,41579,1169,848,1904,2379,529,40794,40373,0,0,519,1365,0,2627,1288,640,1149,103,410,0,0,0,1246,41529,208,208,0,105,0,1254,212
 81265,0,41579,1169,848,1904,2379,529,40795,40378,0,0,519,1365,0,2627,1288,640,1149,103,410,0,0,0,1246,41534,208,208,0,105,0,1254,212
 81270,0,41579,1169,848,1904,2379,529,40800,40383,0,0,519,1365,0,2627,1288,640,1149,103,410,0,0,0,1246,41539,208,208,0,105,0,1254,212
 81275,0,41579,1169,848,1904,2379,529,40805,40388,0,0,519,1365,0,2627,1288,640,1149,103,410,0,0,0,1246,41544,208,208,0,105,0,1254,212
 81280,0,41580,1169,848,1904,2379,529,40810,40393,0,0,519,1365,0,2627,1288,640,1149,103,410,0,0,0,1246,41549,208,208,0,105,0,1254,212
 81285,0,41585,1169,848,1904,2379,529,40815,40398,0,0,519,1365,0,2627,1288,640,1149,103,410,0,0,0,1246,41554,208,208,0,105,0,1254,212
 81290,0,41590,1169,848,1904,2379,529,40820,40403,0,0,519,1365,0,2627,1288,640,1149,103,410,0,0,0,1246,41559,208,208,0,105,0,1254,212
 81295,0,41595,1169,848,1904,2379,529,40825,40408,0,0,519,1365,0,2627,1288,640,1149,103,410,0,0,0,1246,41564,208,208,0,105,0,1254,212
 81300,0,41600,1169,848,1904,2379,529,40830,40413,0,0,519,1365,0,2627,1288,640,1149,103,410,0,0,0,1246,41569,208,208,0,105,0,1254,212
 81305,0,41605,1169,848,1904,2379,529,40835,40418,0,0,519,1365,0,2627,1288,640,1149,103,410,0,0,0,1246,41574,208,208,0,105,0,1254,212
 81310,0,41610,1169,848,1904,2379,529,40840,40423,0,0,519,1365,0,2627,1288,640,1149,103,410,0,0,0,1246,41579,208,208,0,105,0,1254,212
 81315,0,41615,1169,848,1904,2379,529,40845,40428,0,0,519,1365,0,2627,1288,640,1149,103,410,0,0,0,1246,41584,208,208,0,105,0,1254,212
 81320,0,41620,1169,848,1904,2379,529,40850,40433,0,0,519,1365,0,2627,1288,640,1149,103,410,0,0,0,1246,41589,208,208,0,105,0,1254,212
 81325,0,41625,1169,848,1904,2379,529,40855,40438,0,0,519,1365,0,2627,1288,640,1149,103,410,0,0,0,1246,41594,208,208,0,105,0,1254,212
 81330,0,41630,1169,848,1904,2379,529,40860,40443,0,0,519,1365,0,2627,1288,640,1149,103,410,0,0,0,1246,41599,208,208,0,105,0,1254,212
 81335,0,41635,1169,848,1904,2379,529,40865,40448,0,0,519,1365,0,2627,1288,640,1149,103,410,0,0,0,1246,41604,208,208,0,105,0,1254,212
 81340,0,41640,1169,848,1904,2379,529,40870,40453,0,0,519,1365,0,2627,1288,640,1149,103,410,0,0,0,1246,41609,208,208,0,105,0,1254,212
 81345,0,41645,1169,848,1904,2379,529,40875,40456,0,0,519,1365,0,2627,1288,640,1149,103,410,0,0,0,1246,41609,208,208,0,105,0,1254,212
 81350,0,41650,1169,848,1904,2379,529,40880,40456,0,0,519,1365,0,2627,1288,640,1149,103,410,0,0,0,1246,41609,208,208,0,105,0,1254,212
 81355,0,41655,1169,848,1904,2379,529,40885,40456,0,0,519,1365,0,2627,1288,640,1149,103,410,0,0,0,1246,41609,208,208,0,105,0,1254,212
 81360,0,41660,1169,848,1904,2379,529,40890,40456,0,0,519,1365,0,2627,1288,640,1149,103,410,0,0,0,1246,41609,208,208,0,105,0,1254,212
 81365,0,41665,1169,848,1904,2379,529,40895,40456,0,0,519,1365,0,2627,1288,640,1149,103,410,0,0,0,1246,41609,208,208,0,105,0,1254,212
 81370,0,41670,1169,848,1904,2379,529,40897,40456,0,0,519,1365,0,2627,1288,640,1149,103,410,0,0,0,1246,41609,208,208,0,105,0,1254,212
 81375,0,41675,1169,848,1904,2379,529,40897,40456,0,0,519,1365,0,2627,1288,640,1149,103,410,0,0,0,1246,41609,208,208,0,105,0,1254,212
 81380,0,41680,1169,848,1904,2379,529,40897,40456,0,0,519,1365,0,2627,1288,640,1149,103,410,0,0,0,1246,41609,208,208,0,105,0,1254,212
 81385,0,41686,1169,848,1904,2379,529,40897,40456,0,0,519,1365,0,2627,1288,640,1149,103,410,0,0,0,1246,41609,208,208,0,105,0,1254,212
 81390,0,41686,1169,848,1904,2379,529,40897,40456,0,0,519,1365,0,2627,1288,640,1149,103,410,0,0,0,1246,41609,208,208,0,105,0,1254,212
 81395,0,41686,1169,848,1904,2379,529,40897,40456,0,0,519,1365,0,2627,1288,640,1149,103,410,0,0,0,1246,41609,208,208,0,105,0,1254,212
 81400,0,41686,1169,848,1904,2379,529,40897,40456,0,0,519,1365,0,2627,1288,640,1149,103,410,0,0,0,1246,41609,208,208,0,105,0,1254,212
 81405,0,41686,1169,848,1904,2379,529,40897,40456,0,0,519,1365,0,2627,1288,640,1149,103,410,0,0,0,1246,41609,208,208,0,105,0,1254,212
 81410,0,41686,1169,848,1904,2379,529,40897,40456,0,0,519,1365,0,2627,1288,640,1149,103,410,0,0,0,1246,41609,208,208,0,105,0,1254,212
 81415,0,41686,1169,848,1904,2379,529,40897,40456,0,0,519,1365,0,2627,1288,640,1149,103,410,0,0,0,1246,41609,208,208,0,105,0,1254,212
 81420,0,41686,1169,848,1904,2379,529,40897,40456,0,0,519,1365,0,2627,1288,640,1149,103,410,0,0,0,1246,41609,208,208,0,105,0,1254,212
 81425,0,41686,1169,848,1904,2379,529,40897,40456,0,0,519,1365,0,2627,1288,640,1149,103,410,0,0,0,1246,41609,208,208,0,105,0,1254,212
 81430,0,41686,1169,848,1904,2379,529,40897,40456,0,0,519,1365,0,2627,1288,640,1149,103,410,0,0,0,1246,41609,208,208,0,105,0,1254,212
 81435,0,41686,1169,848,1904,2379,529,40897,40456,0,0,519,1365,0,2627,1288,640,1149,103,410,0,0,0,1246,41612,208,208,0,105,0,1254,212
 81440,0,41686,1169,848,1904,2379,529,40897,40456,0,0,519,1365,0,2627,1288,640,1149,103,410,0,0,0,1246,41617,208,208,0,105,0,1254,212
 81445,0,41686,1169,848,1904,2379,529,40897,40456,0,0,519,1365,0,2627,1288,640,1149,103,410,0,0,0,1246,41622,208,208,0,105,0,1254,212
 81450,0,41686,1169,848,1904,2379,529,40897,40456,0,0,519,1365,0,2627,1288,640,1149,103,410,0,0,0,1246,41627,208,208,0,105,0,1254,212
 81455,0,41686,1169,848,1904,2379,529,40897,40456,0,0,519,1365,0,2627,1288,640,1149,103,410,0,0,0,1246,41632,208,208,0,105,0,1254,212
 81460,0,41686,1169,848,1904,2379,529,40897,40456,0,0,519,1365,0,2627,1288,640,1149,103,410,0,0,0,1246,41637,208,208,0,105,0,1254,212
 81465,0,41686,1169,848,1904,2379,529,40897,40456,0,0,519,1365,0,2627,1288,640,1149,103,410,0,0,0,1246,41642,208,208,0,105,0,1254,212
 81470,0,41686,1169,848,1904,2379,529,40897,40456,0,0,519,1365,0,2627,1288,640,1149,103,410,0,0,0,1246,41647,208,208,0,105,0,1254,212
 81475,0,41686,1169,848,1904,2379,529,40897,40456,0,0,519,1365,0,2627,1288,640,1149,103,410,0,0,0,1246,41652,208,208,0,105,0,1254,212
 81480,0,41686,1169,848,1904,2379,529,40897,40456,0,0,519,1365,0,2627,1288,640,1149,103,410,0,0,0,1246,41657,208,208,0,105,0,1254,212
 81485,0,41686,1169,848,1904,2379,529,40897,40459,0,0,519,1365,0,2627,1288,640,1149,103,410,0,0,0,1246,41662,208,208,0,105,0,1254,212
 81490,0,41686,1169,848,1904,2379,529,40897,40464,0,0,519,1365,0,2627,1288,640,1149,103,410,0,0,0,1246,41667,208,208,0,105,0,1254,212
 81495,0,41686,1169,848,1904,2379,529,40897,40469,0,0,519,1365,0,2627,1288,640,1149,103,410,0,0,0,1246,41672,208,208,0,105,0,1254,212
 81500,0,41688,1169,848,1904,2379,529,40900,40474,0,0,519,1365,0,2627,1288,640,1149,103,410,0,0,0,1246,41677,208,208,0,105,0,1254,212
 81505,0,41693,1169,848,1904,2379,529,40905,40479,0,0,519,1365,0,2627,1288,640,1149,103,410,0,0,0,1246,41682,208,208,0,105,0,1254,212
 81510,0,41698,1169,848,1904,2379,529,40910,40484,0,0,519,1365,0,2627,1288,640,1149,103,410,0,0,0,1246,41687,208,208,0,105,0,1254,212
 81515,0,41703,1169,848,1904,2379,529,40915,40489,0,0,519,1365,0,2627,1288,640,1149,103,410,0,0,0,1246,41692,208,208,0,105,0,1254,212
 81520,0,41708,1169,848,1904,2379,529,40920,40494,0,0,519,1365,0,2627,1288,640,1149,103,410,0,0,0,1246,41697,208,208,0,105,0,1254,212
 81525,0,41713,1169,848,1904,2379,529,40925,40499,0,0,519,1365,0,2627,1288,640,1149,103,410,0,0,0,1246,41702,208,208,0,105,0,1254,212
 81530,0,41718,1169,848,1904,2379,529,40930,40504,0,0,519,1365,0,2627,1288,640,1149,103,410,0,0,0,1246,41707,208,208,0,105,0,1254,212
 81535,0,41723,1169,848,1904,2379,529,40935,40509,0,0,519,1365,0,2627,1288,640,1149,103,410,0,0,0,1246,41712,208,208,0,105,0,1254,212
 81540,0,41728,1169,848,1904,2379,529,40940,40514,0,0,519,1365,0,2627,1288,640,1149,103,410,0,0,0,1246,41712,208,208,0,105,0,1254,212
 81545,0,41733,1169,848,1904,2379,529,40945,40519,0,0,519,1365,0,2627,1288,640,1149,103,410,0,0,0,1246,41712,208,208,0,105,0,1254,212
 81550,0,41738,1169,848,1904,2379,529,40950,40524,0,0,519,1365,0,2627,1288,640,1149,103,410,0,0,0,1246,41712,208,208,0,105,0,1254,212
 81555,0,41743,1169,848,1904,2379,529,40955,40529,0,0,519,1365,0,2627,1288,640,1149,103,410,0,0,0,1246,41712,208,208,0,105,0,1254,212
 81560,0,41748,1169,848,1904,2379,529,40960,40534,0,0,519,1365,0,2627,1288,640,1149,103,410,0,0,0,1246,41712,208,208,0,105,0,1254,212
 81565,0,41753,1169,848,1904,2379,529,40965,40539,0,0,519,1365,0,2627,1288,640,1149,103,410,0,0,0,1246,41712,208,208,0,105,0,1254,212
 81570,0,41758,1169,848,1904,2379,529,40970,40544,0,0,519,1365,0,2627,1288,640,1149,103,410,0,0,0,1246,41712,208,208,0,105,0,1254,212
 81575,0,41763,1169,848,1904,2379,529,40975,40549,0,0,519,1365,0,2627,1288,640,1149,103,410,0,0,0,1246,41712,208,208,0,105,0,1254,212
 81580,0,41768,1169,848,1904,2379,529,40980,40554,0,0,519,1365,0,2627,1288,640,1149,103,410,0,0,0,1246,41711,208,208,0,105,0,1254,212
 81585,0,41773,1169,848,1904,2379,529,40985,40559,0,0,519,1365,0,2627,1288,640,1149,103,410,0,0,0,1246,41716,208,208,0,105,0,1254,212
 81590,0,41778,1169,848,1904,2379,529,40990,40559,0,0,519,1365,0,2627,1288,640,1149,103,410,0,0,0,1246,41721,208,208,0,105,0,1254,212
 81595,0,41783,1169,848,1904,2379,529,40995,40559,0,0,519,1365,0,2627,1288,640,1149,103,410,0,0,0,1246,41726,208,208,0,105,0,1254,212
 81600,0,41788,1169,848,1904,2379,529,40998,40559,0,0,519,1365,0,2627,1288,640,1149,103,410,0,0,0,1246,41731,208,208,0,105,0,1254,212
 81605,0,41791,1169,848,1904,2379,529,40998,40559,0,0,519,1365,0,2627,1288,640,1149,103,410,0,0,0,1246,41736,208,208,0,105,0,1254,212
 81610,0,41791,1169,848,1904,2379,529,40998,40559,0,0,519,1365,0,2627,1288,640,1149,103,410,0,0,0,1246,41741,208,208,0,105,0,1254,212
 81615,0,41791,1169,848,1904,2379,529,40998,40559,0,0,519,1365,0,2627,1288,640,1149,103,410,0,0,0,1246,41746,208,208,0,105,0,1254,212
 81620,0,41791,1169,848,1904,2379,529,40998,40559,0,0,519,1365,0,2627,1288,640,1149,103,410,0,0,0,1246,41751,208,208,0,105,0,1254,212
 81625,0,41791,1169,848,1904,2379,529,40998,40559,0,0,519,1365,0,2627,1288,640,1149,103,410,0,0,0,1246,41756,208,208,0,105,0,1254,212
 81630,0,41791,1169,848,1904,2379,529,40998,40559,0,0,519,1365,0,2627,1288,640,1149,103,410,0,0,0,1246,41761,208,208,0,105,0,1254,212
 81635,0,41791,1169,848,1904,2379,529,40998,40559,0,0,519,1365,0,2627,1288,640,1149,103,410,0,0,0,1246,41766,208,208,0,105,0,1254,212
 81640,0,41791,1169,848,1904,2379,529,40998,40559,0,0,519,1365,0,2627,1288,640,1149,103,410,0,0,0,1246,41771,208,208,0,105,0,1254,212
 81645,0,41791,1169,848,1904,2379,529,40998,40559,0,0,519,1365,0,2627,1288,640,1149,103,410,0,0,0,1246,41776,208,208,0,105,0,1254,212
 81650,0,41791,1169,848,1904,2379,529,40998,40559,0,0,519,1365,0,2627,1288,640,1149,103,410,0,0,0,1246,41781,208,208,0,105,0,1254,212
 81655,0,41791,1169,848,1904,2379,529,40998,40559,0,0,519,1365,0,2627,1288,640,1149,103,410,0,0,0,1246,41786,208,208,0,105,0,1254,212
 81660,0,41791,1169,848,1904,2379,529,40998,40559,0,0,519,1365,0,2627,1288,640,1149,103,410,0,0,0,1246,41791,208,208,0,105,0,1254,212
 81665,0,41793,1169,848,1904,2379,529,41001,40564,0,0,519,1365,0,2627,1288,640,1149,103,410,0,0,0,1246,41796,208,208,0,105,0,1254,212
 81670,0,41798,1169,848,1904,2379,529,41006,40569,0,0,519,1365,0,2627,1288,640,1149,103,410,0,0,0,1246,41801,208,208,0,105,0,1254,212
 81675,0,41803,1169,848,1904,2379,529,41011,40574,0,0,519,1365,0,2627,1288,640,1149,103,410,0,0,0,1246,41806,208,208,0,105,0,1254,212
 81680,0,41808,1169,848,1904,2379,529,41016,40579,0,0,519,1365,0,2627,1288,640,1149,103,410,0,0,0,1246,41811,208,208,0,105,0,1254,212
 81685,0,41813,1169,848,1904,2379,529,41021,40584,0,0,519,1365,0,2627,1288,640,1149,103,410,0,0,0,1246,41816,208,208,0,105,0,1254,212
 81690,0,41818,1169,848,1904,2379,529,41026,40589,0,0,519,1365,0,2627,1288,640,1149,103,410,0,0,0,1246,41819,208,208,0,105,0,1254,212
 81695,0,41823,1169,848,1904,2379,529,41031,40594,0,0,519,1365,0,2627,1288,640,1149,103,410,0,0,0,1246,41819,208,208,0,105,0,1254,212
 81700,0,41828,1169,848,1904,2379,529,41036,40599,0,0,519,1365,0,2627,1288,640,1149,103,410,0,0,0,1246,41819,208,208,0,105,0,1254,212
 81705,0,41833,1169,848,1904,2379,529,41041,40604,0,0,519,1365,0,2627,1288,640,1149,103,410,0,0,0,1246,41819,208,208,0,105,0,1254,212
 81710,0,41838,1169,848,1904,2379,529,41046,40609,0,0,519,1365,0,2627,1288,640,1149,103,410,0,0,0,1246,41819,208,208,0,105,0,1254,212
 81715,0,41843,1169,848,1904,2379,529,41051,40614,0,0,519,1365,0,2627,1288,640,1149,103,410,0,0,0,1246,41819,208,208,0,105,0,1254,212
 81720,0,41848,1169,848,1904,2379,529,41056,40619,0,0,519,1365,0,2627,1288,640,1149,103,410,0,0,0,1246,41819,208,208,0,105,0,1254,212
 81725,0,41853,1169,848,1904,2379,529,41061,40624,0,0,519,1365,0,2627,1288,640,1149,103,410,0,0,0,1246,41819,208,208,0,105,0,1254,212
 81730,0,41858,1169,848,1904,2379,529,41066,40629,0,0,519,1365,0,2627,1288,640,1149,103,410,0,0,0,1246,41819,208,208,0,105,0,1254,212
 81735,0,41863,1169,848,1904,2379,529,41071,40634,0,0,519,1365,0,2627,1288,640,1149,103,410,0,0,0,1246,41824,208,208,0,105,0,1254,212
 81740,0,41868,1169,848,1904,2379,529,41076,40639,0,0,519,1365,0,2627,1288,640,1149,103,410,0,0,0,1246,41829,208,208,0,105,0,1254,212
 81745,0,41873,1169,848,1904,2379,529,41081,40644,0,0,519,1365,0,2627,1288,640,1149,103,410,0,0,0,1246,41834,208,208,0,105,0,1254,212
 81750,0,41878,1169,848,1904,2379,529,41086,40649,0,0,519,1365,0,2627,1288,640,1149,103,410,0,0,0,1246,41839,208,208,0,105,0,1254,212
 81755,0,41883,1169,848,1904,2379,529,41091,40654,0,0,519,1365,0,2627,1288,640,1149,103,410,0,0,0,1246,41844,208,208,0,105,0,1254,212
 81760,0,41888,1169,848,1904,2379,529,41096,40659,0,0,519,1365,0,2627,1288,640,1149,103,410,0,0,0,1246,41849,208,208,0,105,0,1254,212
 81765,0,41893,1169,848,1904,2379,529,41101,40662,0,0,519,1365,0,2627,1288,640,1149,103,410,0,0,0,1246,41854,208,208,0,105,0,1254,212
 81770,0,41896,1169,848,1904,2379,529,41105,40662,0,0,519,1365,0,2627,1288,640,1149,103,410,0,0,0,1246,41859,208,208,0,105,0,1254,212
 81775,0,41896,1169,848,1904,2379,529,41105,40662,0,0,519,1365,0,2627,1288,640,1149,103,410,0,0,0,1246,41864,208,208,0,105,0,1254,212
 81780,0,41896,1169,848,1904,2379,529,41105,40662,0,0,519,1365,0,2627,1288,640,1149,103,410,0,0,0,1246,41869,208,208,0,105,0,1254,212
 81785,0,41896,1169,848,1904,2379,529,41105,40662,0,0,519,1365,0,2627,1288,640,1149,103,410,0,0,0,1246,41874,208,208,0,105,0,1254,212
 81790,0,41896,1169,848,1904,2379,529,41105,40662,0,0,519,1365,0,2627,1288,640,1149,103,410,0,0,0,1246,41879,208,208,0,105,0,1254,212
 81795,0,41896,1169,848,1904,2379,529,41105,40662,0,0,519,1365,0,2627,1288,640,1149,103,410,0,0,0,1246,41884,208,208,0,105,0,1254,212
 81800,0,41896,1169,848,1904,2379,529,41105,40662,0,0,519,1365,0,2627,1288,640,1149,103,410,0,0,0,1246,41889,208,208,0,105,0,1254,212
 81805,0,41896,1169,848,1904,2379,529,41105,40662,0,0,519,1365,0,2627,1288,640,1149,103,410,0,0,0,1246,41894,208,208,0,105,0,1254,212
 81810,0,41896,1169,848,1904,2379,529,41105,40662,0,0,519,1365,0,2627,1288,640,1149,103,410,0,0,0,1246,41899,208,208,0,105,0,1254,fail
 81815,0,41896,1169,848,1904,2379,529,41105,40662,0,0,519,1365,0,2627,1288,640,1149,103,410,0,0,0,1246,41904,208,208,0,105,0,1254,fail
 81820,0,41896,1169,848,1904,2379,529,41105,40662,0,0,519,1365,0,2627,1288,640,1149,103,410,0,0,0,1246,41909,208,208,0,105,0,1254,fail
 81825,0,41896,1169,848,1904,2379,529,41105,40662,0,0,519,1365,0,2627,1288,640,1149,103,410,0,0,0,1246,41914,208,208,0,105,0,1254,fail
 81830,0,41896,1169,848,1904,2379,529,41105,40662,0,0,519,1365,0,2627,1288,640,1149,103,410,0,0,0,1246,41920,208,208,0,105,0,1254,fail
 81835,0,41896,1169,848,1904,2379,529,41105,40662,0,0,519,1365,0,2627,fail,640,1149,103,410,0,0,0,1246,41920,208,208,0,105,0,1254,fail
 81840,0,41896,1169,848,1904,2379,529,41105,40662,0,0,519,1365,0,2627,fail,640,1149,103,410,0,0,0,1246,41920,208,208,0,105,0,1254,fail
 81845,0,41896,1169,848,1904,2379,529,41105,40662,0,0,519,1365,0,2627,fail,640,1149,103,410,0,0,0,1246,41920,208,208,0,105,0,1254,fail
 81850,0,41896,1169,848,1904,2379,529,41105,40662,0,0,519,1365,0,2627,fail,640,1149,103,410,0,0,0,1246,41920,208,208,0,105,0,1254,fail
 81855,0,41896,1169,848,1904,2379,529,41105,40662,0,0,519,1365,0,2627,fail,640,1149,103,410,0,0,0,1246,41920,208,208,0,105,0,1254,fail
 81860,0,41896,1169,848,1904,2379,529,41105,40662,0,0,519,1365,0,2627,fail,640,1149,103,410,0,0,0,1246,41920,208,208,0,105,0,1254,fail
 81865,0,41896,1169,848,1904,2379,529,41105,40662,0,0,519,1365,0,2627,fail,640,1149,103,410,0,0,0,1246,41920,208,208,0,105,0,1254,fail
 81870,0,41896,1169,848,1904,2379,529,41105,40662,0,0,519,1365,0,2627,fail,640,1149,103,410,0,0,0,1246,41920,208,208,0,105,0,1254,fail
 81875,0,41896,1169,848,1904,2379,529,41105,40662,0,0,519,1365,0,2627,fail,640,1149,103,410,0,0,0,1246,41920,208,208,0,105,0,1254,fail
 81880,0,41896,1169,848,1904,2379,529,41105,40662,0,0,519,1365,0,2627,fail,640,1149,103,410,0,0,0,1246,41920,208,208,0,105,0,1254,fail
 81885,0,41896,1169,848,1904,2379,529,41105,40662,0,0,519,1365,0,2627,fail,640,1149,103,410,0,0,0,1246,41920,208,208,0,105,0,1254,fail
 81890,0,41896,1169,848,1904,2379,529,41105,40662,0,0,519,1365,0,2627,fail,640,1149,103,410,0,0,0,1246,41920,208,208,0,105,0,1254,fail
 81895,0,41896,1169,848,1904,2379,529,41105,40662,0,0,519,1365,0,2627,fail,640,1149,103,410,0,0,0,1246,41920,208,208,0,105,0,1254,fail
 81900,0,41897,1169,848,1904,2379,529,41105,40662,0,0,519,1365,0,2627,fail,640,1149,103,410,0,0,0,1246,41920,208,208,0,105,0,1254,fail
 81905,0,41902,1169,848,1904,2379,529,41105,40664,0,0,519,1365,0,2627,fail,640,1149,103,410,0,0,0,1246,41920,208,208,0,105,0,1254,fail
 81910,0,41907,1169,848,1904,2379,529,41105,40669,0,0,519,1365,0,2627,fail,640,1149,103,410,0,0,0,1246,41920,208,208,0,105,0,1254,fail
 81915,0,41912,1169,848,1904,2379,529,41105,40674,0,0,519,1365,0,2627,fail,640,1149,103,410,0,0,0,1246,41920,208,208,0,105,0,1254,fail
 81920,0,41917,1169,848,1904,2379,529,41105,40679,0,0,519,1365,0,2627,fail,640,1149,103,410,0,0,0,1246,41920,208,208,0,105,0,1254,fail
 81925,0,41922,1169,848,1904,2379,529,41105,40684,0,0,519,1365,0,2627,fail,640,1149,103,410,0,0,0,1246,41920,208,208,0,105,0,1254,fail
 81930,0,41927,1169,848,1904,2379,529,41105,40689,0,0,519,1365,0,2627,fail,640,1149,103,410,0,0,0,1246,41920,208,208,0,105,0,1254,fail
 81935,0,41932,1169,848,1904,2379,529,41105,40694,0,0,519,1365,0,2627,fail,640,1149,103,410,0,0,0,1246,41920,208,208,0,105,0,1254,fail
 81940,0,41937,1169,848,1904,2379,529,41105,40699,0,0,519,1365,0,2627,fail,640,1149,103,410,0,0,0,1246,41920,208,208,0,105,0,1254,fail
 81945,0,41942,1169,848,1904,2379,529,41105,40704,0,0,519,1365,0,2627,fail,640,1149,103,410,0,0,0,1246,41920,208,208,0,105,0,1254,fail
 81950,0,41947,1169,848,1904,2379,529,41105,40709,0,0,519,1365,0,2627,fail,640,1149,103,410,0,0,0,1246,41920,208,208,0,105,0,1254,fail
 81955,0,41952,1169,848,1904,2379,529,41105,40714,0,0,519,1365,0,2627,fail,640,1149,103,410,0,0,0,1246,41920,208,208,0,105,0,1254,fail
 81960,0,41957,1169,848,1904,2379,529,41105,40719,0,0,519,1365,0,2627,fail,640,1149,103,410,0,0,0,1246,41920,208,208,0,105,0,1254,fail
 81965,0,41962,1169,848,1904,2379,529,41105,40724,0,0,519,1365,0,2627,fail,640,1149,103,410,0,0,0,1246,41920,208,208,0,105,0,1254,fail
 81970,0,41967,1169,848,1904,2379,529,41105,40729,0,0,519,1365,0,2627,fail,640,1149,103,410,0,0,0,1246,41920,208,208,0,105,0,1254,fail
 81975,0,41972,1169,848,1904,2379,529,41105,40734,0,0,519,1365,0,2627,fail,640,1149,103,410,0,0,0,1246,41920,208,208,0,105,0,1254,fail
 81980,0,41977,1169,848,1904,2379,529,41105,40739,0,0,519,1365,0,2627,fail,640,1149,103,410,0,0,0,1246,41920,208,208,0,105,0,1254,fail
 81985,0,41982,1169,848,1904,2379,529,41105,40744,0,0,519,1365,0,2627,fail,640,1149,103,410,0,0,0,1246,41920,208,208,0,105,0,1254,fail
 81990,0,41987,1169,848,1904,2379,529,41105,40749,0,0,519,1365,0,2627,fail,640,1149,103,410,0,0,0,1246,41920,208,208,0,105,0,1254,fail
 81995,0,41992,1169,848,1904,2379,529,41105,40754,0,0,519,1365,0,2627,fail,640,1149,103,410,0,0,0,1246,41920,208,208,0,105,0,1254,fail
 82000,0,41997,1169,848,1904,2379,529,41105,40759,0,0,519,1365,0,2627,fail,640,1149,103,410,0,0,0,1246,41920,208,208,0,105,0,1254,fail
 82005,0,41999,1169,848,1904,2379,529,41105,40765,0,0,519,1365,0,2627,fail,640,1149,103,410,0,0,0,1246,41920,208,208,0,105,0,1254,fail
 82010,0,41999,1169,848,1904,2379,529,41105,40765,0,0,519,1365,0,2627,fail,640,1149,103,410,0,0,0,1246,41920,208,208,0,105,0,1254,fail
 82015,0,41999,1169,848,1904,2379,529,41105,40765,0,0,519,1365,0,2627,fail,640,1149,103,410,0,0,0,1246,41920,208,208,0,105,0,1254,fail
 82020,0,41999,1169,848,1904,2379,529,41105,40765,0,0,519,1365,0,2627,fail,640,1149,103,410,0,0,0,1246,41920,208,208,0,105,0,1254,fail
 82025,0,41999,1169,848,1904,2379,529,41105,40765,0,0,519,1365,0,2627,fail,640,1149,103,410,0,0,0,1246,41920,208,208,0,105,0,1254,fail
 82030,0,41999,1169,848,1904,2379,529,41105,40765,0,0,519,1365,0,2627,fail,640,1149,103,410,0,0,0,1246,41920,208,208,0,105,0,1254,fail
 82035,0,41999,1169,848,1904,2379,529,41105,40765,0,0,519,1365,0,2627,fail,640,1149,103,410,0,0,0,1246,41920,208,208,0,105,0,1254,fail
 82040,0,41999,1169,848,1904,2379,529,41105,40765,0,0,519,1365,0,2627,fail,640,1149,103,410,0,0,0,1246,41920,208,208,0,105,0,1254,fail
 82045,0,41999,1169,848,1904,2379,529,41105,40765,0,0,519,1365,0,2627,fail,640,1149,103,410,0,0,0,1246,41920,208,208,0,105,0,1254,fail
 82050,0,41999,1169,848,1904,2379,529,41105,40765,0,0,519,1365,0,2627,fail,640,1149,103,410,0,0,0,1246,41920,208,208,0,105,0,1254,fail
 82055,0,41999,1169,848,1904,2379,529,41105,40765,0,0,519,1365,0,2627,fail,640,1149,103,410,0,0,0,1246,41920,208,208,0,105,0,1254,fail
 82060,0,41999,1169,848,1904,2379,529,41105,40765,0,0,519,1365,0,2627,fail,640,1149,103,410,0,0,0,1246,41920,208,208,0,105,0,1254,fail
 82065,0,41999,1169,848,1904,2379,529,41105,40765,0,0,519,1365,0,2627,fail,640,1149,103,410,0,0,0,1246,41920,208,208,0,105,0,1254,fail
 82070,0,41999,1169,848,1904,2379,529,41105,40765,0,0,519,1365,0,2627,fail,640,1149,103,410,0,0,0,1246,41920,208,208,0,105,0,1254,fail
 82075,0,41999,1169,848,1904,2379,529,41105,40765,0,0,519,1365,0,2627,fail,640,1149,103,410,0,0,0,1246,41920,208,208,0,105,0,1254,fail
 82080,0,41999,1169,848,1904,2379,529,41105,40765,0,0,519,1365,0,2627,fail,640,1149,103,410,0,0,0,1246,41920,208,208,0,105,0,1254,fail
 82085,0,41999,1169,848,1904,2379,529,41105,40765,0,0,519,1365,0,2627,fail,640,1149,103,410,0,0,0,1246,41920,208,208,0,105,0,1254,fail
 82090,0,41999,1169,848,1904,2379,529,41105,40765,0,0,519,1365,0,2627,fail,640,1149,103,410,0,0,0,1246,41920,208,208,0,105,0,1254,fail
 82095,0,41999,1169,848,1904,2379,529,41105,40765,0,0,519,1365,0,2627,fail,640,1149,103,410,0,0,0,1246,41920,208,208,0,105,0,1254,fail
 82100,0,41999,1169,848,1904,2379,529,41105,40765,0,0,519,1365,0,2627,fail,640,1149,103,410,0,0,0,1246,41920,208,208,0,105,0,1254,fail
 82105,0,41999,1169,848,1904,2379,529,41105,40765,0,0,519,1365,0,2627,fail,640,1149,103,410,0,0,0,1246,41920,208,208,0,105,0,1254,fail
 82110,0,41999,1169,848,1904,2379,529,fail,40765,0,0,519,1365,0,2627,fail,640,1149,103,410,0,0,0,1246,41920,208,208,0,105,0,1254,fail
 82115,0,41999,1169,848,1904,2379,529,fail,40765,0,0,519,1365,0,2627,fail,640,1149,103,410,0,0,0,1246,41920,208,208,0,105,0,1254,fail
 82120,0,41999,1169,848,1904,2379,529,fail,40765,0,0,519,1365,0,2627,fail,640,1149,103,410,0,0,0,1246,41920,208,208,0,105,0,1254,fail
 82125,0,41999,1169,848,1904,2379,529,fail,40765,0,0,519,1365,0,2627,fail,640,1149,103,410,0,0,0,1246,41920,208,208,0,105,0,1254,fail
 82130,0,41999,1169,848,1904,2379,529,fail,40765,0,0,519,1365,0,2627,fail,640,1149,103,410,0,0,0,1246,41920,208,208,0,105,0,1254,fail
 82135,0,41999,1169,848,1904,2379,529,fail,40765,0,0,519,1365,0,2627,fail,640,1149,103,410,0,0,0,1246,41920,208,208,0,105,0,1254,fail
 82140,0,41999,1169,848,1904,2379,529,fail,40765,0,0,519,1365,0,2627,fail,640,1149,103,410,0,0,0,1246,41920,208,208,0,105,0,1254,fail
 82145,0,41999,1169,848,1904,2379,529,fail,40765,0,0,519,1365,0,2627,fail,640,1149,103,410,0,0,0,1246,41919,208,208,0,105,0,1254,fail
 82150,0,41999,1169,848,1904,2379,529,fail,40765,0,0,519,1365,0,2627,fail,640,1149,103,410,0,0,0,1246,41924,208,208,0,105,0,1254,fail
 82155,0,42001,1169,848,1904,2379,529,fail,40765,0,0,519,1365,0,2627,fail,640,1149,103,410,0,0,0,1246,41929,208,208,0,105,0,1254,fail
 82160,0,42006,1169,848,1904,2379,529,fail,40765,0,0,519,1365,0,2627,fail,640,1149,103,410,0,0,0,1246,41934,208,208,0,105,0,1254,fail
 82165,0,42011,1169,848,1904,2379,529,fail,40765,0,0,519,1365,0,2627,fail,640,1149,103,410,0,0,0,1246,41939,208,208,0,105,0,1254,fail
 82170,0,42016,1169,848,1904,2379,529,fail,40765,0,0,519,1365,0,2627,fail,640,1149,103,410,0,0,0,1246,41944,208,208,0,105,0,1254,fail
 82175,0,42021,1169,848,1904,2379,529,fail,40765,0,0,519,1365,0,2627,fail,640,1149,103,410,0,0,0,1246,41949,208,208,0,105,0,1254,fail
 82180,0,42026,1169,848,1904,2379,529,fail,40765,0,0,519,1365,0,2627,fail,640,1149,103,410,0,0,0,1246,41954,208,208,0,105,0,1254,fail
 82185,0,42031,1169,848,1904,2379,529,fail,40765,0,0,519,1365,0,2627,fail,640,1149,103,410,0,0,0,1246,41959,fail,208,0,105,0,1254,fail
 82190,0,42036,1169,848,1904,2379,529,fail,40765,0,0,519,1365,0,2627,fail,640,1149,103,410,0,0,0,1246,41964,fail,208,0,105,0,1254,fail
 82195,0,42041,1169,848,1904,2379,529,fail,40765,0,0,519,1365,0,2627,fail,640,1149,103,410,0,0,0,1246,41969,fail,208,0,105,0,1254,fail
 82200,0,42046,1169,848,1904,2379,529,fail,40765,0,0,519,1365,0,2627,fail,640,1149,103,410,0,0,0,1246,41974,fail,208,0,105,0,1254,fail
 82205,0,42051,1169,848,1904,2379,529,fail,40765,0,0,519,1365,0,2627,fail,640,1149,103,410,0,0,0,1246,41979,fail,208,0,105,0,1254,fail
 82210,0,42056,1169,848,1904,2379,529,fail,40765,0,0,519,1365,0,2627,fail,640,1149,103,410,0,0,0,1246,41984,fail,208,0,105,0,1254,fail
 82215,0,42061,1169,848,1904,2379,529,fail,40765,0,0,519,1365,0,2627,fail,640,1149,103,410,0,0,0,1246,41989,fail,208,0,105,0,1254,fail
 82220,0,42066,1169,848,1904,2379,529,fail,40765,0,0,519,1365,0,2627,fail,640,1149,103,410,0,0,0,1246,41994,fail,208,0,105,0,1254,fail
 82225,0,42071,1169,848,1904,2379,529,fail,40765,0,0,519,1365,0,2627,fail,640,1149,103,410,0,0,0,1246,41999,fail,208,0,105,0,1254,fail
 82230,0,42076,1169,848,1904,2379,529,fail,40765,0,0,519,1365,0,2627,fail,640,1149,103,410,0,0,0,1246,42004,fail,208,0,105,0,1254,fail
 82235,0,42081,1169,848,1904,2379,529,fail,40765,0,0,519,1365,0,2627,fail,640,1149,103,410,0,0,0,1246,42009,fail,208,0,105,0,1254,fail
 82240,0,42086,1169,848,1904,2379,529,fail,40767,0,0,519,1365,0,2627,fail,640,1149,103,410,0,0,0,1246,42014,fail,208,0,105,0,1254,fail
 82245,0,42091,1169,848,1904,2379,529,fail,40772,0,0,519,1365,0,2627,fail,640,1149,103,410,0,0,0,1246,42019,fail,208,0,105,0,1254,fail
 82250,0,42096,1169,848,1904,2379,529,fail,40777,0,0,519,1365,0,2627,fail,640,1149,103,410,0,0,0,1246,42025,fail,208,0,105,0,1254,fail
 82255,0,42101,1169,848,1904,2379,529,fail,40782,0,0,519,1365,0,2627,fail,640,1149,103,410,0,0,0,1246,42025,fail,208,0,105,0,1254,fail
 82260,0,42104,1169,848,1904,2379,529,fail,40787,0,0,519,1365,0,2627,fail,640,1149,103,410,0,0,0,1246,42025,fail,208,0,105,0,1254,fail
 82265,0,42104,1169,848,1904,2379,529,fail,40792,0,0,519,1365,0,2627,fail,640,1149,103,410,0,0,0,1246,42025,fail,208,0,105,0,1254,fail
 82270,0,42104,1169,848,1904,2379,529,fail,40797,0,0,519,1365,0,2627,fail,640,1149,103,410,0,0,0,1246,42025,fail,208,0,105,0,1254,fail
 82275,0,42104,1169,848,1904,2379,529,fail,40802,0,0,519,1365,0,2627,fail,640,1149,103,410,0,0,0,1246,42025,fail,208,0,105,0,1254,fail
 82280,0,42104,1169,848,1904,2379,529,fail,40807,0,0,519,1365,0,2627,fail,640,1149,103,410,0,0,0,1246,42025,fail,208,0,105,0,1254,fail
 82285,0,42104,1169,848,1904,2379,529,fail,40812,0,0,519,1365,0,2627,fail,640,1149,103,410,0,0,0,1246,42025,fail,208,0,105,0,1254,fail
 82290,0,42104,1169,848,1904,2379,529,fail,40817,0,0,519,1365,0,2627,fail,640,1149,103,410,0,0,0,1246,42025,fail,208,0,105,0,1254,fail
 82295,0,42104,1169,848,1904,2379,529,fail,40822,0,0,519,1365,0,2627,fail,640,1149,103,410,0,0,0,1246,42025,fail,208,0,105,0,1254,fail
 82300,0,42104,1169,848,1904,2379,529,fail,40827,0,0,519,1365,0,2627,fail,640,1149,103,410,0,0,0,1246,42025,fail,208,0,105,0,1254,fail
 82305,0,42104,1169,848,1904,2379,529,fail,40832,0,0,519,1365,0,2627,fail,640,1149,103,410,0,0,0,1246,42025,fail,208,0,105,0,1254,fail
 82310,0,42104,1169,848,1904,2379,529,fail,40837,0,0,519,1365,0,2627,fail,640,1149,103,410,0,0,0,1246,42025,fail,208,0,105,0,1254,fail
 82315,0,42104,1169,848,1904,2379,529,fail,40842,0,0,519,1365,0,2627,fail,640,1149,103,410,0,0,0,1246,42025,fail,208,0,105,0,1254,fail
 82320,0,42104,1169,848,1904,2379,529,fail,40847,0,0,519,1365,0,2627,fail,640,1149,103,410,0,0,0,1246,42025,fail,208,0,105,0,1254,fail
 82325,0,42104,1169,848,1904,2379,529,fail,40852,0,0,519,1365,0,2627,fail,640,1149,103,410,0,0,0,1246,42025,fail,208,0,105,0,1254,fail
 82330,0,42104,1169,848,1904,2379,529,fail,40857,0,0,519,1365,0,2627,fail,640,1149,103,410,0,0,0,1246,42025,fail,208,0,105,0,1254,fail
 82335,0,42104,1169,848,1904,2379,529,fail,40862,0,0,519,1365,0,2627,fail,640,1149,103,410,0,0,0,1246,42025,fail,208,0,105,0,1254,fail
 82340,0,42104,1169,848,1904,2379,529,fail,40868,0,0,519,1365,0,2627,fail,640,1149,103,410,0,0,0,1246,42025,fail,208,0,105,0,1254,fail
 82345,0,42104,1169,848,1904,2379,529,fail,40868,0,0,519,1365,0,2627,fail,640,1149,103,410,0,0,0,1246,42025,fail,208,0,105,0,1254,fail
 82350,0,42104,1169,848,1904,2379,529,fail,40868,0,0,519,1365,0,2627,fail,640,1149,103,410,0,0,0,1246,42025,fail,208,0,105,0,1254,fail
 82355,0,42104,1169,848,1904,2379,529,fail,40868,0,0,519,1365,0,2627,fail,640,1149,103,410,0,0,0,1246,42025,fail,208,0,105,0,1254,fail
 82360,0,42104,1169,848,1904,2379,529,fail,40868,0,0,519,1365,0,2627,fail,640,1149,103,410,0,0,0,1246,42025,fail,208,0,105,0,1254,fail
 82365,0,42104,1169,848,1904,2379,529,fail,40868,0,0,519,1365,0,2627,fail,640,1149,103,410,0,0,0,1246,42025,fail,208,0,105,0,1254,fail
 82370,0,42104,1169,848,1904,2379,529,fail,40868,0,0,519,1365,0,2627,fail,640,1149,103,410,0,0,0,1246,42025,fail,208,0,105,0,1254,fail
 82375,0,42104,1169,848,1904,2379,529,fail,40868,0,0,519,1365,0,2627,fail,640,1149,103,410,0,0,0,1246,42025,fail,208,0,105,0,1254,fail
 82380,0,42104,1169,848,1904,2379,529,fail,40868,0,0,519,1365,0,2627,fail,640,1149,103,410,0,0,0,1246,42025,fail,208,0,105,0,1254,fail
 82385,0,42104,1169,848,1904,2379,529,fail,40868,0,0,519,1365,0,2627,fail,640,1149,103,410,0,0,0,1246,42025,fail,208,0,105,0,1254,fail
 82390,0,42104,1169,848,1904,2379,529,fail,40868,0,0,519,1365,0,2627,fail,640,1149,103,410,0,0,0,1246,42025,fail,208,0,105,0,1254,fail
 82395,0,42104,1169,848,1904,2379,529,fail,40868,0,0,519,1365,0,2627,fail,640,1149,103,410,0,0,0,1246,42025,fail,208,0,105,0,1254,fail
 82400,0,42104,1169,848,1904,2379,529,fail,40868,0,0,519,1365,0,2627,fail,640,1149,103,410,0,0,0,1246,42025,fail,208,0,105,0,1254,fail
 82405,0,42104,1169,848,1904,2379,529,fail,40868,0,0,519,1365,0,2627,fail,640,1149,103,410,0,0,0,1246,42025,fail,208,0,105,0,1254,fail
 82410,0,42104,1169,848,1904,2379,529,fail,40868,0,0,519,1365,0,2627,fail,640,1149,103,410,0,0,0,1246,42025,fail,208,0,105,0,1254,fail
 82415,0,42104,1169,848,1904,2379,529,fail,40868,0,0,519,1365,0,2627,fail,640,1149,103,410,0,0,0,1246,42025,fail,208,0,105,0,1254,fail
 82420,0,42104,1169,848,1904,2379,529,fail,40868,0,0,519,1365,0,2627,fail,640,1149,103,410,0,0,0,1246,42025,fail,208,0,105,0,1254,fail
 82425,0,42104,1169,848,1904,2379,529,fail,40868,0,0,519,1365,0,2627,fail,640,1149,103,410,0,0,0,1246,42025,fail,208,0,105,0,1254,fail
 82430,0,42104,1169,848,1904,2379,529,fail,40868,0,0,519,1365,0,2627,fail,640,1149,103,410,0,0,0,1246,42025,fail,208,0,105,0,1254,fail
 82435,0,42104,1169,848,1904,2379,529,fail,40868,0,0,519,1365,0,2627,fail,640,1149,103,410,0,0,0,1246,42025,fail,208,0,105,0,1254,fail
 82440,0,42104,1169,848,1904,2379,529,fail,40868,0,0,519,1365,0,2627,fail,640,1149,103,410,0,0,0,1246,42025,fail,208,0,105,0,1254,fail
 82445,0,42104,1169,848,1904,2379,529,fail,40868,0,0,519,1365,0,2627,fail,640,1149,103,410,0,0,0,1246,42025,fail,208,0,105,0,1254,fail
 82450,0,42104,1169,848,1904,2379,529,fail,40868,0,0,519,1365,0,2627,fail,640,1149,103,410,0,0,0,1246,42025,fail,208,0,105,0,1254,fail
 82455,0,42104,1169,848,1904,2379,529,fail,40868,0,0,519,1365,0,2627,fail,640,1149,103,410,0,0,0,1246,42025,fail,208,0,105,0,1254,fail
 82460,0,42104,1169,848,1904,2379,529,fail,40868,0,0,519,1365,0,2627,fail,640,1149,103,410,0,0,0,1246,42025,fail,208,0,105,0,1254,fail
 82465,0,42104,1169,848,1904,2379,529,fail,40868,0,0,519,1365,0,2627,fail,640,1149,103,410,0,0,0,1246,42025,fail,208,0,105,0,1254,fail
 82470,0,42104,1169,848,1904,2379,529,fail,40868,0,0,519,1365,0,2627,fail,640,1149,103,410,0,0,0,1246,42025,fail,208,0,105,0,1254,fail
 82475,0,42104,1169,848,1904,2379,529,fail,40868,0,0,519,1365,0,2627,fail,640,1149,103,410,0,0,0,1246,42025,fail,208,0,105,0,1254,fail
 82480,0,42104,1169,848,1904,2379,529,fail,40868,0,0,519,1365,0,2627,fail,640,1149,103,410,0,0,0,1246,42025,fail,208,0,105,0,1254,fail
 82485,0,42104,1169,848,1904,2379,529,fail,40868,0,0,519,1365,0,2627,fail,640,1149,103,410,0,0,0,1246,42025,fail,208,0,105,0,1254,fail
 82490,0,42104,1169,848,1904,2379,529,fail,40868,0,0,519,1365,0,2627,fail,640,1149,103,410,0,0,0,1246,42025,fail,208,0,105,0,1254,fail
 82495,0,42104,1169,848,1904,2379,529,fail,40868,0,0,519,1365,0,2627,fail,640,1149,103,410,0,0,0,1246,42025,fail,208,0,105,0,1254,fail
 82500,0,42104,1169,848,1904,2379,529,fail,40868,0,0,519,1365,0,2627,fail,640,1149,103,410,0,0,0,1246,42025,fail,208,0,105,0,1254,fail
 82505,0,42104,1169,848,1904,2379,529,fail,40868,0,0,519,1365,0,2627,fail,640,1149,103,410,0,0,0,1246,42025,fail,208,0,105,0,1254,fail
 82510,0,42104,1169,848,1904,2379,529,fail,40868,0,0,519,1365,0,2627,fail,640,1149,103,410,0,0,0,1246,42025,fail,208,0,105,0,1254,fail
 82515,0,42104,1169,848,1904,2379,529,fail,40868,0,0,519,1365,0,2627,fail,640,1149,103,410,0,0,0,1246,42025,fail,208,0,105,0,1254,fail
 82520,0,42104,1169,848,1904,2379,529,fail,40868,0,0,519,1365,0,2627,fail,640,1149,103,410,0,0,0,1246,42025,fail,208,0,105,0,1254,fail
 82525,0,42104,1169,848,1904,2379,529,fail,40868,0,0,519,1365,0,2627,fail,640,1149,103,410,0,0,0,1246,42025,fail,208,0,105,0,1254,fail
 82530,0,42104,1169,848,1904,2379,529,fail,40868,0,0,519,1365,0,2627,fail,640,1149,103,410,0,0,0,1246,42025,fail,208,0,105,0,1254,fail
 82535,0,42104,1169,848,1904,2379,529,fail,40868,0,0,519,1365,0,2627,fail,640,1149,103,410,0,0,0,1246,42025,fail,208,0,105,0,1254,fail
 82540,0,42104,1169,848,1904,2379,529,fail,40868,0,0,519,1365,0,2627,fail,640,1149,103,410,0,0,0,1246,42025,fail,208,0,105,0,1254,fail
 82545,0,42104,1169,848,1904,2379,529,fail,40868,0,0,519,1365,0,2627,fail,640,1149,103,410,0,0,0,1246,42025,fail,208,0,105,0,1254,fail
 82550,0,42104,1169,848,1904,2379,529,fail,40868,0,0,519,1365,0,2627,fail,640,1149,103,410,0,0,0,1246,42025,fail,208,0,105,0,1254,fail
 82555,0,42104,1169,848,1904,2379,529,fail,40868,0,0,519,1365,0,2627,fail,640,1149,103,410,0,0,0,1246,42025,fail,208,0,105,0,1254,fail
 82560,0,42104,1169,848,1904,2379,529,fail,40868,0,0,519,1365,0,2627,fail,640,1149,103,410,0,0,0,1246,42025,fail,208,0,105,0,1254,fail
 82565,0,42104,1169,848,1904,2379,529,fail,40868,0,0,519,1365,0,2627,fail,640,1149,103,410,0,0,0,1246,42025,fail,208,0,105,0,1254,fail
 82570,0,42104,1169,848,1904,2379,529,fail,40868,0,0,519,1365,0,2627,fail,640,1149,103,410,0,0,0,1246,42025,fail,208,0,105,0,1254,fail
 82575,0,42104,1169,848,1904,2379,529,fail,40868,0,0,519,1365,0,2627,fail,640,1149,103,410,0,0,0,1246,42025,fail,208,0,105,0,1254,fail
 82580,0,42104,1169,848,1904,2379,529,fail,40868,0,0,519,1365,0,2627,fail,640,1149,103,410,0,0,0,1246,42025,fail,208,0,105,0,1254,fail
 82585,0,42104,1169,848,1904,2379,529,fail,40868,0,0,519,1365,0,2627,fail,640,1149,103,410,0,0,0,1246,42025,fail,208,0,105,0,1254,fail
 82590,0,42104,1169,848,1904,2379,529,fail,40868,0,0,519,1365,0,2627,fail,640,1149,103,410,0,0,0,1246,42025,fail,208,0,105,0,1254,fail
 82595,0,42104,1169,848,1904,2379,529,fail,40868,0,0,519,1365,0,2627,fail,640,1149,103,410,0,0,0,1246,42025,fail,208,0,105,0,1254,fail
 82600,0,42104,1169,848,1904,2379,529,fail,40868,0,0,519,1365,0,2627,fail,640,1149,103,410,0,0,0,1246,42025,fail,208,0,105,0,1254,fail
 82605,0,42104,1169,848,1904,2379,529,fail,40868,0,0,519,1365,0,2627,fail,640,1149,103,410,0,0,0,1246,42025,fail,208,0,105,0,1254,fail
 82610,0,42104,1169,848,1904,2379,529,fail,40868,0,0,519,1365,0,2627,fail,640,1149,103,410,0,0,0,1246,42025,fail,208,0,105,0,1254,fail
 82615,0,42104,1169,848,1904,2379,529,fail,40868,0,0,519,1365,0,2627,fail,640,1149,103,410,0,0,0,1246,42025,fail,208,0,105,0,1254,fail
 82620,0,42104,1169,848,1904,2379,529,fail,40868,0,0,519,1365,0,2627,fail,640,1149,103,410,0,0,0,1246,42025,fail,208,0,105,0,1254,fail
 82625,0,42104,1169,848,1904,2379,529,fail,40868,0,0,519,1365,0,2627,fail,640,1149,103,410,0,0,0,1246,42025,fail,208,0,105,0,1254,fail
 82630,0,42104,1169,848,1904,2379,529,fail,40868,0,0,519,1365,0,2627,fail,640,1149,103,410,0,0,0,1246,42025,fail,208,0,105,0,1254,fail
 82635,0,42104,1169,848,1904,2379,529,fail,40868,0,0,519,1365,0,2627,fail,640,1149,103,410,0,0,0,1246,42025,fail,208,0,105,0,1254,fail
 82640,0,42104,1169,848,1904,2379,529,fail,40868,0,0,519,1365,0,2627,fail,640,1149,103,410,0,0,0,1246,42025,fail,208,0,105,0,1254,fail
 82645,0,42104,1169,848,1904,2379,529,fail,40868,0,0,519,1365,0,2627,fail,640,1149,103,410,0,0,0,1246,42025,fail,208,0,105,0,1254,fail
 82650,0,42104,1169,848,1904,2379,529,fail,40868,0,0,519,1365,0,2627,fail,640,1149,103,410,0,0,0,1246,42025,fail,208,0,105,0,1254,fail
 82655,0,42104,1169,848,1904,2379,529,fail,40868,0,0,519,1365,0,2627,fail,640,1149,103,410,0,0,0,1246,42025,fail,208,0,105,0,1254,fail
 82660,0,42104,1169,848,1904,2379,529,fail,40868,0,0,519,1365,0,2627,fail,640,1149,103,410,0,0,0,1246,42025,fail,208,0,105,0,1254,fail
 82665,0,42104,1169,848,1904,2379,529,fail,40868,0,0,519,1365,0,2627,fail,640,1149,103,410,0,0,0,1246,42025,fail,208,0,105,0,1254,fail
 82670,0,42104,1169,848,1904,2379,529,fail,40868,0,0,519,1365,0,2627,fail,640,1149,103,410,0,0,0,1246,42025,fail,208,0,105,0,1254,fail
 82675,0,42104,1169,848,1904,2379,529,fail,40868,fail,0,519,1365,0,2627,fail,640,1149,103,410,0,0,0,1246,42025,fail,208,0,105,0,1254,fail
 82680,0,42104,1169,848,1904,2379,529,fail,40868,fail,0,519,1365,0,2627,fail,640,1149,103,410,0,0,0,1246,42025,fail,208,0,105,0,1254,fail
 82685,0,42104,1169,848,1904,2379,529,fail,40868,fail,0,519,1365,0,2627,fail,640,1149,103,410,0,0,0,1246,42025,fail,208,0,105,0,1254,fail
 82690,0,42104,1169,848,1904,2379,529,fail,40868,fail,0,519,1365,0,2627,fail,640,1149,103,410,0,0,0,1246,42025,fail,208,0,105,0,1254,fail
 82695,0,42104,1169,848,1904,2379,529,fail,40868,fail,0,519,1365,0,2627,fail,640,1149,103,410,0,0,0,1246,42025,fail,208,0,105,0,1254,fail
 82700,0,42104,1169,848,1904,2379,529,fail,40868,fail,0,519,1365,0,2627,fail,640,1149,103,410,0,0,0,1246,42025,fail,208,0,105,0,1254,fail
 82705,0,42104,1169,848,1904,2379,529,fail,40868,fail,0,519,1365,0,2627,fail,640,1149,103,410,0,0,0,1246,42025,fail,208,0,105,0,1254,fail
 82710,0,42104,1169,848,1904,2379,529,fail,40868,fail,0,519,1365,0,2627,fail,640,1149,103,410,0,0,0,1246,42025,fail,208,0,105,0,1254,fail
 82715,0,42104,1169,848,1904,2379,529,fail,40868,fail,0,519,1365,0,2627,fail,640,1149,103,410,0,0,0,1246,42025,fail,208,0,105,0,1254,fail
 82720,0,42105,1169,848,1904,2379,529,fail,40868,fail,0,519,1365,0,2627,fail,640,1149,103,410,0,0,0,1246,42025,fail,208,0,105,0,1254,fail
 82725,0,42110,1169,848,1904,2379,529,fail,40868,fail,0,519,1365,0,2627,fail,640,1149,103,410,0,0,0,1246,42025,fail,208,0,105,0,1254,fail
 82730,0,42115,1169,848,1904,2379,529,fail,40868,fail,0,519,1365,0,2627,fail,640,1149,103,410,0,0,0,1246,42025,fail,208,0,105,0,1254,fail
 82735,0,42120,1169,848,1904,2379,529,fail,40868,fail,0,519,1365,0,2627,fail,640,1149,103,410,0,0,0,1246,42025,fail,208,0,105,0,1254,fail
 82740,0,42125,1169,848,1904,2379,529,fail,40868,fail,0,519,1365,0,2627,fail,640,1149,103,410,0,0,0,1246,42025,fail,208,0,105,0,1254,fail
 82745,0,42130,1169,848,1904,2379,529,fail,40868,fail,0,519,1365,0,2627,fail,640,1149,103,410,0,0,0,1246,42025,fail,208,0,105,0,1254,fail
 82750,0,42135,1169,848,1904,2379,529,fail,40868,fail,0,519,1365,0,2627,fail,640,1149,103,410,0,0,0,1246,42025,fail,208,0,105,0,1254,fail
 82755,0,42140,1169,848,1904,2379,529,fail,40868,fail,0,519,1365,0,2627,fail,640,1149,103,410,0,0,0,1246,42025,fail,208,0,105,0,1254,fail
 82760,0,42145,1169,848,1904,2379,529,fail,40868,fail,0,519,1365,0,2627,fail,640,1149,103,410,0,0,0,1246,42025,fail,208,0,105,0,1254,fail
 82765,0,42150,1169,848,1904,2379,529,fail,40868,fail,0,519,1365,0,2627,fail,640,1149,103,410,0,0,0,1246,42025,fail,208,0,105,0,1254,fail
 82770,0,42155,1169,848,1904,2379,529,fail,40868,fail,0,519,1365,0,2627,fail,640,1149,103,410,0,0,0,1246,42025,fail,208,0,105,0,1254,fail
 82775,0,42160,1169,848,1904,2379,529,fail,40868,fail,0,519,1365,0,2627,fail,640,1149,103,410,0,0,0,1246,42025,fail,208,0,105,0,1254,fail
 82780,0,42165,1169,848,1904,2379,529,fail,40868,fail,0,519,1365,0,2627,fail,640,1149,103,410,0,0,0,1246,42025,fail,208,0,105,0,1254,fail
 82785,0,42170,1169,848,1904,2379,529,fail,40868,fail,0,519,1365,0,2627,fail,640,1149,103,410,0,0,0,1246,42025,fail,208,0,105,0,1254,fail
 82790,0,42175,1169,848,1904,2379,529,fail,40868,fail,0,519,1365,0,2627,fail,640,1149,103,410,0,0,0,1246,42025,fail,208,0,105,0,1254,fail
 82795,0,42180,1169,848,1904,2379,529,fail,40868,fail,0,519,1365,0,2627,fail,640,1149,103,410,0,0,0,1246,42025,fail,208,0,105,0,1254,fail
 82800,0,42185,1169,848,1904,2379,529,fail,40868,fail,0,519,1365,0,2627,fail,640,1149,103,410,0,0,0,1246,42025,fail,208,0,105,0,1254,fail
 82805,0,42190,1169,848,1904,2379,529,fail,40868,fail,0,519,1365,0,2627,fail,640,1149,103,410,0,0,0,1246,42025,fail,208,0,105,0,1254,fail
 82810,0,42195,1169,848,1904,2379,529,fail,40868,fail,0,519,1365,0,2627,fail,640,1149,103,410,0,0,0,1246,42025,fail,208,0,105,0,1254,fail
 82815,0,42200,1169,848,1904,2379,529,fail,40868,fail,0,519,1365,0,2627,fail,640,1149,103,410,0,0,0,1246,42025,fail,208,0,105,0,1254,fail
 82820,0,42205,1169,848,1904,2379,529,fail,40868,fail,0,519,1365,0,2627,fail,640,1149,103,410,0,0,0,1246,42025,fail,208,0,105,0,1254,fail
 82825,0,42207,1169,848,1904,2379,529,fail,40868,fail,0,519,1365,0,2627,fail,640,1149,103,410,0,0,0,1246,42025,fail,208,0,105,0,1254,fail
 82830,0,42207,1169,848,1904,2379,529,fail,40868,fail,0,519,1365,0,2627,fail,640,1149,103,410,0,0,0,1246,42025,fail,208,0,105,0,1254,fail
 82835,0,42207,1169,848,1904,2379,529,fail,40868,fail,0,519,1365,0,2627,fail,640,1149,103,410,0,0,0,1246,42025,fail,208,0,105,0,1254,fail
 82840,0,42207,1169,848,1904,2379,529,fail,40868,fail,0,519,1365,0,2627,fail,640,1149,103,410,0,0,0,1246,42025,fail,208,0,105,0,1254,fail
 82845,0,42207,1169,848,1904,2379,529,fail,40868,fail,0,519,1365,0,2627,fail,640,1149,103,410,0,0,0,1246,42025,fail,208,0,105,0,1254,fail
 82850,0,42207,1169,848,1904,2379,529,fail,40868,fail,0,519,1365,0,2627,fail,640,1149,103,410,0,0,0,1246,42025,fail,208,0,105,0,1254,fail
 82855,0,42207,1169,848,1904,2379,529,fail,40868,fail,0,519,1365,0,2627,fail,640,1149,103,410,0,0,0,1246,42025,fail,208,0,105,0,1254,fail
 82860,0,42207,1169,848,1904,2379,529,fail,40868,fail,0,519,1365,0,2627,fail,640,1149,103,410,0,0,0,1246,42025,fail,208,0,105,0,1254,fail
 82865,0,42207,1169,848,1904,2379,529,fail,40868,fail,0,519,1365,0,2627,fail,640,1149,103,410,0,0,0,1246,42025,fail,208,0,105,0,1254,fail
 82870,0,42207,1169,848,1904,2379,529,fail,40868,fail,0,519,1365,0,2627,fail,640,1149,103,410,0,0,0,1246,42025,fail,208,0,105,0,1254,fail
 82875,0,42207,1169,848,1904,2379,529,fail,40868,fail,0,519,1365,0,2627,fail,640,1149,103,410,0,0,0,1246,42025,fail,208,0,105,0,1254,fail
 82880,0,42207,1169,848,1904,2379,529,fail,40868,fail,0,519,1365,0,2627,fail,640,1149,103,410,0,0,0,1246,42025,fail,208,0,105,0,1254,fail
 82885,0,42207,1169,848,1904,2379,529,fail,40868,fail,0,519,1365,0,2627,fail,640,1149,103,410,0,0,0,1246,42025,fail,208,0,105,0,1254,fail
 82890,0,42207,1169,848,1904,2379,529,fail,40868,fail,0,519,1365,0,2627,fail,640,1149,103,410,0,0,0,1246,42025,fail,208,0,105,0,1254,fail
 82895,0,42207,1169,848,1904,2379,529,fail,40868,fail,0,519,1365,0,2627,fail,640,1149,103,410,0,0,0,1246,42025,fail,208,0,105,0,1254,fail
 82900,0,42207,1169,848,1904,2379,529,fail,40868,fail,0,519,1365,0,2627,fail,640,1149,103,410,0,0,0,1246,42025,fail,208,0,105,0,1254,fail
 82905,0,42207,1169,848,1904,2379,529,fail,40868,fail,0,519,1365,0,2627,fail,640,1149,103,410,0,0,0,1246,42025,fail,208,0,105,0,1254,fail
 82910,0,42207,1169,848,1904,2379,529,fail,40868,fail,0,519,1365,0,2627,fail,640,1149,103,410,0,0,0,1246,42025,fail,208,0,105,0,1254,fail
 82915,0,42207,1169,848,1904,2379,529,fail,40868,fail,0,519,1365,0,2627,fail,640,1149,103,410,0,0,0,1246,42025,fail,208,0,105,0,1254,fail
 82920,0,42207,1169,848,1904,2379,529,fail,40868,fail,0,519,1365,0,2627,fail,640,1149,103,410,0,0,0,1246,42025,fail,208,0,105,0,1254,fail
 82925,0,42207,1169,848,1904,2379,529,fail,40868,fail,0,519,1365,0,2627,fail,640,1149,103,410,0,0,0,1246,42025,fail,208,0,105,0,1254,fail
 82930,0,42207,1169,848,1904,2379,529,fail,40868,fail,0,519,1365,0,2627,fail,640,1149,103,410,0,0,0,1246,42025,fail,208,0,105,0,1254,fail
 82935,0,42207,1169,848,1904,2379,529,fail,40868,fail,0,519,1365,0,2627,fail,640,1149,103,410,0,0,0,1246,42025,fail,208,0,105,0,1254,fail
 82940,0,42207,1169,848,1904,2379,529,fail,40868,fail,0,519,1365,0,2627,fail,640,1149,103,410,0,0,0,1246,42025,fail,208,0,105,0,1254,fail
 82945,0,42207,1169,848,1904,2379,529,fail,40868,fail,0,519,1365,0,2627,fail,640,1149,103,410,0,0,0,1246,42025,fail,208,0,105,0,1254,fail
 82950,0,42207,1169,848,1904,2379,529,fail,40868,fail,0,519,1365,0,2627,fail,640,1149,103,410,0,0,0,1246,42025,fail,208,0,105,0,1254,fail
 82955,0,42207,1169,848,1904,2379,529,fail,40868,fail,0,519,1365,0,2627,fail,640,1149,103,410,0,0,0,1246,42025,fail,208,0,105,0,1254,fail
 82960,0,42207,1169,848,1904,2379,529,fail,40868,fail,0,519,1365,0,2627,fail,640,1149,103,410,0,0,0,1246,42025,fail,208,0,105,0,1254,fail
 82965,0,42207,1169,848,1904,2379,529,fail,40868,fail,0,519,1365,0,2627,fail,640,1149,103,410,0,0,0,1246,42025,fail,208,0,105,0,1254,fail
 82970,0,42207,1169,848,1904,2379,529,fail,40868,fail,0,519,1365,0,2627,fail,640,1149,103,410,0,0,0,1246,42025,fail,208,0,105,0,1254,fail
 82975,0,42207,1169,848,1904,2379,529,fail,40868,fail,0,519,1365,0,2627,fail,640,1149,103,410,0,0,0,1246,42025,fail,208,0,105,0,1254,fail
 82980,0,42207,1169,848,1904,2379,529,fail,40868,fail,0,519,1365,0,2627,fail,640,1149,103,410,0,0,0,1246,42025,fail,208,0,105,0,1254,fail
 82985,0,42207,1169,848,1904,2379,529,fail,40868,fail,0,519,1365,0,2627,fail,640,1149,103,410,0,0,0,1246,42025,fail,208,0,105,0,1254,fail
 82990,0,42207,1169,848,1904,2379,529,fail,40868,fail,0,519,1365,0,2627,fail,640,1149,103,410,0,0,0,1246,42025,fail,208,0,105,0,1254,fail
 82995,0,42207,1169,848,1904,2379,529,fail,40868,fail,0,519,1365,0,2627,fail,640,1149,103,410,0,0,0,1246,42025,fail,208,0,105,0,1254,fail
 83000,0,42207,1169,848,1904,2379,529,fail,40868,fail,0,519,1365,0,2627,fail,640,1149,103,410,0,0,0,1246,42025,fail,208,0,105,0,1254,fail
 83005,0,42207,1169,848,1904,2379,529,fail,40868,fail,0,519,1365,0,2627,fail,640,1149,103,410,0,0,0,1246,42025,fail,208,0,105,0,1254,fail
 83010,0,42207,1169,848,1904,2379,529,fail,40868,fail,0,519,1365,0,2627,fail,640,1149,103,410,0,0,0,1246,42025,fail,208,0,105,0,1254,fail
 83015,0,42207,1169,848,1904,2379,529,fail,40868,fail,0,519,1365,0,2627,fail,640,1149,103,410,0,0,0,1246,42025,fail,208,0,105,0,1254,fail
 83020,0,42207,1169,848,1904,2379,529,fail,40868,fail,0,519,1365,0,2627,fail,640,1149,103,410,0,0,0,1246,42025,fail,208,0,105,0,1254,fail
 83025,0,42207,1169,848,1904,2379,529,fail,40868,fail,0,519,1365,0,2627,fail,640,1149,103,410,0,0,0,1246,42025,fail,208,0,105,0,1254,fail
 83030,0,42207,1169,848,1904,2379,529,fail,40868,fail,0,519,1365,0,2627,fail,640,1149,103,410,0,0,0,1246,42025,fail,208,0,105,0,1254,fail
 83035,0,42207,1169,848,1904,2379,529,fail,40868,fail,0,519,1365,0,2627,fail,640,1149,103,410,0,0,0,1246,42025,fail,208,0,105,0,1254,fail
 83040,0,42207,1169,848,1904,2379,529,fail,40868,fail,0,519,1365,0,2627,fail,640,1149,103,410,0,0,0,1246,42025,fail,208,0,105,0,1254,fail
 83045,0,42207,1169,848,1904,2379,529,fail,40868,fail,0,519,1365,0,2627,fail,640,1149,103,410,0,0,0,1246,42025,fail,208,0,105,0,1254,fail
 83050,0,42207,1169,848,1904,2379,529,fail,40868,fail,0,519,1365,0,2627,fail,640,1149,103,410,0,0,0,1246,42025,fail,208,0,105,0,1254,fail
 83055,0,42207,1169,848,1904,2379,529,fail,40868,fail,0,519,1365,0,2627,fail,640,1149,103,410,0,0,0,1246,42025,fail,208,0,105,0,1254,fail
 83060,0,42207,1169,848,1904,2379,529,fail,40868,fail,0,519,1365,0,2627,fail,640,1149,103,410,0,0,0,1246,42025,fail,208,0,105,0,1254,fail
 83065,0,42207,1169,848,1904,2379,529,fail,40868,fail,0,519,1365,0,2627,fail,640,1149,103,410,0,0,0,1246,42025,fail,208,0,105,0,1254,fail
 83070,0,42207,1169,848,1904,2379,529,fail,40868,fail,0,519,1365,0,2627,fail,640,1149,103,410,0,0,0,1246,42025,fail,208,0,105,0,1254,fail
 83075,0,42207,1169,848,1904,2379,529,fail,40868,fail,0,519,1365,0,2627,fail,640,1149,103,410,0,0,0,1246,42025,fail,208,0,105,0,1254,fail
 83080,0,42207,1169,848,1904,2379,529,fail,40868,fail,0,519,1365,0,2627,fail,640,1149,103,410,0,0,0,1246,42025,fail,208,0,105,0,1254,fail
 83085,0,42207,1169,848,1904,2379,529,fail,40868,fail,0,519,1365,0,2627,fail,640,1149,103,410,0,0,0,1246,42025,fail,208,0,105,0,1254,fail
 83090,0,42207,1169,848,1904,2379,529,fail,40868,fail,0,519,1365,0,2627,fail,fail,1149,103,410,0,0,0,1246,42025,fail,208,0,105,0,1254,fail
 83095,0,42207,1169,848,1904,2379,529,fail,40868,fail,0,519,1365,0,2627,fail,fail,1149,103,410,0,0,0,1246,42025,fail,208,0,105,0,1254,fail
 83100,0,42207,1169,848,1904,2379,529,fail,40868,fail,0,519,1365,0,2627,fail,fail,1149,103,410,0,0,0,1246,42025,fail,208,0,105,0,1254,fail
 83105,0,42207,1169,848,1904,2379,529,fail,40868,fail,0,519,1365,0,2627,fail,fail,1149,103,410,0,0,0,1246,42025,fail,208,0,105,0,1254,fail
 83110,0,42207,1169,848,1904,2379,529,fail,40868,fail,0,519,1365,0,2627,fail,fail,1149,103,410,0,0,0,1246,42025,fail,208,0,105,0,1254,fail
 83115,0,42207,1169,848,1904,2379,529,fail,40868,fail,0,519,1365,0,2627,fail,fail,1149,103,410,0,0,0,1246,42025,fail,208,0,105,0,1254,fail
 83120,0,42207,1169,848,1904,2379,529,fail,40868,fail,0,519,1365,0,2627,fail,fail,1149,103,410,0,0,0,1246,42025,fail,208,0,105,0,1254,fail
 83125,0,42207,1169,848,1904,2379,529,fail,40868,fail,0,519,1365,0,2627,fail,fail,1149,103,410,0,0,0,1246,42025,fail,208,0,105,0,1254,fail
 83130,0,42207,1169,848,1904,2379,529,fail,40868,fail,0,519,1365,0,2627,fail,fail,1149,103,410,0,0,0,1246,42025,fail,208,0,105,0,1254,fail
 83135,0,42207,1169,848,1904,2379,529,fail,40868,fail,0,519,1365,0,2627,fail,fail,1149,103,410,0,0,0,1246,42025,fail,208,0,105,0,1254,fail
 83140,0,42207,1169,848,1904,2379,529,fail,40868,fail,0,519,1365,0,2627,fail,fail,1149,103,410,0,0,0,1246,42025,fail,208,0,105,0,1254,fail
 83145,0,42207,1169,848,1904,2379,529,fail,40868,fail,0,519,1365,0,2627,fail,fail,1149,103,410,0,0,0,1246,42025,fail,208,0,105,0,1254,fail
 83150,0,42207,1169,848,1904,2379,529,fail,40868,fail,0,519,1365,0,2627,fail,fail,1149,103,410,0,0,0,1246,42025,fail,208,0,105,0,1254,fail
 83155,0,42207,1169,848,1904,2379,529,fail,40868,fail,0,519,1365,0,2627,fail,fail,1149,103,410,0,0,0,1246,42025,fail,208,0,105,0,1254,fail
 83160,0,42207,1169,848,1904,2379,529,fail,40868,fail,0,519,1365,0,2627,fail,fail,1149,103,410,0,0,0,1246,42025,fail,208,0,105,0,1254,fail
 83165,0,42207,1169,848,1904,2379,529,fail,40868,fail,0,519,1365,0,2627,fail,fail,1149,103,410,0,0,0,1246,42025,fail,208,0,105,0,1254,fail
 83170,0,42207,1169,848,1904,2379,529,fail,40868,fail,0,519,1365,0,2627,fail,fail,1149,103,410,0,0,0,1246,42025,fail,208,0,105,0,1254,fail
 83175,0,42207,1169,848,1904,2379,529,fail,40868,fail,0,519,1365,0,2627,fail,fail,1149,103,410,0,0,0,1246,42025,fail,208,0,105,0,1254,fail
 83180,0,42207,1169,848,1904,2379,529,fail,40868,fail,0,519,1365,0,2627,fail,fail,1149,103,410,0,0,0,1246,42025,fail,208,0,105,0,1254,fail
 83185,0,42207,1169,848,1904,2379,529,fail,40868,fail,0,519,1365,0,2627,fail,fail,1149,103,410,0,0,0,1246,42025,fail,208,0,105,0,1254,fail
 83190,0,42207,1169,848,1904,2379,529,fail,40868,fail,0,519,1365,0,2627,fail,fail,1149,103,410,0,0,0,1246,42025,fail,208,0,105,0,1254,fail
 83195,0,42207,1169,848,1904,2379,529,fail,40868,fail,0,519,1365,0,2627,fail,fail,1149,103,410,0,0,0,1246,42025,fail,208,0,105,0,1254,fail
 83200,0,42207,1169,848,1904,2379,529,fail,40868,fail,0,519,1365,0,2627,fail,fail,1149,103,410,0,0,0,1246,42025,fail,208,0,105,0,1254,fail
 83205,0,42207,1169,848,1904,2379,529,fail,40868,fail,0,519,1365,0,2627,fail,fail,1149,103,410,0,0,0,1246,42025,fail,208,0,105,0,1254,fail
 83210,0,42207,1169,848,1904,2379,529,fail,40868,fail,0,519,1365,0,2627,fail,fail,1149,103,410,0,0,0,1246,42025,fail,208,0,105,0,1254,fail
 83215,0,42207,1169,848,1904,2379,529,fail,40868,fail,0,519,1365,0,2627,fail,fail,1149,103,410,0,0,0,1246,42025,fail,208,0,105,0,1254,fail
 83220,0,42207,1169,848,1904,2379,529,fail,40868,fail,0,519,1365,0,2627,fail,fail,1149,103,410,0,0,0,1246,42025,fail,208,0,105,0,1254,fail
 83225,0,42207,1169,848,1904,2379,529,fail,40868,fail,0,519,1365,0,2627,fail,fail,1149,103,410,0,0,0,1246,42025,fail,208,0,105,0,1254,fail
 83230,0,42207,1169,848,1904,2379,529,fail,40868,fail,0,519,1365,0,2627,fail,fail,1149,103,410,0,0,0,1246,42025,fail,208,0,105,0,1254,fail
 83235,0,42207,1169,848,1904,2379,529,fail,40868,fail,0,519,1365,0,2627,fail,fail,1149,103,410,0,0,0,1246,42025,fail,208,0,105,0,1254,fail
 83240,0,42207,1169,848,1904,2379,529,fail,40868,fail,0,519,1365,0,2627,fail,fail,1149,103,410,0,0,0,1246,42025,fail,208,0,105,0,1254,fail
 83245,0,42207,1169,848,1904,2379,529,fail,40868,fail,0,519,1365,0,2627,fail,fail,1149,103,410,0,0,0,1246,42025,fail,208,0,105,0,1254,fail
 83250,0,42207,1169,848,1904,2379,529,fail,40868,fail,0,519,1365,0,2627,fail,fail,1149,103,410,0,0,0,1246,42025,fail,208,0,105,0,1254,fail
 83255,0,42207,1169,848,1904,2379,529,fail,40868,fail,0,519,1365,0,2627,fail,fail,1149,103,410,0,0,0,1246,42025,fail,208,0,105,0,1254,fail
 83260,0,42207,1169,848,1904,2379,529,fail,40868,fail,0,519,1365,0,2627,fail,fail,1149,103,410,0,0,0,1246,42025,fail,208,0,105,0,1254,fail
 83265,0,42208,1169,848,1904,2379,529,fail,40868,fail,0,519,1365,0,2627,fail,fail,1149,103,410,0,0,0,1246,42025,fail,208,0,105,0,1254,fail
 83270,0,42213,1169,848,1904,2379,529,fail,40868,fail,0,519,1365,0,2627,fail,fail,1149,103,410,0,0,0,1246,42025,fail,208,0,105,0,1254,fail
 83275,0,42218,1169,848,1904,2379,529,fail,40868,fail,0,519,1365,0,2627,fail,fail,1149,103,410,0,0,0,1246,42025,fail,208,0,105,0,1254,fail
 83280,0,42223,1169,848,1904,2379,529,fail,40868,fail,0,519,1365,0,2627,fail,fail,1149,103,410,0,0,0,1246,42025,fail,208,0,105,0,1254,fail
 83285,0,42228,1169,848,1904,2379,529,fail,40868,fail,0,519,1365,0,2627,fail,fail,1149,103,410,0,0,0,1246,42025,fail,208,0,105,0,1254,fail
 83290,0,42233,1169,848,1904,2379,529,fail,40868,fail,0,519,1365,0,2627,fail,fail,1149,103,410,0,0,0,1246,42025,fail,208,0,105,0,1254,fail
 83295,0,42238,1169,848,1904,2379,529,fail,40868,fail,0,519,1365,0,2627,fail,fail,1149,103,410,0,0,0,1246,42025,fail,208,0,105,0,1254,fail
 83300,0,42243,1169,848,1904,2379,529,fail,40868,fail,0,519,1365,0,2627,fail,fail,1149,103,410,0,0,0,1246,42025,fail,208,0,105,0,1254,fail
 83305,0,42248,1169,848,1904,2379,529,fail,40868,fail,0,519,1365,0,2627,fail,fail,1149,103,410,0,0,0,1246,42025,fail,208,0,105,0,1254,fail
 83310,0,42253,1169,848,1904,2379,529,fail,40868,fail,0,519,1365,0,2627,fail,fail,1149,103,410,0,0,0,1246,42025,fail,208,0,105,0,1254,fail
 83315,0,42258,1169,848,1904,2379,529,fail,40868,fail,0,519,1365,0,2627,fail,fail,1149,103,410,0,0,0,1246,42025,fail,208,0,105,0,1254,fail
 83320,0,42263,1169,848,1904,2379,529,fail,40868,fail,0,519,1365,0,2627,fail,fail,1149,103,410,0,0,0,1246,42025,fail,208,0,105,0,1254,fail
 83325,0,42268,1169,848,1904,2379,529,fail,40868,fail,0,519,1365,0,2627,fail,fail,1149,103,410,0,0,0,1246,42025,fail,208,0,105,0,1254,fail
 83330,0,42273,1169,848,1904,2379,529,fail,40868,fail,0,519,1365,0,2627,fail,fail,1149,103,410,0,0,0,1246,42025,fail,208,0,105,0,1254,fail
 83335,0,42278,1169,848,1904,2379,529,fail,40868,fail,0,519,1365,0,2627,fail,fail,1149,103,410,0,0,0,1246,42025,fail,208,0,105,0,1254,fail
 83340,0,42283,1169,848,1904,2379,529,fail,40868,fail,0,519,1365,0,2627,fail,fail,1149,103,410,0,0,0,1246,42025,fail,208,0,105,0,1254,fail
 83345,0,42288,1169,848,1904,2379,529,fail,40868,fail,0,519,1365,0,2627,fail,fail,1149,103,410,0,0,0,1246,42025,fail,208,0,105,0,1254,fail
 83350,0,42293,1169,848,1904,2379,529,fail,40868,fail,0,519,1365,0,2627,fail,fail,1149,103,410,0,0,0,1246,42025,fail,208,0,105,0,1254,fail
 83355,0,42298,1169,848,1904,2379,529,fail,40868,fail,0,519,1365,0,2627,fail,fail,1149,103,410,0,0,0,1246,42025,fail,208,0,105,0,1254,fail
 83360,0,42303,1169,848,1904,2379,529,fail,40868,fail,0,519,1365,0,2627,fail,fail,1149,103,410,0,0,0,1246,42025,fail,208,0,105,0,1254,fail
 83365,0,42308,1169,848,1904,2379,529,fail,40868,fail,0,519,1365,0,2627,fail,fail,1149,103,410,0,0,0,1246,42025,fail,208,0,105,0,1254,fail
 83370,0,42308,1169,848,1904,2379,529,fail,40868,fail,0,519,1365,0,2627,fail,fail,1149,103,410,0,0,0,1246,42025,fail,208,0,105,0,1254,fail
 83375,0,42308,1169,848,1904,2379,529,fail,40868,fail,0,519,1365,0,2627,fail,fail,1149,103,410,0,0,0,1246,42025,fail,208,0,105,0,1254,fail
 83380,0,42308,1169,848,1904,2379,529,fail,40868,fail,0,519,1365,0,2627,fail,fail,1149,103,410,0,0,0,1246,42025,fail,208,0,105,0,1254,fail
 83385,0,42308,1169,848,1904,2379,529,fail,40868,fail,0,519,1365,0,2627,fail,fail,1149,103,410,0,0,0,1246,42025,fail,208,0,105,0,1254,fail
 83390,0,42308,1169,848,1904,2379,529,fail,40868,fail,0,519,1365,0,2627,fail,fail,1149,103,410,0,0,0,1246,42025,fail,208,0,105,0,1254,fail
 83395,0,42308,1169,848,1904,2379,529,fail,40868,fail,0,519,1365,0,2627,fail,fail,1149,103,410,0,0,0,1246,42025,fail,208,0,105,0,1254,fail
 83400,0,42308,1169,848,1904,2379,529,fail,40868,fail,0,519,1365,0,2627,fail,fail,1149,103,410,0,0,0,1246,42025,fail,208,0,105,0,1254,fail
 83405,0,42308,1169,848,1904,2379,529,fail,40868,fail,0,519,1365,0,2627,fail,fail,1149,103,410,0,0,0,1246,42025,fail,208,0,105,0,1254,fail
 83410,0,42308,1169,848,1904,2379,529,fail,40868,fail,0,519,1365,0,2627,fail,fail,1149,103,410,0,0,0,1246,42025,fail,208,0,105,0,1254,fail
 83415,0,42308,1169,848,1904,2379,529,fail,40868,fail,0,519,1365,0,2627,fail,fail,1149,103,410,0,0,0,1246,42025,fail,208,0,105,0,1254,fail
 83420,0,42308,1169,848,1904,2379,529,fail,40868,fail,0,519,1365,0,2627,fail,fail,1149,103,410,0,0,0,1246,42025,fail,208,0,105,0,1254,fail
 83425,0,42308,1169,848,1904,2379,529,fail,40868,fail,0,519,1365,0,2627,fail,fail,1149,103,410,0,0,0,1246,42025,fail,208,0,105,0,1254,fail
 83430,0,42308,1169,848,1904,2379,529,fail,40868,fail,0,519,1365,0,2627,fail,fail,1149,103,410,0,0,0,1246,42025,fail,208,0,105,0,1254,fail
 83435,0,42308,1169,848,1904,2379,529,fail,40868,fail,0,519,1365,0,2627,fail,fail,1149,103,410,0,0,0,1246,42025,fail,208,0,105,0,1254,fail
 83440,0,42308,1169,848,1904,2379,529,fail,40868,fail,0,519,1365,0,2627,fail,fail,1149,103,410,0,0,0,1246,42025,fail,208,0,105,0,1254,fail
 83445,0,42308,1169,848,1904,2379,529,fail,40868,fail,0,519,1365,0,2627,fail,fail,1149,103,410,0,0,0,1246,42025,fail,208,0,105,0,1254,fail
 83450,0,42308,1169,848,1904,2379,529,fail,40868,fail,0,519,1365,0,2627,fail,fail,1149,103,410,0,0,0,1246,42025,fail,208,0,105,0,1254,fail
 83455,0,42308,1169,848,1904,2379,529,fail,40868,fail,0,519,1365,0,2627,fail,fail,1149,103,410,0,0,0,1246,42025,fail,208,0,105,0,1254,fail
 83460,0,42308,1169,848,1904,2379,529,fail,40868,fail,0,519,1365,0,2627,fail,fail,1149,103,410,0,0,0,1246,42025,fail,208,0,105,0,1254,fail
 83465,0,42308,1169,848,1904,2379,529,fail,40868,fail,0,519,1365,0,2627,fail,fail,1149,103,410,0,0,0,1246,42025,fail,208,0,105,0,1254,fail
 83470,0,42308,1169,848,1904,2379,529,fail,40868,fail,0,519,1365,0,2627,fail,fail,1149,103,410,0,0,0,1246,42025,fail,208,0,105,0,1254,fail
 83475,0,42308,1169,848,1904,2379,529,fail,40868,fail,0,519,1365,0,2627,fail,fail,1149,103,410,0,0,0,1246,42025,fail,208,0,105,0,1254,fail
 83480,0,42308,1169,848,1904,2379,529,fail,40868,fail,0,519,1365,0,2627,fail,fail,1149,103,410,0,0,0,1246,42025,fail,208,0,105,0,1254,fail
 83485,0,42308,1169,848,1904,2379,529,fail,40868,fail,0,519,1365,0,2627,fail,fail,1149,103,410,0,0,0,1246,42025,fail,208,0,105,0,1254,fail
 83490,0,42308,1169,848,1904,2379,529,fail,40868,fail,0,519,1365,0,2627,fail,fail,1149,103,410,0,0,0,1246,42025,fail,208,0,105,0,1254,fail
 83495,0,42308,1169,848,1904,2379,529,fail,40868,fail,0,519,1365,0,2627,fail,fail,1149,103,410,0,0,0,1246,42025,fail,208,0,105,0,1254,fail
 83500,0,42308,1169,848,1904,2379,529,fail,40868,fail,0,519,1365,0,2627,fail,fail,1149,103,410,0,0,0,1246,42025,fail,208,0,105,0,1254,fail
 83505,0,42308,1169,848,1904,2379,529,fail,40868,fail,0,519,1365,0,2627,fail,fail,1149,103,410,0,0,0,1246,42025,fail,208,0,105,0,1254,fail
 83510,0,42308,1169,848,1904,2379,529,fail,40868,fail,0,519,1365,0,2627,fail,fail,1149,103,410,0,0,0,1246,42025,fail,208,0,105,0,1254,fail
 83515,0,42308,1169,848,1904,2379,529,fail,40868,fail,0,519,1365,0,2627,fail,fail,1149,103,410,0,0,0,1246,42025,fail,208,0,105,0,1254,fail
 83520,0,42308,1169,848,1904,2379,529,fail,40868,fail,0,519,1365,0,2627,fail,fail,1149,103,410,0,0,0,1246,42025,fail,208,0,105,0,1254,fail
 83525,0,42308,1169,848,1904,2379,529,fail,40868,fail,0,519,1365,0,2627,fail,fail,1149,103,410,0,0,0,1246,42025,fail,208,0,105,0,1254,fail
 83530,0,42308,1169,848,1904,2379,529,fail,40868,fail,0,519,1365,0,2627,fail,fail,1149,103,410,0,0,0,1246,42025,fail,208,0,105,0,1254,fail
 83535,0,42308,1169,848,1904,2379,529,fail,40868,fail,0,519,1365,0,2627,fail,fail,1149,103,410,0,0,0,1246,42025,fail,208,0,105,0,1254,fail
 83540,0,42308,1169,848,1904,2379,529,fail,40868,fail,0,519,1365,0,2627,fail,fail,1149,103,410,0,0,0,1246,42025,fail,208,0,105,0,1254,fail
 83545,0,42308,1169,848,1904,2379,529,fail,40868,fail,0,519,1365,0,2627,fail,fail,1149,103,410,0,0,0,1246,42025,fail,208,0,105,0,1254,fail
 83550,0,42308,1169,848,1904,2379,529,fail,40868,fail,0,519,1365,0,2627,fail,fail,1149,103,410,0,0,0,1246,42025,fail,208,0,105,0,1254,fail
 83555,0,42308,1169,848,1904,2379,529,fail,40868,fail,0,519,1365,0,2627,fail,fail,1149,103,410,0,0,0,1246,42025,fail,208,0,105,0,1254,fail
 83560,0,42308,1169,848,1904,2379,529,fail,40868,fail,0,519,1365,0,2627,fail,fail,1149,103,410,0,0,0,1246,42025,fail,208,0,105,0,1254,fail
 83565,0,42308,1169,848,1904,2379,529,fail,40868,fail,0,519,1365,0,2627,fail,fail,1149,103,410,0,0,0,1246,42025,fail,208,0,105,0,1254,fail
 83570,0,42308,1169,848,1904,2379,529,fail,40868,fail,0,519,1365,0,2627,fail,fail,1149,103,410,0,0,0,1246,42025,fail,208,0,105,0,1254,fail
 83575,0,42308,1169,848,1904,2379,529,fail,40868,fail,0,519,1365,0,2627,fail,fail,1149,103,410,0,0,0,1246,42025,fail,208,0,105,0,1254,fail
 83580,0,42308,1169,848,1904,2379,529,fail,40868,fail,0,519,1365,0,2627,fail,fail,1149,103,410,0,0,0,1246,42025,fail,208,0,105,0,1254,fail
 83585,0,42308,1169,848,1904,2379,529,fail,40868,fail,0,519,1365,0,2627,fail,fail,1149,103,410,0,0,0,1246,42025,fail,208,0,105,0,1254,fail
 83590,0,42308,1169,848,1904,2379,529,fail,40868,fail,0,519,1365,0,2627,fail,fail,1149,103,410,0,0,0,1246,42025,fail,208,0,105,0,1254,fail
 83595,0,42308,1169,848,1904,2379,529,fail,40868,fail,0,519,1365,0,2627,fail,fail,1149,103,410,0,0,0,1246,42025,fail,208,0,105,0,1254,fail
 83600,0,42308,1169,848,1904,2379,529,fail,40868,fail,0,519,1365,0,2627,fail,fail,1149,103,410,0,0,0,1246,42025,fail,208,0,105,0,1254,fail
 83605,0,42308,1169,848,1904,2379,529,fail,40868,fail,0,519,1365,0,2627,fail,fail,1149,103,410,0,0,0,1246,42025,fail,208,0,105,0,1254,fail
 83610,0,42308,1169,848,1904,2379,529,fail,40868,fail,0,519,1365,0,2627,fail,fail,1149,103,410,0,0,0,1246,42025,fail,208,0,105,0,1254,fail
 83615,0,42308,1169,848,1904,2379,529,fail,40868,fail,0,519,1365,0,2627,fail,fail,1149,103,410,0,0,0,1246,42025,fail,208,0,105,0,1254,fail
 83620,0,42308,1169,848,1904,2379,529,fail,40868,fail,0,519,1365,0,2627,fail,fail,1149,103,410,0,0,0,1246,42025,fail,208,0,105,0,1254,fail
 83625,0,42308,1169,848,1904,2379,529,fail,40868,fail,0,519,1365,0,2627,fail,fail,1149,103,410,0,0,0,1246,42025,fail,208,0,105,0,1254,fail
 83630,0,42308,1169,848,1904,2379,529,fail,40868,fail,0,519,1365,0,2627,fail,fail,1149,103,410,0,0,0,1246,42025,fail,208,0,105,0,1254,fail
 83635,0,42308,1169,848,1904,2379,529,fail,40868,fail,0,519,1365,0,2627,fail,fail,1149,103,410,0,0,0,1246,42025,fail,208,0,105,0,1254,fail
 83640,0,42308,1169,848,1904,2379,529,fail,40868,fail,0,519,1365,0,2627,fail,fail,1149,103,410,0,0,0,1246,42025,fail,208,0,105,0,1254,fail
 83645,0,42308,1169,848,1904,2379,529,fail,40868,fail,0,519,1365,0,2627,fail,fail,1149,103,410,0,0,0,1246,42025,fail,208,0,105,0,1254,fail
 83650,0,42308,1169,848,1904,2379,529,fail,40868,fail,0,519,1365,0,2627,fail,fail,1149,103,410,0,0,0,1246,42025,fail,208,0,105,0,1254,fail
 83655,0,42308,1169,848,1904,2379,529,fail,40868,fail,0,519,1365,0,2627,fail,fail,1149,103,410,0,0,0,1246,42025,fail,208,0,105,0,1254,fail
 83660,0,42308,1169,848,1904,2379,529,fail,40868,fail,0,519,1365,0,2627,fail,fail,1149,103,410,0,0,0,1246,42025,fail,208,0,105,0,1254,fail
 83665,0,42308,1169,848,1904,2379,529,fail,40868,fail,0,519,1365,0,2627,fail,fail,1149,103,410,0,0,0,1246,42025,fail,208,0,105,0,1254,fail
 83670,0,42308,1169,848,1904,2379,529,fail,40868,fail,0,519,1365,0,2627,fail,fail,1149,103,410,0,0,0,1246,42025,fail,208,0,105,0,1254,fail
 83675,0,42308,1169,848,1904,2379,529,fail,40868,fail,0,519,1365,0,2627,fail,fail,1149,103,410,0,0,0,1246,42025,fail,208,0,105,0,1254,fail
 83680,0,42308,1169,848,1904,2379,529,fail,40868,fail,0,519,1365,0,2627,fail,fail,1149,103,410,0,0,0,1246,42025,fail,208,0,105,0,1254,fail
 83685,0,42308,1169,848,1904,2379,529,fail,40868,fail,0,519,1365,0,2627,fail,fail,1149,103,410,0,0,0,1246,42025,fail,208,0,105,0,1254,fail
 83690,0,42308,1169,848,1904,2379,529,fail,40868,fail,0,519,1365,0,2627,fail,fail,1149,103,410,0,0,0,1246,42025,fail,208,0,105,0,1254,fail
 83695,0,42308,1169,848,1904,2379,529,fail,40868,fail,0,519,1365,0,2627,fail,fail,1149,103,410,0,0,0,1246,42025,fail,208,0,105,0,1254,fail
 83700,0,42308,1169,848,1904,2379,529,fail,40868,fail,0,519,1365,0,2627,fail,fail,1149,103,410,0,0,0,1246,42025,fail,208,0,105,0,1254,fail
 83705,0,42308,1169,848,1904,2379,529,fail,40868,fail,0,519,1365,0,2627,fail,fail,1149,103,410,0,0,0,1246,42025,fail,208,0,105,0,1254,fail
 83710,0,42308,1169,848,1904,2379,529,fail,40868,fail,0,519,1365,0,2627,fail,fail,1149,103,410,0,0,0,1246,42025,fail,208,0,105,0,1254,fail
 83715,0,42308,1169,848,1904,2379,529,fail,40868,fail,0,519,1365,0,2627,fail,fail,1149,103,410,0,0,0,1246,42025,fail,208,0,105,0,1254,fail
 83720,0,42308,1169,848,1904,2379,529,fail,40868,fail,0,519,1365,0,2627,fail,fail,1149,103,410,0,0,0,1246,42025,fail,208,0,105,0,1254,fail
 83725,0,42308,1169,848,1904,2379,529,fail,40868,fail,0,519,1365,0,2627,fail,fail,1149,103,410,0,0,0,1246,42025,fail,208,0,105,0,1254,fail
 83730,0,42308,1169,848,1904,2379,529,fail,40868,fail,0,519,1365,0,2627,fail,fail,1149,103,410,0,0,0,1246,42025,fail,208,0,105,0,1254,fail
 83735,0,42308,1169,848,1904,2379,529,fail,40868,fail,0,519,1365,0,2627,fail,fail,1149,103,410,0,0,0,1246,42025,fail,208,0,105,0,1254,fail
 83740,0,42308,1169,848,1904,2379,529,fail,40868,fail,0,519,1365,0,2627,fail,fail,1149,103,410,0,0,0,1246,42025,fail,208,0,105,0,1254,fail
 83745,0,42308,1169,848,1904,2379,529,fail,40868,fail,0,519,1365,0,2627,fail,fail,1149,103,410,0,0,0,1246,42025,fail,208,0,105,0,1254,fail
 83750,0,42308,1169,848,1904,2379,529,fail,40868,fail,0,519,1365,0,2627,fail,fail,1149,103,410,0,0,0,1246,42025,fail,208,0,105,0,1254,fail
 83755,0,42308,1169,848,1904,2379,529,fail,40868,fail,0,519,1365,0,2627,fail,fail,1149,103,410,0,0,0,1246,42025,fail,208,0,105,0,1254,fail
 83760,0,42308,1169,848,1904,2379,529,fail,40868,fail,0,519,1365,0,2627,fail,fail,1149,103,410,0,0,0,1246,42025,fail,208,0,105,0,1254,fail
 83765,0,42308,1169,848,1904,2379,529,fail,40868,fail,0,519,1365,0,2627,fail,fail,1149,103,410,0,0,0,1246,42025,fail,208,0,105,0,1254,fail
 83770,0,42308,1169,848,1904,2379,529,fail,40868,fail,0,519,1365,0,2627,fail,fail,1149,103,410,0,0,0,1246,42025,fail,208,0,105,0,1254,fail
 83775,0,42308,1169,848,1904,2379,529,fail,40868,fail,0,519,1365,0,2627,fail,fail,1149,103,410,0,0,0,1246,42025,fail,208,0,105,0,1254,fail
 83780,0,42308,1169,848,1904,2379,529,fail,40868,fail,0,519,1365,0,2627,fail,fail,1149,103,410,0,0,0,1246,42025,fail,208,0,105,0,1254,fail
 83785,0,42308,1169,848,1904,2379,529,fail,40868,fail,0,519,1365,0,2627,fail,fail,1149,103,410,0,0,0,1246,42025,fail,208,0,105,0,1254,fail
 83790,0,42308,1169,848,1904,2379,529,fail,40868,fail,0,519,1365,0,2627,fail,fail,1149,103,410,0,0,0,1246,42025,fail,208,0,105,0,1254,fail
 83795,0,42308,1169,848,1904,2379,529,fail,40868,fail,0,519,1365,0,2627,fail,fail,1149,103,410,0,0,0,1246,42025,fail,208,0,105,0,1254,fail
 83800,0,42308,1169,848,1904,2379,529,fail,40868,fail,0,519,1365,0,2627,fail,fail,1149,103,410,0,0,0,1246,42025,fail,208,0,105,0,1254,fail
 83805,0,42308,1169,848,1904,2379,529,fail,40868,fail,0,519,1365,0,2627,fail,fail,1149,103,410,0,0,0,1246,42025,fail,208,0,105,0,1254,fail
 83810,0,42308,1169,848,1904,2379,529,fail,40868,fail,0,519,1365,0,2627,fail,fail,1149,103,410,0,0,0,1246,42025,fail,208,0,105,0,1254,fail
 83815,0,42308,1169,848,1904,2379,529,fail,40868,fail,0,519,1365,0,2627,fail,fail,1149,103,410,0,0,0,1246,42025,fail,208,0,105,0,1254,fail
 83820,0,42309,1169,848,1904,2379,529,fail,40868,fail,0,519,1365,0,2627,fail,fail,1149,103,410,0,0,0,1246,42025,fail,208,0,105,0,1254,fail
 83825,0,42314,1169,848,1904,2379,529,fail,40868,fail,0,519,1365,0,2627,fail,fail,1149,103,410,0,0,0,1246,42025,fail,208,0,105,0,1254,fail
 83830,0,42319,1169,848,1904,2379,529,fail,40868,fail,0,519,1365,0,2627,fail,fail,1149,103,410,0,0,0,1246,42025,fail,208,0,105,0,1254,fail
 83835,0,42324,1169,848,1904,2379,529,fail,40868,fail,0,519,1365,0,2627,fail,fail,1149,103,410,0,0,0,1246,42025,fail,208,0,105,0,1254,fail
 83840,0,42329,1169,848,1904,2379,529,fail,40868,fail,0,519,1365,0,2627,fail,fail,1149,103,410,0,0,0,1246,42025,fail,208,0,105,0,1254,fail
 83845,0,42334,1169,848,1904,2379,529,fail,40868,fail,0,519,1365,0,2627,fail,fail,1149,103,410,0,0,0,1246,42025,fail,208,0,105,0,1254,fail
 83850,0,42339,1169,848,1904,2379,529,fail,40868,fail,0,519,1365,0,2627,fail,fail,1149,103,410,0,0,0,1246,42025,fail,208,0,105,0,1254,fail
 83855,0,42344,1169,848,1904,2379,529,fail,40868,fail,0,519,1365,0,2627,fail,fail,1149,103,410,0,0,0,1246,42025,fail,208,0,105,0,1254,fail
 83860,0,42349,1169,848,1904,2379,529,fail,40868,fail,0,519,1365,0,2627,fail,fail,1149,103,410,0,0,0,1246,42025,fail,208,0,105,0,1254,fail
 83865,0,42354,1169,848,1904,2379,529,fail,40868,fail,0,519,1365,0,2627,fail,fail,1149,103,410,0,0,0,1246,42025,fail,208,0,105,0,1254,fail
 83870,0,42359,1169,848,1904,2379,529,fail,40868,fail,0,519,1365,0,2627,fail,fail,1149,103,410,0,0,0,1246,42025,fail,208,0,105,0,1254,fail
 83875,0,42364,1169,848,1904,2379,529,fail,40868,fail,0,519,1365,0,2627,fail,fail,1149,103,410,0,0,0,1246,42025,fail,208,0,105,0,1254,fail
 83880,0,42369,1169,848,1904,2379,529,fail,40868,fail,0,519,1365,0,2627,fail,fail,1149,103,410,0,0,0,1246,42025,fail,208,0,105,0,1254,fail
 83885,0,42374,1169,848,1904,2379,529,fail,40868,fail,0,519,1365,0,2627,fail,fail,1149,103,410,0,0,0,1246,42025,fail,208,0,105,0,1254,fail
 83890,0,42379,1169,848,1904,2379,529,fail,40868,fail,0,519,1365,0,2627,fail,fail,1149,103,410,0,0,0,1246,42025,fail,208,0,105,0,1254,fail
 83895,0,42384,1169,848,1904,2379,529,fail,40868,fail,0,519,1365,0,2627,fail,fail,1149,103,410,0,0,0,1246,42025,fail,208,0,105,0,1254,fail
 83900,0,42389,1169,848,1904,2379,529,fail,40868,fail,0,519,1365,0,2627,fail,fail,1149,103,410,0,0,0,1246,42025,fail,208,0,105,0,1254,fail
 83905,0,42394,1169,848,1904,2379,529,fail,40868,fail,0,519,1365,0,2627,fail,fail,1149,103,410,0,0,0,1246,42025,fail,208,0,105,0,1254,fail
 83910,0,42399,1169,848,1904,2379,529,fail,40868,fail,0,519,1365,0,2627,fail,fail,1149,103,410,0,0,0,1246,42025,fail,208,0,105,0,1254,fail
 83915,0,42404,1169,848,1904,2379,529,fail,40868,fail,0,519,1365,0,2627,fail,fail,1149,103,410,0,0,0,1246,42025,fail,208,0,105,0,1254,fail
 83920,0,42409,1169,848,1904,2379,529,fail,40868,fail,0,519,1365,0,2627,fail,fail,1149,103,410,0,0,0,1246,42025,fail,208,0,105,0,1254,fail
 83925,0,42413,1169,848,1904,2379,529,fail,40868,fail,0,519,1365,0,2627,fail,fail,1149,103,410,0,0,0,1246,42025,fail,208,0,105,0,1254,fail
 83930,0,42413,1169,848,1904,2379,529,fail,40868,fail,0,519,1365,0,2627,fail,fail,1149,103,410,0,0,0,1246,42025,fail,208,0,105,0,1254,fail
 83935,0,42413,1169,848,1904,2379,529,fail,40868,fail,0,519,1365,0,2627,fail,fail,1149,103,410,0,0,0,1246,42025,fail,208,0,105,0,1254,fail
 83940,0,42413,1169,848,1904,2379,529,fail,40868,fail,0,519,1365,0,2627,fail,fail,1149,103,410,0,0,0,1246,42025,fail,208,0,105,0,1254,fail
 83945,0,42413,1169,848,1904,2379,529,fail,40868,fail,0,519,1365,0,2627,fail,fail,1149,103,410,0,0,0,1246,42025,fail,208,0,105,0,1254,fail
 83950,0,42413,1169,848,1904,2379,529,fail,40868,fail,0,519,1365,0,2627,fail,fail,1149,103,410,0,0,0,1246,42025,fail,208,0,105,0,1254,fail
 83955,0,42413,1169,848,1904,2379,529,fail,40868,fail,0,519,1365,0,2627,fail,fail,1149,103,410,0,0,0,1246,42025,fail,208,0,105,0,1254,fail
 83960,0,42413,1169,848,1904,2379,529,fail,40868,fail,0,519,1365,0,2627,fail,fail,1149,103,410,0,0,0,1246,42025,fail,208,0,105,0,1254,fail
 83965,0,42413,1169,848,1904,2379,529,fail,40868,fail,0,519,1365,0,2627,fail,fail,1149,103,410,0,0,0,1246,42025,fail,208,0,105,0,1254,fail
 83970,0,42413,1169,848,1904,2379,529,fail,40868,fail,0,519,1365,0,2627,fail,fail,1149,103,410,0,0,0,1246,42025,fail,208,0,105,0,1254,fail
 83975,0,42413,1169,848,1904,2379,529,fail,40868,fail,0,519,1365,0,2627,fail,fail,1149,103,410,0,0,0,1246,42025,fail,208,0,105,0,1254,fail
 83980,0,42413,1169,848,1904,2379,529,fail,40868,fail,0,519,1365,0,2627,fail,fail,1149,103,410,0,0,0,1246,42025,fail,208,0,105,0,1254,fail
 83985,0,42413,1169,848,1904,2379,529,fail,40868,fail,0,519,1365,0,2627,fail,fail,1149,103,410,0,0,0,1246,42025,fail,208,0,105,0,1254,fail
 83990,0,42413,1169,848,1904,2379,529,fail,40868,fail,0,519,1365,0,2627,fail,fail,1149,103,410,0,0,0,1246,42025,fail,208,0,105,0,1254,fail
 83995,0,42413,1169,848,1904,2379,529,fail,40868,fail,0,519,1365,0,2627,fail,fail,1149,103,410,0,0,0,1246,42025,fail,208,0,105,0,1254,fail
 84000,0,42413,1169,848,1904,2379,529,fail,40868,fail,0,519,1365,0,2627,fail,fail,1149,103,410,0,0,0,1246,42025,fail,208,0,105,0,1254,fail
 84005,0,42413,1169,848,1904,2379,529,fail,40868,fail,0,519,1365,0,2627,fail,fail,1149,103,410,0,0,0,1246,42025,fail,208,0,105,0,1254,fail
 84010,0,42413,1169,848,1904,2379,529,fail,40868,fail,0,519,1365,0,2627,fail,fail,1149,103,410,0,0,0,1246,42025,fail,208,0,105,0,1254,fail
 84015,0,42413,1169,848,1904,2379,529,fail,40868,fail,0,519,1365,0,2627,fail,fail,1149,103,410,0,0,0,1246,42025,fail,208,0,105,0,1254,fail
 84020,0,42413,1169,848,1904,2379,529,fail,40868,fail,0,519,1365,0,2627,fail,fail,1149,103,410,0,0,0,1246,42025,fail,208,0,105,0,1254,fail
 84025,0,42413,1169,848,1904,2379,529,fail,40868,fail,0,519,1365,0,2627,fail,fail,1149,103,410,0,0,0,1246,42025,fail,208,0,105,0,1254,fail
 84030,0,42413,1169,848,1904,2379,529,fail,40868,fail,0,519,1365,0,2627,fail,fail,1149,103,410,0,0,0,1246,42025,fail,208,0,105,0,1254,fail
 84035,0,42413,1169,848,1904,2379,529,fail,40868,fail,0,519,1365,0,2627,fail,fail,1149,103,410,0,0,0,1246,42025,fail,208,0,105,0,1254,fail
 84040,0,42413,1169,848,1904,2379,529,fail,40868,fail,0,519,1365,0,2627,fail,fail,1149,103,410,0,0,0,1246,42025,fail,208,0,105,0,1254,fail
 84045,0,42413,1169,848,1904,2379,529,fail,40868,fail,0,519,1365,0,2627,fail,fail,1149,103,410,0,0,0,1246,42025,fail,208,0,105,0,1254,fail
 84050,0,42413,1169,848,1904,2379,529,fail,40868,fail,0,519,1365,0,2627,fail,fail,1149,103,410,0,0,0,1246,42025,fail,208,0,105,0,1254,fail
 84055,0,42413,1169,848,1904,2379,529,fail,40868,fail,0,519,1365,0,2627,fail,fail,1149,103,410,0,0,0,1246,42025,fail,208,0,105,0,1254,fail
 84060,0,42413,1169,848,1904,2379,529,fail,40868,fail,0,519,1365,0,2627,fail,fail,1149,103,410,0,0,0,1246,42025,fail,208,0,105,0,1254,fail
 84065,0,42413,1169,848,1904,2379,529,fail,40868,fail,0,519,1365,0,2627,fail,fail,1149,103,410,0,0,0,1246,42025,fail,208,0,105,0,1254,fail
 84070,0,42413,1169,848,1904,2379,529,fail,40868,fail,0,519,1365,0,2627,fail,fail,1149,103,410,0,0,0,1246,42025,fail,208,0,105,0,1254,fail
 84075,0,42413,1169,848,1904,2379,529,fail,40868,fail,0,519,1365,0,2627,fail,fail,1149,103,410,0,0,0,1246,42025,fail,208,0,105,0,1254,fail
 84080,0,42413,1169,848,1904,2379,529,fail,40868,fail,0,519,1365,0,2627,fail,fail,1149,103,410,0,0,0,1246,42025,fail,208,0,105,0,1254,fail
 84085,0,42413,1169,848,1904,2379,529,fail,40868,fail,0,519,1365,0,2627,fail,fail,1149,103,410,0,0,0,1246,42025,fail,208,0,105,0,1254,fail
 84090,0,42413,1169,848,1904,2379,529,fail,40868,fail,0,519,1365,0,2627,fail,fail,1149,103,410,0,0,0,1246,42025,fail,208,0,105,0,1254,fail
 84095,0,42413,1169,848,1904,2379,529,fail,40868,fail,0,519,1365,0,2627,fail,fail,1149,103,410,0,0,0,1246,42025,fail,208,0,105,0,1254,fail
 84100,0,42413,1169,848,1904,2379,529,fail,40868,fail,0,519,1365,0,2627,fail,fail,1149,103,410,0,0,0,1246,42025,fail,208,0,105,0,1254,fail
 84105,0,42413,1169,848,1904,2379,529,fail,40868,fail,0,519,1365,0,2627,fail,fail,1149,103,410,0,0,0,1246,42025,fail,208,0,105,0,1254,fail
 84110,0,42413,1169,848,1904,2379,529,fail,40868,fail,0,519,1365,0,2627,fail,fail,1149,103,410,0,0,0,1246,42025,fail,208,0,105,0,1254,fail
 84115,0,42413,1169,848,1904,2379,529,fail,40868,fail,0,519,1365,0,2627,fail,fail,1149,103,410,0,0,0,1246,42025,fail,208,0,105,0,1254,fail
 84120,0,42413,1169,848,1904,2379,529,fail,40868,fail,0,519,1365,0,2627,fail,fail,1149,103,410,0,0,0,1246,42025,fail,208,0,105,0,1254,fail
 84125,0,42413,1169,848,1904,2379,529,fail,40868,fail,0,519,1365,0,2627,fail,fail,1149,103,410,0,0,0,1246,42025,fail,208,0,105,0,1254,fail
 84130,0,42413,1169,848,1904,2379,529,fail,40868,fail,0,519,1365,0,2627,fail,fail,1149,103,410,0,0,0,1246,42025,fail,208,0,105,0,1254,fail
 84135,0,42413,1169,848,1904,2379,529,fail,40868,fail,0,519,1365,0,2627,fail,fail,1149,103,410,0,0,0,1246,42025,fail,208,0,105,0,1254,fail
 84140,0,42413,1169,848,1904,2379,529,fail,40868,fail,0,519,1365,0,2627,fail,fail,1149,103,410,0,0,0,1246,42025,fail,208,0,105,0,1254,fail
 84145,0,42413,1169,848,1904,2379,529,fail,40868,fail,0,519,1365,0,2627,fail,fail,1149,103,410,0,0,0,1246,42025,fail,208,0,105,0,1254,fail
 84150,0,42413,1169,848,1904,2379,529,fail,40868,fail,0,519,1365,0,2627,fail,fail,1149,103,410,0,0,0,1246,42025,fail,208,0,105,0,1254,fail
 84155,0,42413,1169,848,1904,2379,529,fail,40868,fail,0,519,1365,0,2627,fail,fail,1149,103,410,0,0,0,1246,42025,fail,208,0,105,0,1254,fail
 84160,0,42413,1169,848,1904,2379,529,fail,40868,fail,0,519,1365,0,2627,fail,fail,1149,103,410,0,0,0,1246,42025,fail,208,0,105,0,1254,fail
 84165,0,42413,1169,848,1904,2379,529,fail,40868,fail,0,519,1365,0,2627,fail,fail,1149,103,410,0,0,0,1246,42025,fail,208,0,105,0,1254,fail
 84170,0,42413,1169,848,1904,2379,529,fail,40868,fail,0,519,1365,0,2627,fail,fail,1149,103,410,0,0,0,1246,42025,fail,208,0,105,0,1254,fail
 84175,0,42413,1169,848,1904,2379,529,fail,40868,fail,0,519,1365,0,2627,fail,fail,1149,103,410,0,0,0,1246,42025,fail,208,0,105,0,1254,fail
 84180,0,42413,1169,848,1904,2379,529,fail,40868,fail,0,519,1365,0,2627,fail,fail,1149,103,410,0,0,0,1246,42025,fail,208,0,105,0,1254,fail
 84185,0,42413,1169,848,1904,2379,529,fail,40868,fail,0,519,1365,0,2627,fail,fail,1149,103,410,0,0,0,1246,42025,fail,208,0,105,0,1254,fail
 84190,0,42413,1169,848,1904,2379,529,fail,40868,fail,0,519,1365,0,2627,fail,fail,1149,103,410,0,0,0,1246,42025,fail,208,0,105,0,1254,fail
 84195,0,42413,1169,848,1904,2379,529,fail,40868,fail,0,519,1365,0,2627,fail,fail,1149,103,410,0,0,0,1246,42025,fail,208,0,105,0,1254,fail
 84200,0,42413,1169,848,1904,2379,529,fail,40868,fail,0,519,1365,0,2627,fail,fail,1149,103,410,0,0,0,1246,42025,fail,208,0,105,0,1254,fail
 84205,0,42413,1169,848,1904,2379,529,fail,40868,fail,0,519,1365,0,2627,fail,fail,1149,103,410,0,0,0,1246,42025,fail,208,0,105,0,1254,fail
 84210,0,42413,1169,848,1904,2379,529,fail,40868,fail,0,519,1365,0,2627,fail,fail,1149,103,410,0,0,0,1246,42025,fail,208,0,105,0,1254,fail
 84215,0,42413,1169,848,1904,2379,529,fail,40868,fail,0,519,1365,0,2627,fail,fail,1149,103,410,0,0,0,1246,42025,fail,208,0,105,0,1254,fail
 84220,0,42413,1169,848,1904,2379,529,fail,40868,fail,0,519,1365,0,2627,fail,fail,1149,103,410,0,0,0,1246,42025,fail,208,0,105,0,1254,fail
 84225,0,42413,1169,848,1904,2379,529,fail,40868,fail,0,519,1365,0,2627,fail,fail,1149,103,410,0,0,0,1246,42025,fail,208,0,105,0,1254,fail
 84230,0,42413,1169,848,1904,2379,529,fail,40868,fail,0,519,1365,0,2627,fail,fail,1149,103,410,0,0,0,1246,42025,fail,208,0,105,0,1254,fail
 84235,0,42413,1169,848,1904,2379,529,fail,40868,fail,0,519,1365,0,2627,fail,fail,1149,103,410,0,0,0,1246,42025,fail,208,0,105,0,1254,fail
 84240,0,42413,1169,848,1904,2379,529,fail,40868,fail,0,519,1365,0,2627,fail,fail,1149,103,410,0,0,0,1246,42025,fail,208,0,105,0,1254,fail
 84245,0,42413,1169,848,1904,2379,529,fail,40868,fail,0,519,1365,0,2627,fail,fail,1149,103,410,0,0,0,1246,42025,fail,208,0,105,0,1254,fail
 84250,0,42413,1169,848,1904,2379,529,fail,40868,fail,0,519,1365,0,2627,fail,fail,1149,103,410,0,0,0,1246,42025,fail,208,0,105,0,1254,fail
 84255,0,42413,1169,848,1904,2379,529,fail,40868,fail,0,519,1365,0,2627,fail,fail,1149,103,410,0,0,0,1246,42025,fail,208,0,105,0,1254,fail
 84260,0,42413,1169,848,1904,2379,529,fail,40868,fail,0,519,1365,0,2627,fail,fail,1149,103,410,0,0,0,1246,42025,fail,208,0,105,0,1254,fail
 84265,0,42413,1169,848,1904,2379,529,fail,40868,fail,0,519,1365,0,2627,fail,fail,1149,103,410,0,0,0,1246,42025,fail,208,0,105,0,1254,fail
 84270,0,42413,1169,848,1904,2379,529,fail,40868,fail,0,519,1365,0,2627,fail,fail,1149,103,410,0,0,0,1246,42025,fail,208,0,105,0,1254,fail
 84275,0,42413,1169,848,1904,2379,529,fail,40868,fail,0,519,1365,0,2627,fail,fail,1149,103,410,0,0,0,1246,42025,fail,208,0,105,0,1254,fail
 84280,0,42413,1169,848,1904,2379,529,fail,40868,fail,0,519,1365,0,2627,fail,fail,1149,103,410,0,0,0,1246,42025,fail,208,0,105,0,1254,fail
 84285,0,42413,1169,848,1904,2379,529,fail,40868,fail,0,519,1365,0,2627,fail,fail,1149,103,410,0,0,0,1246,42025,fail,208,0,105,0,1254,fail
 84290,0,42413,1169,848,1904,2379,529,fail,40868,fail,0,519,1365,0,2627,fail,fail,1149,103,410,0,0,0,1246,42025,fail,208,0,105,0,1254,fail
 84295,0,42413,1169,848,1904,2379,529,fail,40868,fail,0,519,1365,0,2627,fail,fail,1149,103,410,0,0,0,1246,42025,fail,208,0,105,0,1254,fail
 84300,0,42413,1169,848,1904,2379,529,fail,40868,fail,0,519,1365,0,2627,fail,fail,1149,103,410,0,0,0,1246,42025,fail,208,0,105,0,1254,fail
 84305,0,42413,1169,848,1904,2379,529,fail,40868,fail,0,519,1365,0,2627,fail,fail,1149,103,410,0,0,0,1246,42025,fail,208,0,105,0,1254,fail
 84310,0,42413,1169,848,1904,2379,529,fail,40868,fail,0,519,1365,0,2627,fail,fail,1149,103,410,0,0,0,1246,42025,fail,208,0,105,0,1254,fail
 84315,0,42413,1169,848,1904,2379,529,fail,40868,fail,0,519,1365,0,2627,fail,fail,1149,103,410,0,0,0,1246,42025,fail,208,0,105,0,1254,fail
 84320,0,42413,1169,848,1904,2379,529,fail,40868,fail,0,519,1365,0,2627,fail,fail,1149,103,410,0,0,0,1246,42025,fail,208,0,105,0,1254,fail
 84325,0,42413,1169,848,1904,2379,529,fail,40868,fail,0,519,1365,0,2627,fail,fail,1149,103,410,0,0,0,1246,42025,fail,208,0,105,0,1254,fail
 84330,0,42413,1169,848,1904,2379,529,fail,40868,fail,0,519,1365,0,2627,fail,fail,1149,103,410,0,0,0,1246,42025,fail,208,0,105,0,1254,fail
 84335,0,42413,1169,848,1904,2379,529,fail,40868,fail,0,519,1365,0,2627,fail,fail,1149,103,410,0,0,0,1246,42025,fail,208,0,105,0,1254,fail
 84340,0,42413,1169,848,1904,2379,529,fail,40868,fail,0,519,1365,0,2627,fail,fail,1149,103,410,0,0,0,1246,42025,fail,208,0,105,0,1254,fail
 84345,0,42413,1169,848,1904,2379,529,fail,40868,fail,0,519,1365,0,2627,fail,fail,1149,103,410,0,0,0,1246,42025,fail,208,0,105,0,1254,fail
 84350,0,42413,1169,848,1904,2379,529,fail,40868,fail,0,519,1365,0,2627,fail,fail,1149,103,410,0,0,0,1246,42025,fail,208,0,105,0,1254,fail
 84355,0,42413,1169,848,1904,2379,529,fail,40868,fail,0,519,1365,0,2627,fail,fail,1149,103,410,0,0,0,1246,42025,fail,208,0,105,0,1254,fail
 84360,0,42413,1169,848,1904,2379,529,fail,40868,fail,0,519,1365,0,2627,fail,fail,1149,103,410,0,0,0,1246,42025,fail,208,0,105,0,1254,fail
 84365,0,42413,1169,848,1904,2379,529,fail,40868,fail,0,519,1365,0,2627,fail,fail,1149,103,410,0,0,0,1246,42025,fail,208,0,105,0,1254,fail
 84370,0,42413,1169,848,1904,2379,529,fail,40868,fail,0,519,1365,0,2627,fail,fail,1149,103,410,0,0,0,1246,42025,fail,208,0,105,0,1254,fail
 84375,0,42413,1169,848,1904,2379,529,fail,40868,fail,0,519,1365,0,2627,fail,fail,1149,103,410,0,0,0,1246,42025,fail,208,0,105,0,1254,fail
 84380,0,42413,1169,848,1904,2379,529,fail,40868,fail,0,519,1365,0,2627,fail,fail,1149,103,410,0,0,0,1246,42025,fail,208,0,105,0,1254,fail
 84385,0,42413,1169,848,1904,2379,529,fail,40868,fail,0,519,1365,0,2627,fail,fail,1149,103,410,0,0,0,1246,42025,fail,208,0,105,0,1254,fail
 84390,0,42413,1169,848,1904,2379,529,fail,40868,fail,0,519,1365,0,2627,fail,fail,1149,103,410,0,0,0,1246,42025,fail,208,0,105,0,1254,fail
 84395,0,42413,1169,848,1904,2379,529,fail,40868,fail,0,519,1365,0,2627,fail,fail,1149,103,410,0,0,0,1246,42025,fail,208,0,105,0,1254,fail
 84400,0,42413,1169,848,1904,2379,529,fail,40868,fail,0,519,1365,0,2627,fail,fail,1149,103,410,0,0,0,1246,42025,fail,208,0,105,0,1254,fail
 84405,0,42413,1169,848,1904,2379,529,fail,40868,fail,0,519,1365,0,2627,fail,fail,1149,103,410,0,0,0,1246,42025,fail,208,0,105,0,1254,fail
 84410,0,42413,1169,848,1904,2379,529,fail,40868,fail,0,519,1365,0,2627,fail,fail,1149,103,410,0,0,0,1246,42025,fail,208,0,105,0,1254,fail
 84415,0,42413,1169,848,1904,2379,529,fail,40868,fail,0,519,1365,0,2627,fail,fail,1149,103,410,0,0,0,1246,42025,fail,208,0,105,0,1254,fail
 84420,0,42413,1169,848,1904,2379,529,fail,40868,fail,0,519,1365,0,2627,fail,fail,1149,103,410,0,0,0,1246,42025,fail,208,0,105,0,1254,fail
 84425,0,42413,1169,848,1904,2379,529,fail,40868,fail,0,519,1365,0,2627,fail,fail,1149,103,410,0,0,0,1246,42025,fail,208,0,105,0,1254,fail
 84430,0,42413,1169,848,1904,2379,529,fail,40868,fail,0,519,1365,0,2627,fail,fail,1149,103,410,0,0,0,1246,42025,fail,208,0,105,0,1254,fail
 84435,0,42413,1169,848,1904,2379,529,fail,40868,fail,0,519,1365,0,2627,fail,fail,1149,103,410,0,0,0,1246,42025,fail,208,0,105,0,1254,fail
 84440,0,42413,1169,848,1904,2379,529,fail,40868,fail,0,519,1365,0,2627,fail,fail,1149,103,410,0,0,0,1246,42025,fail,208,0,105,0,1254,fail
 84445,0,42413,1169,848,1904,2379,529,fail,40868,fail,0,519,1365,0,2627,fail,fail,1149,103,410,0,0,0,1246,42025,fail,208,0,105,0,1254,fail
 84450,0,42413,1169,848,1904,2379,529,fail,40868,fail,0,519,1365,0,2627,fail,fail,1149,103,410,0,0,0,1246,42025,fail,208,0,105,0,1254,fail
 84455,0,42413,1169,848,1904,2379,529,fail,40868,fail,0,519,1365,0,2627,fail,fail,1149,103,410,0,0,0,1246,42025,fail,208,0,105,0,1254,fail
 84460,0,42413,1169,848,1904,2379,529,fail,40868,fail,0,519,1365,0,2627,fail,fail,1149,103,410,0,0,0,1246,42025,fail,208,0,105,0,1254,fail
 84465,0,42413,1169,848,1904,2379,529,fail,40868,fail,0,519,1365,0,2627,fail,fail,1149,103,410,0,0,0,1246,42025,fail,208,0,105,0,1254,fail
 84470,0,42413,1169,848,1904,2379,529,fail,40868,fail,0,519,1365,0,2627,fail,fail,1149,103,410,0,0,0,1246,42025,fail,208,0,105,0,1254,fail
 84475,0,42413,1169,848,1904,2379,529,fail,40868,fail,0,519,1365,0,2627,fail,fail,1149,103,410,0,0,0,1246,42025,fail,208,0,105,0,1254,fail
 84480,0,42413,1169,848,1904,2379,529,fail,40868,fail,0,519,1365,0,2627,fail,fail,1149,103,410,0,0,0,1246,42025,fail,208,0,105,0,1254,fail
 84485,0,42413,1169,848,1904,2379,529,fail,40868,fail,0,519,1365,0,2627,fail,fail,1149,103,410,0,0,0,1246,42025,fail,208,0,105,0,1254,fail
 84490,0,42413,1169,848,1904,2379,529,fail,40868,fail,0,519,1365,0,2627,fail,fail,1149,103,410,0,0,0,1246,42025,fail,208,0,105,0,1254,fail
 84495,0,42413,1169,848,1904,2379,529,fail,40868,fail,0,519,1365,0,2627,fail,fail,1149,103,410,0,0,0,1246,42025,fail,208,0,105,0,1254,fail
 84500,0,42413,1169,848,1904,2379,529,fail,40868,fail,0,519,1365,0,2627,fail,fail,1149,103,410,0,0,0,1246,42025,fail,208,0,105,0,1254,fail
 84505,0,42413,1169,848,1904,2379,529,fail,40868,fail,0,519,1365,0,2627,fail,fail,1149,103,410,0,0,0,1246,42025,fail,208,0,105,0,1254,fail
 84510,0,42413,1169,848,1904,2379,529,fail,40868,fail,0,519,1365,0,2627,fail,fail,1149,103,410,0,0,0,1246,42025,fail,208,0,105,0,1254,fail
 84515,0,42413,1169,848,1904,2379,529,fail,40868,fail,0,519,1365,0,2627,fail,fail,1149,103,410,0,0,0,1246,42025,fail,208,0,105,0,1254,fail
 84520,0,42413,1169,848,1904,2379,529,fail,40868,fail,0,519,1365,0,2627,fail,fail,1149,103,410,0,0,0,1246,42025,fail,208,0,105,0,1254,fail
 84525,0,42413,1169,848,1904,2379,529,fail,40868,fail,0,519,1365,0,2627,fail,fail,1149,103,410,0,0,0,1246,42025,fail,208,0,105,0,1254,fail
 84530,0,42413,1169,848,1904,2379,529,fail,40868,fail,0,519,1365,0,2627,fail,fail,1149,103,410,0,0,0,1246,42025,fail,208,0,105,0,1254,fail
 84535,0,42413,1169,848,1904,2379,529,fail,40868,fail,0,519,1365,0,2627,fail,fail,1149,103,410,0,0,0,1246,42025,fail,208,0,105,0,1254,fail
 84540,0,42413,1169,848,1904,2379,529,fail,40868,fail,0,519,1365,0,2627,fail,fail,1149,103,410,0,0,0,1246,42025,fail,208,0,105,0,1254,fail
 84545,0,42413,1169,848,1904,2379,529,fail,40868,fail,0,519,1365,0,2627,fail,fail,1149,103,410,0,0,0,1246,42025,fail,208,0,105,0,1254,fail
 84550,0,42413,1169,848,1904,2379,529,fail,40868,fail,0,519,1365,0,2627,fail,fail,1149,103,410,0,0,0,1246,42025,fail,208,0,105,0,1254,fail
 84555,0,42413,1169,848,1904,2379,529,fail,40868,fail,0,519,1365,0,2627,fail,fail,1149,103,410,0,0,0,1246,42025,fail,208,0,105,0,1254,fail
 84560,0,42413,1169,848,1904,2379,529,fail,40868,fail,0,519,1365,0,2627,fail,fail,1149,103,410,0,0,0,1246,42025,fail,208,0,105,0,1254,fail
 84565,0,42413,1169,848,1904,2379,529,fail,40868,fail,0,519,1365,0,2627,fail,fail,1149,103,410,0,0,0,1246,42025,fail,208,0,105,0,1254,fail
 84570,0,42413,1169,848,1904,2379,529,fail,40868,fail,0,519,1365,0,2627,fail,fail,1149,103,410,0,0,0,1246,42025,fail,208,0,105,0,1254,fail
 84575,0,42415,1169,848,1904,2379,529,fail,40868,fail,0,519,1365,0,2627,fail,fail,1149,103,410,0,0,0,1246,42025,fail,208,0,105,0,1254,fail
 84580,0,42420,1169,848,1904,2379,529,fail,40868,fail,0,519,1365,0,2627,fail,fail,1149,103,410,0,0,0,1246,42025,fail,208,0,105,0,1254,fail
 84585,0,42425,1169,848,1904,2379,529,fail,40868,fail,0,519,1365,0,2627,fail,fail,1149,103,410,0,0,0,1246,42025,fail,208,0,105,0,1254,fail
 84590,0,42430,1169,848,1904,2379,529,fail,40868,fail,0,519,1365,0,2627,fail,fail,1149,103,410,0,0,0,1246,42025,fail,208,0,105,0,1254,fail
 84595,0,42435,1169,848,1904,2379,529,fail,40868,fail,0,519,1365,0,2627,fail,fail,1149,103,410,0,0,0,1246,42025,fail,208,0,105,0,1254,fail
 84600,0,42440,1169,848,1904,2379,529,fail,40868,fail,0,519,1365,0,2627,fail,fail,1149,103,410,0,0,0,1246,42025,fail,208,0,105,0,1254,fail
 84605,0,42445,1169,848,1904,2379,529,fail,40868,fail,0,519,1365,0,2627,fail,fail,1149,103,410,0,0,0,1246,42025,fail,208,0,105,0,1254,fail
 84610,0,42450,1169,848,1904,2379,529,fail,40868,fail,0,519,1365,0,2627,fail,fail,1149,103,410,0,0,0,1246,42025,fail,208,0,105,0,1254,fail
 84615,0,42455,1169,848,1904,2379,529,fail,40868,fail,0,519,1365,0,2627,fail,fail,1149,103,410,0,0,0,1246,42025,fail,208,0,105,0,1254,fail
 84620,0,42460,1169,848,1904,2379,529,fail,40868,fail,0,519,1365,0,2627,fail,fail,1149,103,410,0,0,0,1246,42025,fail,208,0,105,0,1254,fail
 84625,0,42465,1169,848,1904,2379,529,fail,40868,fail,0,519,1365,0,2627,fail,fail,1149,103,410,0,0,0,1246,42025,fail,208,0,105,0,1254,fail
 84630,0,42470,1169,848,1904,2379,529,fail,40868,fail,0,519,1365,0,2627,fail,fail,1149,103,410,0,0,0,1246,42025,fail,208,0,105,0,1254,fail
 84635,0,42475,1169,848,1904,2379,529,fail,40868,fail,0,519,1365,0,2627,fail,fail,1149,103,410,0,0,0,1246,42025,fail,208,0,105,0,1254,fail
 84640,0,42480,1169,848,1904,2379,529,fail,40868,fail,0,519,1365,0,2627,fail,fail,1149,103,410,0,0,0,1246,42025,fail,208,0,105,0,1254,fail
 84645,0,42485,1169,848,1904,2379,529,fail,40868,fail,0,519,1365,0,2627,fail,fail,1149,103,410,0,0,0,1246,42025,fail,208,0,105,0,1254,fail
 84650,0,42490,1169,848,1904,2379,529,fail,40868,fail,0,519,1365,0,2627,fail,fail,1149,103,410,0,0,0,1246,42025,fail,208,0,105,0,1254,fail
 84655,0,42495,1169,848,1904,2379,529,fail,40868,fail,0,519,1365,0,2627,fail,fail,1149,103,410,0,0,0,1246,42025,fail,208,0,105,0,1254,fail
 84660,0,42500,1169,848,1904,2379,529,fail,40868,fail,0,519,1365,0,2627,fail,fail,1149,103,410,0,0,0,1246,42025,fail,208,0,105,0,1254,fail
 84665,0,42505,1169,848,1904,2379,529,fail,40868,fail,0,519,1365,0,2627,fail,fail,1149,103,410,0,0,0,1246,42025,fail,208,0,105,0,1254,fail
 84670,0,42510,1169,848,1904,2379,529,fail,40868,fail,0,519,1365,0,2627,fail,fail,1149,103,410,0,0,0,1246,42025,fail,208,0,105,0,1254,fail
 84675,0,42515,1169,848,1904,2379,529,fail,40868,fail,0,519,1365,0,2627,fail,fail,1149,103,410,0,0,0,1246,42025,fail,208,0,105,0,1254,fail
 84680,0,42518,1169,848,1904,2379,529,fail,40868,fail,0,519,1365,0,2627,fail,fail,1149,103,410,0,0,0,1246,42025,fail,208,0,105,0,1254,fail
 84685,0,42518,1169,848,1904,2379,529,fail,fail,fail,0,519,1365,0,2627,fail,fail,1149,103,410,0,0,0,1246,42025,fail,208,0,105,0,1254,fail
 84690,0,42518,1169,848,1904,2379,529,fail,fail,fail,0,519,1365,0,2627,fail,fail,1149,103,410,0,0,0,1246,42025,fail,208,0,105,0,1254,fail
 84695,0,42518,1169,848,1904,2379,529,fail,fail,fail,0,519,1365,0,2627,fail,fail,1149,103,410,0,0,0,1246,42025,fail,208,0,105,0,1254,fail
 84700,0,42518,1169,848,1904,2379,529,fail,fail,fail,0,519,1365,0,2627,fail,fail,1149,103,410,0,0,0,1246,42025,fail,208,0,105,0,1254,fail
 84705,0,42518,1169,848,1904,2379,529,fail,fail,fail,0,519,1365,0,2627,fail,fail,1149,103,410,0,0,0,1246,42025,fail,208,0,105,0,1254,fail
 84710,0,42518,1169,848,1904,2379,529,fail,fail,fail,0,519,1365,0,2627,fail,fail,1149,103,410,0,0,0,1246,42025,fail,208,0,105,0,1254,fail
 84715,0,42518,1169,848,1904,2379,529,fail,fail,fail,0,519,1365,0,2627,fail,fail,1149,103,410,0,0,0,1246,42025,fail,208,0,105,0,1254,fail
 84720,0,42518,1169,848,1904,2379,529,fail,fail,fail,0,519,1365,0,2627,fail,fail,1149,103,410,0,0,0,1246,42025,fail,208,0,105,0,1254,fail
 84725,0,42518,1169,848,1904,2379,529,fail,fail,fail,0,519,1365,0,2627,fail,fail,1149,103,410,0,0,0,1246,42025,fail,208,0,105,0,1254,fail
 84730,0,42518,1169,848,1904,2379,529,fail,fail,fail,0,519,1365,0,2627,fail,fail,1149,103,410,0,0,0,1246,42025,fail,208,0,105,0,1254,fail
 84735,0,fail,1169,848,1904,2379,529,fail,fail,fail,0,519,1365,0,2627,fail,fail,1149,103,410,0,0,0,1246,42025,fail,208,0,105,0,1254,fail
 84740,0,fail,1169,848,1904,2379,529,fail,fail,fail,0,519,1365,0,2627,fail,fail,1149,103,410,0,0,0,1246,42025,fail,208,0,105,0,1254,fail
 84745,0,fail,1169,848,1904,2379,529,fail,fail,fail,0,519,1365,0,2627,fail,fail,1149,103,410,0,0,0,1246,42025,fail,208,0,105,0,1254,fail
 84750,0,fail,1169,848,1904,2379,529,fail,fail,fail,0,519,1365,0,2627,fail,fail,1149,103,410,0,0,0,1246,42025,fail,208,0,105,0,1254,fail
 84755,0,fail,1169,848,1904,2379,529,fail,fail,fail,0,519,1365,0,2627,fail,fail,1149,103,410,0,0,0,1246,42025,fail,208,0,105,0,1254,fail
 84760,0,fail,1169,848,1904,2379,529,fail,fail,fail,0,519,1365,0,2627,fail,fail,1149,103,410,0,0,0,1246,42025,fail,208,0,105,0,1254,fail
 84765,0,fail,1169,848,1904,2379,529,fail,fail,fail,0,519,1365,0,2627,fail,fail,1149,103,410,0,0,0,1246,42025,fail,208,0,105,0,1254,fail
 84770,0,fail,1169,848,1904,2379,529,fail,fail,fail,0,519,1365,0,2627,fail,fail,1149,103,410,0,0,0,1246,42025,fail,208,0,105,0,1254,fail
 84775,0,fail,1169,848,1904,2379,529,fail,fail,fail,0,519,1365,0,2627,fail,fail,1149,103,410,0,0,0,1246,42025,fail,208,0,105,0,1254,fail
 84780,0,fail,1169,848,1904,2379,529,fail,fail,fail,0,519,1365,0,2627,fail,fail,1149,103,410,0,0,0,1246,42025,fail,208,0,105,0,1254,fail
 84785,0,fail,1169,848,1904,2379,529,fail,fail,fail,0,519,1365,0,2627,fail,fail,1149,103,410,0,0,0,1246,42025,fail,208,0,105,0,1254,fail
 84790,0,fail,1169,848,1904,2379,529,fail,fail,fail,0,519,1365,0,2627,fail,fail,1149,103,410,0,0,0,1246,42025,fail,208,0,105,0,1254,fail
 84795,0,fail,1169,848,1904,2379,529,fail,fail,fail,0,519,1365,0,2627,fail,fail,1149,103,410,0,0,0,1246,42025,fail,208,0,105,0,1254,fail
 84800,0,fail,1169,848,1904,2379,529,fail,fail,fail,0,519,1365,0,2627,fail,fail,1149,103,410,0,0,0,1246,42025,fail,208,0,105,0,1254,fail
 84805,0,fail,1169,848,1904,2379,529,fail,fail,fail,0,519,1365,0,2627,fail,fail,1149,103,410,0,0,0,1246,42025,fail,208,0,105,0,1254,fail
 84810,0,fail,1169,848,1904,2379,529,fail,fail,fail,0,519,1365,0,2627,fail,fail,1149,103,410,0,0,0,1246,42025,fail,208,0,105,0,1254,fail
 84815,0,fail,1169,848,1904,2379,529,fail,fail,fail,0,519,1365,0,2627,fail,fail,1149,103,410,0,0,0,1246,42025,fail,208,0,105,0,1254,fail
 84820,0,fail,1169,848,1904,2379,529,fail,fail,fail,0,519,1365,0,2627,fail,fail,1149,103,410,0,0,0,1246,42025,fail,208,0,105,0,1254,fail
 84825,0,fail,1169,848,1904,2379,529,fail,fail,fail,0,519,1365,0,2627,fail,fail,1149,103,410,0,0,0,1246,42025,fail,208,0,105,0,1254,fail
 84830,0,fail,1169,848,1904,2379,529,fail,fail,fail,0,519,1365,0,2627,fail,fail,1149,103,410,0,0,0,1246,42025,fail,208,0,105,0,1254,fail
 84835,0,fail,1169,848,1904,2379,529,fail,fail,fail,0,519,1365,0,2627,fail,fail,1149,103,410,0,0,0,1246,42025,fail,208,0,105,0,1254,fail
 84840,0,fail,1169,848,1904,2379,529,fail,fail,fail,0,519,1365,0,2627,fail,fail,1149,103,410,0,0,0,1246,42025,fail,208,0,105,0,1254,fail
 84845,0,fail,1169,848,1904,2379,529,fail,fail,fail,0,519,1365,0,2627,fail,fail,1149,103,410,0,0,0,1246,42025,fail,208,0,105,0,1254,fail
 84850,0,fail,1169,848,1904,2379,529,fail,fail,fail,0,519,1365,0,2627,fail,fail,1149,103,410,0,0,0,1246,42025,fail,208,0,105,0,1254,fail
 84855,0,fail,1169,848,1904,2379,529,fail,fail,fail,0,519,1365,0,2627,fail,fail,1149,103,410,0,0,0,1246,42025,fail,208,0,105,0,1254,fail
 84860,0,fail,1169,848,1904,2379,529,fail,fail,fail,0,519,1365,0,2627,fail,fail,1149,103,410,0,0,0,1246,42025,fail,208,0,105,0,1254,fail
 84865,0,fail,1169,848,1904,2379,529,fail,fail,fail,0,519,1365,0,2627,fail,fail,1149,103,410,0,0,0,1246,42025,fail,208,0,105,0,1254,fail
 84870,0,fail,1169,848,1904,2379,529,fail,fail,fail,0,519,1365,0,2627,fail,fail,1149,103,410,0,0,0,1246,42025,fail,208,0,105,0,1254,fail
 84875,0,fail,1169,848,1904,2379,529,fail,fail,fail,0,519,1365,0,2627,fail,fail,1149,103,410,0,0,0,1246,42025,fail,208,0,105,0,1254,fail
 84880,0,fail,1169,848,1904,2379,529,fail,fail,fail,0,519,1365,0,2627,fail,fail,1149,103,410,0,0,0,1246,42025,fail,208,0,105,0,1254,fail
 84885,0,fail,1169,848,1904,2379,529,fail,fail,fail,0,519,1365,0,2627,fail,fail,1149,103,410,0,0,0,1246,42025,fail,208,0,105,0,1254,fail
 84890,0,fail,1169,848,1904,2379,529,fail,fail,fail,0,519,1365,0,2627,fail,fail,1149,103,410,0,0,0,1246,42025,fail,208,0,105,0,1254,fail
 84895,0,fail,1169,848,1904,2379,529,fail,fail,fail,0,519,1365,0,2627,fail,fail,1149,103,410,0,0,0,1246,42025,fail,208,0,105,0,1254,fail
 84900,0,fail,1169,848,1904,2379,529,fail,fail,fail,0,519,1365,0,2627,fail,fail,1149,103,410,0,0,0,1246,42025,fail,208,0,105,0,1254,fail
 84905,0,fail,1169,848,1904,2379,529,fail,fail,fail,0,519,1365,0,2627,fail,fail,1149,103,410,0,0,0,1246,42025,fail,208,0,105,0,1254,fail
 84910,0,fail,1169,848,1904,2379,529,fail,fail,fail,0,519,1365,0,2627,fail,fail,1149,103,410,0,0,0,1246,42025,fail,208,0,105,0,1254,fail
 84915,0,fail,1169,848,1904,2379,529,fail,fail,fail,0,519,1365,0,2627,fail,fail,1149,103,410,0,0,0,1246,42025,fail,208,0,105,0,1254,fail
 84920,0,fail,1169,848,1904,2379,529,fail,fail,fail,0,519,1365,0,2627,fail,fail,1149,103,410,0,0,0,1246,42025,fail,208,0,105,0,1254,fail
 84925,0,fail,1169,848,1904,2379,529,fail,fail,fail,0,519,1365,0,2627,fail,fail,1149,103,410,0,0,0,1246,42025,fail,208,0,105,0,1254,fail
 84930,0,fail,1169,848,1904,2379,529,fail,fail,fail,0,519,1365,0,2627,fail,fail,1149,103,410,0,0,0,1246,42025,fail,208,0,105,0,1254,fail
 84935,0,fail,1169,848,1904,2379,529,fail,fail,fail,0,519,1365,0,2627,fail,fail,1149,103,410,0,0,0,1246,42025,fail,208,0,105,0,1254,fail
 84940,0,fail,1169,848,1904,2379,529,fail,fail,fail,0,519,1365,0,2627,fail,fail,1149,103,410,0,0,0,1246,42025,fail,208,0,105,0,1254,fail
 84945,0,fail,1169,848,1904,2379,529,fail,fail,fail,0,519,1365,0,2627,fail,fail,1149,103,410,0,0,0,1246,42025,fail,208,0,105,0,1254,fail
 84950,0,fail,1169,848,1904,2379,529,fail,fail,fail,0,519,1365,0,2627,fail,fail,1149,103,410,0,0,0,1246,42025,fail,208,0,105,0,1254,fail
 84955,0,fail,1169,848,1904,2379,529,fail,fail,fail,0,519,1365,0,2627,fail,fail,1149,103,410,0,0,0,1246,42025,fail,208,0,105,0,1254,fail
 84960,0,fail,1169,848,1904,2379,529,fail,fail,fail,0,519,1365,0,2627,fail,fail,1149,103,410,0,0,0,1246,42025,fail,208,0,105,0,1254,fail
 84965,0,fail,1169,848,1904,2379,529,fail,fail,fail,0,519,1365,0,2627,fail,fail,1149,103,410,0,0,0,1246,42025,fail,208,0,105,0,1254,fail
 84970,0,fail,1169,848,1904,2379,529,fail,fail,fail,0,519,1365,0,2627,fail,fail,1149,103,410,0,0,0,1246,42025,fail,208,0,105,0,1254,fail
 84975,0,fail,1169,848,1904,2379,529,fail,fail,fail,0,519,1365,0,2627,fail,fail,1149,103,410,0,0,0,1246,42025,fail,208,0,105,0,1254,fail
 84980,0,fail,1169,848,1904,2379,529,fail,fail,fail,0,519,1365,0,2627,fail,fail,1149,103,410,0,0,0,1246,42025,fail,208,0,105,0,1254,fail
 84985,0,fail,1169,848,1904,2379,529,fail,fail,fail,0,519,1365,0,2627,fail,fail,1149,103,410,0,0,0,1246,42025,fail,208,0,105,0,1254,fail
 84990,0,fail,1169,848,1904,2379,529,fail,fail,fail,0,519,1365,0,2627,fail,fail,1149,103,410,0,0,0,1246,42025,fail,208,0,105,0,1254,fail
 84995,0,fail,1169,848,1904,2379,529,fail,fail,fail,0,519,1365,0,2627,fail,fail,1149,103,410,0,0,0,1246,42025,fail,208,0,105,0,1254,fail
 85000,0,fail,1169,848,1904,2379,529,fail,fail,fail,0,519,1365,0,2627,fail,fail,1149,103,410,0,0,0,1246,42025,fail,208,0,105,0,1254,fail
 85005,0,fail,1169,848,1904,2379,529,fail,fail,fail,0,519,1365,0,2627,fail,fail,1149,103,410,0,0,0,1246,42025,fail,208,0,105,0,1254,fail
 85010,0,fail,1169,848,1904,2379,529,fail,fail,fail,0,519,1365,0,2627,fail,fail,1149,103,410,0,0,0,1246,42025,fail,208,0,105,0,1254,fail
 85015,0,fail,1169,848,1904,2379,529,fail,fail,fail,0,519,1365,0,2627,fail,fail,1149,103,410,0,0,0,1246,42025,fail,208,0,105,0,1254,fail
 85020,0,fail,1169,848,1904,2379,529,fail,fail,fail,0,519,1365,0,2627,fail,fail,1149,103,410,0,0,0,1246,42025,fail,208,0,105,0,1254,fail
 85025,0,fail,1169,848,1904,2379,529,fail,fail,fail,0,519,1365,0,2627,fail,fail,1149,103,410,0,0,0,1246,42025,fail,208,0,105,0,1254,fail
 85030,0,fail,1169,848,1904,2379,529,fail,fail,fail,0,519,1365,0,2627,fail,fail,1149,103,410,0,0,0,1246,42025,fail,208,0,105,0,1254,fail
 85035,0,fail,1169,848,1904,2379,529,fail,fail,fail,0,519,1365,0,2627,fail,fail,1149,103,410,0,0,0,1246,42025,fail,208,0,105,0,1254,fail
 85040,0,fail,1169,848,1904,2379,529,fail,fail,fail,0,519,1365,0,2627,fail,fail,1149,103,410,0,0,0,1246,42025,fail,208,0,105,0,1254,fail
 85045,0,fail,1169,848,1904,2379,529,fail,fail,fail,0,519,1365,0,2627,fail,fail,1149,103,410,0,0,0,1246,42025,fail,208,0,105,0,1254,fail
 85050,0,fail,1169,848,1904,2379,529,fail,fail,fail,0,519,1365,0,2627,fail,fail,1149,103,410,0,0,0,1246,42025,fail,208,0,105,0,1254,fail
 85055,0,fail,1169,848,1904,2379,529,fail,fail,fail,0,519,1365,0,2627,fail,fail,1149,103,410,0,0,0,1246,42025,fail,208,0,105,0,1254,fail
 85060,0,fail,1169,848,1904,2379,529,fail,fail,fail,0,519,1365,0,2627,fail,fail,1149,103,410,0,0,0,1246,42025,fail,208,0,105,0,1254,fail
 85065,0,fail,1169,848,1904,2379,529,fail,fail,fail,0,519,1365,0,2627,fail,fail,1149,103,410,0,0,0,1246,42025,fail,208,0,105,0,1254,fail
 85070,0,fail,1169,848,1904,2379,529,fail,fail,fail,0,519,1365,0,2627,fail,fail,1149,103,410,0,0,0,1246,42025,fail,208,0,105,0,1254,fail
 85075,0,fail,1169,848,1904,2379,529,fail,fail,fail,0,519,1365,0,2627,fail,fail,1149,103,410,0,0,0,1246,42025,fail,208,0,105,0,1254,fail
 85080,0,fail,1169,848,1904,2379,529,fail,fail,fail,0,519,1365,0,2627,fail,fail,1149,103,410,0,0,0,1246,42025,fail,208,0,105,0,1254,fail
 85085,0,fail,1169,848,1904,2379,529,fail,fail,fail,0,519,1365,0,2627,fail,fail,1149,103,410,0,0,0,1246,42025,fail,208,0,105,0,1254,fail
 85090,0,fail,1169,848,1904,2379,529,fail,fail,fail,0,519,1365,0,2627,fail,fail,1149,103,410,0,0,0,1246,42025,fail,208,0,105,0,1254,fail
 85095,0,fail,1169,848,1904,2379,529,fail,fail,fail,0,519,1365,0,2627,fail,fail,1149,103,410,0,0,0,1246,42025,fail,208,0,105,0,1254,fail
 85100,0,fail,1169,848,1904,2379,529,fail,fail,fail,0,519,1365,0,2627,fail,fail,1149,103,410,0,0,0,1246,42025,fail,208,0,105,0,1254,fail
 85105,0,fail,1169,848,1904,2379,529,fail,fail,fail,0,519,1365,0,2627,fail,fail,1149,103,410,0,0,0,1246,42025,fail,208,0,105,0,1254,fail
 85110,0,fail,1169,848,1904,2379,529,fail,fail,fail,0,519,1365,0,2627,fail,fail,1149,103,410,0,0,0,1246,42025,fail,208,0,105,0,1254,fail
 85115,0,fail,1169,848,1904,2379,529,fail,fail,fail,0,519,1365,0,2627,fail,fail,1149,103,410,0,0,0,1246,42025,fail,208,0,105,0,1254,fail
 85120,0,fail,1169,848,1904,2379,529,fail,fail,fail,0,519,1365,0,2627,fail,fail,1149,103,410,0,0,0,1246,42025,fail,208,0,105,0,1254,fail
 85125,0,fail,1169,848,1904,2379,529,fail,fail,fail,0,519,1365,0,2627,fail,fail,1149,103,410,0,0,0,1246,42025,fail,208,0,105,0,1254,fail
 85130,0,fail,1169,848,1904,2379,529,fail,fail,fail,0,519,1365,0,2627,fail,fail,1149,103,410,0,0,0,1246,42025,fail,208,0,105,0,1254,fail
 85135,0,fail,1169,848,1904,2379,529,fail,fail,fail,0,519,1365,0,2627,fail,fail,1149,103,410,0,0,0,1246,42025,fail,208,0,105,0,1254,fail
 85140,0,fail,1169,848,1904,2379,529,fail,fail,fail,0,519,1365,0,2627,fail,fail,1149,103,410,0,0,0,1246,42025,fail,208,0,105,0,1254,fail
 85145,0,fail,1169,848,1904,2379,529,fail,fail,fail,0,519,1365,0,2627,fail,fail,1149,103,410,0,0,0,1246,42025,fail,208,0,105,0,1254,fail
 85150,0,fail,1169,848,1904,2379,529,fail,fail,fail,0,519,1365,0,2627,fail,fail,1149,103,410,0,0,0,1246,42025,fail,208,0,105,0,1254,fail
 85155,0,fail,1169,848,1904,2379,529,fail,fail,fail,0,519,1365,0,2627,fail,fail,1149,103,410,0,0,0,1246,42025,fail,208,0,105,0,1254,fail
 85160,0,fail,1169,848,1904,2379,529,fail,fail,fail,0,519,1365,0,2627,fail,fail,1149,103,410,0,0,0,1246,42025,fail,208,0,105,0,1254,fail
 85165,0,fail,1169,848,1904,2379,529,fail,fail,fail,0,519,1365,0,2627,fail,fail,1149,103,410,0,0,0,1246,42025,fail,208,0,105,0,1254,fail
 85170,0,fail,1169,848,1904,2379,529,fail,fail,fail,0,519,1365,0,2627,fail,fail,1149,103,410,0,0,0,1246,42025,fail,208,0,105,0,1254,fail
 85175,0,fail,1169,848,1904,2379,529,fail,fail,fail,0,519,1365,0,2627,fail,fail,1149,103,410,0,0,0,1246,42025,fail,208,0,105,0,1254,fail
 85180,0,fail,1169,848,1904,2379,529,fail,fail,fail,0,519,1365,0,2627,fail,fail,1149,103,410,0,0,0,1246,42025,fail,208,0,105,0,1254,fail
 85185,0,fail,1169,848,1904,2379,529,fail,fail,fail,0,519,1365,0,2627,fail,fail,1149,103,410,0,0,0,1246,42025,fail,208,0,105,0,1254,fail
 85190,0,fail,1169,848,1904,2379,529,fail,fail,fail,0,519,1365,0,2627,fail,fail,1149,103,410,0,0,0,1246,42025,fail,208,0,105,0,1254,fail
 85195,0,fail,1169,848,1904,2379,529,fail,fail,fail,0,519,1365,0,2627,fail,fail,1149,103,410,0,0,0,1246,42025,fail,208,0,105,0,1254,fail
 85200,0,fail,1169,848,1904,2379,529,fail,fail,fail,0,519,1365,0,2627,fail,fail,1149,103,410,0,0,0,1246,42025,fail,208,0,105,0,1254,fail
 85205,0,fail,1169,848,1904,2379,529,fail,fail,fail,0,519,1365,0,2627,fail,fail,1149,103,410,0,0,0,1246,42025,fail,208,0,105,0,1254,fail
 85210,0,fail,1169,848,1904,2379,529,fail,fail,fail,0,519,1365,0,2627,fail,fail,1149,103,410,0,0,0,1246,42025,fail,208,0,105,0,1254,fail
 85215,0,fail,1169,848,1904,2379,529,fail,fail,fail,0,519,1365,0,2627,fail,fail,1149,103,410,0,0,0,1246,42025,fail,208,0,105,0,1254,fail
 85220,0,fail,1169,848,1904,2379,529,fail,fail,fail,0,519,1365,0,2627,fail,fail,1149,103,410,0,0,0,1246,42025,fail,208,0,105,0,1254,fail
 85225,0,fail,1169,848,1904,2379,529,fail,fail,fail,0,519,1365,0,2627,fail,fail,1149,103,410,0,0,0,1246,42025,fail,208,0,105,0,1254,fail
 85230,0,fail,1169,848,1904,2379,529,fail,fail,fail,0,519,1365,0,2627,fail,fail,1149,103,410,0,0,0,1246,42025,fail,208,0,105,0,1254,fail
 85235,0,fail,1169,848,1904,2379,529,fail,fail,fail,0,519,1365,0,2627,fail,fail,1149,103,410,0,0,0,1246,42025,fail,208,0,105,0,1254,fail
 85240,0,fail,1169,848,1904,2379,529,fail,fail,fail,0,519,1365,0,2627,fail,fail,1149,103,410,0,0,0,1246,42025,fail,208,0,105,0,1254,fail
 85245,0,fail,1169,848,1904,2379,529,fail,fail,fail,0,519,1365,0,2627,fail,fail,1149,103,410,0,0,0,1246,42025,fail,208,0,105,0,1254,fail
 85250,0,fail,1169,848,1904,2379,529,fail,fail,fail,0,519,1365,0,2627,fail,fail,1149,103,410,0,0,0,1246,42025,fail,208,0,105,0,1254,fail
 85255,0,fail,1169,848,1904,2379,529,fail,fail,fail,0,519,1365,0,2627,fail,fail,1149,103,410,0,0,0,1246,42025,fail,208,0,105,0,1254,fail
 85260,0,fail,1169,848,1904,2379,529,fail,fail,fail,0,519,1365,0,2627,fail,fail,1149,103,410,0,0,0,1246,42025,fail,208,0,105,0,1254,fail
 85265,0,fail,1169,848,1904,2379,529,fail,fail,fail,0,519,1365,0,2627,fail,fail,1149,103,410,0,0,0,1246,42025,fail,208,0,105,0,1254,fail
 85270,0,fail,1169,848,1904,2379,529,fail,fail,fail,0,519,1365,0,2627,fail,fail,1149,103,410,0,0,0,1246,42025,fail,208,0,105,0,1254,fail
 85275,0,fail,1169,848,1904,2379,529,fail,fail,fail,0,519,1365,0,2627,fail,fail,1149,103,410,0,0,0,1246,42025,fail,208,0,105,0,1254,fail
 85280,0,fail,1169,848,1904,2379,529,fail,fail,fail,0,519,1365,0,2627,fail,fail,1149,103,410,0,0,0,1246,42025,fail,208,0,105,0,1254,fail
 85285,0,fail,1169,848,1904,2379,529,fail,fail,fail,0,519,1365,0,2627,fail,fail,1149,103,410,0,0,0,1246,42025,fail,208,0,105,0,1254,fail
 85290,0,fail,1169,848,1904,2379,529,fail,fail,fail,0,519,1365,0,2627,fail,fail,1149,103,410,0,0,0,1246,42025,fail,208,0,105,0,1254,fail
 85295,0,fail,1169,848,1904,2379,529,fail,fail,fail,0,519,1365,0,2627,fail,fail,1149,103,410,0,0,0,1246,42025,fail,208,0,105,0,1254,fail
 85300,0,fail,1169,848,1904,2379,529,fail,fail,fail,0,519,1365,0,2627,fail,fail,1149,103,410,0,0,0,1246,42025,fail,208,0,105,0,1254,fail
 85305,0,fail,1169,848,1904,2379,529,fail,fail,fail,0,519,1365,0,2627,fail,fail,1149,103,410,0,0,0,1246,42025,fail,208,0,105,0,1254,fail
 85310,0,fail,1169,848,1904,2379,529,fail,fail,fail,0,519,1365,0,2627,fail,fail,1149,103,410,0,0,0,1246,42025,fail,208,0,105,0,1254,fail
 85315,0,fail,1169,848,1904,2379,529,fail,fail,fail,0,519,1365,0,2627,fail,fail,1149,103,410,0,0,0,1246,42025,fail,208,0,105,0,1254,fail
 85320,0,fail,1169,848,1904,2379,529,fail,fail,fail,0,519,1365,0,2627,fail,fail,1149,103,410,0,0,0,1246,42025,fail,208,0,105,0,1254,fail
 85325,0,fail,1169,848,1904,2379,529,fail,fail,fail,0,519,1365,0,2627,fail,fail,1149,103,410,0,0,0,1246,42025,fail,208,0,105,0,1254,fail
 85330,0,fail,1169,848,1904,2379,529,fail,fail,fail,0,519,1365,0,2627,fail,fail,1149,103,410,0,0,0,1246,fail,fail,208,0,105,0,1254,fail
 85335,0,fail,1169,848,1904,2379,529,fail,fail,fail,0,519,1365,0,2627,fail,fail,1149,103,410,0,0,0,1246,fail,fail,208,0,105,0,1254,fail
 85340,0,fail,1169,848,1904,2379,529,fail,fail,fail,0,519,1365,0,2627,fail,fail,1149,103,410,0,0,0,1246,fail,fail,208,0,105,0,1254,fail
 85345,0,fail,1169,848,1904,2379,529,fail,fail,fail,0,519,1365,0,2627,fail,fail,1149,103,410,0,0,0,1246,fail,fail,208,0,105,0,1254,fail
 85350,0,fail,1169,848,1904,2379,529,fail,fail,fail,0,519,1365,0,2627,fail,fail,1149,103,410,0,0,0,1246,fail,fail,208,0,105,0,1254,fail
 85355,0,fail,1169,848,1904,2379,529,fail,fail,fail,0,519,1365,0,2627,fail,fail,1149,103,410,0,0,0,1246,fail,fail,208,0,105,0,1254,fail
 85360,0,fail,1169,848,1904,2379,529,fail,fail,fail,0,519,1365,0,2627,fail,fail,1149,103,410,0,0,0,1246,fail,fail,208,0,105,0,1254,fail
 85365,0,fail,1169,848,1904,2379,529,fail,fail,fail,0,519,1365,0,2627,fail,fail,1149,103,410,0,0,0,1246,fail,fail,208,0,105,0,1254,fail
 85370,0,fail,1169,848,1904,2379,529,fail,fail,fail,0,519,1365,0,2627,fail,fail,1149,103,410,0,0,0,1246,fail,fail,208,0,105,0,1254,fail
 85375,0,fail,1169,848,1904,2379,529,fail,fail,fail,0,519,1365,0,2627,fail,fail,1149,103,410,0,0,0,1246,fail,fail,208,0,105,0,1254,fail
 85380,0,fail,1169,848,1904,2379,529,fail,fail,fail,0,519,1365,0,2627,fail,fail,1149,103,410,0,0,0,1246,fail,fail,208,0,105,0,1254,fail
 85385,0,fail,1169,848,1904,2379,529,fail,fail,fail,0,519,1365,0,2627,fail,fail,1149,103,410,0,0,0,1246,fail,fail,208,0,105,0,1254,fail
 85390,0,fail,1169,848,1904,2379,529,fail,fail,fail,0,519,1365,0,2627,fail,fail,1149,103,410,0,0,0,1246,fail,fail,208,0,105,0,1254,fail
 85395,0,fail,1169,848,1904,2379,529,fail,fail,fail,0,519,1365,0,2627,fail,fail,1149,103,410,0,0,0,1246,fail,fail,208,0,105,0,1254,fail
 85400,0,fail,1169,848,1904,2379,529,fail,fail,fail,0,519,1365,0,2627,fail,fail,1149,103,410,0,0,0,1246,fail,fail,208,0,105,0,1254,fail
 85405,0,fail,1169,848,1904,2379,529,fail,fail,fail,0,519,1365,0,2627,fail,fail,1149,103,410,0,0,0,1246,fail,fail,208,0,105,0,1254,fail
 85410,0,fail,1169,848,1904,2379,529,fail,fail,fail,0,519,1365,0,2627,fail,fail,1149,103,410,0,0,0,1246,fail,fail,208,0,105,0,1254,fail
 85415,0,fail,1169,848,1904,2379,529,fail,fail,fail,0,519,1365,0,2627,fail,fail,1149,103,410,0,0,0,1246,fail,fail,208,0,105,0,1254,fail
 85420,0,fail,1169,848,1904,2379,529,fail,fail,fail,0,519,1365,0,2627,fail,fail,1149,103,410,0,0,0,1246,fail,fail,208,0,105,0,1254,fail
 85425,0,fail,1169,848,1904,2379,529,fail,fail,fail,0,519,1365,0,2627,fail,fail,1149,103,410,0,0,0,1246,fail,fail,208,0,105,0,1254,fail
 85430,0,fail,1169,848,1904,2379,529,fail,fail,fail,0,519,1365,0,2627,fail,fail,1149,103,410,0,0,0,1246,fail,fail,208,0,105,0,1254,fail
 85435,0,fail,1169,848,1904,2379,529,fail,fail,fail,0,519,1365,0,2627,fail,fail,1149,103,410,0,0,0,1246,fail,fail,208,0,105,0,1254,fail
 85440,0,fail,1169,848,1904,2379,529,fail,fail,fail,0,519,1365,0,2627,fail,fail,1149,103,410,0,0,0,1246,fail,fail,208,0,105,0,1254,fail
 85445,0,fail,1169,848,1904,2379,529,fail,fail,fail,0,519,1365,0,2627,fail,fail,1149,103,410,0,0,0,1246,fail,fail,208,0,105,0,1254,fail
 85450,0,fail,1169,848,1904,2379,529,fail,fail,fail,0,519,1365,0,2627,fail,fail,1149,103,410,0,0,0,1246,fail,fail,208,0,105,0,1254,fail
 85455,0,fail,1169,848,1904,2379,529,fail,fail,fail,0,519,1365,0,2627,fail,fail,1149,103,410,0,0,0,1246,fail,fail,208,0,105,0,1254,fail
 85460,0,fail,1169,848,1904,2379,529,fail,fail,fail,0,519,1365,0,2627,fail,fail,1149,103,410,0,0,0,1246,fail,fail,208,0,105,0,1254,fail
 85465,0,fail,1169,848,1904,2379,529,fail,fail,fail,0,519,1365,0,2627,fail,fail,1149,103,410,0,0,0,1246,fail,fail,208,0,105,0,1254,fail
 85470,0,fail,1169,848,1904,2379,529,fail,fail,fail,0,519,1365,0,2627,fail,fail,1149,103,410,0,0,0,1246,fail,fail,208,0,105,0,1254,fail
 85475,0,fail,1169,848,1904,2379,529,fail,fail,fail,0,519,1365,0,2627,fail,fail,1149,103,410,0,0,0,1246,fail,fail,208,0,105,0,1254,fail
 85480,0,fail,1169,848,1904,2379,529,fail,fail,fail,0,519,1365,0,2627,fail,fail,1149,103,410,0,0,0,1246,fail,fail,208,0,105,0,1254,fail
 85485,0,fail,1169,848,1904,2379,529,fail,fail,fail,0,519,1365,0,2627,fail,fail,1149,103,410,0,0,0,1246,fail,fail,208,0,105,0,1254,fail
 85490,0,fail,1169,848,1904,2379,529,fail,fail,fail,0,519,1365,0,2627,fail,fail,1149,103,410,0,0,0,1246,fail,fail,208,0,105,0,1254,fail
 85495,0,fail,1169,848,1904,2379,529,fail,fail,fail,0,519,1365,0,2627,fail,fail,1149,103,410,0,0,0,1246,fail,fail,208,0,105,0,1254,fail
 85500,0,fail,1169,848,1904,2379,529,fail,fail,fail,0,519,1365,0,2627,fail,fail,1149,103,410,0,0,0,1246,fail,fail,208,0,105,0,1254,fail
 85505,0,fail,1169,848,1904,2379,529,fail,fail,fail,0,519,1365,0,2627,fail,fail,1149,103,410,0,0,0,1246,fail,fail,208,0,105,0,1254,fail
 85510,0,fail,1169,848,1904,2379,529,fail,fail,fail,0,519,1365,0,2627,fail,fail,1149,103,410,0,0,0,1246,fail,fail,208,0,105,0,1254,fail
 85515,0,fail,1169,848,1904,2379,529,fail,fail,fail,0,519,1365,0,2627,fail,fail,1149,103,410,0,0,0,1246,fail,fail,208,0,105,0,1254,fail
 85520,0,fail,1169,848,1904,2379,fail,fail,fail,fail,0,519,1365,0,2627,fail,fail,1149,103,410,0,0,0,1246,fail,fail,208,0,105,0,1254,fail
 85525,0,fail,1169,848,1904,2379,fail,fail,fail,fail,0,519,1365,0,2627,fail,fail,1149,103,410,0,0,0,1246,fail,fail,208,0,105,0,1254,fail
 85530,0,fail,1169,848,1904,2379,fail,fail,fail,fail,0,519,1365,0,2627,fail,fail,1149,103,410,0,0,0,1246,fail,fail,208,0,105,0,1254,fail
 85535,0,fail,1169,848,1904,2379,fail,fail,fail,fail,0,519,1365,0,2627,fail,fail,1149,103,410,0,0,0,1246,fail,fail,208,0,105,0,1254,fail
 85540,0,fail,1169,848,1904,2379,fail,fail,fail,fail,0,519,1365,0,2627,fail,fail,1149,103,410,0,0,0,1246,fail,fail,208,0,105,0,1254,fail
 85545,0,fail,1169,848,1904,2379,fail,fail,fail,fail,0,519,1365,0,2627,fail,fail,1149,103,410,0,0,0,1246,fail,fail,208,0,105,0,1254,fail
 85550,0,fail,1169,848,1904,2379,fail,fail,fail,fail,0,519,1365,0,2627,fail,fail,1149,103,410,0,0,0,1246,fail,fail,208,0,105,0,1254,fail
 85555,0,fail,1169,848,1904,2379,fail,fail,fail,fail,0,519,1365,0,2627,fail,fail,1149,103,410,0,0,0,1246,fail,fail,208,0,105,0,1254,fail
 85560,0,fail,1169,848,1904,2379,fail,fail,fail,fail,0,519,1365,0,2627,fail,fail,1149,103,410,0,0,0,1246,fail,fail,208,0,105,0,1254,fail
 85565,0,fail,1169,848,1904,2379,fail,fail,fail,fail,0,519,1365,0,2627,fail,fail,1149,103,410,0,0,0,1246,fail,fail,208,0,105,0,1254,fail
 85570,0,fail,1169,848,1904,2379,fail,fail,fail,fail,0,519,1365,0,2627,fail,fail,1149,103,410,0,0,0,1246,fail,fail,208,0,105,0,1254,fail
 85575,0,fail,1169,848,1904,2379,fail,fail,fail,fail,0,519,1365,0,2627,fail,fail,1149,103,410,0,0,0,1246,fail,fail,208,0,105,0,1254,fail
 85580,0,fail,1169,848,1904,2379,fail,fail,fail,fail,0,519,1365,0,2627,fail,fail,1149,103,410,0,0,0,1246,fail,fail,208,0,105,0,1254,fail
 85585,0,fail,1169,848,1904,2379,fail,fail,fail,fail,0,519,1365,0,2627,fail,fail,1149,103,410,0,0,0,1246,fail,fail,208,0,105,0,1254,fail
 85590,0,fail,1169,848,1904,2379,fail,fail,fail,fail,0,519,1365,0,2627,fail,fail,1149,103,410,0,0,0,1246,fail,fail,208,0,105,0,1254,fail
 85595,0,fail,1169,848,1904,2379,fail,fail,fail,fail,0,519,1365,0,2627,fail,fail,1149,103,410,0,0,0,1246,fail,fail,208,0,105,0,1254,fail
 85600,0,fail,1169,848,1904,2379,fail,fail,fail,fail,0,519,1365,0,2627,fail,fail,1149,103,410,0,0,0,1246,fail,fail,208,0,105,0,1254,fail
 85605,0,fail,1169,848,1904,2379,fail,fail,fail,fail,0,519,1365,0,2627,fail,fail,1149,103,410,0,0,0,1246,fail,fail,208,0,105,0,1254,fail
 85610,0,fail,1169,848,1904,2379,fail,fail,fail,fail,0,519,1365,0,2627,fail,fail,1149,103,410,0,0,0,1246,fail,fail,208,0,105,0,1254,fail
 85615,0,fail,1169,848,1904,2379,fail,fail,fail,fail,0,519,1365,0,2627,fail,fail,1149,103,410,0,0,0,1246,fail,fail,208,0,105,0,1254,fail
 85620,0,fail,1169,848,1904,2379,fail,fail,fail,fail,0,519,1365,0,2627,fail,fail,1149,103,410,0,0,0,1246,fail,fail,208,0,105,0,1254,fail
 85625,0,fail,1169,848,1904,2379,fail,fail,fail,fail,0,519,1365,0,2627,fail,fail,1149,103,410,0,0,0,1246,fail,fail,208,0,105,0,1254,fail
 85630,0,fail,1169,848,1904,2379,fail,fail,fail,fail,0,519,1365,0,2627,fail,fail,1149,103,410,0,0,0,1246,fail,fail,208,0,105,0,1254,fail
 85635,0,fail,1169,848,1904,2379,fail,fail,fail,fail,0,519,1365,0,2627,fail,fail,1149,103,410,0,0,0,1246,fail,fail,208,0,105,0,1254,fail
 85640,0,fail,1169,848,1904,2379,fail,fail,fail,fail,0,519,1365,0,2627,fail,fail,1149,103,410,0,0,0,1246,fail,fail,208,0,105,0,1254,fail
 85645,0,fail,1169,848,1904,2379,fail,fail,fail,fail,0,519,1365,0,2627,fail,fail,1149,103,410,0,0,0,1246,fail,fail,208,0,105,0,1254,fail
 85650,0,fail,1169,848,1904,2379,fail,fail,fail,fail,0,519,1365,0,2627,fail,fail,1149,103,410,0,0,0,1246,fail,fail,208,0,105,0,1254,fail
 85655,0,fail,1169,848,1904,2379,fail,fail,fail,fail,0,519,1365,0,2627,fail,fail,1149,103,410,0,0,0,1246,fail,fail,208,0,105,0,1254,fail
 85660,0,fail,1169,848,1904,2379,fail,fail,fail,fail,0,519,1365,0,2627,fail,fail,1149,103,410,0,0,0,1246,fail,fail,208,0,105,0,1254,fail
 85665,0,fail,1169,848,1904,2379,fail,fail,fail,fail,0,519,1365,0,2627,fail,fail,1149,103,410,0,0,0,1246,fail,fail,208,0,105,0,1254,fail
 85670,0,fail,1169,848,1904,2379,fail,fail,fail,fail,0,519,1365,0,2627,fail,fail,1149,103,410,0,0,0,1246,fail,fail,208,0,105,0,1254,fail
 85675,0,fail,1169,848,1904,2379,fail,fail,fail,fail,0,519,1365,0,2627,fail,fail,1149,103,410,0,0,0,1246,fail,fail,208,0,105,0,1254,fail
 85680,0,fail,1169,848,1904,2379,fail,fail,fail,fail,0,519,1365,0,2627,fail,fail,1149,103,410,0,0,0,1246,fail,fail,208,0,105,0,1254,fail
 85685,0,fail,1169,848,1904,2379,fail,fail,fail,fail,0,519,1365,0,2627,fail,fail,1149,103,410,0,0,0,1246,fail,fail,208,0,105,0,1254,fail
 85690,0,fail,1169,848,1904,2379,fail,fail,fail,fail,0,519,1365,0,2627,fail,fail,1149,103,410,0,0,0,1246,fail,fail,208,0,105,0,1254,fail
 85695,0,fail,1169,848,1904,2379,fail,fail,fail,fail,0,519,1365,0,2627,fail,fail,1149,103,410,0,0,0,1246,fail,fail,208,0,105,0,1254,fail
 85700,0,fail,1169,848,1904,2379,fail,fail,fail,fail,0,519,1365,0,2627,fail,fail,1149,103,410,0,0,0,1246,fail,fail,208,0,105,0,1254,fail
 85705,0,fail,1169,848,1904,2379,fail,fail,fail,fail,0,519,1365,0,2627,fail,fail,1149,103,410,0,0,0,1246,fail,fail,208,0,105,0,1254,fail
 85710,0,fail,1169,848,1904,2379,fail,fail,fail,fail,0,519,1365,0,2627,fail,fail,1149,103,410,0,0,0,1246,fail,fail,208,0,105,0,1254,fail
 85715,0,fail,1169,848,1904,2379,fail,fail,fail,fail,0,519,1365,0,2627,fail,fail,1149,103,410,0,0,0,1246,fail,fail,208,0,105,0,1254,fail
 85720,0,fail,fail,848,1904,2379,fail,fail,fail,fail,0,519,1365,0,2627,fail,fail,1149,103,410,0,0,0,1246,fail,fail,208,0,105,0,1254,fail
 85725,0,fail,fail,848,1904,2379,fail,fail,fail,fail,0,519,1365,0,2627,fail,fail,1149,103,410,0,0,0,1246,fail,fail,208,0,105,0,1254,fail
 85730,0,fail,fail,848,1904,2379,fail,fail,fail,fail,0,519,1365,0,2627,fail,fail,1149,103,410,0,0,0,1246,fail,fail,208,0,105,0,1254,fail
 85735,0,fail,fail,848,1904,2379,fail,fail,fail,fail,0,519,1365,0,2627,fail,fail,1149,103,410,0,0,0,1246,fail,fail,208,0,105,0,1254,fail
 85740,0,fail,fail,848,1904,2379,fail,fail,fail,fail,0,519,1365,0,2627,fail,fail,1149,103,410,0,0,0,1246,fail,fail,208,0,105,0,1254,fail
 85745,0,fail,fail,848,1904,2379,fail,fail,fail,fail,0,519,1365,0,2627,fail,fail,1149,103,410,0,0,0,1246,fail,fail,208,0,105,0,1254,fail
 85750,0,fail,fail,848,1904,2379,fail,fail,fail,fail,0,519,1365,0,2627,fail,fail,1149,103,410,0,0,0,1246,fail,fail,208,0,105,0,1254,fail
 85755,0,fail,fail,848,1904,2379,fail,fail,fail,fail,0,519,1365,0,2627,fail,fail,1149,103,410,0,0,0,1246,fail,fail,208,0,105,0,1254,fail
 85760,0,fail,fail,848,1904,2379,fail,fail,fail,fail,0,519,1365,0,2627,fail,fail,1149,103,410,0,0,0,1246,fail,fail,208,0,105,0,1254,fail
 85765,0,fail,fail,848,1904,2379,fail,fail,fail,fail,0,519,1365,0,2627,fail,fail,1149,103,410,0,0,0,1246,fail,fail,208,0,105,0,1254,fail
 85770,0,fail,fail,848,1904,2379,fail,fail,fail,fail,0,519,1365,0,2627,fail,fail,1149,103,410,0,0,0,1246,fail,fail,208,0,105,0,1254,fail
 85775,0,fail,fail,848,1904,2379,fail,fail,fail,fail,0,519,1365,0,2627,fail,fail,1149,103,410,0,0,0,1246,fail,fail,208,0,105,0,1254,fail
 85780,0,fail,fail,848,1904,2379,fail,fail,fail,fail,0,519,1365,0,2627,fail,fail,1149,103,410,0,0,0,1246,fail,fail,208,0,105,0,1254,fail
 85785,0,fail,fail,848,1904,2379,fail,fail,fail,fail,0,519,1365,0,2627,fail,fail,1149,103,410,0,0,0,1246,fail,fail,208,0,105,0,1254,fail
 85790,0,fail,fail,848,1904,2379,fail,fail,fail,fail,0,519,1365,0,2627,fail,fail,1149,103,410,0,0,0,1246,fail,fail,208,0,105,0,1254,fail
 85795,0,fail,fail,848,1904,2379,fail,fail,fail,fail,0,519,1365,0,2627,fail,fail,1149,103,410,0,0,0,1246,fail,fail,208,0,105,0,1254,fail
 85800,0,fail,fail,848,1904,2379,fail,fail,fail,fail,0,519,1365,0,2627,fail,fail,1149,103,410,0,0,0,1246,fail,fail,208,0,105,0,1254,fail
 85805,0,fail,fail,848,1904,2379,fail,fail,fail,fail,0,519,1365,0,2627,fail,fail,1149,103,410,0,0,0,1246,fail,fail,208,0,105,0,1254,fail
 85810,0,fail,fail,848,1904,2379,fail,fail,fail,fail,0,519,1365,0,2627,fail,fail,1149,103,410,0,0,0,1246,fail,fail,208,0,105,0,1254,fail
 85815,0,fail,fail,848,1904,2379,fail,fail,fail,fail,0,519,1365,0,2627,fail,fail,1149,103,410,0,0,0,1246,fail,fail,208,0,105,0,1254,fail
 85820,0,fail,fail,848,1904,2379,fail,fail,fail,fail,0,519,1365,0,2627,fail,fail,1149,103,410,0,0,0,1246,fail,fail,208,0,105,0,1254,fail
 85825,0,fail,fail,848,1904,2379,fail,fail,fail,fail,0,519,1365,0,2627,fail,fail,1149,103,410,0,0,0,1246,fail,fail,208,0,105,0,1254,fail
 85830,0,fail,fail,848,1904,2379,fail,fail,fail,fail,0,519,1365,0,2627,fail,fail,1149,103,410,0,0,0,1246,fail,fail,208,0,105,0,1254,fail
 85835,0,fail,fail,848,1904,2379,fail,fail,fail,fail,0,519,1365,0,2627,fail,fail,1149,103,410,0,0,0,1246,fail,fail,208,0,105,0,1254,fail
 85840,0,fail,fail,848,1904,2379,fail,fail,fail,fail,0,519,1365,0,2627,fail,fail,1149,103,410,0,0,0,1246,fail,fail,208,0,105,0,1254,fail
 85845,0,fail,fail,848,1904,2379,fail,fail,fail,fail,0,519,1365,0,2627,fail,fail,1149,103,410,0,0,0,1246,fail,fail,208,0,105,0,1254,fail
 85850,0,fail,fail,848,1904,2379,fail,fail,fail,fail,0,519,1365,0,2627,fail,fail,1149,103,410,0,0,0,1246,fail,fail,208,0,105,0,1254,fail
 85855,0,fail,fail,848,1904,2379,fail,fail,fail,fail,0,519,1365,0,2627,fail,fail,1149,103,410,0,0,0,1246,fail,fail,208,0,105,0,1254,fail
 85860,0,fail,fail,848,1904,2379,fail,fail,fail,fail,0,519,1365,0,2627,fail,fail,1149,103,410,0,0,0,1246,fail,fail,208,0,105,0,1254,fail
 85865,0,fail,fail,848,1904,2379,fail,fail,fail,fail,0,519,1365,0,2627,fail,fail,1149,103,410,0,0,0,1246,fail,fail,208,0,105,0,1254,fail
 85870,0,fail,fail,848,1904,2379,fail,fail,fail,fail,0,519,1365,0,2627,fail,fail,1149,103,410,0,0,0,1246,fail,fail,208,0,105,0,1254,fail
 85875,0,fail,fail,848,1904,2379,fail,fail,fail,fail,0,519,1365,0,2627,fail,fail,1149,103,410,0,0,0,1246,fail,fail,208,0,105,0,1254,fail
 85880,0,fail,fail,848,1904,2379,fail,fail,fail,fail,0,519,1365,0,2627,fail,fail,1149,103,410,0,0,0,1246,fail,fail,208,0,105,0,1254,fail
 85885,0,fail,fail,848,1904,2379,fail,fail,fail,fail,0,519,1365,0,2627,fail,fail,1149,103,410,0,0,0,1246,fail,fail,208,0,105,0,1254,fail
 85890,0,fail,fail,848,1904,2379,fail,fail,fail,fail,0,519,1365,0,2627,fail,fail,1149,103,410,0,0,0,1246,fail,fail,208,0,105,0,1254,fail
 85895,0,fail,fail,848,1904,2379,fail,fail,fail,fail,0,519,1365,0,2627,fail,fail,1149,103,410,0,0,0,1246,fail,fail,208,0,105,0,1254,fail
 85900,0,fail,fail,848,1904,2379,fail,fail,fail,fail,0,519,1365,0,2627,fail,fail,1149,103,410,0,0,0,1246,fail,fail,208,0,105,0,1254,fail
 85905,0,fail,fail,848,1904,2379,fail,fail,fail,fail,0,519,1365,0,2627,fail,fail,1149,103,410,0,0,0,1246,fail,fail,208,0,105,0,1254,fail
 85910,0,fail,fail,848,1904,2379,fail,fail,fail,fail,0,519,1365,0,2627,fail,fail,1149,103,410,0,0,0,1246,fail,fail,208,0,105,0,1254,fail
 85915,0,fail,fail,848,1904,2379,fail,fail,fail,fail,0,519,1365,0,2627,fail,fail,1149,103,410,0,0,0,1246,fail,fail,208,0,105,0,1254,fail
 85920,0,fail,fail,848,1904,2379,fail,fail,fail,fail,0,519,1365,0,2627,fail,fail,1149,103,410,0,0,0,1246,fail,fail,208,0,105,0,1254,fail
 85925,0,fail,fail,848,1904,2379,fail,fail,fail,fail,0,519,1365,0,2627,fail,fail,1149,103,410,0,0,0,1246,fail,fail,208,0,105,0,1254,fail
 85930,0,fail,fail,848,1904,2379,fail,fail,fail,fail,0,519,1365,0,2627,fail,fail,1149,103,410,0,0,0,1246,fail,fail,208,0,105,0,1254,fail
 85935,0,fail,fail,848,1904,2379,fail,fail,fail,fail,0,519,1365,0,2627,fail,fail,1149,103,410,0,0,0,1246,fail,fail,208,0,105,0,1254,fail
 85940,0,fail,fail,848,1904,2379,fail,fail,fail,fail,0,519,1365,0,2627,fail,fail,1149,103,410,0,0,0,1246,fail,fail,208,0,105,0,1254,fail
 85945,0,fail,fail,848,1904,2379,fail,fail,fail,fail,0,519,1365,0,2627,fail,fail,1149,103,410,0,0,0,1246,fail,fail,208,0,105,0,1254,fail
 85950,0,fail,fail,848,1904,2379,fail,fail,fail,fail,0,519,1365,0,2627,fail,fail,1149,103,410,0,0,0,1246,fail,fail,208,0,105,0,1254,fail
 85955,0,fail,fail,848,1904,2379,fail,fail,fail,fail,0,519,1365,0,2627,fail,fail,1149,103,410,0,0,0,1246,fail,fail,208,0,105,0,1254,fail
 85960,0,fail,fail,848,1904,2379,fail,fail,fail,fail,0,519,1365,0,2627,fail,fail,1149,103,410,0,0,0,1246,fail,fail,208,0,105,0,1254,fail
 85965,0,fail,fail,848,1904,2379,fail,fail,fail,fail,0,519,1365,0,2627,fail,fail,1149,103,410,0,0,0,1246,fail,fail,208,0,105,0,1254,fail
 85970,0,fail,fail,848,1904,2379,fail,fail,fail,fail,0,519,1365,0,2627,fail,fail,1149,103,410,0,0,0,1246,fail,fail,208,0,105,0,1254,fail
 85975,0,fail,fail,848,1904,2379,fail,fail,fail,fail,0,519,1365,0,2627,fail,fail,1149,103,410,0,0,0,1246,fail,fail,208,0,105,0,1254,fail
 85980,0,fail,fail,848,1904,2379,fail,fail,fail,fail,0,519,1365,0,2627,fail,fail,1149,103,410,0,0,0,1246,fail,fail,208,0,105,0,1254,fail
 85985,0,fail,fail,848,1904,2379,fail,fail,fail,fail,0,519,1365,0,2627,fail,fail,1149,103,410,0,0,0,1246,fail,fail,208,0,105,0,1254,fail
 85990,0,fail,fail,848,1904,2379,fail,fail,fail,fail,0,519,1365,0,2627,fail,fail,1149,103,410,0,0,0,1246,fail,fail,208,0,105,0,1254,fail
 85995,0,fail,fail,848,1904,2379,fail,fail,fail,fail,0,519,1365,0,2627,fail,fail,1149,103,410,0,0,0,1246,fail,fail,208,0,105,0,1254,fail
 86000,0,fail,fail,848,1904,2379,fail,fail,fail,fail,0,519,1365,0,2627,fail,fail,1149,103,410,0,0,0,1246,fail,fail,208,0,105,0,1254,fail
 86005,0,fail,fail,848,1904,2379,fail,fail,fail,fail,0,519,1365,0,2627,fail,fail,1149,103,410,0,0,0,1246,fail,fail,208,0,105,0,1254,fail
 86010,0,fail,fail,848,1904,2379,fail,fail,fail,fail,0,519,1365,0,2627,fail,fail,1149,103,410,0,0,0,1246,fail,fail,208,0,105,0,1254,fail
 86015,0,fail,fail,848,1904,2379,fail,fail,fail,fail,0,519,1365,0,2627,fail,fail,1149,103,410,0,0,0,1246,fail,fail,208,0,105,0,1254,fail
 86020,0,fail,fail,848,1904,2379,fail,fail,fail,fail,0,519,1365,0,2627,fail,fail,1149,103,410,0,0,0,1246,fail,fail,208,0,105,0,1254,fail
 86025,0,fail,fail,848,1904,2379,fail,fail,fail,fail,0,519,1365,0,2627,fail,fail,1149,103,410,0,0,0,1246,fail,fail,208,0,105,0,1254,fail
 86030,0,fail,fail,848,1904,2379,fail,fail,fail,fail,0,519,1365,0,2627,fail,fail,1149,103,410,0,0,0,1246,fail,fail,208,0,105,0,1254,fail
 86035,0,fail,fail,848,1904,2379,fail,fail,fail,fail,0,519,1365,0,2627,fail,fail,1149,103,410,0,0,0,1246,fail,fail,208,0,105,0,1254,fail
 86040,0,fail,fail,848,1904,2379,fail,fail,fail,fail,0,519,1365,0,2627,fail,fail,1149,103,410,0,0,0,1246,fail,fail,208,0,105,0,1254,fail
 86045,0,fail,fail,848,1904,2379,fail,fail,fail,fail,0,519,1365,0,2627,fail,fail,1149,103,410,0,0,0,1246,fail,fail,208,0,105,0,1254,fail
 86050,0,fail,fail,848,1904,2379,fail,fail,fail,fail,0,519,1365,0,2627,fail,fail,1149,103,410,0,0,0,1246,fail,fail,208,0,105,0,1254,fail
 86055,0,fail,fail,848,1904,2379,fail,fail,fail,fail,0,519,1365,0,2627,fail,fail,1149,103,410,0,0,0,1246,fail,fail,208,0,105,0,1254,fail
 86060,0,fail,fail,848,1904,2379,fail,fail,fail,fail,0,519,1365,0,2627,fail,fail,1149,103,410,0,0,0,1246,fail,fail,208,0,105,0,1254,fail
 86065,0,fail,fail,848,1904,2379,fail,fail,fail,fail,0,519,1365,0,2627,fail,fail,1149,103,410,0,0,0,1246,fail,fail,208,0,105,0,1254,fail
 86070,0,fail,fail,848,1904,2379,fail,fail,fail,fail,0,519,1365,0,2627,fail,fail,1149,103,410,0,0,0,1246,fail,fail,208,0,105,0,1254,fail
 86075,0,fail,fail,848,1904,2379,fail,fail,fail,fail,0,519,1365,0,2627,fail,fail,1149,103,410,0,0,0,1246,fail,fail,208,0,105,0,1254,fail
 86080,0,fail,fail,848,1904,2379,fail,fail,fail,fail,0,519,1365,0,2627,fail,fail,1149,103,410,0,0,0,1246,fail,fail,208,0,105,0,1254,fail
 86085,0,fail,fail,848,1904,2379,fail,fail,fail,fail,0,519,1365,0,2627,fail,fail,1149,103,410,0,0,0,1246,fail,fail,208,0,105,0,1254,fail
 86090,0,fail,fail,848,1904,2379,fail,fail,fail,fail,0,519,1365,0,2627,fail,fail,1149,103,410,0,0,0,1246,fail,fail,208,0,105,0,1254,fail
 86095,0,fail,fail,848,1904,2379,fail,fail,fail,fail,0,519,1365,0,2627,fail,fail,1149,103,410,0,0,0,1246,fail,fail,208,0,105,0,1254,fail
 86100,0,fail,fail,848,1904,2379,fail,fail,fail,fail,0,519,1365,0,2627,fail,fail,1149,103,410,0,0,0,1246,fail,fail,208,0,105,0,1254,fail
 86105,0,fail,fail,848,1904,2379,fail,fail,fail,fail,0,519,1365,0,2627,fail,fail,1149,103,410,0,0,0,1246,fail,fail,208,0,105,0,1254,fail
 86110,0,fail,fail,848,1904,2379,fail,fail,fail,fail,0,519,1365,0,2627,fail,fail,1149,103,410,0,0,0,1246,fail,fail,208,0,105,0,1254,fail
 86115,0,fail,fail,848,1904,2379,fail,fail,fail,fail,0,519,1365,0,2627,fail,fail,1149,103,410,0,0,0,1246,fail,fail,208,0,105,0,1254,fail
 86120,0,fail,fail,848,1904,2379,fail,fail,fail,fail,0,519,1365,0,2627,fail,fail,1149,103,410,0,0,0,1246,fail,fail,208,0,105,0,1254,fail
 86125,0,fail,fail,848,1904,2379,fail,fail,fail,fail,0,519,1365,0,2627,fail,fail,1149,103,410,0,0,0,1246,fail,fail,208,0,105,0,1254,fail
 86130,0,fail,fail,848,1904,2379,fail,fail,fail,fail,0,519,1365,0,2627,fail,fail,1149,103,410,0,0,0,1246,fail,fail,208,0,105,0,1254,fail
 86135,0,fail,fail,848,1904,2379,fail,fail,fail,fail,0,519,1365,0,2627,fail,fail,1149,103,410,0,0,0,1246,fail,fail,208,0,105,0,1254,fail
 86140,0,fail,fail,848,1904,2379,fail,fail,fail,fail,0,519,1365,0,2627,fail,fail,1149,103,410,0,0,0,1246,fail,fail,208,0,105,0,1254,fail
 86145,0,fail,fail,848,1904,2379,fail,fail,fail,fail,0,519,1365,0,2627,fail,fail,1149,103,410,0,0,0,1246,fail,fail,208,0,105,0,1254,fail
 86150,0,fail,fail,848,1904,2379,fail,fail,fail,fail,0,519,1365,0,2627,fail,fail,1149,103,410,0,0,0,1246,fail,fail,208,0,105,0,1254,fail
 86155,0,fail,fail,848,1904,2379,fail,fail,fail,fail,0,519,1365,0,2627,fail,fail,1149,103,410,0,0,0,1246,fail,fail,208,0,105,0,1254,fail
 86160,0,fail,fail,848,1904,2379,fail,fail,fail,fail,0,519,1365,0,2627,fail,fail,1149,103,410,0,0,0,1246,fail,fail,208,0,105,0,1254,fail
 86165,0,fail,fail,848,1904,2379,fail,fail,fail,fail,0,519,1365,0,2627,fail,fail,1149,103,410,0,0,0,1246,fail,fail,208,0,105,0,1254,fail
 86170,0,fail,fail,848,1904,2379,fail,fail,fail,fail,0,519,1365,0,2627,fail,fail,1149,103,410,0,0,0,1246,fail,fail,208,0,105,0,1254,fail
 86175,0,fail,fail,848,1904,2379,fail,fail,fail,fail,0,519,1365,0,2627,fail,fail,1149,103,410,0,0,0,1246,fail,fail,208,0,105,0,1254,fail
 86180,0,fail,fail,848,1904,2379,fail,fail,fail,fail,0,519,1365,0,2627,fail,fail,1149,103,410,0,0,0,1246,fail,fail,208,0,105,0,1254,fail
 86185,0,fail,fail,848,1904,2379,fail,fail,fail,fail,0,519,1365,0,2627,fail,fail,1149,103,410,0,0,0,1246,fail,fail,208,0,105,0,1254,fail
 86190,0,fail,fail,848,1904,2379,fail,fail,fail,fail,0,519,1365,0,2627,fail,fail,1149,103,410,0,0,0,1246,fail,fail,208,0,105,0,1254,fail
 86195,0,fail,fail,848,1904,2379,fail,fail,fail,fail,0,519,1365,0,2627,fail,fail,1149,103,410,0,0,0,1246,fail,fail,208,0,105,0,1254,fail
 86200,0,fail,fail,848,1904,2379,fail,fail,fail,fail,0,519,1365,0,2627,fail,fail,1149,103,410,0,0,0,1246,fail,fail,208,0,105,0,1254,fail
 86205,0,fail,fail,848,1904,2379,fail,fail,fail,fail,0,519,1365,0,2627,fail,fail,1149,103,410,0,0,0,1246,fail,fail,208,0,105,0,1254,fail
 86210,0,fail,fail,848,1904,2379,fail,fail,fail,fail,0,519,1365,0,2627,fail,fail,1149,103,410,0,0,0,1246,fail,fail,208,0,105,0,1254,fail
 86215,0,fail,fail,848,1904,2379,fail,fail,fail,fail,0,519,1365,0,2627,fail,fail,1149,103,410,0,0,0,1246,fail,fail,208,0,105,0,1254,fail
 86220,0,fail,fail,848,1904,2379,fail,fail,fail,fail,0,519,1365,0,2627,fail,fail,1149,103,410,0,0,0,1246,fail,fail,208,0,105,0,1254,fail
 86225,0,fail,fail,848,1904,2379,fail,fail,fail,fail,0,519,1365,0,2627,fail,fail,1149,103,410,0,0,0,1246,fail,fail,208,0,105,0,1254,fail
 86230,0,fail,fail,848,1904,2379,fail,fail,fail,fail,0,519,1365,0,2627,fail,fail,1149,103,410,0,0,0,1246,fail,fail,208,0,105,0,1254,fail
 86235,0,fail,fail,848,1904,2379,fail,fail,fail,fail,0,519,1365,0,2627,fail,fail,1149,103,410,0,0,0,1246,fail,fail,208,0,105,0,1254,fail
 86240,0,fail,fail,848,1904,2379,fail,fail,fail,fail,0,519,1365,0,2627,fail,fail,1149,103,410,0,0,0,1246,fail,fail,208,0,105,0,1254,fail
 86245,0,fail,fail,848,1904,2379,fail,fail,fail,fail,0,519,1365,0,2627,fail,fail,1149,103,410,0,0,0,1246,fail,fail,208,0,105,0,1254,fail
 86250,0,fail,fail,848,1904,2379,fail,fail,fail,fail,0,519,1365,0,2627,fail,fail,1149,103,410,0,0,0,1246,fail,fail,208,0,105,0,1254,fail
 86255,0,fail,fail,848,1904,2379,fail,fail,fail,fail,0,519,1365,0,2627,fail,fail,1149,103,410,0,0,0,1246,fail,fail,208,0,105,0,1254,fail
 86260,0,fail,fail,848,1904,2379,fail,fail,fail,fail,0,519,1365,0,2627,fail,fail,1149,103,410,0,0,0,1246,fail,fail,208,0,105,0,1254,fail
 86265,0,fail,fail,848,1904,2379,fail,fail,fail,fail,0,519,1365,0,2627,fail,fail,1149,103,410,0,0,0,1246,fail,fail,208,0,105,0,1254,fail
 86270,0,fail,fail,848,1904,2379,fail,fail,fail,fail,0,519,1365,0,2627,fail,fail,1149,103,410,0,0,0,1246,fail,fail,208,0,105,0,1254,fail
 86275,0,fail,fail,848,1904,2379,fail,fail,fail,fail,0,519,1365,0,2627,fail,fail,1149,103,410,0,0,0,1246,fail,fail,208,0,105,0,1254,fail
 86280,0,fail,fail,848,1904,2379,fail,fail,fail,fail,0,519,1365,0,2627,fail,fail,1149,103,410,0,0,0,1246,fail,fail,208,0,105,0,1254,fail
 86285,0,fail,fail,848,1904,2379,fail,fail,fail,fail,0,519,1365,0,2627,fail,fail,1149,103,410,0,0,0,1246,fail,fail,208,0,105,0,1254,fail
 86290,0,fail,fail,848,1904,2379,fail,fail,fail,fail,0,519,1365,0,2627,fail,fail,1149,103,410,0,0,0,1246,fail,fail,208,0,105,0,1254,fail
 86295,0,fail,fail,848,1904,2379,fail,fail,fail,fail,0,519,1365,0,2627,fail,fail,1149,103,410,0,0,0,1246,fail,fail,208,0,105,0,1254,fail
 86300,0,fail,fail,848,1904,2379,fail,fail,fail,fail,0,519,1365,0,2627,fail,fail,1149,103,410,0,0,0,1246,fail,fail,208,0,105,0,1254,fail
 86305,0,fail,fail,848,1904,2379,fail,fail,fail,fail,0,519,1365,0,2627,fail,fail,1149,103,410,0,0,0,1246,fail,fail,208,0,105,0,1254,fail
 86310,0,fail,fail,848,1904,2379,fail,fail,fail,fail,0,519,1365,0,2627,fail,fail,1149,103,410,0,0,0,1246,fail,fail,208,0,105,0,1254,fail
 86315,0,fail,fail,848,1904,2379,fail,fail,fail,fail,0,519,1365,0,2627,fail,fail,1149,103,410,0,0,0,1246,fail,fail,208,0,105,0,1254,fail
 86320,0,fail,fail,848,1904,2379,fail,fail,fail,fail,0,519,1365,0,2627,fail,fail,1149,103,410,0,0,0,1246,fail,fail,208,0,105,0,1254,fail
 86325,0,fail,fail,848,1904,2379,fail,fail,fail,fail,0,519,1365,0,2627,fail,fail,1149,103,410,0,0,0,1246,fail,fail,208,0,105,0,1254,fail
 86330,0,fail,fail,848,1904,2379,fail,fail,fail,fail,0,519,1365,0,2627,fail,fail,1149,103,410,0,0,0,1246,fail,fail,208,0,105,0,1254,fail
 86335,0,fail,fail,848,1904,2379,fail,fail,fail,fail,0,519,1365,0,2627,fail,fail,1149,103,410,0,0,0,1246,fail,fail,208,0,105,0,1254,fail
 86340,0,fail,fail,848,1904,2379,fail,fail,fail,fail,0,519,1365,0,2627,fail,fail,1149,103,410,0,0,0,1246,fail,fail,208,0,105,0,1254,fail
 86345,0,fail,fail,848,1904,2379,fail,fail,fail,fail,0,519,1365,0,2627,fail,fail,1149,103,410,0,0,0,1246,fail,fail,208,0,105,0,1254,fail
 86350,0,fail,fail,848,1904,2379,fail,fail,fail,fail,0,519,1365,0,2627,fail,fail,1149,103,410,0,0,0,1246,fail,fail,208,0,105,0,1254,fail
 86355,0,fail,fail,848,1904,2379,fail,fail,fail,fail,0,519,1365,0,2627,fail,fail,1149,103,410,0,0,0,1246,fail,fail,208,0,105,0,1254,fail
 86360,0,fail,fail,848,1904,2379,fail,fail,fail,fail,0,519,1365,0,2627,fail,fail,1149,103,410,0,0,0,1246,fail,fail,208,0,105,0,1254,fail
 86365,0,fail,fail,848,1904,2379,fail,fail,fail,fail,0,519,1365,0,2627,fail,fail,1149,103,410,0,0,0,1246,fail,fail,208,0,105,0,1254,fail
 86370,0,fail,fail,848,1904,2379,fail,fail,fail,fail,0,519,1365,0,2627,fail,fail,1149,103,410,0,0,0,1246,fail,fail,208,0,105,0,1254,fail
 86375,0,fail,fail,848,1904,2379,fail,fail,fail,fail,0,519,1365,0,2627,fail,fail,1149,103,410,0,0,0,1246,fail,fail,208,0,105,0,1254,fail
 86380,0,fail,fail,848,1904,2379,fail,fail,fail,fail,0,519,1365,0,2627,fail,fail,1149,103,410,0,0,0,1246,fail,fail,208,0,105,0,1254,fail
 86385,0,fail,fail,848,1904,2379,fail,fail,fail,fail,0,519,1365,0,2627,fail,fail,1149,103,410,0,0,0,1246,fail,fail,208,0,105,0,1254,fail
 86390,0,fail,fail,848,1904,2379,fail,fail,fail,fail,0,519,1365,0,2627,fail,fail,1149,103,410,0,0,0,1246,fail,fail,208,0,105,0,1254,fail
 86395,0,fail,fail,848,1904,2379,fail,fail,fail,fail,0,519,1365,0,2627,fail,fail,1149,103,410,0,0,0,1246,fail,fail,208,0,105,0,1254,fail
 86400,0,fail,fail,848,1904,2379,fail,fail,fail,fail,0,519,1365,0,2627,fail,fail,1149,103,410,0,0,0,1246,fail,fail,208,0,105,0,1254,fail
 86405,0,fail,fail,848,1904,2379,fail,fail,fail,fail,0,519,1365,0,2627,fail,fail,1149,103,410,0,0,0,1246,fail,fail,208,0,105,0,1254,fail
 86410,0,fail,fail,848,1904,2379,fail,fail,fail,fail,0,519,1365,0,2627,fail,fail,1149,103,410,0,0,0,1246,fail,fail,208,0,105,0,1254,fail
 86415,0,fail,fail,848,1904,2379,fail,fail,fail,fail,0,519,1365,0,2627,fail,fail,1149,103,410,0,0,0,1246,fail,fail,208,0,105,0,1254,fail
 86420,0,fail,fail,848,1904,2379,fail,fail,fail,fail,0,519,1365,0,2627,fail,fail,1149,103,410,0,0,0,1246,fail,fail,208,0,105,0,1254,fail
 86425,0,fail,fail,848,1904,2379,fail,fail,fail,fail,0,519,1365,0,2627,fail,fail,1149,103,410,0,0,0,1246,fail,fail,208,0,105,0,1254,fail
 86430,0,fail,fail,848,1904,2379,fail,fail,fail,fail,0,519,1365,0,2627,fail,fail,1149,103,410,0,0,0,1246,fail,fail,208,0,105,0,1254,fail
 86435,0,fail,fail,848,1904,2379,fail,fail,fail,fail,0,519,1365,0,2627,fail,fail,1149,103,410,0,0,0,1246,fail,fail,208,0,105,0,1254,fail
 86440,0,fail,fail,848,1904,2379,fail,fail,fail,fail,0,519,1365,0,2627,fail,fail,1149,103,410,0,0,0,1246,fail,fail,208,0,105,0,1254,fail
 86445,0,fail,fail,848,1904,2379,fail,fail,fail,fail,0,519,1365,0,2627,fail,fail,1149,103,410,0,0,0,1246,fail,fail,208,0,105,0,1254,fail
 86450,0,fail,fail,848,1904,2379,fail,fail,fail,fail,0,519,1365,0,2627,fail,fail,1149,103,410,0,0,0,1246,fail,fail,208,0,105,0,1254,fail
 86455,0,fail,fail,848,1904,2379,fail,fail,fail,fail,0,519,1365,0,2627,fail,fail,1149,103,410,0,0,0,1246,fail,fail,208,0,105,0,1254,fail
 86460,0,fail,fail,848,1904,2379,fail,fail,fail,fail,0,519,1365,0,2627,fail,fail,1149,103,410,0,0,0,1246,fail,fail,208,0,105,0,1254,fail
 86465,0,fail,fail,848,1904,2379,fail,fail,fail,fail,0,519,1365,0,2627,fail,fail,1149,103,410,0,0,0,1246,fail,fail,208,0,105,0,1254,fail
 86470,0,fail,fail,848,1904,2379,fail,fail,fail,fail,0,519,1365,0,2627,fail,fail,1149,103,410,0,0,0,1246,fail,fail,208,0,105,0,1254,fail
 86475,0,fail,fail,848,1904,2379,fail,fail,fail,fail,0,519,1365,0,2627,fail,fail,1149,103,410,0,0,0,1246,fail,fail,208,0,105,0,1254,fail
 86480,0,fail,fail,848,1904,2379,fail,fail,fail,fail,0,519,1365,0,2627,fail,fail,1149,103,410,0,0,0,1246,fail,fail,208,0,105,0,1254,fail
 86485,0,fail,fail,848,1904,2379,fail,fail,fail,fail,0,519,1365,0,2627,fail,fail,1149,103,410,0,0,0,1246,fail,fail,208,0,105,0,1254,fail
 86490,0,fail,fail,848,1904,2379,fail,fail,fail,fail,0,519,1365,0,2627,fail,fail,1149,103,410,0,0,0,1246,fail,fail,208,0,105,0,1254,fail
 86495,0,fail,fail,848,1904,2379,fail,fail,fail,fail,0,519,1365,0,2627,fail,fail,1149,103,410,0,0,0,1246,fail,fail,208,0,105,0,1254,fail
 86500,0,fail,fail,848,1904,2379,fail,fail,fail,fail,0,519,1365,0,2627,fail,fail,1149,103,410,0,0,0,1246,fail,fail,208,0,105,0,1254,fail
 86505,0,fail,fail,848,1904,2379,fail,fail,fail,fail,0,519,1365,0,2627,fail,fail,1149,103,410,0,0,0,1246,fail,fail,208,0,105,0,1254,fail
 86510,0,fail,fail,848,1904,2379,fail,fail,fail,fail,0,519,1365,0,2627,fail,fail,1149,103,410,0,0,0,1246,fail,fail,208,0,105,0,1254,fail
 86515,0,fail,fail,848,1904,2379,fail,fail,fail,fail,0,519,1365,0,2627,fail,fail,1149,103,410,0,0,0,1246,fail,fail,208,0,105,0,1254,fail
 86520,0,fail,fail,848,1904,2379,fail,fail,fail,fail,0,519,1365,0,2627,fail,fail,1149,103,410,0,0,0,1246,fail,fail,208,0,105,0,1254,fail
 86525,0,fail,fail,848,1904,2379,fail,fail,fail,fail,0,519,1365,0,2627,fail,fail,1149,103,410,0,0,0,1246,fail,fail,208,0,105,0,1254,fail
 86530,0,fail,fail,848,1904,2379,fail,fail,fail,fail,0,519,1365,0,2627,fail,fail,1149,103,410,0,0,0,1246,fail,fail,208,0,105,0,1254,fail
 86535,0,fail,fail,848,1904,2379,fail,fail,fail,fail,0,519,1365,0,2627,fail,fail,1149,103,410,0,0,0,1246,fail,fail,208,0,105,0,1254,fail
 86540,0,fail,fail,848,1904,2379,fail,fail,fail,fail,0,519,1365,0,2627,fail,fail,1149,103,410,0,0,0,1246,fail,fail,208,0,105,0,1254,fail
 86545,0,fail,fail,848,1904,2379,fail,fail,fail,fail,0,519,1365,0,2627,fail,fail,1149,103,410,0,0,0,1246,fail,fail,208,0,105,0,1254,fail
 86550,0,fail,fail,848,1904,2379,fail,fail,fail,fail,0,519,1365,0,2627,fail,fail,1149,103,410,0,0,0,1246,fail,fail,208,0,105,0,1254,fail
 86555,0,fail,fail,848,1904,2379,fail,fail,fail,fail,0,519,1365,0,2627,fail,fail,1149,103,410,0,0,0,1246,fail,fail,208,0,105,0,1254,fail
 86560,0,fail,fail,848,1904,2379,fail,fail,fail,fail,0,519,1365,0,2627,fail,fail,1149,103,410,0,0,0,1246,fail,fail,208,0,105,0,1254,fail
 86565,0,fail,fail,848,1904,2379,fail,fail,fail,fail,0,519,1365,0,2627,fail,fail,1149,103,410,0,0,0,1246,fail,fail,208,0,105,0,1254,fail
 86570,0,fail,fail,848,1904,2379,fail,fail,fail,fail,0,519,1365,0,2627,fail,fail,1149,103,410,0,0,0,1246,fail,fail,208,0,105,0,1254,fail
 86575,0,fail,fail,848,1904,2379,fail,fail,fail,fail,0,519,1365,0,2627,fail,fail,1149,103,410,0,0,0,1246,fail,fail,208,0,105,0,1254,fail
 86580,0,fail,fail,848,1904,2379,fail,fail,fail,fail,0,519,1365,0,2627,fail,fail,1149,103,410,0,0,0,1246,fail,fail,208,0,105,0,1254,fail
 86585,0,fail,fail,848,1904,2379,fail,fail,fail,fail,0,519,1365,0,2627,fail,fail,1149,103,410,0,0,0,1246,fail,fail,208,0,105,0,1254,fail
 86590,0,fail,fail,848,1904,2379,fail,fail,fail,fail,0,519,1365,0,2627,fail,fail,1149,103,410,0,0,0,1246,fail,fail,208,0,105,0,1254,fail
 86595,0,fail,fail,848,1904,2379,fail,fail,fail,fail,0,519,1365,0,2627,fail,fail,1149,103,410,0,0,0,1246,fail,fail,208,0,105,0,1254,fail
 86600,0,fail,fail,848,1904,2379,fail,fail,fail,fail,0,519,1365,0,2627,fail,fail,1149,103,410,0,0,0,1246,fail,fail,208,0,105,0,1254,fail
 86605,0,fail,fail,848,1904,2379,fail,fail,fail,fail,0,519,1365,0,2627,fail,fail,1149,103,410,0,0,0,1246,fail,fail,208,0,105,0,1254,fail
 86610,0,fail,fail,848,1904,2379,fail,fail,fail,fail,0,519,1365,0,2627,fail,fail,1149,103,410,0,0,0,1246,fail,fail,208,0,105,0,1254,fail
 86615,0,fail,fail,848,1904,2379,fail,fail,fail,fail,0,519,1365,0,2627,fail,fail,1149,103,410,0,0,0,1246,fail,fail,208,0,105,0,1254,fail
 86620,0,fail,fail,848,1904,2379,fail,fail,fail,fail,0,519,1365,0,2627,fail,fail,1149,103,410,0,0,0,1246,fail,fail,208,0,105,0,1254,fail
 86625,0,fail,fail,848,1904,2379,fail,fail,fail,fail,0,519,1365,0,2627,fail,fail,1149,103,410,0,0,0,1246,fail,fail,208,0,105,0,1254,fail
 86630,0,fail,fail,848,1904,2379,fail,fail,fail,fail,0,519,1365,0,2627,fail,fail,1149,103,410,0,0,0,1246,fail,fail,208,0,105,0,1254,fail
 86635,0,fail,fail,848,1904,2379,fail,fail,fail,fail,0,519,1365,0,2627,fail,fail,1149,103,410,0,0,0,1246,fail,fail,208,0,105,0,1254,fail
 86640,0,fail,fail,848,1904,2379,fail,fail,fail,fail,0,519,1365,0,2627,fail,fail,1149,103,410,0,0,0,1246,fail,fail,208,0,105,0,1254,fail
 86645,0,fail,fail,848,1904,2379,fail,fail,fail,fail,0,519,1365,0,2627,fail,fail,1149,103,410,0,0,0,1246,fail,fail,208,0,105,0,1254,fail
 86650,0,fail,fail,848,1904,2379,fail,fail,fail,fail,0,519,1365,0,2627,fail,fail,1149,103,410,0,0,0,1246,fail,fail,208,0,105,0,1254,fail
 86655,0,fail,fail,848,1904,2379,fail,fail,fail,fail,0,519,1365,0,2627,fail,fail,1149,103,410,0,0,0,1246,fail,fail,208,0,105,0,1254,fail
 86660,0,fail,fail,848,1904,2379,fail,fail,fail,fail,0,519,1365,0,2627,fail,fail,1149,103,410,0,0,0,1246,fail,fail,208,0,105,0,1254,fail
 86665,0,fail,fail,848,1904,2379,fail,fail,fail,fail,0,519,1365,0,2627,fail,fail,1149,103,410,0,0,0,1246,fail,fail,208,0,105,0,1254,fail
 86670,0,fail,fail,848,1904,2379,fail,fail,fail,fail,0,519,1365,0,2627,fail,fail,1149,103,410,0,0,0,1246,fail,fail,208,0,105,0,1254,fail
 86675,0,fail,fail,848,1904,2379,fail,fail,fail,fail,0,519,1365,0,2627,fail,fail,1149,103,410,0,0,0,1246,fail,fail,208,0,105,0,1254,fail
 86680,0,fail,fail,848,1904,2379,fail,fail,fail,fail,0,519,1365,0,2627,fail,fail,1149,103,410,0,0,0,1246,fail,fail,208,0,105,0,1254,fail
 86685,0,fail,fail,848,1904,2379,fail,fail,fail,fail,0,519,1365,0,2627,fail,fail,1149,103,410,0,0,0,1246,fail,fail,208,0,105,0,1254,fail
 86690,0,fail,fail,848,1904,2379,fail,fail,fail,fail,0,519,1365,0,2627,fail,fail,1149,103,410,0,0,0,1246,fail,fail,208,0,105,0,1254,fail
 86695,0,fail,fail,848,1904,2379,fail,fail,fail,fail,0,519,1365,0,2627,fail,fail,1149,103,410,0,0,0,1246,fail,fail,208,0,105,0,1254,fail
 86700,0,fail,fail,848,1904,2379,fail,fail,fail,fail,0,519,1365,0,2627,fail,fail,1149,103,410,0,0,0,1246,fail,fail,208,0,105,0,1254,fail
 86705,0,fail,fail,848,1904,2379,fail,fail,fail,fail,0,519,1365,0,2627,fail,fail,1149,103,410,0,0,0,1246,fail,fail,208,0,105,0,1254,fail
 86710,0,fail,fail,848,1904,2379,fail,fail,fail,fail,0,519,1365,0,2627,fail,fail,1149,103,410,0,0,0,1246,fail,fail,208,0,105,0,1254,fail
 86715,0,fail,fail,848,1904,2379,fail,fail,fail,fail,0,519,1365,0,2627,fail,fail,1149,103,410,0,0,0,1246,fail,fail,208,0,105,0,1254,fail
 86720,0,fail,fail,848,1904,2379,fail,fail,fail,fail,0,519,1365,0,2627,fail,fail,1149,103,410,0,0,0,1246,fail,fail,208,0,105,0,1254,fail
 86725,0,fail,fail,848,1904,2379,fail,fail,fail,fail,0,519,1365,0,2627,fail,fail,1149,103,410,0,0,0,1246,fail,fail,208,0,105,0,1254,fail
 86730,0,fail,fail,848,1904,2379,fail,fail,fail,fail,0,519,1365,0,2627,fail,fail,1149,103,410,0,0,0,1246,fail,fail,208,0,105,0,1254,fail
 86735,0,fail,fail,848,1904,2379,fail,fail,fail,fail,0,519,1365,0,2627,fail,fail,1149,103,410,0,0,0,1246,fail,fail,208,0,105,0,1254,fail
 86740,0,fail,fail,848,1904,2379,fail,fail,fail,fail,0,519,1365,0,2627,fail,fail,1149,103,410,0,0,0,1246,fail,fail,208,0,105,0,1254,fail
 86745,0,fail,fail,848,1904,2379,fail,fail,fail,fail,0,519,1365,0,2627,fail,fail,1149,103,410,0,0,0,1246,fail,fail,208,0,105,0,1254,fail
 86750,0,fail,fail,848,1904,2379,fail,fail,fail,fail,0,519,1365,0,2627,fail,fail,1149,103,410,0,0,0,1246,fail,fail,208,0,105,0,1254,fail
 86755,0,fail,fail,848,1904,2379,fail,fail,fail,fail,0,519,1365,0,2627,fail,fail,1149,103,410,0,0,0,1246,fail,fail,208,0,105,0,1254,fail
 86760,0,fail,fail,848,1904,2379,fail,fail,fail,fail,0,519,1365,0,2627,fail,fail,1149,103,410,0,0,0,1246,fail,fail,208,0,105,0,1254,fail
 86765,0,fail,fail,848,1904,2379,fail,fail,fail,fail,0,519,1365,0,2627,fail,fail,1149,103,410,0,0,0,1246,fail,fail,208,0,105,0,1254,fail
 86770,0,fail,fail,848,1904,2379,fail,fail,fail,fail,0,519,1365,0,2627,fail,fail,1149,103,410,0,0,0,1246,fail,fail,208,0,105,0,1254,fail
 86775,0,fail,fail,848,1904,2379,fail,fail,fail,fail,0,519,1365,0,2627,fail,fail,1149,103,410,0,0,0,1246,fail,fail,208,0,105,0,1254,fail
 86780,0,fail,fail,848,1904,2379,fail,fail,fail,fail,0,519,1365,0,2627,fail,fail,1149,103,410,0,0,0,1246,fail,fail,208,0,105,0,1254,fail
 86785,0,fail,fail,848,1904,2379,fail,fail,fail,fail,0,519,1365,0,2627,fail,fail,1149,103,410,0,0,0,1246,fail,fail,208,0,105,0,1254,fail
 86790,0,fail,fail,848,1904,2379,fail,fail,fail,fail,0,519,1365,0,2627,fail,fail,1149,103,410,0,0,0,1246,fail,fail,208,0,105,0,1254,fail
 86795,0,fail,fail,848,1904,2379,fail,fail,fail,fail,0,519,1365,0,2627,fail,fail,1149,103,410,0,0,0,1246,fail,fail,208,0,105,0,1254,fail
 86800,0,fail,fail,848,1904,2379,fail,fail,fail,fail,0,519,1365,0,2627,fail,fail,1149,103,410,0,0,0,1246,fail,fail,208,0,105,0,1254,fail
 86805,0,fail,fail,848,1904,2379,fail,fail,fail,fail,0,519,1365,0,2627,fail,fail,1149,103,410,0,0,0,1246,fail,fail,208,0,105,0,1254,fail
 86810,0,fail,fail,848,1904,2379,fail,fail,fail,fail,0,519,1365,0,2627,fail,fail,1149,103,410,0,0,0,1246,fail,fail,208,0,105,0,1254,fail
 86815,0,fail,fail,848,1904,2379,fail,fail,fail,fail,0,519,1365,0,2627,fail,fail,1149,103,410,0,0,0,1246,fail,fail,208,0,105,0,1254,fail
 86820,0,fail,fail,848,1904,2379,fail,fail,fail,fail,0,519,1365,0,2627,fail,fail,1149,103,410,0,0,0,1246,fail,fail,208,0,105,0,1254,fail
 86825,0,fail,fail,848,1904,2379,fail,fail,fail,fail,0,519,1365,0,2627,fail,fail,1149,103,410,0,0,0,1246,fail,fail,208,0,105,0,1254,fail
 86830,0,fail,fail,848,1904,2379,fail,fail,fail,fail,0,519,1365,0,2627,fail,fail,1149,103,410,0,0,0,1246,fail,fail,208,0,105,0,1254,fail
 86835,0,fail,fail,848,1904,2379,fail,fail,fail,fail,0,519,1365,0,2627,fail,fail,1149,103,410,0,0,0,1246,fail,fail,208,0,105,0,1254,fail
 86840,0,fail,fail,848,1904,2379,fail,fail,fail,fail,0,519,1365,0,2627,fail,fail,1149,103,410,0,0,0,1246,fail,fail,208,0,105,0,1254,fail
 86845,0,fail,fail,848,1904,2379,fail,fail,fail,fail,0,519,1365,0,2627,fail,fail,1149,103,410,0,0,0,1246,fail,fail,208,0,105,0,1254,fail
 86850,0,fail,fail,848,1904,2379,fail,fail,fail,fail,0,519,1365,0,2627,fail,fail,1149,103,410,0,0,0,1246,fail,fail,208,0,105,0,1254,fail
 86855,0,fail,fail,848,1904,2379,fail,fail,fail,fail,0,519,1365,0,2627,fail,fail,1149,103,410,0,0,0,1246,fail,fail,208,0,105,0,1254,fail
 86860,0,fail,fail,848,1904,2379,fail,fail,fail,fail,0,519,1365,0,2627,fail,fail,1149,103,410,0,0,0,1246,fail,fail,208,0,105,0,1254,fail
 86865,0,fail,fail,848,1904,2379,fail,fail,fail,fail,0,519,1365,0,2627,fail,fail,1149,103,410,0,0,0,1246,fail,fail,208,0,105,0,1254,fail
 86870,0,fail,fail,848,1904,2379,fail,fail,fail,fail,0,519,1365,0,2627,fail,fail,1149,103,410,0,0,0,1246,fail,fail,208,0,105,0,1254,fail
 86875,0,fail,fail,848,1904,2379,fail,fail,fail,fail,0,519,1365,0,2627,fail,fail,1149,103,410,0,0,0,1246,fail,fail,208,0,105,0,1254,fail
 86880,0,fail,fail,848,1904,2379,fail,fail,fail,fail,0,519,1365,0,2627,fail,fail,1149,103,410,0,0,0,1246,fail,fail,208,0,105,0,1254,fail
 86885,0,fail,fail,848,1904,2379,fail,fail,fail,fail,0,519,1365,0,2627,fail,fail,1149,103,410,0,0,0,1246,fail,fail,208,0,105,0,1254,fail
 86890,0,fail,fail,848,1904,2379,fail,fail,fail,fail,0,519,1365,0,2627,fail,fail,1149,103,410,0,0,0,1246,fail,fail,208,0,105,0,1254,fail
 86895,0,fail,fail,848,1904,2379,fail,fail,fail,fail,0,519,1365,0,2627,fail,fail,1149,103,410,0,0,0,1246,fail,fail,208,0,105,0,1254,fail
 86900,0,fail,fail,848,1904,2379,fail,fail,fail,fail,0,519,1365,0,2627,fail,fail,1149,103,410,0,0,0,1246,fail,fail,208,0,105,0,1254,fail
 86905,0,fail,fail,848,1904,2379,fail,fail,fail,fail,0,519,1365,0,2627,fail,fail,1149,103,410,0,0,0,1246,fail,fail,208,0,105,0,1254,fail
 86910,0,fail,fail,848,1904,2379,fail,fail,fail,fail,0,519,1365,0,2627,fail,fail,1149,103,410,0,0,0,1246,fail,fail,208,0,105,0,1254,fail
 86915,0,fail,fail,848,1904,2379,fail,fail,fail,fail,0,519,1365,0,2627,fail,fail,1149,103,410,0,0,0,1246,fail,fail,208,0,105,0,1254,fail
 86920,0,fail,fail,848,1904,2379,fail,fail,fail,fail,0,519,1365,0,2627,fail,fail,1149,103,410,0,0,0,1246,fail,fail,208,0,105,0,1254,fail
 86925,0,fail,fail,848,1904,2379,fail,fail,fail,fail,0,519,1365,0,2627,fail,fail,1149,103,410,0,0,0,1246,fail,fail,208,0,105,0,1254,fail
 86930,0,fail,fail,848,1904,2379,fail,fail,fail,fail,0,519,1365,0,2627,fail,fail,1149,103,410,0,0,0,1246,fail,fail,208,0,105,0,1254,fail
 86935,0,fail,fail,848,1904,2379,fail,fail,fail,fail,0,519,1365,0,2627,fail,fail,1149,103,410,0,0,0,1246,fail,fail,208,0,105,0,1254,fail
 86940,0,fail,fail,848,1904,2379,fail,fail,fail,fail,0,519,1365,0,2627,fail,fail,1149,103,410,0,0,0,1246,fail,fail,208,0,105,0,1254,fail
 86945,0,fail,fail,848,1904,2379,fail,fail,fail,fail,0,519,1365,0,2627,fail,fail,1149,103,410,0,0,0,1246,fail,fail,208,0,105,0,1254,fail
 86950,0,fail,fail,848,1904,2379,fail,fail,fail,fail,0,519,1365,0,2627,fail,fail,1149,103,410,0,0,0,1246,fail,fail,208,0,105,0,1254,fail
 86955,0,fail,fail,848,1904,2379,fail,fail,fail,fail,0,519,1365,0,2627,fail,fail,1149,103,410,0,0,0,1246,fail,fail,208,0,105,0,1254,fail
 86960,0,fail,fail,848,1904,2379,fail,fail,fail,fail,0,519,1365,0,2627,fail,fail,1149,103,410,0,0,0,1246,fail,fail,208,0,105,0,1254,fail
 86965,0,fail,fail,848,1904,2379,fail,fail,fail,fail,0,519,1365,0,2627,fail,fail,1149,103,410,0,0,0,1246,fail,fail,208,0,105,0,1254,fail
 86970,0,fail,fail,848,1904,2379,fail,fail,fail,fail,0,519,1365,0,2627,fail,fail,1149,103,410,0,0,0,1246,fail,fail,208,0,105,0,1254,fail
 86975,0,fail,fail,848,1904,2379,fail,fail,fail,fail,0,519,1365,0,2627,fail,fail,1149,103,410,0,0,0,1246,fail,fail,208,0,105,0,1254,fail
 86980,0,fail,fail,848,1904,2379,fail,fail,fail,fail,0,519,1365,0,2627,fail,fail,1149,103,410,0,0,0,1246,fail,fail,208,0,105,0,1254,fail
 86985,0,fail,fail,848,1904,2379,fail,fail,fail,fail,0,519,1365,0,2627,fail,fail,1149,103,410,0,0,0,1246,fail,fail,208,0,105,0,1254,fail
 86990,0,fail,fail,848,1904,2379,fail,fail,fail,fail,0,519,1365,0,2627,fail,fail,1149,103,410,0,0,0,1246,fail,fail,208,0,105,0,1254,fail
 86995,0,fail,fail,848,1904,2379,fail,fail,fail,fail,0,519,1365,0,2627,fail,fail,1149,103,410,0,0,0,1246,fail,fail,208,0,105,0,1254,fail
 87000,0,fail,fail,848,1904,2379,fail,fail,fail,fail,0,519,1365,0,2627,fail,fail,1149,103,410,0,0,0,1246,fail,fail,208,0,105,0,1254,fail
 87005,0,fail,fail,848,1904,2379,fail,fail,fail,fail,0,519,1365,0,2627,fail,fail,1149,103,410,0,0,0,1246,fail,fail,208,0,105,0,1254,fail
 87010,0,fail,fail,848,1904,2379,fail,fail,fail,fail,0,519,1365,0,2627,fail,fail,1149,103,410,0,0,0,1246,fail,fail,208,0,105,0,1254,fail
 87015,0,fail,fail,848,1904,2379,fail,fail,fail,fail,0,519,1365,0,2627,fail,fail,1149,103,410,0,0,0,1246,fail,fail,208,0,105,0,1254,fail
 87020,0,fail,fail,848,1904,2379,fail,fail,fail,fail,0,519,1365,0,2627,fail,fail,1149,103,410,0,0,0,1246,fail,fail,208,0,105,0,1254,fail
 87025,0,fail,fail,848,1904,2379,fail,fail,fail,fail,0,519,1365,0,2627,fail,fail,1149,103,410,0,0,0,1246,fail,fail,208,0,105,0,1254,fail
 87030,0,fail,fail,848,1904,2379,fail,fail,fail,fail,0,519,1365,0,2627,fail,fail,1149,103,410,0,0,0,1246,fail,fail,208,0,105,0,1254,fail
 87035,0,fail,fail,848,1904,2379,fail,fail,fail,fail,0,519,1365,0,2627,fail,fail,1149,103,410,0,0,0,1246,fail,fail,208,0,105,0,1254,fail
 87040,0,fail,fail,848,1904,2379,fail,fail,fail,fail,0,519,1365,0,2627,fail,fail,1149,103,410,0,0,0,1246,fail,fail,208,0,105,0,1254,fail
 87045,0,fail,fail,848,1904,2379,fail,fail,fail,fail,0,519,1365,0,2627,fail,fail,1149,103,410,0,0,0,1246,fail,fail,208,0,105,0,1254,fail
 87050,0,fail,fail,848,1904,2379,fail,fail,fail,fail,0,519,1365,0,2627,fail,fail,1149,103,410,0,0,0,1246,fail,fail,208,0,105,0,1254,fail
 87055,0,fail,fail,848,1904,2379,fail,fail,fail,fail,0,519,1365,0,2627,fail,fail,1149,103,410,0,0,0,1246,fail,fail,208,0,105,0,1254,fail
 87060,0,fail,fail,848,1904,2379,fail,fail,fail,fail,0,519,1365,0,2627,fail,fail,1149,103,410,0,0,0,1246,fail,fail,208,0,105,0,1254,fail
 87065,0,fail,fail,848,1904,2379,fail,fail,fail,fail,0,519,1365,0,2627,fail,fail,1149,103,410,0,0,0,1246,fail,fail,208,0,105,0,1254,fail
 87070,0,fail,fail,848,1904,2379,fail,fail,fail,fail,0,519,1365,0,2627,fail,fail,1149,103,410,0,0,0,1246,fail,fail,208,0,105,0,1254,fail
 87075,0,fail,fail,848,1904,2379,fail,fail,fail,fail,0,519,1365,0,2627,fail,fail,1149,103,410,0,0,0,1246,fail,fail,208,0,105,0,1254,fail
 87080,0,fail,fail,848,1904,2379,fail,fail,fail,fail,0,519,1365,0,2627,fail,fail,1149,103,410,0,0,0,1246,fail,fail,208,0,105,0,1254,fail
 87085,0,fail,fail,848,1904,2379,fail,fail,fail,fail,0,519,1365,0,2627,fail,fail,1149,103,410,0,0,0,1246,fail,fail,208,0,105,0,1254,fail
 87090,0,fail,fail,848,1904,2379,fail,fail,fail,fail,0,519,1365,0,2627,fail,fail,1149,103,410,0,0,0,1246,fail,fail,208,0,105,0,1254,fail
 87095,0,fail,fail,848,1904,2379,fail,fail,fail,fail,0,519,1365,0,2627,fail,fail,1149,103,410,0,0,0,1246,fail,fail,208,0,105,0,1254,fail
 87100,0,fail,fail,848,1904,2379,fail,fail,fail,fail,0,519,1365,0,2627,fail,fail,1149,103,410,0,0,0,1246,fail,fail,208,0,105,0,1254,fail
 87105,0,fail,fail,848,1904,2379,fail,fail,fail,fail,0,519,1365,0,2627,fail,fail,1149,103,410,0,0,0,1246,fail,fail,208,0,105,0,1254,fail
 87110,0,fail,fail,848,1904,2379,fail,fail,fail,fail,0,519,1365,0,2627,fail,fail,1149,103,410,0,0,0,1246,fail,fail,208,0,105,0,1254,fail
 87115,0,fail,fail,848,1904,2379,fail,fail,fail,fail,0,519,1365,0,2627,fail,fail,1149,103,410,0,0,0,1246,fail,fail,208,0,105,0,1254,fail
 87120,0,fail,fail,848,1904,2379,fail,fail,fail,fail,0,519,1365,0,2627,fail,fail,1149,103,410,0,0,0,1246,fail,fail,208,0,105,0,1254,fail
 87125,0,fail,fail,848,1904,2379,fail,fail,fail,fail,0,519,1365,0,2627,fail,fail,1149,103,410,0,0,0,1246,fail,fail,208,0,105,0,1254,fail
 87130,0,fail,fail,848,1904,2379,fail,fail,fail,fail,0,519,1365,0,2627,fail,fail,1149,103,410,0,0,0,1246,fail,fail,208,0,105,0,1254,fail
 87135,0,fail,fail,848,1904,2379,fail,fail,fail,fail,0,519,1365,0,2627,fail,fail,1149,103,410,0,0,0,1246,fail,fail,208,0,105,0,1254,fail
 87140,0,fail,fail,848,1904,2379,fail,fail,fail,fail,0,519,1365,0,2627,fail,fail,1149,103,410,0,0,0,1246,fail,fail,208,0,105,0,1254,fail
 87145,0,fail,fail,848,1904,2379,fail,fail,fail,fail,0,519,1365,0,2627,fail,fail,1149,103,410,0,0,0,1246,fail,fail,208,0,105,0,1254,fail
 87150,0,fail,fail,848,1904,2379,fail,fail,fail,fail,0,519,1365,0,2627,fail,fail,1149,103,410,0,0,0,1246,fail,fail,208,0,105,0,1254,fail
 87155,0,fail,fail,848,1904,2379,fail,fail,fail,fail,0,519,1365,0,2627,fail,fail,1149,103,410,0,0,0,1246,fail,fail,208,0,105,0,1254,fail
 87160,0,fail,fail,848,1904,2379,fail,fail,fail,fail,0,519,1365,0,2627,fail,fail,1149,103,410,0,0,0,1246,fail,fail,208,0,105,0,1254,fail
 87165,0,fail,fail,848,1904,2379,fail,fail,fail,fail,0,519,1365,0,2627,fail,fail,1149,103,410,0,0,0,1246,fail,fail,208,0,105,0,1254,fail
 87170,0,fail,fail,848,1904,2379,fail,fail,fail,fail,0,519,1365,0,2627,fail,fail,1149,103,410,0,0,0,1246,fail,fail,208,0,105,0,1254,fail
 87175,0,fail,fail,848,1904,2379,fail,fail,fail,fail,0,519,1365,0,2627,fail,fail,1149,103,410,0,0,0,1246,fail,fail,208,0,105,0,1254,fail
 87180,0,fail,fail,848,1904,2379,fail,fail,fail,fail,0,519,1365,0,2627,fail,fail,1149,103,410,0,0,0,1246,fail,fail,208,0,105,0,1254,fail
 87185,0,fail,fail,848,1904,2379,fail,fail,fail,fail,0,519,1365,0,2627,fail,fail,1149,103,410,0,0,0,1246,fail,fail,208,0,105,0,1254,fail
 87190,0,fail,fail,848,1904,2379,fail,fail,fail,fail,0,519,1365,0,2627,fail,fail,1149,103,410,0,0,0,1246,fail,fail,208,0,105,0,1254,fail
 87195,0,fail,fail,848,1904,2379,fail,fail,fail,fail,0,519,1365,0,2627,fail,fail,1149,103,410,0,0,0,1246,fail,fail,208,0,105,0,1254,fail
 87200,0,fail,fail,848,1904,2379,fail,fail,fail,fail,0,519,1365,0,2627,fail,fail,1149,103,410,0,0,0,1246,fail,fail,208,0,105,0,1254,fail
 87205,0,fail,fail,848,1904,2379,fail,fail,fail,fail,0,519,1365,0,2627,fail,fail,1149,103,410,0,0,0,1246,fail,fail,208,0,105,0,1254,fail
 87210,0,fail,fail,848,1904,2379,fail,fail,fail,fail,0,519,1365,0,2627,fail,fail,1149,103,410,0,0,0,1246,fail,fail,208,0,105,0,1254,fail
 87215,0,fail,fail,848,1904,2379,fail,fail,fail,fail,0,519,1365,0,2627,fail,fail,1149,103,410,0,0,0,1246,fail,fail,208,0,105,0,1254,fail
 87220,0,fail,fail,848,1904,2379,fail,fail,fail,fail,0,519,1365,0,2627,fail,fail,1149,103,410,0,0,0,1246,fail,fail,208,0,105,0,1254,fail
 87225,0,fail,fail,848,1904,2379,fail,fail,fail,fail,0,519,1365,0,2627,fail,fail,1149,103,410,0,0,0,1246,fail,fail,208,0,105,0,1254,fail
 87230,0,fail,fail,848,1904,2379,fail,fail,fail,fail,0,519,1365,0,2627,fail,fail,1149,103,410,0,0,0,1246,fail,fail,208,0,105,0,1254,fail
 87235,0,fail,fail,848,1904,2379,fail,fail,fail,fail,0,519,1365,0,2627,fail,fail,1149,103,410,0,0,0,1246,fail,fail,208,0,105,0,1254,fail
 87240,0,fail,fail,848,1904,2379,fail,fail,fail,fail,0,519,1365,0,2627,fail,fail,1149,103,410,0,0,0,1246,fail,fail,208,0,105,0,1254,fail
 87245,0,fail,fail,848,1904,2379,fail,fail,fail,fail,0,519,1365,0,2627,fail,fail,1149,103,410,0,0,0,1246,fail,fail,208,0,105,0,1254,fail
 87250,0,fail,fail,848,1904,2379,fail,fail,fail,fail,0,519,1365,0,2627,fail,fail,1149,103,410,0,0,0,1246,fail,fail,208,0,105,0,1254,fail
 87255,0,fail,fail,848,1904,2379,fail,fail,fail,fail,0,519,1365,0,2627,fail,fail,1149,103,410,0,0,0,1246,fail,fail,208,0,105,0,1254,fail
 87260,0,fail,fail,848,1904,2379,fail,fail,fail,fail,0,519,1365,0,2627,fail,fail,1149,103,410,0,0,0,1246,fail,fail,208,0,105,0,1254,fail
 87265,0,fail,fail,848,1904,2379,fail,fail,fail,fail,0,519,1365,0,2627,fail,fail,1149,103,410,0,0,0,1246,fail,fail,208,0,105,0,1254,fail
 87270,0,fail,fail,848,1904,2379,fail,fail,fail,fail,0,519,1365,0,2627,fail,fail,1149,103,410,0,0,0,1246,fail,fail,208,0,105,0,1254,fail
 87275,0,fail,fail,848,1904,2379,fail,fail,fail,fail,0,519,1365,0,2627,fail,fail,1149,103,410,0,0,0,1246,fail,fail,208,0,105,0,1254,fail
 87280,0,fail,fail,848,1904,2379,fail,fail,fail,fail,0,519,1365,0,2627,fail,fail,1149,103,410,0,0,0,1246,fail,fail,208,0,105,0,1254,fail
 87285,0,fail,fail,848,1904,2379,fail,fail,fail,fail,0,519,1365,0,2627,fail,fail,1149,103,410,0,0,0,1246,fail,fail,208,0,105,0,1254,fail
 87290,0,fail,fail,848,1904,2379,fail,fail,fail,fail,0,519,1365,0,2627,fail,fail,1149,103,410,0,0,0,1246,fail,fail,208,0,105,0,1254,fail
 87295,0,fail,fail,848,1904,2379,fail,fail,fail,fail,0,519,1365,0,2627,fail,fail,1149,103,410,0,0,0,1246,fail,fail,208,0,105,0,1254,fail
 87300,0,fail,fail,848,1904,2379,fail,fail,fail,fail,0,519,1365,0,2627,fail,fail,1149,103,410,0,0,0,1246,fail,fail,208,0,105,0,1254,fail
 87305,0,fail,fail,848,1904,2379,fail,fail,fail,fail,0,519,1365,0,2627,fail,fail,1149,103,410,0,0,0,1246,fail,fail,208,0,105,0,1254,fail
 87310,0,fail,fail,848,1904,2379,fail,fail,fail,fail,0,519,1365,0,2627,fail,fail,1149,103,410,0,0,0,1246,fail,fail,208,0,105,0,1254,fail
 87315,0,fail,fail,848,1904,2379,fail,fail,fail,fail,0,519,1365,0,2627,fail,fail,1149,103,410,0,0,0,1246,fail,fail,208,0,105,0,1254,fail
 87320,0,fail,fail,848,1904,2379,fail,fail,fail,fail,0,519,1365,0,2627,fail,fail,1149,103,410,0,0,0,1246,fail,fail,208,0,105,0,1254,fail
 87325,0,fail,fail,848,1904,2379,fail,fail,fail,fail,0,519,1365,0,2627,fail,fail,1149,103,410,0,0,0,1246,fail,fail,208,0,105,0,1254,fail
 87330,0,fail,fail,848,1904,2379,fail,fail,fail,fail,0,519,1365,0,2627,fail,fail,1149,103,410,0,0,0,1246,fail,fail,208,0,105,0,1254,fail
 87335,0,fail,fail,848,1904,2379,fail,fail,fail,fail,0,519,1365,0,2627,fail,fail,1149,103,410,0,0,0,1246,fail,fail,208,0,105,0,1254,fail
 87340,0,fail,fail,848,1904,2379,fail,fail,fail,fail,0,519,1365,0,2627,fail,fail,1149,103,410,0,0,0,1246,fail,fail,208,0,105,0,1254,fail
 87345,0,fail,fail,848,1904,2379,fail,fail,fail,fail,0,519,1365,0,2627,fail,fail,1149,103,410,0,0,0,1246,fail,fail,208,0,105,0,1254,fail
 87350,0,fail,fail,848,1904,2379,fail,fail,fail,fail,0,519,1365,0,2627,fail,fail,1149,103,410,0,0,0,1246,fail,fail,208,0,105,0,1254,fail
 87355,0,fail,fail,848,1904,2379,fail,fail,fail,fail,0,519,1365,0,2627,fail,fail,1149,103,410,0,0,0,1246,fail,fail,208,0,105,0,1254,fail
 87360,0,fail,fail,848,1904,2379,fail,fail,fail,fail,0,519,1365,0,2627,fail,fail,1149,103,410,0,0,0,1246,fail,fail,208,0,105,0,1254,fail
 87365,0,fail,fail,848,1904,2379,fail,fail,fail,fail,0,519,1365,0,2627,fail,fail,1149,103,410,0,0,0,1246,fail,fail,208,0,105,0,1254,fail
 87370,0,fail,fail,848,1904,2379,fail,fail,fail,fail,0,519,1365,0,2627,fail,fail,1149,103,410,0,0,0,1246,fail,fail,208,0,105,0,1254,fail
 87375,0,fail,fail,848,1904,2379,fail,fail,fail,fail,0,519,1365,0,2627,fail,fail,1149,103,410,0,0,0,1246,fail,fail,208,0,105,0,1254,fail
 87380,0,fail,fail,848,1904,2379,fail,fail,fail,fail,0,519,1365,0,2627,fail,fail,1149,103,410,0,0,0,1246,fail,fail,208,0,105,0,1254,fail
 87385,0,fail,fail,848,1904,2379,fail,fail,fail,fail,0,519,1365,0,2627,fail,fail,1149,103,410,0,0,0,1246,fail,fail,208,0,105,0,1254,fail
 87390,0,fail,fail,848,1904,2379,fail,fail,fail,fail,0,519,1365,0,2627,fail,fail,1149,103,410,0,0,0,1246,fail,fail,208,0,105,0,1254,fail
 87395,0,fail,fail,848,1904,2379,fail,fail,fail,fail,0,519,1365,0,2627,fail,fail,1149,103,410,0,0,0,1246,fail,fail,208,0,105,0,1254,fail
 87400,0,fail,fail,848,1904,2379,fail,fail,fail,fail,0,519,1365,0,2627,fail,fail,1149,103,410,0,0,0,1246,fail,fail,208,0,105,0,1254,fail
 87405,0,fail,fail,848,1904,2379,fail,fail,fail,fail,0,519,1365,0,2627,fail,fail,1149,103,410,0,0,0,1246,fail,fail,208,0,105,0,1254,fail
 87410,0,fail,fail,848,1904,2379,fail,fail,fail,fail,0,519,1365,0,2627,fail,fail,1149,103,410,0,0,0,1246,fail,fail,208,0,105,0,1254,fail
 87415,0,fail,fail,848,1904,2379,fail,fail,fail,fail,0,519,1365,0,2627,fail,fail,1149,103,410,0,0,0,1246,fail,fail,208,0,105,0,1254,fail
 87420,0,fail,fail,848,1904,2379,fail,fail,fail,fail,0,519,1365,0,2627,fail,fail,1149,103,410,0,0,0,1246,fail,fail,208,0,105,0,1254,fail
 87425,0,fail,fail,848,1904,2379,fail,fail,fail,fail,0,519,1365,0,2627,fail,fail,1149,103,410,0,0,0,1246,fail,fail,208,0,105,0,1254,fail
 87430,0,fail,fail,848,1904,2379,fail,fail,fail,fail,0,519,1365,0,2627,fail,fail,1149,103,410,0,0,0,1246,fail,fail,208,0,105,0,1254,fail
 87435,0,fail,fail,848,1904,2379,fail,fail,fail,fail,0,519,1365,0,2627,fail,fail,1149,103,410,0,0,0,1246,fail,fail,208,0,105,0,1254,fail
 87440,0,fail,fail,848,1904,2379,fail,fail,fail,fail,0,519,1365,0,2627,fail,fail,1149,103,410,0,0,0,1246,fail,fail,208,0,105,0,1254,fail
 87445,0,fail,fail,848,1904,2379,fail,fail,fail,fail,0,519,1365,0,2627,fail,fail,1149,103,410,0,0,0,1246,fail,fail,208,0,105,0,1254,fail
 87450,0,fail,fail,848,1904,2379,fail,fail,fail,fail,0,519,1365,0,2627,fail,fail,1149,103,410,0,0,0,1246,fail,fail,208,0,105,0,1254,fail
 87455,0,fail,fail,848,1904,2379,fail,fail,fail,fail,0,519,1365,0,2627,fail,fail,1149,103,410,0,0,0,1246,fail,fail,208,0,105,0,1254,fail
 87460,0,fail,fail,848,1904,2379,fail,fail,fail,fail,0,519,1365,0,2627,fail,fail,1149,103,410,0,0,0,1246,fail,fail,208,0,105,0,1254,fail
 87465,0,fail,fail,848,1904,2379,fail,fail,fail,fail,0,519,1365,0,2627,fail,fail,1149,103,410,0,0,0,1246,fail,fail,208,0,105,0,1254,fail
 87470,0,fail,fail,848,1904,2379,fail,fail,fail,fail,0,519,1365,0,2627,fail,fail,1149,103,410,0,0,0,1246,fail,fail,208,0,105,0,1254,fail
 87475,0,fail,fail,848,1904,2379,fail,fail,fail,fail,0,519,1365,0,2627,fail,fail,1149,103,410,0,0,0,1246,fail,fail,208,0,105,0,1254,fail
 87480,0,fail,fail,848,1904,2379,fail,fail,fail,fail,0,519,1365,0,2627,fail,fail,1149,103,410,0,0,0,1246,fail,fail,208,0,105,0,1254,fail
 87485,0,fail,fail,848,1904,2379,fail,fail,fail,fail,0,519,1365,0,2627,fail,fail,1149,103,410,0,0,0,1246,fail,fail,208,0,105,0,1254,fail
 87490,0,fail,fail,848,1904,2379,fail,fail,fail,fail,0,519,1365,0,2627,fail,fail,1149,103,410,0,0,0,1246,fail,fail,208,0,105,0,1254,fail
 87495,0,fail,fail,848,1904,2379,fail,fail,fail,fail,0,519,1365,0,2627,fail,fail,1149,103,410,0,0,0,1246,fail,fail,208,0,105,0,1254,fail
 87500,0,fail,fail,848,1904,2379,fail,fail,fail,fail,0,519,1365,0,2627,fail,fail,1149,103,410,0,0,0,1246,fail,fail,208,0,105,0,1254,fail
 87505,0,fail,fail,848,1904,2379,fail,fail,fail,fail,0,519,1365,0,2627,fail,fail,1149,103,410,0,0,0,1246,fail,fail,208,0,105,0,1254,fail
 87510,0,fail,fail,848,1904,2379,fail,fail,fail,fail,0,519,1365,0,2627,fail,fail,1149,103,410,0,0,0,1246,fail,fail,208,0,105,0,1254,fail
 87515,0,fail,fail,848,1904,2379,fail,fail,fail,fail,0,519,1365,0,2627,fail,fail,1149,103,410,0,0,0,1246,fail,fail,208,0,105,0,1254,fail
 87520,0,fail,fail,848,1904,2379,fail,fail,fail,fail,0,519,1365,0,2627,fail,fail,1149,103,410,0,0,0,1246,fail,fail,208,0,105,0,1254,fail
 87525,0,fail,fail,848,1904,2379,fail,fail,fail,fail,0,519,1365,0,2627,fail,fail,1149,103,410,0,0,0,1246,fail,fail,208,0,105,0,1254,fail
 87530,0,fail,fail,848,1904,2379,fail,fail,fail,fail,0,519,1365,0,2627,fail,fail,1149,103,410,0,0,0,1246,fail,fail,208,0,105,0,1254,fail
 87535,0,fail,fail,848,1904,2379,fail,fail,fail,fail,0,519,1365,0,2627,fail,fail,1149,103,410,0,0,0,1246,fail,fail,208,0,105,0,1254,fail
 87540,0,fail,fail,848,1904,2379,fail,fail,fail,fail,0,519,1365,0,2627,fail,fail,1149,103,410,0,0,0,1246,fail,fail,208,0,105,0,1254,fail
 87545,0,fail,fail,848,1904,2379,fail,fail,fail,fail,0,519,1365,0,2627,fail,fail,1149,103,410,0,0,0,1246,fail,fail,208,0,105,0,1254,fail
 87550,0,fail,fail,848,1904,2379,fail,fail,fail,fail,0,519,1365,0,2627,fail,fail,1149,103,410,0,0,0,1246,fail,fail,208,0,105,0,1254,fail
 87555,0,fail,fail,848,1904,2379,fail,fail,fail,fail,0,519,1365,0,2627,fail,fail,1149,103,410,0,0,0,1246,fail,fail,208,0,105,0,1254,fail
 87560,0,fail,fail,848,1904,2379,fail,fail,fail,fail,0,519,1365,0,2627,fail,fail,1149,103,410,0,0,0,1246,fail,fail,208,0,105,0,1254,fail
 87565,0,fail,fail,848,1904,2379,fail,fail,fail,fail,0,519,1365,0,2627,fail,fail,1149,103,410,0,0,0,1246,fail,fail,208,0,105,0,1254,fail
 87570,0,fail,fail,848,1904,2379,fail,fail,fail,fail,0,519,1365,0,2627,fail,fail,1149,103,410,0,0,0,1246,fail,fail,208,0,105,0,1254,fail
 87575,0,fail,fail,848,1904,2379,fail,fail,fail,fail,0,519,1365,0,2627,fail,fail,1149,103,410,0,0,0,1246,fail,fail,208,0,105,0,1254,fail
 87580,0,fail,fail,848,1904,2379,fail,fail,fail,fail,0,519,1365,0,2627,fail,fail,1149,103,410,0,0,0,1246,fail,fail,208,0,105,0,1254,fail
 87585,0,fail,fail,848,1904,2379,fail,fail,fail,fail,0,519,1365,0,2627,fail,fail,1149,103,410,0,0,0,1246,fail,fail,208,0,105,0,1254,fail
 87590,0,fail,fail,848,1904,2379,fail,fail,fail,fail,0,519,1365,0,2627,fail,fail,1149,103,410,0,0,0,1246,fail,fail,208,0,105,0,1254,fail
 87595,0,fail,fail,848,1904,2379,fail,fail,fail,fail,0,519,1365,0,2627,fail,fail,1149,103,410,0,0,0,1246,fail,fail,208,0,105,0,1254,fail
 87600,0,fail,fail,848,1904,2379,fail,fail,fail,fail,0,519,1365,0,2627,fail,fail,1149,103,410,0,0,0,1246,fail,fail,208,0,105,0,1254,fail
 87605,0,fail,fail,848,1904,2379,fail,fail,fail,fail,0,519,1365,0,2627,fail,fail,1149,103,410,0,0,0,1246,fail,fail,208,0,105,0,1254,fail
 87610,0,fail,fail,848,1904,2379,fail,fail,fail,fail,0,519,1365,0,2627,fail,fail,1149,103,410,0,0,0,1246,fail,fail,208,0,105,0,1254,fail
 87615,0,fail,fail,848,1904,2379,fail,fail,fail,fail,0,519,1365,0,2627,fail,fail,1149,103,410,0,0,0,1246,fail,fail,208,0,105,0,1254,fail
 87620,0,fail,fail,848,1904,2379,fail,fail,fail,fail,0,519,1365,0,2627,fail,fail,1149,103,410,0,0,0,1246,fail,fail,208,0,105,0,1254,fail
 87625,0,fail,fail,848,1904,2379,fail,fail,fail,fail,0,519,1365,0,2627,fail,fail,1149,103,410,0,0,0,1246,fail,fail,208,0,105,0,1254,fail
 87630,0,fail,fail,848,1904,2379,fail,fail,fail,fail,0,519,1365,0,2627,fail,fail,1149,103,410,0,0,0,1246,fail,fail,208,0,105,0,1254,fail
 87635,0,fail,fail,848,1904,2379,fail,fail,fail,fail,0,519,1365,0,2627,fail,fail,1149,103,410,0,0,0,1246,fail,fail,208,0,105,0,1254,fail
 87640,0,fail,fail,848,1904,2379,fail,fail,fail,fail,0,519,1365,0,2627,fail,fail,1149,103,410,0,0,0,1246,fail,fail,208,0,105,0,1254,fail
 87645,0,fail,fail,848,1904,2379,fail,fail,fail,fail,0,519,1365,0,2627,fail,fail,1149,103,410,0,0,0,1246,fail,fail,208,0,105,0,1254,fail
 87650,0,fail,fail,848,1904,2379,fail,fail,fail,fail,0,519,1365,0,2627,fail,fail,1149,103,410,0,0,0,1246,fail,fail,208,0,105,0,1254,fail
 87655,0,fail,fail,848,1904,2379,fail,fail,fail,fail,0,519,1365,0,2627,fail,fail,1149,103,410,0,0,0,1246,fail,fail,208,0,105,0,1254,fail
 87660,0,fail,fail,848,1904,2379,fail,fail,fail,fail,0,519,1365,0,2627,fail,fail,1149,103,410,0,0,0,1246,fail,fail,208,0,105,0,1254,fail
 87665,0,fail,fail,848,1904,2379,fail,fail,fail,fail,0,519,1365,0,2627,fail,fail,1149,103,410,0,0,0,1246,fail,fail,208,0,105,0,1254,fail
 87670,0,fail,fail,848,1904,2379,fail,fail,fail,fail,0,519,1365,0,2627,fail,fail,1149,103,410,0,0,0,1246,fail,fail,208,0,105,0,1254,fail
 87675,0,fail,fail,848,1904,2379,fail,fail,fail,fail,0,519,1365,0,2627,fail,fail,1149,103,410,0,0,0,1246,fail,fail,208,0,105,0,1254,fail
 87680,0,fail,fail,848,1904,2379,fail,fail,fail,fail,0,519,1365,0,2627,fail,fail,1149,103,410,0,0,0,1246,fail,fail,208,0,105,0,1254,fail
 87685,0,fail,fail,848,1904,2379,fail,fail,fail,fail,0,519,1365,0,2627,fail,fail,1149,103,410,0,0,0,1246,fail,fail,208,0,105,0,1254,fail
 87690,0,fail,fail,848,1904,2379,fail,fail,fail,fail,0,519,1365,0,2627,fail,fail,1149,103,410,0,0,0,1246,fail,fail,208,0,105,0,1254,fail
 87695,0,fail,fail,848,1904,2379,fail,fail,fail,fail,0,519,1365,0,2627,fail,fail,1149,103,410,0,0,0,1246,fail,fail,208,0,105,0,1254,fail
 87700,0,fail,fail,848,1904,2379,fail,fail,fail,fail,0,519,1365,0,2627,fail,fail,1149,103,410,0,0,0,1246,fail,fail,208,0,105,0,1254,fail
 87705,0,fail,fail,848,1904,2379,fail,fail,fail,fail,0,519,1365,0,2627,fail,fail,1149,103,410,0,0,0,1246,fail,fail,208,0,105,0,1254,fail
 87710,0,fail,fail,848,1904,2379,fail,fail,fail,fail,0,519,1365,0,2627,fail,fail,1149,103,410,0,0,0,1246,fail,fail,208,0,105,0,1254,fail
 87715,0,fail,fail,848,1904,2379,fail,fail,fail,fail,0,519,1365,0,2627,fail,fail,1149,103,410,0,0,0,1246,fail,fail,208,0,105,0,1254,fail
 87720,0,fail,fail,848,1904,2379,fail,fail,fail,fail,0,519,1365,0,2627,fail,fail,1149,103,410,0,0,0,1246,fail,fail,208,0,105,0,1254,fail
 87725,0,fail,fail,848,1904,2379,fail,fail,fail,fail,0,519,1365,0,2627,fail,fail,1149,103,410,0,0,0,1246,fail,fail,208,0,105,0,1254,fail
 87730,0,fail,fail,848,1904,2379,fail,fail,fail,fail,0,519,1365,0,2627,fail,fail,1149,103,410,0,0,0,1246,fail,fail,208,0,105,0,1254,fail
 87735,0,fail,fail,848,1904,2379,fail,fail,fail,fail,0,519,1365,0,2627,fail,fail,1149,103,410,0,0,0,1246,fail,fail,208,0,105,0,1254,fail
 87740,0,fail,fail,848,1904,2379,fail,fail,fail,fail,0,519,1365,0,2627,fail,fail,1149,103,410,0,0,0,1246,fail,fail,208,0,105,0,1254,fail
 87745,0,fail,fail,848,1904,2379,fail,fail,fail,fail,0,519,1365,0,2627,fail,fail,1149,103,410,0,0,0,1246,fail,fail,208,0,105,0,1254,fail
 87750,0,fail,fail,848,1904,2379,fail,fail,fail,fail,0,519,1365,0,2627,fail,fail,1149,103,410,0,0,0,1246,fail,fail,208,0,105,0,1254,fail
 87755,0,fail,fail,848,1904,2379,fail,fail,fail,fail,0,519,1365,0,2627,fail,fail,1149,103,410,0,0,0,1246,fail,fail,208,0,105,0,1254,fail
 87760,0,fail,fail,848,1904,2379,fail,fail,fail,fail,0,519,1365,0,2627,fail,fail,1149,103,410,0,0,0,1246,fail,fail,208,0,105,0,1254,fail
 87765,0,fail,fail,848,1904,2379,fail,fail,fail,fail,0,519,1365,0,2627,fail,fail,1149,103,410,0,0,0,1246,fail,fail,208,0,105,0,1254,fail
 87770,0,fail,fail,848,1904,2379,fail,fail,fail,fail,0,519,1365,0,2627,fail,fail,1149,103,410,0,0,0,1246,fail,fail,208,0,105,0,1254,fail
 87775,0,fail,fail,848,1904,2379,fail,fail,fail,fail,0,519,1365,0,2627,fail,fail,1149,103,410,0,0,0,1246,fail,fail,208,0,105,0,1254,fail
 87780,0,fail,fail,848,1904,2379,fail,fail,fail,fail,0,519,1365,0,2627,fail,fail,1149,103,410,0,0,0,1246,fail,fail,208,0,105,0,1254,fail
 87785,0,fail,fail,848,1904,2379,fail,fail,fail,fail,0,519,1365,0,2627,fail,fail,1149,103,410,0,0,0,1246,fail,fail,208,0,105,0,1254,fail
 87790,0,fail,fail,848,1904,2379,fail,fail,fail,fail,0,519,1365,0,2627,fail,fail,1149,103,410,0,0,0,1246,fail,fail,208,0,105,0,1254,fail
 87795,0,fail,fail,848,1904,2379,fail,fail,fail,fail,0,519,1365,0,2627,fail,fail,1149,103,410,0,0,0,1246,fail,fail,208,0,105,0,1254,fail
 87800,0,fail,fail,848,1904,2379,fail,fail,fail,fail,0,519,1365,0,2627,fail,fail,1149,103,410,0,0,0,1246,fail,fail,208,0,105,0,1254,fail
 87805,0,fail,fail,848,1904,2379,fail,fail,fail,fail,0,519,1365,0,2627,fail,fail,1149,103,410,0,0,0,1246,fail,fail,208,0,105,0,1254,fail
 87810,0,fail,fail,848,1904,2379,fail,fail,fail,fail,0,519,1365,0,2627,fail,fail,1149,103,410,0,0,0,1246,fail,fail,208,0,105,0,1254,fail
 87815,0,fail,fail,848,1904,2379,fail,fail,fail,fail,0,519,1365,0,2627,fail,fail,1149,103,410,0,0,0,1246,fail,fail,208,0,105,0,1254,fail
 87820,0,fail,fail,848,1904,2379,fail,fail,fail,fail,0,519,1365,0,2627,fail,fail,1149,103,410,0,0,0,1246,fail,fail,208,0,105,0,1254,fail
 87825,0,fail,fail,848,1904,2379,fail,fail,fail,fail,0,519,1365,0,2627,fail,fail,1149,103,410,0,0,0,1246,fail,fail,208,0,105,0,1254,fail
 87830,0,fail,fail,848,1904,2379,fail,fail,fail,fail,0,519,1365,0,2627,fail,fail,1149,103,410,0,0,0,1246,fail,fail,208,0,105,0,1254,fail
 87835,0,fail,fail,848,1904,2379,fail,fail,fail,fail,0,519,1365,0,2627,fail,fail,1149,103,410,0,0,0,1246,fail,fail,208,0,105,0,1254,fail
 87840,0,fail,fail,848,1904,2379,fail,fail,fail,fail,0,519,1365,0,2627,fail,fail,1149,103,410,0,0,0,1246,fail,fail,208,0,105,0,1254,fail
 87845,0,fail,fail,848,1904,2379,fail,fail,fail,fail,0,519,1365,0,2627,fail,fail,1149,103,410,0,0,0,1246,fail,fail,208,0,105,0,1254,fail
 87850,0,fail,fail,848,1904,2379,fail,fail,fail,fail,0,519,1365,0,2627,fail,fail,1149,103,410,0,0,0,1246,fail,fail,208,0,105,0,1254,fail
 87855,0,fail,fail,848,1904,2379,fail,fail,fail,fail,0,519,1365,0,2627,fail,fail,1149,103,410,0,0,0,1246,fail,fail,208,0,105,0,1254,fail
 87860,0,fail,fail,848,1904,2379,fail,fail,fail,fail,0,519,1365,0,2627,fail,fail,1149,103,410,0,0,0,1246,fail,fail,208,0,105,0,1254,fail
 87865,0,fail,fail,848,1904,2379,fail,fail,fail,fail,0,519,1365,0,2627,fail,fail,1149,103,410,0,0,0,1246,fail,fail,208,0,105,0,1254,fail
 87870,0,fail,fail,848,1904,2379,fail,fail,fail,fail,0,519,1365,0,2627,fail,fail,1149,103,410,0,0,0,1246,fail,fail,208,0,105,0,1254,fail
 87875,0,fail,fail,848,1904,2379,fail,fail,fail,fail,0,519,1365,0,2627,fail,fail,1149,103,410,0,0,0,1246,fail,fail,208,0,105,0,1254,fail
 87880,0,fail,fail,848,1904,2379,fail,fail,fail,fail,0,519,1365,0,2627,fail,fail,1149,103,410,0,0,0,1246,fail,fail,208,0,105,0,1254,fail
 87885,0,fail,fail,848,1904,2379,fail,fail,fail,fail,0,519,1365,0,2627,fail,fail,1149,103,410,0,0,0,1246,fail,fail,208,0,105,0,1254,fail
 87890,0,fail,fail,848,1904,2379,fail,fail,fail,fail,0,519,1365,0,2627,fail,fail,1149,103,410,0,0,0,1246,fail,fail,208,0,105,0,1254,fail
 87895,0,fail,fail,848,1904,2379,fail,fail,fail,fail,0,519,1365,0,2627,fail,fail,1149,103,410,0,0,0,1246,fail,fail,208,0,105,0,1254,fail
 87900,0,fail,fail,848,1904,2379,fail,fail,fail,fail,0,519,1365,0,2627,fail,fail,1149,103,410,0,0,0,1246,fail,fail,208,0,105,0,1254,fail
 87905,0,fail,fail,848,1904,2379,fail,fail,fail,fail,0,519,1365,0,2627,fail,fail,1149,103,410,0,0,0,1246,fail,fail,208,0,105,0,1254,fail
 87910,0,fail,fail,848,1904,2379,fail,fail,fail,fail,0,519,1365,0,2627,fail,fail,1149,103,410,0,0,0,1246,fail,fail,208,0,105,0,1254,fail
 87915,0,fail,fail,848,1904,2379,fail,fail,fail,fail,0,519,1365,0,2627,fail,fail,1149,103,410,0,0,0,1246,fail,fail,208,0,105,0,1254,fail
 87920,0,fail,fail,848,1904,2379,fail,fail,fail,fail,0,519,1365,0,2627,fail,fail,1149,103,410,0,0,0,1246,fail,fail,208,0,105,0,1254,fail
 87925,0,fail,fail,848,1904,2379,fail,fail,fail,fail,0,519,1365,0,2627,fail,fail,1149,103,410,0,0,0,1246,fail,fail,208,0,105,0,1254,fail
 87930,0,fail,fail,848,1904,2379,fail,fail,fail,fail,0,519,1365,0,2627,fail,fail,1149,103,410,0,0,0,1246,fail,fail,208,0,105,0,1254,fail
 87935,0,fail,fail,848,1904,2379,fail,fail,fail,fail,0,519,1365,0,2627,fail,fail,1149,103,410,0,0,0,1246,fail,fail,208,0,105,0,1254,fail
 87940,0,fail,fail,848,1904,2379,fail,fail,fail,fail,0,519,1365,0,2627,fail,fail,1149,103,410,0,0,0,1246,fail,fail,208,0,105,0,1254,fail
 87945,0,fail,fail,848,1904,2379,fail,fail,fail,fail,0,519,1365,0,2627,fail,fail,1149,103,410,0,0,0,1246,fail,fail,208,0,105,0,1254,fail
 87950,0,fail,fail,848,1904,2379,fail,fail,fail,fail,0,519,1365,0,2627,fail,fail,1149,103,410,0,0,0,1246,fail,fail,208,0,105,0,1254,fail
 87955,0,fail,fail,848,1904,2379,fail,fail,fail,fail,0,519,1365,0,2627,fail,fail,1149,103,410,0,0,0,1246,fail,fail,208,0,105,0,1254,fail
 87960,0,fail,fail,848,1904,2379,fail,fail,fail,fail,0,519,1365,0,2627,fail,fail,1149,103,410,0,0,0,1246,fail,fail,208,0,105,0,1254,fail
 87965,0,fail,fail,848,1904,2379,fail,fail,fail,fail,0,519,1365,0,2627,fail,fail,1149,103,410,0,0,0,1246,fail,fail,208,0,105,0,1254,fail
 87970,0,fail,fail,848,1904,2379,fail,fail,fail,fail,0,519,1365,0,2627,fail,fail,1149,103,410,0,0,0,1246,fail,fail,208,0,105,0,1254,fail
 87975,0,fail,fail,848,1904,2379,fail,fail,fail,fail,0,519,1365,0,2627,fail,fail,1149,103,410,0,0,0,1246,fail,fail,208,0,105,0,1254,fail
 87980,0,fail,fail,848,1904,2379,fail,fail,fail,fail,0,519,1365,0,2627,fail,fail,1149,103,410,0,0,0,1246,fail,fail,208,0,105,0,1254,fail
 87985,0,fail,fail,848,1904,2379,fail,fail,fail,fail,0,519,1365,0,2627,fail,fail,1149,103,410,0,0,0,1246,fail,fail,208,0,105,0,1254,fail
 87990,0,fail,fail,848,1904,2379,fail,fail,fail,fail,0,519,1365,0,2627,fail,fail,1149,103,410,0,0,0,1246,fail,fail,208,0,105,0,1254,fail
 87995,0,fail,fail,848,1904,2379,fail,fail,fail,fail,0,519,1365,0,2627,fail,fail,1149,103,410,0,0,0,1246,fail,fail,208,0,105,0,1254,fail
 88000,0,fail,fail,848,1904,2379,fail,fail,fail,fail,0,519,1365,0,2627,fail,fail,1149,103,410,0,0,0,1246,fail,fail,208,0,105,0,1254,fail
 88005,0,fail,fail,848,1904,2379,fail,fail,fail,fail,0,519,1365,0,2627,fail,fail,1149,103,410,0,0,0,1246,fail,fail,208,0,105,0,1254,fail
 88010,0,fail,fail,848,1904,2379,fail,fail,fail,fail,0,519,1365,0,2627,fail,fail,1149,103,410,0,0,0,1246,fail,fail,208,0,105,0,1254,fail
 88015,0,fail,fail,848,1904,2379,fail,fail,fail,fail,0,519,1365,0,2627,fail,fail,1149,103,410,0,0,0,1246,fail,fail,208,0,105,0,1254,fail
 88020,0,fail,fail,848,1904,2379,fail,fail,fail,fail,0,519,1365,0,2627,fail,fail,1149,103,410,0,0,0,1246,fail,fail,208,0,105,0,1254,fail
 88025,0,fail,fail,848,1904,2379,fail,fail,fail,fail,0,519,1365,0,2627,fail,fail,1149,103,410,0,0,0,1246,fail,fail,208,0,105,0,1254,fail
 88030,0,fail,fail,848,1904,2379,fail,fail,fail,fail,0,519,1365,0,2627,fail,fail,1149,103,410,0,0,0,1246,fail,fail,208,0,105,0,1254,fail
 88035,0,fail,fail,848,1904,2379,fail,fail,fail,fail,0,519,1365,0,2627,fail,fail,1149,103,410,0,0,0,1246,fail,fail,208,0,105,0,1254,fail
 88040,0,fail,fail,848,1904,2379,fail,fail,fail,fail,0,519,1365,0,2627,fail,fail,1149,103,410,0,0,0,1246,fail,fail,208,0,105,0,1254,fail
 88045,0,fail,fail,848,1904,2379,fail,fail,fail,fail,0,519,1365,0,2627,fail,fail,1149,103,410,0,0,0,1246,fail,fail,208,0,105,0,1254,fail
 88050,0,fail,fail,848,1904,2379,fail,fail,fail,fail,0,519,1365,0,2627,fail,fail,1149,103,410,0,0,0,1246,fail,fail,208,0,105,0,1254,fail
 88055,0,fail,fail,848,1904,2379,fail,fail,fail,fail,0,519,1365,0,2627,fail,fail,1149,103,410,0,0,0,1246,fail,fail,208,0,105,0,1254,fail
 88060,0,fail,fail,848,1904,2379,fail,fail,fail,fail,0,519,1365,0,2627,fail,fail,1149,103,410,0,0,0,1246,fail,fail,208,0,105,0,1254,fail
 88065,0,fail,fail,848,1904,2379,fail,fail,fail,fail,0,519,1365,0,2627,fail,fail,1149,103,410,0,0,0,1246,fail,fail,208,0,105,0,1254,fail
 88070,0,fail,fail,848,1904,2379,fail,fail,fail,fail,0,519,1365,0,2627,fail,fail,1149,103,410,0,0,0,1246,fail,fail,208,0,105,0,1254,fail
 88075,0,fail,fail,848,1904,2379,fail,fail,fail,fail,0,519,1365,0,2627,fail,fail,1149,103,410,0,0,0,1246,fail,fail,208,0,105,0,1254,fail
 88080,0,fail,fail,848,1904,2379,fail,fail,fail,fail,0,519,1365,0,2627,fail,fail,1149,103,410,0,0,0,1246,fail,fail,208,0,105,0,1254,fail
 88085,0,fail,fail,848,1904,2379,fail,fail,fail,fail,0,519,1365,0,2627,fail,fail,1149,103,410,0,0,0,1246,fail,fail,208,0,105,0,1254,fail
 88090,0,fail,fail,848,1904,2379,fail,fail,fail,fail,0,519,1365,0,2627,fail,fail,1149,103,410,0,0,0,1246,fail,fail,208,0,105,0,1254,fail
 88095,0,fail,fail,848,1904,2379,fail,fail,fail,fail,0,519,1365,0,2627,fail,fail,1149,103,410,0,0,0,1246,fail,fail,208,0,105,0,1254,fail
 88100,0,fail,fail,848,1904,2379,fail,fail,fail,fail,0,519,1365,0,2627,fail,fail,1149,103,410,0,0,0,1246,fail,fail,208,0,105,0,1254,fail
 88105,0,fail,fail,848,1904,2379,fail,fail,fail,fail,0,519,1365,0,2627,fail,fail,1149,103,410,0,0,0,1246,fail,fail,208,0,105,0,1254,fail
 88110,0,fail,fail,848,1904,2379,fail,fail,fail,fail,0,519,1365,0,2627,fail,fail,1149,103,410,0,0,0,1246,fail,fail,208,0,105,0,1254,fail
 88115,0,fail,fail,848,1904,2379,fail,fail,fail,fail,0,519,1365,0,2627,fail,fail,1149,103,410,0,0,0,1246,fail,fail,208,0,105,0,1254,fail
 88120,0,fail,fail,848,1904,2379,fail,fail,fail,fail,0,519,1365,0,2627,fail,fail,1149,103,410,0,0,0,1246,fail,fail,208,0,105,0,1254,fail
 88125,0,fail,fail,848,1904,2379,fail,fail,fail,fail,0,519,1365,0,2627,fail,fail,1149,103,410,0,0,0,1246,fail,fail,208,0,105,0,1254,fail
 88130,0,fail,fail,848,1904,2379,fail,fail,fail,fail,0,519,1365,0,2627,fail,fail,1149,103,410,0,0,0,1246,fail,fail,208,0,105,0,1254,fail
 88135,0,fail,fail,848,1904,2379,fail,fail,fail,fail,0,519,1365,0,2627,fail,fail,1149,103,410,0,0,0,1246,fail,fail,208,0,105,0,1254,fail
 88140,0,fail,fail,848,1904,2379,fail,fail,fail,fail,0,519,1365,0,2627,fail,fail,1149,103,410,0,0,0,1246,fail,fail,208,0,105,0,1254,fail
 88145,0,fail,fail,848,1904,2379,fail,fail,fail,fail,0,519,1365,0,2627,fail,fail,1149,103,410,0,0,0,1246,fail,fail,208,0,105,0,1254,fail
 88150,0,fail,fail,848,1904,2379,fail,fail,fail,fail,0,519,1365,0,2627,fail,fail,1149,103,410,0,0,0,1246,fail,fail,208,0,105,0,1254,fail
 88155,0,fail,fail,848,1904,2379,fail,fail,fail,fail,0,519,1365,0,2627,fail,fail,1149,103,410,0,0,0,1246,fail,fail,208,0,105,0,1254,fail
 88160,0,fail,fail,848,1904,2379,fail,fail,fail,fail,0,519,1365,0,2627,fail,fail,1149,103,410,0,0,0,1246,fail,fail,208,0,105,0,1254,fail
 88165,0,fail,fail,848,1904,2379,fail,fail,fail,fail,0,519,1365,0,2627,fail,fail,1149,103,410,0,0,0,1246,fail,fail,208,0,105,0,1254,fail
 88170,0,fail,fail,848,1904,2379,fail,fail,fail,fail,0,519,1365,0,2627,fail,fail,1149,103,410,0,0,0,1246,fail,fail,208,0,105,0,1254,fail
 88175,0,fail,fail,848,1904,2379,fail,fail,fail,fail,0,519,1365,0,2627,fail,fail,1149,103,410,0,0,0,1246,fail,fail,208,0,105,0,1254,fail
 88180,0,fail,fail,848,1904,2379,fail,fail,fail,fail,0,519,1365,0,2627,fail,fail,1149,103,410,0,0,0,1246,fail,fail,208,0,105,0,1254,fail
 88185,0,fail,fail,848,1904,2379,fail,fail,fail,fail,0,519,1365,0,2627,fail,fail,1149,103,410,0,0,0,1246,fail,fail,208,0,105,0,1254,fail
 88190,0,fail,fail,848,1904,2379,fail,fail,fail,fail,0,519,1365,0,2627,fail,fail,1149,103,410,0,0,0,1246,fail,fail,208,0,105,0,1254,fail
 88195,0,fail,fail,848,1904,2379,fail,fail,fail,fail,0,519,1365,0,2627,fail,fail,1149,103,410,0,0,0,1246,fail,fail,208,0,105,0,1254,fail
 88200,0,fail,fail,848,1904,2379,fail,fail,fail,fail,0,519,1365,0,2627,fail,fail,1149,103,410,0,0,0,1246,fail,fail,208,0,105,0,1254,fail
 88205,0,fail,fail,848,1904,2379,fail,fail,fail,fail,0,519,1365,0,2627,fail,fail,1149,103,410,0,0,0,1246,fail,fail,208,0,105,0,1254,fail
 88210,0,fail,fail,848,1904,2379,fail,fail,fail,fail,0,519,1365,0,2627,fail,fail,1149,103,410,0,0,0,1246,fail,fail,208,0,105,0,1254,fail
 88215,0,fail,fail,848,1904,2379,fail,fail,fail,fail,0,519,1365,0,2627,fail,fail,1149,103,410,0,0,0,1246,fail,fail,208,0,105,0,1254,fail
 88220,0,fail,fail,848,1904,2379,fail,fail,fail,fail,0,519,1365,0,2627,fail,fail,1149,103,410,0,0,0,1246,fail,fail,208,0,105,0,1254,fail
 88225,0,fail,fail,848,1904,2379,fail,fail,fail,fail,0,519,1365,0,2627,fail,fail,1149,103,410,0,0,0,1246,fail,fail,208,0,105,0,1254,fail
 88230,0,fail,fail,848,1904,2379,fail,fail,fail,fail,0,519,1365,0,2627,fail,fail,1149,103,410,0,0,0,1246,fail,fail,208,0,105,0,1254,fail
 88235,0,fail,fail,848,1904,2379,fail,fail,fail,fail,0,519,1365,0,2627,fail,fail,1149,103,410,0,0,0,1246,fail,fail,208,0,105,0,1254,fail
 88240,0,fail,fail,848,1904,2379,fail,fail,fail,fail,0,519,1365,0,2627,fail,fail,1149,103,410,0,0,0,1246,fail,fail,208,0,105,0,1254,fail
 88245,0,fail,fail,848,1904,2379,fail,fail,fail,fail,0,519,1365,0,2627,fail,fail,1149,103,410,0,0,0,1246,fail,fail,208,0,105,0,1254,fail
 88250,0,fail,fail,848,1904,2379,fail,fail,fail,fail,0,519,1365,0,2627,fail,fail,1149,103,410,0,0,0,1246,fail,fail,208,0,105,0,1254,fail
 88255,0,fail,fail,848,1904,2379,fail,fail,fail,fail,0,519,1365,0,2627,fail,fail,1149,103,410,0,0,0,1246,fail,fail,208,0,105,0,1254,fail
 88260,0,fail,fail,848,1904,2379,fail,fail,fail,fail,0,519,1365,0,2627,fail,fail,1149,103,410,0,0,0,1246,fail,fail,208,0,105,0,1254,fail
 88265,0,fail,fail,848,1904,2379,fail,fail,fail,fail,0,519,1365,0,2627,fail,fail,1149,103,410,0,0,0,1246,fail,fail,208,0,105,0,1254,fail
 88270,0,fail,fail,848,1904,2379,fail,fail,fail,fail,0,519,1365,0,2627,fail,fail,1149,103,410,0,0,0,1246,fail,fail,208,0,105,0,1254,fail
 88275,0,fail,fail,848,1904,2379,fail,fail,fail,fail,0,519,1365,0,2627,fail,fail,1149,103,410,0,0,0,1246,fail,fail,208,0,105,0,1254,fail
 88280,0,fail,fail,848,1904,2379,fail,fail,fail,fail,0,519,1365,0,2627,fail,fail,1149,103,410,0,0,0,1246,fail,fail,208,0,105,0,1254,fail
 88285,0,fail,fail,848,1904,2379,fail,fail,fail,fail,0,519,1365,0,2627,fail,fail,1149,103,410,0,0,0,1246,fail,fail,208,0,105,0,1254,fail
 88290,0,fail,fail,848,1904,2379,fail,fail,fail,fail,0,519,1365,0,2627,fail,fail,1149,103,410,0,0,0,1246,fail,fail,208,0,105,0,1254,fail
 88295,0,fail,fail,848,1904,2379,fail,fail,fail,fail,0,519,1365,0,2627,fail,fail,1149,103,410,0,0,0,1246,fail,fail,208,0,105,0,1254,fail
 88300,0,fail,fail,848,1904,2379,fail,fail,fail,fail,0,519,1365,0,2627,fail,fail,1149,103,410,0,0,0,1246,fail,fail,208,0,105,0,1254,fail
 88305,0,fail,fail,848,1904,2379,fail,fail,fail,fail,0,519,1365,0,2627,fail,fail,1149,103,410,0,0,0,1246,fail,fail,208,0,105,0,1254,fail
 88310,0,fail,fail,848,1904,2379,fail,fail,fail,fail,0,519,1365,0,2627,fail,fail,1149,103,410,0,0,0,1246,fail,fail,208,0,105,0,1254,fail
 88315,0,fail,fail,848,1904,2379,fail,fail,fail,fail,0,519,1365,0,2627,fail,fail,1149,103,410,0,0,0,1246,fail,fail,208,0,105,0,1254,fail
 88320,0,fail,fail,848,1904,2379,fail,fail,fail,fail,0,519,1365,0,2627,fail,fail,1149,103,410,0,0,0,1246,fail,fail,208,0,105,0,1254,fail
 88325,0,fail,fail,848,1904,2379,fail,fail,fail,fail,0,519,1365,0,2627,fail,fail,1149,103,410,0,0,0,1246,fail,fail,208,0,105,0,1254,fail
 88330,0,fail,fail,848,1904,2379,fail,fail,fail,fail,0,519,1365,0,2627,fail,fail,1149,103,410,0,0,0,1246,fail,fail,208,0,105,0,1254,fail
 88335,0,fail,fail,848,1904,2379,fail,fail,fail,fail,0,519,1365,0,2627,fail,fail,1149,103,410,0,0,0,1246,fail,fail,208,0,105,0,1254,fail
 88340,0,fail,fail,848,1904,2379,fail,fail,fail,fail,0,519,1365,0,2627,fail,fail,1149,103,410,0,0,0,1246,fail,fail,208,0,105,0,1254,fail
 88345,0,fail,fail,848,1904,2379,fail,fail,fail,fail,0,519,1365,0,2627,fail,fail,1149,103,410,0,0,0,1246,fail,fail,208,0,105,0,1254,fail
 88350,0,fail,fail,848,1904,2379,fail,fail,fail,fail,0,519,1365,0,2627,fail,fail,1149,103,410,0,0,0,1246,fail,fail,208,0,105,0,1254,fail
 88355,0,fail,fail,848,1904,2379,fail,fail,fail,fail,0,519,1365,0,2627,fail,fail,1149,103,410,0,0,0,1246,fail,fail,208,0,105,0,1254,fail
 88360,0,fail,fail,848,1904,2379,fail,fail,fail,fail,0,519,1365,0,2627,fail,fail,1149,103,410,0,0,0,1246,fail,fail,208,0,105,0,1254,fail
 88365,0,fail,fail,848,1904,2379,fail,fail,fail,fail,0,519,1365,0,2627,fail,fail,1149,103,410,0,0,0,1246,fail,fail,208,0,105,0,1254,fail
 88370,0,fail,fail,848,1904,2379,fail,fail,fail,fail,0,519,1365,0,2627,fail,fail,1149,103,410,0,0,0,1246,fail,fail,208,0,105,0,1254,fail
 88375,0,fail,fail,848,1904,2379,fail,fail,fail,fail,0,519,1365,0,2627,fail,fail,1149,103,410,0,0,0,1246,fail,fail,208,0,105,0,1254,fail
 88380,0,fail,fail,848,1904,2379,fail,fail,fail,fail,0,519,1365,0,2627,fail,fail,1149,103,410,0,0,0,1246,fail,fail,208,0,105,0,1254,fail
 88385,0,fail,fail,848,1904,2379,fail,fail,fail,fail,0,519,1365,0,2627,fail,fail,1149,103,410,0,0,0,1246,fail,fail,208,0,105,0,1254,fail
 88390,0,fail,fail,848,1904,2379,fail,fail,fail,fail,0,519,1365,0,2627,fail,fail,1149,103,410,0,0,0,1246,fail,fail,208,0,105,0,1254,fail
 88395,0,fail,fail,848,1904,2379,fail,fail,fail,fail,0,519,1365,0,2627,fail,fail,1149,103,410,0,0,0,1246,fail,fail,208,0,105,0,1254,fail
 88400,0,fail,fail,848,1904,2379,fail,fail,fail,fail,0,519,1365,0,2627,fail,fail,1149,103,410,0,0,0,1246,fail,fail,208,0,105,0,1254,fail
 88405,0,fail,fail,848,1904,2379,fail,fail,fail,fail,0,519,1365,0,2627,fail,fail,1149,103,410,0,0,0,1246,fail,fail,208,0,105,0,1254,fail
 88410,0,fail,fail,848,1904,2379,fail,fail,fail,fail,0,519,1365,0,2627,fail,fail,1149,103,410,0,0,0,1246,fail,fail,208,0,105,0,1254,fail
 88415,0,fail,fail,848,1904,2379,fail,fail,fail,fail,0,519,1365,0,2627,fail,fail,1149,103,410,0,0,0,1246,fail,fail,208,0,105,0,1254,fail
 88420,0,fail,fail,848,1904,2379,fail,fail,fail,fail,0,519,1365,0,2627,fail,fail,1149,103,410,0,0,0,1246,fail,fail,208,0,105,0,1254,fail
 88425,0,fail,fail,848,1904,2379,fail,fail,fail,fail,0,519,1365,0,2627,fail,fail,1149,103,410,0,0,0,1246,fail,fail,208,0,105,0,1254,fail
 88430,0,fail,fail,848,1904,2379,fail,fail,fail,fail,0,519,1365,0,2627,fail,fail,1149,103,410,0,0,0,1246,fail,fail,208,0,105,0,1254,fail
 88435,0,fail,fail,848,1904,2379,fail,fail,fail,fail,0,519,1365,0,2627,fail,fail,1149,103,410,0,0,0,1246,fail,fail,208,0,105,0,1254,fail
 88440,0,fail,fail,848,1904,2379,fail,fail,fail,fail,0,519,1365,0,2627,fail,fail,1149,103,410,0,0,0,1246,fail,fail,208,0,105,0,1254,fail
 88445,0,fail,fail,848,1904,2379,fail,fail,fail,fail,0,519,1365,0,2627,fail,fail,1149,103,410,0,0,0,1246,fail,fail,208,0,105,0,1254,fail
 88450,0,fail,fail,848,1904,2379,fail,fail,fail,fail,0,519,1365,0,2627,fail,fail,1149,103,410,0,0,0,1246,fail,fail,208,0,105,0,1254,fail
 88455,0,fail,fail,848,1904,2379,fail,fail,fail,fail,0,519,1365,0,2627,fail,fail,1149,103,410,0,0,0,1246,fail,fail,208,0,105,0,1254,fail
 88460,0,fail,fail,848,1904,2379,fail,fail,fail,fail,0,519,1365,0,2627,fail,fail,1149,103,410,0,0,0,1246,fail,fail,208,0,105,0,1254,fail
 88465,0,fail,fail,848,1904,2379,fail,fail,fail,fail,0,519,1365,0,2627,fail,fail,1149,103,410,0,0,0,1246,fail,fail,208,0,105,0,1254,fail
 88470,0,fail,fail,848,1904,2379,fail,fail,fail,fail,0,519,1365,0,2627,fail,fail,1149,103,410,0,0,0,1246,fail,fail,208,0,105,0,1254,fail
 88475,0,fail,fail,848,1904,2379,fail,fail,fail,fail,0,519,1365,0,2627,fail,fail,1149,103,410,0,0,0,1246,fail,fail,208,0,105,0,1254,fail
 88480,0,fail,fail,848,1904,2379,fail,fail,fail,fail,0,519,1365,0,2627,fail,fail,1149,103,410,0,0,0,1246,fail,fail,208,0,105,0,1254,fail
 88485,0,fail,fail,848,1904,2379,fail,fail,fail,fail,0,519,1365,0,2627,fail,fail,1149,103,410,0,0,0,1246,fail,fail,208,0,105,0,1254,fail
 88490,0,fail,fail,848,1904,2379,fail,fail,fail,fail,0,519,1365,0,2627,fail,fail,1149,103,410,0,0,0,1246,fail,fail,208,0,105,0,1254,fail
 88495,0,fail,fail,848,1904,2379,fail,fail,fail,fail,0,519,1365,0,2627,fail,fail,1149,103,410,0,0,0,1246,fail,fail,208,0,105,0,1254,fail
 88500,0,fail,fail,848,1904,2379,fail,fail,fail,fail,0,519,1365,0,2627,fail,fail,1149,103,410,0,0,0,1246,fail,fail,208,0,105,0,1254,fail
 88505,0,fail,fail,848,1904,2379,fail,fail,fail,fail,0,519,1365,0,2627,fail,fail,1149,103,410,0,0,0,1246,fail,fail,208,0,105,0,1254,fail
 88510,0,fail,fail,848,1904,2379,fail,fail,fail,fail,0,519,1365,0,2627,fail,fail,1149,103,410,0,0,0,1246,fail,fail,208,0,105,0,1254,fail
 88515,0,fail,fail,848,1904,2379,fail,fail,fail,fail,0,519,1365,0,2627,fail,fail,1149,103,410,0,0,0,1246,fail,fail,208,0,105,0,1254,fail
 88520,0,fail,fail,848,1904,2379,fail,fail,fail,fail,0,519,1365,0,2627,fail,fail,1149,103,410,0,0,0,1246,fail,fail,208,0,105,0,1254,fail
 88525,0,fail,fail,848,1904,2379,fail,fail,fail,fail,0,519,1365,0,2627,fail,fail,1149,103,410,0,0,0,1246,fail,fail,208,0,105,0,1254,fail
 88530,0,fail,fail,848,1904,2379,fail,fail,fail,fail,0,519,1365,0,2627,fail,fail,1149,103,410,0,0,0,1246,fail,fail,208,0,105,0,1254,fail
 88535,0,fail,fail,848,1904,2379,fail,fail,fail,fail,0,519,1365,0,2627,fail,fail,1149,103,410,0,0,0,1246,fail,fail,208,0,105,0,1254,fail
 88540,0,fail,fail,848,1904,2379,fail,fail,fail,fail,0,519,1365,0,2627,fail,fail,1149,103,410,0,0,0,1246,fail,fail,208,0,105,0,1254,fail
 88545,0,fail,fail,848,1904,2379,fail,fail,fail,fail,0,519,1365,0,2627,fail,fail,1149,103,410,0,0,0,1246,fail,fail,208,0,105,0,1254,fail
 88550,0,fail,fail,848,1904,2379,fail,fail,fail,fail,0,519,1365,0,2627,fail,fail,1149,103,410,0,0,0,1246,fail,fail,208,0,105,0,1254,fail
 88555,0,fail,fail,848,1904,2379,fail,fail,fail,fail,0,519,1365,0,2627,fail,fail,1149,103,410,0,0,0,1246,fail,fail,208,0,105,0,1254,fail
 88560,0,fail,fail,848,1904,2379,fail,fail,fail,fail,0,519,1365,0,2627,fail,fail,1149,103,410,0,0,0,1246,fail,fail,208,0,105,0,1254,fail
 88565,0,fail,fail,848,1904,2379,fail,fail,fail,fail,0,519,1365,0,2627,fail,fail,1149,103,410,0,0,0,1246,fail,fail,208,0,105,0,1254,fail
 88570,0,fail,fail,848,1904,2379,fail,fail,fail,fail,0,519,1365,0,2627,fail,fail,1149,103,410,0,0,0,1246,fail,fail,208,0,105,0,1254,fail
 88575,0,fail,fail,848,1904,2379,fail,fail,fail,fail,0,519,1365,0,2627,fail,fail,1149,103,410,0,0,0,1246,fail,fail,208,0,105,0,1254,fail
 88580,0,fail,fail,848,1904,2379,fail,fail,fail,fail,0,519,1365,0,2627,fail,fail,1149,103,410,0,0,0,1246,fail,fail,208,0,105,0,1254,fail
 88585,0,fail,fail,848,1904,2379,fail,fail,fail,fail,0,519,1365,0,2627,fail,fail,1149,103,410,0,0,0,1246,fail,fail,208,0,105,0,1254,fail
 88590,0,fail,fail,848,1904,2379,fail,fail,fail,fail,0,519,1365,0,2627,fail,fail,1149,103,410,0,0,0,1246,fail,fail,208,0,105,0,1254,fail
 88595,0,fail,fail,848,1904,2379,fail,fail,fail,fail,0,519,1365,0,2627,fail,fail,1149,103,410,0,0,0,1246,fail,fail,208,0,105,0,1254,fail
 88600,0,fail,fail,848,1904,2379,fail,fail,fail,fail,0,519,1365,0,2627,fail,fail,1149,103,410,0,0,0,1246,fail,fail,208,0,105,0,1254,fail
 88605,0,fail,fail,848,1904,2379,fail,fail,fail,fail,0,519,1365,0,2627,fail,fail,1149,103,410,0,0,0,1246,fail,fail,208,0,105,0,1254,fail
 88610,0,fail,fail,848,1904,2379,fail,fail,fail,fail,0,519,1365,0,2627,fail,fail,1149,103,410,0,0,0,1246,fail,fail,208,0,105,0,1254,fail
 88615,0,fail,fail,848,1904,2379,fail,fail,fail,fail,0,519,1365,0,2627,fail,fail,1149,103,410,0,0,0,1246,fail,fail,208,0,105,0,1254,fail
 88620,0,fail,fail,848,1904,2379,fail,fail,fail,fail,0,519,1365,0,2627,fail,fail,1149,103,410,0,0,0,1246,fail,fail,208,0,105,0,1254,fail
 88625,0,fail,fail,848,1904,2379,fail,fail,fail,fail,0,519,1365,0,2627,fail,fail,1149,103,410,0,0,0,1246,fail,fail,208,0,105,0,1254,fail
 88630,0,fail,fail,848,1904,2379,fail,fail,fail,fail,0,519,1365,0,2627,fail,fail,1149,103,410,0,0,0,1246,fail,fail,208,0,105,0,1254,fail
 88635,0,fail,fail,848,1904,2379,fail,fail,fail,fail,0,519,1365,0,2627,fail,fail,1149,103,410,0,0,0,1246,fail,fail,208,0,105,0,1254,fail
 88640,0,fail,fail,848,1904,2379,fail,fail,fail,fail,0,519,1365,0,2627,fail,fail,1149,103,410,0,0,0,1246,fail,fail,208,0,105,0,1254,fail
 88645,0,fail,fail,848,1904,2379,fail,fail,fail,fail,0,519,1365,0,2627,fail,fail,1149,103,410,0,0,0,1246,fail,fail,208,0,105,0,1254,fail
 88650,0,fail,fail,848,1904,2379,fail,fail,fail,fail,0,519,1365,0,2627,fail,fail,1149,103,410,0,0,0,1246,fail,fail,208,0,105,0,1254,fail
 88655,0,fail,fail,848,1904,2379,fail,fail,fail,fail,0,519,1365,0,2627,fail,fail,1149,103,410,0,0,0,1246,fail,fail,208,0,105,0,1254,fail
 88660,0,fail,fail,848,1904,2379,fail,fail,fail,fail,0,519,1365,0,2627,fail,fail,1149,103,410,0,0,0,1246,fail,fail,208,0,105,0,1254,fail
 88665,0,fail,fail,848,1904,2379,fail,fail,fail,fail,0,519,1365,0,2627,fail,fail,1149,103,410,0,0,0,1246,fail,fail,208,0,105,0,1254,fail
 88670,0,fail,fail,848,1904,2379,fail,fail,fail,fail,0,519,1365,0,2627,fail,fail,1149,103,410,0,0,0,1246,fail,fail,208,0,105,0,1254,fail
 88675,0,fail,fail,848,1904,2379,fail,fail,fail,fail,0,519,1365,0,2627,fail,fail,1149,103,410,0,0,0,1246,fail,fail,208,0,105,0,1254,fail
 88680,0,fail,fail,848,1904,2379,fail,fail,fail,fail,0,519,1365,0,2627,fail,fail,1149,103,410,0,0,0,1246,fail,fail,208,0,105,0,1254,fail
 88685,0,fail,fail,848,1904,2379,fail,fail,fail,fail,0,519,1365,0,2627,fail,fail,1149,103,410,0,0,0,1246,fail,fail,208,0,105,0,1254,fail
 88690,0,fail,fail,848,1904,2379,fail,fail,fail,fail,0,519,1365,0,2627,fail,fail,1149,103,410,0,0,0,1246,fail,fail,208,0,105,0,1254,fail
 88695,0,fail,fail,848,1904,2379,fail,fail,fail,fail,0,519,1365,0,2627,fail,fail,1149,103,410,0,0,0,1246,fail,fail,208,0,105,0,1254,fail
 88700,0,fail,fail,848,1904,2379,fail,fail,fail,fail,0,519,1365,0,2627,fail,fail,1149,103,410,0,0,0,1246,fail,fail,208,0,105,0,1254,fail
 88705,0,fail,fail,848,1904,2379,fail,fail,fail,fail,0,519,1365,0,2627,fail,fail,1149,103,410,0,0,0,1246,fail,fail,208,0,105,0,1254,fail
 88710,0,fail,fail,848,1904,2379,fail,fail,fail,fail,0,519,1365,0,2627,fail,fail,1149,103,410,0,0,0,1246,fail,fail,208,0,105,0,1254,fail
 88715,0,fail,fail,848,1904,2379,fail,fail,fail,fail,0,519,1365,0,2627,fail,fail,1149,103,410,0,0,0,1246,fail,fail,208,0,105,0,1254,fail
 88720,0,fail,fail,848,1904,2379,fail,fail,fail,fail,0,519,1365,0,2627,fail,fail,1149,103,410,0,0,0,1246,fail,fail,208,0,105,0,1254,fail
 88725,0,fail,fail,848,1904,2379,fail,fail,fail,fail,0,519,1365,0,2627,fail,fail,1149,103,410,0,0,0,1246,fail,fail,208,0,105,0,1254,fail
 88730,0,fail,fail,848,1904,2379,fail,fail,fail,fail,0,519,1365,0,2627,fail,fail,1149,103,410,0,0,0,1246,fail,fail,208,0,105,0,1254,fail
 88735,0,fail,fail,848,1904,2379,fail,fail,fail,fail,0,519,1365,0,2627,fail,fail,1149,103,410,0,0,0,1246,fail,fail,208,0,105,0,1254,fail
 88740,0,fail,fail,848,1904,2379,fail,fail,fail,fail,0,519,1365,0,2627,fail,fail,1149,103,410,0,0,0,1246,fail,fail,208,0,105,0,1254,fail
 88745,0,fail,fail,848,1904,2379,fail,fail,fail,fail,0,519,1365,0,2627,fail,fail,1149,103,410,0,0,0,1246,fail,fail,208,0,105,0,1254,fail
 88750,0,fail,fail,848,1904,2379,fail,fail,fail,fail,0,519,1365,0,2627,fail,fail,1149,103,410,0,0,0,1246,fail,fail,208,0,105,0,1254,fail
 88755,0,fail,fail,848,1904,2379,fail,fail,fail,fail,0,519,1365,0,2627,fail,fail,1149,103,410,0,0,0,1246,fail,fail,208,0,105,0,1254,fail
 88760,0,fail,fail,848,1904,2379,fail,fail,fail,fail,0,519,1365,0,2627,fail,fail,1149,103,410,0,0,0,1246,fail,fail,208,0,105,0,1254,fail
 88765,0,fail,fail,848,1904,2379,fail,fail,fail,fail,0,519,1365,0,2627,fail,fail,1149,103,410,0,0,0,1246,fail,fail,208,0,105,0,1254,fail
 88770,0,fail,fail,848,1904,2379,fail,fail,fail,fail,0,519,1365,0,2627,fail,fail,1149,103,410,0,0,0,1246,fail,fail,208,0,105,0,1254,fail
 88775,0,fail,fail,848,1904,2379,fail,fail,fail,fail,0,519,1365,0,2627,fail,fail,1149,103,410,0,0,0,1246,fail,fail,208,0,105,0,1254,fail
 88780,0,fail,fail,848,1904,2379,fail,fail,fail,fail,0,519,1365,0,2627,fail,fail,1149,103,410,0,0,0,1246,fail,fail,208,0,105,0,1254,fail
 88785,0,fail,fail,848,1904,2379,fail,fail,fail,fail,0,519,1365,0,2627,fail,fail,1149,103,410,0,0,0,1246,fail,fail,208,0,105,0,1254,fail
 88790,0,fail,fail,848,1904,2379,fail,fail,fail,fail,0,519,1365,0,2627,fail,fail,1149,103,410,0,0,0,1246,fail,fail,208,0,105,0,1254,fail
 88795,0,fail,fail,848,1904,2379,fail,fail,fail,fail,0,519,1365,0,2627,fail,fail,1149,103,410,0,0,0,1246,fail,fail,208,0,105,0,1254,fail
 88800,0,fail,fail,848,1904,2379,fail,fail,fail,fail,0,519,1365,0,2627,fail,fail,1149,103,410,0,0,0,1246,fail,fail,208,0,105,0,1254,fail
 88805,0,fail,fail,848,1904,2379,fail,fail,fail,fail,0,519,1365,0,2627,fail,fail,1149,103,410,0,0,0,1246,fail,fail,208,0,105,0,1254,fail
 88810,0,fail,fail,848,1904,2379,fail,fail,fail,fail,0,519,1365,0,2627,fail,fail,1149,103,410,0,0,0,1246,fail,fail,208,0,105,0,1254,fail
 88815,0,fail,fail,848,1904,2379,fail,fail,fail,fail,0,519,1365,0,2627,fail,fail,1149,103,410,0,0,0,1246,fail,fail,208,0,105,0,1254,fail
 88820,0,fail,fail,848,1904,2379,fail,fail,fail,fail,0,519,1365,0,2627,fail,fail,1149,103,410,0,0,0,1246,fail,fail,208,0,105,0,1254,fail
 88825,0,fail,fail,848,1904,2379,fail,fail,fail,fail,0,519,1365,0,2627,fail,fail,1149,103,410,0,0,0,1246,fail,fail,208,0,105,0,1254,fail
 88830,0,fail,fail,848,1904,2379,fail,fail,fail,fail,0,519,1365,0,2627,fail,fail,1149,103,410,0,0,0,1246,fail,fail,208,0,105,0,1254,fail
 88835,0,fail,fail,848,1904,2379,fail,fail,fail,fail,0,519,1365,0,2627,fail,fail,1149,103,410,0,0,0,1246,fail,fail,208,0,105,0,1254,fail
 88840,0,fail,fail,848,1904,2379,fail,fail,fail,fail,0,519,1365,0,2627,fail,fail,1149,103,410,0,0,0,1246,fail,fail,208,0,105,0,1254,fail
 88845,0,fail,fail,848,1904,2379,fail,fail,fail,fail,0,519,1365,0,2627,fail,fail,1149,103,410,0,0,0,1246,fail,fail,208,0,105,0,1254,fail
 88850,0,fail,fail,848,1904,2379,fail,fail,fail,fail,0,519,1365,0,2627,fail,fail,1149,103,410,0,0,0,1246,fail,fail,208,0,105,0,1254,fail
 88855,0,fail,fail,848,1904,2379,fail,fail,fail,fail,0,519,1365,0,2627,fail,fail,1149,103,410,0,0,0,1246,fail,fail,208,0,105,0,1254,fail
 88860,0,fail,fail,848,1904,2379,fail,fail,fail,fail,0,519,1365,0,2627,fail,fail,1149,103,410,0,0,0,1246,fail,fail,208,0,105,0,1254,fail
 88865,0,fail,fail,848,1904,2379,fail,fail,fail,fail,0,519,1365,0,2627,fail,fail,1149,103,410,0,0,0,1246,fail,fail,208,0,105,0,1254,fail
 88870,0,fail,fail,848,1904,2379,fail,fail,fail,fail,0,519,1365,0,2627,fail,fail,1149,103,410,0,0,0,1246,fail,fail,208,0,105,0,1254,fail
 88875,0,fail,fail,848,1904,2379,fail,fail,fail,fail,0,519,1365,0,2627,fail,fail,1149,103,410,0,0,0,1246,fail,fail,208,0,105,0,1254,fail
 88880,0,fail,fail,848,1904,2379,fail,fail,fail,fail,0,519,1365,0,2627,fail,fail,1149,103,410,0,0,0,1246,fail,fail,208,0,105,0,1254,fail
 88885,0,fail,fail,848,1904,2379,fail,fail,fail,fail,0,519,1365,0,2627,fail,fail,1149,103,410,0,0,0,1246,fail,fail,208,0,105,0,1254,fail
 88890,0,fail,fail,848,1904,2379,fail,fail,fail,fail,0,519,1365,0,2627,fail,fail,1149,103,410,0,0,0,1246,fail,fail,208,0,105,0,1254,fail
 88895,0,fail,fail,848,1904,2379,fail,fail,fail,fail,0,519,1365,0,2627,fail,fail,1149,103,410,0,0,0,1246,fail,fail,208,0,105,0,1254,fail
 88900,0,fail,fail,848,1904,2379,fail,fail,fail,fail,0,519,1365,0,2627,fail,fail,1149,103,410,0,0,0,1246,fail,fail,208,0,105,0,1254,fail
 88905,0,fail,fail,848,1904,2379,fail,fail,fail,fail,0,519,1365,0,2627,fail,fail,1149,103,410,0,0,0,1246,fail,fail,208,0,105,0,1254,fail
 88910,0,fail,fail,848,1904,2379,fail,fail,fail,fail,0,519,1365,0,2627,fail,fail,1149,103,410,0,0,0,1246,fail,fail,208,0,105,0,1254,fail
 88915,0,fail,fail,848,1904,2379,fail,fail,fail,fail,0,519,1365,0,2627,fail,fail,1149,103,410,0,0,0,1246,fail,fail,208,0,105,0,1254,fail
 88920,0,fail,fail,848,1904,2379,fail,fail,fail,fail,0,519,1365,0,2627,fail,fail,1149,103,410,0,0,0,1246,fail,fail,208,0,105,0,1254,fail
 88925,0,fail,fail,848,1904,2379,fail,fail,fail,fail,0,519,1365,0,2627,fail,fail,1149,103,410,0,0,0,1246,fail,fail,208,0,105,0,1254,fail
 88930,0,fail,fail,848,1904,2379,fail,fail,fail,fail,0,519,1365,0,2627,fail,fail,1149,103,410,0,0,0,1246,fail,fail,208,0,105,0,1254,fail
 88935,0,fail,fail,848,1904,2379,fail,fail,fail,fail,0,519,1365,0,2627,fail,fail,1149,103,410,0,0,0,1246,fail,fail,208,0,105,0,1254,fail
 88940,0,fail,fail,848,1904,2379,fail,fail,fail,fail,0,519,1365,0,2627,fail,fail,1149,103,410,0,0,0,1246,fail,fail,208,0,105,0,1254,fail
 88945,0,fail,fail,848,1904,2379,fail,fail,fail,fail,0,519,1365,0,2627,fail,fail,1149,103,410,0,0,0,1246,fail,fail,208,0,105,0,1254,fail
 88950,0,fail,fail,848,1904,2379,fail,fail,fail,fail,0,519,1365,0,2627,fail,fail,1149,103,410,0,0,0,1246,fail,fail,208,0,105,0,1254,fail
 88955,0,fail,fail,848,1904,2379,fail,fail,fail,fail,0,519,1365,0,2627,fail,fail,1149,103,410,0,0,0,1246,fail,fail,208,0,105,0,1254,fail
 88960,0,fail,fail,848,1904,2379,fail,fail,fail,fail,0,519,1365,0,2627,fail,fail,1149,103,410,0,0,0,1246,fail,fail,208,0,105,0,1254,fail
 88965,0,fail,fail,848,1904,2379,fail,fail,fail,fail,0,519,1365,0,2627,fail,fail,1149,103,410,0,0,0,1246,fail,fail,208,0,105,0,1254,fail
 88970,0,fail,fail,848,1904,2379,fail,fail,fail,fail,0,519,1365,0,2627,fail,fail,1149,103,410,0,0,0,1246,fail,fail,208,0,105,0,1254,fail
 88975,0,fail,fail,848,1904,2379,fail,fail,fail,fail,0,519,1365,0,2627,fail,fail,1149,103,410,0,0,0,1246,fail,fail,208,0,105,0,1254,fail
 88980,0,fail,fail,848,1904,2379,fail,fail,fail,fail,0,519,1365,0,2627,fail,fail,1149,103,410,0,0,0,1246,fail,fail,208,0,105,0,1254,fail
 88985,0,fail,fail,848,1904,2379,fail,fail,fail,fail,0,519,1365,0,2627,fail,fail,1149,103,410,0,0,0,1246,fail,fail,208,0,105,0,1254,fail
 88990,0,fail,fail,848,1904,2379,fail,fail,fail,fail,0,519,1365,0,2627,fail,fail,1149,103,410,0,0,0,1246,fail,fail,208,0,105,0,1254,fail
 88995,0,fail,fail,848,1904,2379,fail,fail,fail,fail,0,519,1365,0,2627,fail,fail,1149,103,410,0,0,0,1246,fail,fail,208,0,105,0,1254,fail
 89000,0,fail,fail,848,1904,2379,fail,fail,fail,fail,0,519,1365,0,2627,fail,fail,1149,103,410,0,0,0,1246,fail,fail,208,0,105,0,1254,fail
 89005,0,fail,fail,848,1904,2379,fail,fail,fail,fail,0,519,1365,0,2627,fail,fail,1149,103,410,0,0,0,1246,fail,fail,208,0,105,0,1254,fail
 89010,0,fail,fail,848,1904,2379,fail,fail,fail,fail,0,519,1365,0,2627,fail,fail,1149,103,410,0,0,0,1246,fail,fail,208,0,105,0,1254,fail
 89015,0,fail,fail,848,1904,2379,fail,fail,fail,fail,0,519,1365,0,2627,fail,fail,1149,103,410,0,0,0,1246,fail,fail,208,0,105,0,1254,fail
 89020,0,fail,fail,848,1904,2379,fail,fail,fail,fail,0,519,1365,0,2627,fail,fail,1149,103,410,0,0,0,1246,fail,fail,208,0,105,0,1254,fail
 89025,0,fail,fail,848,1904,2379,fail,fail,fail,fail,0,519,1365,0,2627,fail,fail,1149,103,410,0,0,0,1246,fail,fail,208,0,105,0,1254,fail
 89030,0,fail,fail,848,1904,2379,fail,fail,fail,fail,0,519,1365,0,2627,fail,fail,1149,103,410,0,0,0,1246,fail,fail,208,0,105,0,1254,fail
 89035,0,fail,fail,848,1904,2379,fail,fail,fail,fail,0,519,1365,0,2627,fail,fail,1149,103,410,0,0,0,1246,fail,fail,208,0,105,0,1254,fail
 89040,0,fail,fail,848,1904,2379,fail,fail,fail,fail,0,519,1365,0,2627,fail,fail,1149,103,410,0,0,0,1246,fail,fail,208,0,105,0,1254,fail
 89045,0,fail,fail,848,1904,2379,fail,fail,fail,fail,0,519,1365,0,2627,fail,fail,1149,103,410,0,0,0,1246,fail,fail,208,0,105,0,1254,fail
 89050,0,fail,fail,848,1904,2379,fail,fail,fail,fail,0,519,1365,0,2627,fail,fail,1149,103,410,0,0,0,1246,fail,fail,208,0,105,0,1254,fail
 89055,0,fail,fail,848,1904,2379,fail,fail,fail,fail,0,519,1365,0,2627,fail,fail,1149,103,410,0,0,0,1246,fail,fail,208,0,105,0,1254,fail
 89060,0,fail,fail,848,1904,2379,fail,fail,fail,fail,0,519,1365,0,2627,fail,fail,1149,103,410,0,0,0,1246,fail,fail,208,0,105,0,1254,fail
 89065,0,fail,fail,848,1904,2379,fail,fail,fail,fail,0,519,1365,0,2627,fail,fail,1149,103,410,0,0,0,1246,fail,fail,208,0,105,0,1254,fail
 89070,0,fail,fail,848,1904,2379,fail,fail,fail,fail,0,519,1365,0,2627,fail,fail,1149,103,410,0,0,0,1246,fail,fail,208,0,105,0,1254,fail
 89075,0,fail,fail,848,1904,2379,fail,fail,fail,fail,0,519,1365,0,2627,fail,fail,1149,103,410,0,0,0,1246,fail,fail,208,0,105,0,1254,fail
 89080,0,fail,fail,848,1904,2379,fail,fail,fail,fail,0,519,1365,0,2627,fail,fail,1149,103,410,0,0,0,1246,fail,fail,208,0,105,0,1254,fail
 89085,0,fail,fail,848,1904,2379,fail,fail,fail,fail,0,519,1365,0,2627,fail,fail,1149,103,410,0,0,0,1246,fail,fail,208,0,105,0,1254,fail
 89090,0,fail,fail,848,1904,2379,fail,fail,fail,fail,0,519,1365,0,2627,fail,fail,1149,103,410,0,0,0,1246,fail,fail,208,0,105,0,1254,fail
 89095,0,fail,fail,848,1904,2379,fail,fail,fail,fail,0,519,1365,0,2627,fail,fail,1149,103,410,0,0,0,1246,fail,fail,208,0,105,0,1254,fail
 89100,0,fail,fail,848,1904,2379,fail,fail,fail,fail,0,519,1365,0,2627,fail,fail,1149,103,410,0,0,0,1246,fail,fail,208,0,105,0,1254,fail
 89105,0,fail,fail,848,1904,2379,fail,fail,fail,fail,0,519,1365,0,2627,fail,fail,1149,103,410,0,0,0,1246,fail,fail,208,0,105,0,1254,fail
 89110,0,fail,fail,848,1904,2379,fail,fail,fail,fail,0,519,1365,0,2627,fail,fail,1149,103,410,0,0,0,1246,fail,fail,208,0,105,0,1254,fail
 89115,0,fail,fail,848,1904,2379,fail,fail,fail,fail,0,519,1365,0,2627,fail,fail,1149,103,410,0,0,0,1246,fail,fail,208,0,105,0,1254,fail
 89120,0,fail,fail,848,1904,2379,fail,fail,fail,fail,0,519,1365,0,2627,fail,fail,1149,103,410,0,0,0,1246,fail,fail,208,0,105,0,1254,fail
 89125,0,fail,fail,848,1904,2379,fail,fail,fail,fail,0,519,1365,0,2627,fail,fail,1149,103,410,0,0,0,1246,fail,fail,208,0,105,0,1254,fail
 89130,0,fail,fail,848,1904,2379,fail,fail,fail,fail,0,519,1365,0,2627,fail,fail,1149,103,410,0,0,0,1246,fail,fail,208,0,105,0,1254,fail
 89135,0,fail,fail,848,1904,2379,fail,fail,fail,fail,0,519,1365,0,2627,fail,fail,1149,103,410,0,0,0,1246,fail,fail,208,0,105,0,1254,fail
 89140,0,fail,fail,848,1904,2379,fail,fail,fail,fail,0,519,1365,0,2627,fail,fail,1149,103,410,0,0,0,1246,fail,fail,208,0,105,0,1254,fail
 89145,0,fail,fail,848,1904,2379,fail,fail,fail,fail,0,519,1365,0,2627,fail,fail,1149,103,410,0,0,0,1246,fail,fail,208,0,105,0,1254,fail
 89150,0,fail,fail,848,1904,2379,fail,fail,fail,fail,0,519,1365,0,2627,fail,fail,1149,103,410,0,0,0,1246,fail,fail,208,0,105,0,1254,fail
 89155,0,fail,fail,848,1904,2379,fail,fail,fail,fail,0,519,1365,0,2627,fail,fail,1149,103,410,0,0,0,1246,fail,fail,208,0,105,0,1254,fail
 89160,0,fail,fail,848,1904,2379,fail,fail,fail,fail,0,519,1365,0,2627,fail,fail,1149,103,410,0,0,0,1246,fail,fail,208,0,105,0,1254,fail
 89165,0,fail,fail,848,1904,2379,fail,fail,fail,fail,0,519,1365,0,2627,fail,fail,1149,103,410,0,0,0,1246,fail,fail,208,0,105,0,1254,fail
 89170,0,fail,fail,848,1904,2379,fail,fail,fail,fail,0,519,1365,0,2627,fail,fail,1149,103,410,0,0,0,1246,fail,fail,208,0,105,0,1254,fail
 89175,0,fail,fail,848,1904,2379,fail,fail,fail,fail,0,519,1365,0,2627,fail,fail,1149,103,410,0,0,0,1246,fail,fail,208,0,105,0,1254,fail
 89180,0,fail,fail,848,1904,2379,fail,fail,fail,fail,0,519,1365,0,2627,fail,fail,1149,103,410,0,0,0,1246,fail,fail,208,0,105,0,1254,fail
 89185,0,fail,fail,848,1904,2379,fail,fail,fail,fail,0,519,1365,0,2627,fail,fail,1149,103,410,0,0,0,1246,fail,fail,208,0,105,0,1254,fail
 89190,0,fail,fail,848,1904,2379,fail,fail,fail,fail,0,519,1365,0,2627,fail,fail,1149,103,410,0,0,0,1246,fail,fail,208,0,105,0,1254,fail
 89195,0,fail,fail,848,1904,2379,fail,fail,fail,fail,0,519,1365,0,2627,fail,fail,1149,103,410,0,0,0,1246,fail,fail,208,0,105,0,1254,fail
 89200,0,fail,fail,848,1904,2379,fail,fail,fail,fail,0,519,1365,0,2627,fail,fail,1149,103,410,0,0,0,1246,fail,fail,208,0,105,0,1254,fail
 89205,0,fail,fail,848,1904,2379,fail,fail,fail,fail,0,519,1365,0,2627,fail,fail,1149,103,410,0,0,0,1246,fail,fail,208,0,105,0,1254,fail
 89210,0,fail,fail,848,1904,2379,fail,fail,fail,fail,0,519,1365,0,2627,fail,fail,1149,103,410,0,0,0,1246,fail,fail,208,0,105,0,1254,fail
 89215,0,fail,fail,848,1904,2379,fail,fail,fail,fail,0,519,1365,0,2627,fail,fail,1149,103,410,0,0,0,1246,fail,fail,208,0,105,0,1254,fail
 89220,0,fail,fail,848,1904,2379,fail,fail,fail,fail,0,519,1365,0,2627,fail,fail,1149,103,410,0,0,0,1246,fail,fail,208,0,105,0,1254,fail
 89225,0,fail,fail,848,1904,2379,fail,fail,fail,fail,0,519,1365,0,2627,fail,fail,1149,103,410,0,0,0,1246,fail,fail,208,0,105,0,1254,fail
 89230,0,fail,fail,848,1904,2379,fail,fail,fail,fail,0,519,1365,0,2627,fail,fail,1149,103,410,0,0,0,1246,fail,fail,208,0,105,0,1254,fail
 89235,0,fail,fail,848,1904,2379,fail,fail,fail,fail,0,519,1365,0,2627,fail,fail,1149,103,410,0,0,0,1246,fail,fail,208,0,105,0,1254,fail
 89240,0,fail,fail,848,1904,2379,fail,fail,fail,fail,0,519,1365,0,2627,fail,fail,1149,103,410,0,0,0,1246,fail,fail,208,0,105,0,1254,fail
 89245,0,fail,fail,848,1904,2379,fail,fail,fail,fail,0,519,1365,0,2627,fail,fail,1149,103,410,0,0,0,1246,fail,fail,208,0,105,0,1254,fail
 89250,0,fail,fail,848,1904,2379,fail,fail,fail,fail,0,519,1365,0,2627,fail,fail,1149,103,410,0,0,0,1246,fail,fail,208,0,105,0,1254,fail
 89255,0,fail,fail,848,1904,2379,fail,fail,fail,fail,0,519,1365,0,2627,fail,fail,1149,103,410,0,0,0,1246,fail,fail,208,0,105,0,1254,fail
 89260,0,fail,fail,848,1904,2379,fail,fail,fail,fail,0,519,1365,0,2627,fail,fail,1149,103,410,0,0,0,1246,fail,fail,208,0,105,0,1254,fail
 89265,0,fail,fail,848,1904,2379,fail,fail,fail,fail,0,519,1365,0,2627,fail,fail,1149,103,410,0,0,0,1246,fail,fail,208,0,105,0,1254,fail
 89270,0,fail,fail,848,1904,2379,fail,fail,fail,fail,0,519,1365,0,2627,fail,fail,1149,103,410,0,0,0,1246,fail,fail,208,0,105,0,1254,fail
 89275,0,fail,fail,848,1904,2379,fail,fail,fail,fail,0,519,1365,0,2627,fail,fail,1149,103,410,0,0,0,1246,fail,fail,208,0,105,0,1254,fail
 89280,0,fail,fail,848,1904,2379,fail,fail,fail,fail,0,519,1365,0,2627,fail,fail,1149,103,410,0,0,0,1246,fail,fail,208,0,105,0,1254,fail
 89285,0,fail,fail,848,1904,2379,fail,fail,fail,fail,0,519,1365,0,2627,fail,fail,1149,103,410,0,0,0,1246,fail,fail,208,0,105,0,1254,fail
 89290,0,fail,fail,848,1904,2379,fail,fail,fail,fail,0,519,1365,0,2627,fail,fail,1149,103,410,0,0,0,1246,fail,fail,208,0,105,0,1254,fail
 89295,0,fail,fail,848,1904,2379,fail,fail,fail,fail,0,519,1365,0,2627,fail,fail,1149,103,410,0,0,0,1246,fail,fail,208,0,105,0,1254,fail
 89300,0,fail,fail,848,1904,2379,fail,fail,fail,fail,0,519,1365,0,2627,fail,fail,1149,103,410,0,0,0,1246,fail,fail,208,0,105,0,1254,fail
 89305,0,fail,fail,848,1904,2379,fail,fail,fail,fail,0,519,1365,0,2627,fail,fail,1149,103,410,0,0,0,1246,fail,fail,208,0,105,0,1254,fail
 89310,0,fail,fail,848,1904,2379,fail,fail,fail,fail,0,519,1365,0,2627,fail,fail,1149,103,410,0,0,0,1246,fail,fail,208,0,105,0,1254,fail
 89315,0,fail,fail,848,1904,2379,fail,fail,fail,fail,0,519,1365,0,2627,fail,fail,1149,103,410,0,0,0,1246,fail,fail,208,0,105,0,1254,fail
 89320,0,fail,fail,848,1904,2379,fail,fail,fail,fail,0,519,1365,0,2627,fail,fail,1149,103,410,0,0,0,1246,fail,fail,208,0,105,0,1254,fail
 89325,0,fail,fail,848,1904,2379,fail,fail,fail,fail,0,519,1365,0,2627,fail,fail,1149,103,410,0,0,0,1246,fail,fail,208,0,105,0,1254,fail
 89330,0,fail,fail,848,1904,2379,fail,fail,fail,fail,0,519,1365,0,2627,fail,fail,1149,103,410,0,0,0,1246,fail,fail,208,0,105,0,1254,fail
 89335,0,fail,fail,848,1904,2379,fail,fail,fail,fail,0,519,1365,0,2627,fail,fail,1149,103,410,0,0,0,1246,fail,fail,208,0,105,0,1254,fail
 89340,0,fail,fail,848,1904,2379,fail,fail,fail,fail,0,519,1365,0,2627,fail,fail,1149,103,410,0,0,0,1246,fail,fail,208,0,105,0,1254,fail
 89345,0,fail,fail,848,1904,2379,fail,fail,fail,fail,0,519,1365,0,2627,fail,fail,1149,103,410,0,0,0,1246,fail,fail,208,0,105,0,1254,fail
 89350,0,fail,fail,848,1904,2379,fail,fail,fail,fail,0,519,1365,0,2627,fail,fail,1149,103,410,0,0,0,1246,fail,fail,208,0,105,0,1254,fail
 89355,0,fail,fail,848,1904,2379,fail,fail,fail,fail,0,519,1365,0,2627,fail,fail,1149,103,410,0,0,0,1246,fail,fail,208,0,105,0,1254,fail
 89360,0,fail,fail,848,1904,2379,fail,fail,fail,fail,0,519,1365,0,2627,fail,fail,1149,103,410,0,0,0,1246,fail,fail,208,0,105,0,1254,fail
 89365,0,fail,fail,848,1904,2379,fail,fail,fail,fail,0,519,1365,0,2627,fail,fail,1149,103,410,0,0,0,1246,fail,fail,208,0,105,0,1254,fail
 89370,0,fail,fail,848,1904,2379,fail,fail,fail,fail,0,519,1365,0,2627,fail,fail,1149,103,410,0,0,0,1246,fail,fail,208,0,105,0,1254,fail
 89375,0,fail,fail,848,1904,2379,fail,fail,fail,fail,0,519,1365,0,2627,fail,fail,1149,103,410,0,0,0,1246,fail,fail,208,0,105,0,1254,fail
 89380,0,fail,fail,848,1904,2379,fail,fail,fail,fail,0,519,1365,0,2627,fail,fail,1149,103,410,0,0,0,1246,fail,fail,208,0,105,0,1254,fail
 89385,0,fail,fail,848,1904,2379,fail,fail,fail,fail,0,519,1365,0,2627,fail,fail,1149,103,410,0,0,0,1246,fail,fail,208,0,105,0,1254,fail
 89390,0,fail,fail,848,1904,2379,fail,fail,fail,fail,0,519,1365,0,2627,fail,fail,1149,103,410,0,0,0,1246,fail,fail,208,0,105,0,1254,fail
 89395,0,fail,fail,848,1904,2379,fail,fail,fail,fail,0,519,1365,0,2627,fail,fail,1149,103,410,0,0,0,1246,fail,fail,208,0,105,0,1254,fail
 89400,0,fail,fail,848,1904,2379,fail,fail,fail,fail,0,519,1365,0,2627,fail,fail,1149,103,410,0,0,0,1246,fail,fail,208,0,105,0,1254,fail
 89405,0,fail,fail,848,1904,2379,fail,fail,fail,fail,0,519,1365,0,2627,fail,fail,1149,103,410,0,0,0,1246,fail,fail,208,0,105,0,1254,fail
 89410,0,fail,fail,848,1904,2379,fail,fail,fail,fail,0,519,1365,0,2627,fail,fail,1149,103,410,0,0,0,1246,fail,fail,208,0,105,0,1254,fail
 89415,0,fail,fail,848,1904,2379,fail,fail,fail,fail,0,519,1365,0,2627,fail,fail,1149,103,410,0,0,0,1246,fail,fail,208,0,105,0,1254,fail
 89420,0,fail,fail,848,1904,2379,fail,fail,fail,fail,0,519,1365,0,2627,fail,fail,1149,103,410,0,0,0,1246,fail,fail,208,0,105,0,1254,fail
 89425,0,fail,fail,848,1904,2379,fail,fail,fail,fail,0,519,1365,0,2627,fail,fail,1149,103,410,0,0,0,1246,fail,fail,208,0,105,0,1254,fail
 89430,0,fail,fail,848,1904,2379,fail,fail,fail,fail,0,519,1365,0,2627,fail,fail,1149,103,410,0,0,0,1246,fail,fail,208,0,105,0,1254,fail
 89435,0,fail,fail,848,1904,2379,fail,fail,fail,fail,0,519,1365,0,2627,fail,fail,1149,103,410,0,0,0,1246,fail,fail,208,0,105,0,1254,fail
 89440,0,fail,fail,848,1904,2379,fail,fail,fail,fail,0,519,1365,0,2627,fail,fail,1149,103,410,0,0,0,1246,fail,fail,208,0,105,0,1254,fail
 89445,0,fail,fail,848,1904,2379,fail,fail,fail,fail,0,519,1365,0,2627,fail,fail,1149,103,410,0,0,0,1246,fail,fail,208,0,105,0,1254,fail
 89450,0,fail,fail,848,1904,2379,fail,fail,fail,fail,0,519,1365,0,2627,fail,fail,1149,103,410,0,0,0,1246,fail,fail,208,0,105,0,1254,fail
 89455,0,fail,fail,848,1904,2379,fail,fail,fail,fail,0,519,1365,0,2627,fail,fail,1149,103,410,0,0,0,1246,fail,fail,208,0,105,0,1254,fail
 89460,0,fail,fail,848,1904,2379,fail,fail,fail,fail,0,519,1365,0,2627,fail,fail,1149,103,410,0,0,0,1246,fail,fail,208,0,105,0,1254,fail
 89465,0,fail,fail,848,1904,2379,fail,fail,fail,fail,0,519,1365,0,2627,fail,fail,1149,103,410,0,0,0,1246,fail,fail,208,0,105,0,1254,fail
 89470,0,fail,fail,848,1904,2379,fail,fail,fail,fail,0,519,1365,0,2627,fail,fail,1149,103,410,0,0,0,1246,fail,fail,208,0,105,0,1254,fail
 89475,0,fail,fail,848,1904,2379,fail,fail,fail,fail,0,519,1365,0,2627,fail,fail,1149,103,410,0,0,0,1246,fail,fail,208,0,105,0,1254,fail
 89480,0,fail,fail,848,1904,2379,fail,fail,fail,fail,0,519,1365,0,2627,fail,fail,1149,103,410,0,0,0,1246,fail,fail,208,0,105,0,1254,fail
 89485,0,fail,fail,848,1904,2379,fail,fail,fail,fail,0,519,1365,0,2627,fail,fail,1149,103,410,0,0,0,1246,fail,fail,208,0,105,0,1254,fail
 89490,0,fail,fail,848,1904,2379,fail,fail,fail,fail,0,519,1365,0,2627,fail,fail,1149,103,410,0,0,0,1246,fail,fail,208,0,105,0,1254,fail
 89495,0,fail,fail,848,1904,2379,fail,fail,fail,fail,0,519,1365,0,2627,fail,fail,1149,103,410,0,0,0,1246,fail,fail,208,0,105,0,1254,fail
 89500,0,fail,fail,848,1904,2379,fail,fail,fail,fail,0,519,1365,0,2627,fail,fail,1149,103,410,0,0,0,1246,fail,fail,208,0,105,0,1254,fail
 89505,0,fail,fail,848,1904,2379,fail,fail,fail,fail,0,519,1365,0,2627,fail,fail,1149,103,410,0,0,0,1246,fail,fail,208,0,105,0,1254,fail
 89510,0,fail,fail,848,1904,2379,fail,fail,fail,fail,0,519,1365,0,2627,fail,fail,1149,103,410,0,0,0,1246,fail,fail,208,0,105,0,1254,fail
 89515,0,fail,fail,848,1904,2379,fail,fail,fail,fail,0,519,1365,0,2627,fail,fail,1149,103,410,0,0,0,1246,fail,fail,208,0,105,0,1254,fail
 89520,0,fail,fail,848,1904,2379,fail,fail,fail,fail,0,519,1365,0,2627,fail,fail,1149,103,410,0,0,0,1246,fail,fail,208,0,105,0,1254,fail
 89525,0,fail,fail,848,1904,2379,fail,fail,fail,fail,0,519,1365,0,2627,fail,fail,1149,103,410,0,0,0,1246,fail,fail,208,0,105,0,1254,fail
 89530,0,fail,fail,848,1904,2379,fail,fail,fail,fail,0,519,1365,0,2627,fail,fail,1149,103,410,0,0,0,1246,fail,fail,208,0,105,0,1254,fail
 89535,0,fail,fail,848,1904,2379,fail,fail,fail,fail,0,519,1365,0,2627,fail,fail,1149,103,410,0,0,0,1246,fail,fail,208,0,105,0,1254,fail
 89540,0,fail,fail,848,1904,2379,fail,fail,fail,fail,0,519,1365,0,2627,fail,fail,1149,103,410,0,0,0,1246,fail,fail,208,0,105,0,1254,fail
 89545,0,fail,fail,848,1904,2379,fail,fail,fail,fail,0,519,1365,0,2627,fail,fail,1149,103,410,0,0,0,1246,fail,fail,208,0,105,0,1254,fail
 89550,0,fail,fail,848,1904,2379,fail,fail,fail,fail,0,519,1365,0,2627,fail,fail,1149,103,410,0,0,0,1246,fail,fail,208,0,105,0,1254,fail
 89555,0,fail,fail,848,1904,2379,fail,fail,fail,fail,0,519,1365,0,2627,fail,fail,1149,103,410,0,0,0,1246,fail,fail,208,0,105,0,1254,fail
 89560,0,fail,fail,848,1904,2379,fail,fail,fail,fail,0,519,1365,0,2627,fail,fail,1149,103,410,0,0,0,1246,fail,fail,208,0,105,0,1254,fail
 89565,0,fail,fail,848,1904,2379,fail,fail,fail,fail,0,519,1365,0,2627,fail,fail,1149,103,410,0,0,0,1246,fail,fail,208,0,105,0,1254,fail
 89570,0,fail,fail,848,1904,2379,fail,fail,fail,fail,0,519,1365,0,2627,fail,fail,1149,103,410,0,0,0,1246,fail,fail,208,0,105,0,1254,fail
 89575,0,fail,fail,848,1904,2379,fail,fail,fail,fail,0,519,1365,0,2627,fail,fail,1149,103,410,0,0,0,1246,fail,fail,208,0,105,0,1254,fail
 89580,0,fail,fail,848,1904,2379,fail,fail,fail,fail,0,519,1365,0,2627,fail,fail,1149,103,410,0,0,0,1246,fail,fail,208,0,105,0,1254,fail
 89585,0,fail,fail,848,1904,2379,fail,fail,fail,fail,0,519,1365,0,2627,fail,fail,1149,103,410,0,0,0,1246,fail,fail,208,0,105,0,1254,fail
 89590,0,fail,fail,848,1904,2379,fail,fail,fail,fail,0,519,1365,0,2627,fail,fail,1149,103,410,0,0,0,1246,fail,fail,208,0,105,0,1254,fail
 89595,0,fail,fail,848,1904,2379,fail,fail,fail,fail,0,519,1365,0,2627,fail,fail,1149,103,410,0,0,0,1246,fail,fail,208,0,105,0,1254,fail
 89600,0,fail,fail,848,1904,2379,fail,fail,fail,fail,0,519,1365,0,2627,fail,fail,1149,103,410,0,0,0,1246,fail,fail,208,0,105,0,1254,fail
 89605,0,fail,fail,848,1904,2379,fail,fail,fail,fail,0,519,1365,0,2627,fail,fail,1149,103,410,0,0,0,1246,fail,fail,208,0,105,0,1254,fail
 89610,0,fail,fail,848,1904,2379,fail,fail,fail,fail,0,519,1365,0,2627,fail,fail,1149,103,410,0,0,0,1246,fail,fail,208,0,105,0,1254,fail
 89615,0,fail,fail,848,1904,2379,fail,fail,fail,fail,0,519,1365,0,2627,fail,fail,1149,103,410,0,0,0,1246,fail,fail,208,0,105,0,1254,fail
 89620,0,fail,fail,848,1904,2379,fail,fail,fail,fail,0,519,1365,0,2627,fail,fail,1149,103,410,0,0,0,1246,fail,fail,208,0,105,0,1254,fail
 89625,0,fail,fail,848,1904,2379,fail,fail,fail,fail,0,519,1365,0,2627,fail,fail,1149,103,410,0,0,0,1246,fail,fail,208,0,105,0,1254,fail
 89630,0,fail,fail,848,1904,2379,fail,fail,fail,fail,0,519,1365,0,2627,fail,fail,1149,103,410,0,0,0,1246,fail,fail,208,0,105,0,1254,fail
 89635,0,fail,fail,848,1904,2379,fail,fail,fail,fail,0,519,1365,0,2627,fail,fail,1149,103,410,0,0,0,1246,fail,fail,208,0,105,0,1254,fail
 89640,0,fail,fail,848,1904,2379,fail,fail,fail,fail,0,519,1365,0,2627,fail,fail,1149,103,410,0,0,0,1246,fail,fail,208,0,105,0,1254,fail
 89645,0,fail,fail,848,1904,2379,fail,fail,fail,fail,0,519,1365,0,2627,fail,fail,1149,103,410,0,0,0,1246,fail,fail,208,0,105,0,1254,fail
 89650,0,fail,fail,848,1904,2379,fail,fail,fail,fail,0,519,1365,0,2627,fail,fail,1149,103,410,0,0,0,1246,fail,fail,208,0,105,0,1254,fail
 89655,0,fail,fail,848,1904,2379,fail,fail,fail,fail,0,519,1365,0,2627,fail,fail,1149,103,410,0,0,0,1246,fail,fail,208,0,105,0,1254,fail
 89660,0,fail,fail,848,1904,2379,fail,fail,fail,fail,0,519,1365,0,2627,fail,fail,1149,103,410,0,0,0,1246,fail,fail,208,0,105,0,1254,fail
 89665,0,fail,fail,848,1904,2379,fail,fail,fail,fail,0,519,1365,0,2627,fail,fail,1149,103,410,0,0,0,1246,fail,fail,208,0,105,0,1254,fail
 89670,0,fail,fail,848,1904,2379,fail,fail,fail,fail,0,519,1365,0,2627,fail,fail,1149,103,410,0,0,0,1246,fail,fail,208,0,105,0,1254,fail
 89675,0,fail,fail,848,1904,2379,fail,fail,fail,fail,0,519,1365,0,2627,fail,fail,1149,103,410,0,0,0,1246,fail,fail,208,0,105,0,1254,fail
 89680,0,fail,fail,848,1904,2379,fail,fail,fail,fail,0,519,1365,0,2627,fail,fail,1149,103,410,0,0,0,1246,fail,fail,208,0,105,0,1254,fail
 89685,0,fail,fail,848,1904,2379,fail,fail,fail,fail,0,519,1365,0,2627,fail,fail,1149,103,410,0,0,0,1246,fail,fail,208,0,105,0,1254,fail
 89690,0,fail,fail,848,1904,2379,fail,fail,fail,fail,0,519,1365,0,2627,fail,fail,1149,103,410,0,0,0,1246,fail,fail,208,0,105,0,1254,fail
 89695,0,fail,fail,848,1904,2379,fail,fail,fail,fail,0,519,1365,0,2627,fail,fail,1149,103,410,0,0,0,1246,fail,fail,208,0,105,0,1254,fail
 89700,0,fail,fail,848,1904,2379,fail,fail,fail,fail,0,519,1365,0,2627,fail,fail,1149,103,410,0,0,0,1246,fail,fail,208,0,105,0,1254,fail
 89705,0,fail,fail,848,1904,2379,fail,fail,fail,fail,0,519,1365,0,2627,fail,fail,1149,103,410,0,0,0,1246,fail,fail,208,0,105,0,1254,fail
 89710,0,fail,fail,848,1904,2379,fail,fail,fail,fail,0,519,1365,0,2627,fail,fail,1149,103,410,0,0,0,1246,fail,fail,208,0,105,0,1254,fail
 89715,0,fail,fail,848,1904,2379,fail,fail,fail,fail,0,519,1365,0,2627,fail,fail,1149,103,410,0,0,0,1246,fail,fail,208,0,105,0,1254,fail
 89720,0,fail,fail,848,1904,2379,fail,fail,fail,fail,0,519,1365,0,2627,fail,fail,1149,103,410,0,0,0,1246,fail,fail,208,0,105,0,1254,fail
 89725,0,fail,fail,848,1904,2379,fail,fail,fail,fail,0,519,1365,0,2627,fail,fail,1149,103,410,0,0,0,1246,fail,fail,208,0,105,0,1254,fail
 89730,0,fail,fail,848,1904,2379,fail,fail,fail,fail,0,519,1365,0,2627,fail,fail,1149,103,410,0,0,0,1246,fail,fail,208,0,105,0,1254,fail
 89735,0,fail,fail,848,1904,2379,fail,fail,fail,fail,0,519,1365,0,2627,fail,fail,1149,103,410,0,0,0,1246,fail,fail,208,0,105,0,1254,fail
 89740,0,fail,fail,848,1904,2379,fail,fail,fail,fail,0,519,1365,0,2627,fail,fail,1149,103,410,0,0,0,1246,fail,fail,208,0,105,0,1254,fail
 89745,0,fail,fail,848,1904,2379,fail,fail,fail,fail,0,519,1365,0,2627,fail,fail,1149,103,410,0,0,0,1246,fail,fail,208,0,105,0,1254,fail
 89750,0,fail,fail,848,1904,2379,fail,fail,fail,fail,0,519,1365,0,2627,fail,fail,1149,103,410,0,0,0,1246,fail,fail,208,0,105,0,1254,fail
 89755,0,fail,fail,848,1904,2379,fail,fail,fail,fail,0,519,1365,0,2627,fail,fail,1149,103,410,0,0,0,1246,fail,fail,208,0,105,0,1254,fail
 89760,0,fail,fail,848,1904,2379,fail,fail,fail,fail,0,519,1365,0,2627,fail,fail,1149,103,410,0,0,0,1246,fail,fail,208,0,105,0,1254,fail
 89765,0,fail,fail,848,1904,2379,fail,fail,fail,fail,0,519,1365,0,2627,fail,fail,1149,103,410,0,0,0,1246,fail,fail,208,0,105,0,1254,fail
 89770,0,fail,fail,848,1904,2379,fail,fail,fail,fail,0,519,1365,0,2627,fail,fail,1149,103,410,0,0,0,1246,fail,fail,208,0,105,0,1254,fail
 89775,0,fail,fail,848,1904,2379,fail,fail,fail,fail,0,519,1365,0,2627,fail,fail,1149,103,410,0,0,0,1246,fail,fail,208,0,105,0,1254,fail
 89780,0,fail,fail,848,1904,2379,fail,fail,fail,fail,0,519,1365,0,2627,fail,fail,1149,103,410,0,0,0,1246,fail,fail,208,0,105,0,1254,fail
 89785,0,fail,fail,848,1904,2379,fail,fail,fail,fail,0,519,1365,0,2627,fail,fail,1149,103,410,0,0,0,1246,fail,fail,208,0,105,0,1254,fail
 89790,0,fail,fail,848,1904,2379,fail,fail,fail,fail,0,519,1365,0,2627,fail,fail,1149,103,410,0,0,0,1246,fail,fail,208,0,105,0,1254,fail
 89795,0,fail,fail,848,1904,2379,fail,fail,fail,fail,0,519,1365,0,2627,fail,fail,1149,103,410,0,0,0,1246,fail,fail,208,0,105,0,1254,fail
 89800,0,fail,fail,848,1904,2379,fail,fail,fail,fail,0,519,1365,0,2627,fail,fail,1149,103,410,0,0,0,1246,fail,fail,208,0,105,0,1254,fail
 89805,0,fail,fail,848,1904,2379,fail,fail,fail,fail,0,519,1365,0,2627,fail,fail,1149,103,410,0,0,0,1246,fail,fail,208,0,105,0,1254,fail
 89810,0,fail,fail,848,1904,2379,fail,fail,fail,fail,0,519,1365,0,2627,fail,fail,1149,103,410,0,0,0,1246,fail,fail,208,0,105,0,1254,fail
 89815,0,fail,fail,848,1904,2379,fail,fail,fail,fail,0,519,1365,0,2627,fail,fail,1149,103,410,0,0,0,1246,fail,fail,208,0,105,0,1254,fail
 89820,0,fail,fail,848,1904,2379,fail,fail,fail,fail,0,519,1365,0,2627,fail,fail,1149,103,410,0,0,0,1246,fail,fail,208,0,105,0,1254,fail
 89825,0,fail,fail,848,1904,2379,fail,fail,fail,fail,0,519,1365,0,2627,fail,fail,1149,103,410,0,0,0,1246,fail,fail,208,0,105,0,1254,fail
 89830,0,fail,fail,848,1904,2379,fail,fail,fail,fail,0,519,1365,0,2627,fail,fail,1149,103,410,0,0,0,1246,fail,fail,208,0,105,0,1254,fail
 89835,0,fail,fail,848,1904,2379,fail,fail,fail,fail,0,519,1365,0,2627,fail,fail,1149,103,410,0,0,0,1246,fail,fail,208,0,105,0,1254,fail
 89840,0,fail,fail,848,1904,2379,fail,fail,fail,fail,0,519,1365,0,2627,fail,fail,1149,103,410,0,0,0,1246,fail,fail,208,0,105,0,1254,fail
 89845,0,fail,fail,848,1904,2379,fail,fail,fail,fail,0,519,1365,0,2627,fail,fail,1149,103,410,0,0,0,1246,fail,fail,208,0,105,0,1254,fail
 89850,0,fail,fail,848,1904,2379,fail,fail,fail,fail,0,519,1365,0,2627,fail,fail,1149,103,410,0,0,0,1246,fail,fail,208,0,105,0,1254,fail
 89855,0,fail,fail,848,1904,2379,fail,fail,fail,fail,0,519,1365,0,2627,fail,fail,1149,103,410,0,0,0,1246,fail,fail,208,0,105,0,1254,fail
 89860,0,fail,fail,848,1904,2379,fail,fail,fail,fail,0,519,1365,0,2627,fail,fail,1149,103,410,0,0,0,1246,fail,fail,208,0,105,0,1254,fail
 89865,0,fail,fail,848,1904,2379,fail,fail,fail,fail,0,519,1365,0,2627,fail,fail,1149,103,410,0,0,0,1246,fail,fail,208,0,105,0,1254,fail
 89870,0,fail,fail,848,1904,2379,fail,fail,fail,fail,0,519,1365,0,2627,fail,fail,1149,103,410,0,0,0,1246,fail,fail,208,0,105,0,1254,fail
 89875,0,fail,fail,848,1904,2379,fail,fail,fail,fail,0,519,1365,0,2627,fail,fail,1149,103,410,0,0,0,1246,fail,fail,208,0,105,0,1254,fail
 89880,0,fail,fail,848,1904,2379,fail,fail,fail,fail,0,519,1365,0,2627,fail,fail,1149,103,410,0,0,0,1246,fail,fail,208,0,105,0,1254,fail
 89885,0,fail,fail,848,1904,2379,fail,fail,fail,fail,0,519,1365,0,2627,fail,fail,1149,103,410,0,0,0,1246,fail,fail,208,0,105,0,1254,fail
 89890,0,fail,fail,848,1904,2379,fail,fail,fail,fail,0,519,1365,0,2627,fail,fail,1149,103,410,0,0,0,1246,fail,fail,208,0,105,0,1254,fail
 89895,0,fail,fail,848,1904,2379,fail,fail,fail,fail,0,519,1365,0,2627,fail,fail,1149,103,410,0,0,0,1246,fail,fail,208,0,105,0,1254,fail
 89900,0,fail,fail,848,1904,2379,fail,fail,fail,fail,0,519,1365,0,2627,fail,fail,1149,103,410,0,0,0,1246,fail,fail,208,0,105,0,1254,fail
 89905,0,fail,fail,848,1904,2379,fail,fail,fail,fail,0,519,1365,0,2627,fail,fail,1149,103,410,0,0,0,1246,fail,fail,208,0,105,0,1254,fail
 89910,0,fail,fail,848,1904,2379,fail,fail,fail,fail,0,519,1365,0,2627,fail,fail,1149,103,410,0,0,0,1246,fail,fail,208,0,105,0,1254,fail
 89915,0,fail,fail,848,1904,2379,fail,fail,fail,fail,0,519,1365,0,2627,fail,fail,1149,103,410,0,0,0,1246,fail,fail,208,0,105,0,1254,fail
 89920,0,fail,fail,848,1904,2379,fail,fail,fail,fail,0,519,1365,0,2627,fail,fail,1149,103,410,0,0,0,1246,fail,fail,208,0,105,0,1254,fail
 89925,0,fail,fail,848,1904,2379,fail,fail,fail,fail,0,519,1365,0,2627,fail,fail,1149,103,410,0,0,0,1246,fail,fail,208,0,105,0,1254,fail
 89930,0,fail,fail,848,1904,2379,fail,fail,fail,fail,0,519,1365,0,2627,fail,fail,1149,103,410,0,0,0,1246,fail,fail,208,0,105,0,1254,fail
 89935,0,fail,fail,848,1904,2379,fail,fail,fail,fail,0,519,1365,0,2627,fail,fail,1149,103,410,0,0,0,1246,fail,fail,208,0,105,0,1254,fail
 89940,0,fail,fail,848,1904,2379,fail,fail,fail,fail,0,519,1365,0,2627,fail,fail,1149,103,410,0,0,0,1246,fail,fail,208,0,105,0,1254,fail
 89945,0,fail,fail,848,1904,2379,fail,fail,fail,fail,0,519,1365,0,2627,fail,fail,1149,103,410,0,0,0,1246,fail,fail,208,0,105,0,1254,fail
 89950,0,fail,fail,848,1904,2379,fail,fail,fail,fail,0,519,1365,0,2627,fail,fail,1149,103,410,0,0,0,1246,fail,fail,208,0,105,0,1254,fail
 89955,0,fail,fail,848,1904,2379,fail,fail,fail,fail,0,519,1365,0,2627,fail,fail,1149,103,410,0,0,0,1246,fail,fail,208,0,105,0,1254,fail
 89960,0,fail,fail,848,1904,2379,fail,fail,fail,fail,0,519,1365,0,2627,fail,fail,1149,103,410,0,0,0,1246,fail,fail,208,0,105,0,1254,fail
 89965,0,fail,fail,848,1904,2379,fail,fail,fail,fail,0,519,1365,0,2627,fail,fail,1149,103,410,0,0,0,1246,fail,fail,208,0,105,0,1254,fail
 89970,0,fail,fail,848,1904,2379,fail,fail,fail,fail,0,519,1365,0,2627,fail,fail,1149,103,410,0,0,0,1246,fail,fail,208,0,105,0,1254,fail
 89975,0,fail,fail,848,1904,2379,fail,fail,fail,fail,0,519,1365,0,2627,fail,fail,1149,103,410,0,0,0,1246,fail,fail,208,0,105,0,1254,fail
 89980,0,fail,fail,848,1904,2379,fail,fail,fail,fail,0,519,1365,0,2627,fail,fail,1149,103,410,0,0,0,1246,fail,fail,208,0,105,0,1254,fail
 89985,0,fail,fail,848,1904,2379,fail,fail,fail,fail,0,519,1365,0,2627,fail,fail,1149,103,410,0,0,0,1246,fail,fail,208,0,105,0,1254,fail
 89990,0,fail,fail,848,1904,2379,fail,fail,fail,fail,0,519,1365,0,2627,fail,fail,1149,103,410,0,0,0,1246,fail,fail,208,0,105,0,1254,fail
 89995,0,fail,fail,848,1904,2379,fail,fail,fail,fail,0,519,1365,0,2627,fail,fail,1149,103,410,0,0,0,1246,fail,fail,208,0,105,0,1254,fail
 90000,0,fail,fail,848,1904,2379,fail,fail,fail,fail,0,519,1365,0,2627,fail,fail,1149,103,410,0,0,0,1246,fail,fail,208,0,105,0,1254,fail
 90005,0,fail,fail,848,1904,2379,fail,fail,fail,fail,0,519,1365,0,2627,fail,fail,1149,103,410,0,0,0,1246,fail,fail,208,0,105,0,1254,fail
 90010,0,fail,fail,848,1904,2379,fail,fail,fail,fail,0,519,1365,0,2627,fail,fail,1149,103,410,0,0,0,1246,fail,fail,208,0,105,0,1254,fail
 90015,0,fail,fail,848,1904,2379,fail,fail,fail,fail,0,519,1365,0,2627,fail,fail,1149,103,410,0,0,0,1246,fail,fail,208,0,105,0,1254,fail
 90020,0,fail,fail,848,1904,2379,fail,fail,fail,fail,0,519,1365,0,2627,fail,fail,1149,103,410,0,0,0,1246,fail,fail,208,0,105,0,1254,fail
 90025,0,fail,fail,848,1904,2379,fail,fail,fail,fail,0,519,1365,0,2627,fail,fail,1149,103,410,0,0,0,1246,fail,fail,208,0,105,0,1254,fail
 90030,0,fail,fail,848,1904,2379,fail,fail,fail,fail,0,519,1365,0,2627,fail,fail,1149,103,410,0,0,0,1246,fail,fail,208,0,105,0,1254,fail
 90035,0,fail,fail,848,1904,2379,fail,fail,fail,fail,0,519,1365,0,2627,fail,fail,1149,103,410,0,0,0,1246,fail,fail,208,0,105,0,1254,fail
 90040,0,fail,fail,848,1904,2379,fail,fail,fail,fail,0,519,1365,0,2627,fail,fail,1149,103,410,0,0,0,1246,fail,fail,208,0,105,0,1254,fail
 90045,0,fail,fail,848,1904,2379,fail,fail,fail,fail,0,519,1365,0,2627,fail,fail,1149,103,410,0,0,0,1246,fail,fail,208,0,105,0,1254,fail
 90050,0,fail,fail,848,1904,2379,fail,fail,fail,fail,0,519,1365,0,2627,fail,fail,1149,103,410,0,0,0,1246,fail,fail,208,0,105,0,1254,fail
 90055,0,fail,fail,848,1904,2379,fail,fail,fail,fail,0,519,1365,0,2627,fail,fail,1149,103,410,0,0,0,1246,fail,fail,208,0,105,0,1254,fail
 90060,0,fail,fail,848,1904,2379,fail,fail,fail,fail,0,519,1365,0,2627,fail,fail,1149,103,410,0,0,0,1246,fail,fail,208,0,105,0,1254,fail
 90065,0,fail,fail,848,1904,2379,fail,fail,fail,fail,0,519,1365,0,2627,fail,fail,1149,103,410,0,0,0,1246,fail,fail,208,0,105,0,1254,fail
 90070,0,fail,fail,848,1904,2379,fail,fail,fail,fail,0,519,1365,0,2627,fail,fail,1149,103,410,0,0,0,1246,fail,fail,208,0,105,0,1254,fail
 90075,0,fail,fail,848,1904,2379,fail,fail,fail,fail,0,519,1365,0,2627,fail,fail,1149,103,410,0,0,0,1246,fail,fail,208,0,105,0,1254,fail
 90080,0,fail,fail,848,1904,2379,fail,fail,fail,fail,0,519,1365,0,2627,fail,fail,1149,103,410,0,0,0,1246,fail,fail,208,0,105,0,1254,fail
 90085,0,fail,fail,848,1904,2379,fail,fail,fail,fail,0,519,1365,0,2627,fail,fail,1149,103,410,0,0,0,1246,fail,fail,208,0,105,0,1254,fail
 90090,0,fail,fail,848,1904,2379,fail,fail,fail,fail,0,519,1365,0,2627,fail,fail,1149,103,410,0,0,0,1246,fail,fail,208,0,105,0,1254,fail
 90095,0,fail,fail,848,1904,2379,fail,fail,fail,fail,0,519,1365,0,2627,fail,fail,1149,103,410,0,0,0,1246,fail,fail,208,0,105,0,1254,fail
 90100,0,fail,fail,848,1904,2379,fail,fail,fail,fail,0,519,1365,0,2627,fail,fail,1149,103,410,0,0,0,1246,fail,fail,208,0,105,0,1254,fail
 90105,0,fail,fail,848,1904,2379,fail,fail,fail,fail,0,519,1365,0,2627,fail,fail,1149,103,410,0,0,0,1246,fail,fail,208,0,105,0,1254,fail
 90110,0,fail,fail,848,1904,2379,fail,fail,fail,fail,0,519,1365,0,2627,fail,fail,1149,103,410,0,0,0,1246,fail,fail,208,0,105,0,1254,fail
 90115,0,fail,fail,848,1904,2379,fail,fail,fail,fail,0,519,1365,0,2627,fail,fail,1149,103,410,0,0,0,1246,fail,fail,208,0,105,0,1254,fail
 90120,0,fail,fail,848,1904,2379,fail,fail,fail,fail,0,519,1365,0,2627,fail,fail,1149,103,410,0,0,0,1246,fail,fail,208,0,105,0,1254,fail
 90125,0,fail,fail,848,1904,2379,fail,fail,fail,fail,0,519,1365,0,2627,fail,fail,1149,103,410,0,0,0,1246,fail,fail,208,0,105,0,1254,fail
 90130,0,fail,fail,848,1904,2379,fail,fail,fail,fail,0,519,1365,0,2627,fail,fail,1149,103,410,0,0,0,1246,fail,fail,208,0,105,0,1254,fail
 90135,0,fail,fail,848,1904,2379,fail,fail,fail,fail,0,519,1365,0,2627,fail,fail,1149,103,410,0,0,0,1246,fail,fail,208,0,105,0,1254,fail
 90140,0,fail,fail,848,1904,2379,fail,fail,fail,fail,0,519,1365,0,2627,fail,fail,1149,103,410,0,0,0,1246,fail,fail,208,0,105,0,1254,fail
 90145,0,fail,fail,848,1904,2379,fail,fail,fail,fail,0,519,1365,0,2627,fail,fail,1149,103,410,0,0,0,1246,fail,fail,208,0,105,0,1254,fail
 90150,0,fail,fail,848,1904,2379,fail,fail,fail,fail,0,519,1365,0,2627,fail,fail,1149,103,410,0,0,0,1246,fail,fail,208,0,105,0,1254,fail
 90155,0,fail,fail,848,1904,2379,fail,fail,fail,fail,0,519,1365,0,2627,fail,fail,1149,103,410,0,0,0,1246,fail,fail,208,0,105,0,1254,fail
 90160,0,fail,fail,848,1904,2379,fail,fail,fail,fail,0,519,1365,0,2627,fail,fail,1149,103,410,0,0,0,1246,fail,fail,208,0,105,0,1254,fail
 90165,0,fail,fail,848,1904,2379,fail,fail,fail,fail,0,519,1365,0,2627,fail,fail,1149,103,410,0,0,0,1246,fail,fail,208,0,105,0,1254,fail
 90170,0,fail,fail,848,1904,2379,fail,fail,fail,fail,0,519,1365,0,2627,fail,fail,1149,103,410,0,0,0,1246,fail,fail,208,0,105,0,1254,fail
 90175,0,fail,fail,848,1904,2379,fail,fail,fail,fail,0,519,1365,0,2627,fail,fail,1149,103,410,0,0,0,1246,fail,fail,208,0,105,0,1254,fail
 90180,0,fail,fail,848,1904,2379,fail,fail,fail,fail,0,519,1365,0,2627,fail,fail,1149,103,410,0,0,0,1246,fail,fail,208,0,105,0,1254,fail
 90185,0,fail,fail,848,1904,2379,fail,fail,fail,fail,0,519,1365,0,2627,fail,fail,1149,103,410,0,0,0,1246,fail,fail,208,0,105,0,1254,fail
 90190,0,fail,fail,848,1904,2379,fail,fail,fail,fail,0,519,1365,0,2627,fail,fail,1149,103,410,0,0,0,1246,fail,fail,208,0,105,0,1254,fail
 90195,0,fail,fail,848,1904,2379,fail,fail,fail,fail,0,519,1365,0,2627,fail,fail,1149,103,410,0,0,0,1246,fail,fail,208,0,105,0,1254,fail
 90200,0,fail,fail,848,1904,2379,fail,fail,fail,fail,0,519,1365,0,2627,fail,fail,1149,103,410,0,0,0,1246,fail,fail,208,0,105,0,1254,fail
 90205,0,fail,fail,848,1904,2379,fail,fail,fail,fail,0,519,1365,0,2627,fail,fail,1149,103,410,0,0,0,1246,fail,fail,208,0,105,0,1254,fail
 90210,0,fail,fail,848,1904,2379,fail,fail,fail,fail,0,519,1365,0,2627,fail,fail,1149,103,410,0,0,0,1246,fail,fail,208,0,105,0,1254,fail
 90215,0,fail,fail,848,1904,2379,fail,fail,fail,fail,0,519,1365,0,2627,fail,fail,1149,103,410,0,0,0,1246,fail,fail,208,0,105,0,1254,fail
 90220,0,fail,fail,848,1904,2379,fail,fail,fail,fail,0,519,1365,0,2627,fail,fail,1149,103,410,0,0,0,1246,fail,fail,208,0,105,0,1254,fail
 90225,0,fail,fail,848,1904,2379,fail,fail,fail,fail,0,519,1365,0,2627,fail,fail,1149,103,410,0,0,0,1246,fail,fail,208,0,105,0,1254,fail
 90230,0,fail,fail,848,1904,2379,fail,fail,fail,fail,0,519,1365,0,2627,fail,fail,1149,103,410,0,0,0,1246,fail,fail,208,0,105,0,1254,fail
 90235,0,fail,fail,848,1904,2379,fail,fail,fail,fail,0,519,1365,0,2627,fail,fail,1149,103,410,0,0,0,1246,fail,fail,208,0,105,0,1254,fail
 90240,0,fail,fail,848,1904,2379,fail,fail,fail,fail,0,519,1365,0,2627,fail,fail,1149,103,410,0,0,0,1246,fail,fail,208,0,105,0,1254,fail
 90245,0,fail,fail,848,1904,2379,fail,fail,fail,fail,0,519,1365,0,2627,fail,fail,1149,103,410,0,0,0,1246,fail,fail,208,0,105,0,1254,fail
 90250,0,fail,fail,848,1904,2379,fail,fail,fail,fail,0,519,1365,0,2627,fail,fail,1149,103,410,0,0,0,1246,fail,fail,208,0,105,0,1254,fail
 90255,0,fail,fail,848,1904,2379,fail,fail,fail,fail,0,519,1365,0,2627,fail,fail,1149,103,410,0,0,0,1246,fail,fail,208,0,105,0,1254,fail
 90260,0,fail,fail,848,1904,2379,fail,fail,fail,fail,0,519,1365,0,2627,fail,fail,1149,103,410,0,0,0,1246,fail,fail,208,0,105,0,1254,fail
 90265,0,fail,fail,848,1904,2379,fail,fail,fail,fail,0,519,1365,0,2627,fail,fail,1149,103,410,0,0,0,1246,fail,fail,208,0,105,0,1254,fail
 90270,0,fail,fail,848,1904,2379,fail,fail,fail,fail,0,519,1365,0,2627,fail,fail,1149,103,410,0,0,0,1246,fail,fail,208,0,105,0,1254,fail
 90275,0,fail,fail,848,1904,2379,fail,fail,fail,fail,0,519,1365,0,2627,fail,fail,1149,103,410,0,0,0,1246,fail,fail,208,0,105,0,1254,fail
 90280,0,fail,fail,848,1904,2379,fail,fail,fail,fail,0,519,1365,0,2627,fail,fail,1149,103,410,0,0,0,1246,fail,fail,208,0,105,0,1254,fail
 90285,0,fail,fail,848,1904,2379,fail,fail,fail,fail,0,519,1365,0,2627,fail,fail,1149,103,410,0,0,0,1246,fail,fail,208,0,105,0,1254,fail
 90290,0,fail,fail,848,1904,2379,fail,fail,fail,fail,0,519,1365,0,2627,fail,fail,1149,103,410,0,0,0,1246,fail,fail,208,0,105,0,1254,fail
 90295,0,fail,fail,848,1904,2379,fail,fail,fail,fail,0,519,1365,0,2627,fail,fail,1149,103,410,0,0,0,1246,fail,fail,208,0,105,0,1254,fail
 90300,0,fail,fail,848,1904,2379,fail,fail,fail,fail,0,519,1365,0,2627,fail,fail,1149,103,410,0,0,0,1246,fail,fail,208,0,105,0,1254,fail
 90305,0,fail,fail,848,1904,2379,fail,fail,fail,fail,0,519,1365,0,2627,fail,fail,1149,103,410,0,0,0,1246,fail,fail,208,0,105,0,1254,fail
 90310,0,fail,fail,848,1904,2379,fail,fail,fail,fail,0,519,1365,0,2627,fail,fail,1149,103,410,0,0,0,1246,fail,fail,208,0,105,0,1254,fail
 90315,0,fail,fail,848,1904,2379,fail,fail,fail,fail,0,519,1365,0,2627,fail,fail,1149,103,410,0,0,0,1246,fail,fail,208,0,105,0,1254,fail
 90320,0,fail,fail,848,1904,2379,fail,fail,fail,fail,0,519,1365,0,2627,fail,fail,1149,103,410,0,0,0,1246,fail,fail,208,0,105,0,1254,fail
 90325,0,fail,fail,848,1904,2379,fail,fail,fail,fail,0,519,1365,0,2627,fail,fail,1149,103,410,0,0,0,1246,fail,fail,208,0,105,0,1254,fail
 90330,0,fail,fail,848,1904,2379,fail,fail,fail,fail,0,519,1365,0,2627,fail,fail,1149,103,410,0,0,0,1246,fail,fail,208,0,105,0,1254,fail
 90335,0,fail,fail,848,1904,2379,fail,fail,fail,fail,0,519,1365,0,2627,fail,fail,1149,103,410,0,0,0,1246,fail,fail,208,0,105,0,1254,fail
 90340,0,fail,fail,848,1904,2379,fail,fail,fail,fail,0,519,1365,0,2627,fail,fail,1149,103,410,0,0,0,1246,fail,fail,208,0,105,0,1254,fail
 90345,0,fail,fail,848,1904,2379,fail,fail,fail,fail,0,519,1365,0,2627,fail,fail,1149,103,410,0,0,0,1246,fail,fail,208,0,105,0,1254,fail
 90350,0,fail,fail,848,1904,2379,fail,fail,fail,fail,0,519,1365,0,2627,fail,fail,1149,103,410,0,0,0,1246,fail,fail,208,0,105,0,1254,fail
 90355,0,fail,fail,848,1904,2379,fail,fail,fail,fail,0,519,1365,0,2627,fail,fail,1149,103,410,0,0,0,1246,fail,fail,208,0,105,0,1254,fail
 90360,0,fail,fail,848,1904,2379,fail,fail,fail,fail,0,519,1365,0,2627,fail,fail,1149,103,410,0,0,0,1246,fail,fail,208,0,105,0,1254,fail
 90365,0,fail,fail,848,1904,2379,fail,fail,fail,fail,0,519,1365,0,2627,fail,fail,1149,103,410,0,0,0,1246,fail,fail,208,0,105,0,1254,fail
 90370,0,fail,fail,848,1904,2379,fail,fail,fail,fail,0,519,1365,0,2627,fail,fail,1149,103,410,0,0,0,1246,fail,fail,208,0,105,0,1254,fail
 90375,0,fail,fail,848,1904,2379,fail,fail,fail,fail,0,519,1365,0,2627,fail,fail,1149,103,410,0,0,0,1246,fail,fail,208,0,105,0,1254,fail
 90380,0,fail,fail,848,1904,2379,fail,fail,fail,fail,0,519,1365,0,2627,fail,fail,1149,103,410,0,0,0,1246,fail,fail,208,0,105,0,1254,fail
 90385,0,fail,fail,848,1904,2379,fail,fail,fail,fail,0,519,1365,0,2627,fail,fail,1149,103,410,0,0,0,1246,fail,fail,208,0,105,0,1254,fail
 90390,0,fail,fail,848,1904,2379,fail,fail,fail,fail,0,519,1365,0,2627,fail,fail,1149,103,410,0,0,0,1246,fail,fail,208,0,105,0,1254,fail
 90395,0,fail,fail,848,1904,2379,fail,fail,fail,fail,0,519,1365,0,2627,fail,fail,1149,103,410,0,0,0,1246,fail,fail,208,0,105,0,1254,fail
 90400,0,fail,fail,848,1904,2379,fail,fail,fail,fail,0,519,1365,0,2627,fail,fail,1149,103,410,0,0,0,1246,fail,fail,208,0,105,0,1254,fail
 90405,0,fail,fail,848,1904,2379,fail,fail,fail,fail,0,519,1365,0,2627,fail,fail,1149,103,410,0,0,0,1246,fail,fail,208,0,105,0,1254,fail
 90410,0,fail,fail,848,1904,2379,fail,fail,fail,fail,0,519,1365,0,2627,fail,fail,1149,103,410,0,0,0,1246,fail,fail,208,0,105,0,1254,fail
 90415,0,fail,fail,848,1904,2379,fail,fail,fail,fail,0,519,1365,0,2627,fail,fail,1149,103,410,0,0,0,1246,fail,fail,208,0,105,0,1254,fail
 90420,0,fail,fail,848,1904,2379,fail,fail,fail,fail,0,519,1365,0,2627,fail,fail,1149,103,410,0,0,0,1246,fail,fail,208,0,105,0,1254,fail
 90425,0,fail,fail,848,1904,2379,fail,fail,fail,fail,0,519,1365,0,2627,fail,fail,1149,103,410,0,0,0,1246,fail,fail,208,0,105,0,1254,fail
 90430,0,fail,fail,848,1904,2379,fail,fail,fail,fail,0,519,1365,0,2627,fail,fail,1149,103,410,0,0,0,1246,fail,fail,208,0,105,0,1254,fail
 90435,0,fail,fail,848,1904,2379,fail,fail,fail,fail,0,519,1365,0,2627,fail,fail,1149,103,410,0,0,0,1246,fail,fail,208,0,105,0,1254,fail
 90440,0,fail,fail,848,1904,2379,fail,fail,fail,fail,0,519,1365,0,2627,fail,fail,1149,103,410,0,0,0,1246,fail,fail,208,0,105,0,1254,fail
 90445,0,fail,fail,848,1904,2379,fail,fail,fail,fail,0,519,1365,0,2627,fail,fail,1149,103,410,0,0,0,1246,fail,fail,208,0,105,0,1254,fail
 90450,0,fail,fail,848,1904,2379,fail,fail,fail,fail,0,519,1365,0,2627,fail,fail,1149,103,410,0,0,0,1246,fail,fail,208,0,105,0,1254,fail
 90455,0,fail,fail,848,1904,2379,fail,fail,fail,fail,0,519,1365,0,2627,fail,fail,1149,103,410,0,0,0,1246,fail,fail,208,0,105,0,1254,fail
 90460,0,fail,fail,848,1904,2379,fail,fail,fail,fail,0,519,1365,0,2627,fail,fail,1149,103,410,0,0,0,1246,fail,fail,208,0,105,0,1254,fail
 90465,0,fail,fail,848,1904,2379,fail,fail,fail,fail,0,519,1365,0,2627,fail,fail,1149,103,410,0,0,0,1246,fail,fail,208,0,105,0,1254,fail
 90470,0,fail,fail,848,1904,2379,fail,fail,fail,fail,0,519,1365,0,2627,fail,fail,1149,103,410,0,0,0,1246,fail,fail,208,0,105,0,1254,fail
 90475,0,fail,fail,848,1904,2379,fail,fail,fail,fail,0,519,1365,0,2627,fail,fail,1149,103,410,0,0,0,1246,fail,fail,208,0,105,0,1254,fail
 90480,0,fail,fail,848,1904,2379,fail,fail,fail,fail,0,519,1365,0,2627,fail,fail,1149,103,410,0,0,0,1246,fail,fail,208,0,105,0,1254,fail
 90485,0,fail,fail,848,1904,2379,fail,fail,fail,fail,0,519,1365,0,2627,fail,fail,1149,103,410,0,0,0,1246,fail,fail,208,0,105,0,1254,fail
 90490,0,fail,fail,848,1904,2379,fail,fail,fail,fail,0,519,1365,0,2627,fail,fail,1149,103,410,0,0,0,1246,fail,fail,208,0,105,0,1254,fail
 90495,0,fail,fail,848,1904,2379,fail,fail,fail,fail,0,519,1365,0,2627,fail,fail,1149,103,410,0,0,0,1246,fail,fail,208,0,105,0,1254,fail
 90500,0,fail,fail,848,1904,2379,fail,fail,fail,fail,0,519,1365,0,2627,fail,fail,1149,103,410,0,0,0,1246,fail,fail,208,0,105,0,1254,fail
 90505,0,fail,fail,848,1904,2379,fail,fail,fail,fail,0,519,1365,0,2627,fail,fail,1149,103,410,0,0,0,1246,fail,fail,208,0,105,0,1254,fail
 90510,0,fail,fail,848,1904,2379,fail,fail,fail,fail,0,519,1365,0,2627,fail,fail,1149,103,410,0,0,0,1246,fail,fail,208,0,105,0,1254,fail
 90515,0,fail,fail,848,1904,2379,fail,fail,fail,fail,0,519,1365,0,2627,fail,fail,1149,103,410,0,0,0,1246,fail,fail,208,0,105,0,1254,fail
 90520,0,fail,fail,848,1904,2379,fail,fail,fail,fail,0,519,1365,0,2627,fail,fail,1149,103,410,0,0,0,1246,fail,fail,208,0,105,0,1254,fail
 90525,0,fail,fail,848,1904,2379,fail,fail,fail,fail,0,519,1365,0,2627,fail,fail,1149,103,410,0,0,0,1246,fail,fail,208,0,105,0,1254,fail
 90530,0,fail,fail,848,1904,2379,fail,fail,fail,fail,0,519,1365,0,2627,fail,fail,1149,103,410,0,0,0,1246,fail,fail,208,0,105,0,1254,fail
 90535,0,fail,fail,848,1904,2379,fail,fail,fail,fail,0,519,1365,0,2627,fail,fail,1149,103,410,0,0,0,1246,fail,fail,208,0,105,0,1254,fail
 90540,0,fail,fail,848,1904,2379,fail,fail,fail,fail,0,519,1365,0,2627,fail,fail,1149,103,410,0,0,0,1246,fail,fail,208,0,105,0,1254,fail
 90545,0,fail,fail,848,1904,2379,fail,fail,fail,fail,0,519,1365,0,2627,fail,fail,1149,103,410,0,0,0,1246,fail,fail,208,0,105,0,1254,fail
 90550,0,fail,fail,848,1904,2379,fail,fail,fail,fail,0,519,1365,0,2627,fail,fail,1149,103,410,0,0,0,1246,fail,fail,208,0,105,0,1254,fail
 90555,0,fail,fail,848,1904,2379,fail,fail,fail,fail,0,519,1365,0,2627,fail,fail,1149,103,410,0,0,0,1246,fail,fail,208,0,105,0,1254,fail
 90560,0,fail,fail,848,1904,2379,fail,fail,fail,fail,0,519,1365,0,2627,fail,fail,1149,103,410,0,0,0,1246,fail,fail,208,0,105,0,1254,fail
 90565,0,fail,fail,848,1904,2379,fail,fail,fail,fail,0,519,1365,0,2627,fail,fail,1149,103,410,0,0,0,1246,fail,fail,208,0,105,0,1254,fail
 90570,0,fail,fail,848,1904,2379,fail,fail,fail,fail,0,519,1365,0,2627,fail,fail,1149,103,410,0,0,0,1246,fail,fail,208,0,105,0,1254,fail
 90575,0,fail,fail,848,1904,2379,fail,fail,fail,fail,0,519,1365,0,2627,fail,fail,1149,103,410,0,0,0,1246,fail,fail,208,0,105,0,1254,fail
 90580,0,fail,fail,848,1904,2379,fail,fail,fail,fail,0,519,1365,0,2627,fail,fail,1149,103,410,0,0,0,1246,fail,fail,208,0,105,0,1254,fail
 90585,0,fail,fail,848,1904,2379,fail,fail,fail,fail,0,519,1365,0,2627,fail,fail,1149,103,410,0,0,0,1246,fail,fail,208,0,105,0,1254,fail
 90590,0,fail,fail,848,1904,2379,fail,fail,fail,fail,0,519,1365,0,2627,fail,fail,1149,103,410,0,0,0,1246,fail,fail,208,0,105,0,1254,fail
 90595,0,fail,fail,848,1904,2379,fail,fail,fail,fail,0,519,1365,0,2627,fail,fail,1149,103,410,0,0,0,1246,fail,fail,208,0,105,0,1254,fail
 90600,0,fail,fail,848,1904,2379,fail,fail,fail,fail,0,519,1365,0,2627,fail,fail,1149,103,410,0,0,0,1246,fail,fail,208,0,105,0,1254,fail
 90605,0,fail,fail,848,1904,2379,fail,fail,fail,fail,0,519,1365,0,2627,fail,fail,1149,103,410,0,0,0,1246,fail,fail,208,0,105,0,1254,fail
 90610,0,fail,fail,848,1904,2379,fail,fail,fail,fail,0,519,1365,0,2627,fail,fail,1149,103,410,0,0,0,1246,fail,fail,208,0,105,0,1254,fail
 90615,0,fail,fail,848,1904,2379,fail,fail,fail,fail,0,519,1365,0,2627,fail,fail,1149,103,410,0,0,0,1246,fail,fail,208,0,105,0,1254,fail
 90620,0,fail,fail,848,1904,2379,fail,fail,fail,fail,0,519,1365,0,2627,fail,fail,1149,103,410,0,0,0,1246,fail,fail,208,0,105,0,1254,fail
 90625,0,fail,fail,848,1904,2379,fail,fail,fail,fail,0,519,1365,0,2627,fail,fail,1149,103,410,0,0,0,1246,fail,fail,208,0,105,0,1254,fail
 90630,0,fail,fail,848,1904,2379,fail,fail,fail,fail,0,519,1365,0,2627,fail,fail,1149,103,410,0,0,0,1246,fail,fail,208,0,105,0,1254,fail
 90635,0,fail,fail,848,1904,2379,fail,fail,fail,fail,0,519,1365,0,2627,fail,fail,1149,103,410,0,0,0,1246,fail,fail,208,0,105,0,1254,fail
 90640,0,fail,fail,848,1904,2379,fail,fail,fail,fail,0,519,1365,0,2627,fail,fail,1149,103,410,0,0,0,1246,fail,fail,208,0,105,0,1254,fail
 90645,0,fail,fail,848,1904,2379,fail,fail,fail,fail,0,519,1365,0,2627,fail,fail,1149,103,410,0,0,0,1246,fail,fail,208,0,105,0,1254,fail
 90650,0,fail,fail,848,1904,2379,fail,fail,fail,fail,0,519,1365,0,2627,fail,fail,1149,103,410,0,0,0,1246,fail,fail,208,0,105,0,1254,fail
 90655,0,fail,fail,848,1904,2379,fail,fail,fail,fail,0,519,1365,0,2627,fail,fail,1149,103,410,0,0,0,1246,fail,fail,208,0,105,0,1254,fail
 90660,0,fail,fail,848,1904,2379,fail,fail,fail,fail,0,519,1365,0,2627,fail,fail,1149,103,410,0,0,0,1246,fail,fail,208,0,105,0,1254,fail
 90665,0,fail,fail,848,1904,2379,fail,fail,fail,fail,0,519,1365,0,2627,fail,fail,1149,103,410,0,0,0,1246,fail,fail,208,0,105,0,1254,fail
 90670,0,fail,fail,848,1904,2379,fail,fail,fail,fail,0,519,1365,0,2627,fail,fail,1149,103,410,0,0,0,1246,fail,fail,208,0,105,0,1254,fail
 90675,0,fail,fail,848,1904,2379,fail,fail,fail,fail,0,519,1365,0,2627,fail,fail,1149,103,410,0,0,0,1246,fail,fail,208,0,105,0,1254,fail
 90680,0,fail,fail,848,1904,2379,fail,fail,fail,fail,0,519,1365,0,2627,fail,fail,1149,103,410,0,0,0,1246,fail,fail,208,0,105,0,1254,fail
 90685,0,fail,fail,848,1904,2379,fail,fail,fail,fail,0,519,1365,0,2627,fail,fail,1149,103,410,0,0,0,1246,fail,fail,208,0,105,0,1254,fail
 90690,0,fail,fail,848,1904,2379,fail,fail,fail,fail,0,519,1365,0,2627,fail,fail,1149,103,410,0,0,0,1246,fail,fail,208,0,105,0,1254,fail
 90695,0,fail,fail,848,1904,2379,fail,fail,fail,fail,0,519,1365,0,2627,fail,fail,1149,103,410,0,0,0,1246,fail,fail,208,0,105,0,1254,fail
 90700,0,fail,fail,848,1904,2379,fail,fail,fail,fail,0,519,1365,0,2627,fail,fail,1149,103,410,0,0,0,1246,fail,fail,208,0,105,0,1254,fail
 90705,0,fail,fail,848,1904,2379,fail,fail,fail,fail,0,519,1365,0,2627,fail,fail,1149,103,410,0,0,0,1246,fail,fail,208,0,105,0,1254,fail
 90710,0,fail,fail,848,1904,2379,fail,fail,fail,fail,0,519,1365,0,2627,fail,fail,1149,103,410,0,0,0,1246,fail,fail,208,0,105,0,1254,fail
 90715,0,fail,fail,848,1904,2379,fail,fail,fail,fail,0,519,1365,0,2627,fail,fail,1149,103,410,0,0,0,1246,fail,fail,208,0,105,0,1254,fail
 90720,0,fail,fail,848,1904,2379,fail,fail,fail,fail,0,519,1365,0,2627,fail,fail,1149,103,410,0,0,0,1246,fail,fail,208,0,105,0,1254,fail
 90725,0,fail,fail,848,1904,2379,fail,fail,fail,fail,0,519,1365,0,2627,fail,fail,1149,103,410,0,0,0,1246,fail,fail,208,0,105,0,1254,fail
 90730,0,fail,fail,848,1904,2379,fail,fail,fail,fail,0,519,1365,0,2627,fail,fail,1149,103,410,0,0,0,1246,fail,fail,208,0,105,0,1254,fail
 90735,0,fail,fail,848,1904,2379,fail,fail,fail,fail,0,519,1365,0,2627,fail,fail,1149,103,410,0,0,0,1246,fail,fail,208,0,105,0,1254,fail
 90740,0,fail,fail,848,1904,2379,fail,fail,fail,fail,0,519,1365,0,2627,fail,fail,1149,103,410,0,0,0,1246,fail,fail,208,0,105,0,1254,fail
 90745,0,fail,fail,848,1904,2379,fail,fail,fail,fail,0,519,1365,0,2627,fail,fail,1149,103,410,0,0,0,1246,fail,fail,208,0,105,0,1254,fail
 90750,0,fail,fail,848,1904,2379,fail,fail,fail,fail,0,519,1365,0,2627,fail,fail,1149,103,410,0,0,0,1246,fail,fail,208,0,105,0,1254,fail
 90755,0,fail,fail,848,1904,2379,fail,fail,fail,fail,0,519,1365,0,2627,fail,fail,1149,103,410,0,0,0,1246,fail,fail,208,0,105,0,1254,fail
 90760,0,fail,fail,848,1904,2379,fail,fail,fail,fail,0,519,1365,0,2627,fail,fail,1149,103,410,0,0,0,1246,fail,fail,208,0,105,0,1254,fail
 90765,0,fail,fail,848,1904,2379,fail,fail,fail,fail,0,519,1365,0,2627,fail,fail,1149,103,410,0,0,0,1246,fail,fail,208,0,105,0,1254,fail
 90770,0,fail,fail,848,1904,2379,fail,fail,fail,fail,0,519,1365,0,2627,fail,fail,1149,103,410,0,0,0,1246,fail,fail,208,0,105,0,1254,fail
 90775,0,fail,fail,848,1904,2379,fail,fail,fail,fail,0,519,1365,0,2627,fail,fail,1149,103,410,0,0,0,1246,fail,fail,208,0,105,0,1254,fail
 90780,0,fail,fail,848,1904,2379,fail,fail,fail,fail,0,519,1365,0,2627,fail,fail,1149,103,410,0,0,0,1246,fail,fail,208,0,105,0,1254,fail
 90785,0,fail,fail,848,1904,2379,fail,fail,fail,fail,0,519,1365,0,2627,fail,fail,1149,103,410,0,0,0,1246,fail,fail,208,0,105,0,1254,fail
 90790,0,fail,fail,848,1904,2379,fail,fail,fail,fail,0,519,1365,0,2627,fail,fail,1149,103,410,0,0,0,1246,fail,fail,208,0,105,0,1254,fail
 90795,0,fail,fail,848,1904,2379,fail,fail,fail,fail,0,519,1365,0,2627,fail,fail,1149,103,410,0,0,0,1246,fail,fail,208,0,105,0,1254,fail
 90800,0,fail,fail,848,1904,2379,fail,fail,fail,fail,0,519,1365,0,2627,fail,fail,1149,103,410,0,0,0,1246,fail,fail,208,0,105,0,1254,fail
 90805,0,fail,fail,848,1904,2379,fail,fail,fail,fail,0,519,1365,0,2627,fail,fail,1149,103,410,0,0,0,1246,fail,fail,208,0,105,0,1254,fail
 90810,0,fail,fail,848,1904,2379,fail,fail,fail,fail,0,519,1365,0,2627,fail,fail,1149,103,410,0,0,0,1246,fail,fail,208,0,105,0,1254,fail
 90815,0,fail,fail,848,1904,2379,fail,fail,fail,fail,0,519,1365,0,2627,fail,fail,1149,103,410,0,0,0,1246,fail,fail,208,0,105,0,1254,fail
 90820,0,fail,fail,848,1904,2379,fail,fail,fail,fail,0,519,1365,0,2627,fail,fail,1149,103,410,0,0,0,1246,fail,fail,208,0,105,0,1254,fail
 90825,0,fail,fail,848,1904,2379,fail,fail,fail,fail,0,519,1365,0,2627,fail,fail,1149,103,410,0,0,0,1246,fail,fail,208,0,105,0,1254,fail
 90830,0,fail,fail,848,1904,2379,fail,fail,fail,fail,0,519,1365,0,2627,fail,fail,1149,103,410,0,0,0,1246,fail,fail,208,0,105,0,1254,fail
 90835,0,fail,fail,848,1904,2379,fail,fail,fail,fail,0,519,1365,0,2627,fail,fail,1149,103,410,0,0,0,1246,fail,fail,208,0,105,0,1254,fail
 90840,0,fail,fail,848,1904,2379,fail,fail,fail,fail,0,519,1365,0,2627,fail,fail,1149,103,410,0,0,0,1246,fail,fail,208,0,105,0,1254,fail
 90845,0,fail,fail,848,1904,2379,fail,fail,fail,fail,0,519,1365,0,2627,fail,fail,1149,103,410,0,0,0,1246,fail,fail,208,0,105,0,1254,fail
 90850,0,fail,fail,848,1904,2379,fail,fail,fail,fail,0,519,1365,0,2627,fail,fail,1149,103,410,0,0,0,1246,fail,fail,208,0,105,0,1254,fail
 90855,0,fail,fail,848,1904,2379,fail,fail,fail,fail,0,519,1365,0,2627,fail,fail,1149,103,410,0,0,0,1246,fail,fail,208,0,105,0,1254,fail
 90860,0,fail,fail,848,1904,2379,fail,fail,fail,fail,0,519,1365,0,2627,fail,fail,1149,103,410,0,0,0,1246,fail,fail,208,0,105,0,1254,fail
 90865,0,fail,fail,848,1904,2379,fail,fail,fail,fail,0,519,1365,0,2627,fail,fail,1149,103,410,0,0,0,1246,fail,fail,208,0,105,0,1254,fail
 90870,0,fail,fail,848,1904,2379,fail,fail,fail,fail,0,519,1365,0,2627,fail,fail,1149,103,410,0,0,0,1246,fail,fail,208,0,105,0,1254,fail
 90875,0,fail,fail,848,1904,2379,fail,fail,fail,fail,0,519,1365,0,2627,fail,fail,1149,103,410,0,0,0,1246,fail,fail,208,0,105,0,1254,fail
 90880,0,fail,fail,848,1904,2379,fail,fail,fail,fail,0,519,1365,0,2627,fail,fail,1149,103,410,0,0,0,1246,fail,fail,208,0,105,0,1254,fail
 90885,0,fail,fail,848,1904,2379,fail,fail,fail,fail,0,519,1365,0,2627,fail,fail,1149,103,410,0,0,0,1246,fail,fail,208,0,105,0,1254,fail
 90890,0,fail,fail,848,1904,2379,fail,fail,fail,fail,0,519,1365,0,2627,fail,fail,1149,103,410,0,0,0,1246,fail,fail,208,0,105,0,1254,fail
 90895,0,fail,fail,848,1904,2379,fail,fail,fail,fail,0,519,1365,0,2627,fail,fail,1149,103,410,0,0,0,1246,fail,fail,208,0,105,0,1254,fail
 90900,0,fail,fail,848,1904,2379,fail,fail,fail,fail,0,519,1365,0,2627,fail,fail,1149,103,410,0,0,0,1246,fail,fail,208,0,105,0,1254,fail
 90905,0,fail,fail,848,1904,2379,fail,fail,fail,fail,0,519,1365,0,2627,fail,fail,1149,103,410,0,0,0,1246,fail,fail,208,0,105,0,1254,fail
 90910,0,fail,fail,848,1904,2379,fail,fail,fail,fail,0,519,1365,0,2627,fail,fail,1149,103,410,0,0,0,1246,fail,fail,208,0,105,0,1254,fail
 90915,0,fail,fail,848,1904,2379,fail,fail,fail,fail,0,519,1365,0,2627,fail,fail,1149,103,410,0,0,0,1246,fail,fail,208,0,105,0,1254,fail
 90920,0,fail,fail,848,1904,2379,fail,fail,fail,fail,0,519,1365,0,2627,fail,fail,1149,103,410,0,0,0,1246,fail,fail,208,0,105,0,1254,fail
 90925,0,fail,fail,848,1904,2379,fail,fail,fail,fail,0,519,1365,0,2627,fail,fail,1149,103,410,0,0,0,1246,fail,fail,208,0,105,0,1254,fail
 90930,0,fail,fail,848,1904,2379,fail,fail,fail,fail,0,519,1365,0,2627,fail,fail,1149,103,410,0,0,0,1246,fail,fail,208,0,105,0,1254,fail
 90935,0,fail,fail,848,1904,2379,fail,fail,fail,fail,0,519,1365,0,2627,fail,fail,1149,103,410,0,0,0,1246,fail,fail,208,0,105,0,1254,fail
 90940,0,fail,fail,848,1904,2379,fail,fail,fail,fail,0,519,1365,0,2627,fail,fail,1149,103,410,0,0,0,1246,fail,fail,208,0,105,0,1254,fail
 90945,0,fail,fail,848,1904,2379,fail,fail,fail,fail,0,519,1365,0,2627,fail,fail,1149,103,410,0,0,0,1246,fail,fail,208,0,105,0,1254,fail
 90950,0,fail,fail,848,1904,2379,fail,fail,fail,fail,0,519,1365,0,2627,fail,fail,1149,103,410,0,0,0,1246,fail,fail,208,0,105,0,1254,fail
 90955,0,fail,fail,848,1904,2379,fail,fail,fail,fail,0,519,1365,0,2627,fail,fail,1149,103,410,0,0,0,1246,fail,fail,208,0,105,0,1254,fail
 90960,0,fail,fail,848,1904,2379,fail,fail,fail,fail,0,519,1365,0,2627,fail,fail,1149,103,410,0,0,0,1246,fail,fail,208,0,105,0,1254,fail
 90965,0,fail,fail,848,1904,2379,fail,fail,fail,fail,0,519,1365,0,2627,fail,fail,1149,103,410,0,0,0,1246,fail,fail,208,0,105,0,1254,fail
 90970,0,fail,fail,848,1904,2379,fail,fail,fail,fail,0,519,1365,0,2627,fail,fail,1149,103,410,0,0,0,1246,fail,fail,208,0,105,0,1254,fail
 90975,0,fail,fail,848,1904,2379,fail,fail,fail,fail,0,519,1365,0,2627,fail,fail,1149,103,410,0,0,0,1246,fail,fail,208,0,105,0,1254,fail
 90980,0,fail,fail,848,1904,2379,fail,fail,fail,fail,0,519,1365,0,2627,fail,fail,1149,103,410,0,0,0,1246,fail,fail,208,0,105,0,1254,fail
 90985,0,fail,fail,848,1904,2379,fail,fail,fail,fail,0,519,1365,0,2627,fail,fail,1149,103,410,0,0,0,1246,fail,fail,208,0,105,0,1254,fail
 90990,0,fail,fail,848,1904,2379,fail,fail,fail,fail,0,519,1365,0,2627,fail,fail,1149,103,410,0,0,0,1246,fail,fail,208,0,105,0,1254,fail
 90995,0,fail,fail,848,1904,2379,fail,fail,fail,fail,0,519,1365,0,2627,fail,fail,1149,103,410,0,0,0,1246,fail,fail,208,0,105,0,1254,fail
 91000,0,fail,fail,848,1904,2379,fail,fail,fail,fail,0,519,1365,0,2627,fail,fail,1149,103,410,0,0,0,1246,fail,fail,208,0,105,0,1254,fail
 91005,0,fail,fail,848,1904,2379,fail,fail,fail,fail,0,519,1365,0,2627,fail,fail,1149,103,410,0,0,0,1246,fail,fail,208,0,105,0,1254,fail
 91010,0,fail,fail,848,1904,2379,fail,fail,fail,fail,0,519,1365,0,2627,fail,fail,1149,103,410,0,0,0,1246,fail,fail,208,0,105,0,1254,fail
 91015,0,fail,fail,848,1904,2379,fail,fail,fail,fail,0,519,1365,0,2627,fail,fail,1149,103,410,0,0,0,1246,fail,fail,208,0,105,0,1254,fail
 91020,0,fail,fail,848,1904,2379,fail,fail,fail,fail,0,519,1365,0,2627,fail,fail,1149,103,410,0,0,0,1246,fail,fail,208,0,105,0,1254,fail
 91025,0,fail,fail,848,1904,2379,fail,fail,fail,fail,0,519,1365,0,2627,fail,fail,1149,103,410,0,0,0,1246,fail,fail,208,0,105,0,1254,fail
 91030,0,fail,fail,848,1904,2379,fail,fail,fail,fail,0,519,1365,0,2627,fail,fail,1149,103,410,0,0,0,1246,fail,fail,208,0,105,0,1254,fail
 91035,0,fail,fail,848,1904,2379,fail,fail,fail,fail,0,519,1365,0,2627,fail,fail,1149,103,410,0,0,0,1246,fail,fail,208,0,105,0,1254,fail
 91040,0,fail,fail,848,1904,2379,fail,fail,fail,fail,0,519,1365,0,2627,fail,fail,1149,103,410,0,0,0,1246,fail,fail,208,0,105,0,1254,fail
 91045,0,fail,fail,848,1904,2379,fail,fail,fail,fail,0,519,1365,0,2627,fail,fail,1149,103,410,0,0,0,1246,fail,fail,208,0,105,0,1254,fail
 91050,0,fail,fail,848,1904,2379,fail,fail,fail,fail,0,519,1365,0,2627,fail,fail,1149,103,410,0,0,0,1246,fail,fail,208,0,105,0,1254,fail
 91055,0,fail,fail,848,1904,2379,fail,fail,fail,fail,0,519,1365,0,2627,fail,fail,1149,103,410,0,0,0,1246,fail,fail,208,0,105,0,1254,fail
 91060,0,fail,fail,848,1904,2379,fail,fail,fail,fail,0,519,1365,0,2627,fail,fail,1149,103,410,0,0,0,1246,fail,fail,208,0,105,0,1254,fail
 91065,0,fail,fail,848,1904,2379,fail,fail,fail,fail,0,519,1365,0,2627,fail,fail,1149,103,410,0,0,0,1246,fail,fail,208,0,105,0,1254,fail
 91070,0,fail,fail,848,1904,2379,fail,fail,fail,fail,0,519,1365,0,2627,fail,fail,1149,103,410,0,0,0,1246,fail,fail,208,0,105,0,1254,fail
 91075,0,fail,fail,848,1904,2379,fail,fail,fail,fail,0,519,1365,0,2627,fail,fail,1149,103,410,0,0,0,1246,fail,fail,208,0,105,0,1254,fail
 91080,0,fail,fail,848,1904,2379,fail,fail,fail,fail,0,519,1365,0,2627,fail,fail,1149,103,410,0,0,0,1246,fail,fail,208,0,105,0,1254,fail
 91085,0,fail,fail,848,1904,2379,fail,fail,fail,fail,0,519,1365,0,2627,fail,fail,1149,103,410,0,0,0,1246,fail,fail,208,0,105,0,1254,fail
 91090,0,fail,fail,848,1904,2379,fail,fail,fail,fail,0,519,1365,0,2627,fail,fail,1149,103,410,0,0,0,1246,fail,fail,208,0,105,0,1254,fail
 91095,0,fail,fail,848,1904,2379,fail,fail,fail,fail,0,519,1365,0,2627,fail,fail,1149,103,410,0,0,0,1246,fail,fail,208,0,105,0,1254,fail
 91100,0,fail,fail,848,1904,2379,fail,fail,fail,fail,0,519,1365,0,2627,fail,fail,1149,103,410,0,0,0,1246,fail,fail,208,0,105,0,1254,fail
 91105,0,fail,fail,848,1904,2379,fail,fail,fail,fail,0,519,1365,0,2627,fail,fail,1149,103,410,0,0,0,1246,fail,fail,208,0,105,0,1254,fail
 91110,0,fail,fail,848,1904,2379,fail,fail,fail,fail,0,519,1365,0,2627,fail,fail,1149,103,410,0,0,0,1246,fail,fail,208,0,105,0,1254,fail
 91115,0,fail,fail,848,1904,2379,fail,fail,fail,fail,0,519,1365,0,2627,fail,fail,1149,103,410,0,0,0,1246,fail,fail,208,0,105,0,1254,fail
 91120,0,fail,fail,848,1904,2379,fail,fail,fail,fail,0,519,1365,0,2627,fail,fail,1149,103,410,0,0,0,1246,fail,fail,208,0,105,0,1254,fail
 91125,0,fail,fail,848,1904,2379,fail,fail,fail,fail,0,519,1365,0,2627,fail,fail,1149,103,410,0,0,0,1246,fail,fail,208,0,105,0,1254,fail
 91130,0,fail,fail,848,1904,2379,fail,fail,fail,fail,0,519,1365,0,2627,fail,fail,1149,103,410,0,0,0,1246,fail,fail,208,0,105,0,1254,fail
 91135,0,fail,fail,848,1904,2379,fail,fail,fail,fail,0,519,1365,0,2627,fail,fail,1149,103,410,0,0,0,1246,fail,fail,208,0,105,0,1254,fail
 91140,0,fail,fail,848,1904,2379,fail,fail,fail,fail,0,519,1365,0,2627,fail,fail,1149,103,410,0,0,0,1246,fail,fail,208,0,105,0,1254,fail
 91145,0,fail,fail,848,1904,2379,fail,fail,fail,fail,0,519,1365,0,2627,fail,fail,1149,103,410,0,0,0,1246,fail,fail,208,0,105,0,1254,fail
 91150,0,fail,fail,848,1904,2379,fail,fail,fail,fail,0,519,1365,0,2627,fail,fail,1149,103,410,0,0,0,1246,fail,fail,208,0,105,0,1254,fail
 91155,0,fail,fail,848,1904,2379,fail,fail,fail,fail,0,519,1365,0,2627,fail,fail,1149,103,410,0,0,0,1246,fail,fail,208,0,105,0,1254,fail
 91160,0,fail,fail,848,1904,2379,fail,fail,fail,fail,0,519,1365,0,2627,fail,fail,1149,103,410,0,0,0,1246,fail,fail,208,0,105,0,1254,fail
 91165,0,fail,fail,848,1904,2379,fail,fail,fail,fail,0,519,1365,0,2627,fail,fail,1149,103,410,0,0,0,1246,fail,fail,208,0,105,0,1254,fail
 91170,0,fail,fail,848,1904,2379,fail,fail,fail,fail,0,519,1365,0,2627,fail,fail,1149,103,410,0,0,0,1246,fail,fail,208,0,105,0,1254,fail
 91175,0,fail,fail,848,1904,2379,fail,fail,fail,fail,0,519,1365,0,2627,fail,fail,1149,103,410,0,0,0,1246,fail,fail,208,0,105,0,1254,fail
 91180,0,fail,fail,848,1904,2379,fail,fail,fail,fail,0,519,1365,0,2627,fail,fail,1149,103,410,0,0,0,1246,fail,fail,208,0,105,0,1254,fail
 91185,0,fail,fail,848,1904,2379,fail,fail,fail,fail,0,519,1365,0,2627,fail,fail,1149,103,410,0,0,0,1246,fail,fail,208,0,105,0,1254,fail
 91190,0,fail,fail,848,1904,2379,fail,fail,fail,fail,0,519,1365,0,2627,fail,fail,1149,103,410,0,0,0,1246,fail,fail,208,0,105,0,1254,fail
 91195,0,fail,fail,848,1904,2379,fail,fail,fail,fail,0,519,1365,0,2627,fail,fail,1149,103,410,0,0,0,1246,fail,fail,208,0,105,0,1254,fail
 91200,0,fail,fail,848,1904,2379,fail,fail,fail,fail,0,519,1365,0,2627,fail,fail,1149,103,410,0,0,0,1246,fail,fail,208,0,105,0,1254,fail
 91205,0,fail,fail,848,1904,2379,fail,fail,fail,fail,0,519,1365,0,2627,fail,fail,1149,103,410,0,0,0,1246,fail,fail,208,0,105,0,1254,fail
 91210,0,fail,fail,848,1904,2379,fail,fail,fail,fail,0,519,1365,0,2627,fail,fail,1149,103,410,0,0,0,1246,fail,fail,208,0,105,0,1254,fail
 91215,0,fail,fail,848,1904,2379,fail,fail,fail,fail,0,519,1365,0,2627,fail,fail,1149,103,410,0,0,0,1246,fail,fail,208,0,105,0,1254,fail
 91220,0,fail,fail,848,1904,2379,fail,fail,fail,fail,0,519,1365,0,2627,fail,fail,1149,103,410,0,0,0,1246,fail,fail,208,0,105,0,1254,fail
 91225,0,fail,fail,848,1904,2379,fail,fail,fail,fail,0,519,1365,0,2627,fail,fail,1149,103,410,0,0,0,1246,fail,fail,208,0,105,0,1254,fail
 91230,0,fail,fail,848,1904,2379,fail,fail,fail,fail,0,519,1365,0,2627,fail,fail,1149,103,410,0,0,0,1246,fail,fail,208,0,105,0,1254,fail
 91235,0,fail,fail,848,1904,2379,fail,fail,fail,fail,0,519,1365,0,2627,fail,fail,1149,103,410,0,0,0,1246,fail,fail,208,0,105,0,1254,fail
 91240,0,fail,fail,848,1904,2379,fail,fail,fail,fail,0,519,1365,0,2627,fail,fail,1149,103,410,0,0,0,1246,fail,fail,208,0,105,0,1254,fail
 91245,0,fail,fail,848,1904,2379,fail,fail,fail,fail,0,519,1365,0,2627,fail,fail,1149,103,410,0,0,0,1246,fail,fail,208,0,105,0,1254,fail
 91250,0,fail,fail,848,1904,2379,fail,fail,fail,fail,0,519,1365,0,2627,fail,fail,1149,103,410,0,0,0,1246,fail,fail,208,0,105,0,1254,fail
 91255,0,fail,fail,848,1904,2379,fail,fail,fail,fail,0,519,1365,0,2627,fail,fail,1149,103,410,0,0,0,1246,fail,fail,208,0,105,0,1254,fail
 91260,0,fail,fail,848,1904,2379,fail,fail,fail,fail,0,519,1365,0,2627,fail,fail,1149,103,410,0,0,0,1246,fail,fail,208,0,105,0,1254,fail
 91265,0,fail,fail,848,1904,2379,fail,fail,fail,fail,0,519,1365,0,2627,fail,fail,1149,103,410,0,0,0,1246,fail,fail,208,0,105,0,1254,fail
 91270,0,fail,fail,848,1904,2379,fail,fail,fail,fail,0,519,1365,0,2627,fail,fail,1149,103,410,0,0,0,1246,fail,fail,208,0,105,0,1254,fail
 91275,0,fail,fail,848,1904,2379,fail,fail,fail,fail,0,519,1365,0,2627,fail,fail,1149,103,410,0,0,0,1246,fail,fail,208,0,105,0,1254,fail
 91280,0,fail,fail,848,1904,2379,fail,fail,fail,fail,0,519,1365,0,2627,fail,fail,1149,103,410,0,0,0,1246,fail,fail,208,0,105,0,1254,fail
 91285,0,fail,fail,848,1904,2379,fail,fail,fail,fail,0,519,1365,0,2627,fail,fail,1149,103,410,0,0,0,1246,fail,fail,208,0,105,0,1254,fail
 91290,0,fail,fail,848,1904,2379,fail,fail,fail,fail,0,519,1365,0,2627,fail,fail,1149,103,410,0,0,0,1246,fail,fail,208,0,105,0,1254,fail
 91295,0,fail,fail,848,1904,2379,fail,fail,fail,fail,0,519,1365,0,2627,fail,fail,1149,103,410,0,0,0,1246,fail,fail,208,0,105,0,1254,fail
 91300,0,fail,fail,848,1904,2379,fail,fail,fail,fail,0,519,1365,0,2627,fail,fail,1149,103,410,0,0,0,1246,fail,fail,208,0,105,0,1254,fail
 91305,0,fail,fail,848,1904,2379,fail,fail,fail,fail,0,519,1365,0,2627,fail,fail,1149,103,410,0,0,0,1246,fail,fail,208,0,105,0,1254,fail
 91310,0,fail,fail,848,1904,2379,fail,fail,fail,fail,0,519,1365,0,2627,fail,fail,1149,103,410,0,0,0,1246,fail,fail,208,0,105,0,1254,fail
 91315,0,fail,fail,848,1904,2379,fail,fail,fail,fail,0,519,1365,0,2627,fail,fail,1149,103,410,0,0,0,1246,fail,fail,208,0,105,0,1254,fail
 91320,0,fail,fail,848,1904,2379,fail,fail,fail,fail,0,519,1365,0,2627,fail,fail,1149,103,410,0,0,0,1246,fail,fail,208,0,105,0,1254,fail
 91325,0,fail,fail,848,1904,2379,fail,fail,fail,fail,0,519,1365,0,2627,fail,fail,1149,103,410,0,0,0,1246,fail,fail,208,0,105,0,1254,fail
 91330,0,fail,fail,848,1904,2379,fail,fail,fail,fail,0,519,1365,0,2627,fail,fail,1149,103,410,0,0,0,1246,fail,fail,208,0,105,0,1254,fail
 91335,0,fail,fail,848,1904,2379,fail,fail,fail,fail,0,519,1365,0,2627,fail,fail,1149,103,410,0,0,0,1246,fail,fail,208,0,105,0,1254,fail
 91340,0,fail,fail,848,1904,2379,fail,fail,fail,fail,0,519,1365,0,2627,fail,fail,1149,103,410,0,0,0,1246,fail,fail,208,0,105,0,1254,fail
 91345,0,fail,fail,848,1904,2379,fail,fail,fail,fail,0,519,1365,0,2627,fail,fail,1149,103,410,0,0,0,1246,fail,fail,208,0,105,0,1254,fail
 91350,0,fail,fail,848,1904,2379,fail,fail,fail,fail,0,519,1365,0,2627,fail,fail,1149,103,410,0,0,0,1246,fail,fail,208,0,105,0,1254,fail
 91355,0,fail,fail,848,1904,2379,fail,fail,fail,fail,0,519,1365,0,2627,fail,fail,1149,103,410,0,0,0,1246,fail,fail,208,0,105,0,1254,fail
 91360,0,fail,fail,848,1904,2379,fail,fail,fail,fail,0,519,1365,0,2627,fail,fail,1149,103,410,0,0,0,1246,fail,fail,208,0,105,0,1254,fail
 91365,0,fail,fail,848,1904,2379,fail,fail,fail,fail,0,519,1365,0,2627,fail,fail,1149,103,410,0,0,0,1246,fail,fail,208,0,105,0,1254,fail
 91370,0,fail,fail,848,1904,2379,fail,fail,fail,fail,0,519,1365,0,2627,fail,fail,1149,103,410,0,0,0,1246,fail,fail,208,0,105,0,1254,fail
 91375,0,fail,fail,848,1904,2379,fail,fail,fail,fail,0,519,1365,0,2627,fail,fail,1149,103,410,0,0,0,1246,fail,fail,208,0,105,0,1254,fail
 91380,0,fail,fail,848,1904,2379,fail,fail,fail,fail,0,519,1365,0,2627,fail,fail,1149,103,410,0,0,0,1246,fail,fail,208,0,105,0,1254,fail
 91385,0,fail,fail,848,1904,2379,fail,fail,fail,fail,0,519,1365,0,2627,fail,fail,1149,103,410,0,0,0,1246,fail,fail,208,0,105,0,1254,fail
 91390,0,fail,fail,848,1904,2379,fail,fail,fail,fail,0,519,1365,0,2627,fail,fail,1149,103,410,0,0,0,1246,fail,fail,208,0,105,0,1254,fail
 91395,0,fail,fail,848,1904,2379,fail,fail,fail,fail,0,519,1365,0,2627,fail,fail,1149,103,410,0,0,0,1246,fail,fail,208,0,105,0,1254,fail
 91400,0,fail,fail,848,1904,2379,fail,fail,fail,fail,0,519,1365,0,2627,fail,fail,1149,103,410,0,0,0,1246,fail,fail,208,0,105,0,1254,fail
 91405,0,fail,fail,848,1904,2379,fail,fail,fail,fail,0,519,1365,0,2627,fail,fail,1149,103,410,0,0,0,1246,fail,fail,208,0,105,0,1254,fail
 91410,0,fail,fail,848,1904,2379,fail,fail,fail,fail,0,519,1365,0,2627,fail,fail,1149,103,410,0,0,0,1246,fail,fail,208,0,105,0,1254,fail
 91415,0,fail,fail,848,1904,2379,fail,fail,fail,fail,0,519,1365,0,2627,fail,fail,1149,103,410,0,0,0,1246,fail,fail,208,0,105,0,1254,fail
 91420,0,fail,fail,848,1904,2379,fail,fail,fail,fail,0,519,1365,0,2627,fail,fail,1149,103,410,0,0,0,1246,fail,fail,208,0,105,0,1254,fail
 91425,0,fail,fail,848,1904,2379,fail,fail,fail,fail,0,519,1365,0,2627,fail,fail,1149,103,410,0,0,0,1246,fail,fail,208,0,105,0,1254,fail
 91430,0,fail,fail,848,1904,2379,fail,fail,fail,fail,0,519,1365,0,2627,fail,fail,1149,103,410,0,0,0,1246,fail,fail,208,0,105,0,1254,fail
 91435,0,fail,fail,848,1904,2379,fail,fail,fail,fail,0,519,1365,0,2627,fail,fail,1149,103,410,0,0,0,1246,fail,fail,208,0,105,0,1254,fail
 91440,0,fail,fail,848,1904,2379,fail,fail,fail,fail,0,519,1365,0,2627,fail,fail,1149,103,410,0,0,0,1246,fail,fail,208,0,105,0,1254,fail
 91445,0,fail,fail,848,1904,2379,fail,fail,fail,fail,0,519,1365,0,2627,fail,fail,1149,103,410,0,0,0,1246,fail,fail,208,0,105,0,1254,fail
 91450,0,fail,fail,848,1904,2379,fail,fail,fail,fail,0,519,1365,0,2627,fail,fail,1149,103,410,0,0,0,1246,fail,fail,208,0,105,0,1254,fail
 91455,0,fail,fail,848,1904,2379,fail,fail,fail,fail,0,519,1365,0,2627,fail,fail,1149,103,410,0,0,0,1246,fail,fail,208,0,105,0,1254,fail
 91460,0,fail,fail,848,1904,2379,fail,fail,fail,fail,0,519,1365,0,2627,fail,fail,1149,103,410,0,0,0,1246,fail,fail,208,0,105,0,1254,fail
 91465,0,fail,fail,848,1904,2379,fail,fail,fail,fail,0,519,1365,0,2627,fail,fail,1149,103,410,0,0,0,1246,fail,fail,208,0,105,0,1254,fail
 91470,0,fail,fail,848,1904,2379,fail,fail,fail,fail,0,519,1365,0,2627,fail,fail,1149,103,410,0,0,0,1246,fail,fail,208,0,105,0,1254,fail
 91475,0,fail,fail,848,1904,2379,fail,fail,fail,fail,0,519,1365,0,2627,fail,fail,1149,103,410,0,0,0,1246,fail,fail,208,0,105,0,1254,fail
 91480,0,fail,fail,848,1904,2379,fail,fail,fail,fail,0,519,1365,0,2627,fail,fail,1149,103,410,0,0,0,1246,fail,fail,208,0,105,0,1254,fail
 91485,0,fail,fail,848,1904,2379,fail,fail,fail,fail,0,519,1365,0,2627,fail,fail,1149,103,410,0,0,0,1246,fail,fail,208,0,105,0,1254,fail
 91490,0,fail,fail,848,1904,2379,fail,fail,fail,fail,0,519,1365,0,2627,fail,fail,1149,103,410,0,0,0,1246,fail,fail,208,0,105,0,1254,fail
 91495,0,fail,fail,848,1904,2379,fail,fail,fail,fail,0,519,1365,0,2627,fail,fail,1149,103,410,0,0,0,1246,fail,fail,208,0,105,0,1254,fail
 91500,0,fail,fail,848,1904,2379,fail,fail,fail,fail,0,519,1365,0,2627,fail,fail,1149,103,410,0,0,0,1246,fail,fail,208,0,105,0,1254,fail
 91505,0,fail,fail,848,1904,2379,fail,fail,fail,fail,0,519,1365,0,2627,fail,fail,1149,103,410,0,0,0,1246,fail,fail,208,0,105,0,1254,fail
 91510,0,fail,fail,848,1904,2379,fail,fail,fail,fail,0,519,1365,0,2627,fail,fail,1149,103,410,0,0,0,1246,fail,fail,208,0,105,0,1254,fail
 91515,0,fail,fail,848,1904,2379,fail,fail,fail,fail,0,519,1365,0,2627,fail,fail,1149,103,410,0,0,0,1246,fail,fail,208,0,105,0,1254,fail
 91520,0,fail,fail,848,1904,2379,fail,fail,fail,fail,0,519,1365,0,2627,fail,fail,1149,103,410,0,0,0,1246,fail,fail,208,0,105,0,1254,fail
 91525,0,fail,fail,848,1904,2379,fail,fail,fail,fail,0,519,1365,0,2627,fail,fail,1149,103,410,0,0,0,1246,fail,fail,208,0,105,0,1254,fail
 91530,0,fail,fail,848,1904,2379,fail,fail,fail,fail,0,519,1365,0,2627,fail,fail,1149,103,410,0,0,0,1246,fail,fail,208,0,105,0,1254,fail
 91535,0,fail,fail,848,1904,2379,fail,fail,fail,fail,0,519,1365,0,2627,fail,fail,1149,103,410,0,0,0,1246,fail,fail,208,0,105,0,1254,fail
 91540,0,fail,fail,848,1904,2379,fail,fail,fail,fail,0,519,1365,0,2627,fail,fail,1149,103,410,0,0,0,1246,fail,fail,208,0,105,0,1254,fail
 91545,0,fail,fail,848,1904,2379,fail,fail,fail,fail,0,519,1365,0,2627,fail,fail,1149,103,410,0,0,0,1246,fail,fail,208,0,105,0,1254,fail
 91550,0,fail,fail,848,1904,2379,fail,fail,fail,fail,0,519,1365,0,2627,fail,fail,1149,103,410,0,0,0,1246,fail,fail,208,0,105,0,1254,fail
 91555,0,fail,fail,848,1904,2379,fail,fail,fail,fail,0,519,1365,0,2627,fail,fail,1149,103,410,0,0,0,1246,fail,fail,208,0,105,0,1254,fail
 91560,0,fail,fail,848,1904,2379,fail,fail,fail,fail,0,519,1365,0,2627,fail,fail,1149,103,410,0,0,0,1246,fail,fail,208,0,105,0,1254,fail
 91565,0,fail,fail,848,1904,2379,fail,fail,fail,fail,0,519,1365,0,2627,fail,fail,1149,103,410,0,0,0,1246,fail,fail,208,0,105,0,1254,fail
 91570,0,fail,fail,848,1904,2379,fail,fail,fail,fail,0,519,1365,0,2627,fail,fail,1149,103,410,0,0,0,1246,fail,fail,208,0,105,0,1254,fail
 91575,0,fail,fail,848,1904,2379,fail,fail,fail,fail,0,519,1365,0,2627,fail,fail,1149,103,410,0,0,0,1246,fail,fail,208,0,105,0,1254,fail
 91580,0,fail,fail,848,1904,2379,fail,fail,fail,fail,0,519,1365,0,2627,fail,fail,1149,103,410,0,0,0,1246,fail,fail,208,0,105,0,1254,fail
 91585,0,fail,fail,848,1904,2379,fail,fail,fail,fail,0,519,1365,0,2627,fail,fail,1149,103,410,0,0,0,1246,fail,fail,208,0,105,0,1254,fail
 91590,0,fail,fail,848,1904,2379,fail,fail,fail,fail,0,519,1365,0,2627,fail,fail,1149,103,410,0,0,0,1246,fail,fail,208,0,105,0,1254,fail
 91595,0,fail,fail,848,1904,2379,fail,fail,fail,fail,0,519,1365,0,2627,fail,fail,1149,103,410,0,0,0,1246,fail,fail,208,0,105,0,1254,fail
 91600,0,fail,fail,848,1904,2379,fail,fail,fail,fail,0,519,1365,0,2627,fail,fail,1149,103,410,0,0,0,1246,fail,fail,208,0,105,0,1254,fail
 91605,0,fail,fail,848,1904,2379,fail,fail,fail,fail,0,519,1365,0,2627,fail,fail,1149,103,410,0,0,0,1246,fail,fail,208,0,105,0,1254,fail
 91610,0,fail,fail,848,1904,2379,fail,fail,fail,fail,0,519,1365,0,2627,fail,fail,1149,103,410,0,0,0,1246,fail,fail,208,0,105,0,1254,fail
 91615,0,fail,fail,848,1904,2379,fail,fail,fail,fail,0,519,1365,0,2627,fail,fail,1149,103,410,0,0,0,1246,fail,fail,208,0,105,0,1254,fail
 91620,0,fail,fail,848,1904,2379,fail,fail,fail,fail,0,519,1365,0,2627,fail,fail,1149,103,410,0,0,0,1246,fail,fail,208,0,105,0,1254,fail
 91625,0,fail,fail,848,1904,2379,fail,fail,fail,fail,0,519,1365,0,2627,fail,fail,1149,103,410,0,0,0,1246,fail,fail,208,0,105,0,1254,fail
 91630,0,fail,fail,848,1904,2379,fail,fail,fail,fail,0,519,1365,0,2627,fail,fail,1149,103,410,0,0,0,1246,fail,fail,208,0,105,0,1254,fail
 91635,0,fail,fail,848,1904,2379,fail,fail,fail,fail,0,519,1365,0,2627,fail,fail,1149,103,410,0,0,0,1246,fail,fail,208,0,105,0,1254,fail
 91640,0,fail,fail,848,1904,2379,fail,fail,fail,fail,0,519,1365,0,2627,fail,fail,1149,103,410,0,0,0,1246,fail,fail,208,0,105,0,1254,fail
 91645,0,fail,fail,848,1904,2379,fail,fail,fail,fail,0,519,1365,0,2627,fail,fail,1149,103,410,0,0,0,1246,fail,fail,208,0,105,0,1254,fail
 91650,0,fail,fail,848,1904,2379,fail,fail,fail,fail,0,519,1365,0,2627,fail,fail,1149,103,410,0,0,0,1246,fail,fail,208,0,105,0,1254,fail
 91655,0,fail,fail,848,1904,2379,fail,fail,fail,fail,0,519,1365,0,2627,fail,fail,1149,103,410,0,0,0,1246,fail,fail,208,0,105,0,1254,fail
 91660,0,fail,fail,848,1904,2379,fail,fail,fail,fail,0,519,1365,0,2627,fail,fail,1149,103,410,0,0,0,1246,fail,fail,208,0,105,0,1254,fail
 91665,0,fail,fail,848,1904,2379,fail,fail,fail,fail,0,519,1365,0,2627,fail,fail,1149,103,410,0,0,0,1246,fail,fail,208,0,105,0,1254,fail
 91670,0,fail,fail,848,1904,2379,fail,fail,fail,fail,0,519,1365,0,2627,fail,fail,1149,103,410,0,0,0,1246,fail,fail,208,0,105,0,1254,fail
 91675,0,fail,fail,848,1904,2379,fail,fail,fail,fail,0,519,1365,0,2627,fail,fail,1149,103,410,0,0,0,1246,fail,fail,208,0,105,0,1254,fail
 91680,0,fail,fail,848,1904,2379,fail,fail,fail,fail,0,519,1365,0,2627,fail,fail,1149,103,410,0,0,0,1246,fail,fail,208,0,105,0,1254,fail
 91685,0,fail,fail,848,1904,2379,fail,fail,fail,fail,0,519,1365,0,2627,fail,fail,1149,103,410,0,0,0,1246,fail,fail,208,0,105,0,1254,fail
 91690,0,fail,fail,848,1904,2379,fail,fail,fail,fail,0,519,1365,0,2627,fail,fail,1149,103,410,0,0,0,1246,fail,fail,208,0,105,0,1254,fail
 91695,0,fail,fail,848,1904,2379,fail,fail,fail,fail,0,519,1365,0,2627,fail,fail,1149,103,410,0,0,0,1246,fail,fail,208,0,105,0,1254,fail
 91700,0,fail,fail,848,1904,2379,fail,fail,fail,fail,0,519,1365,0,2627,fail,fail,1149,103,410,0,0,0,1246,fail,fail,208,0,105,0,1254,fail
 91705,0,fail,fail,848,1904,2379,fail,fail,fail,fail,0,519,1365,0,2627,fail,fail,1149,103,410,0,0,0,1246,fail,fail,208,0,105,0,1254,fail
 91710,0,fail,fail,848,1904,2379,fail,fail,fail,fail,0,519,1365,0,2627,fail,fail,1149,103,410,0,0,0,1246,fail,fail,208,0,105,0,1254,fail
 91715,0,fail,fail,848,1904,2379,fail,fail,fail,fail,0,519,1365,0,2627,fail,fail,1149,103,410,0,0,0,1246,fail,fail,208,0,105,0,1254,fail
 91720,0,fail,fail,848,1904,2379,fail,fail,fail,fail,0,519,1365,0,2627,fail,fail,1149,103,410,0,0,0,1246,fail,fail,208,0,105,0,1254,fail
 91725,0,fail,fail,848,1904,2379,fail,fail,fail,fail,0,519,1365,0,2627,fail,fail,1149,103,410,0,0,0,1246,fail,fail,208,0,105,0,1254,fail
 91730,0,fail,fail,848,1904,2379,fail,fail,fail,fail,0,519,1365,0,2627,fail,fail,1149,103,410,0,0,0,1246,fail,fail,208,0,105,0,1254,fail
 91735,0,fail,fail,848,1904,2379,fail,fail,fail,fail,0,519,1365,0,2627,fail,fail,1149,103,410,0,0,0,1246,fail,fail,208,0,105,0,1254,fail
 91740,0,fail,fail,848,1904,2379,fail,fail,fail,fail,0,519,1365,0,2627,fail,fail,1149,103,410,0,0,0,1246,fail,fail,208,0,105,0,1254,fail
 91745,0,fail,fail,848,1904,2379,fail,fail,fail,fail,0,519,1365,0,2627,fail,fail,1149,103,410,0,0,0,1246,fail,fail,208,0,105,0,1254,fail
 91750,0,fail,fail,848,1904,2379,fail,fail,fail,fail,0,519,1365,0,2627,fail,fail,1149,103,410,0,0,0,1246,fail,fail,208,0,105,0,1254,fail
 91755,0,fail,fail,848,1904,2379,fail,fail,fail,fail,0,519,1365,0,2627,fail,fail,1149,103,410,0,0,0,1246,fail,fail,208,0,105,0,1254,fail
 91760,0,fail,fail,848,1904,2379,fail,fail,fail,fail,0,519,1365,0,2627,fail,fail,1149,103,410,0,0,0,1246,fail,fail,208,0,105,0,1254,fail
 91765,0,fail,fail,848,1904,2379,fail,fail,fail,fail,0,519,1365,0,2627,fail,fail,1149,103,410,0,0,0,1246,fail,fail,208,0,105,0,1254,fail
 91770,0,fail,fail,848,1904,2379,fail,fail,fail,fail,0,519,1365,0,2627,fail,fail,1149,103,410,0,0,0,1246,fail,fail,208,0,105,0,1254,fail
 91775,0,fail,fail,848,1904,2379,fail,fail,fail,fail,0,519,1365,0,2627,fail,fail,1149,103,410,0,0,0,1246,fail,fail,208,0,105,0,1254,fail
 91780,0,fail,fail,848,1904,2379,fail,fail,fail,fail,0,519,1365,0,2627,fail,fail,1149,103,410,0,0,0,1246,fail,fail,208,0,105,0,1254,fail
 91785,0,fail,fail,848,1904,2379,fail,fail,fail,fail,0,519,1365,0,2627,fail,fail,1149,103,410,0,0,0,1246,fail,fail,208,0,105,0,1254,fail
 91790,0,fail,fail,848,1904,2379,fail,fail,fail,fail,0,519,1365,0,2627,fail,fail,1149,103,410,0,0,0,1246,fail,fail,208,0,105,0,1254,fail
 91795,0,fail,fail,848,1904,2379,fail,fail,fail,fail,0,519,1365,0,2627,fail,fail,1149,103,410,0,0,0,1246,fail,fail,208,0,105,0,1254,fail
 91800,0,fail,fail,848,1904,2379,fail,fail,fail,fail,0,519,1365,0,2627,fail,fail,1149,103,410,0,0,0,1246,fail,fail,208,0,105,0,1254,fail
 91805,0,fail,fail,848,1904,2379,fail,fail,fail,fail,0,519,1365,0,2627,fail,fail,1149,103,410,0,0,0,1246,fail,fail,208,0,105,0,1254,fail
 91810,0,fail,fail,848,1904,2379,fail,fail,fail,fail,0,519,1365,0,2627,fail,fail,1149,103,410,0,0,0,1246,fail,fail,208,0,105,0,1254,fail
 91815,0,fail,fail,848,1904,2379,fail,fail,fail,fail,0,519,1365,0,2627,fail,fail,1149,103,410,0,0,0,1246,fail,fail,208,0,105,0,1254,fail
 91820,0,fail,fail,848,1904,2379,fail,fail,fail,fail,0,519,1365,0,2627,fail,fail,1149,103,410,0,0,0,1246,fail,fail,208,0,105,0,1254,fail
 91825,0,fail,fail,848,1904,2379,fail,fail,fail,fail,0,519,1365,0,2627,fail,fail,1149,103,410,0,0,0,1246,fail,fail,208,0,105,0,1254,fail
 91830,0,fail,fail,848,1904,2379,fail,fail,fail,fail,0,519,1365,0,2627,fail,fail,1149,103,410,0,0,0,1246,fail,fail,208,0,105,0,1254,fail
 91835,0,fail,fail,848,1904,2379,fail,fail,fail,fail,0,519,1365,0,2627,fail,fail,1149,103,410,0,0,0,1246,fail,fail,208,0,105,0,1254,fail
 91840,0,fail,fail,848,1904,2379,fail,fail,fail,fail,0,519,1365,0,2627,fail,fail,1149,103,410,0,0,0,1246,fail,fail,208,0,105,0,1254,fail
 91845,0,fail,fail,848,1904,2379,fail,fail,fail,fail,0,519,1365,0,2627,fail,fail,1149,103,410,0,0,0,1246,fail,fail,208,0,105,0,1254,fail
 91850,0,fail,fail,848,1904,2379,fail,fail,fail,fail,0,519,1365,0,2627,fail,fail,1149,103,410,0,0,0,1246,fail,fail,208,0,105,0,1254,fail
 91855,0,fail,fail,848,1904,2379,fail,fail,fail,fail,0,519,1365,0,2627,fail,fail,1149,103,410,0,0,0,1246,fail,fail,208,0,105,0,1254,fail
 91860,0,fail,fail,848,1904,2379,fail,fail,fail,fail,0,519,1365,0,2627,fail,fail,1149,103,410,0,0,0,1246,fail,fail,208,0,105,0,1254,fail
 91865,0,fail,fail,848,1904,2379,fail,fail,fail,fail,0,519,1365,0,2627,fail,fail,1149,103,410,0,0,0,1246,fail,fail,208,0,105,0,1254,fail
 91870,0,fail,fail,848,1904,2379,fail,fail,fail,fail,0,519,1365,0,2627,fail,fail,1149,103,410,0,0,0,1246,fail,fail,208,0,105,0,1254,fail
 91875,0,fail,fail,848,1904,2379,fail,fail,fail,fail,0,519,1365,0,2627,fail,fail,1149,103,410,0,0,0,1246,fail,fail,208,0,105,0,1254,fail
 91880,0,fail,fail,848,1904,2379,fail,fail,fail,fail,0,519,1365,0,2627,fail,fail,1149,103,410,0,0,0,1246,fail,fail,208,0,105,0,1254,fail
 91885,0,fail,fail,848,1904,2379,fail,fail,fail,fail,0,519,1365,0,2627,fail,fail,1149,103,410,0,0,0,1246,fail,fail,208,0,105,0,1254,fail
 91890,0,fail,fail,848,1904,2379,fail,fail,fail,fail,0,519,1365,0,2627,fail,fail,1149,103,410,0,0,0,1246,fail,fail,208,0,105,0,1254,fail
 91895,0,fail,fail,848,1904,2379,fail,fail,fail,fail,0,519,1365,0,2627,fail,fail,1149,103,410,0,0,0,1246,fail,fail,208,0,105,0,1254,fail
 91900,0,fail,fail,848,1904,2379,fail,fail,fail,fail,0,519,1365,0,2627,fail,fail,1149,103,410,0,0,0,1246,fail,fail,208,0,105,0,1254,fail
 91905,0,fail,fail,848,1904,2379,fail,fail,fail,fail,0,519,1365,0,2627,fail,fail,1149,103,410,0,0,0,1246,fail,fail,208,0,105,0,1254,fail
 91910,0,fail,fail,848,1904,2379,fail,fail,fail,fail,0,519,1365,0,2627,fail,fail,1149,103,410,0,0,0,1246,fail,fail,208,0,105,0,1254,fail
 91915,0,fail,fail,848,1904,2379,fail,fail,fail,fail,0,519,1365,0,2627,fail,fail,1149,103,410,0,0,0,1246,fail,fail,208,0,105,0,1254,fail
 91920,0,fail,fail,848,1904,2379,fail,fail,fail,fail,0,519,1365,0,2627,fail,fail,1149,103,410,0,0,0,1246,fail,fail,208,0,105,0,1254,fail
 91925,0,fail,fail,848,1904,2379,fail,fail,fail,fail,0,519,1365,0,2627,fail,fail,1149,103,410,0,0,0,1246,fail,fail,208,0,105,0,1254,fail
 91930,0,fail,fail,848,1904,2379,fail,fail,fail,fail,0,519,1365,0,2627,fail,fail,1149,103,410,0,0,0,1246,fail,fail,208,0,105,0,1254,fail
 91935,0,fail,fail,848,1904,2379,fail,fail,fail,fail,0,519,1365,0,2627,fail,fail,1149,103,410,0,0,0,1246,fail,fail,208,0,105,0,1254,fail
 91940,0,fail,fail,848,1904,2379,fail,fail,fail,fail,0,519,1365,0,2627,fail,fail,1149,103,410,0,0,0,1246,fail,fail,208,0,105,0,1254,fail
 91945,0,fail,fail,848,1904,2379,fail,fail,fail,fail,0,519,1365,0,2627,fail,fail,1149,103,410,0,0,0,1246,fail,fail,208,0,105,0,1254,fail
 91950,0,fail,fail,848,1904,2379,fail,fail,fail,fail,0,519,1365,0,2627,fail,fail,1149,103,410,0,0,0,1246,fail,fail,208,0,105,0,1254,fail
 91955,0,fail,fail,848,1904,2379,fail,fail,fail,fail,0,519,1365,0,2627,fail,fail,1149,103,410,0,0,0,1246,fail,fail,208,0,105,0,1254,fail
 91960,0,fail,fail,848,1904,2379,fail,fail,fail,fail,0,519,1365,0,2627,fail,fail,1149,103,410,0,0,0,1246,fail,fail,208,0,105,0,1254,fail
 91965,0,fail,fail,848,1904,2379,fail,fail,fail,fail,0,519,1365,0,2627,fail,fail,1149,103,410,0,0,0,1246,fail,fail,208,0,105,0,1254,fail
 91970,0,fail,fail,848,1904,2379,fail,fail,fail,fail,0,519,1365,0,2627,fail,fail,1149,103,410,0,0,0,1246,fail,fail,208,0,105,0,1254,fail
 91975,0,fail,fail,848,1904,2379,fail,fail,fail,fail,0,519,1365,0,2627,fail,fail,1149,103,410,0,0,0,1246,fail,fail,208,0,105,0,1254,fail
 91980,0,fail,fail,848,1904,2379,fail,fail,fail,fail,0,519,1365,0,2627,fail,fail,1149,103,410,0,0,0,1246,fail,fail,208,0,105,0,1254,fail
 91985,0,fail,fail,848,1904,2379,fail,fail,fail,fail,0,519,1365,0,2627,fail,fail,1149,103,410,0,0,0,1246,fail,fail,208,0,105,0,1254,fail
 91990,0,fail,fail,848,1904,2379,fail,fail,fail,fail,0,519,1365,0,2627,fail,fail,1149,103,410,0,0,0,1246,fail,fail,208,0,105,0,1254,fail
 91995,0,fail,fail,848,1904,2379,fail,fail,fail,fail,0,519,1365,0,2627,fail,fail,1149,103,410,0,0,0,1246,fail,fail,208,0,105,0,1254,fail
 92000,0,fail,fail,848,1904,2379,fail,fail,fail,fail,0,519,1365,0,2627,fail,fail,1149,103,410,0,0,0,1246,fail,fail,208,0,105,0,1254,fail
 92005,0,fail,fail,848,1904,2379,fail,fail,fail,fail,0,519,1365,0,2627,fail,fail,1149,103,410,0,0,0,1246,fail,fail,208,0,105,0,1254,fail
 92010,0,fail,fail,848,1904,2379,fail,fail,fail,fail,0,519,1365,0,2627,fail,fail,1149,103,410,0,0,0,1246,fail,fail,208,0,105,0,1254,fail
 92015,0,fail,fail,848,1904,2379,fail,fail,fail,fail,0,519,1365,0,2627,fail,fail,1149,103,410,0,0,0,1246,fail,fail,208,0,105,0,1254,fail
 92020,0,fail,fail,848,1904,2379,fail,fail,fail,fail,0,519,1365,0,2627,fail,fail,1149,103,410,0,0,0,1246,fail,fail,208,0,105,0,1254,fail
 92025,0,fail,fail,848,1904,2379,fail,fail,fail,fail,0,519,1365,0,2627,fail,fail,1149,103,410,0,0,0,1246,fail,fail,208,0,105,0,1254,fail
 92030,0,fail,fail,848,1904,2379,fail,fail,fail,fail,0,519,1365,0,2627,fail,fail,1149,103,410,0,0,0,1246,fail,fail,208,0,105,0,1254,fail
 92035,0,fail,fail,848,1904,2379,fail,fail,fail,fail,0,519,1365,0,2627,fail,fail,1149,103,410,0,0,0,1246,fail,fail,208,0,105,0,1254,fail
 92040,0,fail,fail,848,1904,2379,fail,fail,fail,fail,0,519,1365,0,2627,fail,fail,1149,103,410,0,0,0,1246,fail,fail,208,0,105,0,1254,fail
 92045,0,fail,fail,848,1904,2379,fail,fail,fail,fail,0,519,1365,0,2627,fail,fail,1149,103,410,0,0,0,1246,fail,fail,208,0,105,0,1254,fail
 92050,0,fail,fail,848,1904,2379,fail,fail,fail,fail,0,519,1365,0,2627,fail,fail,1149,103,410,0,0,0,1246,fail,fail,208,0,105,0,1254,fail
 92055,0,fail,fail,848,1904,2379,fail,fail,fail,fail,0,519,1365,0,2627,fail,fail,1149,103,410,0,0,0,1246,fail,fail,208,0,105,0,1254,fail
 92060,0,fail,fail,848,1904,2379,fail,fail,fail,fail,0,519,1365,0,2627,fail,fail,1149,103,410,0,0,0,1246,fail,fail,208,0,105,0,1254,fail
 92065,0,fail,fail,848,1904,2379,fail,fail,fail,fail,0,519,1365,0,2627,fail,fail,1149,103,410,0,0,0,1246,fail,fail,208,0,105,0,1254,fail
 92070,0,fail,fail,848,1904,2379,fail,fail,fail,fail,0,519,1365,0,2627,fail,fail,1149,103,410,0,0,0,1246,fail,fail,208,0,105,0,1254,fail
 92075,0,fail,fail,848,1904,2379,fail,fail,fail,fail,0,519,1365,0,2627,fail,fail,1149,103,410,0,0,0,1246,fail,fail,208,0,105,0,1254,fail
 92080,0,fail,fail,848,1904,2379,fail,fail,fail,fail,0,519,1365,0,2627,fail,fail,1149,103,410,0,0,0,1246,fail,fail,208,0,105,0,1254,fail
 92085,0,fail,fail,848,1904,2379,fail,fail,fail,fail,0,519,1365,0,2627,fail,fail,1149,103,410,0,0,0,1246,fail,fail,208,0,105,0,1254,fail
 92090,0,fail,fail,848,1904,2379,fail,fail,fail,fail,0,519,1365,0,2627,fail,fail,1149,103,410,0,0,0,1246,fail,fail,208,0,105,0,1254,fail
 92095,0,fail,fail,848,1904,2379,fail,fail,fail,fail,0,519,1365,0,2627,fail,fail,1149,103,410,0,0,0,1246,fail,fail,208,0,105,0,1254,fail
 92100,0,fail,fail,848,1904,2379,fail,fail,fail,fail,0,519,1365,0,2627,fail,fail,1149,103,410,0,0,0,1246,fail,fail,208,0,105,0,1254,fail
 92105,0,fail,fail,848,1904,2379,fail,fail,fail,fail,0,519,1365,0,2627,fail,fail,1149,103,410,0,0,0,1246,fail,fail,208,0,105,0,1254,fail
 92110,0,fail,fail,848,1904,2379,fail,fail,fail,fail,0,519,1365,0,2627,fail,fail,1149,103,410,0,0,0,1246,fail,fail,208,0,105,0,1254,fail
 92115,0,fail,fail,848,1904,2379,fail,fail,fail,fail,0,519,1365,0,2627,fail,fail,1149,103,410,0,0,0,1246,fail,fail,208,0,105,0,1254,fail
 92120,0,fail,fail,848,1904,2379,fail,fail,fail,fail,0,519,1365,0,2627,fail,fail,1149,103,410,0,0,0,1246,fail,fail,208,0,105,0,1254,fail
 92125,0,fail,fail,848,1904,2379,fail,fail,fail,fail,0,519,1365,0,2627,fail,fail,1149,103,410,0,0,0,1246,fail,fail,208,0,105,0,1254,fail
 92130,0,fail,fail,848,1904,2379,fail,fail,fail,fail,0,519,1365,0,2627,fail,fail,1149,103,410,0,0,0,1246,fail,fail,208,0,105,0,1254,fail
 92135,0,fail,fail,848,1904,2379,fail,fail,fail,fail,0,519,1365,0,2627,fail,fail,1149,103,410,0,0,0,1246,fail,fail,208,0,105,0,1254,fail
 92140,0,fail,fail,848,1904,2379,fail,fail,fail,fail,0,519,1365,0,2627,fail,fail,1149,103,410,0,0,0,1246,fail,fail,208,0,105,0,1254,fail
 92145,0,fail,fail,848,1904,2379,fail,fail,fail,fail,0,519,1365,0,2627,fail,fail,1149,103,410,0,0,0,1246,fail,fail,208,0,105,0,1254,fail
 92150,0,fail,fail,848,1904,2379,fail,fail,fail,fail,0,519,1365,0,2627,fail,fail,1149,103,410,0,0,0,1246,fail,fail,208,0,105,0,1254,fail
 92155,0,fail,fail,848,1904,2379,fail,fail,fail,fail,0,519,1365,0,2627,fail,fail,1149,103,410,0,0,0,1246,fail,fail,208,0,105,0,1254,fail
 92160,0,fail,fail,848,1904,2379,fail,fail,fail,fail,0,519,1365,0,2627,fail,fail,1149,103,410,0,0,0,1246,fail,fail,208,0,105,0,1254,fail
 92165,0,fail,fail,848,1904,2379,fail,fail,fail,fail,0,519,1365,0,2627,fail,fail,1149,103,410,0,0,0,1246,fail,fail,208,0,105,0,1254,fail
 92170,0,fail,fail,848,1904,2379,fail,fail,fail,fail,0,519,1365,0,2627,fail,fail,1149,103,410,0,0,0,1246,fail,fail,208,0,105,0,1254,fail
 92175,0,fail,fail,848,1904,2379,fail,fail,fail,fail,0,519,1365,0,2627,fail,fail,1149,103,410,0,0,0,1246,fail,fail,208,0,105,0,1254,fail
 92180,0,fail,fail,848,1904,2379,fail,fail,fail,fail,0,519,1365,0,2627,fail,fail,1149,103,410,0,0,0,1246,fail,fail,208,0,105,0,1254,fail
 92185,0,fail,fail,848,1904,2379,fail,fail,fail,fail,0,519,1365,0,2627,fail,fail,1149,103,410,0,0,0,1246,fail,fail,208,0,105,0,1254,fail
 92190,0,fail,fail,848,1904,2379,fail,fail,fail,fail,0,519,1365,0,2627,fail,fail,1149,103,410,0,0,0,1246,fail,fail,208,0,105,0,1254,fail
 92195,0,fail,fail,848,1904,2379,fail,fail,fail,fail,0,519,1365,0,2627,fail,fail,1149,103,410,0,0,0,1246,fail,fail,208,0,105,0,1254,fail
 92200,0,fail,fail,848,1904,2379,fail,fail,fail,fail,0,519,1365,0,2627,fail,fail,1149,103,410,0,0,0,1246,fail,fail,208,0,105,0,1254,fail
 92205,0,fail,fail,848,1904,2379,fail,fail,fail,fail,0,519,1365,0,2627,fail,fail,1149,103,410,0,0,0,1246,fail,fail,208,0,105,0,1254,fail
 92210,0,fail,fail,848,1904,2379,fail,fail,fail,fail,0,519,1365,0,2627,fail,fail,1149,103,410,0,0,0,1246,fail,fail,208,0,105,0,1254,fail
 92215,0,fail,fail,848,1904,2379,fail,fail,fail,fail,0,519,1365,0,2627,fail,fail,1149,103,410,0,0,0,1246,fail,fail,208,0,105,0,1254,fail
 92220,0,fail,fail,848,1904,2379,fail,fail,fail,fail,0,519,1365,0,2627,fail,fail,1149,103,410,0,0,0,1246,fail,fail,208,0,105,0,1254,fail
 92225,0,fail,fail,848,1904,2379,fail,fail,fail,fail,0,519,1365,0,2627,fail,fail,1149,103,410,0,0,0,1246,fail,fail,208,0,105,0,1254,fail
 92230,0,fail,fail,848,1904,2379,fail,fail,fail,fail,0,519,1365,0,2627,fail,fail,1149,103,410,0,0,0,1246,fail,fail,208,0,105,0,1254,fail
 92235,0,fail,fail,848,1904,2379,fail,fail,fail,fail,0,519,1365,0,2627,fail,fail,1149,103,410,0,0,0,1246,fail,fail,208,0,105,0,1254,fail
 92240,0,fail,fail,848,1904,2379,fail,fail,fail,fail,0,519,1365,0,2627,fail,fail,1149,103,410,0,0,0,1246,fail,fail,208,0,105,0,1254,fail
 92245,0,fail,fail,848,1904,2379,fail,fail,fail,fail,0,519,1365,0,2627,fail,fail,1149,103,410,0,0,0,1246,fail,fail,208,0,105,0,1254,fail
 92250,0,fail,fail,848,1904,2379,fail,fail,fail,fail,0,519,1365,0,2627,fail,fail,1149,103,410,0,0,0,1246,fail,fail,208,0,105,0,1254,fail
 92255,0,fail,fail,848,1904,2379,fail,fail,fail,fail,0,519,1365,0,2627,fail,fail,1149,103,410,0,0,0,1246,fail,fail,208,0,105,0,1254,fail
 92260,0,fail,fail,848,1904,2379,fail,fail,fail,fail,0,519,1365,0,2627,fail,fail,1149,103,410,0,0,0,1246,fail,fail,208,0,105,0,1254,fail
 92265,0,fail,fail,848,1904,2379,fail,fail,fail,fail,0,519,1365,0,2627,fail,fail,1149,103,410,0,0,0,1246,fail,fail,208,0,105,0,1254,fail
 92270,0,fail,fail,848,1904,2379,fail,fail,fail,fail,0,519,1365,0,2627,fail,fail,1149,103,410,0,0,0,1246,fail,fail,208,0,105,0,1254,fail
 92275,0,fail,fail,848,1904,2379,fail,fail,fail,fail,0,519,1365,0,2627,fail,fail,1149,103,410,0,0,0,1246,fail,fail,208,0,105,0,1254,fail
 92280,0,fail,fail,848,1904,2379,fail,fail,fail,fail,0,519,1365,0,2627,fail,fail,1149,103,410,0,0,0,1246,fail,fail,208,0,105,0,1254,fail
 92285,0,fail,fail,848,1904,2379,fail,fail,fail,fail,0,519,1365,0,2627,fail,fail,1149,103,410,0,0,0,1246,fail,fail,208,0,105,0,1254,fail
 92290,0,fail,fail,848,1904,2379,fail,fail,fail,fail,0,519,1365,0,2627,fail,fail,1149,103,410,0,0,0,1246,fail,fail,208,0,105,0,1254,fail
 92295,0,fail,fail,848,1904,2379,fail,fail,fail,fail,0,519,1365,0,2627,fail,fail,1149,103,410,0,0,0,1246,fail,fail,208,0,105,0,1254,fail
 92300,0,fail,fail,848,1904,2379,fail,fail,fail,fail,0,519,1365,0,2627,fail,fail,1149,103,410,0,0,0,1246,fail,fail,208,0,105,0,1254,fail
 92305,0,fail,fail,848,1904,2379,fail,fail,fail,fail,0,519,1365,0,2627,fail,fail,1149,103,410,0,0,0,1246,fail,fail,208,0,105,0,1254,fail
 92310,0,fail,fail,848,1904,2379,fail,fail,fail,fail,0,519,1365,0,2627,fail,fail,1149,103,410,0,0,0,1246,fail,fail,208,0,105,0,1254,fail
 92315,0,fail,fail,848,1904,2379,fail,fail,fail,fail,0,519,1365,0,2627,fail,fail,1149,103,410,0,0,0,1246,fail,fail,208,0,105,0,1254,fail
 92320,0,fail,fail,848,1904,2379,fail,fail,fail,fail,0,519,1365,0,2627,fail,fail,1149,103,410,0,0,0,1246,fail,fail,208,0,105,0,1254,fail
 92325,0,fail,fail,848,1904,2379,fail,fail,fail,fail,0,519,1365,0,2627,fail,fail,1149,103,410,0,0,0,1246,fail,fail,208,0,105,0,1254,fail
 92330,0,fail,fail,848,1904,2379,fail,fail,fail,fail,0,519,1365,0,2627,fail,fail,1149,103,410,0,0,0,1246,fail,fail,208,0,105,0,1254,fail
 92335,0,fail,fail,848,1904,2379,fail,fail,fail,fail,0,519,1365,0,2627,fail,fail,1149,103,410,0,0,0,1246,fail,fail,208,0,105,0,1254,fail
 92340,0,fail,fail,848,1904,2379,fail,fail,fail,fail,0,519,1365,0,2627,fail,fail,1149,103,410,0,0,0,1246,fail,fail,208,0,105,0,1254,fail
 92345,0,fail,fail,848,1904,2379,fail,fail,fail,fail,0,519,1365,0,2627,fail,fail,1149,103,410,0,0,0,1246,fail,fail,208,0,105,0,1254,fail
 92350,0,fail,fail,848,1904,2379,fail,fail,fail,fail,0,519,1365,0,2627,fail,fail,1149,103,410,0,0,0,1246,fail,fail,208,0,105,0,1254,fail
 92355,0,fail,fail,848,1904,2379,fail,fail,fail,fail,0,519,1365,0,2627,fail,fail,1149,103,410,0,0,0,1246,fail,fail,208,0,105,0,1254,fail
 92360,0,fail,fail,848,1904,2379,fail,fail,fail,fail,0,519,1365,0,2627,fail,fail,1149,103,410,0,0,0,1246,fail,fail,208,0,105,0,1254,fail
 92365,0,fail,fail,848,1904,2379,fail,fail,fail,fail,0,519,1365,0,2627,fail,fail,1149,103,410,0,0,0,1246,fail,fail,208,0,105,0,1254,fail
 92370,0,fail,fail,848,1904,2379,fail,fail,fail,fail,0,519,1365,0,2627,fail,fail,1149,103,410,0,0,0,1246,fail,fail,208,0,105,0,1254,fail
 92375,0,fail,fail,848,1904,2379,fail,fail,fail,fail,0,519,1365,0,2627,fail,fail,1149,103,410,0,0,0,1246,fail,fail,208,0,105,0,1254,fail
 92380,0,fail,fail,848,1904,2379,fail,fail,fail,fail,0,519,1365,0,2627,fail,fail,1149,103,410,0,0,0,1246,fail,fail,208,0,105,0,1254,fail
 92385,0,fail,fail,848,1904,2379,fail,fail,fail,fail,0,519,1365,0,2627,fail,fail,1149,103,410,0,0,0,1246,fail,fail,208,0,105,0,1254,fail
 92390,0,fail,fail,848,1904,2379,fail,fail,fail,fail,0,519,1365,0,2627,fail,fail,1149,103,410,0,0,0,1246,fail,fail,208,0,105,0,1254,fail
 92395,0,fail,fail,848,1904,2379,fail,fail,fail,fail,0,519,1365,0,2627,fail,fail,1149,103,410,0,0,0,1246,fail,fail,208,0,105,0,1254,fail
 92400,0,fail,fail,848,1904,2379,fail,fail,fail,fail,0,519,1365,0,2627,fail,fail,1149,103,410,0,0,0,1246,fail,fail,208,0,105,0,1254,fail
 92405,0,fail,fail,848,1904,2379,fail,fail,fail,fail,0,519,1365,0,2627,fail,fail,1149,103,410,0,0,0,1246,fail,fail,208,0,105,0,1254,fail
 92410,0,fail,fail,848,1904,2379,fail,fail,fail,fail,0,519,1365,0,2627,fail,fail,1149,103,410,0,0,0,1246,fail,fail,208,0,105,0,1254,fail
 92415,0,fail,fail,848,1904,2379,fail,fail,fail,fail,0,519,1365,0,2627,fail,fail,1149,103,410,0,0,0,1246,fail,fail,208,0,105,0,1254,fail
 92420,0,fail,fail,848,1904,2379,fail,fail,fail,fail,0,519,1365,0,2627,fail,fail,1149,103,410,0,0,0,1246,fail,fail,208,0,105,0,1254,fail
 92425,0,fail,fail,848,1904,2379,fail,fail,fail,fail,0,519,1365,0,2627,fail,fail,1149,103,410,0,0,0,1246,fail,fail,208,0,105,0,1254,fail
 92430,0,fail,fail,848,1904,2379,fail,fail,fail,fail,0,519,1365,0,2627,fail,fail,1149,103,410,0,0,0,1246,fail,fail,208,0,105,0,1254,fail
 92435,0,fail,fail,848,1904,2379,fail,fail,fail,fail,0,519,1365,0,2627,fail,fail,1149,103,410,0,0,0,1246,fail,fail,208,0,105,0,1254,fail
 92440,0,fail,fail,848,1904,2379,fail,fail,fail,fail,0,519,1365,0,2627,fail,fail,1149,103,410,0,0,0,1246,fail,fail,208,0,105,0,1254,fail
 92445,0,fail,fail,848,1904,2379,fail,fail,fail,fail,0,519,1365,0,2627,fail,fail,1149,103,410,0,0,0,1246,fail,fail,208,0,105,0,1254,fail
 92450,0,fail,fail,848,1904,2379,fail,fail,fail,fail,0,519,1365,0,2627,fail,fail,1149,103,410,0,0,0,1246,fail,fail,208,0,105,0,1254,fail
 92455,0,fail,fail,848,1904,2379,fail,fail,fail,fail,0,519,1365,0,2627,fail,fail,1149,103,410,0,0,0,1246,fail,fail,208,0,105,0,1254,fail
 92460,0,fail,fail,848,1904,2379,fail,fail,fail,fail,0,519,1365,0,2627,fail,fail,1149,103,410,0,0,0,1246,fail,fail,208,0,105,0,1254,fail
 92465,0,fail,fail,848,1904,2379,fail,fail,fail,fail,0,519,1365,0,2627,fail,fail,1149,103,410,0,0,0,1246,fail,fail,208,0,105,0,1254,fail
 92470,0,fail,fail,848,1904,2379,fail,fail,fail,fail,0,519,1365,0,2627,fail,fail,1149,103,410,0,0,0,1246,fail,fail,208,0,105,0,1254,fail
 92475,0,fail,fail,848,1904,2379,fail,fail,fail,fail,0,519,1365,0,2627,fail,fail,1149,103,410,0,0,0,1246,fail,fail,208,0,105,0,1254,fail
 92480,0,fail,fail,848,1904,2379,fail,fail,fail,fail,0,519,1365,0,2627,fail,fail,1149,103,410,0,0,0,1246,fail,fail,208,0,105,0,1254,fail
 92485,0,fail,fail,848,1904,2379,fail,fail,fail,fail,0,519,1365,0,2627,fail,fail,1149,103,410,0,0,0,1246,fail,fail,208,0,105,0,1254,fail
 92490,0,fail,fail,848,1904,2379,fail,fail,fail,fail,0,519,1365,0,2627,fail,fail,1149,103,410,0,0,0,1246,fail,fail,208,0,105,0,1254,fail
 92495,0,fail,fail,848,1904,2379,fail,fail,fail,fail,0,519,1365,0,2627,fail,fail,1149,103,410,0,0,0,1246,fail,fail,208,0,105,0,1254,fail
 92500,0,fail,fail,848,1904,2379,fail,fail,fail,fail,0,519,1365,0,2627,fail,fail,1149,103,410,0,0,0,1246,fail,fail,208,0,105,0,1254,fail
 92505,0,fail,fail,848,1904,2379,fail,fail,fail,fail,0,519,1365,0,2627,fail,fail,1149,103,410,0,0,0,1246,fail,fail,208,0,105,0,1254,fail
 92510,0,fail,fail,848,1904,2379,fail,fail,fail,fail,0,519,1365,0,2627,fail,fail,1149,103,410,0,0,0,1246,fail,fail,208,0,105,0,1254,fail
 92515,0,fail,fail,848,1904,2379,fail,fail,fail,fail,0,519,1365,0,2627,fail,fail,1149,103,410,0,0,0,1246,fail,fail,208,0,105,0,1254,fail
 92520,0,fail,fail,848,1904,2379,fail,fail,fail,fail,0,519,1365,0,2627,fail,fail,1149,103,410,0,0,0,1246,fail,fail,208,0,105,0,1254,fail
 92525,0,fail,fail,848,1904,2379,fail,fail,fail,fail,0,519,1365,0,2627,fail,fail,1149,103,410,0,0,0,1246,fail,fail,208,0,105,0,1254,fail
 92530,0,fail,fail,848,1904,2379,fail,fail,fail,fail,0,519,1365,0,2627,fail,fail,1149,103,410,0,0,0,1246,fail,fail,208,0,105,0,1254,fail
 92535,0,fail,fail,848,1904,2379,fail,fail,fail,fail,0,519,1365,0,2627,fail,fail,1149,103,410,0,0,0,1246,fail,fail,208,0,105,0,1254,fail
 92540,0,fail,fail,848,1904,2379,fail,fail,fail,fail,0,519,1365,0,2627,fail,fail,1149,103,410,0,0,0,1246,fail,fail,208,0,105,0,1254,fail
 92545,0,fail,fail,848,1904,2379,fail,fail,fail,fail,0,519,1365,0,2627,fail,fail,1149,103,410,0,0,0,1246,fail,fail,208,0,105,0,1254,fail
 92550,0,fail,fail,848,1904,2379,fail,fail,fail,fail,0,519,1365,0,2627,fail,fail,1149,103,410,0,0,0,1246,fail,fail,208,0,105,0,1254,fail
 92555,0,fail,fail,848,1904,2379,fail,fail,fail,fail,0,519,1365,0,2627,fail,fail,1149,103,410,0,0,0,1246,fail,fail,208,0,105,0,1254,fail
 92560,0,fail,fail,848,1904,2379,fail,fail,fail,fail,0,519,1365,0,2627,fail,fail,1149,103,410,0,0,0,1246,fail,fail,208,0,105,0,1254,fail
 92565,0,fail,fail,848,1904,2379,fail,fail,fail,fail,0,519,1365,0,2627,fail,fail,1149,103,410,0,0,0,1246,fail,fail,208,0,105,0,1254,fail
 92570,0,fail,fail,848,1904,2379,fail,fail,fail,fail,0,519,1365,0,2627,fail,fail,1149,103,410,0,0,0,1246,fail,fail,208,0,105,0,1254,fail
 92575,0,fail,fail,848,1904,2379,fail,fail,fail,fail,0,519,1365,0,2627,fail,fail,1149,103,410,0,0,0,1246,fail,fail,208,0,105,0,1254,fail
 92580,0,fail,fail,848,1904,2379,fail,fail,fail,fail,0,519,1365,0,2627,fail,fail,1149,103,410,0,0,0,1246,fail,fail,208,0,105,0,1254,fail
 92585,0,fail,fail,848,1904,2379,fail,fail,fail,fail,0,519,1365,0,2627,fail,fail,1149,103,410,0,0,0,1246,fail,fail,208,0,105,0,1254,fail
 92590,0,fail,fail,848,1904,2379,fail,fail,fail,fail,0,519,1365,0,2627,fail,fail,1149,103,410,0,0,0,1246,fail,fail,208,0,105,0,1254,fail
 92595,0,fail,fail,848,1904,2379,fail,fail,fail,fail,0,519,1365,0,2627,fail,fail,1149,103,410,0,0,0,1246,fail,fail,208,0,105,0,1254,fail
 92600,0,fail,fail,848,1904,2379,fail,fail,fail,fail,0,519,1365,0,2627,fail,fail,1149,103,410,0,0,0,1246,fail,fail,208,0,105,0,1254,fail
 92605,0,fail,fail,848,1904,2379,fail,fail,fail,fail,0,519,1365,0,2627,fail,fail,1149,103,410,0,0,0,1246,fail,fail,208,0,105,0,1254,fail
 92610,0,fail,fail,848,1904,2379,fail,fail,fail,fail,0,519,1365,0,2627,fail,fail,1149,103,410,0,0,0,1246,fail,fail,208,0,105,0,1254,fail
 92615,0,fail,fail,848,1904,2379,fail,fail,fail,fail,0,519,1365,0,2627,fail,fail,1149,103,410,0,0,0,1246,fail,fail,208,0,105,0,1254,fail
 92620,0,fail,fail,848,1904,2379,fail,fail,fail,fail,0,519,1365,0,2627,fail,fail,1149,103,410,0,0,0,1246,fail,fail,208,0,105,0,1254,fail
 92625,0,fail,fail,848,1904,2379,fail,fail,fail,fail,0,519,1365,0,2627,fail,fail,1149,103,410,0,0,0,1246,fail,fail,208,0,105,0,1254,fail
 92630,0,fail,fail,848,1904,2379,fail,fail,fail,fail,0,519,1365,0,2627,fail,fail,1149,103,410,0,0,0,1246,fail,fail,208,0,105,0,1254,fail
 92635,0,fail,fail,848,1904,2379,fail,fail,fail,fail,0,519,1365,0,2627,fail,fail,1149,103,410,0,0,0,1246,fail,fail,208,0,105,0,1254,fail
 92640,0,fail,fail,848,1904,2379,fail,fail,fail,fail,0,519,1365,0,2627,fail,fail,1149,103,410,0,0,0,1246,fail,fail,208,0,105,0,1254,fail
 92645,0,fail,fail,848,1904,2379,fail,fail,fail,fail,0,519,1365,0,2627,fail,fail,1149,103,410,0,0,0,1246,fail,fail,208,0,105,0,1254,fail
 92650,0,fail,fail,848,1904,2379,fail,fail,fail,fail,0,519,1365,0,2627,fail,fail,1149,103,410,0,0,0,1246,fail,fail,208,0,105,0,1254,fail
 92655,0,fail,fail,848,1904,2379,fail,fail,fail,fail,0,519,1365,0,2627,fail,fail,1149,103,410,0,0,0,1246,fail,fail,208,0,105,0,1254,fail
 92660,0,fail,fail,848,1904,2379,fail,fail,fail,fail,0,519,1365,0,2627,fail,fail,1149,103,410,0,0,0,1246,fail,fail,208,0,105,0,1254,fail
 92665,0,fail,fail,848,1904,2379,fail,fail,fail,fail,0,519,1365,0,2627,fail,fail,1149,103,410,0,0,0,1246,fail,fail,208,0,105,0,1254,fail
 92670,0,fail,fail,848,1904,2379,fail,fail,fail,fail,0,519,1365,0,2627,fail,fail,1149,103,410,0,0,0,1246,fail,fail,208,0,105,0,1254,fail
 92675,0,fail,fail,848,1904,2379,fail,fail,fail,fail,0,519,1365,0,2627,fail,fail,1149,103,410,0,0,0,1246,fail,fail,208,0,105,0,1254,fail
 92680,0,fail,fail,848,1904,2379,fail,fail,fail,fail,0,519,1365,0,2627,fail,fail,1149,103,410,0,0,0,1246,fail,fail,208,0,105,0,1254,fail
 92685,0,fail,fail,848,1904,2379,fail,fail,fail,fail,0,519,1365,0,2627,fail,fail,1149,103,410,0,0,0,1246,fail,fail,208,0,105,0,1254,fail
 92690,0,fail,fail,848,1904,2379,fail,fail,fail,fail,0,519,1365,0,2627,fail,fail,1149,103,410,0,0,0,1246,fail,fail,208,0,105,0,1254,fail
 92695,0,fail,fail,848,1904,2379,fail,fail,fail,fail,0,519,1365,0,2627,fail,fail,1149,103,410,0,0,0,1246,fail,fail,208,0,105,0,1254,fail
 92700,0,fail,fail,848,1904,2379,fail,fail,fail,fail,0,519,1365,0,2627,fail,fail,1149,103,410,0,0,0,1246,fail,fail,208,0,105,0,1254,fail
 92705,0,fail,fail,848,1904,2379,fail,fail,fail,fail,0,519,1365,0,2627,fail,fail,1149,103,410,0,0,0,1246,fail,fail,208,0,105,0,1254,fail
 92710,0,fail,fail,848,1904,2379,fail,fail,fail,fail,0,519,1365,0,2627,fail,fail,1149,103,410,0,0,0,1246,fail,fail,208,0,105,0,1254,fail
 92715,0,fail,fail,848,1904,2379,fail,fail,fail,fail,0,519,1365,0,2627,fail,fail,1149,103,410,0,0,0,1246,fail,fail,208,0,105,0,1254,fail
 92720,0,fail,fail,848,1904,2379,fail,fail,fail,fail,0,519,1365,0,2627,fail,fail,1149,103,410,0,0,0,1246,fail,fail,208,0,105,0,1254,fail
 92725,0,fail,fail,848,1904,2379,fail,fail,fail,fail,0,519,1365,0,2627,fail,fail,1149,103,410,0,0,0,1246,fail,fail,208,0,105,0,1254,fail
 92730,0,fail,fail,848,1904,2379,fail,fail,fail,fail,0,519,1365,0,2627,fail,fail,1149,103,410,0,0,0,1246,fail,fail,208,0,105,0,1254,fail
 92735,0,fail,fail,848,1904,2379,fail,fail,fail,fail,0,519,1365,0,2627,fail,fail,1149,103,410,0,0,0,1246,fail,fail,208,0,105,0,1254,fail
 92740,0,fail,fail,848,1904,2379,fail,fail,fail,fail,0,519,1365,0,2627,fail,fail,1149,103,410,0,0,0,1246,fail,fail,208,0,105,0,1254,fail
 92745,0,fail,fail,848,1904,2379,fail,fail,fail,fail,0,519,1365,0,2627,fail,fail,1149,103,410,0,0,0,1246,fail,fail,208,0,105,0,1254,fail
 92750,0,fail,fail,848,1904,2379,fail,fail,fail,fail,0,519,1365,0,2627,fail,fail,1149,103,410,0,0,0,1246,fail,fail,208,0,105,0,1254,fail
 92755,0,fail,fail,848,1904,2379,fail,fail,fail,fail,0,519,1365,0,2627,fail,fail,1149,103,410,0,0,0,1246,fail,fail,208,0,105,0,1254,fail
 92760,0,fail,fail,848,1904,2379,fail,fail,fail,fail,0,519,1365,0,2627,fail,fail,1149,103,410,0,0,0,1246,fail,fail,208,0,105,0,1254,fail
 92765,0,fail,fail,848,1904,2379,fail,fail,fail,fail,0,519,1365,0,2627,fail,fail,1149,103,410,0,0,0,1246,fail,fail,208,0,105,0,1254,fail
 92770,0,fail,fail,848,1904,2379,fail,fail,fail,fail,0,519,1365,0,2627,fail,fail,1149,103,410,0,0,0,1246,fail,fail,208,0,105,0,1254,fail
 92775,0,fail,fail,848,1904,2379,fail,fail,fail,fail,0,519,1365,0,2627,fail,fail,1149,103,410,0,0,0,1246,fail,fail,208,0,105,0,1254,fail
 92780,0,fail,fail,848,1904,2379,fail,fail,fail,fail,0,519,1365,0,2627,fail,fail,1149,103,410,0,0,0,1246,fail,fail,208,0,105,0,1254,fail
 92785,0,fail,fail,848,1904,2379,fail,fail,fail,fail,0,519,1365,0,2627,fail,fail,1149,103,410,0,0,0,1246,fail,fail,208,0,105,0,1254,fail
 92790,0,fail,fail,848,1904,2379,fail,fail,fail,fail,0,519,1365,0,2627,fail,fail,1149,103,410,0,0,0,1246,fail,fail,208,0,105,0,1254,fail
 92795,0,fail,fail,848,1904,2379,fail,fail,fail,fail,0,519,1365,0,2627,fail,fail,1149,103,410,0,0,0,1246,fail,fail,208,0,105,0,1254,fail
 92800,0,fail,fail,848,1904,2379,fail,fail,fail,fail,0,519,1365,0,2627,fail,fail,1149,103,410,0,0,0,1246,fail,fail,208,0,105,0,1254,fail
 92805,0,fail,fail,848,1904,2379,fail,fail,fail,fail,0,519,1365,0,2627,fail,fail,1149,103,410,0,0,0,1246,fail,fail,208,0,105,0,1254,fail
 92810,0,fail,fail,848,1904,2379,fail,fail,fail,fail,0,519,1365,0,2627,fail,fail,1149,103,410,0,0,0,1246,fail,fail,208,0,105,0,1254,fail
 92815,0,fail,fail,848,1904,2379,fail,fail,fail,fail,0,519,1365,0,2627,fail,fail,1149,103,410,0,0,0,1246,fail,fail,208,0,105,0,1254,fail
 92820,0,fail,fail,848,1904,2379,fail,fail,fail,fail,0,519,1365,0,2627,fail,fail,1149,103,410,0,0,0,1246,fail,fail,208,0,105,0,1254,fail
 92825,0,fail,fail,848,1904,2379,fail,fail,fail,fail,0,519,1365,0,2627,fail,fail,1149,103,410,0,0,0,1246,fail,fail,208,0,105,0,1254,fail
 92830,0,fail,fail,848,1904,2379,fail,fail,fail,fail,0,519,1365,0,2627,fail,fail,1149,103,410,0,0,0,1246,fail,fail,208,0,105,0,1254,fail
 92835,0,fail,fail,848,1904,2379,fail,fail,fail,fail,0,519,1365,0,2627,fail,fail,1149,103,410,0,0,0,1246,fail,fail,208,0,105,0,1254,fail
 92840,0,fail,fail,848,1904,2379,fail,fail,fail,fail,0,519,1365,0,2627,fail,fail,1149,103,410,0,0,0,1246,fail,fail,208,0,105,0,1254,fail
 92845,0,fail,fail,848,1904,2379,fail,fail,fail,fail,0,519,1365,0,2627,fail,fail,1149,103,410,0,0,0,1246,fail,fail,208,0,105,0,1254,fail
 92850,0,fail,fail,848,1904,2379,fail,fail,fail,fail,0,519,1365,0,2627,fail,fail,1149,103,410,0,0,0,1246,fail,fail,208,0,105,0,1254,fail
 92855,0,fail,fail,848,1904,2379,fail,fail,fail,fail,0,519,1365,0,2627,fail,fail,1149,103,410,0,0,0,1246,fail,fail,208,0,105,0,1254,fail
 92860,0,fail,fail,848,1904,2379,fail,fail,fail,fail,0,519,1365,0,2627,fail,fail,1149,103,410,0,0,0,1246,fail,fail,208,0,105,0,1254,fail
 92865,0,fail,fail,848,1904,2379,fail,fail,fail,fail,0,519,1365,0,2627,fail,fail,1149,103,410,0,0,0,1246,fail,fail,208,0,105,0,1254,fail
 92870,0,fail,fail,848,1904,2379,fail,fail,fail,fail,0,519,1365,0,2627,fail,fail,1149,103,410,0,0,0,1246,fail,fail,208,0,105,0,1254,fail
 92875,0,fail,fail,848,1904,2379,fail,fail,fail,fail,0,519,1365,0,2627,fail,fail,1149,103,410,0,0,0,1246,fail,fail,208,0,105,0,1254,fail
 92880,0,fail,fail,848,1904,2379,fail,fail,fail,fail,0,519,1365,0,2627,fail,fail,1149,103,410,0,0,0,1246,fail,fail,208,0,105,0,1254,fail
 92885,0,fail,fail,848,1904,2379,fail,fail,fail,fail,0,519,1365,0,2627,fail,fail,1149,103,410,0,0,0,1246,fail,fail,208,0,105,0,1254,fail
 92890,0,fail,fail,848,1904,2379,fail,fail,fail,fail,0,519,1365,0,2627,fail,fail,1149,103,410,0,0,0,1246,fail,fail,208,0,105,0,1254,fail
 92895,0,fail,fail,848,1904,2379,fail,fail,fail,fail,0,519,1365,0,2627,fail,fail,1149,103,410,0,0,0,1246,fail,fail,208,0,105,0,1254,fail
 92900,0,fail,fail,848,1904,2379,fail,fail,fail,fail,0,519,1365,0,2627,fail,fail,1149,103,410,0,0,0,1246,fail,fail,208,0,105,0,1254,fail
 92905,0,fail,fail,848,1904,2379,fail,fail,fail,fail,0,519,1365,0,2627,fail,fail,1149,103,410,0,0,0,1246,fail,fail,208,0,105,0,1254,fail
 92910,0,fail,fail,848,1904,2379,fail,fail,fail,fail,0,519,1365,0,2627,fail,fail,1149,103,410,0,0,0,1246,fail,fail,208,0,105,0,1254,fail
 92915,0,fail,fail,848,1904,2379,fail,fail,fail,fail,0,519,1365,0,2627,fail,fail,1149,103,410,0,0,0,1246,fail,fail,208,0,105,0,1254,fail
 92920,0,fail,fail,848,1904,2379,fail,fail,fail,fail,0,519,1365,0,2627,fail,fail,1149,103,410,0,0,0,1246,fail,fail,208,0,105,0,1254,fail
 92925,0,fail,fail,848,1904,2379,fail,fail,fail,fail,0,519,1365,0,2627,fail,fail,1149,103,410,0,0,0,1246,fail,fail,208,0,105,0,1254,fail
 92930,0,fail,fail,848,1904,2379,fail,fail,fail,fail,0,519,1365,0,2627,fail,fail,1149,103,410,0,0,0,1246,fail,fail,208,0,105,0,1254,fail
 92935,0,fail,fail,848,1904,2379,fail,fail,fail,fail,0,519,1365,0,2627,fail,fail,1149,103,410,0,0,0,1246,fail,fail,208,0,105,0,1254,fail
 92940,0,fail,fail,848,1904,2379,fail,fail,fail,fail,0,519,1365,0,2627,fail,fail,1149,103,410,0,0,0,1246,fail,fail,208,0,105,0,1254,fail
 92945,0,fail,fail,848,1904,2379,fail,fail,fail,fail,0,519,1365,0,2627,fail,fail,1149,103,410,0,0,0,1246,fail,fail,208,0,105,0,1254,fail
 92950,0,fail,fail,848,1904,2379,fail,fail,fail,fail,0,519,1365,0,2627,fail,fail,1149,103,410,0,0,0,1246,fail,fail,208,0,105,0,1254,fail
 92955,0,fail,fail,848,1904,2379,fail,fail,fail,fail,0,519,1365,0,2627,fail,fail,1149,103,410,0,0,0,1246,fail,fail,208,0,105,0,1254,fail
 92960,0,fail,fail,848,1904,2379,fail,fail,fail,fail,0,519,1365,0,2627,fail,fail,1149,103,410,0,0,0,1246,fail,fail,208,0,105,0,1254,fail
 92965,0,fail,fail,848,1904,2379,fail,fail,fail,fail,0,519,1365,0,2627,fail,fail,1149,103,410,0,0,0,1246,fail,fail,208,0,105,0,1254,fail
 92970,0,fail,fail,848,1904,2379,fail,fail,fail,fail,0,519,1365,0,2627,fail,fail,1149,103,410,0,0,0,1246,fail,fail,208,0,105,0,1254,fail
 92975,0,fail,fail,848,1904,2379,fail,fail,fail,fail,0,519,1365,0,2627,fail,fail,1149,103,410,0,0,0,1246,fail,fail,208,0,105,0,1254,fail
 92980,0,fail,fail,848,1904,2379,fail,fail,fail,fail,0,519,1365,0,2627,fail,fail,1149,103,410,0,0,0,1246,fail,fail,208,0,105,0,1254,fail
 92985,0,fail,fail,848,1904,2379,fail,fail,fail,fail,0,519,1365,0,2627,fail,fail,1149,103,410,0,0,0,1246,fail,fail,208,0,105,0,1254,fail
 92990,0,fail,fail,848,1904,2379,fail,fail,fail,fail,0,519,1365,0,2627,fail,fail,1149,103,410,0,0,0,1246,fail,fail,208,0,105,0,1254,fail
 92995,0,fail,fail,848,1904,2379,fail,fail,fail,fail,0,519,1365,0,2627,fail,fail,1149,103,410,0,0,0,1246,fail,fail,208,0,105,0,1254,fail
 93000,0,fail,fail,848,1904,2379,fail,fail,fail,fail,0,519,1365,0,2627,fail,fail,1149,103,410,0,0,0,1246,fail,fail,208,0,105,0,1254,fail
 93005,0,fail,fail,848,1904,2379,fail,fail,fail,fail,0,519,1365,0,2627,fail,fail,1149,103,410,0,0,0,1246,fail,fail,208,0,105,0,1254,fail
 93010,0,fail,fail,848,1904,2379,fail,fail,fail,fail,0,519,1365,0,2627,fail,fail,1149,103,410,0,0,0,1246,fail,fail,208,0,105,0,1254,fail
 93015,0,fail,fail,848,1904,2379,fail,fail,fail,fail,0,519,1365,0,2627,fail,fail,1149,103,410,0,0,0,1246,fail,fail,208,0,105,0,1254,fail
 93020,0,fail,fail,848,1904,2379,fail,fail,fail,fail,0,519,1365,0,2627,fail,fail,1149,103,410,0,0,0,1246,fail,fail,208,0,105,0,1254,fail
 93025,0,fail,fail,848,1904,2379,fail,fail,fail,fail,0,519,1365,0,2627,fail,fail,1149,103,410,0,0,0,1246,fail,fail,208,0,105,0,1254,fail
 93030,0,fail,fail,848,1904,2379,fail,fail,fail,fail,0,519,1365,0,2627,fail,fail,1149,103,410,0,0,0,1246,fail,fail,208,0,105,0,1254,fail
 93035,0,fail,fail,848,1904,2379,fail,fail,fail,fail,0,519,1365,0,2627,fail,fail,1149,103,410,0,0,0,1246,fail,fail,208,0,105,0,1254,fail
 93040,0,fail,fail,848,1904,2379,fail,fail,fail,fail,0,519,1365,0,2627,fail,fail,1149,103,410,0,0,0,1246,fail,fail,208,0,105,0,1254,fail
 93045,0,fail,fail,848,1904,2379,fail,fail,fail,fail,0,519,1365,0,2627,fail,fail,1149,103,410,0,0,0,1246,fail,fail,208,0,105,0,1254,fail
 93050,0,fail,fail,848,1904,2379,fail,fail,fail,fail,0,519,1365,0,2627,fail,fail,1149,103,410,0,0,0,1246,fail,fail,208,0,105,0,1254,fail
 93055,0,fail,fail,848,1904,2379,fail,fail,fail,fail,0,519,1365,0,2627,fail,fail,1149,103,410,0,0,0,1246,fail,fail,208,0,105,0,1254,fail
 93060,0,fail,fail,848,1904,2379,fail,fail,fail,fail,0,519,1365,0,2627,fail,fail,1149,103,410,0,0,0,1246,fail,fail,208,0,105,0,1254,fail
 93065,0,fail,fail,848,1904,2379,fail,fail,fail,fail,0,519,1365,0,2627,fail,fail,1149,103,410,0,0,0,1246,fail,fail,208,0,105,0,1254,fail
 93070,0,fail,fail,848,1904,2379,fail,fail,fail,fail,0,519,1365,0,2627,fail,fail,1149,103,410,0,0,0,1246,fail,fail,208,0,105,0,1254,fail
 93075,0,fail,fail,848,1904,2379,fail,fail,fail,fail,0,519,1365,0,2627,fail,fail,1149,103,410,0,0,0,1246,fail,fail,208,0,105,0,1254,fail
 93080,0,fail,fail,848,1904,2379,fail,fail,fail,fail,0,519,1365,0,2627,fail,fail,1149,103,410,0,0,0,1246,fail,fail,208,0,105,0,1254,fail
 93085,0,fail,fail,848,1904,2379,fail,fail,fail,fail,0,519,1365,0,2627,fail,fail,1149,103,410,0,0,0,1246,fail,fail,208,0,105,0,1254,fail
 93090,0,fail,fail,848,1904,2379,fail,fail,fail,fail,0,519,1365,0,2627,fail,fail,1149,103,410,0,0,0,1246,fail,fail,208,0,105,0,1254,fail
 93095,0,fail,fail,848,1904,2379,fail,fail,fail,fail,0,519,1365,0,2627,fail,fail,1149,103,410,0,0,0,1246,fail,fail,208,0,105,0,1254,fail
 93100,0,fail,fail,848,1904,2379,fail,fail,fail,fail,0,519,1365,0,2627,fail,fail,1149,103,410,0,0,0,1246,fail,fail,208,0,105,0,1254,fail
 93105,0,fail,fail,848,1904,2379,fail,fail,fail,fail,0,519,1365,0,2627,fail,fail,1149,103,410,0,0,0,1246,fail,fail,208,0,105,0,1254,fail
 93110,0,fail,fail,848,1904,2379,fail,fail,fail,fail,0,519,1365,0,2627,fail,fail,1149,103,410,0,0,0,1246,fail,fail,208,0,105,0,1254,fail
 93115,0,fail,fail,848,1904,2379,fail,fail,fail,fail,0,519,1365,0,2627,fail,fail,1149,103,410,0,0,0,1246,fail,fail,208,0,105,0,1254,fail
 93120,0,fail,fail,848,1904,2379,fail,fail,fail,fail,0,519,1365,0,2627,fail,fail,1149,103,410,0,0,0,1246,fail,fail,208,0,105,0,1254,fail
 93125,0,fail,fail,848,1904,2379,fail,fail,fail,fail,0,519,1365,0,2627,fail,fail,1149,103,410,0,0,0,1246,fail,fail,208,0,105,0,1254,fail
 93130,0,fail,fail,848,1904,2379,fail,fail,fail,fail,0,519,1365,0,2627,fail,fail,1149,103,410,0,0,0,1246,fail,fail,208,0,105,0,1254,fail
 93135,0,fail,fail,848,1904,2379,fail,fail,fail,fail,0,519,1365,0,2627,fail,fail,1149,103,410,0,0,0,1246,fail,fail,208,0,105,0,1254,fail
 93140,0,fail,fail,848,1904,2379,fail,fail,fail,fail,0,519,1365,0,2627,fail,fail,1149,103,410,0,0,0,1246,fail,fail,208,0,105,0,1254,fail
 93145,0,fail,fail,848,1904,2379,fail,fail,fail,fail,0,519,1365,0,2627,fail,fail,1149,103,410,0,0,0,1246,fail,fail,208,0,105,0,1254,fail
 93150,0,fail,fail,848,1904,2379,fail,fail,fail,fail,0,519,1365,0,2627,fail,fail,1149,103,410,0,0,0,1246,fail,fail,208,0,105,0,1254,fail
 93155,0,fail,fail,848,1904,2379,fail,fail,fail,fail,0,519,1365,0,2627,fail,fail,1149,103,410,0,0,0,1246,fail,fail,208,0,105,0,1254,fail
 93160,0,fail,fail,848,1904,2379,fail,fail,fail,fail,0,519,1365,0,2627,fail,fail,1149,103,410,0,0,0,1246,fail,fail,208,0,105,0,1254,fail
 93165,0,fail,fail,848,1904,2379,fail,fail,fail,fail,0,519,1365,0,2627,fail,fail,1149,103,410,0,0,0,1246,fail,fail,208,0,105,0,1254,fail
 93170,0,fail,fail,848,1904,2379,fail,fail,fail,fail,0,519,1365,0,2627,fail,fail,1149,103,410,0,0,0,1246,fail,fail,208,0,105,0,1254,fail
 93175,0,fail,fail,848,1904,2379,fail,fail,fail,fail,0,519,1365,0,2627,fail,fail,1149,103,410,0,0,0,1246,fail,fail,208,0,105,0,1254,fail
 93180,0,fail,fail,848,1904,2379,fail,fail,fail,fail,0,519,1365,0,2627,fail,fail,1149,103,410,0,0,0,1246,fail,fail,208,0,105,0,1254,fail
 93185,0,fail,fail,848,1904,2379,fail,fail,fail,fail,0,519,1365,0,2627,fail,fail,1149,103,410,0,0,0,1246,fail,fail,208,0,105,0,1254,fail
 93190,0,fail,fail,848,1904,2379,fail,fail,fail,fail,0,519,1365,0,2627,fail,fail,1149,103,410,0,0,0,1246,fail,fail,208,0,105,0,1254,fail
 93195,0,fail,fail,848,1904,2379,fail,fail,fail,fail,0,519,1365,0,2627,fail,fail,1149,103,410,0,0,0,1246,fail,fail,208,0,105,0,1254,fail
 93200,0,fail,fail,848,1904,2379,fail,fail,fail,fail,0,519,1365,0,2627,fail,fail,1149,103,410,0,0,0,1246,fail,fail,208,0,105,0,1254,fail
 93205,0,fail,fail,848,1904,2379,fail,fail,fail,fail,0,519,1365,0,2627,fail,fail,1149,103,410,0,0,0,1246,fail,fail,208,0,105,0,1254,fail
 93210,0,fail,fail,848,1904,2379,fail,fail,fail,fail,0,519,1365,0,2627,fail,fail,1149,103,410,0,0,0,1246,fail,fail,208,0,105,0,1254,fail
 93215,0,fail,fail,848,1904,2379,fail,fail,fail,fail,0,519,1365,0,2627,fail,fail,1149,103,410,0,0,0,1246,fail,fail,208,0,105,0,1254,fail
 93220,0,fail,fail,848,1904,2379,fail,fail,fail,fail,0,519,1365,0,2627,fail,fail,1149,103,410,0,0,0,1246,fail,fail,208,0,105,0,1254,fail
 93225,0,fail,fail,848,1904,2379,fail,fail,fail,fail,0,519,1365,0,2627,fail,fail,1149,103,410,0,0,0,1246,fail,fail,208,0,105,0,1254,fail
 93230,0,fail,fail,848,1904,2379,fail,fail,fail,fail,0,519,1365,0,2627,fail,fail,1149,103,410,0,0,0,1246,fail,fail,208,0,105,0,1254,fail
 93235,0,fail,fail,848,1904,2379,fail,fail,fail,fail,0,519,1365,0,2627,fail,fail,1149,103,410,0,0,0,1246,fail,fail,208,0,105,0,1254,fail
 93240,0,fail,fail,848,1904,2379,fail,fail,fail,fail,0,519,1365,0,2627,fail,fail,1149,103,410,0,0,0,1246,fail,fail,208,0,105,0,1254,fail
 93245,0,fail,fail,848,1904,2379,fail,fail,fail,fail,0,519,1365,0,2627,fail,fail,1149,103,410,0,0,0,1246,fail,fail,208,0,105,0,1254,fail
 93250,0,fail,fail,848,1904,2379,fail,fail,fail,fail,0,519,1365,0,2627,fail,fail,1149,103,410,0,0,0,1246,fail,fail,208,0,105,0,1254,fail
 93255,0,fail,fail,848,1904,2379,fail,fail,fail,fail,0,519,1365,0,2627,fail,fail,1149,103,410,0,0,0,1246,fail,fail,208,0,105,0,1254,fail
 93260,0,fail,fail,848,1904,2379,fail,fail,fail,fail,0,519,1365,0,2627,fail,fail,1149,103,410,0,0,0,1246,fail,fail,208,0,105,0,1254,fail
 93265,0,fail,fail,848,1904,2379,fail,fail,fail,fail,0,519,1365,0,2627,fail,fail,1149,103,410,0,0,0,1246,fail,fail,208,0,105,0,1254,fail
 93270,0,fail,fail,848,1904,2379,fail,fail,fail,fail,0,519,1365,0,2627,fail,fail,1149,103,410,0,0,0,1246,fail,fail,208,0,105,0,1254,fail
 93275,0,fail,fail,848,1904,2379,fail,fail,fail,fail,0,519,1365,0,2627,fail,fail,1149,103,410,0,0,0,1246,fail,fail,208,0,105,0,1254,fail
 93280,0,fail,fail,848,1904,2379,fail,fail,fail,fail,0,519,1365,0,2627,fail,fail,1149,103,410,0,0,0,1246,fail,fail,208,0,105,0,1254,fail
 93285,0,fail,fail,848,1904,2379,fail,fail,fail,fail,0,519,1365,0,2627,fail,fail,1149,103,410,0,0,0,1246,fail,fail,208,0,105,0,1254,fail
 93290,0,fail,fail,848,1904,2379,fail,fail,fail,fail,0,519,1365,0,2627,fail,fail,1149,103,410,0,0,0,1246,fail,fail,208,0,105,0,1254,fail
 93295,0,fail,fail,848,1904,2379,fail,fail,fail,fail,0,519,1365,0,2627,fail,fail,1149,103,410,0,0,0,1246,fail,fail,208,0,105,0,1254,fail
 93300,0,fail,fail,848,1904,2379,fail,fail,fail,fail,0,519,1365,0,2627,fail,fail,1149,103,410,0,0,0,1246,fail,fail,208,0,105,0,1254,fail
 93305,0,fail,fail,848,1904,2379,fail,fail,fail,fail,0,519,1365,0,2627,fail,fail,1149,103,410,0,0,0,1246,fail,fail,208,0,105,0,1254,fail
 93310,0,fail,fail,848,1904,2379,fail,fail,fail,fail,0,519,1365,0,2627,fail,fail,1149,103,410,0,0,0,1246,fail,fail,208,0,105,0,1254,fail
 93315,0,fail,fail,848,1904,2379,fail,fail,fail,fail,0,519,1365,0,2627,fail,fail,1149,103,410,0,0,0,1246,fail,fail,208,0,105,0,1254,fail
 93320,0,fail,fail,848,1904,2379,fail,fail,fail,fail,0,519,1365,0,2627,fail,fail,1149,103,410,0,0,0,1246,fail,fail,208,0,105,0,1254,fail
 93325,0,fail,fail,848,1904,2379,fail,fail,fail,fail,0,519,1365,0,2627,fail,fail,1149,103,410,0,0,0,1246,fail,fail,208,0,105,0,1254,fail
 93330,0,fail,fail,848,1904,2379,fail,fail,fail,fail,0,519,1365,0,2627,fail,fail,1149,103,410,0,0,0,1246,fail,fail,208,0,105,0,1254,fail
 93335,0,fail,fail,848,1904,2379,fail,fail,fail,fail,0,519,1365,0,2627,fail,fail,1149,103,410,0,0,0,1246,fail,fail,208,0,105,0,1254,fail
 93340,0,fail,fail,848,1904,2379,fail,fail,fail,fail,0,519,1365,0,2627,fail,fail,1149,103,410,0,0,0,1246,fail,fail,208,0,105,0,1254,fail
 93345,0,fail,fail,848,1904,2379,fail,fail,fail,fail,0,519,1365,0,2627,fail,fail,1149,103,410,0,0,0,1246,fail,fail,208,0,105,0,1254,fail
 93350,0,fail,fail,848,1904,2379,fail,fail,fail,fail,0,519,1365,0,2627,fail,fail,1149,103,410,0,0,0,1246,fail,fail,208,0,105,0,1254,fail
 93355,0,fail,fail,848,1904,2379,fail,fail,fail,fail,0,519,1365,0,2627,fail,fail,1149,103,410,0,0,0,1246,fail,fail,208,0,105,0,1254,fail
 93360,0,fail,fail,848,1904,2379,fail,fail,fail,fail,0,519,1365,0,2627,fail,fail,1149,103,410,0,0,0,1246,fail,fail,208,0,105,0,1254,fail
 93365,0,fail,fail,848,1904,2379,fail,fail,fail,fail,0,519,1365,0,2627,fail,fail,1149,103,410,0,0,0,1246,fail,fail,208,0,105,0,1254,fail
 93370,0,fail,fail,848,1904,2379,fail,fail,fail,fail,0,519,1365,0,2627,fail,fail,1149,103,410,0,0,0,1246,fail,fail,208,0,105,0,1254,fail
 93375,0,fail,fail,848,1904,2379,fail,fail,fail,fail,0,519,1365,0,2627,fail,fail,1149,103,410,0,0,0,1246,fail,fail,208,0,105,0,1254,fail
 93380,0,fail,fail,848,1904,2379,fail,fail,fail,fail,0,519,1365,0,2627,fail,fail,1149,103,410,0,0,0,1246,fail,fail,208,0,105,0,1254,fail
 93385,0,fail,fail,848,1904,2379,fail,fail,fail,fail,0,519,1365,0,2627,fail,fail,1149,103,410,0,0,0,1246,fail,fail,208,0,105,0,1254,fail
 93390,0,fail,fail,848,1904,2379,fail,fail,fail,fail,0,519,1365,0,2627,fail,fail,1149,103,410,0,0,0,1246,fail,fail,208,0,105,0,1254,fail
 93395,0,fail,fail,848,1904,2379,fail,fail,fail,fail,0,519,1365,0,2627,fail,fail,1149,103,410,0,0,0,1246,fail,fail,208,0,105,0,1254,fail
 93400,0,fail,fail,848,1904,2379,fail,fail,fail,fail,0,519,1365,0,2627,fail,fail,1149,103,410,0,0,0,1246,fail,fail,208,0,105,0,1254,fail
 93405,0,fail,fail,848,1904,2379,fail,fail,fail,fail,0,519,1365,0,2627,fail,fail,1149,103,410,0,0,0,1246,fail,fail,208,0,105,0,1254,fail
 93410,0,fail,fail,848,1904,2379,fail,fail,fail,fail,0,519,1365,0,2627,fail,fail,1149,103,410,0,0,0,1246,fail,fail,208,0,105,0,1254,fail
 93415,0,fail,fail,848,1904,2379,fail,fail,fail,fail,0,519,1365,0,2627,fail,fail,1149,103,410,0,0,0,1246,fail,fail,208,0,105,0,1254,fail
 93420,0,fail,fail,848,1904,2379,fail,fail,fail,fail,0,519,1365,0,2627,fail,fail,1149,103,410,0,0,0,1246,fail,fail,208,0,105,0,1254,fail
 93425,0,fail,fail,848,1904,2379,fail,fail,fail,fail,0,519,1365,0,2627,fail,fail,1149,103,410,0,0,0,1246,fail,fail,208,0,105,0,1254,fail
 93430,0,fail,fail,848,1904,2379,fail,fail,fail,fail,0,519,1365,0,2627,fail,fail,1149,103,410,0,0,0,1246,fail,fail,208,0,105,0,1254,fail
 93435,0,fail,fail,848,1904,2379,fail,fail,fail,fail,0,519,1365,0,2627,fail,fail,1149,103,410,0,0,0,1246,fail,fail,208,0,105,0,1254,fail
 93440,0,fail,fail,848,1904,2379,fail,fail,fail,fail,0,519,1365,0,2627,fail,fail,1149,103,410,0,0,0,1246,fail,fail,208,0,105,0,1254,fail
 93445,0,fail,fail,848,1904,2379,fail,fail,fail,fail,0,519,1365,0,2627,fail,fail,1149,103,410,0,0,0,1246,fail,fail,208,0,105,0,1254,fail
 93450,0,fail,fail,848,1904,2379,fail,fail,fail,fail,0,519,1365,0,2627,fail,fail,1149,103,410,0,0,0,1246,fail,fail,208,0,105,0,1254,fail
 93455,0,fail,fail,848,1904,2379,fail,fail,fail,fail,0,519,1365,0,2627,fail,fail,1149,103,410,0,0,0,1246,fail,fail,208,0,105,0,1254,fail
 93460,0,fail,fail,848,1904,2379,fail,fail,fail,fail,0,519,1365,0,2627,fail,fail,1149,103,410,0,0,0,1246,fail,fail,208,0,105,0,1254,fail
 93465,0,fail,fail,848,1904,2379,fail,fail,fail,fail,0,519,1365,0,2627,fail,fail,1149,103,410,0,0,0,1246,fail,fail,208,0,105,0,1254,fail
 93470,0,fail,fail,848,1904,2379,fail,fail,fail,fail,0,519,1365,0,2627,fail,fail,1149,103,410,0,0,0,1246,fail,fail,208,0,105,0,1254,fail
 93475,0,fail,fail,848,1904,2379,fail,fail,fail,fail,0,519,1365,0,2627,fail,fail,1149,103,410,0,0,0,1246,fail,fail,208,0,105,0,1254,fail
 93480,0,fail,fail,848,1904,2379,fail,fail,fail,fail,0,519,1365,0,2627,fail,fail,1149,103,410,0,0,0,1246,fail,fail,208,0,105,0,1254,fail
 93485,0,fail,fail,848,1904,2379,fail,fail,fail,fail,0,519,1365,0,2627,fail,fail,1149,103,410,0,0,0,1246,fail,fail,208,0,105,0,1254,fail
 93490,0,fail,fail,848,1904,2379,fail,fail,fail,fail,0,519,1365,0,2627,fail,fail,1149,103,410,0,0,0,1246,fail,fail,208,0,105,0,1254,fail
 93495,0,fail,fail,848,1904,2379,fail,fail,fail,fail,0,519,1365,0,2627,fail,fail,1149,103,410,0,0,0,1246,fail,fail,208,0,105,0,1254,fail
 93500,0,fail,fail,848,1904,2379,fail,fail,fail,fail,0,519,1365,0,2627,fail,fail,1149,103,410,0,0,0,1246,fail,fail,208,0,105,0,1254,fail
 93505,0,fail,fail,848,1904,2379,fail,fail,fail,fail,0,519,1365,0,2627,fail,fail,1149,103,410,0,0,0,1246,fail,fail,208,0,105,0,1254,fail
 93510,0,fail,fail,848,1904,2379,fail,fail,fail,fail,0,519,1365,0,2627,fail,fail,1149,103,410,0,0,0,1246,fail,fail,208,0,105,0,1254,fail
 93515,0,fail,fail,848,1904,2379,fail,fail,fail,fail,0,519,1365,0,2627,fail,fail,1149,103,410,0,0,0,1246,fail,fail,208,0,105,0,1254,fail
 93520,0,fail,fail,848,1904,2379,fail,fail,fail,fail,0,519,1365,0,2627,fail,fail,1149,103,410,0,0,0,1246,fail,fail,208,0,105,0,1254,fail
 93525,0,fail,fail,848,1904,2379,fail,fail,fail,fail,0,519,1365,0,2627,fail,fail,1149,103,410,0,0,0,1246,fail,fail,208,0,105,0,1254,fail
 93530,0,fail,fail,848,1904,2379,fail,fail,fail,fail,0,519,1365,0,2627,fail,fail,1149,103,410,0,0,0,1246,fail,fail,208,0,105,0,1254,fail
 93535,0,fail,fail,848,1904,2379,fail,fail,fail,fail,0,519,1365,0,2627,fail,fail,1149,103,410,0,0,0,1246,fail,fail,208,0,105,0,1254,fail
 93540,0,fail,fail,848,1904,2379,fail,fail,fail,fail,0,519,1365,0,2627,fail,fail,1149,103,410,0,0,0,1246,fail,fail,208,0,105,0,1254,fail
 93545,0,fail,fail,848,1904,2379,fail,fail,fail,fail,0,519,1365,0,2627,fail,fail,1149,103,410,0,0,0,1246,fail,fail,208,0,105,0,1254,fail
 93550,0,fail,fail,848,1904,2379,fail,fail,fail,fail,0,519,1365,0,2627,fail,fail,1149,103,410,0,0,0,1246,fail,fail,208,0,105,0,1254,fail
 93555,0,fail,fail,848,1904,2379,fail,fail,fail,fail,0,519,1365,0,2627,fail,fail,1149,103,410,0,0,0,1246,fail,fail,208,0,105,0,1254,fail
 93560,0,fail,fail,848,1904,2379,fail,fail,fail,fail,0,519,1365,0,2627,fail,fail,1149,103,410,0,0,0,1246,fail,fail,208,0,105,0,1254,fail
 93565,0,fail,fail,848,1904,2379,fail,fail,fail,fail,0,519,1365,0,2627,fail,fail,1149,103,410,0,0,0,1246,fail,fail,208,0,105,0,1254,fail
 93570,0,fail,fail,848,1904,2379,fail,fail,fail,fail,0,519,1365,0,2627,fail,fail,1149,103,410,0,0,0,1246,fail,fail,208,0,105,0,1254,fail
 93575,0,fail,fail,848,1904,2379,fail,fail,fail,fail,0,519,1365,0,2627,fail,fail,1149,103,410,0,0,0,1246,fail,fail,208,0,105,0,1254,fail
 93580,0,fail,fail,848,1904,2379,fail,fail,fail,fail,0,519,1365,0,2627,fail,fail,1149,103,410,0,0,0,1246,fail,fail,208,0,105,0,1254,fail
 93585,0,fail,fail,848,1904,2379,fail,fail,fail,fail,0,519,1365,0,2627,fail,fail,1149,103,410,0,0,0,1246,fail,fail,208,0,105,0,1254,fail
 93590,0,fail,fail,848,1904,2379,fail,fail,fail,fail,0,519,1365,0,2627,fail,fail,1149,103,410,0,0,0,1246,fail,fail,208,0,105,0,1254,fail
 93595,0,fail,fail,848,1904,2379,fail,fail,fail,fail,0,519,1365,0,2627,fail,fail,1149,103,410,0,0,0,1246,fail,fail,208,0,105,0,1254,fail
 93600,0,fail,fail,848,1904,2379,fail,fail,fail,fail,0,519,1365,0,2627,fail,fail,1149,103,410,0,0,0,1246,fail,fail,208,0,105,0,1254,fail
 93605,0,fail,fail,848,1904,2379,fail,fail,fail,fail,0,519,1365,0,2627,fail,fail,1149,103,410,0,0,0,1246,fail,fail,208,0,105,0,1254,fail
 93610,0,fail,fail,848,1904,2379,fail,fail,fail,fail,0,519,1365,0,2627,fail,fail,1149,103,410,0,0,0,1246,fail,fail,208,0,105,0,1254,fail
 93615,0,fail,fail,848,1904,2379,fail,fail,fail,fail,0,519,1365,0,2627,fail,fail,1149,103,410,0,0,0,1246,fail,fail,208,0,105,0,1254,fail
 93620,0,fail,fail,848,1904,2379,fail,fail,fail,fail,0,519,1365,0,2627,fail,fail,1149,103,410,0,0,0,1246,fail,fail,208,0,105,0,1254,fail
 93625,0,fail,fail,848,1904,2379,fail,fail,fail,fail,0,519,1365,0,2627,fail,fail,1149,103,410,0,0,0,1246,fail,fail,208,0,105,0,1254,fail
 93630,0,fail,fail,848,1904,2379,fail,fail,fail,fail,0,519,1365,0,2627,fail,fail,1149,103,410,0,0,0,1246,fail,fail,208,0,105,0,1254,fail
 93635,0,fail,fail,848,1904,2379,fail,fail,fail,fail,0,519,1365,0,2627,fail,fail,1149,103,410,0,0,0,1246,fail,fail,208,0,105,0,1254,fail
 93640,0,fail,fail,848,1904,2379,fail,fail,fail,fail,0,519,1365,0,2627,fail,fail,1149,103,410,0,0,0,1246,fail,fail,208,0,105,0,1254,fail
 93645,0,fail,fail,848,1904,2379,fail,fail,fail,fail,0,519,1365,0,2627,fail,fail,1149,103,410,0,0,0,1246,fail,fail,208,0,105,0,1254,fail
 93650,0,fail,fail,848,1904,2379,fail,fail,fail,fail,0,519,1365,0,2627,fail,fail,1149,103,410,0,0,0,1246,fail,fail,208,0,105,0,1254,fail
 93655,0,fail,fail,848,1904,2379,fail,fail,fail,fail,0,519,1365,0,2627,fail,fail,1149,103,410,0,0,0,1246,fail,fail,208,0,105,0,1254,fail
 93660,0,fail,fail,848,1904,2379,fail,fail,fail,fail,0,519,1365,0,2627,fail,fail,1149,103,410,0,0,0,1246,fail,fail,208,0,105,0,1254,fail
 93665,0,fail,fail,848,1904,2379,fail,fail,fail,fail,0,519,1365,0,2627,fail,fail,1149,103,410,0,0,0,1246,fail,fail,208,0,105,0,1254,fail
 93670,0,fail,fail,848,1904,2379,fail,fail,fail,fail,0,519,1365,0,2627,fail,fail,1149,103,410,0,0,0,1246,fail,fail,208,0,105,0,1254,fail
 93675,0,fail,fail,848,1904,2379,fail,fail,fail,fail,0,519,1365,0,2627,fail,fail,1149,103,410,0,0,0,1246,fail,fail,208,0,105,0,1254,fail
 93680,0,fail,fail,848,1904,2379,fail,fail,fail,fail,0,519,1365,0,2627,fail,fail,1149,103,410,0,0,0,1246,fail,fail,208,0,105,0,1254,fail
 93685,0,fail,fail,848,1904,2379,fail,fail,fail,fail,0,519,1365,0,2627,fail,fail,1149,103,410,0,0,0,1246,fail,fail,208,0,105,0,1254,fail
 93690,0,fail,fail,848,1904,2379,fail,fail,fail,fail,0,519,1365,0,2627,fail,fail,1149,103,410,0,0,0,1246,fail,fail,208,0,105,0,1254,fail
 93695,0,fail,fail,848,1904,2379,fail,fail,fail,fail,0,519,1365,0,2627,fail,fail,1149,103,410,0,0,0,1246,fail,fail,208,0,105,0,1254,fail
 93700,0,fail,fail,848,1904,2379,fail,fail,fail,fail,0,519,1365,0,2627,fail,fail,1149,103,410,0,0,0,1246,fail,fail,208,0,105,0,1254,fail
 93705,0,fail,fail,848,1904,2379,fail,fail,fail,fail,0,519,1365,0,2627,fail,fail,1149,103,410,0,0,0,1246,fail,fail,208,0,105,0,1254,fail
 93710,0,fail,fail,848,1904,2379,fail,fail,fail,fail,0,519,1365,0,2627,fail,fail,1149,103,410,0,0,0,1246,fail,fail,208,0,105,0,1254,fail
 93715,0,fail,fail,848,1904,2379,fail,fail,fail,fail,0,519,1365,0,2627,fail,fail,1149,103,410,0,0,0,1246,fail,fail,208,0,105,0,1254,fail
 93720,0,fail,fail,848,1904,2379,fail,fail,fail,fail,0,519,1365,0,2627,fail,fail,1149,103,410,0,0,0,1246,fail,fail,208,0,105,0,1254,fail
 93725,0,fail,fail,848,1904,2379,fail,fail,fail,fail,0,519,1365,0,2627,fail,fail,1149,103,410,0,0,0,1246,fail,fail,208,0,105,0,1254,fail
 93730,0,fail,fail,848,1904,2379,fail,fail,fail,fail,0,519,1365,0,2627,fail,fail,1149,103,410,0,0,0,1246,fail,fail,208,0,105,0,1254,fail
 93735,0,fail,fail,848,1904,2379,fail,fail,fail,fail,0,519,1365,0,2627,fail,fail,1149,103,410,0,0,0,1246,fail,fail,208,0,105,0,1254,fail
 93740,0,fail,fail,848,1904,2379,fail,fail,fail,fail,0,519,1365,0,2627,fail,fail,1149,103,410,0,0,0,1246,fail,fail,208,0,105,0,1254,fail
 93745,0,fail,fail,848,1904,2379,fail,fail,fail,fail,0,519,1365,0,2627,fail,fail,1149,103,410,0,0,0,1246,fail,fail,208,0,105,0,1254,fail
 93750,0,fail,fail,848,1904,2379,fail,fail,fail,fail,0,519,1365,0,2627,fail,fail,1149,103,410,0,0,0,1246,fail,fail,208,0,105,0,1254,fail
 93755,0,fail,fail,848,1904,2379,fail,fail,fail,fail,0,519,1365,0,2627,fail,fail,1149,103,410,0,0,0,1246,fail,fail,208,0,105,0,1254,fail
 93760,0,fail,fail,848,1904,2379,fail,fail,fail,fail,0,519,1365,0,2627,fail,fail,1149,103,410,0,0,0,1246,fail,fail,208,0,105,0,1254,fail
 93765,0,fail,fail,848,1904,2379,fail,fail,fail,fail,0,519,1365,0,2627,fail,fail,1149,103,410,0,0,0,1246,fail,fail,208,0,105,0,1254,fail
 93770,0,fail,fail,848,1904,2379,fail,fail,fail,fail,0,519,1365,0,2627,fail,fail,1149,103,410,0,0,0,1246,fail,fail,208,0,105,0,1254,fail
 93775,0,fail,fail,848,1904,2379,fail,fail,fail,fail,0,519,1365,0,2627,fail,fail,1149,103,410,0,0,0,1246,fail,fail,208,0,105,0,1254,fail
 93780,0,fail,fail,848,1904,2379,fail,fail,fail,fail,0,519,1365,0,2627,fail,fail,1149,103,410,0,0,0,1246,fail,fail,208,0,105,0,1254,fail
 93785,0,fail,fail,848,1904,2379,fail,fail,fail,fail,0,519,1365,0,2627,fail,fail,1149,103,410,0,0,0,1246,fail,fail,208,0,105,0,1254,fail
 93790,0,fail,fail,848,1904,2379,fail,fail,fail,fail,0,519,1365,0,2627,fail,fail,1149,103,410,0,0,0,1246,fail,fail,208,0,105,0,1254,fail
 93795,0,fail,fail,848,1904,2379,fail,fail,fail,fail,0,519,1365,0,2627,fail,fail,1149,103,410,0,0,0,1246,fail,fail,208,0,105,0,1254,fail
 93800,0,fail,fail,848,1904,2379,fail,fail,fail,fail,0,519,1365,0,2627,fail,fail,1149,103,410,0,0,0,1246,fail,fail,208,0,105,0,1254,fail
 93805,0,fail,fail,848,1904,2379,fail,fail,fail,fail,0,519,1365,0,2627,fail,fail,1149,103,410,0,0,0,1246,fail,fail,208,0,105,0,1254,fail
 93810,0,fail,fail,848,1904,2379,fail,fail,fail,fail,0,519,1365,0,2627,fail,fail,1149,103,410,0,0,0,1246,fail,fail,208,0,105,0,1254,fail
 93815,0,fail,fail,848,1904,2379,fail,fail,fail,fail,0,519,1365,0,2627,fail,fail,1149,103,410,0,0,0,1246,fail,fail,208,0,105,0,1254,fail
 93820,0,fail,fail,848,1904,2379,fail,fail,fail,fail,0,519,1365,0,2627,fail,fail,1149,103,410,0,0,0,1246,fail,fail,208,0,105,0,1254,fail
 93825,0,fail,fail,848,1904,2379,fail,fail,fail,fail,0,519,1365,0,2627,fail,fail,1149,103,410,0,0,0,1246,fail,fail,208,0,105,0,1254,fail
 93830,0,fail,fail,848,1904,2379,fail,fail,fail,fail,0,519,1365,0,2627,fail,fail,1149,103,410,0,0,0,1246,fail,fail,208,0,105,0,1254,fail
 93835,0,fail,fail,848,1904,2379,fail,fail,fail,fail,0,519,1365,0,2627,fail,fail,1149,103,410,0,0,0,1246,fail,fail,208,0,105,0,1254,fail
 93840,0,fail,fail,848,1904,2379,fail,fail,fail,fail,0,519,1365,0,2627,fail,fail,1149,103,410,0,0,0,1246,fail,fail,208,0,105,0,1254,fail
 93845,0,fail,fail,848,1904,2379,fail,fail,fail,fail,0,519,1365,0,2627,fail,fail,1149,103,410,0,0,0,1246,fail,fail,208,0,105,0,1254,fail
 93850,0,fail,fail,848,1904,2379,fail,fail,fail,fail,0,519,1365,0,2627,fail,fail,1149,103,410,0,0,0,1246,fail,fail,208,0,105,0,1254,fail
 93855,0,fail,fail,848,1904,2379,fail,fail,fail,fail,0,519,1365,0,2627,fail,fail,1149,103,410,0,0,0,1246,fail,fail,208,0,105,0,1254,fail
 93860,0,fail,fail,848,1904,2379,fail,fail,fail,fail,0,519,1365,0,2627,fail,fail,1149,103,410,0,0,0,1246,fail,fail,208,0,105,0,1254,fail
 93865,0,fail,fail,848,1904,2379,fail,fail,fail,fail,0,519,1365,0,2627,fail,fail,1149,103,410,0,0,0,1246,fail,fail,208,0,105,0,1254,fail
 93870,0,fail,fail,848,1904,2379,fail,fail,fail,fail,0,519,1365,0,2627,fail,fail,1149,103,410,0,0,0,1246,fail,fail,208,0,105,0,1254,fail
 93875,0,fail,fail,848,1904,2379,fail,fail,fail,fail,0,519,1365,0,2627,fail,fail,1149,103,410,0,0,0,1246,fail,fail,208,0,105,0,1254,fail
 93880,0,fail,fail,848,1904,2379,fail,fail,fail,fail,0,519,1365,0,2627,fail,fail,1149,103,410,0,0,0,1246,fail,fail,208,0,105,0,1254,fail
 93885,0,fail,fail,848,1904,2379,fail,fail,fail,fail,0,519,1365,0,2627,fail,fail,1149,103,410,0,0,0,1246,fail,fail,208,0,105,0,1254,fail
 93890,0,fail,fail,848,1904,2379,fail,fail,fail,fail,0,519,1365,0,2627,fail,fail,1149,103,410,0,0,0,1246,fail,fail,208,0,105,0,1254,fail
 93895,0,fail,fail,848,1904,2379,fail,fail,fail,fail,0,519,1365,0,2627,fail,fail,1149,103,410,0,0,0,1246,fail,fail,208,0,105,0,1254,fail
 93900,0,fail,fail,848,1904,2379,fail,fail,fail,fail,0,519,1365,0,2627,fail,fail,1149,103,410,0,0,0,1246,fail,fail,208,0,105,0,1254,fail
 93905,0,fail,fail,848,1904,2379,fail,fail,fail,fail,0,519,1365,0,2627,fail,fail,1149,103,410,0,0,0,1246,fail,fail,208,0,105,0,1254,fail
 93910,0,fail,fail,848,1904,2379,fail,fail,fail,fail,0,519,1365,0,2627,fail,fail,1149,103,410,0,0,0,1246,fail,fail,208,0,105,0,1254,fail
 93915,0,fail,fail,848,1904,2379,fail,fail,fail,fail,0,519,1365,0,2627,fail,fail,1149,103,410,0,0,0,1246,fail,fail,208,0,105,0,1254,fail
 93920,0,fail,fail,848,1904,2379,fail,fail,fail,fail,0,519,1365,0,2627,fail,fail,1149,103,410,0,0,0,1246,fail,fail,208,0,105,0,1254,fail
 93925,0,fail,fail,848,1904,2379,fail,fail,fail,fail,0,519,1365,0,2627,fail,fail,1149,103,410,0,0,0,1246,fail,fail,208,0,105,0,1254,fail
 93930,0,fail,fail,848,1904,2379,fail,fail,fail,fail,0,519,1365,0,2627,fail,fail,1149,103,410,0,0,0,1246,fail,fail,208,0,105,0,1254,fail
 93935,0,fail,fail,848,1904,2379,fail,fail,fail,fail,0,519,1365,0,2627,fail,fail,1149,103,410,0,0,0,1246,fail,fail,208,0,105,0,1254,fail
 93940,0,fail,fail,848,1904,2379,fail,fail,fail,fail,0,519,1365,0,2627,fail,fail,1149,103,410,0,0,0,1246,fail,fail,208,0,105,0,1254,fail
 93945,0,fail,fail,848,1904,2379,fail,fail,fail,fail,0,519,1365,0,2627,fail,fail,1149,103,410,0,0,0,1246,fail,fail,208,0,105,0,1254,fail
 93950,0,fail,fail,848,1904,2379,fail,fail,fail,fail,0,519,1365,0,2627,fail,fail,1149,103,410,0,0,0,1246,fail,fail,208,0,105,0,1254,fail
 93955,0,fail,fail,848,1904,2379,fail,fail,fail,fail,0,519,1365,0,2627,fail,fail,1149,103,410,0,0,0,1246,fail,fail,208,0,105,0,1254,fail
 93960,0,fail,fail,848,1904,2379,fail,fail,fail,fail,0,519,1365,0,2627,fail,fail,1149,103,410,0,0,0,1246,fail,fail,208,0,105,0,1254,fail
 93965,0,fail,fail,848,1904,2379,fail,fail,fail,fail,0,519,1365,0,2627,fail,fail,1149,103,410,0,0,0,1246,fail,fail,208,0,105,0,1254,fail
 93970,0,fail,fail,848,1904,2379,fail,fail,fail,fail,0,519,1365,0,2627,fail,fail,1149,103,410,0,0,0,1246,fail,fail,208,0,105,0,1254,fail
 93975,0,fail,fail,848,1904,2379,fail,fail,fail,fail,0,519,1365,0,2627,fail,fail,1149,103,410,0,0,0,1246,fail,fail,208,0,105,0,1254,fail
 93980,0,fail,fail,848,1904,2379,fail,fail,fail,fail,0,519,1365,0,2627,fail,fail,1149,103,410,0,0,0,1246,fail,fail,208,0,105,0,1254,fail
 93985,0,fail,fail,848,1904,2379,fail,fail,fail,fail,0,519,1365,0,2627,fail,fail,1149,103,410,0,0,0,1246,fail,fail,208,0,105,0,1254,fail
 93990,0,fail,fail,848,1904,2379,fail,fail,fail,fail,0,519,1365,0,2627,fail,fail,1149,103,410,0,0,0,1246,fail,fail,208,0,105,0,1254,fail
 93995,0,fail,fail,848,1904,2379,fail,fail,fail,fail,0,519,1365,0,2627,fail,fail,1149,103,410,0,0,0,1246,fail,fail,208,0,105,0,1254,fail
 94000,0,fail,fail,848,1904,2379,fail,fail,fail,fail,0,519,1365,0,2627,fail,fail,1149,103,410,0,0,0,1246,fail,fail,208,0,105,0,1254,fail
 94005,0,fail,fail,848,1904,2379,fail,fail,fail,fail,0,519,1365,0,2627,fail,fail,1149,103,410,0,0,0,1246,fail,fail,208,0,105,0,1254,fail
 94010,0,fail,fail,848,1904,2379,fail,fail,fail,fail,0,519,1365,0,2627,fail,fail,1149,103,410,0,0,0,1246,fail,fail,208,0,105,0,1254,fail
 94015,0,fail,fail,848,1904,2379,fail,fail,fail,fail,0,519,1365,0,2627,fail,fail,1149,103,410,0,0,0,1246,fail,fail,208,0,105,0,1254,fail
 94020,0,fail,fail,848,1904,2379,fail,fail,fail,fail,0,519,1365,0,2627,fail,fail,1149,103,410,0,0,0,1246,fail,fail,208,0,105,0,1254,fail
 94025,0,fail,fail,848,1904,2379,fail,fail,fail,fail,0,519,1365,0,2627,fail,fail,1149,103,410,0,0,0,1246,fail,fail,208,0,105,0,1254,fail
 94030,0,fail,fail,848,1904,2379,fail,fail,fail,fail,0,519,1365,0,2627,fail,fail,1149,103,410,0,0,0,1246,fail,fail,208,0,105,0,1254,fail
 94035,0,fail,fail,848,1904,2379,fail,fail,fail,fail,0,519,1365,0,2627,fail,fail,1149,103,410,0,0,0,1246,fail,fail,208,0,105,0,1254,fail
 94040,0,fail,fail,848,1904,2379,fail,fail,fail,fail,0,519,1365,0,2627,fail,fail,1149,103,410,0,0,0,1246,fail,fail,208,0,105,0,1254,fail
 94045,0,fail,fail,848,1904,2379,fail,fail,fail,fail,0,519,1365,0,2627,fail,fail,1149,103,410,0,0,0,1246,fail,fail,208,0,105,0,1254,fail
 94050,0,fail,fail,848,1904,2379,fail,fail,fail,fail,0,519,1365,0,2627,fail,fail,1149,103,410,0,0,0,1246,fail,fail,208,0,105,0,1254,fail
 94055,0,fail,fail,848,1904,2379,fail,fail,fail,fail,0,519,1365,0,2627,fail,fail,1149,103,410,0,0,0,1246,fail,fail,208,0,105,0,1254,fail
 94060,0,fail,fail,848,1904,2379,fail,fail,fail,fail,0,519,1365,0,2627,fail,fail,1149,103,410,0,0,0,1246,fail,fail,208,0,105,0,1254,fail
 94065,0,fail,fail,848,1904,2379,fail,fail,fail,fail,0,519,1365,0,2627,fail,fail,1149,103,410,0,0,0,1246,fail,fail,208,0,105,0,1254,fail
 94070,0,fail,fail,848,1904,2379,fail,fail,fail,fail,0,519,1365,0,2627,fail,fail,1149,103,410,0,0,0,1246,fail,fail,208,0,105,0,1254,fail
 94075,0,fail,fail,848,1904,2379,fail,fail,fail,fail,0,519,1365,0,2627,fail,fail,1149,103,410,0,0,0,1246,fail,fail,208,0,105,0,1254,fail
 94080,0,fail,fail,848,1904,2379,fail,fail,fail,fail,0,519,1365,0,2627,fail,fail,1149,103,410,0,0,0,1246,fail,fail,208,0,105,0,1254,fail
 94085,0,fail,fail,848,1904,2379,fail,fail,fail,fail,0,519,1365,0,2627,fail,fail,1149,103,410,0,0,0,1246,fail,fail,208,0,105,0,1254,fail
 94090,0,fail,fail,848,1904,2379,fail,fail,fail,fail,0,519,1365,0,2627,fail,fail,1149,103,410,0,0,0,1246,fail,fail,208,0,105,0,1254,fail
 94095,0,fail,fail,848,1904,2379,fail,fail,fail,fail,0,519,1365,0,2627,fail,fail,1149,103,410,0,0,0,1246,fail,fail,208,0,105,0,1254,fail
 94100,0,fail,fail,848,1904,2379,fail,fail,fail,fail,0,519,1365,0,2627,fail,fail,1149,103,410,0,0,0,1246,fail,fail,208,0,105,0,1254,fail
 94105,0,fail,fail,848,1904,2379,fail,fail,fail,fail,0,519,1365,0,2627,fail,fail,1149,103,410,0,0,0,1246,fail,fail,208,0,105,0,1254,fail
 94110,0,fail,fail,848,1904,2379,fail,fail,fail,fail,0,519,1365,0,2627,fail,fail,1149,103,410,0,0,0,1246,fail,fail,208,0,105,0,1254,fail
 94115,0,fail,fail,848,1904,2379,fail,fail,fail,fail,0,519,1365,0,2627,fail,fail,1149,103,410,0,0,0,1246,fail,fail,208,0,105,0,1254,fail
 94120,0,fail,fail,848,1904,2379,fail,fail,fail,fail,0,519,1365,0,2627,fail,fail,1149,103,410,0,0,0,1246,fail,fail,208,0,105,0,1254,fail
 94125,0,fail,fail,848,1904,2379,fail,fail,fail,fail,0,519,1365,0,2627,fail,fail,1149,103,410,0,0,0,1246,fail,fail,208,0,105,0,1254,fail
 94130,0,fail,fail,848,1904,2379,fail,fail,fail,fail,0,519,1365,0,2627,fail,fail,1149,103,410,0,0,0,1246,fail,fail,208,0,105,0,1254,fail
 94135,0,fail,fail,848,1904,2379,fail,fail,fail,fail,0,519,1365,0,2627,fail,fail,1149,103,410,0,0,0,1246,fail,fail,208,0,105,0,1254,fail
 94140,0,fail,fail,848,1904,2379,fail,fail,fail,fail,0,519,1365,0,2627,fail,fail,1149,103,410,0,0,0,1246,fail,fail,208,0,105,0,1254,fail
 94145,0,fail,fail,848,1904,2379,fail,fail,fail,fail,0,519,1365,0,2627,fail,fail,1149,103,410,0,0,0,1246,fail,fail,208,0,105,0,1254,fail
 94150,0,fail,fail,848,1904,2379,fail,fail,fail,fail,0,519,1365,0,2627,fail,fail,1149,103,410,0,0,0,1246,fail,fail,208,0,105,0,1254,fail
 94155,0,fail,fail,848,1904,2379,fail,fail,fail,fail,0,519,1365,0,2627,fail,fail,1149,103,410,0,0,0,1246,fail,fail,208,0,105,0,1254,fail
 94160,0,fail,fail,848,1904,2379,fail,fail,fail,fail,0,519,1365,0,2627,fail,fail,1149,103,410,0,0,0,1246,fail,fail,208,0,105,0,1254,fail
 94165,0,fail,fail,848,1904,2379,fail,fail,fail,fail,0,519,1365,0,2627,fail,fail,1149,103,410,0,0,0,1246,fail,fail,208,0,105,0,1254,fail
 94170,0,fail,fail,848,1904,2379,fail,fail,fail,fail,0,519,1365,0,2627,fail,fail,1149,103,410,0,0,0,1246,fail,fail,208,0,105,0,1254,fail
 94175,0,fail,fail,848,1904,2379,fail,fail,fail,fail,0,519,1365,0,2627,fail,fail,1149,103,410,0,0,0,1246,fail,fail,208,0,105,0,1254,fail
 94180,0,fail,fail,848,1904,2379,fail,fail,fail,fail,0,519,1365,0,2627,fail,fail,1149,103,410,0,0,0,1246,fail,fail,208,0,105,0,1254,fail
 94185,0,fail,fail,848,1904,2379,fail,fail,fail,fail,0,519,1365,0,2627,fail,fail,1149,103,410,0,0,0,1246,fail,fail,208,0,105,0,1254,fail
 94190,0,fail,fail,848,1904,2379,fail,fail,fail,fail,0,519,1365,0,2627,fail,fail,1149,103,410,0,0,0,1246,fail,fail,208,0,105,0,1254,fail
 94195,0,fail,fail,848,1904,2379,fail,fail,fail,fail,0,519,1365,0,2627,fail,fail,1149,103,410,0,0,0,1246,fail,fail,208,0,105,0,1254,fail
 94200,0,fail,fail,848,1904,2379,fail,fail,fail,fail,0,519,1365,0,2627,fail,fail,1149,103,410,0,0,0,1246,fail,fail,208,0,105,0,1254,fail
 94205,0,fail,fail,848,1904,2379,fail,fail,fail,fail,0,519,1365,0,2627,fail,fail,1149,103,410,0,0,0,1246,fail,fail,208,0,105,0,1254,fail
 94210,0,fail,fail,848,1904,2379,fail,fail,fail,fail,0,519,1365,0,2627,fail,fail,1149,103,410,0,0,0,1246,fail,fail,208,0,105,0,1254,fail
 94215,0,fail,fail,848,1904,2379,fail,fail,fail,fail,0,519,1365,0,2627,fail,fail,1149,103,410,0,0,0,1246,fail,fail,208,0,105,0,1254,fail
 94220,0,fail,fail,848,1904,2379,fail,fail,fail,fail,0,519,1365,0,2627,fail,fail,1149,103,410,0,0,0,1246,fail,fail,208,0,105,0,1254,fail
 94225,0,fail,fail,848,1904,2379,fail,fail,fail,fail,0,519,1365,0,2627,fail,fail,1149,103,410,0,0,0,1246,fail,fail,208,0,105,0,1254,fail
 94230,0,fail,fail,848,1904,2379,fail,fail,fail,fail,0,519,1365,0,2627,fail,fail,1149,103,410,0,0,0,1246,fail,fail,208,0,105,0,1254,fail
 94235,0,fail,fail,848,1904,2379,fail,fail,fail,fail,0,519,1365,0,2627,fail,fail,1149,103,410,0,0,0,1246,fail,fail,208,0,105,0,1254,fail
 94240,0,fail,fail,848,1904,2379,fail,fail,fail,fail,0,519,1365,0,2627,fail,fail,1149,103,410,0,0,0,1246,fail,fail,208,0,105,0,1254,fail
 94245,0,fail,fail,848,1904,2379,fail,fail,fail,fail,0,519,1365,0,2627,fail,fail,1149,103,410,0,0,0,1246,fail,fail,208,0,105,0,1254,fail
 94250,0,fail,fail,848,1904,2379,fail,fail,fail,fail,0,519,1365,0,2627,fail,fail,1149,103,410,0,0,0,1246,fail,fail,208,0,105,0,1254,fail
 94255,0,fail,fail,848,1904,2379,fail,fail,fail,fail,0,519,1365,0,2627,fail,fail,1149,103,410,0,0,0,1246,fail,fail,208,0,105,0,1254,fail
 94260,0,fail,fail,848,1904,2379,fail,fail,fail,fail,0,519,1365,0,2627,fail,fail,1149,103,410,0,0,0,1246,fail,fail,208,0,105,0,1254,fail
 94265,0,fail,fail,848,1904,2379,fail,fail,fail,fail,0,519,1365,0,2627,fail,fail,1149,103,410,0,0,0,1246,fail,fail,208,0,105,0,1254,fail
 94270,0,fail,fail,848,1904,2379,fail,fail,fail,fail,0,519,1365,0,2627,fail,fail,1149,103,410,0,0,0,1246,fail,fail,208,0,105,0,1254,fail
 94275,0,fail,fail,848,1904,2379,fail,fail,fail,fail,0,519,1365,0,2627,fail,fail,1149,103,410,0,0,0,1246,fail,fail,208,0,105,0,1254,fail
 94280,0,fail,fail,848,1904,2379,fail,fail,fail,fail,0,519,1365,0,2627,fail,fail,1149,103,410,0,0,0,1246,fail,fail,208,0,105,0,1254,fail
 94285,0,fail,fail,848,1904,2379,fail,fail,fail,fail,0,519,1365,0,2627,fail,fail,1149,103,410,0,0,0,1246,fail,fail,208,0,105,0,1254,fail
 94290,0,fail,fail,848,1904,2379,fail,fail,fail,fail,0,519,1365,0,2627,fail,fail,1149,103,410,0,0,0,1246,fail,fail,208,0,105,0,1254,fail
 94295,0,fail,fail,848,1904,2379,fail,fail,fail,fail,0,519,1365,0,2627,fail,fail,1149,103,410,0,0,0,1246,fail,fail,208,0,105,0,1254,fail
 94300,0,fail,fail,848,1904,2379,fail,fail,fail,fail,0,519,1365,0,2627,fail,fail,1149,103,410,0,0,0,1246,fail,fail,208,0,105,0,1254,fail
 94305,0,fail,fail,848,1904,2379,fail,fail,fail,fail,0,519,1365,0,2627,fail,fail,1149,103,410,0,0,0,1246,fail,fail,208,0,105,0,1254,fail
 94310,0,fail,fail,848,1904,2379,fail,fail,fail,fail,0,519,1365,0,2627,fail,fail,1149,103,410,0,0,0,1246,fail,fail,208,0,105,0,1254,fail
 94315,0,fail,fail,848,1904,2379,fail,fail,fail,fail,0,519,1365,0,2627,fail,fail,1149,103,410,0,0,0,1246,fail,fail,208,0,105,0,1254,fail
 94320,0,fail,fail,848,1904,2379,fail,fail,fail,fail,0,519,1365,0,2627,fail,fail,1149,103,410,0,0,0,1246,fail,fail,208,0,105,0,1254,fail
 94325,0,fail,fail,848,1904,2379,fail,fail,fail,fail,0,519,1365,0,2627,fail,fail,1149,103,410,0,0,0,1246,fail,fail,208,0,105,0,1254,fail
 94330,0,fail,fail,848,1904,2379,fail,fail,fail,fail,0,519,1365,0,2627,fail,fail,1149,103,410,0,0,0,1246,fail,fail,208,0,105,0,1254,fail
 94335,0,fail,fail,848,1904,2379,fail,fail,fail,fail,0,519,1365,0,2627,fail,fail,1149,103,410,0,0,0,1246,fail,fail,208,0,105,0,1254,fail
 94340,0,fail,fail,848,1904,2379,fail,fail,fail,fail,0,519,1365,0,2627,fail,fail,1149,103,410,0,0,0,1246,fail,fail,208,0,105,0,1254,fail
 94345,0,fail,fail,848,1904,2379,fail,fail,fail,fail,0,519,1365,0,2627,fail,fail,1149,103,410,0,0,0,1246,fail,fail,208,0,105,0,1254,fail
 94350,0,fail,fail,848,1904,2379,fail,fail,fail,fail,0,519,1365,0,2627,fail,fail,1149,103,410,0,0,0,1246,fail,fail,208,0,105,0,1254,fail
 94355,0,fail,fail,848,1904,2379,fail,fail,fail,fail,0,519,1365,0,2627,fail,fail,1149,103,410,0,0,0,1246,fail,fail,208,0,105,0,1254,fail
 94360,0,fail,fail,848,1904,2379,fail,fail,fail,fail,0,519,1365,0,2627,fail,fail,1149,103,410,0,0,0,1246,fail,fail,208,0,105,0,1254,fail
 94365,0,fail,fail,848,1904,2379,fail,fail,fail,fail,0,519,1365,0,2627,fail,fail,1149,103,410,0,0,0,1246,fail,fail,208,0,105,0,1254,fail
 94370,0,fail,fail,848,1904,2379,fail,fail,fail,fail,0,519,1365,0,2627,fail,fail,1149,103,410,0,0,0,1246,fail,fail,208,0,105,0,1254,fail
 94375,0,fail,fail,848,1904,2379,fail,fail,fail,fail,0,519,1365,0,2627,fail,fail,1149,103,410,0,0,0,1246,fail,fail,208,0,105,0,1254,fail
 94380,0,fail,fail,848,1904,2379,fail,fail,fail,fail,0,519,1365,0,2627,fail,fail,1149,103,410,0,0,0,1246,fail,fail,208,0,105,0,1254,fail
 94385,0,fail,fail,848,1904,2379,fail,fail,fail,fail,0,519,1365,0,2627,fail,fail,1149,103,410,0,0,0,1246,fail,fail,208,0,105,0,1254,fail
 94390,0,fail,fail,848,1904,2379,fail,fail,fail,fail,0,519,1365,0,2627,fail,fail,1149,103,410,0,0,0,1246,fail,fail,208,0,105,0,1254,fail
 94395,0,fail,fail,848,1904,2379,fail,fail,fail,fail,0,519,1365,0,2627,fail,fail,1149,103,410,0,0,0,1246,fail,fail,208,0,105,0,1254,fail
 94400,0,fail,fail,848,1904,2379,fail,fail,fail,fail,0,519,1365,0,2627,fail,fail,1149,103,410,0,0,0,1246,fail,fail,208,0,105,0,1254,fail
 94405,0,fail,fail,848,1904,2379,fail,fail,fail,fail,0,519,1365,0,2627,fail,fail,1149,103,410,0,0,0,1246,fail,fail,208,0,105,0,1254,fail
 94410,0,fail,fail,848,1904,2379,fail,fail,fail,fail,0,519,1365,0,2627,fail,fail,1149,103,410,0,0,0,1246,fail,fail,208,0,105,0,1254,fail
 94415,0,fail,fail,848,1904,2379,fail,fail,fail,fail,0,519,1365,0,2627,fail,fail,1149,103,410,0,0,0,1246,fail,fail,208,0,105,0,1254,fail
 94420,0,fail,fail,848,1904,2379,fail,fail,fail,fail,0,519,1365,0,2627,fail,fail,1149,103,410,0,0,0,1246,fail,fail,208,0,105,0,1254,fail
 94425,0,fail,fail,848,1904,2379,fail,fail,fail,fail,0,519,1365,0,2627,fail,fail,1149,103,410,0,0,0,1246,fail,fail,208,0,105,0,1254,fail
 94430,0,fail,fail,848,1904,2379,fail,fail,fail,fail,0,519,1365,0,2627,fail,fail,1149,103,410,0,0,0,1246,fail,fail,208,0,105,0,1254,fail
 94435,0,fail,fail,848,1904,2379,fail,fail,fail,fail,0,519,1365,0,2627,fail,fail,1149,103,410,0,0,0,1246,fail,fail,208,0,105,0,1254,fail
 94440,0,fail,fail,848,1904,2379,fail,fail,fail,fail,0,519,1365,0,2627,fail,fail,1149,103,410,0,0,0,1246,fail,fail,208,0,105,0,1254,fail
 94445,0,fail,fail,848,1904,2379,fail,fail,fail,fail,0,519,1365,0,2627,fail,fail,1149,103,410,0,0,0,1246,fail,fail,208,0,105,0,1254,fail
 94450,0,fail,fail,848,1904,2379,fail,fail,fail,fail,0,519,1365,0,2627,fail,fail,1149,103,410,0,0,0,1246,fail,fail,208,0,105,0,1254,fail
 94455,0,fail,fail,848,1904,2379,fail,fail,fail,fail,0,519,1365,0,2627,fail,fail,1149,103,410,0,0,0,1246,fail,fail,208,0,105,0,1254,fail
 94460,0,fail,fail,848,1904,2379,fail,fail,fail,fail,0,519,1365,0,2627,fail,fail,1149,103,410,0,0,0,1246,fail,fail,208,0,105,0,1254,fail
 94465,0,fail,fail,848,1904,2379,fail,fail,fail,fail,0,519,1365,0,2627,fail,fail,1149,103,410,0,0,0,1246,fail,fail,208,0,105,0,1254,fail
 94470,0,fail,fail,848,1904,2379,fail,fail,fail,fail,0,519,1365,0,2627,fail,fail,1149,103,410,0,0,0,1246,fail,fail,208,0,105,0,1254,fail
 94475,0,fail,fail,848,1904,2379,fail,fail,fail,fail,0,519,1365,0,2627,fail,fail,1149,103,410,0,0,0,1246,fail,fail,208,0,105,0,1254,fail
 94480,0,fail,fail,848,1904,2379,fail,fail,fail,fail,0,519,1365,0,2627,fail,fail,1149,103,410,0,0,0,1246,fail,fail,208,0,105,0,1254,fail
 94485,0,fail,fail,848,1904,2379,fail,fail,fail,fail,0,519,1365,0,2627,fail,fail,1149,103,410,0,0,0,1246,fail,fail,208,0,105,0,1254,fail
 94490,0,fail,fail,848,1904,2379,fail,fail,fail,fail,0,519,1365,0,2627,fail,fail,1149,103,410,0,0,0,1246,fail,fail,208,0,105,0,1254,fail
 94495,0,fail,fail,848,1904,2379,fail,fail,fail,fail,0,519,1365,0,2627,fail,fail,1149,103,410,0,0,0,1246,fail,fail,208,0,105,0,1254,fail
 94500,0,fail,fail,848,1904,2379,fail,fail,fail,fail,0,519,1365,0,2627,fail,fail,1149,103,410,0,0,0,1246,fail,fail,208,0,105,0,1254,fail
 94505,0,fail,fail,848,1904,2379,fail,fail,fail,fail,0,519,1365,0,2627,fail,fail,1149,103,410,0,0,0,1246,fail,fail,208,0,105,0,1254,fail
 94510,0,fail,fail,848,1904,2379,fail,fail,fail,fail,0,519,1365,0,2627,fail,fail,1149,103,410,0,0,0,1246,fail,fail,208,0,105,0,1254,fail
 94515,0,fail,fail,848,1904,2379,fail,fail,fail,fail,0,519,1365,0,2627,fail,fail,1149,103,410,0,0,0,1246,fail,fail,208,0,105,0,1254,fail
 94520,0,fail,fail,848,1904,2379,fail,fail,fail,fail,0,519,1365,0,2627,fail,fail,1149,103,410,0,0,0,1246,fail,fail,208,0,105,0,1254,fail
 94525,0,fail,fail,848,1904,2379,fail,fail,fail,fail,0,519,1365,0,2627,fail,fail,1149,103,410,0,0,0,1246,fail,fail,208,0,105,0,1254,fail
 94530,0,fail,fail,848,1904,2379,fail,fail,fail,fail,0,519,1365,0,2627,fail,fail,1149,103,410,0,0,0,1246,fail,fail,208,0,105,0,1254,fail
 94535,0,fail,fail,848,1904,2379,fail,fail,fail,fail,0,519,1365,0,2627,fail,fail,1149,103,410,0,0,0,1246,fail,fail,208,0,105,0,1254,fail
 94540,0,fail,fail,848,1904,2379,fail,fail,fail,fail,0,519,1365,0,2627,fail,fail,1149,103,410,0,0,0,1246,fail,fail,208,0,105,0,1254,fail
 94545,0,fail,fail,848,1904,2379,fail,fail,fail,fail,0,519,1365,0,2627,fail,fail,1149,103,410,0,0,0,1246,fail,fail,208,0,105,0,1254,fail
 94550,0,fail,fail,848,1904,2379,fail,fail,fail,fail,0,519,1365,0,2627,fail,fail,1149,103,410,0,0,0,1246,fail,fail,208,0,105,0,1254,fail
 94555,0,fail,fail,848,1904,2379,fail,fail,fail,fail,0,519,1365,0,2627,fail,fail,1149,103,410,0,0,0,1246,fail,fail,208,0,105,0,1254,fail
 94560,0,fail,fail,848,1904,2379,fail,fail,fail,fail,0,519,1365,0,2627,fail,fail,1149,103,410,0,0,0,1246,fail,fail,208,0,105,0,1254,fail
 94565,0,fail,fail,848,1904,2379,fail,fail,fail,fail,0,519,1365,0,2627,fail,fail,1149,103,410,0,0,0,1246,fail,fail,208,0,105,0,1254,fail
 94570,0,fail,fail,848,1904,2379,fail,fail,fail,fail,0,519,1365,0,2627,fail,fail,1149,103,410,0,0,0,1246,fail,fail,208,0,105,0,1254,fail
 94575,0,fail,fail,848,1904,2379,fail,fail,fail,fail,0,519,1365,0,2627,fail,fail,1149,103,410,0,0,0,1246,fail,fail,208,0,105,0,1254,fail
 94580,0,fail,fail,848,1904,2379,fail,fail,fail,fail,0,519,1365,0,2627,fail,fail,1149,103,410,0,0,0,1246,fail,fail,208,0,105,0,1254,fail
 94585,0,fail,fail,848,1904,2379,fail,fail,fail,fail,0,519,1365,0,2627,fail,fail,1149,103,410,0,0,0,1246,fail,fail,208,0,105,0,1254,fail
 94590,0,fail,fail,848,1904,2379,fail,fail,fail,fail,0,519,1365,0,2627,fail,fail,1149,103,410,0,0,0,1246,fail,fail,208,0,105,0,1254,fail
 94595,0,fail,fail,848,1904,2379,fail,fail,fail,fail,0,519,1365,0,2627,fail,fail,1149,103,410,0,0,0,1246,fail,fail,208,0,105,0,1254,fail
 94600,0,fail,fail,848,1904,2379,fail,fail,fail,fail,0,519,1365,0,2627,fail,fail,1149,103,410,0,0,0,1246,fail,fail,208,0,105,0,1254,fail
 94605,0,fail,fail,848,1904,2379,fail,fail,fail,fail,0,519,1365,0,2627,fail,fail,1149,103,410,0,0,0,1246,fail,fail,208,0,105,0,1254,fail
 94610,0,fail,fail,848,1904,2379,fail,fail,fail,fail,0,519,1365,0,2627,fail,fail,1149,103,410,0,0,0,1246,fail,fail,208,0,105,0,1254,fail
 94615,0,fail,fail,848,1904,2379,fail,fail,fail,fail,0,519,1365,0,2627,fail,fail,1149,103,410,0,0,0,1246,fail,fail,208,0,105,0,1254,fail
 94620,0,fail,fail,848,1904,2379,fail,fail,fail,fail,0,519,1365,0,2627,fail,fail,1149,103,410,0,0,0,1246,fail,fail,208,0,105,0,1254,fail
 94625,0,fail,fail,848,1904,2379,fail,fail,fail,fail,0,519,1365,0,2627,fail,fail,1149,103,410,0,0,0,1246,fail,fail,208,0,105,0,1254,fail
 94630,0,fail,fail,848,1904,2379,fail,fail,fail,fail,0,519,1365,0,2627,fail,fail,1149,103,410,0,0,0,1246,fail,fail,208,0,105,0,1254,fail
 94635,0,fail,fail,848,1904,2379,fail,fail,fail,fail,0,519,1365,0,2627,fail,fail,1149,103,410,0,0,0,1246,fail,fail,208,0,105,0,1254,fail
 94640,0,fail,fail,848,1904,2379,fail,fail,fail,fail,0,519,1365,0,2627,fail,fail,1149,103,410,0,0,0,1246,fail,fail,208,0,105,0,1254,fail
 94645,0,fail,fail,848,1904,2379,fail,fail,fail,fail,0,519,1365,0,2627,fail,fail,1149,103,410,0,0,0,1246,fail,fail,208,0,105,0,1254,fail
 94650,0,fail,fail,848,1904,2379,fail,fail,fail,fail,0,519,1365,0,2627,fail,fail,1149,103,410,0,0,0,1246,fail,fail,208,0,105,0,1254,fail
 94655,0,fail,fail,848,1904,2379,fail,fail,fail,fail,0,519,1365,0,2627,fail,fail,1149,103,410,0,0,0,1246,fail,fail,208,0,105,0,1254,fail
 94660,0,fail,fail,848,1904,2379,fail,fail,fail,fail,0,519,1365,0,2627,fail,fail,1149,103,410,0,0,0,1246,fail,fail,208,0,105,0,1254,fail
 94665,0,fail,fail,848,1904,2379,fail,fail,fail,fail,0,519,1365,0,2627,fail,fail,1149,103,410,0,0,0,1246,fail,fail,208,0,105,0,1254,fail
 94670,0,fail,fail,848,1904,2379,fail,fail,fail,fail,0,519,1365,0,2627,fail,fail,1149,103,410,0,0,0,1246,fail,fail,208,0,105,0,1254,fail
 94675,0,fail,fail,848,1904,2379,fail,fail,fail,fail,0,519,1365,0,2627,fail,fail,1149,103,410,0,0,0,1246,fail,fail,208,0,105,0,1254,fail
 94680,0,fail,fail,848,1904,2379,fail,fail,fail,fail,0,519,1365,0,2627,fail,fail,1149,103,410,0,0,0,1246,fail,fail,208,0,105,0,1254,fail
 94685,0,fail,fail,848,1904,2379,fail,fail,fail,fail,0,519,1365,0,2627,fail,fail,1149,103,410,0,0,0,1246,fail,fail,208,0,105,0,1254,fail
 94690,0,fail,fail,848,1904,2379,fail,fail,fail,fail,0,519,1365,0,2627,fail,fail,1149,103,410,0,0,0,1246,fail,fail,208,0,105,0,1254,fail
 94695,0,fail,fail,848,1904,2379,fail,fail,fail,fail,0,519,1365,0,2627,fail,fail,1149,103,410,0,0,0,1246,fail,fail,208,0,105,0,1254,fail
 94700,0,fail,fail,848,1904,2379,fail,fail,fail,fail,0,519,1365,0,2627,fail,fail,1149,103,410,0,0,0,1246,fail,fail,208,0,105,0,1254,fail
 94705,0,fail,fail,848,1904,2379,fail,fail,fail,fail,0,519,1365,0,2627,fail,fail,1149,103,410,0,0,0,1246,fail,fail,208,0,105,0,1254,fail
 94710,0,fail,fail,848,1904,2379,fail,fail,fail,fail,0,519,1365,0,2627,fail,fail,1149,103,410,0,0,0,1246,fail,fail,208,0,105,0,1254,fail
 94715,0,fail,fail,848,1904,2379,fail,fail,fail,fail,0,519,1365,0,2627,fail,fail,1149,103,410,0,0,0,1246,fail,fail,208,0,105,0,1254,fail
 94720,0,fail,fail,848,1904,2379,fail,fail,fail,fail,0,519,1365,0,2627,fail,fail,1149,103,410,0,0,0,1246,fail,fail,208,0,105,0,1254,fail
 94725,0,fail,fail,848,1904,2379,fail,fail,fail,fail,0,519,1365,0,2627,fail,fail,1149,103,410,0,0,0,1246,fail,fail,208,0,105,0,1254,fail
 94730,0,fail,fail,848,1904,2379,fail,fail,fail,fail,0,519,1365,0,2627,fail,fail,1149,103,410,0,0,0,1246,fail,fail,208,0,105,0,1254,fail
 94735,0,fail,fail,848,1904,2379,fail,fail,fail,fail,0,519,1365,0,2627,fail,fail,1149,103,410,0,0,0,1246,fail,fail,208,0,105,0,1254,fail
 94740,0,fail,fail,848,1904,2379,fail,fail,fail,fail,0,519,1365,0,2627,fail,fail,1149,103,410,0,0,0,1246,fail,fail,208,0,105,0,1254,fail
 94745,0,fail,fail,848,1904,2379,fail,fail,fail,fail,0,519,1365,0,2627,fail,fail,1149,103,410,0,0,0,1246,fail,fail,208,0,105,0,1254,fail
 94750,0,fail,fail,848,1904,2379,fail,fail,fail,fail,0,519,1365,0,2627,fail,fail,1149,103,410,0,0,0,1246,fail,fail,208,0,105,0,1254,fail
 94755,0,fail,fail,848,1904,2379,fail,fail,fail,fail,0,519,1365,0,2627,fail,fail,1149,103,410,0,0,0,1246,fail,fail,208,0,105,0,1254,fail
 94760,0,fail,fail,848,1904,2379,fail,fail,fail,fail,0,519,1365,0,2627,fail,fail,1149,103,410,0,0,0,1246,fail,fail,208,0,105,0,1254,fail
 94765,0,fail,fail,848,1904,2379,fail,fail,fail,fail,0,519,1365,0,2627,fail,fail,1149,103,410,0,0,0,1246,fail,fail,208,0,105,0,1254,fail
 94770,0,fail,fail,848,1904,2379,fail,fail,fail,fail,0,519,1365,0,2627,fail,fail,1149,103,410,0,0,0,1246,fail,fail,208,0,105,0,1254,fail
 94775,0,fail,fail,848,1904,2379,fail,fail,fail,fail,0,519,1365,0,2627,fail,fail,1149,103,410,0,0,0,1246,fail,fail,208,0,105,0,1254,fail
 94780,0,fail,fail,848,1904,2379,fail,fail,fail,fail,0,519,1365,0,2627,fail,fail,1149,103,410,0,0,0,1246,fail,fail,208,0,105,0,1254,fail
 94785,0,fail,fail,848,1904,2379,fail,fail,fail,fail,0,519,1365,0,2627,fail,fail,1149,103,410,0,0,0,1246,fail,fail,208,0,105,0,1254,fail
 94790,0,fail,fail,848,1904,2379,fail,fail,fail,fail,0,519,1365,0,2627,fail,fail,1149,103,410,0,0,0,1246,fail,fail,208,0,105,0,1254,fail
 94795,0,fail,fail,848,1904,2379,fail,fail,fail,fail,0,519,1365,0,2627,fail,fail,1149,103,410,0,0,0,1246,fail,fail,208,0,105,0,1254,fail
 94800,0,fail,fail,848,1904,2379,fail,fail,fail,fail,0,519,1365,0,2627,fail,fail,1149,103,410,0,0,0,1246,fail,fail,208,0,105,0,1254,fail
 94805,0,fail,fail,848,1904,2379,fail,fail,fail,fail,0,519,1365,0,2627,fail,fail,1149,103,410,0,0,0,1246,fail,fail,208,0,105,0,1254,fail
 94810,0,fail,fail,848,1904,2379,fail,fail,fail,fail,0,519,1365,0,2627,fail,fail,1149,103,410,0,0,0,1246,fail,fail,208,0,105,0,1254,fail
 94815,0,fail,fail,848,1904,2379,fail,fail,fail,fail,0,519,1365,0,2627,fail,fail,1149,103,410,0,0,0,1246,fail,fail,208,0,105,0,1254,fail
 94820,0,fail,fail,848,1904,2379,fail,fail,fail,fail,0,519,1365,0,2627,fail,fail,1149,103,410,0,0,0,1246,fail,fail,208,0,105,0,1254,fail
 94825,0,fail,fail,848,1904,2379,fail,fail,fail,fail,0,519,1365,0,2627,fail,fail,1149,103,410,0,0,0,1246,fail,fail,208,0,105,0,1254,fail
 94830,0,fail,fail,848,1904,2379,fail,fail,fail,fail,0,519,1365,0,2627,fail,fail,1149,103,410,0,0,0,1246,fail,fail,208,0,105,0,1254,fail
 94835,0,fail,fail,848,1904,2379,fail,fail,fail,fail,0,519,1365,0,2627,fail,fail,1149,103,410,0,0,0,1246,fail,fail,208,0,105,0,1254,fail
 94840,0,fail,fail,848,1904,2379,fail,fail,fail,fail,0,519,1365,0,2627,fail,fail,1149,103,410,0,0,0,1246,fail,fail,208,0,105,0,1254,fail
 94845,0,fail,fail,848,1904,2379,fail,fail,fail,fail,0,519,1365,0,2627,fail,fail,1149,103,410,0,0,0,1246,fail,fail,208,0,105,0,1254,fail
 94850,0,fail,fail,848,1904,2379,fail,fail,fail,fail,0,519,1365,0,2627,fail,fail,1149,103,410,0,0,0,1246,fail,fail,208,0,105,0,1254,fail
 94855,0,fail,fail,848,1904,2379,fail,fail,fail,fail,0,519,1365,0,2627,fail,fail,1149,103,410,0,0,0,1246,fail,fail,208,0,105,0,1254,fail
 94860,0,fail,fail,848,1904,2379,fail,fail,fail,fail,0,519,1365,0,2627,fail,fail,1149,103,410,0,0,0,1246,fail,fail,208,0,105,0,1254,fail
 94865,0,fail,fail,848,1904,2379,fail,fail,fail,fail,0,519,1365,0,2627,fail,fail,1149,103,410,0,0,0,1246,fail,fail,208,0,105,0,1254,fail
 94870,0,fail,fail,848,1904,2379,fail,fail,fail,fail,0,519,1365,0,2627,fail,fail,1149,103,410,0,0,0,1246,fail,fail,208,0,105,0,1254,fail
 94875,0,fail,fail,848,1904,2379,fail,fail,fail,fail,0,519,1365,0,2627,fail,fail,1149,103,410,0,0,0,1246,fail,fail,208,0,105,0,1254,fail
 94880,0,fail,fail,848,1904,2379,fail,fail,fail,fail,0,519,1365,0,2627,fail,fail,1149,103,410,0,0,0,1246,fail,fail,208,0,105,0,1254,fail
 94885,0,fail,fail,848,1904,2379,fail,fail,fail,fail,0,519,1365,0,2627,fail,fail,1149,103,410,0,0,0,1246,fail,fail,208,0,105,0,1254,fail
 94890,0,fail,fail,848,1904,2379,fail,fail,fail,fail,0,519,1365,0,2627,fail,fail,1149,103,410,0,0,0,1246,fail,fail,208,0,105,0,1254,fail
 94895,0,fail,fail,848,1904,2379,fail,fail,fail,fail,0,519,1365,0,2627,fail,fail,1149,103,410,0,0,0,1246,fail,fail,208,0,105,0,1254,fail
 94900,0,fail,fail,848,1904,2379,fail,fail,fail,fail,0,519,1365,0,2627,fail,fail,1149,103,410,0,0,0,1246,fail,fail,208,0,105,0,1254,fail
 94905,0,fail,fail,848,1904,2379,fail,fail,fail,fail,0,519,1365,0,2627,fail,fail,1149,103,410,0,0,0,1246,fail,fail,208,0,105,0,1254,fail
 94910,0,fail,fail,848,1904,2379,fail,fail,fail,fail,0,519,1365,0,2627,fail,fail,1149,103,410,0,0,0,1246,fail,fail,208,0,105,0,1254,fail
 94915,0,fail,fail,848,1904,2379,fail,fail,fail,fail,0,519,1365,0,2627,fail,fail,1149,103,410,0,0,0,1246,fail,fail,208,0,105,0,1254,fail
 94920,0,fail,fail,848,1904,2379,fail,fail,fail,fail,0,519,1365,0,2627,fail,fail,1149,103,410,0,0,0,1246,fail,fail,208,0,105,0,1254,fail
 94925,0,fail,fail,848,1904,2379,fail,fail,fail,fail,0,519,1365,0,2627,fail,fail,1149,103,410,0,0,0,1246,fail,fail,208,0,105,0,1254,fail
 94930,0,fail,fail,848,1904,2379,fail,fail,fail,fail,0,519,1365,0,2627,fail,fail,1149,103,410,0,0,0,1246,fail,fail,208,0,105,0,1254,fail
 94935,0,fail,fail,848,1904,2379,fail,fail,fail,fail,0,519,1365,0,2627,fail,fail,1149,103,410,0,0,0,1246,fail,fail,208,0,105,0,1254,fail
 94940,0,fail,fail,848,1904,2379,fail,fail,fail,fail,0,519,1365,0,2627,fail,fail,1149,103,410,0,0,0,1246,fail,fail,208,0,105,0,1254,fail
 94945,0,fail,fail,848,1904,2379,fail,fail,fail,fail,0,519,1365,0,2627,fail,fail,1149,103,410,0,0,0,1246,fail,fail,208,0,105,0,1254,fail
 94950,0,fail,fail,848,1904,2379,fail,fail,fail,fail,0,519,1365,0,2627,fail,fail,1149,103,410,0,0,0,1246,fail,fail,208,0,105,0,1254,fail
 94955,0,fail,fail,848,1904,2379,fail,fail,fail,fail,0,519,1365,0,2627,fail,fail,1149,103,410,0,0,0,1246,fail,fail,208,0,105,0,1254,fail
 94960,0,fail,fail,848,1904,2379,fail,fail,fail,fail,0,519,1365,0,2627,fail,fail,1149,103,410,0,0,0,1246,fail,fail,208,0,105,0,1254,fail
 94965,0,fail,fail,848,1904,2379,fail,fail,fail,fail,0,519,1365,0,2627,fail,fail,1149,103,410,0,0,0,1246,fail,fail,208,0,105,0,1254,fail
 94970,0,fail,fail,848,1904,2379,fail,fail,fail,fail,0,519,1365,0,2627,fail,fail,1149,103,410,0,0,0,1246,fail,fail,208,0,105,0,1254,fail
 94975,0,fail,fail,848,1904,2379,fail,fail,fail,fail,0,519,1365,0,2627,fail,fail,1149,103,410,0,0,0,1246,fail,fail,208,0,105,0,1254,fail
 94980,0,fail,fail,848,1904,2379,fail,fail,fail,fail,0,519,1365,0,2627,fail,fail,1149,103,410,0,0,0,1246,fail,fail,208,0,105,0,1254,fail
 94985,0,fail,fail,848,1904,2379,fail,fail,fail,fail,0,519,1365,0,2627,fail,fail,1149,103,410,0,0,0,1246,fail,fail,208,0,105,0,1254,fail
 94990,0,fail,fail,848,1904,2379,fail,fail,fail,fail,0,519,1365,0,2627,fail,fail,1149,103,410,0,0,0,1246,fail,fail,208,0,105,0,1254,fail
 94995,0,fail,fail,848,1904,2379,fail,fail,fail,fail,0,519,1365,0,2627,fail,fail,1149,103,410,0,0,0,1246,fail,fail,208,0,105,0,1254,fail
 95000,0,fail,fail,848,1904,2379,fail,fail,fail,fail,0,519,1365,0,2627,fail,fail,1149,103,410,0,0,0,1246,fail,fail,208,0,105,0,1254,fail
 95005,0,fail,fail,848,1904,2379,fail,fail,fail,fail,0,519,1365,0,2627,fail,fail,1149,103,410,0,0,0,1246,fail,fail,208,0,105,0,1254,fail
 95010,0,fail,fail,848,1904,2379,fail,fail,fail,fail,0,519,1365,0,2627,fail,fail,1149,103,410,0,0,0,1246,fail,fail,208,0,105,0,1254,fail
 95015,0,fail,fail,848,1904,2379,fail,fail,fail,fail,0,519,1365,0,2627,fail,fail,1149,103,410,0,0,0,1246,fail,fail,208,0,105,0,1254,fail
 95020,0,fail,fail,848,1904,2379,fail,fail,fail,fail,0,519,1365,0,2627,fail,fail,1149,103,410,0,0,0,1246,fail,fail,208,0,105,0,1254,fail
 95025,0,fail,fail,848,1904,2379,fail,fail,fail,fail,0,519,1365,0,2627,fail,fail,1149,103,410,0,0,0,1246,fail,fail,208,0,105,0,1254,fail
 95030,0,fail,fail,848,1904,2379,fail,fail,fail,fail,0,519,1365,0,2627,fail,fail,1149,103,410,0,0,0,1246,fail,fail,208,0,105,0,1254,fail
 95035,0,fail,fail,848,1904,2379,fail,fail,fail,fail,0,519,1365,0,2627,fail,fail,1149,103,410,0,0,0,1246,fail,fail,208,0,105,0,1254,fail
 95040,0,fail,fail,848,1904,2379,fail,fail,fail,fail,0,519,1365,0,2627,fail,fail,1149,103,410,0,0,0,1246,fail,fail,208,0,105,0,1254,fail
 95045,0,fail,fail,848,1904,2379,fail,fail,fail,fail,0,519,1365,0,2627,fail,fail,1149,103,410,0,0,0,1246,fail,fail,208,0,105,0,1254,fail
 95050,0,fail,fail,848,1904,2379,fail,fail,fail,fail,0,519,1365,0,2627,fail,fail,1149,103,410,0,0,0,1246,fail,fail,208,0,105,0,1254,fail
 95055,0,fail,fail,848,1904,2379,fail,fail,fail,fail,0,519,1365,0,2627,fail,fail,1149,103,410,0,0,0,1246,fail,fail,208,0,105,0,1254,fail
 95060,0,fail,fail,848,1904,2379,fail,fail,fail,fail,0,519,1365,0,2627,fail,fail,1149,103,410,0,0,0,1246,fail,fail,208,0,105,0,1254,fail
 95065,0,fail,fail,848,1904,2379,fail,fail,fail,fail,0,519,1365,0,2627,fail,fail,1149,103,410,0,0,0,1246,fail,fail,208,0,105,0,1254,fail
 95070,0,fail,fail,848,1904,2379,fail,fail,fail,fail,0,519,1365,0,2627,fail,fail,1149,103,410,0,0,0,1246,fail,fail,208,0,105,0,1254,fail
 95075,0,fail,fail,848,1904,2379,fail,fail,fail,fail,0,519,1365,0,2627,fail,fail,1149,103,410,0,0,0,1246,fail,fail,208,0,105,0,1254,fail
 95080,0,fail,fail,848,1904,2379,fail,fail,fail,fail,0,519,1365,0,2627,fail,fail,1149,103,410,0,0,0,1246,fail,fail,208,0,105,0,1254,fail
 95085,0,fail,fail,848,1904,2379,fail,fail,fail,fail,0,519,1365,0,2627,fail,fail,1149,103,410,0,0,0,1246,fail,fail,208,0,105,0,1254,fail
 95090,0,fail,fail,848,1904,2379,fail,fail,fail,fail,0,519,1365,0,2627,fail,fail,1149,103,410,0,0,0,1246,fail,fail,208,0,105,0,1254,fail
 95095,0,fail,fail,848,1904,2379,fail,fail,fail,fail,0,519,1365,0,2627,fail,fail,1149,103,410,0,0,0,1246,fail,fail,208,0,105,0,1254,fail
 95100,0,fail,fail,848,1904,2379,fail,fail,fail,fail,0,519,1365,0,2627,fail,fail,1149,103,410,0,0,0,1246,fail,fail,208,0,105,0,1254,fail
 95105,0,fail,fail,848,1904,2379,fail,fail,fail,fail,0,519,1365,0,2627,fail,fail,1149,103,410,0,0,0,1246,fail,fail,208,0,105,0,1254,fail
 95110,0,fail,fail,848,1904,2379,fail,fail,fail,fail,0,519,1365,0,2627,fail,fail,1149,103,410,0,0,0,1246,fail,fail,208,0,105,0,1254,fail
 95115,0,fail,fail,848,1904,2379,fail,fail,fail,fail,0,519,1365,0,2627,fail,fail,1149,103,410,0,0,0,1246,fail,fail,208,0,105,0,1254,fail
 95120,0,fail,fail,848,1904,2379,fail,fail,fail,fail,0,519,1365,0,2627,fail,fail,1149,103,410,0,0,0,1246,fail,fail,208,0,105,0,1254,fail
 95125,0,fail,fail,848,1904,2379,fail,fail,fail,fail,0,519,1365,0,2627,fail,fail,1149,103,410,0,0,0,1246,fail,fail,208,0,105,0,1254,fail
 95130,0,fail,fail,848,1904,2379,fail,fail,fail,fail,0,519,1365,0,2627,fail,fail,1149,103,410,0,0,0,1246,fail,fail,208,0,105,0,1254,fail
 95135,0,fail,fail,848,1904,2379,fail,fail,fail,fail,0,519,1365,0,2627,fail,fail,1149,103,410,0,0,0,1246,fail,fail,208,0,105,0,1254,fail
 95140,0,fail,fail,848,1904,2379,fail,fail,fail,fail,0,519,1365,0,2627,fail,fail,1149,103,410,0,0,0,1246,fail,fail,208,0,105,0,1254,fail
 95145,0,fail,fail,848,1904,2379,fail,fail,fail,fail,0,519,1365,0,2627,fail,fail,1149,103,410,0,0,0,1246,fail,fail,208,0,105,0,1254,fail
 95150,0,fail,fail,848,1904,2379,fail,fail,fail,fail,0,519,1365,0,2627,fail,fail,1149,103,410,0,0,0,1246,fail,fail,208,0,105,0,1254,fail
 95155,0,fail,fail,848,1904,2379,fail,fail,fail,fail,0,519,1365,0,2627,fail,fail,1149,103,410,0,0,0,1246,fail,fail,208,0,105,0,1254,fail
 95160,0,fail,fail,848,1904,2379,fail,fail,fail,fail,0,519,1365,0,2627,fail,fail,1149,103,410,0,0,0,1246,fail,fail,208,0,105,0,1254,fail
 95165,0,fail,fail,848,1904,2379,fail,fail,fail,fail,0,519,1365,0,2627,fail,fail,1149,103,410,0,0,0,1246,fail,fail,208,0,105,0,1254,fail
 95170,0,fail,fail,848,1904,2379,fail,fail,fail,fail,0,519,1365,0,2627,fail,fail,1149,103,410,0,0,0,1246,fail,fail,208,0,105,0,1254,fail
 95175,0,fail,fail,848,1904,2379,fail,fail,fail,fail,0,519,1365,0,2627,fail,fail,1149,103,410,0,0,0,1246,fail,fail,208,0,105,0,1254,fail
 95180,0,fail,fail,848,1904,2379,fail,fail,fail,fail,0,519,1365,0,2627,fail,fail,1149,103,410,0,0,0,1246,fail,fail,208,0,105,0,1254,fail
 95185,0,fail,fail,848,1904,2379,fail,fail,fail,fail,0,519,1365,0,2627,fail,fail,1149,103,410,0,0,0,1246,fail,fail,208,0,105,0,1254,fail
 95190,0,fail,fail,848,1904,2379,fail,fail,fail,fail,0,519,1365,0,2627,fail,fail,1149,103,410,0,0,0,1246,fail,fail,208,0,105,0,1254,fail
 95195,0,fail,fail,848,1904,2379,fail,fail,fail,fail,0,519,1365,0,2627,fail,fail,1149,103,410,0,0,0,1246,fail,fail,208,0,105,0,1254,fail
 95200,0,fail,fail,848,1904,2379,fail,fail,fail,fail,0,519,1365,0,2627,fail,fail,1149,103,410,0,0,0,1246,fail,fail,208,0,105,0,1254,fail
 95205,0,fail,fail,848,1904,2379,fail,fail,fail,fail,0,519,1365,0,2627,fail,fail,1149,103,410,0,0,0,1246,fail,fail,208,0,105,0,1254,fail
 95210,0,fail,fail,848,1904,2379,fail,fail,fail,fail,0,519,1365,0,2627,fail,fail,1149,103,410,0,0,0,1246,fail,fail,208,0,105,0,1254,fail
 95215,0,fail,fail,848,1904,2379,fail,fail,fail,fail,0,519,1365,0,2627,fail,fail,1149,103,410,0,0,0,1246,fail,fail,208,0,105,0,1254,fail
 95220,0,fail,fail,848,1904,2379,fail,fail,fail,fail,0,519,1365,0,2627,fail,fail,1149,103,410,0,0,0,1246,fail,fail,208,0,105,0,1254,fail
 95225,0,fail,fail,848,1904,2379,fail,fail,fail,fail,0,519,1365,0,2627,fail,fail,1149,103,410,0,0,0,1246,fail,fail,208,0,105,0,1254,fail
 95230,0,fail,fail,848,1904,2379,fail,fail,fail,fail,0,519,1365,0,2627,fail,fail,1149,103,410,0,0,0,1246,fail,fail,208,0,105,0,1254,fail
 95235,0,fail,fail,848,1904,2379,fail,fail,fail,fail,0,519,1365,0,2627,fail,fail,1149,103,410,0,0,0,1246,fail,fail,208,0,105,0,1254,fail
 95240,0,fail,fail,848,1904,2379,fail,fail,fail,fail,0,519,1365,0,2627,fail,fail,1149,103,410,0,0,0,1246,fail,fail,208,0,105,0,1254,fail
 95245,0,fail,fail,848,1904,2379,fail,fail,fail,fail,0,519,1365,0,2627,fail,fail,1149,103,410,0,0,0,1246,fail,fail,208,0,105,0,1254,fail
 95250,0,fail,fail,848,1904,2379,fail,fail,fail,fail,0,519,1365,0,2627,fail,fail,1149,103,410,0,0,0,1246,fail,fail,208,0,105,0,1254,fail
 95255,0,fail,fail,848,1904,2379,fail,fail,fail,fail,0,519,1365,0,2627,fail,fail,1149,103,410,0,0,0,1246,fail,fail,208,0,105,0,1254,fail
 95260,0,fail,fail,848,1904,2379,fail,fail,fail,fail,0,519,1365,0,2627,fail,fail,1149,103,410,0,0,0,1246,fail,fail,208,0,105,0,1254,fail
 95265,0,fail,fail,848,1904,2379,fail,fail,fail,fail,0,519,1365,0,2627,fail,fail,1149,103,410,0,0,0,1246,fail,fail,208,0,105,0,1254,fail
 95270,0,fail,fail,848,1904,2379,fail,fail,fail,fail,0,519,1365,0,2627,fail,fail,1149,103,410,0,0,0,1246,fail,fail,208,0,105,0,1254,fail
 95275,0,fail,fail,848,1904,2379,fail,fail,fail,fail,0,519,1365,0,2627,fail,fail,1149,103,410,0,0,0,1246,fail,fail,208,0,105,0,1254,fail
 95280,0,fail,fail,848,1904,2379,fail,fail,fail,fail,0,519,1365,0,2627,fail,fail,1149,103,410,0,0,0,1246,fail,fail,208,0,105,0,1254,fail
 95285,0,fail,fail,848,1904,2379,fail,fail,fail,fail,0,519,1365,0,2627,fail,fail,1149,103,410,0,0,0,1246,fail,fail,208,0,105,0,1254,fail
 95290,0,fail,fail,848,1904,2379,fail,fail,fail,fail,0,519,1365,0,2627,fail,fail,1149,103,410,0,0,0,1246,fail,fail,208,0,105,0,1254,fail
 95295,0,fail,fail,848,1904,2379,fail,fail,fail,fail,0,519,1365,0,2627,fail,fail,1149,103,410,0,0,0,1246,fail,fail,208,0,105,0,1254,fail
 95300,0,fail,fail,848,1904,2379,fail,fail,fail,fail,0,519,1365,0,2627,fail,fail,1149,103,410,0,0,0,1246,fail,fail,208,0,105,0,1254,fail
 95305,0,fail,fail,848,1904,2379,fail,fail,fail,fail,0,519,1365,0,2627,fail,fail,1149,103,410,0,0,0,1246,fail,fail,208,0,105,0,1254,fail
 95310,0,fail,fail,848,1904,2379,fail,fail,fail,fail,0,519,1365,0,2627,fail,fail,1149,103,410,0,0,0,1246,fail,fail,208,0,105,0,1254,fail
 95315,0,fail,fail,848,1904,2379,fail,fail,fail,fail,0,519,1365,0,2627,fail,fail,1149,103,410,0,0,0,1246,fail,fail,208,0,105,0,1254,fail
 95320,0,fail,fail,848,1904,2379,fail,fail,fail,fail,0,519,1365,0,2627,fail,fail,1149,103,410,0,0,0,1246,fail,fail,208,0,105,0,1254,fail
 95325,0,fail,fail,848,1904,2379,fail,fail,fail,fail,0,519,1365,0,2627,fail,fail,1149,103,410,0,0,0,1246,fail,fail,208,0,105,0,1254,fail
 95330,0,fail,fail,848,1904,2379,fail,fail,fail,fail,0,519,1365,0,2627,fail,fail,1149,103,410,0,0,0,1246,fail,fail,208,0,105,0,1254,fail
 95335,0,fail,fail,848,1904,2379,fail,fail,fail,fail,0,519,1365,0,2627,fail,fail,1149,103,410,0,0,0,1246,fail,fail,208,0,105,0,1254,fail
 95340,0,fail,fail,848,1904,2379,fail,fail,fail,fail,0,519,1365,0,2627,fail,fail,1149,103,410,0,0,0,1246,fail,fail,208,0,105,0,1254,fail
 95345,0,fail,fail,848,1904,2379,fail,fail,fail,fail,0,519,1365,0,2627,fail,fail,1149,103,410,0,0,0,1246,fail,fail,208,0,105,0,1254,fail
 95350,0,fail,fail,848,1904,2379,fail,fail,fail,fail,0,519,1365,0,2627,fail,fail,1149,103,410,0,0,0,1246,fail,fail,208,0,105,0,1254,fail
 95355,0,fail,fail,848,1904,2379,fail,fail,fail,fail,0,519,1365,0,2627,fail,fail,1149,103,410,0,0,0,1246,fail,fail,208,0,105,0,1254,fail
 95360,0,fail,fail,848,1904,2379,fail,fail,fail,fail,0,519,1365,0,2627,fail,fail,1149,103,410,0,0,0,1246,fail,fail,208,0,105,0,1254,fail
 95365,0,fail,fail,848,1904,2379,fail,fail,fail,fail,0,519,1365,0,2627,fail,fail,1149,103,410,0,0,0,1246,fail,fail,208,0,105,0,1254,fail
 95370,0,fail,fail,848,1904,2379,fail,fail,fail,fail,0,519,1365,0,2627,fail,fail,1149,103,410,0,0,0,1246,fail,fail,208,0,105,0,1254,fail
 95375,0,fail,fail,848,1904,2379,fail,fail,fail,fail,0,519,1365,0,2627,fail,fail,1149,103,410,0,0,0,1246,fail,fail,208,0,105,0,1254,fail
 95380,0,fail,fail,848,1904,2379,fail,fail,fail,fail,0,519,1365,0,2627,fail,fail,1149,103,410,0,0,0,1246,fail,fail,208,0,105,0,1254,fail
 95385,0,fail,fail,848,1904,2379,fail,fail,fail,fail,0,519,1365,0,2627,fail,fail,1149,103,410,0,0,0,1246,fail,fail,208,0,105,0,1254,fail
 95390,0,fail,fail,848,1904,2379,fail,fail,fail,fail,0,519,1365,0,2627,fail,fail,1149,103,410,0,0,0,1246,fail,fail,208,0,105,0,1254,fail
 95395,0,fail,fail,848,1904,2379,fail,fail,fail,fail,0,519,1365,0,2627,fail,fail,1149,103,410,0,0,0,1246,fail,fail,208,0,105,0,1254,fail
 95400,0,fail,fail,848,1904,2379,fail,fail,fail,fail,0,519,1365,0,2627,fail,fail,1149,103,410,0,0,0,1246,fail,fail,208,0,105,0,1254,fail
 95405,0,fail,fail,848,1904,2379,fail,fail,fail,fail,0,519,1365,0,2627,fail,fail,1149,103,410,0,0,0,1246,fail,fail,208,0,105,0,1254,fail
 95410,0,fail,fail,848,1904,2379,fail,fail,fail,fail,0,519,1365,0,2627,fail,fail,1149,103,410,0,0,0,1246,fail,fail,208,0,105,0,1254,fail
 95415,0,fail,fail,848,1904,2379,fail,fail,fail,fail,0,519,1365,0,2627,fail,fail,1149,103,410,0,0,0,1246,fail,fail,208,0,105,0,1254,fail
 95420,0,fail,fail,848,1904,2379,fail,fail,fail,fail,0,519,1365,0,2627,fail,fail,1149,103,410,0,0,0,1246,fail,fail,208,0,105,0,1254,fail
 95425,0,fail,fail,848,1904,2379,fail,fail,fail,fail,0,519,1365,0,2627,fail,fail,1149,103,410,0,0,0,1246,fail,fail,208,0,105,0,1254,fail
 95430,0,fail,fail,848,1904,2379,fail,fail,fail,fail,0,519,1365,0,2627,fail,fail,1149,103,410,0,0,0,1246,fail,fail,208,0,105,0,1254,fail
 95435,0,fail,fail,848,1904,2379,fail,fail,fail,fail,0,519,1365,0,2627,fail,fail,1149,103,410,0,0,0,1246,fail,fail,208,0,105,0,1254,fail
 95440,0,fail,fail,848,1904,2379,fail,fail,fail,fail,0,519,1365,0,2627,fail,fail,1149,103,410,0,0,0,1246,fail,fail,208,0,105,0,1254,fail
 95445,0,fail,fail,848,1904,2379,fail,fail,fail,fail,0,519,1365,0,2627,fail,fail,1149,103,410,0,0,0,1246,fail,fail,208,0,105,0,1254,fail
 95450,0,fail,fail,848,1904,2379,fail,fail,fail,fail,0,519,1365,0,2627,fail,fail,1149,103,410,0,0,0,1246,fail,fail,208,0,105,0,1254,fail
 95455,0,fail,fail,848,1904,2379,fail,fail,fail,fail,0,519,1365,0,2627,fail,fail,1149,103,410,0,0,0,1246,fail,fail,208,0,105,0,1254,fail
 95460,0,fail,fail,848,1904,2379,fail,fail,fail,fail,0,519,1365,0,2627,fail,fail,1149,103,410,0,0,0,1246,fail,fail,208,0,105,0,1254,fail
 95465,0,fail,fail,848,1904,2379,fail,fail,fail,fail,0,519,1365,0,2627,fail,fail,1149,103,410,0,0,0,1246,fail,fail,208,0,105,0,1254,fail
 95470,0,fail,fail,848,1904,2379,fail,fail,fail,fail,0,519,1365,0,2627,fail,fail,1149,103,410,0,0,0,1246,fail,fail,208,0,105,0,1254,fail
 95475,0,fail,fail,848,1904,2379,fail,fail,fail,fail,0,519,1365,0,2627,fail,fail,1149,103,410,0,0,0,1246,fail,fail,208,0,105,0,1254,fail
 95480,0,fail,fail,848,1904,2379,fail,fail,fail,fail,0,519,1365,0,2627,fail,fail,1149,103,410,0,0,0,1246,fail,fail,208,0,105,0,1254,fail
 95485,0,fail,fail,848,1904,2379,fail,fail,fail,fail,0,519,1365,0,2627,fail,fail,1149,103,410,0,0,0,1246,fail,fail,208,0,105,0,1254,fail
 95490,0,fail,fail,848,1904,2379,fail,fail,fail,fail,0,519,1365,0,2627,fail,fail,1149,103,410,0,0,0,1246,fail,fail,208,0,105,0,1254,fail
 95495,0,fail,fail,848,1904,2379,fail,fail,fail,fail,0,519,1365,0,2627,fail,fail,1149,103,410,0,0,0,1246,fail,fail,208,0,105,0,1254,fail
 95500,0,fail,fail,848,1904,2379,fail,fail,fail,fail,0,519,1365,0,2627,fail,fail,1149,103,410,0,0,0,1246,fail,fail,208,0,105,0,1254,fail
 95505,0,fail,fail,848,1904,2379,fail,fail,fail,fail,0,519,1365,0,2627,fail,fail,1149,103,410,0,0,0,1246,fail,fail,208,0,105,0,1254,fail
 95510,0,fail,fail,848,1904,2379,fail,fail,fail,fail,0,519,1365,0,2627,fail,fail,1149,103,410,0,0,0,1246,fail,fail,208,0,105,0,1254,fail
 95515,0,fail,fail,848,1904,2379,fail,fail,fail,fail,0,519,1365,0,2627,fail,fail,1149,103,410,0,0,0,1246,fail,fail,208,0,105,0,1254,fail
 95520,0,fail,fail,848,1904,2379,fail,fail,fail,fail,0,519,1365,0,2627,fail,fail,1149,103,410,0,0,0,1246,fail,fail,208,0,105,0,1254,fail
 95525,0,fail,fail,848,1904,2379,fail,fail,fail,fail,0,519,1365,0,2627,fail,fail,1149,103,410,0,0,0,1246,fail,fail,208,0,105,0,1254,fail
 95530,0,fail,fail,848,1904,2379,fail,fail,fail,fail,0,519,1365,0,2627,fail,fail,1149,103,410,0,0,0,1246,fail,fail,208,0,105,0,1254,fail
 95535,0,fail,fail,848,1904,2379,fail,fail,fail,fail,0,519,1365,0,2627,fail,fail,1149,103,410,0,0,0,1246,fail,fail,208,0,105,0,1254,fail
 95540,0,fail,fail,848,1904,2379,fail,fail,fail,fail,0,519,1365,0,2627,fail,fail,1149,103,410,0,0,0,1246,fail,fail,208,0,105,0,1254,fail
 95545,0,fail,fail,848,1904,2379,fail,fail,fail,fail,0,519,1365,0,2627,fail,fail,1149,103,410,0,0,0,1246,fail,fail,208,0,105,0,1254,fail
 95550,0,fail,fail,848,1904,2379,fail,fail,fail,fail,0,519,1365,0,2627,fail,fail,1149,103,410,0,0,0,1246,fail,fail,208,0,105,0,1254,fail
 95555,0,fail,fail,848,1904,2379,fail,fail,fail,fail,0,519,1365,0,2627,fail,fail,1149,103,410,0,0,0,1246,fail,fail,208,0,105,0,1254,fail
 95560,0,fail,fail,848,1904,2379,fail,fail,fail,fail,0,519,1365,0,2627,fail,fail,1149,103,410,0,0,0,1246,fail,fail,208,0,105,0,1254,fail
 95565,0,fail,fail,848,1904,2379,fail,fail,fail,fail,0,519,1365,0,2627,fail,fail,1149,103,410,0,0,0,1246,fail,fail,208,0,105,0,1254,fail
 95570,0,fail,fail,848,1904,2379,fail,fail,fail,fail,0,519,1365,0,2627,fail,fail,1149,103,410,0,0,0,1246,fail,fail,208,0,105,0,1254,fail
 95575,0,fail,fail,848,1904,2379,fail,fail,fail,fail,0,519,1365,0,2627,fail,fail,1149,103,410,0,0,0,1246,fail,fail,208,0,105,0,1254,fail
 95580,0,fail,fail,848,1904,2379,fail,fail,fail,fail,0,519,1365,0,2627,fail,fail,1149,103,410,0,0,0,1246,fail,fail,208,0,105,0,1254,fail
 95585,0,fail,fail,848,1904,2379,fail,fail,fail,fail,0,519,1365,0,2627,fail,fail,1149,103,410,0,0,0,1246,fail,fail,208,0,105,0,1254,fail
 95590,0,fail,fail,848,1904,2379,fail,fail,fail,fail,0,519,1365,0,2627,fail,fail,1149,103,410,0,0,0,1246,fail,fail,208,0,105,0,1254,fail
 95595,0,fail,fail,848,1904,2379,fail,fail,fail,fail,0,519,1365,0,2627,fail,fail,1149,103,410,0,0,0,1246,fail,fail,208,0,105,0,1254,fail
 95600,0,fail,fail,848,1904,2379,fail,fail,fail,fail,0,519,1365,0,2627,fail,fail,1149,103,410,0,0,0,1246,fail,fail,208,0,105,0,1254,fail
 95605,0,fail,fail,848,1904,2379,fail,fail,fail,fail,0,519,1365,0,2627,fail,fail,1149,103,410,0,0,0,1246,fail,fail,208,0,105,0,1254,fail
 95610,0,fail,fail,848,1904,2379,fail,fail,fail,fail,0,519,1365,0,2627,fail,fail,1149,103,410,0,0,0,1246,fail,fail,208,0,105,0,1254,fail
 95615,0,fail,fail,848,1904,2379,fail,fail,fail,fail,0,519,1365,0,2627,fail,fail,1149,103,410,0,0,0,1246,fail,fail,208,0,105,0,1254,fail
 95620,0,fail,fail,848,1904,2379,fail,fail,fail,fail,0,519,1365,0,2627,fail,fail,1149,103,410,0,0,0,1246,fail,fail,208,0,105,0,1254,fail
 95625,0,fail,fail,848,1904,2379,fail,fail,fail,fail,0,519,1365,0,2627,fail,fail,1149,103,410,0,0,0,1246,fail,fail,208,0,105,0,1254,fail
 95630,0,fail,fail,848,1904,2379,fail,fail,fail,fail,0,519,1365,0,2627,fail,fail,1149,103,410,0,0,0,1246,fail,fail,208,0,105,0,1254,fail
 95635,0,fail,fail,848,1904,2379,fail,fail,fail,fail,0,519,1365,0,2627,fail,fail,1149,103,410,0,0,0,1246,fail,fail,208,0,105,0,1254,fail
 95640,0,fail,fail,848,1904,2379,fail,fail,fail,fail,0,519,1365,0,2627,fail,fail,1149,103,410,0,0,0,1246,fail,fail,208,0,105,0,1254,fail
 95645,0,fail,fail,848,1904,2379,fail,fail,fail,fail,0,519,1365,0,2627,fail,fail,1149,103,410,0,0,0,1246,fail,fail,208,0,105,0,1254,fail
 95650,0,fail,fail,848,1904,2379,fail,fail,fail,fail,0,519,1365,0,2627,fail,fail,1149,103,410,0,0,0,1246,fail,fail,208,0,105,0,1254,fail
 95655,0,fail,fail,848,1904,2379,fail,fail,fail,fail,0,519,1365,0,2627,fail,fail,1149,103,410,0,0,0,1246,fail,fail,208,0,105,0,1254,fail
 95660,0,fail,fail,848,1904,2379,fail,fail,fail,fail,0,519,1365,0,2627,fail,fail,1149,103,410,0,0,0,1246,fail,fail,208,0,105,0,1254,fail
 95665,0,fail,fail,848,1904,2379,fail,fail,fail,fail,0,519,1365,0,2627,fail,fail,1149,103,410,0,0,0,1246,fail,fail,208,0,105,0,1254,fail
 95670,0,fail,fail,848,1904,2379,fail,fail,fail,fail,0,519,1365,0,2627,fail,fail,1149,103,410,0,0,0,1246,fail,fail,208,0,105,0,1254,fail
 95675,0,fail,fail,848,1904,2379,fail,fail,fail,fail,0,519,1365,0,2627,fail,fail,1149,103,410,0,0,0,1246,fail,fail,208,0,105,0,1254,fail
 95680,0,fail,fail,848,1904,2379,fail,fail,fail,fail,0,519,1365,0,2627,fail,fail,1149,103,410,0,0,0,1246,fail,fail,208,0,105,0,1254,fail
 95685,0,fail,fail,848,1904,2379,fail,fail,fail,fail,0,519,1365,0,2627,fail,fail,1149,103,410,0,0,0,1246,fail,fail,208,0,105,0,1254,fail
 95690,0,fail,fail,848,1904,2379,fail,fail,fail,fail,0,519,1365,0,2627,fail,fail,1149,103,410,0,0,0,1246,fail,fail,208,0,105,0,1254,fail
 95695,0,fail,fail,848,1904,2379,fail,fail,fail,fail,0,519,1365,0,2627,fail,fail,1149,103,410,0,0,0,1246,fail,fail,208,0,105,0,1254,fail
 95700,0,fail,fail,848,1904,2379,fail,fail,fail,fail,0,519,1365,0,2627,fail,fail,1149,103,410,0,0,0,1246,fail,fail,208,0,105,0,1254,fail
 95705,0,fail,fail,848,1904,2379,fail,fail,fail,fail,0,519,1365,0,2627,fail,fail,1149,103,410,0,0,0,1246,fail,fail,208,0,105,0,1254,fail
 95710,0,fail,fail,848,1904,2379,fail,fail,fail,fail,0,519,1365,0,2627,fail,fail,1149,103,410,0,0,0,1246,fail,fail,208,0,105,0,1254,fail
 95715,0,fail,fail,848,1904,2379,fail,fail,fail,fail,0,519,1365,0,2627,fail,fail,1149,103,410,0,0,0,1246,fail,fail,208,0,105,0,1254,fail
 95720,0,fail,fail,848,1904,2379,fail,fail,fail,fail,0,519,1365,0,2627,fail,fail,1149,103,410,0,0,0,1246,fail,fail,208,0,105,0,1254,fail
 95725,0,fail,fail,848,1904,2379,fail,fail,fail,fail,0,519,1365,0,2627,fail,fail,1149,103,410,0,0,0,1246,fail,fail,208,0,105,0,1254,fail
 95730,0,fail,fail,848,1904,2379,fail,fail,fail,fail,0,519,1365,0,2627,fail,fail,1149,103,410,0,0,0,1246,fail,fail,208,0,105,0,1254,fail
 95735,0,fail,fail,848,1904,2379,fail,fail,fail,fail,0,519,1365,0,2627,fail,fail,1149,103,410,0,0,0,1246,fail,fail,208,0,105,0,1254,fail
 95740,0,fail,fail,848,1904,2379,fail,fail,fail,fail,0,519,1365,0,2627,fail,fail,1149,103,410,0,0,0,1246,fail,fail,208,0,105,0,1254,fail
 95745,0,fail,fail,848,1904,2379,fail,fail,fail,fail,0,519,1365,0,2627,fail,fail,1149,103,410,0,0,0,1246,fail,fail,208,0,105,0,1254,fail
 95750,0,fail,fail,848,1904,2379,fail,fail,fail,fail,0,519,1365,0,2627,fail,fail,1149,103,410,0,0,0,1246,fail,fail,208,0,105,0,1254,fail
 95755,0,fail,fail,848,1904,2379,fail,fail,fail,fail,0,519,1365,0,2627,fail,fail,1149,103,410,0,0,0,1246,fail,fail,208,0,105,0,1254,fail
 95760,0,fail,fail,848,1904,2379,fail,fail,fail,fail,0,519,1365,0,2627,fail,fail,1149,103,410,0,0,0,1246,fail,fail,208,0,105,0,1254,fail
 95765,0,fail,fail,848,1904,2379,fail,fail,fail,fail,0,519,1365,0,2627,fail,fail,1149,103,410,0,0,0,1246,fail,fail,208,0,105,0,1254,fail
 95770,0,fail,fail,848,1904,2379,fail,fail,fail,fail,0,519,1365,0,2627,fail,fail,1149,103,410,0,0,0,1246,fail,fail,208,0,105,0,1254,fail
 95775,0,fail,fail,848,1904,2379,fail,fail,fail,fail,0,519,1365,0,2627,fail,fail,1149,103,410,0,0,0,1246,fail,fail,208,0,105,0,1254,fail
 95780,0,fail,fail,848,1904,2379,fail,fail,fail,fail,0,519,1365,0,2627,fail,fail,1149,103,410,0,0,0,1246,fail,fail,208,0,105,0,1254,fail
 95785,0,fail,fail,848,1904,2379,fail,fail,fail,fail,0,519,1365,0,2627,fail,fail,1149,103,410,0,0,0,1246,fail,fail,208,0,105,0,1254,fail
 95790,0,fail,fail,848,1904,2379,fail,fail,fail,fail,0,519,1365,0,2627,fail,fail,1149,103,410,0,0,0,1246,fail,fail,208,0,105,0,1254,fail
 95795,0,fail,fail,848,1904,2379,fail,fail,fail,fail,0,519,1365,0,2627,fail,fail,1149,103,410,0,0,0,1246,fail,fail,208,0,105,0,1254,fail
 95800,0,fail,fail,848,1904,2379,fail,fail,fail,fail,0,519,1365,0,2627,fail,fail,1149,103,410,0,0,0,1246,fail,fail,208,0,105,0,1254,fail
 95805,0,fail,fail,848,1904,2379,fail,fail,fail,fail,0,519,1365,0,2627,fail,fail,1149,103,410,0,0,0,1246,fail,fail,208,0,105,0,1254,fail
 95810,0,fail,fail,848,1904,2379,fail,fail,fail,fail,0,519,1365,0,2627,fail,fail,1149,103,410,0,0,0,1246,fail,fail,208,0,105,0,1254,fail
 95815,0,fail,fail,848,1904,2379,fail,fail,fail,fail,0,519,1365,0,2627,fail,fail,1149,103,410,0,0,0,1246,fail,fail,208,0,105,0,1254,fail
 95820,0,fail,fail,848,1904,2379,fail,fail,fail,fail,0,519,1365,0,2627,fail,fail,1149,103,410,0,0,0,1246,fail,fail,208,0,105,0,1254,fail
 95825,0,fail,fail,848,1904,2379,fail,fail,fail,fail,0,519,1365,0,2627,fail,fail,1149,103,410,0,0,0,1246,fail,fail,208,0,105,0,1254,fail
 95830,0,fail,fail,848,1904,2379,fail,fail,fail,fail,0,519,1365,0,2627,fail,fail,1149,103,410,0,0,0,1246,fail,fail,208,0,105,0,1254,fail
 95835,0,fail,fail,848,1904,2379,fail,fail,fail,fail,0,519,1365,0,2627,fail,fail,1149,103,410,0,0,0,1246,fail,fail,208,0,105,0,1254,fail
 95840,0,fail,fail,848,1904,2379,fail,fail,fail,fail,0,519,1365,0,2627,fail,fail,1149,103,410,0,0,0,1246,fail,fail,208,0,105,0,1254,fail
 95845,0,fail,fail,848,1904,2379,fail,fail,fail,fail,0,519,1365,0,2627,fail,fail,1149,103,410,0,0,0,1246,fail,fail,208,0,105,0,1254,fail
 95850,0,fail,fail,848,1904,2379,fail,fail,fail,fail,0,519,1365,0,2627,fail,fail,1149,103,410,0,0,0,1246,fail,fail,208,0,105,0,1254,fail
 95855,0,fail,fail,848,1904,2379,fail,fail,fail,fail,0,519,1365,0,2627,fail,fail,1149,103,410,0,0,0,1246,fail,fail,208,0,105,0,1254,fail
 95860,0,fail,fail,848,1904,2379,fail,fail,fail,fail,0,519,1365,0,2627,fail,fail,1149,103,410,0,0,0,1246,fail,fail,208,0,105,0,1254,fail
 95865,0,fail,fail,848,1904,2379,fail,fail,fail,fail,0,519,1365,0,2627,fail,fail,1149,103,410,0,0,0,1246,fail,fail,208,0,105,0,1254,fail
 95870,0,fail,fail,848,1904,2379,fail,fail,fail,fail,0,519,1365,0,2627,fail,fail,1149,103,410,0,0,0,1246,fail,fail,208,0,105,0,1254,fail
 95875,0,fail,fail,848,1904,2379,fail,fail,fail,fail,0,519,1365,0,2627,fail,fail,1149,103,410,0,0,0,1246,fail,fail,208,0,105,0,1254,fail
 95880,0,fail,fail,848,1904,2379,fail,fail,fail,fail,0,519,1365,0,2627,fail,fail,1149,103,410,0,0,0,1246,fail,fail,208,0,105,0,1254,fail
 95885,0,fail,fail,848,1904,2379,fail,fail,fail,fail,0,519,1365,0,2627,fail,fail,1149,103,410,0,0,0,1246,fail,fail,208,0,105,0,1254,fail
 95890,0,fail,fail,848,1904,2379,fail,fail,fail,fail,0,519,1365,0,2627,fail,fail,1149,103,410,0,0,0,1246,fail,fail,208,0,105,0,1254,fail
 95895,0,fail,fail,848,1904,2379,fail,fail,fail,fail,0,519,1365,0,2627,fail,fail,1149,103,410,0,0,0,1246,fail,fail,208,0,105,0,1254,fail
 95900,0,fail,fail,848,1904,2379,fail,fail,fail,fail,0,519,1365,0,2627,fail,fail,1149,103,410,0,0,0,1246,fail,fail,208,0,105,0,1254,fail
 95905,0,fail,fail,848,1904,2379,fail,fail,fail,fail,0,519,1365,0,2627,fail,fail,1149,103,410,0,0,0,1246,fail,fail,208,0,105,0,1254,fail
 95910,0,fail,fail,848,1904,2379,fail,fail,fail,fail,0,519,1365,0,2627,fail,fail,1149,103,410,0,0,0,1246,fail,fail,208,0,105,0,1254,fail
 95915,0,fail,fail,848,1904,2379,fail,fail,fail,fail,0,519,1365,0,2627,fail,fail,1149,103,410,0,0,0,1246,fail,fail,208,0,105,0,1254,fail
 95920,0,fail,fail,848,1904,2379,fail,fail,fail,fail,0,519,1365,0,2627,fail,fail,1149,103,410,0,0,0,1246,fail,fail,208,0,105,0,1254,fail
 95925,0,fail,fail,848,1904,2379,fail,fail,fail,fail,0,519,1365,0,2627,fail,fail,1149,103,410,0,0,0,1246,fail,fail,208,0,105,0,1254,fail
 95930,0,fail,fail,848,1904,2379,fail,fail,fail,fail,0,519,1365,0,2627,fail,fail,1149,103,410,0,0,0,1246,fail,fail,208,0,105,0,1254,fail
 95935,0,fail,fail,848,1904,2379,fail,fail,fail,fail,0,519,1365,0,2627,fail,fail,1149,103,410,0,0,0,1246,fail,fail,208,0,105,0,1254,fail
 95940,0,fail,fail,848,1904,2379,fail,fail,fail,fail,0,519,1365,0,2627,fail,fail,1149,103,410,0,0,0,1246,fail,fail,208,0,105,0,1254,fail
 95945,0,fail,fail,848,1904,2379,fail,fail,fail,fail,0,519,1365,0,2627,fail,fail,1149,103,410,0,0,0,1246,fail,fail,208,0,105,0,1254,fail
 95950,0,fail,fail,848,1904,2379,fail,fail,fail,fail,0,519,1365,0,2627,fail,fail,1149,103,410,0,0,0,1246,fail,fail,208,0,105,0,1254,fail
 95955,0,fail,fail,848,1904,2379,fail,fail,fail,fail,0,519,1365,0,2627,fail,fail,1149,103,410,0,0,0,1246,fail,fail,208,0,105,0,1254,fail
 95960,0,fail,fail,848,1904,2379,fail,fail,fail,fail,0,519,1365,0,2627,fail,fail,1149,103,410,0,0,0,1246,fail,fail,208,0,105,0,1254,fail
 95965,0,fail,fail,848,1904,2379,fail,fail,fail,fail,0,519,1365,0,2627,fail,fail,1149,103,410,0,0,0,1246,fail,fail,208,0,105,0,1254,fail
 95970,0,fail,fail,848,1904,2379,fail,fail,fail,fail,0,519,1365,0,2627,fail,fail,1149,103,410,0,0,0,1246,fail,fail,208,0,105,0,1254,fail
 95975,0,fail,fail,848,1904,2379,fail,fail,fail,fail,0,519,1365,0,2627,fail,fail,1149,103,410,0,0,0,1246,fail,fail,208,0,105,0,1254,fail
 95980,0,fail,fail,848,1904,2379,fail,fail,fail,fail,0,519,1365,0,2627,fail,fail,1149,103,410,0,0,0,1246,fail,fail,208,0,105,0,1254,fail
 95985,0,fail,fail,848,1904,2379,fail,fail,fail,fail,0,519,1365,0,2627,fail,fail,1149,103,410,0,0,0,1246,fail,fail,208,0,105,0,1254,fail
 95990,0,fail,fail,848,1904,2379,fail,fail,fail,fail,0,519,1365,0,2627,fail,fail,1149,103,410,0,0,0,1246,fail,fail,208,0,105,0,1254,fail
 95995,0,fail,fail,848,1904,2379,fail,fail,fail,fail,0,519,1365,0,2627,fail,fail,1149,103,410,0,0,0,1246,fail,fail,208,0,105,0,1254,fail
 96000,0,fail,fail,848,1904,2379,fail,fail,fail,fail,0,519,1365,0,2627,fail,fail,1149,103,410,0,0,0,1246,fail,fail,208,0,105,0,1254,fail
 96005,0,fail,fail,848,1904,2379,fail,fail,fail,fail,0,519,1365,0,2627,fail,fail,1149,103,410,0,0,0,1246,fail,fail,208,0,105,0,1254,fail
 96010,0,fail,fail,848,1904,2379,fail,fail,fail,fail,0,519,1365,0,2627,fail,fail,1149,103,410,0,0,0,1246,fail,fail,208,0,105,0,1254,fail
 96015,0,fail,fail,848,1904,2379,fail,fail,fail,fail,0,519,1365,0,2627,fail,fail,1149,103,410,0,0,0,1246,fail,fail,208,0,105,0,1254,fail
 96020,0,fail,fail,848,1904,2379,fail,fail,fail,fail,0,519,1365,0,2627,fail,fail,1149,103,410,0,0,0,1246,fail,fail,208,0,105,0,1254,fail
 96025,0,fail,fail,848,1904,2379,fail,fail,fail,fail,0,519,1365,0,2627,fail,fail,1149,103,410,0,0,0,1246,fail,fail,208,0,105,0,1254,fail
 96030,0,fail,fail,848,1904,2379,fail,fail,fail,fail,0,519,1365,0,2627,fail,fail,1149,103,410,0,0,0,1246,fail,fail,208,0,105,0,1254,fail
 96035,0,fail,fail,848,1904,2379,fail,fail,fail,fail,0,519,1365,0,2627,fail,fail,1149,103,410,0,0,0,1246,fail,fail,208,0,105,0,1254,fail
 96040,0,fail,fail,848,1904,2379,fail,fail,fail,fail,0,519,1365,0,2627,fail,fail,1149,103,410,0,0,0,1246,fail,fail,208,0,105,0,1254,fail
 96045,0,fail,fail,848,1904,2379,fail,fail,fail,fail,0,519,1365,0,2627,fail,fail,1149,103,410,0,0,0,1246,fail,fail,208,0,105,0,1254,fail
 96050,0,fail,fail,848,1904,2379,fail,fail,fail,fail,0,519,1365,0,2627,fail,fail,1149,103,410,0,0,0,1246,fail,fail,208,0,105,0,1254,fail
 96055,0,fail,fail,848,1904,2379,fail,fail,fail,fail,0,519,1365,0,2627,fail,fail,1149,103,410,0,0,0,1246,fail,fail,208,0,105,0,1254,fail
 96060,0,fail,fail,848,1904,2379,fail,fail,fail,fail,0,519,1365,0,2627,fail,fail,1149,103,410,0,0,0,1246,fail,fail,208,0,105,0,1254,fail
 96065,0,fail,fail,848,1904,2379,fail,fail,fail,fail,0,519,1365,0,2627,fail,fail,1149,103,410,0,0,0,1246,fail,fail,208,0,105,0,1254,fail
 96070,0,fail,fail,848,1904,2379,fail,fail,fail,fail,0,519,1365,0,2627,fail,fail,1149,103,410,0,0,0,1246,fail,fail,208,0,105,0,1254,fail
 96075,0,fail,fail,848,1904,2379,fail,fail,fail,fail,0,519,1365,0,2627,fail,fail,1149,103,410,0,0,0,1246,fail,fail,208,0,105,0,1254,fail
 96080,0,fail,fail,848,1904,2379,fail,fail,fail,fail,0,519,1365,0,2627,fail,fail,1149,103,410,0,0,0,1246,fail,fail,208,0,105,0,1254,fail
 96085,0,fail,fail,848,1904,2379,fail,fail,fail,fail,0,519,1365,0,2627,fail,fail,1149,103,410,0,0,0,1246,fail,fail,208,0,105,0,1254,fail
 96090,0,fail,fail,848,1904,2379,fail,fail,fail,fail,0,519,1365,0,2627,fail,fail,1149,103,410,0,0,0,1246,fail,fail,208,0,105,0,1254,fail
 96095,0,fail,fail,848,1904,2379,fail,fail,fail,fail,0,519,1365,0,2627,fail,fail,1149,103,410,0,0,0,1246,fail,fail,208,0,105,0,1254,fail
 96100,0,fail,fail,848,1904,2379,fail,fail,fail,fail,0,519,1365,0,2627,fail,fail,1149,103,410,0,0,0,1246,fail,fail,208,0,105,0,1254,fail
 96105,0,fail,fail,848,1904,2379,fail,fail,fail,fail,0,519,1365,0,2627,fail,fail,1149,103,410,0,0,0,1246,fail,fail,208,0,105,0,1254,fail
 96110,0,fail,fail,848,1904,2379,fail,fail,fail,fail,0,519,1365,0,2627,fail,fail,1149,103,410,0,0,0,1246,fail,fail,208,0,105,0,1254,fail
 96115,0,fail,fail,848,1904,2379,fail,fail,fail,fail,0,519,1365,0,2627,fail,fail,1149,103,410,0,0,0,1246,fail,fail,208,0,105,0,1254,fail
 96120,0,fail,fail,848,1904,2379,fail,fail,fail,fail,0,519,1365,0,2627,fail,fail,1149,103,410,0,0,0,1246,fail,fail,208,0,105,0,1254,fail
 96125,0,fail,fail,848,1904,2379,fail,fail,fail,fail,0,519,1365,0,2627,fail,fail,1149,103,410,0,0,0,1246,fail,fail,208,0,105,0,1254,fail
 96130,0,fail,fail,848,1904,2379,fail,fail,fail,fail,0,519,1365,0,2627,fail,fail,1149,103,410,0,0,0,1246,fail,fail,208,0,105,0,1254,fail
 96135,0,fail,fail,848,1904,2379,fail,fail,fail,fail,0,519,1365,0,2627,fail,fail,1149,103,410,0,0,0,1246,fail,fail,208,0,105,0,1254,fail
 96140,0,fail,fail,848,1904,2379,fail,fail,fail,fail,0,519,1365,0,2627,fail,fail,1149,103,410,0,0,0,1246,fail,fail,208,0,105,0,1254,fail
 96145,0,fail,fail,848,1904,2379,fail,fail,fail,fail,0,519,1365,0,2627,fail,fail,1149,103,410,0,0,0,1246,fail,fail,208,0,105,0,1254,fail
 96150,0,fail,fail,848,1904,2379,fail,fail,fail,fail,0,519,1365,0,2627,fail,fail,1149,103,410,0,0,0,1246,fail,fail,208,0,105,0,1254,fail
 96155,0,fail,fail,848,1904,2379,fail,fail,fail,fail,0,519,1365,0,2627,fail,fail,1149,103,410,0,0,0,1246,fail,fail,208,0,105,0,1254,fail
 96160,0,fail,fail,848,1904,2379,fail,fail,fail,fail,0,519,1365,0,2627,fail,fail,1149,103,410,0,0,0,1246,fail,fail,208,0,105,0,1254,fail
 96165,0,fail,fail,848,1904,2379,fail,fail,fail,fail,0,519,1365,0,2627,fail,fail,1149,103,410,0,0,0,1246,fail,fail,208,0,105,0,1254,fail
 96170,0,fail,fail,848,1904,2379,fail,fail,fail,fail,0,519,1365,0,2627,fail,fail,1149,103,410,0,0,0,1246,fail,fail,208,0,105,0,1254,fail
 96175,0,fail,fail,848,1904,2379,fail,fail,fail,fail,0,519,1365,0,2627,fail,fail,1149,103,410,0,0,0,1246,fail,fail,208,0,105,0,1254,fail
 96180,0,fail,fail,848,1904,2379,fail,fail,fail,fail,0,519,1365,0,2627,fail,fail,1149,103,410,0,0,0,1246,fail,fail,208,0,105,0,1254,fail
 96185,0,fail,fail,848,1904,2379,fail,fail,fail,fail,0,519,1365,0,2627,fail,fail,1149,103,410,0,0,0,1246,fail,fail,208,0,105,0,1254,fail
 96190,0,fail,fail,848,1904,2379,fail,fail,fail,fail,0,519,1365,0,2627,fail,fail,1149,103,410,0,0,0,1246,fail,fail,208,0,105,0,1254,fail
 96195,0,fail,fail,848,1904,2379,fail,fail,fail,fail,0,519,1365,0,2627,fail,fail,1149,103,410,0,0,0,1246,fail,fail,208,0,105,0,1254,fail
 96200,0,fail,fail,848,1904,2379,fail,fail,fail,fail,0,519,1365,0,2627,fail,fail,1149,103,410,0,0,0,1246,fail,fail,208,0,105,0,1254,fail
 96205,0,fail,fail,848,1904,2379,fail,fail,fail,fail,0,519,1365,0,2627,fail,fail,1149,103,410,0,0,0,1246,fail,fail,208,0,105,0,1254,fail
 96210,0,fail,fail,848,1904,2379,fail,fail,fail,fail,0,519,1365,0,2627,fail,fail,1149,103,410,0,0,0,1246,fail,fail,208,0,105,0,1254,fail
 96215,0,fail,fail,848,1904,2379,fail,fail,fail,fail,0,519,1365,0,2627,fail,fail,1149,103,410,0,0,0,1246,fail,fail,208,0,105,0,1254,fail
 96220,0,fail,fail,848,1904,2379,fail,fail,fail,fail,0,519,1365,0,2627,fail,fail,1149,103,410,0,0,0,1246,fail,fail,208,0,105,0,1254,fail
 96225,0,fail,fail,848,1904,2379,fail,fail,fail,fail,0,519,1365,0,2627,fail,fail,1149,103,410,0,0,0,1246,fail,fail,208,0,105,0,1254,fail
 96230,0,fail,fail,848,1904,2379,fail,fail,fail,fail,0,519,1365,0,2627,fail,fail,1149,103,410,0,0,0,1246,fail,fail,208,0,105,0,1254,fail
 96235,0,fail,fail,848,1904,2379,fail,fail,fail,fail,0,519,1365,0,2627,fail,fail,1149,103,410,0,0,0,1246,fail,fail,208,0,105,0,1254,fail
 96240,0,fail,fail,848,1904,2379,fail,fail,fail,fail,0,519,1365,0,2627,fail,fail,1149,103,410,0,0,0,1246,fail,fail,208,0,105,0,1254,fail
 96245,0,fail,fail,848,1904,2379,fail,fail,fail,fail,0,519,1365,0,2627,fail,fail,1149,103,410,0,0,0,1246,fail,fail,208,0,105,0,1254,fail
 96250,0,fail,fail,848,1904,2379,fail,fail,fail,fail,0,519,1365,0,2627,fail,fail,1149,103,410,0,0,0,1246,fail,fail,208,0,105,0,1254,fail
 96255,0,fail,fail,848,1904,2379,fail,fail,fail,fail,0,519,1365,0,2627,fail,fail,1149,103,410,0,0,0,1246,fail,fail,208,0,105,0,1254,fail
 96260,0,fail,fail,848,1904,2379,fail,fail,fail,fail,0,519,1365,0,2627,fail,fail,1149,103,410,0,0,0,1246,fail,fail,208,0,105,0,1254,fail
 96265,0,fail,fail,848,1904,2379,fail,fail,fail,fail,0,519,1365,0,2627,fail,fail,1149,103,410,0,0,0,1246,fail,fail,208,0,105,0,1254,fail
 96270,0,fail,fail,848,1904,2379,fail,fail,fail,fail,0,519,1365,0,2627,fail,fail,1149,103,410,0,0,0,1246,fail,fail,208,0,105,0,1254,fail
 96275,0,fail,fail,848,1904,2379,fail,fail,fail,fail,0,519,1365,0,2627,fail,fail,1149,103,410,0,0,0,1246,fail,fail,208,0,105,0,1254,fail
 96280,0,fail,fail,848,1904,2379,fail,fail,fail,fail,0,519,1365,0,2627,fail,fail,1149,103,410,0,0,0,1246,fail,fail,208,0,105,0,1254,fail
 96285,0,fail,fail,848,1904,2379,fail,fail,fail,fail,0,519,1365,0,2627,fail,fail,1149,103,410,0,0,0,1246,fail,fail,208,0,105,0,1254,fail
 96290,0,fail,fail,848,1904,2379,fail,fail,fail,fail,0,519,1365,0,2627,fail,fail,1149,103,410,0,0,0,1246,fail,fail,208,0,105,0,1254,fail
 96295,0,fail,fail,848,1904,2379,fail,fail,fail,fail,0,519,1365,0,2627,fail,fail,1149,103,410,0,0,0,1246,fail,fail,208,0,105,0,1254,fail
 96300,0,fail,fail,848,1904,2379,fail,fail,fail,fail,0,519,1365,0,2627,fail,fail,1149,103,410,0,0,0,1246,fail,fail,208,0,105,0,1254,fail
 96305,0,fail,fail,848,1904,2379,fail,fail,fail,fail,0,519,1365,0,2627,fail,fail,1149,103,410,0,0,0,1246,fail,fail,208,0,105,0,1254,fail
 96310,0,fail,fail,848,1904,2379,fail,fail,fail,fail,0,519,1365,0,2627,fail,fail,1149,103,410,0,0,0,1246,fail,fail,208,0,105,0,1254,fail
 96315,0,fail,fail,848,1904,2379,fail,fail,fail,fail,0,519,1365,0,2627,fail,fail,1149,103,410,0,0,0,1246,fail,fail,208,0,105,0,1254,fail
 96320,0,fail,fail,848,1904,2379,fail,fail,fail,fail,0,519,1365,0,2627,fail,fail,1149,103,410,0,0,0,1246,fail,fail,208,0,105,0,1254,fail
 96325,0,fail,fail,848,1904,2379,fail,fail,fail,fail,0,519,1365,0,2627,fail,fail,1149,103,410,0,0,0,1246,fail,fail,208,0,105,0,1254,fail
 96330,0,fail,fail,848,1904,2379,fail,fail,fail,fail,0,519,1365,0,2627,fail,fail,1149,103,410,0,0,0,1246,fail,fail,208,0,105,0,1254,fail
 96335,0,fail,fail,848,1904,2379,fail,fail,fail,fail,0,519,1365,0,2627,fail,fail,1149,103,410,0,0,0,1246,fail,fail,208,0,105,0,1254,fail
 96340,0,fail,fail,848,1904,2379,fail,fail,fail,fail,0,519,1365,0,2627,fail,fail,1149,103,410,0,0,0,1246,fail,fail,208,0,105,0,1254,fail
 96345,0,fail,fail,848,1904,2379,fail,fail,fail,fail,0,519,1365,0,2627,fail,fail,1149,103,410,0,0,0,1246,fail,fail,208,0,105,0,1254,fail
 96350,0,fail,fail,848,1904,2379,fail,fail,fail,fail,0,519,1365,0,2627,fail,fail,1149,103,410,0,0,0,1246,fail,fail,208,0,105,0,1254,fail
 96355,0,fail,fail,848,1904,2379,fail,fail,fail,fail,0,519,1365,0,2627,fail,fail,1149,103,410,0,0,0,1246,fail,fail,208,0,105,0,1254,fail
 96360,0,fail,fail,848,1904,2379,fail,fail,fail,fail,0,519,1365,0,2627,fail,fail,1149,103,410,0,0,0,1246,fail,fail,208,0,105,0,1254,fail
 96365,0,fail,fail,848,1904,2379,fail,fail,fail,fail,0,519,1365,0,2627,fail,fail,1149,103,410,0,0,0,1246,fail,fail,208,0,105,0,1254,fail
 96370,0,fail,fail,848,1904,2379,fail,fail,fail,fail,0,519,1365,0,2627,fail,fail,1149,103,410,0,0,0,1246,fail,fail,208,0,105,0,1254,fail
 96375,0,fail,fail,848,1904,2379,fail,fail,fail,fail,0,519,1365,0,2627,fail,fail,1149,103,410,0,0,0,1246,fail,fail,208,0,105,0,1254,fail
 96380,0,fail,fail,848,1904,2379,fail,fail,fail,fail,0,519,1365,0,2627,fail,fail,1149,103,410,0,0,0,1246,fail,fail,208,0,105,0,1254,fail
 96385,0,fail,fail,848,1904,2379,fail,fail,fail,fail,0,519,1365,0,2627,fail,fail,1149,103,410,0,0,0,1246,fail,fail,208,0,105,0,1254,fail
 96390,0,fail,fail,848,1904,2379,fail,fail,fail,fail,0,519,1365,0,2627,fail,fail,1149,103,410,0,0,0,1246,fail,fail,208,0,105,0,1254,fail
 96395,0,fail,fail,848,1904,2379,fail,fail,fail,fail,0,519,1365,0,2627,fail,fail,1149,103,410,0,0,0,1246,fail,fail,208,0,105,0,1254,fail
 96400,0,fail,fail,848,1904,2379,fail,fail,fail,fail,0,519,1365,0,2627,fail,fail,1149,103,410,0,0,0,1246,fail,fail,208,0,105,0,1254,fail
 96405,0,fail,fail,848,1904,2379,fail,fail,fail,fail,0,519,1365,0,2627,fail,fail,1149,103,410,0,0,0,1246,fail,fail,208,0,105,0,1254,fail
 96410,0,fail,fail,848,1904,2379,fail,fail,fail,fail,0,519,1365,0,2627,fail,fail,1149,103,410,0,0,0,1246,fail,fail,208,0,105,0,1254,fail
 96415,0,fail,fail,848,1904,2379,fail,fail,fail,fail,0,519,1365,0,2627,fail,fail,1149,103,410,0,0,0,1246,fail,fail,208,0,105,0,1254,fail
 96420,0,fail,fail,848,1904,2379,fail,fail,fail,fail,0,519,1365,0,2627,fail,fail,1149,103,410,0,0,0,1246,fail,fail,208,0,105,0,1254,fail
 96425,0,fail,fail,848,1904,2379,fail,fail,fail,fail,0,519,1365,0,2627,fail,fail,1149,103,410,0,0,0,1246,fail,fail,208,0,105,0,1254,fail
 96430,0,fail,fail,848,1904,2379,fail,fail,fail,fail,0,519,1365,0,2627,fail,fail,1149,103,410,0,0,0,1246,fail,fail,208,0,105,0,1254,fail
 96435,0,fail,fail,848,1904,2379,fail,fail,fail,fail,0,519,1365,0,2627,fail,fail,1149,103,410,0,0,0,1246,fail,fail,208,0,105,0,1254,fail
 96440,0,fail,fail,848,1904,2379,fail,fail,fail,fail,0,519,1365,0,2627,fail,fail,1149,103,410,0,0,0,1246,fail,fail,208,0,105,0,1254,fail
 96445,0,fail,fail,848,1904,2379,fail,fail,fail,fail,0,519,1365,0,2627,fail,fail,1149,103,410,0,0,0,1246,fail,fail,208,0,105,0,1254,fail
 96450,0,fail,fail,848,1904,2379,fail,fail,fail,fail,0,519,1365,0,2627,fail,fail,1149,103,410,0,0,0,1246,fail,fail,208,0,105,0,1254,fail
 96455,0,fail,fail,848,1904,2379,fail,fail,fail,fail,0,519,1365,0,2627,fail,fail,1149,103,410,0,0,0,1246,fail,fail,208,0,105,0,1254,fail
 96460,0,fail,fail,848,1904,2379,fail,fail,fail,fail,0,519,1365,0,2627,fail,fail,1149,103,410,0,0,0,1246,fail,fail,208,0,105,0,1254,fail
 96465,0,fail,fail,848,1904,2379,fail,fail,fail,fail,0,519,1365,0,2627,fail,fail,1149,103,410,0,0,0,1246,fail,fail,208,0,105,0,1254,fail
 96470,0,fail,fail,848,1904,2379,fail,fail,fail,fail,0,519,1365,0,2627,fail,fail,1149,103,410,0,0,0,1246,fail,fail,208,0,105,0,1254,fail
 96475,0,fail,fail,848,1904,2379,fail,fail,fail,fail,0,519,1365,0,2627,fail,fail,1149,103,410,0,0,0,1246,fail,fail,208,0,105,0,1254,fail
 96480,0,fail,fail,848,1904,2379,fail,fail,fail,fail,0,519,1365,0,2627,fail,fail,1149,103,410,0,0,0,1246,fail,fail,208,0,105,0,1254,fail
 96485,0,fail,fail,848,1904,2379,fail,fail,fail,fail,0,519,1365,0,2627,fail,fail,1149,103,410,0,0,0,1246,fail,fail,208,0,105,0,1254,fail
 96490,0,fail,fail,848,1904,2379,fail,fail,fail,fail,0,519,1365,0,2627,fail,fail,1149,103,410,0,0,0,1246,fail,fail,208,0,105,0,1254,fail
 96495,0,fail,fail,848,1904,2379,fail,fail,fail,fail,0,519,1365,0,2627,fail,fail,1149,103,410,0,0,0,1246,fail,fail,208,0,105,0,1254,fail
 96500,0,fail,fail,848,1904,2379,fail,fail,fail,fail,0,519,1365,0,2627,fail,fail,1149,103,410,0,0,0,1246,fail,fail,208,0,105,0,1254,fail
 96505,0,fail,fail,848,1904,2379,fail,fail,fail,fail,0,519,1365,0,2627,fail,fail,1149,103,410,0,0,0,1246,fail,fail,208,0,105,0,1254,fail
 96510,0,fail,fail,848,1904,2379,fail,fail,fail,fail,0,519,1365,0,2627,fail,fail,1149,103,410,0,0,0,1246,fail,fail,208,0,105,0,1254,fail
 96515,0,fail,fail,848,1904,2379,fail,fail,fail,fail,0,519,1365,0,2627,fail,fail,1149,103,410,0,0,0,1246,fail,fail,208,0,105,0,1254,fail
 96520,0,fail,fail,848,1904,2379,fail,fail,fail,fail,0,519,1365,0,2627,fail,fail,1149,103,410,0,0,0,1246,fail,fail,208,0,105,0,1254,fail
 96525,0,fail,fail,848,1904,2379,fail,fail,fail,fail,0,519,1365,0,2627,fail,fail,1149,103,410,0,0,0,1246,fail,fail,208,0,105,0,1254,fail
 96530,0,fail,fail,848,1904,2379,fail,fail,fail,fail,0,519,1365,0,2627,fail,fail,1149,103,410,0,0,0,1246,fail,fail,208,0,105,0,1254,fail
 96535,0,fail,fail,848,1904,2379,fail,fail,fail,fail,0,519,1365,0,2627,fail,fail,1149,103,410,0,0,0,1246,fail,fail,208,0,105,0,1254,fail
 96540,0,fail,fail,848,1904,2379,fail,fail,fail,fail,0,519,1365,0,2627,fail,fail,1149,103,410,0,0,0,1246,fail,fail,208,0,105,0,1254,fail
 96545,0,fail,fail,848,1904,2379,fail,fail,fail,fail,0,519,1365,0,2627,fail,fail,1149,103,410,0,0,0,1246,fail,fail,208,0,105,0,1254,fail
 96550,0,fail,fail,848,1904,2379,fail,fail,fail,fail,0,519,1365,0,2627,fail,fail,1149,103,410,0,0,0,1246,fail,fail,208,0,105,0,1254,fail
 96555,0,fail,fail,848,1904,2379,fail,fail,fail,fail,0,519,1365,0,2627,fail,fail,1149,103,410,0,0,0,1246,fail,fail,208,0,105,0,1254,fail
 96560,0,fail,fail,848,1904,2379,fail,fail,fail,fail,0,519,1365,0,2627,fail,fail,1149,103,410,0,0,0,1246,fail,fail,208,0,105,0,1254,fail
 96565,0,fail,fail,848,1904,2379,fail,fail,fail,fail,0,519,1365,0,2627,fail,fail,1149,103,410,0,0,0,1246,fail,fail,208,0,105,0,1254,fail
 96570,0,fail,fail,848,1904,2379,fail,fail,fail,fail,0,519,1365,0,2627,fail,fail,1149,103,410,0,0,0,1246,fail,fail,208,0,105,0,1254,fail
 96575,0,fail,fail,848,1904,2379,fail,fail,fail,fail,0,519,1365,0,2627,fail,fail,1149,103,410,0,0,0,1246,fail,fail,208,0,105,0,1254,fail
 96580,0,fail,fail,848,1904,2379,fail,fail,fail,fail,0,519,1365,0,2627,fail,fail,1149,103,410,0,0,0,1246,fail,fail,208,0,105,0,1254,fail
 96585,0,fail,fail,848,1904,2379,fail,fail,fail,fail,0,519,1365,0,2627,fail,fail,1149,103,410,0,0,0,1246,fail,fail,208,0,105,0,1254,fail
 96590,0,fail,fail,848,1904,2379,fail,fail,fail,fail,0,519,1365,0,2627,fail,fail,1149,103,410,0,0,0,1246,fail,fail,208,0,105,0,1254,fail
 96595,0,fail,fail,848,1904,2379,fail,fail,fail,fail,0,519,1365,0,2627,fail,fail,1149,103,410,0,0,0,1246,fail,fail,208,0,105,0,1254,fail
 96600,0,fail,fail,848,1904,2379,fail,fail,fail,fail,0,519,1365,0,2627,fail,fail,1149,103,410,0,0,0,1246,fail,fail,208,0,105,0,1254,fail
 96605,0,fail,fail,848,1904,2379,fail,fail,fail,fail,0,519,1365,0,2627,fail,fail,1149,103,410,0,0,0,1246,fail,fail,208,0,105,0,1254,fail
 96610,0,fail,fail,848,1904,2379,fail,fail,fail,fail,0,519,1365,0,2627,fail,fail,1149,103,410,0,0,0,1246,fail,fail,208,0,105,0,1254,fail
 96615,0,fail,fail,848,1904,2379,fail,fail,fail,fail,0,519,1365,0,2627,fail,fail,1149,103,410,0,0,0,1246,fail,fail,208,0,105,0,1254,fail
 96620,0,fail,fail,848,1904,2379,fail,fail,fail,fail,0,519,1365,0,2627,fail,fail,1149,103,410,0,0,0,1246,fail,fail,208,0,105,0,1254,fail
 96625,0,fail,fail,848,1904,2379,fail,fail,fail,fail,0,519,1365,0,2627,fail,fail,1149,103,410,0,0,0,1246,fail,fail,208,0,105,0,1254,fail
 96630,0,fail,fail,848,1904,2379,fail,fail,fail,fail,0,519,1365,0,2627,fail,fail,1149,103,410,0,0,0,1246,fail,fail,208,0,105,0,1254,fail
 96635,0,fail,fail,848,1904,2379,fail,fail,fail,fail,0,519,1365,0,2627,fail,fail,1149,103,410,0,0,0,1246,fail,fail,208,0,105,0,1254,fail
 96640,0,fail,fail,848,1904,2379,fail,fail,fail,fail,0,519,1365,0,2627,fail,fail,1149,103,410,0,0,0,1246,fail,fail,208,0,105,0,1254,fail
 96645,0,fail,fail,848,1904,2379,fail,fail,fail,fail,0,519,1365,0,2627,fail,fail,1149,103,410,0,0,0,1246,fail,fail,208,0,105,0,1254,fail
 96650,0,fail,fail,848,1904,2379,fail,fail,fail,fail,0,519,1365,0,2627,fail,fail,1149,103,410,0,0,0,1246,fail,fail,208,0,105,0,1254,fail
 96655,0,fail,fail,848,1904,2379,fail,fail,fail,fail,0,519,1365,0,2627,fail,fail,1149,103,410,0,0,0,1246,fail,fail,208,0,105,0,1254,fail
 96660,0,fail,fail,848,1904,2379,fail,fail,fail,fail,0,519,1365,0,2627,fail,fail,1149,103,410,0,0,0,1246,fail,fail,208,0,105,0,1254,fail
 96665,0,fail,fail,848,1904,2379,fail,fail,fail,fail,0,519,1365,0,2627,fail,fail,1149,103,410,0,0,0,1246,fail,fail,208,0,105,0,1254,fail
 96670,0,fail,fail,848,1904,2379,fail,fail,fail,fail,0,519,1365,0,2627,fail,fail,1149,103,410,0,0,0,1246,fail,fail,208,0,105,0,1254,fail
 96675,0,fail,fail,848,1904,2379,fail,fail,fail,fail,0,519,1365,0,2627,fail,fail,1149,103,410,0,0,0,1246,fail,fail,208,0,105,0,1254,fail
 96680,0,fail,fail,848,1904,2379,fail,fail,fail,fail,0,519,1365,0,2627,fail,fail,1149,103,410,0,0,0,1246,fail,fail,208,0,105,0,1254,fail
 96685,0,fail,fail,848,1904,2379,fail,fail,fail,fail,0,519,1365,0,2627,fail,fail,1149,103,410,0,0,0,1246,fail,fail,208,0,105,0,1254,fail
 96690,0,fail,fail,848,1904,2379,fail,fail,fail,fail,0,519,1365,0,2627,fail,fail,1149,103,410,0,0,0,1246,fail,fail,208,0,105,0,1254,fail
 96695,0,fail,fail,848,1904,2379,fail,fail,fail,fail,0,519,1365,0,2627,fail,fail,1149,103,410,0,0,0,1246,fail,fail,208,0,105,0,1254,fail
 96700,0,fail,fail,848,1904,2379,fail,fail,fail,fail,0,519,1365,0,2627,fail,fail,1149,103,410,0,0,0,1246,fail,fail,208,0,105,0,1254,fail
 96705,0,fail,fail,848,1904,2379,fail,fail,fail,fail,0,519,1365,0,2627,fail,fail,1149,103,410,0,0,0,1246,fail,fail,208,0,105,0,1254,fail
 96710,0,fail,fail,848,1904,2379,fail,fail,fail,fail,0,519,1365,0,2627,fail,fail,1149,103,410,0,0,0,1246,fail,fail,208,0,105,0,1254,fail
 96715,0,fail,fail,848,1904,2379,fail,fail,fail,fail,0,519,1365,0,2627,fail,fail,1149,103,410,0,0,0,1246,fail,fail,208,0,105,0,1254,fail
 96720,0,fail,fail,848,1904,2379,fail,fail,fail,fail,0,519,1365,0,2627,fail,fail,1149,103,410,0,0,0,1246,fail,fail,208,0,105,0,1254,fail
 96725,0,fail,fail,848,1904,2379,fail,fail,fail,fail,0,519,1365,0,2627,fail,fail,1149,103,410,0,0,0,1246,fail,fail,208,0,105,0,1254,fail
 96730,0,fail,fail,848,1904,2379,fail,fail,fail,fail,0,519,1365,0,2627,fail,fail,1149,103,410,0,0,0,1246,fail,fail,208,0,105,0,1254,fail
 96735,0,fail,fail,848,1904,2379,fail,fail,fail,fail,0,519,1365,0,2627,fail,fail,1149,103,410,0,0,0,1246,fail,fail,208,0,105,0,1254,fail
 96740,0,fail,fail,848,1904,2379,fail,fail,fail,fail,0,519,1365,0,2627,fail,fail,1149,103,410,0,0,0,1246,fail,fail,208,0,105,0,1254,fail
 96745,0,fail,fail,848,1904,2379,fail,fail,fail,fail,0,519,1365,0,2627,fail,fail,1149,103,410,0,0,0,1246,fail,fail,208,0,105,0,1254,fail
 96750,0,fail,fail,848,1904,2379,fail,fail,fail,fail,0,519,1365,0,2627,fail,fail,1149,103,410,0,0,0,1246,fail,fail,208,0,105,0,1254,fail
 96755,0,fail,fail,848,1904,2379,fail,fail,fail,fail,0,519,1365,0,2627,fail,fail,1149,103,410,0,0,0,1246,fail,fail,208,0,105,0,1254,fail
 96760,0,fail,fail,848,1904,2379,fail,fail,fail,fail,0,519,1365,0,2627,fail,fail,1149,103,410,0,0,0,1246,fail,fail,208,0,105,0,1254,fail
 96765,0,fail,fail,848,1904,2379,fail,fail,fail,fail,0,519,1365,0,2627,fail,fail,1149,103,410,0,0,0,1246,fail,fail,208,0,105,0,1254,fail
 96770,0,fail,fail,848,1904,2379,fail,fail,fail,fail,0,519,1365,0,2627,fail,fail,1149,103,410,0,0,0,1246,fail,fail,208,0,105,0,1254,fail
 96775,0,fail,fail,848,1904,2379,fail,fail,fail,fail,0,519,1365,0,2627,fail,fail,1149,103,410,0,0,0,1246,fail,fail,208,0,105,0,1254,fail
 96780,0,fail,fail,848,1904,2379,fail,fail,fail,fail,0,519,1365,0,2627,fail,fail,1149,103,410,0,0,0,1246,fail,fail,208,0,105,0,1254,fail
 96785,0,fail,fail,848,1904,2379,fail,fail,fail,fail,0,519,1365,0,2627,fail,fail,1149,103,410,0,0,0,1246,fail,fail,208,0,105,0,1254,fail
 96790,0,fail,fail,848,1904,2379,fail,fail,fail,fail,0,519,1365,0,2627,fail,fail,1149,103,410,0,0,0,1246,fail,fail,208,0,105,0,1254,fail
 96795,0,fail,fail,848,1904,2379,fail,fail,fail,fail,0,519,1365,0,2627,fail,fail,1149,103,410,0,0,0,1246,fail,fail,208,0,105,0,1254,fail
 96800,0,fail,fail,848,1904,2379,fail,fail,fail,fail,0,519,1365,0,2627,fail,fail,1149,103,410,0,0,0,1246,fail,fail,208,0,105,0,1254,fail
 96805,0,fail,fail,848,1904,2379,fail,fail,fail,fail,0,519,1365,0,2627,fail,fail,1149,103,410,0,0,0,1246,fail,fail,208,0,105,0,1254,fail
 96810,0,fail,fail,848,1904,2379,fail,fail,fail,fail,0,519,1365,0,2627,fail,fail,1149,103,410,0,0,0,1246,fail,fail,208,0,105,0,1254,fail
 96815,0,fail,fail,848,1904,2379,fail,fail,fail,fail,0,519,1365,0,2627,fail,fail,1149,103,410,0,0,0,1246,fail,fail,208,0,105,0,1254,fail
 96820,0,fail,fail,848,1904,2379,fail,fail,fail,fail,0,519,1365,0,2627,fail,fail,1149,103,410,0,0,0,1246,fail,fail,208,0,105,0,1254,fail
 96825,0,fail,fail,848,1904,2379,fail,fail,fail,fail,0,519,1365,0,2627,fail,fail,1149,103,410,0,0,0,1246,fail,fail,208,0,105,0,1254,fail
 96830,0,fail,fail,848,1904,2379,fail,fail,fail,fail,0,519,1365,0,2627,fail,fail,1149,103,410,0,0,0,1246,fail,fail,208,0,105,0,1254,fail
 96835,0,fail,fail,848,1904,2379,fail,fail,fail,fail,0,519,1365,0,2627,fail,fail,1149,103,410,0,0,0,1246,fail,fail,208,0,105,0,1254,fail
 96840,0,fail,fail,848,1904,2379,fail,fail,fail,fail,0,519,1365,0,2627,fail,fail,1149,103,410,0,0,0,1246,fail,fail,208,0,105,0,1254,fail
 96845,0,fail,fail,848,1904,2379,fail,fail,fail,fail,0,519,1365,0,2627,fail,fail,1149,103,410,0,0,0,1246,fail,fail,208,0,105,0,1254,fail
 96850,0,fail,fail,848,1904,2379,fail,fail,fail,fail,0,519,1365,0,2627,fail,fail,1149,103,410,0,0,0,1246,fail,fail,208,0,105,0,1254,fail
 96855,0,fail,fail,848,1904,2379,fail,fail,fail,fail,0,519,1365,0,2627,fail,fail,1149,103,410,0,0,0,1246,fail,fail,208,0,105,0,1254,fail
 96860,0,fail,fail,848,1904,2379,fail,fail,fail,fail,0,519,1365,0,2627,fail,fail,1149,103,410,0,0,0,1246,fail,fail,208,0,105,0,1254,fail
 96865,0,fail,fail,848,1904,2379,fail,fail,fail,fail,0,519,1365,0,2627,fail,fail,1149,103,410,0,0,0,1246,fail,fail,208,0,105,0,1254,fail
 96870,0,fail,fail,848,1904,2379,fail,fail,fail,fail,0,519,1365,0,2627,fail,fail,1149,103,410,0,0,0,1246,fail,fail,208,0,105,0,1254,fail
 96875,0,fail,fail,848,1904,2379,fail,fail,fail,fail,0,519,1365,0,2627,fail,fail,1149,103,410,0,0,0,1246,fail,fail,208,0,105,0,1254,fail
 96880,0,fail,fail,848,1904,2379,fail,fail,fail,fail,0,519,1365,0,2627,fail,fail,1149,103,410,0,0,0,1246,fail,fail,208,0,105,0,1254,fail
 96885,0,fail,fail,848,1904,2379,fail,fail,fail,fail,0,519,1365,0,2627,fail,fail,1149,103,410,0,0,0,1246,fail,fail,208,0,105,0,1254,fail
 96890,0,fail,fail,848,1904,2379,fail,fail,fail,fail,0,519,1365,0,2627,fail,fail,1149,103,410,0,0,0,1246,fail,fail,208,0,105,0,1254,fail
 96895,0,fail,fail,848,1904,2379,fail,fail,fail,fail,0,519,1365,0,2627,fail,fail,1149,103,410,0,0,0,1246,fail,fail,208,0,105,0,1254,fail
 96900,0,fail,fail,848,1904,2379,fail,fail,fail,fail,0,519,1365,0,2627,fail,fail,1149,103,410,0,0,0,1246,fail,fail,208,0,105,0,1254,fail
 96905,0,fail,fail,848,1904,2379,fail,fail,fail,fail,0,519,1365,0,2627,fail,fail,1149,103,410,0,0,0,1246,fail,fail,208,0,105,0,1254,fail
 96910,0,fail,fail,848,1904,2379,fail,fail,fail,fail,0,519,1365,0,2627,fail,fail,1149,103,410,0,0,0,1246,fail,fail,208,0,105,0,1254,fail
 96915,0,fail,fail,848,1904,2379,fail,fail,fail,fail,0,519,1365,0,2627,fail,fail,1149,103,410,0,0,0,1246,fail,fail,208,0,105,0,1254,fail
 96920,0,fail,fail,848,1904,2379,fail,fail,fail,fail,0,519,1365,0,2627,fail,fail,1149,103,410,0,0,0,1246,fail,fail,208,0,105,0,1254,fail
 96925,0,fail,fail,848,1904,2379,fail,fail,fail,fail,0,519,1365,0,2627,fail,fail,1149,103,410,0,0,0,1246,fail,fail,208,0,105,0,1254,fail
 96930,0,fail,fail,848,1904,2379,fail,fail,fail,fail,0,519,1365,0,2627,fail,fail,1149,103,410,0,0,0,1246,fail,fail,208,0,105,0,1254,fail
 96935,0,fail,fail,848,1904,2379,fail,fail,fail,fail,0,519,1365,0,2627,fail,fail,1149,103,410,0,0,0,1246,fail,fail,208,0,105,0,1254,fail
 96940,0,fail,fail,848,1904,2379,fail,fail,fail,fail,0,519,1365,0,2627,fail,fail,1149,103,410,0,0,0,1246,fail,fail,208,0,105,0,1254,fail
 96945,0,fail,fail,848,1904,2379,fail,fail,fail,fail,0,519,1365,0,2627,fail,fail,1149,103,410,0,0,0,1246,fail,fail,208,0,105,0,1254,fail
 96950,0,fail,fail,848,1904,2379,fail,fail,fail,fail,0,519,1365,0,2627,fail,fail,1149,103,410,0,0,0,1246,fail,fail,208,0,105,0,1254,fail
 96955,0,fail,fail,848,1904,2379,fail,fail,fail,fail,0,519,1365,0,2627,fail,fail,1149,103,410,0,0,0,1246,fail,fail,208,0,105,0,1254,fail
 96960,0,fail,fail,848,1904,2379,fail,fail,fail,fail,0,519,1365,0,2627,fail,fail,1149,103,410,0,0,0,1246,fail,fail,208,0,105,0,1254,fail
 96965,0,fail,fail,848,1904,2379,fail,fail,fail,fail,0,519,1365,0,2627,fail,fail,1149,103,410,0,0,0,1246,fail,fail,208,0,105,0,1254,fail
 96970,0,fail,fail,848,1904,2379,fail,fail,fail,fail,0,519,1365,0,2627,fail,fail,1149,103,410,0,0,0,1246,fail,fail,208,0,105,0,1254,fail
 96975,0,fail,fail,848,1904,2379,fail,fail,fail,fail,0,519,1365,0,2627,fail,fail,1149,103,410,0,0,0,1246,fail,fail,208,0,105,0,1254,fail
 96980,0,fail,fail,848,1904,2379,fail,fail,fail,fail,0,519,1365,0,2627,fail,fail,1149,103,410,0,0,0,1246,fail,fail,208,0,105,0,1254,fail
 96985,0,fail,fail,848,1904,2379,fail,fail,fail,fail,0,519,1365,0,2627,fail,fail,1149,103,410,0,0,0,1246,fail,fail,208,0,105,0,1254,fail
 96990,0,fail,fail,848,1904,2379,fail,fail,fail,fail,0,519,1365,0,2627,fail,fail,1149,103,410,0,0,0,1246,fail,fail,208,0,105,0,1254,fail
 96995,0,fail,fail,848,1904,2379,fail,fail,fail,fail,0,519,1365,0,2627,fail,fail,1149,103,410,0,0,0,1246,fail,fail,208,0,105,0,1254,fail
 97000,0,fail,fail,848,1904,2379,fail,fail,fail,fail,0,519,1365,0,2627,fail,fail,1149,103,410,0,0,0,1246,fail,fail,208,0,105,0,1254,fail
 97005,0,fail,fail,848,1904,2379,fail,fail,fail,fail,0,519,1365,0,2627,fail,fail,1149,103,410,0,0,0,1246,fail,fail,208,0,105,0,1254,fail
 97010,0,fail,fail,848,1904,2379,fail,fail,fail,fail,0,519,1365,0,2627,fail,fail,1149,103,410,0,0,0,1246,fail,fail,208,0,105,0,1254,fail
 97015,0,fail,fail,848,1904,2379,fail,fail,fail,fail,0,519,1365,0,2627,fail,fail,1149,103,410,0,0,0,1246,fail,fail,208,0,105,0,1254,fail
 97020,0,fail,fail,848,1904,2379,fail,fail,fail,fail,0,519,1365,0,2627,fail,fail,1149,103,410,0,0,0,1246,fail,fail,208,0,105,0,1254,fail
 97025,0,fail,fail,848,1904,2379,fail,fail,fail,fail,0,519,1365,0,2627,fail,fail,1149,103,410,0,0,0,1246,fail,fail,208,0,105,0,1254,fail
 97030,0,fail,fail,848,1904,2379,fail,fail,fail,fail,0,519,1365,0,2627,fail,fail,1149,103,410,0,0,0,1246,fail,fail,208,0,105,0,1254,fail
 97035,0,fail,fail,848,1904,2379,fail,fail,fail,fail,0,519,1365,0,2627,fail,fail,1149,103,410,0,0,0,1246,fail,fail,208,0,105,0,1254,fail
 97040,0,fail,fail,848,1904,2379,fail,fail,fail,fail,0,519,1365,0,2627,fail,fail,1149,103,410,0,0,0,1246,fail,fail,208,0,105,0,1254,fail
 97045,0,fail,fail,848,1904,2379,fail,fail,fail,fail,0,519,1365,0,2627,fail,fail,1149,103,410,0,0,0,1246,fail,fail,208,0,105,0,1254,fail
 97050,0,fail,fail,848,1904,2379,fail,fail,fail,fail,0,519,1365,0,2627,fail,fail,1149,103,410,0,0,0,1246,fail,fail,208,0,105,0,1254,fail
 97055,0,fail,fail,848,1904,2379,fail,fail,fail,fail,0,519,1365,0,2627,fail,fail,1149,103,410,0,0,0,1246,fail,fail,208,0,105,0,1254,fail
 97060,0,fail,fail,848,1904,2379,fail,fail,fail,fail,0,519,1365,0,2627,fail,fail,1149,103,410,0,0,0,1246,fail,fail,208,0,105,0,1254,fail
 97065,0,fail,fail,848,1904,2379,fail,fail,fail,fail,0,519,1365,0,2627,fail,fail,1149,103,410,0,0,0,1246,fail,fail,208,0,105,0,1254,fail
 97070,0,fail,fail,848,1904,2379,fail,fail,fail,fail,0,519,1365,0,2627,fail,fail,1149,103,410,0,0,0,1246,fail,fail,208,0,105,0,1254,fail
 97075,0,fail,fail,848,1904,2379,fail,fail,fail,fail,0,519,1365,0,2627,fail,fail,1149,103,410,0,0,0,1246,fail,fail,208,0,105,0,1254,fail
 97080,0,fail,fail,848,1904,2379,fail,fail,fail,fail,0,519,1365,0,2627,fail,fail,1149,103,410,0,0,0,1246,fail,fail,208,0,105,0,1254,fail
 97085,0,fail,fail,848,1904,2379,fail,fail,fail,fail,0,519,1365,0,2627,fail,fail,1149,103,410,0,0,0,1246,fail,fail,208,0,105,0,1254,fail
 97090,0,fail,fail,848,1904,2379,fail,fail,fail,fail,0,519,1365,0,2627,fail,fail,1149,103,410,0,0,0,1246,fail,fail,208,0,105,0,1254,fail
 97095,0,fail,fail,848,1904,2379,fail,fail,fail,fail,0,519,1365,0,2627,fail,fail,1149,103,410,0,0,0,1246,fail,fail,208,0,105,0,1254,fail
 97100,0,fail,fail,848,1904,2379,fail,fail,fail,fail,0,519,1365,0,2627,fail,fail,1149,103,410,0,0,0,1246,fail,fail,208,0,105,0,1254,fail
 97105,0,fail,fail,848,1904,2379,fail,fail,fail,fail,0,519,1365,fail,2627,fail,fail,1149,103,410,0,0,0,1246,fail,fail,208,0,105,0,1254,fail
 97110,0,fail,fail,848,1904,2379,fail,fail,fail,fail,0,519,1365,fail,2627,fail,fail,1149,103,410,0,0,0,1246,fail,fail,208,0,105,0,1254,fail
 97115,0,fail,fail,848,1904,2379,fail,fail,fail,fail,0,519,1365,fail,2627,fail,fail,1149,103,410,0,0,0,1246,fail,fail,208,0,105,0,1254,fail
 97120,0,fail,fail,848,1904,2379,fail,fail,fail,fail,0,519,1365,fail,2627,fail,fail,1149,103,410,0,0,0,1246,fail,fail,208,0,105,0,1254,fail
 97125,0,fail,fail,848,1904,2379,fail,fail,fail,fail,0,519,1365,fail,2627,fail,fail,1149,103,410,0,0,0,1246,fail,fail,208,0,105,0,1254,fail
 97130,0,fail,fail,848,1904,2379,fail,fail,fail,fail,0,519,1365,fail,2627,fail,fail,1149,103,410,0,0,0,1246,fail,fail,208,0,105,0,1254,fail
 97135,0,fail,fail,848,1904,2379,fail,fail,fail,fail,0,519,1365,fail,2627,fail,fail,1149,103,410,0,0,0,1246,fail,fail,208,0,105,0,1254,fail
 97140,0,fail,fail,848,1904,2379,fail,fail,fail,fail,0,519,1365,fail,2627,fail,fail,1149,103,410,0,0,0,1246,fail,fail,208,0,105,0,1254,fail
 97145,0,fail,fail,848,1904,2379,fail,fail,fail,fail,0,519,1365,fail,2627,fail,fail,1149,103,410,0,0,0,1246,fail,fail,208,0,105,0,1254,fail
 97150,0,fail,fail,848,1904,2379,fail,fail,fail,fail,0,519,1365,fail,2627,fail,fail,1149,103,410,0,0,0,1246,fail,fail,208,0,105,0,1254,fail
 97155,0,fail,fail,848,1904,2379,fail,fail,fail,fail,0,519,1365,fail,2627,fail,fail,1149,103,410,0,0,0,1246,fail,fail,208,0,105,0,1254,fail
 97160,0,fail,fail,848,1904,2379,fail,fail,fail,fail,0,519,1365,fail,2627,fail,fail,1149,103,410,0,0,0,1246,fail,fail,208,0,105,0,1254,fail
 97165,0,fail,fail,848,1904,2379,fail,fail,fail,fail,0,519,1365,fail,2627,fail,fail,1149,103,410,0,0,0,1246,fail,fail,208,0,105,0,1254,fail
 97170,0,fail,fail,848,1904,2379,fail,fail,fail,fail,0,519,1365,fail,2627,fail,fail,1149,103,410,0,0,0,1246,fail,fail,208,0,105,0,1254,fail
 97175,0,fail,fail,848,1904,2379,fail,fail,fail,fail,0,519,1365,fail,2627,fail,fail,1149,103,410,0,0,0,fail,fail,fail,208,0,105,0,1254,fail
 97180,0,fail,fail,848,1904,2379,fail,fail,fail,fail,0,519,1365,fail,2627,fail,fail,1149,103,410,0,0,0,fail,fail,fail,208,0,105,0,1254,fail
 97185,0,fail,fail,848,1904,2379,fail,fail,fail,fail,0,519,1365,fail,2627,fail,fail,1149,103,410,0,0,0,fail,fail,fail,208,0,105,0,1254,fail
 97190,0,fail,fail,848,1904,2379,fail,fail,fail,fail,0,519,1365,fail,2627,fail,fail,1149,103,410,0,0,0,fail,fail,fail,208,0,105,0,1254,fail
 97195,0,fail,fail,848,1904,2379,fail,fail,fail,fail,0,519,1365,fail,2627,fail,fail,1149,103,410,0,0,0,fail,fail,fail,208,0,105,0,1254,fail
 97200,0,fail,fail,848,1904,2379,fail,fail,fail,fail,0,519,1365,fail,2627,fail,fail,1149,103,410,0,0,0,fail,fail,fail,208,0,105,0,1254,fail
 97205,0,fail,fail,848,1904,2379,fail,fail,fail,fail,0,519,1365,fail,2627,fail,fail,1149,103,410,0,0,0,fail,fail,fail,208,0,105,0,1254,fail
 97210,0,fail,fail,848,1904,2379,fail,fail,fail,fail,0,519,1365,fail,2627,fail,fail,1149,103,410,0,0,0,fail,fail,fail,208,0,105,0,1254,fail
 97215,0,fail,fail,848,1904,2379,fail,fail,fail,fail,0,519,1365,fail,2627,fail,fail,1149,103,410,0,0,0,fail,fail,fail,208,0,105,0,1254,fail
 97220,0,fail,fail,848,1904,2379,fail,fail,fail,fail,0,519,1365,fail,2627,fail,fail,1149,103,410,0,0,0,fail,fail,fail,208,0,105,0,1254,fail
 97225,0,fail,fail,848,1904,2379,fail,fail,fail,fail,0,519,1365,fail,2627,fail,fail,1149,103,410,0,0,0,fail,fail,fail,208,0,105,0,1254,fail
 97230,0,fail,fail,848,1904,2379,fail,fail,fail,fail,0,519,1365,fail,2627,fail,fail,1149,103,410,0,0,0,fail,fail,fail,208,0,105,0,1254,fail
 97235,0,fail,fail,848,1904,2379,fail,fail,fail,fail,0,519,1365,fail,2627,fail,fail,1149,103,410,0,0,0,fail,fail,fail,208,0,105,0,1254,fail
 97240,0,fail,fail,848,1904,2379,fail,fail,fail,fail,0,519,1365,fail,2627,fail,fail,1149,103,410,0,0,0,fail,fail,fail,208,0,105,0,1254,fail
 97245,0,fail,fail,848,1904,2379,fail,fail,fail,fail,0,519,1365,fail,2627,fail,fail,1149,103,410,0,0,0,fail,fail,fail,208,0,105,0,1254,fail
 97250,0,fail,fail,848,1904,2379,fail,fail,fail,fail,0,519,1365,fail,2627,fail,fail,1149,103,410,0,0,0,fail,fail,fail,208,0,105,0,1254,fail
 97255,0,fail,fail,848,1904,2379,fail,fail,fail,fail,0,519,1365,fail,2627,fail,fail,1149,103,410,0,0,0,fail,fail,fail,208,0,105,0,1254,fail
 97260,0,fail,fail,848,1904,2379,fail,fail,fail,fail,0,519,1365,fail,2627,fail,fail,1149,103,410,0,0,0,fail,fail,fail,208,0,105,0,1254,fail
 97265,0,fail,fail,848,1904,2379,fail,fail,fail,fail,0,519,1365,fail,2627,fail,fail,1149,103,410,0,0,0,fail,fail,fail,208,0,105,0,1254,fail
 97270,0,fail,fail,848,1904,2379,fail,fail,fail,fail,0,fail,1365,fail,2627,fail,fail,1149,103,410,0,0,0,fail,fail,fail,208,0,105,0,1254,fail
 97275,0,fail,fail,848,1904,2379,fail,fail,fail,fail,0,fail,1365,fail,2627,fail,fail,1149,103,410,0,0,0,fail,fail,fail,208,0,105,0,1254,fail
 97280,0,fail,fail,848,1904,2379,fail,fail,fail,fail,0,fail,1365,fail,2627,fail,fail,1149,103,410,0,0,0,fail,fail,fail,208,0,105,0,1254,fail
 97285,0,fail,fail,848,1904,2379,fail,fail,fail,fail,0,fail,1365,fail,2627,fail,fail,1149,103,410,0,0,0,fail,fail,fail,208,0,105,0,1254,fail
 97290,0,fail,fail,848,1904,2379,fail,fail,fail,fail,0,fail,1365,fail,2627,fail,fail,1149,103,410,0,0,0,fail,fail,fail,208,0,105,0,1254,fail
 97295,0,fail,fail,848,1904,2379,fail,fail,fail,fail,0,fail,1365,fail,2627,fail,fail,1149,103,410,0,0,0,fail,fail,fail,208,0,105,0,1254,fail
 97300,0,fail,fail,848,1904,2379,fail,fail,fail,fail,0,fail,1365,fail,2627,fail,fail,1149,103,410,0,0,0,fail,fail,fail,208,0,105,0,1254,fail
 97305,0,fail,fail,848,1904,2379,fail,fail,fail,fail,0,fail,1365,fail,2627,fail,fail,1149,103,410,0,0,0,fail,fail,fail,208,0,105,0,1254,fail
 97310,0,fail,fail,848,1904,2379,fail,fail,fail,fail,0,fail,1365,fail,2627,fail,fail,1149,103,410,0,0,0,fail,fail,fail,208,0,105,0,1254,fail
 97315,0,fail,fail,848,1904,2379,fail,fail,fail,fail,0,fail,1365,fail,2627,fail,fail,1149,103,410,0,0,0,fail,fail,fail,208,0,105,0,1254,fail
 97320,0,fail,fail,848,1904,2379,fail,fail,fail,fail,0,fail,1365,fail,2627,fail,fail,1149,103,410,0,0,0,fail,fail,fail,208,0,105,0,1254,fail
 97325,0,fail,fail,848,1904,2379,fail,fail,fail,fail,0,fail,1365,fail,2627,fail,fail,1149,103,410,0,0,0,fail,fail,fail,208,0,105,0,1254,fail
 97330,0,fail,fail,848,1904,2379,fail,fail,fail,fail,0,fail,1365,fail,2627,fail,fail,1149,103,410,0,0,0,fail,fail,fail,208,0,105,0,1254,fail
 97335,0,fail,fail,848,1904,2379,fail,fail,fail,fail,0,fail,1365,fail,2627,fail,fail,1149,103,410,0,0,0,fail,fail,fail,208,0,105,0,1254,fail
 97340,0,fail,fail,848,1904,2379,fail,fail,fail,fail,0,fail,1365,fail,2627,fail,fail,1149,103,410,0,0,0,fail,fail,fail,208,0,105,0,1254,fail
 97345,0,fail,fail,848,1904,2379,fail,fail,fail,fail,0,fail,1365,fail,2627,fail,fail,1149,103,410,0,0,0,fail,fail,fail,208,0,105,0,1254,fail
 97350,0,fail,fail,848,1904,2379,fail,fail,fail,fail,0,fail,1365,fail,2627,fail,fail,1149,103,410,0,0,0,fail,fail,fail,208,0,105,0,1254,fail
 97355,0,fail,fail,848,1904,2379,fail,fail,fail,fail,0,fail,1365,fail,2627,fail,fail,1149,103,410,0,0,0,fail,fail,fail,208,0,105,0,1254,fail
 97360,0,fail,fail,848,1904,2379,fail,fail,fail,fail,0,fail,1365,fail,2627,fail,fail,1149,103,410,0,0,0,fail,fail,fail,208,0,105,0,1254,fail
 97365,0,fail,fail,848,1904,2379,fail,fail,fail,fail,0,fail,1365,fail,2627,fail,fail,1149,103,410,0,0,0,fail,fail,fail,208,0,105,0,1254,fail
 97370,0,fail,fail,848,1904,2379,fail,fail,fail,fail,0,fail,1365,fail,2627,fail,fail,1149,103,410,0,0,0,fail,fail,fail,208,0,105,0,1254,fail
 97375,0,fail,fail,848,1904,2379,fail,fail,fail,fail,0,fail,1365,fail,2627,fail,fail,1149,103,410,0,0,0,fail,fail,fail,208,0,105,0,1254,fail
 97380,0,fail,fail,848,1904,2379,fail,fail,fail,fail,0,fail,1365,fail,2627,fail,fail,1149,103,410,0,0,0,fail,fail,fail,208,0,105,0,1254,fail
 97385,0,fail,fail,848,1904,2379,fail,fail,fail,fail,0,fail,1365,fail,2627,fail,fail,1149,103,410,0,0,0,fail,fail,fail,208,0,105,0,1254,fail
 97390,0,fail,fail,848,1904,2379,fail,fail,fail,fail,0,fail,1365,fail,2627,fail,fail,1149,103,410,0,0,0,fail,fail,fail,208,0,105,0,1254,fail
 97395,0,fail,fail,848,1904,2379,fail,fail,fail,fail,0,fail,1365,fail,2627,fail,fail,1149,103,410,0,0,0,fail,fail,fail,208,0,105,0,1254,fail
 97400,0,fail,fail,848,1904,2379,fail,fail,fail,fail,0,fail,1365,fail,2627,fail,fail,1149,103,410,0,0,0,fail,fail,fail,208,0,105,0,1254,fail
 97405,0,fail,fail,848,1904,2379,fail,fail,fail,fail,0,fail,1365,fail,2627,fail,fail,1149,103,410,0,0,0,fail,fail,fail,208,0,105,0,1254,fail
 97410,0,fail,fail,848,1904,2379,fail,fail,fail,fail,0,fail,1365,fail,2627,fail,fail,1149,103,410,0,0,0,fail,fail,fail,208,0,105,0,1254,fail
 97415,0,fail,fail,848,1904,2379,fail,fail,fail,fail,0,fail,1365,fail,2627,fail,fail,1149,103,410,0,0,0,fail,fail,fail,208,0,105,0,1254,fail
 97420,0,fail,fail,848,1904,2379,fail,fail,fail,fail,0,fail,1365,fail,2627,fail,fail,1149,103,410,0,0,0,fail,fail,fail,208,0,105,0,1254,fail
 97425,0,fail,fail,848,1904,2379,fail,fail,fail,fail,0,fail,1365,fail,2627,fail,fail,1149,103,410,0,0,0,fail,fail,fail,208,0,105,0,1254,fail
 97430,0,fail,fail,848,1904,2379,fail,fail,fail,fail,0,fail,1365,fail,2627,fail,fail,1149,103,410,0,0,0,fail,fail,fail,208,0,105,0,1254,fail
 97435,0,fail,fail,848,1904,2379,fail,fail,fail,fail,0,fail,1365,fail,2627,fail,fail,1149,103,410,0,0,0,fail,fail,fail,208,0,105,0,1254,fail
 97440,0,fail,fail,848,1904,2379,fail,fail,fail,fail,0,fail,1365,fail,2627,fail,fail,1149,103,410,0,0,0,fail,fail,fail,208,0,105,0,1254,fail
 97445,0,fail,fail,848,1904,2379,fail,fail,fail,fail,0,fail,1365,fail,2627,fail,fail,1149,103,410,0,0,0,fail,fail,fail,208,0,105,0,1254,fail
 97450,0,fail,fail,848,1904,2379,fail,fail,fail,fail,0,fail,1365,fail,2627,fail,fail,1149,103,410,0,0,0,fail,fail,fail,208,0,105,fail,1254,fail
 97455,0,fail,fail,848,1904,2379,fail,fail,fail,fail,0,fail,1365,fail,2627,fail,fail,1149,103,410,0,0,0,fail,fail,fail,208,0,105,fail,1254,fail
 97460,0,fail,fail,848,1904,2379,fail,fail,fail,fail,0,fail,1365,fail,2627,fail,fail,1149,103,410,0,0,0,fail,fail,fail,208,0,105,fail,1254,fail
 97465,0,fail,fail,848,1904,2379,fail,fail,fail,fail,0,fail,1365,fail,2627,fail,fail,1149,103,410,0,0,0,fail,fail,fail,208,0,105,fail,1254,fail
 97470,0,fail,fail,848,1904,2379,fail,fail,fail,fail,0,fail,1365,fail,2627,fail,fail,1149,103,410,0,0,0,fail,fail,fail,208,0,105,fail,1254,fail
 97475,0,fail,fail,848,1904,2379,fail,fail,fail,fail,0,fail,1365,fail,2627,fail,fail,1149,103,410,0,0,0,fail,fail,fail,208,0,105,fail,1254,fail
 97480,0,fail,fail,848,1904,2379,fail,fail,fail,fail,0,fail,1365,fail,2627,fail,fail,1149,103,410,0,0,0,fail,fail,fail,208,0,105,fail,1254,fail
 97485,0,fail,fail,848,1904,2379,fail,fail,fail,fail,0,fail,1365,fail,2627,fail,fail,1149,103,410,0,0,0,fail,fail,fail,208,0,105,fail,1254,fail
 97490,0,fail,fail,848,1904,2379,fail,fail,fail,fail,0,fail,1365,fail,2627,fail,fail,1149,103,410,0,0,0,fail,fail,fail,208,0,105,fail,1254,fail
 97495,0,fail,fail,848,1904,2379,fail,fail,fail,fail,0,fail,1365,fail,2627,fail,fail,1149,103,410,0,0,0,fail,fail,fail,208,0,105,fail,1254,fail
 97500,0,fail,fail,848,1904,2379,fail,fail,fail,fail,0,fail,1365,fail,2627,fail,fail,1149,103,410,0,0,0,fail,fail,fail,208,0,105,fail,1254,fail
 97505,0,fail,fail,848,1904,2379,fail,fail,fail,fail,0,fail,1365,fail,2627,fail,fail,1149,103,410,0,0,0,fail,fail,fail,208,0,105,fail,1254,fail
 97510,0,fail,fail,848,1904,2379,fail,fail,fail,fail,0,fail,1365,fail,2627,fail,fail,1149,103,410,0,0,0,fail,fail,fail,208,0,105,fail,1254,fail
 97515,0,fail,fail,848,1904,2379,fail,fail,fail,fail,0,fail,1365,fail,2627,fail,fail,1149,103,410,0,0,0,fail,fail,fail,208,0,105,fail,1254,fail
 97520,0,fail,fail,848,1904,2379,fail,fail,fail,fail,0,fail,1365,fail,2627,fail,fail,1149,103,410,0,0,0,fail,fail,fail,208,0,105,fail,1254,fail
 97525,0,fail,fail,848,1904,2379,fail,fail,fail,fail,0,fail,1365,fail,2627,fail,fail,1149,103,410,0,0,0,fail,fail,fail,208,0,105,fail,1254,fail
 97530,0,fail,fail,848,1904,2379,fail,fail,fail,fail,0,fail,1365,fail,2627,fail,fail,1149,103,410,0,0,0,fail,fail,fail,208,0,105,fail,1254,fail
 97535,0,fail,fail,848,1904,2379,fail,fail,fail,fail,0,fail,1365,fail,2627,fail,fail,1149,103,410,0,0,0,fail,fail,fail,208,0,105,fail,1254,fail
 97540,0,fail,fail,848,1904,2379,fail,fail,fail,fail,0,fail,1365,fail,2627,fail,fail,1149,103,410,0,0,0,fail,fail,fail,208,0,105,fail,1254,fail
 97545,0,fail,fail,848,1904,2379,fail,fail,fail,fail,0,fail,1365,fail,2627,fail,fail,1149,103,410,0,0,0,fail,fail,fail,208,0,105,fail,1254,fail
 97550,0,fail,fail,848,1904,2379,fail,fail,fail,fail,0,fail,1365,fail,2627,fail,fail,1149,103,410,0,0,0,fail,fail,fail,208,0,105,fail,1254,fail
 97555,0,fail,fail,848,1904,2379,fail,fail,fail,fail,0,fail,1365,fail,2627,fail,fail,1149,103,410,0,0,0,fail,fail,fail,208,0,105,fail,1254,fail
 97560,0,fail,fail,848,1904,2379,fail,fail,fail,fail,0,fail,1365,fail,2627,fail,fail,1149,103,410,0,0,0,fail,fail,fail,208,0,105,fail,1254,fail
 97565,0,fail,fail,848,1904,2379,fail,fail,fail,fail,0,fail,1365,fail,2627,fail,fail,1149,103,410,0,0,0,fail,fail,fail,208,0,105,fail,1254,fail
 97570,0,fail,fail,fail,1904,2379,fail,fail,fail,fail,0,fail,1365,fail,2627,fail,fail,1149,103,410,0,0,0,fail,fail,fail,208,0,105,fail,1254,fail
 97575,0,fail,fail,fail,1904,2379,fail,fail,fail,fail,0,fail,1365,fail,2627,fail,fail,1149,103,410,0,0,0,fail,fail,fail,208,0,105,fail,1254,fail
 97580,0,fail,fail,fail,1904,2379,fail,fail,fail,fail,0,fail,1365,fail,2627,fail,fail,1149,fail,410,0,0,0,fail,fail,fail,208,0,105,fail,1254,fail
 97585,0,fail,fail,fail,1904,2379,fail,fail,fail,fail,0,fail,1365,fail,2627,fail,fail,1149,fail,410,0,0,0,fail,fail,fail,208,0,105,fail,1254,fail
 97590,0,fail,fail,fail,1904,2379,fail,fail,fail,fail,0,fail,1365,fail,2627,fail,fail,1149,fail,410,0,0,0,fail,fail,fail,208,0,105,fail,1254,fail
 97595,0,fail,fail,fail,1904,2379,fail,fail,fail,fail,0,fail,1365,fail,2627,fail,fail,1149,fail,410,0,0,0,fail,fail,fail,208,0,105,fail,1254,fail
 97600,0,fail,fail,fail,1904,2379,fail,fail,fail,fail,0,fail,1365,fail,2627,fail,fail,1149,fail,410,0,0,0,fail,fail,fail,208,0,105,fail,1254,fail
 97605,0,fail,fail,fail,1904,2379,fail,fail,fail,fail,0,fail,1365,fail,2627,fail,fail,1149,fail,410,0,0,0,fail,fail,fail,208,0,105,fail,1254,fail
 97610,0,fail,fail,fail,1904,2379,fail,fail,fail,fail,0,fail,1365,fail,2627,fail,fail,1149,fail,410,0,0,fail,fail,fail,fail,208,0,105,fail,1254,fail
 97615,0,fail,fail,fail,1904,2379,fail,fail,fail,fail,0,fail,1365,fail,2627,fail,fail,1149,fail,410,0,0,fail,fail,fail,fail,208,0,105,fail,1254,fail
 97620,0,fail,fail,fail,1904,2379,fail,fail,fail,fail,0,fail,1365,fail,2627,fail,fail,1149,fail,410,0,0,fail,fail,fail,fail,208,0,105,fail,1254,fail
 97625,0,fail,fail,fail,1904,2379,fail,fail,fail,fail,0,fail,1365,fail,2627,fail,fail,1149,fail,410,0,0,fail,fail,fail,fail,208,0,105,fail,1254,fail
 97630,0,fail,fail,fail,1904,2379,fail,fail,fail,fail,0,fail,1365,fail,2627,fail,fail,1149,fail,410,0,0,fail,fail,fail,fail,208,0,105,fail,1254,fail
 97635,0,fail,fail,fail,1904,2379,fail,fail,fail,fail,0,fail,1365,fail,2627,fail,fail,1149,fail,410,0,0,fail,fail,fail,fail,208,0,105,fail,1254,fail
 97640,0,fail,fail,fail,1904,2379,fail,fail,fail,fail,0,fail,1365,fail,2627,fail,fail,1149,fail,410,0,0,fail,fail,fail,fail,208,0,105,fail,1254,fail
 97645,0,fail,fail,fail,1904,2379,fail,fail,fail,fail,0,fail,1365,fail,2627,fail,fail,1149,fail,410,0,0,fail,fail,fail,fail,208,0,105,fail,1254,fail
 97650,0,fail,fail,fail,1904,2379,fail,fail,fail,fail,0,fail,1365,fail,2627,fail,fail,1149,fail,410,0,0,fail,fail,fail,fail,208,0,105,fail,1254,fail
 97655,0,fail,fail,fail,1904,2379,fail,fail,fail,fail,0,fail,1365,fail,2627,fail,fail,1149,fail,410,0,0,fail,fail,fail,fail,208,0,105,fail,1254,fail
 97660,0,fail,fail,fail,1904,2379,fail,fail,fail,fail,0,fail,1365,fail,2627,fail,fail,1149,fail,410,0,0,fail,fail,fail,fail,208,0,105,fail,1254,fail
 97665,0,fail,fail,fail,1904,2379,fail,fail,fail,fail,0,fail,1365,fail,2627,fail,fail,1149,fail,410,0,0,fail,fail,fail,fail,208,0,105,fail,1254,fail
 97670,0,fail,fail,fail,1904,2379,fail,fail,fail,fail,0,fail,1365,fail,2627,fail,fail,1149,fail,410,0,0,fail,fail,fail,fail,fail,0,105,fail,1254,fail
 97675,0,fail,fail,fail,1904,2379,fail,fail,fail,fail,0,fail,1365,fail,2627,fail,fail,1149,fail,410,0,0,fail,fail,fail,fail,fail,0,105,fail,1254,fail
 97680,0,fail,fail,fail,1904,2379,fail,fail,fail,fail,0,fail,1365,fail,2627,fail,fail,1149,fail,410,0,0,fail,fail,fail,fail,fail,0,105,fail,1254,fail
 97685,0,fail,fail,fail,1904,2379,fail,fail,fail,fail,0,fail,1365,fail,2627,fail,fail,1149,fail,410,0,0,fail,fail,fail,fail,fail,0,105,fail,1254,fail
 97690,0,fail,fail,fail,1904,2379,fail,fail,fail,fail,0,fail,1365,fail,2627,fail,fail,1149,fail,410,0,0,fail,fail,fail,fail,fail,0,105,fail,1254,fail
 97695,0,fail,fail,fail,1904,2379,fail,fail,fail,fail,0,fail,1365,fail,2627,fail,fail,1149,fail,410,0,0,fail,fail,fail,fail,fail,0,105,fail,1254,fail
 97700,0,fail,fail,fail,1904,2379,fail,fail,fail,fail,0,fail,1365,fail,2627,fail,fail,1149,fail,410,0,0,fail,fail,fail,fail,fail,0,105,fail,1254,fail
 97705,0,fail,fail,fail,1904,2379,fail,fail,fail,fail,0,fail,1365,fail,2627,fail,fail,1149,fail,410,0,0,fail,fail,fail,fail,fail,0,105,fail,1254,fail
 97710,0,fail,fail,fail,1904,2379,fail,fail,fail,fail,0,fail,1365,fail,2627,fail,fail,1149,fail,410,0,0,fail,fail,fail,fail,fail,0,105,fail,1254,fail
 97715,0,fail,fail,fail,1904,2379,fail,fail,fail,fail,0,fail,1365,fail,2627,fail,fail,1149,fail,410,0,0,fail,fail,fail,fail,fail,0,105,fail,1254,fail
 97720,0,fail,fail,fail,1904,2379,fail,fail,fail,fail,0,fail,1365,fail,2627,fail,fail,1149,fail,410,0,0,fail,fail,fail,fail,fail,0,105,fail,1254,fail
 97725,0,fail,fail,fail,1904,2379,fail,fail,fail,fail,0,fail,1365,fail,2627,fail,fail,1149,fail,410,0,0,fail,fail,fail,fail,fail,0,105,fail,1254,fail
 97730,0,fail,fail,fail,1904,2379,fail,fail,fail,fail,0,fail,1365,fail,2627,fail,fail,1149,fail,410,0,0,fail,fail,fail,fail,fail,0,105,fail,1254,fail
 97735,0,fail,fail,fail,1904,2379,fail,fail,fail,fail,0,fail,1365,fail,2627,fail,fail,1149,fail,410,0,0,fail,fail,fail,fail,fail,0,105,fail,1254,fail
 97740,0,fail,fail,fail,1904,2379,fail,fail,fail,fail,0,fail,1365,fail,2627,fail,fail,1149,fail,410,0,0,fail,fail,fail,fail,fail,0,105,fail,1254,fail
 97744,0,fail,fail,fail,1904,2379,fail,fail,fail,fail,0,fail,1365,fail,2627,fail,fail,1149,fail,410,0,0,fail,fail,fail,fail,fail,0,105,fail,1254,fail