Time,1, HIGH Priority Generated, Low Priority Generated, 2, HIGH Priority Generated, Low Priority Generated, 3, HIGH Priority Generated, Low Priority Generated, 4, HIGH Priority Generated, Low Priority Generated, 5, HIGH Priority Generated, Low Priority Generated, 6, HIGH Priority Generated, Low Priority Generated, 
5,0,0,0,1,1,0,0,0,0,0,0,0,0,0,0,0,0,0,
10,1,0,1,2,2,0,2,2,0,1,1,0,0,0,0,0,0,0,
15,2,1,1,2,2,0,2,2,0,2,1,1,0,0,0,0,0,0,
20,3,2,1,4,2,2,5,4,1,3,1,2,1,1,0,0,0,0,
25,3,2,1,5,2,3,5,4,1,4,2,2,1,1,0,1,0,1,
30,4,2,2,5,2,3,6,5,1,5,2,3,3,2,1,1,0,1,
35,4,2,2,6,3,3,7,5,2,6,2,4,4,3,1,1,0,1,
40,4,2,2,8,3,5,8,6,2,7,3,4,4,3,1,1,0,1,
45,5,3,2,9,3,6,10,7,3,8,3,5,4,3,1,1,0,1,
50,6,4,2,9,3,6,10,7,3,9,4,5,4,3,1,1,0,1,
55,7,4,3,11,4,7,13,7,6,10,4,6,5,4,1,1,0,1,
60,7,4,3,12,5,7,13,7,6,11,5,6,5,4,1,2,1,1,
65,8,5,3,12,5,7,14,8,6,12,5,7,7,5,2,2,1,1,
70,8,5,3,13,5,8,15,8,7,13,5,8,8,6,2,2,1,1,
75,8,5,3,15,6,9,16,8,8,14,5,9,8,6,2,2,1,1,
80,9,6,3,16,6,10,18,8,10,15,5,10,8,6,2,2,1,1,
85,10,7,3,16,6,10,18,8,10,16,6,10,8,6,2,2,1,1,
90,11,8,3,18,6,12,21,8,13,17,7,10,9,6,3,2,1,1,
95,11,8,3,19,6,13,21,8,13,18,7,11,9,6,3,3,2,1,
100,12,9,3,19,6,13,22,9,13,19,7,12,11,6,5,3,2,1,
105,12,9,3,20,6,14,23,10,13,20,8,12,12,6,6,3,2,1,
110,12,9,3,22,7,15,24,11,13,21,9,12,12,6,6,3,2,1,
115,13,9,4,23,8,15,26,11,15,22,9,13,12,6,6,3,2,1,
120,14,9,5,23,8,15,26,11,15,23,10,13,12,6,6,3,2,1,
125,15,9,6,25,10,15,29,12,17,24,10,14,13,7,6,3,2,1,
130,15,9,6,26,11,15,29,12,17,25,11,14,13,7,6,4,3,1,
135,16,9,7,26,11,15,30,12,18,26,12,14,15,9,6,4,3,1,
140,16,9,7,27,12,15,31,12,19,27,12,15,16,10,6,4,3,1,
145,16,9,7,29,14,15,32,12,20,28,12,16,16,10,6,4,3,1,
150,17,10,7,30,14,16,34,14,20,29,12,17,16,10,6,4,3,1,
155,18,10,8,30,14,16,34,14,20,30,13,17,16,10,6,4,3,1,
160,19,10,9,32,16,16,37,15,22,31,14,17,17,10,7,4,3,1,
165,19,10,9,33,16,17,37,15,22,32,15,17,17,10,7,5,4,1,
170,20,10,10,33,16,17,38,16,22,33,16,17,19,10,9,5,4,1,
175,20,10,10,34,16,18,39,16,23,34,17,17,20,11,9,5,4,1,
180,20,10,10,36,18,18,40,16,24,35,18,17,20,11,9,5,4,1,
185,21,11,10,37,19,18,42,17,25,36,18,18,20,11,9,5,4,1,
190,22,11,11,37,19,18,42,17,25,37,18,19,20,11,9,5,4,1,
195,23,12,11,39,20,19,45,19,26,38,19,19,21,11,10,5,4,1,
200,23,12,11,40,20,20,45,19,26,39,20,19,21,11,10,6,5,1,
205,24,13,11,40,20,20,46,19,27,40,21,19,23,13,10,6,5,1,
210,24,13,11,41,21,20,47,19,28,41,21,20,24,14,10,6,5,1,
215,24,13,11,43,22,21,48,19,29,42,21,21,24,14,10,6,5,1,
220,25,13,12,44,23,21,50,19,31,43,22,21,24,14,10,6,5,1,
225,26,13,13,44,23,21,50,19,31,44,22,22,24,14,10,6,5,1,
230,27,13,14,46,24,22,53,21,32,45,23,22,25,15,10,6,5,1,
235,27,13,14,47,25,22,53,21,32,46,23,23,25,15,10,7,6,1,
240,28,14,14,47,25,22,54,22,32,47,23,24,27,16,11,7,6,1,
245,28,14,14,48,25,23,55,22,33,48,23,25,28,16,12,7,6,1,
250,28,14,14,50,25,25,56,23,33,49,24,25,28,16,12,7,6,1,
255,29,14,15,51,25,26,58,24,34,50,25,25,28,16,12,7,6,1,
260,30,14,16,51,25,26,58,24,34,51,25,26,28,16,12,7,6,1,
265,31,14,17,53,26,27,61,24,37,52,26,26,29,17,12,7,6,1,
270,31,14,17,54,26,28,61,24,37,53,27,26,29,17,12,8,7,1,
275,32,14,18,54,26,28,62,25,37,54,27,27,31,18,13,8,7,1,
280,32,14,18,55,27,28,63,25,38,55,27,28,32,19,13,8,7,1,
285,32,14,18,57,27,30,64,26,38,56,28,28,32,19,13,8,7,1,
290,33,14,19,58,28,30,66,27,39,57,29,28,32,19,13,8,7,1,
295,34,14,20,58,28,30,66,27,39,58,29,29,32,19,13,8,7,1,
300,35,15,20,60,29,31,69,30,39,59,30,29,33,20,13,8,7,1,
305,35,15,20,61,29,32,69,30,39,60,30,30,33,20,13,9,8,1,
310,36,15,21,61,29,32,70,31,39,61,30,31,35,20,15,9,8,1,
315,36,15,21,62,30,32,71,32,39,62,31,31,36,20,16,9,8,1,
320,36,15,21,64,31,33,72,32,40,63,31,32,36,20,16,9,8,1,
325,37,15,22,65,32,33,74,33,41,64,31,33,36,20,16,9,8,1,
330,38,15,23,65,32,33,74,33,41,65,32,33,36,20,16,9,8,1,
335,39,15,24,67,34,33,77,35,42,66,32,34,37,20,17,9,8,1,
340,39,15,24,68,34,34,77,35,42,67,32,35,37,20,17,10,8,2,
345,40,16,24,68,34,34,78,35,43,68,33,35,39,22,17,10,8,2,
350,40,16,24,69,34,35,79,35,44,69,34,35,40,23,17,10,8,2,
355,40,16,24,71,35,36,80,36,44,70,34,36,40,23,17,10,8,2,
360,41,17,24,72,36,36,82,38,44,71,35,36,40,23,17,10,8,2,
365,42,17,25,72,36,36,82,38,44,72,35,37,40,23,17,10,8,2,
370,43,17,26,74,38,36,85,39,46,73,35,38,41,24,17,10,8,2,
375,43,17,26,75,38,37,85,39,46,74,36,38,41,24,17,11,9,2,
380,44,18,26,75,38,37,86,39,47,75,36,39,43,25,18,11,9,2,
385,44,18,26,76,39,37,87,39,48,76,37,39,44,26,18,11,9,2,
390,44,18,26,78,41,37,88,40,48,77,37,40,44,26,18,11,9,2,
395,45,18,27,79,41,38,90,41,49,78,37,41,44,26,18,11,9,2,
400,46,19,27,79,41,38,90,41,49,79,37,42,44,26,18,11,9,2,
405,47,19,28,81,42,39,93,43,50,80,38,42,45,26,19,11,9,2,
410,47,19,28,82,42,40,93,43,50,81,38,43,45,26,19,12,10,2,
415,48,20,28,82,42,40,94,44,50,82,38,44,47,27,20,12,10,2,
420,48,20,28,83,42,41,95,45,50,83,38,45,48,27,21,12,10,2,
425,48,20,28,85,43,42,96,46,50,84,39,45,48,27,21,12,10,2,
430,49,21,28,86,43,43,98,46,52,85,39,46,48,27,21,12,10,2,
435,50,22,28,86,43,43,98,46,52,86,40,46,48,27,21,12,10,2,
440,51,22,29,88,44,44,101,49,52,87,41,46,49,27,22,12,10,2,
445,51,22,29,89,44,45,101,49,52,88,42,46,49,27,22,13,10,3,
450,52,23,29,89,44,45,102,49,53,89,43,46,51,28,23,13,10,3,
455,52,23,29,90,45,45,103,49,54,90,43,47,52,29,23,13,10,3,
460,52,23,29,92,46,46,104,49,55,91,43,48,52,29,23,13,10,3,
465,53,23,30,93,47,46,106,49,57,92,43,49,52,29,23,13,10,3,
470,54,24,30,93,47,46,106,49,57,93,43,50,52,29,23,13,10,3,
475,55,24,31,95,48,47,109,49,60,94,44,50,53,30,23,13,10,3,
480,55,24,31,96,48,48,109,49,60,95,44,51,53,30,23,14,11,3,
485,56,25,31,96,48,48,110,49,61,96,44,52,55,30,25,14,11,3,
490,56,25,31,97,49,48,111,49,62,97,45,52,56,30,26,14,11,3,
495,56,25,31,99,50,49,112,49,63,98,46,52,56,30,26,14,11,3,
500,57,25,32,100,51,49,114,49,65,99,47,52,56,30,26,14,11,3,
505,58,25,33,100,51,49,114,49,65,100,47,53,56,30,26,14,11,3,
510,59,25,34,102,53,49,117,50,67,101,48,53,57,31,26,14,11,3,
515,59,25,34,103,54,49,117,50,67,102,49,53,57,31,26,15,12,3,
520,60,26,34,103,54,49,118,50,68,103,49,54,59,31,28,15,12,3,
525,60,26,34,104,54,50,119,50,69,104,49,55,60,32,28,15,12,3,
530,60,26,34,106,54,52,120,50,70,105,50,55,60,32,28,15,12,3,
535,61,26,35,107,54,53,122,51,71,106,50,56,60,32,28,15,12,3,
540,62,26,36,107,54,53,122,51,71,107,51,56,60,32,28,15,12,3,
545,63,26,37,109,55,54,125,51,74,108,51,57,61,32,29,15,12,3,
550,63,26,37,110,56,54,125,51,74,109,51,58,61,32,29,16,12,4,
555,64,27,37,110,56,54,126,51,75,110,51,59,63,33,30,16,12,4,
560,64,27,37,111,56,55,127,51,76,111,51,60,64,34,30,16,12,4,
565,64,27,37,113,56,57,128,51,77,112,51,61,64,34,30,16,12,4,
570,65,28,37,114,57,57,130,52,78,113,52,61,64,34,30,16,12,4,
575,66,29,37,114,57,57,130,52,78,114,52,62,64,34,30,16,12,4,
580,67,30,37,116,58,58,133,53,80,115,53,62,65,35,30,16,12,4,
585,67,30,37,117,58,59,133,53,80,116,53,63,65,35,30,17,13,4,
590,68,30,38,117,58,59,134,53,81,117,53,64,67,35,32,17,13,4,
595,68,30,38,118,59,59,135,54,81,118,53,65,68,35,33,17,13,4,
600,68,30,38,120,59,61,136,55,81,119,53,66,68,35,33,17,13,4,
605,69,30,39,121,59,62,138,57,81,120,53,67,68,35,33,17,13,4,
610,70,31,39,121,59,62,138,57,81,121,54,67,68,35,33,17,13,4,
615,71,32,39,123,59,64,141,57,84,122,55,67,69,36,33,17,13,4,
620,71,32,39,124,60,64,141,57,84,123,55,68,69,36,33,18,13,5,
625,72,32,40,124,60,64,142,58,84,124,55,69,71,36,35,18,13,5,
630,72,32,40,125,60,65,143,59,84,125,55,70,72,36,36,18,13,5,
635,72,32,40,127,61,66,144,59,85,126,55,71,72,36,36,18,13,5,
640,73,32,41,128,61,67,146,60,86,127,55,72,72,36,36,18,13,5,
645,74,33,41,128,61,67,146,60,86,128,56,72,72,36,36,18,13,5,
650,75,33,42,130,61,69,149,62,87,129,56,73,73,36,37,18,13,5,
655,75,33,42,131,61,70,149,62,87,130,57,73,73,36,37,19,14,5,
660,76,34,42,131,61,70,150,62,88,131,58,73,75,38,37,19,14,5,
665,76,34,42,132,61,71,151,62,89,132,59,73,76,39,37,19,14,5,
670,76,34,42,134,62,72,152,63,89,133,59,74,76,39,37,19,14,5,
675,77,35,42,135,63,72,154,64,90,134,60,74,76,39,37,19,14,5,
680,78,36,42,135,63,72,154,64,90,135,61,74,76,39,37,19,14,5,
685,79,37,42,137,64,73,157,66,91,136,61,75,77,39,38,19,14,5,
690,79,37,42,138,64,74,157,66,91,137,62,75,77,39,38,20,14,6,
695,80,37,43,138,64,74,158,66,92,138,62,76,79,40,39,20,14,6,
700,80,37,43,139,65,74,159,67,92,139,62,77,80,41,39,20,14,6,
705,80,37,43,141,65,76,160,67,93,140,63,77,80,41,39,20,14,6,
710,81,38,43,142,66,76,162,69,93,141,63,78,80,41,39,20,14,6,
715,82,38,44,142,66,76,162,69,93,142,63,79,80,41,39,20,14,6,
720,83,39,44,144,66,78,165,72,93,143,64,79,81,41,40,20,14,6,
725,83,39,44,145,67,78,165,72,93,144,64,80,81,41,40,21,14,7,
730,84,40,44,145,67,78,166,73,93,145,64,81,83,41,42,21,14,7,
735,84,40,44,146,67,79,167,74,93,146,64,82,84,41,43,21,14,7,
740,84,40,44,148,68,80,168,75,93,147,65,82,84,41,43,21,14,7,
745,85,40,45,149,69,80,170,77,93,148,66,82,84,41,43,21,14,7,
750,86,41,45,149,69,80,170,77,93,149,67,82,84,41,43,21,14,7,
755,87,42,45,151,70,81,173,77,96,150,68,82,85,41,44,21,14,7,
760,87,42,45,152,71,81,173,77,96,151,68,83,85,41,44,22,15,7,
765,88,43,45,152,71,81,174,78,96,152,69,83,87,42,45,22,15,7,
770,88,43,45,153,72,81,175,79,96,153,70,83,88,42,46,22,15,7,
775,88,43,45,155,72,83,176,80,96,154,71,83,88,42,46,22,15,7,
780,89,43,46,156,73,83,178,81,97,155,72,83,88,42,46,22,15,7,
785,90,44,46,156,73,83,178,81,97,156,73,83,88,42,46,22,15,7,
790,91,45,46,158,74,84,181,82,99,157,74,83,89,43,46,22,15,7,
795,91,45,46,159,74,85,181,82,99,158,74,84,89,43,46,23,16,7,
800,92,45,47,159,74,85,182,83,99,159,74,85,91,44,47,23,16,7,
805,92,45,47,160,75,85,183,84,99,160,74,86,92,45,47,23,16,7,
810,92,45,47,162,76,86,184,85,99,161,75,86,92,45,47,23,16,7,
815,93,46,47,163,77,86,186,86,100,162,75,87,92,45,47,23,16,7,
820,94,46,48,163,77,86,186,86,100,163,76,87,92,45,47,23,16,7,
825,95,47,48,165,77,88,189,87,102,164,77,87,93,46,47,23,16,7,
830,95,47,48,166,78,88,189,87,102,165,78,87,93,46,47,24,17,7,
835,96,47,49,166,78,88,190,88,102,166,79,87,95,47,48,24,17,7,
840,96,47,49,167,78,89,191,88,103,167,79,88,96,47,49,24,17,7,
845,96,47,49,169,79,90,192,88,104,168,80,88,96,47,49,24,17,7,
850,97,48,49,170,80,90,194,88,106,169,81,88,96,47,49,24,17,7,
855,98,49,49,170,80,90,194,88,106,170,81,89,96,47,49,24,17,7,
860,99,50,49,172,80,92,197,89,108,171,81,90,97,48,49,24,17,7,
865,99,50,49,173,80,93,197,89,108,172,82,90,97,48,49,25,18,7,
870,100,51,49,173,80,93,198,90,108,173,82,91,99,50,49,25,18,7,
875,100,51,49,174,80,94,199,91,108,174,83,91,100,50,50,25,18,7,
880,100,51,49,176,81,95,200,91,109,175,83,92,100,50,50,25,18,7,
885,101,51,50,177,82,95,202,92,110,176,83,93,100,50,50,25,18,7,
890,102,51,51,177,82,95,202,92,110,177,83,94,100,50,50,25,18,7,
895,103,52,51,179,83,96,205,94,111,178,83,95,101,50,51,25,18,7,
900,103,52,51,180,83,97,205,94,111,179,84,95,101,50,51,26,18,8,
905,104,52,52,180,83,97,206,94,112,180,85,95,103,50,53,26,18,8,
910,104,52,52,181,83,98,207,95,112,181,85,96,104,50,54,26,18,8,
915,104,52,52,183,83,100,208,96,112,182,86,96,104,50,54,26,18,8,
920,105,52,53,184,83,101,210,96,114,183,86,97,104,50,54,26,18,8,
925,106,52,54,184,83,101,210,96,114,184,86,98,104,50,54,26,18,8,
930,107,52,55,186,84,102,213,98,115,185,87,98,105,50,55,26,18,8,
935,107,52,55,187,84,103,213,98,115,186,87,99,105,50,55,27,19,8,
940,108,53,55,187,84,103,214,98,116,187,87,100,107,50,57,27,19,8,
945,108,53,55,188,84,104,215,98,117,188,87,101,108,51,57,27,19,8,
950,108,53,55,190,85,105,216,98,118,189,88,101,108,51,57,27,19,8,
955,109,53,56,191,85,106,218,100,118,190,88,102,108,51,57,27,19,8,
960,110,54,56,191,85,106,218,100,118,191,88,103,108,51,57,27,19,8,
965,111,55,56,193,86,107,221,101,120,192,88,104,109,52,57,27,19,8,
970,111,55,56,194,86,108,221,101,120,193,88,105,109,52,57,28,20,8,
975,112,56,56,194,86,108,222,102,120,194,89,105,111,53,58,28,20,8,
980,112,56,56,195,86,109,223,102,121,195,90,105,112,53,59,28,20,8,
985,112,56,56,197,86,111,224,102,122,196,90,106,112,53,59,28,20,8,
990,113,57,56,198,87,111,226,103,123,197,91,106,112,53,59,28,20,8,
995,114,57,57,198,87,111,226,103,123,198,91,107,112,53,59,28,20,8,
1000,115,58,57,200,89,111,229,104,125,199,92,107,113,54,59,28,20,8,
1005,115,58,57,201,89,112,229,104,125,200,93,107,113,54,59,29,20,9,
1010,116,59,57,201,89,112,230,104,126,201,93,108,115,54,61,29,20,9,
1015,116,59,57,202,90,112,231,105,126,202,93,109,116,54,62,29,20,9,
1020,116,59,57,204,91,113,232,105,127,203,94,109,116,54,62,29,20,9,
1025,117,60,57,205,91,114,234,105,129,204,95,109,116,54,62,29,20,9,
1030,118,61,57,205,91,114,234,105,129,205,96,109,116,54,62,29,20,9,
1035,119,61,58,207,92,115,237,107,130,206,97,109,117,54,63,29,20,9,
1040,119,61,58,208,92,116,237,107,130,207,98,109,117,54,63,30,20,10,
1045,120,61,59,208,92,116,238,108,130,208,99,109,119,55,64,30,20,10,
1050,120,61,59,209,92,117,239,109,130,209,100,109,120,55,65,30,20,10,
1055,120,61,59,211,93,118,240,109,131,210,100,110,120,55,65,30,20,10,
1060,121,62,59,212,94,118,242,110,132,211,100,111,120,55,65,30,20,10,
1065,122,63,59,212,94,118,242,110,132,212,100,112,120,55,65,30,20,10,
1070,123,63,60,214,96,118,245,112,133,213,100,113,121,55,66,30,20,10,
1075,123,63,60,215,97,118,245,112,133,214,100,114,121,55,66,31,20,11,
1080,124,63,61,215,97,118,246,113,133,215,101,114,123,56,67,31,20,11,
1085,124,63,61,216,98,118,247,114,133,216,102,114,124,56,68,31,20,11,
1090,124,63,61,218,99,119,248,115,133,217,103,114,124,56,68,31,20,11,
1095,125,64,61,219,99,120,250,116,134,218,103,115,124,56,68,31,20,11,
1100,126,65,61,219,99,120,250,116,134,219,104,115,124,56,68,31,20,11,
1105,127,65,62,221,99,122,253,116,137,220,104,116,125,57,68,31,20,11,
1110,127,65,62,222,99,123,253,116,137,221,104,117,125,57,68,32,20,12,
1115,128,65,63,222,99,123,254,116,138,222,105,117,127,59,68,32,20,12,
1120,128,65,63,223,100,123,255,116,139,223,106,117,128,60,68,32,20,12,
1125,128,65,63,225,101,124,256,116,140,224,107,117,128,60,68,32,20,12,
1130,129,65,64,226,101,125,258,117,141,225,108,117,128,60,68,32,20,12,
1135,130,66,64,226,101,125,258,117,141,226,108,118,128,60,68,32,20,12,
1140,131,67,64,228,103,125,261,118,143,227,109,118,129,61,68,32,20,12,
1145,131,67,64,229,103,126,261,118,143,228,109,119,129,61,68,33,20,13,
1150,132,67,65,229,103,126,262,118,144,229,110,119,131,63,68,33,20,13,
1155,132,67,65,230,103,127,263,118,145,230,111,119,132,63,69,33,20,13,
1160,132,67,65,232,105,127,264,118,146,231,111,120,132,63,69,33,20,13,
1165,133,67,66,233,105,128,266,119,147,232,112,120,132,63,69,33,20,13,
1170,134,68,66,233,105,128,266,119,147,233,113,120,132,63,69,33,20,13,
1175,135,68,67,235,106,129,269,122,147,234,113,121,133,63,70,33,20,13,
1180,135,68,67,236,106,130,269,122,147,235,114,121,133,63,70,34,20,14,
1185,136,69,67,236,106,130,270,122,148,236,114,122,135,64,71,34,20,14,
1190,136,69,67,237,106,131,271,122,149,237,115,122,136,65,71,34,20,14,
1195,136,69,67,239,107,132,272,122,150,238,115,123,136,65,71,34,20,14,
1200,137,69,68,240,108,132,274,124,150,239,116,123,136,65,71,34,20,14,
1205,138,70,68,240,108,132,274,124,150,240,117,123,136,65,71,34,20,14,
1210,139,71,68,242,109,133,277,126,151,241,118,123,137,65,72,34,20,14,
1215,139,71,68,243,109,134,277,126,151,242,119,123,137,65,72,35,20,15,
1220,140,72,68,243,109,134,278,126,152,243,119,124,139,66,73,35,20,15,
1225,140,72,68,244,110,134,279,127,152,244,120,124,140,66,74,35,20,15,
1230,140,72,68,246,110,136,280,127,153,245,120,125,140,66,74,35,20,15,
1235,141,72,69,247,111,136,282,127,155,246,120,126,140,66,74,35,20,15,
1240,142,72,70,247,111,136,282,127,155,247,121,126,140,66,74,35,20,15,
1245,143,73,70,249,112,137,285,128,157,248,121,127,141,66,75,35,20,15,
1250,143,73,70,250,113,137,285,128,157,249,122,127,141,66,75,36,21,15,
1255,144,73,71,250,113,137,286,128,158,250,123,127,143,66,77,36,21,15,
1260,144,73,71,251,113,138,287,128,159,251,124,127,144,67,77,36,21,15,
1265,144,73,71,253,114,139,288,129,159,252,125,127,144,67,77,36,21,15,
1270,145,74,71,254,114,140,290,131,159,253,126,127,144,67,77,36,21,15,
1275,146,75,71,254,114,140,290,131,159,254,127,127,144,67,77,36,21,15,
1280,147,76,71,256,115,141,293,133,160,255,127,128,145,67,78,36,21,15,
1285,147,76,71,257,116,141,293,133,160,256,128,128,145,67,78,37,22,15,
1290,148,77,71,257,116,141,294,134,160,257,128,129,147,68,79,37,22,15,
1295,148,77,71,258,117,141,295,134,161,258,129,129,148,69,79,37,22,15,
1300,148,77,71,260,118,142,296,134,162,259,129,130,148,69,79,37,22,15,
1305,149,77,72,261,118,143,298,135,163,260,130,130,148,69,79,37,22,15,
1310,150,77,73,261,118,143,298,135,163,261,130,131,148,69,79,37,22,15,
1315,151,78,73,263,119,144,301,137,164,262,131,131,149,69,80,37,22,15,
1320,151,78,73,264,120,144,301,137,164,263,132,131,149,69,80,38,23,15,
1325,152,78,74,264,120,144,302,138,164,264,133,131,151,70,81,38,23,15,
1330,152,78,74,265,121,144,303,139,164,265,134,131,152,70,82,38,23,15,
1335,152,78,74,267,121,146,304,139,165,266,135,131,152,70,82,38,23,15,
1340,153,79,74,268,122,146,306,139,167,267,135,132,152,70,82,38,23,15,
1345,154,79,75,268,122,146,306,139,167,268,136,132,152,70,82,38,23,15,
1350,155,79,76,270,123,147,309,140,169,269,136,133,153,70,83,38,23,15,
1355,155,79,76,271,124,147,309,140,169,270,136,134,153,70,83,39,24,15,
1360,156,79,77,271,124,147,310,140,170,271,137,134,155,71,84,39,24,15,
1365,156,79,77,272,125,147,311,141,170,272,137,135,156,72,84,39,24,15,
1370,156,79,77,274,125,149,312,142,170,273,137,136,156,72,84,39,24,15,
1375,157,79,78,275,126,149,314,143,171,274,138,136,156,72,84,39,24,15,
1380,158,79,79,275,126,149,314,143,171,275,139,136,156,72,84,39,24,15,
1385,159,79,80,277,127,150,317,143,174,276,140,136,157,72,85,39,24,15,
1390,159,79,80,278,128,150,317,143,174,277,141,136,157,72,85,40,24,16,
1395,160,80,80,278,128,150,318,144,174,278,142,136,159,73,86,40,24,16,
1400,160,80,80,279,128,151,319,144,175,279,142,137,160,73,87,40,24,16,
1405,160,80,80,281,129,152,320,145,175,280,142,138,160,73,87,40,24,16,
1410,161,80,81,282,129,153,322,146,176,281,142,139,160,73,87,40,24,16,
1415,162,81,81,282,129,153,322,146,176,282,142,140,160,73,87,40,24,16,
1420,163,82,81,284,130,154,325,146,179,283,142,141,161,74,87,40,24,16,
1425,163,82,81,285,131,154,325,146,179,284,142,142,161,74,87,41,25,16,
1430,164,83,81,285,131,154,326,147,179,285,143,142,163,75,88,41,25,16,
1435,164,83,81,286,131,155,327,148,179,286,143,143,164,76,88,41,25,16,
1440,164,83,81,288,131,157,328,149,179,287,143,144,164,76,88,41,25,16,
1445,165,84,81,289,132,157,330,150,180,288,143,145,164,76,88,41,25,16,
1450,166,85,81,289,132,157,330,150,180,289,143,146,164,76,88,41,25,16,
1455,167,86,81,291,133,158,333,151,182,290,144,146,165,76,89,41,25,16,
1460,167,86,81,292,133,159,333,151,182,291,144,147,165,76,89,42,25,17,
1465,168,87,81,292,133,159,334,151,183,292,144,148,167,77,90,42,25,17,
1470,168,87,81,293,134,159,335,151,184,293,144,149,168,77,91,42,25,17,
1475,168,87,81,295,134,161,336,152,184,294,144,150,168,77,91,42,25,17,
1480,169,88,81,296,135,161,338,153,185,295,145,150,168,77,91,42,25,17,
1485,170,89,81,296,135,161,338,153,185,296,145,151,168,77,91,42,25,17,
1490,171,89,82,298,135,163,341,155,186,297,146,151,169,77,92,42,25,17,
1495,171,89,82,299,135,164,341,155,186,298,146,152,169,77,92,43,26,17,
1500,172,89,83,299,135,164,342,155,187,299,147,152,171,77,94,43,26,17,
1505,172,89,83,300,136,164,343,155,188,300,147,153,172,77,95,43,26,17,
1510,172,89,83,302,136,166,344,156,188,301,148,153,172,77,95,43,26,17,
1515,173,90,83,303,136,167,346,157,189,302,148,154,172,77,95,43,26,17,
1520,174,91,83,303,136,167,346,157,189,303,148,155,172,77,95,43,26,17,
1525,175,91,84,305,136,169,349,159,190,304,149,155,173,78,95,43,26,17,
1530,175,91,84,306,136,170,349,159,190,305,149,156,173,78,95,44,26,18,
1535,176,92,84,306,136,170,350,160,190,306,150,156,175,80,95,44,26,18,
1540,176,92,84,307,136,171,351,161,190,307,151,156,176,80,96,44,26,18,
1545,176,92,84,309,137,172,352,162,190,308,152,156,176,80,96,44,26,18,
1550,177,92,85,310,138,172,354,162,192,309,153,156,176,80,96,44,26,18,
1555,178,93,85,310,138,172,354,162,192,310,154,156,176,80,96,44,26,18,
1560,179,93,86,312,138,174,357,164,193,311,155,156,177,80,97,44,26,18,
1565,179,93,86,313,138,175,357,164,193,312,156,156,177,80,97,45,27,18,
1570,180,93,87,313,138,175,358,164,194,313,156,157,179,81,98,45,27,18,
1575,180,93,87,314,138,176,359,165,194,314,157,157,180,81,99,45,27,18,
1580,180,93,87,316,140,176,360,165,195,315,158,157,180,81,99,45,27,18,
1585,181,93,88,317,141,176,362,165,197,316,159,157,180,81,99,45,27,18,
1590,182,93,89,317,141,176,362,165,197,317,160,157,180,81,99,45,27,18,
1595,183,94,89,319,143,176,365,166,199,318,160,158,181,81,100,45,27,18,
1600,183,94,89,320,143,177,365,166,199,319,161,158,181,81,100,46,28,18,
1605,184,94,90,320,143,177,366,167,199,320,162,158,183,82,101,46,28,18,
1610,184,94,90,321,143,178,367,168,199,321,162,159,184,82,102,46,28,18,
1615,184,94,90,323,143,180,368,169,199,322,163,159,184,82,102,46,28,18,
1620,185,95,90,324,143,181,370,170,200,323,164,159,184,82,102,46,28,18,
1625,186,95,91,324,143,181,370,170,200,324,165,159,184,82,102,46,28,18,
1630,187,96,91,326,144,182,373,171,202,325,165,160,185,83,102,46,28,18,
1635,187,96,91,327,144,183,373,171,202,326,166,160,185,83,102,47,28,19,
1640,188,96,92,327,144,183,374,171,203,327,166,161,187,85,102,47,28,19,
1645,188,96,92,328,144,184,375,171,204,328,167,161,188,85,103,47,28,19,
1650,188,96,92,330,145,185,376,172,204,329,168,161,188,85,103,47,28,19,
1655,189,97,92,331,145,186,378,174,204,330,168,162,188,85,103,47,28,19,
1660,190,97,93,331,145,186,378,174,204,331,169,162,188,85,103,47,28,19,
1665,191,98,93,333,146,187,381,175,206,332,169,163,189,85,104,47,28,19,
1670,191,98,93,334,146,188,381,175,206,333,169,164,189,85,104,48,28,20,
1675,192,98,94,334,146,188,382,175,207,334,170,164,191,85,106,48,28,20,
1680,192,98,94,335,147,188,383,175,208,335,171,164,192,86,106,48,28,20,
1685,192,98,94,337,148,189,384,176,208,336,171,165,192,86,106,48,28,20,
1690,193,99,94,338,149,189,386,177,209,337,172,165,192,86,106,48,28,20,
1695,194,100,94,338,149,189,386,177,209,338,173,165,192,86,106,48,28,20,
1700,195,100,95,340,150,190,389,178,211,339,174,165,193,87,106,48,28,20,
1705,195,100,95,341,151,190,389,178,211,340,175,165,193,87,106,49,29,20,
1710,196,101,95,341,151,190,390,179,211,341,176,165,195,88,107,49,29,20,
1715,196,101,95,342,151,191,391,179,212,342,177,165,196,89,107,49,29,20,
1720,196,101,95,344,151,193,392,179,213,343,177,166,196,89,107,49,29,20,
1725,197,101,96,345,151,194,394,180,214,344,177,167,196,89,107,49,29,20,
1730,198,102,96,345,151,194,394,180,214,345,178,167,196,89,107,49,29,20,
1735,199,103,96,347,152,195,397,181,216,346,178,168,197,89,108,49,29,20,
1740,199,103,96,348,153,195,397,181,216,347,179,168,197,89,108,50,30,20,
1745,200,103,97,348,153,195,398,182,216,348,180,168,199,89,110,50,30,20,
1750,200,103,97,349,153,196,399,183,216,349,181,168,200,89,111,50,30,20,
1755,200,103,97,351,154,197,400,184,216,350,182,168,200,89,111,50,30,20,
1760,201,103,98,352,154,198,402,185,217,351,182,169,200,89,111,50,30,20,
1765,202,103,99,352,154,198,402,185,217,352,182,170,200,89,111,50,30,20,
1770,203,104,99,354,156,198,405,185,220,353,183,170,201,89,112,50,30,20,
1775,203,104,99,355,157,198,405,185,220,354,184,170,201,89,112,51,31,20,
1780,204,104,100,355,157,198,406,186,220,355,184,171,203,89,114,51,31,20,
1785,204,104,100,356,157,199,407,186,221,356,184,172,204,90,114,51,31,20,
1790,204,104,100,358,157,201,408,186,222,357,184,173,204,90,114,51,31,20,
1795,205,105,100,359,158,201,410,187,223,358,184,174,204,90,114,51,31,20,
1800,206,105,101,359,158,201,410,187,223,359,185,174,204,90,114,51,31,20,
1805,207,105,102,361,159,202,413,189,224,360,186,174,205,90,115,51,31,20,
1810,207,105,102,362,160,202,413,189,224,361,187,174,205,90,115,52,31,21,
1815,208,105,103,362,160,202,414,190,224,362,187,175,207,92,115,52,31,21,
1820,208,105,103,363,160,203,415,191,224,363,187,176,208,92,116,52,31,21,
1825,208,105,103,365,160,205,416,191,225,364,187,177,208,92,116,52,31,21,
1830,209,106,103,366,161,205,418,193,225,365,187,178,208,92,116,52,31,21,
1835,210,106,104,366,161,205,418,193,225,366,188,178,208,92,116,52,31,21,
1840,211,107,104,368,162,206,421,194,227,367,188,179,209,92,117,52,31,21,
1845,211,107,104,369,163,206,421,194,227,368,189,179,209,92,117,53,32,21,
1850,212,107,105,369,163,206,422,194,228,369,189,180,211,92,119,53,32,21,
1855,212,107,105,370,163,207,423,195,228,370,190,180,212,93,119,53,32,21,
1860,212,107,105,372,165,207,424,195,229,371,191,180,212,93,119,53,32,21,
1865,213,108,105,373,165,208,426,196,230,372,191,181,212,93,119,53,32,21,
1870,214,108,106,373,165,208,426,196,230,373,192,181,212,93,119,53,32,21,
1875,215,108,107,375,167,208,429,199,230,374,193,181,213,93,120,53,32,21,
1880,215,108,107,376,168,208,429,199,230,375,193,182,213,93,120,54,32,22,
1885,216,108,108,376,168,208,430,200,230,376,193,183,215,95,120,54,32,22,
1890,216,108,108,377,168,209,431,201,230,377,193,184,216,95,121,54,32,22,
1895,216,108,108,379,170,209,432,202,230,378,194,184,216,95,121,54,32,22,
1900,217,108,109,380,170,210,434,204,230,379,194,185,216,95,121,54,32,22,
1905,218,109,109,380,170,210,434,204,230,380,195,185,216,95,121,54,32,22,
1910,219,110,109,382,171,211,437,205,232,381,195,186,217,96,121,54,32,22,
1915,219,110,109,383,171,212,437,205,232,382,195,187,217,96,121,55,32,23,
1920,220,111,109,383,171,212,438,205,233,383,196,187,219,96,123,55,32,23,
1925,220,111,109,384,171,213,439,206,233,384,197,187,220,96,124,55,32,23,
1930,220,111,109,386,171,215,440,206,234,385,197,188,220,96,124,55,32,23,
1935,221,112,109,387,172,215,442,207,235,386,198,188,220,96,124,55,32,23,
1940,222,112,110,387,172,215,442,207,235,387,199,188,220,96,124,55,32,23,
1945,223,113,110,389,173,216,445,208,237,388,200,188,221,96,125,55,32,23,
1950,223,113,110,390,173,217,445,208,237,389,201,188,221,96,125,56,33,23,
1955,224,113,111,390,173,217,446,209,237,390,201,189,223,97,126,56,33,23,
1960,224,113,111,391,173,218,447,209,238,391,201,190,224,98,126,56,33,23,
1965,224,113,111,393,174,219,448,210,238,392,202,190,224,98,126,56,33,23,
1970,225,113,112,394,174,220,450,212,238,393,202,191,224,98,126,56,33,23,
1975,226,113,113,394,174,220,450,212,238,394,203,191,224,98,126,56,33,23,
1980,227,113,114,396,175,221,453,215,238,395,203,192,225,99,126,56,33,23,
1985,227,113,114,397,175,222,453,215,238,396,203,193,225,99,126,57,33,24,
1990,228,114,114,397,175,222,454,215,239,397,203,194,227,100,127,57,33,24,
1995,228,114,114,398,175,223,455,216,239,398,204,194,228,101,127,57,33,24,
2000,228,114,114,400,175,225,456,216,240,399,204,195,228,101,127,57,33,24,
2005,229,115,114,401,175,226,458,216,242,400,204,196,228,101,127,57,33,24,
2010,230,115,115,401,175,226,458,216,242,401,204,197,228,101,127,57,33,24,
2015,231,116,115,403,175,228,461,216,245,402,204,198,229,102,127,57,33,24,
2020,231,116,115,404,175,229,461,216,245,403,204,199,229,102,127,58,33,25,
2025,232,117,115,404,175,229,462,217,245,404,204,200,231,103,128,58,33,25,
2030,232,117,115,405,176,229,463,218,245,405,205,200,232,104,128,58,33,25,
2035,232,117,115,407,177,230,464,218,246,406,205,201,232,104,128,58,33,25,
2040,233,117,116,408,178,230,466,220,246,407,205,202,232,104,128,58,33,25,
2045,234,117,117,408,178,230,466,220,246,408,206,202,232,104,128,58,33,25,
2050,235,118,117,410,179,231,469,220,249,409,206,203,233,104,129,58,33,25,
2055,235,118,117,411,180,231,469,220,249,410,207,203,233,104,129,59,34,25,
2060,236,119,117,411,180,231,470,221,249,411,207,204,235,106,129,59,34,25,
2065,236,119,117,412,181,231,471,222,249,412,208,204,236,106,130,59,34,25,
2070,236,119,117,414,182,232,472,222,250,413,209,204,236,106,130,59,34,25,
2075,237,119,118,415,182,233,474,223,251,414,210,204,236,106,130,59,34,25,
2080,238,120,118,415,182,233,474,223,251,415,210,205,236,106,130,59,34,25,
2085,239,120,119,417,182,235,477,224,253,416,210,206,237,106,131,59,34,25,
2090,239,120,119,418,182,236,477,224,253,417,211,206,237,106,131,60,35,25,
2095,240,120,120,418,182,236,478,224,254,418,212,206,239,108,131,60,35,25,
2100,240,120,120,419,182,237,479,225,254,419,213,206,240,109,131,60,35,25,
2105,240,120,120,421,183,238,480,226,254,420,213,207,240,109,131,60,35,25,
2110,241,120,121,422,184,238,482,227,255,421,214,207,240,109,131,60,35,25,
2115,242,121,121,422,184,238,482,227,255,422,214,208,240,109,131,60,35,25,
2120,243,122,121,424,186,238,485,228,257,423,215,208,241,109,132,60,35,25,
2125,243,122,121,425,186,239,485,228,257,424,215,209,241,109,132,61,35,26,
2130,244,123,121,425,186,239,486,228,258,425,215,210,243,110,133,61,35,26,
2135,244,123,121,426,187,239,487,228,259,426,215,211,244,111,133,61,35,26,
2140,244,123,121,428,187,241,488,229,259,427,215,212,244,111,133,61,35,26,
2145,245,123,122,429,188,241,490,230,260,428,216,212,244,111,133,61,35,26,
2150,246,123,123,429,188,241,490,230,260,429,217,212,244,111,133,61,35,26,
2155,247,124,123,431,190,241,493,233,260,430,218,212,245,111,134,61,35,26,
2160,247,124,123,432,191,241,493,233,260,431,218,213,245,111,134,62,36,26,
2165,248,125,123,432,191,241,494,233,261,432,218,214,247,112,135,62,36,26,
2170,248,125,123,433,191,242,495,234,261,433,219,214,248,113,135,62,36,26,
2175,248,125,123,435,193,242,496,235,261,434,220,214,248,113,135,62,36,26,
2180,249,126,123,436,194,242,498,237,261,435,220,215,248,113,135,62,36,26,
2185,250,126,124,436,194,242,498,237,261,436,220,216,248,113,135,62,36,26,
2190,251,127,124,438,194,244,501,238,263,437,221,216,249,113,136,62,36,26,
2195,251,127,124,439,195,244,501,238,263,438,221,217,249,113,136,63,37,26,
2200,252,127,125,439,195,244,502,239,263,439,222,217,251,115,136,63,37,26,
2205,252,127,125,440,195,245,503,240,263,440,222,218,252,115,137,63,37,26,
2210,252,127,125,442,196,246,504,240,264,441,222,219,252,115,137,63,37,26,
2215,253,128,125,443,196,247,506,241,265,442,223,219,252,115,137,63,37,26,
2220,254,129,125,443,196,247,506,241,265,443,223,220,252,115,137,63,37,26,
2225,255,130,125,445,196,249,509,244,265,444,224,220,253,115,138,63,37,26,
2230,255,130,125,446,196,250,509,244,265,445,225,220,253,115,138,64,37,27,
2235,256,131,125,446,196,250,510,245,265,446,226,220,255,116,139,64,37,27,
2240,256,131,125,447,196,251,511,245,266,447,226,221,256,116,140,64,37,27,
2245,256,131,125,449,196,253,512,245,267,448,226,222,256,116,140,64,37,27,
2250,257,132,125,450,196,254,514,245,269,449,227,222,256,116,140,64,37,27,
2255,258,132,126,450,196,254,514,245,269,450,227,223,256,116,140,64,37,27,
2260,259,133,126,452,196,256,517,246,271,451,228,223,257,116,141,64,37,27,
2265,259,133,126,453,196,257,517,246,271,452,229,223,257,116,141,65,37,28,
2270,260,133,127,453,196,257,518,247,271,453,229,224,259,117,142,65,37,28,
2275,260,133,127,454,196,258,519,247,272,454,229,225,260,117,143,65,37,28,
2280,260,133,127,456,197,259,520,248,272,455,230,225,260,117,143,65,37,28,
2285,261,133,128,457,198,259,522,248,274,456,231,225,260,117,143,65,37,28,
2290,262,134,128,457,198,259,522,248,274,457,232,225,260,117,143,65,37,28,
2295,263,135,128,459,200,259,525,249,276,458,233,225,261,118,143,65,37,28,
2300,263,135,128,460,200,260,525,249,276,459,233,226,261,118,143,66,37,29,
2305,264,136,128,460,200,260,526,250,276,460,233,227,263,119,144,66,37,29,
2310,264,136,128,461,201,260,527,250,277,461,234,227,264,120,144,66,37,29,
2315,264,136,128,463,202,261,528,251,277,462,235,227,264,120,144,66,37,29,
2320,265,137,128,464,202,262,530,252,278,463,235,228,264,120,144,66,37,29,
2325,266,138,128,464,202,262,530,252,278,464,236,228,264,120,144,66,37,29,
2330,267,139,128,466,202,264,533,253,280,465,237,228,265,121,144,66,37,29,
2335,267,139,128,467,202,265,533,253,280,466,238,228,265,121,144,67,38,29,
2340,268,140,128,467,202,265,534,254,280,467,239,228,267,121,146,67,38,29,
2345,268,140,128,468,202,266,535,254,281,468,239,229,268,121,147,67,38,29,
2350,268,140,128,470,202,268,536,254,282,469,240,229,268,121,147,67,38,29,
2355,269,140,129,471,203,268,538,256,282,470,241,229,268,121,147,67,38,29,
2360,270,141,129,471,203,268,538,256,282,471,241,230,268,121,147,67,38,29,
2365,271,142,129,473,204,269,541,258,283,472,242,230,269,122,147,67,38,29,
2370,271,142,129,474,205,269,541,258,283,473,243,230,269,122,147,68,39,29,
2375,272,142,130,474,205,269,542,259,283,474,244,230,271,123,148,68,39,29,
2380,272,142,130,475,206,269,543,260,283,475,244,231,272,123,149,68,39,29,
2385,272,142,130,477,207,270,544,260,284,476,244,232,272,123,149,68,39,29,
2390,273,142,131,478,207,271,546,261,285,477,244,233,272,123,149,68,39,29,
2395,274,142,132,478,207,271,546,261,285,478,244,234,272,123,149,68,39,29,
2400,275,143,132,480,209,271,549,263,286,479,244,235,273,124,149,68,39,29,
2405,275,143,132,481,210,271,549,263,286,480,245,235,273,124,149,69,39,30,
2410,276,143,133,481,210,271,550,264,286,481,245,236,275,125,150,69,39,30,
2415,276,143,133,482,210,272,551,264,287,482,245,237,276,125,151,69,39,30,
2420,276,143,133,484,211,273,552,265,287,483,245,238,276,125,151,69,39,30,
2425,277,143,134,485,211,274,554,267,287,484,245,239,276,125,151,69,39,30,
2430,278,144,134,485,211,274,554,267,287,485,246,239,276,125,151,69,39,30,
2435,279,145,134,487,211,276,557,268,289,486,246,240,277,125,152,69,39,30,
2440,279,145,134,488,212,276,557,268,289,487,246,241,277,125,152,70,40,30,
2445,280,145,135,488,212,276,558,268,290,488,247,241,279,126,153,70,40,30,
2450,280,145,135,489,213,276,559,269,290,489,248,241,280,127,153,70,40,30,
2455,280,145,135,491,213,278,560,270,290,490,249,241,280,127,153,70,40,30,
2460,281,146,135,492,214,278,562,271,291,491,250,241,280,127,153,70,40,30,
2465,282,147,135,492,214,278,562,271,291,492,250,242,280,127,153,70,40,30,
2470,283,147,136,494,214,280,565,272,293,493,250,243,281,128,153,70,40,30,
2475,283,147,136,495,214,281,565,272,293,494,250,244,281,128,153,71,40,31,
2480,284,148,136,495,214,281,566,273,293,495,251,244,283,129,154,71,40,31,
2485,284,148,136,496,215,281,567,274,293,496,252,244,284,130,154,71,40,31,
2490,284,148,136,498,216,282,568,275,293,497,252,245,284,130,154,71,40,31,
2495,285,149,136,499,217,282,570,277,293,498,252,246,284,130,154,71,40,31,
2500,286,149,137,499,217,282,570,277,293,499,252,247,284,130,154,71,40,31,
2505,287,149,138,501,218,283,573,279,294,500,253,247,285,130,155,71,40,31,
2510,287,149,138,502,219,283,573,279,294,501,254,247,285,130,155,72,40,32,
2515,288,150,138,502,219,283,574,279,295,502,254,248,287,131,156,72,40,32,
2520,288,150,138,503,220,283,575,279,296,503,254,249,288,132,156,72,40,32,
2525,288,150,138,505,221,284,576,280,296,504,254,250,288,132,156,72,40,32,
2530,289,150,139,506,221,285,578,280,298,505,254,251,288,132,156,72,40,32,
2535,290,151,139,506,221,285,578,280,298,506,255,251,288,132,156,72,40,32,
2540,291,152,139,508,223,285,581,283,298,507,255,252,289,133,156,72,40,32,
2545,291,152,139,509,224,285,581,283,298,508,256,252,289,133,156,73,41,32,
2550,292,152,140,509,224,285,582,284,298,509,257,252,291,134,157,73,41,32,
2555,292,152,140,510,224,286,583,284,299,510,257,253,292,134,158,73,41,32,
2560,292,152,140,512,225,287,584,284,300,511,258,253,292,134,158,73,41,32,
2565,293,153,140,513,225,288,586,285,301,512,258,254,292,134,158,73,41,32,
2570,294,154,140,513,225,288,586,285,301,513,258,255,292,134,158,73,41,32,
2575,295,154,141,515,227,288,589,286,303,514,258,256,293,134,159,73,41,32,
2580,295,154,141,516,228,288,589,286,303,515,258,257,293,134,159,74,42,32,
2585,296,155,141,516,228,288,590,286,304,516,258,258,295,135,160,74,42,32,
2590,296,155,141,517,228,289,591,286,305,517,258,259,296,136,160,74,42,32,
2595,296,155,141,519,230,289,592,287,305,518,259,259,296,136,160,74,42,32,
2600,297,155,142,520,230,290,594,287,307,519,260,259,296,136,160,74,42,32,
2605,298,156,142,520,230,290,594,287,307,520,260,260,296,136,160,74,42,32,
2610,299,156,143,522,232,290,597,287,310,521,261,260,297,136,161,74,42,32,
2615,299,156,143,523,232,291,597,287,310,522,262,260,297,136,161,75,42,33,
2620,300,157,143,523,232,291,598,287,311,523,262,261,299,137,162,75,42,33,
2625,300,157,143,524,232,292,599,287,312,524,262,262,300,138,162,75,42,33,
2630,300,157,143,526,233,293,600,287,313,525,262,263,300,138,162,75,42,33,
2635,301,158,143,527,234,293,602,288,314,526,262,264,300,138,162,75,42,33,
2640,302,158,144,527,234,293,602,288,314,527,263,264,300,138,162,75,42,33,
2645,303,158,145,529,235,294,605,290,315,528,264,264,301,139,162,75,42,33,
2650,303,158,145,530,236,294,605,290,315,529,265,264,301,139,162,76,43,33,
2655,304,158,146,530,236,294,606,291,315,530,265,265,303,140,163,76,43,33,
2660,304,158,146,531,236,295,607,291,316,531,265,266,304,140,164,76,43,33,
2665,304,158,146,533,237,296,608,291,317,532,265,267,304,140,164,76,43,33,
2670,305,158,147,534,238,296,610,293,317,533,266,267,304,140,164,76,43,33,
2675,306,159,147,534,238,296,610,293,317,534,266,268,304,140,164,76,43,33,
2680,307,159,148,536,239,297,613,295,318,535,266,269,305,141,164,76,43,33,
2685,307,159,148,537,240,297,613,295,318,536,267,269,305,141,164,77,43,34,
2690,308,159,149,537,240,297,614,296,318,537,268,269,307,142,165,77,43,34,
2695,308,159,149,538,241,297,615,297,318,538,269,269,308,142,166,77,43,34,
2700,308,159,149,540,242,298,616,298,318,539,269,270,308,142,166,77,43,34,
2705,309,159,150,541,243,298,618,299,319,540,269,271,308,142,166,77,43,34,
2710,310,160,150,541,243,298,618,299,319,541,269,272,308,142,166,77,43,34,
2715,311,161,150,543,244,299,621,300,321,542,270,272,309,143,166,77,43,34,
2720,311,161,150,544,245,299,621,300,321,543,270,273,309,143,166,78,43,35,
2725,312,161,151,544,245,299,622,301,321,544,271,273,311,144,167,78,43,35,
2730,312,161,151,545,245,300,623,302,321,545,272,273,312,145,167,78,43,35,
2735,312,161,151,547,245,302,624,303,321,546,272,274,312,145,167,78,43,35,
2740,313,162,151,548,246,302,626,305,321,547,273,274,312,145,167,78,43,35,
2745,314,162,152,548,246,302,626,305,321,548,273,275,312,145,167,78,43,35,
2750,315,163,152,550,247,303,629,307,322,549,273,276,313,146,167,78,43,35,
2755,315,163,152,551,248,303,629,307,322,550,273,277,313,146,167,79,43,36,
2760,316,164,152,551,248,303,630,307,323,551,273,278,315,146,169,79,43,36,
2765,316,164,152,552,248,304,631,307,324,552,273,279,316,146,170,79,43,36,
2770,316,164,152,554,248,306,632,307,325,553,273,280,316,146,170,79,43,36,
2775,317,165,152,555,248,307,634,308,326,554,274,280,316,146,170,79,43,36,
2780,318,165,153,555,248,307,634,308,326,555,275,280,316,146,170,79,43,36,
2785,319,166,153,557,248,309,637,310,327,556,275,281,317,146,171,79,43,36,
2790,319,166,153,558,249,309,637,310,327,557,275,282,317,146,171,80,44,36,
2795,320,166,154,558,249,309,638,310,328,558,276,282,319,146,173,80,44,36,
2800,320,166,154,559,249,310,639,310,329,559,276,283,320,146,174,80,44,36,
2805,320,166,154,561,250,311,640,311,329,560,276,284,320,146,174,80,44,36,
2810,321,167,154,562,250,312,642,312,330,561,276,285,320,146,174,80,44,36,
2815,322,167,155,562,250,312,642,312,330,562,277,285,320,146,174,80,44,36,
2820,323,168,155,564,250,314,645,313,332,563,278,285,321,147,174,80,44,36,
2825,323,168,155,565,251,314,645,313,332,564,279,285,321,147,174,81,45,36,
2830,324,168,156,565,251,314,646,314,332,565,279,286,323,148,175,81,45,36,
2835,324,168,156,566,252,314,647,315,332,566,279,287,324,149,175,81,45,36,
2840,324,168,156,568,253,315,648,316,332,567,279,288,324,149,175,81,45,36,
2845,325,169,156,569,254,315,650,317,333,568,280,288,324,149,175,81,45,36,
2850,326,170,156,569,254,315,650,317,333,569,280,289,324,149,175,81,45,36,
2855,327,170,157,571,254,317,653,317,336,570,280,290,325,150,175,81,45,36,
2860,327,170,157,572,254,318,653,317,336,571,280,291,325,150,175,82,46,36,
2865,328,170,158,572,254,318,654,318,336,572,281,291,327,151,176,82,46,36,
2870,328,170,158,573,254,319,655,319,336,573,281,292,328,151,177,82,46,36,
2875,328,170,158,575,254,321,656,319,337,574,282,292,328,151,177,82,46,36,
2880,329,171,158,576,254,322,658,320,338,575,282,293,328,151,177,82,46,36,
2885,330,172,158,576,254,322,658,320,338,576,282,294,328,151,177,82,46,36,
2890,331,173,158,578,255,323,661,322,339,577,282,295,329,152,177,82,46,36,
2895,331,173,158,579,255,324,661,322,339,578,283,295,329,152,177,83,47,36,
2900,332,173,159,579,255,324,662,323,339,579,284,295,331,154,177,83,47,36,
2905,332,173,159,580,255,325,663,324,339,580,285,295,332,155,177,83,47,36,
2910,332,173,159,582,255,327,664,324,340,581,285,296,332,155,177,83,47,36,
2915,333,174,159,583,255,328,666,325,341,582,286,296,332,155,177,83,47,36,
2920,334,175,159,583,255,328,666,325,341,583,287,296,332,155,177,83,47,36,
2925,335,176,159,585,257,328,669,326,343,584,287,297,333,155,178,83,47,36,
2930,335,176,159,586,257,329,669,326,343,585,287,298,333,155,178,84,47,37,
2935,336,177,159,586,257,329,670,327,343,586,287,299,335,156,179,84,47,37,
2940,336,177,159,587,258,329,671,327,344,587,287,300,336,157,179,84,47,37,
2945,336,177,159,589,258,331,672,327,345,588,287,301,336,157,179,84,47,37,
2950,337,178,159,590,258,332,674,329,345,589,287,302,336,157,179,84,47,37,
2955,338,178,160,590,258,332,674,329,345,590,288,302,336,157,179,84,47,37,
2960,339,179,160,592,260,332,677,331,346,591,289,302,337,157,180,84,47,37,
2965,339,179,160,593,260,333,677,331,346,592,290,302,337,157,180,85,47,38,
2970,340,179,161,593,260,333,678,332,346,593,291,302,339,158,181,85,47,38,
2975,340,179,161,594,261,333,679,332,347,594,292,302,340,159,181,85,47,38,
2980,340,179,161,596,263,333,680,332,348,595,292,303,340,159,181,85,47,38,
2985,341,179,162,597,263,334,682,333,349,596,292,304,340,159,181,85,47,38,
2990,342,180,162,597,263,334,682,333,349,597,293,304,340,159,181,85,47,38,
2995,343,181,162,599,264,335,685,335,350,598,294,304,341,159,182,85,47,38,
3000,343,181,162,600,265,335,685,335,350,599,294,305,341,159,182,86,48,38,
3005,344,181,163,600,265,335,686,335,351,600,294,306,343,159,184,86,48,38,
3010,344,181,163,601,265,336,687,335,352,601,294,307,344,159,185,86,48,38,
3015,344,181,163,603,266,337,688,336,352,602,294,308,344,159,185,86,48,38,
3020,345,182,163,604,267,337,690,336,354,603,295,308,344,159,185,86,48,38,
3025,346,183,163,604,267,337,690,336,354,604,296,308,344,159,185,86,48,38,
3030,347,183,164,606,268,338,693,336,357,605,296,309,345,159,186,86,48,38,
3035,347,183,164,607,269,338,693,336,357,606,297,309,345,159,186,87,49,38,
3040,348,183,165,607,269,338,694,336,358,607,297,310,347,159,188,87,49,38,
3045,348,183,165,608,270,338,695,336,359,608,298,310,348,160,188,87,49,38,
3050,348,183,165,610,271,339,696,336,360,609,298,311,348,160,188,87,49,38,
3055,349,184,165,611,272,339,698,336,362,610,299,311,348,160,188,87,49,38,
3060,350,185,165,611,272,339,698,336,362,611,300,311,348,160,188,87,49,38,
3065,351,185,166,613,273,340,701,336,365,612,300,312,349,160,189,87,49,38,
3070,351,185,166,614,273,341,701,336,365,613,301,312,349,160,189,88,49,39,
3075,352,186,166,614,273,341,702,337,365,614,302,312,351,161,190,88,49,39,
3080,352,186,166,615,274,341,703,338,365,615,302,313,352,161,191,88,49,39,
3085,352,186,166,617,274,343,704,338,366,616,302,314,352,161,191,88,49,39,
3090,353,187,166,618,274,344,706,340,366,617,302,315,352,161,191,88,49,39,
3095,354,188,166,618,274,344,706,340,366,618,303,315,352,161,191,88,49,39,
3100,355,189,166,620,274,346,709,341,368,619,304,315,353,162,191,88,49,39,
3105,355,189,166,621,275,346,709,341,368,620,305,315,353,162,191,89,50,39,
3110,356,190,166,621,275,346,710,341,369,621,305,316,355,162,193,89,50,39,
3115,356,190,166,622,275,347,711,341,370,622,305,317,356,162,194,89,50,39,
3120,356,190,166,624,277,347,712,342,370,623,305,318,356,162,194,89,50,39,
3125,357,191,166,625,277,348,714,343,371,624,305,319,356,162,194,89,50,39,
3130,358,191,167,625,277,348,714,343,371,625,306,319,356,162,194,89,50,39,
3135,359,191,168,627,279,348,717,346,371,626,306,320,357,162,195,89,50,39,
3140,359,191,168,628,279,349,717,346,371,627,307,320,357,162,195,90,51,39,
3145,360,191,169,628,279,349,718,347,371,628,308,320,359,163,196,90,51,39,
3150,360,191,169,629,280,349,719,348,371,629,309,320,360,163,197,90,51,39,
3155,360,191,169,631,282,349,720,348,372,630,309,321,360,163,197,90,51,39,
3160,361,192,169,632,283,349,722,350,372,631,309,322,360,163,197,90,51,39,
3165,362,193,169,632,283,349,722,350,372,632,309,323,360,163,197,90,51,39,
3170,363,194,169,634,284,350,725,351,374,633,309,324,361,163,198,90,51,39,
3175,363,194,169,635,284,351,725,351,374,634,309,325,361,163,198,91,52,39,
3180,364,195,169,635,284,351,726,351,375,635,310,325,363,163,200,91,52,39,
3185,364,195,169,636,285,351,727,352,375,636,310,326,364,163,201,91,52,39,
3190,364,195,169,638,286,352,728,353,375,637,310,327,364,163,201,91,52,39,
3195,365,195,170,639,287,352,730,355,375,638,310,328,364,163,201,91,52,39,
3200,366,196,170,639,287,352,730,355,375,639,310,329,364,163,201,91,52,39,
3205,367,196,171,641,288,353,733,357,376,640,311,329,365,163,202,91,52,39,
3210,367,196,171,642,289,353,733,357,376,641,311,330,365,163,202,92,52,40,
3215,368,196,172,642,289,353,734,357,377,642,312,330,367,165,202,92,52,40,
3220,368,196,172,643,290,353,735,358,377,643,313,330,368,166,202,92,52,40,
3225,368,196,172,645,292,353,736,358,378,644,313,331,368,166,202,92,52,40,
3230,369,196,173,646,292,354,738,359,379,645,313,332,368,166,202,92,52,40,
3235,370,197,173,646,292,354,738,359,379,646,314,332,368,166,202,92,52,40,
3240,371,197,174,648,293,355,741,359,382,647,314,333,369,167,202,92,52,40,
3245,371,197,174,649,293,356,741,359,382,648,315,333,369,167,202,93,52,41,
3250,372,198,174,649,293,356,742,360,382,649,315,334,371,169,202,93,52,41,
3255,372,198,174,650,294,356,743,361,382,650,316,334,372,170,202,93,52,41,
3260,372,198,174,652,294,358,744,361,383,651,316,335,372,170,202,93,52,41,
3265,373,199,174,653,294,359,746,362,384,652,316,336,372,170,202,93,52,41,
3270,374,200,174,653,294,359,746,362,384,653,317,336,372,170,202,93,52,41,
3275,375,200,175,655,295,360,749,364,385,654,317,337,373,171,202,93,52,41,
3280,375,200,175,656,295,361,749,364,385,655,318,337,373,171,202,94,53,41,
3285,376,200,176,656,295,361,750,365,385,656,318,338,375,171,204,94,53,41,
3290,376,200,176,657,295,362,751,365,386,657,319,338,376,172,204,94,53,41,
3295,376,200,176,659,296,363,752,365,387,658,319,339,376,172,204,94,53,41,
3300,377,201,176,660,297,363,754,366,388,659,319,340,376,172,204,94,53,41,
3305,378,201,177,660,297,363,754,366,388,660,319,341,376,172,204,94,53,41,
3310,379,202,177,662,298,364,757,368,389,661,319,342,377,173,204,94,53,41,
3315,379,202,177,663,299,364,757,368,389,662,319,343,377,173,204,95,53,42,
3320,380,202,178,663,299,364,758,368,390,663,319,344,379,174,205,95,53,42,
3325,380,202,178,664,299,365,759,368,391,664,319,345,380,174,206,95,53,42,
3330,380,202,178,666,299,367,760,369,391,665,320,345,380,174,206,95,53,42,
3335,381,203,178,667,300,367,762,371,391,666,320,346,380,174,206,95,53,42,
3340,382,203,179,667,300,367,762,371,391,667,320,347,380,174,206,95,53,42,
3345,383,203,180,669,301,368,765,372,393,668,320,348,381,175,206,95,53,42,
3350,383,203,180,670,302,368,765,372,393,669,321,348,381,175,206,96,53,43,
3355,384,203,181,670,302,368,766,373,393,670,322,348,383,176,207,96,53,43,
3360,384,203,181,671,303,368,767,373,394,671,323,348,384,177,207,96,53,43,
3365,384,203,181,673,304,369,768,374,394,672,323,349,384,177,207,96,53,43,
3370,385,204,181,674,304,370,770,375,395,673,324,349,384,177,207,96,53,43,
3375,386,204,182,674,304,370,770,375,395,674,324,350,384,177,207,96,53,43,
3380,387,205,182,676,306,370,773,377,396,675,325,350,385,177,208,96,53,43,
3385,387,205,182,677,307,370,773,377,396,676,325,351,385,177,208,97,53,44,
3390,388,206,182,677,307,370,774,377,397,677,325,352,387,179,208,97,53,44,
3395,388,206,182,678,308,370,775,378,397,678,326,352,388,179,209,97,53,44,
3400,388,206,182,680,309,371,776,378,398,679,326,353,388,179,209,97,53,44,
3405,389,207,182,681,309,372,778,379,399,680,327,353,388,179,209,97,53,44,
3410,390,207,183,681,309,372,778,379,399,681,327,354,388,179,209,97,53,44,
3415,391,207,184,683,311,372,781,380,401,682,327,355,389,180,209,97,53,44,
3420,391,207,184,684,311,373,781,380,401,683,327,356,389,180,209,98,53,45,
3425,392,207,185,684,311,373,782,380,402,684,327,357,391,180,211,98,53,45,
3430,392,207,185,685,312,373,783,380,403,685,328,357,392,181,211,98,53,45,
3435,392,207,185,687,312,375,784,380,404,686,328,358,392,181,211,98,53,45,
3440,393,207,186,688,313,375,786,381,405,687,328,359,392,181,211,98,53,45,
3445,394,207,187,688,313,375,786,381,405,688,328,360,392,181,211,98,53,45,
3450,395,208,187,690,313,377,789,382,407,689,329,360,393,181,212,98,53,45,
3455,395,208,187,691,314,377,789,382,407,690,329,361,393,181,212,99,54,45,
3460,396,209,187,691,314,377,790,383,407,691,329,362,395,182,213,99,54,45,
3465,396,209,187,692,314,378,791,383,408,692,330,362,396,182,214,99,54,45,
3470,396,209,187,694,315,379,792,383,409,693,330,363,396,182,214,99,54,45,
3475,397,210,187,695,315,380,794,384,410,694,330,364,396,182,214,99,54,45,
3480,398,210,188,695,315,380,794,384,410,695,331,364,396,182,214,99,54,45,
3485,399,211,188,697,315,382,797,385,412,696,331,365,397,182,215,99,54,45,
3490,399,211,188,698,316,382,797,385,412,697,332,365,397,182,215,100,54,46,
3495,400,212,188,698,316,382,798,385,413,698,333,365,399,184,215,100,54,46,
3500,400,212,188,699,316,383,799,385,414,699,334,365,400,185,215,100,54,46,
3505,400,212,188,701,316,385,800,386,414,700,335,365,400,185,215,100,54,46,
3510,401,212,189,702,316,386,802,387,415,701,336,365,400,185,215,100,54,46,
3515,402,212,190,702,316,386,802,387,415,702,336,366,400,185,215,100,54,46,
3520,403,213,190,704,318,386,805,389,416,703,337,366,401,186,215,100,54,46,
3525,403,213,190,705,319,386,805,389,416,704,338,366,401,186,215,101,54,47,
3530,404,213,191,705,319,386,806,390,416,705,338,367,403,187,216,101,54,47,
3535,404,213,191,706,319,387,807,390,417,706,338,368,404,187,217,101,54,47,
3540,404,213,191,708,320,388,808,391,417,707,339,368,404,187,217,101,54,47,
3545,405,214,191,709,320,389,810,391,419,708,339,369,404,187,217,101,54,47,
3550,406,215,191,709,320,389,810,391,419,709,340,369,404,187,217,101,54,47,
3555,407,215,192,711,320,391,813,392,421,710,341,369,405,188,217,101,54,47,
3560,407,215,192,712,320,392,813,392,421,711,341,370,405,188,217,102,54,48,
3565,408,215,193,712,320,392,814,392,422,712,342,370,407,188,219,102,54,48,
3570,408,215,193,713,320,393,815,392,423,713,342,371,408,189,219,102,54,48,
3575,408,215,193,715,321,394,816,393,423,714,342,372,408,189,219,102,54,48,
3580,409,216,193,716,321,395,818,394,424,715,343,372,408,189,219,102,54,48,
3585,410,216,194,716,321,395,818,394,424,716,343,373,408,189,219,102,54,48,
3590,411,216,195,718,322,396,821,394,427,717,343,374,409,189,220,102,54,48,
3595,411,216,195,719,323,396,821,394,427,718,344,374,409,189,220,103,55,48,
3600,412,217,195,719,323,396,822,395,427,719,345,374,411,189,222,103,55,48,
3605,412,217,195,720,323,397,823,396,427,720,345,375,412,190,222,103,55,48,
3610,412,217,195,722,324,398,824,396,428,721,346,375,412,190,222,103,55,48,
3615,413,217,196,723,324,399,826,397,429,722,347,375,412,190,222,103,55,48,
3620,414,217,197,723,324,399,826,397,429,723,347,376,412,190,222,103,55,48,
3625,415,217,198,725,324,401,829,397,432,724,348,376,413,191,222,103,55,48,
3630,415,217,198,726,325,401,829,397,432,725,349,376,413,191,222,104,56,48,
3635,416,217,199,726,325,401,830,398,432,726,349,377,415,192,223,104,56,48,
3640,416,217,199,727,326,401,831,398,433,727,350,377,416,193,223,104,56,48,
3645,416,217,199,729,326,403,832,399,433,728,351,377,416,193,223,104,56,48,
3650,417,218,199,730,327,403,834,401,433,729,351,378,416,193,223,104,56,48,
3655,418,219,199,730,327,403,834,401,433,730,351,379,416,193,223,104,56,48,
3660,419,219,200,732,328,404,837,403,434,731,352,379,417,193,224,104,56,48,
3665,419,219,200,733,329,404,837,403,434,732,352,380,417,193,224,105,57,48,
3670,420,220,200,733,329,404,838,404,434,733,352,381,419,195,224,105,57,48,
3675,420,220,200,734,329,405,839,405,434,734,352,382,420,196,224,105,57,48,
3680,420,220,200,736,331,405,840,405,435,735,353,382,420,196,224,105,57,48,
3685,421,221,200,737,332,405,842,406,436,736,353,383,420,196,224,105,57,48,
3690,422,221,201,737,332,405,842,406,436,737,353,384,420,196,224,105,57,48,
3695,423,221,202,739,333,406,845,408,437,738,354,384,421,197,224,105,57,48,
3700,423,221,202,740,333,407,845,408,437,739,355,384,421,197,224,106,58,48,
3705,424,221,203,740,333,407,846,408,438,740,355,385,423,198,225,106,58,48,
3710,424,221,203,741,334,407,847,408,439,741,356,385,424,199,225,106,58,48,
3715,424,221,203,743,334,409,848,409,439,742,356,386,424,199,225,106,58,48,
3720,425,222,203,744,334,410,850,409,441,743,357,386,424,199,225,106,58,48,
3725,426,223,203,744,334,410,850,409,441,744,358,386,424,199,225,106,58,48,
3730,427,223,204,746,335,411,853,410,443,745,358,387,425,200,225,106,58,48,
3735,427,223,204,747,336,411,853,410,443,746,359,387,425,200,225,107,59,48,
3740,428,223,205,747,336,411,854,411,443,747,360,387,427,201,226,107,59,48,
3745,428,223,205,748,337,411,855,412,443,748,361,387,428,202,226,107,59,48,
3750,428,223,205,750,338,412,856,412,444,749,361,388,428,202,226,107,59,48,
3755,429,224,205,751,338,413,858,414,444,750,362,388,428,202,226,107,59,48,
3760,430,225,205,751,338,413,858,414,444,751,363,388,428,202,226,107,59,48,
3765,431,226,205,753,338,415,861,416,445,752,363,389,429,203,226,107,59,48,
3770,431,226,205,754,339,415,861,416,445,753,364,389,429,203,226,108,59,49,
3775,432,227,205,754,339,415,862,417,445,754,364,390,431,203,228,108,59,49,
3780,432,227,205,755,340,415,863,418,445,755,364,391,432,204,228,108,59,49,
3785,432,227,205,757,340,417,864,419,445,756,364,392,432,204,228,108,59,49,
3790,433,227,206,758,341,417,866,420,446,757,365,392,432,204,228,108,59,49,
3795,434,228,206,758,341,417,866,420,446,758,366,392,432,204,228,108,59,49,
3800,435,228,207,760,343,417,869,423,446,759,366,393,433,204,229,108,59,49,
3805,435,228,207,761,344,417,869,423,446,760,366,394,433,204,229,109,59,50,
3810,436,229,207,761,344,417,870,424,446,761,367,394,435,205,230,109,59,50,
3815,436,229,207,762,345,417,871,425,446,762,368,394,436,206,230,109,59,50,
3820,436,229,207,764,347,417,872,426,446,763,369,394,436,206,230,109,59,50,
3825,437,230,207,765,348,417,874,428,446,764,370,394,436,206,230,109,59,50,
3830,438,230,208,765,348,417,874,428,446,765,371,394,436,206,230,109,59,50,
3835,439,230,209,767,349,418,877,431,446,766,371,395,437,206,231,109,59,50,
3840,439,230,209,768,350,418,877,431,446,767,371,396,437,206,231,110,60,50,
3845,440,231,209,768,350,418,878,431,447,768,372,396,439,207,232,110,60,50,
3850,440,231,209,769,351,418,879,432,447,769,372,397,440,208,232,110,60,50,
3855,440,231,209,771,352,419,880,432,448,770,372,398,440,208,232,110,60,50,
3860,441,232,209,772,352,420,882,434,448,771,372,399,440,208,232,110,60,50,
3865,442,233,209,772,352,420,882,434,448,772,372,400,440,208,232,110,60,50,
3870,443,234,209,774,352,422,885,435,450,773,373,400,441,209,232,110,60,50,
3875,443,234,209,775,353,422,885,435,450,774,374,400,441,209,232,111,60,51,
3880,444,234,210,775,353,422,886,435,451,775,374,401,443,211,232,111,60,51,
3885,444,234,210,776,354,422,887,435,452,776,375,401,444,211,233,111,60,51,
3890,444,234,210,778,354,424,888,435,453,777,375,402,444,211,233,111,60,51,
3895,445,235,210,779,355,424,890,435,455,778,376,402,444,211,233,111,60,51,
3900,446,235,211,779,355,424,890,435,455,779,377,402,444,211,233,111,60,51,
3905,447,235,212,781,355,426,893,436,457,780,378,402,445,212,233,111,60,51,
3910,447,235,212,782,355,427,893,436,457,781,379,402,445,212,233,112,60,52,
3915,448,235,213,782,355,427,894,437,457,782,379,403,447,212,235,112,60,52,
3920,448,235,213,783,355,428,895,437,458,783,379,404,448,213,235,112,60,52,
3925,448,235,213,785,356,429,896,437,459,784,380,404,448,213,235,112,60,52,
3930,449,236,213,786,356,430,898,437,461,785,381,404,448,213,235,112,60,52,
3935,450,237,213,786,356,430,898,437,461,786,382,404,448,213,235,112,60,52,
3940,451,238,213,788,357,431,901,438,463,787,382,405,449,214,235,112,60,52,
3945,451,238,213,789,357,432,901,438,463,788,382,406,449,214,235,113,60,53,
3950,452,238,214,789,357,432,902,439,463,789,382,407,451,215,236,113,60,53,
3955,452,238,214,790,357,433,903,439,464,790,383,407,452,215,237,113,60,53,
3960,452,238,214,792,359,433,904,439,465,791,384,407,452,215,237,113,60,53,
3965,453,238,215,793,359,434,906,439,467,792,384,408,452,215,237,113,60,53,
3970,454,239,215,793,359,434,906,439,467,793,384,409,452,215,237,113,60,53,
3975,455,239,216,795,360,435,909,442,467,794,385,409,453,215,238,113,60,53,
3980,455,239,216,796,361,435,909,442,467,795,385,410,453,215,238,114,61,53,
3985,456,240,216,796,361,435,910,442,468,796,385,411,455,216,239,114,61,53,
3990,456,240,216,797,361,436,911,442,469,797,385,412,456,216,240,114,61,53,
3995,456,240,216,799,361,438,912,442,470,798,385,413,456,216,240,114,61,53,
4000,457,241,216,800,361,439,914,443,471,799,386,413,456,216,240,114,61,53,
4005,458,242,216,800,361,439,914,443,471,800,387,413,456,216,240,114,61,53,
4010,459,243,216,802,361,441,917,444,473,801,387,414,457,217,240,114,61,53,
4015,459,243,216,803,362,441,917,444,473,802,387,415,457,217,240,115,61,54,
4020,460,243,217,803,362,441,918,444,474,803,387,416,459,217,242,115,61,54,
4025,460,243,217,804,362,442,919,445,474,804,387,417,460,217,243,115,61,54,
4030,460,243,217,806,364,442,920,445,475,805,387,418,460,217,243,115,61,54,
4035,461,244,217,807,365,442,922,445,477,806,387,419,460,217,243,115,61,54,
4040,462,244,218,807,365,442,922,445,477,807,388,419,460,217,243,115,61,54,
4045,463,244,219,809,365,444,925,446,479,808,389,419,461,218,243,115,61,54,
4050,463,244,219,810,365,445,925,446,479,809,390,419,461,218,243,116,62,54,
4055,464,244,220,810,365,445,926,446,480,810,390,420,463,220,243,116,62,54,
4060,464,244,220,811,366,445,927,446,481,811,390,421,464,220,244,116,62,54,
4065,464,244,220,813,367,446,928,446,482,812,390,422,464,220,244,116,62,54,
4070,465,244,221,814,368,446,930,447,483,813,391,422,464,220,244,116,62,54,
4075,466,244,222,814,368,446,930,447,483,814,392,422,464,220,244,116,62,54,
4080,467,244,223,816,369,447,933,449,484,815,392,423,465,221,244,116,62,54,
4085,467,244,223,817,369,448,933,449,484,816,392,424,465,221,244,117,63,54,
4090,468,244,224,817,369,448,934,449,485,817,392,425,467,222,245,117,63,54,
4095,468,244,224,818,370,448,935,450,485,818,392,426,468,223,245,117,63,54,
4100,468,244,224,820,370,450,936,451,485,819,393,426,468,223,245,117,63,54,
4105,469,244,225,821,371,450,938,451,487,820,394,426,468,223,245,117,63,54,
4110,470,245,225,821,371,450,938,451,487,821,394,427,468,223,245,117,63,54,
4115,471,246,225,823,372,451,941,453,488,822,394,428,469,223,246,117,63,54,
4120,471,246,225,824,373,451,941,453,488,823,394,429,469,223,246,118,64,54,
4125,472,246,226,824,373,451,942,453,489,824,395,429,471,224,247,118,64,54,
4130,472,246,226,825,373,452,943,454,489,825,396,429,472,224,248,118,64,54,
4135,472,246,226,827,374,453,944,455,489,826,397,429,472,224,248,118,64,54,
4140,473,246,227,828,375,453,946,456,490,827,397,430,472,224,248,118,64,54,
4145,474,246,228,828,375,453,946,456,490,828,398,430,472,224,248,118,64,54,
4150,475,246,229,830,377,453,949,457,492,829,399,430,473,224,249,118,64,54,
4155,475,246,229,831,378,453,949,457,492,830,400,430,473,224,249,119,65,54,
4160,476,246,230,831,378,453,950,457,493,831,401,430,475,225,250,119,65,54,
4165,476,246,230,832,379,453,951,457,494,832,402,430,476,225,251,119,65,54,
4170,476,246,230,834,380,454,952,457,495,833,402,431,476,225,251,119,65,54,
4175,477,247,230,835,381,454,954,457,497,834,402,432,476,225,251,119,65,54,
4180,478,248,230,835,381,454,954,457,497,835,402,433,476,225,251,119,65,54,
4185,479,249,230,837,382,455,957,458,499,836,402,434,477,225,252,119,65,54,
4190,479,249,230,838,383,455,957,458,499,837,402,435,477,225,252,120,65,55,
4195,480,250,230,838,383,455,958,459,499,838,403,435,479,226,253,120,65,55,
4200,480,250,230,839,383,456,959,460,499,839,403,436,480,226,254,120,65,55,
4205,480,250,230,841,384,457,960,460,500,840,404,436,480,226,254,120,65,55,
4210,481,251,230,842,384,458,962,462,500,841,404,437,480,226,254,120,65,55,
4215,482,251,231,842,384,458,962,462,500,842,405,437,480,226,254,120,65,55,
4220,483,252,231,844,386,458,965,463,502,843,405,438,481,226,255,120,65,55,
4225,483,252,231,845,387,458,965,463,502,844,405,439,481,226,255,121,66,55,
4230,484,252,232,845,387,458,966,463,503,845,406,439,483,226,257,121,66,55,
4235,484,252,232,846,387,459,967,464,503,846,406,440,484,226,258,121,66,55,
4240,484,252,232,848,388,460,968,464,504,847,406,441,484,226,258,121,66,55,
4245,485,253,232,849,388,461,970,465,505,848,407,441,484,226,258,121,66,55,
4250,486,253,233,849,388,461,970,465,505,849,407,442,484,226,258,121,66,55,
4255,487,254,233,851,388,463,973,467,506,850,408,442,485,226,259,121,66,55,
4260,487,254,233,852,388,464,973,467,506,851,409,442,485,226,259,122,67,55,
4265,488,254,234,852,388,464,974,467,507,852,409,443,487,227,260,122,67,55,
4270,488,254,234,853,389,464,975,467,508,853,410,443,488,228,260,122,67,55,
4275,488,254,234,855,391,464,976,467,509,854,410,444,488,228,260,122,67,55,
4280,489,254,235,856,392,464,978,467,511,855,410,445,488,228,260,122,67,55,
4285,490,255,235,856,392,464,978,467,511,856,410,446,488,228,260,122,67,55,
4290,491,256,235,858,393,465,981,468,513,857,411,446,489,228,261,122,67,55,
4295,491,256,235,859,393,466,981,468,513,858,412,446,489,228,261,123,67,56,
4300,492,257,235,859,393,466,982,469,513,859,413,446,491,229,262,123,67,56,
4305,492,257,235,860,394,466,983,470,513,860,414,446,492,230,262,123,67,56,
4310,492,257,235,862,395,467,984,470,514,861,414,447,492,230,262,123,67,56,
4315,493,258,235,863,395,468,986,470,516,862,415,447,492,230,262,123,67,56,
4320,494,258,236,863,395,468,986,470,516,863,416,447,492,230,262,123,67,56,
4325,495,258,237,865,396,469,989,473,516,864,417,447,493,231,262,123,67,56,
4330,495,258,237,866,396,470,989,473,516,865,417,448,493,231,262,124,68,56,
4335,496,258,238,866,396,470,990,474,516,866,418,448,495,232,263,124,68,56,
4340,496,258,238,867,397,470,991,475,516,867,418,449,496,233,263,124,68,56,
4345,496,258,238,869,398,471,992,476,516,868,418,450,496,233,263,124,68,56,
4350,497,259,238,870,399,471,994,478,516,869,419,450,496,233,263,124,68,56,
4355,498,259,239,870,399,471,994,478,516,870,419,451,496,233,263,124,68,56,
4360,499,259,240,872,401,471,997,480,517,871,420,451,497,234,263,124,68,56,
4365,499,259,240,873,401,472,997,480,517,872,421,451,497,234,263,125,69,56,
4370,500,260,240,873,401,472,998,480,518,873,422,451,499,235,264,125,69,56,
4375,500,260,240,874,402,472,999,480,519,874,422,452,500,235,265,125,69,56,
4380,500,260,240,876,404,472,1000,481,519,875,423,452,500,235,265,125,69,56,
4385,501,261,240,877,405,472,1002,482,520,876,423,453,500,235,265,125,69,56,
4390,502,262,240,877,405,472,1002,482,520,877,424,453,500,235,265,125,69,56,
4395,503,263,240,879,405,474,1005,484,521,878,424,454,501,235,266,125,69,56,
4400,503,263,240,880,406,474,1005,484,521,879,425,454,501,235,266,126,70,56,
4405,504,263,241,880,406,474,1006,484,522,880,425,455,503,235,268,126,70,56,
4410,504,263,241,881,406,475,1007,485,522,881,425,456,504,235,269,126,70,56,
4415,504,263,241,883,408,475,1008,485,523,882,425,457,504,235,269,126,70,56,
4420,505,264,241,884,408,476,1010,486,524,883,426,457,504,235,269,126,70,56,
4425,506,265,241,884,408,476,1010,486,524,884,426,458,504,235,269,126,70,56,
4430,507,265,242,886,409,477,1013,487,526,885,427,458,505,236,269,126,70,56,
4435,507,265,242,887,409,478,1013,487,526,886,427,459,505,236,269,127,70,57,
4440,508,265,243,887,409,478,1014,487,527,887,427,460,507,236,271,127,70,57,
4445,508,265,243,888,410,478,1015,487,528,888,427,461,508,236,272,127,70,57,
4450,508,265,243,890,412,478,1016,487,529,889,428,461,508,236,272,127,70,57,
4455,509,266,243,891,412,479,1018,487,531,890,428,462,508,236,272,127,70,57,
4460,510,266,244,891,412,479,1018,487,531,891,429,462,508,236,272,127,70,57,
4465,511,267,244,893,413,480,1021,489,532,892,430,462,509,237,272,127,70,57,
4470,511,267,244,894,414,480,1021,489,532,893,431,462,509,237,272,128,70,58,
4475,512,267,245,894,414,480,1022,490,532,894,432,462,511,238,273,128,70,58,
4480,512,267,245,895,415,480,1023,491,532,895,433,462,512,238,274,128,70,58,
4485,512,267,245,897,415,482,1024,491,533,896,434,462,512,238,274,128,70,58,
4490,513,267,246,898,415,483,1026,492,534,897,434,463,512,238,274,128,70,58,
4495,514,268,246,898,415,483,1026,492,534,898,435,463,512,238,274,128,70,58,
4500,515,269,246,900,415,485,1029,493,536,899,435,464,513,239,274,128,70,58,
4505,515,269,246,901,416,485,1029,493,536,900,435,465,513,239,274,129,71,58,
4510,516,269,247,901,416,485,1030,493,537,901,436,465,515,240,275,129,71,58,
4515,516,269,247,902,416,486,1031,494,537,902,436,466,516,240,276,129,71,58,
4520,516,269,247,904,417,487,1032,495,537,903,437,466,516,240,276,129,71,58,
4525,517,270,247,905,418,487,1034,497,537,904,438,466,516,240,276,129,71,58,
4530,518,271,247,905,418,487,1034,497,537,905,438,467,516,240,276,129,71,58,
4535,519,272,247,907,419,488,1037,498,539,906,438,468,517,240,277,129,71,58,
4540,519,272,247,908,419,489,1037,498,539,907,439,468,517,240,277,130,72,58,
4545,520,273,247,908,419,489,1038,499,539,908,439,469,519,241,278,130,72,58,
4550,520,273,247,909,420,489,1039,500,539,909,439,470,520,242,278,130,72,58,
4555,520,273,247,911,421,490,1040,501,539,910,439,471,520,242,278,130,72,58,
4560,521,274,247,912,422,490,1042,502,540,911,439,472,520,242,278,130,72,58,
4565,522,275,247,912,422,490,1042,502,540,912,440,472,520,242,278,130,72,58,
4570,523,276,247,914,424,490,1045,502,543,913,440,473,521,242,279,130,72,58,
4575,523,276,247,915,425,490,1045,502,543,914,441,473,521,242,279,131,73,58,
4580,524,276,248,915,425,490,1046,502,544,915,442,473,523,243,280,131,73,58,
4585,524,276,248,916,425,491,1047,502,545,916,442,474,524,243,281,131,73,58,
4590,524,276,248,918,426,492,1048,502,546,917,443,474,524,243,281,131,73,58,
4595,525,276,249,919,427,492,1050,502,548,918,444,474,524,243,281,131,73,58,
4600,526,277,249,919,427,492,1050,502,548,919,444,475,524,243,281,131,73,58,
4605,527,278,249,921,429,492,1053,503,550,920,445,475,525,243,282,131,73,58,
4610,527,278,249,922,430,492,1053,503,550,921,446,475,525,243,282,132,73,59,
4615,528,278,250,922,430,492,1054,504,550,922,447,475,527,244,283,132,73,59,
4620,528,278,250,923,430,493,1055,504,551,923,447,476,528,244,284,132,73,59,
4625,528,278,250,925,430,495,1056,504,552,924,447,477,528,244,284,132,73,59,
4630,529,279,250,926,430,496,1058,505,553,925,448,477,528,244,284,132,73,59,
4635,530,279,251,926,430,496,1058,505,553,926,449,477,528,244,284,132,73,59,
4640,531,279,252,928,431,497,1061,506,555,927,449,478,529,244,285,132,73,59,
4645,531,279,252,929,432,497,1061,506,555,928,450,478,529,244,285,133,73,60,
4650,532,279,253,929,432,497,1062,507,555,929,451,478,531,246,285,133,73,60,
4655,532,279,253,930,433,497,1063,508,555,930,451,479,532,246,286,133,73,60,
4660,532,279,253,932,434,498,1064,509,555,931,451,480,532,246,286,133,73,60,
4665,533,279,254,933,435,498,1066,511,555,932,451,481,532,246,286,133,73,60,
4670,534,280,254,933,435,498,1066,511,555,933,451,482,532,246,286,133,73,60,
4675,535,281,254,935,435,500,1069,514,555,934,451,483,533,247,286,133,73,60,
4680,535,281,254,936,435,501,1069,514,555,935,452,483,533,247,286,134,74,60,
4685,536,281,255,936,435,501,1070,514,556,936,452,484,535,248,287,134,74,60,
4690,536,281,255,937,435,502,1071,514,557,937,453,484,536,248,288,134,74,60,
4695,536,281,255,939,437,502,1072,514,558,938,453,485,536,248,288,134,74,60,
4700,537,281,256,940,438,502,1074,515,559,939,453,486,536,248,288,134,74,60,
4705,538,281,257,940,438,502,1074,515,559,940,453,487,536,248,288,134,74,60,
4710,539,281,258,942,439,503,1077,516,561,941,454,487,537,248,289,134,74,60,
4715,539,281,258,943,440,503,1077,516,561,942,455,487,537,248,289,135,75,60,
4720,540,282,258,943,440,503,1078,516,562,943,456,487,539,248,291,135,75,60,
4725,540,282,258,944,441,503,1079,516,563,944,456,488,540,249,291,135,75,60,
4730,540,282,258,946,443,503,1080,516,564,945,456,489,540,249,291,135,75,60,
4735,541,283,258,947,444,503,1082,517,565,946,457,489,540,249,291,135,75,60,
4740,542,284,258,947,444,503,1082,517,565,947,457,490,540,249,291,135,75,60,
4745,543,284,259,949,446,503,1085,518,567,948,458,490,541,250,291,135,75,60,
4750,543,284,259,950,446,504,1085,518,567,949,459,490,541,250,291,136,75,61,
4755,544,284,260,950,446,504,1086,519,567,950,460,490,543,251,292,136,75,61,
4760,544,284,260,951,447,504,1087,519,568,951,460,491,544,251,293,136,75,61,
4765,544,284,260,953,448,505,1088,519,569,952,461,491,544,251,293,136,75,61,
4770,545,284,261,954,449,505,1090,519,571,953,461,492,544,251,293,136,75,61,
4775,546,285,261,954,449,505,1090,519,571,954,461,493,544,251,293,136,75,61,
4780,547,285,262,956,451,505,1093,520,573,955,461,494,545,251,294,136,75,61,
4785,547,285,262,957,452,505,1093,520,573,956,462,494,545,251,294,137,75,62,
4790,548,285,263,957,452,505,1094,520,574,957,463,494,547,252,295,137,75,62,
4795,548,285,263,958,453,505,1095,521,574,958,464,494,548,252,296,137,75,62,
4800,548,285,263,960,454,506,1096,522,574,959,465,494,548,252,296,137,75,62,
4805,549,285,264,961,454,507,1098,523,575,960,466,494,548,252,296,137,75,62,
4810,550,285,265,961,454,507,1098,523,575,961,467,494,548,252,296,137,75,62,
4815,551,286,265,963,454,509,1101,524,577,962,468,494,549,252,297,137,75,62,
4820,551,286,265,964,455,509,1101,524,577,963,468,495,549,252,297,138,76,62,
4825,552,286,266,964,455,509,1102,524,578,964,468,496,551,253,298,138,76,62,
4830,552,286,266,965,456,509,1103,525,578,965,469,496,552,254,298,138,76,62,
4835,552,286,266,967,457,510,1104,525,579,966,469,497,552,254,298,138,76,62,
4840,553,287,266,968,458,510,1106,526,580,967,469,498,552,254,298,138,76,62,
4845,554,287,267,968,458,510,1106,526,580,968,470,498,552,254,298,138,76,62,
4850,555,287,268,970,460,510,1109,526,583,969,470,499,553,254,299,138,76,62,
4855,555,287,268,971,460,511,1109,526,583,970,471,499,553,254,299,139,76,63,
4860,556,288,268,971,460,511,1110,527,583,971,472,499,555,255,300,139,76,63,
4865,556,288,268,972,461,511,1111,528,583,972,473,499,556,256,300,139,76,63,
4870,556,288,268,974,461,513,1112,529,583,973,474,499,556,256,300,139,76,63,
4875,557,288,269,975,461,514,1114,530,584,974,475,499,556,256,300,139,76,63,
4880,558,288,270,975,461,514,1114,530,584,975,476,499,556,256,300,139,76,63,
4885,559,288,271,977,463,514,1117,532,585,976,477,499,557,256,301,139,76,63,
4890,559,288,271,978,464,514,1117,532,585,977,478,499,557,256,301,140,77,63,
4895,560,288,272,978,464,514,1118,533,585,978,479,499,559,258,301,140,77,63,
4900,560,288,272,979,464,515,1119,534,585,979,479,500,560,258,302,140,77,63,
4905,560,288,272,981,465,516,1120,534,586,980,480,500,560,258,302,140,77,63,
4910,561,289,272,982,466,516,1122,535,587,981,480,501,560,258,302,140,77,63,
4915,562,289,273,982,466,516,1122,535,587,982,480,502,560,258,302,140,77,63,
4920,563,289,274,984,468,516,1125,537,588,983,480,503,561,259,302,140,77,63,
4925,563,289,274,985,468,517,1125,537,588,984,481,503,561,259,302,141,77,64,
4930,564,289,275,985,468,517,1126,538,588,985,482,503,563,259,304,141,77,64,
4935,564,289,275,986,469,517,1127,539,588,986,482,504,564,259,305,141,77,64,
4940,564,289,275,988,470,518,1128,540,588,987,483,504,564,259,305,141,77,64,
4945,565,289,276,989,471,518,1130,541,589,988,484,504,564,259,305,141,77,64,
4950,566,290,276,989,471,518,1130,541,589,989,485,504,564,259,305,141,77,64,
4955,567,290,277,991,472,519,1133,542,591,990,485,505,565,259,306,141,77,64,
4960,567,290,277,992,472,520,1133,542,591,991,486,505,565,259,306,142,77,65,
4965,568,290,278,992,472,520,1134,542,592,992,486,506,567,261,306,142,77,65,
4970,568,290,278,993,472,521,1135,543,592,993,486,507,568,262,306,142,77,65,
4975,568,290,278,995,473,522,1136,543,593,994,487,507,568,262,306,142,77,65,
4980,569,291,278,996,473,523,1138,545,593,995,488,507,568,262,306,142,77,65,
4985,570,291,279,996,473,523,1138,545,593,996,489,507,568,262,306,142,77,65,
4990,571,292,279,998,473,525,1141,547,594,997,490,507,569,263,306,142,77,65,
4995,571,292,279,999,474,525,1141,547,594,998,490,508,569,263,306,143,77,66,
5000,572,292,280,999,474,525,1142,548,594,999,490,509,571,263,308,143,77,66,
5005,572,292,280,1000,474,526,1143,548,595,1000,490,510,572,263,309,143,77,66,
5010,572,292,280,1002,475,527,1144,548,596,1001,491,510,572,263,309,143,77,66,
5015,573,292,281,1003,476,527,1146,549,597,1002,491,511,572,263,309,143,77,66,
5020,574,292,282,1003,476,527,1146,549,597,1003,492,511,572,263,309,143,77,66,
5025,575,293,282,1005,476,529,1149,552,597,1004,492,512,573,264,309,143,77,66,
5030,575,293,282,1006,477,529,1149,552,597,1005,493,512,573,264,309,144,78,66,
5035,576,294,282,1006,477,529,1150,553,597,1006,493,513,575,265,310,144,78,66,
5040,576,294,282,1007,478,529,1151,554,597,1007,493,514,576,265,311,144,78,66,
5045,576,294,282,1009,479,530,1152,555,597,1008,493,515,576,265,311,144,78,66,
5050,577,295,282,1010,479,531,1154,555,599,1009,494,515,576,265,311,144,78,66,
5055,578,295,283,1010,479,531,1154,555,599,1010,494,516,576,265,311,144,78,66,
5060,579,296,283,1012,481,531,1157,555,602,1011,495,516,577,265,312,144,78,66,
5065,579,296,283,1013,481,532,1157,555,602,1012,495,517,577,265,312,145,78,67,
5070,580,296,284,1013,481,532,1158,556,602,1013,496,517,579,266,313,145,78,67,
5075,580,296,284,1014,482,532,1159,557,602,1014,497,517,580,267,313,145,78,67,
5080,580,296,284,1016,483,533,1160,557,603,1015,498,517,580,267,313,145,78,67,
5085,581,297,284,1017,483,534,1162,557,605,1016,499,517,580,267,313,145,78,67,
5090,582,297,285,1017,483,534,1162,557,605,1017,500,517,580,267,313,145,78,67,
5095,583,297,286,1019,485,534,1165,560,605,1018,501,517,581,267,314,145,78,67,
5100,583,297,286,1020,486,534,1165,560,605,1019,501,518,581,267,314,146,78,68,
5105,584,298,286,1020,486,534,1166,560,606,1020,501,519,583,268,315,146,78,68,
5110,584,298,286,1021,486,535,1167,561,606,1021,502,519,584,269,315,146,78,68,
5115,584,298,286,1023,488,535,1168,561,607,1022,502,520,584,269,315,146,78,68,
5120,585,298,287,1024,488,536,1170,563,607,1023,502,521,584,269,315,146,78,68,
5125,586,299,287,1024,488,536,1170,563,607,1024,502,522,584,269,315,146,78,68,
5130,587,300,287,1026,489,537,1173,564,609,1025,502,523,585,270,315,146,78,68,
5135,587,300,287,1027,490,537,1173,564,609,1026,502,524,585,270,315,147,78,69,
5140,588,301,287,1027,490,537,1174,564,610,1027,503,524,587,271,316,147,78,69,
5145,588,301,287,1028,491,537,1175,565,610,1028,504,524,588,272,316,147,78,69,
5150,588,301,287,1030,492,538,1176,566,610,1029,505,524,588,272,316,147,78,69,
5155,589,302,287,1031,492,539,1178,567,611,1030,505,525,588,272,316,147,78,69,
5160,590,302,288,1031,492,539,1178,567,611,1031,506,525,588,272,316,147,78,69,
5165,591,302,289,1033,494,539,1181,568,613,1032,507,525,589,273,316,147,78,69,
5170,591,302,289,1034,494,540,1181,568,613,1033,508,525,589,273,316,148,78,70,
5175,592,303,289,1034,494,540,1182,568,614,1034,509,525,591,273,318,148,78,70,
5180,592,303,289,1035,495,540,1183,569,614,1035,509,526,592,273,319,148,78,70,
5185,592,303,289,1037,496,541,1184,569,615,1036,510,526,592,273,319,148,78,70,
5190,593,303,290,1038,496,542,1186,570,616,1037,510,527,592,273,319,148,78,70,
5195,594,303,291,1038,496,542,1186,570,616,1038,511,527,592,273,319,148,78,70,
5200,595,304,291,1040,497,543,1189,572,617,1039,511,528,593,273,320,148,78,70,
5205,595,304,291,1041,497,544,1189,572,617,1040,512,528,593,273,320,149,78,71,
5210,596,305,291,1041,497,544,1190,572,618,1041,513,528,595,273,322,149,78,71,
5215,596,305,291,1042,497,545,1191,572,619,1042,513,529,596,273,323,149,78,71,
5220,596,305,291,1044,499,545,1192,573,619,1043,514,529,596,273,323,149,78,71,
5225,597,305,292,1045,499,546,1194,573,621,1044,515,529,596,273,323,149,78,71,
5230,598,305,293,1045,499,546,1194,573,621,1045,516,529,596,273,323,149,78,71,
5235,599,305,294,1047,500,547,1197,575,622,1046,517,529,597,274,323,149,78,71,
5240,599,305,294,1048,500,548,1197,575,622,1047,517,530,597,274,323,150,78,72,
5245,600,306,294,1048,500,548,1198,576,622,1048,518,530,599,276,323,150,78,72,
5250,600,306,294,1049,500,549,1199,576,623,1049,519,530,600,276,324,150,78,72,
5255,600,306,294,1051,502,549,1200,576,624,1050,519,531,600,276,324,150,78,72,
5260,601,306,295,1052,503,549,1202,578,624,1051,519,532,600,276,324,150,78,72,
5265,602,306,296,1052,503,549,1202,578,624,1052,520,532,600,276,324,150,78,72,
5270,603,307,296,1054,503,551,1205,579,626,1053,520,533,601,276,325,150,78,72,
5275,603,307,296,1055,503,552,1205,579,626,1054,520,534,601,276,325,151,79,72,
5280,604,308,296,1055,503,552,1206,579,627,1055,520,535,603,277,326,151,79,72,
5285,604,308,296,1056,503,553,1207,580,627,1056,520,536,604,278,326,151,79,72,
5290,604,308,296,1058,503,555,1208,581,627,1057,520,537,604,278,326,151,79,72,
5295,605,309,296,1059,504,555,1210,582,628,1058,520,538,604,278,326,151,79,72,
5300,606,310,296,1059,504,555,1210,582,628,1059,521,538,604,278,326,151,79,72,
5305,607,310,297,1061,505,556,1213,584,629,1060,522,538,605,278,327,151,79,72,
5310,607,310,297,1062,506,556,1213,584,629,1061,522,539,605,278,327,152,80,72,
5315,608,310,298,1062,506,556,1214,584,630,1062,522,540,607,278,329,152,80,72,
5320,608,310,298,1063,507,556,1215,584,631,1063,522,541,608,279,329,152,80,72,
5325,608,310,298,1065,509,556,1216,585,631,1064,522,542,608,279,329,152,80,72,
5330,609,310,299,1066,510,556,1218,586,632,1065,523,542,608,279,329,152,80,72,
5335,610,311,299,1066,510,556,1218,586,632,1066,523,543,608,279,329,152,80,72,
5340,611,312,299,1068,512,556,1221,588,633,1067,524,543,609,279,330,152,80,72,
5345,611,312,299,1069,513,556,1221,588,633,1068,524,544,609,279,330,153,80,73,
5350,612,312,300,1069,513,556,1222,588,634,1069,524,545,611,280,331,153,80,73,
5355,612,312,300,1070,514,556,1223,589,634,1070,524,546,612,281,331,153,80,73,
5360,612,312,300,1072,515,557,1224,590,634,1071,525,546,612,281,331,153,80,73,
5365,613,312,301,1073,515,558,1226,592,634,1072,525,547,612,281,331,153,80,73,
5370,614,313,301,1073,515,558,1226,592,634,1073,526,547,612,281,331,153,80,73,
5375,615,313,302,1075,516,559,1229,593,636,1074,526,548,613,281,332,153,80,73,
5380,615,313,302,1076,516,560,1229,593,636,1075,526,549,613,281,332,154,81,73,
5385,616,314,302,1076,516,560,1230,593,637,1076,527,549,615,281,334,154,81,73,
5390,616,314,302,1077,516,561,1231,594,637,1077,527,550,616,281,335,154,81,73,
5395,616,314,302,1079,517,562,1232,595,637,1078,527,551,616,281,335,154,81,73,
5400,617,315,302,1080,518,562,1234,597,637,1079,528,551,616,281,335,154,81,73,
5405,618,316,302,1080,518,562,1234,597,637,1080,528,552,616,281,335,154,81,73,
5410,619,316,303,1082,519,563,1237,599,638,1081,528,553,617,282,335,154,81,73,
5415,619,316,303,1083,520,563,1237,599,638,1082,528,554,617,282,335,155,81,74,
5420,620,316,304,1083,520,563,1238,600,638,1083,528,555,619,283,336,155,81,74,
5425,620,316,304,1084,520,564,1239,601,638,1084,528,556,620,283,337,155,81,74,
5430,620,316,304,1086,520,566,1240,601,639,1085,529,556,620,283,337,155,81,74,
5435,621,316,305,1087,521,566,1242,603,639,1086,530,556,620,283,337,155,81,74,
5440,622,317,305,1087,521,566,1242,603,639,1087,531,556,620,283,337,155,81,74,
5445,623,318,305,1089,521,568,1245,604,641,1088,531,557,621,284,337,155,81,74,
5450,623,318,305,1090,521,569,1245,604,641,1089,531,558,621,284,337,156,81,75,
5455,624,319,305,1090,521,569,1246,604,642,1090,531,559,623,286,337,156,81,75,
5460,624,319,305,1091,522,569,1247,604,643,1091,532,559,624,287,337,156,81,75,
5465,624,319,305,1093,522,571,1248,605,643,1092,533,559,624,287,337,156,81,75,
5470,625,319,306,1094,523,571,1250,606,644,1093,534,559,624,287,337,156,81,75,
5475,626,319,307,1094,523,571,1250,606,644,1094,534,560,624,287,337,156,81,75,
5480,627,319,308,1096,525,571,1253,609,644,1095,534,561,625,287,338,156,81,75,
5485,627,319,308,1097,525,572,1253,609,644,1096,535,561,625,287,338,157,81,76,
5490,628,319,309,1097,525,572,1254,609,645,1097,535,562,627,288,339,157,81,76,
5495,628,319,309,1098,525,573,1255,610,645,1098,536,562,628,289,339,157,81,76,
5500,628,319,309,1100,526,574,1256,610,646,1099,536,563,628,289,339,157,81,76,
5505,629,319,310,1101,526,575,1258,611,647,1100,536,564,628,289,339,157,81,76,
5510,630,319,311,1101,526,575,1258,611,647,1101,536,565,628,289,339,157,81,76,
5515,631,319,312,1103,526,577,1261,612,649,1102,537,565,629,289,340,157,81,76,
5520,631,319,312,1104,527,577,1261,612,649,1103,538,565,629,289,340,158,82,76,
5525,632,320,312,1104,527,577,1262,613,649,1104,538,566,631,291,340,158,82,76,
5530,632,320,312,1105,527,578,1263,613,650,1105,538,567,632,292,340,158,82,76,
5535,632,320,312,1107,527,580,1264,614,650,1106,539,567,632,292,340,158,82,76,
5540,633,321,312,1108,527,581,1266,616,650,1107,539,568,632,292,340,158,82,76,
5545,634,321,313,1108,527,581,1266,616,650,1108,539,569,632,292,340,158,82,76,
5550,635,322,313,1110,528,582,1269,618,651,1109,540,569,633,292,341,158,82,76,
5555,635,322,313,1111,528,583,1269,618,651,1110,541,569,633,292,341,159,83,76,
5560,636,323,313,1111,528,583,1270,618,652,1111,542,569,635,293,342,159,83,76,
5565,636,323,313,1112,529,583,1271,619,652,1112,542,570,636,293,343,159,83,76,
5570,636,323,313,1114,529,585,1272,620,652,1113,543,570,636,293,343,159,83,76,
5575,637,324,313,1115,530,585,1274,621,653,1114,544,570,636,293,343,159,83,76,
5580,638,325,313,1115,530,585,1274,621,653,1115,545,570,636,293,343,159,83,76,
5585,639,326,313,1117,532,585,1277,622,655,1116,545,571,637,294,343,159,83,76,
5590,639,326,313,1118,532,586,1277,622,655,1117,545,572,637,294,343,160,83,77,
5595,640,326,314,1118,532,586,1278,622,656,1118,545,573,639,295,344,160,83,77,
5600,640,326,314,1119,532,587,1279,623,656,1119,545,574,640,295,345,160,83,77,
5605,640,326,314,1121,532,589,1280,623,657,1120,546,574,640,295,345,160,83,77,
5610,641,326,315,1122,533,589,1282,625,657,1121,546,575,640,295,345,160,83,77,
5615,642,326,316,1122,533,589,1282,625,657,1122,547,575,640,295,345,160,83,77,
5620,643,326,317,1124,535,589,1285,625,660,1123,547,576,641,296,345,160,83,77,
5625,643,326,317,1125,535,590,1285,625,660,1124,547,577,641,296,345,161,83,78,
5630,644,326,318,1125,535,590,1286,625,661,1125,548,577,643,298,345,161,83,78,
5635,644,326,318,1126,535,591,1287,625,662,1126,549,577,644,299,345,161,83,78,
5640,644,326,318,1128,537,591,1288,625,663,1127,550,577,644,299,345,161,83,78,
5645,645,326,319,1129,537,592,1290,627,663,1128,551,577,644,299,345,161,83,78,
5650,646,327,319,1129,537,592,1290,627,663,1129,552,577,644,299,345,161,83,78,
5655,647,328,319,1131,538,593,1293,627,666,1130,553,577,645,300,345,161,83,78,
5660,647,328,319,1132,539,593,1293,627,666,1131,554,577,645,300,345,162,84,78,
5665,648,329,319,1132,539,593,1294,627,667,1132,555,577,647,301,346,162,84,78,
5670,648,329,319,1133,540,593,1295,628,667,1133,556,577,648,301,347,162,84,78,
5675,648,329,319,1135,541,594,1296,629,667,1134,556,578,648,301,347,162,84,78,
5680,649,330,319,1136,541,595,1298,629,669,1135,557,578,648,301,347,162,84,78,
5685,650,331,319,1136,541,595,1298,629,669,1136,557,579,648,301,347,162,84,78,
5690,651,331,320,1138,543,595,1301,631,670,1137,557,580,649,302,347,162,84,78,
5695,651,331,320,1139,544,595,1301,631,670,1138,557,581,649,302,347,163,84,79,
5700,652,331,321,1139,544,595,1302,631,671,1139,557,582,651,303,348,163,84,79,
5705,652,331,321,1140,544,596,1303,632,671,1140,557,583,652,304,348,163,84,79,
5710,652,331,321,1142,545,597,1304,633,671,1141,558,583,652,304,348,163,84,79,
5715,653,332,321,1143,546,597,1306,634,672,1142,559,583,652,304,348,163,84,79,
5720,654,332,322,1143,546,597,1306,634,672,1143,559,584,652,304,348,163,84,79,
5725,655,333,322,1145,546,599,1309,636,673,1144,559,585,653,305,348,163,84,79,
5730,655,333,322,1146,546,600,1309,636,673,1145,560,585,653,305,348,164,85,79,
5735,656,334,322,1146,546,600,1310,636,674,1146,561,585,655,306,349,164,85,79,
5740,656,334,322,1147,546,601,1311,636,675,1147,562,585,656,306,350,164,85,79,
5745,656,334,322,1149,547,602,1312,636,676,1148,563,585,656,306,350,164,85,79,
5750,657,334,323,1150,547,603,1314,637,677,1149,564,585,656,306,350,164,85,79,
5755,658,334,324,1150,547,603,1314,637,677,1150,564,586,656,306,350,164,85,79,
5760,659,334,325,1152,548,604,1317,638,679,1151,565,586,657,306,351,164,85,79,
5765,659,334,325,1153,548,605,1317,638,679,1152,566,586,657,306,351,165,86,79,
5770,660,335,325,1153,548,605,1318,639,679,1153,566,587,659,307,352,165,86,79,
5775,660,335,325,1154,549,605,1319,640,679,1154,566,588,660,307,353,165,86,79,
5780,660,335,325,1156,550,606,1320,640,680,1155,567,588,660,307,353,165,86,79,
5785,661,336,325,1157,551,606,1322,641,681,1156,567,589,660,307,353,165,86,79,
5790,662,337,325,1157,551,606,1322,641,681,1157,567,590,660,307,353,165,86,79,
5795,663,337,326,1159,552,607,1325,641,684,1158,568,590,661,308,353,165,86,79,
5800,663,337,326,1160,552,608,1325,641,684,1159,569,590,661,308,353,166,87,79,
5805,664,337,327,1160,552,608,1326,642,684,1160,569,591,663,310,353,166,87,79,
5810,664,337,327,1161,553,608,1327,643,684,1161,570,591,664,310,354,166,87,79,
5815,664,337,327,1163,554,609,1328,644,684,1162,570,592,664,310,354,166,87,79,
5820,665,338,327,1164,554,610,1330,646,684,1163,570,593,664,310,354,166,87,79,
5825,666,338,328,1164,554,610,1330,646,684,1164,571,593,664,310,354,166,87,79,
5830,667,338,329,1166,554,612,1333,649,684,1165,571,594,665,310,355,166,87,79,
5835,667,338,329,1167,555,612,1333,649,684,1166,572,594,665,310,355,167,88,79,
5840,668,339,329,1167,555,612,1334,649,685,1167,572,595,667,311,356,167,88,79,
5845,668,339,329,1168,556,612,1335,650,685,1168,573,595,668,312,356,167,88,79,
5850,668,339,329,1170,558,612,1336,651,685,1169,573,596,668,312,356,167,88,79,
5855,669,340,329,1171,559,612,1338,652,686,1170,573,597,668,312,356,167,88,79,
5860,670,340,330,1171,559,612,1338,652,686,1171,574,597,668,312,356,167,88,79,
5865,671,340,331,1173,559,614,1341,653,688,1172,575,597,669,313,356,167,88,79,
5870,671,340,331,1174,560,614,1341,653,688,1173,576,597,669,313,356,168,88,80,
5875,672,341,331,1174,560,614,1342,653,689,1174,577,597,671,315,356,168,88,80,
5880,672,341,331,1175,560,615,1343,653,690,1175,577,598,672,315,357,168,88,80,
5885,672,341,331,1177,561,616,1344,653,691,1176,578,598,672,315,357,168,88,80,
5890,673,342,331,1178,561,617,1346,654,692,1177,579,598,672,315,357,168,88,80,
5895,674,342,332,1178,561,617,1346,654,692,1178,580,598,672,315,357,168,88,80,
5900,675,342,333,1180,563,617,1349,654,695,1179,580,599,673,316,357,168,88,80,
5905,675,342,333,1181,563,618,1349,654,695,1180,581,599,673,316,357,169,88,81,
5910,676,342,334,1181,563,618,1350,654,696,1181,582,599,675,316,359,169,88,81,
5915,676,342,334,1182,564,618,1351,655,696,1182,583,599,676,316,360,169,88,81,
5920,676,342,334,1184,565,619,1352,655,697,1183,583,600,676,316,360,169,88,81,
5925,677,342,335,1185,566,619,1354,655,699,1184,584,600,676,316,360,169,88,81,
5930,678,343,335,1185,566,619,1354,655,699,1185,585,600,676,316,360,169,88,81,
5935,679,343,336,1187,567,620,1357,657,700,1186,586,600,677,317,360,169,88,81,
5940,679,343,336,1188,568,620,1357,657,700,1187,586,601,677,317,360,170,88,82,
5945,680,344,336,1188,568,620,1358,658,700,1188,587,601,679,317,362,170,88,82,
5950,680,344,336,1189,569,620,1359,658,701,1189,588,601,680,318,362,170,88,82,
5955,680,344,336,1191,570,621,1360,658,702,1190,589,601,680,318,362,170,88,82,
5960,681,345,336,1192,571,621,1362,658,704,1191,590,601,680,318,362,170,88,82,
5965,682,346,336,1192,571,621,1362,658,704,1192,591,601,680,318,362,170,88,82,
5970,683,346,337,1194,571,623,1365,659,706,1193,591,602,681,318,363,170,88,82,
5975,683,346,337,1195,571,624,1365,659,706,1194,592,602,681,318,363,171,89,82,
5980,684,347,337,1195,571,624,1366,659,707,1195,593,602,683,319,364,171,89,82,
5985,684,347,337,1196,571,625,1367,660,707,1196,594,602,684,319,365,171,89,82,
5990,684,347,337,1198,572,626,1368,661,707,1197,595,602,684,319,365,171,89,82,
5995,685,347,338,1199,572,627,1370,662,708,1198,595,603,684,319,365,171,89,82,
6000,686,348,338,1199,572,627,1370,662,708,1199,595,604,684,319,365,171,89,82,
6005,687,349,338,1201,573,628,1373,663,710,1200,595,605,685,320,365,171,89,82,
6010,687,349,338,1202,574,628,1373,663,710,1201,595,606,685,320,365,172,89,83,
6015,688,350,338,1202,574,628,1374,664,710,1202,595,607,687,322,365,172,89,83,
6020,688,350,338,1203,574,629,1375,665,710,1203,596,607,688,322,366,172,89,83,
6025,688,350,338,1205,576,629,1376,666,710,1204,596,608,688,322,366,172,89,83,
6030,689,351,338,1206,576,630,1378,667,711,1205,597,608,688,322,366,172,89,83,
6035,690,351,339,1206,576,630,1378,667,711,1206,598,608,688,322,366,172,89,83,
6040,691,352,339,1208,576,632,1381,669,712,1207,598,609,689,322,367,172,89,83,
6045,691,352,339,1209,576,633,1381,669,712,1208,598,610,689,322,367,173,90,83,
6050,692,352,340,1209,576,633,1382,669,713,1209,598,611,691,324,367,173,90,83,
6055,692,352,340,1210,577,633,1383,669,714,1210,598,612,692,325,367,173,90,83,
6060,692,352,340,1212,577,635,1384,670,714,1211,598,613,692,325,367,173,90,83,
6065,693,353,340,1213,578,635,1386,670,716,1212,598,614,692,325,367,173,90,83,
6070,694,353,341,1213,578,635,1386,670,716,1213,598,615,692,325,367,173,90,83,
6075,695,354,341,1215,579,636,1389,670,719,1214,598,616,693,325,368,173,90,83,
6080,695,354,341,1216,580,636,1389,670,719,1215,599,616,693,325,368,174,90,84,
6085,696,354,342,1216,580,636,1390,670,720,1216,599,617,695,326,369,174,90,84,
6090,696,354,342,1217,580,637,1391,671,720,1217,600,617,696,326,370,174,90,84,
6095,696,354,342,1219,581,638,1392,672,720,1218,600,618,696,326,370,174,90,84,
6100,697,354,343,1220,581,639,1394,673,721,1219,601,618,696,326,370,174,90,84,
6105,698,354,344,1220,581,639,1394,673,721,1220,602,618,696,326,370,174,90,84,
6110,699,355,344,1222,581,641,1397,673,724,1221,603,618,697,327,370,174,90,84,
6115,699,355,344,1223,581,642,1397,673,724,1222,603,619,697,327,370,175,90,85,
6120,700,356,344,1223,581,642,1398,674,724,1223,604,619,699,328,371,175,90,85,
6125,700,356,344,1224,581,643,1399,674,725,1224,605,619,700,329,371,175,90,85,
6130,700,356,344,1226,582,644,1400,675,725,1225,606,619,700,329,371,175,90,85,
6135,701,357,344,1227,582,645,1402,675,727,1226,607,619,700,329,371,175,90,85,
6140,702,357,345,1227,582,645,1402,675,727,1227,607,620,700,329,371,175,90,85,
6145,703,357,346,1229,583,646,1405,677,728,1228,608,620,701,329,372,175,90,85,
6150,703,357,346,1230,584,646,1405,677,728,1229,609,620,701,329,372,176,91,85,
6155,704,358,346,1230,584,646,1406,678,728,1230,609,621,703,330,373,176,91,85,
6160,704,358,346,1231,584,647,1407,678,729,1231,609,622,704,330,374,176,91,85,
6165,704,358,346,1233,584,649,1408,679,729,1232,610,622,704,330,374,176,91,85,
6170,705,359,346,1234,584,650,1410,679,731,1233,611,622,704,330,374,176,91,85,
6175,706,359,347,1234,584,650,1410,679,731,1234,611,623,704,330,374,176,91,85,
6180,707,360,347,1236,586,650,1413,679,734,1235,611,624,705,330,375,176,91,85,
6185,707,360,347,1237,586,651,1413,679,734,1236,611,625,705,330,375,177,91,86,
6190,708,360,348,1237,586,651,1414,679,735,1237,612,625,707,332,375,177,91,86,
6195,708,360,348,1238,587,651,1415,679,736,1238,612,626,708,333,375,177,91,86,
6200,708,360,348,1240,588,652,1416,680,736,1239,612,627,708,333,375,177,91,86,
6205,709,361,348,1241,588,653,1418,682,736,1240,612,628,708,333,375,177,91,86,
6210,710,361,349,1241,588,653,1418,682,736,1241,613,628,708,333,375,177,91,86,
6215,711,361,350,1243,589,654,1421,684,737,1242,613,629,709,334,375,177,91,86,
6220,711,361,350,1244,590,654,1421,684,737,1243,613,630,709,334,375,178,91,87,
6225,712,361,351,1244,590,654,1422,685,737,1244,614,630,711,334,377,178,91,87,
6230,712,361,351,1245,590,655,1423,685,738,1245,614,631,712,335,377,178,91,87,
6235,712,361,351,1247,590,657,1424,685,739,1246,615,631,712,335,377,178,91,87,
6240,713,361,352,1248,591,657,1426,686,740,1247,616,631,712,335,377,178,91,87,
6245,714,361,353,1248,591,657,1426,686,740,1248,617,631,712,335,377,178,91,87,
6250,715,361,354,1250,591,659,1429,688,741,1249,617,632,713,335,378,178,91,87,
6255,715,361,354,1251,592,659,1429,688,741,1250,618,632,713,335,378,179,92,87,
6260,716,362,354,1251,592,659,1430,689,741,1251,619,632,715,335,380,179,92,87,
6265,716,362,354,1252,592,660,1431,690,741,1252,619,633,716,336,380,179,92,87,
6270,716,362,354,1254,592,662,1432,690,742,1253,620,633,716,336,380,179,92,87,
6275,717,362,355,1255,593,662,1434,690,744,1254,620,634,716,336,380,179,92,87,
6280,718,363,355,1255,593,662,1434,690,744,1255,621,634,716,336,380,179,92,87,
6285,719,364,355,1257,593,664,1437,691,746,1256,621,635,717,336,381,179,92,87,
6290,719,364,355,1258,594,664,1437,691,746,1257,622,635,717,336,381,180,92,88,
6295,720,365,355,1258,594,664,1438,691,747,1258,622,636,719,338,381,180,92,88,
6300,720,365,355,1259,595,664,1439,692,747,1259,623,636,720,339,381,180,92,88,
6305,720,365,355,1261,596,665,1440,693,747,1260,623,637,720,339,381,180,92,88,
6310,721,366,355,1262,596,666,1442,693,749,1261,623,638,720,339,381,180,92,88,
6315,722,366,356,1262,596,666,1442,693,749,1262,623,639,720,339,381,180,92,88,
6320,723,367,356,1264,596,668,1445,694,751,1263,623,640,721,339,382,180,92,88,
6325,723,367,356,1265,597,668,1445,694,751,1264,624,640,721,339,382,181,93,88,
6330,724,368,356,1265,597,668,1446,694,752,1265,625,640,723,339,384,181,93,88,
6335,724,368,356,1266,597,669,1447,694,753,1266,625,641,724,340,384,181,93,88,
6340,724,368,356,1268,598,670,1448,694,754,1267,625,642,724,340,384,181,93,88,
6345,725,369,356,1269,599,670,1450,696,754,1268,625,643,724,340,384,181,93,88,
6350,726,370,356,1269,599,670,1450,696,754,1269,625,644,724,340,384,181,93,88,
6355,727,370,357,1271,601,670,1453,699,754,1270,625,645,725,341,384,181,93,88,
6360,727,370,357,1272,602,670,1453,699,754,1271,625,646,725,341,384,182,94,88,
6365,728,370,358,1272,602,670,1454,700,754,1272,626,646,727,341,386,182,94,88,
6370,728,370,358,1273,603,670,1455,700,755,1273,626,647,728,341,387,182,94,88,
6375,728,370,358,1275,603,672,1456,700,756,1274,626,648,728,341,387,182,94,88,
6380,729,370,359,1276,604,672,1458,701,757,1275,626,649,728,341,387,182,94,88,
6385,730,370,360,1276,604,672,1458,701,757,1276,627,649,728,341,387,182,94,88,
6390,731,370,361,1278,604,674,1461,703,758,1277,628,649,729,342,387,182,94,88,
6395,731,370,361,1279,604,675,1461,703,758,1278,628,650,729,342,387,183,95,88,
6400,732,371,361,1279,604,675,1462,703,759,1279,628,651,731,344,387,183,95,88,
6405,732,371,361,1280,604,676,1463,703,760,1280,628,652,732,345,387,183,95,88,
6410,732,371,361,1282,605,677,1464,704,760,1281,629,652,732,345,387,183,95,88,
6415,733,371,362,1283,605,678,1466,705,761,1282,630,652,732,345,387,183,95,88,
6420,734,371,363,1283,605,678,1466,705,761,1283,630,653,732,345,387,183,95,88,
6425,735,371,364,1285,607,678,1469,707,762,1284,631,653,733,345,388,183,95,88,
6430,735,371,364,1286,607,679,1469,707,762,1285,631,654,733,345,388,184,95,89,
6435,736,371,365,1286,607,679,1470,707,763,1286,632,654,735,345,390,184,95,89,
6440,736,371,365,1287,608,679,1471,707,764,1287,632,655,736,346,390,184,95,89,
6445,736,371,365,1289,608,681,1472,708,764,1288,632,656,736,346,390,184,95,89,
6450,737,371,366,1290,608,682,1474,709,765,1289,633,656,736,346,390,184,95,89,
6455,738,372,366,1290,608,682,1474,709,765,1290,634,656,736,346,390,184,95,89,
6460,739,372,367,1292,610,682,1477,709,768,1291,635,656,737,347,390,184,95,89,
6465,739,372,367,1293,610,683,1477,709,768,1292,635,657,737,347,390,185,95,90,
6470,740,373,367,1293,610,683,1478,709,769,1293,636,657,739,347,392,185,95,90,
6475,740,373,367,1294,611,683,1479,710,769,1294,637,657,740,348,392,185,95,90,
6480,740,373,367,1296,611,685,1480,710,770,1295,638,657,740,348,392,185,95,90,
6485,741,373,368,1297,612,685,1482,711,771,1296,638,658,740,348,392,185,95,90,
6490,742,373,369,1297,612,685,1482,711,771,1297,639,658,740,348,392,185,95,90,
6495,743,373,370,1299,613,686,1485,712,773,1298,639,659,741,349,392,185,95,90,
6500,743,373,370,1300,613,687,1485,712,773,1299,639,660,741,349,392,186,96,90,
6505,744,373,371,1300,613,687,1486,713,773,1300,639,661,743,349,394,186,96,90,
6510,744,373,371,1301,614,687,1487,714,773,1301,640,661,744,349,395,186,96,90,
6515,744,373,371,1303,614,689,1488,715,773,1302,641,661,744,349,395,186,96,90,
6520,745,374,371,1304,615,689,1490,716,774,1303,642,661,744,349,395,186,96,90,
6525,746,374,372,1304,615,689,1490,716,774,1304,642,662,744,349,395,186,96,90,
6530,747,374,373,1306,616,690,1493,718,775,1305,642,663,745,350,395,186,96,90,
6535,747,374,373,1307,617,690,1493,718,775,1306,643,663,745,350,395,187,97,90,
6540,748,374,374,1307,617,690,1494,719,775,1307,643,664,747,351,396,187,97,90,
6545,748,374,374,1308,617,691,1495,720,775,1308,643,665,748,351,397,187,97,90,
6550,748,374,374,1310,617,693,1496,721,775,1309,643,666,748,351,397,187,97,90,
6555,749,375,374,1311,618,693,1498,723,775,1310,644,666,748,351,397,187,97,90,
6560,750,375,375,1311,618,693,1498,723,775,1311,644,667,748,351,397,187,97,90,
6565,751,376,375,1313,620,693,1501,724,777,1312,644,668,749,351,398,187,97,90,
6570,751,376,375,1314,621,693,1501,724,777,1313,644,669,749,351,398,188,98,90,
6575,752,376,376,1314,621,693,1502,725,777,1314,644,670,751,352,399,188,98,90,
6580,752,376,376,1315,622,693,1503,726,777,1315,645,670,752,352,400,188,98,90,
6585,752,376,376,1317,623,694,1504,727,777,1316,646,670,752,352,400,188,98,90,
6590,753,376,377,1318,623,695,1506,728,778,1317,646,671,752,352,400,188,98,90,
6595,754,377,377,1318,623,695,1506,728,778,1318,646,672,752,352,400,188,98,90,
6600,755,378,377,1320,624,696,1509,730,779,1319,646,673,753,353,400,188,98,90,
6605,755,378,377,1321,625,696,1509,730,779,1320,646,674,753,353,400,189,99,90,
6610,756,378,378,1321,625,696,1510,731,779,1321,647,674,755,353,402,189,99,90,
6615,756,378,378,1322,626,696,1511,731,780,1322,648,674,756,354,402,189,99,90,
6620,756,378,378,1324,627,697,1512,731,781,1323,649,674,756,354,402,189,99,90,
6625,757,378,379,1325,628,697,1514,732,782,1324,649,675,756,354,402,189,99,90,
6630,758,379,379,1325,628,697,1514,732,782,1325,650,675,756,354,402,189,99,90,
6635,759,380,379,1327,630,697,1517,735,782,1326,651,675,757,355,402,189,99,90,
6640,759,380,379,1328,630,698,1517,735,782,1327,651,676,757,355,402,190,100,90,
6645,760,380,380,1328,630,698,1518,736,782,1328,652,676,759,356,403,190,100,90,
6650,760,380,380,1329,630,699,1519,736,783,1329,653,676,760,357,403,190,100,90,
6655,760,380,380,1331,632,699,1520,736,784,1330,653,677,760,357,403,190,100,90,
6660,761,380,381,1332,633,699,1522,737,785,1331,653,678,760,357,403,190,100,90,
6665,762,380,382,1332,633,699,1522,737,785,1332,653,679,760,357,403,190,100,90,
6670,763,381,382,1334,634,700,1525,737,788,1333,654,679,761,358,403,190,100,90,
6675,763,381,382,1335,635,700,1525,737,788,1334,655,679,761,358,403,191,101,90,
6680,764,381,383,1335,635,700,1526,738,788,1335,655,680,763,360,403,191,101,90,
6685,764,381,383,1336,635,701,1527,738,789,1336,655,681,764,360,404,191,101,90,
6690,764,381,383,1338,635,703,1528,738,790,1337,655,682,764,360,404,191,101,90,
6695,765,382,383,1339,636,703,1530,739,791,1338,656,682,764,360,404,191,101,90,
6700,766,382,384,1339,636,703,1530,739,791,1339,656,683,764,360,404,191,101,90,
6705,767,383,384,1341,638,703,1533,739,794,1340,657,683,765,361,404,191,101,90,
6710,767,383,384,1342,638,704,1533,739,794,1341,657,684,765,361,404,192,101,91,
6715,768,384,384,1342,638,704,1534,739,795,1342,658,684,767,362,405,192,101,91,
6720,768,384,384,1343,639,704,1535,740,795,1343,659,684,768,362,406,192,101,91,
6725,768,384,384,1345,640,705,1536,740,796,1344,659,685,768,362,406,192,101,91,
6730,769,384,385,1346,640,706,1538,741,797,1345,660,685,768,362,406,192,101,91,
6735,770,385,385,1346,640,706,1538,741,797,1346,661,685,768,362,406,192,101,91,
6740,771,385,386,1348,642,706,1541,744,797,1347,662,685,769,363,406,192,101,91,
6745,771,385,386,1349,642,707,1541,744,797,1348,662,686,769,363,406,193,101,92,
6750,772,386,386,1349,642,707,1542,745,797,1349,663,686,771,364,407,193,101,92,
6755,772,386,386,1350,642,708,1543,745,798,1350,663,687,772,364,408,193,101,92,
6760,772,386,386,1352,644,708,1544,746,798,1351,664,687,772,364,408,193,101,92,
6765,773,387,386,1353,645,708,1546,747,799,1352,665,687,772,364,408,193,101,92,
6770,774,387,387,1353,645,708,1546,747,799,1353,666,687,772,364,408,193,101,92,
6775,775,388,387,1355,647,708,1549,749,800,1354,667,687,773,364,409,193,101,92,
6780,775,388,387,1356,647,709,1549,749,800,1355,667,688,773,364,409,194,102,92,
6785,776,388,388,1356,647,709,1550,749,801,1356,667,689,775,365,410,194,102,92,
6790,776,388,388,1357,647,710,1551,750,801,1357,668,689,776,365,411,194,102,92,
6795,776,388,388,1359,648,711,1552,751,801,1358,669,689,776,365,411,194,102,92,
6800,777,388,389,1360,649,711,1554,752,802,1359,669,690,776,365,411,194,102,92,
6805,778,388,390,1360,649,711,1554,752,802,1360,670,690,776,365,411,194,102,92,
6810,779,388,391,1362,650,712,1557,752,805,1361,670,691,777,366,411,194,102,92,
6815,779,388,391,1363,651,712,1557,752,805,1362,671,691,777,366,411,195,102,93,
6820,780,388,392,1363,651,712,1558,752,806,1363,672,691,779,367,412,195,102,93,
6825,780,388,392,1364,651,713,1559,753,806,1364,672,692,780,367,413,195,102,93,
6830,780,388,392,1366,652,714,1560,753,807,1365,673,692,780,367,413,195,102,93,
6835,781,388,393,1367,653,714,1562,754,808,1366,673,693,780,367,413,195,102,93,
6840,782,389,393,1367,653,714,1562,754,808,1367,674,693,780,367,413,195,102,93,
6845,783,389,394,1369,655,714,1565,756,809,1368,675,693,781,367,414,195,102,93,
6850,783,389,394,1370,655,715,1565,756,809,1369,675,694,781,367,414,196,102,94,
6855,784,390,394,1370,655,715,1566,757,809,1370,675,695,783,367,416,196,102,94,
6860,784,390,394,1371,656,715,1567,758,809,1371,676,695,784,367,417,196,102,94,
6865,784,390,394,1373,657,716,1568,759,809,1372,677,695,784,367,417,196,102,94,
6870,785,390,395,1374,657,717,1570,760,810,1373,677,696,784,367,417,196,102,94,
6875,786,390,396,1374,657,717,1570,760,810,1374,677,697,784,367,417,196,102,94,
6880,787,390,397,1376,657,719,1573,761,812,1375,677,698,785,368,417,196,102,94,
6885,787,390,397,1377,657,720,1573,761,812,1376,678,698,785,368,417,197,103,94,
6890,788,390,398,1377,657,720,1574,761,813,1377,678,699,787,368,419,197,103,94,
6895,788,390,398,1378,657,721,1575,762,813,1378,679,699,788,368,420,197,103,94,
6900,788,390,398,1380,658,722,1576,763,813,1379,679,700,788,368,420,197,103,94,
6905,789,390,399,1381,658,723,1578,765,813,1380,680,700,788,368,420,197,103,94,
6910,790,391,399,1381,658,723,1578,765,813,1381,680,701,788,368,420,197,103,94,
6915,791,391,400,1383,659,724,1581,766,815,1382,681,701,789,368,421,197,103,94,
6920,791,391,400,1384,660,724,1581,766,815,1383,681,702,789,368,421,198,104,94,
6925,792,392,400,1384,660,724,1582,766,816,1384,681,703,791,369,422,198,104,94,
6930,792,392,400,1385,661,724,1583,767,816,1385,682,703,792,370,422,198,104,94,
6935,792,392,400,1387,663,724,1584,768,816,1386,682,704,792,370,422,198,104,94,
6940,793,393,400,1388,664,724,1586,770,816,1387,683,704,792,370,422,198,104,94,
6945,794,394,400,1388,664,724,1586,770,816,1388,683,705,792,370,422,198,104,94,
6950,795,395,400,1390,664,726,1589,771,818,1389,684,705,793,370,423,198,104,94,
6955,795,395,400,1391,664,727,1589,771,818,1390,684,706,793,370,423,199,105,94,
6960,796,396,400,1391,664,727,1590,772,818,1391,685,706,795,371,424,199,105,94,
6965,796,396,400,1392,665,727,1591,772,819,1392,685,707,796,372,424,199,105,94,
6970,796,396,400,1394,666,728,1592,773,819,1393,685,708,796,372,424,199,105,94,
6975,797,396,401,1395,666,729,1594,775,819,1394,685,709,796,372,424,199,105,94,
6980,798,397,401,1395,666,729,1594,775,819,1395,686,709,796,372,424,199,105,94,
6985,799,398,401,1397,666,731,1597,777,820,1396,686,710,797,372,425,199,105,94,
6990,799,398,401,1398,666,732,1597,777,820,1397,686,711,797,372,425,200,105,95,
6995,800,399,401,1398,666,732,1598,778,820,1398,687,711,799,373,426,200,105,95,
7000,800,399,401,1399,667,732,1599,779,820,1399,687,712,800,374,426,200,105,95,
7005,800,399,401,1401,669,732,1600,780,820,1400,687,713,800,374,426,200,105,95,
7010,801,399,402,1402,669,733,1602,780,822,1401,688,713,800,374,426,200,105,95,
7015,802,400,402,1402,669,733,1602,780,822,1402,689,713,800,374,426,200,105,95,
7020,803,400,403,1404,669,735,1605,782,823,1403,690,713,801,375,426,200,105,95,
7025,803,400,403,1405,670,735,1605,782,823,1404,690,714,801,375,426,201,106,95,
7030,804,401,403,1405,670,735,1606,783,823,1405,691,714,803,376,427,201,106,95,
7035,804,401,403,1406,670,736,1607,783,824,1406,691,715,804,377,427,201,106,95,
7040,804,401,403,1408,671,737,1608,783,825,1407,691,716,804,377,427,201,106,95,
7045,805,401,404,1409,671,738,1610,783,827,1408,691,717,804,377,427,201,106,95,
7050,806,402,404,1409,671,738,1610,783,827,1409,692,717,804,377,427,201,106,95,
7055,807,403,404,1411,672,739,1613,785,828,1410,693,717,805,378,427,201,106,95,
7060,807,403,404,1412,672,740,1613,785,828,1411,693,718,805,378,427,202,107,95,
7065,808,404,404,1412,672,740,1614,785,829,1412,693,719,807,378,429,202,107,95,
7070,808,404,404,1413,672,741,1615,785,830,1413,693,720,808,379,429,202,107,95,
7075,808,404,404,1415,673,742,1616,785,831,1414,694,720,808,379,429,202,107,95,
7080,809,405,404,1416,673,743,1618,787,831,1415,695,720,808,379,429,202,107,95,
7085,810,405,405,1416,673,743,1618,787,831,1416,695,721,808,379,429,202,107,95,
7090,811,406,405,1418,674,744,1621,790,831,1417,695,722,809,379,430,202,107,95,
7095,811,406,405,1419,675,744,1621,790,831,1418,696,722,809,379,430,203,107,96,
7100,812,406,406,1419,675,744,1622,790,832,1419,696,723,811,379,432,203,107,96,
7105,812,406,406,1420,676,744,1623,790,833,1420,696,724,812,379,433,203,107,96,
7110,812,406,406,1422,678,744,1624,790,834,1421,697,724,812,379,433,203,107,96,
7115,813,406,407,1423,679,744,1626,791,835,1422,697,725,812,379,433,203,107,96,
7120,814,407,407,1423,679,744,1626,791,835,1423,697,726,812,379,433,203,107,96,
7125,815,407,408,1425,681,744,1629,793,836,1424,698,726,813,380,433,203,107,96,
7130,815,407,408,1426,682,744,1629,793,836,1425,699,726,813,380,433,204,107,97,
7135,816,408,408,1426,682,744,1630,793,837,1426,699,727,815,382,433,204,107,97,
7140,816,408,408,1427,683,744,1631,794,837,1427,700,727,816,382,434,204,107,97,
7145,816,408,408,1429,684,745,1632,795,837,1428,700,728,816,382,434,204,107,97,
7150,817,409,408,1430,684,746,1634,797,837,1429,701,728,816,382,434,204,107,97,
7155,818,409,409,1430,684,746,1634,797,837,1430,701,729,816,382,434,204,107,97,
7160,819,410,409,1432,684,748,1637,797,840,1431,702,729,817,383,434,204,107,97,
7165,819,410,409,1433,685,748,1637,797,840,1432,703,729,817,383,434,205,107,98,
7170,820,411,409,1433,685,748,1638,797,841,1433,703,730,819,383,436,205,107,98,
7175,820,411,409,1434,686,748,1639,798,841,1434,704,730,820,383,437,205,107,98,
7180,820,411,409,1436,688,748,1640,799,841,1435,705,730,820,383,437,205,107,98,
7185,821,412,409,1437,688,749,1642,801,841,1436,706,730,820,383,437,205,107,98,
7190,822,413,409,1437,688,749,1642,801,841,1437,707,730,820,383,437,205,107,98,
7195,823,414,409,1439,688,751,1645,802,843,1438,708,730,821,383,438,205,107,98,
7200,823,414,409,1440,688,752,1645,802,843,1439,709,730,821,383,438,206,107,99,
7205,824,414,410,1440,688,752,1646,802,844,1440,710,730,823,385,438,206,107,99,
7210,824,414,410,1441,688,753,1647,802,845,1441,710,731,824,386,438,206,107,99,
7215,824,414,410,1443,689,754,1648,802,846,1442,710,732,824,386,438,206,107,99,
7220,825,415,410,1444,690,754,1650,803,847,1443,711,732,824,386,438,206,107,99,
7225,826,416,410,1444,690,754,1650,803,847,1444,712,732,824,386,438,206,107,99,
7230,827,416,411,1446,691,755,1653,804,849,1445,713,732,825,386,439,206,107,99,
7235,827,416,411,1447,692,755,1653,804,849,1446,713,733,825,386,439,207,108,99,
7240,828,416,412,1447,692,755,1654,805,849,1447,713,734,827,386,441,207,108,99,
7245,828,416,412,1448,692,756,1655,805,850,1448,714,734,828,387,441,207,108,99,
7250,828,416,412,1450,693,757,1656,805,851,1449,715,734,828,387,441,207,108,99,
7255,829,416,413,1451,694,757,1658,806,852,1450,716,734,828,387,441,207,108,99,
7260,830,417,413,1451,694,757,1658,806,852,1451,716,735,828,387,441,207,108,99,
7265,831,417,414,1453,695,758,1661,807,854,1452,716,736,829,387,442,207,108,99,
7270,831,417,414,1454,696,758,1661,807,854,1453,717,736,829,387,442,208,108,100,
7275,832,418,414,1454,696,758,1662,807,855,1454,717,737,831,388,443,208,108,100,
7280,832,418,414,1455,696,759,1663,808,855,1455,717,738,832,389,443,208,108,100,
7285,832,418,414,1457,697,760,1664,808,856,1456,717,739,832,389,443,208,108,100,
7290,833,418,415,1458,698,760,1666,808,858,1457,718,739,832,389,443,208,108,100,
7295,834,418,416,1458,698,760,1666,808,858,1458,718,740,832,389,443,208,108,100,
7300,835,418,417,1460,698,762,1669,809,860,1459,719,740,833,389,444,208,108,100,
7305,835,418,417,1461,698,763,1669,809,860,1460,720,740,833,389,444,209,108,101,
7310,836,419,417,1461,698,763,1670,810,860,1461,721,740,835,390,445,209,108,101,
7315,836,419,417,1462,698,764,1671,811,860,1462,721,741,836,390,446,209,108,101,
7320,836,419,417,1464,699,765,1672,812,860,1463,721,742,836,390,446,209,108,101,
7325,837,420,417,1465,699,766,1674,812,862,1464,722,742,836,390,446,209,108,101,
7330,838,420,418,1465,699,766,1674,812,862,1465,722,743,836,390,446,209,108,101,
7335,839,421,418,1467,700,767,1677,814,863,1466,722,744,837,390,447,209,108,101,
7340,839,421,418,1468,701,767,1677,814,863,1467,723,744,837,390,447,210,109,101,
7345,840,422,418,1468,701,767,1678,815,863,1468,723,745,839,392,447,210,109,101,
7350,840,422,418,1469,701,768,1679,816,863,1469,724,745,840,393,447,210,109,101,
7355,840,422,418,1471,702,769,1680,817,863,1470,724,746,840,393,447,210,109,101,
7360,841,422,419,1472,702,770,1682,819,863,1471,724,747,840,393,447,210,109,101,
7365,842,423,419,1472,702,770,1682,819,863,1472,724,748,840,393,447,210,109,101,
7370,843,424,419,1474,703,771,1685,821,864,1473,725,748,841,393,448,210,109,101,
7375,843,424,419,1475,703,772,1685,821,864,1474,725,749,841,393,448,211,110,101,
7380,844,424,420,1475,703,772,1686,821,865,1475,725,750,843,393,450,211,110,101,
7385,844,424,420,1476,703,773,1687,822,865,1476,725,751,844,394,450,211,110,101,
7390,844,424,420,1478,705,773,1688,822,866,1477,725,752,844,394,450,211,110,101,
7395,845,424,421,1479,706,773,1690,822,868,1478,726,752,844,394,450,211,110,101,
7400,846,424,422,1479,706,773,1690,822,868,1479,726,753,844,394,450,211,110,101,
7405,847,424,423,1481,708,773,1693,824,869,1480,727,753,845,394,451,211,110,101,
7410,847,424,423,1482,708,774,1693,824,869,1481,728,753,845,394,451,212,111,101,
7415,848,424,424,1482,708,774,1694,824,870,1482,729,753,847,394,453,212,111,101,
7420,848,424,424,1483,708,775,1695,824,871,1483,730,753,848,394,454,212,111,101,
7425,848,424,424,1485,709,776,1696,824,872,1484,731,753,848,394,454,212,111,101,
7430,849,425,424,1486,709,777,1698,825,873,1485,732,753,848,394,454,212,111,101,
7435,850,426,424,1486,709,777,1698,825,873,1486,733,753,848,394,454,212,111,101,
7440,851,427,424,1488,709,779,1701,827,874,1487,733,754,849,395,454,212,111,101,
7445,851,427,424,1489,709,780,1701,827,874,1488,733,755,849,395,454,213,112,101,
7450,852,428,424,1489,709,780,1702,828,874,1489,733,756,851,396,455,213,112,101,
7455,852,428,424,1490,709,781,1703,828,875,1490,733,757,852,397,455,213,112,101,
7460,852,428,424,1492,709,783,1704,829,875,1491,733,758,852,397,455,213,112,101,
7465,853,428,425,1493,710,783,1706,829,877,1492,734,758,852,397,455,213,112,101,
7470,854,428,426,1493,710,783,1706,829,877,1493,735,758,852,397,455,213,112,101,
7475,855,428,427,1495,712,783,1709,831,878,1494,735,759,853,398,455,213,112,101,
7480,855,428,427,1496,713,783,1709,831,878,1495,736,759,853,398,455,214,113,101,
7485,856,428,428,1496,713,783,1710,831,879,1496,736,760,855,398,457,214,113,101,
7490,856,428,428,1497,714,783,1711,831,880,1497,736,761,856,398,458,214,113,101,
7495,856,428,428,1499,715,784,1712,831,881,1498,737,761,856,398,458,214,113,101,
7500,857,428,429,1500,716,784,1714,832,882,1499,738,761,856,398,458,214,113,101,
7505,858,429,429,1500,716,784,1714,832,882,1500,738,762,856,398,458,214,113,101,
7510,859,429,430,1502,716,786,1717,834,883,1501,738,763,857,398,459,214,113,101,
7515,859,429,430,1503,716,787,1717,834,883,1502,739,763,857,398,459,215,113,102,
7520,860,430,430,1503,716,787,1718,834,884,1503,739,764,859,399,460,215,113,102,
7525,860,430,430,1504,716,788,1719,834,885,1504,739,765,860,400,460,215,113,102,
7530,860,430,430,1506,718,788,1720,835,885,1505,739,766,860,400,460,215,113,102,
7535,861,430,431,1507,718,789,1722,836,886,1506,739,767,860,400,460,215,113,102,
7540,862,430,432,1507,718,789,1722,836,886,1507,739,768,860,400,460,215,113,102,
7545,863,431,432,1509,718,791,1725,837,888,1508,740,768,861,400,461,215,113,102,
7550,863,431,432,1510,719,791,1725,837,888,1509,741,768,861,400,461,216,113,103,
7555,864,432,432,1510,719,791,1726,838,888,1510,742,768,863,401,462,216,113,103,
7560,864,432,432,1511,720,791,1727,839,888,1511,743,768,864,401,463,216,113,103,
7565,864,432,432,1513,722,791,1728,839,889,1512,743,769,864,401,463,216,113,103,
7570,865,433,432,1514,722,792,1730,839,891,1513,744,769,864,401,463,216,113,103,
7575,866,434,432,1514,722,792,1730,839,891,1514,745,769,864,401,463,216,113,103,
7580,867,434,433,1516,723,793,1733,839,894,1515,745,770,865,402,463,216,113,103,
7585,867,434,433,1517,724,793,1733,839,894,1516,745,771,865,402,463,217,113,104,
7590,868,435,433,1517,724,793,1734,839,895,1517,746,771,867,403,464,217,113,104,
7595,868,435,433,1518,724,794,1735,839,896,1518,746,772,868,403,465,217,113,104,
7600,868,435,433,1520,724,796,1736,840,896,1519,747,772,868,403,465,217,113,104,
7605,869,435,434,1521,725,796,1738,842,896,1520,747,773,868,403,465,217,113,104,
7610,870,435,435,1521,725,796,1738,842,896,1521,747,774,868,403,465,217,113,104,
7615,871,435,436,1523,727,796,1741,843,898,1522,748,774,869,404,465,217,113,104,
7620,871,435,436,1524,727,797,1741,843,898,1523,748,775,869,404,465,218,114,104,
7625,872,436,436,1524,727,797,1742,843,899,1524,749,775,871,405,466,218,114,104,
7630,872,436,436,1525,728,797,1743,844,899,1525,750,775,872,405,467,218,114,104,
7635,872,436,436,1527,729,798,1744,845,899,1526,750,776,872,405,467,218,114,104,
7640,873,437,436,1528,730,798,1746,846,900,1527,750,777,872,405,467,218,114,104,
7645,874,437,437,1528,730,798,1746,846,900,1528,750,778,872,405,467,218,114,104,
7650,875,437,438,1530,731,799,1749,847,902,1529,750,779,873,406,467,218,114,104,
7655,875,437,438,1531,732,799,1749,847,902,1530,750,780,873,406,467,219,115,104,
7660,876,437,439,1531,732,799,1750,848,902,1531,751,780,875,407,468,219,115,104,
7665,876,437,439,1532,733,799,1751,849,902,1532,752,780,876,407,469,219,115,104,
7670,876,437,439,1534,735,799,1752,850,902,1533,753,780,876,407,469,219,115,104,
7675,877,437,440,1535,736,799,1754,852,902,1534,753,781,876,407,469,219,115,104,
7680,878,438,440,1535,736,799,1754,852,902,1535,753,782,876,407,469,219,115,104,
7685,879,438,441,1537,737,800,1757,855,902,1536,753,783,877,407,470,219,115,104,
7690,879,438,441,1538,737,801,1757,855,902,1537,753,784,877,407,470,220,115,105,
7695,880,439,441,1538,737,801,1758,856,902,1538,753,785,879,408,471,220,115,105,
7700,880,439,441,1539,738,801,1759,856,903,1539,753,786,880,409,471,220,115,105,
7705,880,439,441,1541,739,802,1760,857,903,1540,753,787,880,409,471,220,115,105,
7710,881,440,441,1542,740,802,1762,858,904,1541,753,788,880,409,471,220,115,105,
7715,882,441,441,1542,740,802,1762,858,904,1542,754,788,880,409,471,220,115,105,
7720,883,442,441,1544,741,803,1765,859,906,1543,755,788,881,410,471,220,115,105,
7725,883,442,441,1545,742,803,1765,859,906,1544,755,789,881,410,471,221,115,106,
7730,884,442,442,1545,742,803,1766,860,906,1545,755,790,883,411,472,221,115,106,
7735,884,442,442,1546,742,804,1767,860,907,1546,755,791,884,412,472,221,115,106,
7740,884,442,442,1548,744,804,1768,861,907,1547,756,791,884,412,472,221,115,106,
7745,885,442,443,1549,745,804,1770,861,909,1548,757,791,884,412,472,221,115,106,
7750,886,442,444,1549,745,804,1770,861,909,1549,757,792,884,412,472,221,115,106,
7755,887,443,444,1551,747,804,1773,863,910,1550,758,792,885,412,473,221,115,106,
7760,887,443,444,1552,748,804,1773,863,910,1551,758,793,885,412,473,222,115,107,
7765,888,443,445,1552,748,804,1774,863,911,1552,759,793,887,413,474,222,115,107,
7770,888,443,445,1553,748,805,1775,864,911,1553,760,793,888,413,475,222,115,107,
7775,888,443,445,1555,748,807,1776,864,912,1554,760,794,888,413,475,222,115,107,
7780,889,443,446,1556,749,807,1778,866,912,1555,760,795,888,413,475,222,115,107,
7785,890,443,447,1556,749,807,1778,866,912,1556,760,796,888,413,475,222,115,107,
7790,891,444,447,1558,749,809,1781,868,913,1557,760,797,889,414,475,222,115,107,
7795,891,444,447,1559,749,810,1781,868,913,1558,761,797,889,414,475,223,116,107,
7800,892,444,448,1559,749,810,1782,869,913,1559,761,798,891,414,477,223,116,107,
7805,892,444,448,1560,750,810,1783,869,914,1560,761,799,892,415,477,223,116,107,
7810,892,444,448,1562,752,810,1784,869,915,1561,761,800,892,415,477,223,116,107,
7815,893,444,449,1563,753,810,1786,869,917,1562,761,801,892,415,477,223,116,107,
7820,894,444,450,1563,753,810,1786,869,917,1563,761,802,892,415,477,223,116,107,
7825,895,445,450,1565,754,811,1789,871,918,1564,761,803,893,416,477,223,116,107,
7830,895,445,450,1566,755,811,1789,871,918,1565,762,803,893,416,477,224,117,107,
7835,896,445,451,1566,755,811,1790,872,918,1566,763,803,895,417,478,224,117,107,
7840,896,445,451,1567,756,811,1791,872,919,1567,763,804,896,417,479,224,117,107,
7845,896,445,451,1569,757,812,1792,873,919,1568,763,805,896,417,479,224,117,107,
7850,897,445,452,1570,757,813,1794,874,920,1569,763,806,896,417,479,224,117,107,
7855,898,446,452,1570,757,813,1794,874,920,1570,764,806,896,417,479,224,117,107,
7860,899,446,453,1572,758,814,1797,875,922,1571,765,806,897,417,480,224,117,107,
7865,899,446,453,1573,758,815,1797,875,922,1572,766,806,897,417,480,225,117,108,
7870,900,447,453,1573,758,815,1798,875,923,1573,767,806,899,418,481,225,117,108,
7875,900,447,453,1574,759,815,1799,875,924,1574,767,807,900,419,481,225,117,108,
7880,900,447,453,1576,759,817,1800,875,925,1575,768,807,900,419,481,225,117,108,
7885,901,448,453,1577,760,817,1802,876,926,1576,769,807,900,419,481,225,117,108,
7890,902,448,454,1577,760,817,1802,876,926,1577,769,808,900,419,481,225,117,108,
7895,903,449,454,1579,761,818,1805,878,927,1578,769,809,901,419,482,225,117,108,
7900,903,449,454,1580,761,819,1805,878,927,1579,770,809,901,419,482,226,118,108,
7905,904,450,454,1580,761,819,1806,878,928,1580,771,809,903,421,482,226,118,108,
7910,904,450,454,1581,762,819,1807,879,928,1581,771,810,904,421,483,226,118,108,
7915,904,450,454,1583,762,821,1808,879,929,1582,772,810,904,421,483,226,118,108,
7920,905,450,455,1584,763,821,1810,879,931,1583,772,811,904,421,483,226,118,108,
7925,906,450,456,1584,763,821,1810,879,931,1584,772,812,904,421,483,226,118,108,
7930,907,450,457,1586,765,821,1813,882,931,1585,772,813,905,422,483,226,118,108,
7935,907,450,457,1587,765,822,1813,882,931,1586,772,814,905,422,483,227,119,108,
7940,908,451,457,1587,765,822,1814,882,932,1587,773,814,907,424,483,227,119,108,
7945,908,451,457,1588,766,822,1815,882,933,1588,773,815,908,424,484,227,119,108,
7950,908,451,457,1590,767,823,1816,882,934,1589,774,815,908,424,484,227,119,108,
7955,909,451,458,1591,767,824,1818,884,934,1590,774,816,908,424,484,227,119,108,
7960,910,451,459,1591,767,824,1818,884,934,1591,774,817,908,424,484,227,119,108,
7965,911,451,460,1593,768,825,1821,885,936,1592,775,817,909,424,485,227,119,108,
7970,911,451,460,1594,769,825,1821,885,936,1593,776,817,909,424,485,228,119,109,
7975,912,451,461,1594,769,825,1822,886,936,1594,776,818,911,424,487,228,119,109,
7980,912,451,461,1595,769,826,1823,886,937,1595,777,818,912,424,488,228,119,109,
7985,912,451,461,1597,770,827,1824,886,938,1596,778,818,912,424,488,228,119,109,
7990,913,451,462,1598,771,827,1826,887,939,1597,778,819,912,424,488,228,119,109,
7995,914,451,463,1598,771,827,1826,887,939,1598,778,820,912,424,488,228,119,109,
8000,915,452,463,1600,772,828,1829,887,942,1599,778,821,913,424,489,228,119,109,
8005,915,452,463,1601,772,829,1829,887,942,1600,778,822,913,424,489,229,120,109,
8010,916,453,463,1601,772,829,1830,887,943,1601,778,823,915,426,489,229,120,109,
8015,916,453,463,1602,773,829,1831,887,944,1602,779,823,916,426,490,229,120,109,
8020,916,453,463,1604,774,830,1832,888,944,1603,780,823,916,426,490,229,120,109,
8025,917,454,463,1605,774,831,1834,889,945,1604,781,823,916,426,490,229,120,109,
8030,918,454,464,1605,774,831,1834,889,945,1605,781,824,916,426,490,229,120,109,
8035,919,454,465,1607,776,831,1837,892,945,1606,781,825,917,426,491,229,120,109,
8040,919,454,465,1608,776,832,1837,892,945,1607,781,826,917,426,491,230,121,109,
8045,920,454,466,1608,776,832,1838,893,945,1608,782,826,919,427,492,230,121,109,
8050,920,454,466,1609,777,832,1839,894,945,1609,782,827,920,427,493,230,121,109,
8055,920,454,466,1611,777,834,1840,895,945,1610,783,827,920,427,493,230,121,109,
8060,921,454,467,1612,778,834,1842,896,946,1611,784,827,920,427,493,230,121,109,
8065,922,455,467,1612,778,834,1842,896,946,1612,784,828,920,427,493,230,121,109,
8070,923,456,467,1614,778,836,1845,898,947,1613,784,829,921,427,494,230,121,109,
8075,923,456,467,1615,779,836,1845,898,947,1614,784,830,921,427,494,231,122,109,
8080,924,456,468,1615,779,836,1846,898,948,1615,785,830,923,428,495,231,122,109,
8085,924,456,468,1616,780,836,1847,899,948,1616,785,831,924,429,495,231,122,109,
8090,924,456,468,1618,781,837,1848,899,949,1617,786,831,924,429,495,231,122,109,
8095,925,457,468,1619,781,838,1850,901,949,1618,787,831,924,429,495,231,122,109,
8100,926,457,469,1619,781,838,1850,901,949,1619,787,832,924,429,495,231,122,109,
8105,927,457,470,1621,781,840,1853,903,950,1620,787,833,925,430,495,231,122,109,
8110,927,457,470,1622,782,840,1853,903,950,1621,787,834,925,430,495,232,123,109,
8115,928,458,470,1622,782,840,1854,904,950,1622,788,834,927,431,496,232,123,109,
8120,928,458,470,1623,782,841,1855,904,951,1623,788,835,928,432,496,232,123,109,
8125,928,458,470,1625,784,841,1856,904,952,1624,789,835,928,432,496,232,123,109,
8130,929,459,470,1626,785,841,1858,906,952,1625,790,835,928,432,496,232,123,109,
8135,930,460,470,1626,785,841,1858,906,952,1626,791,835,928,432,496,232,123,109,
8140,931,460,471,1628,785,843,1861,908,953,1627,791,836,929,432,497,232,123,109,
8145,931,460,471,1629,785,844,1861,908,953,1628,791,837,929,432,497,233,124,109,
8150,932,460,472,1629,785,844,1862,909,953,1629,791,838,931,432,499,233,124,109,
8155,932,460,472,1630,785,845,1863,910,953,1630,792,838,932,432,500,233,124,109,
8160,932,460,472,1632,786,846,1864,910,954,1631,792,839,932,432,500,233,124,109,
8165,933,460,473,1633,787,846,1866,911,955,1632,793,839,932,432,500,233,124,109,
8170,934,461,473,1633,787,846,1866,911,955,1633,793,840,932,432,500,233,124,109,
8175,935,461,474,1635,788,847,1869,912,957,1634,794,840,933,432,501,233,124,109,
8180,935,461,474,1636,789,847,1869,912,957,1635,794,841,933,432,501,234,125,109,
8185,936,462,474,1636,789,847,1870,913,957,1636,794,842,935,434,501,234,125,109,
8190,936,462,474,1637,790,847,1871,913,958,1637,794,843,936,435,501,234,125,109,
8195,936,462,474,1639,791,848,1872,913,959,1638,794,844,936,435,501,234,125,109,
8200,937,463,474,1640,791,849,1874,913,961,1639,795,844,936,435,501,234,125,109,
8205,938,463,475,1640,791,849,1874,913,961,1640,795,845,936,435,501,234,125,109,
8210,939,464,475,1642,792,850,1877,914,963,1641,796,845,937,436,501,234,125,109,
8215,939,464,475,1643,793,850,1877,914,963,1642,796,846,937,436,501,235,125,110,
8220,940,464,476,1643,793,850,1878,915,963,1643,797,846,939,438,501,235,125,110,
8225,940,464,476,1644,794,850,1879,916,963,1644,798,846,940,438,502,235,125,110,
8230,940,464,476,1646,795,851,1880,917,963,1645,799,846,940,438,502,235,125,110,
8235,941,465,476,1647,796,851,1882,919,963,1646,799,847,940,438,502,235,125,110,
8240,942,466,476,1647,796,851,1882,919,963,1647,799,848,940,438,502,235,125,110,
8245,943,466,477,1649,796,853,1885,921,964,1648,800,848,941,438,503,235,125,110,
8250,943,466,477,1650,796,854,1885,921,964,1649,800,849,941,438,503,236,125,111,
8255,944,466,478,1650,796,854,1886,922,964,1650,801,849,943,439,504,236,125,111,
8260,944,466,478,1651,797,854,1887,922,965,1651,802,849,944,440,504,236,125,111,
8265,944,466,478,1653,798,855,1888,922,966,1652,802,850,944,440,504,236,125,111,
8270,945,467,478,1654,799,855,1890,924,966,1653,803,850,944,440,504,236,125,111,
8275,946,467,479,1654,799,855,1890,924,966,1654,803,851,944,440,504,236,125,111,
8280,947,467,480,1656,800,856,1893,926,967,1655,803,852,945,440,505,236,125,111,
8285,947,467,480,1657,801,856,1893,926,967,1656,804,852,945,440,505,237,126,111,
8290,948,467,481,1657,801,856,1894,927,967,1657,805,852,947,440,507,237,126,111,
8295,948,467,481,1658,801,857,1895,928,967,1658,806,852,948,440,508,237,126,111,
8300,948,467,481,1660,803,857,1896,929,967,1659,807,852,948,440,508,237,126,111,
8305,949,468,481,1661,803,858,1898,931,967,1660,808,852,948,440,508,237,126,111,
8310,950,469,481,1661,803,858,1898,931,967,1661,808,853,948,440,508,237,126,111,
8315,951,470,481,1663,804,859,1901,934,967,1662,809,853,949,441,508,237,126,111,
8320,951,470,481,1664,805,859,1901,934,967,1663,810,853,949,441,508,238,126,112,
8325,952,470,482,1664,805,859,1902,934,968,1664,811,853,951,443,508,238,126,112,
8330,952,470,482,1665,805,860,1903,935,968,1665,812,853,952,444,508,238,126,112,
8335,952,470,482,1667,807,860,1904,935,969,1666,813,853,952,444,508,238,126,112,
8340,953,471,482,1668,808,860,1906,937,969,1667,814,853,952,444,508,238,126,112,
8345,954,472,482,1668,808,860,1906,937,969,1668,815,853,952,444,508,238,126,112,
8350,955,472,483,1670,809,861,1909,939,970,1669,815,854,953,444,509,238,126,112,
8355,955,472,483,1671,810,861,1909,939,970,1670,815,855,953,444,509,239,126,113,
8360,956,472,484,1671,810,861,1910,940,970,1671,815,856,955,445,510,239,126,113,
8365,956,472,484,1672,811,861,1911,940,971,1672,816,856,956,446,510,239,126,113,
8370,956,472,484,1674,812,862,1912,940,972,1673,816,857,956,446,510,239,126,113,
8375,957,472,485,1675,813,862,1914,941,973,1674,816,858,956,446,510,239,126,113,
8380,958,472,486,1675,813,862,1914,941,973,1675,817,858,956,446,510,239,126,113,
8385,959,473,486,1677,815,862,1917,944,973,1676,817,859,957,446,511,239,126,113,
8390,959,473,486,1678,816,862,1917,944,973,1677,817,860,957,446,511,240,126,114,
8395,960,474,486,1678,816,862,1918,945,973,1678,818,860,959,448,511,240,126,114,
8400,960,474,486,1679,816,863,1919,946,973,1679,819,860,960,449,511,240,126,114,
8405,960,474,486,1681,817,864,1920,947,973,1680,819,861,960,449,511,240,126,114,
8410,961,475,486,1682,818,864,1922,948,974,1681,819,862,960,449,511,240,126,114,
8415,962,475,487,1682,818,864,1922,948,974,1682,820,862,960,449,511,240,126,114,
8420,963,475,488,1684,819,865,1925,949,976,1683,821,862,961,450,511,240,126,114,
8425,963,475,488,1685,819,866,1925,949,976,1684,822,862,961,450,511,241,127,114,
8430,964,476,488,1685,819,866,1926,949,977,1685,822,863,963,451,512,241,127,114,
8435,964,476,488,1686,820,866,1927,949,978,1686,822,864,964,452,512,241,127,114,
8440,964,476,488,1688,821,867,1928,950,978,1687,823,864,964,452,512,241,127,114,
8445,965,477,488,1689,822,867,1930,952,978,1688,824,864,964,452,512,241,127,114,
8450,966,478,488,1689,822,867,1930,952,978,1689,824,865,964,452,512,241,127,114,
8455,967,479,488,1691,824,867,1933,953,980,1690,824,866,965,453,512,241,127,114,
8460,967,479,488,1692,825,867,1933,953,980,1691,824,867,965,453,512,242,127,115,
8465,968,480,488,1692,825,867,1934,953,981,1692,825,867,967,454,513,242,127,115,
8470,968,480,488,1693,825,868,1935,953,982,1693,825,868,968,455,513,242,127,115,
8475,968,480,488,1695,825,870,1936,953,983,1694,826,868,968,455,513,242,127,115,
8480,969,481,488,1696,825,871,1938,953,985,1695,826,869,968,455,513,242,127,115,
8485,970,481,489,1696,825,871,1938,953,985,1696,827,869,968,455,513,242,127,115,
8490,971,481,490,1698,825,873,1941,956,985,1697,827,870,969,456,513,242,127,115,
8495,971,481,490,1699,826,873,1941,956,985,1698,827,871,969,456,513,243,128,115,
8500,972,481,491,1699,826,873,1942,956,986,1699,827,872,971,457,514,243,128,115,
8505,972,481,491,1700,827,873,1943,957,986,1700,827,873,972,457,515,243,128,115,
8510,972,481,491,1702,828,874,1944,957,987,1701,827,874,972,457,515,243,128,115,
8515,973,481,492,1703,828,875,1946,958,988,1702,827,875,972,457,515,243,128,115,
8520,974,481,493,1703,828,875,1946,958,988,1703,827,876,972,457,515,243,128,115,
8525,975,481,494,1705,829,876,1949,958,991,1704,827,877,973,458,515,243,128,115,
8530,975,481,494,1706,829,877,1949,958,991,1705,827,878,973,458,515,244,128,116,
8535,976,481,495,1706,829,877,1950,958,992,1706,827,879,975,458,517,244,128,116,
8540,976,481,495,1707,829,878,1951,958,993,1707,827,880,976,459,517,244,128,116,
8545,976,481,495,1709,831,878,1952,959,993,1708,828,880,976,459,517,244,128,116,
8550,977,482,495,1710,832,878,1954,959,995,1709,829,880,976,459,517,244,128,116,
8555,978,483,495,1710,832,878,1954,959,995,1710,829,881,976,459,517,244,128,116,
8560,979,483,496,1712,832,880,1957,961,996,1711,829,882,977,459,518,244,128,116,
8565,979,483,496,1713,832,881,1957,961,996,1712,830,882,977,459,518,245,129,116,
8570,980,483,497,1713,832,881,1958,962,996,1713,830,883,979,459,520,245,129,116,
8575,980,483,497,1714,833,881,1959,962,997,1714,830,884,980,459,521,245,129,116,
8580,980,483,497,1716,835,881,1960,962,998,1715,831,884,980,459,521,245,129,116,
8585,981,484,497,1717,836,881,1962,963,999,1716,832,884,980,459,521,245,129,116,
8590,982,484,498,1717,836,881,1962,963,999,1717,833,884,980,459,521,245,129,116,
8595,983,485,498,1719,837,882,1965,964,1001,1718,833,885,981,460,521,245,129,116,
8600,983,485,498,1720,838,882,1965,964,1001,1719,833,886,981,460,521,246,130,116,
8605,984,485,499,1720,838,882,1966,965,1001,1720,834,886,983,460,523,246,130,116,
8610,984,485,499,1721,839,882,1967,966,1001,1721,835,886,984,460,524,246,130,116,
8615,984,485,499,1723,839,884,1968,966,1002,1722,836,886,984,460,524,246,130,116,
8620,985,485,500,1724,839,885,1970,966,1004,1723,836,887,984,460,524,246,130,116,
8625,986,486,500,1724,839,885,1970,966,1004,1724,837,887,984,460,524,246,130,116,
8630,987,487,500,1726,841,885,1973,967,1006,1725,837,888,985,461,524,246,130,116,
8635,987,487,500,1727,842,885,1973,967,1006,1726,837,889,985,461,524,247,131,116,
8640,988,488,500,1727,842,885,1974,967,1007,1727,837,890,987,461,526,247,131,116,
8645,988,488,500,1728,842,886,1975,967,1008,1728,838,890,988,461,527,247,131,116,
8650,988,488,500,1730,843,887,1976,967,1009,1729,839,890,988,461,527,247,131,116,
8655,989,489,500,1731,844,887,1978,967,1011,1730,840,890,988,461,527,247,131,116,
8660,990,489,501,1731,844,887,1978,967,1011,1731,840,891,988,461,527,247,131,116,
8665,991,489,502,1733,845,888,1981,969,1012,1732,841,891,989,461,528,247,131,116,
8670,991,489,502,1734,846,888,1981,969,1012,1733,842,891,989,461,528,248,132,116,
8675,992,490,502,1734,846,888,1982,970,1012,1734,842,892,991,463,528,248,132,116,
8680,992,490,502,1735,846,889,1983,970,1013,1735,842,893,992,464,528,248,132,116,
8685,992,490,502,1737,848,889,1984,971,1013,1736,843,893,992,464,528,248,132,116,
8690,993,491,502,1738,849,889,1986,972,1014,1737,843,894,992,464,528,248,132,116,
8695,994,492,502,1738,849,889,1986,972,1014,1738,844,894,992,464,528,248,132,116,
8700,995,493,502,1740,851,889,1989,975,1014,1739,845,894,993,464,529,248,132,116,
8705,995,493,502,1741,851,890,1989,975,1014,1740,846,894,993,464,529,249,133,116,
8710,996,493,503,1741,851,890,1990,976,1014,1741,846,895,995,466,529,249,133,116,
8715,996,493,503,1742,852,890,1991,976,1015,1742,847,895,996,467,529,249,133,116,
8720,996,493,503,1744,853,891,1992,977,1015,1743,847,896,996,467,529,249,133,116,
8725,997,494,503,1745,853,892,1994,978,1016,1744,847,897,996,467,529,249,133,116,
8730,998,495,503,1745,853,892,1994,978,1016,1745,848,897,996,467,529,249,133,116,
8735,999,496,503,1747,854,893,1997,979,1018,1746,848,898,997,468,529,249,133,116,
8740,999,496,503,1748,854,894,1997,979,1018,1747,848,899,997,468,529,250,133,117,
8745,1000,496,504,1748,854,894,1998,979,1019,1748,849,899,999,469,530,250,133,117,
8750,1000,496,504,1749,855,894,1999,980,1019,1749,850,899,1000,470,530,250,133,117,
8755,1000,496,504,1751,855,896,2000,980,1020,1750,851,899,1000,470,530,250,133,117,
8760,1001,496,505,1752,856,896,2002,980,1022,1751,852,899,1000,470,530,250,133,117,
8765,1002,496,506,1752,856,896,2002,980,1022,1752,853,899,1000,470,530,250,133,117,
8770,1003,497,506,1754,858,896,2005,981,1024,1753,854,899,1001,470,531,250,133,117,
8775,1003,497,506,1755,858,897,2005,981,1024,1754,854,900,1001,470,531,251,133,118,
8780,1004,497,507,1755,858,897,2006,981,1025,1755,855,900,1003,470,533,251,133,118,
8785,1004,497,507,1756,859,897,2007,981,1026,1756,856,900,1004,471,533,251,133,118,
8790,1004,497,507,1758,860,898,2008,981,1027,1757,856,901,1004,471,533,251,133,118,
8795,1005,497,508,1759,860,899,2010,981,1029,1758,856,902,1004,471,533,251,133,118,
8800,1006,497,509,1759,860,899,2010,981,1029,1759,857,902,1004,471,533,251,133,118,
8805,1007,498,509,1761,861,900,2013,981,1032,1760,858,902,1005,471,534,251,133,118,
8810,1007,498,509,1762,861,901,2013,981,1032,1761,858,903,1005,471,534,252,133,119,
8815,1008,498,510,1762,861,901,2014,981,1033,1762,858,904,1007,472,535,252,133,119,
8820,1008,498,510,1763,862,901,2015,982,1033,1763,859,904,1008,473,535,252,133,119,
8825,1008,498,510,1765,863,902,2016,982,1034,1764,859,905,1008,473,535,252,133,119,
8830,1009,499,510,1766,864,902,2018,982,1036,1765,860,905,1008,473,535,252,133,119,
8835,1010,500,510,1766,864,902,2018,982,1036,1766,861,905,1008,473,535,252,133,119,
8840,1011,500,511,1768,866,902,2021,984,1037,1767,862,905,1009,473,536,252,133,119,
8845,1011,500,511,1769,867,902,2021,984,1037,1768,863,905,1009,473,536,253,133,120,
8850,1012,500,512,1769,867,902,2022,984,1038,1769,863,906,1011,475,536,253,133,120,
8855,1012,500,512,1770,868,902,2023,985,1038,1770,863,907,1012,475,537,253,133,120,
8860,1012,500,512,1772,869,903,2024,985,1039,1771,864,907,1012,475,537,253,133,120,
8865,1013,500,513,1773,870,903,2026,987,1039,1772,865,907,1012,475,537,253,133,120,
8870,1014,501,513,1773,870,903,2026,987,1039,1773,866,907,1012,475,537,253,133,120,
8875,1015,502,513,1775,870,905,2029,989,1040,1774,867,907,1013,476,537,253,133,120,
8880,1015,502,513,1776,871,905,2029,989,1040,1775,868,907,1013,476,537,254,133,121,
8885,1016,502,514,1776,871,905,2030,990,1040,1776,868,908,1015,477,538,254,133,121,
8890,1016,502,514,1777,871,906,2031,990,1041,1777,868,909,1016,477,539,254,133,121,
8895,1016,502,514,1779,871,908,2032,991,1041,1778,869,909,1016,477,539,254,133,121,
8900,1017,502,515,1780,871,909,2034,992,1042,1779,869,910,1016,477,539,254,133,121,
8905,1018,502,516,1780,871,909,2034,992,1042,1780,869,911,1016,477,539,254,133,121,
8910,1019,503,516,1782,872,910,2037,994,1043,1781,870,911,1017,477,540,254,133,121,
8915,1019,503,516,1783,873,910,2037,994,1043,1782,871,911,1017,477,540,255,134,121,
8920,1020,504,516,1783,873,910,2038,995,1043,1783,872,911,1019,477,542,255,134,121,
8925,1020,504,516,1784,873,911,2039,996,1043,1784,872,912,1020,477,543,255,134,121,
8930,1020,504,516,1786,874,912,2040,997,1043,1785,873,912,1020,477,543,255,134,121,
8935,1021,505,516,1787,875,912,2042,999,1043,1786,873,913,1020,477,543,255,134,121,
8940,1022,505,517,1787,875,912,2042,999,1043,1787,874,913,1020,477,543,255,134,121,
8945,1023,505,518,1789,876,913,2045,999,1046,1788,874,914,1021,478,543,255,134,121,
8950,1023,505,518,1790,876,914,2045,999,1046,1789,874,915,1021,478,543,256,135,121,
8955,1024,505,519,1790,876,914,2046,1000,1046,1790,875,915,1023,479,544,256,135,121,
8960,1024,505,519,1791,876,915,2047,1001,1046,1791,875,916,1024,479,545,256,135,121,
8965,1024,505,519,1793,877,916,2048,1001,1047,1792,876,916,1024,479,545,256,135,121,
8970,1025,506,519,1794,877,917,2050,1003,1047,1793,877,916,1024,479,545,256,135,121,
8975,1026,507,519,1794,877,917,2050,1003,1047,1794,878,916,1024,479,545,256,135,121,
8980,1027,507,520,1796,878,918,2053,1003,1050,1795,878,917,1025,480,545,256,135,121,
8985,1027,507,520,1797,879,918,2053,1003,1050,1796,878,918,1025,480,545,257,136,121,
8990,1028,507,521,1797,879,918,2054,1003,1051,1797,878,919,1027,481,546,257,136,121,
8995,1028,507,521,1798,880,918,2055,1004,1051,1798,878,920,1028,481,547,257,136,121,
9000,1028,507,521,1800,880,920,2056,1004,1052,1799,879,920,1028,481,547,257,136,121,
9005,1029,507,522,1801,880,921,2058,1005,1053,1800,880,920,1028,481,547,257,136,121,
9010,1030,508,522,1801,880,921,2058,1005,1053,1801,881,920,1028,481,547,257,136,121,
9015,1031,508,523,1803,881,922,2061,1007,1054,1802,882,920,1029,481,548,257,136,121,
9020,1031,508,523,1804,881,923,2061,1007,1054,1803,882,921,1029,481,548,258,136,122,
9025,1032,509,523,1804,881,923,2062,1007,1055,1804,882,922,1031,482,549,258,136,122,
9030,1032,509,523,1805,882,923,2063,1008,1055,1805,882,923,1032,483,549,258,136,122,
9035,1032,509,523,1807,883,924,2064,1008,1056,1806,883,923,1032,483,549,258,136,122,
9040,1033,509,524,1808,883,925,2066,1008,1058,1807,883,924,1032,483,549,258,136,122,
9045,1034,509,525,1808,883,925,2066,1008,1058,1808,883,925,1032,483,549,258,136,122,
9050,1035,509,526,1810,883,927,2069,1009,1060,1809,883,926,1033,484,549,258,136,122,
9055,1035,509,526,1811,883,928,2069,1009,1060,1810,884,926,1033,484,549,259,137,122,
9060,1036,510,526,1811,883,928,2070,1009,1061,1811,885,926,1035,484,551,259,137,122,
9065,1036,510,526,1812,883,929,2071,1010,1061,1812,885,927,1036,484,552,259,137,122,
9070,1036,510,526,1814,884,930,2072,1011,1061,1813,886,927,1036,484,552,259,137,122,
9075,1037,510,527,1815,884,931,2074,1012,1062,1814,886,928,1036,484,552,259,137,122,
9080,1038,511,527,1815,884,931,2074,1012,1062,1815,886,929,1036,484,552,259,137,122,
9085,1039,511,528,1817,884,933,2077,1014,1063,1816,886,930,1037,485,552,259,137,122,
9090,1039,511,528,1818,885,933,2077,1014,1063,1817,887,930,1037,485,552,260,137,123,
9095,1040,512,528,1818,885,933,2078,1014,1064,1818,887,931,1039,485,554,260,137,123,
9100,1040,512,528,1819,885,934,2079,1014,1065,1819,887,932,1040,485,555,260,137,123,
9105,1040,512,528,1821,887,934,2080,1015,1065,1820,887,933,1040,485,555,260,137,123,
9110,1041,513,528,1822,887,935,2082,1015,1067,1821,887,934,1040,485,555,260,137,123,
9115,1042,513,529,1822,887,935,2082,1015,1067,1822,888,934,1040,485,555,260,137,123,
9120,1043,514,529,1824,888,936,2085,1017,1068,1823,889,934,1041,486,555,260,137,123,
9125,1043,514,529,1825,888,937,2085,1017,1068,1824,890,934,1041,486,555,261,137,124,
9130,1044,515,529,1825,888,937,2086,1017,1069,1825,891,934,1043,486,557,261,137,124,
9135,1044,515,529,1826,888,938,2087,1017,1070,1826,891,935,1044,487,557,261,137,124,
9140,1044,515,529,1828,888,940,2088,1017,1071,1827,891,936,1044,487,557,261,137,124,
9145,1045,515,530,1829,888,941,2090,1019,1071,1828,891,937,1044,487,557,261,137,124,
9150,1046,515,531,1829,888,941,2090,1019,1071,1829,892,937,1044,487,557,261,137,124,
9155,1047,516,531,1831,890,941,2093,1021,1072,1830,893,937,1045,488,557,261,137,124,
9160,1047,516,531,1832,891,941,2093,1021,1072,1831,893,938,1045,488,557,262,137,125,
9165,1048,517,531,1832,891,941,2094,1022,1072,1832,893,939,1047,490,557,262,137,125,
9170,1048,517,531,1833,892,941,2095,1022,1073,1833,894,939,1048,491,557,262,137,125,
9175,1048,517,531,1835,893,942,2096,1022,1074,1834,895,939,1048,491,557,262,137,125,
9180,1049,517,532,1836,893,943,2098,1024,1074,1835,895,940,1048,491,557,262,137,125,
9185,1050,518,532,1836,893,943,2098,1024,1074,1836,895,941,1048,491,557,262,137,125,
9190,1051,518,533,1838,895,943,2101,1025,1076,1837,896,941,1049,492,557,262,137,125,
9195,1051,518,533,1839,895,944,2101,1025,1076,1838,896,942,1049,492,557,263,137,126,
9200,1052,518,534,1839,895,944,2102,1025,1077,1839,897,942,1051,494,557,263,137,126,
9205,1052,518,534,1840,896,944,2103,1026,1077,1840,898,942,1052,494,558,263,137,126,
9210,1052,518,534,1842,898,944,2104,1026,1078,1841,899,942,1052,494,558,263,137,126,
9215,1053,519,534,1843,898,945,2106,1027,1079,1842,900,942,1052,494,558,263,137,126,
9220,1054,520,534,1843,898,945,2106,1027,1079,1843,900,943,1052,494,558,263,137,126,
9225,1055,520,535,1845,900,945,2109,1029,1080,1844,900,944,1053,495,558,263,137,126,
9230,1055,520,535,1846,901,945,2109,1029,1080,1845,900,945,1053,495,558,264,137,127,
9235,1056,520,536,1846,901,945,2110,1030,1080,1846,901,945,1055,497,558,264,137,127,
9240,1056,520,536,1847,902,945,2111,1030,1081,1847,901,946,1056,497,559,264,137,127,
9245,1056,520,536,1849,903,946,2112,1030,1082,1848,901,947,1056,497,559,264,137,127,
9250,1057,520,537,1850,904,946,2114,1031,1083,1849,901,948,1056,497,559,264,137,127,
9255,1058,520,538,1850,904,946,2114,1031,1083,1850,902,948,1056,497,559,264,137,127,
9260,1059,520,539,1852,904,948,2117,1033,1084,1851,903,948,1057,497,560,264,137,127,
9265,1059,520,539,1853,904,949,2117,1033,1084,1852,904,948,1057,497,560,265,138,127,
9270,1060,521,539,1853,904,949,2118,1034,1084,1853,904,949,1059,499,560,265,138,127,
9275,1060,521,539,1854,905,949,2119,1034,1085,1854,905,949,1060,500,560,265,138,127,
9280,1060,521,539,1856,905,951,2120,1034,1086,1855,905,950,1060,500,560,265,138,127,
9285,1061,521,540,1857,905,952,2122,1035,1087,1856,906,950,1060,500,560,265,138,127,
9290,1062,522,540,1857,905,952,2122,1035,1087,1857,907,950,1060,500,560,265,138,127,
9295,1063,522,541,1859,905,954,2125,1037,1088,1858,907,951,1061,500,561,265,138,127,
9300,1063,522,541,1860,906,954,2125,1037,1088,1859,907,952,1061,500,561,266,138,128,
9305,1064,522,542,1860,906,954,2126,1038,1088,1860,908,952,1063,501,562,266,138,128,
9310,1064,522,542,1861,906,955,2127,1038,1089,1861,908,953,1064,501,563,266,138,128,
9315,1064,522,542,1863,906,957,2128,1039,1089,1862,909,953,1064,501,563,266,138,128,
9320,1065,522,543,1864,907,957,2130,1039,1091,1863,909,954,1064,501,563,266,138,128,
9325,1066,522,544,1864,907,957,2130,1039,1091,1864,910,954,1064,501,563,266,138,128,
9330,1067,523,544,1866,908,958,2133,1041,1092,1865,910,955,1065,502,563,266,138,128,
9335,1067,523,544,1867,908,959,2133,1041,1092,1866,910,956,1065,502,563,267,139,128,
9340,1068,523,545,1867,908,959,2134,1041,1093,1867,910,957,1067,502,565,267,139,128,
9345,1068,523,545,1868,909,959,2135,1041,1094,1868,911,957,1068,503,565,267,139,128,
9350,1068,523,545,1870,911,959,2136,1042,1094,1869,912,957,1068,503,565,267,139,128,
9355,1069,523,546,1871,911,960,2138,1043,1095,1870,912,958,1068,503,565,267,139,128,
9360,1070,524,546,1871,911,960,2138,1043,1095,1871,912,959,1068,503,565,267,139,128,
9365,1071,525,546,1873,911,962,2141,1044,1097,1872,912,960,1069,504,565,267,139,128,
9370,1071,525,546,1874,912,962,2141,1044,1097,1873,912,961,1069,504,565,268,140,128,
9375,1072,526,546,1874,912,962,2142,1045,1097,1874,913,961,1071,505,566,268,140,128,
9380,1072,526,546,1875,913,962,2143,1045,1098,1875,913,962,1072,506,566,268,140,128,
9385,1072,526,546,1877,915,962,2144,1045,1099,1876,914,962,1072,506,566,268,140,128,
9390,1073,526,547,1878,916,962,2146,1046,1100,1877,915,962,1072,506,566,268,140,128,
9395,1074,527,547,1878,916,962,2146,1046,1100,1878,916,962,1072,506,566,268,140,128,
9400,1075,527,548,1880,917,963,2149,1046,1103,1879,916,963,1073,506,567,268,140,128,
9405,1075,527,548,1881,918,963,2149,1046,1103,1880,916,964,1073,506,567,269,140,129,
9410,1076,528,548,1881,918,963,2150,1047,1103,1881,916,965,1075,506,569,269,140,129,
9415,1076,528,548,1882,918,964,2151,1047,1104,1882,916,966,1076,506,570,269,140,129,
9420,1076,528,548,1884,919,965,2152,1048,1104,1883,916,967,1076,506,570,269,140,129,
9425,1077,529,548,1885,920,965,2154,1049,1105,1884,917,967,1076,506,570,269,140,129,
9430,1078,529,549,1885,920,965,2154,1049,1105,1885,918,967,1076,506,570,269,140,129,
9435,1079,529,550,1887,921,966,2157,1050,1107,1886,918,968,1077,507,570,269,140,129,
9440,1079,529,550,1888,921,967,2157,1050,1107,1887,919,968,1077,507,570,270,141,129,
9445,1080,529,551,1888,921,967,2158,1051,1107,1888,920,968,1079,507,572,270,141,129,
9450,1080,529,551,1889,921,968,2159,1051,1108,1889,920,969,1080,507,573,270,141,129,
9455,1080,529,551,1891,923,968,2160,1051,1109,1890,921,969,1080,507,573,270,141,129,
9460,1081,529,552,1892,924,968,2162,1051,1111,1891,922,969,1080,507,573,270,141,129,
9465,1082,530,552,1892,924,968,2162,1051,1111,1892,922,970,1080,507,573,270,141,129,
9470,1083,531,552,1894,925,969,2165,1053,1112,1893,922,971,1081,507,574,270,141,129,
9475,1083,531,552,1895,926,969,2165,1053,1112,1894,923,971,1081,507,574,271,142,129,
9480,1084,531,553,1895,926,969,2166,1054,1112,1895,923,972,1083,508,575,271,142,129,
9485,1084,531,553,1896,927,969,2167,1054,1113,1896,924,972,1084,508,576,271,142,129,
9490,1084,531,553,1898,927,971,2168,1055,1113,1897,924,973,1084,508,576,271,142,129,
9495,1085,531,554,1899,928,971,2170,1057,1113,1898,924,974,1084,508,576,271,142,129,
9500,1086,532,554,1899,928,971,2170,1057,1113,1899,924,975,1084,508,576,271,142,129,
9505,1087,532,555,1901,929,972,2173,1058,1115,1900,924,976,1085,509,576,271,142,129,
9510,1087,532,555,1902,930,972,2173,1058,1115,1901,925,976,1085,509,576,272,143,129,
9515,1088,532,556,1902,930,972,2174,1059,1115,1902,925,977,1087,511,576,272,143,129,
9520,1088,532,556,1903,931,972,2175,1059,1116,1903,925,978,1088,512,576,272,143,129,
9525,1088,532,556,1905,933,972,2176,1060,1116,1904,925,979,1088,512,576,272,143,129,
9530,1089,533,556,1906,933,973,2178,1060,1118,1905,926,979,1088,512,576,272,143,129,
9535,1090,533,557,1906,933,973,2178,1060,1118,1906,926,980,1088,512,576,272,143,129,
9540,1091,534,557,1908,934,974,2181,1061,1120,1907,927,980,1089,513,576,272,143,129,
9545,1091,534,557,1909,934,975,2181,1061,1120,1908,928,980,1089,513,576,273,143,130,
9550,1092,535,557,1909,934,975,2182,1061,1121,1909,929,980,1091,515,576,273,143,130,
9555,1092,535,557,1910,935,975,2183,1061,1122,1910,929,981,1092,515,577,273,143,130,
9560,1092,535,557,1912,936,976,2184,1061,1123,1911,929,982,1092,515,577,273,143,130,
9565,1093,535,558,1913,936,977,2186,1061,1125,1912,929,983,1092,515,577,273,143,130,
9570,1094,535,559,1913,936,977,2186,1061,1125,1913,930,983,1092,515,577,273,143,130,
9575,1095,536,559,1915,936,979,2189,1063,1126,1914,930,984,1093,516,577,273,143,130,
9580,1095,536,559,1916,937,979,2189,1063,1126,1915,931,984,1093,516,577,274,144,130,
9585,1096,537,559,1916,937,979,2190,1064,1126,1916,931,985,1095,517,578,274,144,130,
9590,1096,537,559,1917,938,979,2191,1065,1126,1917,932,985,1096,517,579,274,144,130,
9595,1096,537,559,1919,938,981,2192,1066,1126,1918,933,985,1096,517,579,274,144,130,
9600,1097,537,560,1920,938,982,2194,1068,1126,1919,934,985,1096,517,579,274,144,130,
9605,1098,538,560,1920,938,982,2194,1068,1126,1920,934,986,1096,517,579,274,144,130,
9610,1099,539,560,1922,939,983,2197,1069,1128,1921,934,987,1097,518,579,274,144,130,
9615,1099,539,560,1923,940,983,2197,1069,1128,1922,935,987,1097,518,579,275,145,130,
9620,1100,540,560,1923,940,983,2198,1069,1129,1923,935,988,1099,518,581,275,145,130,
9625,1100,540,560,1924,941,983,2199,1070,1129,1924,935,989,1100,518,582,275,145,130,
9630,1100,540,560,1926,941,985,2200,1071,1129,1925,936,989,1100,518,582,275,145,130,
9635,1101,541,560,1927,941,986,2202,1072,1130,1926,936,990,1100,518,582,275,145,130,
9640,1102,541,561,1927,941,986,2202,1072,1130,1927,937,990,1100,518,582,275,145,130,
9645,1103,542,561,1929,942,987,2205,1073,1132,1928,938,990,1101,519,582,275,145,130,
9650,1103,542,561,1930,943,987,2205,1073,1132,1929,938,991,1101,519,582,276,145,131,
9655,1104,542,562,1930,943,987,2206,1073,1133,1930,939,991,1103,519,584,276,145,131,
9660,1104,542,562,1931,944,987,2207,1073,1134,1931,939,992,1104,520,584,276,145,131,
9665,1104,542,562,1933,946,987,2208,1074,1134,1932,940,992,1104,520,584,276,145,131,
9670,1105,543,562,1934,947,987,2210,1075,1135,1933,940,993,1104,520,584,276,145,131,
9675,1106,544,562,1934,947,987,2210,1075,1135,1934,940,994,1104,520,584,276,145,131,
9680,1107,545,562,1936,948,988,2213,1077,1136,1935,940,995,1105,520,585,276,145,131,
9685,1107,545,562,1937,949,988,2213,1077,1136,1936,940,996,1105,520,585,277,145,132,
9690,1108,546,562,1937,949,988,2214,1077,1137,1937,941,996,1107,521,586,277,145,132,
9695,1108,546,562,1938,949,989,2215,1077,1138,1938,942,996,1108,522,586,277,145,132,
9700,1108,546,562,1940,950,990,2216,1078,1138,1939,942,997,1108,522,586,277,145,132,
9705,1109,547,562,1941,951,990,2218,1080,1138,1940,942,998,1108,522,586,277,145,132,
9710,1110,548,562,1941,951,990,2218,1080,1138,1941,942,999,1108,522,586,277,145,132,
9715,1111,549,562,1943,952,991,2221,1083,1138,1942,942,1000,1109,523,586,277,145,132,
9720,1111,549,562,1944,952,992,2221,1083,1138,1943,943,1000,1109,523,586,278,146,132,
9725,1112,550,562,1944,952,992,2222,1083,1139,1944,943,1001,1111,524,587,278,146,132,
9730,1112,550,562,1945,952,993,2223,1084,1139,1945,944,1001,1112,524,588,278,146,132,
9735,1112,550,562,1947,953,994,2224,1084,1140,1946,945,1001,1112,524,588,278,146,132,
9740,1113,550,563,1948,954,994,2226,1085,1141,1947,945,1002,1112,524,588,278,146,132,
9745,1114,551,563,1948,954,994,2226,1085,1141,1948,945,1003,1112,524,588,278,146,132,
9750,1115,552,563,1950,955,995,2229,1088,1141,1949,946,1003,1113,525,588,278,146,132,
9755,1115,552,563,1951,956,995,2229,1088,1141,1950,946,1004,1113,525,588,279,147,132,
9760,1116,553,563,1951,956,995,2230,1089,1141,1951,946,1005,1115,525,590,279,147,132,
9765,1116,553,563,1952,956,996,2231,1089,1142,1952,946,1006,1116,526,590,279,147,132,
9770,1116,553,563,1954,957,997,2232,1090,1142,1953,946,1007,1116,526,590,279,147,132,
9775,1117,554,563,1955,958,997,2234,1090,1144,1954,946,1008,1116,526,590,279,147,132,
9780,1118,554,564,1955,958,997,2234,1090,1144,1955,947,1008,1116,526,590,279,147,132,
9785,1119,555,564,1957,959,998,2237,1091,1146,1956,948,1008,1117,526,591,279,147,132,
9790,1119,555,564,1958,959,999,2237,1091,1146,1957,949,1008,1117,526,591,280,147,133,
9795,1120,556,564,1958,959,999,2238,1092,1146,1958,949,1009,1119,528,591,280,147,133,
9800,1120,556,564,1959,960,999,2239,1092,1147,1959,949,1010,1120,529,591,280,147,133,
9805,1120,556,564,1961,961,1000,2240,1093,1147,1960,949,1011,1120,529,591,280,147,133,
9810,1121,556,565,1962,961,1001,2242,1093,1149,1961,950,1011,1120,529,591,280,147,133,
9815,1122,557,565,1962,961,1001,2242,1093,1149,1962,951,1011,1120,529,591,280,147,133,
9820,1123,558,565,1964,963,1001,2245,1093,1152,1963,952,1011,1121,529,592,280,147,133,
9825,1123,558,565,1965,963,1002,2245,1093,1152,1964,953,1011,1121,529,592,281,148,133,
9830,1124,558,566,1965,963,1002,2246,1094,1152,1965,954,1011,1123,530,593,281,148,133,
9835,1124,558,566,1966,964,1002,2247,1095,1152,1966,954,1012,1124,530,594,281,148,133,
9840,1124,558,566,1968,965,1003,2248,1095,1153,1967,954,1013,1124,530,594,281,148,133,
9845,1125,558,567,1969,965,1004,2250,1095,1155,1968,954,1014,1124,530,594,281,148,133,
9850,1126,558,568,1969,965,1004,2250,1095,1155,1969,955,1014,1124,530,594,281,148,133,
9855,1127,558,569,1971,965,1006,2253,1096,1157,1970,955,1015,1125,530,595,281,148,133,
9860,1127,558,569,1972,966,1006,2253,1096,1157,1971,955,1016,1125,530,595,282,148,134,
9865,1128,559,569,1972,966,1006,2254,1097,1157,1972,955,1017,1127,531,596,282,148,134,
9870,1128,559,569,1973,967,1006,2255,1097,1158,1973,955,1018,1128,531,597,282,148,134,
9875,1128,559,569,1975,967,1008,2256,1098,1158,1974,955,1019,1128,531,597,282,148,134,
9880,1129,560,569,1976,968,1008,2258,1098,1160,1975,955,1020,1128,531,597,282,148,134,
9885,1130,560,570,1976,968,1008,2258,1098,1160,1976,956,1020,1128,531,597,282,148,134,
9890,1131,560,571,1978,970,1008,2261,1099,1162,1977,957,1020,1129,532,597,282,148,134,
9895,1131,560,571,1979,970,1009,2261,1099,1162,1978,957,1021,1129,532,597,283,149,134,
9900,1132,560,572,1979,970,1009,2262,1100,1162,1979,957,1022,1131,533,598,283,149,134,
9905,1132,560,572,1980,970,1010,2263,1100,1163,1980,957,1023,1132,534,598,283,149,134,
9910,1132,560,572,1982,972,1010,2264,1101,1163,1981,957,1024,1132,534,598,283,149,134,
9915,1133,561,572,1983,973,1010,2266,1103,1163,1982,958,1024,1132,534,598,283,149,134,
9920,1134,562,572,1983,973,1010,2266,1103,1163,1983,959,1024,1132,534,598,283,149,134,
9925,1135,562,573,1985,973,1012,2269,1105,1164,1984,959,1025,1133,534,599,283,149,134,
9930,1135,562,573,1986,974,1012,2269,1105,1164,1985,959,1026,1133,534,599,284,149,135,
9935,1136,563,573,1986,974,1012,2270,1105,1165,1986,960,1026,1135,535,600,284,149,135,
9940,1136,563,573,1987,975,1012,2271,1105,1166,1987,961,1026,1136,535,601,284,149,135,
9945,1136,563,573,1989,975,1014,2272,1105,1167,1988,962,1026,1136,535,601,284,149,135,
9950,1137,563,574,1990,976,1014,2274,1106,1168,1989,963,1026,1136,535,601,284,149,135,
9955,1138,564,574,1990,976,1014,2274,1106,1168,1990,964,1026,1136,535,601,284,149,135,
9960,1139,564,575,1992,977,1015,2277,1108,1169,1991,965,1026,1137,535,602,284,149,135,
9965,1139,564,575,1993,977,1016,2277,1108,1169,1992,965,1027,1137,535,602,285,150,135,
9970,1140,565,575,1993,977,1016,2278,1108,1170,1993,966,1027,1139,536,603,285,150,135,
9975,1140,565,575,1994,978,1016,2279,1109,1170,1994,966,1028,1140,536,604,285,150,135,
9980,1140,565,575,1996,978,1018,2280,1110,1170,1995,966,1029,1140,536,604,285,150,135,
9985,1141,565,576,1997,978,1019,2282,1110,1172,1996,966,1030,1140,536,604,285,150,135,
9990,1142,565,577,1997,978,1019,2282,1110,1172,1997,967,1030,1140,536,604,285,150,135,
9995,1143,566,577,1999,978,1021,2285,1113,1172,1998,967,1031,1141,537,604,285,150,135,
10000,1143,566,577,2000,978,1022,2285,1113,1172,1999,968,1031,1141,537,604,286,150,136,
10005,1144,566,578,2000,978,1022,2286,1114,1172,2000,968,1032,1143,537,606,286,150,136,
10010,1144,566,578,2001,978,1023,2287,1114,1173,2001,968,1033,1144,537,607,286,150,136,
10015,1144,566,578,2003,979,1024,2288,1114,1174,2002,968,1034,1144,537,607,286,150,136,
10020,1145,566,579,2004,979,1025,2290,1116,1174,2003,968,1035,1144,537,607,286,150,136,
10025,1146,566,580,2004,979,1025,2290,1116,1174,2004,969,1035,1144,537,607,286,150,136,
10030,1147,567,580,2006,980,1026,2293,1118,1175,2005,969,1036,1145,538,607,286,150,136,
10035,1147,567,580,2007,980,1027,2293,1118,1175,2006,969,1037,1145,538,607,287,151,136,
10040,1148,567,581,2007,980,1027,2294,1119,1175,2007,970,1037,1147,539,608,287,151,136,
10045,1148,567,581,2008,980,1028,2295,1119,1176,2008,970,1038,1148,539,609,287,151,136,
10050,1148,567,581,2010,980,1030,2296,1120,1176,2009,971,1038,1148,539,609,287,151,136,
10055,1149,567,582,2011,981,1030,2298,1122,1176,2010,971,1039,1148,539,609,287,151,136,
10060,1150,567,583,2011,981,1030,2298,1122,1176,2011,971,1040,1148,539,609,287,151,136,
10065,1151,568,583,2013,982,1031,2301,1124,1177,2012,971,1041,1149,539,610,287,151,136,
10070,1151,568,583,2014,983,1031,2301,1124,1177,2013,972,1041,1149,539,610,288,152,136,
10075,1152,569,583,2014,983,1031,2302,1124,1178,2014,973,1041,1151,541,610,288,152,136,
10080,1152,569,583,2015,983,1032,2303,1124,1179,2015,974,1041,1152,542,610,288,152,136,
10085,1152,569,583,2017,985,1032,2304,1124,1180,2016,975,1041,1152,542,610,288,152,136,
10090,1153,570,583,2018,985,1033,2306,1125,1181,2017,976,1041,1152,542,610,288,152,136,
10095,1154,570,584,2018,985,1033,2306,1125,1181,2018,977,1041,1152,542,610,288,152,136,
10100,1155,570,585,2020,986,1034,2309,1126,1183,2019,977,1042,1153,542,611,288,152,136,
10105,1155,570,585,2021,986,1035,2309,1126,1183,2020,977,1043,1153,542,611,289,152,137,
10110,1156,570,586,2021,986,1035,2310,1127,1183,2021,978,1043,1155,543,612,289,152,137,
10115,1156,570,586,2022,987,1035,2311,1128,1183,2022,979,1043,1156,543,613,289,152,137,
10120,1156,570,586,2024,988,1036,2312,1128,1184,2023,979,1044,1156,543,613,289,152,137,
10125,1157,570,587,2025,988,1037,2314,1129,1185,2024,979,1045,1156,543,613,289,152,137,
10130,1158,571,587,2025,988,1037,2314,1129,1185,2025,979,1046,1156,543,613,289,152,137,
10135,1159,571,588,2027,989,1038,2317,1129,1188,2026,980,1046,1157,544,613,289,152,137,
10140,1159,571,588,2028,989,1039,2317,1129,1188,2027,980,1047,1157,544,613,290,152,138,
10145,1160,572,588,2028,989,1039,2318,1130,1188,2028,980,1048,1159,544,615,290,152,138,
10150,1160,572,588,2029,989,1040,2319,1130,1189,2029,981,1048,1160,544,616,290,152,138,
10155,1160,572,588,2031,990,1041,2320,1130,1190,2030,981,1049,1160,544,616,290,152,138,
10160,1161,572,589,2032,991,1041,2322,1130,1192,2031,982,1049,1160,544,616,290,152,138,
10165,1162,572,590,2032,991,1041,2322,1130,1192,2032,983,1049,1160,544,616,290,152,138,
10170,1163,573,590,2034,992,1042,2325,1133,1192,2033,983,1050,1161,544,617,290,152,138,
10175,1163,573,590,2035,992,1043,2325,1133,1192,2034,983,1051,1161,544,617,291,153,138,
10180,1164,573,591,2035,992,1043,2326,1133,1193,2035,983,1052,1163,545,618,291,153,138,
10185,1164,573,591,2036,993,1043,2327,1133,1194,2036,983,1053,1164,546,618,291,153,138,
10190,1164,573,591,2038,995,1043,2328,1134,1194,2037,984,1053,1164,546,618,291,153,138,
10195,1165,573,592,2039,996,1043,2330,1135,1195,2038,985,1053,1164,546,618,291,153,138,
10200,1166,573,593,2039,996,1043,2330,1135,1195,2039,985,1054,1164,546,618,291,153,138,
10205,1167,574,593,2041,996,1045,2333,1136,1197,2040,985,1055,1165,547,618,291,153,138,
10210,1167,574,593,2042,997,1045,2333,1136,1197,2041,986,1055,1165,547,618,292,154,138,
10215,1168,574,594,2042,997,1045,2334,1136,1198,2042,987,1055,1167,549,618,292,154,138,
10220,1168,574,594,2043,997,1046,2335,1136,1199,2043,988,1055,1168,550,618,292,154,138,
10225,1168,574,594,2045,998,1047,2336,1137,1199,2044,989,1055,1168,550,618,292,154,138,
10230,1169,575,594,2046,998,1048,2338,1138,1200,2045,990,1055,1168,550,618,292,154,138,
10235,1170,576,594,2046,998,1048,2338,1138,1200,2046,990,1056,1168,550,618,292,154,138,
10240,1171,577,594,2048,999,1049,2341,1140,1201,2047,990,1057,1169,550,619,292,154,138,
10245,1171,577,594,2049,999,1050,2341,1140,1201,2048,991,1057,1169,550,619,293,155,138,
10250,1172,577,595,2049,999,1050,2342,1141,1201,2049,992,1057,1171,551,620,293,155,138,
10255,1172,577,595,2050,1000,1050,2343,1142,1201,2050,992,1058,1172,552,620,293,155,138,
10260,1172,577,595,2052,1002,1050,2344,1143,1201,2051,993,1058,1172,552,620,293,155,138,
10265,1173,578,595,2053,1003,1050,2346,1145,1201,2052,994,1058,1172,552,620,293,155,138,
10270,1174,578,596,2053,1003,1050,2346,1145,1201,2053,994,1059,1172,552,620,293,155,138,
10275,1175,578,597,2055,1004,1051,2349,1146,1203,2054,994,1060,1173,553,620,293,155,138,
10280,1175,578,597,2056,1005,1051,2349,1146,1203,2055,995,1060,1173,553,620,294,155,139,
10285,1176,578,598,2056,1005,1051,2350,1147,1203,2056,996,1060,1175,554,621,294,155,139,
10290,1176,578,598,2057,1006,1051,2351,1147,1204,2057,997,1060,1176,554,622,294,155,139,
10295,1176,578,598,2059,1007,1052,2352,1148,1204,2058,998,1060,1176,554,622,294,155,139,
10300,1177,578,599,2060,1008,1052,2354,1149,1205,2059,999,1060,1176,554,622,294,155,139,
10305,1178,579,599,2060,1008,1052,2354,1149,1205,2060,1000,1060,1176,554,622,294,155,139,
10310,1179,580,599,2062,1008,1054,2357,1152,1205,2061,1000,1061,1177,555,622,294,155,139,
10315,1179,580,599,2063,1009,1054,2357,1152,1205,2062,1001,1061,1177,555,622,295,156,139,
10320,1180,580,600,2063,1009,1054,2358,1152,1206,2063,1001,1062,1179,555,624,295,156,139,
10325,1180,580,600,2064,1009,1055,2359,1153,1206,2064,1001,1063,1180,556,624,295,156,139,
10330,1180,580,600,2066,1009,1057,2360,1154,1206,2065,1001,1064,1180,556,624,295,156,139,
10335,1181,581,600,2067,1009,1058,2362,1154,1208,2066,1001,1065,1180,556,624,295,156,139,
10340,1182,582,600,2067,1009,1058,2362,1154,1208,2067,1001,1066,1180,556,624,295,156,139,
10345,1183,583,600,2069,1010,1059,2365,1156,1209,2068,1001,1067,1181,557,624,295,156,139,
10350,1183,583,600,2070,1011,1059,2365,1156,1209,2069,1001,1068,1181,557,624,296,156,140,
10355,1184,583,601,2070,1011,1059,2366,1156,1210,2070,1001,1069,1183,558,625,296,156,140,
10360,1184,583,601,2071,1012,1059,2367,1156,1211,2071,1001,1070,1184,559,625,296,156,140,
10365,1184,583,601,2073,1013,1060,2368,1157,1211,2072,1002,1070,1184,559,625,296,156,140,
10370,1185,583,602,2074,1013,1061,2370,1159,1211,2073,1003,1070,1184,559,625,296,156,140,
10375,1186,583,603,2074,1013,1061,2370,1159,1211,2074,1004,1070,1184,559,625,296,156,140,
10380,1187,583,604,2076,1014,1062,2373,1160,1213,2075,1004,1071,1185,560,625,296,156,140,
10385,1187,583,604,2077,1014,1063,2373,1160,1213,2076,1005,1071,1185,560,625,297,157,140,
10390,1188,584,604,2077,1014,1063,2374,1160,1214,2077,1005,1072,1187,561,626,297,157,140,
10395,1188,584,604,2078,1014,1064,2375,1160,1215,2078,1005,1073,1188,561,627,297,157,140,
10400,1188,584,604,2080,1016,1064,2376,1161,1215,2079,1005,1074,1188,561,627,297,157,140,
10405,1189,585,604,2081,1017,1064,2378,1162,1216,2080,1006,1074,1188,561,627,297,157,140,
10410,1190,585,605,2081,1017,1064,2378,1162,1216,2081,1007,1074,1188,561,627,297,157,140,
10415,1191,585,606,2083,1018,1065,2381,1163,1218,2082,1007,1075,1189,561,628,297,157,140,
10420,1191,585,606,2084,1019,1065,2381,1163,1218,2083,1008,1075,1189,561,628,298,158,140,
10425,1192,586,606,2084,1019,1065,2382,1163,1219,2084,1008,1076,1191,563,628,298,158,140,
10430,1192,586,606,2085,1019,1066,2383,1163,1220,2085,1008,1077,1192,564,628,298,158,140,
10435,1192,586,606,2087,1021,1066,2384,1164,1220,2086,1009,1077,1192,564,628,298,158,140,
10440,1193,587,606,2088,1022,1066,2386,1165,1221,2087,1009,1078,1192,564,628,298,158,140,
10445,1194,587,607,2088,1022,1066,2386,1165,1221,2088,1010,1078,1192,564,628,298,158,140,
10450,1195,587,608,2090,1023,1067,2389,1167,1222,2089,1011,1078,1193,565,628,298,158,140,
10455,1195,587,608,2091,1024,1067,2389,1167,1222,2090,1012,1078,1193,565,628,299,158,141,
10460,1196,588,608,2091,1024,1067,2390,1167,1223,2091,1012,1079,1195,566,629,299,158,141,
10465,1196,588,608,2092,1024,1068,2391,1167,1224,2092,1013,1079,1196,566,630,299,158,141,
10470,1196,588,608,2094,1025,1069,2392,1168,1224,2093,1013,1080,1196,566,630,299,158,141,
10475,1197,588,609,2095,1026,1069,2394,1168,1226,2094,1014,1080,1196,566,630,299,158,141,
10480,1198,589,609,2095,1026,1069,2394,1168,1226,2095,1015,1080,1196,566,630,299,158,141,
10485,1199,590,609,2097,1026,1071,2397,1169,1228,2096,1015,1081,1197,567,630,299,158,141,
10490,1199,590,609,2098,1026,1072,2397,1169,1228,2097,1015,1082,1197,567,630,300,158,142,
10495,1200,590,610,2098,1026,1072,2398,1169,1229,2098,1015,1083,1199,567,632,300,158,142,
10500,1200,590,610,2099,1026,1073,2399,1170,1229,2099,1016,1083,1200,567,633,300,158,142,
10505,1200,590,610,2101,1027,1074,2400,1171,1229,2100,1017,1083,1200,567,633,300,158,142,
10510,1201,591,610,2102,1028,1074,2402,1171,1231,2101,1017,1084,1200,567,633,300,158,142,
10515,1202,591,611,2102,1028,1074,2402,1171,1231,2102,1017,1085,1200,567,633,300,158,142,
10520,1203,592,611,2104,1030,1074,2405,1172,1233,2103,1017,1086,1201,568,633,300,158,142,
10525,1203,592,611,2105,1030,1075,2405,1172,1233,2104,1017,1087,1201,568,633,301,158,143,
10530,1204,593,611,2105,1030,1075,2406,1172,1234,2105,1018,1087,1203,570,633,301,158,143,
10535,1204,593,611,2106,1030,1076,2407,1172,1235,2106,1019,1087,1204,570,634,301,158,143,
10540,1204,593,611,2108,1031,1077,2408,1172,1236,2107,1019,1088,1204,570,634,301,158,143,
10545,1205,594,611,2109,1031,1078,2410,1173,1237,2108,1019,1089,1204,570,634,301,158,143,
10550,1206,594,612,2109,1031,1078,2410,1173,1237,2109,1019,1090,1204,570,634,301,158,143,
10555,1207,595,612,2111,1032,1079,2413,1175,1238,2110,1020,1090,1205,570,635,301,158,143,
10560,1207,595,612,2112,1032,1080,2413,1175,1238,2111,1021,1090,1205,570,635,302,158,144,
10565,1208,595,613,2112,1032,1080,2414,1176,1238,2112,1022,1090,1207,570,637,302,158,144,
10570,1208,595,613,2113,1033,1080,2415,1176,1239,2113,1022,1091,1208,571,637,302,158,144,
10575,1208,595,613,2115,1033,1082,2416,1177,1239,2114,1023,1091,1208,571,637,302,158,144,
10580,1209,595,614,2116,1034,1082,2418,1177,1241,2115,1024,1091,1208,571,637,302,158,144,
10585,1210,595,615,2116,1034,1082,2418,1177,1241,2116,1024,1092,1208,571,637,302,158,144,
10590,1211,596,615,2118,1036,1082,2421,1177,1244,2117,1024,1093,1209,571,638,302,158,144,
10595,1211,596,615,2119,1037,1082,2421,1177,1244,2118,1024,1094,1209,571,638,303,159,144,
10600,1212,597,615,2119,1037,1082,2422,1178,1244,2119,1024,1095,1211,573,638,303,159,144,
10605,1212,597,615,2120,1038,1082,2423,1178,1245,2120,1024,1096,1212,573,639,303,159,144,
10610,1212,597,615,2122,1039,1083,2424,1178,1246,2121,1024,1097,1212,573,639,303,159,144,
10615,1213,598,615,2123,1039,1084,2426,1180,1246,2122,1025,1097,1212,573,639,303,159,144,
10620,1214,598,616,2123,1039,1084,2426,1180,1246,2123,1025,1098,1212,573,639,303,159,144,
10625,1215,598,617,2125,1040,1085,2429,1182,1247,2124,1025,1099,1213,574,639,303,159,144,
10630,1215,598,617,2126,1041,1085,2429,1182,1247,2125,1025,1100,1213,574,639,304,160,144,
10635,1216,598,618,2126,1041,1085,2430,1182,1248,2126,1025,1101,1215,575,640,304,160,144,
10640,1216,598,618,2127,1042,1085,2431,1182,1249,2127,1025,1102,1216,575,641,304,160,144,
10645,1216,598,618,2129,1044,1085,2432,1183,1249,2128,1026,1102,1216,575,641,304,160,144,
10650,1217,599,618,2130,1044,1086,2434,1184,1250,2129,1026,1103,1216,575,641,304,160,144,
10655,1218,599,619,2130,1044,1086,2434,1184,1250,2130,1026,1104,1216,575,641,304,160,144,
10660,1219,600,619,2132,1046,1086,2437,1187,1250,2131,1027,1104,1217,575,642,304,160,144,
10665,1219,600,619,2133,1047,1086,2437,1187,1250,2132,1027,1105,1217,575,642,305,161,144,
10670,1220,601,619,2133,1047,1086,2438,1188,1250,2133,1027,1106,1219,576,643,305,161,144,
10675,1220,601,619,2134,1048,1086,2439,1189,1250,2134,1028,1106,1220,577,643,305,161,144,
10680,1220,601,619,2136,1049,1087,2440,1189,1251,2135,1028,1107,1220,577,643,305,161,144,
10685,1221,601,620,2137,1050,1087,2442,1191,1251,2136,1029,1107,1220,577,643,305,161,144,
10690,1222,602,620,2137,1050,1087,2442,1191,1251,2137,1030,1107,1220,577,643,305,161,144,
10695,1223,603,620,2139,1051,1088,2445,1192,1253,2138,1031,1107,1221,577,644,305,161,144,
10700,1223,603,620,2140,1052,1088,2445,1192,1253,2139,1031,1108,1221,577,644,306,161,145,
10705,1224,604,620,2140,1052,1088,2446,1193,1253,2140,1032,1108,1223,579,644,306,161,145,
10710,1224,604,620,2141,1053,1088,2447,1193,1254,2141,1032,1109,1224,579,645,306,161,145,
10715,1224,604,620,2143,1054,1089,2448,1193,1255,2142,1033,1109,1224,579,645,306,161,145,
10720,1225,605,620,2144,1054,1090,2450,1195,1255,2143,1034,1109,1224,579,645,306,161,145,
10725,1226,606,620,2144,1054,1090,2450,1195,1255,2144,1034,1110,1224,579,645,306,161,145,
10730,1227,607,620,2146,1055,1091,2453,1198,1255,2145,1034,1111,1225,579,646,306,161,145,
10735,1227,607,620,2147,1055,1092,2453,1198,1255,2146,1035,1111,1225,579,646,307,161,146,
10740,1228,607,621,2147,1055,1092,2454,1199,1255,2147,1035,1112,1227,580,647,307,161,146,
10745,1228,607,621,2148,1056,1092,2455,1200,1255,2148,1035,1113,1228,580,648,307,161,146,
10750,1228,607,621,2150,1057,1093,2456,1201,1255,2149,1036,1113,1228,580,648,307,161,146,
10755,1229,608,621,2151,1058,1093,2458,1203,1255,2150,1036,1114,1228,580,648,307,161,146,
10760,1230,609,621,2151,1058,1093,2458,1203,1255,2151,1036,1115,1228,580,648,307,161,146,
10765,1231,610,621,2153,1059,1094,2461,1205,1256,2152,1037,1115,1229,580,649,307,161,146,
10770,1231,610,621,2154,1059,1095,2461,1205,1256,2153,1038,1115,1229,580,649,308,161,147,
10775,1232,610,622,2154,1059,1095,2462,1205,1257,2154,1038,1116,1231,581,650,308,161,147,
10780,1232,610,622,2155,1059,1096,2463,1206,1257,2155,1039,1116,1232,581,651,308,161,147,
10785,1232,610,622,2157,1060,1097,2464,1206,1258,2156,1040,1116,1232,581,651,308,161,147,
10790,1233,610,623,2158,1061,1097,2466,1207,1259,2157,1040,1117,1232,581,651,308,161,147,
10795,1234,610,624,2158,1061,1097,2466,1207,1259,2158,1041,1117,1232,581,651,308,161,147,
10800,1235,611,624,2160,1062,1098,2469,1209,1260,2159,1041,1118,1233,582,651,308,161,147,
10805,1235,611,624,2161,1063,1098,2469,1209,1260,2160,1041,1119,1233,582,651,309,161,148,
10810,1236,611,625,2161,1063,1098,2470,1210,1260,2161,1042,1119,1235,582,653,309,161,148,
10815,1236,611,625,2162,1063,1099,2471,1210,1261,2162,1043,1119,1236,582,654,309,161,148,
10820,1236,611,625,2164,1064,1100,2472,1211,1261,2163,1043,1120,1236,582,654,309,161,148,
10825,1237,611,626,2165,1065,1100,2474,1213,1261,2164,1044,1120,1236,582,654,309,161,148,
10830,1238,612,626,2165,1065,1100,2474,1213,1261,2165,1045,1120,1236,582,654,309,161,148,
10835,1239,613,626,2167,1066,1101,2477,1216,1261,2166,1046,1120,1237,582,655,309,161,148,
10840,1239,613,626,2168,1067,1101,2477,1216,1261,2167,1046,1121,1237,582,655,310,161,149,
10845,1240,614,626,2168,1067,1101,2478,1217,1261,2168,1047,1121,1239,584,655,310,161,149,
10850,1240,614,626,2169,1068,1101,2479,1217,1262,2169,1047,1122,1240,584,656,310,161,149,
10855,1240,614,626,2171,1070,1101,2480,1218,1262,2170,1048,1122,1240,584,656,310,161,149,
10860,1241,615,626,2172,1070,1102,2482,1219,1263,2171,1048,1123,1240,584,656,310,161,149,
10865,1242,615,627,2172,1070,1102,2482,1219,1263,2172,1049,1123,1240,584,656,310,161,149,
10870,1243,616,627,2174,1071,1103,2485,1221,1264,2173,1049,1124,1241,584,657,310,161,149,
10875,1243,616,627,2175,1071,1104,2485,1221,1264,2174,1050,1124,1241,584,657,311,162,149,
10880,1244,617,627,2175,1071,1104,2486,1222,1264,2175,1051,1124,1243,585,658,311,162,149,
10885,1244,617,627,2176,1072,1104,2487,1222,1265,2176,1051,1125,1244,586,658,311,162,149,
10890,1244,617,627,2178,1072,1106,2488,1222,1266,2177,1052,1125,1244,586,658,311,162,149,
10895,1245,617,628,2179,1073,1106,2490,1223,1267,2178,1053,1125,1244,586,658,311,162,149,
10900,1246,617,629,2179,1073,1106,2490,1223,1267,2179,1053,1126,1244,586,658,311,162,149,
10905,1247,618,629,2181,1074,1107,2493,1226,1267,2180,1054,1126,1245,587,658,311,162,149,
10910,1247,618,629,2182,1075,1107,2493,1226,1267,2181,1055,1126,1245,587,658,312,162,150,
10915,1248,618,630,2182,1075,1107,2494,1227,1267,2182,1056,1126,1247,588,659,312,162,150,
10920,1248,618,630,2183,1076,1107,2495,1227,1268,2183,1056,1127,1248,589,659,312,162,150,
10925,1248,618,630,2185,1077,1108,2496,1228,1268,2184,1056,1128,1248,589,659,312,162,150,
10930,1249,618,631,2186,1078,1108,2498,1228,1270,2185,1057,1128,1248,589,659,312,162,150,
10935,1250,618,632,2186,1078,1108,2498,1228,1270,2186,1058,1128,1248,589,659,312,162,150,
10940,1251,618,633,2188,1079,1109,2501,1229,1272,2187,1058,1129,1249,590,659,312,162,150,
10945,1251,618,633,2189,1080,1109,2501,1229,1272,2188,1058,1130,1249,590,659,313,162,151,
10950,1252,618,634,2189,1080,1109,2502,1230,1272,2189,1059,1130,1251,591,660,313,162,151,
10955,1252,618,634,2190,1080,1110,2503,1231,1272,2190,1059,1131,1252,592,660,313,162,151,
10960,1252,618,634,2192,1081,1111,2504,1231,1273,2191,1060,1131,1252,592,660,313,162,151,
10965,1253,618,635,2193,1082,1111,2506,1231,1275,2192,1060,1132,1252,592,660,313,162,151,
10970,1254,618,636,2193,1082,1111,2506,1231,1275,2193,1061,1132,1252,592,660,313,162,151,
10975,1255,619,636,2195,1084,1111,2509,1233,1276,2194,1061,1133,1253,592,661,313,162,151,
10980,1255,619,636,2196,1084,1112,2509,1233,1276,2195,1061,1134,1253,592,661,314,163,151,
10985,1256,619,637,2196,1084,1112,2510,1233,1277,2196,1062,1134,1255,593,662,314,163,151,
10990,1256,619,637,2197,1085,1112,2511,1234,1277,2197,1062,1135,1256,593,663,314,163,151,
10995,1256,619,637,2199,1087,1112,2512,1235,1277,2198,1062,1136,1256,593,663,314,163,151,
11000,1257,620,637,2200,1088,1112,2514,1235,1279,2199,1063,1136,1256,593,663,314,163,151,
11005,1258,620,638,2200,1088,1112,2514,1235,1279,2200,1063,1137,1256,593,663,314,163,151,
11010,1259,621,638,2202,1090,1112,2517,1237,1280,2201,1064,1137,1257,594,663,314,163,151,
11015,1259,621,638,2203,1091,1112,2517,1237,1280,2202,1064,1138,1257,594,663,315,164,151,
11020,1260,621,639,2203,1091,1112,2518,1237,1281,2203,1064,1139,1259,595,664,315,164,151,
11025,1260,621,639,2204,1091,1113,2519,1238,1281,2204,1064,1140,1260,596,664,315,164,151,
11030,1260,621,639,2206,1092,1114,2520,1239,1281,2205,1065,1140,1260,596,664,315,164,151,
11035,1261,621,640,2207,1092,1115,2522,1240,1282,2206,1066,1140,1260,596,664,315,164,151,
11040,1262,621,641,2207,1092,1115,2522,1240,1282,2207,1067,1140,1260,596,664,315,164,151,
11045,1263,621,642,2209,1093,1116,2525,1241,1284,2208,1068,1140,1261,596,665,315,164,151,
11050,1263,621,642,2210,1093,1117,2525,1241,1284,2209,1068,1141,1261,596,665,316,165,151,
11055,1264,621,643,2210,1093,1117,2526,1242,1284,2210,1069,1141,1263,597,666,316,165,151,
11060,1264,621,643,2211,1093,1118,2527,1243,1284,2211,1069,1142,1264,598,666,316,165,151,
11065,1264,621,643,2213,1093,1120,2528,1244,1284,2212,1070,1142,1264,598,666,316,165,151,
11070,1265,621,644,2214,1093,1121,2530,1246,1284,2213,1070,1143,1264,598,666,316,165,151,
11075,1266,621,645,2214,1093,1121,2530,1246,1284,2214,1070,1144,1264,598,666,316,165,151,
11080,1267,622,645,2216,1093,1123,2533,1247,1286,2215,1070,1145,1265,598,667,316,165,151,
11085,1267,622,645,2217,1094,1123,2533,1247,1286,2216,1070,1146,1265,598,667,317,165,152,
11090,1268,622,646,2217,1094,1123,2534,1247,1287,2217,1070,1147,1267,598,669,317,165,152,
11095,1268,622,646,2218,1094,1124,2535,1248,1287,2218,1071,1147,1268,598,670,317,165,152,
11100,1268,622,646,2220,1094,1126,2536,1249,1287,2219,1072,1147,1268,598,670,317,165,152,
11105,1269,622,647,2221,1095,1126,2538,1251,1287,2220,1073,1147,1268,598,670,317,165,152,
11110,1270,623,647,2221,1095,1126,2538,1251,1287,2221,1073,1148,1268,598,670,317,165,152,
11115,1271,623,648,2223,1096,1127,2541,1253,1288,2222,1073,1149,1269,599,670,317,165,152,
11120,1271,623,648,2224,1096,1128,2541,1253,1288,2223,1073,1150,1269,599,670,318,166,152,
11125,1272,623,649,2224,1096,1128,2542,1253,1289,2224,1073,1151,1271,600,671,318,166,152,
11130,1272,623,649,2225,1097,1128,2543,1254,1289,2225,1074,1151,1272,600,672,318,166,152,
11135,1272,623,649,2227,1098,1129,2544,1255,1289,2226,1075,1151,1272,600,672,318,166,152,
11140,1273,624,649,2228,1099,1129,2546,1255,1291,2227,1075,1152,1272,600,672,318,166,152,
11145,1274,625,649,2228,1099,1129,2546,1255,1291,2228,1076,1152,1272,600,672,318,166,152,
11150,1275,625,650,2230,1100,1130,2549,1256,1293,2229,1077,1152,1273,601,672,318,166,152,
11155,1275,625,650,2231,1100,1131,2549,1256,1293,2230,1078,1152,1273,601,672,319,167,152,
11160,1276,626,650,2231,1100,1131,2550,1257,1293,2231,1079,1152,1275,601,674,319,167,152,
11165,1276,626,650,2232,1101,1131,2551,1258,1293,2232,1079,1153,1276,602,674,319,167,152,
11170,1276,626,650,2234,1102,1132,2552,1258,1294,2233,1080,1153,1276,602,674,319,167,152,
11175,1277,626,651,2235,1102,1133,2554,1260,1294,2234,1080,1154,1276,602,674,319,167,152,
11180,1278,627,651,2235,1102,1133,2554,1260,1294,2235,1080,1155,1276,602,674,319,167,152,
11185,1279,628,651,2237,1103,1134,2557,1262,1295,2236,1081,1155,1277,602,675,319,167,152,
11190,1279,628,651,2238,1103,1135,2557,1262,1295,2237,1082,1155,1277,602,675,320,168,152,
11195,1280,629,651,2238,1103,1135,2558,1263,1295,2238,1083,1155,1279,602,677,320,168,152,
11200,1280,629,651,2239,1103,1136,2559,1264,1295,2239,1083,1156,1280,603,677,320,168,152,
11205,1280,629,651,2241,1104,1137,2560,1265,1295,2240,1083,1157,1280,603,677,320,168,152,
11210,1281,629,652,2242,1105,1137,2562,1266,1296,2241,1083,1158,1280,603,677,320,168,152,
11215,1282,629,653,2242,1105,1137,2562,1266,1296,2242,1084,1158,1280,603,677,320,168,152,
11220,1283,630,653,2244,1106,1138,2565,1267,1298,2243,1084,1159,1281,604,677,320,168,152,
11225,1283,630,653,2245,1106,1139,2565,1267,1298,2244,1085,1159,1281,604,677,321,169,152,
11230,1284,630,654,2245,1106,1139,2566,1267,1299,2245,1085,1160,1283,605,678,321,169,152,
11235,1284,630,654,2246,1106,1140,2567,1267,1300,2246,1086,1160,1284,605,679,321,169,152,
11240,1284,630,654,2248,1107,1141,2568,1268,1300,2247,1086,1161,1284,605,679,321,169,152,
11245,1285,631,654,2249,1107,1142,2570,1268,1302,2248,1087,1161,1284,605,679,321,169,152,
11250,1286,632,654,2249,1107,1142,2570,1268,1302,2249,1087,1162,1284,605,679,321,169,152,
11255,1287,632,655,2251,1108,1143,2573,1269,1304,2250,1088,1162,1285,605,680,321,169,152,
11260,1287,632,655,2252,1109,1143,2573,1269,1304,2251,1088,1163,1285,605,680,322,169,153,
11265,1288,632,656,2252,1109,1143,2574,1269,1305,2252,1089,1163,1287,605,682,322,169,153,
11270,1288,632,656,2253,1109,1144,2575,1269,1306,2253,1090,1163,1288,605,683,322,169,153,
11275,1288,632,656,2255,1111,1144,2576,1269,1307,2254,1090,1164,1288,605,683,322,169,153,
11280,1289,632,657,2256,1112,1144,2578,1269,1309,2255,1091,1164,1288,605,683,322,169,153,
11285,1290,632,658,2256,1112,1144,2578,1269,1309,2256,1091,1165,1288,605,683,322,169,153,
11290,1291,632,659,2258,1113,1145,2581,1269,1312,2257,1091,1166,1289,605,684,322,169,153,
11295,1291,632,659,2259,1113,1146,2581,1269,1312,2258,1091,1167,1289,605,684,323,170,153,
11300,1292,632,660,2259,1113,1146,2582,1269,1313,2259,1092,1167,1291,606,685,323,170,153,
11305,1292,632,660,2260,1113,1147,2583,1270,1313,2260,1093,1167,1292,606,686,323,170,153,
11310,1292,632,660,2262,1114,1148,2584,1270,1314,2261,1094,1167,1292,606,686,323,170,153,
11315,1293,633,660,2263,1114,1149,2586,1271,1315,2262,1095,1167,1292,606,686,323,170,153,
11320,1294,634,660,2263,1114,1149,2586,1271,1315,2263,1096,1167,1292,606,686,323,170,153,
11325,1295,635,660,2265,1114,1151,2589,1273,1316,2264,1097,1167,1293,607,686,323,170,153,
11330,1295,635,660,2266,1115,1151,2589,1273,1316,2265,1098,1167,1293,607,686,324,170,154,
11335,1296,635,661,2266,1115,1151,2590,1273,1317,2266,1099,1167,1295,608,687,324,170,154,
11340,1296,635,661,2267,1116,1151,2591,1273,1318,2267,1099,1168,1296,608,688,324,170,154,
11345,1296,635,661,2269,1116,1153,2592,1273,1319,2268,1099,1169,1296,608,688,324,170,154,
11350,1297,635,662,2270,1117,1153,2594,1275,1319,2269,1099,1170,1296,608,688,324,170,154,
11355,1298,636,662,2270,1117,1153,2594,1275,1319,2270,1100,1170,1296,608,688,324,170,154,
11360,1299,636,663,2272,1118,1154,2597,1276,1321,2271,1100,1171,1297,609,688,324,170,154,
11365,1299,636,663,2273,1119,1154,2597,1276,1321,2272,1100,1172,1297,609,688,325,171,154,
11370,1300,636,664,2273,1119,1154,2598,1277,1321,2273,1101,1172,1299,611,688,325,171,154,
11375,1300,636,664,2274,1119,1155,2599,1278,1321,2274,1101,1173,1300,611,689,325,171,154,
11380,1300,636,664,2276,1119,1157,2600,1278,1322,2275,1102,1173,1300,611,689,325,171,154,
11385,1301,636,665,2277,1120,1157,2602,1280,1322,2276,1102,1174,1300,611,689,325,171,154,
11390,1302,637,665,2277,1120,1157,2602,1280,1322,2277,1103,1174,1300,611,689,325,171,154,
11395,1303,637,666,2279,1122,1157,2605,1281,1324,2278,1104,1174,1301,611,690,325,171,154,
11400,1303,637,666,2280,1122,1158,2605,1281,1324,2279,1104,1175,1301,611,690,326,171,155,
11405,1304,637,667,2280,1122,1158,2606,1282,1324,2280,1104,1176,1303,611,692,326,171,155,
11410,1304,637,667,2281,1122,1159,2607,1282,1325,2281,1105,1176,1304,611,693,326,171,155,
11415,1304,637,667,2283,1123,1160,2608,1282,1326,2282,1105,1177,1304,611,693,326,171,155,
11420,1305,638,667,2284,1124,1160,2610,1283,1327,2283,1105,1178,1304,611,693,326,171,155,
11425,1306,639,667,2284,1124,1160,2610,1283,1327,2284,1106,1178,1304,611,693,326,171,155,
11430,1307,639,668,2286,1126,1160,2613,1285,1328,2285,1107,1178,1305,612,693,326,171,155,
11435,1307,639,668,2287,1127,1160,2613,1285,1328,2286,1107,1179,1305,612,693,327,172,155,
11440,1308,640,668,2287,1127,1160,2614,1286,1328,2287,1107,1180,1307,614,693,327,172,155,
11445,1308,640,668,2288,1127,1161,2615,1286,1329,2288,1108,1180,1308,615,693,327,172,155,
11450,1308,640,668,2290,1129,1161,2616,1287,1329,2289,1108,1181,1308,615,693,327,172,155,
11455,1309,640,669,2291,1129,1162,2618,1287,1331,2290,1109,1181,1308,615,693,327,172,155,
11460,1310,640,670,2291,1129,1162,2618,1287,1331,2291,1110,1181,1308,615,693,327,172,155,
11465,1311,641,670,2293,1130,1163,2621,1289,1332,2292,1110,1182,1309,615,694,327,172,155,
11470,1311,641,670,2294,1130,1164,2621,1289,1332,2293,1111,1182,1309,615,694,328,173,155,
11475,1312,641,671,2294,1130,1164,2622,1289,1333,2294,1111,1183,1311,616,695,328,173,155,
11480,1312,641,671,2295,1130,1165,2623,1290,1333,2295,1112,1183,1312,616,696,328,173,155,
11485,1312,641,671,2297,1131,1166,2624,1291,1333,2296,1113,1183,1312,616,696,328,173,155,
11490,1313,642,671,2298,1132,1166,2626,1292,1334,2297,1114,1183,1312,616,696,328,173,155,
11495,1314,643,671,2298,1132,1166,2626,1292,1334,2298,1114,1184,1312,616,696,328,173,155,
11500,1315,643,672,2300,1133,1167,2629,1292,1337,2299,1114,1185,1313,616,697,328,173,155,
11505,1315,643,672,2301,1134,1167,2629,1292,1337,2300,1114,1186,1313,616,697,329,174,155,
11510,1316,643,673,2301,1134,1167,2630,1293,1337,2301,1115,1186,1315,617,698,329,174,155,
11515,1316,643,673,2302,1134,1168,2631,1294,1337,2302,1115,1187,1316,618,698,329,174,155,
11520,1316,643,673,2304,1135,1169,2632,1294,1338,2303,1115,1188,1316,618,698,329,174,155,
11525,1317,643,674,2305,1136,1169,2634,1295,1339,2304,1115,1189,1316,618,698,329,174,155,
11530,1318,643,675,2305,1136,1169,2634,1295,1339,2305,1115,1190,1316,618,698,329,174,155,
11535,1319,643,676,2307,1137,1170,2637,1297,1340,2306,1116,1190,1317,618,699,329,174,155,
11540,1319,643,676,2308,1137,1171,2637,1297,1340,2307,1117,1190,1317,618,699,330,174,156,
11545,1320,644,676,2308,1137,1171,2638,1297,1341,2308,1117,1191,1319,620,699,330,174,156,
11550,1320,644,676,2309,1137,1172,2639,1298,1341,2309,1117,1192,1320,620,700,330,174,156,
11555,1320,644,676,2311,1139,1172,2640,1298,1342,2310,1117,1193,1320,620,700,330,174,156,
11560,1321,644,677,2312,1140,1172,2642,1299,1343,2311,1117,1194,1320,620,700,330,174,156,
11565,1322,645,677,2312,1140,1172,2642,1299,1343,2312,1117,1195,1320,620,700,330,174,156,
11570,1323,646,677,2314,1142,1172,2645,1300,1345,2313,1118,1195,1321,621,700,330,174,156,
11575,1323,646,677,2315,1143,1172,2645,1300,1345,2314,1119,1195,1321,621,700,331,174,157,
11580,1324,647,677,2315,1143,1172,2646,1300,1346,2315,1119,1196,1323,622,701,331,174,157,
11585,1324,647,677,2316,1143,1173,2647,1300,1347,2316,1120,1196,1324,622,702,331,174,157,
11590,1324,647,677,2318,1143,1175,2648,1301,1347,2317,1120,1197,1324,622,702,331,174,157,
11595,1325,647,678,2319,1144,1175,2650,1301,1349,2318,1120,1198,1324,622,702,331,174,157,
11600,1326,648,678,2319,1144,1175,2650,1301,1349,2319,1121,1198,1324,622,702,331,174,157,
11605,1327,648,679,2321,1145,1176,2653,1301,1352,2320,1122,1198,1325,623,702,331,174,157,
11610,1327,648,679,2322,1145,1177,2653,1301,1352,2321,1122,1199,1325,623,702,332,174,158,
11615,1328,648,680,2322,1145,1177,2654,1302,1352,2322,1122,1200,1327,624,703,332,174,158,
11620,1328,648,680,2323,1146,1177,2655,1302,1353,2323,1123,1200,1328,625,703,332,174,158,
11625,1328,648,680,2325,1147,1178,2656,1302,1354,2324,1124,1200,1328,625,703,332,174,158,
11630,1329,648,681,2326,1147,1179,2658,1303,1355,2325,1124,1201,1328,625,703,332,174,158,
11635,1330,649,681,2326,1147,1179,2658,1303,1355,2326,1124,1202,1328,625,703,332,174,158,
11640,1331,650,681,2328,1148,1180,2661,1304,1357,2327,1124,1203,1329,626,703,332,174,158,
11645,1331,650,681,2329,1148,1181,2661,1304,1357,2328,1124,1204,1329,626,703,333,175,158,
11650,1332,651,681,2329,1148,1181,2662,1305,1357,2329,1125,1204,1331,628,703,333,175,158,
11655,1332,651,681,2330,1149,1181,2663,1305,1358,2330,1126,1204,1332,629,703,333,175,158,
11660,1332,651,681,2332,1151,1181,2664,1306,1358,2331,1127,1204,1332,629,703,333,175,158,
11665,1333,651,682,2333,1152,1181,2666,1307,1359,2332,1127,1205,1332,629,703,333,175,158,
11670,1334,652,682,2333,1152,1181,2666,1307,1359,2333,1128,1205,1332,629,703,333,175,158,
11675,1335,652,683,2335,1153,1182,2669,1307,1362,2334,1128,1206,1333,630,703,333,175,158,
11680,1335,652,683,2336,1154,1182,2669,1307,1362,2335,1129,1206,1333,630,703,334,175,159,
11685,1336,653,683,2336,1154,1182,2670,1307,1363,2336,1130,1206,1335,632,703,334,175,159,
11690,1336,653,683,2337,1155,1182,2671,1307,1364,2337,1131,1206,1336,632,704,334,175,159,
11695,1336,653,683,2339,1156,1183,2672,1307,1365,2338,1131,1207,1336,632,704,334,175,159,
11700,1337,653,684,2340,1157,1183,2674,1307,1367,2339,1132,1207,1336,632,704,334,175,159,
11705,1338,654,684,2340,1157,1183,2674,1307,1367,2340,1132,1208,1336,632,704,334,175,159,
11710,1339,655,684,2342,1157,1185,2677,1309,1368,2341,1132,1209,1337,632,705,334,175,159,
11715,1339,655,684,2343,1158,1185,2677,1309,1368,2342,1132,1210,1337,632,705,335,176,159,
11720,1340,656,684,2343,1158,1185,2678,1310,1368,2343,1133,1210,1339,634,705,335,176,159,
11725,1340,656,684,2344,1158,1186,2679,1311,1368,2344,1134,1210,1340,635,705,335,176,159,
11730,1340,656,684,2346,1160,1186,2680,1312,1368,2345,1135,1210,1340,635,705,335,176,159,
11735,1341,657,684,2347,1161,1186,2682,1313,1369,2346,1136,1210,1340,635,705,335,176,159,
11740,1342,658,684,2347,1161,1186,2682,1313,1369,2347,1136,1211,1340,635,705,335,176,159,
11745,1343,659,684,2349,1162,1187,2685,1316,1369,2348,1137,1211,1341,635,706,335,176,159,
11750,1343,659,684,2350,1162,1188,2685,1316,1369,2349,1137,1212,1341,635,706,336,176,160,
11755,1344,660,684,2350,1162,1188,2686,1317,1369,2350,1137,1213,1343,637,706,336,176,160,
11760,1344,660,684,2351,1162,1189,2687,1318,1369,2351,1137,1214,1344,638,706,336,176,160,
11765,1344,660,684,2353,1163,1190,2688,1318,1370,2352,1138,1214,1344,638,706,336,176,160,
11770,1345,661,684,2354,1164,1190,2690,1318,1372,2353,1139,1214,1344,638,706,336,176,160,
11775,1346,662,684,2354,1164,1190,2690,1318,1372,2354,1140,1214,1344,638,706,336,176,160,
11780,1347,663,684,2356,1164,1192,2693,1320,1373,2355,1141,1214,1345,638,707,336,176,160,
11785,1347,663,684,2357,1165,1192,2693,1320,1373,2356,1141,1215,1345,638,707,337,176,161,
11790,1348,663,685,2357,1165,1192,2694,1320,1374,2357,1142,1215,1347,639,708,337,176,161,
11795,1348,663,685,2358,1165,1193,2695,1320,1375,2358,1142,1216,1348,639,709,337,176,161,
11800,1348,663,685,2360,1165,1195,2696,1321,1375,2359,1143,1216,1348,639,709,337,176,161,
11805,1349,663,686,2361,1166,1195,2698,1321,1377,2360,1143,1217,1348,639,709,337,176,161,
11810,1350,663,687,2361,1166,1195,2698,1321,1377,2361,1144,1217,1348,639,709,337,176,161,
11815,1351,663,688,2363,1167,1196,2701,1323,1378,2362,1145,1217,1349,639,710,337,176,161,
11820,1351,663,688,2364,1167,1197,2701,1323,1378,2363,1146,1217,1349,639,710,338,176,162,
11825,1352,663,689,2364,1167,1197,2702,1323,1379,2364,1147,1217,1351,639,712,338,176,162,
11830,1352,663,689,2365,1168,1197,2703,1324,1379,2365,1148,1217,1352,639,713,338,176,162,
11835,1352,663,689,2367,1170,1197,2704,1324,1380,2366,1149,1217,1352,639,713,338,176,162,
11840,1353,663,690,2368,1170,1198,2706,1324,1382,2367,1149,1218,1352,639,713,338,176,162,
11845,1354,664,690,2368,1170,1198,2706,1324,1382,2368,1150,1218,1352,639,713,338,176,162,
11850,1355,664,691,2370,1171,1199,2709,1325,1384,2369,1151,1218,1353,639,714,338,176,162,
11855,1355,664,691,2371,1172,1199,2709,1325,1384,2370,1151,1219,1353,639,714,339,176,163,
11860,1356,664,692,2371,1172,1199,2710,1325,1385,2371,1152,1219,1355,640,715,339,176,163,
11865,1356,664,692,2372,1173,1199,2711,1325,1386,2372,1153,1219,1356,640,716,339,176,163,
11870,1356,664,692,2374,1175,1199,2712,1326,1386,2373,1154,1219,1356,640,716,339,176,163,
11875,1357,664,693,2375,1176,1199,2714,1327,1387,2374,1154,1220,1356,640,716,339,176,163,
11880,1358,664,694,2375,1176,1199,2714,1327,1387,2375,1154,1221,1356,640,716,339,176,163,
11885,1359,664,695,2377,1178,1199,2717,1328,1389,2376,1154,1222,1357,640,717,339,176,163,
11890,1359,664,695,2378,1179,1199,2717,1328,1389,2377,1155,1222,1357,640,717,340,177,163,
11895,1360,665,695,2378,1179,1199,2718,1328,1390,2378,1155,1223,1359,641,718,340,177,163,
11900,1360,665,695,2379,1179,1200,2719,1329,1390,2379,1156,1223,1360,642,718,340,177,163,
11905,1360,665,695,2381,1181,1200,2720,1329,1391,2380,1157,1223,1360,642,718,340,177,163,
11910,1361,666,695,2382,1182,1200,2722,1331,1391,2381,1157,1224,1360,642,718,340,177,163,
11915,1362,666,696,2382,1182,1200,2722,1331,1391,2382,1158,1224,1360,642,718,340,177,163,
11920,1363,667,696,2384,1183,1201,2725,1332,1393,2383,1159,1224,1361,643,718,340,177,163,
11925,1363,667,696,2385,1184,1201,2725,1332,1393,2384,1160,1224,1361,643,718,341,178,163,
11930,1364,667,697,2385,1184,1201,2726,1333,1393,2385,1160,1225,1363,644,719,341,178,163,
11935,1364,667,697,2386,1184,1202,2727,1333,1394,2386,1161,1225,1364,645,719,341,178,163,
11940,1364,667,697,2388,1184,1204,2728,1333,1395,2387,1161,1226,1364,645,719,341,178,163,
11945,1365,667,698,2389,1185,1204,2730,1335,1395,2388,1162,1226,1364,645,719,341,178,163,
11950,1366,667,699,2389,1185,1204,2730,1335,1395,2389,1163,1226,1364,645,719,341,178,163,
11955,1367,667,700,2391,1186,1205,2733,1336,1397,2390,1163,1227,1365,646,719,341,178,163,
11960,1367,667,700,2392,1186,1206,2733,1336,1397,2391,1163,1228,1365,646,719,342,178,164,
11965,1368,668,700,2392,1186,1206,2734,1336,1398,2392,1163,1229,1367,646,721,342,178,164,
11970,1368,668,700,2393,1186,1207,2735,1336,1399,2393,1163,1230,1368,646,722,342,178,164,
11975,1368,668,700,2395,1187,1208,2736,1337,1399,2394,1164,1230,1368,646,722,342,178,164,
11980,1369,669,700,2396,1187,1209,2738,1338,1400,2395,1164,1231,1368,646,722,342,178,164,
11985,1370,670,700,2396,1187,1209,2738,1338,1400,2396,1165,1231,1368,646,722,342,178,164,
11990,1371,671,700,2398,1189,1209,2741,1338,1403,2397,1166,1231,1369,646,723,342,178,164,
11995,1371,671,700,2399,1190,1209,2741,1338,1403,2398,1167,1231,1369,646,723,343,179,164,
12000,1372,672,700,2399,1190,1209,2742,1339,1403,2399,1167,1232,1371,647,724,343,179,164,
12005,1372,672,700,2400,1191,1209,2743,1340,1403,2400,1168,1232,1372,647,725,343,179,164,
12010,1372,672,700,2402,1193,1209,2744,1341,1403,2401,1168,1233,1372,647,725,343,179,164,
12015,1373,672,701,2403,1193,1210,2746,1343,1403,2402,1168,1234,1372,647,725,343,179,164,
12020,1374,672,702,2403,1193,1210,2746,1343,1403,2403,1168,1235,1372,647,725,343,179,164,
12025,1375,673,702,2405,1193,1212,2749,1344,1405,2404,1168,1236,1373,647,726,343,179,164,
12030,1375,673,702,2406,1193,1213,2749,1344,1405,2405,1168,1237,1373,647,726,344,180,164,
12035,1376,674,702,2406,1193,1213,2750,1344,1406,2406,1168,1238,1375,647,728,344,180,164,
12040,1376,674,702,2407,1194,1213,2751,1345,1406,2407,1168,1239,1376,647,729,344,180,164,
12045,1376,674,702,2409,1195,1214,2752,1346,1406,2408,1168,1240,1376,647,729,344,180,164,
12050,1377,675,702,2410,1195,1215,2754,1347,1407,2409,1169,1240,1376,647,729,344,180,164,
12055,1378,676,702,2410,1195,1215,2754,1347,1407,2410,1170,1240,1376,647,729,344,180,164,
12060,1379,676,703,2412,1196,1216,2757,1348,1409,2411,1171,1240,1377,647,730,344,180,164,
12065,1379,676,703,2413,1196,1217,2757,1348,1409,2412,1171,1241,1377,647,730,345,181,164,
12070,1380,677,703,2413,1196,1217,2758,1349,1409,2413,1171,1242,1379,648,731,345,181,164,
12075,1380,677,703,2414,1196,1218,2759,1349,1410,2414,1172,1242,1380,648,732,345,181,164,
12080,1380,677,703,2416,1196,1220,2760,1350,1410,2415,1173,1242,1380,648,732,345,181,164,
12085,1381,678,703,2417,1197,1220,2762,1351,1411,2416,1173,1243,1380,648,732,345,181,164,
12090,1382,679,703,2417,1197,1220,2762,1351,1411,2417,1174,1243,1380,648,732,345,181,164,
12095,1383,680,703,2419,1197,1222,2765,1353,1412,2418,1175,1243,1381,648,733,345,181,164,
12100,1383,680,703,2420,1197,1223,2765,1353,1412,2419,1175,1244,1381,648,733,346,181,165,
12105,1384,680,704,2420,1197,1223,2766,1353,1413,2420,1175,1245,1383,650,733,346,181,165,
12110,1384,680,704,2421,1198,1223,2767,1354,1413,2421,1175,1246,1384,650,734,346,181,165,
12115,1384,680,704,2423,1200,1223,2768,1355,1413,2422,1176,1246,1384,650,734,346,181,165,
12120,1385,681,704,2424,1200,1224,2770,1356,1414,2423,1177,1246,1384,650,734,346,181,165,
12125,1386,681,705,2424,1200,1224,2770,1356,1414,2424,1178,1246,1384,650,734,346,181,165,
12130,1387,682,705,2426,1200,1226,2773,1358,1415,2425,1178,1247,1385,651,734,346,181,165,
12135,1387,682,705,2427,1200,1227,2773,1358,1415,2426,1179,1247,1385,651,734,347,182,165,
12140,1388,683,705,2427,1200,1227,2774,1358,1416,2427,1179,1248,1387,651,736,347,182,165,
12145,1388,683,705,2428,1200,1228,2775,1358,1417,2428,1180,1248,1388,651,737,347,182,165,
12150,1388,683,705,2430,1202,1228,2776,1358,1418,2429,1180,1249,1388,651,737,347,182,165,
12155,1389,684,705,2431,1202,1229,2778,1359,1419,2430,1181,1249,1388,651,737,347,182,165,
12160,1390,684,706,2431,1202,1229,2778,1359,1419,2431,1182,1249,1388,651,737,347,182,165,
12165,1391,685,706,2433,1203,1230,2781,1360,1421,2432,1182,1250,1389,652,737,347,182,165,
12170,1391,685,706,2434,1203,1231,2781,1360,1421,2433,1183,1250,1389,652,737,348,182,166,
12175,1392,686,706,2434,1203,1231,2782,1360,1422,2434,1184,1250,1391,652,739,348,182,166,
12180,1392,686,706,2435,1204,1231,2783,1361,1422,2435,1185,1250,1392,653,739,348,182,166,
12185,1392,686,706,2437,1206,1231,2784,1361,1423,2436,1186,1250,1392,653,739,348,182,166,
12190,1393,686,707,2438,1207,1231,2786,1362,1424,2437,1186,1251,1392,653,739,348,182,166,
12195,1394,687,707,2438,1207,1231,2786,1362,1424,2438,1187,1251,1392,653,739,348,182,166,
12200,1395,687,708,2440,1208,1232,2789,1364,1425,2439,1188,1251,1393,653,740,348,182,166,
12205,1395,687,708,2441,1209,1232,2789,1364,1425,2440,1188,1252,1393,653,740,349,183,166,
12210,1396,688,708,2441,1209,1232,2790,1364,1426,2441,1189,1252,1395,654,741,349,183,166,
12215,1396,688,708,2442,1209,1233,2791,1365,1426,2442,1190,1252,1396,655,741,349,183,166,
12220,1396,688,708,2444,1209,1235,2792,1366,1426,2443,1191,1252,1396,655,741,349,183,166,
12225,1397,689,708,2445,1209,1236,2794,1367,1427,2444,1191,1253,1396,655,741,349,183,166,
12230,1398,689,709,2445,1209,1236,2794,1367,1427,2445,1192,1253,1396,655,741,349,183,166,
12235,1399,689,710,2447,1211,1236,2797,1369,1428,2446,1192,1254,1397,656,741,349,183,166,
12240,1399,689,710,2448,1211,1237,2797,1369,1428,2447,1193,1254,1397,656,741,350,183,167,
12245,1400,689,711,2448,1211,1237,2798,1369,1429,2448,1194,1254,1399,657,742,350,183,167,
12250,1400,689,711,2449,1211,1238,2799,1369,1430,2449,1194,1255,1400,657,743,350,183,167,
12255,1400,689,711,2451,1211,1240,2800,1369,1431,2450,1194,1256,1400,657,743,350,183,167,
12260,1401,690,711,2452,1211,1241,2802,1369,1433,2451,1194,1257,1400,657,743,350,183,167,
12265,1402,691,711,2452,1211,1241,2802,1369,1433,2452,1194,1258,1400,657,743,350,183,167,
12270,1403,691,712,2454,1213,1241,2805,1371,1434,2453,1195,1258,1401,658,743,350,183,167,
12275,1403,691,712,2455,1213,1242,2805,1371,1434,2454,1196,1258,1401,658,743,351,183,168,
12280,1404,691,713,2455,1213,1242,2806,1372,1434,2455,1196,1259,1403,660,743,351,183,168,
12285,1404,691,713,2456,1213,1243,2807,1373,1434,2456,1197,1259,1404,660,744,351,183,168,
12290,1404,691,713,2458,1214,1244,2808,1373,1435,2457,1198,1259,1404,660,744,351,183,168,
12295,1405,692,713,2459,1215,1244,2810,1374,1436,2458,1198,1260,1404,660,744,351,183,168,
12300,1406,692,714,2459,1215,1244,2810,1374,1436,2459,1199,1260,1404,660,744,351,183,168,
12305,1407,692,715,2461,1217,1244,2813,1377,1436,2460,1199,1261,1405,660,745,351,183,168,
12310,1407,692,715,2462,1218,1244,2813,1377,1436,2461,1200,1261,1405,660,745,352,184,168,
12315,1408,692,716,2462,1218,1244,2814,1378,1436,2462,1201,1261,1407,661,746,352,184,168,
12320,1408,692,716,2463,1219,1244,2815,1378,1437,2463,1201,1262,1408,662,746,352,184,168,
12325,1408,692,716,2465,1219,1246,2816,1378,1438,2464,1202,1262,1408,662,746,352,184,168,
12330,1409,692,717,2466,1220,1246,2818,1379,1439,2465,1203,1262,1408,662,746,352,184,168,
12335,1410,692,718,2466,1220,1246,2818,1379,1439,2466,1204,1262,1408,662,746,352,184,168,
12340,1411,693,718,2468,1222,1246,2821,1381,1440,2467,1204,1263,1409,662,747,352,184,168,
12345,1411,693,718,2469,1222,1247,2821,1381,1440,2468,1205,1263,1409,662,747,353,184,169,
12350,1412,694,718,2469,1222,1247,2822,1381,1441,2469,1206,1263,1411,664,747,353,184,169,
12355,1412,694,718,2470,1223,1247,2823,1381,1442,2470,1206,1264,1412,664,748,353,184,169,
12360,1412,694,718,2472,1224,1248,2824,1382,1442,2471,1207,1264,1412,664,748,353,184,169,
12365,1413,694,719,2473,1225,1248,2826,1384,1442,2472,1208,1264,1412,664,748,353,184,169,
12370,1414,695,719,2473,1225,1248,2826,1384,1442,2473,1209,1264,1412,664,748,353,184,169,
12375,1415,695,720,2475,1227,1248,2829,1386,1443,2474,1210,1264,1413,665,748,353,184,169,
12380,1415,695,720,2476,1228,1248,2829,1386,1443,2475,1210,1265,1413,665,748,354,184,170,
12385,1416,696,720,2476,1228,1248,2830,1386,1444,2476,1210,1266,1415,665,750,354,184,170,
12390,1416,696,720,2477,1229,1248,2831,1387,1444,2477,1211,1266,1416,665,751,354,184,170,
12395,1416,696,720,2479,1230,1249,2832,1387,1445,2478,1212,1266,1416,665,751,354,184,170,
12400,1417,697,720,2480,1231,1249,2834,1387,1447,2479,1213,1266,1416,665,751,354,184,170,
12405,1418,698,720,2480,1231,1249,2834,1387,1447,2480,1213,1267,1416,665,751,354,184,170,
12410,1419,698,721,2482,1232,1250,2837,1389,1448,2481,1213,1268,1417,665,752,354,184,170,
12415,1419,698,721,2483,1233,1250,2837,1389,1448,2482,1214,1268,1417,665,752,355,185,170,
12420,1420,699,721,2483,1233,1250,2838,1389,1449,2483,1214,1269,1419,667,752,355,185,170,
12425,1420,699,721,2484,1233,1251,2839,1390,1449,2484,1215,1269,1420,668,752,355,185,170,
12430,1420,699,721,2486,1235,1251,2840,1391,1449,2485,1215,1270,1420,668,752,355,185,170,
12435,1421,700,721,2487,1236,1251,2842,1391,1451,2486,1216,1270,1420,668,752,355,185,170,
12440,1422,701,721,2487,1236,1251,2842,1391,1451,2487,1216,1271,1420,668,752,355,185,170,
12445,1423,702,721,2489,1236,1253,2845,1392,1453,2488,1217,1271,1421,669,752,355,185,170,
12450,1423,702,721,2490,1236,1254,2845,1392,1453,2489,1218,1271,1421,669,752,356,185,171,
12455,1424,702,722,2490,1236,1254,2846,1393,1453,2490,1219,1271,1423,670,753,356,185,171,
12460,1424,702,722,2491,1237,1254,2847,1394,1453,2491,1220,1271,1424,671,753,356,185,171,
12465,1424,702,722,2493,1237,1256,2848,1394,1454,2492,1221,1271,1424,671,753,356,185,171,
12470,1425,702,723,2494,1237,1257,2850,1394,1456,2493,1221,1272,1424,671,753,356,185,171,
12475,1426,703,723,2494,1237,1257,2850,1394,1456,2494,1221,1273,1424,671,753,356,185,171,
12480,1427,704,723,2496,1238,1258,2853,1396,1457,2495,1221,1274,1425,671,754,356,185,171,
12485,1427,704,723,2497,1238,1259,2853,1396,1457,2496,1222,1274,1425,671,754,357,185,172,
12490,1428,704,724,2497,1238,1259,2854,1397,1457,2497,1222,1275,1427,673,754,357,185,172,
12495,1428,704,724,2498,1238,1260,2855,1398,1457,2498,1222,1276,1428,674,754,357,185,172,
12500,1428,704,724,2500,1238,1262,2856,1399,1457,2499,1222,1277,1428,674,754,357,185,172,
12505,1429,704,725,2501,1238,1263,2858,1401,1457,2500,1223,1277,1428,674,754,357,185,172,
12510,1430,704,726,2501,1238,1263,2858,1401,1457,2501,1224,1277,1428,674,754,357,185,172,
12515,1431,704,727,2503,1240,1263,2861,1401,1460,2502,1225,1277,1429,674,755,357,185,172,
12520,1431,704,727,2504,1241,1263,2861,1401,1460,2503,1226,1277,1429,674,755,358,185,173,
12525,1432,704,728,2504,1241,1263,2862,1401,1461,2504,1226,1278,1431,675,756,358,185,173,
12530,1432,704,728,2505,1241,1264,2863,1402,1461,2505,1227,1278,1432,675,757,358,185,173,
12535,1432,704,728,2507,1243,1264,2864,1403,1461,2506,1228,1278,1432,675,757,358,185,173,
12540,1433,705,728,2508,1244,1264,2866,1403,1463,2507,1228,1279,1432,675,757,358,185,173,
12545,1434,705,729,2508,1244,1264,2866,1403,1463,2508,1228,1280,1432,675,757,358,185,173,
12550,1435,705,730,2510,1245,1265,2869,1406,1463,2509,1228,1281,1433,675,758,358,185,173,
12555,1435,705,730,2511,1246,1265,2869,1406,1463,2510,1229,1281,1433,675,758,359,185,174,
12560,1436,706,730,2511,1246,1265,2870,1406,1464,2511,1230,1281,1435,676,759,359,185,174,
12565,1436,706,730,2512,1247,1265,2871,1406,1465,2512,1230,1282,1436,676,760,359,185,174,
12570,1436,706,730,2514,1249,1265,2872,1407,1465,2513,1231,1282,1436,676,760,359,185,174,
12575,1437,706,731,2515,1250,1265,2874,1408,1466,2514,1231,1283,1436,676,760,359,185,174,
12580,1438,706,732,2515,1250,1265,2874,1408,1466,2515,1231,1284,1436,676,760,359,185,174,
12585,1439,706,733,2517,1251,1266,2877,1411,1466,2516,1232,1284,1437,676,761,359,185,174,
12590,1439,706,733,2518,1252,1266,2877,1411,1466,2517,1232,1285,1437,676,761,360,185,175,
12595,1440,706,734,2518,1252,1266,2878,1412,1466,2518,1233,1285,1439,678,761,360,185,175,
12600,1440,706,734,2519,1252,1267,2879,1412,1467,2519,1233,1286,1440,678,762,360,185,175,
12605,1440,706,734,2521,1254,1267,2880,1412,1468,2520,1234,1286,1440,678,762,360,185,175,
12610,1441,707,734,2522,1254,1268,2882,1412,1470,2521,1235,1286,1440,678,762,360,185,175,
12615,1442,707,735,2522,1254,1268,2882,1412,1470,2522,1236,1286,1440,678,762,360,185,175,
12620,1443,708,735,2524,1255,1269,2885,1412,1473,2523,1236,1287,1441,678,763,360,185,175,
12625,1443,708,735,2525,1255,1270,2885,1412,1473,2524,1237,1287,1441,678,763,361,185,176,
12630,1444,708,736,2525,1255,1270,2886,1413,1473,2525,1238,1287,1443,678,765,361,185,176,
12635,1444,708,736,2526,1256,1270,2887,1414,1473,2526,1238,1288,1444,678,766,361,185,176,
12640,1444,708,736,2528,1257,1271,2888,1414,1474,2527,1239,1288,1444,678,766,361,185,176,
12645,1445,708,737,2529,1258,1271,2890,1416,1474,2528,1240,1288,1444,678,766,361,185,176,
12650,1446,708,738,2529,1258,1271,2890,1416,1474,2529,1241,1288,1444,678,766,361,185,176,
12655,1447,708,739,2531,1260,1271,2893,1417,1476,2530,1241,1289,1445,678,767,361,185,176,
12660,1447,708,739,2532,1261,1271,2893,1417,1476,2531,1242,1289,1445,678,767,362,186,176,
12665,1448,709,739,2532,1261,1271,2894,1418,1476,2532,1242,1290,1447,678,769,362,186,176,
12670,1448,709,739,2533,1262,1271,2895,1419,1476,2533,1242,1291,1448,679,769,362,186,176,
12675,1448,709,739,2535,1263,1272,2896,1420,1476,2534,1242,1292,1448,679,769,362,186,176,
12680,1449,710,739,2536,1264,1272,2898,1421,1477,2535,1243,1292,1448,679,769,362,186,176,
12685,1450,710,740,2536,1264,1272,2898,1421,1477,2536,1243,1293,1448,679,769,362,186,176,
12690,1451,710,741,2538,1266,1272,2901,1424,1477,2537,1244,1293,1449,679,770,362,186,176,
12695,1451,710,741,2539,1266,1273,2901,1424,1477,2538,1245,1293,1449,679,770,363,187,176,
12700,1452,710,742,2539,1266,1273,2902,1425,1477,2539,1245,1294,1451,680,771,363,187,176,
12705,1452,710,742,2540,1266,1274,2903,1426,1477,2540,1246,1294,1452,680,772,363,187,176,
12710,1452,710,742,2542,1268,1274,2904,1427,1477,2541,1247,1294,1452,680,772,363,187,176,
12715,1453,710,743,2543,1269,1274,2906,1429,1477,2542,1248,1294,1452,680,772,363,187,176,
12720,1454,710,744,2543,1269,1274,2906,1429,1477,2543,1249,1294,1452,680,772,363,187,176,
12725,1455,710,745,2545,1270,1275,2909,1431,1478,2544,1250,1294,1453,681,772,363,187,176,
12730,1455,710,745,2546,1270,1276,2909,1431,1478,2545,1250,1295,1453,681,772,364,188,176,
12735,1456,711,745,2546,1270,1276,2910,1432,1478,2546,1250,1296,1455,681,774,364,188,176,
12740,1456,711,745,2547,1270,1277,2911,1432,1479,2547,1251,1296,1456,681,775,364,188,176,
12745,1456,711,745,2549,1272,1277,2912,1433,1479,2548,1252,1296,1456,681,775,364,188,176,
12750,1457,711,746,2550,1272,1278,2914,1433,1481,2549,1253,1296,1456,681,775,364,188,176,
12755,1458,712,746,2550,1272,1278,2914,1433,1481,2550,1253,1297,1456,681,775,364,188,176,
12760,1459,713,746,2552,1272,1280,2917,1434,1483,2551,1253,1298,1457,682,775,364,188,176,
12765,1459,713,746,2553,1272,1281,2917,1434,1483,2552,1254,1298,1457,682,775,365,188,177,
12770,1460,713,747,2553,1272,1281,2918,1434,1484,2553,1254,1299,1459,683,776,365,188,177,
12775,1460,713,747,2554,1273,1281,2919,1435,1484,2554,1255,1299,1460,683,777,365,188,177,
12780,1460,713,747,2556,1275,1281,2920,1436,1484,2555,1256,1299,1460,683,777,365,188,177,
12785,1461,713,748,2557,1275,1282,2922,1437,1485,2556,1257,1299,1460,683,777,365,188,177,
12790,1462,713,749,2557,1275,1282,2922,1437,1485,2557,1257,1300,1460,683,777,365,188,177,
12795,1463,714,749,2559,1276,1283,2925,1438,1487,2558,1257,1301,1461,684,777,365,188,177,
12800,1463,714,749,2560,1276,1284,2925,1438,1487,2559,1258,1301,1461,684,777,366,189,177,
12805,1464,714,750,2560,1276,1284,2926,1438,1488,2560,1258,1302,1463,686,777,366,189,177,
12810,1464,714,750,2561,1277,1284,2927,1439,1488,2561,1258,1303,1464,686,778,366,189,177,
12815,1464,714,750,2563,1277,1286,2928,1439,1489,2562,1258,1304,1464,686,778,366,189,177,
12820,1465,714,751,2564,1278,1286,2930,1440,1490,2563,1258,1305,1464,686,778,366,189,177,
12825,1466,714,752,2564,1278,1286,2930,1440,1490,2564,1259,1305,1464,686,778,366,189,177,
12830,1467,714,753,2566,1278,1288,2933,1441,1492,2565,1259,1306,1465,686,779,366,189,177,
12835,1467,714,753,2567,1279,1288,2933,1441,1492,2566,1259,1307,1465,686,779,367,190,177,
12840,1468,715,753,2567,1279,1288,2934,1442,1492,2567,1259,1308,1467,686,781,367,190,177,
12845,1468,715,753,2568,1279,1289,2935,1443,1492,2568,1260,1308,1468,686,782,367,190,177,
12850,1468,715,753,2570,1280,1290,2936,1443,1493,2569,1260,1309,1468,686,782,367,190,177,
12855,1469,716,753,2571,1280,1291,2938,1443,1495,2570,1261,1309,1468,686,782,367,190,177,
12860,1470,716,754,2571,1280,1291,2938,1443,1495,2571,1262,1309,1468,686,782,367,190,177,
12865,1471,716,755,2573,1282,1291,2941,1444,1497,2572,1262,1310,1469,687,782,367,190,177,
12870,1471,716,755,2574,1282,1292,2941,1444,1497,2573,1263,1310,1469,687,782,368,191,177,
12875,1472,717,755,2574,1282,1292,2942,1444,1498,2574,1263,1311,1471,687,784,368,191,177,
12880,1472,717,755,2575,1282,1293,2943,1444,1499,2575,1264,1311,1472,687,785,368,191,177,
12885,1472,717,755,2577,1283,1294,2944,1445,1499,2576,1265,1311,1472,687,785,368,191,177,
12890,1473,717,756,2578,1284,1294,2946,1445,1501,2577,1266,1311,1472,687,785,368,191,177,
12895,1474,717,757,2578,1284,1294,2946,1445,1501,2578,1267,1311,1472,687,785,368,191,177,
12900,1475,718,757,2580,1285,1295,2949,1445,1504,2579,1267,1312,1473,687,786,368,191,177,
12905,1475,718,757,2581,1285,1296,2949,1445,1504,2580,1267,1313,1473,687,786,369,192,177,
12910,1476,718,758,2581,1285,1296,2950,1445,1505,2581,1268,1313,1475,688,787,369,192,177,
12915,1476,718,758,2582,1286,1296,2951,1445,1506,2582,1268,1314,1476,688,788,369,192,177,
12920,1476,718,758,2584,1287,1297,2952,1446,1506,2583,1269,1314,1476,688,788,369,192,177,
12925,1477,719,758,2585,1287,1298,2954,1448,1506,2584,1270,1314,1476,688,788,369,192,177,
12930,1478,720,758,2585,1287,1298,2954,1448,1506,2585,1270,1315,1476,688,788,369,192,177,
12935,1479,721,758,2587,1287,1300,2957,1448,1509,2586,1271,1315,1477,688,789,369,192,177,
12940,1479,721,758,2588,1287,1301,2957,1448,1509,2587,1271,1316,1477,688,789,370,193,177,
12945,1480,722,758,2588,1287,1301,2958,1448,1510,2588,1271,1317,1479,690,789,370,193,177,
12950,1480,722,758,2589,1288,1301,2959,1449,1510,2589,1272,1317,1480,690,790,370,193,177,
12955,1480,722,758,2591,1289,1302,2960,1450,1510,2590,1272,1318,1480,690,790,370,193,177,
12960,1481,723,758,2592,1290,1302,2962,1451,1511,2591,1272,1319,1480,690,790,370,193,177,
12965,1482,724,758,2592,1290,1302,2962,1451,1511,2592,1272,1320,1480,690,790,370,193,177,
12970,1483,725,758,2594,1291,1303,2965,1451,1514,2593,1273,1320,1481,690,791,370,193,177,
12975,1483,725,758,2595,1292,1303,2965,1451,1514,2594,1274,1320,1481,690,791,371,194,177,
12980,1484,726,758,2595,1292,1303,2966,1451,1515,2595,1275,1320,1483,691,792,371,194,177,
12985,1484,726,758,2596,1292,1304,2967,1451,1516,2596,1275,1321,1484,691,793,371,194,177,
12990,1484,726,758,2598,1294,1304,2968,1451,1517,2597,1275,1322,1484,691,793,371,194,177,
12995,1485,727,758,2599,1294,1305,2970,1452,1518,2598,1275,1323,1484,691,793,371,194,177,
13000,1486,728,758,2599,1294,1305,2970,1452,1518,2599,1276,1323,1484,691,793,371,194,177,
13005,1487,728,759,2601,1295,1306,2973,1452,1521,2600,1276,1324,1485,691,794,371,194,177,
13010,1487,728,759,2602,1295,1307,2973,1452,1521,2601,1277,1324,1485,691,794,372,194,178,
13015,1488,728,760,2602,1295,1307,2974,1452,1522,2602,1278,1324,1487,692,795,372,194,178,
13020,1488,728,760,2603,1295,1308,2975,1452,1523,2603,1279,1324,1488,693,795,372,194,178,
13025,1488,728,760,2605,1295,1310,2976,1452,1524,2604,1279,1325,1488,693,795,372,194,178,
13030,1489,728,761,2606,1295,1311,2978,1454,1524,2605,1279,1326,1488,693,795,372,194,178,
13035,1490,729,761,2606,1295,1311,2978,1454,1524,2606,1279,1327,1488,693,795,372,194,178,
13040,1491,729,762,2608,1295,1313,2981,1454,1527,2607,1279,1328,1489,693,796,372,194,178,
13045,1491,729,762,2609,1296,1313,2981,1454,1527,2608,1279,1329,1489,693,796,373,194,179,
13050,1492,730,762,2609,1296,1313,2982,1455,1527,2609,1279,1330,1491,695,796,373,194,179,
13055,1492,730,762,2610,1297,1313,2983,1455,1528,2610,1279,1331,1492,695,797,373,194,179,
13060,1492,730,762,2612,1298,1314,2984,1456,1528,2611,1279,1332,1492,695,797,373,194,179,
13065,1493,730,763,2613,1298,1315,2986,1456,1530,2612,1280,1332,1492,695,797,373,194,179,
13070,1494,730,764,2613,1298,1315,2986,1456,1530,2613,1280,1333,1492,695,797,373,194,179,
13075,1495,730,765,2615,1299,1316,2989,1457,1532,2614,1280,1334,1493,696,797,373,194,179,
13080,1495,730,765,2616,1299,1317,2989,1457,1532,2615,1280,1335,1493,696,797,374,194,180,
13085,1496,730,766,2616,1299,1317,2990,1458,1532,2616,1280,1336,1495,697,798,374,194,180,
13090,1496,730,766,2617,1299,1318,2991,1459,1532,2617,1280,1337,1496,697,799,374,194,180,
13095,1496,730,766,2619,1300,1319,2992,1460,1532,2618,1280,1338,1496,697,799,374,194,180,
13100,1497,731,766,2620,1300,1320,2994,1461,1533,2619,1280,1339,1496,697,799,374,194,180,
13105,1498,732,766,2620,1300,1320,2994,1461,1533,2620,1281,1339,1496,697,799,374,194,180,
13110,1499,733,766,2622,1301,1321,2997,1461,1536,2621,1281,1340,1497,698,799,374,194,180,
13115,1499,733,766,2623,1302,1321,2997,1461,1536,2622,1281,1341,1497,698,799,375,195,180,
13120,1500,733,767,2623,1302,1321,2998,1462,1536,2623,1281,1342,1499,700,799,375,195,180,
13125,1500,733,767,2624,1303,1321,2999,1462,1537,2624,1281,1343,1500,701,799,375,195,180,
13130,1500,733,767,2626,1303,1323,3000,1462,1538,2625,1282,1343,1500,701,799,375,195,180,
13135,1501,733,768,2627,1304,1323,3002,1463,1539,2626,1282,1344,1500,701,799,375,195,180,
13140,1502,733,769,2627,1304,1323,3002,1463,1539,2627,1283,1344,1500,701,799,375,195,180,
13145,1503,734,769,2629,1304,1325,3005,1466,1539,2628,1283,1345,1501,701,800,375,195,180,
13150,1503,734,769,2630,1304,1326,3005,1466,1539,2629,1283,1346,1501,701,800,376,196,180,
13155,1504,735,769,2630,1304,1326,3006,1467,1539,2630,1283,1347,1503,702,801,376,196,180,
13160,1504,735,769,2631,1305,1326,3007,1467,1540,2631,1283,1348,1504,703,801,376,196,180,
13165,1504,735,769,2633,1307,1326,3008,1467,1541,2632,1283,1349,1504,703,801,376,196,180,
13170,1505,735,770,2634,1307,1327,3010,1467,1543,2633,1283,1350,1504,703,801,376,196,180,
13175,1506,735,771,2634,1307,1327,3010,1467,1543,2634,1284,1350,1504,703,801,376,196,180,
13180,1507,736,771,2636,1309,1327,3013,1467,1546,2635,1285,1350,1505,704,801,376,196,180,
13185,1507,736,771,2637,1309,1328,3013,1467,1546,2636,1285,1351,1505,704,801,377,197,180,
13190,1508,737,771,2637,1309,1328,3014,1467,1547,2637,1285,1352,1507,705,802,377,197,180,
13195,1508,737,771,2638,1310,1328,3015,1468,1547,2638,1286,1352,1508,705,803,377,197,180,
13200,1508,737,771,2640,1311,1329,3016,1468,1548,2639,1286,1353,1508,705,803,377,197,180,
13205,1509,737,772,2641,1311,1330,3018,1469,1549,2640,1286,1354,1508,705,803,377,197,180,
13210,1510,737,773,2641,1311,1330,3018,1469,1549,2641,1286,1355,1508,705,803,377,197,180,
13215,1511,737,774,2643,1311,1332,3021,1471,1550,2642,1286,1356,1509,705,804,377,197,180,
13220,1511,737,774,2644,1311,1333,3021,1471,1550,2643,1287,1356,1509,705,804,378,198,180,
13225,1512,737,775,2644,1311,1333,3022,1472,1550,2644,1288,1356,1511,707,804,378,198,180,
13230,1512,737,775,2645,1312,1333,3023,1473,1550,2645,1289,1356,1512,708,804,378,198,180,
13235,1512,737,775,2647,1312,1335,3024,1474,1550,2646,1290,1356,1512,708,804,378,198,180,
13240,1513,737,776,2648,1312,1336,3026,1475,1551,2647,1290,1357,1512,708,804,378,198,180,
13245,1514,737,777,2648,1312,1336,3026,1475,1551,2648,1290,1358,1512,708,804,378,198,180,
13250,1515,738,777,2650,1313,1337,3029,1476,1553,2649,1291,1358,1513,709,804,378,198,180,
13255,1515,738,777,2651,1314,1337,3029,1476,1553,2650,1292,1358,1513,709,804,379,199,180,
13260,1516,738,778,2651,1314,1337,3030,1477,1553,2651,1293,1358,1515,710,805,379,199,180,
13265,1516,738,778,2652,1315,1337,3031,1477,1554,2652,1293,1359,1516,711,805,379,199,180,
13270,1516,738,778,2654,1317,1337,3032,1477,1555,2653,1294,1359,1516,711,805,379,199,180,
13275,1517,739,778,2655,1318,1337,3034,1478,1556,2654,1294,1360,1516,711,805,379,199,180,
13280,1518,740,778,2655,1318,1337,3034,1478,1556,2655,1294,1361,1516,711,805,379,199,180,
13285,1519,741,778,2657,1320,1337,3037,1478,1559,2656,1294,1362,1517,712,805,379,199,180,
13290,1519,741,778,2658,1320,1338,3037,1478,1559,2657,1294,1363,1517,712,805,380,200,180,
13295,1520,742,778,2658,1320,1338,3038,1478,1560,2658,1294,1364,1519,713,806,380,200,180,
13300,1520,742,778,2659,1321,1338,3039,1478,1561,2659,1295,1364,1520,713,807,380,200,180,
13305,1520,742,778,2661,1322,1339,3040,1478,1562,2660,1295,1365,1520,713,807,380,200,180,
13310,1521,742,779,2662,1323,1339,3042,1479,1563,2661,1296,1365,1520,713,807,380,200,180,
13315,1522,742,780,2662,1323,1339,3042,1479,1563,2662,1296,1366,1520,713,807,380,200,180,
13320,1523,743,780,2664,1324,1340,3045,1479,1566,2663,1296,1367,1521,714,807,380,200,180,
13325,1523,743,780,2665,1325,1340,3045,1479,1566,2664,1297,1367,1521,714,807,381,200,181,
13330,1524,743,781,2665,1325,1340,3046,1479,1567,2665,1298,1367,1523,714,809,381,200,181,
13335,1524,743,781,2666,1325,1341,3047,1479,1568,2666,1298,1368,1524,714,810,381,200,181,
13340,1524,743,781,2668,1326,1342,3048,1479,1569,2667,1298,1369,1524,714,810,381,200,181,
13345,1525,744,781,2669,1326,1343,3050,1480,1570,2668,1298,1370,1524,714,810,381,200,181,
13350,1526,745,781,2669,1326,1343,3050,1480,1570,2669,1299,1370,1524,714,810,381,200,181,
13355,1527,746,781,2671,1326,1345,3053,1481,1572,2670,1300,1370,1525,715,810,381,200,181,
13360,1527,746,781,2672,1327,1345,3053,1481,1572,2671,1301,1370,1525,715,810,382,201,181,
13365,1528,747,781,2672,1327,1345,3054,1482,1572,2672,1302,1370,1527,716,811,382,201,181,
13370,1528,747,781,2673,1327,1346,3055,1482,1573,2673,1302,1371,1528,716,812,382,201,181,
13375,1528,747,781,2675,1328,1347,3056,1483,1573,2674,1302,1372,1528,716,812,382,201,181,
13380,1529,747,782,2676,1329,1347,3058,1484,1574,2675,1302,1373,1528,716,812,382,201,181,
13385,1530,747,783,2676,1329,1347,3058,1484,1574,2676,1303,1373,1528,716,812,382,201,181,
13390,1531,747,784,2678,1330,1348,3061,1486,1575,2677,1303,1374,1529,716,813,382,201,181,
13395,1531,747,784,2679,1331,1348,3061,1486,1575,2678,1304,1374,1529,716,813,383,202,181,
13400,1532,748,784,2679,1331,1348,3062,1487,1575,2679,1304,1375,1531,718,813,383,202,181,
13405,1532,748,784,2680,1332,1348,3063,1488,1575,2680,1305,1375,1532,718,814,383,202,181,
13410,1532,748,784,2682,1332,1350,3064,1488,1576,2681,1305,1376,1532,718,814,383,202,181,
13415,1533,748,785,2683,1333,1350,3066,1490,1576,2682,1306,1376,1532,718,814,383,202,181,
13420,1534,749,785,2683,1333,1350,3066,1490,1576,2683,1306,1377,1532,718,814,383,202,181,
13425,1535,750,785,2685,1333,1352,3069,1492,1577,2684,1307,1377,1533,719,814,383,202,181,
13430,1535,750,785,2686,1333,1353,3069,1492,1577,2685,1308,1377,1533,719,814,384,203,181,
13435,1536,751,785,2686,1333,1353,3070,1492,1578,2686,1309,1377,1535,720,815,384,203,181,
13440,1536,751,785,2687,1334,1353,3071,1493,1578,2687,1309,1378,1536,721,815,384,203,181,
13445,1536,751,785,2689,1335,1354,3072,1494,1578,2688,1309,1379,1536,721,815,384,203,181,
13450,1537,751,786,2690,1336,1354,3074,1494,1580,2689,1310,1379,1536,721,815,384,203,181,
13455,1538,751,787,2690,1336,1354,3074,1494,1580,2690,1311,1379,1536,721,815,384,203,181,
13460,1539,752,787,2692,1337,1355,3077,1497,1580,2691,1312,1379,1537,722,815,384,203,181,
13465,1539,752,787,2693,1337,1356,3077,1497,1580,2692,1313,1379,1537,722,815,385,204,181,
13470,1540,752,788,2693,1337,1356,3078,1498,1580,2693,1314,1379,1539,722,817,385,204,181,
13475,1540,752,788,2694,1338,1356,3079,1498,1581,2694,1315,1379,1540,722,818,385,204,181,
13480,1540,752,788,2696,1338,1358,3080,1499,1581,2695,1316,1379,1540,722,818,385,204,181,
13485,1541,753,788,2697,1338,1359,3082,1499,1583,2696,1316,1380,1540,722,818,385,204,181,
13490,1542,753,789,2697,1338,1359,3082,1499,1583,2697,1316,1381,1540,722,818,385,204,181,
13495,1543,754,789,2699,1340,1359,3085,1500,1585,2698,1316,1382,1541,723,818,385,204,181,
13500,1543,754,789,2700,1340,1360,3085,1500,1585,2699,1317,1382,1541,723,818,386,204,182,
13505,1544,755,789,2700,1340,1360,3086,1500,1586,2700,1318,1382,1543,724,819,386,204,182,
13510,1544,755,789,2701,1341,1360,3087,1501,1586,2701,1318,1383,1544,724,820,386,204,182,
13515,1544,755,789,2703,1342,1361,3088,1502,1586,2702,1319,1383,1544,724,820,386,204,182,
13520,1545,755,790,2704,1342,1362,3090,1502,1588,2703,1319,1384,1544,724,820,386,204,182,
13525,1546,755,791,2704,1342,1362,3090,1502,1588,2704,1320,1384,1544,724,820,386,204,182,
13530,1547,755,792,2706,1343,1363,3093,1503,1590,2705,1321,1384,1545,725,820,386,204,182,
13535,1547,755,792,2707,1343,1364,3093,1503,1590,2706,1322,1384,1545,725,820,387,205,182,
13540,1548,756,792,2707,1343,1364,3094,1504,1590,2707,1323,1384,1547,725,822,387,205,182,
13545,1548,756,792,2708,1343,1365,3095,1504,1591,2708,1324,1384,1548,725,823,387,205,182,
13550,1548,756,792,2710,1343,1367,3096,1504,1592,2709,1324,1385,1548,725,823,387,205,182,
13555,1549,757,792,2711,1343,1368,3098,1505,1593,2710,1325,1385,1548,725,823,387,205,182,
13560,1550,758,792,2711,1343,1368,3098,1505,1593,2711,1326,1385,1548,725,823,387,205,182,
13565,1551,758,793,2713,1345,1368,3101,1507,1594,2712,1326,1386,1549,725,824,387,205,182,
13570,1551,758,793,2714,1345,1369,3101,1507,1594,2713,1327,1386,1549,725,824,388,206,182,
13575,1552,759,793,2714,1345,1369,3102,1507,1595,2714,1328,1386,1551,725,826,388,206,182,
13580,1552,759,793,2715,1346,1369,3103,1508,1595,2715,1328,1387,1552,726,826,388,206,182,
13585,1552,759,793,2717,1347,1370,3104,1509,1595,2716,1329,1387,1552,726,826,388,206,182,
13590,1553,759,794,2718,1348,1370,3106,1509,1597,2717,1330,1387,1552,726,826,388,206,182,
13595,1554,760,794,2718,1348,1370,3106,1509,1597,2718,1330,1388,1552,726,826,388,206,182,
13600,1555,761,794,2720,1348,1372,3109,1510,1599,2719,1331,1388,1553,727,826,388,206,182,
13605,1555,761,794,2721,1349,1372,3109,1510,1599,2720,1331,1389,1553,727,826,389,207,182,
13610,1556,761,795,2721,1349,1372,3110,1510,1600,2721,1331,1390,1555,727,828,389,207,182,
13615,1556,761,795,2722,1349,1373,3111,1510,1601,2722,1332,1390,1556,728,828,389,207,182,
13620,1556,761,795,2724,1351,1373,3112,1511,1601,2723,1333,1390,1556,728,828,389,207,182,
13625,1557,762,795,2725,1351,1374,3114,1512,1602,2724,1334,1390,1556,728,828,389,207,182,
13630,1558,763,795,2725,1351,1374,3114,1512,1602,2725,1334,1391,1556,728,828,389,207,182,
13635,1559,763,796,2727,1351,1376,3117,1514,1603,2726,1335,1391,1557,729,828,389,207,182,
13640,1559,763,796,2728,1351,1377,3117,1514,1603,2727,1336,1391,1557,729,828,390,208,182,
13645,1560,764,796,2728,1351,1377,3118,1515,1603,2728,1336,1392,1559,730,829,390,208,182,
13650,1560,764,796,2729,1351,1378,3119,1515,1604,2729,1336,1393,1560,731,829,390,208,182,
13655,1560,764,796,2731,1353,1378,3120,1516,1604,2730,1337,1393,1560,731,829,390,208,182,
13660,1561,765,796,2732,1354,1378,3122,1518,1604,2731,1338,1393,1560,731,829,390,208,182,
13665,1562,765,797,2732,1354,1378,3122,1518,1604,2732,1338,1394,1560,731,829,390,208,182,
13670,1563,765,798,2734,1354,1380,3125,1519,1606,2733,1339,1394,1561,732,829,390,208,182,
13675,1563,765,798,2735,1355,1380,3125,1519,1606,2734,1339,1395,1561,732,829,391,208,183,
13680,1564,765,799,2735,1355,1380,3126,1519,1607,2735,1340,1395,1563,732,831,391,208,183,
13685,1564,765,799,2736,1356,1380,3127,1519,1608,2736,1340,1396,1564,733,831,391,208,183,
13690,1564,765,799,2738,1358,1380,3128,1520,1608,2737,1341,1396,1564,733,831,391,208,183,
13695,1565,766,799,2739,1359,1380,3130,1521,1609,2738,1342,1396,1564,733,831,391,208,183,
13700,1566,766,800,2739,1359,1380,3130,1521,1609,2739,1343,1396,1564,733,831,391,208,183,
13705,1567,766,801,2741,1360,1381,3133,1524,1609,2740,1344,1396,1565,734,831,391,208,183,
13710,1567,766,801,2742,1360,1382,3133,1524,1609,2741,1345,1396,1565,734,831,392,208,184,
13715,1568,767,801,2742,1360,1382,3134,1525,1609,2742,1345,1397,1567,734,833,392,208,184,
13720,1568,767,801,2743,1360,1383,3135,1525,1610,2743,1345,1398,1568,734,834,392,208,184,
13725,1568,767,801,2745,1362,1383,3136,1525,1611,2744,1345,1399,1568,734,834,392,208,184,
13730,1569,768,801,2746,1362,1384,3138,1527,1611,2745,1345,1400,1568,734,834,392,208,184,
13735,1570,768,802,2746,1362,1384,3138,1527,1611,2746,1345,1401,1568,734,834,392,208,184,
13740,1571,768,803,2748,1364,1384,3141,1529,1612,2747,1345,1402,1569,735,834,392,208,184,
13745,1571,768,803,2749,1365,1384,3141,1529,1612,2748,1345,1403,1569,735,834,393,209,184,
13750,1572,769,803,2749,1365,1384,3142,1529,1613,2749,1345,1404,1571,736,835,393,209,184,
13755,1572,769,803,2750,1365,1385,3143,1530,1613,2750,1345,1405,1572,737,835,393,209,184,
13760,1572,769,803,2752,1366,1386,3144,1530,1614,2751,1346,1405,1572,737,835,393,209,184,
13765,1573,769,804,2753,1367,1386,3146,1531,1615,2752,1346,1406,1572,737,835,393,209,184,
13770,1574,769,805,2753,1367,1386,3146,1531,1615,2753,1346,1407,1572,737,835,393,209,184,
13775,1575,769,806,2755,1368,1387,3149,1531,1618,2754,1346,1408,1573,737,836,393,209,184,
13780,1575,769,806,2756,1368,1388,3149,1531,1618,2755,1347,1408,1573,737,836,394,209,185,
13785,1576,770,806,2756,1368,1388,3150,1532,1618,2756,1348,1408,1575,739,836,394,209,185,
13790,1576,770,806,2757,1368,1389,3151,1532,1619,2757,1348,1409,1576,739,837,394,209,185,
13795,1576,770,806,2759,1369,1390,3152,1532,1620,2758,1349,1409,1576,739,837,394,209,185,
13800,1577,771,806,2760,1370,1390,3154,1533,1621,2759,1350,1409,1576,739,837,394,209,185,
13805,1578,771,807,2760,1370,1390,3154,1533,1621,2760,1351,1409,1576,739,837,394,209,185,
13810,1579,772,807,2762,1372,1390,3157,1534,1623,2761,1351,1410,1577,740,837,394,209,185,
13815,1579,772,807,2763,1372,1391,3157,1534,1623,2762,1351,1411,1577,740,837,395,209,186,
13820,1580,773,807,2763,1372,1391,3158,1535,1623,2763,1352,1411,1579,740,839,395,209,186,
13825,1580,773,807,2764,1373,1391,3159,1536,1623,2764,1353,1411,1580,740,840,395,209,186,
13830,1580,773,807,2766,1374,1392,3160,1537,1623,2765,1354,1411,1580,740,840,395,209,186,
13835,1581,773,808,2767,1374,1393,3162,1537,1625,2766,1354,1412,1580,740,840,395,209,186,
13840,1582,774,808,2767,1374,1393,3162,1537,1625,2767,1355,1412,1580,740,840,395,209,186,
13845,1583,774,809,2769,1375,1394,3165,1539,1626,2768,1355,1413,1581,740,841,395,209,186,
13850,1583,774,809,2770,1375,1395,3165,1539,1626,2769,1355,1414,1581,740,841,396,209,187,
13855,1584,774,810,2770,1375,1395,3166,1539,1627,2770,1355,1415,1583,740,843,396,209,187,
13860,1584,774,810,2771,1375,1396,3167,1539,1628,2771,1355,1416,1584,741,843,396,209,187,
13865,1584,774,810,2773,1377,1396,3168,1539,1629,2772,1355,1417,1584,741,843,396,209,187,
13870,1585,774,811,2774,1377,1397,3170,1540,1630,2773,1355,1418,1584,741,843,396,209,187,
13875,1586,774,812,2774,1377,1397,3170,1540,1630,2774,1355,1419,1584,741,843,396,209,187,
13880,1587,775,812,2776,1378,1398,3173,1542,1631,2775,1356,1419,1585,741,844,396,209,187,
13885,1587,775,812,2777,1378,1399,3173,1542,1631,2776,1357,1419,1585,741,844,397,209,188,
13890,1588,775,813,2777,1378,1399,3174,1542,1632,2777,1357,1420,1587,742,845,397,209,188,
13895,1588,775,813,2778,1378,1400,3175,1542,1633,2778,1357,1421,1588,743,845,397,209,188,
13900,1588,775,813,2780,1379,1401,3176,1542,1634,2779,1357,1422,1588,743,845,397,209,188,
13905,1589,775,814,2781,1380,1401,3178,1542,1636,2780,1357,1423,1588,743,845,397,209,188,
13910,1590,775,815,2781,1380,1401,3178,1542,1636,2781,1357,1424,1588,743,845,397,209,188,
13915,1591,776,815,2783,1381,1402,3181,1544,1637,2782,1357,1425,1589,743,846,397,209,188,
13920,1591,776,815,2784,1382,1402,3181,1544,1637,2783,1358,1425,1589,743,846,398,209,189,
13925,1592,776,816,2784,1382,1402,3182,1545,1637,2784,1359,1425,1591,744,847,398,209,189,
13930,1592,776,816,2785,1382,1403,3183,1546,1637,2785,1359,1426,1592,744,848,398,209,189,
13935,1592,776,816,2787,1384,1403,3184,1546,1638,2786,1359,1427,1592,744,848,398,209,189,
13940,1593,776,817,2788,1384,1404,3186,1548,1638,2787,1359,1428,1592,744,848,398,209,189,
13945,1594,777,817,2788,1384,1404,3186,1548,1638,2788,1360,1428,1592,744,848,398,209,189,
13950,1595,777,818,2790,1385,1405,3189,1549,1640,2789,1360,1429,1593,744,849,398,209,189,
13955,1595,777,818,2791,1385,1406,3189,1549,1640,2790,1360,1430,1593,744,849,399,209,190,
13960,1596,778,818,2791,1385,1406,3190,1549,1641,2791,1360,1431,1595,744,851,399,209,190,
13965,1596,778,818,2792,1386,1406,3191,1549,1642,2792,1360,1432,1596,744,852,399,209,190,
13970,1596,778,818,2794,1387,1407,3192,1550,1642,2793,1360,1433,1596,744,852,399,209,190,
13975,1597,779,818,2795,1387,1408,3194,1552,1642,2794,1360,1434,1596,744,852,399,209,190,
13980,1598,779,819,2795,1387,1408,3194,1552,1642,2795,1360,1435,1596,744,852,399,209,190,
13985,1599,779,820,2797,1387,1410,3197,1553,1644,2796,1360,1436,1597,744,853,399,209,190,
13990,1599,779,820,2798,1387,1411,3197,1553,1644,2797,1360,1437,1597,744,853,400,209,191,
13995,1600,780,820,2798,1387,1411,3198,1553,1645,2798,1360,1438,1599,744,855,400,209,191,
14000,1600,780,820,2799,1387,1412,3199,1554,1645,2799,1361,1438,1600,745,855,400,209,191,
14005,1600,780,820,2801,1387,1414,3200,1554,1646,2800,1361,1439,1600,745,855,400,209,191,
14010,1601,780,821,2802,1388,1414,3202,1554,1648,2801,1362,1439,1600,745,855,400,209,191,
14015,1602,781,821,2802,1388,1414,3202,1554,1648,2802,1363,1439,1600,745,855,400,209,191,
14020,1603,781,822,2804,1389,1415,3205,1554,1651,2803,1363,1440,1601,746,855,400,209,191,
14025,1603,781,822,2805,1390,1415,3205,1554,1651,2804,1364,1440,1601,746,855,401,209,192,
14030,1604,781,823,2805,1390,1415,3206,1555,1651,2805,1364,1441,1603,746,857,401,209,192,
14035,1604,781,823,2806,1391,1415,3207,1555,1652,2806,1364,1442,1604,746,858,401,209,192,
14040,1604,781,823,2808,1392,1416,3208,1556,1652,2807,1364,1443,1604,746,858,401,209,192,
14045,1605,782,823,2809,1393,1416,3210,1556,1654,2808,1364,1444,1604,746,858,401,209,192,
14050,1606,783,823,2809,1393,1416,3210,1556,1654,2809,1364,1445,1604,746,858,401,209,192,
14055,1607,783,824,2811,1395,1416,3213,1557,1656,2810,1364,1446,1605,746,859,401,209,192,
14060,1607,783,824,2812,1395,1417,3213,1557,1656,2811,1364,1447,1605,746,859,402,210,192,
14065,1608,784,824,2812,1395,1417,3214,1558,1656,2812,1365,1447,1607,748,859,402,210,192,
14070,1608,784,824,2813,1396,1417,3215,1558,1657,2813,1366,1447,1608,749,859,402,210,192,
14075,1608,784,824,2815,1397,1418,3216,1559,1657,2814,1366,1448,1608,749,859,402,210,192,
14080,1609,784,825,2816,1397,1419,3218,1559,1659,2815,1366,1449,1608,749,859,402,210,192,
14085,1610,784,826,2816,1397,1419,3218,1559,1659,2816,1366,1450,1608,749,859,402,210,192,
14090,1611,784,827,2818,1398,1420,3221,1559,1662,2817,1366,1451,1609,749,860,402,210,192,
14095,1611,784,827,2819,1399,1420,3221,1559,1662,2818,1367,1451,1609,749,860,403,210,193,
14100,1612,785,827,2819,1399,1420,3222,1560,1662,2819,1368,1451,1611,750,861,403,210,193,
14105,1612,785,827,2820,1399,1421,3223,1560,1663,2820,1369,1451,1612,751,861,403,210,193,
14110,1612,785,827,2822,1401,1421,3224,1560,1664,2821,1369,1452,1612,751,861,403,210,193,
14115,1613,785,828,2823,1401,1422,3226,1561,1665,2822,1370,1452,1612,751,861,403,210,193,
14120,1614,786,828,2823,1401,1422,3226,1561,1665,2823,1371,1452,1612,751,861,403,210,193,
14125,1615,786,829,2825,1403,1422,3229,1561,1668,2824,1372,1452,1613,751,862,403,210,193,
14130,1615,786,829,2826,1403,1423,3229,1561,1668,2825,1373,1452,1613,751,862,404,210,194,
14135,1616,786,830,2826,1403,1423,3230,1561,1669,2826,1373,1453,1615,751,864,404,210,194,
14140,1616,786,830,2827,1404,1423,3231,1561,1670,2827,1373,1454,1616,751,865,404,210,194,
14145,1616,786,830,2829,1406,1423,3232,1562,1670,2828,1373,1455,1616,751,865,404,210,194,
14150,1617,786,831,2830,1407,1423,3234,1564,1670,2829,1373,1456,1616,751,865,404,210,194,
14155,1618,787,831,2830,1407,1423,3234,1564,1670,2830,1373,1457,1616,751,865,404,210,194,
14160,1619,787,832,2832,1408,1424,3237,1566,1671,2831,1373,1458,1617,752,865,404,210,194,
14165,1619,787,832,2833,1408,1425,3237,1566,1671,2832,1374,1458,1617,752,865,405,210,195,
14170,1620,788,832,2833,1408,1425,3238,1567,1671,2833,1375,1458,1619,753,866,405,210,195,
14175,1620,788,832,2834,1409,1425,3239,1567,1672,2834,1375,1459,1620,753,867,405,210,195,
14180,1620,788,832,2836,1409,1427,3240,1567,1673,2835,1375,1460,1620,753,867,405,210,195,
14185,1621,788,833,2837,1410,1427,3242,1567,1675,2836,1376,1460,1620,753,867,405,210,195,
14190,1622,789,833,2837,1410,1427,3242,1567,1675,2837,1377,1460,1620,753,867,405,210,195,
14195,1623,789,834,2839,1411,1428,3245,1568,1677,2838,1377,1461,1621,754,867,405,210,195,
14200,1623,789,834,2840,1411,1429,3245,1568,1677,2839,1377,1462,1621,754,867,406,211,195,
14205,1624,790,834,2840,1411,1429,3246,1568,1678,2840,1378,1462,1623,755,868,406,211,195,
14210,1624,790,834,2841,1412,1429,3247,1569,1678,2841,1378,1463,1624,756,868,406,211,195,
14215,1624,790,834,2843,1412,1431,3248,1570,1678,2842,1379,1463,1624,756,868,406,211,195,
14220,1625,790,835,2844,1412,1432,3250,1570,1680,2843,1380,1463,1624,756,868,406,211,195,
14225,1626,790,836,2844,1412,1432,3250,1570,1680,2844,1381,1463,1624,756,868,406,211,195,
14230,1627,791,836,2846,1412,1434,3253,1572,1681,2845,1382,1463,1625,757,868,406,211,195,
14235,1627,791,836,2847,1413,1434,3253,1572,1681,2846,1383,1463,1625,757,868,407,211,196,
14240,1628,792,836,2847,1413,1434,3254,1573,1681,2847,1383,1464,1627,758,869,407,211,196,
14245,1628,792,836,2848,1414,1434,3255,1574,1681,2848,1383,1465,1628,758,870,407,211,196,
14250,1628,792,836,2850,1416,1434,3256,1574,1682,2849,1383,1466,1628,758,870,407,211,196,
14255,1629,792,837,2851,1416,1435,3258,1575,1683,2850,1384,1466,1628,758,870,407,211,196,
14260,1630,793,837,2851,1416,1435,3258,1575,1683,2851,1385,1466,1628,758,870,407,211,196,
14265,1631,793,838,2853,1417,1436,3261,1577,1684,2852,1386,1466,1629,759,870,407,211,196,
14270,1631,793,838,2854,1418,1436,3261,1577,1684,2853,1386,1467,1629,759,870,408,211,197,
14275,1632,794,838,2854,1418,1436,3262,1577,1685,2854,1386,1468,1631,761,870,408,211,197,
14280,1632,794,838,2855,1418,1437,3263,1578,1685,2855,1386,1469,1632,761,871,408,211,197,
14285,1632,794,838,2857,1419,1438,3264,1578,1686,2856,1386,1470,1632,761,871,408,211,197,
14290,1633,795,838,2858,1419,1439,3266,1579,1687,2857,1387,1470,1632,761,871,408,211,197,
14295,1634,795,839,2858,1419,1439,3266,1579,1687,2858,1387,1471,1632,761,871,408,211,197,
14300,1635,796,839,2860,1419,1441,3269,1580,1689,2859,1387,1472,1633,762,871,408,211,197,
14305,1635,796,839,2861,1420,1441,3269,1580,1689,2860,1388,1472,1633,762,871,409,212,197,
14310,1636,796,840,2861,1420,1441,3270,1580,1690,2861,1388,1473,1635,763,872,409,212,197,
14315,1636,796,840,2862,1421,1441,3271,1580,1691,2862,1389,1473,1636,764,872,409,212,197,
14320,1636,796,840,2864,1421,1443,3272,1581,1691,2863,1390,1473,1636,764,872,409,212,197,
14325,1637,797,840,2865,1422,1443,3274,1581,1693,2864,1391,1473,1636,764,872,409,212,197,
14330,1638,798,840,2865,1422,1443,3274,1581,1693,2865,1391,1474,1636,764,872,409,212,197,
14335,1639,798,841,2867,1422,1445,3277,1583,1694,2866,1391,1475,1637,765,872,409,212,197,
14340,1639,798,841,2868,1423,1445,3277,1583,1694,2867,1392,1475,1637,765,872,410,213,197,
14345,1640,798,842,2868,1423,1445,3278,1583,1695,2868,1392,1476,1639,766,873,410,213,197,
14350,1640,798,842,2869,1423,1446,3279,1583,1696,2869,1392,1477,1640,766,874,410,213,197,
14355,1640,798,842,2871,1425,1446,3280,1583,1697,2870,1392,1478,1640,766,874,410,213,197,
14360,1641,799,842,2872,1425,1447,3282,1583,1699,2871,1393,1478,1640,766,874,410,213,197,
14365,1642,799,843,2872,1425,1447,3282,1583,1699,2872,1393,1479,1640,766,874,410,213,197,
14370,1643,799,844,2874,1426,1448,3285,1583,1702,2873,1393,1480,1641,767,874,410,213,197,
14375,1643,799,844,2875,1427,1448,3285,1583,1702,2874,1394,1480,1641,767,874,411,213,198,
14380,1644,800,844,2875,1427,1448,3286,1583,1703,2875,1394,1481,1643,769,874,411,213,198,
14385,1644,800,844,2876,1428,1448,3287,1584,1703,2876,1394,1482,1644,769,875,411,213,198,
14390,1644,800,844,2878,1428,1450,3288,1584,1704,2877,1395,1482,1644,769,875,411,213,198,
14395,1645,800,845,2879,1428,1451,3290,1584,1706,2878,1395,1483,1644,769,875,411,213,198,
14400,1646,800,846,2879,1428,1451,3290,1584,1706,2879,1395,1484,1644,769,875,411,213,198,
14405,1647,800,847,2881,1429,1452,3293,1584,1709,2880,1395,1485,1645,769,876,411,213,198,
14410,1647,800,847,2882,1429,1453,3293,1584,1709,2881,1396,1485,1645,769,876,412,214,198,
14415,1648,801,847,2882,1429,1453,3294,1585,1709,2882,1397,1485,1647,769,878,412,214,198,
14420,1648,801,847,2883,1429,1454,3295,1586,1709,2883,1397,1486,1648,770,878,412,214,198,
14425,1648,801,847,2885,1430,1455,3296,1586,1710,2884,1398,1486,1648,770,878,412,214,198,
14430,1649,801,848,2886,1430,1456,3298,1586,1712,2885,1399,1486,1648,770,878,412,214,198,
14435,1650,801,849,2886,1430,1456,3298,1586,1712,2886,1400,1486,1648,770,878,412,214,198,
14440,1651,802,849,2888,1431,1457,3301,1587,1714,2887,1401,1486,1649,771,878,412,214,198,
14445,1651,802,849,2889,1431,1458,3301,1587,1714,2888,1402,1486,1649,771,878,413,214,199,
14450,1652,802,850,2889,1431,1458,3302,1587,1715,2889,1403,1486,1651,773,878,413,214,199,
14455,1652,802,850,2890,1432,1458,3303,1588,1715,2890,1403,1487,1652,774,878,413,214,199,
14460,1652,802,850,2892,1433,1459,3304,1588,1716,2891,1403,1488,1652,774,878,413,214,199,
14465,1653,803,850,2893,1433,1460,3306,1589,1717,2892,1403,1489,1652,774,878,413,214,199,
14470,1654,803,851,2893,1433,1460,3306,1589,1717,2893,1404,1489,1652,774,878,413,214,199,
14475,1655,804,851,2895,1433,1462,3309,1591,1718,2894,1404,1490,1653,774,879,413,214,199,
14480,1655,804,851,2896,1434,1462,3309,1591,1718,2895,1404,1491,1653,774,879,414,215,199,
14485,1656,805,851,2896,1434,1462,3310,1592,1718,2896,1404,1492,1655,776,879,414,215,199,
14490,1656,805,851,2897,1435,1462,3311,1592,1719,2897,1405,1492,1656,776,880,414,215,199,
14495,1656,805,851,2899,1436,1463,3312,1593,1719,2898,1405,1493,1656,776,880,414,215,199,
14500,1657,806,851,2900,1437,1463,3314,1593,1721,2899,1405,1494,1656,776,880,414,215,199,
14505,1658,807,851,2900,1437,1463,3314,1593,1721,2900,1406,1494,1656,776,880,414,215,199,
14510,1659,807,852,2902,1439,1463,3317,1595,1722,2901,1406,1495,1657,777,880,414,215,199,
14515,1659,807,852,2903,1440,1463,3317,1595,1722,2902,1406,1496,1657,777,880,415,216,199,
14520,1660,808,852,2903,1440,1463,3318,1595,1723,2903,1406,1497,1659,778,881,415,216,199,
14525,1660,808,852,2904,1440,1464,3319,1595,1724,2904,1406,1498,1660,779,881,415,216,199,
14530,1660,808,852,2906,1442,1464,3320,1596,1724,2905,1406,1499,1660,779,881,415,216,199,
14535,1661,808,853,2907,1443,1464,3322,1598,1724,2906,1407,1499,1660,779,881,415,216,199,
14540,1662,808,854,2907,1443,1464,3322,1598,1724,2907,1408,1499,1660,779,881,415,216,199,
14545,1663,809,854,2909,1445,1464,3325,1598,1727,2908,1409,1499,1661,779,882,415,216,199,
14550,1663,809,854,2910,1446,1464,3325,1598,1727,2909,1410,1499,1661,779,882,416,216,200,
14555,1664,809,855,2910,1446,1464,3326,1598,1728,2910,1410,1500,1663,781,882,416,216,200,
14560,1664,809,855,2911,1447,1464,3327,1599,1728,2911,1410,1501,1664,781,883,416,216,200,
14565,1664,809,855,2913,1448,1465,3328,1599,1729,2912,1411,1501,1664,781,883,416,216,200,
14570,1665,810,855,2914,1448,1466,3330,1599,1731,2913,1412,1501,1664,781,883,416,216,200,
14575,1666,811,855,2914,1448,1466,3330,1599,1731,2914,1412,1502,1664,781,883,416,216,200,
14580,1667,811,856,2916,1449,1467,3333,1600,1733,2915,1413,1502,1665,782,883,416,216,200,
14585,1667,811,856,2917,1450,1467,3333,1600,1733,2916,1413,1503,1665,782,883,417,216,201,
14590,1668,811,857,2917,1450,1467,3334,1600,1734,2917,1413,1504,1667,783,884,417,216,201,
14595,1668,811,857,2918,1451,1467,3335,1600,1735,2918,1414,1504,1668,783,885,417,216,201,
14600,1668,811,857,2920,1451,1469,3336,1600,1736,2919,1414,1505,1668,783,885,417,216,201,
14605,1669,812,857,2921,1452,1469,3338,1601,1737,2920,1414,1506,1668,783,885,417,216,201,
14610,1670,813,857,2921,1452,1469,3338,1601,1737,2921,1415,1506,1668,783,885,417,216,201,
14615,1671,813,858,2923,1452,1471,3341,1603,1738,2922,1415,1507,1669,784,885,417,216,201,
14620,1671,813,858,2924,1453,1471,3341,1603,1738,2923,1416,1507,1669,784,885,418,216,202,
14625,1672,813,859,2924,1453,1471,3342,1604,1738,2924,1416,1508,1671,785,886,418,216,202,
14630,1672,813,859,2925,1454,1471,3343,1605,1738,2925,1416,1509,1672,786,886,418,216,202,
14635,1672,813,859,2927,1456,1471,3344,1605,1739,2926,1416,1510,1672,786,886,418,216,202,
14640,1673,813,860,2928,1457,1471,3346,1606,1740,2927,1416,1511,1672,786,886,418,216,202,
14645,1674,814,860,2928,1457,1471,3346,1606,1740,2928,1417,1511,1672,786,886,418,216,202,
14650,1675,814,861,2930,1458,1472,3349,1608,1741,2929,1418,1511,1673,787,886,418,216,202,
14655,1675,814,861,2931,1459,1472,3349,1608,1741,2930,1419,1511,1673,787,886,419,216,203,
14660,1676,815,861,2931,1459,1472,3350,1609,1741,2931,1420,1511,1675,788,887,419,216,203,
14665,1676,815,861,2932,1460,1472,3351,1609,1742,2932,1421,1511,1676,789,887,419,216,203,
14670,1676,815,861,2934,1461,1473,3352,1609,1743,2933,1422,1511,1676,789,887,419,216,203,
14675,1677,816,861,2935,1462,1473,3354,1609,1745,2934,1423,1511,1676,789,887,419,216,203,
14680,1678,817,861,2935,1462,1473,3354,1609,1745,2935,1424,1511,1676,789,887,419,216,203,
14685,1679,817,862,2937,1463,1474,3357,1611,1746,2936,1425,1511,1677,789,888,419,216,203,
14690,1679,817,862,2938,1464,1474,3357,1611,1746,2937,1426,1511,1677,789,888,420,216,204,
14695,1680,817,863,2938,1464,1474,3358,1612,1746,2938,1426,1512,1679,790,889,420,216,204,
14700,1680,817,863,2939,1465,1474,3359,1613,1746,2939,1427,1512,1680,790,890,420,216,204,
14705,1680,817,863,2941,1465,1476,3360,1613,1747,2940,1428,1512,1680,790,890,420,216,204,
14710,1681,818,863,2942,1466,1476,3362,1614,1748,2941,1428,1513,1680,790,890,420,216,204,
14715,1682,819,863,2942,1466,1476,3362,1614,1748,2942,1429,1513,1680,790,890,420,216,204,
14720,1683,819,864,2944,1468,1476,3365,1615,1750,2943,1430,1513,1681,791,890,420,216,204,
14725,1683,819,864,2945,1469,1476,3365,1615,1750,2944,1430,1514,1681,791,890,421,217,204,
14730,1684,820,864,2945,1469,1476,3366,1615,1751,2945,1430,1515,1683,793,890,421,217,204,
14735,1684,820,864,2946,1469,1477,3367,1616,1751,2946,1430,1516,1684,794,890,421,217,204,
14740,1684,820,864,2948,1470,1478,3368,1617,1751,2947,1431,1516,1684,794,890,421,217,204,
14745,1685,821,864,2949,1471,1478,3370,1618,1752,2948,1431,1517,1684,794,890,421,217,204,
14750,1686,822,864,2949,1471,1478,3370,1618,1752,2949,1431,1518,1684,794,890,421,217,204,
14755,1687,823,864,2951,1472,1479,3373,1620,1753,2950,1432,1518,1685,794,891,421,217,204,
14760,1687,823,864,2952,1472,1480,3373,1620,1753,2951,1432,1519,1685,794,891,422,217,205,
14765,1688,823,865,2952,1472,1480,3374,1621,1753,2952,1432,1520,1687,796,891,422,217,205,
14770,1688,823,865,2953,1472,1481,3375,1622,1753,2953,1432,1521,1688,797,891,422,217,205,
14775,1688,823,865,2955,1473,1482,3376,1622,1754,2954,1432,1522,1688,797,891,422,217,205,
14780,1689,824,865,2956,1473,1483,3378,1623,1755,2955,1432,1523,1688,797,891,422,217,205,
14785,1690,824,866,2956,1473,1483,3378,1623,1755,2956,1433,1523,1688,797,891,422,217,205,
14790,1691,824,867,2958,1473,1485,3381,1624,1757,2957,1433,1524,1689,797,892,422,217,205,
14795,1691,824,867,2959,1473,1486,3381,1624,1757,2958,1433,1525,1689,797,892,423,217,206,
14800,1692,824,868,2959,1473,1486,3382,1625,1757,2959,1434,1525,1691,798,893,423,217,206,
14805,1692,824,868,2960,1474,1486,3383,1625,1758,2960,1434,1526,1692,799,893,423,217,206,
14810,1692,824,868,2962,1474,1488,3384,1625,1759,2961,1434,1527,1692,799,893,423,217,206,
14815,1693,824,869,2963,1474,1489,3386,1627,1759,2962,1435,1527,1692,799,893,423,217,206,
14820,1694,825,869,2963,1474,1489,3386,1627,1759,2963,1435,1528,1692,799,893,423,217,206,
14825,1695,826,869,2965,1476,1489,3389,1629,1760,2964,1435,1529,1693,799,894,423,217,206,
14830,1695,826,869,2966,1477,1489,3389,1629,1760,2965,1436,1529,1693,799,894,424,217,207,
14835,1696,827,869,2966,1477,1489,3390,1629,1761,2966,1436,1530,1695,800,895,424,217,207,
14840,1696,827,869,2967,1477,1490,3391,1629,1762,2967,1436,1531,1696,801,895,424,217,207,
14845,1696,827,869,2969,1477,1492,3392,1629,1763,2968,1436,1532,1696,801,895,424,217,207,
14850,1697,828,869,2970,1477,1493,3394,1629,1765,2969,1437,1532,1696,801,895,424,217,207,
14855,1698,829,869,2970,1477,1493,3394,1629,1765,2970,1437,1533,1696,801,895,424,217,207,
14860,1699,830,869,2972,1478,1494,3397,1630,1767,2971,1437,1534,1697,802,895,424,217,207,
14865,1699,830,869,2973,1479,1494,3397,1630,1767,2972,1437,1535,1697,802,895,425,217,208,
14870,1700,831,869,2973,1479,1494,3398,1631,1767,2973,1437,1536,1699,803,896,425,217,208,
14875,1700,831,869,2974,1480,1494,3399,1631,1768,2974,1437,1537,1700,803,897,425,217,208,
14880,1700,831,869,2976,1482,1494,3400,1632,1768,2975,1437,1538,1700,803,897,425,217,208,
14885,1701,831,870,2977,1483,1494,3402,1633,1769,2976,1438,1538,1700,803,897,425,217,208,
14890,1702,832,870,2977,1483,1494,3402,1633,1769,2977,1439,1538,1700,803,897,425,217,208,
14895,1703,833,870,2979,1484,1495,3405,1634,1771,2978,1439,1539,1701,803,898,425,217,208,
14900,1703,833,870,2980,1485,1495,3405,1634,1771,2979,1440,1539,1701,803,898,426,218,208,
14905,1704,834,870,2980,1485,1495,3406,1634,1772,2980,1440,1540,1703,803,900,426,218,208,
14910,1704,834,870,2981,1485,1496,3407,1634,1773,2981,1441,1540,1704,804,900,426,218,208,
14915,1704,834,870,2983,1486,1497,3408,1634,1774,2982,1441,1541,1704,804,900,426,218,208,
14920,1705,835,870,2984,1487,1497,3410,1635,1775,2983,1441,1542,1704,804,900,426,218,208,
14925,1706,836,870,2984,1487,1497,3410,1635,1775,2984,1441,1543,1704,804,900,426,218,208,
14930,1707,836,871,2986,1487,1499,3413,1636,1777,2985,1441,1544,1705,805,900,426,218,208,
14935,1707,836,871,2987,1488,1499,3413,1636,1777,2986,1441,1545,1705,805,900,427,218,209,
14940,1708,837,871,2987,1488,1499,3414,1636,1778,2987,1441,1546,1707,807,900,427,218,209,
14945,1708,837,871,2988,1489,1499,3415,1637,1778,2988,1442,1546,1708,807,901,427,218,209,
14950,1708,837,871,2990,1490,1500,3416,1638,1778,2989,1442,1547,1708,807,901,427,218,209,
14955,1709,837,872,2991,1490,1501,3418,1639,1779,2990,1442,1548,1708,807,901,427,218,209,
14960,1710,838,872,2991,1490,1501,3418,1639,1779,2991,1442,1549,1708,807,901,427,218,209,
14965,1711,839,872,2993,1491,1502,3421,1642,1779,2992,1442,1550,1709,808,901,427,218,209,
14970,1711,839,872,2994,1491,1503,3421,1642,1779,2993,1443,1550,1709,808,901,428,219,209,
14975,1712,840,872,2994,1491,1503,3422,1642,1780,2994,1443,1551,1711,808,903,428,219,209,
14980,1712,840,872,2995,1491,1504,3423,1643,1780,2995,1444,1551,1712,808,904,428,219,209,
14985,1712,840,872,2997,1491,1506,3424,1643,1781,2996,1444,1552,1712,808,904,428,219,209,
14990,1713,840,873,2998,1492,1506,3426,1643,1783,2997,1444,1553,1712,808,904,428,219,209,
14995,1714,840,874,2998,1492,1506,3426,1643,1783,2998,1444,1554,1712,808,904,428,219,209,
15000,1715,840,875,3000,1492,1508,3429,1644,1785,2999,1445,1554,1713,809,904,428,219,209,
15005,1715,840,875,3001,1493,1508,3429,1644,1785,3000,1446,1554,1713,809,904,429,219,210,
15010,1716,840,876,3001,1493,1508,3430,1644,1786,3001,1446,1555,1715,811,904,429,219,210,
15015,1716,840,876,3002,1493,1509,3431,1645,1786,3002,1446,1556,1716,812,904,429,219,210,
15020,1716,840,876,3004,1495,1509,3432,1645,1787,3003,1447,1556,1716,812,904,429,219,210,
15025,1717,841,876,3005,1496,1509,3434,1646,1788,3004,1448,1556,1716,812,904,429,219,210,
15030,1718,841,877,3005,1496,1509,3434,1646,1788,3005,1449,1556,1716,812,904,429,219,210,
15035,1719,842,877,3007,1496,1511,3437,1646,1791,3006,1449,1557,1717,813,904,429,219,210,
15040,1719,842,877,3008,1497,1511,3437,1646,1791,3007,1449,1558,1717,813,904,430,219,211,
15045,1720,842,878,3008,1497,1511,3438,1646,1792,3008,1450,1558,1719,814,905,430,219,211,
15050,1720,842,878,3009,1498,1511,3439,1647,1792,3009,1451,1558,1720,815,905,430,219,211,
15055,1720,842,878,3011,1499,1512,3440,1648,1792,3010,1452,1558,1720,815,905,430,219,211,
15060,1721,843,878,3012,1500,1512,3442,1650,1792,3011,1452,1559,1720,815,905,430,219,211,
15065,1722,843,879,3012,1500,1512,3442,1650,1792,3012,1453,1559,1720,815,905,430,219,211,
15070,1723,844,879,3014,1502,1512,3445,1652,1793,3013,1454,1559,1721,815,906,430,219,211,
15075,1723,844,879,3015,1503,1512,3445,1652,1793,3014,1454,1560,1721,815,906,431,220,211,
15080,1724,845,879,3015,1503,1512,3446,1652,1794,3015,1454,1561,1723,816,907,431,220,211,
15085,1724,845,879,3016,1503,1513,3447,1652,1795,3016,1454,1562,1724,816,908,431,220,211,
15090,1724,845,879,3018,1504,1514,3448,1652,1796,3017,1455,1562,1724,816,908,431,220,211,
15095,1725,846,879,3019,1504,1515,3450,1654,1796,3018,1455,1563,1724,816,908,431,220,211,
15100,1726,846,880,3019,1504,1515,3450,1654,1796,3019,1456,1563,1724,816,908,431,220,211,
15105,1727,847,880,3021,1506,1515,3453,1656,1797,3020,1456,1564,1725,816,909,431,220,211,
15110,1727,847,880,3022,1506,1516,3453,1656,1797,3021,1456,1565,1725,816,909,432,221,211,
15115,1728,847,881,3022,1506,1516,3454,1656,1798,3022,1456,1566,1727,817,910,432,221,211,
15120,1728,847,881,3023,1506,1517,3455,1656,1799,3023,1457,1566,1728,817,911,432,221,211,
15125,1728,847,881,3025,1508,1517,3456,1657,1799,3024,1457,1567,1728,817,911,432,221,211,
15130,1729,848,881,3026,1508,1518,3458,1659,1799,3025,1458,1567,1728,817,911,432,221,211,
15135,1730,849,881,3026,1508,1518,3458,1659,1799,3026,1459,1567,1728,817,911,432,221,211,
15140,1731,849,882,3028,1508,1520,3461,1661,1800,3027,1460,1567,1729,818,911,432,221,211,
15145,1731,849,882,3029,1508,1521,3461,1661,1800,3028,1461,1567,1729,818,911,433,222,211,
15150,1732,850,882,3029,1508,1521,3462,1662,1800,3029,1462,1567,1731,819,912,433,222,211,
15155,1732,850,882,3030,1509,1521,3463,1662,1801,3030,1463,1567,1732,820,912,433,222,211,
15160,1732,850,882,3032,1510,1522,3464,1663,1801,3031,1464,1567,1732,820,912,433,222,211,
15165,1733,850,883,3033,1510,1523,3466,1664,1802,3032,1464,1568,1732,820,912,433,222,211,
15170,1734,851,883,3033,1510,1523,3466,1664,1802,3033,1464,1569,1732,820,912,433,222,211,
15175,1735,851,884,3035,1511,1524,3469,1667,1802,3034,1465,1569,1733,820,913,433,222,211,
15180,1735,851,884,3036,1512,1524,3469,1667,1802,3035,1465,1570,1733,820,913,434,223,211,
15185,1736,851,885,3036,1512,1524,3470,1667,1803,3036,1465,1571,1735,820,915,434,223,211,
15190,1736,851,885,3037,1512,1525,3471,1668,1803,3037,1466,1571,1736,821,915,434,223,211,
15195,1736,851,885,3039,1512,1527,3472,1668,1804,3038,1466,1572,1736,821,915,434,223,211,
15200,1737,851,886,3040,1513,1527,3474,1669,1805,3039,1467,1572,1736,821,915,434,223,211,
15205,1738,852,886,3040,1513,1527,3474,1669,1805,3040,1467,1573,1736,821,915,434,223,211,
15210,1739,853,886,3042,1515,1527,3477,1670,1807,3041,1467,1574,1737,822,915,434,223,211,
15215,1739,853,886,3043,1516,1527,3477,1670,1807,3042,1468,1574,1737,822,915,435,224,211,
15220,1740,854,886,3043,1516,1527,3478,1670,1808,3043,1468,1575,1739,823,916,435,224,211,
15225,1740,854,886,3044,1516,1528,3479,1670,1809,3044,1468,1576,1740,824,916,435,224,211,
15230,1740,854,886,3046,1516,1530,3480,1670,1810,3045,1468,1577,1740,824,916,435,224,211,
15235,1741,854,887,3047,1516,1531,3482,1671,1811,3046,1469,1577,1740,824,916,435,224,211,
15240,1742,855,887,3047,1516,1531,3482,1671,1811,3047,1470,1577,1740,824,916,435,224,211,
15245,1743,855,888,3049,1517,1532,3485,1672,1813,3048,1471,1577,1741,824,917,435,224,211,
15250,1743,855,888,3050,1518,1532,3485,1672,1813,3049,1472,1577,1741,824,917,436,225,211,
15255,1744,855,889,3050,1518,1532,3486,1672,1814,3050,1473,1577,1743,825,918,436,225,211,
15260,1744,855,889,3051,1519,1532,3487,1672,1815,3051,1473,1578,1744,826,918,436,225,211,
15265,1744,855,889,3053,1521,1532,3488,1672,1816,3052,1474,1578,1744,826,918,436,225,211,
15270,1745,855,890,3054,1521,1533,3490,1673,1817,3053,1475,1578,1744,826,918,436,225,211,
15275,1746,856,890,3054,1521,1533,3490,1673,1817,3054,1476,1578,1744,826,918,436,225,211,
15280,1747,856,891,3056,1523,1533,3493,1675,1818,3055,1476,1579,1745,827,918,436,225,211,
15285,1747,856,891,3057,1524,1533,3493,1675,1818,3056,1477,1579,1745,827,918,437,226,211,
15290,1748,856,892,3057,1524,1533,3494,1676,1818,3057,1478,1579,1747,829,918,437,226,211,
15295,1748,856,892,3058,1524,1534,3495,1677,1818,3058,1478,1580,1748,829,919,437,226,211,
15300,1748,856,892,3060,1524,1536,3496,1677,1819,3059,1479,1580,1748,829,919,437,226,211,
15305,1749,857,892,3061,1524,1537,3498,1677,1821,3060,1479,1581,1748,829,919,437,226,211,
15310,1750,858,892,3061,1524,1537,3498,1677,1821,3061,1480,1581,1748,829,919,437,226,211,
15315,1751,858,893,3063,1525,1538,3501,1679,1822,3062,1481,1581,1749,829,920,437,226,211,
15320,1751,858,893,3064,1525,1539,3501,1679,1822,3063,1482,1581,1749,829,920,438,227,211,
15325,1752,858,894,3064,1525,1539,3502,1680,1822,3064,1483,1581,1751,830,921,438,227,211,
15330,1752,858,894,3065,1525,1540,3503,1681,1822,3065,1484,1581,1752,830,922,438,227,211,
15335,1752,858,894,3067,1526,1541,3504,1682,1822,3066,1485,1581,1752,830,922,438,227,211,
15340,1753,859,894,3068,1527,1541,3506,1683,1823,3067,1486,1581,1752,830,922,438,227,211,
15345,1754,860,894,3068,1527,1541,3506,1683,1823,3068,1486,1582,1752,830,922,438,227,211,
15350,1755,861,894,3070,1527,1543,3509,1684,1825,3069,1487,1582,1753,830,923,438,227,211,
15355,1755,861,894,3071,1527,1544,3509,1684,1825,3070,1488,1582,1753,830,923,439,228,211,
15360,1756,861,895,3071,1527,1544,3510,1685,1825,3071,1489,1582,1755,831,924,439,228,211,
15365,1756,861,895,3072,1527,1545,3511,1685,1826,3072,1490,1582,1756,831,925,439,228,211,
15370,1756,861,895,3074,1528,1546,3512,1685,1827,3073,1490,1583,1756,831,925,439,228,211,
15375,1757,862,895,3075,1528,1547,3514,1685,1829,3074,1490,1584,1756,831,925,439,228,211,
15380,1758,863,895,3075,1528,1547,3514,1685,1829,3075,1491,1584,1756,831,925,439,228,211,
15385,1759,863,896,3077,1529,1548,3517,1685,1832,3076,1492,1584,1757,831,926,439,228,211,
15390,1759,863,896,3078,1530,1548,3517,1685,1832,3077,1493,1584,1757,831,926,440,229,211,
15395,1760,863,897,3078,1530,1548,3518,1686,1832,3078,1493,1585,1759,833,926,440,229,211,
15400,1760,863,897,3079,1530,1549,3519,1686,1833,3079,1493,1586,1760,833,927,440,229,211,
15405,1760,863,897,3081,1531,1550,3520,1686,1834,3080,1493,1587,1760,833,927,440,229,211,
15410,1761,863,898,3082,1532,1550,3522,1687,1835,3081,1494,1587,1760,833,927,440,229,211,
15415,1762,864,898,3082,1532,1550,3522,1687,1835,3082,1494,1588,1760,833,927,440,229,211,
15420,1763,864,899,3084,1533,1551,3525,1689,1836,3083,1494,1589,1761,833,928,440,229,211,
15425,1763,864,899,3085,1534,1551,3525,1689,1836,3084,1494,1590,1761,833,928,441,229,212,
15430,1764,864,900,3085,1534,1551,3526,1690,1836,3085,1495,1590,1763,835,928,441,229,212,
15435,1764,864,900,3086,1534,1552,3527,1690,1837,3086,1495,1591,1764,835,929,441,229,212,
15440,1764,864,900,3088,1535,1553,3528,1691,1837,3087,1496,1591,1764,835,929,441,229,212,
15445,1765,864,901,3089,1535,1554,3530,1692,1838,3088,1497,1591,1764,835,929,441,229,212,
15450,1766,864,902,3089,1535,1554,3530,1692,1838,3089,1498,1591,1764,835,929,441,229,212,
15455,1767,864,903,3091,1536,1555,3533,1694,1839,3090,1499,1591,1765,836,929,441,229,212,
15460,1767,864,903,3092,1536,1556,3533,1694,1839,3091,1500,1591,1765,836,929,442,229,213,
15465,1768,864,904,3092,1536,1556,3534,1694,1840,3092,1501,1591,1767,837,930,442,229,213,
15470,1768,864,904,3093,1536,1557,3535,1695,1840,3093,1502,1591,1768,838,930,442,229,213,
15475,1768,864,904,3095,1536,1559,3536,1695,1841,3094,1503,1591,1768,838,930,442,229,213,
15480,1769,865,904,3096,1536,1560,3538,1696,1842,3095,1503,1592,1768,838,930,442,229,213,
15485,1770,865,905,3096,1536,1560,3538,1696,1842,3096,1503,1593,1768,838,930,442,229,213,
15490,1771,866,905,3098,1536,1562,3541,1697,1844,3097,1503,1594,1769,838,931,442,229,213,
15495,1771,866,905,3099,1536,1563,3541,1697,1844,3098,1504,1594,1769,838,931,443,230,213,
15500,1772,866,906,3099,1536,1563,3542,1697,1845,3099,1505,1594,1771,839,932,443,230,213,
15505,1772,866,906,3100,1536,1564,3543,1697,1846,3100,1505,1595,1772,839,933,443,230,213,
15510,1772,866,906,3102,1537,1565,3544,1697,1847,3101,1505,1596,1772,839,933,443,230,213,
15515,1773,867,906,3103,1537,1566,3546,1698,1848,3102,1506,1596,1772,839,933,443,230,213,
15520,1774,867,907,3103,1537,1566,3546,1698,1848,3103,1506,1597,1772,839,933,443,230,213,
15525,1775,867,908,3105,1539,1566,3549,1700,1849,3104,1507,1597,1773,840,933,443,230,213,
15530,1775,867,908,3106,1539,1567,3549,1700,1849,3105,1507,1598,1773,840,933,444,230,214,
15535,1776,867,909,3106,1539,1567,3550,1700,1850,3106,1507,1599,1775,841,934,444,230,214,
15540,1776,867,909,3107,1540,1567,3551,1700,1851,3107,1507,1600,1776,841,935,444,230,214,
15545,1776,867,909,3109,1541,1568,3552,1701,1851,3108,1507,1601,1776,841,935,444,230,214,
15550,1777,867,910,3110,1541,1569,3554,1701,1853,3109,1508,1601,1776,841,935,444,230,214,
15555,1778,867,911,3110,1541,1569,3554,1701,1853,3110,1508,1602,1776,841,935,444,230,214,
15560,1779,867,912,3112,1542,1570,3557,1703,1854,3111,1509,1602,1777,842,935,444,230,214,
15565,1779,867,912,3113,1543,1570,3557,1703,1854,3112,1509,1603,1777,842,935,445,231,214,
15570,1780,868,912,3113,1543,1570,3558,1704,1854,3113,1509,1604,1779,843,936,445,231,214,
15575,1780,868,912,3114,1543,1571,3559,1704,1855,3114,1510,1604,1780,844,936,445,231,214,
15580,1780,868,912,3116,1544,1572,3560,1704,1856,3115,1510,1605,1780,844,936,445,231,214,
15585,1781,869,912,3117,1545,1572,3562,1706,1856,3116,1510,1606,1780,844,936,445,231,214,
15590,1782,870,912,3117,1545,1572,3562,1706,1856,3117,1511,1606,1780,844,936,445,231,214,
15595,1783,871,912,3119,1546,1573,3565,1706,1859,3118,1511,1607,1781,845,936,445,231,214,
15600,1783,871,912,3120,1547,1573,3565,1706,1859,3119,1512,1607,1781,845,936,446,232,214,
15605,1784,872,912,3120,1547,1573,3566,1706,1860,3120,1513,1607,1783,845,938,446,232,214,
15610,1784,872,912,3121,1547,1574,3567,1707,1860,3121,1514,1607,1784,846,938,446,232,214,
15615,1784,872,912,3123,1547,1576,3568,1708,1860,3122,1515,1607,1784,846,938,446,232,214,
15620,1785,873,912,3124,1547,1577,3570,1708,1862,3123,1515,1608,1784,846,938,446,232,214,
15625,1786,874,912,3124,1547,1577,3570,1708,1862,3124,1515,1609,1784,846,938,446,232,214,
15630,1787,875,912,3126,1547,1579,3573,1711,1862,3125,1516,1609,1785,846,939,446,232,214,
15635,1787,875,912,3127,1547,1580,3573,1711,1862,3126,1517,1609,1785,846,939,447,232,215,
15640,1788,875,913,3127,1547,1580,3574,1711,1863,3127,1517,1610,1787,847,940,447,232,215,
15645,1788,875,913,3128,1547,1581,3575,1711,1864,3128,1517,1611,1788,848,940,447,232,215,
15650,1788,875,913,3130,1548,1582,3576,1712,1864,3129,1517,1612,1788,848,940,447,232,215,
15655,1789,875,914,3131,1549,1582,3578,1712,1866,3130,1517,1613,1788,848,940,447,232,215,
15660,1790,876,914,3131,1549,1582,3578,1712,1866,3131,1517,1614,1788,848,940,447,232,215,
15665,1791,876,915,3133,1551,1582,3581,1712,1869,3132,1517,1615,1789,848,941,447,232,215,
15670,1791,876,915,3134,1551,1583,3581,1712,1869,3133,1518,1615,1789,848,941,448,232,216,
15675,1792,877,915,3134,1551,1583,3582,1712,1870,3134,1518,1616,1791,849,942,448,232,216,
15680,1792,877,915,3135,1551,1584,3583,1712,1871,3135,1519,1616,1792,850,942,448,232,216,
15685,1792,877,915,3137,1551,1586,3584,1712,1872,3136,1519,1617,1792,850,942,448,232,216,
15690,1793,877,916,3138,1551,1587,3586,1713,1873,3137,1520,1617,1792,850,942,448,232,216,
15695,1794,877,917,3138,1551,1587,3586,1713,1873,3138,1521,1617,1792,850,942,448,232,216,
15700,1795,877,918,3140,1552,1588,3589,1713,1876,3139,1522,1617,1793,850,943,448,232,216,
15705,1795,877,918,3141,1553,1588,3589,1713,1876,3140,1522,1618,1793,850,943,449,232,217,
15710,1796,878,918,3141,1553,1588,3590,1714,1876,3141,1523,1618,1795,851,944,449,232,217,
15715,1796,878,918,3142,1553,1589,3591,1715,1876,3142,1523,1619,1796,852,944,449,232,217,
15720,1796,878,918,3144,1553,1591,3592,1715,1877,3143,1524,1619,1796,852,944,449,232,217,
15725,1797,878,919,3145,1553,1592,3594,1715,1879,3144,1524,1620,1796,852,944,449,232,217,
15730,1798,878,920,3145,1553,1592,3594,1715,1879,3145,1525,1620,1796,852,944,449,232,217,
15735,1799,879,920,3147,1553,1594,3597,1716,1881,3146,1525,1621,1797,853,944,449,232,217,
15740,1799,879,920,3148,1554,1594,3597,1716,1881,3147,1525,1622,1797,853,944,450,232,218,
15745,1800,880,920,3148,1554,1594,3598,1716,1882,3148,1525,1623,1799,855,944,450,232,218,
15750,1800,880,920,3149,1555,1594,3599,1717,1882,3149,1526,1623,1800,855,945,450,232,218,
15755,1800,880,920,3151,1556,1595,3600,1717,1883,3150,1527,1623,1800,855,945,450,232,218,
15760,1801,880,921,3152,1556,1596,3602,1718,1884,3151,1528,1623,1800,855,945,450,232,218,
15765,1802,880,922,3152,1556,1596,3602,1718,1884,3152,1529,1623,1800,855,945,450,232,218,
15770,1803,880,923,3154,1556,1598,3605,1719,1886,3153,1529,1624,1801,856,945,450,232,218,
15775,1803,880,923,3155,1557,1598,3605,1719,1886,3154,1529,1625,1801,856,945,451,232,219,
15780,1804,880,924,3155,1557,1598,3606,1719,1887,3155,1529,1626,1803,857,946,451,232,219,
15785,1804,880,924,3156,1557,1599,3607,1720,1887,3156,1530,1626,1804,858,946,451,232,219,
15790,1804,880,924,3158,1558,1600,3608,1720,1888,3157,1530,1627,1804,858,946,451,232,219,
15795,1805,880,925,3159,1559,1600,3610,1722,1888,3158,1531,1627,1804,858,946,451,232,219,
15800,1806,881,925,3159,1559,1600,3610,1722,1888,3159,1531,1628,1804,858,946,451,232,219,
15805,1807,882,925,3161,1560,1601,3613,1723,1890,3160,1531,1629,1805,859,946,451,232,219,
15810,1807,882,925,3162,1560,1602,3613,1723,1890,3161,1531,1630,1805,859,946,452,232,220,
15815,1808,882,926,3162,1560,1602,3614,1724,1890,3162,1531,1631,1807,860,947,452,232,220,
15820,1808,882,926,3163,1560,1603,3615,1724,1891,3163,1532,1631,1808,860,948,452,232,220,
15825,1808,882,926,3165,1560,1605,3616,1725,1891,3164,1532,1632,1808,860,948,452,232,220,
15830,1809,883,926,3166,1561,1605,3618,1726,1892,3165,1533,1632,1808,860,948,452,232,220,
15835,1810,884,926,3166,1561,1605,3618,1726,1892,3166,1533,1633,1808,860,948,452,232,220,
15840,1811,885,926,3168,1561,1607,3621,1727,1894,3167,1534,1633,1809,860,949,452,232,220,
15845,1811,885,926,3169,1561,1608,3621,1727,1894,3168,1534,1634,1809,860,949,453,232,221,
15850,1812,886,926,3169,1561,1608,3622,1727,1895,3169,1534,1635,1811,861,950,453,232,221,
15855,1812,886,926,3170,1562,1608,3623,1727,1896,3170,1534,1636,1812,861,951,453,232,221,
15860,1812,886,926,3172,1562,1610,3624,1727,1897,3171,1534,1637,1812,861,951,453,232,221,
15865,1813,887,926,3173,1563,1610,3626,1728,1898,3172,1534,1638,1812,861,951,453,232,221,
15870,1814,888,926,3173,1563,1610,3626,1728,1898,3173,1534,1639,1812,861,951,453,232,221,
15875,1815,889,926,3175,1563,1612,3629,1730,1899,3174,1534,1640,1813,862,951,453,232,221,
15880,1815,889,926,3176,1564,1612,3629,1730,1899,3175,1534,1641,1813,862,951,454,233,221,
15885,1816,890,926,3176,1564,1612,3630,1730,1900,3176,1535,1641,1815,863,952,454,233,221,
15890,1816,890,926,3177,1565,1612,3631,1730,1901,3177,1536,1641,1816,864,952,454,233,221,
15895,1816,890,926,3179,1566,1613,3632,1731,1901,3178,1536,1642,1816,864,952,454,233,221,
15900,1817,890,927,3180,1567,1613,3634,1732,1902,3179,1536,1643,1816,864,952,454,233,221,
15905,1818,891,927,3180,1567,1613,3634,1732,1902,3180,1536,1644,1816,864,952,454,233,221,
15910,1819,891,928,3182,1569,1613,3637,1734,1903,3181,1537,1644,1817,865,952,454,233,221,
15915,1819,891,928,3183,1570,1613,3637,1734,1903,3182,1538,1644,1817,865,952,455,234,221,
15920,1820,891,929,3183,1570,1613,3638,1734,1904,3183,1539,1644,1819,866,953,455,234,221,
15925,1820,891,929,3184,1570,1614,3639,1734,1905,3184,1539,1645,1820,866,954,455,234,221,
15930,1820,891,929,3186,1572,1614,3640,1735,1905,3185,1540,1645,1820,866,954,455,234,221,
15935,1821,891,930,3187,1572,1615,3642,1735,1907,3186,1540,1646,1820,866,954,455,234,221,
15940,1822,891,931,3187,1572,1615,3642,1735,1907,3187,1540,1647,1820,866,954,455,234,221,
15945,1823,891,932,3189,1573,1616,3645,1737,1908,3188,1541,1647,1821,867,954,455,234,221,
15950,1823,891,932,3190,1573,1617,3645,1737,1908,3189,1541,1648,1821,867,954,456,234,222,
15955,1824,892,932,3190,1573,1617,3646,1737,1909,3190,1542,1648,1823,867,956,456,234,222,
15960,1824,892,932,3191,1573,1618,3647,1738,1909,3191,1543,1648,1824,867,957,456,234,222,
15965,1824,892,932,3193,1574,1619,3648,1739,1909,3192,1544,1648,1824,867,957,456,234,222,
15970,1825,893,932,3194,1574,1620,3650,1741,1909,3193,1544,1649,1824,867,957,456,234,222,
15975,1826,893,933,3194,1574,1620,3650,1741,1909,3194,1544,1650,1824,867,957,456,234,222,
15980,1827,894,933,3196,1575,1621,3653,1741,1912,3195,1545,1650,1825,867,958,456,234,222,
15985,1827,894,933,3197,1575,1622,3653,1741,1912,3196,1545,1651,1825,867,958,457,234,223,
15990,1828,895,933,3197,1575,1622,3654,1742,1912,3197,1545,1652,1827,867,960,457,234,223,
15995,1828,895,933,3198,1576,1622,3655,1742,1913,3198,1546,1652,1828,867,961,457,234,223,
16000,1828,895,933,3200,1578,1622,3656,1743,1913,3199,1546,1653,1828,867,961,457,234,223,
16005,1829,895,934,3201,1578,1623,3658,1744,1914,3200,1546,1654,1828,867,961,457,234,223,
16010,1830,895,935,3201,1578,1623,3658,1744,1914,3201,1546,1655,1828,867,961,457,234,223,
16015,1831,896,935,3203,1579,1624,3661,1746,1915,3202,1546,1656,1829,867,962,457,234,223,
16020,1831,896,935,3204,1579,1625,3661,1746,1915,3203,1546,1657,1829,867,962,458,234,224,
16025,1832,896,936,3204,1579,1625,3662,1747,1915,3204,1547,1657,1831,867,964,458,234,224,
16030,1832,896,936,3205,1580,1625,3663,1747,1916,3205,1547,1658,1832,868,964,458,234,224,
16035,1832,896,936,3207,1581,1626,3664,1747,1917,3206,1547,1659,1832,868,964,458,234,224,
16040,1833,896,937,3208,1581,1627,3666,1748,1918,3207,1547,1660,1832,868,964,458,234,224,
16045,1834,897,937,3208,1581,1627,3666,1748,1918,3208,1548,1660,1832,868,964,458,234,224,
16050,1835,898,937,3210,1581,1629,3669,1749,1920,3209,1548,1661,1833,868,965,458,234,224,
16055,1835,898,937,3211,1582,1629,3669,1749,1920,3210,1549,1661,1833,868,965,459,234,225,
16060,1836,899,937,3211,1582,1629,3670,1750,1920,3211,1549,1662,1835,869,966,459,234,225,
16065,1836,899,937,3212,1582,1630,3671,1751,1920,3212,1550,1662,1836,870,966,459,234,225,
16070,1836,899,937,3214,1582,1632,3672,1751,1921,3213,1550,1663,1836,870,966,459,234,225,
16075,1837,900,937,3215,1582,1633,3674,1751,1923,3214,1550,1664,1836,870,966,459,234,225,
16080,1838,901,937,3215,1582,1633,3674,1751,1923,3215,1551,1664,1836,870,966,459,234,225,
16085,1839,902,937,3217,1583,1634,3677,1754,1923,3216,1552,1664,1837,870,967,459,234,225,
16090,1839,902,937,3218,1584,1634,3677,1754,1923,3217,1553,1664,1837,870,967,460,234,226,
16095,1840,903,937,3218,1584,1634,3678,1754,1924,3218,1553,1665,1839,871,968,460,234,226,
16100,1840,903,937,3219,1585,1634,3679,1754,1925,3219,1553,1666,1840,872,968,460,234,226,
16105,1840,903,937,3221,1587,1634,3680,1754,1926,3220,1554,1666,1840,872,968,460,234,226,
16110,1841,904,937,3222,1588,1634,3682,1756,1926,3221,1555,1666,1840,872,968,460,234,226,
16115,1842,905,937,3222,1588,1634,3682,1756,1926,3222,1556,1666,1840,872,968,460,234,226,
16120,1843,905,938,3224,1588,1636,3685,1758,1927,3223,1557,1666,1841,872,969,460,234,226,
16125,1843,905,938,3225,1589,1636,3685,1758,1927,3224,1558,1666,1841,872,969,461,234,227,
16130,1844,905,939,3225,1589,1636,3686,1759,1927,3225,1559,1666,1843,874,969,461,234,227,
16135,1844,905,939,3226,1589,1637,3687,1759,1928,3226,1560,1666,1844,875,969,461,234,227,
16140,1844,905,939,3228,1590,1638,3688,1760,1928,3227,1560,1667,1844,875,969,461,234,227,
16145,1845,905,940,3229,1590,1639,3690,1761,1929,3228,1561,1667,1844,875,969,461,234,227,
16150,1846,905,941,3229,1590,1639,3690,1761,1929,3229,1562,1667,1844,875,969,461,234,227,
16155,1847,906,941,3231,1590,1641,3693,1762,1931,3230,1562,1668,1845,876,969,461,234,227,
16160,1847,906,941,3232,1591,1641,3693,1762,1931,3231,1562,1669,1845,876,969,462,234,228,
16165,1848,906,942,3232,1591,1641,3694,1763,1931,3232,1563,1669,1847,876,971,462,234,228,
16170,1848,906,942,3233,1592,1641,3695,1764,1931,3233,1563,1670,1848,876,972,462,234,228,
16175,1848,906,942,3235,1593,1642,3696,1765,1931,3234,1564,1670,1848,876,972,462,234,228,
16180,1849,907,942,3236,1594,1642,3698,1766,1932,3235,1565,1670,1848,876,972,462,234,228,
16185,1850,908,942,3236,1594,1642,3698,1766,1932,3236,1566,1670,1848,876,972,462,234,228,
16190,1851,908,943,3238,1595,1643,3701,1767,1934,3237,1566,1671,1849,877,972,462,234,228,
16195,1851,908,943,3239,1596,1643,3701,1767,1934,3238,1566,1672,1849,877,972,463,234,229,
16200,1852,908,944,3239,1596,1643,3702,1767,1935,3239,1567,1672,1851,878,973,463,234,229,
16205,1852,908,944,3240,1596,1644,3703,1768,1935,3240,1568,1672,1852,879,973,463,234,229,
16210,1852,908,944,3242,1596,1646,3704,1768,1936,3241,1568,1673,1852,879,973,463,234,229,
16215,1853,908,945,3243,1596,1647,3706,1770,1936,3242,1568,1674,1852,879,973,463,234,229,
16220,1854,908,946,3243,1596,1647,3706,1770,1936,3243,1568,1675,1852,879,973,463,234,229,
16225,1855,908,947,3245,1597,1648,3709,1770,1939,3244,1568,1676,1853,879,974,463,234,229,
16230,1855,908,947,3246,1598,1648,3709,1770,1939,3245,1568,1677,1853,879,974,464,235,229,
16235,1856,908,948,3246,1598,1648,3710,1770,1940,3246,1568,1678,1855,879,976,464,235,229,
16240,1856,908,948,3247,1599,1648,3711,1771,1940,3247,1569,1678,1856,880,976,464,235,229,
16245,1856,908,948,3249,1601,1648,3712,1772,1940,3248,1570,1678,1856,880,976,464,235,229,
16250,1857,908,949,3250,1601,1649,3714,1772,1942,3249,1571,1678,1856,880,976,464,235,229,
16255,1858,908,950,3250,1601,1649,3714,1772,1942,3250,1571,1679,1856,880,976,464,235,229,
16260,1859,909,950,3252,1602,1650,3717,1773,1944,3251,1572,1679,1857,881,976,464,235,229,
16265,1859,909,950,3253,1603,1650,3717,1773,1944,3252,1573,1679,1857,881,976,465,235,230,
16270,1860,909,951,3253,1603,1650,3718,1774,1944,3253,1573,1680,1859,882,977,465,235,230,
16275,1860,909,951,3254,1603,1651,3719,1774,1945,3254,1573,1681,1860,882,978,465,235,230,
16280,1860,909,951,3256,1603,1653,3720,1775,1945,3255,1574,1681,1860,882,978,465,235,230,
16285,1861,909,952,3257,1604,1653,3722,1775,1947,3256,1574,1682,1860,882,978,465,235,230,
16290,1862,909,953,3257,1604,1653,3722,1775,1947,3257,1575,1682,1860,882,978,465,235,230,
16295,1863,909,954,3259,1605,1654,3725,1777,1948,3258,1576,1682,1861,883,978,465,235,230,
16300,1863,909,954,3260,1605,1655,3725,1777,1948,3259,1577,1682,1861,883,978,466,235,231,
16305,1864,909,955,3260,1605,1655,3726,1777,1949,3260,1578,1682,1863,884,979,466,235,231,
16310,1864,909,955,3261,1606,1655,3727,1777,1950,3261,1579,1682,1864,885,979,466,235,231,
16315,1864,909,955,3263,1608,1655,3728,1777,1951,3262,1580,1682,1864,885,979,466,235,231,
16320,1865,910,955,3264,1609,1655,3730,1777,1953,3263,1580,1683,1864,885,979,466,235,231,
16325,1866,911,955,3264,1609,1655,3730,1777,1953,3264,1581,1683,1864,885,979,466,235,231,
16330,1867,912,955,3266,1609,1657,3733,1778,1955,3265,1582,1683,1865,885,980,466,235,231,
16335,1867,912,955,3267,1610,1657,3733,1778,1955,3266,1583,1683,1865,885,980,467,235,232,
16340,1868,913,955,3267,1610,1657,3734,1779,1955,3267,1583,1684,1867,886,981,467,235,232,
16345,1868,913,955,3268,1611,1657,3735,1780,1955,3268,1584,1684,1868,886,982,467,235,232,
16350,1868,913,955,3270,1611,1659,3736,1781,1955,3269,1585,1684,1868,886,982,467,235,232,
16355,1869,913,956,3271,1611,1660,3738,1782,1956,3270,1585,1685,1868,886,982,467,235,232,
16360,1870,913,957,3271,1611,1660,3738,1782,1956,3271,1586,1685,1868,886,982,467,235,232,
16365,1871,913,958,3273,1612,1661,3741,1783,1958,3272,1586,1686,1869,886,983,467,235,232,
16370,1871,913,958,3274,1613,1661,3741,1783,1958,3273,1586,1687,1869,886,983,468,235,233,
16375,1872,914,958,3274,1613,1661,3742,1784,1958,3274,1587,1687,1871,886,985,468,235,233,
16380,1872,914,958,3275,1613,1662,3743,1784,1959,3275,1587,1688,1872,887,985,468,235,233,
16385,1872,914,958,3277,1614,1663,3744,1784,1960,3276,1587,1689,1872,887,985,468,235,233,
16390,1873,914,959,3278,1615,1663,3746,1785,1961,3277,1588,1689,1872,887,985,468,235,233,
16395,1874,914,960,3278,1615,1663,3746,1785,1961,3278,1588,1690,1872,887,985,468,235,233,
16400,1875,915,960,3280,1616,1664,3749,1787,1962,3279,1588,1691,1873,887,986,468,235,233,
16405,1875,915,960,3281,1617,1664,3749,1787,1962,3280,1588,1692,1873,887,986,469,235,234,
16410,1876,915,961,3281,1617,1664,3750,1788,1962,3281,1588,1693,1875,888,987,469,235,234,
16415,1876,915,961,3282,1617,1665,3751,1788,1963,3282,1589,1693,1876,889,987,469,235,234,
16420,1876,915,961,3284,1619,1665,3752,1788,1964,3283,1589,1694,1876,889,987,469,235,234,
16425,1877,915,962,3285,1620,1665,3754,1790,1964,3284,1589,1695,1876,889,987,469,235,234,
16430,1878,916,962,3285,1620,1665,3754,1790,1964,3285,1589,1696,1876,889,987,469,235,234,
16435,1879,917,962,3287,1621,1666,3757,1793,1964,3286,1589,1697,1877,889,988,469,235,234,
16440,1879,917,962,3288,1622,1666,3757,1793,1964,3287,1590,1697,1877,889,988,470,235,235,
16445,1880,918,962,3288,1622,1666,3758,1793,1965,3288,1590,1698,1879,891,988,470,235,235,
16450,1880,918,962,3289,1623,1666,3759,1793,1966,3289,1590,1699,1880,891,989,470,235,235,
16455,1880,918,962,3291,1624,1667,3760,1794,1966,3290,1590,1700,1880,891,989,470,235,235,
16460,1881,918,963,3292,1625,1667,3762,1796,1966,3291,1591,1700,1880,891,989,470,235,235,
16465,1882,919,963,3292,1625,1667,3762,1796,1966,3292,1591,1701,1880,891,989,470,235,235,
16470,1883,920,963,3294,1627,1667,3765,1798,1967,3293,1591,1702,1881,891,990,470,235,235,
16475,1883,920,963,3295,1628,1667,3765,1798,1967,3294,1592,1702,1881,891,990,471,236,235,
16480,1884,921,963,3295,1628,1667,3766,1799,1967,3295,1593,1702,1883,893,990,471,236,235,
16485,1884,921,963,3296,1628,1668,3767,1799,1968,3296,1593,1703,1884,893,991,471,236,235,
16490,1884,921,963,3298,1630,1668,3768,1799,1969,3297,1594,1703,1884,893,991,471,236,235,
16495,1885,921,964,3299,1630,1669,3770,1801,1969,3298,1595,1703,1884,893,991,471,236,235,
16500,1886,921,965,3299,1630,1669,3770,1801,1969,3299,1595,1704,1884,893,991,471,236,235,
16505,1887,921,966,3301,1632,1669,3773,1802,1971,3300,1595,1705,1885,893,992,471,236,235,
16510,1887,921,966,3302,1632,1670,3773,1802,1971,3301,1595,1706,1885,893,992,472,236,236,
16515,1888,921,967,3302,1632,1670,3774,1803,1971,3302,1595,1707,1887,894,993,472,236,236,
16520,1888,921,967,3303,1633,1670,3775,1803,1972,3303,1595,1708,1888,894,994,472,236,236,
16525,1888,921,967,3305,1633,1672,3776,1804,1972,3304,1596,1708,1888,894,994,472,236,236,
16530,1889,921,968,3306,1634,1672,3778,1805,1973,3305,1596,1709,1888,894,994,472,236,236,
16535,1890,921,969,3306,1634,1672,3778,1805,1973,3306,1597,1709,1888,894,994,472,236,236,
16540,1891,921,970,3308,1635,1673,3781,1806,1975,3307,1598,1709,1889,894,995,472,236,236,
16545,1891,921,970,3309,1635,1674,3781,1806,1975,3308,1599,1709,1889,894,995,473,236,237,
16550,1892,922,970,3309,1635,1674,3782,1807,1975,3309,1600,1709,1891,895,996,473,236,237,
16555,1892,922,970,3310,1635,1675,3783,1808,1975,3310,1600,1710,1892,895,997,473,236,237,
16560,1892,922,970,3312,1636,1676,3784,1808,1976,3311,1600,1711,1892,895,997,473,236,237,
16565,1893,923,970,3313,1636,1677,3786,1809,1977,3312,1600,1712,1892,895,997,473,236,237,
16570,1894,924,970,3313,1636,1677,3786,1809,1977,3313,1601,1712,1892,895,997,473,236,237,
16575,1895,924,971,3315,1637,1678,3789,1809,1980,3314,1602,1712,1893,895,998,473,236,237,
16580,1895,924,971,3316,1638,1678,3789,1809,1980,3315,1603,1712,1893,895,998,474,236,238,
16585,1896,925,971,3316,1638,1678,3790,1809,1981,3316,1604,1712,1895,895,1000,474,236,238,
16590,1896,925,971,3317,1638,1679,3791,1809,1982,3317,1605,1712,1896,896,1000,474,236,238,
16595,1896,925,971,3319,1638,1681,3792,1809,1983,3318,1606,1712,1896,896,1000,474,236,238,
16600,1897,925,972,3320,1638,1682,3794,1810,1984,3319,1606,1713,1896,896,1000,474,236,238,
16605,1898,926,972,3320,1638,1682,3794,1810,1984,3320,1607,1713,1896,896,1000,474,236,238,
16610,1899,926,973,3322,1640,1682,3797,1812,1985,3321,1608,1713,1897,897,1000,474,236,238,
16615,1899,926,973,3323,1640,1683,3797,1812,1985,3322,1608,1714,1897,897,1000,475,237,238,
16620,1900,926,974,3323,1640,1683,3798,1812,1986,3323,1608,1715,1899,898,1001,475,237,238,
16625,1900,926,974,3324,1641,1683,3799,1812,1987,3324,1608,1716,1900,898,1002,475,237,238,
16630,1900,926,974,3326,1642,1684,3800,1813,1987,3325,1608,1717,1900,898,1002,475,237,238,
16635,1901,927,974,3327,1643,1684,3802,1815,1987,3326,1608,1718,1900,898,1002,475,237,238,
16640,1902,928,974,3327,1643,1684,3802,1815,1987,3327,1608,1719,1900,898,1002,475,237,238,
16645,1903,929,974,3329,1644,1685,3805,1816,1989,3328,1609,1719,1901,899,1002,475,237,238,
16650,1903,929,974,3330,1644,1686,3805,1816,1989,3329,1609,1720,1901,899,1002,476,237,239,
16655,1904,929,975,3330,1644,1686,3806,1817,1989,3330,1609,1721,1903,900,1003,476,237,239,
16660,1904,929,975,3331,1644,1687,3807,1817,1990,3331,1610,1721,1904,901,1003,476,237,239,
16665,1904,929,975,3333,1646,1687,3808,1818,1990,3332,1610,1722,1904,901,1003,476,237,239,
16670,1905,930,975,3334,1647,1687,3810,1819,1991,3333,1611,1722,1904,901,1003,476,237,239,
16675,1906,931,975,3334,1647,1687,3810,1819,1991,3334,1611,1723,1904,901,1003,476,237,239,
16680,1907,931,976,3336,1648,1688,3813,1821,1992,3335,1612,1723,1905,901,1004,476,237,239,
16685,1907,931,976,3337,1649,1688,3813,1821,1992,3336,1613,1723,1905,901,1004,477,238,239,
16690,1908,932,976,3337,1649,1688,3814,1822,1992,3337,1613,1724,1907,903,1004,477,238,239,
16695,1908,932,976,3338,1649,1689,3815,1823,1992,3338,1614,1724,1908,903,1005,477,238,239,
16700,1908,932,976,3340,1650,1690,3816,1824,1992,3339,1615,1724,1908,903,1005,477,238,239,
16705,1909,932,977,3341,1651,1690,3818,1824,1994,3340,1616,1724,1908,903,1005,477,238,239,
16710,1910,933,977,3341,1651,1690,3818,1824,1994,3341,1617,1724,1908,903,1005,477,238,239,
16715,1911,934,977,3343,1652,1691,3821,1824,1997,3342,1618,1724,1909,904,1005,477,238,239,
16720,1911,934,977,3344,1653,1691,3821,1824,1997,3343,1618,1725,1909,904,1005,478,239,239,
16725,1912,934,978,3344,1653,1691,3822,1824,1998,3344,1618,1726,1911,905,1006,478,239,239,
16730,1912,934,978,3345,1654,1691,3823,1825,1998,3345,1618,1727,1912,906,1006,478,239,239,
16735,1912,934,978,3347,1655,1692,3824,1825,1999,3346,1618,1728,1912,906,1006,478,239,239,
16740,1913,934,979,3348,1656,1692,3826,1827,1999,3347,1619,1728,1912,906,1006,478,239,239,
16745,1914,935,979,3348,1656,1692,3826,1827,1999,3348,1619,1729,1912,906,1006,478,239,239,
16750,1915,935,980,3350,1656,1694,3829,1829,2000,3349,1619,1730,1913,907,1006,478,239,239,
16755,1915,935,980,3351,1656,1695,3829,1829,2000,3350,1619,1731,1913,907,1006,479,240,239,
16760,1916,935,981,3351,1656,1695,3830,1829,2001,3351,1619,1732,1915,907,1008,479,240,239,
16765,1916,935,981,3352,1657,1695,3831,1829,2002,3352,1619,1733,1916,907,1009,479,240,239,
16770,1916,935,981,3354,1659,1695,3832,1829,2003,3353,1619,1734,1916,907,1009,479,240,239,
16775,1917,936,981,3355,1659,1696,3834,1831,2003,3354,1619,1735,1916,907,1009,479,240,239,
16780,1918,937,981,3355,1659,1696,3834,1831,2003,3355,1620,1735,1916,907,1009,479,240,239,
16785,1919,938,981,3357,1659,1698,3837,1833,2004,3356,1620,1736,1917,908,1009,479,240,239,
16790,1919,938,981,3358,1660,1698,3837,1833,2004,3357,1620,1737,1917,908,1009,480,241,239,
16795,1920,938,982,3358,1660,1698,3838,1833,2005,3358,1620,1738,1919,908,1011,480,241,239,
16800,1920,938,982,3359,1660,1699,3839,1833,2006,3359,1621,1738,1920,908,1012,480,241,239,
16805,1920,938,982,3361,1660,1701,3840,1833,2007,3360,1621,1739,1920,908,1012,480,241,239,
16810,1921,939,982,3362,1661,1701,3842,1833,2009,3361,1621,1740,1920,908,1012,480,241,239,
16815,1922,940,982,3362,1661,1701,3842,1833,2009,3362,1622,1740,1920,908,1012,480,241,239,
16820,1923,941,982,3364,1662,1702,3845,1835,2010,3363,1622,1741,1921,908,1013,480,241,239,
16825,1923,941,982,3365,1662,1703,3845,1835,2010,3364,1623,1741,1921,908,1013,481,242,239,
16830,1924,942,982,3365,1662,1703,3846,1835,2011,3365,1624,1741,1923,909,1014,481,242,239,
16835,1924,942,982,3366,1663,1703,3847,1836,2011,3366,1624,1742,1924,909,1015,481,242,239,
16840,1924,942,982,3368,1664,1704,3848,1836,2012,3367,1624,1743,1924,909,1015,481,242,239,
16845,1925,942,983,3369,1664,1705,3850,1836,2014,3368,1625,1743,1924,909,1015,481,242,239,
16850,1926,942,984,3369,1664,1705,3850,1836,2014,3369,1626,1743,1924,909,1015,481,242,239,
16855,1927,943,984,3371,1664,1707,3853,1836,2017,3370,1626,1744,1925,909,1016,481,242,239,
16860,1927,943,984,3372,1665,1707,3853,1836,2017,3371,1626,1745,1925,909,1016,482,243,239,
16865,1928,943,985,3372,1665,1707,3854,1837,2017,3372,1627,1745,1927,910,1017,482,243,239,
16870,1928,943,985,3373,1666,1707,3855,1837,2018,3373,1628,1745,1928,910,1018,482,243,239,
16875,1928,943,985,3375,1668,1707,3856,1837,2019,3374,1629,1745,1928,910,1018,482,243,239,
16880,1929,943,986,3376,1669,1707,3858,1839,2019,3375,1629,1746,1928,910,1018,482,243,239,
16885,1930,943,987,3376,1669,1707,3858,1839,2019,3376,1629,1747,1928,910,1018,482,243,239,
16890,1931,944,987,3378,1670,1708,3861,1840,2021,3377,1629,1748,1929,911,1018,482,243,239,
16895,1931,944,987,3379,1671,1708,3861,1840,2021,3378,1629,1749,1929,911,1018,483,244,239,
16900,1932,944,988,3379,1671,1708,3862,1841,2021,3379,1629,1750,1931,911,1020,483,244,239,
16905,1932,944,988,3380,1671,1709,3863,1842,2021,3380,1630,1750,1932,911,1021,483,244,239,
16910,1932,944,988,3382,1672,1710,3864,1843,2021,3381,1631,1750,1932,911,1021,483,244,239,
16915,1933,945,988,3383,1673,1710,3866,1844,2022,3382,1631,1751,1932,911,1021,483,244,239,
16920,1934,946,988,3383,1673,1710,3866,1844,2022,3383,1632,1751,1932,911,1021,483,244,239,
16925,1935,946,989,3385,1674,1711,3869,1845,2024,3384,1633,1751,1933,911,1022,483,244,239,
16930,1935,946,989,3386,1674,1712,3869,1845,2024,3385,1634,1751,1933,911,1022,484,244,240,
16935,1936,947,989,3386,1674,1712,3870,1845,2025,3386,1634,1752,1935,911,1024,484,244,240,
16940,1936,947,989,3387,1674,1713,3871,1845,2026,3387,1634,1753,1936,912,1024,484,244,240,
16945,1936,947,989,3389,1674,1715,3872,1845,2027,3388,1635,1753,1936,912,1024,484,244,240,
16950,1937,947,990,3390,1675,1715,3874,1846,2028,3389,1635,1754,1936,912,1024,484,244,240,
16955,1938,948,990,3390,1675,1715,3874,1846,2028,3390,1635,1755,1936,912,1024,484,244,240,
16960,1939,949,990,3392,1675,1717,3877,1848,2029,3391,1635,1756,1937,912,1025,484,244,240,
16965,1939,949,990,3393,1676,1717,3877,1848,2029,3392,1635,1757,1937,912,1025,485,245,240,
16970,1940,949,991,3393,1676,1717,3878,1849,2029,3393,1635,1758,1939,914,1025,485,245,240,
16975,1940,949,991,3394,1677,1717,3879,1850,2029,3394,1635,1759,1940,914,1026,485,245,240,
16980,1940,949,991,3396,1677,1719,3880,1851,2029,3395,1636,1759,1940,914,1026,485,245,240,
16985,1941,949,992,3397,1677,1720,3882,1852,2030,3396,1637,1759,1940,914,1026,485,245,240,
16990,1942,949,993,3397,1677,1720,3882,1852,2030,3397,1637,1760,1940,914,1026,485,245,240,
16995,1943,950,993,3399,1679,1720,3885,1854,2031,3398,1638,1760,1941,914,1027,485,245,240,
17000,1943,950,993,3400,1680,1720,3885,1854,2031,3399,1639,1760,1941,914,1027,486,246,240,
17005,1944,951,993,3400,1680,1720,3886,1854,2032,3400,1639,1761,1943,915,1028,486,246,240,
17010,1944,951,993,3401,1681,1720,3887,1854,2033,3401,1639,1762,1944,915,1029,486,246,240,
17015,1944,951,993,3403,1683,1720,3888,1855,2033,3402,1640,1762,1944,915,1029,486,246,240,
17020,1945,951,994,3404,1684,1720,3890,1857,2033,3403,1640,1763,1944,915,1029,486,246,240,
17025,1946,952,994,3404,1684,1720,3890,1857,2033,3404,1641,1763,1944,915,1029,486,246,240,
17030,1947,952,995,3406,1685,1721,3893,1858,2035,3405,1641,1764,1945,916,1029,486,246,240,
17035,1947,952,995,3407,1685,1722,3893,1858,2035,3406,1642,1764,1945,916,1029,487,246,241,
17040,1948,952,996,3407,1685,1722,3894,1859,2035,3407,1642,1765,1947,916,1031,487,246,241,
17045,1948,952,996,3408,1686,1722,3895,1859,2036,3408,1643,1765,1948,917,1031,487,246,241,
17050,1948,952,996,3410,1687,1723,3896,1859,2037,3409,1643,1766,1948,917,1031,487,246,241,
17055,1949,953,996,3411,1687,1724,3898,1860,2038,3410,1643,1767,1948,917,1031,487,246,241,
17060,1950,954,996,3411,1687,1724,3898,1860,2038,3411,1643,1768,1948,917,1031,487,246,241,
17065,1951,955,996,3413,1688,1725,3901,1863,2038,3412,1644,1768,1949,917,1032,487,246,241,
17070,1951,955,996,3414,1689,1725,3901,1863,2038,3413,1644,1769,1949,917,1032,488,246,242,
17075,1952,955,997,3414,1689,1725,3902,1864,2038,3414,1644,1770,1951,919,1032,488,246,242,
17080,1952,955,997,3415,1690,1725,3903,1864,2039,3415,1644,1771,1952,920,1032,488,246,242,
17085,1952,955,997,3417,1691,1726,3904,1865,2039,3416,1645,1771,1952,920,1032,488,246,242,
17090,1953,956,997,3418,1691,1727,3906,1866,2040,3417,1645,1772,1952,920,1032,488,246,242,
17095,1954,956,998,3418,1691,1727,3906,1866,2040,3418,1645,1773,1952,920,1032,488,246,242,
17100,1955,957,998,3420,1693,1727,3909,1868,2041,3419,1646,1773,1953,921,1032,488,246,242,
17105,1955,957,998,3421,1694,1727,3909,1868,2041,3420,1646,1774,1953,921,1032,489,247,242,
17110,1956,958,998,3421,1694,1727,3910,1869,2041,3421,1647,1774,1955,921,1034,489,247,242,
17115,1956,958,998,3422,1694,1728,3911,1869,2042,3422,1648,1774,1956,922,1034,489,247,242,
17120,1956,958,998,3424,1696,1728,3912,1869,2043,3423,1649,1774,1956,922,1034,489,247,242,
17125,1957,959,998,3425,1697,1728,3914,1870,2044,3424,1649,1775,1956,922,1034,489,247,242,
17130,1958,960,998,3425,1697,1728,3914,1870,2044,3425,1650,1775,1956,922,1034,489,247,242,
17135,1959,961,998,3427,1697,1730,3917,1871,2046,3426,1651,1775,1957,922,1035,489,247,242,
17140,1959,961,998,3428,1697,1731,3917,1871,2046,3427,1651,1776,1957,922,1035,490,247,243,
17145,1960,961,999,3428,1697,1731,3918,1871,2047,3428,1652,1776,1959,923,1036,490,247,243,
17150,1960,961,999,3429,1698,1731,3919,1871,2048,3429,1653,1776,1960,923,1037,490,247,243,
17155,1960,961,999,3431,1699,1732,3920,1871,2049,3430,1654,1776,1960,923,1037,490,247,243,
17160,1961,961,1000,3432,1700,1732,3922,1871,2051,3431,1654,1777,1960,923,1037,490,247,243,
17165,1962,961,1001,3432,1700,1732,3922,1871,2051,3432,1654,1778,1960,923,1037,490,247,243,
17170,1963,961,1002,3434,1700,1734,3925,1871,2054,3433,1654,1779,1961,923,1038,490,247,243,
17175,1963,961,1002,3435,1701,1734,3925,1871,2054,3434,1654,1780,1961,923,1038,491,248,243,
17180,1964,962,1002,3435,1701,1734,3926,1872,2054,3435,1655,1780,1963,924,1039,491,248,243,
17185,1964,962,1002,3436,1702,1734,3927,1872,2055,3436,1656,1780,1964,925,1039,491,248,243,
17190,1964,962,1002,3438,1704,1734,3928,1872,2056,3437,1657,1780,1964,925,1039,491,248,243,
17195,1965,962,1003,3439,1705,1734,3930,1873,2057,3438,1657,1781,1964,925,1039,491,248,243,
17200,1966,963,1003,3439,1705,1734,3930,1873,2057,3439,1658,1781,1964,925,1039,491,248,243,
17205,1967,963,1004,3441,1705,1736,3933,1874,2059,3440,1658,1782,1965,925,1040,491,248,243,
17210,1967,963,1004,3442,1705,1737,3933,1874,2059,3441,1658,1783,1965,925,1040,492,248,244,
17215,1968,963,1005,3442,1705,1737,3934,1874,2060,3442,1659,1783,1967,926,1041,492,248,244,
17220,1968,963,1005,3443,1706,1737,3935,1875,2060,3443,1659,1784,1968,927,1041,492,248,244,
17225,1968,963,1005,3445,1708,1737,3936,1876,2060,3444,1660,1784,1968,927,1041,492,248,244,
17230,1969,963,1006,3446,1709,1737,3938,1876,2062,3445,1661,1784,1968,927,1041,492,248,244,
17235,1970,963,1007,3446,1709,1737,3938,1876,2062,3446,1661,1785,1968,927,1041,492,248,244,
17240,1971,963,1008,3448,1709,1739,3941,1877,2064,3447,1662,1785,1969,927,1042,492,248,244,
17245,1971,963,1008,3449,1709,1740,3941,1877,2064,3448,1663,1785,1969,927,1042,493,248,245,
17250,1972,963,1009,3449,1709,1740,3942,1877,2065,3449,1664,1785,1971,928,1043,493,248,245,
17255,1972,963,1009,3450,1710,1740,3943,1877,2066,3450,1665,1785,1972,928,1044,493,248,245,
17260,1972,963,1009,3452,1710,1742,3944,1877,2067,3451,1665,1786,1972,928,1044,493,248,245,
17265,1973,963,1010,3453,1710,1743,3946,1877,2069,3452,1666,1786,1972,928,1044,493,248,245,
17270,1974,963,1011,3453,1710,1743,3946,1877,2069,3453,1666,1787,1972,928,1044,493,248,245,
17275,1975,964,1011,3455,1711,1744,3949,1878,2071,3454,1666,1788,1973,928,1045,493,248,245,
17280,1975,964,1011,3456,1712,1744,3949,1878,2071,3455,1666,1789,1973,928,1045,494,248,246,
17285,1976,964,1012,3456,1712,1744,3950,1879,2071,3456,1666,1790,1975,930,1045,494,248,246,
17290,1976,964,1012,3457,1712,1745,3951,1880,2071,3457,1667,1790,1976,931,1045,494,248,246,
17295,1976,964,1012,3459,1714,1745,3952,1881,2071,3458,1667,1791,1976,931,1045,494,248,246,
17300,1977,964,1013,3460,1714,1746,3954,1883,2071,3459,1667,1792,1976,931,1045,494,248,246,
17305,1978,965,1013,3460,1714,1746,3954,1883,2071,3460,1668,1792,1976,931,1045,494,248,246,
17310,1979,965,1014,3462,1716,1746,3957,1884,2073,3461,1669,1792,1977,931,1046,494,248,246,
17315,1979,965,1014,3463,1717,1746,3957,1884,2073,3462,1670,1792,1977,931,1046,495,248,247,
17320,1980,966,1014,3463,1717,1746,3958,1885,2073,3463,1670,1793,1979,931,1048,495,248,247,
17325,1980,966,1014,3464,1717,1747,3959,1885,2074,3464,1670,1794,1980,932,1048,495,248,247,
17330,1980,966,1014,3466,1719,1747,3960,1886,2074,3465,1670,1795,1980,932,1048,495,248,247,
17335,1981,967,1014,3467,1720,1747,3962,1888,2074,3466,1670,1796,1980,932,1048,495,248,247,
17340,1982,967,1015,3467,1720,1747,3962,1888,2074,3467,1670,1797,1980,932,1048,495,248,247,
17345,1983,967,1016,3469,1722,1747,3965,1891,2074,3468,1670,1798,1981,933,1048,495,248,247,
17350,1983,967,1016,3470,1723,1747,3965,1891,2074,3469,1671,1798,1981,933,1048,496,249,247,
17355,1984,967,1017,3470,1723,1747,3966,1891,2075,3470,1672,1798,1983,934,1049,496,249,247,
17360,1984,967,1017,3471,1723,1748,3967,1891,2076,3471,1673,1798,1984,935,1049,496,249,247,
17365,1984,967,1017,3473,1724,1749,3968,1891,2077,3472,1674,1798,1984,935,1049,496,249,247,
17370,1985,967,1018,3474,1725,1749,3970,1892,2078,3473,1675,1798,1984,935,1049,496,249,247,
17375,1986,967,1019,3474,1725,1749,3970,1892,2078,3474,1675,1799,1984,935,1049,496,249,247,
17380,1987,968,1019,3476,1726,1750,3973,1894,2079,3475,1676,1799,1985,935,1050,496,249,247,
17385,1987,968,1019,3477,1726,1751,3973,1894,2079,3476,1676,1800,1985,935,1050,497,249,248,
17390,1988,969,1019,3477,1726,1751,3974,1895,2079,3477,1677,1800,1987,935,1052,497,249,248,
17395,1988,969,1019,3478,1726,1752,3975,1896,2079,3478,1677,1801,1988,935,1053,497,249,248,
17400,1988,969,1019,3480,1727,1753,3976,1897,2079,3479,1678,1801,1988,935,1053,497,249,248,
17405,1989,970,1019,3481,1727,1754,3978,1897,2081,3480,1679,1801,1988,935,1053,497,249,248,
17410,1990,970,1020,3481,1727,1754,3978,1897,2081,3481,1679,1802,1988,935,1053,497,249,248,
17415,1991,970,1021,3483,1727,1756,3981,1898,2083,3482,1679,1803,1989,936,1053,497,249,248,
17420,1991,970,1021,3484,1728,1756,3981,1898,2083,3483,1680,1803,1989,936,1053,498,249,249,
17425,1992,970,1022,3484,1728,1756,3982,1899,2083,3484,1680,1804,1991,936,1055,498,249,249,
17430,1992,970,1022,3485,1728,1757,3983,1899,2084,3485,1681,1804,1992,936,1056,498,249,249,
17435,1992,970,1022,3487,1729,1758,3984,1900,2084,3486,1681,1805,1992,936,1056,498,249,249,
17440,1993,971,1022,3488,1729,1759,3986,1902,2084,3487,1682,1805,1992,936,1056,498,249,249,
17445,1994,971,1023,3488,1729,1759,3986,1902,2084,3488,1683,1805,1992,936,1056,498,249,249,
17450,1995,972,1023,3490,1730,1760,3989,1902,2087,3489,1684,1805,1993,936,1057,498,249,249,
17455,1995,972,1023,3491,1730,1761,3989,1902,2087,3490,1685,1805,1993,936,1057,499,249,250,
17460,1996,972,1024,3491,1730,1761,3990,1903,2087,3491,1686,1805,1995,936,1059,499,249,250,
17465,1996,972,1024,3492,1731,1761,3991,1903,2088,3492,1686,1806,1996,937,1059,499,249,250,
17470,1996,972,1024,3494,1731,1763,3992,1903,2089,3493,1687,1806,1996,937,1059,499,249,250,
17475,1997,973,1024,3495,1731,1764,3994,1904,2090,3494,1687,1807,1996,937,1059,499,249,250,
17480,1998,974,1024,3495,1731,1764,3994,1904,2090,3495,1688,1807,1996,937,1059,499,249,250,
17485,1999,975,1024,3497,1733,1764,3997,1905,2092,3496,1689,1807,1997,937,1060,499,249,250,
17490,1999,975,1024,3498,1734,1764,3997,1905,2092,3497,1689,1808,1997,937,1060,500,249,251,
17495,2000,975,1025,3498,1734,1764,3998,1906,2092,3498,1690,1808,1999,939,1060,500,249,251,
17500,2000,975,1025,3499,1734,1765,3999,1906,2093,3499,1691,1808,2000,940,1060,500,249,251,
17505,2000,975,1025,3501,1735,1766,4000,1906,2094,3500,1691,1809,2000,940,1060,500,249,251,
17510,2001,975,1026,3502,1735,1767,4002,1907,2095,3501,1692,1809,2000,940,1060,500,249,251,
17515,2002,976,1026,3502,1735,1767,4002,1907,2095,3502,1693,1809,2000,940,1060,500,249,251,
17520,2003,976,1027,3504,1737,1767,4005,1909,2096,3503,1693,1810,2001,940,1061,500,249,251,
17525,2003,976,1027,3505,1737,1768,4005,1909,2096,3504,1694,1810,2001,940,1061,501,250,251,
17530,2004,976,1028,3505,1737,1768,4006,1909,2097,3505,1694,1811,2003,942,1061,501,250,251,
17535,2004,976,1028,3506,1737,1769,4007,1910,2097,3506,1695,1811,2004,942,1062,501,250,251,
17540,2004,976,1028,3508,1738,1770,4008,1910,2098,3507,1696,1811,2004,942,1062,501,250,251,
17545,2005,976,1029,3509,1738,1771,4010,1912,2098,3508,1696,1812,2004,942,1062,501,250,251,
17550,2006,976,1030,3509,1738,1771,4010,1912,2098,3509,1697,1812,2004,942,1062,501,250,251,
17555,2007,976,1031,3511,1740,1771,4013,1914,2099,3510,1698,1812,2005,942,1063,501,250,251,
17560,2007,976,1031,3512,1740,1772,4013,1914,2099,3511,1699,1812,2005,942,1063,502,251,251,
17565,2008,977,1031,3512,1740,1772,4014,1914,2100,3512,1699,1813,2007,943,1064,502,251,251,
17570,2008,977,1031,3513,1740,1773,4015,1914,2101,3513,1700,1813,2008,944,1064,502,251,251,
17575,2008,977,1031,3515,1742,1773,4016,1914,2102,3514,1701,1813,2008,944,1064,502,251,251,
17580,2009,977,1032,3516,1743,1773,4018,1915,2103,3515,1701,1814,2008,944,1064,502,251,251,
17585,2010,977,1033,3516,1743,1773,4018,1915,2103,3516,1702,1814,2008,944,1064,502,251,251,
17590,2011,977,1034,3518,1744,1774,4021,1917,2104,3517,1703,1814,2009,945,1064,502,251,251,
17595,2011,977,1034,3519,1744,1775,4021,1917,2104,3518,1704,1814,2009,945,1064,503,251,252,
17600,2012,977,1035,3519,1744,1775,4022,1918,2104,3519,1704,1815,2011,947,1064,503,251,252,
17605,2012,977,1035,3520,1745,1775,4023,1918,2105,3520,1705,1815,2012,948,1064,503,251,252,
17610,2012,977,1035,3522,1745,1777,4024,1918,2106,3521,1706,1815,2012,948,1064,503,251,252,
17615,2013,978,1035,3523,1746,1777,4026,1918,2108,3522,1707,1815,2012,948,1064,503,251,252,
17620,2014,979,1035,3523,1746,1777,4026,1918,2108,3523,1708,1815,2012,948,1064,503,251,252,
17625,2015,979,1036,3525,1748,1777,4029,1920,2109,3524,1708,1816,2013,948,1065,503,251,252,
17630,2015,979,1036,3526,1749,1777,4029,1920,2109,3525,1709,1816,2013,948,1065,504,251,253,
17635,2016,980,1036,3526,1749,1777,4030,1921,2109,3526,1709,1817,2015,950,1065,504,251,253,
17640,2016,980,1036,3527,1749,1778,4031,1921,2110,3527,1709,1818,2016,951,1065,504,251,253,
17645,2016,980,1036,3529,1751,1778,4032,1922,2110,3528,1709,1819,2016,951,1065,504,251,253,
17650,2017,981,1036,3530,1751,1779,4034,1924,2110,3529,1710,1819,2016,951,1065,504,251,253,
17655,2018,982,1036,3530,1751,1779,4034,1924,2110,3530,1710,1820,2016,951,1065,504,251,253,
17660,2019,983,1036,3532,1753,1779,4037,1927,2110,3531,1711,1820,2017,951,1066,504,251,253,
17665,2019,983,1036,3533,1753,1780,4037,1927,2110,3532,1711,1821,2017,951,1066,505,252,253,
17670,2020,984,1036,3533,1753,1780,4038,1927,2111,3533,1712,1821,2019,952,1067,505,252,253,
17675,2020,984,1036,3534,1753,1781,4039,1928,2111,3534,1713,1821,2020,952,1068,505,252,253,
17680,2020,984,1036,3536,1755,1781,4040,1928,2112,3535,1713,1822,2020,952,1068,505,252,253,
17685,2021,985,1036,3537,1755,1782,4042,1929,2113,3536,1713,1823,2020,952,1068,505,252,253,
17690,2022,986,1036,3537,1755,1782,4042,1929,2113,3537,1714,1823,2020,952,1068,505,252,253,
17695,2023,987,1036,3539,1757,1782,4045,1931,2114,3538,1714,1824,2021,953,1068,505,252,253,
17700,2023,987,1036,3540,1758,1782,4045,1931,2114,3539,1715,1824,2021,953,1068,506,253,253,
17705,2024,988,1036,3540,1758,1782,4046,1931,2115,3540,1716,1824,2023,955,1068,506,253,253,
17710,2024,988,1036,3541,1758,1783,4047,1931,2116,3541,1716,1825,2024,955,1069,506,253,253,
17715,2024,988,1036,3543,1760,1783,4048,1932,2116,3542,1717,1825,2024,955,1069,506,253,253,
17720,2025,989,1036,3544,1760,1784,4050,1933,2117,3543,1717,1826,2024,955,1069,506,253,253,
17725,2026,989,1037,3544,1760,1784,4050,1933,2117,3544,1717,1827,2024,955,1069,506,253,253,
17730,2027,990,1037,3546,1761,1785,4053,1934,2119,3545,1717,1828,2025,955,1070,506,253,253,
17735,2027,990,1037,3547,1761,1786,4053,1934,2119,3546,1717,1829,2025,955,1070,507,254,253,
17740,2028,991,1037,3547,1761,1786,4054,1935,2119,3547,1717,1830,2027,956,1071,507,254,253,
17745,2028,991,1037,3548,1761,1787,4055,1936,2119,3548,1717,1831,2028,956,1072,507,254,253,
17750,2028,991,1037,3550,1763,1787,4056,1936,2120,3549,1718,1831,2028,956,1072,507,254,253,
17755,2029,991,1038,3551,1764,1787,4058,1937,2121,3550,1719,1831,2028,956,1072,507,254,253,
17760,2030,992,1038,3551,1764,1787,4058,1937,2121,3551,1720,1831,2028,956,1072,507,254,253,
17765,2031,992,1039,3553,1765,1788,4061,1939,2122,3552,1720,1832,2029,956,1073,507,254,253,
17770,2031,992,1039,3554,1766,1788,4061,1939,2122,3553,1720,1833,2029,956,1073,508,254,254,
17775,2032,992,1040,3554,1766,1788,4062,1940,2122,3554,1721,1833,2031,958,1073,508,254,254,
17780,2032,992,1040,3555,1767,1788,4063,1940,2123,3555,1721,1834,2032,958,1074,508,254,254,
17785,2032,992,1040,3557,1768,1789,4064,1941,2123,3556,1722,1834,2032,958,1074,508,254,254,
17790,2033,993,1040,3558,1769,1789,4066,1942,2124,3557,1723,1834,2032,958,1074,508,254,254,
17795,2034,993,1041,3558,1769,1789,4066,1942,2124,3558,1723,1835,2032,958,1074,508,254,254,
17800,2035,993,1042,3560,1769,1791,4069,1944,2125,3559,1724,1835,2033,959,1074,508,254,254,
17805,2035,993,1042,3561,1769,1792,4069,1944,2125,3560,1724,1836,2033,959,1074,509,254,255,
17810,2036,994,1042,3561,1769,1792,4070,1945,2125,3561,1724,1837,2035,960,1075,509,254,255,
17815,2036,994,1042,3562,1770,1792,4071,1946,2125,3562,1724,1838,2036,960,1076,509,254,255,
17820,2036,994,1042,3564,1771,1793,4072,1947,2125,3563,1724,1839,2036,960,1076,509,254,255,
17825,2037,995,1042,3565,1772,1793,4074,1949,2125,3564,1724,1840,2036,960,1076,509,254,255,
17830,2038,995,1043,3565,1772,1793,4074,1949,2125,3565,1724,1841,2036,960,1076,509,254,255,
17835,2039,995,1044,3567,1773,1794,4077,1951,2126,3566,1725,1841,2037,960,1077,509,254,255,
17840,2039,995,1044,3568,1774,1794,4077,1951,2126,3567,1725,1842,2037,960,1077,510,254,256,
17845,2040,995,1045,3568,1774,1794,4078,1951,2127,3568,1726,1842,2039,961,1078,510,254,256,
17850,2040,995,1045,3569,1774,1795,4079,1951,2128,3569,1726,1843,2040,961,1079,510,254,256,
17855,2040,995,1045,3571,1774,1797,4080,1951,2129,3570,1727,1843,2040,961,1079,510,254,256,
17860,2041,995,1046,3572,1775,1797,4082,1952,2130,3571,1728,1843,2040,961,1079,510,254,256,
17865,2042,996,1046,3572,1775,1797,4082,1952,2130,3572,1728,1844,2040,961,1079,510,254,256,
17870,2043,997,1046,3574,1777,1797,4085,1955,2130,3573,1728,1845,2041,962,1079,510,254,256,
17875,2043,997,1046,3575,1777,1798,4085,1955,2130,3574,1729,1845,2041,962,1079,511,255,256,
17880,2044,998,1046,3575,1777,1798,4086,1955,2131,3575,1730,1845,2043,962,1081,511,255,256,
17885,2044,998,1046,3576,1778,1798,4087,1955,2132,3576,1731,1845,2044,962,1082,511,255,256,
17890,2044,998,1046,3578,1779,1799,4088,1955,2133,3577,1731,1846,2044,962,1082,511,255,256,
17895,2045,999,1046,3579,1780,1799,4090,1956,2134,3578,1732,1846,2044,962,1082,511,255,256,
17900,2046,1000,1046,3579,1780,1799,4090,1956,2134,3579,1732,1847,2044,962,1082,511,255,256,
17905,2047,1001,1046,3581,1781,1800,4093,1957,2136,3580,1733,1847,2045,962,1083,511,255,256,
17910,2047,1001,1046,3582,1782,1800,4093,1957,2136,3581,1734,1847,2045,962,1083,512,256,256,
17915,2048,1002,1046,3582,1782,1800,4094,1957,2137,3582,1734,1848,2047,962,1085,512,256,256,
17920,2048,1002,1046,3583,1783,1800,4095,1958,2137,3583,1735,1848,2048,963,1085,512,256,256,
17925,2048,1002,1046,3585,1784,1801,4096,1959,2137,3584,1735,1849,2048,963,1085,512,256,256,
17930,2049,1002,1047,3586,1784,1802,4098,1961,2137,3585,1736,1849,2048,963,1085,512,256,256,
17935,2050,1002,1048,3586,1784,1802,4098,1961,2137,3586,1737,1849,2048,963,1085,512,256,256,
17940,2051,1002,1049,3588,1785,1803,4101,1962,2139,3587,1737,1850,2049,963,1086,512,256,256,
17945,2051,1002,1049,3589,1785,1804,4101,1962,2139,3588,1737,1851,2049,963,1086,513,257,256,
17950,2052,1002,1050,3589,1785,1804,4102,1963,2139,3589,1738,1851,2051,963,1088,513,257,256,
17955,2052,1002,1050,3590,1785,1805,4103,1964,2139,3590,1738,1852,2052,963,1089,513,257,256,
17960,2052,1002,1050,3592,1786,1806,4104,1965,2139,3591,1738,1853,2052,963,1089,513,257,256,
17965,2053,1003,1050,3593,1786,1807,4106,1966,2140,3592,1739,1853,2052,963,1089,513,257,256,
17970,2054,1004,1050,3593,1786,1807,4106,1966,2140,3593,1739,1854,2052,963,1089,513,257,256,
17975,2055,1004,1051,3595,1787,1808,4109,1966,2143,3594,1740,1854,2053,964,1089,513,257,256,
17980,2055,1004,1051,3596,1787,1809,4109,1966,2143,3595,1740,1855,2053,964,1089,514,258,256,
17985,2056,1004,1052,3596,1787,1809,4110,1966,2144,3596,1740,1856,2055,965,1090,514,258,256,
17990,2056,1004,1052,3597,1787,1810,4111,1966,2145,3597,1740,1857,2056,965,1091,514,258,256,
17995,2056,1004,1052,3599,1788,1811,4112,1967,2145,3598,1740,1858,2056,965,1091,514,258,256,
18000,2057,1005,1052,3600,1788,1812,4114,1968,2146,3599,1741,1858,2056,965,1091,514,258,256,
18005,2058,1005,1053,3600,1788,1812,4114,1968,2146,3600,1741,1859,2056,965,1091,514,258,256,
18010,2059,1005,1054,3602,1790,1812,4117,1970,2147,3601,1741,1860,2057,966,1091,514,258,256,
18015,2059,1005,1054,3603,1790,1813,4117,1970,2147,3602,1741,1861,2057,966,1091,515,258,257,
18020,2060,1005,1055,3603,1790,1813,4118,1970,2148,3603,1742,1861,2059,967,1092,515,258,257,
18025,2060,1005,1055,3604,1790,1814,4119,1971,2148,3604,1743,1861,2060,968,1092,515,258,257,
18030,2060,1005,1055,3606,1791,1815,4120,1971,2149,3605,1744,1861,2060,968,1092,515,258,257,
18035,2061,1006,1055,3607,1792,1815,4122,1972,2150,3606,1744,1862,2060,968,1092,515,258,257,
18040,2062,1007,1055,3607,1792,1815,4122,1972,2150,3607,1745,1862,2060,968,1092,515,258,257,
18045,2063,1007,1056,3609,1793,1816,4125,1974,2151,3608,1746,1862,2061,969,1092,515,258,257,
18050,2063,1007,1056,3610,1794,1816,4125,1974,2151,3609,1747,1862,2061,969,1092,516,258,258,
18055,2064,1008,1056,3610,1794,1816,4126,1975,2151,3610,1748,1862,2063,971,1092,516,258,258,
18060,2064,1008,1056,3611,1794,1817,4127,1976,2151,3611,1749,1862,2064,972,1092,516,258,258,
18065,2064,1008,1056,3613,1795,1818,4128,1976,2152,3612,1749,1863,2064,972,1092,516,258,258,
18070,2065,1008,1057,3614,1796,1818,4130,1977,2153,3613,1749,1864,2064,972,1092,516,258,258,
18075,2066,1009,1057,3614,1796,1818,4130,1977,2153,3614,1750,1864,2064,972,1092,516,258,258,
18080,2067,1009,1058,3616,1798,1818,4133,1979,2154,3615,1750,1865,2065,973,1092,516,258,258,
18085,2067,1009,1058,3617,1799,1818,4133,1979,2154,3616,1750,1866,2065,973,1092,517,258,259,
18090,2068,1010,1058,3617,1799,1818,4134,1979,2155,3617,1750,1867,2067,975,1092,517,258,259,
18095,2068,1010,1058,3618,1800,1818,4135,1980,2155,3618,1751,1867,2068,976,1092,517,258,259,
18100,2068,1010,1058,3620,1801,1819,4136,1981,2155,3619,1751,1868,2068,976,1092,517,258,259,
18105,2069,1010,1059,3621,1802,1819,4138,1982,2156,3620,1752,1868,2068,976,1092,517,258,259,
18110,2070,1010,1060,3621,1802,1819,4138,1982,2156,3621,1752,1869,2068,976,1092,517,258,259,
18115,2071,1011,1060,3623,1802,1821,4141,1983,2158,3622,1753,1869,2069,976,1093,517,258,259,
18120,2071,1011,1060,3624,1803,1821,4141,1983,2158,3623,1754,1869,2069,976,1093,518,258,260,
18125,2072,1012,1060,3624,1803,1821,4142,1984,2158,3624,1755,1869,2071,978,1093,518,258,260,
18130,2072,1012,1060,3625,1803,1822,4143,1984,2159,3625,1756,1869,2072,979,1093,518,258,260,
18135,2072,1012,1060,3627,1803,1824,4144,1985,2159,3626,1757,1869,2072,979,1093,518,258,260,
18140,2073,1013,1060,3628,1804,1824,4146,1985,2161,3627,1757,1870,2072,979,1093,518,258,260,
18145,2074,1014,1060,3628,1804,1824,4146,1985,2161,3628,1758,1870,2072,979,1093,518,258,260,
18150,2075,1014,1061,3630,1804,1826,4149,1986,2163,3629,1758,1871,2073,980,1093,518,258,260,
18155,2075,1014,1061,3631,1805,1826,4149,1986,2163,3630,1758,1872,2073,980,1093,519,258,261,
18160,2076,1015,1061,3631,1805,1826,4150,1987,2163,3631,1758,1873,2075,980,1095,519,258,261,
18165,2076,1015,1061,3632,1806,1826,4151,1988,2163,3632,1759,1873,2076,980,1096,519,258,261,
18170,2076,1015,1061,3634,1808,1826,4152,1989,2163,3633,1759,1874,2076,980,1096,519,258,261,
18175,2077,1016,1061,3635,1808,1827,4154,1990,2164,3634,1760,1874,2076,980,1096,519,258,261,
18180,2078,1016,1062,3635,1808,1827,4154,1990,2164,3635,1760,1875,2076,980,1096,519,258,261,
18185,2079,1017,1062,3637,1810,1827,4157,1992,2165,3636,1761,1875,2077,980,1097,519,258,261,
18190,2079,1017,1062,3638,1811,1827,4157,1992,2165,3637,1761,1876,2077,980,1097,520,259,261,
18195,2080,1018,1062,3638,1811,1827,4158,1992,2166,3638,1761,1877,2079,982,1097,520,259,261,
18200,2080,1018,1062,3639,1811,1828,4159,1992,2167,3639,1762,1877,2080,982,1098,520,259,261,
18205,2080,1018,1062,3641,1813,1828,4160,1992,2168,3640,1763,1877,2080,982,1098,520,259,261,
18210,2081,1018,1063,3642,1814,1828,4162,1994,2168,3641,1763,1878,2080,982,1098,520,259,261,
18215,2082,1019,1063,3642,1814,1828,4162,1994,2168,3642,1764,1878,2080,982,1098,520,259,261,
18220,2083,1020,1063,3644,1816,1828,4165,1997,2168,3643,1764,1879,2081,983,1098,520,259,261,
18225,2083,1020,1063,3645,1817,1828,4165,1997,2168,3644,1764,1880,2081,983,1098,521,260,261,
18230,2084,1021,1063,3645,1817,1828,4166,1997,2169,3645,1765,1880,2083,983,1100,521,260,261,
18235,2084,1021,1063,3646,1818,1828,4167,1998,2169,3646,1766,1880,2084,984,1100,521,260,261,
18240,2084,1021,1063,3648,1819,1829,4168,1998,2170,3647,1767,1880,2084,984,1100,521,260,261,
18245,2085,1021,1064,3649,1819,1830,4170,2000,2170,3648,1768,1880,2084,984,1100,521,260,261,
18250,2086,1022,1064,3649,1819,1830,4170,2000,2170,3649,1768,1881,2084,984,1100,521,260,261,
18255,2087,1022,1065,3651,1820,1831,4173,2002,2171,3650,1769,1881,2085,984,1101,521,260,261,
18260,2087,1022,1065,3652,1820,1832,4173,2002,2171,3651,1769,1882,2085,984,1101,522,260,262,
18265,2088,1022,1066,3652,1820,1832,4174,2002,2172,3652,1770,1882,2087,985,1102,522,260,262,
18270,2088,1022,1066,3653,1820,1833,4175,2002,2173,3653,1771,1882,2088,985,1103,522,260,262,
18275,2088,1022,1066,3655,1821,1834,4176,2002,2174,3654,1771,1883,2088,985,1103,522,260,262,
18280,2089,1023,1066,3656,1822,1834,4178,2002,2176,3655,1772,1883,2088,985,1103,522,260,262,
18285,2090,1023,1067,3656,1822,1834,4178,2002,2176,3656,1772,1884,2088,985,1103,522,260,262,
18290,2091,1023,1068,3658,1822,1836,4181,2004,2177,3657,1772,1885,2089,985,1104,522,260,262,
18295,2091,1023,1068,3659,1823,1836,4181,2004,2177,3658,1773,1885,2089,985,1104,523,260,263,
18300,2092,1023,1069,3659,1823,1836,4182,2005,2177,3659,1774,1885,2091,985,1106,523,260,263,
18305,2092,1023,1069,3660,1824,1836,4183,2006,2177,3660,1775,1885,2092,985,1107,523,260,263,
18310,2092,1023,1069,3662,1825,1837,4184,2006,2178,3661,1776,1885,2092,985,1107,523,260,263,
18315,2093,1024,1069,3663,1825,1838,4186,2008,2178,3662,1777,1885,2092,985,1107,523,260,263,
18320,2094,1025,1069,3663,1825,1838,4186,2008,2178,3663,1778,1885,2092,985,1107,523,260,263,
18325,2095,1025,1070,3665,1826,1839,4189,2009,2180,3664,1779,1885,2093,985,1108,523,260,263,
18330,2095,1025,1070,3666,1826,1840,4189,2009,2180,3665,1780,1885,2093,985,1108,524,261,263,
18335,2096,1025,1071,3666,1826,1840,4190,2009,2181,3666,1781,1885,2095,985,1110,524,261,263,
18340,2096,1025,1071,3667,1827,1840,4191,2010,2181,3667,1781,1886,2096,985,1111,524,261,263,
18345,2096,1025,1071,3669,1829,1840,4192,2010,2182,3668,1781,1887,2096,985,1111,524,261,263,
18350,2097,1026,1071,3670,1829,1841,4194,2011,2183,3669,1781,1888,2096,985,1111,524,261,263,
18355,2098,1027,1071,3670,1829,1841,4194,2011,2183,3670,1781,1889,2096,985,1111,524,261,263,
18360,2099,1027,1072,3672,1830,1842,4197,2013,2184,3671,1782,1889,2097,986,1111,524,261,263,
18365,2099,1027,1072,3673,1830,1843,4197,2013,2184,3672,1783,1889,2097,986,1111,525,262,263,
18370,2100,1027,1073,3673,1830,1843,4198,2013,2185,3673,1784,1889,2099,986,1113,525,262,263,
18375,2100,1027,1073,3674,1830,1844,4199,2014,2185,3674,1784,1890,2100,987,1113,525,262,263,
18380,2100,1027,1073,3676,1830,1846,4200,2014,2186,3675,1785,1890,2100,987,1113,525,262,263,
18385,2101,1027,1074,3677,1830,1847,4202,2015,2187,3676,1786,1890,2100,987,1113,525,262,263,
18390,2102,1028,1074,3677,1830,1847,4202,2015,2187,3677,1786,1891,2100,987,1113,525,262,263,
18395,2103,1029,1074,3679,1831,1848,4205,2017,2188,3678,1786,1892,2101,987,1114,525,262,263,
18400,2103,1029,1074,3680,1832,1848,4205,2017,2188,3679,1787,1892,2101,987,1114,526,263,263,
18405,2104,1030,1074,3680,1832,1848,4206,2018,2188,3680,1788,1892,2103,987,1116,526,263,263,
18410,2104,1030,1074,3681,1833,1848,4207,2018,2189,3681,1788,1893,2104,987,1117,526,263,263,
18415,2104,1030,1074,3683,1834,1849,4208,2019,2189,3682,1789,1893,2104,987,1117,526,263,263,
18420,2105,1030,1075,3684,1835,1849,4210,2020,2190,3683,1789,1894,2104,987,1117,526,263,263,
18425,2106,1031,1075,3684,1835,1849,4210,2020,2190,3684,1790,1894,2104,987,1117,526,263,263,
18430,2107,1031,1076,3686,1837,1849,4213,2021,2192,3685,1791,1894,2105,987,1118,526,263,263,
18435,2107,1031,1076,3687,1838,1849,4213,2021,2192,3686,1791,1895,2105,987,1118,527,263,264,
18440,2108,1032,1076,3687,1838,1849,4214,2022,2192,3687,1791,1896,2107,988,1119,527,263,264,
18445,2108,1032,1076,3688,1838,1850,4215,2023,2192,3688,1792,1896,2108,989,1119,527,263,264,
18450,2108,1032,1076,3690,1839,1851,4216,2023,2193,3689,1793,1896,2108,989,1119,527,263,264,
18455,2109,1032,1077,3691,1839,1852,4218,2024,2194,3690,1794,1896,2108,989,1119,527,263,264,
18460,2110,1032,1078,3691,1839,1852,4218,2024,2194,3691,1794,1897,2108,989,1119,527,263,264,
18465,2111,1032,1079,3693,1841,1852,4221,2025,2196,3692,1794,1898,2109,989,1120,527,263,264,
18470,2111,1032,1079,3694,1841,1853,4221,2025,2196,3693,1794,1899,2109,989,1120,528,264,264,
18475,2112,1032,1080,3694,1841,1853,4222,2025,2197,3694,1795,1899,2111,990,1121,528,264,264,
18480,2112,1032,1080,3695,1841,1854,4223,2026,2197,3695,1796,1899,2112,991,1121,528,264,264,
18485,2112,1032,1080,3697,1842,1855,4224,2027,2197,3696,1796,1900,2112,991,1121,528,264,264,
18490,2113,1032,1081,3698,1842,1856,4226,2029,2197,3697,1796,1901,2112,991,1121,528,264,264,
18495,2114,1033,1081,3698,1842,1856,4226,2029,2197,3698,1797,1901,2112,991,1121,528,264,264,
18500,2115,1034,1081,3700,1843,1857,4229,2029,2200,3699,1797,1902,2113,992,1121,528,264,264,
18505,2115,1034,1081,3701,1844,1857,4229,2029,2200,3700,1798,1902,2113,992,1121,529,264,265,
18510,2116,1034,1082,3701,1844,1857,4230,2030,2200,3701,1798,1903,2115,993,1122,529,264,265,
18515,2116,1034,1082,3702,1844,1858,4231,2031,2200,3702,1799,1903,2116,994,1122,529,264,265,
18520,2116,1034,1082,3704,1846,1858,4232,2031,2201,3703,1800,1903,2116,994,1122,529,264,265,
18525,2117,1035,1082,3705,1846,1859,4234,2032,2202,3704,1800,1904,2116,994,1122,529,264,265,
18530,2118,1036,1082,3705,1846,1859,4234,2032,2202,3705,1800,1905,2116,994,1122,529,264,265,
18535,2119,1037,1082,3707,1847,1860,4237,2034,2203,3706,1801,1905,2117,994,1123,529,264,265,
18540,2119,1037,1082,3708,1847,1861,4237,2034,2203,3707,1802,1905,2117,994,1123,530,264,266,
18545,2120,1038,1082,3708,1847,1861,4238,2034,2204,3708,1802,1906,2119,995,1124,530,264,266,
18550,2120,1038,1082,3709,1848,1861,4239,2035,2204,3709,1803,1906,2120,996,1124,530,264,266,
18555,2120,1038,1082,3711,1850,1861,4240,2035,2205,3710,1803,1907,2120,996,1124,530,264,266,
18560,2121,1038,1083,3712,1850,1862,4242,2035,2207,3711,1803,1908,2120,996,1124,530,264,266,
18565,2122,1039,1083,3712,1850,1862,4242,2035,2207,3712,1803,1909,2120,996,1124,530,264,266,
18570,2123,1039,1084,3714,1850,1864,4245,2037,2208,3713,1803,1910,2121,997,1124,530,264,266,
18575,2123,1039,1084,3715,1851,1864,4245,2037,2208,3714,1804,1910,2121,997,1124,531,265,266,
18580,2124,1039,1085,3715,1851,1864,4246,2038,2208,3715,1804,1911,2123,999,1124,531,265,266,
18585,2124,1039,1085,3716,1852,1864,4247,2038,2209,3716,1804,1912,2124,999,1125,531,265,266,
18590,2124,1039,1085,3718,1853,1865,4248,2038,2210,3717,1805,1912,2124,999,1125,531,265,266,
18595,2125,1040,1085,3719,1853,1866,4250,2039,2211,3718,1805,1913,2124,999,1125,531,265,266,
18600,2126,1041,1085,3719,1853,1866,4250,2039,2211,3719,1805,1914,2124,999,1125,531,265,266,
18605,2127,1042,1085,3721,1854,1867,4253,2041,2212,3720,1806,1914,2125,999,1126,531,265,266,
18610,2127,1042,1085,3722,1854,1868,4253,2041,2212,3721,1807,1914,2125,999,1126,532,266,266,
18615,2128,1043,1085,3722,1854,1868,4254,2042,2212,3722,1807,1915,2127,1000,1127,532,266,266,
18620,2128,1043,1085,3723,1854,1869,4255,2042,2213,3723,1807,1916,2128,1000,1128,532,266,266,
18625,2128,1043,1085,3725,1854,1871,4256,2043,2213,3724,1807,1917,2128,1000,1128,532,266,266,
18630,2129,1043,1086,3726,1854,1872,4258,2044,2214,3725,1808,1917,2128,1000,1128,532,266,266,
18635,2130,1043,1087,3726,1854,1872,4258,2044,2214,3726,1808,1918,2128,1000,1128,532,266,266,
18640,2131,1044,1087,3728,1854,1874,4261,2046,2215,3727,1808,1919,2129,1001,1128,532,266,266,
18645,2131,1044,1087,3729,1854,1875,4261,2046,2215,3728,1809,1919,2129,1001,1128,533,266,267,
18650,2132,1045,1087,3729,1854,1875,4262,2047,2215,3729,1809,1920,2131,1002,1129,533,266,267,
18655,2132,1045,1087,3730,1854,1876,4263,2048,2215,3730,1809,1921,2132,1003,1129,533,266,267,
18660,2132,1045,1087,3732,1855,1877,4264,2049,2215,3731,1809,1922,2132,1003,1129,533,266,267,
18665,2133,1046,1087,3733,1855,1878,4266,2049,2217,3732,1809,1923,2132,1003,1129,533,266,267,
18670,2134,1046,1088,3733,1855,1878,4266,2049,2217,3733,1809,1924,2132,1003,1129,533,266,267,
18675,2135,1046,1089,3735,1856,1879,4269,2051,2218,3734,1810,1924,2133,1003,1130,533,266,267,
18680,2135,1046,1089,3736,1856,1880,4269,2051,2218,3735,1810,1925,2133,1003,1130,534,266,268,
18685,2136,1047,1089,3736,1856,1880,4270,2052,2218,3736,1811,1925,2135,1005,1130,534,266,268,
18690,2136,1047,1089,3737,1856,1881,4271,2053,2218,3737,1812,1925,2136,1006,1130,534,266,268,
18695,2136,1047,1089,3739,1857,1882,4272,2053,2219,3738,1812,1926,2136,1006,1130,534,266,268,
18700,2137,1048,1089,3740,1857,1883,4274,2054,2220,3739,1813,1926,2136,1006,1130,534,266,268,
18705,2138,1049,1089,3740,1857,1883,4274,2054,2220,3740,1814,1926,2136,1006,1130,534,266,268,
18710,2139,1049,1090,3742,1857,1885,4277,2054,2223,3741,1815,1926,2137,1007,1130,534,266,268,
18715,2139,1049,1090,3743,1858,1885,4277,2054,2223,3742,1816,1926,2137,1007,1130,535,267,268,
18720,2140,1050,1090,3743,1858,1885,4278,2054,2224,3743,1816,1927,2139,1008,1131,535,267,268,
18725,2140,1050,1090,3744,1858,1886,4279,2055,2224,3744,1816,1928,2140,1008,1132,535,267,268,
18730,2140,1050,1090,3746,1858,1888,4280,2055,2225,3745,1817,1928,2140,1008,1132,535,267,268,
18735,2141,1051,1090,3747,1858,1889,4282,2056,2226,3746,1818,1928,2140,1008,1132,535,267,268,
18740,2142,1051,1091,3747,1858,1889,4282,2056,2226,3747,1818,1929,2140,1008,1132,535,267,268,
18745,2143,1051,1092,3749,1858,1891,4285,2057,2228,3748,1818,1930,2141,1009,1132,535,267,268,
18750,2143,1051,1092,3750,1858,1892,4285,2057,2228,3749,1819,1930,2141,1009,1132,536,268,268,
18755,2144,1051,1093,3750,1858,1892,4286,2057,2229,3750,1819,1931,2143,1011,1132,536,268,268,
18760,2144,1051,1093,3751,1859,1892,4287,2058,2229,3751,1820,1931,2144,1011,1133,536,268,268,
18765,2144,1051,1093,3753,1860,1893,4288,2059,2229,3752,1820,1932,2144,1011,1133,536,268,268,
18770,2145,1051,1094,3754,1860,1894,4290,2060,2230,3753,1820,1933,2144,1011,1133,536,268,268,
18775,2146,1052,1094,3754,1860,1894,4290,2060,2230,3754,1821,1933,2144,1011,1133,536,268,268,
18780,2147,1052,1095,3756,1861,1895,4293,2062,2231,3755,1821,1934,2145,1011,1134,536,268,268,
18785,2147,1052,1095,3757,1862,1895,4293,2062,2231,3756,1821,1935,2145,1011,1134,537,268,269,
18790,2148,1052,1096,3757,1862,1895,4294,2063,2231,3757,1822,1935,2147,1011,1136,537,268,269,
18795,2148,1052,1096,3758,1862,1896,4295,2064,2231,3758,1823,1935,2148,1011,1137,537,268,269,
18800,2148,1052,1096,3760,1863,1897,4296,2065,2231,3759,1823,1936,2148,1011,1137,537,268,269,
18805,2149,1052,1097,3761,1863,1898,4298,2066,2232,3760,1824,1936,2148,1011,1137,537,268,269,
18810,2150,1052,1098,3761,1863,1898,4298,2066,2232,3761,1825,1936,2148,1011,1137,537,268,269,
18815,2151,1053,1098,3763,1865,1898,4301,2068,2233,3762,1825,1937,2149,1011,1138,537,268,269,
18820,2151,1053,1098,3764,1865,1899,4301,2068,2233,3763,1826,1937,2149,1011,1138,538,268,270,
18825,2152,1053,1099,3764,1865,1899,4302,2068,2234,3764,1826,1938,2151,1012,1139,538,268,270,
18830,2152,1053,1099,3765,1866,1899,4303,2069,2234,3765,1826,1939,2152,1013,1139,538,268,270,
18835,2152,1053,1099,3767,1867,1900,4304,2069,2235,3766,1827,1939,2152,1013,1139,538,268,270,
18840,2153,1053,1100,3768,1867,1901,4306,2071,2235,3767,1828,1939,2152,1013,1139,538,268,270,
18845,2154,1054,1100,3768,1867,1901,4306,2071,2235,3768,1829,1939,2152,1013,1139,538,268,270,
18850,2155,1055,1100,3770,1867,1903,4309,2073,2236,3769,1829,1940,2153,1013,1140,538,268,270,
18855,2155,1055,1100,3771,1867,1904,4309,2073,2236,3770,1829,1941,2153,1013,1140,539,268,271,
18860,2156,1055,1101,3771,1867,1904,4310,2074,2236,3771,1830,1941,2155,1013,1142,539,268,271,
18865,2156,1055,1101,3772,1867,1905,4311,2074,2237,3772,1830,1942,2156,1014,1142,539,268,271,
18870,2156,1055,1101,3774,1867,1907,4312,2074,2238,3773,1831,1942,2156,1014,1142,539,268,271,
18875,2157,1056,1101,3775,1867,1908,4314,2075,2239,3774,1831,1943,2156,1014,1142,539,268,271,
18880,2158,1056,1102,3775,1867,1908,4314,2075,2239,3775,1832,1943,2156,1014,1142,539,268,271,
18885,2159,1056,1103,3777,1867,1910,4317,2077,2240,3776,1832,1944,2157,1014,1143,539,268,271,
18890,2159,1056,1103,3778,1867,1911,4317,2077,2240,3777,1832,1945,2157,1014,1143,540,268,272,
18895,2160,1057,1103,3778,1867,1911,4318,2078,2240,3778,1833,1945,2159,1014,1145,540,268,272,
18900,2160,1057,1103,3779,1867,1912,4319,2079,2240,3779,1833,1946,2160,1014,1146,540,268,272,
18905,2160,1057,1103,3781,1867,1914,4320,2079,2241,3780,1833,1947,2160,1014,1146,540,268,272,
18910,2161,1058,1103,3782,1867,1915,4322,2079,2243,3781,1834,1947,2160,1014,1146,540,268,272,
18915,2162,1058,1104,3782,1867,1915,4322,2079,2243,3782,1834,1948,2160,1014,1146,540,268,272,
18920,2163,1059,1104,3784,1869,1915,4325,2081,2244,3783,1834,1949,2161,1014,1147,540,268,272,
18925,2163,1059,1104,3785,1870,1915,4325,2081,2244,3784,1835,1949,2161,1014,1147,541,269,272,
18930,2164,1059,1105,3785,1870,1915,4326,2081,2245,3785,1836,1949,2163,1015,1148,541,269,272,
18935,2164,1059,1105,3786,1870,1916,4327,2082,2245,3786,1836,1950,2164,1015,1149,541,269,272,
18940,2164,1059,1105,3788,1870,1918,4328,2082,2246,3787,1837,1950,2164,1015,1149,541,269,272,
18945,2165,1060,1105,3789,1870,1919,4330,2083,2247,3788,1837,1951,2164,1015,1149,541,269,272,
18950,2166,1061,1105,3789,1870,1919,4330,2083,2247,3789,1838,1951,2164,1015,1149,541,269,272,
18955,2167,1061,1106,3791,1871,1920,4333,2085,2248,3790,1838,1952,2165,1015,1150,541,269,272,
18960,2167,1061,1106,3792,1871,1921,4333,2085,2248,3791,1838,1953,2165,1015,1150,542,270,272,
18965,2168,1061,1107,3792,1871,1921,4334,2086,2248,3792,1839,1953,2167,1015,1152,542,270,272,
18970,2168,1061,1107,3793,1872,1921,4335,2086,2249,3793,1839,1954,2168,1015,1153,542,270,272,
18975,2168,1061,1107,3795,1873,1922,4336,2087,2249,3794,1840,1954,2168,1015,1153,542,270,272,
18980,2169,1061,1108,3796,1873,1923,4338,2088,2250,3795,1841,1954,2168,1015,1153,542,270,272,
18985,2170,1062,1108,3796,1873,1923,4338,2088,2250,3796,1842,1954,2168,1015,1153,542,270,272,
18990,2171,1062,1109,3798,1875,1923,4341,2089,2252,3797,1842,1955,2169,1016,1153,542,270,272,
18995,2171,1062,1109,3799,1875,1924,4341,2089,2252,3798,1843,1955,2169,1016,1153,543,271,272,
19000,2172,1063,1109,3799,1875,1924,4342,2089,2253,3799,1844,1955,2171,1017,1154,543,271,272,
19005,2172,1063,1109,3800,1875,1925,4343,2090,2253,3800,1845,1955,2172,1018,1154,543,271,272,
19010,2172,1063,1109,3802,1875,1927,4344,2090,2254,3801,1846,1955,2172,1018,1154,543,271,272,
19015,2173,1063,1110,3803,1876,1927,4346,2091,2255,3802,1847,1955,2172,1018,1154,543,271,272,
19020,2174,1063,1111,3803,1876,1927,4346,2091,2255,3803,1848,1955,2172,1018,1154,543,271,272,
19025,2175,1063,1112,3805,1877,1928,4349,2092,2257,3804,1848,1956,2173,1018,1155,543,271,272,
19030,2175,1063,1112,3806,1878,1928,4349,2092,2257,3805,1849,1956,2173,1018,1155,544,272,272,
19035,2176,1064,1112,3806,1878,1928,4350,2093,2257,3806,1849,1957,2175,1018,1157,544,272,272,
19040,2176,1064,1112,3807,1878,1929,4351,2094,2257,3807,1849,1958,2176,1018,1158,544,272,272,
19045,2176,1064,1112,3809,1879,1930,4352,2094,2258,3808,1850,1958,2176,1018,1158,544,272,272,
19050,2177,1064,1113,3810,1879,1931,4354,2094,2260,3809,1851,1958,2176,1018,1158,544,272,272,
19055,2178,1065,1113,3810,1879,1931,4354,2094,2260,3810,1851,1959,2176,1018,1158,544,272,272,
19060,2179,1065,1114,3812,1880,1932,4357,2096,2261,3811,1852,1959,2177,1018,1159,544,272,272,
19065,2179,1065,1114,3813,1880,1933,4357,2096,2261,3812,1853,1959,2177,1018,1159,545,272,273,
19070,2180,1066,1114,3813,1880,1933,4358,2096,2262,3813,1853,1960,2179,1020,1159,545,272,273,
19075,2180,1066,1114,3814,1881,1933,4359,2096,2263,3814,1854,1960,2180,1021,1159,545,272,273,
19080,2180,1066,1114,3816,1882,1934,4360,2096,2264,3815,1854,1961,2180,1021,1159,545,272,273,
19085,2181,1067,1114,3817,1882,1935,4362,2097,2265,3816,1854,1962,2180,1021,1159,545,272,273,
19090,2182,1068,1114,3817,1882,1935,4362,2097,2265,3817,1855,1962,2180,1021,1159,545,272,273,
19095,2183,1069,1114,3819,1883,1936,4365,2098,2267,3818,1856,1962,2181,1022,1159,545,272,273,
19100,2183,1069,1114,3820,1883,1937,4365,2098,2267,3819,1857,1962,2181,1022,1159,546,273,273,
19105,2184,1069,1115,3820,1883,1937,4366,2098,2268,3820,1858,1962,2183,1024,1159,546,273,273,
19110,2184,1069,1115,3821,1883,1938,4367,2098,2269,3821,1859,1962,2184,1024,1160,546,273,273,
19115,2184,1069,1115,3823,1885,1938,4368,2099,2269,3822,1859,1963,2184,1024,1160,546,273,273,
19120,2185,1069,1116,3824,1885,1939,4370,2101,2269,3823,1859,1964,2184,1024,1160,546,273,273,
19125,2186,1069,1117,3824,1885,1939,4370,2101,2269,3824,1860,1964,2184,1024,1160,546,273,273,
19130,2187,1069,1118,3826,1885,1941,4373,2103,2270,3825,1861,1964,2185,1024,1161,546,273,273,
19135,2187,1069,1118,3827,1885,1942,4373,2103,2270,3826,1862,1964,2185,1024,1161,547,273,274,
19140,2188,1069,1119,3827,1885,1942,4374,2104,2270,3827,1862,1965,2187,1024,1163,547,273,274,
19145,2188,1069,1119,3828,1886,1942,4375,2105,2270,3828,1863,1965,2188,1024,1164,547,273,274,
19150,2188,1069,1119,3830,1887,1943,4376,2105,2271,3829,1864,1965,2188,1024,1164,547,273,274,
19155,2189,1070,1119,3831,1887,1944,4378,2107,2271,3830,1864,1966,2188,1024,1164,547,273,274,
19160,2190,1070,1120,3831,1887,1944,4378,2107,2271,3831,1865,1966,2188,1024,1164,547,273,274,
19165,2191,1070,1121,3833,1889,1944,4381,2107,2274,3832,1865,1967,2189,1025,1164,547,273,274,
19170,2191,1070,1121,3834,1889,1945,4381,2107,2274,3833,1866,1967,2189,1025,1164,548,274,274,
19175,2192,1071,1121,3834,1889,1945,4382,2107,2275,3834,1867,1967,2191,1025,1166,548,274,274,
19180,2192,1071,1121,3835,1889,1946,4383,2108,2275,3835,1868,1967,2192,1025,1167,548,274,274,
19185,2192,1071,1121,3837,1891,1946,4384,2108,2276,3836,1869,1967,2192,1025,1167,548,274,274,
19190,2193,1071,1122,3838,1892,1946,4386,2109,2277,3837,1869,1968,2192,1025,1167,548,274,274,
19195,2194,1071,1123,3838,1892,1946,4386,2109,2277,3838,1869,1969,2192,1025,1167,548,274,274,
19200,2195,1072,1123,3840,1892,1948,4389,2110,2279,3839,1870,1969,2193,1026,1167,548,274,274,
19205,2195,1072,1123,3841,1892,1949,4389,2110,2279,3840,1871,1969,2193,1026,1167,549,275,274,
19210,2196,1073,1123,3841,1892,1949,4390,2111,2279,3841,1872,1969,2195,1026,1169,549,275,274,
19215,2196,1073,1123,3842,1892,1950,4391,2111,2280,3842,1873,1969,2196,1027,1169,549,275,274,
19220,2196,1073,1123,3844,1892,1952,4392,2111,2281,3843,1873,1970,2196,1027,1169,549,275,274,
19225,2197,1074,1123,3845,1892,1953,4394,2111,2283,3844,1874,1970,2196,1027,1169,549,275,274,
19230,2198,1075,1123,3845,1892,1953,4394,2111,2283,3845,1874,1971,2196,1027,1169,549,275,274,
19235,2199,1076,1123,3847,1892,1955,4397,2113,2284,3846,1875,1971,2197,1027,1170,549,275,274,
19240,2199,1076,1123,3848,1892,1956,4397,2113,2284,3847,1875,1972,2197,1027,1170,550,276,274,
19245,2200,1076,1124,3848,1892,1956,4398,2113,2285,3848,1876,1972,2199,1029,1170,550,276,274,
19250,2200,1076,1124,3849,1893,1956,4399,2114,2285,3849,1877,1972,2200,1030,1170,550,276,274,
19255,2200,1076,1124,3851,1894,1957,4400,2114,2286,3850,1877,1973,2200,1030,1170,550,276,274,
19260,2201,1077,1124,3852,1895,1957,4402,2115,2287,3851,1877,1974,2200,1030,1170,550,276,274,
19265,2202,1078,1124,3852,1895,1957,4402,2115,2287,3852,1878,1974,2200,1030,1170,550,276,274,
19270,2203,1078,1125,3854,1895,1959,4405,2117,2288,3853,1879,1974,2201,1031,1170,550,276,274,
19275,2203,1078,1125,3855,1895,1960,4405,2117,2288,3854,1879,1975,2201,1031,1170,551,277,274,
19280,2204,1078,1126,3855,1895,1960,4406,2118,2288,3855,1880,1975,2203,1033,1170,551,277,274,
19285,2204,1078,1126,3856,1895,1961,4407,2118,2289,3856,1881,1975,2204,1033,1171,551,277,274,
19290,2204,1078,1126,3858,1897,1961,4408,2119,2289,3857,1881,1976,2204,1033,1171,551,277,274,
19295,2205,1078,1127,3859,1898,1961,4410,2121,2289,3858,1881,1977,2204,1033,1171,551,277,274,
19300,2206,1079,1127,3859,1898,1961,4410,2121,2289,3859,1882,1977,2204,1033,1171,551,277,274,
19305,2207,1080,1127,3861,1899,1962,4413,2121,2292,3860,1883,1977,2205,1033,1172,551,277,274,
19310,2207,1080,1127,3862,1900,1962,4413,2121,2292,3861,1883,1978,2205,1033,1172,552,278,274,
19315,2208,1081,1127,3862,1900,1962,4414,2122,2292,3862,1883,1979,2207,1034,1173,552,278,274,
19320,2208,1081,1127,3863,1900,1963,4415,2122,2293,3863,1884,1979,2208,1035,1173,552,278,274,
19325,2208,1081,1127,3865,1902,1963,4416,2123,2293,3864,1884,1980,2208,1035,1173,552,278,274,
19330,2209,1082,1127,3866,1903,1963,4418,2123,2295,3865,1885,1980,2208,1035,1173,552,278,274,
19335,2210,1082,1128,3866,1903,1963,4418,2123,2295,3866,1886,1980,2208,1035,1173,552,278,274,
19340,2211,1083,1128,3868,1904,1964,4421,2124,2297,3867,1886,1981,2209,1035,1174,552,278,274,
19345,2211,1083,1128,3869,1904,1965,4421,2124,2297,3868,1887,1981,2209,1035,1174,553,278,275,
19350,2212,1083,1129,3869,1904,1965,4422,2124,2298,3869,1888,1981,2211,1035,1176,553,278,275,
19355,2212,1083,1129,3870,1905,1965,4423,2125,2298,3870,1889,1981,2212,1035,1177,553,278,275,
19360,2212,1083,1129,3872,1905,1967,4424,2125,2299,3871,1889,1982,2212,1035,1177,553,278,275,
19365,2213,1084,1129,3873,1906,1967,4426,2127,2299,3872,1889,1983,2212,1035,1177,553,278,275,
19370,2214,1084,1130,3873,1906,1967,4426,2127,2299,3873,1889,1984,2212,1035,1177,553,278,275,
19375,2215,1084,1131,3875,1907,1968,4429,2128,2301,3874,1889,1985,2213,1036,1177,553,278,275,
19380,2215,1084,1131,3876,1908,1968,4429,2128,2301,3875,1890,1985,2213,1036,1177,554,279,275,
19385,2216,1084,1132,3876,1908,1968,4430,2129,2301,3876,1891,1985,2215,1038,1177,554,279,275,
19390,2216,1084,1132,3877,1909,1968,4431,2130,2301,3877,1891,1986,2216,1039,1177,554,279,275,
19395,2216,1084,1132,3879,1910,1969,4432,2131,2301,3878,1892,1986,2216,1039,1177,554,279,275,
19400,2217,1085,1132,3880,1910,1970,4434,2132,2302,3879,1893,1986,2216,1039,1177,554,279,275,
19405,2218,1085,1133,3880,1910,1970,4434,2132,2302,3880,1894,1986,2216,1039,1177,554,279,275,
19410,2219,1086,1133,3882,1910,1972,4437,2135,2302,3881,1894,1987,2217,1039,1178,554,279,275,
19415,2219,1086,1133,3883,1911,1972,4437,2135,2302,3882,1895,1987,2217,1039,1178,555,280,275,
19420,2220,1086,1134,3883,1911,1972,4438,2135,2303,3883,1895,1988,2219,1040,1179,555,280,275,
19425,2220,1086,1134,3884,1911,1973,4439,2136,2303,3884,1896,1988,2220,1040,1180,555,280,275,
19430,2220,1086,1134,3886,1913,1973,4440,2136,2304,3885,1897,1988,2220,1040,1180,555,280,275,
19435,2221,1086,1135,3887,1913,1974,4442,2136,2306,3886,1898,1988,2220,1040,1180,555,280,275,
19440,2222,1086,1136,3887,1913,1974,4442,2136,2306,3887,1899,1988,2220,1040,1180,555,280,275,
19445,2223,1087,1136,3889,1914,1975,4445,2136,2309,3888,1899,1989,2221,1040,1181,555,280,275,
19450,2223,1087,1136,3890,1914,1976,4445,2136,2309,3889,1900,1989,2221,1040,1181,556,280,276,
19455,2224,1088,1136,3890,1914,1976,4446,2136,2310,3890,1901,1989,2223,1040,1183,556,280,276,
19460,2224,1088,1136,3891,1914,1977,4447,2136,2311,3891,1902,1989,2224,1041,1183,556,280,276,
19465,2224,1088,1136,3893,1916,1977,4448,2136,2312,3892,1902,1990,2224,1041,1183,556,280,276,
19470,2225,1088,1137,3894,1916,1978,4450,2137,2313,3893,1902,1991,2224,1041,1183,556,280,276,
19475,2226,1088,1138,3894,1916,1978,4450,2137,2313,3894,1903,1991,2224,1041,1183,556,280,276,
19480,2227,1089,1138,3896,1917,1979,4453,2138,2315,3895,1903,1992,2225,1042,1183,556,280,276,
19485,2227,1089,1138,3897,1918,1979,4453,2138,2315,3896,1903,1993,2225,1042,1183,557,280,277,
19490,2228,1089,1139,3897,1918,1979,4454,2138,2316,3897,1903,1994,2227,1043,1184,557,280,277,
19495,2228,1089,1139,3898,1918,1980,4455,2138,2317,3898,1903,1995,2228,1043,1185,557,280,277,
19500,2228,1089,1139,3900,1920,1980,4456,2138,2318,3899,1904,1995,2228,1043,1185,557,280,277,
19505,2229,1089,1140,3901,1921,1980,4458,2139,2319,3900,1905,1995,2228,1043,1185,557,280,277,
19510,2230,1090,1140,3901,1921,1980,4458,2139,2319,3901,1906,1995,2228,1043,1185,557,280,277,
19515,2231,1090,1141,3903,1921,1982,4461,2139,2322,3902,1907,1995,2229,1043,1186,557,280,277,
19520,2231,1090,1141,3904,1922,1982,4461,2139,2322,3903,1907,1996,2229,1043,1186,558,280,278,
19525,2232,1090,1142,3904,1922,1982,4462,2139,2323,3904,1908,1996,2231,1043,1188,558,280,278,
19530,2232,1090,1142,3905,1923,1982,4463,2139,2324,3905,1909,1996,2232,1044,1188,558,280,278,
19535,2232,1090,1142,3907,1923,1984,4464,2140,2324,3906,1909,1997,2232,1044,1188,558,280,278,
19540,2233,1091,1142,3908,1923,1985,4466,2141,2325,3907,1910,1997,2232,1044,1188,558,280,278,
19545,2234,1091,1143,3908,1923,1985,4466,2141,2325,3908,1911,1997,2232,1044,1188,558,280,278,
19550,2235,1091,1144,3910,1923,1987,4469,2144,2325,3909,1911,1998,2233,1045,1188,558,280,278,
19555,2235,1091,1144,3911,1924,1987,4469,2144,2325,3910,1912,1998,2233,1045,1188,559,281,278,
19560,2236,1091,1145,3911,1924,1987,4470,2145,2325,3911,1913,1998,2235,1047,1188,559,281,278,
19565,2236,1091,1145,3912,1925,1987,4471,2145,2326,3912,1913,1999,2236,1048,1188,559,281,278,
19570,2236,1091,1145,3914,1925,1989,4472,2146,2326,3913,1914,1999,2236,1048,1188,559,281,278,
19575,2237,1092,1145,3915,1925,1990,4474,2147,2327,3914,1914,2000,2236,1048,1188,559,281,278,
19580,2238,1093,1145,3915,1925,1990,4474,2147,2327,3915,1915,2000,2236,1048,1188,559,281,278,
19585,2239,1093,1146,3917,1926,1991,4477,2148,2329,3916,1915,2001,2237,1048,1189,559,281,278,
19590,2239,1093,1146,3918,1926,1992,4477,2148,2329,3917,1916,2001,2237,1048,1189,560,281,279,
19595,2240,1094,1146,3918,1926,1992,4478,2149,2329,3918,1917,2001,2239,1049,1190,560,281,279,
19600,2240,1094,1146,3919,1926,1993,4479,2150,2329,3919,1917,2002,2240,1049,1191,560,281,279,
19605,2240,1094,1146,3921,1927,1994,4480,2150,2330,3920,1917,2003,2240,1049,1191,560,281,279,
19610,2241,1094,1147,3922,1927,1995,4482,2150,2332,3921,1917,2004,2240,1049,1191,560,281,279,
19615,2242,1094,1148,3922,1927,1995,4482,2150,2332,3922,1917,2005,2240,1049,1191,560,281,279,
19620,2243,1095,1148,3924,1929,1995,4485,2150,2335,3923,1917,2006,2241,1049,1192,560,281,279,
19625,2243,1095,1148,3925,1929,1996,4485,2150,2335,3924,1917,2007,2241,1049,1192,561,281,280,
19630,2244,1095,1149,3925,1929,1996,4486,2151,2335,3925,1917,2008,2243,1051,1192,561,281,280,
19635,2244,1095,1149,3926,1929,1997,4487,2152,2335,3926,1917,2009,2244,1051,1193,561,281,280,
19640,2244,1095,1149,3928,1929,1999,4488,2152,2336,3927,1917,2010,2244,1051,1193,561,281,280,
19645,2245,1096,1149,3929,1930,1999,4490,2152,2338,3928,1917,2011,2244,1051,1193,561,281,280,
19650,2246,1097,1149,3929,1930,1999,4490,2152,2338,3929,1918,2011,2244,1051,1193,561,281,280,
19655,2247,1097,1150,3931,1931,2000,4493,2154,2339,3930,1918,2012,2245,1051,1194,561,281,280,
19660,2247,1097,1150,3932,1931,2001,4493,2154,2339,3931,1918,2013,2245,1051,1194,562,282,280,
19665,2248,1097,1151,3932,1931,2001,4494,2155,2339,3932,1918,2014,2247,1053,1194,562,282,280,
19670,2248,1097,1151,3933,1932,2001,4495,2155,2340,3933,1919,2014,2248,1054,1194,562,282,280,
19675,2248,1097,1151,3935,1933,2002,4496,2156,2340,3934,1919,2015,2248,1054,1194,562,282,280,
19680,2249,1097,1152,3936,1934,2002,4498,2157,2341,3935,1919,2016,2248,1054,1194,562,282,280,
19685,2250,1098,1152,3936,1934,2002,4498,2157,2341,3936,1919,2017,2248,1054,1194,562,282,280,
19690,2251,1098,1153,3938,1934,2004,4501,2159,2342,3937,1920,2017,2249,1055,1194,562,282,280,
19695,2251,1098,1153,3939,1935,2004,4501,2159,2342,3938,1920,2018,2249,1055,1194,563,283,280,
19700,2252,1098,1154,3939,1935,2004,4502,2160,2342,3939,1920,2019,2251,1056,1195,563,283,280,
19705,2252,1098,1154,3940,1936,2004,4503,2161,2342,3940,1921,2019,2252,1056,1196,563,283,280,
19710,2252,1098,1154,3942,1936,2006,4504,2161,2343,3941,1921,2020,2252,1056,1196,563,283,280,
19715,2253,1098,1155,3943,1936,2007,4506,2162,2344,3942,1922,2020,2252,1056,1196,563,283,280,
19720,2254,1099,1155,3943,1936,2007,4506,2162,2344,3943,1922,2021,2252,1056,1196,563,283,280,
19725,2255,1099,1156,3945,1937,2008,4509,2163,2346,3944,1923,2021,2253,1056,1197,563,283,280,
19730,2255,1099,1156,3946,1937,2009,4509,2163,2346,3945,1924,2021,2253,1056,1197,564,283,281,
19735,2256,1100,1156,3946,1937,2009,4510,2163,2347,3946,1925,2021,2255,1056,1199,564,283,281,
19740,2256,1100,1156,3947,1937,2010,4511,2164,2347,3947,1926,2021,2256,1057,1199,564,283,281,
19745,2256,1100,1156,3949,1939,2010,4512,2165,2347,3948,1927,2021,2256,1057,1199,564,283,281,
19750,2257,1101,1156,3950,1939,2011,4514,2166,2348,3949,1927,2022,2256,1057,1199,564,283,281,
19755,2258,1102,1156,3950,1939,2011,4514,2166,2348,3950,1927,2023,2256,1057,1199,564,283,281,
19760,2259,1103,1156,3952,1939,2013,4517,2167,2350,3951,1927,2024,2257,1057,1200,564,283,281,
19765,2259,1103,1156,3953,1940,2013,4517,2167,2350,3952,1928,2024,2257,1057,1200,565,284,281,
19770,2260,1104,1156,3953,1940,2013,4518,2168,2350,3953,1928,2025,2259,1057,1202,565,284,281,
19775,2260,1104,1156,3954,1941,2013,4519,2168,2351,3954,1929,2025,2260,1057,1203,565,284,281,
19780,2260,1104,1156,3956,1943,2013,4520,2169,2351,3955,1929,2026,2260,1057,1203,565,284,281,
19785,2261,1104,1157,3957,1943,2014,4522,2170,2352,3956,1929,2027,2260,1057,1203,565,284,281,
19790,2262,1104,1158,3957,1943,2014,4522,2170,2352,3957,1930,2027,2260,1057,1203,565,284,281,
19795,2263,1105,1158,3959,1943,2016,4525,2171,2354,3958,1930,2028,2261,1057,1204,565,284,281,
19800,2263,1105,1158,3960,1944,2016,4525,2171,2354,3959,1931,2028,2261,1057,1204,566,285,281,
19805,2264,1105,1159,3960,1944,2016,4526,2172,2354,3960,1931,2029,2263,1059,1204,566,285,281,
19810,2264,1105,1159,3961,1944,2017,4527,2172,2355,3961,1932,2029,2264,1060,1204,566,285,281,
19815,2264,1105,1159,3963,1945,2018,4528,2173,2355,3962,1933,2029,2264,1060,1204,566,285,281,
19820,2265,1105,1160,3964,1946,2018,4530,2173,2357,3963,1934,2029,2264,1060,1204,566,285,281,
19825,2266,1105,1161,3964,1946,2018,4530,2173,2357,3964,1934,2030,2264,1060,1204,566,285,281,
19830,2267,1105,1162,3966,1946,2020,4533,2175,2358,3965,1934,2031,2265,1061,1204,566,285,281,
19835,2267,1105,1162,3967,1947,2020,4533,2175,2358,3966,1935,2031,2265,1061,1204,567,286,281,
19840,2268,1106,1162,3967,1947,2020,4534,2176,2358,3967,1936,2031,2267,1061,1206,567,286,281,
19845,2268,1106,1162,3968,1947,2021,4535,2177,2358,3968,1936,2032,2268,1061,1207,567,286,281,
19850,2268,1106,1162,3970,1949,2021,4536,2178,2358,3969,1936,2033,2268,1061,1207,567,286,281,
19855,2269,1106,1163,3971,1950,2021,4538,2180,2358,3970,1937,2033,2268,1061,1207,567,286,281,
19860,2270,1106,1164,3971,1950,2021,4538,2180,2358,3971,1938,2033,2268,1061,1207,567,286,281,
19865,2271,1107,1164,3973,1951,2022,4541,2180,2361,3972,1938,2034,2269,1061,1208,567,286,281,
19870,2271,1107,1164,3974,1952,2022,4541,2180,2361,3973,1938,2035,2269,1061,1208,568,286,282,
19875,2272,1107,1165,3974,1952,2022,4542,2180,2362,3974,1939,2035,2271,1063,1208,568,286,282,
19880,2272,1107,1165,3975,1952,2023,4543,2181,2362,3975,1940,2035,2272,1064,1208,568,286,282,
19885,2272,1107,1165,3977,1954,2023,4544,2182,2362,3976,1941,2035,2272,1064,1208,568,286,282,
19890,2273,1108,1165,3978,1954,2024,4546,2183,2363,3977,1941,2036,2272,1064,1208,568,286,282,
19895,2274,1109,1165,3978,1954,2024,4546,2183,2363,3978,1941,2037,2272,1064,1208,568,286,282,
19900,2275,1109,1166,3980,1954,2026,4549,2184,2365,3979,1941,2038,2273,1065,1208,568,286,282,
19905,2275,1109,1166,3981,1954,2027,4549,2184,2365,3980,1941,2039,2273,1065,1208,569,287,282,
19910,2276,1110,1166,3981,1954,2027,4550,2184,2366,3981,1941,2040,2275,1065,1210,569,287,282,
19915,2276,1110,1166,3982,1954,2028,4551,2185,2366,3982,1941,2041,2276,1066,1210,569,287,282,
19920,2276,1110,1166,3984,1956,2028,4552,2186,2366,3983,1942,2041,2276,1066,1210,569,287,282,
19925,2277,1110,1167,3985,1956,2029,4554,2187,2367,3984,1942,2042,2276,1066,1210,569,287,282,
19930,2278,1111,1167,3985,1956,2029,4554,2187,2367,3985,1943,2042,2276,1066,1210,569,287,282,
19935,2279,1111,1168,3987,1958,2029,4557,2190,2367,3986,1944,2042,2277,1066,1211,569,287,282,
19940,2279,1111,1168,3988,1958,2030,4557,2190,2367,3987,1945,2042,2277,1066,1211,570,287,283,
19945,2280,1112,1168,3988,1958,2030,4558,2190,2368,3988,1946,2042,2279,1068,1211,570,287,283,
19950,2280,1112,1168,3989,1958,2031,4559,2191,2368,3989,1946,2043,2280,1068,1212,570,287,283,
19955,2280,1112,1168,3991,1958,2033,4560,2191,2369,3990,1947,2043,2280,1068,1212,570,287,283,
19960,2281,1113,1168,3992,1959,2033,4562,2192,2370,3991,1947,2044,2280,1068,1212,570,287,283,
19965,2282,1113,1169,3992,1959,2033,4562,2192,2370,3992,1948,2044,2280,1068,1212,570,287,283,
19970,2283,1114,1169,3994,1960,2034,4565,2193,2372,3993,1949,2044,2281,1068,1213,570,287,283,
19975,2283,1114,1169,3995,1960,2035,4565,2193,2372,3994,1949,2045,2281,1068,1213,571,287,284,
19980,2284,1114,1170,3995,1960,2035,4566,2193,2373,3995,1949,2046,2283,1068,1215,571,287,284,
19985,2284,1114,1170,3996,1961,2035,4567,2193,2374,3996,1949,2047,2284,1069,1215,571,287,284,
19990,2284,1114,1170,3998,1963,2035,4568,2193,2375,3997,1949,2048,2284,1069,1215,571,287,284,
19995,2285,1114,1171,3999,1963,2036,4570,2195,2375,3998,1950,2048,2284,1069,1215,571,287,284,
20000,2286,1115,1171,3999,1963,2036,4570,2195,2375,3999,1950,2049,2284,1069,1215,571,287,284,
20005,2287,1116,1171,4001,1963,2038,4573,2197,2376,4000,1951,2049,2285,1069,1216,571,287,284,
20010,2287,1116,1171,4002,1963,2039,4573,2197,2376,4001,1951,2050,2285,1069,1216,572,288,284,
20015,2288,1117,1171,4002,1963,2039,4574,2197,2377,4002,1952,2050,2287,1070,1217,572,288,284,
20020,2288,1117,1171,4003,1964,2039,4575,2197,2378,4003,1953,2050,2288,1070,1218,572,288,284,
20025,2288,1117,1171,4005,1965,2040,4576,2197,2379,4004,1954,2050,2288,1070,1218,572,288,284,
20030,2289,1118,1171,4006,1965,2041,4578,2197,2381,4005,1955,2050,2288,1070,1218,572,288,284,
20035,2290,1118,1172,4006,1965,2041,4578,2197,2381,4006,1956,2050,2288,1070,1218,572,288,284,
20040,2291,1118,1173,4008,1965,2043,4581,2199,2382,4007,1957,2050,2289,1070,1219,572,288,284,
20045,2291,1118,1173,4009,1965,2044,4581,2199,2382,4008,1957,2051,2289,1070,1219,573,288,285,
20050,2292,1119,1173,4009,1965,2044,4582,2200,2382,4009,1958,2051,2291,1072,1219,573,288,285,
20055,2292,1119,1173,4010,1965,2045,4583,2200,2383,4010,1958,2052,2292,1072,1220,573,288,285,
20060,2292,1119,1173,4012,1966,2046,4584,2200,2384,4011,1958,2053,2292,1072,1220,573,288,285,
20065,2293,1119,1174,4013,1966,2047,4586,2202,2384,4012,1959,2053,2292,1072,1220,573,288,285,
20070,2294,1120,1174,4013,1966,2047,4586,2202,2384,4013,1959,2054,2292,1072,1220,573,288,285,
20075,2295,1120,1175,4015,1967,2048,4589,2203,2386,4014,1960,2054,2293,1073,1220,573,288,285,
20080,2295,1120,1175,4016,1967,2049,4589,2203,2386,4015,1960,2055,2293,1073,1220,574,288,286,
20085,2296,1121,1175,4016,1967,2049,4590,2203,2387,4016,1960,2056,2295,1075,1220,574,288,286,
20090,2296,1121,1175,4017,1967,2050,4591,2203,2388,4017,1961,2056,2296,1076,1220,574,288,286,
20095,2296,1121,1175,4019,1967,2052,4592,2204,2388,4018,1961,2057,2296,1076,1220,574,288,286,
20100,2297,1121,1176,4020,1968,2052,4594,2204,2390,4019,1962,2057,2296,1076,1220,574,288,286,
20105,2298,1121,1177,4020,1968,2052,4594,2204,2390,4020,1962,2058,2296,1076,1220,574,288,286,
20110,2299,1122,1177,4022,1970,2052,4597,2205,2392,4021,1962,2059,2297,1077,1220,574,288,286,
20115,2299,1122,1177,4023,1970,2053,4597,2205,2392,4022,1963,2059,2297,1077,1220,575,289,286,
20120,2300,1122,1178,4023,1970,2053,4598,2205,2393,4023,1963,2060,2299,1079,1220,575,289,286,
20125,2300,1122,1178,4024,1970,2054,4599,2206,2393,4024,1964,2060,2300,1079,1221,575,289,286,
20130,2300,1122,1178,4026,1970,2056,4600,2207,2393,4025,1965,2060,2300,1079,1221,575,289,286,
20135,2301,1122,1179,4027,1970,2057,4602,2207,2395,4026,1966,2060,2300,1079,1221,575,289,286,
20140,2302,1123,1179,4027,1970,2057,4602,2207,2395,4027,1966,2061,2300,1079,1221,575,289,286,
20145,2303,1123,1180,4029,1972,2057,4605,2208,2397,4028,1966,2062,2301,1080,1221,575,289,286,
20150,2303,1123,1180,4030,1973,2057,4605,2208,2397,4029,1967,2062,2301,1080,1221,576,290,286,
20155,2304,1123,1181,4030,1973,2057,4606,2209,2397,4030,1967,2063,2303,1081,1222,576,290,286,
20160,2304,1123,1181,4031,1973,2058,4607,2210,2397,4031,1968,2063,2304,1081,1223,576,290,286,
20165,2304,1123,1181,4033,1973,2060,4608,2211,2397,4032,1969,2063,2304,1081,1223,576,290,286,
20170,2305,1124,1181,4034,1973,2061,4610,2213,2397,4033,1969,2064,2304,1081,1223,576,290,286,
20175,2306,1124,1182,4034,1973,2061,4610,2213,2397,4034,1970,2064,2304,1081,1223,576,290,286,
20180,2307,1125,1182,4036,1974,2062,4613,2214,2399,4035,1970,2065,2305,1082,1223,576,290,286,
20185,2307,1125,1182,4037,1974,2063,4613,2214,2399,4036,1970,2066,2305,1082,1223,577,291,286,
20190,2308,1126,1182,4037,1974,2063,4614,2214,2400,4037,1971,2066,2307,1083,1224,577,291,286,
20195,2308,1126,1182,4038,1975,2063,4615,2215,2400,4038,1972,2066,2308,1083,1225,577,291,286,
20200,2308,1126,1182,4040,1976,2064,4616,2216,2400,4039,1973,2066,2308,1083,1225,577,291,286,
20205,2309,1126,1183,4041,1976,2065,4618,2217,2401,4040,1974,2066,2308,1083,1225,577,291,286,
20210,2310,1126,1184,4041,1976,2065,4618,2217,2401,4041,1975,2066,2308,1083,1225,577,291,286,
20215,2311,1127,1184,4043,1977,2066,4621,2219,2402,4042,1976,2066,2309,1084,1225,577,291,286,
20220,2311,1127,1184,4044,1977,2067,4621,2219,2402,4043,1976,2067,2309,1084,1225,578,291,287,
20225,2312,1128,1184,4044,1977,2067,4622,2220,2402,4044,1977,2067,2311,1084,1227,578,291,287,
20230,2312,1128,1184,4045,1977,2068,4623,2220,2403,4045,1978,2067,2312,1084,1228,578,291,287,
20235,2312,1128,1184,4047,1978,2069,4624,2220,2404,4046,1978,2068,2312,1084,1228,578,291,287,
20240,2313,1128,1185,4048,1978,2070,4626,2221,2405,4047,1979,2068,2312,1084,1228,578,291,287,
20245,2314,1129,1185,4048,1978,2070,4626,2221,2405,4048,1979,2069,2312,1084,1228,578,291,287,
20250,2315,1130,1185,4050,1979,2071,4629,2224,2405,4049,1979,2070,2313,1085,1228,578,291,287,
20255,2315,1130,1185,4051,1979,2072,4629,2224,2405,4050,1980,2070,2313,1085,1228,579,292,287,
20260,2316,1131,1185,4051,1979,2072,4630,2224,2406,4051,1980,2071,2315,1086,1229,579,292,287,
20265,2316,1131,1185,4052,1979,2073,4631,2224,2407,4052,1980,2072,2316,1087,1229,579,292,287,
20270,2316,1131,1185,4054,1981,2073,4632,2225,2407,4053,1981,2072,2316,1087,1229,579,292,287,
20275,2317,1131,1186,4055,1982,2073,4634,2226,2408,4054,1981,2073,2316,1087,1229,579,292,287,
20280,2318,1131,1187,4055,1982,2073,4634,2226,2408,4055,1981,2074,2316,1087,1229,579,292,287,
20285,2319,1132,1187,4057,1983,2074,4637,2228,2409,4056,1982,2074,2317,1088,1229,579,292,287,
20290,2319,1132,1187,4058,1984,2074,4637,2228,2409,4057,1982,2075,2317,1088,1229,580,293,287,
20295,2320,1132,1188,4058,1984,2074,4638,2229,2409,4058,1983,2075,2319,1089,1230,580,293,287,
20300,2320,1132,1188,4059,1984,2075,4639,2230,2409,4059,1984,2075,2320,1089,1231,580,293,287,
20305,2320,1132,1188,4061,1985,2076,4640,2231,2409,4060,1984,2076,2320,1089,1231,580,293,287,
20310,2321,1133,1188,4062,1985,2077,4642,2231,2411,4061,1985,2076,2320,1089,1231,580,293,287,
20315,2322,1134,1188,4062,1985,2077,4642,2231,2411,4062,1986,2076,2320,1089,1231,580,293,287,
20320,2323,1135,1188,4064,1986,2078,4645,2233,2412,4063,1987,2076,2321,1089,1232,580,293,287,
20325,2323,1135,1188,4065,1987,2078,4645,2233,2412,4064,1987,2077,2321,1089,1232,581,293,288,
20330,2324,1136,1188,4065,1987,2078,4646,2233,2413,4065,1988,2077,2323,1090,1233,581,293,288,
20335,2324,1136,1188,4066,1988,2078,4647,2233,2414,4066,1988,2078,2324,1091,1233,581,293,288,
20340,2324,1136,1188,4068,1990,2078,4648,2233,2415,4067,1989,2078,2324,1091,1233,581,293,288,
20345,2325,1136,1189,4069,1990,2079,4650,2235,2415,4068,1990,2078,2324,1091,1233,581,293,288,
20350,2326,1136,1190,4069,1990,2079,4650,2235,2415,4069,1991,2078,2324,1091,1233,581,293,288,
20355,2327,1137,1190,4071,1992,2079,4653,2238,2415,4070,1991,2079,2325,1092,1233,581,293,288,
20360,2327,1137,1190,4072,1992,2080,4653,2238,2415,4071,1992,2079,2325,1092,1233,582,293,289,
20365,2328,1137,1191,4072,1992,2080,4654,2239,2415,4072,1993,2079,2327,1093,1234,582,293,289,
20370,2328,1137,1191,4073,1992,2081,4655,2239,2416,4073,1993,2080,2328,1094,1234,582,293,289,
20375,2328,1137,1191,4075,1993,2082,4656,2240,2416,4074,1993,2081,2328,1094,1234,582,293,289,
20380,2329,1138,1191,4076,1994,2082,4658,2242,2416,4075,1994,2081,2328,1094,1234,582,293,289,
20385,2330,1138,1192,4076,1994,2082,4658,2242,2416,4076,1994,2082,2328,1094,1234,582,293,289,
20390,2331,1139,1192,4078,1994,2084,4661,2244,2417,4077,1995,2082,2329,1094,1235,582,293,289,
20395,2331,1139,1192,4079,1995,2084,4661,2244,2417,4078,1996,2082,2329,1094,1235,583,294,289,
20400,2332,1139,1193,4079,1995,2084,4662,2245,2417,4079,1997,2082,2331,1094,1237,583,294,289,
20405,2332,1139,1193,4080,1996,2084,4663,2246,2417,4080,1998,2082,2332,1095,1237,583,294,289,
20410,2332,1139,1193,4082,1997,2085,4664,2247,2417,4081,1999,2082,2332,1095,1237,583,294,289,
20415,2333,1139,1194,4083,1997,2086,4666,2247,2419,4082,2000,2082,2332,1095,1237,583,294,289,
20420,2334,1139,1195,4083,1997,2086,4666,2247,2419,4083,2000,2083,2332,1095,1237,583,294,289,
20425,2335,1139,1196,4085,1997,2088,4669,2249,2420,4084,2000,2084,2333,1095,1238,583,294,289,
20430,2335,1139,1196,4086,1997,2089,4669,2249,2420,4085,2000,2085,2333,1095,1238,584,294,290,
20435,2336,1140,1196,4086,1997,2089,4670,2249,2421,4086,2000,2086,2335,1096,1239,584,294,290,
20440,2336,1140,1196,4087,1997,2090,4671,2249,2422,4087,2000,2087,2336,1097,1239,584,294,290,
20445,2336,1140,1196,4089,1998,2091,4672,2249,2423,4088,2001,2087,2336,1097,1239,584,294,290,
20450,2337,1141,1196,4090,1998,2092,4674,2250,2424,4089,2002,2087,2336,1097,1239,584,294,290,
20455,2338,1142,1196,4090,1998,2092,4674,2250,2424,4090,2002,2088,2336,1097,1239,584,294,290,
20460,2339,1143,1196,4092,1999,2093,4677,2250,2427,4091,2002,2089,2337,1098,1239,584,294,290,
20465,2339,1143,1196,4093,2000,2093,4677,2250,2427,4092,2002,2090,2337,1098,1239,585,295,290,
20470,2340,1144,1196,4093,2000,2093,4678,2251,2427,4093,2002,2091,2339,1099,1240,585,295,290,
20475,2340,1144,1196,4094,2000,2094,4679,2251,2428,4094,2003,2091,2340,1099,1241,585,295,290,
20480,2340,1144,1196,4096,2000,2096,4680,2252,2428,4095,2004,2091,2340,1099,1241,585,295,290,
20485,2341,1145,1196,4097,2000,2097,4682,2254,2428,4096,2004,2092,2340,1099,1241,585,295,290,
20490,2342,1146,1196,4097,2000,2097,4682,2254,2428,4097,2005,2092,2340,1099,1241,585,295,290,
20495,2343,1146,1197,4099,2000,2099,4685,2255,2430,4098,2006,2092,2341,1100,1241,585,295,290,
20500,2343,1146,1197,4100,2001,2099,4685,2255,2430,4099,2007,2092,2341,1100,1241,586,296,290,
20505,2344,1147,1197,4100,2001,2099,4686,2255,2431,4100,2007,2093,2343,1102,1241,586,296,290,
20510,2344,1147,1197,4101,2002,2099,4687,2255,2432,4101,2007,2094,2344,1102,1242,586,296,290,
20515,2344,1147,1197,4103,2002,2101,4688,2255,2433,4102,2007,2095,2344,1102,1242,586,296,290,
20520,2345,1147,1198,4104,2003,2101,4690,2255,2435,4103,2007,2096,2344,1102,1242,586,296,290,
20525,2346,1147,1199,4104,2003,2101,4690,2255,2435,4104,2008,2096,2344,1102,1242,586,296,290,
20530,2347,1147,1200,4106,2005,2101,4693,2256,2437,4105,2008,2097,2345,1103,1242,586,296,290,
20535,2347,1147,1200,4107,2006,2101,4693,2256,2437,4106,2008,2098,2345,1103,1242,587,296,291,
20540,2348,1148,1200,4107,2006,2101,4694,2257,2437,4107,2008,2099,2347,1105,1242,587,296,291,
20545,2348,1148,1200,4108,2007,2101,4695,2258,2437,4108,2008,2100,2348,1106,1242,587,296,291,
20550,2348,1148,1200,4110,2008,2102,4696,2258,2438,4109,2009,2100,2348,1106,1242,587,296,291,
20555,2349,1149,1200,4111,2009,2102,4698,2260,2438,4110,2009,2101,2348,1106,1242,587,296,291,
20560,2350,1149,1201,4111,2009,2102,4698,2260,2438,4111,2010,2101,2348,1106,1242,587,296,291,
20565,2351,1149,1202,4113,2010,2103,4701,2260,2441,4112,2011,2101,2349,1106,1243,587,296,291,
20570,2351,1149,1202,4114,2010,2104,4701,2260,2441,4113,2012,2101,2349,1106,1243,588,296,292,
20575,2352,1150,1202,4114,2010,2104,4702,2260,2442,4114,2012,2102,2351,1108,1243,588,296,292,
20580,2352,1150,1202,4115,2011,2104,4703,2261,2442,4115,2013,2102,2352,1108,1244,588,296,292,
20585,2352,1150,1202,4117,2012,2105,4704,2262,2442,4116,2014,2102,2352,1108,1244,588,296,292,
20590,2353,1151,1202,4118,2012,2106,4706,2263,2443,4117,2015,2102,2352,1108,1244,588,296,292,
20595,2354,1151,1203,4118,2012,2106,4706,2263,2443,4118,2015,2103,2352,1108,1244,588,296,292,
20600,2355,1152,1203,4120,2013,2107,4709,2264,2445,4119,2016,2103,2353,1109,1244,588,296,292,
20605,2355,1152,1203,4121,2014,2107,4709,2264,2445,4120,2017,2103,2353,1109,1244,589,297,292,
20610,2356,1153,1203,4121,2014,2107,4710,2265,2445,4121,2017,2104,2355,1109,1246,589,297,292,
20615,2356,1153,1203,4122,2014,2108,4711,2266,2445,4122,2018,2104,2356,1109,1247,589,297,292,
20620,2356,1153,1203,4124,2014,2110,4712,2267,2445,4123,2019,2104,2356,1109,1247,589,297,292,
20625,2357,1153,1204,4125,2014,2111,4714,2268,2446,4124,2019,2105,2356,1109,1247,589,297,292,
20630,2358,1154,1204,4125,2014,2111,4714,2268,2446,4125,2019,2106,2356,1109,1247,589,297,292,
20635,2359,1154,1205,4127,2015,2112,4717,2271,2446,4126,2020,2106,2357,1110,1247,589,297,292,
20640,2359,1154,1205,4128,2016,2112,4717,2271,2446,4127,2020,2107,2357,1110,1247,590,297,293,
20645,2360,1155,1205,4128,2016,2112,4718,2271,2447,4128,2020,2108,2359,1112,1247,590,297,293,
20650,2360,1155,1205,4129,2016,2113,4719,2271,2448,4129,2020,2109,2360,1113,1247,590,297,293,
20655,2360,1155,1205,4131,2017,2114,4720,2271,2449,4130,2020,2110,2360,1113,1247,590,297,293,
20660,2361,1155,1206,4132,2017,2115,4722,2271,2451,4131,2020,2111,2360,1113,1247,590,297,293,
20665,2362,1155,1207,4132,2017,2115,4722,2271,2451,4132,2020,2112,2360,1113,1247,590,297,293,
20670,2363,1156,1207,4134,2018,2116,4725,2273,2452,4133,2021,2112,2361,1113,1248,590,297,293,
20675,2363,1156,1207,4135,2018,2117,4725,2273,2452,4134,2021,2113,2361,1113,1248,591,297,294,
20680,2364,1157,1207,4135,2018,2117,4726,2273,2453,4135,2022,2113,2363,1114,1249,591,297,294,
20685,2364,1157,1207,4136,2019,2117,4727,2273,2454,4136,2022,2114,2364,1115,1249,591,297,294,
20690,2364,1157,1207,4138,2021,2117,4728,2273,2455,4137,2022,2115,2364,1115,1249,591,297,294,
20695,2365,1157,1208,4139,2021,2118,4730,2275,2455,4138,2023,2115,2364,1115,1249,591,297,294,
20700,2366,1158,1208,4139,2021,2118,4730,2275,2455,4139,2023,2116,2364,1115,1249,591,297,294,
20705,2367,1158,1209,4141,2023,2118,4733,2276,2457,4140,2023,2117,2365,1116,1249,591,297,294,
20710,2367,1158,1209,4142,2024,2118,4733,2276,2457,4141,2024,2117,2365,1116,1249,592,297,295,
20715,2368,1158,1210,4142,2024,2118,4734,2277,2457,4142,2024,2118,2367,1118,1249,592,297,295,
20720,2368,1158,1210,4143,2025,2118,4735,2277,2458,4143,2024,2119,2368,1118,1250,592,297,295,
20725,2368,1158,1210,4145,2027,2118,4736,2277,2459,4144,2024,2120,2368,1118,1250,592,297,295,
20730,2369,1158,1211,4146,2027,2119,4738,2279,2459,4145,2025,2120,2368,1118,1250,592,297,295,
20735,2370,1159,1211,4146,2027,2119,4738,2279,2459,4146,2025,2121,2368,1118,1250,592,297,295,
20740,2371,1159,1212,4148,2028,2120,4741,2282,2459,4147,2026,2121,2369,1118,1251,592,297,295,
20745,2371,1159,1212,4149,2029,2120,4741,2282,2459,4148,2026,2122,2369,1118,1251,593,298,295,
20750,2372,1159,1213,4149,2029,2120,4742,2282,2460,4149,2027,2122,2371,1119,1252,593,298,295,
20755,2372,1159,1213,4150,2030,2120,4743,2282,2461,4150,2028,2122,2372,1120,1252,593,298,295,
20760,2372,1159,1213,4152,2032,2120,4744,2282,2462,4151,2029,2122,2372,1120,1252,593,298,295,
20765,2373,1159,1214,4153,2032,2121,4746,2284,2462,4152,2030,2122,2372,1120,1252,593,298,295,
20770,2374,1160,1214,4153,2032,2121,4746,2284,2462,4153,2031,2122,2372,1120,1252,593,298,295,
20775,2375,1160,1215,4155,2034,2121,4749,2286,2463,4154,2031,2123,2373,1121,1252,593,298,295,
20780,2375,1160,1215,4156,2035,2121,4749,2286,2463,4155,2031,2124,2373,1121,1252,594,298,296,
20785,2376,1160,1216,4156,2035,2121,4750,2287,2463,4156,2032,2124,2375,1122,1253,594,298,296,
20790,2376,1160,1216,4157,2036,2121,4751,2287,2464,4157,2033,2124,2376,1123,1253,594,298,296,
20795,2376,1160,1216,4159,2037,2122,4752,2288,2464,4158,2034,2124,2376,1123,1253,594,298,296,
20800,2377,1160,1217,4160,2038,2122,4754,2290,2464,4159,2035,2124,2376,1123,1253,594,298,296,
20805,2378,1160,1218,4160,2038,2122,4754,2290,2464,4160,2035,2125,2376,1123,1253,594,298,296,
20810,2379,1161,1218,4162,2040,2122,4757,2292,2465,4161,2035,2126,2377,1124,1253,594,298,296,
20815,2379,1161,1218,4163,2041,2122,4757,2292,2465,4162,2035,2127,2377,1124,1253,595,298,297,
20820,2380,1161,1219,4163,2041,2122,4758,2293,2465,4163,2035,2128,2379,1125,1254,595,298,297,
20825,2380,1161,1219,4164,2042,2122,4759,2293,2466,4164,2036,2128,2380,1125,1255,595,298,297,
20830,2380,1161,1219,4166,2043,2123,4760,2293,2467,4165,2036,2129,2380,1125,1255,595,298,297,
20835,2381,1162,1219,4167,2044,2123,4762,2295,2467,4166,2037,2129,2380,1125,1255,595,298,297,
20840,2382,1162,1220,4167,2044,2123,4762,2295,2467,4167,2038,2129,2380,1125,1255,595,298,297,
20845,2383,1163,1220,4169,2044,2125,4765,2298,2467,4168,2038,2130,2381,1126,1255,595,298,297,
20850,2383,1163,1220,4170,2045,2125,4765,2298,2467,4169,2038,2131,2381,1126,1255,596,298,298,
20855,2384,1164,1220,4170,2045,2125,4766,2299,2467,4170,2039,2131,2383,1126,1257,596,298,298,
20860,2384,1164,1220,4171,2045,2126,4767,2299,2468,4171,2039,2132,2384,1126,1258,596,298,298,
20865,2384,1164,1220,4173,2046,2127,4768,2299,2469,4172,2039,2133,2384,1126,1258,596,298,298,
20870,2385,1165,1220,4174,2046,2128,4770,2300,2470,4173,2039,2134,2384,1126,1258,596,298,298,
20875,2386,1166,1220,4174,2046,2128,4770,2300,2470,4174,2040,2134,2384,1126,1258,596,298,298,
20880,2387,1166,1221,4176,2048,2128,4773,2300,2473,4175,2040,2135,2385,1126,1259,596,298,298,
20885,2387,1166,1221,4177,2049,2128,4773,2300,2473,4176,2040,2136,2385,1126,1259,597,299,298,
20890,2388,1166,1222,4177,2049,2128,4774,2300,2474,4177,2040,2137,2387,1126,1261,597,299,298,
20895,2388,1166,1222,4178,2050,2128,4775,2301,2474,4178,2041,2137,2388,1127,1261,597,299,298,
20900,2388,1166,1222,4180,2051,2129,4776,2302,2474,4179,2042,2137,2388,1127,1261,597,299,298,
20905,2389,1166,1223,4181,2051,2130,4778,2303,2475,4180,2043,2137,2388,1127,1261,597,299,298,
20910,2390,1167,1223,4181,2051,2130,4778,2303,2475,4181,2043,2138,2388,1127,1261,597,299,298,
20915,2391,1167,1224,4183,2052,2131,4781,2305,2476,4182,2043,2139,2389,1127,1262,597,299,298,
20920,2391,1167,1224,4184,2052,2132,4781,2305,2476,4183,2043,2140,2389,1127,1262,598,300,298,
20925,2392,1168,1224,4184,2052,2132,4782,2306,2476,4184,2044,2140,2391,1127,1264,598,300,298,
20930,2392,1168,1224,4185,2052,2133,4783,2306,2477,4185,2044,2141,2392,1128,1264,598,300,298,
20935,2392,1168,1224,4187,2053,2134,4784,2306,2478,4186,2045,2141,2392,1128,1264,598,300,298,
20940,2393,1169,1224,4188,2053,2135,4786,2306,2480,4187,2045,2142,2392,1128,1264,598,300,298,
20945,2394,1169,1225,4188,2053,2135,4786,2306,2480,4188,2045,2143,2392,1128,1264,598,300,298,
20950,2395,1170,1225,4190,2054,2136,4789,2307,2482,4189,2045,2144,2393,1129,1264,598,300,298,
20955,2395,1170,1225,4191,2054,2137,4789,2307,2482,4190,2046,2144,2393,1129,1264,599,300,299,
20960,2396,1171,1225,4191,2054,2137,4790,2308,2482,4191,2047,2144,2395,1131,1264,599,300,299,
20965,2396,1171,1225,4192,2055,2137,4791,2309,2482,4192,2047,2145,2396,1131,1265,599,300,299,
20970,2396,1171,1225,4194,2056,2138,4792,2310,2482,4193,2048,2145,2396,1131,1265,599,300,299,
20975,2397,1172,1225,4195,2057,2138,4794,2311,2483,4194,2049,2145,2396,1131,1265,599,300,299,
20980,2398,1172,1226,4195,2057,2138,4794,2311,2483,4195,2050,2145,2396,1131,1265,599,300,299,
20985,2399,1173,1226,4197,2058,2139,4797,2312,2485,4196,2051,2145,2397,1131,1266,599,300,299,
20990,2399,1173,1226,4198,2059,2139,4797,2312,2485,4197,2051,2146,2397,1131,1266,600,300,300,
20995,2400,1174,1226,4198,2059,2139,4798,2312,2486,4198,2052,2146,2399,1132,1267,600,300,300,
21000,2400,1174,1226,4199,2059,2140,4799,2313,2486,4199,2053,2146,2400,1133,1267,600,300,300,
21005,2400,1174,1226,4201,2059,2142,4800,2313,2487,4200,2054,2146,2400,1133,1267,600,300,300,
21010,2401,1175,1226,4202,2060,2142,4802,2313,2489,4201,2054,2147,2400,1133,1267,600,300,300,
21015,2402,1175,1227,4202,2060,2142,4802,2313,2489,4202,2054,2148,2400,1133,1267,600,300,300,
21020,2403,1176,1227,4204,2060,2144,4805,2315,2490,4203,2054,2149,2401,1133,1268,600,300,300,
21025,2403,1176,1227,4205,2060,2145,4805,2315,2490,4204,2055,2149,2401,1133,1268,601,301,300,
21030,2404,1177,1227,4205,2060,2145,4806,2315,2491,4205,2055,2150,2403,1134,1269,601,301,300,
21035,2404,1177,1227,4206,2060,2146,4807,2315,2492,4206,2055,2151,2404,1135,1269,601,301,300,
21040,2404,1177,1227,4208,2062,2146,4808,2315,2493,4207,2056,2151,2404,1135,1269,601,301,300,
21045,2405,1177,1228,4209,2062,2147,4810,2315,2495,4208,2056,2152,2404,1135,1269,601,301,300,
21050,2406,1177,1229,4209,2062,2147,4810,2315,2495,4209,2056,2153,2404,1135,1269,601,301,300,
21055,2407,1178,1229,4211,2063,2148,4813,2318,2495,4210,2057,2153,2405,1136,1269,601,301,300,
21060,2407,1178,1229,4212,2064,2148,4813,2318,2495,4211,2057,2154,2405,1136,1269,602,302,300,
21065,2408,1178,1230,4212,2064,2148,4814,2319,2495,4212,2058,2154,2407,1138,1269,602,302,300,
21070,2408,1178,1230,4213,2065,2148,4815,2319,2496,4213,2058,2155,2408,1138,1270,602,302,300,
21075,2408,1178,1230,4215,2066,2149,4816,2319,2497,4214,2058,2156,2408,1138,1270,602,302,300,
21080,2409,1178,1231,4216,2067,2149,4818,2321,2497,4215,2059,2156,2408,1138,1270,602,302,300,
21085,2410,1178,1232,4216,2067,2149,4818,2321,2497,4216,2060,2156,2408,1138,1270,602,302,300,
21090,2411,1179,1232,4218,2069,2149,4821,2322,2499,4217,2061,2156,2409,1139,1270,602,302,300,
21095,2411,1179,1232,4219,2069,2150,4821,2322,2499,4218,2061,2157,2409,1139,1270,603,302,301,
21100,2412,1180,1232,4219,2069,2150,4822,2323,2499,4219,2061,2158,2411,1139,1272,603,302,301,
21105,2412,1180,1232,4220,2070,2150,4823,2323,2500,4220,2062,2158,2412,1139,1273,603,302,301,
21110,2412,1180,1232,4222,2070,2152,4824,2323,2501,4221,2062,2159,2412,1139,1273,603,302,301,
21115,2413,1181,1232,4223,2070,2153,4826,2323,2503,4222,2063,2159,2412,1139,1273,603,302,301,
21120,2414,1181,1233,4223,2070,2153,4826,2323,2503,4223,2063,2160,2412,1139,1273,603,302,301,
21125,2415,1182,1233,4225,2070,2155,4829,2325,2504,4224,2063,2161,2413,1140,1273,603,302,301,
21130,2415,1182,1233,4226,2070,2156,4829,2325,2504,4225,2063,2162,2413,1140,1273,604,302,302,
21135,2416,1182,1234,4226,2070,2156,4830,2326,2504,4226,2064,2162,2415,1141,1274,604,302,302,
21140,2416,1182,1234,4227,2071,2156,4831,2326,2505,4227,2064,2163,2416,1142,1274,604,302,302,
21145,2416,1182,1234,4229,2072,2157,4832,2327,2505,4228,2064,2164,2416,1142,1274,604,302,302,
21150,2417,1183,1234,4230,2073,2157,4834,2329,2505,4229,2065,2164,2416,1142,1274,604,302,302,
21155,2418,1184,1234,4230,2073,2157,4834,2329,2505,4230,2066,2164,2416,1142,1274,604,302,302,
21160,2419,1185,1234,4232,2074,2158,4837,2331,2506,4231,2066,2165,2417,1143,1274,604,302,302,
21165,2419,1185,1234,4233,2075,2158,4837,2331,2506,4232,2067,2165,2417,1143,1274,605,303,302,
21170,2420,1185,1235,4233,2075,2158,4838,2331,2507,4233,2068,2165,2419,1144,1275,605,303,302,
21175,2420,1185,1235,4234,2076,2158,4839,2332,2507,4234,2068,2166,2420,1145,1275,605,303,302,
21180,2420,1185,1235,4236,2076,2160,4840,2332,2508,4235,2068,2167,2420,1145,1275,605,303,302,
21185,2421,1186,1235,4237,2076,2161,4842,2334,2508,4236,2069,2167,2420,1145,1275,605,303,302,
21190,2422,1186,1236,4237,2076,2161,4842,2334,2508,4237,2069,2168,2420,1145,1275,605,303,302,
21195,2423,1186,1237,4239,2077,2162,4845,2335,2510,4238,2069,2169,2421,1145,1276,605,303,302,
21200,2423,1186,1237,4240,2078,2162,4845,2335,2510,4239,2070,2169,2421,1145,1276,606,303,303,
21205,2424,1187,1237,4240,2078,2162,4846,2335,2511,4240,2070,2170,2423,1145,1278,606,303,303,
21210,2424,1187,1237,4241,2078,2163,4847,2335,2512,4241,2070,2171,2424,1145,1279,606,303,303,
21215,2424,1187,1237,4243,2079,2164,4848,2336,2512,4242,2071,2171,2424,1145,1279,606,303,303,
21220,2425,1187,1238,4244,2079,2165,4850,2337,2513,4243,2072,2171,2424,1145,1279,606,303,303,
21225,2426,1188,1238,4244,2079,2165,4850,2337,2513,4244,2073,2171,2424,1145,1279,606,303,303,
21230,2427,1189,1238,4246,2080,2166,4853,2340,2513,4245,2074,2171,2425,1146,1279,606,303,303,
21235,2427,1189,1238,4247,2080,2167,4853,2340,2513,4246,2074,2172,2425,1146,1279,607,303,304,
21240,2428,1190,1238,4247,2080,2167,4854,2341,2513,4247,2074,2173,2427,1147,1280,607,303,304,
21245,2428,1190,1238,4248,2080,2168,4855,2341,2514,4248,2074,2174,2428,1148,1280,607,303,304,
21250,2428,1190,1238,4250,2081,2169,4856,2341,2515,4249,2074,2175,2428,1148,1280,607,303,304,
21255,2429,1190,1239,4251,2081,2170,4858,2342,2516,4250,2075,2175,2428,1148,1280,607,303,304,
21260,2430,1190,1240,4251,2081,2170,4858,2342,2516,4251,2075,2176,2428,1148,1280,607,303,304,
21265,2431,1191,1240,4253,2081,2172,4861,2344,2517,4252,2075,2177,2429,1148,1281,607,303,304,
21270,2431,1191,1240,4254,2081,2173,4861,2344,2517,4253,2076,2177,2429,1148,1281,608,304,304,
21275,2432,1192,1240,4254,2081,2173,4862,2345,2517,4254,2077,2177,2431,1149,1282,608,304,304,
21280,2432,1192,1240,4255,2081,2174,4863,2346,2517,4255,2078,2177,2432,1150,1282,608,304,304,
21285,2432,1192,1240,4257,2082,2175,4864,2347,2517,4256,2079,2177,2432,1150,1282,608,304,304,
21290,2433,1193,1240,4258,2082,2176,4866,2348,2518,4257,2079,2178,2432,1150,1282,608,304,304,
21295,2434,1194,1240,4258,2082,2176,4866,2348,2518,4258,2080,2178,2432,1150,1282,608,304,304,
21300,2435,1194,1241,4260,2083,2177,4869,2350,2519,4259,2080,2179,2433,1151,1282,608,304,304,
21305,2435,1194,1241,4261,2084,2177,4869,2350,2519,4260,2081,2179,2433,1151,1282,609,304,305,
21310,2436,1195,1241,4261,2084,2177,4870,2351,2519,4261,2081,2180,2435,1152,1283,609,304,305,
21315,2436,1195,1241,4262,2085,2177,4871,2351,2520,4262,2082,2180,2436,1153,1283,609,304,305,
21320,2436,1195,1241,4264,2087,2177,4872,2352,2520,4263,2082,2181,2436,1153,1283,609,304,305,
21325,2437,1196,1241,4265,2087,2178,4874,2354,2520,4264,2082,2182,2436,1153,1283,609,304,305,
21330,2438,1197,1241,4265,2087,2178,4874,2354,2520,4265,2083,2182,2436,1153,1283,609,304,305,
21335,2439,1197,1242,4267,2087,2180,4877,2355,2522,4266,2083,2183,2437,1153,1284,609,304,305,
21340,2439,1197,1242,4268,2087,2181,4877,2355,2522,4267,2084,2183,2437,1153,1284,610,304,306,
21345,2440,1198,1242,4268,2087,2181,4878,2356,2522,4268,2085,2183,2439,1155,1284,610,304,306,
21350,2440,1198,1242,4269,2088,2181,4879,2356,2523,4269,2086,2183,2440,1156,1284,610,304,306,
21355,2440,1198,1242,4271,2089,2182,4880,2356,2524,4270,2086,2184,2440,1156,1284,610,304,306,
21360,2441,1198,1243,4272,2089,2183,4882,2357,2525,4271,2087,2184,2440,1156,1284,610,304,306,
21365,2442,1199,1243,4272,2089,2183,4882,2357,2525,4272,2087,2185,2440,1156,1284,610,304,306,
21370,2443,1199,1244,4274,2090,2184,4885,2358,2527,4273,2087,2186,2441,1157,1284,610,304,306,
21375,2443,1199,1244,4275,2091,2184,4885,2358,2527,4274,2087,2187,2441,1157,1284,611,305,306,
21380,2444,1199,1245,4275,2091,2184,4886,2359,2527,4275,2087,2188,2443,1158,1285,611,305,306,
21385,2444,1199,1245,4276,2092,2184,4887,2359,2528,4276,2087,2189,2444,1159,1285,611,305,306,
21390,2444,1199,1245,4278,2092,2186,4888,2359,2529,4277,2088,2189,2444,1159,1285,611,305,306,
21395,2445,1200,1245,4279,2092,2187,4890,2361,2529,4278,2089,2189,2444,1159,1285,611,305,306,
21400,2446,1200,1246,4279,2092,2187,4890,2361,2529,4279,2090,2189,2444,1159,1285,611,305,306,
21405,2447,1201,1246,4281,2092,2189,4893,2361,2532,4280,2091,2189,2445,1159,1286,611,305,306,
21410,2447,1201,1246,4282,2093,2189,4893,2361,2532,4281,2091,2190,2445,1159,1286,612,305,307,
21415,2448,1202,1246,4282,2093,2189,4894,2361,2533,4282,2091,2191,2447,1159,1288,612,305,307,
21420,2448,1202,1246,4283,2094,2189,4895,2362,2533,4283,2092,2191,2448,1160,1288,612,305,307,
21425,2448,1202,1246,4285,2095,2190,4896,2363,2533,4284,2092,2192,2448,1160,1288,612,305,307,
21430,2449,1203,1246,4286,2096,2190,4898,2364,2534,4285,2093,2192,2448,1160,1288,612,305,307,
21435,2450,1204,1246,4286,2096,2190,4898,2364,2534,4286,2093,2193,2448,1160,1288,612,305,307,
21440,2451,1205,1246,4288,2098,2190,4901,2365,2536,4287,2093,2194,2449,1160,1289,612,305,307,
21445,2451,1205,1246,4289,2098,2191,4901,2365,2536,4288,2093,2195,2449,1160,1289,613,306,307,
21450,2452,1205,1247,4289,2098,2191,4902,2365,2537,4289,2093,2196,2451,1161,1290,613,306,307,
21455,2452,1205,1247,4290,2098,2192,4903,2365,2538,4290,2094,2196,2452,1161,1291,613,306,307,
21460,2452,1205,1247,4292,2098,2194,4904,2366,2538,4291,2094,2197,2452,1161,1291,613,306,307,
21465,2453,1205,1248,4293,2099,2194,4906,2367,2539,4292,2094,2198,2452,1161,1291,613,306,307,
21470,2454,1205,1249,4293,2099,2194,4906,2367,2539,4293,2094,2199,2452,1161,1291,613,306,307,
21475,2455,1205,1250,4295,2101,2194,4909,2368,2541,4294,2095,2199,2453,1161,1292,613,306,307,
21480,2455,1205,1250,4296,2102,2194,4909,2368,2541,4295,2095,2200,2453,1161,1292,614,307,307,
21485,2456,1205,1251,4296,2102,2194,4910,2369,2541,4296,2095,2201,2455,1162,1293,614,307,307,
21490,2456,1205,1251,4297,2102,2195,4911,2370,2541,4297,2095,2202,2456,1162,1294,614,307,307,
21495,2456,1205,1251,4299,2104,2195,4912,2371,2541,4298,2096,2202,2456,1162,1294,614,307,307,
21500,2457,1205,1252,4300,2105,2195,4914,2371,2543,4299,2097,2202,2456,1162,1294,614,307,307,
21505,2458,1205,1253,4300,2105,2195,4914,2371,2543,4300,2098,2202,2456,1162,1294,614,307,307,
21510,2459,1205,1254,4302,2107,2195,4917,2373,2544,4301,2098,2203,2457,1162,1295,614,307,307,
21515,2459,1205,1254,4303,2107,2196,4917,2373,2544,4302,2099,2203,2457,1162,1295,615,308,307,
21520,2460,1205,1255,4303,2107,2196,4918,2373,2545,4303,2099,2204,2459,1162,1297,615,308,307,
21525,2460,1205,1255,4304,2108,2196,4919,2374,2545,4304,2099,2205,2460,1162,1298,615,308,307,
21530,2460,1205,1255,4306,2108,2198,4920,2374,2546,4305,2100,2205,2460,1162,1298,615,308,307,
21535,2461,1205,1256,4307,2108,2199,4922,2376,2546,4306,2100,2206,2460,1162,1298,615,308,307,
21540,2462,1206,1256,4307,2108,2199,4922,2376,2546,4307,2101,2206,2460,1162,1298,615,308,307,
21545,2463,1206,1257,4309,2109,2200,4925,2379,2546,4308,2102,2206,2461,1162,1299,615,308,307,
21550,2463,1206,1257,4310,2109,2201,4925,2379,2546,4309,2102,2207,2461,1162,1299,616,308,308,
21555,2464,1207,1257,4310,2109,2201,4926,2380,2546,4310,2102,2208,2463,1164,1299,616,308,308,
21560,2464,1207,1257,4311,2110,2201,4927,2381,2546,4311,2103,2208,2464,1165,1299,616,308,308,
21565,2464,1207,1257,4313,2111,2202,4928,2382,2546,4312,2104,2208,2464,1165,1299,616,308,308,
21570,2465,1208,1257,4314,2111,2203,4930,2383,2547,4313,2104,2209,2464,1165,1299,616,308,308,
21575,2466,1209,1257,4314,2111,2203,4930,2383,2547,4314,2104,2210,2464,1165,1299,616,308,308,
21580,2467,1209,1258,4316,2111,2205,4933,2385,2548,4315,2105,2210,2465,1165,1300,616,308,308,
21585,2467,1209,1258,4317,2111,2206,4933,2385,2548,4316,2105,2211,2465,1165,1300,617,308,309,
21590,2468,1210,1258,4317,2111,2206,4934,2386,2548,4317,2106,2211,2467,1166,1301,617,308,309,
21595,2468,1210,1258,4318,2112,2206,4935,2386,2549,4318,2107,2211,2468,1167,1301,617,308,309,
21600,2468,1210,1258,4320,2113,2207,4936,2387,2549,4319,2108,2211,2468,1167,1301,617,308,309,
21605,2469,1211,1258,4321,2114,2207,4938,2387,2551,4320,2109,2211,2468,1167,1301,617,308,309,
21610,2470,1212,1258,4321,2114,2207,4938,2387,2551,4321,2109,2212,2468,1167,1301,617,308,309,
21615,2471,1213,1258,4323,2115,2208,4941,2389,2552,4322,2109,2213,2469,1168,1301,617,308,309,
21620,2471,1213,1258,4324,2115,2209,4941,2389,2552,4323,2109,2214,2469,1168,1301,618,309,309,
21625,2472,1214,1258,4324,2115,2209,4942,2389,2553,4324,2109,2215,2471,1168,1303,618,309,309,
21630,2472,1214,1258,4325,2115,2210,4943,2389,2554,4325,2109,2216,2472,1169,1303,618,309,309,
21635,2472,1214,1258,4327,2115,2212,4944,2390,2554,4326,2109,2217,2472,1169,1303,618,309,309,
21640,2473,1214,1259,4328,2115,2213,4946,2392,2554,4327,2110,2217,2472,1169,1303,618,309,309,
21645,2474,1215,1259,4328,2115,2213,4946,2392,2554,4328,2110,2218,2472,1169,1303,618,309,309,
21650,2475,1215,1260,4330,2115,2215,4949,2393,2556,4329,2110,2219,2473,1170,1303,618,309,309,
21655,2475,1215,1260,4331,2116,2215,4949,2393,2556,4330,2111,2219,2473,1170,1303,619,309,310,
21660,2476,1216,1260,4331,2116,2215,4950,2394,2556,4331,2112,2219,2475,1170,1305,619,309,310,
21665,2476,1216,1260,4332,2116,2216,4951,2394,2557,4332,2113,2219,2476,1171,1305,619,309,310,
21670,2476,1216,1260,4334,2117,2217,4952,2395,2557,4333,2114,2219,2476,1171,1305,619,309,310,
21675,2477,1217,1260,4335,2117,2218,4954,2397,2557,4334,2115,2219,2476,1171,1305,619,309,310,
21680,2478,1218,1260,4335,2117,2218,4954,2397,2557,4335,2116,2219,2476,1171,1305,619,309,310,
21685,2479,1219,1260,4337,2117,2220,4957,2400,2557,4336,2117,2219,2477,1171,1306,619,309,310,
21690,2479,1219,1260,4338,2117,2221,4957,2400,2557,4337,2118,2219,2477,1171,1306,620,309,311,
21695,2480,1219,1261,4338,2117,2221,4958,2401,2557,4338,2119,2219,2479,1171,1308,620,309,311,
21700,2480,1219,1261,4339,2117,2222,4959,2402,2557,4339,2119,2220,2480,1171,1309,620,309,311,
21705,2480,1219,1261,4341,2119,2222,4960,2403,2557,4340,2119,2221,2480,1171,1309,620,309,311,
21710,2481,1220,1261,4342,2119,2223,4962,2404,2558,4341,2119,2222,2480,1171,1309,620,309,311,
21715,2482,1220,1262,4342,2119,2223,4962,2404,2558,4342,2119,2223,2480,1171,1309,620,309,311,
21720,2483,1220,1263,4344,2120,2224,4965,2406,2559,4343,2120,2223,2481,1171,1310,620,309,311,
21725,2483,1220,1263,4345,2120,2225,4965,2406,2559,4344,2120,2224,2481,1171,1310,621,309,312,
21730,2484,1220,1264,4345,2120,2225,4966,2407,2559,4345,2120,2225,2483,1172,1311,621,309,312,
21735,2484,1220,1264,4346,2120,2226,4967,2408,2559,4346,2121,2225,2484,1172,1312,621,309,312,
21740,2484,1220,1264,4348,2120,2228,4968,2408,2560,4347,2122,2225,2484,1172,1312,621,309,312,
21745,2485,1220,1265,4349,2120,2229,4970,2409,2561,4348,2123,2225,2484,1172,1312,621,309,312,
21750,2486,1221,1265,4349,2120,2229,4970,2409,2561,4349,2124,2225,2484,1172,1312,621,309,312,
21755,2487,1222,1265,4351,2122,2229,4973,2409,2564,4350,2124,2226,2485,1172,1313,621,309,312,
21760,2487,1222,1265,4352,2122,2230,4973,2409,2564,4351,2125,2226,2485,1172,1313,622,310,312,
21765,2488,1222,1266,4352,2122,2230,4974,2410,2564,4352,2126,2226,2487,1173,1314,622,310,312,
21770,2488,1222,1266,4353,2123,2230,4975,2410,2565,4353,2127,2226,2488,1173,1315,622,310,312,
21775,2488,1222,1266,4355,2124,2231,4976,2410,2566,4354,2127,2227,2488,1173,1315,622,310,312,
21780,2489,1222,1267,4356,2124,2232,4978,2411,2567,4355,2128,2227,2488,1173,1315,622,310,312,
21785,2490,1222,1268,4356,2124,2232,4978,2411,2567,4356,2128,2228,2488,1173,1315,622,310,312,
21790,2491,1223,1268,4358,2125,2233,4981,2412,2569,4357,2128,2229,2489,1173,1316,622,310,312,
21795,2491,1223,1268,4359,2126,2233,4981,2412,2569,4358,2129,2229,2489,1173,1316,623,310,313,
21800,2492,1224,1268,4359,2126,2233,4982,2412,2570,4359,2129,2230,2491,1173,1318,623,310,313,
21805,2492,1224,1268,4360,2126,2234,4983,2413,2570,4360,2129,2231,2492,1174,1318,623,310,313,
21810,2492,1224,1268,4362,2126,2236,4984,2414,2570,4361,2129,2232,2492,1174,1318,623,310,313,
21815,2493,1225,1268,4363,2126,2237,4986,2416,2570,4362,2129,2233,2492,1174,1318,623,310,313,
21820,2494,1225,1269,4363,2126,2237,4986,2416,2570,4363,2130,2233,2492,1174,1318,623,310,313,
21825,2495,1226,1269,4365,2127,2238,4989,2417,2572,4364,2130,2234,2493,1175,1318,623,310,313,
21830,2495,1226,1269,4366,2127,2239,4989,2417,2572,4365,2131,2234,2493,1175,1318,624,311,313,
21835,2496,1227,1269,4366,2127,2239,4990,2417,2573,4366,2132,2234,2495,1177,1318,624,311,313,
21840,2496,1227,1269,4367,2127,2240,4991,2417,2574,4367,2132,2235,2496,1178,1318,624,311,313,
21845,2496,1227,1269,4369,2128,2241,4992,2418,2574,4368,2132,2236,2496,1178,1318,624,311,313,
21850,2497,1228,1269,4370,2128,2242,4994,2419,2575,4369,2133,2236,2496,1178,1318,624,311,313,
21855,2498,1229,1269,4370,2128,2242,4994,2419,2575,4370,2133,2237,2496,1178,1318,624,311,313,
21860,2499,1230,1269,4372,2129,2243,4997,2419,2578,4371,2134,2237,2497,1179,1318,624,311,313,
21865,2499,1230,1269,4373,2129,2244,4997,2419,2578,4372,2134,2238,2497,1179,1318,625,311,314,
21870,2500,1231,1269,4373,2129,2244,4998,2420,2578,4373,2135,2238,2499,1180,1319,625,311,314,
21875,2500,1231,1269,4374,2130,2244,4999,2421,2578,4374,2136,2238,2500,1180,1320,625,311,314,
21880,2500,1231,1269,4376,2130,2246,5000,2421,2579,4375,2136,2239,2500,1180,1320,625,311,314,
21885,2501,1231,1270,4377,2131,2246,5002,2423,2579,4376,2137,2239,2500,1180,1320,625,311,314,
21890,2502,1232,1270,4377,2131,2246,5002,2423,2579,4377,2137,2240,2500,1180,1320,625,311,314,
21895,2503,1233,1270,4379,2131,2248,5005,2424,2581,4378,2137,2241,2501,1181,1320,625,311,314,
21900,2503,1233,1270,4380,2131,2249,5005,2424,2581,4379,2137,2242,2501,1181,1320,626,311,315,
21905,2504,1233,1271,4380,2131,2249,5006,2425,2581,4380,2137,2243,2503,1183,1320,626,311,315,
21910,2504,1233,1271,4381,2132,2249,5007,2425,2582,4381,2138,2243,2504,1183,1321,626,311,315,
21915,2504,1233,1271,4383,2133,2250,5008,2425,2583,4382,2139,2243,2504,1183,1321,626,311,315,
21920,2505,1233,1272,4384,2133,2251,5010,2426,2584,4383,2140,2243,2504,1183,1321,626,311,315,
21925,2506,1234,1272,4384,2133,2251,5010,2426,2584,4384,2141,2243,2504,1183,1321,626,311,315,
21930,2507,1235,1272,4386,2134,2252,5013,2429,2584,4385,2141,2244,2505,1183,1322,626,311,315,
21935,2507,1235,1272,4387,2135,2252,5013,2429,2584,4386,2141,2245,2505,1183,1322,627,311,316,
21940,2508,1236,1272,4387,2135,2252,5014,2429,2585,4387,2141,2246,2507,1183,1324,627,311,316,
21945,2508,1236,1272,4388,2136,2252,5015,2430,2585,4388,2142,2246,2508,1184,1324,627,311,316,
21950,2508,1236,1272,4390,2137,2253,5016,2430,2586,4389,2142,2247,2508,1184,1324,627,311,316,
21955,2509,1237,1272,4391,2137,2254,5018,2431,2587,4390,2143,2247,2508,1184,1324,627,311,316,
21960,2510,1238,1272,4391,2137,2254,5018,2431,2587,4391,2143,2248,2508,1184,1324,627,311,316,
21965,2511,1239,1272,4393,2139,2254,5021,2432,2589,4392,2144,2248,2509,1184,1325,627,311,316,
21970,2511,1239,1272,4394,2139,2255,5021,2432,2589,4393,2145,2248,2509,1184,1325,628,312,316,
21975,2512,1239,1273,4394,2139,2255,5022,2433,2589,4394,2146,2248,2511,1185,1326,628,312,316,
21980,2512,1239,1273,4395,2140,2255,5023,2433,2590,4395,2146,2249,2512,1185,1327,628,312,316,
21985,2512,1239,1273,4397,2140,2257,5024,2434,2590,4396,2147,2249,2512,1185,1327,628,312,316,
21990,2513,1240,1273,4398,2140,2258,5026,2435,2591,4397,2148,2249,2512,1185,1327,628,312,316,
21995,2514,1240,1274,4398,2140,2258,5026,2435,2591,4398,2148,2250,2512,1185,1327,628,312,316,
22000,2515,1240,1275,4400,2142,2258,5029,2435,2594,4399,2149,2250,2513,1186,1327,628,312,316,
22005,2515,1240,1275,4401,2143,2258,5029,2435,2594,4400,2149,2251,2513,1186,1327,629,313,316,
22010,2516,1240,1276,4401,2143,2258,5030,2436,2594,4401,2150,2251,2515,1188,1327,629,313,316,
22015,2516,1240,1276,4402,2143,2259,5031,2436,2595,4402,2151,2251,2516,1188,1328,629,313,316,
22020,2516,1240,1276,4404,2144,2260,5032,2436,2596,4403,2151,2252,2516,1188,1328,629,313,316,
22025,2517,1240,1277,4405,2144,2261,5034,2437,2597,4404,2151,2253,2516,1188,1328,629,313,316,
22030,2518,1241,1277,4405,2144,2261,5034,2437,2597,4405,2152,2253,2516,1188,1328,629,313,316,
22035,2519,1241,1278,4407,2145,2262,5037,2439,2598,4406,2152,2254,2517,1188,1329,629,313,316,
22040,2519,1241,1278,4408,2146,2262,5037,2439,2598,4407,2153,2254,2517,1188,1329,630,313,317,
22045,2520,1241,1279,4408,2146,2262,5038,2440,2598,4408,2154,2254,2519,1190,1329,630,313,317,
22050,2520,1241,1279,4409,2147,2262,5039,2440,2599,4409,2155,2254,2520,1190,1330,630,313,317,
22055,2520,1241,1279,4411,2148,2263,5040,2441,2599,4410,2156,2254,2520,1190,1330,630,313,317,
22060,2521,1242,1279,4412,2148,2264,5042,2441,2601,4411,2156,2255,2520,1190,1330,630,313,317,
22065,2522,1242,1280,4412,2148,2264,5042,2441,2601,4412,2156,2256,2520,1190,1330,630,313,317,
22070,2523,1243,1280,4414,2150,2264,5045,2443,2602,4413,2157,2256,2521,1190,1331,630,313,317,
22075,2523,1243,1280,4415,2151,2264,5045,2443,2602,4414,2158,2256,2521,1190,1331,631,314,317,
22080,2524,1243,1281,4415,2151,2264,5046,2444,2602,4415,2158,2257,2523,1190,1333,631,314,317,
22085,2524,1243,1281,4416,2151,2265,5047,2444,2603,4416,2158,2258,2524,1191,1333,631,314,317,
22090,2524,1243,1281,4418,2152,2266,5048,2444,2604,4417,2159,2258,2524,1191,1333,631,314,317,
22095,2525,1243,1282,4419,2152,2267,5050,2446,2604,4418,2159,2259,2524,1191,1333,631,314,317,
22100,2526,1244,1282,4419,2152,2267,5050,2446,2604,4419,2159,2260,2524,1191,1333,631,314,317,
22105,2527,1245,1282,4421,2153,2268,5053,2447,2606,4420,2159,2261,2525,1192,1333,631,314,317,
22110,2527,1245,1282,4422,2154,2268,5053,2447,2606,4421,2159,2262,2525,1192,1333,632,315,317,
22115,2528,1245,1283,4422,2154,2268,5054,2447,2607,4422,2159,2263,2527,1194,1333,632,315,317,
22120,2528,1245,1283,4423,2155,2268,5055,2448,2607,4423,2160,2263,2528,1194,1334,632,315,317,
22125,2528,1245,1283,4425,2155,2270,5056,2448,2608,4424,2161,2263,2528,1194,1334,632,315,317,
22130,2529,1245,1284,4426,2156,2270,5058,2449,2609,4425,2162,2263,2528,1194,1334,632,315,317,
22135,2530,1246,1284,4426,2156,2270,5058,2449,2609,4426,2163,2263,2528,1194,1334,632,315,317,
22140,2531,1246,1285,4428,2157,2271,5061,2449,2612,4427,2163,2264,2529,1195,1334,632,315,317,
22145,2531,1246,1285,4429,2157,2272,5061,2449,2612,4428,2163,2265,2529,1195,1334,633,316,317,
22150,2532,1246,1286,4429,2157,2272,5062,2450,2612,4429,2163,2266,2531,1196,1335,633,316,317,
22155,2532,1246,1286,4430,2157,2273,5063,2450,2613,4430,2163,2267,2532,1197,1335,633,316,317,
22160,2532,1246,1286,4432,2158,2274,5064,2450,2614,4431,2164,2267,2532,1197,1335,633,316,317,
22165,2533,1247,1286,4433,2158,2275,5066,2451,2615,4432,2164,2268,2532,1197,1335,633,316,317,
22170,2534,1247,1287,4433,2158,2275,5066,2451,2615,4433,2165,2268,2532,1197,1335,633,316,317,
22175,2535,1248,1287,4435,2159,2276,5069,2454,2615,4434,2165,2269,2533,1198,1335,633,316,317,
22180,2535,1248,1287,4436,2160,2276,5069,2454,2615,4435,2165,2270,2533,1198,1335,634,316,318,
22185,2536,1249,1287,4436,2160,2276,5070,2454,2616,4436,2165,2271,2535,1198,1337,634,316,318,
22190,2536,1249,1287,4437,2161,2276,5071,2454,2617,4437,2165,2272,2536,1198,1338,634,316,318,
22195,2536,1249,1287,4439,2162,2277,5072,2454,2618,4438,2166,2272,2536,1198,1338,634,316,318,
22200,2537,1250,1287,4440,2163,2277,5074,2455,2619,4439,2167,2272,2536,1198,1338,634,316,318,
22205,2538,1250,1288,4440,2163,2277,5074,2455,2619,4440,2167,2273,2536,1198,1338,634,316,318,
22210,2539,1251,1288,4442,2164,2278,5077,2457,2620,4441,2167,2274,2537,1199,1338,634,316,318,
22215,2539,1251,1288,4443,2165,2278,5077,2457,2620,4442,2167,2275,2537,1199,1338,635,316,319,
22220,2540,1251,1289,4443,2165,2278,5078,2457,2621,4443,2167,2276,2539,1201,1338,635,316,319,
22225,2540,1251,1289,4444,2165,2279,5079,2458,2621,4444,2168,2276,2540,1201,1339,635,316,319,
22230,2540,1251,1289,4446,2166,2280,5080,2458,2622,4445,2169,2276,2540,1201,1339,635,316,319,
22235,2541,1251,1290,4447,2167,2280,5082,2459,2623,4446,2170,2276,2540,1201,1339,635,316,319,
22240,2542,1251,1291,4447,2167,2280,5082,2459,2623,4447,2171,2276,2540,1201,1339,635,316,319,
22245,2543,1252,1291,4449,2169,2280,5085,2459,2626,4448,2172,2276,2541,1202,1339,635,316,319,
22250,2543,1252,1291,4450,2169,2281,5085,2459,2626,4449,2172,2277,2541,1202,1339,636,317,319,
22255,2544,1252,1292,4450,2169,2281,5086,2460,2626,4450,2172,2278,2543,1203,1340,636,317,319,
22260,2544,1252,1292,4451,2169,2282,5087,2461,2626,4451,2172,2279,2544,1204,1340,636,317,319,
22265,2544,1252,1292,4453,2170,2283,5088,2462,2626,4452,2172,2280,2544,1204,1340,636,317,319,
22270,2545,1253,1292,4454,2170,2284,5090,2462,2628,4453,2172,2281,2544,1204,1340,636,317,319,
22275,2546,1253,1293,4454,2170,2284,5090,2462,2628,4454,2173,2281,2544,1204,1340,636,317,319,
22280,2547,1253,1294,4456,2172,2284,5093,2464,2629,4455,2174,2281,2545,1205,1340,636,317,319,
22285,2547,1253,1294,4457,2173,2284,5093,2464,2629,4456,2174,2282,2545,1205,1340,637,318,319,
22290,2548,1254,1294,4457,2173,2284,5094,2465,2629,4457,2175,2282,2547,1205,1342,637,318,319,
22295,2548,1254,1294,4458,2174,2284,5095,2466,2629,4458,2176,2282,2548,1206,1342,637,318,319,
22300,2548,1254,1294,4460,2176,2284,5096,2466,2630,4459,2177,2282,2548,1206,1342,637,318,319,
22305,2549,1255,1294,4461,2176,2285,5098,2467,2631,4460,2177,2283,2548,1206,1342,637,318,319,
22310,2550,1256,1294,4461,2176,2285,5098,2467,2631,4461,2177,2284,2548,1206,1342,637,318,319,
22315,2551,1256,1295,4463,2178,2285,5101,2469,2632,4462,2177,2285,2549,1206,1343,637,318,319,
22320,2551,1256,1295,4464,2178,2286,5101,2469,2632,4463,2177,2286,2549,1206,1343,638,318,320,
22325,2552,1256,1296,4464,2178,2286,5102,2470,2632,4464,2178,2286,2551,1207,1344,638,318,320,
22330,2552,1256,1296,4465,2178,2287,5103,2470,2633,4465,2179,2286,2552,1207,1345,638,318,320,
22335,2552,1256,1296,4467,2180,2287,5104,2471,2633,4466,2180,2286,2552,1207,1345,638,318,320,
22340,2553,1256,1297,4468,2180,2288,5106,2471,2635,4467,2181,2286,2552,1207,1345,638,318,320,
22345,2554,1256,1298,4468,2180,2288,5106,2471,2635,4468,2182,2286,2552,1207,1345,638,318,320,
22350,2555,1256,1299,4470,2180,2290,5109,2473,2636,4469,2182,2287,2553,1208,1345,638,318,320,
22355,2555,1256,1299,4471,2180,2291,5109,2473,2636,4470,2183,2287,2553,1208,1345,639,319,320,
22360,2556,1257,1299,4471,2180,2291,5110,2473,2637,4471,2183,2288,2555,1209,1346,639,319,320,
22365,2556,1257,1299,4472,2181,2291,5111,2474,2637,4472,2184,2288,2556,1210,1346,639,319,320,
22370,2556,1257,1299,4474,2183,2291,5112,2475,2637,4473,2184,2289,2556,1210,1346,639,319,320,
22375,2557,1258,1299,4475,2183,2292,5114,2476,2638,4474,2184,2290,2556,1210,1346,639,319,320,
22380,2558,1259,1299,4475,2183,2292,5114,2476,2638,4475,2184,2291,2556,1210,1346,639,319,320,
22385,2559,1259,1300,4477,2184,2293,5117,2478,2639,4476,2184,2292,2557,1210,1347,639,319,320,
22390,2559,1259,1300,4478,2184,2294,5117,2478,2639,4477,2185,2292,2557,1210,1347,640,320,320,
22395,2560,1259,1301,4478,2184,2294,5118,2479,2639,4478,2185,2293,2559,1210,1349,640,320,320,
22400,2560,1259,1301,4479,2185,2294,5119,2480,2639,4479,2185,2294,2560,1211,1349,640,320,320,
22405,2560,1259,1301,4481,2186,2295,5120,2480,2640,4480,2186,2294,2560,1211,1349,640,320,320,
22410,2561,1260,1301,4482,2187,2295,5122,2482,2640,4481,2186,2295,2560,1211,1349,640,320,320,
22415,2562,1260,1302,4482,2187,2295,5122,2482,2640,4482,2186,2296,2560,1211,1349,640,320,320,
22420,2563,1260,1303,4484,2189,2295,5125,2483,2642,4483,2187,2296,2561,1212,1349,640,320,320,
22425,2563,1260,1303,4485,2189,2296,5125,2483,2642,4484,2188,2296,2561,1212,1349,641,320,321,
22430,2564,1261,1303,4485,2189,2296,5126,2484,2642,4485,2189,2296,2563,1214,1349,641,320,321,
22435,2564,1261,1303,4486,2190,2296,5127,2484,2643,4486,2189,2297,2564,1214,1350,641,320,321,
22440,2564,1261,1303,4488,2192,2296,5128,2484,2644,4487,2190,2297,2564,1214,1350,641,320,321,
22445,2565,1262,1303,4489,2193,2296,5130,2484,2646,4488,2190,2298,2564,1214,1350,641,320,321,
22450,2566,1262,1304,4489,2193,2296,5130,2484,2646,4489,2190,2299,2564,1214,1350,641,320,321,
22455,2567,1262,1305,4491,2193,2298,5133,2486,2647,4490,2191,2299,2565,1214,1351,641,320,321,
22460,2567,1262,1305,4492,2194,2298,5133,2486,2647,4491,2192,2299,2565,1214,1351,642,320,322,
22465,2568,1262,1306,4492,2194,2298,5134,2486,2648,4492,2192,2300,2567,1216,1351,642,320,322,
22470,2568,1262,1306,4493,2195,2298,5135,2487,2648,4493,2192,2301,2568,1217,1351,642,320,322,
22475,2568,1262,1306,4495,2196,2299,5136,2487,2649,4494,2192,2302,2568,1217,1351,642,320,322,
22480,2569,1263,1306,4496,2196,2300,5138,2488,2650,4495,2192,2303,2568,1217,1351,642,320,322,
22485,2570,1264,1306,4496,2196,2300,5138,2488,2650,4496,2192,2304,2568,1217,1351,642,320,322,
22490,2571,1264,1307,4498,2196,2302,5141,2489,2652,4497,2193,2304,2569,1218,1351,642,320,322,
22495,2571,1264,1307,4499,2197,2302,5141,2489,2652,4498,2194,2304,2569,1218,1351,643,320,323,
22500,2572,1264,1308,4499,2197,2302,5142,2489,2653,4499,2195,2304,2571,1219,1352,643,320,323,
22505,2572,1264,1308,4500,2197,2303,5143,2490,2653,4500,2195,2305,2572,1220,1352,643,320,323,
22510,2572,1264,1308,4502,2198,2304,5144,2490,2654,4501,2196,2305,2572,1220,1352,643,320,323,
22515,2573,1264,1309,4503,2199,2304,5146,2491,2655,4502,2196,2306,2572,1220,1352,643,320,323,
22520,2574,1265,1309,4503,2199,2304,5146,2491,2655,4503,2196,2307,2572,1220,1352,643,320,323,
22525,2575,1266,1309,4505,2199,2306,5149,2492,2657,4504,2196,2308,2573,1220,1353,643,320,323,
22530,2575,1266,1309,4506,2200,2306,5149,2492,2657,4505,2196,2309,2573,1220,1353,644,321,323,
22535,2576,1266,1310,4506,2200,2306,5150,2493,2657,4506,2196,2310,2575,1221,1354,644,321,323,
22540,2576,1266,1310,4507,2200,2307,5151,2493,2658,4507,2196,2311,2576,1221,1355,644,321,323,
22545,2576,1266,1310,4509,2201,2308,5152,2494,2658,4508,2196,2312,2576,1221,1355,644,321,323,
22550,2577,1266,1311,4510,2202,2308,5154,2495,2659,4509,2197,2312,2576,1221,1355,644,321,323,
22555,2578,1267,1311,4510,2202,2308,5154,2495,2659,4510,2197,2313,2576,1221,1355,644,321,323,
22560,2579,1267,1312,4512,2203,2309,5157,2496,2661,4511,2198,2313,2577,1222,1355,644,321,323,
22565,2579,1267,1312,4513,2203,2310,5157,2496,2661,4512,2198,2314,2577,1222,1355,645,322,323,
22570,2580,1267,1313,4513,2203,2310,5158,2496,2662,4513,2198,2315,2579,1223,1356,645,322,323,
22575,2580,1267,1313,4514,2203,2311,5159,2497,2662,4514,2198,2316,2580,1223,1357,645,322,323,
22580,2580,1267,1313,4516,2204,2312,5160,2498,2662,4515,2199,2316,2580,1223,1357,645,322,323,
22585,2581,1267,1314,4517,2205,2312,5162,2499,2663,4516,2199,2317,2580,1223,1357,645,322,323,
22590,2582,1268,1314,4517,2205,2312,5162,2499,2663,4517,2199,2318,2580,1223,1357,645,322,323,
22595,2583,1268,1315,4519,2207,2312,5165,2500,2665,4518,2199,2319,2581,1224,1357,645,322,323,
22600,2583,1268,1315,4520,2208,2312,5165,2500,2665,4519,2199,2320,2581,1224,1357,646,322,324,
22605,2584,1269,1315,4520,2208,2312,5166,2501,2665,4520,2200,2320,2583,1225,1358,646,322,324,
22610,2584,1269,1315,4521,2208,2313,5167,2502,2665,4521,2201,2320,2584,1226,1358,646,322,324,
22615,2584,1269,1315,4523,2209,2314,5168,2502,2666,4522,2201,2321,2584,1226,1358,646,322,324,
22620,2585,1269,1316,4524,2209,2315,5170,2503,2667,4523,2201,2322,2584,1226,1358,646,322,324,
22625,2586,1270,1316,4524,2209,2315,5170,2503,2667,4524,2201,2323,2584,1226,1358,646,322,324,
22630,2587,1271,1316,4526,2209,2317,5173,2506,2667,4525,2201,2324,2585,1226,1359,646,322,324,
22635,2587,1271,1316,4527,2209,2318,5173,2506,2667,4526,2201,2325,2585,1226,1359,647,323,324,
22640,2588,1271,1317,4527,2209,2318,5174,2506,2668,4527,2202,2325,2587,1227,1360,647,323,324,
22645,2588,1271,1317,4528,2210,2318,5175,2507,2668,4528,2202,2326,2588,1228,1360,647,323,324,
22650,2588,1271,1317,4530,2211,2319,5176,2508,2668,4529,2203,2326,2588,1228,1360,647,323,324,
22655,2589,1272,1317,4531,2212,2319,5178,2510,2668,4530,2204,2326,2588,1228,1360,647,323,324,
22660,2590,1272,1318,4531,2212,2319,5178,2510,2668,4531,2204,2327,2588,1228,1360,647,323,324,
22665,2591,1273,1318,4533,2213,2320,5181,2511,2670,4532,2205,2327,2589,1229,1360,647,323,324,
22670,2591,1273,1318,4534,2214,2320,5181,2511,2670,4533,2205,2328,2589,1229,1360,648,324,324,
22675,2592,1274,1318,4534,2214,2320,5182,2512,2670,4534,2205,2329,2591,1229,1362,648,324,324,
22680,2592,1274,1318,4535,2214,2321,5183,2513,2670,4535,2206,2329,2592,1229,1363,648,324,324,
22685,2592,1274,1318,4537,2215,2322,5184,2514,2670,4536,2206,2330,2592,1229,1363,648,324,324,
22690,2593,1274,1319,4538,2215,2323,5186,2516,2670,4537,2207,2330,2592,1229,1363,648,324,324,
22695,2594,1275,1319,4538,2215,2323,5186,2516,2670,4538,2208,2330,2592,1229,1363,648,324,324,
22700,2595,1276,1319,4540,2216,2324,5189,2518,2671,4539,2209,2330,2593,1229,1364,648,324,324,
22705,2595,1276,1319,4541,2217,2324,5189,2518,2671,4540,2209,2331,2593,1229,1364,649,324,325,
22710,2596,1276,1320,4541,2217,2324,5190,2519,2671,4541,2209,2332,2595,1229,1366,649,324,325,
22715,2596,1276,1320,4542,2217,2325,5191,2519,2672,4542,2209,2333,2596,1229,1367,649,324,325,
22720,2596,1276,1320,4544,2218,2326,5192,2519,2673,4543,2210,2333,2596,1229,1367,649,324,325,
22725,2597,1276,1321,4545,2218,2327,5194,2519,2675,4544,2211,2333,2596,1229,1367,649,324,325,
22730,2598,1276,1322,4545,2218,2327,5194,2519,2675,4545,2211,2334,2596,1229,1367,649,324,325,
22735,2599,1276,1323,4547,2219,2328,5197,2521,2676,4546,2212,2334,2597,1229,1368,649,324,325,
22740,2599,1276,1323,4548,2220,2328,5197,2521,2676,4547,2213,2334,2597,1229,1368,650,324,326,
22745,2600,1277,1323,4548,2220,2328,5198,2521,2677,4548,2213,2335,2599,1231,1368,650,324,326,
22750,2600,1277,1323,4549,2220,2329,5199,2521,2678,4549,2213,2336,2600,1232,1368,650,324,326,
22755,2600,1277,1323,4551,2221,2330,5200,2521,2679,4550,2213,2337,2600,1232,1368,650,324,326,
22760,2601,1278,1323,4552,2221,2331,5202,2521,2681,4551,2214,2337,2600,1232,1368,650,324,326,
22765,2602,1279,1323,4552,2221,2331,5202,2521,2681,4552,2214,2338,2600,1232,1368,650,324,326,
22770,2603,1280,1323,4554,2221,2333,5205,2522,2683,4553,2214,2339,2601,1233,1368,650,324,326,
22775,2603,1280,1323,4555,2221,2334,5205,2522,2683,4554,2214,2340,2601,1233,1368,651,324,327,
22780,2604,1280,1324,4555,2221,2334,5206,2522,2684,4555,2214,2341,2603,1234,1369,651,324,327,
22785,2604,1280,1324,4556,2222,2334,5207,2523,2684,4556,2215,2341,2604,1234,1370,651,324,327,
22790,2604,1280,1324,4558,2224,2334,5208,2523,2685,4557,2216,2341,2604,1234,1370,651,324,327,
22795,2605,1281,1324,4559,2224,2335,5210,2523,2687,4558,2216,2342,2604,1234,1370,651,324,327,
22800,2606,1282,1324,4559,2224,2335,5210,2523,2687,4559,2216,2343,2604,1234,1370,651,324,327,
22805,2607,1282,1325,4561,2225,2336,5213,2526,2687,4560,2216,2344,2605,1235,1370,651,324,327,
22810,2607,1282,1325,4562,2226,2336,5213,2526,2687,4561,2216,2345,2605,1235,1370,652,325,327,
22815,2608,1282,1326,4562,2226,2336,5214,2527,2687,4562,2216,2346,2607,1235,1372,652,325,327,
22820,2608,1282,1326,4563,2227,2336,5215,2527,2688,4563,2216,2347,2608,1236,1372,652,325,327,
22825,2608,1282,1326,4565,2229,2336,5216,2527,2689,4564,2217,2347,2608,1236,1372,652,325,327,
22830,2609,1282,1327,4566,2230,2336,5218,2528,2690,4565,2218,2347,2608,1236,1372,652,325,327,
22835,2610,1283,1327,4566,2230,2336,5218,2528,2690,4566,2218,2348,2608,1236,1372,652,325,327,
22840,2611,1284,1327,4568,2231,2337,5221,2528,2693,4567,2218,2349,2609,1236,1373,652,325,327,
22845,2611,1284,1327,4569,2231,2338,5221,2528,2693,4568,2219,2349,2609,1236,1373,653,325,328,
22850,2612,1285,1327,4569,2231,2338,5222,2529,2693,4569,2219,2350,2611,1238,1373,653,325,328,
22855,2612,1285,1327,4570,2231,2339,5223,2529,2694,4570,2220,2350,2612,1239,1373,653,325,328,
22860,2612,1285,1327,4572,2231,2341,5224,2529,2695,4571,2221,2350,2612,1239,1373,653,325,328,
22865,2613,1285,1328,4573,2231,2342,5226,2529,2697,4572,2222,2350,2612,1239,1373,653,325,328,
22870,2614,1286,1328,4573,2231,2342,5226,2529,2697,4573,2223,2350,2612,1239,1373,653,325,328,
22875,2615,1286,1329,4575,2232,2343,5229,2531,2698,4574,2223,2351,2613,1239,1374,653,325,328,
22880,2615,1286,1329,4576,2232,2344,5229,2531,2698,4575,2223,2352,2613,1239,1374,654,325,329,
22885,2616,1287,1329,4576,2232,2344,5230,2531,2699,4576,2224,2352,2615,1240,1375,654,325,329,
22890,2616,1287,1329,4577,2233,2344,5231,2531,2700,4577,2224,2353,2616,1241,1375,654,325,329,
22895,2616,1287,1329,4579,2234,2345,5232,2531,2701,4578,2225,2353,2616,1241,1375,654,325,329,
22900,2617,1287,1330,4580,2235,2345,5234,2532,2702,4579,2225,2354,2616,1241,1375,654,325,329,
22905,2618,1287,1331,4580,2235,2345,5234,2532,2702,4580,2225,2355,2616,1241,1375,654,325,329,
22910,2619,1287,1332,4582,2235,2347,5237,2533,2704,4581,2225,2356,2617,1241,1376,654,325,329,
22915,2619,1287,1332,4583,2235,2348,5237,2533,2704,4582,2225,2357,2617,1241,1376,655,325,330,
22920,2620,1287,1333,4583,2235,2348,5238,2533,2705,4583,2226,2357,2619,1242,1377,655,325,330,
22925,2620,1287,1333,4584,2236,2348,5239,2533,2706,4584,2226,2358,2620,1243,1377,655,325,330,
22930,2620,1287,1333,4586,2237,2349,5240,2534,2706,4585,2227,2358,2620,1243,1377,655,325,330,
22935,2621,1288,1333,4587,2237,2350,5242,2535,2707,4586,2227,2359,2620,1243,1377,655,325,330,
22940,2622,1288,1334,4587,2237,2350,5242,2535,2707,4587,2228,2359,2620,1243,1377,655,325,330,
22945,2623,1288,1335,4589,2238,2351,5245,2536,2709,4588,2228,2360,2621,1243,1378,655,325,330,
22950,2623,1288,1335,4590,2239,2351,5245,2536,2709,4589,2228,2361,2621,1243,1378,656,326,330,
22955,2624,1288,1336,4590,2239,2351,5246,2537,2709,4590,2229,2361,2623,1244,1379,656,326,330,
22960,2624,1288,1336,4591,2240,2351,5247,2537,2710,4591,2230,2361,2624,1245,1379,656,326,330,
22965,2624,1288,1336,4593,2241,2352,5248,2537,2711,4592,2231,2361,2624,1245,1379,656,326,330,
22970,2625,1289,1336,4594,2242,2352,5250,2537,2713,4593,2231,2362,2624,1245,1379,656,326,330,
22975,2626,1289,1337,4594,2242,2352,5250,2537,2713,4594,2231,2363,2624,1245,1379,656,326,330,
22980,2627,1289,1338,4596,2242,2354,5253,2540,2713,4595,2231,2364,2625,1245,1380,656,326,330,
22985,2627,1289,1338,4597,2242,2355,5253,2540,2713,4596,2232,2364,2625,1245,1380,657,326,331,
22990,2628,1289,1339,4597,2242,2355,5254,2540,2714,4597,2233,2364,2627,1245,1382,657,326,331,
22995,2628,1289,1339,4598,2243,2355,5255,2540,2715,4598,2234,2364,2628,1246,1382,657,326,331,
23000,2628,1289,1339,4600,2244,2356,5256,2541,2715,4599,2235,2364,2628,1246,1382,657,326,331,
23005,2629,1290,1339,4601,2244,2357,5258,2541,2717,4600,2236,2364,2628,1246,1382,657,326,331,
23010,2630,1291,1339,4601,2244,2357,5258,2541,2717,4601,2236,2365,2628,1246,1382,657,326,331,
23015,2631,1292,1339,4603,2246,2357,5261,2544,2717,4602,2236,2366,2629,1246,1383,657,326,331,
23020,2631,1292,1339,4604,2247,2357,5261,2544,2717,4603,2237,2366,2629,1246,1383,658,326,332,
23025,2632,1293,1339,4604,2247,2357,5262,2544,2718,4604,2237,2367,2631,1247,1384,658,326,332,
23030,2632,1293,1339,4605,2248,2357,5263,2544,2719,4605,2238,2367,2632,1248,1384,658,326,332,
23035,2632,1293,1339,4607,2249,2358,5264,2545,2719,4606,2238,2368,2632,1248,1384,658,326,332,
23040,2633,1294,1339,4608,2249,2359,5266,2545,2721,4607,2238,2369,2632,1248,1384,658,326,332,
23045,2634,1294,1340,4608,2249,2359,5266,2545,2721,4608,2238,2370,2632,1248,1384,658,326,332,
23050,2635,1295,1340,4610,2251,2359,5269,2548,2721,4609,2238,2371,2633,1248,1385,658,326,332,
23055,2635,1295,1340,4611,2252,2359,5269,2548,2721,4610,2238,2372,2633,1248,1385,659,326,333,
23060,2636,1295,1341,4611,2252,2359,5270,2549,2721,4611,2238,2373,2635,1249,1386,659,326,333,
23065,2636,1295,1341,4612,2253,2359,5271,2550,2721,4612,2238,2374,2636,1249,1387,659,326,333,
23070,2636,1295,1341,4614,2254,2360,5272,2550,2722,4613,2238,2375,2636,1249,1387,659,326,333,
23075,2637,1296,1341,4615,2254,2361,5274,2551,2723,4614,2239,2375,2636,1249,1387,659,326,333,
23080,2638,1296,1342,4615,2254,2361,5274,2551,2723,4615,2239,2376,2636,1249,1387,659,326,333,
23085,2639,1297,1342,4617,2255,2362,5277,2553,2724,4616,2240,2376,2637,1249,1388,659,326,333,
23090,2639,1297,1342,4618,2255,2363,5277,2553,2724,4617,2241,2376,2637,1249,1388,660,327,333,
23095,2640,1298,1342,4618,2255,2363,5278,2553,2725,4618,2241,2377,2639,1250,1389,660,327,333,
23100,2640,1298,1342,4619,2255,2364,5279,2553,2726,4619,2241,2378,2640,1250,1390,660,327,333,
23105,2640,1298,1342,4621,2255,2366,5280,2553,2727,4620,2242,2378,2640,1250,1390,660,327,333,
23110,2641,1299,1342,4622,2256,2366,5282,2555,2727,4621,2243,2378,2640,1250,1390,660,327,333,
23115,2642,1300,1342,4622,2256,2366,5282,2555,2727,4622,2244,2378,2640,1250,1390,660,327,333,
23120,2643,1300,1343,4624,2257,2367,5285,2555,2730,4623,2245,2378,2641,1250,1391,660,327,333,
23125,2643,1300,1343,4625,2257,2368,5285,2555,2730,4624,2246,2378,2641,1250,1391,661,328,333,
23130,2644,1301,1343,4625,2257,2368,5286,2556,2730,4625,2247,2378,2643,1250,1393,661,328,333,
23135,2644,1301,1343,4626,2257,2369,5287,2557,2730,4626,2247,2379,2644,1250,1394,661,328,333,
23140,2644,1301,1343,4628,2259,2369,5288,2557,2731,4627,2248,2379,2644,1250,1394,661,328,333,
23145,2645,1302,1343,4629,2259,2370,5290,2558,2732,4628,2249,2379,2644,1250,1394,661,328,333,
23150,2646,1303,1343,4629,2259,2370,5290,2558,2732,4629,2249,2380,2644,1250,1394,661,328,333,
23155,2647,1303,1344,4631,2260,2371,5293,2560,2733,4630,2249,2381,2645,1251,1394,661,328,333,
23160,2647,1303,1344,4632,2260,2372,5293,2560,2733,4631,2250,2381,2645,1251,1394,662,328,334,
23165,2648,1304,1344,4632,2260,2372,5294,2561,2733,4632,2251,2381,2647,1252,1395,662,328,334,
23170,2648,1304,1344,4633,2261,2372,5295,2562,2733,4633,2251,2382,2648,1252,1396,662,328,334,
23175,2648,1304,1344,4635,2262,2373,5296,2562,2734,4634,2252,2382,2648,1252,1396,662,328,334,
23180,2649,1305,1344,4636,2262,2374,5298,2563,2735,4635,2252,2383,2648,1252,1396,662,328,334,
23185,2650,1305,1345,4636,2262,2374,5298,2563,2735,4636,2253,2383,2648,1252,1396,662,328,334,
23190,2651,1305,1346,4638,2262,2376,5301,2563,2738,4637,2254,2383,2649,1252,1397,662,328,334,
23195,2651,1305,1346,4639,2263,2376,5301,2563,2738,4638,2254,2384,2649,1252,1397,663,329,334,
23200,2652,1305,1347,4639,2263,2376,5302,2564,2738,4639,2254,2385,2651,1253,1398,663,329,334,
23205,2652,1305,1347,4640,2264,2376,5303,2565,2738,4640,2254,2386,2652,1253,1399,663,329,334,
23210,2652,1305,1347,4642,2265,2377,5304,2566,2738,4641,2254,2387,2652,1253,1399,663,329,334,
23215,2653,1306,1347,4643,2266,2377,5306,2566,2740,4642,2254,2388,2652,1253,1399,663,329,334,
23220,2654,1306,1348,4643,2266,2377,5306,2566,2740,4643,2254,2389,2652,1253,1399,663,329,334,
23225,2655,1307,1348,4645,2268,2377,5309,2567,2742,4644,2254,2390,2653,1253,1400,663,329,334,
23230,2655,1307,1348,4646,2269,2377,5309,2567,2742,4645,2254,2391,2653,1253,1400,664,329,335,
23235,2656,1307,1349,4646,2269,2377,5310,2568,2742,4646,2254,2392,2655,1255,1400,664,329,335,
23240,2656,1307,1349,4647,2270,2377,5311,2568,2743,4647,2254,2393,2656,1256,1400,664,329,335,
23245,2656,1307,1349,4649,2270,2379,5312,2568,2744,4648,2255,2393,2656,1256,1400,664,329,335,
23250,2657,1307,1350,4650,2271,2379,5314,2568,2746,4649,2255,2394,2656,1256,1400,664,329,335,
23255,2658,1308,1350,4650,2271,2379,5314,2568,2746,4650,2256,2394,2656,1256,1400,664,329,335,
23260,2659,1308,1351,4652,2272,2380,5317,2570,2747,4651,2256,2395,2657,1257,1400,664,329,335,
23265,2659,1308,1351,4653,2273,2380,5317,2570,2747,4652,2257,2395,2657,1257,1400,665,329,336,
23270,2660,1309,1351,4653,2273,2380,5318,2571,2747,4653,2258,2395,2659,1259,1400,665,329,336,
23275,2660,1309,1351,4654,2274,2380,5319,2572,2747,4654,2259,2395,2660,1260,1400,665,329,336,
23280,2660,1309,1351,4656,2276,2380,5320,2573,2747,4655,2259,2396,2660,1260,1400,665,329,336,
23285,2661,1310,1351,4657,2277,2380,5322,2574,2748,4656,2260,2396,2660,1260,1400,665,329,336,
23290,2662,1311,1351,4657,2277,2380,5322,2574,2748,4657,2260,2397,2660,1260,1400,665,329,336,
23295,2663,1312,1351,4659,2278,2381,5325,2576,2749,4658,2261,2397,2661,1260,1401,665,329,336,
23300,2663,1312,1351,4660,2278,2382,5325,2576,2749,4659,2262,2397,2661,1260,1401,666,329,337,
23305,2664,1312,1352,4660,2278,2382,5326,2576,2750,4660,2263,2397,2663,1261,1402,666,329,337,
23310,2664,1312,1352,4661,2278,2383,5327,2577,2750,4661,2263,2398,2664,1262,1402,666,329,337,
23315,2664,1312,1352,4663,2279,2384,5328,2577,2751,4662,2263,2399,2664,1262,1402,666,329,337,
23320,2665,1313,1352,4664,2280,2384,5330,2577,2753,4663,2263,2400,2664,1262,1402,666,329,337,
23325,2666,1313,1353,4664,2280,2384,5330,2577,2753,4664,2264,2400,2664,1262,1402,666,329,337,
23330,2667,1314,1353,4666,2280,2386,5333,2579,2754,4665,2264,2401,2665,1263,1402,666,329,337,
23335,2667,1314,1353,4667,2280,2387,5333,2579,2754,4666,2264,2402,2665,1263,1402,667,330,337,
23340,2668,1315,1353,4667,2280,2387,5334,2579,2755,4667,2264,2403,2667,1265,1402,667,330,337,
23345,2668,1315,1353,4668,2281,2387,5335,2580,2755,4668,2265,2403,2668,1265,1403,667,330,337,
23350,2668,1315,1353,4670,2281,2389,5336,2580,2756,4669,2266,2403,2668,1265,1403,667,330,337,
23355,2669,1315,1354,4671,2281,2390,5338,2581,2757,4670,2267,2403,2668,1265,1403,667,330,337,
23360,2670,1316,1354,4671,2281,2390,5338,2581,2757,4671,2267,2404,2668,1265,1403,667,330,337,
23365,2671,1317,1354,4673,2281,2392,5341,2583,2758,4672,2267,2405,2669,1265,1404,667,330,337,
23370,2671,1317,1354,4674,2281,2393,5341,2583,2758,4673,2268,2405,2669,1265,1404,668,330,338,
23375,2672,1318,1354,4674,2281,2393,5342,2583,2759,4674,2269,2405,2671,1266,1405,668,330,338,
23380,2672,1318,1354,4675,2281,2394,5343,2584,2759,4675,2269,2406,2672,1267,1405,668,330,338,
23385,2672,1318,1354,4677,2281,2396,5344,2584,2760,4676,2269,2407,2672,1267,1405,668,330,338,
23390,2673,1318,1355,4678,2282,2396,5346,2585,2761,4677,2269,2408,2672,1267,1405,668,330,338,
23395,2674,1318,1356,4678,2282,2396,5346,2585,2761,4678,2269,2409,2672,1267,1405,668,330,338,
23400,2675,1319,1356,4680,2282,2398,5349,2586,2763,4679,2269,2410,2673,1268,1405,668,330,338,
23405,2675,1319,1356,4681,2282,2399,5349,2586,2763,4680,2269,2411,2673,1268,1405,669,331,338,
23410,2676,1320,1356,4681,2282,2399,5350,2586,2764,4681,2270,2411,2675,1269,1406,669,331,338,
23415,2676,1320,1356,4682,2283,2399,5351,2587,2764,4682,2271,2411,2676,1269,1407,669,331,338,
23420,2676,1320,1356,4684,2285,2399,5352,2587,2765,4683,2272,2411,2676,1269,1407,669,331,338,
23425,2677,1321,1356,4685,2286,2399,5354,2588,2766,4684,2273,2411,2676,1269,1407,669,331,338,
23430,2678,1321,1357,4685,2286,2399,5354,2588,2766,4685,2273,2412,2676,1269,1407,669,331,338,
23435,2679,1321,1358,4687,2287,2400,5357,2589,2768,4686,2273,2413,2677,1269,1408,669,331,338,
23440,2679,1321,1358,4688,2288,2400,5357,2589,2768,4687,2273,2414,2677,1269,1408,670,332,338,
23445,2680,1322,1358,4688,2288,2400,5358,2590,2768,4688,2274,2414,2679,1270,1409,670,332,338,
23450,2680,1322,1358,4689,2288,2401,5359,2591,2768,4689,2274,2415,2680,1270,1410,670,332,338,
23455,2680,1322,1358,4691,2288,2403,5360,2592,2768,4690,2274,2416,2680,1270,1410,670,332,338,
23460,2681,1323,1358,4692,2288,2404,5362,2592,2770,4691,2274,2417,2680,1270,1410,670,332,338,
23465,2682,1323,1359,4692,2288,2404,5362,2592,2770,4692,2275,2417,2680,1270,1410,670,332,338,
23470,2683,1323,1360,4694,2289,2405,5365,2593,2772,4693,2275,2418,2681,1271,1410,670,332,338,
23475,2683,1323,1360,4695,2290,2405,5365,2593,2772,4694,2275,2419,2681,1271,1410,671,332,339,
23480,2684,1324,1360,4695,2290,2405,5366,2594,2772,4695,2275,2420,2683,1272,1411,671,332,339,
23485,2684,1324,1360,4696,2291,2405,5367,2594,2773,4696,2276,2420,2684,1272,1412,671,332,339,
23490,2684,1324,1360,4698,2293,2405,5368,2595,2773,4697,2276,2421,2684,1272,1412,671,332,339,
23495,2685,1324,1361,4699,2294,2405,5370,2596,2774,4698,2277,2421,2684,1272,1412,671,332,339,
23500,2686,1324,1362,4699,2294,2405,5370,2596,2774,4699,2278,2421,2684,1272,1412,671,332,339,
23505,2687,1324,1363,4701,2296,2405,5373,2597,2776,4700,2279,2421,2685,1273,1412,671,332,339,
23510,2687,1324,1363,4702,2296,2406,5373,2597,2776,4701,2279,2422,2685,1273,1412,672,333,339,
23515,2688,1325,1363,4702,2296,2406,5374,2597,2777,4702,2279,2423,2687,1275,1412,672,333,339,
23520,2688,1325,1363,4703,2296,2407,5375,2597,2778,4703,2279,2424,2688,1276,1412,672,333,339,
23525,2688,1325,1363,4705,2298,2407,5376,2598,2778,4704,2279,2425,2688,1276,1412,672,333,339,
23530,2689,1326,1363,4706,2299,2407,5378,2599,2779,4705,2280,2425,2688,1276,1412,672,333,339,
23535,2690,1326,1364,4706,2299,2407,5378,2599,2779,4706,2280,2426,2688,1276,1412,672,333,339,
23540,2691,1326,1365,4708,2301,2407,5381,2601,2780,4707,2281,2426,2689,1277,1412,672,333,339,
23545,2691,1326,1365,4709,2302,2407,5381,2601,2780,4708,2281,2427,2689,1277,1412,673,333,340,
23550,2692,1327,1365,4709,2302,2407,5382,2602,2780,4709,2281,2428,2691,1279,1412,673,333,340,
23555,2692,1327,1365,4710,2302,2408,5383,2602,2781,4710,2281,2429,2692,1279,1413,673,333,340,
23560,2692,1327,1365,4712,2304,2408,5384,2603,2781,4711,2282,2429,2692,1279,1413,673,333,340,
23565,2693,1327,1366,4713,2305,2408,5386,2604,2782,4712,2282,2430,2692,1279,1413,673,333,340,
23570,2694,1327,1367,4713,2305,2408,5386,2604,2782,4713,2282,2431,2692,1279,1413,673,333,340,
23575,2695,1327,1368,4715,2305,2410,5389,2606,2783,4714,2283,2431,2693,1279,1414,673,333,340,
23580,2695,1327,1368,4716,2306,2410,5389,2606,2783,4715,2283,2432,2693,1279,1414,674,333,341,
23585,2696,1327,1369,4716,2306,2410,5390,2607,2783,4716,2284,2432,2695,1279,1416,674,333,341,
23590,2696,1327,1369,4717,2307,2410,5391,2607,2784,4717,2284,2433,2696,1280,1416,674,333,341,
23595,2696,1327,1369,4719,2307,2412,5392,2607,2785,4718,2285,2433,2696,1280,1416,674,333,341,
23600,2697,1327,1370,4720,2308,2412,5394,2609,2785,4719,2285,2434,2696,1280,1416,674,333,341,
23605,2698,1328,1370,4720,2308,2412,5394,2609,2785,4720,2286,2434,2696,1280,1416,674,333,341,
23610,2699,1329,1370,4722,2309,2413,5397,2611,2786,4721,2287,2434,2697,1280,1417,674,333,341,
23615,2699,1329,1370,4723,2310,2413,5397,2611,2786,4722,2287,2435,2697,1280,1417,675,334,341,
23620,2700,1329,1371,4723,2310,2413,5398,2611,2787,4723,2287,2436,2699,1281,1418,675,334,341,
23625,2700,1329,1371,4724,2311,2413,5399,2611,2788,4724,2287,2437,2700,1282,1418,675,334,341,
23630,2700,1329,1371,4726,2312,2414,5400,2611,2789,4725,2288,2437,2700,1282,1418,675,334,341,
23635,2701,1329,1372,4727,2313,2414,5402,2612,2790,4726,2288,2438,2700,1282,1418,675,334,341,
23640,2702,1330,1372,4727,2313,2414,5402,2612,2790,4727,2289,2438,2700,1282,1418,675,334,341,
23645,2703,1331,1372,4729,2313,2416,5405,2613,2792,4728,2289,2439,2701,1283,1418,675,334,341,
23650,2703,1331,1372,4730,2313,2417,5405,2613,2792,4729,2289,2440,2701,1283,1418,676,334,342,
23655,2704,1331,1373,4730,2313,2417,5406,2614,2792,4730,2289,2441,2703,1283,1420,676,334,342,
23660,2704,1331,1373,4731,2314,2417,5407,2614,2793,4731,2290,2441,2704,1283,1421,676,334,342,
23665,2704,1331,1373,4733,2315,2418,5408,2615,2793,4732,2290,2442,2704,1283,1421,676,334,342,
23670,2705,1331,1374,4734,2315,2419,5410,2615,2795,4733,2291,2442,2704,1283,1421,676,334,342,
23675,2706,1331,1375,4734,2315,2419,5410,2615,2795,4734,2291,2443,2704,1283,1421,676,334,342,
23680,2707,1332,1375,4736,2317,2419,5413,2616,2797,4735,2292,2443,2705,1284,1421,676,334,342,
23685,2707,1332,1375,4737,2317,2420,5413,2616,2797,4736,2293,2443,2705,1284,1421,677,334,343,
23690,2708,1332,1376,4737,2317,2420,5414,2616,2798,4737,2293,2444,2707,1286,1421,677,334,343,
23695,2708,1332,1376,4738,2318,2420,5415,2617,2798,4738,2294,2444,2708,1286,1422,677,334,343,
23700,2708,1332,1376,4740,2318,2422,5416,2617,2799,4739,2295,2444,2708,1286,1422,677,334,343,
23705,2709,1332,1377,4741,2319,2422,5418,2618,2800,4740,2296,2444,2708,1286,1422,677,334,343,
23710,2710,1332,1378,4741,2319,2422,5418,2618,2800,4741,2297,2444,2708,1286,1422,677,334,343,
23715,2711,1333,1378,4743,2320,2423,5421,2619,2802,4742,2297,2445,2709,1286,1423,677,334,343,
23720,2711,1333,1378,4744,2321,2423,5421,2619,2802,4743,2298,2445,2709,1286,1423,678,335,343,
23725,2712,1333,1379,4744,2321,2423,5422,2620,2802,4744,2298,2446,2711,1286,1425,678,335,343,
23730,2712,1333,1379,4745,2321,2424,5423,2620,2803,4745,2298,2447,2712,1286,1426,678,335,343,
23735,2712,1333,1379,4747,2321,2426,5424,2620,2804,4746,2298,2448,2712,1286,1426,678,335,343,
23740,2713,1334,1379,4748,2321,2427,5426,2622,2804,4747,2298,2449,2712,1286,1426,678,335,343,
23745,2714,1334,1380,4748,2321,2427,5426,2622,2804,4748,2299,2449,2712,1286,1426,678,335,343,
23750,2715,1334,1381,4750,2322,2428,5429,2623,2806,4749,2300,2449,2713,1286,1427,678,335,343,
23755,2715,1334,1381,4751,2323,2428,5429,2623,2806,4750,2300,2450,2713,1286,1427,679,335,344,
23760,2716,1334,1382,4751,2323,2428,5430,2624,2806,4751,2301,2450,2715,1286,1429,679,335,344,
23765,2716,1334,1382,4752,2323,2429,5431,2624,2807,4752,2302,2450,2716,1287,1429,679,335,344,
23770,2716,1334,1382,4754,2325,2429,5432,2625,2807,4753,2302,2451,2716,1287,1429,679,335,344,
23775,2717,1335,1382,4755,2326,2429,5434,2626,2808,4754,2303,2451,2716,1287,1429,679,335,344,
23780,2718,1335,1383,4755,2326,2429,5434,2626,2808,4755,2303,2452,2716,1287,1429,679,335,344,
23785,2719,1335,1384,4757,2327,2430,5437,2627,2810,4756,2304,2452,2717,1288,1429,679,335,344,
23790,2719,1335,1384,4758,2327,2431,5437,2627,2810,4757,2304,2453,2717,1288,1429,680,335,345,
23795,2720,1336,1384,4758,2327,2431,5438,2627,2811,4758,2305,2453,2719,1288,1431,680,335,345,
23800,2720,1336,1384,4759,2327,2432,5439,2628,2811,4759,2305,2454,2720,1289,1431,680,335,345,
23805,2720,1336,1384,4761,2327,2434,5440,2629,2811,4760,2305,2455,2720,1289,1431,680,335,345,
23810,2721,1337,1384,4762,2328,2434,5442,2631,2811,4761,2306,2455,2720,1289,1431,680,335,345,
23815,2722,1338,1384,4762,2328,2434,5442,2631,2811,4762,2306,2456,2720,1289,1431,680,335,345,
23820,2723,1339,1384,4764,2329,2435,5445,2632,2813,4763,2306,2457,2721,1289,1432,680,335,345,
23825,2723,1339,1384,4765,2329,2436,5445,2632,2813,4764,2306,2458,2721,1289,1432,681,335,346,
23830,2724,1340,1384,4765,2329,2436,5446,2633,2813,4765,2306,2459,2723,1291,1432,681,335,346,
23835,2724,1340,1384,4766,2329,2437,5447,2633,2814,4766,2306,2460,2724,1291,1433,681,335,346,
23840,2724,1340,1384,4768,2330,2438,5448,2634,2814,4767,2307,2460,2724,1291,1433,681,335,346,
23845,2725,1341,1384,4769,2330,2439,5450,2634,2816,4768,2308,2460,2724,1291,1433,681,335,346,
23850,2726,1341,1385,4769,2330,2439,5450,2634,2816,4769,2308,2461,2724,1291,1433,681,335,346,
23855,2727,1342,1385,4771,2332,2439,5453,2636,2817,4770,2308,2462,2725,1291,1434,681,335,346,
23860,2727,1342,1385,4772,2333,2439,5453,2636,2817,4771,2309,2462,2725,1291,1434,682,336,346,
23865,2728,1342,1386,4772,2333,2439,5454,2637,2817,4772,2310,2462,2727,1292,1435,682,336,346,
23870,2728,1342,1386,4773,2334,2439,5455,2638,2817,4773,2310,2463,2728,1292,1436,682,336,346,
23875,2728,1342,1386,4775,2334,2441,5456,2638,2818,4774,2310,2464,2728,1292,1436,682,336,346,
23880,2729,1342,1387,4776,2335,2441,5458,2638,2820,4775,2311,2464,2728,1292,1436,682,336,346,
23885,2730,1342,1388,4776,2335,2441,5458,2638,2820,4776,2312,2464,2728,1292,1436,682,336,346,
23890,2731,1343,1388,4778,2335,2443,5461,2640,2821,4777,2313,2464,2729,1292,1437,682,336,346,
23895,2731,1343,1388,4779,2336,2443,5461,2640,2821,4778,2313,2465,2729,1292,1437,683,336,347,
23900,2732,1343,1389,4779,2336,2443,5462,2641,2821,4779,2313,2466,2731,1293,1438,683,336,347,
23905,2732,1343,1389,4780,2336,2444,5463,2641,2822,4780,2313,2467,2732,1294,1438,683,336,347,
23910,2732,1343,1389,4782,2336,2446,5464,2641,2823,4781,2313,2468,2732,1294,1438,683,336,347,
23915,2733,1344,1389,4783,2337,2446,5466,2642,2824,4782,2314,2468,2732,1294,1438,683,336,347,
23920,2734,1345,1389,4783,2337,2446,5466,2642,2824,4783,2314,2469,2732,1294,1438,683,336,347,
23925,2735,1345,1390,4785,2337,2448,5469,2644,2825,4784,2315,2469,2733,1295,1438,683,336,347,
23930,2735,1345,1390,4786,2337,2449,5469,2644,2825,4785,2315,2470,2733,1295,1438,684,336,348,
23935,2736,1345,1391,4786,2337,2449,5470,2645,2825,4786,2315,2471,2735,1295,1440,684,336,348,
23940,2736,1345,1391,4787,2338,2449,5471,2646,2825,4787,2315,2472,2736,1296,1440,684,336,348,
23945,2736,1345,1391,4789,2339,2450,5472,2646,2826,4788,2315,2473,2736,1296,1440,684,336,348,
23950,2737,1346,1391,4790,2339,2451,5474,2647,2827,4789,2315,2474,2736,1296,1440,684,336,348,
23955,2738,1347,1391,4790,2339,2451,5474,2647,2827,4790,2316,2474,2736,1296,1440,684,336,348,
23960,2739,1348,1391,4792,2339,2453,5477,2650,2827,4791,2317,2474,2737,1296,1441,684,336,348,
23965,2739,1348,1391,4793,2340,2453,5477,2650,2827,4792,2317,2475,2737,1296,1441,685,337,348,
23970,2740,1349,1391,4793,2340,2453,5478,2651,2827,4793,2318,2475,2739,1297,1442,685,337,348,
23975,2740,1349,1391,4794,2340,2454,5479,2652,2827,4794,2319,2475,2740,1297,1443,685,337,348,
23980,2740,1349,1391,4796,2342,2454,5480,2653,2827,4795,2320,2475,2740,1297,1443,685,337,348,
23985,2741,1349,1392,4797,2343,2454,5482,2653,2829,4796,2321,2475,2740,1297,1443,685,337,348,
23990,2742,1350,1392,4797,2343,2454,5482,2653,2829,4797,2321,2476,2740,1297,1443,685,337,348,
23995,2743,1350,1393,4799,2345,2454,5485,2655,2830,4798,2322,2476,2741,1297,1444,685,337,348,
24000,2743,1350,1393,4800,2346,2454,5485,2655,2830,4799,2322,2477,2741,1297,1444,686,338,348,
24005,2744,1351,1393,4800,2346,2454,5486,2656,2830,4800,2323,2477,2743,1298,1445,686,338,348,
24010,2744,1351,1393,4801,2346,2455,5487,2656,2831,4801,2323,2478,2744,1298,1446,686,338,348,
24015,2744,1351,1393,4803,2347,2456,5488,2657,2831,4802,2323,2479,2744,1298,1446,686,338,348,
24020,2745,1352,1393,4804,2347,2457,5490,2658,2832,4803,2323,2480,2744,1298,1446,686,338,348,
24025,2746,1352,1394,4804,2347,2457,5490,2658,2832,4804,2323,2481,2744,1298,1446,686,338,348,
24030,2747,1352,1395,4806,2347,2459,5493,2659,2834,4805,2323,2482,2745,1298,1447,686,338,348,
24035,2747,1352,1395,4807,2347,2460,5493,2659,2834,4806,2324,2482,2745,1298,1447,687,339,348,
24040,2748,1353,1395,4807,2347,2460,5494,2660,2834,4807,2324,2483,2747,1300,1447,687,339,348,
24045,2748,1353,1395,4808,2347,2461,5495,2661,2834,4808,2325,2483,2748,1300,1448,687,339,348,
24050,2748,1353,1395,4810,2348,2462,5496,2662,2834,4809,2325,2484,2748,1300,1448,687,339,348,
24055,2749,1353,1396,4811,2349,2462,5498,2662,2836,4810,2325,2485,2748,1300,1448,687,339,348,
24060,2750,1354,1396,4811,2349,2462,5498,2662,2836,4811,2325,2486,2748,1300,1448,687,339,348,
24065,2751,1355,1396,4813,2350,2463,5501,2664,2837,4812,2325,2487,2749,1300,1449,687,339,348,
24070,2751,1355,1396,4814,2350,2464,5501,2664,2837,4813,2325,2488,2749,1300,1449,688,339,349,
24075,2752,1355,1397,4814,2350,2464,5502,2664,2838,4814,2325,2489,2751,1300,1451,688,339,349,
24080,2752,1355,1397,4815,2350,2465,5503,2665,2838,4815,2326,2489,2752,1300,1452,688,339,349,
24085,2752,1355,1397,4817,2351,2466,5504,2665,2839,4816,2326,2490,2752,1300,1452,688,339,349,
24090,2753,1355,1398,4818,2351,2467,5506,2667,2839,4817,2327,2490,2752,1300,1452,688,339,349,
24095,2754,1356,1398,4818,2351,2467,5506,2667,2839,4818,2328,2490,2752,1300,1452,688,339,349,
24100,2755,1357,1398,4820,2353,2467,5509,2668,2841,4819,2328,2491,2753,1301,1452,688,339,349,
24105,2755,1357,1398,4821,2353,2468,5509,2668,2841,4820,2329,2491,2753,1301,1452,689,340,349,
24110,2756,1358,1398,4821,2353,2468,5510,2668,2842,4821,2330,2491,2755,1301,1454,689,340,349,
24115,2756,1358,1398,4822,2353,2469,5511,2668,2843,4822,2330,2492,2756,1301,1455,689,340,349,
24120,2756,1358,1398,4824,2355,2469,5512,2668,2844,4823,2331,2492,2756,1301,1455,689,340,349,
24125,2757,1359,1398,4825,2355,2470,5514,2668,2846,4824,2332,2492,2756,1301,1455,689,340,349,
24130,2758,1360,1398,4825,2355,2470,5514,2668,2846,4825,2332,2493,2756,1301,1455,689,340,349,
24135,2759,1360,1399,4827,2357,2470,5517,2669,2848,4826,2332,2494,2757,1302,1455,689,340,349,
24140,2759,1360,1399,4828,2357,2471,5517,2669,2848,4827,2333,2494,2757,1302,1455,690,340,350,
24145,2760,1361,1399,4828,2357,2471,5518,2669,2849,4828,2334,2494,2759,1304,1455,690,340,350,
24150,2760,1361,1399,4829,2358,2471,5519,2669,2850,4829,2334,2495,2760,1305,1455,690,340,350,
24155,2760,1361,1399,4831,2359,2472,5520,2669,2851,4830,2335,2495,2760,1305,1455,690,340,350,
24160,2761,1361,1400,4832,2359,2473,5522,2670,2852,4831,2336,2495,2760,1305,1455,690,340,350,
24165,2762,1362,1400,4832,2359,2473,5522,2670,2852,4832,2337,2495,2760,1305,1455,690,340,350,
24170,2763,1363,1400,4834,2359,2475,5525,2672,2853,4833,2338,2495,2761,1305,1456,690,340,350,
24175,2763,1363,1400,4835,2359,2476,5525,2672,2853,4834,2338,2496,2761,1305,1456,691,340,351,
24180,2764,1363,1401,4835,2359,2476,5526,2673,2853,4835,2339,2496,2763,1306,1457,691,340,351,
24185,2764,1363,1401,4836,2359,2477,5527,2673,2854,4836,2340,2496,2764,1306,1458,691,340,351,
24190,2764,1363,1401,4838,2359,2479,5528,2674,2854,4837,2340,2497,2764,1306,1458,691,340,351,
24195,2765,1363,1402,4839,2359,2480,5530,2674,2856,4838,2341,2497,2764,1306,1458,691,340,351,
24200,2766,1364,1402,4839,2359,2480,5530,2674,2856,4839,2342,2497,2764,1306,1458,691,340,351,
24205,2767,1365,1402,4841,2360,2481,5533,2676,2857,4840,2343,2497,2765,1307,1458,691,340,351,
24210,2767,1365,1402,4842,2360,2482,5533,2676,2857,4841,2343,2498,2765,1307,1458,692,340,352,
24215,2768,1365,1403,4842,2360,2482,5534,2677,2857,4842,2344,2498,2767,1307,1460,692,340,352,
24220,2768,1365,1403,4843,2361,2482,5535,2678,2857,4843,2345,2498,2768,1307,1461,692,340,352,
24225,2768,1365,1403,4845,2363,2482,5536,2679,2857,4844,2346,2498,2768,1307,1461,692,340,352,
24230,2769,1366,1403,4846,2363,2483,5538,2679,2859,4845,2346,2499,2768,1307,1461,692,340,352,
24235,2770,1367,1403,4846,2363,2483,5538,2679,2859,4846,2347,2499,2768,1307,1461,692,340,352,
24240,2771,1368,1403,4848,2365,2483,5541,2681,2860,4847,2347,2500,2769,1308,1461,692,340,352,
24245,2771,1368,1403,4849,2365,2484,5541,2681,2860,4848,2348,2500,2769,1308,1461,693,341,352,
24250,2772,1369,1403,4849,2365,2484,5542,2682,2860,4849,2349,2500,2771,1310,1461,693,341,352,
24255,2772,1369,1403,4850,2366,2484,5543,2682,2861,4850,2350,2500,2772,1310,1462,693,341,352,
24260,2772,1369,1403,4852,2368,2484,5544,2682,2862,4851,2351,2500,2772,1310,1462,693,341,352,
24265,2773,1369,1404,4853,2368,2485,5546,2682,2864,4852,2351,2501,2772,1310,1462,693,341,352,
24270,2774,1370,1404,4853,2368,2485,5546,2682,2864,4853,2351,2502,2772,1310,1462,693,341,352,
24275,2775,1371,1404,4855,2368,2487,5549,2683,2866,4854,2351,2503,2773,1310,1463,693,341,352,
24280,2775,1371,1404,4856,2368,2488,5549,2683,2866,4855,2352,2503,2773,1310,1463,694,342,352,
24285,2776,1371,1405,4856,2368,2488,5550,2683,2867,4856,2352,2504,2775,1311,1464,694,342,352,
24290,2776,1371,1405,4857,2369,2488,5551,2683,2868,4857,2352,2505,2776,1312,1464,694,342,352,
24295,2776,1371,1405,4859,2369,2490,5552,2683,2869,4858,2352,2506,2776,1312,1464,694,342,352,
24300,2777,1371,1406,4860,2370,2490,5554,2684,2870,4859,2353,2506,2776,1312,1464,694,342,352,
24305,2778,1371,1407,4860,2370,2490,5554,2684,2870,4860,2354,2506,2776,1312,1464,694,342,352,
24310,2779,1371,1408,4862,2372,2490,5557,2686,2871,4861,2354,2507,2777,1313,1464,694,342,352,
24315,2779,1371,1408,4863,2372,2491,5557,2686,2871,4862,2355,2507,2777,1313,1464,695,342,353,
24320,2780,1371,1409,4863,2372,2491,5558,2686,2872,4863,2355,2508,2779,1314,1465,695,342,353,
24325,2780,1371,1409,4864,2373,2491,5559,2687,2872,4864,2355,2509,2780,1315,1465,695,342,353,
24330,2780,1371,1409,4866,2374,2492,5560,2687,2873,4865,2355,2510,2780,1315,1465,695,342,353,
24335,2781,1371,1410,4867,2374,2493,5562,2689,2873,4866,2356,2510,2780,1315,1465,695,342,353,
24340,2782,1372,1410,4867,2374,2493,5562,2689,2873,4867,2357,2510,2780,1315,1465,695,342,353,
24345,2783,1372,1411,4869,2375,2494,5565,2691,2874,4868,2357,2511,2781,1315,1466,695,342,353,
24350,2783,1372,1411,4870,2375,2495,5565,2691,2874,4869,2357,2512,2781,1315,1466,696,343,353,
24355,2784,1373,1411,4870,2375,2495,5566,2692,2874,4870,2358,2512,2783,1317,1466,696,343,353,
24360,2784,1373,1411,4871,2376,2495,5567,2692,2875,4871,2359,2512,2784,1318,1466,696,343,353,
24365,2784,1373,1411,4873,2378,2495,5568,2692,2876,4872,2359,2513,2784,1318,1466,696,343,353,
24370,2785,1373,1412,4874,2379,2495,5570,2693,2877,4873,2360,2513,2784,1318,1466,696,343,353,
24375,2786,1374,1412,4874,2379,2495,5570,2693,2877,4874,2361,2513,2784,1318,1466,696,343,353,
24380,2787,1375,1412,4876,2380,2496,5573,2693,2880,4875,2362,2513,2785,1319,1466,696,343,353,
24385,2787,1375,1412,4877,2380,2497,5573,2693,2880,4876,2362,2514,2785,1319,1466,697,343,354,
24390,2788,1376,1412,4877,2380,2497,5574,2693,2881,4877,2362,2515,2787,1321,1466,697,343,354,
24395,2788,1376,1412,4878,2380,2498,5575,2694,2881,4878,2362,2516,2788,1322,1466,697,343,354,
24400,2788,1376,1412,4880,2382,2498,5576,2695,2881,4879,2363,2516,2788,1322,1466,697,343,354,
24405,2789,1377,1412,4881,2383,2498,5578,2697,2881,4880,2363,2517,2788,1322,1466,697,343,354,
24410,2790,1378,1412,4881,2383,2498,5578,2697,2881,4881,2364,2517,2788,1322,1466,697,343,354,
24415,2791,1379,1412,4883,2384,2499,5581,2697,2884,4882,2365,2517,2789,1322,1467,697,343,354,
24420,2791,1379,1412,4884,2384,2500,5581,2697,2884,4883,2365,2518,2789,1322,1467,698,343,355,
24425,2792,1379,1413,4884,2384,2500,5582,2698,2884,4884,2366,2518,2791,1324,1467,698,343,355,
24430,2792,1379,1413,4885,2384,2501,5583,2698,2885,4885,2366,2519,2792,1324,1468,698,343,355,
24435,2792,1379,1413,4887,2385,2502,5584,2698,2886,4886,2367,2519,2792,1324,1468,698,343,355,
24440,2793,1380,1413,4888,2386,2502,5586,2700,2886,4887,2367,2520,2792,1324,1468,698,343,355,
24445,2794,1381,1413,4888,2386,2502,5586,2700,2886,4888,2367,2521,2792,1324,1468,698,343,355,
24450,2795,1382,1413,4890,2386,2504,5589,2703,2886,4889,2367,2522,2793,1325,1468,698,343,355,
24455,2795,1382,1413,4891,2387,2504,5589,2703,2886,4890,2367,2523,2793,1325,1468,699,343,356,
24460,2796,1383,1413,4891,2387,2504,5590,2704,2886,4891,2368,2523,2795,1326,1469,699,343,356,
24465,2796,1383,1413,4892,2388,2504,5591,2704,2887,4892,2368,2524,2796,1327,1469,699,343,356,
24470,2796,1383,1413,4894,2390,2504,5592,2704,2888,4893,2369,2524,2796,1327,1469,699,343,356,
24475,2797,1383,1414,4895,2390,2505,5594,2704,2890,4894,2369,2525,2796,1327,1469,699,343,356,
24480,2798,1383,1415,4895,2390,2505,5594,2704,2890,4895,2370,2525,2796,1327,1469,699,343,356,
24485,2799,1383,1416,4897,2390,2507,5597,2706,2891,4896,2371,2525,2797,1328,1469,699,343,356,
24490,2799,1383,1416,4898,2391,2507,5597,2706,2891,4897,2371,2526,2797,1328,1469,700,344,356,
24495,2800,1384,1416,4898,2391,2507,5598,2706,2892,4898,2371,2527,2799,1330,1469,700,344,356,
24500,2800,1384,1416,4899,2391,2508,5599,2706,2893,4899,2372,2527,2800,1330,1470,700,344,356,
24505,2800,1384,1416,4901,2393,2508,5600,2706,2894,4900,2373,2527,2800,1330,1470,700,344,356,
24510,2801,1385,1416,4902,2394,2508,5602,2707,2895,4901,2374,2527,2800,1330,1470,700,344,356,
24515,2802,1386,1416,4902,2394,2508,5602,2707,2895,4902,2374,2528,2800,1330,1470,700,344,356,
24520,2803,1386,1417,4904,2394,2510,5605,2708,2897,4903,2374,2529,2801,1331,1470,700,344,356,
24525,2803,1386,1417,4905,2395,2510,5605,2708,2897,4904,2375,2529,2801,1331,1470,701,344,357,
24530,2804,1386,1418,4905,2395,2510,5606,2708,2898,4905,2375,2530,2803,1333,1470,701,344,357,
24535,2804,1386,1418,4906,2396,2510,5607,2708,2899,4906,2375,2531,2804,1333,1471,701,344,357,
24540,2804,1386,1418,4908,2397,2511,5608,2708,2900,4907,2375,2532,2804,1333,1471,701,344,357,
24545,2805,1386,1419,4909,2397,2512,5610,2709,2901,4908,2376,2532,2804,1333,1471,701,344,357,
24550,2806,1387,1419,4909,2397,2512,5610,2709,2901,4909,2376,2533,2804,1333,1471,701,344,357,
24555,2807,1388,1419,4911,2397,2514,5613,2711,2902,4910,2377,2533,2805,1333,1472,701,344,357,
24560,2807,1388,1419,4912,2397,2515,5613,2711,2902,4911,2377,2534,2805,1333,1472,702,344,358,
24565,2808,1389,1419,4912,2397,2515,5614,2711,2903,4912,2378,2534,2807,1334,1473,702,344,358,
24570,2808,1389,1419,4913,2398,2515,5615,2711,2904,4913,2378,2535,2808,1335,1473,702,344,358,
24575,2808,1389,1419,4915,2400,2515,5616,2711,2905,4914,2379,2535,2808,1335,1473,702,344,358,
24580,2809,1389,1420,4916,2401,2515,5618,2712,2906,4915,2379,2536,2808,1335,1473,702,344,358,
24585,2810,1390,1420,4916,2401,2515,5618,2712,2906,4916,2379,2537,2808,1335,1473,702,344,358,
24590,2811,1391,1420,4918,2402,2516,5621,2714,2907,4917,2379,2538,2809,1335,1474,702,344,358,
24595,2811,1391,1420,4919,2402,2517,5621,2714,2907,4918,2380,2538,2809,1335,1474,703,344,359,
24600,2812,1391,1421,4919,2402,2517,5622,2714,2908,4919,2381,2538,2811,1336,1475,703,344,359,
24605,2812,1391,1421,4920,2402,2518,5623,2715,2908,4920,2382,2538,2812,1336,1476,703,344,359,
24610,2812,1391,1421,4922,2403,2519,5624,2715,2909,4921,2382,2539,2812,1336,1476,703,344,359,
24615,2813,1391,1422,4923,2403,2520,5626,2715,2911,4922,2383,2539,2812,1336,1476,703,344,359,
24620,2814,1391,1423,4923,2403,2520,5626,2715,2911,4923,2383,2540,2812,1336,1476,703,344,359,
24625,2815,1392,1423,4925,2404,2521,5629,2716,2913,4924,2383,2541,2813,1336,1477,703,344,359,
24630,2815,1392,1423,4926,2404,2522,5629,2716,2913,4925,2383,2542,2813,1336,1477,704,344,360,
24635,2816,1393,1423,4926,2404,2522,5630,2717,2913,4926,2384,2542,2815,1336,1479,704,344,360,
24640,2816,1393,1423,4927,2405,2522,5631,2718,2913,4927,2385,2542,2816,1336,1480,704,344,360,
24645,2816,1393,1423,4929,2406,2523,5632,2718,2914,4928,2385,2543,2816,1336,1480,704,344,360,
24650,2817,1394,1423,4930,2407,2523,5634,2720,2914,4929,2385,2544,2816,1336,1480,704,344,360,
24655,2818,1394,1424,4930,2407,2523,5634,2720,2914,4930,2386,2544,2816,1336,1480,704,344,360,
24660,2819,1395,1424,4932,2409,2523,5637,2722,2915,4931,2387,2544,2817,1336,1481,704,344,360,
24665,2819,1395,1424,4933,2410,2523,5637,2722,2915,4932,2388,2544,2817,1336,1481,705,345,360,
24670,2820,1396,1424,4933,2410,2523,5638,2723,2915,4933,2389,2544,2819,1337,1482,705,345,360,
24675,2820,1396,1424,4934,2410,2524,5639,2724,2915,4934,2389,2545,2820,1337,1483,705,345,360,
24680,2820,1396,1424,4936,2411,2525,5640,2725,2915,4935,2389,2546,2820,1337,1483,705,345,360,
24685,2821,1396,1425,4937,2411,2526,5642,2727,2915,4936,2390,2546,2820,1337,1483,705,345,360,
24690,2822,1396,1426,4937,2411,2526,5642,2727,2915,4937,2391,2546,2820,1337,1483,705,345,360,
24695,2823,1397,1426,4939,2413,2526,5645,2728,2917,4938,2391,2547,2821,1338,1483,705,345,360,
24700,2823,1397,1426,4940,2413,2527,5645,2728,2917,4939,2391,2548,2821,1338,1483,706,345,361,
24705,2824,1398,1426,4940,2413,2527,5646,2729,2917,4940,2391,2549,2823,1339,1484,706,345,361,
24710,2824,1398,1426,4941,2414,2527,5647,2730,2917,4941,2391,2550,2824,1340,1484,706,345,361,
24715,2824,1398,1426,4943,2414,2529,5648,2731,2917,4942,2391,2551,2824,1340,1484,706,345,361,
24720,2825,1399,1426,4944,2415,2529,5650,2733,2917,4943,2392,2551,2824,1340,1484,706,345,361,
24725,2826,1400,1426,4944,2415,2529,5650,2733,2917,4944,2392,2552,2824,1340,1484,706,345,361,
24730,2827,1401,1426,4946,2416,2530,5653,2733,2920,4945,2393,2552,2825,1341,1484,706,345,361,
24735,2827,1401,1426,4947,2416,2531,5653,2733,2920,4946,2393,2553,2825,1341,1484,707,345,362,
24740,2828,1401,1427,4947,2416,2531,5654,2733,2921,4947,2393,2554,2827,1342,1485,707,345,362,
24745,2828,1401,1427,4948,2417,2531,5655,2733,2922,4948,2394,2554,2828,1343,1485,707,345,362,
24750,2828,1401,1427,4950,2419,2531,5656,2734,2922,4949,2395,2554,2828,1343,1485,707,345,362,
24755,2829,1401,1428,4951,2420,2531,5658,2735,2923,4950,2396,2554,2828,1343,1485,707,345,362,
24760,2830,1401,1429,4951,2420,2531,5658,2735,2923,4951,2396,2555,2828,1343,1485,707,345,362,
24765,2831,1402,1429,4953,2422,2531,5661,2735,2926,4952,2397,2555,2829,1344,1485,707,345,362,
24770,2831,1402,1429,4954,2423,2531,5661,2735,2926,4953,2398,2555,2829,1344,1485,708,346,362,
24775,2832,1403,1429,4954,2423,2531,5662,2735,2927,4954,2398,2556,2831,1345,1486,708,346,362,
24780,2832,1403,1429,4955,2424,2531,5663,2735,2928,4955,2399,2556,2832,1346,1486,708,346,362,
24785,2832,1403,1429,4957,2425,2532,5664,2735,2929,4956,2399,2557,2832,1346,1486,708,346,362,
24790,2833,1404,1429,4958,2425,2533,5666,2736,2930,4957,2400,2557,2832,1346,1486,708,346,362,
24795,2834,1404,1430,4958,2425,2533,5666,2736,2930,4958,2401,2557,2832,1346,1486,708,346,362,
24800,2835,1405,1430,4960,2426,2534,5669,2737,2932,4959,2401,2558,2833,1346,1487,708,346,362,
24805,2835,1405,1430,4961,2427,2534,5669,2737,2932,4960,2401,2559,2833,1346,1487,709,347,362,
24810,2836,1405,1431,4961,2427,2534,5670,2738,2932,4961,2402,2559,2835,1346,1489,709,347,362,
24815,2836,1405,1431,4962,2427,2535,5671,2739,2932,4962,2402,2560,2836,1346,1490,709,347,362,
24820,2836,1405,1431,4964,2429,2535,5672,2739,2933,4963,2403,2560,2836,1346,1490,709,347,362,
24825,2837,1405,1432,4965,2430,2535,5674,2741,2933,4964,2403,2561,2836,1346,1490,709,347,362,
24830,2838,1405,1433,4965,2430,2535,5674,2741,2933,4965,2404,2561,2836,1346,1490,709,347,362,
24835,2839,1405,1434,4967,2430,2537,5677,2742,2935,4966,2404,2562,2837,1347,1490,709,347,362,
24840,2839,1405,1434,4968,2430,2538,5677,2742,2935,4967,2404,2563,2837,1347,1490,710,347,363,
24845,2840,1406,1434,4968,2430,2538,5678,2742,2936,4968,2404,2564,2839,1349,1490,710,347,363,
24850,2840,1406,1434,4969,2430,2539,5679,2743,2936,4969,2404,2565,2840,1350,1490,710,347,363,
24855,2840,1406,1434,4971,2431,2540,5680,2743,2937,4970,2404,2566,2840,1350,1490,710,347,363,
24860,2841,1407,1434,4972,2431,2541,5682,2745,2937,4971,2405,2566,2840,1350,1490,710,347,363,
24865,2842,1408,1434,4972,2431,2541,5682,2745,2937,4972,2405,2567,2840,1350,1490,710,347,363,
24870,2843,1408,1435,4974,2432,2542,5685,2746,2939,4973,2406,2567,2841,1350,1491,710,347,363,
24875,2843,1408,1435,4975,2433,2542,5685,2746,2939,4974,2407,2567,2841,1350,1491,711,347,364,
24880,2844,1409,1435,4975,2433,2542,5686,2747,2939,4975,2407,2568,2843,1350,1493,711,347,364,
24885,2844,1409,1435,4976,2434,2542,5687,2747,2940,4976,2407,2569,2844,1350,1494,711,347,364,
24890,2844,1409,1435,4978,2434,2544,5688,2748,2940,4977,2407,2570,2844,1350,1494,711,347,364,
24895,2845,1409,1436,4979,2434,2545,5690,2749,2941,4978,2408,2570,2844,1350,1494,711,347,364,
24900,2846,1410,1436,4979,2434,2545,5690,2749,2941,4979,2409,2570,2844,1350,1494,711,347,364,
24905,2847,1410,1437,4981,2436,2545,5693,2750,2943,4980,2410,2570,2845,1350,1495,711,347,364,
24910,2847,1410,1437,4982,2437,2545,5693,2750,2943,4981,2411,2570,2845,1350,1495,712,347,365,
24915,2848,1411,1437,4982,2437,2545,5694,2750,2944,4982,2411,2571,2847,1351,1496,712,347,365,
24920,2848,1411,1437,4983,2438,2545,5695,2750,2945,4983,2411,2572,2848,1351,1497,712,347,365,
24925,2848,1411,1437,4985,2438,2547,5696,2751,2945,4984,2411,2573,2848,1351,1497,712,347,365,
24930,2849,1411,1438,4986,2438,2548,5698,2751,2947,4985,2412,2573,2848,1351,1497,712,347,365,
24935,2850,1412,1438,4986,2438,2548,5698,2751,2947,4986,2412,2574,2848,1351,1497,712,347,365,
24940,2851,1413,1438,4988,2439,2549,5701,2751,2950,4987,2413,2574,2849,1352,1497,712,347,365,
24945,2851,1413,1438,4989,2440,2549,5701,2751,2950,4988,2413,2575,2849,1352,1497,713,348,365,
24950,2852,1413,1439,4989,2440,2549,5702,2751,2951,4989,2414,2575,2851,1354,1497,713,348,365,
24955,2852,1413,1439,4990,2441,2549,5703,2751,2952,4990,2414,2576,2852,1354,1498,713,348,365,
24960,2852,1413,1439,4992,2442,2550,5704,2751,2953,4991,2415,2576,2852,1354,1498,713,348,365,
24965,2853,1413,1440,4993,2442,2551,5706,2751,2955,4992,2416,2576,2852,1354,1498,713,348,365,
24970,2854,1414,1440,4993,2442,2551,5706,2751,2955,4993,2417,2576,2852,1354,1498,713,348,365,
24975,2855,1414,1441,4995,2443,2552,5709,2754,2955,4994,2417,2577,2853,1355,1498,713,348,365,
24980,2855,1414,1441,4996,2444,2552,5709,2754,2955,4995,2417,2578,2853,1355,1498,714,348,366,
24985,2856,1414,1442,4996,2444,2552,5710,2754,2956,4996,2417,2579,2855,1356,1499,714,348,366,
24990,2856,1414,1442,4997,2444,2553,5711,2754,2957,4997,2418,2579,2856,1357,1499,714,348,366,
24995,2856,1414,1442,4999,2445,2554,5712,2754,2958,4998,2419,2579,2856,1357,1499,714,348,366,
25000,2857,1414,1443,5000,2445,2555,5714,2755,2959,4999,2419,2580,2856,1357,1499,714,348,366,
25005,2858,1414,1444,5000,2445,2555,5714,2755,2959,5000,2419,2581,2856,1357,1499,714,348,366,
25010,2859,1415,1444,5002,2445,2557,5717,2756,2961,5001,2420,2581,2857,1357,1500,714,348,366,
25015,2859,1415,1444,5003,2446,2557,5717,2756,2961,5002,2420,2582,2857,1357,1500,715,348,367,
25020,2860,1416,1444,5003,2446,2557,5718,2757,2961,5003,2420,2583,2859,1358,1501,715,348,367,
25025,2860,1416,1444,5004,2446,2558,5719,2757,2962,5004,2421,2583,2860,1358,1502,715,348,367,
25030,2860,1416,1444,5006,2446,2560,5720,2758,2962,5005,2421,2584,2860,1358,1502,715,348,367,
25035,2861,1417,1444,5007,2446,2561,5722,2758,2964,5006,2422,2584,2860,1358,1502,715,348,367,
25040,2862,1417,1445,5007,2446,2561,5722,2758,2964,5007,2423,2584,2860,1358,1502,715,348,367,
25045,2863,1417,1446,5009,2448,2561,5725,2759,2966,5008,2424,2584,2861,1358,1503,715,348,367,
25050,2863,1417,1446,5010,2449,2561,5725,2759,2966,5009,2424,2585,2861,1358,1503,716,349,367,
25055,2864,1418,1446,5010,2449,2561,5726,2759,2967,5010,2424,2586,2863,1358,1505,716,349,367,
25060,2864,1418,1446,5011,2450,2561,5727,2760,2967,5011,2424,2587,2864,1358,1506,716,349,367,
25065,2864,1418,1446,5013,2450,2563,5728,2760,2968,5012,2424,2588,2864,1358,1506,716,349,367,
25070,2865,1418,1447,5014,2450,2564,5730,2761,2969,5013,2425,2588,2864,1358,1506,716,349,367,
25075,2866,1419,1447,5014,2450,2564,5730,2761,2969,5014,2426,2588,2864,1358,1506,716,349,367,
25080,2867,1420,1447,5016,2451,2565,5733,2762,2971,5015,2427,2588,2865,1359,1506,716,349,367,
25085,2867,1420,1447,5017,2451,2566,5733,2762,2971,5016,2427,2589,2865,1359,1506,717,349,368,
25090,2868,1420,1448,5017,2451,2566,5734,2763,2971,5017,2428,2589,2867,1359,1508,717,349,368,
25095,2868,1420,1448,5018,2451,2567,5735,2763,2972,5018,2429,2589,2868,1360,1508,717,349,368,
25100,2868,1420,1448,5020,2452,2568,5736,2763,2973,5019,2429,2590,2868,1360,1508,717,349,368,
25105,2869,1421,1448,5021,2452,2569,5738,2764,2974,5020,2430,2590,2868,1360,1508,717,349,368,
25110,2870,1421,1449,5021,2452,2569,5738,2764,2974,5021,2431,2590,2868,1360,1508,717,349,368,
25115,2871,1421,1450,5023,2452,2571,5741,2766,2975,5022,2431,2591,2869,1360,1509,717,349,368,
25120,2871,1421,1450,5024,2453,2571,5741,2766,2975,5023,2432,2591,2869,1360,1509,718,349,369,
25125,2872,1422,1450,5024,2453,2571,5742,2766,2976,5024,2432,2592,2871,1360,1511,718,349,369,
25130,2872,1422,1450,5025,2454,2571,5743,2766,2977,5025,2433,2592,2872,1360,1512,718,349,369,
25135,2872,1422,1450,5027,2455,2572,5744,2766,2978,5026,2433,2593,2872,1360,1512,718,349,369,
25140,2873,1422,1451,5028,2456,2572,5746,2767,2979,5027,2434,2593,2872,1360,1512,718,349,369,
25145,2874,1423,1451,5028,2456,2572,5746,2767,2979,5028,2434,2594,2872,1360,1512,718,349,369,
25150,2875,1423,1452,5030,2456,2574,5749,2770,2979,5029,2435,2594,2873,1360,1513,718,349,369,
25155,2875,1423,1452,5031,2456,2575,5749,2770,2979,5030,2436,2594,2873,1360,1513,719,350,369,
25160,2876,1424,1452,5031,2456,2575,5750,2770,2980,5031,2437,2594,2875,1361,1514,719,350,369,
25165,2876,1424,1452,5032,2456,2576,5751,2770,2981,5032,2437,2595,2876,1362,1514,719,350,369,
25170,2876,1424,1452,5034,2457,2577,5752,2771,2981,5033,2437,2596,2876,1362,1514,719,350,369,
25175,2877,1424,1453,5035,2458,2577,5754,2771,2983,5034,2437,2597,2876,1362,1514,719,350,369,
25180,2878,1424,1454,5035,2458,2577,5754,2771,2983,5035,2437,2598,2876,1362,1514,719,350,369,
25185,2879,1425,1454,5037,2459,2578,5757,2772,2985,5036,2437,2599,2877,1362,1515,719,350,369,
25190,2879,1425,1454,5038,2460,2578,5757,2772,2985,5037,2438,2599,2877,1362,1515,720,350,370,
25195,2880,1425,1455,5038,2460,2578,5758,2772,2986,5038,2438,2600,2879,1363,1516,720,350,370,
25200,2880,1425,1455,5039,2460,2579,5759,2773,2986,5039,2439,2600,2880,1364,1516,720,350,370,
25205,2880,1425,1455,5041,2461,2580,5760,2774,2986,5040,2440,2600,2880,1364,1516,720,350,370,
25210,2881,1426,1455,5042,2461,2581,5762,2775,2987,5041,2440,2601,2880,1364,1516,720,350,370,
25215,2882,1426,1456,5042,2461,2581,5762,2775,2987,5042,2441,2601,2880,1364,1516,720,350,370,
25220,2883,1427,1456,5044,2462,2582,5765,2777,2988,5043,2441,2602,2881,1364,1517,720,350,370,
25225,2883,1427,1456,5045,2462,2583,5765,2777,2988,5044,2441,2603,2881,1364,1517,721,350,371,
25230,2884,1427,1457,5045,2462,2583,5766,2778,2988,5045,2441,2604,2883,1366,1517,721,350,371,
25235,2884,1427,1457,5046,2462,2584,5767,2779,2988,5046,2442,2604,2884,1366,1518,721,350,371,
25240,2884,1427,1457,5048,2463,2585,5768,2779,2989,5047,2442,2605,2884,1366,1518,721,350,371,
25245,2885,1427,1458,5049,2464,2585,5770,2780,2990,5048,2442,2606,2884,1366,1518,721,350,371,
25250,2886,1427,1459,5049,2464,2585,5770,2780,2990,5049,2442,2607,2884,1366,1518,721,350,371,
25255,2887,1427,1460,5051,2465,2586,5773,2781,2992,5050,2442,2608,2885,1367,1518,721,350,371,
25260,2887,1427,1460,5052,2465,2587,5773,2781,2992,5051,2443,2608,2885,1367,1518,722,351,371,
25265,2888,1428,1460,5052,2465,2587,5774,2782,2992,5052,2443,2609,2887,1368,1519,722,351,371,
25270,2888,1428,1460,5053,2466,2587,5775,2782,2993,5053,2444,2609,2888,1368,1520,722,351,371,
25275,2888,1428,1460,5055,2467,2588,5776,2783,2993,5054,2444,2610,2888,1368,1520,722,351,371,
25280,2889,1429,1460,5056,2468,2588,5778,2784,2994,5055,2445,2610,2888,1368,1520,722,351,371,
25285,2890,1430,1460,5056,2468,2588,5778,2784,2994,5056,2446,2610,2888,1368,1520,722,351,371,
25290,2891,1430,1461,5058,2470,2588,5781,2786,2995,5057,2446,2611,2889,1369,1520,722,351,371,
25295,2891,1430,1461,5059,2471,2588,5781,2786,2995,5058,2446,2612,2889,1369,1520,723,352,371,
25300,2892,1430,1462,5059,2471,2588,5782,2786,2996,5059,2446,2613,2891,1370,1521,723,352,371,
25305,2892,1430,1462,5060,2471,2589,5783,2787,2996,5060,2447,2613,2892,1371,1521,723,352,371,
25310,2892,1430,1462,5062,2471,2591,5784,2788,2996,5061,2448,2613,2892,1371,1521,723,352,371,
25315,2893,1430,1463,5063,2472,2591,5786,2788,2998,5062,2449,2613,2892,1371,1521,723,352,371,
25320,2894,1431,1463,5063,2472,2591,5786,2788,2998,5063,2449,2614,2892,1371,1521,723,352,371,
25325,2895,1432,1463,5065,2473,2592,5789,2790,2999,5064,2449,2615,2893,1371,1522,723,352,371,
25330,2895,1432,1463,5066,2473,2593,5789,2790,2999,5065,2449,2616,2893,1371,1522,724,353,371,
25335,2896,1433,1463,5066,2473,2593,5790,2791,2999,5066,2449,2617,2895,1372,1523,724,353,371,
25340,2896,1433,1463,5067,2473,2594,5791,2791,3000,5067,2450,2617,2896,1372,1524,724,353,371,
25345,2896,1433,1463,5069,2474,2595,5792,2792,3000,5068,2451,2617,2896,1372,1524,724,353,371,
25350,2897,1434,1463,5070,2474,2596,5794,2793,3001,5069,2451,2618,2896,1372,1524,724,353,371,
25355,2898,1435,1463,5070,2474,2596,5794,2793,3001,5070,2451,2619,2896,1372,1524,724,353,371,
25360,2899,1436,1463,5072,2475,2597,5797,2795,3002,5071,2451,2620,2897,1372,1525,724,353,371,
25365,2899,1436,1463,5073,2475,2598,5797,2795,3002,5072,2452,2620,2897,1372,1525,725,353,372,
25370,2900,1437,1463,5073,2475,2598,5798,2796,3002,5073,2453,2620,2899,1372,1527,725,353,372,
25375,2900,1437,1463,5074,2475,2599,5799,2796,3003,5074,2454,2620,2900,1372,1528,725,353,372,
25380,2900,1437,1463,5076,2475,2601,5800,2797,3003,5075,2455,2620,2900,1372,1528,725,353,372,
25385,2901,1437,1464,5077,2475,2602,5802,2797,3005,5076,2456,2620,2900,1372,1528,725,353,372,
25390,2902,1437,1465,5077,2475,2602,5802,2797,3005,5077,2456,2621,2900,1372,1528,725,353,372,
25395,2903,1437,1466,5079,2476,2603,5805,2798,3007,5078,2457,2621,2901,1373,1528,725,353,372,
25400,2903,1437,1466,5080,2476,2604,5805,2798,3007,5079,2458,2621,2901,1373,1528,726,353,373,
25405,2904,1438,1466,5080,2476,2604,5806,2799,3007,5080,2458,2622,2903,1373,1530,726,353,373,
25410,2904,1438,1466,5081,2476,2605,5807,2800,3007,5081,2459,2622,2904,1373,1531,726,353,373,
25415,2904,1438,1466,5083,2476,2607,5808,2800,3008,5082,2460,2622,2904,1373,1531,726,353,373,
25420,2905,1439,1466,5084,2476,2608,5810,2801,3009,5083,2461,2622,2904,1373,1531,726,353,373,
25425,2906,1439,1467,5084,2476,2608,5810,2801,3009,5084,2462,2622,2904,1373,1531,726,353,373,
25430,2907,1439,1468,5086,2478,2608,5813,2803,3010,5085,2462,2623,2905,1373,1532,726,353,373,
25435,2907,1439,1468,5087,2478,2609,5813,2803,3010,5086,2462,2624,2905,1373,1532,727,353,374,
25440,2908,1439,1469,5087,2478,2609,5814,2803,3011,5087,2463,2624,2907,1373,1534,727,353,374,
25445,2908,1439,1469,5088,2478,2610,5815,2804,3011,5088,2463,2625,2908,1374,1534,727,353,374,
25450,2908,1439,1469,5090,2479,2611,5816,2805,3011,5089,2464,2625,2908,1374,1534,727,353,374,
25455,2909,1440,1469,5091,2480,2611,5818,2806,3012,5090,2465,2625,2908,1374,1534,727,353,374,
25460,2910,1440,1470,5091,2480,2611,5818,2806,3012,5091,2466,2625,2908,1374,1534,727,353,374,
25465,2911,1441,1470,5093,2481,2612,5821,2807,3014,5092,2467,2625,2909,1374,1535,727,353,374,
25470,2911,1441,1470,5094,2481,2613,5821,2807,3014,5093,2467,2626,2909,1374,1535,728,353,375,
25475,2912,1442,1470,5094,2481,2613,5822,2807,3015,5094,2467,2627,2911,1376,1535,728,353,375,
25480,2912,1442,1470,5095,2482,2613,5823,2808,3015,5095,2468,2627,2912,1376,1536,728,353,375,
25485,2912,1442,1470,5097,2483,2614,5824,2808,3016,5096,2468,2628,2912,1376,1536,728,353,375,
25490,2913,1443,1470,5098,2484,2614,5826,2810,3016,5097,2469,2628,2912,1376,1536,728,353,375,
25495,2914,1443,1471,5098,2484,2614,5826,2810,3016,5098,2469,2629,2912,1376,1536,728,353,375,
25500,2915,1443,1472,5100,2486,2614,5829,2812,3017,5099,2470,2629,2913,1376,1537,728,353,375,
25505,2915,1443,1472,5101,2487,2614,5829,2812,3017,5100,2471,2629,2913,1376,1537,729,354,375,
25510,2916,1443,1473,5101,2487,2614,5830,2812,3018,5101,2472,2629,2915,1377,1538,729,354,375,
25515,2916,1443,1473,5102,2488,2614,5831,2812,3019,5102,2473,2629,2916,1377,1539,729,354,375,
25520,2916,1443,1473,5104,2489,2615,5832,2812,3020,5103,2473,2630,2916,1377,1539,729,354,375,
25525,2917,1444,1473,5105,2489,2616,5834,2813,3021,5104,2473,2631,2916,1377,1539,729,354,375,
25530,2918,1444,1474,5105,2489,2616,5834,2813,3021,5105,2474,2631,2916,1377,1539,729,354,375,
25535,2919,1444,1475,5107,2489,2618,5837,2814,3023,5106,2474,2632,2917,1378,1539,729,354,375,
25540,2919,1444,1475,5108,2490,2618,5837,2814,3023,5107,2475,2632,2917,1378,1539,730,354,376,
25545,2920,1445,1475,5108,2490,2618,5838,2815,3023,5108,2475,2633,2919,1379,1540,730,354,376,
25550,2920,1445,1475,5109,2490,2619,5839,2816,3023,5109,2476,2633,2920,1380,1540,730,354,376,
25555,2920,1445,1475,5111,2491,2620,5840,2817,3023,5110,2476,2634,2920,1380,1540,730,354,376,
25560,2921,1445,1476,5112,2491,2621,5842,2819,3023,5111,2477,2634,2920,1380,1540,730,354,376,
25565,2922,1446,1476,5112,2491,2621,5842,2819,3023,5112,2478,2634,2920,1380,1540,730,354,376,
25570,2923,1446,1477,5114,2493,2621,5845,2821,3024,5113,2478,2635,2921,1380,1541,730,354,376,
25575,2923,1446,1477,5115,2494,2621,5845,2821,3024,5114,2478,2636,2921,1380,1541,731,355,376,
25580,2924,1447,1477,5115,2494,2621,5846,2821,3025,5115,2478,2637,2923,1380,1543,731,355,376,
25585,2924,1447,1477,5116,2494,2622,5847,2821,3026,5116,2479,2637,2924,1380,1544,731,355,376,
25590,2924,1447,1477,5118,2495,2623,5848,2821,3027,5117,2479,2638,2924,1380,1544,731,355,376,
25595,2925,1448,1477,5119,2496,2623,5850,2823,3027,5118,2480,2638,2924,1380,1544,731,355,376,
25600,2926,1448,1478,5119,2496,2623,5850,2823,3027,5119,2480,2639,2924,1380,1544,731,355,376,
25605,2927,1449,1478,5121,2497,2624,5853,2825,3028,5120,2481,2639,2925,1380,1545,731,355,376,
25610,2927,1449,1478,5122,2497,2625,5853,2825,3028,5121,2481,2640,2925,1380,1545,732,355,377,
25615,2928,1450,1478,5122,2497,2625,5854,2826,3028,5122,2482,2640,2927,1382,1545,732,355,377,
25620,2928,1450,1478,5123,2497,2626,5855,2826,3029,5123,2482,2641,2928,1382,1546,732,355,377,
25625,2928,1450,1478,5125,2497,2628,5856,2827,3029,5124,2482,2642,2928,1382,1546,732,355,377,
25630,2929,1450,1479,5126,2498,2628,5858,2828,3030,5125,2483,2642,2928,1382,1546,732,355,377,
25635,2930,1450,1480,5126,2498,2628,5858,2828,3030,5126,2484,2642,2928,1382,1546,732,355,377,
25640,2931,1451,1480,5128,2498,2630,5861,2829,3032,5127,2485,2642,2929,1383,1546,732,355,377,
25645,2931,1451,1480,5129,2498,2631,5861,2829,3032,5128,2486,2642,2929,1383,1546,733,355,378,
25650,2932,1452,1480,5129,2498,2631,5862,2829,3033,5129,2487,2642,2931,1384,1547,733,355,378,
25655,2932,1452,1480,5130,2499,2631,5863,2830,3033,5130,2487,2643,2932,1384,1548,733,355,378,
25660,2932,1452,1480,5132,2500,2632,5864,2830,3034,5131,2487,2644,2932,1384,1548,733,355,378,
25665,2933,1452,1481,5133,2500,2633,5866,2831,3035,5132,2487,2645,2932,1384,1548,733,355,378,
25670,2934,1453,1481,5133,2500,2633,5866,2831,3035,5133,2488,2645,2932,1384,1548,733,355,378,
25675,2935,1453,1482,5135,2501,2634,5869,2832,3037,5134,2489,2645,2933,1385,1548,733,355,378,
25680,2935,1453,1482,5136,2502,2634,5869,2832,3037,5135,2490,2645,2933,1385,1548,734,355,379,
25685,2936,1454,1482,5136,2502,2634,5870,2832,3038,5136,2490,2646,2935,1386,1549,734,355,379,
25690,2936,1454,1482,5137,2502,2635,5871,2833,3038,5137,2490,2647,2936,1386,1550,734,355,379,
25695,2936,1454,1482,5139,2504,2635,5872,2834,3038,5138,2490,2648,2936,1386,1550,734,355,379,
25700,2937,1455,1482,5140,2504,2636,5874,2835,3039,5139,2491,2648,2936,1386,1550,734,355,379,
25705,2938,1455,1483,5140,2504,2636,5874,2835,3039,5140,2491,2649,2936,1386,1550,734,355,379,
25710,2939,1455,1484,5142,2506,2636,5877,2838,3039,5141,2492,2649,2937,1386,1551,734,355,379,
25715,2939,1455,1484,5143,2506,2637,5877,2838,3039,5142,2492,2650,2937,1386,1551,735,356,379,
25720,2940,1456,1484,5143,2506,2637,5878,2839,3039,5143,2493,2650,2939,1386,1553,735,356,379,
25725,2940,1456,1484,5144,2506,2638,5879,2839,3040,5144,2493,2651,2940,1386,1554,735,356,379,
25730,2940,1456,1484,5146,2508,2638,5880,2839,3041,5145,2493,2652,2940,1386,1554,735,356,379,
25735,2941,1457,1484,5147,2509,2638,5882,2840,3042,5146,2493,2653,2940,1386,1554,735,356,379,
25740,2942,1457,1485,5147,2509,2638,5882,2840,3042,5147,2493,2654,2940,1386,1554,735,356,379,
25745,2943,1458,1485,5149,2511,2638,5885,2841,3044,5148,2494,2654,2941,1386,1555,735,356,379,
25750,2943,1458,1485,5150,2512,2638,5885,2841,3044,5149,2494,2655,2941,1386,1555,736,356,380,
25755,2944,1458,1486,5150,2512,2638,5886,2841,3045,5150,2494,2656,2943,1388,1555,736,356,380,
25760,2944,1458,1486,5151,2513,2638,5887,2842,3045,5151,2495,2656,2944,1389,1555,736,356,380,
25765,2944,1458,1486,5153,2513,2640,5888,2842,3046,5152,2495,2657,2944,1389,1555,736,356,380,
25770,2945,1459,1486,5154,2513,2641,5890,2843,3047,5153,2496,2657,2944,1389,1555,736,356,380,
25775,2946,1459,1487,5154,2513,2641,5890,2843,3047,5154,2497,2657,2944,1389,1555,736,356,380,
25780,2947,1459,1488,5156,2515,2641,5893,2844,3049,5155,2498,2657,2945,1390,1555,736,356,380,
25785,2947,1459,1488,5157,2516,2641,5893,2844,3049,5156,2499,2657,2945,1390,1555,737,357,380,
25790,2948,1459,1489,5157,2516,2641,5894,2844,3050,5157,2500,2657,2947,1390,1557,737,357,380,
25795,2948,1459,1489,5158,2516,2642,5895,2844,3051,5158,2500,2658,2948,1391,1557,737,357,380,
25800,2948,1459,1489,5160,2516,2644,5896,2844,3052,5159,2501,2658,2948,1391,1557,737,357,380,
25805,2949,1460,1489,5161,2517,2644,5898,2846,3052,5160,2501,2659,2948,1391,1557,737,357,380,
25810,2950,1460,1490,5161,2517,2644,5898,2846,3052,5161,2502,2659,2948,1391,1557,737,357,380,
25815,2951,1461,1490,5163,2518,2645,5901,2848,3053,5162,2503,2659,2949,1391,1558,737,357,380,
25820,2951,1461,1490,5164,2518,2646,5901,2848,3053,5163,2504,2659,2949,1391,1558,738,357,381,
25825,2952,1461,1491,5164,2518,2646,5902,2849,3053,5164,2505,2659,2951,1393,1558,738,357,381,
25830,2952,1461,1491,5165,2518,2647,5903,2850,3053,5165,2505,2660,2952,1394,1558,738,357,381,
25835,2952,1461,1491,5167,2520,2647,5904,2850,3054,5166,2506,2660,2952,1394,1558,738,357,381,
25840,2953,1461,1492,5168,2521,2647,5906,2852,3054,5167,2507,2660,2952,1394,1558,738,357,381,
25845,2954,1461,1493,5168,2521,2647,5906,2852,3054,5168,2508,2660,2952,1394,1558,738,357,381,
25850,2955,1461,1494,5170,2521,2649,5909,2854,3055,5169,2508,2661,2953,1395,1558,738,357,381,
25855,2955,1461,1494,5171,2522,2649,5909,2854,3055,5170,2508,2662,2953,1395,1558,739,358,381,
25860,2956,1461,1495,5171,2522,2649,5910,2855,3055,5171,2509,2662,2955,1396,1559,739,358,381,
25865,2956,1461,1495,5172,2522,2650,5911,2855,3056,5172,2509,2663,2956,1397,1559,739,358,381,
25870,2956,1461,1495,5174,2523,2651,5912,2856,3056,5173,2510,2663,2956,1397,1559,739,358,381,
25875,2957,1462,1495,5175,2524,2651,5914,2856,3058,5174,2510,2664,2956,1397,1559,739,358,381,
25880,2958,1462,1496,5175,2524,2651,5914,2856,3058,5175,2510,2665,2956,1397,1559,739,358,381,
25885,2959,1463,1496,5177,2526,2651,5917,2858,3059,5176,2510,2666,2957,1397,1560,739,358,381,
25890,2959,1463,1496,5178,2527,2651,5917,2858,3059,5177,2510,2667,2957,1397,1560,740,359,381,
25895,2960,1463,1497,5178,2527,2651,5918,2858,3060,5178,2511,2667,2959,1397,1562,740,359,381,
25900,2960,1463,1497,5179,2527,2652,5919,2859,3060,5179,2512,2667,2960,1398,1562,740,359,381,
25905,2960,1463,1497,5181,2529,2652,5920,2860,3060,5180,2513,2667,2960,1398,1562,740,359,381,
25910,2961,1463,1498,5182,2529,2653,5922,2861,3061,5181,2514,2667,2960,1398,1562,740,359,381,
25915,2962,1464,1498,5182,2529,2653,5922,2861,3061,5182,2515,2667,2960,1398,1562,740,359,381,
25920,2963,1464,1499,5184,2531,2653,5925,2863,3062,5183,2516,2667,2961,1398,1563,740,359,381,
25925,2963,1464,1499,5185,2532,2653,5925,2863,3062,5184,2517,2667,2961,1398,1563,741,359,382,
25930,2964,1464,1500,5185,2532,2653,5926,2863,3063,5185,2517,2668,2963,1398,1565,741,359,382,
25935,2964,1464,1500,5186,2532,2654,5927,2863,3064,5186,2517,2669,2964,1398,1566,741,359,382,
25940,2964,1464,1500,5188,2534,2654,5928,2864,3064,5187,2517,2670,2964,1398,1566,741,359,382,
25945,2965,1465,1500,5189,2535,2654,5930,2865,3065,5188,2517,2671,2964,1398,1566,741,359,382,
25950,2966,1466,1500,5189,2535,2654,5930,2865,3065,5189,2517,2672,2964,1398,1566,741,359,382,
25955,2967,1466,1501,5191,2536,2655,5933,2868,3065,5190,2517,2673,2965,1399,1566,741,359,382,
25960,2967,1466,1501,5192,2537,2655,5933,2868,3065,5191,2518,2673,2965,1399,1566,742,359,383,
25965,2968,1467,1501,5192,2537,2655,5934,2869,3065,5192,2519,2673,2967,1400,1567,742,359,383,
25970,2968,1467,1501,5193,2537,2656,5935,2869,3066,5193,2519,2674,2968,1400,1568,742,359,383,
25975,2968,1467,1501,5195,2538,2657,5936,2869,3067,5194,2519,2675,2968,1400,1568,742,359,383,
25980,2969,1467,1502,5196,2539,2657,5938,2870,3068,5195,2519,2676,2968,1400,1568,742,359,383,
25985,2970,1468,1502,5196,2539,2657,5938,2870,3068,5196,2520,2676,2968,1400,1568,742,359,383,
25990,2971,1469,1502,5198,2540,2658,5941,2871,3070,5197,2521,2676,2969,1401,1568,742,359,383,
25995,2971,1469,1502,5199,2541,2658,5941,2871,3070,5198,2522,2676,2969,1401,1568,743,359,384,
26000,2972,1470,1502,5199,2541,2658,5942,2872,3070,5199,2523,2676,2971,1402,1569,743,359,384,
26005,2972,1470,1502,5200,2541,2659,5943,2873,3070,5200,2523,2677,2972,1402,1570,743,359,384,
26010,2972,1470,1502,5202,2542,2660,5944,2873,3071,5201,2523,2678,2972,1402,1570,743,359,384,
26015,2973,1470,1503,5203,2543,2660,5946,2874,3072,5202,2524,2678,2972,1402,1570,743,359,384,
26020,2974,1471,1503,5203,2543,2660,5946,2874,3072,5203,2524,2679,2972,1402,1570,743,359,384,
26025,2975,1471,1504,5205,2543,2662,5949,2875,3074,5204,2525,2679,2973,1402,1571,743,359,384,
26030,2975,1471,1504,5206,2544,2662,5949,2875,3074,5205,2525,2680,2973,1402,1571,744,360,384,
26035,2976,1472,1504,5206,2544,2662,5950,2876,3074,5206,2526,2680,2975,1402,1573,744,360,384,
26040,2976,1472,1504,5207,2545,2662,5951,2876,3075,5207,2526,2681,2976,1403,1573,744,360,384,
26045,2976,1472,1504,5209,2545,2664,5952,2876,3076,5208,2526,2682,2976,1403,1573,744,360,384,
26050,2977,1473,1504,5210,2546,2664,5954,2877,3077,5209,2526,2683,2976,1403,1573,744,360,384,
26055,2978,1474,1504,5210,2546,2664,5954,2877,3077,5210,2526,2684,2976,1403,1573,744,360,384,
26060,2979,1475,1504,5212,2547,2665,5957,2878,3079,5211,2526,2685,2977,1404,1573,744,360,384,
26065,2979,1475,1504,5213,2547,2666,5957,2878,3079,5212,2526,2686,2977,1404,1573,745,360,385,
26070,2980,1476,1504,5213,2547,2666,5958,2878,3080,5213,2526,2687,2979,1405,1574,745,360,385,
26075,2980,1476,1504,5214,2547,2667,5959,2879,3080,5214,2527,2687,2980,1406,1574,745,360,385,
26080,2980,1476,1504,5216,2547,2669,5960,2880,3080,5215,2528,2687,2980,1406,1574,745,360,385,
26085,2981,1476,1505,5217,2547,2670,5962,2881,3081,5216,2529,2687,2980,1406,1574,745,360,385,
26090,2982,1477,1505,5217,2547,2670,5962,2881,3081,5217,2530,2687,2980,1406,1574,745,360,385,
26095,2983,1478,1505,5219,2549,2670,5965,2882,3083,5218,2531,2687,2981,1407,1574,745,360,385,
26100,2983,1478,1505,5220,2549,2671,5965,2882,3083,5219,2531,2688,2981,1407,1574,746,361,385,
26105,2984,1478,1506,5220,2549,2671,5966,2882,3084,5220,2531,2689,2983,1408,1575,746,361,385,
26110,2984,1478,1506,5221,2550,2671,5967,2883,3084,5221,2532,2689,2984,1408,1576,746,361,385,
26115,2984,1478,1506,5223,2550,2673,5968,2884,3084,5222,2532,2690,2984,1408,1576,746,361,385,
26120,2985,1479,1506,5224,2551,2673,5970,2884,3086,5223,2532,2691,2984,1408,1576,746,361,385,
26125,2986,1480,1506,5224,2551,2673,5970,2884,3086,5224,2533,2691,2984,1408,1576,746,361,385,
26130,2987,1480,1507,5226,2551,2675,5973,2886,3087,5225,2533,2692,2985,1408,1577,746,361,385,
26135,2987,1480,1507,5227,2551,2676,5973,2886,3087,5226,2534,2692,2985,1408,1577,747,361,386,
26140,2988,1480,1508,5227,2551,2676,5974,2886,3088,5227,2535,2692,2987,1410,1577,747,361,386,
26145,2988,1480,1508,5228,2551,2677,5975,2886,3089,5228,2536,2692,2988,1411,1577,747,361,386,
26150,2988,1480,1508,5230,2551,2679,5976,2887,3089,5229,2537,2692,2988,1411,1577,747,361,386,
26155,2989,1481,1508,5231,2552,2679,5978,2888,3090,5230,2538,2692,2988,1411,1577,747,361,386,
26160,2990,1482,1508,5231,2552,2679,5978,2888,3090,5231,2538,2693,2988,1411,1577,747,361,386,
26165,2991,1483,1508,5233,2552,2681,5981,2889,3092,5232,2538,2694,2989,1411,1578,747,361,386,
26170,2991,1483,1508,5234,2552,2682,5981,2889,3092,5233,2539,2694,2989,1411,1578,748,361,387,
26175,2992,1484,1508,5234,2552,2682,5982,2889,3093,5234,2540,2694,2991,1412,1579,748,361,387,
26180,2992,1484,1508,5235,2552,2683,5983,2889,3094,5235,2540,2695,2992,1412,1580,748,361,387,
26185,2992,1484,1508,5237,2553,2684,5984,2889,3095,5236,2540,2696,2992,1412,1580,748,361,387,
26190,2993,1484,1509,5238,2554,2684,5986,2890,3096,5237,2540,2697,2992,1412,1580,748,361,387,
26195,2994,1484,1510,5238,2554,2684,5986,2890,3096,5238,2540,2698,2992,1412,1580,748,361,387,
26200,2995,1484,1511,5240,2554,2686,5989,2891,3098,5239,2540,2699,2993,1413,1580,748,361,387,
26205,2995,1484,1511,5241,2555,2686,5989,2891,3098,5240,2540,2700,2993,1413,1580,749,362,387,
26210,2996,1485,1511,5241,2555,2686,5990,2892,3098,5241,2541,2700,2995,1413,1582,749,362,387,
26215,2996,1485,1511,5242,2556,2686,5991,2893,3098,5242,2542,2700,2996,1413,1583,749,362,387,
26220,2996,1485,1511,5244,2557,2687,5992,2893,3099,5243,2543,2700,2996,1413,1583,749,362,387,
26225,2997,1486,1511,5245,2558,2687,5994,2895,3099,5244,2543,2701,2996,1413,1583,749,362,387,
26230,2998,1486,1512,5245,2558,2687,5994,2895,3099,5245,2543,2702,2996,1413,1583,749,362,387,
26235,2999,1487,1512,5247,2558,2689,5997,2895,3102,5246,2543,2703,2997,1414,1583,749,362,387,
26240,2999,1487,1512,5248,2558,2690,5997,2895,3102,5247,2543,2704,2997,1414,1583,750,362,388,
26245,3000,1487,1513,5248,2558,2690,5998,2895,3103,5248,2543,2705,2999,1414,1585,750,362,388,
26250,3000,1487,1513,5249,2559,2690,5999,2895,3104,5249,2543,2706,3000,1415,1585,750,362,388,
26255,3000,1487,1513,5251,2560,2691,6000,2895,3105,5250,2544,2706,3000,1415,1585,750,362,388,
26260,3001,1488,1513,5252,2560,2692,6002,2896,3106,5251,2544,2707,3000,1415,1585,750,362,388,
26265,3002,1489,1513,5252,2560,2692,6002,2896,3106,5252,2544,2708,3000,1415,1585,750,362,388,
26270,3003,1490,1513,5254,2562,2692,6005,2899,3106,5253,2545,2708,3001,1415,1586,750,362,388,
26275,3003,1490,1513,5255,2562,2693,6005,2899,3106,5254,2546,2708,3001,1415,1586,751,363,388,
26280,3004,1491,1513,5255,2562,2693,6006,2899,3107,5255,2547,2708,3003,1416,1587,751,363,388,
26285,3004,1491,1513,5256,2563,2693,6007,2899,3108,5256,2547,2709,3004,1417,1587,751,363,388,
26290,3004,1491,1513,5258,2564,2694,6008,2900,3108,5257,2548,2709,3004,1417,1587,751,363,388,
26295,3005,1492,1513,5259,2565,2694,6010,2901,3109,5258,2549,2709,3004,1417,1587,751,363,388,
26300,3006,1492,1514,5259,2565,2694,6010,2901,3109,5259,2549,2710,3004,1417,1587,751,363,388,
26305,3007,1493,1514,5261,2566,2695,6013,2903,3110,5260,2549,2711,3005,1417,1588,751,363,388,
26310,3007,1493,1514,5262,2567,2695,6013,2903,3110,5261,2550,2711,3005,1417,1588,752,364,388,
26315,3008,1494,1514,5262,2567,2695,6014,2903,3111,5262,2550,2712,3007,1418,1589,752,364,388,
26320,3008,1494,1514,5263,2567,2696,6015,2903,3112,5263,2550,2713,3008,1418,1590,752,364,388,
26325,3008,1494,1514,5265,2567,2698,6016,2903,3113,5264,2550,2714,3008,1418,1590,752,364,388,
26330,3009,1494,1515,5266,2568,2698,6018,2903,3115,5265,2551,2714,3008,1418,1590,752,364,388,
26335,3010,1494,1516,5266,2568,2698,6018,2903,3115,5266,2552,2714,3008,1418,1590,752,364,388,
26340,3011,1495,1516,5268,2569,2699,6021,2905,3116,5267,2553,2714,3009,1418,1591,752,364,388,
26345,3011,1495,1516,5269,2570,2699,6021,2905,3116,5268,2553,2715,3009,1418,1591,753,365,388,
26350,3012,1496,1516,5269,2570,2699,6022,2906,3116,5269,2554,2715,3011,1419,1592,753,365,388,
26355,3012,1496,1516,5270,2571,2699,6023,2906,3117,5270,2554,2716,3012,1419,1593,753,365,388,
26360,3012,1496,1516,5272,2571,2701,6024,2907,3117,5271,2555,2716,3012,1419,1593,753,365,388,
26365,3013,1497,1516,5273,2571,2702,6026,2908,3118,5272,2555,2717,3012,1419,1593,753,365,388,
26370,3014,1497,1517,5273,2571,2702,6026,2908,3118,5273,2555,2718,3012,1419,1593,753,365,388,
26375,3015,1498,1517,5275,2572,2703,6029,2910,3119,5274,2555,2719,3013,1419,1594,753,365,388,
26380,3015,1498,1517,5276,2572,2704,6029,2910,3119,5275,2556,2719,3013,1419,1594,754,365,389,
26385,3016,1498,1518,5276,2572,2704,6030,2910,3120,5276,2557,2719,3015,1420,1595,754,365,389,
26390,3016,1498,1518,5277,2572,2705,6031,2910,3121,5277,2557,2720,3016,1421,1595,754,365,389,
26395,3016,1498,1518,5279,2572,2707,6032,2911,3121,5278,2557,2721,3016,1421,1595,754,365,389,
26400,3017,1498,1519,5280,2572,2708,6034,2911,3123,5279,2558,2721,3016,1421,1595,754,365,389,
26405,3018,1499,1519,5280,2572,2708,6034,2911,3123,5280,2558,2722,3016,1421,1595,754,365,389,
26410,3019,1499,1520,5282,2573,2709,6037,2913,3124,5281,2559,2722,3017,1422,1595,754,365,389,
26415,3019,1499,1520,5283,2573,2710,6037,2913,3124,5282,2559,2723,3017,1422,1595,755,366,389,
26420,3020,1499,1521,5283,2573,2710,6038,2914,3124,5283,2559,2724,3019,1422,1597,755,366,389,
26425,3020,1499,1521,5284,2574,2710,6039,2914,3125,5284,2559,2725,3020,1422,1598,755,366,389,
26430,3020,1499,1521,5286,2576,2710,6040,2914,3126,5285,2560,2725,3020,1422,1598,755,366,389,
26435,3021,1500,1521,5287,2576,2711,6042,2914,3128,5286,2560,2726,3020,1422,1598,755,366,389,
26440,3022,1500,1522,5287,2576,2711,6042,2914,3128,5287,2561,2726,3020,1422,1598,755,366,389,
26445,3023,1501,1522,5289,2576,2713,6045,2917,3128,5288,2562,2726,3021,1423,1598,755,366,389,
26450,3023,1501,1522,5290,2576,2714,6045,2917,3128,5289,2563,2726,3021,1423,1598,756,366,390,
26455,3024,1502,1522,5290,2576,2714,6046,2918,3128,5290,2564,2726,3023,1424,1599,756,366,390,
26460,3024,1502,1522,5291,2576,2715,6047,2919,3128,5291,2564,2727,3024,1424,1600,756,366,390,
26465,3024,1502,1522,5293,2577,2716,6048,2920,3128,5292,2565,2727,3024,1424,1600,756,366,390,
26470,3025,1503,1522,5294,2577,2717,6050,2921,3129,5293,2566,2727,3024,1424,1600,756,366,390,
26475,3026,1504,1522,5294,2577,2717,6050,2921,3129,5294,2566,2728,3024,1424,1600,756,366,390,
26480,3027,1505,1522,5296,2578,2718,6053,2923,3130,5295,2567,2728,3025,1424,1601,756,366,390,
26485,3027,1505,1522,5297,2578,2719,6053,2923,3130,5296,2567,2729,3025,1424,1601,757,367,390,
26490,3028,1505,1523,5297,2578,2719,6054,2923,3131,5297,2567,2730,3027,1425,1602,757,367,390,
26495,3028,1505,1523,5298,2578,2720,6055,2923,3132,5298,2567,2731,3028,1426,1602,757,367,390,
26500,3028,1505,1523,5300,2579,2721,6056,2924,3132,5299,2567,2732,3028,1426,1602,757,367,390,
26505,3029,1506,1523,5301,2580,2721,6058,2925,3133,5300,2567,2733,3028,1426,1602,757,367,390,
26510,3030,1506,1524,5301,2580,2721,6058,2925,3133,5301,2567,2734,3028,1426,1602,757,367,390,
26515,3031,1506,1525,5303,2582,2721,6061,2927,3134,5302,2568,2734,3029,1426,1603,757,367,390,
26520,3031,1506,1525,5304,2582,2722,6061,2927,3134,5303,2569,2734,3029,1426,1603,758,367,391,
26525,3032,1507,1525,5304,2582,2722,6062,2928,3134,5304,2569,2735,3031,1427,1604,758,367,391,
26530,3032,1507,1525,5305,2583,2722,6063,2929,3134,5305,2569,2736,3032,1428,1604,758,367,391,
26535,3032,1507,1525,5307,2584,2723,6064,2930,3134,5306,2569,2737,3032,1428,1604,758,367,391,
26540,3033,1508,1525,5308,2585,2723,6066,2930,3136,5307,2569,2738,3032,1428,1604,758,367,391,
26545,3034,1508,1526,5308,2585,2723,6066,2930,3136,5308,2569,2739,3032,1428,1604,758,367,391,
26550,3035,1509,1526,5310,2585,2725,6069,2932,3137,5309,2570,2739,3033,1429,1604,758,367,391,
26555,3035,1509,1526,5311,2586,2725,6069,2932,3137,5310,2571,2739,3033,1429,1604,759,368,391,
26560,3036,1510,1526,5311,2586,2725,6070,2932,3138,5311,2571,2740,3035,1429,1606,759,368,391,
26565,3036,1510,1526,5312,2587,2725,6071,2933,3138,5312,2572,2740,3036,1430,1606,759,368,391,
26570,3036,1510,1526,5314,2587,2727,6072,2933,3139,5313,2573,2740,3036,1430,1606,759,368,391,
26575,3037,1511,1526,5315,2588,2727,6074,2934,3140,5314,2573,2741,3036,1430,1606,759,368,391,
26580,3038,1511,1527,5315,2588,2727,6074,2934,3140,5315,2573,2742,3036,1430,1606,759,368,391,
26585,3039,1511,1528,5317,2590,2727,6077,2936,3141,5316,2573,2743,3037,1431,1606,759,368,391,
26590,3039,1511,1528,5318,2591,2727,6077,2936,3141,5317,2574,2743,3037,1431,1606,760,368,392,
26595,3040,1512,1528,5318,2591,2727,6078,2936,3142,5318,2574,2744,3039,1432,1607,760,368,392,
26600,3040,1512,1528,5319,2592,2727,6079,2937,3142,5319,2574,2745,3040,1433,1607,760,368,392,
26605,3040,1512,1528,5321,2593,2728,6080,2938,3142,5320,2574,2746,3040,1433,1607,760,368,392,
26610,3041,1512,1529,5322,2593,2729,6082,2940,3142,5321,2575,2746,3040,1433,1607,760,368,392,
26615,3042,1512,1530,5322,2593,2729,6082,2940,3142,5322,2575,2747,3040,1433,1607,760,368,392,
26620,3043,1512,1531,5324,2594,2730,6085,2941,3144,5323,2575,2748,3041,1434,1607,760,368,392,
26625,3043,1512,1531,5325,2594,2731,6085,2941,3144,5324,2576,2748,3041,1434,1607,761,368,393,
26630,3044,1513,1531,5325,2594,2731,6086,2941,3145,5325,2576,2749,3043,1435,1608,761,368,393,
26635,3044,1513,1531,5326,2594,2732,6087,2941,3146,5326,2576,2750,3044,1436,1608,761,368,393,
26640,3044,1513,1531,5328,2596,2732,6088,2942,3146,5327,2577,2750,3044,1436,1608,761,368,393,
26645,3045,1514,1531,5329,2597,2732,6090,2944,3146,5328,2577,2751,3044,1436,1608,761,368,393,
26650,3046,1514,1532,5329,2597,2732,6090,2944,3146,5329,2577,2752,3044,1436,1608,761,368,393,
26655,3047,1514,1533,5331,2599,2732,6093,2945,3148,5330,2577,2753,3045,1436,1609,761,368,393,
26660,3047,1514,1533,5332,2599,2733,6093,2945,3148,5331,2577,2754,3045,1436,1609,762,369,393,
26665,3048,1514,1534,5332,2599,2733,6094,2946,3148,5332,2577,2755,3047,1437,1610,762,369,393,
26670,3048,1514,1534,5333,2600,2733,6095,2946,3149,5333,2578,2755,3048,1438,1610,762,369,393,
26675,3048,1514,1534,5335,2600,2735,6096,2947,3149,5334,2579,2755,3048,1438,1610,762,369,393,
26680,3049,1515,1534,5336,2600,2736,6098,2947,3151,5335,2579,2756,3048,1438,1610,762,369,393,
26685,3050,1516,1534,5336,2600,2736,6098,2947,3151,5336,2580,2756,3048,1438,1610,762,369,393,
26690,3051,1516,1535,5338,2601,2737,6101,2948,3153,5337,2581,2756,3049,1439,1610,762,369,393,
26695,3051,1516,1535,5339,2602,2737,6101,2948,3153,5338,2582,2756,3049,1439,1610,763,370,393,
26700,3052,1516,1536,5339,2602,2737,6102,2948,3154,5339,2583,2756,3051,1440,1611,763,370,393,
26705,3052,1516,1536,5340,2603,2737,6103,2948,3155,5340,2584,2756,3052,1440,1612,763,370,393,
26710,3052,1516,1536,5342,2604,2738,6104,2949,3155,5341,2584,2757,3052,1440,1612,763,370,393,
26715,3053,1516,1537,5343,2604,2739,6106,2949,3157,5342,2584,2758,3052,1440,1612,763,370,393,
26720,3054,1516,1538,5343,2604,2739,6106,2949,3157,5343,2585,2758,3052,1440,1612,763,370,393,
26725,3055,1516,1539,5345,2606,2739,6109,2951,3158,5344,2585,2759,3053,1440,1613,763,370,393,
26730,3055,1516,1539,5346,2607,2739,6109,2951,3158,5345,2586,2759,3053,1440,1613,764,370,394,
26735,3056,1517,1539,5346,2607,2739,6110,2951,3159,5346,2586,2760,3055,1441,1614,764,370,394,
26740,3056,1517,1539,5347,2607,2740,6111,2951,3160,5347,2587,2760,3056,1441,1615,764,370,394,
26745,3056,1517,1539,5349,2608,2741,6112,2951,3161,5348,2588,2760,3056,1441,1615,764,370,394,
26750,3057,1517,1540,5350,2609,2741,6114,2951,3163,5349,2588,2761,3056,1441,1615,764,370,394,
26755,3058,1517,1541,5350,2609,2741,6114,2951,3163,5350,2589,2761,3056,1441,1615,764,370,394,
26760,3059,1517,1542,5352,2610,2742,6117,2953,3164,5351,2590,2761,3057,1441,1616,764,370,394,
26765,3059,1517,1542,5353,2610,2743,6117,2953,3164,5352,2590,2762,3057,1441,1616,765,371,394,
26770,3060,1518,1542,5353,2610,2743,6118,2953,3165,5353,2591,2762,3059,1442,1617,765,371,394,
26775,3060,1518,1542,5354,2611,2743,6119,2954,3165,5354,2591,2763,3060,1442,1618,765,371,394,
26780,3060,1518,1542,5356,2611,2745,6120,2955,3165,5355,2592,2763,3060,1442,1618,765,371,394,
26785,3061,1519,1542,5357,2612,2745,6122,2956,3166,5356,2592,2764,3060,1442,1618,765,371,394,
26790,3062,1519,1543,5357,2612,2745,6122,2956,3166,5357,2593,2764,3060,1442,1618,765,371,394,
26795,3063,1519,1544,5359,2613,2746,6125,2956,3169,5358,2594,2764,3061,1442,1619,765,371,394,
26800,3063,1519,1544,5360,2613,2747,6125,2956,3169,5359,2594,2765,3061,1442,1619,766,371,395,
26805,3064,1520,1544,5360,2613,2747,6126,2957,3169,5360,2595,2765,3063,1442,1621,766,371,395,
26810,3064,1520,1544,5361,2613,2748,6127,2957,3170,5361,2596,2765,3064,1443,1621,766,371,395,
26815,3064,1520,1544,5363,2613,2750,6128,2957,3171,5362,2596,2766,3064,1443,1621,766,371,395,
26820,3065,1521,1544,5364,2614,2750,6130,2958,3172,5363,2596,2767,3064,1443,1621,766,371,395,
26825,3066,1521,1545,5364,2614,2750,6130,2958,3172,5364,2596,2768,3064,1443,1621,766,371,395,
26830,3067,1521,1546,5366,2615,2751,6133,2958,3175,5365,2597,2768,3065,1444,1621,766,371,395,
26835,3067,1521,1546,5367,2615,2752,6133,2958,3175,5366,2597,2769,3065,1444,1621,767,372,395,
26840,3068,1521,1547,5367,2615,2752,6134,2958,3176,5367,2597,2770,3067,1444,1623,767,372,395,
26845,3068,1521,1547,5368,2615,2753,6135,2958,3177,5368,2598,2770,3068,1444,1624,767,372,395,
26850,3068,1521,1547,5370,2615,2755,6136,2958,3178,5369,2598,2771,3068,1444,1624,767,372,395,
26855,3069,1522,1547,5371,2616,2755,6138,2959,3179,5370,2598,2772,3068,1444,1624,767,372,395,
26860,3070,1522,1548,5371,2616,2755,6138,2959,3179,5371,2598,2773,3068,1444,1624,767,372,395,
26865,3071,1523,1548,5373,2616,2757,6141,2960,3181,5372,2598,2774,3069,1445,1624,767,372,395,
26870,3071,1523,1548,5374,2617,2757,6141,2960,3181,5373,2599,2774,3069,1445,1624,768,372,396,
26875,3072,1523,1549,5374,2617,2757,6142,2961,3181,5374,2599,2775,3071,1446,1625,768,372,396,
26880,3072,1523,1549,5375,2618,2757,6143,2962,3181,5375,2600,2775,3072,1446,1626,768,372,396,
26885,3072,1523,1549,5377,2619,2758,6144,2962,3182,5376,2601,2775,3072,1446,1626,768,372,396,
26890,3073,1523,1550,5378,2620,2758,6146,2964,3182,5377,2602,2775,3072,1446,1626,768,372,396,
26895,3074,1524,1550,5378,2620,2758,6146,2964,3182,5378,2603,2775,3072,1446,1626,768,372,396,
26900,3075,1524,1551,5380,2622,2758,6149,2965,3184,5379,2604,2775,3073,1447,1626,768,372,396,
26905,3075,1524,1551,5381,2623,2758,6149,2965,3184,5380,2604,2776,3073,1447,1626,769,372,397,
26910,3076,1525,1551,5381,2623,2758,6150,2965,3185,5381,2604,2777,3075,1448,1627,769,372,397,
26915,3076,1525,1551,5382,2624,2758,6151,2966,3185,5382,2605,2777,3076,1449,1627,769,372,397,
26920,3076,1525,1551,5384,2626,2758,6152,2967,3185,5383,2605,2778,3076,1449,1627,769,372,397,
26925,3077,1525,1552,5385,2627,2758,6154,2968,3186,5384,2605,2779,3076,1449,1627,769,372,397,
26930,3078,1525,1553,5385,2627,2758,6154,2968,3186,5385,2605,2780,3076,1449,1627,769,372,397,
26935,3079,1526,1553,5387,2628,2759,6157,2970,3187,5386,2605,2781,3077,1450,1627,769,372,397,
26940,3079,1526,1553,5388,2628,2760,6157,2970,3187,5387,2606,2781,3077,1450,1627,770,372,398,
26945,3080,1527,1553,5388,2628,2760,6158,2971,3187,5388,2607,2781,3079,1451,1628,770,372,398,
26950,3080,1527,1553,5389,2629,2760,6159,2971,3188,5389,2607,2782,3080,1452,1628,770,372,398,
26955,3080,1527,1553,5391,2631,2760,6160,2971,3189,5390,2607,2783,3080,1452,1628,770,372,398,
26960,3081,1528,1553,5392,2631,2761,6162,2973,3189,5391,2608,2783,3080,1452,1628,770,372,398,
26965,3082,1529,1553,5392,2631,2761,6162,2973,3189,5392,2609,2783,3080,1452,1628,770,372,398,
26970,3083,1529,1554,5394,2633,2761,6165,2976,3189,5393,2609,2784,3081,1452,1629,770,372,398,
26975,3083,1529,1554,5395,2633,2762,6165,2976,3189,5394,2609,2785,3081,1452,1629,771,372,399,
26980,3084,1529,1555,5395,2633,2762,6166,2976,3190,5395,2610,2785,3083,1452,1631,771,372,399,
26985,3084,1529,1555,5396,2633,2763,6167,2977,3190,5396,2611,2785,3084,1452,1632,771,372,399,
26990,3084,1529,1555,5398,2634,2764,6168,2978,3190,5397,2612,2785,3084,1452,1632,771,372,399,
26995,3085,1530,1555,5399,2635,2764,6170,2979,3191,5398,2613,2785,3084,1452,1632,771,372,399,
27000,3086,1531,1555,5399,2635,2764,6170,2979,3191,5399,2614,2785,3084,1452,1632,771,372,399,
27005,3087,1532,1555,5401,2636,2765,6173,2980,3193,5400,2614,2786,3085,1452,1633,771,372,399,
27010,3087,1532,1555,5402,2637,2765,6173,2980,3193,5401,2614,2787,3085,1452,1633,772,373,399,
27015,3088,1533,1555,5402,2637,2765,6174,2981,3193,5402,2614,2788,3087,1454,1633,772,373,399,
27020,3088,1533,1555,5403,2637,2766,6175,2982,3193,5403,2614,2789,3088,1454,1634,772,373,399,
27025,3088,1533,1555,5405,2639,2766,6176,2982,3194,5404,2614,2790,3088,1454,1634,772,373,399,
27030,3089,1534,1555,5406,2640,2766,6178,2984,3194,5405,2614,2791,3088,1454,1634,772,373,399,
27035,3090,1535,1555,5406,2640,2766,6178,2984,3194,5406,2614,2792,3088,1454,1634,772,373,399,
27040,3091,1535,1556,5408,2641,2767,6181,2987,3194,5407,2614,2793,3089,1454,1635,772,373,399,
27045,3091,1535,1556,5409,2641,2768,6181,2987,3194,5408,2614,2794,3089,1454,1635,773,374,399,
27050,3092,1536,1556,5409,2641,2768,6182,2987,3195,5409,2614,2795,3091,1455,1636,773,374,399,
27055,3092,1536,1556,5410,2641,2769,6183,2988,3195,5410,2614,2796,3092,1456,1636,773,374,399,
27060,3092,1536,1556,5412,2641,2771,6184,2988,3196,5411,2615,2796,3092,1456,1636,773,374,399,
27065,3093,1536,1557,5413,2642,2771,6186,2989,3197,5412,2615,2797,3092,1456,1636,773,374,399,
27070,3094,1536,1558,5413,2642,2771,6186,2989,3197,5413,2615,2798,3092,1456,1636,773,374,399,
27075,3095,1536,1559,5415,2643,2772,6189,2990,3199,5414,2616,2798,3093,1456,1637,773,374,399,
27080,3095,1536,1559,5416,2643,2773,6189,2990,3199,5415,2617,2798,3093,1456,1637,774,375,399,
27085,3096,1537,1559,5416,2643,2773,6190,2991,3199,5416,2618,2798,3095,1458,1637,774,375,399,
27090,3096,1537,1559,5417,2644,2773,6191,2991,3200,5417,2619,2798,3096,1459,1637,774,375,399,
27095,3096,1537,1559,5419,2645,2774,6192,2992,3200,5418,2619,2799,3096,1459,1637,774,375,399,
27100,3097,1538,1559,5420,2646,2774,6194,2994,3200,5419,2619,2800,3096,1459,1637,774,375,399,
27105,3098,1538,1560,5420,2646,2774,6194,2994,3200,5420,2619,2801,3096,1459,1637,774,375,399,
27110,3099,1539,1560,5422,2647,2775,6197,2995,3202,5421,2619,2802,3097,1459,1638,774,375,399,
27115,3099,1539,1560,5423,2647,2776,6197,2995,3202,5422,2619,2803,3097,1459,1638,775,375,400,
27120,3100,1539,1561,5423,2647,2776,6198,2996,3202,5423,2619,2804,3099,1461,1638,775,375,400,
27125,3100,1539,1561,5424,2648,2776,6199,2996,3203,5424,2620,2804,3100,1462,1638,775,375,400,
27130,3100,1539,1561,5426,2649,2777,6200,2996,3204,5425,2621,2804,3100,1462,1638,775,375,400,
27135,3101,1540,1561,5427,2649,2778,6202,2998,3204,5426,2621,2805,3100,1462,1638,775,375,400,
27140,3102,1541,1561,5427,2649,2778,6202,2998,3204,5427,2622,2805,3100,1462,1638,775,375,400,
27145,3103,1542,1561,5429,2651,2778,6205,2999,3206,5428,2623,2805,3101,1463,1638,775,375,400,
27150,3103,1542,1561,5430,2652,2778,6205,2999,3206,5429,2624,2805,3101,1463,1638,776,376,400,
27155,3104,1542,1562,5430,2652,2778,6206,2999,3207,5430,2624,2806,3103,1464,1639,776,376,400,
27160,3104,1542,1562,5431,2653,2778,6207,3000,3207,5431,2624,2807,3104,1464,1640,776,376,400,
27165,3104,1542,1562,5433,2654,2779,6208,3000,3208,5432,2624,2808,3104,1464,1640,776,376,400,
27170,3105,1542,1563,5434,2654,2780,6210,3000,3210,5433,2624,2809,3104,1464,1640,776,376,400,
27175,3106,1543,1563,5434,2654,2780,6210,3000,3210,5434,2624,2810,3104,1464,1640,776,376,400,
27180,3107,1544,1563,5436,2654,2782,6213,3001,3212,5435,2625,2810,3105,1464,1641,776,376,400,
27185,3107,1544,1563,5437,2654,2783,6213,3001,3212,5436,2626,2810,3105,1464,1641,777,376,401,
27190,3108,1545,1563,5437,2654,2783,6214,3001,3213,5437,2626,2811,3107,1464,1643,777,376,401,
27195,3108,1545,1563,5438,2655,2783,6215,3001,3214,5438,2627,2811,3108,1465,1643,777,376,401,
27200,3108,1545,1563,5440,2655,2785,6216,3002,3214,5439,2627,2812,3108,1465,1643,777,376,401,
27205,3109,1545,1564,5441,2656,2785,6218,3003,3215,5440,2627,2813,3108,1465,1643,777,376,401,
27210,3110,1546,1564,5441,2656,2785,6218,3003,3215,5441,2628,2813,3108,1465,1643,777,376,401,
27215,3111,1547,1564,5443,2658,2785,6221,3003,3218,5442,2628,2814,3109,1465,1644,777,376,401,
27220,3111,1547,1564,5444,2658,2786,6221,3003,3218,5443,2629,2814,3109,1465,1644,778,376,402,
27225,3112,1548,1564,5444,2658,2786,6222,3003,3219,5444,2629,2815,3111,1467,1644,778,376,402,
27230,3112,1548,1564,5445,2658,2787,6223,3004,3219,5445,2629,2816,3112,1467,1645,778,376,402,
27235,3112,1548,1564,5447,2659,2788,6224,3005,3219,5446,2629,2817,3112,1467,1645,778,376,402,
27240,3113,1548,1565,5448,2659,2789,6226,3005,3221,5447,2630,2817,3112,1467,1645,778,376,402,
27245,3114,1549,1565,5448,2659,2789,6226,3005,3221,5448,2630,2818,3112,1467,1645,778,376,402,
27250,3115,1550,1565,5450,2660,2790,6229,3006,3223,5449,2630,2819,3113,1468,1645,778,376,402,
27255,3115,1550,1565,5451,2660,2791,6229,3006,3223,5450,2630,2820,3113,1468,1645,779,376,403,
27260,3116,1550,1566,5451,2660,2791,6230,3007,3223,5451,2631,2820,3115,1469,1646,779,376,403,
27265,3116,1550,1566,5452,2660,2792,6231,3007,3224,5452,2631,2821,3116,1470,1646,779,376,403,
27270,3116,1550,1566,5454,2661,2793,6232,3008,3224,5453,2631,2822,3116,1470,1646,779,376,403,
27275,3117,1550,1567,5455,2661,2794,6234,3009,3225,5454,2631,2823,3116,1470,1646,779,376,403,
27280,3118,1551,1567,5455,2661,2794,6234,3009,3225,5455,2631,2824,3116,1470,1646,779,376,403,
27285,3119,1551,1568,5457,2661,2796,6237,3010,3227,5456,2632,2824,3117,1470,1647,779,376,403,
27290,3119,1551,1568,5458,2661,2797,6237,3010,3227,5457,2632,2825,3117,1470,1647,780,376,404,
27295,3120,1552,1568,5458,2661,2797,6238,3010,3228,5458,2633,2825,3119,1470,1649,780,376,404,
27300,3120,1552,1568,5459,2662,2797,6239,3010,3229,5459,2634,2825,3120,1471,1649,780,376,404,
27305,3120,1552,1568,5461,2663,2798,6240,3011,3229,5460,2634,2826,3120,1471,1649,780,376,404,
27310,3121,1552,1569,5462,2664,2798,6242,3011,3231,5461,2634,2827,3120,1471,1649,780,376,404,
27315,3122,1553,1569,5462,2664,2798,6242,3011,3231,5462,2635,2827,3120,1471,1649,780,376,404,
27320,3123,1553,1570,5464,2666,2798,6245,3013,3232,5463,2636,2827,3121,1471,1650,780,376,404,
27325,3123,1553,1570,5465,2666,2799,6245,3013,3232,5464,2637,2827,3121,1471,1650,781,376,405,
27330,3124,1553,1571,5465,2666,2799,6246,3013,3233,5465,2637,2828,3123,1471,1652,781,376,405,
27335,3124,1553,1571,5466,2666,2800,6247,3014,3233,5466,2638,2828,3124,1471,1653,781,376,405,
27340,3124,1553,1571,5468,2668,2800,6248,3015,3233,5467,2638,2829,3124,1471,1653,781,376,405,
27345,3125,1553,1572,5469,2669,2800,6250,3016,3234,5468,2639,2829,3124,1471,1653,781,376,405,
27350,3126,1553,1573,5469,2669,2800,6250,3016,3234,5469,2640,2829,3124,1471,1653,781,376,405,
27355,3127,1553,1574,5471,2669,2802,6253,3017,3236,5470,2641,2829,3125,1472,1653,781,376,405,
27360,3127,1553,1574,5472,2669,2803,6253,3017,3236,5471,2642,2829,3125,1472,1653,782,376,406,
27365,3128,1553,1575,5472,2669,2803,6254,3017,3237,5472,2642,2830,3127,1472,1655,782,376,406,
27370,3128,1553,1575,5473,2670,2803,6255,3018,3237,5473,2642,2831,3128,1473,1655,782,376,406,
27375,3128,1553,1575,5475,2670,2805,6256,3018,3238,5474,2643,2831,3128,1473,1655,782,376,406,
27380,3129,1554,1575,5476,2671,2805,6258,3019,3239,5475,2643,2832,3128,1473,1655,782,376,406,
27385,3130,1555,1575,5476,2671,2805,6258,3019,3239,5476,2643,2833,3128,1473,1655,782,376,406,
27390,3131,1556,1575,5478,2671,2807,6261,3020,3241,5477,2644,2833,3129,1474,1655,782,376,406,
27395,3131,1556,1575,5479,2671,2808,6261,3020,3241,5478,2644,2834,3129,1474,1655,783,377,406,
27400,3132,1557,1575,5479,2671,2808,6262,3020,3242,5479,2644,2835,3131,1475,1656,783,377,406,
27405,3132,1557,1575,5480,2672,2808,6263,3021,3242,5480,2645,2835,3132,1476,1656,783,377,406,
27410,3132,1557,1575,5482,2672,2810,6264,3021,3243,5481,2645,2836,3132,1476,1656,783,377,406,
27415,3133,1558,1575,5483,2673,2810,6266,3022,3244,5482,2645,2837,3132,1476,1656,783,377,406,
27420,3134,1558,1576,5483,2673,2810,6266,3022,3244,5483,2645,2838,3132,1476,1656,783,377,406,
27425,3135,1558,1577,5485,2673,2812,6269,3025,3244,5484,2645,2839,3133,1476,1657,783,377,406,
27430,3135,1558,1577,5486,2673,2813,6269,3025,3244,5485,2645,2840,3133,1476,1657,784,377,407,
27435,3136,1559,1577,5486,2673,2813,6270,3025,3245,5486,2646,2840,3135,1478,1657,784,377,407,
27440,3136,1559,1577,5487,2673,2814,6271,3026,3245,5487,2647,2840,3136,1479,1657,784,377,407,
27445,3136,1559,1577,5489,2674,2815,6272,3027,3245,5488,2648,2840,3136,1479,1657,784,377,407,
27450,3137,1560,1577,5490,2674,2816,6274,3029,3245,5489,2648,2841,3136,1479,1657,784,377,407,
27455,3138,1560,1578,5490,2674,2816,6274,3029,3245,5490,2648,2842,3136,1479,1657,784,377,407,
27460,3139,1560,1579,5492,2675,2817,6277,3031,3246,5491,2649,2842,3137,1479,1658,784,377,407,
27465,3139,1560,1579,5493,2676,2817,6277,3031,3246,5492,2649,2843,3137,1479,1658,785,378,407,
27470,3140,1560,1580,5493,2676,2817,6278,3032,3246,5493,2649,2844,3139,1481,1658,785,378,407,
27475,3140,1560,1580,5494,2677,2817,6279,3033,3246,5494,2649,2845,3140,1482,1658,785,378,407,
27480,3140,1560,1580,5496,2679,2817,6280,3034,3246,5495,2649,2846,3140,1482,1658,785,378,407,
27485,3141,1560,1581,5497,2680,2817,6282,3035,3247,5496,2649,2847,3140,1482,1658,785,378,407,
27490,3142,1560,1582,5497,2680,2817,6282,3035,3247,5497,2650,2847,3140,1482,1658,785,378,407,
27495,3143,1560,1583,5499,2681,2818,6285,3035,3250,5498,2651,2847,3141,1483,1658,785,378,407,
27500,3143,1560,1583,5500,2681,2819,6285,3035,3250,5499,2651,2848,3141,1483,1658,786,378,408,
27505,3144,1560,1584,5500,2681,2819,6286,3036,3250,5500,2652,2848,3143,1484,1659,786,378,408,
27510,3144,1560,1584,5501,2681,2820,6287,3037,3250,5501,2653,2848,3144,1484,1660,786,378,408,
27515,3144,1560,1584,5503,2683,2820,6288,3037,3251,5502,2654,2848,3144,1484,1660,786,378,408,
27520,3145,1561,1584,5504,2684,2820,6290,3038,3252,5503,2654,2849,3144,1484,1660,786,378,408,
27525,3146,1562,1584,5504,2684,2820,6290,3038,3252,5504,2654,2850,3144,1484,1660,786,378,408,
27530,3147,1563,1584,5506,2685,2821,6293,3040,3253,5505,2655,2850,3145,1485,1660,786,378,408,
27535,3147,1563,1584,5507,2686,2821,6293,3040,3253,5506,2655,2851,3145,1485,1660,787,379,408,
27540,3148,1564,1584,5507,2686,2821,6294,3040,3254,5507,2655,2852,3147,1486,1661,787,379,408,
27545,3148,1564,1584,5508,2686,2822,6295,3041,3254,5508,2655,2853,3148,1487,1661,787,379,408,
27550,3148,1564,1584,5510,2688,2822,6296,3042,3254,5509,2656,2853,3148,1487,1661,787,379,408,
27555,3149,1564,1585,5511,2689,2822,6298,3043,3255,5510,2656,2854,3148,1487,1661,787,379,408,
27560,3150,1564,1586,5511,2689,2822,6298,3043,3255,5511,2656,2855,3148,1487,1661,787,379,408,
27565,3151,1564,1587,5513,2690,2823,6301,3043,3258,5512,2656,2856,3149,1487,1662,787,379,408,
27570,3151,1564,1587,5514,2691,2823,6301,3043,3258,5513,2656,2857,3149,1487,1662,788,380,408,
27575,3152,1564,1588,5514,2691,2823,6302,3043,3259,5514,2656,2858,3151,1488,1663,788,380,408,
27580,3152,1564,1588,5515,2691,2824,6303,3044,3259,5515,2656,2859,3152,1489,1663,788,380,408,
27585,3152,1564,1588,5517,2691,2826,6304,3044,3260,5516,2656,2860,3152,1489,1663,788,380,408,
27590,3153,1565,1588,5518,2692,2826,6306,3044,3262,5517,2657,2860,3152,1489,1663,788,380,408,
27595,3154,1565,1589,5518,2692,2826,6306,3044,3262,5518,2657,2861,3152,1489,1663,788,380,408,
27600,3155,1566,1589,5520,2693,2827,6309,3045,3264,5519,2658,2861,3153,1489,1664,788,380,408,
27605,3155,1566,1589,5521,2693,2828,6309,3045,3264,5520,2659,2861,3153,1489,1664,789,380,409,
27610,3156,1566,1590,5521,2693,2828,6310,3045,3265,5521,2659,2862,3155,1491,1664,789,380,409,
27615,3156,1566,1590,5522,2694,2828,6311,3045,3266,5522,2660,2862,3156,1491,1665,789,380,409,
27620,3156,1566,1590,5524,2695,2829,6312,3045,3267,5523,2661,2862,3156,1491,1665,789,380,409,
27625,3157,1566,1591,5525,2696,2829,6314,3046,3268,5524,2661,2863,3156,1491,1665,789,380,409,
27630,3158,1567,1591,5525,2696,2829,6314,3046,3268,5525,2661,2864,3156,1491,1665,789,380,409,
27635,3159,1568,1591,5527,2697,2830,6317,3048,3269,5526,2661,2865,3157,1492,1665,789,380,409,
27640,3159,1568,1591,5528,2697,2831,6317,3048,3269,5527,2661,2866,3157,1492,1665,790,380,410,
27645,3160,1568,1592,5528,2697,2831,6318,3048,3270,5528,2661,2867,3159,1493,1666,790,380,410,
27650,3160,1568,1592,5529,2698,2831,6319,3048,3271,5529,2661,2868,3160,1493,1667,790,380,410,
27655,3160,1568,1592,5531,2700,2831,6320,3049,3271,5530,2662,2868,3160,1493,1667,790,380,410,
27660,3161,1569,1592,5532,2700,2832,6322,3051,3271,5531,2662,2869,3160,1493,1667,790,380,410,
27665,3162,1569,1593,5532,2700,2832,6322,3051,3271,5532,2663,2869,3160,1493,1667,790,380,410,
27670,3163,1570,1593,5534,2702,2832,6325,3053,3272,5533,2664,2869,3161,1494,1667,790,380,410,
27675,3163,1570,1593,5535,2702,2833,6325,3053,3272,5534,2665,2869,3161,1494,1667,791,380,411,
27680,3164,1570,1594,5535,2702,2833,6326,3053,3273,5535,2666,2869,3163,1495,1668,791,380,411,
27685,3164,1570,1594,5536,2703,2833,6327,3054,3273,5536,2666,2870,3164,1496,1668,791,380,411,
27690,3164,1570,1594,5538,2703,2835,6328,3054,3274,5537,2666,2871,3164,1496,1668,791,380,411,
27695,3165,1571,1594,5539,2703,2836,6330,3056,3274,5538,2667,2871,3164,1496,1668,791,380,411,
27700,3166,1572,1594,5539,2703,2836,6330,3056,3274,5539,2667,2872,3164,1496,1668,791,380,411,
27705,3167,1572,1595,5541,2704,2837,6333,3058,3275,5540,2667,2873,3165,1497,1668,791,380,411,
27710,3167,1572,1595,5542,2705,2837,6333,3058,3275,5541,2668,2873,3165,1497,1668,792,380,412,
27715,3168,1573,1595,5542,2705,2837,6334,3058,3276,5542,2669,2873,3167,1498,1669,792,380,412,
27720,3168,1573,1595,5543,2706,2837,6335,3058,3277,5543,2670,2873,3168,1499,1669,792,380,412,
27725,3168,1573,1595,5545,2706,2839,6336,3058,3278,5544,2670,2874,3168,1499,1669,792,380,412,
27730,3169,1574,1595,5546,2707,2839,6338,3059,3279,5545,2671,2874,3168,1499,1669,792,380,412,
27735,3170,1574,1596,5546,2707,2839,6338,3059,3279,5546,2672,2874,3168,1499,1669,792,380,412,
27740,3171,1575,1596,5548,2707,2841,6341,3059,3282,5547,2672,2875,3169,1499,1670,792,380,412,
27745,3171,1575,1596,5549,2708,2841,6341,3059,3282,5548,2672,2876,3169,1499,1670,793,381,412,
27750,3172,1576,1596,5549,2708,2841,6342,3059,3283,5549,2672,2877,3171,1500,1671,793,381,412,
27755,3172,1576,1596,5550,2709,2841,6343,3059,3284,5550,2673,2877,3172,1500,1672,793,381,412,
27760,3172,1576,1596,5552,2710,2842,6344,3059,3285,5551,2674,2877,3172,1500,1672,793,381,412,
27765,3173,1577,1596,5553,2711,2842,6346,3059,3287,5552,2674,2878,3172,1500,1672,793,381,412,
27770,3174,1577,1597,5553,2711,2842,6346,3059,3287,5553,2675,2878,3172,1500,1672,793,381,412,
27775,3175,1577,1598,5555,2711,2844,6349,3060,3289,5554,2675,2879,3173,1501,1672,793,381,412,
27780,3175,1577,1598,5556,2712,2844,6349,3060,3289,5555,2675,2880,3173,1501,1672,794,382,412,
27785,3176,1577,1599,5556,2712,2844,6350,3060,3290,5556,2675,2881,3175,1501,1674,794,382,412,
27790,3176,1577,1599,5557,2713,2844,6351,3060,3291,5557,2676,2881,3176,1502,1674,794,382,412,
27795,3176,1577,1599,5559,2715,2844,6352,3060,3292,5558,2676,2882,3176,1502,1674,794,382,412,
27800,3177,1577,1600,5560,2715,2845,6354,3061,3293,5559,2677,2882,3176,1502,1674,794,382,412,
27805,3178,1578,1600,5560,2715,2845,6354,3061,3293,5560,2677,2883,3176,1502,1674,794,382,412,
27810,3179,1579,1600,5562,2716,2846,6357,3062,3295,5561,2677,2884,3177,1502,1675,794,382,412,
27815,3179,1579,1600,5563,2716,2847,6357,3062,3295,5562,2677,2885,3177,1502,1675,795,382,413,
27820,3180,1580,1600,5563,2716,2847,6358,3062,3296,5563,2677,2886,3179,1502,1677,795,382,413,
27825,3180,1580,1600,5564,2716,2848,6359,3063,3296,5564,2678,2886,3180,1502,1678,795,382,413,
27830,3180,1580,1600,5566,2717,2849,6360,3064,3296,5565,2678,2887,3180,1502,1678,795,382,413,
27835,3181,1581,1600,5567,2717,2850,6362,3066,3296,5566,2679,2887,3180,1502,1678,795,382,413,
27840,3182,1582,1600,5567,2717,2850,6362,3066,3296,5567,2679,2888,3180,1502,1678,795,382,413,
27845,3183,1583,1600,5569,2718,2851,6365,3067,3298,5568,2679,2889,3181,1502,1679,795,382,413,
27850,3183,1583,1600,5570,2718,2852,6365,3067,3298,5569,2679,2890,3181,1502,1679,796,382,414,
27855,3184,1584,1600,5570,2718,2852,6366,3067,3299,5570,2679,2891,3183,1502,1681,796,382,414,
27860,3184,1584,1600,5571,2718,2853,6367,3068,3299,5571,2680,2891,3184,1503,1681,796,382,414,
27865,3184,1584,1600,5573,2718,2855,6368,3068,3300,5572,2680,2892,3184,1503,1681,796,382,414,
27870,3185,1584,1601,5574,2718,2856,6370,3070,3300,5573,2680,2893,3184,1503,1681,796,382,414,
27875,3186,1584,1602,5574,2718,2856,6370,3070,3300,5574,2681,2893,3184,1503,1681,796,382,414,
27880,3187,1584,1603,5576,2720,2856,6373,3071,3302,5575,2681,2894,3185,1503,1682,796,382,414,
27885,3187,1584,1603,5577,2721,2856,6373,3071,3302,5576,2681,2895,3185,1503,1682,797,383,414,
27890,3188,1585,1603,5577,2721,2856,6374,3072,3302,5577,2682,2895,3187,1505,1682,797,383,414,
27895,3188,1585,1603,5578,2722,2856,6375,3073,3302,5578,2683,2895,3188,1505,1683,797,383,414,
27900,3188,1585,1603,5580,2723,2857,6376,3073,3303,5579,2684,2895,3188,1505,1683,797,383,414,
27905,3189,1585,1604,5581,2724,2857,6378,3074,3304,5580,2684,2896,3188,1505,1683,797,383,414,
27910,3190,1585,1605,5581,2724,2857,6378,3074,3304,5581,2685,2896,3188,1505,1683,797,383,414,
27915,3191,1586,1605,5583,2726,2857,6381,3076,3305,5582,2685,2897,3189,1505,1684,797,383,414,
27920,3191,1586,1605,5584,2726,2858,6381,3076,3305,5583,2686,2897,3189,1505,1684,798,383,415,
27925,3192,1587,1605,5584,2726,2858,6382,3077,3305,5584,2686,2898,3191,1506,1685,798,383,415,
27930,3192,1587,1605,5585,2726,2859,6383,3077,3306,5585,2687,2898,3192,1507,1685,798,383,415,
27935,3192,1587,1605,5587,2728,2859,6384,3077,3307,5586,2687,2899,3192,1507,1685,798,383,415,
27940,3193,1588,1605,5588,2728,2860,6386,3077,3309,5587,2687,2900,3192,1507,1685,798,383,415,
27945,3194,1589,1605,5588,2728,2860,6386,3077,3309,5588,2687,2901,3192,1507,1685,798,383,415,
27950,3195,1590,1605,5590,2729,2861,6389,3080,3309,5589,2688,2901,3193,1507,1686,798,383,415,
27955,3195,1590,1605,5591,2730,2861,6389,3080,3309,5590,2688,2902,3193,1507,1686,799,384,415,
27960,3196,1590,1606,5591,2730,2861,6390,3080,3310,5591,2689,2902,3195,1508,1687,799,384,415,
27965,3196,1590,1606,5592,2730,2862,6391,3081,3310,5592,2689,2903,3196,1508,1688,799,384,415,
27970,3196,1590,1606,5594,2730,2864,6392,3081,3311,5593,2689,2904,3196,1508,1688,799,384,415,
27975,3197,1590,1607,5595,2730,2865,6394,3083,3311,5594,2689,2905,3196,1508,1688,799,384,415,
27980,3198,1591,1607,5595,2730,2865,6394,3083,3311,5595,2690,2905,3196,1508,1688,799,384,415,
27985,3199,1592,1607,5597,2731,2866,6397,3085,3312,5596,2690,2906,3197,1509,1688,799,384,415,
27990,3199,1592,1607,5598,2732,2866,6397,3085,3312,5597,2691,2906,3197,1509,1688,800,385,415,
27995,3200,1592,1608,5598,2732,2866,6398,3086,3312,5598,2692,2906,3199,1510,1689,800,385,415,
28000,3200,1592,1608,5599,2733,2866,6399,3086,3313,5599,2693,2906,3200,1510,1690,800,385,415,
28005,3200,1592,1608,5601,2734,2867,6400,3086,3314,5600,2694,2906,3200,1510,1690,800,385,415,
28010,3201,1592,1609,5602,2735,2867,6402,3087,3315,5601,2694,2907,3200,1510,1690,800,385,415,
28015,3202,1593,1609,5602,2735,2867,6402,3087,3315,5602,2694,2908,3200,1510,1690,800,385,415,
28020,3203,1594,1609,5604,2737,2867,6405,3088,3317,5603,2695,2908,3201,1510,1691,800,385,415,
28025,3203,1594,1609,5605,2737,2868,6405,3088,3317,5604,2696,2908,3201,1510,1691,801,386,415,
28030,3204,1594,1610,5605,2737,2868,6406,3089,3317,5605,2696,2909,3203,1511,1692,801,386,415,
28035,3204,1594,1610,5606,2737,2869,6407,3090,3317,5606,2697,2909,3204,1511,1693,801,386,415,
28040,3204,1594,1610,5608,2739,2869,6408,3091,3317,5607,2697,2910,3204,1511,1693,801,386,415,
28045,3205,1594,1611,5609,2739,2870,6410,3093,3317,5608,2698,2910,3204,1511,1693,801,386,415,
28050,3206,1595,1611,5609,2739,2870,6410,3093,3317,5609,2698,2911,3204,1511,1693,801,386,415,
28055,3207,1595,1612,5611,2740,2871,6413,3095,3318,5610,2699,2911,3205,1511,1694,801,386,415,
28060,3207,1595,1612,5612,2741,2871,6413,3095,3318,5611,2700,2911,3205,1511,1694,802,387,415,
28065,3208,1595,1613,5612,2741,2871,6414,3095,3319,5612,2700,2912,3207,1513,1694,802,387,415,
28070,3208,1595,1613,5613,2741,2872,6415,3095,3320,5613,2700,2913,3208,1513,1695,802,387,415,
28075,3208,1595,1613,5615,2742,2873,6416,3096,3320,5614,2701,2913,3208,1513,1695,802,387,415,
28080,3209,1595,1614,5616,2743,2873,6418,3098,3320,5615,2702,2913,3208,1513,1695,802,387,415,
28085,3210,1596,1614,5616,2743,2873,6418,3098,3320,5616,2702,2914,3208,1513,1695,802,387,415,
28090,3211,1596,1615,5618,2744,2874,6421,3099,3322,5617,2702,2915,3209,1513,1696,802,387,415,
28095,3211,1596,1615,5619,2744,2875,6421,3099,3322,5618,2702,2916,3209,1513,1696,803,387,416,
28100,3212,1596,1616,5619,2744,2875,6422,3099,3323,5619,2702,2917,3211,1514,1697,803,387,416,
28105,3212,1596,1616,5620,2745,2875,6423,3100,3323,5620,2702,2918,3212,1515,1697,803,387,416,
28110,3212,1596,1616,5622,2746,2876,6424,3100,3324,5621,2702,2919,3212,1515,1697,803,387,416,
28115,3213,1596,1617,5623,2747,2876,6426,3100,3326,5622,2702,2920,3212,1515,1697,803,387,416,
28120,3214,1596,1618,5623,2747,2876,6426,3100,3326,5623,2703,2920,3212,1515,1697,803,387,416,
28125,3215,1597,1618,5625,2748,2877,6429,3102,3327,5624,2704,2920,3213,1516,1697,803,387,416,
28130,3215,1597,1618,5626,2748,2878,6429,3102,3327,5625,2704,2921,3213,1516,1697,804,388,416,
28135,3216,1597,1619,5626,2748,2878,6430,3102,3328,5626,2705,2921,3215,1517,1698,804,388,416,
28140,3216,1597,1619,5627,2748,2879,6431,3102,3329,5627,2706,2921,3216,1518,1698,804,388,416,
28145,3216,1597,1619,5629,2749,2880,6432,3102,3330,5628,2706,2922,3216,1518,1698,804,388,416,
28150,3217,1597,1620,5630,2750,2880,6434,3102,3332,5629,2707,2922,3216,1518,1698,804,388,416,
28155,3218,1597,1621,5630,2750,2880,6434,3102,3332,5630,2707,2923,3216,1518,1698,804,388,416,
28160,3219,1598,1621,5632,2751,2881,6437,3104,3333,5631,2707,2924,3217,1518,1699,804,388,416,
28165,3219,1598,1621,5633,2751,2882,6437,3104,3333,5632,2707,2925,3217,1518,1699,805,389,416,
28170,3220,1598,1622,5633,2751,2882,6438,3104,3334,5633,2708,2925,3219,1519,1700,805,389,416,
28175,3220,1598,1622,5634,2752,2882,6439,3105,3334,5634,2708,2926,3220,1519,1701,805,389,416,
28180,3220,1598,1622,5636,2754,2882,6440,3106,3334,5635,2708,2927,3220,1519,1701,805,389,416,
28185,3221,1599,1622,5637,2755,2882,6442,3107,3335,5636,2708,2928,3220,1519,1701,805,389,416,
28190,3222,1599,1623,5637,2755,2882,6442,3107,3335,5637,2708,2929,3220,1519,1701,805,389,416,
28195,3223,1599,1624,5639,2756,2883,6445,3110,3335,5638,2708,2930,3221,1519,1702,805,389,416,
28200,3223,1599,1624,5640,2756,2884,6445,3110,3335,5639,2709,2930,3221,1519,1702,806,389,417,
28205,3224,1600,1624,5640,2756,2884,6446,3110,3336,5640,2709,2931,3223,1519,1704,806,389,417,
28210,3224,1600,1624,5641,2756,2885,6447,3110,3337,5641,2709,2932,3224,1520,1704,806,389,417,
28215,3224,1600,1624,5643,2757,2886,6448,3110,3338,5642,2710,2932,3224,1520,1704,806,389,417,
28220,3225,1600,1625,5644,2757,2887,6450,3110,3340,5643,2711,2932,3224,1520,1704,806,389,417,
28225,3226,1600,1626,5644,2757,2887,6450,3110,3340,5644,2711,2933,3224,1520,1704,806,389,417,
28230,3227,1600,1627,5646,2758,2888,6453,3110,3343,5645,2711,2934,3225,1521,1704,806,389,417,
28235,3227,1600,1627,5647,2759,2888,6453,3110,3343,5646,2711,2935,3225,1521,1704,807,389,418,
28240,3228,1600,1628,5647,2759,2888,6454,3110,3344,5647,2711,2936,3227,1521,1706,807,389,418,
28245,3228,1600,1628,5648,2759,2889,6455,3110,3345,5648,2711,2937,3228,1522,1706,807,389,418,
28250,3228,1600,1628,5650,2760,2890,6456,3110,3346,5649,2711,2938,3228,1522,1706,807,389,418,
28255,3229,1601,1628,5651,2761,2890,6458,3110,3348,5650,2711,2939,3228,1522,1706,807,389,418,
28260,3230,1602,1628,5651,2761,2890,6458,3110,3348,5651,2711,2940,3228,1522,1706,807,389,418,
28265,3231,1602,1629,5653,2762,2891,6461,3110,3351,5652,2712,2940,3229,1523,1706,807,389,418,
28270,3231,1602,1629,5654,2763,2891,6461,3110,3351,5653,2712,2941,3229,1523,1706,808,389,419,
28275,3232,1602,1630,5654,2763,2891,6462,3111,3351,5654,2712,2942,3231,1525,1706,808,389,419,
28280,3232,1602,1630,5655,2764,2891,6463,3111,3352,5655,2713,2942,3232,1525,1707,808,389,419,
28285,3232,1602,1630,5657,2766,2891,6464,3112,3352,5656,2713,2943,3232,1525,1707,808,389,419,
28290,3233,1602,1631,5658,2767,2891,6466,3113,3353,5657,2713,2944,3232,1525,1707,808,389,419,
28295,3234,1603,1631,5658,2767,2891,6466,3113,3353,5658,2714,2944,3232,1525,1707,808,389,419,
28300,3235,1603,1632,5660,2767,2893,6469,3113,3356,5659,2715,2944,3233,1526,1707,808,389,419,
28305,3235,1603,1632,5661,2767,2894,6469,3113,3356,5660,2716,2944,3233,1526,1707,809,389,420,
28310,3236,1604,1632,5661,2767,2894,6470,3114,3356,5661,2716,2945,3235,1526,1709,809,389,420,
28315,3236,1604,1632,5662,2767,2895,6471,3114,3357,5662,2716,2946,3236,1527,1709,809,389,420,
28320,3236,1604,1632,5664,2769,2895,6472,3115,3357,5663,2716,2947,3236,1527,1709,809,389,420,
28325,3237,1605,1632,5665,2769,2896,6474,3116,3358,5664,2717,2947,3236,1527,1709,809,389,420,
28330,3238,1605,1633,5665,2769,2896,6474,3116,3358,5665,2717,2948,3236,1527,1709,809,389,420,
28335,3239,1606,1633,5667,2771,2896,6477,3118,3359,5666,2717,2949,3237,1527,1710,809,389,420,
28340,3239,1606,1633,5668,2771,2897,6477,3118,3359,5667,2717,2950,3237,1527,1710,810,390,420,
28345,3240,1607,1633,5668,2771,2897,6478,3118,3360,5668,2717,2951,3239,1528,1711,810,390,420,
28350,3240,1607,1633,5669,2771,2898,6479,3119,3360,5669,2717,2952,3240,1529,1711,810,390,420,
28355,3240,1607,1633,5671,2773,2898,6480,3120,3360,5670,2718,2952,3240,1529,1711,810,390,420,
28360,3241,1607,1634,5672,2774,2898,6482,3120,3362,5671,2719,2952,3240,1529,1711,810,390,420,
28365,3242,1608,1634,5672,2774,2898,6482,3120,3362,5672,2720,2952,3240,1529,1711,810,390,420,
28370,3243,1609,1634,5674,2775,2899,6485,3122,3363,5673,2720,2953,3241,1530,1711,810,390,420,
28375,3243,1609,1634,5675,2775,2900,6485,3122,3363,5674,2721,2953,3241,1530,1711,811,390,421,
28380,3244,1609,1635,5675,2775,2900,6486,3122,3364,5675,2722,2953,3243,1531,1712,811,390,421,
28385,3244,1609,1635,5676,2775,2901,6487,3122,3365,5676,2723,2953,3244,1531,1713,811,390,421,
28390,3244,1609,1635,5678,2775,2903,6488,3123,3365,5677,2723,2954,3244,1531,1713,811,390,421,
28395,3245,1610,1635,5679,2775,2904,6490,3124,3366,5678,2724,2954,3244,1531,1713,811,390,421,
28400,3246,1611,1635,5679,2775,2904,6490,3124,3366,5679,2724,2955,3244,1531,1713,811,390,421,
28405,3247,1611,1636,5681,2777,2904,6493,3126,3367,5680,2724,2956,3245,1531,1714,811,390,421,
28410,3247,1611,1636,5682,2778,2904,6493,3126,3367,5681,2725,2956,3245,1531,1714,812,390,422,
28415,3248,1612,1636,5682,2778,2904,6494,3127,3367,5682,2725,2957,3247,1533,1714,812,390,422,
28420,3248,1612,1636,5683,2778,2905,6495,3127,3368,5683,2726,2957,3248,1534,1714,812,390,422,
28425,3248,1612,1636,5685,2779,2906,6496,3127,3369,5684,2727,2957,3248,1534,1714,812,390,422,
28430,3249,1613,1636,5686,2780,2906,6498,3128,3370,5685,2728,2957,3248,1534,1714,812,390,422,
28435,3250,1613,1637,5686,2780,2906,6498,3128,3370,5686,2728,2958,3248,1534,1714,812,390,422,
28440,3251,1613,1638,5688,2781,2907,6501,3128,3373,5687,2729,2958,3249,1535,1714,812,390,422,
28445,3251,1613,1638,5689,2781,2908,6501,3128,3373,5688,2729,2959,3249,1535,1714,813,391,422,
28450,3252,1613,1639,5689,2781,2908,6502,3128,3374,5689,2730,2959,3251,1535,1716,813,391,422,
28455,3252,1613,1639,5690,2782,2908,6503,3128,3375,5690,2730,2960,3252,1536,1716,813,391,422,
28460,3252,1613,1639,5692,2784,2908,6504,3128,3376,5691,2731,2960,3252,1536,1716,813,391,422,
28465,3253,1613,1640,5693,2785,2908,6506,3129,3377,5692,2731,2961,3252,1536,1716,813,391,422,
28470,3254,1613,1641,5693,2785,2908,6506,3129,3377,5693,2731,2962,3252,1536,1716,813,391,422,
28475,3255,1614,1641,5695,2786,2909,6509,3131,3378,5694,2731,2963,3253,1536,1717,813,391,422,
28480,3255,1614,1641,5696,2787,2909,6509,3131,3378,5695,2732,2963,3253,1536,1717,814,391,423,
28485,3256,1614,1642,5696,2787,2909,6510,3132,3378,5696,2733,2963,3255,1537,1718,814,391,423,
28490,3256,1614,1642,5697,2787,2910,6511,3133,3378,5697,2734,2963,3256,1537,1719,814,391,423,
28495,3256,1614,1642,5699,2788,2911,6512,3133,3379,5698,2734,2964,3256,1537,1719,814,391,423,
28500,3257,1614,1643,5700,2789,2911,6514,3134,3380,5699,2734,2965,3256,1537,1719,814,391,423,
28505,3258,1614,1644,5700,2789,2911,6514,3134,3380,5700,2735,2965,3256,1537,1719,814,391,423,
28510,3259,1615,1644,5702,2789,2913,6517,3136,3381,5701,2736,2965,3257,1538,1719,814,391,423,
28515,3259,1615,1644,5703,2789,2914,6517,3136,3381,5702,2737,2965,3257,1538,1719,815,391,424,
28520,3260,1615,1645,5703,2789,2914,6518,3136,3382,5703,2738,2965,3259,1539,1720,815,391,424,
28525,3260,1615,1645,5704,2789,2915,6519,3136,3383,5704,2738,2966,3260,1540,1720,815,391,424,
28530,3260,1615,1645,5706,2790,2916,6520,3137,3383,5705,2738,2967,3260,1540,1720,815,391,424,
28535,3261,1616,1645,5707,2790,2917,6522,3138,3384,5706,2738,2968,3260,1540,1720,815,391,424,
28540,3262,1617,1645,5707,2790,2917,6522,3138,3384,5707,2738,2969,3260,1540,1720,815,391,424,
28545,3263,1618,1645,5709,2791,2918,6525,3140,3385,5708,2739,2969,3261,1540,1721,815,391,424,
28550,3263,1618,1645,5710,2791,2919,6525,3140,3385,5709,2739,2970,3261,1540,1721,816,391,425,
28555,3264,1618,1646,5710,2791,2919,6526,3140,3386,5710,2739,2971,3263,1540,1723,816,391,425,
28560,3264,1618,1646,5711,2791,2920,6527,3140,3387,5711,2740,2971,3264,1541,1723,816,391,425,
28565,3264,1618,1646,5713,2791,2922,6528,3141,3387,5712,2741,2971,3264,1541,1723,816,391,425,
28570,3265,1618,1647,5714,2792,2922,6530,3141,3389,5713,2741,2972,3264,1541,1723,816,391,425,
28575,3266,1619,1647,5714,2792,2922,6530,3141,3389,5714,2741,2973,3264,1541,1723,816,391,425,
28580,3267,1619,1648,5716,2793,2923,6533,3142,3391,5715,2741,2974,3265,1541,1724,816,391,425,
28585,3267,1619,1648,5717,2794,2923,6533,3142,3391,5716,2742,2974,3265,1541,1724,817,392,425,
28590,3268,1619,1649,5717,2794,2923,6534,3142,3392,5717,2743,2974,3267,1542,1725,817,392,425,
28595,3268,1619,1649,5718,2795,2923,6535,3142,3393,5718,2743,2975,3268,1542,1726,817,392,425,
28600,3268,1619,1649,5720,2796,2924,6536,3143,3393,5719,2743,2976,3268,1542,1726,817,392,425,
28605,3269,1619,1650,5721,2796,2925,6538,3143,3395,5720,2744,2976,3268,1542,1726,817,392,425,
28610,3270,1619,1651,5721,2796,2925,6538,3143,3395,5721,2745,2976,3268,1542,1726,817,392,425,
28615,3271,1620,1651,5723,2797,2926,6541,3145,3396,5722,2746,2976,3269,1543,1726,817,392,425,
28620,3271,1620,1651,5724,2797,2927,6541,3145,3396,5723,2746,2977,3269,1543,1726,818,392,426,
28625,3272,1620,1652,5724,2797,2927,6542,3146,3396,5724,2747,2977,3271,1543,1728,818,392,426,
28630,3272,1620,1652,5725,2798,2927,6543,3146,3397,5725,2748,2977,3272,1543,1729,818,392,426,
28635,3272,1620,1652,5727,2799,2928,6544,3147,3397,5726,2749,2977,3272,1543,1729,818,392,426,
28640,3273,1621,1652,5728,2799,2929,6546,3147,3399,5727,2749,2978,3272,1543,1729,818,392,426,
28645,3274,1622,1652,5728,2799,2929,6546,3147,3399,5728,2749,2979,3272,1543,1729,818,392,426,
28650,3275,1623,1652,5730,2799,2931,6549,3149,3400,5729,2749,2980,3273,1544,1729,818,392,426,
28655,3275,1623,1652,5731,2799,2932,6549,3149,3400,5730,2749,2981,3273,1544,1729,819,392,427,
28660,3276,1624,1652,5731,2799,2932,6550,3149,3401,5731,2750,2981,3275,1545,1730,819,392,427,
28665,3276,1624,1652,5732,2799,2933,6551,3149,3402,5732,2750,2982,3276,1546,1730,819,392,427,
28670,3276,1624,1652,5734,2800,2934,6552,3150,3402,5733,2750,2983,3276,1546,1730,819,392,427,
28675,3277,1624,1653,5735,2800,2935,6554,3150,3404,5734,2751,2983,3276,1546,1730,819,392,427,
28680,3278,1624,1654,5735,2800,2935,6554,3150,3404,5735,2751,2984,3276,1546,1730,819,392,427,
28685,3279,1624,1655,5737,2802,2935,6557,3152,3405,5736,2751,2985,3277,1547,1730,819,392,427,
28690,3279,1624,1655,5738,2803,2935,6557,3152,3405,5737,2751,2986,3277,1547,1730,820,393,427,
28695,3280,1624,1656,5738,2803,2935,6558,3153,3405,5738,2751,2987,3279,1549,1730,820,393,427,
28700,3280,1624,1656,5739,2804,2935,6559,3153,3406,5739,2751,2988,3280,1549,1731,820,393,427,
28705,3280,1624,1656,5741,2804,2937,6560,3153,3407,5740,2751,2989,3280,1549,1731,820,393,427,
28710,3281,1625,1656,5742,2804,2938,6562,3153,3409,5741,2751,2990,3280,1549,1731,820,393,427,
28715,3282,1626,1656,5742,2804,2938,6562,3153,3409,5742,2752,2990,3280,1549,1731,820,393,427,
28720,3283,1627,1656,5744,2804,2940,6565,3155,3410,5743,2752,2991,3281,1549,1732,820,393,427,
28725,3283,1627,1656,5745,2804,2941,6565,3155,3410,5744,2752,2992,3281,1549,1732,821,393,428,
28730,3284,1627,1657,5745,2804,2941,6566,3155,3411,5745,2753,2992,3283,1550,1733,821,393,428,
28735,3284,1627,1657,5746,2805,2941,6567,3155,3412,5746,2753,2993,3284,1550,1734,821,393,428,
28740,3284,1627,1657,5748,2806,2942,6568,3156,3412,5747,2753,2994,3284,1550,1734,821,393,428,
28745,3285,1628,1657,5749,2806,2943,6570,3157,3413,5748,2753,2995,3284,1550,1734,821,393,428,
28750,3286,1629,1657,5749,2806,2943,6570,3157,3413,5749,2753,2996,3284,1550,1734,821,393,428,
28755,3287,1629,1658,5751,2806,2945,6573,3159,3414,5750,2753,2997,3285,1550,1735,821,393,428,
28760,3287,1629,1658,5752,2807,2945,6573,3159,3414,5751,2754,2997,3285,1550,1735,822,394,428,
28765,3288,1629,1659,5752,2807,2945,6574,3160,3414,5752,2755,2997,3287,1551,1736,822,394,428,
28770,3288,1629,1659,5753,2808,2945,6575,3161,3414,5753,2756,2997,3288,1552,1736,822,394,428,
28775,3288,1629,1659,5755,2808,2947,6576,3161,3415,5754,2756,2998,3288,1552,1736,822,394,428,
28780,3289,1629,1660,5756,2809,2947,6578,3161,3417,5755,2756,2999,3288,1552,1736,822,394,428,
28785,3290,1629,1661,5756,2809,2947,6578,3161,3417,5756,2756,3000,3288,1552,1736,822,394,428,
28790,3291,1630,1661,5758,2810,2948,6581,3162,3419,5757,2756,3001,3289,1553,1736,822,394,428,
28795,3291,1630,1661,5759,2811,2948,6581,3162,3419,5758,2756,3002,3289,1553,1736,823,394,429,
28800,3292,1631,1661,5759,2811,2948,6582,3163,3419,5759,2756,3003,3291,1553,1738,823,394,429,
28805,3292,1631,1661,5760,2811,2949,6583,3164,3419,5760,2757,3003,3292,1554,1738,823,394,429,
28810,3292,1631,1661,5762,2811,2951,6584,3165,3419,5761,2758,3003,3292,1554,1738,823,394,429,
28815,3293,1631,1662,5763,2811,2952,6586,3166,3420,5762,2758,3004,3292,1554,1738,823,394,429,
28820,3294,1631,1663,5763,2811,2952,6586,3166,3420,5763,2759,3004,3292,1554,1738,823,394,429,
28825,3295,1631,1664,5765,2813,2952,6589,3167,3422,5764,2760,3004,3293,1554,1739,823,394,429,
28830,3295,1631,1664,5766,2814,2952,6589,3167,3422,5765,2760,3005,3293,1554,1739,824,395,429,
28835,3296,1631,1665,5766,2814,2952,6590,3167,3423,5766,2761,3005,3295,1555,1740,824,395,429,
28840,3296,1631,1665,5767,2815,2952,6591,3168,3423,5767,2761,3006,3296,1556,1740,824,395,429,
28845,3296,1631,1665,5769,2815,2954,6592,3168,3424,5768,2762,3006,3296,1556,1740,824,395,429,
28850,3297,1632,1665,5770,2815,2955,6594,3168,3426,5769,2762,3007,3296,1556,1740,824,395,429,
28855,3298,1632,1666,5770,2815,2955,6594,3168,3426,5770,2763,3007,3296,1556,1740,824,395,429,
28860,3299,1633,1666,5772,2817,2955,6597,3169,3428,5771,2763,3008,3297,1556,1741,824,395,429,
28865,3299,1633,1666,5773,2817,2956,6597,3169,3428,5772,2764,3008,3297,1556,1741,825,395,430,
28870,3300,1634,1666,5773,2817,2956,6598,3170,3428,5773,2764,3009,3299,1556,1743,825,395,430,
28875,3300,1634,1666,5774,2818,2956,6599,3170,3429,5774,2764,3010,3300,1556,1744,825,395,430,
28880,3300,1634,1666,5776,2819,2957,6600,3170,3430,5775,2765,3010,3300,1556,1744,825,395,430,
28885,3301,1634,1667,5777,2820,2957,6602,3170,3432,5776,2765,3011,3300,1556,1744,825,395,430,
28890,3302,1635,1667,5777,2820,2957,6602,3170,3432,5777,2766,3011,3300,1556,1744,825,395,430,
28895,3303,1636,1667,5779,2821,2958,6605,3172,3433,5778,2767,3011,3301,1556,1745,825,395,430,
28900,3303,1636,1667,5780,2822,2958,6605,3172,3433,5779,2768,3011,3301,1556,1745,826,395,431,
28905,3304,1636,1668,5780,2822,2958,6606,3173,3433,5780,2769,3011,3303,1556,1747,826,395,431,
28910,3304,1636,1668,5781,2822,2959,6607,3173,3434,5781,2769,3012,3304,1557,1747,826,395,431,
28915,3304,1636,1668,5783,2823,2960,6608,3174,3434,5782,2770,3012,3304,1557,1747,826,395,431,
28920,3305,1637,1668,5784,2824,2960,6610,3175,3435,5783,2770,3013,3304,1557,1747,826,395,431,
28925,3306,1638,1668,5784,2824,2960,6610,3175,3435,5784,2770,3014,3304,1557,1747,826,395,431,
28930,3307,1639,1668,5786,2824,2962,6613,3177,3436,5785,2770,3015,3305,1557,1748,826,395,431,
28935,3307,1639,1668,5787,2824,2963,6613,3177,3436,5786,2771,3015,3305,1557,1748,827,395,432,
28940,3308,1640,1668,5787,2824,2963,6614,3178,3436,5787,2772,3015,3307,1559,1748,827,395,432,
28945,3308,1640,1668,5788,2824,2964,6615,3179,3436,5788,2773,3015,3308,1559,1749,827,395,432,
28950,3308,1640,1668,5790,2826,2964,6616,3179,3437,5789,2774,3015,3308,1559,1749,827,395,432,
28955,3309,1640,1669,5791,2826,2965,6618,3180,3438,5790,2775,3015,3308,1559,1749,827,395,432,
28960,3310,1641,1669,5791,2826,2965,6618,3180,3438,5791,2775,3016,3308,1559,1749,827,395,432,
28965,3311,1641,1670,5793,2828,2965,6621,3183,3438,5792,2775,3017,3309,1559,1750,827,395,432,
28970,3311,1641,1670,5794,2828,2966,6621,3183,3438,5793,2776,3017,3309,1559,1750,828,396,432,
28975,3312,1642,1670,5794,2828,2966,6622,3183,3439,5794,2776,3018,3311,1561,1750,828,396,432,
28980,3312,1642,1670,5795,2828,2967,6623,3183,3440,5795,2777,3018,3312,1562,1750,828,396,432,
28985,3312,1642,1670,5797,2829,2968,6624,3184,3440,5796,2778,3018,3312,1562,1750,828,396,432,
28990,3313,1642,1671,5798,2830,2968,6626,3185,3441,5797,2778,3019,3312,1562,1750,828,396,432,
28995,3314,1643,1671,5798,2830,2968,6626,3185,3441,5798,2778,3020,3312,1562,1750,828,396,432,
29000,3315,1643,1672,5800,2832,2968,6629,3187,3442,5799,2779,3020,3313,1563,1750,828,396,432,
29005,3315,1643,1672,5801,2832,2969,6629,3187,3442,5800,2780,3020,3313,1563,1750,829,397,432,
29010,3316,1644,1672,5801,2832,2969,6630,3187,3443,5801,2780,3021,3315,1564,1751,829,397,432,
29015,3316,1644,1672,5802,2833,2969,6631,3188,3443,5802,2780,3022,3316,1565,1751,829,397,432,
29020,3316,1644,1672,5804,2834,2970,6632,3188,3444,5803,2781,3022,3316,1565,1751,829,397,432,
29025,3317,1644,1673,5805,2835,2970,6634,3189,3445,5804,2782,3022,3316,1565,1751,829,397,432,
29030,3318,1645,1673,5805,2835,2970,6634,3189,3445,5805,2782,3023,3316,1565,1751,829,397,432,
29035,3319,1646,1673,5807,2836,2971,6637,3191,3446,5806,2783,3023,3317,1565,1752,829,397,432,
29040,3319,1646,1673,5808,2836,2972,6637,3191,3446,5807,2783,3024,3317,1565,1752,830,397,433,
29045,3320,1646,1674,5808,2836,2972,6638,3192,3446,5808,2783,3025,3319,1566,1753,830,397,433,
29050,3320,1646,1674,5809,2837,2972,6639,3193,3446,5809,2783,3026,3320,1567,1753,830,397,433,
29055,3320,1646,1674,5811,2838,2973,6640,3194,3446,5810,2783,3027,3320,1567,1753,830,397,433,
29060,3321,1646,1675,5812,2838,2974,6642,3195,3447,5811,2784,3027,3320,1567,1753,830,397,433,
29065,3322,1646,1676,5812,2838,2974,6642,3195,3447,5812,2784,3028,3320,1567,1753,830,397,433,
29070,3323,1646,1677,5814,2838,2976,6645,3195,3450,5813,2784,3029,3321,1568,1753,830,397,433,
29075,3323,1646,1677,5815,2838,2977,6645,3195,3450,5814,2784,3030,3321,1568,1753,831,398,433,
29080,3324,1647,1677,5815,2838,2977,6646,3195,3451,5815,2784,3031,3323,1569,1754,831,398,433,
29085,3324,1647,1677,5816,2838,2978,6647,3195,3452,5816,2785,3031,3324,1570,1754,831,398,433,
29090,3324,1647,1677,5818,2839,2979,6648,3195,3453,5817,2786,3031,3324,1570,1754,831,398,433,
29095,3325,1648,1677,5819,2840,2979,6650,3195,3455,5818,2786,3032,3324,1570,1754,831,398,433,
29100,3326,1649,1677,5819,2840,2979,6650,3195,3455,5819,2786,3033,3324,1570,1754,831,398,433,
29105,3327,1650,1677,5821,2841,2980,6653,3195,3458,5820,2786,3034,3325,1571,1754,831,398,433,
29110,3327,1650,1677,5822,2841,2981,6653,3195,3458,5821,2787,3034,3325,1571,1754,832,399,433,
29115,3328,1651,1677,5822,2841,2981,6654,3196,3458,5822,2787,3035,3327,1573,1754,832,399,433,
29120,3328,1651,1677,5823,2842,2981,6655,3197,3458,5823,2787,3036,3328,1573,1755,832,399,433,
29125,3328,1651,1677,5825,2843,2982,6656,3198,3458,5824,2787,3037,3328,1573,1755,832,399,433,
29130,3329,1651,1678,5826,2844,2982,6658,3200,3458,5825,2788,3037,3328,1573,1755,832,399,433,
29135,3330,1651,1679,5826,2844,2982,6658,3200,3458,5826,2788,3038,3328,1573,1755,832,399,433,
29140,3331,1652,1679,5828,2846,2982,6661,3203,3458,5827,2789,3038,3329,1573,1756,832,399,433,
29145,3331,1652,1679,5829,2846,2983,6661,3203,3458,5828,2790,3038,3329,1573,1756,833,400,433,
29150,3332,1653,1679,5829,2846,2983,6662,3203,3459,5829,2790,3039,3331,1574,1757,833,400,433,
29155,3332,1653,1679,5830,2846,2984,6663,3203,3460,5830,2790,3040,3332,1575,1757,833,400,433,
29160,3332,1653,1679,5832,2846,2986,6664,3204,3460,5831,2790,3041,3332,1575,1757,833,400,433,
29165,3333,1653,1680,5833,2846,2987,6666,3206,3460,5832,2790,3042,3332,1575,1757,833,400,433,
29170,3334,1654,1680,5833,2846,2987,6666,3206,3460,5833,2791,3042,3332,1575,1757,833,400,433,
29175,3335,1655,1680,5835,2847,2988,6669,3207,3462,5834,2792,3042,3333,1576,1757,833,400,433,
29180,3335,1655,1680,5836,2847,2989,6669,3207,3462,5835,2792,3043,3333,1576,1757,834,400,434,
29185,3336,1656,1680,5836,2847,2989,6670,3208,3462,5836,2792,3044,3335,1577,1758,834,400,434,
29190,3336,1656,1680,5837,2847,2990,6671,3208,3463,5837,2793,3044,3336,1578,1758,834,400,434,
29195,3336,1656,1680,5839,2847,2992,6672,3209,3463,5838,2794,3044,3336,1578,1758,834,400,434,
29200,3337,1656,1681,5840,2848,2992,6674,3211,3463,5839,2794,3045,3336,1578,1758,834,400,434,
29205,3338,1656,1682,5840,2848,2992,6674,3211,3463,5840,2794,3046,3336,1578,1758,834,400,434,
29210,3339,1657,1682,5842,2849,2993,6677,3211,3466,5841,2794,3047,3337,1579,1758,834,400,434,
29215,3339,1657,1682,5843,2850,2993,6677,3211,3466,5842,2794,3048,3337,1579,1758,835,400,435,
29220,3340,1658,1682,5843,2850,2993,6678,3212,3466,5843,2794,3049,3339,1580,1759,835,400,435,
29225,3340,1658,1682,5844,2850,2994,6679,3212,3467,5844,2794,3050,3340,1580,1760,835,400,435,
29230,3340,1658,1682,5846,2850,2996,6680,3212,3468,5845,2795,3050,3340,1580,1760,835,400,435,
29235,3341,1658,1683,5847,2850,2997,6682,3213,3469,5846,2796,3050,3340,1580,1760,835,400,435,
29240,3342,1659,1683,5847,2850,2997,6682,3213,3469,5847,2796,3051,3340,1580,1760,835,400,435,
29245,3343,1659,1684,5849,2851,2998,6685,3215,3470,5848,2796,3052,3341,1581,1760,835,400,435,
29250,3343,1659,1684,5850,2852,2998,6685,3215,3470,5849,2796,3053,3341,1581,1760,836,400,436,
29255,3344,1660,1684,5850,2852,2998,6686,3215,3471,5850,2796,3054,3343,1582,1761,836,400,436,
29260,3344,1660,1684,5851,2853,2998,6687,3215,3472,5851,2797,3054,3344,1582,1762,836,400,436,
29265,3344,1660,1684,5853,2853,3000,6688,3216,3472,5852,2798,3054,3344,1582,1762,836,400,436,
29270,3345,1661,1684,5854,2853,3001,6690,3217,3473,5853,2799,3054,3344,1582,1762,836,400,436,
29275,3346,1662,1684,5854,2853,3001,6690,3217,3473,5854,2800,3054,3344,1582,1762,836,400,436,
29280,3347,1662,1685,5856,2854,3002,6693,3218,3475,5855,2801,3054,3345,1583,1762,836,400,436,
29285,3347,1662,1685,5857,2854,3003,6693,3218,3475,5856,2801,3055,3345,1583,1762,837,401,436,
29290,3348,1662,1686,5857,2854,3003,6694,3218,3476,5857,2801,3056,3347,1584,1763,837,401,436,
29295,3348,1662,1686,5858,2854,3004,6695,3219,3476,5858,2802,3056,3348,1585,1763,837,401,436,
29300,3348,1662,1686,5860,2855,3005,6696,3219,3477,5859,2803,3056,3348,1585,1763,837,401,436,
29305,3349,1663,1686,5861,2856,3005,6698,3219,3479,5860,2803,3057,3348,1585,1763,837,401,436,
29310,3350,1664,1686,5861,2856,3005,6698,3219,3479,5861,2804,3057,3348,1585,1763,837,401,436,
29315,3351,1664,1687,5863,2856,3007,6701,3220,3481,5862,2805,3057,3349,1586,1763,837,401,436,
29320,3351,1664,1687,5864,2857,3007,6701,3220,3481,5863,2805,3058,3349,1586,1763,838,401,437,
29325,3352,1664,1688,5864,2857,3007,6702,3220,3482,5864,2806,3058,3351,1588,1763,838,401,437,
29330,3352,1664,1688,5865,2857,3008,6703,3220,3483,5865,2806,3059,3352,1589,1763,838,401,437,
29335,3352,1664,1688,5867,2859,3008,6704,3220,3484,5866,2807,3059,3352,1589,1763,838,401,437,
29340,3353,1664,1689,5868,2859,3009,6706,3221,3485,5867,2808,3059,3352,1589,1763,838,401,437,
29345,3354,1664,1690,5868,2859,3009,6706,3221,3485,5868,2808,3060,3352,1589,1763,838,401,437,
29350,3355,1665,1690,5870,2860,3010,6709,3222,3487,5869,2809,3060,3353,1589,1764,838,401,437,
29355,3355,1665,1690,5871,2861,3010,6709,3222,3487,5870,2810,3060,3353,1589,1764,839,402,437,
29360,3356,1665,1691,5871,2861,3010,6710,3222,3488,5871,2810,3061,3355,1591,1764,839,402,437,
29365,3356,1665,1691,5872,2861,3011,6711,3222,3489,5872,2811,3061,3356,1591,1765,839,402,437,
29370,3356,1665,1691,5874,2863,3011,6712,3222,3490,5873,2812,3061,3356,1591,1765,839,402,437,
29375,3357,1666,1691,5875,2863,3012,6714,3223,3491,5874,2813,3061,3356,1591,1765,839,402,437,
29380,3358,1667,1691,5875,2863,3012,6714,3223,3491,5875,2814,3061,3356,1591,1765,839,402,437,
29385,3359,1668,1691,5877,2864,3013,6717,3225,3492,5876,2814,3062,3357,1591,1766,839,402,437,
29390,3359,1668,1691,5878,2864,3014,6717,3225,3492,5877,2814,3063,3357,1591,1766,840,403,437,
29395,3360,1669,1691,5878,2864,3014,6718,3226,3492,5878,2815,3063,3359,1592,1767,840,403,437,
29400,3360,1669,1691,5879,2864,3015,6719,3226,3493,5879,2815,3064,3360,1593,1767,840,403,437,
29405,3360,1669,1691,5881,2865,3016,6720,3227,3493,5880,2816,3064,3360,1593,1767,840,403,437,
29410,3361,1669,1692,5882,2866,3016,6722,3229,3493,5881,2816,3065,3360,1593,1767,840,403,437,
29415,3362,1670,1692,5882,2866,3016,6722,3229,3493,5882,2817,3065,3360,1593,1767,840,403,437,
29420,3363,1670,1693,5884,2868,3016,6725,3231,3494,5883,2817,3066,3361,1593,1768,840,403,437,
29425,3363,1670,1693,5885,2868,3017,6725,3231,3494,5884,2817,3067,3361,1593,1768,841,403,438,
29430,3364,1670,1694,5885,2868,3017,6726,3231,3495,5885,2817,3068,3363,1595,1768,841,403,438,
29435,3364,1670,1694,5886,2868,3018,6727,3232,3495,5886,2818,3068,3364,1595,1769,841,403,438,
29440,3364,1670,1694,5888,2869,3019,6728,3233,3495,5887,2819,3068,3364,1595,1769,841,403,438,
29445,3365,1671,1694,5889,2869,3020,6730,3233,3497,5888,2819,3069,3364,1595,1769,841,403,438,
29450,3366,1672,1694,5889,2869,3020,6730,3233,3497,5889,2819,3070,3364,1595,1769,841,403,438,
29455,3367,1673,1694,5891,2869,3022,6733,3235,3498,5890,2819,3071,3365,1595,1770,841,403,438,
29460,3367,1673,1694,5892,2870,3022,6733,3235,3498,5891,2820,3071,3365,1595,1770,842,403,439,
29465,3368,1674,1694,5892,2870,3022,6734,3236,3498,5892,2820,3072,3367,1596,1771,842,403,439,
29470,3368,1674,1694,5893,2871,3022,6735,3236,3499,5893,2821,3072,3368,1596,1772,842,403,439,
29475,3368,1674,1694,5895,2872,3023,6736,3236,3500,5894,2821,3073,3368,1596,1772,842,403,439,
29480,3369,1674,1695,5896,2873,3023,6738,3237,3501,5895,2822,3073,3368,1596,1772,842,403,439,
29485,3370,1675,1695,5896,2873,3023,6738,3237,3501,5896,2822,3074,3368,1596,1772,842,403,439,
29490,3371,1675,1696,5898,2873,3025,6741,3238,3503,5897,2823,3074,3369,1596,1773,842,403,439,
29495,3371,1675,1696,5899,2873,3026,6741,3238,3503,5898,2824,3074,3369,1596,1773,843,403,440,
29500,3372,1676,1696,5899,2873,3026,6742,3238,3504,5899,2824,3075,3371,1597,1774,843,403,440,
29505,3372,1676,1696,5900,2874,3026,6743,3238,3505,5900,2824,3076,3372,1598,1774,843,403,440,
29510,3372,1676,1696,5902,2874,3028,6744,3238,3506,5901,2824,3077,3372,1598,1774,843,403,440,
29515,3373,1676,1697,5903,2874,3029,6746,3239,3507,5902,2824,3078,3372,1598,1774,843,403,440,
29520,3374,1676,1698,5903,2874,3029,6746,3239,3507,5903,2825,3078,3372,1598,1774,843,403,440,
29525,3375,1677,1698,5905,2876,3029,6749,3239,3510,5904,2826,3078,3373,1598,1775,843,403,440,
29530,3375,1677,1698,5906,2877,3029,6749,3239,3510,5905,2826,3079,3373,1598,1775,844,403,441,
29535,3376,1678,1698,5906,2877,3029,6750,3240,3510,5906,2826,3080,3375,1600,1775,844,403,441,
29540,3376,1678,1698,5907,2877,3030,6751,3240,3511,5907,2826,3081,3376,1600,1776,844,403,441,
29545,3376,1678,1698,5909,2878,3031,6752,3240,3512,5908,2826,3082,3376,1600,1776,844,403,441,
29550,3377,1678,1699,5910,2878,3032,6754,3241,3513,5909,2827,3082,3376,1600,1776,844,403,441,
29555,3378,1678,1700,5910,2878,3032,6754,3241,3513,5910,2827,3083,3376,1600,1776,844,403,441,
29560,3379,1678,1701,5912,2880,3032,6757,3243,3514,5911,2828,3083,3377,1601,1776,844,403,441,
29565,3379,1678,1701,5913,2880,3033,6757,3243,3514,5912,2828,3084,3377,1601,1776,845,404,441,
29570,3380,1679,1701,5913,2880,3033,6758,3244,3514,5913,2828,3085,3379,1603,1776,845,404,441,
29575,3380,1679,1701,5914,2881,3033,6759,3245,3514,5914,2828,3086,3380,1603,1777,845,404,441,
29580,3380,1679,1701,5916,2882,3034,6760,3246,3514,5915,2829,3086,3380,1603,1777,845,404,441,
29585,3381,1679,1702,5917,2883,3034,6762,3248,3514,5916,2830,3086,3380,1603,1777,845,404,441,
29590,3382,1679,1703,5917,2883,3034,6762,3248,3514,5917,2831,3086,3380,1603,1777,845,404,441,
29595,3383,1679,1704,5919,2885,3034,6765,3248,3517,5918,2832,3086,3381,1604,1777,845,404,441,
29600,3383,1679,1704,5920,2886,3034,6765,3248,3517,5919,2833,3086,3381,1604,1777,846,405,441,
29605,3384,1680,1704,5920,2886,3034,6766,3248,3518,5920,2834,3086,3383,1605,1778,846,405,441,
29610,3384,1680,1704,5921,2886,3035,6767,3249,3518,5921,2835,3086,3384,1605,1779,846,405,441,
29615,3384,1680,1704,5923,2886,3037,6768,3250,3518,5922,2836,3086,3384,1605,1779,846,405,441,
29620,3385,1680,1705,5924,2886,3038,6770,3251,3519,5923,2837,3086,3384,1605,1779,846,405,441,
29625,3386,1681,1705,5924,2886,3038,6770,3251,3519,5924,2838,3086,3384,1605,1779,846,405,441,
29630,3387,1681,1706,5926,2887,3039,6773,3254,3519,5925,2838,3087,3385,1606,1779,846,405,441,
29635,3387,1681,1706,5927,2887,3040,6773,3254,3519,5926,2839,3087,3385,1606,1779,847,405,442,
29640,3388,1681,1707,5927,2887,3040,6774,3254,3520,5927,2840,3087,3387,1607,1780,847,405,442,
29645,3388,1681,1707,5928,2888,3040,6775,3254,3521,5928,2841,3087,3388,1607,1781,847,405,442,
29650,3388,1681,1707,5930,2890,3040,6776,3254,3522,5929,2841,3088,3388,1607,1781,847,405,442,
29655,3389,1681,1708,5931,2891,3040,6778,3256,3522,5930,2841,3089,3388,1607,1781,847,405,442,
29660,3390,1682,1708,5931,2891,3040,6778,3256,3522,5931,2842,3089,3388,1607,1781,847,405,442,
29665,3391,1683,1708,5933,2892,3041,6781,3258,3523,5932,2842,3090,3389,1607,1782,847,405,442,
29670,3391,1683,1708,5934,2893,3041,6781,3258,3523,5933,2842,3091,3389,1607,1782,848,405,443,
29675,3392,1684,1708,5934,2893,3041,6782,3259,3523,5934,2842,3092,3391,1608,1783,848,405,443,
29680,3392,1684,1708,5935,2894,3041,6783,3260,3523,5935,2842,3093,3392,1608,1784,848,405,443,
29685,3392,1684,1708,5937,2894,3043,6784,3260,3524,5936,2843,3093,3392,1608,1784,848,405,443,
29690,3393,1684,1709,5938,2895,3043,6786,3261,3525,5937,2844,3093,3392,1608,1784,848,405,443,
29695,3394,1685,1709,5938,2895,3043,6786,3261,3525,5938,2845,3093,3392,1608,1784,848,405,443,
29700,3395,1686,1709,5940,2897,3043,6789,3261,3528,5939,2845,3094,3393,1609,1784,848,405,443,
29705,3395,1686,1709,5941,2897,3044,6789,3261,3528,5940,2845,3095,3393,1609,1784,849,406,443,
29710,3396,1687,1709,5941,2897,3044,6790,3262,3528,5941,2846,3095,3395,1609,1786,849,406,443,
29715,3396,1687,1709,5942,2897,3045,6791,3263,3528,5942,2847,3095,3396,1609,1787,849,406,443,
29720,3396,1687,1709,5944,2898,3046,6792,3263,3529,5943,2848,3095,3396,1609,1787,849,406,443,
29725,3397,1687,1710,5945,2899,3046,6794,3263,3531,5944,2848,3096,3396,1609,1787,849,406,443,
29730,3398,1688,1710,5945,2899,3046,6794,3263,3531,5945,2848,3097,3396,1609,1787,849,406,443,
29735,3399,1689,1710,5947,2900,3047,6797,3265,3532,5946,2848,3098,3397,1610,1787,849,406,443,
29740,3399,1689,1710,5948,2900,3048,6797,3265,3532,5947,2849,3098,3397,1610,1787,850,407,443,
29745,3400,1690,1710,5948,2900,3048,6798,3266,3532,5948,2849,3099,3399,1611,1788,850,407,443,
29750,3400,1690,1710,5949,2900,3049,6799,3266,3533,5949,2850,3099,3400,1611,1789,850,407,443,
29755,3400,1690,1710,5951,2901,3050,6800,3267,3533,5950,2851,3099,3400,1611,1789,850,407,443,
29760,3401,1691,1710,5952,2901,3051,6802,3268,3534,5951,2851,3100,3400,1611,1789,850,407,443,
29765,3402,1692,1710,5952,2901,3051,6802,3268,3534,5952,2851,3101,3400,1611,1789,850,407,443,
29770,3403,1693,1710,5954,2902,3052,6805,3269,3536,5953,2851,3102,3401,1611,1790,850,407,443,
29775,3403,1693,1710,5955,2903,3052,6805,3269,3536,5954,2851,3103,3401,1611,1790,851,408,443,
29780,3404,1693,1711,5955,2903,3052,6806,3269,3537,5955,2852,3103,3403,1611,1792,851,408,443,
29785,3404,1693,1711,5956,2904,3052,6807,3270,3537,5956,2852,3104,3404,1611,1793,851,408,443,
29790,3404,1693,1711,5958,2905,3053,6808,3271,3537,5957,2852,3105,3404,1611,1793,851,408,443,
29795,3405,1694,1711,5959,2906,3053,6810,3271,3539,5958,2852,3106,3404,1611,1793,851,408,443,
29800,3406,1694,1712,5959,2906,3053,6810,3271,3539,5959,2852,3107,3404,1611,1793,851,408,443,
29805,3407,1694,1713,5961,2908,3053,6813,3271,3542,5960,2853,3107,3405,1612,1793,851,408,443,
29810,3407,1694,1713,5962,2909,3053,6813,3271,3542,5961,2854,3107,3405,1612,1793,852,409,443,
29815,3408,1694,1714,5962,2909,3053,6814,3272,3542,5962,2855,3107,3407,1613,1794,852,409,443,
29820,3408,1694,1714,5963,2910,3053,6815,3273,3542,5963,2855,3108,3408,1614,1794,852,409,443,
29825,3408,1694,1714,5965,2910,3055,6816,3273,3543,5964,2856,3108,3408,1614,1794,852,409,443,
29830,3409,1694,1715,5966,2910,3056,6818,3274,3544,5965,2857,3108,3408,1614,1794,852,409,443,
29835,3410,1695,1715,5966,2910,3056,6818,3274,3544,5966,2858,3108,3408,1614,1794,852,409,443,
29840,3411,1696,1715,5968,2911,3057,6821,3277,3544,5967,2858,3109,3409,1614,1795,852,409,443,
29845,3411,1696,1715,5969,2912,3057,6821,3277,3544,5968,2858,3110,3409,1614,1795,853,410,443,
29850,3412,1696,1716,5969,2912,3057,6822,3277,3545,5969,2859,3110,3411,1616,1795,853,410,443,
29855,3412,1696,1716,5970,2912,3058,6823,3277,3546,5970,2860,3110,3412,1616,1796,853,410,443,
29860,3412,1696,1716,5972,2912,3060,6824,3277,3547,5971,2861,3110,3412,1616,1796,853,410,443,
29865,3413,1696,1717,5973,2912,3061,6826,3279,3547,5972,2861,3111,3412,1616,1796,853,410,443,
29870,3414,1697,1717,5973,2912,3061,6826,3279,3547,5973,2861,3112,3412,1616,1796,853,410,443,
29875,3415,1698,1717,5975,2913,3062,6829,3281,3548,5974,2862,3112,3413,1617,1796,853,410,443,
29880,3415,1698,1717,5976,2913,3063,6829,3281,3548,5975,2862,3113,3413,1617,1796,854,410,444,
29885,3416,1699,1717,5976,2913,3063,6830,3281,3549,5976,2862,3114,3415,1617,1798,854,410,444,
29890,3416,1699,1717,5977,2914,3063,6831,3281,3550,5977,2863,3114,3416,1617,1799,854,410,444,
29895,3416,1699,1717,5979,2915,3064,6832,3281,3551,5978,2864,3114,3416,1617,1799,854,410,444,
29900,3417,1700,1717,5980,2916,3064,6834,3283,3551,5979,2864,3115,3416,1617,1799,854,410,444,
29905,3418,1700,1718,5980,2916,3064,6834,3283,3551,5980,2865,3115,3416,1617,1799,854,410,444,
29910,3419,1700,1719,5982,2917,3065,6837,3284,3553,5981,2866,3115,3417,1618,1799,854,410,444,
29915,3419,1700,1719,5983,2918,3065,6837,3284,3553,5982,2866,3116,3417,1618,1799,855,411,444,
29920,3420,1701,1719,5983,2918,3065,6838,3285,3553,5983,2867,3116,3419,1619,1800,855,411,444,
29925,3420,1701,1719,5984,2918,3066,6839,3286,3553,5984,2867,3117,3420,1619,1801,855,411,444,
29930,3420,1701,1719,5986,2919,3067,6840,3286,3554,5985,2868,3117,3420,1619,1801,855,411,444,
29935,3421,1702,1719,5987,2919,3068,6842,3287,3555,5986,2868,3118,3420,1619,1801,855,411,444,
29940,3422,1703,1719,5987,2919,3068,6842,3287,3555,5987,2868,3119,3420,1619,1801,855,411,444,
29945,3423,1704,1719,5989,2920,3069,6845,3287,3558,5988,2868,3120,3421,1619,1802,855,411,444,
29950,3423,1704,1719,5990,2921,3069,6845,3287,3558,5989,2869,3120,3421,1619,1802,856,411,445,
29955,3424,1705,1719,5990,2921,3069,6846,3288,3558,5990,2870,3120,3423,1620,1803,856,411,445,
29960,3424,1705,1719,5991,2922,3069,6847,3289,3558,5991,2871,3120,3424,1620,1804,856,411,445,
29965,3424,1705,1719,5993,2923,3070,6848,3289,3559,5992,2871,3121,3424,1620,1804,856,411,445,
29970,3425,1706,1719,5994,2924,3070,6850,3289,3561,5993,2871,3122,3424,1620,1804,856,411,445,
29975,3426,1707,1719,5994,2924,3070,6850,3289,3561,5994,2872,3122,3424,1620,1804,856,411,445,
29980,3427,1708,1719,5996,2926,3070,6853,3290,3563,5995,2873,3122,3425,1620,1805,856,411,445,
29985,3427,1708,1719,5997,2926,3071,6853,3290,3563,5996,2873,3123,3425,1620,1805,857,411,446,
29990,3428,1708,1720,5997,2926,3071,6854,3291,3563,5997,2873,3124,3427,1621,1806,857,411,446,
29995,3428,1708,1720,5998,2927,3071,6855,3291,3564,5998,2873,3125,3428,1621,1807,857,411,446,
30000,3428,1708,1720,6000,2928,3072,6856,3292,3564,5999,2874,3125,3428,1621,1807,857,411,446,
30005,3429,1708,1721,6001,2929,3072,6858,3292,3566,6000,2875,3125,3428,1621,1807,857,411,446,
30010,3430,1708,1722,6001,2929,3072,6858,3292,3566,6001,2875,3126,3428,1621,1807,857,411,446,
30015,3431,1708,1723,6003,2930,3073,6861,3293,3568,6002,2875,3127,3429,1622,1807,857,411,446,
30020,3431,1708,1723,6004,2931,3073,6861,3293,3568,6003,2876,3127,3429,1622,1807,858,411,447,
30025,3432,1709,1723,6004,2931,3073,6862,3294,3568,6004,2877,3127,3431,1623,1808,858,411,447,
30030,3432,1709,1723,6005,2931,3074,6863,3295,3568,6005,2877,3128,3432,1623,1809,858,411,447,
30035,3432,1709,1723,6007,2931,3076,6864,3296,3568,6006,2877,3129,3432,1623,1809,858,411,447,
30040,3433,1710,1723,6008,2932,3076,6866,3297,3569,6007,2877,3130,3432,1623,1809,858,411,447,
30045,3434,1711,1723,6008,2932,3076,6866,3297,3569,6008,2877,3131,3432,1623,1809,858,411,447,
30050,3435,1712,1723,6010,2933,3077,6869,3298,3571,6009,2877,3132,3433,1623,1810,858,411,447,
30055,3435,1712,1723,6011,2934,3077,6869,3298,3571,6010,2877,3133,3433,1623,1810,859,412,447,
30060,3436,1713,1723,6011,2934,3077,6870,3299,3571,6011,2877,3134,3435,1624,1811,859,412,447,
30065,3436,1713,1723,6012,2935,3077,6871,3300,3571,6012,2878,3134,3436,1624,1812,859,412,447,
30070,3436,1713,1723,6014,2936,3078,6872,3301,3571,6013,2878,3135,3436,1624,1812,859,412,447,
30075,3437,1713,1724,6015,2937,3078,6874,3301,3573,6014,2878,3136,3436,1624,1812,859,412,447,
30080,3438,1714,1724,6015,2937,3078,6874,3301,3573,6015,2878,3137,3436,1624,1812,859,412,447,
30085,3439,1715,1724,6017,2938,3079,6877,3302,3575,6016,2878,3138,3437,1625,1812,859,412,447,
30090,3439,1715,1724,6018,2938,3080,6877,3302,3575,6017,2879,3138,3437,1625,1812,860,412,448,
30095,3440,1716,1724,6018,2938,3080,6878,3303,3575,6018,2879,3139,3439,1627,1812,860,412,448,
30100,3440,1716,1724,6019,2938,3081,6879,3303,3576,6019,2879,3140,3440,1627,1813,860,412,448,
30105,3440,1716,1724,6021,2939,3082,6880,3303,3577,6020,2880,3140,3440,1627,1813,860,412,448,
30110,3441,1717,1724,6022,2939,3083,6882,3304,3578,6021,2880,3141,3440,1627,1813,860,412,448,
30115,3442,1717,1725,6022,2939,3083,6882,3304,3578,6022,2881,3141,3440,1627,1813,860,412,448,
30120,3443,1718,1725,6024,2940,3084,6885,3306,3579,6023,2881,3142,3441,1628,1813,860,412,448,
30125,3443,1718,1725,6025,2941,3084,6885,3306,3579,6024,2881,3143,3441,1628,1813,861,413,448,
30130,3444,1718,1726,6025,2941,3084,6886,3306,3580,6025,2882,3143,3443,1630,1813,861,413,448,
30135,3444,1718,1726,6026,2941,3085,6887,3306,3581,6026,2882,3144,3444,1631,1813,861,413,448,
30140,3444,1718,1726,6028,2941,3087,6888,3307,3581,6027,2883,3144,3444,1631,1813,861,413,448,
30145,3445,1719,1726,6029,2942,3087,6890,3307,3583,6028,2883,3145,3444,1631,1813,861,413,448,
30150,3446,1720,1726,6029,2942,3087,6890,3307,3583,6029,2884,3145,3444,1631,1813,861,413,448,
30155,3447,1721,1726,6031,2943,3088,6893,3307,3586,6030,2884,3146,3445,1632,1813,861,413,448,
30160,3447,1721,1726,6032,2943,3089,6893,3307,3586,6031,2884,3147,3445,1632,1813,862,414,448,
30165,3448,1721,1727,6032,2943,3089,6894,3308,3586,6032,2885,3147,3447,1633,1814,862,414,448,
30170,3448,1721,1727,6033,2943,3090,6895,3309,3586,6033,2885,3148,3448,1633,1815,862,414,448,
30175,3448,1721,1727,6035,2944,3091,6896,3310,3586,6034,2885,3149,3448,1633,1815,862,414,448,
30180,3449,1721,1728,6036,2945,3091,6898,3311,3587,6035,2886,3149,3448,1633,1815,862,414,448,
30185,3450,1721,1729,6036,2945,3091,6898,3311,3587,6036,2887,3149,3448,1633,1815,862,414,448,
30190,3451,1722,1729,6038,2947,3091,6901,3312,3589,6037,2887,3150,3449,1633,1816,862,414,448,
30195,3451,1722,1729,6039,2948,3091,6901,3312,3589,6038,2887,3151,3449,1633,1816,863,415,448,
30200,3452,1722,1730,6039,2948,3091,6902,3313,3589,6039,2887,3152,3451,1634,1817,863,415,448,
30205,3452,1722,1730,6040,2949,3091,6903,3314,3589,6040,2888,3152,3452,1634,1818,863,415,448,
30210,3452,1722,1730,6042,2949,3093,6904,3315,3589,6041,2888,3153,3452,1634,1818,863,415,448,
30215,3453,1723,1730,6043,2950,3093,6906,3316,3590,6042,2888,3154,3452,1634,1818,863,415,448,
30220,3454,1724,1730,6043,2950,3093,6906,3316,3590,6043,2889,3154,3452,1634,1818,863,415,448,
30225,3455,1725,1730,6045,2951,3094,6909,3318,3591,6044,2890,3154,3453,1635,1818,863,415,448,
30230,3455,1725,1730,6046,2952,3094,6909,3318,3591,6045,2891,3154,3453,1635,1818,864,415,449,
30235,3456,1725,1731,6046,2952,3094,6910,3318,3592,6046,2891,3155,3455,1637,1818,864,415,449,
30240,3456,1725,1731,6047,2953,3094,6911,3319,3592,6047,2891,3156,3456,1638,1818,864,415,449,
30245,3456,1725,1731,6049,2954,3095,6912,3320,3592,6048,2891,3157,3456,1638,1818,864,415,449,
30250,3457,1725,1732,6050,2954,3096,6914,3320,3594,6049,2892,3157,3456,1638,1818,864,415,449,
30255,3458,1726,1732,6050,2954,3096,6914,3320,3594,6050,2892,3158,3456,1638,1818,864,415,449,
30260,3459,1727,1732,6052,2956,3096,6917,3323,3594,6051,2892,3159,3457,1639,1818,864,415,449,
30265,3459,1727,1732,6053,2957,3096,6917,3323,3594,6052,2893,3159,3457,1639,1818,865,415,450,
30270,3460,1727,1733,6053,2957,3096,6918,3324,3594,6053,2894,3159,3459,1640,1819,865,415,450,
30275,3460,1727,1733,6054,2957,3097,6919,3325,3594,6054,2894,3160,3460,1640,1820,865,415,450,
30280,3460,1727,1733,6056,2958,3098,6920,3326,3594,6055,2894,3161,3460,1640,1820,865,415,450,
30285,3461,1727,1734,6057,2959,3098,6922,3326,3596,6056,2894,3162,3460,1640,1820,865,415,450,
30290,3462,1728,1734,6057,2959,3098,6922,3326,3596,6057,2894,3163,3460,1640,1820,865,415,450,
30295,3463,1728,1735,6059,2961,3098,6925,3329,3596,6058,2894,3164,3461,1640,1821,865,415,450,
30300,3463,1728,1735,6060,2962,3098,6925,3329,3596,6059,2894,3165,3461,1640,1821,866,416,450,
30305,3464,1729,1735,6060,2962,3098,6926,3330,3596,6060,2894,3166,3463,1642,1821,866,416,450,
30310,3464,1729,1735,6061,2963,3098,6927,3331,3596,6061,2895,3166,3464,1643,1821,866,416,450,
30315,3464,1729,1735,6063,2965,3098,6928,3332,3596,6062,2896,3166,3464,1643,1821,866,416,450,
30320,3465,1730,1735,6064,2966,3098,6930,3334,3596,6063,2896,3167,3464,1643,1821,866,416,450,
30325,3466,1731,1735,6064,2966,3098,6930,3334,3596,6064,2897,3167,3464,1643,1821,866,416,450,
30330,3467,1731,1736,6066,2967,3099,6933,3336,3597,6065,2897,3168,3465,1644,1821,866,416,450,
30335,3467,1731,1736,6067,2967,3100,6933,3336,3597,6066,2897,3169,3465,1644,1821,867,417,450,
30340,3468,1732,1736,6067,2967,3100,6934,3336,3598,6067,2898,3169,3467,1645,1822,867,417,450,
30345,3468,1732,1736,6068,2967,3101,6935,3336,3599,6068,2899,3169,3468,1645,1823,867,417,450,
30350,3468,1732,1736,6070,2968,3102,6936,3336,3600,6069,2899,3170,3468,1645,1823,867,417,450,
30355,3469,1732,1737,6071,2968,3103,6938,3337,3601,6070,2900,3170,3468,1645,1823,867,417,450,
30360,3470,1732,1738,6071,2968,3103,6938,3337,3601,6071,2900,3171,3468,1645,1823,867,417,450,
30365,3471,1733,1738,6073,2970,3103,6941,3337,3604,6072,2900,3172,3469,1645,1824,867,417,450,
30370,3471,1733,1738,6074,2970,3104,6941,3337,3604,6073,2900,3173,3469,1645,1824,868,417,451,
30375,3472,1734,1738,6074,2970,3104,6942,3338,3604,6074,2900,3174,3471,1647,1824,868,417,451,
30380,3472,1734,1738,6075,2970,3105,6943,3338,3605,6075,2901,3174,3472,1648,1824,868,417,451,
30385,3472,1734,1738,6077,2971,3106,6944,3339,3605,6076,2901,3175,3472,1648,1824,868,417,451,
30390,3473,1734,1739,6078,2971,3107,6946,3341,3605,6077,2901,3176,3472,1648,1824,868,417,451,
30395,3474,1734,1740,6078,2971,3107,6946,3341,3605,6078,2901,3177,3472,1648,1824,868,417,451,
30400,3475,1735,1740,6080,2972,3108,6949,3342,3607,6079,2902,3177,3473,1649,1824,868,417,451,
30405,3475,1735,1740,6081,2972,3109,6949,3342,3607,6080,2903,3177,3473,1649,1824,869,417,452,
30410,3476,1736,1740,6081,2972,3109,6950,3343,3607,6081,2903,3178,3475,1650,1825,869,417,452,
30415,3476,1736,1740,6082,2973,3109,6951,3343,3608,6082,2904,3178,3476,1650,1826,869,417,452,
30420,3476,1736,1740,6084,2975,3109,6952,3343,3609,6083,2904,3179,3476,1650,1826,869,417,452,
30425,3477,1736,1741,6085,2975,3110,6954,3344,3610,6084,2904,3180,3476,1650,1826,869,417,452,
30430,3478,1737,1741,6085,2975,3110,6954,3344,3610,6085,2905,3180,3476,1650,1826,869,417,452,
30435,3479,1738,1741,6087,2976,3111,6957,3346,3611,6086,2906,3180,3477,1651,1826,869,417,452,
30440,3479,1738,1741,6088,2977,3111,6957,3346,3611,6087,2906,3181,3477,1651,1826,870,418,452,
30445,3480,1738,1742,6088,2977,3111,6958,3347,3611,6088,2906,3182,3479,1651,1828,870,418,452,
30450,3480,1738,1742,6089,2978,3111,6959,3347,3612,6089,2907,3182,3480,1651,1829,870,418,452,
30455,3480,1738,1742,6091,2979,3112,6960,3348,3612,6090,2907,3183,3480,1651,1829,870,418,452,
30460,3481,1739,1742,6092,2980,3112,6962,3349,3613,6091,2907,3184,3480,1651,1829,870,418,452,
30465,3482,1739,1743,6092,2980,3112,6962,3349,3613,6092,2908,3184,3480,1651,1829,870,418,452,
30470,3483,1740,1743,6094,2981,3113,6965,3350,3615,6093,2909,3184,3481,1651,1830,870,418,452,
30475,3483,1740,1743,6095,2982,3113,6965,3350,3615,6094,2909,3185,3481,1651,1830,871,419,452,
30480,3484,1740,1744,6095,2982,3113,6966,3350,3616,6095,2909,3186,3483,1652,1831,871,419,452,
30485,3484,1740,1744,6096,2982,3114,6967,3350,3617,6096,2910,3186,3484,1653,1831,871,419,452,
30490,3484,1740,1744,6098,2984,3114,6968,3351,3617,6097,2911,3186,3484,1653,1831,871,419,452,
30495,3485,1740,1745,6099,2984,3115,6970,3352,3618,6098,2912,3186,3484,1653,1831,871,419,452,
30500,3486,1740,1746,6099,2984,3115,6970,3352,3618,6099,2913,3186,3484,1653,1831,871,419,452,
30505,3487,1741,1746,6101,2985,3116,6973,3353,3620,6100,2913,3187,3485,1654,1831,871,419,452,
30510,3487,1741,1746,6102,2986,3116,6973,3353,3620,6101,2913,3188,3485,1654,1831,872,420,452,
30515,3488,1741,1747,6102,2986,3116,6974,3353,3621,6102,2914,3188,3487,1655,1832,872,420,452,
30520,3488,1741,1747,6103,2986,3117,6975,3354,3621,6103,2914,3189,3488,1655,1833,872,420,452,
30525,3488,1741,1747,6105,2987,3118,6976,3355,3621,6104,2915,3189,3488,1655,1833,872,420,452,
30530,3489,1742,1747,6106,2988,3118,6978,3356,3622,6105,2916,3189,3488,1655,1833,872,420,452,
30535,3490,1742,1748,6106,2988,3118,6978,3356,3622,6106,2917,3189,3488,1655,1833,872,420,452,
30540,3491,1743,1748,6108,2989,3119,6981,3359,3622,6107,2917,3190,3489,1656,1833,872,420,452,
30545,3491,1743,1748,6109,2990,3119,6981,3359,3622,6108,2917,3191,3489,1656,1833,873,420,453,
30550,3492,1744,1748,6109,2990,3119,6982,3360,3622,6109,2918,3191,3491,1657,1834,873,420,453,
30555,3492,1744,1748,6110,2990,3120,6983,3361,3622,6110,2919,3191,3492,1658,1834,873,420,453,
30560,3492,1744,1748,6112,2990,3122,6984,3362,3622,6111,2920,3191,3492,1658,1834,873,420,453,
30565,3493,1745,1748,6113,2990,3123,6986,3362,3624,6112,2921,3191,3492,1658,1834,873,420,453,
30570,3494,1746,1748,6113,2990,3123,6986,3362,3624,6113,2922,3191,3492,1658,1834,873,420,453,
30575,3495,1747,1748,6115,2992,3123,6989,3363,3626,6114,2923,3191,3493,1658,1835,873,420,453,
30580,3495,1747,1748,6116,2992,3124,6989,3363,3626,6115,2924,3191,3493,1658,1835,874,420,454,
30585,3496,1747,1749,6116,2992,3124,6990,3364,3626,6116,2924,3192,3495,1659,1836,874,420,454,
30590,3496,1747,1749,6117,2993,3124,6991,3364,3627,6117,2924,3193,3496,1660,1836,874,420,454,
30595,3496,1747,1749,6119,2994,3125,6992,3364,3628,6118,2925,3193,3496,1660,1836,874,420,454,
30600,3497,1748,1749,6120,2994,3126,6994,3366,3628,6119,2925,3194,3496,1660,1836,874,420,454,
30605,3498,1749,1749,6120,2994,3126,6994,3366,3628,6120,2926,3194,3496,1660,1836,874,420,454,
30610,3499,1749,1750,6122,2995,3127,6997,3369,3628,6121,2927,3194,3497,1660,1837,874,420,454,
30615,3499,1749,1750,6123,2996,3127,6997,3369,3628,6122,2928,3194,3497,1660,1837,875,421,454,
30620,3500,1749,1751,6123,2996,3127,6998,3369,3629,6123,2929,3194,3499,1660,1839,875,421,454,
30625,3500,1749,1751,6124,2997,3127,6999,3369,3630,6124,2930,3194,3500,1661,1839,875,421,454,
30630,3500,1749,1751,6126,2998,3128,7000,3370,3630,6125,2930,3195,3500,1661,1839,875,421,454,
30635,3501,1750,1751,6127,2999,3128,7002,3370,3632,6126,2931,3195,3500,1661,1839,875,421,454,
30640,3502,1751,1751,6127,2999,3128,7002,3370,3632,6127,2931,3196,3500,1661,1839,875,421,454,
30645,3503,1751,1752,6129,3000,3129,7005,3373,3632,6128,2931,3197,3501,1662,1839,875,421,454,
30650,3503,1751,1752,6130,3000,3130,7005,3373,3632,6129,2931,3198,3501,1662,1839,876,421,455,
30655,3504,1752,1752,6130,3000,3130,7006,3373,3633,6130,2931,3199,3503,1663,1840,876,421,455,
30660,3504,1752,1752,6131,3001,3130,7007,3374,3633,6131,2931,3200,3504,1664,1840,876,421,455,
30665,3504,1752,1752,6133,3002,3131,7008,3374,3634,6132,2932,3200,3504,1664,1840,876,421,455,
30670,3505,1752,1753,6134,3003,3131,7010,3375,3635,6133,2932,3201,3504,1664,1840,876,421,455,
30675,3506,1753,1753,6134,3003,3131,7010,3375,3635,6134,2933,3201,3504,1664,1840,876,421,455,
30680,3507,1754,1753,6136,3004,3132,7013,3377,3636,6135,2933,3202,3505,1665,1840,876,421,455,
30685,3507,1754,1753,6137,3005,3132,7013,3377,3636,6136,2934,3202,3505,1665,1840,877,422,455,
30690,3508,1754,1754,6137,3005,3132,7014,3377,3637,6137,2934,3203,3507,1666,1841,877,422,455,
30695,3508,1754,1754,6138,3005,3133,7015,3377,3638,6138,2934,3204,3508,1666,1842,877,422,455,
30700,3508,1754,1754,6140,3006,3134,7016,3377,3639,6139,2934,3205,3508,1666,1842,877,422,455,
30705,3509,1754,1755,6141,3007,3134,7018,3378,3640,6140,2934,3206,3508,1666,1842,877,422,455,
30710,3510,1754,1756,6141,3007,3134,7018,3378,3640,6141,2935,3206,3508,1666,1842,877,422,455,
30715,3511,1754,1757,6143,3007,3136,7021,3379,3642,6142,2935,3207,3509,1666,1843,877,422,455,
30720,3511,1754,1757,6144,3008,3136,7021,3379,3642,6143,2936,3207,3509,1666,1843,878,423,455,
30725,3512,1755,1757,6144,3008,3136,7022,3379,3643,6144,2937,3207,3511,1667,1844,878,423,455,
30730,3512,1755,1757,6145,3009,3136,7023,3380,3643,6145,2937,3208,3512,1667,1845,878,423,455,
30735,3512,1755,1757,6147,3009,3138,7024,3381,3643,6146,2937,3209,3512,1667,1845,878,423,455,
30740,3513,1755,1758,6148,3010,3138,7026,3382,3644,6147,2937,3210,3512,1667,1845,878,423,455,
30745,3514,1756,1758,6148,3010,3138,7026,3382,3644,6148,2937,3211,3512,1667,1845,878,423,455,
30750,3515,1756,1759,6150,3012,3138,7029,3385,3644,6149,2938,3211,3513,1668,1845,878,423,455,
30755,3515,1756,1759,6151,3012,3139,7029,3385,3644,6150,2939,3211,3513,1668,1845,879,423,456,
30760,3516,1757,1759,6151,3012,3139,7030,3385,3645,6151,2940,3211,3515,1669,1846,879,423,456,
30765,3516,1757,1759,6152,3012,3140,7031,3385,3646,6152,2941,3211,3516,1670,1846,879,423,456,
30770,3516,1757,1759,6154,3012,3142,7032,3386,3646,6153,2941,3212,3516,1670,1846,879,423,456,
30775,3517,1758,1759,6155,3013,3142,7034,3387,3647,6154,2942,3212,3516,1670,1846,879,423,456,
30780,3518,1759,1759,6155,3013,3142,7034,3387,3647,6155,2942,3213,3516,1670,1846,879,423,456,
30785,3519,1760,1759,6157,3013,3144,7037,3390,3647,6156,2942,3214,3517,1671,1846,879,423,456,
30790,3519,1760,1759,6158,3014,3144,7037,3390,3647,6157,2942,3215,3517,1671,1846,880,424,456,
30795,3520,1760,1760,6158,3014,3144,7038,3390,3648,6158,2943,3215,3519,1671,1848,880,424,456,
30800,3520,1760,1760,6159,3015,3144,7039,3391,3648,6159,2944,3215,3520,1672,1848,880,424,456,
30805,3520,1760,1760,6161,3016,3145,7040,3392,3648,6160,2945,3215,3520,1672,1848,880,424,456,
30810,3521,1761,1760,6162,3017,3145,7042,3393,3649,6161,2946,3215,3520,1672,1848,880,424,456,
30815,3522,1761,1761,6162,3017,3145,7042,3393,3649,6162,2946,3216,3520,1672,1848,880,424,456,
30820,3523,1761,1762,6164,3017,3147,7045,3395,3650,6163,2946,3217,3521,1672,1849,880,424,456,
30825,3523,1761,1762,6165,3018,3147,7045,3395,3650,6164,2947,3217,3521,1672,1849,881,424,457,
30830,3524,1762,1762,6165,3018,3147,7046,3396,3650,6165,2947,3218,3523,1673,1850,881,424,457,
30835,3524,1762,1762,6166,3018,3148,7047,3396,3651,6166,2947,3219,3524,1674,1850,881,424,457,
30840,3524,1762,1762,6168,3019,3149,7048,3397,3651,6167,2948,3219,3524,1674,1850,881,424,457,
30845,3525,1762,1763,6169,3020,3149,7050,3398,3652,6168,2948,3220,3524,1674,1850,881,424,457,
30850,3526,1763,1763,6169,3020,3149,7050,3398,3652,6169,2949,3220,3524,1674,1850,881,424,457,
30855,3527,1764,1763,6171,3020,3151,7053,3398,3655,6170,2949,3221,3525,1674,1851,881,424,457,
30860,3527,1764,1763,6172,3021,3151,7053,3398,3655,6171,2949,3222,3525,1674,1851,882,424,458,
30865,3528,1764,1764,6172,3021,3151,7054,3398,3656,6172,2949,3223,3527,1675,1852,882,424,458,
30870,3528,1764,1764,6173,3022,3151,7055,3399,3656,6173,2950,3223,3528,1675,1853,882,424,458,
30875,3528,1764,1764,6175,3024,3151,7056,3399,3657,6174,2950,3224,3528,1675,1853,882,424,458,
30880,3529,1764,1765,6176,3024,3152,7058,3400,3658,6175,2950,3225,3528,1675,1853,882,424,458,
30885,3530,1765,1765,6176,3024,3152,7058,3400,3658,6176,2950,3226,3528,1675,1853,882,424,458,
30890,3531,1766,1765,6178,3025,3153,7061,3401,3660,6177,2950,3227,3529,1676,1853,882,424,458,
30895,3531,1766,1765,6179,3025,3154,7061,3401,3660,6178,2951,3227,3529,1676,1853,883,425,458,
30900,3532,1766,1766,6179,3025,3154,7062,3402,3660,6179,2952,3227,3531,1677,1854,883,425,458,
30905,3532,1766,1766,6180,3026,3154,7063,3402,3661,6180,2953,3227,3532,1677,1855,883,425,458,
30910,3532,1766,1766,6182,3027,3155,7064,3402,3662,6181,2953,3228,3532,1677,1855,883,425,458,
30915,3533,1767,1766,6183,3028,3155,7066,3404,3662,6182,2954,3228,3532,1677,1855,883,425,458,
30920,3534,1767,1767,6183,3028,3155,7066,3404,3662,6183,2955,3228,3532,1677,1855,883,425,458,
30925,3535,1768,1767,6185,3028,3157,7069,3404,3665,6184,2956,3228,3533,1677,1856,883,425,458,
30930,3535,1768,1767,6186,3029,3157,7069,3404,3665,6185,2956,3229,3533,1677,1856,884,425,459,
30935,3536,1769,1767,6186,3029,3157,7070,3404,3666,6186,2957,3229,3535,1678,1857,884,425,459,
30940,3536,1769,1767,6187,3029,3158,7071,3404,3667,6187,2958,3229,3536,1678,1858,884,425,459,
30945,3536,1769,1767,6189,3031,3158,7072,3404,3668,6188,2958,3230,3536,1678,1858,884,425,459,
30950,3537,1769,1768,6190,3032,3158,7074,3406,3668,6189,2958,3231,3536,1678,1858,884,425,459,
30955,3538,1769,1769,6190,3032,3158,7074,3406,3668,6190,2958,3232,3536,1678,1858,884,425,459,
30960,3539,1770,1769,6192,3032,3160,7077,3406,3671,6191,2958,3233,3537,1678,1859,884,425,459,
30965,3539,1770,1769,6193,3033,3160,7077,3406,3671,6192,2958,3234,3537,1678,1859,885,425,460,
30970,3540,1770,1770,6193,3033,3160,7078,3407,3671,6193,2959,3234,3539,1678,1861,885,425,460,
30975,3540,1770,1770,6194,3033,3161,7079,3408,3671,6194,2960,3234,3540,1679,1861,885,425,460,
30980,3540,1770,1770,6196,3033,3163,7080,3408,3672,6195,2961,3234,3540,1679,1861,885,425,460,
30985,3541,1771,1770,6197,3033,3164,7082,3410,3672,6196,2961,3235,3540,1679,1861,885,425,460,
30990,3542,1771,1771,6197,3033,3164,7082,3410,3672,6197,2962,3235,3540,1679,1861,885,425,460,
30995,3543,1771,1772,6199,3034,3165,7085,3412,3673,6198,2962,3236,3541,1679,1862,885,425,460,
31000,3543,1771,1772,6200,3034,3166,7085,3412,3673,6199,2962,3237,3541,1679,1862,886,426,460,
31005,3544,1772,1772,6200,3034,3166,7086,3413,3673,6200,2962,3238,3543,1679,1864,886,426,460,
31010,3544,1772,1772,6201,3034,3167,7087,3413,3674,6201,2962,3239,3544,1679,1865,886,426,460,
31015,3544,1772,1772,6203,3035,3168,7088,3413,3675,6202,2963,3239,3544,1679,1865,886,426,460,
31020,3545,1772,1773,6204,3035,3169,7090,3414,3676,6203,2964,3239,3544,1679,1865,886,426,460,
31025,3546,1772,1774,6204,3035,3169,7090,3414,3676,6204,2965,3239,3544,1679,1865,886,426,460,
31030,3547,1772,1775,6206,3036,3170,7093,3415,3678,6205,2965,3240,3545,1680,1865,886,426,460,
31035,3547,1772,1775,6207,3037,3170,7093,3415,3678,6206,2965,3241,3545,1680,1865,887,426,461,
31040,3548,1772,1776,6207,3037,3170,7094,3416,3678,6207,2966,3241,3547,1681,1866,887,426,461,
31045,3548,1772,1776,6208,3037,3171,7095,3417,3678,6208,2966,3242,3548,1682,1866,887,426,461,
31050,3548,1772,1776,6210,3037,3173,7096,3418,3678,6209,2967,3242,3548,1682,1866,887,426,461,
31055,3549,1773,1776,6211,3037,3174,7098,3419,3679,6210,2967,3243,3548,1682,1866,887,426,461,
31060,3550,1774,1776,6211,3037,3174,7098,3419,3679,6211,2967,3244,3548,1682,1866,887,426,461,
31065,3551,1774,1777,6213,3038,3175,7101,3422,3679,6212,2967,3245,3549,1683,1866,887,426,461,
31070,3551,1774,1777,6214,3038,3176,7101,3422,3679,6213,2968,3245,3549,1683,1866,888,427,461,
31075,3552,1774,1778,6214,3038,3176,7102,3422,3680,6214,2969,3245,3551,1684,1867,888,427,461,
31080,3552,1774,1778,6215,3038,3177,7103,3422,3681,6215,2970,3245,3552,1685,1867,888,427,461,
31085,3552,1774,1778,6217,3038,3179,7104,3422,3682,6216,2971,3245,3552,1685,1867,888,427,461,
31090,3553,1774,1779,6218,3038,3180,7106,3422,3684,6217,2972,3245,3552,1685,1867,888,427,461,
31095,3554,1774,1780,6218,3038,3180,7106,3422,3684,6218,2972,3246,3552,1685,1867,888,427,461,
31100,3555,1774,1781,6220,3040,3180,7109,3424,3685,6219,2972,3247,3553,1685,1868,888,427,461,
31105,3555,1774,1781,6221,3041,3180,7109,3424,3685,6220,2972,3248,3553,1685,1868,889,427,462,
31110,3556,1775,1781,6221,3041,3180,7110,3424,3686,6221,2972,3249,3555,1687,1868,889,427,462,
31115,3556,1775,1781,6222,3041,3181,7111,3425,3686,6222,2973,3249,3556,1687,1869,889,427,462,
31120,3556,1775,1781,6224,3041,3183,7112,3426,3686,6223,2973,3250,3556,1687,1869,889,427,462,
31125,3557,1776,1781,6225,3042,3183,7114,3427,3687,6224,2974,3250,3556,1687,1869,889,427,462,
31130,3558,1776,1782,6225,3042,3183,7114,3427,3687,6225,2974,3251,3556,1687,1869,889,427,462,
31135,3559,1776,1783,6227,3042,3185,7117,3427,3690,6226,2974,3252,3557,1688,1869,889,427,462,
31140,3559,1776,1783,6228,3042,3186,7117,3427,3690,6227,2974,3253,3557,1688,1869,890,427,463,
31145,3560,1776,1784,6228,3042,3186,7118,3427,3691,6228,2974,3254,3559,1690,1869,890,427,463,
31150,3560,1776,1784,6229,3043,3186,7119,3428,3691,6229,2975,3254,3560,1691,1869,890,427,463,
31155,3560,1776,1784,6231,3043,3188,7120,3428,3692,6230,2976,3254,3560,1691,1869,890,427,463,
31160,3561,1776,1785,6232,3044,3188,7122,3429,3693,6231,2976,3255,3560,1691,1869,890,427,463,
31165,3562,1777,1785,6232,3044,3188,7122,3429,3693,6232,2976,3256,3560,1691,1869,890,427,463,
31170,3563,1778,1785,6234,3044,3190,7125,3431,3694,6233,2976,3257,3561,1691,1870,890,427,463,
31175,3563,1778,1785,6235,3044,3191,7125,3431,3694,6234,2976,3258,3561,1691,1870,891,427,464,
31180,3564,1778,1786,6235,3044,3191,7126,3431,3695,6235,2977,3258,3563,1691,1872,891,427,464,
31185,3564,1778,1786,6236,3044,3192,7127,3432,3695,6236,2977,3259,3564,1692,1872,891,427,464,
31190,3564,1778,1786,6238,3046,3192,7128,3432,3696,6237,2978,3259,3564,1692,1872,891,427,464,
31195,3565,1778,1787,6239,3047,3192,7130,3432,3698,6238,2978,3260,3564,1692,1872,891,427,464,
31200,3566,1778,1788,6239,3047,3192,7130,3432,3698,6239,2978,3261,3564,1692,1872,891,427,464,
31205,3567,1779,1788,6241,3047,3194,7133,3432,3701,6240,2978,3262,3565,1692,1873,891,427,464,
31210,3567,1779,1788,6242,3047,3195,7133,3432,3701,6241,2979,3262,3565,1692,1873,892,427,465,
31215,3568,1779,1789,6242,3047,3195,7134,3433,3701,6242,2980,3262,3567,1692,1875,892,427,465,
31220,3568,1779,1789,6243,3047,3196,7135,3434,3701,6243,2981,3262,3568,1693,1875,892,427,465,
31225,3568,1779,1789,6245,3049,3196,7136,3434,3702,6244,2981,3263,3568,1693,1875,892,427,465,
31230,3569,1779,1790,6246,3049,3197,7138,3435,3703,6245,2982,3263,3568,1693,1875,892,427,465,
31235,3570,1780,1790,6246,3049,3197,7138,3435,3703,6246,2982,3264,3568,1693,1875,892,427,465,
31240,3571,1781,1790,6248,3051,3197,7141,3435,3706,6247,2983,3264,3569,1693,1876,892,427,465,
31245,3571,1781,1790,6249,3052,3197,7141,3435,3706,6248,2984,3264,3569,1693,1876,893,428,465,
31250,3572,1782,1790,6249,3052,3197,7142,3435,3707,6249,2984,3265,3571,1694,1877,893,428,465,
31255,3572,1782,1790,6250,3052,3198,7143,3435,3708,6250,2984,3266,3572,1695,1877,893,428,465,
31260,3572,1782,1790,6252,3054,3198,7144,3436,3708,6251,2985,3266,3572,1695,1877,893,428,465,
31265,3573,1783,1790,6253,3054,3199,7146,3438,3708,6252,2986,3266,3572,1695,1877,893,428,465,
31270,3574,1783,1791,6253,3054,3199,7146,3438,3708,6253,2986,3267,3572,1695,1877,893,428,465,
31275,3575,1783,1792,6255,3055,3200,7149,3439,3710,6254,2986,3268,3573,1696,1877,893,428,465,
31280,3575,1783,1792,6256,3055,3201,7149,3439,3710,6255,2987,3268,3573,1696,1877,894,428,466,
31285,3576,1783,1793,6256,3055,3201,7150,3439,3711,6256,2988,3268,3575,1697,1878,894,428,466,
31290,3576,1783,1793,6257,3056,3201,7151,3439,3712,6257,2988,3269,3576,1697,1879,894,428,466,
31295,3576,1783,1793,6259,3056,3203,7152,3440,3712,6258,2989,3269,3576,1697,1879,894,428,466,
31300,3577,1784,1793,6260,3056,3204,7154,3440,3714,6259,2989,3270,3576,1697,1879,894,428,466,
31305,3578,1784,1794,6260,3056,3204,7154,3440,3714,6260,2990,3270,3576,1697,1879,894,428,466,
31310,3579,1784,1795,6262,3057,3205,7157,3440,3717,6261,2990,3271,3577,1697,1880,894,428,466,
31315,3579,1784,1795,6263,3058,3205,7157,3440,3717,6262,2990,3272,3577,1697,1880,895,429,466,
31320,3580,1784,1796,6263,3058,3205,7158,3440,3718,6263,2990,3273,3579,1698,1881,895,429,466,
31325,3580,1784,1796,6264,3058,3206,7159,3440,3719,6264,2991,3273,3580,1699,1881,895,429,466,
31330,3580,1784,1796,6266,3059,3207,7160,3440,3720,6265,2992,3273,3580,1699,1881,895,429,466,
31335,3581,1784,1797,6267,3059,3208,7162,3442,3720,6266,2993,3273,3580,1699,1881,895,429,466,
31340,3582,1784,1798,6267,3059,3208,7162,3442,3720,6267,2993,3274,3580,1699,1881,895,429,466,
31345,3583,1784,1799,6269,3059,3210,7165,3443,3722,6268,2993,3275,3581,1700,1881,895,429,466,
31350,3583,1784,1799,6270,3059,3211,7165,3443,3722,6269,2994,3275,3581,1700,1881,896,430,466,
31355,3584,1785,1799,6270,3059,3211,7166,3444,3722,6270,2995,3275,3583,1702,1881,896,430,466,
31360,3584,1785,1799,6271,3060,3211,7167,3445,3722,6271,2996,3275,3584,1703,1881,896,430,466,
31365,3584,1785,1799,6273,3061,3212,7168,3446,3722,6272,2997,3275,3584,1703,1881,896,430,466,
31370,3585,1786,1799,6274,3061,3213,7170,3448,3722,6273,2997,3276,3584,1703,1881,896,430,466,
31375,3586,1787,1799,6274,3061,3213,7170,3448,3722,6274,2997,3277,3584,1703,1881,896,430,466,
31380,3587,1788,1799,6276,3061,3215,7173,3448,3725,6275,2997,3278,3585,1703,1882,896,430,466,
31385,3587,1788,1799,6277,3061,3216,7173,3448,3725,6276,2998,3278,3585,1703,1882,897,431,466,
31390,3588,1788,1800,6277,3061,3216,7174,3448,3726,6277,2998,3279,3587,1704,1883,897,431,466,
31395,3588,1788,1800,6278,3061,3217,7175,3448,3727,6278,2998,3280,3588,1704,1884,897,431,466,
31400,3588,1788,1800,6280,3062,3218,7176,3449,3727,6279,2998,3281,3588,1704,1884,897,431,466,
31405,3589,1788,1801,6281,3062,3219,7178,3451,3727,6280,2998,3282,3588,1704,1884,897,431,466,
31410,3590,1789,1801,6281,3062,3219,7178,3451,3727,6281,2999,3282,3588,1704,1884,897,431,466,
31415,3591,1789,1802,6283,3063,3220,7181,3452,3729,6282,2999,3283,3589,1705,1884,897,431,466,
31420,3591,1789,1802,6284,3063,3221,7181,3452,3729,6283,2999,3284,3589,1705,1884,898,432,466,
31425,3592,1789,1803,6284,3063,3221,7182,3453,3729,6284,2999,3285,3591,1706,1885,898,432,466,
31430,3592,1789,1803,6285,3064,3221,7183,3454,3729,6285,2999,3286,3592,1707,1885,898,432,466,
31435,3592,1789,1803,6287,3065,3222,7184,3455,3729,6286,3000,3286,3592,1707,1885,898,432,466,
31440,3593,1790,1803,6288,3066,3222,7186,3455,3731,6287,3000,3287,3592,1707,1885,898,432,466,
31445,3594,1790,1804,6288,3066,3222,7186,3455,3731,6288,3000,3288,3592,1707,1885,898,432,466,
31450,3595,1791,1804,6290,3067,3223,7189,3457,3732,6289,3000,3289,3593,1707,1886,898,432,466,
31455,3595,1791,1804,6291,3067,3224,7189,3457,3732,6290,3000,3290,3593,1707,1886,899,433,466,
31460,3596,1791,1805,6291,3067,3224,7190,3458,3732,6291,3000,3291,3595,1708,1887,899,433,466,
31465,3596,1791,1805,6292,3068,3224,7191,3459,3732,6292,3000,3292,3596,1708,1888,899,433,466,
31470,3596,1791,1805,6294,3070,3224,7192,3459,3733,6293,3000,3293,3596,1708,1888,899,433,466,
31475,3597,1791,1806,6295,3070,3225,7194,3460,3734,6294,3000,3294,3596,1708,1888,899,433,466,
31480,3598,1792,1806,6295,3070,3225,7194,3460,3734,6295,3001,3294,3596,1708,1888,899,433,466,
31485,3599,1793,1806,6297,3071,3226,7197,3461,3736,6296,3002,3294,3597,1709,1888,899,433,466,
31490,3599,1793,1806,6298,3071,3227,7197,3461,3736,6297,3003,3294,3597,1709,1888,900,434,466,
31495,3600,1794,1806,6298,3071,3227,7198,3462,3736,6298,3004,3294,3599,1709,1890,900,434,466,
31500,3600,1794,1806,6299,3072,3227,7199,3463,3736,6299,3005,3294,3600,1710,1890,900,434,466,
31505,3600,1794,1806,6301,3072,3229,7200,3464,3736,6300,3006,3294,3600,1710,1890,900,434,466,
31510,3601,1794,1807,6302,3072,3230,7202,3465,3737,6301,3006,3295,3600,1710,1890,900,434,466,
31515,3602,1795,1807,6302,3072,3230,7202,3465,3737,6302,3007,3295,3600,1710,1890,900,434,466,
31520,3603,1796,1807,6304,3073,3231,7205,3467,3738,6303,3007,3296,3601,1711,1890,900,434,466,
31525,3603,1796,1807,6305,3073,3232,7205,3467,3738,6304,3008,3296,3601,1711,1890,901,434,467,
31530,3604,1796,1808,6305,3073,3232,7206,3467,3739,6305,3008,3297,3603,1712,1891,901,434,467,
31535,3604,1796,1808,6306,3074,3232,7207,3468,3739,6306,3009,3297,3604,1713,1891,901,434,467,
31540,3604,1796,1808,6308,3074,3234,7208,3468,3740,6307,3010,3297,3604,1713,1891,901,434,467,
31545,3605,1797,1808,6309,3075,3234,7210,3469,3741,6308,3011,3297,3604,1713,1891,901,434,467,
31550,3606,1797,1809,6309,3075,3234,7210,3469,3741,6309,3012,3297,3604,1713,1891,901,434,467,
31555,3607,1797,1810,6311,3077,3234,7213,3470,3743,6310,3012,3298,3605,1713,1892,901,434,467,
31560,3607,1797,1810,6312,3078,3234,7213,3470,3743,6311,3012,3299,3605,1713,1892,902,435,467,
31565,3608,1798,1810,6312,3078,3234,7214,3471,3743,6312,3013,3299,3607,1713,1894,902,435,467,
31570,3608,1798,1810,6313,3079,3234,7215,3471,3744,6313,3013,3300,3608,1713,1895,902,435,467,
31575,3608,1798,1810,6315,3081,3234,7216,3471,3745,6314,3014,3300,3608,1713,1895,902,435,467,
31580,3609,1798,1811,6316,3082,3234,7218,3472,3746,6315,3014,3301,3608,1713,1895,902,435,467,
31585,3610,1798,1812,6316,3082,3234,7218,3472,3746,6316,3015,3301,3608,1713,1895,902,435,467,
31590,3611,1798,1813,6318,3082,3236,7221,3475,3746,6317,3016,3301,3609,1714,1895,902,435,467,
31595,3611,1798,1813,6319,3082,3237,7221,3475,3746,6318,3017,3301,3609,1714,1895,903,435,468,
31600,3612,1798,1814,6319,3082,3237,7222,3475,3747,6319,3018,3301,3611,1714,1897,903,435,468,
31605,3612,1798,1814,6320,3082,3238,7223,3476,3747,6320,3018,3302,3612,1715,1897,903,435,468,
31610,3612,1798,1814,6322,3082,3240,7224,3477,3747,6321,3018,3303,3612,1715,1897,903,435,468,
31615,3613,1798,1815,6323,3082,3241,7226,3477,3749,6322,3019,3303,3612,1715,1897,903,435,468,
31620,3614,1799,1815,6323,3082,3241,7226,3477,3749,6323,3019,3304,3612,1715,1897,903,435,468,
31625,3615,1800,1815,6325,3083,3242,7229,3479,3750,6324,3019,3305,3613,1715,1898,903,435,468,
31630,3615,1800,1815,6326,3084,3242,7229,3479,3750,6325,3019,3306,3613,1715,1898,904,435,469,
31635,3616,1801,1815,6326,3084,3242,7230,3480,3750,6326,3020,3306,3615,1716,1899,904,435,469,
31640,3616,1801,1815,6327,3084,3243,7231,3480,3751,6327,3020,3307,3616,1717,1899,904,435,469,
31645,3616,1801,1815,6329,3084,3245,7232,3481,3751,6328,3021,3307,3616,1717,1899,904,435,469,
31650,3617,1801,1816,6330,3085,3245,7234,3482,3752,6329,3021,3308,3616,1717,1899,904,435,469,
31655,3618,1802,1816,6330,3085,3245,7234,3482,3752,6330,3021,3309,3616,1717,1899,904,435,469,
31660,3619,1802,1817,6332,3086,3246,7237,3483,3754,6331,3021,3310,3617,1718,1899,904,435,469,
31665,3619,1802,1817,6333,3087,3246,7237,3483,3754,6332,3022,3310,3617,1718,1899,905,436,469,
31670,3620,1803,1817,6333,3087,3246,7238,3484,3754,6333,3022,3311,3619,1719,1900,905,436,469,
31675,3620,1803,1817,6334,3088,3246,7239,3485,3754,6334,3023,3311,3620,1719,1901,905,436,469,
31680,3620,1803,1817,6336,3090,3246,7240,3485,3755,6335,3023,3312,3620,1719,1901,905,436,469,
31685,3621,1804,1817,6337,3091,3246,7242,3485,3757,6336,3023,3313,3620,1719,1901,905,436,469,
31690,3622,1805,1817,6337,3091,3246,7242,3485,3757,6337,3023,3314,3620,1719,1901,905,436,469,
31695,3623,1805,1818,6339,3092,3247,7245,3486,3759,6338,3023,3315,3621,1719,1902,905,436,469,
31700,3623,1805,1818,6340,3092,3248,7245,3486,3759,6339,3024,3315,3621,1719,1902,906,436,470,
31705,3624,1805,1819,6340,3092,3248,7246,3486,3760,6340,3025,3315,3623,1720,1903,906,436,470,
31710,3624,1805,1819,6341,3092,3249,7247,3486,3761,6341,3025,3316,3624,1720,1904,906,436,470,
31715,3624,1805,1819,6343,3093,3250,7248,3486,3762,6342,3026,3316,3624,1720,1904,906,436,470,
31720,3625,1806,1819,6344,3094,3250,7250,3487,3763,6343,3026,3317,3624,1720,1904,906,436,470,
31725,3626,1807,1819,6344,3094,3250,7250,3487,3763,6344,3026,3318,3624,1720,1904,906,436,470,
31730,3627,1807,1820,6346,3095,3251,7253,3490,3763,6345,3026,3319,3625,1720,1905,906,436,470,
31735,3627,1807,1820,6347,3096,3251,7253,3490,3763,6346,3026,3320,3625,1720,1905,907,437,470,
31740,3628,1807,1821,6347,3096,3251,7254,3491,3763,6347,3026,3321,3627,1720,1907,907,437,470,
31745,3628,1807,1821,6348,3096,3252,7255,3491,3764,6348,3026,3322,3628,1721,1907,907,437,470,
31750,3628,1807,1821,6350,3096,3254,7256,3491,3765,6349,3027,3322,3628,1721,1907,907,437,470,
31755,3629,1807,1822,6351,3097,3254,7258,3491,3767,6350,3027,3323,3628,1721,1907,907,437,470,
31760,3630,1807,1823,6351,3097,3254,7258,3491,3767,6351,3027,3324,3628,1721,1907,907,437,470,
31765,3631,1807,1824,6353,3098,3255,7261,3494,3767,6352,3027,3325,3629,1721,1908,907,437,470,
31770,3631,1807,1824,6354,3099,3255,7261,3494,3767,6353,3028,3325,3629,1721,1908,908,437,471,
31775,3632,1808,1824,6354,3099,3255,7262,3494,3768,6354,3028,3326,3631,1722,1909,908,437,471,
31780,3632,1808,1824,6355,3100,3255,7263,3494,3769,6355,3028,3327,3632,1722,1910,908,437,471,
31785,3632,1808,1824,6357,3101,3256,7264,3495,3769,6356,3029,3327,3632,1722,1910,908,437,471,
31790,3633,1808,1825,6358,3101,3257,7266,3496,3770,6357,3030,3327,3632,1722,1910,908,437,471,
31795,3634,1809,1825,6358,3101,3257,7266,3496,3770,6358,3030,3328,3632,1722,1910,908,437,471,
31800,3635,1809,1826,6360,3103,3257,7269,3496,3773,6359,3031,3328,3633,1723,1910,908,437,471,
31805,3635,1809,1826,6361,3103,3258,7269,3496,3773,6360,3031,3329,3633,1723,1910,909,437,472,
31810,3636,1810,1826,6361,3103,3258,7270,3497,3773,6361,3031,3330,3635,1724,1911,909,437,472,
31815,3636,1810,1826,6362,3104,3258,7271,3497,3774,6362,3031,3331,3636,1724,1912,909,437,472,
31820,3636,1810,1826,6364,3105,3259,7272,3497,3775,6363,3031,3332,3636,1724,1912,909,437,472,
31825,3637,1810,1827,6365,3106,3259,7274,3499,3775,6364,3031,3333,3636,1724,1912,909,437,472,
31830,3638,1811,1827,6365,3106,3259,7274,3499,3775,6365,3032,3333,3636,1724,1912,909,437,472,
31835,3639,1812,1827,6367,3108,3259,7277,3502,3775,6366,3033,3333,3637,1725,1912,909,437,472,
31840,3639,1812,1827,6368,3109,3259,7277,3502,3775,6367,3034,3333,3637,1725,1912,910,437,473,
31845,3640,1813,1827,6368,3109,3259,7278,3503,3775,6368,3034,3334,3639,1725,1914,910,437,473,
31850,3640,1813,1827,6369,3109,3260,7279,3504,3775,6369,3034,3335,3640,1726,1914,910,437,473,
31855,3640,1813,1827,6371,3109,3262,7280,3505,3775,6370,3034,3336,3640,1726,1914,910,437,473,
31860,3641,1813,1828,6372,3110,3262,7282,3506,3776,6371,3034,3337,3640,1726,1914,910,437,473,
31865,3642,1813,1829,6372,3110,3262,7282,3506,3776,6372,3034,3338,3640,1726,1914,910,437,473,
31870,3643,1813,1830,6374,3110,3264,7285,3508,3777,6373,3034,3339,3641,1726,1915,910,437,473,
31875,3643,1813,1830,6375,3110,3265,7285,3508,3777,6374,3035,3339,3641,1726,1915,911,437,474,
31880,3644,1814,1830,6375,3110,3265,7286,3509,3777,6375,3036,3339,3643,1727,1916,911,437,474,
31885,3644,1814,1830,6376,3111,3265,7287,3509,3778,6376,3037,3339,3644,1727,1917,911,437,474,
31890,3644,1814,1830,6378,3113,3265,7288,3509,3779,6377,3038,3339,3644,1727,1917,911,437,474,
31895,3645,1814,1831,6379,3114,3265,7290,3511,3779,6378,3039,3339,3644,1727,1917,911,437,474,
31900,3646,1814,1832,6379,3114,3265,7290,3511,3779,6379,3040,3339,3644,1727,1917,911,437,474,
31905,3647,1814,1833,6381,3115,3266,7293,3511,3782,6380,3041,3339,3645,1727,1918,911,437,474,
31910,3647,1814,1833,6382,3115,3267,7293,3511,3782,6381,3041,3340,3645,1727,1918,912,437,475,
31915,3648,1815,1833,6382,3115,3267,7294,3511,3783,6382,3042,3340,3647,1727,1920,912,437,475,
31920,3648,1815,1833,6383,3116,3267,7295,3511,3784,6383,3042,3341,3648,1727,1921,912,437,475,
31925,3648,1815,1833,6385,3116,3269,7296,3512,3784,6384,3043,3341,3648,1727,1921,912,437,475,
31930,3649,1816,1833,6386,3117,3269,7298,3513,3785,6385,3044,3341,3648,1727,1921,912,437,475,
31935,3650,1816,1834,6386,3117,3269,7298,3513,3785,6386,3044,3342,3648,1727,1921,912,437,475,
31940,3651,1817,1834,6388,3119,3269,7301,3515,3786,6387,3045,3342,3649,1727,1922,912,437,475,
31945,3651,1817,1834,6389,3119,3270,7301,3515,3786,6388,3046,3342,3649,1727,1922,913,437,476,
31950,3652,1818,1834,6389,3119,3270,7302,3516,3786,6389,3047,3342,3651,1728,1923,913,437,476,
31955,3652,1818,1834,6390,3119,3271,7303,3517,3786,6390,3047,3343,3652,1729,1923,913,437,476,
31960,3652,1818,1834,6392,3121,3271,7304,3517,3787,6391,3047,3344,3652,1729,1923,913,437,476,
31965,3653,1819,1834,6393,3121,3272,7306,3518,3788,6392,3047,3345,3652,1729,1923,913,437,476,
31970,3654,1820,1834,6393,3121,3272,7306,3518,3788,6393,3047,3346,3652,1729,1923,913,437,476,
31975,3655,1821,1834,6395,3122,3273,7309,3518,3791,6394,3047,3347,3653,1729,1924,913,437,476,
31980,3655,1821,1834,6396,3123,3273,7309,3518,3791,6395,3048,3347,3653,1729,1924,914,437,477,
31985,3656,1822,1834,6396,3123,3273,7310,3518,3792,6396,3048,3348,3655,1729,1926,914,437,477,
31990,3656,1822,1834,6397,3123,3274,7311,3518,3793,6397,3048,3349,3656,1729,1927,914,437,477,
31995,3656,1822,1834,6399,3124,3275,7312,3519,3793,6398,3048,3350,3656,1729,1927,914,437,477,
32000,3657,1822,1835,6400,3124,3276,7314,3519,3795,6399,3048,3351,3656,1729,1927,914,437,477,
32005,3658,1822,1836,6400,3124,3276,7314,3519,3795,6400,3048,3352,3656,1729,1927,914,437,477,
32010,3659,1823,1836,6402,3126,3276,7317,3519,3798,6401,3048,3353,3657,1730,1927,914,437,477,
32015,3659,1823,1836,6403,3126,3277,7317,3519,3798,6402,3049,3353,3657,1730,1927,915,437,478,
32020,3660,1823,1837,6403,3126,3277,7318,3520,3798,6403,3050,3353,3659,1731,1928,915,437,478,
32025,3660,1823,1837,6404,3126,3278,7319,3521,3798,6404,3050,3354,3660,1731,1929,915,437,478,
32030,3660,1823,1837,6406,3126,3280,7320,3521,3799,6405,3050,3355,3660,1731,1929,915,437,478,
32035,3661,1824,1837,6407,3126,3281,7322,3522,3800,6406,3050,3356,3660,1731,1929,915,437,478,
32040,3662,1825,1837,6407,3126,3281,7322,3522,3800,6407,3051,3356,3660,1731,1929,915,437,478,
32045,3663,1826,1837,6409,3128,3281,7325,3522,3803,6408,3051,3357,3661,1732,1929,915,437,478,
32050,3663,1826,1837,6410,3128,3282,7325,3522,3803,6409,3051,3358,3661,1732,1929,916,438,478,
32055,3664,1826,1838,6410,3128,3282,7326,3523,3803,6410,3052,3358,3663,1733,1930,916,438,478,
32060,3664,1826,1838,6411,3128,3283,7327,3523,3804,6411,3052,3359,3664,1733,1931,916,438,478,
32065,3664,1826,1838,6413,3128,3285,7328,3523,3805,6412,3052,3360,3664,1733,1931,916,438,478,
32070,3665,1827,1838,6414,3128,3286,7330,3525,3805,6413,3052,3361,3664,1733,1931,916,438,478,
32075,3666,1828,1838,6414,3128,3286,7330,3525,3805,6414,3053,3361,3664,1733,1931,916,438,478,
32080,3667,1828,1839,6416,3129,3287,7333,3526,3807,6415,3054,3361,3665,1733,1932,916,438,478,
32085,3667,1828,1839,6417,3129,3288,7333,3526,3807,6416,3055,3361,3665,1733,1932,917,439,478,
32090,3668,1828,1840,6417,3129,3288,7334,3526,3808,6417,3056,3361,3667,1733,1934,917,439,478,
32095,3668,1828,1840,6418,3129,3289,7335,3527,3808,6418,3056,3362,3668,1733,1935,917,439,478,
32100,3668,1828,1840,6420,3131,3289,7336,3528,3808,6419,3056,3363,3668,1733,1935,917,439,478,
32105,3669,1829,1840,6421,3131,3290,7338,3528,3810,6420,3057,3363,3668,1733,1935,917,439,478,
32110,3670,1830,1840,6421,3131,3290,7338,3528,3810,6421,3058,3363,3668,1733,1935,917,439,478,
32115,3671,1830,1841,6423,3131,3292,7341,3531,3810,6422,3059,3363,3669,1733,1936,917,439,478,
32120,3671,1830,1841,6424,3131,3293,7341,3531,3810,6423,3060,3363,3669,1733,1936,918,440,478,
32125,3672,1830,1842,6424,3131,3293,7342,3531,3811,6424,3061,3363,3671,1733,1938,918,440,478,
32130,3672,1830,1842,6425,3131,3294,7343,3532,3811,6425,3062,3363,3672,1734,1938,918,440,478,
32135,3672,1830,1842,6427,3132,3295,7344,3533,3811,6426,3063,3363,3672,1734,1938,918,440,478,
32140,3673,1831,1842,6428,3132,3296,7346,3534,3812,6427,3063,3364,3672,1734,1938,918,440,478,
32145,3674,1832,1842,6428,3132,3296,7346,3534,3812,6428,3063,3365,3672,1734,1938,918,440,478,
32150,3675,1833,1842,6430,3133,3297,7349,3535,3814,6429,3064,3365,3673,1735,1938,918,440,478,
32155,3675,1833,1842,6431,3133,3298,7349,3535,3814,6430,3064,3366,3673,1735,1938,919,441,478,
32160,3676,1833,1843,6431,3133,3298,7350,3535,3815,6431,3064,3367,3675,1737,1938,919,441,478,
32165,3676,1833,1843,6432,3133,3299,7351,3535,3816,6432,3065,3367,3676,1737,1939,919,441,478,
32170,3676,1833,1843,6434,3134,3300,7352,3535,3817,6433,3066,3367,3676,1737,1939,919,441,478,
32175,3677,1834,1843,6435,3135,3300,7354,3536,3818,6434,3066,3368,3676,1737,1939,919,441,478,
32180,3678,1835,1843,6435,3135,3300,7354,3536,3818,6435,3067,3368,3676,1737,1939,919,441,478,
32185,3679,1835,1844,6437,3136,3301,7357,3537,3820,6436,3067,3369,3677,1738,1939,919,441,478,
32190,3679,1835,1844,6438,3137,3301,7357,3537,3820,6437,3067,3370,3677,1738,1939,920,442,478,
32195,3680,1836,1844,6438,3137,3301,7358,3538,3820,6438,3068,3370,3679,1738,1941,920,442,478,
32200,3680,1836,1844,6439,3138,3301,7359,3538,3821,6439,3069,3370,3680,1739,1941,920,442,478,
32205,3680,1836,1844,6441,3140,3301,7360,3538,3822,6440,3070,3370,3680,1739,1941,920,442,478,
32210,3681,1836,1845,6442,3141,3301,7362,3539,3823,6441,3070,3371,3680,1739,1941,920,442,478,
32215,3682,1837,1845,6442,3141,3301,7362,3539,3823,6442,3071,3371,3680,1739,1941,920,442,478,
32220,3683,1838,1845,6444,3142,3302,7365,3541,3824,6443,3071,3372,3681,1739,1942,920,442,478,
32225,3683,1838,1845,6445,3143,3302,7365,3541,3824,6444,3072,3372,3681,1739,1942,921,442,479,
32230,3684,1839,1845,6445,3143,3302,7366,3541,3825,6445,3073,3372,3683,1740,1943,921,442,479,
32235,3684,1839,1845,6446,3143,3303,7367,3542,3825,6446,3073,3373,3684,1740,1944,921,442,479,
32240,3684,1839,1845,6448,3144,3304,7368,3542,3826,6447,3073,3374,3684,1740,1944,921,442,479,
32245,3685,1839,1846,6449,3144,3305,7370,3544,3826,6448,3074,3374,3684,1740,1944,921,442,479,
32250,3686,1839,1847,6449,3144,3305,7370,3544,3826,6449,3075,3374,3684,1740,1944,921,442,479,
32255,3687,1839,1848,6451,3145,3306,7373,3544,3829,6450,3076,3374,3685,1741,1944,921,442,479,
32260,3687,1839,1848,6452,3145,3307,7373,3544,3829,6451,3076,3375,3685,1741,1944,922,442,480,
32265,3688,1839,1849,6452,3145,3307,7374,3544,3830,6452,3076,3376,3687,1743,1944,922,442,480,
32270,3688,1839,1849,6453,3145,3308,7375,3544,3831,6453,3077,3376,3688,1743,1945,922,442,480,
32275,3688,1839,1849,6455,3147,3308,7376,3544,3832,6454,3077,3377,3688,1743,1945,922,442,480,
32280,3689,1839,1850,6456,3148,3308,7378,3545,3833,6455,3077,3378,3688,1743,1945,922,442,480,
32285,3690,1839,1851,6456,3148,3308,7378,3545,3833,6456,3078,3378,3688,1743,1945,922,442,480,
32290,3691,1840,1851,6458,3148,3310,7381,3546,3835,6457,3078,3379,3689,1744,1945,922,442,480,
32295,3691,1840,1851,6459,3148,3311,7381,3546,3835,6458,3079,3379,3689,1744,1945,923,443,480,
32300,3692,1841,1851,6459,3148,3311,7382,3547,3835,6459,3079,3380,3691,1746,1945,923,443,480,
32305,3692,1841,1851,6460,3148,3312,7383,3548,3835,6460,3079,3381,3692,1747,1945,923,443,480,
32310,3692,1841,1851,6462,3149,3313,7384,3549,3835,6461,3080,3381,3692,1747,1945,923,443,480,
32315,3693,1841,1852,6463,3150,3313,7386,3551,3835,6462,3080,3382,3692,1747,1945,923,443,480,
32320,3694,1842,1852,6463,3150,3313,7386,3551,3835,6463,3081,3382,3692,1747,1945,923,443,480,
32325,3695,1843,1852,6465,3150,3315,7389,3552,3837,6464,3081,3383,3693,1747,1946,923,443,480,
32330,3695,1843,1852,6466,3150,3316,7389,3552,3837,6465,3082,3383,3693,1747,1946,924,443,481,
32335,3696,1844,1852,6466,3150,3316,7390,3552,3838,6466,3083,3383,3695,1747,1948,924,443,481,
32340,3696,1844,1852,6467,3150,3317,7391,3553,3838,6467,3083,3384,3696,1747,1949,924,443,481,
32345,3696,1844,1852,6469,3150,3319,7392,3553,3839,6468,3083,3385,3696,1747,1949,924,443,481,
32350,3697,1845,1852,6470,3150,3320,7394,3554,3840,6469,3084,3385,3696,1747,1949,924,443,481,
32355,3698,1845,1853,6470,3150,3320,7394,3554,3840,6470,3084,3386,3696,1747,1949,924,443,481,
32360,3699,1846,1853,6472,3150,3322,7397,3554,3843,6471,3084,3387,3697,1748,1949,924,443,481,
32365,3699,1846,1853,6473,3151,3322,7397,3554,3843,6472,3084,3388,3697,1748,1949,925,444,481,
32370,3700,1846,1854,6473,3151,3322,7398,3554,3844,6473,3085,3388,3699,1749,1950,925,444,481,
32375,3700,1846,1854,6474,3152,3322,7399,3554,3845,6474,3086,3388,3700,1749,1951,925,444,481,
32380,3700,1846,1854,6476,3152,3324,7400,3554,3846,6475,3086,3389,3700,1749,1951,925,444,481,
32385,3701,1847,1854,6477,3153,3324,7402,3556,3846,6476,3087,3389,3700,1749,1951,925,444,481,
32390,3702,1847,1855,6477,3153,3324,7402,3556,3846,6477,3087,3390,3700,1749,1951,925,444,481,
32395,3703,1848,1855,6479,3154,3325,7405,3557,3848,6478,3088,3390,3701,1749,1952,925,444,481,
32400,3703,1848,1855,6480,3155,3325,7405,3557,3848,6479,3088,3391,3701,1749,1952,926,444,482,
32405,3704,1849,1855,6480,3155,3325,7406,3557,3849,6480,3089,3391,3703,1751,1952,926,444,482,
32410,3704,1849,1855,6481,3155,3326,7407,3557,3850,6481,3089,3392,3704,1752,1952,926,444,482,
32415,3704,1849,1855,6483,3156,3327,7408,3557,3851,6482,3090,3392,3704,1752,1952,926,444,482,
32420,3705,1850,1855,6484,3157,3327,7410,3558,3852,6483,3091,3392,3704,1752,1952,926,444,482,
32425,3706,1851,1855,6484,3157,3327,7410,3558,3852,6484,3091,3393,3704,1752,1952,926,444,482,
32430,3707,1851,1856,6486,3159,3327,7413,3558,3855,6485,3092,3393,3705,1753,1952,926,444,482,
32435,3707,1851,1856,6487,3160,3327,7413,3558,3855,6486,3093,3393,3705,1753,1952,927,445,482,
32440,3708,1851,1857,6487,3160,3327,7414,3559,3855,6487,3094,3393,3707,1754,1953,927,445,482,
32445,3708,1851,1857,6488,3160,3328,7415,3560,3855,6488,3095,3393,3708,1754,1954,927,445,482,
32450,3708,1851,1857,6490,3162,3328,7416,3561,3855,6489,3095,3394,3708,1754,1954,927,445,482,
32455,3709,1852,1857,6491,3162,3329,7418,3561,3857,6490,3096,3394,3708,1754,1954,927,445,482,
32460,3710,1853,1857,6491,3162,3329,7418,3561,3857,6491,3096,3395,3708,1754,1954,927,445,482,
32465,3711,1854,1857,6493,3163,3330,7421,3562,3859,6492,3096,3396,3709,1754,1955,927,445,482,
32470,3711,1854,1857,6494,3164,3330,7421,3562,3859,6493,3097,3396,3709,1754,1955,928,446,482,
32475,3712,1855,1857,6494,3164,3330,7422,3562,3860,6494,3097,3397,3711,1755,1956,928,446,482,
32480,3712,1855,1857,6495,3164,3331,7423,3563,3860,6495,3098,3397,3712,1755,1957,928,446,482,
32485,3712,1855,1857,6497,3165,3332,7424,3564,3860,6496,3098,3398,3712,1755,1957,928,446,482,
32490,3713,1856,1857,6498,3165,3333,7426,3565,3861,6497,3098,3399,3712,1755,1957,928,446,482,
32495,3714,1857,1857,6498,3165,3333,7426,3565,3861,6498,3099,3399,3712,1755,1957,928,446,482,
32500,3715,1857,1858,6500,3165,3335,7429,3567,3862,6499,3099,3400,3713,1756,1957,928,446,482,
32505,3715,1857,1858,6501,3166,3335,7429,3567,3862,6500,3100,3400,3713,1756,1957,929,446,483,
32510,3716,1858,1858,6501,3166,3335,7430,3567,3863,6501,3101,3400,3715,1758,1957,929,446,483,
32515,3716,1858,1858,6502,3166,3336,7431,3568,3863,6502,3101,3401,3716,1759,1957,929,446,483,
32520,3716,1858,1858,6504,3168,3336,7432,3568,3864,6503,3102,3401,3716,1759,1957,929,446,483,
32525,3717,1858,1859,6505,3168,3337,7434,3568,3866,6504,3103,3401,3716,1759,1957,929,446,483,
32530,3718,1858,1860,6505,3168,3337,7434,3568,3866,6505,3103,3402,3716,1759,1957,929,446,483,
32535,3719,1858,1861,6507,3170,3337,7437,3569,3868,6506,3103,3403,3717,1760,1957,929,446,483,
32540,3719,1858,1861,6508,3171,3337,7437,3569,3868,6507,3103,3404,3717,1760,1957,930,446,484,
32545,3720,1859,1861,6508,3171,3337,7438,3569,3869,6508,3104,3404,3719,1760,1959,930,446,484,
32550,3720,1859,1861,6509,3172,3337,7439,3570,3869,6509,3104,3405,3720,1761,1959,930,446,484,
32555,3720,1859,1861,6511,3172,3339,7440,3571,3869,6510,3105,3405,3720,1761,1959,930,446,484,
32560,3721,1860,1861,6512,3172,3340,7442,3571,3871,6511,3105,3406,3720,1761,1959,930,446,484,
32565,3722,1860,1862,6512,3172,3340,7442,3571,3871,6512,3105,3407,3720,1761,1959,930,446,484,
32570,3723,1860,1863,6514,3172,3342,7445,3572,3873,6513,3106,3407,3721,1762,1959,930,446,484,
32575,3723,1860,1863,6515,3172,3343,7445,3572,3873,6514,3107,3407,3721,1762,1959,931,447,484,
32580,3724,1860,1864,6515,3172,3343,7446,3572,3874,6515,3108,3407,3723,1763,1960,931,447,484,
32585,3724,1860,1864,6516,3172,3344,7447,3572,3875,6516,3108,3408,3724,1763,1961,931,447,484,
32590,3724,1860,1864,6518,3174,3344,7448,3572,3876,6517,3109,3408,3724,1763,1961,931,447,484,
32595,3725,1861,1864,6519,3174,3345,7450,3573,3877,6518,3110,3408,3724,1763,1961,931,447,484,
32600,3726,1862,1864,6519,3174,3345,7450,3573,3877,6519,3110,3409,3724,1763,1961,931,447,484,
32605,3727,1863,1864,6521,3175,3346,7453,3576,3877,6520,3111,3409,3725,1763,1962,931,447,484,
32610,3727,1863,1864,6522,3175,3347,7453,3576,3877,6521,3111,3410,3725,1763,1962,932,447,485,
32615,3728,1864,1864,6522,3175,3347,7454,3576,3878,6522,3111,3411,3727,1764,1963,932,447,485,
32620,3728,1864,1864,6523,3176,3347,7455,3576,3879,6523,3111,3412,3728,1764,1964,932,447,485,
32625,3728,1864,1864,6525,3176,3349,7456,3577,3879,6524,3111,3413,3728,1764,1964,932,447,485,
32630,3729,1864,1865,6526,3176,3350,7458,3578,3880,6525,3111,3414,3728,1764,1964,932,447,485,
32635,3730,1865,1865,6526,3176,3350,7458,3578,3880,6526,3111,3415,3728,1764,1964,932,447,485,
32640,3731,1865,1866,6528,3176,3352,7461,3580,3881,6527,3112,3415,3729,1765,1964,932,447,485,
32645,3731,1865,1866,6529,3176,3353,7461,3580,3881,6528,3113,3415,3729,1765,1964,933,448,485,
32650,3732,1865,1867,6529,3176,3353,7462,3580,3882,6529,3113,3416,3731,1766,1965,933,448,485,
32655,3732,1865,1867,6530,3176,3354,7463,3581,3882,6530,3114,3416,3732,1766,1966,933,448,485,
32660,3732,1865,1867,6532,3177,3355,7464,3581,3883,6531,3115,3416,3732,1766,1966,933,448,485,
32665,3733,1865,1868,6533,3177,3356,7466,3582,3884,6532,3116,3416,3732,1766,1966,933,448,485,
32670,3734,1866,1868,6533,3177,3356,7466,3582,3884,6533,3116,3417,3732,1766,1966,933,448,485,
32675,3735,1867,1868,6535,3179,3356,7469,3583,3886,6534,3116,3418,3733,1767,1966,933,448,485,
32680,3735,1867,1868,6536,3179,3357,7469,3583,3886,6535,3116,3419,3733,1767,1966,934,449,485,
32685,3736,1867,1869,6536,3179,3357,7470,3583,3887,6536,3117,3419,3735,1768,1967,934,449,485,
32690,3736,1867,1869,6537,3180,3357,7471,3584,3887,6537,3118,3419,3736,1768,1968,934,449,485,
32695,3736,1867,1869,6539,3182,3357,7472,3585,3887,6538,3118,3420,3736,1768,1968,934,449,485,
32700,3737,1867,1870,6540,3183,3357,7474,3586,3888,6539,3119,3420,3736,1768,1968,934,449,485,
32705,3738,1867,1871,6540,3183,3357,7474,3586,3888,6540,3119,3421,3736,1768,1968,934,449,485,
32710,3739,1868,1871,6542,3185,3357,7477,3587,3890,6541,3119,3422,3737,1768,1969,934,449,485,
32715,3739,1868,1871,6543,3185,3358,7477,3587,3890,6542,3120,3422,3737,1768,1969,935,449,486,
32720,3740,1868,1872,6543,3185,3358,7478,3587,3891,6543,3120,3423,3739,1768,1971,935,449,486,
32725,3740,1868,1872,6544,3186,3358,7479,3587,3892,6544,3120,3424,3740,1769,1971,935,449,486,
32730,3740,1868,1872,6546,3186,3360,7480,3587,3893,6545,3121,3424,3740,1769,1971,935,449,486,
32735,3741,1868,1873,6547,3187,3360,7482,3589,3893,6546,3122,3424,3740,1769,1971,935,449,486,
32740,3742,1868,1874,6547,3187,3360,7482,3589,3893,6547,3123,3424,3740,1769,1971,935,449,486,
32745,3743,1868,1875,6549,3187,3362,7485,3590,3895,6548,3123,3425,3741,1769,1972,935,449,486,
32750,3743,1868,1875,6550,3187,3363,7485,3590,3895,6549,3123,3426,3741,1769,1972,936,449,487,
32755,3744,1868,1876,6550,3187,3363,7486,3591,3895,6550,3123,3427,3743,1771,1972,936,449,487,
32760,3744,1868,1876,6551,3188,3363,7487,3591,3896,6551,3123,3428,3744,1771,1973,936,449,487,
32765,3744,1868,1876,6553,3188,3365,7488,3591,3897,6552,3123,3429,3744,1771,1973,936,449,487,
32770,3745,1868,1877,6554,3188,3366,7490,3593,3897,6553,3123,3430,3744,1771,1973,936,449,487,
32775,3746,1869,1877,6554,3188,3366,7490,3593,3897,6554,3123,3431,3744,1771,1973,936,449,487,
32780,3747,1869,1878,6556,3189,3367,7493,3593,3900,6555,3123,3432,3745,1772,1973,936,449,487,
32785,3747,1869,1878,6557,3189,3368,7493,3593,3900,6556,3123,3433,3745,1772,1973,937,449,488,
32790,3748,1869,1879,6557,3189,3368,7494,3593,3901,6557,3123,3434,3747,1773,1974,937,449,488,
32795,3748,1869,1879,6558,3189,3369,7495,3593,3902,6558,3123,3435,3748,1774,1974,937,449,488,
32800,3748,1869,1879,6560,3189,3371,7496,3594,3902,6559,3124,3435,3748,1774,1974,937,449,488,
32805,3749,1870,1879,6561,3190,3371,7498,3596,3902,6560,3125,3435,3748,1774,1974,937,449,488,
32810,3750,1870,1880,6561,3190,3371,7498,3596,3902,6561,3126,3435,3748,1774,1974,937,449,488,
32815,3751,1871,1880,6563,3192,3371,7501,3597,3904,6562,3126,3436,3749,1775,1974,937,449,488,
32820,3751,1871,1880,6564,3193,3371,7501,3597,3904,6563,3127,3436,3749,1775,1974,938,449,489,
32825,3752,1871,1881,6564,3193,3371,7502,3598,3904,6564,3128,3436,3751,1775,1976,938,449,489,
32830,3752,1871,1881,6565,3194,3371,7503,3599,3904,6565,3128,3437,3752,1775,1977,938,449,489,
32835,3752,1871,1881,6567,3194,3373,7504,3600,3904,6566,3128,3438,3752,1775,1977,938,449,489,
32840,3753,1872,1881,6568,3195,3373,7506,3601,3905,6567,3128,3439,3752,1775,1977,938,449,489,
32845,3754,1873,1881,6568,3195,3373,7506,3601,3905,6568,3129,3439,3752,1775,1977,938,449,489,
32850,3755,1873,1882,6570,3195,3375,7509,3602,3907,6569,3129,3440,3753,1776,1977,938,449,489,
32855,3755,1873,1882,6571,3195,3376,7509,3602,3907,6570,3129,3441,3753,1776,1977,939,449,490,
32860,3756,1873,1883,6571,3195,3376,7510,3603,3907,6571,3130,3441,3755,1777,1978,939,449,490,
32865,3756,1873,1883,6572,3195,3377,7511,3604,3907,6572,3130,3442,3756,1778,1978,939,449,490,
32870,3756,1873,1883,6574,3196,3378,7512,3605,3907,6573,3131,3442,3756,1778,1978,939,449,490,
32875,3757,1873,1884,6575,3197,3378,7514,3607,3907,6574,3132,3442,3756,1778,1978,939,449,490,
32880,3758,1874,1884,6575,3197,3378,7514,3607,3907,6575,3132,3443,3756,1778,1978,939,449,490,
32885,3759,1875,1884,6577,3197,3380,7517,3609,3908,6576,3133,3443,3757,1778,1979,939,449,490,
32890,3759,1875,1884,6578,3198,3380,7517,3609,3908,6577,3133,3444,3757,1778,1979,940,450,490,
32895,3760,1876,1884,6578,3198,3380,7518,3609,3909,6578,3134,3444,3759,1780,1979,940,450,490,
32900,3760,1876,1884,6579,3198,3381,7519,3609,3910,6579,3135,3444,3760,1780,1980,940,450,490,
32905,3760,1876,1884,6581,3199,3382,7520,3609,3911,6580,3135,3445,3760,1780,1980,940,450,490,
32910,3761,1876,1885,6582,3199,3383,7522,3611,3911,6581,3135,3446,3760,1780,1980,940,450,490,
32915,3762,1877,1885,6582,3199,3383,7522,3611,3911,6582,3135,3447,3760,1780,1980,940,450,490,
32920,3763,1878,1885,6584,3200,3384,7525,3611,3914,6583,3135,3448,3761,1780,1981,940,450,490,
32925,3763,1878,1885,6585,3201,3384,7525,3611,3914,6584,3136,3448,3761,1780,1981,941,451,490,
32930,3764,1878,1886,6585,3201,3384,7526,3612,3914,6585,3137,3448,3763,1781,1982,941,451,490,
32935,3764,1878,1886,6586,3201,3385,7527,3613,3914,6586,3138,3448,3764,1781,1983,941,451,490,
32940,3764,1878,1886,6588,3202,3386,7528,3613,3915,6587,3139,3448,3764,1781,1983,941,451,490,
32945,3765,1879,1886,6589,3202,3387,7530,3614,3916,6588,3140,3448,3764,1781,1983,941,451,490,
32950,3766,1880,1886,6589,3202,3387,7530,3614,3916,6589,3141,3448,3764,1781,1983,941,451,490,
32955,3767,1880,1887,6591,3202,3389,7533,3616,3917,6590,3142,3448,3765,1781,1984,941,451,490,
32960,3767,1880,1887,6592,3202,3390,7533,3616,3917,6591,3142,3449,3765,1781,1984,942,451,491,
32965,3768,1881,1887,6592,3202,3390,7534,3616,3918,6592,3143,3449,3767,1782,1985,942,451,491,
32970,3768,1881,1887,6593,3203,3390,7535,3617,3918,6593,3144,3449,3768,1782,1986,942,451,491,
32975,3768,1881,1887,6595,3204,3391,7536,3618,3918,6594,3144,3450,3768,1782,1986,942,451,491,
32980,3769,1881,1888,6596,3205,3391,7538,3619,3919,6595,3144,3451,3768,1782,1986,942,451,491,
32985,3770,1882,1888,6596,3205,3391,7538,3619,3919,6596,3145,3451,3768,1782,1986,942,451,491,
32990,3771,1883,1888,6598,3207,3391,7541,3622,3919,6597,3146,3451,3769,1782,1987,942,451,491,
32995,3771,1883,1888,6599,3208,3391,7541,3622,3919,6598,3146,3452,3769,1782,1987,943,451,492,
33000,3772,1883,1889,6599,3208,3391,7542,3623,3919,6599,3147,3452,3771,1784,1987,943,451,492,
33005,3772,1883,1889,6600,3208,3392,7543,3624,3919,6600,3148,3452,3772,1785,1987,943,451,492,
33010,3772,1883,1889,6602,3208,3394,7544,3625,3919,6601,3149,3452,3772,1785,1987,943,451,492,
33015,3773,1884,1889,6603,3208,3395,7546,3625,3921,6602,3150,3452,3772,1785,1987,943,451,492,
33020,3774,1885,1889,6603,3208,3395,7546,3625,3921,6603,3151,3452,3772,1785,1987,943,451,492,
33025,3775,1886,1889,6605,3210,3395,7549,3625,3924,6604,3151,3453,3773,1785,1988,943,451,492,
33030,3775,1886,1889,6606,3211,3395,7549,3625,3924,6605,3152,3453,3773,1785,1988,944,452,492,
33035,3776,1886,1890,6606,3211,3395,7550,3626,3924,6606,3152,3454,3775,1786,1989,944,452,492,
33040,3776,1886,1890,6607,3212,3395,7551,3627,3924,6607,3152,3455,3776,1786,1990,944,452,492,
33045,3776,1886,1890,6609,3213,3396,7552,3627,3925,6608,3153,3455,3776,1786,1990,944,452,492,
33050,3777,1886,1891,6610,3214,3396,7554,3628,3926,6609,3153,3456,3776,1786,1990,944,452,492,
33055,3778,1887,1891,6610,3214,3396,7554,3628,3926,6610,3154,3456,3776,1786,1990,944,452,492,
33060,3779,1888,1891,6612,3216,3396,7557,3629,3928,6611,3154,3457,3777,1786,1991,944,452,492,
33065,3779,1888,1891,6613,3216,3397,7557,3629,3928,6612,3155,3457,3777,1786,1991,945,453,492,
33070,3780,1889,1891,6613,3216,3397,7558,3629,3929,6613,3156,3457,3779,1787,1992,945,453,492,
33075,3780,1889,1891,6614,3217,3397,7559,3629,3930,6614,3156,3458,3780,1787,1993,945,453,492,
33080,3780,1889,1891,6616,3218,3398,7560,3629,3931,6615,3157,3458,3780,1787,1993,945,453,492,
33085,3781,1889,1892,6617,3219,3398,7562,3630,3932,6616,3158,3458,3780,1787,1993,945,453,492,
33090,3782,1889,1893,6617,3219,3398,7562,3630,3932,6617,3158,3459,3780,1787,1993,945,453,492,
33095,3783,1889,1894,6619,3220,3399,7565,3631,3934,6618,3158,3460,3781,1788,1993,945,453,492,
33100,3783,1889,1894,6620,3221,3399,7565,3631,3934,6619,3158,3461,3781,1788,1993,946,453,493,
33105,3784,1889,1895,6620,3221,3399,7566,3632,3934,6620,3158,3462,3783,1788,1995,946,453,493,
33110,3784,1889,1895,6621,3222,3399,7567,3632,3935,6621,3159,3462,3784,1788,1996,946,453,493,
33115,3784,1889,1895,6623,3224,3399,7568,3633,3935,6622,3159,3463,3784,1788,1996,946,453,493,
33120,3785,1890,1895,6624,3224,3400,7570,3634,3936,6623,3159,3464,3784,1788,1996,946,453,493,
33125,3786,1890,1896,6624,3224,3400,7570,3634,3936,6624,3159,3465,3784,1788,1996,946,453,493,
33130,3787,1890,1897,6626,3225,3401,7573,3635,3938,6625,3160,3465,3785,1789,1996,946,453,493,
33135,3787,1890,1897,6627,3226,3401,7573,3635,3938,6626,3160,3466,3785,1789,1996,947,453,494,
33140,3788,1890,1898,6627,3226,3401,7574,3635,3939,6627,3161,3466,3787,1790,1997,947,453,494,
33145,3788,1890,1898,6628,3227,3401,7575,3635,3940,6628,3161,3467,3788,1790,1998,947,453,494,
33150,3788,1890,1898,6630,3227,3403,7576,3636,3940,6629,3162,3467,3788,1790,1998,947,453,494,
33155,3789,1890,1899,6631,3228,3403,7578,3636,3942,6630,3163,3467,3788,1790,1998,947,453,494,
33160,3790,1890,1900,6631,3228,3403,7578,3636,3942,6631,3164,3467,3788,1790,1998,947,453,494,
33165,3791,1890,1901,6633,3230,3403,7581,3639,3942,6632,3164,3468,3789,1791,1998,947,453,494,
33170,3791,1890,1901,6634,3230,3404,7581,3639,3942,6633,3164,3469,3789,1791,1998,948,453,495,
33175,3792,1890,1902,6634,3230,3404,7582,3639,3943,6634,3164,3470,3791,1792,1999,948,453,495,
33180,3792,1890,1902,6635,3230,3405,7583,3640,3943,6635,3165,3470,3792,1792,2000,948,453,495,
33185,3792,1890,1902,6637,3231,3406,7584,3640,3944,6636,3166,3470,3792,1792,2000,948,453,495,
33190,3793,1890,1903,6638,3231,3407,7586,3641,3945,6637,3167,3470,3792,1792,2000,948,453,495,
33195,3794,1890,1904,6638,3231,3407,7586,3641,3945,6638,3167,3471,3792,1792,2000,948,453,495,
33200,3795,1891,1904,6640,3232,3408,7589,3643,3946,6639,3167,3472,3793,1793,2000,948,453,495,
33205,3795,1891,1904,6641,3232,3409,7589,3643,3946,6640,3167,3473,3793,1793,2000,949,453,496,
33210,3796,1891,1905,6641,3232,3409,7590,3644,3946,6641,3167,3474,3795,1794,2001,949,453,496,
33215,3796,1891,1905,6642,3232,3410,7591,3645,3946,6642,3167,3475,3796,1794,2002,949,453,496,
33220,3796,1891,1905,6644,3233,3411,7592,3646,3946,6643,3168,3475,3796,1794,2002,949,453,496,
33225,3797,1891,1906,6645,3233,3412,7594,3647,3947,6644,3169,3475,3796,1794,2002,949,453,496,
33230,3798,1892,1906,6645,3233,3412,7594,3647,3947,6645,3169,3476,3796,1794,2002,949,453,496,
33235,3799,1893,1906,6647,3234,3413,7597,3649,3948,6646,3170,3476,3797,1795,2002,949,453,496,
33240,3799,1893,1906,6648,3234,3414,7597,3649,3948,6647,3171,3476,3797,1795,2002,950,454,496,
33245,3800,1893,1907,6648,3234,3414,7598,3650,3948,6648,3172,3476,3799,1796,2003,950,454,496,
33250,3800,1893,1907,6649,3234,3415,7599,3650,3949,6649,3173,3476,3800,1796,2004,950,454,496,
33255,3800,1893,1907,6651,3236,3415,7600,3651,3949,6650,3173,3477,3800,1796,2004,950,454,496,
33260,3801,1894,1907,6652,3236,3416,7602,3652,3950,6651,3174,3477,3800,1796,2004,950,454,496,
33265,3802,1895,1907,6652,3236,3416,7602,3652,3950,6652,3175,3477,3800,1796,2004,950,454,496,
33270,3803,1896,1907,6654,3237,3417,7605,3654,3951,6653,3175,3478,3801,1797,2004,950,454,496,
33275,3803,1896,1907,6655,3237,3418,7605,3654,3951,6654,3175,3479,3801,1797,2004,951,455,496,
33280,3804,1897,1907,6655,3237,3418,7606,3654,3952,6655,3175,3480,3803,1798,2005,951,455,496,
33285,3804,1897,1907,6656,3237,3419,7607,3655,3952,6656,3175,3481,3804,1799,2005,951,455,496,
33290,3804,1897,1907,6658,3238,3420,7608,3656,3952,6657,3175,3482,3804,1799,2005,951,455,496,
33295,3805,1897,1908,6659,3238,3421,7610,3657,3953,6658,3176,3482,3804,1799,2005,951,455,496,
33300,3806,1898,1908,6659,3238,3421,7610,3657,3953,6659,3176,3483,3804,1799,2005,951,455,496,
33305,3807,1898,1909,6661,3239,3422,7613,3660,3953,6660,3176,3484,3805,1799,2006,951,455,496,
33310,3807,1898,1909,6662,3240,3422,7613,3660,3953,6661,3176,3485,3805,1799,2006,952,456,496,
33315,3808,1898,1910,6662,3240,3422,7614,3661,3953,6662,3177,3485,3807,1800,2007,952,456,496,
33320,3808,1898,1910,6663,3241,3422,7615,3662,3953,6663,3177,3486,3808,1801,2007,952,456,496,
33325,3808,1898,1910,6665,3242,3423,7616,3662,3954,6664,3177,3487,3808,1801,2007,952,456,496,
33330,3809,1898,1911,6666,3243,3423,7618,3663,3955,6665,3178,3487,3808,1801,2007,952,456,496,
33335,3810,1899,1911,6666,3243,3423,7618,3663,3955,6666,3179,3487,3808,1801,2007,952,456,496,
33340,3811,1900,1911,6668,3245,3423,7621,3665,3956,6667,3180,3487,3809,1802,2007,952,456,496,
33345,3811,1900,1911,6669,3246,3423,7621,3665,3956,6668,3181,3487,3809,1802,2007,953,456,497,
33350,3812,1901,1911,6669,3246,3423,7622,3666,3956,6669,3181,3488,3811,1804,2007,953,456,497,
33355,3812,1901,1911,6670,3246,3424,7623,3666,3957,6670,3182,3488,3812,1805,2007,953,456,497,
33360,3812,1901,1911,6672,3247,3425,7624,3666,3958,6671,3182,3489,3812,1805,2007,953,456,497,
33365,3813,1901,1912,6673,3248,3425,7626,3666,3960,6672,3182,3490,3812,1805,2007,953,456,497,
33370,3814,1902,1912,6673,3248,3425,7626,3666,3960,6673,3183,3490,3812,1805,2007,953,456,497,
33375,3815,1902,1913,6675,3249,3426,7629,3668,3961,6674,3184,3490,3813,1806,2007,953,456,497,
33380,3815,1902,1913,6676,3249,3427,7629,3668,3961,6675,3184,3491,3813,1806,2007,954,457,497,
33385,3816,1903,1913,6676,3249,3427,7630,3669,3961,6676,3184,3492,3815,1806,2009,954,457,497,
33390,3816,1903,1913,6677,3249,3428,7631,3669,3962,6677,3184,3493,3816,1806,2010,954,457,497,
33395,3816,1903,1913,6679,3250,3429,7632,3670,3962,6678,3185,3493,3816,1806,2010,954,457,497,
33400,3817,1904,1913,6680,3251,3429,7634,3670,3964,6679,3186,3493,3816,1806,2010,954,457,497,
33405,3818,1905,1913,6680,3251,3429,7634,3670,3964,6680,3186,3494,3816,1806,2010,954,457,497,
33410,3819,1905,1914,6682,3253,3429,7637,3670,3967,6681,3186,3495,3817,1806,2011,954,457,497,
33415,3819,1905,1914,6683,3253,3430,7637,3670,3967,6682,3186,3496,3817,1806,2011,955,458,497,
33420,3820,1905,1915,6683,3253,3430,7638,3670,3968,6683,3187,3496,3819,1808,2011,955,458,497,
33425,3820,1905,1915,6684,3254,3430,7639,3670,3969,6684,3188,3496,3820,1808,2012,955,458,497,
33430,3820,1905,1915,6686,3254,3432,7640,3671,3969,6685,3189,3496,3820,1808,2012,955,458,497,
33435,3821,1906,1915,6687,3254,3433,7642,3672,3970,6686,3190,3496,3820,1808,2012,955,458,497,
33440,3822,1906,1916,6687,3254,3433,7642,3672,3970,6687,3190,3497,3820,1808,2012,955,458,497,
33445,3823,1906,1917,6689,3256,3433,7645,3674,3971,6688,3190,3498,3821,1808,2013,955,458,497,
33450,3823,1906,1917,6690,3257,3433,7645,3674,3971,6689,3190,3499,3821,1808,2013,956,458,498,
33455,3824,1907,1917,6690,3257,3433,7646,3675,3971,6690,3190,3500,3823,1809,2014,956,458,498,
33460,3824,1907,1917,6691,3258,3433,7647,3675,3972,6691,3191,3500,3824,1810,2014,956,458,498,
33465,3824,1907,1917,6693,3259,3434,7648,3675,3973,6692,3192,3500,3824,1810,2014,956,458,498,
33470,3825,1907,1918,6694,3259,3435,7650,3677,3973,6693,3192,3501,3824,1810,2014,956,458,498,
33475,3826,1908,1918,6694,3259,3435,7650,3677,3973,6694,3193,3501,3824,1810,2014,956,458,498,
33480,3827,1909,1918,6696,3261,3435,7653,3678,3975,6695,3193,3502,3825,1810,2015,956,458,498,
33485,3827,1909,1918,6697,3262,3435,7653,3678,3975,6696,3194,3502,3825,1810,2015,957,459,498,
33490,3828,1909,1919,6697,3262,3435,7654,3679,3975,6697,3194,3503,3827,1812,2015,957,459,498,
33495,3828,1909,1919,6698,3263,3435,7655,3679,3976,6698,3195,3503,3828,1813,2015,957,459,498,
33500,3828,1909,1919,6700,3265,3435,7656,3680,3976,6699,3196,3503,3828,1813,2015,957,459,498,
33505,3829,1909,1920,6701,3265,3436,7658,3682,3976,6700,3196,3504,3828,1813,2015,957,459,498,
33510,3830,1910,1920,6701,3265,3436,7658,3682,3976,6701,3197,3504,3828,1813,2015,957,459,498,
33515,3831,1910,1921,6703,3266,3437,7661,3683,3978,6702,3198,3504,3829,1814,2015,957,459,498,
33520,3831,1910,1921,6704,3266,3438,7661,3683,3978,6703,3198,3505,3829,1814,2015,958,459,499,
33525,3832,1910,1922,6704,3266,3438,7662,3683,3979,6704,3199,3505,3831,1814,2017,958,459,499,
33530,3832,1910,1922,6705,3267,3438,7663,3684,3979,6705,3200,3505,3832,1814,2018,958,459,499,
33535,3832,1910,1922,6707,3269,3438,7664,3685,3979,6706,3200,3506,3832,1814,2018,958,459,499,
33540,3833,1911,1922,6708,3269,3439,7666,3686,3980,6707,3200,3507,3832,1814,2018,958,459,499,
33545,3834,1912,1922,6708,3269,3439,7666,3686,3980,6708,3200,3508,3832,1814,2018,958,459,499,
33550,3835,1913,1922,6710,3269,3441,7669,3687,3982,6709,3201,3508,3833,1814,2019,958,459,499,
33555,3835,1913,1922,6711,3270,3441,7669,3687,3982,6710,3201,3509,3833,1814,2019,959,460,499,
33560,3836,1913,1923,6711,3270,3441,7670,3687,3983,6711,3201,3510,3835,1815,2020,959,460,499,
33565,3836,1913,1923,6712,3270,3442,7671,3688,3983,6712,3202,3510,3836,1816,2020,959,460,499,
33570,3836,1913,1923,6714,3271,3443,7672,3688,3984,6713,3202,3511,3836,1816,2020,959,460,499,
33575,3837,1913,1924,6715,3272,3443,7674,3689,3985,6714,3203,3511,3836,1816,2020,959,460,499,
33580,3838,1914,1924,6715,3272,3443,7674,3689,3985,6715,3203,3512,3836,1816,2020,959,460,499,
33585,3839,1915,1924,6717,3274,3443,7677,3690,3987,6716,3204,3512,3837,1816,2021,959,460,499,
33590,3839,1915,1924,6718,3274,3444,7677,3690,3987,6717,3204,3513,3837,1816,2021,960,460,500,
33595,3840,1916,1924,6718,3274,3444,7678,3690,3988,6718,3205,3513,3839,1817,2022,960,460,500,
33600,3840,1916,1924,6719,3275,3444,7679,3691,3988,6719,3205,3514,3840,1818,2022,960,460,500,
33605,3840,1916,1924,6721,3276,3445,7680,3692,3988,6720,3206,3514,3840,1818,2022,960,460,500,
33610,3841,1916,1925,6722,3276,3446,7682,3694,3988,6721,3206,3515,3840,1818,2022,960,460,500,
33615,3842,1916,1926,6722,3276,3446,7682,3694,3988,6722,3207,3515,3840,1818,2022,960,460,500,
33620,3843,1916,1927,6724,3277,3447,7685,3697,3988,6723,3208,3515,3841,1818,2023,960,460,500,
33625,3843,1916,1927,6725,3278,3447,7685,3697,3988,6724,3209,3515,3841,1818,2023,961,461,500,
33630,3844,1916,1928,6725,3278,3447,7686,3697,3989,6725,3210,3515,3843,1820,2023,961,461,500,
33635,3844,1916,1928,6726,3278,3448,7687,3698,3989,6726,3211,3515,3844,1821,2023,961,461,500,
33640,3844,1916,1928,6728,3280,3448,7688,3698,3990,6727,3211,3516,3844,1821,2023,961,461,500,
33645,3845,1916,1929,6729,3281,3448,7690,3700,3990,6728,3211,3517,3844,1821,2023,961,461,500,
33650,3846,1917,1929,6729,3281,3448,7690,3700,3990,6729,3211,3518,3844,1821,2023,961,461,500,
33655,3847,1918,1929,6731,3282,3449,7693,3702,3991,6730,3212,3518,3845,1821,2024,961,461,500,
33660,3847,1918,1929,6732,3282,3450,7693,3702,3991,6731,3212,3519,3845,1821,2024,962,461,501,
33665,3848,1919,1929,6732,3282,3450,7694,3703,3991,6732,3212,3520,3847,1821,2026,962,461,501,
33670,3848,1919,1929,6733,3282,3451,7695,3704,3991,6733,3212,3521,3848,1822,2026,962,461,501,
33675,3848,1919,1929,6735,3283,3452,7696,3704,3992,6734,3212,3522,3848,1822,2026,962,461,501,
33680,3849,1920,1929,6736,3284,3452,7698,3705,3993,6735,3213,3522,3848,1822,2026,962,461,501,
33685,3850,1921,1929,6736,3284,3452,7698,3705,3993,6736,3213,3523,3848,1822,2026,962,461,501,
33690,3851,1922,1929,6738,3284,3454,7701,3707,3994,6737,3214,3523,3849,1823,2026,962,461,501,
33695,3851,1922,1929,6739,3285,3454,7701,3707,3994,6738,3215,3523,3849,1823,2026,963,462,501,
33700,3852,1922,1930,6739,3285,3454,7702,3708,3994,6739,3215,3524,3851,1825,2026,963,462,501,
33705,3852,1922,1930,6740,3285,3455,7703,3708,3995,6740,3216,3524,3852,1826,2026,963,462,501,
33710,3852,1922,1930,6742,3285,3457,7704,3708,3996,6741,3217,3524,3852,1826,2026,963,462,501,
33715,3853,1923,1930,6743,3285,3458,7706,3708,3998,6742,3217,3525,3852,1826,2026,963,462,501,
33720,3854,1924,1930,6743,3285,3458,7706,3708,3998,6743,3218,3525,3852,1826,2026,963,462,501,
33725,3855,1924,1931,6745,3286,3459,7709,3709,4000,6744,3218,3526,3853,1827,2026,963,462,501,
33730,3855,1924,1931,6746,3287,3459,7709,3709,4000,6745,3218,3527,3853,1827,2026,964,463,501,
33735,3856,1924,1932,6746,3287,3459,7710,3709,4001,6746,3218,3528,3855,1828,2027,964,463,501,
33740,3856,1924,1932,6747,3287,3460,7711,3710,4001,6747,3218,3529,3856,1828,2028,964,463,501,
33745,3856,1924,1932,6749,3287,3462,7712,3710,4002,6748,3218,3530,3856,1828,2028,964,463,501,
33750,3857,1925,1932,6750,3287,3463,7714,3712,4002,6749,3219,3530,3856,1828,2028,964,463,501,
33755,3858,1926,1932,6750,3287,3463,7714,3712,4002,6750,3219,3531,3856,1828,2028,964,463,501,
33760,3859,1927,1932,6752,3289,3463,7717,3713,4004,6751,3220,3531,3857,1828,2029,964,463,501,
33765,3859,1927,1932,6753,3289,3464,7717,3713,4004,6752,3221,3531,3857,1828,2029,965,463,502,
33770,3860,1928,1932,6753,3289,3464,7718,3714,4004,6753,3222,3531,3859,1828,2031,965,463,502,
33775,3860,1928,1932,6754,3289,3465,7719,3715,4004,6754,3222,3532,3860,1829,2031,965,463,502,
33780,3860,1928,1932,6756,3291,3465,7720,3715,4005,6755,3222,3533,3860,1829,2031,965,463,502,
33785,3861,1929,1932,6757,3291,3466,7722,3716,4006,6756,3223,3533,3860,1829,2031,965,463,502,
33790,3862,1930,1932,6757,3291,3466,7722,3716,4006,6757,3224,3533,3860,1829,2031,965,463,502,
33795,3863,1930,1933,6759,3293,3466,7725,3717,4008,6758,3224,3534,3861,1829,2032,965,463,502,
33800,3863,1930,1933,6760,3294,3466,7725,3717,4008,6759,3224,3535,3861,1829,2032,966,463,503,
33805,3864,1930,1934,6760,3294,3466,7726,3718,4008,6760,3224,3536,3863,1830,2033,966,463,503,
33810,3864,1930,1934,6761,3295,3466,7727,3718,4009,6761,3224,3537,3864,1830,2034,966,463,503,
33815,3864,1930,1934,6763,3296,3467,7728,3718,4010,6762,3225,3537,3864,1830,2034,966,463,503,
33820,3865,1930,1935,6764,3297,3467,7730,3720,4010,6763,3225,3538,3864,1830,2034,966,463,503,
33825,3866,1931,1935,6764,3297,3467,7730,3720,4010,6764,3225,3539,3864,1830,2034,966,463,503,
33830,3867,1932,1935,6766,3298,3468,7733,3722,4011,6765,3226,3539,3865,1831,2034,966,463,503,
33835,3867,1932,1935,6767,3299,3468,7733,3722,4011,6766,3227,3539,3865,1831,2034,967,463,504,
33840,3868,1932,1936,6767,3299,3468,7734,3723,4011,6767,3227,3540,3867,1831,2036,967,463,504,
33845,3868,1932,1936,6768,3299,3469,7735,3724,4011,6768,3227,3541,3868,1831,2037,967,463,504,
33850,3868,1932,1936,6770,3301,3469,7736,3725,4011,6769,3228,3541,3868,1831,2037,967,463,504,
33855,3869,1933,1936,6771,3302,3469,7738,3726,4012,6770,3228,3542,3868,1831,2037,967,463,504,
33860,3870,1933,1937,6771,3302,3469,7738,3726,4012,6771,3229,3542,3868,1831,2037,967,463,504,
33865,3871,1934,1937,6773,3303,3470,7741,3727,4014,6772,3229,3543,3869,1831,2038,967,463,504,
33870,3871,1934,1937,6774,3304,3470,7741,3727,4014,6773,3230,3543,3869,1831,2038,968,464,504,
33875,3872,1935,1937,6774,3304,3470,7742,3727,4015,6774,3230,3544,3871,1832,2039,968,464,504,
33880,3872,1935,1937,6775,3305,3470,7743,3727,4016,6775,3231,3544,3872,1833,2039,968,464,504,
33885,3872,1935,1937,6777,3305,3472,7744,3728,4016,6776,3232,3544,3872,1833,2039,968,464,504,
33890,3873,1936,1937,6778,3305,3473,7746,3730,4016,6777,3232,3545,3872,1833,2039,968,464,504,
33895,3874,1936,1938,6778,3305,3473,7746,3730,4016,6778,3232,3546,3872,1833,2039,968,464,504,
33900,3875,1936,1939,6780,3307,3473,7749,3733,4016,6779,3233,3546,3873,1833,2040,968,464,504,
33905,3875,1936,1939,6781,3308,3473,7749,3733,4016,6780,3234,3546,3873,1833,2040,969,464,505,
33910,3876,1937,1939,6781,3308,3473,7750,3734,4016,6781,3235,3546,3875,1834,2041,969,464,505,
33915,3876,1937,1939,6782,3309,3473,7751,3735,4016,6782,3235,3547,3876,1835,2041,969,464,505,
33920,3876,1937,1939,6784,3309,3475,7752,3735,4017,6783,3236,3547,3876,1835,2041,969,464,505,
33925,3877,1937,1940,6785,3309,3476,7754,3735,4019,6784,3236,3548,3876,1835,2041,969,464,505,
33930,3878,1938,1940,6785,3309,3476,7754,3735,4019,6785,3236,3549,3876,1835,2041,969,464,505,
33935,3879,1938,1941,6787,3309,3478,7757,3736,4021,6786,3236,3550,3877,1835,2042,969,464,505,
33940,3879,1938,1941,6788,3310,3478,7757,3736,4021,6787,3237,3550,3877,1835,2042,970,464,506,
33945,3880,1938,1942,6788,3310,3478,7758,3737,4021,6788,3238,3550,3879,1837,2042,970,464,506,
33950,3880,1938,1942,6789,3310,3479,7759,3738,4021,6789,3239,3550,3880,1837,2043,970,464,506,
33955,3880,1938,1942,6791,3311,3480,7760,3739,4021,6790,3239,3551,3880,1837,2043,970,464,506,
33960,3881,1938,1943,6792,3311,3481,7762,3740,4022,6791,3239,3552,3880,1837,2043,970,464,506,
33965,3882,1938,1944,6792,3311,3481,7762,3740,4022,6792,3239,3553,3880,1837,2043,970,464,506,
33970,3883,1938,1945,6794,3312,3482,7765,3741,4024,6793,3240,3553,3881,1838,2043,970,464,506,
33975,3883,1938,1945,6795,3312,3483,7765,3741,4024,6794,3240,3554,3881,1838,2043,971,464,507,
33980,3884,1939,1945,6795,3312,3483,7766,3742,4024,6795,3241,3554,3883,1839,2044,971,464,507,
33985,3884,1939,1945,6796,3312,3484,7767,3743,4024,6796,3242,3554,3884,1839,2045,971,464,507,
33990,3884,1939,1945,6798,3314,3484,7768,3744,4024,6797,3243,3554,3884,1839,2045,971,464,507,
33995,3885,1940,1945,6799,3314,3485,7770,3744,4026,6798,3244,3554,3884,1839,2045,971,464,507,
34000,3886,1941,1945,6799,3314,3485,7770,3744,4026,6799,3245,3554,3884,1839,2045,971,464,507,
34005,3887,1942,1945,6801,3316,3485,7773,3744,4029,6800,3246,3554,3885,1840,2045,971,464,507,
34010,3887,1942,1945,6802,3316,3486,7773,3744,4029,6801,3246,3555,3885,1840,2045,972,464,508,
34015,3888,1942,1946,6802,3316,3486,7774,3744,4030,6802,3246,3556,3887,1840,2047,972,464,508,
34020,3888,1942,1946,6803,3317,3486,7775,3744,4031,6803,3247,3556,3888,1841,2047,972,464,508,
34025,3888,1942,1946,6805,3318,3487,7776,3744,4032,6804,3248,3556,3888,1841,2047,972,464,508,
34030,3889,1942,1947,6806,3318,3488,7778,3745,4033,6805,3248,3557,3888,1841,2047,972,464,508,
34035,3890,1942,1948,6806,3318,3488,7778,3745,4033,6806,3249,3557,3888,1841,2047,972,464,508,
34040,3891,1943,1948,6808,3319,3489,7781,3745,4036,6807,3250,3557,3889,1842,2047,972,464,508,
34045,3891,1943,1948,6809,3319,3490,7781,3745,4036,6808,3251,3557,3889,1842,2047,973,464,509,
34050,3892,1943,1949,6809,3319,3490,7782,3745,4037,6809,3251,3558,3891,1843,2048,973,464,509,
34055,3892,1943,1949,6810,3320,3490,7783,3745,4038,6810,3252,3558,3892,1843,2049,973,464,509,
34060,3892,1943,1949,6812,3320,3492,7784,3745,4039,6811,3252,3559,3892,1843,2049,973,464,509,
34065,3893,1943,1950,6813,3320,3493,7786,3746,4040,6812,3253,3559,3892,1843,2049,973,464,509,
34070,3894,1944,1950,6813,3320,3493,7786,3746,4040,6813,3253,3560,3892,1843,2049,973,464,509,
34075,3895,1945,1950,6815,3321,3494,7789,3748,4041,6814,3253,3561,3893,1843,2050,973,464,509,
34080,3895,1945,1950,6816,3322,3494,7789,3748,4041,6815,3254,3561,3893,1843,2050,974,465,509,
34085,3896,1945,1951,6816,3322,3494,7790,3749,4041,6816,3255,3561,3895,1843,2052,974,465,509,
34090,3896,1945,1951,6817,3323,3494,7791,3750,4041,6817,3256,3561,3896,1843,2053,974,465,509,
34095,3896,1945,1951,6819,3324,3495,7792,3750,4042,6818,3256,3562,3896,1843,2053,974,465,509,
34100,3897,1946,1951,6820,3324,3496,7794,3752,4042,6819,3256,3563,3896,1843,2053,974,465,509,
34105,3898,1946,1952,6820,3324,3496,7794,3752,4042,6820,3257,3563,3896,1843,2053,974,465,509,
34110,3899,1947,1952,6822,3325,3497,7797,3754,4043,6821,3257,3564,3897,1843,2054,974,465,509,
34115,3899,1947,1952,6823,3325,3498,7797,3754,4043,6822,3258,3564,3897,1843,2054,975,465,510,
34120,3900,1948,1952,6823,3325,3498,7798,3754,4044,6823,3258,3565,3899,1843,2056,975,465,510,
34125,3900,1948,1952,6824,3325,3499,7799,3754,4045,6824,3258,3566,3900,1844,2056,975,465,510,
34130,3900,1948,1952,6826,3325,3501,7800,3755,4045,6825,3258,3567,3900,1844,2056,975,465,510,
34135,3901,1948,1953,6827,3326,3501,7802,3756,4046,6826,3259,3567,3900,1844,2056,975,465,510,
34140,3902,1949,1953,6827,3326,3501,7802,3756,4046,6827,3259,3568,3900,1844,2056,975,465,510,
34145,3903,1949,1954,6829,3328,3501,7805,3758,4047,6828,3260,3568,3901,1844,2057,975,465,510,
34150,3903,1949,1954,6830,3328,3502,7805,3758,4047,6829,3260,3569,3901,1844,2057,976,466,510,
34155,3904,1949,1955,6830,3328,3502,7806,3759,4047,6830,3260,3570,3903,1844,2059,976,466,510,
34160,3904,1949,1955,6831,3329,3502,7807,3760,4047,6831,3261,3570,3904,1844,2060,976,466,510,
34165,3904,1949,1955,6833,3330,3503,7808,3761,4047,6832,3262,3570,3904,1844,2060,976,466,510,
34170,3905,1950,1955,6834,3331,3503,7810,3762,4048,6833,3262,3571,3904,1844,2060,976,466,510,
34175,3906,1951,1955,6834,3331,3503,7810,3762,4048,6834,3262,3572,3904,1844,2060,976,466,510,
34180,3907,1951,1956,6836,3331,3505,7813,3762,4051,6835,3262,3573,3905,1845,2060,976,466,510,
34185,3907,1951,1956,6837,3332,3505,7813,3762,4051,6836,3263,3573,3905,1845,2060,977,467,510,
34190,3908,1951,1957,6837,3332,3505,7814,3762,4052,6837,3263,3574,3907,1845,2062,977,467,510,
34195,3908,1951,1957,6838,3332,3506,7815,3762,4053,6838,3264,3574,3908,1846,2062,977,467,510,
34200,3908,1951,1957,6840,3333,3507,7816,3763,4053,6839,3265,3574,3908,1846,2062,977,467,510,
34205,3909,1951,1958,6841,3334,3507,7818,3764,4054,6840,3266,3574,3908,1846,2062,977,467,510,
34210,3910,1951,1959,6841,3334,3507,7818,3764,4054,6841,3267,3574,3908,1846,2062,977,467,510,
34215,3911,1951,1960,6843,3335,3508,7821,3764,4057,6842,3268,3574,3909,1846,2063,977,467,510,
34220,3911,1951,1960,6844,3335,3509,7821,3764,4057,6843,3268,3575,3909,1846,2063,978,468,510,
34225,3912,1952,1960,6844,3335,3509,7822,3765,4057,6844,3268,3576,3911,1846,2065,978,468,510,
34230,3912,1952,1960,6845,3336,3509,7823,3765,4058,6845,3269,3576,3912,1846,2066,978,468,510,
34235,3912,1952,1960,6847,3337,3510,7824,3765,4059,6846,3270,3576,3912,1846,2066,978,468,510,
34240,3913,1953,1960,6848,3338,3510,7826,3765,4061,6847,3271,3576,3912,1846,2066,978,468,510,
34245,3914,1953,1961,6848,3338,3510,7826,3765,4061,6848,3272,3576,3912,1846,2066,978,468,510,
34250,3915,1954,1961,6850,3339,3511,7829,3767,4062,6849,3272,3577,3913,1847,2066,978,468,510,
34255,3915,1954,1961,6851,3340,3511,7829,3767,4062,6850,3272,3578,3913,1847,2066,979,469,510,
34260,3916,1954,1962,6851,3340,3511,7830,3767,4063,6851,3272,3579,3915,1848,2067,979,469,510,
34265,3916,1954,1962,6852,3340,3512,7831,3768,4063,6852,3273,3579,3916,1848,2068,979,469,510,
34270,3916,1954,1962,6854,3340,3514,7832,3768,4064,6853,3274,3579,3916,1848,2068,979,469,510,
34275,3917,1954,1963,6855,3341,3514,7834,3769,4065,6854,3275,3579,3916,1848,2068,979,469,510,
34280,3918,1955,1963,6855,3341,3514,7834,3769,4065,6855,3275,3580,3916,1848,2068,979,469,510,
34285,3919,1955,1964,6857,3343,3514,7837,3771,4066,6856,3275,3581,3917,1849,2068,979,469,510,
34290,3919,1955,1964,6858,3343,3515,7837,3771,4066,6857,3275,3582,3917,1849,2068,980,469,511,
34295,3920,1955,1965,6858,3343,3515,7838,3772,4066,6858,3276,3582,3919,1849,2070,980,469,511,
34300,3920,1955,1965,6859,3343,3516,7839,3773,4066,6859,3276,3583,3920,1850,2070,980,469,511,
34305,3920,1955,1965,6861,3344,3517,7840,3773,4067,6860,3276,3584,3920,1850,2070,980,469,511,
34310,3921,1956,1965,6862,3344,3518,7842,3775,4067,6861,3276,3585,3920,1850,2070,980,469,511,
34315,3922,1957,1965,6862,3344,3518,7842,3775,4067,6862,3276,3586,3920,1850,2070,980,469,511,
34320,3923,1957,1966,6864,3346,3518,7845,3777,4068,6863,3276,3587,3921,1851,2070,980,469,511,
34325,3923,1957,1966,6865,3346,3519,7845,3777,4068,6864,3276,3588,3921,1851,2070,981,469,512,
34330,3924,1957,1967,6865,3346,3519,7846,3778,4068,6865,3276,3589,3923,1853,2070,981,469,512,
34335,3924,1957,1967,6866,3347,3519,7847,3779,4068,6866,3276,3590,3924,1854,2070,981,469,512,
34340,3924,1957,1967,6868,3348,3520,7848,3780,4068,6867,3276,3591,3924,1854,2070,981,469,512,
34345,3925,1957,1968,6869,3349,3520,7850,3782,4068,6868,3276,3592,3924,1854,2070,981,469,512,
34350,3926,1957,1969,6869,3349,3520,7850,3782,4068,6869,3277,3592,3924,1854,2070,981,469,512,
34355,3927,1957,1970,6871,3350,3521,7853,3785,4068,6870,3277,3593,3925,1855,2070,981,469,512,
34360,3927,1957,1970,6872,3351,3521,7853,3785,4068,6871,3277,3594,3925,1855,2070,982,470,512,
34365,3928,1958,1970,6872,3351,3521,7854,3786,4068,6872,3277,3595,3927,1856,2071,982,470,512,
34370,3928,1958,1970,6873,3351,3522,7855,3786,4069,6873,3277,3596,3928,1857,2071,982,470,512,
34375,3928,1958,1970,6875,3352,3523,7856,3786,4070,6874,3277,3597,3928,1857,2071,982,470,512,
34380,3929,1958,1971,6876,3352,3524,7858,3788,4070,6875,3277,3598,3928,1857,2071,982,470,512,
34385,3930,1959,1971,6876,3352,3524,7858,3788,4070,6876,3277,3599,3928,1857,2071,982,470,512,
34390,3931,1959,1972,6878,3353,3525,7861,3789,4072,6877,3278,3599,3929,1858,2071,982,470,512,
34395,3931,1959,1972,6879,3353,3526,7861,3789,4072,6878,3278,3600,3929,1858,2071,983,470,513,
34400,3932,1959,1973,6879,3353,3526,7862,3789,4073,6879,3278,3601,3931,1858,2073,983,470,513,
34405,3932,1959,1973,6880,3353,3527,7863,3790,4073,6880,3279,3601,3932,1858,2074,983,470,513,
34410,3932,1959,1973,6882,3354,3528,7864,3791,4073,6881,3279,3602,3932,1858,2074,983,470,513,
34415,3933,1960,1973,6883,3355,3528,7866,3793,4073,6882,3279,3603,3932,1858,2074,983,470,513,
34420,3934,1960,1974,6883,3355,3528,7866,3793,4073,6883,3279,3604,3932,1858,2074,983,470,513,
34425,3935,1961,1974,6885,3356,3529,7869,3795,4074,6884,3280,3604,3933,1858,2075,983,470,513,
34430,3935,1961,1974,6886,3356,3530,7869,3795,4074,6885,3281,3604,3933,1858,2075,984,471,513,
34435,3936,1962,1974,6886,3356,3530,7870,3795,4075,6886,3281,3605,3935,1859,2076,984,471,513,
34440,3936,1962,1974,6887,3357,3530,7871,3796,4075,6887,3281,3606,3936,1860,2076,984,471,513,
34445,3936,1962,1974,6889,3358,3531,7872,3796,4076,6888,3281,3607,3936,1860,2076,984,471,513,
34450,3937,1962,1975,6890,3358,3532,7874,3797,4077,6889,3282,3607,3936,1860,2076,984,471,513,
34455,3938,1962,1976,6890,3358,3532,7874,3797,4077,6890,3282,3608,3936,1860,2076,984,471,513,
34460,3939,1962,1977,6892,3358,3534,7877,3798,4079,6891,3283,3608,3937,1861,2076,984,471,513,
34465,3939,1962,1977,6893,3359,3534,7877,3798,4079,6892,3284,3608,3937,1861,2076,985,471,514,
34470,3940,1963,1977,6893,3359,3534,7878,3799,4079,6893,3285,3608,3939,1863,2076,985,471,514,
34475,3940,1963,1977,6894,3359,3535,7879,3800,4079,6894,3285,3609,3940,1863,2077,985,471,514,
34480,3940,1963,1977,6896,3361,3535,7880,3800,4080,6895,3286,3609,3940,1863,2077,985,471,514,
34485,3941,1963,1978,6897,3361,3536,7882,3800,4082,6896,3286,3610,3940,1863,2077,985,471,514,
34490,3942,1964,1978,6897,3361,3536,7882,3800,4082,6897,3287,3610,3940,1863,2077,985,471,514,
34495,3943,1965,1978,6899,3361,3538,7885,3800,4085,6898,3287,3611,3941,1864,2077,985,471,514,
34500,3943,1965,1978,6900,3361,3539,7885,3800,4085,6899,3287,3612,3941,1864,2077,986,472,514,
34505,3944,1965,1979,6900,3361,3539,7886,3800,4086,6900,3288,3612,3943,1866,2077,986,472,514,
34510,3944,1965,1979,6901,3361,3540,7887,3801,4086,6901,3289,3612,3944,1866,2078,986,472,514,
34515,3944,1965,1979,6903,3363,3540,7888,3801,4087,6902,3289,3613,3944,1866,2078,986,472,514,
34520,3945,1966,1979,6904,3364,3540,7890,3803,4087,6903,3290,3613,3944,1866,2078,986,472,514,
34525,3946,1967,1979,6904,3364,3540,7890,3803,4087,6904,3291,3613,3944,1866,2078,986,472,514,
34530,3947,1967,1980,6906,3365,3541,7893,3805,4088,6905,3292,3613,3945,1867,2078,986,472,514,
34535,3947,1967,1980,6907,3366,3541,7893,3805,4088,6906,3293,3613,3945,1867,2078,987,473,514,
34540,3948,1968,1980,6907,3366,3541,7894,3805,4089,6907,3294,3613,3947,1868,2079,987,473,514,
34545,3948,1968,1980,6908,3367,3541,7895,3806,4089,6908,3295,3613,3948,1868,2080,987,473,514,
34550,3948,1968,1980,6910,3368,3542,7896,3807,4089,6909,3296,3613,3948,1868,2080,987,473,514,
34555,3949,1969,1980,6911,3369,3542,7898,3808,4090,6910,3297,3613,3948,1868,2080,987,473,514,
34560,3950,1969,1981,6911,3369,3542,7898,3808,4090,6911,3298,3613,3948,1868,2080,987,473,514,
34565,3951,1970,1981,6913,3370,3543,7901,3809,4092,6912,3298,3614,3949,1869,2080,987,473,514,
34570,3951,1970,1981,6914,3370,3544,7901,3809,4092,6913,3298,3615,3949,1869,2080,988,474,514,
34575,3952,1970,1982,6914,3370,3544,7902,3810,4092,6914,3298,3616,3951,1870,2081,988,474,514,
34580,3952,1970,1982,6915,3371,3544,7903,3810,4093,6915,3299,3616,3952,1871,2081,988,474,514,
34585,3952,1970,1982,6917,3371,3546,7904,3811,4093,6916,3299,3617,3952,1871,2081,988,474,514,
34590,3953,1971,1982,6918,3372,3546,7906,3813,4093,6917,3299,3618,3952,1871,2081,988,474,514,
34595,3954,1972,1982,6918,3372,3546,7906,3813,4093,6918,3299,3619,3952,1871,2081,988,474,514,
34600,3955,1972,1983,6920,3373,3547,7909,3816,4093,6919,3299,3620,3953,1871,2082,988,474,514,
34605,3955,1972,1983,6921,3373,3548,7909,3816,4093,6920,3299,3621,3953,1871,2082,989,475,514,
34610,3956,1973,1983,6921,3373,3548,7910,3816,4094,6921,3299,3622,3955,1872,2083,989,475,514,
34615,3956,1973,1983,6922,3374,3548,7911,3817,4094,6922,3300,3622,3956,1873,2083,989,475,514,
34620,3956,1973,1983,6924,3374,3550,7912,3817,4095,6923,3301,3622,3956,1873,2083,989,475,514,
34625,3957,1973,1984,6925,3375,3550,7914,3819,4095,6924,3302,3622,3956,1873,2083,989,475,514,
34630,3958,1974,1984,6925,3375,3550,7914,3819,4095,6925,3302,3623,3956,1873,2083,989,475,514,
34635,3959,1975,1984,6927,3376,3551,7917,3820,4097,6926,3303,3623,3957,1874,2083,989,475,514,
34640,3959,1975,1984,6928,3377,3551,7917,3820,4097,6927,3303,3624,3957,1874,2083,990,476,514,
34645,3960,1975,1985,6928,3377,3551,7918,3821,4097,6928,3303,3625,3959,1876,2083,990,476,514,
34650,3960,1975,1985,6929,3378,3551,7919,3821,4098,6929,3304,3625,3960,1877,2083,990,476,514,
34655,3960,1975,1985,6931,3379,3552,7920,3821,4099,6930,3304,3626,3960,1877,2083,990,476,514,
34660,3961,1976,1985,6932,3379,3553,7922,3822,4100,6931,3305,3626,3960,1877,2083,990,476,514,
34665,3962,1977,1985,6932,3379,3553,7922,3822,4100,6932,3305,3627,3960,1877,2083,990,476,514,
34670,3963,1977,1986,6934,3380,3554,7925,3824,4101,6933,3306,3627,3961,1877,2084,990,476,514,
34675,3963,1977,1986,6935,3380,3555,7925,3824,4101,6934,3307,3627,3961,1877,2084,991,477,514,
34680,3964,1978,1986,6935,3380,3555,7926,3824,4102,6935,3307,3628,3963,1877,2086,991,477,514,
34685,3964,1978,1986,6936,3380,3556,7927,3824,4103,6936,3307,3629,3964,1877,2087,991,477,514,
34690,3964,1978,1986,6938,3381,3557,7928,3824,4104,6937,3307,3630,3964,1877,2087,991,477,514,
34695,3965,1979,1986,6939,3382,3557,7930,3824,4106,6938,3307,3631,3964,1877,2087,991,477,514,
34700,3966,1980,1986,6939,3382,3557,7930,3824,4106,6939,3307,3632,3964,1877,2087,991,477,514,
34705,3967,1980,1987,6941,3383,3558,7933,3825,4108,6940,3308,3632,3965,1877,2088,991,477,514,
34710,3967,1980,1987,6942,3383,3559,7933,3825,4108,6941,3308,3633,3965,1877,2088,992,477,515,
34715,3968,1980,1988,6942,3383,3559,7934,3825,4109,6942,3308,3634,3967,1878,2089,992,477,515,
34720,3968,1980,1988,6943,3384,3559,7935,3825,4110,6943,3308,3635,3968,1878,2090,992,477,515,
34725,3968,1980,1988,6945,3386,3559,7936,3825,4111,6944,3308,3636,3968,1878,2090,992,477,515,
34730,3969,1980,1989,6946,3387,3559,7938,3826,4112,6945,3309,3636,3968,1878,2090,992,477,515,
34735,3970,1981,1989,6946,3387,3559,7938,3826,4112,6946,3310,3636,3968,1878,2090,992,477,515,
34740,3971,1981,1990,6948,3389,3559,7941,3829,4112,6947,3311,3636,3969,1879,2090,992,477,515,
34745,3971,1981,1990,6949,3390,3559,7941,3829,4112,6948,3311,3637,3969,1879,2090,993,478,515,
34750,3972,1981,1991,6949,3390,3559,7942,3829,4113,6949,3311,3638,3971,1880,2091,993,478,515,
34755,3972,1981,1991,6950,3390,3560,7943,3829,4114,6950,3312,3638,3972,1880,2092,993,478,515,
34760,3972,1981,1991,6952,3392,3560,7944,3829,4115,6951,3313,3638,3972,1880,2092,993,478,515,
34765,3973,1982,1991,6953,3392,3561,7946,3830,4116,6952,3314,3638,3972,1880,2092,993,478,515,
34770,3974,1983,1991,6953,3392,3561,7946,3830,4116,6953,3315,3638,3972,1880,2092,993,478,515,
34775,3975,1984,1991,6955,3393,3562,7949,3832,4117,6954,3315,3639,3973,1880,2093,993,478,515,
34780,3975,1984,1991,6956,3393,3563,7949,3832,4117,6955,3316,3639,3973,1880,2093,994,479,515,
34785,3976,1985,1991,6956,3393,3563,7950,3833,4117,6956,3316,3640,3975,1881,2094,994,479,515,
34790,3976,1985,1991,6957,3394,3563,7951,3833,4118,6957,3316,3641,3976,1881,2095,994,479,515,
34795,3976,1985,1991,6959,3395,3564,7952,3833,4119,6958,3317,3641,3976,1881,2095,994,479,515,
34800,3977,1986,1991,6960,3395,3565,7954,3834,4120,6959,3318,3641,3976,1881,2095,994,479,515,
34805,3978,1986,1992,6960,3395,3565,7954,3834,4120,6960,3319,3641,3976,1881,2095,994,479,515,
34810,3979,1987,1992,6962,3396,3566,7957,3835,4122,6961,3320,3641,3977,1881,2096,994,479,515,
34815,3979,1987,1992,6963,3396,3567,7957,3835,4122,6962,3320,3642,3977,1881,2096,995,479,516,
34820,3980,1987,1993,6963,3396,3567,7958,3836,4122,6963,3321,3642,3979,1883,2096,995,479,516,
34825,3980,1987,1993,6964,3397,3567,7959,3836,4123,6964,3321,3643,3980,1883,2097,995,479,516,
34830,3980,1987,1993,6966,3398,3568,7960,3837,4123,6965,3322,3643,3980,1883,2097,995,479,516,
34835,3981,1988,1993,6967,3398,3569,7962,3837,4125,6966,3322,3644,3980,1883,2097,995,479,516,
34840,3982,1988,1994,6967,3398,3569,7962,3837,4125,6967,3323,3644,3980,1883,2097,995,479,516,
34845,3983,1989,1994,6969,3398,3571,7965,3838,4127,6968,3324,3644,3981,1883,2098,995,479,516,
34850,3983,1989,1994,6970,3399,3571,7965,3838,4127,6969,3325,3644,3981,1883,2098,996,479,517,
34855,3984,1990,1994,6970,3399,3571,7966,3838,4128,6970,3325,3645,3983,1885,2098,996,479,517,
34860,3984,1990,1994,6971,3399,3572,7967,3838,4129,6971,3325,3646,3984,1886,2098,996,479,517,
34865,3984,1990,1994,6973,3400,3573,7968,3838,4130,6972,3325,3647,3984,1886,2098,996,479,517,
34870,3985,1990,1995,6974,3401,3573,7970,3839,4131,6973,3326,3647,3984,1886,2098,996,479,517,
34875,3986,1990,1996,6974,3401,3573,7970,3839,4131,6974,3327,3647,3984,1886,2098,996,479,517,
34880,3987,1991,1996,6976,3401,3575,7973,3840,4133,6975,3327,3648,3985,1886,2099,996,479,517,
34885,3987,1991,1996,6977,3402,3575,7973,3840,4133,6976,3327,3649,3985,1886,2099,997,480,517,
34890,3988,1992,1996,6977,3402,3575,7974,3840,4134,6977,3327,3650,3987,1887,2100,997,480,517,
34895,3988,1992,1996,6978,3403,3575,7975,3840,4135,6978,3328,3650,3988,1888,2100,997,480,517,
34900,3988,1992,1996,6980,3405,3575,7976,3840,4136,6979,3328,3651,3988,1888,2100,997,480,517,
34905,3989,1992,1997,6981,3406,3575,7978,3841,4137,6980,3328,3652,3988,1888,2100,997,480,517,
34910,3990,1993,1997,6981,3406,3575,7978,3841,4137,6981,3329,3652,3988,1888,2100,997,480,517,
34915,3991,1994,1997,6983,3407,3576,7981,3843,4138,6982,3330,3652,3989,1888,2101,997,480,517,
34920,3991,1994,1997,6984,3407,3577,7981,3843,4138,6983,3330,3653,3989,1888,2101,998,480,518,
34925,3992,1994,1998,6984,3407,3577,7982,3844,4138,6984,3331,3653,3991,1890,2101,998,480,518,
34930,3992,1994,1998,6985,3408,3577,7983,3845,4138,6985,3332,3653,3992,1890,2102,998,480,518,
34935,3992,1994,1998,6987,3409,3578,7984,3846,4138,6986,3332,3654,3992,1890,2102,998,480,518,
34940,3993,1994,1999,6988,3410,3578,7986,3847,4139,6987,3333,3654,3992,1890,2102,998,480,518,
34945,3994,1994,2000,6988,3410,3578,7986,3847,4139,6988,3333,3655,3992,1890,2102,998,480,518,
34950,3995,1994,2001,6990,3410,3580,7989,3849,4140,6989,3333,3656,3993,1890,2103,998,480,518,
34955,3995,1994,2001,6991,3410,3581,7989,3849,4140,6990,3334,3656,3993,1890,2103,999,481,518,
34960,3996,1994,2002,6991,3410,3581,7990,3850,4140,6991,3334,3657,3995,1892,2103,999,481,518,
34965,3996,1994,2002,6992,3411,3581,7991,3850,4141,6992,3334,3658,3996,1892,2104,999,481,518,
34970,3996,1994,2002,6994,3411,3583,7992,3850,4142,6993,3335,3658,3996,1892,2104,999,481,518,
34975,3997,1995,2002,6995,3411,3584,7994,3852,4142,6994,3335,3659,3996,1892,2104,999,481,518,
34980,3998,1996,2002,6995,3411,3584,7994,3852,4142,6995,3336,3659,3996,1892,2104,999,481,518,
34985,3999,1997,2002,6997,3412,3585,7997,3853,4144,6996,3336,3660,3997,1892,2105,999,481,518,
34990,3999,1997,2002,6998,3413,3585,7997,3853,4144,6997,3337,3660,3997,1892,2105,1000,482,518,
34995,4000,1998,2002,6998,3413,3585,7998,3853,4145,6998,3338,3660,3999,1894,2105,1000,482,518,
35000,4000,1998,2002,6999,3414,3585,7999,3854,4145,6999,3339,3660,4000,1894,2106,1000,482,518,
35005,4000,1998,2002,7001,3415,3586,8000,3855,4145,7000,3340,3660,4000,1894,2106,1000,482,518,
35010,4001,1998,2003,7002,3416,3586,8002,3856,4146,7001,3340,3661,4000,1894,2106,1000,482,518,
35015,4002,1999,2003,7002,3416,3586,8002,3856,4146,7002,3341,3661,4000,1894,2106,1000,482,518,
35020,4003,2000,2003,7004,3417,3587,8005,3858,4147,7003,3341,3662,4001,1895,2106,1000,482,518,
35025,4003,2000,2003,7005,3418,3587,8005,3858,4147,7004,3342,3662,4001,1895,2106,1001,483,518,
35030,4004,2001,2003,7005,3418,3587,8006,3858,4148,7005,3342,3663,4003,1895,2108,1001,483,518,
35035,4004,2001,2003,7006,3419,3587,8007,3859,4148,7006,3343,3663,4004,1895,2109,1001,483,518,
35040,4004,2001,2003,7008,3420,3588,8008,3859,4149,7007,3343,3664,4004,1895,2109,1001,483,518,
35045,4005,2001,2004,7009,3421,3588,8010,3860,4150,7008,3343,3665,4004,1895,2109,1001,483,518,
35050,4006,2001,2005,7009,3421,3588,8010,3860,4150,7009,3343,3666,4004,1895,2109,1001,483,518,
35055,4007,2001,2006,7011,3423,3588,8013,3862,4151,7010,3343,3667,4005,1895,2110,1001,483,518,
35060,4007,2001,2006,7012,3423,3589,8013,3862,4151,7011,3343,3668,4005,1895,2110,1002,483,519,
35065,4008,2001,2007,7012,3423,3589,8014,3863,4151,7012,3344,3668,4007,1896,2111,1002,483,519,
35070,4008,2001,2007,7013,3423,3590,8015,3864,4151,7013,3344,3669,4008,1897,2111,1002,483,519,
35075,4008,2001,2007,7015,3424,3591,8016,3864,4152,7014,3345,3669,4008,1897,2111,1002,483,519,
35080,4009,2002,2007,7016,3425,3591,8018,3866,4152,7015,3345,3670,4008,1897,2111,1002,483,519,
35085,4010,2003,2007,7016,3425,3591,8018,3866,4152,7016,3345,3671,4008,1897,2111,1002,483,519,
35090,4011,2003,2008,7018,3425,3593,8021,3867,4154,7017,3345,3672,4009,1897,2112,1002,483,519,
35095,4011,2003,2008,7019,3426,3593,8021,3867,4154,7018,3346,3672,4009,1897,2112,1003,483,520,
35100,4012,2003,2009,7019,3426,3593,8022,3867,4155,7019,3346,3673,4011,1899,2112,1003,483,520,
35105,4012,2003,2009,7020,3427,3593,8023,3867,4156,7020,3347,3673,4012,1899,2113,1003,483,520,
35110,4012,2003,2009,7022,3429,3593,8024,3867,4157,7021,3347,3674,4012,1899,2113,1003,483,520,
35115,4013,2003,2010,7023,3429,3594,8026,3867,4159,7022,3348,3674,4012,1899,2113,1003,483,520,
35120,4014,2004,2010,7023,3429,3594,8026,3867,4159,7023,3348,3675,4012,1899,2113,1003,483,520,
35125,4015,2004,2011,7025,3431,3594,8029,3868,4161,7024,3348,3676,4013,1900,2113,1003,483,520,
35130,4015,2004,2011,7026,3432,3594,8029,3868,4161,7025,3349,3676,4013,1900,2113,1004,483,521,
35135,4016,2004,2012,7026,3432,3594,8030,3869,4161,7026,3349,3677,4015,1901,2114,1004,483,521,
35140,4016,2004,2012,7027,3432,3595,8031,3870,4161,7027,3349,3678,4016,1902,2114,1004,483,521,
35145,4016,2004,2012,7029,3433,3596,8032,3870,4162,7028,3350,3678,4016,1902,2114,1004,483,521,
35150,4017,2004,2013,7030,3434,3596,8034,3871,4163,7029,3351,3678,4016,1902,2114,1004,483,521,
35155,4018,2005,2013,7030,3434,3596,8034,3871,4163,7030,3351,3679,4016,1902,2114,1004,483,521,
35160,4019,2005,2014,7032,3434,3598,8037,3872,4165,7031,3351,3680,4017,1903,2114,1004,483,521,
35165,4019,2005,2014,7033,3434,3599,8037,3872,4165,7032,3352,3680,4017,1903,2114,1005,483,522,
35170,4020,2005,2015,7033,3434,3599,8038,3873,4165,7033,3352,3681,4019,1904,2115,1005,483,522,
35175,4020,2005,2015,7034,3435,3599,8039,3873,4166,7034,3353,3681,4020,1904,2116,1005,483,522,
35180,4020,2005,2015,7036,3437,3599,8040,3873,4167,7035,3354,3681,4020,1904,2116,1005,483,522,
35185,4021,2005,2016,7037,3437,3600,8042,3874,4168,7036,3355,3681,4020,1904,2116,1005,483,522,
35190,4022,2005,2017,7037,3437,3600,8042,3874,4168,7037,3355,3682,4020,1904,2116,1005,483,522,
35195,4023,2005,2018,7039,3437,3602,8045,3876,4169,7038,3355,3683,4021,1904,2117,1005,483,522,
35200,4023,2005,2018,7040,3437,3603,8045,3876,4169,7039,3355,3684,4021,1904,2117,1006,483,523,
35205,4024,2005,2019,7040,3437,3603,8046,3877,4169,7040,3355,3685,4023,1905,2118,1006,483,523,
35210,4024,2005,2019,7041,3437,3604,8047,3877,4170,7041,3356,3685,4024,1906,2118,1006,483,523,
35215,4024,2005,2019,7043,3437,3606,8048,3877,4171,7042,3356,3686,4024,1906,2118,1006,483,523,
35220,4025,2005,2020,7044,3438,3606,8050,3878,4172,7043,3356,3687,4024,1906,2118,1006,483,523,
35225,4026,2006,2020,7044,3438,3606,8050,3878,4172,7044,3357,3687,4024,1906,2118,1006,483,523,
35230,4027,2007,2020,7046,3438,3608,8053,3879,4174,7045,3357,3688,4025,1907,2118,1006,483,523,
35235,4027,2007,2020,7047,3438,3609,8053,3879,4174,7046,3357,3689,4025,1907,2118,1007,483,524,
35240,4028,2007,2021,7047,3438,3609,8054,3880,4174,7047,3357,3690,4027,1908,2119,1007,483,524,
35245,4028,2007,2021,7048,3438,3610,8055,3880,4175,7048,3357,3691,4028,1908,2120,1007,483,524,
35250,4028,2007,2021,7050,3438,3612,8056,3880,4176,7049,3358,3691,4028,1908,2120,1007,483,524,
35255,4029,2007,2022,7051,3438,3613,8058,3880,4178,7050,3358,3692,4028,1908,2120,1007,483,524,
35260,4030,2008,2022,7051,3438,3613,8058,3880,4178,7051,3358,3693,4028,1908,2120,1007,483,524,
35265,4031,2008,2023,7053,3439,3614,8061,3882,4179,7052,3358,3694,4029,1909,2120,1007,483,524,
35270,4031,2008,2023,7054,3439,3615,8061,3882,4179,7053,3358,3695,4029,1909,2120,1008,483,525,
35275,4032,2009,2023,7054,3439,3615,8062,3883,4179,7054,3359,3695,4031,1910,2121,1008,483,525,
35280,4032,2009,2023,7055,3440,3615,8063,3883,4180,7055,3360,3695,4032,1911,2121,1008,483,525,
35285,4032,2009,2023,7057,3441,3616,8064,3884,4180,7056,3361,3695,4032,1911,2121,1008,483,525,
35290,4033,2009,2024,7058,3442,3616,8066,3885,4181,7057,3362,3695,4032,1911,2121,1008,483,525,
35295,4034,2009,2025,7058,3442,3616,8066,3885,4181,7058,3362,3696,4032,1911,2121,1008,483,525,
35300,4035,2009,2026,7060,3444,3616,8069,3887,4182,7059,3363,3696,4033,1912,2121,1008,483,525,
35305,4035,2009,2026,7061,3444,3617,8069,3887,4182,7060,3364,3696,4033,1912,2121,1009,484,525,
35310,4036,2009,2027,7061,3444,3617,8070,3887,4183,7061,3364,3697,4035,1913,2122,1009,484,525,
35315,4036,2009,2027,7062,3445,3617,8071,3888,4183,7062,3365,3697,4036,1913,2123,1009,484,525,
35320,4036,2009,2027,7064,3446,3618,8072,3889,4183,7063,3366,3697,4036,1913,2123,1009,484,525,
35325,4037,2009,2028,7065,3447,3618,8074,3891,4183,7064,3366,3698,4036,1913,2123,1009,484,525,
35330,4038,2010,2028,7065,3447,3618,8074,3891,4183,7065,3367,3698,4036,1913,2123,1009,484,525,
35335,4039,2010,2029,7067,3448,3619,8077,3893,4184,7066,3368,3698,4037,1914,2123,1009,484,525,
35340,4039,2010,2029,7068,3449,3619,8077,3893,4184,7067,3368,3699,4037,1914,2123,1010,484,526,
35345,4040,2011,2029,7068,3449,3619,8078,3893,4185,7068,3368,3700,4039,1915,2124,1010,484,526,
35350,4040,2011,2029,7069,3449,3620,8079,3893,4186,7069,3368,3701,4040,1916,2124,1010,484,526,
35355,4040,2011,2029,7071,3451,3620,8080,3894,4186,7070,3368,3702,4040,1916,2124,1010,484,526,
35360,4041,2011,2030,7072,3452,3620,8082,3895,4187,7071,3368,3703,4040,1916,2124,1010,484,526,
35365,4042,2011,2031,7072,3452,3620,8082,3895,4187,7072,3368,3704,4040,1916,2124,1010,484,526,
35370,4043,2011,2032,7074,3454,3620,8085,3896,4189,7073,3369,3704,4041,1917,2124,1010,484,526,
35375,4043,2011,2032,7075,3455,3620,8085,3896,4189,7074,3369,3705,4041,1917,2124,1011,484,527,
35380,4044,2012,2032,7075,3455,3620,8086,3897,4189,7075,3369,3706,4043,1918,2125,1011,484,527,
35385,4044,2012,2032,7076,3455,3621,8087,3897,4190,7076,3369,3707,4044,1919,2125,1011,484,527,
35390,4044,2012,2032,7078,3456,3622,8088,3898,4190,7077,3370,3707,4044,1919,2125,1011,484,527,
35395,4045,2012,2033,7079,3456,3623,8090,3898,4192,7078,3370,3708,4044,1919,2125,1011,484,527,
35400,4046,2012,2034,7079,3456,3623,8090,3898,4192,7079,3371,3708,4044,1919,2125,1011,484,527,
35405,4047,2013,2034,7081,3457,3624,8093,3900,4193,7080,3372,3708,4045,1919,2126,1011,484,527,
35410,4047,2013,2034,7082,3458,3624,8093,3900,4193,7081,3373,3708,4045,1919,2126,1012,484,528,
35415,4048,2013,2035,7082,3458,3624,8094,3901,4193,7082,3373,3709,4047,1920,2127,1012,484,528,
35420,4048,2013,2035,7083,3459,3624,8095,3902,4193,7083,3373,3710,4048,1920,2128,1012,484,528,
35425,4048,2013,2035,7085,3459,3626,8096,3903,4193,7084,3373,3711,4048,1920,2128,1012,484,528,
35430,4049,2014,2035,7086,3459,3627,8098,3904,4194,7085,3374,3711,4048,1920,2128,1012,484,528,
35435,4050,2014,2036,7086,3459,3627,8098,3904,4194,7086,3374,3712,4048,1920,2128,1012,484,528,
35440,4051,2014,2037,7088,3459,3629,8101,3906,4195,7087,3374,3713,4049,1920,2129,1012,484,528,
35445,4051,2014,2037,7089,3459,3630,8101,3906,4195,7088,3374,3714,4049,1920,2129,1013,485,528,
35450,4052,2015,2037,7089,3459,3630,8102,3907,4195,7089,3375,3714,4051,1922,2129,1013,485,528,
35455,4052,2015,2037,7090,3460,3630,8103,3908,4195,7090,3375,3715,4052,1922,2130,1013,485,528,
35460,4052,2015,2037,7092,3462,3630,8104,3908,4196,7091,3375,3716,4052,1922,2130,1013,485,528,
35465,4053,2016,2037,7093,3462,3631,8106,3909,4197,7092,3376,3716,4052,1922,2130,1013,485,528,
35470,4054,2016,2038,7093,3462,3631,8106,3909,4197,7093,3376,3717,4052,1922,2130,1013,485,528,
35475,4055,2016,2039,7095,3462,3633,8109,3911,4198,7094,3376,3718,4053,1923,2130,1013,485,528,
35480,4055,2016,2039,7096,3462,3634,8109,3911,4198,7095,3376,3719,4053,1923,2130,1014,485,529,
35485,4056,2016,2040,7096,3462,3634,8110,3912,4198,7096,3376,3720,4055,1924,2131,1014,485,529,
35490,4056,2016,2040,7097,3462,3635,8111,3913,4198,7097,3376,3721,4056,1924,2132,1014,485,529,
35495,4056,2016,2040,7099,3463,3636,8112,3914,4198,7098,3376,3722,4056,1924,2132,1014,485,529,
35500,4057,2017,2040,7100,3464,3636,8114,3914,4200,7099,3377,3722,4056,1924,2132,1014,485,529,
35505,4058,2018,2040,7100,3464,3636,8114,3914,4200,7100,3378,3722,4056,1924,2132,1014,485,529,
35510,4059,2018,2041,7102,3465,3637,8117,3915,4202,7101,3378,3723,4057,1925,2132,1014,485,529,
35515,4059,2018,2041,7103,3465,3638,8117,3915,4202,7102,3378,3724,4057,1925,2132,1015,486,529,
35520,4060,2018,2042,7103,3465,3638,8118,3915,4203,7103,3378,3725,4059,1926,2133,1015,486,529,
35525,4060,2018,2042,7104,3466,3638,8119,3916,4203,7104,3378,3726,4060,1927,2133,1015,486,529,
35530,4060,2018,2042,7106,3468,3638,8120,3917,4203,7105,3379,3726,4060,1927,2133,1015,486,529,
35535,4061,2019,2042,7107,3469,3638,8122,3919,4203,7106,3380,3726,4060,1927,2133,1015,486,529,
35540,4062,2020,2042,7107,3469,3638,8122,3919,4203,7107,3381,3726,4060,1927,2133,1015,486,529,
35545,4063,2020,2043,7109,3471,3638,8125,3921,4204,7108,3381,3727,4061,1927,2134,1015,486,529,
35550,4063,2020,2043,7110,3471,3639,8125,3921,4204,7109,3381,3728,4061,1927,2134,1016,486,530,
35555,4064,2020,2044,7110,3471,3639,8126,3921,4205,7110,3381,3729,4063,1928,2135,1016,486,530,
35560,4064,2020,2044,7111,3471,3640,8127,3922,4205,7111,3382,3729,4064,1928,2136,1016,486,530,
35565,4064,2020,2044,7113,3471,3642,8128,3923,4205,7112,3382,3730,4064,1928,2136,1016,486,530,
35570,4065,2021,2044,7114,3472,3642,8130,3925,4205,7113,3383,3730,4064,1928,2136,1016,486,530,
35575,4066,2022,2044,7114,3472,3642,8130,3925,4205,7114,3383,3731,4064,1928,2136,1016,486,530,
35580,4067,2022,2045,7116,3472,3644,8133,3926,4207,7115,3383,3732,4065,1929,2136,1016,486,530,
35585,4067,2022,2045,7117,3473,3644,8133,3926,4207,7116,3384,3732,4065,1929,2136,1017,486,531,
35590,4068,2023,2045,7117,3473,3644,8134,3926,4208,7117,3384,3733,4067,1929,2138,1017,486,531,
35595,4068,2023,2045,7118,3474,3644,8135,3927,4208,7118,3385,3733,4068,1929,2139,1017,486,531,
35600,4068,2023,2045,7120,3475,3645,8136,3927,4209,7119,3386,3733,4068,1929,2139,1017,486,531,
35605,4069,2023,2046,7121,3476,3645,8138,3928,4210,7120,3386,3734,4068,1929,2139,1017,486,531,
35610,4070,2024,2046,7121,3476,3645,8138,3928,4210,7121,3386,3735,4068,1929,2139,1017,486,531,
35615,4071,2024,2047,7123,3477,3646,8141,3929,4212,7122,3386,3736,4069,1930,2139,1017,486,531,
35620,4071,2024,2047,7124,3477,3647,8141,3929,4212,7123,3386,3737,4069,1930,2139,1018,486,532,
35625,4072,2024,2048,7124,3477,3647,8142,3929,4213,7124,3387,3737,4071,1932,2139,1018,486,532,
35630,4072,2024,2048,7125,3478,3647,8143,3929,4214,7125,3388,3737,4072,1933,2139,1018,486,532,
35635,4072,2024,2048,7127,3478,3649,8144,3929,4215,7126,3388,3738,4072,1933,2139,1018,486,532,
35640,4073,2024,2049,7128,3478,3650,8146,3931,4215,7127,3388,3739,4072,1933,2139,1018,486,532,
35645,4074,2024,2050,7128,3478,3650,8146,3931,4215,7128,3389,3739,4072,1933,2139,1018,486,532,
35650,4075,2025,2050,7130,3479,3651,8149,3931,4218,7129,3390,3739,4073,1933,2140,1018,486,532,
35655,4075,2025,2050,7131,3480,3651,8149,3931,4218,7130,3390,3740,4073,1933,2140,1019,486,533,
35660,4076,2026,2050,7131,3480,3651,8150,3932,4218,7131,3391,3740,4075,1933,2142,1019,486,533,
35665,4076,2026,2050,7132,3480,3652,8151,3932,4219,7132,3391,3741,4076,1933,2143,1019,486,533,
35670,4076,2026,2050,7134,3481,3653,8152,3933,4219,7133,3391,3742,4076,1933,2143,1019,486,533,
35675,4077,2027,2050,7135,3482,3653,8154,3935,4219,7134,3391,3743,4076,1933,2143,1019,486,533,
35680,4078,2028,2050,7135,3482,3653,8154,3935,4219,7135,3392,3743,4076,1933,2143,1019,486,533,
35685,4079,2029,2050,7137,3484,3653,8157,3937,4220,7136,3393,3743,4077,1933,2144,1019,486,533,
35690,4079,2029,2050,7138,3484,3654,8157,3937,4220,7137,3394,3743,4077,1933,2144,1020,487,533,
35695,4080,2030,2050,7138,3484,3654,8158,3937,4221,7138,3394,3744,4079,1934,2145,1020,487,533,
35700,4080,2030,2050,7139,3485,3654,8159,3937,4222,7139,3394,3745,4080,1935,2145,1020,487,533,
35705,4080,2030,2050,7141,3486,3655,8160,3937,4223,7140,3394,3746,4080,1935,2145,1020,487,533,
35710,4081,2030,2051,7142,3486,3656,8162,3939,4223,7141,3394,3747,4080,1935,2145,1020,487,533,
35715,4082,2031,2051,7142,3486,3656,8162,3939,4223,7142,3394,3748,4080,1935,2145,1020,487,533,
35720,4083,2032,2051,7144,3486,3658,8165,3940,4225,7143,3394,3749,4081,1935,2146,1020,487,533,
35725,4083,2032,2051,7145,3486,3659,8165,3940,4225,7144,3394,3750,4081,1935,2146,1021,487,534,
35730,4084,2033,2051,7145,3486,3659,8166,3940,4226,7145,3395,3750,4083,1936,2147,1021,487,534,
35735,4084,2033,2051,7146,3487,3659,8167,3940,4227,7146,3395,3751,4084,1936,2148,1021,487,534,
35740,4084,2033,2051,7148,3488,3660,8168,3940,4228,7147,3395,3752,4084,1936,2148,1021,487,534,
35745,4085,2033,2052,7149,3488,3661,8170,3941,4229,7148,3396,3752,4084,1936,2148,1021,487,534,
35750,4086,2034,2052,7149,3488,3661,8170,3941,4229,7149,3397,3752,4084,1936,2148,1021,487,534,
35755,4087,2035,2052,7151,3489,3662,8173,3942,4231,7150,3398,3752,4085,1936,2149,1021,487,534,
35760,4087,2035,2052,7152,3490,3662,8173,3942,4231,7151,3398,3753,4085,1936,2149,1022,488,534,
35765,4088,2036,2052,7152,3490,3662,8174,3942,4232,7152,3399,3753,4087,1937,2150,1022,488,534,
35770,4088,2036,2052,7153,3491,3662,8175,3942,4233,7153,3399,3754,4088,1938,2150,1022,488,534,
35775,4088,2036,2052,7155,3493,3662,8176,3942,4234,7154,3399,3755,4088,1938,2150,1022,488,534,
35780,4089,2036,2053,7156,3493,3663,8178,3942,4236,7155,3399,3756,4088,1938,2150,1022,488,534,
35785,4090,2036,2054,7156,3493,3663,8178,3942,4236,7156,3400,3756,4088,1938,2150,1022,488,534,
35790,4091,2037,2054,7158,3494,3664,8181,3943,4238,7157,3400,3757,4089,1938,2151,1022,488,534,
35795,4091,2037,2054,7159,3495,3664,8181,3943,4238,7158,3400,3758,4089,1938,2151,1023,488,535,
35800,4092,2037,2055,7159,3495,3664,8182,3944,4238,7159,3400,3759,4091,1939,2152,1023,488,535,
35805,4092,2037,2055,7160,3496,3664,8183,3945,4238,7160,3400,3760,4092,1940,2152,1023,488,535,
35810,4092,2037,2055,7162,3498,3664,8184,3946,4238,7161,3400,3761,4092,1940,2152,1023,488,535,
35815,4093,2038,2055,7163,3499,3664,8186,3947,4239,7162,3401,3761,4092,1940,2152,1023,488,535,
35820,4094,2039,2055,7163,3499,3664,8186,3947,4239,7163,3402,3761,4092,1940,2152,1023,488,535,
35825,4095,2040,2055,7165,3500,3665,8189,3950,4239,7164,3402,3762,4093,1940,2153,1023,488,535,
35830,4095,2040,2055,7166,3501,3665,8189,3950,4239,7165,3403,3762,4093,1940,2153,1024,488,536,
35835,4096,2041,2055,7166,3501,3665,8190,3950,4240,7166,3403,3763,4095,1941,2154,1024,488,536,
35840,4096,2041,2055,7167,3502,3665,8191,3950,4241,7167,3404,3763,4096,1941,2155,1024,488,536,
35845,4096,2041,2055,7169,3504,3665,8192,3951,4241,7168,3405,3763,4096,1941,2155,1024,488,536,
35850,4097,2041,2056,7170,3505,3665,8194,3952,4242,7169,3406,3763,4096,1941,2155,1024,488,536,
35855,4098,2041,2057,7170,3505,3665,8194,3952,4242,7170,3406,3764,4096,1941,2155,1024,488,536,
35860,4099,2042,2057,7172,3506,3666,8197,3952,4245,7171,3406,3765,4097,1942,2155,1024,488,536,
35865,4099,2042,2057,7173,3506,3667,8197,3952,4245,7172,3407,3765,4097,1942,2155,1025,488,537,
35870,4100,2043,2057,7173,3506,3667,8198,3953,4245,7173,3408,3765,4099,1943,2156,1025,488,537,
35875,4100,2043,2057,7174,3506,3668,8199,3954,4245,7174,3409,3765,4100,1943,2157,1025,488,537,
35880,4100,2043,2057,7176,3507,3669,8200,3955,4245,7175,3410,3765,4100,1943,2157,1025,488,537,
35885,4101,2044,2057,7177,3508,3669,8202,3956,4246,7176,3410,3766,4100,1943,2157,1025,488,537,
35890,4102,2044,2058,7177,3508,3669,8202,3956,4246,7177,3411,3766,4100,1943,2157,1025,488,537,
35895,4103,2045,2058,7179,3508,3671,8205,3956,4249,7178,3411,3767,4101,1943,2158,1025,488,537,
35900,4103,2045,2058,7180,3509,3671,8205,3956,4249,7179,3411,3768,4101,1943,2158,1026,488,538,
35905,4104,2045,2059,7180,3509,3671,8206,3956,4250,7180,3411,3769,4103,1944,2159,1026,488,538,
35910,4104,2045,2059,7181,3509,3672,8207,3957,4250,7181,3412,3769,4104,1944,2160,1026,488,538,
35915,4104,2045,2059,7183,3510,3673,8208,3957,4251,7182,3412,3770,4104,1944,2160,1026,488,538,
35920,4105,2045,2060,7184,3510,3674,8210,3959,4251,7183,3412,3771,4104,1944,2160,1026,488,538,
35925,4106,2046,2060,7184,3510,3674,8210,3959,4251,7184,3412,3772,4104,1944,2160,1026,488,538,
35930,4107,2046,2061,7186,3511,3675,8213,3960,4253,7185,3413,3772,4105,1945,2160,1026,488,538,
35935,4107,2046,2061,7187,3511,3676,8213,3960,4253,7186,3414,3772,4105,1945,2160,1027,488,539,
35940,4108,2047,2061,7187,3511,3676,8214,3961,4253,7187,3415,3772,4107,1946,2161,1027,488,539,
35945,4108,2047,2061,7188,3511,3677,8215,3962,4253,7188,3416,3772,4108,1946,2162,1027,488,539,
35950,4108,2047,2061,7190,3513,3677,8216,3962,4254,7189,3416,3773,4108,1946,2162,1027,488,539,
35955,4109,2048,2061,7191,3513,3678,8218,3963,4255,7190,3416,3774,4108,1946,2162,1027,488,539,
35960,4110,2049,2061,7191,3513,3678,8218,3963,4255,7191,3416,3775,4108,1946,2162,1027,488,539,
35965,4111,2050,2061,7193,3513,3680,8221,3965,4256,7192,3417,3775,4109,1947,2162,1027,488,539,
35970,4111,2050,2061,7194,3513,3681,8221,3965,4256,7193,3417,3776,4109,1947,2162,1028,488,540,
35975,4112,2050,2062,7194,3513,3681,8222,3966,4256,7194,3417,3777,4111,1947,2164,1028,488,540,
35980,4112,2050,2062,7195,3513,3682,8223,3967,4256,7195,3417,3778,4112,1947,2165,1028,488,540,
35985,4112,2050,2062,7197,3514,3683,8224,3967,4257,7196,3417,3779,4112,1947,2165,1028,488,540,
35990,4113,2051,2062,7198,3514,3684,8226,3969,4257,7197,3418,3779,4112,1947,2165,1028,488,540,
35995,4114,2052,2062,7198,3514,3684,8226,3969,4257,7198,3419,3779,4112,1947,2165,1028,488,540,
36000,4115,2052,2063,7200,3515,3685,8229,3970,4259,7199,3419,3780,4113,1947,2166,1028,488,540,
36005,4115,2052,2063,7201,3515,3686,8229,3970,4259,7200,3419,3781,4113,1947,2166,1029,489,540,
36010,4116,2052,2064,7201,3515,3686,8230,3970,4260,7201,3420,3781,4115,1949,2166,1029,489,540,
36015,4116,2052,2064,7202,3516,3686,8231,3971,4260,7202,3421,3781,4116,1949,2167,1029,489,540,
36020,4116,2052,2064,7204,3516,3688,8232,3972,4260,7203,3422,3781,4116,1949,2167,1029,489,540,
36025,4117,2052,2065,7205,3517,3688,8234,3973,4261,7204,3423,3781,4116,1949,2167,1029,489,540,
36030,4118,2053,2065,7205,3517,3688,8234,3973,4261,7205,3424,3781,4116,1949,2167,1029,489,540,
36035,4119,2054,2065,7207,3518,3689,8237,3974,4263,7206,3424,3782,4117,1950,2167,1029,489,540,
36040,4119,2054,2065,7208,3518,3690,8237,3974,4263,7207,3424,3783,4117,1950,2167,1030,490,540,
36045,4120,2054,2066,7208,3518,3690,8238,3975,4263,7208,3424,3784,4119,1951,2168,1030,490,540,
36050,4120,2054,2066,7209,3519,3690,8239,3976,4263,7209,3424,3785,4120,1952,2168,1030,490,540,
36055,4120,2054,2066,7211,3520,3691,8240,3976,4264,7210,3424,3786,4120,1952,2168,1030,490,540,
36060,4121,2055,2066,7212,3520,3692,8242,3977,4265,7211,3424,3787,4120,1952,2168,1030,490,540,
36065,4122,2055,2067,7212,3520,3692,8242,3977,4265,7212,3425,3787,4120,1952,2168,1030,490,540,
36070,4123,2056,2067,7214,3520,3694,8245,3980,4265,7213,3425,3788,4121,1953,2168,1030,490,540,
36075,4123,2056,2067,7215,3521,3694,8245,3980,4265,7214,3426,3788,4121,1953,2168,1031,491,540,
36080,4124,2056,2068,7215,3521,3694,8246,3980,4266,7215,3426,3789,4123,1955,2168,1031,491,540,
36085,4124,2056,2068,7216,3521,3695,8247,3980,4267,7216,3427,3789,4124,1956,2168,1031,491,540,
36090,4124,2056,2068,7218,3522,3696,8248,3981,4267,7217,3427,3790,4124,1956,2168,1031,491,540,
36095,4125,2056,2069,7219,3522,3697,8250,3982,4268,7218,3427,3791,4124,1956,2168,1031,491,540,
36100,4126,2057,2069,7219,3522,3697,8250,3982,4268,7219,3428,3791,4124,1956,2168,1031,491,540,
36105,4127,2058,2069,7221,3523,3698,8253,3984,4269,7220,3429,3791,4125,1957,2168,1031,491,540,
36110,4127,2058,2069,7222,3524,3698,8253,3984,4269,7221,3430,3791,4125,1957,2168,1032,491,541,
36115,4128,2059,2069,7222,3524,3698,8254,3984,4270,7222,3430,3792,4127,1957,2170,1032,491,541,
36120,4128,2059,2069,7223,3525,3698,8255,3984,4271,7223,3430,3793,4128,1958,2170,1032,491,541,
36125,4128,2059,2069,7225,3525,3700,8256,3985,4271,7224,3431,3793,4128,1958,2170,1032,491,541,
36130,4129,2060,2069,7226,3525,3701,8258,3986,4272,7225,3432,3793,4128,1958,2170,1032,491,541,
36135,4130,2060,2070,7226,3525,3701,8258,3986,4272,7226,3433,3793,4128,1958,2170,1032,491,541,
36140,4131,2061,2070,7228,3526,3702,8261,3987,4274,7227,3433,3794,4129,1959,2170,1032,491,541,
36145,4131,2061,2070,7229,3526,3703,8261,3987,4274,7228,3434,3794,4129,1959,2170,1033,491,542,
36150,4132,2061,2071,7229,3526,3703,8262,3987,4275,7229,3434,3795,4131,1959,2172,1033,491,542,
36155,4132,2061,2071,7230,3527,3703,8263,3988,4275,7230,3434,3796,4132,1960,2172,1033,491,542,
36160,4132,2061,2071,7232,3528,3704,8264,3988,4276,7231,3434,3797,4132,1960,2172,1033,491,542,
36165,4133,2061,2072,7233,3528,3705,8266,3990,4276,7232,3435,3797,4132,1960,2172,1033,491,542,
36170,4134,2061,2073,7233,3528,3705,8266,3990,4276,7233,3436,3797,4132,1960,2172,1033,491,542,
36175,4135,2062,2073,7235,3529,3706,8269,3991,4278,7234,3437,3797,4133,1961,2172,1033,491,542,
36180,4135,2062,2073,7236,3530,3706,8269,3991,4278,7235,3437,3798,4133,1961,2172,1034,491,543,
36185,4136,2062,2074,7236,3530,3706,8270,3992,4278,7236,3438,3798,4135,1962,2173,1034,491,543,
36190,4136,2062,2074,7237,3530,3707,8271,3992,4279,7237,3439,3798,4136,1962,2174,1034,491,543,
36195,4136,2062,2074,7239,3531,3708,8272,3993,4279,7238,3440,3798,4136,1962,2174,1034,491,543,
36200,4137,2062,2075,7240,3531,3709,8274,3994,4280,7239,3441,3798,4136,1962,2174,1034,491,543,
36205,4138,2063,2075,7240,3531,3709,8274,3994,4280,7240,3442,3798,4136,1962,2174,1034,491,543,
36210,4139,2063,2076,7242,3533,3709,8277,3996,4281,7241,3443,3798,4137,1963,2174,1034,491,543,
36215,4139,2063,2076,7243,3533,3710,8277,3996,4281,7242,3444,3798,4137,1963,2174,1035,492,543,
36220,4140,2063,2077,7243,3533,3710,8278,3997,4281,7243,3445,3798,4139,1964,2175,1035,492,543,
36225,4140,2063,2077,7244,3533,3711,8279,3997,4282,7244,3446,3798,4140,1964,2176,1035,492,543,
36230,4140,2063,2077,7246,3534,3712,8280,3997,4283,7245,3447,3798,4140,1964,2176,1035,492,543,
36235,4141,2064,2077,7247,3534,3713,8282,3998,4284,7246,3448,3798,4140,1964,2176,1035,492,543,
36240,4142,2064,2078,7247,3534,3713,8282,3998,4284,7247,3448,3799,4140,1964,2176,1035,492,543,
36245,4143,2064,2079,7249,3535,3714,8285,4000,4285,7248,3448,3800,4141,1965,2176,1035,492,543,
36250,4143,2064,2079,7250,3535,3715,8285,4000,4285,7249,3448,3801,4141,1965,2176,1036,493,543,
36255,4144,2065,2079,7250,3535,3715,8286,4001,4285,7250,3448,3802,4143,1966,2177,1036,493,543,
36260,4144,2065,2079,7251,3536,3715,8287,4002,4285,7251,3449,3802,4144,1966,2178,1036,493,543,
36265,4144,2065,2079,7253,3536,3717,8288,4002,4286,7252,3449,3803,4144,1966,2178,1036,493,543,
36270,4145,2065,2080,7254,3536,3718,8290,4003,4287,7253,3449,3804,4144,1966,2178,1036,493,543,
36275,4146,2065,2081,7254,3536,3718,8290,4003,4287,7254,3449,3805,4144,1966,2178,1036,493,543,
36280,4147,2066,2081,7256,3537,3719,8293,4003,4290,7255,3449,3806,4145,1967,2178,1036,493,543,
36285,4147,2066,2081,7257,3538,3719,8293,4003,4290,7256,3450,3806,4145,1967,2178,1037,493,544,
36290,4148,2066,2082,7257,3538,3719,8294,4004,4290,7257,3451,3806,4147,1967,2180,1037,493,544,
36295,4148,2066,2082,7258,3539,3719,8295,4005,4290,7258,3451,3807,4148,1968,2180,1037,493,544,
36300,4148,2066,2082,7260,3541,3719,8296,4006,4290,7259,3452,3807,4148,1968,2180,1037,493,544,
36305,4149,2067,2082,7261,3541,3720,8298,4008,4290,7260,3452,3808,4148,1968,2180,1037,493,544,
36310,4150,2067,2083,7261,3541,3720,8298,4008,4290,7261,3452,3809,4148,1968,2180,1037,493,544,
36315,4151,2067,2084,7263,3542,3721,8301,4009,4292,7262,3453,3809,4149,1969,2180,1037,493,544,
36320,4151,2067,2084,7264,3542,3722,8301,4009,4292,7263,3453,3810,4149,1969,2180,1038,493,545,
36325,4152,2067,2085,7264,3542,3722,8302,4010,4292,7264,3453,3811,4151,1970,2181,1038,493,545,
36330,4152,2067,2085,7265,3542,3723,8303,4011,4292,7265,3454,3811,4152,1971,2181,1038,493,545,
36335,4152,2067,2085,7267,3542,3725,8304,4011,4293,7266,3455,3811,4152,1971,2181,1038,493,545,
36340,4153,2068,2085,7268,3542,3726,8306,4011,4295,7267,3456,3811,4152,1971,2181,1038,493,545,
36345,4154,2069,2085,7268,3542,3726,8306,4011,4295,7268,3456,3812,4152,1971,2181,1038,493,545,
36350,4155,2069,2086,7270,3542,3728,8309,4013,4296,7269,3456,3813,4153,1972,2181,1038,493,545,
36355,4155,2069,2086,7271,3542,3729,8309,4013,4296,7270,3457,3813,4153,1972,2181,1039,494,545,
36360,4156,2070,2086,7271,3542,3729,8310,4013,4297,7271,3457,3814,4155,1973,2182,1039,494,545,
36365,4156,2070,2086,7272,3542,3730,8311,4013,4298,7272,3458,3814,4156,1974,2182,1039,494,545,
36370,4156,2070,2086,7274,3543,3731,8312,4014,4298,7273,3458,3815,4156,1974,2182,1039,494,545,
36375,4157,2071,2086,7275,3544,3731,8314,4015,4299,7274,3458,3816,4156,1974,2182,1039,494,545,
36380,4158,2071,2087,7275,3544,3731,8314,4015,4299,7275,3458,3817,4156,1974,2182,1039,494,545,
36385,4159,2072,2087,7277,3546,3731,8317,4016,4301,7276,3459,3817,4157,1974,2183,1039,494,545,
36390,4159,2072,2087,7278,3546,3732,8317,4016,4301,7277,3459,3818,4157,1974,2183,1040,494,546,
36395,4160,2072,2088,7278,3546,3732,8318,4017,4301,7278,3460,3818,4159,1974,2185,1040,494,546,
36400,4160,2072,2088,7279,3547,3732,8319,4017,4302,7279,3461,3818,4160,1974,2186,1040,494,546,
36405,4160,2072,2088,7281,3547,3734,8320,4018,4302,7280,3462,3818,4160,1974,2186,1040,494,546,
36410,4161,2073,2088,7282,3547,3735,8322,4020,4302,7281,3462,3819,4160,1974,2186,1040,494,546,
36415,4162,2074,2088,7282,3547,3735,8322,4020,4302,7282,3463,3819,4160,1974,2186,1040,494,546,
36420,4163,2075,2088,7284,3548,3736,8325,4022,4303,7283,3463,3820,4161,1974,2187,1040,494,546,
36425,4163,2075,2088,7285,3548,3737,8325,4022,4303,7284,3464,3820,4161,1974,2187,1041,495,546,
36430,4164,2076,2088,7285,3548,3737,8326,4023,4303,7285,3465,3820,4163,1975,2188,1041,495,546,
36435,4164,2076,2088,7286,3549,3737,8327,4024,4303,7286,3465,3821,4164,1976,2188,1041,495,546,
36440,4164,2076,2088,7288,3549,3739,8328,4025,4303,7287,3465,3822,4164,1976,2188,1041,495,546,
36445,4165,2076,2089,7289,3550,3739,8330,4026,4304,7288,3466,3822,4164,1976,2188,1041,495,546,
36450,4166,2077,2089,7289,3550,3739,8330,4026,4304,7289,3467,3822,4164,1976,2188,1041,495,546,
36455,4167,2078,2089,7291,3552,3739,8333,4026,4307,7290,3468,3822,4165,1977,2188,1041,495,546,
36460,4167,2078,2089,7292,3552,3740,8333,4026,4307,7291,3468,3823,4165,1977,2188,1042,495,547,
36465,4168,2078,2090,7292,3552,3740,8334,4027,4307,7292,3468,3824,4167,1979,2188,1042,495,547,
36470,4168,2078,2090,7293,3552,3741,8335,4027,4308,7293,3468,3825,4168,1980,2188,1042,495,547,
36475,4168,2078,2090,7295,3554,3741,8336,4028,4308,7294,3468,3826,4168,1980,2188,1042,495,547,
36480,4169,2079,2090,7296,3555,3741,8338,4028,4310,7295,3468,3827,4168,1980,2188,1042,495,547,
36485,4170,2079,2091,7296,3555,3741,8338,4028,4310,7296,3468,3828,4168,1980,2188,1042,495,547,
36490,4171,2079,2092,7298,3557,3741,8341,4028,4313,7297,3469,3828,4169,1981,2188,1042,495,547,
36495,4171,2079,2092,7299,3557,3742,8341,4028,4313,7298,3469,3829,4169,1981,2188,1043,495,548,
36500,4172,2080,2092,7299,3557,3742,8342,4029,4313,7299,3469,3830,4171,1981,2190,1043,495,548,
36505,4172,2080,2092,7300,3557,3743,8343,4029,4314,7300,3470,3830,4172,1982,2190,1043,495,548,
36510,4172,2080,2092,7302,3558,3744,8344,4029,4315,7301,3470,3831,4172,1982,2190,1043,495,548,
36515,4173,2080,2093,7303,3559,3744,8346,4030,4316,7302,3470,3832,4172,1982,2190,1043,495,548,
36520,4174,2080,2094,7303,3559,3744,8346,4030,4316,7303,3471,3832,4172,1982,2190,1043,495,548,
36525,4175,2081,2094,7305,3560,3745,8349,4031,4318,7304,3471,3833,4173,1982,2191,1043,495,548,
36530,4175,2081,2094,7306,3560,3746,8349,4031,4318,7305,3472,3833,4173,1982,2191,1044,496,548,
36535,4176,2081,2095,7306,3560,3746,8350,4031,4319,7306,3472,3834,4175,1983,2192,1044,496,548,
36540,4176,2081,2095,7307,3560,3747,8351,4031,4320,7307,3473,3834,4176,1984,2192,1044,496,548,
36545,4176,2081,2095,7309,3560,3749,8352,4032,4320,7308,3473,3835,4176,1984,2192,1044,496,548,
36550,4177,2081,2096,7310,3561,3749,8354,4033,4321,7309,3474,3835,4176,1984,2192,1044,496,548,
36555,4178,2081,2097,7310,3561,3749,8354,4033,4321,7310,3475,3835,4176,1984,2192,1044,496,548,
36560,4179,2081,2098,7312,3562,3750,8357,4034,4323,7311,3476,3835,4177,1984,2193,1044,496,548,
36565,4179,2081,2098,7313,3562,3751,8357,4034,4323,7312,3476,3836,4177,1984,2193,1045,497,548,
36570,4180,2082,2098,7313,3562,3751,8358,4035,4323,7313,3476,3837,4179,1984,2195,1045,497,548,
36575,4180,2082,2098,7314,3563,3751,8359,4035,4324,7314,3477,3837,4180,1985,2195,1045,497,548,
36580,4180,2082,2098,7316,3564,3752,8360,4036,4324,7315,3478,3837,4180,1985,2195,1045,497,548,
36585,4181,2082,2099,7317,3565,3752,8362,4038,4324,7316,3478,3838,4180,1985,2195,1045,497,548,
36590,4182,2082,2100,7317,3565,3752,8362,4038,4324,7317,3479,3838,4180,1985,2195,1045,497,548,
36595,4183,2083,2100,7319,3566,3753,8365,4040,4325,7318,3480,3838,4181,1986,2195,1045,497,548,
36600,4183,2083,2100,7320,3566,3754,8365,4040,4325,7319,3480,3839,4181,1986,2195,1046,498,548,
36605,4184,2084,2100,7320,3566,3754,8366,4040,4326,7320,3481,3839,4183,1988,2195,1046,498,548,
36610,4184,2084,2100,7321,3567,3754,8367,4041,4326,7321,3481,3840,4184,1989,2195,1046,498,548,
36615,4184,2084,2100,7323,3568,3755,8368,4041,4327,7322,3482,3840,4184,1989,2195,1046,498,548,
36620,4185,2084,2101,7324,3568,3756,8370,4042,4328,7323,3483,3840,4184,1989,2195,1046,498,548,
36625,4186,2084,2102,7324,3568,3756,8370,4042,4328,7324,3484,3840,4184,1989,2195,1046,498,548,
36630,4187,2085,2102,7326,3569,3757,8373,4042,4331,7325,3485,3840,4185,1989,2196,1046,498,548,
36635,4187,2085,2102,7327,3570,3757,8373,4042,4331,7326,3486,3840,4185,1989,2196,1047,498,549,
36640,4188,2086,2102,7327,3570,3757,8374,4043,4331,7327,3486,3841,4187,1990,2197,1047,498,549,
36645,4188,2086,2102,7328,3571,3757,8375,4044,4331,7328,3486,3842,4188,1990,2198,1047,498,549,
36650,4188,2086,2102,7330,3572,3758,8376,4045,4331,7329,3486,3843,4188,1990,2198,1047,498,549,
36655,4189,2086,2103,7331,3572,3759,8378,4047,4331,7330,3487,3843,4188,1990,2198,1047,498,549,
36660,4190,2086,2104,7331,3572,3759,8378,4047,4331,7331,3488,3843,4188,1990,2198,1047,498,549,
36665,4191,2087,2104,7333,3572,3761,8381,4050,4331,7332,3489,3843,4189,1991,2198,1047,498,549,
36670,4191,2087,2104,7334,3572,3762,8381,4050,4331,7333,3490,3843,4189,1991,2198,1048,499,549,
36675,4192,2088,2104,7334,3572,3762,8382,4050,4332,7334,3491,3843,4191,1992,2199,1048,499,549,
36680,4192,2088,2104,7335,3572,3763,8383,4050,4333,7335,3492,3843,4192,1992,2200,1048,499,549,
36685,4192,2088,2104,7337,3573,3764,8384,4051,4333,7336,3492,3844,4192,1992,2200,1048,499,549,
36690,4193,2089,2104,7338,3574,3764,8386,4052,4334,7337,3493,3844,4192,1992,2200,1048,499,549,
36695,4194,2090,2104,7338,3574,3764,8386,4052,4334,7338,3494,3844,4192,1992,2200,1048,499,549,
36700,4195,2091,2104,7340,3574,3766,8389,4054,4335,7339,3494,3845,4193,1993,2200,1048,499,549,
36705,4195,2091,2104,7341,3575,3766,8389,4054,4335,7340,3494,3846,4193,1993,2200,1049,500,549,
36710,4196,2092,2104,7341,3575,3766,8390,4055,4335,7341,3495,3846,4195,1994,2201,1049,500,549,
36715,4196,2092,2104,7342,3576,3766,8391,4056,4335,7342,3495,3847,4196,1995,2201,1049,500,549,
36720,4196,2092,2104,7344,3577,3767,8392,4057,4335,7343,3495,3848,4196,1995,2201,1049,500,549,
36725,4197,2092,2105,7345,3578,3767,8394,4058,4336,7344,3496,3848,4196,1995,2201,1049,500,549,
36730,4198,2093,2105,7345,3578,3767,8394,4058,4336,7345,3497,3848,4196,1995,2201,1049,500,549,
36735,4199,2094,2105,7347,3580,3767,8397,4060,4337,7346,3497,3849,4197,1996,2201,1049,500,549,
36740,4199,2094,2105,7348,3580,3768,8397,4060,4337,7347,3498,3849,4197,1996,2201,1050,500,550,
36745,4200,2095,2105,7348,3580,3768,8398,4061,4337,7348,3498,3850,4199,1997,2202,1050,500,550,
36750,4200,2095,2105,7349,3581,3768,8399,4061,4338,7349,3498,3851,4200,1998,2202,1050,500,550,
36755,4200,2095,2105,7351,3583,3768,8400,4062,4338,7350,3498,3852,4200,1998,2202,1050,500,550,
36760,4201,2096,2105,7352,3583,3769,8402,4064,4338,7351,3499,3852,4200,1998,2202,1050,500,550,
36765,4202,2096,2106,7352,3583,3769,8402,4064,4338,7352,3500,3852,4200,1998,2202,1050,500,550,
36770,4203,2096,2107,7354,3584,3770,8405,4066,4339,7353,3500,3853,4201,1998,2203,1050,500,550,
36775,4203,2096,2107,7355,3584,3771,8405,4066,4339,7354,3500,3854,4201,1998,2203,1051,501,550,
36780,4204,2096,2108,7355,3584,3771,8406,4067,4339,7355,3500,3855,4203,1998,2205,1051,501,550,
36785,4204,2096,2108,7356,3584,3772,8407,4067,4340,7356,3500,3856,4204,1998,2206,1051,501,550,
36790,4204,2096,2108,7358,3584,3774,8408,4067,4341,7357,3500,3857,4204,1998,2206,1051,501,550,
36795,4205,2096,2109,7359,3584,3775,8410,4067,4343,7358,3501,3857,4204,1998,2206,1051,501,550,
36800,4206,2096,2110,7359,3584,3775,8410,4067,4343,7359,3501,3858,4204,1998,2206,1051,501,550,
36805,4207,2097,2110,7361,3585,3776,8413,4069,4344,7360,3501,3859,4205,1998,2207,1051,501,550,
36810,4207,2097,2110,7362,3586,3776,8413,4069,4344,7361,3502,3859,4205,1998,2207,1052,501,551,
36815,4208,2098,2110,7362,3586,3776,8414,4070,4344,7362,3502,3860,4207,1998,2209,1052,501,551,
36820,4208,2098,2110,7363,3586,3777,8415,4070,4345,7363,3502,3861,4208,1999,2209,1052,501,551,
36825,4208,2098,2110,7365,3587,3778,8416,4070,4346,7364,3502,3862,4208,1999,2209,1052,501,551,
36830,4209,2098,2111,7366,3587,3779,8418,4072,4346,7365,3503,3862,4208,1999,2209,1052,501,551,
36835,4210,2098,2112,7366,3587,3779,8418,4072,4346,7366,3503,3863,4208,1999,2209,1052,501,551,
36840,4211,2099,2112,7368,3588,3780,8421,4073,4348,7367,3504,3863,4209,1999,2210,1052,501,551,
36845,4211,2099,2112,7369,3589,3780,8421,4073,4348,7368,3505,3863,4209,1999,2210,1053,501,552,
36850,4212,2099,2113,7369,3589,3780,8422,4073,4349,7369,3506,3863,4211,1999,2212,1053,501,552,
36855,4212,2099,2113,7370,3589,3781,8423,4074,4349,7370,3507,3863,4212,2000,2212,1053,501,552,
36860,4212,2099,2113,7372,3589,3783,8424,4075,4349,7371,3508,3863,4212,2000,2212,1053,501,552,
36865,4213,2100,2113,7373,3590,3783,8426,4075,4351,7372,3508,3864,4212,2000,2212,1053,501,552,
36870,4214,2100,2114,7373,3590,3783,8426,4075,4351,7373,3508,3865,4212,2000,2212,1053,501,552,
36875,4215,2100,2115,7375,3590,3785,8429,4077,4352,7374,3508,3866,4213,2001,2212,1053,501,552,
36880,4215,2100,2115,7376,3590,3786,8429,4077,4352,7375,3509,3866,4213,2001,2212,1054,502,552,
36885,4216,2101,2115,7376,3590,3786,8430,4077,4353,7376,3510,3866,4215,2001,2214,1054,502,552,
36890,4216,2101,2115,7377,3590,3787,8431,4077,4354,7377,3511,3866,4216,2001,2215,1054,502,552,
36895,4216,2101,2115,7379,3592,3787,8432,4077,4355,7378,3512,3866,4216,2001,2215,1054,502,552,
36900,4217,2101,2116,7380,3593,3787,8434,4078,4356,7379,3512,3867,4216,2001,2215,1054,502,552,
36905,4218,2101,2117,7380,3593,3787,8434,4078,4356,7380,3512,3868,4216,2001,2215,1054,502,552,
36910,4219,2101,2118,7382,3594,3788,8437,4080,4357,7381,3513,3868,4217,2001,2216,1054,502,552,
36915,4219,2101,2118,7383,3595,3788,8437,4080,4357,7382,3513,3869,4217,2001,2216,1055,502,553,
36920,4220,2101,2119,7383,3595,3788,8438,4080,4358,7383,3514,3869,4219,2002,2217,1055,502,553,
36925,4220,2101,2119,7384,3595,3789,8439,4080,4359,7384,3514,3870,4220,2002,2218,1055,502,553,
36930,4220,2101,2119,7386,3595,3791,8440,4081,4359,7385,3515,3870,4220,2002,2218,1055,502,553,
36935,4221,2101,2120,7387,3596,3791,8442,4081,4361,7386,3515,3871,4220,2002,2218,1055,502,553,
36940,4222,2101,2121,7387,3596,3791,8442,4081,4361,7387,3515,3872,4220,2002,2218,1055,502,553,
36945,4223,2102,2121,7389,3596,3793,8445,4084,4361,7388,3516,3872,4221,2002,2219,1055,502,553,
36950,4223,2102,2121,7390,3597,3793,8445,4084,4361,7389,3516,3873,4221,2002,2219,1056,503,553,
36955,4224,2103,2121,7390,3597,3793,8446,4085,4361,7390,3517,3873,4223,2004,2219,1056,503,553,
36960,4224,2103,2121,7391,3597,3794,8447,4086,4361,7391,3517,3874,4224,2005,2219,1056,503,553,
36965,4224,2103,2121,7393,3597,3796,8448,4086,4362,7392,3518,3874,4224,2005,2219,1056,503,553,
36970,4225,2103,2122,7394,3597,3797,8450,4086,4364,7393,3518,3875,4224,2005,2219,1056,503,553,
36975,4226,2104,2122,7394,3597,3797,8450,4086,4364,7394,3518,3876,4224,2005,2219,1056,503,553,
36980,4227,2105,2122,7396,3597,3799,8453,4087,4366,7395,3519,3876,4225,2005,2220,1056,503,553,
36985,4227,2105,2122,7397,3597,3800,8453,4087,4366,7396,3519,3877,4225,2005,2220,1057,504,553,
36990,4228,2105,2123,7397,3597,3800,8454,4088,4366,7397,3520,3877,4227,2006,2221,1057,504,553,
36995,4228,2105,2123,7398,3598,3800,8455,4089,4366,7398,3521,3877,4228,2007,2221,1057,504,553,
37000,4228,2105,2123,7400,3598,3802,8456,4089,4367,7399,3522,3877,4228,2007,2221,1057,504,553,
37005,4229,2106,2123,7401,3598,3803,8458,4090,4368,7400,3522,3878,4228,2007,2221,1057,504,553,
37010,4230,2107,2123,7401,3598,3803,8458,4090,4368,7401,3523,3878,4228,2007,2221,1057,504,553,
37015,4231,2107,2124,7403,3600,3803,8461,4090,4371,7402,3524,3878,4229,2007,2222,1057,504,553,
37020,4231,2107,2124,7404,3601,3803,8461,4090,4371,7403,3525,3878,4229,2007,2222,1058,504,554,
37025,4232,2107,2125,7404,3601,3803,8462,4091,4371,7404,3525,3879,4231,2008,2223,1058,504,554,
37030,4232,2107,2125,7405,3602,3803,8463,4092,4371,7405,3525,3880,4232,2009,2223,1058,504,554,
37035,4232,2107,2125,7407,3603,3804,8464,4092,4372,7406,3526,3880,4232,2009,2223,1058,504,554,
37040,4233,2107,2126,7408,3604,3804,8466,4094,4372,7407,3527,3880,4232,2009,2223,1058,504,554,
37045,4234,2107,2127,7408,3604,3804,8466,4094,4372,7408,3527,3881,4232,2009,2223,1058,504,554,
37050,4235,2108,2127,7410,3605,3805,8469,4097,4372,7409,3527,3882,4233,2009,2224,1058,504,554,
37055,4235,2108,2127,7411,3606,3805,8469,4097,4372,7410,3528,3882,4233,2009,2224,1059,504,555,
37060,4236,2108,2128,7411,3606,3805,8470,4097,4373,7411,3528,3883,4235,2010,2225,1059,504,555,
37065,4236,2108,2128,7412,3607,3805,8471,4098,4373,7412,3529,3883,4236,2010,2226,1059,504,555,
37070,4236,2108,2128,7414,3609,3805,8472,4098,4374,7413,3530,3883,4236,2010,2226,1059,504,555,
37075,4237,2109,2128,7415,3610,3805,8474,4099,4375,7414,3531,3883,4236,2010,2226,1059,504,555,
37080,4238,2110,2128,7415,3610,3805,8474,4099,4375,7415,3531,3884,4236,2010,2226,1059,504,555,
37085,4239,2111,2128,7417,3611,3806,8477,4100,4377,7416,3531,3885,4237,2010,2227,1059,504,555,
37090,4239,2111,2128,7418,3611,3807,8477,4100,4377,7417,3531,3886,4237,2010,2227,1060,505,555,
37095,4240,2111,2129,7418,3611,3807,8478,4100,4378,7418,3532,3886,4239,2012,2227,1060,505,555,
37100,4240,2111,2129,7419,3612,3807,8479,4100,4379,7419,3532,3887,4240,2012,2228,1060,505,555,
37105,4240,2111,2129,7421,3613,3808,8480,4100,4380,7420,3533,3887,4240,2012,2228,1060,505,555,
37110,4241,2111,2130,7422,3613,3809,8482,4101,4381,7421,3534,3887,4240,2012,2228,1060,505,555,
37115,4242,2112,2130,7422,3613,3809,8482,4101,4381,7422,3534,3888,4240,2012,2228,1060,505,555,
37120,4243,2112,2131,7424,3615,3809,8485,4102,4383,7423,3535,3888,4241,2013,2228,1060,505,555,
37125,4243,2112,2131,7425,3615,3810,8485,4102,4383,7424,3536,3888,4241,2013,2228,1061,505,556,
37130,4244,2112,2132,7425,3615,3810,8486,4103,4383,7425,3537,3888,4243,2014,2229,1061,505,556,
37135,4244,2112,2132,7426,3615,3811,8487,4104,4383,7426,3537,3889,4244,2014,2230,1061,505,556,
37140,4244,2112,2132,7428,3617,3811,8488,4105,4383,7427,3538,3889,4244,2014,2230,1061,505,556,
37145,4245,2113,2132,7429,3617,3812,8490,4105,4385,7428,3538,3890,4244,2014,2230,1061,505,556,
37150,4246,2113,2133,7429,3617,3812,8490,4105,4385,7429,3538,3891,4244,2014,2230,1061,505,556,
37155,4247,2114,2133,7431,3618,3813,8493,4106,4387,7430,3538,3892,4245,2015,2230,1061,505,556,
37160,4247,2114,2133,7432,3618,3814,8493,4106,4387,7431,3539,3892,4245,2015,2230,1062,505,557,
37165,4248,2114,2134,7432,3618,3814,8494,4106,4388,7432,3539,3893,4247,2015,2232,1062,505,557,
37170,4248,2114,2134,7433,3618,3815,8495,4107,4388,7433,3540,3893,4248,2016,2232,1062,505,557,
37175,4248,2114,2134,7435,3619,3816,8496,4107,4389,7434,3540,3894,4248,2016,2232,1062,505,557,
37180,4249,2114,2135,7436,3619,3817,8498,4108,4390,7435,3540,3895,4248,2016,2232,1062,505,557,
37185,4250,2115,2135,7436,3619,3817,8498,4108,4390,7436,3541,3895,4248,2016,2232,1062,505,557,
37190,4251,2116,2135,7438,3620,3818,8501,4110,4391,7437,3541,3896,4249,2017,2232,1062,505,557,
37195,4251,2116,2135,7439,3620,3819,8501,4110,4391,7438,3541,3897,4249,2017,2232,1063,505,558,
37200,4252,2116,2136,7439,3620,3819,8502,4111,4391,7439,3542,3897,4251,2019,2232,1063,505,558,
37205,4252,2116,2136,7440,3621,3819,8503,4112,4391,7440,3542,3898,4252,2020,2232,1063,505,558,
37210,4252,2116,2136,7442,3622,3820,8504,4113,4391,7441,3543,3898,4252,2020,2232,1063,505,558,
37215,4253,2116,2137,7443,3623,3820,8506,4115,4391,7442,3543,3899,4252,2020,2232,1063,505,558,
37220,4254,2116,2138,7443,3623,3820,8506,4115,4391,7443,3543,3900,4252,2020,2232,1063,505,558,
37225,4255,2117,2138,7445,3623,3822,8509,4116,4393,7444,3543,3901,4253,2021,2232,1063,505,558,
37230,4255,2117,2138,7446,3624,3822,8509,4116,4393,7445,3544,3901,4253,2021,2232,1064,506,558,
37235,4256,2117,2139,7446,3624,3822,8510,4117,4393,7446,3545,3901,4255,2023,2232,1064,506,558,
37240,4256,2117,2139,7447,3625,3822,8511,4118,4393,7447,3546,3901,4256,2024,2232,1064,506,558,
37245,4256,2117,2139,7449,3626,3823,8512,4119,4393,7448,3546,3902,4256,2024,2232,1064,506,558,
37250,4257,2117,2140,7450,3627,3823,8514,4119,4395,7449,3547,3902,4256,2024,2232,1064,506,558,
37255,4258,2118,2140,7450,3627,3823,8514,4119,4395,7450,3548,3902,4256,2024,2232,1064,506,558,
37260,4259,2118,2141,7452,3627,3825,8517,4120,4397,7451,3549,3902,4257,2025,2232,1064,506,558,
37265,4259,2118,2141,7453,3628,3825,8517,4120,4397,7452,3549,3903,4257,2025,2232,1065,507,558,
37270,4260,2119,2141,7453,3628,3825,8518,4120,4398,7453,3550,3903,4259,2025,2234,1065,507,558,
37275,4260,2119,2141,7454,3628,3826,8519,4120,4399,7454,3550,3904,4260,2025,2235,1065,507,558,
37280,4260,2119,2141,7456,3628,3828,8520,4120,4400,7455,3551,3904,4260,2025,2235,1065,507,558,
37285,4261,2119,2142,7457,3629,3828,8522,4120,4402,7456,3551,3905,4260,2025,2235,1065,507,558,
37290,4262,2119,2143,7457,3629,3828,8522,4120,4402,7457,3551,3906,4260,2025,2235,1065,507,558,
37295,4263,2119,2144,7459,3630,3829,8525,4122,4403,7458,3551,3907,4261,2026,2235,1065,507,558,
37300,4263,2119,2144,7460,3631,3829,8525,4122,4403,7459,3551,3908,4261,2026,2235,1066,508,558,
37305,4264,2119,2145,7460,3631,3829,8526,4122,4404,7460,3551,3909,4263,2028,2235,1066,508,558,
37310,4264,2119,2145,7461,3632,3829,8527,4122,4405,7461,3551,3910,4264,2028,2236,1066,508,558,
37315,4264,2119,2145,7463,3634,3829,8528,4123,4405,7462,3551,3911,4264,2028,2236,1066,508,558,
37320,4265,2120,2145,7464,3635,3829,8530,4124,4406,7463,3551,3912,4264,2028,2236,1066,508,558,
37325,4266,2121,2145,7464,3635,3829,8530,4124,4406,7464,3552,3912,4264,2028,2236,1066,508,558,
37330,4267,2122,2145,7466,3636,3830,8533,4126,4407,7465,3552,3913,4265,2029,2236,1066,508,558,
37335,4267,2122,2145,7467,3636,3831,8533,4126,4407,7466,3553,3913,4265,2029,2236,1067,508,559,
37340,4268,2123,2145,7467,3636,3831,8534,4127,4407,7467,3554,3913,4267,2029,2238,1067,508,559,
37345,4268,2123,2145,7468,3636,3832,8535,4128,4407,7468,3554,3914,4268,2030,2238,1067,508,559,
37350,4268,2123,2145,7470,3637,3833,8536,4128,4408,7469,3554,3915,4268,2030,2238,1067,508,559,
37355,4269,2123,2146,7471,3638,3833,8538,4130,4408,7470,3554,3916,4268,2030,2238,1067,508,559,
37360,4270,2123,2147,7471,3638,3833,8538,4130,4408,7471,3554,3917,4268,2030,2238,1067,508,559,
37365,4271,2123,2148,7473,3639,3834,8541,4132,4409,7472,3555,3917,4269,2030,2239,1067,508,559,
37370,4271,2123,2148,7474,3640,3834,8541,4132,4409,7473,3556,3917,4269,2030,2239,1068,508,560,
37375,4272,2124,2148,7474,3640,3834,8542,4132,4410,7474,3556,3918,4271,2031,2240,1068,508,560,
37380,4272,2124,2148,7475,3641,3834,8543,4133,4410,7475,3556,3919,4272,2032,2240,1068,508,560,
37385,4272,2124,2148,7477,3642,3835,8544,4133,4411,7476,3557,3919,4272,2032,2240,1068,508,560,
37390,4273,2125,2148,7478,3642,3836,8546,4134,4412,7477,3558,3919,4272,2032,2240,1068,508,560,
37395,4274,2126,2148,7478,3642,3836,8546,4134,4412,7478,3558,3920,4272,2032,2240,1068,508,560,
37400,4275,2126,2149,7480,3643,3837,8549,4135,4414,7479,3558,3921,4273,2033,2240,1068,508,560,
37405,4275,2126,2149,7481,3643,3838,8549,4135,4414,7480,3559,3921,4273,2033,2240,1069,508,561,
37410,4276,2126,2150,7481,3643,3838,8550,4135,4415,7481,3560,3921,4275,2035,2240,1069,508,561,
37415,4276,2126,2150,7482,3643,3839,8551,4135,4416,7482,3560,3922,4276,2036,2240,1069,508,561,
37420,4276,2126,2150,7484,3644,3840,8552,4136,4416,7483,3561,3922,4276,2036,2240,1069,508,561,
37425,4277,2127,2150,7485,3644,3841,8554,4138,4416,7484,3562,3922,4276,2036,2240,1069,508,561,
37430,4278,2127,2151,7485,3644,3841,8554,4138,4416,7485,3562,3923,4276,2036,2240,1069,508,561,
37435,4279,2128,2151,7487,3644,3843,8557,4139,4418,7486,3562,3924,4277,2036,2241,1069,508,561,
37440,4279,2128,2151,7488,3644,3844,8557,4139,4418,7487,3562,3925,4277,2036,2241,1070,509,561,
37445,4280,2128,2152,7488,3644,3844,8558,4139,4419,7488,3563,3925,4279,2037,2242,1070,509,561,
37450,4280,2128,2152,7489,3645,3844,8559,4139,4420,7489,3564,3925,4280,2037,2243,1070,509,561,
37455,4280,2128,2152,7491,3646,3845,8560,4140,4420,7490,3565,3925,4280,2037,2243,1070,509,561,
37460,4281,2128,2153,7492,3647,3845,8562,4140,4422,7491,3565,3926,4280,2037,2243,1070,509,561,
37465,4282,2128,2154,7492,3647,3845,8562,4140,4422,7492,3565,3927,4280,2037,2243,1070,509,561,
37470,4283,2128,2155,7494,3648,3846,8565,4141,4424,7493,3565,3928,4281,2037,2244,1070,509,561,
37475,4283,2128,2155,7495,3648,3847,8565,4141,4424,7494,3566,3928,4281,2037,2244,1071,510,561,
37480,4284,2129,2155,7495,3648,3847,8566,4142,4424,7495,3567,3928,4283,2037,2246,1071,510,561,
37485,4284,2129,2155,7496,3649,3847,8567,4142,4425,7496,3568,3928,4284,2038,2246,1071,510,561,
37490,4284,2129,2155,7498,3651,3847,8568,4142,4426,7497,3569,3928,4284,2038,2246,1071,510,561,
37495,4285,2130,2155,7499,3651,3848,8570,4143,4427,7498,3569,3929,4284,2038,2246,1071,510,561,
37500,4286,2130,2156,7499,3651,3848,8570,4143,4427,7499,3569,3930,4284,2038,2246,1071,510,561,
37505,4287,2130,2157,7501,3652,3849,8573,4145,4428,7500,3569,3931,4285,2039,2246,1071,510,561,
37510,4287,2130,2157,7502,3653,3849,8573,4145,4428,7501,3569,3932,4285,2039,2246,1072,511,561,
37515,4288,2131,2157,7502,3653,3849,8574,4146,4428,7502,3569,3933,4287,2039,2248,1072,511,561,
37520,4288,2131,2157,7503,3653,3850,8575,4147,4428,7503,3569,3934,4288,2039,2249,1072,511,561,
37525,4288,2131,2157,7505,3655,3850,8576,4147,4429,7504,3570,3934,4288,2039,2249,1072,511,561,
37530,4289,2132,2157,7506,3655,3851,8578,4148,4430,7505,3571,3934,4288,2039,2249,1072,511,561,
37535,4290,2133,2157,7506,3655,3851,8578,4148,4430,7506,3571,3935,4288,2039,2249,1072,511,561,
37540,4291,2134,2157,7508,3657,3851,8581,4148,4433,7507,3572,3935,4289,2039,2250,1072,511,561,
37545,4291,2134,2157,7509,3657,3852,8581,4148,4433,7508,3573,3935,4289,2039,2250,1073,511,562,
37550,4292,2135,2157,7509,3657,3852,8582,4148,4434,7509,3573,3936,4291,2039,2252,1073,511,562,
37555,4292,2135,2157,7510,3657,3853,8583,4148,4435,7510,3573,3937,4292,2039,2253,1073,511,562,
37560,4292,2135,2157,7512,3657,3855,8584,4149,4435,7511,3574,3937,4292,2039,2253,1073,511,562,
37565,4293,2136,2157,7513,3657,3856,8586,4149,4437,7512,3574,3938,4292,2039,2253,1073,511,562,
37570,4294,2137,2157,7513,3657,3856,8586,4149,4437,7513,3574,3939,4292,2039,2253,1073,511,562,
37575,4295,2138,2157,7515,3659,3856,8589,4150,4439,7514,3575,3939,4293,2040,2253,1073,511,562,
37580,4295,2138,2157,7516,3659,3857,8589,4150,4439,7515,3576,3939,4293,2040,2253,1074,512,562,
37585,4296,2138,2158,7516,3659,3857,8590,4151,4439,7516,3577,3939,4295,2041,2254,1074,512,562,
37590,4296,2138,2158,7517,3660,3857,8591,4151,4440,7517,3578,3939,4296,2041,2255,1074,512,562,
37595,4296,2138,2158,7519,3661,3858,8592,4151,4441,7518,3578,3940,4296,2041,2255,1074,512,562,
37600,4297,2139,2158,7520,3661,3859,8594,4153,4441,7519,3579,3940,4296,2041,2255,1074,512,562,
37605,4298,2139,2159,7520,3661,3859,8594,4153,4441,7520,3579,3941,4296,2041,2255,1074,512,562,
37610,4299,2140,2159,7522,3662,3860,8597,4155,4442,7521,3579,3942,4297,2042,2255,1074,512,562,
37615,4299,2140,2159,7523,3662,3861,8597,4155,4442,7522,3579,3943,4297,2042,2255,1075,513,562,
37620,4300,2141,2159,7523,3662,3861,8598,4155,4443,7523,3579,3944,4299,2044,2255,1075,513,562,
37625,4300,2141,2159,7524,3663,3861,8599,4155,4444,7524,3579,3945,4300,2045,2255,1075,513,562,
37630,4300,2141,2159,7526,3664,3862,8600,4155,4445,7525,3579,3946,4300,2045,2255,1075,513,562,
37635,4301,2142,2159,7527,3664,3863,8602,4156,4446,7526,3580,3946,4300,2045,2255,1075,513,562,
37640,4302,2143,2159,7527,3664,3863,8602,4156,4446,7527,3580,3947,4300,2045,2255,1075,513,562,
37645,4303,2144,2159,7529,3664,3865,8605,4157,4448,7528,3580,3948,4301,2045,2256,1075,513,562,
37650,4303,2144,2159,7530,3665,3865,8605,4157,4448,7529,3581,3948,4301,2045,2256,1076,513,563,
37655,4304,2145,2159,7530,3665,3865,8606,4158,4448,7530,3582,3948,4303,2047,2256,1076,513,563,
37660,4304,2145,2159,7531,3665,3866,8607,4159,4448,7531,3583,3948,4304,2047,2257,1076,513,563,
37665,4304,2145,2159,7533,3667,3866,8608,4159,4449,7532,3583,3949,4304,2047,2257,1076,513,563,
37670,4305,2145,2160,7534,3667,3867,8610,4160,4450,7533,3583,3950,4304,2047,2257,1076,513,563,
37675,4306,2146,2160,7534,3667,3867,8610,4160,4450,7534,3584,3950,4304,2047,2257,1076,513,563,
37680,4307,2147,2160,7536,3667,3869,8613,4160,4453,7535,3585,3950,4305,2047,2258,1076,513,563,
37685,4307,2147,2160,7537,3667,3870,8613,4160,4453,7536,3585,3951,4305,2047,2258,1077,514,563,
37690,4308,2148,2160,7537,3667,3870,8614,4160,4454,7537,3585,3952,4307,2049,2258,1077,514,563,
37695,4308,2148,2160,7538,3668,3870,8615,4161,4454,7538,3586,3952,4308,2050,2258,1077,514,563,
37700,4308,2148,2160,7540,3669,3871,8616,4161,4455,7539,3587,3952,4308,2050,2258,1077,514,563,
37705,4309,2148,2161,7541,3669,3872,8618,4162,4456,7540,3588,3952,4308,2050,2258,1077,514,563,
37710,4310,2149,2161,7541,3669,3872,8618,4162,4456,7541,3589,3952,4308,2050,2258,1077,514,563,
37715,4311,2149,2162,7543,3669,3874,8621,4164,4457,7542,3590,3952,4309,2050,2259,1077,514,563,
37720,4311,2149,2162,7544,3670,3874,8621,4164,4457,7543,3591,3952,4309,2050,2259,1078,515,563,
37725,4312,2150,2162,7544,3670,3874,8622,4165,4457,7544,3592,3952,4311,2051,2260,1078,515,563,
37730,4312,2150,2162,7545,3671,3874,8623,4165,4458,7545,3592,3953,4312,2052,2260,1078,515,563,
37735,4312,2150,2162,7547,3672,3875,8624,4166,4458,7546,3592,3954,4312,2052,2260,1078,515,563,
37740,4313,2151,2162,7548,3672,3876,8626,4166,4460,7547,3593,3954,4312,2052,2260,1078,515,563,
37745,4314,2152,2162,7548,3672,3876,8626,4166,4460,7548,3594,3954,4312,2052,2260,1078,515,563,
37750,4315,2153,2162,7550,3672,3878,8629,4167,4462,7549,3595,3954,4313,2053,2260,1078,515,563,
37755,4315,2153,2162,7551,3672,3879,8629,4167,4462,7550,3595,3955,4313,2053,2260,1079,516,563,
37760,4316,2153,2163,7551,3672,3879,8630,4168,4462,7551,3595,3956,4315,2054,2261,1079,516,563,
37765,4316,2153,2163,7552,3672,3880,8631,4169,4462,7552,3596,3956,4316,2055,2261,1079,516,563,
37770,4316,2153,2163,7554,3674,3880,8632,4169,4463,7553,3597,3956,4316,2055,2261,1079,516,563,
37775,4317,2153,2164,7555,3675,3880,8634,4170,4464,7554,3598,3956,4316,2055,2261,1079,516,563,
37780,4318,2153,2165,7555,3675,3880,8634,4170,4464,7555,3599,3956,4316,2055,2261,1079,516,563,
37785,4319,2153,2166,7557,3677,3880,8637,4173,4464,7556,3600,3956,4317,2056,2261,1079,516,563,
37790,4319,2153,2166,7558,3678,3880,8637,4173,4464,7557,3601,3956,4317,2056,2261,1080,517,563,
37795,4320,2154,2166,7558,3678,3880,8638,4173,4465,7558,3602,3956,4319,2058,2261,1080,517,563,
37800,4320,2154,2166,7559,3678,3881,8639,4174,4465,7559,3603,3956,4320,2058,2262,1080,517,563,
37805,4320,2154,2166,7561,3679,3882,8640,4175,4465,7560,3603,3957,4320,2058,2262,1080,517,563,
37810,4321,2155,2166,7562,3680,3882,8642,4176,4466,7561,3604,3957,4320,2058,2262,1080,517,563,
37815,4322,2156,2166,7562,3680,3882,8642,4176,4466,7562,3604,3958,4320,2058,2262,1080,517,563,
37820,4323,2157,2166,7564,3681,3883,8645,4177,4468,7563,3604,3959,4321,2059,2262,1080,517,563,
37825,4323,2157,2166,7565,3681,3884,8645,4177,4468,7564,3604,3960,4321,2059,2262,1081,517,564,
37830,4324,2157,2167,7565,3681,3884,8646,4178,4468,7565,3604,3961,4323,2061,2262,1081,517,564,
37835,4324,2157,2167,7566,3682,3884,8647,4179,4468,7566,3604,3962,4324,2061,2263,1081,517,564,
37840,4324,2157,2167,7568,3682,3886,8648,4180,4468,7567,3605,3962,4324,2061,2263,1081,517,564,
37845,4325,2158,2167,7569,3683,3886,8650,4180,4470,7568,3606,3962,4324,2061,2263,1081,517,564,
37850,4326,2159,2167,7569,3683,3886,8650,4180,4470,7569,3607,3962,4324,2061,2263,1081,517,564,
37855,4327,2160,2167,7571,3684,3887,8653,4182,4471,7570,3607,3963,4325,2062,2263,1081,517,564,
37860,4327,2160,2167,7572,3684,3888,8653,4182,4471,7571,3608,3963,4325,2062,2263,1082,518,564,
37865,4328,2161,2167,7572,3684,3888,8654,4183,4471,7572,3608,3964,4327,2064,2263,1082,518,564,
37870,4328,2161,2167,7573,3684,3889,8655,4183,4472,7573,3608,3965,4328,2064,2264,1082,518,564,
37875,4328,2161,2167,7575,3686,3889,8656,4184,4472,7574,3608,3966,4328,2064,2264,1082,518,564,
37880,4329,2161,2168,7576,3687,3889,8658,4185,4473,7575,3608,3967,4328,2064,2264,1082,518,564,
37885,4330,2161,2169,7576,3687,3889,8658,4185,4473,7576,3608,3968,4328,2064,2264,1082,518,564,
37890,4331,2161,2170,7578,3688,3890,8661,4185,4476,7577,3608,3969,4329,2064,2265,1082,518,564,
37895,4331,2161,2170,7579,3688,3891,8661,4185,4476,7578,3608,3970,4329,2064,2265,1083,518,565,
37900,4332,2162,2170,7579,3688,3891,8662,4186,4476,7579,3608,3971,4331,2066,2265,1083,518,565,
37905,4332,2162,2170,7580,3688,3892,8663,4187,4476,7580,3609,3971,4332,2066,2266,1083,518,565,
37910,4332,2162,2170,7582,3690,3892,8664,4188,4476,7581,3610,3971,4332,2066,2266,1083,518,565,
37915,4333,2162,2171,7583,3690,3893,8666,4189,4477,7582,3610,3972,4332,2066,2266,1083,518,565,
37920,4334,2162,2172,7583,3690,3893,8666,4189,4477,7583,3611,3972,4332,2066,2266,1083,518,565,
37925,4335,2162,2173,7585,3692,3893,8669,4189,4480,7584,3612,3972,4333,2067,2266,1083,518,565,
37930,4335,2162,2173,7586,3692,3894,8669,4189,4480,7585,3612,3973,4333,2067,2266,1084,518,566,
37935,4336,2163,2173,7586,3692,3894,8670,4190,4480,7586,3613,3973,4335,2069,2266,1084,518,566,
37940,4336,2163,2173,7587,3693,3894,8671,4191,4480,7587,3614,3973,4336,2070,2266,1084,518,566,
37945,4336,2163,2173,7589,3693,3896,8672,4192,4480,7588,3614,3974,4336,2070,2266,1084,518,566,
37950,4337,2164,2173,7590,3694,3896,8674,4193,4481,7589,3614,3975,4336,2070,2266,1084,518,566,
37955,4338,2165,2173,7590,3694,3896,8674,4193,4481,7590,3614,3976,4336,2070,2266,1084,518,566,
37960,4339,2166,2173,7592,3694,3898,8677,4194,4483,7591,3615,3976,4337,2070,2267,1084,518,566,
37965,4339,2166,2173,7593,3694,3899,8677,4194,4483,7592,3616,3976,4337,2070,2267,1085,518,567,
37970,4340,2167,2173,7593,3694,3899,8678,4195,4483,7593,3616,3977,4339,2071,2268,1085,518,567,
37975,4340,2167,2173,7594,3694,3900,8679,4195,4484,7594,3617,3977,4340,2071,2269,1085,518,567,
37980,4340,2167,2173,7596,3695,3901,8680,4196,4484,7595,3617,3978,4340,2071,2269,1085,518,567,
37985,4341,2168,2173,7597,3695,3902,8682,4197,4485,7596,3617,3979,4340,2071,2269,1085,518,567,
37990,4342,2169,2173,7597,3695,3902,8682,4197,4485,7597,3617,3980,4340,2071,2269,1085,518,567,
37995,4343,2170,2173,7599,3697,3902,8685,4197,4488,7598,3618,3980,4341,2071,2270,1085,518,567,
38000,4343,2170,2173,7600,3698,3902,8685,4197,4488,7599,3619,3980,4341,2071,2270,1086,518,568,
38005,4344,2171,2173,7600,3698,3902,8686,4198,4488,7600,3619,3981,4343,2073,2270,1086,518,568,
38010,4344,2171,2173,7601,3698,3903,8687,4198,4489,7601,3619,3982,4344,2074,2270,1086,518,568,
38015,4344,2171,2173,7603,3699,3904,8688,4199,4489,7602,3619,3983,4344,2074,2270,1086,518,568,
38020,4345,2171,2174,7604,3700,3904,8690,4200,4490,7603,3619,3984,4344,2074,2270,1086,518,568,
38025,4346,2171,2175,7604,3700,3904,8690,4200,4490,7604,3620,3984,4344,2074,2270,1086,518,568,
38030,4347,2171,2176,7606,3701,3905,8693,4202,4491,7605,3621,3984,4345,2074,2271,1086,518,568,
38035,4347,2171,2176,7607,3701,3906,8693,4202,4491,7606,3622,3984,4345,2074,2271,1087,519,568,
38040,4348,2172,2176,7607,3701,3906,8694,4202,4492,7607,3623,3984,4347,2076,2271,1087,519,568,
38045,4348,2172,2176,7608,3701,3907,8695,4202,4493,7608,3623,3985,4348,2077,2271,1087,519,568,
38050,4348,2172,2176,7610,3703,3907,8696,4203,4493,7609,3623,3986,4348,2077,2271,1087,519,568,
38055,4349,2173,2176,7611,3703,3908,8698,4203,4495,7610,3624,3986,4348,2077,2271,1087,519,568,
38060,4350,2173,2177,7611,3703,3908,8698,4203,4495,7611,3624,3987,4348,2077,2271,1087,519,568,
38065,4351,2173,2178,7613,3705,3908,8701,4205,4496,7612,3624,3988,4349,2078,2271,1087,519,568,
38070,4351,2173,2178,7614,3706,3908,8701,4205,4496,7613,3624,3989,4349,2078,2271,1088,519,569,
38075,4352,2174,2178,7614,3706,3908,8702,4205,4497,7614,3625,3989,4351,2079,2272,1088,519,569,
38080,4352,2174,2178,7615,3706,3909,8703,4205,4498,7615,3625,3990,4352,2079,2273,1088,519,569,
38085,4352,2174,2178,7617,3707,3910,8704,4205,4499,7616,3626,3990,4352,2079,2273,1088,519,569,
38090,4353,2175,2178,7618,3708,3910,8706,4206,4500,7617,3626,3991,4352,2079,2273,1088,519,569,
38095,4354,2176,2178,7618,3708,3910,8706,4206,4500,7618,3626,3992,4352,2079,2273,1088,519,569,
38100,4355,2176,2179,7620,3709,3911,8709,4208,4501,7619,3627,3992,4353,2080,2273,1088,519,569,
38105,4355,2176,2179,7621,3710,3911,8709,4208,4501,7620,3627,3993,4353,2080,2273,1089,520,569,
38110,4356,2176,2180,7621,3710,3911,8710,4209,4501,7621,3627,3994,4355,2080,2275,1089,520,569,
38115,4356,2176,2180,7622,3710,3912,8711,4209,4502,7622,3628,3994,4356,2080,2276,1089,520,569,
38120,4356,2176,2180,7624,3712,3912,8712,4210,4502,7623,3628,3995,4356,2080,2276,1089,520,569,
38125,4357,2176,2181,7625,3713,3912,8714,4210,4504,7624,3629,3995,4356,2080,2276,1089,520,569,
38130,4358,2177,2181,7625,3713,3912,8714,4210,4504,7625,3629,3996,4356,2080,2276,1089,520,569,
38135,4359,2177,2182,7627,3715,3912,8717,4212,4505,7626,3630,3996,4357,2081,2276,1089,520,569,
38140,4359,2177,2182,7628,3715,3913,8717,4212,4505,7627,3630,3997,4357,2081,2276,1090,521,569,
38145,4360,2177,2183,7628,3715,3913,8718,4212,4506,7628,3630,3998,4359,2081,2278,1090,521,569,
38150,4360,2177,2183,7629,3715,3914,8719,4213,4506,7629,3631,3998,4360,2081,2279,1090,521,569,
38155,4360,2177,2183,7631,3715,3916,8720,4214,4506,7630,3631,3999,4360,2081,2279,1090,521,569,
38160,4361,2177,2184,7632,3715,3917,8722,4216,4506,7631,3631,4000,4360,2081,2279,1090,521,569,
38165,4362,2177,2185,7632,3715,3917,8722,4216,4506,7632,3632,4000,4360,2081,2279,1090,521,569,
38170,4363,2178,2185,7634,3717,3917,8725,4218,4507,7633,3633,4000,4361,2081,2280,1090,521,569,
38175,4363,2178,2185,7635,3718,3917,8725,4218,4507,7634,3633,4001,4361,2081,2280,1091,522,569,
38180,4364,2178,2186,7635,3718,3917,8726,4219,4507,7635,3633,4002,4363,2082,2281,1091,522,569,
38185,4364,2178,2186,7636,3718,3918,8727,4220,4507,7636,3634,4002,4364,2083,2281,1091,522,569,
38190,4364,2178,2186,7638,3720,3918,8728,4221,4507,7637,3634,4003,4364,2083,2281,1091,522,569,
38195,4365,2178,2187,7639,3720,3919,8730,4221,4509,7638,3634,4004,4364,2083,2281,1091,522,569,
38200,4366,2178,2188,7639,3720,3919,8730,4221,4509,7639,3634,4005,4364,2083,2281,1091,522,569,
38205,4367,2179,2188,7641,3722,3919,8733,4224,4509,7640,3634,4006,4365,2083,2282,1091,522,569,
38210,4367,2179,2188,7642,3723,3919,8733,4224,4509,7641,3634,4007,4365,2083,2282,1092,523,569,
38215,4368,2179,2189,7642,3723,3919,8734,4225,4509,7642,3635,4007,4367,2085,2282,1092,523,569,
38220,4368,2179,2189,7643,3723,3920,8735,4226,4509,7643,3635,4008,4368,2085,2283,1092,523,569,
38225,4368,2179,2189,7645,3725,3920,8736,4227,4509,7644,3635,4009,4368,2085,2283,1092,523,569,
38230,4369,2180,2189,7646,3725,3921,8738,4228,4510,7645,3635,4010,4368,2085,2283,1092,523,569,
38235,4370,2181,2189,7646,3725,3921,8738,4228,4510,7646,3636,4010,4368,2085,2283,1092,523,569,
38240,4371,2182,2189,7648,3726,3922,8741,4230,4511,7647,3637,4010,4369,2085,2284,1092,523,569,
38245,4371,2182,2189,7649,3726,3923,8741,4230,4511,7648,3638,4010,4369,2085,2284,1093,523,570,
38250,4372,2183,2189,7649,3726,3923,8742,4231,4511,7649,3638,4011,4371,2086,2285,1093,523,570,
38255,4372,2183,2189,7650,3727,3923,8743,4231,4512,7650,3638,4012,4372,2086,2286,1093,523,570,
38260,4372,2183,2189,7652,3728,3924,8744,4231,4513,7651,3639,4012,4372,2086,2286,1093,523,570,
38265,4373,2183,2190,7653,3728,3925,8746,4231,4515,7652,3640,4012,4372,2086,2286,1093,523,570,
38270,4374,2183,2191,7653,3728,3925,8746,4231,4515,7653,3640,4013,4372,2086,2286,1093,523,570,
38275,4375,2184,2191,7655,3730,3925,8749,4233,4516,7654,3640,4014,4373,2086,2287,1093,523,570,
38280,4375,2184,2191,7656,3731,3925,8749,4233,4516,7655,3640,4015,4373,2086,2287,1094,523,571,
38285,4376,2184,2192,7656,3731,3925,8750,4233,4517,7656,3640,4016,4375,2087,2288,1094,523,571,
38290,4376,2184,2192,7657,3732,3925,8751,4234,4517,7657,3640,4017,4376,2088,2288,1094,523,571,
38295,4376,2184,2192,7659,3733,3926,8752,4234,4518,7658,3641,4017,4376,2088,2288,1094,523,571,
38300,4377,2185,2192,7660,3733,3927,8754,4235,4519,7659,3642,4017,4376,2088,2288,1094,523,571,
38305,4378,2186,2192,7660,3733,3927,8754,4235,4519,7660,3642,4018,4376,2088,2288,1094,523,571,
38310,4379,2186,2193,7662,3735,3927,8757,4237,4520,7661,3642,4019,4377,2088,2289,1094,523,571,
38315,4379,2186,2193,7663,3736,3927,8757,4237,4520,7662,3643,4019,4377,2088,2289,1095,523,572,
38320,4380,2186,2194,7663,3736,3927,8758,4238,4520,7663,3644,4019,4379,2089,2290,1095,523,572,
38325,4380,2186,2194,7664,3736,3928,8759,4238,4521,7664,3644,4020,4380,2090,2290,1095,523,572,
38330,4380,2186,2194,7666,3737,3929,8760,4239,4521,7665,3644,4021,4380,2090,2290,1095,523,572,
38335,4381,2187,2194,7667,3738,3929,8762,4239,4523,7666,3645,4021,4380,2090,2290,1095,523,572,
38340,4382,2187,2195,7667,3738,3929,8762,4239,4523,7667,3646,4021,4380,2090,2290,1095,523,572,
38345,4383,2187,2196,7669,3740,3929,8765,4241,4524,7668,3647,4021,4381,2091,2290,1095,523,572,
38350,4383,2187,2196,7670,3740,3930,8765,4241,4524,7669,3647,4022,4381,2091,2290,1096,524,572,
38355,4384,2188,2196,7670,3740,3930,8766,4241,4525,7670,3648,4022,4383,2092,2291,1096,524,572,
38360,4384,2188,2196,7671,3740,3931,8767,4241,4526,7671,3648,4023,4384,2093,2291,1096,524,572,
38365,4384,2188,2196,7673,3740,3933,8768,4241,4527,7672,3649,4023,4384,2093,2291,1096,524,572,
38370,4385,2188,2197,7674,3741,3933,8770,4241,4529,7673,3650,4023,4384,2093,2291,1096,524,572,
38375,4386,2189,2197,7674,3741,3933,8770,4241,4529,7674,3650,4024,4384,2093,2291,1096,524,572,
38380,4387,2189,2198,7676,3741,3935,8773,4243,4530,7675,3651,4024,4385,2094,2291,1096,524,572,
38385,4387,2189,2198,7677,3741,3936,8773,4243,4530,7676,3652,4024,4385,2094,2291,1097,525,572,
38390,4388,2190,2198,7677,3741,3936,8774,4244,4530,7677,3652,4025,4387,2095,2292,1097,525,572,
38395,4388,2190,2198,7678,3741,3937,8775,4244,4531,7678,3652,4026,4388,2096,2292,1097,525,572,
38400,4388,2190,2198,7680,3743,3937,8776,4244,4532,7679,3652,4027,4388,2096,2292,1097,525,572,
38405,4389,2190,2199,7681,3744,3937,8778,4246,4532,7680,3653,4027,4388,2096,2292,1097,525,572,
38410,4390,2190,2200,7681,3744,3937,8778,4246,4532,7681,3654,4027,4388,2096,2292,1097,525,572,
38415,4391,2191,2200,7683,3744,3939,8781,4246,4535,7682,3654,4028,4389,2097,2292,1097,525,572,
38420,4391,2191,2200,7684,3744,3940,8781,4246,4535,7683,3654,4029,4389,2097,2292,1098,525,573,
38425,4392,2191,2201,7684,3744,3940,8782,4247,4535,7684,3654,4030,4391,2098,2293,1098,525,573,
38430,4392,2191,2201,7685,3744,3941,8783,4247,4536,7685,3654,4031,4392,2099,2293,1098,525,573,
38435,4392,2191,2201,7687,3744,3943,8784,4248,4536,7686,3655,4031,4392,2099,2293,1098,525,573,
38440,4393,2192,2201,7688,3744,3944,8786,4248,4538,7687,3656,4031,4392,2099,2293,1098,525,573,
38445,4394,2192,2202,7688,3744,3944,8786,4248,4538,7688,3656,4032,4392,2099,2293,1098,525,573,
38450,4395,2192,2203,7690,3745,3945,8789,4249,4540,7689,3657,4032,4393,2100,2293,1098,525,573,
38455,4395,2192,2203,7691,3746,3945,8789,4249,4540,7690,3658,4032,4393,2100,2293,1099,525,574,
38460,4396,2192,2204,7691,3746,3945,8790,4249,4541,7691,3659,4032,4395,2101,2294,1099,525,574,
38465,4396,2192,2204,7692,3747,3945,8791,4250,4541,7692,3659,4033,4396,2102,2294,1099,525,574,
38470,4396,2192,2204,7694,3748,3946,8792,4251,4541,7693,3660,4033,4396,2102,2294,1099,525,574,
38475,4397,2193,2204,7695,3748,3947,8794,4251,4543,7694,3660,4034,4396,2102,2294,1099,525,574,
38480,4398,2193,2205,7695,3748,3947,8794,4251,4543,7695,3660,4035,4396,2102,2294,1099,525,574,
38485,4399,2193,2206,7697,3749,3948,8797,4253,4544,7696,3660,4036,4397,2102,2295,1099,525,574,
38490,4399,2193,2206,7698,3749,3949,8797,4253,4544,7697,3661,4036,4397,2102,2295,1100,526,574,
38495,4400,2193,2207,7698,3749,3949,8798,4253,4545,7698,3661,4037,4399,2102,2297,1100,526,574,
38500,4400,2193,2207,7699,3750,3949,8799,4254,4545,7699,3661,4038,4400,2103,2297,1100,526,574,
38505,4400,2193,2207,7701,3752,3949,8800,4255,4545,7700,3662,4038,4400,2103,2297,1100,526,574,
38510,4401,2194,2207,7702,3752,3950,8802,4256,4546,7701,3663,4038,4400,2103,2297,1100,526,574,
38515,4402,2195,2207,7702,3752,3950,8802,4256,4546,7702,3664,4038,4400,2103,2297,1100,526,574,
38520,4403,2196,2207,7704,3752,3952,8805,4258,4547,7703,3664,4039,4401,2103,2298,1100,526,574,
38525,4403,2196,2207,7705,3753,3952,8805,4258,4547,7704,3664,4040,4401,2103,2298,1101,527,574,
38530,4404,2197,2207,7705,3753,3952,8806,4258,4548,7705,3664,4041,4403,2103,2300,1101,527,574,
38535,4404,2197,2207,7706,3753,3953,8807,4258,4549,7706,3665,4041,4404,2103,2301,1101,527,574,
38540,4404,2197,2207,7708,3755,3953,8808,4259,4549,7707,3666,4041,4404,2103,2301,1101,527,574,
38545,4405,2198,2207,7709,3756,3953,8810,4261,4549,7708,3666,4042,4404,2103,2301,1101,527,574,
38550,4406,2199,2207,7709,3756,3953,8810,4261,4549,7709,3667,4042,4404,2103,2301,1101,527,574,
38555,4407,2199,2208,7711,3758,3953,8813,4263,4550,7710,3667,4043,4405,2104,2301,1101,527,574,
38560,4407,2199,2208,7712,3758,3954,8813,4263,4550,7711,3668,4043,4405,2104,2301,1102,528,574,
38565,4408,2200,2208,7712,3758,3954,8814,4264,4550,7712,3668,4044,4407,2106,2301,1102,528,574,
38570,4408,2200,2208,7713,3758,3955,8815,4264,4551,7713,3669,4044,4408,2106,2302,1102,528,574,
38575,4408,2200,2208,7715,3760,3955,8816,4264,4552,7714,3669,4045,4408,2106,2302,1102,528,574,
38580,4409,2200,2209,7716,3760,3956,8818,4266,4552,7715,3669,4046,4408,2106,2302,1102,528,574,
38585,4410,2200,2210,7716,3760,3956,8818,4266,4552,7716,3670,4046,4408,2106,2302,1102,528,574,
38590,4411,2201,2210,7718,3761,3957,8821,4268,4553,7717,3671,4046,4409,2106,2303,1102,528,574,
38595,4411,2201,2210,7719,3762,3957,8821,4268,4553,7718,3672,4046,4409,2106,2303,1103,528,575,
38600,4412,2201,2211,7719,3762,3957,8822,4268,4554,7719,3673,4046,4411,2108,2303,1103,528,575,
38605,4412,2201,2211,7720,3762,3958,8823,4269,4554,7720,3674,4046,4412,2109,2303,1103,528,575,
38610,4412,2201,2211,7722,3763,3959,8824,4269,4555,7721,3674,4047,4412,2109,2303,1103,528,575,
38615,4413,2202,2211,7723,3764,3959,8826,4270,4556,7722,3674,4048,4412,2109,2303,1103,528,575,
38620,4414,2202,2212,7723,3764,3959,8826,4270,4556,7723,3675,4048,4412,2109,2303,1103,528,575,
38625,4415,2202,2213,7725,3765,3960,8829,4271,4558,7724,3676,4048,4413,2109,2304,1103,528,575,
38630,4415,2202,2213,7726,3765,3961,8829,4271,4558,7725,3676,4049,4413,2109,2304,1104,528,576,
38635,4416,2203,2213,7726,3765,3961,8830,4272,4558,7726,3677,4049,4415,2110,2305,1104,528,576,
38640,4416,2203,2213,7727,3766,3961,8831,4273,4558,7727,3678,4049,4416,2111,2305,1104,528,576,
38645,4416,2203,2213,7729,3767,3962,8832,4273,4559,7728,3678,4050,4416,2111,2305,1104,528,576,
38650,4417,2204,2213,7730,3768,3962,8834,4274,4560,7729,3679,4050,4416,2111,2305,1104,528,576,
38655,4418,2204,2214,7730,3768,3962,8834,4274,4560,7730,3679,4051,4416,2111,2305,1104,528,576,
38660,4419,2205,2214,7732,3769,3963,8837,4276,4561,7731,3680,4051,4417,2112,2305,1104,528,576,
38665,4419,2205,2214,7733,3770,3963,8837,4276,4561,7732,3680,4052,4417,2112,2305,1105,528,577,
38670,4420,2205,2215,7733,3770,3963,8838,4277,4561,7733,3680,4053,4419,2114,2305,1105,528,577,
38675,4420,2205,2215,7734,3770,3964,8839,4278,4561,7734,3680,4054,4420,2115,2305,1105,528,577,
38680,4420,2205,2215,7736,3771,3965,8840,4279,4561,7735,3680,4055,4420,2115,2305,1105,528,577,
38685,4421,2205,2216,7737,3772,3965,8842,4280,4562,7736,3681,4055,4420,2115,2305,1105,528,577,
38690,4422,2205,2217,7737,3772,3965,8842,4280,4562,7737,3682,4055,4420,2115,2305,1105,528,577,
38695,4423,2206,2217,7739,3774,3965,8845,4282,4563,7738,3682,4056,4421,2116,2305,1105,528,577,
38700,4423,2206,2217,7740,3774,3966,8845,4282,4563,7739,3682,4057,4421,2116,2305,1106,529,577,
38705,4424,2206,2218,7740,3774,3966,8846,4283,4563,7740,3683,4057,4423,2116,2307,1106,529,577,
38710,4424,2206,2218,7741,3775,3966,8847,4283,4564,7741,3683,4058,4424,2117,2307,1106,529,577,
38715,4424,2206,2218,7743,3775,3968,8848,4284,4564,7742,3684,4058,4424,2117,2307,1106,529,577,
38720,4425,2206,2219,7744,3776,3968,8850,4284,4566,7743,3684,4059,4424,2117,2307,1106,529,577,
38725,4426,2206,2220,7744,3776,3968,8850,4284,4566,7744,3684,4060,4424,2117,2307,1106,529,577,
38730,4427,2206,2221,7746,3777,3969,8853,4287,4566,7745,3685,4060,4425,2117,2308,1106,529,577,
38735,4427,2206,2221,7747,3778,3969,8853,4287,4566,7746,3686,4060,4425,2117,2308,1107,530,577,
38740,4428,2206,2222,7747,3778,3969,8854,4287,4567,7747,3686,4061,4427,2118,2309,1107,530,577,
38745,4428,2206,2222,7748,3779,3969,8855,4287,4568,7748,3686,4062,4428,2118,2310,1107,530,577,
38750,4428,2206,2222,7750,3779,3971,8856,4287,4569,7749,3687,4062,4428,2118,2310,1107,530,577,
38755,4429,2206,2223,7751,3779,3972,8858,4288,4570,7750,3687,4063,4428,2118,2310,1107,530,577,
38760,4430,2206,2224,7751,3779,3972,8858,4288,4570,7751,3688,4063,4428,2118,2310,1107,530,577,
38765,4431,2206,2225,7753,3781,3972,8861,4290,4571,7752,3688,4064,4429,2118,2311,1107,530,577,
38770,4431,2206,2225,7754,3781,3973,8861,4290,4571,7753,3688,4065,4429,2118,2311,1108,531,577,
38775,4432,2207,2225,7754,3781,3973,8862,4291,4571,7754,3688,4066,4431,2119,2312,1108,531,577,
38780,4432,2207,2225,7755,3782,3973,8863,4292,4571,7755,3689,4066,4432,2120,2312,1108,531,577,
38785,4432,2207,2225,7757,3783,3974,8864,4293,4571,7756,3689,4067,4432,2120,2312,1108,531,577,
38790,4433,2208,2225,7758,3784,3974,8866,4294,4572,7757,3689,4068,4432,2120,2312,1108,531,577,
38795,4434,2208,2226,7758,3784,3974,8866,4294,4572,7758,3689,4069,4432,2120,2312,1108,531,577,
38800,4435,2208,2227,7760,3785,3975,8869,4296,4573,7759,3689,4070,4433,2120,2313,1108,531,577,
38805,4435,2208,2227,7761,3786,3975,8869,4296,4573,7760,3690,4070,4433,2120,2313,1109,531,578,
38810,4436,2208,2228,7761,3786,3975,8870,4296,4574,7761,3690,4071,4435,2121,2314,1109,531,578,
38815,4436,2208,2228,7762,3787,3975,8871,4297,4574,7762,3691,4071,4436,2121,2315,1109,531,578,
38820,4436,2208,2228,7764,3788,3976,8872,4297,4575,7763,3691,4072,4436,2121,2315,1109,531,578,
38825,4437,2209,2228,7765,3789,3976,8874,4298,4576,7764,3692,4072,4436,2121,2315,1109,531,578,
38830,4438,2210,2228,7765,3789,3976,8874,4298,4576,7765,3693,4072,4436,2121,2315,1109,531,578,
38835,4439,2210,2229,7767,3789,3978,8877,4300,4577,7766,3694,4072,4437,2121,2316,1109,531,578,
38840,4439,2210,2229,7768,3790,3978,8877,4300,4577,7767,3695,4072,4437,2121,2316,1110,532,578,
38845,4440,2210,2230,7768,3790,3978,8878,4300,4578,7768,3695,4073,4439,2121,2318,1110,532,578,
38850,4440,2210,2230,7769,3790,3979,8879,4300,4579,7769,3695,4074,4440,2121,2319,1110,532,578,
38855,4440,2210,2230,7771,3791,3980,8880,4301,4579,7770,3696,4074,4440,2121,2319,1110,532,578,
38860,4441,2211,2230,7772,3792,3980,8882,4302,4580,7771,3697,4074,4440,2121,2319,1110,532,578,
38865,4442,2211,2231,7772,3792,3980,8882,4302,4580,7772,3698,4074,4440,2121,2319,1110,532,578,
38870,4443,2212,2231,7774,3794,3980,8885,4303,4582,7773,3698,4075,4441,2121,2320,1110,532,578,
38875,4443,2212,2231,7775,3795,3980,8885,4303,4582,7774,3699,4075,4441,2121,2320,1111,532,579,
38880,4444,2213,2231,7775,3795,3980,8886,4304,4582,7775,3699,4076,4443,2122,2321,1111,532,579,
38885,4444,2213,2231,7776,3795,3981,8887,4305,4582,7776,3700,4076,4444,2123,2321,1111,532,579,
38890,4444,2213,2231,7778,3796,3982,8888,4306,4582,7777,3701,4076,4444,2123,2321,1111,532,579,
38895,4445,2213,2232,7779,3796,3983,8890,4306,4584,7778,3701,4077,4444,2123,2321,1111,532,579,
38900,4446,2214,2232,7779,3796,3983,8890,4306,4584,7779,3701,4078,4444,2123,2321,1111,532,579,
38905,4447,2215,2232,7781,3797,3984,8893,4308,4585,7780,3702,4078,4445,2123,2322,1111,532,579,
38910,4447,2215,2232,7782,3797,3985,8893,4308,4585,7781,3703,4078,4445,2123,2322,1112,533,579,
38915,4448,2215,2233,7782,3797,3985,8894,4309,4585,7782,3704,4078,4447,2124,2323,1112,533,579,
38920,4448,2215,2233,7783,3797,3986,8895,4310,4585,7783,3704,4079,4448,2124,2324,1112,533,579,
38925,4448,2215,2233,7785,3797,3988,8896,4311,4585,7784,3705,4079,4448,2124,2324,1112,533,579,
38930,4449,2215,2234,7786,3798,3988,8898,4313,4585,7785,3706,4079,4448,2124,2324,1112,533,579,
38935,4450,2216,2234,7786,3798,3988,8898,4313,4585,7786,3707,4079,4448,2124,2324,1112,533,579,
38940,4451,2216,2235,7788,3799,3989,8901,4315,4586,7787,3707,4080,4449,2125,2324,1112,533,579,
38945,4451,2216,2235,7789,3800,3989,8901,4315,4586,7788,3707,4081,4449,2125,2324,1113,534,579,
38950,4452,2216,2236,7789,3800,3989,8902,4316,4586,7789,3708,4081,4451,2126,2325,1113,534,579,
38955,4452,2216,2236,7790,3800,3990,8903,4316,4587,7790,3708,4082,4452,2127,2325,1113,534,579,
38960,4452,2216,2236,7792,3800,3992,8904,4316,4588,7791,3708,4083,4452,2127,2325,1113,534,579,
38965,4453,2217,2236,7793,3801,3992,8906,4318,4588,7792,3708,4084,4452,2127,2325,1113,534,579,
38970,4454,2217,2237,7793,3801,3992,8906,4318,4588,7793,3708,4085,4452,2127,2325,1113,534,579,
38975,4455,2217,2238,7795,3802,3993,8909,4320,4589,7794,3709,4085,4453,2128,2325,1113,534,579,
38980,4455,2217,2238,7796,3802,3994,8909,4320,4589,7795,3710,4085,4453,2128,2325,1114,534,580,
38985,4456,2218,2238,7796,3802,3994,8910,4320,4590,7796,3710,4086,4455,2129,2326,1114,534,580,
38990,4456,2218,2238,7797,3803,3994,8911,4320,4591,7797,3710,4087,4456,2129,2327,1114,534,580,
38995,4456,2218,2238,7799,3805,3994,8912,4321,4591,7798,3711,4087,4456,2129,2327,1114,534,580,
39000,4457,2219,2238,7800,3806,3994,8914,4322,4592,7799,3711,4088,4456,2129,2327,1114,534,580,
39005,4458,2220,2238,7800,3806,3994,8914,4322,4592,7800,3711,4089,4456,2129,2327,1114,534,580,
39010,4459,2220,2239,7802,3808,3994,8917,4322,4595,7801,3712,4089,4457,2130,2327,1114,534,580,
39015,4459,2220,2239,7803,3808,3995,8917,4322,4595,7802,3713,4089,4457,2130,2327,1115,534,581,
39020,4460,2220,2240,7803,3808,3995,8918,4323,4595,7803,3713,4090,4459,2130,2329,1115,534,581,
39025,4460,2220,2240,7804,3808,3996,8919,4323,4596,7804,3714,4090,4460,2131,2329,1115,534,581,
39030,4460,2220,2240,7806,3809,3997,8920,4324,4596,7805,3714,4091,4460,2131,2329,1115,534,581,
39035,4461,2220,2241,7807,3809,3998,8922,4325,4597,7806,3714,4092,4460,2131,2329,1115,534,581,
39040,4462,2220,2242,7807,3809,3998,8922,4325,4597,7807,3715,4092,4460,2131,2329,1115,534,581,
39045,4463,2220,2243,7809,3811,3998,8925,4326,4599,7808,3715,4093,4461,2132,2329,1115,534,581,
39050,4463,2220,2243,7810,3812,3998,8925,4326,4599,7809,3715,4094,4461,2132,2329,1116,534,582,
39055,4464,2220,2244,7810,3812,3998,8926,4327,4599,7810,3716,4094,4463,2134,2329,1116,534,582,
39060,4464,2220,2244,7811,3812,3999,8927,4328,4599,7811,3716,4095,4464,2134,2330,1116,534,582,
39065,4464,2220,2244,7813,3813,4000,8928,4328,4600,7812,3716,4096,4464,2134,2330,1116,534,582,
39070,4465,2220,2245,7814,3813,4001,8930,4329,4601,7813,3716,4097,4464,2134,2330,1116,534,582,
39075,4466,2221,2245,7814,3813,4001,8930,4329,4601,7814,3716,4098,4464,2134,2330,1116,534,582,
39080,4467,2222,2245,7816,3813,4003,8933,4330,4603,7815,3716,4099,4465,2135,2330,1116,534,582,
39085,4467,2222,2245,7817,3813,4004,8933,4330,4603,7816,3716,4100,4465,2135,2330,1117,535,582,
39090,4468,2222,2246,7817,3813,4004,8934,4331,4603,7817,3716,4101,4467,2137,2330,1117,535,582,
39095,4468,2222,2246,7818,3813,4005,8935,4332,4603,7818,3717,4101,4468,2137,2331,1117,535,582,
39100,4468,2222,2246,7820,3814,4006,8936,4333,4603,7819,3717,4102,4468,2137,2331,1117,535,582,
39105,4469,2222,2247,7821,3814,4007,8938,4335,4603,7820,3717,4103,4468,2137,2331,1117,535,582,
39110,4470,2223,2247,7821,3814,4007,8938,4335,4603,7821,3717,4104,4468,2137,2331,1117,535,582,
39115,4471,2223,2248,7823,3815,4008,8941,4337,4604,7822,3717,4105,4469,2138,2331,1117,535,582,
39120,4471,2223,2248,7824,3816,4008,8941,4337,4604,7823,3717,4106,4469,2138,2331,1118,536,582,
39125,4472,2224,2248,7824,3816,4008,8942,4337,4605,7824,3718,4106,4471,2140,2331,1118,536,582,
39130,4472,2224,2248,7825,3817,4008,8943,4337,4606,7825,3718,4107,4472,2141,2331,1118,536,582,
39135,4472,2224,2248,7827,3818,4009,8944,4338,4606,7826,3719,4107,4472,2141,2331,1118,536,582,
39140,4473,2225,2248,7828,3818,4010,8946,4339,4607,7827,3719,4108,4472,2141,2331,1118,536,582,
39145,4474,2225,2249,7828,3818,4010,8946,4339,4607,7828,3720,4108,4472,2141,2331,1118,536,582,
39150,4475,2226,2249,7830,3819,4011,8949,4341,4608,7829,3721,4108,4473,2141,2332,1118,536,582,
39155,4475,2226,2249,7831,3819,4012,8949,4341,4608,7830,3721,4109,4473,2141,2332,1119,536,583,
39160,4476,2226,2250,7831,3819,4012,8950,4341,4609,7831,3721,4110,4475,2143,2332,1119,536,583,
39165,4476,2226,2250,7832,3820,4012,8951,4341,4610,7832,3721,4111,4476,2144,2332,1119,536,583,
39170,4476,2226,2250,7834,3821,4013,8952,4342,4610,7833,3721,4112,4476,2144,2332,1119,536,583,
39175,4477,2226,2251,7835,3821,4014,8954,4343,4611,7834,3722,4112,4476,2144,2332,1119,536,583,
39180,4478,2226,2252,7835,3821,4014,8954,4343,4611,7835,3722,4113,4476,2144,2332,1119,536,583,
39185,4479,2226,2253,7837,3822,4015,8957,4345,4612,7836,3723,4113,4477,2145,2332,1119,536,583,
39190,4479,2226,2253,7838,3822,4016,8957,4345,4612,7837,3723,4114,4477,2145,2332,1120,537,583,
39195,4480,2226,2254,7838,3822,4016,8958,4345,4613,7838,3724,4114,4479,2147,2332,1120,537,583,
39200,4480,2226,2254,7839,3822,4017,8959,4345,4614,7839,3724,4115,4480,2148,2332,1120,537,583,
39205,4480,2226,2254,7841,3822,4019,8960,4346,4614,7840,3724,4116,4480,2148,2332,1120,537,583,
39210,4481,2227,2254,7842,3822,4020,8962,4347,4615,7841,3724,4117,4480,2148,2332,1120,537,583,
39215,4482,2227,2255,7842,3822,4020,8962,4347,4615,7842,3725,4117,4480,2148,2332,1120,537,583,
39220,4483,2228,2255,7844,3824,4020,8965,4348,4617,7843,3726,4117,4481,2148,2333,1120,537,583,
39225,4483,2228,2255,7845,3824,4021,8965,4348,4617,7844,3726,4118,4481,2148,2333,1121,538,583,
39230,4484,2228,2256,7845,3824,4021,8966,4348,4618,7845,3727,4118,4483,2148,2335,1121,538,583,
39235,4484,2228,2256,7846,3825,4021,8967,4349,4618,7846,3727,4119,4484,2149,2335,1121,538,583,
39240,4484,2228,2256,7848,3826,4022,8968,4349,4619,7847,3727,4120,4484,2149,2335,1121,538,583,
39245,4485,2229,2256,7849,3826,4023,8970,4349,4621,7848,3728,4120,4484,2149,2335,1121,538,583,
39250,4486,2229,2257,7849,3826,4023,8970,4349,4621,7849,3728,4121,4484,2149,2335,1121,538,583,
39255,4487,2229,2258,7851,3827,4024,8973,4352,4621,7850,3728,4122,4485,2149,2336,1121,538,583,
39260,4487,2229,2258,7852,3827,4025,8973,4352,4621,7851,3728,4123,4485,2149,2336,1122,538,584,
39265,4488,2230,2258,7852,3827,4025,8974,4353,4621,7852,3729,4123,4487,2151,2336,1122,538,584,
39270,4488,2230,2258,7853,3827,4026,8975,4353,4622,7853,3730,4123,4488,2152,2336,1122,538,584,
39275,4488,2230,2258,7855,3827,4028,8976,4353,4623,7854,3730,4124,4488,2152,2336,1122,538,584,
39280,4489,2231,2258,7856,3828,4028,8978,4353,4625,7855,3730,4125,4488,2152,2336,1122,538,584,
39285,4490,2232,2258,7856,3828,4028,8978,4353,4625,7856,3730,4126,4488,2152,2336,1122,538,584,
39290,4491,2233,2258,7858,3829,4029,8981,4354,4627,7857,3730,4127,4489,2152,2337,1122,538,584,
39295,4491,2233,2258,7859,3829,4030,8981,4354,4627,7858,3731,4127,4489,2152,2337,1123,539,584,
39300,4492,2233,2259,7859,3829,4030,8982,4354,4628,7859,3731,4128,4491,2153,2338,1123,539,584,
39305,4492,2233,2259,7860,3829,4031,8983,4354,4629,7860,3732,4128,4492,2154,2338,1123,539,584,
39310,4492,2233,2259,7862,3831,4031,8984,4355,4629,7861,3733,4128,4492,2154,2338,1123,539,584,
39315,4493,2234,2259,7863,3832,4031,8986,4356,4630,7862,3734,4128,4492,2154,2338,1123,539,584,
39320,4494,2235,2259,7863,3832,4031,8986,4356,4630,7863,3735,4128,4492,2154,2338,1123,539,584,
39325,4495,2235,2260,7865,3832,4033,8989,4357,4632,7864,3735,4129,4493,2155,2338,1123,539,584,
39330,4495,2235,2260,7866,3833,4033,8989,4357,4632,7865,3736,4129,4493,2155,2338,1124,540,584,
39335,4496,2236,2260,7866,3833,4033,8990,4358,4632,7866,3736,4130,4495,2156,2339,1124,540,584,
39340,4496,2236,2260,7867,3834,4033,8991,4359,4632,7867,3736,4131,4496,2157,2339,1124,540,584,
39345,4496,2236,2260,7869,3836,4033,8992,4359,4633,7868,3737,4131,4496,2157,2339,1124,540,584,
39350,4497,2236,2261,7870,3836,4034,8994,4359,4635,7869,3738,4131,4496,2157,2339,1124,540,584,
39355,4498,2236,2262,7870,3836,4034,8994,4359,4635,7870,3739,4131,4496,2157,2339,1124,540,584,
39360,4499,2237,2262,7872,3837,4035,8997,4360,4637,7871,3740,4131,4497,2158,2339,1124,540,584,
39365,4499,2237,2262,7873,3838,4035,8997,4360,4637,7872,3740,4132,4497,2158,2339,1125,541,584,
39370,4500,2237,2263,7873,3838,4035,8998,4361,4637,7873,3740,4133,4499,2159,2340,1125,541,584,
39375,4500,2237,2263,7874,3838,4036,8999,4361,4638,7874,3741,4133,4500,2159,2341,1125,541,584,
39380,4500,2237,2263,7876,3839,4037,9000,4361,4639,7875,3741,4134,4500,2159,2341,1125,541,584,
39385,4501,2237,2264,7877,3839,4038,9002,4361,4641,7876,3742,4134,4500,2159,2341,1125,541,584,
39390,4502,2237,2265,7877,3839,4038,9002,4361,4641,7877,3742,4135,4500,2159,2341,1125,541,584,
39395,4503,2238,2265,7879,3840,4039,9005,4362,4643,7878,3742,4136,4501,2159,2342,1125,541,584,
39400,4503,2238,2265,7880,3840,4040,9005,4362,4643,7879,3742,4137,4501,2159,2342,1126,542,584,
39405,4504,2239,2265,7880,3840,4040,9006,4362,4644,7880,3743,4137,4503,2159,2344,1126,542,584,
39410,4504,2239,2265,7881,3840,4041,9007,4363,4644,7881,3744,4137,4504,2160,2344,1126,542,584,
39415,4504,2239,2265,7883,3841,4042,9008,4363,4645,7882,3745,4137,4504,2160,2344,1126,542,584,
39420,4505,2240,2265,7884,3842,4042,9010,4364,4646,7883,3745,4138,4504,2160,2344,1126,542,584,
39425,4506,2240,2266,7884,3842,4042,9010,4364,4646,7884,3745,4139,4504,2160,2344,1126,542,584,
39430,4507,2241,2266,7886,3842,4044,9013,4365,4648,7885,3745,4140,4505,2161,2344,1126,542,584,
39435,4507,2241,2266,7887,3842,4045,9013,4365,4648,7886,3746,4140,4505,2161,2344,1127,542,585,
39440,4508,2242,2266,7887,3842,4045,9014,4365,4649,7887,3747,4140,4507,2162,2345,1127,542,585,
39445,4508,2242,2266,7888,3843,4045,9015,4366,4649,7888,3748,4140,4508,2162,2346,1127,542,585,
39450,4508,2242,2266,7890,3843,4047,9016,4367,4649,7889,3748,4141,4508,2162,2346,1127,542,585,
39455,4509,2243,2266,7891,3844,4047,9018,4368,4650,7890,3749,4141,4508,2162,2346,1127,542,585,
39460,4510,2243,2267,7891,3844,4047,9018,4368,4650,7891,3749,4142,4508,2162,2346,1127,542,585,
39465,4511,2243,2268,7893,3845,4048,9021,4369,4652,7892,3750,4142,4509,2162,2347,1127,542,585,
39470,4511,2243,2268,7894,3846,4048,9021,4369,4652,7893,3751,4142,4509,2162,2347,1128,542,586,
39475,4512,2243,2269,7894,3846,4048,9022,4369,4653,7894,3752,4142,4511,2164,2347,1128,542,586,
39480,4512,2243,2269,7895,3846,4049,9023,4370,4653,7895,3752,4143,4512,2164,2348,1128,542,586,
39485,4512,2243,2269,7897,3847,4050,9024,4370,4654,7896,3753,4143,4512,2164,2348,1128,542,586,
39490,4513,2243,2270,7898,3847,4051,9026,4370,4656,7897,3754,4143,4512,2164,2348,1128,542,586,
39495,4514,2243,2271,7898,3847,4051,9026,4370,4656,7898,3754,4144,4512,2164,2348,1128,542,586,
39500,4515,2243,2272,7900,3848,4052,9029,4371,4658,7899,3755,4144,4513,2164,2349,1128,542,586,
39505,4515,2243,2272,7901,3848,4053,9029,4371,4658,7900,3756,4144,4513,2164,2349,1129,543,586,
39510,4516,2244,2272,7901,3848,4053,9030,4372,4658,7901,3757,4144,4515,2165,2350,1129,543,586,
39515,4516,2244,2272,7902,3849,4053,9031,4372,4659,7902,3757,4145,4516,2165,2351,1129,543,586,
39520,4516,2244,2272,7904,3850,4054,9032,4372,4660,7903,3757,4146,4516,2165,2351,1129,543,586,
39525,4517,2245,2272,7905,3850,4055,9034,4373,4661,7904,3758,4146,4516,2165,2351,1129,543,586,
39530,4518,2246,2272,7905,3850,4055,9034,4373,4661,7905,3759,4146,4516,2165,2351,1129,543,586,
39535,4519,2246,2273,7907,3850,4057,9037,4374,4663,7906,3760,4146,4517,2166,2351,1129,543,586,
39540,4519,2246,2273,7908,3850,4058,9037,4374,4663,7907,3760,4147,4517,2166,2351,1130,543,587,
39545,4520,2247,2273,7908,3850,4058,9038,4374,4664,7908,3761,4147,4519,2168,2351,1130,543,587,
39550,4520,2247,2273,7909,3850,4059,9039,4375,4664,7909,3762,4147,4520,2168,2352,1130,543,587,
39555,4520,2247,2273,7911,3850,4061,9040,4376,4664,7910,3762,4148,4520,2168,2352,1130,543,587,
39560,4521,2247,2274,7912,3851,4061,9042,4378,4664,7911,3763,4148,4520,2168,2352,1130,543,587,
39565,4522,2248,2274,7912,3851,4061,9042,4378,4664,7912,3763,4149,4520,2168,2352,1130,543,587,
39570,4523,2249,2274,7914,3851,4063,9045,4379,4666,7913,3763,4150,4521,2168,2353,1130,543,587,
39575,4523,2249,2274,7915,3851,4064,9045,4379,4666,7914,3763,4151,4521,2168,2353,1131,544,587,
39580,4524,2249,2275,7915,3851,4064,9046,4379,4667,7915,3764,4151,4523,2168,2355,1131,544,587,
39585,4524,2249,2275,7916,3852,4064,9047,4379,4668,7916,3764,4152,4524,2169,2355,1131,544,587,
39590,4524,2249,2275,7918,3854,4064,9048,4379,4669,7917,3764,4153,4524,2169,2355,1131,544,587,
39595,4525,2249,2276,7919,3855,4064,9050,4380,4670,7918,3765,4153,4524,2169,2355,1131,544,587,
39600,4526,2250,2276,7919,3855,4064,9050,4380,4670,7919,3766,4153,4524,2169,2355,1131,544,587,
39605,4527,2251,2276,7921,3857,4064,9053,4383,4670,7920,3767,4153,4525,2170,2355,1131,544,587,
39610,4527,2251,2276,7922,3857,4065,9053,4383,4670,7921,3768,4153,4525,2170,2355,1132,545,587,
39615,4528,2251,2277,7922,3857,4065,9054,4384,4670,7922,3768,4154,4527,2172,2355,1132,545,587,
39620,4528,2251,2277,7923,3857,4066,9055,4384,4671,7923,3769,4154,4528,2172,2356,1132,545,587,
39625,4528,2251,2277,7925,3857,4068,9056,4384,4672,7924,3770,4154,4528,2172,2356,1132,545,587,
39630,4529,2252,2277,7926,3858,4068,9058,4385,4673,7925,3771,4154,4528,2172,2356,1132,545,587,
39635,4530,2253,2277,7926,3858,4068,9058,4385,4673,7926,3771,4155,4528,2172,2356,1132,545,587,
39640,4531,2254,2277,7928,3859,4069,9061,4386,4675,7927,3771,4156,4529,2172,2357,1132,545,587,
39645,4531,2254,2277,7929,3859,4070,9061,4386,4675,7928,3771,4157,4529,2172,2357,1133,545,588,
39650,4532,2254,2278,7929,3859,4070,9062,4387,4675,7929,3771,4158,4531,2173,2358,1133,545,588,
39655,4532,2254,2278,7930,3859,4071,9063,4387,4676,7930,3772,4158,4532,2173,2359,1133,545,588,
39660,4532,2254,2278,7932,3860,4072,9064,4387,4677,7931,3773,4158,4532,2173,2359,1133,545,588,
39665,4533,2254,2279,7933,3860,4073,9066,4389,4677,7932,3773,4159,4532,2173,2359,1133,545,588,
39670,4534,2254,2280,7933,3860,4073,9066,4389,4677,7933,3773,4160,4532,2173,2359,1133,545,588,
39675,4535,2254,2281,7935,3862,4073,9069,4390,4679,7934,3773,4161,4533,2174,2359,1133,545,588,
39680,4535,2254,2281,7936,3863,4073,9069,4390,4679,7935,3774,4161,4533,2174,2359,1134,546,588,
39685,4536,2254,2282,7936,3863,4073,9070,4390,4680,7936,3775,4161,4535,2175,2360,1134,546,588,
39690,4536,2254,2282,7937,3864,4073,9071,4391,4680,7937,3775,4162,4536,2175,2361,1134,546,588,
39695,4536,2254,2282,7939,3865,4074,9072,4391,4681,7938,3775,4163,4536,2175,2361,1134,546,588,
39700,4537,2255,2282,7940,3866,4074,9074,4393,4681,7939,3776,4163,4536,2175,2361,1134,546,588,
39705,4538,2256,2282,7940,3866,4074,9074,4393,4681,7940,3777,4163,4536,2175,2361,1134,546,588,
39710,4539,2256,2283,7942,3867,4075,9077,4395,4682,7941,3777,4164,4537,2176,2361,1134,546,588,
39715,4539,2256,2283,7943,3868,4075,9077,4395,4682,7942,3777,4165,4537,2176,2361,1135,547,588,
39720,4540,2256,2284,7943,3868,4075,9078,4395,4683,7943,3778,4165,4539,2177,2362,1135,547,588,
39725,4540,2256,2284,7944,3869,4075,9079,4395,4684,7944,3779,4165,4540,2178,2362,1135,547,588,
39730,4540,2256,2284,7946,3870,4076,9080,4395,4685,7945,3780,4165,4540,2178,2362,1135,547,588,
39735,4541,2256,2285,7947,3870,4077,9082,4396,4686,7946,3780,4166,4540,2178,2362,1135,547,588,
39740,4542,2257,2285,7947,3870,4077,9082,4396,4686,7947,3780,4167,4540,2178,2362,1135,547,588,
39745,4543,2258,2285,7949,3872,4077,9085,4398,4687,7948,3781,4167,4541,2179,2362,1135,547,588,
39750,4543,2258,2285,7950,3873,4077,9085,4398,4687,7949,3781,4168,4541,2179,2362,1136,548,588,
39755,4544,2258,2286,7950,3873,4077,9086,4399,4687,7950,3781,4169,4543,2179,2364,1136,548,588,
39760,4544,2258,2286,7951,3874,4077,9087,4400,4687,7951,3781,4170,4544,2179,2365,1136,548,588,
39765,4544,2258,2286,7953,3874,4079,9088,4400,4688,7952,3782,4170,4544,2179,2365,1136,548,588,
39770,4545,2258,2287,7954,3875,4079,9090,4400,4690,7953,3782,4171,4544,2179,2365,1136,548,588,
39775,4546,2259,2287,7954,3875,4079,9090,4400,4690,7954,3782,4172,4544,2179,2365,1136,548,588,
39780,4547,2259,2288,7956,3876,4080,9093,4402,4691,7955,3783,4172,4545,2179,2366,1136,548,588,
39785,4547,2259,2288,7957,3876,4081,9093,4402,4691,7956,3784,4172,4545,2179,2366,1137,548,589,
39790,4548,2260,2288,7957,3876,4081,9094,4402,4692,7957,3785,4172,4547,2180,2367,1137,548,589,
39795,4548,2260,2288,7958,3877,4081,9095,4402,4693,7958,3785,4173,4548,2181,2367,1137,548,589,
39800,4548,2260,2288,7960,3878,4082,9096,4403,4693,7959,3786,4173,4548,2181,2367,1137,548,589,
39805,4549,2260,2289,7961,3879,4082,9098,4405,4693,7960,3787,4173,4548,2181,2367,1137,548,589,
39810,4550,2260,2290,7961,3879,4082,9098,4405,4693,7961,3787,4174,4548,2181,2367,1137,548,589,
39815,4551,2261,2290,7963,3879,4084,9101,4405,4696,7962,3788,4174,4549,2181,2368,1137,548,589,
39820,4551,2261,2290,7964,3879,4085,9101,4405,4696,7963,3789,4174,4549,2181,2368,1138,549,589,
39825,4552,2262,2290,7964,3879,4085,9102,4406,4696,7964,3789,4175,4551,2183,2368,1138,549,589,
39830,4552,2262,2290,7965,3879,4086,9103,4406,4697,7965,3789,4176,4552,2183,2369,1138,549,589,
39835,4552,2262,2290,7967,3880,4087,9104,4406,4698,7966,3789,4177,4552,2183,2369,1138,549,589,
39840,4553,2262,2291,7968,3880,4088,9106,4406,4700,7967,3790,4177,4552,2183,2369,1138,549,589,
39845,4554,2263,2291,7968,3880,4088,9106,4406,4700,7968,3791,4177,4552,2183,2369,1138,549,589,
39850,4555,2264,2291,7970,3880,4090,9109,4407,4702,7969,3792,4177,4553,2184,2369,1138,549,589,
39855,4555,2264,2291,7971,3880,4091,9109,4407,4702,7970,3792,4178,4553,2184,2369,1139,549,590,
39860,4556,2264,2292,7971,3880,4091,9110,4408,4702,7971,3792,4179,4555,2185,2370,1139,549,590,
39865,4556,2264,2292,7972,3880,4092,9111,4408,4703,7972,3793,4179,4556,2186,2370,1139,549,590,
39870,4556,2264,2292,7974,3881,4093,9112,4409,4703,7973,3793,4180,4556,2186,2370,1139,549,590,
39875,4557,2265,2292,7975,3881,4094,9114,4411,4703,7974,3793,4181,4556,2186,2370,1139,549,590,
39880,4558,2266,2292,7975,3881,4094,9114,4411,4703,7975,3794,4181,4556,2186,2370,1139,549,590,
39885,4559,2267,2292,7977,3881,4096,9117,4413,4704,7976,3795,4181,4557,2186,2371,1139,549,590,
39890,4559,2267,2292,7978,3881,4097,9117,4413,4704,7977,3795,4182,4557,2186,2371,1140,549,591,
39895,4560,2268,2292,7978,3881,4097,9118,4413,4705,7978,3796,4182,4559,2186,2373,1140,549,591,
39900,4560,2268,2292,7979,3881,4098,9119,4414,4705,7979,3797,4182,4560,2186,2374,1140,549,591,
39905,4560,2268,2292,7981,3883,4098,9120,4414,4706,7980,3798,4182,4560,2186,2374,1140,549,591,
39910,4561,2268,2293,7982,3883,4099,9122,4414,4708,7981,3798,4183,4560,2186,2374,1140,549,591,
39915,4562,2268,2294,7982,3883,4099,9122,4414,4708,7982,3798,4184,4560,2186,2374,1140,549,591,
39920,4563,2268,2295,7984,3883,4101,9125,4415,4710,7983,3798,4185,4561,2186,2375,1140,549,591,
39925,4563,2268,2295,7985,3883,4102,9125,4415,4710,7984,3799,4185,4561,2186,2375,1141,549,592,
39930,4564,2269,2295,7985,3883,4102,9126,4416,4710,7985,3800,4185,4563,2187,2376,1141,549,592,
39935,4564,2269,2295,7986,3884,4102,9127,4417,4710,7986,3801,4185,4564,2188,2376,1141,549,592,
39940,4564,2269,2295,7988,3885,4103,9128,4418,4710,7987,3802,4185,4564,2188,2376,1141,549,592,
39945,4565,2269,2296,7989,3886,4103,9130,4419,4711,7988,3802,4186,4564,2188,2376,1141,549,592,
39950,4566,2269,2297,7989,3886,4103,9130,4419,4711,7989,3803,4186,4564,2188,2376,1141,549,592,
39955,4567,2269,2298,7991,3887,4104,9133,4420,4713,7990,3804,4186,4565,2188,2377,1141,549,592,
39960,4567,2269,2298,7992,3888,4104,9133,4420,4713,7991,3804,4187,4565,2188,2377,1142,549,593,
39965,4568,2269,2299,7992,3888,4104,9134,4421,4713,7992,3805,4187,4567,2190,2377,1142,549,593,
39970,4568,2269,2299,7993,3888,4105,9135,4422,4713,7993,3806,4187,4568,2190,2378,1142,549,593,
39975,4568,2269,2299,7995,3890,4105,9136,4422,4714,7994,3807,4187,4568,2190,2378,1142,549,593,
39980,4569,2270,2299,7996,3891,4105,9138,4423,4715,7995,3807,4188,4568,2190,2378,1142,549,593,
39985,4570,2271,2299,7996,3891,4105,9138,4423,4715,7996,3807,4189,4568,2190,2378,1142,549,593,
39990,4571,2271,2300,7998,3892,4106,9141,4425,4716,7997,3807,4190,4569,2190,2379,1142,549,593,
39995,4571,2271,2300,7999,3893,4106,9141,4425,4716,7998,3808,4190,4569,2190,2379,1143,550,593,
40000,4572,2271,2301,7999,3893,4106,9142,4425,4717,7999,3809,4190,4571,2191,2380,1143,550,593,
40005,4572,2271,2301,8000,3893,4107,9143,4425,4718,8000,3809,4191,4572,2192,2380,1143,550,593,
40010,4572,2271,2301,8002,3894,4108,9144,4425,4719,8001,3809,4192,4572,2192,2380,1143,550,593,
40015,4573,2272,2301,8003,3894,4109,9146,4427,4719,8002,3809,4193,4572,2192,2380,1143,550,593,
40020,4574,2273,2301,8003,3894,4109,9146,4427,4719,8003,3809,4194,4572,2192,2380,1143,550,593,
40025,4575,2273,2302,8005,3894,4111,9149,4429,4720,8004,3809,4195,4573,2193,2380,1143,550,593,
40030,4575,2273,2302,8006,3894,4112,9149,4429,4720,8005,3809,4196,4573,2193,2380,1144,550,594,
40035,4576,2274,2302,8006,3894,4112,9150,4430,4720,8006,3810,4196,4575,2194,2381,1144,550,594,
40040,4576,2274,2302,8007,3895,4112,9151,4430,4721,8007,3810,4197,4576,2194,2382,1144,550,594,
40045,4576,2274,2302,8009,3896,4113,9152,4430,4722,8008,3810,4198,4576,2194,2382,1144,550,594,
40050,4577,2275,2302,8010,3897,4113,9154,4431,4723,8009,3810,4199,4576,2194,2382,1144,550,594,
40055,4578,2276,2302,8010,3897,4113,9154,4431,4723,8010,3811,4199,4576,2194,2382,1144,550,594,
40060,4579,2277,2302,8012,3898,4114,9157,4433,4724,8011,3812,4199,4577,2194,2383,1144,550,594,
40065,4579,2277,2302,8013,3899,4114,9157,4433,4724,8012,3812,4200,4577,2194,2383,1145,550,595,
40070,4580,2278,2302,8013,3899,4114,9158,4433,4725,8013,3812,4201,4579,2195,2384,1145,550,595,
40075,4580,2278,2302,8014,3899,4115,9159,4433,4726,8014,3813,4201,4580,2195,2385,1145,550,595,
40080,4580,2278,2302,8016,3899,4117,9160,4434,4726,8015,3814,4201,4580,2195,2385,1145,550,595,
40085,4581,2279,2302,8017,3900,4117,9162,4436,4726,8016,3815,4201,4580,2195,2385,1145,550,595,
40090,4582,2280,2302,8017,3900,4117,9162,4436,4726,8017,3816,4201,4580,2195,2385,1145,550,595,
40095,4583,2280,2303,8019,3901,4118,9165,4438,4727,8018,3817,4201,4581,2196,2385,1145,550,595,
40100,4583,2280,2303,8020,3901,4119,9165,4438,4727,8019,3818,4201,4581,2196,2385,1146,550,596,
40105,4584,2280,2304,8020,3901,4119,9166,4438,4728,8020,3818,4202,4583,2198,2385,1146,550,596,
40110,4584,2280,2304,8021,3902,4119,9167,4438,4729,8021,3819,4202,4584,2198,2386,1146,550,596,
40115,4584,2280,2304,8023,3902,4121,9168,4438,4730,8022,3819,4203,4584,2198,2386,1146,550,596,
40120,4585,2281,2304,8024,3903,4121,9170,4439,4731,8023,3820,4203,4584,2198,2386,1146,550,596,
40125,4586,2282,2304,8024,3903,4121,9170,4439,4731,8024,3820,4204,4584,2198,2386,1146,550,596,
40130,4587,2283,2304,8026,3904,4122,9173,4440,4733,8025,3820,4205,4585,2198,2387,1146,550,596,
40135,4587,2283,2304,8027,3904,4123,9173,4440,4733,8026,3820,4206,4585,2198,2387,1147,551,596,
40140,4588,2283,2305,8027,3904,4123,9174,4441,4733,8027,3820,4207,4587,2200,2387,1147,551,596,
40145,4588,2283,2305,8028,3904,4124,9175,4441,4734,8028,3821,4207,4588,2201,2387,1147,551,596,
40150,4588,2283,2305,8030,3905,4125,9176,4441,4735,8029,3821,4208,4588,2201,2387,1147,551,596,
40155,4589,2284,2305,8031,3906,4125,9178,4442,4736,8030,3822,4208,4588,2201,2387,1147,551,596,
40160,4590,2285,2305,8031,3906,4125,9178,4442,4736,8031,3822,4209,4588,2201,2387,1147,551,596,
40165,4591,2285,2306,8033,3907,4126,9181,4443,4738,8032,3823,4209,4589,2202,2387,1147,551,596,
40170,4591,2285,2306,8034,3907,4127,9181,4443,4738,8033,3823,4210,4589,2202,2387,1148,551,597,
40175,4592,2286,2306,8034,3907,4127,9182,4443,4739,8034,3824,4210,4591,2202,2389,1148,551,597,
40180,4592,2286,2306,8035,3907,4128,9183,4444,4739,8035,3825,4210,4592,2203,2389,1148,551,597,
40185,4592,2286,2306,8037,3907,4130,9184,4445,4739,8036,3825,4211,4592,2203,2389,1148,551,597,
40190,4593,2287,2306,8038,3907,4131,9186,4447,4739,8037,3826,4211,4592,2203,2389,1148,551,597,
40195,4594,2288,2306,8038,3907,4131,9186,4447,4739,8038,3827,4211,4592,2203,2389,1148,551,597,
40200,4595,2289,2306,8040,3908,4132,9189,4449,4740,8039,3827,4212,4593,2203,2390,1148,551,597,
40205,4595,2289,2306,8041,3908,4133,9189,4449,4740,8040,3828,4212,4593,2203,2390,1149,552,597,
40210,4596,2289,2307,8041,3908,4133,9190,4449,4741,8041,3829,4212,4595,2203,2392,1149,552,597,
40215,4596,2289,2307,8042,3909,4133,9191,4450,4741,8042,3829,4213,4596,2204,2392,1149,552,597,
40220,4596,2289,2307,8044,3910,4134,9192,4451,4741,8043,3830,4213,4596,2204,2392,1149,552,597,
40225,4597,2289,2308,8045,3910,4135,9194,4452,4742,8044,3831,4213,4596,2204,2392,1149,552,597,
40230,4598,2289,2309,8045,3910,4135,9194,4452,4742,8045,3831,4214,4596,2204,2392,1149,552,597,
40235,4599,2289,2310,8047,3910,4137,9197,4454,4743,8046,3831,4215,4597,2204,2393,1149,552,597,
40240,4599,2289,2310,8048,3910,4138,9197,4454,4743,8047,3832,4215,4597,2204,2393,1150,553,597,
40245,4600,2290,2310,8048,3910,4138,9198,4454,4744,8048,3832,4216,4599,2205,2394,1150,553,597,
40250,4600,2290,2310,8049,3910,4139,9199,4454,4745,8049,3833,4216,4600,2206,2394,1150,553,597,
40255,4600,2290,2310,8051,3910,4141,9200,4455,4745,8050,3833,4217,4600,2206,2394,1150,553,597,
40260,4601,2290,2311,8052,3910,4142,9202,4456,4746,8051,3834,4217,4600,2206,2394,1150,553,597,
40265,4602,2290,2312,8052,3910,4142,9202,4456,4746,8052,3835,4217,4600,2206,2394,1150,553,597,
40270,4603,2291,2312,8054,3912,4142,9205,4457,4748,8053,3836,4217,4601,2207,2394,1150,553,597,
40275,4603,2291,2312,8055,3912,4143,9205,4457,4748,8054,3836,4218,4601,2207,2394,1151,554,597,
40280,4604,2291,2313,8055,3912,4143,9206,4457,4749,8055,3837,4218,4603,2208,2395,1151,554,597,
40285,4604,2291,2313,8056,3913,4143,9207,4457,4750,8056,3838,4218,4604,2209,2395,1151,554,597,
40290,4604,2291,2313,8058,3913,4145,9208,4457,4751,8057,3838,4219,4604,2209,2395,1151,554,597,
40295,4605,2291,2314,8059,3914,4145,9210,4457,4753,8058,3839,4219,4604,2209,2395,1151,554,597,
40300,4606,2291,2315,8059,3914,4145,9210,4457,4753,8059,3839,4220,4604,2209,2395,1151,554,597,
40305,4607,2291,2316,8061,3916,4145,9213,4459,4754,8060,3840,4220,4605,2210,2395,1151,554,597,
40310,4607,2291,2316,8062,3916,4146,9213,4459,4754,8061,3840,4221,4605,2210,2395,1152,554,598,
40315,4608,2291,2317,8062,3916,4146,9214,4460,4754,8062,3840,4222,4607,2210,2397,1152,554,598,
40320,4608,2291,2317,8063,3917,4146,9215,4461,4754,8063,3841,4222,4608,2210,2398,1152,554,598,
40325,4608,2291,2317,8065,3917,4148,9216,4461,4755,8064,3842,4222,4608,2210,2398,1152,554,598,
40330,4609,2292,2317,8066,3918,4148,9218,4461,4757,8065,3843,4222,4608,2210,2398,1152,554,598,
40335,4610,2292,2318,8066,3918,4148,9218,4461,4757,8066,3843,4223,4608,2210,2398,1152,554,598,
40340,4611,2293,2318,8068,3918,4150,9221,4463,4758,8067,3843,4224,4609,2211,2398,1152,554,598,
40345,4611,2293,2318,8069,3919,4150,9221,4463,4758,8068,3843,4225,4609,2211,2398,1153,554,599,
40350,4612,2294,2318,8069,3919,4150,9222,4464,4758,8069,3843,4226,4611,2212,2399,1153,554,599,
40355,4612,2294,2318,8070,3919,4151,9223,4465,4758,8070,3844,4226,4612,2212,2400,1153,554,599,
40360,4612,2294,2318,8072,3921,4151,9224,4466,4758,8071,3845,4226,4612,2212,2400,1153,554,599,
40365,4613,2294,2319,8073,3922,4151,9226,4468,4758,8072,3846,4226,4612,2212,2400,1153,554,599,
40370,4614,2294,2320,8073,3922,4151,9226,4468,4758,8073,3846,4227,4612,2212,2400,1153,554,599,
40375,4615,2295,2320,8075,3923,4152,9229,4470,4759,8074,3846,4228,4613,2213,2400,1153,554,599,
40380,4615,2295,2320,8076,3923,4153,9229,4470,4759,8075,3846,4229,4613,2213,2400,1154,555,599,
40385,4616,2296,2320,8076,3923,4153,9230,4470,4760,8076,3846,4230,4615,2213,2402,1154,555,599,
40390,4616,2296,2320,8077,3923,4154,9231,4471,4760,8077,3846,4231,4616,2213,2403,1154,555,599,
40395,4616,2296,2320,8079,3924,4155,9232,4471,4761,8078,3847,4231,4616,2213,2403,1154,555,599,
40400,4617,2297,2320,8080,3925,4155,9234,4473,4761,8079,3848,4231,4616,2213,2403,1154,555,599,
40405,4618,2298,2320,8080,3925,4155,9234,4473,4761,8080,3848,4232,4616,2213,2403,1154,555,599,
40410,4619,2298,2321,8082,3927,4155,9237,4475,4762,8081,3848,4233,4617,2214,2403,1154,555,599,
40415,4619,2298,2321,8083,3927,4156,9237,4475,4762,8082,3849,4233,4617,2214,2403,1155,556,599,
40420,4620,2299,2321,8083,3927,4156,9238,4475,4763,8083,3850,4233,4619,2216,2403,1155,556,599,
40425,4620,2299,2321,8084,3927,4157,9239,4476,4763,8084,3851,4233,4620,2217,2403,1155,556,599,
40430,4620,2299,2321,8086,3927,4159,9240,4476,4764,8085,3851,4234,4620,2217,2403,1155,556,599,
40435,4621,2299,2322,8087,3927,4160,9242,4476,4766,8086,3851,4235,4620,2217,2403,1155,556,599,
40440,4622,2300,2322,8087,3927,4160,9242,4476,4766,8087,3851,4236,4620,2217,2403,1155,556,599,
40445,4623,2300,2323,8089,3927,4162,9245,4477,4768,8088,3852,4236,4621,2218,2403,1155,556,599,
40450,4623,2300,2323,8090,3928,4162,9245,4477,4768,8089,3852,4237,4621,2218,2403,1156,556,600,
40455,4624,2301,2323,8090,3928,4162,9246,4478,4768,8090,3853,4237,4623,2219,2404,1156,556,600,
40460,4624,2301,2323,8091,3928,4163,9247,4479,4768,8091,3853,4238,4624,2219,2405,1156,556,600,
40465,4624,2301,2323,8093,3930,4163,9248,4480,4768,8092,3853,4239,4624,2219,2405,1156,556,600,
40470,4625,2301,2324,8094,3930,4164,9250,4481,4769,8093,3854,4239,4624,2219,2405,1156,556,600,
40475,4626,2301,2325,8094,3930,4164,9250,4481,4769,8094,3854,4240,4624,2219,2405,1156,556,600,
40480,4627,2301,2326,8096,3931,4165,9253,4484,4769,8095,3854,4241,4625,2220,2405,1156,556,600,
40485,4627,2301,2326,8097,3931,4166,9253,4484,4769,8096,3855,4241,4625,2220,2405,1157,556,601,
40490,4628,2302,2326,8097,3931,4166,9254,4484,4770,8097,3856,4241,4627,2221,2406,1157,556,601,
40495,4628,2302,2326,8098,3931,4167,9255,4484,4771,8098,3857,4241,4628,2222,2406,1157,556,601,
40500,4628,2302,2326,8100,3933,4167,9256,4484,4772,8099,3858,4241,4628,2222,2406,1157,556,601,
40505,4629,2303,2326,8101,3933,4168,9258,4485,4773,8100,3859,4241,4628,2222,2406,1157,556,601,
40510,4630,2304,2326,8101,3933,4168,9258,4485,4773,8101,3860,4241,4628,2222,2406,1157,556,601,
40515,4631,2304,2327,8103,3935,4168,9261,4486,4775,8102,3860,4242,4629,2222,2407,1157,556,601,
40520,4631,2304,2327,8104,3935,4169,9261,4486,4775,8103,3861,4242,4629,2222,2407,1158,557,601,
40525,4632,2305,2327,8104,3935,4169,9262,4487,4775,8104,3862,4242,4631,2223,2408,1158,557,601,
40530,4632,2305,2327,8105,3936,4169,9263,4487,4776,8105,3862,4243,4632,2223,2409,1158,557,601,
40535,4632,2305,2327,8107,3937,4170,9264,4488,4776,8106,3863,4243,4632,2223,2409,1158,557,601,
40540,4633,2306,2327,8108,3937,4171,9266,4490,4776,8107,3863,4244,4632,2223,2409,1158,557,601,
40545,4634,2306,2328,8108,3937,4171,9266,4490,4776,8108,3863,4245,4632,2223,2409,1158,557,601,
40550,4635,2306,2329,8110,3938,4172,9269,4492,4777,8109,3864,4245,4633,2223,2410,1158,557,601,
40555,4635,2306,2329,8111,3939,4172,9269,4492,4777,8110,3864,4246,4633,2223,2410,1159,557,602,
40560,4636,2306,2330,8111,3939,4172,9270,4492,4778,8111,3864,4247,4635,2224,2411,1159,557,602,
40565,4636,2306,2330,8112,3939,4173,9271,4493,4778,8112,3864,4248,4636,2224,2412,1159,557,602,
40570,4636,2306,2330,8114,3940,4174,9272,4493,4779,8113,3865,4248,4636,2224,2412,1159,557,602,
40575,4637,2307,2330,8115,3940,4175,9274,4494,4780,8114,3866,4248,4636,2224,2412,1159,557,602,
40580,4638,2308,2330,8115,3940,4175,9274,4494,4780,8115,3867,4248,4636,2224,2412,1159,557,602,
40585,4639,2308,2331,8117,3941,4176,9277,4497,4780,8116,3868,4248,4637,2224,2413,1159,557,602,
40590,4639,2308,2331,8118,3941,4177,9277,4497,4780,8117,3868,4249,4637,2224,2413,1160,557,603,
40595,4640,2309,2331,8118,3941,4177,9278,4498,4780,8118,3869,4249,4639,2226,2413,1160,557,603,
40600,4640,2309,2331,8119,3941,4178,9279,4498,4781,8119,3870,4249,4640,2226,2414,1160,557,603,
40605,4640,2309,2331,8121,3943,4178,9280,4499,4781,8120,3871,4249,4640,2226,2414,1160,557,603,
40610,4641,2310,2331,8122,3944,4178,9282,4499,4783,8121,3872,4249,4640,2226,2414,1160,557,603,
40615,4642,2311,2331,8122,3944,4178,9282,4499,4783,8122,3872,4250,4640,2226,2414,1160,557,603,
40620,4643,2312,2331,8124,3945,4179,9285,4500,4785,8123,3872,4251,4641,2227,2414,1160,557,603,
40625,4643,2312,2331,8125,3946,4179,9285,4500,4785,8124,3873,4251,4641,2227,2414,1161,558,603,
40630,4644,2312,2332,8125,3946,4179,9286,4501,4785,8125,3873,4252,4643,2227,2416,1161,558,603,
40635,4644,2312,2332,8126,3947,4179,9287,4501,4786,8126,3874,4252,4644,2228,2416,1161,558,603,
40640,4644,2312,2332,8128,3947,4181,9288,4502,4786,8127,3875,4252,4644,2228,2416,1161,558,603,
40645,4645,2312,2333,8129,3948,4181,9290,4504,4786,8128,3875,4253,4644,2228,2416,1161,558,603,
40650,4646,2312,2334,8129,3948,4181,9290,4504,4786,8129,3876,4253,4644,2228,2416,1161,558,603,
40655,4647,2313,2334,8131,3950,4181,9293,4505,4788,8130,3876,4254,4645,2228,2417,1161,558,603,
40660,4647,2313,2334,8132,3950,4182,9293,4505,4788,8131,3877,4254,4645,2228,2417,1162,559,603,
40665,4648,2313,2335,8132,3950,4182,9294,4505,4789,8132,3877,4255,4647,2230,2417,1162,559,603,
40670,4648,2313,2335,8133,3950,4183,9295,4505,4790,8133,3878,4255,4648,2230,2418,1162,559,603,
40675,4648,2313,2335,8135,3951,4184,9296,4505,4791,8134,3878,4256,4648,2230,2418,1162,559,603,
40680,4649,2314,2335,8136,3952,4184,9298,4506,4792,8135,3879,4256,4648,2230,2418,1162,559,603,
40685,4650,2314,2336,8136,3952,4184,9298,4506,4792,8136,3879,4257,4648,2230,2418,1162,559,603,
40690,4651,2314,2337,8138,3953,4185,9301,4508,4793,8137,3879,4258,4649,2231,2418,1162,559,603,
40695,4651,2314,2337,8139,3954,4185,9301,4508,4793,8138,3879,4259,4649,2231,2418,1163,560,603,
40700,4652,2314,2338,8139,3954,4185,9302,4509,4793,8139,3880,4259,4651,2231,2420,1163,560,603,
40705,4652,2314,2338,8140,3955,4185,9303,4510,4793,8140,3880,4260,4652,2231,2421,1163,560,603,
40710,4652,2314,2338,8142,3956,4186,9304,4511,4793,8141,3880,4261,4652,2231,2421,1163,560,603,
40715,4653,2315,2338,8143,3957,4186,9306,4512,4794,8142,3881,4261,4652,2231,2421,1163,560,603,
40720,4654,2315,2339,8143,3957,4186,9306,4512,4794,8143,3881,4262,4652,2231,2421,1163,560,603,
40725,4655,2316,2339,8145,3959,4186,9309,4512,4797,8144,3882,4262,4653,2231,2422,1163,560,603,
40730,4655,2316,2339,8146,3960,4186,9309,4512,4797,8145,3883,4262,4653,2231,2422,1164,561,603,
40735,4656,2317,2339,8146,3960,4186,9310,4512,4798,8146,3883,4263,4655,2232,2423,1164,561,603,
40740,4656,2317,2339,8147,3960,4187,9311,4513,4798,8147,3884,4263,4656,2232,2424,1164,561,603,
40745,4656,2317,2339,8149,3962,4187,9312,4514,4798,8148,3885,4263,4656,2232,2424,1164,561,603,
40750,4657,2317,2340,8150,3962,4188,9314,4515,4799,8149,3886,4263,4656,2232,2424,1164,561,603,
40755,4658,2318,2340,8150,3962,4188,9314,4515,4799,8150,3887,4263,4656,2232,2424,1164,561,603,
40760,4659,2319,2340,8152,3963,4189,9317,4516,4801,8151,3887,4264,4657,2233,2424,1164,561,603,
40765,4659,2319,2340,8153,3963,4190,9317,4516,4801,8152,3888,4264,4657,2233,2424,1165,561,604,
40770,4660,2320,2340,8153,3963,4190,9318,4517,4801,8153,3889,4264,4659,2234,2425,1165,561,604,
40775,4660,2320,2340,8154,3963,4191,9319,4518,4801,8154,3890,4264,4660,2235,2425,1165,561,604,
40780,4660,2320,2340,8156,3964,4192,9320,4518,4802,8155,3890,4265,4660,2235,2425,1165,561,604,
40785,4661,2321,2340,8157,3964,4193,9322,4519,4803,8156,3891,4265,4660,2235,2425,1165,561,604,
40790,4662,2322,2340,8157,3964,4193,9322,4519,4803,8157,3892,4265,4660,2235,2425,1165,561,604,
40795,4663,2322,2341,8159,3966,4193,9325,4520,4805,8158,3892,4266,4661,2235,2426,1165,561,604,
40800,4663,2322,2341,8160,3967,4193,9325,4520,4805,8159,3892,4267,4661,2235,2426,1166,562,604,
40805,4664,2323,2341,8160,3967,4193,9326,4520,4806,8160,3892,4268,4663,2237,2426,1166,562,604,
40810,4664,2323,2341,8161,3968,4193,9327,4520,4807,8161,3893,4268,4664,2238,2426,1166,562,604,
40815,4664,2323,2341,8163,3969,4194,9328,4521,4807,8162,3893,4269,4664,2238,2426,1166,562,604,
40820,4665,2323,2342,8164,3970,4194,9330,4522,4808,8163,3894,4269,4664,2238,2426,1166,562,604,
40825,4666,2324,2342,8164,3970,4194,9330,4522,4808,8164,3895,4269,4664,2238,2426,1166,562,604,
40830,4667,2324,2343,8166,3971,4195,9333,4524,4809,8165,3895,4270,4665,2238,2427,1166,562,604,
40835,4667,2324,2343,8167,3972,4195,9333,4524,4809,8166,3895,4271,4665,2238,2427,1167,562,605,
40840,4668,2325,2343,8167,3972,4195,9334,4524,4810,8167,3895,4272,4667,2238,2429,1167,562,605,
40845,4668,2325,2343,8168,3972,4196,9335,4525,4810,8168,3895,4273,4668,2238,2430,1167,562,605,
40850,4668,2325,2343,8170,3972,4198,9336,4525,4811,8169,3895,4274,4668,2238,2430,1167,562,605,
40855,4669,2325,2344,8171,3973,4198,9338,4525,4813,8170,3895,4275,4668,2238,2430,1167,562,605,
40860,4670,2326,2344,8171,3973,4198,9338,4525,4813,8171,3896,4275,4668,2238,2430,1167,562,605,
40865,4671,2326,2345,8173,3973,4200,9341,4527,4814,8172,3896,4276,4669,2239,2430,1167,562,605,
40870,4671,2326,2345,8174,3974,4200,9341,4527,4814,8173,3897,4276,4669,2239,2430,1168,563,605,
40875,4672,2326,2346,8174,3974,4200,9342,4527,4815,8174,3897,4277,4671,2240,2431,1168,563,605,
40880,4672,2326,2346,8175,3975,4200,9343,4528,4815,8175,3897,4278,4672,2240,2432,1168,563,605,
40885,4672,2326,2346,8177,3976,4201,9344,4529,4815,8176,3898,4278,4672,2240,2432,1168,563,605,
40890,4673,2327,2346,8178,3977,4201,9346,4529,4817,8177,3899,4278,4672,2240,2432,1168,563,605,
40895,4674,2327,2347,8178,3977,4201,9346,4529,4817,8178,3900,4278,4672,2240,2432,1168,563,605,
40900,4675,2327,2348,8180,3979,4201,9349,4530,4819,8179,3901,4278,4673,2241,2432,1168,563,605,
40905,4675,2327,2348,8181,3979,4202,9349,4530,4819,8180,3901,4279,4673,2241,2432,1169,564,605,
40910,4676,2328,2348,8181,3979,4202,9350,4531,4819,8181,3901,4280,4675,2242,2433,1169,564,605,
40915,4676,2328,2348,8182,3979,4203,9351,4532,4819,8182,3902,4280,4676,2243,2433,1169,564,605,
40920,4676,2328,2348,8184,3980,4204,9352,4532,4820,8183,3903,4280,4676,2243,2433,1169,564,605,
40925,4677,2329,2348,8185,3980,4205,9354,4533,4821,8184,3903,4281,4676,2243,2433,1169,564,605,
40930,4678,2329,2349,8185,3980,4205,9354,4533,4821,8185,3904,4281,4676,2243,2433,1169,564,605,
40935,4679,2329,2350,8187,3982,4205,9357,4534,4823,8186,3904,4282,4677,2244,2433,1169,564,605,
40940,4679,2329,2350,8188,3983,4205,9357,4534,4823,8187,3904,4283,4677,2244,2433,1170,564,606,
40945,4680,2329,2351,8188,3983,4205,9358,4535,4823,8188,3905,4283,4679,2245,2434,1170,564,606,
40950,4680,2329,2351,8189,3984,4205,9359,4536,4823,8189,3906,4283,4680,2246,2434,1170,564,606,
40955,4680,2329,2351,8191,3985,4206,9360,4536,4824,8190,3907,4283,4680,2246,2434,1170,564,606,
40960,4681,2329,2352,8192,3986,4206,9362,4537,4825,8191,3908,4283,4680,2246,2434,1170,564,606,
40965,4682,2330,2352,8192,3986,4206,9362,4537,4825,8192,3909,4283,4680,2246,2434,1170,564,606,
40970,4683,2331,2352,8194,3988,4206,9365,4537,4828,8193,3910,4283,4681,2247,2434,1170,564,606,
40975,4683,2331,2352,8195,3988,4207,9365,4537,4828,8194,3911,4283,4681,2247,2434,1171,565,606,
40980,4684,2331,2353,8195,3988,4207,9366,4537,4829,8195,3911,4284,4683,2249,2434,1171,565,606,
40985,4684,2331,2353,8196,3989,4207,9367,4537,4830,8196,3911,4285,4684,2249,2435,1171,565,606,
40990,4684,2331,2353,8198,3989,4209,9368,4538,4830,8197,3912,4285,4684,2249,2435,1171,565,606,
40995,4685,2332,2353,8199,3990,4209,9370,4540,4830,8198,3913,4285,4684,2249,2435,1171,565,606,
41000,4686,2332,2354,8199,3990,4209,9370,4540,4830,8199,3913,4286,4684,2249,2435,1171,565,606,
41005,4687,2332,2355,8201,3990,4211,9373,4541,4832,8200,3913,4287,4685,2249,2436,1171,565,606,
41010,4687,2332,2355,8202,3990,4212,9373,4541,4832,8201,3914,4287,4685,2249,2436,1172,566,606,
41015,4688,2333,2355,8202,3990,4212,9374,4541,4833,8202,3914,4288,4687,2249,2438,1172,566,606,
41020,4688,2333,2355,8203,3991,4212,9375,4542,4833,8203,3915,4288,4688,2249,2439,1172,566,606,
41025,4688,2333,2355,8205,3991,4214,9376,4543,4833,8204,3916,4288,4688,2249,2439,1172,566,606,
41030,4689,2334,2355,8206,3991,4215,9378,4544,4834,8205,3916,4289,4688,2249,2439,1172,566,606,
41035,4690,2334,2356,8206,3991,4215,9378,4544,4834,8206,3916,4290,4688,2249,2439,1172,566,606,
41040,4691,2334,2357,8208,3991,4217,9381,4545,4836,8207,3916,4291,4689,2250,2439,1172,566,606,
41045,4691,2334,2357,8209,3992,4217,9381,4545,4836,8208,3917,4291,4689,2250,2439,1173,566,607,
41050,4692,2335,2357,8209,3992,4217,9382,4545,4837,8209,3917,4292,4691,2251,2440,1173,566,607,
41055,4692,2335,2357,8210,3992,4218,9383,4546,4837,8210,3917,4293,4692,2252,2440,1173,566,607,
41060,4692,2335,2357,8212,3992,4220,9384,4547,4837,8211,3917,4294,4692,2252,2440,1173,566,607,
41065,4693,2335,2358,8213,3993,4220,9386,4549,4837,8212,3918,4294,4692,2252,2440,1173,566,607,
41070,4694,2335,2359,8213,3993,4220,9386,4549,4837,8213,3919,4294,4692,2252,2440,1173,566,607,
41075,4695,2335,2360,8215,3994,4221,9389,4550,4839,8214,3920,4294,4693,2253,2440,1173,566,607,
41080,4695,2335,2360,8216,3995,4221,9389,4550,4839,8215,3921,4294,4693,2253,2440,1174,566,608,
41085,4696,2335,2361,8216,3995,4221,9390,4551,4839,8216,3922,4294,4695,2255,2440,1174,566,608,
41090,4696,2335,2361,8217,3996,4221,9391,4552,4839,8217,3922,4295,4696,2256,2440,1174,566,608,
41095,4696,2335,2361,8219,3996,4223,9392,4553,4839,8218,3922,4296,4696,2256,2440,1174,566,608,
41100,4697,2335,2362,8220,3996,4224,9394,4554,4840,8219,3922,4297,4696,2256,2440,1174,566,608,
41105,4698,2335,2363,8220,3996,4224,9394,4554,4840,8220,3922,4298,4696,2256,2440,1174,566,608,
41110,4699,2336,2363,8222,3997,4225,9397,4555,4842,8221,3923,4298,4697,2257,2440,1174,566,608,
41115,4699,2336,2363,8223,3998,4225,9397,4555,4842,8222,3923,4299,4697,2257,2440,1175,566,609,
41120,4700,2337,2363,8223,3998,4225,9398,4555,4843,8223,3924,4299,4699,2259,2440,1175,566,609,
41125,4700,2337,2363,8224,3999,4225,9399,4555,4844,8224,3924,4300,4700,2260,2440,1175,566,609,
41130,4700,2337,2363,8226,3999,4227,9400,4556,4844,8225,3925,4300,4700,2260,2440,1175,566,609,
41135,4701,2338,2363,8227,3999,4228,9402,4557,4845,8226,3926,4300,4700,2260,2440,1175,566,609,
41140,4702,2338,2364,8227,3999,4228,9402,4557,4845,8227,3927,4300,4700,2260,2440,1175,566,609,
41145,4703,2338,2365,8229,4000,4229,9405,4558,4847,8228,3927,4301,4701,2261,2440,1175,566,609,
41150,4703,2338,2365,8230,4000,4230,9405,4558,4847,8229,3927,4302,4701,2261,2440,1176,567,609,
41155,4704,2338,2366,8230,4000,4230,9406,4558,4848,8230,3927,4303,4703,2261,2442,1176,567,609,
41160,4704,2338,2366,8231,4001,4230,9407,4558,4849,8231,3927,4304,4704,2261,2443,1176,567,609,
41165,4704,2338,2366,8233,4002,4231,9408,4558,4850,8232,3927,4305,4704,2261,2443,1176,567,609,
41170,4705,2338,2367,8234,4003,4231,9410,4559,4851,8233,3927,4306,4704,2261,2443,1176,567,609,
41175,4706,2339,2367,8234,4003,4231,9410,4559,4851,8234,3928,4306,4704,2261,2443,1176,567,609,
41180,4707,2340,2367,8236,4003,4233,9413,4560,4853,8235,3929,4306,4705,2261,2444,1176,567,609,
41185,4707,2340,2367,8237,4003,4234,9413,4560,4853,8236,3930,4306,4705,2261,2444,1177,568,609,
41190,4708,2340,2368,8237,4003,4234,9414,4561,4853,8237,3930,4307,4707,2261,2446,1177,568,609,
41195,4708,2340,2368,8238,4004,4234,9415,4561,4854,8238,3930,4308,4708,2262,2446,1177,568,609,
41200,4708,2340,2368,8240,4005,4235,9416,4561,4855,8239,3931,4308,4708,2262,2446,1177,568,609,
41205,4709,2341,2368,8241,4006,4235,9418,4562,4856,8240,3931,4309,4708,2262,2446,1177,568,609,
41210,4710,2342,2368,8241,4006,4235,9418,4562,4856,8241,3931,4310,4708,2262,2446,1177,568,609,
41215,4711,2342,2369,8243,4008,4235,9421,4563,4858,8242,3931,4311,4709,2262,2447,1177,568,609,
41220,4711,2342,2369,8244,4009,4235,9421,4563,4858,8243,3932,4311,4709,2262,2447,1178,568,610,
41225,4712,2342,2370,8244,4009,4235,9422,4563,4859,8244,3933,4311,4711,2263,2448,1178,568,610,
41230,4712,2342,2370,8245,4010,4235,9423,4564,4859,8245,3933,4312,4712,2263,2449,1178,568,610,
41235,4712,2342,2370,8247,4012,4235,9424,4565,4859,8246,3934,4312,4712,2263,2449,1178,568,610,
41240,4713,2342,2371,8248,4012,4236,9426,4567,4859,8247,3934,4313,4712,2263,2449,1178,568,610,
41245,4714,2342,2372,8248,4012,4236,9426,4567,4859,8248,3934,4314,4712,2263,2449,1178,568,610,
41250,4715,2343,2372,8250,4013,4237,9429,4568,4861,8249,3935,4314,4713,2264,2449,1178,568,610,
41255,4715,2343,2372,8251,4014,4237,9429,4568,4861,8250,3936,4314,4713,2264,2449,1179,568,611,
41260,4716,2344,2372,8251,4014,4237,9430,4568,4862,8251,3937,4314,4715,2264,2451,1179,568,611,
41265,4716,2344,2372,8252,4015,4237,9431,4568,4863,8252,3937,4315,4716,2264,2452,1179,568,611,
41270,4716,2344,2372,8254,4016,4238,9432,4568,4864,8253,3937,4316,4716,2264,2452,1179,568,611,
41275,4717,2345,2372,8255,4016,4239,9434,4569,4865,8254,3937,4317,4716,2264,2452,1179,568,611,
41280,4718,2346,2372,8255,4016,4239,9434,4569,4865,8255,3937,4318,4716,2264,2452,1179,568,611,
41285,4719,2346,2373,8257,4016,4241,9437,4572,4865,8256,3937,4319,4717,2265,2452,1179,568,611,
41290,4719,2346,2373,8258,4016,4242,9437,4572,4865,8257,3937,4320,4717,2265,2452,1180,568,612,
41295,4720,2347,2373,8258,4016,4242,9438,4573,4865,8258,3938,4320,4719,2265,2454,1180,568,612,
41300,4720,2347,2373,8259,4016,4243,9439,4573,4866,8259,3938,4321,4720,2265,2455,1180,568,612,
41305,4720,2347,2373,8261,4017,4244,9440,4574,4866,8260,3939,4321,4720,2265,2455,1180,568,612,
41310,4721,2347,2374,8262,4018,4244,9442,4574,4868,8261,3940,4321,4720,2265,2455,1180,568,612,
41315,4722,2347,2375,8262,4018,4244,9442,4574,4868,8262,3941,4321,4720,2265,2455,1180,568,612,
41320,4723,2347,2376,8264,4019,4245,9445,4575,4870,8263,3942,4321,4721,2266,2455,1180,568,612,
41325,4723,2347,2376,8265,4020,4245,9445,4575,4870,8264,3943,4321,4721,2266,2455,1181,568,613,
41330,4724,2348,2376,8265,4020,4245,9446,4575,4871,8265,3944,4321,4723,2267,2456,1181,568,613,
41335,4724,2348,2376,8266,4020,4246,9447,4575,4872,8266,3944,4322,4724,2268,2456,1181,568,613,
41340,4724,2348,2376,8268,4022,4246,9448,4575,4873,8267,3945,4322,4724,2268,2456,1181,568,613,
41345,4725,2348,2377,8269,4022,4247,9450,4576,4874,8268,3945,4323,4724,2268,2456,1181,568,613,
41350,4726,2348,2378,8269,4022,4247,9450,4576,4874,8269,3945,4324,4724,2268,2456,1181,568,613,
41355,4727,2349,2378,8271,4022,4249,9453,4577,4876,8270,3946,4324,4725,2268,2457,1181,568,613,
41360,4727,2349,2378,8272,4023,4249,9453,4577,4876,8271,3946,4325,4725,2268,2457,1182,568,614,
41365,4728,2349,2379,8272,4023,4249,9454,4577,4877,8272,3947,4325,4727,2268,2459,1182,568,614,
41370,4728,2349,2379,8273,4023,4250,9455,4578,4877,8273,3947,4326,4728,2268,2460,1182,568,614,
41375,4728,2349,2379,8275,4024,4251,9456,4578,4878,8274,3948,4326,4728,2268,2460,1182,568,614,
41380,4729,2349,2380,8276,4025,4251,9458,4580,4878,8275,3948,4327,4728,2268,2460,1182,568,614,
41385,4730,2349,2381,8276,4025,4251,9458,4580,4878,8276,3949,4327,4728,2268,2460,1182,568,614,
41390,4731,2350,2381,8278,4026,4252,9461,4582,4879,8277,3949,4328,4729,2268,2461,1182,568,614,
41395,4731,2350,2381,8279,4026,4253,9461,4582,4879,8278,3950,4328,4729,2268,2461,1183,568,615,
41400,4732,2351,2381,8279,4026,4253,9462,4583,4879,8279,3951,4328,4731,2269,2462,1183,568,615,
41405,4732,2351,2381,8280,4026,4254,9463,4583,4880,8280,3951,4329,4732,2269,2463,1183,568,615,
41410,4732,2351,2381,8282,4027,4255,9464,4583,4881,8281,3952,4329,4732,2269,2463,1183,568,615,
41415,4733,2352,2381,8283,4027,4256,9466,4583,4883,8282,3952,4330,4732,2269,2463,1183,568,615,
41420,4734,2353,2381,8283,4027,4256,9466,4583,4883,8283,3953,4330,4732,2269,2463,1183,568,615,
41425,4735,2353,2382,8285,4027,4258,9469,4586,4883,8284,3954,4330,4733,2270,2463,1183,568,615,
41430,4735,2353,2382,8286,4027,4259,9469,4586,4883,8285,3954,4331,4733,2270,2463,1184,568,616,
41435,4736,2354,2382,8286,4027,4259,9470,4587,4883,8286,3955,4331,4735,2271,2464,1184,568,616,
41440,4736,2354,2382,8287,4028,4259,9471,4588,4883,8287,3956,4331,4736,2271,2465,1184,568,616,
41445,4736,2354,2382,8289,4029,4260,9472,4588,4884,8288,3956,4332,4736,2271,2465,1184,568,616,
41450,4737,2355,2382,8290,4029,4261,9474,4589,4885,8289,3956,4333,4736,2271,2465,1184,568,616,
41455,4738,2355,2383,8290,4029,4261,9474,4589,4885,8290,3956,4334,4736,2271,2465,1184,568,616,
41460,4739,2356,2383,8292,4030,4262,9477,4589,4888,8291,3956,4335,4737,2272,2465,1184,568,616,
41465,4739,2356,2383,8293,4030,4263,9477,4589,4888,8292,3956,4336,4737,2272,2465,1185,568,617,
41470,4740,2356,2384,8293,4030,4263,9478,4590,4888,8293,3956,4337,4739,2273,2466,1185,568,617,
41475,4740,2356,2384,8294,4031,4263,9479,4591,4888,8294,3957,4337,4740,2273,2467,1185,568,617,
41480,4740,2356,2384,8296,4033,4263,9480,4591,4889,8295,3957,4338,4740,2273,2467,1185,568,617,
41485,4741,2357,2384,8297,4034,4263,9482,4591,4891,8296,3957,4339,4740,2273,2467,1185,568,617,
41490,4742,2358,2384,8297,4034,4263,9482,4591,4891,8297,3958,4339,4740,2273,2467,1185,568,617,
41495,4743,2358,2385,8299,4036,4263,9485,4591,4894,8298,3959,4339,4741,2274,2467,1185,568,617,
41500,4743,2358,2385,8300,4036,4264,9485,4591,4894,8299,3959,4340,4741,2274,2467,1186,569,617,
41505,4744,2358,2386,8300,4036,4264,9486,4592,4894,8300,3959,4341,4743,2275,2468,1186,569,617,
41510,4744,2358,2386,8301,4037,4264,9487,4592,4895,8301,3960,4341,4744,2275,2469,1186,569,617,
41515,4744,2358,2386,8303,4038,4265,9488,4593,4895,8302,3960,4342,4744,2275,2469,1186,569,617,
41520,4745,2358,2387,8304,4038,4266,9490,4595,4895,8303,3960,4343,4744,2275,2469,1186,569,617,
41525,4746,2358,2388,8304,4038,4266,9490,4595,4895,8304,3961,4343,4744,2275,2469,1186,569,617,
41530,4747,2359,2388,8306,4040,4266,9493,4595,4898,8305,3961,4344,4745,2275,2470,1186,569,617,
41535,4747,2359,2388,8307,4041,4266,9493,4595,4898,8306,3962,4344,4745,2275,2470,1187,570,617,
41540,4748,2359,2389,8307,4041,4266,9494,4596,4898,8307,3963,4344,4747,2277,2470,1187,570,617,
41545,4748,2359,2389,8308,4041,4267,9495,4597,4898,8308,3964,4344,4748,2278,2470,1187,570,617,
41550,4748,2359,2389,8310,4042,4268,9496,4597,4899,8309,3964,4345,4748,2278,2470,1187,570,617,
41555,4749,2360,2389,8311,4042,4269,9498,4599,4899,8310,3965,4345,4748,2278,2470,1187,570,617,
41560,4750,2360,2390,8311,4042,4269,9498,4599,4899,8311,3965,4346,4748,2278,2470,1187,570,617,
41565,4751,2361,2390,8313,4044,4269,9501,4599,4902,8312,3965,4347,4749,2278,2471,1187,570,617,
41570,4751,2361,2390,8314,4045,4269,9501,4599,4902,8313,3965,4348,4749,2278,2471,1188,571,617,
41575,4752,2361,2391,8314,4045,4269,9502,4599,4903,8314,3966,4348,4751,2280,2471,1188,571,617,
41580,4752,2361,2391,8315,4045,4270,9503,4600,4903,8315,3966,4349,4752,2280,2472,1188,571,617,
41585,4752,2361,2391,8317,4046,4271,9504,4600,4904,8316,3966,4350,4752,2280,2472,1188,571,617,
41590,4753,2361,2392,8318,4046,4272,9506,4602,4904,8317,3966,4351,4752,2280,2472,1188,571,617,
41595,4754,2361,2393,8318,4046,4272,9506,4602,4904,8318,3966,4352,4752,2280,2472,1188,571,617,
41600,4755,2361,2394,8320,4047,4273,9509,4604,4905,8319,3966,4353,4753,2280,2473,1188,571,617,
41605,4755,2361,2394,8321,4047,4274,9509,4604,4905,8320,3966,4354,4753,2280,2473,1189,572,617,
41610,4756,2361,2395,8321,4047,4274,9510,4604,4906,8321,3967,4354,4755,2281,2474,1189,572,617,
41615,4756,2361,2395,8322,4048,4274,9511,4605,4906,8322,3968,4354,4756,2281,2475,1189,572,617,
41620,4756,2361,2395,8324,4050,4274,9512,4606,4906,8323,3968,4355,4756,2281,2475,1189,572,617,
41625,4757,2362,2395,8325,4050,4275,9514,4606,4908,8324,3968,4356,4756,2281,2475,1189,572,617,
41630,4758,2363,2395,8325,4050,4275,9514,4606,4908,8325,3968,4357,4756,2281,2475,1189,572,617,
41635,4759,2363,2396,8327,4052,4275,9517,4607,4910,8326,3969,4357,4757,2281,2476,1189,572,617,
41640,4759,2363,2396,8328,4052,4276,9517,4607,4910,8327,3970,4357,4757,2281,2476,1190,572,618,
41645,4760,2364,2396,8328,4052,4276,9518,4608,4910,8328,3971,4357,4759,2281,2478,1190,572,618,
41650,4760,2364,2396,8329,4053,4276,9519,4608,4911,8329,3971,4358,4760,2281,2479,1190,572,618,
41655,4760,2364,2396,8331,4053,4278,9520,4608,4912,8330,3972,4358,4760,2281,2479,1190,572,618,
41660,4761,2364,2397,8332,4053,4279,9522,4610,4912,8331,3973,4358,4760,2281,2479,1190,572,618,
41665,4762,2365,2397,8332,4053,4279,9522,4610,4912,8332,3973,4359,4760,2281,2479,1190,572,618,
41670,4763,2366,2397,8334,4054,4280,9525,4612,4913,8333,3973,4360,4761,2282,2479,1190,572,618,
41675,4763,2366,2397,8335,4054,4281,9525,4612,4913,8334,3973,4361,4761,2282,2479,1191,572,619,
41680,4764,2367,2397,8335,4054,4281,9526,4612,4914,8335,3974,4361,4763,2284,2479,1191,572,619,
41685,4764,2367,2397,8336,4054,4282,9527,4613,4914,8336,3974,4362,4764,2284,2480,1191,572,619,
41690,4764,2367,2397,8338,4055,4283,9528,4614,4914,8337,3974,4363,4764,2284,2480,1191,572,619,
41695,4765,2367,2398,8339,4055,4284,9530,4616,4914,8338,3975,4363,4764,2284,2480,1191,572,619,
41700,4766,2367,2399,8339,4055,4284,9530,4616,4914,8339,3975,4364,4764,2284,2480,1191,572,619,
41705,4767,2367,2400,8341,4055,4286,9533,4617,4916,8340,3975,4365,4765,2285,2480,1191,572,619,
41710,4767,2367,2400,8342,4055,4287,9533,4617,4916,8341,3975,4366,4765,2285,2480,1192,572,620,
41715,4768,2368,2400,8342,4055,4287,9534,4618,4916,8342,3976,4366,4767,2285,2482,1192,572,620,
41720,4768,2368,2400,8343,4055,4288,9535,4618,4917,8343,3977,4366,4768,2285,2483,1192,572,620,
41725,4768,2368,2400,8345,4057,4288,9536,4618,4918,8344,3978,4366,4768,2285,2483,1192,572,620,
41730,4769,2368,2401,8346,4058,4288,9538,4619,4919,8345,3978,4367,4768,2285,2483,1192,572,620,
41735,4770,2369,2401,8346,4058,4288,9538,4619,4919,8346,3979,4367,4768,2285,2483,1192,572,620,
41740,4771,2370,2401,8348,4059,4289,9541,4620,4921,8347,3979,4368,4769,2285,2484,1192,572,620,
41745,4771,2370,2401,8349,4060,4289,9541,4620,4921,8348,3979,4369,4769,2285,2484,1193,573,620,
41750,4772,2370,2402,8349,4060,4289,9542,4620,4922,8349,3980,4369,4771,2286,2485,1193,573,620,
41755,4772,2370,2402,8350,4060,4290,9543,4620,4923,8350,3980,4370,4772,2286,2486,1193,573,620,
41760,4772,2370,2402,8352,4061,4291,9544,4620,4924,8351,3981,4370,4772,2286,2486,1193,573,620,
41765,4773,2370,2403,8353,4062,4291,9546,4621,4925,8352,3981,4371,4772,2286,2486,1193,573,620,
41770,4774,2370,2404,8353,4062,4291,9546,4621,4925,8353,3982,4371,4772,2286,2486,1193,573,620,
41775,4775,2371,2404,8355,4062,4293,9549,4622,4927,8354,3982,4372,4773,2287,2486,1193,573,620,
41780,4775,2371,2404,8356,4063,4293,9549,4622,4927,8355,3982,4373,4773,2287,2486,1194,573,621,
41785,4776,2372,2404,8356,4063,4293,9550,4623,4927,8356,3983,4373,4775,2288,2487,1194,573,621,
41790,4776,2372,2404,8357,4063,4294,9551,4624,4927,8357,3984,4373,4776,2288,2488,1194,573,621,
41795,4776,2372,2404,8359,4063,4296,9552,4625,4927,8358,3984,4374,4776,2288,2488,1194,573,621,
41800,4777,2373,2404,8360,4064,4296,9554,4625,4929,8359,3985,4374,4776,2288,2488,1194,573,621,
41805,4778,2373,2405,8360,4064,4296,9554,4625,4929,8360,3985,4375,4776,2288,2488,1194,573,621,
41810,4779,2374,2405,8362,4066,4296,9557,4627,4930,8361,3985,4376,4777,2289,2488,1194,573,621,
41815,4779,2374,2405,8363,4067,4296,9557,4627,4930,8362,3986,4376,4777,2289,2488,1195,574,621,
41820,4780,2374,2406,8363,4067,4296,9558,4627,4931,8363,3987,4376,4779,2290,2489,1195,574,621,
41825,4780,2374,2406,8364,4067,4297,9559,4627,4932,8364,3987,4377,4780,2291,2489,1195,574,621,
41830,4780,2374,2406,8366,4067,4299,9560,4627,4933,8365,3987,4378,4780,2291,2489,1195,574,621,
41835,4781,2374,2407,8367,4067,4300,9562,4629,4933,8366,3988,4378,4780,2291,2489,1195,574,621,
41840,4782,2375,2407,8367,4067,4300,9562,4629,4933,8367,3989,4378,4780,2291,2489,1195,574,621,
41845,4783,2376,2407,8369,4068,4301,9565,4631,4934,8368,3990,4378,4781,2291,2490,1195,574,621,
41850,4783,2376,2407,8370,4069,4301,9565,4631,4934,8369,3991,4378,4781,2291,2490,1196,575,621,
41855,4784,2376,2408,8370,4069,4301,9566,4631,4935,8370,3992,4378,4783,2292,2491,1196,575,621,
41860,4784,2376,2408,8371,4070,4301,9567,4631,4936,8371,3993,4378,4784,2293,2491,1196,575,621,
41865,4784,2376,2408,8373,4072,4301,9568,4632,4936,8372,3993,4379,4784,2293,2491,1196,575,621,
41870,4785,2376,2409,8374,4072,4302,9570,4633,4937,8373,3993,4380,4784,2293,2491,1196,575,621,
41875,4786,2377,2409,8374,4072,4302,9570,4633,4937,8374,3994,4380,4784,2293,2491,1196,575,621,
41880,4787,2377,2410,8376,4073,4303,9573,4634,4939,8375,3994,4381,4785,2294,2491,1196,575,621,
41885,4787,2377,2410,8377,4073,4304,9573,4634,4939,8376,3995,4381,4785,2294,2491,1197,575,622,
41890,4788,2378,2410,8377,4073,4304,9574,4635,4939,8377,3995,4382,4787,2295,2492,1197,575,622,
41895,4788,2378,2410,8378,4073,4305,9575,4636,4939,8378,3995,4383,4788,2295,2493,1197,575,622,
41900,4788,2378,2410,8380,4074,4306,9576,4637,4939,8379,3996,4383,4788,2295,2493,1197,575,622,
41905,4789,2378,2411,8381,4075,4306,9578,4637,4941,8380,3996,4384,4788,2295,2493,1197,575,622,
41910,4790,2379,2411,8381,4075,4306,9578,4637,4941,8381,3997,4384,4788,2295,2493,1197,575,622,
41915,4791,2380,2411,8383,4076,4307,9581,4639,4942,8382,3997,4385,4789,2295,2494,1197,575,622,
41920,4791,2380,2411,8384,4076,4308,9581,4639,4942,8383,3997,4386,4789,2295,2494,1198,575,623,
41925,4792,2381,2411,8384,4076,4308,9582,4639,4943,8384,3997,4387,4791,2295,2496,1198,575,623,
41930,4792,2381,2411,8385,4076,4309,9583,4639,4944,8385,3998,4387,4792,2295,2497,1198,575,623,
41935,4792,2381,2411,8387,4078,4309,9584,4640,4944,8386,3998,4388,4792,2295,2497,1198,575,623,
41940,4793,2382,2411,8388,4078,4310,9586,4640,4946,8387,3999,4388,4792,2295,2497,1198,575,623,
41945,4794,2382,2412,8388,4078,4310,9586,4640,4946,8388,4000,4388,4792,2295,2497,1198,575,623,
41950,4795,2383,2412,8390,4079,4311,9589,4643,4946,8389,4000,4389,4793,2296,2497,1198,575,623,
41955,4795,2383,2412,8391,4079,4312,9589,4643,4946,8390,4000,4390,4793,2296,2497,1199,576,623,
41960,4796,2384,2412,8391,4079,4312,9590,4643,4947,8391,4001,4390,4795,2296,2499,1199,576,623,
41965,4796,2384,2412,8392,4080,4312,9591,4643,4948,8392,4001,4391,4796,2296,2500,1199,576,623,
41970,4796,2384,2412,8394,4081,4313,9592,4643,4949,8393,4001,4392,4796,2296,2500,1199,576,623,
41975,4797,2384,2413,8395,4082,4313,9594,4644,4950,8394,4001,4393,4796,2296,2500,1199,576,623,
41980,4798,2384,2414,8395,4082,4313,9594,4644,4950,8395,4001,4394,4796,2296,2500,1199,576,623,
41985,4799,2384,2415,8397,4083,4314,9597,4646,4951,8396,4001,4395,4797,2296,2501,1199,576,623,
41990,4799,2384,2415,8398,4084,4314,9597,4646,4951,8397,4002,4395,4797,2296,2501,1200,576,624,
41995,4800,2384,2416,8398,4084,4314,9598,4646,4952,8398,4003,4395,4799,2296,2503,1200,576,624,
42000,4800,2384,2416,8399,4084,4315,9599,4646,4953,8399,4004,4395,4800,2296,2504,1200,576,624,
42005,4800,2384,2416,8401,4086,4315,9600,4646,4954,8400,4004,4396,4800,2296,2504,1200,576,624,
42010,4801,2384,2417,8402,4086,4316,9602,4647,4955,8401,4004,4397,4800,2296,2504,1200,576,624,
42015,4802,2384,2418,8402,4086,4316,9602,4647,4955,8402,4004,4398,4800,2296,2504,1200,576,624,
42020,4803,2384,2419,8404,4086,4318,9605,4648,4957,8403,4005,4398,4801,2297,2504,1200,576,624,
42025,4803,2384,2419,8405,4086,4319,9605,4648,4957,8404,4005,4399,4801,2297,2504,1201,576,625,
42030,4804,2385,2419,8405,4086,4319,9606,4648,4958,8405,4006,4399,4803,2298,2505,1201,576,625,
42035,4804,2385,2419,8406,4086,4320,9607,4648,4959,8406,4006,4400,4804,2299,2505,1201,576,625,
42040,4804,2385,2419,8408,4088,4320,9608,4648,4960,8407,4007,4400,4804,2299,2505,1201,576,625,
42045,4805,2385,2420,8409,4089,4320,9610,4649,4961,8408,4008,4400,4804,2299,2505,1201,576,625,
42050,4806,2385,2421,8409,4089,4320,9610,4649,4961,8409,4008,4401,4804,2299,2505,1201,576,625,
42055,4807,2386,2421,8411,4090,4321,9613,4650,4963,8410,4009,4401,4805,2300,2505,1201,576,625,
42060,4807,2386,2421,8412,4090,4322,9613,4650,4963,8411,4009,4402,4805,2300,2505,1202,577,625,
42065,4808,2386,2422,8412,4090,4322,9614,4650,4964,8412,4009,4403,4807,2301,2506,1202,577,625,
42070,4808,2386,2422,8413,4091,4322,9615,4651,4964,8413,4009,4404,4808,2302,2506,1202,577,625,
42075,4808,2386,2422,8415,4091,4324,9616,4651,4965,8414,4010,4404,4808,2302,2506,1202,577,625,
42080,4809,2387,2422,8416,4091,4325,9618,4652,4966,8415,4011,4404,4808,2302,2506,1202,577,625,
42085,4810,2388,2422,8416,4091,4325,9618,4652,4966,8416,4012,4404,4808,2302,2506,1202,577,625,
42090,4811,2388,2423,8418,4093,4325,9621,4653,4968,8417,4012,4405,4809,2302,2507,1202,577,625,
42095,4811,2388,2423,8419,4094,4325,9621,4653,4968,8418,4012,4406,4809,2302,2507,1203,578,625,
42100,4812,2389,2423,8419,4094,4325,9622,4653,4969,8419,4013,4406,4811,2304,2507,1203,578,625,
42105,4812,2389,2423,8420,4094,4326,9623,4653,4970,8420,4014,4406,4812,2304,2508,1203,578,625,
42110,4812,2389,2423,8422,4096,4326,9624,4653,4971,8421,4015,4406,4812,2304,2508,1203,578,625,
42115,4813,2390,2423,8423,4097,4326,9626,4654,4972,8422,4015,4407,4812,2304,2508,1203,578,625,
42120,4814,2390,2424,8423,4097,4326,9626,4654,4972,8423,4016,4407,4812,2304,2508,1203,578,625,
42125,4815,2390,2425,8425,4099,4326,9629,4656,4973,8424,4017,4407,4813,2305,2508,1203,578,625,
42130,4815,2390,2425,8426,4099,4327,9629,4656,4973,8425,4017,4408,4813,2305,2508,1204,579,625,
42135,4816,2391,2425,8426,4099,4327,9630,4657,4973,8426,4017,4409,4815,2306,2509,1204,579,625,
42140,4816,2391,2425,8427,4099,4328,9631,4657,4974,8427,4018,4409,4816,2307,2509,1204,579,625,
42145,4816,2391,2425,8429,4101,4328,9632,4658,4974,8428,4018,4410,4816,2307,2509,1204,579,625,
42150,4817,2391,2426,8430,4101,4329,9634,4658,4976,8429,4019,4410,4816,2307,2509,1204,579,625,
42155,4818,2392,2426,8430,4101,4329,9634,4658,4976,8430,4019,4411,4816,2307,2509,1204,579,625,
42160,4819,2392,2427,8432,4103,4329,9637,4660,4977,8431,4020,4411,4817,2307,2510,1204,579,625,
42165,4819,2392,2427,8433,4104,4329,9637,4660,4977,8432,4021,4411,4817,2307,2510,1205,580,625,
42170,4820,2392,2428,8433,4104,4329,9638,4660,4978,8433,4022,4411,4819,2309,2510,1205,580,625,
42175,4820,2392,2428,8434,4105,4329,9639,4661,4978,8434,4022,4412,4820,2310,2510,1205,580,625,
42180,4820,2392,2428,8436,4107,4329,9640,4661,4979,8435,4022,4413,4820,2310,2510,1205,580,625,
42185,4821,2392,2429,8437,4108,4329,9642,4662,4980,8436,4023,4413,4820,2310,2510,1205,580,625,
42190,4822,2393,2429,8437,4108,4329,9642,4662,4980,8437,4024,4413,4820,2310,2510,1205,580,625,
42195,4823,2394,2429,8439,4109,4330,9645,4663,4982,8438,4025,4413,4821,2310,2511,1205,580,625,
42200,4823,2394,2429,8440,4110,4330,9645,4663,4982,8439,4026,4413,4821,2310,2511,1206,580,626,
42205,4824,2394,2430,8440,4110,4330,9646,4663,4983,8440,4027,4413,4823,2312,2511,1206,580,626,
42210,4824,2394,2430,8441,4111,4330,9647,4664,4983,8441,4028,4413,4824,2312,2512,1206,580,626,
42215,4824,2394,2430,8443,4112,4331,9648,4665,4983,8442,4028,4414,4824,2312,2512,1206,580,626,
42220,4825,2394,2431,8444,4113,4331,9650,4665,4985,8443,4028,4415,4824,2312,2512,1206,580,626,
42225,4826,2395,2431,8444,4113,4331,9650,4665,4985,8444,4028,4416,4824,2312,2512,1206,580,626,
42230,4827,2395,2432,8446,4115,4331,9653,4667,4986,8445,4029,4416,4825,2313,2512,1206,580,626,
42235,4827,2395,2432,8447,4116,4331,9653,4667,4986,8446,4029,4417,4825,2313,2512,1207,580,627,
42240,4828,2395,2433,8447,4116,4331,9654,4667,4987,8447,4030,4417,4827,2314,2513,1207,580,627,
42245,4828,2395,2433,8448,4117,4331,9655,4668,4987,8448,4031,4417,4828,2314,2514,1207,580,627,
42250,4828,2395,2433,8450,4117,4333,9656,4669,4987,8449,4031,4418,4828,2314,2514,1207,580,627,
42255,4829,2395,2434,8451,4118,4333,9658,4670,4988,8450,4031,4419,4828,2314,2514,1207,580,627,
42260,4830,2395,2435,8451,4118,4333,9658,4670,4988,8451,4032,4419,4828,2314,2514,1207,580,627,
42265,4831,2395,2436,8453,4120,4333,9661,4672,4989,8452,4033,4419,4829,2314,2515,1207,580,627,
42270,4831,2395,2436,8454,4120,4334,9661,4672,4989,8453,4034,4419,4829,2314,2515,1208,581,627,
42275,4832,2396,2436,8454,4120,4334,9662,4672,4990,8454,4035,4419,4831,2314,2517,1208,581,627,
42280,4832,2396,2436,8455,4120,4335,9663,4672,4991,8455,4036,4419,4832,2315,2517,1208,581,627,
42285,4832,2396,2436,8457,4121,4336,9664,4672,4992,8456,4036,4420,4832,2315,2517,1208,581,627,
42290,4833,2397,2436,8458,4122,4336,9666,4674,4992,8457,4036,4421,4832,2315,2517,1208,581,627,
42295,4834,2397,2437,8458,4122,4336,9666,4674,4992,8458,4037,4421,4832,2315,2517,1208,581,627,
42300,4835,2397,2438,8460,4123,4337,9669,4675,4994,8459,4038,4421,4833,2315,2518,1208,581,627,
42305,4835,2397,2438,8461,4123,4338,9669,4675,4994,8460,4038,4422,4833,2315,2518,1209,581,628,
42310,4836,2398,2438,8461,4123,4338,9670,4675,4995,8461,4038,4423,4835,2316,2519,1209,581,628,
42315,4836,2398,2438,8462,4123,4339,9671,4675,4996,8462,4039,4423,4836,2316,2520,1209,581,628,
42320,4836,2398,2438,8464,4123,4341,9672,4676,4996,8463,4039,4424,4836,2316,2520,1209,581,628,
42325,4837,2398,2439,8465,4123,4342,9674,4678,4996,8464,4039,4425,4836,2316,2520,1209,581,628,
42330,4838,2398,2440,8465,4123,4342,9674,4678,4996,8465,4039,4426,4836,2316,2520,1209,581,628,
42335,4839,2399,2440,8467,4123,4344,9677,4679,4998,8466,4039,4427,4837,2316,2521,1209,581,628,
42340,4839,2399,2440,8468,4123,4345,9677,4679,4998,8467,4040,4427,4837,2316,2521,1210,581,629,
42345,4840,2399,2441,8468,4123,4345,9678,4679,4999,8468,4041,4427,4839,2316,2523,1210,581,629,
42350,4840,2399,2441,8469,4123,4346,9679,4679,5000,8469,4041,4428,4840,2316,2524,1210,581,629,
42355,4840,2399,2441,8471,4124,4347,9680,4679,5001,8470,4041,4429,4840,2316,2524,1210,581,629,
42360,4841,2400,2441,8472,4124,4348,9682,4679,5003,8471,4042,4429,4840,2316,2524,1210,581,629,
42365,4842,2400,2442,8472,4124,4348,9682,4679,5003,8472,4043,4429,4840,2316,2524,1210,581,629,
42370,4843,2400,2443,8474,4126,4348,9685,4680,5005,8473,4043,4430,4841,2317,2524,1210,581,629,
42375,4843,2400,2443,8475,4126,4349,9685,4680,5005,8474,4043,4431,4841,2317,2524,1211,581,630,
42380,4844,2401,2443,8475,4126,4349,9686,4681,5005,8475,4043,4432,4843,2319,2524,1211,581,630,
42385,4844,2401,2443,8476,4126,4350,9687,4682,5005,8476,4043,4433,4844,2320,2524,1211,581,630,
42390,4844,2401,2443,8478,4127,4351,9688,4683,5005,8477,4043,4434,4844,2320,2524,1211,581,630,
42395,4845,2402,2443,8479,4128,4351,9690,4685,5005,8478,4043,4435,4844,2320,2524,1211,581,630,
42400,4846,2403,2443,8479,4128,4351,9690,4685,5005,8479,4043,4436,4844,2320,2524,1211,581,630,
42405,4847,2404,2443,8481,4129,4352,9693,4687,5006,8480,4044,4436,4845,2320,2525,1211,581,630,
42410,4847,2404,2443,8482,4130,4352,9693,4687,5006,8481,4045,4436,4845,2320,2525,1212,582,630,
42415,4848,2404,2444,8482,4130,4352,9694,4687,5007,8482,4045,4437,4847,2322,2525,1212,582,630,
42420,4848,2404,2444,8483,4130,4353,9695,4687,5008,8483,4045,4438,4848,2322,2526,1212,582,630,
42425,4848,2404,2444,8485,4131,4354,9696,4688,5008,8484,4046,4438,4848,2322,2526,1212,582,630,
42430,4849,2404,2445,8486,4132,4354,9698,4689,5009,8485,4047,4438,4848,2322,2526,1212,582,630,
42435,4850,2405,2445,8486,4132,4354,9698,4689,5009,8486,4048,4438,4848,2322,2526,1212,582,630,
42440,4851,2406,2445,8488,4133,4355,9701,4690,5011,8487,4049,4438,4849,2322,2527,1212,582,630,
42445,4851,2406,2445,8489,4134,4355,9701,4690,5011,8488,4050,4438,4849,2322,2527,1213,583,630,
42450,4852,2407,2445,8489,4134,4355,9702,4691,5011,8489,4050,4439,4851,2323,2528,1213,583,630,
42455,4852,2407,2445,8490,4134,4356,9703,4691,5012,8490,4050,4440,4852,2324,2528,1213,583,630,
42460,4852,2407,2445,8492,4134,4358,9704,4692,5012,8491,4051,4440,4852,2324,2528,1213,583,630,
42465,4853,2407,2446,8493,4135,4358,9706,4694,5012,8492,4051,4441,4852,2324,2528,1213,583,630,
42470,4854,2407,2447,8493,4135,4358,9706,4694,5012,8493,4051,4442,4852,2324,2528,1213,583,630,
42475,4855,2407,2448,8495,4136,4359,9709,4695,5014,8494,4052,4442,4853,2324,2529,1213,583,630,
42480,4855,2407,2448,8496,4137,4359,9709,4695,5014,8495,4053,4442,4853,2324,2529,1214,583,631,
42485,4856,2407,2449,8496,4137,4359,9710,4696,5014,8496,4053,4443,4855,2324,2531,1214,583,631,
42490,4856,2407,2449,8497,4137,4360,9711,4697,5014,8497,4054,4443,4856,2325,2531,1214,583,631,
42495,4856,2407,2449,8499,4138,4361,9712,4697,5015,8498,4055,4443,4856,2325,2531,1214,583,631,
42500,4857,2407,2450,8500,4139,4361,9714,4698,5016,8499,4055,4444,4856,2325,2531,1214,583,631,
42505,4858,2407,2451,8500,4139,4361,9714,4698,5016,8500,4055,4445,4856,2325,2531,1214,583,631,
42510,4859,2407,2452,8502,4139,4363,9717,4699,5018,8501,4055,4446,4857,2326,2531,1214,583,631,
42515,4859,2407,2452,8503,4139,4364,9717,4699,5018,8502,4056,4446,4857,2326,2531,1215,584,631,
42520,4860,2407,2453,8503,4139,4364,9718,4700,5018,8503,4057,4446,4859,2327,2532,1215,584,631,
42525,4860,2407,2453,8504,4140,4364,9719,4700,5019,8504,4058,4446,4860,2328,2532,1215,584,631,
42530,4860,2407,2453,8506,4142,4364,9720,4701,5019,8505,4058,4447,4860,2328,2532,1215,584,631,
42535,4861,2407,2454,8507,4143,4364,9722,4701,5021,8506,4058,4448,4860,2328,2532,1215,584,631,
42540,4862,2407,2455,8507,4143,4364,9722,4701,5021,8507,4059,4448,4860,2328,2532,1215,584,631,
42545,4863,2408,2455,8509,4145,4364,9725,4703,5022,8508,4059,4449,4861,2328,2533,1215,584,631,
42550,4863,2408,2455,8510,4145,4365,9725,4703,5022,8509,4059,4450,4861,2328,2533,1216,584,632,
42555,4864,2409,2455,8510,4145,4365,9726,4704,5022,8510,4060,4450,4863,2329,2534,1216,584,632,
42560,4864,2409,2455,8511,4145,4366,9727,4705,5022,8511,4061,4450,4864,2329,2535,1216,584,632,
42565,4864,2409,2455,8513,4145,4368,9728,4705,5023,8512,4062,4450,4864,2329,2535,1216,584,632,
42570,4865,2409,2456,8514,4145,4369,9730,4707,5023,8513,4062,4451,4864,2329,2535,1216,584,632,
42575,4866,2409,2457,8514,4145,4369,9730,4707,5023,8514,4062,4452,4864,2329,2535,1216,584,632,
42580,4867,2409,2458,8516,4146,4370,9733,4708,5025,8515,4062,4453,4865,2330,2535,1216,584,632,
42585,4867,2409,2458,8517,4147,4370,9733,4708,5025,8516,4062,4454,4865,2330,2535,1217,584,633,
42590,4868,2410,2458,8517,4147,4370,9734,4708,5026,8517,4062,4455,4867,2331,2536,1217,584,633,
42595,4868,2410,2458,8518,4148,4370,9735,4709,5026,8518,4063,4455,4868,2331,2537,1217,584,633,
42600,4868,2410,2458,8520,4149,4371,9736,4710,5026,8519,4064,4455,4868,2331,2537,1217,584,633,
42605,4869,2410,2459,8521,4149,4372,9738,4711,5027,8520,4065,4455,4868,2331,2537,1217,584,633,
42610,4870,2411,2459,8521,4149,4372,9738,4711,5027,8521,4066,4455,4868,2331,2537,1217,584,633,
42615,4871,2412,2459,8523,4151,4372,9741,4713,5028,8522,4066,4456,4869,2331,2538,1217,584,633,
42620,4871,2412,2459,8524,4152,4372,9741,4713,5028,8523,4066,4457,4869,2331,2538,1218,584,634,
42625,4872,2413,2459,8524,4152,4372,9742,4713,5029,8524,4067,4457,4871,2332,2539,1218,584,634,
42630,4872,2413,2459,8525,4153,4372,9743,4713,5030,8525,4068,4457,4872,2332,2540,1218,584,634,
42635,4872,2413,2459,8527,4153,4374,9744,4714,5030,8526,4069,4457,4872,2332,2540,1218,584,634,
42640,4873,2413,2460,8528,4154,4374,9746,4714,5032,8527,4069,4458,4872,2332,2540,1218,584,634,
42645,4874,2413,2461,8528,4154,4374,9746,4714,5032,8528,4070,4458,4872,2332,2540,1218,584,634,
42650,4875,2414,2461,8530,4155,4375,9749,4716,5033,8529,4071,4458,4873,2332,2541,1218,584,634,
42655,4875,2414,2461,8531,4156,4375,9749,4716,5033,8530,4072,4458,4873,2332,2541,1219,585,634,
42660,4876,2414,2462,8531,4156,4375,9750,4717,5033,8531,4072,4459,4875,2334,2541,1219,585,634,
42665,4876,2414,2462,8532,4156,4376,9751,4718,5033,8532,4073,4459,4876,2334,2542,1219,585,634,
42670,4876,2414,2462,8534,4156,4378,9752,4718,5034,8533,4074,4459,4876,2334,2542,1219,585,634,
42675,4877,2415,2462,8535,4156,4379,9754,4719,5035,8534,4075,4459,4876,2334,2542,1219,585,634,
42680,4878,2415,2463,8535,4156,4379,9754,4719,5035,8535,4075,4460,4876,2334,2542,1219,585,634,
42685,4879,2415,2464,8537,4157,4380,9757,4721,5036,8536,4075,4461,4877,2335,2542,1219,585,634,
42690,4879,2415,2464,8538,4158,4380,9757,4721,5036,8537,4075,4462,4877,2335,2542,1220,585,635,
42695,4880,2416,2464,8538,4158,4380,9758,4722,5036,8538,4075,4463,4879,2336,2543,1220,585,635,
42700,4880,2416,2464,8539,4158,4381,9759,4722,5037,8539,4075,4464,4880,2336,2544,1220,585,635,
42705,4880,2416,2464,8541,4158,4383,9760,4723,5037,8540,4076,4464,4880,2336,2544,1220,585,635,
42710,4881,2416,2465,8542,4159,4383,9762,4724,5038,8541,4077,4464,4880,2336,2544,1220,585,635,
42715,4882,2417,2465,8542,4159,4383,9762,4724,5038,8542,4077,4465,4880,2336,2544,1220,585,635,
42720,4883,2418,2465,8544,4160,4384,9765,4726,5039,8543,4078,4465,4881,2337,2544,1220,585,635,
42725,4883,2418,2465,8545,4161,4384,9765,4726,5039,8544,4078,4466,4881,2337,2544,1221,585,636,
42730,4884,2419,2465,8545,4161,4384,9766,4726,5040,8545,4079,4466,4883,2337,2546,1221,585,636,
42735,4884,2419,2465,8546,4161,4385,9767,4727,5040,8546,4079,4467,4884,2337,2547,1221,585,636,
42740,4884,2419,2465,8548,4162,4386,9768,4728,5040,8547,4079,4468,4884,2337,2547,1221,585,636,
42745,4885,2419,2466,8549,4162,4387,9770,4730,5040,8548,4080,4468,4884,2337,2547,1221,585,636,
42750,4886,2419,2467,8549,4162,4387,9770,4730,5040,8549,4081,4468,4884,2337,2547,1221,585,636,
42755,4887,2419,2468,8551,4162,4389,9773,4731,5042,8550,4081,4469,4885,2338,2547,1221,585,636,
42760,4887,2419,2468,8552,4163,4389,9773,4731,5042,8551,4081,4470,4885,2338,2547,1222,586,636,
42765,4888,2420,2468,8552,4163,4389,9774,4731,5043,8552,4082,4470,4887,2339,2548,1222,586,636,
42770,4888,2420,2468,8553,4163,4390,9775,4731,5044,8553,4083,4470,4888,2339,2549,1222,586,636,
42775,4888,2420,2468,8555,4165,4390,9776,4732,5044,8554,4083,4471,4888,2339,2549,1222,586,636,
42780,4889,2420,2469,8556,4165,4391,9778,4733,5045,8555,4084,4471,4888,2339,2549,1222,586,636,
42785,4890,2420,2470,8556,4165,4391,9778,4733,5045,8556,4084,4472,4888,2339,2549,1222,586,636,
42790,4891,2421,2470,8558,4165,4393,9781,4735,5046,8557,4084,4473,4889,2340,2549,1222,586,636,
42795,4891,2421,2470,8559,4165,4394,9781,4735,5046,8558,4085,4473,4889,2340,2549,1223,587,636,
42800,4892,2421,2471,8559,4165,4394,9782,4736,5046,8559,4085,4474,4891,2340,2551,1223,587,636,
42805,4892,2421,2471,8560,4166,4394,9783,4737,5046,8560,4086,4474,4892,2340,2552,1223,587,636,
42810,4892,2421,2471,8562,4167,4395,9784,4738,5046,8561,4087,4474,4892,2340,2552,1223,587,636,
42815,4893,2422,2471,8563,4167,4396,9786,4739,5047,8562,4087,4475,4892,2340,2552,1223,587,636,
42820,4894,2422,2472,8563,4167,4396,9786,4739,5047,8563,4087,4476,4892,2340,2552,1223,587,636,
42825,4895,2423,2472,8565,4169,4396,9789,4741,5048,8564,4087,4477,4893,2341,2552,1223,587,636,
42830,4895,2423,2472,8566,4169,4397,9789,4741,5048,8565,4087,4478,4893,2341,2552,1224,587,637,
42835,4896,2424,2472,8566,4169,4397,9790,4741,5049,8566,4087,4479,4895,2342,2553,1224,587,637,
42840,4896,2424,2472,8567,4170,4397,9791,4741,5050,8567,4088,4479,4896,2343,2553,1224,587,637,
42845,4896,2424,2472,8569,4171,4398,9792,4741,5051,8568,4089,4479,4896,2343,2553,1224,587,637,
42850,4897,2424,2473,8570,4171,4399,9794,4741,5053,8569,4090,4479,4896,2343,2553,1224,587,637,
42855,4898,2425,2473,8570,4171,4399,9794,4741,5053,8570,4090,4480,4896,2343,2553,1224,587,637,
42860,4899,2425,2474,8572,4172,4400,9797,4743,5054,8571,4090,4481,4897,2344,2553,1224,587,637,
42865,4899,2425,2474,8573,4173,4400,9797,4743,5054,8572,4090,4482,4897,2344,2553,1225,588,637,
42870,4900,2426,2474,8573,4173,4400,9798,4744,5054,8573,4090,4483,4899,2344,2555,1225,588,637,
42875,4900,2426,2474,8574,4173,4401,9799,4744,5055,8574,4091,4483,4900,2345,2555,1225,588,637,
42880,4900,2426,2474,8576,4174,4402,9800,4744,5056,8575,4092,4483,4900,2345,2555,1225,588,637,
42885,4901,2426,2475,8577,4174,4403,9802,4745,5057,8576,4093,4483,4900,2345,2555,1225,588,637,
42890,4902,2426,2476,8577,4174,4403,9802,4745,5057,8577,4093,4484,4900,2345,2555,1225,588,637,
42895,4903,2427,2476,8579,4175,4404,9805,4748,5057,8578,4094,4484,4901,2346,2555,1225,588,637,
42900,4903,2427,2476,8580,4175,4405,9805,4748,5057,8579,4094,4485,4901,2346,2555,1226,588,638,
42905,4904,2428,2476,8580,4175,4405,9806,4749,5057,8580,4094,4486,4903,2347,2556,1226,588,638,
42910,4904,2428,2476,8581,4175,4406,9807,4750,5057,8581,4094,4487,4904,2348,2556,1226,588,638,
42915,4904,2428,2476,8583,4176,4407,9808,4750,5058,8582,4095,4487,4904,2348,2556,1226,588,638,
42920,4905,2428,2477,8584,4177,4407,9810,4750,5060,8583,4096,4487,4904,2348,2556,1226,588,638,
42925,4906,2429,2477,8584,4177,4407,9810,4750,5060,8584,4096,4488,4904,2348,2556,1226,588,638,
42930,4907,2430,2477,8586,4178,4408,9813,4751,5062,8585,4096,4489,4905,2349,2556,1226,588,638,
42935,4907,2430,2477,8587,4179,4408,9813,4751,5062,8586,4097,4489,4905,2349,2556,1227,589,638,
42940,4908,2431,2477,8587,4179,4408,9814,4752,5062,8587,4098,4489,4907,2351,2556,1227,589,638,
42945,4908,2431,2477,8588,4179,4409,9815,4753,5062,8588,4098,4490,4908,2351,2557,1227,589,638,
42950,4908,2431,2477,8590,4181,4409,9816,4754,5062,8589,4098,4491,4908,2351,2557,1227,589,638,
42955,4909,2432,2477,8591,4182,4409,9818,4756,5062,8590,4098,4492,4908,2351,2557,1227,589,638,
42960,4910,2433,2477,8591,4182,4409,9818,4756,5062,8591,4098,4493,4908,2351,2557,1227,589,638,
42965,4911,2433,2478,8593,4183,4410,9821,4756,5065,8592,4098,4494,4909,2352,2557,1227,589,638,
42970,4911,2433,2478,8594,4184,4410,9821,4756,5065,8593,4099,4494,4909,2352,2557,1228,590,638,
42975,4912,2434,2478,8594,4184,4410,9822,4756,5066,8594,4099,4495,4911,2354,2557,1228,590,638,
42980,4912,2434,2478,8595,4185,4410,9823,4757,5066,8595,4099,4496,4912,2354,2558,1228,590,638,
42985,4912,2434,2478,8597,4185,4412,9824,4757,5067,8596,4099,4497,4912,2354,2558,1228,590,638,
42990,4913,2434,2479,8598,4186,4412,9826,4758,5068,8597,4099,4498,4912,2354,2558,1228,590,638,
42995,4914,2435,2479,8598,4186,4412,9826,4758,5068,8598,4100,4498,4912,2354,2558,1228,590,638,
43000,4915,2436,2479,8600,4188,4412,9829,4760,5069,8599,4101,4498,4913,2354,2559,1228,590,638,
43005,4915,2436,2479,8601,4189,4412,9829,4760,5069,8600,4102,4498,4913,2354,2559,1229,591,638,
43010,4916,2437,2479,8601,4189,4412,9830,4760,5070,8601,4102,4499,4915,2354,2561,1229,591,638,
43015,4916,2437,2479,8602,4189,4413,9831,4761,5070,8602,4103,4499,4916,2354,2562,1229,591,638,
43020,4916,2437,2479,8604,4189,4415,9832,4762,5070,8603,4103,4500,4916,2354,2562,1229,591,638,
43025,4917,2437,2480,8605,4190,4415,9834,4763,5071,8604,4104,4500,4916,2354,2562,1229,591,638,
43030,4918,2437,2481,8605,4190,4415,9834,4763,5071,8605,4105,4500,4916,2354,2562,1229,591,638,
43035,4919,2438,2481,8607,4191,4416,9837,4765,5072,8606,4106,4500,4917,2355,2562,1229,591,638,
43040,4919,2438,2481,8608,4192,4416,9837,4765,5072,8607,4106,4501,4917,2355,2562,1230,591,639,
43045,4920,2439,2481,8608,4192,4416,9838,4766,5072,8608,4106,4502,4919,2356,2563,1230,591,639,
43050,4920,2439,2481,8609,4192,4417,9839,4767,5072,8609,4107,4502,4920,2356,2564,1230,591,639,
43055,4920,2439,2481,8611,4193,4418,9840,4767,5073,8610,4107,4503,4920,2356,2564,1230,591,639,
43060,4921,2439,2482,8612,4193,4419,9842,4768,5074,8611,4108,4503,4920,2356,2564,1230,591,639,
43065,4922,2440,2482,8612,4193,4419,9842,4768,5074,8612,4108,4504,4920,2356,2564,1230,591,639,
43070,4923,2441,2482,8614,4194,4420,9845,4768,5077,8613,4109,4504,4921,2357,2564,1230,591,639,
43075,4923,2441,2482,8615,4194,4421,9845,4768,5077,8614,4110,4504,4921,2357,2564,1231,592,639,
43080,4924,2441,2483,8615,4194,4421,9846,4768,5078,8615,4110,4505,4923,2358,2565,1231,592,639,
43085,4924,2441,2483,8616,4194,4422,9847,4769,5078,8616,4110,4506,4924,2359,2565,1231,592,639,
43090,4924,2441,2483,8618,4196,4422,9848,4769,5079,8617,4111,4506,4924,2359,2565,1231,592,639,
43095,4925,2442,2483,8619,4196,4423,9850,4771,5079,8618,4112,4506,4924,2359,2565,1231,592,639,
43100,4926,2443,2483,8619,4196,4423,9850,4771,5079,8619,4112,4507,4924,2359,2565,1231,592,639,
43105,4927,2444,2483,8621,4197,4424,9853,4772,5081,8620,4113,4507,4925,2359,2566,1231,592,639,
43110,4927,2444,2483,8622,4197,4425,9853,4772,5081,8621,4113,4508,4925,2359,2566,1232,592,640,
43115,4928,2445,2483,8622,4197,4425,9854,4773,5081,8622,4114,4508,4927,2360,2567,1232,592,640,
43120,4928,2445,2483,8623,4197,4426,9855,4773,5082,8623,4114,4509,4928,2360,2568,1232,592,640,
43125,4928,2445,2483,8625,4198,4427,9856,4773,5083,8624,4115,4509,4928,2360,2568,1232,592,640,
43130,4929,2445,2484,8626,4198,4428,9858,4774,5084,8625,4115,4510,4928,2360,2568,1232,592,640,
43135,4930,2445,2485,8626,4198,4428,9858,4774,5084,8626,4116,4510,4928,2360,2568,1232,592,640,
43140,4931,2446,2485,8628,4199,4429,9861,4776,5085,8627,4116,4511,4929,2360,2569,1232,592,640,
43145,4931,2446,2485,8629,4199,4430,9861,4776,5085,8628,4116,4512,4929,2360,2569,1233,593,640,
43150,4932,2446,2486,8629,4199,4430,9862,4777,5085,8629,4117,4512,4931,2360,2571,1233,593,640,
43155,4932,2446,2486,8630,4200,4430,9863,4777,5086,8630,4117,4513,4932,2360,2572,1233,593,640,
43160,4932,2446,2486,8632,4202,4430,9864,4777,5087,8631,4117,4514,4932,2360,2572,1233,593,640,
43165,4933,2447,2486,8633,4203,4430,9866,4777,5089,8632,4118,4514,4932,2360,2572,1233,593,640,
43170,4934,2447,2487,8633,4203,4430,9866,4777,5089,8633,4118,4515,4932,2360,2572,1233,593,640,
43175,4935,2448,2487,8635,4205,4430,9869,4778,5091,8634,4119,4515,4933,2360,2573,1233,593,640,
43180,4935,2448,2487,8636,4206,4430,9869,4778,5091,8635,4119,4516,4933,2360,2573,1234,594,640,
43185,4936,2448,2488,8636,4206,4430,9870,4779,5091,8636,4119,4517,4935,2361,2574,1234,594,640,
43190,4936,2448,2488,8637,4206,4431,9871,4780,5091,8637,4119,4518,4936,2361,2575,1234,594,640,
43195,4936,2448,2488,8639,4208,4431,9872,4781,5091,8638,4120,4518,4936,2361,2575,1234,594,640,
43200,4937,2449,2488,8640,4209,4431,9874,4781,5093,8639,4121,4518,4936,2361,2575,1234,594,640,
43205,4938,2450,2488,8640,4209,4431,9874,4781,5093,8640,4121,4519,4936,2361,2575,1234,594,640,
43210,4939,2450,2489,8642,4210,4432,9877,4782,5095,8641,4121,4520,4937,2361,2576,1234,594,640,
43215,4939,2450,2489,8643,4210,4433,9877,4782,5095,8642,4122,4520,4937,2361,2576,1235,594,641,
43220,4940,2451,2489,8643,4210,4433,9878,4783,5095,8643,4123,4520,4939,2362,2577,1235,594,641,
43225,4940,2451,2489,8644,4211,4433,9879,4784,5095,8644,4124,4520,4940,2362,2578,1235,594,641,
43230,4940,2451,2489,8646,4211,4435,9880,4784,5096,8645,4125,4520,4940,2362,2578,1235,594,641,
43235,4941,2452,2489,8647,4211,4436,9882,4784,5098,8646,4125,4521,4940,2362,2578,1235,594,641,
43240,4942,2452,2490,8647,4211,4436,9882,4784,5098,8647,4125,4522,4940,2362,2578,1235,594,641,
43245,4943,2452,2491,8649,4212,4437,9885,4786,5099,8648,4126,4522,4941,2363,2578,1235,594,641,
43250,4943,2452,2491,8650,4212,4438,9885,4786,5099,8649,4126,4523,4941,2363,2578,1236,594,642,
43255,4944,2453,2491,8650,4212,4438,9886,4787,5099,8650,4126,4524,4943,2363,2580,1236,594,642,
43260,4944,2453,2491,8651,4213,4438,9887,4788,5099,8651,4127,4524,4944,2364,2580,1236,594,642,
43265,4944,2453,2491,8653,4213,4440,9888,4788,5100,8652,4127,4525,4944,2364,2580,1236,594,642,
43270,4945,2453,2492,8654,4214,4440,9890,4790,5100,8653,4128,4525,4944,2364,2580,1236,594,642,
43275,4946,2454,2492,8654,4214,4440,9890,4790,5100,8654,4128,4526,4944,2364,2580,1236,594,642,
43280,4947,2454,2493,8656,4215,4441,9893,4790,5103,8655,4129,4526,4945,2365,2580,1236,594,642,
43285,4947,2454,2493,8657,4216,4441,9893,4790,5103,8656,4129,4527,4945,2365,2580,1237,594,643,
43290,4948,2455,2493,8657,4216,4441,9894,4791,5103,8657,4129,4528,4947,2366,2581,1237,594,643,
43295,4948,2455,2493,8658,4216,4442,9895,4792,5103,8658,4130,4528,4948,2366,2582,1237,594,643,
43300,4948,2455,2493,8660,4218,4442,9896,4792,5104,8659,4130,4529,4948,2366,2582,1237,594,643,
43305,4949,2456,2493,8661,4218,4443,9898,4793,5105,8660,4130,4530,4948,2366,2582,1237,594,643,
43310,4950,2456,2494,8661,4218,4443,9898,4793,5105,8661,4131,4530,4948,2366,2582,1237,594,643,
43315,4951,2456,2495,8663,4220,4443,9901,4794,5107,8662,4131,4531,4949,2366,2583,1237,594,643,
43320,4951,2456,2495,8664,4221,4443,9901,4794,5107,8663,4131,4532,4949,2366,2583,1238,595,643,
43325,4952,2456,2496,8664,4221,4443,9902,4795,5107,8664,4131,4533,4951,2367,2584,1238,595,643,
43330,4952,2456,2496,8665,4221,4444,9903,4795,5108,8665,4132,4533,4952,2368,2584,1238,595,643,
43335,4952,2456,2496,8667,4223,4444,9904,4795,5109,8666,4133,4533,4952,2368,2584,1238,595,643,
43340,4953,2457,2496,8668,4223,4445,9906,4796,5110,8667,4133,4534,4952,2368,2584,1238,595,643,
43345,4954,2457,2497,8668,4223,4445,9906,4796,5110,8668,4134,4534,4952,2368,2584,1238,595,643,
43350,4955,2457,2498,8670,4224,4446,9909,4798,5111,8669,4134,4535,4953,2369,2584,1238,595,643,
43355,4955,2457,2498,8671,4224,4447,9909,4798,5111,8670,4134,4536,4953,2369,2584,1239,596,643,
43360,4956,2458,2498,8671,4224,4447,9910,4798,5112,8671,4135,4536,4955,2370,2585,1239,596,643,
43365,4956,2458,2498,8672,4224,4448,9911,4798,5113,8672,4135,4537,4956,2370,2586,1239,596,643,
43370,4956,2458,2498,8674,4226,4448,9912,4799,5113,8673,4135,4538,4956,2370,2586,1239,596,643,
43375,4957,2459,2498,8675,4227,4448,9914,4799,5115,8674,4135,4539,4956,2370,2586,1239,596,643,
43380,4958,2459,2499,8675,4227,4448,9914,4799,5115,8675,4136,4539,4956,2370,2586,1239,596,643,
43385,4959,2459,2500,8677,4228,4449,9917,4801,5116,8676,4136,4540,4957,2371,2586,1239,596,643,
43390,4959,2459,2500,8678,4229,4449,9917,4801,5116,8677,4136,4541,4957,2371,2586,1240,596,644,
43395,4960,2460,2500,8678,4229,4449,9918,4801,5117,8678,4136,4542,4959,2372,2587,1240,596,644,
43400,4960,2460,2500,8679,4229,4450,9919,4801,5118,8679,4137,4542,4960,2372,2588,1240,596,644,
43405,4960,2460,2500,8681,4230,4451,9920,4802,5118,8680,4138,4542,4960,2372,2588,1240,596,644,
43410,4961,2461,2500,8682,4231,4451,9922,4803,5119,8681,4139,4542,4960,2372,2588,1240,596,644,
43415,4962,2462,2500,8682,4231,4451,9922,4803,5119,8682,4140,4542,4960,2372,2588,1240,596,644,
43420,4963,2463,2500,8684,4233,4451,9925,4804,5121,8683,4140,4543,4961,2372,2589,1240,596,644,
43425,4963,2463,2500,8685,4233,4452,9925,4804,5121,8684,4140,4544,4961,2372,2589,1241,596,645,
43430,4964,2464,2500,8685,4233,4452,9926,4804,5122,8685,4140,4545,4963,2372,2591,1241,596,645,
43435,4964,2464,2500,8686,4233,4453,9927,4805,5122,8686,4140,4546,4964,2372,2592,1241,596,645,
43440,4964,2464,2500,8688,4234,4454,9928,4806,5122,8687,4140,4547,4964,2372,2592,1241,596,645,
43445,4965,2464,2501,8689,4234,4455,9930,4806,5124,8688,4140,4548,4964,2372,2592,1241,596,645,
43450,4966,2465,2501,8689,4234,4455,9930,4806,5124,8689,4140,4549,4964,2372,2592,1241,596,645,
43455,4967,2465,2502,8691,4234,4457,9933,4807,5126,8690,4140,4550,4965,2372,2593,1241,596,645,
43460,4967,2465,2502,8692,4234,4458,9933,4807,5126,8691,4140,4551,4965,2372,2593,1242,596,646,
43465,4968,2466,2502,8692,4234,4458,9934,4807,5127,8692,4140,4552,4967,2373,2594,1242,596,646,
43470,4968,2466,2502,8693,4235,4458,9935,4808,5127,8693,4141,4552,4968,2374,2594,1242,596,646,
43475,4968,2466,2502,8695,4236,4459,9936,4808,5128,8694,4141,4553,4968,2374,2594,1242,596,646,
43480,4969,2467,2502,8696,4236,4460,9938,4808,5130,8695,4142,4553,4968,2374,2594,1242,596,646,
43485,4970,2468,2502,8696,4236,4460,9938,4808,5130,8696,4143,4553,4968,2374,2594,1242,596,646,
43490,4971,2468,2503,8698,4237,4461,9941,4810,5131,8697,4144,4553,4969,2374,2595,1242,596,646,
43495,4971,2468,2503,8699,4238,4461,9941,4810,5131,8698,4145,4553,4969,2374,2595,1243,596,647,
43500,4972,2468,2504,8699,4238,4461,9942,4811,5131,8699,4146,4553,4971,2375,2596,1243,596,647,
43505,4972,2468,2504,8700,4238,4462,9943,4811,5132,8700,4147,4553,4972,2375,2597,1243,596,647,
43510,4972,2468,2504,8702,4239,4463,9944,4812,5132,8701,4147,4554,4972,2375,2597,1243,596,647,
43515,4973,2468,2505,8703,4240,4463,9946,4813,5133,8702,4147,4555,4972,2375,2597,1243,596,647,
43520,4974,2468,2506,8703,4240,4463,9946,4813,5133,8703,4147,4556,4972,2375,2597,1243,596,647,
43525,4975,2468,2507,8705,4242,4463,9949,4814,5135,8704,4147,4557,4973,2375,2598,1243,596,647,
43530,4975,2468,2507,8706,4242,4464,9949,4814,5135,8705,4148,4557,4973,2375,2598,1244,597,647,
43535,4976,2469,2507,8706,4242,4464,9950,4814,5136,8706,4148,4558,4975,2376,2599,1244,597,647,
43540,4976,2469,2507,8707,4242,4465,9951,4814,5137,8707,4149,4558,4976,2377,2599,1244,597,647,
43545,4976,2469,2507,8709,4243,4466,9952,4815,5137,8708,4150,4558,4976,2377,2599,1244,597,647,
43550,4977,2470,2507,8710,4244,4466,9954,4816,5138,8709,4150,4559,4976,2377,2599,1244,597,647,
43555,4978,2470,2508,8710,4244,4466,9954,4816,5138,8710,4151,4559,4976,2377,2599,1244,597,647,
43560,4979,2470,2509,8712,4245,4467,9957,4818,5139,8711,4151,4560,4977,2377,2600,1244,597,647,
43565,4979,2470,2509,8713,4245,4468,9957,4818,5139,8712,4152,4560,4977,2377,2600,1245,597,648,
43570,4980,2471,2509,8713,4245,4468,9958,4819,5139,8713,4153,4560,4979,2377,2602,1245,597,648,
43575,4980,2471,2509,8714,4246,4468,9959,4819,5140,8714,4153,4561,4980,2377,2603,1245,597,648,
43580,4980,2471,2509,8716,4248,4468,9960,4819,5141,8715,4154,4561,4980,2377,2603,1245,597,648,
43585,4981,2471,2510,8717,4249,4468,9962,4821,5141,8716,4154,4562,4980,2377,2603,1245,597,648,
43590,4982,2472,2510,8717,4249,4468,9962,4821,5141,8717,4154,4563,4980,2377,2603,1245,597,648,
43595,4983,2472,2511,8719,4249,4470,9965,4821,5144,8718,4154,4564,4981,2378,2603,1245,597,648,
43600,4983,2472,2511,8720,4250,4470,9965,4821,5144,8719,4154,4565,4981,2378,2603,1246,598,648,
43605,4984,2473,2511,8720,4250,4470,9966,4821,5145,8720,4154,4566,4983,2379,2604,1246,598,648,
43610,4984,2473,2511,8721,4251,4470,9967,4822,5145,8721,4155,4566,4984,2380,2604,1246,598,648,
43615,4984,2473,2511,8723,4252,4471,9968,4822,5146,8722,4155,4567,4984,2380,2604,1246,598,648,
43620,4985,2474,2511,8724,4252,4472,9970,4823,5147,8723,4155,4568,4984,2380,2604,1246,598,648,
43625,4986,2474,2512,8724,4252,4472,9970,4823,5147,8724,4156,4568,4984,2380,2604,1246,598,648,
43630,4987,2474,2513,8726,4253,4473,9973,4825,5148,8725,4156,4569,4985,2381,2604,1246,598,648,
43635,4987,2474,2513,8727,4253,4474,9973,4825,5148,8726,4156,4570,4985,2381,2604,1247,598,649,
43640,4988,2475,2513,8727,4253,4474,9974,4826,5148,8727,4156,4571,4987,2381,2606,1247,598,649,
43645,4988,2475,2513,8728,4254,4474,9975,4827,5148,8728,4156,4572,4988,2382,2606,1247,598,649,
43650,4988,2475,2513,8730,4255,4475,9976,4828,5148,8729,4157,4572,4988,2382,2606,1247,598,649,
43655,4989,2476,2513,8731,4255,4476,9978,4828,5150,8730,4158,4572,4988,2382,2606,1247,598,649,
43660,4990,2476,2514,8731,4255,4476,9978,4828,5150,8731,4158,4573,4988,2382,2606,1247,598,649,
43665,4991,2476,2515,8733,4256,4477,9981,4829,5152,8732,4158,4574,4989,2383,2606,1247,598,649,
43670,4991,2476,2515,8734,4257,4477,9981,4829,5152,8733,4159,4574,4989,2383,2606,1248,598,650,
43675,4992,2476,2516,8734,4257,4477,9982,4829,5153,8734,4160,4574,4991,2384,2607,1248,598,650,
43680,4992,2476,2516,8735,4257,4478,9983,4829,5154,8735,4160,4575,4992,2385,2607,1248,598,650,
43685,4992,2476,2516,8737,4257,4480,9984,4829,5155,8736,4160,4576,4992,2385,2607,1248,598,650,
43690,4993,2476,2517,8738,4258,4480,9986,4831,5155,8737,4160,4577,4992,2385,2607,1248,598,650,
43695,4994,2477,2517,8738,4258,4480,9986,4831,5155,8738,4160,4578,4992,2385,2607,1248,598,650,
43700,4995,2478,2517,8740,4258,4482,9989,4832,5157,8739,4160,4579,4993,2385,2608,1248,598,650,
43705,4995,2478,2517,8741,4258,4483,9989,4832,5157,8740,4161,4579,4993,2385,2608,1249,598,651,
43710,4996,2479,2517,8741,4258,4483,9990,4832,5158,8741,4161,4580,4995,2386,2609,1249,598,651,
43715,4996,2479,2517,8742,4259,4483,9991,4832,5159,8742,4162,4580,4996,2386,2610,1249,598,651,
43720,4996,2479,2517,8744,4261,4483,9992,4832,5160,8743,4163,4580,4996,2386,2610,1249,598,651,
43725,4997,2480,2517,8745,4262,4483,9994,4833,5161,8744,4164,4580,4996,2386,2610,1249,598,651,
43730,4998,2481,2517,8745,4262,4483,9994,4833,5161,8745,4164,4581,4996,2386,2610,1249,598,651,
43735,4999,2482,2517,8747,4264,4483,9997,4835,5162,8746,4164,4582,4997,2387,2610,1249,598,651,
43740,4999,2482,2517,8748,4264,4484,9997,4835,5162,8747,4164,4583,4997,2387,2610,1250,599,651,
43745,5000,2483,2517,8748,4264,4484,9998,4836,5162,8748,4165,4583,4999,2389,2610,1250,599,651,
43750,5000,2483,2517,8749,4265,4484,9999,4837,5162,8749,4165,4584,5000,2389,2611,1250,599,651,
43755,5000,2483,2517,8751,4265,4486,10000,4837,5163,8750,4165,4585,5000,2389,2611,1250,599,651,
43760,5001,2484,2517,8752,4266,4486,10002,4838,5164,8751,4166,4585,5000,2389,2611,1250,599,651,
43765,5002,2485,2517,8752,4266,4486,10002,4838,5164,8752,4167,4585,5000,2389,2611,1250,599,651,
43770,5003,2486,2517,8754,4268,4486,10005,4840,5165,8753,4167,4586,5001,2389,2612,1250,599,651,
43775,5003,2486,2517,8755,4268,4487,10005,4840,5165,8754,4168,4586,5001,2389,2612,1251,600,651,
43780,5004,2486,2518,8755,4268,4487,10006,4841,5165,8755,4168,4587,5003,2390,2613,1251,600,651,
43785,5004,2486,2518,8756,4268,4488,10007,4841,5166,8756,4169,4587,5004,2391,2613,1251,600,651,
43790,5004,2486,2518,8758,4268,4490,10008,4842,5166,8757,4169,4588,5004,2391,2613,1251,600,651,
43795,5005,2486,2519,8759,4269,4490,10010,4844,5166,8758,4169,4589,5004,2391,2613,1251,600,651,
43800,5006,2486,2520,8759,4269,4490,10010,4844,5166,8759,4169,4590,5004,2391,2613,1251,600,651,
43805,5007,2486,2521,8761,4269,4492,10013,4844,5169,8760,4170,4590,5005,2391,2614,1251,600,651,
43810,5007,2486,2521,8762,4269,4493,10013,4844,5169,8761,4171,4590,5005,2391,2614,1252,600,652,
43815,5008,2487,2521,8762,4269,4493,10014,4844,5170,8762,4171,4591,5007,2392,2615,1252,600,652,
43820,5008,2487,2521,8763,4270,4493,10015,4844,5171,8763,4171,4592,5008,2393,2615,1252,600,652,
43825,5008,2487,2521,8765,4272,4493,10016,4844,5172,8764,4171,4593,5008,2393,2615,1252,600,652,
43830,5009,2488,2521,8766,4272,4494,10018,4845,5173,8765,4172,4593,5008,2393,2615,1252,600,652,
43835,5010,2489,2521,8766,4272,4494,10018,4845,5173,8766,4172,4594,5008,2393,2615,1252,600,652,
43840,5011,2489,2522,8768,4272,4496,10021,4847,5174,8767,4173,4594,5009,2393,2616,1252,600,652,
43845,5011,2489,2522,8769,4273,4496,10021,4847,5174,8768,4174,4594,5009,2393,2616,1253,601,652,
43850,5012,2489,2523,8769,4273,4496,10022,4847,5175,8769,4175,4594,5011,2394,2617,1253,601,652,
43855,5012,2489,2523,8770,4274,4496,10023,4848,5175,8770,4176,4594,5012,2395,2617,1253,601,652,
43860,5012,2489,2523,8772,4274,4498,10024,4848,5176,8771,4176,4595,5012,2395,2617,1253,601,652,
43865,5013,2489,2524,8773,4275,4498,10026,4850,5176,8772,4177,4595,5012,2395,2617,1253,601,652,
43870,5014,2490,2524,8773,4275,4498,10026,4850,5176,8773,4177,4596,5012,2395,2617,1253,601,652,
43875,5015,2491,2524,8775,4276,4499,10029,4853,5176,8774,4178,4596,5013,2395,2618,1253,601,652,
43880,5015,2491,2524,8776,4277,4499,10029,4853,5176,8775,4178,4597,5013,2395,2618,1254,601,653,
43885,5016,2492,2524,8776,4277,4499,10030,4854,5176,8776,4179,4597,5015,2397,2618,1254,601,653,
43890,5016,2492,2524,8777,4278,4499,10031,4855,5176,8777,4180,4597,5016,2397,2619,1254,601,653,
43895,5016,2492,2524,8779,4278,4501,10032,4856,5176,8778,4181,4597,5016,2397,2619,1254,601,653,
43900,5017,2492,2525,8780,4279,4501,10034,4857,5177,8779,4182,4597,5016,2397,2619,1254,601,653,
43905,5018,2492,2526,8780,4279,4501,10034,4857,5177,8780,4183,4597,5016,2397,2619,1254,601,653,
43910,5019,2492,2527,8782,4281,4501,10037,4859,5178,8781,4183,4598,5017,2397,2620,1254,601,653,
43915,5019,2492,2527,8783,4281,4502,10037,4859,5178,8782,4184,4598,5017,2397,2620,1255,602,653,
43920,5020,2493,2527,8783,4281,4502,10038,4860,5178,8783,4184,4599,5019,2399,2620,1255,602,653,
43925,5020,2493,2527,8784,4282,4502,10039,4860,5179,8784,4185,4599,5020,2399,2621,1255,602,653,
43930,5020,2493,2527,8786,4282,4504,10040,4861,5179,8785,4185,4600,5020,2399,2621,1255,602,653,
43935,5021,2493,2528,8787,4282,4505,10042,4861,5181,8786,4185,4601,5020,2399,2621,1255,602,653,
43940,5022,2493,2529,8787,4282,4505,10042,4861,5181,8787,4185,4602,5020,2399,2621,1255,602,653,
43945,5023,2494,2529,8789,4283,4506,10045,4863,5182,8788,4186,4602,5021,2399,2622,1255,602,653,
43950,5023,2494,2529,8790,4284,4506,10045,4863,5182,8789,4186,4603,5021,2399,2622,1256,602,654,
43955,5024,2495,2529,8790,4284,4506,10046,4864,5182,8790,4186,4604,5023,2400,2623,1256,602,654,
43960,5024,2495,2529,8791,4285,4506,10047,4865,5182,8791,4186,4605,5024,2401,2623,1256,602,654,
43965,5024,2495,2529,8793,4286,4507,10048,4865,5183,8792,4186,4606,5024,2401,2623,1256,602,654,
43970,5025,2496,2529,8794,4286,4508,10050,4866,5184,8793,4186,4607,5024,2401,2623,1256,602,654,
43975,5026,2497,2529,8794,4286,4508,10050,4866,5184,8794,4187,4607,5024,2401,2623,1256,602,654,
43980,5027,2498,2529,8796,4288,4508,10053,4867,5186,8795,4188,4607,5025,2402,2623,1256,602,654,
43985,5027,2498,2529,8797,4288,4509,10053,4867,5186,8796,4189,4607,5025,2402,2623,1257,602,655,
43990,5028,2499,2529,8797,4288,4509,10054,4868,5186,8797,4189,4608,5027,2402,2625,1257,602,655,
43995,5028,2499,2529,8798,4289,4509,10055,4868,5187,8798,4190,4608,5028,2402,2626,1257,602,655,
44000,5028,2499,2529,8800,4290,4510,10056,4869,5187,8799,4191,4608,5028,2402,2626,1257,602,655,
44005,5029,2499,2530,8801,4291,4510,10058,4870,5188,8800,4192,4608,5028,2402,2626,1257,602,655,
44010,5030,2499,2531,8801,4291,4510,10058,4870,5188,8801,4192,4609,5028,2402,2626,1257,602,655,
44015,5031,2499,2532,8803,4291,4512,10061,4872,5189,8802,4192,4610,5029,2403,2626,1257,602,655,
44020,5031,2499,2532,8804,4292,4512,10061,4872,5189,8803,4192,4611,5029,2403,2626,1258,602,656,
44025,5032,2500,2532,8804,4292,4512,10062,4873,5189,8804,4192,4612,5031,2405,2626,1258,602,656,
44030,5032,2500,2532,8805,4293,4512,10063,4873,5190,8805,4193,4612,5032,2406,2626,1258,602,656,
44035,5032,2500,2532,8807,4294,4513,10064,4873,5191,8806,4193,4613,5032,2406,2626,1258,602,656,
44040,5033,2501,2532,8808,4295,4513,10066,4873,5193,8807,4194,4613,5032,2406,2626,1258,602,656,
44045,5034,2501,2533,8808,4295,4513,10066,4873,5193,8808,4194,4614,5032,2406,2626,1258,602,656,
44050,5035,2501,2534,8810,4295,4515,10069,4873,5196,8809,4194,4615,5033,2407,2626,1258,602,656,
44055,5035,2501,2534,8811,4296,4515,10069,4873,5196,8810,4195,4615,5033,2407,2626,1259,603,656,
44060,5036,2502,2534,8811,4296,4515,10070,4873,5197,8811,4196,4615,5035,2408,2627,1259,603,656,
44065,5036,2502,2534,8812,4297,4515,10071,4874,5197,8812,4196,4616,5036,2408,2628,1259,603,656,
44070,5036,2502,2534,8814,4298,4516,10072,4875,5197,8813,4197,4616,5036,2408,2628,1259,603,656,
44075,5037,2502,2535,8815,4299,4516,10074,4877,5197,8814,4198,4616,5036,2408,2628,1259,603,656,
44080,5038,2502,2536,8815,4299,4516,10074,4877,5197,8815,4199,4616,5036,2408,2628,1259,603,656,
44085,5039,2503,2536,8817,4301,4516,10077,4880,5197,8816,4199,4617,5037,2409,2628,1259,603,656,
44090,5039,2503,2536,8818,4302,4516,10077,4880,5197,8817,4199,4618,5037,2409,2628,1260,603,657,
44095,5040,2503,2537,8818,4302,4516,10078,4880,5198,8818,4199,4619,5039,2409,2630,1260,603,657,
44100,5040,2503,2537,8819,4303,4516,10079,4881,5198,8819,4199,4620,5040,2410,2630,1260,603,657,
44105,5040,2503,2537,8821,4305,4516,10080,4881,5199,8820,4199,4621,5040,2410,2630,1260,603,657,
44110,5041,2504,2537,8822,4306,4516,10082,4881,5201,8821,4199,4622,5040,2410,2630,1260,603,657,
44115,5042,2505,2537,8822,4306,4516,10082,4881,5201,8822,4199,4623,5040,2410,2630,1260,603,657,
44120,5043,2505,2538,8824,4306,4518,10085,4883,5202,8823,4200,4623,5041,2411,2630,1260,603,657,
44125,5043,2505,2538,8825,4307,4518,10085,4883,5202,8824,4200,4624,5041,2411,2630,1261,604,657,
44130,5044,2506,2538,8825,4307,4518,10086,4883,5203,8825,4200,4625,5043,2413,2630,1261,604,657,
44135,5044,2506,2538,8826,4307,4519,10087,4883,5204,8826,4200,4626,5044,2414,2630,1261,604,657,
44140,5044,2506,2538,8828,4307,4521,10088,4884,5204,8827,4201,4626,5044,2414,2630,1261,604,657,
44145,5045,2507,2538,8829,4308,4521,10090,4885,5205,8828,4202,4626,5044,2414,2630,1261,604,657,
44150,5046,2507,2539,8829,4308,4521,10090,4885,5205,8829,4202,4627,5044,2414,2630,1261,604,657,
44155,5047,2507,2540,8831,4308,4523,10093,4887,5206,8830,4202,4628,5045,2415,2630,1261,604,657,
44160,5047,2507,2540,8832,4308,4524,10093,4887,5206,8831,4202,4629,5045,2415,2630,1262,605,657,
44165,5048,2507,2541,8832,4308,4524,10094,4888,5206,8832,4202,4630,5047,2416,2631,1262,605,657,
44170,5048,2507,2541,8833,4309,4524,10095,4889,5206,8833,4203,4630,5048,2416,2632,1262,605,657,
44175,5048,2507,2541,8835,4309,4526,10096,4889,5207,8834,4204,4630,5048,2416,2632,1262,605,657,
44180,5049,2507,2542,8836,4310,4526,10098,4889,5209,8835,4205,4630,5048,2416,2632,1262,605,657,
44185,5050,2507,2543,8836,4310,4526,10098,4889,5209,8836,4206,4630,5048,2416,2632,1262,605,657,
44190,5051,2507,2544,8838,4311,4527,10101,4891,5210,8837,4207,4630,5049,2417,2632,1262,605,657,
44195,5051,2507,2544,8839,4312,4527,10101,4891,5210,8838,4207,4631,5049,2417,2632,1263,605,658,
44200,5052,2508,2544,8839,4312,4527,10102,4892,5210,8839,4207,4632,5051,2418,2633,1263,605,658,
44205,5052,2508,2544,8840,4312,4528,10103,4892,5211,8840,4207,4633,5052,2418,2634,1263,605,658,
44210,5052,2508,2544,8842,4313,4529,10104,4892,5212,8841,4208,4633,5052,2418,2634,1263,605,658,
44215,5053,2509,2544,8843,4313,4530,10106,4893,5213,8842,4209,4633,5052,2418,2634,1263,605,658,
44220,5054,2510,2544,8843,4313,4530,10106,4893,5213,8843,4209,4634,5052,2418,2634,1263,605,658,
44225,5055,2511,2544,8845,4314,4531,10109,4895,5214,8844,4209,4635,5053,2419,2634,1263,605,658,
44230,5055,2511,2544,8846,4315,4531,10109,4895,5214,8845,4209,4636,5053,2419,2634,1264,605,659,
44235,5056,2511,2545,8846,4315,4531,10110,4896,5214,8846,4209,4637,5055,2421,2634,1264,605,659,
44240,5056,2511,2545,8847,4315,4532,10111,4897,5214,8847,4210,4637,5056,2422,2634,1264,605,659,
44245,5056,2511,2545,8849,4315,4534,10112,4898,5214,8848,4211,4637,5056,2422,2634,1264,605,659,
44250,5057,2511,2546,8850,4316,4534,10114,4899,5215,8849,4212,4637,5056,2422,2634,1264,605,659,
44255,5058,2511,2547,8850,4316,4534,10114,4899,5215,8850,4213,4637,5056,2422,2634,1264,605,659,
44260,5059,2511,2548,8852,4318,4534,10117,4900,5217,8851,4214,4637,5057,2423,2634,1264,605,659,
44265,5059,2511,2548,8853,4319,4534,10117,4900,5217,8852,4214,4638,5057,2423,2634,1265,606,659,
44270,5060,2511,2549,8853,4319,4534,10118,4901,5217,8853,4215,4638,5059,2423,2636,1265,606,659,
44275,5060,2511,2549,8854,4319,4535,10119,4902,5217,8854,4216,4638,5060,2423,2637,1265,606,659,
44280,5060,2511,2549,8856,4321,4535,10120,4903,5217,8855,4217,4638,5060,2423,2637,1265,606,659,
44285,5061,2511,2550,8857,4321,4536,10122,4905,5217,8856,4217,4639,5060,2423,2637,1265,606,659,
44290,5062,2512,2550,8857,4321,4536,10122,4905,5217,8857,4217,4640,5060,2423,2637,1265,606,659,
44295,5063,2512,2551,8859,4322,4537,10125,4906,5219,8858,4218,4640,5061,2424,2637,1265,606,659,
44300,5063,2512,2551,8860,4322,4538,10125,4906,5219,8859,4219,4640,5061,2424,2637,1266,606,660,
44305,5064,2512,2552,8860,4322,4538,10126,4907,5219,8860,4219,4641,5063,2425,2638,1266,606,660,
44310,5064,2512,2552,8861,4323,4538,10127,4907,5220,8861,4220,4641,5064,2425,2639,1266,606,660,
44315,5064,2512,2552,8863,4324,4539,10128,4908,5220,8862,4220,4642,5064,2425,2639,1266,606,660,
44320,5065,2512,2553,8864,4324,4540,10130,4909,5221,8863,4220,4643,5064,2425,2639,1266,606,660,
44325,5066,2512,2554,8864,4324,4540,10130,4909,5221,8864,4220,4644,5064,2425,2639,1266,606,660,
44330,5067,2512,2555,8866,4325,4541,10133,4911,5222,8865,4221,4644,5065,2425,2640,1266,606,660,
44335,5067,2512,2555,8867,4325,4542,10133,4911,5222,8866,4221,4645,5065,2425,2640,1267,606,661,
44340,5068,2513,2555,8867,4325,4542,10134,4912,5222,8867,4222,4645,5067,2426,2641,1267,606,661,
44345,5068,2513,2555,8868,4326,4542,10135,4912,5223,8868,4222,4646,5068,2427,2641,1267,606,661,
44350,5068,2513,2555,8870,4326,4544,10136,4913,5223,8869,4223,4646,5068,2427,2641,1267,606,661,
44355,5069,2513,2556,8871,4326,4545,10138,4914,5224,8870,4223,4647,5068,2427,2641,1267,606,661,
44360,5070,2514,2556,8871,4326,4545,10138,4914,5224,8871,4223,4648,5068,2427,2641,1267,606,661,
44365,5071,2515,2556,8873,4328,4545,10141,4915,5226,8872,4223,4649,5069,2428,2641,1267,606,661,
44370,5071,2515,2556,8874,4329,4545,10141,4915,5226,8873,4224,4649,5069,2428,2641,1268,607,661,
44375,5072,2515,2557,8874,4329,4545,10142,4916,5226,8874,4225,4649,5071,2428,2643,1268,607,661,
44380,5072,2515,2557,8875,4329,4546,10143,4917,5226,8875,4226,4649,5072,2428,2644,1268,607,661,
44385,5072,2515,2557,8877,4330,4547,10144,4918,5226,8876,4226,4650,5072,2428,2644,1268,607,661,
44390,5073,2516,2557,8878,4331,4547,10146,4919,5227,8877,4226,4651,5072,2428,2644,1268,607,661,
44395,5074,2517,2557,8878,4331,4547,10146,4919,5227,8878,4227,4651,5072,2428,2644,1268,607,661,
44400,5075,2517,2558,8880,4333,4547,10149,4920,5229,8879,4228,4651,5073,2428,2645,1268,607,661,
44405,5075,2517,2558,8881,4334,4547,10149,4920,5229,8880,4228,4652,5073,2428,2645,1269,608,661,
44410,5076,2517,2559,8881,4334,4547,10150,4921,5229,8881,4229,4652,5075,2429,2646,1269,608,661,
44415,5076,2517,2559,8882,4335,4547,10151,4921,5230,8882,4229,4653,5076,2430,2646,1269,608,661,
44420,5076,2517,2559,8884,4337,4547,10152,4922,5230,8883,4229,4654,5076,2430,2646,1269,608,661,
44425,5077,2518,2559,8885,4338,4547,10154,4923,5231,8884,4230,4654,5076,2430,2646,1269,608,661,
44430,5078,2519,2559,8885,4338,4547,10154,4923,5231,8885,4231,4654,5076,2430,2646,1269,608,661,
44435,5079,2519,2560,8887,4338,4549,10157,4926,5231,8886,4232,4654,5077,2431,2646,1269,608,661,
44440,5079,2519,2560,8888,4339,4549,10157,4926,5231,8887,4233,4654,5077,2431,2646,1270,609,661,
44445,5080,2520,2560,8888,4339,4549,10158,4927,5231,8888,4234,4654,5079,2432,2647,1270,609,661,
44450,5080,2520,2560,8889,4340,4549,10159,4928,5231,8889,4234,4655,5080,2432,2648,1270,609,661,
44455,5080,2520,2560,8891,4341,4550,10160,4928,5232,8890,4234,4656,5080,2432,2648,1270,609,661,
44460,5081,2521,2560,8892,4341,4551,10162,4929,5233,8891,4234,4657,5080,2432,2648,1270,609,661,
44465,5082,2521,2561,8892,4341,4551,10162,4929,5233,8892,4234,4658,5080,2432,2648,1270,609,661,
44470,5083,2522,2561,8894,4343,4551,10165,4929,5236,8893,4234,4659,5081,2433,2648,1270,609,661,
44475,5083,2522,2561,8895,4343,4552,10165,4929,5236,8894,4235,4659,5081,2433,2648,1271,610,661,
44480,5084,2523,2561,8895,4343,4552,10166,4930,5236,8895,4235,4660,5083,2433,2650,1271,610,661,
44485,5084,2523,2561,8896,4344,4552,10167,4930,5237,8896,4235,4661,5084,2433,2651,1271,610,661,
44490,5084,2523,2561,8898,4344,4554,10168,4930,5238,8897,4236,4661,5084,2433,2651,1271,610,661,
44495,5085,2524,2561,8899,4344,4555,10170,4932,5238,8898,4236,4662,5084,2433,2651,1271,610,661,
44500,5086,2525,2561,8899,4344,4555,10170,4932,5238,8899,4236,4663,5084,2433,2651,1271,610,661,
44505,5087,2526,2561,8901,4344,4557,10173,4934,5239,8900,4236,4664,5085,2433,2652,1271,610,661,
44510,5087,2526,2561,8902,4345,4557,10173,4934,5239,8901,4236,4665,5085,2433,2652,1272,611,661,
44515,5088,2526,2562,8902,4345,4557,10174,4934,5240,8902,4236,4666,5087,2434,2653,1272,611,661,
44520,5088,2526,2562,8903,4346,4557,10175,4935,5240,8903,4237,4666,5088,2434,2654,1272,611,661,
44525,5088,2526,2562,8905,4346,4559,10176,4936,5240,8904,4238,4666,5088,2434,2654,1272,611,661,
44530,5089,2526,2563,8906,4347,4559,10178,4937,5241,8905,4238,4667,5088,2434,2654,1272,611,661,
44535,5090,2527,2563,8906,4347,4559,10178,4937,5241,8906,4238,4668,5088,2434,2654,1272,611,661,
44540,5091,2528,2563,8908,4348,4560,10181,4937,5244,8907,4238,4669,5089,2434,2655,1272,611,661,
44545,5091,2528,2563,8909,4349,4560,10181,4937,5244,8908,4239,4669,5089,2434,2655,1273,611,662,
44550,5092,2529,2563,8909,4349,4560,10182,4937,5245,8909,4239,4670,5091,2434,2657,1273,611,662,
44555,5092,2529,2563,8910,4349,4561,10183,4938,5245,8910,4239,4671,5092,2434,2658,1273,611,662,
44560,5092,2529,2563,8912,4351,4561,10184,4939,5245,8911,4240,4671,5092,2434,2658,1273,611,662,
44565,5093,2530,2563,8913,4352,4561,10186,4941,5245,8912,4241,4671,5092,2434,2658,1273,611,662,
44570,5094,2530,2564,8913,4352,4561,10186,4941,5245,8913,4242,4671,5092,2434,2658,1273,611,662,
44575,5095,2530,2565,8915,4354,4561,10189,4942,5247,8914,4242,4672,5093,2434,2659,1273,611,662,
44580,5095,2530,2565,8916,4354,4562,10189,4942,5247,8915,4242,4673,5093,2434,2659,1274,612,662,
44585,5096,2531,2565,8916,4354,4562,10190,4943,5247,8916,4242,4674,5095,2435,2660,1274,612,662,
44590,5096,2531,2565,8917,4354,4563,10191,4943,5248,8917,4243,4674,5096,2435,2661,1274,612,662,
44595,5096,2531,2565,8919,4356,4563,10192,4944,5248,8918,4244,4674,5096,2435,2661,1274,612,662,
44600,5097,2532,2565,8920,4357,4563,10194,4945,5249,8919,4245,4674,5096,2435,2661,1274,612,662,
44605,5098,2532,2566,8920,4357,4563,10194,4945,5249,8920,4246,4674,5096,2435,2661,1274,612,662,
44610,5099,2533,2566,8922,4358,4564,10197,4948,5249,8921,4246,4675,5097,2436,2661,1274,612,662,
44615,5099,2533,2566,8923,4358,4565,10197,4948,5249,8922,4246,4676,5097,2436,2661,1275,613,662,
44620,5100,2533,2567,8923,4358,4565,10198,4949,5249,8923,4247,4676,5099,2436,2663,1275,613,662,
44625,5100,2533,2567,8924,4359,4565,10199,4949,5250,8924,4248,4676,5100,2437,2663,1275,613,662,
44630,5100,2533,2567,8926,4360,4566,10200,4949,5251,8925,4248,4677,5100,2437,2663,1275,613,662,
44635,5101,2534,2567,8927,4361,4566,10202,4951,5251,8926,4249,4677,5100,2437,2663,1275,613,662,
44640,5102,2535,2567,8927,4361,4566,10202,4951,5251,8927,4249,4678,5100,2437,2663,1275,613,662,
44645,5103,2536,2567,8929,4362,4567,10205,4952,5253,8928,4249,4679,5101,2438,2663,1275,613,662,
44650,5103,2536,2567,8930,4362,4568,10205,4952,5253,8929,4249,4680,5101,2438,2663,1276,614,662,
44655,5104,2536,2568,8930,4362,4568,10206,4953,5253,8930,4250,4680,5103,2439,2664,1276,614,662,
44660,5104,2536,2568,8931,4362,4569,10207,4954,5253,8931,4251,4680,5104,2440,2664,1276,614,662,
44665,5104,2536,2568,8933,4364,4569,10208,4954,5254,8932,4252,4680,5104,2440,2664,1276,614,662,
44670,5105,2537,2568,8934,4365,4569,10210,4955,5255,8933,4252,4681,5104,2440,2664,1276,614,662,
44675,5106,2537,2569,8934,4365,4569,10210,4955,5255,8934,4252,4682,5104,2440,2664,1276,614,662,
44680,5107,2537,2570,8936,4367,4569,10213,4955,5258,8935,4252,4683,5105,2440,2665,1276,614,662,
44685,5107,2537,2570,8937,4368,4569,10213,4955,5258,8936,4252,4684,5105,2440,2665,1277,614,663,
44690,5108,2537,2571,8937,4368,4569,10214,4956,5258,8937,4252,4685,5107,2442,2665,1277,614,663,
44695,5108,2537,2571,8938,4368,4570,10215,4956,5259,8938,4252,4686,5108,2442,2666,1277,614,663,
44700,5108,2537,2571,8940,4370,4570,10216,4956,5260,8939,4252,4687,5108,2442,2666,1277,614,663,
44705,5109,2538,2571,8941,4371,4570,10218,4956,5262,8940,4252,4688,5108,2442,2666,1277,614,663,
44710,5110,2538,2572,8941,4371,4570,10218,4956,5262,8941,4253,4688,5108,2442,2666,1277,614,663,
44715,5111,2538,2573,8943,4372,4571,10221,4957,5264,8942,4254,4688,5109,2442,2667,1277,614,663,
44720,5111,2538,2573,8944,4373,4571,10221,4957,5264,8943,4255,4688,5109,2442,2667,1278,614,664,
44725,5112,2539,2573,8944,4373,4571,10222,4958,5264,8944,4255,4689,5111,2443,2668,1278,614,664,
44730,5112,2539,2573,8945,4374,4571,10223,4959,5264,8945,4255,4690,5112,2443,2669,1278,614,664,
44735,5112,2539,2573,8947,4376,4571,10224,4960,5264,8946,4256,4690,5112,2443,2669,1278,614,664,
44740,5113,2540,2573,8948,4377,4571,10226,4961,5265,8947,4257,4690,5112,2443,2669,1278,614,664,
44745,5114,2540,2574,8948,4377,4571,10226,4961,5265,8948,4257,4691,5112,2443,2669,1278,614,664,
44750,5115,2540,2575,8950,4377,4573,10229,4961,5268,8949,4258,4691,5113,2444,2669,1278,614,664,
44755,5115,2540,2575,8951,4378,4573,10229,4961,5268,8950,4259,4691,5113,2444,2669,1279,614,665,
44760,5116,2541,2575,8951,4378,4573,10230,4962,5268,8951,4260,4691,5115,2445,2670,1279,614,665,
44765,5116,2541,2575,8952,4379,4573,10231,4963,5268,8952,4261,4691,5116,2445,2671,1279,614,665,
44770,5116,2541,2575,8954,4380,4574,10232,4963,5269,8953,4261,4692,5116,2445,2671,1279,614,665,
44775,5117,2541,2576,8955,4380,4575,10234,4964,5270,8954,4262,4692,5116,2445,2671,1279,614,665,
44780,5118,2541,2577,8955,4380,4575,10234,4964,5270,8955,4263,4692,5116,2445,2671,1279,614,665,
44785,5119,2542,2577,8957,4381,4576,10237,4966,5271,8956,4264,4692,5117,2446,2671,1279,614,665,
44790,5119,2542,2577,8958,4382,4576,10237,4966,5271,8957,4264,4693,5117,2446,2671,1280,614,666,
44795,5120,2542,2578,8958,4382,4576,10238,4966,5272,8958,4265,4693,5119,2447,2672,1280,614,666,
44800,5120,2542,2578,8959,4383,4576,10239,4966,5273,8959,4265,4694,5120,2447,2673,1280,614,666,
44805,5120,2542,2578,8961,4383,4578,10240,4966,5274,8960,4266,4694,5120,2447,2673,1280,614,666,
44810,5121,2542,2579,8962,4383,4579,10242,4968,5274,8961,4267,4694,5120,2447,2673,1280,614,666,
44815,5122,2543,2579,8962,4383,4579,10242,4968,5274,8962,4268,4694,5120,2447,2673,1280,614,666,
44820,5123,2544,2579,8964,4384,4580,10245,4969,5276,8963,4269,4694,5121,2447,2674,1280,614,666,
44825,5123,2544,2579,8965,4385,4580,10245,4969,5276,8964,4269,4695,5121,2447,2674,1281,614,667,
44830,5124,2544,2580,8965,4385,4580,10246,4969,5277,8965,4270,4695,5123,2449,2674,1281,614,667,
44835,5124,2544,2580,8966,4385,4581,10247,4970,5277,8966,4270,4696,5124,2450,2674,1281,614,667,
44840,5124,2544,2580,8968,4387,4581,10248,4971,5277,8967,4270,4697,5124,2450,2674,1281,614,667,
44845,5125,2544,2581,8969,4387,4582,10250,4972,5278,8968,4270,4698,5124,2450,2674,1281,614,667,
44850,5126,2545,2581,8969,4387,4582,10250,4972,5278,8969,4271,4698,5124,2450,2674,1281,614,667,
44855,5127,2545,2582,8971,4388,4583,10253,4974,5279,8970,4271,4699,5125,2451,2674,1281,614,667,
44860,5127,2545,2582,8972,4388,4584,10253,4974,5279,8971,4272,4699,5125,2451,2674,1282,615,667,
44865,5128,2545,2583,8972,4388,4584,10254,4975,5279,8972,4272,4700,5127,2453,2674,1282,615,667,
44870,5128,2545,2583,8973,4388,4585,10255,4976,5279,8973,4273,4700,5128,2454,2674,1282,615,667,
44875,5128,2545,2583,8975,4389,4586,10256,4976,5280,8974,4274,4700,5128,2454,2674,1282,615,667,
44880,5129,2545,2584,8976,4389,4587,10258,4977,5281,8975,4275,4700,5128,2454,2674,1282,615,667,
44885,5130,2545,2585,8976,4389,4587,10258,4977,5281,8976,4275,4701,5128,2454,2674,1282,615,667,
44890,5131,2545,2586,8978,4389,4589,10261,4980,5281,8977,4276,4701,5129,2454,2675,1282,615,667,
44895,5131,2545,2586,8979,4389,4590,10261,4980,5281,8978,4276,4702,5129,2454,2675,1283,615,668,
44900,5132,2545,2587,8979,4389,4590,10262,4980,5282,8979,4276,4703,5131,2455,2676,1283,615,668,
44905,5132,2545,2587,8980,4390,4590,10263,4980,5283,8980,4277,4703,5132,2455,2677,1283,615,668,
44910,5132,2545,2587,8982,4392,4590,10264,4980,5284,8981,4277,4704,5132,2455,2677,1283,615,668,
44915,5133,2545,2588,8983,4393,4590,10266,4980,5286,8982,4278,4704,5132,2455,2677,1283,615,668,
44920,5134,2545,2589,8983,4393,4590,10266,4980,5286,8983,4278,4705,5132,2455,2677,1283,615,668,
44925,5135,2545,2590,8985,4394,4591,10269,4980,5289,8984,4278,4706,5133,2455,2678,1283,615,668,
44930,5135,2545,2590,8986,4394,4592,10269,4980,5289,8985,4279,4706,5133,2455,2678,1284,615,669,
44935,5136,2546,2590,8986,4394,4592,10270,4981,5289,8986,4279,4707,5135,2456,2679,1284,615,669,
44940,5136,2546,2590,8987,4395,4592,10271,4982,5289,8987,4279,4708,5136,2456,2680,1284,615,669,
44945,5136,2546,2590,8989,4396,4593,10272,4983,5289,8988,4279,4709,5136,2456,2680,1284,615,669,
44950,5137,2547,2590,8990,4397,4593,10274,4984,5290,8989,4279,4710,5136,2456,2680,1284,615,669,
44955,5138,2547,2591,8990,4397,4593,10274,4984,5290,8990,4279,4711,5136,2456,2680,1284,615,669,
44960,5139,2548,2591,8992,4399,4593,10277,4987,5290,8991,4280,4711,5137,2457,2680,1284,615,669,
44965,5139,2548,2591,8993,4399,4594,10277,4987,5290,8992,4280,4712,5137,2457,2680,1285,615,670,
44970,5140,2549,2591,8993,4399,4594,10278,4988,5290,8993,4281,4712,5139,2458,2681,1285,615,670,
44975,5140,2549,2591,8994,4400,4594,10279,4989,5290,8994,4282,4712,5140,2459,2681,1285,615,670,
44980,5140,2549,2591,8996,4400,4596,10280,4990,5290,8995,4283,4712,5140,2459,2681,1285,615,670,
44985,5141,2550,2591,8997,4400,4597,10282,4990,5292,8996,4283,4713,5140,2459,2681,1285,615,670,
44990,5142,2551,2591,8997,4400,4597,10282,4990,5292,8997,4283,4714,5140,2459,2681,1285,615,670,
44995,5143,2551,2592,8999,4401,4598,10285,4991,5294,8998,4283,4715,5141,2459,2682,1285,615,670,
45000,5143,2551,2592,9000,4402,4598,10285,4991,5294,8999,4283,4716,5141,2459,2682,1286,616,670,
45005,5144,2552,2592,9000,4402,4598,10286,4991,5295,9000,4283,4717,5143,2459,2684,1286,616,670,
45010,5144,2552,2592,9001,4403,4598,10287,4992,5295,9001,4284,4717,5144,2459,2685,1286,616,670,
45015,5144,2552,2592,9003,4404,4599,10288,4992,5296,9002,4284,4718,5144,2459,2685,1286,616,670,
45020,5145,2552,2593,9004,4405,4599,10290,4992,5298,9003,4284,4719,5144,2459,2685,1286,616,670,
45025,5146,2552,2594,9004,4405,4599,10290,4992,5298,9004,4284,4720,5144,2459,2685,1286,616,670,
45030,5147,2553,2594,9006,4405,4601,10293,4994,5299,9005,4284,4721,5145,2459,2686,1286,616,670,
45035,5147,2553,2594,9007,4406,4601,10293,4994,5299,9006,4284,4722,5145,2459,2686,1287,617,670,
45040,5148,2553,2595,9007,4406,4601,10294,4995,5299,9007,4284,4723,5147,2460,2687,1287,617,670,
45045,5148,2553,2595,9008,4406,4602,10295,4996,5299,9008,4285,4723,5148,2461,2687,1287,617,670,
45050,5148,2553,2595,9010,4408,4602,10296,4997,5299,9009,4286,4723,5148,2461,2687,1287,617,670,
45055,5149,2554,2595,9011,4408,4603,10298,4998,5300,9010,4287,4723,5148,2461,2687,1287,617,670,
45060,5150,2554,2596,9011,4408,4603,10298,4998,5300,9011,4287,4724,5148,2461,2687,1287,617,670,
45065,5151,2554,2597,9013,4408,4605,10301,5000,5301,9012,4287,4725,5149,2461,2688,1287,617,670,
45070,5151,2554,2597,9014,4409,4605,10301,5000,5301,9013,4287,4726,5149,2461,2688,1288,618,670,
45075,5152,2554,2598,9014,4409,4605,10302,5000,5302,9014,4287,4727,5151,2461,2690,1288,618,670,
45080,5152,2554,2598,9015,4410,4605,10303,5001,5302,9015,4287,4728,5152,2461,2691,1288,618,670,
45085,5152,2554,2598,9017,4412,4605,10304,5001,5303,9016,4287,4729,5152,2461,2691,1288,618,670,
45090,5153,2554,2599,9018,4412,4606,10306,5003,5303,9017,4287,4730,5152,2461,2691,1288,618,670,
45095,5154,2554,2600,9018,4412,4606,10306,5003,5303,9018,4287,4731,5152,2461,2691,1288,618,670,
45100,5155,2555,2600,9020,4413,4607,10309,5004,5305,9019,4287,4732,5153,2461,2692,1288,618,670,
45105,5155,2555,2600,9021,4414,4607,10309,5004,5305,9020,4288,4732,5153,2461,2692,1289,618,671,
45110,5156,2556,2600,9021,4414,4607,10310,5004,5306,9021,4288,4733,5155,2462,2693,1289,618,671,
45115,5156,2556,2600,9022,4414,4608,10311,5004,5307,9022,4288,4734,5156,2462,2694,1289,618,671,
45120,5156,2556,2600,9024,4415,4609,10312,5004,5308,9023,4288,4735,5156,2462,2694,1289,618,671,
45125,5157,2557,2600,9025,4415,4610,10314,5005,5309,9024,4289,4735,5156,2462,2694,1289,618,671,
45130,5158,2557,2601,9025,4415,4610,10314,5005,5309,9025,4289,4736,5156,2462,2694,1289,618,671,
45135,5159,2558,2601,9027,4416,4611,10317,5006,5311,9026,4290,4736,5157,2462,2695,1289,618,671,
45140,5159,2558,2601,9028,4417,4611,10317,5006,5311,9027,4290,4737,5157,2462,2695,1290,618,672,
45145,5160,2558,2602,9028,4417,4611,10318,5006,5312,9028,4291,4737,5159,2464,2695,1290,618,672,
45150,5160,2558,2602,9029,4417,4612,10319,5006,5313,9029,4291,4738,5160,2464,2696,1290,618,672,
45155,5160,2558,2602,9031,4418,4613,10320,5006,5314,9030,4291,4739,5160,2464,2696,1290,618,672,
45160,5161,2558,2603,9032,4418,4614,10322,5007,5315,9031,4292,4739,5160,2464,2696,1290,618,672,
45165,5162,2558,2604,9032,4418,4614,10322,5007,5315,9032,4292,4740,5160,2464,2696,1290,618,672,
45170,5163,2559,2604,9034,4419,4615,10325,5008,5317,9033,4292,4741,5161,2465,2696,1290,618,672,
45175,5163,2559,2604,9035,4420,4615,10325,5008,5317,9034,4292,4742,5161,2465,2696,1291,619,672,
45180,5164,2559,2605,9035,4420,4615,10326,5009,5317,9035,4292,4743,5163,2466,2697,1291,619,672,
45185,5164,2559,2605,9036,4421,4615,10327,5010,5317,9036,4293,4743,5164,2466,2698,1291,619,672,
45190,5164,2559,2605,9038,4421,4617,10328,5010,5318,9037,4293,4744,5164,2466,2698,1291,619,672,
45195,5165,2559,2606,9039,4422,4617,10330,5011,5319,9038,4293,4745,5164,2466,2698,1291,619,672,
45200,5166,2559,2607,9039,4422,4617,10330,5011,5319,9039,4294,4745,5164,2466,2698,1291,619,672,
45205,5167,2559,2608,9041,4422,4619,10333,5013,5320,9040,4295,4745,5165,2467,2698,1291,619,672,
45210,5167,2559,2608,9042,4423,4619,10333,5013,5320,9041,4296,4745,5165,2467,2698,1292,620,672,
45215,5168,2559,2609,9042,4423,4619,10334,5013,5321,9042,4297,4745,5167,2468,2699,1292,620,672,
45220,5168,2559,2609,9043,4424,4619,10335,5014,5321,9043,4297,4746,5168,2469,2699,1292,620,672,
45225,5168,2559,2609,9045,4426,4619,10336,5015,5321,9044,4298,4746,5168,2469,2699,1292,620,672,
45230,5169,2560,2609,9046,4427,4619,10338,5017,5321,9045,4299,4746,5168,2469,2699,1292,620,672,
45235,5170,2561,2609,9046,4427,4619,10338,5017,5321,9046,4300,4746,5168,2469,2699,1292,620,672,
45240,5171,2562,2609,9048,4427,4621,10341,5019,5322,9047,4301,4746,5169,2470,2699,1292,620,672,
45245,5171,2562,2609,9049,4427,4622,10341,5019,5322,9048,4302,4746,5169,2470,2699,1293,621,672,
45250,5172,2562,2610,9049,4427,4622,10342,5019,5323,9049,4302,4747,5171,2471,2700,1293,621,672,
45255,5172,2562,2610,9050,4427,4623,10343,5020,5323,9050,4303,4747,5172,2471,2701,1293,621,672,
45260,5172,2562,2610,9052,4428,4624,10344,5021,5323,9051,4303,4748,5172,2471,2701,1293,621,672,
45265,5173,2562,2611,9053,4428,4625,10346,5021,5325,9052,4304,4748,5172,2471,2701,1293,621,672,
45270,5174,2562,2612,9053,4428,4625,10346,5021,5325,9053,4304,4749,5172,2471,2701,1293,621,672,
45275,5175,2562,2613,9055,4428,4627,10349,5021,5328,9054,4305,4749,5173,2472,2701,1293,621,672,
45280,5175,2562,2613,9056,4428,4628,10349,5021,5328,9055,4305,4750,5173,2472,2701,1294,622,672,
45285,5176,2562,2614,9056,4428,4628,10350,5022,5328,9056,4305,4751,5175,2474,2701,1294,622,672,
45290,5176,2562,2614,9057,4429,4628,10351,5022,5329,9057,4305,4752,5176,2474,2702,1294,622,672,
45295,5176,2562,2614,9059,4429,4630,10352,5023,5329,9058,4306,4752,5176,2474,2702,1294,622,672,
45300,5177,2562,2615,9060,4429,4631,10354,5025,5329,9059,4306,4753,5176,2474,2702,1294,622,672,
45305,5178,2563,2615,9060,4429,4631,10354,5025,5329,9060,4307,4753,5176,2474,2702,1294,622,672,
45310,5179,2563,2616,9062,4430,4632,10357,5027,5330,9061,4308,4753,5177,2475,2702,1294,622,672,
45315,5179,2563,2616,9063,4431,4632,10357,5027,5330,9062,4309,4753,5177,2475,2702,1295,623,672,
45320,5180,2564,2616,9063,4431,4632,10358,5028,5330,9063,4310,4753,5179,2476,2703,1295,623,672,
45325,5180,2564,2616,9064,4431,4633,10359,5028,5331,9064,4310,4754,5180,2476,2704,1295,623,672,
45330,5180,2564,2616,9066,4431,4635,10360,5029,5331,9065,4310,4755,5180,2476,2704,1295,623,672,
45335,5181,2565,2616,9067,4432,4635,10362,5030,5332,9066,4310,4756,5180,2476,2704,1295,623,672,
45340,5182,2565,2617,9067,4432,4635,10362,5030,5332,9067,4310,4757,5180,2476,2704,1295,623,672,
45345,5183,2566,2617,9069,4433,4636,10365,5032,5333,9068,4311,4757,5181,2476,2705,1295,623,672,
45350,5183,2566,2617,9070,4433,4637,10365,5032,5333,9069,4311,4758,5181,2476,2705,1296,624,672,
45355,5184,2567,2617,9070,4433,4637,10366,5033,5333,9070,4311,4759,5183,2476,2707,1296,624,672,
45360,5184,2567,2617,9071,4433,4638,10367,5034,5333,9071,4311,4760,5184,2476,2708,1296,624,672,
45365,5184,2567,2617,9073,4433,4640,10368,5035,5333,9072,4311,4761,5184,2476,2708,1296,624,672,
45370,5185,2567,2618,9074,4434,4640,10370,5037,5333,9073,4312,4761,5184,2476,2708,1296,624,672,
45375,5186,2567,2619,9074,4434,4640,10370,5037,5333,9074,4313,4761,5184,2476,2708,1296,624,672,
45380,5187,2567,2620,9076,4436,4640,10373,5039,5334,9075,4314,4761,5185,2476,2709,1296,624,672,
45385,5187,2567,2620,9077,4436,4641,10373,5039,5334,9076,4314,4762,5185,2476,2709,1297,624,673,
45390,5188,2567,2621,9077,4436,4641,10374,5039,5335,9077,4315,4762,5187,2476,2711,1297,624,673,
45395,5188,2567,2621,9078,4437,4641,10375,5039,5336,9078,4315,4763,5188,2476,2712,1297,624,673,
45400,5188,2567,2621,9080,4439,4641,10376,5039,5337,9079,4315,4764,5188,2476,2712,1297,624,673,
45405,5189,2567,2622,9081,4439,4642,10378,5041,5337,9080,4315,4765,5188,2476,2712,1297,624,673,
45410,5190,2567,2623,9081,4439,4642,10378,5041,5337,9081,4315,4766,5188,2476,2712,1297,624,673,
45415,5191,2567,2624,9083,4440,4643,10381,5041,5340,9082,4316,4766,5189,2476,2713,1297,624,673,
45420,5191,2567,2624,9084,4441,4643,10381,5041,5340,9083,4317,4766,5189,2476,2713,1298,625,673,
45425,5192,2567,2625,9084,4441,4643,10382,5042,5340,9084,4317,4767,5191,2476,2715,1298,625,673,
45430,5192,2567,2625,9085,4442,4643,10383,5042,5341,9085,4317,4768,5192,2477,2715,1298,625,673,
45435,5192,2567,2625,9087,4442,4645,10384,5042,5342,9086,4318,4768,5192,2477,2715,1298,625,673,
45440,5193,2568,2625,9088,4443,4645,10386,5043,5343,9087,4319,4768,5192,2477,2715,1298,625,673,
45445,5194,2569,2625,9088,4443,4645,10386,5043,5343,9088,4319,4769,5192,2477,2715,1298,625,673,
45450,5195,2570,2625,9090,4444,4646,10389,5045,5344,9089,4320,4769,5193,2477,2716,1298,625,673,
45455,5195,2570,2625,9091,4444,4647,10389,5045,5344,9090,4321,4769,5193,2477,2716,1299,625,674,
45460,5196,2571,2625,9091,4444,4647,10390,5045,5345,9091,4321,4770,5195,2478,2717,1299,625,674,
45465,5196,2571,2625,9092,4445,4647,10391,5046,5345,9092,4321,4771,5196,2479,2717,1299,625,674,
45470,5196,2571,2625,9094,4445,4649,10392,5046,5346,9093,4321,4772,5196,2479,2717,1299,625,674,
45475,5197,2571,2626,9095,4445,4650,10394,5048,5346,9094,4322,4772,5196,2479,2717,1299,625,674,
45480,5198,2571,2627,9095,4445,4650,10394,5048,5346,9095,4322,4773,5196,2479,2717,1299,625,674,
45485,5199,2572,2627,9097,4446,4651,10397,5050,5347,9096,4322,4774,5197,2479,2718,1299,625,674,
45490,5199,2572,2627,9098,4446,4652,10397,5050,5347,9097,4323,4774,5197,2479,2718,1300,625,675,
45495,5200,2572,2628,9098,4446,4652,10398,5050,5348,9098,4323,4775,5199,2480,2719,1300,625,675,
45500,5200,2572,2628,9099,4447,4652,10399,5050,5349,9099,4323,4776,5200,2480,2720,1300,625,675,
45505,5200,2572,2628,9101,4449,4652,10400,5051,5349,9100,4324,4776,5200,2480,2720,1300,625,675,
45510,5201,2573,2628,9102,4450,4652,10402,5052,5350,9101,4325,4776,5200,2480,2720,1300,625,675,
45515,5202,2574,2628,9102,4450,4652,10402,5052,5350,9102,4325,4777,5200,2480,2720,1300,625,675,
45520,5203,2574,2629,9104,4452,4652,10405,5054,5351,9103,4326,4777,5201,2480,2721,1300,625,675,
45525,5203,2574,2629,9105,4452,4653,10405,5054,5351,9104,4327,4777,5201,2480,2721,1301,625,676,
45530,5204,2574,2630,9105,4452,4653,10406,5055,5351,9105,4328,4777,5203,2480,2723,1301,625,676,
45535,5204,2574,2630,9106,4452,4654,10407,5056,5351,9106,4328,4778,5204,2481,2723,1301,625,676,
45540,5204,2574,2630,9108,4452,4656,10408,5057,5351,9107,4328,4779,5204,2481,2723,1301,625,676,
45545,5205,2574,2631,9109,4452,4657,10410,5059,5351,9108,4328,4780,5204,2481,2723,1301,625,676,
45550,5206,2574,2632,9109,4452,4657,10410,5059,5351,9109,4329,4780,5204,2481,2723,1301,625,676,
45555,5207,2574,2633,9111,4454,4657,10413,5061,5352,9110,4329,4781,5205,2481,2724,1301,625,676,
45560,5207,2574,2633,9112,4455,4657,10413,5061,5352,9111,4330,4781,5205,2481,2724,1302,626,676,
45565,5208,2575,2633,9112,4455,4657,10414,5061,5353,9112,4331,4781,5207,2483,2724,1302,626,676,
45570,5208,2575,2633,9113,4455,4658,10415,5062,5353,9113,4331,4782,5208,2484,2724,1302,626,676,
45575,5208,2575,2633,9115,4456,4659,10416,5063,5353,9114,4331,4783,5208,2484,2724,1302,626,676,
45580,5209,2575,2634,9116,4456,4660,10418,5065,5353,9115,4331,4784,5208,2484,2724,1302,626,676,
45585,5210,2575,2635,9116,4456,4660,10418,5065,5353,9116,4331,4785,5208,2484,2724,1302,626,676,
45590,5211,2575,2636,9118,4456,4662,10421,5066,5355,9117,4331,4786,5209,2484,2725,1302,626,676,
45595,5211,2575,2636,9119,4456,4663,10421,5066,5355,9118,4331,4787,5209,2484,2725,1303,626,677,
45600,5212,2576,2636,9119,4456,4663,10422,5066,5356,9119,4332,4787,5211,2485,2726,1303,626,677,
45605,5212,2576,2636,9120,4457,4663,10423,5067,5356,9120,4332,4788,5212,2485,2727,1303,626,677,
45610,5212,2576,2636,9122,4459,4663,10424,5067,5357,9121,4333,4788,5212,2485,2727,1303,626,677,
45615,5213,2576,2637,9123,4459,4664,10426,5068,5358,9122,4333,4789,5212,2485,2727,1303,626,677,
45620,5214,2577,2637,9123,4459,4664,10426,5068,5358,9123,4334,4789,5212,2485,2727,1303,626,677,
45625,5215,2578,2637,9125,4460,4665,10429,5069,5360,9124,4334,4790,5213,2486,2727,1303,626,677,
45630,5215,2578,2637,9126,4460,4666,10429,5069,5360,9125,4334,4791,5213,2486,2727,1304,627,677,
45635,5216,2579,2637,9126,4460,4666,10430,5069,5361,9126,4334,4792,5215,2487,2728,1304,627,677,
45640,5216,2579,2637,9127,4460,4667,10431,5069,5362,9127,4334,4793,5216,2487,2729,1304,627,677,
45645,5216,2579,2637,9129,4462,4667,10432,5069,5363,9128,4335,4793,5216,2487,2729,1304,627,677,
45650,5217,2579,2638,9130,4462,4668,10434,5069,5365,9129,4336,4793,5216,2487,2729,1304,627,677,
45655,5218,2579,2639,9130,4462,4668,10434,5069,5365,9130,4337,4793,5216,2487,2729,1304,627,677,
45660,5219,2579,2640,9132,4463,4669,10437,5070,5367,9131,4337,4794,5217,2487,2730,1304,627,677,
45665,5219,2579,2640,9133,4464,4669,10437,5070,5367,9132,4337,4795,5217,2487,2730,1305,627,678,
45670,5220,2579,2641,9133,4464,4669,10438,5071,5367,9133,4338,4795,5219,2487,2732,1305,627,678,
45675,5220,2579,2641,9134,4464,4670,10439,5071,5368,9134,4339,4795,5220,2488,2732,1305,627,678,
45680,5220,2579,2641,9136,4465,4671,10440,5072,5368,9135,4340,4795,5220,2488,2732,1305,627,678,
45685,5221,2580,2641,9137,4466,4671,10442,5072,5370,9136,4341,4795,5220,2488,2732,1305,627,678,
45690,5222,2580,2642,9137,4466,4671,10442,5072,5370,9137,4342,4795,5220,2488,2732,1305,627,678,
45695,5223,2580,2643,9139,4468,4671,10445,5075,5370,9138,4343,4795,5221,2489,2732,1305,627,678,
45700,5223,2580,2643,9140,4469,4671,10445,5075,5370,9139,4343,4796,5221,2489,2732,1306,627,679,
45705,5224,2580,2644,9140,4469,4671,10446,5076,5370,9140,4344,4796,5223,2490,2733,1306,627,679,
45710,5224,2580,2644,9141,4469,4672,10447,5076,5371,9141,4345,4796,5224,2490,2734,1306,627,679,
45715,5224,2580,2644,9143,4470,4673,10448,5076,5372,9142,4346,4796,5224,2490,2734,1306,627,679,
45720,5225,2581,2644,9144,4470,4674,10450,5078,5372,9143,4346,4797,5224,2490,2734,1306,627,679,
45725,5226,2581,2645,9144,4470,4674,10450,5078,5372,9144,4347,4797,5224,2490,2734,1306,627,679,
45730,5227,2581,2646,9146,4471,4675,10453,5081,5372,9145,4348,4797,5225,2490,2735,1306,627,679,
45735,5227,2581,2646,9147,4471,4676,10453,5081,5372,9146,4348,4798,5225,2490,2735,1307,627,680,
45740,5228,2581,2647,9147,4471,4676,10454,5082,5372,9147,4349,4798,5227,2491,2736,1307,627,680,
45745,5228,2581,2647,9148,4471,4677,10455,5083,5372,9148,4349,4799,5228,2491,2737,1307,627,680,
45750,5228,2581,2647,9150,4473,4677,10456,5083,5373,9149,4349,4800,5228,2491,2737,1307,627,680,
45755,5229,2581,2648,9151,4473,4678,10458,5084,5374,9150,4349,4801,5228,2491,2737,1307,627,680,
45760,5230,2582,2648,9151,4473,4678,10458,5084,5374,9151,4349,4802,5228,2491,2737,1307,627,680,
45765,5231,2582,2649,9153,4473,4680,10461,5086,5375,9152,4350,4802,5229,2491,2738,1307,627,680,
45770,5231,2582,2649,9154,4473,4681,10461,5086,5375,9153,4350,4803,5229,2491,2738,1308,628,680,
45775,5232,2582,2650,9154,4473,4681,10462,5086,5376,9154,4350,4804,5231,2491,2740,1308,628,680,
45780,5232,2582,2650,9155,4473,4682,10463,5086,5377,9155,4351,4804,5232,2491,2741,1308,628,680,
45785,5232,2582,2650,9157,4474,4683,10464,5086,5378,9156,4352,4804,5232,2491,2741,1308,628,680,
45790,5233,2582,2651,9158,4474,4684,10466,5088,5378,9157,4352,4805,5232,2491,2741,1308,628,680,
45795,5234,2582,2652,9158,4474,4684,10466,5088,5378,9158,4352,4806,5232,2491,2741,1308,628,680,
45800,5235,2582,2653,9160,4475,4685,10469,5090,5379,9159,4353,4806,5233,2491,2742,1308,628,680,
45805,5235,2582,2653,9161,4476,4685,10469,5090,5379,9160,4354,4806,5233,2491,2742,1309,628,681,
45810,5236,2583,2653,9161,4476,4685,10470,5091,5379,9161,4355,4806,5235,2492,2743,1309,628,681,
45815,5236,2583,2653,9162,4476,4686,10471,5092,5379,9162,4355,4807,5236,2492,2744,1309,628,681,
45820,5236,2583,2653,9164,4477,4687,10472,5093,5379,9163,4356,4807,5236,2492,2744,1309,628,681,
45825,5237,2584,2653,9165,4478,4687,10474,5094,5380,9164,4356,4808,5236,2492,2744,1309,628,681,
45830,5238,2584,2654,9165,4478,4687,10474,5094,5380,9165,4356,4809,5236,2492,2744,1309,628,681,
45835,5239,2584,2655,9167,4479,4688,10477,5095,5382,9166,4357,4809,5237,2492,2745,1309,628,681,
45840,5239,2584,2655,9168,4479,4689,10477,5095,5382,9167,4358,4809,5237,2492,2745,1310,629,681,
45845,5240,2585,2655,9168,4479,4689,10478,5095,5383,9168,4358,4810,5239,2492,2747,1310,629,681,
45850,5240,2585,2655,9169,4480,4689,10479,5096,5383,9169,4359,4810,5240,2492,2748,1310,629,681,
45855,5240,2585,2655,9171,4481,4690,10480,5096,5384,9170,4359,4811,5240,2492,2748,1310,629,681,
45860,5241,2586,2655,9172,4481,4691,10482,5097,5385,9171,4359,4812,5240,2492,2748,1310,629,681,
45865,5242,2587,2655,9172,4481,4691,10482,5097,5385,9172,4360,4812,5240,2492,2748,1310,629,681,
45870,5243,2588,2655,9174,4483,4691,10485,5098,5387,9173,4360,4813,5241,2492,2749,1310,629,681,
45875,5243,2588,2655,9175,4484,4691,10485,5098,5387,9174,4361,4813,5241,2492,2749,1311,630,681,
45880,5244,2588,2656,9175,4484,4691,10486,5099,5387,9175,4361,4814,5243,2492,2751,1311,630,681,
45885,5244,2588,2656,9176,4484,4692,10487,5099,5388,9176,4361,4815,5244,2492,2752,1311,630,681,
45890,5244,2588,2656,9178,4484,4694,10488,5100,5388,9177,4362,4815,5244,2492,2752,1311,630,681,
45895,5245,2588,2657,9179,4485,4694,10490,5100,5390,9178,4363,4815,5244,2492,2752,1311,630,681,
45900,5246,2589,2657,9179,4485,4694,10490,5100,5390,9179,4363,4816,5244,2492,2752,1311,630,681,
45905,5247,2589,2658,9181,4486,4695,10493,5103,5390,9180,4364,4816,5245,2492,2753,1311,630,681,
45910,5247,2589,2658,9182,4486,4696,10493,5103,5390,9181,4364,4817,5245,2492,2753,1312,630,682,
45915,5248,2589,2659,9182,4486,4696,10494,5103,5391,9182,4364,4818,5247,2493,2754,1312,630,682,
45920,5248,2589,2659,9183,4486,4697,10495,5104,5391,9183,4364,4819,5248,2494,2754,1312,630,682,
45925,5248,2589,2659,9185,4486,4699,10496,5104,5392,9184,4364,4820,5248,2494,2754,1312,630,682,
45930,5249,2590,2659,9186,4486,4700,10498,5104,5394,9185,4365,4820,5248,2494,2754,1312,630,682,
45935,5250,2590,2660,9186,4486,4700,10498,5104,5394,9186,4366,4820,5248,2494,2754,1312,630,682,
45940,5251,2590,2661,9188,4486,4702,10501,5105,5396,9187,4367,4820,5249,2494,2755,1312,630,682,
45945,5251,2590,2661,9189,4486,4703,10501,5105,5396,9188,4368,4820,5249,2494,2755,1313,631,682,
45950,5252,2591,2661,9189,4486,4703,10502,5105,5397,9189,4368,4821,5251,2496,2755,1313,631,682,
45955,5252,2591,2661,9190,4486,4704,10503,5106,5397,9190,4368,4822,5252,2496,2756,1313,631,682,
45960,5252,2591,2661,9192,4487,4705,10504,5107,5397,9191,4368,4823,5252,2496,2756,1313,631,682,
45965,5253,2591,2662,9193,4487,4706,10506,5107,5399,9192,4369,4823,5252,2496,2756,1313,631,682,
45970,5254,2591,2663,9193,4487,4706,10506,5107,5399,9193,4369,4824,5252,2496,2756,1313,631,682,
45975,5255,2591,2664,9195,4487,4708,10509,5108,5401,9194,4369,4825,5253,2497,2756,1313,631,682,
45980,5255,2591,2664,9196,4488,4708,10509,5108,5401,9195,4370,4825,5253,2497,2756,1314,632,682,
45985,5256,2592,2664,9196,4488,4708,10510,5108,5402,9196,4370,4826,5255,2498,2757,1314,632,682,
45990,5256,2592,2664,9197,4488,4709,10511,5109,5402,9197,4371,4826,5256,2499,2757,1314,632,682,
45995,5256,2592,2664,9199,4488,4711,10512,5109,5403,9198,4371,4827,5256,2499,2757,1314,632,682,
46000,5257,2592,2665,9200,4489,4711,10514,5110,5404,9199,4372,4827,5256,2499,2757,1314,632,682,
46005,5258,2593,2665,9200,4489,4711,10514,5110,5404,9200,4373,4827,5256,2499,2757,1314,632,682,
46010,5259,2593,2666,9202,4490,4712,10517,5111,5406,9201,4373,4828,5257,2500,2757,1314,632,682,
46015,5259,2593,2666,9203,4490,4713,10517,5111,5406,9202,4373,4829,5257,2500,2757,1315,632,683,
46020,5260,2593,2667,9203,4490,4713,10518,5112,5406,9203,4374,4829,5259,2501,2758,1315,632,683,
46025,5260,2593,2667,9204,4490,4714,10519,5113,5406,9204,4375,4829,5260,2501,2759,1315,632,683,
46030,5260,2593,2667,9206,4491,4715,10520,5113,5407,9205,4375,4830,5260,2501,2759,1315,632,683,
46035,5261,2593,2668,9207,4492,4715,10522,5115,5407,9206,4376,4830,5260,2501,2759,1315,632,683,
46040,5262,2594,2668,9207,4492,4715,10522,5115,5407,9207,4377,4830,5260,2501,2759,1315,632,683,
46045,5263,2595,2668,9209,4493,4716,10525,5116,5409,9208,4377,4831,5261,2501,2760,1315,632,683,
46050,5263,2595,2668,9210,4494,4716,10525,5116,5409,9209,4377,4832,5261,2501,2760,1316,633,683,
46055,5264,2596,2668,9210,4494,4716,10526,5117,5409,9210,4378,4832,5263,2502,2761,1316,633,683,
46060,5264,2596,2668,9211,4495,4716,10527,5118,5409,9211,4379,4832,5264,2503,2761,1316,633,683,
46065,5264,2596,2668,9213,4495,4718,10528,5119,5409,9212,4380,4832,5264,2503,2761,1316,633,683,
46070,5265,2597,2668,9214,4495,4719,10530,5119,5411,9213,4380,4833,5264,2503,2761,1316,633,683,
46075,5266,2598,2668,9214,4495,4719,10530,5119,5411,9214,4381,4833,5264,2503,2761,1316,633,683,
46080,5267,2598,2669,9216,4495,4721,10533,5119,5414,9215,4382,4833,5265,2503,2762,1316,633,683,
46085,5267,2598,2669,9217,4495,4722,10533,5119,5414,9216,4383,4833,5265,2503,2762,1317,634,683,
46090,5268,2598,2670,9217,4495,4722,10534,5119,5415,9217,4383,4834,5267,2504,2763,1317,634,683,
46095,5268,2598,2670,9218,4496,4722,10535,5119,5416,9218,4383,4835,5268,2504,2764,1317,634,683,
46100,5268,2598,2670,9220,4497,4723,10536,5120,5416,9219,4384,4835,5268,2504,2764,1317,634,683,
46105,5269,2598,2671,9221,4498,4723,10538,5120,5418,9220,4384,4836,5268,2504,2764,1317,634,683,
46110,5270,2598,2672,9221,4498,4723,10538,5120,5418,9221,4385,4836,5268,2504,2764,1317,634,683,
46115,5271,2598,2673,9223,4498,4725,10541,5122,5419,9222,4386,4836,5269,2504,2765,1317,634,683,
46120,5271,2598,2673,9224,4499,4725,10541,5122,5419,9223,4387,4836,5269,2504,2765,1318,635,683,
46125,5272,2599,2673,9224,4499,4725,10542,5122,5420,9224,4387,4837,5271,2506,2765,1318,635,683,
46130,5272,2599,2673,9225,4500,4725,10543,5123,5420,9225,4388,4837,5272,2506,2766,1318,635,683,
46135,5272,2599,2673,9227,4501,4726,10544,5124,5420,9226,4389,4837,5272,2506,2766,1318,635,683,
46140,5273,2599,2674,9228,4501,4727,10546,5126,5420,9227,4390,4837,5272,2506,2766,1318,635,683,
46145,5274,2599,2675,9228,4501,4727,10546,5126,5420,9228,4390,4838,5272,2506,2766,1318,635,683,
46150,5275,2599,2676,9230,4502,4728,10549,5127,5422,9229,4391,4838,5273,2507,2766,1318,635,683,
46155,5275,2599,2676,9231,4503,4728,10549,5127,5422,9230,4391,4839,5273,2507,2766,1319,636,683,
46160,5276,2599,2677,9231,4503,4728,10550,5128,5422,9231,4392,4839,5275,2507,2768,1319,636,683,
46165,5276,2599,2677,9232,4504,4728,10551,5128,5423,9232,4392,4840,5276,2508,2768,1319,636,683,
46170,5276,2599,2677,9234,4504,4730,10552,5129,5423,9233,4393,4840,5276,2508,2768,1319,636,683,
46175,5277,2600,2677,9235,4504,4731,10554,5130,5424,9234,4394,4840,5276,2508,2768,1319,636,683,
46180,5278,2601,2677,9235,4504,4731,10554,5130,5424,9235,4394,4841,5276,2508,2768,1319,636,683,
46185,5279,2601,2678,9237,4505,4732,10557,5131,5426,9236,4394,4842,5277,2509,2768,1319,636,683,
46190,5279,2601,2678,9238,4505,4733,10557,5131,5426,9237,4395,4842,5277,2509,2768,1320,637,683,
46195,5280,2601,2679,9238,4505,4733,10558,5132,5426,9238,4396,4842,5279,2510,2769,1320,637,683,
46200,5280,2601,2679,9239,4506,4733,10559,5133,5426,9239,4396,4843,5280,2510,2770,1320,637,683,
46205,5280,2601,2679,9241,4507,4734,10560,5133,5427,9240,4397,4843,5280,2510,2770,1320,637,683,
46210,5281,2601,2680,9242,4507,4735,10562,5135,5427,9241,4398,4843,5280,2510,2770,1320,637,683,
46215,5282,2602,2680,9242,4507,4735,10562,5135,5427,9242,4398,4844,5280,2510,2770,1320,637,683,
46220,5283,2603,2680,9244,4507,4737,10565,5136,5429,9243,4398,4845,5281,2511,2770,1320,637,683,
46225,5283,2603,2680,9245,4508,4737,10565,5136,5429,9244,4399,4845,5281,2511,2770,1321,638,683,
46230,5284,2604,2680,9245,4508,4737,10566,5137,5429,9245,4400,4845,5283,2512,2771,1321,638,683,
46235,5284,2604,2680,9246,4508,4738,10567,5137,5430,9246,4401,4845,5284,2513,2771,1321,638,683,
46240,5284,2604,2680,9248,4508,4740,10568,5138,5430,9247,4401,4846,5284,2513,2771,1321,638,683,
46245,5285,2605,2680,9249,4508,4741,10570,5139,5431,9248,4401,4847,5284,2513,2771,1321,638,683,
46250,5286,2605,2681,9249,4508,4741,10570,5139,5431,9249,4401,4848,5284,2513,2771,1321,638,683,
46255,5287,2605,2682,9251,4509,4742,10573,5140,5433,9250,4401,4849,5285,2514,2771,1321,638,683,
46260,5287,2605,2682,9252,4509,4743,10573,5140,5433,9251,4402,4849,5285,2514,2771,1322,638,684,
46265,5288,2606,2682,9252,4509,4743,10574,5141,5433,9252,4403,4849,5287,2514,2773,1322,638,684,
46270,5288,2606,2682,9253,4509,4744,10575,5141,5434,9253,4403,4850,5288,2515,2773,1322,638,684,
46275,5288,2606,2682,9255,4509,4746,10576,5141,5435,9254,4404,4850,5288,2515,2773,1322,638,684,
46280,5289,2606,2683,9256,4510,4746,10578,5143,5435,9255,4404,4851,5288,2515,2773,1322,638,684,
46285,5290,2607,2683,9256,4510,4746,10578,5143,5435,9256,4405,4851,5288,2515,2773,1322,638,684,
46290,5291,2607,2684,9258,4511,4747,10581,5144,5437,9257,4406,4851,5289,2516,2773,1322,638,684,
46295,5291,2607,2684,9259,4511,4748,10581,5144,5437,9258,4407,4851,5289,2516,2773,1323,638,685,
46300,5292,2608,2684,9259,4511,4748,10582,5145,5437,9259,4408,4851,5291,2517,2774,1323,638,685,
46305,5292,2608,2684,9260,4511,4749,10583,5145,5438,9260,4409,4851,5292,2518,2774,1323,638,685,
46310,5292,2608,2684,9262,4511,4751,10584,5145,5439,9261,4410,4851,5292,2518,2774,1323,638,685,
46315,5293,2608,2685,9263,4511,4752,10586,5146,5440,9262,4410,4852,5292,2518,2774,1323,638,685,
46320,5294,2609,2685,9263,4511,4752,10586,5146,5440,9263,4411,4852,5292,2518,2774,1323,638,685,
46325,5295,2610,2685,9265,4513,4752,10589,5148,5441,9264,4411,4853,5293,2519,2774,1323,638,685,
46330,5295,2610,2685,9266,4514,4752,10589,5148,5441,9265,4412,4853,5293,2519,2774,1324,638,686,
46335,5296,2611,2685,9266,4514,4752,10590,5149,5441,9266,4413,4853,5295,2521,2774,1324,638,686,
46340,5296,2611,2685,9267,4514,4753,10591,5149,5442,9267,4414,4853,5296,2521,2775,1324,638,686,
46345,5296,2611,2685,9269,4515,4754,10592,5150,5442,9268,4415,4853,5296,2521,2775,1324,638,686,
46350,5297,2612,2685,9270,4516,4754,10594,5151,5443,9269,4415,4854,5296,2521,2775,1324,638,686,
46355,5298,2612,2686,9270,4516,4754,10594,5151,5443,9270,4416,4854,5296,2521,2775,1324,638,686,
46360,5299,2613,2686,9272,4517,4755,10597,5152,5445,9271,4417,4854,5297,2522,2775,1324,638,686,
46365,5299,2613,2686,9273,4518,4755,10597,5152,5445,9272,4418,4854,5297,2522,2775,1325,639,686,
46370,5300,2613,2687,9273,4518,4755,10598,5152,5446,9273,4418,4855,5299,2524,2775,1325,639,686,
46375,5300,2613,2687,9274,4519,4755,10599,5152,5447,9274,4418,4856,5300,2524,2776,1325,639,686,
46380,5300,2613,2687,9276,4521,4755,10600,5153,5447,9275,4418,4857,5300,2524,2776,1325,639,686,
46385,5301,2614,2687,9277,4522,4755,10602,5154,5448,9276,4418,4858,5300,2524,2776,1325,639,686,
46390,5302,2614,2688,9277,4522,4755,10602,5154,5448,9277,4419,4858,5300,2524,2776,1325,639,686,
46395,5303,2614,2689,9279,4523,4756,10605,5156,5449,9278,4420,4858,5301,2525,2776,1325,639,686,
46400,5303,2614,2689,9280,4524,4756,10605,5156,5449,9279,4420,4859,5301,2525,2776,1326,640,686,
46405,5304,2614,2690,9280,4524,4756,10606,5157,5449,9280,4420,4860,5303,2526,2777,1326,640,686,
46410,5304,2614,2690,9281,4524,4757,10607,5158,5449,9281,4420,4861,5304,2526,2778,1326,640,686,
46415,5304,2614,2690,9283,4525,4758,10608,5158,5450,9282,4421,4861,5304,2526,2778,1326,640,686,
46420,5305,2615,2690,9284,4526,4758,10610,5159,5451,9283,4421,4862,5304,2526,2778,1326,640,686,
46425,5306,2616,2690,9284,4526,4758,10610,5159,5451,9284,4422,4862,5304,2526,2778,1326,640,686,
46430,5307,2617,2690,9286,4527,4759,10613,5161,5452,9285,4422,4863,5305,2527,2778,1326,640,686,
46435,5307,2617,2690,9287,4528,4759,10613,5161,5452,9286,4423,4863,5305,2527,2778,1327,640,687,
46440,5308,2618,2690,9287,4528,4759,10614,5161,5453,9287,4423,4864,5307,2529,2778,1327,640,687,
46445,5308,2618,2690,9288,4529,4759,10615,5161,5454,9288,4424,4864,5308,2529,2779,1327,640,687,
46450,5308,2618,2690,9290,4530,4760,10616,5161,5455,9289,4424,4865,5308,2529,2779,1327,640,687,
46455,5309,2619,2690,9291,4531,4760,10618,5162,5456,9290,4425,4865,5308,2529,2779,1327,640,687,
46460,5310,2620,2690,9291,4531,4760,10618,5162,5456,9291,4426,4865,5308,2529,2779,1327,640,687,
46465,5311,2620,2691,9293,4533,4760,10621,5163,5458,9292,4426,4866,5309,2529,2780,1327,640,687,
46470,5311,2620,2691,9294,4533,4761,10621,5163,5458,9293,4427,4866,5309,2529,2780,1328,640,688,
46475,5312,2621,2691,9294,4533,4761,10622,5164,5458,9294,4428,4866,5311,2529,2782,1328,640,688,
46480,5312,2621,2691,9295,4533,4762,10623,5165,5458,9295,4429,4866,5312,2529,2783,1328,640,688,
46485,5312,2621,2691,9297,4534,4763,10624,5166,5458,9296,4429,4867,5312,2529,2783,1328,640,688,
46490,5313,2622,2691,9298,4535,4763,10626,5168,5458,9297,4430,4867,5312,2529,2783,1328,640,688,
46495,5314,2623,2691,9298,4535,4763,10626,5168,5458,9298,4430,4868,5312,2529,2783,1328,640,688,
46500,5315,2624,2691,9300,4537,4763,10629,5170,5459,9299,4431,4868,5313,2530,2783,1328,640,688,
46505,5315,2624,2691,9301,4538,4763,10629,5170,5459,9300,4431,4869,5313,2530,2783,1329,641,688,
46510,5316,2625,2691,9301,4538,4763,10630,5171,5459,9301,4432,4869,5315,2531,2784,1329,641,688,
46515,5316,2625,2691,9302,4538,4764,10631,5172,5459,9302,4433,4869,5316,2532,2784,1329,641,688,
46520,5316,2625,2691,9304,4539,4765,10632,5173,5459,9303,4433,4870,5316,2532,2784,1329,641,688,
46525,5317,2626,2691,9305,4540,4765,10634,5173,5461,9304,4433,4871,5316,2532,2784,1329,641,688,
46530,5318,2627,2691,9305,4540,4765,10634,5173,5461,9305,4433,4872,5316,2532,2784,1329,641,688,
46535,5319,2627,2692,9307,4540,4767,10637,5174,5463,9306,4434,4872,5317,2532,2785,1329,641,688,
46540,5319,2627,2692,9308,4541,4767,10637,5174,5463,9307,4435,4872,5317,2532,2785,1330,641,689,
46545,5320,2628,2692,9308,4541,4767,10638,5175,5463,9308,4435,4873,5319,2534,2785,1330,641,689,
46550,5320,2628,2692,9309,4541,4768,10639,5175,5464,9309,4435,4874,5320,2534,2786,1330,641,689,
46555,5320,2628,2692,9311,4543,4768,10640,5176,5464,9310,4436,4874,5320,2534,2786,1330,641,689,
46560,5321,2629,2692,9312,4544,4768,10642,5177,5465,9311,4436,4875,5320,2534,2786,1330,641,689,
46565,5322,2629,2693,9312,4544,4768,10642,5177,5465,9312,4436,4876,5320,2534,2786,1330,641,689,
46570,5323,2630,2693,9314,4544,4770,10645,5177,5468,9313,4436,4877,5321,2535,2786,1330,641,689,
46575,5323,2630,2693,9315,4545,4770,10645,5177,5468,9314,4436,4878,5321,2535,2786,1331,641,690,
46580,5324,2630,2694,9315,4545,4770,10646,5178,5468,9315,4437,4878,5323,2536,2787,1331,641,690,
46585,5324,2630,2694,9316,4545,4771,10647,5179,5468,9316,4437,4879,5324,2536,2788,1331,641,690,
46590,5324,2630,2694,9318,4547,4771,10648,5180,5468,9317,4438,4879,5324,2536,2788,1331,641,690,
46595,5325,2630,2695,9319,4547,4772,10650,5181,5469,9318,4438,4880,5324,2536,2788,1331,641,690,
46600,5326,2631,2695,9319,4547,4772,10650,5181,5469,9319,4438,4881,5324,2536,2788,1331,641,690,
46605,5327,2632,2695,9321,4548,4773,10653,5183,5470,9320,4438,4882,5325,2537,2788,1331,641,690,
46610,5327,2632,2695,9322,4548,4774,10653,5183,5470,9321,4439,4882,5325,2537,2788,1332,641,691,
46615,5328,2633,2695,9322,4548,4774,10654,5183,5471,9322,4439,4883,5327,2538,2789,1332,641,691,
46620,5328,2633,2695,9323,4549,4774,10655,5184,5471,9323,4440,4883,5328,2538,2790,1332,641,691,
46625,5328,2633,2695,9325,4551,4774,10656,5185,5471,9324,4440,4884,5328,2538,2790,1332,641,691,
46630,5329,2634,2695,9326,4551,4775,10658,5185,5473,9325,4440,4885,5328,2538,2790,1332,641,691,
46635,5330,2634,2696,9326,4551,4775,10658,5185,5473,9326,4441,4885,5328,2538,2790,1332,641,691,
46640,5331,2634,2697,9328,4552,4776,10661,5186,5475,9327,4442,4885,5329,2538,2791,1332,641,691,
46645,5331,2634,2697,9329,4552,4777,10661,5186,5475,9328,4443,4885,5329,2538,2791,1333,641,692,
46650,5332,2634,2698,9329,4552,4777,10662,5186,5476,9329,4444,4885,5331,2539,2792,1333,641,692,
46655,5332,2634,2698,9330,4553,4777,10663,5186,5477,9330,4445,4885,5332,2539,2793,1333,641,692,
46660,5332,2634,2698,9332,4553,4779,10664,5186,5478,9331,4445,4886,5332,2539,2793,1333,641,692,
46665,5333,2635,2698,9333,4554,4779,10666,5187,5479,9332,4445,4887,5332,2539,2793,1333,641,692,
46670,5334,2636,2698,9333,4554,4779,10666,5187,5479,9333,4446,4887,5332,2539,2793,1333,641,692,
46675,5335,2637,2698,9335,4556,4779,10669,5188,5481,9334,4447,4887,5333,2540,2793,1333,641,692,
46680,5335,2637,2698,9336,4556,4780,10669,5188,5481,9335,4447,4888,5333,2540,2793,1334,642,692,
46685,5336,2637,2699,9336,4556,4780,10670,5189,5481,9336,4448,4888,5335,2542,2793,1334,642,692,
46690,5336,2637,2699,9337,4556,4781,10671,5189,5482,9337,4448,4889,5336,2543,2793,1334,642,692,
46695,5336,2637,2699,9339,4557,4782,10672,5189,5483,9338,4449,4889,5336,2543,2793,1334,642,692,
46700,5337,2638,2699,9340,4558,4782,10674,5189,5485,9339,4449,4890,5336,2543,2793,1334,642,692,
46705,5338,2639,2699,9340,4558,4782,10674,5189,5485,9340,4449,4891,5336,2543,2793,1334,642,692,
46710,5339,2640,2699,9342,4558,4784,10677,5190,5487,9341,4450,4891,5337,2544,2793,1334,642,692,
46715,5339,2640,2699,9343,4558,4785,10677,5190,5487,9342,4450,4892,5337,2544,2793,1335,643,692,
46720,5340,2641,2699,9343,4558,4785,10678,5190,5488,9343,4450,4893,5339,2545,2794,1335,643,692,
46725,5340,2641,2699,9344,4559,4785,10679,5191,5488,9344,4451,4893,5340,2546,2794,1335,643,692,
46730,5340,2641,2699,9346,4559,4787,10680,5192,5488,9345,4451,4894,5340,2546,2794,1335,643,692,
46735,5341,2641,2700,9347,4560,4787,10682,5192,5490,9346,4452,4894,5340,2546,2794,1335,643,692,
46740,5342,2641,2701,9347,4560,4787,10682,5192,5490,9347,4453,4894,5340,2546,2794,1335,643,692,
46745,5343,2641,2702,9349,4560,4789,10685,5193,5492,9348,4453,4895,5341,2546,2795,1335,643,692,
46750,5343,2641,2702,9350,4560,4790,10685,5193,5492,9349,4454,4895,5341,2546,2795,1336,643,693,
46755,5344,2641,2703,9350,4560,4790,10686,5193,5493,9350,4455,4895,5343,2546,2797,1336,643,693,
46760,5344,2641,2703,9351,4560,4791,10687,5193,5494,9351,4456,4895,5344,2547,2797,1336,643,693,
46765,5344,2641,2703,9353,4561,4792,10688,5193,5495,9352,4456,4896,5344,2547,2797,1336,643,693,
46770,5345,2642,2703,9354,4561,4793,10690,5195,5495,9353,4457,4896,5344,2547,2797,1336,643,693,
46775,5346,2643,2703,9354,4561,4793,10690,5195,5495,9354,4457,4897,5344,2547,2797,1336,643,693,
46780,5347,2643,2704,9356,4562,4794,10693,5196,5497,9355,4457,4898,5345,2547,2798,1336,643,693,
46785,5347,2643,2704,9357,4563,4794,10693,5196,5497,9356,4457,4899,5345,2547,2798,1337,644,693,
46790,5348,2643,2705,9357,4563,4794,10694,5197,5497,9357,4457,4900,5347,2547,2800,1337,644,693,
46795,5348,2643,2705,9358,4564,4794,10695,5197,5498,9358,4457,4901,5348,2547,2801,1337,644,693,
46800,5348,2643,2705,9360,4565,4795,10696,5197,5499,9359,4458,4901,5348,2547,2801,1337,644,693,
46805,5349,2644,2705,9361,4565,4796,10698,5198,5500,9360,4458,4902,5348,2547,2801,1337,644,693,
46810,5350,2644,2706,9361,4565,4796,10698,5198,5500,9361,4458,4903,5348,2547,2801,1337,644,693,
46815,5351,2645,2706,9363,4565,4798,10701,5199,5502,9362,4458,4904,5349,2547,2802,1337,644,693,
46820,5351,2645,2706,9364,4565,4799,10701,5199,5502,9363,4458,4905,5349,2547,2802,1338,644,694,
46825,5352,2646,2706,9364,4565,4799,10702,5200,5502,9364,4458,4906,5351,2547,2804,1338,644,694,
46830,5352,2646,2706,9365,4566,4799,10703,5200,5503,9365,4458,4907,5352,2547,2805,1338,644,694,
46835,5352,2646,2706,9367,4566,4801,10704,5200,5504,9366,4459,4907,5352,2547,2805,1338,644,694,
46840,5353,2647,2706,9368,4567,4801,10706,5201,5505,9367,4459,4908,5352,2547,2805,1338,644,694,
46845,5354,2647,2707,9368,4567,4801,10706,5201,5505,9368,4459,4909,5352,2547,2805,1338,644,694,
46850,5355,2647,2708,9370,4568,4802,10709,5202,5507,9369,4459,4910,5353,2547,2806,1338,644,694,
46855,5355,2647,2708,9371,4569,4802,10709,5202,5507,9370,4460,4910,5353,2547,2806,1339,644,695,
46860,5356,2648,2708,9371,4569,4802,10710,5202,5508,9371,4460,4911,5355,2549,2806,1339,644,695,
46865,5356,2648,2708,9372,4570,4802,10711,5203,5508,9372,4460,4912,5356,2550,2806,1339,644,695,
46870,5356,2648,2708,9374,4570,4804,10712,5204,5508,9373,4460,4913,5356,2550,2806,1339,644,695,
46875,5357,2649,2708,9375,4570,4805,10714,5204,5510,9374,4461,4913,5356,2550,2806,1339,644,695,
46880,5358,2650,2708,9375,4570,4805,10714,5204,5510,9375,4462,4913,5356,2550,2806,1339,644,695,
46885,5359,2650,2709,9377,4571,4806,10717,5206,5511,9376,4463,4913,5357,2550,2807,1339,644,695,
46890,5359,2650,2709,9378,4572,4806,10717,5206,5511,9377,4463,4914,5357,2550,2807,1340,644,696,
46895,5360,2651,2709,9378,4572,4806,10718,5207,5511,9378,4463,4915,5359,2552,2807,1340,644,696,
46900,5360,2651,2709,9379,4573,4806,10719,5208,5511,9379,4463,4916,5360,2552,2808,1340,644,696,
46905,5360,2651,2709,9381,4574,4807,10720,5208,5512,9380,4463,4917,5360,2552,2808,1340,644,696,
46910,5361,2651,2710,9382,4575,4807,10722,5209,5513,9381,4464,4917,5360,2552,2808,1340,644,696,
46915,5362,2651,2711,9382,4575,4807,10722,5209,5513,9382,4464,4918,5360,2552,2808,1340,644,696,
46920,5363,2651,2712,9384,4576,4808,10725,5210,5515,9383,4465,4918,5361,2553,2808,1340,644,696,
46925,5363,2651,2712,9385,4576,4809,10725,5210,5515,9384,4466,4918,5361,2553,2808,1341,645,696,
46930,5364,2652,2712,9385,4576,4809,10726,5210,5516,9385,4467,4918,5363,2555,2808,1341,645,696,
46935,5364,2652,2712,9386,4576,4810,10727,5210,5517,9386,4468,4918,5364,2555,2809,1341,645,696,
46940,5364,2652,2712,9388,4578,4810,10728,5210,5518,9387,4468,4919,5364,2555,2809,1341,645,696,
46945,5365,2652,2713,9389,4579,4810,10730,5210,5520,9388,4469,4919,5364,2555,2809,1341,645,696,
46950,5366,2652,2714,9389,4579,4810,10730,5210,5520,9389,4469,4920,5364,2555,2809,1341,645,696,
46955,5367,2653,2714,9391,4580,4811,10733,5213,5520,9390,4469,4921,5365,2556,2809,1341,645,696,
46960,5367,2653,2714,9392,4581,4811,10733,5213,5520,9391,4470,4921,5365,2556,2809,1342,646,696,
46965,5368,2653,2715,9392,4581,4811,10734,5214,5520,9392,4470,4922,5367,2558,2809,1342,646,696,
46970,5368,2653,2715,9393,4582,4811,10735,5214,5521,9393,4471,4922,5368,2559,2809,1342,646,696,
46975,5368,2653,2715,9395,4584,4811,10736,5215,5521,9394,4471,4923,5368,2559,2809,1342,646,696,
46980,5369,2654,2715,9396,4585,4811,10738,5216,5522,9395,4472,4923,5368,2559,2809,1342,646,696,
46985,5370,2655,2715,9396,4585,4811,10738,5216,5522,9396,4472,4924,5368,2559,2809,1342,646,696,
46990,5371,2655,2716,9398,4586,4812,10741,5218,5523,9397,4472,4925,5369,2560,2809,1342,646,696,
46995,5371,2655,2716,9399,4586,4813,10741,5218,5523,9398,4473,4925,5369,2560,2809,1343,647,696,
47000,5372,2655,2717,9399,4586,4813,10742,5219,5523,9399,4474,4925,5371,2561,2810,1343,647,696,
47005,5372,2655,2717,9400,4586,4814,10743,5220,5523,9400,4474,4926,5372,2561,2811,1343,647,696,
47010,5372,2655,2717,9402,4587,4815,10744,5220,5524,9401,4474,4927,5372,2561,2811,1343,647,696,
47015,5373,2655,2718,9403,4588,4815,10746,5221,5525,9402,4475,4927,5372,2561,2811,1343,647,696,
47020,5374,2656,2718,9403,4588,4815,10746,5221,5525,9403,4476,4927,5372,2561,2811,1343,647,696,
47025,5375,2657,2718,9405,4588,4817,10749,5221,5528,9404,4476,4928,5373,2562,2811,1343,647,696,
47030,5375,2657,2718,9406,4589,4817,10749,5221,5528,9405,4477,4928,5373,2562,2811,1344,647,697,
47035,5376,2658,2718,9406,4589,4817,10750,5221,5529,9406,4477,4929,5375,2562,2813,1344,647,697,
47040,5376,2658,2718,9407,4590,4817,10751,5221,5530,9407,4477,4930,5376,2563,2813,1344,647,697,
47045,5376,2658,2718,9409,4591,4818,10752,5222,5530,9408,4477,4931,5376,2563,2813,1344,647,697,
47050,5377,2658,2719,9410,4591,4819,10754,5223,5531,9409,4478,4931,5376,2563,2813,1344,647,697,
47055,5378,2659,2719,9410,4591,4819,10754,5223,5531,9410,4478,4932,5376,2563,2813,1344,647,697,
47060,5379,2660,2719,9412,4592,4820,10757,5225,5532,9411,4479,4932,5377,2564,2813,1344,647,697,
47065,5379,2660,2719,9413,4592,4821,10757,5225,5532,9412,4480,4932,5377,2564,2813,1345,647,698,
47070,5380,2661,2719,9413,4592,4821,10758,5225,5533,9413,4481,4932,5379,2565,2814,1345,647,698,
47075,5380,2661,2719,9414,4592,4822,10759,5225,5534,9414,4482,4932,5380,2566,2814,1345,647,698,
47080,5380,2661,2719,9416,4593,4823,10760,5225,5535,9415,4482,4933,5380,2566,2814,1345,647,698,
47085,5381,2661,2720,9417,4594,4823,10762,5226,5536,9416,4483,4933,5380,2566,2814,1345,647,698,
47090,5382,2662,2720,9417,4594,4823,10762,5226,5536,9417,4483,4934,5380,2566,2814,1345,647,698,
47095,5383,2663,2720,9419,4596,4823,10765,5227,5538,9418,4484,4934,5381,2567,2814,1345,647,698,
47100,5383,2663,2720,9420,4597,4823,10765,5227,5538,9419,4485,4934,5381,2567,2814,1346,647,699,
47105,5384,2664,2720,9420,4597,4823,10766,5227,5539,9420,4485,4935,5383,2568,2815,1346,647,699,
47110,5384,2664,2720,9421,4597,4824,10767,5228,5539,9421,4485,4936,5384,2569,2815,1346,647,699,
47115,5384,2664,2720,9423,4598,4825,10768,5229,5539,9422,4486,4936,5384,2569,2815,1346,647,699,
47120,5385,2665,2720,9424,4599,4825,10770,5229,5541,9423,4487,4936,5384,2569,2815,1346,647,699,
47125,5386,2665,2721,9424,4599,4825,10770,5229,5541,9424,4488,4936,5384,2569,2815,1346,647,699,
47130,5387,2666,2721,9426,4601,4825,10773,5230,5543,9425,4488,4937,5385,2570,2815,1346,647,699,
47135,5387,2666,2721,9427,4602,4825,10773,5230,5543,9426,4488,4938,5385,2570,2815,1347,647,700,
47140,5388,2667,2721,9427,4602,4825,10774,5230,5544,9427,4489,4938,5387,2571,2816,1347,647,700,
47145,5388,2667,2721,9428,4602,4826,10775,5230,5545,9428,4490,4938,5388,2572,2816,1347,647,700,
47150,5388,2667,2721,9430,4603,4827,10776,5230,5546,9429,4491,4938,5388,2572,2816,1347,647,700,
47155,5389,2668,2721,9431,4603,4828,10778,5231,5547,9430,4492,4938,5388,2572,2816,1347,647,700,
47160,5390,2669,2721,9431,4603,4828,10778,5231,5547,9431,4493,4938,5388,2572,2816,1347,647,700,
47165,5391,2669,2722,9433,4604,4829,10781,5231,5550,9432,4494,4938,5389,2573,2816,1347,647,700,
47170,5391,2669,2722,9434,4604,4830,10781,5231,5550,9433,4494,4939,5389,2573,2816,1348,648,700,
47175,5392,2670,2722,9434,4604,4830,10782,5231,5551,9434,4495,4939,5391,2573,2818,1348,648,700,
47180,5392,2670,2722,9435,4604,4831,10783,5232,5551,9435,4495,4940,5392,2573,2819,1348,648,700,
47185,5392,2670,2722,9437,4606,4831,10784,5232,5552,9436,4496,4940,5392,2573,2819,1348,648,700,
47190,5393,2670,2723,9438,4606,4832,10786,5233,5553,9437,4496,4941,5392,2573,2819,1348,648,700,
47195,5394,2670,2724,9438,4606,4832,10786,5233,5553,9438,4496,4942,5392,2573,2819,1348,648,700,
47200,5395,2670,2725,9440,4606,4834,10789,5233,5556,9439,4497,4942,5393,2574,2819,1348,648,700,
47205,5395,2670,2725,9441,4607,4834,10789,5233,5556,9440,4498,4942,5393,2574,2819,1349,649,700,
47210,5396,2670,2726,9441,4607,4834,10790,5234,5556,9441,4499,4942,5395,2575,2820,1349,649,700,
47215,5396,2670,2726,9442,4607,4835,10791,5235,5556,9442,4499,4943,5396,2575,2821,1349,649,700,
47220,5396,2670,2726,9444,4607,4837,10792,5236,5556,9443,4499,4944,5396,2575,2821,1349,649,700,
47225,5397,2670,2727,9445,4607,4838,10794,5238,5556,9444,4499,4945,5396,2575,2821,1349,649,700,
47230,5398,2671,2727,9445,4607,4838,10794,5238,5556,9445,4499,4946,5396,2575,2821,1349,649,700,
47235,5399,2672,2727,9447,4608,4839,10797,5239,5558,9446,4499,4947,5397,2576,2821,1349,649,700,
47240,5399,2672,2727,9448,4609,4839,10797,5239,5558,9447,4499,4948,5397,2576,2821,1350,650,700,
47245,5400,2672,2728,9448,4609,4839,10798,5240,5558,9448,4499,4949,5399,2578,2821,1350,650,700,
47250,5400,2672,2728,9449,4609,4840,10799,5240,5559,9449,4500,4949,5400,2579,2821,1350,650,700,
47255,5400,2672,2728,9451,4610,4841,10800,5240,5560,9450,4501,4949,5400,2579,2821,1350,650,700,
47260,5401,2672,2729,9452,4611,4841,10802,5241,5561,9451,4501,4950,5400,2579,2821,1350,650,700,
47265,5402,2672,2730,9452,4611,4841,10802,5241,5561,9452,4502,4950,5400,2579,2821,1350,650,700,
47270,5403,2672,2731,9454,4613,4841,10805,5242,5563,9453,4503,4950,5401,2579,2822,1350,650,700,
47275,5403,2672,2731,9455,4613,4842,10805,5242,5563,9454,4503,4951,5401,2579,2822,1351,651,700,
47280,5404,2672,2732,9455,4613,4842,10806,5243,5563,9455,4504,4951,5403,2580,2823,1351,651,700,
47285,5404,2672,2732,9456,4613,4843,10807,5243,5564,9456,4505,4951,5404,2581,2823,1351,651,700,
47290,5404,2672,2732,9458,4613,4845,10808,5243,5565,9457,4506,4951,5404,2581,2823,1351,651,700,
47295,5405,2672,2733,9459,4614,4845,10810,5244,5566,9458,4506,4952,5404,2581,2823,1351,651,700,
47300,5406,2672,2734,9459,4614,4845,10810,5244,5566,9459,4507,4952,5404,2581,2823,1351,651,700,
47305,5407,2673,2734,9461,4615,4846,10813,5246,5567,9460,4507,4953,5405,2582,2823,1351,651,700,
47310,5407,2673,2734,9462,4615,4847,10813,5246,5567,9461,4508,4953,5405,2582,2823,1352,651,701,
47315,5408,2673,2735,9462,4615,4847,10814,5247,5567,9462,4508,4954,5407,2582,2825,1352,651,701,
47320,5408,2673,2735,9463,4616,4847,10815,5247,5568,9463,4509,4954,5408,2582,2826,1352,651,701,
47325,5408,2673,2735,9465,4618,4847,10816,5248,5568,9464,4509,4955,5408,2582,2826,1352,651,701,
47330,5409,2673,2736,9466,4619,4847,10818,5249,5569,9465,4510,4955,5408,2582,2826,1352,651,701,
47335,5410,2674,2736,9466,4619,4847,10818,5249,5569,9466,4510,4956,5408,2582,2826,1352,651,701,
47340,5411,2674,2737,9468,4620,4848,10821,5251,5570,9467,4510,4957,5409,2583,2826,1352,651,701,
47345,5411,2674,2737,9469,4620,4849,10821,5251,5570,9468,4510,4958,5409,2583,2826,1353,652,701,
47350,5412,2674,2738,9469,4620,4849,10822,5251,5571,9469,4510,4959,5411,2584,2827,1353,652,701,
47355,5412,2674,2738,9470,4621,4849,10823,5252,5571,9470,4510,4960,5412,2585,2827,1353,652,701,
47360,5412,2674,2738,9472,4621,4851,10824,5253,5571,9471,4511,4960,5412,2585,2827,1353,652,701,
47365,5413,2674,2739,9473,4622,4851,10826,5254,5572,9472,4511,4961,5412,2585,2827,1353,652,701,
47370,5414,2674,2740,9473,4622,4851,10826,5254,5572,9473,4511,4962,5412,2585,2827,1353,652,701,
47375,5415,2675,2740,9475,4623,4852,10829,5254,5575,9474,4512,4962,5413,2585,2828,1353,652,701,
47380,5415,2675,2740,9476,4623,4853,10829,5254,5575,9475,4512,4963,5413,2585,2828,1354,652,702,
47385,5416,2675,2741,9476,4623,4853,10830,5254,5576,9476,4512,4964,5415,2587,2828,1354,652,702,
47390,5416,2675,2741,9477,4623,4854,10831,5254,5577,9477,4512,4965,5416,2588,2828,1354,652,702,
47395,5416,2675,2741,9479,4625,4854,10832,5255,5577,9478,4512,4966,5416,2588,2828,1354,652,702,
47400,5417,2675,2742,9480,4626,4854,10834,5256,5578,9479,4513,4966,5416,2588,2828,1354,652,702,
47405,5418,2675,2743,9480,4626,4854,10834,5256,5578,9480,4514,4966,5416,2588,2828,1354,652,702,
47410,5419,2675,2744,9482,4627,4855,10837,5258,5579,9481,4515,4966,5417,2589,2828,1354,652,702,
47415,5419,2675,2744,9483,4628,4855,10837,5258,5579,9482,4515,4967,5417,2589,2828,1355,652,703,
47420,5420,2676,2744,9483,4628,4855,10838,5259,5579,9483,4516,4967,5419,2590,2829,1355,652,703,
47425,5420,2676,2744,9484,4628,4856,10839,5259,5580,9484,4517,4967,5420,2590,2830,1355,652,703,
47430,5420,2676,2744,9486,4629,4857,10840,5260,5580,9485,4518,4967,5420,2590,2830,1355,652,703,
47435,5421,2676,2745,9487,4629,4858,10842,5261,5581,9486,4519,4967,5420,2590,2830,1355,652,703,
47440,5422,2676,2746,9487,4629,4858,10842,5261,5581,9487,4520,4967,5420,2590,2830,1355,652,703,
47445,5423,2676,2747,9489,4629,4860,10845,5263,5582,9488,4520,4968,5421,2590,2831,1355,652,703,
47450,5423,2676,2747,9490,4630,4860,10845,5263,5582,9489,4521,4968,5421,2590,2831,1356,652,704,
47455,5424,2676,2748,9490,4630,4860,10846,5263,5583,9490,4521,4969,5423,2591,2832,1356,652,704,
47460,5424,2676,2748,9491,4631,4860,10847,5263,5584,9491,4522,4969,5424,2591,2833,1356,652,704,
47465,5424,2676,2748,9493,4632,4861,10848,5263,5585,9492,4522,4970,5424,2591,2833,1356,652,704,
47470,5425,2676,2749,9494,4633,4861,10850,5264,5586,9493,4523,4970,5424,2591,2833,1356,652,704,
47475,5426,2677,2749,9494,4633,4861,10850,5264,5586,9494,4523,4971,5424,2591,2833,1356,652,704,
47480,5427,2677,2750,9496,4633,4863,10853,5266,5587,9495,4523,4972,5425,2592,2833,1356,652,704,
47485,5427,2677,2750,9497,4633,4864,10853,5266,5587,9496,4524,4972,5425,2592,2833,1357,652,705,
47490,5428,2677,2751,9497,4633,4864,10854,5266,5588,9497,4525,4972,5427,2593,2834,1357,652,705,
47495,5428,2677,2751,9498,4634,4864,10855,5266,5589,9498,4526,4972,5428,2594,2834,1357,652,705,
47500,5428,2677,2751,9500,4636,4864,10856,5267,5589,9499,4527,4972,5428,2594,2834,1357,652,705,
47505,5429,2677,2752,9501,4637,4864,10858,5268,5590,9500,4527,4973,5428,2594,2834,1357,652,705,
47510,5430,2677,2753,9501,4637,4864,10858,5268,5590,9501,4528,4973,5428,2594,2834,1357,652,705,
47515,5431,2678,2753,9503,4638,4865,10861,5268,5593,9502,4528,4974,5429,2594,2835,1357,652,705,
47520,5431,2678,2753,9504,4638,4866,10861,5268,5593,9503,4529,4974,5429,2594,2835,1358,652,706,
47525,5432,2678,2754,9504,4638,4866,10862,5269,5593,9504,4530,4974,5431,2594,2837,1358,652,706,
47530,5432,2678,2754,9505,4638,4867,10863,5269,5594,9505,4531,4974,5432,2595,2837,1358,652,706,
47535,5432,2678,2754,9507,4639,4868,10864,5269,5595,9506,4531,4975,5432,2595,2837,1358,652,706,
47540,5433,2678,2755,9508,4640,4868,10866,5271,5595,9507,4531,4976,5432,2595,2837,1358,652,706,
47545,5434,2678,2756,9508,4640,4868,10866,5271,5595,9508,4532,4976,5432,2595,2837,1358,652,706,
47550,5435,2679,2756,9510,4641,4869,10869,5271,5598,9509,4533,4976,5433,2596,2837,1358,652,706,
47555,5435,2679,2756,9511,4642,4869,10869,5271,5598,9510,4533,4977,5433,2596,2837,1359,652,707,
47560,5436,2679,2757,9511,4642,4869,10870,5271,5599,9511,4534,4977,5435,2598,2837,1359,652,707,
47565,5436,2679,2757,9512,4643,4869,10871,5271,5600,9512,4534,4978,5436,2598,2838,1359,652,707,
47570,5436,2679,2757,9514,4644,4870,10872,5271,5601,9513,4534,4979,5436,2598,2838,1359,652,707,
47575,5437,2680,2757,9515,4645,4870,10874,5272,5602,9514,4535,4979,5436,2598,2838,1359,652,707,
47580,5438,2681,2757,9515,4645,4870,10874,5272,5602,9515,4535,4980,5436,2598,2838,1359,652,707,
47585,5439,2681,2758,9517,4646,4871,10877,5274,5603,9516,4536,4980,5437,2598,2839,1359,652,707,
47590,5439,2681,2758,9518,4646,4872,10877,5274,5603,9517,4536,4981,5437,2598,2839,1360,652,708,
47595,5440,2681,2759,9518,4646,4872,10878,5275,5603,9518,4536,4982,5439,2600,2839,1360,652,708,
47600,5440,2681,2759,9519,4647,4872,10879,5276,5603,9519,4536,4983,5440,2600,2840,1360,652,708,
47605,5440,2681,2759,9521,4648,4873,10880,5277,5603,9520,4536,4984,5440,2600,2840,1360,652,708,
47610,5441,2681,2760,9522,4648,4874,10882,5278,5604,9521,4537,4984,5440,2600,2840,1360,652,708,
47615,5442,2682,2760,9522,4648,4874,10882,5278,5604,9522,4537,4985,5440,2600,2840,1360,652,708,
47620,5443,2682,2761,9524,4649,4875,10885,5280,5605,9523,4538,4985,5441,2601,2840,1360,652,708,
47625,5443,2682,2761,9525,4650,4875,10885,5280,5605,9524,4539,4985,5441,2601,2840,1361,653,708,
47630,5444,2683,2761,9525,4650,4875,10886,5280,5606,9525,4540,4985,5443,2602,2841,1361,653,708,
47635,5444,2683,2761,9526,4651,4875,10887,5280,5607,9526,4541,4985,5444,2603,2841,1361,653,708,
47640,5444,2683,2761,9528,4653,4875,10888,5281,5607,9527,4541,4986,5444,2603,2841,1361,653,708,
47645,5445,2684,2761,9529,4654,4875,10890,5281,5609,9528,4541,4987,5444,2603,2841,1361,653,708,
47650,5446,2684,2762,9529,4654,4875,10890,5281,5609,9529,4542,4987,5444,2603,2841,1361,653,708,
47655,5447,2684,2763,9531,4654,4877,10893,5284,5609,9530,4542,4988,5445,2603,2842,1361,653,708,
47660,5447,2684,2763,9532,4655,4877,10893,5284,5609,9531,4543,4988,5445,2603,2842,1362,654,708,
47665,5448,2685,2763,9532,4655,4877,10894,5285,5609,9532,4543,4989,5447,2605,2842,1362,654,708,
47670,5448,2685,2763,9533,4656,4877,10895,5285,5610,9533,4543,4990,5448,2606,2842,1362,654,708,
47675,5448,2685,2763,9535,4658,4877,10896,5285,5611,9534,4544,4990,5448,2606,2842,1362,654,708,
47680,5449,2685,2764,9536,4659,4877,10898,5285,5613,9535,4544,4991,5448,2606,2842,1362,654,708,
47685,5450,2686,2764,9536,4659,4877,10898,5285,5613,9536,4545,4991,5448,2606,2842,1362,654,708,
47690,5451,2687,2764,9538,4659,4879,10901,5287,5614,9537,4546,4991,5449,2607,2842,1362,654,708,
47695,5451,2687,2764,9539,4659,4880,10901,5287,5614,9538,4547,4991,5449,2607,2842,1363,655,708,
47700,5452,2688,2764,9539,4659,4880,10902,5287,5615,9539,4547,4992,5451,2609,2842,1363,655,708,
47705,5452,2688,2764,9540,4659,4881,10903,5287,5616,9540,4547,4993,5452,2610,2842,1363,655,708,
47710,5452,2688,2764,9542,4659,4883,10904,5288,5616,9541,4548,4993,5452,2610,2842,1363,655,708,
47715,5453,2688,2765,9543,4659,4884,10906,5289,5617,9542,4549,4993,5452,2610,2842,1363,655,708,
47720,5454,2688,2766,9543,4659,4884,10906,5289,5617,9543,4549,4994,5452,2610,2842,1363,655,708,
47725,5455,2688,2767,9545,4660,4885,10909,5289,5620,9544,4550,4994,5453,2610,2843,1363,655,708,
47730,5455,2688,2767,9546,4661,4885,10909,5289,5620,9545,4551,4994,5453,2610,2843,1364,656,708,
47735,5456,2689,2767,9546,4661,4885,10910,5289,5621,9546,4552,4994,5455,2611,2844,1364,656,708,
47740,5456,2689,2767,9547,4662,4885,10911,5289,5622,9547,4553,4994,5456,2612,2844,1364,656,708,
47745,5456,2689,2767,9549,4662,4887,10912,5289,5623,9548,4554,4994,5456,2612,2844,1364,656,708,
47750,5457,2689,2768,9550,4663,4887,10914,5290,5624,9549,4555,4994,5456,2612,2844,1364,656,708,
47755,5458,2690,2768,9550,4663,4887,10914,5290,5624,9550,4555,4995,5456,2612,2844,1364,656,708,
47760,5459,2690,2769,9552,4664,4888,10917,5291,5626,9551,4556,4995,5457,2613,2844,1364,656,708,
47765,5459,2690,2769,9553,4664,4889,10917,5291,5626,9552,4557,4995,5457,2613,2844,1365,656,709,
47770,5460,2690,2770,9553,4664,4889,10918,5291,5627,9553,4557,4996,5459,2613,2846,1365,656,709,
47775,5460,2690,2770,9554,4664,4890,10919,5292,5627,9554,4558,4996,5460,2614,2846,1365,656,709,
47780,5460,2690,2770,9556,4664,4892,10920,5293,5627,9555,4559,4996,5460,2614,2846,1365,656,709,
47785,5461,2690,2771,9557,4664,4893,10922,5294,5628,9556,4560,4996,5460,2614,2846,1365,656,709,
47790,5462,2691,2771,9557,4664,4893,10922,5294,5628,9557,4560,4997,5460,2614,2846,1365,656,709,
47795,5463,2692,2771,9559,4665,4894,10925,5296,5629,9558,4560,4998,5461,2615,2846,1365,656,709,
47800,5463,2692,2771,9560,4666,4894,10925,5296,5629,9559,4560,4999,5461,2615,2846,1366,657,709,
47805,5464,2692,2772,9560,4666,4894,10926,5297,5629,9560,4561,4999,5463,2616,2847,1366,657,709,
47810,5464,2692,2772,9561,4667,4894,10927,5298,5629,9561,4562,4999,5464,2616,2848,1366,657,709,
47815,5464,2692,2772,9563,4667,4896,10928,5299,5629,9562,4562,5000,5464,2616,2848,1366,657,709,
47820,5465,2693,2772,9564,4668,4896,10930,5299,5631,9563,4562,5001,5464,2616,2848,1366,657,709,
47825,5466,2693,2773,9564,4668,4896,10930,5299,5631,9564,4563,5001,5464,2616,2848,1366,657,709,
47830,5467,2694,2773,9566,4669,4897,10933,5300,5633,9565,4563,5002,5465,2616,2849,1366,657,709,
47835,5467,2694,2773,9567,4669,4898,10933,5300,5633,9566,4564,5002,5465,2616,2849,1367,657,710,
47840,5468,2694,2774,9567,4669,4898,10934,5300,5634,9567,4565,5002,5467,2618,2849,1367,657,710,
47845,5468,2694,2774,9568,4670,4898,10935,5300,5635,9568,4565,5003,5468,2618,2850,1367,657,710,
47850,5468,2694,2774,9570,4671,4899,10936,5300,5636,9569,4566,5003,5468,2618,2850,1367,657,710,
47855,5469,2694,2775,9571,4671,4900,10938,5302,5636,9570,4566,5004,5468,2618,2850,1367,657,710,
47860,5470,2695,2775,9571,4671,4900,10938,5302,5636,9571,4566,5005,5468,2618,2850,1367,657,710,
47865,5471,2696,2775,9573,4671,4902,10941,5303,5638,9572,4567,5005,5469,2618,2851,1367,657,710,
47870,5471,2696,2775,9574,4671,4903,10941,5303,5638,9573,4567,5006,5469,2618,2851,1368,657,711,
47875,5472,2696,2776,9574,4671,4903,10942,5303,5639,9574,4568,5006,5471,2620,2851,1368,657,711,
47880,5472,2696,2776,9575,4671,4904,10943,5304,5639,9575,4569,5006,5472,2620,2852,1368,657,711,
47885,5472,2696,2776,9577,4672,4905,10944,5305,5639,9576,4570,5006,5472,2620,2852,1368,657,711,
47890,5473,2697,2776,9578,4672,4906,10946,5306,5640,9577,4570,5007,5472,2620,2852,1368,657,711,
47895,5474,2697,2777,9578,4672,4906,10946,5306,5640,9578,4571,5007,5472,2620,2852,1368,657,711,
47900,5475,2698,2777,9580,4672,4908,10949,5308,5641,9579,4572,5007,5473,2620,2853,1368,657,711,
47905,5475,2698,2777,9581,4672,4909,10949,5308,5641,9580,4572,5008,5473,2620,2853,1369,657,712,
47910,5476,2699,2777,9581,4672,4909,10950,5309,5641,9581,4573,5008,5475,2620,2855,1369,657,712,
47915,5476,2699,2777,9582,4672,4910,10951,5309,5642,9582,4573,5009,5476,2620,2856,1369,657,712,
47920,5476,2699,2777,9584,4672,4912,10952,5310,5642,9583,4573,5010,5476,2620,2856,1369,657,712,
47925,5477,2699,2778,9585,4672,4913,10954,5312,5642,9584,4574,5010,5476,2620,2856,1369,657,712,
47930,5478,2700,2778,9585,4672,4913,10954,5312,5642,9585,4575,5010,5476,2620,2856,1369,657,712,
47935,5479,2701,2778,9587,4674,4913,10957,5315,5642,9586,4576,5010,5477,2620,2857,1369,657,712,
47940,5479,2701,2778,9588,4674,4914,10957,5315,5642,9587,4576,5011,5477,2620,2857,1370,658,712,
47945,5480,2701,2779,9588,4674,4914,10958,5315,5643,9588,4576,5012,5479,2621,2858,1370,658,712,
47950,5480,2701,2779,9589,4675,4914,10959,5315,5644,9589,4577,5012,5480,2622,2858,1370,658,712,
47955,5480,2701,2779,9591,4677,4914,10960,5316,5644,9590,4577,5013,5480,2622,2858,1370,658,712,
47960,5481,2701,2780,9592,4678,4914,10962,5317,5645,9591,4577,5014,5480,2622,2858,1370,658,712,
47965,5482,2702,2780,9592,4678,4914,10962,5317,5645,9592,4577,5015,5480,2622,2858,1370,658,712,
47970,5483,2702,2781,9594,4679,4915,10965,5317,5648,9593,4578,5015,5481,2622,2859,1370,658,712,
47975,5483,2702,2781,9595,4679,4916,10965,5317,5648,9594,4579,5015,5481,2622,2859,1371,658,713,
47980,5484,2702,2782,9595,4679,4916,10966,5318,5648,9595,4579,5016,5483,2623,2860,1371,658,713,
47985,5484,2702,2782,9596,4680,4916,10967,5319,5648,9596,4579,5017,5484,2623,2861,1371,658,713,
47990,5484,2702,2782,9598,4681,4917,10968,5320,5648,9597,4580,5017,5484,2623,2861,1371,658,713,
47995,5485,2702,2783,9599,4682,4917,10970,5321,5649,9598,4580,5018,5484,2623,2861,1371,658,713,
48000,5486,2702,2784,9599,4682,4917,10970,5321,5649,9599,4580,5019,5484,2623,2861,1371,658,713,
48005,5487,2703,2784,9601,4683,4918,10973,5323,5650,9600,4580,5020,5485,2623,2862,1371,658,713,
48010,5487,2703,2784,9602,4684,4918,10973,5323,5650,9601,4581,5020,5485,2623,2862,1372,658,714,
48015,5488,2703,2785,9602,4684,4918,10974,5323,5651,9602,4582,5020,5487,2624,2863,1372,658,714,
48020,5488,2703,2785,9603,4685,4918,10975,5323,5652,9603,4583,5020,5488,2625,2863,1372,658,714,
48025,5488,2703,2785,9605,4687,4918,10976,5324,5652,9604,4583,5021,5488,2625,2863,1372,658,714,
48030,5489,2704,2785,9606,4688,4918,10978,5326,5652,9605,4583,5022,5488,2625,2863,1372,658,714,
48035,5490,2704,2786,9606,4688,4918,10978,5326,5652,9606,4583,5023,5488,2625,2863,1372,658,714,
48040,5491,2705,2786,9608,4688,4920,10981,5329,5652,9607,4583,5024,5489,2626,2863,1372,658,714,
48045,5491,2705,2786,9609,4688,4921,10981,5329,5652,9608,4583,5025,5489,2626,2863,1373,659,714,
48050,5492,2706,2786,9609,4688,4921,10982,5329,5653,9609,4584,5025,5491,2628,2863,1373,659,714,
48055,5492,2706,2786,9610,4688,4922,10983,5329,5654,9610,4584,5026,5492,2628,2864,1373,659,714,
48060,5492,2706,2786,9612,4689,4923,10984,5329,5655,9611,4584,5027,5492,2628,2864,1373,659,714,
48065,5493,2707,2786,9613,4689,4924,10986,5330,5656,9612,4585,5027,5492,2628,2864,1373,659,714,
48070,5494,2707,2787,9613,4689,4924,10986,5330,5656,9613,4586,5027,5492,2628,2864,1373,659,714,
48075,5495,2707,2788,9615,4691,4924,10989,5332,5657,9614,4587,5027,5493,2629,2864,1373,659,714,
48080,5495,2707,2788,9616,4692,4924,10989,5332,5657,9615,4588,5027,5493,2629,2864,1374,659,715,
48085,5496,2707,2789,9616,4692,4924,10990,5332,5658,9616,4589,5027,5495,2631,2864,1374,659,715,
48090,5496,2707,2789,9617,4692,4925,10991,5333,5658,9617,4590,5027,5496,2631,2865,1374,659,715,
48095,5496,2707,2789,9619,4694,4925,10992,5334,5658,9618,4590,5028,5496,2631,2865,1374,659,715,
48100,5497,2708,2789,9620,4695,4925,10994,5336,5658,9619,4590,5029,5496,2631,2865,1374,659,715,
48105,5498,2708,2790,9620,4695,4925,10994,5336,5658,9620,4591,5029,5496,2631,2865,1374,659,715,
48110,5499,2708,2791,9622,4695,4927,10997,5336,5661,9621,4591,5030,5497,2631,2866,1374,659,715,
48115,5499,2708,2791,9623,4695,4928,10997,5336,5661,9622,4591,5031,5497,2631,2866,1375,659,716,
48120,5500,2708,2792,9623,4695,4928,10998,5336,5662,9623,4591,5032,5499,2633,2866,1375,659,716,
48125,5500,2708,2792,9624,4695,4929,10999,5336,5663,9624,4591,5033,5500,2634,2866,1375,659,716,
48130,5500,2708,2792,9626,4695,4931,11000,5336,5664,9625,4592,5033,5500,2634,2866,1375,659,716,
48135,5501,2708,2793,9627,4695,4932,11002,5337,5665,9626,4592,5034,5500,2634,2866,1375,659,716,
48140,5502,2708,2794,9627,4695,4932,11002,5337,5665,9627,4592,5035,5500,2634,2866,1375,659,716,
48145,5503,2709,2794,9629,4696,4933,11005,5340,5665,9628,4593,5035,5501,2635,2866,1375,659,716,
48150,5503,2709,2794,9630,4697,4933,11005,5340,5665,9629,4594,5035,5501,2635,2866,1376,660,716,
48155,5504,2709,2795,9630,4697,4933,11006,5340,5666,9630,4594,5036,5503,2635,2868,1376,660,716,
48160,5504,2709,2795,9631,4697,4934,11007,5340,5667,9631,4595,5036,5504,2636,2868,1376,660,716,
48165,5504,2709,2795,9633,4698,4935,11008,5341,5667,9632,4596,5036,5504,2636,2868,1376,660,716,
48170,5505,2709,2796,9634,4699,4935,11010,5343,5667,9633,4597,5036,5504,2636,2868,1376,660,716,
48175,5506,2710,2796,9634,4699,4935,11010,5343,5667,9634,4597,5037,5504,2636,2868,1376,660,716,
48180,5507,2710,2797,9636,4700,4936,11013,5345,5668,9635,4598,5037,5505,2636,2869,1376,660,716,
48185,5507,2710,2797,9637,4700,4937,11013,5345,5668,9636,4599,5037,5505,2636,2869,1377,661,716,
48190,5508,2710,2798,9637,4700,4937,11014,5345,5669,9637,4599,5038,5507,2636,2871,1377,661,716,
48195,5508,2710,2798,9638,4701,4937,11015,5345,5670,9638,4599,5039,5508,2637,2871,1377,661,716,
48200,5508,2710,2798,9640,4701,4939,11016,5345,5671,9639,4600,5039,5508,2637,2871,1377,661,716,
48205,5509,2710,2799,9641,4701,4940,11018,5346,5672,9640,4601,5039,5508,2637,2871,1377,661,716,
48210,5510,2711,2799,9641,4701,4940,11018,5346,5672,9641,4601,5040,5508,2637,2871,1377,661,716,
48215,5511,2711,2800,9643,4702,4941,11021,5346,5675,9642,4601,5041,5509,2638,2871,1377,661,716,
48220,5511,2711,2800,9644,4702,4942,11021,5346,5675,9643,4602,5041,5509,2638,2871,1378,662,716,
48225,5512,2712,2800,9644,4702,4942,11022,5346,5676,9644,4603,5041,5511,2640,2871,1378,662,716,
48230,5512,2712,2800,9645,4702,4943,11023,5347,5676,9645,4603,5042,5512,2641,2871,1378,662,716,
48235,5512,2712,2800,9647,4702,4945,11024,5348,5676,9646,4603,5043,5512,2641,2871,1378,662,716,
48240,5513,2712,2801,9648,4702,4946,11026,5348,5678,9647,4604,5043,5512,2641,2871,1378,662,716,
48245,5514,2713,2801,9648,4702,4946,11026,5348,5678,9648,4605,5043,5512,2641,2871,1378,662,716,
48250,5515,2714,2801,9650,4704,4946,11029,5349,5680,9649,4605,5044,5513,2642,2871,1378,662,716,
48255,5515,2714,2801,9651,4705,4946,11029,5349,5680,9650,4606,5044,5513,2642,2871,1379,662,717,
48260,5516,2715,2801,9651,4705,4946,11030,5349,5681,9651,4607,5044,5515,2643,2872,1379,662,717,
48265,5516,2715,2801,9652,4706,4946,11031,5349,5682,9652,4608,5044,5516,2644,2872,1379,662,717,
48270,5516,2715,2801,9654,4707,4947,11032,5350,5682,9653,4609,5044,5516,2644,2872,1379,662,717,
48275,5517,2715,2802,9655,4707,4948,11034,5350,5684,9654,4609,5045,5516,2644,2872,1379,662,717,
48280,5518,2715,2803,9655,4707,4948,11034,5350,5684,9655,4609,5046,5516,2644,2872,1379,662,717,
48285,5519,2715,2804,9657,4708,4949,11037,5352,5685,9656,4610,5046,5517,2644,2873,1379,662,717,
48290,5519,2715,2804,9658,4709,4949,11037,5352,5685,9657,4611,5046,5517,2644,2873,1380,662,718,
48295,5520,2715,2805,9658,4709,4949,11038,5352,5686,9658,4611,5047,5519,2645,2874,1380,662,718,
48300,5520,2715,2805,9659,4710,4949,11039,5353,5686,9659,4611,5048,5520,2646,2874,1380,662,718,
48305,5520,2715,2805,9661,4712,4949,11040,5353,5687,9660,4611,5049,5520,2646,2874,1380,662,718,
48310,5521,2715,2806,9662,4713,4949,11042,5354,5688,9661,4611,5050,5520,2646,2874,1380,662,718,
48315,5522,2716,2806,9662,4713,4949,11042,5354,5688,9662,4611,5051,5520,2646,2874,1380,662,718,
48320,5523,2717,2806,9664,4714,4950,11045,5355,5690,9663,4612,5051,5521,2647,2874,1380,662,718,
48325,5523,2717,2806,9665,4714,4951,11045,5355,5690,9664,4612,5052,5521,2647,2874,1381,663,718,
48330,5524,2717,2807,9665,4714,4951,11046,5356,5690,9665,4612,5053,5523,2647,2876,1381,663,718,
48335,5524,2717,2807,9666,4715,4951,11047,5356,5691,9666,4613,5053,5524,2648,2876,1381,663,718,
48340,5524,2717,2807,9668,4716,4952,11048,5356,5692,9667,4614,5053,5524,2648,2876,1381,663,718,
48345,5525,2718,2807,9669,4717,4952,11050,5358,5692,9668,4614,5054,5524,2648,2876,1381,663,718,
48350,5526,2718,2808,9669,4717,4952,11050,5358,5692,9669,4614,5055,5524,2648,2876,1381,663,718,
48355,5527,2719,2808,9671,4718,4953,11053,5360,5693,9670,4614,5056,5525,2649,2876,1381,663,718,
48360,5527,2719,2808,9672,4718,4954,11053,5360,5693,9671,4615,5056,5525,2649,2876,1382,663,719,
48365,5528,2720,2808,9672,4718,4954,11054,5360,5694,9672,4615,5057,5527,2650,2877,1382,663,719,
48370,5528,2720,2808,9673,4719,4954,11055,5360,5695,9673,4616,5057,5528,2651,2877,1382,663,719,
48375,5528,2720,2808,9675,4720,4955,11056,5360,5696,9674,4617,5057,5528,2651,2877,1382,663,719,
48380,5529,2720,2809,9676,4721,4955,11058,5361,5697,9675,4618,5057,5528,2651,2877,1382,663,719,
48385,5530,2721,2809,9676,4721,4955,11058,5361,5697,9676,4619,5057,5528,2651,2877,1382,663,719,
48390,5531,2722,2809,9678,4722,4956,11061,5363,5698,9677,4619,5058,5529,2652,2877,1382,663,719,
48395,5531,2722,2809,9679,4723,4956,11061,5363,5698,9678,4619,5059,5529,2652,2877,1383,663,720,
48400,5532,2723,2809,9679,4723,4956,11062,5363,5699,9679,4620,5059,5531,2653,2878,1383,663,720,
48405,5532,2723,2809,9680,4723,4957,11063,5364,5699,9680,4621,5059,5532,2654,2878,1383,663,720,
48410,5532,2723,2809,9682,4725,4957,11064,5365,5699,9681,4621,5060,5532,2654,2878,1383,663,720,
48415,5533,2723,2810,9683,4726,4957,11066,5366,5700,9682,4621,5061,5532,2654,2878,1383,663,720,
48420,5534,2723,2811,9683,4726,4957,11066,5366,5700,9683,4622,5061,5532,2654,2878,1383,663,720,
48425,5535,2723,2812,9685,4727,4958,11069,5367,5702,9684,4622,5062,5533,2655,2878,1383,663,720,
48430,5535,2723,2812,9686,4727,4959,11069,5367,5702,9685,4622,5063,5533,2655,2878,1384,663,721,
48435,5536,2724,2812,9686,4727,4959,11070,5367,5703,9686,4622,5064,5535,2656,2879,1384,663,721,
48440,5536,2724,2812,9687,4727,4960,11071,5368,5703,9687,4622,5065,5536,2656,2880,1384,663,721,
48445,5536,2724,2812,9689,4728,4961,11072,5368,5704,9688,4623,5065,5536,2656,2880,1384,663,721,
48450,5537,2724,2813,9690,4728,4962,11074,5368,5706,9689,4623,5066,5536,2656,2880,1384,663,721,
48455,5538,2725,2813,9690,4728,4962,11074,5368,5706,9690,4623,5067,5536,2656,2880,1384,663,721,
48460,5539,2725,2814,9692,4729,4963,11077,5370,5707,9691,4624,5067,5537,2656,2881,1384,663,721,
48465,5539,2725,2814,9693,4729,4964,11077,5370,5707,9692,4625,5067,5537,2656,2881,1385,663,722,
48470,5540,2726,2814,9693,4729,4964,11078,5371,5707,9693,4626,5067,5539,2656,2883,1385,663,722,
48475,5540,2726,2814,9694,4730,4964,11079,5372,5707,9694,4626,5068,5540,2657,2883,1385,663,722,
48480,5540,2726,2814,9696,4730,4966,11080,5372,5708,9695,4627,5068,5540,2657,2883,1385,663,722,
48485,5541,2726,2815,9697,4731,4966,11082,5372,5710,9696,4628,5068,5540,2657,2883,1385,663,722,
48490,5542,2726,2816,9697,4731,4966,11082,5372,5710,9697,4629,5068,5540,2657,2883,1385,663,722,
48495,5543,2727,2816,9699,4732,4967,11085,5373,5712,9698,4630,5068,5541,2657,2884,1385,663,722,
48500,5543,2727,2816,9700,4733,4967,11085,5373,5712,9699,4630,5069,5541,2657,2884,1386,664,722,
48505,5544,2728,2816,9700,4733,4967,11086,5374,5712,9700,4631,5069,5543,2657,2886,1386,664,722,
48510,5544,2728,2816,9701,4734,4967,11087,5374,5713,9701,4632,5069,5544,2658,2886,1386,664,722,
48515,5544,2728,2816,9703,4735,4968,11088,5374,5714,9702,4632,5070,5544,2658,2886,1386,664,722,
48520,5545,2728,2817,9704,4735,4969,11090,5374,5716,9703,4633,5070,5544,2658,2886,1386,664,722,
48525,5546,2728,2818,9704,4735,4969,11090,5374,5716,9704,4633,5071,5544,2658,2886,1386,664,722,
48530,5547,2728,2819,9706,4736,4970,11093,5375,5718,9705,4633,5072,5545,2658,2887,1386,664,722,
48535,5547,2728,2819,9707,4736,4971,11093,5375,5718,9706,4633,5073,5545,2658,2887,1387,664,723,
48540,5548,2728,2820,9707,4736,4971,11094,5375,5719,9707,4633,5074,5547,2658,2889,1387,664,723,
48545,5548,2728,2820,9708,4736,4972,11095,5375,5720,9708,4634,5074,5548,2659,2889,1387,664,723,
48550,5548,2728,2820,9710,4737,4973,11096,5375,5721,9709,4635,5074,5548,2659,2889,1387,664,723,
48555,5549,2729,2820,9711,4737,4974,11098,5376,5722,9710,4635,5075,5548,2659,2889,1387,664,723,
48560,5550,2729,2821,9711,4737,4974,11098,5376,5722,9711,4635,5076,5548,2659,2889,1387,664,723,
48565,5551,2729,2822,9713,4739,4974,11101,5379,5722,9712,4635,5077,5549,2659,2890,1387,664,723,
48570,5551,2729,2822,9714,4740,4974,11101,5379,5722,9713,4635,5078,5549,2659,2890,1388,665,723,
48575,5552,2730,2822,9714,4740,4974,11102,5380,5722,9714,4635,5079,5551,2659,2892,1388,665,723,
48580,5552,2730,2822,9715,4741,4974,11103,5381,5722,9715,4635,5080,5552,2660,2892,1388,665,723,
48585,5552,2730,2822,9717,4742,4975,11104,5382,5722,9716,4636,5080,5552,2660,2892,1388,665,723,
48590,5553,2730,2823,9718,4742,4976,11106,5383,5723,9717,4637,5080,5552,2660,2892,1388,665,723,
48595,5554,2730,2824,9718,4742,4976,11106,5383,5723,9718,4637,5081,5552,2660,2892,1388,665,723,
48600,5555,2731,2824,9720,4744,4976,11109,5385,5724,9719,4637,5082,5553,2661,2892,1388,665,723,
48605,5555,2731,2824,9721,4744,4977,11109,5385,5724,9720,4638,5082,5553,2661,2892,1389,665,724,
48610,5556,2731,2825,9721,4744,4977,11110,5385,5725,9721,4638,5083,5555,2662,2893,1389,665,724,
48615,5556,2731,2825,9722,4744,4978,11111,5386,5725,9722,4638,5084,5556,2663,2893,1389,665,724,
48620,5556,2731,2825,9724,4744,4980,11112,5386,5726,9723,4638,5085,5556,2663,2893,1389,665,724,
48625,5557,2732,2825,9725,4745,4980,11114,5386,5728,9724,4639,5085,5556,2663,2893,1389,665,724,
48630,5558,2733,2825,9725,4745,4980,11114,5386,5728,9725,4639,5086,5556,2663,2893,1389,665,724,
48635,5559,2733,2826,9727,4745,4982,11117,5386,5731,9726,4640,5086,5557,2664,2893,1389,665,724,
48640,5559,2733,2826,9728,4745,4983,11117,5386,5731,9727,4641,5086,5557,2664,2893,1390,666,724,
48645,5560,2734,2826,9728,4745,4983,11118,5386,5732,9728,4642,5086,5559,2665,2894,1390,666,724,
48650,5560,2734,2826,9729,4745,4984,11119,5386,5733,9729,4642,5087,5560,2666,2894,1390,666,724,
48655,5560,2734,2826,9731,4747,4984,11120,5387,5733,9730,4643,5087,5560,2666,2894,1390,666,724,
48660,5561,2735,2826,9732,4747,4985,11122,5387,5735,9731,4644,5087,5560,2666,2894,1390,666,724,
48665,5562,2735,2827,9732,4747,4985,11122,5387,5735,9732,4644,5088,5560,2666,2894,1390,666,724,
48670,5563,2735,2828,9734,4747,4987,11125,5389,5736,9733,4645,5088,5561,2666,2895,1390,666,724,
48675,5563,2735,2828,9735,4748,4987,11125,5389,5736,9734,4646,5088,5561,2666,2895,1391,667,724,
48680,5564,2735,2829,9735,4748,4987,11126,5390,5736,9735,4646,5089,5563,2667,2896,1391,667,724,
48685,5564,2735,2829,9736,4748,4988,11127,5390,5737,9736,4646,5090,5564,2667,2897,1391,667,724,
48690,5564,2735,2829,9738,4748,4990,11128,5390,5738,9737,4646,5091,5564,2667,2897,1391,667,724,
48695,5565,2735,2830,9739,4748,4991,11130,5390,5740,9738,4647,5091,5564,2667,2897,1391,667,724,
48700,5566,2735,2831,9739,4748,4991,11130,5390,5740,9739,4648,5091,5564,2667,2897,1391,667,724,
48705,5567,2736,2831,9741,4748,4993,11133,5391,5742,9740,4648,5092,5565,2668,2897,1391,667,724,
48710,5567,2736,2831,9742,4748,4994,11133,5391,5742,9741,4649,5092,5565,2668,2897,1392,667,725,
48715,5568,2736,2832,9742,4748,4994,11134,5392,5742,9742,4649,5093,5567,2669,2898,1392,667,725,
48720,5568,2736,2832,9743,4749,4994,11135,5392,5743,9743,4649,5094,5568,2670,2898,1392,667,725,
48725,5568,2736,2832,9745,4749,4996,11136,5393,5743,9744,4649,5095,5568,2670,2898,1392,667,725,
48730,5569,2737,2832,9746,4750,4996,11138,5394,5744,9745,4650,5095,5568,2670,2898,1392,667,725,
48735,5570,2737,2833,9746,4750,4996,11138,5394,5744,9746,4650,5096,5568,2670,2898,1392,667,725,
48740,5571,2737,2834,9748,4751,4997,11141,5394,5747,9747,4650,5097,5569,2670,2899,1392,667,725,
48745,5571,2737,2834,9749,4752,4997,11141,5394,5747,9748,4650,5098,5569,2670,2899,1393,668,725,
48750,5572,2738,2834,9749,4752,4997,11142,5394,5748,9749,4651,5098,5571,2671,2900,1393,668,725,
48755,5572,2738,2834,9750,4752,4998,11143,5395,5748,9750,4652,5098,5572,2672,2900,1393,668,725,
48760,5572,2738,2834,9752,4753,4999,11144,5396,5748,9751,4652,5099,5572,2672,2900,1393,668,725,
48765,5573,2739,2834,9753,4754,4999,11146,5396,5750,9752,4653,5099,5572,2672,2900,1393,668,725,
48770,5574,2739,2835,9753,4754,4999,11146,5396,5750,9753,4654,5099,5572,2672,2900,1393,668,725,
48775,5575,2740,2835,9755,4754,5001,11149,5397,5752,9754,4655,5099,5573,2673,2900,1393,668,725,
48780,5575,2740,2835,9756,4754,5002,11149,5397,5752,9755,4656,5099,5573,2673,2900,1394,669,725,
48785,5576,2741,2835,9756,4754,5002,11150,5398,5752,9756,4656,5100,5575,2673,2902,1394,669,725,
48790,5576,2741,2835,9757,4754,5003,11151,5399,5752,9757,4656,5101,5576,2674,2902,1394,669,725,
48795,5576,2741,2835,9759,4754,5005,11152,5400,5752,9758,4657,5101,5576,2674,2902,1394,669,725,
48800,5577,2742,2835,9760,4755,5005,11154,5402,5752,9759,4657,5102,5576,2674,2902,1394,669,725,
48805,5578,2742,2836,9760,4755,5005,11154,5402,5752,9760,4657,5103,5576,2674,2902,1394,669,725,
48810,5579,2742,2837,9762,4755,5007,11157,5403,5754,9761,4657,5104,5577,2674,2903,1394,669,725,
48815,5579,2742,2837,9763,4755,5008,11157,5403,5754,9762,4657,5105,5577,2674,2903,1395,669,726,
48820,5580,2742,2838,9763,4755,5008,11158,5403,5755,9763,4657,5106,5579,2676,2903,1395,669,726,
48825,5580,2742,2838,9764,4755,5009,11159,5403,5756,9764,4657,5107,5580,2677,2903,1395,669,726,
48830,5580,2742,2838,9766,4756,5010,11160,5403,5757,9765,4657,5108,5580,2677,2903,1395,669,726,
48835,5581,2742,2839,9767,4756,5011,11162,5403,5759,9766,4658,5108,5580,2677,2903,1395,669,726,
48840,5582,2742,2840,9767,4756,5011,11162,5403,5759,9767,4658,5109,5580,2677,2903,1395,669,726,
48845,5583,2743,2840,9769,4757,5012,11165,5405,5760,9768,4659,5109,5581,2678,2903,1395,669,726,
48850,5583,2743,2840,9770,4758,5012,11165,5405,5760,9769,4659,5110,5581,2678,2903,1396,670,726,
48855,5584,2743,2841,9770,4758,5012,11166,5405,5761,9770,4660,5110,5583,2678,2905,1396,670,726,
48860,5584,2743,2841,9771,4759,5012,11167,5406,5761,9771,4661,5110,5584,2679,2905,1396,670,726,
48865,5584,2743,2841,9773,4761,5012,11168,5406,5762,9772,4661,5111,5584,2679,2905,1396,670,726,
48870,5585,2744,2841,9774,4761,5013,11170,5408,5762,9773,4662,5111,5584,2679,2905,1396,670,726,
48875,5586,2744,2842,9774,4761,5013,11170,5408,5762,9774,4663,5111,5584,2679,2905,1396,670,726,
48880,5587,2745,2842,9776,4761,5015,11173,5409,5764,9775,4663,5112,5585,2680,2905,1396,670,726,
48885,5587,2745,2842,9777,4762,5015,11173,5409,5764,9776,4663,5113,5585,2680,2905,1397,671,726,
48890,5588,2746,2842,9777,4762,5015,11174,5410,5764,9777,4664,5113,5587,2681,2906,1397,671,726,
48895,5588,2746,2842,9778,4763,5015,11175,5411,5764,9778,4664,5114,5588,2682,2906,1397,671,726,
48900,5588,2746,2842,9780,4763,5017,11176,5412,5764,9779,4664,5115,5588,2682,2906,1397,671,726,
48905,5589,2747,2842,9781,4763,5018,11178,5412,5766,9780,4664,5116,5588,2682,2906,1397,671,726,
48910,5590,2748,2842,9781,4763,5018,11178,5412,5766,9781,4665,5116,5588,2682,2906,1397,671,726,
48915,5591,2748,2843,9783,4765,5018,11181,5413,5768,9782,4666,5116,5589,2682,2907,1397,671,726,
48920,5591,2748,2843,9784,4766,5018,11181,5413,5768,9783,4666,5117,5589,2682,2907,1398,671,727,
48925,5592,2748,2844,9784,4766,5018,11182,5414,5768,9784,4667,5117,5591,2682,2909,1398,671,727,
48930,5592,2748,2844,9785,4767,5018,11183,5414,5769,9785,4667,5118,5592,2682,2910,1398,671,727,
48935,5592,2748,2844,9787,4769,5018,11184,5415,5769,9786,4668,5118,5592,2682,2910,1398,671,727,
48940,5593,2748,2845,9788,4769,5019,11186,5416,5770,9787,4669,5118,5592,2682,2910,1398,671,727,
48945,5594,2748,2846,9788,4769,5019,11186,5416,5770,9788,4670,5118,5592,2682,2910,1398,671,727,
48950,5595,2748,2847,9790,4770,5020,11189,5417,5772,9789,4671,5118,5593,2683,2910,1398,671,727,
48955,5595,2748,2847,9791,4770,5021,11189,5417,5772,9790,4671,5119,5593,2683,2910,1399,672,727,
48960,5596,2748,2848,9791,4770,5021,11190,5418,5772,9791,4671,5120,5595,2684,2911,1399,672,727,
48965,5596,2748,2848,9792,4770,5022,11191,5418,5773,9792,4672,5120,5596,2684,2912,1399,672,727,
48970,5596,2748,2848,9794,4770,5024,11192,5418,5774,9793,4672,5121,5596,2684,2912,1399,672,727,
48975,5597,2749,2848,9795,4770,5025,11194,5418,5776,9794,4673,5121,5596,2684,2912,1399,672,727,
48980,5598,2750,2848,9795,4770,5025,11194,5418,5776,9795,4673,5122,5596,2684,2912,1399,672,727,
48985,5599,2751,2848,9797,4771,5026,11197,5420,5777,9796,4673,5123,5597,2685,2912,1399,672,727,
48990,5599,2751,2848,9798,4771,5027,11197,5420,5777,9797,4673,5124,5597,2685,2912,1400,672,728,
48995,5600,2751,2849,9798,4771,5027,11198,5420,5778,9798,4674,5124,5599,2685,2914,1400,672,728,
49000,5600,2751,2849,9799,4771,5028,11199,5420,5779,9799,4675,5124,5600,2685,2915,1400,672,728,
49005,5600,2751,2849,9801,4771,5030,11200,5421,5779,9800,4675,5125,5600,2685,2915,1400,672,728,
49010,5601,2751,2850,9802,4771,5031,11202,5422,5780,9801,4675,5126,5600,2685,2915,1400,672,728,
49015,5602,2751,2851,9802,4771,5031,11202,5422,5780,9802,4676,5126,5600,2685,2915,1400,672,728,
49020,5603,2751,2852,9804,4773,5031,11205,5424,5781,9803,4676,5127,5601,2686,2915,1400,672,728,
49025,5603,2751,2852,9805,4774,5031,11205,5424,5781,9804,4676,5128,5601,2686,2915,1401,672,729,
49030,5604,2751,2853,9805,4774,5031,11206,5425,5781,9805,4677,5128,5603,2687,2916,1401,672,729,
49035,5604,2751,2853,9806,4775,5031,11207,5426,5781,9806,4677,5129,5604,2687,2917,1401,672,729,
49040,5604,2751,2853,9808,4776,5032,11208,5427,5781,9807,4678,5129,5604,2687,2917,1401,672,729,
49045,5605,2752,2853,9809,4776,5033,11210,5429,5781,9808,4679,5129,5604,2687,2917,1401,672,729,
49050,5606,2752,2854,9809,4776,5033,11210,5429,5781,9809,4679,5130,5604,2687,2917,1401,672,729,
49055,5607,2752,2855,9811,4777,5034,11213,5432,5781,9810,4680,5130,5605,2687,2918,1401,672,729,
49060,5607,2752,2855,9812,4777,5035,11213,5432,5781,9811,4680,5131,5605,2687,2918,1402,673,729,
49065,5608,2753,2855,9812,4777,5035,11214,5433,5781,9812,4680,5132,5607,2689,2918,1402,673,729,
49070,5608,2753,2855,9813,4777,5036,11215,5433,5782,9813,4681,5132,5608,2689,2919,1402,673,729,
49075,5608,2753,2855,9815,4777,5038,11216,5434,5782,9814,4682,5132,5608,2689,2919,1402,673,729,
49080,5609,2754,2855,9816,4778,5038,11218,5434,5784,9815,4682,5133,5608,2689,2919,1402,673,729,
49085,5610,2755,2855,9816,4778,5038,11218,5434,5784,9816,4683,5133,5608,2689,2919,1402,673,729,
49090,5611,2756,2855,9818,4778,5040,11221,5435,5786,9817,4683,5134,5609,2689,2920,1402,673,729,
49095,5611,2756,2855,9819,4778,5041,11221,5435,5786,9818,4684,5134,5609,2689,2920,1403,673,730,
49100,5612,2756,2856,9819,4778,5041,11222,5435,5787,9819,4685,5134,5611,2689,2922,1403,673,730,
49105,5612,2756,2856,9820,4778,5042,11223,5436,5787,9820,4685,5135,5612,2689,2923,1403,673,730,
49110,5612,2756,2856,9822,4779,5043,11224,5437,5787,9821,4685,5136,5612,2689,2923,1403,673,730,
49115,5613,2756,2857,9823,4780,5043,11226,5437,5789,9822,4686,5136,5612,2689,2923,1403,673,730,
49120,5614,2756,2858,9823,4780,5043,11226,5437,5789,9823,4687,5136,5612,2689,2923,1403,673,730,
49125,5615,2757,2858,9825,4781,5044,11229,5440,5789,9824,4687,5137,5613,2690,2923,1403,673,730,
49130,5615,2757,2858,9826,4781,5045,11229,5440,5789,9825,4688,5137,5613,2690,2923,1404,674,730,
49135,5616,2758,2858,9826,4781,5045,11230,5441,5789,9826,4688,5138,5615,2691,2924,1404,674,730,
49140,5616,2758,2858,9827,4782,5045,11231,5441,5790,9827,4689,5138,5616,2691,2925,1404,674,730,
49145,5616,2758,2858,9829,4784,5045,11232,5442,5790,9828,4690,5138,5616,2691,2925,1404,674,730,
49150,5617,2759,2858,9830,4784,5046,11234,5443,5791,9829,4690,5139,5616,2691,2925,1404,674,730,
49155,5618,2759,2859,9830,4784,5046,11234,5443,5791,9830,4690,5140,5616,2691,2925,1404,674,730,
49160,5619,2760,2859,9832,4785,5047,11237,5444,5793,9831,4690,5141,5617,2692,2925,1404,674,730,
49165,5619,2760,2859,9833,4785,5048,11237,5444,5793,9832,4690,5142,5617,2692,2925,1405,675,730,
49170,5620,2760,2860,9833,4785,5048,11238,5444,5794,9833,4691,5142,5619,2693,2926,1405,675,730,
49175,5620,2760,2860,9834,4786,5048,11239,5444,5795,9834,4691,5143,5620,2694,2926,1405,675,730,
49180,5620,2760,2860,9836,4787,5049,11240,5444,5796,9835,4691,5144,5620,2694,2926,1405,675,730,
49185,5621,2761,2860,9837,4787,5050,11242,5446,5796,9836,4692,5144,5620,2694,2926,1405,675,730,
49190,5622,2762,2860,9837,4787,5050,11242,5446,5796,9837,4693,5144,5620,2694,2926,1405,675,730,
49195,5623,2763,2860,9839,4788,5051,11245,5448,5797,9838,4693,5145,5621,2695,2926,1405,675,730,
49200,5623,2763,2860,9840,4789,5051,11245,5448,5797,9839,4693,5146,5621,2695,2926,1406,676,730,
49205,5624,2763,2861,9840,4789,5051,11246,5448,5798,9840,4694,5146,5623,2696,2927,1406,676,730,
49210,5624,2763,2861,9841,4789,5052,11247,5449,5798,9841,4694,5147,5624,2697,2927,1406,676,730,
49215,5624,2763,2861,9843,4791,5052,11248,5450,5798,9842,4694,5148,5624,2697,2927,1406,676,730,
49220,5625,2763,2862,9844,4792,5052,11250,5450,5800,9843,4694,5149,5624,2697,2927,1406,676,730,
49225,5626,2764,2862,9844,4792,5052,11250,5450,5800,9844,4694,5150,5624,2697,2927,1406,676,730,
49230,5627,2764,2863,9846,4792,5054,11253,5451,5802,9845,4694,5151,5625,2697,2928,1406,676,730,
49235,5627,2764,2863,9847,4793,5054,11253,5451,5802,9846,4695,5151,5625,2697,2928,1407,677,730,
49240,5628,2764,2864,9847,4793,5054,11254,5452,5802,9847,4696,5151,5627,2697,2930,1407,677,730,
49245,5628,2764,2864,9848,4794,5054,11255,5453,5802,9848,4696,5152,5628,2697,2931,1407,677,730,
49250,5628,2764,2864,9850,4795,5055,11256,5454,5802,9849,4697,5152,5628,2697,2931,1407,677,730,
49255,5629,2765,2864,9851,4795,5056,11258,5454,5804,9850,4698,5152,5628,2697,2931,1407,677,730,
49260,5630,2766,2864,9851,4795,5056,11258,5454,5804,9851,4699,5152,5628,2697,2931,1407,677,730,
49265,5631,2767,2864,9853,4796,5057,11261,5457,5804,9852,4700,5152,5629,2697,2932,1407,677,730,
49270,5631,2767,2864,9854,4797,5057,11261,5457,5804,9853,4701,5152,5629,2697,2932,1408,677,731,
49275,5632,2768,2864,9854,4797,5057,11262,5458,5804,9854,4702,5152,5631,2698,2933,1408,677,731,
49280,5632,2768,2864,9855,4797,5058,11263,5459,5804,9855,4702,5153,5632,2698,2934,1408,677,731,
49285,5632,2768,2864,9857,4798,5059,11264,5459,5805,9856,4703,5153,5632,2698,2934,1408,677,731,
49290,5633,2769,2864,9858,4799,5059,11266,5461,5805,9857,4703,5154,5632,2698,2934,1408,677,731,
49295,5634,2770,2864,9858,4799,5059,11266,5461,5805,9858,4703,5155,5632,2698,2934,1408,677,731,
49300,5635,2771,2864,9860,4800,5060,11269,5463,5806,9859,4703,5156,5633,2699,2934,1408,677,731,
49305,5635,2771,2864,9861,4800,5061,11269,5463,5806,9860,4704,5156,5633,2699,2934,1409,678,731,
49310,5636,2771,2865,9861,4800,5061,11270,5464,5806,9861,4704,5157,5635,2699,2936,1409,678,731,
49315,5636,2771,2865,9862,4800,5062,11271,5465,5806,9862,4704,5158,5636,2699,2937,1409,678,731,
49320,5636,2771,2865,9864,4801,5063,11272,5466,5806,9863,4704,5159,5636,2699,2937,1409,678,731,
49325,5637,2771,2866,9865,4802,5063,11274,5467,5807,9864,4705,5159,5636,2699,2937,1409,678,731,
49330,5638,2771,2867,9865,4802,5063,11274,5467,5807,9865,4706,5159,5636,2699,2937,1409,678,731,
49335,5639,2772,2867,9867,4804,5063,11277,5469,5808,9866,4707,5159,5637,2699,2938,1409,678,731,
49340,5639,2772,2867,9868,4804,5064,11277,5469,5808,9867,4707,5160,5637,2699,2938,1410,679,731,
49345,5640,2773,2867,9868,4804,5064,11278,5470,5808,9868,4707,5161,5639,2699,2940,1410,679,731,
49350,5640,2773,2867,9869,4805,5064,11279,5470,5809,9869,4708,5161,5640,2699,2941,1410,679,731,
49355,5640,2773,2867,9871,4805,5066,11280,5471,5809,9870,4708,5162,5640,2699,2941,1410,679,731,
49360,5641,2773,2868,9872,4805,5067,11282,5471,5811,9871,4709,5162,5640,2699,2941,1410,679,731,
49365,5642,2773,2869,9872,4805,5067,11282,5471,5811,9872,4709,5163,5640,2699,2941,1410,679,731,
49370,5643,2773,2870,9874,4805,5069,11285,5473,5812,9873,4710,5163,5641,2700,2941,1410,679,731,
49375,5643,2773,2870,9875,4805,5070,11285,5473,5812,9874,4711,5163,5641,2700,2941,1411,679,732,
49380,5644,2774,2870,9875,4805,5070,11286,5474,5812,9875,4711,5164,5643,2700,2943,1411,679,732,
49385,5644,2774,2870,9876,4806,5070,11287,5474,5813,9876,4711,5165,5644,2700,2944,1411,679,732,
49390,5644,2774,2870,9878,4808,5070,11288,5474,5814,9877,4712,5165,5644,2700,2944,1411,679,732,
49395,5645,2775,2870,9879,4808,5071,11290,5475,5815,9878,4712,5166,5644,2700,2944,1411,679,732,
49400,5646,2776,2870,9879,4808,5071,11290,5475,5815,9879,4712,5167,5644,2700,2944,1411,679,732,
49405,5647,2777,2870,9881,4809,5072,11293,5476,5817,9880,4712,5168,5645,2701,2944,1411,679,732,
49410,5647,2777,2870,9882,4810,5072,11293,5476,5817,9881,4712,5169,5645,2701,2944,1412,680,732,
49415,5648,2778,2870,9882,4810,5072,11294,5477,5817,9882,4713,5169,5647,2703,2944,1412,680,732,
49420,5648,2778,2870,9883,4810,5073,11295,5477,5818,9883,4713,5170,5648,2703,2945,1412,680,732,
49425,5648,2778,2870,9885,4811,5074,11296,5477,5819,9884,4714,5170,5648,2703,2945,1412,680,732,
49430,5649,2778,2871,9886,4811,5075,11298,5478,5820,9885,4715,5170,5648,2703,2945,1412,680,732,
49435,5650,2778,2872,9886,4811,5075,11298,5478,5820,9886,4715,5171,5648,2703,2945,1412,680,732,
49440,5651,2779,2872,9888,4812,5076,11301,5479,5822,9887,4715,5172,5649,2704,2945,1412,680,732,
49445,5651,2779,2872,9889,4813,5076,11301,5479,5822,9888,4715,5173,5649,2704,2945,1413,681,732,
49450,5652,2779,2873,9889,4813,5076,11302,5480,5822,9889,4716,5173,5651,2705,2946,1413,681,732,
49455,5652,2779,2873,9890,4814,5076,11303,5481,5822,9890,4717,5173,5652,2706,2946,1413,681,732,
49460,5652,2779,2873,9892,4814,5078,11304,5481,5823,9891,4718,5173,5652,2706,2946,1413,681,732,
49465,5653,2779,2874,9893,4815,5078,11306,5482,5824,9892,4719,5173,5652,2706,2946,1413,681,732,
49470,5654,2780,2874,9893,4815,5078,11306,5482,5824,9893,4719,5174,5652,2706,2946,1413,681,732,
49475,5655,2780,2875,9895,4817,5078,11309,5483,5826,9894,4720,5174,5653,2707,2946,1413,681,732,
49480,5655,2780,2875,9896,4818,5078,11309,5483,5826,9895,4721,5174,5653,2707,2946,1414,681,733,
49485,5656,2780,2876,9896,4818,5078,11310,5484,5826,9896,4721,5175,5655,2708,2947,1414,681,733,
49490,5656,2780,2876,9897,4819,5078,11311,5484,5827,9897,4722,5175,5656,2708,2948,1414,681,733,
49495,5656,2780,2876,9899,4820,5079,11312,5485,5827,9898,4723,5175,5656,2708,2948,1414,681,733,
49500,5657,2780,2877,9900,4820,5080,11314,5485,5829,9899,4723,5176,5656,2708,2948,1414,681,733,
49505,5658,2781,2877,9900,4820,5080,11314,5485,5829,9900,4724,5176,5656,2708,2948,1414,681,733,
49510,5659,2781,2878,9902,4822,5080,11317,5486,5831,9901,4724,5177,5657,2709,2948,1414,681,733,
49515,5659,2781,2878,9903,4823,5080,11317,5486,5831,9902,4725,5177,5657,2709,2948,1415,681,734,
49520,5660,2782,2878,9903,4823,5080,11318,5487,5831,9903,4725,5178,5659,2709,2950,1415,681,734,
49525,5660,2782,2878,9904,4823,5081,11319,5487,5832,9904,4725,5179,5660,2710,2950,1415,681,734,
49530,5660,2782,2878,9906,4823,5083,11320,5487,5833,9905,4725,5180,5660,2710,2950,1415,681,734,
49535,5661,2783,2878,9907,4823,5084,11322,5487,5835,9906,4725,5181,5660,2710,2950,1415,681,734,
49540,5662,2783,2879,9907,4823,5084,11322,5487,5835,9907,4726,5181,5660,2710,2950,1415,681,734,
49545,5663,2784,2879,9909,4825,5084,11325,5489,5836,9908,4727,5181,5661,2710,2951,1415,681,734,
49550,5663,2784,2879,9910,4825,5085,11325,5489,5836,9909,4727,5182,5661,2710,2951,1416,682,734,
49555,5664,2785,2879,9910,4825,5085,11326,5489,5837,9910,4727,5183,5663,2711,2952,1416,682,734,
49560,5664,2785,2879,9911,4826,5085,11327,5490,5837,9911,4727,5184,5664,2712,2952,1416,682,734,
49565,5664,2785,2879,9913,4827,5086,11328,5490,5838,9912,4727,5185,5664,2712,2952,1416,682,734,
49570,5665,2786,2879,9914,4827,5087,11330,5491,5839,9913,4727,5186,5664,2712,2952,1416,682,734,
49575,5666,2786,2880,9914,4827,5087,11330,5491,5839,9914,4727,5187,5664,2712,2952,1416,682,734,
49580,5667,2786,2881,9916,4827,5089,11333,5493,5840,9915,4727,5188,5665,2712,2953,1416,682,734,
49585,5667,2786,2881,9917,4827,5090,11333,5493,5840,9916,4727,5189,5665,2712,2953,1417,682,735,
49590,5668,2786,2882,9917,4827,5090,11334,5494,5840,9917,4727,5190,5667,2713,2954,1417,682,735,
49595,5668,2786,2882,9918,4828,5090,11335,5494,5841,9918,4727,5191,5668,2713,2955,1417,682,735,
49600,5668,2786,2882,9920,4828,5092,11336,5495,5841,9919,4727,5192,5668,2713,2955,1417,682,735,
49605,5669,2786,2883,9921,4829,5092,11338,5496,5842,9920,4727,5193,5668,2713,2955,1417,682,735,
49610,5670,2786,2884,9921,4829,5092,11338,5496,5842,9921,4728,5193,5668,2713,2955,1417,682,735,
49615,5671,2786,2885,9923,4829,5094,11341,5497,5844,9922,4728,5194,5669,2713,2956,1417,682,735,
49620,5671,2786,2885,9924,4829,5095,11341,5497,5844,9923,4729,5194,5669,2713,2956,1418,682,736,
49625,5672,2786,2886,9924,4829,5095,11342,5497,5845,9924,4730,5194,5671,2714,2957,1418,682,736,
49630,5672,2786,2886,9925,4830,5095,11343,5497,5846,9925,4730,5195,5672,2715,2957,1418,682,736,
49635,5672,2786,2886,9927,4832,5095,11344,5497,5847,9926,4730,5196,5672,2715,2957,1418,682,736,
49640,5673,2786,2887,9928,4833,5095,11346,5498,5848,9927,4731,5196,5672,2715,2957,1418,682,736,
49645,5674,2786,2888,9928,4833,5095,11346,5498,5848,9928,4731,5197,5672,2715,2957,1418,682,736,
49650,5675,2786,2889,9930,4834,5096,11349,5499,5850,9929,4732,5197,5673,2716,2957,1418,682,736,
49655,5675,2786,2889,9931,4834,5097,11349,5499,5850,9930,4733,5197,5673,2716,2957,1419,682,737,
49660,5676,2786,2890,9931,4834,5097,11350,5500,5850,9931,4734,5197,5675,2716,2959,1419,682,737,
49665,5676,2786,2890,9932,4835,5097,11351,5501,5850,9932,4735,5197,5676,2717,2959,1419,682,737,
49670,5676,2786,2890,9934,4835,5099,11352,5502,5850,9933,4736,5197,5676,2717,2959,1419,682,737,
49675,5677,2786,2891,9935,4836,5099,11354,5504,5850,9934,4736,5198,5676,2717,2959,1419,682,737,
49680,5678,2786,2892,9935,4836,5099,11354,5504,5850,9935,4737,5198,5676,2717,2959,1419,682,737,
49685,5679,2786,2893,9937,4838,5099,11357,5505,5852,9936,4738,5198,5677,2717,2960,1419,682,737,
49690,5679,2786,2893,9938,4838,5100,11357,5505,5852,9937,4738,5199,5677,2717,2960,1420,682,738,
49695,5680,2786,2894,9938,4838,5100,11358,5506,5852,9938,4738,5200,5679,2718,2961,1420,682,738,
49700,5680,2786,2894,9939,4839,5100,11359,5507,5852,9939,4738,5201,5680,2718,2962,1420,682,738,
49705,5680,2786,2894,9941,4840,5101,11360,5508,5852,9940,4738,5202,5680,2718,2962,1420,682,738,
49710,5681,2787,2894,9942,4841,5101,11362,5508,5854,9941,4739,5202,5680,2718,2962,1420,682,738,
49715,5682,2788,2894,9942,4841,5101,11362,5508,5854,9942,4739,5203,5680,2718,2962,1420,682,738,
49720,5683,2789,2894,9944,4842,5102,11365,5510,5855,9943,4739,5204,5681,2718,2963,1420,682,738,
49725,5683,2789,2894,9945,4843,5102,11365,5510,5855,9944,4739,5205,5681,2718,2963,1421,682,739,
49730,5684,2790,2894,9945,4843,5102,11366,5511,5855,9945,4739,5206,5683,2720,2963,1421,682,739,
49735,5684,2790,2894,9946,4844,5102,11367,5511,5856,9946,4739,5207,5684,2720,2964,1421,682,739,
49740,5684,2790,2894,9948,4845,5103,11368,5512,5856,9947,4740,5207,5684,2720,2964,1421,682,739,
49745,5685,2790,2895,9949,4845,5104,11370,5513,5857,9948,4740,5208,5684,2720,2964,1421,682,739,
49750,5686,2790,2896,9949,4845,5104,11370,5513,5857,9949,4740,5209,5684,2720,2964,1421,682,739,
49755,5687,2790,2897,9951,4847,5104,11373,5514,5859,9950,4740,5210,5685,2721,2964,1421,682,739,
49760,5687,2790,2897,9952,4847,5105,11373,5514,5859,9951,4741,5210,5685,2721,2964,1422,683,739,
49765,5688,2791,2897,9952,4847,5105,11374,5515,5859,9952,4742,5210,5687,2722,2965,1422,683,739,
49770,5688,2791,2897,9953,4847,5106,11375,5515,5860,9953,4742,5211,5688,2723,2965,1422,683,739,
49775,5688,2791,2897,9955,4848,5107,11376,5515,5861,9954,4743,5211,5688,2723,2965,1422,683,739,
49780,5689,2791,2898,9956,4849,5107,11378,5515,5863,9955,4743,5212,5688,2723,2965,1422,683,739,
49785,5690,2791,2899,9956,4849,5107,11378,5515,5863,9956,4743,5213,5688,2723,2965,1422,683,739,
49790,5691,2792,2899,9958,4850,5108,11381,5515,5866,9957,4744,5213,5689,2723,2966,1422,683,739,
49795,5691,2792,2899,9959,4851,5108,11381,5515,5866,9958,4745,5213,5689,2723,2966,1423,684,739,
49800,5692,2792,2900,9959,4851,5108,11382,5515,5867,9959,4746,5213,5691,2725,2966,1423,684,739,
49805,5692,2792,2900,9960,4852,5108,11383,5516,5867,9960,4746,5214,5692,2725,2967,1423,684,739,
49810,5692,2792,2900,9962,4854,5108,11384,5516,5868,9961,4746,5215,5692,2725,2967,1423,684,739,
49815,5693,2793,2900,9963,4854,5109,11386,5517,5869,9962,4747,5215,5692,2725,2967,1423,684,739,
49820,5694,2794,2900,9963,4854,5109,11386,5517,5869,9963,4748,5215,5692,2725,2967,1423,684,739,
49825,5695,2794,2901,9965,4855,5110,11389,5519,5870,9964,4748,5216,5693,2725,2968,1423,684,739,
49830,5695,2794,2901,9966,4855,5111,11389,5519,5870,9965,4748,5217,5693,2725,2968,1424,685,739,
49835,5696,2795,2901,9966,4855,5111,11390,5519,5871,9966,4749,5217,5695,2726,2969,1424,685,739,
49840,5696,2795,2901,9967,4856,5111,11391,5519,5872,9967,4750,5217,5696,2727,2969,1424,685,739,
49845,5696,2795,2901,9969,4857,5112,11392,5520,5872,9968,4751,5217,5696,2727,2969,1424,685,739,
49850,5697,2796,2901,9970,4857,5113,11394,5520,5874,9969,4752,5217,5696,2727,2969,1424,685,739,
49855,5698,2797,2901,9970,4857,5113,11394,5520,5874,9970,4753,5217,5696,2727,2969,1424,685,739,
49860,5699,2797,2902,9972,4858,5114,11397,5521,5876,9971,4754,5217,5697,2728,2969,1424,685,739,
49865,5699,2797,2902,9973,4859,5114,11397,5521,5876,9972,4755,5217,5697,2728,2969,1425,686,739,
49870,5700,2797,2903,9973,4859,5114,11398,5522,5876,9973,4756,5217,5699,2730,2969,1425,686,739,
49875,5700,2797,2903,9974,4859,5115,11399,5523,5876,9974,4756,5218,5700,2731,2969,1425,686,739,
49880,5700,2797,2903,9976,4860,5116,11400,5524,5876,9975,4757,5218,5700,2731,2969,1425,686,739,
49885,5701,2797,2904,9977,4861,5116,11402,5524,5878,9976,4757,5219,5700,2731,2969,1425,686,739,
49890,5702,2798,2904,9977,4861,5116,11402,5524,5878,9977,4757,5220,5700,2731,2969,1425,686,739,
49895,5703,2799,2904,9979,4861,5118,11405,5527,5878,9978,4758,5220,5701,2731,2970,1425,686,739,
49900,5703,2799,2904,9980,4861,5119,11405,5527,5878,9979,4759,5220,5701,2731,2970,1426,687,739,
49905,5704,2800,2904,9980,4861,5119,11406,5528,5878,9980,4760,5220,5703,2731,2972,1426,687,739,
49910,5704,2800,2904,9981,4861,5120,11407,5528,5879,9981,4761,5220,5704,2732,2972,1426,687,739,
49915,5704,2800,2904,9983,4863,5120,11408,5528,5880,9982,4761,5221,5704,2732,2972,1426,687,739,
49920,5705,2801,2904,9984,4864,5120,11410,5529,5881,9983,4762,5221,5704,2732,2972,1426,687,739,
49925,5706,2801,2905,9984,4864,5120,11410,5529,5881,9984,4762,5222,5704,2732,2972,1426,687,739,
49930,5707,2802,2905,9986,4865,5121,11413,5531,5882,9985,4762,5223,5705,2732,2973,1426,687,739,
49935,5707,2802,2905,9987,4866,5121,11413,5531,5882,9986,4762,5224,5705,2732,2973,1427,687,740,
49940,5708,2802,2906,9987,4866,5121,11414,5532,5882,9987,4762,5225,5707,2733,2974,1427,687,740,
49945,5708,2802,2906,9988,4867,5121,11415,5532,5883,9988,4762,5226,5708,2733,2975,1427,687,740,
49950,5708,2802,2906,9990,4867,5123,11416,5532,5884,9989,4763,5226,5708,2733,2975,1427,687,740,
49955,5709,2803,2906,9991,4867,5124,11418,5533,5885,9990,4763,5227,5708,2733,2975,1427,687,740,
49960,5710,2803,2907,9991,4867,5124,11418,5533,5885,9991,4763,5228,5708,2733,2975,1427,687,740,
49965,5711,2803,2908,9993,4869,5124,11421,5534,5887,9992,4763,5229,5709,2734,2975,1427,687,740,
49970,5711,2803,2908,9994,4870,5124,11421,5534,5887,9993,4764,5229,5709,2734,2975,1428,688,740,
49975,5712,2803,2909,9994,4870,5124,11422,5535,5887,9994,4765,5229,5711,2736,2975,1428,688,740,
49980,5712,2803,2909,9995,4870,5125,11423,5536,5887,9995,4765,5230,5712,2737,2975,1428,688,740,
49985,5712,2803,2909,9997,4870,5127,11424,5537,5887,9996,4766,5230,5712,2737,2975,1428,688,740,
49990,5713,2803,2910,9998,4870,5128,11426,5538,5888,9997,4766,5231,5712,2737,2975,1428,688,740,
49995,5714,2804,2910,9998,4870,5128,11426,5538,5888,9998,4767,5231,5712,2737,2975,1428,688,740,
50000,5715,2805,2910,10000,4871,5129,11429,5540,5889,9999,4767,5232,5713,2738,2975,1428,688,740,
50005,5715,2805,2910,10001,4872,5129,11429,5540,5889,10000,4768,5232,5713,2738,2975,1429,689,740,
50010,5716,2805,2911,10001,4872,5129,11430,5541,5889,10001,4768,5233,5715,2739,2976,1429,689,740,
50015,5716,2805,2911,10002,4872,5130,11431,5541,5890,10002,4768,5234,5716,2739,2977,1429,689,740,
50020,5716,2805,2911,10004,4873,5131,11432,5541,5891,10003,4769,5234,5716,2739,2977,1429,689,740,
50025,5717,2805,2912,10005,4873,5132,11434,5543,5891,10004,4769,5235,5716,2739,2977,1429,689,740,
50030,5718,2806,2912,10005,4873,5132,11434,5543,5891,10005,4769,5236,5716,2739,2977,1429,689,740,
50035,5719,2806,2913,10007,4874,5133,11437,5544,5893,10006,4769,5237,5717,2739,2978,1429,689,740,
50040,5719,2806,2913,10008,4874,5134,11437,5544,5893,10007,4770,5237,5717,2739,2978,1430,690,740,
50045,5720,2807,2913,10008,4874,5134,11438,5544,5894,10008,4770,5238,5719,2741,2978,1430,690,740,
50050,5720,2807,2913,10009,4874,5135,11439,5544,5895,10009,4771,5238,5720,2741,2979,1430,690,740,
50055,5720,2807,2913,10011,4876,5135,11440,5545,5895,10010,4771,5239,5720,2741,2979,1430,690,740,
50060,5721,2807,2914,10012,4876,5136,11442,5546,5896,10011,4771,5240,5720,2741,2979,1430,690,740,
50065,5722,2808,2914,10012,4876,5136,11442,5546,5896,10012,4771,5241,5720,2741,2979,1430,690,740,
50070,5723,2808,2915,10014,4878,5136,11445,5546,5899,10013,4772,5241,5721,2742,2979,1430,690,740,
50075,5723,2808,2915,10015,4878,5137,11445,5546,5899,10014,4773,5241,5721,2742,2979,1431,691,740,
50080,5724,2809,2915,10015,4878,5137,11446,5546,5900,10015,4774,5241,5723,2744,2979,1431,691,740,
50085,5724,2809,2915,10016,4878,5138,11447,5547,5900,10016,4774,5242,5724,2745,2979,1431,691,740,
50090,5724,2809,2915,10018,4878,5140,11448,5547,5901,10017,4774,5243,5724,2745,2979,1431,691,740,
50095,5725,2810,2915,10019,4879,5140,11450,5549,5901,10018,4775,5243,5724,2745,2979,1431,691,740,
50100,5726,2811,2915,10019,4879,5140,11450,5549,5901,10019,4775,5244,5724,2745,2979,1431,691,740,
50105,5727,2811,2916,10021,4880,5141,11453,5551,5902,10020,4776,5244,5725,2746,2979,1431,691,740,
50110,5727,2811,2916,10022,4881,5141,11453,5551,5902,10021,4776,5245,5725,2746,2979,1432,692,740,
50115,5728,2811,2917,10022,4881,5141,11454,5552,5902,10022,4777,5245,5727,2748,2979,1432,692,740,
50120,5728,2811,2917,10023,4882,5141,11455,5553,5902,10023,4777,5246,5728,2749,2979,1432,692,740,
50125,5728,2811,2917,10025,4883,5142,11456,5554,5902,10024,4778,5246,5728,2749,2979,1432,692,740,
50130,5729,2811,2918,10026,4884,5142,11458,5556,5902,10025,4779,5246,5728,2749,2979,1432,692,740,
50135,5730,2812,2918,10026,4884,5142,11458,5556,5902,10026,4779,5247,5728,2749,2979,1432,692,740,
50140,5731,2813,2918,10028,4884,5144,11461,5559,5902,10027,4779,5248,5729,2750,2979,1432,692,740,
50145,5731,2813,2918,10029,4884,5145,11461,5559,5902,10028,4779,5249,5729,2750,2979,1433,693,740,
50150,5732,2814,2918,10029,4884,5145,11462,5559,5903,10029,4780,5249,5731,2751,2980,1433,693,740,
50155,5732,2814,2918,10030,4885,5145,11463,5559,5904,10030,4781,5249,5732,2751,2981,1433,693,740,
50160,5732,2814,2918,10032,4886,5146,11464,5560,5904,10031,4782,5249,5732,2751,2981,1433,693,740,
50165,5733,2814,2919,10033,4887,5146,11466,5560,5906,10032,4782,5250,5732,2751,2981,1433,693,740,
50170,5734,2814,2920,10033,4887,5146,11466,5560,5906,10033,4782,5251,5732,2751,2981,1433,693,740,
50175,5735,2814,2921,10035,4888,5147,11469,5561,5908,10034,4783,5251,5733,2751,2982,1433,693,740,
50180,5735,2814,2921,10036,4889,5147,11469,5561,5908,10035,4784,5251,5733,2751,2982,1434,694,740,
50185,5736,2815,2921,10036,4889,5147,11470,5562,5908,10036,4784,5252,5735,2752,2983,1434,694,740,
50190,5736,2815,2921,10037,4890,5147,11471,5562,5909,10037,4785,5252,5736,2752,2984,1434,694,740,
50195,5736,2815,2921,10039,4892,5147,11472,5563,5909,10038,4785,5253,5736,2752,2984,1434,694,740,
50200,5737,2816,2921,10040,4893,5147,11474,5564,5910,10039,4785,5254,5736,2752,2984,1434,694,740,
50205,5738,2816,2922,10040,4893,5147,11474,5564,5910,10040,4785,5255,5736,2752,2984,1434,694,740,
50210,5739,2817,2922,10042,4894,5148,11477,5565,5912,10041,4785,5256,5737,2753,2984,1434,694,740,
50215,5739,2817,2922,10043,4894,5149,11477,5565,5912,10042,4786,5256,5737,2753,2984,1435,694,741,
50220,5740,2818,2922,10043,4894,5149,11478,5566,5912,10043,4786,5257,5739,2754,2985,1435,694,741,
50225,5740,2818,2922,10044,4895,5149,11479,5566,5913,10044,4786,5258,5740,2754,2986,1435,694,741,
50230,5740,2818,2922,10046,4897,5149,11480,5566,5914,10045,4787,5258,5740,2754,2986,1435,694,741,
50235,5741,2818,2923,10047,4898,5149,11482,5566,5916,10046,4788,5258,5740,2754,2986,1435,694,741,
50240,5742,2818,2924,10047,4898,5149,11482,5566,5916,10047,4789,5258,5740,2754,2986,1435,694,741,
50245,5743,2818,2925,10049,4898,5151,11485,5567,5918,10048,4790,5258,5741,2754,2987,1435,694,741,
50250,5743,2818,2925,10050,4899,5151,11485,5567,5918,10049,4791,5258,5741,2754,2987,1436,694,742,
50255,5744,2818,2926,10050,4899,5151,11486,5568,5918,10050,4792,5258,5743,2756,2987,1436,694,742,
50260,5744,2818,2926,10051,4899,5152,11487,5569,5918,10051,4792,5259,5744,2757,2987,1436,694,742,
50265,5744,2818,2926,10053,4900,5153,11488,5569,5919,10052,4792,5260,5744,2757,2987,1436,694,742,
50270,5745,2819,2926,10054,4901,5153,11490,5571,5919,10053,4792,5261,5744,2757,2987,1436,694,742,
50275,5746,2819,2927,10054,4901,5153,11490,5571,5919,10054,4793,5261,5744,2757,2987,1436,694,742,
50280,5747,2820,2927,10056,4902,5154,11493,5573,5920,10055,4793,5262,5745,2758,2987,1436,694,742,
50285,5747,2820,2927,10057,4902,5155,11493,5573,5920,10056,4793,5263,5745,2758,2987,1437,695,742,
50290,5748,2820,2928,10057,4902,5155,11494,5573,5921,10057,4794,5263,5747,2759,2988,1437,695,742,
50295,5748,2820,2928,10058,4902,5156,11495,5573,5922,10058,4794,5264,5748,2759,2989,1437,695,742,
50300,5748,2820,2928,10060,4903,5157,11496,5574,5922,10059,4795,5264,5748,2759,2989,1437,695,742,
50305,5749,2820,2929,10061,4903,5158,11498,5575,5923,10060,4796,5264,5748,2759,2989,1437,695,742,
50310,5750,2821,2929,10061,4903,5158,11498,5575,5923,10061,4796,5265,5748,2759,2989,1437,695,742,
50315,5751,2822,2929,10063,4904,5159,11501,5575,5926,10062,4797,5265,5749,2759,2990,1437,695,742,
50320,5751,2822,2929,10064,4905,5159,11501,5575,5926,10063,4797,5266,5749,2759,2990,1438,695,743,
50325,5752,2822,2930,10064,4905,5159,11502,5575,5927,10064,4797,5267,5751,2759,2992,1438,695,743,
50330,5752,2822,2930,10065,4906,5159,11503,5576,5927,10065,4798,5267,5752,2760,2992,1438,695,743,
50335,5752,2822,2930,10067,4907,5160,11504,5576,5928,10066,4799,5267,5752,2760,2992,1438,695,743,
50340,5753,2822,2931,10068,4907,5161,11506,5576,5930,10067,4800,5267,5752,2760,2992,1438,695,743,
50345,5754,2822,2932,10068,4907,5161,11506,5576,5930,10068,4801,5267,5752,2760,2992,1438,695,743,
50350,5755,2823,2932,10070,4907,5163,11509,5578,5931,10069,4801,5268,5753,2761,2992,1438,695,743,
50355,5755,2823,2932,10071,4908,5163,11509,5578,5931,10070,4802,5268,5753,2761,2992,1439,696,743,
50360,5756,2824,2932,10071,4908,5163,11510,5578,5932,10071,4803,5268,5755,2762,2993,1439,696,743,
50365,5756,2824,2932,10072,4908,5164,11511,5579,5932,10072,4804,5268,5756,2763,2993,1439,696,743,
50370,5756,2824,2932,10074,4908,5166,11512,5580,5932,10073,4805,5268,5756,2763,2993,1439,696,743,
50375,5757,2825,2932,10075,4908,5167,11514,5580,5934,10074,4805,5269,5756,2763,2993,1439,696,743,
50380,5758,2825,2933,10075,4908,5167,11514,5580,5934,10075,4805,5270,5756,2763,2993,1439,696,743,
50385,5759,2825,2934,10077,4908,5169,11517,5580,5937,10076,4805,5271,5757,2763,2994,1439,696,743,
50390,5759,2825,2934,10078,4909,5169,11517,5580,5937,10077,4806,5271,5757,2763,2994,1440,697,743,
50395,5760,2826,2934,10078,4909,5169,11518,5581,5937,10078,4807,5271,5759,2764,2995,1440,697,743,
50400,5760,2826,2934,10079,4910,5169,11519,5582,5937,10079,4808,5271,5760,2764,2996,1440,697,743,
50405,5760,2826,2934,10081,4911,5170,11520,5582,5938,10080,4808,5272,5760,2764,2996,1440,697,743,
50410,5761,2827,2934,10082,4911,5171,11522,5582,5940,10081,4809,5272,5760,2764,2996,1440,697,743,
50415,5762,2828,2934,10082,4911,5171,11522,5582,5940,10082,4809,5273,5760,2764,2996,1440,697,743,
50420,5763,2828,2935,10084,4911,5173,11525,5584,5941,10083,4809,5274,5761,2764,2997,1440,697,743,
50425,5763,2828,2935,10085,4912,5173,11525,5584,5941,10084,4809,5275,5761,2764,2997,1441,697,744,
50430,5764,2829,2935,10085,4912,5173,11526,5584,5942,10085,4809,5276,5763,2766,2997,1441,697,744,
50435,5764,2829,2935,10086,4913,5173,11527,5584,5943,10086,4810,5276,5764,2766,2998,1441,697,744,
50440,5764,2829,2935,10088,4914,5174,11528,5584,5944,10087,4810,5277,5764,2766,2998,1441,697,744,
50445,5765,2829,2936,10089,4915,5174,11530,5585,5945,10088,4811,5277,5764,2766,2998,1441,697,744,
50450,5766,2829,2937,10089,4915,5174,11530,5585,5945,10089,4812,5277,5764,2766,2998,1441,697,744,
50455,5767,2829,2938,10091,4916,5175,11533,5585,5948,10090,4812,5278,5765,2766,2999,1441,697,744,
50460,5767,2829,2938,10092,4917,5175,11533,5585,5948,10091,4813,5278,5765,2766,2999,1442,697,745,
50465,5768,2829,2939,10092,4917,5175,11534,5585,5949,10092,4814,5278,5767,2768,2999,1442,697,745,
50470,5768,2829,2939,10093,4917,5176,11535,5586,5949,10093,4814,5279,5768,2768,3000,1442,697,745,
50475,5768,2829,2939,10095,4919,5176,11536,5586,5950,10094,4814,5280,5768,2768,3000,1442,697,745,
50480,5769,2830,2939,10096,4919,5177,11538,5587,5951,10095,4814,5281,5768,2768,3000,1442,697,745,
50485,5770,2831,2939,10096,4919,5177,11538,5587,5951,10096,4815,5281,5768,2768,3000,1442,697,745,
50490,5771,2831,2940,10098,4920,5178,11541,5588,5953,10097,4815,5282,5769,2769,3000,1442,697,745,
50495,5771,2831,2940,10099,4921,5178,11541,5588,5953,10098,4815,5283,5769,2769,3000,1443,697,746,
50500,5772,2832,2940,10099,4921,5178,11542,5589,5953,10099,4815,5284,5771,2769,3002,1443,697,746,
50505,5772,2832,2940,10100,4921,5179,11543,5589,5954,10100,4816,5284,5772,2770,3002,1443,697,746,
50510,5772,2832,2940,10102,4921,5181,11544,5590,5954,10101,4816,5285,5772,2770,3002,1443,697,746,
50515,5773,2833,2940,10103,4921,5182,11546,5592,5954,10102,4816,5286,5772,2770,3002,1443,697,746,
50520,5774,2833,2941,10103,4921,5182,11546,5592,5954,10103,4816,5287,5772,2770,3002,1443,697,746,
50525,5775,2833,2942,10105,4922,5183,11549,5594,5955,10104,4816,5288,5773,2770,3003,1443,697,746,
50530,5775,2833,2942,10106,4922,5184,11549,5594,5955,10105,4817,5288,5773,2770,3003,1444,697,747,
50535,5776,2833,2943,10106,4922,5184,11550,5594,5956,10106,4817,5289,5775,2771,3004,1444,697,747,
50540,5776,2833,2943,10107,4922,5185,11551,5595,5956,10107,4817,5290,5776,2771,3005,1444,697,747,
50545,5776,2833,2943,10109,4923,5186,11552,5595,5957,10108,4818,5290,5776,2771,3005,1444,697,747,
50550,5777,2833,2944,10110,4923,5187,11554,5597,5957,10109,4819,5290,5776,2771,3005,1444,697,747,
50555,5778,2833,2945,10110,4923,5187,11554,5597,5957,10110,4820,5290,5776,2771,3005,1444,697,747,
50560,5779,2833,2946,10112,4924,5188,11557,5597,5960,10111,4821,5290,5777,2772,3005,1444,697,747,
50565,5779,2833,2946,10113,4924,5189,11557,5597,5960,10112,4822,5290,5777,2772,3005,1445,697,748,
50570,5780,2833,2947,10113,4924,5189,11558,5597,5961,10113,4823,5290,5779,2773,3006,1445,697,748,
50575,5780,2833,2947,10114,4925,5189,11559,5597,5962,10114,4824,5290,5780,2773,3007,1445,697,748,
50580,5780,2833,2947,10116,4925,5191,11560,5597,5963,10115,4824,5291,5780,2773,3007,1445,697,748,
50585,5781,2833,2948,10117,4925,5192,11562,5598,5964,10116,4824,5292,5780,2773,3007,1445,697,748,
50590,5782,2834,2948,10117,4925,5192,11562,5598,5964,10117,4824,5293,5780,2773,3007,1445,697,748,
50595,5783,2834,2949,10119,4927,5192,11565,5599,5966,10118,4825,5293,5781,2774,3007,1445,697,748,
50600,5783,2834,2949,10120,4928,5192,11565,5599,5966,10119,4825,5294,5781,2774,3007,1446,697,749,
50605,5784,2834,2950,10120,4928,5192,11566,5599,5967,10120,4826,5294,5783,2774,3009,1446,697,749,
50610,5784,2834,2950,10121,4929,5192,11567,5600,5967,10121,4827,5294,5784,2774,3010,1446,697,749,
50615,5784,2834,2950,10123,4930,5193,11568,5600,5968,10122,4827,5295,5784,2774,3010,1446,697,749,
50620,5785,2835,2950,10124,4930,5194,11570,5600,5970,10123,4828,5295,5784,2774,3010,1446,697,749,
50625,5786,2835,2951,10124,4930,5194,11570,5600,5970,10124,4829,5295,5784,2774,3010,1446,697,749,
50630,5787,2836,2951,10126,4931,5195,11573,5601,5972,10125,4830,5295,5785,2774,3011,1446,697,749,
50635,5787,2836,2951,10127,4932,5195,11573,5601,5972,10126,4830,5296,5785,2774,3011,1447,698,749,
50640,5788,2836,2952,10127,4932,5195,11574,5602,5972,10127,4831,5296,5787,2774,3013,1447,698,749,
50645,5788,2836,2952,10128,4932,5196,11575,5602,5973,10128,4831,5297,5788,2774,3014,1447,698,749,
50650,5788,2836,2952,10130,4933,5197,11576,5602,5974,10129,4831,5298,5788,2774,3014,1447,698,749,
50655,5789,2836,2953,10131,4933,5198,11578,5602,5976,10130,4831,5299,5788,2774,3014,1447,698,749,
50660,5790,2836,2954,10131,4933,5198,11578,5602,5976,10131,4832,5299,5788,2774,3014,1447,698,749,
50665,5791,2836,2955,10133,4935,5198,11581,5605,5976,10132,4832,5300,5789,2774,3015,1447,698,749,
50670,5791,2836,2955,10134,4936,5198,11581,5605,5976,10133,4832,5301,5789,2774,3015,1448,699,749,
50675,5792,2836,2956,10134,4936,5198,11582,5606,5976,10134,4833,5301,5791,2775,3016,1448,699,749,
50680,5792,2836,2956,10135,4937,5198,11583,5607,5976,10135,4834,5301,5792,2775,3017,1448,699,749,
50685,5792,2836,2956,10137,4939,5198,11584,5607,5977,10136,4835,5301,5792,2775,3017,1448,699,749,
50690,5793,2836,2957,10138,4939,5199,11586,5607,5979,10137,4836,5301,5792,2775,3017,1448,699,749,
50695,5794,2836,2958,10138,4939,5199,11586,5607,5979,10138,4836,5302,5792,2775,3017,1448,699,749,
50700,5795,2837,2958,10140,4939,5201,11589,5609,5980,10139,4836,5303,5793,2776,3017,1448,699,749,
50705,5795,2837,2958,10141,4940,5201,11589,5609,5980,10140,4836,5304,5793,2776,3017,1449,699,750,
50710,5796,2838,2958,10141,4940,5201,11590,5609,5981,10141,4837,5304,5795,2776,3019,1449,699,750,
50715,5796,2838,2958,10142,4940,5202,11591,5610,5981,10142,4837,5305,5796,2776,3020,1449,699,750,
50720,5796,2838,2958,10144,4941,5203,11592,5611,5981,10143,4838,5305,5796,2776,3020,1449,699,750,
50725,5797,2838,2959,10145,4941,5204,11594,5613,5981,10144,4839,5305,5796,2776,3020,1449,699,750,
50730,5798,2839,2959,10145,4941,5204,11594,5613,5981,10145,4839,5306,5796,2776,3020,1449,699,750,
50735,5799,2839,2960,10147,4943,5204,11597,5614,5983,10146,4840,5306,5797,2776,3021,1449,699,750,
50740,5799,2839,2960,10148,4944,5204,11597,5614,5983,10147,4841,5306,5797,2776,3021,1450,700,750,
50745,5800,2840,2960,10148,4944,5204,11598,5615,5983,10148,4841,5307,5799,2777,3022,1450,700,750,
50750,5800,2840,2960,10149,4945,5204,11599,5615,5984,10149,4842,5307,5800,2778,3022,1450,700,750,
50755,5800,2840,2960,10151,4947,5204,11600,5615,5985,10150,4843,5307,5800,2778,3022,1450,700,750,
50760,5801,2841,2960,10152,4947,5205,11602,5616,5986,10151,4844,5307,5800,2778,3022,1450,700,750,
50765,5802,2842,2960,10152,4947,5205,11602,5616,5986,10152,4845,5307,5800,2778,3022,1450,700,750,
50770,5803,2842,2961,10154,4948,5206,11605,5617,5988,10153,4845,5308,5801,2778,3023,1450,700,750,
50775,5803,2842,2961,10155,4948,5207,11605,5617,5988,10154,4846,5308,5801,2778,3023,1451,701,750,
50780,5804,2842,2962,10155,4948,5207,11606,5618,5988,10155,4847,5308,5803,2779,3024,1451,701,750,
50785,5804,2842,2962,10156,4948,5208,11607,5619,5988,10156,4848,5308,5804,2780,3024,1451,701,750,
50790,5804,2842,2962,10158,4949,5209,11608,5620,5988,10157,4848,5309,5804,2780,3024,1451,701,750,
50795,5805,2843,2962,10159,4949,5210,11610,5621,5989,10158,4848,5310,5804,2780,3024,1451,701,750,
50800,5806,2844,2962,10159,4949,5210,11610,5621,5989,10159,4849,5310,5804,2780,3024,1451,701,750,
50805,5807,2845,2962,10161,4951,5210,11613,5623,5990,10160,4849,5311,5805,2781,3024,1451,701,750,
50810,5807,2845,2962,10162,4951,5211,11613,5623,5990,10161,4850,5311,5805,2781,3024,1452,701,751,
50815,5808,2846,2962,10162,4951,5211,11614,5624,5990,10162,4851,5311,5807,2782,3025,1452,701,751,
50820,5808,2846,2962,10163,4952,5211,11615,5625,5990,10163,4852,5311,5808,2782,3026,1452,701,751,
50825,5808,2846,2962,10165,4953,5212,11616,5625,5991,10164,4853,5311,5808,2782,3026,1452,701,751,
50830,5809,2847,2962,10166,4953,5213,11618,5627,5991,10165,4853,5312,5808,2782,3026,1452,701,751,
50835,5810,2847,2963,10166,4953,5213,11618,5627,5991,10166,4853,5313,5808,2782,3026,1452,701,751,
50840,5811,2848,2963,10168,4954,5214,11621,5628,5993,10167,4853,5314,5809,2782,3027,1452,701,751,
50845,5811,2848,2963,10169,4954,5215,11621,5628,5993,10168,4854,5314,5809,2782,3027,1453,701,752,
50850,5812,2849,2963,10169,4954,5215,11622,5628,5994,10169,4854,5315,5811,2782,3029,1453,701,752,
50855,5812,2849,2963,10170,4955,5215,11623,5628,5995,10170,4854,5316,5812,2783,3029,1453,701,752,
50860,5812,2849,2963,10172,4955,5217,11624,5629,5995,10171,4855,5316,5812,2783,3029,1453,701,752,
50865,5813,2849,2964,10173,4955,5218,11626,5631,5995,10172,4855,5317,5812,2783,3029,1453,701,752,
50870,5814,2849,2965,10173,4955,5218,11626,5631,5995,10173,4855,5318,5812,2783,3029,1453,701,752,
50875,5815,2850,2965,10175,4955,5220,11629,5632,5997,10174,4855,5319,5813,2784,3029,1453,701,752,
50880,5815,2850,2965,10176,4955,5221,11629,5632,5997,10175,4856,5319,5813,2784,3029,1454,701,753,
50885,5816,2850,2966,10176,4955,5221,11630,5632,5998,10176,4856,5320,5815,2784,3031,1454,701,753,
50890,5816,2850,2966,10177,4955,5222,11631,5633,5998,10177,4856,5321,5816,2785,3031,1454,701,753,
50895,5816,2850,2966,10179,4955,5224,11632,5634,5998,10178,4857,5321,5816,2785,3031,1454,701,753,
50900,5817,2851,2966,10180,4956,5224,11634,5634,6000,10179,4857,5322,5816,2785,3031,1454,701,753,
50905,5818,2852,2966,10180,4956,5224,11634,5634,6000,10180,4858,5322,5816,2785,3031,1454,701,753,
50910,5819,2852,2967,10182,4957,5225,11637,5636,6001,10181,4858,5323,5817,2785,3032,1454,701,753,
50915,5819,2852,2967,10183,4957,5226,11637,5636,6001,10182,4859,5323,5817,2785,3032,1455,701,754,
50920,5820,2852,2968,10183,4957,5226,11638,5637,6001,10183,4859,5324,5819,2786,3033,1455,701,754,
50925,5820,2852,2968,10184,4957,5227,11639,5638,6001,10184,4859,5325,5820,2787,3033,1455,701,754,
50930,5820,2852,2968,10186,4958,5228,11640,5639,6001,10185,4859,5326,5820,2787,3033,1455,701,754,
50935,5821,2853,2968,10187,4959,5228,11642,5640,6002,10186,4860,5326,5820,2787,3033,1455,701,754,
50940,5822,2853,2969,10187,4959,5228,11642,5640,6002,10187,4860,5327,5820,2787,3033,1455,701,754,
50945,5823,2853,2970,10189,4961,5228,11645,5642,6003,10188,4860,5328,5821,2787,3034,1455,701,754,
50950,5823,2853,2970,10190,4962,5228,11645,5642,6003,10189,4860,5329,5821,2787,3034,1456,701,755,
50955,5824,2854,2970,10190,4962,5228,11646,5643,6003,10190,4860,5330,5823,2789,3034,1456,701,755,
50960,5824,2854,2970,10191,4963,5228,11647,5644,6003,10191,4860,5331,5824,2789,3035,1456,701,755,
50965,5824,2854,2970,10193,4964,5229,11648,5644,6004,10192,4860,5332,5824,2789,3035,1456,701,755,
50970,5825,2854,2971,10194,4964,5230,11650,5644,6006,10193,4860,5333,5824,2789,3035,1456,701,755,
50975,5826,2854,2972,10194,4964,5230,11650,5644,6006,10194,4860,5334,5824,2789,3035,1456,701,755,
50980,5827,2855,2972,10196,4966,5230,11653,5645,6008,10195,4861,5334,5825,2789,3036,1456,701,755,
50985,5827,2855,2972,10197,4966,5231,11653,5645,6008,10196,4861,5335,5825,2789,3036,1457,701,756,
50990,5828,2856,2972,10197,4966,5231,11654,5645,6009,10197,4862,5335,5827,2789,3038,1457,701,756,
50995,5828,2856,2972,10198,4966,5232,11655,5645,6010,10198,4863,5335,5828,2790,3038,1457,701,756,
51000,5828,2856,2972,10200,4968,5232,11656,5645,6011,10199,4863,5336,5828,2790,3038,1457,701,756,
51005,5829,2856,2973,10201,4969,5232,11658,5646,6012,10200,4864,5336,5828,2790,3038,1457,701,756,
51010,5830,2857,2973,10201,4969,5232,11658,5646,6012,10201,4864,5337,5828,2790,3038,1457,701,756,
51015,5831,2858,2973,10203,4971,5232,11661,5647,6014,10202,4864,5338,5829,2791,3038,1457,701,756,
51020,5831,2858,2973,10204,4971,5233,11661,5647,6014,10203,4865,5338,5829,2791,3038,1458,702,756,
51025,5832,2858,2974,10204,4971,5233,11662,5647,6015,10204,4865,5339,5831,2793,3038,1458,702,756,
51030,5832,2858,2974,10205,4971,5234,11663,5647,6016,10205,4865,5340,5832,2793,3039,1458,702,756,
51035,5832,2858,2974,10207,4972,5235,11664,5647,6017,10206,4866,5340,5832,2793,3039,1458,702,756,
51040,5833,2859,2974,10208,4972,5236,11666,5647,6019,10207,4866,5341,5832,2793,3039,1458,702,756,
51045,5834,2860,2974,10208,4972,5236,11666,5647,6019,10208,4867,5341,5832,2793,3039,1458,702,756,
51050,5835,2860,2975,10210,4973,5237,11669,5650,6019,10209,4868,5341,5833,2793,3040,1458,702,756,
51055,5835,2860,2975,10211,4974,5237,11669,5650,6019,10210,4869,5341,5833,2793,3040,1459,702,757,
51060,5836,2860,2976,10211,4974,5237,11670,5651,6019,10211,4869,5342,5835,2795,3040,1459,702,757,
51065,5836,2860,2976,10212,4975,5237,11671,5651,6020,10212,4870,5342,5836,2796,3040,1459,702,757,
51070,5836,2860,2976,10214,4976,5238,11672,5651,6021,10213,4871,5342,5836,2796,3040,1459,702,757,
51075,5837,2860,2977,10215,4977,5238,11674,5652,6022,10214,4871,5343,5836,2796,3040,1459,702,757,
51080,5838,2861,2977,10215,4977,5238,11674,5652,6022,10215,4872,5343,5836,2796,3040,1459,702,757,
51085,5839,2861,2978,10217,4978,5239,11677,5654,6023,10216,4873,5343,5837,2796,3041,1459,702,757,
51090,5839,2861,2978,10218,4978,5240,11677,5654,6023,10217,4874,5343,5837,2796,3041,1460,702,758,
51095,5840,2861,2979,10218,4978,5240,11678,5654,6024,10218,4875,5343,5839,2797,3042,1460,702,758,
51100,5840,2861,2979,10219,4978,5241,11679,5654,6025,10219,4876,5343,5840,2797,3043,1460,702,758,
51105,5840,2861,2979,10221,4978,5243,11680,5654,6026,10220,4877,5343,5840,2797,3043,1460,702,758,
51110,5841,2862,2979,10222,4978,5244,11682,5654,6028,10221,4877,5344,5840,2797,3043,1460,702,758,
51115,5842,2863,2979,10222,4978,5244,11682,5654,6028,10222,4877,5345,5840,2797,3043,1460,702,758,
51120,5843,2864,2979,10224,4979,5245,11685,5656,6029,10223,4878,5345,5841,2798,3043,1460,702,758,
51125,5843,2864,2979,10225,4980,5245,11685,5656,6029,10224,4879,5345,5841,2798,3043,1461,703,758,
51130,5844,2864,2980,10225,4980,5245,11686,5656,6030,10225,4879,5346,5843,2798,3045,1461,703,758,
51135,5844,2864,2980,10226,4981,5245,11687,5656,6031,10226,4880,5346,5844,2799,3045,1461,703,758,
51140,5844,2864,2980,10228,4981,5247,11688,5656,6032,10227,4881,5346,5844,2799,3045,1461,703,758,
51145,5845,2864,2981,10229,4981,5248,11690,5656,6034,10228,4881,5347,5844,2799,3045,1461,703,758,
51150,5846,2865,2981,10229,4981,5248,11690,5656,6034,10229,4881,5348,5844,2799,3045,1461,703,758,
51155,5847,2866,2981,10231,4981,5250,11693,5658,6035,10230,4882,5348,5845,2799,3046,1461,703,758,
51160,5847,2866,2981,10232,4981,5251,11693,5658,6035,10231,4882,5349,5845,2799,3046,1462,703,759,
51165,5848,2866,2982,10232,4981,5251,11694,5658,6036,10232,4882,5350,5847,2800,3047,1462,703,759,
51170,5848,2866,2982,10233,4981,5252,11695,5659,6036,10233,4883,5350,5848,2801,3047,1462,703,759,
51175,5848,2866,2982,10235,4981,5254,11696,5659,6037,10234,4884,5350,5848,2801,3047,1462,703,759,
51180,5849,2866,2983,10236,4982,5254,11698,5661,6037,10235,4884,5351,5848,2801,3047,1462,703,759,
51185,5850,2866,2984,10236,4982,5254,11698,5661,6037,10236,4884,5352,5848,2801,3047,1462,703,759,
51190,5851,2867,2984,10238,4983,5255,11701,5663,6038,10237,4885,5352,5849,2802,3047,1462,703,759,
51195,5851,2867,2984,10239,4984,5255,11701,5663,6038,10238,4886,5352,5849,2802,3047,1463,703,760,
51200,5852,2868,2984,10239,4984,5255,11702,5664,6038,10239,4887,5352,5851,2803,3048,1463,703,760,
51205,5852,2868,2984,10240,4985,5255,11703,5665,6038,10240,4888,5352,5852,2804,3048,1463,703,760,
51210,5852,2868,2984,10242,4986,5256,11704,5666,6038,10241,4888,5353,5852,2804,3048,1463,703,760,
51215,5853,2869,2984,10243,4987,5256,11706,5668,6038,10242,4888,5354,5852,2804,3048,1463,703,760,
51220,5854,2870,2984,10243,4987,5256,11706,5668,6038,10243,4888,5355,5852,2804,3048,1463,703,760,
51225,5855,2870,2985,10245,4988,5257,11709,5668,6041,10244,4888,5356,5853,2804,3049,1463,703,760,
51230,5855,2870,2985,10246,4989,5257,11709,5668,6041,10245,4888,5357,5853,2804,3049,1464,704,760,
51235,5856,2871,2985,10246,4989,5257,11710,5669,6041,10246,4889,5357,5855,2805,3050,1464,704,760,
51240,5856,2871,2985,10247,4990,5257,11711,5669,6042,10247,4890,5357,5856,2805,3051,1464,704,760,
51245,5856,2871,2985,10249,4991,5258,11712,5669,6043,10248,4891,5357,5856,2805,3051,1464,704,760,
51250,5857,2871,2986,10250,4992,5258,11714,5669,6045,10249,4891,5358,5856,2805,3051,1464,704,760,
51255,5858,2872,2986,10250,4992,5258,11714,5669,6045,10250,4892,5358,5856,2805,3051,1464,704,760,
51260,5859,2872,2987,10252,4992,5260,11717,5671,6046,10251,4893,5358,5857,2805,3052,1464,704,760,
51265,5859,2872,2987,10253,4993,5260,11717,5671,6046,10252,4894,5358,5857,2805,3052,1465,704,761,
51270,5860,2873,2987,10253,4993,5260,11718,5672,6046,10253,4895,5358,5859,2805,3054,1465,704,761,
51275,5860,2873,2987,10254,4993,5261,11719,5672,6047,10254,4896,5358,5860,2806,3054,1465,704,761,
51280,5860,2873,2987,10256,4994,5262,11720,5673,6047,10255,4896,5359,5860,2806,3054,1465,704,761,
51285,5861,2873,2988,10257,4995,5262,11722,5675,6047,10256,4896,5360,5860,2806,3054,1465,704,761,
51290,5862,2874,2988,10257,4995,5262,11722,5675,6047,10257,4896,5361,5860,2806,3054,1465,704,761,
51295,5863,2875,2988,10259,4996,5263,11725,5677,6048,10258,4897,5361,5861,2806,3055,1465,704,761,
51300,5863,2875,2988,10260,4996,5264,11725,5677,6048,10259,4898,5361,5861,2806,3055,1466,705,761,
51305,5864,2875,2989,10260,4996,5264,11726,5677,6049,10260,4899,5361,5863,2807,3056,1466,705,761,
51310,5864,2875,2989,10261,4997,5264,11727,5677,6050,10261,4899,5362,5864,2807,3057,1466,705,761,
51315,5864,2875,2989,10263,4998,5265,11728,5677,6051,10262,4899,5363,5864,2807,3057,1466,705,761,
51320,5865,2876,2989,10264,4998,5266,11730,5678,6052,10263,4899,5364,5864,2807,3057,1466,705,761,
51325,5866,2876,2990,10264,4998,5266,11730,5678,6052,10264,4900,5364,5864,2807,3057,1466,705,761,
51330,5867,2877,2990,10266,4999,5267,11733,5678,6055,10265,4900,5365,5865,2808,3057,1466,705,761,
51335,5867,2877,2990,10267,5000,5267,11733,5678,6055,10266,4900,5366,5865,2808,3057,1467,705,762,
51340,5868,2877,2991,10267,5000,5267,11734,5679,6055,10267,4900,5367,5867,2810,3057,1467,705,762,
51345,5868,2877,2991,10268,5000,5268,11735,5680,6055,10268,4900,5368,5868,2810,3058,1467,705,762,
51350,5868,2877,2991,10270,5001,5269,11736,5680,6056,10269,4900,5369,5868,2810,3058,1467,705,762,
51355,5869,2877,2992,10271,5001,5270,11738,5680,6058,10270,4901,5369,5868,2810,3058,1467,705,762,
51360,5870,2878,2992,10271,5001,5270,11738,5680,6058,10271,4902,5369,5868,2810,3058,1467,705,762,
51365,5871,2878,2993,10273,5002,5271,11741,5682,6059,10272,4902,5370,5869,2811,3058,1467,705,762,
51370,5871,2878,2993,10274,5002,5272,11741,5682,6059,10273,4903,5370,5869,2811,3058,1468,706,762,
51375,5872,2878,2994,10274,5002,5272,11742,5683,6059,10274,4904,5370,5871,2812,3059,1468,706,762,
51380,5872,2878,2994,10275,5002,5273,11743,5683,6060,10275,4905,5370,5872,2813,3059,1468,706,762,
51385,5872,2878,2994,10277,5003,5274,11744,5683,6061,10276,4905,5371,5872,2813,3059,1468,706,762,
51390,5873,2878,2995,10278,5003,5275,11746,5684,6062,10277,4906,5371,5872,2813,3059,1468,706,762,
51395,5874,2879,2995,10278,5003,5275,11746,5684,6062,10278,4907,5371,5872,2813,3059,1468,706,762,
51400,5875,2879,2996,10280,5004,5276,11749,5686,6063,10279,4908,5371,5873,2813,3060,1468,706,762,
51405,5875,2879,2996,10281,5004,5277,11749,5686,6063,10280,4909,5371,5873,2813,3060,1469,706,763,
51410,5876,2880,2996,10281,5004,5277,11750,5686,6064,10281,4909,5372,5875,2813,3062,1469,706,763,
51415,5876,2880,2996,10282,5004,5278,11751,5686,6065,10282,4910,5372,5876,2814,3062,1469,706,763,
51420,5876,2880,2996,10284,5005,5279,11752,5687,6065,10283,4911,5372,5876,2814,3062,1469,706,763,
51425,5877,2881,2996,10285,5006,5279,11754,5688,6066,10284,4912,5372,5876,2814,3062,1469,706,763,
51430,5878,2881,2997,10285,5006,5279,11754,5688,6066,10285,4912,5373,5876,2814,3062,1469,706,763,
51435,5879,2882,2997,10287,5007,5280,11757,5689,6068,10286,4912,5374,5877,2815,3062,1469,706,763,
51440,5879,2882,2997,10288,5008,5280,11757,5689,6068,10287,4913,5374,5877,2815,3062,1470,707,763,
51445,5880,2882,2998,10288,5008,5280,11758,5689,6069,10288,4913,5375,5879,2815,3064,1470,707,763,
51450,5880,2882,2998,10289,5009,5280,11759,5690,6069,10289,4914,5375,5880,2816,3064,1470,707,763,
51455,5880,2882,2998,10291,5011,5280,11760,5690,6070,10290,4914,5376,5880,2816,3064,1470,707,763,
51460,5881,2883,2998,10292,5011,5281,11762,5692,6070,10291,4914,5377,5880,2816,3064,1470,707,763,
51465,5882,2883,2999,10292,5011,5281,11762,5692,6070,10292,4915,5377,5880,2816,3064,1470,707,763,
51470,5883,2884,2999,10294,5013,5281,11765,5694,6071,10293,4915,5378,5881,2817,3064,1470,707,763,
51475,5883,2884,2999,10295,5013,5282,11765,5694,6071,10294,4915,5379,5881,2817,3064,1471,708,763,
51480,5884,2885,2999,10295,5013,5282,11766,5694,6072,10295,4915,5380,5883,2819,3064,1471,708,763,
51485,5884,2885,2999,10296,5014,5282,11767,5695,6072,10296,4915,5381,5884,2820,3064,1471,708,763,
51490,5884,2885,2999,10298,5016,5282,11768,5695,6073,10297,4916,5381,5884,2820,3064,1471,708,763,
51495,5885,2886,2999,10299,5017,5282,11770,5696,6074,10298,4916,5382,5884,2820,3064,1471,708,763,
51500,5886,2886,3000,10299,5017,5282,11770,5696,6074,10299,4916,5383,5884,2820,3064,1471,708,763,
51505,5887,2887,3000,10301,5018,5283,11773,5698,6075,10300,4917,5383,5885,2820,3065,1471,708,763,
51510,5887,2887,3000,10302,5019,5283,11773,5698,6075,10301,4918,5383,5885,2820,3065,1472,708,764,
51515,5888,2888,3000,10302,5019,5283,11774,5699,6075,10302,4919,5383,5887,2821,3066,1472,708,764,
51520,5888,2888,3000,10303,5020,5283,11775,5699,6076,10303,4920,5383,5888,2821,3067,1472,708,764,
51525,5888,2888,3000,10305,5021,5284,11776,5699,6077,10304,4921,5383,5888,2821,3067,1472,708,764,
51530,5889,2888,3001,10306,5021,5285,11778,5700,6078,10305,4922,5383,5888,2821,3067,1472,708,764,
51535,5890,2888,3002,10306,5021,5285,11778,5700,6078,10306,4923,5383,5888,2821,3067,1472,708,764,
51540,5891,2889,3002,10308,5021,5287,11781,5703,6078,10307,4923,5384,5889,2821,3068,1472,708,764,
51545,5891,2889,3002,10309,5021,5288,11781,5703,6078,10308,4923,5385,5889,2821,3068,1473,708,765,
51550,5892,2890,3002,10309,5021,5288,11782,5703,6079,10309,4924,5385,5891,2821,3070,1473,708,765,
51555,5892,2890,3002,10310,5022,5288,11783,5704,6079,10310,4924,5386,5892,2821,3071,1473,708,765,
51560,5892,2890,3002,10312,5023,5289,11784,5704,6080,10311,4925,5386,5892,2821,3071,1473,708,765,
51565,5893,2891,3002,10313,5023,5290,11786,5705,6081,10312,4925,5387,5892,2821,3071,1473,708,765,
51570,5894,2891,3003,10313,5023,5290,11786,5705,6081,10313,4926,5387,5892,2821,3071,1473,708,765,
51575,5895,2891,3004,10315,5023,5292,11789,5705,6084,10314,4927,5387,5893,2822,3071,1473,708,765,
51580,5895,2891,3004,10316,5023,5293,11789,5705,6084,10315,4928,5387,5893,2822,3071,1474,708,766,
51585,5896,2891,3005,10316,5023,5293,11790,5706,6084,10316,4929,5387,5895,2822,3073,1474,708,766,
51590,5896,2891,3005,10317,5023,5294,11791,5706,6085,10317,4930,5387,5896,2823,3073,1474,708,766,
51595,5896,2891,3005,10319,5023,5296,11792,5706,6086,10318,4931,5387,5896,2823,3073,1474,708,766,
51600,5897,2892,3005,10320,5023,5297,11794,5707,6087,10319,4931,5388,5896,2823,3073,1474,708,766,
51605,5898,2892,3006,10320,5023,5297,11794,5707,6087,10320,4932,5388,5896,2823,3073,1474,708,766,
51610,5899,2892,3007,10322,5025,5297,11797,5707,6090,10321,4932,5389,5897,2824,3073,1474,708,766,
51615,5899,2892,3007,10323,5026,5297,11797,5707,6090,10322,4933,5389,5897,2824,3073,1475,709,766,
51620,5900,2893,3007,10323,5026,5297,11798,5708,6090,10323,4933,5390,5899,2825,3074,1475,709,766,
51625,5900,2893,3007,10324,5027,5297,11799,5709,6090,10324,4933,5391,5900,2825,3075,1475,709,766,
51630,5900,2893,3007,10326,5028,5298,11800,5709,6091,10325,4934,5391,5900,2825,3075,1475,709,766,
51635,5901,2893,3008,10327,5028,5299,11802,5710,6092,10326,4935,5391,5900,2825,3075,1475,709,766,
51640,5902,2893,3009,10327,5028,5299,11802,5710,6092,10327,4935,5392,5900,2825,3075,1475,709,766,
51645,5903,2893,3010,10329,5029,5300,11805,5712,6093,10328,4935,5393,5901,2825,3076,1475,709,766,
51650,5903,2893,3010,10330,5030,5300,11805,5712,6093,10329,4935,5394,5901,2825,3076,1476,710,766,
51655,5904,2893,3011,10330,5030,5300,11806,5712,6094,10330,4935,5395,5903,2827,3076,1476,710,766,
51660,5904,2893,3011,10331,5030,5301,11807,5712,6095,10331,4936,5395,5904,2827,3077,1476,710,766,
51665,5904,2893,3011,10333,5031,5302,11808,5712,6096,10332,4936,5396,5904,2827,3077,1476,710,766,
51670,5905,2894,3011,10334,5031,5303,11810,5712,6098,10333,4936,5397,5904,2827,3077,1476,710,766,
51675,5906,2895,3011,10334,5031,5303,11810,5712,6098,10334,4936,5398,5904,2827,3077,1476,710,766,
51680,5907,2896,3011,10336,5033,5303,11813,5713,6100,10335,4937,5398,5905,2828,3077,1476,710,766,
51685,5907,2896,3011,10337,5034,5303,11813,5713,6100,10336,4938,5398,5905,2828,3077,1477,711,766,
51690,5908,2896,3012,10337,5034,5303,11814,5714,6100,10337,4938,5399,5907,2829,3078,1477,711,766,
51695,5908,2896,3012,10338,5034,5304,11815,5714,6101,10338,4939,5399,5908,2830,3078,1477,711,766,
51700,5908,2896,3012,10340,5035,5305,11816,5715,6101,10339,4940,5399,5908,2830,3078,1477,711,766,
51705,5909,2897,3012,10341,5036,5305,11818,5717,6101,10340,4940,5400,5908,2830,3078,1477,711,766,
51710,5910,2897,3013,10341,5036,5305,11818,5717,6101,10341,4941,5400,5908,2830,3078,1477,711,766,
51715,5911,2897,3014,10343,5037,5306,11821,5718,6103,10342,4941,5401,5909,2831,3078,1477,711,766,
51720,5911,2897,3014,10344,5038,5306,11821,5718,6103,10343,4941,5402,5909,2831,3078,1478,712,766,
51725,5912,2897,3015,10344,5038,5306,11822,5718,6104,10344,4941,5403,5911,2832,3079,1478,712,766,
51730,5912,2897,3015,10345,5039,5306,11823,5718,6105,10345,4942,5403,5912,2833,3079,1478,712,766,
51735,5912,2897,3015,10347,5040,5307,11824,5719,6105,10346,4943,5403,5912,2833,3079,1478,712,766,
51740,5913,2898,3015,10348,5040,5308,11826,5720,6106,10347,4943,5404,5912,2833,3079,1478,712,766,
51745,5914,2898,3016,10348,5040,5308,11826,5720,6106,10348,4943,5405,5912,2833,3079,1478,712,766,
51750,5915,2899,3016,10350,5040,5310,11829,5722,6107,10349,4943,5406,5913,2833,3080,1478,712,766,
51755,5915,2899,3016,10351,5041,5310,11829,5722,6107,10350,4944,5406,5913,2833,3080,1479,713,766,
51760,5916,2899,3017,10351,5041,5310,11830,5722,6108,10351,4945,5406,5915,2834,3081,1479,713,766,
51765,5916,2899,3017,10352,5042,5310,11831,5723,6108,10352,4946,5406,5916,2835,3081,1479,713,766,
51770,5916,2899,3017,10354,5042,5312,11832,5724,6108,10353,4946,5407,5916,2835,3081,1479,713,766,
51775,5917,2900,3017,10355,5043,5312,11834,5725,6109,10354,4947,5407,5916,2835,3081,1479,713,766,
51780,5918,2901,3017,10355,5043,5312,11834,5725,6109,10355,4947,5408,5916,2835,3081,1479,713,766,
51785,5919,2901,3018,10357,5045,5312,11837,5726,6111,10356,4948,5408,5917,2836,3081,1479,713,766,
51790,5919,2901,3018,10358,5046,5312,11837,5726,6111,10357,4949,5408,5917,2836,3081,1480,713,767,
51795,5920,2902,3018,10358,5046,5312,11838,5727,6111,10358,4950,5408,5919,2837,3082,1480,713,767,
51800,5920,2902,3018,10359,5046,5313,11839,5728,6111,10359,4951,5408,5920,2838,3082,1480,713,767,
51805,5920,2902,3018,10361,5047,5314,11840,5728,6112,10360,4951,5409,5920,2838,3082,1480,713,767,
51810,5921,2903,3018,10362,5047,5315,11842,5729,6113,10361,4951,5410,5920,2838,3082,1480,713,767,
51815,5922,2904,3018,10362,5047,5315,11842,5729,6113,10362,4951,5411,5920,2838,3082,1480,713,767,
51820,5923,2905,3018,10364,5048,5316,11845,5731,6114,10363,4952,5411,5921,2839,3082,1480,713,767,
51825,5923,2905,3018,10365,5048,5317,11845,5731,6114,10364,4952,5412,5921,2839,3082,1481,714,767,
51830,5924,2905,3019,10365,5048,5317,11846,5731,6115,10365,4953,5412,5923,2841,3082,1481,714,767,
51835,5924,2905,3019,10366,5048,5318,11847,5732,6115,10366,4954,5412,5924,2842,3082,1481,714,767,
51840,5924,2905,3019,10368,5050,5318,11848,5733,6115,10367,4954,5413,5924,2842,3082,1481,714,767,
51845,5925,2905,3020,10369,5051,5318,11850,5734,6116,10368,4954,5414,5924,2842,3082,1481,714,767,
51850,5926,2905,3021,10369,5051,5318,11850,5734,6116,10369,4955,5414,5924,2842,3082,1481,714,767,
51855,5927,2905,3022,10371,5053,5318,11853,5736,6117,10370,4955,5415,5925,2843,3082,1481,714,767,
51860,5927,2905,3022,10372,5054,5318,11853,5736,6117,10371,4956,5415,5925,2843,3082,1482,714,768,
51865,5928,2906,3022,10372,5054,5318,11854,5736,6118,10372,4957,5415,5927,2843,3084,1482,714,768,
51870,5928,2906,3022,10373,5054,5319,11855,5736,6119,10373,4958,5415,5928,2843,3085,1482,714,768,
51875,5928,2906,3022,10375,5055,5320,11856,5737,6119,10374,4959,5415,5928,2843,3085,1482,714,768,
51880,5929,2907,3022,10376,5056,5320,11858,5738,6120,10375,4960,5415,5928,2843,3085,1482,714,768,
51885,5930,2907,3023,10376,5056,5320,11858,5738,6120,10376,4961,5415,5928,2843,3085,1482,714,768,
51890,5931,2908,3023,10378,5058,5320,11861,5739,6122,10377,4962,5415,5929,2844,3085,1482,714,768,
51895,5931,2908,3023,10379,5058,5321,11861,5739,6122,10378,4962,5416,5929,2844,3085,1483,714,769,
51900,5932,2908,3024,10379,5058,5321,11862,5740,6122,10379,4962,5417,5931,2844,3087,1483,714,769,
51905,5932,2908,3024,10380,5058,5322,11863,5741,6122,10380,4963,5417,5932,2844,3088,1483,714,769,
51910,5932,2908,3024,10382,5059,5323,11864,5741,6123,10381,4964,5417,5932,2844,3088,1483,714,769,
51915,5933,2908,3025,10383,5059,5324,11866,5742,6124,10382,4965,5417,5932,2844,3088,1483,714,769,
51920,5934,2909,3025,10383,5059,5324,11866,5742,6124,10383,4965,5418,5932,2844,3088,1483,714,769,
51925,5935,2910,3025,10385,5059,5326,11869,5744,6125,10384,4965,5419,5933,2844,3089,1483,714,769,
51930,5935,2910,3025,10386,5059,5327,11869,5744,6125,10385,4966,5419,5933,2844,3089,1484,715,769,
51935,5936,2911,3025,10386,5059,5327,11870,5744,6126,10386,4966,5420,5935,2845,3090,1484,715,769,
51940,5936,2911,3025,10387,5060,5327,11871,5745,6126,10387,4967,5420,5936,2846,3090,1484,715,769,
51945,5936,2911,3025,10389,5061,5328,11872,5745,6127,10388,4967,5421,5936,2846,3090,1484,715,769,
51950,5937,2911,3026,10390,5062,5328,11874,5745,6129,10389,4968,5421,5936,2846,3090,1484,715,769,
51955,5938,2911,3027,10390,5062,5328,11874,5745,6129,10390,4969,5421,5936,2846,3090,1484,715,769,
51960,5939,2912,3027,10392,5062,5330,11877,5746,6131,10391,4970,5421,5937,2846,3091,1484,715,769,
51965,5939,2912,3027,10393,5062,5331,11877,5746,6131,10392,4971,5421,5937,2846,3091,1485,716,769,
51970,5940,2913,3027,10393,5062,5331,11878,5747,6131,10393,4971,5422,5939,2848,3091,1485,716,769,
51975,5940,2913,3027,10394,5062,5332,11879,5748,6131,10394,4971,5423,5940,2849,3091,1485,716,769,
51980,5940,2913,3027,10396,5063,5333,11880,5748,6132,10395,4971,5424,5940,2849,3091,1485,716,769,
51985,5941,2913,3028,10397,5063,5334,11882,5749,6133,10396,4971,5425,5940,2849,3091,1485,716,769,
51990,5942,2914,3028,10397,5063,5334,11882,5749,6133,10397,4971,5426,5940,2849,3091,1485,716,769,
51995,5943,2915,3028,10399,5063,5336,11885,5751,6134,10398,4971,5427,5941,2850,3091,1485,716,769,
52000,5943,2915,3028,10400,5064,5336,11885,5751,6134,10399,4971,5428,5941,2850,3091,1486,716,770,
52005,5944,2916,3028,10400,5064,5336,11886,5752,6134,10400,4971,5429,5943,2850,3093,1486,716,770,
52010,5944,2916,3028,10401,5064,5337,11887,5752,6135,10401,4972,5429,5944,2850,3094,1486,716,770,
52015,5944,2916,3028,10403,5064,5339,11888,5753,6135,10402,4972,5430,5944,2850,3094,1486,716,770,
52020,5945,2917,3028,10404,5064,5340,11890,5755,6135,10403,4972,5431,5944,2850,3094,1486,716,770,
52025,5946,2917,3029,10404,5064,5340,11890,5755,6135,10404,4972,5432,5944,2850,3094,1486,716,770,
52030,5947,2917,3030,10406,5064,5342,11893,5757,6136,10405,4972,5433,5945,2850,3095,1486,716,770,
52035,5947,2917,3030,10407,5064,5343,11893,5757,6136,10406,4972,5434,5945,2850,3095,1487,717,770,
52040,5948,2917,3031,10407,5064,5343,11894,5757,6137,10407,4973,5434,5947,2852,3095,1487,717,770,
52045,5948,2917,3031,10408,5064,5344,11895,5758,6137,10408,4974,5434,5948,2852,3096,1487,717,770,
52050,5948,2917,3031,10410,5064,5346,11896,5759,6137,10409,4974,5435,5948,2852,3096,1487,717,770,
52055,5949,2918,3031,10411,5065,5346,11898,5760,6138,10410,4975,5435,5948,2852,3096,1487,717,770,
52060,5950,2919,3031,10411,5065,5346,11898,5760,6138,10411,4975,5436,5948,2852,3096,1487,717,770,
52065,5951,2919,3032,10413,5067,5346,11901,5762,6139,10412,4976,5436,5949,2853,3096,1487,717,770,
52070,5951,2919,3032,10414,5067,5347,11901,5762,6139,10413,4977,5436,5949,2853,3096,1488,718,770,
52075,5952,2919,3033,10414,5067,5347,11902,5762,6140,10414,4977,5437,5951,2855,3096,1488,718,770,
52080,5952,2919,3033,10415,5068,5347,11903,5762,6141,10415,4977,5438,5952,2855,3097,1488,718,770,
52085,5952,2919,3033,10417,5069,5348,11904,5762,6142,10416,4977,5439,5952,2855,3097,1488,718,770,
52090,5953,2920,3033,10418,5069,5349,11906,5764,6142,10417,4978,5439,5952,2855,3097,1488,718,770,
52095,5954,2920,3034,10418,5069,5349,11906,5764,6142,10418,4979,5439,5952,2855,3097,1488,718,770,
52100,5955,2920,3035,10420,5071,5349,11909,5765,6144,10419,4979,5440,5953,2855,3098,1488,718,770,
52105,5955,2920,3035,10421,5072,5349,11909,5765,6144,10420,4980,5440,5953,2855,3098,1489,718,771,
52110,5956,2920,3036,10421,5072,5349,11910,5765,6145,10421,4981,5440,5955,2856,3099,1489,718,771,
52115,5956,2920,3036,10422,5073,5349,11911,5765,6146,10422,4982,5440,5956,2856,3100,1489,718,771,
52120,5956,2920,3036,10424,5075,5349,11912,5765,6147,10423,4982,5441,5956,2856,3100,1489,718,771,
52125,5957,2920,3037,10425,5075,5350,11914,5767,6147,10424,4982,5442,5956,2856,3100,1489,718,771,
52130,5958,2921,3037,10425,5075,5350,11914,5767,6147,10425,4983,5442,5956,2856,3100,1489,718,771,
52135,5959,2921,3038,10427,5076,5351,11917,5767,6150,10426,4983,5443,5957,2856,3101,1489,718,771,
52140,5959,2921,3038,10428,5076,5352,11917,5767,6150,10427,4984,5443,5957,2856,3101,1490,719,771,
52145,5960,2921,3039,10428,5076,5352,11918,5768,6150,10428,4985,5443,5959,2858,3101,1490,719,771,
52150,5960,2921,3039,10429,5077,5352,11919,5768,6151,10429,4985,5444,5960,2858,3102,1490,719,771,
52155,5960,2921,3039,10431,5079,5352,11920,5769,6151,10430,4986,5444,5960,2858,3102,1490,719,771,
52160,5961,2921,3040,10432,5079,5353,11922,5771,6151,10431,4987,5444,5960,2858,3102,1490,719,771,
52165,5962,2922,3040,10432,5079,5353,11922,5771,6151,10432,4988,5444,5960,2858,3102,1490,719,771,
52170,5963,2923,3040,10434,5081,5353,11925,5772,6153,10433,4989,5444,5961,2859,3102,1490,719,771,
52175,5963,2923,3040,10435,5081,5354,11925,5772,6153,10434,4989,5445,5961,2859,3102,1491,720,771,
52180,5964,2924,3040,10435,5081,5354,11926,5772,6154,10435,4990,5445,5963,2860,3103,1491,720,771,
52185,5964,2924,3040,10436,5082,5354,11927,5772,6155,10436,4990,5446,5964,2861,3103,1491,720,771,
52190,5964,2924,3040,10438,5082,5356,11928,5772,6156,10437,4990,5447,5964,2861,3103,1491,720,771,
52195,5965,2925,3040,10439,5083,5356,11930,5772,6158,10438,4990,5448,5964,2861,3103,1491,720,771,
52200,5966,2926,3040,10439,5083,5356,11930,5772,6158,10439,4991,5448,5964,2861,3103,1491,720,771,
52205,5967,2926,3041,10441,5085,5356,11933,5773,6160,10440,4991,5449,5965,2862,3103,1491,720,771,
52210,5967,2926,3041,10442,5086,5356,11933,5773,6160,10441,4992,5449,5965,2862,3103,1492,721,771,
52215,5968,2926,3042,10442,5086,5356,11934,5774,6160,10442,4993,5449,5967,2863,3104,1492,721,771,
52220,5968,2926,3042,10443,5087,5356,11935,5775,6160,10443,4993,5450,5968,2863,3105,1492,721,771,
52225,5968,2926,3042,10445,5088,5357,11936,5775,6161,10444,4994,5450,5968,2863,3105,1492,721,771,
52230,5969,2927,3042,10446,5088,5358,11938,5775,6163,10445,4995,5450,5968,2863,3105,1492,721,771,
52235,5970,2927,3043,10446,5088,5358,11938,5775,6163,10446,4996,5450,5968,2863,3105,1492,721,771,
52240,5971,2927,3044,10448,5089,5359,11941,5776,6165,10447,4997,5450,5969,2864,3105,1492,721,771,
52245,5971,2927,3044,10449,5090,5359,11941,5776,6165,10448,4997,5451,5969,2864,3105,1493,722,771,
52250,5972,2928,3044,10449,5090,5359,11942,5776,6166,10449,4997,5452,5971,2865,3106,1493,722,771,
52255,5972,2928,3044,10450,5090,5360,11943,5777,6166,10450,4997,5453,5972,2865,3107,1493,722,771,
52260,5972,2928,3044,10452,5092,5360,11944,5778,6166,10451,4997,5454,5972,2865,3107,1493,722,771,
52265,5973,2929,3044,10453,5093,5360,11946,5779,6167,10452,4997,5455,5972,2865,3107,1493,722,771,
52270,5974,2930,3044,10453,5093,5360,11946,5779,6167,10453,4998,5455,5972,2865,3107,1493,722,771,
52275,5975,2931,3044,10455,5094,5361,11949,5779,6170,10454,4999,5455,5973,2866,3107,1493,722,771,
52280,5975,2931,3044,10456,5094,5362,11949,5779,6170,10455,4999,5456,5973,2866,3107,1494,723,771,
52285,5976,2931,3045,10456,5094,5362,11950,5780,6170,10456,5000,5456,5975,2867,3108,1494,723,771,
52290,5976,2931,3045,10457,5095,5362,11951,5780,6171,10457,5001,5456,5976,2868,3108,1494,723,771,
52295,5976,2931,3045,10459,5096,5363,11952,5780,6172,10458,5002,5456,5976,2868,3108,1494,723,771,
52300,5977,2931,3046,10460,5096,5364,11954,5781,6173,10459,5002,5457,5976,2868,3108,1494,723,771,
52305,5978,2932,3046,10460,5096,5364,11954,5781,6173,10460,5002,5458,5976,2868,3108,1494,723,771,
52310,5979,2933,3046,10462,5097,5365,11957,5784,6173,10461,5002,5459,5977,2869,3108,1494,723,771,
52315,5979,2933,3046,10463,5097,5366,11957,5784,6173,10462,5003,5459,5977,2869,3108,1495,724,771,
52320,5980,2934,3046,10463,5097,5366,11958,5784,6174,10463,5003,5460,5979,2870,3109,1495,724,771,
52325,5980,2934,3046,10464,5098,5366,11959,5785,6174,10464,5004,5460,5980,2871,3109,1495,724,771,
52330,5980,2934,3046,10466,5099,5367,11960,5785,6175,10465,5005,5460,5980,2871,3109,1495,724,771,
52335,5981,2934,3047,10467,5100,5367,11962,5785,6177,10466,5005,5461,5980,2871,3109,1495,724,771,
52340,5982,2935,3047,10467,5100,5367,11962,5785,6177,10467,5005,5462,5980,2871,3109,1495,724,771,
52345,5983,2936,3047,10469,5101,5368,11965,5785,6180,10468,5006,5462,5981,2872,3109,1495,724,771,
52350,5983,2936,3047,10470,5102,5368,11965,5785,6180,10469,5006,5463,5981,2872,3109,1496,725,771,
52355,5984,2936,3048,10470,5102,5368,11966,5786,6180,10470,5006,5464,5983,2873,3110,1496,725,771,
52360,5984,2936,3048,10471,5103,5368,11967,5786,6181,10471,5006,5465,5984,2874,3110,1496,725,771,
52365,5984,2936,3048,10473,5103,5370,11968,5786,6182,10472,5007,5465,5984,2874,3110,1496,725,771,
52370,5985,2936,3049,10474,5104,5370,11970,5787,6183,10473,5008,5465,5984,2874,3110,1496,725,771,
52375,5986,2936,3050,10474,5104,5370,11970,5787,6183,10474,5008,5466,5984,2874,3110,1496,725,771,
52380,5987,2937,3050,10476,5105,5371,11973,5788,6185,10475,5008,5467,5985,2874,3111,1496,725,771,
52385,5987,2937,3050,10477,5105,5372,11973,5788,6185,10476,5009,5467,5985,2874,3111,1497,726,771,
52390,5988,2938,3050,10477,5105,5372,11974,5789,6185,10477,5009,5468,5987,2876,3111,1497,726,771,
52395,5988,2938,3050,10478,5105,5373,11975,5789,6186,10478,5009,5469,5988,2877,3111,1497,726,771,
52400,5988,2938,3050,10480,5106,5374,11976,5789,6187,10479,5010,5469,5988,2877,3111,1497,726,771,
52405,5989,2938,3051,10481,5106,5375,11978,5789,6189,10480,5010,5470,5988,2877,3111,1497,726,771,
52410,5990,2938,3052,10481,5106,5375,11978,5789,6189,10481,5011,5470,5988,2877,3111,1497,726,771,
52415,5991,2939,3052,10483,5108,5375,11981,5789,6192,10482,5011,5471,5989,2878,3111,1497,726,771,
52420,5991,2939,3052,10484,5108,5376,11981,5789,6192,10483,5012,5471,5989,2878,3111,1498,726,772,
52425,5992,2940,3052,10484,5108,5376,11982,5790,6192,10484,5013,5471,5991,2880,3111,1498,726,772,
52430,5992,2940,3052,10485,5108,5377,11983,5791,6192,10485,5013,5472,5992,2880,3112,1498,726,772,
52435,5992,2940,3052,10487,5109,5378,11984,5792,6192,10486,5014,5472,5992,2880,3112,1498,726,772,
52440,5993,2941,3052,10488,5110,5378,11986,5793,6193,10487,5014,5473,5992,2880,3112,1498,726,772,
52445,5994,2942,3052,10488,5110,5378,11986,5793,6193,10488,5015,5473,5992,2880,3112,1498,726,772,
52450,5995,2943,3052,10490,5111,5379,11989,5796,6193,10489,5015,5474,5993,2881,3112,1498,726,772,
52455,5995,2943,3052,10491,5111,5380,11989,5796,6193,10490,5015,5475,5993,2881,3112,1499,726,773,
52460,5996,2943,3053,10491,5111,5380,11990,5797,6193,10491,5016,5475,5995,2881,3114,1499,726,773,
52465,5996,2943,3053,10492,5112,5380,11991,5797,6194,10492,5017,5475,5996,2881,3115,1499,726,773,
52470,5996,2943,3053,10494,5112,5382,11992,5797,6195,10493,5017,5476,5996,2881,3115,1499,726,773,
52475,5997,2944,3053,10495,5113,5382,11994,5797,6197,10494,5018,5476,5996,2881,3115,1499,726,773,
52480,5998,2944,3054,10495,5113,5382,11994,5797,6197,10495,5018,5477,5996,2881,3115,1499,726,773,
52485,5999,2944,3055,10497,5114,5383,11997,5797,6200,10496,5018,5478,5997,2881,3116,1499,726,773,
52490,5999,2944,3055,10498,5114,5384,11997,5797,6200,10497,5019,5478,5997,2881,3116,1500,727,773,
52495,6000,2945,3055,10498,5114,5384,11998,5797,6201,10498,5020,5478,5999,2883,3116,1500,727,773,
52500,6000,2945,3055,10499,5115,5384,11999,5797,6202,10499,5020,5479,6000,2884,3116,1500,727,773,
52505,6000,2945,3055,10501,5116,5385,12000,5797,6203,10500,5020,5480,6000,2884,3116,1500,727,773,
52510,6001,2945,3056,10502,5117,5385,12002,5798,6204,10501,5020,5481,6000,2884,3116,1500,727,773,
52515,6002,2946,3056,10502,5117,5385,12002,5798,6204,10502,5020,5482,6000,2884,3116,1500,727,773,
52520,6003,2946,3057,10504,5119,5385,12005,5799,6206,10503,5020,5483,6001,2885,3116,1500,727,773,
52525,6003,2946,3057,10505,5119,5386,12005,5799,6206,10504,5021,5483,6001,2885,3116,1501,727,774,
52530,6004,2947,3057,10505,5119,5386,12006,5800,6206,10505,5022,5483,6003,2886,3117,1501,727,774,
52535,6004,2947,3057,10506,5120,5386,12007,5800,6207,10506,5022,5484,6004,2887,3117,1501,727,774,
52540,6004,2947,3057,10508,5120,5388,12008,5800,6208,10507,5023,5484,6004,2887,3117,1501,727,774,
52545,6005,2947,3058,10509,5120,5389,12010,5801,6209,10508,5023,5485,6004,2887,3117,1501,727,774,
52550,6006,2947,3059,10509,5120,5389,12010,5801,6209,10509,5024,5485,6004,2887,3117,1501,727,774,
52555,6007,2948,3059,10511,5121,5390,12013,5802,6211,10510,5024,5486,6005,2887,3118,1501,727,774,
52560,6007,2948,3059,10512,5121,5391,12013,5802,6211,10511,5024,5487,6005,2887,3118,1502,728,774,
52565,6008,2949,3059,10512,5121,5391,12014,5802,6212,10512,5024,5488,6007,2887,3120,1502,728,774,
52570,6008,2949,3059,10513,5122,5391,12015,5803,6212,10513,5025,5488,6008,2888,3120,1502,728,774,
52575,6008,2949,3059,10515,5123,5392,12016,5804,6212,10514,5025,5489,6008,2888,3120,1502,728,774,
52580,6009,2949,3060,10516,5124,5392,12018,5806,6212,10515,5025,5490,6008,2888,3120,1502,728,774,
52585,6010,2949,3061,10516,5124,5392,12018,5806,6212,10516,5025,5491,6008,2888,3120,1502,728,774,
52590,6011,2950,3061,10518,5124,5394,12021,5808,6213,10517,5025,5492,6009,2889,3120,1502,728,774,
52595,6011,2950,3061,10519,5124,5395,12021,5808,6213,10518,5025,5493,6009,2889,3120,1503,729,774,
52600,6012,2951,3061,10519,5124,5395,12022,5808,6214,10519,5025,5494,6011,2891,3120,1503,729,774,
52605,6012,2951,3061,10520,5125,5395,12023,5809,6214,10520,5026,5494,6012,2892,3120,1503,729,774,
52610,6012,2951,3061,10522,5125,5397,12024,5810,6214,10521,5027,5494,6012,2892,3120,1503,729,774,
52615,6013,2951,3062,10523,5126,5397,12026,5811,6215,10522,5028,5494,6012,2892,3120,1503,729,774,
52620,6014,2951,3063,10523,5126,5397,12026,5811,6215,10523,5029,5494,6012,2892,3120,1503,729,774,
52625,6015,2952,3063,10525,5126,5399,12029,5812,6217,10524,5029,5495,6013,2892,3121,1503,729,774,
52630,6015,2952,3063,10526,5127,5399,12029,5812,6217,10525,5029,5496,6013,2892,3121,1504,730,774,
52635,6016,2952,3064,10526,5127,5399,12030,5813,6217,10526,5029,5497,6015,2893,3122,1504,730,774,
52640,6016,2952,3064,10527,5127,5400,12031,5814,6217,10527,5029,5498,6016,2893,3123,1504,730,774,
52645,6016,2952,3064,10529,5128,5401,12032,5814,6218,10528,5029,5499,6016,2893,3123,1504,730,774,
52650,6017,2953,3064,10530,5128,5402,12034,5815,6219,10529,5030,5499,6016,2893,3123,1504,730,774,
52655,6018,2954,3064,10530,5128,5402,12034,5815,6219,10530,5031,5499,6016,2893,3123,1504,730,774,
52660,6019,2954,3065,10532,5129,5403,12037,5815,6222,10531,5031,5500,6017,2894,3123,1504,730,774,
52665,6019,2954,3065,10533,5130,5403,12037,5815,6222,10532,5031,5501,6017,2894,3123,1505,730,775,
52670,6020,2955,3065,10533,5130,5403,12038,5815,6223,10533,5032,5501,6019,2896,3123,1505,730,775,
52675,6020,2955,3065,10534,5130,5404,12039,5815,6224,10534,5033,5501,6020,2897,3123,1505,730,775,
52680,6020,2955,3065,10536,5130,5406,12040,5816,6224,10535,5033,5502,6020,2897,3123,1505,730,775,
52685,6021,2955,3066,10537,5131,5406,12042,5817,6225,10536,5034,5502,6020,2897,3123,1505,730,775,
52690,6022,2955,3067,10537,5131,5406,12042,5817,6225,10537,5035,5502,6020,2897,3123,1505,730,775,
52695,6023,2956,3067,10539,5133,5406,12045,5820,6225,10538,5035,5503,6021,2897,3124,1505,730,775,
52700,6023,2956,3067,10540,5133,5407,12045,5820,6225,10539,5035,5504,6021,2897,3124,1506,730,776,
52705,6024,2956,3068,10540,5133,5407,12046,5820,6226,10540,5035,5505,6023,2899,3124,1506,730,776,
52710,6024,2956,3068,10541,5133,5408,12047,5820,6227,10541,5036,5505,6024,2900,3124,1506,730,776,
52715,6024,2956,3068,10543,5134,5409,12048,5821,6227,10542,5036,5506,6024,2900,3124,1506,730,776,
52720,6025,2956,3069,10544,5135,5409,12050,5823,6227,10543,5037,5506,6024,2900,3124,1506,730,776,
52725,6026,2956,3070,10544,5135,5409,12050,5823,6227,10544,5038,5506,6024,2900,3124,1506,730,776,
52730,6027,2957,3070,10546,5136,5410,12053,5825,6228,10545,5039,5506,6025,2900,3125,1506,730,776,
52735,6027,2957,3070,10547,5137,5410,12053,5825,6228,10546,5039,5507,6025,2900,3125,1507,730,777,
52740,6028,2957,3071,10547,5137,5410,12054,5825,6229,10547,5040,5507,6027,2901,3126,1507,730,777,
52745,6028,2957,3071,10548,5138,5410,12055,5825,6230,10548,5041,5507,6028,2902,3126,1507,730,777,
52750,6028,2957,3071,10550,5139,5411,12056,5826,6230,10549,5041,5508,6028,2902,3126,1507,730,777,
52755,6029,2958,3071,10551,5139,5412,12058,5827,6231,10550,5041,5509,6028,2902,3126,1507,730,777,
52760,6030,2958,3072,10551,5139,5412,12058,5827,6231,10551,5042,5509,6028,2902,3126,1507,730,777,
52765,6031,2959,3072,10553,5140,5413,12061,5829,6232,10552,5042,5510,6029,2902,3127,1507,730,777,
52770,6031,2959,3072,10554,5141,5413,12061,5829,6232,10553,5043,5510,6029,2902,3127,1508,731,777,
52775,6032,2959,3073,10554,5141,5413,12062,5829,6233,10554,5043,5511,6031,2903,3128,1508,731,777,
52780,6032,2959,3073,10555,5141,5414,12063,5830,6233,10555,5044,5511,6032,2903,3129,1508,731,777,
52785,6032,2959,3073,10557,5142,5415,12064,5831,6233,10556,5044,5512,6032,2903,3129,1508,731,777,
52790,6033,2960,3073,10558,5142,5416,12066,5832,6234,10557,5044,5513,6032,2903,3129,1508,731,777,
52795,6034,2961,3073,10558,5142,5416,12066,5832,6234,10558,5045,5513,6032,2903,3129,1508,731,777,
52800,6035,2961,3074,10560,5144,5416,12069,5833,6236,10559,5045,5514,6033,2903,3130,1508,731,777,
52805,6035,2961,3074,10561,5145,5416,12069,5833,6236,10560,5045,5515,6033,2903,3130,1509,731,778,
52810,6036,2962,3074,10561,5145,5416,12070,5834,6236,10561,5046,5515,6035,2905,3130,1509,731,778,
52815,6036,2962,3074,10562,5146,5416,12071,5835,6236,10562,5047,5515,6036,2906,3130,1509,731,778,
52820,6036,2962,3074,10564,5148,5416,12072,5835,6237,10563,5047,5516,6036,2906,3130,1509,731,778,
52825,6037,2962,3075,10565,5148,5417,12074,5836,6238,10564,5047,5517,6036,2906,3130,1509,731,778,
52830,6038,2963,3075,10565,5148,5417,12074,5836,6238,10565,5047,5518,6036,2906,3130,1509,731,778,
52835,6039,2964,3075,10567,5149,5418,12077,5838,6239,10566,5047,5519,6037,2907,3130,1509,731,778,
52840,6039,2964,3075,10568,5149,5419,12077,5838,6239,10567,5048,5519,6037,2907,3130,1510,731,779,
52845,6040,2965,3075,10568,5149,5419,12078,5839,6239,10568,5048,5520,6039,2907,3132,1510,731,779,
52850,6040,2965,3075,10569,5149,5420,12079,5839,6240,10569,5048,5521,6040,2907,3133,1510,731,779,
52855,6040,2965,3075,10571,5150,5421,12080,5839,6241,10570,5049,5521,6040,2907,3133,1510,731,779,
52860,6041,2965,3076,10572,5150,5422,12082,5839,6243,10571,5049,5522,6040,2907,3133,1510,731,779,
52865,6042,2965,3077,10572,5150,5422,12082,5839,6243,10572,5049,5523,6040,2907,3133,1510,731,779,
52870,6043,2965,3078,10574,5150,5424,12085,5840,6245,10573,5050,5523,6041,2908,3133,1510,731,779,
52875,6043,2965,3078,10575,5150,5425,12085,5840,6245,10574,5051,5523,6041,2908,3133,1511,731,780,
52880,6044,2965,3079,10575,5150,5425,12086,5841,6245,10575,5051,5524,6043,2909,3134,1511,731,780,
52885,6044,2965,3079,10576,5151,5425,12087,5841,6246,10576,5052,5524,6044,2909,3135,1511,731,780,
52890,6044,2965,3079,10578,5152,5426,12088,5842,6246,10577,5052,5525,6044,2909,3135,1511,731,780,
52895,6045,2966,3079,10579,5153,5426,12090,5842,6248,10578,5052,5526,6044,2909,3135,1511,731,780,
52900,6046,2966,3080,10579,5153,5426,12090,5842,6248,10579,5053,5526,6044,2909,3135,1511,731,780,
52905,6047,2967,3080,10581,5154,5427,12093,5844,6249,10580,5053,5527,6045,2910,3135,1511,731,780,
52910,6047,2967,3080,10582,5154,5428,12093,5844,6249,10581,5054,5527,6045,2910,3135,1512,732,780,
52915,6048,2968,3080,10582,5154,5428,12094,5844,6250,10582,5055,5527,6047,2911,3136,1512,732,780,
52920,6048,2968,3080,10583,5155,5428,12095,5844,6251,10583,5055,5528,6048,2911,3137,1512,732,780,
52925,6048,2968,3080,10585,5155,5430,12096,5845,6251,10584,5055,5529,6048,2911,3137,1512,732,780,
52930,6049,2969,3080,10586,5155,5431,12098,5846,6252,10585,5055,5530,6048,2911,3137,1512,732,780,
52935,6050,2970,3080,10586,5155,5431,12098,5846,6252,10586,5055,5531,6048,2911,3137,1512,732,780,
52940,6051,2970,3081,10588,5156,5432,12101,5849,6252,10587,5055,5532,6049,2911,3138,1512,732,780,
52945,6051,2970,3081,10589,5156,5433,12101,5849,6252,10588,5055,5533,6049,2911,3138,1513,733,780,
52950,6052,2971,3081,10589,5156,5433,12102,5849,6253,10589,5056,5533,6051,2912,3139,1513,733,780,
52955,6052,2971,3081,10590,5157,5433,12103,5849,6254,10590,5056,5534,6052,2912,3140,1513,733,780,
52960,6052,2971,3081,10592,5158,5434,12104,5850,6254,10591,5057,5534,6052,2912,3140,1513,733,780,
52965,6053,2972,3081,10593,5159,5434,12106,5852,6254,10592,5057,5535,6052,2912,3140,1513,733,780,
52970,6054,2972,3082,10593,5159,5434,12106,5852,6254,10593,5057,5536,6052,2912,3140,1513,733,780,
52975,6055,2973,3082,10595,5159,5436,12109,5853,6256,10594,5057,5537,6053,2913,3140,1513,733,780,
52980,6055,2973,3082,10596,5160,5436,12109,5853,6256,10595,5057,5538,6053,2913,3140,1514,734,780,
52985,6056,2973,3083,10596,5160,5436,12110,5854,6256,10596,5057,5539,6055,2915,3140,1514,734,780,
52990,6056,2973,3083,10597,5161,5436,12111,5855,6256,10597,5058,5539,6056,2915,3141,1514,734,780,
52995,6056,2973,3083,10599,5162,5437,12112,5856,6256,10598,5059,5539,6056,2915,3141,1514,734,780,
53000,6057,2974,3083,10600,5163,5437,12114,5857,6257,10599,5060,5539,6056,2915,3141,1514,734,780,
53005,6058,2974,3084,10600,5163,5437,12114,5857,6257,10600,5060,5540,6056,2915,3141,1514,734,780,
53010,6059,2975,3084,10602,5163,5439,12117,5858,6259,10601,5061,5540,6057,2915,3142,1514,734,780,
53015,6059,2975,3084,10603,5164,5439,12117,5858,6259,10602,5062,5540,6057,2915,3142,1515,735,780,
53020,6060,2975,3085,10603,5164,5439,12118,5859,6259,10603,5062,5541,6059,2916,3143,1515,735,780,
53025,6060,2975,3085,10604,5164,5440,12119,5859,6260,10604,5063,5541,6060,2917,3143,1515,735,780,
53030,6060,2975,3085,10606,5166,5440,12120,5860,6260,10605,5064,5541,6060,2917,3143,1515,735,780,
53035,6061,2975,3086,10607,5166,5441,12122,5862,6260,10606,5065,5541,6060,2917,3143,1515,735,780,
53040,6062,2976,3086,10607,5166,5441,12122,5862,6260,10607,5066,5541,6060,2917,3143,1515,735,780,
53045,6063,2976,3087,10609,5167,5442,12125,5863,6262,10608,5066,5542,6061,2918,3143,1515,735,780,
53050,6063,2976,3087,10610,5168,5442,12125,5863,6262,10609,5067,5542,6061,2918,3143,1516,736,780,
53055,6064,2976,3088,10610,5168,5442,12126,5863,6263,10610,5067,5543,6063,2919,3144,1516,736,780,
53060,6064,2976,3088,10611,5169,5442,12127,5863,6264,10611,5068,5543,6064,2920,3144,1516,736,780,
53065,6064,2976,3088,10613,5170,5443,12128,5863,6265,10612,5068,5544,6064,2920,3144,1516,736,780,
53070,6065,2977,3088,10614,5171,5443,12130,5865,6265,10613,5068,5545,6064,2920,3144,1516,736,780,
53075,6066,2977,3089,10614,5171,5443,12130,5865,6265,10614,5069,5545,6064,2920,3144,1516,736,780,
53080,6067,2978,3089,10616,5172,5444,12133,5865,6268,10615,5070,5545,6065,2921,3144,1516,736,780,
53085,6067,2978,3089,10617,5172,5445,12133,5865,6268,10616,5070,5546,6065,2921,3144,1517,736,781,
53090,6068,2978,3090,10617,5172,5445,12134,5866,6268,10617,5070,5547,6067,2921,3146,1517,736,781,
53095,6068,2978,3090,10618,5172,5446,12135,5867,6268,10618,5071,5547,6068,2921,3147,1517,736,781,
53100,6068,2978,3090,10620,5173,5447,12136,5868,6268,10619,5071,5548,6068,2921,3147,1517,736,781,
53105,6069,2978,3091,10621,5174,5447,12138,5868,6270,10620,5072,5548,6068,2921,3147,1517,736,781,
53110,6070,2978,3092,10621,5174,5447,12138,5868,6270,10621,5072,5549,6068,2921,3147,1517,736,781,
53115,6071,2978,3093,10623,5174,5449,12141,5869,6272,10622,5073,5549,6069,2921,3148,1517,736,781,
53120,6071,2978,3093,10624,5174,5450,12141,5869,6272,10623,5073,5550,6069,2921,3148,1518,736,782,
53125,6072,2978,3094,10624,5174,5450,12142,5870,6272,10624,5074,5550,6071,2923,3148,1518,736,782,
53130,6072,2978,3094,10625,5174,5451,12143,5871,6272,10625,5074,5551,6072,2923,3149,1518,736,782,
53135,6072,2978,3094,10627,5175,5452,12144,5872,6272,10626,5075,5551,6072,2923,3149,1518,736,782,
53140,6073,2979,3094,10628,5175,5453,12146,5873,6273,10627,5076,5551,6072,2923,3149,1518,736,782,
53145,6074,2979,3095,10628,5175,5453,12146,5873,6273,10628,5077,5551,6072,2923,3149,1518,736,782,
53150,6075,2980,3095,10630,5176,5454,12149,5874,6275,10629,5077,5552,6073,2924,3149,1518,736,782,
53155,6075,2980,3095,10631,5177,5454,12149,5874,6275,10630,5077,5553,6073,2924,3149,1519,736,783,
53160,6076,2980,3096,10631,5177,5454,12150,5874,6276,10631,5077,5554,6075,2925,3150,1519,736,783,
53165,6076,2980,3096,10632,5178,5454,12151,5875,6276,10632,5077,5555,6076,2926,3150,1519,736,783,
53170,6076,2980,3096,10634,5179,5455,12152,5876,6276,10633,5078,5555,6076,2926,3150,1519,736,783,
53175,6077,2981,3096,10635,5179,5456,12154,5877,6277,10634,5078,5556,6076,2926,3150,1519,736,783,
53180,6078,2982,3096,10635,5179,5456,12154,5877,6277,10635,5078,5557,6076,2926,3150,1519,736,783,
53185,6079,2983,3096,10637,5180,5457,12157,5878,6279,10636,5078,5558,6077,2926,3151,1519,736,783,
53190,6079,2983,3096,10638,5181,5457,12157,5878,6279,10637,5079,5558,6077,2926,3151,1520,737,783,
53195,6080,2983,3097,10638,5181,5457,12158,5879,6279,10638,5080,5558,6079,2927,3152,1520,737,783,
53200,6080,2983,3097,10639,5182,5457,12159,5879,6280,10639,5080,5559,6080,2927,3153,1520,737,783,
53205,6080,2983,3097,10641,5183,5458,12160,5880,6280,10640,5080,5560,6080,2927,3153,1520,737,783,
53210,6081,2983,3098,10642,5183,5459,12162,5882,6280,10641,5080,5561,6080,2927,3153,1520,737,783,
53215,6082,2984,3098,10642,5183,5459,12162,5882,6280,10642,5081,5561,6080,2927,3153,1520,737,783,
53220,6083,2984,3099,10644,5184,5460,12165,5883,6282,10643,5082,5561,6081,2927,3154,1520,737,783,
53225,6083,2984,3099,10645,5184,5461,12165,5883,6282,10644,5082,5562,6081,2927,3154,1521,737,784,
53230,6084,2985,3099,10645,5184,5461,12166,5884,6282,10645,5082,5563,6083,2927,3156,1521,737,784,
53235,6084,2985,3099,10646,5185,5461,12167,5885,6282,10646,5082,5564,6084,2927,3157,1521,737,784,
53240,6084,2985,3099,10648,5185,5463,12168,5886,6282,10647,5083,5564,6084,2927,3157,1521,737,784,
53245,6085,2985,3100,10649,5185,5464,12170,5887,6283,10648,5084,5564,6084,2927,3157,1521,737,784,
53250,6086,2985,3101,10649,5185,5464,12170,5887,6283,10649,5084,5565,6084,2927,3157,1521,737,784,
53255,6087,2985,3102,10651,5186,5465,12173,5888,6285,10650,5084,5566,6085,2927,3158,1521,737,784,
53260,6087,2985,3102,10652,5187,5465,12173,5888,6285,10651,5084,5567,6085,2927,3158,1522,737,785,
53265,6088,2985,3103,10652,5187,5465,12174,5889,6285,10652,5085,5567,6087,2928,3159,1522,737,785,
53270,6088,2985,3103,10653,5187,5466,12175,5889,6286,10653,5086,5567,6088,2928,3160,1522,737,785,
53275,6088,2985,3103,10655,5188,5467,12176,5889,6287,10654,5086,5568,6088,2928,3160,1522,737,785,
53280,6089,2985,3104,10656,5188,5468,12178,5889,6289,10655,5087,5568,6088,2928,3160,1522,737,785,
53285,6090,2986,3104,10656,5188,5468,12178,5889,6289,10656,5088,5568,6088,2928,3160,1522,737,785,
53290,6091,2986,3105,10658,5190,5468,12181,5889,6292,10657,5089,5568,6089,2929,3160,1522,737,785,
53295,6091,2986,3105,10659,5191,5468,12181,5889,6292,10658,5089,5569,6089,2929,3160,1523,737,786,
53300,6092,2987,3105,10659,5191,5468,12182,5890,6292,10659,5090,5569,6091,2930,3161,1523,737,786,
53305,6092,2987,3105,10660,5192,5468,12183,5891,6292,10660,5091,5569,6092,2930,3162,1523,737,786,
53310,6092,2987,3105,10662,5193,5469,12184,5891,6293,10661,5092,5569,6092,2930,3162,1523,737,786,
53315,6093,2988,3105,10663,5193,5470,12186,5893,6293,10662,5093,5569,6092,2930,3162,1523,737,786,
53320,6094,2988,3106,10663,5193,5470,12186,5893,6293,10663,5094,5569,6092,2930,3162,1523,737,786,
53325,6095,2988,3107,10665,5195,5470,12189,5895,6294,10664,5094,5570,6093,2930,3163,1523,737,786,
53330,6095,2988,3107,10666,5196,5470,12189,5895,6294,10665,5095,5570,6093,2930,3163,1524,737,787,
53335,6096,2989,3107,10666,5196,5470,12190,5895,6295,10666,5096,5570,6095,2930,3165,1524,737,787,
53340,6096,2989,3107,10667,5197,5470,12191,5896,6295,10667,5097,5570,6096,2931,3165,1524,737,787,
53345,6096,2989,3107,10669,5198,5471,12192,5897,6295,10668,5097,5571,6096,2931,3165,1524,737,787,
53350,6097,2990,3107,10670,5198,5472,12194,5897,6297,10669,5097,5572,6096,2931,3165,1524,737,787,
53355,6098,2990,3108,10670,5198,5472,12194,5897,6297,10670,5098,5572,6096,2931,3165,1524,737,787,
53360,6099,2990,3109,10672,5200,5472,12197,5898,6299,10671,5099,5572,6097,2931,3166,1524,737,787,
53365,6099,2990,3109,10673,5200,5473,12197,5898,6299,10672,5099,5573,6097,2931,3166,1525,737,788,
53370,6100,2990,3110,10673,5200,5473,12198,5898,6300,10673,5100,5573,6099,2932,3167,1525,737,788,
53375,6100,2990,3110,10674,5201,5473,12199,5898,6301,10674,5100,5574,6100,2932,3168,1525,737,788,
53380,6100,2990,3110,10676,5201,5475,12200,5899,6301,10675,5100,5575,6100,2932,3168,1525,737,788,
53385,6101,2990,3111,10677,5201,5476,12202,5900,6302,10676,5100,5576,6100,2932,3168,1525,737,788,
53390,6102,2991,3111,10677,5201,5476,12202,5900,6302,10677,5101,5576,6100,2932,3168,1525,737,788,
53395,6103,2991,3112,10679,5202,5477,12205,5902,6303,10678,5101,5577,6101,2933,3168,1525,737,788,
53400,6103,2991,3112,10680,5202,5478,12205,5902,6303,10679,5101,5578,6101,2933,3168,1526,738,788,
53405,6104,2992,3112,10680,5202,5478,12206,5903,6303,10680,5101,5579,6103,2934,3169,1526,738,788,
53410,6104,2992,3112,10681,5202,5479,12207,5903,6304,10681,5101,5580,6104,2935,3169,1526,738,788,
53415,6104,2992,3112,10683,5203,5480,12208,5903,6305,10682,5101,5581,6104,2935,3169,1526,738,788,
53420,6105,2992,3113,10684,5203,5481,12210,5905,6305,10683,5101,5582,6104,2935,3169,1526,738,788,
53425,6106,2993,3113,10684,5203,5481,12210,5905,6305,10684,5102,5582,6104,2935,3169,1526,738,788,
53430,6107,2993,3114,10686,5203,5483,12213,5907,6306,10685,5103,5582,6105,2935,3170,1526,738,788,
53435,6107,2993,3114,10687,5203,5484,12213,5907,6306,10686,5104,5582,6105,2935,3170,1527,739,788,
53440,6108,2993,3115,10687,5203,5484,12214,5907,6307,10687,5104,5583,6107,2936,3171,1527,739,788,
53445,6108,2993,3115,10688,5203,5485,12215,5908,6307,10688,5104,5584,6108,2937,3171,1527,739,788,
53450,6108,2993,3115,10690,5205,5485,12216,5909,6307,10689,5105,5584,6108,2937,3171,1527,739,788,
53455,6109,2993,3116,10691,5205,5486,12218,5910,6308,10690,5105,5585,6108,2937,3171,1527,739,788,
53460,6110,2994,3116,10691,5205,5486,12218,5910,6308,10691,5105,5586,6108,2937,3171,1527,739,788,
53465,6111,2994,3117,10693,5207,5486,12221,5910,6311,10692,5106,5586,6109,2938,3171,1527,739,788,
53470,6111,2994,3117,10694,5208,5486,12221,5910,6311,10693,5106,5587,6109,2938,3171,1528,739,789,
53475,6112,2995,3117,10694,5208,5486,12222,5910,6312,10694,5106,5588,6111,2939,3172,1528,739,789,
53480,6112,2995,3117,10695,5209,5486,12223,5910,6313,10695,5107,5588,6112,2940,3172,1528,739,789,
53485,6112,2995,3117,10697,5210,5487,12224,5910,6314,10696,5107,5589,6112,2940,3172,1528,739,789,
53490,6113,2995,3118,10698,5211,5487,12226,5911,6315,10697,5107,5590,6112,2940,3172,1528,739,789,
53495,6114,2995,3119,10698,5211,5487,12226,5911,6315,10698,5108,5590,6112,2940,3172,1528,739,789,
53500,6115,2995,3120,10700,5212,5488,12229,5912,6317,10699,5108,5591,6113,2941,3172,1528,739,789,
53505,6115,2995,3120,10701,5213,5488,12229,5912,6317,10700,5108,5592,6113,2941,3172,1529,739,790,
53510,6116,2996,3120,10701,5213,5488,12230,5912,6318,10701,5109,5592,6115,2942,3173,1529,739,790,
53515,6116,2996,3120,10702,5214,5488,12231,5912,6319,10702,5110,5592,6116,2943,3173,1529,739,790,
53520,6116,2996,3120,10704,5214,5490,12232,5913,6319,10703,5110,5593,6116,2943,3173,1529,739,790,
53525,6117,2996,3121,10705,5214,5491,12234,5913,6321,10704,5111,5593,6116,2943,3173,1529,739,790,
53530,6118,2997,3121,10705,5214,5491,12234,5913,6321,10705,5111,5594,6116,2943,3173,1529,739,790,
53535,6119,2997,3122,10707,5215,5492,12237,5915,6322,10706,5111,5595,6117,2943,3174,1529,739,790,
53540,6119,2997,3122,10708,5215,5493,12237,5915,6322,10707,5111,5596,6117,2943,3174,1530,740,790,
53545,6120,2998,3122,10708,5215,5493,12238,5915,6323,10708,5112,5596,6119,2943,3176,1530,740,790,
53550,6120,2998,3122,10709,5216,5493,12239,5916,6323,10709,5112,5597,6120,2943,3177,1530,740,790,
53555,6120,2998,3122,10711,5216,5495,12240,5916,6324,10710,5112,5598,6120,2943,3177,1530,740,790,
53560,6121,2998,3123,10712,5216,5496,12242,5916,6326,10711,5112,5599,6120,2943,3177,1530,740,790,
53565,6122,2999,3123,10712,5216,5496,12242,5916,6326,10712,5112,5600,6120,2943,3177,1530,740,790,
53570,6123,3000,3123,10714,5217,5497,12245,5917,6328,10713,5112,5601,6121,2943,3178,1530,740,790,
53575,6123,3000,3123,10715,5217,5498,12245,5917,6328,10714,5112,5602,6121,2943,3178,1531,740,791,
53580,6124,3000,3124,10715,5217,5498,12246,5918,6328,10715,5112,5603,6123,2944,3179,1531,740,791,
53585,6124,3000,3124,10716,5218,5498,12247,5918,6329,10716,5112,5604,6124,2945,3179,1531,740,791,
53590,6124,3000,3124,10718,5219,5499,12248,5919,6329,10717,5113,5604,6124,2945,3179,1531,740,791,
53595,6125,3000,3125,10719,5220,5499,12250,5921,6329,10718,5113,5605,6124,2945,3179,1531,740,791,
53600,6126,3000,3126,10719,5220,5499,12250,5921,6329,10719,5114,5605,6124,2945,3179,1531,740,791,
53605,6127,3000,3127,10721,5221,5500,12253,5921,6332,10720,5114,5606,6125,2946,3179,1531,740,791,
53610,6127,3000,3127,10722,5221,5501,12253,5921,6332,10721,5114,5607,6125,2946,3179,1532,741,791,
53615,6128,3001,3127,10722,5221,5501,12254,5922,6332,10722,5114,5608,6127,2947,3180,1532,741,791,
53620,6128,3001,3127,10723,5221,5502,12255,5923,6332,10723,5114,5609,6128,2947,3181,1532,741,791,
53625,6128,3001,3127,10725,5223,5502,12256,5924,6332,10724,5115,5609,6128,2947,3181,1532,741,791,
53630,6129,3001,3128,10726,5224,5502,12258,5926,6332,10725,5116,5609,6128,2947,3181,1532,741,791,
53635,6130,3002,3128,10726,5224,5502,12258,5926,6332,10726,5116,5610,6128,2947,3181,1532,741,791,
53640,6131,3002,3129,10728,5225,5503,12261,5928,6333,10727,5116,5611,6129,2947,3182,1532,741,791,
53645,6131,3002,3129,10729,5225,5504,12261,5928,6333,10728,5117,5611,6129,2947,3182,1533,741,792,
53650,6132,3002,3130,10729,5225,5504,12262,5928,6334,10729,5117,5612,6131,2948,3183,1533,741,792,
53655,6132,3002,3130,10730,5225,5505,12263,5928,6335,10730,5117,5613,6132,2948,3184,1533,741,792,
53660,6132,3002,3130,10732,5225,5507,12264,5928,6336,10731,5118,5613,6132,2948,3184,1533,741,792,
53665,6133,3002,3131,10733,5226,5507,12266,5928,6338,10732,5118,5614,6132,2948,3184,1533,741,792,
53670,6134,3002,3132,10733,5226,5507,12266,5928,6338,10733,5119,5614,6132,2948,3184,1533,741,792,
53675,6135,3003,3132,10735,5226,5509,12269,5928,6341,10734,5119,5615,6133,2948,3185,1533,741,792,
53680,6135,3003,3132,10736,5227,5509,12269,5928,6341,10735,5120,5615,6133,2948,3185,1534,742,792,
53685,6136,3003,3133,10736,5227,5509,12270,5928,6342,10736,5120,5616,6135,2948,3187,1534,742,792,
53690,6136,3003,3133,10737,5228,5509,12271,5928,6343,10737,5120,5617,6136,2949,3187,1534,742,792,
53695,6136,3003,3133,10739,5229,5510,12272,5928,6344,10738,5121,5617,6136,2949,3187,1534,742,792,
53700,6137,3003,3134,10740,5230,5510,12274,5929,6345,10739,5121,5618,6136,2949,3187,1534,742,792,
53705,6138,3003,3135,10740,5230,5510,12274,5929,6345,10740,5121,5619,6136,2949,3187,1534,742,792,
53710,6139,3004,3135,10742,5230,5512,12277,5929,6348,10741,5121,5620,6137,2950,3187,1534,742,792,
53715,6139,3004,3135,10743,5231,5512,12277,5929,6348,10742,5122,5620,6137,2950,3187,1535,742,793,
53720,6140,3005,3135,10743,5231,5512,12278,5930,6348,10743,5123,5620,6139,2951,3188,1535,742,793,
53725,6140,3005,3135,10744,5231,5513,12279,5930,6349,10744,5123,5621,6140,2952,3188,1535,742,793,
53730,6140,3005,3135,10746,5232,5514,12280,5931,6349,10745,5124,5621,6140,2952,3188,1535,742,793,
53735,6141,3005,3136,10747,5233,5514,12282,5932,6350,10746,5124,5622,6140,2952,3188,1535,742,793,
53740,6142,3005,3137,10747,5233,5514,12282,5932,6350,10747,5125,5622,6140,2952,3188,1535,742,793,
53745,6143,3006,3137,10749,5234,5515,12285,5934,6351,10748,5126,5622,6141,2952,3189,1535,742,793,
53750,6143,3006,3137,10750,5235,5515,12285,5934,6351,10749,5127,5622,6141,2952,3189,1536,743,793,
53755,6144,3007,3137,10750,5235,5515,12286,5935,6351,10750,5127,5623,6143,2952,3191,1536,743,793,
53760,6144,3007,3137,10751,5235,5516,12287,5935,6352,10751,5128,5623,6144,2953,3191,1536,743,793,
53765,6144,3007,3137,10753,5237,5516,12288,5936,6352,10752,5128,5624,6144,2953,3191,1536,743,793,
53770,6145,3008,3137,10754,5237,5517,12290,5936,6354,10753,5128,5625,6144,2953,3191,1536,743,793,
53775,6146,3009,3137,10754,5237,5517,12290,5936,6354,10754,5129,5625,6144,2953,3191,1536,743,793,
53780,6147,3010,3137,10756,5238,5518,12293,5938,6355,10755,5129,5626,6145,2953,3192,1536,743,793,
53785,6147,3010,3137,10757,5239,5518,12293,5938,6355,10756,5130,5626,6145,2953,3192,1537,744,793,
53790,6148,3011,3137,10757,5239,5518,12294,5939,6355,10757,5130,5627,6147,2954,3193,1537,744,793,
53795,6148,3011,3137,10758,5240,5518,12295,5939,6356,10758,5130,5628,6148,2954,3194,1537,744,793,
53800,6148,3011,3137,10760,5241,5519,12296,5939,6357,10759,5130,5629,6148,2954,3194,1537,744,793,
53805,6149,3012,3137,10761,5242,5519,12298,5940,6358,10760,5130,5630,6148,2954,3194,1537,744,793,
53810,6150,3013,3137,10761,5242,5519,12298,5940,6358,10761,5130,5631,6148,2954,3194,1537,744,793,
53815,6151,3013,3138,10763,5243,5520,12301,5941,6360,10762,5130,5632,6149,2955,3194,1537,744,793,
53820,6151,3013,3138,10764,5244,5520,12301,5941,6360,10763,5130,5633,6149,2955,3194,1538,745,793,
53825,6152,3013,3139,10764,5244,5520,12302,5942,6360,10764,5130,5634,6151,2955,3196,1538,745,793,
53830,6152,3013,3139,10765,5245,5520,12303,5943,6360,10765,5131,5634,6152,2955,3197,1538,745,793,
53835,6152,3013,3139,10767,5247,5520,12304,5944,6360,10766,5132,5634,6152,2955,3197,1538,745,793,
53840,6153,3014,3139,10768,5248,5520,12306,5945,6361,10767,5132,5635,6152,2955,3197,1538,745,793,
53845,6154,3014,3140,10768,5248,5520,12306,5945,6361,10768,5133,5635,6152,2955,3197,1538,745,793,
53850,6155,3015,3140,10770,5249,5521,12309,5946,6363,10769,5134,5635,6153,2955,3198,1538,745,793,
53855,6155,3015,3140,10771,5249,5522,12309,5946,6363,10770,5135,5635,6153,2955,3198,1539,745,794,
53860,6156,3015,3141,10771,5249,5522,12310,5947,6363,10771,5136,5635,6155,2956,3199,1539,745,794,
53865,6156,3015,3141,10772,5250,5522,12311,5947,6364,10772,5137,5635,6156,2957,3199,1539,745,794,
53870,6156,3015,3141,10774,5250,5524,12312,5948,6364,10773,5138,5635,6156,2957,3199,1539,745,794,
53875,6157,3016,3141,10775,5250,5525,12314,5950,6364,10774,5139,5635,6156,2957,3199,1539,745,794,
53880,6158,3016,3142,10775,5250,5525,12314,5950,6364,10775,5140,5635,6156,2957,3199,1539,745,794,
53885,6159,3017,3142,10777,5250,5527,12317,5952,6365,10776,5141,5635,6157,2957,3200,1539,745,794,
53890,6159,3017,3142,10778,5251,5527,12317,5952,6365,10777,5142,5635,6157,2957,3200,1540,746,794,
53895,6160,3017,3143,10778,5251,5527,12318,5953,6365,10778,5142,5636,6159,2959,3200,1540,746,794,
53900,6160,3017,3143,10779,5251,5528,12319,5954,6365,10779,5143,5636,6160,2959,3201,1540,746,794,
53905,6160,3017,3143,10781,5252,5529,12320,5954,6366,10780,5144,5636,6160,2959,3201,1540,746,794,
53910,6161,3017,3144,10782,5253,5529,12322,5956,6366,10781,5145,5636,6160,2959,3201,1540,746,794,
53915,6162,3018,3144,10782,5253,5529,12322,5956,6366,10782,5145,5637,6160,2959,3201,1540,746,794,
53920,6163,3018,3145,10784,5253,5531,12325,5958,6367,10783,5146,5637,6161,2960,3201,1540,746,794,
53925,6163,3018,3145,10785,5253,5532,12325,5958,6367,10784,5147,5637,6161,2960,3201,1541,747,794,
53930,6164,3018,3146,10785,5253,5532,12326,5959,6367,10785,5148,5637,6163,2961,3202,1541,747,794,
53935,6164,3018,3146,10786,5253,5533,12327,5959,6368,10786,5149,5637,6164,2961,3203,1541,747,794,
53940,6164,3018,3146,10788,5254,5534,12328,5960,6368,10787,5149,5638,6164,2961,3203,1541,747,794,
53945,6165,3019,3146,10789,5255,5534,12330,5960,6370,10788,5150,5638,6164,2961,3203,1541,747,794,
53950,6166,3020,3146,10789,5255,5534,12330,5960,6370,10789,5150,5639,6164,2961,3203,1541,747,794,
53955,6167,3020,3147,10791,5256,5535,12333,5961,6372,10790,5151,5639,6165,2961,3204,1541,747,794,
53960,6167,3020,3147,10792,5257,5535,12333,5961,6372,10791,5151,5640,6165,2961,3204,1542,747,795,
53965,6168,3021,3147,10792,5257,5535,12334,5961,6373,10792,5152,5640,6167,2963,3204,1542,747,795,
53970,6168,3021,3147,10793,5258,5535,12335,5962,6373,10793,5153,5640,6168,2963,3205,1542,747,795,
53975,6168,3021,3147,10795,5259,5536,12336,5962,6374,10794,5154,5640,6168,2963,3205,1542,747,795,
53980,6169,3022,3147,10796,5260,5536,12338,5962,6376,10795,5154,5641,6168,2963,3205,1542,747,795,
53985,6170,3023,3147,10796,5260,5536,12338,5962,6376,10796,5154,5642,6168,2963,3205,1542,747,795,
53990,6171,3024,3147,10798,5261,5537,12341,5962,6379,10797,5155,5642,6169,2963,3206,1542,747,795,
53995,6171,3024,3147,10799,5261,5538,12341,5962,6379,10798,5156,5642,6169,2963,3206,1543,748,795,
54000,6172,3025,3147,10799,5261,5538,12342,5962,6380,10799,5157,5642,6171,2964,3207,1543,748,795,
54005,6172,3025,3147,10800,5262,5538,12343,5962,6381,10800,5158,5642,6172,2965,3207,1543,748,795,
54010,6172,3025,3147,10802,5263,5539,12344,5963,6381,10801,5159,5642,6172,2965,3207,1543,748,795,
54015,6173,3025,3148,10803,5264,5539,12346,5963,6383,10802,5160,5642,6172,2965,3207,1543,748,795,
54020,6174,3026,3148,10803,5264,5539,12346,5963,6383,10803,5160,5643,6172,2965,3207,1543,748,795,
54025,6175,3027,3148,10805,5266,5539,12349,5963,6386,10804,5161,5643,6173,2965,3208,1543,748,795,
54030,6175,3027,3148,10806,5267,5539,12349,5963,6386,10805,5161,5644,6173,2965,3208,1544,748,796,
54035,6176,3027,3149,10806,5267,5539,12350,5964,6386,10806,5161,5645,6175,2966,3209,1544,748,796,
54040,6176,3027,3149,10807,5268,5539,12351,5964,6387,10807,5162,5645,6176,2966,3210,1544,748,796,
54045,6176,3027,3149,10809,5269,5540,12352,5965,6387,10808,5163,5645,6176,2966,3210,1544,748,796,
54050,6177,3027,3150,10810,5269,5541,12354,5965,6389,10809,5164,5645,6176,2966,3210,1544,748,796,
54055,6178,3027,3151,10810,5269,5541,12354,5965,6389,10810,5165,5645,6176,2966,3210,1544,748,796,
54060,6179,3027,3152,10812,5269,5543,12357,5966,6391,10811,5166,5645,6177,2967,3210,1544,748,796,
54065,6179,3027,3152,10813,5269,5544,12357,5966,6391,10812,5166,5646,6177,2967,3210,1545,748,797,
54070,6180,3028,3152,10813,5269,5544,12358,5966,6392,10813,5166,5647,6179,2967,3212,1545,748,797,
54075,6180,3028,3152,10814,5269,5545,12359,5967,6392,10814,5166,5648,6180,2967,3213,1545,748,797,
54080,6180,3028,3152,10816,5270,5546,12360,5967,6393,10815,5166,5649,6180,2967,3213,1545,748,797,
54085,6181,3028,3153,10817,5270,5547,12362,5969,6393,10816,5166,5650,6180,2967,3213,1545,748,797,
54090,6182,3029,3153,10817,5270,5547,12362,5969,6393,10817,5166,5651,6180,2967,3213,1545,748,797,
54095,6183,3029,3154,10819,5270,5549,12365,5969,6396,10818,5166,5652,6181,2967,3214,1545,748,797,
54100,6183,3029,3154,10820,5270,5550,12365,5969,6396,10819,5166,5653,6181,2967,3214,1546,749,797,
54105,6184,3030,3154,10820,5270,5550,12366,5969,6397,10820,5166,5654,6183,2969,3214,1546,749,797,
54110,6184,3030,3154,10821,5271,5550,12367,5969,6398,10821,5167,5654,6184,2970,3214,1546,749,797,
54115,6184,3030,3154,10823,5272,5551,12368,5969,6399,10822,5167,5655,6184,2970,3214,1546,749,797,
54120,6185,3031,3154,10824,5273,5551,12370,5969,6401,10823,5167,5656,6184,2970,3214,1546,749,797,
54125,6186,3031,3155,10824,5273,5551,12370,5969,6401,10824,5168,5656,6184,2970,3214,1546,749,797,
54130,6187,3032,3155,10826,5275,5551,12373,5970,6403,10825,5169,5656,6185,2971,3214,1546,749,797,
54135,6187,3032,3155,10827,5275,5552,12373,5970,6403,10826,5169,5657,6185,2971,3214,1547,750,797,
54140,6188,3033,3155,10827,5275,5552,12374,5970,6404,10827,5169,5658,6187,2973,3214,1547,750,797,
54145,6188,3033,3155,10828,5275,5553,12375,5970,6405,10828,5170,5658,6188,2974,3214,1547,750,797,
54150,6188,3033,3155,10830,5276,5554,12376,5971,6405,10829,5170,5659,6188,2974,3214,1547,750,797,
54155,6189,3033,3156,10831,5276,5555,12378,5973,6405,10830,5171,5659,6188,2974,3214,1547,750,797,
54160,6190,3033,3157,10831,5276,5555,12378,5973,6405,10831,5172,5659,6188,2974,3214,1547,750,797,
54165,6191,3033,3158,10833,5277,5556,12381,5974,6407,10832,5172,5660,6189,2974,3215,1547,750,797,
54170,6191,3033,3158,10834,5278,5556,12381,5974,6407,10833,5172,5661,6189,2974,3215,1548,750,798,
54175,6192,3033,3159,10834,5278,5556,12382,5974,6408,10834,5173,5661,6191,2976,3215,1548,750,798,
54180,6192,3033,3159,10835,5279,5556,12383,5975,6408,10835,5173,5662,6192,2976,3216,1548,750,798,
54185,6192,3033,3159,10837,5280,5557,12384,5976,6408,10836,5174,5662,6192,2976,3216,1548,750,798,
54190,6193,3034,3159,10838,5281,5557,12386,5977,6409,10837,5174,5663,6192,2976,3216,1548,750,798,
54195,6194,3034,3160,10838,5281,5557,12386,5977,6409,10838,5174,5664,6192,2976,3216,1548,750,798,
54200,6195,3034,3161,10840,5282,5558,12389,5979,6410,10839,5174,5665,6193,2976,3217,1548,750,798,
54205,6195,3034,3161,10841,5283,5558,12389,5979,6410,10840,5174,5666,6193,2976,3217,1549,750,799,
54210,6196,3034,3162,10841,5283,5558,12390,5980,6410,10841,5175,5666,6195,2978,3217,1549,750,799,
54215,6196,3034,3162,10842,5284,5558,12391,5981,6410,10842,5175,5667,6196,2978,3218,1549,750,799,
54220,6196,3034,3162,10844,5285,5559,12392,5981,6411,10843,5176,5667,6196,2978,3218,1549,750,799,
54225,6197,3035,3162,10845,5285,5560,12394,5981,6413,10844,5177,5667,6196,2978,3218,1549,750,799,
54230,6198,3035,3163,10845,5285,5560,12394,5981,6413,10845,5177,5668,6196,2978,3218,1549,750,799,
54235,6199,3035,3164,10847,5286,5561,12397,5982,6415,10846,5178,5668,6197,2978,3219,1549,750,799,
54240,6199,3035,3164,10848,5287,5561,12397,5982,6415,10847,5179,5668,6197,2978,3219,1550,751,799,
54245,6200,3036,3164,10848,5287,5561,12398,5982,6416,10848,5180,5668,6199,2980,3219,1550,751,799,
54250,6200,3036,3164,10849,5287,5562,12399,5982,6417,10849,5180,5669,6200,2981,3219,1550,751,799,
54255,6200,3036,3164,10851,5288,5563,12400,5983,6417,10850,5180,5670,6200,2981,3219,1550,751,799,
54260,6201,3037,3164,10852,5289,5563,12402,5984,6418,10851,5180,5671,6200,2981,3219,1550,751,799,
54265,6202,3038,3164,10852,5289,5563,12402,5984,6418,10852,5181,5671,6200,2981,3219,1550,751,799,
54270,6203,3038,3165,10854,5290,5564,12405,5984,6421,10853,5181,5672,6201,2982,3219,1550,751,799,
54275,6203,3038,3165,10855,5291,5564,12405,5984,6421,10854,5181,5673,6201,2982,3219,1551,752,799,
54280,6204,3038,3166,10855,5291,5564,12406,5985,6421,10855,5181,5674,6203,2984,3219,1551,752,799,
54285,6204,3038,3166,10856,5291,5565,12407,5985,6422,10856,5182,5674,6204,2984,3220,1551,752,799,
54290,6204,3038,3166,10858,5292,5566,12408,5986,6422,10857,5183,5674,6204,2984,3220,1551,752,799,
54295,6205,3038,3167,10859,5292,5567,12410,5986,6424,10858,5183,5675,6204,2984,3220,1551,752,799,
54300,6206,3038,3168,10859,5292,5567,12410,5986,6424,10859,5183,5676,6204,2984,3220,1551,752,799,
54305,6207,3039,3168,10861,5294,5567,12413,5988,6425,10860,5183,5677,6205,2985,3220,1551,752,799,
54310,6207,3039,3168,10862,5294,5568,12413,5988,6425,10861,5184,5677,6205,2985,3220,1552,753,799,
54315,6208,3040,3168,10862,5294,5568,12414,5989,6425,10862,5184,5678,6207,2986,3221,1552,753,799,
54320,6208,3040,3168,10863,5294,5569,12415,5989,6426,10863,5184,5679,6208,2986,3222,1552,753,799,
54325,6208,3040,3168,10865,5296,5569,12416,5990,6426,10864,5184,5680,6208,2986,3222,1552,753,799,
54330,6209,3041,3168,10866,5297,5569,12418,5991,6427,10865,5184,5681,6208,2986,3222,1552,753,799,
54335,6210,3042,3168,10866,5297,5569,12418,5991,6427,10866,5184,5682,6208,2986,3222,1552,753,799,
54340,6211,3043,3168,10868,5297,5571,12421,5993,6428,10867,5184,5683,6209,2986,3223,1552,753,799,
54345,6211,3043,3168,10869,5298,5571,12421,5993,6428,10868,5185,5683,6209,2986,3223,1553,754,799,
54350,6212,3044,3168,10869,5298,5571,12422,5994,6428,10869,5185,5684,6211,2987,3224,1553,754,799,
54355,6212,3044,3168,10870,5299,5571,12423,5995,6428,10870,5186,5684,6212,2987,3225,1553,754,799,
54360,6212,3044,3168,10872,5300,5572,12424,5995,6429,10871,5187,5684,6212,2987,3225,1553,754,799,
54365,6213,3045,3168,10873,5301,5572,12426,5997,6429,10872,5187,5685,6212,2987,3225,1553,754,799,
54370,6214,3045,3169,10873,5301,5572,12426,5997,6429,10873,5188,5685,6212,2987,3225,1553,754,799,
54375,6215,3046,3169,10875,5301,5574,12429,5999,6430,10874,5189,5685,6213,2988,3225,1553,754,799,
54380,6215,3046,3169,10876,5301,5575,12429,5999,6430,10875,5189,5686,6213,2988,3225,1554,754,800,
54385,6216,3047,3169,10876,5301,5575,12430,6000,6430,10876,5190,5686,6215,2989,3226,1554,754,800,
54390,6216,3047,3169,10877,5302,5575,12431,6001,6430,10877,5191,5686,6216,2990,3226,1554,754,800,
54395,6216,3047,3169,10879,5302,5577,12432,6002,6430,10878,5192,5686,6216,2990,3226,1554,754,800,
54400,6217,3047,3170,10880,5303,5577,12434,6002,6432,10879,5193,5686,6216,2990,3226,1554,754,800,
54405,6218,3048,3170,10880,5303,5577,12434,6002,6432,10880,5193,5687,6216,2990,3226,1554,754,800,
54410,6219,3048,3171,10882,5304,5578,12437,6002,6435,10881,5193,5688,6217,2990,3227,1554,754,800,
54415,6219,3048,3171,10883,5304,5579,12437,6002,6435,10882,5194,5688,6217,2990,3227,1555,755,800,
54420,6220,3049,3171,10883,5304,5579,12438,6002,6436,10883,5194,5689,6219,2991,3228,1555,755,800,
54425,6220,3049,3171,10884,5304,5580,12439,6003,6436,10884,5194,5690,6220,2991,3229,1555,755,800,
54430,6220,3049,3171,10886,5304,5582,12440,6003,6437,10885,5195,5690,6220,2991,3229,1555,755,800,
54435,6221,3049,3172,10887,5304,5583,12442,6003,6439,10886,5195,5691,6220,2991,3229,1555,755,800,
54440,6222,3050,3172,10887,5304,5583,12442,6003,6439,10887,5196,5691,6220,2991,3229,1555,755,800,
54445,6223,3051,3172,10889,5305,5584,12445,6004,6441,10888,5196,5692,6221,2991,3230,1555,755,800,
54450,6223,3051,3172,10890,5305,5585,12445,6004,6441,10889,5196,5693,6221,2991,3230,1556,755,801,
54455,6224,3052,3172,10890,5305,5585,12446,6004,6442,10890,5196,5694,6223,2992,3231,1556,755,801,
54460,6224,3052,3172,10891,5305,5586,12447,6004,6443,10891,5197,5694,6224,2993,3231,1556,755,801,
54465,6224,3052,3172,10893,5305,5588,12448,6005,6443,10892,5198,5694,6224,2993,3231,1556,755,801,
54470,6225,3053,3172,10894,5306,5588,12450,6007,6443,10893,5199,5694,6224,2993,3231,1556,755,801,
54475,6226,3054,3172,10894,5306,5588,12450,6007,6443,10894,5199,5695,6224,2993,3231,1556,755,801,
54480,6227,3054,3173,10896,5306,5590,12453,6009,6444,10895,5199,5696,6225,2994,3231,1556,755,801,
54485,6227,3054,3173,10897,5306,5591,12453,6009,6444,10896,5200,5696,6225,2994,3231,1557,755,802,
54490,6228,3055,3173,10897,5306,5591,12454,6010,6444,10897,5200,5697,6227,2996,3231,1557,755,802,
54495,6228,3055,3173,10898,5306,5592,12455,6010,6445,10898,5201,5697,6228,2996,3232,1557,755,802,
54500,6228,3055,3173,10900,5307,5593,12456,6010,6446,10899,5202,5697,6228,2996,3232,1557,755,802,
54505,6229,3056,3173,10901,5307,5594,12458,6012,6446,10900,5203,5697,6228,2996,3232,1557,755,802,
54510,6230,3056,3174,10901,5307,5594,12458,6012,6446,10901,5204,5697,6228,2996,3232,1557,755,802,
54515,6231,3057,3174,10903,5308,5595,12461,6013,6448,10902,5204,5698,6229,2996,3233,1557,755,802,
54520,6231,3057,3174,10904,5308,5596,12461,6013,6448,10903,5205,5698,6229,2996,3233,1558,756,802,
54525,6232,3058,3174,10904,5308,5596,12462,6013,6449,10904,5205,5699,6231,2997,3234,1558,756,802,
54530,6232,3058,3174,10905,5309,5596,12463,6013,6450,10905,5205,5700,6232,2997,3235,1558,756,802,
54535,6232,3058,3174,10907,5311,5596,12464,6013,6451,10906,5206,5700,6232,2997,3235,1558,756,802,
54540,6233,3058,3175,10908,5311,5597,12466,6014,6452,10907,5206,5701,6232,2997,3235,1558,756,802,
54545,6234,3059,3175,10908,5311,5597,12466,6014,6452,10908,5206,5702,6232,2997,3235,1558,756,802,
54550,6235,3059,3176,10910,5313,5597,12469,6016,6453,10909,5207,5702,6233,2997,3236,1558,756,802,
54555,6235,3059,3176,10911,5313,5598,12469,6016,6453,10910,5208,5702,6233,2997,3236,1559,757,802,
54560,6236,3060,3176,10911,5313,5598,12470,6017,6453,10911,5208,5703,6235,2997,3238,1559,757,802,
54565,6236,3060,3176,10912,5313,5599,12471,6017,6454,10912,5208,5704,6236,2998,3238,1559,757,802,
54570,6236,3060,3176,10914,5315,5599,12472,6017,6455,10913,5209,5704,6236,2998,3238,1559,757,802,
54575,6237,3060,3177,10915,5315,5600,12474,6018,6456,10914,5209,5705,6236,2998,3238,1559,757,802,
54580,6238,3060,3178,10915,5315,5600,12474,6018,6456,10915,5210,5705,6236,2998,3238,1559,757,802,
54585,6239,3061,3178,10917,5317,5600,12477,6020,6457,10916,5210,5706,6237,2999,3238,1559,757,802,
54590,6239,3061,3178,10918,5317,5601,12477,6020,6457,10917,5211,5706,6237,2999,3238,1560,757,803,
54595,6240,3062,3178,10918,5317,5601,12478,6020,6458,10918,5212,5706,6239,3001,3238,1560,757,803,
54600,6240,3062,3178,10919,5317,5602,12479,6021,6458,10919,5213,5706,6240,3001,3239,1560,757,803,
54605,6240,3062,3178,10921,5318,5603,12480,6021,6459,10920,5214,5706,6240,3001,3239,1560,757,803,
54610,6241,3062,3179,10922,5319,5603,12482,6021,6461,10921,5214,5707,6240,3001,3239,1560,757,803,
54615,6242,3062,3180,10922,5319,5603,12482,6021,6461,10922,5214,5708,6240,3001,3239,1560,757,803,
54620,6243,3062,3181,10924,5319,5605,12485,6023,6462,10923,5214,5709,6241,3001,3240,1560,757,803,
54625,6243,3062,3181,10925,5319,5606,12485,6023,6462,10924,5215,5709,6241,3001,3240,1561,757,804,
54630,6244,3063,3181,10925,5319,5606,12486,6023,6463,10925,5216,5709,6243,3002,3241,1561,757,804,
54635,6244,3063,3181,10926,5319,5607,12487,6024,6463,10926,5216,5710,6244,3002,3242,1561,757,804,
54640,6244,3063,3181,10928,5319,5609,12488,6025,6463,10927,5216,5711,6244,3002,3242,1561,757,804,
54645,6245,3063,3182,10929,5320,5609,12490,6026,6464,10928,5217,5711,6244,3002,3242,1561,757,804,
54650,6246,3063,3183,10929,5320,5609,12490,6026,6464,10929,5217,5712,6244,3002,3242,1561,757,804,
54655,6247,3063,3184,10931,5322,5609,12493,6027,6466,10930,5217,5713,6245,3003,3242,1561,757,804,
54660,6247,3063,3184,10932,5322,5610,12493,6027,6466,10931,5217,5714,6245,3003,3242,1562,757,805,
54665,6248,3063,3185,10932,5322,5610,12494,6027,6467,10932,5217,5715,6247,3004,3243,1562,757,805,
54670,6248,3063,3185,10933,5323,5610,12495,6028,6467,10933,5218,5715,6248,3005,3243,1562,757,805,
54675,6248,3063,3185,10935,5324,5611,12496,6029,6467,10934,5219,5715,6248,3005,3243,1562,757,805,
54680,6249,3063,3186,10936,5324,5612,12498,6030,6468,10935,5220,5715,6248,3005,3243,1562,757,805,
54685,6250,3063,3187,10936,5324,5612,12498,6030,6468,10936,5220,5716,6248,3005,3243,1562,757,805,
54690,6251,3064,3187,10938,5326,5612,12501,6031,6470,10937,5220,5717,6249,3006,3243,1562,757,805,
54695,6251,3064,3187,10939,5327,5612,12501,6031,6470,10938,5220,5718,6249,3006,3243,1563,757,806,
54700,6252,3065,3187,10939,5327,5612,12502,6032,6470,10939,5221,5718,6251,3006,3245,1563,757,806,
54705,6252,3065,3187,10940,5328,5612,12503,6033,6470,10940,5222,5718,6252,3006,3246,1563,757,806,
54710,6252,3065,3187,10942,5328,5614,12504,6033,6471,10941,5223,5718,6252,3006,3246,1563,757,806,
54715,6253,3066,3187,10943,5328,5615,12506,6034,6472,10942,5224,5718,6252,3006,3246,1563,757,806,
54720,6254,3067,3187,10943,5328,5615,12506,6034,6472,10943,5224,5719,6252,3006,3246,1563,757,806,
54725,6255,3068,3187,10945,5329,5616,12509,6035,6474,10944,5225,5719,6253,3006,3247,1563,757,806,
54730,6255,3068,3187,10946,5330,5616,12509,6035,6474,10945,5225,5720,6253,3006,3247,1564,758,806,
54735,6256,3069,3187,10946,5330,5616,12510,6036,6474,10946,5225,5721,6255,3006,3249,1564,758,806,
54740,6256,3069,3187,10947,5330,5617,12511,6037,6474,10947,5225,5722,6256,3007,3249,1564,758,806,
54745,6256,3069,3187,10949,5332,5617,12512,6037,6475,10948,5225,5723,6256,3007,3249,1564,758,806,
54750,6257,3070,3187,10950,5333,5617,12514,6037,6477,10949,5226,5723,6256,3007,3249,1564,758,806,
54755,6258,3071,3187,10950,5333,5617,12514,6037,6477,10950,5226,5724,6256,3007,3249,1564,758,806,
54760,6259,3071,3188,10952,5334,5618,12517,6038,6479,10951,5227,5724,6257,3008,3249,1564,758,806,
54765,6259,3071,3188,10953,5335,5618,12517,6038,6479,10952,5227,5725,6257,3008,3249,1565,758,807,
54770,6260,3071,3189,10953,5335,5618,12518,6038,6480,10953,5228,5725,6259,3009,3250,1565,758,807,
54775,6260,3071,3189,10954,5336,5618,12519,6039,6480,10954,5229,5725,6260,3009,3251,1565,758,807,
54780,6260,3071,3189,10956,5337,5619,12520,6039,6481,10955,5229,5726,6260,3009,3251,1565,758,807,
54785,6261,3072,3189,10957,5338,5619,12522,6039,6483,10956,5230,5726,6260,3009,3251,1565,758,807,
54790,6262,3073,3189,10957,5338,5619,12522,6039,6483,10957,5230,5727,6260,3009,3251,1565,758,807,
54795,6263,3074,3189,10959,5339,5620,12525,6039,6486,10958,5231,5727,6261,3010,3251,1565,758,807,
54800,6263,3074,3189,10960,5340,5620,12525,6039,6486,10959,5231,5728,6261,3010,3251,1566,759,807,
54805,6264,3074,3190,10960,5340,5620,12526,6040,6486,10960,5231,5729,6263,3012,3251,1566,759,807,
54810,6264,3074,3190,10961,5341,5620,12527,6040,6487,10961,5231,5730,6264,3013,3251,1566,759,807,
54815,6264,3074,3190,10963,5343,5620,12528,6040,6488,10962,5231,5731,6264,3013,3251,1566,759,807,
54820,6265,3075,3190,10964,5344,5620,12530,6040,6490,10963,5231,5732,6264,3013,3251,1566,759,807,
54825,6266,3076,3190,10964,5344,5620,12530,6040,6490,10964,5232,5732,6264,3013,3251,1566,759,807,
54830,6267,3076,3191,10966,5346,5620,12533,6040,6493,10965,5233,5732,6265,3013,3252,1566,759,807,
54835,6267,3076,3191,10967,5347,5620,12533,6040,6493,10966,5234,5732,6265,3013,3252,1567,760,807,
54840,6268,3077,3191,10967,5347,5620,12534,6040,6494,10967,5234,5733,6267,3013,3254,1567,760,807,
54845,6268,3077,3191,10968,5347,5621,12535,6040,6495,10968,5234,5734,6268,3013,3255,1567,760,807,
54850,6268,3077,3191,10970,5347,5623,12536,6041,6495,10969,5235,5734,6268,3013,3255,1567,760,807,
54855,6269,3077,3192,10971,5347,5624,12538,6041,6497,10970,5235,5735,6268,3013,3255,1567,760,807,
54860,6270,3077,3193,10971,5347,5624,12538,6041,6497,10971,5236,5735,6268,3013,3255,1567,760,807,
54865,6271,3078,3193,10973,5349,5624,12541,6041,6500,10972,5236,5736,6269,3013,3256,1567,760,807,
54870,6271,3078,3193,10974,5349,5625,12541,6041,6500,10973,5237,5736,6269,3013,3256,1568,761,807,
54875,6272,3078,3194,10974,5349,5625,12542,6042,6500,10974,5238,5736,6271,3014,3257,1568,761,807,
54880,6272,3078,3194,10975,5349,5626,12543,6042,6501,10975,5238,5737,6272,3014,3258,1568,761,807,
54885,6272,3078,3194,10977,5350,5627,12544,6042,6502,10976,5238,5738,6272,3014,3258,1568,761,807,
54890,6273,3079,3194,10978,5351,5627,12546,6043,6503,10977,5239,5738,6272,3014,3258,1568,761,807,
54895,6274,3080,3194,10978,5351,5627,12546,6043,6503,10978,5240,5738,6272,3014,3258,1568,761,807,
54900,6275,3081,3194,10980,5352,5628,12549,6044,6505,10979,5241,5738,6273,3014,3259,1568,761,807,
54905,6275,3081,3194,10981,5352,5629,12549,6044,6505,10980,5241,5739,6273,3014,3259,1569,762,807,
54910,6276,3081,3195,10981,5352,5629,12550,6044,6506,10981,5242,5739,6275,3015,3260,1569,762,807,
54915,6276,3081,3195,10982,5353,5629,12551,6045,6506,10982,5243,5739,6276,3016,3260,1569,762,807,
54920,6276,3081,3195,10984,5353,5631,12552,6046,6506,10983,5243,5740,6276,3016,3260,1569,762,807,
54925,6277,3081,3196,10985,5354,5631,12554,6048,6506,10984,5244,5740,6276,3016,3260,1569,762,807,
54930,6278,3081,3197,10985,5354,5631,12554,6048,6506,10985,5244,5741,6276,3016,3260,1569,762,807,
54935,6279,3081,3198,10987,5356,5631,12557,6050,6507,10986,5244,5742,6277,3016,3261,1569,762,807,
54940,6279,3081,3198,10988,5356,5632,12557,6050,6507,10987,5245,5742,6277,3016,3261,1570,763,807,
54945,6280,3081,3199,10988,5356,5632,12558,6051,6507,10988,5245,5743,6279,3017,3262,1570,763,807,
54950,6280,3081,3199,10989,5356,5633,12559,6051,6508,10989,5245,5744,6280,3018,3262,1570,763,807,
54955,6280,3081,3199,10991,5358,5633,12560,6051,6509,10990,5245,5745,6280,3018,3262,1570,763,807,
54960,6281,3082,3199,10992,5359,5633,12562,6052,6510,10991,5246,5745,6280,3018,3262,1570,763,807,
54965,6282,3083,3199,10992,5359,5633,12562,6052,6510,10992,5247,5745,6280,3018,3262,1570,763,807,
54970,6283,3084,3199,10994,5360,5634,12565,6054,6511,10993,5248,5745,6281,3018,3263,1570,763,807,
54975,6283,3084,3199,10995,5360,5635,12565,6054,6511,10994,5248,5746,6281,3018,3263,1571,763,808,
54980,6284,3084,3200,10995,5360,5635,12566,6054,6512,10995,5249,5746,6283,3020,3263,1571,763,808,
54985,6284,3084,3200,10996,5360,5636,12567,6055,6512,10996,5249,5747,6284,3020,3264,1571,763,808,
54990,6284,3084,3200,10998,5362,5636,12568,6056,6512,10997,5249,5748,6284,3020,3264,1571,763,808,
54995,6285,3085,3200,10999,5362,5637,12570,6056,6514,10998,5250,5748,6284,3020,3264,1571,763,808,
55000,6286,3086,3200,10999,5362,5637,12570,6056,6514,10999,5250,5749,6284,3020,3264,1571,763,808,
55005,6287,3087,3200,11001,5363,5638,12573,6057,6516,11000,5250,5750,6285,3021,3264,1571,763,808,
55010,6287,3087,3200,11002,5364,5638,12573,6057,6516,11001,5250,5751,6285,3021,3264,1572,763,809,
55015,6288,3088,3200,11002,5364,5638,12574,6058,6516,11002,5251,5751,6287,3021,3266,1572,763,809,
55020,6288,3088,3200,11003,5365,5638,12575,6058,6517,11003,5252,5751,6288,3021,3267,1572,763,809,
55025,6288,3088,3200,11005,5367,5638,12576,6059,6517,11004,5253,5751,6288,3021,3267,1572,763,809,
55030,6289,3088,3201,11006,5368,5638,12578,6060,6518,11005,5254,5751,6288,3021,3267,1572,763,809,
55035,6290,3089,3201,11006,5368,5638,12578,6060,6518,11006,5254,5752,6288,3021,3267,1572,763,809,
55040,6291,3090,3201,11008,5370,5638,12581,6061,6520,11007,5255,5752,6289,3021,3268,1572,763,809,
55045,6291,3090,3201,11009,5370,5639,12581,6061,6520,11008,5256,5752,6289,3021,3268,1573,763,810,
55050,6292,3091,3201,11009,5370,5639,12582,6061,6521,11009,5256,5753,6291,3022,3269,1573,763,810,
55055,6292,3091,3201,11010,5371,5639,12583,6061,6522,11010,5256,5754,6292,3022,3270,1573,763,810,
55060,6292,3091,3201,11012,5372,5640,12584,6062,6522,11011,5256,5755,6292,3022,3270,1573,763,810,
55065,6293,3092,3201,11013,5373,5640,12586,6063,6523,11012,5257,5755,6292,3022,3270,1573,763,810,
55070,6294,3092,3202,11013,5373,5640,12586,6063,6523,11013,5257,5756,6292,3022,3270,1573,763,810,
55075,6295,3093,3202,11015,5374,5641,12589,6064,6525,11014,5257,5757,6293,3023,3270,1573,763,810,
55080,6295,3093,3202,11016,5375,5641,12589,6064,6525,11015,5257,5758,6293,3023,3270,1574,764,810,
55085,6296,3093,3203,11016,5375,5641,12590,6064,6526,11016,5257,5759,6295,3024,3271,1574,764,810,
55090,6296,3093,3203,11017,5376,5641,12591,6064,6527,11017,5258,5759,6296,3024,3272,1574,764,810,
55095,6296,3093,3203,11019,5376,5643,12592,6064,6528,11018,5259,5759,6296,3024,3272,1574,764,810,
55100,6297,3093,3204,11020,5376,5644,12594,6064,6530,11019,5259,5760,6296,3024,3272,1574,764,810,
55105,6298,3093,3205,11020,5376,5644,12594,6064,6530,11020,5260,5760,6296,3024,3272,1574,764,810,
55110,6299,3094,3205,11022,5376,5646,12597,6066,6531,11021,5260,5761,6297,3024,3273,1574,764,810,
55115,6299,3094,3205,11023,5377,5646,12597,6066,6531,11022,5261,5761,6297,3024,3273,1575,764,811,
55120,6300,3094,3206,11023,5377,5646,12598,6066,6532,11023,5262,5761,6299,3026,3273,1575,764,811,
55125,6300,3094,3206,11024,5377,5647,12599,6067,6532,11024,5263,5761,6300,3026,3274,1575,764,811,
55130,6300,3094,3206,11026,5379,5647,12600,6068,6532,11025,5263,5762,6300,3026,3274,1575,764,811,
55135,6301,3094,3207,11027,5380,5647,12602,6070,6532,11026,5264,5762,6300,3026,3274,1575,764,811,
55140,6302,3094,3208,11027,5380,5647,12602,6070,6532,11027,5265,5762,6300,3026,3274,1575,764,811,
55145,6303,3094,3209,11029,5380,5649,12605,6072,6533,11028,5265,5763,6301,3027,3274,1575,764,811,
55150,6303,3094,3209,11030,5380,5650,12605,6072,6533,11029,5266,5763,6301,3027,3274,1576,765,811,
55155,6304,3094,3210,11030,5380,5650,12606,6072,6534,11030,5266,5764,6303,3028,3275,1576,765,811,
55160,6304,3094,3210,11031,5380,5651,12607,6073,6534,11031,5266,5765,6304,3029,3275,1576,765,811,
55165,6304,3094,3210,11033,5380,5653,12608,6073,6535,11032,5266,5766,6304,3029,3275,1576,765,811,
55170,6305,3094,3211,11034,5380,5654,12610,6073,6537,11033,5267,5766,6304,3029,3275,1576,765,811,
55175,6306,3094,3212,11034,5380,5654,12610,6073,6537,11034,5267,5767,6304,3029,3275,1576,765,811,
55180,6307,3094,3213,11036,5380,5656,12613,6074,6539,11035,5267,5768,6305,3030,3275,1576,765,811,
55185,6307,3094,3213,11037,5380,5657,12613,6074,6539,11036,5268,5768,6305,3030,3275,1577,765,812,
55190,6308,3094,3214,11037,5380,5657,12614,6075,6539,11037,5269,5768,6307,3030,3277,1577,765,812,
55195,6308,3094,3214,11038,5381,5657,12615,6075,6540,11038,5270,5768,6308,3031,3277,1577,765,812,
55200,6308,3094,3214,11040,5382,5658,12616,6075,6541,11039,5270,5769,6308,3031,3277,1577,765,812,
55205,6309,3094,3215,11041,5382,5659,12618,6076,6542,11040,5271,5769,6308,3031,3277,1577,765,812,
55210,6310,3094,3216,11041,5382,5659,12618,6076,6542,11041,5271,5770,6308,3031,3277,1577,765,812,
55215,6311,3095,3216,11043,5383,5660,12621,6077,6544,11042,5271,5771,6309,3032,3277,1577,765,812,
55220,6311,3095,3216,11044,5383,5661,12621,6077,6544,11043,5271,5772,6309,3032,3277,1578,765,813,
55225,6312,3095,3217,11044,5383,5661,12622,6077,6545,11044,5271,5773,6311,3033,3278,1578,765,813,
55230,6312,3095,3217,11045,5384,5661,12623,6078,6545,11045,5271,5774,6312,3034,3278,1578,765,813,
55235,6312,3095,3217,11047,5385,5662,12624,6078,6546,11046,5271,5775,6312,3034,3278,1578,765,813,
55240,6313,3095,3218,11048,5386,5662,12626,6079,6547,11047,5271,5776,6312,3034,3278,1578,765,813,
55245,6314,3096,3218,11048,5386,5662,12626,6079,6547,11048,5271,5777,6312,3034,3278,1578,765,813,
55250,6315,3097,3218,11050,5388,5662,12629,6081,6548,11049,5272,5777,6313,3035,3278,1578,765,813,
55255,6315,3097,3218,11051,5388,5663,12629,6081,6548,11050,5273,5777,6313,3035,3278,1579,766,813,
55260,6316,3097,3219,11051,5388,5663,12630,6081,6549,11051,5273,5778,6315,3036,3279,1579,766,813,
55265,6316,3097,3219,11052,5388,5664,12631,6081,6550,11052,5274,5778,6316,3036,3280,1579,766,813,
55270,6316,3097,3219,11054,5388,5666,12632,6081,6551,11053,5275,5778,6316,3036,3280,1579,766,813,
55275,6317,3098,3219,11055,5389,5666,12634,6082,6552,11054,5276,5778,6316,3036,3280,1579,766,813,
55280,6318,3099,3219,11055,5389,5666,12634,6082,6552,11055,5277,5778,6316,3036,3280,1579,766,813,
55285,6319,3099,3220,11057,5390,5667,12637,6083,6554,11056,5277,5779,6317,3036,3281,1579,766,813,
55290,6319,3099,3220,11058,5391,5667,12637,6083,6554,11057,5278,5779,6317,3036,3281,1580,766,814,
55295,6320,3100,3220,11058,5391,5667,12638,6083,6555,11058,5278,5780,6319,3036,3283,1580,766,814,
55300,6320,3100,3220,11059,5391,5668,12639,6083,6556,11059,5279,5780,6320,3037,3283,1580,766,814,
55305,6320,3100,3220,11061,5391,5670,12640,6083,6557,11060,5279,5781,6320,3037,3283,1580,766,814,
55310,6321,3100,3221,11062,5391,5671,12642,6084,6558,11061,5279,5782,6320,3037,3283,1580,766,814,
55315,6322,3100,3222,11062,5391,5671,12642,6084,6558,11062,5279,5783,6320,3037,3283,1580,766,814,
55320,6323,3100,3223,11064,5392,5672,12645,6086,6559,11063,5280,5783,6321,3037,3284,1580,766,814,
55325,6323,3100,3223,11065,5392,5673,12645,6086,6559,11064,5281,5783,6321,3037,3284,1581,766,815,
55330,6324,3101,3223,11065,5392,5673,12646,6087,6559,11065,5281,5784,6323,3038,3285,1581,766,815,
55335,6324,3101,3223,11066,5393,5673,12647,6088,6559,11066,5282,5784,6324,3039,3285,1581,766,815,
55340,6324,3101,3223,11068,5395,5673,12648,6089,6559,11067,5283,5784,6324,3039,3285,1581,766,815,
55345,6325,3102,3223,11069,5396,5673,12650,6090,6560,11068,5284,5784,6324,3039,3285,1581,766,815,
55350,6326,3103,3223,11069,5396,5673,12650,6090,6560,11069,5285,5784,6324,3039,3285,1581,766,815,
55355,6327,3103,3224,11071,5396,5675,12653,6092,6561,11070,5285,5785,6325,3039,3286,1581,766,815,
55360,6327,3103,3224,11072,5396,5676,12653,6092,6561,11071,5286,5785,6325,3039,3286,1582,767,815,
55365,6328,3103,3225,11072,5396,5676,12654,6092,6562,11072,5287,5785,6327,3040,3287,1582,767,815,
55370,6328,3103,3225,11073,5396,5677,12655,6092,6563,11073,5287,5786,6328,3041,3287,1582,767,815,
55375,6328,3103,3225,11075,5398,5677,12656,6092,6564,11074,5287,5787,6328,3041,3287,1582,767,815,
55380,6329,3104,3225,11076,5399,5677,12658,6094,6564,11075,5288,5787,6328,3041,3287,1582,767,815,
55385,6330,3104,3226,11076,5399,5677,12658,6094,6564,11076,5289,5787,6328,3041,3287,1582,767,815,
55390,6331,3104,3227,11078,5400,5678,12661,6097,6564,11077,5290,5787,6329,3042,3287,1582,767,815,
55395,6331,3104,3227,11079,5400,5679,12661,6097,6564,11078,5291,5787,6329,3042,3287,1583,768,815,
55400,6332,3104,3228,11079,5400,5679,12662,6097,6565,11079,5292,5787,6331,3043,3288,1583,768,815,
55405,6332,3104,3228,11080,5400,5680,12663,6097,6566,11080,5293,5787,6332,3043,3289,1583,768,815,
55410,6332,3104,3228,11082,5400,5682,12664,6098,6566,11081,5293,5788,6332,3043,3289,1583,768,815,
55415,6333,3104,3229,11083,5401,5682,12666,6100,6566,11082,5293,5789,6332,3043,3289,1583,768,815,
55420,6334,3105,3229,11083,5401,5682,12666,6100,6566,11083,5293,5790,6332,3043,3289,1583,768,815,
55425,6335,3105,3230,11085,5403,5682,12669,6102,6567,11084,5294,5790,6333,3043,3290,1583,768,815,
55430,6335,3105,3230,11086,5403,5683,12669,6102,6567,11085,5295,5790,6333,3043,3290,1584,768,816,
55435,6336,3105,3231,11086,5403,5683,12670,6103,6567,11086,5296,5790,6335,3045,3290,1584,768,816,
55440,6336,3105,3231,11087,5403,5684,12671,6104,6567,11087,5297,5790,6336,3046,3290,1584,768,816,
55445,6336,3105,3231,11089,5405,5684,12672,6104,6568,11088,5297,5791,6336,3046,3290,1584,768,816,
55450,6337,3106,3231,11090,5405,5685,12674,6104,6570,11089,5298,5791,6336,3046,3290,1584,768,816,
55455,6338,3107,3231,11090,5405,5685,12674,6104,6570,11090,5299,5791,6336,3046,3290,1584,768,816,
55460,6339,3108,3231,11092,5406,5686,12677,6106,6571,11091,5299,5792,6337,3046,3291,1584,768,816,
55465,6339,3108,3231,11093,5406,5687,12677,6106,6571,11092,5300,5792,6337,3046,3291,1585,768,817,
55470,6340,3108,3232,11093,5406,5687,12678,6107,6571,11093,5301,5792,6339,3047,3292,1585,768,817,
55475,6340,3108,3232,11094,5406,5688,12679,6107,6572,11094,5302,5792,6340,3048,3292,1585,768,817,
55480,6340,3108,3232,11096,5407,5689,12680,6107,6573,11095,5303,5792,6340,3048,3292,1585,768,817,
55485,6341,3108,3233,11097,5407,5690,12682,6108,6574,11096,5304,5792,6340,3048,3292,1585,768,817,
55490,6342,3108,3234,11097,5407,5690,12682,6108,6574,11097,5304,5793,6340,3048,3292,1585,768,817,
55495,6343,3108,3235,11099,5409,5690,12685,6109,6576,11098,5305,5793,6341,3049,3292,1585,768,817,
55500,6343,3108,3235,11100,5410,5690,12685,6109,6576,11099,5305,5794,6341,3049,3292,1586,768,818,
55505,6344,3109,3235,11100,5410,5690,12686,6109,6577,11100,5306,5794,6343,3051,3292,1586,768,818,
55510,6344,3109,3235,11101,5411,5690,12687,6110,6577,11101,5307,5794,6344,3052,3292,1586,768,818,
55515,6344,3109,3235,11103,5413,5690,12688,6111,6577,11102,5308,5794,6344,3052,3292,1586,768,818,
55520,6345,3109,3236,11104,5413,5691,12690,6112,6578,11103,5308,5795,6344,3052,3292,1586,768,818,
55525,6346,3109,3237,11104,5413,5691,12690,6112,6578,11104,5308,5796,6344,3052,3292,1586,768,818,
55530,6347,3110,3237,11106,5413,5693,12693,6113,6580,11105,5308,5797,6345,3052,3293,1586,768,818,
55535,6347,3110,3237,11107,5414,5693,12693,6113,6580,11106,5308,5798,6345,3052,3293,1587,769,818,
55540,6348,3110,3238,11107,5414,5693,12694,6114,6580,11107,5309,5798,6347,3053,3294,1587,769,818,
55545,6348,3110,3238,11108,5414,5694,12695,6114,6581,11108,5310,5798,6348,3053,3295,1587,769,818,
55550,6348,3110,3238,11110,5414,5696,12696,6114,6582,11109,5310,5799,6348,3053,3295,1587,769,818,
55555,6349,3110,3239,11111,5415,5696,12698,6115,6583,11110,5310,5800,6348,3053,3295,1587,769,818,
55560,6350,3111,3239,11111,5415,5696,12698,6115,6583,11111,5311,5800,6348,3053,3295,1587,769,818,
55565,6351,3112,3239,11113,5415,5698,12701,6115,6586,11112,5311,5801,6349,3054,3295,1587,769,818,
55570,6351,3112,3239,11114,5415,5699,12701,6115,6586,11113,5311,5802,6349,3054,3295,1588,770,818,
55575,6352,3113,3239,11114,5415,5699,12702,6115,6587,11114,5312,5802,6351,3056,3295,1588,770,818,
55580,6352,3113,3239,11115,5416,5699,12703,6116,6587,11115,5313,5802,6352,3056,3296,1588,770,818,
55585,6352,3113,3239,11117,5417,5700,12704,6117,6587,11116,5313,5803,6352,3056,3296,1588,770,818,
55590,6353,3114,3239,11118,5418,5700,12706,6118,6588,11117,5314,5803,6352,3056,3296,1588,770,818,
55595,6354,3115,3239,11118,5418,5700,12706,6118,6588,11118,5315,5803,6352,3056,3296,1588,770,818,
55600,6355,3116,3239,11120,5419,5701,12709,6119,6590,11119,5315,5804,6353,3057,3296,1588,770,818,
55605,6355,3116,3239,11121,5419,5702,12709,6119,6590,11120,5315,5805,6353,3057,3296,1589,770,819,
55610,6356,3116,3240,11121,5419,5702,12710,6119,6591,11121,5315,5806,6355,3058,3297,1589,770,819,
55615,6356,3116,3240,11122,5419,5703,12711,6120,6591,11122,5315,5807,6356,3059,3297,1589,770,819,
55620,6356,3116,3240,11124,5421,5703,12712,6121,6591,11123,5316,5807,6356,3059,3297,1589,770,819,
55625,6357,3117,3240,11125,5422,5703,12714,6122,6592,11124,5316,5808,6356,3059,3297,1589,770,819,
55630,6358,3117,3241,11125,5422,5703,12714,6122,6592,11125,5316,5809,6356,3059,3297,1589,770,819,
55635,6359,3118,3241,11127,5424,5703,12717,6123,6594,11126,5317,5809,6357,3059,3298,1589,770,819,
55640,6359,3118,3241,11128,5424,5704,12717,6123,6594,11127,5318,5809,6357,3059,3298,1590,770,820,
55645,6360,3118,3242,11128,5424,5704,12718,6123,6595,11128,5319,5809,6359,3061,3298,1590,770,820,
55650,6360,3118,3242,11129,5424,5705,12719,6123,6596,11129,5319,5810,6360,3062,3298,1590,770,820,
55655,6360,3118,3242,11131,5425,5706,12720,6123,6597,11130,5319,5811,6360,3062,3298,1590,770,820,
55660,6361,3119,3242,11132,5425,5707,12722,6124,6598,11131,5320,5811,6360,3062,3298,1590,770,820,
55665,6362,3119,3243,11132,5425,5707,12722,6124,6598,11132,5320,5812,6360,3062,3298,1590,770,820,
55670,6363,3120,3243,11134,5425,5709,12725,6125,6600,11133,5321,5812,6361,3062,3299,1590,770,820,
55675,6363,3120,3243,11135,5426,5709,12725,6125,6600,11134,5321,5813,6361,3062,3299,1591,771,820,
55680,6364,3120,3244,11135,5426,5709,12726,6125,6601,11135,5322,5813,6363,3063,3300,1591,771,820,
55685,6364,3120,3244,11136,5426,5710,12727,6125,6602,11136,5322,5814,6364,3064,3300,1591,771,820,
55690,6364,3120,3244,11138,5427,5711,12728,6126,6602,11137,5323,5814,6364,3064,3300,1591,771,820,
55695,6365,3120,3245,11139,5427,5712,12730,6127,6603,11138,5324,5814,6364,3064,3300,1591,771,820,
55700,6366,3120,3246,11139,5427,5712,12730,6127,6603,11139,5324,5815,6364,3064,3300,1591,771,820,
55705,6367,3120,3247,11141,5428,5713,12733,6127,6606,11140,5325,5815,6365,3064,3301,1591,771,820,
55710,6367,3120,3247,11142,5428,5714,12733,6127,6606,11141,5326,5815,6365,3064,3301,1592,772,820,
55715,6368,3120,3248,11142,5428,5714,12734,6128,6606,11142,5326,5816,6367,3065,3302,1592,772,820,
55720,6368,3120,3248,11143,5428,5715,12735,6128,6607,11143,5326,5817,6368,3066,3302,1592,772,820,
55725,6368,3120,3248,11145,5430,5715,12736,6128,6608,11144,5326,5818,6368,3066,3302,1592,772,820,
55730,6369,3121,3248,11146,5430,5716,12738,6129,6609,11145,5327,5818,6368,3066,3302,1592,772,820,
55735,6370,3122,3248,11146,5430,5716,12738,6129,6609,11146,5328,5818,6368,3066,3302,1592,772,820,
55740,6371,3123,3248,11148,5430,5718,12741,6129,6612,11147,5329,5818,6369,3067,3302,1592,772,820,
55745,6371,3123,3248,11149,5430,5719,12741,6129,6612,11148,5330,5818,6369,3067,3302,1593,773,820,
55750,6372,3123,3249,11149,5430,5719,12742,6130,6612,11149,5331,5818,6371,3068,3303,1593,773,820,
55755,6372,3123,3249,11150,5431,5719,12743,6131,6612,11150,5332,5818,6372,3068,3304,1593,773,820,
55760,6372,3123,3249,11152,5432,5720,12744,6132,6612,11151,5332,5819,6372,3068,3304,1593,773,820,
55765,6373,3124,3249,11153,5433,5720,12746,6134,6612,11152,5332,5820,6372,3068,3304,1593,773,820,
55770,6374,3124,3250,11153,5433,5720,12746,6134,6612,11153,5332,5821,6372,3068,3304,1593,773,820,
55775,6375,3125,3250,11155,5434,5721,12749,6135,6614,11154,5333,5821,6373,3069,3304,1593,773,820,
55780,6375,3125,3250,11156,5434,5722,12749,6135,6614,11155,5333,5822,6373,3069,3304,1594,773,821,
55785,6376,3126,3250,11156,5434,5722,12750,6136,6614,11156,5333,5823,6375,3071,3304,1594,773,821,
55790,6376,3126,3250,11157,5435,5722,12751,6137,6614,11157,5333,5824,6376,3072,3304,1594,773,821,
55795,6376,3126,3250,11159,5435,5724,12752,6137,6615,11158,5334,5824,6376,3072,3304,1594,773,821,
55800,6377,3127,3250,11160,5435,5725,12754,6139,6615,11159,5335,5824,6376,3072,3304,1594,773,821,
55805,6378,3128,3250,11160,5435,5725,12754,6139,6615,11160,5336,5824,6376,3072,3304,1594,773,821,
55810,6379,3128,3251,11162,5435,5727,12757,6139,6618,11161,5336,5825,6377,3073,3304,1594,773,821,
55815,6379,3128,3251,11163,5435,5728,12757,6139,6618,11162,5337,5825,6377,3073,3304,1595,774,821,
55820,6380,3129,3251,11163,5435,5728,12758,6139,6619,11163,5338,5825,6379,3073,3306,1595,774,821,
55825,6380,3129,3251,11164,5435,5729,12759,6140,6619,11164,5338,5826,6380,3074,3306,1595,774,821,
55830,6380,3129,3251,11166,5436,5730,12760,6141,6619,11165,5339,5826,6380,3074,3306,1595,774,821,
55835,6381,3129,3252,11167,5436,5731,12762,6142,6620,11166,5339,5827,6380,3074,3306,1595,774,821,
55840,6382,3129,3253,11167,5436,5731,12762,6142,6620,11167,5340,5827,6380,3074,3306,1595,774,821,
55845,6383,3129,3254,11169,5437,5732,12765,6144,6621,11168,5341,5827,6381,3074,3307,1595,774,821,
55850,6383,3129,3254,11170,5438,5732,12765,6144,6621,11169,5342,5827,6381,3074,3307,1596,774,822,
55855,6384,3129,3255,11170,5438,5732,12766,6144,6622,11170,5343,5827,6383,3074,3309,1596,774,822,
55860,6384,3129,3255,11171,5438,5733,12767,6145,6622,11171,5343,5828,6384,3074,3310,1596,774,822,
55865,6384,3129,3255,11173,5438,5735,12768,6146,6622,11172,5343,5829,6384,3074,3310,1596,774,822,
55870,6385,3130,3255,11174,5438,5736,12770,6148,6622,11173,5344,5829,6384,3074,3310,1596,774,822,
55875,6386,3130,3256,11174,5438,5736,12770,6148,6622,11174,5345,5829,6384,3074,3310,1596,774,822,
55880,6387,3130,3257,11176,5439,5737,12773,6148,6625,11175,5346,5829,6385,3075,3310,1596,774,822,
55885,6387,3130,3257,11177,5439,5738,12773,6148,6625,11176,5347,5829,6385,3075,3310,1597,774,823,
55890,6388,3131,3257,11177,5439,5738,12774,6149,6625,11177,5347,5830,6387,3076,3311,1597,774,823,
55895,6388,3131,3257,11178,5439,5739,12775,6150,6625,11178,5348,5830,6388,3076,3312,1597,774,823,
55900,6388,3131,3257,11180,5441,5739,12776,6150,6626,11179,5349,5830,6388,3076,3312,1597,774,823,
55905,6389,3131,3258,11181,5442,5739,12778,6151,6627,11180,5349,5831,6388,3076,3312,1597,774,823,
55910,6390,3131,3259,11181,5442,5739,12778,6151,6627,11181,5349,5832,6388,3076,3312,1597,774,823,
55915,6391,3132,3259,11183,5443,5740,12781,6153,6628,11182,5350,5832,6389,3076,3313,1597,774,823,
55920,6391,3132,3259,11184,5443,5741,12781,6153,6628,11183,5351,5832,6389,3076,3313,1598,775,823,
55925,6392,3132,3260,11184,5443,5741,12782,6153,6629,11184,5351,5833,6391,3076,3315,1598,775,823,
55930,6392,3132,3260,11185,5443,5742,12783,6153,6630,11185,5351,5834,6392,3077,3315,1598,775,823,
55935,6392,3132,3260,11187,5444,5743,12784,6153,6631,11186,5352,5834,6392,3077,3315,1598,775,823,
55940,6393,3133,3260,11188,5444,5744,12786,6155,6631,11187,5353,5834,6392,3077,3315,1598,775,823,
55945,6394,3134,3260,11188,5444,5744,12786,6155,6631,11188,5354,5834,6392,3077,3315,1598,775,823,
55950,6395,3134,3261,11190,5445,5745,12789,6157,6632,11189,5354,5835,6393,3077,3316,1598,775,823,
55955,6395,3134,3261,11191,5445,5746,12789,6157,6632,11190,5355,5835,6393,3077,3316,1599,776,823,
55960,6396,3134,3262,11191,5445,5746,12790,6157,6633,11191,5355,5836,6395,3078,3317,1599,776,823,
55965,6396,3134,3262,11192,5445,5747,12791,6157,6634,11192,5356,5836,6396,3079,3317,1599,776,823,
55970,6396,3134,3262,11194,5446,5748,12792,6157,6635,11193,5356,5837,6396,3079,3317,1599,776,823,
55975,6397,3134,3263,11195,5447,5748,12794,6158,6636,11194,5356,5838,6396,3079,3317,1599,776,823,
55980,6398,3134,3264,11195,5447,5748,12794,6158,6636,11195,5356,5839,6396,3079,3317,1599,776,823,
55985,6399,3135,3264,11197,5447,5750,12797,6160,6637,11196,5356,5840,6397,3080,3317,1599,776,823,
55990,6399,3135,3264,11198,5447,5751,12797,6160,6637,11197,5356,5841,6397,3080,3317,1600,777,823,
55995,6400,3136,3264,11198,5447,5751,12798,6160,6638,11198,5357,5841,6399,3082,3317,1600,777,823,
56000,6400,3136,3264,11199,5448,5751,12799,6161,6638,11199,5358,5841,6400,3083,3317,1600,777,823,
56005,6400,3136,3264,11201,5449,5752,12800,6162,6638,11200,5358,5842,6400,3083,3317,1600,777,823,
56010,6401,3136,3265,11202,5450,5752,12802,6163,6639,11201,5359,5842,6400,3083,3317,1600,777,823,
56015,6402,3136,3266,11202,5450,5752,12802,6163,6639,11202,5360,5842,6400,3083,3317,1600,777,823,
56020,6403,3136,3267,11204,5451,5753,12805,6163,6642,11203,5361,5842,6401,3083,3318,1600,777,823,
56025,6403,3136,3267,11205,5451,5754,12805,6163,6642,11204,5361,5843,6401,3083,3318,1601,778,823,
56030,6404,3137,3267,11205,5451,5754,12806,6164,6642,11205,5362,5843,6403,3084,3319,1601,778,823,
56035,6404,3137,3267,11206,5451,5755,12807,6165,6642,11206,5362,5844,6404,3084,3320,1601,778,823,
56040,6404,3137,3267,11208,5452,5756,12808,6166,6642,11207,5363,5844,6404,3084,3320,1601,778,823,
56045,6405,3138,3267,11209,5452,5757,12810,6167,6643,11208,5363,5845,6404,3084,3320,1601,778,823,
56050,6406,3138,3268,11209,5452,5757,12810,6167,6643,11209,5363,5846,6404,3084,3320,1601,778,823,
56055,6407,3138,3269,11211,5454,5757,12813,6167,6646,11210,5363,5847,6405,3085,3320,1601,778,823,
56060,6407,3138,3269,11212,5455,5757,12813,6167,6646,11211,5363,5848,6405,3085,3320,1602,779,823,
56065,6408,3139,3269,11212,5455,5757,12814,6168,6646,11212,5363,5849,6407,3087,3320,1602,779,823,
56070,6408,3139,3269,11213,5455,5758,12815,6169,6646,11213,5363,5850,6408,3087,3321,1602,779,823,
56075,6408,3139,3269,11215,5456,5759,12816,6169,6647,11214,5364,5850,6408,3087,3321,1602,779,823,
56080,6409,3140,3269,11216,5457,5759,12818,6170,6648,11215,5365,5850,6408,3087,3321,1602,779,823,
56085,6410,3141,3269,11216,5457,5759,12818,6170,6648,11216,5365,5851,6408,3087,3321,1602,779,823,
56090,6411,3142,3269,11218,5458,5760,12821,6172,6649,11217,5366,5851,6409,3087,3322,1602,779,823,
56095,6411,3142,3269,11219,5459,5760,12821,6172,6649,11218,5367,5851,6409,3087,3322,1603,779,824,
56100,6412,3142,3270,11219,5459,5760,12822,6173,6649,11219,5368,5851,6411,3087,3324,1603,779,824,
56105,6412,3142,3270,11220,5460,5760,12823,6174,6649,11220,5368,5852,6412,3087,3325,1603,779,824,
56110,6412,3142,3270,11222,5462,5760,12824,6174,6650,11221,5369,5852,6412,3087,3325,1603,779,824,
56115,6413,3142,3271,11223,5463,5760,12826,6175,6651,11222,5369,5853,6412,3087,3325,1603,779,824,
56120,6414,3143,3271,11223,5463,5760,12826,6175,6651,11223,5370,5853,6412,3087,3325,1603,779,824,
56125,6415,3143,3272,11225,5464,5761,12829,6177,6652,11224,5371,5853,6413,3088,3325,1603,779,824,
56130,6415,3143,3272,11226,5465,5761,12829,6177,6652,11225,5371,5854,6413,3088,3325,1604,779,825,
56135,6416,3143,3273,11226,5465,5761,12830,6178,6652,11226,5371,5855,6415,3088,3327,1604,779,825,
56140,6416,3143,3273,11227,5465,5762,12831,6179,6652,11227,5371,5856,6416,3089,3327,1604,779,825,
56145,6416,3143,3273,11229,5466,5763,12832,6180,6652,11228,5371,5857,6416,3089,3327,1604,779,825,
56150,6417,3143,3274,11230,5466,5764,12834,6181,6653,11229,5372,5857,6416,3089,3327,1604,779,825,
56155,6418,3143,3275,11230,5466,5764,12834,6181,6653,11230,5373,5857,6416,3089,3327,1604,779,825,
56160,6419,3143,3276,11232,5468,5764,12837,6183,6654,11231,5373,5858,6417,3089,3328,1604,779,825,
56165,6419,3143,3276,11233,5468,5765,12837,6183,6654,11232,5374,5858,6417,3089,3328,1605,779,826,
56170,6420,3143,3277,11233,5468,5765,12838,6183,6655,11233,5375,5858,6419,3090,3329,1605,779,826,
56175,6420,3143,3277,11234,5469,5765,12839,6183,6656,11234,5375,5859,6420,3091,3329,1605,779,826,
56180,6420,3143,3277,11236,5469,5767,12840,6183,6657,11235,5375,5860,6420,3091,3329,1605,779,826,
56185,6421,3143,3278,11237,5469,5768,12842,6185,6657,11236,5375,5861,6420,3091,3329,1605,779,826,
56190,6422,3144,3278,11237,5469,5768,12842,6185,6657,11237,5376,5861,6420,3091,3329,1605,779,826,
56195,6423,3144,3279,11239,5469,5770,12845,6186,6659,11238,5376,5862,6421,3091,3330,1605,779,826,
56200,6423,3144,3279,11240,5470,5770,12845,6186,6659,11239,5377,5862,6421,3091,3330,1606,780,826,
56205,6424,3144,3280,11240,5470,5770,12846,6187,6659,11240,5378,5862,6423,3091,3332,1606,780,826,
56210,6424,3144,3280,11241,5471,5770,12847,6187,6660,11241,5379,5862,6424,3092,3332,1606,780,826,
56215,6424,3144,3280,11243,5472,5771,12848,6187,6661,11242,5380,5862,6424,3092,3332,1606,780,826,
56220,6425,3145,3280,11244,5473,5771,12850,6187,6663,11243,5381,5862,6424,3092,3332,1606,780,826,
56225,6426,3146,3280,11244,5473,5771,12850,6187,6663,11244,5381,5863,6424,3092,3332,1606,780,826,
56230,6427,3147,3280,11246,5474,5772,12853,6189,6664,11245,5381,5864,6425,3092,3333,1606,780,826,
56235,6427,3147,3280,11247,5474,5773,12853,6189,6664,11246,5382,5864,6425,3092,3333,1607,781,826,
56240,6428,3147,3281,11247,5474,5773,12854,6190,6664,11247,5382,5865,6427,3093,3334,1607,781,826,
56245,6428,3147,3281,11248,5474,5774,12855,6190,6665,11248,5382,5866,6428,3093,3335,1607,781,826,
56250,6428,3147,3281,11250,5475,5775,12856,6191,6665,11249,5382,5867,6428,3093,3335,1607,781,826,
56255,6429,3147,3282,11251,5476,5775,12858,6192,6666,11250,5383,5867,6428,3093,3335,1607,781,826,
56260,6430,3148,3282,11251,5476,5775,12858,6192,6666,11251,5384,5867,6428,3093,3335,1607,781,826,
56265,6431,3148,3283,11253,5476,5777,12861,6194,6667,11252,5384,5868,6429,3093,3336,1607,781,826,
56270,6431,3148,3283,11254,5476,5778,12861,6194,6667,11253,5385,5868,6429,3093,3336,1608,782,826,
56275,6432,3148,3284,11254,5476,5778,12862,6195,6667,11254,5386,5868,6431,3094,3337,1608,782,826,
56280,6432,3148,3284,11255,5476,5779,12863,6195,6668,11255,5386,5869,6432,3095,3337,1608,782,826,
56285,6432,3148,3284,11257,5476,5781,12864,6196,6668,11256,5386,5870,6432,3095,3337,1608,782,826,
56290,6433,3149,3284,11258,5476,5782,12866,6198,6668,11257,5386,5871,6432,3095,3337,1608,782,826,
56295,6434,3149,3285,11258,5476,5782,12866,6198,6668,11258,5386,5872,6432,3095,3337,1608,782,826,
56300,6435,3149,3286,11260,5476,5784,12869,6198,6671,11259,5386,5873,6433,3096,3337,1608,782,826,
56305,6435,3149,3286,11261,5476,5785,12869,6198,6671,11260,5386,5874,6433,3096,3337,1609,783,826,
56310,6436,3150,3286,11261,5476,5785,12870,6199,6671,11261,5387,5874,6435,3096,3339,1609,783,826,
56315,6436,3150,3286,11262,5476,5786,12871,6199,6672,11262,5388,5874,6436,3096,3340,1609,783,826,
56320,6436,3150,3286,11264,5476,5788,12872,6199,6673,11263,5388,5875,6436,3096,3340,1609,783,826,
56325,6437,3151,3286,11265,5476,5789,12874,6201,6673,11264,5389,5875,6436,3096,3340,1609,783,826,
56330,6438,3152,3286,11265,5476,5789,12874,6201,6673,11265,5389,5876,6436,3096,3340,1609,783,826,
56335,6439,3152,3287,11267,5477,5790,12877,6203,6674,11266,5390,5876,6437,3097,3340,1609,783,826,
56340,6439,3152,3287,11268,5477,5791,12877,6203,6674,11267,5391,5876,6437,3097,3340,1610,783,827,
56345,6440,3152,3288,11268,5477,5791,12878,6203,6675,11268,5391,5877,6439,3098,3341,1610,783,827,
56350,6440,3152,3288,11269,5478,5791,12879,6204,6675,11269,5391,5878,6440,3099,3341,1610,783,827,
56355,6440,3152,3288,11271,5479,5792,12880,6204,6676,11270,5391,5879,6440,3099,3341,1610,783,827,
56360,6441,3152,3289,11272,5480,5792,12882,6204,6678,11271,5392,5879,6440,3099,3341,1610,783,827,
56365,6442,3153,3289,11272,5480,5792,12882,6204,6678,11272,5393,5879,6440,3099,3341,1610,783,827,
56370,6443,3154,3289,11274,5481,5793,12885,6205,6680,11273,5394,5879,6441,3100,3341,1610,783,827,
56375,6443,3154,3289,11275,5481,5794,12885,6205,6680,11274,5394,5880,6441,3100,3341,1611,784,827,
56380,6444,3154,3290,11275,5481,5794,12886,6206,6680,11275,5394,5881,6443,3101,3342,1611,784,827,
56385,6444,3154,3290,11276,5482,5794,12887,6207,6680,11276,5395,5881,6444,3101,3343,1611,784,827,
56390,6444,3154,3290,11278,5484,5794,12888,6207,6681,11277,5395,5882,6444,3101,3343,1611,784,827,
56395,6445,3155,3290,11279,5485,5794,12890,6207,6683,11278,5396,5882,6444,3101,3343,1611,784,827,
56400,6446,3156,3290,11279,5485,5794,12890,6207,6683,11279,5396,5883,6444,3101,3343,1611,784,827,
56405,6447,3156,3291,11281,5487,5794,12893,6209,6684,11280,5396,5884,6445,3102,3343,1611,784,827,
56410,6447,3156,3291,11282,5488,5794,12893,6209,6684,11281,5397,5884,6445,3102,3343,1612,785,827,
56415,6448,3157,3291,11282,5488,5794,12894,6210,6684,11282,5397,5885,6447,3103,3344,1612,785,827,
56420,6448,3157,3291,11283,5488,5795,12895,6210,6685,11283,5397,5886,6448,3104,3344,1612,785,827,
56425,6448,3157,3291,11285,5488,5797,12896,6211,6685,11284,5397,5887,6448,3104,3344,1612,785,827,
56430,6449,3158,3291,11286,5488,5798,12898,6212,6686,11285,5398,5887,6448,3104,3344,1612,785,827,
56435,6450,3159,3291,11286,5488,5798,12898,6212,6686,11286,5399,5887,6448,3104,3344,1612,785,827,
56440,6451,3160,3291,11288,5489,5799,12901,6213,6688,11287,5399,5888,6449,3104,3345,1612,785,827,
56445,6451,3160,3291,11289,5489,5800,12901,6213,6688,11288,5399,5889,6449,3104,3345,1613,786,827,
56450,6452,3160,3292,11289,5489,5800,12902,6213,6689,11289,5399,5890,6451,3105,3346,1613,786,827,
56455,6452,3160,3292,11290,5489,5801,12903,6213,6690,11290,5399,5891,6452,3105,3347,1613,786,827,
56460,6452,3160,3292,11292,5490,5802,12904,6214,6690,11291,5400,5891,6452,3105,3347,1613,786,827,
56465,6453,3161,3292,11293,5490,5803,12906,6216,6690,11292,5401,5891,6452,3105,3347,1613,786,827,
56470,6454,3161,3293,11293,5490,5803,12906,6216,6690,11293,5401,5892,6452,3105,3347,1613,786,827,
56475,6455,3161,3294,11295,5491,5804,12909,6217,6692,11294,5402,5892,6453,3106,3347,1613,786,827,
56480,6455,3161,3294,11296,5491,5805,12909,6217,6692,11295,5402,5893,6453,3106,3347,1614,787,827,
56485,6456,3161,3295,11296,5491,5805,12910,6217,6693,11296,5403,5893,6455,3107,3348,1614,787,827,
56490,6456,3161,3295,11297,5492,5805,12911,6218,6693,11297,5403,5894,6456,3107,3349,1614,787,827,
56495,6456,3161,3295,11299,5492,5807,12912,6218,6694,11298,5404,5894,6456,3107,3349,1614,787,827,
56500,6457,3161,3296,11300,5492,5808,12914,6218,6696,11299,5404,5895,6456,3107,3349,1614,787,827,
56505,6458,3161,3297,11300,5492,5808,12914,6218,6696,11300,5404,5896,6456,3107,3349,1614,787,827,
56510,6459,3162,3297,11302,5493,5809,12917,6220,6697,11301,5404,5897,6457,3107,3350,1614,787,827,
56515,6459,3162,3297,11303,5493,5810,12917,6220,6697,11302,5404,5898,6457,3107,3350,1615,788,827,
56520,6460,3163,3297,11303,5493,5810,12918,6220,6698,11303,5405,5898,6459,3108,3351,1615,788,827,
56525,6460,3163,3297,11304,5494,5810,12919,6220,6699,11304,5405,5899,6460,3109,3351,1615,788,827,
56530,6460,3163,3297,11306,5494,5812,12920,6220,6700,11305,5406,5899,6460,3109,3351,1615,788,827,
56535,6461,3163,3298,11307,5494,5813,12922,6220,6702,11306,5407,5899,6460,3109,3351,1615,788,827,
56540,6462,3164,3298,11307,5494,5813,12922,6220,6702,11307,5408,5899,6460,3109,3351,1615,788,827,
56545,6463,3165,3298,11309,5494,5815,12925,6221,6704,11308,5408,5900,6461,3109,3352,1615,788,827,
56550,6463,3165,3298,11310,5494,5816,12925,6221,6704,11309,5409,5900,6461,3109,3352,1616,789,827,
56555,6464,3165,3299,11310,5494,5816,12926,6221,6705,11310,5409,5901,6463,3109,3354,1616,789,827,
56560,6464,3165,3299,11311,5495,5816,12927,6222,6705,11311,5410,5901,6464,3109,3355,1616,789,827,
56565,6464,3165,3299,11313,5496,5817,12928,6222,6706,11312,5410,5902,6464,3109,3355,1616,789,827,
56570,6465,3165,3300,11314,5497,5817,12930,6223,6707,11313,5410,5903,6464,3109,3355,1616,789,827,
56575,6466,3165,3301,11314,5497,5817,12930,6223,6707,11314,5411,5903,6464,3109,3355,1616,789,827,
56580,6467,3166,3301,11316,5497,5819,12933,6224,6709,11315,5411,5904,6465,3109,3356,1616,789,827,
56585,6467,3166,3301,11317,5497,5820,12933,6224,6709,11316,5412,5904,6465,3109,3356,1617,789,828,
56590,6468,3166,3302,11317,5497,5820,12934,6225,6709,11317,5412,5905,6467,3110,3357,1617,789,828,
56595,6468,3166,3302,11318,5498,5820,12935,6225,6710,11318,5412,5906,6468,3111,3357,1617,789,828,
56600,6468,3166,3302,11320,5500,5820,12936,6225,6711,11319,5413,5906,6468,3111,3357,1617,789,828,
56605,6469,3166,3303,11321,5501,5820,12938,6226,6712,11320,5414,5906,6468,3111,3357,1617,789,828,
56610,6470,3167,3303,11321,5501,5820,12938,6226,6712,11321,5414,5907,6468,3111,3357,1617,789,828,
56615,6471,3167,3304,11323,5503,5820,12941,6227,6714,11322,5415,5907,6469,3112,3357,1617,789,828,
56620,6471,3167,3304,11324,5504,5820,12941,6227,6714,11323,5415,5908,6469,3112,3357,1618,790,828,
56625,6472,3167,3305,11324,5504,5820,12942,6228,6714,11324,5415,5909,6471,3112,3359,1618,790,828,
56630,6472,3167,3305,11325,5505,5820,12943,6229,6714,11325,5415,5910,6472,3112,3360,1618,790,828,
56635,6472,3167,3305,11327,5507,5820,12944,6229,6715,11326,5416,5910,6472,3112,3360,1618,790,828,
56640,6473,3167,3306,11328,5508,5820,12946,6230,6716,11327,5417,5910,6472,3112,3360,1618,790,828,
56645,6474,3168,3306,11328,5508,5820,12946,6230,6716,11328,5417,5911,6472,3112,3360,1618,790,828,
56650,6475,3168,3307,11330,5508,5822,12949,6231,6718,11329,5417,5912,6473,3113,3360,1618,790,828,
56655,6475,3168,3307,11331,5508,5823,12949,6231,6718,11330,5417,5913,6473,3113,3360,1619,791,828,
56660,6476,3168,3308,11331,5508,5823,12950,6231,6719,11331,5417,5914,6475,3114,3361,1619,791,828,
56665,6476,3168,3308,11332,5509,5823,12951,6232,6719,11332,5417,5915,6476,3114,3362,1619,791,828,
56670,6476,3168,3308,11334,5510,5824,12952,6232,6720,11333,5417,5916,6476,3114,3362,1619,791,828,
56675,6477,3168,3309,11335,5511,5824,12954,6233,6721,11334,5418,5916,6476,3114,3362,1619,791,828,
56680,6478,3169,3309,11335,5511,5824,12954,6233,6721,11335,5418,5917,6476,3114,3362,1619,791,828,
56685,6479,3169,3310,11337,5512,5825,12957,6233,6724,11336,5419,5917,6477,3115,3362,1619,791,828,
56690,6479,3169,3310,11338,5512,5826,12957,6233,6724,11337,5420,5917,6477,3115,3362,1620,792,828,
56695,6480,3169,3311,11338,5512,5826,12958,6233,6725,11338,5420,5918,6479,3115,3364,1620,792,828,
56700,6480,3169,3311,11339,5512,5827,12959,6233,6726,11339,5420,5919,6480,3116,3364,1620,792,828,
56705,6480,3169,3311,11341,5514,5827,12960,6233,6727,11340,5421,5919,6480,3116,3364,1620,792,828,
56710,6481,3170,3311,11342,5515,5827,12962,6235,6727,11341,5421,5920,6480,3116,3364,1620,792,828,
56715,6482,3171,3311,11342,5515,5827,12962,6235,6727,11342,5421,5921,6480,3116,3364,1620,792,828,
56720,6483,3171,3312,11344,5515,5829,12965,6237,6728,11343,5422,5921,6481,3117,3364,1620,792,828,
56725,6483,3171,3312,11345,5516,5829,12965,6237,6728,11344,5422,5922,6481,3117,3364,1621,793,828,
56730,6484,3172,3312,11345,5516,5829,12966,6237,6729,11345,5423,5922,6483,3118,3365,1621,793,828,
56735,6484,3172,3312,11346,5516,5830,12967,6238,6729,11346,5424,5922,6484,3119,3365,1621,793,828,
56740,6484,3172,3312,11348,5518,5830,12968,6239,6729,11347,5424,5923,6484,3119,3365,1621,793,828,
56745,6485,3173,3312,11349,5519,5830,12970,6240,6730,11348,5425,5923,6484,3119,3365,1621,793,828,
56750,6486,3174,3312,11349,5519,5830,12970,6240,6730,11349,5425,5924,6484,3119,3365,1621,793,828,
56755,6487,3174,3313,11351,5520,5831,12973,6241,6732,11350,5426,5924,6485,3120,3365,1621,793,828,
56760,6487,3174,3313,11352,5521,5831,12973,6241,6732,11351,5426,5925,6485,3120,3365,1622,793,829,
56765,6488,3175,3313,11352,5521,5831,12974,6242,6732,11352,5426,5926,6487,3122,3365,1622,793,829,
56770,6488,3175,3313,11353,5521,5832,12975,6242,6733,11353,5427,5926,6488,3123,3365,1622,793,829,
56775,6488,3175,3313,11355,5521,5834,12976,6243,6733,11354,5428,5926,6488,3123,3365,1622,793,829,
56780,6489,3176,3313,11356,5521,5835,12978,6244,6734,11355,5428,5927,6488,3123,3365,1622,793,829,
56785,6490,3177,3313,11356,5521,5835,12978,6244,6734,11356,5429,5927,6488,3123,3365,1622,793,829,
56790,6491,3178,3313,11358,5521,5837,12981,6245,6736,11357,5429,5928,6489,3123,3366,1622,793,829,
56795,6491,3178,3313,11359,5522,5837,12981,6245,6736,11358,5429,5929,6489,3123,3366,1623,793,830,
56800,6492,3179,3313,11359,5522,5837,12982,6245,6737,11359,5430,5929,6491,3123,3368,1623,793,830,
56805,6492,3179,3313,11360,5523,5837,12983,6246,6737,11360,5431,5929,6492,3124,3368,1623,793,830,
56810,6492,3179,3313,11362,5524,5838,12984,6246,6738,11361,5432,5929,6492,3124,3368,1623,793,830,
56815,6493,3179,3314,11363,5525,5838,12986,6248,6738,11362,5432,5930,6492,3124,3368,1623,793,830,
56820,6494,3180,3314,11363,5525,5838,12986,6248,6738,11363,5432,5931,6492,3124,3368,1623,793,830,
56825,6495,3181,3314,11365,5525,5840,12989,6249,6740,11364,5432,5932,6493,3124,3369,1623,793,830,
56830,6495,3181,3314,11366,5525,5841,12989,6249,6740,11365,5433,5932,6493,3124,3369,1624,794,830,
56835,6496,3181,3315,11366,5525,5841,12990,6250,6740,11366,5434,5932,6495,3126,3369,1624,794,830,
56840,6496,3181,3315,11367,5525,5842,12991,6251,6740,11367,5434,5933,6496,3126,3370,1624,794,830,
56845,6496,3181,3315,11369,5526,5843,12992,6251,6741,11368,5434,5934,6496,3126,3370,1624,794,830,
56850,6497,3181,3316,11370,5527,5843,12994,6251,6743,11369,5435,5934,6496,3126,3370,1624,794,830,
56855,6498,3182,3316,11370,5527,5843,12994,6251,6743,11370,5436,5934,6496,3126,3370,1624,794,830,
56860,6499,3183,3316,11372,5528,5844,12997,6251,6746,11371,5437,5934,6497,3127,3370,1624,794,830,
56865,6499,3183,3316,11373,5529,5844,12997,6251,6746,11372,5437,5935,6497,3127,3370,1625,795,830,
56870,6500,3183,3317,11373,5529,5844,12998,6252,6746,11373,5437,5936,6499,3128,3371,1625,795,830,
56875,6500,3183,3317,11374,5529,5845,12999,6253,6746,11374,5438,5936,6500,3129,3371,1625,795,830,
56880,6500,3183,3317,11376,5529,5847,13000,6254,6746,11375,5439,5936,6500,3129,3371,1625,795,830,
56885,6501,3184,3317,11377,5530,5847,13002,6254,6748,11376,5440,5936,6500,3129,3371,1625,795,830,
56890,6502,3184,3318,11377,5530,5847,13002,6254,6748,11377,5441,5936,6500,3129,3371,1625,795,830,
56895,6503,3184,3319,11379,5530,5849,13005,6255,6750,11378,5442,5936,6501,3130,3371,1625,795,830,
56900,6503,3184,3319,11380,5531,5849,13005,6255,6750,11379,5442,5937,6501,3130,3371,1626,796,830,
56905,6504,3184,3320,11380,5531,5849,13006,6255,6751,11380,5442,5938,6503,3132,3371,1626,796,830,
56910,6504,3184,3320,11381,5531,5850,13007,6256,6751,11381,5443,5938,6504,3132,3372,1626,796,830,
56915,6504,3184,3320,11383,5532,5851,13008,6256,6752,11382,5443,5939,6504,3132,3372,1626,796,830,
56920,6505,3185,3320,11384,5533,5851,13010,6258,6752,11383,5443,5940,6504,3132,3372,1626,796,830,
56925,6506,3186,3320,11384,5533,5851,13010,6258,6752,11384,5444,5940,6504,3132,3372,1626,796,830,
56930,6507,3187,3320,11386,5535,5851,13013,6258,6755,11385,5444,5941,6505,3132,3373,1626,796,830,
56935,6507,3187,3320,11387,5535,5852,13013,6258,6755,11386,5444,5942,6505,3132,3373,1627,797,830,
56940,6508,3188,3320,11387,5535,5852,13014,6258,6756,11387,5445,5942,6507,3134,3373,1627,797,830,
56945,6508,3188,3320,11388,5535,5853,13015,6258,6757,11388,5445,5943,6508,3135,3373,1627,797,830,
56950,6508,3188,3320,11390,5536,5854,13016,6259,6757,11389,5446,5943,6508,3135,3373,1627,797,830,
56955,6509,3189,3320,11391,5536,5855,13018,6260,6758,11390,5446,5944,6508,3135,3373,1627,797,830,
56960,6510,3189,3321,11391,5536,5855,13018,6260,6758,11391,5447,5944,6508,3135,3373,1627,797,830,
56965,6511,3189,3322,11393,5537,5856,13021,6262,6759,11392,5448,5944,6509,3136,3373,1627,797,830,
56970,6511,3189,3322,11394,5537,5857,13021,6262,6759,11393,5448,5945,6509,3136,3373,1628,798,830,
56975,6512,3189,3323,11394,5537,5857,13022,6263,6759,11394,5448,5946,6511,3138,3373,1628,798,830,
56980,6512,3189,3323,11395,5537,5858,13023,6264,6759,11395,5448,5947,6512,3139,3373,1628,798,830,
56985,6512,3189,3323,11397,5538,5859,13024,6265,6759,11396,5449,5947,6512,3139,3373,1628,798,830,
56990,6513,3189,3324,11398,5538,5860,13026,6266,6760,11397,5450,5947,6512,3139,3373,1628,798,830,
56995,6514,3190,3324,11398,5538,5860,13026,6266,6760,11398,5450,5948,6512,3139,3373,1628,798,830,
57000,6515,3190,3325,11400,5539,5861,13029,6267,6762,11399,5450,5949,6513,3140,3373,1628,798,830,
57005,6515,3190,3325,11401,5540,5861,13029,6267,6762,11400,5450,5950,6513,3140,3373,1629,799,830,
57010,6516,3190,3326,11401,5540,5861,13030,6267,6763,11401,5450,5951,6515,3140,3375,1629,799,830,
57015,6516,3190,3326,11402,5541,5861,13031,6268,6763,11402,5450,5952,6516,3141,3375,1629,799,830,
57020,6516,3190,3326,11404,5543,5861,13032,6268,6764,11403,5450,5953,6516,3141,3375,1629,799,830,
57025,6517,3191,3326,11405,5544,5861,13034,6269,6765,11404,5451,5953,6516,3141,3375,1629,799,830,
57030,6518,3191,3327,11405,5544,5861,13034,6269,6765,11405,5451,5954,6516,3141,3375,1629,799,830,
57035,6519,3192,3327,11407,5544,5863,13037,6270,6767,11406,5451,5955,6517,3141,3376,1629,799,830,
57040,6519,3192,3327,11408,5544,5864,13037,6270,6767,11407,5451,5956,6517,3141,3376,1630,799,831,
57045,6520,3193,3327,11408,5544,5864,13038,6271,6767,11408,5451,5957,6519,3141,3378,1630,799,831,
57050,6520,3193,3327,11409,5544,5865,13039,6272,6767,11409,5451,5958,6520,3141,3379,1630,799,831,
57055,6520,3193,3327,11411,5545,5866,13040,6273,6767,11410,5451,5959,6520,3141,3379,1630,799,831,
57060,6521,3193,3328,11412,5545,5867,13042,6274,6768,11411,5451,5960,6520,3141,3379,1630,799,831,
57065,6522,3194,3328,11412,5545,5867,13042,6274,6768,11412,5451,5961,6520,3141,3379,1630,799,831,
57070,6523,3195,3328,11414,5546,5868,13045,6276,6769,11413,5451,5962,6521,3141,3380,1630,799,831,
57075,6523,3195,3328,11415,5546,5869,13045,6276,6769,11414,5452,5962,6521,3141,3380,1631,799,832,
57080,6524,3196,3328,11415,5546,5869,13046,6276,6770,11415,5452,5963,6523,3142,3381,1631,799,832,
57085,6524,3196,3328,11416,5547,5869,13047,6276,6771,11416,5452,5964,6524,3142,3382,1631,799,832,
57090,6524,3196,3328,11418,5548,5870,13048,6277,6771,11417,5452,5965,6524,3142,3382,1631,799,832,
57095,6525,3197,3328,11419,5549,5870,13050,6277,6773,11418,5453,5965,6524,3142,3382,1631,799,832,
57100,6526,3198,3328,11419,5549,5870,13050,6277,6773,11419,5453,5966,6524,3142,3382,1631,799,832,
57105,6527,3198,3329,11421,5549,5872,13053,6278,6775,11420,5453,5967,6525,3142,3383,1631,799,832,
57110,6527,3198,3329,11422,5549,5873,13053,6278,6775,11421,5454,5967,6525,3142,3383,1632,800,832,
57115,6528,3199,3329,11422,5549,5873,13054,6278,6776,11422,5454,5968,6527,3143,3384,1632,800,832,
57120,6528,3199,3329,11423,5550,5873,13055,6278,6777,11423,5455,5968,6528,3143,3385,1632,800,832,
57125,6528,3199,3329,11425,5551,5874,13056,6278,6778,11424,5456,5968,6528,3143,3385,1632,800,832,
57130,6529,3200,3329,11426,5551,5875,13058,6278,6780,11425,5457,5968,6528,3143,3385,1632,800,832,
57135,6530,3200,3330,11426,5551,5875,13058,6278,6780,11426,5458,5968,6528,3143,3385,1632,800,832,
57140,6531,3200,3331,11428,5553,5875,13061,6280,6781,11427,5459,5968,6529,3144,3385,1632,800,832,
57145,6531,3200,3331,11429,5554,5875,13061,6280,6781,11428,5460,5968,6529,3144,3385,1633,801,832,
57150,6532,3201,3331,11429,5554,5875,13062,6281,6781,11429,5461,5968,6531,3145,3386,1633,801,832,
57155,6532,3201,3331,11430,5554,5876,13063,6281,6782,11430,5461,5969,6532,3146,3386,1633,801,832,
57160,6532,3201,3331,11432,5555,5877,13064,6281,6783,11431,5462,5969,6532,3146,3386,1633,801,832,
57165,6533,3201,3332,11433,5555,5878,13066,6281,6785,11432,5463,5969,6532,3146,3386,1633,801,832,
57170,6534,3201,3333,11433,5555,5878,13066,6281,6785,11433,5463,5970,6532,3146,3386,1633,801,832,
57175,6535,3202,3333,11435,5556,5879,13069,6282,6787,11434,5463,5971,6533,3146,3387,1633,801,832,
57180,6535,3202,3333,11436,5556,5880,13069,6282,6787,11435,5464,5971,6533,3146,3387,1634,801,833,
57185,6536,3202,3334,11436,5556,5880,13070,6283,6787,11436,5465,5971,6535,3147,3388,1634,801,833,
57190,6536,3202,3334,11437,5557,5880,13071,6283,6788,11437,5466,5971,6536,3147,3389,1634,801,833,
57195,6536,3202,3334,11439,5558,5881,13072,6283,6789,11438,5466,5972,6536,3147,3389,1634,801,833,
57200,6537,3202,3335,11440,5559,5881,13074,6284,6790,11439,5467,5972,6536,3147,3389,1634,801,833,
57205,6538,3203,3335,11440,5559,5881,13074,6284,6790,11440,5468,5972,6536,3147,3389,1634,801,833,
57210,6539,3203,3336,11442,5560,5882,13077,6286,6791,11441,5469,5972,6537,3147,3390,1634,801,833,
57215,6539,3203,3336,11443,5560,5883,13077,6286,6791,11442,5470,5972,6537,3147,3390,1635,801,834,
57220,6540,3203,3337,11443,5560,5883,13078,6286,6792,11443,5470,5973,6539,3149,3390,1635,801,834,
57225,6540,3203,3337,11444,5561,5883,13079,6287,6792,11444,5471,5973,6540,3150,3390,1635,801,834,
57230,6540,3203,3337,11446,5563,5883,13080,6287,6793,11445,5472,5973,6540,3150,3390,1635,801,834,
57235,6541,3203,3338,11447,5563,5884,13082,6288,6794,11446,5472,5974,6540,3150,3390,1635,801,834,
57240,6542,3203,3339,11447,5563,5884,13082,6288,6794,11447,5472,5975,6540,3150,3390,1635,801,834,
57245,6543,3204,3339,11449,5563,5886,13085,6291,6794,11448,5472,5976,6541,3150,3391,1635,801,834,
57250,6543,3204,3339,11450,5564,5886,13085,6291,6794,11449,5473,5976,6541,3150,3391,1636,801,835,
57255,6544,3205,3339,11450,5564,5886,13086,6291,6795,11450,5473,5977,6543,3151,3392,1636,801,835,
57260,6544,3205,3339,11451,5565,5886,13087,6291,6796,11451,5474,5977,6544,3152,3392,1636,801,835,
57265,6544,3205,3339,11453,5567,5886,13088,6291,6797,11452,5474,5978,6544,3152,3392,1636,801,835,
57270,6545,3206,3339,11454,5567,5887,13090,6293,6797,11453,5475,5978,6544,3152,3392,1636,801,835,
57275,6546,3206,3340,11454,5567,5887,13090,6293,6797,11454,5476,5978,6544,3152,3392,1636,801,835,
57280,6547,3207,3340,11456,5569,5887,13093,6294,6799,11455,5477,5978,6545,3153,3392,1636,801,835,
57285,6547,3207,3340,11457,5570,5887,13093,6294,6799,11456,5477,5979,6545,3153,3392,1637,801,836,
57290,6548,3207,3341,11457,5570,5887,13094,6294,6800,11457,5477,5980,6547,3155,3392,1637,801,836,
57295,6548,3207,3341,11458,5571,5887,13095,6295,6800,11458,5478,5980,6548,3156,3392,1637,801,836,
57300,6548,3207,3341,11460,5572,5888,13096,6296,6800,11459,5478,5981,6548,3156,3392,1637,801,836,
57305,6549,3207,3342,11461,5573,5888,13098,6297,6801,11460,5478,5982,6548,3156,3392,1637,801,836,
57310,6550,3207,3343,11461,5573,5888,13098,6297,6801,11461,5478,5983,6548,3156,3392,1637,801,836,
57315,6551,3207,3344,11463,5573,5890,13101,6298,6803,11462,5478,5984,6549,3157,3392,1637,801,836,
57320,6551,3207,3344,11464,5573,5891,13101,6298,6803,11463,5478,5985,6549,3157,3392,1638,801,837,
57325,6552,3208,3344,11464,5573,5891,13102,6298,6804,11464,5478,5986,6551,3158,3393,1638,801,837,
57330,6552,3208,3344,11465,5574,5891,13103,6299,6804,11465,5478,5987,6552,3158,3394,1638,801,837,
57335,6552,3208,3344,11467,5574,5893,13104,6300,6804,11466,5478,5988,6552,3158,3394,1638,801,837,
57340,6553,3208,3345,11468,5575,5893,13106,6301,6805,11467,5479,5988,6552,3158,3394,1638,801,837,
57345,6554,3208,3346,11468,5575,5893,13106,6301,6805,11468,5479,5989,6552,3158,3394,1638,801,837,
57350,6555,3208,3347,11470,5577,5893,13109,6302,6807,11469,5479,5990,6553,3159,3394,1638,801,837,
57355,6555,3208,3347,11471,5578,5893,13109,6302,6807,11470,5479,5991,6553,3159,3394,1639,802,837,
57360,6556,3209,3347,11471,5578,5893,13110,6302,6808,11471,5480,5991,6555,3160,3395,1639,802,837,
57365,6556,3209,3347,11472,5578,5894,13111,6303,6808,11472,5480,5992,6556,3161,3395,1639,802,837,
57370,6556,3209,3347,11474,5580,5894,13112,6304,6808,11473,5481,5992,6556,3161,3395,1639,802,837,
57375,6557,3210,3347,11475,5580,5895,13114,6305,6809,11474,5482,5992,6556,3161,3395,1639,802,837,
57380,6558,3211,3347,11475,5580,5895,13114,6305,6809,11475,5483,5992,6556,3161,3395,1639,802,837,
57385,6559,3212,3347,11477,5581,5896,13117,6306,6811,11476,5484,5992,6557,3161,3396,1639,802,837,
57390,6559,3212,3347,11478,5581,5897,13117,6306,6811,11477,5485,5992,6557,3161,3396,1640,803,837,
57395,6560,3213,3347,11478,5581,5897,13118,6306,6812,11478,5485,5993,6559,3163,3396,1640,803,837,
57400,6560,3213,3347,11479,5581,5898,13119,6306,6813,11479,5486,5993,6560,3164,3396,1640,803,837,
57405,6560,3213,3347,11481,5581,5900,13120,6306,6814,11480,5487,5993,6560,3164,3396,1640,803,837,
57410,6561,3214,3347,11482,5581,5901,13122,6307,6815,11481,5488,5993,6560,3164,3396,1640,803,837,
57415,6562,3214,3348,11482,5581,5901,13122,6307,6815,11482,5489,5993,6560,3164,3396,1640,803,837,
57420,6563,3215,3348,11484,5582,5902,13125,6309,6816,11483,5489,5994,6561,3164,3397,1640,803,837,
57425,6563,3215,3348,11485,5583,5902,13125,6309,6816,11484,5489,5995,6561,3164,3397,1641,804,837,
57430,6564,3215,3349,11485,5583,5902,13126,6309,6817,11485,5489,5996,6563,3166,3397,1641,804,837,
57435,6564,3215,3349,11486,5583,5903,13127,6309,6818,11486,5490,5996,6564,3167,3397,1641,804,837,
57440,6564,3215,3349,11488,5585,5903,13128,6309,6819,11487,5491,5996,6564,3167,3397,1641,804,837,
57445,6565,3215,3350,11489,5586,5903,13130,6310,6820,11488,5492,5996,6564,3167,3397,1641,804,837,
57450,6566,3215,3351,11489,5586,5903,13130,6310,6820,11489,5493,5996,6564,3167,3397,1641,804,837,
57455,6567,3216,3351,11491,5588,5903,13133,6311,6822,11490,5493,5997,6565,3167,3398,1641,804,837,
57460,6567,3216,3351,11492,5589,5903,13133,6311,6822,11491,5494,5997,6565,3167,3398,1642,804,838,
57465,6568,3217,3351,11492,5589,5903,13134,6311,6823,11492,5494,5998,6567,3167,3400,1642,804,838,
57470,6568,3217,3351,11493,5590,5903,13135,6312,6823,11493,5495,5998,6568,3167,3401,1642,804,838,
57475,6568,3217,3351,11495,5590,5905,13136,6312,6824,11494,5495,5999,6568,3167,3401,1642,804,838,
57480,6569,3217,3352,11496,5590,5906,13138,6313,6825,11495,5496,5999,6568,3167,3401,1642,804,838,
57485,6570,3217,3353,11496,5590,5906,13138,6313,6825,11496,5497,5999,6568,3167,3401,1642,804,838,
57490,6571,3217,3354,11498,5590,5908,13141,6314,6827,11497,5498,5999,6569,3167,3402,1642,804,838,
57495,6571,3217,3354,11499,5590,5909,13141,6314,6827,11498,5498,6000,6569,3167,3402,1643,804,839,
57500,6572,3218,3354,11499,5590,5909,13142,6314,6828,11499,5499,6000,6571,3168,3403,1643,804,839,
57505,6572,3218,3354,11500,5591,5909,13143,6315,6828,11500,5500,6000,6572,3168,3404,1643,804,839,
57510,6572,3218,3354,11502,5592,5910,13144,6315,6829,11501,5500,6001,6572,3168,3404,1643,804,839,
57515,6573,3218,3355,11503,5592,5911,13146,6315,6831,11502,5501,6001,6572,3168,3404,1643,804,839,
57520,6574,3219,3355,11503,5592,5911,13146,6315,6831,11503,5502,6001,6572,3168,3404,1643,804,839,
57525,6575,3219,3356,11505,5594,5911,13149,6315,6834,11504,5502,6002,6573,3168,3405,1643,804,839,
57530,6575,3219,3356,11506,5594,5912,13149,6315,6834,11505,5503,6002,6573,3168,3405,1644,805,839,
57535,6576,3219,3357,11506,5594,5912,13150,6315,6835,11506,5504,6002,6575,3169,3406,1644,805,839,
57540,6576,3219,3357,11507,5594,5913,13151,6315,6836,11507,5504,6003,6576,3169,3407,1644,805,839,
57545,6576,3219,3357,11509,5596,5913,13152,6316,6836,11508,5504,6004,6576,3169,3407,1644,805,839,
57550,6577,3220,3357,11510,5597,5913,13154,6318,6836,11509,5505,6004,6576,3169,3407,1644,805,839,
57555,6578,3220,3358,11510,5597,5913,13154,6318,6836,11510,5506,6004,6576,3169,3407,1644,805,839,
57560,6579,3220,3359,11512,5599,5913,13157,6319,6838,11511,5506,6005,6577,3169,3408,1644,805,839,
57565,6579,3220,3359,11513,5600,5913,13157,6319,6838,11512,5507,6005,6577,3169,3408,1645,805,840,
57570,6580,3221,3359,11513,5600,5913,13158,6319,6839,11513,5507,6006,6579,3170,3409,1645,805,840,
57575,6580,3221,3359,11514,5601,5913,13159,6320,6839,11514,5508,6006,6580,3170,3410,1645,805,840,
57580,6580,3221,3359,11516,5601,5915,13160,6320,6840,11515,5509,6006,6580,3170,3410,1645,805,840,
57585,6581,3222,3359,11517,5602,5915,13162,6322,6840,11516,5510,6006,6580,3170,3410,1645,805,840,
57590,6582,3222,3360,11517,5602,5915,13162,6322,6840,11517,5510,6007,6580,3170,3410,1645,805,840,
57595,6583,3222,3361,11519,5603,5916,13165,6322,6843,11518,5511,6007,6581,3170,3411,1645,805,840,
57600,6583,3222,3361,11520,5603,5917,13165,6322,6843,11519,5511,6008,6581,3170,3411,1646,805,841,
57605,6584,3223,3361,11520,5603,5917,13166,6322,6844,11520,5512,6008,6583,3172,3411,1646,805,841,
57610,6584,3223,3361,11521,5603,5918,13167,6322,6845,11521,5513,6008,6584,3173,3411,1646,805,841,
57615,6584,3223,3361,11523,5603,5920,13168,6323,6845,11522,5514,6008,6584,3173,3411,1646,805,841,
57620,6585,3223,3362,11524,5603,5921,13170,6323,6847,11523,5514,6009,6584,3173,3411,1646,805,841,
57625,6586,3224,3362,11524,5603,5921,13170,6323,6847,11524,5514,6010,6584,3173,3411,1646,805,841,
57630,6587,3224,3363,11526,5604,5922,13173,6325,6848,11525,5515,6010,6585,3173,3412,1646,805,841,
57635,6587,3224,3363,11527,5605,5922,13173,6325,6848,11526,5516,6010,6585,3173,3412,1647,805,842,
57640,6588,3224,3364,11527,5605,5922,13174,6326,6848,11527,5517,6010,6587,3174,3413,1647,805,842,
57645,6588,3224,3364,11528,5605,5923,13175,6326,6849,11528,5518,6010,6588,3175,3413,1647,805,842,
57650,6588,3224,3364,11530,5606,5924,13176,6327,6849,11529,5519,6010,6588,3175,3413,1647,805,842,
57655,6589,3225,3364,11531,5607,5924,13178,6327,6851,11530,5520,6010,6588,3175,3413,1647,805,842,
57660,6590,3226,3364,11531,5607,5924,13178,6327,6851,11531,5521,6010,6588,3175,3413,1647,805,842,
57665,6591,3226,3365,11533,5608,5925,13181,6328,6853,11532,5521,6011,6589,3176,3413,1647,805,842,
57670,6591,3226,3365,11534,5609,5925,13181,6328,6853,11533,5521,6012,6589,3176,3413,1648,806,842,
57675,6592,3226,3366,11534,5609,5925,13182,6329,6853,11534,5521,6013,6591,3176,3415,1648,806,842,
57680,6592,3226,3366,11535,5610,5925,13183,6330,6853,11535,5522,6013,6592,3177,3415,1648,806,842,
57685,6592,3226,3366,11537,5611,5926,13184,6331,6853,11536,5522,6014,6592,3177,3415,1648,806,842,
57690,6593,3226,3367,11538,5611,5927,13186,6332,6854,11537,5523,6014,6592,3177,3415,1648,806,842,
57695,6594,3226,3368,11538,5611,5927,13186,6332,6854,11538,5524,6014,6592,3177,3415,1648,806,842,
57700,6595,3227,3368,11540,5611,5929,13189,6333,6856,11539,5525,6014,6593,3178,3415,1648,806,842,
57705,6595,3227,3368,11541,5612,5929,13189,6333,6856,11540,5525,6015,6593,3178,3415,1649,806,843,
57710,6596,3228,3368,11541,5612,5929,13190,6334,6856,11541,5525,6016,6595,3179,3416,1649,806,843,
57715,6596,3228,3368,11542,5613,5929,13191,6335,6856,11542,5525,6017,6596,3179,3417,1649,806,843,
57720,6596,3228,3368,11544,5614,5930,13192,6335,6857,11543,5525,6018,6596,3179,3417,1649,806,843,
57725,6597,3228,3369,11545,5614,5931,13194,6336,6858,11544,5526,6018,6596,3179,3417,1649,806,843,
57730,6598,3228,3370,11545,5614,5931,13194,6336,6858,11545,5526,6019,6596,3179,3417,1649,806,843,
57735,6599,3228,3371,11547,5614,5933,13197,6338,6859,11546,5527,6019,6597,3179,3418,1649,806,843,
57740,6599,3228,3371,11548,5614,5934,13197,6338,6859,11547,5527,6020,6597,3179,3418,1650,806,844,
57745,6600,3228,3372,11548,5614,5934,13198,6339,6859,11548,5528,6020,6599,3180,3419,1650,806,844,
57750,6600,3228,3372,11549,5614,5935,13199,6340,6859,11549,5529,6020,6600,3180,3420,1650,806,844,
57755,6600,3228,3372,11551,5616,5935,13200,6341,6859,11550,5529,6021,6600,3180,3420,1650,806,844,
57760,6601,3229,3372,11552,5616,5936,13202,6341,6861,11551,5530,6021,6600,3180,3420,1650,806,844,
57765,6602,3230,3372,11552,5616,5936,13202,6341,6861,11552,5530,6022,6600,3180,3420,1650,806,844,
57770,6603,3230,3373,11554,5617,5937,13205,6344,6861,11553,5531,6022,6601,3181,3420,1650,806,844,
57775,6603,3230,3373,11555,5618,5937,13205,6344,6861,11554,5532,6022,6601,3181,3420,1651,807,844,
57780,6604,3231,3373,11555,5618,5937,13206,6344,6862,11555,5533,6022,6603,3183,3420,1651,807,844,
57785,6604,3231,3373,11556,5618,5938,13207,6344,6863,11556,5534,6022,6604,3183,3421,1651,807,844,
57790,6604,3231,3373,11558,5619,5939,13208,6344,6864,11557,5534,6023,6604,3183,3421,1651,807,844,
57795,6605,3231,3374,11559,5620,5939,13210,6344,6866,11558,5535,6023,6604,3183,3421,1651,807,844,
57800,6606,3232,3374,11559,5620,5939,13210,6344,6866,11559,5536,6023,6604,3183,3421,1651,807,844,
57805,6607,3232,3375,11561,5621,5940,13213,6346,6867,11560,5536,6024,6605,3183,3422,1651,807,844,
57810,6607,3232,3375,11562,5621,5941,13213,6346,6867,11561,5536,6025,6605,3183,3422,1652,808,844,
57815,6608,3233,3375,11562,5621,5941,13214,6346,6868,11562,5537,6025,6607,3184,3423,1652,808,844,
57820,6608,3233,3375,11563,5622,5941,13215,6347,6868,11563,5538,6025,6608,3184,3424,1652,808,844,
57825,6608,3233,3375,11565,5623,5942,13216,6347,6869,11564,5539,6025,6608,3184,3424,1652,808,844,
57830,6609,3233,3376,11566,5624,5942,13218,6349,6869,11565,5539,6026,6608,3184,3424,1652,808,844,
57835,6610,3233,3377,11566,5624,5942,13218,6349,6869,11566,5539,6027,6608,3184,3424,1652,808,844,
57840,6611,3234,3377,11568,5624,5944,13221,6351,6870,11567,5539,6028,6609,3184,3425,1652,808,844,
57845,6611,3234,3377,11569,5624,5945,13221,6351,6870,11568,5539,6029,6609,3184,3425,1653,808,845,
57850,6612,3235,3377,11569,5624,5945,13222,6351,6871,11569,5539,6030,6611,3186,3425,1653,808,845,
57855,6612,3235,3377,11570,5625,5945,13223,6352,6871,11570,5539,6031,6612,3186,3426,1653,808,845,
57860,6612,3235,3377,11572,5627,5945,13224,6352,6872,11571,5539,6032,6612,3186,3426,1653,808,845,
57865,6613,3236,3377,11573,5627,5946,13226,6353,6873,11572,5539,6033,6612,3186,3426,1653,808,845,
57870,6614,3236,3378,11573,5627,5946,13226,6353,6873,11573,5539,6034,6612,3186,3426,1653,808,845,
57875,6615,3236,3379,11575,5628,5947,13229,6355,6874,11574,5539,6035,6613,3186,3427,1653,808,845,
57880,6615,3236,3379,11576,5629,5947,13229,6355,6874,11575,5540,6035,6613,3186,3427,1654,809,845,
57885,6616,3237,3379,11576,5629,5947,13230,6356,6874,11576,5541,6035,6615,3188,3427,1654,809,845,
57890,6616,3237,3379,11577,5629,5948,13231,6356,6875,11577,5541,6036,6616,3188,3428,1654,809,845,
57895,6616,3237,3379,11579,5630,5949,13232,6356,6876,11578,5542,6036,6616,3188,3428,1654,809,845,
57900,6617,3237,3380,11580,5630,5950,13234,6358,6876,11579,5543,6036,6616,3188,3428,1654,809,845,
57905,6618,3238,3380,11580,5630,5950,13234,6358,6876,11580,5543,6037,6616,3188,3428,1654,809,845,
57910,6619,3239,3380,11582,5632,5950,13237,6358,6879,11581,5543,6038,6617,3189,3428,1654,809,845,
57915,6619,3239,3380,11583,5632,5951,13237,6358,6879,11582,5543,6039,6617,3189,3428,1655,809,846,
57920,6620,3239,3381,11583,5632,5951,13238,6358,6880,11583,5544,6039,6619,3191,3428,1655,809,846,
57925,6620,3239,3381,11584,5632,5952,13239,6359,6880,11584,5545,6039,6620,3192,3428,1655,809,846,
57930,6620,3239,3381,11586,5634,5952,13240,6360,6880,11585,5546,6039,6620,3192,3428,1655,809,846,
57935,6621,3239,3382,11587,5635,5952,13242,6360,6882,11586,5547,6039,6620,3192,3428,1655,809,846,
57940,6622,3239,3383,11587,5635,5952,13242,6360,6882,11587,5547,6040,6620,3192,3428,1655,809,846,
57945,6623,3239,3384,11589,5636,5953,13245,6362,6883,11588,5548,6040,6621,3193,3428,1655,809,846,
57950,6623,3239,3384,11590,5637,5953,13245,6362,6883,11589,5549,6040,6621,3193,3428,1656,810,846,
57955,6624,3240,3384,11590,5637,5953,13246,6362,6884,11590,5549,6041,6623,3193,3430,1656,810,846,
57960,6624,3240,3384,11591,5637,5954,13247,6363,6884,11591,5549,6042,6624,3194,3430,1656,810,846,
57965,6624,3240,3384,11593,5637,5956,13248,6364,6884,11592,5550,6042,6624,3194,3430,1656,810,846,
57970,6625,3241,3384,11594,5638,5956,13250,6365,6885,11593,5551,6042,6624,3194,3430,1656,810,846,
57975,6626,3241,3385,11594,5638,5956,13250,6365,6885,11594,5551,6043,6624,3194,3430,1656,810,846,
57980,6627,3241,3386,11596,5638,5958,13253,6365,6888,11595,5552,6043,6625,3194,3431,1656,810,846,
57985,6627,3241,3386,11597,5639,5958,13253,6365,6888,11596,5553,6043,6625,3194,3431,1657,811,846,
57990,6628,3241,3387,11597,5639,5958,13254,6366,6888,11597,5553,6044,6627,3194,3433,1657,811,846,
57995,6628,3241,3387,11598,5640,5958,13255,6366,6889,11598,5554,6044,6628,3195,3433,1657,811,846,
58000,6628,3241,3387,11600,5641,5959,13256,6367,6889,11599,5554,6045,6628,3195,3433,1657,811,846,
58005,6629,3242,3387,11601,5641,5960,13258,6367,6891,11600,5554,6046,6628,3195,3433,1657,811,846,
58010,6630,3242,3388,11601,5641,5960,13258,6367,6891,11601,5555,6046,6628,3195,3433,1657,811,846,
58015,6631,3242,3389,11603,5642,5961,13261,6369,6892,11602,5556,6046,6629,3195,3434,1657,811,846,
58020,6631,3242,3389,11604,5642,5962,13261,6369,6892,11603,5556,6047,6629,3195,3434,1658,812,846,
58025,6632,3243,3389,11604,5642,5962,13262,6369,6893,11604,5557,6047,6631,3195,3436,1658,812,846,
58030,6632,3243,3389,11605,5643,5962,13263,6369,6894,11605,5557,6048,6632,3196,3436,1658,812,846,
58035,6632,3243,3389,11607,5645,5962,13264,6369,6895,11606,5557,6049,6632,3196,3436,1658,812,846,
58040,6633,3243,3390,11608,5646,5962,13266,6369,6897,11607,5557,6050,6632,3196,3436,1658,812,846,
58045,6634,3243,3391,11608,5646,5962,13266,6369,6897,11608,5557,6051,6632,3196,3436,1658,812,846,
58050,6635,3244,3391,11610,5647,5963,13269,6371,6898,11609,5557,6052,6633,3196,3437,1658,812,846,
58055,6635,3244,3391,11611,5648,5963,13269,6371,6898,11610,5557,6053,6633,3196,3437,1659,812,847,
58060,6636,3245,3391,11611,5648,5963,13270,6372,6898,11611,5558,6053,6635,3198,3437,1659,812,847,
58065,6636,3245,3391,11612,5649,5963,13271,6373,6898,11612,5559,6053,6636,3198,3438,1659,812,847,
58070,6636,3245,3391,11614,5650,5964,13272,6374,6898,11613,5560,6053,6636,3198,3438,1659,812,847,
58075,6637,3246,3391,11615,5650,5965,13274,6374,6900,11614,5561,6053,6636,3198,3438,1659,812,847,
58080,6638,3247,3391,11615,5650,5965,13274,6374,6900,11615,5561,6054,6636,3198,3438,1659,812,847,
58085,6639,3248,3391,11617,5651,5966,13277,6376,6901,11616,5562,6054,6637,3198,3439,1659,812,847,
58090,6639,3248,3391,11618,5651,5967,13277,6376,6901,11617,5563,6054,6637,3198,3439,1660,812,848,
58095,6640,3248,3392,11618,5651,5967,13278,6377,6901,11618,5563,6055,6639,3198,3441,1660,812,848,
58100,6640,3248,3392,11619,5651,5968,13279,6378,6901,11619,5564,6055,6640,3198,3442,1660,812,848,
58105,6640,3248,3392,11621,5652,5969,13280,6378,6902,11620,5565,6055,6640,3198,3442,1660,812,848,
58110,6641,3248,3393,11622,5653,5969,13282,6379,6903,11621,5565,6056,6640,3198,3442,1660,812,848,
58115,6642,3248,3394,11622,5653,5969,13282,6379,6903,11622,5565,6057,6640,3198,3442,1660,812,848,
58120,6643,3248,3395,11624,5654,5970,13285,6380,6905,11623,5566,6057,6641,3198,3443,1660,812,848,
58125,6643,3248,3395,11625,5655,5970,13285,6380,6905,11624,5566,6058,6641,3198,3443,1661,812,849,
58130,6644,3248,3396,11625,5655,5970,13286,6380,6906,11625,5567,6058,6643,3200,3443,1661,812,849,
58135,6644,3248,3396,11626,5656,5970,13287,6380,6907,11626,5568,6058,6644,3200,3444,1661,812,849,
58140,6644,3248,3396,11628,5657,5971,13288,6381,6907,11627,5569,6058,6644,3200,3444,1661,812,849,
58145,6645,3248,3397,11629,5657,5972,13290,6381,6909,11628,5569,6059,6644,3200,3444,1661,812,849,
58150,6646,3249,3397,11629,5657,5972,13290,6381,6909,11629,5570,6059,6644,3200,3444,1661,812,849,
58155,6647,3250,3397,11631,5658,5973,13293,6381,6912,11630,5570,6060,6645,3201,3444,1661,812,849,
58160,6647,3250,3397,11632,5658,5974,13293,6381,6912,11631,5570,6061,6645,3201,3444,1662,812,850,
58165,6648,3251,3397,11632,5658,5974,13294,6381,6913,11632,5570,6062,6647,3202,3445,1662,812,850,
58170,6648,3251,3397,11633,5658,5975,13295,6382,6913,11633,5570,6063,6648,3202,3446,1662,812,850,
58175,6648,3251,3397,11635,5660,5975,13296,6382,6914,11634,5570,6064,6648,3202,3446,1662,812,850,
58180,6649,3251,3398,11636,5661,5975,13298,6382,6916,11635,5570,6065,6648,3202,3446,1662,812,850,
58185,6650,3252,3398,11636,5661,5975,13298,6382,6916,11636,5571,6065,6648,3202,3446,1662,812,850,
58190,6651,3252,3399,11638,5661,5977,13301,6383,6918,11637,5572,6065,6649,3203,3446,1662,812,850,
58195,6651,3252,3399,11639,5661,5978,13301,6383,6918,11638,5573,6065,6649,3203,3446,1663,813,850,
58200,6652,3252,3400,11639,5661,5978,13302,6383,6919,11639,5573,6066,6651,3204,3447,1663,813,850,
58205,6652,3252,3400,11640,5661,5979,13303,6383,6920,11640,5574,6066,6652,3205,3447,1663,813,850,
58210,6652,3252,3400,11642,5662,5980,13304,6383,6921,11641,5575,6066,6652,3205,3447,1663,813,850,
58215,6653,3253,3400,11643,5663,5980,13306,6383,6923,11642,5576,6066,6652,3205,3447,1663,813,850,
58220,6654,3253,3401,11643,5663,5980,13306,6383,6923,11643,5576,6067,6652,3205,3447,1663,813,850,
58225,6655,3254,3401,11645,5664,5981,13309,6385,6924,11644,5576,6068,6653,3206,3447,1663,813,850,
58230,6655,3254,3401,11646,5664,5982,13309,6385,6924,11645,5577,6068,6653,3206,3447,1664,813,851,
58235,6656,3255,3401,11646,5664,5982,13310,6386,6924,11646,5577,6069,6655,3207,3448,1664,813,851,
58240,6656,3255,3401,11647,5665,5982,13311,6386,6925,11647,5577,6070,6656,3207,3449,1664,813,851,
58245,6656,3255,3401,11649,5665,5984,13312,6386,6926,11648,5578,6070,6656,3207,3449,1664,813,851,
58250,6657,3255,3402,11650,5666,5984,13314,6388,6926,11649,5579,6070,6656,3207,3449,1664,813,851,
58255,6658,3255,3403,11650,5666,5984,13314,6388,6926,11650,5580,6070,6656,3207,3449,1664,813,851,
58260,6659,3255,3404,11652,5667,5985,13317,6390,6927,11651,5581,6070,6657,3208,3449,1664,813,851,
58265,6659,3255,3404,11653,5668,5985,13317,6390,6927,11652,5581,6071,6657,3208,3449,1665,814,851,
58270,6660,3255,3405,11653,5668,5985,13318,6391,6927,11653,5581,6072,6659,3208,3451,1665,814,851,
58275,6660,3255,3405,11654,5669,5985,13319,6392,6927,11654,5581,6073,6660,3208,3452,1665,814,851,
58280,6660,3255,3405,11656,5670,5986,13320,6392,6928,11655,5581,6074,6660,3208,3452,1665,814,851,
58285,6661,3255,3406,11657,5670,5987,13322,6393,6929,11656,5581,6075,6660,3208,3452,1665,814,851,
58290,6662,3255,3407,11657,5670,5987,13322,6393,6929,11657,5582,6075,6660,3208,3452,1665,814,851,
58295,6663,3255,3408,11659,5671,5988,13325,6395,6930,11658,5582,6076,6661,3208,3453,1665,814,851,
58300,6663,3255,3408,11660,5672,5988,13325,6395,6930,11659,5582,6077,6661,3208,3453,1666,814,852,
58305,6664,3255,3409,11660,5672,5988,13326,6396,6930,11660,5582,6078,6663,3209,3454,1666,814,852,
58310,6664,3255,3409,11661,5672,5989,13327,6397,6930,11661,5583,6078,6664,3209,3455,1666,814,852,
58315,6664,3255,3409,11663,5672,5991,13328,6398,6930,11662,5584,6078,6664,3209,3455,1666,814,852,
58320,6665,3256,3409,11664,5673,5991,13330,6399,6931,11663,5584,6079,6664,3209,3455,1666,814,852,
58325,6666,3256,3410,11664,5673,5991,13330,6399,6931,11664,5584,6080,6664,3209,3455,1666,814,852,
58330,6667,3257,3410,11666,5674,5992,13333,6400,6933,11665,5585,6080,6665,3210,3455,1666,814,852,
58335,6667,3257,3410,11667,5675,5992,13333,6400,6933,11666,5585,6081,6665,3210,3455,1667,814,853,
58340,6668,3257,3411,11667,5675,5992,13334,6400,6934,11667,5585,6082,6667,3211,3456,1667,814,853,
58345,6668,3257,3411,11668,5676,5992,13335,6400,6935,11668,5586,6082,6668,3212,3456,1667,814,853,
58350,6668,3257,3411,11670,5677,5993,13336,6400,6936,11669,5586,6083,6668,3212,3456,1667,814,853,
58355,6669,3257,3412,11671,5677,5994,13338,6401,6937,11670,5587,6083,6668,3212,3456,1667,814,853,
58360,6670,3258,3412,11671,5677,5994,13338,6401,6937,11671,5588,6083,6668,3212,3456,1667,814,853,
58365,6671,3259,3412,11673,5679,5994,13341,6401,6940,11672,5588,6084,6669,3212,3457,1667,814,853,
58370,6671,3259,3412,11674,5680,5994,13341,6401,6940,11673,5588,6085,6669,3212,3457,1668,815,853,
58375,6672,3260,3412,11674,5680,5994,13342,6401,6941,11674,5588,6086,6671,3213,3458,1668,815,853,
58380,6672,3260,3412,11675,5681,5994,13343,6401,6942,11675,5588,6087,6672,3213,3459,1668,815,853,
58385,6672,3260,3412,11677,5682,5995,13344,6401,6943,11676,5589,6087,6672,3213,3459,1668,815,853,
58390,6673,3260,3413,11678,5682,5996,13346,6401,6945,11677,5590,6087,6672,3213,3459,1668,815,853,
58395,6674,3261,3413,11678,5682,5996,13346,6401,6945,11678,5590,6088,6672,3213,3459,1668,815,853,
58400,6675,3262,3413,11680,5683,5997,13349,6402,6947,11679,5591,6088,6673,3213,3460,1668,815,853,
58405,6675,3262,3413,11681,5683,5998,13349,6402,6947,11680,5592,6088,6673,3213,3460,1669,816,853,
58410,6676,3262,3414,11681,5683,5998,13350,6403,6947,11681,5592,6089,6675,3215,3460,1669,816,853,
58415,6676,3262,3414,11682,5684,5998,13351,6403,6948,11682,5592,6090,6676,3216,3460,1669,816,853,
58420,6676,3262,3414,11684,5686,5998,13352,6403,6949,11683,5592,6091,6676,3216,3460,1669,816,853,
58425,6677,3262,3415,11685,5687,5998,13354,6404,6950,11684,5593,6091,6676,3216,3460,1669,816,853,
58430,6678,3263,3415,11685,5687,5998,13354,6404,6950,11685,5593,6092,6676,3216,3460,1669,816,853,
58435,6679,3263,3416,11687,5689,5998,13357,6405,6952,11686,5593,6093,6677,3216,3461,1669,816,853,
58440,6679,3263,3416,11688,5689,5999,13357,6405,6952,11687,5594,6093,6677,3216,3461,1670,817,853,
58445,6680,3264,3416,11688,5689,5999,13358,6406,6952,11688,5595,6093,6679,3217,3462,1670,817,853,
58450,6680,3264,3416,11689,5690,5999,13359,6406,6953,11689,5596,6093,6680,3217,3463,1670,817,853,
58455,6680,3264,3416,11691,5692,5999,13360,6407,6953,11690,5597,6093,6680,3217,3463,1670,817,853,
58460,6681,3264,3417,11692,5692,6000,13362,6408,6954,11691,5597,6094,6680,3217,3463,1670,817,853,
58465,6682,3264,3418,11692,5692,6000,13362,6408,6954,11692,5597,6095,6680,3217,3463,1670,817,853,
58470,6683,3265,3418,11694,5693,6001,13365,6409,6956,11693,5598,6095,6681,3218,3463,1670,817,853,
58475,6683,3265,3418,11695,5693,6002,13365,6409,6956,11694,5599,6095,6681,3218,3463,1671,817,854,
58480,6684,3265,3419,11695,5693,6002,13366,6410,6956,11695,5600,6095,6683,3220,3463,1671,817,854,
58485,6684,3265,3419,11696,5693,6003,13367,6410,6957,11696,5601,6095,6684,3220,3464,1671,817,854,
58490,6684,3265,3419,11698,5694,6004,13368,6411,6957,11697,5601,6096,6684,3220,3464,1671,817,854,
58495,6685,3265,3420,11699,5695,6004,13370,6412,6958,11698,5601,6097,6684,3220,3464,1671,817,854,
58500,6686,3265,3421,11699,5695,6004,13370,6412,6958,11699,5601,6098,6684,3220,3464,1671,817,854,
58505,6687,3266,3421,11701,5695,6006,13373,6413,6960,11700,5602,6098,6685,3221,3464,1671,817,854,
58510,6687,3266,3421,11702,5695,6007,13373,6413,6960,11701,5603,6098,6685,3221,3464,1672,817,855,
58515,6688,3266,3422,11702,5695,6007,13374,6414,6960,11702,5604,6098,6687,3223,3464,1672,817,855,
58520,6688,3266,3422,11703,5696,6007,13375,6415,6960,11703,5605,6098,6688,3224,3464,1672,817,855,
58525,6688,3266,3422,11705,5697,6008,13376,6415,6961,11704,5606,6098,6688,3224,3464,1672,817,855,
58530,6689,3267,3422,11706,5697,6009,13378,6416,6962,11705,5607,6098,6688,3224,3464,1672,817,855,
58535,6690,3268,3422,11706,5697,6009,13378,6416,6962,11706,5608,6098,6688,3224,3464,1672,817,855,
58540,6691,3269,3422,11708,5699,6009,13381,6418,6963,11707,5609,6098,6689,3224,3465,1672,817,855,
58545,6691,3269,3422,11709,5699,6010,13381,6418,6963,11708,5610,6098,6689,3224,3465,1673,817,856,
58550,6692,3269,3423,11709,5699,6010,13382,6419,6963,11709,5610,6099,6691,3226,3465,1673,817,856,
58555,6692,3269,3423,11710,5699,6011,13383,6420,6963,11710,5611,6099,6692,3226,3466,1673,817,856,
58560,6692,3269,3423,11712,5700,6012,13384,6420,6964,11711,5611,6100,6692,3226,3466,1673,817,856,
58565,6693,3269,3424,11713,5700,6013,13386,6421,6965,11712,5612,6100,6692,3226,3466,1673,817,856,
58570,6694,3270,3424,11713,5700,6013,13386,6421,6965,11713,5612,6101,6692,3226,3466,1673,817,856,
58575,6695,3270,3425,11715,5700,6015,13389,6422,6967,11714,5613,6101,6693,3226,3467,1673,817,856,
58580,6695,3270,3425,11716,5701,6015,13389,6422,6967,11715,5614,6101,6693,3226,3467,1674,817,857,
58585,6696,3270,3426,11716,5701,6015,13390,6422,6968,11716,5614,6102,6695,3227,3468,1674,817,857,
58590,6696,3270,3426,11717,5702,6015,13391,6422,6969,11717,5615,6102,6696,3227,3469,1674,817,857,
58595,6696,3270,3426,11719,5703,6016,13392,6422,6970,11718,5616,6102,6696,3227,3469,1674,817,857,
58600,6697,3271,3426,11720,5703,6017,13394,6422,6972,11719,5617,6102,6696,3227,3469,1674,817,857,
58605,6698,3271,3427,11720,5703,6017,13394,6422,6972,11720,5617,6103,6696,3227,3469,1674,817,857,
58610,6699,3271,3428,11722,5704,6018,13397,6423,6974,11721,5618,6103,6697,3228,3469,1674,817,857,
58615,6699,3271,3428,11723,5705,6018,13397,6423,6974,11722,5619,6103,6697,3228,3469,1675,817,858,
58620,6700,3271,3429,11723,5705,6018,13398,6424,6974,11723,5620,6103,6699,3229,3470,1675,817,858,
58625,6700,3271,3429,11724,5705,6019,13399,6425,6974,11724,5620,6104,6700,3229,3471,1675,817,858,
58630,6700,3271,3429,11726,5706,6020,13400,6425,6975,11725,5621,6104,6700,3229,3471,1675,817,858,
58635,6701,3272,3429,11727,5706,6021,13402,6427,6975,11726,5621,6105,6700,3229,3471,1675,817,858,
58640,6702,3272,3430,11727,5706,6021,13402,6427,6975,11727,5621,6106,6700,3229,3471,1675,817,858,
58645,6703,3272,3431,11729,5707,6022,13405,6427,6978,11728,5622,6106,6701,3230,3471,1675,817,858,
58650,6703,3272,3431,11730,5708,6022,13405,6427,6978,11729,5623,6106,6701,3230,3471,1676,817,859,
58655,6704,3272,3432,11730,5708,6022,13406,6427,6979,11730,5623,6107,6703,3231,3472,1676,817,859,
58660,6704,3272,3432,11731,5708,6023,13407,6428,6979,11731,5624,6107,6704,3232,3472,1676,817,859,
58665,6704,3272,3432,11733,5710,6023,13408,6429,6979,11732,5624,6108,6704,3232,3472,1676,817,859,
58670,6705,3272,3433,11734,5711,6023,13410,6429,6981,11733,5625,6108,6704,3232,3472,1676,817,859,
58675,6706,3273,3433,11734,5711,6023,13410,6429,6981,11734,5626,6108,6704,3232,3472,1676,817,859,
58680,6707,3273,3434,11736,5712,6024,13413,6431,6982,11735,5626,6109,6705,3233,3472,1676,817,859,
58685,6707,3273,3434,11737,5712,6025,13413,6431,6982,11736,5627,6109,6705,3233,3472,1677,817,860,
58690,6708,3273,3435,11737,5712,6025,13414,6432,6982,11737,5627,6110,6707,3235,3472,1677,817,860,
58695,6708,3273,3435,11738,5712,6026,13415,6433,6982,11738,5628,6110,6708,3236,3472,1677,817,860,
58700,6708,3273,3435,11740,5712,6028,13416,6433,6983,11739,5628,6111,6708,3236,3472,1677,817,860,
58705,6709,3273,3436,11741,5713,6028,13418,6434,6984,11740,5629,6111,6708,3236,3472,1677,817,860,
58710,6710,3274,3436,11741,5713,6028,13418,6434,6984,11741,5629,6112,6708,3236,3472,1677,817,860,
58715,6711,3274,3437,11743,5714,6029,13421,6435,6986,11742,5629,6113,6709,3236,3473,1677,817,860,
58720,6711,3274,3437,11744,5714,6030,13421,6435,6986,11743,5629,6114,6709,3236,3473,1678,818,860,
58725,6712,3274,3438,11744,5714,6030,13422,6436,6986,11744,5630,6114,6711,3237,3474,1678,818,860,
58730,6712,3274,3438,11745,5715,6030,13423,6437,6986,11745,5630,6115,6712,3238,3474,1678,818,860,
58735,6712,3274,3438,11747,5715,6032,13424,6437,6987,11746,5630,6116,6712,3238,3474,1678,818,860,
58740,6713,3275,3438,11748,5715,6033,13426,6439,6987,11747,5631,6116,6712,3238,3474,1678,818,860,
58745,6714,3275,3439,11748,5715,6033,13426,6439,6987,11748,5632,6116,6712,3238,3474,1678,818,860,
58750,6715,3276,3439,11750,5716,6034,13429,6440,6989,11749,5632,6117,6713,3238,3475,1678,818,860,
58755,6715,3276,3439,11751,5716,6035,13429,6440,6989,11750,5633,6117,6713,3238,3475,1679,819,860,
58760,6716,3277,3439,11751,5716,6035,13430,6441,6989,11751,5634,6117,6715,3239,3476,1679,819,860,
58765,6716,3277,3439,11752,5716,6036,13431,6441,6990,11752,5635,6117,6716,3239,3477,1679,819,860,
58770,6716,3277,3439,11754,5718,6036,13432,6442,6990,11753,5636,6117,6716,3239,3477,1679,819,860,
58775,6717,3278,3439,11755,5719,6036,13434,6443,6991,11754,5636,6118,6716,3239,3477,1679,819,860,
58780,6718,3278,3440,11755,5719,6036,13434,6443,6991,11755,5636,6119,6716,3239,3477,1679,819,860,
58785,6719,3278,3441,11757,5720,6037,13437,6444,6993,11756,5637,6119,6717,3240,3477,1679,819,860,
58790,6719,3278,3441,11758,5721,6037,13437,6444,6993,11757,5637,6120,6717,3240,3477,1680,820,860,
58795,6720,3278,3442,11758,5721,6037,13438,6445,6993,11758,5638,6120,6719,3241,3478,1680,820,860,
58800,6720,3278,3442,11759,5722,6037,13439,6445,6994,11759,5639,6120,6720,3242,3478,1680,820,860,
58805,6720,3278,3442,11761,5724,6037,13440,6446,6994,11760,5640,6120,6720,3242,3478,1680,820,860,
58810,6721,3278,3443,11762,5724,6038,13442,6446,6996,11761,5641,6120,6720,3242,3478,1680,820,860,
58815,6722,3279,3443,11762,5724,6038,13442,6446,6996,11762,5641,6121,6720,3242,3478,1680,820,860,
58820,6723,3279,3444,11764,5725,6039,13445,6447,6998,11763,5641,6122,6721,3242,3479,1680,820,860,
58825,6723,3279,3444,11765,5725,6040,13445,6447,6998,11764,5641,6123,6721,3242,3479,1681,821,860,
58830,6724,3279,3445,11765,5725,6040,13446,6447,6999,11765,5641,6124,6723,3242,3481,1681,821,860,
58835,6724,3279,3445,11766,5726,6040,13447,6447,7000,11766,5642,6124,6724,3243,3481,1681,821,860,
58840,6724,3279,3445,11768,5726,6042,13448,6447,7001,11767,5642,6125,6724,3243,3481,1681,821,860,
58845,6725,3279,3446,11769,5726,6043,13450,6447,7003,11768,5643,6125,6724,3243,3481,1681,821,860,
58850,6726,3280,3446,11769,5726,6043,13450,6447,7003,11769,5643,6126,6724,3243,3481,1681,821,860,
58855,6727,3280,3447,11771,5726,6045,13453,6447,7006,11770,5644,6126,6725,3244,3481,1681,821,860,
58860,6727,3280,3447,11772,5726,6046,13453,6447,7006,11771,5644,6127,6725,3244,3481,1682,822,860,
58865,6728,3281,3447,11772,5726,6046,13454,6447,7007,11772,5644,6128,6727,3245,3482,1682,822,860,
58870,6728,3281,3447,11773,5726,6047,13455,6447,7008,11773,5644,6129,6728,3245,3483,1682,822,860,
58875,6728,3281,3447,11775,5728,6047,13456,6448,7008,11774,5645,6129,6728,3245,3483,1682,822,860,
58880,6729,3281,3448,11776,5728,6048,13458,6448,7010,11775,5646,6129,6728,3245,3483,1682,822,860,
58885,6730,3282,3448,11776,5728,6048,13458,6448,7010,11776,5647,6129,6728,3245,3483,1682,822,860,
58890,6731,3283,3448,11778,5728,6050,13461,6449,7012,11777,5648,6129,6729,3246,3483,1682,822,860,
58895,6731,3283,3448,11779,5728,6051,13461,6449,7012,11778,5648,6130,6729,3246,3483,1683,823,860,
58900,6732,3284,3448,11779,5728,6051,13462,6449,7013,11779,5649,6130,6731,3246,3485,1683,823,860,
58905,6732,3284,3448,11780,5729,6051,13463,6449,7014,11780,5649,6131,6732,3246,3486,1683,823,860,
58910,6732,3284,3448,11782,5730,6052,13464,6450,7014,11781,5650,6131,6732,3246,3486,1683,823,860,
58915,6733,3284,3449,11783,5731,6052,13466,6451,7015,11782,5651,6131,6732,3246,3486,1683,823,860,
58920,6734,3285,3449,11783,5731,6052,13466,6451,7015,11783,5652,6131,6732,3246,3486,1683,823,860,
58925,6735,3285,3450,11785,5732,6053,13469,6451,7018,11784,5652,6132,6733,3247,3486,1683,823,860,
58930,6735,3285,3450,11786,5732,6054,13469,6451,7018,11785,5653,6132,6733,3247,3486,1684,824,860,
58935,6736,3285,3451,11786,5732,6054,13470,6451,7019,11786,5654,6132,6735,3247,3488,1684,824,860,
58940,6736,3285,3451,11787,5732,6055,13471,6452,7019,11787,5655,6132,6736,3248,3488,1684,824,860,
58945,6736,3285,3451,11789,5733,6056,13472,6452,7020,11788,5655,6133,6736,3248,3488,1684,824,860,
58950,6737,3286,3451,11790,5734,6056,13474,6452,7022,11789,5655,6134,6736,3248,3488,1684,824,860,
58955,6738,3287,3451,11790,5734,6056,13474,6452,7022,11790,5655,6135,6736,3248,3488,1684,824,860,
58960,6739,3287,3452,11792,5735,6057,13477,6454,7023,11791,5655,6136,6737,3249,3488,1684,824,860,
58965,6739,3287,3452,11793,5736,6057,13477,6454,7023,11792,5656,6136,6737,3249,3488,1685,825,860,
58970,6740,3287,3453,11793,5736,6057,13478,6455,7023,11793,5656,6137,6739,3251,3488,1685,825,860,
58975,6740,3287,3453,11794,5737,6057,13479,6456,7023,11794,5657,6137,6740,3252,3488,1685,825,860,
58980,6740,3287,3453,11796,5738,6058,13480,6457,7023,11795,5658,6137,6740,3252,3488,1685,825,860,
58985,6741,3288,3453,11797,5739,6058,13482,6457,7025,11796,5658,6138,6740,3252,3488,1685,825,860,
58990,6742,3288,3454,11797,5739,6058,13482,6457,7025,11797,5658,6139,6740,3252,3488,1685,825,860,
58995,6743,3289,3454,11799,5740,6059,13485,6457,7028,11798,5658,6140,6741,3252,3489,1685,825,860,
59000,6743,3289,3454,11800,5741,6059,13485,6457,7028,11799,5658,6141,6741,3252,3489,1686,826,860,
59005,6744,3290,3454,11800,5741,6059,13486,6457,7029,11800,5658,6142,6743,3254,3489,1686,826,860,
59010,6744,3290,3454,11801,5742,6059,13487,6458,7029,11801,5659,6142,6744,3255,3489,1686,826,860,
59015,6744,3290,3454,11803,5742,6061,13488,6459,7029,11802,5660,6142,6744,3255,3489,1686,826,860,
59020,6745,3290,3455,11804,5743,6061,13490,6459,7031,11803,5660,6143,6744,3255,3489,1686,826,860,
59025,6746,3290,3456,11804,5743,6061,13490,6459,7031,11804,5661,6143,6744,3255,3489,1686,826,860,
59030,6747,3291,3456,11806,5745,6061,13493,6461,7032,11805,5662,6143,6745,3256,3489,1686,826,860,
59035,6747,3291,3456,11807,5746,6061,13493,6461,7032,11806,5662,6144,6745,3256,3489,1687,826,861,
59040,6748,3292,3456,11807,5746,6061,13494,6461,7033,11807,5662,6145,6747,3258,3489,1687,826,861,
59045,6748,3292,3456,11808,5747,6061,13495,6462,7033,11808,5663,6145,6748,3259,3489,1687,826,861,
59050,6748,3292,3456,11810,5747,6063,13496,6463,7033,11809,5664,6145,6748,3259,3489,1687,826,861,
59055,6749,3293,3456,11811,5748,6063,13498,6465,7033,11810,5665,6145,6748,3259,3489,1687,826,861,
59060,6750,3294,3456,11811,5748,6063,13498,6465,7033,11811,5665,6146,6748,3259,3489,1687,826,861,
59065,6751,3295,3456,11813,5749,6064,13501,6466,7035,11812,5666,6146,6749,3259,3490,1687,826,861,
59070,6751,3295,3456,11814,5749,6065,13501,6466,7035,11813,5666,6147,6749,3259,3490,1688,827,861,
59075,6752,3296,3456,11814,5749,6065,13502,6467,7035,11814,5666,6148,6751,3259,3492,1688,827,861,
59080,6752,3296,3456,11815,5750,6065,13503,6467,7036,11815,5666,6149,6752,3259,3493,1688,827,861,
59085,6752,3296,3456,11817,5752,6065,13504,6467,7037,11816,5666,6150,6752,3259,3493,1688,827,861,
59090,6753,3296,3457,11818,5752,6066,13506,6469,7037,11817,5666,6151,6752,3259,3493,1688,827,861,
59095,6754,3296,3458,11818,5752,6066,13506,6469,7037,11818,5666,6152,6752,3259,3493,1688,827,861,
59100,6755,3296,3459,11820,5753,6067,13509,6470,7039,11819,5666,6153,6753,3260,3493,1688,827,861,
59105,6755,3296,3459,11821,5754,6067,13509,6470,7039,11820,5667,6153,6753,3260,3493,1689,827,862,
59110,6756,3297,3459,11821,5754,6067,13510,6470,7040,11821,5667,6154,6755,3261,3494,1689,827,862,
59115,6756,3297,3459,11822,5755,6067,13511,6471,7040,11822,5668,6154,6756,3261,3495,1689,827,862,
59120,6756,3297,3459,11824,5755,6069,13512,6472,7040,11823,5668,6155,6756,3261,3495,1689,827,862,
59125,6757,3298,3459,11825,5755,6070,13514,6472,7042,11824,5668,6156,6756,3261,3495,1689,827,862,
59130,6758,3299,3459,11825,5755,6070,13514,6472,7042,11825,5669,6156,6756,3261,3495,1689,827,862,
59135,6759,3299,3460,11827,5757,6070,13517,6473,7044,11826,5669,6157,6757,3261,3496,1689,827,862,
59140,6759,3299,3460,11828,5758,6070,13517,6473,7044,11827,5670,6157,6757,3261,3496,1690,827,863,
59145,6760,3299,3461,11828,5758,6070,13518,6473,7045,11828,5670,6158,6759,3261,3498,1690,827,863,
59150,6760,3299,3461,11829,5759,6070,13519,6473,7046,11829,5671,6158,6760,3262,3498,1690,827,863,
59155,6760,3299,3461,11831,5760,6071,13520,6474,7046,11830,5672,6158,6760,3262,3498,1690,827,863,
59160,6761,3300,3461,11832,5760,6072,13522,6475,7047,11831,5672,6159,6760,3262,3498,1690,827,863,
59165,6762,3301,3461,11832,5760,6072,13522,6475,7047,11832,5673,6159,6760,3262,3498,1690,827,863,
59170,6763,3301,3462,11834,5761,6073,13525,6475,7050,11833,5674,6159,6761,3263,3498,1690,827,863,
59175,6763,3301,3462,11835,5761,6074,13525,6475,7050,11834,5675,6159,6761,3263,3498,1691,827,864,
59180,6764,3302,3462,11835,5761,6074,13526,6476,7050,11835,5675,6160,6763,3264,3499,1691,827,864,
59185,6764,3302,3462,11836,5761,6075,13527,6477,7050,11836,5676,6160,6764,3264,3500,1691,827,864,
59190,6764,3302,3462,11838,5762,6076,13528,6477,7051,11837,5676,6161,6764,3264,3500,1691,827,864,
59195,6765,3303,3462,11839,5763,6076,13530,6477,7053,11838,5676,6162,6764,3264,3500,1691,827,864,
59200,6766,3304,3462,11839,5763,6076,13530,6477,7053,11839,5676,6163,6764,3264,3500,1691,827,864,
59205,6767,3304,3463,11841,5764,6077,13533,6479,7054,11840,5676,6164,6765,3264,3501,1691,827,864,
59210,6767,3304,3463,11842,5764,6078,13533,6479,7054,11841,5676,6165,6765,3264,3501,1692,827,865,
59215,6768,3304,3464,11842,5764,6078,13534,6479,7055,11842,5676,6166,6767,3264,3503,1692,827,865,
59220,6768,3304,3464,11843,5765,6078,13535,6479,7056,11843,5677,6166,6768,3265,3503,1692,827,865,
59225,6768,3304,3464,11845,5765,6080,13536,6480,7056,11844,5677,6167,6768,3265,3503,1692,827,865,
59230,6769,3305,3464,11846,5766,6080,13538,6482,7056,11845,5677,6168,6768,3265,3503,1692,827,865,
59235,6770,3306,3464,11846,5766,6080,13538,6482,7056,11846,5677,6169,6768,3265,3503,1692,827,865,
59240,6771,3307,3464,11848,5766,6082,13541,6484,7057,11847,5677,6170,6769,3266,3503,1692,827,865,
59245,6771,3307,3464,11849,5767,6082,13541,6484,7057,11848,5677,6171,6769,3266,3503,1693,827,866,
59250,6772,3308,3464,11849,5767,6082,13542,6485,7057,11849,5678,6171,6771,3266,3505,1693,827,866,
59255,6772,3308,3464,11850,5768,6082,13543,6485,7058,11850,5678,6172,6772,3267,3505,1693,827,866,
59260,6772,3308,3464,11852,5769,6083,13544,6485,7059,11851,5678,6173,6772,3267,3505,1693,827,866,
59265,6773,3308,3465,11853,5770,6083,13546,6486,7060,11852,5679,6173,6772,3267,3505,1693,827,866,
59270,6774,3309,3465,11853,5770,6083,13546,6486,7060,11853,5680,6173,6772,3267,3505,1693,827,866,
59275,6775,3310,3465,11855,5771,6084,13549,6487,7062,11854,5680,6174,6773,3268,3505,1693,827,866,
59280,6775,3310,3465,11856,5772,6084,13549,6487,7062,11855,5680,6175,6773,3268,3505,1694,827,867,
59285,6776,3311,3465,11856,5772,6084,13550,6487,7063,11856,5681,6175,6775,3268,3507,1694,827,867,
59290,6776,3311,3465,11857,5772,6085,13551,6488,7063,11857,5681,6176,6776,3268,3508,1694,827,867,
59295,6776,3311,3465,11859,5772,6087,13552,6488,7064,11858,5682,6176,6776,3268,3508,1694,827,867,
59300,6777,3311,3466,11860,5772,6088,13554,6489,7065,11859,5683,6176,6776,3268,3508,1694,827,867,
59305,6778,3312,3466,11860,5772,6088,13554,6489,7065,11860,5683,6177,6776,3268,3508,1694,827,867,
59310,6779,3312,3467,11862,5773,6089,13557,6492,7065,11861,5684,6177,6777,3269,3508,1694,827,867,
59315,6779,3312,3467,11863,5774,6089,13557,6492,7065,11862,5684,6178,6777,3269,3508,1695,827,868,
59320,6780,3312,3468,11863,5774,6089,13558,6492,7066,11863,5684,6179,6779,3269,3510,1695,827,868,
59325,6780,3312,3468,11864,5774,6090,13559,6492,7067,11864,5684,6180,6780,3270,3510,1695,827,868,
59330,6780,3312,3468,11866,5775,6091,13560,6492,7068,11865,5684,6181,6780,3270,3510,1695,827,868,
59335,6781,3312,3469,11867,5775,6092,13562,6492,7070,11866,5685,6181,6780,3270,3510,1695,827,868,
59340,6782,3313,3469,11867,5775,6092,13562,6492,7070,11867,5685,6182,6780,3270,3510,1695,827,868,
59345,6783,3313,3470,11869,5776,6093,13565,6493,7072,11868,5686,6182,6781,3271,3510,1695,827,868,
59350,6783,3313,3470,11870,5776,6094,13565,6493,7072,11869,5686,6183,6781,3271,3510,1696,827,869,
59355,6784,3314,3470,11870,5776,6094,13566,6494,7072,11870,5686,6184,6783,3273,3510,1696,827,869,
59360,6784,3314,3470,11871,5777,6094,13567,6495,7072,11871,5686,6185,6784,3273,3511,1696,827,869,
59365,6784,3314,3470,11873,5777,6096,13568,6496,7072,11872,5686,6186,6784,3273,3511,1696,827,869,
59370,6785,3314,3471,11874,5778,6096,13570,6496,7074,11873,5686,6187,6784,3273,3511,1696,827,869,
59375,6786,3315,3471,11874,5778,6096,13570,6496,7074,11874,5686,6188,6784,3273,3511,1696,827,869,
59380,6787,3315,3472,11876,5779,6097,13573,6498,7075,11875,5687,6188,6785,3273,3512,1696,827,869,
59385,6787,3315,3472,11877,5780,6097,13573,6498,7075,11876,5687,6189,6785,3273,3512,1697,828,869,
59390,6788,3316,3472,11877,5780,6097,13574,6498,7076,11877,5687,6190,6787,3274,3513,1697,828,869,
59395,6788,3316,3472,11878,5781,6097,13575,6499,7076,11878,5688,6190,6788,3274,3514,1697,828,869,
59400,6788,3316,3472,11880,5783,6097,13576,6499,7077,11879,5688,6191,6788,3274,3514,1697,828,869,
59405,6789,3316,3473,11881,5784,6097,13578,6500,7078,11880,5689,6191,6788,3274,3514,1697,828,869,
59410,6790,3317,3473,11881,5784,6097,13578,6500,7078,11881,5689,6192,6788,3274,3514,1697,828,869,
59415,6791,3317,3474,11883,5786,6097,13581,6500,7081,11882,5689,6193,6789,3275,3514,1697,828,869,
59420,6791,3317,3474,11884,5787,6097,13581,6500,7081,11883,5689,6194,6789,3275,3514,1698,829,869,
59425,6792,3317,3475,11884,5787,6097,13582,6501,7081,11884,5690,6194,6791,3276,3515,1698,829,869,
59430,6792,3317,3475,11885,5787,6098,13583,6502,7081,11885,5691,6194,6792,3277,3515,1698,829,869,
59435,6792,3317,3475,11887,5787,6100,13584,6502,7082,11886,5691,6195,6792,3277,3515,1698,829,869,
59440,6793,3317,3476,11888,5787,6101,13586,6502,7084,11887,5691,6196,6792,3277,3515,1698,829,869,
59445,6794,3317,3477,11888,5787,6101,13586,6502,7084,11888,5691,6197,6792,3277,3515,1698,829,869,
59450,6795,3317,3478,11890,5788,6102,13589,6503,7086,11889,5692,6197,6793,3277,3516,1698,829,869,
59455,6795,3317,3478,11891,5788,6103,13589,6503,7086,11890,5692,6198,6793,3277,3516,1699,829,870,
59460,6796,3318,3478,11891,5788,6103,13590,6504,7086,11891,5692,6199,6795,3278,3517,1699,829,870,
59465,6796,3318,3478,11892,5789,6103,13591,6504,7087,11892,5693,6199,6796,3278,3518,1699,829,870,
59470,6796,3318,3478,11894,5789,6105,13592,6505,7087,11893,5694,6199,6796,3278,3518,1699,829,870,
59475,6797,3318,3479,11895,5790,6105,13594,6506,7088,11894,5695,6199,6796,3278,3518,1699,829,870,
59480,6798,3319,3479,11895,5790,6105,13594,6506,7088,11895,5696,6199,6796,3278,3518,1699,829,870,
59485,6799,3319,3480,11897,5791,6106,13597,6507,7090,11896,5696,6200,6797,3278,3519,1699,829,870,
59490,6799,3319,3480,11898,5792,6106,13597,6507,7090,11897,5696,6201,6797,3278,3519,1700,829,871,
59495,6800,3320,3480,11898,5792,6106,13598,6507,7091,11898,5697,6201,6799,3278,3521,1700,829,871,
59500,6800,3320,3480,11899,5792,6107,13599,6508,7091,11899,5698,6201,6800,3278,3522,1700,829,871,
59505,6800,3320,3480,11901,5793,6108,13600,6508,7092,11900,5699,6201,6800,3278,3522,1700,829,871,
59510,6801,3320,3481,11902,5793,6109,13602,6508,7094,11901,5699,6202,6800,3278,3522,1700,829,871,
59515,6802,3321,3481,11902,5793,6109,13602,6508,7094,11902,5699,6203,6800,3278,3522,1700,829,871,
59520,6803,3321,3482,11904,5795,6109,13605,6508,7097,11903,5699,6204,6801,3279,3522,1700,829,871,
59525,6803,3321,3482,11905,5795,6110,13605,6508,7097,11904,5699,6205,6801,3279,3522,1701,829,872,
59530,6804,3322,3482,11905,5795,6110,13606,6508,7098,11905,5700,6205,6803,3279,3524,1701,829,872,
59535,6804,3322,3482,11906,5795,6111,13607,6509,7098,11906,5701,6205,6804,3279,3525,1701,829,872,
59540,6804,3322,3482,11908,5796,6112,13608,6509,7099,11907,5701,6206,6804,3279,3525,1701,829,872,
59545,6805,3322,3483,11909,5796,6113,13610,6510,7100,11908,5701,6207,6804,3279,3525,1701,829,872,
59550,6806,3323,3483,11909,5796,6113,13610,6510,7100,11909,5701,6208,6804,3279,3525,1701,829,872,
59555,6807,3324,3483,11911,5797,6114,13613,6512,7101,11910,5702,6208,6805,3280,3525,1701,829,872,
59560,6807,3324,3483,11912,5798,6114,13613,6512,7101,11911,5702,6209,6805,3280,3525,1702,829,873,
59565,6808,3325,3483,11912,5798,6114,13614,6512,7102,11912,5703,6209,6807,3282,3525,1702,829,873,
59570,6808,3325,3483,11913,5799,6114,13615,6512,7103,11913,5704,6209,6808,3282,3526,1702,829,873,
59575,6808,3325,3483,11915,5801,6114,13616,6513,7103,11914,5704,6210,6808,3282,3526,1702,829,873,
59580,6809,3325,3484,11916,5801,6115,13618,6514,7104,11915,5705,6210,6808,3282,3526,1702,829,873,
59585,6810,3326,3484,11916,5801,6115,13618,6514,7104,11916,5706,6210,6808,3282,3526,1702,829,873,
59590,6811,3326,3485,11918,5803,6115,13621,6514,7107,11917,5707,6210,6809,3282,3527,1702,829,873,
59595,6811,3326,3485,11919,5803,6116,13621,6514,7107,11918,5707,6211,6809,3282,3527,1703,830,873,
59600,6812,3326,3486,11919,5803,6116,13622,6514,7108,11919,5707,6212,6811,3284,3527,1703,830,873,
59605,6812,3326,3486,11920,5804,6116,13623,6514,7109,11920,5707,6213,6812,3284,3528,1703,830,873,
59610,6812,3326,3486,11922,5806,6116,13624,6515,7109,11921,5708,6213,6812,3284,3528,1703,830,873,
59615,6813,3327,3486,11923,5807,6116,13626,6517,7109,11922,5708,6214,6812,3284,3528,1703,830,873,
59620,6814,3327,3487,11923,5807,6116,13626,6517,7109,11923,5708,6215,6812,3284,3528,1703,830,873,
59625,6815,3327,3488,11925,5808,6117,13629,6520,7109,11924,5708,6216,6813,3284,3529,1703,830,873,
59630,6815,3327,3488,11926,5808,6118,13629,6520,7109,11925,5709,6216,6813,3284,3529,1704,831,873,
59635,6816,3327,3489,11926,5808,6118,13630,6521,7109,11926,5709,6217,6815,3286,3529,1704,831,873,
59640,6816,3327,3489,11927,5808,6119,13631,6522,7109,11927,5709,6218,6816,3286,3530,1704,831,873,
59645,6816,3327,3489,11929,5808,6121,13632,6522,7110,11928,5709,6219,6816,3286,3530,1704,831,873,
59650,6817,3327,3490,11930,5809,6121,13634,6524,7110,11929,5709,6220,6816,3286,3530,1704,831,873,
59655,6818,3328,3490,11930,5809,6121,13634,6524,7110,11930,5709,6221,6816,3286,3530,1704,831,873,
59660,6819,3329,3490,11932,5811,6121,13637,6526,7111,11931,5709,6222,6817,3286,3531,1704,831,873,
59665,6819,3329,3490,11933,5812,6121,13637,6526,7111,11932,5710,6222,6817,3286,3531,1705,832,873,
59670,6820,3330,3490,11933,5812,6121,13638,6526,7112,11933,5711,6222,6819,3287,3532,1705,832,873,
59675,6820,3330,3490,11934,5812,6122,13639,6526,7113,11934,5711,6223,6820,3288,3532,1705,832,873,
59680,6820,3330,3490,11936,5813,6123,13640,6526,7114,11935,5712,6223,6820,3288,3532,1705,832,873,
59685,6821,3330,3491,11937,5814,6123,13642,6527,7115,11936,5712,6224,6820,3288,3532,1705,832,873,
59690,6822,3330,3492,11937,5814,6123,13642,6527,7115,11937,5713,6224,6820,3288,3532,1705,832,873,
59695,6823,3330,3493,11939,5815,6124,13645,6528,7117,11938,5714,6224,6821,3288,3533,1705,832,873,
59700,6823,3330,3493,11940,5816,6124,13645,6528,7117,11939,5714,6225,6821,3288,3533,1706,832,874,
59705,6824,3331,3493,11940,5816,6124,13646,6529,7117,11940,5714,6226,6823,3290,3533,1706,832,874,
59710,6824,3331,3493,11941,5817,6124,13647,6530,7117,11941,5714,6227,6824,3290,3534,1706,832,874,
59715,6824,3331,3493,11943,5818,6125,13648,6531,7117,11942,5714,6228,6824,3290,3534,1706,832,874,
59720,6825,3331,3494,11944,5819,6125,13650,6533,7117,11943,5715,6228,6824,3290,3534,1706,832,874,
59725,6826,3332,3494,11944,5819,6125,13650,6533,7117,11944,5716,6228,6824,3290,3534,1706,832,874,
59730,6827,3332,3495,11946,5820,6126,13653,6534,7119,11945,5716,6229,6825,3291,3534,1706,832,874,
59735,6827,3332,3495,11947,5821,6126,13653,6534,7119,11946,5717,6229,6825,3291,3534,1707,833,874,
59740,6828,3332,3496,11947,5821,6126,13654,6534,7120,11947,5717,6230,6827,3293,3534,1707,833,874,
59745,6828,3332,3496,11948,5821,6127,13655,6534,7121,11948,5717,6231,6828,3293,3535,1707,833,874,
59750,6828,3332,3496,11950,5821,6129,13656,6535,7121,11949,5718,6231,6828,3293,3535,1707,833,874,
59755,6829,3333,3496,11951,5821,6130,13658,6536,7122,11950,5719,6231,6828,3293,3535,1707,833,874,
59760,6830,3333,3497,11951,5821,6130,13658,6536,7122,11951,5720,6231,6828,3293,3535,1707,833,874,
59765,6831,3333,3498,11953,5821,6132,13661,6538,7123,11952,5720,6232,6829,3293,3536,1707,833,874,
59770,6831,3333,3498,11954,5822,6132,13661,6538,7123,11953,5720,6233,6829,3293,3536,1708,833,875,
59775,6832,3334,3498,11954,5822,6132,13662,6539,7123,11954,5720,6234,6831,3294,3537,1708,833,875,
59780,6832,3334,3498,11955,5822,6133,13663,6540,7123,11955,5721,6234,6832,3294,3538,1708,833,875,
59785,6832,3334,3498,11957,5822,6135,13664,6541,7123,11956,5721,6235,6832,3294,3538,1708,833,875,
59790,6833,3335,3498,11958,5822,6136,13666,6542,7124,11957,5722,6235,6832,3294,3538,1708,833,875,
59795,6834,3336,3498,11958,5822,6136,13666,6542,7124,11958,5722,6236,6832,3294,3538,1708,833,875,
59800,6835,3336,3499,11960,5823,6137,13669,6544,7125,11959,5722,6237,6833,3295,3538,1708,833,875,
59805,6835,3336,3499,11961,5823,6138,13669,6544,7125,11960,5722,6238,6833,3295,3538,1709,833,876,
59810,6836,3337,3499,11961,5823,6138,13670,6544,7126,11961,5722,6239,6835,3295,3540,1709,833,876,
59815,6836,3337,3499,11962,5823,6139,13671,6544,7127,11962,5722,6240,6836,3296,3540,1709,833,876,
59820,6836,3337,3499,11964,5825,6139,13672,6545,7127,11963,5722,6241,6836,3296,3540,1709,833,876,
59825,6837,3338,3499,11965,5826,6139,13674,6546,7128,11964,5722,6242,6836,3296,3540,1709,833,876,
59830,6838,3338,3500,11965,5826,6139,13674,6546,7128,11965,5722,6243,6836,3296,3540,1709,833,876,
59835,6839,3339,3500,11967,5827,6140,13677,6548,7129,11966,5723,6243,6837,3296,3541,1709,833,876,
59840,6839,3339,3500,11968,5828,6140,13677,6548,7129,11967,5723,6244,6837,3296,3541,1710,833,877,
59845,6840,3340,3500,11968,5828,6140,13678,6549,7129,11968,5724,6244,6839,3298,3541,1710,833,877,
59850,6840,3340,3500,11969,5829,6140,13679,6549,7130,11969,5725,6244,6840,3298,3542,1710,833,877,
59855,6840,3340,3500,11971,5829,6142,13680,6550,7130,11970,5725,6245,6840,3298,3542,1710,833,877,
59860,6841,3340,3501,11972,5830,6142,13682,6551,7131,11971,5725,6246,6840,3298,3542,1710,833,877,
59865,6842,3341,3501,11972,5830,6142,13682,6551,7131,11972,5725,6247,6840,3298,3542,1710,833,877,
59870,6843,3342,3501,11974,5831,6143,13685,6552,7133,11973,5726,6247,6841,3299,3542,1710,833,877,
59875,6843,3342,3501,11975,5832,6143,13685,6552,7133,11974,5727,6247,6841,3299,3542,1711,833,878,
59880,6844,3343,3501,11975,5832,6143,13686,6553,7133,11975,5727,6248,6843,3301,3542,1711,833,878,
59885,6844,3343,3501,11976,5833,6143,13687,6554,7133,11976,5727,6249,6844,3302,3542,1711,833,878,
59890,6844,3343,3501,11978,5834,6144,13688,6555,7133,11977,5728,6249,6844,3302,3542,1711,833,878,
59895,6845,3344,3501,11979,5835,6144,13690,6556,7134,11978,5728,6250,6844,3302,3542,1711,833,878,
59900,6846,3345,3501,11979,5835,6144,13690,6556,7134,11979,5728,6251,6844,3302,3542,1711,833,878,
59905,6847,3345,3502,11981,5836,6145,13693,6557,7136,11980,5729,6251,6845,3303,3542,1711,833,878,
59910,6847,3345,3502,11982,5837,6145,13693,6557,7136,11981,5729,6252,6845,3303,3542,1712,834,878,
59915,6848,3345,3503,11982,5837,6145,13694,6557,7137,11982,5730,6252,6847,3304,3543,1712,834,878,
59920,6848,3345,3503,11983,5837,6146,13695,6558,7137,11983,5730,6253,6848,3304,3544,1712,834,878,
59925,6848,3345,3503,11985,5838,6147,13696,6559,7137,11984,5730,6254,6848,3304,3544,1712,834,878,
59930,6849,3346,3503,11986,5839,6147,13698,6559,7139,11985,5730,6255,6848,3304,3544,1712,834,878,
59935,6850,3346,3504,11986,5839,6147,13698,6559,7139,11986,5731,6255,6848,3304,3544,1712,834,878,
59940,6851,3346,3505,11988,5840,6148,13701,6561,7140,11987,5731,6256,6849,3304,3545,1712,834,878,
59945,6851,3346,3505,11989,5841,6148,13701,6561,7140,11988,5732,6256,6849,3304,3545,1713,834,879,
59950,6852,3347,3505,11989,5841,6148,13702,6561,7141,11989,5732,6257,6851,3306,3545,1713,834,879,
59955,6852,3347,3505,11990,5841,6149,13703,6561,7142,11990,5733,6257,6852,3307,3545,1713,834,879,
59960,6852,3347,3505,11992,5842,6150,13704,6561,7143,11991,5734,6257,6852,3307,3545,1713,834,879,
59965,6853,3347,3506,11993,5843,6150,13706,6563,7143,11992,5735,6257,6852,3307,3545,1713,834,879,
59970,6854,3347,3507,11993,5843,6150,13706,6563,7143,11993,5735,6258,6852,3307,3545,1713,834,879,
59975,6855,3347,3508,11995,5844,6151,13709,6565,7144,11994,5735,6259,6853,3307,3546,1713,834,879,
59980,6855,3347,3508,11996,5845,6151,13709,6565,7144,11995,5736,6259,6853,3307,3546,1714,834,880,
59985,6856,3347,3509,11996,5845,6151,13710,6565,7145,11996,5737,6259,6855,3307,3548,1714,834,880,
59990,6856,3347,3509,11997,5845,6152,13711,6565,7146,11997,5738,6259,6856,3307,3549,1714,834,880,
59995,6856,3347,3509,11999,5846,6153,13712,6566,7146,11998,5738,6260,6856,3307,3549,1714,834,880,
60000,6857,3347,3510,12000,5846,6154,13714,6567,7147,11999,5739,6260,6856,3307,3549,1714,834,880,
60005,6858,3347,3511,12000,5846,6154,13714,6567,7147,12000,5739,6261,6856,3307,3549,1714,834,880,
60010,6859,3347,3512,12002,5846,6156,13717,6569,7148,12001,5740,6261,6857,3308,3549,1714,834,880,
60015,6859,3347,3512,12003,5846,6157,13717,6569,7148,12002,5740,6262,6857,3308,3549,1715,834,881,
60020,6860,3347,3513,12003,5846,6157,13718,6570,7148,12003,5741,6262,6859,3309,3550,1715,834,881,
60025,6860,3347,3513,12004,5846,6158,13719,6571,7148,12004,5742,6262,6860,3310,3550,1715,834,881,
60030,6860,3347,3513,12006,5846,6160,13720,6571,7149,12005,5743,6262,6860,3310,3550,1715,834,881,
60035,6861,3348,3513,12007,5847,6160,13722,6571,7151,12006,5743,6263,6860,3310,3550,1715,834,881,
60040,6862,3348,3514,12007,5847,6160,13722,6571,7151,12007,5744,6263,6860,3310,3550,1715,834,881,
60045,6863,3348,3515,12009,5848,6161,13725,6573,7152,12008,5744,6264,6861,3310,3551,1715,834,881,
60050,6863,3348,3515,12010,5849,6161,13725,6573,7152,12009,5744,6265,6861,3310,3551,1716,834,882,
60055,6864,3348,3516,12010,5849,6161,13726,6573,7153,12010,5744,6266,6863,3310,3553,1716,834,882,
60060,6864,3348,3516,12011,5850,6161,13727,6574,7153,12011,5744,6267,6864,3310,3554,1716,834,882,
60065,6864,3348,3516,12013,5851,6162,13728,6574,7154,12012,5745,6267,6864,3310,3554,1716,834,882,
60070,6865,3349,3516,12014,5852,6162,13730,6575,7155,12013,5746,6267,6864,3310,3554,1716,834,882,
60075,6866,3349,3517,12014,5852,6162,13730,6575,7155,12014,5746,6268,6864,3310,3554,1716,834,882,
60080,6867,3349,3518,12016,5853,6163,13733,6577,7156,12015,5747,6268,6865,3311,3554,1716,834,882,
60085,6867,3349,3518,12017,5854,6163,13733,6577,7156,12016,5748,6268,6865,3311,3554,1717,835,882,
60090,6868,3350,3518,12017,5854,6163,13734,6577,7157,12017,5749,6268,6867,3312,3555,1717,835,882,
60095,6868,3350,3518,12018,5855,6163,13735,6578,7157,12018,5750,6268,6868,3312,3556,1717,835,882,
60100,6868,3350,3518,12020,5856,6164,13736,6579,7157,12019,5751,6268,6868,3312,3556,1717,835,882,
60105,6869,3350,3519,12021,5857,6164,13738,6580,7158,12020,5751,6269,6868,3312,3556,1717,835,882,
60110,6870,3350,3520,12021,5857,6164,13738,6580,7158,12021,5752,6269,6868,3312,3556,1717,835,882,
60115,6871,3351,3520,12023,5858,6165,13741,6581,7160,12022,5752,6270,6869,3313,3556,1717,835,882,
60120,6871,3351,3520,12024,5858,6166,13741,6581,7160,12023,5752,6271,6869,3313,3556,1718,836,882,
60125,6872,3351,3521,12024,5858,6166,13742,6582,7160,12024,5753,6271,6871,3314,3557,1718,836,882,
60130,6872,3351,3521,12025,5859,6166,13743,6583,7160,12025,5753,6272,6872,3315,3557,1718,836,882,
60135,6872,3351,3521,12027,5859,6168,13744,6584,7160,12026,5753,6273,6872,3315,3557,1718,836,882,
60140,6873,3352,3521,12028,5859,6169,13746,6585,7161,12027,5753,6274,6872,3315,3557,1718,836,882,
60145,6874,3352,3522,12028,5859,6169,13746,6585,7161,12028,5754,6274,6872,3315,3557,1718,836,882,
60150,6875,3352,3523,12030,5861,6169,13749,6586,7163,12029,5755,6274,6873,3316,3557,1718,836,882,
60155,6875,3352,3523,12031,5861,6170,13749,6586,7163,12030,5755,6275,6873,3316,3557,1719,837,882,
60160,6876,3352,3524,12031,5861,6170,13750,6586,7164,12031,5755,6276,6875,3318,3557,1719,837,882,
60165,6876,3352,3524,12032,5862,6170,13751,6586,7165,12032,5755,6277,6876,3318,3558,1719,837,882,
60170,6876,3352,3524,12034,5863,6171,13752,6586,7166,12033,5756,6277,6876,3318,3558,1719,837,882,
60175,6877,3352,3525,12035,5863,6172,13754,6587,7167,12034,5756,6278,6876,3318,3558,1719,837,882,
60180,6878,3353,3525,12035,5863,6172,13754,6587,7167,12035,5756,6279,6876,3318,3558,1719,837,882,
60185,6879,3354,3525,12037,5863,6174,13757,6589,7168,12036,5756,6280,6877,3319,3558,1719,837,882,
60190,6879,3354,3525,12038,5864,6174,13757,6589,7168,12037,5757,6280,6877,3319,3558,1720,838,882,
60195,6880,3354,3526,12038,5864,6174,13758,6590,7168,12038,5758,6280,6879,3321,3558,1720,838,882,
60200,6880,3354,3526,12039,5864,6175,13759,6590,7169,12039,5758,6281,6880,3322,3558,1720,838,882,
60205,6880,3354,3526,12041,5865,6176,13760,6590,7170,12040,5759,6281,6880,3322,3558,1720,838,882,
60210,6881,3354,3527,12042,5866,6176,13762,6591,7171,12041,5760,6281,6880,3322,3558,1720,838,882,
60215,6882,3355,3527,12042,5866,6176,13762,6591,7171,12042,5760,6282,6880,3322,3558,1720,838,882,
60220,6883,3355,3528,12044,5868,6176,13765,6593,7172,12043,5761,6282,6881,3322,3559,1720,838,882,
60225,6883,3355,3528,12045,5869,6176,13765,6593,7172,12044,5761,6283,6881,3322,3559,1721,839,882,
60230,6884,3356,3528,12045,5869,6176,13766,6594,7172,12045,5761,6284,6883,3323,3560,1721,839,882,
60235,6884,3356,3528,12046,5870,6176,13767,6595,7172,12046,5762,6284,6884,3324,3560,1721,839,882,
60240,6884,3356,3528,12048,5871,6177,13768,6595,7173,12047,5762,6285,6884,3324,3560,1721,839,882,
60245,6885,3357,3528,12049,5871,6178,13770,6595,7175,12048,5762,6286,6884,3324,3560,1721,839,882,
60250,6886,3357,3529,12049,5871,6178,13770,6595,7175,12049,5763,6286,6884,3324,3560,1721,839,882,
60255,6887,3357,3530,12051,5873,6178,13773,6596,7177,12050,5764,6286,6885,3324,3561,1721,839,882,
60260,6887,3357,3530,12052,5873,6179,13773,6596,7177,12051,5765,6286,6885,3324,3561,1722,840,882,
60265,6888,3358,3530,12052,5873,6179,13774,6596,7178,12052,5766,6286,6887,3325,3562,1722,840,882,
60270,6888,3358,3530,12053,5873,6180,13775,6596,7179,12053,5766,6287,6888,3325,3563,1722,840,882,
60275,6888,3358,3530,12055,5873,6182,13776,6597,7179,12054,5767,6287,6888,3325,3563,1722,840,882,
60280,6889,3359,3530,12056,5873,6183,13778,6597,7181,12055,5767,6288,6888,3325,3563,1722,840,882,
60285,6890,3360,3530,12056,5873,6183,13778,6597,7181,12056,5767,6289,6888,3325,3563,1722,840,882,
60290,6891,3360,3531,12058,5874,6184,13781,6597,7184,12057,5767,6290,6889,3325,3564,1722,840,882,
60295,6891,3360,3531,12059,5875,6184,13781,6597,7184,12058,5767,6291,6889,3325,3564,1723,841,882,
60300,6892,3361,3531,12059,5875,6184,13782,6597,7185,12059,5767,6292,6891,3326,3565,1723,841,882,
60305,6892,3361,3531,12060,5876,6184,13783,6597,7186,12060,5767,6293,6892,3327,3565,1723,841,882,
60310,6892,3361,3531,12062,5877,6185,13784,6597,7187,12061,5768,6293,6892,3327,3565,1723,841,882,
60315,6893,3362,3531,12063,5877,6186,13786,6597,7189,12062,5768,6294,6892,3327,3565,1723,841,882,
60320,6894,3362,3532,12063,5877,6186,13786,6597,7189,12063,5768,6295,6892,3327,3565,1723,841,882,
60325,6895,3363,3532,12065,5877,6188,13789,6597,7192,12064,5768,6296,6893,3328,3565,1723,841,882,
60330,6895,3363,3532,12066,5877,6189,13789,6597,7192,12065,5768,6297,6893,3328,3565,1724,841,883,
60335,6896,3364,3532,12066,5877,6189,13790,6598,7192,12066,5769,6297,6895,3328,3567,1724,841,883,
60340,6896,3364,3532,12067,5878,6189,13791,6599,7192,12067,5769,6298,6896,3329,3567,1724,841,883,
60345,6896,3364,3532,12069,5879,6190,13792,6599,7193,12068,5770,6298,6896,3329,3567,1724,841,883,
60350,6897,3365,3532,12070,5879,6191,13794,6600,7194,12069,5771,6298,6896,3329,3567,1724,841,883,
60355,6898,3365,3533,12070,5879,6191,13794,6600,7194,12070,5771,6299,6896,3329,3567,1724,841,883,
60360,6899,3366,3533,12072,5880,6192,13797,6601,7196,12071,5772,6299,6897,3330,3567,1724,841,883,
60365,6899,3366,3533,12073,5880,6193,13797,6601,7196,12072,5773,6299,6897,3330,3567,1725,841,884,
60370,6900,3367,3533,12073,5880,6193,13798,6602,7196,12073,5774,6299,6899,3331,3568,1725,841,884,
60375,6900,3367,3533,12074,5880,6194,13799,6602,7197,12074,5774,6300,6900,3332,3568,1725,841,884,
60380,6900,3367,3533,12076,5880,6196,13800,6602,7198,12075,5775,6300,6900,3332,3568,1725,841,884,
60385,6901,3368,3533,12077,5880,6197,13802,6603,7199,12076,5776,6300,6900,3332,3568,1725,841,884,
60390,6902,3369,3533,12077,5880,6197,13802,6603,7199,12077,5776,6301,6900,3332,3568,1725,841,884,
60395,6903,3370,3533,12079,5881,6198,13805,6606,7199,12078,5777,6301,6901,3333,3568,1725,841,884,
60400,6903,3370,3533,12080,5882,6198,13805,6606,7199,12079,5778,6301,6901,3333,3568,1726,841,885,
60405,6904,3371,3533,12080,5882,6198,13806,6607,7199,12080,5779,6301,6903,3334,3569,1726,841,885,
60410,6904,3371,3533,12081,5882,6199,13807,6607,7200,12081,5780,6301,6904,3334,3570,1726,841,885,
60415,6904,3371,3533,12083,5884,6199,13808,6607,7201,12082,5780,6302,6904,3334,3570,1726,841,885,
60420,6905,3371,3534,12084,5885,6199,13810,6609,7201,12083,5781,6302,6904,3334,3570,1726,841,885,
60425,6906,3371,3535,12084,5885,6199,13810,6609,7201,12084,5781,6303,6904,3334,3570,1726,841,885,
60430,6907,3371,3536,12086,5886,6200,13813,6611,7202,12085,5781,6304,6905,3335,3570,1726,841,885,
60435,6907,3371,3536,12087,5887,6200,13813,6611,7202,12086,5782,6304,6905,3335,3570,1727,841,886,
60440,6908,3371,3537,12087,5887,6200,13814,6611,7203,12087,5782,6305,6907,3336,3571,1727,841,886,
60445,6908,3371,3537,12088,5887,6201,13815,6611,7204,12088,5782,6306,6908,3337,3571,1727,841,886,
60450,6908,3371,3537,12090,5888,6202,13816,6612,7204,12089,5783,6306,6908,3337,3571,1727,841,886,
60455,6909,3371,3538,12091,5889,6202,13818,6612,7206,12090,5784,6306,6908,3337,3571,1727,841,886,
60460,6910,3371,3539,12091,5889,6202,13818,6612,7206,12091,5785,6306,6908,3337,3571,1727,841,886,
60465,6911,3371,3540,12093,5891,6202,13821,6613,7208,12092,5786,6306,6909,3338,3571,1727,841,886,
60470,6911,3371,3540,12094,5891,6203,13821,6613,7208,12093,5786,6307,6909,3338,3571,1728,842,886,
60475,6912,3372,3540,12094,5891,6203,13822,6614,7208,12094,5787,6307,6911,3340,3571,1728,842,886,
60480,6912,3372,3540,12095,5892,6203,13823,6614,7209,12095,5787,6308,6912,3340,3572,1728,842,886,
60485,6912,3372,3540,12097,5894,6203,13824,6615,7209,12096,5787,6309,6912,3340,3572,1728,842,886,
60490,6913,3372,3541,12098,5894,6204,13826,6616,7210,12097,5788,6309,6912,3340,3572,1728,842,886,
60495,6914,3373,3541,12098,5894,6204,13826,6616,7210,12098,5788,6310,6912,3340,3572,1728,842,886,
60500,6915,3373,3542,12100,5896,6204,13829,6616,7213,12099,5789,6310,6913,3341,3572,1728,842,886,
60505,6915,3373,3542,12101,5896,6205,13829,6616,7213,12100,5790,6310,6913,3341,3572,1729,842,887,
60510,6916,3373,3543,12101,5896,6205,13830,6616,7214,12101,5791,6310,6915,3341,3574,1729,842,887,
60515,6916,3373,3543,12102,5897,6205,13831,6616,7215,12102,5791,6311,6916,3341,3575,1729,842,887,
60520,6916,3373,3543,12104,5897,6207,13832,6616,7216,12103,5792,6311,6916,3341,3575,1729,842,887,
60525,6917,3373,3544,12105,5898,6207,13834,6616,7218,12104,5792,6312,6916,3341,3575,1729,842,887,
60530,6918,3374,3544,12105,5898,6207,13834,6616,7218,12105,5792,6313,6916,3341,3575,1729,842,887,
60535,6919,3375,3544,12107,5900,6207,13837,6617,7220,12106,5793,6313,6917,3341,3576,1729,842,887,
60540,6919,3375,3544,12108,5901,6207,13837,6617,7220,12107,5793,6314,6917,3341,3576,1730,842,888,
60545,6920,3375,3545,12108,5901,6207,13838,6617,7221,12108,5793,6315,6919,3341,3578,1730,842,888,
60550,6920,3375,3545,12109,5901,6208,13839,6617,7222,12109,5793,6316,6920,3342,3578,1730,842,888,
60555,6920,3375,3545,12111,5902,6209,13840,6617,7223,12110,5793,6317,6920,3342,3578,1730,842,888,
60560,6921,3375,3546,12112,5903,6209,13842,6618,7224,12111,5793,6318,6920,3342,3578,1730,842,888,
60565,6922,3376,3546,12112,5903,6209,13842,6618,7224,12112,5794,6318,6920,3342,3578,1730,842,888,
60570,6923,3377,3546,12114,5905,6209,13845,6620,7225,12113,5795,6318,6921,3343,3578,1730,842,888,
60575,6923,3377,3546,12115,5906,6209,13845,6620,7225,12114,5796,6318,6921,3343,3578,1731,843,888,
60580,6924,3378,3546,12115,5906,6209,13846,6621,7225,12115,5797,6318,6923,3344,3579,1731,843,888,
60585,6924,3378,3546,12116,5906,6210,13847,6621,7226,12116,5798,6318,6924,3344,3580,1731,843,888,
60590,6924,3378,3546,12118,5906,6212,13848,6621,7227,12117,5798,6319,6924,3344,3580,1731,843,888,
60595,6925,3378,3547,12119,5906,6213,13850,6623,7227,12118,5799,6319,6924,3344,3580,1731,843,888,
60600,6926,3379,3547,12119,5906,6213,13850,6623,7227,12119,5799,6320,6924,3344,3580,1731,843,888,
60605,6927,3380,3547,12121,5908,6213,13853,6623,7230,12120,5800,6320,6925,3345,3580,1731,843,888,
60610,6927,3380,3547,12122,5909,6213,13853,6623,7230,12121,5800,6321,6925,3345,3580,1732,843,889,
60615,6928,3380,3548,12122,5909,6213,13854,6623,7231,12122,5801,6321,6927,3347,3580,1732,843,889,
60620,6928,3380,3548,12123,5910,6213,13855,6624,7231,12123,5801,6322,6928,3347,3581,1732,843,889,
60625,6928,3380,3548,12125,5912,6213,13856,6625,7231,12124,5802,6322,6928,3347,3581,1732,843,889,
60630,6929,3380,3549,12126,5912,6214,13858,6627,7231,12125,5803,6322,6928,3347,3581,1732,843,889,
60635,6930,3380,3550,12126,5912,6214,13858,6627,7231,12126,5804,6322,6928,3347,3581,1732,843,889,
60640,6931,3380,3551,12128,5912,6216,13861,6628,7233,12127,5805,6322,6929,3348,3581,1732,843,889,
60645,6931,3380,3551,12129,5913,6216,13861,6628,7233,12128,5805,6323,6929,3348,3581,1733,844,889,
60650,6932,3381,3551,12129,5913,6216,13862,6629,7233,12129,5806,6323,6931,3348,3583,1733,844,889,
60655,6932,3381,3551,12130,5913,6217,13863,6630,7233,12130,5807,6323,6932,3348,3584,1733,844,889,
60660,6932,3381,3551,12132,5914,6218,13864,6631,7233,12131,5808,6323,6932,3348,3584,1733,844,889,
60665,6933,3382,3551,12133,5914,6219,13866,6633,7233,12132,5808,6324,6932,3348,3584,1733,844,889,
60670,6934,3382,3552,12133,5914,6219,13866,6633,7233,12133,5809,6324,6932,3348,3584,1733,844,889,
60675,6935,3383,3552,12135,5916,6219,13869,6635,7234,12134,5809,6325,6933,3349,3584,1733,844,889,
60680,6935,3383,3552,12136,5916,6220,13869,6635,7234,12135,5810,6325,6933,3349,3584,1734,845,889,
60685,6936,3383,3553,12136,5916,6220,13870,6635,7235,12136,5811,6325,6935,3350,3585,1734,845,889,
60690,6936,3383,3553,12137,5917,6220,13871,6636,7235,12137,5812,6325,6936,3350,3586,1734,845,889,
60695,6936,3383,3553,12139,5918,6221,13872,6637,7235,12138,5813,6325,6936,3350,3586,1734,845,889,
60700,6937,3384,3553,12140,5919,6221,13874,6637,7237,12139,5814,6325,6936,3350,3586,1734,845,889,
60705,6938,3385,3553,12140,5919,6221,13874,6637,7237,12140,5814,6326,6936,3350,3586,1734,845,889,
60710,6939,3386,3553,12142,5921,6221,13877,6637,7240,12141,5814,6327,6937,3350,3587,1734,845,889,
60715,6939,3386,3553,12143,5922,6221,13877,6637,7240,12142,5814,6328,6937,3350,3587,1735,846,889,
60720,6940,3387,3553,12143,5922,6221,13878,6638,7240,12143,5814,6329,6939,3352,3587,1735,846,889,
60725,6940,3387,3553,12144,5923,6221,13879,6638,7241,12144,5815,6329,6940,3352,3588,1735,846,889,
60730,6940,3387,3553,12146,5924,6222,13880,6639,7241,12145,5816,6329,6940,3352,3588,1735,846,889,
60735,6941,3387,3554,12147,5924,6223,13882,6639,7243,12146,5816,6330,6940,3352,3588,1735,846,889,
60740,6942,3387,3555,12147,5924,6223,13882,6639,7243,12147,5817,6330,6940,3352,3588,1735,846,889,
60745,6943,3388,3555,12149,5925,6224,13885,6640,7245,12148,5817,6331,6941,3353,3588,1735,846,889,
60750,6943,3388,3555,12150,5926,6224,13885,6640,7245,12149,5818,6331,6941,3353,3588,1736,847,889,
60755,6944,3388,3556,12150,5926,6224,13886,6641,7245,12150,5819,6331,6943,3353,3590,1736,847,889,
60760,6944,3388,3556,12151,5926,6225,13887,6642,7245,12151,5820,6331,6944,3354,3590,1736,847,889,
60765,6944,3388,3556,12153,5926,6227,13888,6643,7245,12152,5820,6332,6944,3354,3590,1736,847,889,
60770,6945,3389,3556,12154,5926,6228,13890,6644,7246,12153,5820,6333,6944,3354,3590,1736,847,889,
60775,6946,3389,3557,12154,5926,6228,13890,6644,7246,12154,5821,6333,6944,3354,3590,1736,847,889,
60780,6947,3390,3557,12156,5927,6229,13893,6645,7248,12155,5821,6334,6945,3354,3591,1736,847,889,
60785,6947,3390,3557,12157,5927,6230,13893,6645,7248,12156,5821,6335,6945,3354,3591,1737,847,890,
60790,6948,3391,3557,12157,5927,6230,13894,6645,7249,12157,5821,6336,6947,3355,3592,1737,847,890,
60795,6948,3391,3557,12158,5927,6231,13895,6646,7249,12158,5821,6337,6948,3356,3592,1737,847,890,
60800,6948,3391,3557,12160,5928,6232,13896,6647,7249,12159,5821,6338,6948,3356,3592,1737,847,890,
60805,6949,3391,3558,12161,5928,6233,13898,6648,7250,12160,5821,6339,6948,3356,3592,1737,847,890,
60810,6950,3392,3558,12161,5928,6233,13898,6648,7250,12161,5822,6339,6948,3356,3592,1737,847,890,
60815,6951,3393,3558,12163,5928,6235,13901,6651,7250,12162,5823,6339,6949,3357,3592,1737,847,890,
60820,6951,3393,3558,12164,5928,6236,13901,6651,7250,12163,5823,6340,6949,3357,3592,1738,848,890,
60825,6952,3394,3558,12164,5928,6236,13902,6651,7251,12164,5824,6340,6951,3358,3593,1738,848,890,
60830,6952,3394,3558,12165,5929,6236,13903,6651,7252,12165,5824,6341,6952,3358,3594,1738,848,890,
60835,6952,3394,3558,12167,5929,6238,13904,6652,7252,12166,5825,6341,6952,3358,3594,1738,848,890,
60840,6953,3395,3558,12168,5930,6238,13906,6653,7253,12167,5825,6342,6952,3358,3594,1738,848,890,
60845,6954,3396,3558,12168,5930,6238,13906,6653,7253,12168,5826,6342,6952,3358,3594,1738,848,890,
60850,6955,3396,3559,12170,5931,6239,13909,6655,7254,12169,5826,6343,6953,3358,3595,1738,848,890,
60855,6955,3396,3559,12171,5931,6240,13909,6655,7254,12170,5827,6343,6953,3358,3595,1739,848,891,
60860,6956,3397,3559,12171,5931,6240,13910,6655,7255,12171,5827,6344,6955,3358,3597,1739,848,891,
60865,6956,3397,3559,12172,5931,6241,13911,6656,7255,12172,5828,6344,6956,3358,3598,1739,848,891,
60870,6956,3397,3559,12174,5932,6242,13912,6656,7256,12173,5828,6345,6956,3358,3598,1739,848,891,
60875,6957,3398,3559,12175,5932,6243,13914,6656,7258,12174,5828,6346,6956,3358,3598,1739,848,891,
60880,6958,3398,3560,12175,5932,6243,13914,6656,7258,12175,5829,6346,6956,3358,3598,1739,848,891,
60885,6959,3398,3561,12177,5933,6244,13917,6658,7259,12176,5830,6346,6957,3358,3599,1739,848,891,
60890,6959,3398,3561,12178,5933,6245,13917,6658,7259,12177,5830,6347,6957,3358,3599,1740,848,892,
60895,6960,3399,3561,12178,5933,6245,13918,6659,7259,12178,5830,6348,6959,3359,3600,1740,848,892,
60900,6960,3399,3561,12179,5933,6246,13919,6659,7260,12179,5830,6349,6960,3360,3600,1740,848,892,
60905,6960,3399,3561,12181,5934,6247,13920,6659,7261,12180,5830,6350,6960,3360,3600,1740,848,892,
60910,6961,3400,3561,12182,5934,6248,13922,6659,7263,12181,5831,6350,6960,3360,3600,1740,848,892,
60915,6962,3400,3562,12182,5934,6248,13922,6659,7263,12182,5832,6350,6960,3360,3600,1740,848,892,
60920,6963,3401,3562,12184,5934,6250,13925,6661,7264,12183,5833,6350,6961,3360,3601,1740,848,892,
60925,6963,3401,3562,12185,5935,6250,13925,6661,7264,12184,5833,6351,6961,3360,3601,1741,849,892,
60930,6964,3402,3562,12185,5935,6250,13926,6661,7265,12185,5833,6352,6963,3361,3602,1741,849,892,
60935,6964,3402,3562,12186,5935,6251,13927,6661,7266,12186,5833,6353,6964,3361,3603,1741,849,892,
60940,6964,3402,3562,12188,5936,6252,13928,6661,7267,12187,5833,6354,6964,3361,3603,1741,849,892,
60945,6965,3402,3563,12189,5937,6252,13930,6661,7269,12188,5833,6355,6964,3361,3603,1741,849,892,
60950,6966,3402,3564,12189,5937,6252,13930,6661,7269,12189,5834,6355,6964,3361,3603,1741,849,892,
60955,6967,3403,3564,12191,5938,6253,13933,6662,7271,12190,5834,6356,6965,3361,3604,1741,849,892,
60960,6967,3403,3564,12192,5938,6254,13933,6662,7271,12191,5835,6356,6965,3361,3604,1742,849,893,
60965,6968,3404,3564,12192,5938,6254,13934,6663,7271,12192,5835,6357,6967,3362,3605,1742,849,893,
60970,6968,3404,3564,12193,5939,6254,13935,6664,7271,12193,5836,6357,6968,3362,3606,1742,849,893,
60975,6968,3404,3564,12195,5940,6255,13936,6664,7272,12194,5837,6357,6968,3362,3606,1742,849,893,
60980,6969,3404,3565,12196,5940,6256,13938,6664,7274,12195,5837,6358,6968,3362,3606,1742,849,893,
60985,6970,3405,3565,12196,5940,6256,13938,6664,7274,12196,5837,6359,6968,3362,3606,1742,849,893,
60990,6971,3406,3565,12198,5941,6257,13941,6667,7274,12197,5837,6360,6969,3362,3607,1742,849,893,
60995,6971,3406,3565,12199,5941,6258,13941,6667,7274,12198,5838,6360,6969,3362,3607,1743,850,893,
61000,6972,3406,3566,12199,5941,6258,13942,6668,7274,12199,5838,6361,6971,3362,3609,1743,850,893,
61005,6972,3406,3566,12200,5941,6259,13943,6668,7275,12200,5839,6361,6972,3362,3610,1743,850,893,
61010,6972,3406,3566,12202,5942,6260,13944,6668,7276,12201,5839,6362,6972,3362,3610,1743,850,893,
61015,6973,3407,3566,12203,5942,6261,13946,6669,7277,12202,5839,6363,6972,3362,3610,1743,850,893,
61020,6974,3408,3566,12203,5942,6261,13946,6669,7277,12203,5840,6363,6972,3362,3610,1743,850,893,
61025,6975,3409,3566,12205,5942,6263,13949,6670,7279,12204,5841,6363,6973,3362,3611,1743,850,893,
61030,6975,3409,3566,12206,5943,6263,13949,6670,7279,12205,5842,6363,6973,3362,3611,1744,850,894,
61035,6976,3409,3567,12206,5943,6263,13950,6671,7279,12206,5842,6364,6975,3364,3611,1744,850,894,
61040,6976,3409,3567,12207,5943,6264,13951,6672,7279,12207,5842,6365,6976,3365,3611,1744,850,894,
61045,6976,3409,3567,12209,5944,6265,13952,6673,7279,12208,5842,6366,6976,3365,3611,1744,850,894,
61050,6977,3409,3568,12210,5945,6265,13954,6674,7280,12209,5843,6366,6976,3365,3611,1744,850,894,
61055,6978,3410,3568,12210,5945,6265,13954,6674,7280,12210,5843,6367,6976,3365,3611,1744,850,894,
61060,6979,3410,3569,12212,5946,6266,13957,6676,7281,12211,5844,6367,6977,3366,3611,1744,850,894,
61065,6979,3410,3569,12213,5946,6267,13957,6676,7281,12212,5845,6367,6977,3366,3611,1745,851,894,
61070,6980,3411,3569,12213,5946,6267,13958,6676,7282,12213,5846,6367,6979,3367,3612,1745,851,894,
61075,6980,3411,3569,12214,5946,6268,13959,6677,7282,12214,5847,6367,6980,3367,3613,1745,851,894,
61080,6980,3411,3569,12216,5948,6268,13960,6677,7283,12215,5847,6368,6980,3367,3613,1745,851,894,
61085,6981,3411,3570,12217,5948,6269,13962,6679,7283,12216,5847,6369,6980,3367,3613,1745,851,894,
61090,6982,3412,3570,12217,5948,6269,13962,6679,7283,12217,5847,6370,6980,3367,3613,1745,851,894,
61095,6983,3413,3570,12219,5948,6271,13965,6681,7284,12218,5847,6371,6981,3367,3614,1745,851,894,
61100,6983,3413,3570,12220,5948,6272,13965,6681,7284,12219,5848,6371,6981,3367,3614,1746,852,894,
61105,6984,3414,3570,12220,5948,6272,13966,6681,7285,12220,5848,6372,6983,3369,3614,1746,852,894,
61110,6984,3414,3570,12221,5949,6272,13967,6682,7285,12221,5849,6372,6984,3370,3614,1746,852,894,
61115,6984,3414,3570,12223,5950,6273,13968,6682,7286,12222,5849,6373,6984,3370,3614,1746,852,894,
61120,6985,3414,3571,12224,5951,6273,13970,6682,7288,12223,5849,6374,6984,3370,3614,1746,852,894,
61125,6986,3415,3571,12224,5951,6273,13970,6682,7288,12224,5849,6375,6984,3370,3614,1746,852,894,
61130,6987,3415,3572,12226,5951,6275,13973,6683,7290,12225,5850,6375,6985,3371,3614,1746,852,894,
61135,6987,3415,3572,12227,5951,6276,13973,6683,7290,12226,5850,6376,6985,3371,3614,1747,853,894,
61140,6988,3415,3573,12227,5951,6276,13974,6684,7290,12227,5850,6377,6987,3373,3614,1747,853,894,
61145,6988,3415,3573,12228,5952,6276,13975,6685,7290,12228,5850,6378,6988,3373,3615,1747,853,894,
61150,6988,3415,3573,12230,5953,6277,13976,6686,7290,12229,5850,6379,6988,3373,3615,1747,853,894,
61155,6989,3415,3574,12231,5954,6277,13978,6688,7290,12230,5851,6379,6988,3373,3615,1747,853,894,
61160,6990,3415,3575,12231,5954,6277,13978,6688,7290,12231,5851,6380,6988,3373,3615,1747,853,894,
61165,6991,3416,3575,12233,5955,6278,13981,6691,7290,12232,5851,6381,6989,3373,3616,1747,853,894,
61170,6991,3416,3575,12234,5955,6279,13981,6691,7290,12233,5852,6381,6989,3373,3616,1748,853,895,
61175,6992,3416,3576,12234,5955,6279,13982,6691,7291,12234,5852,6382,6991,3374,3617,1748,853,895,
61180,6992,3416,3576,12235,5955,6280,13983,6692,7291,12235,5852,6383,6992,3375,3617,1748,853,895,
61185,6992,3416,3576,12237,5955,6282,13984,6692,7292,12236,5852,6384,6992,3375,3617,1748,853,895,
61190,6993,3416,3577,12238,5956,6282,13986,6694,7292,12237,5853,6384,6992,3375,3617,1748,853,895,
61195,6994,3417,3577,12238,5956,6282,13986,6694,7292,12238,5853,6385,6992,3375,3617,1748,853,895,
61200,6995,3418,3577,12240,5958,6282,13989,6695,7294,12239,5853,6386,6993,3375,3618,1748,853,895,
61205,6995,3418,3577,12241,5959,6282,13989,6695,7294,12240,5854,6386,6993,3375,3618,1749,853,896,
61210,6996,3419,3577,12241,5959,6282,13990,6696,7294,12241,5855,6386,6995,3376,3619,1749,853,896,
61215,6996,3419,3577,12242,5959,6283,13991,6697,7294,12242,5855,6387,6996,3376,3620,1749,853,896,
61220,6996,3419,3577,12244,5960,6284,13992,6698,7294,12243,5856,6387,6996,3376,3620,1749,853,896,
61225,6997,3420,3577,12245,5960,6285,13994,6699,7295,12244,5856,6388,6996,3376,3620,1749,853,896,
61230,6998,3421,3577,12245,5960,6285,13994,6699,7295,12245,5856,6389,6996,3376,3620,1749,853,896,
61235,6999,3421,3578,12247,5961,6286,13997,6699,7298,12246,5857,6389,6997,3376,3621,1749,853,896,
61240,6999,3421,3578,12248,5961,6287,13997,6699,7298,12247,5857,6390,6997,3376,3621,1750,854,896,
61245,7000,3421,3579,12248,5961,6287,13998,6699,7299,12248,5858,6390,6999,3376,3623,1750,854,896,
61250,7000,3421,3579,12249,5962,6287,13999,6700,7299,12249,5858,6391,7000,3376,3624,1750,854,896,
61255,7000,3421,3579,12251,5963,6288,14000,6701,7299,12250,5859,6391,7000,3376,3624,1750,854,896,
61260,7001,3421,3580,12252,5964,6288,14002,6702,7300,12251,5859,6392,7000,3376,3624,1750,854,896,
61265,7002,3421,3581,12252,5964,6288,14002,6702,7300,12252,5859,6393,7000,3376,3624,1750,854,896,
61270,7003,3422,3581,12254,5965,6289,14005,6704,7301,12253,5859,6394,7001,3377,3624,1750,854,896,
61275,7003,3422,3581,12255,5965,6290,14005,6704,7301,12254,5859,6395,7001,3377,3624,1751,855,896,
61280,7004,3423,3581,12255,5965,6290,14006,6704,7302,12255,5859,6396,7003,3377,3626,1751,855,896,
61285,7004,3423,3581,12256,5966,6290,14007,6704,7303,12256,5860,6396,7004,3377,3627,1751,855,896,
61290,7004,3423,3581,12258,5968,6290,14008,6705,7303,12257,5861,6396,7004,3377,3627,1751,855,896,
61295,7005,3423,3582,12259,5968,6291,14010,6707,7303,12258,5861,6397,7004,3377,3627,1751,855,896,
61300,7006,3423,3583,12259,5968,6291,14010,6707,7303,12259,5861,6398,7004,3377,3627,1751,855,896,
61305,7007,3423,3584,12261,5968,6293,14013,6708,7305,12260,5862,6398,7005,3377,3628,1751,855,896,
61310,7007,3423,3584,12262,5969,6293,14013,6708,7305,12261,5863,6398,7005,3377,3628,1752,855,897,
61315,7008,3424,3584,12262,5969,6293,14014,6709,7305,12262,5863,6399,7007,3378,3629,1752,855,897,
61320,7008,3424,3584,12263,5969,6294,14015,6710,7305,12263,5863,6400,7008,3378,3630,1752,855,897,
61325,7008,3424,3584,12265,5970,6295,14016,6710,7306,12264,5864,6400,7008,3378,3630,1752,855,897,
61330,7009,3424,3585,12266,5970,6296,14018,6710,7308,12265,5865,6400,7008,3378,3630,1752,855,897,
61335,7010,3424,3586,12266,5970,6296,14018,6710,7308,12266,5866,6400,7008,3378,3630,1752,855,897,
61340,7011,3424,3587,12268,5971,6297,14021,6711,7310,12267,5867,6400,7009,3379,3630,1752,855,897,
61345,7011,3424,3587,12269,5971,6298,14021,6711,7310,12268,5867,6401,7009,3379,3630,1753,855,898,
61350,7012,3425,3587,12269,5971,6298,14022,6711,7311,12269,5867,6402,7011,3381,3630,1753,855,898,
61355,7012,3425,3587,12270,5972,6298,14023,6712,7311,12270,5867,6403,7012,3382,3630,1753,855,898,
61360,7012,3425,3587,12272,5972,6300,14024,6713,7311,12271,5867,6404,7012,3382,3630,1753,855,898,
61365,7013,3425,3588,12273,5973,6300,14026,6715,7311,12272,5868,6404,7012,3382,3630,1753,855,898,
61370,7014,3426,3588,12273,5973,6300,14026,6715,7311,12273,5869,6404,7012,3382,3630,1753,855,898,
61375,7015,3426,3589,12275,5974,6301,14029,6716,7313,12274,5870,6404,7013,3382,3631,1753,855,898,
61380,7015,3426,3589,12276,5974,6302,14029,6716,7313,12275,5870,6405,7013,3382,3631,1754,855,899,
61385,7016,3426,3590,12276,5974,6302,14030,6716,7314,12276,5870,6406,7015,3383,3632,1754,855,899,
61390,7016,3426,3590,12277,5974,6303,14031,6716,7315,12277,5870,6407,7016,3383,3633,1754,855,899,
61395,7016,3426,3590,12279,5976,6303,14032,6717,7315,12278,5871,6407,7016,3383,3633,1754,855,899,
61400,7017,3426,3591,12280,5976,6304,14034,6718,7316,12279,5872,6407,7016,3383,3633,1754,855,899,
61405,7018,3427,3591,12280,5976,6304,14034,6718,7316,12280,5872,6408,7016,3383,3633,1754,855,899,
61410,7019,3427,3592,12282,5977,6305,14037,6720,7317,12281,5872,6409,7017,3383,3634,1754,855,899,
61415,7019,3427,3592,12283,5977,6306,14037,6720,7317,12282,5872,6410,7017,3383,3634,1755,855,900,
61420,7020,3427,3593,12283,5977,6306,14038,6721,7317,12283,5873,6410,7019,3383,3636,1755,855,900,
61425,7020,3427,3593,12284,5978,6306,14039,6721,7318,12284,5874,6410,7020,3384,3636,1755,855,900,
61430,7020,3427,3593,12286,5980,6306,14040,6721,7319,12285,5875,6410,7020,3384,3636,1755,855,900,
61435,7021,3428,3593,12287,5980,6307,14042,6721,7321,12286,5875,6411,7020,3384,3636,1755,855,900,
61440,7022,3428,3594,12287,5980,6307,14042,6721,7321,12287,5875,6412,7020,3384,3636,1755,855,900,
61445,7023,3428,3595,12289,5980,6309,14045,6723,7322,12288,5876,6412,7021,3384,3637,1755,855,900,
61450,7023,3428,3595,12290,5981,6309,14045,6723,7322,12289,5876,6413,7021,3384,3637,1756,855,901,
61455,7024,3428,3596,12290,5981,6309,14046,6723,7323,12290,5876,6414,7023,3384,3639,1756,855,901,
61460,7024,3428,3596,12291,5981,6310,14047,6723,7324,12291,5876,6415,7024,3385,3639,1756,855,901,
61465,7024,3428,3596,12293,5982,6311,14048,6724,7324,12292,5876,6416,7024,3385,3639,1756,855,901,
61470,7025,3429,3596,12294,5983,6311,14050,6725,7325,12293,5877,6416,7024,3385,3639,1756,855,901,
61475,7026,3430,3596,12294,5983,6311,14050,6725,7325,12294,5878,6416,7024,3385,3639,1756,855,901,
61480,7027,3431,3596,12296,5984,6312,14053,6727,7326,12295,5878,6417,7025,3385,3640,1756,855,901,
61485,7027,3431,3596,12297,5985,6312,14053,6727,7326,12296,5879,6417,7025,3385,3640,1757,855,902,
61490,7028,3431,3597,12297,5985,6312,14054,6727,7327,12297,5879,6418,7027,3386,3641,1757,855,902,
61495,7028,3431,3597,12298,5986,6312,14055,6728,7327,12298,5880,6418,7028,3387,3641,1757,855,902,
61500,7028,3431,3597,12300,5987,6313,14056,6729,7327,12299,5881,6418,7028,3387,3641,1757,855,902,
61505,7029,3431,3598,12301,5988,6313,14058,6730,7328,12300,5881,6419,7028,3387,3641,1757,855,902,
61510,7030,3431,3599,12301,5988,6313,14058,6730,7328,12301,5881,6420,7028,3387,3641,1757,855,902,
61515,7031,3432,3599,12303,5990,6313,14061,6733,7328,12302,5882,6420,7029,3388,3641,1757,855,902,
61520,7031,3432,3599,12304,5990,6314,14061,6733,7328,12303,5883,6420,7029,3388,3641,1758,855,903,
61525,7032,3432,3600,12304,5990,6314,14062,6733,7329,12304,5883,6421,7031,3388,3643,1758,855,903,
61530,7032,3432,3600,12305,5990,6315,14063,6733,7330,12305,5883,6422,7032,3389,3643,1758,855,903,
61535,7032,3432,3600,12307,5991,6316,14064,6734,7330,12306,5883,6423,7032,3389,3643,1758,855,903,
61540,7033,3432,3601,12308,5991,6317,14066,6735,7331,12307,5884,6423,7032,3389,3643,1758,855,903,
61545,7034,3433,3601,12308,5991,6317,14066,6735,7331,12308,5884,6424,7032,3389,3643,1758,855,903,
61550,7035,3433,3602,12310,5992,6318,14069,6736,7333,12309,5885,6424,7033,3390,3643,1758,855,903,
61555,7035,3433,3602,12311,5992,6319,14069,6736,7333,12310,5886,6424,7033,3390,3643,1759,856,903,
61560,7036,3434,3602,12311,5992,6319,14070,6737,7333,12311,5887,6424,7035,3391,3644,1759,856,903,
61565,7036,3434,3602,12312,5993,6319,14071,6737,7334,12312,5887,6425,7036,3391,3645,1759,856,903,
61570,7036,3434,3602,12314,5995,6319,14072,6738,7334,12313,5887,6426,7036,3391,3645,1759,856,903,
61575,7037,3435,3602,12315,5995,6320,14074,6739,7335,12314,5887,6427,7036,3391,3645,1759,856,903,
61580,7038,3435,3603,12315,5995,6320,14074,6739,7335,12315,5887,6428,7036,3391,3645,1759,856,903,
61585,7039,3435,3604,12317,5995,6322,14077,6740,7337,12316,5887,6429,7037,3392,3645,1759,856,903,
61590,7039,3435,3604,12318,5995,6323,14077,6740,7337,12317,5888,6429,7037,3392,3645,1760,856,904,
61595,7040,3435,3605,12318,5995,6323,14078,6740,7338,12318,5889,6429,7039,3392,3647,1760,856,904,
61600,7040,3435,3605,12319,5996,6323,14079,6740,7339,12319,5889,6430,7040,3393,3647,1760,856,904,
61605,7040,3435,3605,12321,5996,6325,14080,6740,7340,12320,5890,6430,7040,3393,3647,1760,856,904,
61610,7041,3436,3605,12322,5997,6325,14082,6741,7341,12321,5891,6430,7040,3393,3647,1760,856,904,
61615,7042,3436,3606,12322,5997,6325,14082,6741,7341,12322,5891,6431,7040,3393,3647,1760,856,904,
61620,7043,3436,3607,12324,5997,6327,14085,6743,7342,12323,5891,6432,7041,3393,3648,1760,856,904,
61625,7043,3436,3607,12325,5998,6327,14085,6743,7342,12324,5891,6433,7041,3393,3648,1761,856,905,
61630,7044,3437,3607,12325,5998,6327,14086,6743,7343,12325,5892,6433,7043,3393,3650,1761,856,905,
61635,7044,3437,3607,12326,5999,6327,14087,6744,7343,12326,5893,6433,7044,3394,3650,1761,856,905,
61640,7044,3437,3607,12328,6001,6327,14088,6744,7344,12327,5894,6433,7044,3394,3650,1761,856,905,
61645,7045,3437,3608,12329,6001,6328,14090,6745,7345,12328,5894,6434,7044,3394,3650,1761,856,905,
61650,7046,3438,3608,12329,6001,6328,14090,6745,7345,12329,5894,6435,7044,3394,3650,1761,856,905,
61655,7047,3438,3609,12331,6002,6329,14093,6746,7347,12330,5895,6435,7045,3395,3650,1761,856,905,
61660,7047,3438,3609,12332,6002,6330,14093,6746,7347,12331,5895,6436,7045,3395,3650,1762,857,905,
61665,7048,3438,3610,12332,6002,6330,14094,6746,7348,12332,5896,6436,7047,3395,3652,1762,857,905,
61670,7048,3438,3610,12333,6002,6331,14095,6747,7348,12333,5896,6437,7048,3395,3653,1762,857,905,
61675,7048,3438,3610,12335,6003,6332,14096,6747,7349,12334,5897,6437,7048,3395,3653,1762,857,905,
61680,7049,3439,3610,12336,6004,6332,14098,6747,7351,12335,5898,6437,7048,3395,3653,1762,857,905,
61685,7050,3440,3610,12336,6004,6332,14098,6747,7351,12336,5898,6438,7048,3395,3653,1762,857,905,
61690,7051,3440,3611,12338,6004,6334,14101,6747,7354,12337,5899,6438,7049,3396,3653,1762,857,905,
61695,7051,3440,3611,12339,6005,6334,14101,6747,7354,12338,5900,6438,7049,3396,3653,1763,858,905,
61700,7052,3440,3612,12339,6005,6334,14102,6747,7355,12339,5901,6438,7051,3396,3655,1763,858,905,
61705,7052,3440,3612,12340,6005,6335,14103,6748,7355,12340,5901,6439,7052,3397,3655,1763,858,905,
61710,7052,3440,3612,12342,6006,6336,14104,6748,7356,12341,5901,6440,7052,3397,3655,1763,858,905,
61715,7053,3441,3612,12343,6007,6336,14106,6749,7357,12342,5902,6440,7052,3397,3655,1763,858,905,
61720,7054,3442,3612,12343,6007,6336,14106,6749,7357,12343,5902,6441,7052,3397,3655,1763,858,905,
61725,7055,3442,3613,12345,6007,6338,14109,6751,7358,12344,5903,6441,7053,3398,3655,1763,858,905,
61730,7055,3442,3613,12346,6007,6339,14109,6751,7358,12345,5904,6441,7053,3398,3655,1764,858,906,
61735,7056,3443,3613,12346,6007,6339,14110,6752,7358,12346,5904,6442,7055,3400,3655,1764,858,906,
61740,7056,3443,3613,12347,6007,6340,14111,6753,7358,12347,5904,6443,7056,3401,3655,1764,858,906,
61745,7056,3443,3613,12349,6008,6341,14112,6753,7359,12348,5905,6443,7056,3401,3655,1764,858,906,
61750,7057,3444,3613,12350,6008,6342,14114,6755,7359,12349,5906,6443,7056,3401,3655,1764,858,906,
61755,7058,3444,3614,12350,6008,6342,14114,6755,7359,12350,5907,6443,7056,3401,3655,1764,858,906,
61760,7059,3444,3615,12352,6009,6343,14117,6756,7361,12351,5907,6444,7057,3401,3656,1764,858,906,
61765,7059,3444,3615,12353,6010,6343,14117,6756,7361,12352,5908,6444,7057,3401,3656,1765,858,907,
61770,7060,3445,3615,12353,6010,6343,14118,6756,7362,12353,5909,6444,7059,3401,3658,1765,858,907,
61775,7060,3445,3615,12354,6011,6343,14119,6757,7362,12354,5910,6444,7060,3401,3659,1765,858,907,
61780,7060,3445,3615,12356,6011,6345,14120,6757,7363,12355,5910,6445,7060,3401,3659,1765,858,907,
61785,7061,3445,3616,12357,6012,6345,14122,6758,7364,12356,5910,6446,7060,3401,3659,1765,858,907,
61790,7062,3446,3616,12357,6012,6345,14122,6758,7364,12357,5910,6447,7060,3401,3659,1765,858,907,
61795,7063,3446,3617,12359,6014,6345,14125,6759,7366,12358,5910,6448,7061,3401,3660,1765,858,907,
61800,7063,3446,3617,12360,6015,6345,14125,6759,7366,12359,5910,6449,7061,3401,3660,1766,859,907,
61805,7064,3446,3618,12360,6015,6345,14126,6759,7367,12360,5910,6450,7063,3402,3661,1766,859,907,
61810,7064,3446,3618,12361,6015,6346,14127,6759,7368,12361,5911,6450,7064,3403,3661,1766,859,907,
61815,7064,3446,3618,12363,6016,6347,14128,6760,7368,12362,5911,6451,7064,3403,3661,1766,859,907,
61820,7065,3446,3619,12364,6016,6348,14130,6761,7369,12363,5912,6451,7064,3403,3661,1766,859,907,
61825,7066,3447,3619,12364,6016,6348,14130,6761,7369,12364,5913,6451,7064,3403,3661,1766,859,907,
61830,7067,3447,3620,12366,6018,6348,14133,6763,7370,12365,5913,6452,7065,3403,3662,1766,859,907,
61835,7067,3447,3620,12367,6018,6349,14133,6763,7370,12366,5913,6453,7065,3403,3662,1767,860,907,
61840,7068,3448,3620,12367,6018,6349,14134,6763,7371,12367,5913,6454,7067,3404,3663,1767,860,907,
61845,7068,3448,3620,12368,6018,6350,14135,6763,7372,12368,5913,6455,7068,3405,3663,1767,860,907,
61850,7068,3448,3620,12370,6019,6351,14136,6763,7373,12369,5914,6455,7068,3405,3663,1767,860,907,
61855,7069,3448,3621,12371,6019,6352,14138,6764,7374,12370,5914,6456,7068,3405,3663,1767,860,907,
61860,7070,3449,3621,12371,6019,6352,14138,6764,7374,12371,5915,6456,7068,3405,3663,1767,860,907,
61865,7071,3449,3622,12373,6020,6353,14141,6766,7375,12372,5915,6457,7069,3405,3664,1767,860,907,
61870,7071,3449,3622,12374,6020,6354,14141,6766,7375,12373,5915,6458,7069,3405,3664,1768,860,908,
61875,7072,3450,3622,12374,6020,6354,14142,6766,7376,12374,5915,6459,7071,3405,3666,1768,860,908,
61880,7072,3450,3622,12375,6020,6355,14143,6766,7377,12375,5915,6460,7072,3406,3666,1768,860,908,
61885,7072,3450,3622,12377,6020,6357,14144,6767,7377,12376,5916,6460,7072,3406,3666,1768,860,908,
61890,7073,3450,3623,12378,6021,6357,14146,6768,7378,12377,5916,6461,7072,3406,3666,1768,860,908,
61895,7074,3450,3624,12378,6021,6357,14146,6768,7378,12378,5916,6462,7072,3406,3666,1768,860,908,
61900,7075,3451,3624,12380,6022,6358,14149,6771,7378,12379,5917,6462,7073,3406,3667,1768,860,908,
61905,7075,3451,3624,12381,6022,6359,14149,6771,7378,12380,5918,6462,7073,3406,3667,1769,860,909,
61910,7076,3451,3625,12381,6022,6359,14150,6772,7378,12381,5918,6463,7075,3407,3668,1769,860,909,
61915,7076,3451,3625,12382,6022,6360,14151,6773,7378,12382,5919,6463,7076,3407,3669,1769,860,909,
61920,7076,3451,3625,12384,6023,6361,14152,6774,7378,12383,5919,6464,7076,3407,3669,1769,860,909,
61925,7077,3452,3625,12385,6023,6362,14154,6775,7379,12384,5919,6465,7076,3407,3669,1769,860,909,
61930,7078,3453,3625,12385,6023,6362,14154,6775,7379,12385,5919,6466,7076,3407,3669,1769,860,909,
61935,7079,3454,3625,12387,6023,6364,14157,6778,7379,12386,5920,6466,7077,3407,3670,1769,860,909,
61940,7079,3454,3625,12388,6023,6365,14157,6778,7379,12387,5921,6466,7077,3407,3670,1770,861,909,
61945,7080,3454,3626,12388,6023,6365,14158,6778,7380,12388,5922,6466,7079,3409,3670,1770,861,909,
61950,7080,3454,3626,12389,6023,6366,14159,6779,7380,12389,5922,6467,7080,3410,3670,1770,861,909,
61955,7080,3454,3626,12391,6025,6366,14160,6779,7381,12390,5922,6468,7080,3410,3670,1770,861,909,
61960,7081,3455,3626,12392,6026,6366,14162,6781,7381,12391,5922,6469,7080,3410,3670,1770,861,909,
61965,7082,3456,3626,12392,6026,6366,14162,6781,7381,12392,5923,6469,7080,3410,3670,1770,861,909,
61970,7083,3456,3627,12394,6027,6367,14165,6783,7382,12393,5923,6470,7081,3410,3671,1770,861,909,
61975,7083,3456,3627,12395,6028,6367,14165,6783,7382,12394,5924,6470,7081,3410,3671,1771,862,909,
61980,7084,3457,3627,12395,6028,6367,14166,6783,7383,12395,5925,6470,7083,3411,3672,1771,862,909,
61985,7084,3457,3627,12396,6028,6368,14167,6783,7384,12396,5925,6471,7084,3411,3673,1771,862,909,
61990,7084,3457,3627,12398,6030,6368,14168,6784,7384,12397,5925,6472,7084,3411,3673,1771,862,909,
61995,7085,3458,3627,12399,6030,6369,14170,6785,7385,12398,5926,6472,7084,3411,3673,1771,862,909,
62000,7086,3459,3627,12399,6030,6369,14170,6785,7385,12399,5927,6472,7084,3411,3673,1771,862,909,
62005,7087,3459,3628,12401,6031,6370,14173,6788,7385,12400,5927,6473,7085,3411,3674,1771,862,909,
62010,7087,3459,3628,12402,6031,6371,14173,6788,7385,12401,5928,6473,7085,3411,3674,1772,862,910,
62015,7088,3459,3629,12402,6031,6371,14174,6788,7386,12402,5928,6474,7087,3411,3676,1772,862,910,
62020,7088,3459,3629,12403,6032,6371,14175,6788,7387,12403,5928,6475,7088,3412,3676,1772,862,910,
62025,7088,3459,3629,12405,6033,6372,14176,6788,7388,12404,5928,6476,7088,3412,3676,1772,862,910,
62030,7089,3459,3630,12406,6033,6373,14178,6789,7389,12405,5928,6477,7088,3412,3676,1772,862,910,
62035,7090,3459,3631,12406,6033,6373,14178,6789,7389,12406,5928,6478,7088,3412,3676,1772,862,910,
62040,7091,3459,3632,12408,6033,6375,14181,6792,7389,12407,5928,6479,7089,3412,3677,1772,862,910,
62045,7091,3459,3632,12409,6034,6375,14181,6792,7389,12408,5929,6479,7089,3412,3677,1773,863,910,
62050,7092,3460,3632,12409,6034,6375,14182,6792,7390,12409,5930,6479,7091,3414,3677,1773,863,910,
62055,7092,3460,3632,12410,6035,6375,14183,6793,7390,12410,5930,6480,7092,3415,3677,1773,863,910,
62060,7092,3460,3632,12412,6037,6375,14184,6793,7391,12411,5931,6480,7092,3415,3677,1773,863,910,
62065,7093,3461,3632,12413,6037,6376,14186,6795,7391,12412,5932,6480,7092,3415,3677,1773,863,910,
62070,7094,3462,3632,12413,6037,6376,14186,6795,7391,12413,5933,6480,7092,3415,3677,1773,863,910,
62075,7095,3463,3632,12415,6039,6376,14189,6796,7393,12414,5933,6481,7093,3416,3677,1773,863,910,
62080,7095,3463,3632,12416,6039,6377,14189,6796,7393,12415,5933,6482,7093,3416,3677,1774,863,911,
62085,7096,3464,3632,12416,6039,6377,14190,6796,7394,12416,5934,6482,7095,3416,3679,1774,863,911,
62090,7096,3464,3632,12417,6039,6378,14191,6796,7395,12417,5934,6483,7096,3417,3679,1774,863,911,
62095,7096,3464,3632,12419,6041,6378,14192,6797,7395,12418,5935,6483,7096,3417,3679,1774,863,911,
62100,7097,3465,3632,12420,6041,6379,14194,6798,7396,12419,5936,6483,7096,3417,3679,1774,863,911,
62105,7098,3466,3632,12420,6041,6379,14194,6798,7396,12420,5937,6483,7096,3417,3679,1774,863,911,
62110,7099,3467,3632,12422,6041,6381,14197,6800,7397,12421,5937,6484,7097,3417,3680,1774,863,911,
62115,7099,3467,3632,12423,6041,6382,14197,6800,7397,12422,5938,6484,7097,3417,3680,1775,864,911,
62120,7100,3468,3632,12423,6041,6382,14198,6800,7398,12423,5939,6484,7099,3419,3680,1775,864,911,
62125,7100,3468,3632,12424,6041,6383,14199,6800,7399,12424,5939,6485,7100,3419,3681,1775,864,911,
62130,7100,3468,3632,12426,6042,6384,14200,6801,7399,12425,5939,6486,7100,3419,3681,1775,864,911,
62135,7101,3468,3633,12427,6043,6384,14202,6802,7400,12426,5940,6486,7100,3419,3681,1775,864,911,
62140,7102,3469,3633,12427,6043,6384,14202,6802,7400,12427,5941,6486,7100,3419,3681,1775,864,911,
62145,7103,3470,3633,12429,6045,6384,14205,6803,7402,12428,5941,6487,7101,3419,3682,1775,864,911,
62150,7103,3470,3633,12430,6046,6384,14205,6803,7402,12429,5942,6487,7101,3419,3682,1776,864,912,
62155,7104,3470,3634,12430,6046,6384,14206,6803,7403,12430,5942,6488,7103,3421,3682,1776,864,912,
62160,7104,3470,3634,12431,6046,6385,14207,6803,7404,12431,5943,6488,7104,3421,3683,1776,864,912,
62165,7104,3470,3634,12433,6047,6386,14208,6804,7404,12432,5944,6488,7104,3421,3683,1776,864,912,
62170,7105,3471,3634,12434,6048,6386,14210,6806,7404,12433,5944,6489,7104,3421,3683,1776,864,912,
62175,7106,3471,3635,12434,6048,6386,14210,6806,7404,12434,5944,6490,7104,3421,3683,1776,864,912,
62180,7107,3471,3636,12436,6049,6387,14213,6809,7404,12435,5945,6490,7105,3422,3683,1776,864,912,
62185,7107,3471,3636,12437,6049,6388,14213,6809,7404,12436,5945,6491,7105,3422,3683,1777,864,913,
62190,7108,3472,3636,12437,6049,6388,14214,6809,7405,12437,5945,6492,7107,3424,3683,1777,864,913,
62195,7108,3472,3636,12438,6050,6388,14215,6810,7405,12438,5946,6492,7108,3424,3684,1777,864,913,
62200,7108,3472,3636,12440,6050,6390,14216,6811,7405,12439,5947,6492,7108,3424,3684,1777,864,913,
62205,7109,3473,3636,12441,6050,6391,14218,6811,7407,12440,5948,6492,7108,3424,3684,1777,864,913,
62210,7110,3473,3637,12441,6050,6391,14218,6811,7407,12441,5948,6493,7108,3424,3684,1777,864,913,
62215,7111,3474,3637,12443,6052,6391,14221,6813,7408,12442,5948,6494,7109,3425,3684,1777,864,913,
62220,7111,3474,3637,12444,6052,6392,14221,6813,7408,12443,5949,6494,7109,3425,3684,1778,865,913,
62225,7112,3474,3638,12444,6052,6392,14222,6813,7409,12444,5949,6495,7111,3426,3685,1778,865,913,
62230,7112,3474,3638,12445,6053,6392,14223,6814,7409,12445,5950,6495,7112,3427,3685,1778,865,913,
62235,7112,3474,3638,12447,6053,6394,14224,6814,7410,12446,5951,6495,7112,3427,3685,1778,865,913,
62240,7113,3474,3639,12448,6053,6395,14226,6814,7412,12447,5951,6496,7112,3427,3685,1778,865,913,
62245,7114,3475,3639,12448,6053,6395,14226,6814,7412,12448,5951,6497,7112,3427,3685,1778,865,913,
62250,7115,3476,3639,12450,6054,6396,14229,6815,7414,12449,5951,6498,7113,3427,3686,1778,865,913,
62255,7115,3476,3639,12451,6054,6397,14229,6815,7414,12450,5951,6499,7113,3427,3686,1779,865,914,
62260,7116,3477,3639,12451,6054,6397,14230,6816,7414,12451,5952,6499,7115,3428,3687,1779,865,914,
62265,7116,3477,3639,12452,6054,6398,14231,6817,7414,12452,5953,6499,7116,3428,3688,1779,865,914,
62270,7116,3477,3639,12454,6055,6399,14232,6818,7414,12453,5953,6500,7116,3428,3688,1779,865,914,
62275,7117,3478,3639,12455,6056,6399,14234,6819,7415,12454,5954,6500,7116,3428,3688,1779,865,914,
62280,7118,3478,3640,12455,6056,6399,14234,6819,7415,12455,5955,6500,7116,3428,3688,1779,865,914,
62285,7119,3478,3641,12457,6057,6400,14237,6819,7418,12456,5955,6501,7117,3428,3689,1779,865,914,
62290,7119,3478,3641,12458,6058,6400,14237,6819,7418,12457,5955,6502,7117,3428,3689,1780,865,915,
62295,7120,3478,3642,12458,6058,6400,14238,6819,7419,12458,5956,6502,7119,3428,3691,1780,865,915,
62300,7120,3478,3642,12459,6059,6400,14239,6819,7420,12459,5957,6502,7120,3428,3692,1780,865,915,
62305,7120,3478,3642,12461,6059,6402,14240,6820,7420,12460,5957,6503,7120,3428,3692,1780,865,915,
62310,7121,3478,3643,12462,6059,6403,14242,6821,7421,12461,5957,6504,7120,3428,3692,1780,865,915,
62315,7122,3478,3644,12462,6059,6403,14242,6821,7421,12462,5958,6504,7120,3428,3692,1780,865,915,
62320,7123,3479,3644,12464,6061,6403,14245,6823,7422,12463,5959,6504,7121,3429,3692,1780,865,915,
62325,7123,3479,3644,12465,6061,6404,14245,6823,7422,12464,5960,6504,7121,3429,3692,1781,866,915,
62330,7124,3479,3645,12465,6061,6404,14246,6823,7423,12465,5960,6505,7123,3429,3694,1781,866,915,
62335,7124,3479,3645,12466,6061,6405,14247,6823,7424,12466,5961,6505,7124,3429,3695,1781,866,915,
62340,7124,3479,3645,12468,6062,6406,14248,6823,7425,12467,5962,6505,7124,3429,3695,1781,866,915,
62345,7125,3479,3646,12469,6062,6407,14250,6824,7426,12468,5963,6505,7124,3429,3695,1781,866,915,
62350,7126,3480,3646,12469,6062,6407,14250,6824,7426,12469,5964,6505,7124,3429,3695,1781,866,915,
62355,7127,3481,3646,12471,6063,6408,14253,6825,7428,12470,5964,6506,7125,3429,3696,1781,866,915,
62360,7127,3481,3646,12472,6063,6409,14253,6825,7428,12471,5965,6506,7125,3429,3696,1782,866,916,
62365,7128,3482,3646,12472,6063,6409,14254,6825,7429,12472,5965,6507,7127,3430,3697,1782,866,916,
62370,7128,3482,3646,12473,6063,6410,14255,6825,7430,12473,5965,6508,7128,3430,3698,1782,866,916,
62375,7128,3482,3646,12475,6064,6411,14256,6825,7431,12474,5965,6509,7128,3430,3698,1782,866,916,
62380,7129,3483,3646,12476,6064,6412,14258,6825,7433,12475,5966,6509,7128,3430,3698,1782,866,916,
62385,7130,3484,3646,12476,6064,6412,14258,6825,7433,12476,5967,6509,7128,3430,3698,1782,866,916,
62390,7131,3484,3647,12478,6064,6414,14261,6827,7434,12477,5967,6510,7129,3430,3699,1782,866,916,
62395,7131,3484,3647,12479,6064,6415,14261,6827,7434,12478,5967,6511,7129,3430,3699,1783,866,917,
62400,7132,3484,3648,12479,6064,6415,14262,6827,7435,12479,5968,6511,7131,3430,3701,1783,866,917,
62405,7132,3484,3648,12480,6065,6415,14263,6828,7435,12480,5969,6511,7132,3431,3701,1783,866,917,
62410,7132,3484,3648,12482,6066,6416,14264,6829,7435,12481,5969,6512,7132,3431,3701,1783,866,917,
62415,7133,3485,3648,12483,6067,6416,14266,6830,7436,12482,5969,6513,7132,3431,3701,1783,866,917,
62420,7134,3486,3648,12483,6067,6416,14266,6830,7436,12483,5970,6513,7132,3431,3701,1783,866,917,
62425,7135,3487,3648,12485,6068,6417,14269,6833,7436,12484,5971,6513,7133,3432,3701,1783,866,917,
62430,7135,3487,3648,12486,6069,6417,14269,6833,7436,12485,5971,6514,7133,3432,3701,1784,867,917,
62435,7136,3488,3648,12486,6069,6417,14270,6834,7436,12486,5972,6514,7135,3433,3702,1784,867,917,
62440,7136,3488,3648,12487,6069,6418,14271,6834,7437,12487,5973,6514,7136,3433,3703,1784,867,917,
62445,7136,3488,3648,12489,6070,6419,14272,6834,7438,12488,5973,6515,7136,3433,3703,1784,867,917,
62450,7137,3488,3649,12490,6071,6419,14274,6836,7438,12489,5974,6515,7136,3433,3703,1784,867,917,
62455,7138,3488,3650,12490,6071,6419,14274,6836,7438,12490,5975,6515,7136,3433,3703,1784,867,917,
62460,7139,3488,3651,12492,6072,6420,14277,6837,7440,12491,5975,6516,7137,3433,3704,1784,867,917,
62465,7139,3488,3651,12493,6073,6420,14277,6837,7440,12492,5976,6516,7137,3433,3704,1785,867,918,
62470,7140,3488,3652,12493,6073,6420,14278,6837,7441,12493,5976,6517,7139,3434,3705,1785,867,918,
62475,7140,3488,3652,12494,6074,6420,14279,6837,7442,12494,5977,6517,7140,3435,3705,1785,867,918,
62480,7140,3488,3652,12496,6074,6422,14280,6837,7443,12495,5977,6518,7140,3435,3705,1785,867,918,
62485,7141,3489,3652,12497,6074,6423,14282,6839,7443,12496,5978,6518,7140,3435,3705,1785,867,918,
62490,7142,3490,3652,12497,6074,6423,14282,6839,7443,12497,5979,6518,7140,3435,3705,1785,867,918,
62495,7143,3490,3653,12499,6074,6425,14285,6841,7444,12498,5979,6519,7141,3436,3705,1785,867,918,
62500,7143,3490,3653,12500,6075,6425,14285,6841,7444,12499,5979,6520,7141,3436,3705,1786,867,919,
62505,7144,3490,3654,12500,6075,6425,14286,6841,7445,12500,5979,6521,7143,3436,3707,1786,867,919,
62510,7144,3490,3654,12501,6076,6425,14287,6841,7446,12501,5980,6521,7144,3436,3708,1786,867,919,
62515,7144,3490,3654,12503,6077,6426,14288,6841,7447,12502,5980,6522,7144,3436,3708,1786,867,919,
62520,7145,3490,3655,12504,6077,6427,14290,6842,7448,12503,5980,6523,7144,3436,3708,1786,867,919,
62525,7146,3491,3655,12504,6077,6427,14290,6842,7448,12504,5981,6523,7144,3436,3708,1786,867,919,
62530,7147,3492,3655,12506,6078,6428,14293,6844,7449,12505,5981,6524,7145,3436,3709,1786,867,919,
62535,7147,3492,3655,12507,6078,6429,14293,6844,7449,12506,5982,6524,7145,3436,3709,1787,867,920,
62540,7148,3493,3655,12507,6078,6429,14294,6845,7449,12507,5982,6525,7147,3436,3711,1787,867,920,
62545,7148,3493,3655,12508,6078,6430,14295,6846,7449,12508,5982,6526,7148,3436,3712,1787,867,920,
62550,7148,3493,3655,12510,6078,6432,14296,6847,7449,12509,5983,6526,7148,3436,3712,1787,867,920,
62555,7149,3494,3655,12511,6078,6433,14298,6848,7450,12510,5984,6526,7148,3436,3712,1787,867,920,
62560,7150,3495,3655,12511,6078,6433,14298,6848,7450,12511,5985,6526,7148,3436,3712,1787,867,920,
62565,7151,3495,3656,12513,6079,6434,14301,6848,7453,12512,5985,6527,7149,3436,3713,1787,867,920,
62570,7151,3495,3656,12514,6080,6434,14301,6848,7453,12513,5985,6528,7149,3436,3713,1788,868,920,
62575,7152,3496,3656,12514,6080,6434,14302,6848,7454,12514,5986,6528,7151,3437,3714,1788,868,920,
62580,7152,3496,3656,12515,6081,6434,14303,6849,7454,12515,5987,6528,7152,3438,3714,1788,868,920,
62585,7152,3496,3656,12517,6082,6435,14304,6849,7455,12516,5988,6528,7152,3438,3714,1788,868,920,
62590,7153,3497,3656,12518,6082,6436,14306,6851,7455,12517,5988,6529,7152,3438,3714,1788,868,920,
62595,7154,3497,3657,12518,6082,6436,14306,6851,7455,12518,5989,6529,7152,3438,3714,1788,868,920,
62600,7155,3497,3658,12520,6084,6436,14309,6853,7456,12519,5990,6529,7153,3439,3714,1788,868,920,
62605,7155,3497,3658,12521,6084,6437,14309,6853,7456,12520,5990,6530,7153,3439,3714,1789,869,920,
62610,7156,3498,3658,12521,6084,6437,14310,6854,7456,12521,5991,6530,7155,3439,3716,1789,869,920,
62615,7156,3498,3658,12522,6084,6438,14311,6854,7457,12522,5991,6531,7156,3440,3716,1789,869,920,
62620,7156,3498,3658,12524,6084,6440,14312,6855,7457,12523,5992,6531,7156,3440,3716,1789,869,920,
62625,7157,3498,3659,12525,6085,6440,14314,6857,7457,12524,5992,6532,7156,3440,3716,1789,869,920,
62630,7158,3498,3660,12525,6085,6440,14314,6857,7457,12525,5993,6532,7156,3440,3716,1789,869,920,
62635,7159,3498,3661,12527,6086,6441,14317,6858,7459,12526,5993,6533,7157,3441,3716,1789,869,920,
62640,7159,3498,3661,12528,6087,6441,14317,6858,7459,12527,5993,6534,7157,3441,3716,1790,870,920,
62645,7160,3498,3662,12528,6087,6441,14318,6858,7460,12528,5993,6535,7159,3442,3717,1790,870,920,
62650,7160,3498,3662,12529,6088,6441,14319,6859,7460,12529,5994,6535,7160,3443,3717,1790,870,920,
62655,7160,3498,3662,12531,6090,6441,14320,6859,7461,12530,5994,6536,7160,3443,3717,1790,870,920,
62660,7161,3499,3662,12532,6091,6441,14322,6859,7463,12531,5994,6537,7160,3443,3717,1790,870,920,
62665,7162,3500,3662,12532,6091,6441,14322,6859,7463,12532,5994,6538,7160,3443,3717,1790,870,920,
62670,7163,3501,3662,12534,6093,6441,14325,6861,7464,12533,5994,6539,7161,3444,3717,1790,870,920,
62675,7163,3501,3662,12535,6094,6441,14325,6861,7464,12534,5995,6539,7161,3444,3717,1791,870,921,
62680,7164,3501,3663,12535,6094,6441,14326,6861,7465,12535,5995,6540,7163,3444,3719,1791,870,921,
62685,7164,3501,3663,12536,6095,6441,14327,6861,7466,12536,5995,6541,7164,3444,3720,1791,870,921,
62690,7164,3501,3663,12538,6095,6443,14328,6862,7466,12537,5995,6542,7164,3444,3720,1791,870,921,
62695,7165,3501,3664,12539,6095,6444,14330,6863,7467,12538,5996,6542,7164,3444,3720,1791,870,921,
62700,7166,3502,3664,12539,6095,6444,14330,6863,7467,12539,5997,6542,7164,3444,3720,1791,870,921,
62705,7167,3502,3665,12541,6096,6445,14333,6864,7469,12540,5997,6543,7165,3445,3720,1791,870,921,
62710,7167,3502,3665,12542,6097,6445,14333,6864,7469,12541,5998,6543,7165,3445,3720,1792,871,921,
62715,7168,3502,3666,12542,6097,6445,14334,6864,7470,12542,5998,6544,7167,3446,3721,1792,871,921,
62720,7168,3502,3666,12543,6098,6445,14335,6864,7471,12543,5999,6544,7168,3446,3722,1792,871,921,
62725,7168,3502,3666,12545,6098,6447,14336,6865,7471,12544,5999,6545,7168,3446,3722,1792,871,921,
62730,7169,3503,3666,12546,6098,6448,14338,6866,7472,12545,6000,6545,7168,3446,3722,1792,871,921,
62735,7170,3504,3666,12546,6098,6448,14338,6866,7472,12546,6001,6545,7168,3446,3722,1792,871,921,
62740,7171,3505,3666,12548,6099,6449,14341,6866,7475,12547,6001,6546,7169,3446,3723,1792,871,921,
62745,7171,3505,3666,12549,6100,6449,14341,6866,7475,12548,6002,6546,7169,3446,3723,1793,871,922,
62750,7172,3505,3667,12549,6100,6449,14342,6867,7475,12549,6002,6547,7171,3447,3724,1793,871,922,
62755,7172,3505,3667,12550,6101,6449,14343,6868,7475,12550,6002,6548,7172,3447,3725,1793,871,922,
62760,7172,3505,3667,12552,6101,6451,14344,6868,7476,12551,6003,6548,7172,3447,3725,1793,871,922,
62765,7173,3505,3668,12553,6102,6451,14346,6869,7477,12552,6003,6549,7172,3447,3725,1793,871,922,
62770,7174,3505,3669,12553,6102,6451,14346,6869,7477,12553,6003,6550,7172,3447,3725,1793,871,922,
62775,7175,3506,3669,12555,6103,6452,14349,6870,7479,12554,6004,6550,7173,3447,3726,1793,871,922,
62780,7175,3506,3669,12556,6104,6452,14349,6870,7479,12555,6005,6550,7173,3447,3726,1794,871,923,
62785,7176,3507,3669,12556,6104,6452,14350,6871,7479,12556,6006,6550,7175,3448,3727,1794,871,923,
62790,7176,3507,3669,12557,6105,6452,14351,6871,7480,12557,6007,6550,7176,3449,3727,1794,871,923,
62795,7176,3507,3669,12559,6106,6453,14352,6871,7481,12558,6007,6551,7176,3449,3727,1794,871,923,
62800,7177,3507,3670,12560,6107,6453,14354,6873,7481,12559,6008,6551,7176,3449,3727,1794,871,923,
62805,7178,3508,3670,12560,6107,6453,14354,6873,7481,12560,6008,6552,7176,3449,3727,1794,871,923,
62810,7179,3509,3670,12562,6108,6454,14357,6873,7484,12561,6008,6553,7177,3449,3728,1794,871,923,
62815,7179,3509,3670,12563,6108,6455,14357,6873,7484,12562,6009,6553,7177,3449,3728,1795,872,923,
62820,7180,3509,3671,12563,6108,6455,14358,6873,7485,12563,6009,6554,7179,3449,3730,1795,872,923,
62825,7180,3509,3671,12564,6108,6456,14359,6874,7485,12564,6009,6555,7180,3450,3730,1795,872,923,
62830,7180,3509,3671,12566,6109,6457,14360,6875,7485,12565,6009,6556,7180,3450,3730,1795,872,923,
62835,7181,3510,3671,12567,6110,6457,14362,6876,7486,12566,6009,6557,7180,3450,3730,1795,872,923,
62840,7182,3510,3672,12567,6110,6457,14362,6876,7486,12567,6010,6557,7180,3450,3730,1795,872,923,
62845,7183,3511,3672,12569,6110,6459,14365,6877,7488,12568,6011,6557,7181,3450,3731,1795,872,923,
62850,7183,3511,3672,12570,6110,6460,14365,6877,7488,12569,6012,6557,7181,3450,3731,1796,873,923,
62855,7184,3512,3672,12570,6110,6460,14366,6877,7489,12570,6012,6558,7183,3450,3733,1796,873,923,
62860,7184,3512,3672,12571,6110,6461,14367,6877,7490,12571,6013,6558,7184,3450,3734,1796,873,923,
62865,7184,3512,3672,12573,6111,6462,14368,6878,7490,12572,6013,6559,7184,3450,3734,1796,873,923,
62870,7185,3512,3673,12574,6112,6462,14370,6878,7492,12573,6013,6560,7184,3450,3734,1796,873,923,
62875,7186,3513,3673,12574,6112,6462,14370,6878,7492,12574,6014,6560,7184,3450,3734,1796,873,923,
62880,7187,3513,3674,12576,6112,6464,14373,6879,7494,12575,6015,6560,7185,3450,3735,1796,873,923,
62885,7187,3513,3674,12577,6113,6464,14373,6879,7494,12576,6015,6561,7185,3450,3735,1797,874,923,
62890,7188,3513,3675,12577,6113,6464,14374,6879,7495,12577,6015,6562,7187,3451,3736,1797,874,923,
62895,7188,3513,3675,12578,6113,6465,14375,6879,7496,12578,6015,6563,7188,3452,3736,1797,874,923,
62900,7188,3513,3675,12580,6113,6467,14376,6880,7496,12579,6015,6564,7188,3452,3736,1797,874,923,
62905,7189,3513,3676,12581,6113,6468,14378,6881,7497,12580,6016,6564,7188,3452,3736,1797,874,923,
62910,7190,3514,3676,12581,6113,6468,14378,6881,7497,12581,6017,6564,7188,3452,3736,1797,874,923,
62915,7191,3514,3677,12583,6114,6469,14381,6882,7499,12582,6018,6564,7189,3452,3737,1797,874,923,
62920,7191,3514,3677,12584,6114,6470,14381,6882,7499,12583,6018,6565,7189,3452,3737,1798,875,923,
62925,7192,3514,3678,12584,6114,6470,14382,6882,7500,12584,6018,6566,7191,3453,3738,1798,875,923,
62930,7192,3514,3678,12585,6114,6471,14383,6883,7500,12585,6018,6567,7192,3453,3739,1798,875,923,
62935,7192,3514,3678,12587,6114,6473,14384,6884,7500,12586,6019,6567,7192,3453,3739,1798,875,923,
62940,7193,3515,3678,12588,6114,6474,14386,6885,7501,12587,6020,6567,7192,3453,3739,1798,875,923,
62945,7194,3516,3678,12588,6114,6474,14386,6885,7501,12588,6020,6568,7192,3453,3739,1798,875,923,
62950,7195,3516,3679,12590,6115,6475,14389,6887,7502,12589,6020,6569,7193,3453,3740,1798,875,923,
62955,7195,3516,3679,12591,6116,6475,14389,6887,7502,12590,6021,6569,7193,3453,3740,1799,876,923,
62960,7196,3517,3679,12591,6116,6475,14390,6888,7502,12591,6021,6570,7195,3454,3741,1799,876,923,
62965,7196,3517,3679,12592,6116,6476,14391,6888,7503,12592,6022,6570,7196,3455,3741,1799,876,923,
62970,7196,3517,3679,12594,6117,6477,14392,6888,7504,12593,6023,6570,7196,3455,3741,1799,876,923,
62975,7197,3518,3679,12595,6118,6477,14394,6890,7504,12594,6023,6571,7196,3455,3741,1799,876,923,
62980,7198,3519,3679,12595,6118,6477,14394,6890,7504,12595,6023,6572,7196,3455,3741,1799,876,923,
62985,7199,3519,3680,12597,6119,6478,14397,6891,7506,12596,6023,6573,7197,3456,3741,1799,876,923,
62990,7199,3519,3680,12598,6119,6479,14397,6891,7506,12597,6024,6573,7197,3456,3741,1800,877,923,
62995,7200,3520,3680,12598,6119,6479,14398,6892,7506,12598,6024,6574,7199,3456,3743,1800,877,923,
63000,7200,3520,3680,12599,6120,6479,14399,6892,7507,12599,6024,6575,7200,3457,3743,1800,877,923,
63005,7200,3520,3680,12601,6121,6480,14400,6892,7508,12600,6025,6575,7200,3457,3743,1800,877,923,
63010,7201,3520,3681,12602,6121,6481,14402,6893,7509,12601,6026,6575,7200,3457,3743,1800,877,923,
63015,7202,3520,3682,12602,6121,6481,14402,6893,7509,12602,6026,6576,7200,3457,3743,1800,877,923,
63020,7203,3521,3682,12604,6123,6481,14405,6895,7510,12603,6026,6577,7201,3457,3744,1800,877,923,
63025,7203,3521,3682,12605,6123,6482,14405,6895,7510,12604,6027,6577,7201,3457,3744,1801,877,924,
63030,7204,3522,3682,12605,6123,6482,14406,6896,7510,12605,6027,6578,7203,3459,3744,1801,877,924,
63035,7204,3522,3682,12606,6124,6482,14407,6896,7511,12606,6027,6579,7204,3460,3744,1801,877,924,
63040,7204,3522,3682,12608,6124,6484,14408,6897,7511,12607,6027,6580,7204,3460,3744,1801,877,924,
63045,7205,3523,3682,12609,6125,6484,14410,6898,7512,12608,6028,6580,7204,3460,3744,1801,877,924,
63050,7206,3523,3683,12609,6125,6484,14410,6898,7512,12609,6028,6581,7204,3460,3744,1801,877,924,
63055,7207,3523,3684,12611,6126,6485,14413,6899,7514,12610,6028,6582,7205,3461,3744,1801,877,924,
63060,7207,3523,3684,12612,6126,6486,14413,6899,7514,12611,6029,6582,7205,3461,3744,1802,877,925,
63065,7208,3523,3685,12612,6126,6486,14414,6899,7515,12612,6029,6583,7207,3461,3746,1802,877,925,
63070,7208,3523,3685,12613,6127,6486,14415,6900,7515,12613,6030,6583,7208,3461,3747,1802,877,925,
63075,7208,3523,3685,12615,6129,6486,14416,6901,7515,12614,6030,6584,7208,3461,3747,1802,877,925,
63080,7209,3523,3686,12616,6129,6487,14418,6902,7516,12615,6030,6585,7208,3461,3747,1802,877,925,
63085,7210,3523,3687,12616,6129,6487,14418,6902,7516,12616,6031,6585,7208,3461,3747,1802,877,925,
63090,7211,3524,3687,12618,6130,6488,14421,6904,7517,12617,6031,6586,7209,3462,3747,1802,877,925,
63095,7211,3524,3687,12619,6130,6489,14421,6904,7517,12618,6032,6586,7209,3462,3747,1803,878,925,
63100,7212,3525,3687,12619,6130,6489,14422,6904,7518,12619,6033,6586,7211,3463,3748,1803,878,925,
63105,7212,3525,3687,12620,6130,6490,14423,6905,7518,12620,6033,6587,7212,3463,3749,1803,878,925,
63110,7212,3525,3687,12622,6132,6490,14424,6905,7519,12621,6034,6587,7212,3463,3749,1803,878,925,
63115,7213,3525,3688,12623,6133,6490,14426,6907,7519,12622,6034,6588,7212,3463,3749,1803,878,925,
63120,7214,3526,3688,12623,6133,6490,14426,6907,7519,12623,6035,6588,7212,3463,3749,1803,878,925,
63125,7215,3527,3688,12625,6134,6491,14429,6909,7520,12624,6036,6588,7213,3463,3750,1803,878,925,
63130,7215,3527,3688,12626,6134,6492,14429,6909,7520,12625,6036,6589,7213,3463,3750,1804,878,926,
63135,7216,3528,3688,12626,6134,6492,14430,6910,7520,12626,6036,6590,7215,3463,3752,1804,878,926,
63140,7216,3528,3688,12627,6134,6493,14431,6910,7521,12627,6037,6590,7216,3463,3753,1804,878,926,
63145,7216,3528,3688,12629,6135,6494,14432,6910,7522,12628,6037,6591,7216,3463,3753,1804,878,926,
63150,7217,3528,3689,12630,6135,6495,14434,6910,7524,12629,6037,6592,7216,3463,3753,1804,878,926,
63155,7218,3528,3690,12630,6135,6495,14434,6910,7524,12630,6037,6593,7216,3463,3753,1804,878,926,
63160,7219,3528,3691,12632,6137,6495,14437,6911,7526,12631,6038,6593,7217,3464,3753,1804,878,926,
63165,7219,3528,3691,12633,6137,6496,14437,6911,7526,12632,6039,6593,7217,3464,3753,1805,878,927,
63170,7220,3528,3692,12633,6137,6496,14438,6912,7526,12633,6040,6593,7219,3464,3755,1805,878,927,
63175,7220,3528,3692,12634,6138,6496,14439,6912,7527,12634,6041,6593,7220,3465,3755,1805,878,927,
63180,7220,3528,3692,12636,6139,6497,14440,6913,7527,12635,6041,6594,7220,3465,3755,1805,878,927,
63185,7221,3529,3692,12637,6139,6498,14442,6913,7529,12636,6042,6594,7220,3465,3755,1805,878,927,
63190,7222,3529,3693,12637,6139,6498,14442,6913,7529,12637,6042,6595,7220,3465,3755,1805,878,927,
63195,7223,3530,3693,12639,6139,6500,14445,6915,7530,12638,6043,6595,7221,3465,3756,1805,878,927,
63200,7223,3530,3693,12640,6140,6500,14445,6915,7530,12639,6043,6596,7221,3465,3756,1806,878,928,
63205,7224,3530,3694,12640,6140,6500,14446,6915,7531,12640,6043,6597,7223,3465,3758,1806,878,928,
63210,7224,3530,3694,12641,6141,6500,14447,6916,7531,12641,6044,6597,7224,3465,3759,1806,878,928,
63215,7224,3530,3694,12643,6141,6502,14448,6917,7531,12642,6045,6597,7224,3465,3759,1806,878,928,
63220,7225,3531,3694,12644,6141,6503,14450,6918,7532,12643,6046,6597,7224,3465,3759,1806,878,928,
63225,7226,3531,3695,12644,6141,6503,14450,6918,7532,12644,6047,6597,7224,3465,3759,1806,878,928,
63230,7227,3531,3696,12646,6142,6504,14453,6919,7534,12645,6047,6598,7225,3466,3759,1806,878,928,
63235,7227,3531,3696,12647,6143,6504,14453,6919,7534,12646,6047,6599,7225,3466,3759,1807,879,928,
63240,7228,3531,3697,12647,6143,6504,14454,6919,7535,12647,6047,6600,7227,3467,3760,1807,879,928,
63245,7228,3531,3697,12648,6143,6505,14455,6920,7535,12648,6047,6601,7228,3467,3761,1807,879,928,
63250,7228,3531,3697,12650,6144,6506,14456,6920,7536,12649,6048,6601,7228,3467,3761,1807,879,928,
63255,7229,3531,3698,12651,6145,6506,14458,6921,7537,12650,6048,6602,7228,3467,3761,1807,879,928,
63260,7230,3531,3699,12651,6145,6506,14458,6921,7537,12651,6049,6602,7228,3467,3761,1807,879,928,
63265,7231,3531,3700,12653,6145,6508,14461,6922,7539,12652,6049,6603,7229,3468,3761,1807,879,928,
63270,7231,3531,3700,12654,6145,6509,14461,6922,7539,12653,6049,6604,7229,3468,3761,1808,880,928,
63275,7232,3531,3701,12654,6145,6509,14462,6922,7540,12654,6049,6605,7231,3469,3762,1808,880,928,
63280,7232,3531,3701,12655,6145,6510,14463,6923,7540,12655,6049,6606,7232,3469,3763,1808,880,928,
63285,7232,3531,3701,12657,6145,6512,14464,6924,7540,12656,6049,6607,7232,3469,3763,1808,880,928,
63290,7233,3532,3701,12658,6146,6512,14466,6925,7541,12657,6049,6608,7232,3469,3763,1808,880,928,
63295,7234,3532,3702,12658,6146,6512,14466,6925,7541,12658,6049,6609,7232,3469,3763,1808,880,928,
63300,7235,3533,3702,12660,6147,6513,14469,6925,7544,12659,6049,6610,7233,3469,3764,1808,880,928,
63305,7235,3533,3702,12661,6147,6514,14469,6925,7544,12660,6050,6610,7233,3469,3764,1809,880,929,
63310,7236,3534,3702,12661,6147,6514,14470,6926,7544,12661,6051,6610,7235,3470,3765,1809,880,929,
63315,7236,3534,3702,12662,6147,6515,14471,6926,7545,12662,6051,6611,7236,3471,3765,1809,880,929,
63320,7236,3534,3702,12664,6147,6517,14472,6926,7546,12663,6052,6611,7236,3471,3765,1809,880,929,
63325,7237,3535,3702,12665,6147,6518,14474,6928,7546,12664,6053,6611,7236,3471,3765,1809,880,929,
63330,7238,3536,3702,12665,6147,6518,14474,6928,7546,12665,6053,6612,7236,3471,3765,1809,880,929,
63335,7239,3536,3703,12667,6147,6520,14477,6929,7548,12666,6054,6612,7237,3472,3765,1809,880,929,
63340,7239,3536,3703,12668,6148,6520,14477,6929,7548,12667,6054,6613,7237,3472,3765,1810,880,930,
63345,7240,3537,3703,12668,6148,6520,14478,6929,7549,12668,6055,6613,7239,3474,3765,1810,880,930,
63350,7240,3537,3703,12669,6149,6520,14479,6930,7549,12669,6055,6614,7240,3474,3766,1810,880,930,
63355,7240,3537,3703,12671,6150,6521,14480,6931,7549,12670,6055,6615,7240,3474,3766,1810,880,930,
63360,7241,3537,3704,12672,6150,6522,14482,6932,7550,12671,6056,6615,7240,3474,3766,1810,880,930,
63365,7242,3538,3704,12672,6150,6522,14482,6932,7550,12672,6057,6615,7240,3474,3766,1810,880,930,
63370,7243,3538,3705,12674,6151,6523,14485,6933,7552,12673,6058,6615,7241,3474,3767,1810,880,930,
63375,7243,3538,3705,12675,6152,6523,14485,6933,7552,12674,6058,6616,7241,3474,3767,1811,880,931,
63380,7244,3538,3706,12675,6152,6523,14486,6934,7552,12675,6058,6617,7243,3475,3768,1811,880,931,
63385,7244,3538,3706,12676,6152,6524,14487,6934,7553,12676,6058,6618,7244,3475,3769,1811,880,931,
63390,7244,3538,3706,12678,6153,6525,14488,6934,7554,12677,6058,6619,7244,3475,3769,1811,880,931,
63395,7245,3538,3707,12679,6153,6526,14490,6934,7556,12678,6058,6620,7244,3475,3769,1811,880,931,
63400,7246,3538,3708,12679,6153,6526,14490,6934,7556,12679,6059,6620,7244,3475,3769,1811,880,931,
63405,7247,3539,3708,12681,6154,6527,14493,6935,7558,12680,6059,6621,7245,3475,3770,1811,880,931,
63410,7247,3539,3708,12682,6155,6527,14493,6935,7558,12681,6060,6621,7245,3475,3770,1812,881,931,
63415,7248,3540,3708,12682,6155,6527,14494,6936,7558,12682,6060,6622,7247,3475,3772,1812,881,931,
63420,7248,3540,3708,12683,6156,6527,14495,6937,7558,12683,6060,6623,7248,3476,3772,1812,881,931,
63425,7248,3540,3708,12685,6157,6528,14496,6937,7559,12684,6060,6624,7248,3476,3772,1812,881,931,
63430,7249,3541,3708,12686,6158,6528,14498,6938,7560,12685,6060,6625,7248,3476,3772,1812,881,931,
63435,7250,3541,3709,12686,6158,6528,14498,6938,7560,12686,6060,6626,7248,3476,3772,1812,881,931,
63440,7251,3541,3710,12688,6159,6529,14501,6940,7561,12687,6061,6626,7249,3477,3772,1812,881,931,
63445,7251,3541,3710,12689,6160,6529,14501,6940,7561,12688,6062,6626,7249,3477,3772,1813,882,931,
63450,7252,3542,3710,12689,6160,6529,14502,6941,7561,12689,6063,6626,7251,3477,3774,1813,882,931,
63455,7252,3542,3710,12690,6160,6530,14503,6942,7561,12690,6063,6627,7252,3477,3775,1813,882,931,
63460,7252,3542,3710,12692,6162,6530,14504,6943,7561,12691,6064,6627,7252,3477,3775,1813,882,931,
63465,7253,3542,3711,12693,6162,6531,14506,6945,7561,12692,6064,6628,7252,3477,3775,1813,882,931,
63470,7254,3542,3712,12693,6162,6531,14506,6945,7561,12693,6065,6628,7252,3477,3775,1813,882,931,
63475,7255,3543,3712,12695,6164,6531,14509,6945,7564,12694,6065,6629,7253,3477,3776,1813,882,931,
63480,7255,3543,3712,12696,6164,6532,14509,6945,7564,12695,6066,6629,7253,3477,3776,1814,882,932,
63485,7256,3543,3713,12696,6164,6532,14510,6946,7564,12696,6066,6630,7255,3479,3776,1814,882,932,
63490,7256,3543,3713,12697,6165,6532,14511,6946,7565,12697,6066,6631,7256,3480,3776,1814,882,932,
63495,7256,3543,3713,12699,6165,6534,14512,6946,7566,12698,6067,6631,7256,3480,3776,1814,882,932,
63500,7257,3544,3713,12700,6165,6535,14514,6947,7567,12699,6068,6631,7256,3480,3776,1814,882,932,
63505,7258,3544,3714,12700,6165,6535,14514,6947,7567,12700,6069,6631,7256,3480,3776,1814,882,932,
63510,7259,3544,3715,12702,6166,6536,14517,6950,7567,12701,6069,6632,7257,3480,3777,1814,882,932,
63515,7259,3544,3715,12703,6167,6536,14517,6950,7567,12702,6070,6632,7257,3480,3777,1815,883,932,
63520,7260,3545,3715,12703,6167,6536,14518,6951,7567,12703,6070,6633,7259,3482,3777,1815,883,932,
63525,7260,3545,3715,12704,6168,6536,14519,6952,7567,12704,6070,6634,7260,3482,3778,1815,883,932,
63530,7260,3545,3715,12706,6170,6536,14520,6952,7568,12705,6070,6635,7260,3482,3778,1815,883,932,
63535,7261,3546,3715,12707,6170,6537,14522,6953,7569,12706,6070,6636,7260,3482,3778,1815,883,932,
63540,7262,3546,3716,12707,6170,6537,14522,6953,7569,12707,6071,6636,7260,3482,3778,1815,883,932,
63545,7263,3547,3716,12709,6170,6539,14525,6955,7570,12708,6072,6636,7261,3483,3778,1815,883,932,
63550,7263,3547,3716,12710,6171,6539,14525,6955,7570,12709,6072,6637,7261,3483,3778,1816,883,933,
63555,7264,3548,3716,12710,6171,6539,14526,6955,7571,12710,6072,6638,7263,3484,3779,1816,883,933,
63560,7264,3548,3716,12711,6171,6540,14527,6956,7571,12711,6072,6639,7264,3484,3780,1816,883,933,
63565,7264,3548,3716,12713,6172,6541,14528,6956,7572,12712,6072,6640,7264,3484,3780,1816,883,933,
63570,7265,3549,3716,12714,6172,6542,14530,6956,7574,12713,6072,6641,7264,3484,3780,1816,883,933,
63575,7266,3549,3717,12714,6172,6542,14530,6956,7574,12714,6072,6642,7264,3484,3780,1816,883,933,
63580,7267,3549,3718,12716,6173,6543,14533,6957,7576,12715,6073,6642,7265,3484,3781,1816,883,933,
63585,7267,3549,3718,12717,6174,6543,14533,6957,7576,12716,6073,6643,7265,3484,3781,1817,884,933,
63590,7268,3549,3719,12717,6174,6543,14534,6957,7577,12717,6074,6643,7267,3486,3781,1817,884,933,
63595,7268,3549,3719,12718,6175,6543,14535,6958,7577,12718,6074,6644,7268,3487,3781,1817,884,933,
63600,7268,3549,3719,12720,6176,6544,14536,6958,7578,12719,6074,6645,7268,3487,3781,1817,884,933,
63605,7269,3549,3720,12721,6176,6545,14538,6958,7580,12720,6075,6645,7268,3487,3781,1817,884,933,
63610,7270,3550,3720,12721,6176,6545,14538,6958,7580,12721,6076,6645,7268,3487,3781,1817,884,933,
63615,7271,3550,3721,12723,6177,6546,14541,6960,7581,12722,6077,6645,7269,3488,3781,1817,884,933,
63620,7271,3550,3721,12724,6177,6547,14541,6960,7581,12723,6077,6646,7269,3488,3781,1818,885,933,
63625,7272,3551,3721,12724,6177,6547,14542,6960,7582,12724,6078,6646,7271,3488,3783,1818,885,933,
63630,7272,3551,3721,12725,6178,6547,14543,6961,7582,12725,6079,6646,7272,3489,3783,1818,885,933,
63635,7272,3551,3721,12727,6179,6548,14544,6961,7583,12726,6079,6647,7272,3489,3783,1818,885,933,
63640,7273,3551,3722,12728,6179,6549,14546,6961,7585,12727,6080,6647,7272,3489,3783,1818,885,933,
63645,7274,3551,3723,12728,6179,6549,14546,6961,7585,12728,6080,6648,7272,3489,3783,1818,885,933,
63650,7275,3551,3724,12730,6180,6550,14549,6963,7586,12729,6081,6648,7273,3490,3783,1818,885,933,
63655,7275,3551,3724,12731,6180,6551,14549,6963,7586,12730,6081,6649,7273,3490,3783,1819,886,933,
63660,7276,3551,3725,12731,6180,6551,14550,6964,7586,12731,6081,6650,7275,3491,3784,1819,886,933,
63665,7276,3551,3725,12732,6181,6551,14551,6964,7587,12732,6081,6651,7276,3492,3784,1819,886,933,
63670,7276,3551,3725,12734,6183,6551,14552,6964,7588,12733,6082,6651,7276,3492,3784,1819,886,933,
63675,7277,3552,3725,12735,6184,6551,14554,6965,7589,12734,6082,6652,7276,3492,3784,1819,886,933,
63680,7278,3552,3726,12735,6184,6551,14554,6965,7589,12735,6083,6652,7276,3492,3784,1819,886,933,
63685,7279,3552,3727,12737,6185,6552,14557,6966,7591,12736,6084,6652,7277,3492,3785,1819,886,933,
63690,7279,3552,3727,12738,6186,6552,14557,6966,7591,12737,6085,6652,7277,3492,3785,1820,886,934,
63695,7280,3553,3727,12738,6186,6552,14558,6966,7592,12738,6085,6653,7279,3493,3786,1820,886,934,
63700,7280,3553,3727,12739,6187,6552,14559,6967,7592,12739,6085,6654,7280,3494,3786,1820,886,934,
63705,7280,3553,3727,12741,6187,6554,14560,6967,7593,12740,6085,6655,7280,3494,3786,1820,886,934,
63710,7281,3554,3727,12742,6187,6555,14562,6969,7593,12741,6086,6655,7280,3494,3786,1820,886,934,
63715,7282,3555,3727,12742,6187,6555,14562,6969,7593,12742,6087,6655,7280,3494,3786,1820,886,934,
63720,7283,3556,3727,12744,6188,6556,14565,6971,7594,12743,6087,6656,7281,3495,3786,1820,886,934,
63725,7283,3556,3727,12745,6188,6557,14565,6971,7594,12744,6088,6656,7281,3495,3786,1821,887,934,
63730,7284,3557,3727,12745,6188,6557,14566,6972,7594,12745,6088,6657,7283,3496,3787,1821,887,934,
63735,7284,3557,3727,12746,6188,6558,14567,6973,7594,12746,6089,6657,7284,3497,3787,1821,887,934,
63740,7284,3557,3727,12748,6189,6559,14568,6974,7594,12747,6089,6658,7284,3497,3787,1821,887,934,
63745,7285,3558,3727,12749,6190,6559,14570,6974,7596,12748,6090,6658,7284,3497,3787,1821,887,934,
63750,7286,3558,3728,12749,6190,6559,14570,6974,7596,12749,6091,6658,7284,3497,3787,1821,887,934,
63755,7287,3559,3728,12751,6192,6559,14573,6977,7596,12750,6091,6659,7285,3498,3787,1821,887,934,
63760,7287,3559,3728,12752,6192,6560,14573,6977,7596,12751,6091,6660,7285,3498,3787,1822,887,935,
63765,7288,3560,3728,12752,6192,6560,14574,6977,7597,12752,6092,6660,7287,3499,3788,1822,887,935,
63770,7288,3560,3728,12753,6193,6560,14575,6977,7598,12753,6092,6661,7288,3500,3788,1822,887,935,
63775,7288,3560,3728,12755,6193,6562,14576,6978,7598,12754,6092,6662,7288,3500,3788,1822,887,935,
63780,7289,3561,3728,12756,6194,6562,14578,6978,7600,12755,6092,6663,7288,3500,3788,1822,887,935,
63785,7290,3562,3728,12756,6194,6562,14578,6978,7600,12756,6092,6664,7288,3500,3788,1822,887,935,
63790,7291,3562,3729,12758,6194,6564,14581,6978,7603,12757,6093,6664,7289,3501,3788,1822,887,935,
63795,7291,3562,3729,12759,6194,6565,14581,6978,7603,12758,6094,6664,7289,3501,3788,1823,888,935,
63800,7292,3562,3730,12759,6194,6565,14582,6979,7603,12759,6094,6665,7291,3503,3788,1823,888,935,
63805,7292,3562,3730,12760,6195,6565,14583,6980,7603,12760,6094,6666,7292,3504,3788,1823,888,935,
63810,7292,3562,3730,12762,6195,6567,14584,6981,7603,12761,6094,6667,7292,3504,3788,1823,888,935,
63815,7293,3563,3730,12763,6196,6567,14586,6982,7604,12762,6095,6667,7292,3504,3788,1823,888,935,
63820,7294,3564,3730,12763,6196,6567,14586,6982,7604,12763,6095,6668,7292,3504,3788,1823,888,935,
63825,7295,3565,3730,12765,6197,6568,14589,6984,7605,12764,6096,6668,7293,3505,3788,1823,888,935,
63830,7295,3565,3730,12766,6197,6569,14589,6984,7605,12765,6096,6669,7293,3505,3788,1824,889,935,
63835,7296,3566,3730,12766,6197,6569,14590,6985,7605,12766,6096,6670,7295,3505,3790,1824,889,935,
63840,7296,3566,3730,12767,6198,6569,14591,6985,7606,12767,6097,6670,7296,3505,3791,1824,889,935,
63845,7296,3566,3730,12769,6200,6569,14592,6985,7607,12768,6098,6670,7296,3505,3791,1824,889,935,
63850,7297,3566,3731,12770,6200,6570,14594,6985,7609,12769,6099,6670,7296,3505,3791,1824,889,935,
63855,7298,3566,3732,12770,6200,6570,14594,6985,7609,12770,6100,6670,7296,3505,3791,1824,889,935,
63860,7299,3566,3733,12772,6202,6570,14597,6986,7611,12771,6100,6671,7297,3505,3792,1824,889,935,
63865,7299,3566,3733,12773,6202,6571,14597,6986,7611,12772,6101,6671,7297,3505,3792,1825,889,936,
63870,7300,3566,3734,12773,6202,6571,14598,6987,7611,12773,6101,6672,7299,3507,3792,1825,889,936,
63875,7300,3566,3734,12774,6203,6571,14599,6987,7612,12774,6101,6673,7300,3508,3792,1825,889,936,
63880,7300,3566,3734,12776,6205,6571,14600,6987,7613,12775,6101,6674,7300,3508,3792,1825,889,936,
63885,7301,3567,3734,12777,6206,6571,14602,6987,7615,12776,6102,6674,7300,3508,3792,1825,889,936,
63890,7302,3567,3735,12777,6206,6571,14602,6987,7615,12777,6102,6675,7300,3508,3792,1825,889,936,
63895,7303,3568,3735,12779,6208,6571,14605,6989,7616,12778,6102,6676,7301,3509,3792,1825,889,936,
63900,7303,3568,3735,12780,6209,6571,14605,6989,7616,12779,6102,6677,7301,3509,3792,1826,889,937,
63905,7304,3568,3736,12780,6209,6571,14606,6990,7616,12780,6103,6677,7303,3510,3793,1826,889,937,
63910,7304,3568,3736,12781,6210,6571,14607,6991,7616,12781,6103,6678,7304,3510,3794,1826,889,937,
63915,7304,3568,3736,12783,6212,6571,14608,6992,7616,12782,6104,6678,7304,3510,3794,1826,889,937,
63920,7305,3568,3737,12784,6212,6572,14610,6993,7617,12783,6105,6678,7304,3510,3794,1826,889,937,
63925,7306,3568,3738,12784,6212,6572,14610,6993,7617,12784,6105,6679,7304,3510,3794,1826,889,937,
63930,7307,3568,3739,12786,6213,6573,14613,6995,7618,12785,6106,6679,7305,3511,3794,1826,889,937,
63935,7307,3568,3739,12787,6213,6574,14613,6995,7618,12786,6106,6680,7305,3511,3794,1827,889,938,
63940,7308,3568,3740,12787,6213,6574,14614,6996,7618,12787,6107,6680,7307,3512,3795,1827,889,938,
63945,7308,3568,3740,12788,6214,6574,14615,6997,7618,12788,6108,6680,7308,3513,3795,1827,889,938,
63950,7308,3568,3740,12790,6215,6575,14616,6997,7619,12789,6109,6680,7308,3513,3795,1827,889,938,
63955,7309,3569,3740,12791,6215,6576,14618,6997,7621,12790,6110,6680,7308,3513,3795,1827,889,938,
63960,7310,3569,3741,12791,6215,6576,14618,6997,7621,12791,6110,6681,7308,3513,3795,1827,889,938,
63965,7311,3569,3742,12793,6215,6578,14621,6998,7623,12792,6111,6681,7309,3513,3796,1827,889,938,
63970,7311,3569,3742,12794,6215,6579,14621,6998,7623,12793,6111,6682,7309,3513,3796,1828,890,938,
63975,7312,3569,3743,12794,6215,6579,14622,6998,7624,12794,6111,6683,7311,3515,3796,1828,890,938,
63980,7312,3569,3743,12795,6216,6579,14623,6999,7624,12795,6112,6683,7312,3515,3797,1828,890,938,
63985,7312,3569,3743,12797,6218,6579,14624,7000,7624,12796,6113,6683,7312,3515,3797,1828,890,938,
63990,7313,3570,3743,12798,6219,6579,14626,7002,7624,12797,6114,6683,7312,3515,3797,1828,890,938,
63995,7314,3571,3743,12798,6219,6579,14626,7002,7624,12798,6115,6683,7312,3515,3797,1828,890,938,
64000,7315,3571,3744,12800,6221,6579,14629,7004,7625,12799,6115,6684,7313,3516,3797,1828,890,938,
64005,7315,3571,3744,12801,6221,6580,14629,7004,7625,12800,6116,6684,7313,3516,3797,1829,890,939,
64010,7316,3572,3744,12801,6221,6580,14630,7004,7626,12801,6117,6684,7315,3516,3799,1829,890,939,
64015,7316,3572,3744,12802,6222,6580,14631,7005,7626,12802,6118,6684,7316,3516,3800,1829,890,939,
64020,7316,3572,3744,12804,6223,6581,14632,7006,7626,12803,6118,6685,7316,3516,3800,1829,890,939,
64025,7317,3572,3745,12805,6224,6581,14634,7007,7627,12804,6118,6686,7316,3516,3800,1829,890,939,
64030,7318,3573,3745,12805,6224,6581,14634,7007,7627,12805,6118,6687,7316,3516,3800,1829,890,939,
64035,7319,3573,3746,12807,6225,6582,14637,7008,7629,12806,6119,6687,7317,3516,3801,1829,890,939,
64040,7319,3573,3746,12808,6225,6583,14637,7008,7629,12807,6119,6688,7317,3516,3801,1830,891,939,
64045,7320,3573,3747,12808,6225,6583,14638,7009,7629,12808,6120,6688,7319,3516,3803,1830,891,939,
64050,7320,3573,3747,12809,6225,6584,14639,7010,7629,12809,6120,6689,7320,3517,3803,1830,891,939,
64055,7320,3573,3747,12811,6226,6585,14640,7010,7630,12810,6120,6690,7320,3517,3803,1830,891,939,
64060,7321,3573,3748,12812,6226,6586,14642,7010,7632,12811,6120,6691,7320,3517,3803,1830,891,939,
64065,7322,3573,3749,12812,6226,6586,14642,7010,7632,12812,6121,6691,7320,3517,3803,1830,891,939,
64070,7323,3574,3749,12814,6227,6587,14645,7013,7632,12813,6122,6691,7321,3517,3804,1830,891,939,
64075,7323,3574,3749,12815,6228,6587,14645,7013,7632,12814,6123,6691,7321,3517,3804,1831,891,940,
64080,7324,3575,3749,12815,6228,6587,14646,7014,7632,12815,6123,6692,7323,3517,3806,1831,891,940,
64085,7324,3575,3749,12816,6228,6588,14647,7014,7633,12816,6124,6692,7324,3517,3807,1831,891,940,
64090,7324,3575,3749,12818,6230,6588,14648,7014,7634,12817,6125,6692,7324,3517,3807,1831,891,940,
64095,7325,3576,3749,12819,6230,6589,14650,7014,7636,12818,6125,6693,7324,3517,3807,1831,891,940,
64100,7326,3577,3749,12819,6230,6589,14650,7014,7636,12819,6126,6693,7324,3517,3807,1831,891,940,
64105,7327,3578,3749,12821,6231,6590,14653,7015,7638,12820,6127,6693,7325,3517,3808,1831,891,940,
64110,7327,3578,3749,12822,6231,6591,14653,7015,7638,12821,6128,6693,7325,3517,3808,1832,891,941,
64115,7328,3578,3750,12822,6231,6591,14654,7016,7638,12822,6129,6693,7327,3518,3809,1832,891,941,
64120,7328,3578,3750,12823,6232,6591,14655,7017,7638,12823,6129,6694,7328,3519,3809,1832,891,941,
64125,7328,3578,3750,12825,6234,6591,14656,7018,7638,12824,6129,6695,7328,3519,3809,1832,891,941,
64130,7329,3578,3751,12826,6235,6591,14658,7018,7640,12825,6129,6696,7328,3519,3809,1832,891,941,
64135,7330,3579,3751,12826,6235,6591,14658,7018,7640,12826,6130,6696,7328,3519,3809,1832,891,941,
64140,7331,3579,3752,12828,6236,6592,14661,7019,7642,12827,6131,6696,7329,3519,3810,1832,891,941,
64145,7331,3579,3752,12829,6237,6592,14661,7019,7642,12828,6131,6697,7329,3519,3810,1833,891,942,
64150,7332,3580,3752,12829,6237,6592,14662,7019,7643,12829,6131,6698,7331,3520,3811,1833,891,942,
64155,7332,3580,3752,12830,6238,6592,14663,7019,7644,12830,6132,6698,7332,3521,3811,1833,891,942,
64160,7332,3580,3752,12832,6238,6594,14664,7020,7644,12831,6132,6699,7332,3521,3811,1833,891,942,
64165,7333,3580,3753,12833,6239,6594,14666,7020,7646,12832,6132,6700,7332,3521,3811,1833,891,942,
64170,7334,3581,3753,12833,6239,6594,14666,7020,7646,12833,6132,6701,7332,3521,3811,1833,891,942,
64175,7335,3582,3753,12835,6240,6595,14669,7021,7648,12834,6133,6701,7333,3522,3811,1833,891,942,
64180,7335,3582,3753,12836,6240,6596,14669,7021,7648,12835,6134,6701,7333,3522,3811,1834,892,942,
64185,7336,3583,3753,12836,6240,6596,14670,7021,7649,12836,6135,6701,7335,3523,3812,1834,892,942,
64190,7336,3583,3753,12837,6240,6597,14671,7021,7650,12837,6135,6702,7336,3523,3813,1834,892,942,
64195,7336,3583,3753,12839,6241,6598,14672,7022,7650,12838,6135,6703,7336,3523,3813,1834,892,942,
64200,7337,3584,3753,12840,6242,6598,14674,7023,7651,12839,6135,6704,7336,3523,3813,1834,892,942,
64205,7338,3584,3754,12840,6242,6598,14674,7023,7651,12840,6136,6704,7336,3523,3813,1834,892,942,
64210,7339,3585,3754,12842,6243,6599,14677,7025,7652,12841,6137,6704,7337,3523,3814,1834,892,942,
64215,7339,3585,3754,12843,6244,6599,14677,7025,7652,12842,6137,6705,7337,3523,3814,1835,893,942,
64220,7340,3585,3755,12843,6244,6599,14678,7026,7652,12843,6137,6706,7339,3524,3815,1835,893,942,
64225,7340,3585,3755,12844,6245,6599,14679,7027,7652,12844,6137,6707,7340,3524,3816,1835,893,942,
64230,7340,3585,3755,12846,6245,6601,14680,7027,7653,12845,6138,6707,7340,3524,3816,1835,893,942,
64235,7341,3585,3756,12847,6245,6602,14682,7028,7654,12846,6138,6708,7340,3524,3816,1835,893,942,
64240,7342,3585,3757,12847,6245,6602,14682,7028,7654,12847,6138,6709,7340,3524,3816,1835,893,942,
64245,7343,3586,3757,12849,6246,6603,14685,7029,7656,12848,6138,6710,7341,3525,3816,1835,893,942,
64250,7343,3586,3757,12850,6246,6604,14685,7029,7656,12849,6139,6710,7341,3525,3816,1836,893,943,
64255,7344,3586,3758,12850,6246,6604,14686,7030,7656,12850,6140,6710,7343,3526,3817,1836,893,943,
64260,7344,3586,3758,12851,6246,6605,14687,7031,7656,12851,6141,6710,7344,3526,3818,1836,893,943,
64265,7344,3586,3758,12853,6247,6606,14688,7032,7656,12852,6141,6711,7344,3526,3818,1836,893,943,
64270,7345,3586,3759,12854,6247,6607,14690,7032,7658,12853,6142,6711,7344,3526,3818,1836,893,943,
64275,7346,3587,3759,12854,6247,6607,14690,7032,7658,12854,6143,6711,7344,3526,3818,1836,893,943,
64280,7347,3587,3760,12856,6247,6609,14693,7034,7659,12855,6144,6711,7345,3526,3819,1836,893,943,
64285,7347,3587,3760,12857,6247,6610,14693,7034,7659,12856,6144,6712,7345,3526,3819,1837,893,944,
64290,7348,3587,3761,12857,6247,6610,14694,7034,7660,12857,6144,6713,7347,3527,3820,1837,893,944,
64295,7348,3587,3761,12858,6247,6611,14695,7034,7661,12858,6144,6714,7348,3528,3820,1837,893,944,
64300,7348,3587,3761,12860,6248,6612,14696,7035,7661,12859,6145,6714,7348,3528,3820,1837,893,944,
64305,7349,3587,3762,12861,6249,6612,14698,7036,7662,12860,6145,6715,7348,3528,3820,1837,893,944,
64310,7350,3588,3762,12861,6249,6612,14698,7036,7662,12861,6145,6716,7348,3528,3820,1837,893,944,
64315,7351,3588,3763,12863,6250,6613,14701,7038,7663,12862,6145,6717,7349,3528,3821,1837,893,944,
64320,7351,3588,3763,12864,6250,6614,14701,7038,7663,12863,6146,6717,7349,3528,3821,1838,893,945,
64325,7352,3589,3763,12864,6250,6614,14702,7038,7664,12864,6147,6717,7351,3530,3821,1838,893,945,
64330,7352,3589,3763,12865,6250,6615,14703,7039,7664,12865,6148,6717,7352,3531,3821,1838,893,945,
64335,7352,3589,3763,12867,6250,6617,14704,7039,7665,12866,6148,6718,7352,3531,3821,1838,893,945,
64340,7353,3589,3764,12868,6250,6618,14706,7040,7666,12867,6148,6719,7352,3531,3821,1838,893,945,
64345,7354,3590,3764,12868,6250,6618,14706,7040,7666,12868,6148,6720,7352,3531,3821,1838,893,945,
64350,7355,3590,3765,12870,6251,6619,14709,7040,7669,12869,6148,6721,7353,3531,3822,1838,893,945,
64355,7355,3590,3765,12871,6252,6619,14709,7040,7669,12870,6148,6722,7353,3531,3822,1839,894,945,
64360,7356,3591,3765,12871,6252,6619,14710,7041,7669,12871,6148,6723,7355,3532,3823,1839,894,945,
64365,7356,3591,3765,12872,6252,6620,14711,7041,7670,12872,6148,6724,7356,3532,3824,1839,894,945,
64370,7356,3591,3765,12874,6252,6622,14712,7041,7671,12873,6149,6724,7356,3532,3824,1839,894,945,
64375,7357,3592,3765,12875,6253,6622,14714,7042,7672,12874,6149,6725,7356,3532,3824,1839,894,945,
64380,7358,3593,3765,12875,6253,6622,14714,7042,7672,12875,6149,6726,7356,3532,3824,1839,894,945,
64385,7359,3593,3766,12877,6253,6624,14717,7044,7673,12876,6149,6727,7357,3532,3825,1839,894,945,
64390,7359,3593,3766,12878,6254,6624,14717,7044,7673,12877,6149,6728,7357,3532,3825,1840,894,946,
64395,7360,3593,3767,12878,6254,6624,14718,7044,7674,12878,6150,6728,7359,3532,3827,1840,894,946,
64400,7360,3593,3767,12879,6255,6624,14719,7044,7675,12879,6151,6728,7360,3532,3828,1840,894,946,
64405,7360,3593,3767,12881,6256,6625,14720,7045,7675,12880,6152,6728,7360,3532,3828,1840,894,946,
64410,7361,3593,3768,12882,6257,6625,14722,7045,7677,12881,6152,6729,7360,3532,3828,1840,894,946,
64415,7362,3594,3768,12882,6257,6625,14722,7045,7677,12882,6153,6729,7360,3532,3828,1840,894,946,
64420,7363,3595,3768,12884,6259,6625,14725,7046,7679,12883,6154,6729,7361,3532,3829,1840,894,946,
64425,7363,3595,3768,12885,6260,6625,14725,7046,7679,12884,6155,6729,7361,3532,3829,1841,894,947,
64430,7364,3596,3768,12885,6260,6625,14726,7046,7680,12885,6155,6730,7363,3532,3831,1841,894,947,
64435,7364,3596,3768,12886,6260,6626,14727,7046,7681,12886,6156,6730,7364,3533,3831,1841,894,947,
64440,7364,3596,3768,12888,6261,6627,14728,7047,7681,12887,6156,6731,7364,3533,3831,1841,894,947,
64445,7365,3596,3769,12889,6262,6627,14730,7047,7683,12888,6157,6731,7364,3533,3831,1841,894,947,
64450,7366,3597,3769,12889,6262,6627,14730,7047,7683,12889,6157,6732,7364,3533,3831,1841,894,947,
64455,7367,3597,3770,12891,6262,6629,14733,7048,7685,12890,6158,6732,7365,3533,3832,1841,894,947,
64460,7367,3597,3770,12892,6263,6629,14733,7048,7685,12891,6159,6732,7365,3533,3832,1842,894,948,
64465,7368,3597,3771,12892,6263,6629,14734,7049,7685,12892,6160,6732,7367,3534,3833,1842,894,948,
64470,7368,3597,3771,12893,6263,6630,14735,7049,7686,12893,6161,6732,7368,3535,3833,1842,894,948,
64475,7368,3597,3771,12895,6264,6631,14736,7050,7686,12894,6161,6733,7368,3535,3833,1842,894,948,
64480,7369,3597,3772,12896,6264,6632,14738,7051,7687,12895,6162,6733,7368,3535,3833,1842,894,948,
64485,7370,3597,3773,12896,6264,6632,14738,7051,7687,12896,6163,6733,7368,3535,3833,1842,894,948,
64490,7371,3598,3773,12898,6265,6633,14741,7052,7689,12897,6164,6733,7369,3535,3834,1842,894,948,
64495,7371,3598,3773,12899,6265,6634,14741,7052,7689,12898,6165,6733,7369,3535,3834,1843,895,948,
64500,7372,3599,3773,12899,6265,6634,14742,7053,7689,12899,6165,6734,7371,3535,3836,1843,895,948,
64505,7372,3599,3773,12900,6266,6634,14743,7054,7689,12900,6166,6734,7372,3535,3837,1843,895,948,
64510,7372,3599,3773,12902,6267,6635,14744,7055,7689,12901,6166,6735,7372,3535,3837,1843,895,948,
64515,7373,3599,3774,12903,6267,6636,14746,7056,7690,12902,6166,6736,7372,3535,3837,1843,895,948,
64520,7374,3600,3774,12903,6267,6636,14746,7056,7690,12903,6167,6736,7372,3535,3837,1843,895,948,
64525,7375,3600,3775,12905,6267,6638,14749,7057,7692,12904,6168,6736,7373,3536,3837,1843,895,948,
64530,7375,3600,3775,12906,6267,6639,14749,7057,7692,12905,6168,6737,7373,3536,3837,1844,895,949,
64535,7376,3600,3776,12906,6267,6639,14750,7058,7692,12906,6169,6737,7375,3536,3839,1844,895,949,
64540,7376,3600,3776,12907,6267,6640,14751,7059,7692,12907,6170,6737,7376,3537,3839,1844,895,949,
64545,7376,3600,3776,12909,6268,6641,14752,7060,7692,12908,6170,6738,7376,3537,3839,1844,895,949,
64550,7377,3601,3776,12910,6268,6642,14754,7060,7694,12909,6170,6739,7376,3537,3839,1844,895,949,
64555,7378,3601,3777,12910,6268,6642,14754,7060,7694,12910,6170,6740,7376,3537,3839,1844,895,949,
64560,7379,3602,3777,12912,6268,6644,14757,7060,7697,12911,6171,6740,7377,3537,3840,1844,895,949,
64565,7379,3602,3777,12913,6268,6645,14757,7060,7697,12912,6171,6741,7377,3537,3840,1845,895,950,
64570,7380,3602,3778,12913,6268,6645,14758,7061,7697,12913,6171,6742,7379,3539,3840,1845,895,950,
64575,7380,3602,3778,12914,6269,6645,14759,7061,7698,12914,6171,6743,7380,3540,3840,1845,895,950,
64580,7380,3602,3778,12916,6271,6645,14760,7061,7699,12915,6171,6744,7380,3540,3840,1845,895,950,
64585,7381,3602,3779,12917,6271,6646,14762,7061,7701,12916,6172,6744,7380,3540,3840,1845,895,950,
64590,7382,3603,3779,12917,6271,6646,14762,7061,7701,12917,6172,6745,7380,3540,3840,1845,895,950,
64595,7383,3603,3780,12919,6273,6646,14765,7062,7703,12918,6172,6746,7381,3541,3840,1845,895,950,
64600,7383,3603,3780,12920,6274,6646,14765,7062,7703,12919,6172,6747,7381,3541,3840,1846,895,951,
64605,7384,3603,3781,12920,6274,6646,14766,7062,7704,12920,6173,6747,7383,3542,3841,1846,895,951,
64610,7384,3603,3781,12921,6274,6647,14767,7063,7704,12921,6174,6747,7384,3543,3841,1846,895,951,
64615,7384,3603,3781,12923,6275,6648,14768,7063,7705,12922,6175,6747,7384,3543,3841,1846,895,951,
64620,7385,3603,3782,12924,6276,6648,14770,7064,7706,12923,6175,6748,7384,3543,3841,1846,895,951,
64625,7386,3603,3783,12924,6276,6648,14770,7064,7706,12924,6176,6748,7384,3543,3841,1846,895,951,
64630,7387,3603,3784,12926,6278,6648,14773,7067,7706,12925,6177,6748,7385,3544,3841,1846,895,951,
64635,7387,3603,3784,12927,6278,6649,14773,7067,7706,12926,6177,6749,7385,3544,3841,1847,896,951,
64640,7388,3604,3784,12927,6278,6649,14774,7068,7706,12927,6178,6749,7387,3545,3842,1847,896,951,
64645,7388,3604,3784,12928,6278,6650,14775,7068,7707,12928,6179,6749,7388,3545,3843,1847,896,951,
64650,7388,3604,3784,12930,6279,6651,14776,7068,7708,12929,6179,6750,7388,3545,3843,1847,896,951,
64655,7389,3605,3784,12931,6280,6651,14778,7068,7710,12930,6180,6750,7388,3545,3843,1847,896,951,
64660,7390,3605,3785,12931,6280,6651,14778,7068,7710,12931,6180,6751,7388,3545,3843,1847,896,951,
64665,7391,3605,3786,12933,6280,6653,14781,7069,7712,12932,6181,6751,7389,3546,3843,1847,896,951,
64670,7391,3605,3786,12934,6281,6653,14781,7069,7712,12933,6181,6752,7389,3546,3843,1848,897,951,
64675,7392,3606,3786,12934,6281,6653,14782,7069,7713,12934,6181,6753,7391,3547,3844,1848,897,951,
64680,7392,3606,3786,12935,6282,6653,14783,7070,7713,12935,6181,6754,7392,3548,3844,1848,897,951,
64685,7392,3606,3786,12937,6283,6654,14784,7070,7714,12936,6182,6754,7392,3548,3844,1848,897,951,
64690,7393,3607,3786,12938,6284,6654,14786,7071,7715,12937,6183,6754,7392,3548,3844,1848,897,951,
64695,7394,3607,3787,12938,6284,6654,14786,7071,7715,12938,6183,6755,7392,3548,3844,1848,897,951,
64700,7395,3608,3787,12940,6285,6655,14789,7074,7715,12939,6184,6755,7393,3548,3845,1848,897,951,
64705,7395,3608,3787,12941,6285,6656,14789,7074,7715,12940,6184,6756,7393,3548,3845,1849,898,951,
64710,7396,3609,3787,12941,6285,6656,14790,7075,7715,12941,6184,6757,7395,3548,3847,1849,898,951,
64715,7396,3609,3787,12942,6286,6656,14791,7076,7715,12942,6184,6758,7396,3548,3848,1849,898,951,
64720,7396,3609,3787,12944,6286,6658,14792,7076,7716,12943,6184,6759,7396,3548,3848,1849,898,951,
64725,7397,3610,3787,12945,6286,6659,14794,7076,7718,12944,6185,6759,7396,3548,3848,1849,898,951,
64730,7398,3611,3787,12945,6286,6659,14794,7076,7718,12945,6185,6760,7396,3548,3848,1849,898,951,
64735,7399,3611,3788,12947,6286,6661,14797,7077,7720,12946,6186,6760,7397,3548,3849,1849,898,951,
64740,7399,3611,3788,12948,6287,6661,14797,7077,7720,12947,6187,6760,7397,3548,3849,1850,899,951,
64745,7400,3611,3789,12948,6287,6661,14798,7077,7721,12948,6187,6761,7399,3548,3851,1850,899,951,
64750,7400,3611,3789,12949,6288,6661,14799,7078,7721,12949,6187,6762,7400,3549,3851,1850,899,951,
64755,7400,3611,3789,12951,6289,6662,14800,7079,7721,12950,6187,6763,7400,3549,3851,1850,899,951,
64760,7401,3611,3790,12952,6290,6662,14802,7081,7721,12951,6187,6764,7400,3549,3851,1850,899,951,
64765,7402,3611,3791,12952,6290,6662,14802,7081,7721,12952,6188,6764,7400,3549,3851,1850,899,951,
64770,7403,3611,3792,12954,6291,6663,14805,7081,7724,12953,6189,6764,7401,3550,3851,1850,899,951,
64775,7403,3611,3792,12955,6292,6663,14805,7081,7724,12954,6190,6764,7401,3550,3851,1851,899,952,
64780,7404,3612,3792,12955,6292,6663,14806,7082,7724,12955,6190,6765,7403,3551,3852,1851,899,952,
64785,7404,3612,3792,12956,6293,6663,14807,7083,7724,12956,6190,6766,7404,3551,3853,1851,899,952,
64790,7404,3612,3792,12958,6294,6664,14808,7083,7725,12957,6190,6767,7404,3551,3853,1851,899,952,
64795,7405,3613,3792,12959,6294,6665,14810,7084,7726,12958,6191,6767,7404,3551,3853,1851,899,952,
64800,7406,3614,3792,12959,6294,6665,14810,7084,7726,12959,6192,6767,7404,3551,3853,1851,899,952,
64805,7407,3615,3792,12961,6294,6667,14813,7084,7729,12960,6193,6767,7405,3552,3853,1851,899,952,
64810,7407,3615,3792,12962,6294,6668,14813,7084,7729,12961,6194,6767,7405,3552,3853,1852,900,952,
64815,7408,3615,3793,12962,6294,6668,14814,7085,7729,12962,6194,6768,7407,3552,3855,1852,900,952,
64820,7408,3615,3793,12963,6295,6668,14815,7086,7729,12963,6195,6768,7408,3553,3855,1852,900,952,
64825,7408,3615,3793,12965,6295,6670,14816,7086,7730,12964,6195,6769,7408,3553,3855,1852,900,952,
64830,7409,3616,3793,12966,6296,6670,14818,7088,7730,12965,6196,6769,7408,3553,3855,1852,900,952,
64835,7410,3616,3794,12966,6296,6670,14818,7088,7730,12966,6196,6770,7408,3553,3855,1852,900,952,
64840,7411,3616,3795,12968,6296,6672,14821,7090,7731,12967,6197,6770,7409,3553,3856,1852,900,952,
64845,7411,3616,3795,12969,6296,6673,14821,7090,7731,12968,6197,6771,7409,3553,3856,1853,901,952,
64850,7412,3617,3795,12969,6296,6673,14822,7091,7731,12969,6197,6772,7411,3554,3857,1853,901,952,
64855,7412,3617,3795,12970,6296,6674,14823,7091,7732,12970,6197,6773,7412,3554,3858,1853,901,952,
64860,7412,3617,3795,12972,6296,6676,14824,7092,7732,12971,6197,6774,7412,3554,3858,1853,901,952,
64865,7413,3617,3796,12973,6297,6676,14826,7092,7734,12972,6198,6774,7412,3554,3858,1853,901,952,
64870,7414,3618,3796,12973,6297,6676,14826,7092,7734,12973,6198,6775,7412,3554,3858,1853,901,952,
64875,7415,3619,3796,12975,6299,6676,14829,7094,7735,12974,6198,6776,7413,3555,3858,1853,901,952,
64880,7415,3619,3796,12976,6300,6676,14829,7094,7735,12975,6199,6776,7413,3555,3858,1854,901,953,
64885,7416,3619,3797,12976,6300,6676,14830,7095,7735,12976,6200,6776,7415,3556,3859,1854,901,953,
64890,7416,3619,3797,12977,6301,6676,14831,7096,7735,12977,6201,6776,7416,3557,3859,1854,901,953,
64895,7416,3619,3797,12979,6303,6676,14832,7096,7736,12978,6202,6776,7416,3557,3859,1854,901,953,
64900,7417,3619,3798,12980,6303,6677,14834,7097,7737,12979,6203,6776,7416,3557,3859,1854,901,953,
64905,7418,3620,3798,12980,6303,6677,14834,7097,7737,12980,6204,6776,7416,3557,3859,1854,901,953,
64910,7419,3621,3798,12982,6303,6679,14837,7097,7740,12981,6205,6776,7417,3558,3859,1854,901,953,
64915,7419,3621,3798,12983,6303,6680,14837,7097,7740,12982,6205,6777,7417,3558,3859,1855,901,954,
64920,7420,3621,3799,12983,6303,6680,14838,7097,7741,12983,6206,6777,7419,3558,3861,1855,901,954,
64925,7420,3621,3799,12984,6304,6680,14839,7098,7741,12984,6206,6778,7420,3559,3861,1855,901,954,
64930,7420,3621,3799,12986,6306,6680,14840,7098,7742,12985,6206,6779,7420,3559,3861,1855,901,954,
64935,7421,3622,3799,12987,6306,6681,14842,7099,7743,12986,6206,6780,7420,3559,3861,1855,901,954,
64940,7422,3622,3800,12987,6306,6681,14842,7099,7743,12987,6207,6780,7420,3559,3861,1855,901,954,
64945,7423,3622,3801,12989,6306,6683,14845,7099,7746,12988,6207,6781,7421,3559,3862,1855,901,954,
64950,7423,3622,3801,12990,6307,6683,14845,7099,7746,12989,6207,6782,7421,3559,3862,1856,901,955,
64955,7424,3623,3801,12990,6307,6683,14846,7099,7747,12990,6207,6783,7423,3559,3864,1856,901,955,
64960,7424,3623,3801,12991,6308,6683,14847,7100,7747,12991,6207,6784,7424,3560,3864,1856,901,955,
64965,7424,3623,3801,12993,6309,6684,14848,7100,7748,12992,6207,6785,7424,3560,3864,1856,901,955,
64970,7425,3623,3802,12994,6310,6684,14850,7101,7749,12993,6207,6786,7424,3560,3864,1856,901,955,
64975,7426,3623,3803,12994,6310,6684,14850,7101,7749,12994,6207,6787,7424,3560,3864,1856,901,955,
64980,7427,3623,3804,12996,6310,6686,14853,7102,7751,12995,6208,6787,7425,3561,3864,1856,901,955,
64985,7427,3623,3804,12997,6310,6687,14853,7102,7751,12996,6208,6788,7425,3561,3864,1857,902,955,
64990,7428,3624,3804,12997,6310,6687,14854,7103,7751,12997,6208,6789,7427,3562,3865,1857,902,955,
64995,7428,3624,3804,12998,6310,6688,14855,7104,7751,12998,6208,6790,7428,3562,3866,1857,902,955,
65000,7428,3624,3804,13000,6311,6689,14856,7105,7751,12999,6208,6791,7428,3562,3866,1857,902,955,
65005,7429,3624,3805,13001,6312,6689,14858,7107,7751,13000,6209,6791,7428,3562,3866,1857,902,955,
65010,7430,3624,3806,13001,6312,6689,14858,7107,7751,13001,6210,6791,7428,3562,3866,1857,902,955,
65015,7431,3625,3806,13003,6313,6690,14861,7108,7753,13002,6211,6791,7429,3562,3867,1857,902,955,
65020,7431,3625,3806,13004,6314,6690,14861,7108,7753,13003,6212,6791,7429,3562,3867,1858,902,956,
65025,7432,3626,3806,13004,6314,6690,14862,7108,7754,13004,6212,6792,7431,3563,3868,1858,902,956,
65030,7432,3626,3806,13005,6314,6691,14863,7109,7754,13005,6212,6793,7432,3564,3868,1858,902,956,
65035,7432,3626,3806,13007,6315,6692,14864,7110,7754,13006,6212,6794,7432,3564,3868,1858,902,956,
65040,7433,3626,3807,13008,6315,6693,14866,7111,7755,13007,6212,6795,7432,3564,3868,1858,902,956,
65045,7434,3627,3807,13008,6315,6693,14866,7111,7755,13008,6213,6795,7432,3564,3868,1858,902,956,
65050,7435,3628,3807,13010,6316,6694,14869,7112,7757,13009,6214,6795,7433,3565,3868,1858,902,956,
65055,7435,3628,3807,13011,6316,6695,14869,7112,7757,13010,6214,6796,7433,3565,3868,1859,902,957,
65060,7436,3628,3808,13011,6316,6695,14870,7113,7757,13011,6214,6797,7435,3566,3869,1859,902,957,
65065,7436,3628,3808,13012,6316,6696,14871,7113,7758,13012,6214,6798,7436,3567,3869,1859,902,957,
65070,7436,3628,3808,13014,6316,6698,14872,7113,7759,13013,6215,6798,7436,3567,3869,1859,902,957,
65075,7437,3628,3809,13015,6316,6699,14874,7115,7759,13014,6215,6799,7436,3567,3869,1859,902,957,
65080,7438,3628,3810,13015,6316,6699,14874,7115,7759,13015,6215,6800,7436,3567,3869,1859,902,957,
65085,7439,3628,3811,13017,6316,6701,14877,7116,7761,13016,6215,6801,7437,3567,3870,1859,902,957,
65090,7439,3628,3811,13018,6316,6702,14877,7116,7761,13017,6215,6802,7437,3567,3870,1860,902,958,
65095,7440,3629,3811,13018,6316,6702,14878,7117,7761,13018,6216,6802,7439,3568,3871,1860,902,958,
65100,7440,3629,3811,13019,6316,6703,14879,7117,7762,13019,6216,6803,7440,3568,3872,1860,902,958,
65105,7440,3629,3811,13021,6317,6704,14880,7117,7763,13020,6217,6803,7440,3568,3872,1860,902,958,
65110,7441,3630,3811,13022,6318,6704,14882,7118,7764,13021,6217,6804,7440,3568,3872,1860,902,958,
65115,7442,3630,3812,13022,6318,6704,14882,7118,7764,13022,6217,6805,7440,3568,3872,1860,902,958,
65120,7443,3630,3813,13024,6319,6705,14885,7120,7765,13023,6218,6805,7441,3569,3872,1860,902,958,
65125,7443,3630,3813,13025,6319,6706,14885,7120,7765,13024,6219,6805,7441,3569,3872,1861,902,959,
65130,7444,3631,3813,13025,6319,6706,14886,7120,7766,13025,6220,6805,7443,3570,3873,1861,902,959,
65135,7444,3631,3813,13026,6320,6706,14887,7121,7766,13026,6221,6805,7444,3570,3874,1861,902,959,
65140,7444,3631,3813,13028,6320,6708,14888,7122,7766,13027,6222,6805,7444,3570,3874,1861,902,959,
65145,7445,3632,3813,13029,6320,6709,14890,7124,7766,13028,6223,6805,7444,3570,3874,1861,902,959,
65150,7446,3632,3814,13029,6320,6709,14890,7124,7766,13029,6224,6805,7444,3570,3874,1861,902,959,
65155,7447,3632,3815,13031,6320,6711,14893,7125,7768,13030,6225,6805,7445,3571,3874,1861,902,959,
65160,7447,3632,3815,13032,6321,6711,14893,7125,7768,13031,6225,6806,7445,3571,3874,1862,902,960,
65165,7448,3632,3816,13032,6321,6711,14894,7126,7768,13032,6225,6807,7447,3573,3874,1862,902,960,
65170,7448,3632,3816,13033,6322,6711,14895,7126,7769,13033,6226,6807,7448,3573,3875,1862,902,960,
65175,7448,3632,3816,13035,6322,6713,14896,7127,7769,13034,6227,6807,7448,3573,3875,1862,902,960,
65180,7449,3633,3816,13036,6323,6713,14898,7127,7771,13035,6228,6807,7448,3573,3875,1862,902,960,
65185,7450,3634,3816,13036,6323,6713,14898,7127,7771,13036,6228,6808,7448,3573,3875,1862,902,960,
65190,7451,3634,3817,13038,6325,6713,14901,7128,7773,13037,6228,6809,7449,3574,3875,1862,902,960,
65195,7451,3634,3817,13039,6325,6714,14901,7128,7773,13038,6229,6809,7449,3574,3875,1863,902,961,
65200,7452,3635,3817,13039,6325,6714,14902,7128,7774,13039,6230,6809,7451,3575,3876,1863,902,961,
65205,7452,3635,3817,13040,6325,6715,14903,7128,7775,13040,6230,6810,7452,3575,3877,1863,902,961,
65210,7452,3635,3817,13042,6326,6716,14904,7128,7776,13041,6231,6810,7452,3575,3877,1863,902,961,
65215,7453,3636,3817,13043,6326,6717,14906,7129,7777,13042,6232,6810,7452,3575,3877,1863,902,961,
65220,7454,3636,3818,13043,6326,6717,14906,7129,7777,13043,6232,6811,7452,3575,3877,1863,902,961,
65225,7455,3637,3818,13045,6326,6719,14909,7130,7779,13044,6232,6812,7453,3576,3877,1863,902,961,
65230,7455,3637,3818,13046,6327,6719,14909,7130,7779,13045,6232,6813,7453,3576,3877,1864,902,962,
65235,7456,3637,3819,13046,6327,6719,14910,7131,7779,13046,6232,6814,7455,3577,3878,1864,902,962,
65240,7456,3637,3819,13047,6327,6720,14911,7132,7779,13047,6232,6815,7456,3577,3879,1864,902,962,
65245,7456,3637,3819,13049,6329,6720,14912,7133,7779,13048,6232,6816,7456,3577,3879,1864,902,962,
65250,7457,3637,3820,13050,6330,6720,14914,7135,7779,13049,6232,6817,7456,3577,3879,1864,902,962,
65255,7458,3638,3820,13050,6330,6720,14914,7135,7779,13050,6232,6818,7456,3577,3879,1864,902,962,
65260,7459,3639,3820,13052,6330,6722,14917,7136,7781,13051,6233,6818,7457,3578,3879,1864,902,962,
65265,7459,3639,3820,13053,6330,6723,14917,7136,7781,13052,6234,6818,7457,3578,3879,1865,902,963,
65270,7460,3639,3821,13053,6330,6723,14918,7137,7781,13053,6235,6818,7459,3579,3880,1865,902,963,
65275,7460,3639,3821,13054,6330,6724,14919,7138,7781,13054,6235,6819,7460,3580,3880,1865,902,963,
65280,7460,3639,3821,13056,6331,6725,14920,7139,7781,13055,6235,6820,7460,3580,3880,1865,902,963,
65285,7461,3640,3821,13057,6331,6726,14922,7140,7782,13056,6236,6820,7460,3580,3880,1865,902,963,
65290,7462,3640,3822,13057,6331,6726,14922,7140,7782,13057,6237,6820,7460,3580,3880,1865,902,963,
65295,7463,3641,3822,13059,6331,6728,14925,7142,7783,13058,6238,6820,7461,3580,3881,1865,902,963,
65300,7463,3641,3822,13060,6332,6728,14925,7142,7783,13059,6238,6821,7461,3580,3881,1866,902,964,
65305,7464,3641,3823,13060,6332,6728,14926,7142,7784,13060,6238,6822,7463,3580,3883,1866,902,964,
65310,7464,3641,3823,13061,6333,6728,14927,7143,7784,13061,6239,6822,7464,3581,3883,1866,902,964,
65315,7464,3641,3823,13063,6334,6729,14928,7143,7785,13062,6239,6823,7464,3581,3883,1866,902,964,
65320,7465,3641,3824,13064,6334,6730,14930,7145,7785,13063,6239,6824,7464,3581,3883,1866,902,964,
65325,7466,3642,3824,13064,6334,6730,14930,7145,7785,13064,6240,6824,7464,3581,3883,1866,902,964,
65330,7467,3642,3825,13066,6335,6731,14933,7146,7787,13065,6240,6825,7465,3581,3884,1866,902,964,
65335,7467,3642,3825,13067,6335,6732,14933,7146,7787,13066,6241,6825,7465,3581,3884,1867,902,965,
65340,7468,3643,3825,13067,6335,6732,14934,7147,7787,13067,6242,6825,7467,3582,3885,1867,902,965,
65345,7468,3643,3825,13068,6336,6732,14935,7147,7788,13068,6243,6825,7468,3583,3885,1867,902,965,
65350,7468,3643,3825,13070,6336,6734,14936,7148,7788,13069,6244,6825,7468,3583,3885,1867,902,965,
65355,7469,3643,3826,13071,6337,6734,14938,7150,7788,13070,6244,6826,7468,3583,3885,1867,902,965,
65360,7470,3644,3826,13071,6337,6734,14938,7150,7788,13071,6245,6826,7468,3583,3885,1867,902,965,
65365,7471,3644,3827,13073,6338,6735,14941,7151,7790,13072,6245,6827,7469,3584,3885,1867,902,965,
65370,7471,3644,3827,13074,6339,6735,14941,7151,7790,13073,6245,6828,7469,3584,3885,1868,902,966,
65375,7472,3644,3828,13074,6339,6735,14942,7151,7791,13074,6246,6828,7471,3585,3886,1868,902,966,
65380,7472,3644,3828,13075,6340,6735,14943,7151,7792,13075,6246,6829,7472,3586,3886,1868,902,966,
65385,7472,3644,3828,13077,6341,6736,14944,7151,7793,13076,6246,6830,7472,3586,3886,1868,902,966,
65390,7473,3645,3828,13078,6341,6737,14946,7153,7793,13077,6246,6831,7472,3586,3886,1868,902,966,
65395,7474,3646,3828,13078,6341,6737,14946,7153,7793,13078,6247,6831,7472,3586,3886,1868,902,966,
65400,7475,3647,3828,13080,6342,6738,14949,7153,7796,13079,6247,6832,7473,3586,3887,1868,902,966,
65405,7475,3647,3828,13081,6342,6739,14949,7153,7796,13080,6247,6833,7473,3586,3887,1869,902,967,
65410,7476,3647,3829,13081,6342,6739,14950,7153,7797,13081,6248,6833,7475,3588,3887,1869,902,967,
65415,7476,3647,3829,13082,6343,6739,14951,7153,7798,13082,6249,6833,7476,3589,3887,1869,902,967,
65420,7476,3647,3829,13084,6345,6739,14952,7153,7799,13083,6250,6833,7476,3589,3887,1869,902,967,
65425,7477,3647,3830,13085,6345,6740,14954,7153,7801,13084,6251,6833,7476,3589,3887,1869,902,967,
65430,7478,3648,3830,13085,6345,6740,14954,7153,7801,13085,6251,6834,7476,3589,3887,1869,902,967,
65435,7479,3649,3830,13087,6345,6742,14957,7153,7804,13086,6252,6834,7477,3590,3887,1869,902,967,
65440,7479,3649,3830,13088,6345,6743,14957,7153,7804,13087,6252,6835,7477,3590,3887,1870,902,968,
65445,7480,3650,3830,13088,6345,6743,14958,7154,7804,13088,6252,6836,7479,3591,3888,1870,902,968,
65450,7480,3650,3830,13089,6346,6743,14959,7154,7805,13089,6252,6837,7480,3591,3889,1870,902,968,
65455,7480,3650,3830,13091,6348,6743,14960,7155,7805,13090,6252,6838,7480,3591,3889,1870,902,968,
65460,7481,3650,3831,13092,6348,6744,14962,7155,7807,13091,6253,6838,7480,3591,3889,1870,902,968,
65465,7482,3651,3831,13092,6348,6744,14962,7155,7807,13092,6253,6839,7480,3591,3889,1870,902,968,
65470,7483,3651,3832,13094,6349,6745,14965,7156,7809,13093,6254,6839,7481,3592,3889,1870,902,968,
65475,7483,3651,3832,13095,6349,6746,14965,7156,7809,13094,6255,6839,7481,3592,3889,1871,903,968,
65480,7484,3652,3832,13095,6349,6746,14966,7156,7810,13095,6256,6839,7483,3593,3890,1871,903,968,
65485,7484,3652,3832,13096,6349,6747,14967,7157,7810,13096,6256,6840,7484,3594,3890,1871,903,968,
65490,7484,3652,3832,13098,6350,6748,14968,7158,7810,13097,6257,6840,7484,3594,3890,1871,903,968,
65495,7485,3652,3833,13099,6351,6748,14970,7159,7811,13098,6257,6841,7484,3594,3890,1871,903,968,
65500,7486,3653,3833,13099,6351,6748,14970,7159,7811,13099,6257,6842,7484,3594,3890,1871,903,968,
65505,7487,3654,3833,13101,6352,6749,14973,7161,7812,13100,6258,6842,7485,3595,3890,1871,903,968,
65510,7487,3654,3833,13102,6353,6749,14973,7161,7812,13101,6259,6842,7485,3595,3890,1872,904,968,
65515,7488,3655,3833,13102,6353,6749,14974,7162,7812,13102,6260,6842,7487,3596,3891,1872,904,968,
65520,7488,3655,3833,13103,6354,6749,14975,7162,7813,13103,6260,6843,7488,3597,3891,1872,904,968,
65525,7488,3655,3833,13105,6356,6749,14976,7162,7814,13104,6261,6843,7488,3597,3891,1872,904,968,
65530,7489,3656,3833,13106,6356,6750,14978,7163,7815,13105,6261,6844,7488,3597,3891,1872,904,968,
65535,7490,3657,3833,13106,6356,6750,14978,7163,7815,13106,6261,6845,7488,3597,3891,1872,904,968,
65540,7491,3657,3834,13108,6357,6751,14981,7164,7817,13107,6261,6846,7489,3598,3891,1872,904,968,
65545,7491,3657,3834,13109,6358,6751,14981,7164,7817,13108,6262,6846,7489,3598,3891,1873,905,968,
65550,7492,3657,3835,13109,6358,6751,14982,7164,7818,13109,6262,6847,7491,3599,3892,1873,905,968,
65555,7492,3657,3835,13110,6359,6751,14983,7165,7818,13110,6262,6848,7492,3599,3893,1873,905,968,
65560,7492,3657,3835,13112,6361,6751,14984,7166,7818,13111,6263,6848,7492,3599,3893,1873,905,968,
65565,7493,3657,3836,13113,6361,6752,14986,7168,7818,13112,6264,6848,7492,3599,3893,1873,905,968,
65570,7494,3658,3836,13113,6361,6752,14986,7168,7818,13113,6264,6849,7492,3599,3893,1873,905,968,
65575,7495,3659,3836,13115,6362,6753,14989,7170,7819,13114,6264,6850,7493,3600,3893,1873,905,968,
65580,7495,3659,3836,13116,6362,6754,14989,7170,7819,13115,6265,6850,7493,3600,3893,1874,905,969,
65585,7496,3659,3837,13116,6362,6754,14990,7171,7819,13116,6266,6850,7495,3601,3894,1874,905,969,
65590,7496,3659,3837,13117,6362,6755,14991,7172,7819,13117,6266,6851,7496,3602,3894,1874,905,969,
65595,7496,3659,3837,13119,6362,6757,14992,7172,7820,13118,6266,6852,7496,3602,3894,1874,905,969,
65600,7497,3659,3838,13120,6362,6758,14994,7173,7821,13119,6267,6852,7496,3602,3894,1874,905,969,
65605,7498,3659,3839,13120,6362,6758,14994,7173,7821,13120,6267,6853,7496,3602,3894,1874,905,969,
65610,7499,3660,3839,13122,6362,6760,14997,7174,7823,13121,6267,6854,7497,3603,3894,1874,905,969,
65615,7499,3660,3839,13123,6363,6760,14997,7174,7823,13122,6268,6854,7497,3603,3894,1875,906,969,
65620,7500,3660,3840,13123,6363,6760,14998,7174,7824,13123,6269,6854,7499,3604,3895,1875,906,969,
65625,7500,3660,3840,13124,6363,6761,14999,7174,7825,13124,6270,6854,7500,3604,3896,1875,906,969,
65630,7500,3660,3840,13126,6364,6762,15000,7175,7825,13125,6271,6854,7500,3604,3896,1875,906,969,
65635,7501,3660,3841,13127,6365,6762,15002,7176,7826,13126,6271,6855,7500,3604,3896,1875,906,969,
65640,7502,3660,3842,13127,6365,6762,15002,7176,7826,13127,6271,6856,7500,3604,3896,1875,906,969,
65645,7503,3660,3843,13129,6365,6764,15005,7178,7827,13128,6271,6857,7501,3605,3896,1875,906,969,
65650,7503,3660,3843,13130,6365,6765,15005,7178,7827,13129,6271,6858,7501,3605,3896,1876,906,970,
65655,7504,3661,3843,13130,6365,6765,15006,7178,7828,13130,6271,6859,7503,3606,3897,1876,906,970,
65660,7504,3661,3843,13131,6365,6766,15007,7178,7829,13131,6272,6859,7504,3607,3897,1876,906,970,
65665,7504,3661,3843,13133,6365,6768,15008,7179,7829,13132,6273,6859,7504,3607,3897,1876,906,970,
65670,7505,3661,3844,13134,6366,6768,15010,7179,7831,13133,6274,6859,7504,3607,3897,1876,906,970,
65675,7506,3662,3844,13134,6366,6768,15010,7179,7831,13134,6275,6859,7504,3607,3897,1876,906,970,
65680,7507,3663,3844,13136,6366,6770,15013,7180,7833,13135,6275,6860,7505,3607,3898,1876,906,970,
65685,7507,3663,3844,13137,6366,6771,15013,7180,7833,13136,6276,6860,7505,3607,3898,1877,906,971,
65690,7508,3664,3844,13137,6366,6771,15014,7181,7833,13137,6276,6861,7507,3609,3898,1877,906,971,
65695,7508,3664,3844,13138,6367,6771,15015,7181,7834,13138,6276,6862,7508,3609,3899,1877,906,971,
65700,7508,3664,3844,13140,6368,6772,15016,7182,7834,13139,6277,6862,7508,3609,3899,1877,906,971,
65705,7509,3664,3845,13141,6369,6772,15018,7184,7834,13140,6277,6863,7508,3609,3899,1877,906,971,
65710,7510,3665,3845,13141,6369,6772,15018,7184,7834,13141,6278,6863,7508,3609,3899,1877,906,971,
65715,7511,3665,3846,13143,6370,6773,15021,7186,7835,13142,6279,6863,7509,3609,3900,1877,906,971,
65720,7511,3665,3846,13144,6371,6773,15021,7186,7835,13143,6280,6863,7509,3609,3900,1878,906,972,
65725,7512,3665,3847,13144,6371,6773,15022,7186,7836,13144,6280,6864,7511,3610,3901,1878,906,972,
65730,7512,3665,3847,13145,6372,6773,15023,7187,7836,13145,6281,6864,7512,3610,3902,1878,906,972,
65735,7512,3665,3847,13147,6374,6773,15024,7188,7836,13146,6282,6864,7512,3610,3902,1878,906,972,
65740,7513,3665,3848,13148,6374,6774,15026,7190,7836,13147,6282,6865,7512,3610,3902,1878,906,972,
65745,7514,3665,3849,13148,6374,6774,15026,7190,7836,13148,6282,6866,7512,3610,3902,1878,906,972,
65750,7515,3666,3849,13150,6376,6774,15029,7190,7839,13149,6283,6866,7513,3611,3902,1878,906,972,
65755,7515,3666,3849,13151,6377,6774,15029,7190,7839,13150,6283,6867,7513,3611,3902,1879,906,973,
65760,7516,3667,3849,13151,6377,6774,15030,7190,7840,13151,6283,6868,7515,3612,3903,1879,906,973,
65765,7516,3667,3849,13152,6377,6775,15031,7190,7841,13152,6283,6869,7516,3612,3904,1879,906,973,
65770,7516,3667,3849,13154,6379,6775,15032,7191,7841,13153,6284,6869,7516,3612,3904,1879,906,973,
65775,7517,3668,3849,13155,6380,6775,15034,7193,7841,13154,6285,6869,7516,3612,3904,1879,906,973,
65780,7518,3669,3849,13155,6380,6775,15034,7193,7841,13155,6285,6870,7516,3612,3904,1879,906,973,
65785,7519,3669,3850,13157,6381,6776,15037,7194,7843,13156,6286,6870,7517,3613,3904,1879,906,973,
65790,7519,3669,3850,13158,6381,6777,15037,7194,7843,13157,6286,6871,7517,3613,3904,1880,906,974,
65795,7520,3669,3851,13158,6381,6777,15038,7195,7843,13158,6287,6871,7519,3614,3905,1880,906,974,
65800,7520,3669,3851,13159,6381,6778,15039,7196,7843,13159,6288,6871,7520,3615,3905,1880,906,974,
65805,7520,3669,3851,13161,6383,6778,15040,7197,7843,13160,6288,6872,7520,3615,3905,1880,906,974,
65810,7521,3670,3851,13162,6384,6778,15042,7199,7843,13161,6288,6873,7520,3615,3905,1880,906,974,
65815,7522,3671,3851,13162,6384,6778,15042,7199,7843,13162,6289,6873,7520,3615,3905,1880,906,974,
65820,7523,3672,3851,13164,6385,6779,15045,7201,7844,13163,6290,6873,7521,3615,3906,1880,906,974,
65825,7523,3672,3851,13165,6385,6780,15045,7201,7844,13164,6290,6874,7521,3615,3906,1881,907,974,
65830,7524,3672,3852,13165,6385,6780,15046,7202,7844,13165,6291,6874,7523,3615,3908,1881,907,974,
65835,7524,3672,3852,13166,6385,6781,15047,7202,7845,13166,6292,6874,7524,3616,3908,1881,907,974,
65840,7524,3672,3852,13168,6386,6782,15048,7203,7845,13167,6292,6875,7524,3616,3908,1881,907,974,
65845,7525,3673,3852,13169,6386,6783,15050,7205,7845,13168,6292,6876,7524,3616,3908,1881,907,974,
65850,7526,3673,3853,13169,6386,6783,15050,7205,7845,13169,6292,6877,7524,3616,3908,1881,907,974,
65855,7527,3674,3853,13171,6386,6785,15053,7207,7846,13170,6292,6878,7525,3616,3909,1881,907,974,
65860,7527,3674,3853,13172,6387,6785,15053,7207,7846,13171,6293,6878,7525,3616,3909,1882,908,974,
65865,7528,3675,3853,13172,6387,6785,15054,7207,7847,13172,6293,6879,7527,3617,3910,1882,908,974,
65870,7528,3675,3853,13173,6388,6785,15055,7207,7848,13173,6294,6879,7528,3617,3911,1882,908,974,
65875,7528,3675,3853,13175,6389,6786,15056,7208,7848,13174,6295,6879,7528,3617,3911,1882,908,974,
65880,7529,3676,3853,13176,6390,6786,15058,7209,7849,13175,6296,6879,7528,3617,3911,1882,908,974,
65885,7530,3677,3853,13176,6390,6786,15058,7209,7849,13176,6297,6879,7528,3617,3911,1882,908,974,
65890,7531,3678,3853,13178,6391,6787,15061,7211,7850,13177,6298,6879,7529,3618,3911,1882,908,974,
65895,7531,3678,3853,13179,6391,6788,15061,7211,7850,13178,6298,6880,7529,3618,3911,1883,909,974,
65900,7532,3679,3853,13179,6391,6788,15062,7212,7850,13179,6298,6881,7531,3620,3911,1883,909,974,
65905,7532,3679,3853,13180,6392,6788,15063,7212,7851,13180,6298,6882,7532,3621,3911,1883,909,974,
65910,7532,3679,3853,13182,6392,6790,15064,7212,7852,13181,6299,6882,7532,3621,3911,1883,909,974,
65915,7533,3680,3853,13183,6393,6790,15066,7212,7854,13182,6300,6882,7532,3621,3911,1883,909,974,
65920,7534,3680,3854,13183,6393,6790,15066,7212,7854,13183,6300,6883,7532,3621,3911,1883,909,974,
65925,7535,3681,3854,13185,6394,6791,15069,7213,7856,13184,6300,6884,7533,3622,3911,1883,909,974,
65930,7535,3681,3854,13186,6394,6792,15069,7213,7856,13185,6300,6885,7533,3622,3911,1884,909,975,
65935,7536,3681,3855,13186,6394,6792,15070,7213,7857,13186,6301,6885,7535,3623,3912,1884,909,975,
65940,7536,3681,3855,13187,6394,6793,15071,7214,7857,13187,6302,6885,7536,3624,3912,1884,909,975,
65945,7536,3681,3855,13189,6394,6795,15072,7214,7858,13188,6303,6885,7536,3624,3912,1884,909,975,
65950,7537,3681,3856,13190,6394,6796,15074,7214,7860,13189,6304,6885,7536,3624,3912,1884,909,975,
65955,7538,3682,3856,13190,6394,6796,15074,7214,7860,13190,6305,6885,7536,3624,3912,1884,909,975,
65960,7539,3682,3857,13192,6396,6796,15077,7215,7862,13191,6306,6885,7537,3624,3913,1884,909,975,
65965,7539,3682,3857,13193,6396,6797,15077,7215,7862,13192,6306,6886,7537,3624,3913,1885,909,976,
65970,7540,3683,3857,13193,6396,6797,15078,7215,7863,13193,6307,6886,7539,3626,3913,1885,909,976,
65975,7540,3683,3857,13194,6397,6797,15079,7216,7863,13194,6308,6886,7540,3626,3914,1885,909,976,
65980,7540,3683,3857,13196,6398,6798,15080,7217,7863,13195,6308,6887,7540,3626,3914,1885,909,976,
65985,7541,3683,3858,13197,6399,6798,15082,7219,7863,13196,6308,6888,7540,3626,3914,1885,909,976,
65990,7542,3683,3859,13197,6399,6798,15082,7219,7863,13197,6309,6888,7540,3626,3914,1885,909,976,
65995,7543,3684,3859,13199,6400,6799,15085,7221,7864,13198,6309,6889,7541,3626,3915,1885,909,976,
66000,7543,3684,3859,13200,6400,6800,15085,7221,7864,13199,6310,6889,7541,3626,3915,1886,910,976,
66005,7544,3684,3860,13200,6400,6800,15086,7222,7864,13200,6311,6889,7543,3627,3916,1886,910,976,
66010,7544,3684,3860,13201,6400,6801,15087,7222,7865,13201,6311,6890,7544,3628,3916,1886,910,976,
66015,7544,3684,3860,13203,6400,6803,15088,7222,7866,13202,6312,6890,7544,3628,3916,1886,910,976,
66020,7545,3684,3861,13204,6400,6804,15090,7223,7867,13203,6312,6891,7544,3628,3916,1886,910,976,
66025,7546,3684,3862,13204,6400,6804,15090,7223,7867,13204,6313,6891,7544,3628,3916,1886,910,976,
66030,7547,3684,3863,13206,6401,6805,15093,7225,7868,13205,6313,6892,7545,3628,3917,1886,910,976,
66035,7547,3684,3863,13207,6402,6805,15093,7225,7868,13206,6314,6892,7545,3628,3917,1887,911,976,
66040,7548,3684,3864,13207,6402,6805,15094,7226,7868,13207,6315,6892,7547,3629,3918,1887,911,976,
66045,7548,3684,3864,13208,6403,6805,15095,7227,7868,13208,6316,6892,7548,3630,3918,1887,911,976,
66050,7548,3684,3864,13210,6404,6806,15096,7228,7868,13209,6316,6893,7548,3630,3918,1887,911,976,
66055,7549,3685,3864,13211,6405,6806,15098,7229,7869,13210,6317,6893,7548,3630,3918,1887,911,976,
66060,7550,3685,3865,13211,6405,6806,15098,7229,7869,13211,6318,6893,7548,3630,3918,1887,911,976,
66065,7551,3685,3866,13213,6405,6808,15101,7231,7870,13212,6318,6894,7549,3631,3918,1887,911,976,
66070,7551,3685,3866,13214,6406,6808,15101,7231,7870,13213,6319,6894,7549,3631,3918,1888,912,976,
66075,7552,3686,3866,13214,6406,6808,15102,7231,7871,13214,6319,6895,7551,3632,3919,1888,912,976,
66080,7552,3686,3866,13215,6406,6809,15103,7232,7871,13215,6319,6896,7552,3633,3919,1888,912,976,
66085,7552,3686,3866,13217,6406,6811,15104,7232,7872,13216,6320,6896,7552,3633,3919,1888,912,976,
66090,7553,3686,3867,13218,6407,6811,15106,7232,7874,13217,6321,6896,7552,3633,3919,1888,912,976,
66095,7554,3687,3867,13218,6407,6811,15106,7232,7874,13218,6322,6896,7552,3633,3919,1888,912,976,
66100,7555,3688,3867,13220,6408,6812,15109,7233,7876,13219,6322,6897,7553,3633,3920,1888,912,976,
66105,7555,3688,3867,13221,6408,6813,15109,7233,7876,13220,6322,6898,7553,3633,3920,1889,913,976,
66110,7556,3688,3868,13221,6408,6813,15110,7233,7877,13221,6323,6898,7555,3634,3921,1889,913,976,
66115,7556,3688,3868,13222,6409,6813,15111,7234,7877,13222,6324,6898,7556,3635,3921,1889,913,976,
66120,7556,3688,3868,13224,6411,6813,15112,7235,7877,13223,6325,6898,7556,3635,3921,1889,913,976,
66125,7557,3688,3869,13225,6411,6814,15114,7237,7877,13224,6325,6899,7556,3635,3921,1889,913,976,
66130,7558,3689,3869,13225,6411,6814,15114,7237,7877,13225,6326,6899,7556,3635,3921,1889,913,976,
66135,7559,3689,3870,13227,6412,6815,15117,7238,7879,13226,6326,6900,7557,3636,3921,1889,913,976,
66140,7559,3689,3870,13228,6413,6815,15117,7238,7879,13227,6326,6901,7557,3636,3921,1890,913,977,
66145,7560,3690,3870,13228,6413,6815,15118,7238,7880,13228,6327,6901,7559,3636,3923,1890,913,977,
66150,7560,3690,3870,13229,6413,6816,15119,7239,7880,13229,6327,6902,7560,3636,3924,1890,913,977,
66155,7560,3690,3870,13231,6414,6817,15120,7239,7881,13230,6327,6903,7560,3636,3924,1890,913,977,
66160,7561,3691,3870,13232,6414,6818,15122,7239,7883,13231,6327,6904,7560,3636,3924,1890,913,977,
66165,7562,3692,3870,13232,6414,6818,15122,7239,7883,13232,6328,6904,7560,3636,3924,1890,913,977,
66170,7563,3692,3871,13234,6415,6819,15125,7239,7886,13233,6329,6904,7561,3637,3924,1890,913,977,
66175,7563,3692,3871,13235,6416,6819,15125,7239,7886,13234,6329,6905,7561,3637,3924,1891,913,978,
66180,7564,3693,3871,13235,6416,6819,15126,7240,7886,13235,6329,6906,7563,3637,3926,1891,913,978,
66185,7564,3693,3871,13236,6416,6820,15127,7240,7887,13236,6330,6906,7564,3638,3926,1891,913,978,
66190,7564,3693,3871,13238,6417,6821,15128,7241,7887,13237,6331,6906,7564,3638,3926,1891,913,978,
66195,7565,3693,3872,13239,6417,6822,15130,7242,7888,13238,6331,6907,7564,3638,3926,1891,913,978,
66200,7566,3694,3872,13239,6417,6822,15130,7242,7888,13239,6331,6908,7564,3638,3926,1891,913,978,
66205,7567,3694,3873,13241,6419,6822,15133,7243,7890,13240,6332,6908,7565,3638,3927,1891,913,978,
66210,7567,3694,3873,13242,6419,6823,15133,7243,7890,13241,6332,6909,7565,3638,3927,1892,913,979,
66215,7568,3695,3873,13242,6419,6823,15134,7244,7890,13242,6333,6909,7567,3638,3929,1892,913,979,
66220,7568,3695,3873,13243,6419,6824,15135,7245,7890,13243,6334,6909,7568,3639,3929,1892,913,979,
66225,7568,3695,3873,13245,6420,6825,15136,7245,7891,13244,6335,6909,7568,3639,3929,1892,913,979,
66230,7569,3696,3873,13246,6420,6826,15138,7246,7892,13245,6335,6910,7568,3639,3929,1892,913,979,
66235,7570,3697,3873,13246,6420,6826,15138,7246,7892,13246,6336,6910,7568,3639,3929,1892,913,979,
66240,7571,3697,3874,13248,6420,6828,15141,7247,7894,13247,6336,6911,7569,3639,3930,1892,913,979,
66245,7571,3697,3874,13249,6421,6828,15141,7247,7894,13248,6336,6912,7569,3639,3930,1893,913,980,
66250,7572,3697,3875,13249,6421,6828,15142,7247,7895,13249,6336,6913,7571,3639,3932,1893,913,980,
66255,7572,3697,3875,13250,6421,6829,15143,7248,7895,13250,6336,6914,7572,3640,3932,1893,913,980,
66260,7572,3697,3875,13252,6423,6829,15144,7248,7896,13251,6336,6915,7572,3640,3932,1893,913,980,
66265,7573,3697,3876,13253,6424,6829,15146,7249,7897,13252,6336,6916,7572,3640,3932,1893,913,980,
66270,7574,3697,3877,13253,6424,6829,15146,7249,7897,13253,6337,6916,7572,3640,3932,1893,913,980,
66275,7575,3698,3877,13255,6425,6830,15149,7250,7899,13254,6338,6916,7573,3641,3932,1893,913,980,
66280,7575,3698,3877,13256,6425,6831,15149,7250,7899,13255,6339,6916,7573,3641,3932,1894,913,981,
66285,7576,3699,3877,13256,6425,6831,15150,7251,7899,13256,6339,6917,7575,3642,3933,1894,913,981,
66290,7576,3699,3877,13257,6426,6831,15151,7251,7900,13257,6339,6918,7576,3643,3933,1894,913,981,
66295,7576,3699,3877,13259,6427,6832,15152,7251,7901,13258,6340,6918,7576,3643,3933,1894,913,981,
66300,7577,3700,3877,13260,6427,6833,15154,7252,7902,13259,6341,6918,7576,3643,3933,1894,913,981,
66305,7578,3700,3878,13260,6427,6833,15154,7252,7902,13260,6341,6919,7576,3643,3933,1894,913,981,
66310,7579,3700,3879,13262,6429,6833,15157,7254,7903,13261,6341,6920,7577,3644,3933,1894,913,981,
66315,7579,3700,3879,13263,6430,6833,15157,7254,7903,13262,6341,6921,7577,3644,3933,1895,914,981,
66320,7580,3700,3880,13263,6430,6833,15158,7254,7904,13263,6342,6921,7579,3646,3933,1895,914,981,
66325,7580,3700,3880,13264,6431,6833,15159,7254,7905,13264,6342,6922,7580,3646,3934,1895,914,981,
66330,7580,3700,3880,13266,6431,6835,15160,7254,7906,13265,6343,6922,7580,3646,3934,1895,914,981,
66335,7581,3700,3881,13267,6432,6835,15162,7254,7908,13266,6343,6923,7580,3646,3934,1895,914,981,
66340,7582,3700,3882,13267,6432,6835,15162,7254,7908,13267,6343,6924,7580,3646,3934,1895,914,981,
66345,7583,3701,3882,13269,6433,6836,15165,7254,7911,13268,6343,6925,7581,3646,3935,1895,914,981,
66350,7583,3701,3882,13270,6433,6837,15165,7254,7911,13269,6344,6925,7581,3646,3935,1896,915,981,
66355,7584,3702,3882,13270,6433,6837,15166,7254,7912,13270,6344,6926,7583,3646,3937,1896,915,981,
66360,7584,3702,3882,13271,6433,6838,15167,7254,7913,13271,6344,6927,7584,3647,3937,1896,915,981,
66365,7584,3702,3882,13273,6434,6839,15168,7254,7914,13272,6344,6928,7584,3647,3937,1896,915,981,
66370,7585,3703,3882,13274,6434,6840,15170,7255,7915,13273,6345,6928,7584,3647,3937,1896,915,981,
66375,7586,3704,3882,13274,6434,6840,15170,7255,7915,13274,6345,6929,7584,3647,3937,1896,915,981,
66380,7587,3705,3882,13276,6435,6841,15173,7257,7916,13275,6345,6930,7585,3648,3937,1896,915,981,
66385,7587,3705,3882,13277,6436,6841,15173,7257,7916,13276,6346,6930,7585,3648,3937,1897,916,981,
66390,7588,3705,3883,13277,6436,6841,15174,7257,7917,13277,6346,6931,7587,3649,3938,1897,916,981,
66395,7588,3705,3883,13278,6436,6842,15175,7258,7917,13278,6347,6931,7588,3650,3938,1897,916,981,
66400,7588,3705,3883,13280,6438,6842,15176,7258,7918,13279,6347,6932,7588,3650,3938,1897,916,981,
66405,7589,3705,3884,13281,6439,6842,15178,7259,7919,13280,6348,6932,7588,3650,3938,1897,916,981,
66410,7590,3705,3885,13281,6439,6842,15178,7259,7919,13281,6348,6933,7588,3650,3938,1897,916,981,
66415,7591,3705,3886,13283,6440,6843,15181,7261,7920,13282,6348,6934,7589,3650,3939,1897,916,981,
66420,7591,3705,3886,13284,6441,6843,15181,7261,7920,13283,6348,6935,7589,3650,3939,1898,916,982,
66425,7592,3705,3887,13284,6441,6843,15182,7262,7920,13284,6349,6935,7591,3650,3941,1898,916,982,
66430,7592,3705,3887,13285,6442,6843,15183,7262,7921,13285,6349,6936,7592,3650,3942,1898,916,982,
66435,7592,3705,3887,13287,6443,6844,15184,7263,7921,13286,6349,6937,7592,3650,3942,1898,916,982,
66440,7593,3706,3887,13288,6444,6844,15186,7265,7921,13287,6349,6938,7592,3650,3942,1898,916,982,
66445,7594,3706,3888,13288,6444,6844,15186,7265,7921,13288,6350,6938,7592,3650,3942,1898,916,982,
66450,7595,3706,3889,13290,6446,6844,15189,7266,7923,13289,6350,6939,7593,3650,3943,1898,916,982,
66455,7595,3706,3889,13291,6446,6845,15189,7266,7923,13290,6350,6940,7593,3650,3943,1899,916,983,
66460,7596,3707,3889,13291,6446,6845,15190,7267,7923,13291,6350,6941,7595,3652,3943,1899,916,983,
66465,7596,3707,3889,13292,6447,6845,15191,7268,7923,13292,6351,6941,7596,3652,3944,1899,916,983,
66470,7596,3707,3889,13294,6448,6846,15192,7268,7924,13293,6352,6941,7596,3652,3944,1899,916,983,
66475,7597,3708,3889,13295,6449,6846,15194,7268,7926,13294,6352,6942,7596,3652,3944,1899,916,983,
66480,7598,3709,3889,13295,6449,6846,15194,7268,7926,13295,6353,6942,7596,3652,3944,1899,916,983,
66485,7599,3709,3890,13297,6449,6848,15197,7270,7927,13296,6353,6943,7597,3653,3944,1899,916,983,
66490,7599,3709,3890,13298,6450,6848,15197,7270,7927,13297,6354,6943,7597,3653,3944,1900,917,983,
66495,7600,3709,3891,13298,6450,6848,15198,7270,7928,13298,6355,6943,7599,3655,3944,1900,917,983,
66500,7600,3709,3891,13299,6450,6849,15199,7270,7929,13299,6355,6944,7600,3656,3944,1900,917,983,
66505,7600,3709,3891,13301,6452,6849,15200,7271,7929,13300,6355,6945,7600,3656,3944,1900,917,983,
66510,7601,3709,3892,13302,6452,6850,15202,7273,7929,13301,6355,6946,7600,3656,3944,1900,917,983,
66515,7602,3709,3893,13302,6452,6850,15202,7273,7929,13302,6356,6946,7600,3656,3944,1900,917,983,
66520,7603,3710,3893,13304,6454,6850,15205,7275,7930,13303,6356,6947,7601,3657,3944,1900,917,983,
66525,7603,3710,3893,13305,6455,6850,15205,7275,7930,13304,6356,6948,7601,3657,3944,1901,917,984,
66530,7604,3710,3894,13305,6455,6850,15206,7276,7930,13305,6356,6949,7603,3657,3946,1901,917,984,
66535,7604,3710,3894,13306,6455,6851,15207,7276,7931,13306,6357,6949,7604,3658,3946,1901,917,984,
66540,7604,3710,3894,13308,6457,6851,15208,7276,7932,13307,6358,6949,7604,3658,3946,1901,917,984,
66545,7605,3710,3895,13309,6458,6851,15210,7277,7933,13308,6358,6950,7604,3658,3946,1901,917,984,
66550,7606,3710,3896,13309,6458,6851,15210,7277,7933,13309,6359,6950,7604,3658,3946,1901,917,984,
66555,7607,3710,3897,13311,6459,6852,15213,7279,7934,13310,6360,6950,7605,3659,3946,1901,917,984,
66560,7607,3710,3897,13312,6459,6853,15213,7279,7934,13311,6360,6951,7605,3659,3946,1902,917,985,
66565,7608,3711,3897,13312,6459,6853,15214,7279,7935,13312,6360,6952,7607,3660,3947,1902,917,985,
66570,7608,3711,3897,13313,6459,6854,15215,7280,7935,13313,6360,6953,7608,3660,3948,1902,917,985,
66575,7608,3711,3897,13315,6459,6856,15216,7280,7936,13314,6361,6953,7608,3660,3948,1902,917,985,
66580,7609,3712,3897,13316,6459,6857,15218,7281,7937,13315,6361,6954,7608,3660,3948,1902,917,985,
66585,7610,3712,3898,13316,6459,6857,15218,7281,7937,13316,6362,6954,7608,3660,3948,1902,917,985,
66590,7611,3713,3898,13318,6459,6859,15221,7283,7938,13317,6363,6954,7609,3661,3948,1902,917,985,
66595,7611,3713,3898,13319,6460,6859,15221,7283,7938,13318,6363,6955,7609,3661,3948,1903,918,985,
66600,7612,3713,3899,13319,6460,6859,15222,7284,7938,13319,6363,6956,7611,3662,3949,1903,918,985,
66605,7612,3713,3899,13320,6460,6860,15223,7285,7938,13320,6363,6957,7612,3663,3949,1903,918,985,
66610,7612,3713,3899,13322,6461,6861,15224,7285,7939,13321,6363,6958,7612,3663,3949,1903,918,985,
66615,7613,3714,3899,13323,6462,6861,15226,7287,7939,13322,6364,6958,7612,3663,3949,1903,918,985,
66620,7614,3714,3900,13323,6462,6861,15226,7287,7939,13323,6365,6958,7612,3663,3949,1903,918,985,
66625,7615,3714,3901,13325,6463,6862,15229,7288,7941,13324,6365,6959,7613,3663,3950,1903,918,985,
66630,7615,3714,3901,13326,6463,6863,15229,7288,7941,13325,6365,6960,7613,3663,3950,1904,919,985,
66635,7616,3714,3902,13326,6463,6863,15230,7288,7942,13326,6366,6960,7615,3665,3950,1904,919,985,
66640,7616,3714,3902,13327,6464,6863,15231,7289,7942,13327,6367,6960,7616,3666,3950,1904,919,985,
66645,7616,3714,3902,13329,6465,6864,15232,7289,7943,13328,6368,6960,7616,3666,3950,1904,919,985,
66650,7617,3714,3903,13330,6466,6864,15234,7289,7945,13329,6368,6961,7616,3666,3950,1904,919,985,
66655,7618,3714,3904,13330,6466,6864,15234,7289,7945,13330,6368,6962,7616,3666,3950,1904,919,985,
66660,7619,3714,3905,13332,6466,6866,15237,7291,7946,13331,6369,6962,7617,3667,3950,1904,919,985,
66665,7619,3714,3905,13333,6467,6866,15237,7291,7946,13332,6370,6962,7617,3667,3950,1905,920,985,
66670,7620,3714,3906,13333,6467,6866,15238,7291,7947,13333,6370,6963,7619,3667,3952,1905,920,985,
66675,7620,3714,3906,13334,6468,6866,15239,7291,7948,13334,6370,6964,7620,3667,3953,1905,920,985,
66680,7620,3714,3906,13336,6469,6867,15240,7291,7949,13335,6370,6965,7620,3667,3953,1905,920,985,
66685,7621,3714,3907,13337,6469,6868,15242,7293,7949,13336,6370,6966,7620,3667,3953,1905,920,985,
66690,7622,3714,3908,13337,6469,6868,15242,7293,7949,13337,6371,6966,7620,3667,3953,1905,920,985,
66695,7623,3714,3909,13339,6469,6870,15245,7296,7949,13338,6371,6967,7621,3668,3953,1905,920,985,
66700,7623,3714,3909,13340,6470,6870,15245,7296,7949,13339,6371,6968,7621,3668,3953,1906,921,985,
66705,7624,3715,3909,13340,6470,6870,15246,7296,7950,13340,6372,6968,7623,3668,3955,1906,921,985,
66710,7624,3715,3909,13341,6470,6871,15247,7297,7950,13341,6372,6969,7624,3669,3955,1906,921,985,
66715,7624,3715,3909,13343,6471,6872,15248,7297,7951,13342,6373,6969,7624,3669,3955,1906,921,985,
66720,7625,3716,3909,13344,6472,6872,15250,7299,7951,13343,6374,6969,7624,3669,3955,1906,921,985,
66725,7626,3717,3909,13344,6472,6872,15250,7299,7951,13344,6375,6969,7624,3669,3955,1906,921,985,
66730,7627,3718,3909,13346,6473,6873,15253,7300,7953,13345,6375,6970,7625,3670,3955,1906,921,985,
66735,7627,3718,3909,13347,6473,6874,15253,7300,7953,13346,6375,6971,7625,3670,3955,1907,921,986,
66740,7628,3719,3909,13347,6473,6874,15254,7300,7954,13347,6375,6972,7627,3671,3956,1907,921,986,
66745,7628,3719,3909,13348,6473,6875,15255,7301,7954,13348,6376,6972,7628,3671,3957,1907,921,986,
66750,7628,3719,3909,13350,6474,6876,15256,7302,7954,13349,6376,6973,7628,3671,3957,1907,921,986,
66755,7629,3719,3910,13351,6475,6876,15258,7303,7955,13350,6376,6974,7628,3671,3957,1907,921,986,
66760,7630,3720,3910,13351,6475,6876,15258,7303,7955,13351,6376,6975,7628,3671,3957,1907,921,986,
66765,7631,3720,3911,13353,6477,6876,15261,7306,7955,13352,6377,6975,7629,3672,3957,1907,921,986,
66770,7631,3720,3911,13354,6477,6877,15261,7306,7955,13353,6378,6975,7629,3672,3957,1908,921,987,
66775,7632,3720,3912,13354,6477,6877,15262,7306,7956,13354,6378,6976,7631,3673,3958,1908,921,987,
66780,7632,3720,3912,13355,6477,6878,15263,7307,7956,13355,6379,6976,7632,3673,3959,1908,921,987,
66785,7632,3720,3912,13357,6478,6879,15264,7307,7957,13356,6380,6976,7632,3673,3959,1908,921,987,
66790,7633,3720,3913,13358,6479,6879,15266,7309,7957,13357,6380,6977,7632,3673,3959,1908,921,987,
66795,7634,3720,3914,13358,6479,6879,15266,7309,7957,13358,6381,6977,7632,3673,3959,1908,921,987,
66800,7635,3720,3915,13360,6479,6881,15269,7309,7960,13359,6381,6978,7633,3674,3959,1908,921,987,
66805,7635,3720,3915,13361,6480,6881,15269,7309,7960,13360,6381,6979,7633,3674,3959,1909,921,988,
66810,7636,3720,3916,13361,6480,6881,15270,7309,7961,13361,6381,6980,7635,3675,3960,1909,921,988,
66815,7636,3720,3916,13362,6481,6881,15271,7309,7962,13362,6381,6981,7636,3676,3960,1909,921,988,
66820,7636,3720,3916,13364,6482,6882,15272,7310,7962,13363,6381,6982,7636,3676,3960,1909,921,988,
66825,7637,3720,3917,13365,6482,6883,15274,7310,7964,13364,6382,6982,7636,3676,3960,1909,921,988,
66830,7638,3721,3917,13365,6482,6883,15274,7310,7964,13365,6383,6982,7636,3676,3960,1909,921,988,
66835,7639,3722,3917,13367,6483,6884,15277,7312,7965,13366,6383,6983,7637,3676,3961,1909,921,988,
66840,7639,3722,3917,13368,6484,6884,15277,7312,7965,13367,6384,6983,7637,3676,3961,1910,922,988,
66845,7640,3722,3918,13368,6484,6884,15278,7312,7966,13368,6384,6984,7639,3678,3961,1910,922,988,
66850,7640,3722,3918,13369,6484,6885,15279,7312,7967,13369,6385,6984,7640,3678,3962,1910,922,988,
66855,7640,3722,3918,13371,6484,6887,15280,7312,7968,13370,6386,6984,7640,3678,3962,1910,922,988,
66860,7641,3722,3919,13372,6485,6887,15282,7313,7969,13371,6386,6985,7640,3678,3962,1910,922,988,
66865,7642,3722,3920,13372,6485,6887,15282,7313,7969,13372,6386,6986,7640,3678,3962,1910,922,988,
66870,7643,3722,3921,13374,6486,6888,15285,7315,7970,13373,6386,6987,7641,3678,3963,1910,922,988,
66875,7643,3722,3921,13375,6487,6888,15285,7315,7970,13374,6387,6987,7641,3678,3963,1911,923,988,
66880,7644,3722,3922,13375,6487,6888,15286,7315,7971,13375,6387,6988,7643,3679,3964,1911,923,988,
66885,7644,3722,3922,13376,6487,6889,15287,7316,7971,13376,6388,6988,7644,3680,3964,1911,923,988,
66890,7644,3722,3922,13378,6487,6891,15288,7316,7972,13377,6388,6989,7644,3680,3964,1911,923,988,
66895,7645,3722,3923,13379,6488,6891,15290,7316,7974,13378,6388,6990,7644,3680,3964,1911,923,988,
66900,7646,3723,3923,13379,6488,6891,15290,7316,7974,13379,6389,6990,7644,3680,3964,1911,923,988,
66905,7647,3723,3924,13381,6490,6891,15293,7317,7976,13380,6390,6990,7645,3681,3964,1911,923,988,
66910,7647,3723,3924,13382,6490,6892,15293,7317,7976,13381,6390,6991,7645,3681,3964,1912,924,988,
66915,7648,3724,3924,13382,6490,6892,15294,7318,7976,13382,6390,6992,7647,3681,3966,1912,924,988,
66920,7648,3724,3924,13383,6491,6892,15295,7318,7977,13383,6391,6992,7648,3681,3967,1912,924,988,
66925,7648,3724,3924,13385,6491,6894,15296,7319,7977,13384,6391,6993,7648,3681,3967,1912,924,988,
66930,7649,3724,3925,13386,6491,6895,15298,7320,7978,13385,6391,6994,7648,3681,3967,1912,924,988,
66935,7650,3724,3926,13386,6491,6895,15298,7320,7978,13386,6392,6994,7648,3681,3967,1912,924,988,
66940,7651,3724,3927,13388,6492,6896,15301,7321,7980,13387,6392,6995,7649,3681,3968,1912,924,988,
66945,7651,3724,3927,13389,6492,6897,15301,7321,7980,13388,6393,6995,7649,3681,3968,1913,925,988,
66950,7652,3725,3927,13389,6492,6897,15302,7322,7980,13389,6393,6996,7651,3682,3969,1913,925,988,
66955,7652,3725,3927,13390,6493,6897,15303,7323,7980,13390,6393,6997,7652,3682,3970,1913,925,988,
66960,7652,3725,3927,13392,6495,6897,15304,7323,7981,13391,6394,6997,7652,3682,3970,1913,925,988,
66965,7653,3726,3927,13393,6496,6897,15306,7325,7981,13392,6394,6998,7652,3682,3970,1913,925,988,
66970,7654,3726,3928,13393,6496,6897,15306,7325,7981,13393,6394,6999,7652,3682,3970,1913,925,988,
66975,7655,3727,3928,13395,6496,6899,15309,7326,7983,13394,6394,7000,7653,3683,3970,1913,925,988,
66980,7655,3727,3928,13396,6497,6899,15309,7326,7983,13395,6394,7001,7653,3683,3970,1914,926,988,
66985,7656,3728,3928,13396,6497,6899,15310,7326,7984,13396,6395,7001,7655,3684,3971,1914,926,988,
66990,7656,3728,3928,13397,6497,6900,15311,7326,7985,13397,6396,7001,7656,3685,3971,1914,926,988,
66995,7656,3728,3928,13399,6499,6900,15312,7327,7985,13398,6396,7002,7656,3685,3971,1914,926,988,
67000,7657,3728,3929,13400,6500,6900,15314,7328,7986,13399,6397,7002,7656,3685,3971,1914,926,988,
67005,7658,3728,3930,13400,6500,6900,15314,7328,7986,13400,6397,7003,7656,3685,3971,1914,926,988,
67010,7659,3728,3931,13402,6501,6901,15317,7330,7987,13401,6398,7003,7657,3685,3972,1914,926,988,
67015,7659,3728,3931,13403,6501,6902,15317,7330,7987,13402,6399,7003,7657,3685,3972,1915,927,988,
67020,7660,3729,3931,13403,6501,6902,15318,7330,7988,13403,6399,7004,7659,3685,3974,1915,927,988,
67025,7660,3729,3931,13404,6501,6903,15319,7330,7989,13404,6399,7005,7660,3685,3975,1915,927,988,
67030,7660,3729,3931,13406,6502,6904,15320,7331,7989,13405,6400,7005,7660,3685,3975,1915,927,988,
67035,7661,3729,3932,13407,6502,6905,15322,7332,7990,13406,6401,7005,7660,3685,3975,1915,927,988,
67040,7662,3730,3932,13407,6502,6905,15322,7332,7990,13407,6401,7006,7660,3685,3975,1915,927,988,
67045,7663,3730,3933,13409,6504,6905,15325,7333,7992,13408,6401,7007,7661,3685,3976,1915,927,988,
67050,7663,3730,3933,13410,6504,6906,15325,7333,7992,13409,6401,7008,7661,3685,3976,1916,927,989,
67055,7664,3730,3934,13410,6504,6906,15326,7334,7992,13410,6401,7009,7663,3686,3977,1916,927,989,
67060,7664,3730,3934,13411,6504,6907,15327,7334,7993,13411,6402,7009,7664,3686,3978,1916,927,989,
67065,7664,3730,3934,13413,6505,6908,15328,7335,7993,13412,6402,7010,7664,3686,3978,1916,927,989,
67070,7665,3730,3935,13414,6506,6908,15330,7336,7994,13413,6403,7010,7664,3686,3978,1916,927,989,
67075,7666,3731,3935,13414,6506,6908,15330,7336,7994,13414,6404,7010,7664,3686,3978,1916,927,989,
67080,7667,3731,3936,13416,6507,6909,15333,7338,7995,13415,6404,7011,7665,3686,3979,1916,927,989,
67085,7667,3731,3936,13417,6507,6910,15333,7338,7995,13416,6405,7011,7665,3686,3979,1917,927,990,
67090,7668,3732,3936,13417,6507,6910,15334,7338,7996,13417,6405,7012,7667,3686,3981,1917,927,990,
67095,7668,3732,3936,13418,6507,6911,15335,7338,7997,13418,6406,7012,7668,3687,3981,1917,927,990,
67100,7668,3732,3936,13420,6508,6912,15336,7339,7997,13419,6407,7012,7668,3687,3981,1917,927,990,
67105,7669,3733,3936,13421,6508,6913,15338,7340,7998,13420,6408,7012,7668,3687,3981,1917,927,990,
67110,7670,3733,3937,13421,6508,6913,15338,7340,7998,13421,6409,7012,7668,3687,3981,1917,927,990,
67115,7671,3733,3938,13423,6510,6913,15341,7341,8000,13422,6409,7013,7669,3688,3981,1917,927,990,
67120,7671,3733,3938,13424,6511,6913,15341,7341,8000,13423,6410,7013,7669,3688,3981,1918,928,990,
67125,7672,3733,3939,13424,6511,6913,15342,7342,8000,13424,6410,7014,7671,3689,3982,1918,928,990,
67130,7672,3733,3939,13425,6511,6914,15343,7343,8000,13425,6410,7015,7672,3689,3983,1918,928,990,
67135,7672,3733,3939,13427,6511,6916,15344,7343,8001,13426,6411,7015,7672,3689,3983,1918,928,990,
67140,7673,3734,3939,13428,6512,6916,15346,7343,8003,13427,6411,7016,7672,3689,3983,1918,928,990,
67145,7674,3735,3939,13428,6512,6916,15346,7343,8003,13428,6411,7017,7672,3689,3983,1918,928,990,
67150,7675,3736,3939,13430,6513,6917,15349,7344,8005,13429,6412,7017,7673,3689,3984,1918,928,990,
67155,7675,3736,3939,13431,6514,6917,15349,7344,8005,13430,6413,7017,7673,3689,3984,1919,929,990,
67160,7676,3736,3940,13431,6514,6917,15350,7344,8006,13431,6414,7017,7675,3690,3985,1919,929,990,
67165,7676,3736,3940,13432,6515,6917,15351,7345,8006,13432,6415,7017,7676,3691,3985,1919,929,990,
67170,7676,3736,3940,13434,6515,6919,15352,7345,8007,13433,6415,7018,7676,3691,3985,1919,929,990,
67175,7677,3737,3940,13435,6515,6920,15354,7346,8008,13434,6416,7018,7676,3691,3985,1919,929,990,
67180,7678,3737,3941,13435,6515,6920,15354,7346,8008,13435,6417,7018,7676,3691,3985,1919,929,990,
67185,7679,3737,3942,13437,6516,6921,15357,7348,8009,13436,6417,7019,7677,3691,3986,1919,929,990,
67190,7679,3737,3942,13438,6516,6922,15357,7348,8009,13437,6418,7019,7677,3691,3986,1920,930,990,
67195,7680,3738,3942,13438,6516,6922,15358,7348,8010,13438,6419,7019,7679,3693,3986,1920,930,990,
67200,7680,3738,3942,13439,6517,6922,15359,7348,8011,13439,6420,7019,7680,3694,3986,1920,930,990,
67205,7680,3738,3942,13441,6517,6924,15360,7349,8011,13440,6421,7019,7680,3694,3986,1920,930,990,
67210,7681,3738,3943,13442,6517,6925,15362,7349,8013,13441,6421,7020,7680,3694,3986,1920,930,990,
67215,7682,3739,3943,13442,6517,6925,15362,7349,8013,13442,6422,7020,7680,3694,3986,1920,930,990,
67220,7683,3740,3943,13444,6519,6925,15365,7351,8014,13443,6422,7021,7681,3694,3987,1920,930,990,
67225,7683,3740,3943,13445,6520,6925,15365,7351,8014,13444,6423,7021,7681,3694,3987,1921,930,991,
67230,7684,3741,3943,13445,6520,6925,15366,7351,8015,13445,6424,7021,7683,3694,3989,1921,930,991,
67235,7684,3741,3943,13446,6520,6926,15367,7351,8016,13446,6424,7022,7684,3695,3989,1921,930,991,
67240,7684,3741,3943,13448,6521,6927,15368,7351,8017,13447,6424,7023,7684,3695,3989,1921,930,991,
67245,7685,3742,3943,13449,6522,6927,15370,7353,8017,13448,6425,7023,7684,3695,3989,1921,930,991,
67250,7686,3743,3943,13449,6522,6927,15370,7353,8017,13449,6425,7024,7684,3695,3989,1921,930,991,
67255,7687,3744,3943,13451,6523,6928,15373,7355,8018,13450,6426,7024,7685,3696,3989,1921,930,991,
67260,7687,3744,3943,13452,6524,6928,15373,7355,8018,13451,6427,7024,7685,3696,3989,1922,931,991,
67265,7688,3744,3944,13452,6524,6928,15374,7355,8019,13452,6428,7024,7687,3697,3990,1922,931,991,
67270,7688,3744,3944,13453,6524,6929,15375,7356,8019,13453,6429,7024,7688,3697,3991,1922,931,991,
67275,7688,3744,3944,13455,6525,6930,15376,7356,8020,13454,6430,7024,7688,3697,3991,1922,931,991,
67280,7689,3745,3944,13456,6526,6930,15378,7357,8021,13455,6431,7024,7688,3697,3991,1922,931,991,
67285,7690,3746,3944,13456,6526,6930,15378,7357,8021,13456,6431,7025,7688,3697,3991,1922,931,991,
67290,7691,3747,3944,13458,6527,6931,15381,7358,8023,13457,6431,7026,7689,3697,3992,1922,931,991,
67295,7691,3747,3944,13459,6528,6931,15381,7358,8023,13458,6432,7026,7689,3697,3992,1923,932,991,
67300,7692,3748,3944,13459,6528,6931,15382,7358,8024,13459,6432,7027,7691,3698,3993,1923,932,991,
67305,7692,3748,3944,13460,6529,6931,15383,7359,8024,13460,6432,7028,7692,3698,3994,1923,932,991,
67310,7692,3748,3944,13462,6529,6933,15384,7360,8024,13461,6432,7029,7692,3698,3994,1923,932,991,
67315,7693,3749,3944,13463,6530,6933,15386,7362,8024,13462,6433,7029,7692,3698,3994,1923,932,991,
67320,7694,3750,3944,13463,6530,6933,15386,7362,8024,13463,6434,7029,7692,3698,3994,1923,932,991,
67325,7695,3751,3944,13465,6532,6933,15389,7363,8026,13464,6434,7030,7693,3698,3995,1923,932,991,
67330,7695,3751,3944,13466,6533,6933,15389,7363,8026,13465,6435,7030,7693,3698,3995,1924,933,991,
67335,7696,3752,3944,13466,6533,6933,15390,7364,8026,13466,6435,7031,7695,3699,3996,1924,933,991,
67340,7696,3752,3944,13467,6533,6934,15391,7365,8026,13467,6436,7031,7696,3699,3997,1924,933,991,
67345,7696,3752,3944,13469,6533,6936,15392,7365,8027,13468,6437,7031,7696,3699,3997,1924,933,991,
67350,7697,3752,3945,13470,6533,6937,15394,7366,8028,13469,6438,7031,7696,3699,3997,1924,933,991,
67355,7698,3753,3945,13470,6533,6937,15394,7366,8028,13470,6438,7032,7696,3699,3997,1924,933,991,
67360,7699,3753,3946,13472,6534,6938,15397,7368,8029,13471,6439,7032,7697,3699,3998,1924,933,991,
67365,7699,3753,3946,13473,6535,6938,15397,7368,8029,13472,6439,7033,7697,3699,3998,1925,934,991,
67370,7700,3753,3947,13473,6535,6938,15398,7369,8029,13473,6440,7033,7699,3701,3998,1925,934,991,
67375,7700,3753,3947,13474,6535,6939,15399,7370,8029,13474,6440,7034,7700,3701,3999,1925,934,991,
67380,7700,3753,3947,13476,6537,6939,15400,7371,8029,13475,6440,7035,7700,3701,3999,1925,934,991,
67385,7701,3753,3948,13477,6538,6939,15402,7372,8030,13476,6440,7036,7700,3701,3999,1925,934,991,
67390,7702,3754,3948,13477,6538,6939,15402,7372,8030,13477,6440,7037,7700,3701,3999,1925,934,991,
67395,7703,3755,3948,13479,6539,6940,15405,7373,8032,13478,6440,7038,7701,3702,3999,1925,934,991,
67400,7703,3755,3948,13480,6539,6941,15405,7373,8032,13479,6440,7039,7701,3702,3999,1926,934,992,
67405,7704,3755,3949,13480,6539,6941,15406,7374,8032,13480,6441,7039,7703,3703,4000,1926,934,992,
67410,7704,3755,3949,13481,6539,6942,15407,7375,8032,13481,6442,7039,7704,3703,4001,1926,934,992,
67415,7704,3755,3949,13483,6540,6943,15408,7375,8033,13482,6443,7039,7704,3703,4001,1926,934,992,
67420,7705,3755,3950,13484,6541,6943,15410,7376,8034,13483,6443,7040,7704,3703,4001,1926,934,992,
67425,7706,3755,3951,13484,6541,6943,15410,7376,8034,13484,6444,7040,7704,3703,4001,1926,934,992,
67430,7707,3756,3951,13486,6542,6944,15413,7379,8034,13485,6445,7040,7705,3704,4001,1926,934,992,
67435,7707,3756,3951,13487,6543,6944,15413,7379,8034,13486,6446,7040,7705,3704,4001,1927,934,993,
67440,7708,3757,3951,13487,6543,6944,15414,7380,8034,13487,6446,7041,7707,3706,4001,1927,934,993,
67445,7708,3757,3951,13488,6543,6945,15415,7381,8034,13488,6446,7042,7708,3706,4002,1927,934,993,
67450,7708,3757,3951,13490,6544,6946,15416,7381,8035,13489,6447,7042,7708,3706,4002,1927,934,993,
67455,7709,3758,3951,13491,6544,6947,15418,7382,8036,13490,6447,7043,7708,3706,4002,1927,934,993,
67460,7710,3758,3952,13491,6544,6947,15418,7382,8036,13491,6447,7044,7708,3706,4002,1927,934,993,
67465,7711,3758,3953,13493,6545,6948,15421,7383,8038,13492,6447,7045,7709,3706,4003,1927,934,993,
67470,7711,3758,3953,13494,6545,6949,15421,7383,8038,13493,6448,7045,7709,3706,4003,1928,935,993,
67475,7712,3759,3953,13494,6545,6949,15422,7383,8039,13494,6449,7045,7711,3707,4004,1928,935,993,
67480,7712,3759,3953,13495,6546,6949,15423,7383,8040,13495,6449,7046,7712,3708,4004,1928,935,993,
67485,7712,3759,3953,13497,6546,6951,15424,7383,8041,13496,6450,7046,7712,3708,4004,1928,935,993,
67490,7713,3760,3953,13498,6546,6952,15426,7385,8041,13497,6451,7046,7712,3708,4004,1928,935,993,
67495,7714,3760,3954,13498,6546,6952,15426,7385,8041,13498,6451,7047,7712,3708,4004,1928,935,993,
67500,7715,3760,3955,13500,6548,6952,15429,7386,8043,13499,6451,7048,7713,3708,4005,1928,935,993,
67505,7715,3760,3955,13501,6549,6952,15429,7386,8043,13500,6452,7048,7713,3708,4005,1929,935,994,
67510,7716,3761,3955,13501,6549,6952,15430,7387,8043,13501,6453,7048,7715,3708,4007,1929,935,994,
67515,7716,3761,3955,13502,6550,6952,15431,7387,8044,13502,6453,7049,7716,3709,4007,1929,935,994,
67520,7716,3761,3955,13504,6551,6953,15432,7388,8044,13503,6453,7050,7716,3709,4007,1929,935,994,
67525,7717,3762,3955,13505,6552,6953,15434,7389,8045,13504,6454,7050,7716,3709,4007,1929,935,994,
67530,7718,3762,3956,13505,6552,6953,15434,7389,8045,13505,6454,7051,7716,3709,4007,1929,935,994,
67535,7719,3763,3956,13507,6552,6955,15437,7390,8047,13506,6454,7052,7717,3709,4008,1929,935,994,
67540,7719,3763,3956,13508,6553,6955,15437,7390,8047,13507,6455,7052,7717,3709,4008,1930,935,995,
67545,7720,3763,3957,13508,6553,6955,15438,7391,8047,13508,6455,7053,7719,3710,4009,1930,935,995,
67550,7720,3763,3957,13509,6553,6956,15439,7392,8047,13509,6456,7053,7720,3711,4009,1930,935,995,
67555,7720,3763,3957,13511,6553,6958,15440,7392,8048,13510,6456,7054,7720,3711,4009,1930,935,995,
67560,7721,3764,3957,13512,6554,6958,15442,7393,8049,13511,6456,7055,7720,3711,4009,1930,935,995,
67565,7722,3765,3957,13512,6554,6958,15442,7393,8049,13512,6457,7055,7720,3711,4009,1930,935,995,
67570,7723,3766,3957,13514,6556,6958,15445,7393,8052,13513,6458,7055,7721,3712,4009,1930,935,995,
67575,7723,3766,3957,13515,6557,6958,15445,7393,8052,13514,6458,7056,7721,3712,4009,1931,935,996,
67580,7724,3767,3957,13515,6557,6958,15446,7394,8052,13515,6458,7057,7723,3712,4011,1931,935,996,
67585,7724,3767,3957,13516,6557,6959,15447,7395,8052,13516,6458,7058,7724,3713,4011,1931,935,996,
67590,7724,3767,3957,13518,6558,6960,15448,7395,8053,13517,6458,7059,7724,3713,4011,1931,935,996,
67595,7725,3767,3958,13519,6559,6960,15450,7396,8054,13518,6458,7060,7724,3713,4011,1931,935,996,
67600,7726,3767,3959,13519,6559,6960,15450,7396,8054,13519,6459,7060,7724,3713,4011,1931,935,996,
67605,7727,3768,3959,13521,6560,6961,15453,7396,8057,13520,6459,7061,7725,3714,4011,1931,935,996,
67610,7727,3768,3959,13522,6561,6961,15453,7396,8057,13521,6459,7062,7725,3714,4011,1932,936,996,
67615,7728,3768,3960,13522,6561,6961,15454,7396,8058,13522,6459,7063,7727,3714,4013,1932,936,996,
67620,7728,3768,3960,13523,6561,6962,15455,7396,8059,13523,6459,7064,7728,3714,4014,1932,936,996,
67625,7728,3768,3960,13525,6562,6963,15456,7396,8060,13524,6460,7064,7728,3714,4014,1932,936,996,
67630,7729,3768,3961,13526,6562,6964,15458,7396,8062,13525,6460,7065,7728,3714,4014,1932,936,996,
67635,7730,3768,3962,13526,6562,6964,15458,7396,8062,13526,6460,7066,7728,3714,4014,1932,936,996,
67640,7731,3769,3962,13528,6564,6964,15461,7397,8064,13527,6460,7067,7729,3715,4014,1932,936,996,
67645,7731,3769,3962,13529,6564,6965,15461,7397,8064,13528,6460,7068,7729,3715,4014,1933,936,997,
67650,7732,3770,3962,13529,6564,6965,15462,7398,8064,13529,6460,7069,7731,3716,4015,1933,936,997,
67655,7732,3770,3962,13530,6565,6965,15463,7398,8065,13530,6460,7070,7732,3717,4015,1933,936,997,
67660,7732,3770,3962,13532,6566,6966,15464,7398,8066,13531,6461,7070,7732,3717,4015,1933,936,997,
67665,7733,3771,3962,13533,6567,6966,15466,7400,8066,13532,6462,7070,7732,3717,4015,1933,936,997,
67670,7734,3771,3963,13533,6567,6966,15466,7400,8066,13533,6462,7071,7732,3717,4015,1933,936,997,
67675,7735,3772,3963,13535,6567,6968,15469,7400,8069,13534,6462,7072,7733,3718,4015,1933,936,997,
67680,7735,3772,3963,13536,6567,6969,15469,7400,8069,13535,6463,7072,7733,3718,4015,1934,936,998,
67685,7736,3772,3964,13536,6567,6969,15470,7401,8069,13536,6463,7073,7735,3720,4015,1934,936,998,
67690,7736,3772,3964,13537,6567,6970,15471,7401,8070,13537,6463,7074,7736,3720,4016,1934,936,998,
67695,7736,3772,3964,13539,6567,6972,15472,7401,8071,13538,6463,7075,7736,3720,4016,1934,936,998,
67700,7737,3772,3965,13540,6568,6972,15474,7402,8072,13539,6464,7075,7736,3720,4016,1934,936,998,
67705,7738,3773,3965,13540,6568,6972,15474,7402,8072,13540,6464,7076,7736,3720,4016,1934,936,998,
67710,7739,3773,3966,13542,6570,6972,15477,7403,8074,13541,6464,7077,7737,3720,4017,1934,936,998,
67715,7739,3773,3966,13543,6571,6972,15477,7403,8074,13542,6464,7078,7737,3720,4017,1935,936,999,
67720,7740,3774,3966,13543,6571,6972,15478,7404,8074,13543,6465,7078,7739,3722,4017,1935,936,999,
67725,7740,3774,3966,13544,6572,6972,15479,7405,8074,13544,6465,7079,7740,3723,4017,1935,936,999,
67730,7740,3774,3966,13546,6573,6973,15480,7406,8074,13545,6465,7080,7740,3723,4017,1935,936,999,
67735,7741,3774,3967,13547,6573,6974,15482,7407,8075,13546,6466,7080,7740,3723,4017,1935,936,999,
67740,7742,3774,3968,13547,6573,6974,15482,7407,8075,13547,6466,7081,7740,3723,4017,1935,936,999,
67745,7743,3774,3969,13549,6574,6975,15485,7409,8076,13548,6466,7082,7741,3723,4018,1935,936,999,
67750,7743,3774,3969,13550,6575,6975,15485,7409,8076,13549,6466,7083,7741,3723,4018,1936,937,999,
67755,7744,3774,3970,13550,6575,6975,15486,7409,8077,13550,6467,7083,7743,3724,4019,1936,937,999,
67760,7744,3774,3970,13551,6576,6975,15487,7410,8077,13551,6467,7084,7744,3724,4020,1936,937,999,
67765,7744,3774,3970,13553,6578,6975,15488,7410,8078,13552,6468,7084,7744,3724,4020,1936,937,999,
67770,7745,3775,3970,13554,6578,6976,15490,7411,8079,13553,6468,7085,7744,3724,4020,1936,937,999,
67775,7746,3775,3971,13554,6578,6976,15490,7411,8079,13554,6468,7086,7744,3724,4020,1936,937,999,
67780,7747,3775,3972,13556,6580,6976,15493,7412,8081,13555,6469,7086,7745,3724,4021,1936,937,999,
67785,7747,3775,3972,13557,6581,6976,15493,7412,8081,13556,6470,7086,7745,3724,4021,1937,938,999,
67790,7748,3775,3973,13557,6581,6976,15494,7412,8082,13557,6471,7086,7747,3726,4021,1937,938,999,
67795,7748,3775,3973,13558,6582,6976,15495,7413,8082,13558,6471,7087,7748,3727,4021,1937,938,999,
67800,7748,3775,3973,13560,6584,6976,15496,7413,8083,13559,6471,7088,7748,3727,4021,1937,938,999,
67805,7749,3776,3973,13561,6585,6976,15498,7414,8084,13560,6471,7089,7748,3727,4021,1937,938,999,
67810,7750,3777,3973,13561,6585,6976,15498,7414,8084,13561,6471,7090,7748,3727,4021,1937,938,999,
67815,7751,3778,3973,13563,6585,6978,15501,7416,8085,13562,6472,7090,7749,3728,4021,1937,938,999,
67820,7751,3778,3973,13564,6586,6978,15501,7416,8085,13563,6472,7091,7749,3728,4021,1938,938,1000,
67825,7752,3778,3974,13564,6586,6978,15502,7416,8086,13564,6473,7091,7751,3729,4022,1938,938,1000,
67830,7752,3778,3974,13565,6586,6979,15503,7416,8087,13565,6474,7091,7752,3730,4022,1938,938,1000,
67835,7752,3778,3974,13567,6587,6980,15504,7416,8088,13566,6474,7092,7752,3730,4022,1938,938,1000,
67840,7753,3779,3974,13568,6588,6980,15506,7416,8090,13567,6474,7093,7752,3730,4022,1938,938,1000,
67845,7754,3779,3975,13568,6588,6980,15506,7416,8090,13568,6475,7093,7752,3730,4022,1938,938,1000,
67850,7755,3780,3975,13570,6589,6981,15509,7418,8091,13569,6475,7094,7753,3730,4023,1938,938,1000,
67855,7755,3780,3975,13571,6589,6982,15509,7418,8091,13570,6475,7095,7753,3730,4023,1939,939,1000,
67860,7756,3781,3975,13571,6589,6982,15510,7419,8091,13571,6476,7095,7755,3732,4023,1939,939,1000,
67865,7756,3781,3975,13572,6590,6982,15511,7420,8091,13572,6477,7095,7756,3733,4023,1939,939,1000,
67870,7756,3781,3975,13574,6591,6983,15512,7421,8091,13573,6477,7096,7756,3733,4023,1939,939,1000,
67875,7757,3781,3976,13575,6591,6984,15514,7421,8093,13574,6477,7097,7756,3733,4023,1939,939,1000,
67880,7758,3782,3976,13575,6591,6984,15514,7421,8093,13575,6478,7097,7756,3733,4023,1939,939,1000,
67885,7759,3782,3977,13577,6591,6986,15517,7423,8094,13576,6478,7098,7757,3733,4024,1939,939,1000,
67890,7759,3782,3977,13578,6591,6987,15517,7423,8094,13577,6478,7099,7757,3733,4024,1940,939,1001,
67895,7760,3783,3977,13578,6591,6987,15518,7423,8095,13578,6479,7099,7759,3734,4025,1940,939,1001,
67900,7760,3783,3977,13579,6592,6987,15519,7423,8096,13579,6480,7099,7760,3735,4025,1940,939,1001,
67905,7760,3783,3977,13581,6592,6989,15520,7424,8096,13580,6480,7100,7760,3735,4025,1940,939,1001,
67910,7761,3783,3978,13582,6592,6990,15522,7425,8097,13581,6481,7100,7760,3735,4025,1940,939,1001,
67915,7762,3784,3978,13582,6592,6990,15522,7425,8097,13582,6481,7101,7760,3735,4025,1940,939,1001,
67920,7763,3785,3978,13584,6594,6990,15525,7427,8098,13583,6482,7101,7761,3735,4026,1940,939,1001,
67925,7763,3785,3978,13585,6595,6990,15525,7427,8098,13584,6483,7101,7761,3735,4026,1941,939,1002,
67930,7764,3786,3978,13585,6595,6990,15526,7428,8098,13585,6483,7102,7763,3736,4027,1941,939,1002,
67935,7764,3786,3978,13586,6595,6991,15527,7428,8099,13586,6484,7102,7764,3736,4028,1941,939,1002,
67940,7764,3786,3978,13588,6596,6992,15528,7428,8100,13587,6484,7103,7764,3736,4028,1941,939,1002,
67945,7765,3786,3979,13589,6596,6993,15530,7428,8102,13588,6484,7104,7764,3736,4028,1941,939,1002,
67950,7766,3787,3979,13589,6596,6993,15530,7428,8102,13589,6484,7105,7764,3736,4028,1941,939,1002,
67955,7767,3788,3979,13591,6597,6994,15533,7429,8104,13590,6484,7106,7765,3736,4029,1941,939,1002,
67960,7767,3788,3979,13592,6598,6994,15533,7429,8104,13591,6484,7107,7765,3736,4029,1942,940,1002,
67965,7768,3788,3980,13592,6598,6994,15534,7429,8105,13592,6485,7107,7767,3737,4030,1942,940,1002,
67970,7768,3788,3980,13593,6599,6994,15535,7430,8105,13593,6485,7108,7768,3738,4030,1942,940,1002,
67975,7768,3788,3980,13595,6600,6995,15536,7431,8105,13594,6486,7108,7768,3738,4030,1942,940,1002,
67980,7769,3788,3981,13596,6601,6995,15538,7432,8106,13595,6486,7109,7768,3738,4030,1942,940,1002,
67985,7770,3789,3981,13596,6601,6995,15538,7432,8106,13596,6486,7110,7768,3738,4030,1942,940,1002,
67990,7771,3790,3981,13598,6602,6996,15541,7433,8108,13597,6486,7111,7769,3739,4030,1942,940,1002,
67995,7771,3790,3981,13599,6603,6996,15541,7433,8108,13598,6486,7112,7769,3739,4030,1943,941,1002,
68000,7772,3790,3982,13599,6603,6996,15542,7434,8108,13599,6487,7112,7771,3740,4031,1943,941,1002,
68005,7772,3790,3982,13600,6603,6997,15543,7435,8108,13600,6488,7112,7772,3741,4031,1943,941,1002,
68010,7772,3790,3982,13602,6604,6998,15544,7435,8109,13601,6489,7112,7772,3741,4031,1943,941,1002,
68015,7773,3790,3983,13603,6605,6998,15546,7437,8109,13602,6489,7113,7772,3741,4031,1943,941,1002,
68020,7774,3790,3984,13603,6605,6998,15546,7437,8109,13603,6489,7114,7772,3741,4031,1943,941,1002,
68025,7775,3790,3985,13605,6607,6998,15549,7438,8111,13604,6490,7114,7773,3742,4031,1943,941,1002,
68030,7775,3790,3985,13606,6607,6999,15549,7438,8111,13605,6491,7114,7773,3742,4031,1944,941,1003,
68035,7776,3790,3986,13606,6607,6999,15550,7438,8112,13606,6492,7114,7775,3743,4032,1944,941,1003,
68040,7776,3790,3986,13607,6607,7000,15551,7438,8113,13607,6492,7115,7776,3743,4033,1944,941,1003,
68045,7776,3790,3986,13609,6607,7002,15552,7438,8114,13608,6492,7116,7776,3743,4033,1944,941,1003,
68050,7777,3791,3986,13610,6608,7002,15554,7438,8116,13609,6492,7117,7776,3743,4033,1944,941,1003,
68055,7778,3791,3987,13610,6608,7002,15554,7438,8116,13610,6492,7118,7776,3743,4033,1944,941,1003,
68060,7779,3792,3987,13612,6609,7003,15557,7439,8118,13611,6492,7119,7777,3744,4033,1944,941,1003,
68065,7779,3792,3987,13613,6609,7004,15557,7439,8118,13612,6493,7119,7777,3744,4033,1945,941,1004,
68070,7780,3792,3988,13613,6609,7004,15558,7439,8119,13613,6493,7120,7779,3746,4033,1945,941,1004,
68075,7780,3792,3988,13614,6609,7005,15559,7440,8119,13614,6494,7120,7780,3747,4033,1945,941,1004,
68080,7780,3792,3988,13616,6610,7006,15560,7441,8119,13615,6494,7121,7780,3747,4033,1945,941,1004,
68085,7781,3793,3988,13617,6611,7006,15562,7442,8120,13616,6495,7121,7780,3747,4033,1945,941,1004,
68090,7782,3793,3989,13617,6611,7006,15562,7442,8120,13617,6496,7121,7780,3747,4033,1945,941,1004,
68095,7783,3794,3989,13619,6611,7008,15565,7444,8121,13618,6496,7122,7781,3747,4034,1945,941,1004,
68100,7783,3794,3989,13620,6611,7009,15565,7444,8121,13619,6497,7122,7781,3747,4034,1946,942,1004,
68105,7784,3795,3989,13620,6611,7009,15566,7444,8122,13620,6498,7122,7783,3749,4034,1946,942,1004,
68110,7784,3795,3989,13621,6611,7010,15567,7444,8123,13621,6499,7122,7784,3750,4034,1946,942,1004,
68115,7784,3795,3989,13623,6611,7012,15568,7445,8123,13622,6500,7122,7784,3750,4034,1946,942,1004,
68120,7785,3795,3990,13624,6612,7012,15570,7446,8124,13623,6500,7123,7784,3750,4034,1946,942,1004,
68125,7786,3796,3990,13624,6612,7012,15570,7446,8124,13624,6500,7124,7784,3750,4034,1946,942,1004,
68130,7787,3797,3990,13626,6613,7013,15573,7448,8125,13625,6500,7125,7785,3751,4034,1946,942,1004,
68135,7787,3797,3990,13627,6614,7013,15573,7448,8125,13626,6500,7126,7785,3751,4034,1947,942,1005,
68140,7788,3798,3990,13627,6614,7013,15574,7449,8125,13627,6500,7127,7787,3752,4035,1947,942,1005,
68145,7788,3798,3990,13628,6614,7014,15575,7450,8125,13628,6501,7127,7788,3752,4036,1947,942,1005,
68150,7788,3798,3990,13630,6616,7014,15576,7451,8125,13629,6502,7127,7788,3752,4036,1947,942,1005,
68155,7789,3798,3991,13631,6617,7014,15578,7452,8126,13630,6502,7128,7788,3752,4036,1947,942,1005,
68160,7790,3798,3992,13631,6617,7014,15578,7452,8126,13631,6503,7128,7788,3752,4036,1947,942,1005,
68165,7791,3798,3993,13633,6618,7015,15581,7454,8127,13632,6504,7128,7789,3753,4036,1947,942,1005,
68170,7791,3798,3993,13634,6618,7016,15581,7454,8127,13633,6504,7129,7789,3753,4036,1948,942,1006,
68175,7792,3799,3993,13634,6618,7016,15582,7454,8128,13634,6504,7130,7791,3754,4037,1948,942,1006,
68180,7792,3799,3993,13635,6618,7017,15583,7455,8128,13635,6504,7131,7792,3754,4038,1948,942,1006,
68185,7792,3799,3993,13637,6618,7019,15584,7456,8128,13636,6505,7131,7792,3754,4038,1948,942,1006,
68190,7793,3800,3993,13638,6618,7020,15586,7457,8129,13637,6505,7132,7792,3754,4038,1948,942,1006,
68195,7794,3801,3993,13638,6618,7020,15586,7457,8129,13638,6506,7132,7792,3754,4038,1948,942,1006,
68200,7795,3801,3994,13640,6619,7021,15589,7459,8130,13639,6507,7132,7793,3754,4039,1948,942,1006,
68205,7795,3801,3994,13641,6620,7021,15589,7459,8130,13640,6508,7132,7793,3754,4039,1949,942,1007,
68210,7796,3801,3995,13641,6620,7021,15590,7459,8131,13641,6508,7133,7795,3756,4039,1949,942,1007,
68215,7796,3801,3995,13642,6621,7021,15591,7460,8131,13642,6508,7134,7796,3756,4040,1949,942,1007,
68220,7796,3801,3995,13644,6622,7022,15592,7460,8132,13643,6509,7134,7796,3756,4040,1949,942,1007,
68225,7797,3801,3996,13645,6622,7023,15594,7462,8132,13644,6509,7135,7796,3756,4040,1949,942,1007,
68230,7798,3802,3996,13645,6622,7023,15594,7462,8132,13645,6510,7135,7796,3756,4040,1949,942,1007,
68235,7799,3803,3996,13647,6623,7024,15597,7463,8134,13646,6510,7136,7797,3756,4041,1949,942,1007,
68240,7799,3803,3996,13648,6624,7024,15597,7463,8134,13647,6511,7136,7797,3756,4041,1950,943,1007,
68245,7800,3803,3997,13648,6624,7024,15598,7463,8135,13648,6511,7137,7799,3758,4041,1950,943,1007,
68250,7800,3803,3997,13649,6625,7024,15599,7464,8135,13649,6512,7137,7800,3758,4042,1950,943,1007,
68255,7800,3803,3997,13651,6626,7025,15600,7464,8136,13650,6513,7137,7800,3758,4042,1950,943,1007,
68260,7801,3804,3997,13652,6626,7026,15602,7465,8137,13651,6514,7137,7800,3758,4042,1950,943,1007,
68265,7802,3804,3998,13652,6626,7026,15602,7465,8137,13652,6515,7137,7800,3758,4042,1950,943,1007,
68270,7803,3805,3998,13654,6627,7027,15605,7465,8140,13653,6515,7138,7801,3758,4043,1950,943,1007,
68275,7803,3805,3998,13655,6628,7027,15605,7465,8140,13654,6516,7138,7801,3758,4043,1951,943,1008,
68280,7804,3805,3999,13655,6628,7027,15606,7466,8140,13655,6516,7139,7803,3759,4044,1951,943,1008,
68285,7804,3805,3999,13656,6628,7028,15607,7467,8140,13656,6517,7139,7804,3759,4045,1951,943,1008,
68290,7804,3805,3999,13658,6628,7030,15608,7468,8140,13657,6517,7140,7804,3759,4045,1951,943,1008,
68295,7805,3805,4000,13659,6628,7031,15610,7469,8141,13658,6518,7140,7804,3759,4045,1951,943,1008,
68300,7806,3806,4000,13659,6628,7031,15610,7469,8141,13659,6518,7141,7804,3759,4045,1951,943,1008,
68305,7807,3807,4000,13661,6628,7033,15613,7470,8143,13660,6519,7141,7805,3760,4045,1951,943,1008,
68310,7807,3807,4000,13662,6628,7034,15613,7470,8143,13661,6519,7142,7805,3760,4045,1952,944,1008,
68315,7808,3807,4001,13662,6628,7034,15614,7471,8143,13662,6519,7143,7807,3762,4045,1952,944,1008,
68320,7808,3807,4001,13663,6629,7034,15615,7471,8144,13663,6520,7143,7808,3763,4045,1952,944,1008,
68325,7808,3807,4001,13665,6630,7035,15616,7471,8145,13664,6521,7143,7808,3763,4045,1952,944,1008,
68330,7809,3808,4001,13666,6630,7036,15618,7473,8145,13665,6522,7143,7808,3763,4045,1952,944,1008,
68335,7810,3808,4002,13666,6630,7036,15618,7473,8145,13666,6523,7143,7808,3763,4045,1952,944,1008,
68340,7811,3809,4002,13668,6632,7036,15621,7475,8146,13667,6524,7143,7809,3763,4046,1952,944,1008,
68345,7811,3809,4002,13669,6632,7037,15621,7475,8146,13668,6525,7143,7809,3763,4046,1953,945,1008,
68350,7812,3809,4003,13669,6632,7037,15622,7475,8147,13669,6526,7143,7811,3764,4047,1953,945,1008,
68355,7812,3809,4003,13670,6632,7038,15623,7475,8148,13670,6526,7144,7812,3765,4047,1953,945,1008,
68360,7812,3809,4003,13672,6633,7039,15624,7475,8149,13671,6526,7145,7812,3765,4047,1953,945,1008,
68365,7813,3810,4003,13673,6634,7039,15626,7476,8150,13672,6527,7145,7812,3765,4047,1953,945,1008,
68370,7814,3811,4003,13673,6634,7039,15626,7476,8150,13673,6527,7146,7812,3765,4047,1953,945,1008,
68375,7815,3812,4003,13675,6634,7041,15629,7478,8151,13674,6528,7146,7813,3765,4048,1953,945,1008,
68380,7815,3812,4003,13676,6634,7042,15629,7478,8151,13675,6529,7146,7813,3765,4048,1954,946,1008,
68385,7816,3812,4004,13676,6634,7042,15630,7479,8151,13676,6529,7147,7815,3766,4049,1954,946,1008,
68390,7816,3812,4004,13677,6635,7042,15631,7480,8151,13677,6529,7148,7816,3766,4050,1954,946,1008,
68395,7816,3812,4004,13679,6637,7042,15632,7480,8152,13678,6530,7148,7816,3766,4050,1954,946,1008,
68400,7817,3812,4005,13680,6638,7042,15634,7480,8154,13679,6530,7149,7816,3766,4050,1954,946,1008,
68405,7818,3812,4006,13680,6638,7042,15634,7480,8154,13680,6530,7150,7816,3766,4050,1954,946,1008,
68410,7819,3812,4007,13682,6638,7044,15637,7482,8155,13681,6530,7151,7817,3766,4051,1954,946,1008,
68415,7819,3812,4007,13683,6639,7044,15637,7482,8155,13682,6530,7152,7817,3766,4051,1955,946,1009,
68420,7820,3812,4008,13683,6639,7044,15638,7483,8155,13683,6531,7152,7819,3766,4053,1955,946,1009,
68425,7820,3812,4008,13684,6640,7044,15639,7483,8156,13684,6531,7153,7820,3766,4054,1955,946,1009,
68430,7820,3812,4008,13686,6641,7045,15640,7484,8156,13685,6531,7154,7820,3766,4054,1955,946,1009,
68435,7821,3813,4008,13687,6641,7046,15642,7484,8158,13686,6532,7154,7820,3766,4054,1955,946,1009,
68440,7822,3814,4008,13687,6641,7046,15642,7484,8158,13687,6533,7154,7820,3766,4054,1955,946,1009,
68445,7823,3814,4009,13689,6641,7048,15645,7485,8160,13688,6534,7154,7821,3766,4055,1955,946,1009,
68450,7823,3814,4009,13690,6642,7048,15645,7485,8160,13689,6535,7154,7821,3766,4055,1956,946,1010,
68455,7824,3814,4010,13690,6642,7048,15646,7486,8160,13690,6535,7155,7823,3767,4056,1956,946,1010,
68460,7824,3814,4010,13691,6643,7048,15647,7487,8160,13691,6535,7156,7824,3768,4056,1956,946,1010,
68465,7824,3814,4010,13693,6644,7049,15648,7487,8161,13692,6536,7156,7824,3768,4056,1956,946,1010,
68470,7825,3815,4010,13694,6644,7050,15650,7487,8163,13693,6537,7156,7824,3768,4056,1956,946,1010,
68475,7826,3816,4010,13694,6644,7050,15650,7487,8163,13694,6537,7157,7824,3768,4056,1956,946,1010,
68480,7827,3817,4010,13696,6645,7051,15653,7487,8166,13695,6538,7157,7825,3769,4056,1956,946,1010,
68485,7827,3817,4010,13697,6646,7051,15653,7487,8166,13696,6539,7157,7825,3769,4056,1957,947,1010,
68490,7828,3818,4010,13697,6646,7051,15654,7487,8167,13697,6540,7157,7827,3771,4056,1957,947,1010,
68495,7828,3818,4010,13698,6647,7051,15655,7488,8167,13698,6541,7157,7828,3771,4057,1957,947,1010,
68500,7828,3818,4010,13700,6648,7052,15656,7488,8168,13699,6542,7157,7828,3771,4057,1957,947,1010,
68505,7829,3818,4011,13701,6649,7052,15658,7488,8170,13700,6543,7157,7828,3771,4057,1957,947,1010,
68510,7830,3818,4012,13701,6649,7052,15658,7488,8170,13701,6544,7157,7828,3771,4057,1957,947,1010,
68515,7831,3819,4012,13703,6649,7054,15661,7490,8171,13702,6544,7158,7829,3772,4057,1957,947,1010,
68520,7831,3819,4012,13704,6650,7054,15661,7490,8171,13703,6544,7159,7829,3772,4057,1958,948,1010,
68525,7832,3820,4012,13704,6650,7054,15662,7491,8171,13704,6545,7159,7831,3772,4059,1958,948,1010,
68530,7832,3820,4012,13705,6651,7054,15663,7492,8171,13705,6545,7160,7832,3773,4059,1958,948,1010,
68535,7832,3820,4012,13707,6651,7056,15664,7493,8171,13706,6546,7160,7832,3773,4059,1958,948,1010,
68540,7833,3820,4013,13708,6651,7057,15666,7494,8172,13707,6547,7160,7832,3773,4059,1958,948,1010,
68545,7834,3820,4014,13708,6651,7057,15666,7494,8172,13708,6547,7161,7832,3773,4059,1958,948,1010,
68550,7835,3821,4014,13710,6652,7058,15669,7495,8174,13709,6547,7162,7833,3774,4059,1958,948,1010,
68555,7835,3821,4014,13711,6653,7058,15669,7495,8174,13710,6547,7163,7833,3774,4059,1959,949,1010,
68560,7836,3822,4014,13711,6653,7058,15670,7495,8175,13711,6548,7163,7835,3775,4060,1959,949,1010,
68565,7836,3822,4014,13712,6654,7058,15671,7496,8175,13712,6548,7164,7836,3776,4060,1959,949,1010,
68570,7836,3822,4014,13714,6656,7058,15672,7497,8175,13713,6549,7164,7836,3776,4060,1959,949,1010,
68575,7837,3823,4014,13715,6657,7058,15674,7498,8176,13714,6549,7165,7836,3776,4060,1959,949,1010,
68580,7838,3824,4014,13715,6657,7058,15674,7498,8176,13715,6549,7166,7836,3776,4060,1959,949,1010,
68585,7839,3824,4015,13717,6659,7058,15677,7498,8179,13716,6549,7167,7837,3776,4061,1959,949,1010,
68590,7839,3824,4015,13718,6660,7058,15677,7498,8179,13717,6549,7168,7837,3776,4061,1960,950,1010,
68595,7840,3825,4015,13718,6660,7058,15678,7498,8180,13718,6550,7168,7839,3776,4063,1960,950,1010,
68600,7840,3825,4015,13719,6661,7058,15679,7498,8181,13719,6550,7169,7840,3776,4064,1960,950,1010,
68605,7840,3825,4015,13721,6663,7058,15680,7499,8181,13720,6551,7169,7840,3776,4064,1960,950,1010,
68610,7841,3826,4015,13722,6663,7059,15682,7500,8182,13721,6552,7169,7840,3776,4064,1960,950,1010,
68615,7842,3827,4015,13722,6663,7059,15682,7500,8182,13722,6553,7169,7840,3776,4064,1960,950,1010,
68620,7843,3828,4015,13724,6665,7059,15685,7501,8184,13723,6553,7170,7841,3777,4064,1960,950,1010,
68625,7843,3828,4015,13725,6665,7060,15685,7501,8184,13724,6554,7170,7841,3777,4064,1961,951,1010,
68630,7844,3829,4015,13725,6665,7060,15686,7502,8184,13725,6554,7171,7843,3778,4065,1961,951,1010,
68635,7844,3829,4015,13726,6666,7060,15687,7503,8184,13726,6555,7171,7844,3778,4066,1961,951,1010,
68640,7844,3829,4015,13728,6666,7062,15688,7503,8185,13727,6555,7172,7844,3778,4066,1961,951,1010,
68645,7845,3830,4015,13729,6667,7062,15690,7503,8187,13728,6555,7173,7844,3778,4066,1961,951,1010,
68650,7846,3830,4016,13729,6667,7062,15690,7503,8187,13729,6556,7173,7844,3778,4066,1961,951,1010,
68655,7847,3831,4016,13731,6668,7063,15693,7505,8188,13730,6557,7173,7845,3778,4067,1961,951,1010,
68660,7847,3831,4016,13732,6668,7064,15693,7505,8188,13731,6558,7173,7845,3778,4067,1962,952,1010,
68665,7848,3832,4016,13732,6668,7064,15694,7506,8188,13732,6559,7173,7847,3780,4067,1962,952,1010,
68670,7848,3832,4016,13733,6668,7065,15695,7506,8189,13733,6560,7173,7848,3781,4067,1962,952,1010,
68675,7848,3832,4016,13735,6670,7065,15696,7506,8190,13734,6561,7173,7848,3781,4067,1962,952,1010,
68680,7849,3832,4017,13736,6670,7066,15698,7507,8191,13735,6561,7174,7848,3781,4067,1962,952,1010,
68685,7850,3833,4017,13736,6670,7066,15698,7507,8191,13736,6561,7175,7848,3781,4067,1962,952,1010,
68690,7851,3834,4017,13738,6670,7068,15701,7507,8194,13737,6561,7176,7849,3782,4067,1962,952,1010,
68695,7851,3834,4017,13739,6670,7069,15701,7507,8194,13738,6562,7176,7849,3782,4067,1963,952,1011,
68700,7852,3835,4017,13739,6670,7069,15702,7508,8194,13739,6563,7176,7851,3782,4069,1963,952,1011,
68705,7852,3835,4017,13740,6671,7069,15703,7508,8195,13740,6563,7177,7852,3783,4069,1963,952,1011,
68710,7852,3835,4017,13742,6671,7071,15704,7509,8195,13741,6564,7177,7852,3783,4069,1963,952,1011,
68715,7853,3836,4017,13743,6672,7071,15706,7510,8196,13742,6565,7177,7852,3783,4069,1963,952,1011,
68720,7854,3836,4018,13743,6672,7071,15706,7510,8196,13743,6565,7178,7852,3783,4069,1963,952,1011,
68725,7855,3837,4018,13745,6672,7073,15709,7511,8198,13744,6565,7179,7853,3783,4070,1963,952,1011,
68730,7855,3837,4018,13746,6673,7073,15709,7511,8198,13745,6566,7179,7853,3783,4070,1964,953,1011,
68735,7856,3837,4019,13746,6673,7073,15710,7511,8199,13746,6566,7180,7855,3784,4071,1964,953,1011,
68740,7856,3837,4019,13747,6674,7073,15711,7511,8200,13747,6566,7181,7856,3784,4072,1964,953,1011,
68745,7856,3837,4019,13749,6676,7073,15712,7511,8201,13748,6566,7182,7856,3784,4072,1964,953,1011,
68750,7857,3838,4019,13750,6677,7073,15714,7511,8203,13749,6566,7183,7856,3784,4072,1964,953,1011,
68755,7858,3838,4020,13750,6677,7073,15714,7511,8203,13750,6567,7183,7856,3784,4072,1964,953,1011,
68760,7859,3839,4020,13752,6678,7074,15717,7513,8204,13751,6568,7183,7857,3785,4072,1964,953,1011,
68765,7859,3839,4020,13753,6679,7074,15717,7513,8204,13752,6568,7184,7857,3785,4072,1965,953,1012,
68770,7860,3840,4020,13753,6679,7074,15718,7514,8204,13753,6568,7185,7859,3786,4073,1965,953,1012,
68775,7860,3840,4020,13754,6679,7075,15719,7515,8204,13754,6568,7186,7860,3786,4074,1965,953,1012,
68780,7860,3840,4020,13756,6679,7077,15720,7515,8205,13755,6568,7187,7860,3786,4074,1965,953,1012,
68785,7861,3841,4020,13757,6680,7077,15722,7516,8206,13756,6568,7188,7860,3786,4074,1965,953,1012,
68790,7862,3842,4020,13757,6680,7077,15722,7516,8206,13757,6568,7189,7860,3786,4074,1965,953,1012,
68795,7863,3843,4020,13759,6681,7078,15725,7517,8208,13758,6568,7190,7861,3786,4075,1965,953,1012,
68800,7863,3843,4020,13760,6681,7079,15725,7517,8208,13759,6568,7191,7861,3786,4075,1966,953,1013,
68805,7864,3843,4021,13760,6681,7079,15726,7517,8209,13760,6568,7192,7863,3787,4076,1966,953,1013,
68810,7864,3843,4021,13761,6682,7079,15727,7517,8210,13761,6568,7193,7864,3787,4077,1966,953,1013,
68815,7864,3843,4021,13763,6682,7081,15728,7518,8210,13762,6568,7194,7864,3787,4077,1966,953,1013,
68820,7865,3843,4022,13764,6683,7081,15730,7520,8210,13763,6569,7194,7864,3787,4077,1966,953,1013,
68825,7866,3843,4023,13764,6683,7081,15730,7520,8210,13764,6570,7194,7864,3787,4077,1966,953,1013,
68830,7867,3844,4023,13766,6685,7081,15733,7521,8212,13765,6570,7195,7865,3787,4078,1966,953,1013,
68835,7867,3844,4023,13767,6686,7081,15733,7521,8212,13766,6571,7195,7865,3787,4078,1967,954,1013,
68840,7868,3845,4023,13767,6686,7081,15734,7521,8213,13767,6572,7195,7867,3788,4079,1967,954,1013,
68845,7868,3845,4023,13768,6687,7081,15735,7522,8213,13768,6572,7196,7868,3789,4079,1967,954,1013,
68850,7868,3845,4023,13770,6688,7082,15736,7522,8214,13769,6572,7197,7868,3789,4079,1967,954,1013,
68855,7869,3845,4024,13771,6688,7083,15738,7523,8215,13770,6572,7198,7868,3789,4079,1967,954,1013,
68860,7870,3845,4025,13771,6688,7083,15738,7523,8215,13771,6573,7198,7868,3789,4079,1967,954,1013,
68865,7871,3845,4026,13773,6689,7084,15741,7526,8215,13772,6574,7198,7869,3789,4080,1967,954,1013,
68870,7871,3845,4026,13774,6689,7085,15741,7526,8215,13773,6575,7198,7869,3789,4080,1968,955,1013,
68875,7872,3846,4026,13774,6689,7085,15742,7526,8216,13774,6576,7198,7871,3790,4081,1968,955,1013,
68880,7872,3846,4026,13775,6689,7086,15743,7526,8217,13775,6576,7199,7872,3790,4082,1968,955,1013,
68885,7872,3846,4026,13777,6690,7087,15744,7526,8218,13776,6577,7199,7872,3790,4082,1968,955,1013,
68890,7873,3847,4026,13778,6690,7088,15746,7527,8219,13777,6577,7200,7872,3790,4082,1968,955,1013,
68895,7874,3847,4027,13778,6690,7088,15746,7527,8219,13778,6577,7201,7872,3790,4082,1968,955,1013,
68900,7875,3848,4027,13780,6691,7089,15749,7528,8221,13779,6578,7201,7873,3791,4082,1968,955,1013,
68905,7875,3848,4027,13781,6691,7090,15749,7528,8221,13780,6578,7202,7873,3791,4082,1969,955,1014,
68910,7876,3848,4028,13781,6691,7090,15750,7528,8222,13781,6579,7202,7875,3792,4083,1969,955,1014,
68915,7876,3848,4028,13782,6692,7090,15751,7528,8223,13782,6579,7203,7876,3793,4083,1969,955,1014,
68920,7876,3848,4028,13784,6693,7091,15752,7528,8224,13783,6580,7203,7876,3793,4083,1969,955,1014,
68925,7877,3849,4028,13785,6693,7092,15754,7528,8226,13784,6581,7203,7876,3793,4083,1969,955,1014,
68930,7878,3850,4028,13785,6693,7092,15754,7528,8226,13785,6582,7203,7876,3793,4083,1969,955,1014,
68935,7879,3850,4029,13787,6693,7094,15757,7530,8227,13786,6582,7204,7877,3793,4084,1969,955,1014,
68940,7879,3850,4029,13788,6693,7095,15757,7530,8227,13787,6582,7205,7877,3793,4084,1970,955,1015,
68945,7880,3851,4029,13788,6693,7095,15758,7531,8227,13788,6582,7206,7879,3793,4086,1970,955,1015,
68950,7880,3851,4029,13789,6694,7095,15759,7531,8228,13789,6583,7206,7880,3793,4087,1970,955,1015,
68955,7880,3851,4029,13791,6696,7095,15760,7531,8229,13790,6584,7206,7880,3793,4087,1970,955,1015,
68960,7881,3852,4029,13792,6696,7096,15762,7532,8230,13791,6584,7207,7880,3793,4087,1970,955,1015,
68965,7882,3852,4030,13792,6696,7096,15762,7532,8230,13792,6584,7208,7880,3793,4087,1970,955,1015,
68970,7883,3852,4031,13794,6697,7097,15765,7533,8232,13793,6584,7209,7881,3794,4087,1970,955,1015,
68975,7883,3852,4031,13795,6697,7098,15765,7533,8232,13794,6585,7209,7881,3794,4087,1971,956,1015,
68980,7884,3853,4031,13795,6697,7098,15766,7534,8232,13795,6585,7210,7883,3795,4088,1971,956,1015,
68985,7884,3853,4031,13796,6698,7098,15767,7534,8233,13796,6586,7210,7884,3796,4088,1971,956,1015,
68990,7884,3853,4031,13798,6698,7100,15768,7535,8233,13797,6586,7211,7884,3796,4088,1971,956,1015,
68995,7885,3853,4032,13799,6699,7100,15770,7535,8235,13798,6586,7212,7884,3796,4088,1971,956,1015,
69000,7886,3853,4033,13799,6699,7100,15770,7535,8235,13799,6587,7212,7884,3796,4088,1971,956,1015,
69005,7887,3854,4033,13801,6700,7101,15773,7536,8237,13800,6588,7212,7885,3797,4088,1971,956,1015,
69010,7887,3854,4033,13802,6700,7102,15773,7536,8237,13801,6588,7213,7885,3797,4088,1972,957,1015,
69015,7888,3854,4034,13802,6700,7102,15774,7537,8237,13802,6588,7214,7887,3798,4089,1972,957,1015,
69020,7888,3854,4034,13803,6700,7103,15775,7537,8238,13803,6589,7214,7888,3798,4090,1972,957,1015,
69025,7888,3854,4034,13805,6700,7105,15776,7538,8238,13804,6589,7215,7888,3798,4090,1972,957,1015,
69030,7889,3855,4034,13806,6700,7106,15778,7538,8240,13805,6589,7216,7888,3798,4090,1972,957,1015,
69035,7890,3855,4035,13806,6700,7106,15778,7538,8240,13806,6589,7217,7888,3798,4090,1972,957,1015,
69040,7891,3855,4036,13808,6702,7106,15781,7540,8241,13807,6589,7218,7889,3798,4091,1972,957,1015,
69045,7891,3855,4036,13809,6703,7106,15781,7540,8241,13808,6590,7218,7889,3798,4091,1973,958,1015,
69050,7892,3855,4037,13809,6703,7106,15782,7540,8242,13809,6590,7219,7891,3799,4092,1973,958,1015,
69055,7892,3855,4037,13810,6704,7106,15783,7540,8243,13810,6591,7219,7892,3800,4092,1973,958,1015,
69060,7892,3855,4037,13812,6705,7107,15784,7541,8243,13811,6591,7220,7892,3800,4092,1973,958,1015,
69065,7893,3855,4038,13813,6705,7108,15786,7542,8244,13812,6591,7221,7892,3800,4092,1973,958,1015,
69070,7894,3856,4038,13813,6705,7108,15786,7542,8244,13813,6591,7222,7892,3800,4092,1973,958,1015,
69075,7895,3856,4039,13815,6706,7109,15789,7544,8245,13814,6592,7222,7893,3801,4092,1973,958,1015,
69080,7895,3856,4039,13816,6706,7110,15789,7544,8245,13815,6592,7223,7893,3801,4092,1974,959,1015,
69085,7896,3857,4039,13816,6706,7110,15790,7544,8246,13816,6592,7224,7895,3803,4092,1974,959,1015,
69090,7896,3857,4039,13817,6706,7111,15791,7544,8247,13817,6592,7225,7896,3804,4092,1974,959,1015,
69095,7896,3857,4039,13819,6706,7113,15792,7545,8247,13818,6592,7226,7896,3804,4092,1974,959,1015,
69100,7897,3857,4040,13820,6707,7113,15794,7546,8248,13819,6592,7227,7896,3804,4092,1974,959,1015,
69105,7898,3857,4041,13820,6707,7113,15794,7546,8248,13820,6593,7227,7896,3804,4092,1974,959,1015,
69110,7899,3857,4042,13822,6708,7114,15797,7547,8250,13821,6594,7227,7897,3805,4092,1974,959,1015,
69115,7899,3857,4042,13823,6708,7115,15797,7547,8250,13822,6594,7228,7897,3805,4092,1975,959,1016,
69120,7900,3857,4043,13823,6708,7115,15798,7548,8250,13823,6594,7229,7899,3805,4094,1975,959,1016,
69125,7900,3857,4043,13824,6709,7115,15799,7549,8250,13824,6595,7229,7900,3805,4095,1975,959,1016,
69130,7900,3857,4043,13826,6710,7116,15800,7550,8250,13825,6596,7229,7900,3805,4095,1975,959,1016,
69135,7901,3857,4044,13827,6710,7117,15802,7550,8252,13826,6597,7229,7900,3805,4095,1975,959,1016,
69140,7902,3858,4044,13827,6710,7117,15802,7550,8252,13827,6597,7230,7900,3805,4095,1975,959,1016,
69145,7903,3859,4044,13829,6711,7118,15805,7551,8254,13828,6597,7231,7901,3805,4096,1975,959,1016,
69150,7903,3859,4044,13830,6711,7119,15805,7551,8254,13829,6598,7231,7901,3805,4096,1976,960,1016,
69155,7904,3859,4045,13830,6711,7119,15806,7552,8254,13830,6598,7232,7903,3806,4097,1976,960,1016,
69160,7904,3859,4045,13831,6711,7120,15807,7552,8255,13831,6598,7233,7904,3806,4098,1976,960,1016,
69165,7904,3859,4045,13833,6713,7120,15808,7552,8256,13832,6599,7233,7904,3806,4098,1976,960,1016,
69170,7905,3860,4045,13834,6713,7121,15810,7554,8256,13833,6599,7234,7904,3806,4098,1976,960,1016,
69175,7906,3861,4045,13834,6713,7121,15810,7554,8256,13834,6599,7235,7904,3806,4098,1976,960,1016,
69180,7907,3862,4045,13836,6714,7122,15813,7555,8258,13835,6599,7236,7905,3806,4099,1976,960,1016,
69185,7907,3862,4045,13837,6714,7123,15813,7555,8258,13836,6599,7237,7905,3806,4099,1977,960,1017,
69190,7908,3863,4045,13837,6714,7123,15814,7556,8258,13837,6599,7238,7907,3807,4100,1977,960,1017,
69195,7908,3863,4045,13838,6715,7123,15815,7557,8258,13838,6599,7239,7908,3808,4100,1977,960,1017,
69200,7908,3863,4045,13840,6716,7124,15816,7557,8259,13839,6600,7239,7908,3808,4100,1977,960,1017,
69205,7909,3864,4045,13841,6717,7124,15818,7559,8259,13840,6600,7240,7908,3808,4100,1977,960,1017,
69210,7910,3864,4046,13841,6717,7124,15818,7559,8259,13841,6601,7240,7908,3808,4100,1977,960,1017,
69215,7911,3864,4047,13843,6718,7125,15821,7561,8260,13842,6602,7240,7909,3808,4101,1977,960,1017,
69220,7911,3864,4047,13844,6719,7125,15821,7561,8260,13843,6603,7240,7909,3808,4101,1978,960,1018,
69225,7912,3865,4047,13844,6719,7125,15822,7562,8260,13844,6604,7240,7911,3808,4103,1978,960,1018,
69230,7912,3865,4047,13845,6719,7126,15823,7563,8260,13845,6604,7241,7912,3809,4103,1978,960,1018,
69235,7912,3865,4047,13847,6720,7127,15824,7564,8260,13846,6604,7242,7912,3809,4103,1978,960,1018,
69240,7913,3865,4048,13848,6720,7128,15826,7566,8260,13847,6605,7242,7912,3809,4103,1978,960,1018,
69245,7914,3865,4049,13848,6720,7128,15826,7566,8260,13848,6606,7242,7912,3809,4103,1978,960,1018,
69250,7915,3866,4049,13850,6722,7128,15829,7567,8262,13849,6607,7242,7913,3809,4104,1978,960,1018,
69255,7915,3866,4049,13851,6723,7128,15829,7567,8262,13850,6607,7243,7913,3809,4104,1979,961,1018,
69260,7916,3867,4049,13851,6723,7128,15830,7567,8263,13851,6608,7243,7915,3810,4105,1979,961,1018,
69265,7916,3867,4049,13852,6723,7129,15831,7568,8263,13852,6609,7243,7916,3811,4105,1979,961,1018,
69270,7916,3867,4049,13854,6725,7129,15832,7569,8263,13853,6609,7244,7916,3811,4105,1979,961,1018,
69275,7917,3867,4050,13855,6726,7129,15834,7569,8265,13854,6609,7245,7916,3811,4105,1979,961,1018,
69280,7918,3867,4051,13855,6726,7129,15834,7569,8265,13855,6609,7246,7916,3811,4105,1979,961,1018,
69285,7919,3868,4051,13857,6727,7130,15837,7569,8268,13856,6610,7246,7917,3811,4106,1979,961,1018,
69290,7919,3868,4051,13858,6727,7131,15837,7569,8268,13857,6610,7247,7917,3811,4106,1980,962,1018,
69295,7920,3868,4052,13858,6727,7131,15838,7570,8268,13858,6611,7247,7919,3812,4107,1980,962,1018,
69300,7920,3868,4052,13859,6727,7132,15839,7570,8269,13859,6611,7248,7920,3812,4108,1980,962,1018,
69305,7920,3868,4052,13861,6728,7133,15840,7570,8270,13860,6612,7248,7920,3812,4108,1980,962,1018,
69310,7921,3868,4053,13862,6728,7134,15842,7571,8271,13861,6612,7249,7920,3812,4108,1980,962,1018,
69315,7922,3869,4053,13862,6728,7134,15842,7571,8271,13862,6613,7249,7920,3812,4108,1980,962,1018,
69320,7923,3869,4054,13864,6730,7134,15845,7574,8271,13863,6614,7249,7921,3812,4109,1980,962,1018,
69325,7923,3869,4054,13865,6730,7135,15845,7574,8271,13864,6615,7249,7921,3812,4109,1981,963,1018,
69330,7924,3870,4054,13865,6730,7135,15846,7574,8272,13865,6616,7249,7923,3814,4109,1981,963,1018,
69335,7924,3870,4054,13866,6731,7135,15847,7574,8273,13866,6616,7250,7924,3815,4109,1981,963,1018,
69340,7924,3870,4054,13868,6731,7137,15848,7574,8274,13867,6617,7250,7924,3815,4109,1981,963,1018,
69345,7925,3870,4055,13869,6732,7137,15850,7574,8276,13868,6617,7251,7924,3815,4109,1981,963,1018,
69350,7926,3871,4055,13869,6732,7137,15850,7574,8276,13869,6617,7252,7924,3815,4109,1981,963,1018,
69355,7927,3872,4055,13871,6733,7138,15853,7576,8277,13870,6618,7252,7925,3815,4110,1981,963,1018,
69360,7927,3872,4055,13872,6733,7139,15853,7576,8277,13871,6618,7253,7925,3815,4110,1982,963,1019,
69365,7928,3872,4056,13872,6733,7139,15854,7577,8277,13872,6619,7253,7927,3816,4111,1982,963,1019,
69370,7928,3872,4056,13873,6733,7140,15855,7578,8277,13873,6619,7254,7928,3816,4112,1982,963,1019,
69375,7928,3872,4056,13875,6734,7141,15856,7578,8278,13874,6620,7254,7928,3816,4112,1982,963,1019,
69380,7929,3872,4057,13876,6734,7142,15858,7579,8279,13875,6620,7255,7928,3816,4112,1982,963,1019,
69385,7930,3872,4058,13876,6734,7142,15858,7579,8279,13876,6621,7255,7928,3816,4112,1982,963,1019,
69390,7931,3873,4058,13878,6735,7143,15861,7581,8280,13877,6622,7255,7929,3816,4113,1982,963,1019,
69395,7931,3873,4058,13879,6736,7143,15861,7581,8280,13878,6622,7256,7929,3816,4113,1983,963,1020,
69400,7932,3874,4058,13879,6736,7143,15862,7581,8281,13879,6623,7256,7931,3817,4114,1983,963,1020,
69405,7932,3874,4058,13880,6737,7143,15863,7582,8281,13880,6624,7256,7932,3817,4115,1983,963,1020,
69410,7932,3874,4058,13882,6738,7144,15864,7582,8282,13881,6625,7256,7932,3817,4115,1983,963,1020,
69415,7933,3874,4059,13883,6738,7145,15866,7584,8282,13882,6625,7257,7932,3817,4115,1983,963,1020,
69420,7934,3874,4060,13883,6738,7145,15866,7584,8282,13883,6625,7258,7932,3817,4115,1983,963,1020,
69425,7935,3875,4060,13885,6738,7147,15869,7585,8284,13884,6625,7259,7933,3817,4116,1983,963,1020,
69430,7935,3875,4060,13886,6738,7148,15869,7585,8284,13885,6625,7260,7933,3817,4116,1984,964,1020,
69435,7936,3876,4060,13886,6738,7148,15870,7586,8284,13886,6625,7261,7935,3818,4117,1984,964,1020,
69440,7936,3876,4060,13887,6738,7149,15871,7586,8285,13887,6626,7261,7936,3819,4117,1984,964,1020,
69445,7936,3876,4060,13889,6739,7150,15872,7587,8285,13888,6627,7261,7936,3819,4117,1984,964,1020,
69450,7937,3877,4060,13890,6739,7151,15874,7589,8285,13889,6628,7261,7936,3819,4117,1984,964,1020,
69455,7938,3878,4060,13890,6739,7151,15874,7589,8285,13890,6629,7261,7936,3819,4117,1984,964,1020,
69460,7939,3878,4061,13892,6740,7152,15877,7591,8286,13891,6629,7262,7937,3819,4118,1984,964,1020,
69465,7939,3878,4061,13893,6740,7153,15877,7591,8286,13892,6629,7263,7937,3819,4118,1985,965,1020,
69470,7940,3879,4061,13893,6740,7153,15878,7591,8287,13893,6630,7263,7939,3820,4119,1985,965,1020,
69475,7940,3879,4061,13894,6741,7153,15879,7591,8288,13894,6630,7264,7940,3820,4120,1985,965,1020,
69480,7940,3879,4061,13896,6743,7153,15880,7592,8288,13895,6631,7264,7940,3820,4120,1985,965,1020,
69485,7941,3879,4062,13897,6743,7154,15882,7593,8289,13896,6632,7264,7940,3820,4120,1985,965,1020,
69490,7942,3879,4063,13897,6743,7154,15882,7593,8289,13897,6632,7265,7940,3820,4120,1985,965,1020,
69495,7943,3879,4064,13899,6743,7156,15885,7595,8290,13898,6633,7265,7941,3821,4120,1985,965,1020,
69500,7943,3879,4064,13900,6744,7156,15885,7595,8290,13899,6634,7265,7941,3821,4120,1986,965,1021,
69505,7944,3879,4065,13900,6744,7156,15886,7595,8291,13900,6635,7265,7943,3822,4121,1986,965,1021,
69510,7944,3879,4065,13901,6745,7156,15887,7596,8291,13901,6636,7265,7944,3822,4122,1986,965,1021,
69515,7944,3879,4065,13903,6747,7156,15888,7597,8291,13902,6636,7266,7944,3822,4122,1986,965,1021,
69520,7945,3880,4065,13904,6748,7156,15890,7598,8292,13903,6636,7267,7944,3822,4122,1986,965,1021,
69525,7946,3881,4065,13904,6748,7156,15890,7598,8292,13904,6636,7268,7944,3822,4122,1986,965,1021,
69530,7947,3882,4065,13906,6748,7158,15893,7600,8293,13905,6636,7269,7945,3823,4122,1986,965,1021,
69535,7947,3882,4065,13907,6748,7159,15893,7600,8293,13906,6636,7270,7945,3823,4122,1987,966,1021,
69540,7948,3883,4065,13907,6748,7159,15894,7600,8294,13907,6637,7270,7947,3824,4123,1987,966,1021,
69545,7948,3883,4065,13908,6748,7160,15895,7601,8294,13908,6638,7270,7948,3825,4123,1987,966,1021,
69550,7948,3883,4065,13910,6750,7160,15896,7601,8295,13909,6638,7271,7948,3825,4123,1987,966,1021,
69555,7949,3883,4066,13911,6751,7160,15898,7601,8297,13910,6638,7272,7948,3825,4123,1987,966,1021,
69560,7950,3884,4066,13911,6751,7160,15898,7601,8297,13911,6639,7272,7948,3825,4123,1987,966,1021,
69565,7951,3885,4066,13913,6751,7162,15901,7601,8300,13912,6640,7272,7949,3826,4123,1987,966,1021,
69570,7951,3885,4066,13914,6751,7163,15901,7601,8300,13913,6640,7273,7949,3826,4123,1988,967,1021,
69575,7952,3885,4067,13914,6751,7163,15902,7601,8301,13914,6641,7273,7951,3827,4124,1988,967,1021,
69580,7952,3885,4067,13915,6751,7164,15903,7601,8302,13915,6642,7273,7952,3827,4125,1988,967,1021,
69585,7952,3885,4067,13917,6752,7165,15904,7601,8303,13916,6643,7273,7952,3827,4125,1988,967,1021,
69590,7953,3885,4068,13918,6753,7165,15906,7603,8303,13917,6644,7273,7952,3827,4125,1988,967,1021,
69595,7954,3886,4068,13918,6753,7165,15906,7603,8303,13918,6644,7274,7952,3827,4125,1988,967,1021,
69600,7955,3887,4068,13920,6754,7166,15909,7604,8305,13919,6645,7274,7953,3827,4126,1988,967,1021,
69605,7955,3887,4068,13921,6754,7167,15909,7604,8305,13920,6646,7274,7953,3827,4126,1989,967,1022,
69610,7956,3888,4068,13921,6754,7167,15910,7605,8305,13921,6646,7275,7955,3828,4127,1989,967,1022,
69615,7956,3888,4068,13922,6755,7167,15911,7605,8306,13922,6647,7275,7956,3828,4128,1989,967,1022,
69620,7956,3888,4068,13924,6757,7167,15912,7606,8306,13923,6647,7276,7956,3828,4128,1989,967,1022,
69625,7957,3888,4069,13925,6757,7168,15914,7607,8307,13924,6647,7277,7956,3828,4128,1989,967,1022,
69630,7958,3888,4070,13925,6757,7168,15914,7607,8307,13925,6647,7278,7956,3828,4128,1989,967,1022,
69635,7959,3888,4071,13927,6758,7169,15917,7608,8309,13926,6647,7279,7957,3829,4128,1989,967,1022,
69640,7959,3888,4071,13928,6759,7169,15917,7608,8309,13927,6647,7280,7957,3829,4128,1990,967,1023,
69645,7960,3889,4071,13928,6759,7169,15918,7609,8309,13928,6648,7280,7959,3830,4129,1990,967,1023,
69650,7960,3889,4071,13929,6759,7170,15919,7610,8309,13929,6649,7280,7960,3831,4129,1990,967,1023,
69655,7960,3889,4071,13931,6759,7172,15920,7610,8310,13930,6649,7281,7960,3831,4129,1990,967,1023,
69660,7961,3889,4072,13932,6760,7172,15922,7611,8311,13931,6650,7281,7960,3831,4129,1990,967,1023,
69665,7962,3890,4072,13932,6760,7172,15922,7611,8311,13932,6650,7282,7960,3831,4129,1990,967,1023,
69670,7963,3890,4073,13934,6761,7173,15925,7613,8312,13933,6650,7283,7961,3832,4129,1990,967,1023,
69675,7963,3890,4073,13935,6761,7174,15925,7613,8312,13934,6650,7284,7961,3832,4129,1991,967,1024,
69680,7964,3891,4073,13935,6761,7174,15926,7614,8312,13935,6650,7285,7963,3832,4131,1991,967,1024,
69685,7964,3891,4073,13936,6761,7175,15927,7614,8313,13936,6651,7285,7964,3832,4132,1991,967,1024,
69690,7964,3891,4073,13938,6763,7175,15928,7614,8314,13937,6651,7286,7964,3832,4132,1991,967,1024,
69695,7965,3892,4073,13939,6764,7175,15930,7616,8314,13938,6652,7286,7964,3832,4132,1991,967,1024,
69700,7966,3893,4073,13939,6764,7175,15930,7616,8314,13939,6652,7287,7964,3832,4132,1991,967,1024,
69705,7967,3893,4074,13941,6765,7176,15933,7617,8316,13940,6652,7288,7965,3832,4133,1991,967,1024,
69710,7967,3893,4074,13942,6766,7176,15933,7617,8316,13941,6652,7289,7965,3832,4133,1992,968,1024,
69715,7968,3893,4075,13942,6766,7176,15934,7618,8316,13942,6653,7289,7967,3834,4133,1992,968,1024,
69720,7968,3893,4075,13943,6766,7177,15935,7618,8317,13943,6653,7290,7968,3834,4134,1992,968,1024,
69725,7968,3893,4075,13945,6766,7179,15936,7618,8318,13944,6654,7290,7968,3834,4134,1992,968,1024,
69730,7969,3894,4075,13946,6766,7180,15938,7619,8319,13945,6655,7290,7968,3834,4134,1992,968,1024,
69735,7970,3894,4076,13946,6766,7180,15938,7619,8319,13946,6655,7291,7968,3834,4134,1992,968,1024,
69740,7971,3895,4076,13948,6767,7181,15941,7622,8319,13947,6655,7292,7969,3835,4134,1992,968,1024,
69745,7971,3895,4076,13949,6768,7181,15941,7622,8319,13948,6655,7293,7969,3835,4134,1993,968,1025,
69750,7972,3896,4076,13949,6768,7181,15942,7623,8319,13949,6655,7294,7971,3836,4135,1993,968,1025,
69755,7972,3896,4076,13950,6768,7182,15943,7623,8320,13950,6655,7295,7972,3836,4136,1993,968,1025,
69760,7972,3896,4076,13952,6769,7183,15944,7623,8321,13951,6656,7295,7972,3836,4136,1993,968,1025,
69765,7973,3897,4076,13953,6770,7183,15946,7625,8321,13952,6656,7296,7972,3836,4136,1993,968,1025,
69770,7974,3897,4077,13953,6770,7183,15946,7625,8321,13953,6657,7296,7972,3836,4136,1993,968,1025,
69775,7975,3898,4077,13955,6771,7184,15949,7627,8322,13954,6658,7296,7973,3836,4137,1993,968,1025,
69780,7975,3898,4077,13956,6771,7185,15949,7627,8322,13955,6658,7297,7973,3836,4137,1994,969,1025,
69785,7976,3899,4077,13956,6771,7185,15950,7627,8323,13956,6658,7298,7975,3837,4138,1994,969,1025,
69790,7976,3899,4077,13957,6771,7186,15951,7627,8324,13957,6659,7298,7976,3838,4138,1994,969,1025,
69795,7976,3899,4077,13959,6772,7187,15952,7627,8325,13958,6660,7298,7976,3838,4138,1994,969,1025,
69800,7977,3899,4078,13960,6772,7188,15954,7628,8326,13959,6661,7298,7976,3838,4138,1994,969,1025,
69805,7978,3900,4078,13960,6772,7188,15954,7628,8326,13960,6661,7299,7976,3838,4138,1994,969,1025,
69810,7979,3901,4078,13962,6772,7190,15957,7628,8329,13961,6661,7300,7977,3838,4139,1994,969,1025,
69815,7979,3901,4078,13963,6772,7191,15957,7628,8329,13962,6661,7301,7977,3838,4139,1995,969,1026,
69820,7980,3901,4079,13963,6772,7191,15958,7629,8329,13963,6662,7301,7979,3839,4140,1995,969,1026,
69825,7980,3901,4079,13964,6773,7191,15959,7629,8330,13964,6662,7302,7980,3840,4140,1995,969,1026,
69830,7980,3901,4079,13966,6775,7191,15960,7629,8331,13965,6662,7303,7980,3840,4140,1995,969,1026,
69835,7981,3901,4080,13967,6776,7191,15962,7630,8332,13966,6662,7304,7980,3840,4140,1995,969,1026,
69840,7982,3901,4081,13967,6776,7191,15962,7630,8332,13967,6663,7304,7980,3840,4140,1995,969,1026,
69845,7983,3902,4081,13969,6776,7193,15965,7632,8333,13968,6664,7304,7981,3840,4141,1995,969,1026,
69850,7983,3902,4081,13970,6776,7194,15965,7632,8333,13969,6664,7305,7981,3840,4141,1996,969,1027,
69855,7984,3903,4081,13970,6776,7194,15966,7633,8333,13970,6665,7305,7983,3841,4142,1996,969,1027,
69860,7984,3903,4081,13971,6776,7195,15967,7633,8334,13971,6666,7305,7984,3841,4143,1996,969,1027,
69865,7984,3903,4081,13973,6777,7196,15968,7633,8335,13972,6666,7306,7984,3841,4143,1996,969,1027,
69870,7985,3903,4082,13974,6777,7197,15970,7634,8336,13973,6667,7306,7984,3841,4143,1996,969,1027,
69875,7986,3903,4083,13974,6777,7197,15970,7634,8336,13974,6668,7306,7984,3841,4143,1996,969,1027,
69880,7987,3903,4084,13976,6778,7198,15973,7636,8337,13975,6668,7307,7985,3841,4144,1996,969,1027,
69885,7987,3903,4084,13977,6779,7198,15973,7636,8337,13976,6668,7308,7985,3841,4144,1997,969,1028,
69890,7988,3904,4084,13977,6779,7198,15974,7636,8338,13977,6668,7309,7987,3843,4144,1997,969,1028,
69895,7988,3904,4084,13978,6780,7198,15975,7636,8339,13978,6668,7310,7988,3844,4144,1997,969,1028,
69900,7988,3904,4084,13980,6781,7199,15976,7637,8339,13979,6668,7311,7988,3844,4144,1997,969,1028,
69905,7989,3904,4085,13981,6782,7199,15978,7637,8341,13980,6668,7312,7988,3844,4144,1997,969,1028,
69910,7990,3905,4085,13981,6782,7199,15978,7637,8341,13981,6668,7313,7988,3844,4144,1997,969,1028,
69915,7991,3906,4085,13983,6783,7200,15981,7638,8343,13982,6668,7314,7989,3845,4144,1997,969,1028,
69920,7991,3906,4085,13984,6783,7201,15981,7638,8343,13983,6669,7314,7989,3845,4144,1998,969,1029,
69925,7992,3907,4085,13984,6783,7201,15982,7639,8343,13984,6670,7314,7991,3845,4146,1998,969,1029,
69930,7992,3907,4085,13985,6783,7202,15983,7640,8343,13985,6670,7315,7992,3846,4146,1998,969,1029,
69935,7992,3907,4085,13987,6785,7202,15984,7640,8344,13986,6670,7316,7992,3846,4146,1998,969,1029,
69940,7993,3908,4085,13988,6785,7203,15986,7642,8344,13987,6670,7317,7992,3846,4146,1998,969,1029,
69945,7994,3908,4086,13988,6785,7203,15986,7642,8344,13988,6670,7318,7992,3846,4146,1998,969,1029,
69950,7995,3909,4086,13990,6786,7204,15989,7644,8345,13989,6671,7318,7993,3847,4146,1998,969,1029,
69955,7995,3909,4086,13991,6787,7204,15989,7644,8345,13990,6672,7318,7993,3847,4146,1999,969,1030,
69960,7996,3910,4086,13991,6787,7204,15990,7645,8345,13991,6673,7318,7995,3848,4147,1999,969,1030,
69965,7996,3910,4086,13992,6788,7204,15991,7646,8345,13992,6674,7318,7996,3849,4147,1999,969,1030,
69970,7996,3910,4086,13994,6789,7205,15992,7646,8346,13993,6675,7318,7996,3849,4147,1999,969,1030,
69975,7997,3911,4086,13995,6790,7205,15994,7647,8347,13994,6675,7319,7996,3849,4147,1999,969,1030,
69980,7998,3911,4087,13995,6790,7205,15994,7647,8347,13995,6675,7320,7996,3849,4147,1999,969,1030,
69985,7999,3912,4087,13997,6790,7207,15997,7648,8349,13996,6675,7321,7997,3850,4147,1999,969,1030,
69990,7999,3912,4087,13998,6791,7207,15997,7648,8349,13997,6675,7322,7997,3850,4147,2000,969,1031,
69995,8000,3912,4088,13998,6791,7207,15998,7648,8350,13998,6676,7322,7999,3851,4148,2000,969,1031,
70000,8000,3912,4088,13999,6791,7208,15999,7648,8351,13999,6677,7322,8000,3851,4149,2000,969,1031,
70005,8000,3912,4088,14001,6792,7209,16000,7648,8352,14000,6677,7323,8000,3851,4149,2000,969,1031,
70010,8001,3913,4088,14002,6793,7209,16002,7649,8353,14001,6678,7323,8000,3851,4149,2000,969,1031,
70015,8002,3913,4089,14002,6793,7209,16002,7649,8353,14002,6679,7323,8000,3851,4149,2000,969,1031,
70020,8003,3913,4090,14004,6794,7210,16005,7651,8354,14003,6680,7323,8001,3852,4149,2000,969,1031,
70025,8003,3913,4090,14005,6795,7210,16005,7651,8354,14004,6681,7323,8001,3852,4149,2001,969,1032,
70030,8004,3913,4091,14005,6795,7210,16006,7651,8355,14005,6681,7324,8003,3852,4151,2001,969,1032,
70035,8004,3913,4091,14006,6795,7211,16007,7651,8356,14006,6681,7325,8004,3853,4151,2001,969,1032,
70040,8004,3913,4091,14008,6796,7212,16008,7652,8356,14007,6682,7325,8004,3853,4151,2001,969,1032,
70045,8005,3914,4091,14009,6796,7213,16010,7652,8358,14008,6682,7326,8004,3853,4151,2001,969,1032,
70050,8006,3915,4091,14009,6796,7213,16010,7652,8358,14009,6682,7327,8004,3853,4151,2001,969,1032,
70055,8007,3915,4092,14011,6798,7213,16013,7653,8360,14010,6683,7327,8005,3854,4151,2001,969,1032,
70060,8007,3915,4092,14012,6798,7214,16013,7653,8360,14011,6684,7327,8005,3854,4151,2002,969,1033,
70065,8008,3915,4093,14012,6798,7214,16014,7654,8360,14012,6685,7327,8007,3854,4153,2002,969,1033,
70070,8008,3915,4093,14013,6799,7214,16015,7655,8360,14013,6686,7327,8008,3855,4153,2002,969,1033,
70075,8008,3915,4093,14015,6799,7216,16016,7656,8360,14014,6686,7328,8008,3855,4153,2002,969,1033,
70080,8009,3916,4093,14016,6800,7216,16018,7658,8360,14015,6687,7328,8008,3855,4153,2002,969,1033,
70085,8010,3917,4093,14016,6800,7216,16018,7658,8360,14016,6687,7329,8008,3855,4153,2002,969,1033,
70090,8011,3918,4093,14018,6801,7217,16021,7660,8361,14017,6687,7330,8009,3855,4154,2002,969,1033,
70095,8011,3918,4093,14019,6801,7218,16021,7660,8361,14018,6687,7331,8009,3855,4154,2003,970,1033,
70100,8012,3919,4093,14019,6801,7218,16022,7660,8362,14019,6687,7332,8011,3857,4154,2003,970,1033,
70105,8012,3919,4093,14020,6802,7218,16023,7660,8363,14020,6688,7332,8012,3858,4154,2003,970,1033,
70110,8012,3919,4093,14022,6804,7218,16024,7660,8364,14021,6688,7333,8012,3858,4154,2003,970,1033,
70115,8013,3920,4093,14023,6804,7219,16026,7661,8365,14022,6689,7333,8012,3858,4154,2003,970,1033,
70120,8014,3920,4094,14023,6804,7219,16026,7661,8365,14023,6690,7333,8012,3858,4154,2003,970,1033,
70125,8015,3920,4095,14025,6806,7219,16029,7663,8366,14024,6690,7334,8013,3859,4154,2003,970,1033,
70130,8015,3920,4095,14026,6807,7219,16029,7663,8366,14025,6690,7335,8013,3859,4154,2004,970,1034,
70135,8016,3921,4095,14026,6807,7219,16030,7664,8366,14026,6690,7336,8015,3861,4154,2004,970,1034,
70140,8016,3921,4095,14027,6808,7219,16031,7664,8367,14027,6691,7336,8016,3861,4155,2004,970,1034,
70145,8016,3921,4095,14029,6808,7221,16032,7664,8368,14028,6691,7337,8016,3861,4155,2004,970,1034,
70150,8017,3922,4095,14030,6809,7221,16034,7665,8369,14029,6692,7337,8016,3861,4155,2004,970,1034,
70155,8018,3922,4096,14030,6809,7221,16034,7665,8369,14030,6692,7338,8016,3861,4155,2004,970,1034,
70160,8019,3923,4096,14032,6811,7221,16037,7668,8369,14031,6692,7339,8017,3862,4155,2004,970,1034,
70165,8019,3923,4096,14033,6812,7221,16037,7668,8369,14032,6692,7340,8017,3862,4155,2005,970,1035,
70170,8020,3923,4097,14033,6812,7221,16038,7668,8370,14033,6692,7341,8019,3863,4156,2005,970,1035,
70175,8020,3923,4097,14034,6813,7221,16039,7668,8371,14034,6693,7341,8020,3864,4156,2005,970,1035,
70180,8020,3923,4097,14036,6815,7221,16040,7668,8372,14035,6693,7342,8020,3864,4156,2005,970,1035,
70185,8021,3923,4098,14037,6816,7221,16042,7668,8374,14036,6693,7343,8020,3864,4156,2005,970,1035,
70190,8022,3924,4098,14037,6816,7221,16042,7668,8374,14037,6693,7344,8020,3864,4156,2005,970,1035,
70195,8023,3924,4099,14039,6816,7223,16045,7670,8375,14038,6694,7344,8021,3864,4157,2005,970,1035,
70200,8023,3924,4099,14040,6816,7224,16045,7670,8375,14039,6695,7344,8021,3864,4157,2006,970,1036,
70205,8024,3925,4099,14040,6816,7224,16046,7671,8375,14040,6695,7345,8023,3864,4159,2006,970,1036,
70210,8024,3925,4099,14041,6816,7225,16047,7671,8376,14041,6695,7346,8024,3864,4160,2006,970,1036,
70215,8024,3925,4099,14043,6817,7226,16048,7672,8376,14042,6696,7346,8024,3864,4160,2006,970,1036,
70220,8025,3925,4100,14044,6818,7226,16050,7673,8377,14043,6697,7346,8024,3864,4160,2006,970,1036,
70225,8026,3926,4100,14044,6818,7226,16050,7673,8377,14044,6697,7347,8024,3864,4160,2006,970,1036,
70230,8027,3926,4101,14046,6820,7226,16053,7673,8380,14045,6697,7348,8025,3865,4160,2006,970,1036,
70235,8027,3926,4101,14047,6820,7227,16053,7673,8380,14046,6698,7348,8025,3865,4160,2007,971,1036,
70240,8028,3926,4102,14047,6820,7227,16054,7674,8380,14047,6698,7349,8027,3865,4162,2007,971,1036,
70245,8028,3926,4102,14048,6821,7227,16055,7675,8380,14048,6699,7349,8028,3866,4162,2007,971,1036,
70250,8028,3926,4102,14050,6822,7228,16056,7676,8380,14049,6700,7349,8028,3866,4162,2007,971,1036,
70255,8029,3926,4103,14051,6822,7229,16058,7678,8380,14050,6700,7350,8028,3866,4162,2007,971,1036,
70260,8030,3926,4104,14051,6822,7229,16058,7678,8380,14051,6700,7351,8028,3866,4162,2007,971,1036,
70265,8031,3927,4104,14053,6822,7231,16061,7678,8383,14052,6701,7351,8029,3866,4163,2007,971,1036,
70270,8031,3927,4104,14054,6823,7231,16061,7678,8383,14053,6702,7351,8029,3866,4163,2008,971,1037,
70275,8032,3927,4105,14054,6823,7231,16062,7678,8384,14054,6703,7351,8031,3867,4164,2008,971,1037,
70280,8032,3927,4105,14055,6824,7231,16063,7678,8385,14055,6703,7352,8032,3867,4165,2008,971,1037,
70285,8032,3927,4105,14057,6824,7233,16064,7679,8385,14056,6703,7353,8032,3867,4165,2008,971,1037,
70290,8033,3928,4105,14058,6824,7234,16066,7679,8387,14057,6704,7353,8032,3867,4165,2008,971,1037,
70295,8034,3928,4106,14058,6824,7234,16066,7679,8387,14058,6705,7353,8032,3867,4165,2008,971,1037,
70300,8035,3928,4107,14060,6825,7235,16069,7681,8388,14059,6706,7353,8033,3868,4165,2008,971,1037,
70305,8035,3928,4107,14061,6825,7236,16069,7681,8388,14060,6706,7354,8033,3868,4165,2009,971,1038,
70310,8036,3928,4108,14061,6825,7236,16070,7682,8388,14061,6707,7354,8035,3868,4167,2009,971,1038,
70315,8036,3928,4108,14062,6825,7237,16071,7682,8389,14062,6707,7355,8036,3869,4167,2009,971,1038,
70320,8036,3928,4108,14064,6826,7238,16072,7682,8390,14063,6708,7355,8036,3869,4167,2009,971,1038,
70325,8037,3928,4109,14065,6826,7239,16074,7684,8390,14064,6709,7355,8036,3869,4167,2009,971,1038,
70330,8038,3928,4110,14065,6826,7239,16074,7684,8390,14065,6710,7355,8036,3869,4167,2009,971,1038,
70335,8039,3928,4111,14067,6828,7239,16077,7684,8393,14066,6710,7356,8037,3869,4168,2009,971,1038,
70340,8039,3928,4111,14068,6828,7240,16077,7684,8393,14067,6711,7356,8037,3869,4168,2010,971,1039,
70345,8040,3929,4111,14068,6828,7240,16078,7685,8393,14068,6711,7357,8039,3870,4169,2010,971,1039,
70350,8040,3929,4111,14069,6828,7241,16079,7686,8393,14069,6712,7357,8040,3871,4169,2010,971,1039,
70355,8040,3929,4111,14071,6829,7242,16080,7687,8393,14070,6712,7358,8040,3871,4169,2010,971,1039,
70360,8041,3929,4112,14072,6830,7242,16082,7689,8393,14071,6712,7359,8040,3871,4169,2010,971,1039,
70365,8042,3930,4112,14072,6830,7242,16082,7689,8393,14072,6712,7360,8040,3871,4169,2010,971,1039,
70370,8043,3930,4113,14074,6830,7244,16085,7690,8395,14073,6713,7360,8041,3871,4170,2010,971,1039,
70375,8043,3930,4113,14075,6830,7245,16085,7690,8395,14074,6714,7360,8041,3871,4170,2011,971,1040,
70380,8044,3931,4113,14075,6830,7245,16086,7691,8395,14075,6714,7361,8043,3872,4171,2011,971,1040,
70385,8044,3931,4113,14076,6830,7246,16087,7691,8396,14076,6715,7361,8044,3873,4171,2011,971,1040,
70390,8044,3931,4113,14078,6831,7247,16088,7691,8397,14077,6715,7362,8044,3873,4171,2011,971,1040,
70395,8045,3931,4114,14079,6831,7248,16090,7692,8398,14078,6715,7363,8044,3873,4171,2011,971,1040,
70400,8046,3932,4114,14079,6831,7248,16090,7692,8398,14079,6715,7364,8044,3873,4171,2011,971,1040,
70405,8047,3932,4115,14081,6832,7249,16093,7695,8398,14080,6715,7365,8045,3874,4171,2011,971,1040,
70410,8047,3932,4115,14082,6833,7249,16093,7695,8398,14081,6715,7366,8045,3874,4171,2012,972,1040,
70415,8048,3932,4116,14082,6833,7249,16094,7696,8398,14082,6715,7367,8047,3875,4172,2012,972,1040,
70420,8048,3932,4116,14083,6833,7250,16095,7697,8398,14083,6715,7368,8048,3875,4173,2012,972,1040,
70425,8048,3932,4116,14085,6834,7251,16096,7698,8398,14084,6715,7369,8048,3875,4173,2012,972,1040,
70430,8049,3932,4117,14086,6834,7252,16098,7699,8399,14085,6716,7369,8048,3875,4173,2012,972,1040,
70435,8050,3932,4118,14086,6834,7252,16098,7699,8399,14086,6716,7370,8048,3875,4173,2012,972,1040,
70440,8051,3933,4118,14088,6835,7253,16101,7701,8400,14087,6717,7370,8049,3875,4174,2012,972,1040,
70445,8051,3933,4118,14089,6835,7254,16101,7701,8400,14088,6717,7371,8049,3875,4174,2013,972,1041,
70450,8052,3934,4118,14089,6835,7254,16102,7701,8401,14089,6717,7372,8051,3876,4175,2013,972,1041,
70455,8052,3934,4118,14090,6836,7254,16103,7702,8401,14090,6717,7373,8052,3877,4175,2013,972,1041,
70460,8052,3934,4118,14092,6838,7254,16104,7703,8401,14091,6717,7374,8052,3877,4175,2013,972,1041,
70465,8053,3934,4119,14093,6838,7255,16106,7703,8403,14092,6718,7374,8052,3877,4175,2013,972,1041,
70470,8054,3935,4119,14093,6838,7255,16106,7703,8403,14093,6718,7375,8052,3877,4175,2013,972,1041,
70475,8055,3936,4119,14095,6839,7256,16109,7704,8405,14094,6719,7375,8053,3877,4176,2013,972,1041,
70480,8055,3936,4119,14096,6839,7257,16109,7704,8405,14095,6719,7376,8053,3877,4176,2014,972,1042,
70485,8056,3936,4120,14096,6839,7257,16110,7705,8405,14096,6719,7377,8055,3877,4178,2014,972,1042,
70490,8056,3936,4120,14097,6839,7258,16111,7706,8405,14097,6719,7378,8056,3878,4178,2014,972,1042,
70495,8056,3936,4120,14099,6840,7259,16112,7707,8405,14098,6719,7379,8056,3878,4178,2014,972,1042,
70500,8057,3937,4120,14100,6840,7260,16114,7708,8406,14099,6720,7379,8056,3878,4178,2014,972,1042,
70505,8058,3938,4120,14100,6840,7260,16114,7708,8406,14100,6721,7379,8056,3878,4178,2014,972,1042,
70510,8059,3938,4121,14102,6841,7261,16117,7711,8406,14101,6721,7380,8057,3878,4179,2014,972,1042,
70515,8059,3938,4121,14103,6842,7261,16117,7711,8406,14102,6721,7381,8057,3878,4179,2015,972,1043,
70520,8060,3939,4121,14103,6842,7261,16118,7711,8407,14103,6721,7382,8059,3878,4181,2015,972,1043,
70525,8060,3939,4121,14104,6842,7262,16119,7711,8408,14104,6722,7382,8060,3878,4182,2015,972,1043,
70530,8060,3939,4121,14106,6843,7263,16120,7712,8408,14105,6722,7383,8060,3878,4182,2015,972,1043,
70535,8061,3939,4122,14107,6844,7263,16122,7713,8409,14106,6722,7384,8060,3878,4182,2015,972,1043,
70540,8062,3939,4123,14107,6844,7263,16122,7713,8409,14107,6723,7384,8060,3878,4182,2015,972,1043,
70545,8063,3939,4124,14109,6845,7264,16125,7714,8411,14108,6724,7384,8061,3879,4182,2015,972,1043,
70550,8063,3939,4124,14110,6846,7264,16125,7714,8411,14109,6724,7385,8061,3879,4182,2016,972,1044,
70555,8064,3940,4124,14110,6846,7264,16126,7715,8411,14110,6724,7386,8063,3880,4183,2016,972,1044,
70560,8064,3940,4124,14111,6847,7264,16127,7716,8411,14111,6725,7386,8064,3881,4183,2016,972,1044,
70565,8064,3940,4124,14113,6848,7265,16128,7717,8411,14112,6725,7387,8064,3881,4183,2016,972,1044,
70570,8065,3940,4125,14114,6848,7266,16130,7718,8412,14113,6726,7387,8064,3881,4183,2016,972,1044,
70575,8066,3940,4126,14114,6848,7266,16130,7718,8412,14114,6727,7387,8064,3881,4183,2016,972,1044,
70580,8067,3941,4126,14116,6848,7268,16133,7720,8413,14115,6728,7387,8065,3881,4184,2016,972,1044,
70585,8067,3941,4126,14117,6848,7269,16133,7720,8413,14116,6728,7388,8065,3881,4184,2017,973,1044,
70590,8068,3942,4126,14117,6848,7269,16134,7720,8414,14117,6729,7388,8067,3881,4186,2017,973,1044,
70595,8068,3942,4126,14118,6848,7270,16135,7720,8415,14118,6729,7389,8068,3882,4186,2017,973,1044,
70600,8068,3942,4126,14120,6849,7271,16136,7721,8415,14119,6730,7389,8068,3882,4186,2017,973,1044,
70605,8069,3943,4126,14121,6849,7272,16138,7722,8416,14120,6731,7389,8068,3882,4186,2017,973,1044,
70610,8070,3943,4127,14121,6849,7272,16138,7722,8416,14121,6732,7389,8068,3882,4186,2017,973,1044,
70615,8071,3944,4127,14123,6851,7272,16141,7724,8417,14122,6732,7390,8069,3882,4187,2017,973,1044,
70620,8071,3944,4127,14124,6851,7273,16141,7724,8417,14123,6733,7390,8069,3882,4187,2018,973,1045,
70625,8072,3945,4127,14124,6851,7273,16142,7724,8418,14124,6734,7390,8071,3884,4187,2018,973,1045,
70630,8072,3945,4127,14125,6852,7273,16143,7725,8418,14125,6734,7391,8072,3885,4187,2018,973,1045,
70635,8072,3945,4127,14127,6854,7273,16144,7725,8419,14126,6735,7391,8072,3885,4187,2018,973,1045,
70640,8073,3945,4128,14128,6855,7273,16146,7727,8419,14127,6735,7392,8072,3885,4187,2018,973,1045,
70645,8074,3945,4129,14128,6855,7273,16146,7727,8419,14128,6736,7392,8072,3885,4187,2018,973,1045,
70650,8075,3945,4130,14130,6855,7275,16149,7729,8420,14129,6736,7393,8073,3885,4188,2018,973,1045,
70655,8075,3945,4130,14131,6856,7275,16149,7729,8420,14130,6737,7393,8073,3885,4188,2019,973,1046,
70660,8076,3945,4131,14131,6856,7275,16150,7730,8420,14131,6738,7393,8075,3886,4189,2019,973,1046,
70665,8076,3945,4131,14132,6856,7276,16151,7731,8420,14132,6739,7393,8076,3886,4190,2019,973,1046,
70670,8076,3945,4131,14134,6856,7278,16152,7731,8421,14133,6739,7394,8076,3886,4190,2019,973,1046,
70675,8077,3946,4131,14135,6857,7278,16154,7731,8423,14134,6739,7395,8076,3886,4190,2019,973,1046,
70680,8078,3946,4132,14135,6857,7278,16154,7731,8423,14135,6740,7395,8076,3886,4190,2019,973,1046,
70685,8079,3947,4132,14137,6858,7279,16157,7731,8426,14136,6740,7396,8077,3887,4190,2019,973,1046,
70690,8079,3947,4132,14138,6858,7280,16157,7731,8426,14137,6741,7396,8077,3887,4190,2020,973,1047,
70695,8080,3948,4132,14138,6858,7280,16158,7732,8426,14138,6742,7396,8079,3888,4191,2020,973,1047,
70700,8080,3948,4132,14139,6858,7281,16159,7732,8427,14139,6742,7397,8080,3888,4192,2020,973,1047,
70705,8080,3948,4132,14141,6859,7282,16160,7732,8428,14140,6742,7398,8080,3888,4192,2020,973,1047,
70710,8081,3948,4133,14142,6859,7283,16162,7733,8429,14141,6742,7399,8080,3888,4192,2020,973,1047,
70715,8082,3948,4134,14142,6859,7283,16162,7733,8429,14142,6743,7399,8080,3888,4192,2020,973,1047,
70720,8083,3948,4135,14144,6860,7284,16165,7735,8430,14143,6743,7400,8081,3888,4193,2020,973,1047,
70725,8083,3948,4135,14145,6860,7285,16165,7735,8430,14144,6744,7400,8081,3888,4193,2021,974,1047,
70730,8084,3948,4136,14145,6860,7285,16166,7736,8430,14145,6744,7401,8083,3889,4194,2021,974,1047,
70735,8084,3948,4136,14146,6861,7285,16167,7736,8431,14146,6745,7401,8084,3889,4195,2021,974,1047,
70740,8084,3948,4136,14148,6862,7286,16168,7736,8432,14147,6746,7401,8084,3889,4195,2021,974,1047,
70745,8085,3948,4137,14149,6863,7286,16170,7737,8433,14148,6746,7402,8084,3889,4195,2021,974,1047,
70750,8086,3949,4137,14149,6863,7286,16170,7737,8433,14149,6747,7402,8084,3889,4195,2021,974,1047,
70755,8087,3950,4137,14151,6864,7287,16173,7737,8436,14150,6747,7403,8085,3889,4196,2021,974,1047,
70760,8087,3950,4137,14152,6865,7287,16173,7737,8436,14151,6747,7404,8085,3889,4196,2022,974,1048,
70765,8088,3950,4138,14152,6865,7287,16174,7738,8436,14152,6747,7405,8087,3890,4197,2022,974,1048,
70770,8088,3950,4138,14153,6865,7288,16175,7738,8437,14153,6748,7405,8088,3891,4197,2022,974,1048,
70775,8088,3950,4138,14155,6865,7290,16176,7738,8438,14154,6749,7405,8088,3891,4197,2022,974,1048,
70780,8089,3950,4139,14156,6866,7290,16178,7740,8438,14155,6750,7405,8088,3891,4197,2022,974,1048,
70785,8090,3950,4140,14156,6866,7290,16178,7740,8438,14156,6751,7405,8088,3891,4197,2022,974,1048,
70790,8091,3950,4141,14158,6868,7290,16181,7742,8439,14157,6752,7405,8089,3891,4198,2022,974,1048,
70795,8091,3950,4141,14159,6869,7290,16181,7742,8439,14158,6752,7406,8089,3891,4198,2023,975,1048,
70800,8092,3951,4141,14159,6869,7290,16182,7743,8439,14159,6753,7406,8091,3891,4200,2023,975,1048,
70805,8092,3951,4141,14160,6870,7290,16183,7744,8439,14160,6754,7406,8092,3891,4201,2023,975,1048,
70810,8092,3951,4141,14162,6871,7291,16184,7745,8439,14161,6755,7406,8092,3891,4201,2023,975,1048,
70815,8093,3952,4141,14163,6871,7292,16186,7746,8440,14162,6755,7407,8092,3891,4201,2023,975,1048,
70820,8094,3952,4142,14163,6871,7292,16186,7746,8440,14163,6756,7407,8092,3891,4201,2023,975,1048,
70825,8095,3952,4143,14165,6872,7293,16189,7747,8442,14164,6757,7407,8093,3892,4201,2023,975,1048,
70830,8095,3952,4143,14166,6873,7293,16189,7747,8442,14165,6757,7408,8093,3892,4201,2024,975,1049,
70835,8096,3952,4144,14166,6873,7293,16190,7747,8443,14166,6757,7409,8095,3893,4202,2024,975,1049,
70840,8096,3952,4144,14167,6874,7293,16191,7747,8444,14167,6758,7409,8096,3894,4202,2024,975,1049,
70845,8096,3952,4144,14169,6875,7294,16192,7748,8444,14168,6758,7410,8096,3894,4202,2024,975,1049,
70850,8097,3953,4144,14170,6876,7294,16194,7749,8445,14169,6759,7410,8096,3894,4202,2024,975,1049,
70855,8098,3954,4144,14170,6876,7294,16194,7749,8445,14170,6760,7410,8096,3894,4202,2024,975,1049,
70860,8099,3954,4145,14172,6877,7295,16197,7751,8446,14171,6760,7411,8097,3894,4203,2024,975,1049,
70865,8099,3954,4145,14173,6877,7296,16197,7751,8446,14172,6761,7411,8097,3894,4203,2025,975,1050,
70870,8100,3955,4145,14173,6877,7296,16198,7751,8447,14173,6761,7412,8099,3894,4205,2025,975,1050,
70875,8100,3955,4145,14174,6878,7296,16199,7751,8448,14174,6761,7413,8100,3894,4206,2025,975,1050,
70880,8100,3955,4145,14176,6880,7296,16200,7752,8448,14175,6761,7414,8100,3894,4206,2025,975,1050,
70885,8101,3955,4146,14177,6881,7296,16202,7752,8450,14176,6761,7415,8100,3894,4206,2025,975,1050,
70890,8102,3955,4147,14177,6881,7296,16202,7752,8450,14177,6761,7416,8100,3894,4206,2025,975,1050,
70895,8103,3956,4147,14179,6882,7297,16205,7754,8451,14178,6761,7417,8101,3894,4207,2025,975,1050,
70900,8103,3956,4147,14180,6883,7297,16205,7754,8451,14179,6762,7417,8101,3894,4207,2026,975,1051,
70905,8104,3957,4147,14180,6883,7297,16206,7754,8452,14180,6762,7418,8103,3895,4208,2026,975,1051,
70910,8104,3957,4147,14181,6884,7297,16207,7755,8452,14181,6762,7419,8104,3896,4208,2026,975,1051,
70915,8104,3957,4147,14183,6884,7299,16208,7755,8453,14182,6763,7419,8104,3896,4208,2026,975,1051,
70920,8105,3958,4147,14184,6884,7300,16210,7755,8455,14183,6763,7420,8104,3896,4208,2026,975,1051,
70925,8106,3959,4147,14184,6884,7300,16210,7755,8455,14184,6763,7421,8104,3896,4208,2026,975,1051,
70930,8107,3959,4148,14186,6885,7301,16213,7757,8456,14185,6764,7421,8105,3896,4209,2026,975,1051,
70935,8107,3959,4148,14187,6886,7301,16213,7757,8456,14186,6764,7422,8105,3896,4209,2027,975,1052,
70940,8108,3959,4149,14187,6886,7301,16214,7757,8457,14187,6765,7422,8107,3896,4211,2027,975,1052,
70945,8108,3959,4149,14188,6887,7301,16215,7758,8457,14188,6766,7422,8108,3896,4212,2027,975,1052,
70950,8108,3959,4149,14190,6888,7302,16216,7758,8458,14189,6766,7423,8108,3896,4212,2027,975,1052,
70955,8109,3959,4150,14191,6889,7302,16218,7759,8459,14190,6766,7424,8108,3896,4212,2027,975,1052,
70960,8110,3960,4150,14191,6889,7302,16218,7759,8459,14191,6766,7425,8108,3896,4212,2027,975,1052,
70965,8111,3961,4150,14193,6890,7303,16221,7761,8460,14192,6766,7426,8109,3896,4213,2027,975,1052,
70970,8111,3961,4150,14194,6891,7303,16221,7761,8460,14193,6767,7426,8109,3896,4213,2028,976,1052,
70975,8112,3961,4151,14194,6891,7303,16222,7762,8460,14194,6767,7427,8111,3897,4214,2028,976,1052,
70980,8112,3961,4151,14195,6892,7303,16223,7762,8461,14195,6768,7427,8112,3898,4214,2028,976,1052,
70985,8112,3961,4151,14197,6893,7304,16224,7762,8462,14196,6768,7428,8112,3898,4214,2028,976,1052,
70990,8113,3961,4152,14198,6893,7305,16226,7763,8463,14197,6769,7428,8112,3898,4214,2028,976,1052,
70995,8114,3961,4153,14198,6893,7305,16226,7763,8463,14198,6769,7429,8112,3898,4214,2028,976,1052,
71000,8115,3962,4153,14200,6894,7306,16229,7765,8464,14199,6769,7430,8113,3898,4215,2028,976,1052,
71005,8115,3962,4153,14201,6894,7307,16229,7765,8464,14200,6769,7431,8113,3898,4215,2029,976,1053,
71010,8116,3962,4154,14201,6894,7307,16230,7766,8464,14201,6769,7432,8115,3898,4217,2029,976,1053,
71015,8116,3962,4154,14202,6895,7307,16231,7766,8465,14202,6769,7433,8116,3898,4218,2029,976,1053,