Time,1, HIGH Priority Generated, Low Priority Generated, 2, HIGH Priority Generated, Low Priority Generated, 3, HIGH Priority Generated, Low Priority Generated, 4, HIGH Priority Generated, Low Priority Generated, 5, HIGH Priority Generated, Low Priority Generated, 6, HIGH Priority Generated, Low Priority Generated, 
5,0,0,0,1,1,0,0,0,0,0,0,0,0,0,0,0,0,0,
10,1,0,1,2,2,0,2,2,0,1,1,0,0,0,0,0,0,0,
15,2,1,1,2,2,0,2,2,0,2,1,1,0,0,0,0,0,0,
20,3,2,1,5,4,1,5,3,2,3,1,2,1,0,1,0,0,0,
25,4,3,1,7,4,3,7,4,3,5,2,3,1,0,1,1,0,1,
30,6,5,1,7,4,3,8,5,3,7,3,4,3,0,3,1,0,1,
35,7,6,1,11,6,5,12,6,6,9,4,5,5,0,5,1,0,1,
40,8,6,2,14,8,6,15,8,7,12,6,6,5,0,5,2,1,1,
45,10,6,4,14,8,6,16,8,8,14,8,6,7,0,7,2,1,1,
50,11,7,4,18,8,10,20,10,10,16,9,7,9,1,8,2,1,1,
55,12,7,5,21,9,12,23,11,12,19,10,9,9,1,8,3,2,1,
60,14,8,6,21,9,12,24,12,12,21,10,11,11,3,8,3,2,1,
65,15,8,7,25,11,14,28,14,14,23,11,12,13,3,10,3,2,1,
70,16,8,8,28,13,15,31,17,14,26,13,13,13,3,10,4,2,2,
75,18,9,9,28,13,15,32,17,15,28,15,13,15,4,11,4,2,2,
80,19,10,9,32,16,16,36,18,18,30,17,13,17,5,12,4,2,2,
85,20,10,10,35,18,17,39,20,19,33,17,16,17,5,12,5,3,2,
90,22,11,11,35,18,17,40,20,20,35,19,16,19,6,13,5,3,2,
95,23,12,11,39,19,20,44,23,21,37,20,17,21,7,14,5,3,2,
100,24,13,11,42,20,22,47,26,21,40,22,18,21,7,14,6,3,3,
105,26,14,12,42,20,22,48,26,22,42,23,19,23,8,15,6,3,3,
110,27,14,13,46,22,24,52,28,24,44,23,21,25,10,15,6,3,3,
115,28,14,14,49,23,26,55,30,25,47,25,22,25,10,15,7,4,3,
120,30,15,15,49,23,26,56,31,25,49,25,24,27,10,17,7,4,3,
125,31,15,16,53,26,27,60,31,29,51,25,26,29,11,18,7,4,3,
130,32,15,17,56,27,29,63,32,31,54,27,27,29,11,18,8,5,3,
135,34,17,17,56,27,29,64,33,31,56,28,28,31,11,20,8,5,3,
140,35,17,18,60,29,31,68,36,32,58,29,29,33,13,20,8,5,3,
145,36,18,18,63,30,33,71,37,34,61,30,31,33,13,20,9,6,3,
150,38,19,19,63,30,33,72,37,35,63,30,33,35,15,20,9,6,3,
155,39,19,20,67,33,34,76,38,38,65,31,34,37,16,21,9,6,3,
160,40,20,20,70,34,36,79,40,39,68,33,35,37,16,21,10,6,4,
165,42,20,22,70,34,36,80,41,39,70,35,35,39,16,23,10,6,4,
170,43,21,22,74,38,36,84,42,42,72,36,36,41,16,25,10,6,4,
175,44,22,22,77,40,37,87,43,44,75,39,36,41,16,25,11,6,5,
180,46,23,23,77,40,37,88,44,44,77,41,36,43,17,26,11,6,5,
185,47,23,24,81,41,40,92,46,46,79,42,37,45,19,26,11,6,5,
190,48,23,25,84,41,43,95,47,48,82,44,38,45,19,26,12,7,5,
195,50,24,26,84,41,43,96,48,48,84,45,39,47,20,27,12,7,5,
200,51,25,26,88,42,46,100,50,50,86,46,40,49,22,27,12,7,5,
205,52,26,26,91,43,48,103,51,52,89,48,41,49,22,27,13,7,6,
210,54,27,27,91,43,48,104,51,53,91,49,42,51,23,28,13,7,6,
215,55,27,28,95,44,51,108,53,55,93,49,44,53,24,29,13,7,6,
220,56,27,29,98,45,53,111,54,57,96,51,45,53,24,29,14,7,7,
225,58,29,29,98,45,53,112,54,58,98,51,47,55,25,30,14,7,7,
230,59,29,30,102,48,54,116,55,61,100,51,49,57,26,31,14,7,7,
235,60,30,30,105,50,55,119,56,63,103,53,50,57,26,31,15,7,8,
240,62,31,31,105,50,55,120,56,64,105,54,51,59,26,33,15,7,8,
245,63,31,32,109,52,57,124,56,68,107,55,52,61,26,35,15,7,8,
250,64,31,33,112,53,59,127,56,71,110,57,53,61,26,35,16,7,9,
255,66,31,35,112,53,59,128,56,72,112,58,54,63,26,37,16,7,9,
260,67,32,35,116,56,60,132,59,73,114,58,56,65,28,37,16,7,9,
265,68,32,36,119,56,63,135,60,75,117,59,58,65,28,37,17,7,10,
270,70,33,37,119,56,63,136,61,75,119,59,60,67,29,38,17,7,10,
275,71,33,38,123,57,66,140,63,77,121,61,60,69,30,39,17,7,10,
280,72,33,39,126,58,68,143,63,80,124,62,62,69,30,39,18,8,10,
285,74,33,41,126,58,68,144,63,81,126,63,63,71,31,40,18,8,10,
290,75,33,42,130,58,72,148,65,83,128,65,63,73,31,42,18,8,10,
295,76,34,42,133,60,73,151,68,83,131,67,64,73,31,42,19,8,11,
300,78,34,44,133,60,73,152,69,83,133,69,64,75,31,44,19,8,11,
305,79,35,44,137,63,74,156,73,83,135,70,65,77,32,45,19,8,11,
310,80,35,45,140,64,76,159,74,85,138,70,68,77,32,45,20,8,12,
315,82,37,45,140,64,76,160,74,86,140,71,69,79,33,46,20,8,12,
320,83,38,45,144,65,79,164,77,87,142,72,70,81,35,46,20,8,12,
325,84,39,45,147,66,81,167,77,90,145,73,72,81,35,46,21,9,12,
330,86,40,46,147,66,81,168,78,90,147,73,74,83,37,46,21,9,12,
335,87,40,47,151,69,82,172,81,91,149,75,74,85,38,47,21,9,12,
340,88,40,48,154,71,83,175,84,91,152,76,76,85,38,47,22,10,12,
345,90,42,48,154,71,83,176,85,91,154,76,78,87,39,48,22,10,12,
350,91,42,49,158,74,84,180,89,91,156,77,79,89,40,49,22,10,12,
355,92,42,50,161,74,87,183,91,92,159,78,81,89,40,49,23,11,12,
360,94,44,50,161,74,87,184,92,92,161,80,81,91,41,50,23,11,12,
365,95,45,50,165,75,90,188,94,94,163,81,82,93,42,51,23,11,12,
370,96,46,50,168,77,91,191,96,95,166,83,83,93,42,51,24,12,12,
375,98,47,51,168,77,91,192,96,96,168,83,85,95,43,52,24,12,12,
380,99,48,51,172,78,94,196,99,97,170,83,87,97,43,54,24,12,12,
385,100,49,51,175,80,95,199,101,98,173,86,87,97,43,54,25,13,12,
390,102,49,53,175,80,95,200,101,99,175,86,89,99,45,54,25,13,12,
395,103,49,54,179,82,97,204,104,100,177,86,91,101,45,56,25,13,12,
400,104,50,54,182,83,99,207,105,102,180,86,94,101,45,56,26,13,13,
405,106,51,55,182,83,99,208,106,102,182,86,96,103,46,57,26,13,13,
410,107,51,56,186,84,102,212,107,105,184,86,98,105,48,57,26,13,13,
415,108,51,57,189,84,105,215,108,107,187,87,100,105,48,57,27,13,14,
420,110,52,58,189,84,105,216,108,108,189,89,100,107,48,59,27,13,14,
425,111,52,59,193,86,107,220,110,110,191,90,101,109,49,60,27,13,14,
430,112,52,60,196,87,109,223,112,111,194,93,101,109,49,60,28,14,14,
435,114,52,62,196,87,109,224,112,112,196,93,103,111,49,62,28,14,14,
440,115,53,62,200,90,110,228,115,113,198,94,104,113,50,63,28,14,14,
445,116,53,63,203,91,112,231,115,116,201,96,105,113,50,63,29,14,15,
450,118,55,63,203,91,112,232,115,117,203,96,107,115,52,63,29,14,15,
455,119,56,63,207,93,114,236,117,119,205,97,108,117,54,63,29,14,15,
460,120,56,64,210,95,115,239,119,120,208,97,111,117,54,63,30,15,15,
465,122,56,66,210,95,115,240,119,121,210,98,112,119,55,64,30,15,15,
470,123,57,66,214,98,116,244,122,122,212,98,114,121,55,66,30,15,15,
475,124,58,66,217,100,117,247,124,123,215,98,117,121,55,66,31,16,15,
480,126,60,66,217,100,117,248,125,123,217,99,118,123,56,67,31,16,15,
485,127,61,66,221,100,121,252,126,126,219,101,118,125,56,69,31,16,15,
490,128,61,67,224,101,123,255,128,127,222,103,119,125,56,69,32,16,16,
495,130,63,67,224,101,123,256,128,128,224,105,119,127,56,71,32,16,16,
500,131,63,68,228,105,123,260,131,129,226,105,121,129,57,72,32,16,16,
505,132,63,69,231,106,125,263,133,130,229,107,122,129,57,72,33,16,17,
510,134,63,71,231,106,125,264,133,131,231,108,123,131,58,73,33,16,17,
515,135,63,72,235,109,126,268,135,133,233,109,124,133,59,74,33,16,17,
520,136,64,72,238,111,127,271,136,135,236,110,126,133,59,74,34,16,18,
525,138,64,74,238,111,127,272,136,136,238,112,126,135,59,76,34,16,18,
530,139,64,75,242,114,128,276,139,137,240,114,126,137,61,76,34,16,18,
535,140,65,75,245,116,129,279,140,139,243,115,128,137,61,76,35,16,19,
540,142,66,76,245,116,129,280,140,140,245,115,130,139,62,77,35,16,19,
545,143,66,77,249,117,132,284,143,141,247,116,131,141,62,79,35,16,19,
550,144,66,78,252,120,132,287,145,142,250,116,134,141,62,79,36,16,20,
555,146,67,79,252,120,132,288,146,142,252,118,134,143,62,81,36,16,20,
560,147,68,79,256,123,133,292,148,144,254,120,134,145,63,82,36,16,20,
565,148,69,79,259,126,133,295,150,145,257,121,136,145,63,82,37,17,20,
570,150,70,80,259,126,133,296,150,146,259,123,136,147,63,84,37,17,20,
575,151,70,81,263,128,135,300,152,148,261,124,137,149,65,84,37,17,20,
580,152,70,82,266,131,135,303,155,148,264,124,140,149,65,84,38,18,20,
585,154,72,82,266,131,135,304,155,149,266,124,142,151,66,85,38,18,20,
590,155,73,82,270,132,138,308,156,152,268,125,143,153,66,87,38,18,20,
595,156,74,82,273,133,140,311,158,153,271,126,145,153,66,87,39,18,21,
600,158,75,83,273,133,140,312,159,153,273,127,146,155,67,88,39,18,21,
605,159,75,84,277,135,142,316,160,156,275,129,146,157,68,89,39,18,21,
610,160,75,85,280,137,143,319,161,158,278,131,147,157,68,89,40,19,21,
615,162,75,87,280,137,143,320,162,158,280,131,149,159,69,90,40,19,21,
620,163,75,88,284,138,146,324,164,160,282,132,150,161,69,92,40,19,21,
625,164,75,89,287,139,148,327,166,161,285,135,150,161,69,92,41,20,21,
630,166,75,91,287,139,148,328,167,161,287,136,151,163,70,93,41,20,21,
635,167,76,91,291,140,151,332,171,161,289,137,152,165,71,94,41,20,21,
640,168,76,92,294,140,154,335,172,163,292,138,154,165,71,94,42,20,22,
645,170,77,93,294,140,154,336,173,163,294,138,156,167,71,96,42,20,22,
650,171,78,93,298,142,156,340,176,164,296,138,158,169,72,97,42,20,22,
655,172,79,93,301,142,159,343,178,165,299,138,161,169,72,97,43,20,23,
660,174,81,93,301,142,159,344,179,165,301,138,163,171,72,99,43,20,23,
665,175,82,93,305,143,162,348,181,167,303,138,165,173,74,99,43,20,23,
670,176,82,94,308,144,164,351,183,168,306,141,165,173,74,99,44,21,23,
675,178,83,95,308,144,164,352,184,168,308,141,167,175,76,99,44,21,23,
680,179,83,96,312,145,167,356,186,170,310,142,168,177,78,99,44,21,23,
685,180,84,96,315,147,168,359,188,171,313,142,171,177,78,99,45,21,24,
690,182,85,97,315,147,168,360,188,172,315,143,172,179,80,99,45,21,24,
695,183,85,98,319,150,169,364,191,173,317,144,173,181,80,101,45,21,24,
700,184,85,99,322,151,171,367,193,174,320,145,175,181,80,101,46,22,24,
705,186,86,100,322,151,171,368,194,174,322,145,177,183,81,102,46,22,24,
710,187,87,100,326,154,172,372,196,176,324,146,178,185,81,104,46,22,24,
715,188,87,101,329,156,173,375,197,178,327,148,179,185,81,104,47,22,25,
720,190,88,102,329,156,173,376,198,178,329,148,181,187,82,105,47,22,25,
725,191,89,102,333,158,175,380,200,180,331,150,181,189,82,107,47,22,25,
730,192,89,103,336,159,177,383,201,182,334,150,184,189,82,107,48,22,26,
735,194,90,104,336,159,177,384,202,182,336,152,184,191,82,109,48,22,26,
740,195,91,104,340,162,178,388,205,183,338,153,185,193,83,110,48,22,26,
745,196,91,105,343,165,178,391,207,184,341,156,185,193,83,110,49,23,26,
750,198,91,107,343,165,178,392,207,185,343,157,186,195,83,112,49,23,26,
755,199,91,108,347,167,180,396,209,187,345,158,187,197,83,114,49,23,26,
760,200,92,108,350,170,180,399,211,188,348,158,190,197,83,114,50,24,26,
765,202,93,109,350,170,180,400,212,188,350,159,191,199,84,115,50,24,26,
770,203,93,110,354,172,182,404,213,191,352,160,192,201,85,116,50,24,26,
775,204,93,111,357,174,183,407,214,193,355,160,195,201,85,116,51,25,26,
780,206,93,113,357,174,183,408,214,194,357,161,196,203,85,118,51,25,26,
785,207,94,113,361,176,185,412,216,196,359,162,197,205,86,119,51,25,26,
790,208,95,113,364,178,186,415,217,198,362,163,199,205,86,119,52,26,26,
795,210,95,115,364,178,186,416,217,199,364,163,201,207,87,120,52,26,26,
800,211,96,115,368,180,188,420,219,201,366,165,201,209,87,122,52,26,26,
805,212,97,115,371,183,188,423,220,203,369,165,204,209,87,122,53,26,27,
810,214,98,116,371,183,188,424,220,204,371,167,204,211,89,122,53,26,27,
815,215,99,116,375,186,189,428,221,207,373,168,205,213,91,122,53,26,27,
820,216,100,116,378,187,191,431,222,209,376,169,207,213,91,122,54,27,27,
825,218,101,117,378,187,191,432,223,209,378,170,208,215,93,122,54,27,27,
830,219,101,118,382,189,193,436,226,210,380,172,208,217,93,124,54,27,27,
835,220,101,119,385,190,195,439,227,212,383,174,209,217,93,124,55,27,28,
840,222,101,121,385,190,195,440,227,213,385,174,211,219,94,125,55,27,28,
845,223,102,121,389,192,197,444,230,214,387,176,211,221,95,126,55,27,28,
850,224,102,122,392,193,199,447,231,216,390,177,213,221,95,126,56,28,28,
855,226,103,123,392,193,199,448,232,216,392,178,214,223,96,127,56,28,28,
860,227,103,124,396,195,201,452,233,219,394,180,214,225,97,128,56,28,28,
865,228,104,124,399,196,203,455,234,221,397,182,215,225,97,128,57,28,29,
870,230,104,126,399,196,203,456,234,222,399,183,216,227,98,129,57,28,29,
875,231,105,126,403,196,207,460,235,225,401,183,218,229,98,131,57,28,29,
880,232,105,127,406,197,209,463,236,227,404,185,219,229,98,131,58,29,29,
885,234,106,128,406,197,209,464,236,228,406,187,219,231,99,132,58,29,29,
890,235,106,129,410,199,211,468,238,230,408,189,219,233,99,134,58,29,29,
895,236,106,130,413,202,211,471,240,231,411,191,220,233,99,134,59,30,29,
900,238,108,130,413,202,211,472,240,232,413,192,221,235,100,135,59,30,29,
905,239,108,131,417,204,213,476,241,235,415,192,223,237,100,137,59,30,29,
910,240,109,131,420,206,214,479,244,235,418,193,225,237,100,137,60,30,30,
915,242,109,133,420,206,214,480,245,235,420,194,226,239,102,137,60,30,30,
920,243,109,134,424,209,215,484,249,235,422,195,227,241,103,138,60,30,30,
925,244,109,135,427,209,218,487,249,238,425,197,228,241,103,138,61,30,31,
930,246,110,136,427,209,218,488,250,238,427,198,229,243,103,140,61,30,31,
935,247,110,137,431,212,219,492,253,239,429,200,229,245,105,140,61,30,31,
940,248,111,137,434,214,220,495,255,240,432,201,231,245,105,140,62,30,32,
945,250,112,138,434,214,220,496,256,240,434,203,231,247,107,140,62,30,32,
950,251,113,138,438,215,223,500,259,241,436,204,232,249,108,141,62,30,32,
955,252,113,139,441,216,225,503,262,241,439,205,234,249,108,141,63,31,32,
960,254,113,141,441,216,225,504,262,242,441,205,236,251,110,141,63,31,32,
965,255,114,141,445,218,227,508,265,243,443,205,238,253,112,141,63,31,32,
970,256,115,141,448,219,229,511,266,245,446,207,239,253,112,141,64,32,32,
975,258,115,143,448,219,229,512,266,246,448,207,241,255,112,143,64,32,32,
980,259,116,143,452,220,232,516,267,249,450,207,243,257,113,144,64,32,32,
985,260,117,143,455,221,234,519,268,251,453,207,246,257,113,144,65,33,32,
990,262,118,144,455,221,234,520,269,251,455,208,247,259,113,146,65,33,32,
995,263,118,145,459,224,235,524,272,252,457,209,248,261,115,146,65,33,32,
1000,264,118,146,462,225,237,527,272,255,460,212,248,261,115,146,66,34,32,
1005,266,120,146,462,225,237,528,273,255,462,213,249,263,116,147,66,34,32,
1010,267,121,146,466,226,240,532,276,256,464,214,250,265,117,148,66,34,32,
1015,268,121,147,469,227,242,535,278,257,467,216,251,265,117,148,67,35,32,
1020,270,122,148,469,227,242,536,278,258,469,216,253,267,117,150,67,35,32,
1025,271,122,149,473,230,243,540,281,259,471,217,254,269,119,150,67,35,32,
1030,272,123,149,476,232,244,543,283,260,474,219,255,269,119,150,68,36,32,
1035,274,124,150,476,232,244,544,283,261,476,220,256,271,120,151,68,36,32,
1040,275,124,151,480,235,245,548,285,263,478,220,258,273,121,152,68,36,32,
1045,276,124,152,483,237,246,551,285,266,481,222,259,273,121,152,69,37,32,
1050,278,124,154,483,237,246,552,286,266,483,223,260,275,121,154,69,37,32,
1055,279,124,155,487,238,249,556,289,267,485,225,260,277,121,156,69,37,32,
1060,280,124,156,490,240,250,559,292,267,488,225,263,277,121,156,70,37,33,
1065,282,126,156,490,240,250,560,293,267,490,226,264,279,122,157,70,37,33,
1070,283,127,156,494,241,253,564,296,268,492,227,265,281,122,159,70,37,33,
1075,284,127,157,497,242,255,567,298,269,495,229,266,281,122,159,71,38,33,
1080,286,128,158,497,242,255,568,299,269,497,231,266,283,123,160,71,38,33,
1085,287,129,158,501,244,257,572,301,271,499,232,267,285,125,160,71,38,33,
1090,288,129,159,504,246,258,575,302,273,502,233,269,285,125,160,72,38,34,
1095,290,130,160,504,246,258,576,303,273,504,234,270,287,126,161,72,38,34,
1100,291,130,161,508,248,260,580,306,274,506,235,271,289,127,162,72,38,34,
1105,292,131,161,511,250,261,583,309,274,509,236,273,289,127,162,73,39,34,
1110,294,132,162,511,250,261,584,309,275,511,236,275,291,128,163,73,39,34,
1115,295,133,162,515,252,263,588,310,278,513,237,276,293,129,164,73,39,34,
1120,296,133,163,518,253,265,591,312,279,516,238,278,293,129,164,74,39,35,
1125,298,134,164,518,253,265,592,313,279,518,240,278,295,130,165,74,39,35,
1130,299,134,165,522,256,266,596,314,282,520,240,280,297,131,166,74,39,35,
1135,300,134,166,525,257,268,599,314,285,523,242,281,297,131,166,75,39,36,
1140,302,134,168,525,257,268,600,314,286,525,244,281,299,131,168,75,39,36,
1145,303,135,168,529,259,270,604,316,288,527,245,282,301,133,168,75,39,36,
1150,304,135,169,532,261,271,607,317,290,530,247,283,301,133,168,76,40,36,
1155,306,135,171,532,261,271,608,317,291,532,247,285,303,134,169,76,40,36,
1160,307,135,172,536,264,272,612,320,292,534,248,286,305,135,170,76,40,36,
1165,308,135,173,539,267,272,615,322,293,537,249,288,305,135,170,77,41,36,
1170,310,136,174,539,267,272,616,323,293,539,249,290,307,137,170,77,41,36,
1175,311,136,175,543,269,274,620,326,294,541,249,292,309,138,171,77,41,36,
1180,312,137,175,546,271,275,623,328,295,544,250,294,309,138,171,78,42,36,
1185,314,137,177,546,271,275,624,329,295,546,251,295,311,139,172,78,42,36,
1190,315,138,177,550,274,276,628,332,296,548,252,296,313,140,173,78,42,36,
1195,316,138,178,553,275,278,631,332,299,551,254,297,313,140,173,79,42,37,
1200,318,138,180,553,275,278,632,332,300,553,254,299,315,140,175,79,42,37,
1205,319,139,180,557,276,281,636,333,303,555,256,299,317,141,176,79,42,37,
1210,320,140,180,560,277,283,639,335,304,558,256,302,317,141,176,80,42,38,
1215,322,140,182,560,277,283,640,336,304,560,257,303,319,141,178,80,42,38,
1220,323,141,182,564,278,286,644,337,307,562,258,304,321,142,179,80,42,38,
1225,324,142,182,567,280,287,647,338,309,565,260,305,321,142,179,81,43,38,
1230,326,143,183,567,280,287,648,339,309,567,261,306,323,144,179,81,43,38,
1235,327,144,183,571,282,289,652,341,311,569,261,308,325,144,181,81,43,38,
1240,328,144,184,574,282,292,655,344,311,572,262,310,325,144,181,82,44,38,
1245,330,145,185,574,282,292,656,344,312,574,262,312,327,145,182,82,44,38,
1250,331,146,185,578,283,295,660,347,313,576,263,313,329,146,183,82,44,38,
1255,332,146,186,581,285,296,663,350,313,579,265,314,329,146,183,83,45,38,
1260,334,146,188,581,285,296,664,350,314,581,266,315,331,147,184,83,45,38,
1265,335,147,188,585,289,296,668,352,316,583,267,316,333,148,185,83,45,38,
1270,336,147,189,588,289,299,671,353,318,586,268,318,333,148,185,84,46,38,
1275,338,148,190,588,289,299,672,353,319,588,269,319,335,148,187,84,46,38,
1280,339,149,190,592,292,300,676,354,322,590,271,319,337,150,187,84,46,38,
1285,340,150,190,595,294,301,679,355,324,593,272,321,337,150,187,85,47,38,
1290,342,151,191,595,294,301,680,355,325,595,274,321,339,151,188,85,47,38,
1295,343,151,192,599,296,303,684,357,327,597,275,322,341,153,188,85,47,38,
1300,344,152,192,602,297,305,687,358,329,600,275,325,341,153,188,86,47,39,
1305,346,152,194,602,297,305,688,359,329,602,275,327,343,154,189,86,47,39,
1310,347,153,194,606,299,307,692,361,331,604,276,328,345,154,191,86,47,39,
1315,348,153,195,609,302,307,695,362,333,607,276,331,345,154,191,87,47,40,
1320,350,154,196,609,302,307,696,362,334,609,277,332,347,155,192,87,47,40,
1325,351,155,196,613,304,309,700,364,336,611,278,333,349,155,194,87,47,40,
1330,352,155,197,616,305,311,703,365,338,614,280,334,349,155,194,88,48,40,
1335,354,156,198,616,305,311,704,365,339,616,280,336,351,156,195,88,48,40,
1340,355,157,198,620,306,314,708,368,340,618,282,336,353,157,196,88,48,40,
1345,356,157,199,623,308,315,711,369,342,621,284,337,353,157,196,89,48,41,
1350,358,157,201,623,308,315,712,370,342,623,285,338,355,158,197,89,48,41,
1355,359,158,201,627,311,316,716,371,345,625,286,339,357,159,198,89,48,41,
1360,360,159,201,630,313,317,719,374,345,628,286,342,357,159,198,90,49,41,
1365,362,160,202,630,313,317,720,374,346,630,287,343,359,161,198,90,49,41,
1370,363,161,202,634,315,319,724,378,346,632,288,344,361,161,200,90,49,41,
1375,364,161,203,637,315,322,727,380,347,635,289,346,361,161,200,91,49,42,
1380,366,162,204,637,315,322,728,381,347,637,290,347,363,162,201,91,49,42,
1385,367,162,205,641,317,324,732,383,349,639,291,348,365,164,201,91,49,42,
1390,368,163,205,644,319,325,735,385,350,642,292,350,365,164,201,92,49,43,
1395,370,164,206,644,319,325,736,385,351,644,294,350,367,166,201,92,49,43,
1400,371,164,207,648,320,328,740,386,354,646,296,350,369,166,203,92,49,43,
1405,372,164,208,651,322,329,743,387,356,649,299,350,369,166,203,93,50,43,
1410,374,165,209,651,322,329,744,387,357,651,300,351,371,167,204,93,50,43,
1415,375,166,209,655,323,332,748,388,360,653,302,351,373,168,205,93,50,43,
1420,376,167,209,658,325,333,751,389,362,656,303,353,373,168,205,94,51,43,
1425,378,167,211,658,325,333,752,389,363,658,305,353,375,168,207,94,51,43,
1430,379,168,211,662,326,336,756,392,364,660,306,354,377,168,209,94,51,43,
1435,380,169,211,665,327,338,759,393,366,663,307,356,377,168,209,95,51,44,
1440,382,170,212,665,327,338,760,394,366,665,307,358,379,168,211,95,51,44,
1445,383,171,212,669,329,340,764,395,369,667,308,359,381,168,213,95,51,44,
1450,384,172,212,672,332,340,767,397,370,670,309,361,381,168,213,96,52,44,
1455,386,173,213,672,332,340,768,398,370,672,310,362,383,169,214,96,52,44,
1460,387,174,213,676,336,340,772,399,373,674,310,364,385,171,214,96,52,44,
1465,388,175,213,679,338,341,775,400,375,677,312,365,385,171,214,97,52,45,
1470,390,176,214,679,338,341,776,400,376,679,313,366,387,172,215,97,52,45,
1475,391,177,214,683,341,342,780,400,380,681,314,367,389,172,217,97,52,45,
1480,392,178,214,686,342,344,783,400,383,684,315,369,389,172,217,98,52,46,
1485,394,179,215,686,342,344,784,400,384,686,316,370,391,172,219,98,52,46,
1490,395,179,216,690,343,347,788,402,386,688,316,372,393,174,219,98,52,46,
1495,396,179,217,693,345,348,791,403,388,691,318,373,393,174,219,99,53,46,
1500,398,179,219,693,345,348,792,403,389,693,319,374,395,174,221,99,53,46,
1505,399,180,219,697,345,352,796,405,391,695,321,374,397,174,223,99,53,46,
1510,400,180,220,700,348,352,799,407,392,698,323,375,397,174,223,100,53,47,
1515,402,181,221,700,348,352,800,408,392,700,324,376,399,174,225,100,53,47,
1520,403,181,222,704,351,353,804,410,394,702,325,377,401,176,225,100,53,47,
1525,404,181,223,707,353,354,807,410,397,705,327,378,401,176,225,101,54,47,
1530,406,182,224,707,353,354,808,411,397,707,328,379,403,176,227,101,54,47,
1535,407,183,224,711,353,358,812,412,400,709,329,380,405,178,227,101,54,47,
1540,408,183,225,714,353,361,815,413,402,712,330,382,405,178,227,102,54,48,
1545,410,183,227,714,353,361,816,414,402,714,332,382,407,178,229,102,54,48,
1550,411,184,227,718,356,362,820,414,406,716,332,384,409,178,231,102,54,48,
1555,412,184,228,721,358,363,823,416,407,719,333,386,409,178,231,103,55,48,
1560,414,185,229,721,358,363,824,416,408,721,334,387,411,180,231,103,55,48,
1565,415,185,230,725,359,366,828,416,412,723,335,388,413,181,232,103,55,48,
1570,416,185,231,728,362,366,831,417,414,726,337,389,413,181,232,104,56,48,
1575,418,187,231,728,362,366,832,418,414,728,338,390,415,181,234,104,56,48,
1580,419,188,231,732,364,368,836,420,416,730,339,391,417,183,234,104,56,48,
1585,420,189,231,735,365,370,839,422,417,733,341,392,417,183,234,105,57,48,
1590,422,190,232,735,365,370,840,422,418,735,343,392,419,185,234,105,57,48,
1595,423,191,232,739,366,373,844,423,421,737,344,393,421,187,234,105,57,48,
1600,424,192,232,742,368,374,847,425,422,740,345,395,421,187,234,106,57,49,
1605,426,193,233,742,368,374,848,426,422,742,346,396,423,187,236,106,57,49,
1610,427,194,233,746,370,376,852,428,424,744,347,397,425,187,238,106,57,49,
1615,428,194,234,749,373,376,855,431,424,747,348,399,425,187,238,107,58,49,
1620,430,195,235,749,373,376,856,431,425,749,350,399,427,188,239,107,58,49,
1625,431,196,235,753,375,378,860,434,426,751,352,399,429,189,240,107,58,49,
1630,432,196,236,756,377,379,863,434,429,754,354,400,429,189,240,108,59,49,
1635,434,197,237,756,377,379,864,435,429,756,355,401,431,190,241,108,59,49,
1640,435,197,238,760,380,380,868,438,430,758,357,401,433,191,242,108,59,49,
1645,436,198,238,763,382,381,871,440,431,761,358,403,433,191,242,109,60,49,
1650,438,200,238,763,382,381,872,441,431,763,360,403,435,193,242,109,60,49,
1655,439,201,238,767,385,382,876,443,433,765,362,403,437,194,243,109,60,49,
1660,440,202,238,770,386,384,879,446,433,768,363,405,437,194,243,110,60,50,
1665,442,203,239,770,386,384,880,446,434,770,365,405,439,195,244,110,60,50,
1670,443,204,239,774,387,387,884,448,436,772,366,406,441,196,245,110,60,50,
1675,444,205,239,777,390,387,887,449,438,775,368,407,441,196,245,111,60,51,
1680,446,206,240,777,390,387,888,449,439,777,368,409,443,196,247,111,60,51,
1685,447,207,240,781,391,390,892,450,442,779,369,410,445,198,247,111,60,51,
1690,448,207,241,784,392,392,895,450,445,782,370,412,445,198,247,112,61,51,
1695,450,208,242,784,392,392,896,450,446,784,372,412,447,198,249,112,61,51,
1700,451,209,242,788,394,394,900,452,448,786,373,413,449,198,251,112,61,51,
1705,452,210,242,791,395,396,903,452,451,789,375,414,449,198,251,113,62,51,
1710,454,211,243,791,395,396,904,452,452,791,376,415,451,199,252,113,62,51,
1715,455,211,244,795,396,399,908,454,454,793,376,417,453,201,252,113,62,51,
1720,456,212,244,798,397,401,911,455,456,796,378,418,453,201,252,114,62,52,
1725,458,212,246,798,397,401,912,455,457,798,378,420,455,201,254,114,62,52,
1730,459,213,246,802,398,404,916,457,459,800,380,420,457,201,256,114,62,52,
1735,460,214,246,805,399,406,919,457,462,803,381,422,457,201,256,115,62,53,
1740,462,214,248,805,399,406,920,457,463,805,382,423,459,203,256,115,62,53,
1745,463,215,248,809,399,410,924,459,465,807,383,424,461,204,257,115,62,53,
1750,464,215,249,812,400,412,927,461,466,810,385,425,461,204,257,116,62,54,
1755,466,216,250,812,400,412,928,461,467,812,386,426,463,204,259,116,62,54,
1760,467,216,251,816,402,414,932,462,470,814,388,426,465,205,260,116,62,54,
1765,468,217,251,819,402,417,935,463,472,817,390,427,465,205,260,117,62,55,
1770,470,219,251,819,402,417,936,464,472,819,391,428,467,206,261,117,62,55,
1775,471,219,252,823,404,419,940,467,473,821,391,430,469,207,262,117,62,55,
1780,472,220,252,826,406,420,943,469,474,824,392,432,469,207,262,118,62,56,
1785,474,221,253,826,406,420,944,470,474,826,393,433,471,208,263,118,62,56,
1790,475,221,254,830,408,422,948,471,477,828,395,433,473,210,263,118,62,56,
1795,476,221,255,833,411,422,951,474,477,831,395,436,473,210,263,119,62,57,
1800,478,222,256,833,411,422,952,474,478,833,395,438,475,211,264,119,62,57,
1805,479,223,256,837,412,425,956,477,479,835,395,440,477,211,266,119,62,57,
1810,480,224,256,840,413,427,959,478,481,838,397,441,477,211,266,120,63,57,
1815,482,225,257,840,413,427,960,478,482,840,397,443,479,213,266,120,63,57,
1820,483,226,257,844,416,428,964,480,484,842,399,443,481,213,268,120,63,57,
1825,484,226,258,847,417,430,967,482,485,845,399,446,481,213,268,121,63,58,
1830,486,226,260,847,417,430,968,482,486,847,400,447,483,214,269,121,63,58,
1835,487,227,260,851,419,432,972,483,489,849,400,449,485,216,269,121,63,58,
1840,488,228,260,854,421,433,975,484,491,852,401,451,485,216,269,122,63,59,
1845,490,229,261,854,421,433,976,484,492,854,403,451,487,217,270,122,63,59,
1850,491,229,262,858,422,436,980,487,493,856,403,453,489,218,271,122,63,59,
1855,492,230,262,861,424,437,983,489,494,859,404,455,489,218,271,123,64,59,
1860,494,231,263,861,424,437,984,489,495,861,406,455,491,219,272,123,64,59,
1865,495,232,263,865,426,439,988,490,498,863,407,456,493,221,272,123,64,59,
1870,496,233,263,868,426,442,991,493,498,866,408,458,493,221,272,124,65,59,
1875,498,234,264,868,426,442,992,494,498,868,409,459,495,223,272,124,65,59,
1880,499,235,264,872,430,442,996,496,500,870,410,460,497,225,272,124,65,59,
1885,500,235,265,875,431,444,999,498,501,873,413,460,497,225,272,125,65,60,
1890,502,237,265,875,431,444,1000,499,501,875,414,461,499,226,273,125,65,60,
1895,503,238,265,879,432,447,1004,502,502,877,415,462,501,227,274,125,65,60,
1900,504,239,265,882,434,448,1007,503,504,880,415,465,501,227,274,126,65,61,
1905,506,239,267,882,434,448,1008,503,505,882,416,466,503,229,274,126,65,61,
1910,507,240,267,886,436,450,1012,504,508,884,417,467,505,231,274,126,65,61,
1915,508,240,268,889,436,453,1015,504,511,887,418,469,505,231,274,127,65,62,
1920,510,242,268,889,436,453,1016,504,512,889,419,470,507,232,275,127,65,62,
1925,511,243,268,893,437,456,1020,505,515,891,420,471,509,234,275,127,65,62,
1930,512,244,268,896,440,456,1023,507,516,894,421,473,509,234,275,128,66,62,
1935,514,246,268,896,440,456,1024,507,517,896,421,475,511,235,276,128,66,62,
1940,515,246,269,900,440,460,1028,509,519,898,423,475,513,236,277,128,66,62,
1945,516,246,270,903,441,462,1031,512,519,901,424,477,513,236,277,129,66,63,
1950,518,247,271,903,441,462,1032,513,519,903,424,479,515,238,277,129,66,63,
1955,519,248,271,907,444,463,1036,516,520,905,425,480,517,238,279,129,66,63,
1960,520,249,271,910,445,465,1039,518,521,908,426,482,517,238,279,130,67,63,
1965,522,250,272,910,445,465,1040,519,521,910,427,483,519,240,279,130,67,63,
1970,523,251,272,914,447,467,1044,522,522,912,429,483,521,240,281,130,67,63,
1975,524,251,273,917,449,468,1047,524,523,915,430,485,521,240,281,131,67,64,
1980,526,252,274,917,449,468,1048,524,524,917,430,487,523,241,282,131,67,64,
1985,527,252,275,921,452,469,1052,528,524,919,430,489,525,242,283,131,67,64,
1990,528,252,276,924,454,470,1055,530,525,922,430,492,525,242,283,132,68,64,
1995,530,252,278,924,454,470,1056,530,526,924,430,494,527,242,285,132,68,64,
2000,531,253,278,928,457,471,1060,530,530,926,431,495,529,242,287,132,68,64,
2005,532,254,278,931,459,472,1063,532,531,929,432,497,529,242,287,133,69,64,
2010,534,255,279,931,459,472,1064,533,531,931,433,498,531,243,288,133,69,64,
2015,535,255,280,935,460,475,1068,537,531,933,434,499,533,244,289,133,69,64,
2020,536,256,280,938,462,476,1071,538,533,936,436,500,533,244,289,134,69,65,
2025,538,256,282,938,462,476,1072,538,534,938,437,501,535,245,290,134,69,65,
2030,539,256,283,942,464,478,1076,539,537,940,437,503,537,247,290,134,69,65,
2035,540,256,284,945,466,479,1079,541,538,943,438,505,537,247,290,135,69,66,
2040,542,257,285,945,466,479,1080,541,539,945,440,505,539,248,291,135,69,66,
2045,543,258,285,949,470,479,1084,544,540,947,440,507,541,249,292,135,69,66,
2050,544,258,286,952,471,481,1087,546,541,950,441,509,541,249,292,136,70,66,
2055,546,260,286,952,471,481,1088,546,542,952,441,511,543,250,293,136,70,66,
2060,547,260,287,956,473,483,1092,548,544,954,441,513,545,250,295,136,70,66,
2065,548,261,287,959,476,483,1095,550,545,957,441,516,545,250,295,137,70,67,
2070,550,263,287,959,476,483,1096,551,545,959,442,517,547,251,296,137,70,67,
2075,551,263,288,963,477,486,1100,552,548,961,444,517,549,253,296,137,70,67,
2080,552,263,289,966,479,487,1103,553,550,964,445,519,549,253,296,138,70,68,
2085,554,264,290,966,479,487,1104,553,551,966,446,520,551,255,296,138,70,68,
2090,555,265,290,970,481,489,1108,554,554,968,448,520,553,255,298,138,70,68,
2095,556,265,291,973,483,490,1111,555,556,971,450,521,553,255,298,139,71,68,
2100,558,267,291,973,483,490,1112,556,556,973,451,522,555,256,299,139,71,68,
2105,559,267,292,977,486,491,1116,557,559,975,453,522,557,258,299,139,71,68,
2110,560,267,293,980,488,492,1119,560,559,978,454,524,557,258,299,140,72,68,
2115,562,268,294,980,488,492,1120,560,560,980,455,525,559,259,300,140,72,68,
2120,563,269,294,984,490,494,1124,562,562,982,456,526,561,259,302,140,72,68,
2125,564,270,294,987,491,496,1127,563,564,985,457,528,561,259,302,141,73,68,
2130,566,272,294,987,491,496,1128,564,564,987,458,529,563,260,303,141,73,68,
2135,567,272,295,991,494,497,1132,566,566,989,459,530,565,261,304,141,73,68,
2140,568,272,296,994,495,499,1135,567,568,992,460,532,565,261,304,142,73,69,
2145,570,273,297,994,495,499,1136,567,569,994,462,532,567,262,305,142,73,69,
2150,571,274,297,998,497,501,1140,569,571,996,464,532,569,264,305,142,73,69,
2155,572,274,298,1001,498,503,1143,569,574,999,465,534,569,264,305,143,74,69,
2160,574,275,299,1001,498,503,1144,569,575,1001,465,536,571,265,306,143,74,69,
2165,575,275,300,1005,498,507,1148,572,576,1003,467,536,573,266,307,143,74,69,
2170,576,276,300,1008,500,508,1151,573,578,1006,470,536,573,266,307,144,75,69,
2175,578,277,301,1008,500,508,1152,574,578,1008,471,537,575,267,308,144,75,69,
2180,579,278,301,1012,503,509,1156,575,581,1010,471,539,577,268,309,144,75,69,
2185,580,278,302,1015,504,511,1159,576,583,1013,472,541,577,268,309,145,76,69,
2190,582,280,302,1015,504,511,1160,576,584,1015,473,542,579,270,309,145,76,69,
2195,583,281,302,1019,507,512,1164,577,587,1017,474,543,581,272,309,145,76,69,
2200,584,282,302,1022,509,513,1167,577,590,1020,476,544,581,272,309,146,76,70,
2205,586,282,304,1022,509,513,1168,577,591,1022,478,544,583,274,309,146,76,70,
2210,587,282,305,1026,511,515,1172,580,592,1024,479,545,585,274,311,146,76,70,
2215,588,282,306,1029,513,516,1175,581,594,1027,482,545,585,274,311,147,76,71,
2220,590,284,306,1029,513,516,1176,582,594,1029,484,545,587,275,312,147,76,71,
2225,591,285,306,1033,516,517,1180,582,598,1031,485,546,589,277,312,147,76,71,
2230,592,285,307,1036,517,519,1183,583,600,1034,487,547,589,277,312,148,76,72,
2235,594,287,307,1036,517,519,1184,583,601,1036,488,548,591,278,313,148,76,72,
2240,595,287,308,1040,518,522,1188,585,603,1038,490,548,593,279,314,148,76,72,
2245,596,287,309,1043,519,524,1191,586,605,1041,491,550,593,279,314,149,76,73,
2250,598,288,310,1043,519,524,1192,587,605,1043,492,551,595,280,315,149,76,73,
2255,599,288,311,1047,521,526,1196,587,609,1045,493,552,597,282,315,149,76,73,
2260,600,289,311,1050,522,528,1199,589,610,1048,496,552,597,282,315,150,77,73,
2265,602,289,313,1050,522,528,1200,589,611,1050,497,553,599,283,316,150,77,73,
2270,603,289,314,1054,523,531,1204,591,613,1052,499,553,601,284,317,150,77,73,
2275,604,289,315,1057,523,534,1207,592,615,1055,501,554,601,284,317,151,77,74,
2280,606,289,317,1057,523,534,1208,593,615,1057,502,555,603,285,318,151,77,74,
2285,607,290,317,1061,524,537,1212,596,616,1059,504,555,605,286,319,151,77,74,
2290,608,291,317,1064,525,539,1215,597,618,1062,504,558,605,286,319,152,77,75,
2295,610,292,318,1064,525,539,1216,598,618,1064,506,558,607,287,320,152,77,75,
2300,611,292,319,1068,528,540,1220,601,619,1066,507,559,609,289,320,152,77,75,
2305,612,293,319,1071,529,542,1223,602,621,1069,507,562,609,289,320,153,77,76,
2310,614,295,319,1071,529,542,1224,603,621,1071,508,563,611,291,320,153,77,76,
2315,615,295,320,1075,531,544,1228,604,624,1073,510,563,613,291,322,153,77,76,
2320,616,296,320,1078,531,547,1231,606,625,1076,511,565,613,291,322,154,77,77,
2325,618,296,322,1078,531,547,1232,607,625,1078,511,567,615,293,322,154,77,77,
2330,619,297,322,1082,534,548,1236,610,626,1080,512,568,617,293,324,154,77,77,
2335,620,298,322,1085,535,550,1239,611,628,1083,513,570,617,293,324,155,78,77,
2340,622,299,323,1085,535,550,1240,611,629,1085,513,572,619,294,325,155,78,77,
2345,623,299,324,1089,537,552,1244,615,629,1087,515,572,621,294,327,155,78,77,
2350,624,299,325,1092,538,554,1247,616,631,1090,518,572,621,294,327,156,78,78,
2355,626,301,325,1092,538,554,1248,617,631,1092,519,573,623,294,329,156,78,78,
2360,627,301,326,1096,541,555,1252,619,633,1094,520,574,625,295,330,156,78,78,
2365,628,302,326,1099,543,556,1255,619,636,1097,521,576,625,295,330,157,78,79,
2370,630,302,328,1099,543,556,1256,619,637,1099,523,576,627,296,331,157,78,79,
2375,631,302,329,1103,543,560,1260,620,640,1101,524,577,629,297,332,157,78,79,
2380,632,302,330,1106,545,561,1263,622,641,1104,526,578,629,297,332,158,79,79,
2385,634,303,331,1106,545,561,1264,623,641,1106,527,579,631,297,334,158,79,79,
2390,635,304,331,1110,547,563,1268,625,643,1108,528,580,633,299,334,158,79,79,
2395,636,304,332,1113,548,565,1271,628,643,1111,529,582,633,299,334,159,79,80,
2400,638,306,332,1113,548,565,1272,629,643,1113,529,584,635,300,335,159,79,80,
2405,639,307,332,1117,551,566,1276,632,644,1115,531,584,637,300,337,159,79,80,
2410,640,308,332,1120,551,569,1279,632,647,1118,533,585,637,300,337,160,79,81,
2415,642,309,333,1120,551,569,1280,632,648,1120,533,587,639,301,338,160,79,81,
2420,643,309,334,1124,554,570,1284,633,651,1122,535,587,641,301,340,160,79,81,
2425,644,309,335,1127,555,572,1287,635,652,1125,537,588,641,301,340,161,79,82,
2430,646,310,336,1127,555,572,1288,635,653,1127,539,588,643,302,341,161,79,82,
2435,647,310,337,1131,558,573,1292,637,655,1129,541,588,645,303,342,161,79,82,
2440,648,310,338,1134,561,573,1295,639,656,1132,544,588,645,303,342,162,79,83,
2445,650,311,339,1134,561,573,1296,640,656,1134,544,590,647,305,342,162,79,83,
2450,651,312,339,1138,564,574,1300,642,658,1136,544,592,649,306,343,162,79,83,
2455,652,312,340,1141,565,576,1303,643,660,1139,545,594,649,306,343,163,79,84,
2460,654,313,341,1141,565,576,1304,644,660,1141,547,594,651,307,344,163,79,84,
2465,655,314,341,1145,567,578,1308,646,662,1143,547,596,653,308,345,163,79,84,
2470,656,315,341,1148,569,579,1311,649,662,1146,549,597,653,308,345,164,79,85,
2475,658,316,342,1148,569,579,1312,649,663,1148,550,598,655,308,347,164,79,85,
2480,659,316,343,1152,572,580,1316,650,666,1150,550,600,657,309,348,164,79,85,
2485,660,316,344,1155,573,582,1319,652,667,1153,551,602,657,309,348,165,80,85,
2490,662,318,344,1155,573,582,1320,652,668,1155,552,603,659,310,349,165,80,85,
2495,663,319,344,1159,574,585,1324,654,670,1157,553,604,661,311,350,165,80,85,
2500,664,319,345,1162,576,586,1327,656,671,1160,555,605,661,311,350,166,81,85,
2505,666,320,346,1162,576,586,1328,657,671,1162,556,606,663,312,351,166,81,85,
2510,667,321,346,1166,577,589,1332,658,674,1164,558,606,665,313,352,166,81,85,
2515,668,322,346,1169,580,589,1335,660,675,1167,559,608,665,313,352,167,81,86,
2520,670,323,347,1169,580,589,1336,661,675,1169,561,608,667,315,352,167,81,86,
2525,671,324,347,1173,581,592,1340,662,678,1171,562,609,669,317,352,167,81,86,
2530,672,324,348,1176,583,593,1343,664,679,1174,565,609,669,317,352,168,81,87,
2535,674,325,349,1176,583,593,1344,664,680,1176,565,611,671,318,353,168,81,87,
2540,675,326,349,1180,586,594,1348,664,684,1178,567,611,673,318,355,168,81,87,
2545,676,326,350,1183,588,595,1351,665,686,1181,568,613,673,318,355,169,81,88,
2550,678,327,351,1183,588,595,1352,665,687,1183,568,615,675,320,355,169,81,88,
2555,679,327,352,1187,590,597,1356,668,688,1185,569,616,677,321,356,169,81,88,
2560,680,328,352,1190,592,598,1359,669,690,1188,571,617,677,321,356,170,82,88,
2565,682,330,352,1190,592,598,1360,669,691,1190,572,618,679,322,357,170,82,88,
2570,683,331,352,1194,593,601,1364,672,692,1192,573,619,681,322,359,170,82,88,
2575,684,331,353,1197,595,602,1367,675,692,1195,574,621,681,322,359,171,82,89,
2580,686,332,354,1197,595,602,1368,676,692,1197,574,623,683,324,359,171,82,89,
2585,687,332,355,1201,597,604,1372,678,694,1199,574,625,685,325,360,171,82,89,
2590,688,332,356,1204,599,605,1375,679,696,1202,577,625,685,325,360,172,83,89,
2595,690,332,358,1204,599,605,1376,680,696,1204,578,626,687,327,360,172,83,89,
2600,691,333,358,1208,601,607,1380,681,699,1206,579,627,689,328,361,172,83,89,
2605,692,334,358,1211,601,610,1383,683,700,1209,580,629,689,328,361,173,83,90,
2610,694,335,359,1211,601,610,1384,684,700,1211,581,630,691,328,363,173,83,90,
2615,695,336,359,1215,602,613,1388,686,702,1213,581,632,693,328,365,173,83,90,
2620,696,336,360,1218,605,613,1391,687,704,1216,581,635,693,328,365,174,83,91,
2625,698,336,362,1218,605,613,1392,688,704,1218,582,636,695,329,366,174,83,91,
2630,699,336,363,1222,606,616,1396,689,707,1220,584,636,697,330,367,174,83,91,
2635,700,336,364,1225,607,618,1399,690,709,1223,587,636,697,330,367,175,84,91,
2640,702,337,365,1225,607,618,1400,691,709,1225,588,637,699,331,368,175,84,91,
2645,703,338,365,1229,609,620,1404,692,712,1227,588,639,701,332,369,175,84,91,
2650,704,339,365,1232,611,621,1407,693,714,1230,590,640,701,332,369,176,85,91,
2655,706,340,366,1232,611,621,1408,694,714,1232,590,642,703,332,371,176,85,91,
2660,707,341,366,1236,614,622,1412,695,717,1234,590,644,705,332,373,176,85,91,
2665,708,341,367,1239,614,625,1415,697,718,1237,591,646,705,332,373,177,85,92,
2670,710,342,368,1239,614,625,1416,698,718,1239,592,647,707,333,374,177,85,92,
2675,711,343,368,1243,616,627,1420,699,721,1241,594,647,709,333,376,177,85,92,
2680,712,344,368,1246,617,629,1423,700,723,1244,595,649,709,333,376,178,86,92,
2685,714,345,369,1246,617,629,1424,700,724,1246,596,650,711,333,378,178,86,92,
2690,715,345,370,1250,619,631,1428,701,727,1248,597,651,713,334,379,178,86,92,
2695,716,346,370,1253,621,632,1431,703,728,1251,598,653,713,334,379,179,87,92,
2700,718,347,371,1253,621,632,1432,703,729,1253,599,654,715,335,380,179,87,92,
2705,719,347,372,1257,621,636,1436,706,730,1255,600,655,717,335,382,179,87,92,
2710,720,348,372,1260,624,636,1439,707,732,1258,602,656,717,335,382,180,87,93,
2715,722,349,373,1260,624,636,1440,708,732,1260,604,656,719,336,383,180,87,93,
2720,723,350,373,1264,624,640,1444,710,734,1262,604,658,721,336,385,180,87,93,
2725,724,350,374,1267,626,641,1447,712,735,1265,605,660,721,336,385,181,87,94,
2730,726,350,376,1267,626,641,1448,712,736,1267,607,660,723,336,387,181,87,94,
2735,727,351,376,1271,629,642,1452,715,737,1269,608,661,725,337,388,181,87,94,
2740,728,352,376,1274,630,644,1455,717,738,1272,609,663,725,337,388,182,88,94,
2745,730,353,377,1274,630,644,1456,717,739,1274,609,665,727,337,390,182,88,94,
2750,731,353,378,1278,630,648,1460,719,741,1276,611,665,729,338,391,182,88,94,
2755,732,354,378,1281,630,651,1463,721,742,1279,614,665,729,338,391,183,88,95,
2760,734,355,379,1281,630,651,1464,722,742,1281,615,666,731,339,392,183,88,95,
2765,735,355,380,1285,634,651,1468,722,746,1283,615,668,733,341,392,183,88,95,
2770,736,356,380,1288,634,654,1471,723,748,1286,615,671,733,341,392,184,88,96,
2775,738,357,381,1288,634,654,1472,724,748,1288,616,672,735,341,394,184,88,96,
2780,739,357,382,1292,638,654,1476,725,751,1290,617,673,737,342,395,184,88,96,
2785,740,357,383,1295,639,656,1479,726,753,1293,619,674,737,342,395,185,88,97,
2790,742,359,383,1295,639,656,1480,726,754,1295,620,675,739,343,396,185,88,97,
2795,743,359,384,1299,641,658,1484,727,757,1297,621,676,741,344,397,185,88,97,
2800,744,359,385,1302,642,660,1487,728,759,1300,622,678,741,344,397,186,89,97,
2805,746,361,385,1302,642,660,1488,729,759,1302,622,680,743,345,398,186,89,97,
2810,747,362,385,1306,645,661,1492,731,761,1304,622,682,745,346,399,186,89,97,
2815,748,362,386,1309,647,662,1495,732,763,1307,624,683,745,346,399,187,90,97,
2820,750,362,388,1309,647,662,1496,733,763,1309,624,685,747,347,400,187,90,97,
2825,751,363,388,1313,651,662,1500,735,765,1311,625,686,749,347,402,187,90,97,
2830,752,364,388,1316,653,663,1503,736,767,1314,626,688,749,347,402,188,91,97,
2835,754,366,388,1316,653,663,1504,737,767,1316,626,690,751,349,402,188,91,97,
2840,755,366,389,1320,654,666,1508,740,768,1318,627,691,753,350,403,188,91,97,
2845,756,366,390,1323,656,667,1511,742,769,1321,628,693,753,350,403,189,92,97,
2850,758,368,390,1323,656,667,1512,742,770,1323,630,693,755,350,405,189,92,97,
2855,759,368,391,1327,659,668,1516,746,770,1325,631,694,757,352,405,189,92,97,
2860,760,369,391,1330,660,670,1519,749,770,1328,632,696,757,352,405,190,93,97,
2865,762,369,393,1330,660,670,1520,749,771,1330,634,696,759,353,406,190,93,97,
2870,763,369,394,1334,662,672,1524,751,773,1332,634,698,761,354,407,190,93,97,
2875,764,369,395,1337,664,673,1527,753,774,1335,636,699,761,354,407,191,94,97,
2880,766,369,397,1337,664,673,1528,753,775,1337,636,701,763,354,409,191,94,97,
2885,767,370,397,1341,667,674,1532,755,777,1339,637,702,765,355,410,191,94,97,
2890,768,370,398,1344,668,676,1535,757,778,1342,639,703,765,355,410,192,94,98,
2895,770,371,399,1344,668,676,1536,757,779,1344,640,704,767,356,411,192,94,98,
2900,771,371,400,1348,671,677,1540,759,781,1346,642,704,769,358,411,192,94,98,
2905,772,372,400,1351,671,680,1543,761,782,1349,644,705,769,358,411,193,95,98,
2910,774,373,401,1351,671,680,1544,762,782,1351,645,706,771,359,412,193,95,98,
2915,775,374,401,1355,675,680,1548,765,783,1353,646,707,773,361,412,193,95,98,
2920,776,374,402,1358,676,682,1551,766,785,1356,647,709,773,361,412,194,95,99,
2925,778,375,403,1358,676,682,1552,767,785,1358,648,710,775,362,413,194,95,99,
2930,779,375,404,1362,678,684,1556,768,788,1360,649,711,777,362,415,194,95,99,
2935,780,375,405,1365,680,685,1559,769,790,1363,651,712,777,362,415,195,95,100,
2940,782,376,406,1365,680,685,1560,769,791,1365,651,714,779,364,415,195,95,100,
2945,783,376,407,1369,683,686,1564,771,793,1367,652,715,781,366,415,195,95,100,
2950,784,377,407,1372,684,688,1567,771,796,1370,653,717,781,366,415,196,96,100,
2955,786,379,407,1372,684,688,1568,772,796,1372,654,718,783,367,416,196,96,100,
2960,787,379,408,1376,685,691,1572,773,799,1374,654,720,785,367,418,196,96,100,
2965,788,379,409,1379,687,692,1575,774,801,1377,655,722,785,367,418,197,96,101,
2970,790,379,411,1379,687,692,1576,775,801,1379,656,723,787,368,419,197,96,101,
2975,791,379,412,1383,690,693,1580,776,804,1381,657,724,789,370,419,197,96,101,
2980,792,379,413,1386,692,694,1583,777,806,1384,659,725,789,370,419,198,96,102,
2985,794,380,414,1386,692,694,1584,778,806,1386,661,725,791,372,419,198,96,102,
2990,795,381,414,1390,694,696,1588,781,807,1388,662,726,793,373,420,198,96,102,
2995,796,382,414,1393,694,699,1591,784,807,1391,663,728,793,373,420,199,97,102,
3000,798,383,415,1393,694,699,1592,785,807,1393,665,728,795,373,422,199,97,102,
3005,799,383,416,1397,695,702,1596,788,808,1395,667,728,797,373,424,199,97,102,
3010,800,384,416,1400,695,705,1599,789,810,1398,669,729,797,373,424,200,98,102,
3015,802,385,417,1400,695,705,1600,790,810,1400,671,729,799,375,424,200,98,102,
3020,803,385,418,1404,696,708,1604,792,812,1402,672,730,801,376,425,200,98,102,
3025,804,386,418,1407,697,710,1607,795,812,1405,674,731,801,376,425,201,99,102,
3030,806,386,420,1407,697,710,1608,795,813,1407,675,732,803,377,426,201,99,102,
3035,807,386,421,1411,698,713,1612,798,814,1409,676,733,805,378,427,201,99,102,
3040,808,387,421,1414,698,716,1615,799,816,1412,678,734,805,378,427,202,99,103,
3045,810,388,422,1414,698,716,1616,799,817,1414,680,734,807,378,429,202,99,103,
3050,811,389,422,1418,701,717,1620,801,819,1416,681,735,809,379,430,202,99,103,
3055,812,390,422,1421,703,718,1623,801,822,1419,681,738,809,379,430,203,99,104,
3060,814,392,422,1421,703,718,1624,801,823,1421,682,739,811,380,431,203,99,104,
3065,815,392,423,1425,705,720,1628,804,824,1423,683,740,813,381,432,203,99,104,
3070,816,393,423,1428,708,720,1631,805,826,1426,686,740,813,381,432,204,99,105,
3075,818,394,424,1428,708,720,1632,806,826,1428,687,741,815,382,433,204,99,105,
3080,819,395,424,1432,710,722,1636,807,829,1430,688,742,817,383,434,204,99,105,
3085,820,395,425,1435,713,722,1639,807,832,1433,690,743,817,383,434,205,99,106,
3090,822,397,425,1435,713,722,1640,808,832,1435,691,744,819,385,434,205,99,106,
3095,823,398,425,1439,715,724,1644,810,834,1437,693,744,821,387,434,205,99,106,
3100,824,398,426,1442,716,726,1647,812,835,1440,694,746,821,387,434,206,99,107,
3105,826,398,428,1442,716,726,1648,812,836,1442,695,747,823,388,435,206,99,107,
3110,827,399,428,1446,719,727,1652,814,838,1444,696,748,825,390,435,206,99,107,
3115,828,399,429,1449,721,728,1655,815,840,1447,696,751,825,390,435,207,100,107,
3120,830,400,430,1449,721,728,1656,815,841,1449,697,752,827,391,436,207,100,107,
3125,831,400,431,1453,724,729,1660,817,843,1451,697,754,829,392,437,207,100,107,
3130,832,400,432,1456,726,730,1663,817,846,1454,699,755,829,392,437,208,100,108,
3135,834,400,434,1456,726,730,1664,817,847,1456,700,756,831,394,437,208,100,108,
3140,835,400,435,1460,727,733,1668,819,849,1458,700,758,833,395,438,208,100,108,
3145,836,400,436,1463,728,735,1671,821,850,1461,701,760,833,395,438,209,101,108,
3150,838,400,438,1463,728,735,1672,822,850,1463,701,762,835,397,438,209,101,108,
3155,839,401,438,1467,730,737,1676,823,853,1465,701,764,837,398,439,209,101,108,
3160,840,402,438,1470,733,737,1679,825,854,1468,703,765,837,398,439,210,102,108,
3165,842,402,440,1470,733,737,1680,826,854,1470,705,765,839,399,440,210,102,108,
3170,843,402,441,1474,735,739,1684,829,855,1472,706,766,841,400,441,210,102,108,
3175,844,403,441,1477,735,742,1687,830,857,1475,706,769,841,400,441,211,102,109,
3180,846,403,443,1477,735,742,1688,830,858,1477,708,769,843,402,441,211,102,109,
3185,847,403,444,1481,738,743,1692,832,860,1479,708,771,845,404,441,211,102,109,
3190,848,403,445,1484,740,744,1695,834,861,1482,708,774,845,404,441,212,102,110,
3195,850,404,446,1484,740,744,1696,834,862,1484,709,775,847,404,443,212,102,110,
3200,851,405,446,1488,742,746,1700,837,863,1486,710,776,849,404,445,212,102,110,
3205,852,406,446,1491,742,749,1703,838,865,1489,713,776,849,404,445,213,103,110,
3210,854,406,448,1491,742,749,1704,839,865,1491,714,777,851,404,447,213,103,110,
3215,855,406,449,1495,745,750,1708,841,867,1493,715,778,853,405,448,213,103,110,
3220,856,406,450,1498,747,751,1711,842,869,1496,716,780,853,405,448,214,103,111,
3225,858,408,450,1498,747,751,1712,842,870,1498,717,781,855,405,450,214,103,111,
3230,859,408,451,1502,749,753,1716,845,871,1500,717,783,857,406,451,214,103,111,
3235,860,408,452,1505,750,755,1719,846,873,1503,718,785,857,406,451,215,103,112,
3240,862,408,454,1505,750,755,1720,847,873,1505,720,785,859,407,452,215,103,112,
3245,863,408,455,1509,750,759,1724,848,876,1507,721,786,861,409,452,215,103,112,
3250,864,408,456,1512,753,759,1727,849,878,1510,723,787,861,409,452,216,104,112,
3255,866,409,457,1512,753,759,1728,849,879,1512,724,788,863,411,452,216,104,112,
3260,867,410,457,1516,755,761,1732,850,882,1514,725,789,865,411,454,216,104,112,
3265,868,410,458,1519,756,763,1735,852,883,1517,727,790,865,411,454,217,104,113,
3270,870,411,459,1519,756,763,1736,853,883,1519,727,792,867,411,456,217,104,113,
3275,871,411,460,1523,759,764,1740,854,886,1521,728,793,869,412,457,217,104,113,
3280,872,412,460,1526,760,766,1743,856,887,1524,731,793,869,412,457,218,104,114,
3285,874,413,461,1526,760,766,1744,857,887,1526,731,795,871,414,457,218,104,114,
3290,875,414,461,1530,762,768,1748,859,889,1528,731,797,873,414,459,218,104,114,
3295,876,414,462,1533,764,769,1751,861,890,1531,733,798,873,414,459,219,105,114,
3300,878,416,462,1533,764,769,1752,862,890,1533,734,799,875,416,459,219,105,114,
3305,879,416,463,1537,766,771,1756,865,891,1535,735,800,877,417,460,219,105,114,
3310,880,417,463,1540,766,774,1759,866,893,1538,736,802,877,417,460,220,106,114,
3315,882,418,464,1540,766,774,1760,867,893,1540,737,803,879,418,461,220,106,114,
3320,883,419,464,1544,768,776,1764,870,894,1542,738,804,881,419,462,220,106,114,
3325,884,420,464,1547,769,778,1767,871,896,1545,739,806,881,419,462,221,107,114,
3330,886,421,465,1547,769,778,1768,872,896,1547,741,806,883,420,463,221,107,114,
3335,887,421,466,1551,772,779,1772,875,897,1549,741,808,885,421,464,221,107,114,
3340,888,422,466,1554,774,780,1775,877,898,1552,741,811,885,421,464,222,107,115,
3345,890,422,468,1554,774,780,1776,877,899,1554,741,813,887,422,465,222,107,115,
3350,891,422,469,1558,775,783,1780,879,901,1556,742,814,889,423,466,222,107,115,
3355,892,423,469,1561,776,785,1783,880,903,1559,743,816,889,423,466,223,108,115,
3360,894,424,470,1561,776,785,1784,880,904,1561,745,816,891,424,467,223,108,115,
3365,895,424,471,1565,777,788,1788,883,905,1563,745,818,893,424,469,223,108,115,
3370,896,425,471,1568,779,789,1791,886,905,1566,746,820,893,424,469,224,109,115,
3375,898,426,472,1568,779,789,1792,887,905,1568,746,822,895,425,470,224,109,115,
3380,899,426,473,1572,780,792,1796,889,907,1570,748,822,897,426,471,224,109,115,
3385,900,426,474,1575,781,794,1799,891,908,1573,749,824,897,426,471,225,109,116,
3390,902,428,474,1575,781,794,1800,891,909,1575,750,825,899,426,473,225,109,116,
3395,903,429,474,1579,784,795,1804,894,910,1577,750,827,901,427,474,225,109,116,
3400,904,429,475,1582,785,797,1807,897,910,1580,752,828,901,427,474,226,109,117,
3405,906,431,475,1582,785,797,1808,897,911,1582,752,830,903,428,475,226,109,117,
3410,907,431,476,1586,787,799,1812,899,913,1584,752,832,905,429,476,226,109,117,
3415,908,432,476,1589,787,802,1815,902,913,1587,755,832,905,429,476,227,109,118,
3420,910,434,476,1589,787,802,1816,902,914,1589,756,833,907,429,478,227,109,118,
3425,911,434,477,1593,789,804,1820,903,917,1591,757,834,909,430,479,227,109,118,
3430,912,434,478,1596,792,804,1823,903,920,1594,757,837,909,430,479,228,110,118,
3435,914,435,479,1596,792,804,1824,903,921,1596,757,839,911,431,480,228,110,118,
3440,915,435,480,1600,794,806,1828,905,923,1598,757,841,913,431,482,228,110,118,
3445,916,435,481,1603,795,808,1831,907,924,1601,759,842,913,431,482,229,110,119,
3450,918,437,481,1603,795,808,1832,908,924,1603,760,843,915,431,484,229,110,119,
3455,919,438,481,1607,798,809,1836,909,927,1605,761,844,917,432,485,229,110,119,
3460,920,439,481,1610,798,812,1839,912,927,1608,761,847,917,432,485,230,111,119,
3465,922,441,481,1610,798,812,1840,913,927,1610,761,849,919,433,486,230,111,119,
3470,923,441,482,1614,799,815,1844,916,928,1612,762,850,921,434,487,230,111,119,
3475,924,442,482,1617,800,817,1847,918,929,1615,763,852,921,434,487,231,111,120,
3480,926,444,482,1617,800,817,1848,918,930,1617,764,853,923,436,487,231,111,120,
3485,927,445,482,1621,802,819,1852,918,934,1619,765,854,925,437,488,231,111,120,
3490,928,446,482,1624,803,821,1855,920,935,1622,768,854,925,437,488,232,112,120,
3495,930,447,483,1624,803,821,1856,920,936,1624,770,854,927,438,489,232,112,120,
3500,931,448,483,1628,805,823,1860,923,937,1626,772,854,929,438,491,232,112,120,
3505,932,449,483,1631,806,825,1863,924,939,1629,772,857,929,438,491,233,113,120,
3510,934,449,485,1631,806,825,1864,924,940,1631,773,858,931,439,492,233,113,120,
3515,935,449,486,1635,809,826,1868,926,942,1633,773,860,933,440,493,233,113,120,
3520,936,450,486,1638,810,828,1871,928,943,1636,775,861,933,440,493,234,114,120,
3525,938,451,487,1638,810,828,1872,928,944,1638,777,861,935,440,495,234,114,120,
3530,939,452,487,1642,812,830,1876,930,946,1640,777,863,937,441,496,234,114,120,
3535,940,452,488,1645,814,831,1879,932,947,1643,779,864,937,441,496,235,115,120,
3540,942,454,488,1645,814,831,1880,933,947,1645,780,865,939,442,497,235,115,120,
3545,943,455,488,1649,815,834,1884,936,948,1647,781,866,941,443,498,235,115,120,
3550,944,456,488,1652,816,836,1887,937,950,1650,782,868,941,443,498,236,116,120,
3555,946,457,489,1652,816,836,1888,937,951,1652,784,868,943,443,500,236,116,120,
3560,947,458,489,1656,819,837,1892,938,954,1654,785,869,945,444,501,236,116,120,
3565,948,459,489,1659,822,837,1895,940,955,1657,785,872,945,444,501,237,117,120,
3570,950,460,490,1659,822,837,1896,941,955,1659,786,873,947,446,501,237,117,120,
3575,951,461,490,1663,825,838,1900,944,956,1661,787,874,949,448,501,237,117,120,
3580,952,462,490,1666,828,838,1903,946,957,1664,789,875,949,448,501,238,117,121,
3585,954,463,491,1666,828,838,1904,946,958,1666,791,875,951,450,501,238,117,121,
3590,955,464,491,1670,831,839,1908,948,960,1668,793,875,953,451,502,238,117,121,
3595,956,465,491,1673,833,840,1911,949,962,1671,793,878,953,451,502,239,118,121,
3600,958,466,492,1673,833,840,1912,949,963,1673,794,879,955,452,503,239,118,121,
3605,959,466,493,1677,836,841,1916,952,964,1675,795,880,957,453,504,239,118,121,
3610,960,467,493,1680,838,842,1919,954,965,1678,797,881,957,453,504,240,119,121,
3615,962,467,495,1680,838,842,1920,955,965,1680,799,881,959,454,505,240,119,121,
3620,963,468,495,1684,840,844,1924,956,968,1682,800,882,961,456,505,240,119,121,
3625,964,468,496,1687,841,846,1927,958,969,1685,802,883,961,456,505,241,119,122,
3630,966,470,496,1687,841,846,1928,959,969,1687,803,884,963,457,506,241,119,122,
3635,967,471,496,1691,845,846,1932,962,970,1689,804,885,965,458,507,241,119,122,
3640,968,471,497,1694,846,848,1935,964,971,1692,806,886,965,458,507,242,119,123,
3645,970,472,498,1694,846,848,1936,964,972,1694,807,887,967,458,509,242,119,123,
3650,971,473,498,1698,846,852,1940,965,975,1696,808,888,969,459,510,242,119,123,
3655,972,474,498,1701,847,854,1943,967,976,1699,809,890,969,459,510,243,119,124,
3660,974,475,499,1701,847,854,1944,967,977,1701,810,891,971,460,511,243,119,124,
3665,975,475,500,1705,849,856,1948,967,981,1703,810,893,973,460,513,243,119,124,
3670,976,475,501,1708,849,859,1951,967,984,1706,811,895,973,460,513,244,119,125,
3675,978,476,502,1708,849,859,1952,968,984,1708,813,895,975,461,514,244,119,125,
3680,979,477,502,1712,850,862,1956,971,985,1710,813,897,977,461,516,244,119,125,
3685,980,478,502,1715,851,864,1959,972,987,1713,813,900,977,461,516,245,120,125,
3690,982,480,502,1715,851,864,1960,972,988,1715,814,901,979,462,517,245,120,125,
3695,983,481,502,1719,854,865,1964,975,989,1717,815,902,981,462,519,245,120,125,
3700,984,481,503,1722,856,866,1967,977,990,1720,816,904,981,462,519,246,121,125,
3705,986,483,503,1722,856,866,1968,977,991,1722,816,906,983,463,520,246,121,125,
3710,987,483,504,1726,858,868,1972,979,993,1724,817,907,985,464,521,246,121,125,
3715,988,483,505,1729,860,869,1975,980,995,1727,819,908,985,464,521,247,121,126,
3720,990,484,506,1729,860,869,1976,980,996,1729,819,910,987,465,522,247,121,126,
3725,991,485,506,1733,862,871,1980,982,998,1731,819,912,989,466,523,247,121,126,
3730,992,486,506,1736,864,872,1983,984,999,1734,821,913,989,466,523,248,122,126,
3735,994,487,507,1736,864,872,1984,985,999,1736,823,913,991,467,524,248,122,126,
3740,995,488,507,1740,866,874,1988,989,999,1738,825,913,993,469,524,248,122,126,
3745,996,489,507,1743,868,875,1991,991,1000,1741,826,915,993,469,524,249,123,126,
3750,998,490,508,1743,868,875,1992,992,1000,1743,827,916,995,470,525,249,123,126,
3755,999,491,508,1747,870,877,1996,994,1002,1745,828,917,997,471,526,249,123,126,
3760,1000,491,509,1750,871,879,1999,996,1003,1748,829,919,997,471,526,250,123,127,
3765,1002,493,509,1750,871,879,2000,996,1004,1750,830,920,999,472,527,250,123,127,
3770,1003,493,510,1754,874,880,2004,999,1005,1752,831,921,1001,473,528,250,123,127,
3775,1004,493,511,1757,875,882,2007,1000,1007,1755,831,924,1001,473,528,251,123,128,
3780,1006,494,512,1757,875,882,2008,1000,1008,1757,832,925,1003,474,529,251,123,128,
3785,1007,494,513,1761,876,885,2012,1001,1011,1759,833,926,1005,475,530,251,123,128,
3790,1008,494,514,1764,877,887,2015,1002,1013,1762,833,929,1005,475,530,252,123,129,
3795,1010,495,515,1764,877,887,2016,1002,1014,1764,835,929,1007,476,531,252,123,129,
3800,1011,496,515,1768,880,888,2020,1004,1016,1766,836,930,1009,478,531,252,123,129,
3805,1012,497,515,1771,882,889,2023,1005,1018,1769,837,932,1009,478,531,253,123,130,
3810,1014,499,515,1771,882,889,2024,1005,1019,1771,838,933,1011,479,532,253,123,130,
3815,1015,499,516,1775,884,891,2028,1009,1019,1773,840,933,1013,481,532,253,123,130,
3820,1016,499,517,1778,886,892,2031,1010,1021,1776,841,935,1013,481,532,254,124,130,
3825,1018,500,518,1778,886,892,2032,1011,1021,1778,841,937,1015,481,534,254,124,130,
3830,1019,500,519,1782,888,894,2036,1013,1023,1780,841,939,1017,483,534,254,124,130,
3835,1020,500,520,1785,890,895,2039,1015,1024,1783,842,941,1017,483,534,255,125,130,
3840,1022,501,521,1785,890,895,2040,1016,1024,1785,843,942,1019,484,535,255,125,130,
3845,1023,502,521,1789,892,897,2044,1017,1027,1787,845,942,1021,484,537,255,125,130,
3850,1024,502,522,1792,892,900,2047,1020,1027,1790,846,944,1021,484,537,256,126,130,
3855,1026,503,523,1792,892,900,2048,1020,1028,1792,846,946,1023,486,537,256,126,130,
3860,1027,504,523,1796,895,901,2052,1021,1031,1794,848,946,1025,486,539,256,126,130,
3865,1028,504,524,1799,896,903,2055,1022,1033,1797,850,947,1025,486,539,257,126,131,
3870,1030,506,524,1799,896,903,2056,1022,1034,1799,850,949,1027,487,540,257,126,131,
3875,1031,506,525,1803,899,904,2060,1023,1037,1801,851,950,1029,489,540,257,126,131,
3880,1032,507,525,1806,899,907,2063,1023,1040,1804,853,951,1029,489,540,258,126,132,
3885,1034,509,525,1806,899,907,2064,1023,1041,1806,855,951,1031,490,541,258,126,132,
3890,1035,509,526,1810,899,911,2068,1023,1045,1808,855,953,1033,490,543,258,126,132,
3895,1036,510,526,1813,900,913,2071,1025,1046,1811,857,954,1033,490,543,259,126,133,
3900,1038,511,527,1813,900,913,2072,1026,1046,1813,857,956,1035,492,543,259,126,133,
3905,1039,511,528,1817,900,917,2076,1028,1048,1815,858,957,1037,492,545,259,126,133,
3910,1040,512,528,1820,902,918,2079,1028,1051,1818,860,958,1037,492,545,260,126,134,
3915,1042,512,530,1820,902,918,2080,1029,1051,1820,861,959,1039,493,546,260,126,134,
3920,1043,513,530,1824,903,921,2084,1031,1053,1822,862,960,1041,494,547,260,126,134,
3925,1044,514,530,1827,904,923,2087,1032,1055,1825,864,961,1041,494,547,261,126,135,
3930,1046,514,532,1827,904,923,2088,1032,1056,1827,865,962,1043,494,549,261,126,135,
3935,1047,514,533,1831,907,924,2092,1033,1059,1829,867,962,1045,496,549,261,126,135,
3940,1048,515,533,1834,909,925,2095,1034,1061,1832,870,962,1045,496,549,262,127,135,
3945,1050,517,533,1834,909,925,2096,1034,1062,1834,872,962,1047,496,551,262,127,135,
3950,1051,517,534,1838,912,926,2100,1035,1065,1836,873,963,1049,497,552,262,127,135,
3955,1052,518,534,1841,913,928,2103,1037,1066,1839,875,964,1049,497,552,263,127,136,
3960,1054,520,534,1841,913,928,2104,1037,1067,1841,876,965,1051,499,552,263,127,136,
3965,1055,521,534,1845,916,929,2108,1038,1070,1843,877,966,1053,500,553,263,127,136,
3970,1056,522,534,1848,917,931,2111,1040,1071,1846,879,967,1053,500,553,264,128,136,
3975,1058,523,535,1848,917,931,2112,1040,1072,1848,879,969,1055,501,554,264,128,136,
3980,1059,523,536,1852,917,935,2116,1041,1075,1850,881,969,1057,503,554,264,128,136,
3985,1060,524,536,1855,919,936,2119,1043,1076,1853,883,970,1057,503,554,265,129,136,
3990,1062,525,537,1855,919,936,2120,1043,1077,1855,884,971,1059,503,556,265,129,136,
3995,1063,525,538,1859,921,938,2124,1045,1079,1857,885,972,1061,503,558,265,129,136,
4000,1064,526,538,1862,922,940,2127,1047,1080,1860,885,975,1061,503,558,266,130,136,
4005,1066,527,539,1862,922,940,2128,1048,1080,1862,885,977,1063,503,560,266,130,136,
4010,1067,527,540,1866,923,943,2132,1051,1081,1864,886,978,1065,503,562,266,130,136,
4015,1068,528,540,1869,924,945,2135,1052,1083,1867,887,980,1065,503,562,267,130,137,
4020,1070,530,540,1869,924,945,2136,1053,1083,1869,889,980,1067,504,563,267,130,137,
4025,1071,530,541,1873,924,949,2140,1056,1084,1871,890,981,1069,504,565,267,130,137,
4030,1072,530,542,1876,925,951,2143,1058,1085,1874,893,981,1069,504,565,268,131,137,
4035,1074,532,542,1876,925,951,2144,1058,1086,1876,895,981,1071,505,566,268,131,137,
4040,1075,532,543,1880,927,953,2148,1060,1088,1878,897,981,1073,505,568,268,131,137,
4045,1076,532,544,1883,928,955,2151,1060,1091,1881,898,983,1073,505,568,269,132,137,
4050,1078,532,546,1883,928,955,2152,1061,1091,1883,899,984,1075,505,570,269,132,137,
4055,1079,533,546,1887,930,957,2156,1063,1093,1885,901,984,1077,505,572,269,132,137,
4060,1080,533,547,1890,931,959,2159,1065,1094,1888,902,986,1077,505,572,270,133,137,
4065,1082,534,548,1890,931,959,2160,1065,1095,1890,903,987,1079,506,573,270,133,137,
4070,1083,534,549,1894,933,961,2164,1068,1096,1892,903,989,1081,507,574,270,133,137,
4075,1084,535,549,1897,936,961,2167,1069,1098,1895,904,991,1081,507,574,271,134,137,
4080,1086,536,550,1897,936,961,2168,1070,1098,1897,904,993,1083,507,576,271,134,137,
4085,1087,536,551,1901,938,963,2172,1072,1100,1899,905,994,1085,507,578,271,134,137,
4090,1088,537,551,1904,940,964,2175,1074,1101,1902,907,995,1085,507,578,272,135,137,
4095,1090,538,552,1904,940,964,2176,1075,1101,1904,909,995,1087,508,579,272,135,137,
4100,1091,539,552,1908,942,966,2180,1077,1103,1906,909,997,1089,509,580,272,135,137,
4105,1092,539,553,1911,943,968,2183,1079,1104,1909,912,997,1089,509,580,273,135,138,
4110,1094,540,554,1911,943,968,2184,1079,1105,1911,912,999,1091,510,581,273,135,138,
4115,1095,540,555,1915,943,972,2188,1081,1107,1913,913,1000,1093,511,582,273,135,138,
4120,1096,540,556,1918,946,972,2191,1082,1109,1916,916,1000,1093,511,582,274,136,138,
4125,1098,542,556,1918,946,972,2192,1083,1109,1918,916,1002,1095,512,583,274,136,138,
4130,1099,542,557,1922,949,973,2196,1086,1110,1920,917,1003,1097,512,585,274,136,138,
4135,1100,542,558,1925,951,974,2199,1087,1112,1923,919,1004,1097,512,585,275,136,139,
4140,1102,544,558,1925,951,974,2200,1088,1112,1925,919,1006,1099,513,586,275,136,139,
4145,1103,545,558,1929,952,977,2204,1089,1115,1927,921,1006,1101,515,586,275,136,139,
4150,1104,545,559,1932,953,979,2207,1090,1117,1930,922,1008,1101,515,586,276,136,140,
4155,1106,547,559,1932,953,979,2208,1091,1117,1932,924,1008,1103,516,587,276,136,140,
4160,1107,548,559,1936,955,981,2212,1095,1117,1934,924,1010,1105,517,588,276,136,140,
4165,1108,548,560,1939,957,982,2215,1097,1118,1937,925,1012,1105,517,588,277,136,141,
4170,1110,548,562,1939,957,982,2216,1098,1118,1939,927,1012,1107,517,590,277,136,141,
4175,1111,549,562,1943,959,984,2220,1102,1118,1941,928,1013,1109,518,591,277,136,141,
4180,1112,550,562,1946,961,985,2223,1103,1120,1944,931,1013,1109,518,591,278,136,142,
4185,1114,551,563,1946,961,985,2224,1103,1121,1946,931,1015,1111,520,591,278,136,142,
4190,1115,551,564,1950,963,987,2228,1107,1121,1948,931,1017,1113,522,591,278,136,142,
4195,1116,552,564,1953,964,989,2231,1108,1123,1951,933,1018,1113,522,591,279,137,142,
4200,1118,552,566,1953,964,989,2232,1109,1123,1953,935,1018,1115,522,593,279,137,142,
4205,1119,553,566,1957,965,992,2236,1111,1125,1955,936,1019,1117,524,593,279,137,142,
4210,1120,553,567,1960,966,994,2239,1112,1127,1958,938,1020,1117,524,593,280,138,142,
4215,1122,554,568,1960,966,994,2240,1113,1127,1960,939,1021,1119,525,594,280,138,142,
4220,1123,554,569,1964,969,995,2244,1115,1129,1962,940,1022,1121,526,595,280,138,142,
4225,1124,554,570,1967,970,997,2247,1118,1129,1965,940,1025,1121,526,595,281,139,142,
4230,1126,555,571,1967,970,997,2248,1118,1130,1967,941,1026,1123,527,596,281,139,142,
4235,1127,555,572,1971,970,1001,2252,1118,1134,1969,942,1027,1125,528,597,281,139,142,
4240,1128,555,573,1974,971,1003,2255,1118,1137,1972,944,1028,1125,528,597,282,140,142,
4245,1130,556,574,1974,971,1003,2256,1119,1137,1974,944,1030,1127,528,599,282,140,142,
4250,1131,557,574,1978,973,1005,2260,1120,1140,1976,945,1031,1129,530,599,282,140,142,
4255,1132,557,575,1981,973,1008,2263,1121,1142,1979,947,1032,1129,530,599,283,141,142,
4260,1134,557,577,1981,973,1008,2264,1122,1142,1981,949,1032,1131,531,600,283,141,142,
4265,1135,558,577,1985,975,1010,2268,1125,1143,1983,951,1032,1133,532,601,283,141,142,
4270,1136,558,578,1988,977,1011,2271,1127,1144,1986,952,1034,1133,532,601,284,141,143,
4275,1138,560,578,1988,977,1011,2272,1127,1145,1988,952,1036,1135,532,603,284,141,143,
4280,1139,560,579,1992,979,1013,2276,1129,1147,1990,954,1036,1137,534,603,284,141,143,
4285,1140,561,579,1995,979,1016,2279,1132,1147,1993,955,1038,1137,534,603,285,141,144,
4290,1142,562,580,1995,979,1016,2280,1133,1147,1995,955,1040,1139,535,604,285,141,144,
4295,1143,562,581,1999,979,1020,2284,1135,1149,1997,956,1041,1141,536,605,285,141,144,
4300,1144,563,581,2002,980,1022,2287,1135,1152,2000,957,1043,1141,536,605,286,142,144,
4305,1146,563,583,2002,980,1022,2288,1135,1153,2002,957,1045,1143,537,606,286,142,144,
4310,1147,563,584,2006,982,1024,2292,1137,1155,2004,959,1045,1145,538,607,286,142,144,
4315,1148,563,585,2009,982,1027,2295,1140,1155,2007,960,1047,1145,538,607,287,143,144,
4320,1150,564,586,2009,982,1027,2296,1141,1155,2009,960,1049,1147,538,609,287,143,144,
4325,1151,564,587,2013,984,1029,2300,1144,1156,2011,961,1050,1149,539,610,287,143,144,
4330,1152,564,588,2016,987,1029,2303,1147,1156,2014,963,1051,1149,539,610,288,143,145,
4335,1154,565,589,2016,987,1029,2304,1147,1157,2016,965,1051,1151,540,611,288,143,145,
4340,1155,566,589,2020,989,1031,2308,1148,1160,2018,967,1051,1153,540,613,288,143,145,
4345,1156,566,590,2023,990,1033,2311,1150,1161,2021,967,1054,1153,540,613,289,144,145,
4350,1158,567,591,2023,990,1033,2312,1150,1162,2023,968,1055,1155,541,614,289,144,145,
4355,1159,567,592,2027,992,1035,2316,1151,1165,2025,968,1057,1157,542,615,289,144,145,
4360,1160,567,593,2030,993,1037,2319,1151,1168,2028,970,1058,1157,542,615,290,145,145,
4365,1162,567,595,2030,993,1037,2320,1151,1169,2030,970,1060,1159,543,616,290,145,145,
4370,1163,567,596,2034,995,1039,2324,1154,1170,2032,971,1061,1161,544,617,290,145,145,
4375,1164,568,596,2037,995,1042,2327,1155,1172,2035,972,1063,1161,544,617,291,145,146,
4380,1166,570,596,2037,995,1042,2328,1156,1172,2037,974,1063,1163,545,618,291,145,146,
4385,1167,570,597,2041,997,1044,2332,1158,1174,2039,974,1065,1165,546,619,291,145,146,
4390,1168,570,598,2044,1000,1044,2335,1161,1174,2042,976,1066,1165,546,619,292,145,147,
4395,1170,571,599,2044,1000,1044,2336,1162,1174,2044,977,1067,1167,547,620,292,145,147,
4400,1171,572,599,2048,1003,1045,2340,1165,1175,2046,977,1069,1169,547,622,292,145,147,
4405,1172,573,599,2051,1004,1047,2343,1168,1175,2049,977,1072,1169,547,622,293,146,147,
4410,1174,575,599,2051,1004,1047,2344,1169,1175,2051,979,1072,1171,549,622,293,146,147,
4415,1175,576,599,2055,1007,1048,2348,1170,1178,2053,980,1073,1173,549,624,293,146,147,
4420,1176,577,599,2058,1010,1048,2351,1171,1180,2056,982,1074,1173,549,624,294,147,147,
4425,1178,579,599,2058,1010,1048,2352,1172,1180,2058,982,1076,1175,550,625,294,147,147,
4430,1179,579,600,2062,1012,1050,2356,1176,1180,2060,983,1077,1177,551,626,294,147,147,
4435,1180,580,600,2065,1014,1051,2359,1177,1182,2063,984,1079,1177,551,626,295,147,148,
4440,1182,580,602,2065,1014,1051,2360,1178,1182,2065,985,1080,1179,552,627,295,147,148,
4445,1183,581,602,2069,1015,1054,2364,1181,1183,2067,985,1082,1181,552,629,295,147,148,
4450,1184,582,602,2072,1016,1056,2367,1181,1186,2070,987,1083,1181,552,629,296,147,149,
4455,1186,584,602,2072,1016,1056,2368,1182,1186,2072,988,1084,1183,553,630,296,147,149,
4460,1187,584,603,2076,1019,1057,2372,1182,1190,2074,990,1084,1185,554,631,296,147,149,
4465,1188,584,604,2079,1020,1059,2375,1184,1191,2077,992,1085,1185,554,631,297,147,150,
4470,1190,584,606,2079,1020,1059,2376,1185,1191,2079,993,1086,1187,555,632,297,147,150,
4475,1191,585,606,2083,1023,1060,2380,1186,1194,2081,994,1087,1189,555,634,297,147,150,
4480,1192,586,606,2086,1025,1061,2383,1188,1195,2084,996,1088,1189,555,634,298,147,151,
4485,1194,587,607,2086,1025,1061,2384,1189,1195,2086,998,1088,1191,556,635,298,147,151,
4490,1195,588,607,2090,1026,1064,2388,1190,1198,2088,1000,1088,1193,558,635,298,147,151,
4495,1196,589,607,2093,1029,1064,2391,1190,1201,2091,1003,1088,1193,558,635,299,147,152,
4500,1198,589,609,2093,1029,1064,2392,1191,1201,2093,1004,1089,1195,558,637,299,147,152,
4505,1199,589,610,2097,1030,1067,2396,1194,1202,2095,1005,1090,1197,558,639,299,147,152,
4510,1200,590,610,2100,1031,1069,2399,1194,1205,2098,1006,1092,1197,558,639,300,147,153,
4515,1202,591,611,2100,1031,1069,2400,1195,1205,2100,1007,1093,1199,559,640,300,147,153,
4520,1203,592,611,2104,1033,1071,2404,1198,1206,2102,1007,1095,1201,559,642,300,147,153,
4525,1204,592,612,2107,1034,1073,2407,1200,1207,2105,1010,1095,1201,559,642,301,147,154,
4530,1206,592,614,2107,1034,1073,2408,1200,1208,2107,1011,1096,1203,559,644,301,147,154,
4535,1207,593,614,2111,1035,1076,2412,1202,1210,2109,1012,1097,1205,560,645,301,147,154,
4540,1208,594,614,2114,1036,1078,2415,1203,1212,2112,1012,1100,1205,560,645,302,148,154,
4545,1210,596,614,2114,1036,1078,2416,1204,1212,2114,1013,1101,1207,560,647,302,148,154,
4550,1211,596,615,2118,1039,1079,2420,1206,1214,2116,1013,1103,1209,560,649,302,148,154,
4555,1212,596,616,2121,1040,1081,2423,1208,1215,2119,1015,1104,1209,560,649,303,149,154,
4560,1214,597,617,2121,1040,1081,2424,1208,1216,2121,1015,1106,1211,561,650,303,149,154,
4565,1215,598,617,2125,1043,1082,2428,1209,1219,2123,1016,1107,1213,562,651,303,149,154,
4570,1216,598,618,2128,1044,1084,2431,1210,1221,2126,1018,1108,1213,562,651,304,149,155,
4575,1218,600,618,2128,1044,1084,2432,1211,1221,2128,1019,1109,1215,563,652,304,149,155,
4580,1219,601,618,2132,1046,1086,2436,1213,1223,2130,1020,1110,1217,565,652,304,149,155,
4585,1220,602,618,2135,1048,1087,2439,1215,1224,2133,1021,1112,1217,565,652,305,150,155,
4590,1222,603,619,2135,1048,1087,2440,1215,1225,2135,1023,1112,1219,566,653,305,150,155,
4595,1223,603,620,2139,1051,1088,2444,1219,1225,2137,1025,1112,1221,567,654,305,150,155,
4600,1224,603,621,2142,1052,1090,2447,1221,1226,2140,1027,1113,1221,567,654,306,151,155,
4605,1226,605,621,2142,1052,1090,2448,1221,1227,2142,1028,1114,1223,567,656,306,151,155,
4610,1227,606,621,2146,1055,1091,2452,1224,1228,2144,1029,1115,1225,568,657,306,151,155,
4615,1228,607,621,2149,1056,1093,2455,1224,1231,2147,1030,1117,1225,568,657,307,152,155,
4620,1230,609,621,2149,1056,1093,2456,1225,1231,2149,1031,1118,1227,569,658,307,152,155,
4625,1231,610,621,2153,1058,1095,2460,1228,1232,2151,1032,1119,1229,571,658,307,152,155,
4630,1232,611,621,2156,1060,1096,2463,1228,1235,2154,1033,1121,1229,571,658,308,152,156,
4635,1234,612,622,2156,1060,1096,2464,1228,1236,2156,1033,1123,1231,573,658,308,152,156,
4640,1235,612,623,2160,1061,1099,2468,1230,1238,2158,1035,1123,1233,574,659,308,152,156,
4645,1236,613,623,2163,1063,1100,2471,1231,1240,2161,1036,1125,1233,574,659,309,153,156,
4650,1238,613,625,2163,1063,1100,2472,1232,1240,2163,1036,1127,1235,575,660,309,153,156,
4655,1239,613,626,2167,1066,1101,2476,1236,1240,2165,1038,1127,1237,577,660,309,153,156,
4660,1240,614,626,2170,1067,1103,2479,1238,1241,2168,1040,1128,1237,577,660,310,154,156,
4665,1242,616,626,2170,1067,1103,2480,1239,1241,2170,1041,1129,1239,578,661,310,154,156,
4670,1243,617,626,2174,1069,1105,2484,1241,1243,2172,1042,1130,1241,579,662,310,154,156,
4675,1244,617,627,2177,1070,1107,2487,1243,1244,2175,1044,1131,1241,579,662,311,155,156,
4680,1246,619,627,2177,1070,1107,2488,1243,1245,2177,1045,1132,1243,579,664,311,155,156,
4685,1247,619,628,2181,1072,1109,2492,1246,1246,2179,1046,1133,1245,581,664,311,155,156,
4690,1248,620,628,2184,1074,1110,2495,1247,1248,2182,1048,1134,1245,581,664,312,156,156,
4695,1250,621,629,2184,1074,1110,2496,1248,1248,2184,1049,1135,1247,582,665,312,156,156,
4700,1251,621,630,2188,1076,1112,2500,1249,1251,2186,1050,1136,1249,582,667,312,156,156,
4705,1252,622,630,2191,1077,1114,2503,1251,1252,2189,1051,1138,1249,582,667,313,157,156,
4710,1254,623,631,2191,1077,1114,2504,1251,1253,2191,1052,1139,1251,584,667,313,157,156,
4715,1255,623,632,2195,1079,1116,2508,1253,1255,2193,1053,1140,1253,585,668,313,157,156,
4720,1256,624,632,2198,1079,1119,2511,1256,1255,2196,1053,1143,1253,585,668,314,157,157,
4725,1258,625,633,2198,1079,1119,2512,1257,1255,2198,1054,1144,1255,587,668,314,157,157,
4730,1259,626,633,2202,1082,1120,2516,1259,1257,2200,1054,1146,1257,589,668,314,157,157,
4735,1260,627,633,2205,1083,1122,2519,1260,1259,2203,1056,1147,1257,589,668,315,157,158,
4740,1262,628,634,2205,1083,1122,2520,1261,1259,2205,1057,1148,1259,591,668,315,157,158,
4745,1263,628,635,2209,1086,1123,2524,1261,1263,2207,1058,1149,1261,593,668,315,157,158,
4750,1264,628,636,2212,1086,1126,2527,1263,1264,2210,1059,1151,1261,593,668,316,158,158,
4755,1266,629,637,2212,1086,1126,2528,1264,1264,2212,1060,1152,1263,594,669,316,158,158,
4760,1267,629,638,2216,1087,1129,2532,1266,1266,2214,1061,1153,1265,594,671,316,158,158,
4765,1268,629,639,2219,1089,1130,2535,1266,1269,2217,1061,1156,1265,594,671,317,158,159,
4770,1270,630,640,2219,1089,1130,2536,1267,1269,2219,1061,1158,1267,595,672,317,158,159,
4775,1271,630,641,2223,1092,1131,2540,1269,1271,2221,1062,1159,1269,596,673,317,158,159,
4780,1272,631,641,2226,1093,1133,2543,1270,1273,2224,1064,1160,1269,596,673,318,158,160,
4785,1274,633,641,2226,1093,1133,2544,1271,1273,2226,1065,1161,1271,597,674,318,158,160,
4790,1275,634,641,2230,1094,1136,2548,1273,1275,2228,1066,1162,1273,598,675,318,158,160,
4795,1276,635,641,2233,1095,1138,2551,1275,1276,2231,1068,1163,1273,598,675,319,159,160,
4800,1278,637,641,2233,1095,1138,2552,1275,1277,2233,1069,1164,1275,600,675,319,159,160,
4805,1279,637,642,2237,1097,1140,2556,1278,1278,2235,1070,1165,1277,601,676,319,159,160,
4810,1280,638,642,2240,1098,1142,2559,1280,1279,2238,1071,1167,1277,601,676,320,160,160,
4815,1282,638,644,2240,1098,1142,2560,1281,1279,2240,1073,1167,1279,602,677,320,160,160,
4820,1283,638,645,2244,1100,1144,2564,1283,1281,2242,1074,1168,1281,603,678,320,160,160,
4825,1284,638,646,2247,1102,1145,2567,1284,1283,2245,1076,1169,1281,603,678,321,160,161,
4830,1286,638,648,2247,1102,1145,2568,1285,1283,2247,1076,1171,1283,604,679,321,160,161,
4835,1287,639,648,2251,1104,1147,2572,1286,1286,2249,1076,1173,1285,606,679,321,160,161,
4840,1288,639,649,2254,1106,1148,2575,1287,1288,2252,1076,1176,1285,606,679,322,160,162,
4845,1290,639,651,2254,1106,1148,2576,1287,1289,2254,1077,1177,1287,607,680,322,160,162,
4850,1291,639,652,2258,1108,1150,2580,1288,1292,2256,1077,1179,1289,607,682,322,160,162,
4855,1292,639,653,2261,1109,1152,2583,1290,1293,2259,1078,1181,1289,607,682,323,160,163,
4860,1294,640,654,2261,1109,1152,2584,1290,1294,2261,1078,1183,1291,609,682,323,160,163,
4865,1295,641,654,2265,1110,1155,2588,1293,1295,2263,1080,1183,1293,611,682,323,160,163,
4870,1296,641,655,2268,1112,1156,2591,1294,1297,2266,1082,1184,1293,611,682,324,160,164,
4875,1298,642,656,2268,1112,1156,2592,1294,1298,2268,1082,1186,1295,611,684,324,160,164,
4880,1299,642,657,2272,1114,1158,2596,1296,1300,2270,1084,1186,1297,611,686,324,160,164,
4885,1300,643,657,2275,1115,1160,2599,1299,1300,2273,1086,1187,1297,611,686,325,161,164,
4890,1302,644,658,2275,1115,1160,2600,1299,1301,2275,1086,1189,1299,612,687,325,161,164,
4895,1303,644,659,2279,1118,1161,2604,1302,1302,2277,1088,1189,1301,613,688,325,161,164,
4900,1304,644,660,2282,1119,1163,2607,1302,1305,2280,1088,1192,1301,613,688,326,162,164,
4905,1306,644,662,2282,1119,1163,2608,1302,1306,2282,1088,1194,1303,614,689,326,162,164,
4910,1307,645,662,2286,1121,1165,2612,1305,1307,2284,1090,1194,1305,616,689,326,162,164,
4915,1308,645,663,2289,1123,1166,2615,1307,1308,2287,1093,1194,1305,616,689,327,163,164,
4920,1310,645,665,2289,1123,1166,2616,1308,1308,2289,1095,1194,1307,617,690,327,163,164,
4925,1311,645,666,2293,1125,1168,2620,1309,1311,2291,1096,1195,1309,618,691,327,163,164,
4930,1312,646,666,2296,1127,1169,2623,1311,1312,2294,1096,1198,1309,618,691,328,163,165,
4935,1314,647,667,2296,1127,1169,2624,1312,1312,2296,1096,1200,1311,620,691,328,163,165,
4940,1315,648,667,2300,1129,1171,2628,1314,1314,2298,1097,1201,1313,620,693,328,163,165,
4945,1316,648,668,2303,1130,1173,2631,1316,1315,2301,1098,1203,1313,620,693,329,164,165,
4950,1318,648,670,2303,1130,1173,2632,1316,1316,2303,1100,1203,1315,621,694,329,164,165,
4955,1319,648,671,2307,1132,1175,2636,1317,1319,2305,1100,1205,1317,623,694,329,164,165,
4960,1320,649,671,2310,1133,1177,2639,1318,1321,2308,1102,1206,1317,623,694,330,164,166,
4965,1322,649,673,2310,1133,1177,2640,1318,1322,2310,1103,1207,1319,625,694,330,164,166,
4970,1323,649,674,2314,1135,1179,2644,1321,1323,2312,1104,1208,1321,626,695,330,164,166,
4975,1324,650,674,2317,1138,1179,2647,1322,1325,2315,1106,1209,1321,626,695,331,164,167,
4980,1326,650,676,2317,1138,1179,2648,1323,1325,2317,1106,1211,1323,626,697,331,164,167,
4985,1327,650,677,2321,1139,1182,2652,1325,1327,2319,1107,1212,1325,627,698,331,164,167,
4990,1328,650,678,2324,1140,1184,2655,1326,1329,2322,1108,1214,1325,627,698,332,165,167,
4995,1330,652,678,2324,1140,1184,2656,1326,1330,2324,1109,1215,1327,628,699,332,165,167,
5000,1331,652,679,2328,1141,1187,2660,1329,1331,2326,1110,1216,1329,628,701,332,165,167,
5005,1332,652,680,2331,1142,1189,2663,1332,1331,2329,1113,1216,1329,628,701,333,166,167,
5010,1334,654,680,2331,1142,1189,2664,1333,1331,2331,1115,1216,1331,629,702,333,166,167,
5015,1335,654,681,2335,1143,1192,2668,1335,1333,2333,1117,1216,1333,629,704,333,166,167,
5020,1336,654,682,2338,1146,1192,2671,1337,1334,2336,1120,1216,1333,629,704,334,166,168,
5025,1338,655,683,2338,1146,1192,2672,1337,1335,2338,1121,1217,1335,629,706,334,166,168,
5030,1339,655,684,2342,1147,1195,2676,1341,1335,2340,1121,1219,1337,629,708,334,166,168,
5035,1340,656,684,2345,1149,1196,2679,1344,1335,2343,1123,1220,1337,629,708,335,167,168,
5040,1342,657,685,2345,1149,1196,2680,1345,1335,2345,1125,1220,1339,631,708,335,167,168,
5045,1343,658,685,2349,1152,1197,2684,1349,1335,2347,1125,1222,1341,633,708,335,167,168,
5050,1344,659,685,2352,1152,1200,2687,1350,1337,2350,1127,1223,1341,633,708,336,168,168,
5055,1346,660,686,2352,1152,1200,2688,1350,1338,2352,1129,1223,1343,634,709,336,168,168,
5060,1347,661,686,2356,1153,1203,2692,1354,1338,2354,1130,1224,1345,636,709,336,168,168,
5065,1348,661,687,2359,1154,1205,2695,1356,1339,2357,1130,1227,1345,636,709,337,168,169,
5070,1350,662,688,2359,1154,1205,2696,1357,1339,2359,1130,1229,1347,636,711,337,168,169,
5075,1351,662,689,2363,1155,1208,2700,1359,1341,2361,1131,1230,1349,637,712,337,168,169,
5080,1352,663,689,2366,1157,1209,2703,1360,1343,2364,1131,1233,1349,637,712,338,168,170,
5085,1354,665,689,2366,1157,1209,2704,1360,1344,2366,1132,1234,1351,639,712,338,168,170,
5090,1355,665,690,2370,1158,1212,2708,1362,1346,2368,1133,1235,1353,640,713,338,168,170,
5095,1356,665,691,2373,1160,1213,2711,1363,1348,2371,1134,1237,1353,640,713,339,168,171,
5100,1358,667,691,2373,1160,1213,2712,1364,1348,2373,1135,1238,1355,641,714,339,168,171,
5105,1359,667,692,2377,1162,1215,2716,1365,1351,2375,1136,1239,1357,642,715,339,168,171,
5110,1360,667,693,2380,1165,1215,2719,1366,1353,2378,1138,1240,1357,642,715,340,168,172,
5115,1362,668,694,2380,1165,1215,2720,1366,1354,2380,1140,1240,1359,644,715,340,168,172,
5120,1363,669,694,2384,1167,1217,2724,1368,1356,2382,1142,1240,1361,646,715,340,168,172,
5125,1364,669,695,2387,1170,1217,2727,1369,1358,2385,1144,1241,1361,646,715,341,169,172,
5130,1366,669,697,2387,1170,1217,2728,1369,1359,2387,1145,1242,1363,646,717,341,169,172,
5135,1367,669,698,2391,1173,1218,2732,1371,1361,2389,1147,1242,1365,646,719,341,169,172,
5140,1368,669,699,2394,1173,1221,2735,1371,1364,2392,1149,1243,1365,646,719,342,169,173,
5145,1370,670,700,2394,1173,1221,2736,1372,1364,2394,1150,1244,1367,646,721,342,169,173,
5150,1371,671,700,2398,1175,1223,2740,1374,1366,2396,1152,1244,1369,647,722,342,169,173,
5155,1372,671,701,2401,1178,1223,2743,1375,1368,2399,1154,1245,1369,647,722,343,170,173,
5160,1374,672,702,2401,1178,1223,2744,1376,1368,2401,1155,1246,1371,649,722,343,170,173,
5165,1375,672,703,2405,1179,1226,2748,1377,1371,2403,1156,1247,1373,650,723,343,170,173,
5170,1376,672,704,2408,1179,1229,2751,1378,1373,2406,1157,1249,1373,650,723,344,170,174,
5175,1378,673,705,2408,1179,1229,2752,1379,1373,2408,1158,1250,1375,651,724,344,170,174,
5180,1379,674,705,2412,1182,1230,2756,1380,1376,2410,1159,1251,1377,652,725,344,170,174,
5185,1380,675,705,2415,1183,1232,2759,1381,1378,2413,1161,1252,1377,652,725,345,171,174,
5190,1382,676,706,2415,1183,1232,2760,1382,1378,2415,1161,1254,1379,652,727,345,171,174,
5195,1383,677,706,2419,1183,1236,2764,1386,1378,2417,1163,1254,1381,654,727,345,171,174,
5200,1384,677,707,2422,1183,1239,2767,1387,1380,2420,1164,1256,1381,654,727,346,171,175,
5205,1386,679,707,2422,1183,1239,2768,1388,1380,2422,1165,1257,1383,656,727,346,171,175,
5210,1387,680,707,2426,1184,1242,2772,1389,1383,2424,1167,1257,1385,657,728,346,171,175,
5215,1388,681,707,2429,1186,1243,2775,1390,1385,2427,1169,1258,1385,657,728,347,171,176,
5220,1390,681,709,2429,1186,1243,2776,1390,1386,2429,1170,1259,1387,658,729,347,171,176,
5225,1391,682,709,2433,1188,1245,2780,1392,1388,2431,1172,1259,1389,658,731,347,171,176,
5230,1392,682,710,2436,1190,1246,2783,1393,1390,2434,1174,1260,1389,658,731,348,171,177,
5235,1394,684,710,2436,1190,1246,2784,1393,1391,2436,1176,1260,1391,660,731,348,171,177,
5240,1395,684,711,2440,1191,1249,2788,1395,1393,2438,1178,1260,1393,662,731,348,171,177,
5245,1396,685,711,2443,1193,1250,2791,1398,1393,2441,1179,1262,1393,662,731,349,171,178,
5250,1398,686,712,2443,1193,1250,2792,1399,1393,2443,1180,1263,1395,663,732,349,171,178,
5255,1399,687,712,2447,1196,1251,2796,1400,1396,2445,1181,1264,1397,664,733,349,171,178,
5260,1400,687,713,2450,1197,1253,2799,1402,1397,2448,1182,1266,1397,664,733,350,171,179,
5265,1402,687,715,2450,1197,1253,2800,1402,1398,2450,1182,1268,1399,664,735,350,171,179,
5270,1403,688,715,2454,1199,1255,2804,1404,1400,2452,1182,1270,1401,665,736,350,171,179,
5275,1404,689,715,2457,1201,1256,2807,1405,1402,2455,1184,1271,1401,665,736,351,172,179,
5280,1406,690,716,2457,1201,1256,2808,1405,1403,2457,1185,1272,1403,666,737,351,172,179,
5285,1407,691,716,2461,1204,1257,2812,1407,1405,2459,1186,1273,1405,667,738,351,172,179,
5290,1408,692,716,2464,1206,1258,2815,1410,1405,2462,1186,1276,1405,667,738,352,173,179,
5295,1410,694,716,2464,1206,1258,2816,1410,1406,2464,1187,1277,1407,667,740,352,173,179,
5300,1411,694,717,2468,1209,1259,2820,1413,1407,2466,1189,1277,1409,667,742,352,173,179,
5305,1412,695,717,2471,1210,1261,2823,1415,1408,2469,1191,1278,1409,667,742,353,173,180,
5310,1414,697,717,2471,1210,1261,2824,1416,1408,2471,1191,1280,1411,668,743,353,173,180,
5315,1415,697,718,2475,1214,1261,2828,1419,1409,2473,1193,1280,1413,669,744,353,173,180,
5320,1416,698,718,2478,1216,1262,2831,1419,1412,2476,1195,1281,1413,669,744,354,173,181,
5325,1418,700,718,2478,1216,1262,2832,1419,1413,2478,1195,1283,1415,671,744,354,173,181,
5330,1419,701,718,2482,1218,1264,2836,1422,1414,2480,1195,1285,1417,671,746,354,173,181,
5335,1420,702,718,2485,1221,1264,2839,1424,1415,2483,1197,1286,1417,671,746,355,173,182,
5340,1422,702,720,2485,1221,1264,2840,1425,1415,2485,1199,1286,1419,673,746,355,173,182,
5345,1423,703,720,2489,1222,1267,2844,1428,1416,2487,1199,1288,1421,675,746,355,173,182,
5350,1424,703,721,2492,1224,1268,2847,1429,1418,2490,1201,1289,1421,675,746,356,174,182,
5355,1426,705,721,2492,1224,1268,2848,1429,1419,2492,1202,1290,1423,676,747,356,174,182,
5360,1427,705,722,2496,1225,1271,2852,1432,1420,2494,1202,1292,1425,676,749,356,174,182,
5365,1428,706,722,2499,1226,1273,2855,1433,1422,2497,1203,1294,1425,676,749,357,175,182,
5370,1430,706,724,2499,1226,1273,2856,1434,1422,2499,1204,1295,1427,677,750,357,175,182,
5375,1431,706,725,2503,1230,1273,2860,1434,1426,2501,1206,1295,1429,678,751,357,175,182,
5380,1432,706,726,2506,1233,1273,2863,1435,1428,2504,1206,1298,1429,678,751,358,175,183,
5385,1434,707,727,2506,1233,1273,2864,1436,1428,2506,1207,1299,1431,680,751,358,175,183,
5390,1435,708,727,2510,1234,1276,2868,1438,1430,2508,1207,1301,1433,681,752,358,175,183,
5395,1436,709,727,2513,1236,1277,2871,1439,1432,2511,1209,1302,1433,681,752,359,175,184,
5400,1438,711,727,2513,1236,1277,2872,1440,1432,2513,1210,1303,1435,682,753,359,175,184,
5405,1439,711,728,2517,1238,1279,2876,1442,1434,2515,1210,1305,1437,684,753,359,175,184,
5410,1440,712,728,2520,1239,1281,2879,1444,1435,2518,1211,1307,1437,684,753,360,176,184,
5415,1442,713,729,2520,1239,1281,2880,1444,1436,2520,1212,1308,1439,685,754,360,176,184,
5420,1443,714,729,2524,1241,1283,2884,1445,1439,2522,1213,1309,1441,685,756,360,176,184,
5425,1444,714,730,2527,1242,1285,2887,1446,1441,2525,1213,1312,1441,685,756,361,177,184,
5430,1446,716,730,2527,1242,1285,2888,1446,1442,2527,1213,1314,1443,687,756,361,177,184,
5435,1447,716,731,2531,1246,1285,2892,1447,1445,2529,1215,1314,1445,687,758,361,177,184,
5440,1448,717,731,2534,1248,1286,2895,1448,1447,2532,1216,1316,1445,687,758,362,178,184,
5445,1450,718,732,2534,1248,1286,2896,1449,1447,2534,1217,1317,1447,689,758,362,178,184,
5450,1451,719,732,2538,1251,1287,2900,1451,1449,2536,1218,1318,1449,691,758,362,178,184,
5455,1452,720,732,2541,1253,1288,2903,1452,1451,2539,1219,1320,1449,691,758,363,179,184,
5460,1454,721,733,2541,1253,1288,2904,1453,1451,2541,1220,1321,1451,693,758,363,179,184,
5465,1455,721,734,2545,1256,1289,2908,1455,1453,2543,1222,1321,1453,695,758,363,179,184,
5470,1456,721,735,2548,1257,1291,2911,1456,1455,2546,1224,1322,1453,695,758,364,180,184,
5475,1458,722,736,2548,1257,1291,2912,1457,1455,2548,1225,1323,1455,696,759,364,180,184,
5480,1459,722,737,2552,1258,1294,2916,1460,1456,2550,1225,1325,1457,696,761,364,180,184,
5485,1460,722,738,2555,1260,1295,2919,1461,1458,2553,1226,1327,1457,696,761,365,180,185,
5490,1462,724,738,2555,1260,1295,2920,1462,1458,2555,1227,1328,1459,698,761,365,180,185,
5495,1463,724,739,2559,1263,1296,2924,1464,1460,2557,1227,1330,1461,698,763,365,180,185,
5500,1464,724,740,2562,1264,1298,2927,1466,1461,2560,1229,1331,1461,698,763,366,180,186,
5505,1466,725,741,2562,1264,1298,2928,1466,1462,2562,1229,1333,1463,699,764,366,180,186,
5510,1467,725,742,2566,1265,1301,2932,1467,1465,2564,1230,1334,1465,699,766,366,180,186,
5515,1468,726,742,2569,1267,1302,2935,1468,1467,2567,1231,1336,1465,699,766,367,181,186,
5520,1470,726,744,2569,1267,1302,2936,1468,1468,2569,1232,1337,1467,700,767,367,181,186,
5525,1471,727,744,2573,1270,1303,2940,1469,1471,2571,1233,1338,1469,700,769,367,181,186,
5530,1472,727,745,2576,1272,1304,2943,1470,1473,2574,1235,1339,1469,700,769,368,181,187,
5535,1474,728,746,2576,1272,1304,2944,1471,1473,2576,1236,1340,1471,700,771,368,181,187,
5540,1475,728,747,2580,1274,1306,2948,1473,1475,2578,1237,1341,1473,700,773,368,181,187,
5545,1476,728,748,2583,1274,1309,2951,1476,1475,2581,1237,1344,1473,700,773,369,181,188,
5550,1478,730,748,2583,1274,1309,2952,1477,1475,2583,1237,1346,1475,701,774,369,181,188,
5555,1479,731,748,2587,1276,1311,2956,1479,1477,2585,1238,1347,1477,702,775,369,181,188,
5560,1480,731,749,2590,1277,1313,2959,1481,1478,2588,1240,1348,1477,702,775,370,181,189,
5565,1482,732,750,2590,1277,1313,2960,1482,1478,2590,1240,1350,1479,704,775,370,181,189,
5570,1483,733,750,2594,1278,1316,2964,1485,1479,2592,1241,1351,1481,705,776,370,181,189,
5575,1484,733,751,2597,1280,1317,2967,1487,1480,2595,1243,1352,1481,705,776,371,181,190,
5580,1486,733,753,2597,1280,1317,2968,1487,1481,2597,1244,1353,1483,706,777,371,181,190,
5585,1487,734,753,2601,1281,1320,2972,1488,1484,2599,1246,1353,1485,706,779,371,181,190,
5590,1488,734,754,2604,1283,1321,2975,1489,1486,2602,1247,1355,1485,706,779,372,181,191,
5595,1490,734,756,2604,1283,1321,2976,1489,1487,2604,1248,1356,1487,706,781,372,181,191,
5600,1491,734,757,2608,1284,1324,2980,1490,1490,2606,1249,1357,1489,706,783,372,181,191,
5605,1492,734,758,2611,1285,1326,2983,1491,1492,2609,1251,1358,1489,706,783,373,182,191,
5610,1494,735,759,2611,1285,1326,2984,1492,1492,2611,1252,1359,1491,706,785,373,182,191,
5615,1495,735,760,2615,1287,1328,2988,1492,1496,2613,1252,1361,1493,706,787,373,182,191,
5620,1496,736,760,2618,1287,1331,2991,1492,1499,2616,1254,1362,1493,706,787,374,183,191,
5625,1498,736,762,2618,1287,1331,2992,1493,1499,2618,1255,1363,1495,707,788,374,183,191,
5630,1499,737,762,2622,1289,1333,2996,1495,1501,2620,1256,1364,1497,707,790,374,183,191,
5635,1500,737,763,2625,1290,1335,2999,1497,1502,2623,1258,1365,1497,707,790,375,184,191,
5640,1502,739,763,2625,1290,1335,3000,1497,1503,2625,1259,1366,1499,707,792,375,184,191,
5645,1503,739,764,2629,1290,1339,3004,1500,1504,2627,1261,1366,1501,708,793,375,184,191,
5650,1504,740,764,2632,1290,1342,3007,1502,1505,2630,1262,1368,1501,708,793,376,185,191,
5655,1506,741,765,2632,1290,1342,3008,1502,1506,2632,1264,1368,1503,709,794,376,185,191,
5660,1507,741,766,2636,1292,1344,3012,1503,1509,2634,1265,1369,1505,710,795,376,185,191,
5665,1508,741,767,2639,1293,1346,3015,1505,1510,2637,1267,1370,1505,710,795,377,185,192,
5670,1510,742,768,2639,1293,1346,3016,1505,1511,2639,1267,1372,1507,712,795,377,185,192,
5675,1511,742,769,2643,1293,1350,3020,1506,1514,2641,1268,1373,1509,713,796,377,185,192,
5680,1512,742,770,2646,1295,1351,3023,1509,1514,2644,1269,1375,1509,713,796,378,186,192,
5685,1514,744,770,2646,1295,1351,3024,1510,1514,2646,1270,1376,1511,714,797,378,186,192,
5690,1515,744,771,2650,1296,1354,3028,1512,1516,2648,1271,1377,1513,715,798,378,186,192,
5695,1516,744,772,2653,1298,1355,3031,1514,1517,2651,1273,1378,1513,715,798,379,187,192,
5700,1518,746,772,2653,1298,1355,3032,1514,1518,2653,1275,1378,1515,716,799,379,187,192,
5705,1519,747,772,2657,1300,1357,3036,1517,1519,2655,1276,1379,1517,716,801,379,187,192,
5710,1520,747,773,2660,1301,1359,3039,1518,1521,2658,1279,1379,1517,716,801,380,187,193,
5715,1522,748,774,2660,1301,1359,3040,1518,1522,2660,1280,1380,1519,716,803,380,187,193,
5720,1523,748,775,2664,1304,1360,3044,1520,1524,2662,1280,1382,1521,716,805,380,187,193,
5725,1524,748,776,2667,1306,1361,3047,1521,1526,2665,1281,1384,1521,716,805,381,187,194,
5730,1526,748,778,2667,1306,1361,3048,1521,1527,2667,1282,1385,1523,716,807,381,187,194,
5735,1527,749,778,2671,1306,1365,3052,1523,1529,2669,1284,1385,1525,718,807,381,187,194,
5740,1528,749,779,2674,1308,1366,3055,1526,1529,2672,1286,1386,1525,718,807,382,188,194,
5745,1530,749,781,2674,1308,1366,3056,1527,1529,2674,1287,1387,1527,718,809,382,188,194,
5750,1531,749,782,2678,1310,1368,3060,1528,1532,2676,1288,1388,1529,719,810,382,188,194,
5755,1532,750,782,2681,1313,1368,3063,1530,1533,2679,1290,1389,1529,719,810,383,189,194,
5760,1534,751,783,2681,1313,1368,3064,1530,1534,2681,1290,1391,1531,720,811,383,189,194,
5765,1535,751,784,2685,1315,1370,3068,1534,1534,2683,1291,1392,1533,721,812,383,189,194,
5770,1536,752,784,2688,1316,1372,3071,1537,1534,2686,1293,1393,1533,721,812,384,189,195,
5775,1538,753,785,2688,1316,1372,3072,1538,1534,2688,1294,1394,1535,723,812,384,189,195,
5780,1539,753,786,2692,1318,1374,3076,1541,1535,2690,1295,1395,1537,725,812,384,189,195,
5785,1540,754,786,2695,1320,1375,3079,1543,1536,2693,1296,1397,1537,725,812,385,190,195,
5790,1542,756,786,2695,1320,1375,3080,1544,1536,2695,1296,1399,1539,725,814,385,190,195,
5795,1543,757,786,2699,1322,1377,3084,1545,1539,2697,1296,1401,1541,726,815,385,190,195,
5800,1544,757,787,2702,1323,1379,3087,1547,1540,2700,1298,1402,1541,726,815,386,190,196,
5805,1546,759,787,2702,1323,1379,3088,1548,1540,2702,1298,1404,1543,728,815,386,190,196,
5810,1547,759,788,2706,1324,1382,3092,1549,1543,2704,1299,1405,1545,729,816,386,190,196,
5815,1548,759,789,2709,1326,1383,3095,1551,1544,2707,1301,1406,1545,729,816,387,191,196,
5820,1550,759,791,2709,1326,1383,3096,1551,1545,2709,1301,1408,1547,729,818,387,191,196,
5825,1551,760,791,2713,1330,1383,3100,1553,1547,2711,1302,1409,1549,729,820,387,191,196,
5830,1552,761,791,2716,1331,1385,3103,1555,1548,2714,1303,1411,1549,729,820,388,191,197,
5835,1554,763,791,2716,1331,1385,3104,1556,1548,2716,1305,1411,1551,730,821,388,191,197,
5840,1555,763,792,2720,1332,1388,3108,1560,1548,2718,1305,1413,1553,731,822,388,191,197,
5845,1556,763,793,2723,1334,1389,3111,1561,1550,2721,1306,1415,1553,731,822,389,191,198,
5850,1558,764,794,2723,1334,1389,3112,1562,1550,2723,1308,1415,1555,732,823,389,191,198,
5855,1559,765,794,2727,1336,1391,3116,1564,1552,2725,1308,1417,1557,733,824,389,191,198,
5860,1560,766,794,2730,1337,1393,3119,1565,1554,2728,1311,1417,1557,733,824,390,192,198,
5865,1562,767,795,2730,1337,1393,3120,1566,1554,2730,1313,1417,1559,734,825,390,192,198,
5870,1563,768,795,2734,1339,1395,3124,1567,1557,2732,1314,1418,1561,735,826,390,192,198,
5875,1564,769,795,2737,1340,1397,3127,1568,1559,2735,1315,1420,1561,735,826,391,192,199,
5880,1566,771,795,2737,1340,1397,3128,1569,1559,2737,1317,1420,1563,736,827,391,192,199,
5885,1567,772,795,2741,1342,1399,3132,1571,1561,2739,1319,1420,1565,738,827,391,192,199,
5890,1568,773,795,2744,1343,1401,3135,1571,1564,2742,1321,1421,1565,738,827,392,193,199,
5895,1570,773,797,2744,1343,1401,3136,1571,1565,2744,1322,1422,1567,739,828,392,193,199,
5900,1571,774,797,2748,1346,1402,3140,1571,1569,2746,1323,1423,1569,740,829,392,193,199,
5905,1572,775,797,2751,1347,1404,3143,1573,1570,2749,1325,1424,1569,740,829,393,193,200,
5910,1574,776,798,2751,1347,1404,3144,1573,1571,2751,1327,1424,1571,741,830,393,193,200,
5915,1575,776,799,2755,1349,1406,3148,1574,1574,2753,1327,1426,1573,741,832,393,193,200,
5920,1576,776,800,2758,1350,1408,3151,1576,1575,2756,1329,1427,1573,741,832,394,194,200,
5925,1578,777,801,2758,1350,1408,3152,1576,1576,2758,1330,1428,1575,741,834,394,194,200,
5930,1579,778,801,2762,1354,1408,3156,1578,1578,2760,1331,1429,1577,742,835,394,194,200,
5935,1580,778,802,2765,1355,1410,3159,1579,1580,2763,1333,1430,1577,742,835,395,195,200,
5940,1582,780,802,2765,1355,1410,3160,1580,1580,2765,1333,1432,1579,744,835,395,195,200,
5945,1583,780,803,2769,1356,1413,3164,1581,1583,2767,1334,1433,1581,745,836,395,195,200,
5950,1584,781,803,2772,1356,1416,3167,1581,1586,2770,1334,1436,1581,745,836,396,195,201,
5955,1586,781,805,2772,1356,1416,3168,1581,1587,2772,1336,1436,1583,746,837,396,195,201,
5960,1587,781,806,2776,1357,1419,3172,1583,1589,2774,1337,1437,1585,748,837,396,195,201,
5965,1588,781,807,2779,1358,1421,3175,1584,1591,2777,1337,1440,1585,748,837,397,195,202,
5970,1590,781,809,2779,1358,1421,3176,1584,1592,2779,1338,1441,1587,749,838,397,195,202,
5975,1591,781,810,2783,1359,1424,3180,1587,1593,2781,1338,1443,1589,750,839,397,195,202,
5980,1592,781,811,2786,1361,1425,3183,1589,1594,2784,1338,1446,1589,750,839,398,196,202,
5985,1594,781,813,2786,1361,1425,3184,1589,1595,2786,1339,1447,1591,752,839,398,196,202,
5990,1595,781,814,2790,1363,1427,3188,1590,1598,2788,1341,1447,1593,752,841,398,196,202,
5995,1596,782,814,2793,1363,1430,3191,1590,1601,2791,1342,1449,1593,752,841,399,196,203,
6000,1598,783,815,2793,1363,1430,3192,1591,1601,2793,1342,1451,1595,753,842,399,196,203,
6005,1599,784,815,2797,1364,1433,3196,1592,1604,2795,1343,1452,1597,753,844,399,196,203,
6010,1600,784,816,2800,1365,1435,3199,1592,1607,2798,1344,1454,1597,753,844,400,196,204,
6015,1602,784,818,2800,1365,1435,3200,1592,1608,2800,1345,1455,1599,754,845,400,196,204,
6020,1603,784,819,2804,1367,1437,3204,1594,1610,2802,1346,1456,1601,754,847,400,196,204,
6025,1604,784,820,2807,1369,1438,3207,1594,1613,2805,1347,1458,1601,754,847,401,197,204,
6030,1606,785,821,2807,1369,1438,3208,1595,1613,2807,1347,1460,1603,755,848,401,197,204,
6035,1607,786,821,2811,1371,1440,3212,1597,1615,2809,1347,1462,1605,755,850,401,197,204,
6040,1608,787,821,2814,1372,1442,3215,1600,1615,2812,1349,1463,1605,755,850,402,198,204,
6045,1610,788,822,2814,1372,1442,3216,1601,1615,2814,1351,1463,1607,755,852,402,198,204,
6050,1611,788,823,2818,1373,1445,3220,1601,1619,2816,1351,1465,1609,755,854,402,198,204,
6055,1612,788,824,2821,1376,1445,3223,1602,1621,2819,1353,1466,1609,755,854,403,199,204,
6060,1614,788,826,2821,1376,1445,3224,1602,1622,2821,1355,1466,1611,756,855,403,199,204,
6065,1615,788,827,2825,1379,1446,3228,1603,1625,2823,1357,1466,1613,757,856,403,199,204,
6070,1616,788,828,2828,1380,1448,3231,1603,1628,2826,1357,1469,1613,757,856,404,199,205,
6075,1618,789,829,2828,1380,1448,3232,1604,1628,2828,1358,1470,1615,758,857,404,199,205,
6080,1619,789,830,2832,1382,1450,3236,1606,1630,2830,1359,1471,1617,759,858,404,199,205,
6085,1620,790,830,2835,1383,1452,3239,1608,1631,2833,1361,1472,1617,759,858,405,200,205,
6090,1622,791,831,2835,1383,1452,3240,1608,1632,2835,1361,1474,1619,759,860,405,200,205,
6095,1623,791,832,2839,1385,1454,3244,1611,1633,2837,1362,1475,1621,759,862,405,200,205,
6100,1624,791,833,2842,1385,1457,3247,1614,1633,2840,1364,1476,1621,759,862,406,200,206,
6105,1626,793,833,2842,1385,1457,3248,1615,1633,2842,1365,1477,1623,760,863,406,200,206,
6110,1627,793,834,2846,1386,1460,3252,1617,1635,2844,1366,1478,1625,761,864,406,200,206,
6115,1628,794,834,2849,1388,1461,3255,1617,1638,2847,1369,1478,1625,761,864,407,201,206,
6120,1630,795,835,2849,1388,1461,3256,1617,1639,2849,1370,1479,1627,763,864,407,201,206,
6125,1631,795,836,2853,1390,1463,3260,1618,1642,2851,1372,1479,1629,765,864,407,201,206,
6130,1632,796,836,2856,1391,1465,3263,1619,1644,2854,1375,1479,1629,765,864,408,201,207,
6135,1634,796,838,2856,1391,1465,3264,1619,1645,2856,1375,1481,1631,767,864,408,201,207,
6140,1635,797,838,2860,1392,1468,3268,1620,1648,2858,1376,1482,1633,767,866,408,201,207,
6145,1636,798,838,2863,1395,1468,3271,1621,1650,2861,1378,1483,1633,767,866,409,201,208,
6150,1638,800,838,2863,1395,1468,3272,1622,1650,2863,1379,1484,1635,767,868,409,201,208,
6155,1639,801,838,2867,1396,1471,3276,1625,1651,2865,1379,1486,1637,768,869,409,201,208,
6160,1640,801,839,2870,1398,1472,3279,1627,1652,2868,1380,1488,1637,768,869,410,201,209,
6165,1642,801,841,2870,1398,1472,3280,1627,1653,2870,1381,1489,1639,769,870,410,201,209,
6170,1643,802,841,2874,1400,1474,3284,1627,1657,2872,1381,1491,1641,769,872,410,201,209,
6175,1644,802,842,2877,1402,1475,3287,1628,1659,2875,1384,1491,1641,769,872,411,201,210,
6180,1646,804,842,2877,1402,1475,3288,1628,1660,2877,1384,1493,1643,770,873,411,201,210,
6185,1647,804,843,2881,1403,1478,3292,1628,1664,2879,1384,1495,1645,770,875,411,201,210,
6190,1648,804,844,2884,1404,1480,3295,1630,1665,2882,1385,1497,1645,770,875,412,202,210,
6195,1650,805,845,2884,1404,1480,3296,1630,1666,2884,1386,1498,1647,772,875,412,202,210,
6200,1651,805,846,2888,1406,1482,3300,1632,1668,2886,1387,1499,1649,773,876,412,202,210,
6205,1652,805,847,2891,1407,1484,3303,1634,1669,2889,1389,1500,1649,773,876,413,202,211,
6210,1654,806,848,2891,1407,1484,3304,1634,1670,2891,1391,1500,1651,774,877,413,202,211,
6215,1655,807,848,2895,1407,1488,3308,1636,1672,2893,1393,1500,1653,774,879,413,202,211,
6220,1656,808,848,2898,1409,1489,3311,1638,1673,2896,1395,1501,1653,774,879,414,203,211,
6225,1658,809,849,2898,1409,1489,3312,1639,1673,2898,1395,1503,1655,775,880,414,203,211,
6230,1659,810,849,2902,1411,1491,3316,1641,1675,2900,1396,1504,1657,776,881,414,203,211,
6235,1660,811,849,2905,1412,1493,3319,1642,1677,2903,1399,1504,1657,776,881,415,203,212,
6240,1662,811,851,2905,1412,1493,3320,1643,1677,2905,1401,1504,1659,777,882,415,203,212,
6245,1663,811,852,2909,1416,1493,3324,1645,1679,2907,1403,1504,1661,778,883,415,203,212,
6250,1664,811,853,2912,1418,1494,3327,1646,1681,2910,1404,1506,1661,778,883,416,203,213,
6255,1666,813,853,2912,1418,1494,3328,1646,1682,2912,1405,1507,1663,779,884,416,203,213,
6260,1667,814,853,2916,1420,1496,3332,1647,1685,2914,1405,1509,1665,780,885,416,203,213,
6265,1668,815,853,2919,1422,1497,3335,1647,1688,2917,1407,1510,1665,780,885,417,203,214,
6270,1670,816,854,2919,1422,1497,3336,1647,1689,2919,1407,1512,1667,780,887,417,203,214,
6275,1671,817,854,2923,1423,1500,3340,1650,1690,2921,1408,1513,1669,781,888,417,203,214,
6280,1672,817,855,2926,1425,1501,3343,1651,1692,2924,1409,1515,1669,781,888,418,204,214,
6285,1674,818,856,2926,1425,1501,3344,1651,1693,2926,1411,1515,1671,783,888,418,204,214,
6290,1675,818,857,2930,1427,1503,3348,1654,1694,2928,1412,1516,1673,785,888,418,204,214,
6295,1676,818,858,2933,1430,1503,3351,1655,1696,2931,1415,1516,1673,785,888,419,205,214,
6300,1678,820,858,2933,1430,1503,3352,1655,1697,2933,1417,1516,1675,785,890,419,205,214,
6305,1679,821,858,2937,1432,1505,3356,1658,1698,2935,1418,1517,1677,786,891,419,205,214,
6310,1680,822,858,2940,1435,1505,3359,1659,1700,2938,1418,1520,1677,786,891,420,206,214,
6315,1682,824,858,2940,1435,1505,3360,1659,1701,2940,1418,1522,1679,787,892,420,206,214,
6320,1683,825,858,2944,1438,1506,3364,1662,1702,2942,1419,1523,1681,788,893,420,206,214,
6325,1684,825,859,2947,1439,1508,3367,1664,1703,2945,1422,1523,1681,788,893,421,206,215,
6330,1686,826,860,2947,1439,1508,3368,1665,1703,2947,1424,1523,1683,789,894,421,206,215,
6335,1687,827,860,2951,1441,1510,3372,1669,1703,2949,1424,1525,1685,790,895,421,206,215,
6340,1688,828,860,2954,1441,1513,3375,1670,1705,2952,1425,1527,1685,790,895,422,207,215,
6345,1690,828,862,2954,1441,1513,3376,1670,1706,2954,1427,1527,1687,791,896,422,207,215,
6350,1691,829,862,2958,1442,1516,3380,1670,1710,2956,1428,1528,1689,791,898,422,207,215,
6355,1692,830,862,2961,1442,1519,3383,1671,1712,2959,1429,1530,1689,791,898,423,208,215,
6360,1694,831,863,2961,1442,1519,3384,1671,1713,2961,1430,1531,1691,791,900,423,208,215,
6365,1695,831,864,2965,1446,1519,3388,1673,1715,2963,1431,1532,1693,792,901,423,208,215,
6370,1696,832,864,2968,1448,1520,3391,1674,1717,2966,1432,1534,1693,792,901,424,208,216,
6375,1698,832,866,2968,1448,1520,3392,1674,1718,2968,1433,1535,1695,792,903,424,208,216,
6380,1699,833,866,2972,1450,1522,3396,1677,1719,2970,1433,1537,1697,792,905,424,208,216,
6385,1700,833,867,2975,1451,1524,3399,1678,1721,2973,1435,1538,1697,792,905,425,209,216,
6390,1702,834,868,2975,1451,1524,3400,1679,1721,2975,1436,1539,1699,793,906,425,209,216,
6395,1703,834,869,2979,1453,1526,3404,1682,1722,2977,1438,1539,1701,793,908,425,209,216,
6400,1704,835,869,2982,1456,1526,3407,1683,1724,2980,1439,1541,1701,793,908,426,209,217,
6405,1706,835,871,2982,1456,1526,3408,1683,1725,2982,1441,1541,1703,793,910,426,209,217,
6410,1707,836,871,2986,1456,1530,3412,1686,1726,2984,1442,1542,1705,793,912,426,209,217,
6415,1708,836,872,2989,1458,1531,3415,1687,1728,2987,1445,1542,1705,793,912,427,209,218,
6420,1710,837,873,2989,1458,1531,3416,1688,1728,2989,1445,1544,1707,795,912,427,209,218,
6425,1711,837,874,2993,1459,1534,3420,1691,1729,2991,1446,1545,1709,796,913,427,209,218,
6430,1712,838,874,2996,1461,1535,3423,1692,1731,2994,1448,1546,1709,796,913,428,209,219,
6435,1714,838,876,2996,1461,1535,3424,1692,1732,2996,1448,1548,1711,797,914,428,209,219,
6440,1715,838,877,3000,1461,1539,3428,1694,1734,2998,1448,1550,1713,798,915,428,209,219,
6445,1716,838,878,3003,1463,1540,3431,1695,1736,3001,1450,1551,1713,798,915,429,209,220,
6450,1718,839,879,3003,1463,1540,3432,1695,1737,3003,1452,1551,1715,800,915,429,209,220,
6455,1719,840,879,3007,1464,1543,3436,1697,1739,3005,1454,1551,1717,800,917,429,209,220,
6460,1720,840,880,3010,1466,1544,3439,1698,1741,3008,1456,1552,1717,800,917,430,209,221,
6465,1722,842,880,3010,1466,1544,3440,1699,1741,3010,1457,1553,1719,802,917,430,209,221,
6470,1723,843,880,3014,1469,1545,3444,1702,1742,3012,1459,1553,1721,804,917,430,209,221,
6475,1724,843,881,3017,1470,1547,3447,1703,1744,3015,1461,1554,1721,804,917,431,209,222,
6480,1726,844,882,3017,1470,1547,3448,1703,1745,3017,1461,1556,1723,805,918,431,209,222,
6485,1727,845,882,3021,1473,1548,3452,1705,1747,3019,1463,1556,1725,805,920,431,209,222,
6490,1728,846,882,3024,1474,1550,3455,1707,1748,3022,1463,1559,1725,805,920,432,209,223,
6495,1730,846,884,3024,1474,1550,3456,1708,1748,3024,1464,1560,1727,806,921,432,209,223,
6500,1731,847,884,3028,1476,1552,3460,1710,1750,3026,1466,1560,1729,807,922,432,209,223,
6505,1732,848,884,3031,1478,1553,3463,1713,1750,3029,1468,1561,1729,807,922,433,210,223,
6510,1734,850,884,3031,1478,1553,3464,1714,1750,3031,1469,1562,1731,808,923,433,210,223,
6515,1735,850,885,3035,1480,1555,3468,1716,1752,3033,1469,1564,1733,810,923,433,210,223,
6520,1736,851,885,3038,1482,1556,3471,1717,1754,3036,1469,1567,1733,810,923,434,210,224,
6525,1738,851,887,3038,1482,1556,3472,1717,1755,3038,1470,1568,1735,811,924,434,210,224,
6530,1739,851,888,3042,1485,1557,3476,1721,1755,3040,1471,1569,1737,811,926,434,210,224,
6535,1740,851,889,3045,1487,1558,3479,1723,1756,3043,1473,1570,1737,811,926,435,210,225,
6540,1742,851,891,3045,1487,1558,3480,1723,1757,3045,1474,1571,1739,811,928,435,210,225,
6545,1743,851,892,3049,1489,1560,3484,1724,1760,3047,1476,1571,1741,813,928,435,210,225,
6550,1744,851,893,3052,1491,1561,3487,1726,1761,3050,1477,1573,1741,813,928,436,210,226,
6555,1746,853,893,3052,1491,1561,3488,1726,1762,3052,1479,1573,1743,814,929,436,210,226,
6560,1747,853,894,3056,1494,1562,3492,1727,1765,3054,1481,1573,1745,815,930,436,210,226,
6565,1748,854,894,3059,1496,1563,3495,1730,1765,3057,1483,1574,1745,815,930,437,211,226,
6570,1750,855,895,3059,1496,1563,3496,1730,1766,3059,1483,1576,1747,816,931,437,211,226,
6575,1751,856,895,3063,1497,1566,3500,1731,1769,3061,1484,1577,1749,818,931,437,211,226,
6580,1752,857,895,3066,1499,1567,3503,1733,1770,3064,1485,1579,1749,818,931,438,212,226,
6585,1754,858,896,3066,1499,1567,3504,1734,1770,3066,1486,1580,1751,819,932,438,212,226,
6590,1755,859,896,3070,1501,1569,3508,1737,1771,3068,1486,1582,1753,821,932,438,212,226,
6595,1756,859,897,3073,1503,1570,3511,1740,1771,3071,1486,1585,1753,821,932,439,213,226,
6600,1758,859,899,3073,1503,1570,3512,1740,1772,3073,1486,1587,1755,822,933,439,213,226,
6605,1759,860,899,3077,1504,1573,3516,1741,1775,3075,1487,1588,1757,823,934,439,213,226,
6610,1760,860,900,3080,1506,1574,3519,1743,1776,3078,1488,1590,1757,823,934,440,214,226,
6615,1762,860,902,3080,1506,1574,3520,1743,1777,3080,1489,1591,1759,823,936,440,214,226,
6620,1763,860,903,3084,1509,1575,3524,1745,1779,3082,1489,1593,1761,824,937,440,214,226,
6625,1764,861,903,3087,1510,1577,3527,1747,1780,3085,1490,1595,1761,824,937,441,215,226,
6630,1766,862,904,3087,1510,1577,3528,1748,1780,3087,1490,1597,1763,825,938,441,215,226,
6635,1767,862,905,3091,1512,1579,3532,1749,1783,3089,1492,1597,1765,826,939,441,215,226,
6640,1768,863,905,3094,1514,1580,3535,1751,1784,3092,1493,1599,1765,826,939,442,215,227,
6645,1770,864,906,3094,1514,1580,3536,1751,1785,3094,1494,1600,1767,827,940,442,215,227,
6650,1771,865,906,3098,1515,1583,3540,1752,1788,3096,1494,1602,1769,828,941,442,215,227,
6655,1772,865,907,3101,1516,1585,3543,1754,1789,3099,1495,1604,1769,828,941,443,215,228,
6660,1774,865,909,3101,1516,1585,3544,1754,1790,3101,1496,1605,1771,828,943,443,215,228,
6665,1775,866,909,3105,1520,1585,3548,1755,1793,3103,1496,1607,1773,829,944,443,215,228,
6670,1776,867,909,3108,1520,1588,3551,1756,1795,3106,1497,1609,1773,829,944,444,215,229,
6675,1778,868,910,3108,1520,1588,3552,1757,1795,3108,1498,1610,1775,829,946,444,215,229,
6680,1779,868,911,3112,1522,1590,3556,1758,1798,3110,1498,1612,1777,830,947,444,215,229,
6685,1780,869,911,3115,1524,1591,3559,1759,1800,3113,1501,1612,1777,830,947,445,216,229,
6690,1782,869,913,3115,1524,1591,3560,1759,1801,3115,1502,1613,1779,831,948,445,216,229,
6695,1783,870,913,3119,1526,1593,3564,1762,1802,3117,1504,1613,1781,831,950,445,216,229,
6700,1784,870,914,3122,1529,1593,3567,1764,1803,3120,1506,1614,1781,831,950,446,216,230,
6705,1786,871,915,3122,1529,1593,3568,1765,1803,3122,1507,1615,1783,832,951,446,216,230,
6710,1787,872,915,3126,1529,1597,3572,1768,1804,3124,1507,1617,1785,834,951,446,216,230,
6715,1788,873,915,3129,1530,1599,3575,1768,1807,3127,1508,1619,1785,834,951,447,216,231,
6720,1790,873,917,3129,1530,1599,3576,1769,1807,3129,1510,1619,1787,834,953,447,216,231,
6725,1791,873,918,3133,1532,1601,3580,1771,1809,3131,1510,1621,1789,834,955,447,216,231,
6730,1792,873,919,3136,1534,1602,3583,1771,1812,3134,1512,1622,1789,834,955,448,216,232,
6735,1794,873,921,3136,1534,1602,3584,1771,1813,3136,1513,1623,1791,834,957,448,216,232,
6740,1795,873,922,3140,1536,1604,3588,1771,1817,3138,1515,1623,1793,835,958,448,216,232,
6745,1796,873,923,3143,1537,1606,3591,1772,1819,3141,1517,1624,1793,835,958,449,217,232,
6750,1798,874,924,3143,1537,1606,3592,1772,1820,3143,1518,1625,1795,836,959,449,217,232,
6755,1799,874,925,3147,1537,1610,3596,1773,1823,3145,1519,1626,1797,837,960,449,217,232,
6760,1800,874,926,3150,1539,1611,3599,1774,1825,3148,1522,1626,1797,837,960,450,217,233,
6765,1802,876,926,3150,1539,1611,3600,1774,1826,3150,1522,1628,1799,839,960,450,217,233,
6770,1803,876,927,3154,1540,1614,3604,1774,1830,3152,1524,1628,1801,839,962,450,217,233,
6775,1804,877,927,3157,1542,1615,3607,1774,1833,3155,1526,1629,1801,839,962,451,217,234,
6780,1806,877,929,3157,1542,1615,3608,1774,1834,3157,1528,1629,1803,840,963,451,217,234,
6785,1807,877,930,3161,1545,1616,3612,1778,1834,3159,1529,1630,1805,840,965,451,217,234,
6790,1808,877,931,3164,1546,1618,3615,1779,1836,3162,1530,1632,1805,840,965,452,218,234,
6795,1810,877,933,3164,1546,1618,3616,1780,1836,3164,1530,1634,1807,840,967,452,218,234,
6800,1811,878,933,3168,1548,1620,3620,1783,1837,3166,1530,1636,1809,842,967,452,218,234,
6805,1812,878,934,3171,1548,1623,3623,1784,1839,3169,1531,1638,1809,842,967,453,218,235,
6810,1814,879,935,3171,1548,1623,3624,1784,1840,3171,1531,1640,1811,842,969,453,218,235,
6815,1815,880,935,3175,1548,1627,3628,1787,1841,3173,1532,1641,1813,843,970,453,218,235,
6820,1816,881,935,3178,1550,1628,3631,1789,1842,3176,1535,1641,1813,843,970,454,218,236,
6825,1818,882,936,3178,1550,1628,3632,1790,1842,3178,1536,1642,1815,844,971,454,218,236,
6830,1819,882,937,3182,1552,1630,3636,1793,1843,3180,1537,1643,1817,845,972,454,218,236,
6835,1820,883,937,3185,1554,1631,3639,1795,1844,3183,1539,1644,1817,845,972,455,218,237,
6840,1822,884,938,3185,1554,1631,3640,1796,1844,3185,1540,1645,1819,846,973,455,218,237,
6845,1823,884,939,3189,1555,1634,3644,1797,1847,3187,1540,1647,1821,848,973,455,218,237,
6850,1824,884,940,3192,1556,1636,3647,1798,1849,3190,1542,1648,1821,848,973,456,218,238,
6855,1826,885,941,3192,1556,1636,3648,1799,1849,3192,1543,1649,1823,849,974,456,218,238,
6860,1827,886,941,3196,1558,1638,3652,1800,1852,3194,1544,1650,1825,850,975,456,218,238,
6865,1828,886,942,3199,1559,1640,3655,1800,1855,3197,1545,1652,1825,850,975,457,219,238,
6870,1830,887,943,3199,1559,1640,3656,1801,1855,3199,1546,1653,1827,851,976,457,219,238,
6875,1831,887,944,3203,1560,1643,3660,1803,1857,3201,1547,1654,1829,851,978,457,219,238,
6880,1832,888,944,3206,1560,1646,3663,1804,1859,3204,1547,1657,1829,851,978,458,220,238,
6885,1834,889,945,3206,1560,1646,3664,1804,1860,3206,1548,1658,1831,852,979,458,220,238,
6890,1835,889,946,3210,1561,1649,3668,1807,1861,3208,1549,1659,1833,852,981,458,220,238,
6895,1836,889,947,3213,1564,1649,3671,1807,1864,3211,1551,1660,1833,852,981,459,221,238,
6900,1838,889,949,3213,1564,1649,3672,1807,1865,3213,1552,1661,1835,853,982,459,221,238,
6905,1839,890,949,3217,1565,1652,3676,1810,1866,3215,1553,1662,1837,855,982,459,221,238,
6910,1840,891,949,3220,1567,1653,3679,1811,1868,3218,1554,1664,1837,855,982,460,221,239,
6915,1842,893,949,3220,1567,1653,3680,1811,1869,3220,1556,1664,1839,856,983,460,221,239,
6920,1843,894,949,3224,1569,1655,3684,1813,1871,3222,1558,1664,1841,858,983,460,221,239,
6925,1844,895,949,3227,1572,1655,3687,1815,1872,3225,1559,1666,1841,858,983,461,222,239,
6930,1846,895,951,3227,1572,1655,3688,1816,1872,3227,1560,1667,1843,859,984,461,222,239,
6935,1847,895,952,3231,1574,1657,3692,1817,1875,3229,1561,1668,1845,860,985,461,222,239,
6940,1848,895,953,3234,1575,1659,3695,1818,1877,3232,1562,1670,1845,860,985,462,223,239,
6945,1850,897,953,3234,1575,1659,3696,1819,1877,3234,1562,1672,1847,862,985,462,223,239,
6950,1851,898,953,3238,1578,1660,3700,1821,1879,3236,1563,1673,1849,863,986,462,223,239,
6955,1852,898,954,3241,1580,1661,3703,1822,1881,3239,1565,1674,1849,863,986,463,223,240,
6960,1854,898,956,3241,1580,1661,3704,1822,1882,3241,1566,1675,1851,864,987,463,223,240,
6965,1855,898,957,3245,1582,1663,3708,1822,1886,3243,1567,1676,1853,864,989,463,223,240,
6970,1856,898,958,3248,1584,1664,3711,1823,1888,3246,1567,1679,1853,864,989,464,223,241,
6975,1858,900,958,3248,1584,1664,3712,1824,1888,3248,1569,1679,1855,866,989,464,223,241,
6980,1859,900,959,3252,1586,1666,3716,1825,1891,3250,1569,1681,1857,868,989,464,223,241,
6985,1860,900,960,3255,1588,1667,3719,1826,1893,3253,1570,1683,1857,868,989,465,224,241,
6990,1862,901,961,3255,1588,1667,3720,1827,1893,3255,1570,1685,1859,868,991,465,224,241,
6995,1863,901,962,3259,1589,1670,3724,1829,1895,3257,1571,1686,1861,870,991,465,224,241,
7000,1864,901,963,3262,1591,1671,3727,1830,1897,3260,1573,1687,1861,870,991,466,224,242,
7005,1866,903,963,3262,1591,1671,3728,1830,1898,3262,1575,1687,1863,871,992,466,224,242,
7010,1867,904,963,3266,1591,1675,3732,1833,1899,3264,1576,1688,1865,872,993,466,224,242,
7015,1868,905,963,3269,1594,1675,3735,1834,1901,3267,1577,1690,1865,872,993,467,225,242,
7020,1870,907,963,3269,1594,1675,3736,1835,1901,3269,1577,1692,1867,873,994,467,225,242,
7025,1871,907,964,3273,1596,1677,3740,1835,1905,3271,1578,1693,1869,874,995,467,225,242,
7030,1872,907,965,3276,1597,1679,3743,1836,1907,3274,1579,1695,1869,874,995,468,226,242,
7035,1874,907,967,3276,1597,1679,3744,1836,1908,3276,1580,1696,1871,875,996,468,226,242,
7040,1875,907,968,3280,1599,1681,3748,1839,1909,3278,1581,1697,1873,876,997,468,226,242,
7045,1876,907,969,3283,1601,1682,3751,1840,1911,3281,1581,1700,1873,876,997,469,227,242,
7050,1878,907,971,3283,1601,1682,3752,1840,1912,3283,1583,1700,1875,877,998,469,227,242,
7055,1879,907,972,3287,1603,1684,3756,1844,1912,3285,1584,1701,1877,878,999,469,227,242,
7060,1880,908,972,3290,1605,1685,3759,1845,1914,3288,1586,1702,1877,878,999,470,227,243,
7065,1882,909,973,3290,1605,1685,3760,1846,1914,3290,1587,1703,1879,878,1001,470,227,243,
7070,1883,909,974,3294,1609,1685,3764,1849,1915,3292,1588,1704,1881,879,1002,470,227,243,
7075,1884,910,974,3297,1611,1686,3767,1852,1915,3295,1590,1705,1881,879,1002,471,228,243,
7080,1886,911,975,3297,1611,1686,3768,1852,1916,3297,1591,1706,1883,880,1003,471,228,243,
7085,1887,911,976,3301,1615,1686,3772,1852,1920,3299,1592,1707,1885,880,1005,471,228,243,
7090,1888,912,976,3304,1615,1689,3775,1853,1922,3302,1592,1710,1885,880,1005,472,229,243,
7095,1890,914,976,3304,1615,1689,3776,1854,1922,3304,1592,1712,1887,880,1007,472,229,243,
7100,1891,914,977,3308,1617,1691,3780,1855,1925,3306,1593,1713,1889,881,1008,472,229,243,
7105,1892,915,977,3311,1618,1693,3783,1856,1927,3309,1595,1714,1889,881,1008,473,230,243,
7110,1894,915,979,3311,1618,1693,3784,1856,1928,3311,1595,1716,1891,883,1008,473,230,243,
7115,1895,916,979,3315,1619,1696,3788,1857,1931,3313,1597,1716,1893,884,1009,473,230,243,
7120,1896,916,980,3318,1622,1696,3791,1858,1933,3316,1598,1718,1893,884,1009,474,230,244,
7125,1898,917,981,3318,1622,1696,3792,1858,1934,3318,1599,1719,1895,884,1011,474,230,244,
7130,1899,917,982,3322,1625,1697,3796,1860,1936,3320,1600,1720,1897,886,1011,474,230,244,
7135,1900,917,983,3325,1625,1700,3799,1861,1938,3323,1602,1721,1897,886,1011,475,230,245,
7140,1902,918,984,3325,1625,1700,3800,1862,1938,3325,1602,1723,1899,887,1012,475,230,245,
7145,1903,919,984,3329,1627,1702,3804,1866,1938,3327,1603,1724,1901,888,1013,475,230,245,
7150,1904,919,985,3332,1628,1704,3807,1867,1940,3330,1604,1726,1901,888,1013,476,231,245,
7155,1906,919,987,3332,1628,1704,3808,1868,1940,3332,1606,1726,1903,889,1014,476,231,245,
7160,1907,920,987,3336,1631,1705,3812,1871,1941,3334,1606,1728,1905,890,1015,476,231,245,
7165,1908,921,987,3339,1634,1705,3815,1873,1942,3337,1608,1729,1905,890,1015,477,232,245,
7170,1910,922,988,3339,1634,1705,3816,1874,1942,3339,1608,1731,1907,892,1015,477,232,245,
7175,1911,922,989,3343,1636,1707,3820,1877,1943,3341,1609,1732,1909,893,1016,477,232,245,
7180,1912,922,990,3346,1637,1709,3823,1878,1945,3344,1611,1733,1909,893,1016,478,232,246,
7185,1914,923,991,3346,1637,1709,3824,1878,1946,3346,1612,1734,1911,895,1016,478,232,246,
7190,1915,923,992,3350,1639,1711,3828,1881,1947,3348,1613,1735,1913,895,1018,478,232,246,
7195,1916,924,992,3353,1639,1714,3831,1882,1949,3351,1614,1737,1913,895,1018,479,232,247,
7200,1918,925,993,3353,1639,1714,3832,1882,1950,3353,1615,1738,1915,896,1019,479,232,247,
7205,1919,926,993,3357,1640,1717,3836,1884,1952,3355,1617,1738,1917,897,1020,479,232,247,
7210,1920,927,993,3360,1642,1718,3839,1885,1954,3358,1618,1740,1917,897,1020,480,232,248,
7215,1922,927,995,3360,1642,1718,3840,1885,1955,3360,1618,1742,1919,897,1022,480,232,248,
7220,1923,928,995,3364,1643,1721,3844,1888,1956,3362,1619,1743,1921,898,1023,480,232,248,
7225,1924,929,995,3367,1644,1723,3847,1890,1957,3365,1621,1744,1921,898,1023,481,232,249,
7230,1926,930,996,3367,1644,1723,3848,1890,1958,3367,1622,1745,1923,899,1024,481,232,249,
7235,1927,930,997,3371,1645,1726,3852,1891,1961,3369,1623,1746,1925,899,1026,481,232,249,
7240,1928,930,998,3374,1647,1727,3855,1894,1961,3372,1623,1749,1925,899,1026,482,233,249,
7245,1930,932,998,3374,1647,1727,3856,1894,1962,3374,1624,1750,1927,900,1027,482,233,249,
7250,1931,932,999,3378,1649,1729,3860,1896,1964,3376,1625,1751,1929,900,1029,482,233,249,
7255,1932,933,999,3381,1651,1730,3863,1897,1966,3379,1626,1753,1929,900,1029,483,234,249,
7260,1934,934,1000,3381,1651,1730,3864,1898,1966,3381,1627,1754,1931,901,1030,483,234,249,
7265,1935,935,1000,3385,1652,1733,3868,1900,1968,3383,1629,1754,1933,903,1030,483,234,249,
7270,1936,935,1001,3388,1653,1735,3871,1900,1971,3386,1630,1756,1933,903,1030,484,234,250,
7275,1938,936,1002,3388,1653,1735,3872,1900,1972,3388,1631,1757,1935,903,1032,484,234,250,
7280,1939,936,1003,3392,1654,1738,3876,1903,1973,3390,1631,1759,1937,904,1033,484,234,250,
7285,1940,937,1003,3395,1655,1740,3879,1905,1974,3393,1632,1761,1937,904,1033,485,235,250,
7290,1942,939,1003,3395,1655,1740,3880,1906,1974,3395,1632,1763,1939,905,1034,485,235,250,
7295,1943,939,1004,3399,1659,1740,3884,1908,1976,3397,1632,1765,1941,907,1034,485,235,250,
7300,1944,939,1005,3402,1661,1741,3887,1910,1977,3400,1633,1767,1941,907,1034,486,235,251,
7305,1946,941,1005,3402,1661,1741,3888,1911,1977,3402,1634,1768,1943,908,1035,486,235,251,
7310,1947,941,1006,3406,1663,1743,3892,1913,1979,3404,1636,1768,1945,908,1037,486,235,251,
7315,1948,942,1006,3409,1665,1744,3895,1913,1982,3407,1637,1770,1945,908,1037,487,236,251,
7320,1950,943,1007,3409,1665,1744,3896,1913,1983,3409,1639,1770,1947,908,1039,487,236,251,
7325,1951,944,1007,3413,1666,1747,3900,1916,1984,3411,1640,1771,1949,910,1039,487,236,251,
7330,1952,945,1007,3416,1667,1749,3903,1917,1986,3414,1641,1773,1949,910,1039,488,237,251,
7335,1954,947,1007,3416,1667,1749,3904,1918,1986,3416,1642,1774,1951,911,1040,488,237,251,
7340,1955,948,1007,3420,1670,1750,3908,1920,1988,3418,1642,1776,1953,913,1040,488,237,251,
7345,1956,948,1008,3423,1672,1751,3911,1922,1989,3421,1644,1777,1953,913,1040,489,238,251,
7350,1958,949,1009,3423,1672,1751,3912,1922,1990,3423,1646,1777,1955,914,1041,489,238,251,
7355,1959,950,1009,3427,1673,1754,3916,1925,1991,3425,1647,1778,1957,915,1042,489,238,251,
7360,1960,951,1009,3430,1674,1756,3919,1926,1993,3428,1648,1780,1957,915,1042,490,238,252,
7365,1962,953,1009,3430,1674,1756,3920,1926,1994,3430,1649,1781,1959,915,1044,490,238,252,
7370,1963,953,1010,3434,1674,1760,3924,1927,1997,3432,1649,1783,1961,915,1046,490,238,252,
7375,1964,953,1011,3437,1676,1761,3927,1930,1997,3435,1650,1785,1961,915,1046,491,239,252,
7380,1966,955,1011,3437,1676,1761,3928,1930,1998,3437,1652,1785,1963,916,1047,491,239,252,
7385,1967,955,1012,3441,1677,1764,3932,1932,2000,3439,1653,1786,1965,916,1049,491,239,252,
7390,1968,956,1012,3444,1677,1767,3935,1933,2002,3442,1654,1788,1965,916,1049,492,239,253,
7395,1970,958,1012,3444,1677,1767,3936,1934,2002,3444,1656,1788,1967,918,1049,492,239,253,
7400,1971,958,1013,3448,1678,1770,3940,1935,2005,3446,1656,1790,1969,920,1049,492,239,253,
7405,1972,958,1014,3451,1680,1771,3943,1936,2007,3449,1657,1792,1969,920,1049,493,239,254,
7410,1974,959,1015,3451,1680,1771,3944,1936,2008,3451,1657,1794,1971,920,1051,493,239,254,
7415,1975,959,1016,3455,1682,1773,3948,1937,2011,3453,1657,1796,1973,920,1053,493,239,254,
7420,1976,960,1016,3458,1684,1774,3951,1938,2013,3456,1658,1798,1973,920,1053,494,240,254,
7425,1978,960,1018,3458,1684,1774,3952,1939,2013,3458,1660,1798,1975,922,1053,494,240,254,
7430,1979,960,1019,3462,1687,1775,3956,1940,2016,3460,1662,1798,1977,923,1054,494,240,254,
7435,1980,961,1019,3465,1689,1776,3959,1940,2019,3463,1663,1800,1977,923,1054,495,241,254,
7440,1982,961,1021,3465,1689,1776,3960,1941,2019,3465,1665,1800,1979,924,1055,495,241,254,
7445,1983,962,1021,3469,1692,1777,3964,1943,2021,3467,1666,1801,1981,925,1056,495,241,254,
7450,1984,963,1021,3472,1695,1777,3967,1946,2021,3470,1667,1803,1981,925,1056,496,241,255,
7455,1986,964,1022,3472,1695,1777,3968,1946,2022,3472,1668,1804,1983,926,1057,496,241,255,
7460,1987,964,1023,3476,1698,1778,3972,1948,2024,3474,1668,1806,1985,928,1057,496,241,255,
7465,1988,965,1023,3479,1698,1781,3975,1949,2026,3477,1669,1808,1985,928,1057,497,242,255,
7470,1990,966,1024,3479,1698,1781,3976,1950,2026,3479,1669,1810,1987,930,1057,497,242,255,
7475,1991,967,1024,3483,1699,1784,3980,1950,2030,3481,1669,1812,1989,931,1058,497,242,255,
7480,1992,967,1025,3486,1702,1784,3983,1950,2033,3484,1670,1814,1989,931,1058,498,243,255,
7485,1994,967,1027,3486,1702,1784,3984,1951,2033,3486,1671,1815,1991,931,1060,498,243,255,
7490,1995,968,1027,3490,1705,1785,3988,1952,2036,3488,1673,1815,1993,932,1061,498,243,255,
7495,1996,968,1028,3493,1706,1787,3991,1953,2038,3491,1673,1818,1993,932,1061,499,244,255,
7500,1998,970,1028,3493,1706,1787,3992,1953,2039,3493,1674,1819,1995,932,1063,499,244,255,
7505,1999,971,1028,3497,1708,1789,3996,1955,2041,3495,1676,1819,1997,933,1064,499,244,255,
7510,2000,972,1028,3500,1710,1790,3999,1957,2042,3498,1677,1821,1997,933,1064,500,245,255,
7515,2002,972,1030,3500,1710,1790,4000,1957,2043,3500,1679,1821,1999,933,1066,500,245,255,
7520,2003,972,1031,3504,1714,1790,4004,1959,2045,3502,1680,1822,2001,934,1067,500,245,255,
7525,2004,972,1032,3507,1716,1791,4007,1961,2046,3505,1681,1824,2001,934,1067,501,245,256,
7530,2006,973,1033,3507,1716,1791,4008,1961,2047,3507,1681,1826,2003,936,1067,501,245,256,
7535,2007,973,1034,3511,1719,1792,4012,1962,2050,3509,1683,1826,2005,937,1068,501,245,256,
7540,2008,974,1034,3514,1721,1793,4015,1964,2051,3512,1684,1828,2005,937,1068,502,245,257,
7545,2010,975,1035,3514,1721,1793,4016,1964,2052,3514,1686,1828,2007,938,1069,502,245,257,
7550,2011,975,1036,3518,1723,1795,4020,1966,2054,3516,1687,1829,2009,939,1070,502,245,257,
7555,2012,976,1036,3521,1725,1796,4023,1967,2056,3519,1689,1830,2009,939,1070,503,246,257,
7560,2014,978,1036,3521,1725,1796,4024,1967,2057,3521,1690,1831,2011,939,1072,503,246,257,
7565,2015,979,1036,3525,1728,1797,4028,1969,2059,3523,1691,1832,2013,940,1073,503,246,257,
7570,2016,980,1036,3528,1730,1798,4031,1970,2061,3526,1693,1833,2013,940,1073,504,247,257,
7575,2018,980,1038,3528,1730,1798,4032,1971,2061,3528,1695,1833,2015,941,1074,504,247,257,
7580,2019,981,1038,3532,1734,1798,4036,1974,2062,3530,1696,1834,2017,943,1074,504,247,257,
7585,2020,982,1038,3535,1735,1800,4039,1977,2062,3533,1697,1836,2017,943,1074,505,247,258,
7590,2022,982,1040,3535,1735,1800,4040,1977,2063,3535,1698,1837,2019,945,1074,505,247,258,
7595,2023,983,1040,3539,1738,1801,4044,1979,2065,3537,1699,1838,2021,946,1075,505,247,258,
7600,2024,984,1040,3542,1740,1802,4047,1982,2065,3540,1702,1838,2021,946,1075,506,247,259,
7605,2026,985,1041,3542,1740,1802,4048,1983,2065,3542,1703,1839,2023,947,1076,506,247,259,
7610,2027,986,1041,3546,1741,1805,4052,1984,2068,3544,1704,1840,2025,947,1078,506,247,259,
7615,2028,987,1041,3549,1741,1808,4055,1985,2070,3547,1706,1841,2025,947,1078,507,248,259,
7620,2030,988,1042,3549,1741,1808,4056,1985,2071,3549,1707,1842,2027,949,1078,507,248,259,
7625,2031,988,1043,3553,1743,1810,4060,1987,2073,3551,1709,1842,2029,950,1079,507,248,259,
7630,2032,989,1043,3556,1744,1812,4063,1989,2074,3554,1710,1844,2029,950,1079,508,249,259,
7635,2034,991,1043,3556,1744,1812,4064,1990,2074,3556,1711,1845,2031,950,1081,508,249,259,
7640,2035,992,1043,3560,1746,1814,4068,1992,2076,3558,1711,1847,2033,952,1081,508,249,259,
7645,2036,992,1044,3563,1746,1817,4071,1993,2078,3561,1713,1848,2033,952,1081,509,250,259,
7650,2038,993,1045,3563,1746,1817,4072,1994,2078,3563,1714,1849,2035,953,1082,509,250,259,
7655,2039,994,1045,3567,1748,1819,4076,1995,2081,3565,1715,1850,2037,955,1082,509,250,259,
7660,2040,995,1045,3570,1749,1821,4079,1996,2083,3568,1716,1852,2037,955,1082,510,250,260,
7665,2042,996,1046,3570,1749,1821,4080,1996,2084,3570,1716,1854,2039,955,1084,510,250,260,
7670,2043,996,1047,3574,1753,1821,4084,2000,2084,3572,1716,1856,2041,956,1085,510,250,260,
7675,2044,997,1047,3577,1755,1822,4087,2002,2085,3575,1718,1857,2041,956,1085,511,250,261,
7680,2046,998,1048,3577,1755,1822,4088,2002,2086,3577,1718,1859,2043,957,1086,511,250,261,
7685,2047,999,1048,3581,1758,1823,4092,2006,2086,3579,1718,1861,2045,958,1087,511,250,261,
7690,2048,999,1049,3584,1761,1823,4095,2007,2088,3582,1719,1863,2045,958,1087,512,250,262,
7695,2050,1000,1050,3584,1761,1823,4096,2008,2088,3584,1720,1864,2047,960,1087,512,250,262,
7700,2051,1000,1051,3588,1764,1824,4100,2008,2092,3586,1722,1864,2049,961,1088,512,250,262,
7705,2052,1000,1052,3591,1764,1827,4103,2010,2093,3589,1722,1867,2049,961,1088,513,251,262,
7710,2054,1000,1054,3591,1764,1827,4104,2011,2093,3591,1723,1868,2051,962,1089,513,251,262,
7715,2055,1001,1054,3595,1767,1828,4108,2012,2096,3593,1723,1870,2053,963,1090,513,251,262,
7720,2056,1001,1055,3598,1767,1831,4111,2013,2098,3596,1725,1871,2053,963,1090,514,251,263,
7725,2058,1001,1057,3598,1767,1831,4112,2014,2098,3598,1725,1873,2055,964,1091,514,251,263,
7730,2059,1002,1057,3602,1770,1832,4116,2015,2101,3600,1726,1874,2057,964,1093,514,251,263,
7735,2060,1003,1057,3605,1771,1834,4119,2017,2102,3603,1727,1876,2057,964,1093,515,251,264,
7740,2062,1004,1058,3605,1771,1834,4120,2017,2103,3605,1728,1877,2059,966,1093,515,251,264,
7745,2063,1005,1058,3609,1773,1836,4124,2019,2105,3607,1729,1878,2061,968,1093,515,251,264,
7750,2064,1006,1058,3612,1776,1836,4127,2021,2106,3610,1732,1878,2061,968,1093,516,252,264,
7755,2066,1006,1060,3612,1776,1836,4128,2021,2107,3612,1733,1879,2063,970,1093,516,252,264,
7760,2067,1006,1061,3616,1778,1838,4132,2023,2109,3614,1735,1879,2065,971,1094,516,252,264,
7765,2068,1007,1061,3619,1780,1839,4135,2024,2111,3617,1738,1879,2065,971,1094,517,252,265,
7770,2070,1008,1062,3619,1780,1839,4136,2025,2111,3619,1740,1879,2067,972,1095,517,252,265,
7775,2071,1008,1063,3623,1782,1841,4140,2027,2113,3621,1740,1881,2069,973,1096,517,252,265,
7780,2072,1009,1063,3626,1785,1841,4143,2029,2114,3624,1742,1882,2069,973,1096,518,253,265,
7785,2074,1010,1064,3626,1785,1841,4144,2030,2114,3626,1743,1883,2071,973,1098,518,253,265,
7790,2075,1011,1064,3630,1785,1845,4148,2032,2116,3628,1744,1884,2073,973,1100,518,253,265,
7795,2076,1012,1064,3633,1787,1846,4151,2032,2119,3631,1746,1885,2073,973,1100,519,254,265,
7800,2078,1013,1065,3633,1787,1846,4152,2033,2119,3633,1747,1886,2075,975,1100,519,254,265,
7805,2079,1014,1065,3637,1790,1847,4156,2035,2121,3635,1748,1887,2077,976,1101,519,254,265,
7810,2080,1015,1065,3640,1792,1848,4159,2037,2122,3638,1750,1888,2077,976,1101,520,254,266,
7815,2082,1016,1066,3640,1792,1848,4160,2037,2123,3640,1751,1889,2079,977,1102,520,254,266,
7820,2083,1016,1067,3644,1795,1849,4164,2041,2123,3642,1753,1889,2081,978,1103,520,254,266,
7825,2084,1017,1067,3647,1797,1850,4167,2043,2124,3645,1755,1890,2081,978,1103,521,254,267,
7830,2086,1019,1067,3647,1797,1850,4168,2043,2125,3647,1757,1890,2083,979,1104,521,254,267,
7835,2087,1019,1068,3651,1800,1851,4172,2045,2127,3649,1758,1891,2085,981,1104,521,254,267,
7840,2088,1019,1069,3654,1801,1853,4175,2046,2129,3652,1759,1893,2085,981,1104,522,254,268,
7845,2090,1019,1071,3654,1801,1853,4176,2046,2130,3654,1759,1895,2087,982,1105,522,254,268,
7850,2091,1020,1071,3658,1802,1856,4180,2047,2133,3656,1759,1897,2089,983,1106,522,254,268,
7855,2092,1021,1071,3661,1805,1856,4183,2048,2135,3659,1759,1900,2089,983,1106,523,255,268,
7860,2094,1023,1071,3661,1805,1856,4184,2048,2136,3661,1760,1901,2091,984,1107,523,255,268,
7865,2095,1024,1071,3665,1808,1857,4188,2049,2139,3663,1762,1901,2093,986,1107,523,255,268,
7870,2096,1024,1072,3668,1809,1859,4191,2051,2140,3666,1762,1904,2093,986,1107,524,255,269,
7875,2098,1025,1073,3668,1809,1859,4192,2051,2141,3668,1763,1905,2095,988,1107,524,255,269,
7880,2099,1026,1073,3672,1811,1861,4196,2053,2143,3670,1763,1907,2097,989,1108,524,255,269,
7885,2100,1027,1073,3675,1812,1863,4199,2055,2144,3673,1764,1909,2097,989,1108,525,255,270,
7890,2102,1028,1074,3675,1812,1863,4200,2055,2145,3675,1765,1910,2099,990,1109,525,255,270,
7895,2103,1028,1075,3679,1814,1865,4204,2058,2146,3677,1766,1911,2101,991,1110,525,255,270,
7900,2104,1028,1076,3682,1816,1866,4207,2060,2147,3680,1767,1913,2101,991,1110,526,256,270,
7905,2106,1030,1076,3682,1816,1866,4208,2061,2147,3682,1768,1914,2103,991,1112,526,256,270,
7910,2107,1030,1077,3686,1819,1867,4212,2063,2149,3684,1769,1915,2105,993,1112,526,256,270,
7915,2108,1030,1078,3689,1821,1868,4215,2063,2152,3687,1771,1916,2105,993,1112,527,257,270,
7920,2110,1031,1079,3689,1821,1868,4216,2063,2153,3689,1773,1916,2107,994,1113,527,257,270,
7925,2111,1031,1080,3693,1825,1868,4220,2063,2157,3691,1773,1918,2109,994,1115,527,257,270,
7930,2112,1032,1080,3696,1826,1870,4223,2066,2157,3694,1773,1921,2109,994,1115,528,257,271,
7935,2114,1032,1082,3696,1826,1870,4224,2067,2157,3696,1775,1921,2111,995,1116,528,257,271,
7940,2115,1032,1083,3700,1828,1872,4228,2069,2159,3698,1777,1921,2113,995,1118,528,257,271,
7945,2116,1032,1084,3703,1831,1872,4231,2070,2161,3701,1778,1923,2113,995,1118,529,258,271,
7950,2118,1033,1085,3703,1831,1872,4232,2070,2162,3703,1780,1923,2115,997,1118,529,258,271,
7955,2119,1034,1085,3707,1833,1874,4236,2073,2163,3705,1780,1925,2117,999,1118,529,258,271,
7960,2120,1034,1086,3710,1835,1875,4239,2073,2166,3708,1782,1926,2117,999,1118,530,258,272,
7965,2122,1035,1087,3710,1835,1875,4240,2073,2167,3710,1784,1926,2119,1001,1118,530,258,272,
7970,2123,1035,1088,3714,1835,1879,4244,2075,2169,3712,1784,1928,2121,1002,1119,530,258,272,
7975,2124,1035,1089,3717,1837,1880,4247,2077,2170,3715,1786,1929,2121,1002,1119,531,259,272,
7980,2126,1037,1089,3717,1837,1880,4248,2077,2171,3717,1786,1931,2123,1003,1120,531,259,272,
7985,2127,1038,1089,3721,1838,1883,4252,2080,2172,3719,1787,1932,2125,1005,1120,531,259,272,
7990,2128,1038,1090,3724,1839,1885,4255,2082,2173,3722,1788,1934,2125,1005,1120,532,260,272,
7995,2130,1038,1092,3724,1839,1885,4256,2083,2173,3724,1788,1936,2127,1005,1122,532,260,272,
8000,2131,1038,1093,3728,1840,1888,4260,2084,2176,3726,1789,1937,2129,1006,1123,532,260,272,
8005,2132,1039,1093,3731,1841,1890,4263,2084,2179,3729,1792,1937,2129,1006,1123,533,261,272,
8010,2134,1039,1095,3731,1841,1890,4264,2085,2179,3731,1793,1938,2131,1008,1123,533,261,272,
8015,2135,1040,1095,3735,1842,1893,4268,2086,2182,3733,1793,1940,2133,1010,1123,533,261,272,
8020,2136,1040,1096,3738,1843,1895,4271,2088,2183,3736,1795,1941,2133,1010,1123,534,262,272,
8025,2138,1040,1098,3738,1843,1895,4272,2088,2184,3738,1797,1941,2135,1011,1124,534,262,272,
8030,2139,1041,1098,3742,1844,1898,4276,2089,2187,3740,1799,1941,2137,1012,1125,534,262,272,
8035,2140,1041,1099,3745,1846,1899,4279,2091,2188,3743,1801,1942,2137,1012,1125,535,262,273,
8040,2142,1042,1100,3745,1846,1899,4280,2091,2189,3745,1801,1944,2139,1013,1126,535,262,273,
8045,2143,1043,1100,3749,1847,1902,4284,2091,2193,3747,1802,1945,2141,1014,1127,535,262,273,
8050,2144,1043,1101,3752,1849,1903,4287,2093,2194,3750,1804,1946,2141,1014,1127,536,262,274,
8055,2146,1044,1102,3752,1849,1903,4288,2094,2194,3752,1805,1947,2143,1015,1128,536,262,274,
8060,2147,1044,1103,3756,1850,1906,4292,2096,2196,3754,1807,1947,2145,1016,1129,536,262,274,
8065,2148,1044,1104,3759,1852,1907,4295,2097,2198,3757,1807,1950,2145,1016,1129,537,263,274,
8070,2150,1044,1106,3759,1852,1907,4296,2098,2198,3759,1807,1952,2147,1018,1129,537,263,274,
8075,2151,1044,1107,3763,1855,1908,4300,2100,2200,3761,1809,1952,2149,1019,1130,537,263,274,
8080,2152,1044,1108,3766,1856,1910,4303,2100,2203,3764,1810,1954,2149,1019,1130,538,263,275,
8085,2154,1046,1108,3766,1856,1910,4304,2100,2204,3766,1811,1955,2151,1021,1130,538,263,275,
8090,2155,1046,1109,3770,1858,1912,4308,2103,2205,3768,1813,1955,2153,1022,1131,538,263,275,
8095,2156,1046,1110,3773,1858,1915,4311,2104,2207,3771,1813,1958,2153,1022,1131,539,264,275,
8100,2158,1047,1111,3773,1858,1915,4312,2104,2208,3773,1814,1959,2155,1022,1133,539,264,275,
8105,2159,1048,1111,3777,1858,1919,4316,2104,2212,3775,1816,1959,2157,1023,1134,539,264,275,
8110,2160,1049,1111,3780,1858,1922,4319,2105,2214,3778,1817,1961,2157,1023,1134,540,265,275,
8115,2162,1049,1113,3780,1858,1922,4320,2105,2215,3780,1817,1963,2159,1024,1135,540,265,275,
8120,2163,1050,1113,3784,1861,1923,4324,2107,2217,3782,1817,1965,2161,1024,1137,540,265,275,
8125,2164,1051,1113,3787,1863,1924,4327,2110,2217,3785,1817,1968,2161,1024,1137,541,265,276,
8130,2166,1052,1114,3787,1863,1924,4328,2110,2218,3787,1817,1970,2163,1025,1138,541,265,276,
8135,2167,1053,1114,3791,1865,1926,4332,2111,2221,3789,1818,1971,2165,1026,1139,541,265,276,
8140,2168,1054,1114,3794,1865,1929,4335,2113,2222,3792,1818,1974,2165,1026,1139,542,266,276,
8145,2170,1056,1114,3794,1865,1929,4336,2114,2222,3794,1818,1976,2167,1027,1140,542,266,276,
8150,2171,1056,1115,3798,1869,1929,4340,2115,2225,3796,1819,1977,2169,1028,1141,542,266,276,
8155,2172,1056,1116,3801,1871,1930,4343,2118,2225,3799,1821,1978,2169,1028,1141,543,266,277,
8160,2174,1057,1117,3801,1871,1930,4344,2118,2226,3801,1822,1979,2171,1029,1142,543,266,277,
8165,2175,1057,1118,3805,1873,1932,4348,2119,2229,3803,1824,1979,2173,1030,1143,543,266,277,
8170,2176,1057,1119,3808,1875,1933,4351,2120,2231,3806,1825,1981,2173,1030,1143,544,267,277,
8175,2178,1058,1120,3808,1875,1933,4352,2120,2232,3808,1826,1982,2175,1031,1144,544,267,277,
8180,2179,1058,1121,3812,1877,1935,4356,2122,2234,3810,1826,1984,2177,1033,1144,544,267,277,
8185,2180,1058,1122,3815,1879,1936,4359,2123,2236,3813,1828,1985,2177,1033,1144,545,267,278,
8190,2182,1059,1123,3815,1879,1936,4360,2123,2237,3815,1829,1986,2179,1034,1145,545,267,278,
8195,2183,1060,1123,3819,1881,1938,4364,2125,2239,3817,1830,1987,2181,1036,1145,545,267,278,
8200,2184,1060,1124,3822,1883,1939,4367,2128,2239,3820,1832,1988,2181,1036,1145,546,267,279,
8205,2186,1060,1126,3822,1883,1939,4368,2129,2239,3822,1833,1989,2183,1037,1146,546,267,279,
8210,2187,1060,1127,3826,1884,1942,4372,2130,2242,3824,1835,1989,2185,1039,1146,546,267,279,
8215,2188,1060,1128,3829,1886,1943,4375,2130,2245,3827,1835,1992,2185,1039,1146,547,268,279,
8220,2190,1062,1128,3829,1886,1943,4376,2130,2246,3829,1835,1994,2187,1041,1146,547,268,279,
8225,2191,1063,1128,3833,1889,1944,4380,2130,2250,3831,1837,1994,2189,1041,1148,547,268,279,
8230,2192,1063,1129,3836,1891,1945,4383,2132,2251,3834,1839,1995,2189,1041,1148,548,268,280,
8235,2194,1064,1130,3836,1891,1945,4384,2132,2252,3836,1840,1996,2191,1043,1148,548,268,280,
8240,2195,1064,1131,3840,1892,1948,4388,2134,2254,3838,1840,1998,2193,1045,1148,548,268,280,
8245,2196,1064,1132,3843,1894,1949,4391,2136,2255,3841,1842,1999,2193,1045,1148,549,269,280,
8250,2198,1064,1134,3843,1894,1949,4392,2136,2256,3843,1843,2000,2195,1045,1150,549,269,280,
8255,2199,1065,1134,3847,1895,1952,4396,2138,2258,3845,1843,2002,2197,1047,1150,549,269,280,
8260,2200,1066,1134,3850,1896,1954,4399,2141,2258,3848,1844,2004,2197,1047,1150,550,269,281,
8265,2202,1067,1135,3850,1896,1954,4400,2141,2259,3850,1846,2004,2199,1048,1151,550,269,281,
8270,2203,1068,1135,3854,1897,1957,4404,2144,2260,3852,1847,2005,2201,1050,1151,550,269,281,
8275,2204,1068,1136,3857,1898,1959,4407,2147,2260,3855,1849,2006,2201,1050,1151,551,270,281,
8280,2206,1068,1138,3857,1898,1959,4408,2148,2260,3857,1850,2007,2203,1051,1152,551,270,281,
8285,2207,1068,1139,3861,1900,1961,4412,2151,2261,3859,1852,2007,2205,1052,1153,551,270,281,
8290,2208,1068,1140,3864,1902,1962,4415,2153,2262,3862,1853,2009,2205,1052,1153,552,271,281,
8295,2210,1068,1142,3864,1902,1962,4416,2154,2262,3864,1855,2009,2207,1053,1154,552,271,281,
8300,2211,1069,1142,3868,1904,1964,4420,2156,2264,3866,1856,2010,2209,1053,1156,552,271,281,
8305,2212,1070,1142,3871,1906,1965,4423,2157,2266,3869,1856,2013,2209,1053,1156,553,271,282,
8310,2214,1071,1143,3871,1906,1965,4424,2157,2267,3871,1856,2015,2211,1054,1157,553,271,282,
8315,2215,1072,1143,3875,1908,1967,4428,2158,2270,3873,1857,2016,2213,1055,1158,553,271,282,
8320,2216,1072,1144,3878,1910,1968,4431,2161,2270,3876,1859,2017,2213,1055,1158,554,272,282,
8325,2218,1074,1144,3878,1910,1968,4432,2162,2270,3878,1861,2017,2215,1056,1159,554,272,282,
8330,2219,1075,1144,3882,1911,1971,4436,2164,2272,3880,1863,2017,2217,1057,1160,554,272,282,
8335,2220,1076,1144,3885,1914,1971,4439,2166,2273,3883,1863,2020,2217,1057,1160,555,272,283,
8340,2222,1077,1145,3885,1914,1971,4440,2166,2274,3885,1864,2021,2219,1059,1160,555,272,283,
8345,2223,1077,1146,3889,1916,1973,4444,2167,2277,3887,1865,2022,2221,1059,1162,555,272,283,
8350,2224,1077,1147,3892,1918,1974,4447,2168,2279,3890,1866,2024,2221,1059,1162,556,272,284,
8355,2226,1077,1149,3892,1918,1974,4448,2168,2280,3892,1868,2024,2223,1060,1163,556,272,284,
8360,2227,1077,1150,3896,1920,1976,4452,2169,2283,3894,1869,2025,2225,1061,1164,556,272,284,
8365,2228,1077,1151,3899,1921,1978,4455,2170,2285,3897,1870,2027,2225,1061,1164,557,272,285,
8370,2230,1078,1152,3899,1921,1978,4456,2170,2286,3899,1871,2028,2227,1062,1165,557,272,285,
8375,2231,1078,1153,3903,1922,1981,4460,2172,2288,3901,1873,2028,2229,1063,1166,557,272,285,
8380,2232,1078,1154,3906,1924,1982,4463,2173,2290,3904,1873,2031,2229,1063,1166,558,272,286,
8385,2234,1079,1155,3906,1924,1982,4464,2174,2290,3906,1874,2032,2231,1063,1168,558,272,286,
8390,2235,1080,1155,3910,1925,1985,4468,2175,2293,3908,1876,2032,2233,1064,1169,558,272,286,
8395,2236,1081,1155,3913,1927,1986,4471,2178,2293,3911,1878,2033,2233,1064,1169,559,273,286,
8400,2238,1083,1155,3913,1927,1986,4472,2179,2293,3913,1879,2034,2235,1064,1171,559,273,286,
8405,2239,1084,1155,3917,1929,1988,4476,2181,2295,3915,1880,2035,2237,1064,1173,559,273,286,
8410,2240,1084,1156,3920,1930,1990,4479,2183,2296,3918,1881,2037,2237,1064,1173,560,274,286,
8415,2242,1084,1158,3920,1930,1990,4480,2183,2297,3920,1882,2038,2239,1065,1174,560,274,286,
8420,2243,1084,1159,3924,1932,1992,4484,2184,2300,3922,1882,2040,2241,1065,1176,560,274,286,
8425,2244,1084,1160,3927,1932,1995,4487,2185,2302,3925,1883,2042,2241,1065,1176,561,275,286,
8430,2246,1084,1162,3927,1932,1995,4488,2185,2303,3927,1883,2044,2243,1066,1177,561,275,286,
8435,2247,1085,1162,3931,1933,1998,4492,2188,2304,3929,1884,2045,2245,1067,1178,561,275,286,
8440,2248,1085,1163,3934,1934,2000,4495,2190,2305,3932,1885,2047,2245,1067,1178,562,276,286,
8445,2250,1086,1164,3934,1934,2000,4496,2191,2305,3934,1886,2048,2247,1068,1179,562,276,286,
8450,2251,1086,1165,3938,1934,2004,4500,2194,2306,3936,1887,2049,2249,1069,1180,562,276,286,
8455,2252,1087,1165,3941,1936,2005,4503,2195,2308,3939,1889,2050,2249,1069,1180,563,277,286,
8460,2254,1088,1166,3941,1936,2005,4504,2195,2309,3941,1889,2052,2251,1070,1181,563,277,286,
8465,2255,1088,1167,3945,1939,2006,4508,2196,2312,3943,1889,2054,2253,1071,1182,563,277,286,
8470,2256,1089,1167,3948,1941,2007,4511,2197,2314,3946,1890,2056,2253,1071,1182,564,277,287,
8475,2258,1090,1168,3948,1941,2007,4512,2198,2314,3948,1892,2056,2255,1073,1182,564,277,287,
8480,2259,1091,1168,3952,1942,2010,4516,2201,2315,3950,1892,2058,2257,1073,1184,564,277,287,
8485,2260,1091,1169,3955,1945,2010,4519,2202,2317,3953,1893,2060,2257,1073,1184,565,278,287,
8490,2262,1092,1170,3955,1945,2010,4520,2203,2317,3955,1894,2061,2259,1074,1185,565,278,287,
8495,2263,1092,1171,3959,1945,2014,4524,2205,2319,3957,1896,2061,2261,1074,1187,565,278,287,
8500,2264,1092,1172,3962,1948,2014,4527,2207,2320,3960,1897,2063,2261,1074,1187,566,279,287,
8505,2266,1093,1173,3962,1948,2014,4528,2208,2320,3962,1899,2063,2263,1074,1189,566,279,287,
8510,2267,1093,1174,3966,1949,2017,4532,2210,2322,3964,1899,2065,2265,1075,1190,566,279,287,
8515,2268,1093,1175,3969,1951,2018,4535,2212,2323,3967,1901,2066,2265,1075,1190,567,280,287,
8520,2270,1093,1177,3969,1951,2018,4536,2213,2323,3969,1902,2067,2267,1077,1190,567,280,287,
8525,2271,1093,1178,3973,1954,2019,4540,2215,2325,3971,1904,2067,2269,1077,1192,567,280,287,
8530,2272,1093,1179,3976,1956,2020,4543,2217,2326,3974,1905,2069,2269,1077,1192,568,280,288,
8535,2274,1094,1180,3976,1956,2020,4544,2218,2326,3976,1907,2069,2271,1079,1192,568,280,288,
8540,2275,1095,1180,3980,1956,2024,4548,2219,2329,3978,1908,2070,2273,1079,1194,568,280,288,
8545,2276,1096,1180,3983,1956,2027,4551,2220,2331,3981,1910,2071,2273,1079,1194,569,280,289,
8550,2278,1097,1181,3983,1956,2027,4552,2221,2331,3983,1912,2071,2275,1081,1194,569,280,289,
8555,2279,1097,1182,3987,1959,2028,4556,2223,2333,3985,1913,2072,2277,1083,1194,569,280,289,
8560,2280,1098,1182,3990,1960,2030,4559,2225,2334,3988,1915,2073,2277,1083,1194,570,280,290,
8565,2282,1099,1183,3990,1960,2030,4560,2225,2335,3990,1915,2075,2279,1084,1195,570,280,290,
8570,2283,1100,1183,3994,1961,2033,4564,2227,2337,3992,1917,2075,2281,1085,1196,570,280,290,
8575,2284,1101,1183,3997,1961,2036,4567,2227,2340,3995,1917,2078,2281,1085,1196,571,280,291,
8580,2286,1102,1184,3997,1961,2036,4568,2227,2341,3997,1919,2078,2283,1086,1197,571,280,291,
8585,2287,1102,1185,4001,1963,2038,4572,2229,2343,3999,1920,2079,2285,1088,1197,571,280,291,
8590,2288,1103,1185,4004,1964,2040,4575,2232,2343,4002,1921,2081,2285,1088,1197,572,280,292,
8595,2290,1105,1185,4004,1964,2040,4576,2232,2344,4004,1921,2083,2287,1089,1198,572,280,292,
8600,2291,1106,1185,4008,1965,2043,4580,2232,2348,4006,1922,2084,2289,1091,1198,572,280,292,
8605,2292,1107,1185,4011,1965,2046,4583,2234,2349,4009,1924,2085,2289,1091,1198,573,281,292,
8610,2294,1107,1187,4011,1965,2046,4584,2234,2350,4011,1924,2087,2291,1092,1199,573,281,292,
8615,2295,1107,1188,4015,1968,2047,4588,2236,2352,4013,1925,2088,2293,1093,1200,573,281,292,
8620,2296,1107,1189,4018,1969,2049,4591,2237,2354,4016,1928,2088,2293,1093,1200,574,281,293,
8625,2298,1107,1191,4018,1969,2049,4592,2238,2354,4018,1929,2089,2295,1093,1202,574,281,293,
8630,2299,1107,1192,4022,1972,2050,4596,2240,2356,4020,1929,2091,2297,1094,1203,574,281,293,
8635,2300,1107,1193,4025,1974,2051,4599,2242,2357,4023,1931,2092,2297,1094,1203,575,281,294,
8640,2302,1108,1194,4025,1974,2051,4600,2243,2357,4025,1931,2094,2299,1095,1204,575,281,294,
8645,2303,1108,1195,4029,1977,2052,4604,2245,2359,4027,1931,2096,2301,1095,1206,575,281,294,
8650,2304,1108,1196,4032,1980,2052,4607,2247,2360,4030,1932,2098,2301,1095,1206,576,282,294,
8655,2306,1109,1197,4032,1980,2052,4608,2248,2360,4032,1932,2100,2303,1096,1207,576,282,294,
8660,2307,1110,1197,4036,1982,2054,4612,2249,2363,4034,1934,2100,2305,1097,1208,576,282,294,
8665,2308,1110,1198,4039,1983,2056,4615,2252,2363,4037,1936,2101,2305,1097,1208,577,282,295,
8670,2310,1112,1198,4039,1983,2056,4616,2253,2363,4039,1937,2102,2307,1098,1209,577,282,295,
8675,2311,1112,1199,4043,1986,2057,4620,2255,2365,4041,1938,2103,2309,1099,1210,577,282,295,
8680,2312,1113,1199,4046,1987,2059,4623,2256,2367,4044,1940,2104,2309,1099,1210,578,283,295,
8685,2314,1113,1201,4046,1987,2059,4624,2256,2368,4046,1941,2105,2311,1099,1212,578,283,295,
8690,2315,1113,1202,4050,1989,2061,4628,2259,2369,4048,1942,2106,2313,1100,1213,578,283,295,
8695,2316,1114,1202,4053,1990,2063,4631,2261,2370,4051,1944,2107,2313,1100,1213,579,283,296,
8700,2318,1115,1203,4053,1990,2063,4632,2262,2370,4053,1946,2107,2315,1101,1214,579,283,296,
8705,2319,1115,1204,4057,1991,2066,4636,2265,2371,4055,1947,2108,2317,1102,1215,579,283,296,
8710,2320,1116,1204,4060,1993,2067,4639,2268,2371,4058,1948,2110,2317,1102,1215,580,284,296,
8715,2322,1116,1206,4060,1993,2067,4640,2269,2371,4060,1949,2111,2319,1103,1216,580,284,296,
8720,2323,1117,1206,4064,1995,2069,4644,2272,2372,4062,1950,2112,2321,1104,1217,580,284,296,
8725,2324,1118,1206,4067,1996,2071,4647,2274,2373,4065,1951,2114,2321,1104,1217,581,284,297,
8730,2326,1120,1206,4067,1996,2071,4648,2274,2374,4067,1953,2114,2323,1105,1218,581,284,297,
8735,2327,1120,1207,4071,2000,2071,4652,2276,2376,4069,1955,2114,2325,1106,1219,581,284,297,
8740,2328,1121,1207,4074,2001,2073,4655,2278,2377,4072,1956,2116,2325,1106,1219,582,285,297,
8745,2330,1121,1209,4074,2001,2073,4656,2279,2377,4074,1957,2117,2327,1107,1220,582,285,297,
8750,2331,1122,1209,4078,2003,2075,4660,2281,2379,4076,1958,2118,2329,1109,1220,582,285,297,
8755,2332,1123,1209,4081,2006,2075,4663,2283,2380,4079,1958,2121,2329,1109,1220,583,286,297,
8760,2334,1125,1209,4081,2006,2075,4664,2284,2380,4081,1960,2121,2331,1110,1221,583,286,297,
8765,2335,1125,1210,4085,2007,2078,4668,2285,2383,4083,1960,2123,2333,1110,1223,583,286,297,
8770,2336,1126,1210,4088,2007,2081,4671,2285,2386,4086,1962,2124,2333,1110,1223,584,286,298,
8775,2338,1127,1211,4088,2007,2081,4672,2285,2387,4088,1964,2124,2335,1110,1225,584,286,298,
8780,2339,1128,1211,4092,2009,2083,4676,2287,2389,4090,1965,2125,2337,1110,1227,584,286,298,
8785,2340,1128,1212,4095,2011,2084,4679,2289,2390,4093,1967,2126,2337,1110,1227,585,287,298,
8790,2342,1129,1213,4095,2011,2084,4680,2290,2390,4095,1967,2128,2339,1110,1229,585,287,298,
8795,2343,1130,1213,4099,2012,2087,4684,2291,2393,4097,1969,2128,2341,1112,1229,585,287,298,
8800,2344,1130,1214,4102,2014,2088,4687,2293,2394,4100,1972,2128,2341,1112,1229,586,287,299,
8805,2346,1131,1215,4102,2014,2088,4688,2293,2395,4102,1972,2130,2343,1112,1231,586,287,299,
8810,2347,1131,1216,4106,2016,2090,4692,2294,2398,4104,1973,2131,2345,1112,1233,586,287,299,
8815,2348,1132,1216,4109,2017,2092,4695,2295,2400,4107,1976,2131,2345,1112,1233,587,288,299,
8820,2350,1134,1216,4109,2017,2092,4696,2295,2401,4109,1978,2131,2347,1113,1234,587,288,299,
8825,2351,1135,1216,4113,2019,2094,4700,2296,2404,4111,1980,2131,2349,1114,1235,587,288,299,
8830,2352,1135,1217,4116,2021,2095,4703,2297,2406,4114,1982,2132,2349,1114,1235,588,288,300,
8835,2354,1137,1217,4116,2021,2095,4704,2298,2406,4116,1983,2133,2351,1115,1236,588,288,300,
8840,2355,1138,1217,4120,2023,2097,4708,2299,2409,4118,1984,2134,2353,1117,1236,588,288,300,
8845,2356,1138,1218,4123,2026,2097,4711,2300,2411,4121,1986,2135,2353,1117,1236,589,289,300,
8850,2358,1139,1219,4123,2026,2097,4712,2301,2411,4123,1986,2137,2355,1118,1237,589,289,300,
8855,2359,1139,1220,4127,2028,2099,4716,2303,2413,4125,1986,2139,2357,1120,1237,589,289,300,
8860,2360,1140,1220,4130,2029,2101,4719,2304,2415,4128,1989,2139,2357,1120,1237,590,289,301,
8865,2362,1140,1222,4130,2029,2101,4720,2304,2416,4130,1991,2139,2359,1120,1239,590,289,301,
8870,2363,1140,1223,4134,2030,2104,4724,2305,2419,4132,1991,2141,2361,1122,1239,590,289,301,
8875,2364,1141,1223,4137,2030,2107,4727,2306,2421,4135,1993,2142,2361,1122,1239,591,289,302,
8880,2366,1142,1224,4137,2030,2107,4728,2306,2422,4137,1995,2142,2363,1123,1240,591,289,302,
8885,2367,1142,1225,4141,2034,2107,4732,2308,2424,4139,1996,2143,2365,1123,1242,591,289,302,
8890,2368,1142,1226,4144,2036,2108,4735,2309,2426,4142,1998,2144,2365,1123,1242,592,290,302,
8895,2370,1143,1227,4144,2036,2108,4736,2309,2427,4144,1999,2145,2367,1124,1243,592,290,302,
8900,2371,1143,1228,4148,2039,2109,4740,2311,2429,4146,2000,2146,2369,1126,1243,592,290,302,
8905,2372,1144,1228,4151,2041,2110,4743,2314,2429,4149,2000,2149,2369,1126,1243,593,290,303,
8910,2374,1146,1228,4151,2041,2110,4744,2314,2430,4151,2002,2149,2371,1127,1244,593,290,303,
8915,2375,1146,1229,4155,2045,2110,4748,2315,2433,4153,2004,2149,2373,1128,1245,593,290,303,
8920,2376,1147,1229,4158,2047,2111,4751,2317,2434,4156,2005,2151,2373,1128,1245,594,291,303,
8925,2378,1149,1229,4158,2047,2111,4752,2318,2434,4158,2007,2151,2375,1128,1247,594,291,303,
8930,2379,1149,1230,4162,2051,2111,4756,2321,2435,4160,2008,2152,2377,1129,1248,594,291,303,
8935,2380,1149,1231,4165,2053,2112,4759,2321,2438,4163,2010,2153,2377,1129,1248,595,292,303,
8940,2382,1150,1232,4165,2053,2112,4760,2321,2439,4165,2010,2155,2379,1130,1249,595,292,303,
8945,2383,1151,1232,4169,2055,2114,4764,2324,2440,4167,2012,2155,2381,1131,1250,595,292,303,
8950,2384,1152,1232,4172,2056,2116,4767,2325,2442,4170,2014,2156,2381,1131,1250,596,293,303,
8955,2386,1152,1234,4172,2056,2116,4768,2325,2443,4172,2015,2157,2383,1131,1252,596,293,303,
8960,2387,1153,1234,4176,2058,2118,4772,2326,2446,4174,2017,2157,2385,1131,1254,596,293,303,
8965,2388,1153,1235,4179,2060,2119,4775,2327,2448,4177,2017,2160,2385,1131,1254,597,293,304,
8970,2390,1155,1235,4179,2060,2119,4776,2328,2448,4179,2019,2160,2387,1132,1255,597,293,304,
8975,2391,1155,1236,4183,2063,2120,4780,2329,2451,4181,2019,2162,2389,1133,1256,597,293,304,
8980,2392,1156,1236,4186,2063,2123,4783,2331,2452,4184,2020,2164,2389,1133,1256,598,294,304,
8985,2394,1157,1237,4186,2063,2123,4784,2331,2453,4186,2021,2165,2391,1134,1257,598,294,304,
8990,2395,1158,1237,4190,2064,2126,4788,2333,2455,4188,2021,2167,2393,1134,1259,598,294,304,
8995,2396,1158,1238,4193,2065,2128,4791,2335,2456,4191,2024,2167,2393,1134,1259,599,295,304,
9000,2398,1160,1238,4193,2065,2128,4792,2336,2456,4193,2025,2168,2395,1135,1260,599,295,304,
9005,2399,1161,1238,4197,2067,2130,4796,2338,2458,4195,2027,2168,2397,1136,1261,599,295,304,
9010,2400,1162,1238,4200,2069,2131,4799,2340,2459,4198,2028,2170,2397,1136,1261,600,295,305,
9015,2402,1163,1239,4200,2069,2131,4800,2340,2460,4200,2029,2171,2399,1137,1262,600,295,305,
9020,2403,1164,1239,4204,2069,2135,4804,2343,2461,4202,2029,2173,2401,1137,1264,600,295,305,
9025,2404,1165,1239,4207,2070,2137,4807,2345,2462,4205,2030,2175,2401,1137,1264,601,295,306,
9030,2406,1166,1240,4207,2070,2137,4808,2345,2463,4207,2032,2175,2403,1138,1265,601,295,306,
9035,2407,1166,1241,4211,2071,2140,4812,2347,2465,4209,2032,2177,2405,1140,1265,601,295,306,
9040,2408,1167,1241,4214,2072,2142,4815,2350,2465,4212,2034,2178,2405,1140,1265,602,296,306,
9045,2410,1168,1242,4214,2072,2142,4816,2350,2466,4214,2035,2179,2407,1140,1267,602,296,306,
9050,2411,1168,1243,4218,2076,2142,4820,2352,2468,4216,2037,2179,2409,1142,1267,602,296,306,
9055,2412,1168,1244,4221,2077,2144,4823,2352,2471,4219,2039,2180,2409,1142,1267,603,297,306,
9060,2414,1169,1245,4221,2077,2144,4824,2352,2472,4221,2039,2182,2411,1142,1269,603,297,306,
9065,2415,1170,1245,4225,2078,2147,4828,2354,2474,4223,2039,2184,2413,1143,1270,603,297,306,
9070,2416,1170,1246,4228,2078,2150,4831,2356,2475,4226,2040,2186,2413,1143,1270,604,298,306,
9075,2418,1171,1247,4228,2078,2150,4832,2357,2475,4228,2042,2186,2415,1143,1272,604,298,306,
9080,2419,1172,1247,4232,2081,2151,4836,2360,2476,4230,2044,2186,2417,1144,1273,604,298,306,
9085,2420,1173,1247,4235,2083,2152,4839,2362,2477,4233,2046,2187,2417,1144,1273,605,298,307,
9090,2422,1174,1248,4235,2083,2152,4840,2362,2478,4235,2047,2188,2419,1145,1274,605,298,307,
9095,2423,1175,1248,4239,2086,2153,4844,2362,2482,4237,2048,2189,2421,1146,1275,605,298,307,
9100,2424,1175,1249,4242,2088,2154,4847,2362,2485,4240,2049,2191,2421,1146,1275,606,298,308,
9105,2426,1176,1250,4242,2088,2154,4848,2363,2485,4242,2050,2192,2423,1146,1277,606,298,308,
9110,2427,1176,1251,4246,2091,2155,4852,2366,2486,4244,2051,2193,2425,1148,1277,606,298,308,
9115,2428,1177,1251,4249,2091,2158,4855,2367,2488,4247,2053,2194,2425,1148,1277,607,299,308,
9120,2430,1177,1253,4249,2091,2158,4856,2367,2489,4249,2054,2195,2427,1149,1278,607,299,308,
9125,2431,1177,1254,4253,2092,2161,4860,2368,2492,4251,2055,2196,2429,1150,1279,607,299,308,
9130,2432,1178,1254,4256,2094,2162,4863,2370,2493,4254,2057,2197,2429,1150,1279,608,300,308,
9135,2434,1179,1255,4256,2094,2162,4864,2371,2493,4256,2059,2197,2431,1151,1280,608,300,308,
9140,2435,1180,1255,4260,2095,2165,4868,2373,2495,4258,2061,2197,2433,1152,1281,608,300,308,
9145,2436,1180,1256,4263,2098,2165,4871,2373,2498,4261,2064,2197,2433,1152,1281,609,301,308,
9150,2438,1181,1257,4263,2098,2165,4872,2374,2498,4263,2066,2197,2435,1153,1282,609,301,308,
9155,2439,1182,1257,4267,2099,2168,4876,2375,2501,4265,2068,2197,2437,1154,1283,609,301,308,
9160,2440,1182,1258,4270,2101,2169,4879,2377,2502,4268,2070,2198,2437,1154,1283,610,302,308,
9165,2442,1183,1259,4270,2101,2169,4880,2377,2503,4270,2071,2199,2439,1155,1284,610,302,308,
9170,2443,1183,1260,4274,2104,2170,4884,2378,2506,4272,2071,2201,2441,1156,1285,610,302,308,
9175,2444,1183,1261,4277,2105,2172,4887,2379,2508,4275,2073,2202,2441,1156,1285,611,303,308,
9180,2446,1185,1261,4277,2105,2172,4888,2379,2509,4277,2074,2203,2443,1156,1287,611,303,308,
9185,2447,1186,1261,4281,2107,2174,4892,2380,2512,4279,2076,2203,2445,1157,1288,611,303,308,
9190,2448,1186,1262,4284,2109,2175,4895,2380,2515,4282,2077,2205,2445,1157,1288,612,303,309,
9195,2450,1187,1263,4284,2109,2175,4896,2381,2515,4284,2078,2206,2447,1159,1288,612,303,309,
9200,2451,1188,1263,4288,2112,2176,4900,2384,2516,4286,2079,2207,2449,1159,1290,612,303,309,
9205,2452,1189,1263,4291,2113,2178,4903,2386,2517,4289,2079,2210,2449,1159,1290,613,303,310,
9210,2454,1189,1265,4291,2113,2178,4904,2387,2517,4291,2079,2212,2451,1159,1292,613,303,310,
9215,2455,1189,1266,4295,2116,2179,4908,2389,2519,4293,2079,2214,2453,1160,1293,613,303,310,
9220,2456,1189,1267,4298,2117,2181,4911,2390,2521,4296,2080,2216,2453,1160,1293,614,304,310,
9225,2458,1190,1268,4298,2117,2181,4912,2391,2521,4298,2081,2217,2455,1162,1293,614,304,310,
9230,2459,1190,1269,4302,2120,2182,4916,2393,2523,4300,2082,2218,2457,1163,1294,614,304,310,
9235,2460,1190,1270,4305,2121,2184,4919,2394,2525,4303,2082,2221,2457,1163,1294,615,304,311,
9240,2462,1192,1270,4305,2121,2184,4920,2394,2526,4305,2082,2223,2459,1164,1295,615,304,311,
9245,2463,1192,1271,4309,2123,2186,4924,2396,2528,4307,2084,2223,2461,1166,1295,615,304,311,
9250,2464,1193,1271,4312,2124,2188,4927,2397,2530,4310,2086,2224,2461,1166,1295,616,305,311,
9255,2466,1195,1271,4312,2124,2188,4928,2398,2530,4312,2087,2225,2463,1168,1295,616,305,311,
9260,2467,1196,1271,4316,2124,2192,4932,2400,2532,4314,2088,2226,2465,1170,1295,616,305,311,
9265,2468,1196,1272,4319,2125,2194,4935,2402,2533,4317,2089,2228,2465,1170,1295,617,306,311,
9270,2470,1198,1272,4319,2125,2194,4936,2403,2533,4319,2090,2229,2467,1171,1296,617,306,311,
9275,2471,1199,1272,4323,2127,2196,4940,2406,2534,4321,2090,2231,2469,1172,1297,617,306,311,
9280,2472,1200,1272,4326,2127,2199,4943,2407,2536,4324,2092,2232,2469,1172,1297,618,306,312,
9285,2474,1200,1274,4326,2127,2199,4944,2408,2536,4326,2093,2233,2471,1172,1299,618,306,312,
9290,2475,1200,1275,4330,2129,2201,4948,2409,2539,4328,2094,2234,2473,1173,1300,618,306,312,
9295,2476,1200,1276,4333,2132,2201,4951,2410,2541,4331,2096,2235,2473,1173,1300,619,307,312,
9300,2478,1201,1277,4333,2132,2201,4952,2411,2541,4333,2097,2236,2475,1174,1301,619,307,312,
9305,2479,1202,1277,4337,2134,2203,4956,2414,2542,4335,2099,2236,2477,1176,1301,619,307,312,
9310,2480,1203,1277,4340,2135,2205,4959,2415,2544,4338,2099,2239,2477,1176,1301,620,308,312,
9315,2482,1203,1279,4340,2135,2205,4960,2416,2544,4340,2100,2240,2479,1178,1301,620,308,312,
9320,2483,1204,1279,4344,2137,2207,4964,2417,2547,4342,2100,2242,2481,1180,1301,620,308,312,
9325,2484,1204,1280,4347,2138,2209,4967,2417,2550,4345,2101,2244,2481,1180,1301,621,309,312,
9330,2486,1205,1281,4347,2138,2209,4968,2417,2551,4347,2101,2246,2483,1181,1302,621,309,312,
9335,2487,1205,1282,4351,2142,2209,4972,2419,2553,4349,2102,2247,2485,1181,1304,621,309,312,
9340,2488,1205,1283,4354,2144,2210,4975,2421,2554,4352,2103,2249,2485,1181,1304,622,310,312,
9345,2490,1206,1284,4354,2144,2210,4976,2421,2555,4354,2104,2250,2487,1181,1306,622,310,312,
9350,2491,1206,1285,4358,2146,2212,4980,2422,2558,4356,2105,2251,2489,1181,1308,622,310,312,
9355,2492,1207,1285,4361,2148,2213,4983,2422,2561,4359,2106,2253,2489,1181,1308,623,310,313,
9360,2494,1207,1287,4361,2148,2213,4984,2423,2561,4361,2107,2254,2491,1182,1309,623,310,313,
9365,2495,1208,1287,4365,2150,2215,4988,2424,2564,4363,2109,2254,2493,1182,1311,623,310,313,
9370,2496,1209,1287,4368,2151,2217,4991,2427,2564,4366,2112,2254,2493,1182,1311,624,310,314,
9375,2498,1209,1289,4368,2151,2217,4992,2428,2564,4368,2113,2255,2495,1183,1312,624,310,314,
9380,2499,1210,1289,4372,2154,2218,4996,2430,2566,4370,2113,2257,2497,1184,1313,624,310,314,
9385,2500,1210,1290,4375,2155,2220,4999,2432,2567,4373,2115,2258,2497,1184,1313,625,311,314,
9390,2502,1211,1291,4375,2155,2220,5000,2432,2568,4375,2115,2260,2499,1185,1314,625,311,314,
9395,2503,1211,1292,4379,2157,2222,5004,2435,2569,4377,2116,2261,2501,1185,1316,625,311,314,
9400,2504,1212,1292,4382,2158,2224,5007,2436,2571,4380,2118,2262,2501,1185,1316,626,312,314,
9405,2506,1214,1292,4382,2158,2224,5008,2436,2572,4382,2118,2264,2503,1186,1317,626,312,314,
9410,2507,1214,1293,4386,2160,2226,5012,2439,2573,4384,2120,2264,2505,1187,1318,626,312,314,
9415,2508,1215,1293,4389,2162,2227,5015,2439,2576,4387,2121,2266,2505,1187,1318,627,312,315,
9420,2510,1216,1294,4389,2162,2227,5016,2439,2577,4389,2123,2266,2507,1188,1319,627,312,315,
9425,2511,1217,1294,4393,2165,2228,5020,2441,2579,4391,2124,2267,2509,1189,1320,627,312,315,
9430,2512,1218,1294,4396,2166,2230,5023,2444,2579,4394,2124,2270,2509,1189,1320,628,313,315,
9435,2514,1220,1294,4396,2166,2230,5024,2445,2579,4396,2124,2272,2511,1189,1322,628,313,315,
9440,2515,1221,1294,4400,2169,2231,5028,2445,2583,4398,2125,2273,2513,1190,1323,628,313,315,
9445,2516,1221,1295,4403,2171,2232,5031,2448,2583,4401,2127,2274,2513,1190,1323,629,314,315,
9450,2518,1221,1297,4403,2171,2232,5032,2448,2584,4403,2127,2276,2515,1191,1324,629,314,315,
9455,2519,1221,1298,4407,2173,2234,5036,2450,2586,4405,2128,2277,2517,1191,1326,629,314,315,
9460,2520,1222,1298,4410,2176,2234,5039,2452,2587,4408,2129,2279,2517,1191,1326,630,315,315,
9465,2522,1224,1298,4410,2176,2234,5040,2453,2587,4410,2130,2280,2519,1191,1328,630,315,315,
9470,2523,1225,1298,4414,2178,2236,5044,2455,2589,4412,2130,2282,2521,1192,1329,630,315,315,
9475,2524,1226,1298,4417,2180,2237,5047,2456,2591,4415,2130,2285,2521,1192,1329,631,316,315,
9480,2526,1227,1299,4417,2180,2237,5048,2456,2592,4417,2131,2286,2523,1193,1330,631,316,315,
9485,2527,1227,1300,4421,2182,2239,5052,2458,2594,4419,2132,2287,2525,1193,1332,631,316,315,
9490,2528,1228,1300,4424,2184,2240,5055,2460,2595,4422,2134,2288,2525,1193,1332,632,316,316,
9495,2530,1230,1300,4424,2184,2240,5056,2460,2596,4424,2134,2290,2527,1194,1333,632,316,316,
9500,2531,1230,1301,4428,2186,2242,5060,2462,2598,4426,2136,2290,2529,1194,1335,632,316,316,
9505,2532,1230,1302,4431,2186,2245,5063,2463,2600,4429,2138,2291,2529,1194,1335,633,317,316,
9510,2534,1231,1303,4431,2186,2245,5064,2463,2601,4431,2140,2291,2531,1194,1337,633,317,316,
9515,2535,1232,1303,4435,2188,2247,5068,2465,2603,4433,2141,2292,2533,1195,1338,633,317,316,
9520,2536,1233,1303,4438,2189,2249,5071,2465,2606,4436,2143,2293,2533,1195,1338,634,317,317,
9525,2538,1235,1303,4438,2189,2249,5072,2465,2607,4438,2143,2295,2535,1196,1339,634,317,317,
9530,2539,1236,1303,4442,2191,2251,5076,2468,2608,4440,2144,2296,2537,1196,1341,634,317,317,
9535,2540,1237,1303,4445,2193,2252,5079,2469,2610,4443,2146,2297,2537,1196,1341,635,317,318,
9540,2542,1238,1304,4445,2193,2252,5080,2469,2611,4445,2147,2298,2539,1197,1342,635,317,318,
9545,2543,1238,1305,4449,2196,2253,5084,2471,2613,4447,2149,2298,2541,1198,1343,635,317,318,
9550,2544,1238,1306,4452,2196,2256,5087,2472,2615,4450,2151,2299,2541,1198,1343,636,318,318,
9555,2546,1238,1308,4452,2196,2256,5088,2473,2615,4452,2152,2300,2543,1200,1343,636,318,318,
9560,2547,1239,1308,4456,2198,2258,5092,2474,2618,4454,2153,2301,2545,1201,1344,636,318,318,
9565,2548,1240,1308,4459,2200,2259,5095,2476,2619,4457,2155,2302,2545,1201,1344,637,319,318,
9570,2550,1242,1308,4459,2200,2259,5096,2476,2620,4459,2157,2302,2547,1203,1344,637,319,318,
9575,2551,1243,1308,4463,2203,2260,5100,2478,2622,4461,2157,2304,2549,1203,1346,637,319,318,
9580,2552,1244,1308,4466,2204,2262,5103,2480,2623,4464,2157,2307,2549,1203,1346,638,320,318,
9585,2554,1245,1309,4466,2204,2262,5104,2481,2623,4466,2158,2308,2551,1204,1347,638,320,318,
9590,2555,1245,1310,4470,2205,2265,5108,2481,2627,4468,2159,2309,2553,1205,1348,638,320,318,
9595,2556,1246,1310,4473,2207,2266,5111,2483,2628,4471,2161,2310,2553,1205,1348,639,320,319,
9600,2558,1247,1311,4473,2207,2266,5112,2484,2628,4473,2163,2310,2555,1207,1348,639,320,319,
9605,2559,1248,1311,4477,2208,2269,5116,2485,2631,4475,2164,2311,2557,1208,1349,639,320,319,
9610,2560,1249,1311,4480,2209,2271,5119,2486,2633,4478,2164,2314,2557,1208,1349,640,321,319,
9615,2562,1251,1311,4480,2209,2271,5120,2486,2634,4480,2165,2315,2559,1210,1349,640,321,319,
9620,2563,1252,1311,4484,2212,2272,5124,2488,2636,4482,2166,2316,2561,1211,1350,640,321,319,
9625,2564,1252,1312,4487,2213,2274,5127,2490,2637,4485,2169,2316,2561,1211,1350,641,322,319,
9630,2566,1254,1312,4487,2213,2274,5128,2490,2638,4487,2170,2317,2563,1212,1351,641,322,319,
9635,2567,1255,1312,4491,2213,2278,5132,2491,2641,4489,2170,2319,2565,1214,1351,641,322,319,
9640,2568,1256,1312,4494,2215,2279,5135,2492,2643,4492,2171,2321,2565,1214,1351,642,322,320,
9645,2570,1257,1313,4494,2215,2279,5136,2492,2644,4494,2172,2322,2567,1216,1351,642,322,320,
9650,2571,1258,1313,4498,2216,2282,5140,2493,2647,4496,2172,2324,2569,1218,1351,642,322,320,
9655,2572,1258,1314,4501,2218,2283,5143,2494,2649,4499,2174,2325,2569,1218,1351,643,322,321,
9660,2574,1259,1315,4501,2218,2283,5144,2494,2650,4501,2176,2325,2571,1219,1352,643,322,321,
9665,2575,1259,1316,4505,2218,2287,5148,2497,2651,4503,2177,2326,2573,1220,1353,643,322,321,
9670,2576,1259,1317,4508,2219,2289,5151,2499,2652,4506,2177,2329,2573,1220,1353,644,323,321,
9675,2578,1259,1319,4508,2219,2289,5152,2500,2652,4508,2178,2330,2575,1220,1355,644,323,321,
9680,2579,1259,1320,4512,2222,2290,5156,2502,2654,4510,2178,2332,2577,1222,1355,644,323,321,
9685,2580,1259,1321,4515,2222,2293,5159,2504,2655,4513,2179,2334,2577,1222,1355,645,323,322,
9690,2582,1260,1322,4515,2222,2293,5160,2505,2655,4515,2180,2335,2579,1223,1356,645,323,322,
9695,2583,1260,1323,4519,2225,2294,5164,2507,2657,4517,2180,2337,2581,1223,1358,645,323,322,
9700,2584,1261,1323,4522,2227,2295,5167,2509,2658,4520,2182,2338,2581,1223,1358,646,324,322,
9705,2586,1261,1325,4522,2227,2295,5168,2509,2659,4522,2184,2338,2583,1224,1359,646,324,322,
9710,2587,1261,1326,4526,2227,2299,5172,2512,2660,4524,2185,2339,2585,1225,1360,646,324,322,
9715,2588,1262,1326,4529,2227,2302,5175,2515,2660,4527,2185,2342,2585,1225,1360,647,324,323,
9720,2590,1264,1326,4529,2227,2302,5176,2516,2660,4529,2186,2343,2587,1227,1360,647,324,323,
9725,2591,1265,1326,4533,2230,2303,5180,2518,2662,4531,2187,2344,2589,1229,1360,647,324,323,
9730,2592,1265,1327,4536,2232,2304,5183,2519,2664,4534,2189,2345,2589,1229,1360,648,325,323,
9735,2594,1265,1329,4536,2232,2304,5184,2520,2664,4536,2189,2347,2591,1231,1360,648,325,323,
9740,2595,1265,1330,4540,2235,2305,5188,2522,2666,4538,2191,2347,2593,1233,1360,648,325,323,
9745,2596,1266,1330,4543,2236,2307,5191,2522,2669,4541,2191,2350,2593,1233,1360,649,326,323,
9750,2598,1267,1331,4543,2236,2307,5192,2522,2670,4543,2192,2351,2595,1233,1362,649,326,323,
9755,2599,1267,1332,4547,2238,2309,5196,2522,2674,4545,2192,2353,2597,1235,1362,649,326,323,
9760,2600,1268,1332,4550,2240,2310,5199,2523,2676,4548,2194,2354,2597,1235,1362,650,326,324,
9765,2602,1268,1334,4550,2240,2310,5200,2523,2677,4550,2196,2354,2599,1235,1364,650,326,324,
9770,2603,1269,1334,4554,2241,2313,5204,2525,2679,4552,2196,2356,2601,1236,1365,650,326,324,
9775,2604,1269,1335,4557,2242,2315,5207,2525,2682,4555,2198,2357,2601,1236,1365,651,326,325,
9780,2606,1271,1335,4557,2242,2315,5208,2525,2683,4557,2199,2358,2603,1238,1365,651,326,325,
9785,2607,1272,1335,4561,2243,2318,5212,2527,2685,4559,2199,2360,2605,1239,1366,651,326,325,
9790,2608,1273,1335,4564,2244,2320,5215,2528,2687,4562,2200,2362,2605,1239,1366,652,327,325,
9795,2610,1275,1335,4564,2244,2320,5216,2528,2688,4564,2202,2362,2607,1240,1367,652,327,325,
9800,2611,1275,1336,4568,2247,2321,5220,2531,2689,4566,2202,2364,2609,1240,1369,652,327,325,
9805,2612,1275,1337,4571,2249,2322,5223,2532,2691,4569,2204,2365,2609,1240,1369,653,328,325,
9810,2614,1276,1338,4571,2249,2322,5224,2532,2692,4571,2205,2366,2611,1240,1371,653,328,325,
9815,2615,1276,1339,4575,2251,2324,5228,2533,2695,4573,2206,2367,2613,1241,1372,653,328,325,
9820,2616,1277,1339,4578,2251,2327,5231,2534,2697,4576,2208,2368,2613,1241,1372,654,328,326,
9825,2618,1279,1339,4578,2251,2327,5232,2534,2698,4578,2210,2368,2615,1241,1374,654,328,326,
9830,2619,1279,1340,4582,2251,2331,5236,2535,2701,4580,2211,2369,2617,1242,1375,654,328,326,
9835,2620,1279,1341,4585,2251,2334,5239,2536,2703,4583,2212,2371,2617,1242,1375,655,328,327,
9840,2622,1281,1341,4585,2251,2334,5240,2537,2703,4585,2214,2371,2619,1242,1377,655,328,327,
9845,2623,1282,1341,4589,2252,2337,5244,2538,2706,4587,2216,2371,2621,1242,1379,655,328,327,
9850,2624,1282,1342,4592,2254,2338,5247,2541,2706,4590,2216,2374,2621,1242,1379,656,329,327,
9855,2626,1284,1342,4592,2254,2338,5248,2541,2707,4592,2217,2375,2623,1243,1380,656,329,327,
9860,2627,1285,1342,4596,2254,2342,5252,2543,2709,4594,2217,2377,2625,1244,1381,656,329,327,
9865,2628,1286,1342,4599,2256,2343,5255,2544,2711,4597,2217,2380,2625,1244,1381,657,329,328,
9870,2630,1288,1342,4599,2256,2343,5256,2545,2711,4599,2219,2380,2627,1244,1383,657,329,328,
9875,2631,1289,1342,4603,2259,2344,5260,2548,2712,4601,2219,2382,2629,1245,1384,657,329,328,
9880,2632,1290,1342,4606,2262,2344,5263,2548,2715,4604,2221,2383,2629,1245,1384,658,329,329,
9885,2634,1291,1343,4606,2262,2344,5264,2549,2715,4606,2222,2384,2631,1246,1385,658,329,329,
9890,2635,1292,1343,4610,2264,2346,5268,2551,2717,4608,2222,2386,2633,1247,1386,658,329,329,
9895,2636,1293,1343,4613,2265,2348,5271,2551,2720,4611,2223,2388,2633,1247,1386,659,330,329,
9900,2638,1294,1344,4613,2265,2348,5272,2551,2721,4613,2223,2390,2635,1249,1386,659,330,329,
9905,2639,1295,1344,4617,2267,2350,5276,2553,2723,4615,2224,2391,2637,1250,1387,659,330,329,
9910,2640,1296,1344,4620,2268,2352,5279,2554,2725,4618,2226,2392,2637,1250,1387,660,330,330,
9915,2642,1297,1345,4620,2268,2352,5280,2554,2726,4620,2226,2394,2639,1250,1389,660,330,330,
9920,2643,1298,1345,4624,2271,2353,5284,2556,2728,4622,2228,2394,2641,1251,1390,660,330,330,
9925,2644,1298,1346,4627,2272,2355,5287,2558,2729,4625,2229,2396,2641,1251,1390,661,331,330,
9930,2646,1299,1347,4627,2272,2355,5288,2558,2730,4627,2230,2397,2643,1253,1390,661,331,330,
9935,2647,1300,1347,4631,2274,2357,5292,2560,2732,4629,2231,2398,2645,1254,1391,661,331,330,
9940,2648,1300,1348,4634,2275,2359,5295,2561,2734,4632,2234,2398,2645,1254,1391,662,332,330,
9945,2650,1302,1348,4634,2275,2359,5296,2561,2735,4634,2235,2399,2647,1255,1392,662,332,330,
9950,2651,1303,1348,4638,2276,2362,5300,2561,2739,4636,2236,2400,2649,1256,1393,662,332,330,
9955,2652,1303,1349,4641,2277,2364,5303,2562,2741,4639,2237,2402,2649,1256,1393,663,333,330,
9960,2654,1304,1350,4641,2277,2364,5304,2563,2741,4641,2237,2404,2651,1258,1393,663,333,330,
9965,2655,1305,1350,4645,2279,2366,5308,2565,2743,4643,2237,2406,2653,1259,1394,663,333,330,
9970,2656,1305,1351,4648,2280,2368,5311,2566,2745,4646,2238,2408,2653,1259,1394,664,334,330,
9975,2658,1307,1351,4648,2280,2368,5312,2566,2746,4648,2239,2409,2655,1259,1396,664,334,330,
9980,2659,1307,1352,4652,2281,2371,5316,2569,2747,4650,2240,2410,2657,1260,1397,664,334,330,
9985,2660,1307,1353,4655,2284,2371,5319,2571,2748,4653,2243,2410,2657,1260,1397,665,335,330,
9990,2662,1308,1354,4655,2284,2371,5320,2572,2748,4655,2245,2410,2659,1262,1397,665,335,330,
9995,2663,1309,1354,4659,2286,2373,5324,2576,2748,4657,2246,2411,2661,1264,1397,665,335,330,
10000,2664,1309,1355,4662,2287,2375,5327,2578,2749,4660,2246,2414,2661,1264,1397,666,335,331,
10005,2666,1309,1357,4662,2287,2375,5328,2578,2750,4662,2248,2414,2663,1265,1398,666,335,331,
10010,2667,1310,1357,4666,2287,2379,5332,2580,2752,4664,2249,2415,2665,1266,1399,666,335,331,
10015,2668,1311,1357,4669,2288,2381,5335,2582,2753,4667,2252,2415,2665,1266,1399,667,335,332,
10020,2670,1313,1357,4669,2288,2381,5336,2582,2754,4669,2252,2417,2667,1267,1400,667,335,332,
10025,2671,1313,1358,4673,2289,2384,5340,2585,2755,4671,2253,2418,2669,1267,1402,667,335,332,
10030,2672,1314,1358,4676,2290,2386,5343,2586,2757,4674,2255,2419,2669,1267,1402,668,335,333,
10035,2674,1314,1360,4676,2290,2386,5344,2586,2758,4676,2256,2420,2671,1268,1403,668,335,333,
10040,2675,1314,1361,4680,2291,2389,5348,2588,2760,4678,2256,2422,2673,1269,1404,668,335,333,
10045,2676,1314,1362,4683,2292,2391,5351,2590,2761,4681,2259,2422,2673,1269,1404,669,335,334,
10050,2678,1316,1362,4683,2292,2391,5352,2590,2762,4683,2260,2423,2675,1271,1404,669,335,334,
10055,2679,1317,1362,4687,2295,2392,5356,2591,2765,4685,2260,2425,2677,1271,1406,669,335,334,
10060,2680,1318,1362,4690,2296,2394,5359,2593,2766,4688,2262,2426,2677,1271,1406,670,336,334,
10065,2682,1318,1364,4690,2296,2394,5360,2594,2766,4690,2262,2428,2679,1272,1407,670,336,334,
10070,2683,1319,1364,4694,2297,2397,5364,2595,2769,4692,2263,2429,2681,1272,1409,670,336,334,
10075,2684,1319,1365,4697,2299,2398,5367,2596,2771,4695,2265,2430,2681,1272,1409,671,337,334,
10080,2686,1320,1366,4697,2299,2398,5368,2597,2771,4697,2266,2431,2683,1273,1410,671,337,334,
10085,2687,1320,1367,4701,2303,2398,5372,2598,2774,4699,2267,2432,2685,1275,1410,671,337,334,
10090,2688,1320,1368,4704,2303,2401,5375,2600,2775,4702,2270,2432,2685,1275,1410,672,337,335,
10095,2690,1320,1370,4704,2303,2401,5376,2601,2775,4704,2272,2432,2687,1276,1411,672,337,335,
10100,2691,1321,1370,4708,2306,2402,5380,2603,2777,4706,2273,2433,2689,1277,1412,672,337,335,
10105,2692,1322,1370,4711,2307,2404,5383,2604,2779,4709,2276,2433,2689,1277,1412,673,338,335,
10110,2694,1323,1371,4711,2307,2404,5384,2605,2779,4711,2277,2434,2691,1278,1413,673,338,335,
10115,2695,1323,1372,4715,2308,2407,5388,2607,2781,4713,2277,2436,2693,1279,1414,673,338,335,
10120,2696,1324,1372,4718,2309,2409,5391,2608,2783,4716,2277,2439,2693,1279,1414,674,339,335,
10125,2698,1326,1372,4718,2309,2409,5392,2608,2784,4718,2278,2440,2695,1279,1416,674,339,335,
10130,2699,1326,1373,4722,2311,2411,5396,2612,2784,4720,2280,2440,2697,1281,1416,674,339,335,
10135,2700,1326,1374,4725,2312,2413,5399,2614,2785,4723,2280,2443,2697,1281,1416,675,339,336,
10140,2702,1328,1374,4725,2312,2413,5400,2614,2786,4725,2281,2444,2699,1282,1417,675,339,336,
10145,2703,1328,1375,4729,2313,2416,5404,2617,2787,4727,2282,2445,2701,1282,1419,675,339,336,
10150,2704,1329,1375,4732,2314,2418,5407,2617,2790,4730,2283,2447,2701,1282,1419,676,340,336,
10155,2706,1330,1376,4732,2314,2418,5408,2618,2790,4732,2283,2449,2703,1283,1420,676,340,336,
10160,2707,1330,1377,4736,2317,2419,5412,2619,2793,4734,2283,2451,2705,1285,1420,676,340,336,
10165,2708,1330,1378,4739,2319,2420,5415,2620,2795,4737,2285,2452,2705,1285,1420,677,340,337,
10170,2710,1332,1378,4739,2319,2420,5416,2620,2796,4739,2285,2454,2707,1286,1421,677,340,337,
10175,2711,1332,1379,4743,2321,2422,5420,2623,2797,4741,2287,2454,2709,1286,1423,677,340,337,
10180,2712,1332,1380,4746,2323,2423,5423,2624,2799,4744,2287,2457,2709,1286,1423,678,341,337,
10185,2714,1332,1382,4746,2323,2423,5424,2624,2800,4746,2287,2459,2711,1286,1425,678,341,337,
10190,2715,1333,1382,4750,2325,2425,5428,2624,2804,4748,2289,2459,2713,1288,1425,678,341,337,
10195,2716,1333,1383,4753,2327,2426,5431,2625,2806,4751,2289,2462,2713,1288,1425,679,342,337,
10200,2718,1333,1385,4753,2327,2426,5432,2626,2806,4753,2291,2462,2715,1289,1426,679,342,337,
10205,2719,1334,1385,4757,2330,2427,5436,2627,2809,4755,2291,2464,2717,1291,1426,679,342,337,
10210,2720,1334,1386,4760,2330,2430,5439,2628,2811,4758,2293,2465,2717,1291,1426,680,342,338,
10215,2722,1334,1388,4760,2330,2430,5440,2629,2811,4760,2294,2466,2719,1292,1427,680,342,338,
10220,2723,1335,1388,4764,2333,2431,5444,2632,2812,4762,2295,2467,2721,1293,1428,680,342,338,
10225,2724,1335,1389,4767,2333,2434,5447,2633,2814,4765,2297,2468,2721,1293,1428,681,343,338,
10230,2726,1336,1390,4767,2333,2434,5448,2634,2814,4767,2298,2469,2723,1293,1430,681,343,338,
10235,2727,1337,1390,4771,2336,2435,5452,2635,2817,4769,2298,2471,2725,1294,1431,681,343,338,
10240,2728,1338,1390,4774,2338,2436,5455,2637,2818,4772,2299,2473,2725,1294,1431,682,344,338,
10245,2730,1339,1391,4774,2338,2436,5456,2637,2819,4774,2299,2475,2727,1295,1432,682,344,338,
10250,2731,1339,1392,4778,2339,2439,5460,2639,2821,4776,2300,2476,2729,1297,1432,682,344,338,
10255,2732,1340,1392,4781,2340,2441,5463,2639,2824,4779,2301,2478,2729,1297,1432,683,345,338,
10260,2734,1340,1394,4781,2340,2441,5464,2639,2825,4781,2302,2479,2731,1297,1434,683,345,338,
10265,2735,1341,1394,4785,2342,2443,5468,2642,2826,4783,2302,2481,2733,1299,1434,683,345,338,
10270,2736,1341,1395,4788,2342,2446,5471,2642,2829,4786,2303,2483,2733,1299,1434,684,346,338,
10275,2738,1342,1396,4788,2342,2446,5472,2642,2830,4788,2305,2483,2735,1300,1435,684,346,338,
10280,2739,1343,1396,4792,2343,2449,5476,2645,2831,4790,2306,2484,2737,1302,1435,684,346,338,
10285,2740,1344,1396,4795,2345,2450,5479,2648,2831,4793,2307,2486,2737,1302,1435,685,347,338,
10290,2742,1345,1397,4795,2345,2450,5480,2649,2831,4795,2308,2487,2739,1304,1435,685,347,338,
10295,2743,1345,1398,4799,2348,2451,5484,2652,2832,4797,2308,2489,2741,1305,1436,685,347,338,
10300,2744,1346,1398,4802,2349,2453,5487,2654,2833,4800,2310,2490,2741,1305,1436,686,348,338,
10305,2746,1346,1400,4802,2349,2453,5488,2655,2833,4802,2310,2492,2743,1306,1437,686,348,338,
10310,2747,1347,1400,4806,2349,2457,5492,2655,2837,4804,2311,2493,2745,1307,1438,686,348,338,
10315,2748,1347,1401,4809,2351,2458,5495,2657,2838,4807,2313,2494,2745,1307,1438,687,349,338,
10320,2750,1347,1403,4809,2351,2458,5496,2658,2838,4809,2313,2496,2747,1309,1438,687,349,338,
10325,2751,1347,1404,4813,2352,2461,5500,2662,2838,4811,2313,2498,2749,1310,1439,687,349,338,
10330,2752,1347,1405,4816,2353,2463,5503,2662,2841,4814,2313,2501,2749,1310,1439,688,349,339,
10335,2754,1347,1407,4816,2353,2463,5504,2662,2842,4816,2314,2502,2751,1311,1440,688,349,339,
10340,2755,1347,1408,4820,2357,2463,5508,2664,2844,4818,2316,2502,2753,1311,1442,688,349,339,
10345,2756,1348,1408,4823,2358,2465,5511,2666,2845,4821,2318,2503,2753,1311,1442,689,349,340,
10350,2758,1349,1409,4823,2358,2465,5512,2666,2846,4823,2319,2504,2755,1312,1443,689,349,340,
10355,2759,1350,1409,4827,2361,2466,5516,2668,2848,4825,2319,2506,2757,1312,1445,689,349,340,
10360,2760,1350,1410,4830,2362,2468,5519,2670,2849,4828,2322,2506,2757,1312,1445,690,349,341,
10365,2762,1352,1410,4830,2362,2468,5520,2670,2850,4830,2324,2506,2759,1312,1447,690,349,341,
10370,2763,1352,1411,4834,2363,2471,5524,2673,2851,4832,2326,2506,2761,1313,1448,690,349,341,
10375,2764,1353,1411,4837,2364,2473,5527,2675,2852,4835,2326,2509,2761,1313,1448,691,350,341,
10380,2766,1353,1413,4837,2364,2473,5528,2676,2852,4837,2326,2511,2763,1313,1450,691,350,341,
10385,2767,1353,1414,4841,2366,2475,5532,2678,2854,4839,2327,2512,2765,1315,1450,691,350,341,
10390,2768,1354,1414,4844,2367,2477,5535,2679,2856,4842,2328,2514,2765,1315,1450,692,351,341,
10395,2770,1356,1414,4844,2367,2477,5536,2680,2856,4844,2329,2515,2767,1317,1450,692,351,341,
10400,2771,1357,1414,4848,2369,2479,5540,2683,2857,4846,2330,2516,2769,1317,1452,692,351,341,
10405,2772,1358,1414,4851,2371,2480,5543,2686,2857,4849,2333,2516,2769,1317,1452,693,352,341,
10410,2774,1360,1414,4851,2371,2480,5544,2686,2858,4851,2334,2517,2771,1318,1453,693,352,341,
10415,2775,1360,1415,4855,2371,2484,5548,2689,2859,4853,2334,2519,2773,1318,1455,693,352,341,
10420,2776,1360,1416,4858,2372,2486,5551,2691,2860,4856,2334,2522,2773,1318,1455,694,352,342,
10425,2778,1361,1417,4858,2372,2486,5552,2691,2861,4858,2335,2523,2775,1318,1457,694,352,342,
10430,2779,1361,1418,4862,2375,2487,5556,2693,2863,4860,2337,2523,2777,1319,1458,694,352,342,
10435,2780,1361,1419,4865,2376,2489,5559,2694,2865,4863,2338,2525,2777,1319,1458,695,352,343,
10440,2782,1362,1420,4865,2376,2489,5560,2694,2866,4865,2340,2525,2779,1320,1459,695,352,343,
10445,2783,1362,1421,4869,2379,2490,5564,2696,2868,4867,2342,2525,2781,1321,1460,695,352,343,
10450,2784,1362,1422,4872,2380,2492,5567,2699,2868,4870,2344,2526,2781,1321,1460,696,353,343,
10455,2786,1363,1423,4872,2380,2492,5568,2699,2869,4872,2346,2526,2783,1322,1461,696,353,343,
10460,2787,1363,1424,4876,2382,2494,5572,2702,2870,4874,2348,2526,2785,1323,1462,696,353,343,
10465,2788,1363,1425,4879,2382,2497,5575,2703,2872,4877,2351,2526,2785,1323,1462,697,353,344,
10470,2790,1364,1426,4879,2382,2497,5576,2704,2872,4879,2353,2526,2787,1325,1462,697,353,344,
10475,2791,1365,1426,4883,2384,2499,5580,2707,2873,4881,2355,2526,2789,1326,1463,697,353,344,
10480,2792,1365,1427,4886,2384,2502,5583,2709,2874,4884,2356,2528,2789,1326,1463,698,354,344,
10485,2794,1366,1428,4886,2384,2502,5584,2709,2875,4886,2357,2529,2791,1326,1465,698,354,344,
10490,2795,1367,1428,4890,2385,2505,5588,2713,2875,4888,2358,2530,2793,1327,1466,698,354,344,
10495,2796,1368,1428,4893,2386,2507,5591,2715,2876,4891,2360,2531,2793,1327,1466,699,355,344,
10500,2798,1370,1428,4893,2386,2507,5592,2715,2877,4893,2362,2531,2795,1328,1467,699,355,344,
10505,2799,1370,1429,4897,2386,2511,5596,2715,2881,4895,2363,2532,2797,1330,1467,699,355,344,
10510,2800,1371,1429,4900,2388,2512,5599,2717,2882,4898,2366,2532,2797,1330,1467,700,355,345,
10515,2802,1372,1430,4900,2388,2512,5600,2717,2883,4900,2367,2533,2799,1331,1468,700,355,345,
10520,2803,1373,1430,4904,2389,2515,5604,2719,2885,4902,2368,2534,2801,1332,1469,700,355,345,
10525,2804,1373,1431,4907,2391,2516,5607,2720,2887,4905,2370,2535,2801,1332,1469,701,355,346,
10530,2806,1374,1432,4907,2391,2516,5608,2720,2888,4907,2370,2537,2803,1333,1470,701,355,346,
10535,2807,1374,1433,4911,2392,2519,5612,2723,2889,4909,2371,2538,2805,1335,1470,701,355,346,
10540,2808,1374,1434,4914,2392,2522,5615,2724,2891,4912,2373,2539,2805,1335,1470,702,355,347,
10545,2810,1376,1434,4914,2392,2522,5616,2724,2892,4914,2375,2539,2807,1336,1471,702,355,347,
10550,2811,1376,1435,4918,2393,2525,5620,2727,2893,4916,2376,2540,2809,1337,1472,702,355,347,
10555,2812,1377,1435,4921,2395,2526,5623,2728,2895,4919,2377,2542,2809,1337,1472,703,355,348,
10560,2814,1377,1437,4921,2395,2526,5624,2728,2896,4921,2378,2543,2811,1338,1473,703,355,348,
10565,2815,1377,1438,4925,2397,2528,5628,2729,2899,4923,2378,2545,2813,1338,1475,703,355,348,
10570,2816,1378,1438,4928,2398,2530,5631,2730,2901,4926,2379,2547,2813,1338,1475,704,356,348,
10575,2818,1379,1439,4928,2398,2530,5632,2730,2902,4928,2380,2548,2815,1339,1476,704,356,348,
10580,2819,1380,1439,4932,2401,2531,5636,2733,2903,4930,2382,2548,2817,1340,1477,704,356,348,
10585,2820,1381,1439,4935,2403,2532,5639,2736,2903,4933,2383,2550,2817,1340,1477,705,357,348,
10590,2822,1381,1441,4935,2403,2532,5640,2737,2903,4935,2383,2552,2819,1342,1477,705,357,348,
10595,2823,1381,1442,4939,2407,2532,5644,2739,2905,4937,2385,2552,2821,1342,1479,705,357,348,
10600,2824,1381,1443,4942,2407,2535,5647,2739,2908,4940,2388,2552,2821,1342,1479,706,358,348,
10605,2826,1382,1444,4942,2407,2535,5648,2740,2908,4942,2389,2553,2823,1343,1480,706,358,348,
10610,2827,1383,1444,4946,2410,2536,5652,2743,2909,4944,2390,2554,2825,1344,1481,706,358,348,
10615,2828,1383,1445,4949,2411,2538,5655,2743,2912,4947,2392,2555,2825,1344,1481,707,358,349,
10620,2830,1385,1445,4949,2411,2538,5656,2744,2912,4949,2394,2555,2827,1345,1482,707,358,349,
10625,2831,1385,1446,4953,2414,2539,5660,2746,2914,4951,2395,2556,2829,1346,1483,707,358,349,
10630,2832,1385,1447,4956,2417,2539,5663,2747,2916,4954,2398,2556,2829,1346,1483,708,358,350,
10635,2834,1386,1448,4956,2417,2539,5664,2747,2917,4956,2400,2556,2831,1346,1485,708,358,350,
10640,2835,1387,1448,4960,2420,2540,5668,2748,2920,4958,2401,2557,2833,1347,1486,708,358,350,
10645,2836,1387,1449,4963,2421,2542,5671,2750,2921,4961,2401,2560,2833,1347,1486,709,359,350,
10650,2838,1388,1450,4963,2421,2542,5672,2750,2922,4963,2402,2561,2835,1349,1486,709,359,350,
10655,2839,1388,1451,4967,2422,2545,5676,2752,2924,4965,2404,2561,2837,1349,1488,709,359,350,
10660,2840,1388,1452,4970,2422,2548,5679,2753,2926,4968,2407,2561,2837,1349,1488,710,359,351,
10665,2842,1388,1454,4970,2422,2548,5680,2753,2927,4970,2408,2562,2839,1351,1488,710,359,351,
10670,2843,1389,1454,4974,2425,2549,5684,2754,2930,4972,2409,2563,2841,1353,1488,710,359,351,
10675,2844,1389,1455,4977,2427,2550,5687,2754,2933,4975,2410,2565,2841,1353,1488,711,360,351,
10680,2846,1390,1456,4977,2427,2550,5688,2755,2933,4977,2410,2567,2843,1353,1490,711,360,351,
10685,2847,1390,1457,4981,2431,2550,5692,2756,2936,4979,2411,2568,2845,1354,1491,711,360,351,
10690,2848,1391,1457,4984,2433,2551,5695,2756,2939,4982,2413,2569,2845,1354,1491,712,360,352,
10695,2850,1392,1458,4984,2433,2551,5696,2757,2939,4984,2413,2571,2847,1354,1493,712,360,352,
10700,2851,1392,1459,4988,2435,2553,5700,2759,2941,4986,2413,2573,2849,1355,1494,712,360,352,
10705,2852,1392,1460,4991,2436,2555,5703,2762,2941,4989,2415,2574,2849,1355,1494,713,360,353,
10710,2854,1394,1460,4991,2436,2555,5704,2762,2942,4991,2416,2575,2851,1355,1496,713,360,353,
10715,2855,1394,1461,4995,2438,2557,5708,2764,2944,4993,2417,2576,2853,1356,1497,713,360,353,
10720,2856,1395,1461,4998,2440,2558,5711,2765,2946,4996,2418,2578,2853,1356,1497,714,360,354,
10725,2858,1396,1462,4998,2440,2558,5712,2765,2947,4998,2419,2579,2855,1357,1498,714,360,354,
10730,2859,1396,1463,5002,2441,2561,5716,2766,2950,5000,2419,2581,2857,1359,1498,714,360,354,
10735,2860,1396,1464,5005,2443,2562,5719,2766,2953,5003,2421,2582,2857,1359,1498,715,361,354,
10740,2862,1396,1466,5005,2443,2562,5720,2767,2953,5005,2421,2584,2859,1359,1500,715,361,354,
10745,2863,1397,1466,5009,2446,2563,5724,2767,2957,5007,2422,2585,2861,1360,1501,715,361,354,
10750,2864,1398,1466,5012,2447,2565,5727,2768,2959,5010,2423,2587,2861,1360,1501,716,361,355,
10755,2866,1399,1467,5012,2447,2565,5728,2768,2960,5012,2423,2589,2863,1361,1502,716,361,355,
10760,2867,1399,1468,5016,2449,2567,5732,2771,2961,5014,2425,2589,2865,1362,1503,716,361,355,
10765,2868,1399,1469,5019,2450,2569,5735,2772,2963,5017,2426,2591,2865,1362,1503,717,362,355,
10770,2870,1399,1471,5019,2450,2569,5736,2772,2964,5019,2428,2591,2867,1362,1505,717,362,355,
10775,2871,1400,1471,5023,2452,2571,5740,2773,2967,5021,2429,2592,2869,1363,1506,717,362,355,
10780,2872,1400,1472,5026,2455,2571,5743,2773,2970,5024,2430,2594,2869,1363,1506,718,362,356,
10785,2874,1401,1473,5026,2455,2571,5744,2773,2971,5026,2430,2596,2871,1364,1507,718,362,356,
10790,2875,1401,1474,5030,2456,2574,5748,2776,2972,5028,2431,2597,2873,1366,1507,718,362,356,
10795,2876,1402,1474,5033,2457,2576,5751,2779,2972,5031,2432,2599,2873,1366,1507,719,362,357,
10800,2878,1402,1476,5033,2457,2576,5752,2780,2972,5033,2433,2600,2875,1367,1508,719,362,357,
10805,2879,1402,1477,5037,2458,2579,5756,2782,2974,5035,2433,2602,2877,1367,1510,719,362,357,
10810,2880,1403,1477,5040,2461,2579,5759,2782,2977,5038,2434,2604,2877,1367,1510,720,362,358,
10815,2882,1404,1478,5040,2461,2579,5760,2783,2977,5040,2436,2604,2879,1368,1511,720,362,358,
10820,2883,1405,1478,5044,2463,2581,5764,2785,2979,5042,2437,2605,2881,1369,1512,720,362,358,
10825,2884,1405,1479,5047,2464,2583,5767,2786,2981,5045,2438,2607,2881,1369,1512,721,363,358,
10830,2886,1405,1481,5047,2464,2583,5768,2786,2982,5047,2439,2608,2883,1370,1513,721,363,358,
10835,2887,1405,1482,5051,2466,2585,5772,2788,2984,5049,2439,2610,2885,1370,1515,721,363,358,
10840,2888,1405,1483,5054,2468,2586,5775,2789,2986,5052,2442,2610,2885,1370,1515,722,364,358,
10845,2890,1406,1484,5054,2468,2586,5776,2790,2986,5054,2442,2612,2887,1371,1516,722,364,358,
10850,2891,1407,1484,5058,2471,2587,5780,2792,2988,5056,2444,2612,2889,1372,1517,722,364,358,
10855,2892,1408,1484,5061,2473,2588,5783,2793,2990,5059,2446,2613,2889,1372,1517,723,364,359,
10860,2894,1409,1485,5061,2473,2588,5784,2794,2990,5061,2447,2614,2891,1373,1518,723,364,359,
10865,2895,1409,1486,5065,2475,2590,5788,2798,2990,5063,2447,2616,2893,1373,1520,723,364,359,
10870,2896,1410,1486,5068,2476,2592,5791,2799,2992,5066,2449,2617,2893,1373,1520,724,365,359,
10875,2898,1411,1487,5068,2476,2592,5792,2800,2992,5068,2450,2618,2895,1373,1522,724,365,359,
10880,2899,1412,1487,5072,2477,2595,5796,2802,2994,5070,2451,2619,2897,1374,1523,724,365,359,
10885,2900,1413,1487,5075,2479,2596,5799,2803,2996,5073,2452,2621,2897,1374,1523,725,366,359,
10890,2902,1414,1488,5075,2479,2596,5800,2804,2996,5075,2452,2623,2899,1374,1525,725,366,359,
10895,2903,1414,1489,5079,2481,2598,5804,2804,3000,5077,2452,2625,2901,1375,1526,725,366,359,
10900,2904,1415,1489,5082,2483,2599,5807,2804,3003,5080,2454,2626,2901,1375,1526,726,367,359,
10905,2906,1416,1490,5082,2483,2599,5808,2804,3004,5082,2454,2628,2903,1376,1527,726,367,359,
10910,2907,1417,1490,5086,2486,2600,5812,2804,3008,5084,2456,2628,2905,1377,1528,726,367,359,
10915,2908,1418,1490,5089,2486,2603,5815,2805,3010,5087,2456,2631,2905,1377,1528,727,367,360,
10920,2910,1419,1491,5089,2486,2603,5816,2806,3010,5089,2458,2631,2907,1378,1529,727,367,360,
10925,2911,1420,1491,5093,2489,2604,5820,2808,3012,5091,2459,2632,2909,1380,1529,727,367,360,
10930,2912,1420,1492,5096,2490,2606,5823,2809,3014,5094,2461,2633,2909,1380,1529,728,367,361,
10935,2914,1421,1493,5096,2490,2606,5824,2809,3015,5096,2461,2635,2911,1382,1529,728,367,361,
10940,2915,1422,1493,5100,2494,2606,5828,2811,3017,5098,2462,2636,2913,1383,1530,728,367,361,
10945,2916,1423,1493,5103,2497,2606,5831,2814,3017,5101,2462,2639,2913,1383,1530,729,367,362,
10950,2918,1424,1494,5103,2497,2606,5832,2814,3018,5103,2463,2640,2915,1383,1532,729,367,362,
10955,2919,1425,1494,5107,2498,2609,5836,2814,3022,5105,2464,2641,2917,1383,1534,729,367,362,
10960,2920,1426,1494,5110,2501,2609,5839,2814,3025,5108,2467,2641,2917,1383,1534,730,368,362,
10965,2922,1426,1496,5110,2501,2609,5840,2815,3025,5110,2469,2641,2919,1384,1535,730,368,362,
10970,2923,1426,1497,5114,2505,2609,5844,2816,3028,5112,2471,2641,2921,1385,1536,730,368,362,
10975,2924,1427,1497,5117,2507,2610,5847,2817,3030,5115,2472,2643,2921,1385,1536,731,368,363,
10980,2926,1427,1499,5117,2507,2610,5848,2817,3031,5117,2473,2644,2923,1385,1538,731,368,363,
10985,2927,1428,1499,5121,2510,2611,5852,2819,3033,5119,2474,2645,2925,1387,1538,731,368,363,
10990,2928,1429,1499,5124,2510,2614,5855,2821,3034,5122,2476,2646,2925,1387,1538,732,369,363,
10995,2930,1429,1501,5124,2510,2614,5856,2822,3034,5124,2476,2648,2927,1387,1540,732,369,363,
11000,2931,1429,1502,5128,2512,2616,5860,2824,3036,5126,2477,2649,2929,1388,1541,732,369,363,
11005,2932,1430,1502,5131,2513,2618,5863,2826,3037,5129,2479,2650,2929,1388,1541,733,369,364,
11010,2934,1431,1503,5131,2513,2618,5864,2826,3038,5131,2480,2651,2931,1389,1542,733,369,364,
11015,2935,1431,1504,5135,2514,2621,5868,2828,3040,5133,2482,2651,2933,1390,1543,733,369,364,
11020,2936,1431,1505,5138,2516,2622,5871,2828,3043,5136,2485,2651,2933,1390,1543,734,369,365,
11025,2938,1431,1507,5138,2516,2622,5872,2829,3043,5138,2486,2652,2935,1392,1543,734,369,365,
11030,2939,1432,1507,5142,2520,2622,5876,2830,3046,5140,2486,2654,2937,1394,1543,734,369,365,
11035,2940,1433,1507,5145,2520,2625,5879,2832,3047,5143,2487,2656,2937,1394,1543,735,370,365,
11040,2942,1433,1509,5145,2520,2625,5880,2832,3048,5145,2488,2657,2939,1395,1544,735,370,365,
11045,2943,1434,1509,5149,2522,2627,5884,2835,3049,5147,2489,2658,2941,1396,1545,735,370,365,
11050,2944,1434,1510,5152,2524,2628,5887,2836,3051,5150,2490,2660,2941,1396,1545,736,370,366,
11055,2946,1435,1511,5152,2524,2628,5888,2836,3052,5152,2491,2661,2943,1397,1546,736,370,366,
11060,2947,1436,1511,5156,2528,2628,5892,2836,3056,5154,2492,2662,2945,1398,1547,736,370,366,
11065,2948,1437,1511,5159,2530,2629,5895,2838,3057,5157,2493,2664,2945,1398,1547,737,370,367,
11070,2950,1438,1512,5159,2530,2629,5896,2838,3058,5159,2494,2665,2947,1398,1549,737,370,367,
11075,2951,1439,1512,5163,2532,2631,5900,2841,3059,5161,2496,2665,2949,1400,1549,737,370,367,
11080,2952,1439,1513,5166,2533,2633,5903,2843,3060,5164,2497,2667,2949,1400,1549,738,371,367,
11085,2954,1440,1514,5166,2533,2633,5904,2843,3061,5166,2499,2667,2951,1402,1549,738,371,367,
11090,2955,1440,1515,5170,2535,2635,5908,2844,3064,5168,2501,2667,2953,1403,1550,738,371,367,
11095,2956,1441,1515,5173,2536,2637,5911,2846,3065,5171,2503,2668,2953,1403,1550,739,372,367,
11100,2958,1442,1516,5173,2536,2637,5912,2847,3065,5173,2504,2669,2955,1404,1551,739,372,367,
11105,2959,1443,1516,5177,2538,2639,5916,2850,3066,5175,2504,2671,2957,1404,1553,739,372,367,
11110,2960,1444,1516,5180,2540,2640,5919,2852,3067,5178,2504,2674,2957,1404,1553,740,372,368,
11115,2962,1445,1517,5180,2540,2640,5920,2853,3067,5180,2506,2674,2959,1406,1553,740,372,368,
11120,2963,1445,1518,5184,2544,2640,5924,2855,3069,5182,2507,2675,2961,1408,1553,740,372,368,
11125,2964,1445,1519,5187,2546,2641,5927,2855,3072,5185,2507,2678,2961,1408,1553,741,372,369,
11130,2966,1445,1521,5187,2546,2641,5928,2856,3072,5187,2508,2679,2963,1409,1554,741,372,369,
11135,2967,1446,1521,5191,2548,2643,5932,2859,3073,5189,2508,2681,2965,1410,1555,741,372,369,
11140,2968,1447,1521,5194,2550,2644,5935,2860,3075,5192,2511,2681,2965,1410,1555,742,373,369,
11145,2970,1447,1523,5194,2550,2644,5936,2860,3076,5194,2512,2682,2967,1410,1557,742,373,369,
11150,2971,1447,1524,5198,2551,2647,5940,2863,3077,5196,2514,2682,2969,1411,1558,742,373,369,
11155,2972,1448,1524,5201,2553,2648,5943,2865,3078,5199,2516,2683,2969,1411,1558,743,374,369,
11160,2974,1448,1526,5201,2553,2648,5944,2865,3079,5201,2517,2684,2971,1412,1559,743,374,369,
11165,2975,1448,1527,5205,2555,2650,5948,2868,3080,5203,2517,2686,2973,1413,1560,743,374,369,
11170,2976,1448,1528,5208,2556,2652,5951,2870,3081,5206,2518,2688,2973,1413,1560,744,375,369,
11175,2978,1449,1529,5208,2556,2652,5952,2870,3082,5208,2519,2689,2975,1413,1562,744,375,369,
11180,2979,1450,1529,5212,2558,2654,5956,2874,3082,5210,2519,2691,2977,1413,1564,744,375,369,
11185,2980,1450,1530,5215,2559,2656,5959,2874,3085,5213,2522,2691,2977,1413,1564,745,375,370,
11190,2982,1451,1531,5215,2559,2656,5960,2875,3085,5215,2523,2692,2979,1414,1565,745,375,370,
11195,2983,1451,1532,5219,2563,2656,5964,2878,3086,5217,2524,2693,2981,1415,1566,745,375,370,
11200,2984,1451,1533,5222,2564,2658,5967,2879,3088,5220,2526,2694,2981,1415,1566,746,375,371,
11205,2986,1452,1534,5222,2564,2658,5968,2880,3088,5222,2526,2696,2983,1416,1567,746,375,371,
11210,2987,1453,1534,5226,2564,2662,5972,2882,3090,5224,2527,2697,2985,1417,1568,746,375,371,
11215,2988,1454,1534,5229,2566,2663,5975,2884,3091,5227,2528,2699,2985,1417,1568,747,375,372,
11220,2990,1455,1535,5229,2566,2663,5976,2885,3091,5229,2529,2700,2987,1417,1570,747,375,372,
11225,2991,1456,1535,5233,2567,2666,5980,2888,3092,5231,2530,2701,2989,1417,1572,747,375,372,
11230,2992,1457,1535,5236,2568,2668,5983,2889,3094,5234,2532,2702,2989,1417,1572,748,375,373,
11235,2994,1457,1537,5236,2568,2668,5984,2889,3095,5236,2533,2703,2991,1417,1574,748,375,373,
11240,2995,1457,1538,5240,2568,2672,5988,2890,3098,5238,2534,2704,2993,1418,1575,748,375,373,
11245,2996,1457,1539,5243,2570,2673,5991,2892,3099,5241,2536,2705,2993,1418,1575,749,376,373,
11250,2998,1459,1539,5243,2570,2673,5992,2892,3100,5243,2536,2707,2995,1420,1575,749,376,373,
11255,2999,1460,1539,5247,2571,2676,5996,2894,3102,5245,2537,2708,2997,1420,1577,749,376,373,
11260,3000,1460,1540,5250,2571,2679,5999,2894,3105,5248,2538,2710,2997,1420,1577,750,376,374,
11265,3002,1462,1540,5250,2571,2679,6000,2894,3106,5250,2540,2710,2999,1420,1579,750,376,374,
11270,3003,1463,1540,5254,2574,2680,6004,2897,3107,5252,2540,2712,3001,1422,1579,750,376,374,
11275,3004,1464,1540,5257,2575,2682,6007,2900,3107,5255,2541,2714,3001,1422,1579,751,376,375,
11280,3006,1466,1540,5257,2575,2682,6008,2901,3107,5257,2542,2715,3003,1423,1580,751,376,375,
11285,3007,1467,1540,5261,2577,2684,6012,2904,3108,5259,2543,2716,3005,1423,1582,751,376,375,
11290,3008,1468,1540,5264,2579,2685,6015,2905,3110,5262,2545,2717,3005,1423,1582,752,376,376,
11295,3010,1468,1542,5264,2579,2685,6016,2905,3111,5264,2545,2719,3007,1423,1584,752,376,376,
11300,3011,1468,1543,5268,2581,2687,6020,2908,3112,5266,2546,2720,3009,1424,1585,752,376,376,
11305,3012,1469,1543,5271,2582,2689,6023,2911,3112,5269,2547,2722,3009,1424,1585,753,377,376,
11310,3014,1471,1543,5271,2582,2689,6024,2912,3112,5271,2547,2724,3011,1424,1587,753,377,376,
11315,3015,1472,1543,5275,2583,2692,6028,2914,3114,5273,2548,2725,3013,1425,1588,753,377,376,
11320,3016,1472,1544,5278,2584,2694,6031,2916,3115,5276,2548,2728,3013,1425,1588,754,377,377,
11325,3018,1472,1546,5278,2584,2694,6032,2917,3115,5278,2549,2729,3015,1425,1590,754,377,377,
11330,3019,1472,1547,5282,2586,2696,6036,2919,3117,5280,2549,2731,3017,1427,1590,754,377,377,
11335,3020,1472,1548,5285,2586,2699,6039,2920,3119,5283,2550,2733,3017,1427,1590,755,378,377,
11340,3022,1474,1548,5285,2586,2699,6040,2920,3120,5285,2551,2734,3019,1428,1591,755,378,377,
11345,3023,1475,1548,5289,2586,2703,6044,2922,3122,5287,2552,2735,3021,1430,1591,755,378,377,
11350,3024,1476,1548,5292,2587,2705,6047,2923,3124,5290,2555,2735,3021,1430,1591,756,379,377,
11355,3026,1477,1549,5292,2587,2705,6048,2924,3124,5292,2555,2737,3023,1432,1591,756,379,377,
11360,3027,1478,1549,5296,2589,2707,6052,2926,3126,5294,2556,2738,3025,1434,1591,756,379,377,
11365,3028,1479,1549,5299,2589,2710,6055,2927,3128,5297,2557,2740,3025,1434,1591,757,379,378,
11370,3030,1479,1551,5299,2589,2710,6056,2928,3128,5299,2559,2740,3027,1434,1593,757,379,378,
11375,3031,1480,1551,5303,2591,2712,6060,2930,3130,5301,2560,2741,3029,1436,1593,757,379,378,
11380,3032,1480,1552,5306,2592,2714,6063,2931,3132,5304,2561,2743,3029,1436,1593,758,380,378,
11385,3034,1481,1553,5306,2592,2714,6064,2932,3132,5306,2563,2743,3031,1437,1594,758,380,378,
11390,3035,1482,1553,5310,2592,2718,6068,2935,3133,5308,2563,2745,3033,1438,1595,758,380,378,
11395,3036,1483,1553,5313,2595,2718,6071,2936,3135,5311,2565,2746,3033,1438,1595,759,380,379,
11400,3038,1485,1553,5313,2595,2718,6072,2936,3136,5313,2566,2747,3035,1439,1596,759,380,379,
11405,3039,1486,1553,5317,2597,2720,6076,2937,3139,5315,2567,2748,3037,1440,1597,759,380,379,
11410,3040,1487,1553,5320,2599,2721,6079,2937,3142,5318,2570,2748,3037,1440,1597,760,380,380,
11415,3042,1488,1554,5320,2599,2721,6080,2938,3142,5320,2571,2749,3039,1442,1597,760,380,380,
11420,3043,1488,1555,5324,2602,2722,6084,2938,3146,5322,2572,2750,3041,1443,1598,760,380,380,
11425,3044,1488,1556,5327,2603,2724,6087,2938,3149,5325,2575,2750,3041,1443,1598,761,380,381,
11430,3046,1489,1557,5327,2603,2724,6088,2939,3149,5327,2577,2750,3043,1444,1599,761,380,381,
11435,3047,1490,1557,5331,2606,2725,6092,2941,3151,5329,2578,2751,3045,1444,1601,761,380,381,
11440,3048,1490,1558,5334,2607,2727,6095,2943,3152,5332,2578,2754,3045,1444,1601,762,381,381,
11445,3050,1492,1558,5334,2607,2727,6096,2944,3152,5334,2579,2755,3047,1444,1603,762,381,381,
11450,3051,1493,1558,5338,2608,2730,6100,2946,3154,5336,2580,2756,3049,1445,1604,762,381,381,
11455,3052,1493,1559,5341,2611,2730,6103,2948,3155,5339,2582,2757,3049,1445,1604,763,381,382,
11460,3054,1494,1560,5341,2611,2730,6104,2949,3155,5341,2583,2758,3051,1445,1606,763,381,382,
11465,3055,1494,1561,5345,2613,2732,6108,2949,3159,5343,2584,2759,3053,1446,1607,763,381,382,
11470,3056,1495,1561,5348,2616,2732,6111,2949,3162,5346,2586,2760,3053,1446,1607,764,381,383,
11475,3058,1496,1562,5348,2616,2732,6112,2949,3163,5348,2587,2761,3055,1446,1609,764,381,383,
11480,3059,1496,1563,5352,2617,2735,6116,2951,3165,5350,2588,2762,3057,1448,1609,764,381,383,
11485,3060,1496,1564,5355,2617,2738,6119,2953,3166,5353,2590,2763,3057,1448,1609,765,381,384,
11490,3062,1498,1564,5355,2617,2738,6120,2954,3166,5355,2590,2765,3059,1449,1610,765,381,384,
11495,3063,1499,1564,5359,2619,2740,6124,2955,3169,5357,2591,2766,3061,1450,1611,765,381,384,
11500,3064,1499,1565,5362,2620,2742,6127,2956,3171,5360,2592,2768,3061,1450,1611,766,382,384,
11505,3066,1499,1567,5362,2620,2742,6128,2956,3172,5362,2593,2769,3063,1450,1613,766,382,384,
11510,3067,1500,1567,5366,2621,2745,6132,2957,3175,5364,2594,2770,3065,1451,1614,766,382,384,
11515,3068,1500,1568,5369,2622,2747,6135,2958,3177,5367,2595,2772,3065,1451,1614,767,382,385,
11520,3070,1500,1570,5369,2622,2747,6136,2958,3178,5369,2595,2774,3067,1451,1616,767,382,385,
11525,3071,1501,1570,5373,2623,2750,6140,2960,3180,5371,2595,2776,3069,1452,1617,767,382,385,
11530,3072,1501,1571,5376,2626,2750,6143,2961,3182,5374,2596,2778,3069,1452,1617,768,383,385,
11535,3074,1503,1571,5376,2626,2750,6144,2961,3183,5376,2597,2779,3071,1453,1618,768,383,385,
11540,3075,1503,1572,5380,2630,2750,6148,2963,3185,5378,2599,2779,3073,1455,1618,768,383,385,
11545,3076,1503,1573,5383,2632,2751,6151,2963,3188,5381,2602,2779,3073,1455,1618,769,383,386,
11550,3078,1504,1574,5383,2632,2751,6152,2964,3188,5383,2604,2779,3075,1457,1618,769,383,386,
11555,3079,1504,1575,5387,2633,2754,6156,2966,3190,5385,2605,2780,3077,1458,1619,769,383,386,
11560,3080,1505,1575,5390,2634,2756,6159,2968,3191,5388,2607,2781,3077,1458,1619,770,384,386,
11565,3082,1506,1576,5390,2634,2756,6160,2968,3192,5390,2609,2781,3079,1459,1620,770,384,386,
11570,3083,1507,1576,5394,2638,2756,6164,2970,3194,5392,2611,2781,3081,1460,1621,770,384,386,
11575,3084,1508,1576,5397,2639,2758,6167,2971,3196,5395,2611,2784,3081,1460,1621,771,384,387,
11580,3086,1509,1577,5397,2639,2758,6168,2972,3196,5397,2612,2785,3083,1461,1622,771,384,387,
11585,3087,1510,1577,5401,2641,2760,6172,2975,3197,5399,2614,2785,3085,1462,1623,771,384,387,
11590,3088,1510,1578,5404,2642,2762,6175,2977,3198,5402,2616,2786,3085,1462,1623,772,385,387,
11595,3090,1510,1580,5404,2642,2762,6176,2977,3199,5404,2617,2787,3087,1464,1623,772,385,387,
11600,3091,1511,1580,5408,2644,2764,6180,2980,3200,5406,2618,2788,3089,1465,1624,772,385,387,
11605,3092,1512,1580,5411,2644,2767,6183,2981,3202,5409,2620,2789,3089,1465,1624,773,385,388,
11610,3094,1513,1581,5411,2644,2767,6184,2981,3203,5411,2621,2790,3091,1466,1625,773,385,388,
11615,3095,1513,1582,5415,2646,2769,6188,2982,3206,5413,2621,2792,3093,1468,1625,773,385,388,
11620,3096,1513,1583,5418,2648,2770,6191,2985,3206,5416,2623,2793,3093,1468,1625,774,386,388,
11625,3098,1514,1584,5418,2648,2770,6192,2986,3206,5418,2625,2793,3095,1468,1627,774,386,388,
11630,3099,1515,1584,5422,2650,2772,6196,2988,3208,5420,2626,2794,3097,1468,1629,774,386,388,
11635,3100,1516,1584,5425,2651,2774,6199,2989,3210,5423,2627,2796,3097,1468,1629,775,387,388,
11640,3102,1518,1584,5425,2651,2774,6200,2989,3211,5425,2628,2797,3099,1469,1630,775,387,388,
11645,3103,1519,1584,5429,2654,2775,6204,2991,3213,5427,2630,2797,3101,1470,1631,775,387,388,
11650,3104,1520,1584,5432,2656,2776,6207,2992,3215,5430,2632,2798,3101,1470,1631,776,387,389,
11655,3106,1521,1585,5432,2656,2776,6208,2992,3216,5432,2633,2799,3103,1471,1632,776,387,389,
11660,3107,1521,1586,5436,2656,2780,6212,2994,3218,5434,2633,2801,3105,1473,1632,776,387,389,
11665,3108,1521,1587,5439,2658,2781,6215,2994,3221,5437,2634,2803,3105,1473,1632,777,387,390,
11670,3110,1522,1588,5439,2658,2781,6216,2995,3221,5439,2635,2804,3107,1473,1634,777,387,390,
11675,3111,1522,1589,5443,2660,2783,6220,2998,3222,5441,2637,2804,3109,1473,1636,777,387,390,
11680,3112,1522,1590,5446,2661,2785,6223,2999,3224,5444,2639,2805,3109,1473,1636,778,387,391,
11685,3114,1522,1592,5446,2661,2785,6224,3000,3224,5446,2639,2807,3111,1475,1636,778,387,391,
11690,3115,1522,1593,5450,2663,2787,6228,3002,3226,5448,2639,2809,3113,1476,1637,778,387,391,
11695,3116,1522,1594,5453,2663,2790,6231,3004,3227,5451,2640,2811,3113,1476,1637,779,388,391,
11700,3118,1522,1596,5453,2663,2790,6232,3005,3227,5453,2642,2811,3115,1476,1639,779,388,391,
11705,3119,1522,1597,5457,2663,2794,6236,3006,3230,5455,2643,2812,3117,1477,1640,779,388,391,
11710,3120,1523,1597,5460,2664,2796,6239,3007,3232,5458,2644,2814,3117,1477,1640,780,388,392,
11715,3122,1524,1598,5460,2664,2796,6240,3008,3232,5460,2645,2815,3119,1478,1641,780,388,392,
11720,3123,1524,1599,5464,2666,2798,6244,3010,3234,5462,2646,2816,3121,1480,1641,780,388,392,
11725,3124,1525,1599,5467,2668,2799,6247,3010,3237,5465,2646,2819,3121,1480,1641,781,388,393,
11730,3126,1525,1601,5467,2668,2799,6248,3011,3237,5467,2647,2820,3123,1482,1641,781,388,393,
11735,3127,1525,1602,5471,2669,2802,6252,3012,3240,5469,2649,2820,3125,1484,1641,781,388,393,
11740,3128,1525,1603,5474,2670,2804,6255,3012,3243,5472,2650,2822,3125,1484,1641,782,388,394,
11745,3130,1527,1603,5474,2670,2804,6256,3012,3244,5474,2651,2823,3127,1485,1642,782,388,394,
11750,3131,1528,1603,5478,2670,2808,6260,3015,3245,5476,2652,2824,3129,1487,1642,782,388,394,
11755,3132,1528,1604,5481,2671,2810,6263,3016,3247,5479,2655,2824,3129,1487,1642,783,388,395,
11760,3134,1529,1605,5481,2671,2810,6264,3016,3248,5481,2656,2825,3131,1488,1643,783,388,395,
11765,3135,1530,1605,5485,2672,2813,6268,3018,3250,5483,2656,2827,3133,1489,1644,783,388,395,
11770,3136,1531,1605,5488,2673,2815,6271,3020,3251,5486,2658,2828,3133,1489,1644,784,388,396,
11775,3138,1532,1606,5488,2673,2815,6272,3021,3251,5488,2659,2829,3135,1491,1644,784,388,396,
11780,3139,1533,1606,5492,2675,2817,6276,3021,3255,5490,2660,2830,3137,1493,1644,784,388,396,
11785,3140,1534,1606,5495,2676,2819,6279,3023,3256,5493,2661,2832,3137,1493,1644,785,389,396,
11790,3142,1535,1607,5495,2676,2819,6280,3024,3256,5495,2663,2832,3139,1495,1644,785,389,396,
11795,3143,1535,1608,5499,2678,2821,6284,3025,3259,5497,2664,2833,3141,1496,1645,785,389,396,
11800,3144,1535,1609,5502,2679,2823,6287,3026,3261,5500,2666,2834,3141,1496,1645,786,390,396,
11805,3146,1536,1610,5502,2679,2823,6288,3026,3262,5502,2667,2835,3143,1498,1645,786,390,396,
11810,3147,1537,1610,5506,2680,2826,6292,3030,3262,5504,2668,2836,3145,1499,1646,786,390,396,
11815,3148,1538,1610,5509,2681,2828,6295,3031,3264,5507,2671,2836,3145,1499,1646,787,390,397,
11820,3150,1539,1611,5509,2681,2828,6296,3032,3264,5509,2673,2836,3147,1501,1646,787,390,397,
11825,3151,1539,1612,5513,2682,2831,6300,3033,3267,5511,2674,2837,3149,1501,1648,787,390,397,
11830,3152,1539,1613,5516,2683,2833,6303,3035,3268,5514,2674,2840,3149,1501,1648,788,390,398,
11835,3154,1539,1615,5516,2683,2833,6304,3035,3269,5516,2675,2841,3151,1502,1649,788,390,398,
11840,3155,1540,1615,5520,2685,2835,6308,3037,3271,5518,2675,2843,3153,1504,1649,788,390,398,
11845,3156,1540,1616,5523,2687,2836,6311,3038,3273,5521,2676,2845,3153,1504,1649,789,390,399,
11850,3158,1542,1616,5523,2687,2836,6312,3038,3274,5523,2677,2846,3155,1504,1651,789,390,399,
11855,3159,1542,1617,5527,2689,2838,6316,3042,3274,5525,2677,2848,3157,1504,1653,789,390,399,
11860,3160,1543,1617,5530,2689,2841,6319,3042,3277,5528,2679,2849,3157,1504,1653,790,390,400,
11865,3162,1545,1617,5530,2689,2841,6320,3043,3277,5530,2680,2850,3159,1505,1654,790,390,400,
11870,3163,1546,1617,5534,2692,2842,6324,3045,3279,5532,2682,2850,3161,1506,1655,790,390,400,
11875,3164,1547,1617,5537,2693,2844,6327,3046,3281,5535,2684,2851,3161,1506,1655,791,390,401,
11880,3166,1548,1618,5537,2693,2844,6328,3046,3282,5537,2685,2852,3163,1507,1656,791,390,401,
11885,3167,1549,1618,5541,2696,2845,6332,3048,3284,5539,2686,2853,3165,1507,1658,791,390,401,
11890,3168,1550,1618,5544,2699,2845,6335,3049,3286,5542,2689,2853,3165,1507,1658,792,390,402,
11895,3170,1551,1619,5544,2699,2845,6336,3049,3287,5544,2690,2854,3167,1507,1660,792,390,402,
11900,3171,1552,1619,5548,2701,2847,6340,3051,3289,5546,2691,2855,3169,1507,1662,792,390,402,
11905,3172,1552,1620,5551,2703,2848,6343,3053,3290,5549,2692,2857,3169,1507,1662,793,390,403,
11910,3174,1554,1620,5551,2703,2848,6344,3053,3291,5551,2692,2859,3171,1508,1663,793,390,403,
11915,3175,1555,1620,5555,2703,2852,6348,3054,3294,5553,2693,2860,3173,1508,1665,793,390,403,
11920,3176,1556,1620,5558,2705,2853,6351,3055,3296,5556,2694,2862,3173,1508,1665,794,390,404,
11925,3178,1557,1621,5558,2705,2853,6352,3055,3297,5558,2696,2862,3175,1509,1666,794,390,404,
11930,3179,1557,1622,5562,2707,2855,6356,3057,3299,5560,2697,2863,3177,1509,1668,794,390,404,
11935,3180,1558,1622,5565,2708,2857,6359,3057,3302,5563,2698,2865,3177,1509,1668,795,390,405,
11940,3182,1558,1624,5565,2708,2857,6360,3058,3302,5565,2699,2866,3179,1510,1669,795,390,405,
11945,3183,1559,1624,5569,2711,2858,6364,3061,3303,5567,2700,2867,3181,1510,1671,795,390,405,
11950,3184,1559,1625,5572,2712,2860,6367,3061,3306,5570,2701,2869,3181,1510,1671,796,390,406,
11955,3186,1559,1627,5572,2712,2860,6368,3061,3307,5572,2702,2870,3183,1511,1672,796,390,406,
11960,3187,1559,1628,5576,2715,2861,6372,3061,3311,5574,2704,2870,3185,1512,1673,796,390,406,
11965,3188,1559,1629,5579,2717,2862,6375,3064,3311,5577,2706,2871,3185,1512,1673,797,391,406,
11970,3190,1561,1629,5579,2717,2862,6376,3064,3312,5579,2707,2872,3187,1513,1674,797,391,406,
11975,3191,1561,1630,5583,2720,2863,6380,3066,3314,5581,2708,2873,3189,1514,1675,797,391,406,
11980,3192,1562,1630,5586,2722,2864,6383,3067,3316,5584,2709,2875,3189,1514,1675,798,392,406,
11985,3194,1562,1632,5586,2722,2864,6384,3067,3317,5586,2711,2875,3191,1515,1676,798,392,406,
11990,3195,1563,1632,5590,2723,2867,6388,3070,3318,5588,2711,2877,3193,1517,1676,798,392,406,
11995,3196,1564,1632,5593,2724,2869,6391,3072,3319,5591,2712,2879,3193,1517,1676,799,392,407,
12000,3198,1564,1634,5593,2724,2869,6392,3072,3320,5593,2712,2881,3195,1518,1677,799,392,407,
12005,3199,1564,1635,5597,2726,2871,6396,3075,3321,5595,2714,2881,3197,1519,1678,799,392,407,
12010,3200,1564,1636,5600,2729,2871,6399,3078,3321,5598,2715,2883,3197,1519,1678,800,393,407,
12015,3202,1566,1636,5600,2729,2871,6400,3078,3322,5600,2716,2884,3199,1519,1680,800,393,407,
12020,3203,1566,1637,5604,2732,2872,6404,3081,3323,5602,2716,2886,3201,1520,1681,800,393,407,
12025,3204,1567,1637,5607,2734,2873,6407,3083,3324,5605,2716,2889,3201,1520,1681,801,394,407,
12030,3206,1567,1639,5607,2734,2873,6408,3084,3324,5607,2717,2890,3203,1522,1681,801,394,407,
12035,3207,1567,1640,5611,2737,2874,6412,3086,3326,5609,2718,2891,3205,1523,1682,801,394,407,
12040,3208,1568,1640,5614,2739,2875,6415,3088,3327,5612,2719,2893,3205,1523,1682,802,394,408,
12045,3210,1569,1641,5614,2739,2875,6416,3089,3327,5614,2719,2895,3207,1524,1683,802,394,408,
12050,3211,1569,1642,5618,2742,2876,6420,3092,3328,5616,2720,2896,3209,1524,1685,802,394,408,
12055,3212,1569,1643,5621,2742,2879,6423,3092,3331,5619,2721,2898,3209,1524,1685,803,394,409,
12060,3214,1570,1644,5621,2742,2879,6424,3092,3332,5621,2722,2899,3211,1526,1685,803,394,409,
12065,3215,1570,1645,5625,2743,2882,6428,3095,3333,5623,2723,2900,3213,1527,1686,803,394,409,
12070,3216,1571,1645,5628,2744,2884,6431,3098,3333,5626,2724,2902,3213,1527,1686,804,394,410,
12075,3218,1571,1647,5628,2744,2884,6432,3098,3334,5628,2726,2902,3215,1527,1688,804,394,410,
12080,3219,1571,1648,5632,2746,2886,6436,3100,3336,5630,2726,2904,3217,1528,1689,804,394,410,
12085,3220,1572,1648,5635,2746,2889,6439,3102,3337,5633,2727,2906,3217,1528,1689,805,394,411,
12090,3222,1573,1649,5635,2746,2889,6440,3103,3337,5635,2728,2907,3219,1530,1689,805,394,411,
12095,3223,1574,1649,5639,2748,2891,6444,3105,3339,5637,2728,2909,3221,1531,1690,805,394,411,
12100,3224,1575,1649,5642,2749,2893,6447,3105,3342,5640,2729,2911,3221,1531,1690,806,394,412,
12105,3226,1576,1650,5642,2749,2893,6448,3105,3343,5642,2731,2911,3223,1531,1692,806,394,412,
12110,3227,1576,1651,5646,2751,2895,6452,3105,3347,5644,2731,2913,3225,1531,1694,806,394,412,
12115,3228,1576,1652,5649,2752,2897,6455,3105,3350,5647,2732,2915,3225,1531,1694,807,394,413,
12120,3230,1576,1654,5649,2752,2897,6456,3105,3351,5649,2734,2915,3227,1531,1696,807,394,413,
12125,3231,1577,1654,5653,2753,2900,6460,3107,3353,5651,2734,2917,3229,1532,1697,807,394,413,
12130,3232,1577,1655,5656,2755,2901,6463,3108,3355,5654,2736,2918,3229,1532,1697,808,395,413,
12135,3234,1578,1656,5656,2755,2901,6464,3109,3355,5656,2737,2919,3231,1533,1698,808,395,413,
12140,3235,1578,1657,5660,2755,2905,6468,3111,3357,5658,2739,2919,3233,1534,1699,808,395,413,
12145,3236,1578,1658,5663,2756,2907,6471,3111,3360,5661,2741,2920,3233,1534,1699,809,396,413,
12150,3238,1578,1660,5663,2756,2907,6472,3112,3360,5663,2743,2920,3235,1535,1700,809,396,413,
12155,3239,1579,1660,5667,2759,2908,6476,3114,3362,5665,2744,2921,3237,1536,1701,809,396,413,
12160,3240,1579,1661,5670,2759,2911,6479,3116,3363,5668,2745,2923,3237,1536,1701,810,396,414,
12165,3242,1580,1662,5670,2759,2911,6480,3117,3363,5670,2747,2923,3239,1538,1701,810,396,414,
12170,3243,1580,1663,5674,2761,2913,6484,3120,3364,5672,2748,2924,3241,1539,1702,810,396,414,
12175,3244,1581,1663,5677,2763,2914,6487,3121,3366,5675,2750,2925,3241,1539,1702,811,396,415,
12180,3246,1581,1665,5677,2763,2914,6488,3122,3366,5677,2750,2927,3243,1539,1704,811,396,415,
12185,3247,1582,1665,5681,2766,2915,6492,3123,3369,5679,2751,2928,3245,1540,1705,811,396,415,
12190,3248,1583,1665,5684,2769,2915,6495,3124,3371,5682,2753,2929,3245,1540,1705,812,397,415,
12195,3250,1584,1666,5684,2769,2915,6496,3124,3372,5684,2754,2930,3247,1541,1706,812,397,415,
12200,3251,1585,1666,5688,2771,2917,6500,3125,3375,5686,2755,2931,3249,1542,1707,812,397,415,
12205,3252,1585,1667,5691,2771,2920,6503,3127,3376,5689,2756,2933,3249,1542,1707,813,397,416,
12210,3254,1587,1667,5691,2771,2920,6504,3127,3377,5691,2758,2933,3251,1543,1708,813,397,416,
12215,3255,1587,1668,5695,2773,2922,6508,3130,3378,5693,2758,2935,3253,1543,1710,813,397,416,
12220,3256,1588,1668,5698,2776,2922,6511,3132,3379,5696,2758,2938,3253,1543,1710,814,398,416,
12225,3258,1588,1670,5698,2776,2922,6512,3132,3380,5698,2758,2940,3255,1545,1710,814,398,416,
12230,3259,1588,1671,5702,2776,2926,6516,3134,3382,5700,2760,2940,3257,1547,1710,814,398,416,
12235,3260,1589,1671,5705,2777,2928,6519,3135,3384,5703,2762,2941,3257,1547,1710,815,398,417,
12240,3262,1589,1673,5705,2777,2928,6520,3136,3384,5705,2763,2942,3259,1548,1711,815,398,417,
12245,3263,1590,1673,5709,2779,2930,6524,3139,3385,5707,2763,2944,3261,1550,1711,815,398,417,
12250,3264,1590,1674,5712,2780,2932,6527,3139,3388,5710,2763,2947,3261,1550,1711,816,398,418,
12255,3266,1591,1675,5712,2780,2932,6528,3140,3388,5712,2764,2948,3263,1550,1713,816,398,418,
12260,3267,1591,1676,5716,2781,2935,6532,3143,3389,5714,2764,2950,3265,1550,1715,816,398,418,
12265,3268,1591,1677,5719,2783,2936,6535,3146,3389,5717,2764,2953,3265,1550,1715,817,398,419,
12270,3270,1592,1678,5719,2783,2936,6536,3147,3389,5719,2765,2954,3267,1550,1717,817,398,419,
12275,3271,1592,1679,5723,2785,2938,6540,3148,3392,5721,2766,2955,3269,1552,1717,817,398,419,
12280,3272,1593,1679,5726,2786,2940,6543,3149,3394,5724,2767,2957,3269,1552,1717,818,399,419,
12285,3274,1595,1679,5726,2786,2940,6544,3150,3394,5726,2767,2959,3271,1553,1718,818,399,419,
12290,3275,1596,1679,5730,2786,2944,6548,3152,3396,5728,2767,2961,3273,1554,1719,818,399,419,
12295,3276,1597,1679,5733,2786,2947,6551,3153,3398,5731,2770,2961,3273,1554,1719,819,399,420,
12300,3278,1597,1681,5733,2786,2947,6552,3154,3398,5733,2772,2961,3275,1554,1721,819,399,420,
12305,3279,1597,1682,5737,2789,2948,6556,3154,3402,5735,2772,2963,3277,1555,1722,819,399,420,
12310,3280,1598,1682,5740,2790,2950,6559,3156,3403,5738,2774,2964,3277,1555,1722,820,400,420,
12315,3282,1599,1683,5740,2790,2950,6560,3156,3404,5740,2774,2966,3279,1555,1724,820,400,420,
12320,3283,1600,1683,5744,2790,2954,6564,3158,3406,5742,2775,2967,3281,1556,1725,820,400,420,
12325,3284,1601,1683,5747,2790,2957,6567,3160,3407,5745,2775,2970,3281,1556,1725,821,400,421,
12330,3286,1602,1684,5747,2790,2957,6568,3161,3407,5747,2776,2971,3283,1556,1727,821,400,421,
12335,3287,1603,1684,5751,2791,2960,6572,3163,3409,5749,2776,2973,3285,1557,1728,821,400,421,
12340,3288,1603,1685,5754,2794,2960,6575,3165,3410,5752,2777,2975,3285,1557,1728,822,401,421,
12345,3290,1604,1686,5754,2794,2960,6576,3165,3411,5754,2778,2976,3287,1558,1729,822,401,421,
12350,3291,1604,1687,5758,2795,2963,6580,3167,3413,5756,2778,2978,3289,1559,1730,822,401,421,
12355,3292,1604,1688,5761,2797,2964,6583,3167,3416,5759,2780,2979,3289,1559,1730,823,402,421,
12360,3294,1605,1689,5761,2797,2964,6584,3168,3416,5761,2781,2980,3291,1560,1731,823,402,421,
12365,3295,1605,1690,5765,2800,2965,6588,3169,3419,5763,2782,2981,3293,1561,1732,823,402,421,
12370,3296,1605,1691,5768,2801,2967,6591,3172,3419,5766,2782,2984,3293,1561,1732,824,402,422,
12375,3298,1607,1691,5768,2801,2967,6592,3172,3420,5768,2783,2985,3295,1562,1733,824,402,422,
12380,3299,1608,1691,5772,2803,2969,6596,3173,3423,5770,2784,2986,3297,1562,1735,824,402,422,
12385,3300,1609,1691,5775,2804,2971,6599,3173,3426,5773,2785,2988,3297,1562,1735,825,403,422,
12390,3302,1611,1691,5775,2804,2971,6600,3173,3427,5775,2785,2990,3299,1563,1736,825,403,422,
12395,3303,1611,1692,5779,2805,2974,6604,3177,3427,5777,2786,2991,3301,1564,1737,825,403,422,
12400,3304,1612,1692,5782,2807,2975,6607,3178,3429,5780,2786,2994,3301,1564,1737,826,404,422,
12405,3306,1613,1693,5782,2807,2975,6608,3179,3429,5782,2788,2994,3303,1564,1739,826,404,422,
12410,3307,1614,1693,5786,2807,2979,6612,3183,3429,5784,2789,2995,3305,1565,1740,826,404,422,
12415,3308,1614,1694,5789,2809,2980,6615,3185,3430,5787,2791,2996,3305,1565,1740,827,405,422,
12420,3310,1615,1695,5789,2809,2980,6616,3185,3431,5789,2792,2997,3307,1567,1740,827,405,422,
12425,3311,1615,1696,5793,2812,2981,6620,3187,3433,5791,2793,2998,3309,1568,1741,827,405,422,
12430,3312,1616,1696,5796,2814,2982,6623,3189,3434,5794,2795,2999,3309,1568,1741,828,405,423,
12435,3314,1617,1697,5796,2814,2982,6624,3190,3434,5796,2797,2999,3311,1568,1743,828,405,423,
12440,3315,1617,1698,5800,2817,2983,6628,3193,3435,5798,2797,3001,3313,1570,1743,828,405,423,
12445,3316,1617,1699,5803,2818,2985,6631,3195,3436,5801,2799,3002,3313,1570,1743,829,405,424,
12450,3318,1619,1699,5803,2818,2985,6632,3195,3437,5803,2801,3002,3315,1571,1744,829,405,424,
12455,3319,1619,1700,5807,2820,2987,6636,3199,3437,5805,2802,3003,3317,1573,1744,829,405,424,
12460,3320,1619,1701,5810,2820,2990,6639,3200,3439,5808,2802,3006,3317,1573,1744,830,406,424,
12465,3322,1620,1702,5810,2820,2990,6640,3201,3439,5810,2804,3006,3319,1574,1745,830,406,424,
12470,3323,1620,1703,5814,2822,2992,6644,3201,3443,5812,2804,3008,3321,1574,1747,830,406,424,
12475,3324,1620,1704,5817,2823,2994,6647,3202,3445,5815,2807,3008,3321,1574,1747,831,406,425,
12480,3326,1621,1705,5817,2823,2994,6648,3202,3446,5817,2809,3008,3323,1574,1749,831,406,425,
12485,3327,1622,1705,5821,2824,2997,6652,3205,3447,5819,2809,3010,3325,1574,1751,831,406,425,
12490,3328,1622,1706,5824,2825,2999,6655,3207,3448,5822,2812,3010,3325,1574,1751,832,407,425,
12495,3330,1623,1707,5824,2825,2999,6656,3208,3448,5824,2812,3012,3327,1576,1751,832,407,425,
12500,3331,1623,1708,5828,2829,2999,6660,3211,3449,5826,2813,3013,3329,1578,1751,832,407,425,
12505,3332,1624,1708,5831,2830,3001,6663,3213,3450,5829,2814,3015,3329,1578,1751,833,407,426,
12510,3334,1624,1710,5831,2830,3001,6664,3214,3450,5831,2815,3016,3331,1578,1753,833,407,426,
12515,3335,1624,1711,5835,2832,3003,6668,3216,3452,5833,2817,3016,3333,1579,1754,833,407,426,
12520,3336,1625,1711,5838,2833,3005,6671,3217,3454,5836,2819,3017,3333,1579,1754,834,408,426,
12525,3338,1626,1712,5838,2833,3005,6672,3218,3454,5838,2820,3018,3335,1579,1756,834,408,426,
12530,3339,1626,1713,5842,2835,3007,6676,3220,3456,5840,2821,3019,3337,1579,1758,834,408,426,
12535,3340,1626,1714,5845,2836,3009,6679,3221,3458,5843,2823,3020,3337,1579,1758,835,409,426,
12540,3342,1627,1715,5845,2836,3009,6680,3221,3459,5845,2823,3022,3339,1579,1760,835,409,426,
12545,3343,1627,1716,5849,2839,3010,6684,3223,3461,5847,2823,3024,3341,1580,1761,835,409,426,
12550,3344,1627,1717,5852,2841,3011,6687,3224,3463,5850,2825,3025,3341,1580,1761,836,409,427,
12555,3346,1629,1717,5852,2841,3011,6688,3225,3463,5852,2825,3027,3343,1580,1763,836,409,427,
12560,3347,1630,1717,5856,2844,3012,6692,3226,3466,5854,2826,3028,3345,1582,1763,836,409,427,
12565,3348,1630,1718,5859,2845,3014,6695,3227,3468,5857,2828,3029,3345,1582,1763,837,409,428,
12570,3350,1631,1719,5859,2845,3014,6696,3227,3469,5859,2830,3029,3347,1583,1764,837,409,428,
12575,3351,1632,1719,5863,2845,3018,6700,3229,3471,5861,2831,3030,3349,1584,1765,837,409,428,
12580,3352,1633,1719,5866,2846,3020,6703,3231,3472,5864,2833,3031,3349,1584,1765,838,409,429,
12585,3354,1634,1720,5866,2846,3020,6704,3231,3473,5866,2835,3031,3351,1585,1766,838,409,429,
12590,3355,1634,1721,5870,2848,3022,6708,3232,3476,5868,2836,3032,3353,1586,1767,838,409,429,
12595,3356,1635,1721,5873,2851,3022,6711,3234,3477,5871,2837,3034,3353,1586,1767,839,409,430,
12600,3358,1636,1722,5873,2851,3022,6712,3234,3478,5873,2838,3035,3355,1587,1768,839,409,430,
12605,3359,1637,1722,5877,2854,3023,6716,3236,3480,5875,2839,3036,3357,1588,1769,839,409,430,
12610,3360,1638,1722,5880,2854,3026,6719,3238,3481,5878,2841,3037,3357,1588,1769,840,410,430,
12615,3362,1639,1723,5880,2854,3026,6720,3239,3481,5880,2843,3037,3359,1588,1771,840,410,430,
12620,3363,1639,1724,5884,2857,3027,6724,3241,3483,5882,2845,3037,3361,1589,1772,840,410,430,
12625,3364,1640,1724,5887,2858,3029,6727,3242,3485,5885,2846,3039,3361,1589,1772,841,410,431,
12630,3366,1641,1725,5887,2858,3029,6728,3243,3485,5887,2847,3040,3363,1590,1773,841,410,431,
12635,3367,1642,1725,5891,2858,3033,6732,3246,3486,5889,2847,3042,3365,1590,1775,841,410,431,
12640,3368,1643,1725,5894,2861,3033,6735,3247,3488,5892,2848,3044,3365,1590,1775,842,411,431,
12645,3370,1644,1726,5894,2861,3033,6736,3247,3489,5894,2849,3045,3367,1590,1777,842,411,431,
12650,3371,1644,1727,5898,2863,3035,6740,3250,3490,5896,2849,3047,3369,1591,1778,842,411,431,
12655,3372,1644,1728,5901,2864,3037,6743,3250,3493,5899,2851,3048,3369,1591,1778,843,411,432,
12660,3374,1645,1729,5901,2864,3037,6744,3250,3494,5901,2852,3049,3371,1591,1780,843,411,432,
12665,3375,1645,1730,5905,2867,3038,6748,3251,3497,5903,2853,3050,3373,1592,1781,843,411,432,
12670,3376,1645,1731,5908,2868,3040,6751,3252,3499,5906,2855,3051,3373,1592,1781,844,412,432,
12675,3378,1645,1733,5908,2868,3040,6752,3252,3500,5908,2855,3053,3375,1593,1782,844,412,432,
12680,3379,1645,1734,5912,2871,3041,6756,3252,3504,5910,2856,3054,3377,1595,1782,844,412,432,
12685,3380,1646,1734,5915,2871,3044,6759,3254,3505,5913,2859,3054,3377,1595,1782,845,413,432,
12690,3382,1648,1734,5915,2871,3044,6760,3255,3505,5915,2860,3055,3379,1596,1783,845,413,432,
12695,3383,1648,1735,5919,2875,3044,6764,3256,3508,5917,2862,3055,3381,1597,1784,845,413,432,
12700,3384,1648,1736,5922,2878,3044,6767,3259,3508,5920,2864,3056,3381,1597,1784,846,413,433,
12705,3386,1649,1737,5922,2878,3044,6768,3260,3508,5922,2864,3058,3383,1598,1785,846,413,433,
12710,3387,1649,1738,5926,2881,3045,6772,3262,3510,5924,2865,3059,3385,1599,1786,846,413,433,
12715,3388,1650,1738,5929,2883,3046,6775,3264,3511,5927,2866,3061,3385,1599,1786,847,413,434,
12720,3390,1651,1739,5929,2883,3046,6776,3264,3512,5929,2867,3062,3387,1600,1787,847,413,434,
12725,3391,1651,1740,5933,2885,3048,6780,3268,3512,5931,2869,3062,3389,1600,1789,847,413,434,
12730,3392,1652,1740,5936,2886,3050,6783,3268,3515,5934,2871,3063,3389,1600,1789,848,414,434,
12735,3394,1654,1740,5936,2886,3050,6784,3268,3516,5936,2871,3065,3391,1601,1790,848,414,434,
12740,3395,1654,1741,5940,2889,3051,6788,3271,3517,5938,2873,3065,3393,1601,1792,848,414,434,
12745,3396,1654,1742,5943,2890,3053,6791,3273,3518,5941,2875,3066,3393,1601,1792,849,415,434,
12750,3398,1655,1743,5943,2890,3053,6792,3273,3519,5943,2876,3067,3395,1602,1793,849,415,434,
12755,3399,1655,1744,5947,2891,3056,6796,3277,3519,5945,2876,3069,3397,1603,1794,849,415,434,
12760,3400,1655,1745,5950,2893,3057,6799,3278,3521,5948,2879,3069,3397,1603,1794,850,416,434,
12765,3402,1656,1746,5950,2893,3057,6800,3279,3521,5950,2880,3070,3399,1603,1796,850,416,434,
12770,3403,1657,1746,5954,2894,3060,6804,3281,3523,5952,2881,3071,3401,1603,1798,850,416,434,
12775,3404,1658,1746,5957,2895,3062,6807,3283,3524,5955,2881,3074,3401,1603,1798,851,416,435,
12780,3406,1659,1747,5957,2895,3062,6808,3284,3524,5957,2882,3075,3403,1604,1799,851,416,435,
12785,3407,1660,1747,5961,2897,3064,6812,3285,3527,5959,2882,3077,3405,1605,1800,851,416,435,
12790,3408,1660,1748,5964,2899,3065,6815,3287,3528,5962,2884,3078,3405,1605,1800,852,417,435,
12795,3410,1662,1748,5964,2899,3065,6816,3287,3529,5964,2885,3079,3407,1606,1801,852,417,435,
12800,3411,1662,1749,5968,2902,3066,6820,3290,3530,5966,2886,3080,3409,1607,1802,852,417,435,
12805,3412,1663,1749,5971,2904,3067,6823,3293,3530,5969,2887,3082,3409,1607,1802,853,417,436,
12810,3414,1664,1750,5971,2904,3067,6824,3293,3531,5971,2887,3084,3411,1607,1804,853,417,436,
12815,3415,1664,1751,5975,2906,3069,6828,3295,3533,5973,2888,3085,3413,1609,1804,853,417,436,
12820,3416,1665,1751,5978,2907,3071,6831,3295,3536,5976,2890,3086,3413,1609,1804,854,417,437,
12825,3418,1667,1751,5978,2907,3071,6832,3295,3537,5978,2890,3088,3415,1610,1805,854,417,437,
12830,3419,1668,1751,5982,2909,3073,6836,3297,3539,5980,2892,3088,3417,1611,1806,854,417,437,
12835,3420,1668,1752,5985,2910,3075,6839,3300,3539,5983,2894,3089,3417,1611,1806,855,418,437,
12840,3422,1669,1753,5985,2910,3075,6840,3300,3540,5985,2895,3090,3419,1612,1807,855,418,437,
12845,3423,1670,1753,5989,2912,3077,6844,3302,3542,5987,2895,3092,3421,1612,1809,855,418,437,
12850,3424,1670,1754,5992,2915,3077,6847,3303,3544,5990,2897,3093,3421,1612,1809,856,419,437,
12855,3426,1671,1755,5992,2915,3077,6848,3303,3545,5992,2897,3095,3423,1614,1809,856,419,437,
12860,3427,1672,1755,5996,2917,3079,6852,3306,3546,5994,2898,3096,3425,1616,1809,856,419,437,
12865,3428,1672,1756,5999,2917,3082,6855,3307,3548,5997,2898,3099,3425,1616,1809,857,420,437,
12870,3430,1674,1756,5999,2917,3082,6856,3308,3548,5999,2899,3100,3427,1616,1811,857,420,437,
12875,3431,1674,1757,6003,2919,3084,6860,3310,3550,6001,2899,3102,3429,1616,1813,857,420,437,
12880,3432,1674,1758,6006,2921,3085,6863,3311,3552,6004,2902,3102,3429,1616,1813,858,421,437,
12885,3434,1674,1760,6006,2921,3085,6864,3312,3552,6006,2902,3104,3431,1617,1814,858,421,437,
12890,3435,1675,1760,6010,2922,3088,6868,3315,3553,6008,2903,3105,3433,1617,1816,858,421,437,
12895,3436,1676,1760,6013,2924,3089,6871,3317,3554,6011,2904,3107,3433,1617,1816,859,422,437,
12900,3438,1677,1761,6013,2924,3089,6872,3318,3554,6013,2905,3108,3435,1618,1817,859,422,437,
12905,3439,1677,1762,6017,2925,3092,6876,3321,3555,6015,2905,3110,3437,1618,1819,859,422,437,
12910,3440,1678,1762,6020,2926,3094,6879,3322,3557,6018,2908,3110,3437,1618,1819,860,423,437,
12915,3442,1679,1763,6020,2926,3094,6880,3322,3558,6020,2908,3112,3439,1619,1820,860,423,437,
12920,3443,1680,1763,6024,2928,3096,6884,3324,3560,6022,2909,3113,3441,1619,1822,860,423,437,
12925,3444,1681,1763,6027,2929,3098,6887,3327,3560,6025,2911,3114,3441,1619,1822,861,423,438,
12930,3446,1682,1764,6027,2929,3098,6888,3328,3560,6027,2912,3115,3443,1619,1824,861,423,438,
12935,3447,1683,1764,6031,2930,3101,6892,3331,3561,6029,2913,3116,3445,1619,1826,861,423,438,
12940,3448,1683,1765,6034,2930,3104,6895,3333,3562,6032,2915,3117,3445,1619,1826,862,424,438,
12945,3450,1683,1767,6034,2930,3104,6896,3334,3562,6034,2915,3119,3447,1621,1826,862,424,438,
12950,3451,1683,1768,6038,2934,3104,6900,3336,3564,6036,2916,3120,3449,1622,1827,862,424,438,
12955,3452,1683,1769,6041,2936,3105,6903,3338,3565,6039,2916,3123,3449,1622,1827,863,425,438,
12960,3454,1684,1770,6041,2936,3105,6904,3339,3565,6041,2916,3125,3451,1623,1828,863,425,438,
12965,3455,1685,1770,6045,2938,3107,6908,3342,3566,6043,2917,3126,3453,1625,1828,863,425,438,
12970,3456,1686,1770,6048,2940,3108,6911,3343,3568,6046,2919,3127,3453,1625,1828,864,425,439,
12975,3458,1687,1771,6048,2940,3108,6912,3344,3568,6048,2921,3127,3455,1626,1829,864,425,439,
12980,3459,1687,1772,6052,2943,3109,6916,3347,3569,6050,2921,3129,3457,1627,1830,864,425,439,
12985,3460,1688,1772,6055,2945,3110,6919,3348,3571,6053,2923,3130,3457,1627,1830,865,426,439,
12990,3462,1688,1774,6055,2945,3110,6920,3349,3571,6055,2923,3132,3459,1629,1830,865,426,439,
12995,3463,1688,1775,6059,2947,3112,6924,3352,3572,6057,2923,3134,3461,1630,1831,865,426,439,
13000,3464,1689,1775,6062,2949,3113,6927,3354,3573,6060,2925,3135,3461,1630,1831,866,427,439,
13005,3466,1691,1775,6062,2949,3113,6928,3355,3573,6062,2927,3135,3463,1632,1831,866,427,439,
13010,3467,1692,1775,6066,2951,3115,6932,3357,3575,6064,2929,3135,3465,1633,1832,866,427,439,
13015,3468,1693,1775,6069,2952,3117,6935,3360,3575,6067,2931,3136,3465,1633,1832,867,427,440,
13020,3470,1693,1777,6069,2952,3117,6936,3360,3576,6069,2931,3138,3467,1634,1833,867,427,440,
13025,3471,1693,1778,6073,2955,3118,6940,3361,3579,6071,2932,3139,3469,1634,1835,867,427,440,
13030,3472,1693,1779,6076,2956,3120,6943,3362,3581,6074,2934,3140,3469,1634,1835,868,428,440,
13035,3474,1693,1781,6076,2956,3120,6944,3363,3581,6076,2936,3140,3471,1634,1837,868,428,440,
13040,3475,1693,1782,6080,2958,3122,6948,3364,3584,6078,2937,3141,3473,1636,1837,868,428,440,
13045,3476,1693,1783,6083,2960,3123,6951,3364,3587,6081,2940,3141,3473,1636,1837,869,429,440,
13050,3478,1694,1784,6083,2960,3123,6952,3364,3588,6083,2941,3142,3475,1637,1838,869,429,440,
13055,3479,1694,1785,6087,2961,3126,6956,3367,3589,6085,2943,3142,3477,1638,1839,869,429,440,
13060,3480,1695,1785,6090,2963,3127,6959,3368,3591,6088,2944,3144,3477,1638,1839,870,430,440,
13065,3482,1696,1786,6090,2963,3127,6960,3369,3591,6090,2944,3146,3479,1639,1840,870,430,440,
13070,3483,1697,1786,6094,2964,3130,6964,3372,3592,6092,2946,3146,3481,1640,1841,870,430,440,
13075,3484,1697,1787,6097,2966,3131,6967,3373,3594,6095,2947,3148,3481,1640,1841,871,430,441,
13080,3486,1698,1788,6097,2966,3131,6968,3374,3594,6097,2949,3148,3483,1641,1842,871,430,441,
13085,3487,1698,1789,6101,2969,3132,6972,3376,3596,6099,2950,3149,3485,1641,1844,871,430,441,
13090,3488,1698,1790,6104,2970,3134,6975,3379,3596,6102,2951,3151,3485,1641,1844,872,430,442,
13095,3490,1699,1791,6104,2970,3134,6976,3380,3596,6104,2952,3152,3487,1642,1845,872,430,442,
13100,3491,1700,1791,6108,2972,3136,6980,3383,3597,6106,2954,3152,3489,1643,1846,872,430,442,
13105,3492,1701,1791,6111,2974,3137,6983,3384,3599,6109,2957,3152,3489,1643,1846,873,431,442,
13110,3494,1702,1792,6111,2974,3137,6984,3385,3599,6111,2958,3153,3491,1644,1847,873,431,442,
13115,3495,1703,1792,6115,2977,3138,6988,3388,3600,6113,2959,3154,3493,1645,1848,873,431,442,
13120,3496,1703,1793,6118,2978,3140,6991,3388,3603,6116,2960,3156,3493,1645,1848,874,432,442,
13125,3498,1705,1793,6118,2978,3140,6992,3388,3604,6118,2962,3156,3495,1645,1850,874,432,442,
13130,3499,1706,1793,6122,2980,3142,6996,3390,3606,6120,2964,3156,3497,1647,1850,874,432,442,
13135,3500,1707,1793,6125,2983,3142,6999,3392,3607,6123,2964,3159,3497,1647,1850,875,432,443,
13140,3502,1708,1794,6125,2983,3142,7000,3393,3607,6125,2966,3159,3499,1647,1852,875,432,443,
13145,3503,1709,1794,6129,2985,3144,7004,3396,3608,6127,2966,3161,3501,1648,1853,875,432,443,
13150,3504,1710,1794,6132,2985,3147,7007,3397,3610,6130,2968,3162,3501,1648,1853,876,432,444,
13155,3506,1712,1794,6132,2985,3147,7008,3397,3611,6132,2969,3163,3503,1650,1853,876,432,444,
13160,3507,1712,1795,6136,2987,3149,7012,3401,3611,6134,2970,3164,3505,1650,1855,876,432,444,
13165,3508,1713,1795,6139,2989,3150,7015,3402,3613,6137,2972,3165,3505,1650,1855,877,432,445,
13170,3510,1713,1797,6139,2989,3150,7016,3402,3614,6139,2973,3166,3507,1650,1857,877,432,445,
13175,3511,1713,1798,6143,2989,3154,7020,3403,3617,6141,2975,3166,3509,1651,1858,877,432,445,
13180,3512,1713,1799,6146,2991,3155,7023,3406,3617,6144,2976,3168,3509,1651,1858,878,432,446,
13185,3514,1714,1800,6146,2991,3155,7024,3407,3617,6146,2976,3170,3511,1652,1859,878,432,446,
13190,3515,1714,1801,6150,2993,3157,7028,3410,3618,6148,2977,3171,3513,1654,1859,878,432,446,
13195,3516,1715,1801,6153,2995,3158,7031,3412,3619,6151,2979,3172,3513,1654,1859,879,432,447,
13200,3518,1715,1803,6153,2995,3158,7032,3413,3619,6153,2980,3173,3515,1654,1861,879,432,447,
13205,3519,1716,1803,6157,2996,3161,7036,3417,3619,6155,2981,3174,3517,1655,1862,879,432,447,
13210,3520,1717,1803,6160,2998,3162,7039,3419,3620,6158,2982,3176,3517,1655,1862,880,432,448,
13215,3522,1719,1803,6160,2998,3162,7040,3420,3620,6160,2984,3176,3519,1656,1863,880,432,448,
13220,3523,1720,1803,6164,2999,3165,7044,3422,3622,6162,2985,3177,3521,1656,1865,880,432,448,
13225,3524,1721,1803,6167,3001,3166,7047,3423,3624,6165,2986,3179,3521,1656,1865,881,433,448,
13230,3526,1722,1804,6167,3001,3166,7048,3424,3624,6167,2987,3180,3523,1657,1866,881,433,448,
13235,3527,1722,1805,6171,3002,3169,7052,3427,3625,6169,2988,3181,3525,1657,1868,881,433,448,
13240,3528,1722,1806,6174,3004,3170,7055,3428,3627,6172,2988,3184,3525,1657,1868,882,433,449,
13245,3530,1723,1807,6174,3004,3170,7056,3428,3628,6174,2989,3185,3527,1659,1868,882,433,449,
13250,3531,1723,1808,6178,3005,3173,7060,3431,3629,6176,2990,3186,3529,1659,1870,882,433,449,
13255,3532,1723,1809,6181,3007,3174,7063,3433,3630,6179,2992,3187,3529,1659,1870,883,434,449,
13260,3534,1724,1810,6181,3007,3174,7064,3433,3631,6181,2993,3188,3531,1659,1872,883,434,449,
13265,3535,1725,1810,6185,3009,3176,7068,3435,3633,6183,2995,3188,3533,1660,1873,883,434,449,
13270,3536,1725,1811,6188,3011,3177,7071,3436,3635,6186,2997,3189,3533,1660,1873,884,434,450,
13275,3538,1725,1813,6188,3011,3177,7072,3436,3636,6188,2998,3190,3535,1661,1874,884,434,450,
13280,3539,1725,1814,6192,3012,3180,7076,3438,3638,6190,2999,3191,3537,1661,1876,884,434,450,
13285,3540,1725,1815,6195,3014,3181,7079,3439,3640,6193,2999,3194,3537,1661,1876,885,435,450,
13290,3542,1726,1816,6195,3014,3181,7080,3439,3641,6195,3000,3195,3539,1662,1877,885,435,450,
13295,3543,1727,1816,6199,3016,3183,7084,3440,3644,6197,3002,3195,3541,1662,1879,885,435,450,
13300,3544,1728,1816,6202,3016,3186,7087,3441,3646,6200,3003,3197,3541,1662,1879,886,436,450,
13305,3546,1729,1817,6202,3016,3186,7088,3441,3647,6202,3004,3198,3543,1662,1881,886,436,450,
13310,3547,1729,1818,6206,3019,3187,7092,3441,3651,6204,3005,3199,3545,1663,1882,886,436,450,
13315,3548,1729,1819,6209,3020,3189,7095,3442,3653,6207,3007,3200,3545,1663,1882,887,437,450,
13320,3550,1730,1820,6209,3020,3189,7096,3443,3653,6209,3008,3201,3547,1664,1883,887,437,450,
13325,3551,1731,1820,6213,3021,3192,7100,3445,3655,6211,3009,3202,3549,1665,1884,887,437,450,
13330,3552,1732,1820,6216,3023,3193,7103,3448,3655,6214,3010,3204,3549,1665,1884,888,437,451,
13335,3554,1733,1821,6216,3023,3193,7104,3448,3656,6216,3011,3205,3551,1665,1886,888,437,451,
13340,3555,1733,1822,6220,3026,3194,7108,3449,3659,6218,3011,3207,3553,1665,1888,888,437,451,
13345,3556,1734,1822,6223,3028,3195,7111,3450,3661,6221,3013,3208,3553,1665,1888,889,437,452,
13350,3558,1734,1824,6223,3028,3195,7112,3451,3661,6223,3013,3210,3555,1666,1889,889,437,452,
13355,3559,1735,1824,6227,3029,3198,7116,3452,3664,6225,3014,3211,3557,1666,1891,889,437,452,
13360,3560,1735,1825,6230,3030,3200,7119,3453,3666,6228,3016,3212,3557,1666,1891,890,437,453,
13365,3562,1737,1825,6230,3030,3200,7120,3453,3667,6230,3017,3213,3559,1667,1892,890,437,453,
13370,3563,1737,1826,6234,3031,3203,7124,3457,3667,6232,3017,3215,3561,1668,1893,890,437,453,
13375,3564,1737,1827,6237,3031,3206,7127,3458,3669,6235,3017,3218,3561,1668,1893,891,437,454,
13380,3566,1738,1828,6237,3031,3206,7128,3458,3670,6237,3019,3218,3563,1670,1893,891,437,454,
13385,3567,1738,1829,6241,3031,3210,7132,3460,3672,6239,3019,3220,3565,1670,1895,891,437,454,
13390,3568,1738,1830,6244,3033,3211,7135,3461,3674,6242,3019,3223,3565,1670,1895,892,438,454,
13395,3570,1738,1832,6244,3033,3211,7136,3461,3675,6244,3021,3223,3567,1672,1895,892,438,454,
13400,3571,1738,1833,6248,3036,3212,7140,3463,3677,6246,3022,3224,3569,1673,1896,892,438,454,
13405,3572,1738,1834,6251,3038,3213,7143,3465,3678,6249,3023,3226,3569,1673,1896,893,438,455,
13410,3574,1739,1835,6251,3038,3213,7144,3466,3678,6251,3025,3226,3571,1674,1897,893,438,455,
13415,3575,1740,1835,6255,3041,3214,7148,3466,3682,6253,3026,3227,3573,1675,1898,893,438,455,
13420,3576,1740,1836,6258,3042,3216,7151,3467,3684,6256,3028,3228,3573,1675,1898,894,438,456,
13425,3578,1742,1836,6258,3042,3216,7152,3468,3684,6258,3028,3230,3575,1675,1900,894,438,456,
13430,3579,1743,1836,6262,3043,3219,7156,3468,3688,6260,3029,3231,3577,1675,1902,894,438,456,
13435,3580,1743,1837,6265,3045,3220,7159,3470,3689,6263,3029,3234,3577,1675,1902,895,438,457,
13440,3582,1744,1838,6265,3045,3220,7160,3470,3690,6265,3030,3235,3579,1676,1903,895,438,457,
13445,3583,1744,1839,6269,3047,3222,7164,3471,3693,6267,3031,3236,3581,1676,1905,895,438,457,
13450,3584,1744,1840,6272,3049,3223,7167,3474,3693,6270,3034,3236,3581,1676,1905,896,439,457,
13455,3586,1746,1840,6272,3049,3223,7168,3475,3693,6272,3036,3236,3583,1677,1906,896,439,457,
13460,3587,1747,1840,6276,3050,3226,7172,3477,3695,6274,3037,3237,3585,1677,1908,896,439,457,
13465,3588,1747,1841,6279,3051,3228,7175,3479,3696,6277,3037,3240,3585,1677,1908,897,439,458,
13470,3590,1747,1843,6279,3051,3228,7176,3480,3696,6279,3038,3241,3587,1677,1910,897,439,458,
13475,3591,1747,1844,6283,3053,3230,7180,3481,3699,6281,3040,3241,3589,1677,1912,897,439,458,
13480,3592,1748,1844,6286,3053,3233,7183,3482,3701,6284,3042,3242,3589,1677,1912,898,440,458,
13485,3594,1750,1844,6286,3053,3233,7184,3483,3701,6286,3043,3243,3591,1679,1912,898,440,458,
13490,3595,1751,1844,6290,3054,3236,7188,3486,3702,6288,3043,3245,3593,1679,1914,898,440,458,
13495,3596,1752,1844,6293,3054,3239,7191,3488,3703,6291,3043,3248,3593,1679,1914,899,441,458,
13500,3598,1753,1845,6293,3054,3239,7192,3488,3704,6293,3044,3249,3595,1681,1914,899,441,458,
13505,3599,1753,1846,6297,3055,3242,7196,3490,3706,6295,3046,3249,3597,1682,1915,899,441,458,
13510,3600,1754,1846,6300,3057,3243,7199,3492,3707,6298,3048,3250,3597,1682,1915,900,442,458,
13515,3602,1756,1846,6300,3057,3243,7200,3493,3707,6300,3049,3251,3599,1683,1916,900,442,458,
13520,3603,1756,1847,6304,3059,3245,7204,3495,3709,6302,3050,3252,3601,1684,1917,900,442,458,
13525,3604,1757,1847,6307,3061,3246,7207,3496,3711,6305,3051,3254,3601,1684,1917,901,442,459,
13530,3606,1759,1847,6307,3061,3246,7208,3496,3712,6307,3052,3255,3603,1685,1918,901,442,459,
13535,3607,1760,1847,6311,3064,3247,7212,3497,3715,6309,3054,3255,3605,1685,1920,901,442,459,
13540,3608,1761,1847,6314,3065,3249,7215,3499,3716,6312,3055,3257,3605,1685,1920,902,443,459,
13545,3610,1763,1847,6314,3065,3249,7216,3499,3717,6314,3056,3258,3607,1686,1921,902,443,459,
13550,3611,1763,1848,6318,3065,3253,7220,3501,3719,6316,3058,3258,3609,1688,1921,902,443,459,
13555,3612,1764,1848,6321,3066,3255,7223,3502,3721,6319,3059,3260,3609,1688,1921,903,443,460,
13560,3614,1764,1850,6321,3066,3255,7224,3503,3721,6321,3060,3261,3611,1689,1922,903,443,460,
13565,3615,1764,1851,6325,3068,3257,7228,3506,3722,6323,3060,3263,3613,1690,1923,903,443,460,
13570,3616,1764,1852,6328,3069,3259,7231,3507,3724,6326,3062,3264,3613,1690,1923,904,444,460,
13575,3618,1765,1853,6328,3069,3259,7232,3508,3724,6328,3063,3265,3615,1690,1925,904,444,460,
13580,3619,1765,1854,6332,3070,3262,7236,3510,3726,6330,3064,3266,3617,1690,1927,904,444,460,
13585,3620,1766,1854,6335,3073,3262,7239,3512,3727,6333,3066,3267,3617,1690,1927,905,445,460,
13590,3622,1767,1855,6335,3073,3262,7240,3512,3728,6335,3067,3268,3619,1692,1927,905,445,460,
13595,3623,1768,1855,6339,3074,3265,7244,3515,3729,6337,3067,3270,3621,1692,1929,905,445,460,
13600,3624,1768,1856,6342,3075,3267,7247,3516,3731,6340,3068,3272,3621,1692,1929,906,445,461,
13605,3626,1769,1857,6342,3075,3267,7248,3516,3732,6342,3068,3274,3623,1693,1930,906,445,461,
13610,3627,1770,1857,6346,3077,3269,7252,3519,3733,6344,3068,3276,3625,1694,1931,906,445,461,
13615,3628,1771,1857,6349,3078,3271,7255,3520,3735,6347,3068,3279,3625,1694,1931,907,446,461,
13620,3630,1772,1858,6349,3078,3271,7256,3520,3736,6349,3069,3280,3627,1694,1933,907,446,461,
13625,3631,1772,1859,6353,3079,3274,7260,3522,3738,6351,3069,3282,3629,1695,1934,907,446,461,
13630,3632,1773,1859,6356,3081,3275,7263,3522,3741,6354,3071,3283,3629,1695,1934,908,446,462,
13635,3634,1775,1859,6356,3081,3275,7264,3523,3741,6356,3071,3285,3631,1696,1935,908,446,462,
13640,3635,1775,1860,6360,3085,3275,7268,3524,3744,6358,3071,3287,3633,1697,1936,908,446,462,
13645,3636,1775,1861,6363,3085,3278,7271,3525,3746,6361,3073,3288,3633,1697,1936,909,447,462,
13650,3638,1776,1862,6363,3085,3278,7272,3525,3747,6363,3073,3290,3635,1698,1937,909,447,462,
13655,3639,1776,1863,6367,3088,3279,7276,3529,3747,6365,3075,3290,3637,1700,1937,909,447,462,
13660,3640,1777,1863,6370,3090,3280,7279,3529,3750,6368,3077,3291,3637,1700,1937,910,448,462,
13665,3642,1777,1865,6370,3090,3280,7280,3530,3750,6370,3078,3292,3639,1701,1938,910,448,462,
13670,3643,1777,1866,6374,3090,3284,7284,3531,3753,6372,3079,3293,3641,1702,1939,910,448,462,
13675,3644,1778,1866,6377,3092,3285,7287,3533,3754,6375,3080,3295,3641,1702,1939,911,449,462,
13680,3646,1780,1866,6377,3092,3285,7288,3533,3755,6377,3081,3296,3643,1703,1940,911,449,462,
13685,3647,1780,1867,6381,3095,3286,7292,3534,3758,6379,3083,3296,3645,1704,1941,911,449,462,
13690,3648,1780,1868,6384,3095,3289,7295,3535,3760,6382,3084,3298,3645,1704,1941,912,449,463,
13695,3650,1782,1868,6384,3095,3289,7296,3536,3760,6384,3084,3300,3647,1704,1943,912,449,463,
13700,3651,1783,1868,6388,3099,3289,7300,3539,3761,6386,3084,3302,3649,1706,1943,912,449,463,
13705,3652,1783,1869,6391,3100,3291,7303,3540,3763,6389,3086,3303,3649,1706,1943,913,450,463,
13710,3654,1783,1871,6391,3100,3291,7304,3540,3764,6391,3088,3303,3651,1708,1943,913,450,463,
13715,3655,1784,1871,6395,3102,3293,7308,3542,3766,6393,3088,3305,3653,1708,1945,913,450,463,
13720,3656,1784,1872,6398,3104,3294,7311,3542,3769,6396,3089,3307,3653,1708,1945,914,450,464,
13725,3658,1784,1874,6398,3104,3294,7312,3543,3769,6398,3089,3309,3655,1709,1946,914,450,464,
13730,3659,1784,1875,6402,3106,3296,7316,3544,3772,6400,3089,3311,3657,1709,1948,914,450,464,
13735,3660,1784,1876,6405,3107,3298,7319,3545,3774,6403,3091,3312,3657,1709,1948,915,451,464,
13740,3662,1784,1878,6405,3107,3298,7320,3545,3775,6405,3091,3314,3659,1710,1949,915,451,464,
13745,3663,1785,1878,6409,3109,3300,7324,3547,3777,6407,3093,3314,3661,1710,1951,915,451,464,
13750,3664,1785,1879,6412,3109,3303,7327,3549,3778,6410,3095,3315,3661,1710,1951,916,452,464,
13755,3666,1785,1881,6412,3109,3303,7328,3549,3779,6412,3095,3317,3663,1710,1953,916,452,464,
13760,3667,1786,1881,6416,3111,3305,7332,3550,3782,6414,3097,3317,3665,1711,1954,916,452,464,
13765,3668,1787,1881,6419,3112,3307,7335,3552,3783,6417,3097,3320,3665,1711,1954,917,452,465,
13770,3670,1787,1883,6419,3112,3307,7336,3553,3783,6419,3098,3321,3667,1713,1954,917,452,465,
13775,3671,1788,1883,6423,3113,3310,7340,3555,3785,6421,3099,3322,3669,1715,1954,917,452,465,
13780,3672,1789,1883,6426,3115,3311,7343,3557,3786,6424,3099,3325,3669,1715,1954,918,452,466,
13785,3674,1790,1884,6426,3115,3311,7344,3558,3786,6426,3100,3326,3671,1717,1954,918,452,466,
13790,3675,1791,1884,6430,3116,3314,7348,3561,3787,6428,3101,3327,3673,1718,1955,918,452,466,
13795,3676,1791,1885,6433,3117,3316,7351,3563,3788,6431,3103,3328,3673,1718,1955,919,452,467,
13800,3678,1792,1886,6433,3117,3316,7352,3563,3789,6433,3103,3330,3675,1719,1956,919,452,467,
13805,3679,1793,1886,6437,3119,3318,7356,3565,3791,6435,3104,3331,3677,1720,1957,919,452,467,
13810,3680,1793,1887,6440,3121,3319,7359,3567,3792,6438,3106,3332,3677,1720,1957,920,453,467,
13815,3682,1795,1887,6440,3121,3319,7360,3567,3793,6440,3108,3332,3679,1721,1958,920,453,467,
13820,3683,1795,1888,6444,3122,3322,7364,3570,3794,6442,3110,3332,3681,1722,1959,920,453,467,
13825,3684,1796,1888,6447,3124,3323,7367,3572,3795,6445,3111,3334,3681,1722,1959,921,453,468,
13830,3686,1796,1890,6447,3124,3323,7368,3572,3796,6447,3112,3335,3683,1723,1960,921,453,468,
13835,3687,1796,1891,6451,3127,3324,7372,3572,3800,6449,3114,3335,3685,1724,1961,921,453,468,
13840,3688,1796,1892,6454,3128,3326,7375,3573,3802,6452,3116,3336,3685,1724,1961,922,453,469,
13845,3690,1796,1894,6454,3128,3326,7376,3573,3803,6454,3117,3337,3687,1725,1962,922,453,469,
13850,3691,1796,1895,6458,3128,3330,7380,3575,3805,6456,3119,3337,3689,1726,1963,922,453,469,
13855,3692,1796,1896,6461,3129,3332,7383,3577,3806,6459,3122,3337,3689,1726,1963,923,454,469,
13860,3694,1797,1897,6461,3129,3332,7384,3578,3806,6461,3124,3337,3691,1727,1964,923,454,469,
13865,3695,1797,1898,6465,3130,3335,7388,3581,3807,6463,3126,3337,3693,1727,1966,923,454,469,
13870,3696,1798,1898,6468,3131,3337,7391,3582,3809,6466,3127,3339,3693,1727,1966,924,454,470,
13875,3698,1798,1900,6468,3131,3337,7392,3582,3810,6468,3127,3341,3695,1728,1967,924,454,470,
13880,3699,1799,1900,6472,3133,3339,7396,3583,3813,6470,3127,3343,3697,1728,1969,924,454,470,
13885,3700,1799,1901,6475,3135,3340,7399,3585,3814,6473,3129,3344,3697,1728,1969,925,454,471,
13890,3702,1800,1902,6475,3135,3340,7400,3585,3815,6475,3129,3346,3699,1728,1971,925,454,471,
13895,3703,1801,1902,6479,3138,3341,7404,3587,3817,6477,3130,3347,3701,1730,1971,925,454,471,
13900,3704,1801,1903,6482,3139,3343,7407,3589,3818,6480,3132,3348,3701,1730,1971,926,454,472,
13905,3706,1802,1904,6482,3139,3343,7408,3589,3819,6482,3133,3349,3703,1731,1972,926,454,472,
13910,3707,1803,1904,6486,3142,3344,7412,3591,3821,6484,3134,3350,3705,1732,1973,926,454,472,
13915,3708,1803,1905,6489,3145,3344,7415,3594,3821,6487,3135,3352,3705,1732,1973,927,455,472,
13920,3710,1803,1907,6489,3145,3344,7416,3595,3821,6489,3136,3353,3707,1734,1973,927,455,472,
13925,3711,1804,1907,6493,3147,3346,7420,3597,3823,6491,3136,3355,3709,1735,1974,927,455,472,
13930,3712,1804,1908,6496,3150,3346,7423,3598,3825,6494,3138,3356,3709,1735,1974,928,455,473,
13935,3714,1804,1910,6496,3150,3346,7424,3599,3825,6496,3139,3357,3711,1736,1975,928,455,473,
13940,3715,1805,1910,6500,3150,3350,7428,3601,3827,6498,3141,3357,3713,1737,1976,928,455,473,
13945,3716,1805,1911,6503,3152,3351,7431,3603,3828,6501,3144,3357,3713,1737,1976,929,455,474,
13950,3718,1806,1912,6503,3152,3351,7432,3603,3829,6503,3146,3357,3715,1739,1976,929,455,474,
13955,3719,1806,1913,6507,3155,3352,7436,3603,3833,6505,3146,3359,3717,1739,1978,929,455,474,
13960,3720,1807,1913,6510,3156,3354,7439,3604,3835,6508,3148,3360,3717,1739,1978,930,455,475,
13965,3722,1809,1913,6510,3156,3354,7440,3605,3835,6510,3149,3361,3719,1740,1979,930,455,475,
13970,3723,1810,1913,6514,3156,3358,7444,3605,3839,6512,3149,3363,3721,1742,1979,930,455,475,
13975,3724,1810,1914,6517,3157,3360,7447,3607,3840,6515,3151,3364,3721,1742,1979,931,455,476,
13980,3726,1811,1915,6517,3157,3360,7448,3607,3841,6517,3152,3365,3723,1743,1980,931,455,476,
13985,3727,1812,1915,6521,3159,3362,7452,3610,3842,6519,3153,3366,3725,1745,1980,931,455,476,
13990,3728,1813,1915,6524,3159,3365,7455,3610,3845,6522,3155,3367,3725,1745,1980,932,455,477,
13995,3730,1814,1916,6524,3159,3365,7456,3611,3845,6524,3155,3369,3727,1745,1982,932,455,477,
14000,3731,1814,1917,6528,3160,3368,7460,3613,3847,6526,3155,3371,3729,1746,1983,932,455,477,
14005,3732,1815,1917,6531,3162,3369,7463,3614,3849,6529,3157,3372,3729,1746,1983,933,455,478,
14010,3734,1816,1918,6531,3162,3369,7464,3614,3850,6531,3157,3374,3731,1748,1983,933,455,478,
14015,3735,1816,1919,6535,3165,3370,7468,3617,3851,6533,3158,3375,3733,1748,1985,933,455,478,
14020,3736,1816,1920,6538,3166,3372,7471,3619,3852,6536,3160,3376,3733,1748,1985,934,455,479,
14025,3738,1817,1921,6538,3166,3372,7472,3620,3852,6538,3161,3377,3735,1750,1985,934,455,479,
14030,3739,1817,1922,6542,3170,3372,7476,3622,3854,6540,3161,3379,3737,1751,1986,934,455,479,
14035,3740,1817,1923,6545,3171,3374,7479,3622,3857,6543,3161,3382,3737,1751,1986,935,455,480,
14040,3742,1819,1923,6545,3171,3374,7480,3622,3858,6545,3162,3383,3739,1751,1988,935,455,480,
14045,3743,1819,1924,6549,3173,3376,7484,3623,3861,6547,3164,3383,3741,1752,1989,935,455,480,
14050,3744,1819,1925,6552,3173,3379,7487,3624,3863,6550,3165,3385,3741,1752,1989,936,456,480,
14055,3746,1820,1926,6552,3173,3379,7488,3624,3864,6552,3165,3387,3743,1752,1991,936,456,480,
14060,3747,1820,1927,6556,3175,3381,7492,3625,3867,6554,3166,3388,3745,1752,1993,936,456,480,
14065,3748,1820,1928,6559,3175,3384,7495,3625,3870,6557,3168,3389,3745,1752,1993,937,456,481,
14070,3750,1821,1929,6559,3175,3384,7496,3626,3870,6559,3169,3390,3747,1752,1995,937,456,481,
14075,3751,1822,1929,6563,3179,3384,7500,3628,3872,6561,3171,3390,3749,1753,1996,937,456,481,
14080,3752,1822,1930,6566,3181,3385,7503,3629,3874,6564,3172,3392,3749,1753,1996,938,457,481,
14085,3754,1823,1931,6566,3181,3385,7504,3630,3874,6566,3172,3394,3751,1754,1997,938,457,481,
14090,3755,1824,1931,6570,3181,3389,7508,3632,3876,6568,3174,3394,3753,1754,1999,938,457,481,
14095,3756,1825,1931,6573,3181,3392,7511,3633,3878,6571,3176,3395,3753,1754,1999,939,458,481,
14100,3758,1826,1932,6573,3181,3392,7512,3634,3878,6573,3178,3395,3755,1755,2000,939,458,481,
14105,3759,1826,1933,6577,3183,3394,7516,3638,3878,6575,3179,3396,3757,1756,2001,939,458,481,
14110,3760,1827,1933,6580,3185,3395,7519,3641,3878,6578,3181,3397,3757,1756,2001,940,458,482,
14115,3762,1827,1935,6580,3185,3395,7520,3641,3879,6580,3182,3398,3759,1756,2003,940,458,482,
14120,3763,1827,1936,6584,3187,3397,7524,3643,3881,6582,3183,3399,3761,1756,2005,940,458,482,
14125,3764,1827,1937,6587,3190,3397,7527,3645,3882,6585,3184,3401,3761,1756,2005,941,459,482,
14130,3766,1828,1938,6587,3190,3397,7528,3645,3883,6587,3185,3402,3763,1757,2006,941,459,482,
14135,3767,1829,1938,6591,3192,3399,7532,3647,3885,6589,3186,3403,3765,1759,2006,941,459,482,
14140,3768,1829,1939,6594,3193,3401,7535,3649,3886,6592,3187,3405,3765,1759,2006,942,459,483,
14145,3770,1830,1940,6594,3193,3401,7536,3650,3886,6594,3187,3407,3767,1761,2006,942,459,483,
14150,3771,1830,1941,6598,3196,3402,7540,3654,3886,6596,3188,3408,3769,1763,2006,942,459,483,
14155,3772,1831,1941,6601,3198,3403,7543,3656,3887,6599,3189,3410,3769,1763,2006,943,460,483,
14160,3774,1832,1942,6601,3198,3403,7544,3657,3887,6601,3190,3411,3771,1764,2007,943,460,483,
14165,3775,1833,1942,6605,3201,3404,7548,3659,3889,6603,3191,3412,3773,1764,2009,943,460,483,
14170,3776,1833,1943,6608,3203,3405,7551,3660,3891,6606,3192,3414,3773,1764,2009,944,461,483,
14175,3778,1835,1943,6608,3203,3405,7552,3660,3892,6608,3193,3415,3775,1765,2010,944,461,483,
14180,3779,1835,1944,6612,3205,3407,7556,3663,3893,6610,3195,3415,3777,1766,2011,944,461,483,
14185,3780,1835,1945,6615,3206,3409,7559,3666,3893,6613,3196,3417,3777,1766,2011,945,461,484,
14190,3782,1837,1945,6615,3206,3409,7560,3666,3894,6615,3197,3418,3779,1766,2013,945,461,484,
14195,3783,1837,1946,6619,3209,3410,7564,3668,3896,6617,3197,3420,3781,1766,2015,945,461,484,
14200,3784,1837,1947,6622,3211,3411,7567,3668,3899,6620,3198,3422,3781,1766,2015,946,462,484,
14205,3786,1838,1948,6622,3211,3411,7568,3669,3899,6622,3199,3423,3783,1767,2016,946,462,484,
14210,3787,1839,1948,6626,3213,3413,7572,3669,3903,6624,3199,3425,3785,1768,2017,946,462,484,
14215,3788,1840,1948,6629,3214,3415,7575,3671,3904,6627,3200,3427,3785,1768,2017,947,462,485,
14220,3790,1842,1948,6629,3214,3415,7576,3672,3904,6629,3200,3429,3787,1768,2019,947,462,485,
14225,3791,1842,1949,6633,3217,3416,7580,3674,3906,6631,3201,3430,3789,1769,2020,947,462,485,
14230,3792,1843,1949,6636,3218,3418,7583,3674,3909,6634,3203,3431,3789,1769,2020,948,462,486,
14235,3794,1844,1950,6636,3218,3418,7584,3674,3910,6636,3203,3433,3791,1771,2020,948,462,486,
14240,3795,1844,1951,6640,3220,3420,7588,3676,3912,6638,3204,3434,3793,1771,2022,948,462,486,
14245,3796,1845,1951,6643,3220,3423,7591,3677,3914,6641,3205,3436,3793,1771,2022,949,463,486,
14250,3798,1846,1952,6643,3220,3423,7592,3678,3914,6643,3205,3438,3795,1773,2022,949,463,486,
14255,3799,1846,1953,6647,3223,3424,7596,3680,3916,6645,3205,3440,3797,1775,2022,949,463,486,
14260,3800,1847,1953,6650,3225,3425,7599,3683,3916,6648,3206,3442,3797,1775,2022,950,464,486,
14265,3802,1847,1955,6650,3225,3425,7600,3684,3916,6650,3207,3443,3799,1776,2023,950,464,486,
14270,3803,1848,1955,6654,3227,3427,7604,3687,3917,6652,3209,3443,3801,1777,2024,950,464,486,
14275,3804,1848,1956,6657,3227,3430,7607,3688,3919,6655,3212,3443,3801,1777,2024,951,464,487,
14280,3806,1848,1958,6657,3227,3430,7608,3689,3919,6657,3214,3443,3803,1778,2025,951,464,487,
14285,3807,1848,1959,6661,3230,3431,7612,3691,3921,6659,3214,3445,3805,1779,2026,951,464,487,
14290,3808,1849,1959,6664,3231,3433,7615,3693,3922,6662,3215,3447,3805,1779,2026,952,465,487,
14295,3810,1850,1960,6664,3231,3433,7616,3693,3923,6664,3216,3448,3807,1781,2026,952,465,487,
14300,3811,1850,1961,6668,3234,3434,7620,3697,3923,6666,3218,3448,3809,1783,2026,952,465,487,
14305,3812,1850,1962,6671,3237,3434,7623,3698,3925,6669,3221,3448,3809,1783,2026,953,466,487,
14310,3814,1850,1964,6671,3237,3434,7624,3698,3926,6671,3222,3449,3811,1784,2027,953,466,487,
14315,3815,1850,1965,6675,3238,3437,7628,3701,3927,6673,3223,3450,3813,1786,2027,953,466,487,
14320,3816,1850,1966,6678,3238,3440,7631,3702,3929,6676,3225,3451,3813,1786,2027,954,467,487,
14325,3818,1851,1967,6678,3238,3440,7632,3703,3929,6678,3225,3453,3815,1787,2028,954,467,487,
14330,3819,1852,1967,6682,3241,3441,7636,3705,3931,6680,3225,3455,3817,1787,2030,954,467,487,
14335,3820,1852,1968,6685,3242,3443,7639,3708,3931,6683,3226,3457,3817,1787,2030,955,467,488,
14340,3822,1854,1968,6685,3242,3443,7640,3709,3931,6685,3226,3459,3819,1787,2032,955,467,488,
14345,3823,1855,1968,6689,3246,3443,7644,3710,3934,6687,3226,3461,3821,1787,2034,955,467,488,
14350,3824,1856,1968,6692,3248,3444,7647,3710,3937,6690,3228,3462,3821,1787,2034,956,468,488,
14355,3826,1858,1968,6692,3248,3444,7648,3710,3938,6692,3230,3462,3823,1787,2036,956,468,488,
14360,3827,1858,1969,6696,3251,3445,7652,3712,3940,6694,3232,3462,3825,1787,2038,956,468,488,
14365,3828,1859,1969,6699,3254,3445,7655,3714,3941,6697,3233,3464,3825,1787,2038,957,469,488,
14370,3830,1861,1969,6699,3254,3445,7656,3715,3941,6699,3235,3464,3827,1788,2039,957,469,488,
14375,3831,1861,1970,6703,3256,3447,7660,3716,3944,6701,3237,3464,3829,1790,2039,957,469,488,
14380,3832,1861,1971,6706,3257,3449,7663,3717,3946,6704,3238,3466,3829,1790,2039,958,469,489,
14385,3834,1862,1972,6706,3257,3449,7664,3718,3946,6706,3239,3467,3831,1792,2039,958,469,489,
14390,3835,1863,1972,6710,3257,3453,7668,3721,3947,6708,3240,3468,3833,1793,2040,958,469,489,
14395,3836,1863,1973,6713,3259,3454,7671,3722,3949,6711,3241,3470,3833,1793,2040,959,469,490,
14400,3838,1863,1975,6713,3259,3454,7672,3722,3950,6713,3242,3471,3835,1795,2040,959,469,490,
14405,3839,1863,1976,6717,3262,3455,7676,3725,3951,6715,3243,3472,3837,1796,2041,959,469,490,
14410,3840,1864,1976,6720,3262,3458,7679,3726,3953,6718,3245,3473,3837,1796,2041,960,469,491,
14415,3842,1866,1976,6720,3262,3458,7680,3727,3953,6720,3246,3474,3839,1798,2041,960,469,491,
14420,3843,1866,1977,6724,3264,3460,7684,3728,3956,6722,3248,3474,3841,1800,2041,960,469,491,
14425,3844,1867,1977,6727,3267,3460,7687,3731,3956,6725,3249,3476,3841,1800,2041,961,469,492,
14430,3846,1867,1979,6727,3267,3460,7688,3731,3957,6727,3251,3476,3843,1802,2041,961,469,492,
14435,3847,1867,1980,6731,3269,3462,7692,3734,3958,6729,3252,3477,3845,1804,2041,961,469,492,
14440,3848,1868,1980,6734,3269,3465,7695,3734,3961,6732,3253,3479,3845,1804,2041,962,470,492,
14445,3850,1868,1982,6734,3269,3465,7696,3734,3962,6734,3254,3480,3847,1806,2041,962,470,492,
14450,3851,1869,1982,6738,3271,3467,7700,3738,3962,6736,3254,3482,3849,1808,2041,962,470,492,
14455,3852,1869,1983,6741,3274,3467,7703,3740,3963,6739,3256,3483,3849,1808,2041,963,471,492,
14460,3854,1870,1984,6741,3274,3467,7704,3740,3964,6741,3257,3484,3851,1808,2043,963,471,492,
14465,3855,1871,1984,6745,3275,3470,7708,3741,3967,6743,3258,3485,3853,1808,2045,963,471,492,
14470,3856,1872,1984,6748,3276,3472,7711,3742,3969,6746,3260,3486,3853,1808,2045,964,471,493,
14475,3858,1872,1986,6748,3276,3472,7712,3742,3970,6748,3260,3488,3855,1809,2046,964,471,493,
14480,3859,1873,1986,6752,3280,3472,7716,3745,3971,6750,3261,3489,3857,1810,2047,964,471,493,
14485,3860,1873,1987,6755,3281,3474,7719,3746,3973,6753,3262,3491,3857,1810,2047,965,472,493,
14490,3862,1873,1989,6755,3281,3474,7720,3746,3974,6755,3264,3491,3859,1812,2047,965,472,493,
14495,3863,1874,1989,6759,3285,3474,7724,3747,3977,6757,3265,3492,3861,1812,2049,965,472,493,
14500,3864,1875,1989,6762,3286,3476,7727,3747,3980,6760,3266,3494,3861,1812,2049,966,473,493,
14505,3866,1877,1989,6762,3286,3476,7728,3747,3981,6762,3266,3496,3863,1813,2050,966,473,493,
14510,3867,1877,1990,6766,3288,3478,7732,3751,3981,6764,3267,3497,3865,1815,2050,966,473,493,
14515,3868,1877,1991,6769,3290,3479,7735,3751,3984,6767,3268,3499,3865,1815,2050,967,474,493,
14520,3870,1878,1992,6769,3290,3479,7736,3752,3984,6769,3269,3500,3867,1817,2050,967,474,493,
14525,3871,1879,1992,6773,3291,3482,7740,3755,3985,6771,3271,3500,3869,1817,2052,967,474,493,
14530,3872,1879,1993,6776,3294,3482,7743,3756,3987,6774,3273,3501,3869,1817,2052,968,474,494,
14535,3874,1881,1993,6776,3294,3482,7744,3757,3987,6776,3274,3502,3871,1817,2054,968,474,494,
14540,3875,1882,1993,6780,3297,3483,7748,3758,3990,6778,3275,3503,3873,1819,2054,968,474,494,
14545,3876,1883,1993,6783,3299,3484,7751,3759,3992,6781,3277,3504,3873,1819,2054,969,475,494,
14550,3878,1885,1993,6783,3299,3484,7752,3759,3993,6783,3278,3505,3875,1820,2055,969,475,494,
14555,3879,1885,1994,6787,3299,3488,7756,3760,3996,6785,3278,3507,3877,1820,2057,969,475,494,
14560,3880,1886,1994,6790,3302,3488,7759,3762,3997,6788,3279,3509,3877,1820,2057,970,476,494,
14565,3882,1886,1996,6790,3302,3488,7760,3763,3997,6790,3280,3510,3879,1821,2058,970,476,494,
14570,3883,1886,1997,6794,3303,3491,7764,3763,4001,6792,3281,3511,3881,1822,2059,970,476,494,
14575,3884,1887,1997,6797,3304,3493,7767,3765,4002,6795,3283,3512,3881,1822,2059,971,477,494,
14580,3886,1888,1998,6797,3304,3493,7768,3766,4002,6797,3284,3513,3883,1824,2059,971,477,494,
14585,3887,1889,1998,6801,3307,3494,7772,3768,4004,6799,3285,3514,3885,1825,2060,971,477,494,
14590,3888,1889,1999,6804,3308,3496,7775,3768,4007,6802,3286,3516,3885,1825,2060,972,477,495,
14595,3890,1891,1999,6804,3308,3496,7776,3768,4008,6804,3288,3516,3887,1825,2062,972,477,495,
14600,3891,1891,2000,6808,3310,3498,7780,3769,4011,6806,3289,3517,3889,1826,2063,972,477,495,
14605,3892,1891,2001,6811,3312,3499,7783,3770,4013,6809,3290,3519,3889,1826,2063,973,477,496,
14610,3894,1892,2002,6811,3312,3499,7784,3770,4014,6811,3290,3521,3891,1826,2065,973,477,496,
14615,3895,1892,2003,6815,3315,3500,7788,3773,4015,6813,3290,3523,3893,1827,2066,973,477,496,
14620,3896,1892,2004,6818,3318,3500,7791,3775,4016,6816,3290,3526,3893,1827,2066,974,478,496,
14625,3898,1893,2005,6818,3318,3500,7792,3775,4017,6818,3291,3527,3895,1828,2067,974,478,496,
14630,3899,1894,2005,6822,3320,3502,7796,3777,4019,6820,3293,3527,3897,1829,2068,974,478,496,
14635,3900,1894,2006,6825,3321,3504,7799,3777,4022,6823,3294,3529,3897,1829,2068,975,478,497,
14640,3902,1894,2008,6825,3321,3504,7800,3778,4022,6825,3295,3530,3899,1829,2070,975,478,497,
14645,3903,1894,2009,6829,3324,3505,7804,3780,4024,6827,3296,3531,3901,1831,2070,975,478,497,
14650,3904,1895,2009,6832,3325,3507,7807,3781,4026,6830,3296,3534,3901,1831,2070,976,479,497,
14655,3906,1897,2009,6832,3325,3507,7808,3782,4026,6832,3296,3536,3903,1833,2070,976,479,497,
14660,3907,1898,2009,6836,3326,3510,7812,3784,4028,6834,3296,3538,3905,1833,2072,976,479,497,
14665,3908,1898,2010,6839,3329,3510,7815,3785,4030,6837,3297,3540,3905,1833,2072,977,479,498,
14670,3910,1899,2011,6839,3329,3510,7816,3786,4030,6839,3298,3541,3907,1834,2073,977,479,498,
14675,3911,1899,2012,6843,3332,3511,7820,3787,4033,6841,3299,3542,3909,1835,2074,977,479,498,
14680,3912,1899,2013,6846,3333,3513,7823,3788,4035,6844,3300,3544,3909,1835,2074,978,480,498,
14685,3914,1901,2013,6846,3333,3513,7824,3788,4036,6846,3300,3546,3911,1836,2075,978,480,498,
14690,3915,1902,2013,6850,3335,3515,7828,3791,4037,6848,3301,3547,3913,1836,2077,978,480,498,
14695,3916,1903,2013,6853,3337,3516,7831,3793,4038,6851,3302,3549,3913,1836,2077,979,480,499,
14700,3918,1904,2014,6853,3337,3516,7832,3793,4039,6853,3302,3551,3915,1837,2078,979,480,499,
14705,3919,1904,2015,6857,3340,3517,7836,3795,4041,6855,3303,3552,3917,1838,2079,979,480,499,
14710,3920,1905,2015,6860,3340,3520,7839,3796,4043,6858,3304,3554,3917,1838,2079,980,481,499,
14715,3922,1905,2017,6860,3340,3520,7840,3796,4044,6860,3305,3555,3919,1840,2079,980,481,499,
14720,3923,1906,2017,6864,3343,3521,7844,3797,4047,6862,3306,3556,3921,1841,2080,980,481,499,
14725,3924,1907,2017,6867,3343,3524,7847,3798,4049,6865,3308,3557,3921,1841,2080,981,482,499,
14730,3926,1908,2018,6867,3343,3524,7848,3799,4049,6867,3310,3557,3923,1842,2081,981,482,499,
14735,3927,1908,2019,6871,3345,3526,7852,3801,4051,6869,3312,3557,3925,1843,2082,981,482,499,
14740,3928,1909,2019,6874,3346,3528,7855,3802,4053,6872,3315,3557,3925,1843,2082,982,483,499,
14745,3930,1909,2021,6874,3346,3528,7856,3802,4054,6874,3316,3558,3927,1844,2083,982,483,499,
14750,3931,1909,2022,6878,3348,3530,7860,3803,4057,6876,3317,3559,3929,1846,2083,982,483,499,
14755,3932,1909,2023,6881,3349,3532,7863,3803,4060,6879,3318,3561,3929,1846,2083,983,483,500,
14760,3934,1909,2025,6881,3349,3532,7864,3804,4060,6881,3318,3563,3931,1848,2083,983,483,500,
14765,3935,1910,2025,6885,3351,3534,7868,3807,4061,6883,3319,3564,3933,1849,2084,983,483,500,
14770,3936,1911,2025,6888,3352,3536,7871,3808,4063,6886,3321,3565,3933,1849,2084,984,483,501,
14775,3938,1912,2026,6888,3352,3536,7872,3808,4064,6888,3323,3565,3935,1850,2085,984,483,501,
14780,3939,1912,2027,6892,3354,3538,7876,3808,4068,6890,3323,3567,3937,1851,2086,984,483,501,
14785,3940,1913,2027,6895,3356,3539,7879,3810,4069,6893,3326,3567,3937,1851,2086,985,484,501,
14790,3942,1914,2028,6895,3356,3539,7880,3810,4070,6895,3327,3568,3939,1853,2086,985,484,501,
14795,3943,1914,2029,6899,3356,3543,7884,3812,4072,6897,3328,3569,3941,1853,2088,985,484,501,
14800,3944,1914,2030,6902,3357,3545,7887,3815,4072,6900,3330,3570,3941,1853,2088,986,484,502,
14805,3946,1914,2032,6902,3357,3545,7888,3815,4073,6902,3331,3571,3943,1855,2088,986,484,502,
14810,3947,1915,2032,6906,3360,3546,7892,3818,4074,6904,3333,3571,3945,1857,2088,986,484,502,
14815,3948,1915,2033,6909,3363,3546,7895,3821,4074,6907,3335,3572,3945,1857,2088,987,484,503,
14820,3950,1917,2033,6909,3363,3546,7896,3822,4074,6909,3335,3574,3947,1859,2088,987,484,503,
14825,3951,1918,2033,6913,3366,3547,7900,3824,4076,6911,3336,3575,3949,1859,2090,987,484,503,
14830,3952,1919,2033,6916,3367,3549,7903,3826,4077,6914,3337,3577,3949,1859,2090,988,485,503,
14835,3954,1920,2034,6916,3367,3549,7904,3827,4077,6916,3338,3578,3951,1859,2092,988,485,503,
14840,3955,1921,2034,6920,3369,3551,7908,3830,4078,6918,3339,3579,3953,1860,2093,988,485,503,
14845,3956,1922,2034,6923,3370,3553,7911,3832,4079,6921,3340,3581,3953,1860,2093,989,485,504,
14850,3958,1924,2034,6923,3370,3553,7912,3832,4080,6923,3341,3582,3955,1861,2094,989,485,504,
14855,3959,1924,2035,6927,3373,3554,7916,3836,4080,6925,3342,3583,3957,1862,2095,989,485,504,
14860,3960,1924,2036,6930,3375,3555,7919,3838,4081,6928,3344,3584,3957,1862,2095,990,486,504,
14865,3962,1925,2037,6930,3375,3555,7920,3838,4082,6930,3346,3584,3959,1862,2097,990,486,504,
14870,3963,1926,2037,6934,3377,3557,7924,3840,4084,6932,3347,3585,3961,1864,2097,990,486,504,
14875,3964,1926,2038,6937,3378,3559,7927,3841,4086,6935,3348,3587,3961,1864,2097,991,486,505,
14880,3966,1926,2040,6937,3378,3559,7928,3841,4087,6937,3349,3588,3963,1864,2099,991,486,505,
14885,3967,1927,2040,6941,3379,3562,7932,3843,4089,6939,3349,3590,3965,1865,2100,991,486,505,
14890,3968,1928,2040,6944,3379,3565,7935,3844,4091,6942,3349,3593,3965,1865,2100,992,486,506,
14895,3970,1929,2041,6944,3379,3565,7936,3844,4092,6944,3350,3594,3967,1866,2101,992,486,506,
14900,3971,1929,2042,6948,3382,3566,7940,3847,4093,6946,3352,3594,3969,1868,2101,992,486,506,
14905,3972,1930,2042,6951,3384,3567,7943,3848,4095,6949,3354,3595,3969,1868,2101,993,486,507,
14910,3974,1931,2043,6951,3384,3567,7944,3848,4096,6951,3355,3596,3971,1869,2102,993,486,507,
14915,3975,1932,2043,6955,3387,3568,7948,3851,4097,6953,3356,3597,3973,1870,2103,993,486,507,
14920,3976,1932,2044,6958,3388,3570,7951,3852,4099,6956,3358,3598,3973,1870,2103,994,487,507,
14925,3978,1934,2044,6958,3388,3570,7952,3852,4100,6958,3358,3600,3975,1871,2104,994,487,507,
14930,3979,1935,2044,6962,3390,3572,7956,3854,4102,6960,3360,3600,3977,1872,2105,994,487,507,
14935,3980,1935,2045,6965,3390,3575,7959,3856,4103,6963,3361,3602,3977,1872,2105,995,488,507,
14940,3982,1937,2045,6965,3390,3575,7960,3857,4103,6965,3362,3603,3979,1872,2107,995,488,507,
14945,3983,1938,2045,6969,3390,3579,7964,3858,4106,6967,3363,3604,3981,1874,2107,995,488,507,
14950,3984,1938,2046,6972,3392,3580,7967,3859,4108,6970,3365,3605,3981,1874,2107,996,488,508,
14955,3986,1938,2048,6972,3392,3580,7968,3859,4109,6972,3366,3606,3983,1875,2108,996,488,508,
14960,3987,1938,2049,6976,3394,3582,7972,3861,4111,6974,3367,3607,3985,1876,2109,996,488,508,
14965,3988,1938,2050,6979,3396,3583,7975,3863,4112,6977,3368,3609,3985,1876,2109,997,488,509,
14970,3990,1939,2051,6979,3396,3583,7976,3863,4113,6979,3370,3609,3987,1877,2110,997,488,509,
14975,3991,1939,2052,6983,3397,3586,7980,3867,4113,6981,3372,3609,3989,1879,2110,997,488,509,
14980,3992,1939,2053,6986,3398,3588,7983,3869,4114,6984,3373,3611,3989,1879,2110,998,489,509,
14985,3994,1940,2054,6986,3398,3588,7984,3870,4114,6986,3374,3612,3991,1880,2111,998,489,509,
14990,3995,1940,2055,6990,3400,3590,7988,3872,4116,6988,3374,3614,3993,1880,2113,998,489,509,
14995,3996,1941,2055,6993,3401,3592,7991,3874,4117,6991,3375,3616,3993,1880,2113,999,490,509,
15000,3998,1943,2055,6993,3401,3592,7992,3874,4118,6993,3375,3618,3995,1880,2115,999,490,509,
15005,3999,1944,2055,6997,3403,3594,7996,3876,4120,6995,3377,3618,3997,1881,2116,999,490,509,
15010,4000,1944,2056,7000,3406,3594,7999,3879,4120,6998,3379,3619,3997,1881,2116,1000,490,510,
15015,4002,1946,2056,7000,3406,3594,8000,3880,4120,7000,3380,3620,3999,1882,2117,1000,490,510,
15020,4003,1946,2057,7004,3408,3596,8004,3884,4120,7002,3381,3621,4001,1882,2119,1000,490,510,
15025,4004,1947,2057,7007,3411,3596,8007,3885,4122,7005,3383,3622,4001,1882,2119,1001,490,511,
15030,4006,1948,2058,7007,3411,3596,8008,3885,4123,7007,3384,3623,4003,1883,2120,1001,490,511,
15035,4007,1948,2059,7011,3414,3597,8012,3887,4125,7009,3384,3625,4005,1883,2122,1001,490,511,
15040,4008,1949,2059,7014,3414,3600,8015,3889,4126,7012,3384,3628,4005,1883,2122,1002,491,511,
15045,4010,1950,2060,7014,3414,3600,8016,3889,4127,7014,3385,3629,4007,1885,2122,1002,491,511,
15050,4011,1951,2060,7018,3415,3603,8020,3891,4129,7016,3386,3630,4009,1885,2124,1002,491,511,
15055,4012,1952,2060,7021,3418,3603,8023,3892,4131,7019,3387,3632,4009,1885,2124,1003,491,512,
15060,4014,1953,2061,7021,3418,3603,8024,3892,4132,7021,3388,3633,4011,1886,2125,1003,491,512,
15065,4015,1953,2062,7025,3421,3604,8028,3893,4135,7023,3388,3635,4013,1887,2126,1003,491,512,
15070,4016,1953,2063,7028,3423,3605,8031,3894,4137,7026,3389,3637,4013,1887,2126,1004,492,512,
15075,4018,1954,2064,7028,3423,3605,8032,3894,4138,7028,3391,3637,4015,1888,2127,1004,492,512,
15080,4019,1954,2065,7032,3424,3608,8036,3896,4140,7030,3392,3638,4017,1889,2128,1004,492,512,
15085,4020,1954,2066,7035,3426,3609,8039,3896,4143,7033,3394,3639,4017,1889,2128,1005,493,512,
15090,4022,1956,2066,7035,3426,3609,8040,3896,4144,7035,3395,3640,4019,1890,2129,1005,493,512,
15095,4023,1956,2067,7039,3427,3612,8044,3896,4148,7037,3396,3641,4021,1891,2130,1005,493,512,
15100,4024,1957,2067,7042,3428,3614,8047,3896,4151,7040,3397,3643,4021,1891,2130,1006,494,512,
15105,4026,1957,2069,7042,3428,3614,8048,3896,4152,7042,3398,3644,4023,1891,2132,1006,494,512,
15110,4027,1957,2070,7046,3428,3618,8052,3899,4153,7044,3400,3644,4025,1891,2134,1006,494,512,
15115,4028,1958,2070,7049,3428,3621,8055,3900,4155,7047,3401,3646,4025,1891,2134,1007,495,512,
15120,4030,1959,2071,7049,3428,3621,8056,3900,4156,7049,3401,3648,4027,1891,2136,1007,495,512,
15125,4031,1959,2072,7053,3429,3624,8060,3901,4159,7051,3401,3650,4029,1892,2137,1007,495,512,
15130,4032,1960,2072,7056,3430,3626,8063,3903,4160,7054,3403,3651,4029,1892,2137,1008,496,512,
15135,4034,1962,2072,7056,3430,3626,8064,3904,4160,7056,3405,3651,4031,1892,2139,1008,496,512,
15140,4035,1962,2073,7060,3434,3626,8068,3905,4163,7058,3405,3653,4033,1894,2139,1008,496,512,
15145,4036,1963,2073,7063,3436,3627,8071,3906,4165,7061,3407,3654,4033,1894,2139,1009,496,513,
15150,4038,1965,2073,7063,3436,3627,8072,3907,4165,7063,3407,3656,4035,1896,2139,1009,496,513,
15155,4039,1965,2074,7067,3438,3629,8076,3910,4166,7065,3409,3656,4037,1898,2139,1009,496,513,
15160,4040,1965,2075,7070,3439,3631,8079,3910,4169,7068,3412,3656,4037,1898,2139,1010,496,514,
15165,4042,1965,2077,7070,3439,3631,8080,3911,4169,7070,3414,3656,4039,1899,2140,1010,496,514,
15170,4043,1965,2078,7074,3442,3632,8084,3912,4172,7072,3414,3658,4041,1900,2141,1010,496,514,
15175,4044,1966,2078,7077,3443,3634,8087,3912,4175,7075,3417,3658,4041,1900,2141,1011,497,514,
15180,4046,1967,2079,7077,3443,3634,8088,3913,4175,7077,3418,3659,4043,1901,2142,1011,497,514,
15185,4047,1967,2080,7081,3444,3637,8092,3914,4178,7079,3419,3660,4045,1903,2142,1011,497,514,
15190,4048,1968,2080,7084,3446,3638,8095,3915,4180,7082,3419,3663,4045,1903,2142,1012,498,514,
15195,4050,1969,2081,7084,3446,3638,8096,3916,4180,7084,3419,3665,4047,1904,2143,1012,498,514,
15200,4051,1970,2081,7088,3448,3640,8100,3916,4184,7086,3419,3667,4049,1905,2144,1012,498,514,
15205,4052,1971,2081,7091,3448,3643,8103,3919,4184,7089,3421,3668,4049,1905,2144,1013,499,514,
15210,4054,1972,2082,7091,3448,3643,8104,3919,4185,7091,3422,3669,4051,1907,2144,1013,499,514,
15215,4055,1973,2082,7095,3450,3645,8108,3920,4188,7093,3422,3671,4053,1908,2145,1013,499,514,
15220,4056,1973,2083,7098,3450,3648,8111,3920,4191,7096,3424,3672,4053,1908,2145,1014,500,514,
15225,4058,1973,2085,7098,3450,3648,8112,3921,4191,7098,3425,3673,4055,1909,2146,1014,500,514,
15230,4059,1974,2085,7102,3452,3650,8116,3923,4193,7100,3426,3674,4057,1910,2147,1014,500,514,
15235,4060,1974,2086,7105,3452,3653,8119,3924,4195,7103,3428,3675,4057,1910,2147,1015,500,515,
15240,4062,1976,2086,7105,3452,3653,8120,3925,4195,7105,3430,3675,4059,1912,2147,1015,500,515,
15245,4063,1977,2086,7109,3456,3653,8124,3928,4196,7107,3432,3675,4061,1912,2149,1015,500,515,
15250,4064,1978,2086,7112,3457,3655,8127,3928,4199,7110,3433,3677,4061,1912,2149,1016,500,516,
15255,4066,1978,2088,7112,3457,3655,8128,3929,4199,7112,3433,3679,4063,1913,2150,1016,500,516,
15260,4067,1979,2088,7116,3459,3657,8132,3931,4201,7114,3434,3680,4065,1913,2152,1016,500,516,
15265,4068,1980,2088,7119,3462,3657,8135,3931,4204,7117,3436,3681,4065,1913,2152,1017,500,517,
15270,4070,1982,2088,7119,3462,3657,8136,3931,4205,7119,3436,3683,4067,1915,2152,1017,500,517,
15275,4071,1982,2089,7123,3464,3659,8140,3933,4207,7121,3436,3685,4069,1916,2153,1017,500,517,
15280,4072,1982,2090,7126,3465,3661,8143,3935,4208,7124,3438,3686,4069,1916,2153,1018,500,518,
15285,4074,1983,2091,7126,3465,3661,8144,3935,4209,7126,3439,3687,4071,1916,2155,1018,500,518,
15290,4075,1983,2092,7130,3467,3663,8148,3936,4212,7128,3441,3687,4073,1917,2156,1018,500,518,
15295,4076,1983,2093,7133,3468,3665,8151,3937,4214,7131,3442,3689,4073,1917,2156,1019,501,518,
15300,4078,1983,2095,7133,3468,3665,8152,3938,4214,7133,3442,3691,4075,1918,2157,1019,501,518,
15305,4079,1984,2095,7137,3471,3666,8156,3942,4214,7135,3444,3691,4077,1919,2158,1019,501,518,
15310,4080,1985,2095,7140,3472,3668,8159,3944,4215,7138,3445,3693,4077,1919,2158,1020,501,519,
15315,4082,1986,2096,7140,3472,3668,8160,3944,4216,7140,3446,3694,4079,1920,2159,1020,501,519,
15320,4083,1986,2097,7144,3473,3671,8164,3946,4218,7142,3447,3695,4081,1920,2161,1020,501,519,
15325,4084,1987,2097,7147,3473,3674,8167,3948,4219,7145,3448,3697,4081,1920,2161,1021,501,520,
15330,4086,1988,2098,7147,3473,3674,8168,3948,4220,7147,3448,3699,4083,1921,2162,1021,501,520,
15335,4087,1988,2099,7151,3475,3676,8172,3950,4222,7149,3450,3699,4085,1922,2163,1021,501,520,
15340,4088,1989,2099,7154,3476,3678,8175,3952,4223,7152,3452,3700,4085,1922,2163,1022,501,521,
15345,4090,1990,2100,7154,3476,3678,8176,3952,4224,7154,3454,3700,4087,1923,2164,1022,501,521,
15350,4091,1990,2101,7158,3477,3681,8180,3953,4227,7156,3455,3701,4089,1924,2165,1022,501,521,
15355,4092,1990,2102,7161,3478,3683,8183,3954,4229,7159,3455,3704,4089,1924,2165,1023,502,521,
15360,4094,1991,2103,7161,3478,3683,8184,3955,4229,7161,3457,3704,4091,1926,2165,1023,502,521,
15365,4095,1992,2103,7165,3480,3685,8188,3959,4229,7163,3459,3704,4093,1927,2166,1023,502,521,
15370,4096,1993,2103,7168,3483,3685,8191,3960,4231,7166,3460,3706,4093,1927,2166,1024,502,522,
15375,4098,1995,2103,7168,3483,3685,8192,3961,4231,7168,3461,3707,4095,1928,2167,1024,502,522,
15380,4099,1995,2104,7172,3485,3687,8196,3963,4233,7170,3462,3708,4097,1928,2169,1024,502,522,
15385,4100,1995,2105,7175,3487,3688,8199,3964,4235,7173,3465,3708,4097,1928,2169,1025,503,522,
15390,4102,1996,2106,7175,3487,3688,8200,3965,4235,7175,3466,3709,4099,1929,2170,1025,503,522,
15395,4103,1997,2106,7179,3487,3692,8204,3967,4237,7177,3468,3709,4101,1929,2172,1025,503,522,
15400,4104,1997,2107,7182,3489,3693,8207,3967,4240,7180,3469,3711,4101,1929,2172,1026,503,523,
15405,4106,1997,2109,7182,3489,3693,8208,3967,4241,7182,3470,3712,4103,1930,2173,1026,503,523,
15410,4107,1997,2110,7186,3491,3695,8212,3968,4244,7184,3471,3713,4105,1931,2174,1026,503,523,
15415,4108,1998,2110,7189,3493,3696,8215,3970,4245,7187,3473,3714,4105,1931,2174,1027,504,523,
15420,4110,1998,2112,7189,3493,3696,8216,3970,4246,7189,3474,3715,4107,1933,2174,1027,504,523,
15425,4111,1999,2112,7193,3494,3699,8220,3973,4247,7191,3474,3717,4109,1935,2174,1027,504,523,
15430,4112,1999,2113,7196,3494,3702,8223,3973,4250,7194,3475,3719,4109,1935,2174,1028,505,523,
15435,4114,1999,2115,7196,3494,3702,8224,3973,4251,7196,3476,3720,4111,1936,2175,1028,505,523,
15440,4115,2000,2115,7200,3497,3703,8228,3974,4254,7198,3478,3720,4113,1936,2177,1028,505,523,
15445,4116,2001,2115,7203,3498,3705,8231,3977,4254,7201,3479,3722,4113,1936,2177,1029,505,524,
15450,4118,2003,2115,7203,3498,3705,8232,3978,4254,7203,3479,3724,4115,1937,2178,1029,505,524,
15455,4119,2003,2116,7207,3500,3707,8236,3981,4255,7205,3481,3724,4117,1938,2179,1029,505,524,
15460,4120,2003,2117,7210,3500,3710,8239,3983,4256,7208,3482,3726,4117,1938,2179,1030,506,524,
15465,4122,2004,2118,7210,3500,3710,8240,3983,4257,7210,3483,3727,4119,1940,2179,1030,506,524,
15470,4123,2005,2118,7214,3500,3714,8244,3985,4259,7212,3485,3727,4121,1941,2180,1030,506,524,
15475,4124,2006,2118,7217,3503,3714,8247,3987,4260,7215,3487,3728,4121,1941,2180,1031,506,525,
15480,4126,2006,2120,7217,3503,3714,8248,3988,4260,7217,3488,3729,4123,1942,2181,1031,506,525,
15485,4127,2006,2121,7221,3505,3716,8252,3991,4261,7219,3489,3730,4125,1944,2181,1031,506,525,
15490,4128,2006,2122,7224,3507,3717,8255,3991,4264,7222,3491,3731,4125,1944,2181,1032,506,526,
15495,4130,2008,2122,7224,3507,3717,8256,3992,4264,7224,3492,3732,4127,1944,2183,1032,506,526,
15500,4131,2009,2122,7228,3509,3719,8260,3993,4267,7226,3494,3732,4129,1945,2184,1032,506,526,
15505,4132,2009,2123,7231,3510,3721,8263,3993,4270,7229,3495,3734,4129,1945,2184,1033,506,527,
15510,4134,2010,2124,7231,3510,3721,8264,3993,4271,7231,3497,3734,4131,1946,2185,1033,506,527,
15515,4135,2010,2125,7235,3513,3722,8268,3994,4274,7233,3499,3734,4133,1947,2186,1033,506,527,
15520,4136,2011,2125,7238,3515,3723,8271,3995,4276,7236,3501,3735,4133,1947,2186,1034,507,527,
15525,4138,2012,2126,7238,3515,3723,8272,3996,4276,7238,3502,3736,4135,1947,2188,1034,507,527,
15530,4139,2012,2127,7242,3518,3724,8276,3997,4279,7240,3504,3736,4137,1949,2188,1034,507,527,
15535,4140,2013,2127,7245,3520,3725,8279,3999,4280,7243,3506,3737,4137,1949,2188,1035,508,527,
15540,4142,2014,2128,7245,3520,3725,8280,3999,4281,7245,3507,3738,4139,1949,2190,1035,508,527,
15545,4143,2015,2128,7249,3523,3726,8284,4000,4284,7247,3507,3740,4141,1949,2192,1035,508,527,
15550,4144,2016,2128,7252,3524,3728,8287,4002,4285,7250,3509,3741,4141,1949,2192,1036,509,527,
15555,4146,2017,2129,7252,3524,3728,8288,4002,4286,7252,3509,3743,4143,1950,2193,1036,509,527,
15560,4147,2017,2130,7256,3526,3730,8292,4003,4289,7254,3509,3745,4145,1950,2195,1036,509,527,
15565,4148,2017,2131,7259,3528,3731,8295,4004,4291,7257,3510,3747,4145,1950,2195,1037,510,527,
15570,4150,2019,2131,7259,3528,3731,8296,4005,4291,7259,3512,3747,4147,1952,2195,1037,510,527,
15575,4151,2020,2131,7263,3530,3733,8300,4005,4295,7261,3513,3748,4149,1953,2196,1037,510,527,
15580,4152,2021,2131,7266,3531,3735,8303,4005,4298,7264,3515,3749,4149,1953,2196,1038,511,527,
15585,4154,2022,2132,7266,3531,3735,8304,4005,4299,7266,3516,3750,4151,1954,2197,1038,511,527,
15590,4155,2023,2132,7270,3532,3738,8308,4006,4302,7268,3516,3752,4153,1955,2198,1038,511,527,
15595,4156,2024,2132,7273,3534,3739,8311,4007,4304,7271,3519,3752,4153,1955,2198,1039,511,528,
15600,4158,2024,2134,7273,3534,3739,8312,4008,4304,7273,3521,3752,4155,1955,2200,1039,511,528,
15605,4159,2025,2134,7277,3536,3741,8316,4011,4305,7275,3522,3753,4157,1956,2201,1039,511,528,
15610,4160,2025,2135,7280,3537,3743,8319,4012,4307,7278,3522,3756,4157,1956,2201,1040,512,528,
15615,4162,2027,2135,7280,3537,3743,8320,4013,4307,7280,3522,3758,4159,1956,2203,1040,512,528,
15620,4163,2028,2135,7284,3539,3745,8324,4016,4308,7282,3524,3758,4161,1957,2204,1040,512,528,
15625,4164,2028,2136,7287,3540,3747,8327,4019,4308,7285,3525,3760,4161,1957,2204,1041,513,528,
15630,4166,2029,2137,7287,3540,3747,8328,4020,4308,7287,3526,3761,4163,1958,2205,1041,513,528,
15635,4167,2029,2138,7291,3544,3747,8332,4023,4309,7289,3527,3762,4165,1959,2206,1041,513,528,
15640,4168,2029,2139,7294,3544,3750,8335,4024,4311,7292,3529,3763,4165,1959,2206,1042,514,528,
15645,4170,2029,2141,7294,3544,3750,8336,4025,4311,7294,3531,3763,4167,1960,2207,1042,514,528,
15650,4171,2030,2141,7298,3546,3752,8340,4026,4314,7296,3531,3765,4169,1961,2208,1042,514,528,
15655,4172,2030,2142,7301,3547,3754,8343,4026,4317,7299,3533,3766,4169,1961,2208,1043,515,528,
15660,4174,2030,2144,7301,3547,3754,8344,4026,4318,7301,3535,3766,4171,1961,2210,1043,515,528,
15665,4175,2030,2145,7305,3549,3756,8348,4028,4320,7303,3536,3767,4173,1961,2212,1043,515,528,
15670,4176,2031,2145,7308,3551,3757,8351,4030,4321,7306,3536,3770,4173,1961,2212,1044,515,529,
15675,4178,2031,2147,7308,3551,3757,8352,4031,4321,7308,3537,3771,4175,1961,2214,1044,515,529,
15680,4179,2031,2148,7312,3553,3759,8356,4033,4323,7310,3539,3771,4177,1962,2215,1044,515,529,
15685,4180,2031,2149,7315,3554,3761,8359,4034,4325,7313,3540,3773,4177,1962,2215,1045,516,529,
15690,4182,2033,2149,7315,3554,3761,8360,4035,4325,7315,3541,3774,4179,1963,2216,1045,516,529,
15695,4183,2033,2150,7319,3556,3763,8364,4038,4326,7317,3543,3774,4181,1965,2216,1045,516,529,
15700,4184,2033,2151,7322,3556,3766,8367,4041,4326,7320,3546,3774,4181,1965,2216,1046,516,530,
15705,4186,2035,2151,7322,3556,3766,8368,4041,4327,7322,3547,3775,4183,1967,2216,1046,516,530,
15710,4187,2035,2152,7326,3558,3768,8372,4042,4330,7324,3549,3775,4185,1968,2217,1046,516,530,
15715,4188,2035,2153,7329,3560,3769,8375,4043,4332,7327,3550,3777,4185,1968,2217,1047,517,530,
15720,4190,2036,2154,7329,3560,3769,8376,4044,4332,7329,3550,3779,4187,1970,2217,1047,517,530,
15725,4191,2036,2155,7333,3562,3771,8380,4046,4334,7331,3552,3779,4189,1972,2217,1047,517,530,
15730,4192,2037,2155,7336,3564,3772,8383,4049,4334,7334,3554,3780,4189,1972,2217,1048,517,531,
15735,4194,2037,2157,7336,3564,3772,8384,4050,4334,7336,3555,3781,4191,1972,2219,1048,517,531,
15740,4195,2038,2157,7340,3565,3775,8388,4054,4334,7338,3557,3781,4193,1973,2220,1048,517,531,
15745,4196,2038,2158,7343,3566,3777,8391,4057,4334,7341,3559,3782,4193,1973,2220,1049,518,531,
15750,4198,2039,2159,7343,3566,3777,8392,4058,4334,7343,3561,3782,4195,1974,2221,1049,518,531,
15755,4199,2039,2160,7347,3569,3778,8396,4062,4334,7345,3563,3782,4197,1975,2222,1049,518,531,
15760,4200,2039,2161,7350,3570,3780,8399,4062,4337,7348,3566,3782,4197,1975,2222,1050,519,531,
15765,4202,2040,2162,7350,3570,3780,8400,4063,4337,7350,3568,3782,4199,1976,2223,1050,519,531,
15770,4203,2041,2162,7354,3573,3781,8404,4063,4341,7352,3570,3782,4201,1977,2224,1050,519,531,
15775,4204,2042,2162,7357,3573,3784,8407,4064,4343,7355,3570,3785,4201,1977,2224,1051,520,531,
15780,4206,2042,2164,7357,3573,3784,8408,4064,4344,7357,3570,3787,4203,1977,2226,1051,520,531,
15785,4207,2042,2165,7361,3575,3786,8412,4065,4347,7359,3570,3789,4205,1978,2227,1051,520,531,
15790,4208,2043,2165,7364,3577,3787,8415,4065,4350,7362,3571,3791,4205,1978,2227,1052,521,531,
15795,4210,2043,2167,7364,3577,3787,8416,4065,4351,7364,3573,3791,4207,1978,2229,1052,521,531,
15800,4211,2043,2168,7368,3580,3788,8420,4067,4353,7366,3574,3792,4209,1979,2230,1052,521,531,
15805,4212,2043,2169,7371,3583,3788,8423,4068,4355,7369,3574,3795,4209,1979,2230,1053,521,532,
15810,4214,2044,2170,7371,3583,3788,8424,4069,4355,7371,3575,3796,4211,1980,2231,1053,521,532,
15815,4215,2045,2170,7375,3583,3792,8428,4071,4357,7373,3575,3798,4213,1981,2232,1053,521,532,
15820,4216,2045,2171,7378,3585,3793,8431,4073,4358,7376,3577,3799,4213,1981,2232,1054,521,533,
15825,4218,2046,2172,7378,3585,3793,8432,4073,4359,7378,3578,3800,4215,1982,2233,1054,521,533,
15830,4219,2046,2173,7382,3586,3796,8436,4075,4361,7380,3579,3801,4217,1984,2233,1054,521,533,
15835,4220,2046,2174,7385,3587,3798,8439,4076,4363,7383,3580,3803,4217,1984,2233,1055,521,534,
15840,4222,2047,2175,7385,3587,3798,8440,4077,4363,7385,3580,3805,4219,1984,2235,1055,521,534,
15845,4223,2047,2176,7389,3587,3802,8444,4080,4364,7387,3580,3807,4221,1986,2235,1055,521,534,
15850,4224,2048,2176,7392,3588,3804,8447,4083,4364,7390,3582,3808,4221,1986,2235,1056,522,534,
15855,4226,2049,2177,7392,3588,3804,8448,4083,4365,7392,3583,3809,4223,1987,2236,1056,522,534,
15860,4227,2049,2178,7396,3588,3808,8452,4085,4367,7394,3583,3811,4225,1988,2237,1056,522,534,
15865,4228,2050,2178,7399,3589,3810,8455,4087,4368,7397,3584,3813,4225,1988,2237,1057,523,534,
15870,4230,2052,2178,7399,3589,3810,8456,4087,4369,7399,3585,3814,4227,1989,2238,1057,523,534,
15875,4231,2053,2178,7403,3591,3812,8460,4088,4372,7401,3587,3814,4229,1990,2239,1057,523,534,
15880,4232,2053,2179,7406,3593,3813,8463,4089,4374,7404,3587,3817,4229,1990,2239,1058,524,534,
15885,4234,2055,2179,7406,3593,3813,8464,4089,4375,7406,3589,3817,4231,1991,2240,1058,524,534,
15890,4235,2055,2180,7410,3596,3814,8468,4092,4376,7408,3590,3818,4233,1992,2241,1058,524,534,
15895,4236,2056,2180,7413,3599,3814,8471,4092,4379,7411,3591,3820,4233,1992,2241,1059,524,535,
15900,4238,2058,2180,7413,3599,3814,8472,4092,4380,7413,3592,3821,4235,1994,2241,1059,524,535,
15905,4239,2059,2180,7417,3601,3816,8476,4095,4381,7415,3593,3822,4237,1995,2242,1059,524,535,
15910,4240,2059,2181,7420,3601,3819,8479,4098,4381,7418,3594,3824,4237,1995,2242,1060,524,536,
15915,4242,2061,2181,7420,3601,3819,8480,4098,4382,7420,3595,3825,4239,1995,2244,1060,524,536,
15920,4243,2061,2182,7424,3604,3820,8484,4100,4384,7422,3596,3826,4241,1996,2245,1060,524,536,
15925,4244,2061,2183,7427,3605,3822,8487,4102,4385,7425,3597,3828,4241,1996,2245,1061,525,536,
15930,4246,2062,2184,7427,3605,3822,8488,4103,4385,7427,3598,3829,4243,1998,2245,1061,525,536,
15935,4247,2063,2184,7431,3606,3825,8492,4105,4387,7429,3598,3831,4245,1998,2247,1061,525,536,
15940,4248,2063,2185,7434,3608,3826,8495,4105,4390,7432,3599,3833,4245,1998,2247,1062,525,537,
15945,4250,2063,2187,7434,3608,3826,8496,4105,4391,7434,3600,3834,4247,2000,2247,1062,525,537,
15950,4251,2063,2188,7438,3610,3828,8500,4107,4393,7436,3601,3835,4249,2001,2248,1062,525,537,
15955,4252,2064,2188,7441,3610,3831,8503,4109,4394,7439,3603,3836,4249,2001,2248,1063,526,537,
15960,4254,2066,2188,7441,3610,3831,8504,4110,4394,7441,3604,3837,4251,2003,2248,1063,526,537,
15965,4255,2066,2189,7445,3611,3834,8508,4112,4396,7443,3605,3838,4253,2004,2249,1063,526,537,
15970,4256,2066,2190,7448,3614,3834,8511,4115,4396,7446,3607,3839,4253,2004,2249,1064,527,537,
15975,4258,2067,2191,7448,3614,3834,8512,4116,4396,7448,3608,3840,4255,2006,2249,1064,527,537,
15980,4259,2067,2192,7452,3615,3837,8516,4119,4397,7450,3609,3841,4257,2007,2250,1064,527,537,
15985,4260,2067,2193,7455,3616,3839,8519,4121,4398,7453,3611,3842,4257,2007,2250,1065,527,538,
15990,4262,2068,2194,7455,3616,3839,8520,4121,4399,7455,3611,3844,4259,2007,2252,1065,527,538,
15995,4263,2068,2195,7459,3617,3842,8524,4123,4401,7457,3611,3846,4261,2008,2253,1065,527,538,
16000,4264,2068,2196,7462,3618,3844,8527,4125,4402,7460,3613,3847,4261,2008,2253,1066,527,539,
16005,4266,2069,2197,7462,3618,3844,8528,4126,4402,7462,3614,3848,4263,2009,2254,1066,527,539,
16010,4267,2070,2197,7466,3620,3846,8532,4130,4402,7464,3615,3849,4265,2010,2255,1066,527,539,
16015,4268,2070,2198,7469,3621,3848,8535,4131,4404,7467,3617,3850,4265,2010,2255,1067,528,539,
16020,4270,2070,2200,7469,3621,3848,8536,4131,4405,7469,3618,3851,4267,2012,2255,1067,528,539,
16025,4271,2070,2201,7473,3623,3850,8540,4133,4407,7471,3619,3852,4269,2013,2256,1067,528,539,
16030,4272,2071,2201,7476,3625,3851,8543,4134,4409,7474,3620,3854,4269,2013,2256,1068,528,540,
16035,4274,2073,2201,7476,3625,3851,8544,4134,4410,7476,3622,3854,4271,2014,2257,1068,528,540,
16040,4275,2074,2201,7480,3627,3853,8548,4135,4413,7478,3623,3855,4273,2015,2258,1068,528,540,
16045,4276,2074,2202,7483,3628,3855,8551,4137,4414,7481,3625,3856,4273,2015,2258,1069,528,541,
16050,4278,2075,2203,7483,3628,3855,8552,4138,4414,7483,3627,3856,4275,2015,2260,1069,528,541,
16055,4279,2076,2203,7487,3630,3857,8556,4139,4417,7485,3628,3857,4277,2016,2261,1069,528,541,
16060,4280,2076,2204,7490,3631,3859,8559,4142,4417,7488,3628,3860,4277,2016,2261,1070,528,542,
16065,4282,2078,2204,7490,3631,3859,8560,4143,4417,7490,3628,3862,4279,2017,2262,1070,528,542,
16070,4283,2078,2205,7494,3632,3862,8564,4144,4420,7492,3628,3864,4281,2017,2264,1070,528,542,
16075,4284,2079,2205,7497,3634,3863,8567,4146,4421,7495,3629,3866,4281,2017,2264,1071,529,542,
16080,4286,2081,2205,7497,3634,3863,8568,4146,4422,7497,3631,3866,4283,2018,2265,1071,529,542,
16085,4287,2082,2205,7501,3635,3866,8572,4146,4426,7499,3632,3867,4285,2019,2266,1071,529,542,
16090,4288,2083,2205,7504,3636,3868,8575,4147,4428,7502,3634,3868,4285,2019,2266,1072,530,542,
16095,4290,2084,2206,7504,3636,3868,8576,4147,4429,7504,3635,3869,4287,2021,2266,1072,530,542,
16100,4291,2085,2206,7508,3640,3868,8580,4149,4431,7506,3635,3871,4289,2022,2267,1072,530,542,
16105,4292,2085,2207,7511,3641,3870,8583,4149,4434,7509,3636,3873,4289,2022,2267,1073,530,543,
16110,4294,2086,2208,7511,3641,3870,8584,4150,4434,7511,3636,3875,4291,2022,2269,1073,530,543,
16115,4295,2087,2208,7515,3643,3872,8588,4152,4436,7513,3636,3877,4293,2023,2270,1073,530,543,
16120,4296,2088,2208,7518,3645,3873,8591,4155,4436,7516,3637,3879,4293,2023,2270,1074,531,543,
16125,4298,2089,2209,7518,3645,3873,8592,4155,4437,7518,3638,3880,4295,2023,2272,1074,531,543,
16130,4299,2090,2209,7522,3648,3874,8596,4156,4440,7520,3639,3881,4297,2024,2273,1074,531,543,
16135,4300,2091,2209,7525,3648,3877,8599,4158,4441,7523,3642,3881,4297,2024,2273,1075,531,544,
16140,4302,2092,2210,7525,3648,3877,8600,4158,4442,7525,3643,3882,4299,2025,2274,1075,531,544,
16145,4303,2093,2210,7529,3650,3879,8604,4160,4444,7527,3643,3884,4301,2026,2275,1075,531,544,
16150,4304,2093,2211,7532,3653,3879,8607,4162,4445,7530,3645,3885,4301,2026,2275,1076,532,544,
16155,4306,2093,2213,7532,3653,3879,8608,4162,4446,7532,3646,3886,4303,2028,2275,1076,532,544,
16160,4307,2093,2214,7536,3653,3883,8612,4164,4448,7534,3648,3886,4305,2029,2276,1076,532,544,
16165,4308,2093,2215,7539,3654,3885,8615,4166,4449,7537,3650,3887,4305,2029,2276,1077,532,545,
16170,4310,2095,2215,7539,3654,3885,8616,4166,4450,7539,3652,3887,4307,2030,2277,1077,532,545,
16175,4311,2095,2216,7543,3655,3888,8620,4168,4452,7541,3654,3887,4309,2031,2278,1077,532,545,
16180,4312,2096,2216,7546,3657,3889,8623,4171,4452,7544,3655,3889,4309,2031,2278,1078,533,545,
16185,4314,2097,2217,7546,3657,3889,8624,4172,4452,7546,3657,3889,4311,2031,2280,1078,533,545,
16190,4315,2098,2217,7550,3658,3892,8628,4174,4454,7548,3658,3890,4313,2033,2280,1078,533,545,
16195,4316,2098,2218,7553,3659,3894,8631,4175,4456,7551,3660,3891,4313,2033,2280,1079,534,545,
16200,4318,2099,2219,7553,3659,3894,8632,4175,4457,7553,3662,3891,4315,2035,2280,1079,534,545,
16205,4319,2099,2220,7557,3662,3895,8636,4177,4459,7555,3664,3891,4317,2037,2280,1079,534,545,
16210,4320,2100,2220,7560,3665,3895,8639,4180,4459,7558,3667,3891,4317,2037,2280,1080,534,546,
16215,4322,2100,2222,7560,3665,3895,8640,4181,4459,7560,3667,3893,4319,2039,2280,1080,534,546,
16220,4323,2101,2222,7564,3668,3896,8644,4184,4460,7562,3667,3895,4321,2040,2281,1080,534,546,
16225,4324,2101,2223,7567,3668,3899,8647,4185,4462,7565,3669,3896,4321,2040,2281,1081,535,546,
16230,4326,2103,2223,7567,3668,3899,8648,4186,4462,7567,3669,3898,4323,2041,2282,1081,535,546,
16235,4327,2104,2223,7571,3670,3901,8652,4189,4463,7569,3670,3899,4325,2042,2283,1081,535,546,
16240,4328,2105,2223,7574,3671,3903,8655,4191,4464,7572,3673,3899,4325,2042,2283,1082,536,546,
16245,4330,2105,2225,7574,3671,3903,8656,4192,4464,7574,3674,3900,4327,2043,2284,1082,536,546,
16250,4331,2105,2226,7578,3672,3906,8660,4193,4467,7576,3675,3901,4329,2043,2286,1082,536,546,
16255,4332,2105,2227,7581,3673,3908,8663,4194,4469,7579,3677,3902,4329,2043,2286,1083,537,546,
16260,4334,2106,2228,7581,3673,3908,8664,4195,4469,7581,3678,3903,4331,2045,2286,1083,537,546,
16265,4335,2106,2229,7585,3676,3909,8668,4195,4473,7583,3679,3904,4333,2046,2287,1083,537,546,
16270,4336,2106,2230,7588,3677,3911,8671,4197,4474,7586,3682,3904,4333,2046,2287,1084,538,546,
16275,4338,2107,2231,7588,3677,3911,8672,4198,4474,7588,3683,3905,4335,2047,2288,1084,538,546,
16280,4339,2108,2231,7592,3678,3914,8676,4202,4474,7590,3683,3907,4337,2048,2289,1084,538,546,
16285,4340,2108,2232,7595,3680,3915,8679,4203,4476,7593,3684,3909,4337,2048,2289,1085,539,546,
16290,4342,2108,2234,7595,3680,3915,8680,4204,4476,7595,3685,3910,4339,2048,2291,1085,539,546,
16295,4343,2109,2234,7599,3682,3917,8684,4206,4478,7597,3686,3911,4341,2049,2292,1085,539,546,
16300,4344,2109,2235,7602,3684,3918,8687,4207,4480,7600,3688,3912,4341,2049,2292,1086,540,546,
16305,4346,2109,2237,7602,3684,3918,8688,4208,4480,7602,3690,3912,4343,2049,2294,1086,540,546,
16310,4347,2109,2238,7606,3686,3920,8692,4209,4483,7604,3691,3913,4345,2051,2294,1086,540,546,
16315,4348,2110,2238,7609,3687,3922,8695,4212,4483,7607,3693,3914,4345,2051,2294,1087,540,547,
16320,4350,2110,2240,7609,3687,3922,8696,4213,4483,7609,3695,3914,4347,2052,2295,1087,540,547,
16325,4351,2111,2240,7613,3690,3923,8700,4213,4487,7611,3695,3916,4349,2053,2296,1087,540,547,
16330,4352,2112,2240,7616,3691,3925,8703,4215,4488,7614,3697,3917,4349,2053,2296,1088,540,548,
16335,4354,2113,2241,7616,3691,3925,8704,4215,4489,7616,3698,3918,4351,2053,2298,1088,540,548,
16340,4355,2114,2241,7620,3692,3928,8708,4217,4491,7618,3699,3919,4353,2055,2298,1088,540,548,
16345,4356,2115,2241,7623,3694,3929,8711,4218,4493,7621,3700,3921,4353,2055,2298,1089,541,548,
16350,4358,2115,2243,7623,3694,3929,8712,4219,4493,7623,3701,3922,4355,2056,2299,1089,541,548,
16355,4359,2115,2244,7627,3697,3930,8716,4222,4494,7625,3701,3924,4357,2057,2300,1089,541,548,
16360,4360,2116,2244,7630,3698,3932,8719,4223,4496,7628,3702,3926,4357,2057,2300,1090,541,549,
16365,4362,2116,2246,7630,3698,3932,8720,4224,4496,7630,3702,3928,4359,2058,2301,1090,541,549,
16370,4363,2116,2247,7634,3701,3933,8724,4225,4499,7632,3704,3928,4361,2060,2301,1090,541,549,
16375,4364,2117,2247,7637,3703,3934,8727,4226,4501,7635,3705,3930,4361,2060,2301,1091,542,549,
16380,4366,2117,2249,7637,3703,3934,8728,4227,4501,7637,3707,3930,4363,2062,2301,1091,542,549,
16385,4367,2117,2250,7641,3705,3936,8732,4229,4503,7639,3707,3932,4365,2063,2302,1091,542,549,
16390,4368,2118,2250,7644,3706,3938,8735,4232,4503,7642,3708,3934,4365,2063,2302,1092,543,549,
16395,4370,2118,2252,7644,3706,3938,8736,4233,4503,7644,3709,3935,4367,2065,2302,1092,543,549,
16400,4371,2119,2252,7648,3707,3941,8740,4235,4505,7646,3711,3935,4369,2067,2302,1092,543,549,
16405,4372,2120,2252,7651,3708,3943,8743,4236,4507,7649,3712,3937,4369,2067,2302,1093,544,549,
16410,4374,2122,2252,7651,3708,3943,8744,4236,4508,7651,3713,3938,4371,2067,2304,1093,544,549,
16415,4375,2122,2253,7655,3711,3944,8748,4237,4511,7653,3713,3940,4373,2068,2305,1093,544,549,
16420,4376,2123,2253,7658,3712,3946,8751,4237,4514,7656,3714,3942,4373,2068,2305,1094,544,550,
16425,4378,2125,2253,7658,3712,3946,8752,4237,4515,7658,3715,3943,4375,2070,2305,1094,544,550,
16430,4379,2126,2253,7662,3716,3946,8756,4239,4517,7660,3715,3945,4377,2070,2307,1094,544,550,
16435,4380,2127,2253,7665,3718,3947,8759,4240,4519,7663,3716,3947,4377,2070,2307,1095,545,550,
16440,4382,2127,2255,7665,3718,3947,8760,4241,4519,7665,3717,3948,4379,2071,2308,1095,545,550,
16445,4383,2128,2255,7669,3721,3948,8764,4242,4522,7667,3718,3949,4381,2073,2308,1095,545,550,
16450,4384,2129,2255,7672,3721,3951,8767,4245,4522,7670,3720,3950,4381,2073,2308,1096,545,551,
16455,4386,2130,2256,7672,3721,3951,8768,4245,4523,7672,3721,3951,4383,2073,2310,1096,545,551,
16460,4387,2130,2257,7676,3722,3954,8772,4247,4525,7674,3721,3953,4385,2075,2310,1096,545,551,
16465,4388,2131,2257,7679,3723,3956,8775,4248,4527,7677,3724,3953,4385,2075,2310,1097,546,551,
16470,4390,2131,2259,7679,3723,3956,8776,4248,4528,7679,3726,3953,4387,2076,2311,1097,546,551,
16475,4391,2131,2260,7683,3725,3958,8780,4250,4530,7681,3728,3953,4389,2076,2313,1097,546,551,
16480,4392,2131,2261,7686,3725,3961,8783,4251,4532,7684,3729,3955,4389,2076,2313,1098,547,551,
16485,4394,2132,2262,7686,3725,3961,8784,4252,4532,7686,3730,3956,4391,2076,2315,1098,547,551,
16490,4395,2133,2262,7690,3727,3963,8788,4252,4536,7688,3730,3958,4393,2078,2315,1098,547,551,
16495,4396,2133,2263,7693,3729,3964,8791,4253,4538,7691,3732,3959,4393,2078,2315,1099,547,552,
16500,4398,2135,2263,7693,3729,3964,8792,4254,4538,7693,3734,3959,4395,2079,2316,1099,547,552,
16505,4399,2136,2263,7697,3730,3967,8796,4254,4542,7695,3734,3961,4397,2080,2317,1099,547,552,
16510,4400,2137,2263,7700,3731,3969,8799,4255,4544,7698,3734,3964,4397,2080,2317,1100,547,553,
16515,4402,2139,2263,7700,3731,3969,8800,4256,4544,7700,3736,3964,4399,2082,2317,1100,547,553,
16520,4403,2140,2263,7704,3732,3972,8804,4259,4545,7702,3738,3964,4401,2082,2319,1100,547,553,
16525,4404,2141,2263,7707,3734,3973,8807,4260,4547,7705,3739,3966,4401,2082,2319,1101,547,554,
16530,4406,2142,2264,7707,3734,3973,8808,4261,4547,7707,3740,3967,4403,2083,2320,1101,547,554,
16535,4407,2143,2264,7711,3737,3974,8812,4264,4548,7709,3742,3967,4405,2084,2321,1101,547,554,
16540,4408,2143,2265,7714,3739,3975,8815,4266,4549,7712,3745,3967,4405,2084,2321,1102,548,554,
16545,4410,2143,2267,7714,3739,3975,8816,4266,4550,7714,3746,3968,4407,2085,2322,1102,548,554,
16550,4411,2143,2268,7718,3741,3977,8820,4267,4553,7716,3748,3968,4409,2087,2322,1102,548,554,
16555,4412,2144,2268,7721,3744,3977,8823,4269,4554,7719,3749,3970,4409,2087,2322,1103,548,555,
16560,4414,2144,2270,7721,3744,3977,8824,4269,4555,7721,3751,3970,4411,2088,2323,1103,548,555,
16565,4415,2145,2270,7725,3746,3979,8828,4270,4558,7723,3752,3971,4413,2089,2324,1103,548,555,
16570,4416,2146,2270,7728,3747,3981,8831,4272,4559,7726,3753,3973,4413,2089,2324,1104,549,555,
16575,4418,2147,2271,7728,3747,3981,8832,4272,4560,7728,3754,3974,4415,2091,2324,1104,549,555,
16580,4419,2148,2271,7732,3750,3982,8836,4275,4561,7730,3754,3976,4417,2093,2324,1104,549,555,
16585,4420,2148,2272,7735,3751,3984,8839,4276,4563,7733,3756,3977,4417,2093,2324,1105,550,555,
16590,4422,2148,2274,7735,3751,3984,8840,4277,4563,7735,3758,3977,4419,2094,2325,1105,550,555,
16595,4423,2148,2275,7739,3754,3985,8844,4280,4564,7737,3760,3977,4421,2095,2326,1105,550,555,
16600,4424,2148,2276,7742,3754,3988,8847,4282,4565,7740,3761,3979,4421,2095,2326,1106,551,555,
16605,4426,2150,2276,7742,3754,3988,8848,4283,4565,7742,3762,3980,4423,2095,2328,1106,551,555,
16610,4427,2150,2277,7746,3755,3991,8852,4285,4567,7744,3762,3982,4425,2097,2328,1106,551,555,
16615,4428,2151,2277,7749,3757,3992,8855,4287,4568,7747,3762,3985,4425,2097,2328,1107,551,556,
16620,4430,2153,2277,7749,3757,3992,8856,4287,4569,7749,3762,3987,4427,2097,2330,1107,551,556,
16625,4431,2153,2278,7753,3759,3994,8860,4287,4573,7751,3764,3987,4429,2098,2331,1107,551,556,
16630,4432,2154,2278,7756,3760,3996,8863,4288,4575,7754,3766,3988,4429,2098,2331,1108,552,556,
16635,4434,2155,2279,7756,3760,3996,8864,4289,4575,7756,3767,3989,4431,2100,2331,1108,552,556,
16640,4435,2156,2279,7760,3762,3998,8868,4290,4578,7758,3767,3991,4433,2101,2332,1108,552,556,
16645,4436,2157,2279,7763,3765,3998,8871,4290,4581,7761,3768,3993,4433,2101,2332,1109,552,557,
16650,4438,2158,2280,7763,3765,3998,8872,4290,4582,7763,3769,3994,4435,2102,2333,1109,552,557,
16655,4439,2159,2280,7767,3766,4001,8876,4292,4584,7765,3771,3994,4437,2104,2333,1109,552,557,
16660,4440,2160,2280,7770,3768,4002,8879,4293,4586,7768,3771,3997,4437,2104,2333,1110,552,558,
16665,4442,2161,2281,7770,3768,4002,8880,4294,4586,7770,3771,3999,4439,2105,2334,1110,552,558,
16670,4443,2162,2281,7774,3771,4003,8884,4296,4588,7772,3773,3999,4441,2105,2336,1110,552,558,
16675,4444,2163,2281,7777,3774,4003,8887,4297,4590,7775,3774,4001,4441,2105,2336,1111,553,558,
16680,4446,2164,2282,7777,3774,4003,8888,4298,4590,7777,3775,4002,4443,2107,2336,1111,553,558,
16685,4447,2164,2283,7781,3775,4006,8892,4301,4591,7779,3775,4004,4445,2109,2336,1111,553,558,
16690,4448,2164,2284,7784,3776,4008,8895,4304,4591,7782,3775,4007,4445,2109,2336,1112,554,558,
16695,4450,2165,2285,7784,3776,4008,8896,4305,4591,7784,3775,4009,4447,2110,2337,1112,554,558,
16700,4451,2165,2286,7788,3779,4009,8900,4308,4592,7786,3777,4009,4449,2110,2339,1112,554,558,
16705,4452,2166,2286,7791,3780,4011,8903,4310,4593,7789,3779,4010,4449,2110,2339,1113,555,558,
16710,4454,2166,2288,7791,3780,4011,8904,4310,4594,7791,3780,4011,4451,2110,2341,1113,555,558,
16715,4455,2167,2288,7795,3782,4013,8908,4311,4597,7793,3781,4012,4453,2112,2341,1113,555,558,
16720,4456,2168,2288,7798,3783,4015,8911,4312,4599,7796,3783,4013,4453,2112,2341,1114,555,559,
16725,4458,2170,2288,7798,3783,4015,8912,4313,4599,7798,3784,4014,4455,2113,2342,1114,555,559,
16730,4459,2171,2288,7802,3786,4016,8916,4315,4601,7800,3784,4016,4457,2114,2343,1114,555,559,
16735,4460,2171,2289,7805,3788,4017,8919,4315,4604,7803,3785,4018,4457,2114,2343,1115,556,559,
16740,4462,2171,2291,7805,3788,4017,8920,4316,4604,7805,3787,4018,4459,2114,2345,1115,556,559,
16745,4463,2171,2292,7809,3791,4018,8924,4316,4608,7807,3788,4019,4461,2115,2346,1115,556,559,
16750,4464,2171,2293,7812,3792,4020,8927,4318,4609,7810,3790,4020,4461,2115,2346,1116,557,559,
16755,4466,2171,2295,7812,3792,4020,8928,4318,4610,7812,3790,4022,4463,2117,2346,1116,557,559,
16760,4467,2171,2296,7816,3793,4023,8932,4320,4612,7814,3790,4024,4465,2118,2347,1116,557,559,
16765,4468,2171,2297,7819,3794,4025,8935,4322,4613,7817,3792,4025,4465,2118,2347,1117,558,559,
16770,4470,2171,2299,7819,3794,4025,8936,4323,4613,7819,3792,4027,4467,2120,2347,1117,558,559,
16775,4471,2171,2300,7823,3796,4027,8940,4324,4616,7821,3793,4028,4469,2121,2348,1117,558,559,
16780,4472,2172,2300,7826,3797,4029,8943,4327,4616,7824,3796,4028,4469,2121,2348,1118,558,560,
16785,4474,2174,2300,7826,3797,4029,8944,4328,4616,7826,3797,4029,4471,2122,2349,1118,558,560,
16790,4475,2175,2300,7830,3799,4031,8948,4329,4619,7828,3798,4030,4473,2124,2349,1118,558,560,
16795,4476,2176,2300,7833,3799,4034,8951,4330,4621,7831,3799,4032,4473,2124,2349,1119,558,561,
16800,4478,2177,2301,7833,3799,4034,8952,4331,4621,7833,3801,4032,4475,2124,2351,1119,558,561,
16805,4479,2177,2302,7837,3802,4035,8956,4332,4624,7835,3801,4034,4477,2125,2352,1119,558,561,
16810,4480,2178,2302,7840,3802,4038,8959,4335,4624,7838,3803,4035,4477,2125,2352,1120,558,562,
16815,4482,2178,2304,7840,3802,4038,8960,4336,4624,7840,3804,4036,4479,2125,2354,1120,558,562,
16820,4483,2179,2304,7844,3805,4039,8964,4338,4626,7842,3805,4037,4481,2126,2355,1120,558,562,
16825,4484,2179,2305,7847,3805,4042,8967,4340,4627,7845,3805,4040,4481,2126,2355,1121,558,563,
16830,4486,2180,2306,7847,3805,4042,8968,4340,4628,7847,3807,4040,4483,2127,2356,1121,558,563,
16835,4487,2181,2306,7851,3807,4044,8972,4341,4631,7849,3807,4042,4485,2128,2357,1121,558,563,
16840,4488,2182,2306,7854,3808,4046,8975,4343,4632,7852,3809,4043,4485,2128,2357,1122,559,563,
16845,4490,2182,2308,7854,3808,4046,8976,4343,4633,7854,3810,4044,4487,2128,2359,1122,559,563,
16850,4491,2183,2308,7858,3809,4049,8980,4346,4634,7856,3810,4046,4489,2128,2361,1122,559,563,
16855,4492,2184,2308,7861,3811,4050,8983,4348,4635,7859,3810,4049,4489,2128,2361,1123,559,564,
16860,4494,2185,2309,7861,3811,4050,8984,4349,4635,7861,3812,4049,4491,2129,2362,1123,559,564,
16865,4495,2186,2309,7865,3813,4052,8988,4351,4637,7863,3813,4050,4493,2130,2363,1123,559,564,
16870,4496,2186,2310,7868,3815,4053,8991,4353,4638,7866,3815,4051,4493,2130,2363,1124,560,564,
16875,4498,2188,2310,7868,3815,4053,8992,4353,4639,7868,3817,4051,4495,2132,2363,1124,560,564,
16880,4499,2188,2311,7872,3817,4055,8996,4354,4642,7870,3818,4052,4497,2134,2363,1124,560,564,
16885,4500,2188,2312,7875,3819,4056,8999,4356,4643,7873,3819,4054,4497,2134,2363,1125,561,564,
16890,4502,2188,2314,7875,3819,4056,9000,4356,4644,7875,3819,4056,4499,2135,2364,1125,561,564,
16895,4503,2188,2315,7879,3821,4058,9004,4357,4647,7877,3819,4058,4501,2135,2366,1125,561,564,
16900,4504,2189,2315,7882,3822,4060,9007,4359,4648,7880,3820,4060,4501,2135,2366,1126,561,565,
16905,4506,2190,2316,7882,3822,4060,9008,4359,4649,7882,3822,4060,4503,2136,2367,1126,561,565,
16910,4507,2191,2316,7886,3822,4064,9012,4361,4651,7884,3823,4061,4505,2136,2369,1126,561,565,
16915,4508,2192,2316,7889,3824,4065,9015,4362,4653,7887,3826,4061,4505,2136,2369,1127,561,566,
16920,4510,2193,2317,7889,3824,4065,9016,4363,4653,7889,3826,4063,4507,2137,2370,1127,561,566,
16925,4511,2194,2317,7893,3826,4067,9020,4364,4656,7891,3827,4064,4509,2138,2371,1127,561,566,
16930,4512,2195,2317,7896,3828,4068,9023,4366,4657,7894,3828,4066,4509,2138,2371,1128,561,567,
16935,4514,2196,2318,7896,3828,4068,9024,4366,4658,7896,3828,4068,4511,2140,2371,1128,561,567,
16940,4515,2196,2319,7900,3830,4070,9028,4367,4661,7898,3828,4070,4513,2141,2372,1128,561,567,
16945,4516,2196,2320,7903,3831,4072,9031,4369,4662,7901,3830,4071,4513,2141,2372,1129,562,567,
16950,4518,2197,2321,7903,3831,4072,9032,4369,4663,7903,3830,4073,4515,2142,2373,1129,562,567,
16955,4519,2198,2321,7907,3832,4075,9036,4370,4666,7905,3832,4073,4517,2143,2374,1129,562,567,
16960,4520,2199,2321,7910,3833,4077,9039,4372,4667,7908,3835,4073,4517,2143,2374,1130,562,568,
16965,4522,2199,2323,7910,3833,4077,9040,4373,4667,7910,3835,4075,4519,2144,2375,1130,562,568,
16970,4523,2199,2324,7914,3835,4079,9044,4376,4668,7912,3836,4076,4521,2145,2376,1130,562,568,
16975,4524,2199,2325,7917,3835,4082,9047,4378,4669,7915,3836,4079,4521,2145,2376,1131,562,569,
16980,4526,2200,2326,7917,3835,4082,9048,4378,4670,7917,3838,4079,4523,2146,2377,1131,562,569,
16985,4527,2200,2327,7921,3839,4082,9052,4382,4670,7919,3839,4080,4525,2148,2377,1131,562,569,
16990,4528,2201,2327,7924,3841,4083,9055,4384,4671,7922,3841,4081,4525,2148,2377,1132,563,569,
16995,4530,2202,2328,7924,3841,4083,9056,4384,4672,7924,3841,4083,4527,2148,2379,1132,563,569,
17000,4531,2203,2328,7928,3844,4084,9060,4387,4673,7926,3841,4085,4529,2149,2380,1132,563,569,
17005,4532,2203,2329,7931,3845,4086,9063,4388,4675,7929,3841,4088,4529,2149,2380,1133,564,569,
17010,4534,2204,2330,7931,3845,4086,9064,4388,4676,7931,3841,4090,4531,2150,2381,1133,564,569,
17015,4535,2204,2331,7935,3848,4087,9068,4388,4680,7933,3842,4091,4533,2151,2382,1133,564,569,
17020,4536,2204,2332,7938,3850,4088,9071,4391,4680,7936,3843,4093,4533,2151,2382,1134,564,570,
17025,4538,2205,2333,7938,3850,4088,9072,4391,4681,7938,3843,4095,4535,2153,2382,1134,564,570,
17030,4539,2206,2333,7942,3853,4089,9076,4394,4682,7940,3845,4095,4537,2153,2384,1134,564,570,
17035,4540,2207,2333,7945,3855,4090,9079,4397,4682,7943,3846,4097,4537,2153,2384,1135,564,571,
17040,4542,2209,2333,7945,3855,4090,9080,4397,4683,7945,3848,4097,4539,2153,2386,1135,564,571,
17045,4543,2209,2334,7949,3858,4091,9084,4400,4684,7947,3848,4099,4541,2154,2387,1135,564,571,
17050,4544,2210,2334,7952,3859,4093,9087,4401,4686,7950,3849,4101,4541,2154,2387,1136,565,571,
17055,4546,2212,2334,7952,3859,4093,9088,4401,4687,7952,3849,4103,4543,2155,2388,1136,565,571,
17060,4547,2212,2335,7956,3860,4096,9092,4404,4688,7954,3849,4105,4545,2157,2388,1136,565,571,
17065,4548,2212,2336,7959,3861,4098,9095,4406,4689,7957,3850,4107,4545,2157,2388,1137,565,572,
17070,4550,2214,2336,7959,3861,4098,9096,4407,4689,7959,3852,4107,4547,2157,2390,1137,565,572,
17075,4551,2214,2337,7963,3863,4100,9100,4409,4691,7961,3853,4108,4549,2158,2391,1137,565,572,
17080,4552,2214,2338,7966,3864,4102,9103,4411,4692,7964,3855,4109,4549,2158,2391,1138,566,572,
17085,4554,2214,2340,7966,3864,4102,9104,4411,4693,7966,3855,4111,4551,2159,2392,1138,566,572,
17090,4555,2214,2341,7970,3865,4105,9108,4414,4694,7968,3856,4112,4553,2160,2393,1138,566,572,
17095,4556,2214,2342,7973,3866,4107,9111,4415,4696,7971,3857,4114,4553,2160,2393,1139,567,572,
17100,4558,2214,2344,7973,3866,4107,9112,4416,4696,7973,3859,4114,4555,2160,2395,1139,567,572,
17105,4559,2215,2344,7977,3867,4110,9116,4419,4697,7975,3861,4114,4557,2161,2396,1139,567,572,
17110,4560,2216,2344,7980,3868,4112,9119,4420,4699,7978,3862,4116,4557,2161,2396,1140,567,573,
17115,4562,2217,2345,7980,3868,4112,9120,4420,4700,7980,3863,4117,4559,2163,2396,1140,567,573,
17120,4563,2217,2346,7984,3868,4116,9124,4420,4704,7982,3863,4119,4561,2163,2398,1140,567,573,
17125,4564,2218,2346,7987,3870,4117,9127,4421,4706,7985,3865,4120,4561,2163,2398,1141,568,573,
17130,4566,2220,2346,7987,3870,4117,9128,4422,4706,7987,3867,4120,4563,2164,2399,1141,568,573,
17135,4567,2220,2347,7991,3872,4119,9132,4423,4709,7989,3868,4121,4565,2166,2399,1141,568,573,
17140,4568,2220,2348,7994,3874,4120,9135,4425,4710,7992,3869,4123,4565,2166,2399,1142,569,573,
17145,4570,2221,2349,7994,3874,4120,9136,4425,4711,7994,3870,4124,4567,2168,2399,1142,569,573,
17150,4571,2222,2349,7998,3875,4123,9140,4427,4713,7996,3871,4125,4569,2169,2400,1142,569,573,
17155,4572,2223,2349,8001,3877,4124,9143,4429,4714,7999,3872,4127,4569,2169,2400,1143,569,574,
17160,4574,2223,2351,8001,3877,4124,9144,4429,4715,8001,3873,4128,4571,2170,2401,1143,569,574,
17165,4575,2224,2351,8005,3878,4127,9148,4431,4717,8003,3874,4129,4573,2170,2403,1143,569,574,
17170,4576,2225,2351,8008,3878,4130,9151,4432,4719,8006,3877,4129,4573,2170,2403,1144,570,574,
17175,4578,2226,2352,8008,3878,4130,9152,4432,4720,8008,3878,4130,4575,2170,2405,1144,570,574,
17180,4579,2227,2352,8012,3880,4132,9156,4436,4720,8010,3879,4131,4577,2172,2405,1144,570,574,
17185,4580,2227,2353,8015,3882,4133,9159,4437,4722,8013,3880,4133,4577,2172,2405,1145,570,575,
17190,4582,2228,2354,8015,3882,4133,9160,4438,4722,8015,3880,4135,4579,2172,2407,1145,570,575,
17195,4583,2229,2354,8019,3885,4134,9164,4441,4723,8017,3882,4135,4581,2174,2407,1145,570,575,
17200,4584,2229,2355,8022,3887,4135,9167,4442,4725,8020,3884,4136,4581,2174,2407,1146,570,576,
17205,4586,2230,2356,8022,3887,4135,9168,4442,4726,8022,3884,4138,4583,2174,2409,1146,570,576,
17210,4587,2231,2356,8026,3890,4136,9172,4445,4727,8024,3884,4140,4585,2175,2410,1146,570,576,
17215,4588,2231,2357,8029,3891,4138,9175,4447,4728,8027,3885,4142,4585,2175,2410,1147,571,576,
17220,4590,2231,2359,8029,3891,4138,9176,4447,4729,8029,3886,4143,4587,2176,2411,1147,571,576,
17225,4591,2232,2359,8033,3894,4139,9180,4449,4731,8031,3886,4145,4589,2177,2412,1147,571,576,
17230,4592,2233,2359,8036,3895,4141,9183,4450,4733,8034,3888,4146,4589,2177,2412,1148,571,577,
17235,4594,2233,2361,8036,3895,4141,9184,4451,4733,8036,3889,4147,4591,2178,2413,1148,571,577,
17240,4595,2234,2361,8040,3898,4142,9188,4454,4734,8038,3891,4147,4593,2178,2415,1148,571,577,
17245,4596,2235,2361,8043,3899,4144,9191,4456,4735,8041,3891,4150,4593,2178,2415,1149,571,578,
17250,4598,2237,2361,8043,3899,4144,9192,4457,4735,8043,3892,4151,4595,2180,2415,1149,571,578,
17255,4599,2237,2362,8047,3901,4146,9196,4458,4738,8045,3892,4153,4597,2181,2416,1149,571,578,
17260,4600,2237,2363,8050,3903,4147,9199,4460,4739,8048,3893,4155,4597,2181,2416,1150,571,579,
17265,4602,2237,2365,8050,3903,4147,9200,4461,4739,8050,3894,4156,4599,2181,2418,1150,571,579,
17270,4603,2237,2366,8054,3906,4148,9204,4462,4742,8052,3896,4156,4601,2183,2418,1150,571,579,
17275,4604,2237,2367,8057,3907,4150,9207,4464,4743,8055,3898,4157,4601,2183,2418,1151,571,580,
17280,4606,2238,2368,8057,3907,4150,9208,4464,4744,8057,3899,4158,4603,2183,2420,1151,571,580,
17285,4607,2238,2369,8061,3910,4151,9212,4466,4746,8059,3899,4160,4605,2184,2421,1151,571,580,
17290,4608,2239,2369,8064,3911,4153,9215,4466,4749,8062,3900,4162,4605,2184,2421,1152,572,580,
17295,4610,2241,2369,8064,3911,4153,9216,4466,4750,8064,3900,4164,4607,2185,2422,1152,572,580,
17300,4611,2242,2369,8068,3912,4156,9220,4469,4751,8066,3900,4166,4609,2185,2424,1152,572,580,
17305,4612,2243,2369,8071,3914,4157,9223,4470,4753,8069,3902,4167,4609,2185,2424,1153,573,580,
17310,4614,2244,2370,8071,3914,4157,9224,4471,4753,8071,3903,4168,4611,2187,2424,1153,573,580,
17315,4615,2244,2371,8075,3917,4158,9228,4474,4754,8073,3904,4169,4613,2188,2425,1153,573,580,
17320,4616,2244,2372,8078,3917,4161,9231,4475,4756,8076,3906,4170,4613,2188,2425,1154,573,581,
17325,4618,2245,2373,8078,3917,4161,9232,4475,4757,8078,3906,4172,4615,2190,2425,1154,573,581,
17330,4619,2246,2373,8082,3921,4161,9236,4478,4758,8080,3907,4173,4617,2191,2426,1154,573,581,
17335,4620,2246,2374,8085,3923,4162,9239,4481,4758,8083,3910,4173,4617,2191,2426,1155,573,582,
17340,4622,2246,2376,8085,3923,4162,9240,4481,4759,8085,3911,4174,4619,2192,2427,1155,573,582,
17345,4623,2246,2377,8089,3923,4166,9244,4482,4762,8087,3911,4176,4621,2193,2428,1155,573,582,
17350,4624,2247,2377,8092,3924,4168,9247,4483,4764,8090,3914,4176,4621,2193,2428,1156,574,582,
17355,4626,2247,2379,8092,3924,4168,9248,4484,4764,8092,3915,4177,4623,2195,2428,1156,574,582,
17360,4627,2247,2380,8096,3926,4170,9252,4485,4767,8094,3916,4178,4625,2196,2429,1156,574,582,
17365,4628,2248,2380,8099,3928,4171,9255,4486,4769,8097,3919,4178,4625,2196,2429,1157,574,583,
17370,4630,2249,2381,8099,3928,4171,9256,4486,4770,8099,3921,4178,4627,2197,2430,1157,574,583,
17375,4631,2250,2381,8103,3931,4172,9260,4487,4773,8101,3923,4178,4629,2197,2432,1157,574,583,
17380,4632,2251,2381,8106,3932,4174,9263,4490,4773,8104,3924,4180,4629,2197,2432,1158,575,583,
17385,4634,2253,2381,8106,3932,4174,9264,4491,4773,8106,3924,4182,4631,2198,2433,1158,575,583,
17390,4635,2254,2381,8110,3934,4176,9268,4492,4776,8108,3925,4183,4633,2199,2434,1158,575,583,
17395,4636,2255,2381,8113,3935,4178,9271,4492,4779,8111,3926,4185,4633,2199,2434,1159,575,584,
17400,4638,2256,2382,8113,3935,4178,9272,4492,4780,8113,3926,4187,4635,2201,2434,1159,575,584,
17405,4639,2257,2382,8117,3937,4180,9276,4494,4782,8115,3928,4187,4637,2203,2434,1159,575,584,
17410,4640,2258,2382,8120,3938,4182,9279,4496,4783,8118,3930,4188,4637,2203,2434,1160,576,584,
17415,4642,2259,2383,8120,3938,4182,9280,4497,4783,8120,3931,4189,4639,2204,2435,1160,576,584,
17420,4643,2260,2383,8124,3940,4184,9284,4501,4783,8122,3931,4191,4641,2204,2437,1160,576,584,
17425,4644,2260,2384,8127,3943,4184,9287,4502,4785,8125,3932,4193,4641,2204,2437,1161,577,584,
17430,4646,2262,2384,8127,3943,4184,9288,4503,4785,8127,3933,4194,4643,2204,2439,1161,577,584,
17435,4647,2262,2385,8131,3946,4185,9292,4506,4786,8129,3935,4194,4645,2204,2441,1161,577,584,
17440,4648,2262,2386,8134,3948,4186,9295,4508,4787,8132,3936,4196,4645,2204,2441,1162,577,585,
17445,4650,2262,2388,8134,3948,4186,9296,4508,4788,8134,3936,4198,4647,2205,2442,1162,577,585,
17450,4651,2263,2388,8138,3950,4188,9300,4510,4790,8136,3937,4199,4649,2205,2444,1162,577,585,
17455,4652,2264,2388,8141,3951,4190,9303,4512,4791,8139,3938,4201,4649,2205,2444,1163,578,585,
17460,4654,2265,2389,8141,3951,4190,9304,4513,4791,8141,3939,4202,4651,2206,2445,1163,578,585,
17465,4655,2266,2389,8145,3954,4191,9308,4515,4793,8143,3940,4203,4653,2207,2446,1163,578,585,
17470,4656,2266,2390,8148,3957,4191,9311,4517,4794,8146,3941,4205,4653,2207,2446,1164,578,586,
17475,4658,2267,2391,8148,3957,4191,9312,4518,4794,8148,3942,4206,4655,2209,2446,1164,578,586,
17480,4659,2267,2392,8152,3959,4193,9316,4520,4796,8150,3944,4206,4657,2210,2447,1164,578,586,
17485,4660,2267,2393,8155,3961,4194,9319,4521,4798,8153,3947,4206,4657,2210,2447,1165,579,586,
17490,4662,2267,2395,8155,3961,4194,9320,4521,4799,8155,3948,4207,4659,2212,2447,1165,579,586,
17495,4663,2268,2395,8159,3965,4194,9324,4522,4802,8157,3949,4208,4661,2212,2449,1165,579,586,
17500,4664,2269,2395,8162,3967,4195,9327,4524,4803,8160,3951,4209,4661,2212,2449,1166,579,587,
17505,4666,2270,2396,8162,3967,4195,9328,4525,4803,8162,3953,4209,4663,2212,2451,1166,579,587,
17510,4667,2270,2397,8166,3969,4197,9332,4528,4804,8164,3955,4209,4665,2212,2453,1166,579,587,
17515,4668,2271,2397,8169,3970,4199,9335,4528,4807,8167,3956,4211,4665,2212,2453,1167,579,588,
17520,4670,2271,2399,8169,3970,4199,9336,4528,4808,8169,3956,4213,4667,2213,2454,1167,579,588,
17525,4671,2271,2400,8173,3970,4203,9340,4531,4809,8171,3957,4214,4669,2213,2456,1167,579,588,
17530,4672,2272,2400,8176,3972,4204,9343,4532,4811,8174,3959,4215,4669,2213,2456,1168,579,589,
17535,4674,2274,2400,8176,3972,4204,9344,4533,4811,8176,3960,4216,4671,2214,2457,1168,579,589,
17540,4675,2275,2400,8180,3975,4205,9348,4535,4813,8178,3961,4217,4673,2215,2458,1168,579,589,
17545,4676,2275,2401,8183,3976,4207,9351,4537,4814,8181,3963,4218,4673,2215,2458,1169,580,589,
17550,4678,2276,2402,8183,3976,4207,9352,4537,4815,8183,3965,4218,4675,2216,2459,1169,580,589,
17555,4679,2277,2402,8187,3978,4209,9356,4537,4819,8185,3967,4218,4677,2217,2460,1169,580,589,
17560,4680,2277,2403,8190,3980,4210,9359,4538,4821,8188,3969,4219,4677,2217,2460,1170,581,589,
17565,4682,2279,2403,8190,3980,4210,9360,4538,4822,8190,3970,4220,4679,2219,2460,1170,581,589,
17570,4683,2279,2404,8194,3984,4210,9364,4541,4823,8192,3971,4221,4681,2220,2461,1170,581,589,
17575,4684,2279,2405,8197,3985,4212,9367,4543,4824,8195,3973,4222,4681,2220,2461,1171,581,590,
17580,4686,2281,2405,8197,3985,4212,9368,4544,4824,8197,3973,4224,4683,2220,2463,1171,581,590,
17585,4687,2282,2405,8201,3987,4214,9372,4546,4826,8199,3974,4225,4685,2220,2465,1171,581,590,
17590,4688,2282,2406,8204,3989,4215,9375,4547,4828,8202,3975,4227,4685,2220,2465,1172,581,591,
17595,4690,2284,2406,8204,3989,4215,9376,4548,4828,8204,3975,4229,4687,2221,2466,1172,581,591,
17600,4691,2285,2406,8208,3990,4218,9380,4548,4832,8206,3975,4231,4689,2222,2467,1172,581,591,
17605,4692,2285,2407,8211,3992,4219,9383,4549,4834,8209,3977,4232,4689,2222,2467,1173,581,592,
17610,4694,2285,2409,8211,3992,4219,9384,4550,4834,8211,3978,4233,4691,2223,2468,1173,581,592,
17615,4695,2285,2410,8215,3995,4220,9388,4551,4837,8213,3980,4233,4693,2225,2468,1173,581,592,
17620,4696,2285,2411,8218,3997,4221,9391,4553,4838,8216,3982,4234,4693,2225,2468,1174,582,592,
17625,4698,2286,2412,8218,3997,4221,9392,4554,4838,8218,3983,4235,4695,2226,2469,1174,582,592,
17630,4699,2286,2413,8222,3999,4223,9396,4555,4841,8220,3983,4237,4697,2228,2469,1174,582,592,
17635,4700,2286,2414,8225,4000,4225,9399,4557,4842,8223,3986,4237,4697,2228,2469,1175,582,593,
17640,4702,2288,2414,8225,4000,4225,9400,4558,4842,8225,3987,4238,4699,2228,2471,1175,582,593,
17645,4703,2289,2414,8229,4003,4226,9404,4559,4845,8227,3988,4239,4701,2228,2473,1175,582,593,
17650,4704,2289,2415,8232,4003,4229,9407,4560,4847,8230,3989,4241,4701,2228,2473,1176,582,594,
17655,4706,2290,2416,8232,4003,4229,9408,4560,4848,8232,3989,4243,4703,2229,2474,1176,582,594,
17660,4707,2290,2417,8236,4003,4233,9412,4563,4849,8234,3991,4243,4705,2231,2474,1176,582,594,
17665,4708,2290,2418,8239,4004,4235,9415,4564,4851,8237,3991,4246,4705,2231,2474,1177,583,594,
17670,4710,2292,2418,8239,4004,4235,9416,4564,4852,8239,3992,4247,4707,2232,2475,1177,583,594,
17675,4711,2293,2418,8243,4006,4237,9420,4567,4853,8241,3993,4248,4709,2232,2477,1177,583,594,
17680,4712,2293,2419,8246,4008,4238,9423,4569,4854,8244,3993,4251,4709,2232,2477,1178,583,595,
17685,4714,2295,2419,8246,4008,4238,9424,4570,4854,8246,3994,4252,4711,2234,2477,1178,583,595,
17690,4715,2295,2420,8250,4010,4240,9428,4571,4857,8248,3995,4253,4713,2236,2477,1178,583,595,
17695,4716,2295,2421,8253,4012,4241,9431,4572,4859,8251,3997,4254,4713,2236,2477,1179,583,596,
17700,4718,2296,2422,8253,4012,4241,9432,4572,4860,8253,3998,4255,4715,2236,2479,1179,583,596,
17705,4719,2297,2422,8257,4013,4244,9436,4574,4862,8255,3998,4257,4717,2237,2480,1179,583,596,
17710,4720,2298,2422,8260,4013,4247,9439,4575,4864,8258,4000,4258,4717,2237,2480,1180,584,596,
17715,4722,2299,2423,8260,4013,4247,9440,4576,4864,8260,4000,4260,4719,2238,2481,1180,584,596,
17720,4723,2299,2424,8264,4015,4249,9444,4578,4866,8262,4001,4261,4721,2239,2482,1180,584,596,
17725,4724,2299,2425,8267,4017,4250,9447,4580,4867,8265,4003,4262,4721,2239,2482,1181,584,597,
17730,4726,2300,2426,8267,4017,4250,9448,4580,4868,8267,4005,4262,4723,2240,2483,1181,584,597,
17735,4727,2300,2427,8271,4018,4253,9452,4581,4871,8269,4005,4264,4725,2241,2484,1181,584,597,
17740,4728,2301,2427,8274,4019,4255,9455,4582,4873,8272,4005,4267,4725,2241,2484,1182,584,598,
17745,4730,2302,2428,8274,4019,4255,9456,4582,4874,8274,4006,4268,4727,2242,2485,1182,584,598,
17750,4731,2302,2429,8278,4021,4257,9460,4585,4875,8276,4008,4268,4729,2242,2487,1182,584,598,
17755,4732,2303,2429,8281,4022,4259,9463,4587,4876,8279,4009,4270,4729,2242,2487,1183,585,598,
17760,4734,2304,2430,8281,4022,4259,9464,4587,4877,8281,4010,4271,4731,2242,2489,1183,585,598,
17765,4735,2305,2430,8285,4022,4263,9468,4589,4879,8283,4011,4272,4733,2244,2489,1183,585,598,
17770,4736,2306,2430,8288,4023,4265,9471,4591,4880,8286,4013,4273,4733,2244,2489,1184,586,598,
17775,4738,2307,2431,8288,4023,4265,9472,4591,4881,8288,4014,4274,4735,2245,2490,1184,586,598,
17780,4739,2308,2431,8292,4025,4267,9476,4592,4884,8290,4014,4276,4737,2245,2492,1184,586,598,
17785,4740,2308,2432,8295,4026,4269,9479,4593,4886,8293,4015,4278,4737,2245,2492,1185,587,598,
17790,4742,2309,2433,8295,4026,4269,9480,4593,4887,8295,4016,4279,4739,2247,2492,1185,587,598,
17795,4743,2310,2433,8299,4028,4271,9484,4595,4889,8297,4017,4280,4741,2248,2493,1185,587,598,
17800,4744,2310,2434,8302,4029,4273,9487,4597,4890,8300,4018,4282,4741,2248,2493,1186,588,598,
17805,4746,2311,2435,8302,4029,4273,9488,4598,4890,8302,4019,4283,4743,2248,2495,1186,588,598,
17810,4747,2311,2436,8306,4032,4274,9492,4599,4893,8304,4021,4283,4745,2248,2497,1186,588,598,
17815,4748,2311,2437,8309,4035,4274,9495,4602,4893,8307,4022,4285,4745,2248,2497,1187,589,598,
17820,4750,2311,2439,8309,4035,4274,9496,4602,4894,8309,4023,4286,4747,2250,2497,1187,589,598,
17825,4751,2312,2439,8313,4039,4274,9500,4603,4897,8311,4024,4287,4749,2250,2499,1187,589,598,
17830,4752,2312,2440,8316,4040,4276,9503,4606,4897,8314,4025,4289,4749,2250,2499,1188,589,599,
17835,4754,2312,2442,8316,4040,4276,9504,4606,4898,8316,4025,4291,4751,2252,2499,1188,589,599,
17840,4755,2312,2443,8320,4042,4278,9508,4606,4902,8318,4026,4292,4753,2253,2500,1188,589,599,
17845,4756,2313,2443,8323,4043,4280,9511,4609,4902,8321,4026,4295,4753,2253,2500,1189,589,600,
17850,4758,2314,2444,8323,4043,4280,9512,4610,4902,8323,4027,4296,4755,2255,2500,1189,589,600,
17855,4759,2315,2444,8327,4045,4282,9516,4611,4905,8325,4027,4298,4757,2257,2500,1189,589,600,
17860,4760,2315,2445,8330,4046,4284,9519,4612,4907,8328,4028,4300,4757,2257,2500,1190,590,600,
17865,4762,2317,2445,8330,4046,4284,9520,4612,4908,8330,4028,4302,4759,2257,2502,1190,590,600,
17870,4763,2317,2446,8334,4049,4285,9524,4614,4910,8332,4029,4303,4761,2258,2503,1190,590,600,
17875,4764,2318,2446,8337,4049,4288,9527,4616,4911,8335,4032,4303,4761,2258,2503,1191,590,601,
17880,4766,2318,2448,8337,4049,4288,9528,4617,4911,8337,4032,4305,4763,2260,2503,1191,590,601,
17885,4767,2318,2449,8341,4051,4290,9532,4617,4915,8339,4033,4306,4765,2260,2505,1191,590,601,
17890,4768,2319,2449,8344,4052,4292,9535,4618,4917,8342,4035,4307,4765,2260,2505,1192,591,601,
17895,4770,2320,2450,8344,4052,4292,9536,4618,4918,8344,4036,4308,4767,2261,2506,1192,591,601,
17900,4771,2320,2451,8348,4054,4294,9540,4621,4919,8346,4037,4309,4769,2262,2507,1192,591,601,
17905,4772,2320,2452,8351,4055,4296,9543,4623,4920,8349,4038,4311,4769,2262,2507,1193,591,602,
17910,4774,2321,2453,8351,4055,4296,9544,4623,4921,8351,4038,4313,4771,2263,2508,1193,591,602,
17915,4775,2321,2454,8355,4055,4300,9548,4625,4923,8353,4040,4313,4773,2264,2509,1193,591,602,
17920,4776,2321,2455,8358,4057,4301,9551,4626,4925,8356,4043,4313,4773,2264,2509,1194,592,602,
17925,4778,2321,2457,8358,4057,4301,9552,4627,4925,8358,4043,4315,4775,2265,2510,1194,592,602,
17930,4779,2322,2457,8362,4060,4302,9556,4629,4927,8360,4043,4317,4777,2266,2511,1194,592,602,
17935,4780,2323,2457,8365,4062,4303,9559,4632,4927,8363,4044,4319,4777,2266,2511,1195,592,603,
17940,4782,2323,2459,8365,4062,4303,9560,4632,4928,8365,4045,4320,4779,2266,2513,1195,592,603,
17945,4783,2323,2460,8369,4065,4304,9564,4635,4929,8367,4047,4320,4781,2268,2513,1195,592,603,
17950,4784,2323,2461,8372,4068,4304,9567,4637,4930,8370,4048,4322,4781,2268,2513,1196,592,604,
17955,4786,2324,2462,8372,4068,4304,9568,4638,4930,8372,4050,4322,4783,2269,2514,1196,592,604,
17960,4787,2324,2463,8376,4069,4307,9572,4639,4933,8374,4052,4322,4785,2270,2515,1196,592,604,
17965,4788,2324,2464,8379,4070,4309,9575,4640,4935,8377,4054,4323,4785,2270,2515,1197,593,604,
17970,4790,2325,2465,8379,4070,4309,9576,4641,4935,8379,4054,4325,4787,2272,2515,1197,593,604,
17975,4791,2325,2466,8383,4071,4312,9580,4645,4935,8381,4055,4326,4789,2272,2517,1197,593,604,
17980,4792,2326,2466,8386,4072,4314,9583,4645,4938,8384,4056,4328,4789,2272,2517,1198,593,605,
17985,4794,2326,2468,8386,4072,4314,9584,4646,4938,8386,4057,4329,4791,2273,2518,1198,593,605,
17990,4795,2327,2468,8390,4074,4316,9588,4648,4940,8388,4058,4330,4793,2274,2519,1198,593,605,
17995,4796,2328,2468,8393,4074,4319,9591,4650,4941,8391,4060,4331,4793,2274,2519,1199,593,606,
18000,4798,2329,2469,8393,4074,4319,9592,4650,4942,8393,4061,4332,4795,2274,2521,1199,593,606,
18005,4799,2329,2470,8397,4075,4322,9596,4651,4945,8395,4062,4333,4797,2275,2522,1199,593,606,
18010,4800,2330,2470,8400,4078,4322,9599,4652,4947,8398,4062,4336,4797,2275,2522,1200,593,607,
18015,4802,2330,2472,8400,4078,4322,9600,4652,4948,8400,4063,4337,4799,2276,2523,1200,593,607,
18020,4803,2330,2473,8404,4078,4326,9604,4652,4952,8402,4064,4338,4801,2277,2524,1200,593,607,
18025,4804,2331,2473,8407,4078,4329,9607,4653,4954,8405,4067,4338,4801,2277,2524,1201,593,608,
18030,4806,2332,2474,8407,4078,4329,9608,4653,4955,8407,4069,4338,4803,2278,2525,1201,593,608,
18035,4807,2332,2475,8411,4080,4331,9612,4655,4957,8409,4070,4339,4805,2279,2526,1201,593,608,
18040,4808,2333,2475,8414,4080,4334,9615,4656,4959,8412,4072,4340,4805,2279,2526,1202,593,609,
18045,4810,2335,2475,8414,4080,4334,9616,4656,4960,8414,4073,4341,4807,2280,2527,1202,593,609,
18050,4811,2336,2475,8418,4084,4334,9620,4657,4963,8416,4074,4342,4809,2280,2529,1202,593,609,
18055,4812,2337,2475,8421,4086,4335,9623,4660,4963,8419,4076,4343,4809,2280,2529,1203,593,610,
18060,4814,2338,2476,8421,4086,4335,9624,4660,4964,8421,4077,4344,4811,2281,2530,1203,593,610,
18065,4815,2339,2476,8425,4089,4336,9628,4662,4966,8423,4078,4345,4813,2283,2530,1203,593,610,
18070,4816,2339,2477,8428,4090,4338,9631,4664,4967,8426,4080,4346,4813,2283,2530,1204,594,610,
18075,4818,2339,2479,8428,4090,4338,9632,4665,4967,8428,4082,4346,4815,2284,2531,1204,594,610,
18080,4819,2339,2480,8432,4093,4339,9636,4666,4970,8430,4082,4348,4817,2286,2531,1204,594,610,
18085,4820,2340,2480,8435,4095,4340,9639,4669,4970,8433,4083,4350,4817,2286,2531,1205,594,611,
18090,4822,2341,2481,8435,4095,4340,9640,4669,4971,8435,4085,4350,4819,2288,2531,1205,594,611,
18095,4823,2341,2482,8439,4098,4341,9644,4672,4972,8437,4086,4351,4821,2290,2531,1205,594,611,
18100,4824,2341,2483,8442,4101,4341,9647,4674,4973,8440,4087,4353,4821,2290,2531,1206,594,612,
18105,4826,2342,2484,8442,4101,4341,9648,4675,4973,8442,4087,4355,4823,2292,2531,1206,594,612,
18110,4827,2342,2485,8446,4103,4343,9652,4677,4975,8444,4087,4357,4825,2294,2531,1206,594,612,
18115,4828,2343,2485,8449,4105,4344,9655,4679,4976,8447,4088,4359,4825,2294,2531,1207,594,613,
18120,4830,2344,2486,8449,4105,4344,9656,4680,4976,8449,4088,4361,4827,2295,2532,1207,594,613,
18125,4831,2344,2487,8453,4107,4346,9660,4682,4978,8451,4090,4361,4829,2296,2533,1207,594,613,
18130,4832,2345,2487,8456,4109,4347,9663,4684,4979,8454,4091,4363,4829,2296,2533,1208,594,614,
18135,4834,2345,2489,8456,4109,4347,9664,4684,4980,8456,4093,4363,4831,2296,2535,1208,594,614,
18140,4835,2346,2489,8460,4111,4349,9668,4686,4982,8458,4095,4363,4833,2297,2536,1208,594,614,
18145,4836,2346,2490,8463,4112,4351,9671,4686,4985,8461,4097,4364,4833,2297,2536,1209,594,615,
18150,4838,2346,2492,8463,4112,4351,9672,4687,4985,8463,4097,4366,4835,2297,2538,1209,594,615,
18155,4839,2346,2493,8467,4113,4354,9676,4688,4988,8465,4098,4367,4837,2298,2539,1209,594,615,
18160,4840,2346,2494,8470,4114,4356,9679,4689,4990,8468,4098,4370,4837,2298,2539,1210,594,616,
18165,4842,2346,2496,8470,4114,4356,9680,4689,4991,8470,4098,4372,4839,2299,2540,1210,594,616,
18170,4843,2347,2496,8474,4117,4357,9684,4690,4994,8472,4099,4373,4841,2299,2542,1210,594,616,
18175,4844,2347,2497,8477,4117,4360,9687,4691,4996,8475,4102,4373,4841,2299,2542,1211,595,616,
18180,4846,2347,2499,8477,4117,4360,9688,4692,4996,8477,4104,4373,4843,2300,2543,1211,595,616,
18185,4847,2348,2499,8481,4119,4362,9692,4696,4996,8479,4105,4374,4845,2302,2543,1211,595,616,
18190,4848,2348,2500,8484,4121,4363,9695,4698,4997,8482,4106,4376,4845,2302,2543,1212,595,617,
18195,4850,2349,2501,8484,4121,4363,9696,4699,4997,8484,4106,4378,4847,2303,2544,1212,595,617,
18200,4851,2349,2502,8488,4124,4364,9700,4702,4998,8486,4107,4379,4849,2305,2544,1212,595,617,
18205,4852,2349,2503,8491,4126,4365,9703,4704,4999,8489,4108,4381,4849,2305,2544,1213,596,617,
18210,4854,2350,2504,8491,4126,4365,9704,4705,4999,8491,4109,4382,4851,2305,2546,1213,596,617,
18215,4855,2350,2505,8495,4128,4367,9708,4707,5001,8493,4110,4383,4853,2306,2547,1213,596,617,
18220,4856,2350,2506,8498,4131,4367,9711,4707,5004,8496,4110,4386,4853,2306,2547,1214,597,617,
18225,4858,2351,2507,8498,4131,4367,9712,4707,5005,8498,4112,4386,4855,2307,2548,1214,597,617,
18230,4859,2351,2508,8502,4132,4370,9716,4708,5008,8500,4112,4388,4857,2308,2549,1214,597,617,
18235,4860,2351,2509,8505,4134,4371,9719,4711,5008,8503,4113,4390,4857,2308,2549,1215,598,617,
18240,4862,2352,2510,8505,4134,4371,9720,4712,5008,8505,4115,4390,4859,2309,2550,1215,598,617,
18245,4863,2352,2511,8509,4136,4373,9724,4715,5009,8507,4116,4391,4861,2309,2552,1215,598,617,
18250,4864,2353,2511,8512,4137,4375,9727,4717,5010,8510,4117,4393,4861,2309,2552,1216,599,617,
18255,4866,2354,2512,8512,4137,4375,9728,4717,5011,8512,4117,4395,4863,2310,2553,1216,599,617,
18260,4867,2354,2513,8516,4139,4377,9732,4717,5015,8514,4118,4396,4865,2311,2554,1216,599,617,
18265,4868,2354,2514,8519,4141,4378,9735,4717,5018,8517,4121,4396,4865,2311,2554,1217,599,618,
18270,4870,2356,2514,8519,4141,4378,9736,4718,5018,8519,4121,4398,4867,2313,2554,1217,599,618,
18275,4871,2356,2515,8523,4145,4378,9740,4720,5020,8521,4122,4399,4869,2314,2555,1217,599,618,
18280,4872,2357,2515,8526,4147,4379,9743,4721,5022,8524,4124,4400,4869,2314,2555,1218,599,619,
18285,4874,2359,2515,8526,4147,4379,9744,4722,5022,8526,4124,4402,4871,2314,2557,1218,599,619,
18290,4875,2359,2516,8530,4148,4382,9748,4724,5024,8528,4125,4403,4873,2316,2557,1218,599,619,
18295,4876,2360,2516,8533,4151,4382,9751,4726,5025,8531,4126,4405,4873,2316,2557,1219,600,619,
18300,4878,2361,2517,8533,4151,4382,9752,4726,5026,8533,4126,4407,4875,2317,2558,1219,600,619,
18305,4879,2362,2517,8537,4153,4384,9756,4727,5029,8535,4127,4408,4877,2317,2560,1219,600,619,
18310,4880,2363,2517,8540,4154,4386,9759,4728,5031,8538,4129,4409,4877,2317,2560,1220,601,619,
18315,4882,2364,2518,8540,4154,4386,9760,4729,5031,8540,4129,4411,4879,2317,2562,1220,601,619,
18320,4883,2364,2519,8544,4157,4387,9764,4733,5031,8542,4129,4413,4881,2319,2562,1220,601,619,
18325,4884,2364,2520,8547,4158,4389,9767,4734,5033,8545,4131,4414,4881,2319,2562,1221,601,620,
18330,4886,2364,2522,8547,4158,4389,9768,4735,5033,8547,4131,4416,4883,2321,2562,1221,601,620,
18335,4887,2364,2523,8551,4160,4391,9772,4736,5036,8549,4133,4416,4885,2321,2564,1221,601,620,
18340,4888,2364,2524,8554,4162,4392,9775,4738,5037,8552,4136,4416,4885,2321,2564,1222,601,621,
18345,4890,2364,2526,8554,4162,4392,9776,4739,5037,8554,4137,4417,4887,2322,2565,1222,601,621,
18350,4891,2364,2527,8558,4163,4395,9780,4741,5039,8556,4138,4418,4889,2322,2567,1222,601,621,
18355,4892,2365,2527,8561,4165,4396,9783,4742,5041,8559,4139,4420,4889,2322,2567,1223,602,621,
18360,4894,2367,2527,8561,4165,4396,9784,4743,5041,8561,4140,4421,4891,2323,2568,1223,602,621,
18365,4895,2368,2527,8565,4167,4398,9788,4744,5044,8563,4141,4422,4893,2324,2569,1223,602,621,
18370,4896,2369,2527,8568,4168,4400,9791,4745,5046,8566,4143,4423,4893,2324,2569,1224,602,622,
18375,4898,2371,2527,8568,4168,4400,9792,4745,5047,8568,4144,4424,4895,2325,2570,1224,602,622,
18380,4899,2371,2528,8572,4170,4402,9796,4747,5049,8570,4144,4426,4897,2326,2571,1224,602,622,
18385,4900,2371,2529,8575,4172,4403,9799,4748,5051,8573,4146,4427,4897,2326,2571,1225,603,622,
18390,4902,2372,2530,8575,4172,4403,9800,4748,5052,8575,4147,4428,4899,2327,2572,1225,603,622,
18395,4903,2372,2531,8579,4175,4404,9804,4750,5054,8577,4147,4430,4901,2329,2572,1225,603,622,
18400,4904,2373,2531,8582,4175,4407,9807,4750,5057,8580,4150,4430,4901,2329,2572,1226,604,622,
18405,4906,2374,2532,8582,4175,4407,9808,4750,5058,8582,4151,4431,4903,2331,2572,1226,604,622,
18410,4907,2374,2533,8586,4177,4409,9812,4753,5059,8584,4151,4433,4905,2332,2573,1226,604,622,
18415,4908,2374,2534,8589,4179,4410,9815,4756,5059,8587,4154,4433,4905,2332,2573,1227,605,622,
18420,4910,2374,2536,8589,4179,4410,9816,4757,5059,8589,4155,4434,4907,2334,2573,1227,605,622,
18425,4911,2375,2536,8593,4181,4412,9820,4759,5061,8591,4156,4435,4909,2334,2575,1227,605,622,
18430,4912,2375,2537,8596,4183,4413,9823,4761,5062,8594,4159,4435,4909,2334,2575,1228,605,623,
18435,4914,2376,2538,8596,4183,4413,9824,4761,5063,8596,4159,4437,4911,2335,2576,1228,605,623,
18440,4915,2376,2539,8600,4186,4414,9828,4764,5064,8598,4160,4438,4913,2337,2576,1228,605,623,
18445,4916,2377,2539,8603,4189,4414,9831,4765,5066,8601,4161,4440,4913,2337,2576,1229,605,624,
18450,4918,2377,2541,8603,4189,4414,9832,4766,5066,8603,4161,4442,4915,2338,2577,1229,605,624,
18455,4919,2377,2542,8607,4191,4416,9836,4769,5067,8605,4163,4442,4917,2339,2578,1229,605,624,
18460,4920,2378,2542,8610,4193,4417,9839,4769,5070,8608,4166,4442,4917,2339,2578,1230,606,624,
18465,4922,2378,2544,8610,4193,4417,9840,4769,5071,8610,4166,4444,4919,2341,2578,1230,606,624,
18470,4923,2378,2545,8614,4195,4419,9844,4771,5073,8612,4167,4445,4921,2342,2579,1230,606,624,
18475,4924,2378,2546,8617,4196,4421,9847,4772,5075,8615,4169,4446,4921,2342,2579,1231,606,625,
18480,4926,2379,2547,8617,4196,4421,9848,4772,5076,8617,4171,4446,4923,2344,2579,1231,606,625,
18485,4927,2380,2547,8621,4199,4422,9852,4774,5078,8619,4172,4447,4925,2346,2579,1231,606,625,
18490,4928,2380,2548,8624,4199,4425,9855,4775,5080,8622,4174,4448,4925,2346,2579,1232,607,625,
18495,4930,2381,2549,8624,4199,4425,9856,4775,5081,8624,4174,4450,4927,2347,2580,1232,607,625,
18500,4931,2381,2550,8628,4200,4428,9860,4777,5083,8626,4176,4450,4929,2348,2581,1232,607,625,
18505,4932,2381,2551,8631,4200,4431,9863,4779,5084,8629,4176,4453,4929,2348,2581,1233,608,625,
18510,4934,2382,2552,8631,4200,4431,9864,4779,5085,8631,4177,4454,4931,2349,2582,1233,608,625,
18515,4935,2383,2552,8635,4203,4432,9868,4781,5087,8633,4177,4456,4933,2351,2582,1233,608,625,
18520,4936,2383,2553,8638,4204,4434,9871,4783,5088,8636,4177,4459,4933,2351,2582,1234,609,625,
18525,4938,2384,2554,8638,4204,4434,9872,4784,5088,8638,4178,4460,4935,2353,2582,1234,609,625,
18530,4939,2385,2554,8642,4206,4436,9876,4786,5090,8640,4178,4462,4937,2354,2583,1234,609,625,
18535,4940,2385,2555,8645,4208,4437,9879,4788,5091,8643,4179,4464,4937,2354,2583,1235,610,625,
18540,4942,2387,2555,8645,4208,4437,9880,4788,5092,8645,4179,4466,4939,2355,2584,1235,610,625,
18545,4943,2388,2555,8649,4209,4440,9884,4789,5095,8647,4179,4468,4941,2356,2585,1235,610,625,
18550,4944,2389,2555,8652,4210,4442,9887,4789,5098,8650,4181,4469,4941,2356,2585,1236,611,625,
18555,4946,2390,2556,8652,4210,4442,9888,4789,5099,8652,4182,4470,4943,2357,2586,1236,611,625,
18560,4947,2390,2557,8656,4213,4443,9892,4791,5101,8654,4183,4471,4945,2358,2587,1236,611,625,
18565,4948,2390,2558,8659,4215,4444,9895,4791,5104,8657,4186,4471,4945,2358,2587,1237,612,625,
18570,4950,2390,2560,8659,4215,4444,9896,4791,5105,8659,4187,4472,4947,2360,2587,1237,612,625,
18575,4951,2391,2560,8663,4218,4445,9900,4791,5109,8661,4188,4473,4949,2361,2588,1237,612,625,
18580,4952,2391,2561,8666,4220,4446,9903,4792,5111,8664,4189,4475,4949,2361,2588,1238,613,625,
18585,4954,2392,2562,8666,4220,4446,9904,4792,5112,8666,4191,4475,4951,2362,2589,1238,613,625,
18590,4955,2393,2562,8670,4222,4448,9908,4793,5115,8668,4192,4476,4953,2363,2590,1238,613,625,
18595,4956,2393,2563,8673,4222,4451,9911,4795,5116,8671,4195,4476,4953,2363,2590,1239,613,626,
18600,4958,2393,2565,8673,4222,4451,9912,4796,5116,8673,4196,4477,4955,2364,2591,1239,613,626,
18605,4959,2394,2565,8677,4223,4454,9916,4798,5118,8675,4197,4478,4957,2364,2593,1239,613,626,
18610,4960,2395,2565,8680,4225,4455,9919,4798,5121,8678,4200,4478,4957,2364,2593,1240,613,627,
18615,4962,2396,2566,8680,4225,4455,9920,4799,5121,8680,4200,4480,4959,2365,2594,1240,613,627,
18620,4963,2397,2566,8684,4229,4455,9924,4803,5121,8682,4201,4481,4961,2365,2596,1240,613,627,
18625,4964,2397,2567,8687,4229,4458,9927,4803,5124,8685,4202,4483,4961,2365,2596,1241,613,628,
18630,4966,2397,2569,8687,4229,4458,9928,4804,5124,8687,4203,4484,4963,2366,2597,1241,613,628,
18635,4967,2397,2570,8691,4229,4462,9932,4805,5127,8689,4203,4486,4965,2366,2599,1241,613,628,
18640,4968,2398,2570,8694,4230,4464,9935,4805,5130,8692,4205,4487,4965,2366,2599,1242,613,629,
18645,4970,2399,2571,8694,4230,4464,9936,4805,5131,8694,4206,4488,4967,2368,2599,1242,613,629,
18650,4971,2400,2571,8698,4232,4466,9940,4807,5133,8696,4207,4489,4969,2369,2600,1242,613,629,
18655,4972,2401,2571,8701,4235,4466,9943,4808,5135,8699,4208,4491,4969,2369,2600,1243,614,629,
18660,4974,2401,2573,8701,4235,4466,9944,4809,5135,8701,4209,4492,4971,2369,2602,1243,614,629,
18665,4975,2401,2574,8705,4237,4468,9948,4810,5138,8703,4210,4493,4973,2369,2604,1243,614,629,
18670,4976,2402,2574,8708,4239,4469,9951,4812,5139,8706,4211,4495,4973,2369,2604,1244,614,630,
18675,4978,2403,2575,8708,4239,4469,9952,4813,5139,8708,4212,4496,4975,2370,2605,1244,614,630,
18680,4979,2404,2575,8712,4241,4471,9956,4815,5141,8710,4213,4497,4977,2370,2607,1244,614,630,
18685,4980,2405,2575,8715,4242,4473,9959,4816,5143,8713,4214,4499,4977,2370,2607,1245,615,630,
18690,4982,2407,2575,8715,4242,4473,9960,4816,5144,8715,4215,4500,4979,2371,2608,1245,615,630,
18695,4983,2407,2576,8719,4243,4476,9964,4818,5146,8717,4216,4501,4981,2371,2610,1245,615,630,
18700,4984,2407,2577,8722,4245,4477,9967,4819,5148,8720,4219,4501,4981,2371,2610,1246,615,631,
18705,4986,2408,2578,8722,4245,4477,9968,4819,5149,8722,4220,4502,4983,2373,2610,1246,615,631,
18710,4987,2409,2578,8726,4247,4479,9972,4820,5152,8724,4221,4503,4985,2374,2611,1246,615,631,
18715,4988,2409,2579,8729,4247,4482,9975,4820,5155,8727,4223,4504,4985,2374,2611,1247,616,631,
18720,4990,2411,2579,8729,4247,4482,9976,4821,5155,8729,4225,4504,4987,2375,2612,1247,616,631,
18725,4991,2412,2579,8733,4249,4484,9980,4821,5159,8731,4225,4506,4989,2375,2614,1247,616,631,
18730,4992,2413,2579,8736,4251,4485,9983,4823,5160,8734,4226,4508,4989,2375,2614,1248,616,632,
18735,4994,2413,2581,8736,4251,4485,9984,4823,5161,8736,4227,4509,4991,2375,2616,1248,616,632,
18740,4995,2413,2582,8740,4252,4488,9988,4826,5162,8738,4228,4510,4993,2376,2617,1248,616,632,
18745,4996,2413,2583,8743,4254,4489,9991,4826,5165,8741,4230,4511,4993,2376,2617,1249,616,633,
18750,4998,2415,2583,8743,4254,4489,9992,4826,5166,8743,4231,4512,4995,2377,2618,1249,616,633,
18755,4999,2416,2583,8747,4257,4490,9996,4830,5166,8745,4232,4513,4997,2377,2620,1249,616,633,
18760,5000,2417,2583,8750,4257,4493,9999,4833,5166,8748,4235,4513,4997,2377,2620,1250,617,633,
18765,5002,2418,2584,8750,4257,4493,10000,4833,5167,8750,4235,4515,4999,2378,2621,1250,617,633,
18770,5003,2419,2584,8754,4261,4493,10004,4837,5167,8752,4236,4516,5001,2379,2622,1250,617,633,
18775,5004,2419,2585,8757,4263,4494,10007,4838,5169,8755,4237,4518,5001,2379,2622,1251,618,633,
18780,5006,2419,2587,8757,4263,4494,10008,4839,5169,8757,4238,4519,5003,2379,2624,1251,618,633,
18785,5007,2419,2588,8761,4264,4497,10012,4840,5172,8759,4239,4520,5005,2380,2625,1251,618,633,
18790,5008,2419,2589,8764,4265,4499,10015,4841,5174,8762,4240,4522,5005,2380,2625,1252,618,634,
18795,5010,2420,2590,8764,4265,4499,10016,4841,5175,8764,4242,4522,5007,2381,2626,1252,618,634,
18800,5011,2421,2590,8768,4266,4502,10020,4843,5177,8766,4243,4523,5009,2383,2626,1252,618,634,
18805,5012,2421,2591,8771,4269,4502,10023,4845,5178,8769,4244,4525,5009,2383,2626,1253,618,635,
18810,5014,2422,2592,8771,4269,4502,10024,4845,5179,8771,4245,4526,5011,2384,2627,1253,618,635,
18815,5015,2422,2593,8775,4272,4503,10028,4849,5179,8773,4246,4527,5013,2386,2627,1253,618,635,
18820,5016,2423,2593,8778,4274,4504,10031,4851,5180,8776,4248,4528,5013,2386,2627,1254,619,635,
18825,5018,2425,2593,8778,4274,4504,10032,4852,5180,8778,4248,4530,5015,2387,2628,1254,619,635,
18830,5019,2425,2594,8782,4277,4505,10036,4854,5182,8780,4250,4530,5017,2387,2630,1254,619,635,
18835,5020,2426,2594,8785,4279,4506,10039,4856,5183,8783,4252,4531,5017,2387,2630,1255,620,635,
18840,5022,2427,2595,8785,4279,4506,10040,4857,5183,8785,4252,4533,5019,2387,2632,1255,620,635,
18845,5023,2427,2596,8789,4280,4509,10044,4859,5185,8787,4252,4535,5021,2388,2633,1255,620,635,
18850,5024,2428,2596,8792,4281,4511,10047,4859,5188,8790,4254,4536,5021,2388,2633,1256,621,635,
18855,5026,2429,2597,8792,4281,4511,10048,4859,5189,8792,4256,4536,5023,2389,2634,1256,621,635,
18860,5027,2430,2597,8796,4284,4512,10052,4861,5191,8794,4257,4537,5025,2390,2635,1256,621,635,
18865,5028,2431,2597,8799,4286,4513,10055,4861,5194,8797,4259,4538,5025,2390,2635,1257,622,635,
18870,5030,2433,2597,8799,4286,4513,10056,4862,5194,8799,4260,4539,5027,2390,2637,1257,622,635,
18875,5031,2433,2598,8803,4288,4515,10060,4864,5196,8801,4260,4541,5029,2390,2639,1257,622,635,
18880,5032,2434,2598,8806,4290,4516,10063,4865,5198,8804,4263,4541,5029,2390,2639,1258,623,635,
18885,5034,2435,2599,8806,4290,4516,10064,4865,5199,8806,4264,4542,5031,2391,2640,1258,623,635,
18890,5035,2436,2599,8810,4291,4519,10068,4866,5202,8808,4264,4544,5033,2391,2642,1258,623,635,
18895,5036,2436,2600,8813,4293,4520,10071,4868,5203,8811,4267,4544,5033,2391,2642,1259,623,636,
18900,5038,2438,2600,8813,4293,4520,10072,4869,5203,8813,4268,4545,5035,2392,2643,1259,623,636,
18905,5039,2438,2601,8817,4297,4520,10076,4872,5204,8815,4270,4545,5037,2393,2644,1259,623,636,
18910,5040,2439,2601,8820,4298,4522,10079,4872,5207,8818,4271,4547,5037,2393,2644,1260,623,637,
18915,5042,2440,2602,8820,4298,4522,10080,4872,5208,8820,4273,4547,5039,2395,2644,1260,623,637,
18920,5043,2441,2602,8824,4298,4526,10084,4875,5209,8822,4273,4549,5041,2397,2644,1260,623,637,
18925,5044,2441,2603,8827,4299,4528,10087,4877,5210,8825,4276,4549,5041,2397,2644,1261,623,638,
18930,5046,2442,2604,8827,4299,4528,10088,4878,5210,8827,4277,4550,5043,2397,2646,1261,623,638,
18935,5047,2443,2604,8831,4300,4531,10092,4880,5212,8829,4278,4551,5045,2398,2647,1261,623,638,
18940,5048,2443,2605,8834,4301,4533,10095,4881,5214,8832,4280,4552,5045,2398,2647,1262,624,638,
18945,5050,2445,2605,8834,4301,4533,10096,4881,5215,8834,4280,4554,5047,2399,2648,1262,624,638,
18950,5051,2445,2606,8838,4303,4535,10100,4883,5217,8836,4281,4555,5049,2401,2648,1262,624,638,
18955,5052,2445,2607,8841,4304,4537,10103,4884,5219,8839,4283,4556,5049,2401,2648,1263,625,638,
18960,5054,2446,2608,8841,4304,4537,10104,4884,5220,8841,4284,4557,5051,2401,2650,1263,625,638,
18965,5055,2447,2608,8845,4307,4538,10108,4886,5222,8843,4284,4559,5053,2402,2651,1263,625,638,
18970,5056,2448,2608,8848,4309,4539,10111,4887,5224,8846,4286,4560,5053,2402,2651,1264,626,638,
18975,5058,2449,2609,8848,4309,4539,10112,4888,5224,8848,4287,4561,5055,2403,2652,1264,626,638,
18980,5059,2449,2610,8852,4313,4539,10116,4890,5226,8850,4288,4562,5057,2404,2653,1264,626,638,
18985,5060,2449,2611,8855,4315,4540,10119,4892,5227,8853,4289,4564,5057,2404,2653,1265,627,638,
18990,5062,2450,2612,8855,4315,4540,10120,4893,5227,8855,4290,4565,5059,2406,2653,1265,627,638,
18995,5063,2450,2613,8859,4317,4542,10124,4895,5229,8857,4291,4566,5061,2407,2654,1265,627,638,
19000,5064,2450,2614,8862,4319,4543,10127,4896,5231,8860,4292,4568,5061,2407,2654,1266,628,638,
19005,5066,2451,2615,8862,4319,4543,10128,4897,5231,8862,4293,4569,5063,2407,2656,1266,628,638,
19010,5067,2451,2616,8866,4321,4545,10132,4897,5235,8864,4293,4571,5065,2409,2656,1266,628,638,
19015,5068,2452,2616,8869,4321,4548,10135,4898,5237,8867,4295,4572,5065,2409,2656,1267,629,638,
19020,5070,2454,2616,8869,4321,4548,10136,4899,5237,8869,4296,4573,5067,2409,2658,1267,629,638,
19025,5071,2454,2617,8873,4323,4550,10140,4902,5238,8871,4297,4574,5069,2409,2660,1267,629,638,
19030,5072,2454,2618,8876,4326,4550,10143,4904,5239,8874,4298,4576,5069,2409,2660,1268,630,638,
19035,5074,2454,2620,8876,4326,4550,10144,4905,5239,8876,4299,4577,5071,2410,2661,1268,630,638,
19040,5075,2455,2620,8880,4328,4552,10148,4908,5240,8878,4301,4577,5073,2411,2662,1268,630,638,
19045,5076,2455,2621,8883,4329,4554,10151,4911,5240,8881,4301,4580,5073,2411,2662,1269,631,638,
19050,5078,2456,2622,8883,4329,4554,10152,4912,5240,8883,4303,4580,5075,2412,2663,1269,631,638,
19055,5079,2457,2622,8887,4330,4557,10156,4915,5241,8885,4305,4580,5077,2414,2663,1269,631,638,
19060,5080,2458,2622,8890,4332,4558,10159,4918,5241,8888,4307,4581,5077,2414,2663,1270,632,638,
19065,5082,2459,2623,8890,4332,4558,10160,4918,5242,8890,4308,4582,5079,2415,2664,1270,632,638,
19070,5083,2460,2623,8894,4335,4559,10164,4919,5245,8892,4308,4584,5081,2415,2666,1270,632,638,
19075,5084,2460,2624,8897,4336,4561,10167,4920,5247,8895,4310,4585,5081,2415,2666,1271,633,638,
19080,5086,2462,2624,8897,4336,4561,10168,4920,5248,8897,4310,4587,5083,2415,2668,1271,633,638,
19085,5087,2463,2624,8901,4337,4564,10172,4923,5249,8899,4311,4588,5085,2416,2669,1271,633,638,
19090,5088,2463,2625,8904,4339,4565,10175,4924,5251,8902,4312,4590,5085,2416,2669,1272,633,639,
19095,5090,2465,2625,8904,4339,4565,10176,4925,5251,8904,4312,4592,5087,2417,2670,1272,633,639,
19100,5091,2465,2626,8908,4340,4568,10180,4928,5252,8906,4313,4593,5089,2417,2672,1272,633,639,
19105,5092,2465,2627,8911,4342,4569,10183,4928,5255,8909,4314,4595,5089,2417,2672,1273,633,640,
19110,5094,2466,2628,8911,4342,4569,10184,4929,5255,8911,4315,4596,5091,2419,2672,1273,633,640,
19115,5095,2467,2628,8915,4346,4569,10188,4931,5257,8913,4317,4596,5093,2419,2674,1273,633,640,
19120,5096,2467,2629,8918,4347,4571,10191,4932,5259,8916,4319,4597,5093,2419,2674,1274,634,640,
19125,5098,2468,2630,8918,4347,4571,10192,4933,5259,8918,4320,4598,5095,2420,2675,1274,634,640,
19130,5099,2469,2630,8922,4350,4572,10196,4936,5260,8920,4321,4599,5097,2421,2676,1274,634,640,
19135,5100,2470,2630,8925,4351,4574,10199,4938,5261,8923,4322,4601,5097,2421,2676,1275,635,640,
19140,5102,2471,2631,8925,4351,4574,10200,4938,5262,8925,4324,4601,5099,2421,2678,1275,635,640,
19145,5103,2472,2631,8929,4354,4575,10204,4941,5263,8927,4325,4602,5101,2422,2679,1275,635,640,
19150,5104,2472,2632,8932,4355,4577,10207,4944,5263,8930,4326,4604,5101,2422,2679,1276,636,640,
19155,5106,2473,2633,8932,4355,4577,10208,4944,5264,8932,4328,4604,5103,2424,2679,1276,636,640,
19160,5107,2474,2633,8936,4358,4578,10212,4945,5267,8934,4328,4606,5105,2424,2681,1276,636,640,
19165,5108,2474,2634,8939,4359,4580,10215,4946,5269,8937,4329,4608,5105,2424,2681,1277,637,640,
19170,5110,2474,2636,8939,4359,4580,10216,4946,5270,8939,4330,4609,5107,2425,2682,1277,637,640,
19175,5111,2475,2636,8943,4360,4583,10220,4947,5273,8941,4331,4610,5109,2427,2682,1277,637,640,
19180,5112,2475,2637,8946,4362,4584,10223,4947,5276,8944,4333,4611,5109,2427,2682,1278,638,640,
19185,5114,2477,2637,8946,4362,4584,10224,4948,5276,8946,4334,4612,5111,2429,2682,1278,638,640,
19190,5115,2478,2637,8950,4363,4587,10228,4949,5279,8948,4335,4613,5113,2430,2683,1278,638,640,
19195,5116,2478,2638,8953,4366,4587,10231,4950,5281,8951,4338,4613,5113,2430,2683,1279,639,640,
19200,5118,2479,2639,8953,4366,4587,10232,4950,5282,8953,4339,4614,5115,2431,2684,1279,639,640,
19205,5119,2479,2640,8957,4368,4589,10236,4952,5284,8955,4341,4614,5117,2432,2685,1279,639,640,
19210,5120,2480,2640,8960,4369,4591,10239,4954,5285,8958,4342,4616,5117,2432,2685,1280,639,641,
19215,5122,2482,2640,8960,4369,4591,10240,4954,5286,8960,4342,4618,5119,2432,2687,1280,639,641,
19220,5123,2482,2641,8964,4372,4592,10244,4956,5288,8962,4344,4618,5121,2434,2687,1280,639,641,
19225,5124,2482,2642,8967,4373,4594,10247,4958,5289,8965,4345,4620,5121,2434,2687,1281,639,642,
19230,5126,2482,2644,8967,4373,4594,10248,4959,5289,8967,4347,4620,5123,2436,2687,1281,639,642,
19235,5127,2482,2645,8971,4375,4596,10252,4960,5292,8969,4348,4621,5125,2437,2688,1281,639,642,
19240,5128,2483,2645,8974,4377,4597,10255,4962,5293,8972,4350,4622,5125,2437,2688,1282,640,642,
19245,5130,2484,2646,8974,4377,4597,10256,4962,5294,8974,4351,4623,5127,2439,2688,1282,640,642,
19250,5131,2484,2647,8978,4379,4599,10260,4963,5297,8976,4351,4625,5129,2441,2688,1282,640,642,
19255,5132,2485,2647,8981,4380,4601,10263,4964,5299,8979,4351,4628,5129,2441,2688,1283,640,643,
19260,5134,2486,2648,8981,4380,4601,10264,4964,5300,8981,4352,4629,5131,2442,2689,1283,640,643,
19265,5135,2486,2649,8985,4382,4603,10268,4965,5303,8983,4352,4631,5133,2442,2691,1283,640,643,
19270,5136,2486,2650,8988,4383,4605,10271,4965,5306,8986,4354,4632,5133,2442,2691,1284,641,643,
19275,5138,2487,2651,8988,4383,4605,10272,4966,5306,8988,4354,4634,5135,2444,2691,1284,641,643,
19280,5139,2488,2651,8992,4385,4607,10276,4969,5307,8990,4355,4635,5137,2446,2691,1284,641,643,
19285,5140,2489,2651,8995,4386,4609,10279,4971,5308,8993,4357,4636,5137,2446,2691,1285,642,643,
19290,5142,2491,2651,8995,4386,4609,10280,4972,5308,8995,4358,4637,5139,2447,2692,1285,642,643,
19295,5143,2492,2651,8999,4387,4612,10284,4974,5310,8997,4358,4639,5141,2447,2694,1285,642,643,
19300,5144,2492,2652,9002,4389,4613,10287,4975,5312,9000,4359,4641,5141,2447,2694,1286,642,644,
19305,5146,2493,2653,9002,4389,4613,10288,4975,5313,9002,4359,4643,5143,2449,2694,1286,642,644,
19310,5147,2493,2654,9006,4389,4617,10292,4978,5314,9004,4359,4645,5145,2449,2696,1286,642,644,
19315,5148,2494,2654,9009,4391,4618,10295,4980,5315,9007,4359,4648,5145,2449,2696,1287,643,644,
19320,5150,2495,2655,9009,4391,4618,10296,4981,5315,9009,4361,4648,5147,2451,2696,1287,643,644,
19325,5151,2496,2655,9013,4393,4620,10300,4982,5318,9011,4361,4650,5149,2452,2697,1287,643,644,
19330,5152,2496,2656,9016,4394,4622,10303,4983,5320,9014,4361,4653,5149,2452,2697,1288,643,645,
19335,5154,2497,2657,9016,4394,4622,10304,4983,5321,9016,4362,4654,5151,2454,2697,1288,643,645,
19340,5155,2497,2658,9020,4396,4624,10308,4985,5323,9018,4363,4655,5153,2454,2699,1288,643,645,
19345,5156,2497,2659,9023,4398,4625,10311,4985,5326,9021,4365,4656,5153,2454,2699,1289,643,646,
19350,5158,2497,2661,9023,4398,4625,10312,4985,5327,9023,4365,4658,5155,2455,2700,1289,643,646,
19355,5159,2498,2661,9027,4400,4627,10316,4986,5330,9025,4366,4659,5157,2456,2701,1289,643,646,
19360,5160,2499,2661,9030,4401,4629,10319,4988,5331,9028,4367,4661,5157,2456,2701,1290,643,647,
19365,5162,2499,2663,9030,4401,4629,10320,4988,5332,9030,4368,4662,5159,2456,2703,1290,643,647,
19370,5163,2499,2664,9034,4404,4630,10324,4989,5335,9032,4368,4664,5161,2456,2705,1290,643,647,
19375,5164,2500,2664,9037,4406,4631,10327,4990,5337,9035,4370,4665,5161,2456,2705,1291,644,647,
19380,5166,2501,2665,9037,4406,4631,10328,4990,5338,9037,4370,4667,5163,2457,2706,1291,644,647,
19385,5167,2501,2666,9041,4407,4634,10332,4992,5340,9039,4371,4668,5165,2459,2706,1291,644,647,
19390,5168,2501,2667,9044,4409,4635,10335,4994,5341,9042,4373,4669,5165,2459,2706,1292,644,648,
19395,5170,2503,2667,9044,4409,4635,10336,4995,5341,9044,4375,4669,5167,2461,2706,1292,644,648,
19400,5171,2504,2667,9048,4411,4637,10340,4999,5341,9046,4377,4669,5169,2462,2707,1292,644,648,
19405,5172,2505,2667,9051,4413,4638,10343,5001,5342,9049,4378,4671,5169,2462,2707,1293,644,649,
19410,5174,2505,2669,9051,4413,4638,10344,5002,5342,9051,4378,4673,5171,2464,2707,1293,644,649,
19415,5175,2505,2670,9055,4414,4641,10348,5002,5346,9053,4378,4675,5173,2465,2708,1293,644,649,
19420,5176,2505,2671,9058,4414,4644,10351,5004,5347,9056,4380,4676,5173,2465,2708,1294,645,649,
19425,5178,2507,2671,9058,4414,4644,10352,5005,5347,9058,4380,4678,5175,2465,2710,1294,645,649,
19430,5179,2507,2672,9062,4416,4646,10356,5007,5349,9060,4382,4678,5177,2467,2710,1294,645,649,
19435,5180,2507,2673,9065,4418,4647,10359,5009,5350,9063,4385,4678,5177,2467,2710,1295,646,649,
19440,5182,2507,2675,9065,4418,4647,10360,5010,5350,9065,4385,4680,5179,2467,2712,1295,646,649,
19445,5183,2508,2675,9069,4420,4649,10364,5013,5351,9067,4385,4682,5181,2469,2712,1295,646,649,
19450,5184,2508,2676,9072,4420,4652,10367,5014,5353,9070,4386,4684,5181,2469,2712,1296,647,649,
19455,5186,2508,2678,9072,4420,4652,10368,5015,5353,9072,4386,4686,5183,2470,2713,1296,647,649,
19460,5187,2508,2679,9076,4424,4652,10372,5017,5355,9074,4388,4686,5185,2471,2714,1296,647,649,
19465,5188,2509,2679,9079,4424,4655,10375,5018,5357,9077,4388,4689,5185,2471,2714,1297,647,650,
19470,5190,2510,2680,9079,4424,4655,10376,5018,5358,9079,4389,4690,5187,2472,2715,1297,647,650,
19475,5191,2510,2681,9083,4426,4657,10380,5018,5362,9081,4390,4691,5189,2473,2716,1297,647,650,
19480,5192,2510,2682,9086,4428,4658,10383,5019,5364,9084,4390,4694,5189,2473,2716,1298,648,650,
19485,5194,2512,2682,9086,4428,4658,10384,5019,5365,9086,4391,4695,5191,2473,2718,1298,648,650,
19490,5195,2513,2682,9090,4431,4659,10388,5023,5365,9088,4391,4697,5193,2475,2718,1298,648,650,
19495,5196,2513,2683,9093,4432,4661,10391,5023,5368,9091,4393,4698,5193,2475,2718,1299,648,651,
19500,5198,2514,2684,9093,4432,4661,10392,5023,5369,9093,4394,4699,5195,2476,2719,1299,648,651,
19505,5199,2514,2685,9097,4435,4662,10396,5025,5371,9095,4395,4700,5197,2477,2720,1299,648,651,
19510,5200,2514,2686,9100,4436,4664,10399,5026,5373,9098,4395,4703,5197,2477,2720,1300,648,652,
19515,5202,2516,2686,9100,4436,4664,10400,5027,5373,9100,4396,4704,5199,2478,2721,1300,648,652,
19520,5203,2517,2686,9104,4439,4665,10404,5029,5375,9102,4397,4705,5201,2480,2721,1300,648,652,
19525,5204,2518,2686,9107,4440,4667,10407,5030,5377,9105,4397,4708,5201,2480,2721,1301,649,652,
19530,5206,2518,2688,9107,4440,4667,10408,5031,5377,9107,4398,4709,5203,2481,2722,1301,649,652,
19535,5207,2518,2689,9111,4443,4668,10412,5032,5380,9109,4400,4709,5205,2482,2723,1301,649,652,
19540,5208,2518,2690,9114,4445,4669,10415,5035,5380,9112,4402,4710,5205,2482,2723,1302,649,653,
19545,5210,2518,2692,9114,4445,4669,10416,5036,5380,9114,4403,4711,5207,2484,2723,1302,649,653,
19550,5211,2518,2693,9118,4446,4672,10420,5037,5383,9116,4404,4712,5209,2484,2725,1302,649,653,
19555,5212,2518,2694,9121,4446,4675,10423,5038,5385,9119,4406,4713,5209,2484,2725,1303,649,654,
19560,5214,2520,2694,9121,4446,4675,10424,5038,5386,9121,4407,4714,5211,2486,2725,1303,649,654,
19565,5215,2520,2695,9125,4447,4678,10428,5041,5387,9123,4409,4714,5213,2486,2727,1303,649,654,
19570,5216,2520,2696,9128,4447,4681,10431,5042,5389,9126,4412,4714,5213,2486,2727,1304,649,655,
19575,5218,2521,2697,9128,4447,4681,10432,5042,5390,9128,4413,4715,5215,2487,2728,1304,649,655,
19580,5219,2521,2698,9132,4449,4683,10436,5043,5393,9130,4414,4716,5217,2487,2730,1304,649,655,
19585,5220,2521,2699,9135,4451,4684,10439,5044,5395,9133,4414,4719,5217,2487,2730,1305,650,655,
19590,5222,2522,2700,9135,4451,4684,10440,5045,5395,9135,4415,4720,5219,2488,2731,1305,650,655,
19595,5223,2523,2700,9139,4454,4685,10444,5047,5397,9137,4416,4721,5221,2490,2731,1305,650,655,
19600,5224,2524,2700,9142,4456,4686,10447,5048,5399,9140,4418,4722,5221,2490,2731,1306,651,655,
19605,5226,2525,2701,9142,4456,4686,10448,5048,5400,9142,4419,4723,5223,2490,2733,1306,651,655,
19610,5227,2526,2701,9146,4458,4688,10452,5049,5403,9144,4421,4723,5225,2492,2733,1306,651,655,
19615,5228,2527,2701,9149,4458,4691,10455,5050,5405,9147,4422,4725,5225,2492,2733,1307,652,655,
19620,5230,2527,2703,9149,4458,4691,10456,5050,5406,9149,4423,4726,5227,2494,2733,1307,652,655,
19625,5231,2527,2704,9153,4458,4695,10460,5052,5408,9151,4424,4727,5229,2495,2734,1307,652,655,
19630,5232,2528,2704,9156,4459,4697,10463,5053,5410,9154,4424,4730,5229,2495,2734,1308,652,656,
19635,5234,2529,2705,9156,4459,4697,10464,5053,5411,9156,4425,4731,5231,2495,2736,1308,652,656,
19640,5235,2529,2706,9160,4461,4699,10468,5054,5414,9158,4426,4732,5233,2496,2737,1308,652,656,
19645,5236,2530,2706,9163,4463,4700,10471,5055,5416,9161,4428,4733,5233,2496,2737,1309,653,656,
19650,5238,2531,2707,9163,4463,4700,10472,5056,5416,9163,4428,4735,5235,2498,2737,1309,653,656,
19655,5239,2532,2707,9167,4464,4703,10476,5057,5419,9165,4429,4736,5237,2499,2738,1309,653,656,
19660,5240,2533,2707,9170,4466,4704,10479,5058,5421,9168,4430,4738,5237,2499,2738,1310,653,657,
19665,5242,2534,2708,9170,4466,4704,10480,5058,5422,9170,4430,4740,5239,2501,2738,1310,653,657,
19670,5243,2535,2708,9174,4469,4705,10484,5061,5423,9172,4431,4741,5241,2501,2740,1310,653,657,
19675,5244,2535,2709,9177,4471,4706,10487,5062,5425,9175,4431,4744,5241,2501,2740,1311,654,657,
19680,5246,2536,2710,9177,4471,4706,10488,5063,5425,9177,4431,4746,5243,2501,2742,1311,654,657,
19685,5247,2536,2711,9181,4473,4708,10492,5066,5426,9179,4431,4748,5245,2503,2742,1311,654,657,
19690,5248,2537,2711,9184,4473,4711,10495,5066,5429,9182,4432,4750,5245,2503,2742,1312,654,658,
19695,5250,2537,2713,9184,4473,4711,10496,5066,5430,9184,4433,4751,5247,2504,2743,1312,654,658,
19700,5251,2538,2713,9188,4474,4714,10500,5066,5434,9186,4434,4752,5249,2506,2743,1312,654,658,
19705,5252,2538,2714,9191,4475,4716,10503,5068,5435,9189,4436,4753,5249,2506,2743,1313,654,659,
19710,5254,2538,2716,9191,4475,4716,10504,5069,5435,9191,4437,4754,5251,2507,2744,1313,654,659,
19715,5255,2538,2717,9195,4476,4719,10508,5069,5439,9193,4437,4756,5253,2508,2745,1313,654,659,
19720,5256,2538,2718,9198,4479,4719,10511,5070,5441,9196,4440,4756,5253,2508,2745,1314,654,660,
19725,5258,2538,2720,9198,4479,4719,10512,5070,5442,9198,4441,4757,5255,2509,2746,1314,654,660,
19730,5259,2538,2721,9202,4482,4720,10516,5073,5443,9200,4442,4758,5257,2509,2748,1314,654,660,
19735,5260,2538,2722,9205,4483,4722,10519,5075,5444,9203,4443,4760,5257,2509,2748,1315,655,660,
19740,5262,2538,2724,9205,4483,4722,10520,5075,5445,9205,4443,4762,5259,2511,2748,1315,655,660,
19745,5263,2538,2725,9209,4486,4723,10524,5078,5446,9207,4445,4762,5261,2511,2750,1315,655,660,
19750,5264,2539,2725,9212,4488,4724,10527,5080,5447,9210,4447,4763,5261,2511,2750,1316,656,660,
19755,5266,2541,2725,9212,4488,4724,10528,5081,5447,9212,4448,4764,5263,2512,2751,1316,656,660,
19760,5267,2542,2725,9216,4488,4728,10532,5082,5450,9214,4449,4765,5265,2513,2752,1316,656,660,
19765,5268,2542,2726,9219,4489,4730,10535,5083,5452,9217,4450,4767,5265,2513,2752,1317,656,661,
19770,5270,2544,2726,9219,4489,4730,10536,5084,5452,9219,4450,4769,5267,2514,2753,1317,656,661,
19775,5271,2544,2727,9223,4489,4734,10540,5085,5455,9221,4451,4770,5269,2516,2753,1317,656,661,
19780,5272,2545,2727,9226,4492,4734,10543,5087,5456,9224,4453,4771,5269,2516,2753,1318,656,662,
19785,5274,2547,2727,9226,4492,4734,10544,5088,5456,9226,4454,4772,5271,2517,2754,1318,656,662,
19790,5275,2547,2728,9230,4495,4735,10548,5088,5460,9228,4455,4773,5273,2519,2754,1318,656,662,
19795,5276,2547,2729,9233,4496,4737,10551,5090,5461,9231,4456,4775,5273,2519,2754,1319,657,662,
19800,5278,2549,2729,9233,4496,4737,10552,5091,5461,9233,4457,4776,5275,2519,2756,1319,657,662,
19805,5279,2550,2729,9237,4499,4738,10556,5092,5464,9235,4457,4778,5277,2519,2758,1319,657,662,
19810,5280,2551,2729,9240,4500,4740,10559,5094,5465,9238,4459,4779,5277,2519,2758,1320,658,662,
19815,5282,2553,2729,9240,4500,4740,10560,5094,5466,9240,4459,4781,5279,2521,2758,1320,658,662,
19820,5283,2553,2730,9244,4502,4742,10564,5096,5468,9242,4460,4782,5281,2521,2760,1320,658,662,
19825,5284,2554,2730,9247,4505,4742,10567,5099,5468,9245,4462,4783,5281,2521,2760,1321,659,662,
19830,5286,2554,2732,9247,4505,4742,10568,5100,5468,9247,4463,4784,5283,2521,2762,1321,659,662,
19835,5287,2555,2732,9251,4506,4745,10572,5101,5471,9249,4464,4785,5285,2521,2764,1321,659,662,
19840,5288,2555,2733,9254,4507,4747,10575,5102,5473,9252,4466,4786,5285,2521,2764,1322,660,662,
19845,5290,2556,2734,9254,4507,4747,10576,5102,5474,9254,4467,4787,5287,2521,2766,1322,660,662,
19850,5291,2556,2735,9258,4509,4749,10580,5105,5475,9256,4469,4787,5289,2522,2767,1322,660,662,
19855,5292,2556,2736,9261,4511,4750,10583,5107,5476,9259,4471,4788,5289,2522,2767,1323,661,662,
19860,5294,2557,2737,9261,4511,4750,10584,5107,5477,9261,4472,4789,5291,2522,2769,1323,661,662,
19865,5295,2557,2738,9265,4514,4751,10588,5110,5478,9263,4473,4790,5293,2522,2771,1323,661,662,
19870,5296,2558,2738,9268,4517,4751,10591,5112,5479,9266,4476,4790,5293,2522,2771,1324,662,662,
19875,5298,2559,2739,9268,4517,4751,10592,5113,5479,9268,4476,4792,5295,2523,2772,1324,662,662,
19880,5299,2560,2739,9272,4519,4753,10596,5115,5481,9270,4477,4793,5297,2525,2772,1324,662,662,
19885,5300,2560,2740,9275,4521,4754,10599,5117,5482,9273,4479,4794,5297,2525,2772,1325,662,663,
19890,5302,2561,2741,9275,4521,4754,10600,5118,5482,9275,4480,4795,5299,2526,2773,1325,662,663,
19895,5303,2562,2741,9279,4523,4756,10604,5119,5485,9277,4481,4796,5301,2528,2773,1325,662,663,
19900,5304,2563,2741,9282,4524,4758,10607,5121,5486,9280,4482,4798,5301,2528,2773,1326,663,663,
19905,5306,2564,2742,9282,4524,4758,10608,5121,5487,9282,4482,4800,5303,2530,2773,1326,663,663,
19910,5307,2565,2742,9286,4525,4761,10612,5125,5487,9284,4484,4800,5305,2531,2774,1326,663,663,
19915,5308,2565,2743,9289,4528,4761,10615,5126,5489,9287,4487,4800,5305,2531,2774,1327,663,664,
19920,5310,2566,2744,9289,4528,4761,10616,5126,5490,9289,4487,4802,5307,2532,2775,1327,663,664,
19925,5311,2567,2744,9293,4531,4762,10620,5128,5492,9291,4489,4802,5309,2532,2777,1327,663,664,
19930,5312,2568,2744,9296,4533,4763,10623,5129,5494,9294,4490,4804,5309,2532,2777,1328,664,664,
19935,5314,2568,2746,9296,4533,4763,10624,5130,5494,9296,4491,4805,5311,2533,2778,1328,664,664,
19940,5315,2569,2746,9300,4537,4763,10628,5133,5495,9298,4492,4806,5313,2535,2778,1328,664,664,
19945,5316,2570,2746,9303,4539,4764,10631,5136,5495,9301,4494,4807,5313,2535,2778,1329,665,664,
19950,5318,2570,2748,9303,4539,4764,10632,5137,5495,9303,4495,4808,5315,2537,2778,1329,665,664,
19955,5319,2571,2748,9307,4539,4768,10636,5139,5497,9305,4495,4810,5317,2539,2778,1329,665,664,
19960,5320,2571,2749,9310,4541,4769,10639,5140,5499,9308,4497,4811,5317,2539,2778,1330,666,664,
19965,5322,2572,2750,9310,4541,4769,10640,5141,5499,9310,4498,4812,5319,2540,2779,1330,666,664,
19970,5323,2573,2750,9314,4541,4773,10644,5143,5501,9312,4499,4813,5321,2540,2781,1330,666,664,
19975,5324,2573,2751,9317,4542,4775,10647,5144,5503,9315,4501,4814,5321,2540,2781,1331,667,664,
19980,5326,2574,2752,9317,4542,4775,10648,5145,5503,9317,4502,4815,5323,2542,2781,1331,667,664,
19985,5327,2574,2753,9321,4544,4777,10652,5148,5504,9319,4502,4817,5325,2542,2783,1331,667,664,
19990,5328,2575,2753,9324,4546,4778,10655,5148,5507,9322,4505,4817,5325,2542,2783,1332,667,665,
19995,5330,2576,2754,9324,4546,4778,10656,5149,5507,9324,4506,4818,5327,2544,2783,1332,667,665,
20000,5331,2577,2754,9328,4547,4781,10660,5150,5510,9326,4507,4819,5329,2545,2784,1332,667,665,
20005,5332,2577,2755,9331,4549,4782,10663,5152,5511,9329,4507,4822,5329,2545,2784,1333,667,666,
20010,5334,2578,2756,9331,4549,4782,10664,5152,5512,9331,4507,4824,5331,2545,2786,1333,667,666,
20015,5335,2579,2756,9335,4552,4783,10668,5155,5513,9333,4508,4825,5333,2546,2787,1333,667,666,
20020,5336,2580,2756,9338,4552,4786,10671,5158,5513,9336,4510,4826,5333,2546,2787,1334,668,666,
20025,5338,2581,2757,9338,4552,4786,10672,5158,5514,9338,4512,4826,5335,2546,2789,1334,668,666,
20030,5339,2582,2757,9342,4552,4790,10676,5161,5515,9340,4512,4828,5337,2547,2790,1334,668,666,
20035,5340,2583,2757,9345,4553,4792,10679,5163,5516,9343,4514,4829,5337,2547,2790,1335,668,667,
20040,5342,2584,2758,9345,4553,4792,10680,5164,5516,9345,4515,4830,5339,2548,2791,1335,668,667,
20045,5343,2584,2759,9349,4554,4795,10684,5165,5519,9347,4516,4831,5341,2549,2792,1335,668,667,
20050,5344,2584,2760,9352,4556,4796,10687,5166,5521,9350,4516,4834,5341,2549,2792,1336,668,668,
20055,5346,2584,2762,9352,4556,4796,10688,5166,5522,9352,4518,4834,5343,2549,2794,1336,668,668,
20060,5347,2585,2762,9356,4559,4797,10692,5167,5525,9354,4519,4835,5345,2550,2795,1336,668,668,
20065,5348,2585,2763,9359,4560,4799,10695,5168,5527,9357,4519,4838,5345,2550,2795,1337,669,668,
20070,5350,2587,2763,9359,4560,4799,10696,5168,5528,9359,4520,4839,5347,2550,2797,1337,669,668,
20075,5351,2588,2763,9363,4560,4803,10700,5169,5531,9361,4521,4840,5349,2551,2798,1337,669,668,
20080,5352,2588,2764,9366,4560,4806,10703,5169,5534,9364,4522,4842,5349,2551,2798,1338,670,668,
20085,5354,2590,2764,9366,4560,4806,10704,5169,5535,9366,4522,4844,5351,2551,2800,1338,670,668,
20090,5355,2591,2764,9370,4562,4808,10708,5170,5538,9368,4522,4846,5353,2551,2802,1338,670,668,
20095,5356,2592,2764,9373,4564,4809,10711,5171,5540,9371,4524,4847,5353,2551,2802,1339,670,669,
20100,5358,2593,2765,9373,4564,4809,10712,5172,5540,9373,4525,4848,5355,2552,2803,1339,670,669,
20105,5359,2594,2765,9377,4566,4811,10716,5174,5542,9375,4526,4849,5357,2553,2804,1339,670,669,
20110,5360,2595,2765,9380,4567,4813,10719,5175,5544,9378,4528,4850,5357,2553,2804,1340,671,669,
20115,5362,2596,2766,9380,4567,4813,10720,5175,5545,9380,4529,4851,5359,2554,2805,1340,671,669,
20120,5363,2596,2767,9384,4570,4814,10724,5176,5548,9382,4529,4853,5361,2555,2806,1340,671,669,
20125,5364,2597,2767,9387,4572,4815,10727,5179,5548,9385,4532,4853,5361,2555,2806,1341,671,670,
20130,5366,2597,2769,9387,4572,4815,10728,5179,5549,9387,4533,4854,5363,2556,2807,1341,671,670,
20135,5367,2597,2770,9391,4574,4817,10732,5182,5550,9389,4533,4856,5365,2557,2808,1341,671,670,
20140,5368,2598,2770,9394,4577,4817,10735,5184,5551,9392,4535,4857,5365,2557,2808,1342,672,670,
20145,5370,2599,2771,9394,4577,4817,10736,5185,5551,9394,4537,4857,5367,2558,2809,1342,672,670,
20150,5371,2600,2771,9398,4579,4819,10740,5188,5552,9396,4538,4858,5369,2558,2811,1342,672,670,
20155,5372,2601,2771,9401,4580,4821,10743,5190,5553,9399,4540,4859,5369,2558,2811,1343,673,670,
20160,5374,2601,2773,9401,4580,4821,10744,5190,5554,9401,4540,4861,5371,2560,2811,1343,673,670,
20165,5375,2601,2774,9405,4581,4824,10748,5193,5555,9403,4542,4861,5373,2560,2813,1343,673,670,
20170,5376,2601,2775,9408,4583,4825,10751,5193,5558,9406,4544,4862,5373,2560,2813,1344,673,671,
20175,5378,2602,2776,9408,4583,4825,10752,5194,5558,9408,4545,4863,5375,2561,2814,1344,673,671,
20180,5379,2602,2777,9412,4585,4827,10756,5197,5559,9410,4546,4864,5377,2562,2815,1344,673,671,
20185,5380,2603,2777,9415,4587,4828,10759,5199,5560,9413,4548,4865,5377,2562,2815,1345,673,672,
20190,5382,2603,2779,9415,4587,4828,10760,5199,5561,9415,4550,4865,5379,2562,2817,1345,673,672,
20195,5383,2603,2780,9419,4590,4829,10764,5202,5562,9417,4551,4866,5381,2563,2818,1345,673,672,
20200,5384,2604,2780,9422,4592,4830,10767,5202,5565,9420,4554,4866,5381,2563,2818,1346,673,673,
20205,5386,2605,2781,9422,4592,4830,10768,5203,5565,9422,4556,4866,5383,2564,2819,1346,673,673,
20210,5387,2606,2781,9426,4595,4831,10772,5205,5567,9424,4557,4867,5385,2565,2820,1346,673,673,
20215,5388,2606,2782,9429,4597,4832,10775,5207,5568,9427,4559,4868,5385,2565,2820,1347,673,674,
20220,5390,2607,2783,9429,4597,4832,10776,5207,5569,9429,4560,4869,5387,2566,2821,1347,673,674,
20225,5391,2608,2783,9433,4599,4834,10780,5208,5572,9431,4562,4869,5389,2567,2822,1347,673,674,
20230,5392,2608,2784,9436,4599,4837,10783,5210,5573,9434,4564,4870,5389,2567,2822,1348,673,675,
20235,5394,2609,2785,9436,4599,4837,10784,5210,5574,9436,4565,4871,5391,2569,2822,1348,673,675,
20240,5395,2609,2786,9440,4600,4840,10788,5210,5578,9438,4565,4873,5393,2570,2823,1348,673,675,
20245,5396,2609,2787,9443,4602,4841,10791,5213,5578,9441,4566,4875,5393,2570,2823,1349,674,675,
20250,5398,2609,2789,9443,4602,4841,10792,5214,5578,9443,4566,4877,5395,2571,2824,1349,674,675,
20255,5399,2609,2790,9447,4604,4843,10796,5216,5580,9445,4567,4878,5397,2571,2826,1349,674,675,
20260,5400,2610,2790,9450,4606,4844,10799,5218,5581,9448,4569,4879,5397,2571,2826,1350,675,675,
20265,5402,2611,2791,9450,4606,4844,10800,5218,5582,9450,4571,4879,5399,2571,2828,1350,675,675,
20270,5403,2611,2792,9454,4608,4846,10804,5219,5585,9452,4573,4879,5401,2573,2828,1350,675,675,
20275,5404,2611,2793,9457,4609,4848,10807,5222,5585,9455,4573,4882,5401,2573,2828,1351,676,675,
20280,5406,2612,2794,9457,4609,4848,10808,5222,5586,9457,4574,4883,5403,2573,2830,1351,676,675,
20285,5407,2612,2795,9461,4611,4850,10812,5224,5588,9459,4575,4884,5405,2574,2831,1351,676,675,
20290,5408,2613,2795,9464,4613,4851,10815,5224,5591,9462,4576,4886,5405,2574,2831,1352,677,675,
20295,5410,2614,2796,9464,4613,4851,10816,5225,5591,9464,4577,4887,5407,2575,2832,1352,677,675,
20300,5411,2614,2797,9468,4616,4852,10820,5228,5592,9466,4577,4889,5409,2575,2834,1352,677,675,
20305,5412,2615,2797,9471,4616,4855,10823,5229,5594,9469,4579,4890,5409,2575,2834,1353,677,676,
20310,5414,2617,2797,9471,4616,4855,10824,5230,5594,9471,4580,4891,5411,2576,2835,1353,677,676,
20315,5415,2617,2798,9475,4618,4857,10828,5232,5596,9473,4580,4893,5413,2577,2836,1353,677,676,
20320,5416,2617,2799,9478,4618,4860,10831,5233,5598,9476,4581,4895,5413,2577,2836,1354,677,677,
20325,5418,2617,2801,9478,4618,4860,10832,5234,5598,9478,4583,4895,5415,2578,2837,1354,677,677,
20330,5419,2617,2802,9482,4620,4862,10836,5236,5600,9480,4585,4895,5417,2579,2838,1354,677,677,
20335,5420,2618,2802,9485,4622,4863,10839,5237,5602,9483,4588,4895,5417,2579,2838,1355,678,677,
20340,5422,2619,2803,9485,4622,4863,10840,5238,5602,9485,4589,4896,5419,2579,2840,1355,678,677,
20345,5423,2619,2804,9489,4624,4865,10844,5239,5605,9487,4590,4897,5421,2580,2841,1355,678,677,
20350,5424,2619,2805,9492,4627,4865,10847,5239,5608,9490,4591,4899,5421,2580,2841,1356,678,678,
20355,5426,2620,2806,9492,4627,4865,10848,5239,5609,9492,4591,4901,5423,2581,2842,1356,678,678,
20360,5427,2620,2807,9496,4628,4868,10852,5242,5610,9494,4592,4902,5425,2581,2844,1356,678,678,
20365,5428,2621,2807,9499,4630,4869,10855,5243,5612,9497,4594,4903,5425,2581,2844,1357,678,679,
20370,5430,2623,2807,9499,4630,4869,10856,5244,5612,9499,4596,4903,5427,2582,2845,1357,678,679,
20375,5431,2623,2808,9503,4631,4872,10860,5246,5614,9501,4598,4903,5429,2582,2847,1357,678,679,
20380,5432,2623,2809,9506,4633,4873,10863,5247,5616,9504,4598,4906,5429,2582,2847,1358,679,679,
20385,5434,2623,2811,9506,4633,4873,10864,5247,5617,9506,4599,4907,5431,2583,2848,1358,679,679,
20390,5435,2623,2812,9510,4635,4875,10868,5249,5619,9508,4601,4907,5433,2584,2849,1358,679,679,
20395,5436,2623,2813,9513,4636,4877,10871,5251,5620,9511,4603,4908,5433,2584,2849,1359,679,680,
20400,5438,2624,2814,9513,4636,4877,10872,5251,5621,9513,4604,4909,5435,2584,2851,1359,679,680,
20405,5439,2625,2814,9517,4638,4879,10876,5253,5623,9515,4605,4910,5437,2586,2851,1359,679,680,
20410,5440,2626,2814,9520,4638,4882,10879,5254,5625,9518,4606,4912,5437,2586,2851,1360,680,680,
20415,5442,2627,2815,9520,4638,4882,10880,5255,5625,9520,4607,4913,5439,2587,2852,1360,680,680,
20420,5443,2627,2816,9524,4640,4884,10884,5256,5628,9522,4608,4914,5441,2589,2852,1360,680,680,
20425,5444,2628,2816,9527,4643,4884,10887,5259,5628,9525,4610,4915,5441,2589,2852,1361,680,681,
20430,5446,2629,2817,9527,4643,4884,10888,5260,5628,9527,4612,4915,5443,2590,2853,1361,680,681,
20435,5447,2630,2817,9531,4643,4888,10892,5262,5630,9529,4613,4916,5445,2591,2854,1361,680,681,
20440,5448,2631,2817,9534,4645,4889,10895,5264,5631,9532,4615,4917,5445,2591,2854,1362,681,681,
20445,5450,2633,2817,9534,4645,4889,10896,5264,5632,9534,4617,4917,5447,2592,2855,1362,681,681,
20450,5451,2633,2818,9538,4645,4893,10900,5267,5633,9536,4618,4918,5449,2594,2855,1362,681,681,
20455,5452,2634,2818,9541,4646,4895,10903,5269,5634,9539,4621,4918,5449,2594,2855,1363,681,682,
20460,5454,2635,2819,9541,4646,4895,10904,5270,5634,9541,4622,4919,5451,2594,2857,1363,681,682,
20465,5455,2635,2820,9545,4649,4896,10908,5270,5638,9543,4622,4921,5453,2595,2858,1363,681,682,
20470,5456,2635,2821,9548,4652,4896,10911,5272,5639,9546,4624,4922,5453,2595,2858,1364,681,683,
20475,5458,2637,2821,9548,4652,4896,10912,5272,5640,9548,4625,4923,5455,2595,2860,1364,681,683,
20480,5459,2637,2822,9552,4655,4897,10916,5274,5642,9550,4625,4925,5457,2597,2860,1364,681,683,
20485,5460,2637,2823,9555,4657,4898,10919,5274,5645,9553,4626,4927,5457,2597,2860,1365,681,684,
20490,5462,2638,2824,9555,4657,4898,10920,5275,5645,9555,4627,4928,5459,2598,2861,1365,681,684,
20495,5463,2638,2825,9559,4659,4900,10924,5278,5646,9557,4628,4929,5461,2598,2863,1365,681,684,
20500,5464,2639,2825,9562,4661,4901,10927,5280,5647,9560,4630,4930,5461,2598,2863,1366,682,684,
20505,5466,2640,2826,9562,4661,4901,10928,5281,5647,9562,4630,4932,5463,2599,2864,1366,682,684,
20510,5467,2641,2826,9566,4662,4904,10932,5284,5648,9564,4631,4933,5465,2599,2866,1366,682,684,
20515,5468,2641,2827,9569,4663,4906,10935,5286,5649,9567,4632,4935,5465,2599,2866,1367,682,685,
20520,5470,2643,2827,9569,4663,4906,10936,5286,5650,9569,4632,4937,5467,2600,2867,1367,682,685,
20525,5471,2643,2828,9573,4664,4909,10940,5288,5652,9571,4633,4938,5469,2601,2868,1367,682,685,
20530,5472,2644,2828,9576,4665,4911,10943,5290,5653,9574,4634,4940,5469,2601,2868,1368,682,686,
20535,5474,2645,2829,9576,4665,4911,10944,5291,5653,9576,4634,4942,5471,2603,2868,1368,682,686,
20540,5475,2646,2829,9580,4666,4914,10948,5293,5655,9578,4635,4943,5473,2604,2869,1368,682,686,
20545,5476,2647,2829,9583,4666,4917,10951,5294,5657,9581,4636,4945,5473,2604,2869,1369,683,686,
20550,5478,2647,2831,9583,4666,4917,10952,5295,5657,9583,4636,4947,5475,2604,2871,1369,683,686,
20555,5479,2647,2832,9587,4670,4917,10956,5298,5658,9585,4638,4947,5477,2606,2871,1369,683,686,
20560,5480,2648,2832,9590,4671,4919,10959,5299,5660,9588,4639,4949,5477,2606,2871,1370,683,687,
20565,5482,2649,2833,9590,4671,4919,10960,5300,5660,9590,4641,4949,5479,2607,2872,1370,683,687,
20570,5483,2649,2834,9594,4672,4922,10964,5302,5662,9592,4642,4950,5481,2608,2873,1370,683,687,
20575,5484,2649,2835,9597,4673,4924,10967,5302,5665,9595,4643,4952,5481,2608,2873,1371,684,687,
20580,5486,2651,2835,9597,4673,4924,10968,5303,5665,9597,4644,4953,5483,2609,2874,1371,684,687,
20585,5487,2651,2836,9601,4674,4927,10972,5305,5667,9599,4645,4954,5485,2610,2875,1371,684,687,
20590,5488,2652,2836,9604,4677,4927,10975,5306,5669,9602,4646,4956,5485,2610,2875,1372,684,688,
20595,5490,2653,2837,9604,4677,4927,10976,5307,5669,9604,4648,4956,5487,2611,2876,1372,684,688,
20600,5491,2654,2837,9608,4678,4930,10980,5310,5670,9606,4649,4957,5489,2612,2877,1372,684,688,
20605,5492,2655,2837,9611,4678,4933,10983,5313,5670,9609,4652,4957,5489,2612,2877,1373,684,689,
20610,5494,2655,2839,9611,4678,4933,10984,5313,5671,9611,4653,4958,5491,2612,2879,1373,684,689,
20615,5495,2656,2839,9615,4682,4933,10988,5314,5674,9613,4654,4959,5493,2613,2880,1373,684,689,
20620,5496,2657,2839,9618,4685,4933,10991,5316,5675,9616,4656,4960,5493,2613,2880,1374,684,690,
20625,5498,2657,2841,9618,4685,4933,10992,5317,5675,9618,4657,4961,5495,2615,2880,1374,684,690,
20630,5499,2658,2841,9622,4686,4936,10996,5318,5678,9620,4659,4961,5497,2615,2882,1374,684,690,
20635,5500,2658,2842,9625,4686,4939,10999,5319,5680,9623,4660,4963,5497,2615,2882,1375,684,691,
20640,5502,2659,2843,9625,4686,4939,11000,5319,5681,9625,4661,4964,5499,2615,2884,1375,684,691,
20645,5503,2659,2844,9629,4688,4941,11004,5321,5683,9627,4661,4966,5501,2617,2884,1375,684,691,
20650,5504,2660,2844,9632,4691,4941,11007,5322,5685,9630,4662,4968,5501,2617,2884,1376,684,692,
20655,5506,2661,2845,9632,4691,4941,11008,5323,5685,9632,4663,4969,5503,2618,2885,1376,684,692,
20660,5507,2661,2846,9636,4694,4942,11012,5325,5687,9634,4664,4970,5505,2620,2885,1376,684,692,
20665,5508,2662,2846,9639,4695,4944,11015,5326,5689,9637,4664,4973,5505,2620,2885,1377,684,693,
20670,5510,2664,2846,9639,4695,4944,11016,5326,5690,9639,4665,4974,5507,2620,2887,1377,684,693,
20675,5511,2664,2847,9643,4697,4946,11020,5327,5693,9641,4666,4975,5509,2620,2889,1377,684,693,
20680,5512,2664,2848,9646,4698,4948,11023,5330,5693,9644,4669,4975,5509,2620,2889,1378,684,694,
20685,5514,2664,2850,9646,4698,4948,11024,5331,5693,9646,4670,4976,5511,2621,2890,1378,684,694,
20690,5515,2664,2851,9650,4701,4949,11028,5334,5694,9648,4671,4977,5513,2621,2892,1378,684,694,
20695,5516,2664,2852,9653,4704,4949,11031,5336,5695,9651,4673,4978,5513,2621,2892,1379,684,695,
20700,5518,2666,2852,9653,4704,4949,11032,5337,5695,9653,4675,4978,5515,2621,2894,1379,684,695,
20705,5519,2666,2853,9657,4705,4952,11036,5337,5699,9655,4675,4980,5517,2623,2894,1379,684,695,
20710,5520,2667,2853,9660,4707,4953,11039,5337,5702,9658,4676,4982,5517,2623,2894,1380,684,696,
20715,5522,2668,2854,9660,4707,4953,11040,5337,5703,9660,4678,4982,5519,2625,2894,1380,684,696,
20720,5523,2668,2855,9664,4709,4955,11044,5340,5704,9662,4678,4984,5521,2627,2894,1380,684,696,
20725,5524,2668,2856,9667,4710,4957,11047,5341,5706,9665,4679,4986,5521,2627,2894,1381,685,696,
20730,5526,2670,2856,9667,4710,4957,11048,5341,5707,9667,4681,4986,5523,2627,2896,1381,685,696,
20735,5527,2671,2856,9671,4712,4959,11052,5344,5708,9669,4682,4987,5525,2627,2898,1381,685,696,
20740,5528,2672,2856,9674,4714,4960,11055,5345,5710,9672,4684,4988,5525,2627,2898,1382,685,697,
20745,5530,2674,2856,9674,4714,4960,11056,5345,5711,9674,4686,4988,5527,2627,2900,1382,685,697,
20750,5531,2674,2857,9678,4717,4961,11060,5348,5712,9676,4687,4989,5529,2628,2901,1382,685,697,
20755,5532,2675,2857,9681,4719,4962,11063,5349,5714,9679,4690,4989,5529,2628,2901,1383,685,698,
20760,5534,2675,2859,9681,4719,4962,11064,5350,5714,9681,4692,4989,5531,2630,2901,1383,685,698,
20765,5535,2675,2860,9685,4720,4965,11068,5351,5717,9683,4694,4989,5533,2630,2903,1383,685,698,
20770,5536,2676,2860,9688,4720,4968,11071,5351,5720,9686,4697,4989,5533,2630,2903,1384,685,699,
20775,5538,2677,2861,9688,4720,4968,11072,5351,5721,9688,4698,4990,5535,2631,2904,1384,685,699,
20780,5539,2677,2862,9692,4721,4971,11076,5353,5723,9690,4698,4992,5537,2632,2905,1384,685,699,
20785,5540,2678,2862,9695,4722,4973,11079,5354,5725,9693,4699,4994,5537,2632,2905,1385,686,699,
20790,5542,2680,2862,9695,4722,4973,11080,5354,5726,9695,4700,4995,5539,2633,2906,1385,686,699,
20795,5543,2680,2863,9699,4724,4975,11084,5356,5728,9697,4701,4996,5541,2635,2906,1385,686,699,
20800,5544,2680,2864,9702,4726,4976,11087,5358,5729,9700,4702,4998,5541,2635,2906,1386,687,699,
20805,5546,2681,2865,9702,4726,4976,11088,5358,5730,9702,4704,4998,5543,2635,2908,1386,687,699,
20810,5547,2681,2866,9706,4728,4978,11092,5358,5734,9704,4704,5000,5545,2635,2910,1386,687,699,
20815,5548,2682,2866,9709,4729,4980,11095,5358,5737,9707,4704,5003,5545,2635,2910,1387,687,700,
20820,5550,2683,2867,9709,4729,4980,11096,5358,5738,9709,4705,5004,5547,2636,2911,1387,687,700,
20825,5551,2684,2867,9713,4732,4981,11100,5359,5741,9711,4705,5006,5549,2637,2912,1387,687,700,
20830,5552,2685,2867,9716,4733,4983,11103,5360,5743,9714,4706,5008,5549,2637,2912,1388,688,700,
20835,5554,2687,2867,9716,4733,4983,11104,5361,5743,9716,4707,5009,5551,2639,2912,1388,688,700,
20840,5555,2687,2868,9720,4736,4984,11108,5363,5745,9718,4708,5010,5553,2639,2914,1388,688,700,
20845,5556,2688,2868,9723,4737,4986,11111,5363,5748,9721,4710,5011,5553,2639,2914,1389,688,701,
20850,5558,2688,2870,9723,4737,4986,11112,5363,5749,9723,4711,5012,5555,2640,2915,1389,688,701,
20855,5559,2689,2870,9727,4738,4989,11116,5365,5751,9725,4711,5014,5557,2641,2916,1389,688,701,
20860,5560,2689,2871,9730,4739,4991,11119,5368,5751,9728,4713,5015,5557,2641,2916,1390,688,702,
20865,5562,2690,2872,9730,4739,4991,11120,5369,5751,9730,4715,5015,5559,2642,2917,1390,688,702,
20870,5563,2691,2872,9734,4740,4994,11124,5369,5755,9732,4715,5017,5561,2644,2917,1390,688,702,
20875,5564,2692,2872,9737,4742,4995,11127,5370,5757,9735,4716,5019,5561,2644,2917,1391,689,702,
20880,5566,2692,2874,9737,4742,4995,11128,5370,5758,9737,4716,5021,5563,2644,2919,1391,689,702,
20885,5567,2692,2875,9741,4743,4998,11132,5372,5760,9739,4717,5022,5565,2644,2921,1391,689,702,
20890,5568,2692,2876,9744,4744,5000,11135,5373,5762,9742,4718,5024,5565,2644,2921,1392,690,702,
20895,5570,2693,2877,9744,4744,5000,11136,5374,5762,9744,4719,5025,5567,2644,2923,1392,690,702,
20900,5571,2694,2877,9748,4747,5001,11140,5375,5765,9746,4719,5027,5569,2644,2925,1392,690,702,
20905,5572,2694,2878,9751,4749,5002,11143,5378,5765,9749,4720,5029,5569,2644,2925,1393,690,703,
20910,5574,2694,2880,9751,4749,5002,11144,5379,5765,9751,4721,5030,5571,2646,2925,1393,690,703,
20915,5575,2695,2880,9755,4750,5005,11148,5381,5767,9753,4722,5031,5573,2648,2925,1393,690,703,
20920,5576,2695,2881,9758,4751,5007,11151,5382,5769,9756,4724,5032,5573,2648,2925,1394,691,703,
20925,5578,2696,2882,9758,4751,5007,11152,5383,5769,9758,4725,5033,5575,2649,2926,1394,691,703,
20930,5579,2697,2882,9762,4752,5010,11156,5384,5772,9760,4726,5034,5577,2649,2928,1394,691,703,
20935,5580,2698,2882,9765,4752,5013,11159,5385,5774,9763,4727,5036,5577,2649,2928,1395,691,704,
20940,5582,2698,2884,9765,4752,5013,11160,5385,5775,9765,4729,5036,5579,2649,2930,1395,691,704,
20945,5583,2698,2885,9769,4754,5015,11164,5387,5777,9767,4729,5038,5581,2651,2930,1395,691,704,
20950,5584,2698,2886,9772,4756,5016,11167,5389,5778,9770,4730,5040,5581,2651,2930,1396,691,705,
20955,5586,2699,2887,9772,4756,5016,11168,5389,5779,9772,4732,5040,5583,2653,2930,1396,691,705,
20960,5587,2700,2887,9776,4758,5018,11172,5390,5782,9774,4734,5040,5585,2654,2931,1396,691,705,
20965,5588,2700,2888,9779,4759,5020,11175,5392,5783,9777,4737,5040,5585,2654,2931,1397,692,705,
20970,5590,2701,2889,9779,4759,5020,11176,5393,5783,9779,4738,5041,5587,2655,2932,1397,692,705,
20975,5591,2702,2889,9783,4761,5022,11180,5394,5786,9781,4739,5042,5589,2657,2932,1397,692,705,
20980,5592,2702,2890,9786,4762,5024,11183,5395,5788,9784,4739,5045,5589,2657,2932,1398,693,705,
20985,5594,2704,2890,9786,4762,5024,11184,5396,5788,9786,4740,5046,5591,2658,2933,1398,693,705,
20990,5595,2704,2891,9790,4764,5026,11188,5396,5792,9788,4742,5046,5593,2660,2933,1398,693,705,
20995,5596,2704,2892,9793,4765,5028,11191,5397,5794,9791,4744,5047,5593,2660,2933,1399,694,705,
21000,5598,2704,2894,9793,4765,5028,11192,5397,5795,9793,4744,5049,5595,2660,2935,1399,694,705,
21005,5599,2705,2894,9797,4767,5030,11196,5399,5797,9795,4744,5051,5597,2661,2936,1399,694,705,
21010,5600,2706,2894,9800,4768,5032,11199,5400,5799,9798,4745,5053,5597,2661,2936,1400,694,706,
21015,5602,2706,2896,9800,4768,5032,11200,5401,5799,9800,4745,5055,5599,2661,2938,1400,694,706,
21020,5603,2706,2897,9804,4771,5033,11204,5402,5802,9802,4746,5056,5601,2662,2939,1400,694,706,
21025,5604,2706,2898,9807,4772,5035,11207,5403,5804,9805,4748,5057,5601,2662,2939,1401,695,706,
21030,5606,2708,2898,9807,4772,5035,11208,5404,5804,9807,4749,5058,5603,2663,2940,1401,695,706,
21035,5607,2709,2898,9811,4775,5036,11212,5405,5807,9809,4750,5059,5605,2665,2940,1401,695,706,
21040,5608,2710,2898,9814,4776,5038,11215,5407,5808,9812,4752,5060,5605,2665,2940,1402,696,706,
21045,5610,2711,2899,9814,4776,5038,11216,5408,5808,9814,4752,5062,5607,2665,2942,1402,696,706,
21050,5611,2712,2899,9818,4776,5042,11220,5411,5809,9816,4753,5063,5609,2666,2943,1402,696,706,
21055,5612,2712,2900,9821,4777,5044,11223,5412,5811,9819,4753,5066,5609,2666,2943,1403,696,707,
21060,5614,2712,2902,9821,4777,5044,11224,5413,5811,9821,4754,5067,5611,2667,2944,1403,696,707,
21065,5615,2712,2903,9825,4779,5046,11228,5416,5812,9823,4755,5068,5613,2668,2945,1403,696,707,
21070,5616,2713,2903,9828,4781,5047,11231,5417,5814,9826,4758,5068,5613,2668,2945,1404,697,707,
21075,5618,2715,2903,9828,4781,5047,11232,5418,5814,9828,4759,5069,5615,2669,2946,1404,697,707,
21080,5619,2716,2903,9832,4783,5049,11236,5419,5817,9830,4759,5071,5617,2669,2948,1404,697,707,
21085,5620,2717,2903,9835,4783,5052,11239,5422,5817,9833,4760,5073,5617,2669,2948,1405,697,708,
21090,5622,2718,2904,9835,4783,5052,11240,5422,5818,9835,4761,5074,5619,2670,2949,1405,697,708,
21095,5623,2719,2904,9839,4786,5053,11244,5425,5819,9837,4763,5074,5621,2671,2950,1405,697,708,
21100,5624,2719,2905,9842,4787,5055,11247,5428,5819,9840,4764,5076,5621,2671,2950,1406,697,709,
21105,5626,2719,2907,9842,4787,5055,11248,5429,5819,9842,4766,5076,5623,2673,2950,1406,697,709,
21110,5627,2719,2908,9846,4787,5059,11252,5431,5821,9844,4766,5078,5625,2673,2952,1406,697,709,
21115,5628,2720,2908,9849,4789,5060,11255,5433,5822,9847,4766,5081,5625,2673,2952,1407,698,709,
21120,5630,2722,2908,9849,4789,5060,11256,5434,5822,9849,4767,5082,5627,2674,2953,1407,698,709,
21125,5631,2723,2908,9853,4791,5062,11260,5437,5823,9851,4768,5083,5629,2676,2953,1407,698,709,
21130,5632,2724,2908,9856,4793,5063,11263,5438,5825,9854,4770,5084,5629,2676,2953,1408,699,709,
21135,5634,2725,2909,9856,4793,5063,11264,5438,5826,9856,4770,5086,5631,2678,2953,1408,699,709,
21140,5635,2726,2909,9860,4795,5065,11268,5441,5827,9858,4771,5087,5633,2679,2954,1408,699,709,
21145,5636,2727,2909,9863,4796,5067,11271,5442,5829,9861,4772,5089,5633,2679,2954,1409,700,709,
21150,5638,2727,2911,9863,4796,5067,11272,5443,5829,9863,4772,5091,5635,2681,2954,1409,700,709,
21155,5639,2727,2912,9867,4800,5067,11276,5446,5830,9865,4773,5092,5637,2683,2954,1409,700,709,
21160,5640,2727,2913,9870,4801,5069,11279,5447,5832,9868,4774,5094,5637,2683,2954,1410,701,709,
21165,5642,2728,2914,9870,4801,5069,11280,5448,5832,9870,4774,5096,5639,2683,2956,1410,701,709,
21170,5643,2728,2915,9874,4802,5072,11284,5449,5835,9872,4774,5098,5641,2684,2957,1410,701,709,
21175,5644,2729,2915,9877,4803,5074,11287,5449,5838,9875,4776,5099,5641,2684,2957,1411,702,709,
21180,5646,2731,2915,9877,4803,5074,11288,5449,5839,9877,4777,5100,5643,2685,2958,1411,702,709,
21185,5647,2732,2915,9881,4805,5076,11292,5452,5840,9879,4777,5102,5645,2685,2960,1411,702,709,
21190,5648,2732,2916,9884,4806,5078,11295,5455,5840,9882,4780,5102,5645,2685,2960,1412,703,709,
21195,5650,2733,2917,9884,4806,5078,11296,5455,5841,9884,4781,5103,5647,2685,2962,1412,703,709,
21200,5651,2733,2918,9888,4809,5079,11300,5456,5844,9886,4781,5105,5649,2685,2964,1412,703,709,
21205,5652,2734,2918,9891,4811,5080,11303,5459,5844,9889,4782,5107,5649,2685,2964,1413,704,709,
21210,5654,2736,2918,9891,4811,5080,11304,5459,5845,9891,4783,5108,5651,2686,2965,1413,704,709,
21215,5655,2736,2919,9895,4814,5081,11308,5462,5846,9893,4784,5109,5653,2687,2966,1413,704,709,
21220,5656,2736,2920,9898,4817,5081,11311,5463,5848,9896,4785,5111,5653,2687,2966,1414,705,709,
21225,5658,2738,2920,9898,4817,5081,11312,5464,5848,9898,4786,5112,5655,2687,2968,1414,705,709,
21230,5659,2738,2921,9902,4819,5083,11316,5465,5851,9900,4787,5113,5657,2688,2969,1414,705,709,
21235,5660,2738,2922,9905,4821,5084,11319,5465,5854,9903,4789,5114,5657,2688,2969,1415,706,709,
21240,5662,2738,2924,9905,4821,5084,11320,5465,5855,9905,4790,5115,5659,2688,2971,1415,706,709,
21245,5663,2739,2924,9909,4823,5086,11324,5467,5857,9907,4791,5116,5661,2689,2972,1415,706,709,
21250,5664,2740,2924,9912,4823,5089,11327,5468,5859,9910,4793,5117,5661,2689,2972,1416,706,710,
21255,5666,2741,2925,9912,4823,5089,11328,5468,5860,9912,4794,5118,5663,2691,2972,1416,706,710,
21260,5667,2742,2925,9916,4823,5093,11332,5468,5864,9914,4795,5119,5665,2692,2973,1416,706,710,
21265,5668,2743,2925,9919,4823,5096,11335,5469,5866,9917,4795,5122,5665,2692,2973,1417,707,710,
21270,5670,2744,2926,9919,4823,5096,11336,5470,5866,9919,4795,5124,5667,2692,2975,1417,707,710,
21275,5671,2744,2927,9923,4823,5100,11340,5472,5868,9921,4797,5124,5669,2692,2977,1417,707,710,
21280,5672,2744,2928,9926,4824,5102,11343,5473,5870,9924,4798,5126,5669,2692,2977,1418,707,711,
21285,5674,2745,2929,9926,4824,5102,11344,5473,5871,9926,4800,5126,5671,2693,2978,1418,707,711,
21290,5675,2745,2930,9930,4826,5104,11348,5474,5874,9928,4801,5127,5673,2694,2979,1418,707,711,
21295,5676,2746,2930,9933,4828,5105,11351,5475,5876,9931,4802,5129,5673,2694,2979,1419,708,711,
21300,5678,2748,2930,9933,4828,5105,11352,5476,5876,9933,4803,5130,5675,2695,2980,1419,708,711,
21305,5679,2748,2931,9937,4831,5106,11356,5478,5878,9935,4805,5130,5677,2696,2981,1419,708,711,
21310,5680,2748,2932,9940,4831,5109,11359,5479,5880,9938,4805,5133,5677,2696,2981,1420,709,711,
21315,5682,2749,2933,9940,4831,5109,11360,5480,5880,9940,4806,5134,5679,2697,2982,1420,709,711,
21320,5683,2750,2933,9944,4833,5111,11364,5484,5880,9942,4806,5136,5681,2698,2983,1420,709,711,
21325,5684,2750,2934,9947,4834,5113,11367,5485,5882,9945,4808,5137,5681,2698,2983,1421,710,711,
21330,5686,2752,2934,9947,4834,5113,11368,5486,5882,9947,4809,5138,5683,2698,2985,1421,710,711,
21335,5687,2752,2935,9951,4836,5115,11372,5487,5885,9949,4810,5139,5685,2698,2987,1421,710,711,
21340,5688,2752,2936,9954,4837,5117,11375,5490,5885,9952,4812,5140,5685,2698,2987,1422,711,711,
21345,5690,2753,2937,9954,4837,5117,11376,5490,5886,9954,4814,5140,5687,2698,2989,1422,711,711,
21350,5691,2753,2938,9958,4838,5120,11380,5492,5888,9956,4814,5142,5689,2699,2990,1422,711,711,
21355,5692,2753,2939,9961,4840,5121,11383,5495,5888,9959,4815,5144,5689,2699,2990,1423,711,712,
21360,5694,2754,2940,9961,4840,5121,11384,5495,5889,9961,4816,5145,5691,2701,2990,1423,711,712,
21365,5695,2755,2940,9965,4843,5122,11388,5497,5891,9963,4817,5146,5693,2702,2991,1423,711,712,
21370,5696,2755,2941,9968,4844,5124,11391,5500,5891,9966,4818,5148,5693,2702,2991,1424,711,713,
21375,5698,2757,2941,9968,4844,5124,11392,5501,5891,9968,4820,5148,5695,2702,2993,1424,711,713,
21380,5699,2758,2941,9972,4846,5126,11396,5502,5894,9970,4821,5149,5697,2703,2994,1424,711,713,
21385,5700,2759,2941,9975,4848,5127,11399,5505,5894,9973,4823,5150,5697,2703,2994,1425,712,713,
21390,5702,2760,2942,9975,4848,5127,11400,5506,5894,9975,4825,5150,5699,2704,2995,1425,712,713,
21395,5703,2760,2943,9979,4848,5131,11404,5510,5894,9977,4825,5152,5701,2706,2995,1425,712,713,
21400,5704,2761,2943,9982,4850,5132,11407,5512,5895,9980,4826,5154,5701,2706,2995,1426,713,713,
21405,5706,2761,2945,9982,4850,5132,11408,5512,5896,9982,4828,5154,5703,2707,2996,1426,713,713,
21410,5707,2762,2945,9986,4853,5133,11412,5515,5897,9984,4828,5156,5705,2707,2998,1426,713,713,
21415,5708,2763,2945,9989,4854,5135,11415,5516,5899,9987,4828,5159,5705,2707,2998,1427,714,713,
21420,5710,2765,2945,9989,4854,5135,11416,5516,5900,9989,4828,5161,5707,2707,3000,1427,714,713,
21425,5711,2766,2945,9993,4856,5137,11420,5516,5904,9991,4829,5162,5709,2708,3001,1427,714,713,
21430,5712,2766,2946,9996,4858,5138,11423,5519,5904,9994,4831,5163,5709,2708,3001,1428,715,713,
21435,5714,2767,2947,9996,4858,5138,11424,5520,5904,9996,4832,5164,5711,2709,3002,1428,715,713,
21440,5715,2767,2948,10000,4859,5141,11428,5523,5905,9998,4834,5164,5713,2709,3004,1428,715,713,
21445,5716,2768,2948,10003,4861,5142,11431,5525,5906,10001,4835,5166,5713,2709,3004,1429,716,713,
21450,5718,2769,2949,10003,4861,5142,11432,5525,5907,10003,4836,5167,5715,2709,3006,1429,716,713,
21455,5719,2769,2950,10007,4863,5144,11436,5526,5910,10005,4837,5168,5717,2709,3008,1429,716,713,
21460,5720,2770,2950,10010,4865,5145,11439,5528,5911,10008,4839,5169,5717,2709,3008,1430,716,714,
21465,5722,2770,2952,10010,4865,5145,11440,5529,5911,10010,4840,5170,5719,2710,3009,1430,716,714,
21470,5723,2770,2953,10014,4868,5146,11444,5530,5914,10012,4840,5172,5721,2711,3010,1430,716,714,
21475,5724,2770,2954,10017,4869,5148,11447,5533,5914,10015,4843,5172,5721,2711,3010,1431,716,715,
21480,5726,2770,2956,10017,4869,5148,11448,5533,5915,10017,4844,5173,5723,2712,3011,1431,716,715,
21485,5727,2771,2956,10021,4872,5149,11452,5536,5916,10019,4845,5174,5725,2713,3012,1431,716,715,
21490,5728,2772,2956,10024,4873,5151,11455,5539,5916,10022,4847,5175,5725,2713,3012,1432,717,715,
21495,5730,2774,2956,10024,4873,5151,11456,5540,5916,10024,4849,5175,5727,2714,3013,1432,717,715,
21500,5731,2774,2957,10028,4875,5153,11460,5544,5916,10026,4850,5176,5729,2715,3014,1432,717,715,
21505,5732,2775,2957,10031,4876,5155,11463,5546,5917,10029,4853,5176,5729,2715,3014,1433,717,716,
21510,5734,2777,2957,10031,4876,5155,11464,5547,5917,10031,4854,5177,5731,2715,3016,1433,717,716,
21515,5735,2777,2958,10035,4877,5158,11468,5548,5920,10033,4854,5179,5733,2716,3017,1433,717,716,
21520,5736,2778,2958,10038,4880,5158,11471,5549,5922,10036,4856,5180,5733,2716,3017,1434,718,716,
21525,5738,2779,2959,10038,4880,5158,11472,5550,5922,10038,4857,5181,5735,2717,3018,1434,718,716,
21530,5739,2780,2959,10042,4882,5160,11476,5552,5924,10040,4857,5183,5737,2717,3020,1434,718,716,
21535,5740,2781,2959,10045,4883,5162,11479,5553,5926,10043,4859,5184,5737,2717,3020,1435,719,716,
21540,5742,2783,2959,10045,4883,5162,11480,5553,5927,10045,4860,5185,5739,2718,3021,1435,719,716,
21545,5743,2783,2960,10049,4884,5165,11484,5554,5930,10047,4861,5186,5741,2719,3022,1435,719,716,
21550,5744,2784,2960,10052,4886,5166,11487,5556,5931,10050,4862,5188,5741,2719,3022,1436,720,716,
21555,5746,2784,2962,10052,4886,5166,11488,5556,5932,10052,4864,5188,5743,2720,3023,1436,720,716,
21560,5747,2785,2962,10056,4888,5168,11492,5559,5933,10054,4866,5188,5745,2721,3024,1436,720,716,
21565,5748,2785,2963,10059,4888,5171,11495,5561,5934,10057,4868,5189,5745,2721,3024,1437,720,717,
21570,5750,2786,2964,10059,4888,5171,11496,5562,5934,10059,4868,5191,5747,2722,3025,1437,720,717,
21575,5751,2786,2965,10063,4890,5173,11500,5564,5936,10061,4869,5192,5749,2723,3026,1437,720,717,
21580,5752,2786,2966,10066,4892,5174,11503,5564,5939,10064,4869,5195,5749,2723,3026,1438,720,718,
21585,5754,2788,2966,10066,4892,5174,11504,5564,5940,10066,4871,5195,5751,2724,3027,1438,720,718,
21590,5755,2788,2967,10070,4893,5177,11508,5565,5943,10068,4872,5196,5753,2725,3028,1438,720,718,
21595,5756,2789,2967,10073,4896,5177,11511,5567,5944,10071,4875,5196,5753,2725,3028,1439,720,719,
21600,5758,2790,2968,10073,4896,5177,11512,5568,5944,10073,4876,5197,5755,2726,3029,1439,720,719,
21605,5759,2791,2968,10077,4896,5181,11516,5568,5948,10075,4876,5199,5757,2726,3031,1439,720,719,
21610,5760,2791,2969,10080,4899,5181,11519,5570,5949,10078,4878,5200,5757,2726,3031,1440,721,719,
21615,5762,2792,2970,10080,4899,5181,11520,5570,5950,10080,4879,5201,5759,2727,3032,1440,721,719,
21620,5763,2793,2970,10084,4900,5184,11524,5571,5953,10082,4879,5203,5761,2728,3033,1440,721,719,
21625,5764,2794,2970,10087,4902,5185,11527,5572,5955,10085,4881,5204,5761,2728,3033,1441,721,720,
21630,5766,2795,2971,10087,4902,5185,11528,5572,5956,10087,4882,5205,5763,2728,3035,1441,721,720,
21635,5767,2795,2972,10091,4904,5187,11532,5573,5959,10089,4884,5205,5765,2728,3037,1441,721,720,
21640,5768,2795,2973,10094,4906,5188,11535,5575,5960,10092,4885,5207,5765,2728,3037,1442,721,721,
21645,5770,2795,2975,10094,4906,5188,11536,5575,5961,10094,4886,5208,5767,2730,3037,1442,721,721,
21650,5771,2796,2975,10098,4907,5191,11540,5576,5964,10096,4888,5208,5769,2731,3038,1442,721,721,
21655,5772,2796,2976,10101,4909,5192,11543,5576,5967,10099,4890,5209,5769,2731,3038,1443,722,721,
21660,5774,2796,2978,10101,4909,5192,11544,5577,5967,10101,4891,5210,5771,2731,3040,1443,722,721,
21665,5775,2797,2978,10105,4911,5194,11548,5578,5970,10103,4892,5211,5773,2732,3041,1443,722,721,
21670,5776,2797,2979,10108,4912,5196,11551,5579,5972,10106,4892,5214,5773,2732,3041,1444,722,722,
21675,5778,2798,2980,10108,4912,5196,11552,5579,5973,10108,4893,5215,5775,2733,3042,1444,722,722,
21680,5779,2798,2981,10112,4915,5197,11556,5579,5977,10110,4895,5215,5777,2734,3043,1444,722,722,
21685,5780,2798,2982,10115,4917,5198,11559,5581,5978,10113,4896,5217,5777,2734,3043,1445,722,723,
21690,5782,2799,2983,10115,4917,5198,11560,5581,5979,10115,4896,5219,5779,2734,3045,1445,722,723,
21695,5783,2799,2984,10119,4919,5200,11564,5583,5981,10117,4897,5220,5781,2735,3046,1445,722,723,
21700,5784,2799,2985,10122,4921,5201,11567,5584,5983,10120,4898,5222,5781,2735,3046,1446,722,724,
21705,5786,2800,2986,10122,4921,5201,11568,5584,5984,10122,4899,5223,5783,2736,3047,1446,722,724,
21710,5787,2801,2986,10126,4923,5203,11572,5585,5987,10124,4900,5224,5785,2738,3047,1446,722,724,
21715,5788,2801,2987,10129,4924,5205,11575,5587,5988,10127,4900,5227,5785,2738,3047,1447,723,724,
21720,5790,2801,2989,10129,4924,5205,11576,5587,5989,10129,4901,5228,5787,2738,3049,1447,723,724,
21725,5791,2801,2990,10133,4926,5207,11580,5588,5992,10131,4902,5229,5789,2739,3050,1447,723,724,
21730,5792,2802,2990,10136,4928,5208,11583,5590,5993,10134,4903,5231,5789,2739,3050,1448,724,724,
21735,5794,2804,2990,10136,4928,5208,11584,5590,5994,10136,4904,5232,5791,2741,3050,1448,724,724,
21740,5795,2804,2991,10140,4929,5211,11588,5592,5996,10138,4904,5234,5793,2742,3051,1448,724,724,
21745,5796,2804,2992,10143,4930,5213,11591,5593,5998,10141,4906,5235,5793,2742,3051,1449,724,725,
21750,5798,2805,2993,10143,4930,5213,11592,5594,5998,10143,4907,5236,5795,2743,3052,1449,724,725,
21755,5799,2805,2994,10147,4934,5213,11596,5596,6000,10145,4908,5237,5797,2744,3053,1449,724,725,
21760,5800,2805,2995,10150,4937,5213,11599,5598,6001,10148,4909,5239,5797,2744,3053,1450,725,725,
21765,5802,2807,2995,10150,4937,5213,11600,5598,6002,10150,4911,5239,5799,2745,3054,1450,725,725,
21770,5803,2808,2995,10154,4939,5215,11604,5599,6005,10152,4913,5239,5801,2746,3055,1450,725,725,
21775,5804,2808,2996,10157,4941,5216,11607,5602,6005,10155,4913,5242,5801,2746,3055,1451,726,725,
21780,5806,2808,2998,10157,4941,5216,11608,5603,6005,10157,4914,5243,5803,2748,3055,1451,726,725,
21785,5807,2809,2998,10161,4944,5217,11612,5606,6006,10159,4915,5244,5805,2748,3057,1451,726,725,
21790,5808,2810,2998,10164,4946,5218,11615,5607,6008,10162,4918,5244,5805,2748,3057,1452,727,725,
21795,5810,2812,2998,10164,4946,5218,11616,5607,6009,10164,4918,5246,5807,2750,3057,1452,727,725,
21800,5811,2813,2998,10168,4948,5220,11620,5608,6012,10166,4919,5247,5809,2751,3058,1452,727,725,
21805,5812,2813,2999,10171,4949,5222,11623,5608,6015,10169,4920,5249,5809,2751,3058,1453,727,726,
21810,5814,2815,2999,10171,4949,5222,11624,5609,6015,10171,4921,5250,5811,2751,3060,1453,727,726,
21815,5815,2815,3000,10175,4950,5225,11628,5611,6017,10173,4922,5251,5813,2751,3062,1453,727,726,
21820,5816,2815,3001,10178,4951,5227,11631,5611,6020,10176,4923,5253,5813,2751,3062,1454,727,727,
21825,5818,2816,3002,10178,4951,5227,11632,5612,6020,10178,4924,5254,5815,2752,3063,1454,727,727,
21830,5819,2817,3002,10182,4952,5230,11636,5615,6021,10180,4925,5255,5817,2753,3064,1454,727,727,
21835,5820,2817,3003,10185,4953,5232,11639,5616,6023,10183,4925,5258,5817,2753,3064,1455,728,727,
21840,5822,2817,3005,10185,4953,5232,11640,5617,6023,10185,4926,5259,5819,2755,3064,1455,728,727,
21845,5823,2818,3005,10189,4956,5233,11644,5619,6025,10187,4927,5260,5821,2755,3066,1455,728,727,
21850,5824,2819,3005,10192,4957,5235,11647,5620,6027,10190,4929,5261,5821,2755,3066,1456,729,727,
21855,5826,2820,3006,10192,4957,5235,11648,5620,6028,10192,4930,5262,5823,2756,3067,1456,729,727,
21860,5827,2820,3007,10196,4959,5237,11652,5621,6031,10194,4930,5264,5825,2757,3068,1456,729,727,
21865,5828,2821,3007,10199,4960,5239,11655,5622,6033,10197,4931,5266,5825,2757,3068,1457,729,728,
21870,5830,2821,3009,10199,4960,5239,11656,5622,6034,10199,4933,5266,5827,2758,3069,1457,729,728,
21875,5831,2821,3010,10203,4964,5239,11660,5625,6035,10201,4933,5268,5829,2759,3070,1457,729,728,
21880,5832,2821,3011,10206,4965,5241,11663,5627,6036,10204,4935,5269,5829,2759,3070,1458,729,729,
21885,5834,2822,3012,10206,4965,5241,11664,5627,6037,10206,4935,5271,5831,2760,3071,1458,729,729,
21890,5835,2823,3012,10210,4966,5244,11668,5629,6039,10208,4936,5272,5833,2762,3071,1458,729,729,
21895,5836,2824,3012,10213,4969,5244,11671,5630,6041,10211,4937,5274,5833,2762,3071,1459,730,729,
21900,5838,2826,3012,10213,4969,5244,11672,5630,6042,10213,4939,5274,5835,2762,3073,1459,730,729,
21905,5839,2826,3013,10217,4970,5247,11676,5633,6043,10215,4941,5274,5837,2764,3073,1459,730,729,
21910,5840,2826,3014,10220,4972,5248,11679,5634,6045,10218,4942,5276,5837,2764,3073,1460,730,730,
21915,5842,2827,3015,10220,4972,5248,11680,5634,6046,10220,4942,5278,5839,2764,3075,1460,730,730,
21920,5843,2828,3015,10224,4973,5251,11684,5637,6047,10222,4942,5280,5841,2765,3076,1460,730,730,
21925,5844,2829,3015,10227,4976,5251,11687,5638,6049,10225,4943,5282,5841,2765,3076,1461,730,731,
21930,5846,2831,3015,10227,4976,5251,11688,5638,6050,10227,4944,5283,5843,2765,3078,1461,730,731,
21935,5847,2831,3016,10231,4976,5255,11692,5641,6051,10229,4944,5285,5845,2767,3078,1461,730,731,
21940,5848,2831,3017,10234,4977,5257,11695,5642,6053,10232,4944,5288,5845,2767,3078,1462,730,732,
21945,5850,2832,3018,10234,4977,5257,11696,5642,6054,10234,4945,5289,5847,2768,3079,1462,730,732,
21950,5851,2832,3019,10238,4979,5259,11700,5645,6055,10236,4946,5290,5849,2770,3079,1462,730,732,
21955,5852,2832,3020,10241,4982,5259,11703,5646,6057,10239,4949,5290,5849,2770,3079,1463,731,732,
21960,5854,2833,3021,10241,4982,5259,11704,5647,6057,10241,4951,5290,5851,2771,3080,1463,731,732,
21965,5855,2834,3021,10245,4984,5261,11708,5649,6059,10243,4952,5291,5853,2771,3082,1463,731,732,
21970,5856,2834,3022,10248,4986,5262,11711,5651,6060,10246,4954,5292,5853,2771,3082,1464,732,732,
21975,5858,2836,3022,10248,4986,5262,11712,5651,6061,10248,4955,5293,5855,2771,3084,1464,732,732,
21980,5859,2836,3023,10252,4986,5266,11716,5653,6063,10250,4956,5294,5857,2773,3084,1464,732,732,
21985,5860,2837,3023,10255,4989,5266,11719,5654,6065,10253,4957,5296,5857,2773,3084,1465,733,732,
21990,5862,2837,3025,10255,4989,5266,11720,5655,6065,10255,4958,5297,5859,2774,3085,1465,733,732,
21995,5863,2837,3026,10259,4991,5268,11724,5659,6065,10257,4959,5298,5861,2775,3086,1465,733,732,
22000,5864,2838,3026,10262,4992,5270,11727,5662,6065,10260,4959,5301,5861,2775,3086,1466,733,733,
22005,5866,2839,3027,10262,4992,5270,11728,5662,6066,10262,4959,5303,5863,2776,3087,1466,733,733,
22010,5867,2840,3027,10266,4994,5272,11732,5663,6069,10264,4960,5304,5865,2776,3089,1466,733,733,
22015,5868,2840,3028,10269,4995,5274,11735,5664,6071,10267,4962,5305,5865,2776,3089,1467,734,733,
22020,5870,2840,3030,10269,4995,5274,11736,5664,6072,10269,4963,5306,5867,2777,3090,1467,734,733,
22025,5871,2840,3031,10273,4997,5276,11740,5666,6074,10271,4964,5307,5869,2778,3091,1467,734,733,
22030,5872,2840,3032,10276,4999,5277,11743,5668,6075,10274,4966,5308,5869,2778,3091,1468,735,733,
22035,5874,2840,3034,10276,4999,5277,11744,5668,6076,10276,4967,5309,5871,2779,3092,1468,735,733,
22040,5875,2840,3035,10280,5001,5279,11748,5669,6079,10278,4969,5309,5873,2781,3092,1468,735,733,
22045,5876,2841,3035,10283,5003,5280,11751,5669,6082,10281,4970,5311,5873,2781,3092,1469,735,734,
22050,5878,2842,3036,10283,5003,5280,11752,5670,6082,10283,4972,5311,5875,2781,3094,1469,735,734,
22055,5879,2843,3036,10287,5006,5281,11756,5673,6083,10285,4972,5313,5877,2781,3096,1469,735,734,
22060,5880,2843,3037,10290,5009,5281,11759,5674,6085,10288,4973,5315,5877,2781,3096,1470,735,735,
22065,5882,2844,3038,10290,5009,5281,11760,5674,6086,10290,4975,5315,5879,2783,3096,1470,735,735,
22070,5883,2845,3038,10294,5012,5282,11764,5675,6089,10292,4977,5315,5881,2784,3097,1470,735,735,
22075,5884,2846,3038,10297,5012,5285,11767,5677,6090,10295,4980,5315,5881,2784,3097,1471,735,736,
22080,5886,2848,3038,10297,5012,5285,11768,5677,6091,10297,4982,5315,5883,2786,3097,1471,735,736,
22085,5887,2849,3038,10301,5013,5288,11772,5680,6092,10299,4983,5316,5885,2787,3098,1471,735,736,
22090,5888,2850,3038,10304,5016,5288,11775,5682,6093,10302,4984,5318,5885,2787,3098,1472,736,736,
22095,5890,2852,3038,10304,5016,5288,11776,5682,6094,10304,4985,5319,5887,2787,3100,1472,736,736,
22100,5891,2852,3039,10308,5017,5291,11780,5684,6096,10306,4987,5319,5889,2788,3101,1472,736,736,
22105,5892,2853,3039,10311,5017,5294,11783,5685,6098,10309,4988,5321,5889,2788,3101,1473,736,737,
22110,5894,2855,3039,10311,5017,5294,11784,5685,6099,10311,4989,5322,5891,2789,3102,1473,736,737,
22115,5895,2856,3039,10315,5017,5298,11788,5685,6103,10313,4991,5322,5893,2790,3103,1473,736,737,
22120,5896,2856,3040,10318,5019,5299,11791,5686,6105,10316,4992,5324,5893,2790,3103,1474,737,737,
22125,5898,2857,3041,10318,5019,5299,11792,5686,6106,10318,4993,5325,5895,2790,3105,1474,737,737,
22130,5899,2858,3041,10322,5021,5301,11796,5686,6110,10320,4995,5325,5897,2790,3107,1474,737,737,
22135,5900,2858,3042,10325,5023,5302,11799,5688,6111,10323,4997,5326,5897,2790,3107,1475,738,737,
22140,5902,2860,3042,10325,5023,5302,11800,5688,6112,10325,4998,5327,5899,2791,3108,1475,738,737,
22145,5903,2860,3043,10329,5026,5303,11804,5689,6115,10327,4998,5329,5901,2791,3110,1475,738,737,
22150,5904,2861,3043,10332,5028,5304,11807,5691,6116,10330,4999,5331,5901,2791,3110,1476,738,738,
22155,5906,2861,3045,10332,5028,5304,11808,5691,6117,10332,5000,5332,5903,2791,3112,1476,738,738,
22160,5907,2862,3045,10336,5030,5306,11812,5693,6119,10334,5000,5334,5905,2792,3113,1476,738,738,
22165,5908,2863,3045,10339,5033,5306,11815,5695,6120,10337,5001,5336,5905,2792,3113,1477,739,738,
22170,5910,2864,3046,10339,5033,5306,11816,5696,6120,10339,5002,5337,5907,2793,3114,1477,739,738,
22175,5911,2865,3046,10343,5035,5308,11820,5697,6123,10341,5004,5337,5909,2793,3116,1477,739,738,
22180,5912,2866,3046,10346,5037,5309,11823,5699,6124,10344,5005,5339,5909,2793,3116,1478,739,739,
22185,5914,2868,3046,10346,5037,5309,11824,5700,6124,10346,5007,5339,5911,2793,3118,1478,739,739,
22190,5915,2869,3046,10350,5037,5313,11828,5702,6126,10348,5008,5340,5913,2793,3120,1478,739,739,
22195,5916,2870,3046,10353,5040,5313,11831,5705,6126,10351,5008,5343,5913,2793,3120,1479,739,740,
22200,5918,2871,3047,10353,5040,5313,11832,5706,6126,10353,5009,5344,5915,2794,3121,1479,739,740,
22205,5919,2872,3047,10357,5044,5313,11836,5708,6128,10355,5009,5346,5917,2795,3122,1479,739,740,
22210,5920,2873,3047,10360,5047,5313,11839,5709,6130,10358,5012,5346,5917,2795,3122,1480,740,740,
22215,5922,2873,3049,10360,5047,5313,11840,5709,6131,10360,5014,5346,5919,2796,3123,1480,740,740,
22220,5923,2874,3049,10364,5048,5316,11844,5712,6132,10362,5015,5347,5921,2798,3123,1480,740,740,
22225,5924,2874,3050,10367,5049,5318,11847,5715,6132,10365,5017,5348,5921,2798,3123,1481,740,741,
22230,5926,2874,3052,10367,5049,5318,11848,5716,6132,10367,5019,5348,5923,2800,3123,1481,740,741,
22235,5927,2874,3053,10371,5051,5320,11852,5718,6134,10369,5021,5348,5925,2800,3125,1481,740,741,
22240,5928,2875,3053,10374,5054,5320,11855,5719,6136,10372,5023,5349,5925,2800,3125,1482,740,742,
22245,5930,2876,3054,10374,5054,5320,11856,5720,6136,10374,5024,5350,5927,2800,3127,1482,740,742,
22250,5931,2877,3054,10378,5058,5320,11860,5722,6138,10376,5025,5351,5929,2801,3128,1482,740,742,
22255,5932,2878,3054,10381,5059,5322,11863,5722,6141,10379,5026,5353,5929,2801,3128,1483,741,742,
22260,5934,2879,3055,10381,5059,5322,11864,5722,6142,10381,5026,5355,5931,2803,3128,1483,741,742,
22265,5935,2879,3056,10385,5061,5324,11868,5724,6144,10383,5026,5357,5933,2804,3129,1483,741,742,
22270,5936,2880,3056,10388,5063,5325,11871,5726,6145,10386,5027,5359,5933,2804,3129,1484,741,743,
22275,5938,2881,3057,10388,5063,5325,11872,5726,6146,10388,5028,5360,5935,2806,3129,1484,741,743,
22280,5939,2881,3058,10392,5064,5328,11876,5728,6148,10390,5029,5361,5937,2807,3130,1484,741,743,
22285,5940,2882,3058,10395,5065,5330,11879,5730,6149,10393,5031,5362,5937,2807,3130,1485,742,743,
22290,5942,2882,3060,10395,5065,5330,11880,5730,6150,10395,5032,5363,5939,2809,3130,1485,742,743,
22295,5943,2882,3061,10399,5065,5334,11884,5733,6151,10397,5033,5364,5941,2809,3132,1485,742,743,
22300,5944,2883,3061,10402,5067,5335,11887,5733,6154,10400,5035,5365,5941,2809,3132,1486,743,743,
22305,5946,2883,3063,10402,5067,5335,11888,5734,6154,10402,5035,5367,5943,2809,3134,1486,743,743,
22310,5947,2884,3063,10406,5068,5338,11892,5734,6158,10404,5036,5368,5945,2810,3135,1486,743,743,
22315,5948,2885,3063,10409,5069,5340,11895,5737,6158,10407,5037,5370,5945,2810,3135,1487,743,744,
22320,5950,2885,3065,10409,5069,5340,11896,5738,6158,10409,5037,5372,5947,2811,3136,1487,743,744,
22325,5951,2886,3065,10413,5072,5341,11900,5740,6160,10411,5038,5373,5949,2813,3136,1487,743,744,
22330,5952,2887,3065,10416,5073,5343,11903,5742,6161,10414,5040,5374,5949,2813,3136,1488,743,745,
22335,5954,2888,3066,10416,5073,5343,11904,5742,6162,10416,5041,5375,5951,2813,3138,1488,743,745,
22340,5955,2889,3066,10420,5077,5343,11908,5742,6166,10418,5043,5375,5953,2814,3139,1488,743,745,
22345,5956,2889,3067,10423,5080,5343,11911,5743,6168,10421,5044,5377,5953,2814,3139,1489,743,746,
22350,5958,2890,3068,10423,5080,5343,11912,5743,6169,10423,5045,5378,5955,2815,3140,1489,743,746,
22355,5959,2890,3069,10427,5082,5345,11916,5744,6172,10425,5047,5378,5957,2815,3142,1489,743,746,
22360,5960,2890,3070,10430,5083,5347,11919,5747,6172,10428,5048,5380,5957,2815,3142,1490,744,746,
22365,5962,2892,3070,10430,5083,5347,11920,5748,6172,10430,5049,5381,5959,2816,3143,1490,744,746,
22370,5963,2892,3071,10434,5087,5347,11924,5751,6173,10432,5051,5381,5961,2817,3144,1490,744,746,
22375,5964,2892,3072,10437,5087,5350,11927,5753,6174,10435,5054,5381,5961,2817,3144,1491,744,747,
22380,5966,2893,3073,10437,5087,5350,11928,5753,6175,10437,5055,5382,5963,2817,3146,1491,744,747,
22385,5967,2894,3073,10441,5089,5352,11932,5756,6176,10439,5056,5383,5965,2817,3148,1491,744,747,
22390,5968,2894,3074,10444,5091,5353,11935,5759,6176,10442,5057,5385,5965,2817,3148,1492,745,747,
22395,5970,2896,3074,10444,5091,5353,11936,5759,6177,10444,5057,5387,5967,2819,3148,1492,745,747,
22400,5971,2897,3074,10448,5093,5355,11940,5760,6180,10446,5058,5388,5969,2820,3149,1492,745,747,
22405,5972,2897,3075,10451,5094,5357,11943,5761,6182,10449,5061,5388,5969,2820,3149,1493,745,748,
22410,5974,2897,3077,10451,5094,5357,11944,5762,6182,10451,5062,5389,5971,2822,3149,1493,745,748,
22415,5975,2898,3077,10455,5095,5360,11948,5765,6183,10453,5064,5389,5973,2823,3150,1493,745,748,
22420,5976,2898,3078,10458,5096,5362,11951,5768,6183,10456,5065,5391,5973,2823,3150,1494,746,748,
22425,5978,2900,3078,10458,5096,5362,11952,5768,6184,10458,5067,5391,5975,2823,3152,1494,746,748,
22430,5979,2900,3079,10462,5097,5365,11956,5771,6185,10460,5068,5392,5977,2824,3153,1494,746,748,
22435,5980,2901,3079,10465,5099,5366,11959,5772,6187,10463,5071,5392,5977,2824,3153,1495,746,749,
22440,5982,2903,3079,10465,5099,5366,11960,5772,6188,10465,5072,5393,5979,2826,3153,1495,746,749,
22445,5983,2903,3080,10469,5100,5369,11964,5775,6189,10467,5072,5395,5981,2827,3154,1495,746,749,
22450,5984,2903,3081,10472,5101,5371,11967,5776,6191,10470,5074,5396,5981,2827,3154,1496,747,749,
22455,5986,2905,3081,10472,5101,5371,11968,5776,6192,10472,5075,5397,5983,2827,3156,1496,747,749,
22460,5987,2905,3082,10476,5103,5373,11972,5779,6193,10474,5076,5398,5985,2827,3158,1496,747,749,
22465,5988,2905,3083,10479,5104,5375,11975,5781,6194,10477,5078,5399,5985,2827,3158,1497,748,749,
22470,5990,2906,3084,10479,5104,5375,11976,5781,6195,10479,5080,5399,5987,2827,3160,1497,748,749,
22475,5991,2906,3085,10483,5106,5377,11980,5782,6198,10481,5081,5400,5989,2827,3162,1497,748,749,
22480,5992,2906,3086,10486,5107,5379,11983,5784,6199,10484,5084,5400,5989,2827,3162,1498,749,749,
22485,5994,2907,3087,10486,5107,5379,11984,5785,6199,10486,5084,5402,5991,2829,3162,1498,749,749,
22490,5995,2908,3087,10490,5109,5381,11988,5789,6199,10488,5085,5403,5993,2830,3163,1498,749,749,
22495,5996,2909,3087,10493,5110,5383,11991,5790,6201,10491,5086,5405,5993,2830,3163,1499,750,749,
22500,5998,2910,3088,10493,5110,5383,11992,5790,6202,10493,5086,5407,5995,2830,3165,1499,750,749,
22505,5999,2911,3088,10497,5112,5385,11996,5791,6205,10495,5086,5409,5997,2830,3167,1499,750,749,
22510,6000,2911,3089,10500,5113,5387,11999,5794,6205,10498,5088,5410,5997,2830,3167,1500,750,750,
22515,6002,2912,3090,10500,5113,5387,12000,5794,6206,10500,5089,5411,5999,2831,3168,1500,750,750,
22520,6003,2912,3091,10504,5116,5388,12004,5797,6207,10502,5089,5413,6001,2831,3170,1500,750,750,
22525,6004,2912,3092,10507,5117,5390,12007,5799,6208,10505,5091,5414,6001,2831,3170,1501,751,750,
22530,6006,2914,3092,10507,5117,5390,12008,5799,6209,10507,5092,5415,6003,2831,3172,1501,751,750,
22535,6007,2914,3093,10511,5119,5392,12012,5800,6212,10509,5093,5416,6005,2832,3173,1501,751,750,
22540,6008,2914,3094,10514,5120,5394,12015,5801,6214,10512,5094,5418,6005,2832,3173,1502,751,751,
22545,6010,2915,3095,10514,5120,5394,12016,5802,6214,10514,5095,5419,6007,2834,3173,1502,751,751,
22550,6011,2915,3096,10518,5121,5397,12020,5805,6215,10516,5096,5420,6009,2835,3174,1502,751,751,
22555,6012,2915,3097,10521,5122,5399,12023,5807,6216,10519,5099,5420,6009,2835,3174,1503,751,752,
22560,6014,2917,3097,10521,5122,5399,12024,5808,6216,10521,5100,5421,6011,2836,3175,1503,751,752,
22565,6015,2917,3098,10525,5124,5401,12028,5810,6218,10523,5101,5422,6013,2836,3177,1503,751,752,
22570,6016,2918,3098,10528,5125,5403,12031,5812,6219,10526,5101,5425,6013,2836,3177,1504,752,752,
22575,6018,2918,3100,10528,5125,5403,12032,5812,6220,10528,5102,5426,6015,2837,3178,1504,752,752,
22580,6019,2919,3100,10532,5128,5404,12036,5813,6223,10530,5103,5427,6017,2837,3180,1504,752,752,
22585,6020,2919,3101,10535,5130,5405,12039,5815,6224,10533,5106,5427,6017,2837,3180,1505,752,753,
22590,6022,2919,3103,10535,5130,5405,12040,5816,6224,10535,5107,5428,6019,2837,3182,1505,752,753,
22595,6023,2919,3104,10539,5134,5405,12044,5819,6225,10537,5108,5429,6021,2838,3183,1505,752,753,
22600,6024,2920,3104,10542,5135,5407,12047,5820,6227,10540,5109,5431,6021,2838,3183,1506,752,754,
22605,6026,2920,3106,10542,5135,5407,12048,5821,6227,10542,5110,5432,6023,2839,3184,1506,752,754,
22610,6027,2920,3107,10546,5138,5408,12052,5823,6229,10544,5112,5432,6025,2841,3184,1506,752,754,
22615,6028,2921,3107,10549,5140,5409,12055,5824,6231,10547,5113,5434,6025,2841,3184,1507,752,755,
22620,6030,2922,3108,10549,5140,5409,12056,5825,6231,10549,5114,5435,6027,2842,3185,1507,752,755,
22625,6031,2923,3108,10553,5141,5412,12060,5826,6234,10551,5116,5435,6029,2843,3186,1507,752,755,
22630,6032,2924,3108,10556,5144,5412,12063,5827,6236,10554,5117,5437,6029,2843,3186,1508,752,756,
22635,6034,2924,3110,10556,5144,5412,12064,5828,6236,10556,5117,5439,6031,2845,3186,1508,752,756,
22640,6035,2925,3110,10560,5146,5414,12068,5830,6238,10558,5119,5439,6033,2845,3188,1508,752,756,
22645,6036,2925,3111,10563,5148,5415,12071,5832,6239,10561,5121,5440,6033,2845,3188,1509,753,756,
22650,6038,2926,3112,10563,5148,5415,12072,5832,6240,10563,5123,5440,6035,2847,3188,1509,753,756,
22655,6039,2926,3113,10567,5149,5418,12076,5835,6241,10565,5124,5441,6037,2847,3190,1509,753,756,
22660,6040,2927,3113,10570,5150,5420,12079,5835,6244,10568,5126,5442,6037,2847,3190,1510,754,756,
22665,6042,2928,3114,10570,5150,5420,12080,5835,6245,10570,5126,5444,6039,2848,3191,1510,754,756,
22670,6043,2928,3115,10574,5150,5424,12084,5835,6249,10572,5126,5446,6041,2849,3192,1510,754,756,
22675,6044,2929,3115,10577,5152,5425,12087,5836,6251,10575,5127,5448,6041,2849,3192,1511,755,756,
22680,6046,2930,3116,10577,5152,5425,12088,5837,6251,10577,5127,5450,6043,2850,3193,1511,755,756,
22685,6047,2931,3116,10581,5153,5428,12092,5840,6252,10579,5128,5451,6045,2850,3195,1511,755,756,
22690,6048,2932,3116,10584,5154,5430,12095,5843,6252,10582,5130,5452,6045,2850,3195,1512,755,757,
22695,6050,2933,3117,10584,5154,5430,12096,5844,6252,10584,5130,5454,6047,2850,3197,1512,755,757,
22700,6051,2934,3117,10588,5156,5432,12100,5846,6254,10586,5130,5456,6049,2851,3198,1512,755,757,
22705,6052,2935,3117,10591,5156,5435,12103,5849,6254,10589,5131,5458,6049,2851,3198,1513,755,758,
22710,6054,2937,3117,10591,5156,5435,12104,5850,6254,10591,5131,5460,6051,2852,3199,1513,755,758,
22715,6055,2938,3117,10595,5157,5438,12108,5853,6255,10593,5132,5461,6053,2852,3201,1513,755,758,
22720,6056,2938,3118,10598,5159,5439,12111,5855,6256,10596,5134,5462,6053,2852,3201,1514,756,758,
22725,6058,2940,3118,10598,5159,5439,12112,5856,6256,10598,5135,5463,6055,2853,3202,1514,756,758,
22730,6059,2941,3118,10602,5160,5442,12116,5858,6258,10600,5136,5464,6057,2854,3203,1514,756,758,
22735,6060,2942,3118,10605,5163,5442,12119,5860,6259,10603,5136,5467,6057,2854,3203,1515,757,758,
22740,6062,2943,3119,10605,5163,5442,12120,5861,6259,10605,5138,5467,6059,2855,3204,1515,757,758,
22745,6063,2943,3120,10609,5166,5443,12124,5862,6262,10607,5140,5467,6061,2856,3205,1515,757,758,
22750,6064,2943,3121,10612,5169,5443,12127,5863,6264,10610,5142,5468,6061,2856,3205,1516,757,759,
22755,6066,2944,3122,10612,5169,5443,12128,5863,6265,10612,5144,5468,6063,2856,3207,1516,757,759,
22760,6067,2945,3122,10616,5171,5445,12132,5865,6267,10614,5146,5468,6065,2857,3208,1516,757,759,
22765,6068,2945,3123,10619,5172,5447,12135,5865,6270,10617,5147,5470,6065,2857,3208,1517,758,759,
22770,6070,2945,3125,10619,5172,5447,12136,5866,6270,10619,5147,5472,6067,2859,3208,1517,758,759,
22775,6071,2945,3126,10623,5173,5450,12140,5867,6273,10621,5147,5474,6069,2860,3209,1517,758,759,
22780,6072,2946,3126,10626,5173,5453,12143,5869,6274,10624,5148,5476,6069,2860,3209,1518,759,759,
22785,6074,2947,3127,10626,5173,5453,12144,5870,6274,10626,5148,5478,6071,2862,3209,1518,759,759,
22790,6075,2948,3127,10630,5176,5454,12148,5871,6277,10628,5149,5479,6073,2863,3210,1518,759,759,
22795,6076,2948,3128,10633,5177,5456,12151,5872,6279,10631,5150,5481,6073,2863,3210,1519,759,760,
22800,6078,2950,3128,10633,5177,5456,12152,5873,6279,10633,5152,5481,6075,2864,3211,1519,759,760,
22805,6079,2951,3128,10637,5178,5459,12156,5875,6281,10635,5153,5482,6077,2865,3212,1519,759,760,
22810,6080,2951,3129,10640,5180,5460,12159,5877,6282,10638,5154,5484,6077,2865,3212,1520,760,760,
22815,6082,2952,3130,10640,5180,5460,12160,5878,6282,10640,5154,5486,6079,2866,3213,1520,760,760,
22820,6083,2952,3131,10644,5182,5462,12164,5879,6285,10642,5156,5486,6081,2867,3214,1520,760,760,
22825,6084,2953,3131,10647,5182,5465,12167,5879,6288,10645,5157,5488,6081,2867,3214,1521,761,760,
22830,6086,2955,3131,10647,5182,5465,12168,5880,6288,10647,5157,5490,6083,2868,3215,1521,761,760,
22835,6087,2955,3132,10651,5184,5467,12172,5880,6292,10649,5158,5491,6085,2869,3216,1521,761,760,
22840,6088,2955,3133,10654,5186,5468,12175,5882,6293,10652,5158,5494,6085,2869,3216,1522,762,760,
22845,6090,2955,3135,10654,5186,5468,12176,5882,6294,10654,5159,5495,6087,2869,3218,1522,762,760,
22850,6091,2955,3136,10658,5189,5469,12180,5883,6297,10656,5160,5496,6089,2870,3219,1522,762,760,
22855,6092,2955,3137,10661,5191,5470,12183,5884,6299,10659,5163,5496,6089,2870,3219,1523,763,760,
22860,6094,2957,3137,10661,5191,5470,12184,5884,6300,10661,5164,5497,6091,2871,3220,1523,763,760,
22865,6095,2958,3137,10665,5195,5470,12188,5884,6304,10663,5166,5497,6093,2872,3221,1523,763,760,
22870,6096,2959,3137,10668,5198,5470,12191,5885,6306,10666,5167,5499,6093,2872,3221,1524,763,761,
22875,6098,2960,3138,10668,5198,5470,12192,5886,6306,10668,5168,5500,6095,2874,3221,1524,763,761,
22880,6099,2961,3138,10672,5200,5472,12196,5886,6310,10670,5169,5501,6097,2875,3222,1524,763,761,
22885,6100,2962,3138,10675,5200,5475,12199,5887,6312,10673,5170,5503,6097,2875,3222,1525,763,762,
22890,6102,2963,3139,10675,5200,5475,12200,5888,6312,10675,5170,5505,6099,2875,3224,1525,763,762,
22895,6103,2963,3140,10679,5202,5477,12204,5890,6314,10677,5171,5506,6101,2875,3226,1525,763,762,
22900,6104,2964,3140,10682,5202,5480,12207,5891,6316,10680,5174,5506,6101,2875,3226,1526,764,762,
22905,6106,2964,3142,10682,5202,5480,12208,5891,6317,10682,5175,5507,6103,2876,3227,1526,764,762,
22910,6107,2964,3143,10686,5203,5483,12212,5893,6319,10684,5177,5507,6105,2878,3227,1526,764,762,
22915,6108,2964,3144,10689,5204,5485,12215,5894,6321,10687,5178,5509,6105,2878,3227,1527,764,763,
22920,6110,2965,3145,10689,5204,5485,12216,5895,6321,10689,5180,5509,6107,2880,3227,1527,764,763,
22925,6111,2965,3146,10693,5207,5486,12220,5896,6324,10691,5180,5511,6109,2881,3228,1527,764,763,
22930,6112,2965,3147,10696,5209,5487,12223,5897,6326,10694,5182,5512,6109,2881,3228,1528,764,764,
22935,6114,2966,3148,10696,5209,5487,12224,5897,6327,10696,5183,5513,6111,2882,3229,1528,764,764,
22940,6115,2966,3149,10700,5210,5490,12228,5899,6329,10698,5185,5513,6113,2882,3231,1528,764,764,
22945,6116,2966,3150,10703,5212,5491,12231,5901,6330,10701,5187,5514,6113,2882,3231,1529,764,765,
22950,6118,2967,3151,10703,5212,5491,12232,5902,6330,10703,5188,5515,6115,2882,3233,1529,764,765,
22955,6119,2967,3152,10707,5214,5493,12236,5904,6332,10705,5188,5517,6117,2883,3234,1529,764,765,
22960,6120,2967,3153,10710,5214,5496,12239,5906,6333,10708,5189,5519,6117,2883,3234,1530,764,766,
22965,6122,2968,3154,10710,5214,5496,12240,5906,6334,10710,5189,5521,6119,2884,3235,1530,764,766,
22970,6123,2968,3155,10714,5215,5499,12244,5908,6336,10712,5189,5523,6121,2885,3236,1530,764,766,
22975,6124,2968,3156,10717,5215,5502,12247,5909,6338,10715,5189,5526,6121,2885,3236,1531,765,766,
22980,6126,2970,3156,10717,5215,5502,12248,5910,6338,10717,5191,5526,6123,2885,3238,1531,765,766,
22985,6127,2970,3157,10721,5217,5504,12252,5911,6341,10719,5193,5526,6125,2885,3240,1531,765,766,
22990,6128,2970,3158,10724,5217,5507,12255,5913,6342,10722,5195,5527,6125,2885,3240,1532,766,766,
22995,6130,2971,3159,10724,5217,5507,12256,5914,6342,10724,5196,5528,6127,2887,3240,1532,766,766,
23000,6131,2971,3160,10728,5220,5508,12260,5916,6344,10726,5197,5529,6129,2888,3241,1532,766,766,
23005,6132,2972,3160,10731,5221,5510,12263,5916,6347,10729,5198,5531,6129,2888,3241,1533,766,767,
23010,6134,2973,3161,10731,5221,5510,12264,5916,6348,10731,5198,5533,6131,2888,3243,1533,766,767,
23015,6135,2973,3162,10735,5221,5514,12268,5918,6350,10733,5199,5534,6133,2888,3245,1533,766,767,
23020,6136,2973,3163,10738,5223,5515,12271,5919,6352,10736,5199,5537,6133,2888,3245,1534,766,768,
23025,6138,2975,3163,10738,5223,5515,12272,5919,6353,10738,5201,5537,6135,2888,3247,1534,766,768,
23030,6139,2975,3164,10742,5223,5519,12276,5921,6355,10740,5202,5538,6137,2888,3249,1534,766,768,
23035,6140,2975,3165,10745,5225,5520,12279,5922,6357,10743,5205,5538,6137,2888,3249,1535,767,768,
23040,6142,2976,3166,10745,5225,5520,12280,5923,6357,10745,5206,5539,6139,2889,3250,1535,767,768,
23045,6143,2976,3167,10749,5227,5522,12284,5925,6359,10747,5207,5540,6141,2891,3250,1535,767,768,
23050,6144,2977,3167,10752,5230,5522,12287,5926,6361,10750,5208,5542,6141,2891,3250,1536,768,768,
23055,6146,2977,3169,10752,5230,5522,12288,5927,6361,10752,5210,5542,6143,2892,3251,1536,768,768,
23060,6147,2978,3169,10756,5231,5525,12292,5929,6363,10754,5211,5543,6145,2893,3252,1536,768,768,
23065,6148,2979,3169,10759,5233,5526,12295,5930,6365,10757,5213,5544,6145,2893,3252,1537,769,768,
23070,6150,2980,3170,10759,5233,5526,12296,5930,6366,10759,5213,5546,6147,2894,3253,1537,769,768,
23075,6151,2981,3170,10763,5235,5528,12300,5933,6367,10761,5213,5548,6149,2894,3255,1537,769,768,
23080,6152,2981,3171,10766,5237,5529,12303,5934,6369,10764,5214,5550,6149,2894,3255,1538,770,768,
23085,6154,2983,3171,10766,5237,5529,12304,5935,6369,10766,5215,5551,6151,2896,3255,1538,770,768,
23090,6155,2984,3171,10770,5238,5532,12308,5937,6371,10768,5217,5551,6153,2898,3255,1538,770,768,
23095,6156,2984,3172,10773,5240,5533,12311,5939,6372,10771,5217,5554,6153,2898,3255,1539,771,768,
23100,6158,2986,3172,10773,5240,5533,12312,5940,6372,10773,5218,5555,6155,2898,3257,1539,771,768,
23105,6159,2987,3172,10777,5242,5535,12316,5942,6374,10775,5220,5555,6157,2899,3258,1539,771,768,
23110,6160,2988,3172,10780,5245,5535,12319,5944,6375,10778,5221,5557,6157,2899,3258,1540,772,768,
23115,6162,2989,3173,10780,5245,5535,12320,5944,6376,10780,5221,5559,6159,2901,3258,1540,772,768,
23120,6163,2989,3174,10784,5247,5537,12324,5947,6377,10782,5222,5560,6161,2902,3259,1540,772,768,
23125,6164,2990,3174,10787,5249,5538,12327,5949,6378,10785,5224,5561,6161,2902,3259,1541,773,768,
23130,6166,2990,3176,10787,5249,5538,12328,5950,6378,10787,5225,5562,6163,2902,3261,1541,773,768,
23135,6167,2991,3176,10791,5251,5540,12332,5952,6380,10789,5225,5564,6165,2903,3262,1541,773,768,
23140,6168,2992,3176,10794,5253,5541,12335,5954,6381,10792,5227,5565,6165,2903,3262,1542,773,769,
23145,6170,2994,3176,10794,5253,5541,12336,5954,6382,10794,5228,5566,6167,2904,3263,1542,773,769,
23150,6171,2995,3176,10798,5254,5544,12340,5957,6383,10796,5228,5568,6169,2905,3264,1542,773,769,
23155,6172,2995,3177,10801,5256,5545,12343,5959,6384,10799,5230,5569,6169,2905,3264,1543,773,770,
23160,6174,2997,3177,10801,5256,5545,12344,5960,6384,10801,5232,5569,6171,2905,3266,1543,773,770,
23165,6175,2997,3178,10805,5259,5546,12348,5963,6385,10803,5232,5571,6173,2906,3267,1543,773,770,
23170,6176,2997,3179,10808,5261,5547,12351,5963,6388,10806,5233,5573,6173,2906,3267,1544,774,770,
23175,6178,2999,3179,10808,5261,5547,12352,5964,6388,10808,5234,5574,6175,2906,3269,1544,774,770,
23180,6179,2999,3180,10812,5262,5550,12356,5964,6392,10810,5235,5575,6177,2908,3269,1544,774,770,
23185,6180,2999,3181,10815,5262,5553,12359,5964,6395,10813,5237,5576,6177,2908,3269,1545,774,771,
23190,6182,2999,3183,10815,5262,5553,12360,5964,6396,10815,5237,5578,6179,2910,3269,1545,774,771,
23195,6183,2999,3184,10819,5263,5556,12364,5965,6399,10817,5238,5579,6181,2910,3271,1545,774,771,
23200,6184,2999,3185,10822,5264,5558,12367,5967,6400,10820,5240,5580,6181,2910,3271,1546,774,772,
23205,6186,3000,3186,10822,5264,5558,12368,5967,6401,10822,5242,5580,6183,2910,3273,1546,774,772,
23210,6187,3001,3186,10826,5266,5560,12372,5969,6403,10824,5243,5581,6185,2912,3273,1546,774,772,
23215,6188,3001,3187,10829,5267,5562,12375,5971,6404,10827,5246,5581,6185,2912,3273,1547,774,773,
23220,6190,3001,3189,10829,5267,5562,12376,5972,6404,10829,5247,5582,6187,2913,3274,1547,774,773,
23225,6191,3001,3190,10833,5270,5563,12380,5972,6408,10831,5249,5582,6189,2914,3275,1547,774,773,
23230,6192,3001,3191,10836,5271,5565,12383,5974,6409,10834,5250,5584,6189,2914,3275,1548,774,774,
23235,6194,3003,3191,10836,5271,5565,12384,5975,6409,10836,5250,5586,6191,2916,3275,1548,774,774,
23240,6195,3004,3191,10840,5272,5568,12388,5977,6411,10838,5251,5587,6193,2916,3277,1548,774,774,
23245,6196,3005,3191,10843,5273,5570,12391,5979,6412,10841,5252,5589,6193,2916,3277,1549,775,774,
23250,6198,3007,3191,10843,5273,5570,12392,5979,6413,10843,5253,5590,6195,2917,3278,1549,775,774,
23255,6199,3008,3191,10847,5275,5572,12396,5980,6416,10845,5253,5592,6197,2918,3279,1549,775,774,
23260,6200,3008,3192,10850,5277,5573,12399,5983,6416,10848,5255,5593,6197,2918,3279,1550,775,775,
23265,6202,3008,3194,10850,5277,5573,12400,5984,6416,10850,5256,5594,6199,2919,3280,1550,775,775,
23270,6203,3009,3194,10854,5279,5575,12404,5986,6418,10852,5257,5595,6201,2919,3282,1550,775,775,
23275,6204,3009,3195,10857,5281,5576,12407,5988,6419,10855,5259,5596,6201,2919,3282,1551,776,775,
23280,6206,3010,3196,10857,5281,5576,12408,5989,6419,10857,5259,5598,6203,2920,3283,1551,776,775,
23285,6207,3010,3197,10861,5283,5578,12412,5991,6421,10859,5259,5600,6205,2920,3285,1551,776,775,
23290,6208,3011,3197,10864,5284,5580,12415,5992,6423,10862,5262,5600,6205,2920,3285,1552,777,775,
23295,6210,3011,3199,10864,5284,5580,12416,5993,6423,10864,5263,5601,6207,2921,3286,1552,777,775,
23300,6211,3012,3199,10868,5284,5584,12420,5996,6424,10866,5264,5602,6209,2922,3287,1552,777,775,
23305,6212,3013,3199,10871,5287,5584,12423,5997,6426,10869,5266,5603,6209,2922,3287,1553,778,775,
23310,6214,3015,3199,10871,5287,5584,12424,5997,6427,10871,5267,5604,6211,2923,3288,1553,778,775,
23315,6215,3016,3199,10875,5288,5587,12428,6000,6428,10873,5269,5604,6213,2924,3289,1553,778,775,
23320,6216,3017,3199,10878,5289,5589,12431,6002,6429,10876,5271,5605,6213,2924,3289,1554,779,775,
23325,6218,3019,3199,10878,5289,5589,12432,6003,6429,10878,5272,5606,6215,2925,3290,1554,779,775,
23330,6219,3019,3200,10882,5291,5591,12436,6005,6431,10880,5272,5608,6217,2925,3292,1554,779,775,
23335,6220,3019,3201,10885,5292,5593,12439,6007,6432,10883,5273,5610,6217,2925,3292,1555,779,776,
23340,6222,3020,3202,10885,5292,5593,12440,6007,6433,10885,5273,5612,6219,2926,3293,1555,779,776,
23345,6223,3020,3203,10889,5293,5596,12444,6009,6435,10887,5274,5613,6221,2926,3295,1555,779,776,
23350,6224,3021,3203,10892,5294,5598,12447,6010,6437,10890,5275,5615,6221,2926,3295,1556,779,777,
23355,6226,3022,3204,10892,5294,5598,12448,6011,6437,10892,5276,5616,6223,2926,3297,1556,779,777,
23360,6227,3023,3204,10896,5296,5600,12452,6014,6438,10894,5277,5617,6225,2926,3299,1556,779,777,
23365,6228,3024,3204,10899,5298,5601,12455,6015,6440,10897,5280,5617,6225,2926,3299,1557,780,777,
23370,6230,3025,3205,10899,5298,5601,12456,6015,6441,10899,5281,5618,6227,2926,3301,1557,780,777,
23375,6231,3026,3205,10903,5301,5602,12460,6016,6444,10901,5283,5618,6229,2926,3303,1557,780,777,
23380,6232,3027,3205,10906,5302,5604,12463,6018,6445,10904,5284,5620,6229,2926,3303,1558,780,778,
23385,6234,3029,3205,10906,5302,5604,12464,6018,6446,10906,5285,5621,6231,2927,3304,1558,780,778,
23390,6235,3029,3206,10910,5305,5605,12468,6020,6448,10908,5285,5623,6233,2928,3305,1558,780,778,
23395,6236,3030,3206,10913,5306,5607,12471,6021,6450,10911,5286,5625,6233,2928,3305,1559,781,778,
23400,6238,3031,3207,10913,5306,5607,12472,6021,6451,10913,5288,5625,6235,2929,3306,1559,781,778,
23405,6239,3031,3208,10917,5308,5609,12476,6022,6454,10915,5290,5625,6237,2930,3307,1559,781,778,
23410,6240,3032,3208,10920,5310,5610,12479,6024,6455,10918,5293,5625,6237,2930,3307,1560,781,779,
23415,6242,3033,3209,10920,5310,5610,12480,6024,6456,10920,5293,5627,6239,2932,3307,1560,781,779,
23420,6243,3033,3210,10924,5310,5614,12484,6026,6458,10922,5293,5629,6241,2933,3308,1560,781,779,
23425,6244,3033,3211,10927,5311,5616,12487,6027,6460,10925,5295,5630,6241,2933,3308,1561,781,780,
23430,6246,3033,3213,10927,5311,5616,12488,6028,6460,10927,5295,5632,6243,2934,3309,1561,781,780,
23435,6247,3033,3214,10931,5314,5617,12492,6029,6463,10929,5296,5633,6245,2935,3310,1561,781,780,
23440,6248,3033,3215,10934,5315,5619,12495,6029,6466,10932,5298,5634,6245,2935,3310,1562,781,781,
23445,6250,3035,3215,10934,5315,5619,12496,6030,6466,10934,5299,5635,6247,2937,3310,1562,781,781,
23450,6251,3035,3216,10938,5319,5619,12500,6031,6469,10936,5299,5637,6249,2938,3311,1562,781,781,
23455,6252,3035,3217,10941,5321,5620,12503,6032,6471,10939,5301,5638,6249,2938,3311,1563,782,781,
23460,6254,3037,3217,10941,5321,5620,12504,6032,6472,10941,5301,5640,6251,2939,3312,1563,782,781,
23465,6255,3038,3217,10945,5324,5621,12508,6035,6473,10943,5301,5642,6253,2940,3313,1563,782,781,
23470,6256,3038,3218,10948,5325,5623,12511,6036,6475,10946,5302,5644,6253,2940,3313,1564,783,781,
23475,6258,3038,3220,10948,5325,5623,12512,6036,6476,10948,5304,5644,6255,2942,3313,1564,783,781,
23480,6259,3039,3220,10952,5327,5625,12516,6039,6477,10950,5304,5646,6257,2943,3314,1564,783,781,
23485,6260,3039,3221,10955,5329,5626,12519,6041,6478,10953,5305,5648,6257,2943,3314,1565,783,782,
23490,6262,3040,3222,10955,5329,5626,12520,6041,6479,10955,5306,5649,6259,2944,3315,1565,783,782,
23495,6263,3041,3222,10959,5331,5628,12524,6044,6480,10957,5306,5651,6261,2945,3316,1565,783,782,
23500,6264,3041,3223,10962,5332,5630,12527,6046,6481,10960,5308,5652,6261,2945,3316,1566,784,782,
23505,6266,3042,3224,10962,5332,5630,12528,6046,6482,10962,5310,5652,6263,2946,3317,1566,784,782,
23510,6267,3043,3224,10966,5334,5632,12532,6048,6484,10964,5311,5653,6265,2947,3318,1566,784,782,
23515,6268,3043,3225,10969,5336,5633,12535,6049,6486,10967,5312,5655,6265,2947,3318,1567,784,783,
23520,6270,3044,3226,10969,5336,5633,12536,6050,6486,10969,5312,5657,6267,2947,3320,1567,784,783,
23525,6271,3044,3227,10973,5338,5635,12540,6051,6489,10971,5313,5658,6269,2947,3322,1567,784,783,
23530,6272,3044,3228,10976,5339,5637,12543,6053,6490,10974,5314,5660,6269,2947,3322,1568,785,783,
23535,6274,3044,3230,10976,5339,5637,12544,6053,6491,10976,5315,5661,6271,2947,3324,1568,785,783,
23540,6275,3045,3230,10980,5342,5638,12548,6056,6492,10978,5316,5662,6273,2948,3325,1568,785,783,
23545,6276,3046,3230,10983,5343,5640,12551,6059,6492,10981,5316,5665,6273,2948,3325,1569,785,784,
23550,6278,3047,3231,10983,5343,5640,12552,6060,6492,10983,5317,5666,6275,2949,3326,1569,785,784,
23555,6279,3047,3232,10987,5347,5640,12556,6062,6494,10985,5318,5667,6277,2950,3327,1569,785,784,
23560,6280,3047,3233,10990,5348,5642,12559,6064,6495,10988,5318,5670,6277,2950,3327,1570,786,784,
23565,6282,3047,3235,10990,5348,5642,12560,6064,6496,10990,5320,5670,6279,2951,3328,1570,786,784,
23570,6283,3048,3235,10994,5350,5644,12564,6067,6497,10992,5322,5670,6281,2953,3328,1570,786,784,
23575,6284,3049,3235,10997,5350,5647,12567,6069,6498,10995,5323,5672,6281,2953,3328,1571,786,785,
23580,6286,3049,3237,10997,5350,5647,12568,6070,6498,10997,5324,5673,6283,2955,3328,1571,786,785,
23585,6287,3050,3237,11001,5352,5649,12572,6072,6500,10999,5324,5675,6285,2956,3329,1571,786,785,
23590,6288,3050,3238,11004,5354,5650,12575,6073,6502,11002,5326,5676,6285,2956,3329,1572,787,785,
23595,6290,3052,3238,11004,5354,5650,12576,6074,6502,11004,5327,5677,6287,2957,3330,1572,787,785,
23600,6291,3052,3239,11008,5358,5650,12580,6077,6503,11006,5327,5679,6289,2958,3331,1572,787,785,
23605,6292,3053,3239,11011,5359,5652,12583,6078,6505,11009,5328,5681,6289,2958,3331,1573,787,786,
23610,6294,3054,3240,11011,5359,5652,12584,6079,6505,11011,5328,5683,6291,2959,3332,1573,787,786,
23615,6295,3055,3240,11015,5362,5653,12588,6082,6506,11013,5328,5685,6293,2959,3334,1573,787,786,
23620,6296,3055,3241,11018,5364,5654,12591,6084,6507,11016,5329,5687,6293,2959,3334,1574,787,787,
23625,6298,3057,3241,11018,5364,5654,12592,6084,6508,11018,5329,5689,6295,2959,3336,1574,787,787,
23630,6299,3057,3242,11022,5364,5658,12596,6086,6510,11020,5330,5690,6297,2959,3338,1574,787,787,
23635,6300,3058,3242,11025,5367,5658,12599,6088,6511,11023,5331,5692,6297,2959,3338,1575,787,788,
23640,6302,3058,3244,11025,5367,5658,12600,6089,6511,11025,5332,5693,6299,2961,3338,1575,787,788,
23645,6303,3058,3245,11029,5369,5660,12604,6090,6514,11027,5334,5693,6301,2962,3339,1575,787,788,
23650,6304,3059,3245,11032,5370,5662,12607,6091,6516,11030,5336,5694,6301,2962,3339,1576,787,789,
23655,6306,3059,3247,11032,5370,5662,12608,6091,6517,11032,5337,5695,6303,2963,3340,1576,787,789,
23660,6307,3059,3248,11036,5371,5665,12612,6091,6521,11034,5337,5697,6305,2964,3341,1576,787,789,
23665,6308,3059,3249,11039,5373,5666,12615,6092,6523,11037,5338,5699,6305,2964,3341,1577,788,789,
23670,6310,3060,3250,11039,5373,5666,12616,6092,6524,11039,5339,5700,6307,2965,3342,1577,788,789,
23675,6311,3060,3251,11043,5376,5667,12620,6093,6527,11041,5339,5702,6309,2965,3344,1577,788,789,
23680,6312,3061,3251,11046,5376,5670,12623,6093,6530,11044,5341,5703,6309,2965,3344,1578,788,790,
23685,6314,3062,3252,11046,5376,5670,12624,6093,6531,11046,5343,5703,6311,2966,3345,1578,788,790,
23690,6315,3062,3253,11050,5379,5671,12628,6097,6531,11048,5343,5705,6313,2967,3346,1578,788,790,
23695,6316,3063,3253,11053,5381,5672,12631,6099,6532,11051,5344,5707,6313,2967,3346,1579,788,791,
23700,6318,3064,3254,11053,5381,5672,12632,6099,6533,11053,5344,5709,6315,2967,3348,1579,788,791,
23705,6319,3065,3254,11057,5383,5674,12636,6101,6535,11055,5346,5709,6317,2967,3350,1579,788,791,
23710,6320,3066,3254,11060,5386,5674,12639,6101,6538,11058,5347,5711,6317,2967,3350,1580,788,792,
23715,6322,3066,3256,11060,5386,5674,12640,6101,6539,11060,5348,5712,6319,2967,3352,1580,788,792,
23720,6323,3066,3257,11064,5388,5676,12644,6102,6542,11062,5348,5714,6321,2968,3353,1580,788,792,
23725,6324,3067,3257,11067,5390,5677,12647,6102,6545,11065,5350,5715,6321,2968,3353,1581,789,792,
23730,6326,3069,3257,11067,5390,5677,12648,6103,6545,11067,5352,5715,6323,2970,3353,1581,789,792,
23735,6327,3070,3257,11071,5392,5679,12652,6105,6547,11069,5353,5716,6325,2971,3354,1581,789,792,
23740,6328,3071,3257,11074,5393,5681,12655,6107,6548,11072,5354,5718,6325,2971,3354,1582,789,793,
23745,6330,3071,3259,11074,5393,5681,12656,6107,6549,11074,5356,5718,6327,2972,3355,1582,789,793,
23750,6331,3072,3259,11078,5396,5682,12660,6109,6551,11076,5358,5718,6329,2974,3355,1582,789,793,
23755,6332,3073,3259,11081,5398,5683,12663,6111,6552,11079,5360,5719,6329,2974,3355,1583,789,794,
23760,6334,3073,3261,11081,5398,5683,12664,6112,6552,11081,5360,5721,6331,2974,3357,1583,789,794,
23765,6335,3073,3262,11085,5401,5684,12668,6114,6554,11083,5361,5722,6333,2976,3357,1583,789,794,
23770,6336,3074,3262,11088,5403,5685,12671,6116,6555,11086,5362,5724,6333,2976,3357,1584,790,794,
23775,6338,3074,3264,11088,5403,5685,12672,6116,6556,11088,5364,5724,6335,2978,3357,1584,790,794,
23780,6339,3075,3264,11092,5405,5687,12676,6119,6557,11090,5365,5725,6337,2979,3358,1584,790,794,
23785,6340,3075,3265,11095,5407,5688,12679,6120,6559,11093,5366,5727,6337,2979,3358,1585,791,794,
23790,6342,3076,3266,11095,5407,5688,12680,6120,6560,11095,5368,5727,6339,2979,3360,1585,791,794,
23795,6343,3076,3267,11099,5410,5689,12684,6120,6564,11097,5369,5728,6341,2980,3361,1585,791,794,
23800,6344,3077,3267,11102,5412,5690,12687,6122,6565,11100,5372,5728,6341,2980,3361,1586,791,795,
23805,6346,3079,3267,11102,5412,5690,12688,6123,6565,11102,5374,5728,6343,2982,3361,1586,791,795,
23810,6347,3079,3268,11106,5413,5693,12692,6124,6568,11104,5374,5730,6345,2982,3363,1586,791,795,
23815,6348,3080,3268,11109,5415,5694,12695,6127,6568,11107,5374,5733,6345,2982,3363,1587,792,795,
23820,6350,3080,3270,11109,5415,5694,12696,6127,6569,11109,5374,5735,6347,2982,3365,1587,792,795,
23825,6351,3080,3271,11113,5416,5697,12700,6130,6570,11111,5375,5736,6349,2982,3367,1587,792,795,
23830,6352,3080,3272,11116,5417,5699,12703,6133,6570,11114,5378,5736,6349,2982,3367,1588,792,796,
23835,6354,3081,3273,11116,5417,5699,12704,6134,6570,11116,5379,5737,6351,2983,3368,1588,792,796,
23840,6355,3082,3273,11120,5419,5701,12708,6137,6571,11118,5381,5737,6353,2983,3370,1588,792,796,
23845,6356,3083,3273,11123,5419,5704,12711,6138,6573,11121,5382,5739,6353,2983,3370,1589,792,797,
23850,6358,3084,3274,11123,5419,5704,12712,6139,6573,11123,5384,5739,6355,2985,3370,1589,792,797,
23855,6359,3085,3274,11127,5422,5705,12716,6141,6575,11125,5384,5741,6357,2987,3370,1589,792,797,
23860,6360,3085,3275,11130,5423,5707,12719,6143,6576,11128,5385,5743,6357,2987,3370,1590,792,798,
23865,6362,3085,3277,11130,5423,5707,12720,6143,6577,11130,5387,5743,6359,2987,3372,1590,792,798,
23870,6363,3086,3277,11134,5424,5710,12724,6144,6580,11132,5388,5744,6361,2989,3372,1590,792,798,
23875,6364,3086,3278,11137,5425,5712,12727,6146,6581,11135,5389,5746,6361,2989,3372,1591,792,799,
23880,6366,3087,3279,11137,5425,5712,12728,6147,6581,11137,5391,5746,6363,2989,3374,1591,792,799,
23885,6367,3087,3280,11141,5428,5713,12732,6147,6585,11139,5391,5748,6365,2990,3375,1591,792,799,
23890,6368,3087,3281,11144,5429,5715,12735,6148,6587,11142,5392,5750,6365,2990,3375,1592,793,799,
23895,6370,3087,3283,11144,5429,5715,12736,6148,6588,11144,5394,5750,6367,2991,3376,1592,793,799,
23900,6371,3088,3283,11148,5431,5717,12740,6150,6590,11146,5395,5751,6369,2992,3377,1592,793,799,
23905,6372,3088,3284,11151,5433,5718,12743,6153,6590,11149,5396,5753,6369,2992,3377,1593,794,799,
23910,6374,3089,3285,11151,5433,5718,12744,6154,6590,11151,5396,5755,6371,2994,3377,1593,794,799,
23915,6375,3090,3285,11155,5435,5720,12748,6156,6592,11153,5397,5756,6373,2996,3377,1593,794,799,
23920,6376,3090,3286,11158,5435,5723,12751,6157,6594,11156,5400,5756,6373,2996,3377,1594,795,799,
23925,6378,3092,3286,11158,5435,5723,12752,6157,6595,11158,5401,5757,6375,2997,3378,1594,795,799,
23930,6379,3093,3286,11162,5437,5725,12756,6158,6598,11160,5403,5757,6377,2997,3380,1594,795,799,
23935,6380,3093,3287,11165,5438,5727,12759,6160,6599,11163,5405,5758,6377,2997,3380,1595,795,800,
23940,6382,3094,3288,11165,5438,5727,12760,6161,6599,11165,5406,5759,6379,2999,3380,1595,795,800,
23945,6383,3094,3289,11169,5440,5729,12764,6161,6603,11167,5407,5760,6381,3001,3380,1595,795,800,
23950,6384,3095,3289,11172,5442,5730,12767,6162,6605,11170,5407,5763,6381,3001,3380,1596,795,801,
23955,6386,3095,3291,11172,5442,5730,12768,6163,6605,11172,5407,5765,6383,3002,3381,1596,795,801,
23960,6387,3096,3291,11176,5445,5731,12772,6163,6609,11174,5409,5765,6385,3003,3382,1596,795,801,
23965,6388,3096,3292,11179,5447,5732,12775,6163,6612,11177,5412,5765,6385,3003,3382,1597,796,801,
23970,6390,3097,3293,11179,5447,5732,12776,6163,6613,11179,5413,5766,6387,3005,3382,1597,796,801,
23975,6391,3097,3294,11183,5448,5735,12780,6166,6614,11181,5414,5767,6389,3007,3382,1597,796,801,
23980,6392,3097,3295,11186,5449,5737,12783,6167,6616,11184,5414,5770,6389,3007,3382,1598,796,802,
23985,6394,3098,3296,11186,5449,5737,12784,6167,6617,11186,5416,5770,6391,3007,3384,1598,796,802,
23990,6395,3099,3296,11190,5452,5738,12788,6169,6619,11188,5418,5770,6393,3007,3386,1598,796,802,
23995,6396,3100,3296,11193,5454,5739,12791,6170,6621,11191,5419,5772,6393,3007,3386,1599,796,803,
24000,6398,3100,3298,11193,5454,5739,12792,6170,6622,11193,5421,5772,6395,3007,3388,1599,796,803,
24005,6399,3100,3299,11197,5455,5742,12796,6173,6623,11195,5421,5774,6397,3008,3389,1599,796,803,
24010,6400,3100,3300,11200,5456,5744,12799,6176,6623,11198,5424,5774,6397,3008,3389,1600,796,804,
24015,6402,3101,3301,11200,5456,5744,12800,6177,6623,11200,5426,5774,6399,3009,3390,1600,796,804,
24020,6403,3101,3302,11204,5458,5746,12804,6178,6626,11202,5428,5774,6401,3010,3391,1600,796,804,
24025,6404,3101,3303,11207,5458,5749,12807,6181,6626,11205,5429,5776,6401,3010,3391,1601,797,804,
24030,6406,3102,3304,11207,5458,5749,12808,6182,6626,11207,5430,5777,6403,3011,3392,1601,797,804,
24035,6407,3103,3304,11211,5460,5751,12812,6182,6630,11209,5431,5778,6405,3011,3394,1601,797,804,
24040,6408,3103,3305,11214,5461,5753,12815,6184,6631,11212,5434,5778,6405,3011,3394,1602,798,804,
24045,6410,3104,3306,11214,5461,5753,12816,6184,6632,11214,5434,5780,6407,3013,3394,1602,798,804,
24050,6411,3105,3306,11218,5463,5755,12820,6188,6632,11216,5435,5781,6409,3014,3395,1602,798,804,
24055,6412,3106,3306,11221,5465,5756,12823,6189,6634,11219,5435,5784,6409,3014,3395,1603,799,804,
24060,6414,3108,3306,11221,5465,5756,12824,6189,6635,11221,5436,5785,6411,3016,3395,1603,799,804,
24065,6415,3108,3307,11225,5466,5759,12828,6192,6636,11223,5438,5785,6413,3018,3395,1603,799,804,
24070,6416,3108,3308,11228,5467,5761,12831,6192,6639,11226,5439,5787,6413,3018,3395,1604,800,804,
24075,6418,3108,3310,11228,5467,5761,12832,6193,6639,11228,5441,5787,6415,3019,3396,1604,800,804,
24080,6419,3108,3311,11232,5470,5762,12836,6194,6642,11230,5443,5787,6417,3019,3398,1604,800,804,
24085,6420,3109,3311,11235,5471,5764,12839,6195,6644,11233,5444,5789,6417,3019,3398,1605,800,805,
24090,6422,3110,3312,11235,5471,5764,12840,6195,6645,11235,5445,5790,6419,3019,3400,1605,800,805,
24095,6423,3110,3313,11239,5472,5767,12844,6197,6647,11237,5447,5790,6421,3019,3402,1605,800,805,
24100,6424,3110,3314,11242,5475,5767,12847,6199,6648,11240,5447,5793,6421,3019,3402,1606,801,805,
24105,6426,3112,3314,11242,5475,5767,12848,6199,6649,11242,5449,5793,6423,3019,3404,1606,801,805,
24110,6427,3113,3314,11246,5477,5769,12852,6203,6649,11244,5449,5795,6425,3019,3406,1606,801,805,
24115,6428,3114,3314,11249,5478,5771,12855,6204,6651,11247,5450,5797,6425,3019,3406,1607,802,805,
24120,6430,3114,3316,11249,5478,5771,12856,6205,6651,11249,5451,5798,6427,3019,3408,1607,802,805,
24125,6431,3114,3317,11253,5480,5773,12860,6208,6652,11251,5452,5799,6429,3019,3410,1607,802,805,
24130,6432,3115,3317,11256,5481,5775,12863,6211,6652,11254,5452,5802,6429,3019,3410,1608,803,805,
24135,6434,3115,3319,11256,5481,5775,12864,6212,6652,11256,5453,5803,6431,3019,3412,1608,803,805,
24140,6435,3116,3319,11260,5482,5778,12868,6212,6656,11258,5454,5804,6433,3019,3414,1608,803,805,
24145,6436,3116,3320,11263,5483,5780,12871,6214,6657,11261,5456,5805,6433,3019,3414,1609,804,805,
24150,6438,3116,3322,11263,5483,5780,12872,6214,6658,11263,5456,5807,6435,3019,3416,1609,804,805,
24155,6439,3117,3322,11267,5486,5781,12876,6216,6660,11265,5457,5808,6437,3020,3417,1609,804,805,
24160,6440,3118,3322,11270,5487,5783,12879,6216,6663,11268,5459,5809,6437,3020,3417,1610,804,806,
24165,6442,3119,3323,11270,5487,5783,12880,6216,6664,11270,5461,5809,6439,3021,3418,1610,804,806,
24170,6443,3119,3324,11274,5489,5785,12884,6220,6664,11272,5462,5810,6441,3022,3419,1610,804,806,
24175,6444,3119,3325,11277,5490,5787,12887,6221,6666,11275,5464,5811,6441,3022,3419,1611,805,806,
24180,6446,3120,3326,11277,5490,5787,12888,6221,6667,11277,5465,5812,6443,3024,3419,1611,805,806,
24185,6447,3121,3326,11281,5493,5788,12892,6223,6669,11279,5465,5814,6445,3025,3420,1611,805,806,
24190,6448,3122,3326,11284,5495,5789,12895,6225,6670,11282,5467,5815,6445,3025,3420,1612,806,806,
24195,6450,3122,3328,11284,5495,5789,12896,6226,6670,11284,5468,5816,6447,3025,3422,1612,806,806,
24200,6451,3123,3328,11288,5497,5791,12900,6228,6672,11286,5470,5816,6449,3025,3424,1612,806,806,
24205,6452,3124,3328,11291,5497,5794,12903,6229,6674,11289,5471,5818,6449,3025,3424,1613,806,807,
24210,6454,3125,3329,11291,5497,5794,12904,6230,6674,11291,5472,5819,6451,3025,3426,1613,806,807,
24215,6455,3126,3329,11295,5500,5795,12908,6231,6677,11293,5473,5820,6453,3026,3427,1613,806,807,
24220,6456,3126,3330,11298,5500,5798,12911,6233,6678,11296,5475,5821,6453,3026,3427,1614,806,808,
24225,6458,3128,3330,11298,5500,5798,12912,6233,6679,11298,5475,5823,6455,3027,3428,1614,806,808,
24230,6459,3128,3331,11302,5501,5801,12916,6235,6681,11300,5475,5825,6457,3028,3429,1614,806,808,
24235,6460,3128,3332,11305,5501,5804,12919,6237,6682,11303,5477,5826,6457,3028,3429,1615,806,809,
24240,6462,3130,3332,11305,5501,5804,12920,6237,6683,11305,5478,5827,6459,3028,3431,1615,806,809,
24245,6463,3130,3333,11309,5502,5807,12924,6240,6684,11307,5479,5828,6461,3028,3433,1615,806,809,
24250,6464,3130,3334,11312,5504,5808,12927,6241,6686,11310,5479,5831,6461,3028,3433,1616,806,810,
24255,6466,3131,3335,11312,5504,5808,12928,6241,6687,11312,5480,5832,6463,3029,3434,1616,806,810,
24260,6467,3131,3336,11316,5504,5812,12932,6243,6689,11314,5482,5832,6465,3029,3436,1616,806,810,
24265,6468,3132,3336,11319,5505,5814,12935,6243,6692,11317,5483,5834,6465,3029,3436,1617,807,810,
24270,6470,3134,3336,11319,5505,5814,12936,6243,6693,11319,5485,5834,6467,3030,3437,1617,807,810,
24275,6471,3134,3337,11323,5509,5814,12940,6245,6695,11321,5485,5836,6469,3032,3437,1617,807,810,
24280,6472,3134,3338,11326,5510,5816,12943,6246,6697,11324,5486,5838,6469,3032,3437,1618,808,810,
24285,6474,3136,3338,11326,5510,5816,12944,6246,6698,11326,5487,5839,6471,3034,3437,1618,808,810,
24290,6475,3136,3339,11330,5511,5819,12948,6248,6700,11328,5488,5840,6473,3034,3439,1618,808,810,
24295,6476,3137,3339,11333,5511,5822,12951,6249,6702,11331,5490,5841,6473,3034,3439,1619,808,811,
24300,6478,3138,3340,11333,5511,5822,12952,6249,6703,11333,5491,5842,6475,3035,3440,1619,808,811,
24305,6479,3138,3341,11337,5513,5824,12956,6251,6705,11335,5492,5843,6477,3036,3441,1619,808,811,
24310,6480,3138,3342,11340,5514,5826,12959,6252,6707,11338,5493,5845,6477,3036,3441,1620,808,812,
24315,6482,3139,3343,11340,5514,5826,12960,6252,6708,11340,5495,5845,6479,3037,3442,1620,808,812,
24320,6483,3140,3343,11344,5515,5829,12964,6255,6709,11342,5496,5846,6481,3038,3443,1620,808,812,
24325,6484,3141,3343,11347,5517,5830,12967,6258,6709,11345,5498,5847,6481,3038,3443,1621,808,813,
24330,6486,3141,3345,11347,5517,5830,12968,6259,6709,11347,5500,5847,6483,3040,3443,1621,808,813,
24335,6487,3142,3345,11351,5519,5832,12972,6262,6710,11349,5501,5848,6485,3041,3444,1621,808,813,
24340,6488,3142,3346,11354,5521,5833,12975,6263,6712,11352,5504,5848,6485,3041,3444,1622,809,813,
24345,6490,3143,3347,11354,5521,5833,12976,6264,6712,11354,5505,5849,6487,3041,3446,1622,809,813,
24350,6491,3144,3347,11358,5521,5837,12980,6266,6714,11356,5507,5849,6489,3041,3448,1622,809,813,
24355,6492,3145,3347,11361,5523,5838,12983,6267,6716,11359,5508,5851,6489,3041,3448,1623,809,814,
24360,6494,3147,3347,11361,5523,5838,12984,6267,6717,11361,5509,5852,6491,3043,3448,1623,809,814,
24365,6495,3147,3348,11365,5524,5841,12988,6270,6718,11363,5510,5853,6493,3044,3449,1623,809,814,
24370,6496,3147,3349,11368,5525,5843,12991,6273,6718,11366,5511,5855,6493,3044,3449,1624,810,814,
24375,6498,3147,3351,11368,5525,5843,12992,6273,6719,11368,5511,5857,6495,3046,3449,1624,810,814,
24380,6499,3147,3352,11372,5527,5845,12996,6276,6720,11370,5512,5858,6497,3047,3450,1624,810,814,
24385,6500,3147,3353,11375,5529,5846,12999,6278,6721,11373,5513,5860,6497,3047,3450,1625,811,814,
24390,6502,3148,3354,11375,5529,5846,13000,6279,6721,11375,5514,5861,6499,3048,3451,1625,811,814,
24395,6503,3149,3354,11379,5530,5849,13004,6280,6724,11377,5515,5862,6501,3049,3452,1625,811,814,
24400,6504,3150,3354,11382,5532,5850,13007,6282,6725,11380,5517,5863,6501,3049,3452,1626,811,815,
24405,6506,3150,3356,11382,5532,5850,13008,6282,6726,11382,5518,5864,6503,3050,3453,1626,811,815,
24410,6507,3151,3356,11386,5535,5851,13012,6285,6727,11384,5520,5864,6505,3050,3455,1626,811,815,
24415,6508,3151,3357,11389,5535,5854,13015,6288,6727,11387,5522,5865,6505,3050,3455,1627,811,816,
24420,6510,3152,3358,11389,5535,5854,13016,6289,6727,11389,5523,5866,6507,3051,3456,1627,811,816,
24425,6511,3153,3358,11393,5536,5857,13020,6290,6730,11391,5525,5866,6509,3052,3457,1627,811,816,
24430,6512,3154,3358,11396,5536,5860,13023,6292,6731,11394,5527,5867,6509,3052,3457,1628,812,816,
24435,6514,3155,3359,11396,5536,5860,13024,6293,6731,11396,5529,5867,6511,3053,3458,1628,812,816,
24440,6515,3155,3360,11400,5538,5862,13028,6295,6733,11398,5530,5868,6513,3053,3460,1628,812,816,
24445,6516,3155,3361,11403,5539,5864,13031,6296,6735,11401,5531,5870,6513,3053,3460,1629,812,817,
24450,6518,3156,3362,11403,5539,5864,13032,6296,6736,11403,5533,5870,6515,3055,3460,1629,812,817,
24455,6519,3157,3362,11407,5540,5867,13036,6298,6738,11405,5534,5871,6517,3055,3462,1629,812,817,
24460,6520,3158,3362,11410,5540,5870,13039,6298,6741,11408,5535,5873,6517,3055,3462,1630,813,817,
24465,6522,3158,3364,11410,5540,5870,13040,6299,6741,11410,5535,5875,6519,3057,3462,1630,813,817,
24470,6523,3158,3365,11414,5542,5872,13044,6302,6742,11412,5535,5877,6521,3058,3463,1630,813,817,
24475,6524,3158,3366,11417,5543,5874,13047,6303,6744,11415,5536,5879,6521,3058,3463,1631,813,818,
24480,6526,3159,3367,11417,5543,5874,13048,6304,6744,11417,5537,5880,6523,3058,3465,1631,813,818,
24485,6527,3160,3367,11421,5544,5877,13052,6306,6746,11419,5537,5882,6525,3058,3467,1631,813,818,
24490,6528,3161,3367,11424,5546,5878,13055,6307,6748,11422,5539,5883,6525,3058,3467,1632,813,819,
24495,6530,3163,3367,11424,5546,5878,13056,6307,6749,11424,5540,5884,6527,3058,3469,1632,813,819,
24500,6531,3164,3367,11428,5549,5879,13060,6308,6752,11426,5541,5885,6529,3060,3469,1632,813,819,
24505,6532,3164,3368,11431,5551,5880,13063,6311,6752,11429,5543,5886,6529,3060,3469,1633,814,819,
24510,6534,3165,3369,11431,5551,5880,13064,6311,6753,11431,5544,5887,6531,3061,3470,1633,814,819,
24515,6535,3165,3370,11435,5553,5882,13068,6312,6756,11433,5544,5889,6533,3062,3471,1633,814,819,
24520,6536,3165,3371,11438,5555,5883,13071,6314,6757,11436,5544,5892,6533,3062,3471,1634,815,819,
24525,6538,3166,3372,11438,5555,5883,13072,6314,6758,11438,5544,5894,6535,3063,3472,1634,815,819,
24530,6539,3166,3373,11442,5558,5884,13076,6317,6759,11440,5545,5895,6537,3065,3472,1634,815,819,
24535,6540,3166,3374,11445,5560,5885,13079,6318,6761,11443,5546,5897,6537,3065,3472,1635,815,820,
24540,6542,3168,3374,11445,5560,5885,13080,6318,6762,11445,5548,5897,6539,3067,3472,1635,815,820,
24545,6543,3168,3375,11449,5561,5888,13084,6320,6764,11447,5548,5899,6541,3068,3473,1635,815,820,
24550,6544,3169,3375,11452,5564,5888,13087,6320,6767,11450,5550,5900,6541,3068,3473,1636,815,821,
24555,6546,3170,3376,11452,5564,5888,13088,6320,6768,11452,5552,5900,6543,3069,3474,1636,815,821,
24560,6547,3171,3376,11456,5568,5888,13092,6321,6771,11454,5554,5900,6545,3071,3474,1636,815,821,
24565,6548,3171,3377,11459,5570,5889,13095,6322,6773,11457,5556,5901,6545,3071,3474,1637,815,822,
24570,6550,3172,3378,11459,5570,5889,13096,6323,6773,11459,5558,5901,6547,3072,3475,1637,815,822,
24575,6551,3172,3379,11463,5570,5893,13100,6324,6776,11461,5559,5902,6549,3073,3476,1637,815,822,
24580,6552,3172,3380,11466,5570,5896,13103,6325,6778,11464,5561,5903,6549,3073,3476,1638,815,823,
24585,6554,3173,3381,11466,5570,5896,13104,6326,6778,11466,5561,5905,6551,3074,3477,1638,815,823,
24590,6555,3173,3382,11470,5573,5897,13108,6327,6781,11468,5562,5906,6553,3074,3479,1638,815,823,
24595,6556,3174,3382,11473,5574,5899,13111,6329,6782,11471,5565,5906,6553,3074,3479,1639,815,824,
24600,6558,3175,3383,11473,5574,5899,13112,6330,6782,11473,5567,5906,6555,3076,3479,1639,815,824,
24605,6559,3176,3383,11477,5576,5901,13116,6333,6783,11475,5569,5906,6557,3077,3480,1639,815,824,
24610,6560,3176,3384,11480,5578,5902,13119,6335,6784,11478,5571,5907,6557,3077,3480,1640,815,825,
24615,6562,3177,3385,11480,5578,5902,13120,6335,6785,11480,5572,5908,6559,3077,3482,1640,815,825,
24620,6563,3178,3385,11484,5581,5903,13124,6337,6787,11482,5573,5909,6561,3078,3483,1640,815,825,
24625,6564,3178,3386,11487,5583,5904,13127,6339,6788,11485,5574,5911,6561,3078,3483,1641,815,826,
24630,6566,3179,3387,11487,5583,5904,13128,6339,6789,11487,5576,5911,6563,3079,3484,1641,815,826,
24635,6567,3179,3388,11491,5586,5905,13132,6341,6791,11489,5578,5911,6565,3079,3486,1641,815,826,
24640,6568,3180,3388,11494,5589,5905,13135,6341,6794,11492,5579,5913,6565,3079,3486,1642,815,827,
24645,6570,3181,3389,11494,5589,5905,13136,6341,6795,11494,5579,5915,6567,3080,3487,1642,815,827,
24650,6571,3181,3390,11498,5590,5908,13140,6341,6799,11496,5581,5915,6569,3082,3487,1642,815,827,
24655,6572,3181,3391,11501,5591,5910,13143,6342,6801,11499,5583,5916,6569,3082,3487,1643,815,828,
24660,6574,3182,3392,11501,5591,5910,13144,6342,6802,11501,5583,5918,6571,3084,3487,1643,815,828,
24665,6575,3182,3393,11505,5594,5911,13148,6343,6805,11503,5584,5919,6573,3084,3489,1643,815,828,
24670,6576,3182,3394,11508,5595,5913,13151,6345,6806,11506,5585,5921,6573,3084,3489,1644,815,829,
24675,6578,3182,3396,11508,5595,5913,13152,6346,6806,11508,5586,5922,6575,3085,3490,1644,815,829,
24680,6579,3183,3396,11512,5599,5913,13156,6347,6809,11510,5588,5922,6577,3085,3492,1644,815,829,
24685,6580,3184,3396,11515,5602,5913,13159,6348,6811,11513,5589,5924,6577,3085,3492,1645,815,830,
24690,6582,3186,3396,11515,5602,5913,13160,6348,6812,11515,5589,5926,6579,3086,3493,1645,815,830,
24695,6583,3187,3396,11519,5605,5914,13164,6349,6815,11517,5590,5927,6581,3087,3494,1645,815,830,
24700,6584,3187,3397,11522,5606,5916,13167,6351,6816,11520,5592,5928,6581,3087,3494,1646,815,831,
24705,6586,3188,3398,11522,5606,5916,13168,6352,6816,11522,5593,5929,6583,3087,3496,1646,815,831,
24710,6587,3188,3399,11526,5607,5919,13172,6353,6819,11524,5593,5931,6585,3089,3496,1646,815,831,
24715,6588,3189,3399,11529,5610,5919,13175,6355,6820,11527,5593,5934,6585,3089,3496,1647,816,831,
24720,6590,3190,3400,11529,5610,5919,13176,6356,6820,11529,5594,5935,6587,3090,3497,1647,816,831,
24725,6591,3191,3400,11533,5612,5921,13180,6358,6822,11531,5595,5936,6589,3091,3498,1647,816,831,
24730,6592,3191,3401,11536,5614,5922,13183,6359,6824,11534,5596,5938,6589,3091,3498,1648,817,831,
24735,6594,3192,3402,11536,5614,5922,13184,6360,6824,11536,5597,5939,6591,3093,3498,1648,817,831,
24740,6595,3192,3403,11540,5615,5925,13188,6361,6827,11538,5599,5939,6593,3094,3499,1648,817,831,
24745,6596,3193,3403,11543,5616,5927,13191,6362,6829,11541,5601,5940,6593,3094,3499,1649,818,831,
24750,6598,3194,3404,11543,5616,5927,13192,6362,6830,11543,5601,5942,6595,3096,3499,1649,818,831,
24755,6599,3194,3405,11547,5618,5929,13196,6363,6833,11545,5601,5944,6597,3097,3500,1649,818,831,
24760,6600,3195,3405,11550,5619,5931,13199,6364,6835,11548,5602,5946,6597,3097,3500,1650,819,831,
24765,6602,3195,3407,11550,5619,5931,13200,6365,6835,11550,5603,5947,6599,3099,3500,1650,819,831,
24770,6603,3196,3407,11554,5621,5933,13204,6367,6837,11552,5603,5949,6601,3101,3500,1650,819,831,
24775,6604,3197,3407,11557,5624,5933,13207,6370,6837,11555,5606,5949,6601,3101,3500,1651,819,832,
24780,6606,3197,3409,11557,5624,5933,13208,6370,6838,11557,5607,5950,6603,3101,3502,1651,819,832,
24785,6607,3197,3410,11561,5626,5935,13212,6372,6840,11559,5608,5951,6605,3102,3503,1651,819,832,
24790,6608,3198,3410,11564,5627,5937,13215,6374,6841,11562,5610,5952,6605,3102,3503,1652,819,833,
24795,6610,3200,3410,11564,5627,5937,13216,6374,6842,11564,5610,5954,6607,3104,3503,1652,819,833,
24800,6611,3200,3411,11568,5628,5940,13220,6376,6844,11566,5611,5955,6609,3105,3504,1652,819,833,
24805,6612,3201,3411,11571,5628,5943,13223,6377,6846,11569,5613,5956,6609,3105,3504,1653,819,834,
24810,6614,3202,3412,11571,5628,5943,13224,6377,6847,11571,5614,5957,6611,3107,3504,1653,819,834,
24815,6615,3203,3412,11575,5629,5946,13228,6378,6850,11573,5615,5958,6613,3107,3506,1653,819,834,
24820,6616,3204,3412,11578,5631,5947,13231,6381,6850,11576,5617,5959,6613,3107,3506,1654,820,834,
24825,6618,3205,3413,11578,5631,5947,13232,6381,6851,11578,5618,5960,6615,3107,3508,1654,820,834,
24830,6619,3205,3414,11582,5635,5947,13236,6383,6853,11580,5619,5961,6617,3107,3510,1654,820,834,
24835,6620,3205,3415,11585,5636,5949,13239,6385,6854,11583,5621,5962,6617,3107,3510,1655,820,835,
24840,6622,3206,3416,11585,5636,5949,13240,6386,6854,11585,5623,5962,6619,3109,3510,1655,820,835,
24845,6623,3206,3417,11589,5638,5951,13244,6388,6856,11587,5623,5964,6621,3110,3511,1655,820,835,
24850,6624,3207,3417,11592,5640,5952,13247,6389,6858,11590,5625,5965,6621,3110,3511,1656,820,836,
24855,6626,3208,3418,11592,5640,5952,13248,6390,6858,11592,5626,5966,6623,3111,3512,1656,820,836,
24860,6627,3209,3418,11596,5641,5955,13252,6391,6861,11594,5627,5967,6625,3112,3513,1656,820,836,
24865,6628,3209,3419,11599,5644,5955,13255,6392,6863,11597,5627,5970,6625,3112,3513,1657,821,836,
24870,6630,3210,3420,11599,5644,5955,13256,6393,6863,11599,5628,5971,6627,3113,3514,1657,821,836,
24875,6631,3211,3420,11603,5645,5958,13260,6394,6866,11601,5629,5972,6629,3115,3514,1657,821,836,
24880,6632,3211,3421,11606,5645,5961,13263,6396,6867,11604,5630,5974,6629,3115,3514,1658,821,837,
24885,6634,3212,3422,11606,5645,5961,13264,6396,6868,11606,5632,5974,6631,3116,3515,1658,821,837,
24890,6635,3212,3423,11610,5646,5964,13268,6399,6869,11608,5632,5976,6633,3117,3516,1658,821,837,
24895,6636,3212,3424,11613,5648,5965,13271,6401,6870,11611,5634,5977,6633,3117,3516,1659,822,837,
24900,6638,3214,3424,11613,5648,5965,13272,6402,6870,11613,5635,5978,6635,3118,3517,1659,822,837,
24905,6639,3215,3424,11617,5650,5967,13276,6405,6871,11615,5635,5980,6637,3120,3517,1659,822,837,
24910,6640,3215,3425,11620,5652,5968,13279,6405,6874,11618,5635,5983,6637,3120,3517,1660,823,837,
24915,6642,3216,3426,11620,5652,5968,13280,6405,6875,11620,5635,5985,6639,3122,3517,1660,823,837,
24920,6643,3216,3427,11624,5653,5971,13284,6407,6877,11622,5636,5986,6641,3123,3518,1660,823,837,
24925,6644,3216,3428,11627,5655,5972,13287,6409,6878,11625,5637,5988,6641,3123,3518,1661,823,838,
24930,6646,3218,3428,11627,5655,5972,13288,6410,6878,11627,5637,5990,6643,3124,3519,1661,823,838,
24935,6647,3218,3429,11631,5656,5975,13292,6412,6880,11629,5638,5991,6645,3124,3521,1661,823,838,
24940,6648,3218,3430,11634,5656,5978,13295,6413,6882,11632,5640,5992,6645,3124,3521,1662,823,839,
24945,6650,3218,3432,11634,5656,5978,13296,6413,6883,11634,5641,5993,6647,3126,3521,1662,823,839,
24950,6651,3218,3433,11638,5656,5982,13300,6416,6884,11636,5642,5994,6649,3127,3522,1662,823,839,
24955,6652,3218,3434,11641,5658,5983,13303,6418,6885,11639,5643,5996,6649,3127,3522,1663,823,840,
24960,6654,3219,3435,11641,5658,5983,13304,6418,6886,11641,5645,5996,6651,3127,3524,1663,823,840,
24965,6655,3220,3435,11645,5660,5985,13308,6421,6887,11643,5645,5998,6653,3128,3525,1663,823,840,
24970,6656,3220,3436,11648,5661,5987,13311,6422,6889,11646,5647,5999,6653,3128,3525,1664,824,840,
24975,6658,3222,3436,11648,5661,5987,13312,6422,6890,11648,5647,6001,6655,3128,3527,1664,824,840,
24980,6659,3222,3437,11652,5664,5988,13316,6424,6892,11650,5649,6001,6657,3130,3527,1664,824,840,
24985,6660,3222,3438,11655,5665,5990,13319,6425,6894,11653,5650,6003,6657,3130,3527,1665,825,840,
24990,6662,3223,3439,11655,5665,5990,13320,6425,6895,11655,5651,6004,6659,3131,3528,1665,825,840,
24995,6663,3223,3440,11659,5667,5992,13324,6426,6898,11657,5652,6005,6661,3131,3530,1665,825,840,
25000,6664,3224,3440,11662,5669,5993,13327,6426,6901,11660,5653,6007,6661,3131,3530,1666,826,840,
25005,6666,3225,3441,11662,5669,5993,13328,6427,6901,11662,5653,6009,6663,3132,3531,1666,826,840,
25010,6667,3226,3441,11666,5671,5995,13332,6429,6903,11664,5653,6011,6665,3133,3532,1666,826,840,
25015,6668,3227,3441,11669,5673,5996,13335,6429,6906,11667,5655,6012,6665,3133,3532,1667,826,841,
25020,6670,3228,3442,11669,5673,5996,13336,6429,6907,11669,5657,6012,6667,3133,3534,1667,826,841,
25025,6671,3228,3443,11673,5676,5997,13340,6431,6909,11671,5659,6012,6669,3133,3536,1667,826,841,
25030,6672,3228,3444,11676,5677,5999,13343,6433,6910,11674,5660,6014,6669,3133,3536,1668,826,842,
25035,6674,3230,3444,11676,5677,5999,13344,6433,6911,11676,5660,6016,6671,3134,3537,1668,826,842,
25040,6675,3230,3445,11680,5679,6001,13348,6436,6912,11678,5660,6018,6673,3135,3538,1668,826,842,
25045,6676,3230,3446,11683,5680,6003,13351,6438,6913,11681,5661,6020,6673,3135,3538,1669,827,842,
25050,6678,3231,3447,11683,5680,6003,13352,6438,6914,11683,5663,6020,6675,3136,3539,1669,827,842,
25055,6679,3231,3448,11687,5683,6004,13356,6441,6915,11685,5664,6021,6677,3136,3541,1669,827,842,
25060,6680,3231,3449,11690,5685,6005,13359,6443,6916,11688,5666,6022,6677,3136,3541,1670,828,842,
25065,6682,3233,3449,11690,5685,6005,13360,6444,6916,11690,5667,6023,6679,3137,3542,1670,828,842,
25070,6683,3233,3450,11694,5687,6007,13364,6446,6918,11692,5667,6025,6681,3138,3543,1670,828,842,
25075,6684,3233,3451,11697,5689,6008,13367,6448,6919,11695,5669,6026,6681,3138,3543,1671,829,842,
25080,6686,3233,3453,11697,5689,6008,13368,6449,6919,11697,5669,6028,6683,3139,3544,1671,829,842,
25085,6687,3233,3454,11701,5690,6011,13372,6451,6921,11699,5669,6030,6685,3140,3545,1671,829,842,
25090,6688,3234,3454,11704,5692,6012,13375,6453,6922,11702,5671,6031,6685,3140,3545,1672,830,842,
25095,6690,3236,3454,11704,5692,6012,13376,6453,6923,11704,5673,6031,6687,3141,3546,1672,830,842,
25100,6691,3237,3454,11708,5695,6013,13380,6456,6924,11706,5675,6031,6689,3143,3546,1672,830,842,
25105,6692,3237,3455,11711,5697,6014,13383,6457,6926,11709,5676,6033,6689,3143,3546,1673,831,842,
25110,6694,3237,3457,11711,5697,6014,13384,6457,6927,11711,5676,6035,6691,3145,3546,1673,831,842,
25115,6695,3237,3458,11715,5698,6017,13388,6458,6930,11713,5677,6036,6693,3147,3546,1673,831,842,
25120,6696,3237,3459,11718,5701,6017,13391,6458,6933,11716,5678,6038,6693,3147,3546,1674,831,843,
25125,6698,3239,3459,11718,5701,6017,13392,6458,6934,11718,5679,6039,6695,3147,3548,1674,831,843,
25130,6699,3240,3459,11722,5703,6019,13396,6459,6937,11720,5679,6041,6697,3148,3549,1674,831,843,
25135,6700,3240,3460,11725,5705,6020,13399,6461,6938,11723,5680,6043,6697,3148,3549,1675,832,843,
25140,6702,3241,3461,11725,5705,6020,13400,6461,6939,11725,5680,6045,6699,3150,3549,1675,832,843,
25145,6703,3242,3461,11729,5707,6022,13404,6461,6943,11727,5681,6046,6701,3151,3550,1675,832,843,
25150,6704,3242,3462,11732,5710,6022,13407,6461,6946,11730,5683,6047,6701,3151,3550,1676,832,844,
25155,6706,3242,3464,11732,5710,6022,13408,6462,6946,11732,5685,6047,6703,3153,3550,1676,832,844,
25160,6707,3242,3465,11736,5712,6024,13412,6465,6947,11734,5686,6048,6705,3153,3552,1676,832,844,
25165,6708,3243,3465,11739,5714,6025,13415,6466,6949,11737,5688,6049,6705,3153,3552,1677,833,844,
25170,6710,3243,3467,11739,5714,6025,13416,6466,6950,11739,5689,6050,6707,3154,3553,1677,833,844,
25175,6711,3243,3468,11743,5716,6027,13420,6468,6952,11741,5690,6051,6709,3155,3554,1677,833,844,
25180,6712,3243,3469,11746,5716,6030,13423,6470,6953,11744,5691,6053,6709,3155,3554,1678,834,844,
25185,6714,3244,3470,11746,5716,6030,13424,6470,6954,11746,5692,6054,6711,3156,3555,1678,834,844,
25190,6715,3245,3470,11750,5719,6031,13428,6471,6957,11748,5694,6054,6713,3156,3557,1678,834,844,
25195,6716,3246,3470,11753,5721,6032,13431,6473,6958,11751,5696,6055,6713,3156,3557,1679,835,844,
25200,6718,3247,3471,11753,5721,6032,13432,6474,6958,11753,5697,6056,6715,3157,3558,1679,835,844,
25205,6719,3248,3471,11757,5722,6035,13436,6476,6960,11755,5698,6057,6717,3158,3559,1679,835,844,
25210,6720,3248,3472,11760,5724,6036,13439,6478,6961,11758,5700,6058,6717,3158,3559,1680,836,844,
25215,6722,3250,3472,11760,5724,6036,13440,6479,6961,11760,5702,6058,6719,3159,3560,1680,836,844,
25220,6723,3250,3473,11764,5726,6038,13444,6480,6964,11762,5702,6060,6721,3160,3561,1680,836,844,
25225,6724,3250,3474,11767,5727,6040,13447,6481,6966,11765,5702,6063,6721,3160,3561,1681,836,845,
25230,6726,3251,3475,11767,5727,6040,13448,6481,6967,11767,5703,6064,6723,3160,3563,1681,836,845,
25235,6727,3251,3476,11771,5728,6043,13452,6482,6970,11769,5703,6066,6725,3161,3564,1681,836,845,
25240,6728,3251,3477,11774,5728,6046,13455,6483,6972,11772,5706,6066,6725,3161,3564,1682,836,846,
25245,6730,3252,3478,11774,5728,6046,13456,6484,6972,11774,5707,6067,6727,3162,3565,1682,836,846,
25250,6731,3252,3479,11778,5729,6049,13460,6486,6974,11776,5708,6068,6729,3163,3566,1682,836,846,
25255,6732,3253,3479,11781,5729,6052,13463,6488,6975,11779,5710,6069,6729,3163,3566,1683,836,847,
25260,6734,3255,3479,11781,5729,6052,13464,6489,6975,11781,5710,6071,6731,3164,3567,1683,836,847,
25265,6735,3255,3480,11785,5732,6053,13468,6491,6977,11783,5711,6072,6733,3164,3569,1683,836,847,
25270,6736,3255,3481,11788,5734,6054,13471,6493,6978,11786,5712,6074,6733,3164,3569,1684,836,848,
25275,6738,3255,3483,11788,5734,6054,13472,6493,6979,11788,5714,6074,6735,3165,3570,1684,836,848,
25280,6739,3256,3483,11792,5735,6057,13476,6496,6980,11790,5714,6076,6737,3166,3571,1684,836,848,
25285,6740,3256,3484,11795,5738,6057,13479,6498,6981,11793,5716,6077,6737,3166,3571,1685,837,848,
25290,6742,3258,3484,11795,5738,6057,13480,6499,6981,11795,5717,6078,6739,3168,3571,1685,837,848,
25295,6743,3259,3484,11799,5739,6060,13484,6501,6983,11797,5717,6080,6741,3168,3573,1685,837,848,
25300,6744,3259,3485,11802,5741,6061,13487,6503,6984,11800,5719,6081,6741,3168,3573,1686,837,849,
25305,6746,3261,3485,11802,5741,6061,13488,6504,6984,11802,5720,6082,6743,3169,3574,1686,837,849,
25310,6747,3261,3486,11806,5743,6063,13492,6507,6985,11804,5721,6083,6745,3171,3574,1686,837,849,
25315,6748,3261,3487,11809,5745,6064,13495,6508,6987,11807,5724,6083,6745,3171,3574,1687,837,850,
25320,6750,3263,3487,11809,5745,6064,13496,6509,6987,11809,5725,6084,6747,3172,3575,1687,837,850,
25325,6751,3264,3487,11813,5748,6065,13500,6513,6987,11811,5726,6085,6749,3173,3576,1687,837,850,
25330,6752,3264,3488,11816,5748,6068,13503,6514,6989,11814,5727,6087,6749,3173,3576,1688,838,850,
25335,6754,3265,3489,11816,5748,6068,13504,6514,6990,11816,5728,6088,6751,3174,3577,1688,838,850,
25340,6755,3265,3490,11820,5750,6070,13508,6514,6994,11818,5729,6089,6753,3175,3578,1688,838,850,
25345,6756,3265,3491,11823,5753,6070,13511,6514,6997,11821,5732,6089,6753,3175,3578,1689,838,851,
25350,6758,3266,3492,11823,5753,6070,13512,6515,6997,11823,5732,6091,6755,3176,3579,1689,838,851,
25355,6759,3267,3492,11827,5755,6072,13516,6517,6999,11825,5733,6092,6757,3176,3581,1689,838,851,
25360,6760,3267,3493,11830,5758,6072,13519,6517,7002,11828,5733,6095,6757,3176,3581,1690,838,852,
25365,6762,3269,3493,11830,5758,6072,13520,6518,7002,11830,5734,6096,6759,3177,3582,1690,838,852,
25370,6763,3270,3493,11834,5759,6075,13524,6519,7005,11832,5736,6096,6761,3178,3583,1690,838,852,
25375,6764,3270,3494,11837,5761,6076,13527,6520,7007,11835,5738,6097,6761,3178,3583,1691,839,852,
25380,6766,3270,3496,11837,5761,6076,13528,6520,7008,11837,5739,6098,6763,3179,3584,1691,839,852,
25385,6767,3271,3496,11841,5762,6079,13532,6522,7010,11839,5739,6100,6765,3180,3585,1691,839,852,
25390,6768,3272,3496,11844,5763,6081,13535,6522,7013,11842,5739,6103,6765,3180,3585,1692,839,853,
25395,6770,3273,3497,11844,5763,6081,13536,6523,7013,11844,5740,6104,6767,3180,3587,1692,839,853,
25400,6771,3274,3497,11848,5764,6084,13540,6526,7014,11846,5741,6105,6769,3181,3588,1692,839,853,
25405,6772,3275,3497,11851,5765,6086,13543,6527,7016,11849,5743,6106,6769,3181,3588,1693,840,853,
25410,6774,3276,3498,11851,5765,6086,13544,6527,7017,11851,5744,6107,6771,3182,3589,1693,840,853,
25415,6775,3276,3499,11855,5767,6088,13548,6530,7018,11853,5746,6107,6773,3182,3591,1693,840,853,
25420,6776,3277,3499,11858,5768,6090,13551,6531,7020,11856,5748,6108,6773,3182,3591,1694,840,854,
25425,6778,3278,3500,11858,5768,6090,13552,6531,7021,11858,5748,6110,6775,3183,3592,1694,840,854,
25430,6779,3278,3501,11862,5770,6092,13556,6533,7023,11860,5749,6111,6777,3185,3592,1694,840,854,
25435,6780,3279,3501,11865,5771,6094,13559,6533,7026,11863,5750,6113,6777,3185,3592,1695,840,855,
25440,6782,3279,3503,11865,5771,6094,13560,6533,7027,11865,5752,6113,6779,3185,3594,1695,840,855,
25445,6783,3279,3504,11869,5773,6096,13564,6534,7030,11867,5752,6115,6781,3187,3594,1695,840,855,
25450,6784,3279,3505,11872,5773,6099,13567,6535,7032,11870,5755,6115,6781,3187,3594,1696,841,855,
25455,6786,3280,3506,11872,5773,6099,13568,6536,7032,11872,5755,6117,6783,3188,3595,1696,841,855,
25460,6787,3280,3507,11876,5774,6102,13572,6539,7033,11874,5755,6119,6785,3190,3595,1696,841,855,
25465,6788,3280,3508,11879,5776,6103,13575,6540,7035,11877,5757,6120,6785,3190,3595,1697,841,856,
25470,6790,3281,3509,11879,5776,6103,13576,6540,7036,11879,5758,6121,6787,3192,3595,1697,841,856,
25475,6791,3281,3510,11883,5779,6104,13580,6542,7038,11881,5759,6122,6789,3192,3597,1697,841,856,
25480,6792,3281,3511,11886,5781,6105,13583,6544,7039,11884,5761,6123,6789,3192,3597,1698,842,856,
25485,6794,3281,3513,11886,5781,6105,13584,6544,7040,11886,5762,6124,6791,3193,3598,1698,842,856,
25490,6795,3281,3514,11890,5782,6108,13588,6545,7043,11888,5762,6126,6793,3194,3599,1698,842,856,
25495,6796,3281,3515,11893,5783,6110,13591,6545,7046,11891,5764,6127,6793,3194,3599,1699,843,856,
25500,6798,3283,3515,11893,5783,6110,13592,6546,7046,11893,5764,6129,6795,3194,3601,1699,843,856,
25505,6799,3283,3516,11897,5785,6112,13596,6548,7048,11895,5766,6129,6797,3194,3603,1699,843,856,
25510,6800,3284,3516,11900,5787,6113,13599,6549,7050,11898,5767,6131,6797,3194,3603,1700,843,857,
25515,6802,3285,3517,11900,5787,6113,13600,6549,7051,11900,5767,6133,6799,3196,3603,1700,843,857,
25520,6803,3285,3518,11904,5789,6115,13604,6550,7054,11902,5767,6135,6801,3196,3605,1700,843,857,
25525,6804,3285,3519,11907,5790,6117,13607,6551,7056,11905,5769,6136,6801,3196,3605,1701,843,858,
25530,6806,3285,3521,11907,5790,6117,13608,6551,7057,11907,5770,6137,6803,3197,3606,1701,843,858,
25535,6807,3285,3522,11911,5791,6120,13612,6553,7059,11909,5771,6138,6805,3199,3606,1701,843,858,
25540,6808,3286,3522,11914,5793,6121,13615,6555,7060,11912,5774,6138,6805,3199,3606,1702,843,859,
25545,6810,3287,3523,11914,5793,6121,13616,6556,7060,11914,5775,6139,6807,3200,3607,1702,843,859,
25550,6811,3287,3524,11918,5796,6122,13620,6557,7063,11916,5777,6139,6809,3201,3608,1702,843,859,
25555,6812,3287,3525,11921,5796,6125,13623,6559,7064,11919,5778,6141,6809,3201,3608,1703,843,860,
25560,6814,3289,3525,11921,5796,6125,13624,6560,7064,11921,5779,6142,6811,3202,3609,1703,843,860,
25565,6815,3290,3525,11925,5798,6127,13628,6562,7066,11923,5780,6143,6813,3203,3610,1703,843,860,
25570,6816,3291,3525,11928,5799,6129,13631,6564,7067,11926,5781,6145,6813,3203,3610,1704,844,860,
25575,6818,3291,3527,11928,5799,6129,13632,6564,7068,11928,5781,6147,6815,3204,3611,1704,844,860,
25580,6819,3291,3528,11932,5802,6130,13636,6567,7069,11930,5782,6148,6817,3205,3612,1704,844,860,
25585,6820,3292,3528,11935,5804,6131,13639,6569,7070,11933,5784,6149,6817,3205,3612,1705,844,861,
25590,6822,3293,3529,11935,5804,6131,13640,6569,7071,11935,5786,6149,6819,3205,3614,1705,844,861,
25595,6823,3293,3530,11939,5806,6133,13644,6570,7074,11937,5787,6150,6821,3206,3615,1705,844,861,
25600,6824,3294,3530,11942,5807,6135,13647,6571,7076,11940,5789,6151,6821,3206,3615,1706,845,861,
25605,6826,3295,3531,11942,5807,6135,13648,6572,7076,11942,5790,6152,6823,3207,3616,1706,845,861,
25610,6827,3295,3532,11946,5810,6136,13652,6575,7077,11944,5792,6152,6825,3207,3618,1706,845,861,
25615,6828,3295,3533,11949,5812,6137,13655,6577,7078,11947,5794,6153,6825,3207,3618,1707,845,862,
25620,6830,3296,3534,11949,5812,6137,13656,6578,7078,11949,5794,6155,6827,3207,3620,1707,845,862,
25625,6831,3297,3534,11953,5813,6140,13660,6579,7081,11951,5796,6155,6829,3208,3621,1707,845,862,
25630,6832,3297,3535,11956,5815,6141,13663,6579,7084,11954,5798,6156,6829,3208,3621,1708,846,862,
25635,6834,3297,3537,11956,5815,6141,13664,6580,7084,11956,5798,6158,6831,3209,3622,1708,846,862,
25640,6835,3298,3537,11960,5817,6143,13668,6582,7086,11958,5799,6159,6833,3209,3624,1708,846,862,
25645,6836,3299,3537,11963,5817,6146,13671,6582,7089,11961,5801,6160,6833,3209,3624,1709,846,863,
25650,6838,3299,3539,11963,5817,6146,13672,6583,7089,11963,5803,6160,6835,3210,3625,1709,846,863,
25655,6839,3300,3539,11967,5818,6149,13676,6585,7091,11965,5804,6161,6837,3212,3625,1709,846,863,
25660,6840,3301,3539,11970,5820,6150,13679,6587,7092,11968,5806,6162,6837,3212,3625,1710,847,863,
25665,6842,3302,3540,11970,5820,6150,13680,6588,7092,11970,5806,6164,6839,3212,3627,1710,847,863,
25670,6843,3302,3541,11974,5822,6152,13684,6591,7093,11972,5806,6166,6841,3213,3628,1710,847,863,
25675,6844,3303,3541,11977,5824,6153,13687,6592,7095,11975,5809,6166,6841,3213,3628,1711,848,863,
25680,6846,3305,3541,11977,5824,6153,13688,6593,7095,11977,5811,6166,6843,3214,3629,1711,848,863,
25685,6847,3306,3541,11981,5826,6155,13692,6596,7096,11979,5811,6168,6845,3215,3630,1711,848,863,
25690,6848,3306,3542,11984,5827,6157,13695,6598,7097,11982,5813,6169,6845,3215,3630,1712,848,864,
25695,6850,3306,3544,11984,5827,6157,13696,6599,7097,11984,5814,6170,6847,3216,3631,1712,848,864,
25700,6851,3307,3544,11988,5828,6160,13700,6600,7100,11986,5815,6171,6849,3217,3632,1712,848,864,
25705,6852,3308,3544,11991,5831,6160,13703,6601,7102,11989,5817,6172,6849,3217,3632,1713,848,865,
25710,6854,3309,3545,11991,5831,6160,13704,6601,7103,11991,5819,6172,6851,3217,3634,1713,848,865,
25715,6855,3309,3546,11995,5834,6161,13708,6603,7105,11993,5820,6173,6853,3218,3635,1713,848,865,
25720,6856,3309,3547,11998,5837,6161,13711,6604,7107,11996,5820,6176,6853,3218,3635,1714,848,866,
25725,6858,3309,3549,11998,5837,6161,13712,6605,7107,11998,5820,6178,6855,3219,3636,1714,848,866,
25730,6859,3309,3550,12002,5838,6164,13716,6606,7110,12000,5821,6179,6857,3221,3636,1714,848,866,
25735,6860,3309,3551,12005,5839,6166,13719,6607,7112,12003,5823,6180,6857,3221,3636,1715,849,866,
25740,6862,3310,3552,12005,5839,6166,13720,6607,7113,12005,5824,6181,6859,3222,3637,1715,849,866,
25745,6863,3311,3552,12009,5840,6169,13724,6609,7115,12007,5825,6182,6861,3222,3639,1715,849,866,
25750,6864,3312,3552,12012,5841,6171,13727,6609,7118,12010,5825,6185,6861,3222,3639,1716,849,867,
25755,6866,3314,3552,12012,5841,6171,13728,6609,7119,12012,5826,6186,6863,3223,3640,1716,849,867,
25760,6867,3315,3552,12016,5843,6173,13732,6610,7122,12014,5827,6187,6865,3225,3640,1716,849,867,
25765,6868,3316,3552,12019,5846,6173,13735,6613,7122,12017,5829,6188,6865,3225,3640,1717,849,868,
25770,6870,3318,3552,12019,5846,6173,13736,6614,7122,12019,5830,6189,6867,3226,3641,1717,849,868,
25775,6871,3318,3553,12023,5847,6176,13740,6617,7123,12021,5832,6189,6869,3226,3643,1717,849,868,
25780,6872,3318,3554,12026,5847,6179,13743,6620,7123,12024,5833,6191,6869,3226,3643,1718,850,868,
25785,6874,3319,3555,12026,5847,6179,13744,6621,7123,12026,5834,6192,6871,3227,3644,1718,850,868,
25790,6875,3320,3555,12030,5849,6181,13748,6621,7127,12028,5836,6192,6873,3229,3644,1718,850,868,
25795,6876,3320,3556,12033,5849,6184,13751,6623,7128,12031,5838,6193,6873,3229,3644,1719,850,869,
25800,6878,3322,3556,12033,5849,6184,13752,6623,7129,12033,5838,6195,6875,3230,3645,1719,850,869,
25805,6879,3322,3557,12037,5849,6188,13756,6626,7130,12035,5839,6196,6877,3231,3646,1719,850,869,
25810,6880,3322,3558,12040,5851,6189,13759,6629,7130,12038,5841,6197,6877,3231,3646,1720,851,869,
25815,6882,3323,3559,12040,5851,6189,13760,6629,7131,12040,5843,6197,6879,3231,3648,1720,851,869,
25820,6883,3323,3560,12044,5854,6190,13764,6632,7132,12042,5844,6198,6881,3233,3648,1720,851,869,
25825,6884,3323,3561,12047,5856,6191,13767,6633,7134,12045,5846,6199,6881,3233,3648,1721,852,869,
25830,6886,3324,3562,12047,5856,6191,13768,6633,7135,12047,5848,6199,6883,3234,3649,1721,852,869,
25835,6887,3325,3562,12051,5858,6193,13772,6633,7139,12049,5849,6200,6885,3236,3649,1721,852,869,
25840,6888,3325,3563,12054,5859,6195,13775,6636,7139,12052,5850,6202,6885,3236,3649,1722,852,870,
25845,6890,3326,3564,12054,5859,6195,13776,6637,7139,12054,5850,6204,6887,3236,3651,1722,852,870,
25850,6891,3327,3564,12058,5860,6198,13780,6638,7142,12056,5850,6206,6889,3236,3653,1722,852,870,
25855,6892,3327,3565,12061,5861,6200,13783,6640,7143,12059,5851,6208,6889,3236,3653,1723,852,871,
25860,6894,3329,3565,12061,5861,6200,13784,6640,7144,12061,5852,6209,6891,3237,3654,1723,852,871,
25865,6895,3330,3565,12065,5861,6204,13788,6641,7147,12063,5852,6211,6893,3237,3656,1723,852,871,
25870,6896,3330,3566,12068,5861,6207,13791,6642,7149,12066,5854,6212,6893,3237,3656,1724,853,871,
25875,6898,3332,3566,12068,5861,6207,13792,6642,7150,12068,5855,6213,6895,3239,3656,1724,853,871,
25880,6899,3333,3566,12072,5864,6208,13796,6643,7153,12070,5855,6215,6897,3240,3657,1724,853,871,
25885,6900,3334,3566,12075,5865,6210,13799,6644,7155,12073,5858,6215,6897,3240,3657,1725,854,871,
25890,6902,3335,3567,12075,5865,6210,13800,6644,7156,12075,5859,6216,6899,3240,3659,1725,854,871,
25895,6903,3336,3567,12079,5868,6211,13804,6647,7157,12077,5859,6218,6901,3242,3659,1725,854,871,
25900,6904,3337,3567,12082,5871,6211,13807,6648,7159,12080,5862,6218,6901,3242,3659,1726,855,871,
25905,6906,3337,3569,12082,5871,6211,13808,6648,7160,12082,5863,6219,6903,3243,3660,1726,855,871,
25910,6907,3337,3570,12086,5874,6212,13812,6650,7162,12084,5864,6220,6905,3244,3661,1726,855,871,
25915,6908,3337,3571,12089,5876,6213,13815,6650,7165,12087,5866,6221,6905,3244,3661,1727,855,872,
25920,6910,3338,3572,12089,5876,6213,13816,6651,7165,12089,5867,6222,6907,3245,3662,1727,855,872,
25925,6911,3338,3573,12093,5879,6214,13820,6652,7168,12091,5868,6223,6909,3247,3662,1727,855,872,
25930,6912,3338,3574,12096,5879,6217,13823,6655,7168,12094,5871,6223,6909,3247,3662,1728,856,872,
25935,6914,3339,3575,12096,5879,6217,13824,6656,7168,12096,5872,6224,6911,3248,3663,1728,856,872,
25940,6915,3339,3576,12100,5882,6218,13828,6657,7171,12098,5873,6225,6913,3249,3664,1728,856,872,
25945,6916,3339,3577,12103,5883,6220,13831,6658,7173,12101,5874,6227,6913,3249,3664,1729,856,873,
25950,6918,3341,3577,12103,5883,6220,13832,6658,7174,12103,5874,6229,6915,3249,3666,1729,856,873,
25955,6919,3341,3578,12107,5885,6222,13836,6661,7175,12105,5874,6231,6917,3250,3667,1729,856,873,
25960,6920,3342,3578,12110,5886,6224,13839,6661,7178,12108,5874,6234,6917,3250,3667,1730,856,874,
25965,6922,3342,3580,12110,5886,6224,13840,6661,7179,12110,5875,6235,6919,3251,3668,1730,856,874,
25970,6923,3342,3581,12114,5888,6226,13844,6665,7179,12112,5877,6235,6921,3253,3668,1730,856,874,
25975,6924,3342,3582,12117,5891,6226,13847,6668,7179,12115,5879,6236,6921,3253,3668,1731,857,874,
25980,6926,3342,3584,12117,5891,6226,13848,6668,7180,12117,5879,6238,6923,3253,3670,1731,857,874,
25985,6927,3342,3585,12121,5895,6226,13852,6670,7182,12119,5880,6239,6925,3254,3671,1731,857,874,
25990,6928,3342,3586,12124,5896,6228,13855,6672,7183,12122,5882,6240,6925,3254,3671,1732,857,875,
25995,6930,3344,3586,12124,5896,6228,13856,6673,7183,12124,5883,6241,6927,3256,3671,1732,857,875,
26000,6931,3344,3587,12128,5898,6230,13860,6674,7186,12126,5885,6241,6929,3257,3672,1732,857,875,
26005,6932,3344,3588,12131,5900,6231,13863,6676,7187,12129,5887,6242,6929,3257,3672,1733,858,875,
26010,6934,3345,3589,12131,5900,6231,13864,6677,7187,12131,5887,6244,6931,3259,3672,1733,858,875,
26015,6935,3346,3589,12135,5903,6232,13868,6679,7189,12133,5889,6244,6933,3259,3674,1733,858,875,
26020,6936,3347,3589,12138,5905,6233,13871,6682,7189,12136,5890,6246,6933,3259,3674,1734,858,876,
26025,6938,3349,3589,12138,5905,6233,13872,6683,7189,12138,5890,6248,6935,3261,3674,1734,858,876,
26030,6939,3350,3589,12142,5908,6234,13876,6686,7190,12140,5890,6250,6937,3261,3676,1734,858,876,
26035,6940,3350,3590,12145,5910,6235,13879,6688,7191,12143,5892,6251,6937,3261,3676,1735,859,876,
26040,6942,3352,3590,12145,5910,6235,13880,6689,7191,12145,5892,6253,6939,3262,3677,1735,859,876,
26045,6943,3352,3591,12149,5911,6238,13884,6690,7194,12147,5893,6254,6941,3262,3679,1735,859,876,
26050,6944,3353,3591,12152,5914,6238,13887,6692,7195,12150,5894,6256,6941,3262,3679,1736,860,876,
26055,6946,3353,3593,12152,5914,6238,13888,6693,7195,12152,5895,6257,6943,3263,3680,1736,860,876,
26060,6947,3354,3593,12156,5916,6240,13892,6695,7197,12154,5896,6258,6945,3263,3682,1736,860,876,
26065,6948,3354,3594,12159,5916,6243,13895,6695,7200,12157,5898,6259,6945,3263,3682,1737,860,877,
26070,6950,3354,3596,12159,5916,6243,13896,6696,7200,12159,5899,6260,6947,3265,3682,1737,860,877,
26075,6951,3354,3597,12163,5916,6247,13900,6699,7201,12161,5901,6260,6949,3267,3682,1737,860,877,
26080,6952,3355,3597,12166,5916,6250,13903,6702,7201,12164,5903,6261,6949,3267,3682,1738,860,878,
26085,6954,3357,3597,12166,5916,6250,13904,6703,7201,12166,5903,6263,6951,3267,3684,1738,860,878,
26090,6955,3358,3597,12170,5917,6253,13908,6706,7202,12168,5905,6263,6953,3268,3685,1738,860,878,
26095,6956,3358,3598,12173,5919,6254,13911,6706,7205,12171,5906,6265,6953,3268,3685,1739,860,879,
26100,6958,3358,3600,12173,5919,6254,13912,6706,7206,12173,5907,6266,6955,3269,3686,1739,860,879,
26105,6959,3359,3600,12177,5920,6257,13916,6706,7210,12175,5908,6267,6957,3271,3686,1739,860,879,
26110,6960,3360,3600,12180,5920,6260,13919,6706,7213,12178,5910,6268,6957,3271,3686,1740,861,879,
26115,6962,3360,3602,12180,5920,6260,13920,6706,7214,12180,5911,6269,6959,3272,3687,1740,861,879,
26120,6963,3361,3602,12184,5921,6263,13924,6708,7216,12182,5912,6270,6961,3274,3687,1740,861,879,
26125,6964,3361,3603,12187,5922,6265,13927,6710,7217,12185,5913,6272,6961,3274,3687,1741,861,880,
26130,6966,3361,3605,12187,5922,6265,13928,6710,7218,12187,5913,6274,6963,3275,3688,1741,861,880,
26135,6967,3361,3606,12191,5923,6268,13932,6712,7220,12189,5914,6275,6965,3276,3689,1741,861,880,
26140,6968,3361,3607,12194,5925,6269,13935,6713,7222,12192,5915,6277,6965,3276,3689,1742,862,880,
26145,6970,3363,3607,12194,5925,6269,13936,6713,7223,12194,5916,6278,6967,3277,3690,1742,862,880,
26150,6971,3363,3608,12198,5926,6272,13940,6716,7224,12196,5916,6280,6969,3278,3691,1742,862,880,
26155,6972,3364,3608,12201,5928,6273,13943,6717,7226,12199,5916,6283,6969,3278,3691,1743,863,880,
26160,6974,3364,3610,12201,5928,6273,13944,6717,7227,12201,5917,6284,6971,3278,3693,1743,863,880,
26165,6975,3365,3610,12205,5929,6276,13948,6719,7229,12203,5918,6285,6973,3279,3694,1743,863,880,
26170,6976,3366,3610,12208,5931,6277,13951,6720,7231,12206,5919,6287,6973,3279,3694,1744,864,880,
26175,6978,3366,3612,12208,5931,6277,13952,6721,7231,12208,5920,6288,6975,3281,3694,1744,864,880,
26180,6979,3366,3613,12212,5933,6279,13956,6724,7232,12210,5921,6289,6977,3283,3694,1744,864,880,
26185,6980,3366,3614,12215,5935,6280,13959,6726,7233,12213,5924,6289,6977,3283,3694,1745,864,881,
26190,6982,3366,3616,12215,5935,6280,13960,6726,7234,12215,5925,6290,6979,3285,3694,1745,864,881,
26195,6983,3366,3617,12219,5936,6283,13964,6729,7235,12217,5926,6291,6981,3286,3695,1745,864,881,
26200,6984,3366,3618,12222,5938,6284,13967,6731,7236,12220,5928,6292,6981,3286,3695,1746,864,882,
26205,6986,3367,3619,12222,5938,6284,13968,6731,7237,12222,5929,6293,6983,3288,3695,1746,864,882,
26210,6987,3367,3620,12226,5938,6288,13972,6734,7238,12224,5929,6295,6985,3289,3696,1746,864,882,
26215,6988,3367,3621,12229,5938,6291,13975,6736,7239,12227,5931,6296,6985,3289,3696,1747,865,882,
26220,6990,3368,3622,12229,5938,6291,13976,6737,7239,12229,5932,6297,6987,3290,3697,1747,865,882,
26225,6991,3368,3623,12233,5941,6292,13980,6740,7240,12231,5933,6298,6989,3291,3698,1747,865,882,
26230,6992,3369,3623,12236,5942,6294,13983,6741,7242,12234,5933,6301,6989,3291,3698,1748,865,883,
26235,6994,3369,3625,12236,5942,6294,13984,6741,7243,12236,5934,6302,6991,3292,3699,1748,865,883,
26240,6995,3369,3626,12240,5946,6294,13988,6744,7244,12238,5935,6303,6993,3293,3700,1748,865,883,
26245,6996,3369,3627,12243,5948,6295,13991,6745,7246,12241,5937,6304,6993,3293,3700,1749,866,883,
26250,6998,3370,3628,12243,5948,6295,13992,6746,7246,12243,5938,6305,6995,3294,3701,1749,866,883,
26255,6999,3371,3628,12247,5950,6297,13996,6747,7249,12245,5938,6307,6997,3295,3702,1749,866,883,
26260,7000,3371,3629,12250,5950,6300,13999,6749,7250,12248,5938,6310,6997,3295,3702,1750,866,884,
26265,7002,3373,3629,12250,5950,6300,14000,6750,7250,12250,5938,6312,6999,3297,3702,1750,866,884,
26270,7003,3373,3630,12254,5951,6303,14004,6753,7251,12252,5939,6313,7001,3297,3704,1750,866,884,
26275,7004,3374,3630,12257,5952,6305,14007,6754,7253,12255,5941,6314,7001,3297,3704,1751,866,885,
26280,7006,3376,3630,12257,5952,6305,14008,6755,7253,12257,5942,6315,7003,3298,3705,1751,866,885,
26285,7007,3376,3631,12261,5953,6308,14012,6756,7256,12259,5943,6316,7005,3299,3706,1751,866,885,
26290,7008,3376,3632,12264,5955,6309,14015,6757,7258,12262,5944,6318,7005,3299,3706,1752,867,885,
26295,7010,3377,3633,12264,5955,6309,14016,6757,7259,12264,5945,6319,7007,3300,3707,1752,867,885,
26300,7011,3377,3634,12268,5957,6311,14020,6758,7262,12266,5946,6320,7009,3301,3708,1752,867,885,
26305,7012,3377,3635,12271,5957,6314,14023,6759,7264,12269,5949,6320,7009,3301,3708,1753,867,886,
26310,7014,3378,3636,12271,5957,6314,14024,6760,7264,12271,5950,6321,7011,3302,3709,1753,867,886,
26315,7015,3378,3637,12275,5960,6315,14028,6762,7266,12273,5952,6321,7013,3304,3709,1753,867,886,
26320,7016,3378,3638,12278,5960,6318,14031,6763,7268,12276,5952,6324,7013,3304,3709,1754,867,887,
26325,7018,3379,3639,12278,5960,6318,14032,6764,7268,12278,5953,6325,7015,3305,3710,1754,867,887,
26330,7019,3379,3640,12282,5962,6320,14036,6765,7271,12280,5954,6326,7017,3306,3711,1754,867,887,
26335,7020,3380,3640,12285,5963,6322,14039,6766,7273,12283,5954,6329,7017,3306,3711,1755,868,887,
26340,7022,3382,3640,12285,5963,6322,14040,6766,7274,12285,5956,6329,7019,3307,3712,1755,868,887,
26345,7023,3383,3640,12289,5963,6326,14044,6766,7278,12287,5956,6331,7021,3309,3712,1755,868,887,
26350,7024,3384,3640,12292,5964,6328,14047,6766,7281,12290,5956,6334,7021,3309,3712,1756,868,888,
26355,7026,3384,3642,12292,5964,6328,14048,6767,7281,12292,5957,6335,7023,3310,3713,1756,868,888,
26360,7027,3385,3642,12296,5967,6329,14052,6770,7282,12294,5958,6336,7025,3311,3714,1756,868,888,
26365,7028,3386,3642,12299,5970,6329,14055,6771,7284,12297,5958,6339,7025,3311,3714,1757,868,889,
26370,7030,3388,3642,12299,5970,6329,14056,6772,7284,12299,5959,6340,7027,3313,3714,1757,868,889,
26375,7031,3388,3643,12303,5973,6330,14060,6775,7285,12301,5959,6342,7029,3315,3714,1757,868,889,
26380,7032,3389,3643,12306,5974,6332,14063,6775,7288,12304,5960,6344,7029,3315,3714,1758,868,890,
26385,7034,3389,3645,12306,5974,6332,14064,6776,7288,12306,5962,6344,7031,3315,3716,1758,868,890,
26390,7035,3389,3646,12310,5977,6333,14068,6777,7291,12308,5962,6346,7033,3316,3717,1758,868,890,
26395,7036,3390,3646,12313,5978,6335,14071,6780,7291,12311,5964,6347,7033,3316,3717,1759,869,890,
26400,7038,3391,3647,12313,5978,6335,14072,6781,7291,12313,5965,6348,7035,3317,3718,1759,869,890,
26405,7039,3392,3647,12317,5978,6339,14076,6781,7295,12315,5966,6349,7037,3318,3719,1759,869,890,
26410,7040,3392,3648,12320,5979,6341,14079,6782,7297,12318,5967,6351,7037,3318,3719,1760,869,891,
26415,7042,3394,3648,12320,5979,6341,14080,6782,7298,12320,5968,6352,7039,3318,3721,1760,869,891,
26420,7043,3395,3648,12324,5981,6343,14084,6783,7301,12322,5968,6354,7041,3319,3722,1760,869,891,
26425,7044,3396,3648,12327,5983,6344,14087,6784,7303,12325,5969,6356,7041,3319,3722,1761,869,892,
26430,7046,3398,3648,12327,5983,6344,14088,6784,7304,12327,5971,6356,7043,3321,3722,1761,869,892,
26435,7047,3398,3649,12331,5985,6346,14092,6785,7307,12329,5971,6358,7045,3322,3723,1761,869,892,
26440,7048,3399,3649,12334,5985,6349,14095,6787,7308,12332,5972,6360,7045,3322,3723,1762,869,893,
26445,7050,3400,3650,12334,5985,6349,14096,6787,7309,12334,5972,6362,7047,3324,3723,1762,869,893,
26450,7051,3401,3650,12338,5986,6352,14100,6789,7311,12336,5972,6364,7049,3325,3724,1762,869,893,
26455,7052,3401,3651,12341,5988,6353,14103,6791,7312,12339,5973,6366,7049,3325,3724,1763,869,894,
26460,7054,3401,3653,12341,5988,6353,14104,6791,7313,12341,5975,6366,7051,3326,3725,1763,869,894,
26465,7055,3402,3653,12345,5990,6355,14108,6794,7314,12343,5975,6368,7053,3327,3726,1763,869,894,
26470,7056,3403,3653,12348,5991,6357,14111,6795,7316,12346,5978,6368,7053,3327,3726,1764,870,894,
26475,7058,3404,3654,12348,5991,6357,14112,6795,7317,12348,5980,6368,7055,3328,3727,1764,870,894,
26480,7059,3405,3654,12352,5994,6358,14116,6795,7321,12350,5982,6368,7057,3329,3728,1764,870,894,
26485,7060,3405,3655,12355,5997,6358,14119,6796,7323,12353,5983,6370,7057,3329,3728,1765,870,895,
26490,7062,3406,3656,12355,5997,6358,14120,6796,7324,12355,5983,6372,7059,3330,3729,1765,870,895,
26495,7063,3406,3657,12359,5999,6360,14124,6799,7325,12357,5984,6373,7061,3330,3731,1765,870,895,
26500,7064,3406,3658,12362,6001,6361,14127,6801,7326,12360,5984,6376,7061,3330,3731,1766,870,896,
26505,7066,3406,3660,12362,6001,6361,14128,6802,7326,12362,5985,6377,7063,3331,3732,1766,870,896,
26510,7067,3406,3661,12366,6004,6362,14132,6804,7328,12364,5987,6377,7065,3332,3733,1766,870,896,
26515,7068,3406,3662,12369,6004,6365,14135,6806,7329,12367,5988,6379,7065,3332,3733,1767,870,897,
26520,7070,3407,3663,12369,6004,6365,14136,6806,7330,12369,5989,6380,7067,3333,3734,1767,870,897,
26525,7071,3407,3664,12373,6006,6367,14140,6808,7332,12371,5990,6381,7069,3334,3735,1767,870,897,
26530,7072,3407,3665,12376,6006,6370,14143,6808,7335,12374,5991,6383,7069,3334,3735,1768,870,898,
26535,7074,3408,3666,12376,6006,6370,14144,6809,7335,12376,5992,6384,7071,3334,3737,1768,870,898,
26540,7075,3408,3667,12380,6007,6373,14148,6812,7336,12378,5993,6385,7073,3336,3737,1768,870,898,
26545,7076,3409,3667,12383,6009,6374,14151,6813,7338,12381,5993,6388,7073,3336,3737,1769,871,898,
26550,7078,3409,3669,12383,6009,6374,14152,6814,7338,12383,5993,6390,7075,3338,3737,1769,871,898,
26555,7079,3410,3669,12387,6009,6378,14156,6817,7339,12385,5994,6391,7077,3340,3737,1769,871,898,
26560,7080,3411,3669,12390,6010,6380,14159,6820,7339,12388,5995,6393,7077,3340,3737,1770,871,899,
26565,7082,3411,3671,12390,6010,6380,14160,6820,7340,12390,5997,6393,7079,3342,3737,1770,871,899,
26570,7083,3412,3671,12394,6012,6382,14164,6823,7341,12392,5999,6393,7081,3342,3739,1770,871,899,
26575,7084,3413,3671,12397,6014,6383,14167,6825,7342,12395,6001,6394,7081,3342,3739,1771,871,900,
26580,7086,3413,3673,12397,6014,6383,14168,6826,7342,12397,6002,6395,7083,3343,3740,1771,871,900,
26585,7087,3414,3673,12401,6016,6385,14172,6828,7344,12399,6004,6395,7085,3344,3741,1771,871,900,
26590,7088,3415,3673,12404,6017,6387,14175,6828,7347,12402,6004,6398,7085,3344,3741,1772,871,901,
26595,7090,3416,3674,12404,6017,6387,14176,6828,7348,12404,6006,6398,7087,3344,3743,1772,871,901,
26600,7091,3416,3675,12408,6017,6391,14180,6829,7351,12406,6007,6399,7089,3345,3744,1772,871,901,
26605,7092,3417,3675,12411,6019,6392,14183,6832,7351,12409,6009,6400,7089,3345,3744,1773,871,902,
26610,7094,3419,3675,12411,6019,6392,14184,6832,7352,12411,6011,6400,7091,3347,3744,1773,871,902,
26615,7095,3420,3675,12415,6023,6392,14188,6835,7353,12413,6013,6400,7093,3347,3746,1773,871,902,
26620,7096,3420,3676,12418,6023,6395,14191,6836,7355,12416,6015,6401,7093,3347,3746,1774,871,903,
26625,7098,3421,3677,12418,6023,6395,14192,6837,7355,12418,6017,6401,7095,3348,3747,1774,871,903,
26630,7099,3422,3677,12422,6024,6398,14196,6840,7356,12420,6019,6401,7097,3348,3749,1774,871,903,
26635,7100,3423,3677,12425,6025,6400,14199,6843,7356,12423,6021,6402,7097,3348,3749,1775,871,904,
26640,7102,3423,3679,12425,6025,6400,14200,6844,7356,12425,6021,6404,7099,3349,3750,1775,871,904,
26645,7103,3423,3680,12429,6028,6401,14204,6847,7357,12427,6023,6404,7101,3349,3752,1775,871,904,
26650,7104,3424,3680,12432,6031,6401,14207,6848,7359,12430,6024,6406,7101,3349,3752,1776,871,905,
26655,7106,3425,3681,12432,6031,6401,14208,6849,7359,12432,6025,6407,7103,3349,3754,1776,871,905,
26660,7107,3426,3681,12436,6033,6403,14212,6851,7361,12434,6026,6408,7105,3351,3754,1776,871,905,
26665,7108,3427,3681,12439,6034,6405,14215,6852,7363,12437,6029,6408,7105,3351,3754,1777,871,906,
26670,7110,3429,3681,12439,6034,6405,14216,6853,7363,12439,6029,6410,7107,3352,3755,1777,871,906,
26675,7111,3430,3681,12443,6037,6406,14220,6855,7365,12441,6029,6412,7109,3353,3756,1777,871,906,
26680,7112,3430,3682,12446,6039,6407,14223,6856,7367,12444,6031,6413,7109,3353,3756,1778,871,907,
26685,7114,3432,3682,12446,6039,6407,14224,6856,7368,12446,6032,6414,7111,3354,3757,1778,871,907,
26690,7115,3432,3683,12450,6040,6410,14228,6858,7370,12448,6032,6416,7113,3354,3759,1778,871,907,
26695,7116,3433,3683,12453,6041,6412,14231,6860,7371,12451,6033,6418,7113,3354,3759,1779,872,907,
26700,7118,3433,3685,12453,6041,6412,14232,6861,7371,12453,6033,6420,7115,3356,3759,1779,872,907,
26705,7119,3434,3685,12457,6043,6414,14236,6862,7374,12455,6035,6420,7117,3356,3761,1779,872,907,
26710,7120,3434,3686,12460,6045,6415,14239,6863,7376,12458,6035,6423,7117,3356,3761,1780,872,908,
26715,7122,3435,3687,12460,6045,6415,14240,6864,7376,12460,6035,6425,7119,3356,3763,1780,872,908,
26720,7123,3435,3688,12464,6048,6416,14244,6865,7379,12462,6036,6426,7121,3358,3763,1780,872,908,
26725,7124,3436,3688,12467,6050,6417,14247,6866,7381,12465,6037,6428,7121,3358,3763,1781,872,909,
26730,7126,3437,3689,12467,6050,6417,14248,6866,7382,12467,6037,6430,7123,3359,3764,1781,872,909,
26735,7127,3437,3690,12471,6052,6419,14252,6869,7383,12469,6039,6430,7125,3359,3766,1781,872,909,
26740,7128,3437,3691,12474,6053,6421,14255,6869,7386,12472,6041,6431,7125,3359,3766,1782,872,910,
26745,7130,3437,3693,12474,6053,6421,14256,6869,7387,12474,6041,6433,7127,3360,3767,1782,872,910,
26750,7131,3438,3693,12478,6054,6424,14260,6870,7390,12476,6042,6434,7129,3361,3768,1782,872,910,
26755,7132,3439,3693,12481,6055,6426,14263,6871,7392,12479,6042,6437,7129,3361,3768,1783,872,911,
26760,7134,3440,3694,12481,6055,6426,14264,6872,7392,12481,6043,6438,7131,3363,3768,1783,872,911,
26765,7135,3441,3694,12485,6057,6428,14268,6876,7392,12483,6044,6439,7133,3365,3768,1783,872,911,
26770,7136,3442,3694,12488,6059,6429,14271,6879,7392,12486,6046,6440,7133,3365,3768,1784,873,911,
26775,7138,3442,3696,12488,6059,6429,14272,6879,7393,12488,6047,6441,7135,3365,3770,1784,873,911,
26780,7139,3442,3697,12492,6062,6430,14276,6880,7396,12490,6049,6441,7137,3366,3771,1784,873,911,
26785,7140,3442,3698,12495,6065,6430,14279,6881,7398,12493,6049,6444,7137,3366,3771,1785,873,912,
26790,7142,3443,3699,12495,6065,6430,14280,6881,7399,12495,6050,6445,7139,3366,3773,1785,873,912,
26795,7143,3444,3699,12499,6067,6432,14284,6883,7401,12497,6052,6445,7141,3366,3775,1785,873,912,
26800,7144,3445,3699,12502,6069,6433,14287,6883,7404,12500,6053,6447,7141,3366,3775,1786,873,913,
26805,7146,3446,3700,12502,6069,6433,14288,6883,7405,12502,6054,6448,7143,3366,3777,1786,873,913,
26810,7147,3446,3701,12506,6071,6435,14292,6885,7407,12504,6055,6449,7145,3367,3778,1786,873,913,
26815,7148,3447,3701,12509,6072,6437,14295,6885,7410,12507,6056,6451,7145,3367,3778,1787,874,913,
26820,7150,3448,3702,12509,6072,6437,14296,6886,7410,12509,6056,6453,7147,3368,3779,1787,874,913,
26825,7151,3449,3702,12513,6075,6438,14300,6887,7413,12511,6057,6454,7149,3368,3781,1787,874,913,
26830,7152,3449,3703,12516,6077,6439,14303,6890,7413,12514,6058,6456,7149,3368,3781,1788,874,914,
26835,7154,3451,3703,12516,6077,6439,14304,6890,7414,12516,6060,6456,7151,3369,3782,1788,874,914,
26840,7155,3452,3703,12520,6080,6440,14308,6891,7417,12518,6062,6456,7153,3371,3782,1788,874,914,
26845,7156,3452,3704,12523,6080,6443,14311,6893,7418,12521,6064,6457,7153,3371,3782,1789,875,914,
26850,7158,3453,3705,12523,6080,6443,14312,6894,7418,12523,6065,6458,7155,3371,3784,1789,875,914,
26855,7159,3453,3706,12527,6082,6445,14316,6896,7420,12525,6067,6458,7157,3371,3786,1789,875,914,
26860,7160,3453,3707,12530,6084,6446,14319,6897,7422,12528,6069,6459,7157,3371,3786,1790,875,915,
26865,7162,3454,3708,12530,6084,6446,14320,6897,7423,12530,6071,6459,7159,3373,3786,1790,875,915,
26870,7163,3455,3708,12534,6086,6448,14324,6901,7423,12532,6071,6461,7161,3373,3788,1790,875,915,
26875,7164,3456,3708,12537,6088,6449,14327,6901,7426,12535,6072,6463,7161,3373,3788,1791,875,916,
26880,7166,3457,3709,12537,6088,6449,14328,6902,7426,12537,6072,6465,7163,3373,3790,1791,875,916,
26885,7167,3457,3710,12541,6091,6450,14332,6904,7428,12539,6073,6466,7165,3373,3792,1791,875,916,
26890,7168,3457,3711,12544,6094,6450,14335,6906,7429,12542,6074,6468,7165,3373,3792,1792,875,917,
26895,7170,3458,3712,12544,6094,6450,14336,6907,7429,12544,6074,6470,7167,3373,3794,1792,875,917,
26900,7171,3459,3712,12548,6096,6452,14340,6909,7431,12546,6076,6470,7169,3373,3796,1792,875,917,
26905,7172,3459,3713,12551,6098,6453,14343,6909,7434,12549,6077,6472,7169,3373,3796,1793,876,917,
26910,7174,3461,3713,12551,6098,6453,14344,6909,7435,12551,6077,6474,7171,3374,3797,1793,876,917,
26915,7175,3461,3714,12555,6099,6456,14348,6911,7437,12553,6078,6475,7173,3375,3798,1793,876,917,
26920,7176,3462,3714,12558,6102,6456,14351,6913,7438,12556,6079,6477,7173,3375,3798,1794,877,917,
26925,7178,3463,3715,12558,6102,6456,14352,6913,7439,12558,6081,6477,7175,3375,3800,1794,877,917,
26930,7179,3463,3716,12562,6105,6457,14356,6916,7440,12560,6082,6478,7177,3375,3802,1794,877,917,
26935,7180,3463,3717,12565,6106,6459,14359,6917,7442,12563,6082,6481,7177,3375,3802,1795,877,918,
26940,7182,3463,3719,12565,6106,6459,14360,6918,7442,12565,6083,6482,7179,3377,3802,1795,877,918,
26945,7183,3464,3719,12569,6106,6463,14364,6921,7443,12567,6085,6482,7181,3378,3803,1795,877,918,
26950,7184,3464,3720,12572,6108,6464,14367,6922,7445,12570,6086,6484,7181,3378,3803,1796,877,919,
26955,7186,3464,3722,12572,6108,6464,14368,6923,7445,12572,6086,6486,7183,3379,3804,1796,877,919,
26960,7187,3464,3723,12576,6108,6468,14372,6925,7447,12574,6087,6487,7185,3381,3804,1796,877,919,
26965,7188,3464,3724,12579,6109,6470,14375,6926,7449,12577,6088,6489,7185,3381,3804,1797,877,920,
26970,7190,3464,3726,12579,6109,6470,14376,6927,7449,12579,6089,6490,7187,3381,3806,1797,877,920,
26975,7191,3464,3727,12583,6112,6471,14380,6929,7451,12581,6090,6491,7189,3382,3807,1797,877,920,
26980,7192,3464,3728,12586,6112,6474,14383,6930,7453,12584,6091,6493,7189,3382,3807,1798,877,921,
26985,7194,3465,3729,12586,6112,6474,14384,6931,7453,12586,6091,6495,7191,3383,3808,1798,877,921,
26990,7195,3466,3729,12590,6114,6476,14388,6933,7455,12588,6092,6496,7193,3383,3810,1798,877,921,
26995,7196,3467,3729,12593,6117,6476,14391,6934,7457,12591,6094,6497,7193,3383,3810,1799,878,921,
27000,7198,3468,3730,12593,6117,6476,14392,6934,7458,12593,6096,6497,7195,3383,3812,1799,878,921,
27005,7199,3469,3730,12597,6119,6478,14396,6937,7459,12595,6097,6498,7197,3383,3814,1799,878,921,
27010,7200,3469,3731,12600,6120,6480,14399,6938,7461,12598,6099,6499,7197,3383,3814,1800,879,921,
27015,7202,3471,3731,12600,6120,6480,14400,6938,7462,12600,6100,6500,7199,3384,3815,1800,879,921,
27020,7203,3471,3732,12604,6123,6481,14404,6939,7465,12602,6101,6501,7201,3385,3816,1800,879,921,
27025,7204,3472,3732,12607,6124,6483,14407,6940,7467,12605,6103,6502,7201,3385,3816,1801,880,921,
27030,7206,3473,3733,12607,6124,6483,14408,6941,7467,12607,6104,6503,7203,3385,3818,1801,880,921,
27035,7207,3474,3733,12611,6126,6485,14412,6943,7469,12609,6105,6504,7205,3385,3820,1801,880,921,
27040,7208,3474,3734,12614,6128,6486,14415,6943,7472,12612,6106,6506,7205,3385,3820,1802,880,922,
27045,7210,3475,3735,12614,6128,6486,14416,6944,7472,12614,6107,6507,7207,3387,3820,1802,880,922,
27050,7211,3475,3736,12618,6129,6489,14420,6946,7474,12616,6109,6507,7209,3388,3821,1802,880,922,
27055,7212,3475,3737,12621,6130,6491,14423,6949,7474,12619,6111,6508,7209,3388,3821,1803,880,923,
27060,7214,3476,3738,12621,6130,6491,14424,6949,7475,12621,6112,6509,7211,3390,3821,1803,880,923,
27065,7215,3476,3739,12625,6132,6493,14428,6952,7476,12623,6114,6509,7213,3392,3821,1803,880,923,
27070,7216,3477,3739,12628,6133,6495,14431,6952,7479,12626,6115,6511,7213,3392,3821,1804,881,923,
27075,7218,3477,3741,12628,6133,6495,14432,6952,7480,12628,6116,6512,7215,3392,3823,1804,881,923,
27080,7219,3477,3742,12632,6135,6497,14436,6952,7484,12630,6116,6514,7217,3394,3823,1804,881,923,
27085,7220,3477,3743,12635,6137,6498,14439,6953,7486,12633,6117,6516,7217,3394,3823,1805,882,923,
27090,7222,3478,3744,12635,6137,6498,14440,6954,7486,12635,6119,6516,7219,3394,3825,1805,882,923,
27095,7223,3479,3744,12639,6138,6501,14444,6956,7488,12637,6119,6518,7221,3396,3825,1805,882,923,
27100,7224,3479,3745,12642,6140,6502,14447,6956,7491,12640,6119,6521,7221,3396,3825,1806,882,924,
27105,7226,3481,3745,12642,6140,6502,14448,6957,7491,12642,6119,6523,7223,3397,3826,1806,882,924,
27110,7227,3482,3745,12646,6143,6503,14452,6957,7495,12644,6120,6524,7225,3398,3827,1806,882,924,
27115,7228,3482,3746,12649,6144,6505,14455,6958,7497,12647,6122,6525,7225,3398,3827,1807,882,925,
27120,7230,3483,3747,12649,6144,6505,14456,6958,7498,12649,6123,6526,7227,3399,3828,1807,882,925,
27125,7231,3483,3748,12653,6144,6509,14460,6959,7501,12651,6125,6526,7229,3399,3830,1807,882,925,
27130,7232,3484,3748,12656,6144,6512,14463,6961,7502,12654,6126,6528,7229,3399,3830,1808,882,926,
27135,7234,3484,3750,12656,6144,6512,14464,6962,7502,12656,6126,6530,7231,3400,3831,1808,882,926,
27140,7235,3485,3750,12660,6146,6514,14468,6964,7504,12658,6126,6532,7233,3400,3833,1808,882,926,
27145,7236,3485,3751,12663,6147,6516,14471,6966,7505,12661,6127,6534,7233,3400,3833,1809,883,926,
27150,7238,3486,3752,12663,6147,6516,14472,6966,7506,12663,6128,6535,7235,3400,3835,1809,883,926,
27155,7239,3487,3752,12667,6149,6518,14476,6967,7509,12665,6129,6536,7237,3402,3835,1809,883,926,
27160,7240,3487,3753,12670,6150,6520,14479,6969,7510,12668,6132,6536,7237,3402,3835,1810,883,927,
27165,7242,3488,3754,12670,6150,6520,14480,6970,7510,12670,6133,6537,7239,3403,3836,1810,883,927,
27170,7243,3488,3755,12674,6152,6522,14484,6972,7512,12672,6135,6537,7241,3404,3837,1810,883,927,
27175,7244,3488,3756,12677,6153,6524,14487,6973,7514,12675,6135,6540,7241,3404,3837,1811,884,927,
27180,7246,3488,3758,12677,6153,6524,14488,6973,7515,12677,6136,6541,7243,3404,3839,1811,884,927,
27185,7247,3488,3759,12681,6154,6527,14492,6974,7518,12679,6137,6542,7245,3405,3840,1811,884,927,
27190,7248,3488,3760,12684,6156,6528,14495,6975,7520,12682,6138,6544,7245,3405,3840,1812,885,927,
27195,7250,3489,3761,12684,6156,6528,14496,6975,7521,12684,6140,6544,7247,3406,3841,1812,885,927,
27200,7251,3490,3761,12688,6158,6530,14500,6977,7523,12686,6140,6546,7249,3407,3842,1812,885,927,
27205,7252,3491,3761,12691,6160,6531,14503,6979,7524,12689,6142,6547,7249,3407,3842,1813,886,927,
27210,7254,3492,3762,12691,6160,6531,14504,6980,7524,12691,6143,6548,7251,3409,3842,1813,886,927,
27215,7255,3492,3763,12695,6163,6532,14508,6981,7527,12693,6145,6548,7253,3409,3844,1813,886,927,
27220,7256,3492,3764,12698,6164,6534,14511,6982,7529,12696,6146,6550,7253,3409,3844,1814,887,927,
27225,7258,3494,3764,12698,6164,6534,14512,6982,7530,12698,6147,6551,7255,3409,3846,1814,887,927,
27230,7259,3495,3764,12702,6167,6535,14516,6983,7533,12700,6148,6552,7257,3410,3847,1814,887,927,
27235,7260,3496,3764,12705,6169,6536,14519,6985,7534,12703,6150,6553,7257,3410,3847,1815,888,927,
27240,7262,3497,3765,12705,6169,6536,14520,6985,7535,12705,6151,6554,7259,3412,3847,1815,888,927,
27245,7263,3498,3765,12709,6169,6540,14524,6986,7538,12707,6153,6554,7261,3414,3847,1815,888,927,
27250,7264,3499,3765,12712,6170,6542,14527,6986,7541,12710,6156,6554,7261,3414,3847,1816,888,928,
27255,7266,3499,3767,12712,6170,6542,14528,6986,7542,12712,6157,6555,7263,3415,3848,1816,888,928,
27260,7267,3500,3767,12716,6171,6545,14532,6987,7545,12714,6157,6557,7265,3416,3849,1816,888,928,
27265,7268,3500,3768,12719,6172,6547,14535,6990,7545,12717,6158,6559,7265,3416,3849,1817,888,929,
27270,7270,3501,3769,12719,6172,6547,14536,6990,7546,12719,6160,6559,7267,3417,3850,1817,888,929,
27275,7271,3501,3770,12723,6174,6549,14540,6992,7548,12721,6161,6560,7269,3418,3851,1817,888,929,
27280,7272,3502,3770,12726,6175,6551,14543,6994,7549,12724,6163,6561,7269,3418,3851,1818,888,930,
27285,7274,3503,3771,12726,6175,6551,14544,6994,7550,12726,6165,6561,7271,3419,3852,1818,888,930,
27290,7275,3503,3772,12730,6177,6553,14548,6994,7554,12728,6165,6563,7273,3421,3852,1818,888,930,
27295,7276,3504,3772,12733,6177,6556,14551,6995,7556,12731,6167,6564,7273,3421,3852,1819,889,930,
27300,7278,3506,3772,12733,6177,6556,14552,6995,7557,12733,6169,6564,7275,3422,3853,1819,889,930,
27305,7279,3507,3772,12737,6179,6558,14556,6996,7560,12735,6170,6565,7277,3424,3853,1819,889,930,
27310,7280,3507,3773,12740,6181,6559,14559,6996,7563,12738,6172,6566,7277,3424,3853,1820,889,931,
27315,7282,3508,3774,12740,6181,6559,14560,6996,7564,12740,6173,6567,7279,3425,3854,1820,889,931,
27320,7283,3509,3774,12744,6184,6560,14564,6999,7565,12742,6175,6567,7281,3426,3855,1820,889,931,
27325,7284,3509,3775,12747,6186,6561,14567,7001,7566,12745,6177,6568,7281,3426,3855,1821,890,931,
27330,7286,3509,3777,12747,6186,6561,14568,7002,7566,12747,6178,6569,7283,3428,3855,1821,890,931,
27335,7287,3510,3777,12751,6189,6562,14572,7005,7567,12749,6179,6570,7285,3429,3856,1821,890,931,
27340,7288,3511,3777,12754,6189,6565,14575,7007,7568,12752,6181,6571,7285,3429,3856,1822,890,932,
27345,7290,3512,3778,12754,6189,6565,14576,7008,7568,12754,6182,6572,7287,3429,3858,1822,890,932,
27350,7291,3513,3778,12758,6189,6569,14580,7010,7570,12756,6182,6574,7289,3430,3859,1822,890,932,
27355,7292,3513,3779,12761,6190,6571,14583,7012,7571,12759,6184,6575,7289,3430,3859,1823,891,932,
27360,7294,3514,3780,12761,6190,6571,14584,7013,7571,12761,6185,6576,7291,3431,3860,1823,891,932,
27365,7295,3515,3780,12765,6193,6572,14588,7016,7572,12763,6185,6578,7293,3433,3860,1823,891,932,
27370,7296,3516,3780,12768,6194,6574,14591,7017,7574,12766,6187,6579,7293,3433,3860,1824,892,932,
27375,7298,3518,3780,12768,6194,6574,14592,7017,7575,12768,6188,6580,7295,3434,3861,1824,892,932,
27380,7299,3518,3781,12772,6197,6575,14596,7017,7579,12770,6189,6581,7297,3435,3862,1824,892,932,
27385,7300,3518,3782,12775,6198,6577,14599,7018,7581,12773,6190,6583,7297,3435,3862,1825,893,932,
27390,7302,3519,3783,12775,6198,6577,14600,7018,7582,12775,6192,6583,7299,3436,3863,1825,893,932,
27395,7303,3520,3783,12779,6201,6578,14604,7020,7584,12777,6192,6585,7301,3437,3864,1825,893,932,
27400,7304,3521,3783,12782,6202,6580,14607,7022,7585,12780,6193,6587,7301,3437,3864,1826,894,932,
27405,7306,3523,3783,12782,6202,6580,14608,7023,7585,12782,6194,6588,7303,3439,3864,1826,894,932,
27410,7307,3523,3784,12786,6204,6582,14612,7023,7589,12784,6195,6589,7305,3441,3864,1826,894,932,
27415,7308,3524,3784,12789,6205,6584,14615,7025,7590,12787,6196,6591,7305,3441,3864,1827,895,932,
27420,7310,3526,3784,12789,6205,6584,14616,7025,7591,12789,6198,6591,7307,3442,3865,1827,895,932,
27425,7311,3527,3784,12793,6206,6587,14620,7026,7594,12791,6198,6593,7309,3443,3866,1827,895,932,
27430,7312,3527,3785,12796,6207,6589,14623,7028,7595,12794,6199,6595,7309,3443,3866,1828,895,933,
27435,7314,3529,3785,12796,6207,6589,14624,7029,7595,12796,6200,6596,7311,3445,3866,1828,895,933,
27440,7315,3530,3785,12800,6211,6589,14628,7032,7596,12798,6202,6596,7313,3446,3867,1828,895,933,
27445,7316,3530,3786,12803,6213,6590,14631,7033,7598,12801,6204,6597,7313,3446,3867,1829,895,934,
27450,7318,3531,3787,12803,6213,6590,14632,7034,7598,12803,6204,6599,7315,3448,3867,1829,895,934,
27455,7319,3531,3788,12807,6215,6592,14636,7036,7600,12805,6204,6601,7317,3450,3867,1829,895,934,
27460,7320,3531,3789,12810,6215,6595,14639,7038,7601,12808,6204,6604,7317,3450,3867,1830,896,934,
27465,7322,3531,3791,12810,6215,6595,14640,7038,7602,12810,6206,6604,7319,3451,3868,1830,896,934,
27470,7323,3531,3792,12814,6216,6598,14644,7040,7604,12812,6207,6605,7321,3453,3868,1830,896,934,
27475,7324,3532,3792,12817,6219,6598,14647,7040,7607,12815,6208,6607,7321,3453,3868,1831,897,934,
27480,7326,3533,3793,12817,6219,6598,14648,7040,7608,12817,6209,6608,7323,3454,3869,1831,897,934,
27485,7327,3534,3793,12821,6220,6601,14652,7043,7609,12819,6210,6609,7325,3455,3870,1831,897,934,
27490,7328,3534,3794,12824,6221,6603,14655,7045,7610,12822,6210,6612,7325,3455,3870,1832,898,934,
27495,7330,3535,3795,12824,6221,6603,14656,7046,7610,12824,6212,6612,7327,3457,3870,1832,898,934,
27500,7331,3535,3796,12828,6222,6606,14660,7048,7612,12826,6213,6613,7329,3458,3871,1832,898,934,
27505,7332,3536,3796,12831,6224,6607,14663,7048,7615,12829,6215,6614,7329,3458,3871,1833,898,935,
27510,7334,3537,3797,12831,6224,6607,14664,7049,7615,12831,6216,6615,7331,3458,3873,1833,898,935,
27515,7335,3537,3798,12835,6225,6610,14668,7053,7615,12833,6216,6617,7333,3459,3874,1833,898,935,
27520,7336,3537,3799,12838,6226,6612,14671,7055,7616,12836,6219,6617,7333,3459,3874,1834,898,936,
27525,7338,3537,3801,12838,6226,6612,14672,7056,7616,12838,6220,6618,7335,3459,3876,1834,898,936,
27530,7339,3538,3801,12842,6227,6615,14676,7058,7618,12840,6222,6618,7337,3461,3876,1834,898,936,
27535,7340,3539,3801,12845,6228,6617,14679,7059,7620,12843,6223,6620,7337,3461,3876,1835,899,936,
27540,7342,3541,3801,12845,6228,6617,14680,7059,7621,12845,6223,6622,7339,3462,3877,1835,899,936,
27545,7343,3541,3802,12849,6229,6620,14684,7060,7624,12847,6224,6623,7341,3463,3878,1835,899,936,
27550,7344,3541,3803,12852,6231,6621,14687,7061,7626,12850,6226,6624,7341,3463,3878,1836,900,936,
27555,7346,3541,3805,12852,6231,6621,14688,7062,7626,12852,6226,6626,7343,3465,3878,1836,900,936,
27560,7347,3541,3806,12856,6232,6624,14692,7064,7628,12854,6227,6627,7345,3466,3879,1836,900,936,
27565,7348,3542,3806,12859,6232,6627,14695,7064,7631,12857,6228,6629,7345,3466,3879,1837,900,937,
27570,7350,3543,3807,12859,6232,6627,14696,7065,7631,12859,6230,6629,7347,3466,3881,1837,900,937,
27575,7351,3543,3808,12863,6234,6629,14700,7068,7632,12861,6230,6631,7349,3466,3883,1837,900,937,
27580,7352,3544,3808,12866,6236,6630,14703,7070,7633,12864,6232,6632,7349,3466,3883,1838,900,938,
27585,7354,3544,3810,12866,6236,6630,14704,7070,7634,12866,6233,6633,7351,3467,3884,1838,900,938,
27590,7355,3544,3811,12870,6237,6633,14708,7071,7637,12868,6234,6634,7353,3467,3886,1838,900,938,
27595,7356,3544,3812,12873,6238,6635,14711,7072,7639,12871,6236,6635,7353,3467,3886,1839,901,938,
27600,7358,3545,3813,12873,6238,6635,14712,7072,7640,12873,6236,6637,7355,3467,3888,1839,901,938,
27605,7359,3546,3813,12877,6238,6639,14716,7075,7641,12875,6237,6638,7357,3467,3890,1839,901,938,
27610,7360,3547,3813,12880,6240,6640,14719,7076,7643,12878,6237,6641,7357,3467,3890,1840,901,939,
27615,7362,3549,3813,12880,6240,6640,14720,7077,7643,12880,6238,6642,7359,3467,3892,1840,901,939,
27620,7363,3549,3814,12884,6242,6642,14724,7081,7643,12882,6239,6643,7361,3468,3893,1840,901,939,
27625,7364,3549,3815,12887,6245,6642,14727,7081,7646,12885,6240,6645,7361,3468,3893,1841,901,940,
27630,7366,3549,3817,12887,6245,6642,14728,7082,7646,12887,6242,6645,7363,3468,3895,1841,901,940,
27635,7367,3549,3818,12891,6246,6645,14732,7084,7648,12889,6242,6647,7365,3470,3895,1841,901,940,
27640,7368,3549,3819,12894,6249,6645,14735,7085,7650,12892,6243,6649,7365,3470,3895,1842,902,940,
27645,7370,3549,3821,12894,6249,6645,14736,7086,7650,12894,6245,6649,7367,3470,3897,1842,902,940,
27650,7371,3549,3822,12898,6252,6646,14740,7088,7652,12896,6246,6650,7369,3471,3898,1842,902,940,
27655,7372,3549,3823,12901,6254,6647,14743,7089,7654,12899,6247,6652,7369,3471,3898,1843,903,940,
27660,7374,3550,3824,12901,6254,6647,14744,7090,7654,12901,6247,6654,7371,3473,3898,1843,903,940,
27665,7375,3550,3825,12905,6255,6650,14748,7091,7657,12903,6248,6655,7373,3475,3898,1843,903,940,
27670,7376,3550,3826,12908,6256,6652,14751,7092,7659,12906,6249,6657,7373,3475,3898,1844,904,940,
27675,7378,3550,3828,12908,6256,6652,14752,7093,7659,12908,6250,6658,7375,3477,3898,1844,904,940,
27680,7379,3551,3828,12912,6256,6656,14756,7094,7662,12910,6250,6660,7377,3478,3899,1844,904,940,
27685,7380,3551,3829,12915,6256,6659,14759,7095,7664,12913,6251,6662,7377,3478,3899,1845,905,940,
27690,7382,3552,3830,12915,6256,6659,14760,7095,7665,12915,6253,6662,7379,3479,3900,1845,905,940,
27695,7383,3552,3831,12919,6259,6660,14764,7096,7668,12917,6253,6664,7381,3480,3901,1845,905,940,
27700,7384,3552,3832,12922,6261,6661,14767,7098,7669,12920,6254,6666,7381,3480,3901,1846,905,941,
27705,7386,3553,3833,12922,6261,6661,14768,7098,7670,12922,6256,6666,7383,3481,3902,1846,905,941,
27710,7387,3553,3834,12926,6263,6663,14772,7100,7672,12924,6258,6666,7385,3483,3902,1846,905,941,
27715,7388,3554,3834,12929,6264,6665,14775,7103,7672,12927,6260,6667,7385,3483,3902,1847,906,941,
27720,7390,3554,3836,12929,6264,6665,14776,7103,7673,12929,6260,6669,7387,3484,3903,1847,906,941,
27725,7391,3555,3836,12933,6265,6668,14780,7104,7676,12931,6260,6671,7389,3486,3903,1847,906,941,
27730,7392,3555,3837,12936,6266,6670,14783,7106,7677,12934,6262,6672,7389,3486,3903,1848,906,942,
27735,7394,3557,3837,12936,6266,6670,14784,7106,7678,12936,6263,6673,7391,3488,3903,1848,906,942,
27740,7395,3558,3837,12940,6269,6671,14788,7109,7679,12938,6263,6675,7393,3490,3903,1848,906,942,
27745,7396,3559,3837,12943,6269,6674,14791,7110,7681,12941,6264,6677,7393,3490,3903,1849,907,942,
27750,7398,3560,3838,12943,6269,6674,14792,7110,7682,12943,6264,6679,7395,3491,3904,1849,907,942,
27755,7399,3561,3838,12947,6270,6677,14796,7111,7685,12945,6264,6681,7397,3493,3904,1849,907,942,
27760,7400,3561,3839,12950,6272,6678,14799,7112,7687,12948,6264,6684,7397,3493,3904,1850,907,943,
27765,7402,3562,3840,12950,6272,6678,14800,7113,7687,12950,6266,6684,7399,3494,3905,1850,907,943,
27770,7403,3562,3841,12954,6274,6680,14804,7114,7690,12952,6268,6684,7401,3495,3906,1850,907,943,
27775,7404,3562,3842,12957,6276,6681,14807,7115,7692,12955,6270,6685,7401,3495,3906,1851,908,943,
27780,7406,3563,3843,12957,6276,6681,14808,7115,7693,12957,6271,6686,7403,3496,3907,1851,908,943,
27785,7407,3564,3843,12961,6277,6684,14812,7117,7695,12959,6273,6686,7405,3497,3908,1851,908,943,
27790,7408,3564,3844,12964,6279,6685,14815,7118,7697,12962,6274,6688,7405,3497,3908,1852,909,943,
27795,7410,3565,3845,12964,6279,6685,14816,7118,7698,12964,6275,6689,7407,3498,3909,1852,909,943,
27800,7411,3566,3845,12968,6281,6687,14820,7120,7700,12966,6276,6690,7409,3500,3909,1852,909,943,
27805,7412,3566,3846,12971,6281,6690,14823,7121,7702,12969,6278,6691,7409,3500,3909,1853,910,943,
27810,7414,3566,3848,12971,6281,6690,14824,7122,7702,12971,6278,6693,7411,3500,3911,1853,910,943,
27815,7415,3566,3849,12975,6284,6691,14828,7126,7702,12973,6278,6695,7413,3501,3912,1853,910,943,
27820,7416,3566,3850,12978,6287,6691,14831,7128,7703,12976,6279,6697,7413,3501,3912,1854,911,943,
27825,7418,3568,3850,12978,6287,6691,14832,7128,7704,12978,6281,6697,7415,3503,3912,1854,911,943,
27830,7419,3568,3851,12982,6288,6694,14836,7130,7706,12980,6283,6697,7417,3504,3913,1854,911,943,
27835,7420,3568,3852,12985,6288,6697,14839,7131,7708,12983,6284,6699,7417,3504,3913,1855,911,944,
27840,7422,3569,3853,12985,6288,6697,14840,7131,7709,12985,6286,6699,7419,3506,3913,1855,911,944,
27845,7423,3570,3853,12989,6288,6701,14844,7131,7713,12987,6288,6699,7421,3506,3915,1855,911,944,
27850,7424,3570,3854,12992,6289,6703,14847,7131,7716,12990,6289,6701,7421,3506,3915,1856,911,945,
27855,7426,3571,3855,12992,6289,6703,14848,7131,7717,12992,6291,6701,7423,3507,3916,1856,911,945,
27860,7427,3571,3856,12996,6290,6706,14852,7133,7719,12994,6291,6703,7425,3508,3917,1856,911,945,
27865,7428,3571,3857,12999,6290,6709,14855,7135,7720,12997,6293,6704,7425,3508,3917,1857,912,945,
27870,7430,3571,3859,12999,6290,6709,14856,7136,7720,12999,6293,6706,7427,3510,3917,1857,912,945,
27875,7431,3571,3860,13003,6293,6710,14860,7139,7721,13001,6295,6706,7429,3511,3918,1857,912,945,
27880,7432,3571,3861,13006,6295,6711,14863,7140,7723,13004,6296,6708,7429,3511,3918,1858,912,946,
27885,7434,3571,3863,13006,6295,6711,14864,7141,7723,13006,6298,6708,7431,3512,3919,1858,912,946,
27890,7435,3571,3864,13010,6297,6713,14868,7144,7724,13008,6299,6709,7433,3513,3920,1858,912,946,
27895,7436,3571,3865,13013,6297,6716,14871,7144,7727,13011,6301,6710,7433,3513,3920,1859,913,946,
27900,7438,3572,3866,13013,6297,6716,14872,7144,7728,13013,6302,6711,7435,3513,3922,1859,913,946,
27905,7439,3572,3867,13017,6298,6719,14876,7144,7732,13015,6303,6712,7437,3514,3923,1859,913,946,
27910,7440,3572,3868,13020,6298,6722,14879,7145,7734,13018,6305,6713,7437,3514,3923,1860,914,946,
27915,7442,3573,3869,13020,6298,6722,14880,7145,7735,13020,6306,6714,7439,3514,3925,1860,914,946,
27920,7443,3574,3869,13024,6299,6725,14884,7147,7737,13022,6307,6715,7441,3515,3926,1860,914,946,
27925,7444,3575,3869,13027,6301,6726,14887,7148,7739,13025,6310,6715,7441,3515,3926,1861,914,947,
27930,7446,3577,3869,13027,6301,6726,14888,7149,7739,13027,6310,6717,7443,3516,3927,1861,914,947,
27935,7447,3578,3869,13031,6303,6728,14892,7150,7742,13029,6312,6717,7445,3517,3928,1861,914,947,
27940,7448,3578,3870,13034,6305,6729,14895,7151,7744,13032,6314,6718,7445,3517,3928,1862,915,947,
27945,7450,3580,3870,13034,6305,6729,14896,7152,7744,13034,6314,6720,7447,3517,3930,1862,915,947,
27950,7451,3581,3870,13038,6308,6730,14900,7155,7745,13036,6314,6722,7449,3517,3932,1862,915,947,
27955,7452,3581,3871,13041,6309,6732,14903,7157,7746,13039,6316,6723,7449,3517,3932,1863,915,948,
27960,7454,3582,3872,13041,6309,6732,14904,7157,7747,13041,6317,6724,7451,3517,3934,1863,915,948,
27965,7455,3583,3872,13045,6310,6735,14908,7158,7750,13043,6318,6725,7453,3517,3936,1863,915,948,
27970,7456,3584,3872,13048,6311,6737,14911,7158,7753,13046,6320,6726,7453,3517,3936,1864,916,948,
27975,7458,3584,3874,13048,6311,6737,14912,7159,7753,13048,6321,6727,7455,3519,3936,1864,916,948,
27980,7459,3584,3875,13052,6312,6740,14916,7163,7753,13050,6322,6728,7457,3520,3937,1864,916,948,
27985,7460,3584,3876,13055,6313,6742,14919,7164,7755,13053,6324,6729,7457,3520,3937,1865,917,948,
27990,7462,3584,3878,13055,6313,6742,14920,7165,7755,13055,6325,6730,7459,3522,3937,1865,917,948,
27995,7463,3585,3878,13059,6315,6744,14924,7167,7757,13057,6326,6731,7461,3523,3938,1865,917,948,
28000,7464,3586,3878,13062,6317,6745,14927,7167,7760,13060,6326,6734,7461,3523,3938,1866,917,949,
28005,7466,3587,3879,13062,6317,6745,14928,7167,7761,13062,6328,6734,7463,3524,3939,1866,917,949,
28010,7467,3587,3880,13066,6319,6747,14932,7168,7764,13064,6330,6734,7465,3525,3940,1866,917,949,
28015,7468,3587,3881,13069,6321,6748,14935,7170,7765,13067,6331,6736,7465,3525,3940,1867,918,949,
28020,7470,3589,3881,13069,6321,6748,14936,7171,7765,13069,6332,6737,7467,3525,3942,1867,918,949,
28025,7471,3589,3882,13073,6323,6750,14940,7174,7766,13071,6334,6737,7469,3525,3944,1867,918,949,
28030,7472,3589,3883,13076,6324,6752,14943,7176,7767,13074,6335,6739,7469,3525,3944,1868,918,950,
28035,7474,3590,3884,13076,6324,6752,14944,7176,7768,13076,6337,6739,7471,3525,3946,1868,918,950,
28040,7475,3591,3884,13080,6326,6754,14948,7178,7770,13078,6339,6739,7473,3525,3948,1868,918,950,
28045,7476,3591,3885,13083,6327,6756,14951,7180,7771,13081,6340,6741,7473,3525,3948,1869,918,951,
28050,7478,3593,3885,13083,6327,6756,14952,7180,7772,13083,6342,6741,7475,3526,3949,1869,918,951,
28055,7479,3593,3886,13087,6328,6759,14956,7182,7774,13085,6342,6743,7477,3527,3950,1869,918,951,
28060,7480,3593,3887,13090,6328,6762,14959,7182,7777,13088,6345,6743,7477,3527,3950,1870,919,951,
28065,7482,3594,3888,13090,6328,6762,14960,7183,7777,13090,6346,6744,7479,3528,3951,1870,919,951,
28070,7483,3594,3889,13094,6330,6764,14964,7184,7780,13092,6346,6746,7481,3529,3952,1870,919,951,
28075,7484,3595,3889,13097,6331,6766,14967,7187,7780,13095,6348,6747,7481,3529,3952,1871,919,952,
28080,7486,3596,3890,13097,6331,6766,14968,7188,7780,13097,6350,6747,7483,3530,3953,1871,919,952,
28085,7487,3596,3891,13101,6333,6768,14972,7192,7780,13099,6350,6749,7485,3531,3954,1871,919,952,
28090,7488,3597,3891,13104,6335,6769,14975,7195,7780,13102,6352,6750,7485,3531,3954,1872,920,952,
28095,7490,3599,3891,13104,6335,6769,14976,7195,7781,13104,6354,6750,7487,3532,3955,1872,920,952,
28100,7491,3600,3891,13108,6336,6772,14980,7196,7784,13106,6355,6751,7489,3532,3957,1872,920,952,
28105,7492,3601,3891,13111,6338,6773,14983,7198,7785,13109,6356,6753,7489,3532,3957,1873,920,953,
28110,7494,3603,3891,13111,6338,6773,14984,7199,7785,13111,6357,6754,7491,3534,3957,1873,920,953,
28115,7495,3603,3892,13115,6341,6774,14988,7201,7787,13113,6358,6755,7493,3535,3958,1873,920,953,
28120,7496,3604,3892,13118,6342,6776,14991,7202,7789,13116,6360,6756,7493,3535,3958,1874,921,953,
28125,7498,3604,3894,13118,6342,6776,14992,7202,7790,13118,6361,6757,7495,3536,3959,1874,921,953,
28130,7499,3604,3895,13122,6344,6778,14996,7204,7792,13120,6361,6759,7497,3536,3961,1874,921,953,
28135,7500,3604,3896,13125,6347,6778,14999,7206,7793,13123,6363,6760,7497,3536,3961,1875,921,954,
28140,7502,3605,3897,13125,6347,6778,15000,7207,7793,13125,6364,6761,7499,3536,3963,1875,921,954,
28145,7503,3605,3898,13129,6348,6781,15004,7209,7795,13127,6364,6763,7501,3537,3964,1875,921,954,
28150,7504,3605,3899,13132,6349,6783,15007,7209,7798,13130,6367,6763,7501,3537,3964,1876,921,955,
28155,7506,3606,3900,13132,6349,6783,15008,7210,7798,13132,6368,6764,7503,3537,3966,1876,921,955,
28160,7507,3606,3901,13136,6350,6786,15012,7213,7799,13134,6369,6765,7505,3538,3967,1876,921,955,
28165,7508,3606,3902,13139,6351,6788,15015,7214,7801,13137,6371,6766,7505,3538,3967,1877,922,955,
28170,7510,3608,3902,13139,6351,6788,15016,7215,7801,13139,6372,6767,7507,3538,3969,1877,922,955,
28175,7511,3608,3903,13143,6353,6790,15020,7218,7802,13141,6374,6767,7509,3539,3970,1877,922,955,
28180,7512,3609,3903,13146,6356,6790,15023,7218,7805,13144,6375,6769,7509,3539,3970,1878,922,956,
28185,7514,3611,3903,13146,6356,6790,15024,7219,7805,13146,6376,6770,7511,3541,3970,1878,922,956,
28190,7515,3611,3904,13150,6359,6791,15028,7220,7808,13148,6377,6771,7513,3542,3971,1878,922,956,
28195,7516,3611,3905,13153,6360,6793,15031,7220,7811,13151,6380,6771,7513,3542,3971,1879,922,957,
28200,7518,3612,3906,13153,6360,6793,15032,7221,7811,13153,6381,6772,7515,3543,3972,1879,922,957,
28205,7519,3613,3906,13157,6363,6794,15036,7224,7812,13155,6382,6773,7517,3544,3973,1879,922,957,
28210,7520,3613,3907,13160,6364,6796,15039,7226,7813,13158,6383,6775,7517,3544,3973,1880,923,957,
28215,7522,3613,3909,13160,6364,6796,15040,7227,7813,13160,6385,6775,7519,3546,3973,1880,923,957,
28220,7523,3614,3909,13164,6366,6798,15044,7231,7813,13162,6387,6775,7521,3548,3973,1880,923,957,
28225,7524,3614,3910,13167,6367,6800,15047,7233,7814,13165,6387,6778,7521,3548,3973,1881,924,957,
28230,7526,3614,3912,13167,6367,6800,15048,7234,7814,13167,6389,6778,7523,3548,3975,1881,924,957,
28235,7527,3615,3912,13171,6368,6803,15052,7236,7816,13169,6390,6779,7525,3548,3977,1881,924,957,
28240,7528,3616,3912,13174,6371,6803,15055,7238,7817,13172,6391,6781,7525,3548,3977,1882,924,958,
28245,7530,3618,3912,13174,6371,6803,15056,7239,7817,13174,6392,6782,7527,3548,3979,1882,924,958,
28250,7531,3619,3912,13178,6374,6804,15060,7243,7817,13176,6393,6783,7529,3549,3980,1882,924,958,
28255,7532,3620,3912,13181,6374,6807,15063,7245,7818,13179,6396,6783,7529,3549,3980,1883,925,958,
28260,7534,3622,3912,13181,6374,6807,15064,7245,7819,13181,6397,6784,7531,3549,3982,1883,925,958,
28265,7535,3623,3912,13185,6376,6809,15068,7247,7821,13183,6397,6786,7533,3550,3983,1883,925,958,
28270,7536,3623,3913,13188,6377,6811,15071,7249,7822,13186,6398,6788,7533,3550,3983,1884,925,959,
28275,7538,3624,3914,13188,6377,6811,15072,7249,7823,13188,6399,6789,7535,3551,3984,1884,925,959,
28280,7539,3624,3915,13192,6380,6812,15076,7251,7825,13190,6400,6790,7537,3552,3985,1884,925,959,
28285,7540,3624,3916,13195,6381,6814,15079,7253,7826,13193,6402,6791,7537,3552,3985,1885,925,960,
28290,7542,3625,3917,13195,6381,6814,15080,7254,7826,13195,6402,6793,7539,3554,3985,1885,925,960,
28295,7543,3625,3918,13199,6383,6816,15084,7256,7828,13197,6404,6793,7541,3555,3986,1885,925,960,
28300,7544,3626,3918,13202,6384,6818,15087,7258,7829,13200,6405,6795,7541,3555,3986,1886,926,960,
28305,7546,3627,3919,13202,6384,6818,15088,7258,7830,13202,6406,6796,7543,3555,3988,1886,926,960,
28310,7547,3627,3920,13206,6385,6821,15092,7259,7833,13204,6408,6796,7545,3555,3990,1886,926,960,
28315,7548,3628,3920,13209,6388,6821,15095,7261,7834,13207,6409,6798,7545,3555,3990,1887,927,960,
28320,7550,3629,3921,13209,6388,6821,15096,7262,7834,13209,6410,6799,7547,3557,3990,1887,927,960,
28325,7551,3630,3921,13213,6390,6823,15100,7264,7836,13211,6411,6800,7549,3558,3991,1887,927,960,
28330,7552,3630,3922,13216,6392,6824,15103,7265,7838,13214,6414,6800,7549,3558,3991,1888,927,961,
28335,7554,3631,3923,13216,6392,6824,15104,7265,7839,13216,6415,6801,7551,3559,3992,1888,927,961,
28340,7555,3631,3924,13220,6394,6826,15108,7268,7840,13218,6416,6802,7553,3560,3993,1888,927,961,
28345,7556,3631,3925,13223,6395,6828,15111,7271,7840,13221,6416,6805,7553,3560,3993,1889,927,962,
28350,7558,3633,3925,13223,6395,6828,15112,7272,7840,13223,6418,6805,7555,3562,3993,1889,927,962,
28355,7559,3633,3926,13227,6397,6830,15116,7274,7842,13225,6420,6805,7557,3562,3995,1889,927,962,
28360,7560,3633,3927,13230,6398,6832,15119,7275,7844,13228,6422,6806,7557,3562,3995,1890,927,963,
28365,7562,3633,3929,13230,6398,6832,15120,7275,7845,13230,6423,6807,7559,3563,3996,1890,927,963,
28370,7563,3634,3929,13234,6399,6835,15124,7276,7848,13232,6424,6808,7561,3564,3997,1890,927,963,
28375,7564,3634,3930,13237,6401,6836,15127,7276,7851,13235,6426,6809,7561,3564,3997,1891,928,963,
28380,7566,3635,3931,13237,6401,6836,15128,7277,7851,13237,6427,6810,7563,3565,3998,1891,928,963,
28385,7567,3635,3932,13241,6403,6838,15132,7278,7854,13239,6428,6811,7565,3566,3999,1891,928,963,
28390,7568,3636,3932,13244,6404,6840,15135,7279,7856,13242,6429,6813,7565,3566,3999,1892,929,963,
28395,7570,3637,3933,13244,6404,6840,15136,7279,7857,13244,6430,6814,7567,3568,3999,1892,929,963,
28400,7571,3638,3933,13248,6404,6844,15140,7280,7860,13246,6432,6814,7569,3568,4001,1892,929,963,
28405,7572,3639,3933,13251,6405,6846,15143,7280,7863,13249,6432,6817,7569,3568,4001,1893,929,964,
28410,7574,3639,3935,13251,6405,6846,15144,7280,7864,13251,6434,6817,7571,3570,4001,1893,929,964,
28415,7575,3639,3936,13255,6406,6849,15148,7282,7866,13253,6436,6817,7573,3572,4001,1893,929,964,
28420,7576,3639,3937,13258,6407,6851,15151,7282,7869,13256,6439,6817,7573,3572,4001,1894,930,964,
28425,7578,3641,3937,13258,6407,6851,15152,7282,7870,13258,6440,6818,7575,3573,4002,1894,930,964,
28430,7579,3642,3937,13262,6411,6851,15156,7283,7873,13260,6440,6820,7577,3574,4003,1894,930,964,
28435,7580,3642,3938,13265,6412,6853,15159,7286,7873,13263,6442,6821,7577,3574,4003,1895,930,965,
28440,7582,3644,3938,13265,6412,6853,15160,7286,7874,13265,6442,6823,7579,3574,4005,1895,930,965,
28445,7583,3644,3939,13269,6413,6856,15164,7288,7876,13267,6442,6825,7581,3574,4007,1895,930,965,
28450,7584,3644,3940,13272,6414,6858,15167,7289,7878,13270,6443,6827,7581,3574,4007,1896,930,966,
28455,7586,3644,3942,13272,6414,6858,15168,7289,7879,13272,6445,6827,7583,3574,4009,1896,930,966,
28460,7587,3645,3942,13276,6417,6859,15172,7291,7881,13274,6445,6829,7585,3575,4010,1896,930,966,
28465,7588,3646,3942,13279,6420,6859,15175,7292,7883,13277,6447,6830,7585,3575,4010,1897,930,967,
28470,7590,3646,3944,13279,6420,6859,15176,7292,7884,13279,6449,6830,7587,3577,4010,1897,930,967,
28475,7591,3646,3945,13283,6422,6861,15180,7294,7886,13281,6450,6831,7589,3577,4012,1897,930,967,
28480,7592,3647,3945,13286,6423,6863,15183,7295,7888,13284,6450,6834,7589,3577,4012,1898,931,967,
28485,7594,3648,3946,13286,6423,6863,15184,7296,7888,13286,6451,6835,7591,3577,4014,1898,931,967,
28490,7595,3649,3946,13290,6426,6864,15188,7297,7891,13288,6453,6835,7593,3577,4016,1898,931,967,
28495,7596,3650,3946,13293,6427,6866,15191,7298,7893,13291,6455,6836,7593,3577,4016,1899,932,967,
28500,7598,3652,3946,13293,6427,6866,15192,7298,7894,13293,6456,6837,7595,3578,4017,1899,932,967,
28505,7599,3653,3946,13297,6427,6870,15196,7301,7895,13295,6457,6838,7597,3579,4018,1899,932,967,
28510,7600,3653,3947,13300,6429,6871,15199,7304,7895,13298,6459,6839,7597,3579,4018,1900,932,968,
28515,7602,3653,3949,13300,6429,6871,15200,7305,7895,13300,6461,6839,7599,3580,4019,1900,932,968,
28520,7603,3653,3950,13304,6432,6872,15204,7307,7897,13302,6463,6839,7601,3580,4021,1900,932,968,
28525,7604,3654,3950,13307,6434,6873,15207,7307,7900,13305,6464,6841,7601,3580,4021,1901,933,968,
28530,7606,3655,3951,13307,6434,6873,15208,7307,7901,13307,6466,6841,7603,3581,4022,1901,933,968,
28535,7607,3655,3952,13311,6436,6875,15212,7309,7903,13309,6467,6842,7605,3582,4023,1901,933,968,
28540,7608,3656,3952,13314,6436,6878,15215,7310,7905,13312,6469,6843,7605,3582,4023,1902,933,969,
28545,7610,3657,3953,13314,6436,6878,15216,7310,7906,13314,6469,6845,7607,3583,4024,1902,933,969,
28550,7611,3658,3953,13318,6436,6882,15220,7312,7908,13316,6471,6845,7609,3585,4024,1902,933,969,
28555,7612,3658,3954,13321,6437,6884,15223,7313,7910,13319,6473,6846,7609,3585,4024,1903,934,969,
28560,7614,3658,3956,13321,6437,6884,15224,7313,7911,13321,6475,6846,7611,3586,4025,1903,934,969,
28565,7615,3659,3956,13325,6440,6885,15228,7314,7914,13323,6477,6846,7613,3586,4027,1903,934,969,
28570,7616,3660,3956,13328,6441,6887,15231,7317,7914,13326,6478,6848,7613,3586,4027,1904,934,970,
28575,7618,3662,3956,13328,6441,6887,15232,7317,7915,13328,6479,6849,7615,3588,4027,1904,934,970,
28580,7619,3662,3957,13332,6441,6891,15236,7319,7917,13330,6479,6851,7617,3590,4027,1904,934,970,
28585,7620,3662,3958,13335,6443,6892,15239,7320,7919,13333,6480,6853,7617,3590,4027,1905,934,971,
28590,7622,3663,3959,13335,6443,6892,15240,7320,7920,13335,6480,6855,7619,3591,4028,1905,934,971,
28595,7623,3663,3960,13339,6444,6895,15244,7321,7923,13337,6482,6855,7621,3592,4029,1905,934,971,
28600,7624,3664,3960,13342,6445,6897,15247,7323,7924,13340,6484,6856,7621,3592,4029,1906,934,972,
28605,7626,3665,3961,13342,6445,6897,15248,7323,7925,13342,6486,6856,7623,3593,4030,1906,934,972,
28610,7627,3666,3961,13346,6448,6898,15252,7327,7925,13344,6488,6856,7625,3593,4032,1906,934,972,
28615,7628,3666,3962,13349,6449,6900,15255,7328,7927,13347,6490,6857,7625,3593,4032,1907,934,973,
28620,7630,3666,3964,13349,6449,6900,15256,7329,7927,13349,6491,6858,7627,3594,4033,1907,934,973,
28625,7631,3666,3965,13353,6452,6901,15260,7332,7928,13351,6491,6860,7629,3596,4033,1907,934,973,
28630,7632,3667,3965,13356,6454,6902,15263,7332,7931,13354,6493,6861,7629,3596,4033,1908,934,974,
28635,7634,3668,3966,13356,6454,6902,15264,7332,7932,13356,6494,6862,7631,3597,4034,1908,934,974,
28640,7635,3668,3967,13360,6455,6905,15268,7333,7935,13358,6496,6862,7633,3597,4036,1908,934,974,
28645,7636,3668,3968,13363,6456,6907,15271,7333,7938,13361,6498,6863,7633,3597,4036,1909,934,975,
28650,7638,3669,3969,13363,6456,6907,15272,7334,7938,13363,6499,6864,7635,3598,4037,1909,934,975,
28655,7639,3669,3970,13367,6458,6909,15276,7336,7940,13365,6500,6865,7637,3599,4038,1909,934,975,
28660,7640,3670,3970,13370,6461,6909,15279,7338,7941,13368,6501,6867,7637,3599,4038,1910,934,976,
28665,7642,3671,3971,13370,6461,6909,15280,7338,7942,13370,6501,6869,7639,3599,4040,1910,934,976,
28670,7643,3671,3972,13374,6462,6912,15284,7340,7944,13372,6502,6870,7641,3599,4042,1910,934,976,
28675,7644,3672,3972,13377,6465,6912,15287,7341,7946,13375,6503,6872,7641,3599,4042,1911,934,977,
28680,7646,3672,3974,13377,6465,6912,15288,7341,7947,13377,6504,6873,7643,3600,4043,1911,934,977,
28685,7647,3672,3975,13381,6467,6914,15292,7343,7949,13379,6505,6874,7645,3602,4043,1911,934,977,
28690,7648,3672,3976,13384,6468,6916,15295,7344,7951,13382,6507,6875,7645,3602,4043,1912,935,977,
28695,7650,3673,3977,13384,6468,6916,15296,7345,7951,13384,6507,6877,7647,3602,4045,1912,935,977,
28700,7651,3673,3978,13388,6469,6919,15300,7345,7955,13386,6509,6877,7649,3603,4046,1912,935,977,
28705,7652,3673,3979,13391,6470,6921,15303,7347,7956,13389,6510,6879,7649,3603,4046,1913,936,977,
28710,7654,3675,3979,13391,6470,6921,15304,7347,7957,13391,6511,6880,7651,3605,4046,1913,936,977,
28715,7655,3676,3979,13395,6471,6924,15308,7350,7958,13393,6512,6881,7653,3605,4048,1913,936,977,
28720,7656,3676,3980,13398,6473,6925,15311,7352,7959,13396,6515,6881,7653,3605,4048,1914,936,978,
28725,7658,3676,3982,13398,6473,6925,15312,7353,7959,13398,6517,6881,7655,3606,4049,1914,936,978,
28730,7659,3676,3983,13402,6475,6927,15316,7355,7961,13400,6518,6882,7657,3607,4050,1914,936,978,
28735,7660,3677,3983,13405,6476,6929,15319,7356,7963,13403,6519,6884,7657,3607,4050,1915,936,979,
28740,7662,3678,3984,13405,6476,6929,15320,7357,7963,13405,6519,6886,7659,3608,4051,1915,936,979,
28745,7663,3678,3985,13409,6479,6930,15324,7358,7966,13407,6520,6887,7661,3608,4053,1915,936,979,
28750,7664,3679,3985,13412,6480,6932,15327,7358,7969,13410,6521,6889,7661,3608,4053,1916,937,979,
28755,7666,3679,3987,13412,6480,6932,15328,7359,7969,13412,6521,6891,7663,3609,4054,1916,937,979,
28760,7667,3679,3988,13416,6483,6933,15332,7362,7970,13414,6522,6892,7665,3610,4055,1916,937,979,
28765,7668,3679,3989,13419,6485,6934,15335,7362,7973,13417,6523,6894,7665,3610,4055,1917,937,980,
28770,7670,3680,3990,13419,6485,6934,15336,7363,7973,13419,6524,6895,7667,3611,4056,1917,937,980,
28775,7671,3681,3990,13423,6489,6934,15340,7364,7976,13421,6525,6896,7669,3611,4058,1917,937,980,
28780,7672,3681,3991,13426,6491,6935,15343,7366,7977,13424,6526,6898,7669,3611,4058,1918,938,980,
28785,7674,3682,3992,13426,6491,6935,15344,7366,7978,13426,6526,6900,7671,3612,4059,1918,938,980,
28790,7675,3683,3992,13430,6492,6938,15348,7369,7979,13428,6526,6902,7673,3613,4060,1918,938,980,
28795,7676,3684,3992,13433,6495,6938,15351,7372,7979,13431,6526,6905,7673,3613,4060,1919,938,981,
28800,7678,3685,3993,13433,6495,6938,15352,7372,7980,13433,6527,6906,7675,3614,4061,1919,938,981,
28805,7679,3686,3993,13437,6498,6939,15356,7372,7984,13435,6528,6907,7677,3615,4062,1919,938,981,
28810,7680,3687,3993,13440,6500,6940,15359,7375,7984,13438,6530,6908,7677,3615,4062,1920,938,982,
28815,7682,3689,3993,13440,6500,6940,15360,7376,7984,13440,6531,6909,7679,3615,4064,1920,938,982,
28820,7683,3689,3994,13444,6502,6942,15364,7379,7985,13442,6532,6910,7681,3616,4065,1920,938,982,
28825,7684,3689,3995,13447,6504,6943,15367,7380,7987,13445,6533,6912,7681,3616,4065,1921,938,983,
28830,7686,3689,3997,13447,6504,6943,15368,7380,7988,13447,6534,6913,7683,3617,4066,1921,938,983,
28835,7687,3690,3997,13451,6507,6944,15372,7383,7989,13449,6535,6914,7685,3619,4066,1921,938,983,
28840,7688,3691,3997,13454,6510,6944,15375,7386,7989,13452,6536,6916,7685,3619,4066,1922,938,984,
28845,7690,3692,3998,13454,6510,6944,15376,7386,7990,13454,6536,6918,7687,3621,4066,1922,938,984,
28850,7691,3693,3998,13458,6512,6946,15380,7389,7991,13456,6537,6919,7689,3622,4067,1922,938,984,
28855,7692,3693,3999,13461,6514,6947,15383,7390,7993,13459,6539,6920,7689,3622,4067,1923,938,985,
28860,7694,3694,4000,13461,6514,6947,15384,7391,7993,13461,6539,6922,7691,3623,4068,1923,938,985,
28865,7695,3695,4000,13465,6518,6947,15388,7395,7993,13463,6541,6922,7693,3623,4070,1923,938,985,
28870,7696,3695,4001,13468,6521,6947,15391,7397,7994,13466,6542,6924,7693,3623,4070,1924,939,985,
28875,7698,3696,4002,13468,6521,6947,15392,7397,7995,13468,6542,6926,7695,3624,4071,1924,939,985,
28880,7699,3696,4003,13472,6523,6949,15396,7399,7997,13470,6543,6927,7697,3626,4071,1924,939,985,
28885,7700,3696,4004,13475,6524,6951,15399,7402,7997,13473,6544,6929,7697,3626,4071,1925,940,985,
28890,7702,3696,4006,13475,6524,6951,15400,7403,7997,13475,6545,6930,7699,3628,4071,1925,940,985,
28895,7703,3696,4007,13479,6526,6953,15404,7406,7998,13477,6545,6932,7701,3629,4072,1925,940,985,
28900,7704,3696,4008,13482,6527,6955,15407,7407,8000,13480,6547,6933,7701,3629,4072,1926,941,985,
28905,7706,3697,4009,13482,6527,6955,15408,7407,8001,13482,6547,6935,7703,3631,4072,1926,941,985,
28910,7707,3697,4010,13486,6528,6958,15412,7410,8002,13484,6549,6935,7705,3633,4072,1926,941,985,
28915,7708,3698,4010,13489,6530,6959,15415,7411,8004,13487,6552,6935,7705,3633,4072,1927,942,985,
28920,7710,3699,4011,13489,6530,6959,15416,7411,8005,13489,6553,6936,7707,3634,4073,1927,942,985,
28925,7711,3700,4011,13493,6532,6961,15420,7411,8009,13491,6553,6938,7709,3634,4075,1927,942,985,
28930,7712,3701,4011,13496,6533,6963,15423,7414,8009,13494,6554,6940,7709,3634,4075,1928,942,986,
28935,7714,3703,4011,13496,6533,6963,15424,7414,8010,13496,6555,6941,7711,3634,4077,1928,942,986,
28940,7715,3704,4011,13500,6537,6963,15428,7414,8014,13498,6556,6942,7713,3634,4079,1928,942,986,
28945,7716,3705,4011,13503,6539,6964,15431,7415,8016,13501,6557,6944,7713,3634,4079,1929,943,986,
28950,7718,3706,4012,13503,6539,6964,15432,7416,8016,13503,6558,6945,7715,3635,4080,1929,943,986,
28955,7719,3707,4012,13507,6540,6967,15436,7418,8018,13505,6559,6946,7717,3636,4081,1929,943,986,
28960,7720,3707,4013,13510,6543,6967,15439,7419,8020,13508,6559,6949,7717,3636,4081,1930,944,986,
28965,7722,3707,4015,13510,6543,6967,15440,7419,8021,13510,6560,6950,7719,3637,4082,1930,944,986,
28970,7723,3708,4015,13514,6546,6968,15444,7422,8022,13512,6561,6951,7721,3638,4083,1930,944,986,
28975,7724,3708,4016,13517,6547,6970,15447,7422,8025,13515,6563,6952,7721,3638,4083,1931,945,986,
28980,7726,3708,4018,13517,6547,6970,15448,7422,8026,13517,6565,6952,7723,3639,4084,1931,945,986,
28985,7727,3708,4019,13521,6549,6972,15452,7424,8028,13519,6566,6953,7725,3639,4086,1931,945,986,
28990,7728,3708,4020,13524,6550,6974,15455,7425,8030,13522,6567,6955,7725,3639,4086,1932,945,987,
28995,7730,3709,4021,13524,6550,6974,15456,7425,8031,13524,6568,6956,7727,3639,4088,1932,945,987,
29000,7731,3709,4022,13528,6552,6976,15460,7426,8034,13526,6568,6958,7729,3639,4090,1932,945,987,
29005,7732,3710,4022,13531,6552,6979,15463,7427,8036,13529,6570,6959,7729,3639,4090,1933,946,987,
29010,7734,3712,4022,13531,6552,6979,15464,7427,8037,13531,6572,6959,7731,3639,4092,1933,946,987,
29015,7735,3713,4022,13535,6554,6981,15468,7429,8039,13533,6573,6960,7733,3639,4094,1933,946,987,
29020,7736,3713,4023,13538,6555,6983,15471,7430,8041,13536,6575,6961,7733,3639,4094,1934,947,987,
29025,7738,3713,4025,13538,6555,6983,15472,7430,8042,13538,6575,6963,7735,3639,4096,1934,947,987,
29030,7739,3713,4026,13542,6558,6984,15476,7432,8044,13540,6576,6964,7737,3639,4098,1934,947,987,
29035,7740,3714,4026,13545,6559,6986,15479,7434,8045,13543,6578,6965,7737,3639,4098,1935,948,987,
29040,7742,3715,4027,13545,6559,6986,15480,7435,8045,13545,6580,6965,7739,3640,4099,1935,948,987,
29045,7743,3715,4028,13549,6562,6987,15484,7436,8048,13547,6580,6967,7741,3641,4100,1935,948,987,
29050,7744,3715,4029,13552,6563,6989,15487,7438,8049,13550,6581,6969,7741,3641,4100,1936,948,988,
29055,7746,3717,4029,13552,6563,6989,15488,7438,8050,13552,6582,6970,7743,3643,4100,1936,948,988,
29060,7747,3718,4029,13556,6566,6990,15492,7438,8054,13554,6582,6972,7745,3645,4100,1936,948,988,
29065,7748,3718,4030,13559,6568,6991,15495,7441,8054,13557,6583,6974,7745,3645,4100,1937,948,989,
29070,7750,3719,4031,13559,6568,6991,15496,7441,8055,13559,6585,6974,7747,3647,4100,1937,948,989,
29075,7751,3720,4031,13563,6569,6994,15500,7445,8055,13561,6585,6976,7749,3649,4100,1937,948,989,
29080,7752,3720,4032,13566,6571,6995,15503,7447,8056,13564,6586,6978,7749,3649,4100,1938,948,990,
29085,7754,3720,4034,13566,6571,6995,15504,7447,8057,13566,6587,6979,7751,3650,4101,1938,948,990,
29090,7755,3721,4034,13570,6572,6998,15508,7450,8058,13568,6588,6980,7753,3650,4103,1938,948,990,
29095,7756,3722,4034,13573,6573,7000,15511,7453,8058,13571,6590,6981,7753,3650,4103,1939,949,990,
29100,7758,3723,4035,13573,6573,7000,15512,7454,8058,13573,6591,6982,7755,3652,4103,1939,949,990,
29105,7759,3723,4036,13577,6573,7004,15516,7456,8060,13575,6592,6983,7757,3653,4104,1939,949,990,
29110,7760,3723,4037,13580,6574,7006,15519,7457,8062,13578,6594,6984,7757,3653,4104,1940,949,991,
29115,7762,3724,4038,13580,6574,7006,15520,7458,8062,13580,6595,6985,7759,3653,4106,1940,949,991,
29120,7763,3724,4039,13584,6577,7007,15524,7461,8063,13582,6596,6986,7761,3655,4106,1940,949,991,
29125,7764,3724,4040,13587,6580,7007,15527,7462,8065,13585,6597,6988,7761,3655,4106,1941,950,991,
29130,7766,3724,4042,13587,6580,7007,15528,7462,8066,13587,6597,6990,7763,3656,4107,1941,950,991,
29135,7767,3724,4043,13591,6581,7010,15532,7464,8068,13589,6597,6992,7765,3657,4108,1941,950,991,
29140,7768,3724,4044,13594,6582,7012,15535,7467,8068,13592,6597,6995,7765,3657,4108,1942,950,992,
29145,7770,3726,4044,13594,6582,7012,15536,7468,8068,13594,6598,6996,7767,3659,4108,1942,950,992,
29150,7771,3726,4045,13598,6583,7015,15540,7471,8069,13596,6599,6997,7769,3659,4110,1942,950,992,
29155,7772,3727,4045,13601,6585,7016,15543,7473,8070,13599,6601,6998,7769,3659,4110,1943,951,992,
29160,7774,3728,4046,13601,6585,7016,15544,7473,8071,13601,6603,6998,7771,3660,4111,1943,951,992,
29165,7775,3728,4047,13605,6588,7017,15548,7474,8074,13603,6604,6999,7773,3661,4112,1943,951,992,
29170,7776,3729,4047,13608,6589,7019,15551,7475,8076,13606,6606,7000,7773,3661,4112,1944,951,993,
29175,7778,3729,4049,13608,6589,7019,15552,7475,8077,13608,6606,7002,7775,3661,4114,1944,951,993,
29180,7779,3730,4049,13612,6590,7022,15556,7477,8079,13610,6606,7004,7777,3661,4116,1944,951,993,
29185,7780,3731,4049,13615,6592,7023,15559,7478,8081,13613,6608,7005,7777,3661,4116,1945,951,994,
29190,7782,3731,4051,13615,6592,7023,15560,7479,8081,13615,6610,7005,7779,3662,4117,1945,951,994,
29195,7783,3732,4051,13619,6593,7026,15564,7482,8082,13617,6612,7005,7781,3663,4118,1945,951,994,
29200,7784,3732,4052,13622,6595,7027,15567,7485,8082,13620,6614,7006,7781,3663,4118,1946,951,995,
29205,7786,3733,4053,13622,6595,7027,15568,7486,8082,13622,6615,7007,7783,3663,4120,1946,951,995,
29210,7787,3733,4054,13626,6597,7029,15572,7489,8083,13624,6615,7009,7785,3664,4121,1946,951,995,
29215,7788,3734,4054,13629,6599,7030,15575,7490,8085,13627,6617,7010,7785,3664,4121,1947,952,995,
29220,7790,3735,4055,13629,6599,7030,15576,7491,8085,13629,6618,7011,7787,3666,4121,1947,952,995,
29225,7791,3735,4056,13633,6600,7033,15580,7493,8087,13631,6620,7011,7789,3668,4121,1947,952,995,
29230,7792,3735,4057,13636,6600,7036,15583,7493,8090,13634,6623,7011,7789,3668,4121,1948,952,996,
29235,7794,3736,4058,13636,6600,7036,15584,7494,8090,13636,6623,7013,7791,3669,4122,1948,952,996,
29240,7795,3737,4058,13640,6601,7039,15588,7496,8092,13638,6625,7013,7793,3671,4122,1948,952,996,
29245,7796,3737,4059,13643,6603,7040,15591,7497,8094,13641,6626,7015,7793,3671,4122,1949,952,997,
29250,7798,3739,4059,13643,6603,7040,15592,7497,8095,13643,6627,7016,7795,3672,4123,1949,952,997,
29255,7799,3739,4060,13647,6605,7042,15596,7499,8097,13645,6629,7016,7797,3672,4125,1949,952,997,
29260,7800,3740,4060,13650,6608,7042,15599,7501,8098,13648,6630,7018,7797,3672,4125,1950,952,998,
29265,7802,3742,4060,13650,6608,7042,15600,7501,8099,13650,6631,7019,7799,3673,4126,1950,952,998,
29270,7803,3743,4060,13654,6610,7044,15604,7502,8102,13652,6633,7019,7801,3673,4128,1950,952,998,
29275,7804,3743,4061,13657,6613,7044,15607,7502,8105,13655,6634,7021,7801,3673,4128,1951,953,998,
29280,7806,3743,4063,13657,6613,7044,15608,7503,8105,13657,6634,7023,7803,3674,4129,1951,953,998,
29285,7807,3743,4064,13661,6615,7046,15612,7506,8106,13659,6634,7025,7805,3675,4130,1951,953,998,
29290,7808,3743,4065,13664,6616,7048,15615,7508,8107,13662,6636,7026,7805,3675,4130,1952,954,998,
29295,7810,3745,4065,13664,6616,7048,15616,7508,8108,13664,6637,7027,7807,3676,4131,1952,954,998,
29300,7811,3746,4065,13668,6620,7048,15620,7510,8110,13666,6639,7027,7809,3678,4131,1952,954,998,
29305,7812,3746,4066,13671,6621,7050,15623,7512,8111,13669,6640,7029,7809,3678,4131,1953,954,999,
29310,7814,3746,4068,13671,6621,7050,15624,7512,8112,13671,6641,7030,7811,3679,4132,1953,954,999,
29315,7815,3747,4068,13675,6623,7052,15628,7515,8113,13673,6641,7032,7813,3681,4132,1953,954,999,
29320,7816,3748,4068,13678,6624,7054,15631,7516,8115,13676,6642,7034,7813,3681,4132,1954,955,999,
29325,7818,3750,4068,13678,6624,7054,15632,7516,8116,13678,6643,7035,7815,3683,4132,1954,955,999,
29330,7819,3750,4069,13682,6624,7058,15636,7517,8119,13680,6643,7037,7817,3684,4133,1954,955,999,
29335,7820,3751,4069,13685,6625,7060,15639,7518,8121,13683,6643,7040,7817,3684,4133,1955,956,999,
29340,7822,3752,4070,13685,6625,7060,15640,7519,8121,13685,6644,7041,7819,3684,4135,1955,956,999,
29345,7823,3753,4070,13689,6626,7063,15644,7521,8123,13687,6645,7042,7821,3685,4136,1955,956,999,
29350,7824,3753,4071,13692,6628,7064,15647,7522,8125,13690,6645,7045,7821,3685,4136,1956,957,999,
29355,7826,3755,4071,13692,6628,7064,15648,7522,8126,13692,6647,7045,7823,3686,4137,1956,957,999,
29360,7827,3756,4071,13696,6630,7066,15652,7524,8128,13694,6647,7047,7825,3687,4138,1956,957,999,
29365,7828,3756,4072,13699,6633,7066,15655,7527,8128,13697,6650,7047,7825,3687,4138,1957,957,1000,
29370,7830,3758,4072,13699,6633,7066,15656,7527,8129,13699,6651,7048,7827,3688,4139,1957,957,1000,
29375,7831,3758,4073,13703,6634,7069,15660,7530,8130,13701,6652,7049,7829,3688,4141,1957,957,1000,
29380,7832,3759,4073,13706,6635,7071,15663,7532,8131,13704,6654,7050,7829,3688,4141,1958,958,1000,
29385,7834,3761,4073,13706,6635,7071,15664,7533,8131,13706,6655,7051,7831,3689,4142,1958,958,1000,
29390,7835,3761,4074,13710,6638,7072,15668,7535,8133,13708,6655,7053,7833,3689,4144,1958,958,1000,
29395,7836,3761,4075,13713,6639,7074,15671,7537,8134,13711,6658,7053,7833,3689,4144,1959,958,1001,
29400,7838,3763,4075,13713,6639,7074,15672,7538,8134,13713,6660,7053,7835,3691,4144,1959,958,1001,
29405,7839,3764,4075,13717,6641,7076,15676,7540,8136,13715,6661,7054,7837,3691,4146,1959,958,1001,
29410,7840,3764,4076,13720,6642,7078,15679,7542,8137,13718,6662,7056,7837,3691,4146,1960,958,1002,
29415,7842,3766,4076,13720,6642,7078,15680,7543,8137,13720,6663,7057,7839,3692,4147,1960,958,1002,
29420,7843,3767,4076,13724,6645,7079,15684,7545,8139,13722,6665,7057,7841,3692,4149,1960,958,1002,
29425,7844,3768,4076,13727,6647,7080,15687,7547,8140,13725,6667,7058,7841,3692,4149,1961,959,1002,
29430,7846,3769,4077,13727,6647,7080,15688,7547,8141,13727,6667,7060,7843,3693,4150,1961,959,1002,
29435,7847,3770,4077,13731,6648,7083,15692,7550,8142,13729,6668,7061,7845,3695,4150,1961,959,1002,
29440,7848,3770,4078,13734,6650,7084,15695,7553,8142,13732,6670,7062,7845,3695,4150,1962,960,1002,
29445,7850,3771,4079,13734,6650,7084,15696,7553,8143,13734,6672,7062,7847,3696,4151,1962,960,1002,
29450,7851,3771,4080,13738,6651,7087,15700,7555,8145,13736,6672,7064,7849,3696,4153,1962,960,1002,
29455,7852,3771,4081,13741,6652,7089,15703,7556,8147,13739,6674,7065,7849,3696,4153,1963,961,1002,
29460,7854,3773,4081,13741,6652,7089,15704,7557,8147,13741,6675,7066,7851,3696,4155,1963,961,1002,
29465,7855,3774,4081,13745,6654,7091,15708,7559,8149,13743,6675,7068,7853,3696,4157,1963,961,1002,
29470,7856,3775,4081,13748,6656,7092,15711,7560,8151,13746,6676,7070,7853,3696,4157,1964,961,1003,
29475,7858,3776,4082,13748,6656,7092,15712,7560,8152,13748,6677,7071,7855,3697,4158,1964,961,1003,
29480,7859,3777,4082,13752,6657,7095,15716,7562,8154,13750,6678,7072,7857,3699,4158,1964,961,1003,
29485,7860,3778,4082,13755,6658,7097,15719,7562,8157,13753,6681,7072,7857,3699,4158,1965,962,1003,
29490,7862,3778,4084,13755,6658,7097,15720,7562,8158,13755,6681,7074,7859,3700,4159,1965,962,1003,
29495,7863,3779,4084,13759,6660,7099,15724,7566,8158,13757,6681,7076,7861,3700,4161,1965,962,1003,
29500,7864,3779,4085,13762,6660,7102,15727,7566,8161,13760,6682,7078,7861,3700,4161,1966,962,1004,
29505,7866,3780,4086,13762,6660,7102,15728,7567,8161,13762,6682,7080,7863,3700,4163,1966,962,1004,
29510,7867,3780,4087,13766,6664,7102,15732,7569,8163,13764,6684,7080,7865,3700,4165,1966,962,1004,
29515,7868,3781,4087,13769,6666,7103,15735,7572,8163,13767,6685,7082,7865,3700,4165,1967,962,1005,
29520,7870,3782,4088,13769,6666,7103,15736,7572,8164,13769,6687,7082,7867,3701,4166,1967,962,1005,
29525,7871,3782,4089,13773,6667,7106,15740,7573,8167,13771,6689,7082,7869,3703,4166,1967,962,1005,
29530,7872,3783,4089,13776,6668,7108,15743,7576,8167,13774,6690,7084,7869,3703,4166,1968,962,1006,
29535,7874,3784,4090,13776,6668,7108,15744,7576,8168,13776,6690,7086,7871,3704,4167,1968,962,1006,
29540,7875,3785,4090,13780,6669,7111,15748,7578,8170,13778,6691,7087,7873,3705,4168,1968,962,1006,
29545,7876,3785,4091,13783,6669,7114,15751,7580,8171,13781,6692,7089,7873,3705,4168,1969,962,1007,
29550,7878,3787,4091,13783,6669,7114,15752,7580,8172,13783,6693,7090,7875,3706,4169,1969,962,1007,
29555,7879,3788,4091,13787,6670,7117,15756,7582,8174,13785,6694,7091,7877,3706,4171,1969,962,1007,
29560,7880,3789,4091,13790,6671,7119,15759,7582,8177,13788,6695,7093,7877,3706,4171,1970,963,1007,
29565,7882,3791,4091,13790,6671,7119,15760,7582,8178,13790,6696,7094,7879,3707,4172,1970,963,1007,
29570,7883,3792,4091,13794,6672,7122,15764,7582,8182,13792,6697,7095,7881,3707,4174,1970,963,1007,
29575,7884,3793,4091,13797,6674,7123,15767,7584,8183,13795,6699,7096,7881,3707,4174,1971,964,1007,
29580,7886,3794,4092,13797,6674,7123,15768,7585,8183,13797,6700,7097,7883,3707,4176,1971,964,1007,
29585,7887,3794,4093,13801,6675,7126,15772,7587,8185,13799,6701,7098,7885,3709,4176,1971,964,1007,
29590,7888,3794,4094,13804,6676,7128,15775,7588,8187,13802,6703,7099,7885,3709,4176,1972,965,1007,
29595,7890,3794,4096,13804,6676,7128,15776,7589,8187,13804,6703,7101,7887,3709,4178,1972,965,1007,
29600,7891,3795,4096,13808,6678,7130,15780,7590,8190,13806,6703,7103,7889,3709,4180,1972,965,1007,
29605,7892,3796,4096,13811,6681,7130,15783,7592,8191,13809,6703,7106,7889,3709,4180,1973,965,1008,
29610,7894,3797,4097,13811,6681,7130,15784,7593,8191,13811,6705,7106,7891,3709,4182,1973,965,1008,
29615,7895,3797,4098,13815,6683,7132,15788,7595,8193,13813,6705,7108,7893,3711,4182,1973,965,1008,
29620,7896,3797,4099,13818,6683,7135,15791,7597,8194,13816,6708,7108,7893,3711,4182,1974,965,1009,
29625,7898,3797,4101,13818,6683,7135,15792,7598,8194,13818,6709,7109,7895,3711,4184,1974,965,1009,
29630,7899,3797,4102,13822,6684,7138,15796,7600,8196,13820,6711,7109,7897,3712,4185,1974,965,1009,
29635,7900,3797,4103,13825,6685,7140,15799,7600,8199,13823,6712,7111,7897,3712,4185,1975,966,1009,
29640,7902,3799,4103,13825,6685,7140,15800,7601,8199,13825,6712,7113,7899,3714,4185,1975,966,1009,
29645,7903,3799,4104,13829,6687,7142,15804,7603,8201,13827,6712,7115,7901,3714,4187,1975,966,1009,
29650,7904,3800,4104,13832,6688,7144,15807,7604,8203,13830,6713,7117,7901,3714,4187,1976,967,1009,
29655,7906,3801,4105,13832,6688,7144,15808,7604,8204,13832,6714,7118,7903,3715,4188,1976,967,1009,
29660,7907,3802,4105,13836,6690,7146,15812,7606,8206,13834,6715,7119,7905,3715,4190,1976,967,1009,
29665,7908,3803,4105,13839,6690,7149,15815,7606,8209,13837,6717,7120,7905,3715,4190,1977,968,1009,
29670,7910,3805,4105,13839,6690,7149,15816,7606,8210,13839,6718,7121,7907,3717,4190,1977,968,1009,
29675,7911,3806,4105,13843,6692,7151,15820,7608,8212,13841,6720,7121,7909,3718,4191,1977,968,1009,
29680,7912,3807,4105,13846,6694,7152,15823,7609,8214,13844,6721,7123,7909,3718,4191,1978,969,1009,
29685,7914,3807,4107,13846,6694,7152,15824,7610,8214,13846,6723,7123,7911,3719,4192,1978,969,1009,
29690,7915,3807,4108,13850,6698,7152,15828,7612,8216,13848,6725,7123,7913,3720,4193,1978,969,1009,
29695,7916,3807,4109,13853,6700,7153,15831,7614,8217,13851,6727,7124,7913,3720,4193,1979,969,1010,
29700,7918,3807,4111,13853,6700,7153,15832,7615,8217,13853,6729,7124,7915,3722,4193,1979,969,1010,
29705,7919,3807,4112,13857,6701,7156,15836,7617,8219,13855,6729,7126,7917,3723,4194,1979,969,1010,
29710,7920,3807,4113,13860,6701,7159,15839,7619,8220,13858,6730,7128,7917,3723,4194,1980,970,1010,
29715,7922,3808,4114,13860,6701,7159,15840,7619,8221,13860,6731,7129,7919,3723,4196,1980,970,1010,
29720,7923,3808,4115,13864,6704,7160,15844,7621,8223,13862,6732,7130,7921,3725,4196,1980,970,1010,
29725,7924,3809,4115,13867,6705,7162,15847,7624,8223,13865,6734,7131,7921,3725,4196,1981,970,1011,
29730,7926,3811,4115,13867,6705,7162,15848,7624,8224,13867,6735,7132,7923,3725,4198,1981,970,1011,
29735,7927,3811,4116,13871,6706,7165,15852,7628,8224,13869,6735,7134,7925,3726,4199,1981,970,1011,
29740,7928,3812,4116,13874,6706,7168,15855,7629,8226,13872,6736,7136,7925,3726,4199,1982,971,1011,
29745,7930,3813,4117,13874,6706,7168,15856,7629,8227,13874,6737,7137,7927,3727,4200,1982,971,1011,
29750,7931,3813,4118,13878,6708,7170,15860,7631,8229,13876,6738,7138,7929,3728,4201,1982,971,1011,
29755,7932,3814,4118,13881,6710,7171,15863,7633,8230,13879,6739,7140,7929,3728,4201,1983,971,1012,
29760,7934,3816,4118,13881,6710,7171,15864,7633,8231,13881,6739,7142,7931,3730,4201,1983,971,1012,
29765,7935,3816,4119,13885,6711,7174,15868,7634,8234,13883,6740,7143,7933,3731,4202,1983,971,1012,
29770,7936,3816,4120,13888,6712,7176,15871,7635,8236,13886,6742,7144,7933,3731,4202,1984,972,1012,
29775,7938,3817,4121,13888,6712,7176,15872,7636,8236,13888,6744,7144,7935,3731,4204,1984,972,1012,
29780,7939,3818,4121,13892,6715,7177,15876,7637,8239,13890,6746,7144,7937,3732,4205,1984,972,1012,
29785,7940,3819,4121,13895,6715,7180,15879,7640,8239,13893,6747,7146,7937,3732,4205,1985,972,1013,
29790,7942,3821,4121,13895,6715,7180,15880,7641,8239,13895,6748,7147,7939,3733,4206,1985,972,1013,
29795,7943,3821,4122,13899,6717,7182,15884,7641,8243,13897,6748,7149,7941,3735,4206,1985,972,1013,
29800,7944,3822,4122,13902,6720,7182,15887,7643,8244,13900,6749,7151,7941,3735,4206,1986,972,1014,
29805,7946,3823,4123,13902,6720,7182,15888,7644,8244,13902,6750,7152,7943,3737,4206,1986,972,1014,
29810,7947,3824,4123,13906,6720,7186,15892,7647,8245,13904,6751,7153,7945,3738,4207,1986,972,1014,
29815,7948,3825,4123,13909,6721,7188,15895,7649,8246,13907,6754,7153,7945,3738,4207,1987,972,1015,
29820,7950,3825,4125,13909,6721,7188,15896,7649,8247,13909,6756,7153,7947,3740,4207,1987,972,1015,
29825,7951,3825,4126,13913,6721,7192,15900,7652,8248,13911,6757,7154,7949,3741,4208,1987,972,1015,
29830,7952,3825,4127,13916,6722,7194,15903,7654,8249,13914,6759,7155,7949,3741,4208,1988,972,1016,
29835,7954,3826,4128,13916,6722,7194,15904,7654,8250,13916,6759,7157,7951,3742,4209,1988,972,1016,
29840,7955,3826,4129,13920,6725,7195,15908,7657,8251,13918,6760,7158,7953,3743,4210,1988,972,1016,
29845,7956,3827,4129,13923,6727,7196,15911,7657,8254,13921,6762,7159,7953,3743,4210,1989,973,1016,
29850,7958,3828,4130,13923,6727,7196,15912,7658,8254,13923,6763,7160,7955,3744,4211,1989,973,1016,
29855,7959,3828,4131,13927,6728,7199,15916,7658,8258,13925,6764,7161,7957,3745,4212,1989,973,1016,
29860,7960,3828,4132,13930,6730,7200,15919,7660,8259,13928,6766,7162,7957,3745,4212,1990,974,1016,
29865,7962,3828,4134,13930,6730,7200,15920,7660,8260,13930,6767,7163,7959,3746,4213,1990,974,1016,
29870,7963,3828,4135,13934,6733,7201,15924,7663,8261,13932,6767,7165,7961,3746,4215,1990,974,1016,
29875,7964,3829,4135,13937,6734,7203,15927,7663,8264,13935,6769,7166,7961,3746,4215,1991,975,1016,
29880,7966,3829,4137,13937,6734,7203,15928,7663,8265,13937,6770,7167,7963,3747,4216,1991,975,1016,
29885,7967,3830,4137,13941,6737,7204,15932,7666,8266,13939,6771,7168,7965,3747,4218,1991,975,1016,
29890,7968,3830,4138,13944,6738,7206,15935,7669,8266,13942,6772,7170,7965,3747,4218,1992,976,1016,
29895,7970,3831,4139,13944,6738,7206,15936,7669,8267,13944,6772,7172,7967,3747,4220,1992,976,1016,
29900,7971,3832,4139,13948,6741,7207,15940,7671,8269,13946,6772,7174,7969,3748,4221,1992,976,1016,
29905,7972,3833,4139,13951,6742,7209,15943,7671,8272,13949,6775,7174,7969,3748,4221,1993,977,1016,
29910,7974,3834,4140,13951,6742,7209,15944,7671,8273,13951,6775,7176,7971,3749,4222,1993,977,1016,
29915,7975,3835,4140,13955,6744,7211,15948,7673,8275,13953,6777,7176,7973,3751,4222,1993,977,1016,
29920,7976,3836,4140,13958,6745,7213,15951,7674,8277,13956,6779,7177,7973,3751,4222,1994,977,1017,
29925,7978,3837,4141,13958,6745,7213,15952,7674,8278,13958,6781,7177,7975,3751,4224,1994,977,1017,
29930,7979,3837,4142,13962,6747,7215,15956,7676,8280,13960,6781,7179,7977,3751,4226,1994,977,1017,
29935,7980,3837,4143,13965,6747,7218,15959,7677,8282,13963,6782,7181,7977,3751,4226,1995,978,1017,
29940,7982,3838,4144,13965,6747,7218,15960,7677,8283,13965,6784,7181,7979,3752,4227,1995,978,1017,
29945,7983,3838,4145,13969,6748,7221,15964,7679,8285,13967,6785,7182,7981,3754,4227,1995,978,1017,
29950,7984,3839,4145,13972,6749,7223,15967,7680,8287,13970,6787,7183,7981,3754,4227,1996,979,1017,
29955,7986,3839,4147,13972,6749,7223,15968,7680,8288,13972,6787,7185,7983,3755,4228,1996,979,1017,
29960,7987,3839,4148,13976,6752,7224,15972,7681,8291,13974,6788,7186,7985,3755,4230,1996,979,1017,
29965,7988,3840,4148,13979,6753,7226,15975,7682,8293,13977,6790,7187,7985,3755,4230,1997,979,1018,
29970,7990,3841,4149,13979,6753,7226,15976,7683,8293,13979,6791,7188,7987,3756,4231,1997,979,1018,
29975,7991,3841,4150,13983,6754,7229,15980,7686,8294,13981,6791,7190,7989,3757,4232,1997,979,1018,
29980,7992,3841,4151,13986,6755,7231,15983,7687,8296,13984,6793,7191,7989,3757,4232,1998,980,1018,
29985,7994,3841,4153,13986,6755,7231,15984,7687,8297,13986,6795,7191,7991,3759,4232,1998,980,1018,
29990,7995,3842,4153,13990,6757,7233,15988,7688,8300,13988,6796,7192,7993,3761,4232,1998,980,1018,
29995,7996,3843,4153,13993,6760,7233,15991,7689,8302,13991,6799,7192,7993,3761,4232,1999,981,1018,
30000,7998,3845,4153,13993,6760,7233,15992,7689,8303,13993,6801,7192,7995,3762,4233,1999,981,1018,
30005,7999,3846,4153,13997,6760,7237,15996,7691,8305,13995,6802,7193,7997,3763,4234,1999,981,1018,
30010,8000,3846,4154,14000,6762,7238,15999,7693,8306,13998,6803,7195,7997,3763,4234,2000,981,1019,
30015,8002,3846,4156,14000,6762,7238,16000,7693,8307,14000,6804,7196,7999,3763,4236,2000,981,1019,
30020,8003,3847,4156,14004,6765,7239,16004,7695,8309,14002,6805,7197,8001,3764,4237,2000,981,1019,
30025,8004,3848,4156,14007,6767,7240,16007,7695,8312,14005,6806,7199,8001,3764,4237,2001,981,1020,
30030,8006,3849,4157,14007,6767,7240,16008,7696,8312,14007,6808,7199,8003,3764,4239,2001,981,1020,
30035,8007,3850,4157,14011,6769,7242,16012,7698,8314,14009,6808,7201,8005,3765,4240,2001,981,1020,
30040,8008,3850,4158,14014,6771,7243,16015,7699,8316,14012,6809,7203,8005,3765,4240,2002,982,1020,
30045,8010,3851,4159,14014,6771,7243,16016,7700,8316,14014,6810,7204,8007,3766,4241,2002,982,1020,
30050,8011,3852,4159,14018,6774,7244,16020,7704,8316,14016,6811,7205,8009,3766,4243,2002,982,1020,
30055,8012,3853,4159,14021,6775,7246,16023,7706,8317,14019,6813,7206,8009,3766,4243,2003,982,1021,
30060,8014,3854,4160,14021,6775,7246,16024,7706,8318,14021,6815,7206,8011,3767,4244,2003,982,1021,
30065,8015,3855,4160,14025,6779,7246,16028,7707,8321,14023,6816,7207,8013,3768,4245,2003,982,1021,
30070,8016,3855,4161,14028,6781,7247,16031,7708,8323,14026,6819,7207,8013,3768,4245,2004,983,1021,
30075,8018,3856,4162,14028,6781,7247,16032,7708,8324,14028,6819,7209,8015,3768,4247,2004,983,1021,
30080,8019,3857,4162,14032,6784,7248,16036,7711,8325,14030,6820,7210,8017,3769,4248,2004,983,1021,
30085,8020,3858,4162,14035,6786,7249,16039,7712,8327,14033,6821,7212,8017,3769,4248,2005,983,1022,
30090,8022,3859,4163,14035,6786,7249,16040,7712,8328,14035,6823,7212,8019,3770,4249,2005,983,1022,
30095,8023,3859,4164,14039,6786,7253,16044,7715,8329,14037,6823,7214,8021,3771,4250,2005,983,1022,
30100,8024,3860,4164,14042,6787,7255,16047,7715,8332,14040,6824,7216,8021,3771,4250,2006,984,1022,
30105,8026,3861,4165,14042,6787,7255,16048,7716,8332,14042,6824,7218,8023,3772,4251,2006,984,1022,
30110,8027,3861,4166,14046,6791,7255,16052,7718,8334,14044,6824,7220,8025,3772,4253,2006,984,1022,
30115,8028,3861,4167,14049,6793,7256,16055,7719,8336,14047,6825,7222,8025,3772,4253,2007,985,1022,
30120,8030,3863,4167,14049,6793,7256,16056,7720,8336,14049,6827,7222,8027,3773,4254,2007,985,1022,
30125,8031,3863,4168,14053,6794,7259,16060,7721,8339,14051,6828,7223,8029,3774,4255,2007,985,1022,
30130,8032,3863,4169,14056,6796,7260,16063,7723,8340,14054,6828,7226,8029,3774,4255,2008,985,1023,
30135,8034,3864,4170,14056,6796,7260,16064,7724,8340,14056,6828,7228,8031,3774,4257,2008,985,1023,
30140,8035,3865,4170,14060,6798,7262,16068,7725,8343,14058,6829,7229,8033,3776,4257,2008,985,1023,
30145,8036,3865,4171,14063,6798,7265,16071,7726,8345,14061,6830,7231,8033,3776,4257,2009,986,1023,
30150,8038,3866,4172,14063,6798,7265,16072,7726,8346,14063,6832,7231,8035,3776,4259,2009,986,1023,
30155,8039,3866,4173,14067,6802,7265,16076,7726,8350,14065,6834,7231,8037,3776,4261,2009,986,1023,
30160,8040,3866,4174,14070,6804,7266,16079,7726,8353,14068,6836,7232,8037,3776,4261,2010,987,1023,
30165,8042,3866,4176,14070,6804,7266,16080,7727,8353,14070,6838,7232,8039,3777,4262,2010,987,1023,
30170,8043,3866,4177,14074,6805,7269,16084,7730,8354,14072,6839,7233,8041,3778,4263,2010,987,1023,
30175,8044,3866,4178,14077,6807,7270,16087,7730,8357,14075,6841,7234,8041,3778,4263,2011,988,1023,
30180,8046,3866,4180,14077,6807,7270,16088,7730,8358,14077,6842,7235,8043,3779,4264,2011,988,1023,
30185,8047,3866,4181,14081,6809,7272,16092,7732,8360,14079,6842,7237,8045,3780,4265,2011,988,1023,
30190,8048,3867,4181,14084,6810,7274,16095,7733,8362,14082,6844,7238,8045,3780,4265,2012,989,1023,
30195,8050,3867,4183,14084,6810,7274,16096,7734,8362,14084,6844,7240,8047,3782,4265,2012,989,1023,
30200,8051,3867,4184,14088,6813,7275,16100,7735,8365,14086,6844,7242,8049,3784,4265,2012,989,1023,
30205,8052,3868,4184,14091,6813,7278,16103,7735,8368,14089,6846,7243,8049,3784,4265,2013,989,1024,
30210,8054,3869,4185,14091,6813,7278,16104,7736,8368,14091,6848,7243,8051,3786,4265,2013,989,1024,
30215,8055,3869,4186,14095,6815,7280,16108,7738,8370,14093,6848,7245,8053,3787,4266,2013,989,1024,
30220,8056,3870,4186,14098,6815,7283,16111,7738,8373,14096,6848,7248,8053,3787,4266,2014,990,1024,
30225,8058,3870,4188,14098,6815,7283,16112,7739,8373,14098,6849,7249,8055,3789,4266,2014,990,1024,
30230,8059,3871,4188,14102,6817,7285,16116,7741,8375,14100,6851,7249,8057,3790,4267,2014,990,1024,
30235,8060,3872,4188,14105,6819,7286,16119,7741,8378,14103,6852,7251,8057,3790,4267,2015,990,1025,
30240,8062,3872,4190,14105,6819,7286,16120,7742,8378,14105,6852,7253,8059,3791,4268,2015,990,1025,
30245,8063,3872,4191,14109,6820,7289,16124,7743,8381,14107,6854,7253,8061,3792,4269,2015,990,1025,
30250,8064,3873,4191,14112,6822,7290,16127,7743,8384,14110,6857,7253,8061,3792,4269,2016,991,1025,
30255,8066,3874,4192,14112,6822,7290,16128,7744,8384,14112,6858,7254,8063,3794,4269,2016,991,1025,
30260,8067,3874,4193,14116,6824,7292,16132,7746,8386,14114,6859,7255,8065,3795,4270,2016,991,1025,
30265,8068,3875,4193,14119,6824,7295,16135,7748,8387,14117,6860,7257,8065,3795,4270,2017,991,1026,
30270,8070,3876,4194,14119,6824,7295,16136,7749,8387,14119,6862,7257,8067,3795,4272,2017,991,1026,
30275,8071,3877,4194,14123,6827,7296,16140,7751,8389,14121,6864,7257,8069,3795,4274,2017,991,1026,
30280,8072,3878,4194,14126,6828,7298,16143,7753,8390,14124,6866,7258,8069,3795,4274,2018,991,1027,
30285,8074,3880,4194,14126,6828,7298,16144,7753,8391,14126,6868,7258,8071,3797,4274,2018,991,1027,
30290,8075,3880,4195,14130,6829,7301,16148,7755,8393,14128,6870,7258,8073,3797,4276,2018,991,1027,
30295,8076,3881,4195,14133,6832,7301,16151,7756,8395,14131,6871,7260,8073,3797,4276,2019,992,1027,
30300,8078,3881,4197,14133,6832,7301,16152,7756,8396,14133,6871,7262,8075,3798,4277,2019,992,1027,
30305,8079,3882,4197,14137,6833,7304,16156,7758,8398,14135,6872,7263,8077,3798,4279,2019,992,1027,
30310,8080,3882,4198,14140,6834,7306,16159,7760,8399,14138,6874,7264,8077,3798,4279,2020,993,1027,
30315,8082,3882,4200,14140,6834,7306,16160,7760,8400,14140,6875,7265,8079,3798,4281,2020,993,1027,
30320,8083,3882,4201,14144,6835,7309,16164,7760,8404,14142,6877,7265,8081,3799,4282,2020,993,1027,
30325,8084,3883,4201,14147,6837,7310,16167,7762,8405,14145,6877,7268,8081,3799,4282,2021,994,1027,
30330,8086,3885,4201,14147,6837,7310,16168,7762,8406,14147,6877,7270,8083,3800,4283,2021,994,1027,
30335,8087,3885,4202,14151,6839,7312,16172,7765,8407,14149,6878,7271,8085,3800,4285,2021,994,1027,
30340,8088,3885,4203,14154,6841,7313,16175,7766,8409,14152,6878,7274,8085,3800,4285,2022,995,1027,
30345,8090,3886,4204,14154,6841,7313,16176,7766,8410,14154,6879,7275,8087,3800,4287,2022,995,1027,
30350,8091,3886,4205,14158,6845,7313,16180,7768,8412,14156,6881,7275,8089,3801,4288,2022,995,1027,
30355,8092,3887,4205,14161,6847,7314,16183,7770,8413,14159,6882,7277,8089,3801,4288,2023,996,1027,
30360,8094,3889,4205,14161,6847,7314,16184,7771,8413,14161,6882,7279,8091,3803,4288,2023,996,1027,
30365,8095,3890,4205,14165,6848,7317,16188,7772,8416,14163,6884,7279,8093,3804,4289,2023,996,1027,
30370,8096,3890,4206,14168,6850,7318,16191,7773,8418,14166,6885,7281,8093,3804,4289,2024,996,1028,
30375,8098,3891,4207,14168,6850,7318,16192,7774,8418,14168,6887,7281,8095,3804,4291,2024,996,1028,
30380,8099,3892,4207,14172,6852,7320,16196,7777,8419,14170,6889,7281,8097,3805,4292,2024,996,1028,
30385,8100,3892,4208,14175,6853,7322,16199,7777,8422,14173,6890,7283,8097,3805,4292,2025,996,1029,
30390,8102,3893,4209,14175,6853,7322,16200,7778,8422,14175,6891,7284,8099,3806,4293,2025,996,1029,
30395,8103,3893,4210,14179,6854,7325,16204,7781,8423,14177,6891,7286,8101,3807,4294,2025,996,1029,
30400,8104,3893,4211,14182,6856,7326,16207,7782,8425,14180,6892,7288,8101,3807,4294,2026,996,1030,
30405,8106,3895,4211,14182,6856,7326,16208,7782,8426,14182,6893,7289,8103,3808,4295,2026,996,1030,
30410,8107,3896,4211,14186,6857,7329,16212,7784,8428,14184,6893,7291,8105,3810,4295,2026,996,1030,
30415,8108,3896,4212,14189,6859,7330,16215,7785,8430,14187,6893,7294,8105,3810,4295,2027,996,1031,
30420,8110,3897,4213,14189,6859,7330,16216,7785,8431,14189,6893,7296,8107,3812,4295,2027,996,1031,
30425,8111,3897,4214,14193,6861,7332,16220,7789,8431,14191,6893,7298,8109,3812,4297,2027,996,1031,
30430,8112,3898,4214,14196,6864,7332,16223,7791,8432,14194,6893,7301,8109,3812,4297,2028,997,1031,
30435,8114,3899,4215,14196,6864,7332,16224,7791,8433,14196,6895,7301,8111,3812,4299,2028,997,1031,
30440,8115,3899,4216,14200,6867,7333,16228,7793,8435,14198,6895,7303,8113,3812,4301,2028,997,1031,
30445,8116,3900,4216,14203,6867,7336,16231,7793,8438,14201,6895,7306,8113,3812,4301,2029,998,1031,
30450,8118,3902,4216,14203,6867,7336,16232,7793,8439,14203,6895,7308,8115,3813,4302,2029,998,1031,
30455,8119,3902,4217,14207,6870,7337,16236,7794,8442,14205,6896,7309,8117,3813,4304,2029,998,1031,
30460,8120,3903,4217,14210,6871,7339,16239,7795,8444,14208,6897,7311,8117,3813,4304,2030,998,1032,
30465,8122,3904,4218,14210,6871,7339,16240,7795,8445,14210,6898,7312,8119,3814,4305,2030,998,1032,
30470,8123,3904,4219,14214,6873,7341,16244,7797,8447,14212,6899,7313,8121,3814,4307,2030,998,1032,
30475,8124,3904,4220,14217,6874,7343,16247,7798,8449,14215,6901,7314,8121,3814,4307,2031,998,1033,
30480,8126,3904,4222,14217,6874,7343,16248,7799,8449,14217,6902,7315,8123,3815,4308,2031,998,1033,
30485,8127,3904,4223,14221,6877,7344,16252,7802,8450,14219,6902,7317,8125,3816,4309,2031,998,1033,
30490,8128,3905,4223,14224,6878,7346,16255,7805,8450,14222,6903,7319,8125,3816,4309,2032,999,1033,
30495,8130,3906,4224,14224,6878,7346,16256,7806,8450,14224,6903,7321,8127,3818,4309,2032,999,1033,
30500,8131,3907,4224,14228,6880,7348,16260,7807,8453,14226,6905,7321,8129,3818,4311,2032,999,1033,
30505,8132,3908,4224,14231,6880,7351,16263,7810,8453,14229,6906,7323,8129,3818,4311,2033,999,1034,
30510,8134,3908,4226,14231,6880,7351,16264,7810,8454,14231,6906,7325,8131,3819,4312,2033,999,1034,
30515,8135,3909,4226,14235,6882,7353,16268,7812,8456,14233,6907,7326,8133,3821,4312,2033,999,1034,
30520,8136,3910,4226,14238,6884,7354,16271,7813,8458,14236,6907,7329,8133,3821,4312,2034,1000,1034,
30525,8138,3910,4228,14238,6884,7354,16272,7813,8459,14238,6908,7330,8135,3822,4313,2034,1000,1034,
30530,8139,3911,4228,14242,6887,7355,16276,7814,8462,14240,6910,7330,8137,3823,4314,2034,1000,1034,
30535,8140,3912,4228,14245,6888,7357,16279,7816,8463,14243,6912,7331,8137,3823,4314,2035,1000,1035,
30540,8142,3912,4230,14245,6888,7357,16280,7817,8463,14245,6913,7332,8139,3824,4315,2035,1000,1035,
30545,8143,3912,4231,14249,6889,7360,16284,7820,8464,14247,6913,7334,8141,3826,4315,2035,1000,1035,
30550,8144,3913,4231,14252,6891,7361,16287,7821,8466,14250,6915,7335,8141,3826,4315,2036,1001,1035,
30555,8146,3914,4232,14252,6891,7361,16288,7822,8466,14252,6915,7337,8143,3828,4315,2036,1001,1035,
30560,8147,3914,4233,14256,6894,7362,16292,7824,8468,14254,6915,7339,8145,3829,4316,2036,1001,1035,
30565,8148,3915,4233,14259,6894,7365,16295,7826,8469,14257,6916,7341,8145,3829,4316,2037,1001,1036,
30570,8150,3917,4233,14259,6894,7365,16296,7826,8470,14259,6917,7342,8147,3829,4318,2037,1001,1036,
30575,8151,3918,4233,14263,6896,7367,16300,7830,8470,14261,6919,7342,8149,3831,4318,2037,1001,1036,
30580,8152,3919,4233,14266,6897,7369,16303,7833,8470,14264,6921,7343,8149,3831,4318,2038,1002,1036,
30585,8154,3919,4235,14266,6897,7369,16304,7833,8471,14266,6921,7345,8151,3833,4318,2038,1002,1036,
30590,8155,3919,4236,14270,6899,7371,16308,7836,8472,14268,6922,7346,8153,3834,4319,2038,1002,1036,
30595,8156,3920,4236,14273,6901,7372,16311,7838,8473,14271,6922,7349,8153,3834,4319,2039,1002,1037,
30600,8158,3920,4238,14273,6901,7372,16312,7839,8473,14273,6922,7351,8155,3834,4321,2039,1002,1037,
30605,8159,3920,4239,14277,6901,7376,16316,7841,8475,14275,6923,7352,8157,3834,4323,2039,1002,1037,
30610,8160,3920,4240,14280,6902,7378,16319,7843,8476,14278,6924,7354,8157,3834,4323,2040,1002,1038,
30615,8162,3921,4241,14280,6902,7378,16320,7843,8477,14280,6925,7355,8159,3835,4324,2040,1002,1038,
30620,8163,3922,4241,14284,6904,7380,16324,7845,8479,14282,6926,7356,8161,3837,4324,2040,1002,1038,
30625,8164,3923,4241,14287,6904,7383,16327,7847,8480,14285,6927,7358,8161,3837,4324,2041,1002,1039,
30630,8166,3924,4242,14287,6904,7383,16328,7847,8481,14287,6928,7359,8163,3837,4326,2041,1002,1039,
30635,8167,3925,4242,14291,6906,7385,16332,7849,8483,14289,6928,7361,8165,3837,4328,2041,1002,1039,
30640,8168,3925,4243,14294,6906,7388,16335,7852,8483,14292,6930,7362,8165,3837,4328,2042,1002,1040,
30645,8170,3926,4244,14294,6906,7388,16336,7852,8484,14294,6931,7363,8167,3838,4329,2042,1002,1040,
30650,8171,3926,4245,14298,6907,7391,16340,7855,8485,14296,6932,7364,8169,3839,4330,2042,1002,1040,
30655,8172,3926,4246,14301,6909,7392,16343,7856,8487,14299,6934,7365,8169,3839,4330,2043,1003,1040,
30660,8174,3926,4248,14301,6909,7392,16344,7857,8487,14301,6935,7366,8171,3840,4331,2043,1003,1040,
30665,8175,3927,4248,14305,6911,7394,16348,7857,8491,14303,6936,7367,8173,3842,4331,2043,1003,1040,
30670,8176,3927,4249,14308,6913,7395,16351,7859,8492,14306,6938,7368,8173,3842,4331,2044,1003,1041,
30675,8178,3927,4251,14308,6913,7395,16352,7859,8493,14308,6938,7370,8175,3842,4333,2044,1003,1041,
30680,8179,3927,4252,14312,6916,7396,16356,7860,8496,14310,6940,7370,8177,3842,4335,2044,1003,1041,
30685,8180,3928,4252,14315,6918,7397,16359,7861,8498,14313,6941,7372,8177,3842,4335,2045,1003,1042,
30690,8182,3930,4252,14315,6918,7397,16360,7862,8498,14315,6941,7374,8179,3844,4335,2045,1003,1042,
30695,8183,3931,4252,14319,6920,7399,16364,7864,8500,14317,6943,7374,8181,3845,4336,2045,1003,1042,
30700,8184,3931,4253,14322,6921,7401,16367,7865,8502,14320,6944,7376,8181,3845,4336,2046,1004,1042,
30705,8186,3931,4255,14322,6921,7401,16368,7866,8502,14322,6946,7376,8183,3847,4336,2046,1004,1042,
30710,8187,3932,4255,14326,6923,7403,16372,7866,8506,14324,6947,7377,8185,3848,4337,2046,1004,1042,
30715,8188,3933,4255,14329,6924,7405,16375,7868,8507,14327,6948,7379,8185,3848,4337,2047,1005,1042,
30720,8190,3935,4255,14329,6924,7405,16376,7869,8507,14329,6950,7379,8187,3849,4338,2047,1005,1042,
30725,8191,3936,4255,14333,6926,7407,16380,7870,8510,14331,6950,7381,8189,3850,4339,2047,1005,1042,
30730,8192,3936,4256,14336,6928,7408,16383,7871,8512,14334,6951,7383,8189,3850,4339,2048,1005,1043,
30735,8194,3938,4256,14336,6928,7408,16384,7871,8513,14336,6951,7385,8191,3851,4340,2048,1005,1043,
30740,8195,3939,4256,14340,6930,7410,16388,7875,8513,14338,6951,7387,8193,3853,4340,2048,1005,1043,
30745,8196,3940,4256,14343,6932,7411,16391,7876,8515,14341,6953,7388,8193,3853,4340,2049,1006,1043,
30750,8198,3941,4257,14343,6932,7411,16392,7877,8515,14343,6955,7388,8195,3854,4341,2049,1006,1043,
30755,8199,3941,4258,14347,6932,7415,16396,7877,8519,14345,6956,7389,8197,3855,4342,2049,1006,1043,
30760,8200,3941,4259,14350,6934,7416,16399,7878,8521,14348,6957,7391,8197,3855,4342,2050,1006,1044,
30765,8202,3942,4260,14350,6934,7416,16400,7879,8521,14350,6958,7392,8199,3856,4343,2050,1006,1044,
30770,8203,3943,4260,14354,6936,7418,16404,7881,8523,14352,6959,7393,8201,3857,4344,2050,1006,1044,
30775,8204,3944,4260,14357,6937,7420,16407,7882,8525,14355,6960,7395,8201,3857,4344,2051,1006,1045,
30780,8206,3946,4260,14357,6937,7420,16408,7882,8526,14357,6961,7396,8203,3859,4344,2051,1006,1045,
30785,8207,3946,4261,14361,6939,7422,16412,7884,8528,14359,6961,7398,8205,3859,4346,2051,1006,1045,
30790,8208,3947,4261,14364,6941,7423,16415,7885,8530,14362,6963,7399,8205,3859,4346,2052,1007,1045,
30795,8210,3949,4261,14364,6941,7423,16416,7886,8530,14364,6964,7400,8207,3861,4346,2052,1007,1045,
30800,8211,3949,4262,14368,6943,7425,16420,7886,8534,14366,6965,7401,8209,3862,4347,2052,1007,1045,
30805,8212,3949,4263,14371,6944,7427,16423,7887,8536,14369,6967,7402,8209,3862,4347,2053,1007,1046,
30810,8214,3949,4265,14371,6944,7427,16424,7888,8536,14371,6969,7402,8211,3863,4348,2053,1007,1046,
30815,8215,3949,4266,14375,6945,7430,16428,7889,8539,14373,6970,7403,8213,3863,4350,2053,1007,1046,
30820,8216,3949,4267,14378,6945,7433,16431,7891,8540,14376,6972,7404,8213,3863,4350,2054,1007,1047,
30825,8218,3949,4269,14378,6945,7433,16432,7892,8540,14378,6974,7404,8215,3864,4351,2054,1007,1047,
30830,8219,3950,4269,14382,6948,7434,16436,7895,8541,14380,6975,7405,8217,3864,4353,2054,1007,1047,
30835,8220,3950,4270,14385,6949,7436,16439,7895,8544,14383,6977,7406,8217,3864,4353,2055,1007,1048,
30840,8222,3952,4270,14385,6949,7436,16440,7896,8544,14385,6977,7408,8219,3865,4354,2055,1007,1048,
30845,8223,3952,4271,14389,6949,7440,16444,7897,8547,14387,6978,7409,8221,3867,4354,2055,1007,1048,
30850,8224,3953,4271,14392,6950,7442,16447,7899,8548,14390,6980,7410,8221,3867,4354,2056,1008,1048,
30855,8226,3954,4272,14392,6950,7442,16448,7900,8548,14392,6982,7410,8223,3868,4355,2056,1008,1048,
30860,8227,3954,4273,14396,6951,7445,16452,7903,8549,14394,6982,7412,8225,3868,4357,2056,1008,1048,
30865,8228,3955,4273,14399,6952,7447,16455,7906,8549,14397,6984,7413,8225,3868,4357,2057,1009,1048,
30870,8230,3956,4274,14399,6952,7447,16456,7907,8549,14399,6984,7415,8227,3869,4358,2057,1009,1048,
30875,8231,3956,4275,14403,6955,7448,16460,7910,8550,14401,6985,7416,8229,3870,4359,2057,1009,1048,
30880,8232,3957,4275,14406,6956,7450,16463,7913,8550,14404,6986,7418,8229,3870,4359,2058,1010,1048,
30885,8234,3957,4277,14406,6956,7450,16464,7914,8550,14406,6986,7420,8231,3870,4361,2058,1010,1048,
30890,8235,3957,4278,14410,6958,7452,16468,7915,8553,14408,6987,7421,8233,3870,4363,2058,1010,1048,
30895,8236,3958,4278,14413,6960,7453,16471,7918,8553,14411,6989,7422,8233,3870,4363,2059,1010,1049,
30900,8238,3960,4278,14413,6960,7453,16472,7919,8553,14413,6990,7423,8235,3870,4365,2059,1010,1049,
30905,8239,3961,4278,14417,6962,7455,16476,7922,8554,14415,6991,7424,8237,3871,4366,2059,1010,1049,
30910,8240,3961,4279,14420,6963,7457,16479,7924,8555,14418,6992,7426,8237,3871,4366,2060,1011,1049,
30915,8242,3961,4281,14420,6963,7457,16480,7925,8555,14420,6993,7427,8239,3871,4368,2060,1011,1049,
30920,8243,3961,4282,14424,6965,7459,16484,7927,8557,14422,6994,7428,8241,3872,4369,2060,1011,1049,
30925,8244,3962,4282,14427,6966,7461,16487,7930,8557,14425,6996,7429,8241,3872,4369,2061,1011,1050,
30930,8246,3963,4283,14427,6966,7461,16488,7931,8557,14427,6997,7430,8243,3872,4371,2061,1011,1050,
30935,8247,3963,4284,14431,6968,7463,16492,7932,8560,14429,6998,7431,8245,3874,4371,2061,1011,1050,
30940,8248,3964,4284,14434,6970,7464,16495,7933,8562,14432,6998,7434,8245,3874,4371,2062,1012,1050,
30945,8250,3964,4286,14434,6970,7464,16496,7934,8562,14434,7000,7434,8247,3875,4372,2062,1012,1050,
30950,8251,3964,4287,14438,6972,7466,16500,7935,8565,14436,7002,7434,8249,3876,4373,2062,1012,1050,
30955,8252,3965,4287,14441,6973,7468,16503,7937,8566,14439,7004,7435,8249,3876,4373,2063,1012,1051,
30960,8254,3966,4288,14441,6973,7468,16504,7938,8566,14441,7005,7436,8251,3878,4373,2063,1012,1051,
30965,8255,3966,4289,14445,6975,7470,16508,7940,8568,14443,7006,7437,8253,3880,4373,2063,1012,1051,
30970,8256,3966,4290,14448,6977,7471,16511,7942,8569,14446,7008,7438,8253,3880,4373,2064,1013,1051,
30975,8258,3968,4290,14448,6977,7471,16512,7942,8570,14448,7008,7440,8255,3880,4375,2064,1013,1051,
30980,8259,3968,4291,14452,6978,7474,16516,7943,8573,14450,7009,7441,8257,3881,4376,2064,1013,1051,
30985,8260,3968,4292,14455,6981,7474,16519,7945,8574,14453,7010,7443,8257,3881,4376,2065,1014,1051,
30990,8262,3968,4294,14455,6981,7474,16520,7946,8574,14455,7011,7444,8259,3883,4376,2065,1014,1051,
30995,8263,3968,4295,14459,6984,7475,16524,7949,8575,14457,7012,7445,8261,3884,4377,2065,1014,1051,
31000,8264,3968,4296,14462,6987,7475,16527,7951,8576,14460,7013,7447,8261,3884,4377,2066,1015,1051,
31005,8266,3968,4298,14462,6987,7475,16528,7952,8576,14462,7014,7448,8263,3884,4379,2066,1015,1051,
31010,8267,3968,4299,14466,6988,7478,16532,7953,8579,14464,7016,7448,8265,3884,4381,2066,1015,1051,
31015,8268,3969,4299,14469,6990,7479,16535,7955,8580,14467,7017,7450,8265,3884,4381,2067,1016,1051,
31020,8270,3970,4300,14469,6990,7479,16536,7956,8580,14469,7018,7451,8267,3886,4381,2067,1016,1051,
31025,8271,3970,4301,14473,6991,7482,16540,7958,8582,14471,7020,7451,8269,3887,4382,2067,1016,1051,
31030,8272,3971,4301,14476,6992,7484,16543,7960,8583,14474,7021,7453,8269,3887,4382,2068,1017,1051,
31035,8274,3972,4302,14476,6992,7484,16544,7960,8584,14476,7021,7455,8271,3889,4382,2068,1017,1051,
31040,8275,3972,4303,14480,6995,7485,16548,7962,8586,14478,7022,7456,8273,3890,4383,2068,1017,1051,
31045,8276,3973,4303,14483,6996,7487,16551,7965,8586,14481,7024,7457,8273,3890,4383,2069,1018,1051,
31050,8278,3975,4303,14483,6996,7487,16552,7966,8586,14483,7025,7458,8275,3890,4385,2069,1018,1051,
31055,8279,3976,4303,14487,6997,7490,16556,7969,8587,14485,7026,7459,8277,3891,4386,2069,1018,1051,
31060,8280,3977,4303,14490,6999,7491,16559,7970,8589,14488,7027,7461,8277,3891,4386,2070,1018,1052,
31065,8282,3977,4305,14490,6999,7491,16560,7970,8590,14490,7029,7461,8279,3892,4387,2070,1018,1052,
31070,8283,3978,4305,14494,7000,7494,16564,7972,8592,14492,7031,7461,8281,3894,4387,2070,1018,1052,
31075,8284,3979,4305,14497,7001,7496,16567,7974,8593,14495,7033,7462,8281,3894,4387,2071,1018,1053,
31080,8286,3980,4306,14497,7001,7496,16568,7974,8594,14497,7035,7462,8283,3894,4389,2071,1018,1053,
31085,8287,3980,4307,14501,7004,7497,16572,7975,8597,14499,7036,7463,8285,3896,4389,2071,1018,1053,
31090,8288,3980,4308,14504,7005,7499,16575,7976,8599,14502,7036,7466,8285,3896,4389,2072,1019,1053,
31095,8290,3980,4310,14504,7005,7499,16576,7977,8599,14504,7037,7467,8287,3897,4390,2072,1019,1053,
31100,8291,3980,4311,14508,7008,7500,16580,7979,8601,14506,7038,7468,8289,3898,4391,2072,1019,1053,
31105,8292,3980,4312,14511,7010,7501,16583,7980,8603,14509,7039,7470,8289,3898,4391,2073,1019,1054,
31110,8294,3980,4314,14511,7010,7501,16584,7981,8603,14511,7039,7472,8291,3899,4392,2073,1019,1054,
31115,8295,3980,4315,14515,7011,7504,16588,7982,8606,14513,7040,7473,8293,3901,4392,2073,1019,1054,
31120,8296,3981,4315,14518,7012,7506,16591,7983,8608,14516,7041,7475,8293,3901,4392,2074,1020,1054,
31125,8298,3981,4317,14518,7012,7506,16592,7984,8608,14518,7041,7477,8295,3902,4393,2074,1020,1054,
31130,8299,3982,4317,14522,7015,7507,16596,7987,8609,14520,7043,7477,8297,3903,4394,2074,1020,1054,
31135,8300,3983,4317,14525,7015,7510,16599,7990,8609,14523,7045,7478,8297,3903,4394,2075,1021,1054,
31140,8302,3983,4319,14525,7015,7510,16600,7990,8610,14525,7046,7479,8299,3903,4396,2075,1021,1054,
31145,8303,3983,4320,14529,7017,7512,16604,7991,8613,14527,7047,7480,8301,3905,4396,2075,1021,1054,
31150,8304,3983,4321,14532,7018,7514,16607,7994,8613,14530,7049,7481,8301,3905,4396,2076,1022,1054,
31155,8306,3983,4323,14532,7018,7514,16608,7995,8613,14532,7050,7482,8303,3906,4397,2076,1022,1054,
31160,8307,3983,4324,14536,7018,7518,16612,7997,8615,14534,7052,7482,8305,3907,4398,2076,1022,1054,
31165,8308,3984,4324,14539,7018,7521,16615,8000,8615,14537,7054,7483,8305,3907,4398,2077,1022,1055,
31170,8310,3985,4325,14539,7018,7521,16616,8000,8616,14539,7056,7483,8307,3908,4399,2077,1022,1055,
31175,8311,3985,4326,14543,7021,7522,16620,8001,8619,14541,7056,7485,8309,3908,4401,2077,1022,1055,
31180,8312,3986,4326,14546,7024,7522,16623,8003,8620,14544,7058,7486,8309,3908,4401,2078,1022,1056,
31185,8314,3987,4327,14546,7024,7522,16624,8003,8621,14546,7059,7487,8311,3909,4402,2078,1022,1056,
31190,8315,3987,4328,14550,7026,7524,16628,8006,8622,14548,7061,7487,8313,3910,4403,2078,1022,1056,
31195,8316,3988,4328,14553,7028,7525,16631,8007,8624,14551,7061,7490,8313,3910,4403,2079,1022,1057,
31200,8318,3989,4329,14553,7028,7525,16632,8008,8624,14553,7062,7491,8315,3911,4404,2079,1022,1057,
31205,8319,3989,4330,14557,7031,7526,16636,8011,8625,14555,7064,7491,8317,3912,4405,2079,1022,1057,
31210,8320,3989,4331,14560,7033,7527,16639,8012,8627,14558,7065,7493,8317,3912,4405,2080,1023,1057,
31215,8322,3990,4332,14560,7033,7527,16640,8012,8628,14560,7066,7494,8319,3913,4406,2080,1023,1057,
31220,8323,3991,4332,14564,7035,7529,16644,8013,8631,14562,7068,7494,8321,3914,4407,2080,1023,1057,
31225,8324,3992,4332,14567,7036,7531,16647,8014,8633,14565,7069,7496,8321,3914,4407,2081,1023,1058,
31230,8326,3993,4333,14567,7036,7531,16648,8015,8633,14567,7070,7497,8323,3916,4407,2081,1023,1058,
31235,8327,3994,4333,14571,7038,7533,16652,8016,8636,14569,7071,7498,8325,3918,4407,2081,1023,1058,
31240,8328,3994,4334,14574,7041,7533,16655,8019,8636,14572,7072,7500,8325,3918,4407,2082,1024,1058,
31245,8330,3995,4335,14574,7041,7533,16656,8020,8636,14574,7073,7501,8327,3919,4408,2082,1024,1058,
31250,8331,3996,4335,14578,7043,7535,16660,8020,8640,14576,7074,7502,8329,3921,4408,2082,1024,1058,
31255,8332,3996,4336,14581,7044,7537,16663,8023,8640,14579,7075,7504,8329,3921,4408,2083,1024,1059,
31260,8334,3998,4336,14581,7044,7537,16664,8024,8640,14581,7076,7505,8331,3921,4410,2083,1024,1059,
31265,8335,3999,4336,14585,7047,7538,16668,8027,8641,14583,7076,7507,8333,3923,4410,2083,1024,1059,
31270,8336,4000,4336,14588,7047,7541,16671,8028,8643,14586,7077,7509,8333,3923,4410,2084,1025,1059,
31275,8338,4000,4338,14588,7047,7541,16672,8028,8644,14588,7078,7510,8335,3923,4412,2084,1025,1059,
31280,8339,4000,4339,14592,7047,7545,16676,8031,8645,14590,7080,7510,8337,3923,4414,2084,1025,1059,
31285,8340,4000,4340,14595,7048,7547,16679,8032,8647,14593,7081,7512,8337,3923,4414,2085,1026,1059,
31290,8342,4002,4340,14595,7048,7547,16680,8033,8647,14595,7082,7513,8339,3924,4415,2085,1026,1059,
31295,8343,4002,4341,14599,7051,7548,16684,8035,8649,14597,7082,7515,8341,3925,4416,2085,1026,1059,
31300,8344,4003,4341,14602,7051,7551,16687,8038,8649,14600,7084,7516,8341,3925,4416,2086,1026,1060,
31305,8346,4005,4341,14602,7051,7551,16688,8038,8650,14602,7084,7518,8343,3927,4416,2086,1026,1060,
31310,8347,4005,4342,14606,7052,7554,16692,8041,8651,14604,7084,7520,8345,3929,4416,2086,1026,1060,
31315,8348,4006,4342,14609,7055,7554,16695,8043,8652,14607,7086,7521,8345,3929,4416,2087,1027,1060,
31320,8350,4008,4342,14609,7055,7554,16696,8043,8653,14609,7087,7522,8347,3930,4417,2087,1027,1060,
31325,8351,4008,4343,14613,7057,7556,16700,8046,8654,14611,7088,7523,8349,3931,4418,2087,1027,1060,
31330,8352,4009,4343,14616,7058,7558,16703,8048,8655,14614,7090,7524,8349,3931,4418,2088,1027,1061,
31335,8354,4011,4343,14616,7058,7558,16704,8048,8656,14616,7092,7524,8351,3932,4419,2088,1027,1061,
31340,8355,4012,4343,14620,7061,7559,16708,8051,8657,14618,7094,7524,8353,3934,4419,2088,1027,1061,
31345,8356,4012,4344,14623,7061,7562,16711,8053,8658,14621,7095,7526,8353,3934,4419,2089,1028,1061,
31350,8358,4012,4346,14623,7061,7562,16712,8054,8658,14623,7096,7527,8355,3935,4420,2089,1028,1061,
31355,8359,4013,4346,14627,7064,7563,16716,8056,8660,14625,7096,7529,8357,3937,4420,2089,1028,1061,
31360,8360,4013,4347,14630,7065,7565,16719,8058,8661,14628,7097,7531,8357,3937,4420,2090,1028,1062,
31365,8362,4013,4349,14630,7065,7565,16720,8058,8662,14630,7098,7532,8359,3937,4422,2090,1028,1062,
31370,8363,4014,4349,14634,7065,7569,16724,8059,8665,14632,7098,7534,8361,3938,4423,2090,1028,1062,
31375,8364,4015,4349,14637,7067,7570,16727,8061,8666,14635,7100,7535,8361,3938,4423,2091,1028,1063,
31380,8366,4017,4349,14637,7067,7570,16728,8062,8666,14637,7101,7536,8363,3940,4423,2091,1028,1063,
31385,8367,4018,4349,14641,7069,7572,16732,8064,8668,14639,7103,7536,8365,3940,4425,2091,1028,1063,
31390,8368,4018,4350,14644,7071,7573,16735,8066,8669,14642,7104,7538,8365,3940,4425,2092,1029,1063,
31395,8370,4018,4352,14644,7071,7573,16736,8067,8669,14644,7106,7538,8367,3941,4426,2092,1029,1063,
31400,8371,4018,4353,14648,7071,7577,16740,8069,8671,14646,7108,7538,8369,3942,4427,2092,1029,1063,
31405,8372,4019,4353,14651,7071,7580,16743,8071,8672,14649,7111,7538,8369,3942,4427,2093,1029,1064,
31410,8374,4019,4355,14651,7071,7580,16744,8072,8672,14651,7111,7540,8371,3943,4428,2093,1029,1064,
31415,8375,4020,4355,14655,7074,7581,16748,8074,8674,14653,7112,7541,8373,3944,4429,2093,1029,1064,
31420,8376,4021,4355,14658,7076,7582,16751,8076,8675,14656,7114,7542,8373,3944,4429,2094,1030,1064,
31425,8378,4021,4357,14658,7076,7582,16752,8076,8676,14658,7116,7542,8375,3946,4429,2094,1030,1064,
31430,8379,4022,4357,14662,7078,7584,16756,8079,8677,14660,7117,7543,8377,3946,4431,2094,1030,1064,
31435,8380,4023,4357,14665,7078,7587,16759,8081,8678,14663,7119,7544,8377,3946,4431,2095,1031,1064,
31440,8382,4023,4359,14665,7078,7587,16760,8081,8679,14665,7121,7544,8379,3946,4433,2095,1031,1064,
31445,8383,4024,4359,14669,7080,7589,16764,8082,8682,14667,7121,7546,8381,3946,4435,2095,1031,1064,
31450,8384,4025,4359,14672,7081,7591,16767,8083,8684,14670,7124,7546,8381,3946,4435,2096,1031,1065,
31455,8386,4027,4359,14672,7081,7591,16768,8083,8685,14672,7124,7548,8383,3946,4437,2096,1031,1065,
31460,8387,4028,4359,14676,7083,7593,16772,8085,8687,14674,7126,7548,8385,3947,4438,2096,1031,1065,
31465,8388,4028,4360,14679,7083,7596,16775,8088,8687,14677,7127,7550,8385,3947,4438,2097,1031,1066,
31470,8390,4028,4362,14679,7083,7596,16776,8089,8687,14679,7129,7550,8387,3949,4438,2097,1031,1066,
31475,8391,4029,4362,14683,7085,7598,16780,8091,8689,14681,7129,7552,8389,3950,4439,2097,1031,1066,
31480,8392,4029,4363,14686,7086,7600,16783,8092,8691,14684,7131,7553,8389,3950,4439,2098,1031,1067,
31485,8394,4029,4365,14686,7086,7600,16784,8093,8691,14686,7132,7554,8391,3952,4439,2098,1031,1067,
31490,8395,4029,4366,14690,7089,7601,16788,8094,8694,14688,7132,7556,8393,3953,4440,2098,1031,1067,
31495,8396,4030,4366,14693,7090,7603,16791,8095,8696,14691,7134,7557,8393,3953,4440,2099,1031,1068,
31500,8398,4030,4368,14693,7090,7603,16792,8096,8696,14693,7135,7558,8395,3953,4442,2099,1031,1068,
31505,8399,4030,4369,14697,7092,7605,16796,8097,8699,14695,7135,7560,8397,3953,4444,2099,1031,1068,
31510,8400,4031,4369,14700,7094,7606,16799,8097,8702,14698,7137,7561,8397,3953,4444,2100,1031,1069,
31515,8402,4032,4370,14700,7094,7606,16800,8098,8702,14700,7138,7562,8399,3954,4445,2100,1031,1069,
31520,8403,4032,4371,14704,7095,7609,16804,8100,8704,14702,7138,7564,8401,3954,4447,2100,1031,1069,
31525,8404,4032,4372,14707,7097,7610,16807,8103,8704,14705,7139,7566,8401,3954,4447,2101,1032,1069,
31530,8406,4032,4374,14707,7097,7610,16808,8104,8704,14707,7141,7566,8403,3955,4448,2101,1032,1069,
31535,8407,4032,4375,14711,7097,7614,16812,8106,8706,14709,7143,7566,8405,3956,4449,2101,1032,1069,
31540,8408,4033,4375,14714,7098,7616,16815,8107,8708,14712,7145,7567,8405,3956,4449,2102,1033,1069,
31545,8410,4034,4376,14714,7098,7616,16816,8108,8708,14714,7145,7569,8407,3958,4449,2102,1033,1069,
31550,8411,4035,4376,14718,7100,7618,16820,8110,8710,14716,7145,7571,8409,3958,4451,2102,1033,1069,
31555,8412,4035,4377,14721,7101,7620,16823,8110,8713,14719,7147,7572,8409,3958,4451,2103,1034,1069,
31560,8414,4037,4377,14721,7101,7620,16824,8111,8713,14721,7147,7574,8411,3959,4452,2103,1034,1069,
31565,8415,4037,4378,14725,7104,7621,16828,8113,8715,14723,7148,7575,8413,3959,4454,2103,1034,1069,
31570,8416,4037,4379,14728,7106,7622,16831,8115,8716,14726,7151,7575,8413,3959,4454,2104,1035,1069,
31575,8418,4038,4380,14728,7106,7622,16832,8115,8717,14728,7152,7576,8415,3959,4456,2104,1035,1069,
31580,8419,4038,4381,14732,7107,7625,16836,8117,8719,14730,7154,7576,8417,3960,4457,2104,1035,1069,
31585,8420,4039,4381,14735,7109,7626,16839,8120,8719,14733,7156,7577,8417,3960,4457,2105,1036,1069,
31590,8422,4040,4382,14735,7109,7626,16840,8120,8720,14735,7157,7578,8419,3960,4459,2105,1036,1069,
31595,8423,4040,4383,14739,7110,7629,16844,8122,8722,14737,7157,7580,8421,3960,4461,2105,1036,1069,
31600,8424,4041,4383,14742,7110,7632,16847,8123,8724,14740,7158,7582,8421,3960,4461,2106,1037,1069,
31605,8426,4043,4383,14742,7110,7632,16848,8124,8724,14742,7160,7582,8423,3962,4461,2106,1037,1069,
31610,8427,4044,4383,14746,7113,7633,16852,8125,8727,14744,7162,7582,8425,3963,4462,2106,1037,1069,
31615,8428,4045,4383,14749,7115,7634,16855,8127,8728,14747,7164,7583,8425,3963,4462,2107,1038,1069,
31620,8430,4046,4384,14749,7115,7634,16856,8128,8728,14749,7165,7584,8427,3963,4464,2107,1038,1069,
31625,8431,4047,4384,14753,7116,7637,16860,8130,8730,14751,7167,7584,8429,3964,4465,2107,1038,1069,
31630,8432,4047,4385,14756,7116,7640,16863,8130,8733,14754,7169,7585,8429,3964,4465,2108,1038,1070,
31635,8434,4048,4386,14756,7116,7640,16864,8130,8734,14756,7171,7585,8431,3965,4466,2108,1038,1070,
31640,8435,4048,4387,14760,7117,7643,16868,8132,8736,14758,7171,7587,8433,3965,4468,2108,1038,1070,
31645,8436,4048,4388,14763,7118,7645,16871,8134,8737,14761,7174,7587,8433,3965,4468,2109,1038,1071,
31650,8438,4048,4390,14763,7118,7645,16872,8135,8737,14763,7176,7587,8435,3965,4470,2109,1038,1071,
31655,8439,4049,4390,14767,7121,7646,16876,8137,8739,14765,7178,7587,8437,3966,4471,2109,1038,1071,
31660,8440,4050,4390,14770,7122,7648,16879,8139,8740,14768,7180,7588,8437,3966,4471,2110,1039,1071,
31665,8442,4051,4391,14770,7122,7648,16880,8140,8740,14770,7181,7589,8439,3966,4473,2110,1039,1071,
31670,8443,4052,4391,14774,7125,7649,16884,8142,8742,14772,7182,7590,8441,3967,4474,2110,1039,1071,
31675,8444,4053,4391,14777,7126,7651,16887,8143,8744,14775,7185,7590,8441,3967,4474,2111,1040,1071,
31680,8446,4055,4391,14777,7126,7651,16888,8144,8744,14777,7186,7591,8443,3969,4474,2111,1040,1071,
31685,8447,4056,4391,14781,7128,7653,16892,8145,8747,14779,7186,7593,8445,3969,4476,2111,1040,1071,
31690,8448,4057,4391,14784,7129,7655,16895,8145,8750,14782,7189,7593,8445,3969,4476,2112,1040,1072,
31695,8450,4059,4391,14784,7129,7655,16896,8145,8751,14784,7190,7594,8447,3971,4476,2112,1040,1072,
31700,8451,4059,4392,14788,7131,7657,16900,8147,8753,14786,7191,7595,8449,3972,4477,2112,1040,1072,
31705,8452,4059,4393,14791,7132,7659,16903,8148,8755,14789,7191,7598,8449,3972,4477,2113,1041,1072,
31710,8454,4059,4395,14791,7132,7659,16904,8149,8755,14791,7191,7600,8451,3973,4478,2113,1041,1072,
31715,8455,4060,4395,14795,7135,7660,16908,8150,8758,14793,7191,7602,8453,3973,4480,2113,1041,1072,
31720,8456,4061,4395,14798,7137,7661,16911,8152,8759,14796,7193,7603,8453,3973,4480,2114,1042,1072,
31725,8458,4061,4397,14798,7137,7661,16912,8153,8759,14798,7194,7604,8455,3974,4481,2114,1042,1072,
31730,8459,4061,4398,14802,7139,7663,16916,8154,8762,14800,7195,7605,8457,3975,4482,2114,1042,1072,
31735,8460,4061,4399,14805,7141,7664,16919,8155,8764,14803,7197,7606,8457,3975,4482,2115,1043,1072,
31740,8462,4062,4400,14805,7141,7664,16920,8156,8764,14805,7198,7607,8459,3976,4483,2115,1043,1072,
31745,8463,4063,4400,14809,7144,7665,16924,8158,8766,14807,7198,7609,8461,3976,4485,2115,1043,1072,
31750,8464,4063,4401,14812,7145,7667,16927,8160,8767,14810,7201,7609,8461,3976,4485,2116,1043,1073,
31755,8466,4064,4402,14812,7145,7667,16928,8161,8767,14812,7203,7609,8463,3976,4487,2116,1043,1073,
31760,8467,4064,4403,14816,7149,7667,16932,8163,8769,14814,7205,7609,8465,3978,4487,2116,1043,1073,
31765,8468,4065,4403,14819,7150,7669,16935,8164,8771,14817,7205,7612,8465,3978,4487,2117,1043,1074,
31770,8470,4066,4404,14819,7150,7669,16936,8165,8771,14819,7206,7613,8467,3979,4488,2117,1043,1074,
31775,8471,4066,4405,14823,7153,7670,16940,8167,8773,14821,7208,7613,8469,3981,4488,2117,1043,1074,
31780,8472,4066,4406,14826,7154,7672,16943,8169,8774,14824,7209,7615,8469,3981,4488,2118,1043,1075,
31785,8474,4067,4407,14826,7154,7672,16944,8169,8775,14826,7210,7616,8471,3982,4489,2118,1043,1075,
31790,8475,4067,4408,14830,7157,7673,16948,8172,8776,14828,7211,7617,8473,3983,4490,2118,1043,1075,
31795,8476,4067,4409,14833,7158,7675,16951,8175,8776,14831,7212,7619,8473,3983,4490,2119,1043,1076,
31800,8478,4068,4410,14833,7158,7675,16952,8175,8777,14833,7214,7619,8475,3984,4491,2119,1043,1076,
31805,8479,4069,4410,14837,7159,7678,16956,8178,8778,14835,7216,7619,8477,3984,4493,2119,1043,1076,
31810,8480,4070,4410,14840,7161,7679,16959,8180,8779,14838,7217,7621,8477,3984,4493,2120,1044,1076,
31815,8482,4071,4411,14840,7161,7679,16960,8180,8780,14840,7219,7621,8479,3986,4493,2120,1044,1076,
31820,8483,4071,4412,14844,7161,7683,16964,8181,8783,14842,7220,7622,8481,3986,4495,2120,1044,1076,
31825,8484,4071,4413,14847,7163,7684,16967,8181,8786,14845,7220,7625,8481,3986,4495,2121,1044,1077,
31830,8486,4072,4414,14847,7163,7684,16968,8181,8787,14847,7221,7626,8483,3988,4495,2121,1044,1077,
31835,8487,4073,4414,14851,7165,7686,16972,8184,8788,14849,7222,7627,8485,3988,4497,2121,1044,1077,
31840,8488,4073,4415,14854,7167,7687,16975,8186,8789,14852,7222,7630,8485,3988,4497,2122,1044,1078,
31845,8490,4075,4415,14854,7167,7687,16976,8186,8790,14854,7224,7630,8487,3989,4498,2122,1044,1078,
31850,8491,4075,4416,14858,7170,7688,16980,8187,8793,14856,7225,7631,8489,3989,4500,2122,1044,1078,
31855,8492,4076,4416,14861,7172,7689,16983,8189,8794,14859,7227,7632,8489,3989,4500,2123,1044,1079,
31860,8494,4077,4417,14861,7172,7689,16984,8190,8794,14861,7228,7633,8491,3991,4500,2123,1044,1079,
31865,8495,4077,4418,14865,7175,7690,16988,8191,8797,14863,7229,7634,8493,3991,4502,2123,1044,1079,
31870,8496,4078,4418,14868,7177,7691,16991,8193,8798,14866,7230,7636,8493,3991,4502,2124,1044,1080,
31875,8498,4079,4419,14868,7177,7691,16992,8194,8798,14868,7231,7637,8495,3991,4504,2124,1044,1080,
31880,8499,4079,4420,14872,7179,7693,16996,8196,8800,14870,7231,7639,8497,3993,4504,2124,1044,1080,
31885,8500,4079,4421,14875,7181,7694,16999,8199,8800,14873,7234,7639,8497,3993,4504,2125,1044,1081,
31890,8502,4081,4421,14875,7181,7694,17000,8199,8801,14875,7235,7640,8499,3995,4504,2125,1044,1081,
31895,8503,4082,4421,14879,7183,7696,17004,8200,8804,14877,7237,7640,8501,3996,4505,2125,1044,1081,
31900,8504,4083,4421,14882,7184,7698,17007,8202,8805,14880,7239,7641,8501,3996,4505,2126,1045,1081,
31905,8506,4084,4422,14882,7184,7698,17008,8203,8805,14882,7239,7643,8503,3997,4506,2126,1045,1081,
31910,8507,4084,4423,14886,7185,7701,17012,8205,8807,14884,7239,7645,8505,3998,4507,2126,1045,1081,
31915,8508,4084,4424,14889,7185,7704,17015,8206,8809,14887,7239,7648,8505,3998,4507,2127,1045,1082,
31920,8510,4084,4426,14889,7185,7704,17016,8206,8810,14889,7239,7650,8507,3998,4509,2127,1045,1082,
31925,8511,4084,4427,14893,7188,7705,17020,8209,8811,14891,7240,7651,8509,4000,4509,2127,1045,1082,
31930,8512,4084,4428,14896,7191,7705,17023,8210,8813,14894,7241,7653,8509,4000,4509,2128,1046,1082,
31935,8514,4085,4429,14896,7191,7705,17024,8210,8814,14896,7242,7654,8511,4001,4510,2128,1046,1082,
31940,8515,4086,4429,14900,7194,7706,17028,8212,8816,14898,7243,7655,8513,4002,4511,2128,1046,1082,
31945,8516,4087,4429,14903,7194,7709,17031,8214,8817,14901,7246,7655,8513,4002,4511,2129,1047,1082,
31950,8518,4088,4430,14903,7194,7709,17032,8214,8818,14903,7246,7657,8515,4003,4512,2129,1047,1082,
31955,8519,4088,4431,14907,7195,7712,17036,8216,8820,14905,7248,7657,8517,4004,4513,2129,1047,1082,
31960,8520,4088,4432,14910,7195,7715,17039,8218,8821,14908,7250,7658,8517,4004,4513,2130,1047,1083,
31965,8522,4089,4433,14910,7195,7715,17040,8219,8821,14910,7251,7659,8519,4005,4514,2130,1047,1083,
31970,8523,4089,4434,14914,7197,7717,17044,8222,8822,14912,7251,7661,8521,4005,4516,2130,1047,1083,
31975,8524,4090,4434,14917,7198,7719,17047,8225,8822,14915,7254,7661,8521,4005,4516,2131,1048,1083,
31980,8526,4091,4435,14917,7198,7719,17048,8225,8823,14917,7255,7662,8523,4006,4517,2131,1048,1083,
31985,8527,4091,4436,14921,7200,7721,17052,8226,8826,14919,7255,7664,8525,4007,4518,2131,1048,1083,
31990,8528,4091,4437,14924,7201,7723,17055,8227,8828,14922,7257,7665,8525,4007,4518,2132,1049,1083,
31995,8530,4092,4438,14924,7201,7723,17056,8227,8829,14924,7257,7667,8527,4008,4519,2132,1049,1083,
32000,8531,4093,4438,14928,7204,7724,17060,8229,8831,14926,7258,7668,8529,4010,4519,2132,1049,1083,
32005,8532,4093,4439,14931,7205,7726,17063,8231,8832,14929,7261,7668,8529,4010,4519,2133,1049,1084,
32010,8534,4094,4440,14931,7205,7726,17064,8231,8833,14931,7261,7670,8531,4010,4521,2133,1049,1084,
32015,8535,4095,4440,14935,7207,7728,17068,8234,8834,14933,7262,7671,8533,4011,4522,2133,1049,1084,
32020,8536,4096,4440,14938,7208,7730,17071,8235,8836,14936,7263,7673,8533,4011,4522,2134,1050,1084,
32025,8538,4098,4440,14938,7208,7730,17072,8235,8837,14938,7263,7675,8535,4013,4522,2134,1050,1084,
32030,8539,4099,4440,14942,7209,7733,17076,8236,8840,14940,7263,7677,8537,4014,4523,2134,1050,1084,
32035,8540,4099,4441,14945,7210,7735,17079,8238,8841,14943,7263,7680,8537,4014,4523,2135,1050,1085,
32040,8542,4099,4443,14945,7210,7735,17080,8239,8841,14945,7264,7681,8539,4014,4525,2135,1050,1085,
32045,8543,4099,4444,14949,7213,7736,17084,8240,8844,14947,7265,7682,8541,4014,4527,2135,1050,1085,
32050,8544,4099,4445,14952,7214,7738,17087,8241,8846,14950,7267,7683,8541,4014,4527,2136,1051,1085,
32055,8546,4100,4446,14952,7214,7738,17088,8241,8847,14952,7268,7684,8543,4015,4528,2136,1051,1085,
32060,8547,4100,4447,14956,7215,7741,17092,8243,8849,14954,7269,7685,8545,4016,4529,2136,1051,1085,
32065,8548,4100,4448,14959,7216,7743,17095,8245,8850,14957,7271,7686,8545,4016,4529,2137,1052,1085,
32070,8550,4101,4449,14959,7216,7743,17096,8245,8851,14959,7272,7687,8547,4018,4529,2137,1052,1085,
32075,8551,4101,4450,14963,7218,7745,17100,8249,8851,14961,7272,7689,8549,4019,4530,2137,1052,1085,
32080,8552,4101,4451,14966,7219,7747,17103,8249,8854,14964,7275,7689,8549,4019,4530,2138,1053,1085,
32085,8554,4102,4452,14966,7219,7747,17104,8250,8854,14966,7275,7691,8551,4021,4530,2138,1053,1085,
32090,8555,4103,4452,14970,7222,7748,17108,8252,8856,14968,7277,7691,8553,4022,4531,2138,1053,1085,
32095,8556,4103,4453,14973,7224,7749,17111,8254,8857,14971,7278,7693,8553,4022,4531,2139,1054,1085,
32100,8558,4103,4455,14973,7224,7749,17112,8255,8857,14973,7279,7694,8555,4023,4532,2139,1054,1085,
32105,8559,4103,4456,14977,7227,7750,17116,8257,8859,14975,7280,7695,8557,4024,4533,2139,1054,1085,
32110,8560,4104,4456,14980,7228,7752,17119,8258,8861,14978,7280,7698,8557,4024,4533,2140,1054,1086,
32115,8562,4106,4456,14980,7228,7752,17120,8258,8862,14980,7281,7699,8559,4025,4534,2140,1054,1086,
32120,8563,4106,4457,14984,7230,7754,17124,8260,8864,14982,7281,7701,8561,4025,4536,2140,1054,1086,
32125,8564,4106,4458,14987,7232,7755,17127,8260,8867,14985,7282,7703,8561,4025,4536,2141,1054,1087,
32130,8566,4108,4458,14987,7232,7755,17128,8261,8867,14987,7283,7704,8563,4026,4537,2141,1054,1087,
32135,8567,4108,4459,14991,7234,7757,17132,8262,8870,14989,7284,7705,8565,4028,4537,2141,1054,1087,
32140,8568,4108,4460,14994,7236,7758,17135,8263,8872,14992,7285,7707,8565,4028,4537,2142,1054,1088,
32145,8570,4109,4461,14994,7236,7758,17136,8264,8872,14994,7286,7708,8567,4028,4539,2142,1054,1088,
32150,8571,4109,4462,14998,7237,7761,17140,8266,8874,14996,7287,7709,8569,4029,4540,2142,1054,1088,
32155,8572,4110,4462,15001,7239,7762,17143,8267,8876,14999,7287,7712,8569,4029,4540,2143,1054,1089,
32160,8574,4111,4463,15001,7239,7762,17144,8268,8876,15001,7288,7713,8571,4030,4541,2143,1054,1089,
32165,8575,4111,4464,15005,7241,7764,17148,8270,8878,15003,7290,7713,8573,4031,4542,2143,1054,1089,
32170,8576,4112,4464,15008,7242,7766,17151,8271,8880,15006,7292,7714,8573,4031,4542,2144,1055,1089,
32175,8578,4112,4466,15008,7242,7766,17152,8271,8881,15008,7294,7714,8575,4031,4544,2144,1055,1089,
32180,8579,4113,4466,15012,7244,7768,17156,8273,8883,15010,7295,7715,8577,4032,4545,2144,1055,1089,
32185,8580,4114,4466,15015,7246,7769,17159,8275,8884,15013,7297,7716,8577,4032,4545,2145,1055,1090,
32190,8582,4114,4468,15015,7246,7769,17160,8275,8885,15015,7297,7718,8579,4034,4545,2145,1055,1090,
32195,8583,4114,4469,15019,7248,7771,17164,8278,8886,15017,7298,7719,8581,4034,4547,2145,1055,1090,
32200,8584,4115,4469,15022,7250,7772,17167,8280,8887,15020,7300,7720,8581,4034,4547,2146,1056,1090,
32205,8586,4115,4471,15022,7250,7772,17168,8280,8888,15022,7300,7722,8583,4035,4548,2146,1056,1090,
32210,8587,4116,4471,15026,7252,7774,17172,8281,8891,15024,7301,7723,8585,4035,4550,2146,1056,1090,
32215,8588,4117,4471,15029,7253,7776,17175,8282,8893,15027,7302,7725,8585,4035,4550,2147,1056,1091,
32220,8590,4119,4471,15029,7253,7776,17176,8282,8894,15029,7302,7727,8587,4035,4552,2147,1056,1091,
32225,8591,4119,4472,15033,7256,7777,17180,8283,8897,15031,7303,7728,8589,4035,4554,2147,1056,1091,
32230,8592,4120,4472,15036,7257,7779,17183,8285,8898,15034,7305,7729,8589,4035,4554,2148,1056,1092,
32235,8594,4122,4472,15036,7257,7779,17184,8285,8899,15036,7306,7730,8591,4037,4554,2148,1056,1092,
32240,8595,4122,4473,15040,7259,7781,17188,8287,8901,15038,7307,7731,8593,4037,4556,2148,1056,1092,
32245,8596,4123,4473,15043,7261,7782,17191,8287,8904,15041,7308,7733,8593,4037,4556,2149,1057,1092,
32250,8598,4124,4474,15043,7261,7782,17192,8288,8904,15043,7308,7735,8595,4038,4557,2149,1057,1092,
32255,8599,4125,4474,15047,7265,7782,17196,8290,8906,15045,7308,7737,8597,4039,4558,2149,1057,1092,
32260,8600,4125,4475,15050,7267,7783,17199,8293,8906,15048,7308,7740,8597,4039,4558,2150,1058,1092,
32265,8602,4126,4476,15050,7267,7783,17200,8293,8907,15050,7308,7742,8599,4040,4559,2150,1058,1092,
32270,8603,4127,4476,15054,7269,7785,17204,8296,8908,15052,7309,7743,8601,4040,4561,2150,1058,1092,
32275,8604,4128,4476,15057,7270,7787,17207,8296,8911,15055,7310,7745,8601,4040,4561,2151,1059,1092,
32280,8606,4130,4476,15057,7270,7787,17208,8297,8911,15057,7312,7745,8603,4040,4563,2151,1059,1092,
32285,8607,4131,4476,15061,7274,7787,17212,8300,8912,15059,7313,7746,8605,4041,4564,2151,1059,1092,
32290,8608,4132,4476,15064,7275,7789,17215,8302,8913,15062,7314,7748,8605,4041,4564,2152,1060,1092,
32295,8610,4133,4477,15064,7275,7789,17216,8303,8913,15064,7316,7748,8607,4042,4565,2152,1060,1092,
32300,8611,4133,4478,15068,7277,7791,17220,8304,8916,15066,7317,7749,8609,4043,4566,2152,1060,1092,
32305,8612,4134,4478,15071,7278,7793,17223,8305,8918,15069,7318,7751,8609,4043,4566,2153,1060,1093,
32310,8614,4135,4479,15071,7278,7793,17224,8306,8918,15071,7320,7751,8611,4043,4568,2153,1060,1093,
32315,8615,4135,4480,15075,7280,7795,17228,8308,8920,15073,7320,7753,8613,4043,4570,2153,1060,1093,
32320,8616,4135,4481,15078,7283,7795,17231,8308,8923,15076,7321,7755,8613,4043,4570,2154,1061,1093,
32325,8618,4137,4481,15078,7283,7795,17232,8308,8924,15078,7322,7756,8615,4044,4571,2154,1061,1093,
32330,8619,4137,4482,15082,7286,7796,17236,8310,8926,15080,7322,7758,8617,4045,4572,2154,1061,1093,
32335,8620,4137,4483,15085,7287,7798,17239,8312,8927,15083,7324,7759,8617,4045,4572,2155,1062,1093,
32340,8622,4138,4484,15085,7287,7798,17240,8312,8928,15085,7325,7760,8619,4047,4572,2155,1062,1093,
32345,8623,4138,4485,15089,7291,7798,17244,8312,8932,15087,7325,7762,8621,4049,4572,2155,1062,1093,
32350,8624,4139,4485,15092,7293,7799,17247,8313,8934,15090,7326,7764,8621,4049,4572,2156,1062,1094,
32355,8626,4140,4486,15092,7293,7799,17248,8313,8935,15092,7328,7764,8623,4050,4573,2156,1062,1094,
32360,8627,4141,4486,15096,7296,7800,17252,8314,8938,15094,7330,7764,8625,4051,4574,2156,1062,1094,
32365,8628,4142,4486,15099,7298,7801,17255,8316,8939,15097,7331,7766,8625,4051,4574,2157,1063,1094,
32370,8630,4143,4487,15099,7298,7801,17256,8316,8940,15099,7332,7767,8627,4052,4575,2157,1063,1094,
32375,8631,4143,4488,15103,7299,7804,17260,8317,8943,15101,7333,7768,8629,4053,4576,2157,1063,1094,
32380,8632,4144,4488,15106,7301,7805,17263,8319,8944,15104,7335,7769,8629,4053,4576,2158,1063,1095,
32385,8634,4145,4489,15106,7301,7805,17264,8319,8945,15106,7335,7771,8631,4055,4576,2158,1063,1095,
32390,8635,4146,4489,15110,7303,7807,17268,8319,8949,15108,7335,7773,8633,4056,4577,2158,1063,1095,
32395,8636,4146,4490,15113,7304,7809,17271,8321,8950,15111,7335,7776,8633,4056,4577,2159,1064,1095,
32400,8638,4147,4491,15113,7304,7809,17272,8321,8951,15113,7336,7777,8635,4058,4577,2159,1064,1095,
32405,8639,4148,4491,15117,7305,7812,17276,8324,8952,15115,7338,7777,8637,4059,4578,2159,1064,1095,
32410,8640,4149,4491,15120,7305,7815,17279,8326,8953,15118,7339,7779,8637,4059,4578,2160,1065,1095,
32415,8642,4149,4493,15120,7305,7815,17280,8326,8954,15120,7340,7780,8639,4059,4580,2160,1065,1095,
32420,8643,4149,4494,15124,7309,7815,17284,8329,8955,15122,7340,7782,8641,4061,4580,2160,1065,1095,
32425,8644,4150,4494,15127,7310,7817,17287,8331,8956,15125,7342,7783,8641,4061,4580,2161,1066,1095,
32430,8646,4151,4495,15127,7310,7817,17288,8331,8957,15127,7342,7785,8643,4061,4582,2161,1066,1095,
32435,8647,4151,4496,15131,7312,7819,17292,8335,8957,15129,7344,7785,8645,4062,4583,2161,1066,1095,
32440,8648,4152,4496,15134,7312,7822,17295,8336,8959,15132,7346,7786,8645,4062,4583,2162,1066,1096,
32445,8650,4153,4497,15134,7312,7822,17296,8337,8959,15134,7347,7787,8647,4062,4585,2162,1066,1096,
32450,8651,4154,4497,15138,7314,7824,17300,8340,8960,15136,7349,7787,8649,4064,4585,2162,1066,1096,
32455,8652,4154,4498,15141,7315,7826,17303,8343,8960,15139,7352,7787,8649,4064,4585,2163,1066,1097,
32460,8654,4156,4498,15141,7315,7826,17304,8343,8961,15141,7354,7787,8651,4064,4587,2163,1066,1097,
32465,8655,4156,4499,15145,7317,7828,17308,8345,8963,15143,7355,7788,8653,4065,4588,2163,1066,1097,
32470,8656,4157,4499,15148,7320,7828,17311,8347,8964,15146,7356,7790,8653,4065,4588,2164,1067,1097,
32475,8658,4157,4501,15148,7320,7828,17312,8347,8965,15148,7356,7792,8655,4065,4590,2164,1067,1097,
32480,8659,4158,4501,15152,7324,7828,17316,8350,8966,15150,7357,7793,8657,4066,4591,2164,1067,1097,
32485,8660,4158,4502,15155,7325,7830,17319,8352,8967,15153,7358,7795,8657,4066,4591,2165,1068,1097,
32490,8662,4158,4504,15155,7325,7830,17320,8352,8968,15155,7359,7796,8659,4067,4592,2165,1068,1097,
32495,8663,4158,4505,15159,7326,7833,17324,8354,8970,15157,7359,7798,8661,4067,4594,2165,1068,1097,
32500,8664,4158,4506,15162,7328,7834,17327,8355,8972,15160,7361,7799,8661,4067,4594,2166,1069,1097,
32505,8666,4160,4506,15162,7328,7834,17328,8355,8973,15162,7363,7799,8663,4069,4594,2166,1069,1097,
32510,8667,4161,4506,15166,7329,7837,17332,8358,8974,15164,7363,7801,8665,4070,4595,2166,1069,1097,
32515,8668,4161,4507,15169,7331,7838,17335,8360,8975,15167,7366,7801,8665,4070,4595,2167,1070,1097,
32520,8670,4162,4508,15169,7331,7838,17336,8361,8975,15169,7368,7801,8667,4070,4597,2167,1070,1097,
32525,8671,4163,4508,15173,7333,7840,17340,8363,8977,15171,7369,7802,8669,4072,4597,2167,1070,1097,
32530,8672,4163,4509,15176,7333,7843,17343,8365,8978,15174,7371,7803,8669,4072,4597,2168,1071,1097,
32535,8674,4164,4510,15176,7333,7843,17344,8365,8979,15176,7372,7804,8671,4073,4598,2168,1071,1097,
32540,8675,4164,4511,15180,7334,7846,17348,8366,8982,15178,7372,7806,8673,4075,4598,2168,1071,1097,
32545,8676,4164,4512,15183,7335,7848,17351,8367,8984,15181,7373,7808,8673,4075,4598,2169,1072,1097,
32550,8678,4165,4513,15183,7335,7848,17352,8368,8984,15183,7374,7809,8675,4075,4600,2169,1072,1097,
32555,8679,4166,4513,15187,7336,7851,17356,8371,8985,15185,7374,7811,8677,4075,4602,2169,1072,1097,
32560,8680,4166,4514,15190,7339,7851,17359,8374,8985,15188,7375,7813,8677,4075,4602,2170,1073,1097,
32565,8682,4167,4515,15190,7339,7851,17360,8374,8986,15190,7375,7815,8679,4077,4602,2170,1073,1097,
32570,8683,4167,4516,15194,7339,7855,17364,8375,8989,15192,7376,7816,8681,4078,4603,2170,1073,1097,
32575,8684,4167,4517,15197,7341,7856,17367,8377,8990,15195,7378,7817,8681,4078,4603,2171,1074,1097,
32580,8686,4169,4517,15197,7341,7856,17368,8378,8990,15197,7379,7818,8683,4079,4604,2171,1074,1097,
32585,8687,4170,4517,15201,7341,7860,17372,8379,8993,15199,7381,7818,8685,4080,4605,2171,1074,1097,
32590,8688,4171,4517,15204,7342,7862,17375,8380,8995,15202,7383,7819,8685,4080,4605,2172,1074,1098,
32595,8690,4173,4517,15204,7342,7862,17376,8381,8995,15204,7384,7820,8687,4081,4606,2172,1074,1098,
32600,8691,4174,4517,15208,7345,7863,17380,8384,8996,15206,7385,7821,8689,4082,4607,2172,1074,1098,
32605,8692,4174,4518,15211,7347,7864,17383,8386,8997,15209,7385,7824,8689,4082,4607,2173,1075,1098,
32610,8694,4175,4519,15211,7347,7864,17384,8386,8998,15211,7386,7825,8691,4082,4609,2173,1075,1098,
32615,8695,4175,4520,15215,7349,7866,17388,8387,9001,15213,7387,7826,8693,4083,4610,2173,1075,1098,
32620,8696,4175,4521,15218,7350,7868,17391,8388,9003,15216,7389,7827,8693,4083,4610,2174,1076,1098,
32625,8698,4175,4523,15218,7350,7868,17392,8388,9004,15218,7391,7827,8695,4084,4611,2174,1076,1098,
32630,8699,4176,4523,15222,7353,7869,17396,8389,9007,15220,7392,7828,8697,4084,4613,2174,1076,1098,
32635,8700,4176,4524,15225,7354,7871,17399,8391,9008,15223,7394,7829,8697,4084,4613,2175,1077,1098,
32640,8702,4176,4526,15225,7354,7871,17400,8391,9009,15225,7394,7831,8699,4085,4614,2175,1077,1098,
32645,8703,4176,4527,15229,7358,7871,17404,8393,9011,15227,7395,7832,8701,4085,4616,2175,1077,1098,
32650,8704,4177,4527,15232,7359,7873,17407,8394,9013,15230,7397,7833,8701,4085,4616,2176,1077,1099,
32655,8706,4179,4527,15232,7359,7873,17408,8394,9014,15232,7398,7834,8703,4087,4616,2176,1077,1099,
32660,8707,4179,4528,15236,7360,7876,17412,8395,9017,15234,7398,7836,8705,4089,4616,2176,1077,1099,
32665,8708,4180,4528,15239,7362,7877,17415,8396,9019,15237,7399,7838,8705,4089,4616,2177,1078,1099,
32670,8710,4182,4528,15239,7362,7877,17416,8396,9020,15239,7401,7838,8707,4090,4617,2177,1078,1099,
32675,8711,4182,4529,15243,7364,7879,17420,8398,9022,15241,7402,7839,8709,4090,4619,2177,1078,1099,
32680,8712,4182,4530,15246,7366,7880,17423,8398,9025,15244,7402,7842,8709,4090,4619,2178,1078,1100,
32685,8714,4183,4531,15246,7366,7880,17424,8398,9026,15246,7404,7842,8711,4092,4619,2178,1078,1100,
32690,8715,4184,4531,15250,7367,7883,17428,8400,9028,15248,7405,7843,8713,4094,4619,2178,1078,1100,
32695,8716,4184,4532,15253,7369,7884,17431,8401,9030,15251,7406,7845,8713,4094,4619,2179,1078,1101,
32700,8718,4185,4533,15253,7369,7884,17432,8401,9031,15253,7407,7846,8715,4095,4620,2179,1078,1101,
32705,8719,4185,4534,15257,7372,7885,17436,8404,9032,15255,7407,7848,8717,4096,4621,2179,1078,1101,
32710,8720,4186,4534,15260,7375,7885,17439,8404,9035,15258,7410,7848,8717,4096,4621,2180,1079,1101,
32715,8722,4187,4535,15260,7375,7885,17440,8404,9036,15260,7412,7848,8719,4097,4622,2180,1079,1101,
32720,8723,4188,4535,15264,7378,7886,17444,8406,9038,15262,7413,7849,8721,4098,4623,2180,1079,1101,
32725,8724,4189,4535,15267,7379,7888,17447,8407,9040,15265,7415,7850,8721,4098,4623,2181,1080,1101,
32730,8726,4191,4535,15267,7379,7888,17448,8407,9041,15267,7416,7851,8723,4100,4623,2181,1080,1101,
32735,8727,4192,4535,15271,7381,7890,17452,8410,9042,15269,7418,7851,8725,4100,4625,2181,1080,1101,
32740,8728,4193,4535,15274,7384,7890,17455,8412,9043,15272,7420,7852,8725,4100,4625,2182,1080,1102,
32745,8730,4194,4536,15274,7384,7890,17456,8412,9044,15274,7421,7853,8727,4100,4627,2182,1080,1102,
32750,8731,4195,4536,15278,7387,7891,17460,8412,9048,15276,7421,7855,8729,4101,4628,2182,1080,1102,
32755,8732,4195,4537,15281,7387,7894,17463,8414,9049,15279,7421,7858,8729,4101,4628,2183,1080,1103,
32760,8734,4196,4538,15281,7387,7894,17464,8415,9049,15281,7422,7859,8731,4102,4629,2183,1080,1103,
32765,8735,4197,4538,15285,7390,7895,17468,8417,9051,15283,7423,7860,8733,4103,4630,2183,1080,1103,
32770,8736,4197,4539,15288,7391,7897,17471,8418,9053,15286,7423,7863,8733,4103,4630,2184,1080,1104,
32775,8738,4198,4540,15288,7391,7897,17472,8418,9054,15288,7423,7865,8735,4103,4632,2184,1080,1104,
32780,8739,4198,4541,15292,7393,7899,17476,8419,9057,15290,7424,7866,8737,4103,4634,2184,1080,1104,
32785,8740,4199,4541,15295,7395,7900,17479,8421,9058,15293,7425,7868,8737,4103,4634,2185,1080,1105,
32790,8742,4201,4541,15295,7395,7900,17480,8421,9059,15295,7426,7869,8739,4105,4634,2185,1080,1105,
32795,8743,4202,4541,15299,7397,7902,17484,8423,9061,15297,7428,7869,8741,4106,4635,2185,1080,1105,
32800,8744,4202,4542,15302,7398,7904,17487,8425,9062,15300,7428,7872,8741,4106,4635,2186,1081,1105,
32805,8746,4203,4543,15302,7398,7904,17488,8425,9063,15302,7429,7873,8743,4107,4636,2186,1081,1105,
32810,8747,4203,4544,15306,7399,7907,17492,8427,9065,15304,7430,7874,8745,4107,4638,2186,1081,1105,
32815,8748,4204,4544,15309,7402,7907,17495,8428,9067,15307,7431,7876,8745,4107,4638,2187,1082,1105,
32820,8750,4205,4545,15309,7402,7907,17496,8429,9067,15309,7432,7877,8747,4108,4639,2187,1082,1105,
32825,8751,4205,4546,15313,7402,7911,17500,8430,9070,15311,7434,7877,8749,4109,4640,2187,1082,1105,
32830,8752,4206,4546,15316,7402,7914,17503,8432,9071,15314,7436,7878,8749,4109,4640,2188,1082,1106,
32835,8754,4207,4547,15316,7402,7914,17504,8432,9072,15316,7437,7879,8751,4110,4641,2188,1082,1106,
32840,8755,4208,4547,15320,7403,7917,17508,8433,9075,15318,7438,7880,8753,4111,4642,2188,1082,1106,
32845,8756,4208,4548,15323,7404,7919,17511,8436,9075,15321,7439,7882,8753,4111,4642,2189,1083,1106,
32850,8758,4208,4550,15323,7404,7919,17512,8436,9076,15323,7439,7884,8755,4111,4644,2189,1083,1106,
32855,8759,4208,4551,15327,7406,7921,17516,8437,9079,15325,7441,7884,8757,4112,4645,2189,1083,1106,
32860,8760,4208,4552,15330,7407,7923,17519,8440,9079,15328,7443,7885,8757,4112,4645,2190,1084,1106,
32865,8762,4209,4553,15330,7407,7923,17520,8441,9079,15330,7444,7886,8759,4112,4647,2190,1084,1106,
32870,8763,4209,4554,15334,7410,7924,17524,8445,9079,15332,7445,7887,8761,4113,4648,2190,1084,1106,
32875,8764,4209,4555,15337,7412,7925,17527,8445,9082,15335,7447,7888,8761,4113,4648,2191,1085,1106,
32880,8766,4211,4555,15337,7412,7925,17528,8445,9083,15337,7448,7889,8763,4115,4648,2191,1085,1106,
32885,8767,4211,4556,15341,7415,7926,17532,8447,9085,15339,7448,7891,8765,4117,4648,2191,1085,1106,
32890,8768,4212,4556,15344,7415,7929,17535,8448,9087,15342,7449,7893,8765,4117,4648,2192,1085,1107,
32895,8770,4212,4558,15344,7415,7929,17536,8449,9087,15344,7449,7895,8767,4117,4650,2192,1085,1107,
32900,8771,4213,4558,15348,7417,7931,17540,8450,9090,15346,7449,7897,8769,4119,4650,2192,1085,1107,
32905,8772,4214,4558,15351,7419,7932,17543,8451,9092,15349,7450,7899,8769,4119,4650,2193,1086,1107,
32910,8774,4216,4558,15351,7419,7932,17544,8452,9092,15351,7451,7900,8771,4120,4651,2193,1086,1107,
32915,8775,4216,4559,15355,7421,7934,17548,8454,9094,15353,7452,7901,8773,4121,4652,2193,1086,1107,
32920,8776,4217,4559,15358,7422,7936,17551,8456,9095,15356,7455,7901,8773,4121,4652,2194,1086,1108,
32925,8778,4218,4560,15358,7422,7936,17552,8456,9096,15358,7457,7901,8775,4122,4653,2194,1086,1108,
32930,8779,4219,4560,15362,7425,7937,17556,8458,9098,15360,7457,7903,8777,4122,4655,2194,1086,1108,
32935,8780,4220,4560,15365,7428,7937,17559,8459,9100,15363,7457,7906,8777,4122,4655,2195,1087,1108,
32940,8782,4222,4560,15365,7428,7937,17560,8459,9101,15365,7457,7908,8779,4123,4656,2195,1087,1108,
32945,8783,4223,4560,15369,7430,7939,17564,8459,9105,15367,7458,7909,8781,4123,4658,2195,1087,1108,
32950,8784,4224,4560,15372,7432,7940,17567,8459,9108,15370,7460,7910,8781,4123,4658,2196,1088,1108,
32955,8786,4225,4561,15372,7432,7940,17568,8459,9109,15372,7461,7911,8783,4125,4658,2196,1088,1108,
32960,8787,4225,4562,15376,7433,7943,17572,8460,9112,15374,7462,7912,8785,4126,4659,2196,1088,1108,
32965,8788,4225,4563,15379,7434,7945,17575,8461,9114,15377,7464,7913,8785,4126,4659,2197,1088,1109,
32970,8790,4226,4564,15379,7434,7945,17576,8461,9115,15379,7464,7915,8787,4127,4660,2197,1088,1109,
32975,8791,4226,4565,15383,7437,7946,17580,8464,9116,15381,7466,7915,8789,4127,4662,2197,1088,1109,
32980,8792,4226,4566,15386,7438,7948,17583,8466,9117,15384,7466,7918,8789,4127,4662,2198,1089,1109,
32985,8794,4227,4567,15386,7438,7948,17584,8466,9118,15386,7467,7919,8791,4128,4663,2198,1089,1109,
32990,8795,4227,4568,15390,7439,7951,17588,8468,9120,15388,7468,7920,8793,4128,4665,2198,1089,1109,
32995,8796,4227,4569,15393,7441,7952,17591,8469,9122,15391,7470,7921,8793,4128,4665,2199,1090,1109,
33000,8798,4228,4570,15393,7441,7952,17592,8470,9122,15393,7472,7921,8795,4128,4667,2199,1090,1109,
33005,8799,4229,4570,15397,7445,7952,17596,8474,9122,15395,7473,7922,8797,4129,4668,2199,1090,1109,
33010,8800,4230,4570,15400,7447,7953,17599,8474,9125,15398,7473,7925,8797,4129,4668,2200,1090,1110,
33015,8802,4232,4570,15400,7447,7953,17600,8474,9126,15400,7473,7927,8799,4130,4669,2200,1090,1110,
33020,8803,4232,4571,15404,7449,7955,17604,8474,9130,15402,7473,7929,8801,4131,4670,2200,1090,1110,
33025,8804,4232,4572,15407,7449,7958,17607,8477,9130,15405,7476,7929,8801,4131,4670,2201,1091,1110,
33030,8806,4232,4574,15407,7449,7958,17608,8477,9131,15407,7477,7930,8803,4133,4670,2201,1091,1110,
33035,8807,4232,4575,15411,7450,7961,17612,8479,9133,15409,7478,7931,8805,4135,4670,2201,1091,1110,
33040,8808,4232,4576,15414,7451,7963,17615,8482,9133,15412,7479,7933,8805,4135,4670,2202,1092,1110,
33045,8810,4233,4577,15414,7451,7963,17616,8483,9133,15414,7480,7934,8807,4137,4670,2202,1092,1110,
33050,8811,4233,4578,15418,7453,7965,17620,8484,9136,15416,7481,7935,8809,4139,4670,2202,1092,1110,
33055,8812,4234,4578,15421,7454,7967,17623,8484,9139,15419,7482,7937,8809,4139,4670,2203,1093,1110,
33060,8814,4234,4580,15421,7454,7967,17624,8484,9140,15421,7482,7939,8811,4140,4671,2203,1093,1110,
33065,8815,4235,4580,15425,7456,7969,17628,8486,9142,15423,7482,7941,8813,4141,4672,2203,1093,1110,
33070,8816,4235,4581,15428,7457,7971,17631,8487,9144,15426,7484,7942,8813,4141,4672,2204,1094,1110,
33075,8818,4236,4582,15428,7457,7971,17632,8488,9144,15428,7484,7944,8815,4142,4673,2204,1094,1110,
33080,8819,4236,4583,15432,7460,7972,17636,8490,9146,15430,7485,7945,8817,4142,4675,2204,1094,1110,
33085,8820,4236,4584,15435,7461,7974,17639,8492,9147,15433,7487,7946,8817,4142,4675,2205,1095,1110,
33090,8822,4237,4585,15435,7461,7974,17640,8492,9148,15435,7487,7948,8819,4143,4676,2205,1095,1110,
33095,8823,4237,4586,15439,7462,7977,17644,8493,9151,15437,7487,7950,8821,4143,4678,2205,1095,1110,
33100,8824,4238,4586,15442,7463,7979,17647,8494,9153,15440,7489,7951,8821,4143,4678,2206,1096,1110,
33105,8826,4238,4588,15442,7463,7979,17648,8495,9153,15442,7490,7952,8823,4144,4679,2206,1096,1110,
33110,8827,4238,4589,15446,7465,7981,17652,8499,9153,15444,7490,7954,8825,4145,4680,2206,1096,1110,
33115,8828,4238,4590,15449,7467,7982,17655,8501,9154,15447,7491,7956,8825,4145,4680,2207,1096,1111,
33120,8830,4239,4591,15449,7467,7982,17656,8501,9155,15449,7493,7956,8827,4145,4682,2207,1096,1111,
33125,8831,4239,4592,15453,7469,7984,17660,8503,9157,15451,7493,7958,8829,4147,4682,2207,1096,1111,
33130,8832,4239,4593,15456,7471,7985,17663,8506,9157,15454,7494,7960,8829,4147,4682,2208,1097,1111,
33135,8834,4239,4595,15456,7471,7985,17664,8507,9157,15456,7495,7961,8831,4149,4682,2208,1097,1111,
33140,8835,4239,4596,15460,7474,7986,17668,8508,9160,15458,7497,7961,8833,4151,4682,2208,1097,1111,
33145,8836,4239,4597,15463,7476,7987,17671,8510,9161,15461,7499,7962,8833,4151,4682,2209,1097,1112,
33150,8838,4241,4597,15463,7476,7987,17672,8511,9161,15463,7500,7963,8835,4152,4683,2209,1097,1112,
33155,8839,4241,4598,15467,7477,7990,17676,8514,9162,15465,7500,7965,8837,4153,4684,2209,1097,1112,
33160,8840,4242,4598,15470,7479,7991,17679,8515,9164,15468,7500,7968,8837,4153,4684,2210,1097,1113,
33165,8842,4244,4598,15470,7479,7991,17680,8515,9165,15470,7502,7968,8839,4155,4684,2210,1097,1113,
33170,8843,4245,4598,15474,7480,7994,17684,8517,9167,15472,7502,7970,8841,4157,4684,2210,1097,1113,
33175,8844,4246,4598,15477,7481,7996,17687,8518,9169,15475,7504,7971,8841,4157,4684,2211,1097,1114,
33180,8846,4247,4599,15477,7481,7996,17688,8518,9170,15477,7504,7973,8843,4157,4686,2211,1097,1114,
33185,8847,4247,4600,15481,7483,7998,17692,8520,9172,15479,7505,7974,8845,4157,4688,2211,1097,1114,
33190,8848,4248,4600,15484,7485,7999,17695,8520,9175,15482,7508,7974,8845,4157,4688,2212,1097,1115,
33195,8850,4249,4601,15484,7485,7999,17696,8521,9175,15484,7509,7975,8847,4158,4689,2212,1097,1115,
33200,8851,4249,4602,15488,7486,8002,17700,8523,9177,15486,7509,7977,8849,4159,4690,2212,1097,1115,
33205,8852,4250,4602,15491,7487,8004,17703,8523,9180,15489,7509,7980,8849,4159,4690,2213,1097,1116,
33210,8854,4250,4604,15491,7487,8004,17704,8523,9181,15491,7510,7981,8851,4160,4691,2213,1097,1116,
33215,8855,4251,4604,15495,7491,8004,17708,8525,9183,15493,7511,7982,8853,4161,4692,2213,1097,1116,
33220,8856,4251,4605,15498,7491,8007,17711,8527,9184,15496,7512,7984,8853,4161,4692,2214,1098,1116,
33225,8858,4253,4605,15498,7491,8007,17712,8528,9184,15498,7513,7985,8855,4162,4693,2214,1098,1116,
33230,8859,4254,4605,15502,7492,8010,17716,8530,9186,15500,7514,7986,8857,4163,4694,2214,1098,1116,
33235,8860,4254,4606,15505,7495,8010,17719,8531,9188,15503,7515,7988,8857,4163,4694,2215,1098,1117,
33240,8862,4256,4606,15505,7495,8010,17720,8531,9189,15505,7517,7988,8859,4163,4696,2215,1098,1117,
33245,8863,4257,4606,15509,7497,8012,17724,8533,9191,15507,7518,7989,8861,4163,4698,2215,1098,1117,
33250,8864,4257,4607,15512,7499,8013,17727,8535,9192,15510,7518,7992,8861,4163,4698,2216,1098,1118,
33255,8866,4258,4608,15512,7499,8013,17728,8536,9192,15512,7520,7992,8863,4164,4699,2216,1098,1118,
33260,8867,4259,4608,15516,7502,8014,17732,8538,9194,15514,7521,7993,8865,4166,4699,2216,1098,1118,
33265,8868,4259,4609,15519,7504,8015,17735,8540,9195,15517,7522,7995,8865,4166,4699,2217,1098,1119,
33270,8870,4260,4610,15519,7504,8015,17736,8540,9196,15519,7524,7995,8867,4168,4699,2217,1098,1119,
33275,8871,4261,4610,15523,7506,8017,17740,8542,9198,15521,7525,7996,8869,4168,4701,2217,1098,1119,
33280,8872,4261,4611,15526,7509,8017,17743,8544,9199,15524,7526,7998,8869,4168,4701,2218,1098,1120,
33285,8874,4262,4612,15526,7509,8017,17744,8544,9200,15526,7527,7999,8871,4169,4702,2218,1098,1120,
33290,8875,4263,4612,15530,7511,8019,17748,8545,9203,15528,7529,7999,8873,4169,4704,2218,1098,1120,
33295,8876,4264,4612,15533,7512,8021,17751,8547,9204,15531,7531,8000,8873,4169,4704,2219,1098,1121,
33300,8878,4264,4614,15533,7512,8021,17752,8547,9205,15533,7531,8002,8875,4169,4706,2219,1098,1121,
33305,8879,4265,4614,15537,7515,8022,17756,8549,9207,15535,7531,8004,8877,4171,4706,2219,1098,1121,
33310,8880,4265,4615,15540,7516,8024,17759,8550,9209,15538,7533,8005,8877,4171,4706,2220,1098,1122,
33315,8882,4267,4615,15540,7516,8024,17760,8551,9209,15540,7535,8005,8879,4171,4708,2220,1098,1122,
33320,8883,4267,4616,15544,7517,8027,17764,8554,9210,15542,7535,8007,8881,4173,4708,2220,1098,1122,
33325,8884,4267,4617,15547,7518,8029,17767,8556,9211,15545,7536,8009,8881,4173,4708,2221,1099,1122,
33330,8886,4269,4617,15547,7518,8029,17768,8556,9212,15547,7536,8011,8883,4173,4710,2221,1099,1122,
33335,8887,4269,4618,15551,7518,8033,17772,8558,9214,15549,7538,8011,8885,4173,4712,2221,1099,1122,
33340,8888,4270,4618,15554,7519,8035,17775,8560,9215,15552,7539,8013,8885,4173,4712,2222,1099,1123,
33345,8890,4270,4620,15554,7519,8035,17776,8560,9216,15554,7540,8014,8887,4175,4712,2222,1099,1123,
33350,8891,4270,4621,15558,7522,8036,17780,8561,9219,15556,7542,8014,8889,4175,4714,2222,1099,1123,
33355,8892,4271,4621,15561,7525,8036,17783,8562,9221,15559,7543,8016,8889,4175,4714,2223,1100,1123,
33360,8894,4272,4622,15561,7525,8036,17784,8562,9222,15561,7544,8017,8891,4177,4714,2223,1100,1123,
33365,8895,4272,4623,15565,7526,8039,17788,8564,9224,15563,7545,8018,8893,4178,4715,2223,1100,1123,
33370,8896,4272,4624,15568,7527,8041,17791,8565,9226,15566,7545,8021,8893,4178,4715,2224,1101,1123,
33375,8898,4272,4626,15568,7527,8041,17792,8566,9226,15568,7546,8022,8895,4179,4716,2224,1101,1123,
33380,8899,4272,4627,15572,7530,8042,17796,8569,9227,15570,7547,8023,8897,4179,4718,2224,1101,1123,
33385,8900,4272,4628,15575,7531,8044,17799,8571,9228,15573,7547,8026,8897,4179,4718,2225,1101,1124,
33390,8902,4272,4630,15575,7531,8044,17800,8571,9229,15575,7547,8028,8899,4179,4720,2225,1101,1124,
33395,8903,4272,4631,15579,7532,8047,17804,8573,9231,15577,7549,8028,8901,4181,4720,2225,1101,1124,
33400,8904,4273,4631,15582,7533,8049,17807,8574,9233,15580,7551,8029,8901,4181,4720,2226,1102,1124,
33405,8906,4274,4632,15582,7533,8049,17808,8575,9233,15582,7552,8030,8903,4181,4722,2226,1102,1124,
33410,8907,4274,4633,15586,7533,8053,17812,8577,9235,15584,7553,8031,8905,4182,4723,2226,1102,1124,
33415,8908,4274,4634,15589,7534,8055,17815,8578,9237,15587,7553,8034,8905,4182,4723,2227,1102,1125,
33420,8910,4275,4635,15589,7534,8055,17816,8579,9237,15589,7553,8036,8907,4182,4725,2227,1102,1125,
33425,8911,4275,4636,15593,7536,8057,17820,8581,9239,15591,7555,8036,8909,4183,4726,2227,1102,1125,
33430,8912,4275,4637,15596,7537,8059,17823,8584,9239,15594,7556,8038,8909,4183,4726,2228,1102,1126,
33435,8914,4276,4638,15596,7537,8059,17824,8584,9240,15596,7556,8040,8911,4183,4728,2228,1102,1126,
33440,8915,4277,4638,15600,7539,8061,17828,8586,9242,15598,7556,8042,8913,4183,4730,2228,1102,1126,
33445,8916,4277,4639,15603,7539,8064,17831,8589,9242,15601,7556,8045,8913,4183,4730,2229,1103,1126,
33450,8918,4277,4641,15603,7539,8064,17832,8589,9243,15603,7556,8047,8915,4185,4730,2229,1103,1126,
33455,8919,4278,4641,15607,7541,8066,17836,8591,9245,15605,7556,8049,8917,4186,4731,2229,1103,1126,
33460,8920,4279,4641,15610,7542,8068,17839,8592,9247,15608,7557,8051,8917,4186,4731,2230,1103,1127,
33465,8922,4279,4643,15610,7542,8068,17840,8592,9248,15610,7558,8052,8919,4187,4732,2230,1103,1127,
33470,8923,4280,4643,15614,7545,8069,17844,8595,9249,15612,7560,8052,8921,4188,4733,2230,1103,1127,
33475,8924,4281,4643,15617,7548,8069,17847,8597,9250,15615,7562,8053,8921,4188,4733,2231,1104,1127,
33480,8926,4282,4644,15617,7548,8069,17848,8598,9250,15617,7562,8055,8923,4189,4734,2231,1104,1127,
33485,8927,4282,4645,15621,7550,8071,17852,8599,9253,15619,7563,8056,8925,4190,4735,2231,1104,1127,
33490,8928,4283,4645,15624,7551,8073,17855,8600,9255,15622,7564,8058,8925,4190,4735,2232,1104,1128,
33495,8930,4285,4645,15624,7551,8073,17856,8600,9256,15624,7565,8059,8927,4190,4737,2232,1104,1128,
33500,8931,4285,4646,15628,7554,8074,17860,8601,9259,15626,7567,8059,8929,4190,4739,2232,1104,1128,
33505,8932,4285,4647,15631,7556,8075,17863,8602,9261,15629,7569,8060,8929,4190,4739,2233,1104,1129,
33510,8934,4287,4647,15631,7556,8075,17864,8602,9262,15631,7571,8060,8931,4191,4740,2233,1104,1129,
33515,8935,4288,4647,15635,7558,8077,17868,8604,9264,15633,7573,8060,8933,4192,4741,2233,1104,1129,
33520,8936,4289,4647,15638,7559,8079,17871,8607,9264,15636,7574,8062,8933,4192,4741,2234,1104,1130,
33525,8938,4290,4648,15638,7559,8079,17872,8608,9264,15638,7574,8064,8935,4192,4743,2234,1104,1130,
33530,8939,4291,4648,15642,7561,8081,17876,8610,9266,15640,7574,8066,8937,4194,4743,2234,1104,1130,
33535,8940,4291,4649,15645,7563,8082,17879,8610,9269,15643,7576,8067,8937,4194,4743,2235,1105,1130,
33540,8942,4291,4651,15645,7563,8082,17880,8610,9270,15645,7576,8069,8939,4194,4745,2235,1105,1130,
33545,8943,4291,4652,15649,7565,8084,17884,8613,9271,15647,7576,8071,8941,4195,4746,2235,1105,1130,
33550,8944,4292,4652,15652,7566,8086,17887,8613,9274,15650,7577,8073,8941,4195,4746,2236,1105,1131,
33555,8946,4293,4653,15652,7566,8086,17888,8614,9274,15652,7578,8074,8943,4195,4748,2236,1105,1131,
33560,8947,4293,4654,15656,7569,8087,17892,8616,9276,15654,7578,8076,8945,4196,4749,2236,1105,1131,
33565,8948,4294,4654,15659,7572,8087,17895,8617,9278,15657,7579,8078,8945,4196,4749,2237,1106,1131,
33570,8950,4295,4655,15659,7572,8087,17896,8618,9278,15659,7581,8078,8947,4197,4750,2237,1106,1131,
33575,8951,4295,4656,15663,7574,8089,17900,8620,9280,15661,7581,8080,8949,4198,4751,2237,1106,1131,
33580,8952,4296,4656,15666,7576,8090,17903,8622,9281,15664,7583,8081,8949,4198,4751,2238,1106,1132,
33585,8954,4296,4658,15666,7576,8090,17904,8622,9282,15666,7584,8082,8951,4199,4752,2238,1106,1132,
33590,8955,4296,4659,15670,7578,8092,17908,8623,9285,15668,7584,8084,8953,4200,4753,2238,1106,1132,
33595,8956,4297,4659,15673,7580,8093,17911,8626,9285,15671,7585,8086,8953,4200,4753,2239,1106,1133,
33600,8958,4297,4661,15673,7580,8093,17912,8626,9286,15673,7587,8086,8955,4201,4754,2239,1106,1133,
33605,8959,4298,4661,15677,7581,8096,17916,8628,9288,15675,7587,8088,8957,4201,4756,2239,1106,1133,
33610,8960,4298,4662,15680,7583,8097,17919,8629,9290,15678,7588,8090,8957,4201,4756,2240,1107,1133,
33615,8962,4299,4663,15680,7583,8097,17920,8629,9291,15680,7588,8092,8959,4202,4757,2240,1107,1133,
33620,8963,4300,4663,15684,7585,8099,17924,8631,9293,15682,7590,8092,8961,4202,4759,2240,1107,1133,
33625,8964,4301,4663,15687,7585,8102,17927,8631,9296,15685,7591,8094,8961,4202,4759,2241,1107,1134,
33630,8966,4303,4663,15687,7585,8102,17928,8632,9296,15687,7591,8096,8963,4204,4759,2241,1107,1134,
33635,8967,4304,4663,15691,7585,8106,17932,8634,9298,15689,7591,8098,8965,4206,4759,2241,1107,1134,
33640,8968,4304,4664,15694,7587,8107,17935,8635,9300,15692,7594,8098,8965,4206,4759,2242,1108,1134,
33645,8970,4306,4664,15694,7587,8107,17936,8635,9301,15694,7596,8098,8967,4206,4761,2242,1108,1134,
33650,8971,4306,4665,15698,7591,8107,17940,8638,9302,15696,7597,8099,8969,4207,4762,2242,1108,1134,
33655,8972,4306,4666,15701,7592,8109,17943,8641,9302,15699,7598,8101,8969,4207,4762,2243,1108,1135,
33660,8974,4306,4668,15701,7592,8109,17944,8641,9303,15701,7599,8102,8971,4209,4762,2243,1108,1135,
33665,8975,4306,4669,15705,7593,8112,17948,8641,9307,15703,7599,8104,8973,4210,4763,2243,1108,1135,
33670,8976,4307,4669,15708,7595,8113,17951,8642,9309,15706,7600,8106,8973,4210,4763,2244,1109,1135,
33675,8978,4308,4670,15708,7595,8113,17952,8643,9309,15708,7601,8107,8975,4211,4764,2244,1109,1135,
33680,8979,4309,4670,15712,7598,8114,17956,8644,9312,15710,7601,8109,8977,4212,4765,2244,1109,1135,
33685,8980,4310,4670,15715,7600,8115,17959,8645,9314,15713,7602,8111,8977,4212,4765,2245,1110,1135,
33690,8982,4311,4671,15715,7600,8115,17960,8645,9315,15715,7602,8113,8979,4213,4766,2245,1110,1135,
33695,8983,4312,4671,15719,7601,8118,17964,8645,9319,15717,7602,8115,8981,4214,4767,2245,1110,1135,
33700,8984,4312,4672,15722,7602,8120,17967,8646,9321,15720,7604,8116,8981,4214,4767,2246,1110,1136,
33705,8986,4312,4674,15722,7602,8120,17968,8647,9321,15722,7604,8118,8983,4215,4768,2246,1110,1136,
33710,8987,4313,4674,15726,7605,8121,17972,8649,9323,15724,7605,8119,8985,4216,4769,2246,1110,1136,
33715,8988,4313,4675,15729,7608,8121,17975,8651,9324,15727,7605,8122,8985,4216,4769,2247,1110,1137,
33720,8990,4313,4677,15729,7608,8121,17976,8651,9325,15729,7607,8122,8987,4217,4770,2247,1110,1137,
33725,8991,4313,4678,15733,7610,8123,17980,8652,9328,15731,7608,8123,8989,4219,4770,2247,1110,1137,
33730,8992,4313,4679,15736,7613,8123,17983,8654,9329,15734,7610,8124,8989,4219,4770,2248,1110,1138,
33735,8994,4314,4680,15736,7613,8123,17984,8655,9329,15736,7610,8126,8991,4220,4771,2248,1110,1138,
33740,8995,4315,4680,15740,7615,8125,17988,8657,9331,15738,7610,8128,8993,4221,4772,2248,1110,1138,
33745,8996,4315,4681,15743,7618,8125,17991,8659,9332,15741,7611,8130,8993,4221,4772,2249,1111,1138,
33750,8998,4317,4681,15743,7618,8125,17992,8659,9333,15743,7612,8131,8995,4221,4774,2249,1111,1138,
33755,8999,4317,4682,15747,7618,8129,17996,8662,9334,15745,7613,8132,8997,4222,4775,2249,1111,1138,
33760,9000,4318,4682,15750,7618,8132,17999,8663,9336,15748,7615,8133,8997,4222,4775,2250,1111,1139,
33765,9002,4320,4682,15750,7618,8132,18000,8663,9337,15750,7616,8134,8999,4224,4775,2250,1111,1139,
33770,9003,4321,4682,15754,7619,8135,18004,8665,9339,15752,7617,8135,9001,4226,4775,2250,1111,1139,
33775,9004,4321,4683,15757,7620,8137,18007,8666,9341,15755,7618,8137,9001,4226,4775,2251,1111,1140,
33780,9006,4322,4684,15757,7620,8137,18008,8666,9342,15757,7620,8137,9003,4228,4775,2251,1111,1140,
33785,9007,4323,4684,15761,7621,8140,18012,8667,9345,15759,7621,8138,9005,4230,4775,2251,1111,1140,
33790,9008,4323,4685,15764,7623,8141,18015,8668,9347,15762,7623,8139,9005,4230,4775,2252,1111,1141,
33795,9010,4325,4685,15764,7623,8141,18016,8669,9347,15764,7623,8141,9007,4231,4776,2252,1111,1141,
33800,9011,4325,4686,15768,7625,8143,18020,8670,9350,15766,7624,8142,9009,4233,4776,2252,1111,1141,
33805,9012,4325,4687,15771,7627,8144,18023,8670,9353,15769,7625,8144,9009,4233,4776,2253,1111,1142,
33810,9014,4326,4688,15771,7627,8144,18024,8670,9354,15771,7626,8145,9011,4234,4777,2253,1111,1142,
33815,9015,4327,4688,15775,7630,8145,18028,8673,9355,15773,7627,8146,9013,4235,4778,2253,1111,1142,
33820,9016,4327,4689,15778,7630,8148,18031,8674,9357,15776,7627,8149,9013,4235,4778,2254,1111,1143,
33825,9018,4329,4689,15778,7630,8148,18032,8675,9357,15778,7628,8150,9015,4236,4779,2254,1111,1143,
33830,9019,4330,4689,15782,7631,8151,18036,8676,9360,15780,7629,8151,9017,4237,4780,2254,1111,1143,
33835,9020,4330,4690,15785,7632,8153,18039,8679,9360,15783,7631,8152,9017,4237,4780,2255,1112,1143,
33840,9022,4332,4690,15785,7632,8153,18040,8680,9360,15785,7632,8153,9019,4238,4781,2255,1112,1143,
33845,9023,4333,4690,15789,7633,8156,18044,8683,9361,15787,7634,8153,9021,4239,4782,2255,1112,1143,
33850,9024,4333,4691,15792,7636,8156,18047,8683,9364,15790,7635,8155,9021,4239,4782,2256,1112,1144,
33855,9026,4333,4693,15792,7636,8156,18048,8683,9365,15792,7636,8156,9023,4241,4782,2256,1112,1144,
33860,9027,4334,4693,15796,7639,8157,18052,8685,9367,15794,7637,8157,9025,4242,4783,2256,1112,1144,
33865,9028,4335,4693,15799,7640,8159,18055,8687,9368,15797,7638,8159,9025,4242,4783,2257,1112,1145,
33870,9030,4335,4695,15799,7640,8159,18056,8688,9368,15799,7640,8159,9027,4242,4785,2257,1112,1145,
33875,9031,4336,4695,15803,7643,8160,18060,8690,9370,15801,7642,8159,9029,4243,4786,2257,1112,1145,
33880,9032,4337,4695,15806,7645,8161,18063,8692,9371,15804,7644,8160,9029,4243,4786,2258,1113,1145,
33885,9034,4339,4695,15806,7645,8161,18064,8693,9371,15806,7644,8162,9031,4244,4787,2258,1113,1145,
33890,9035,4340,4695,15810,7648,8162,18068,8694,9374,15808,7645,8163,9033,4245,4788,2258,1113,1145,
33895,9036,4340,4696,15813,7648,8165,18071,8695,9376,15811,7647,8164,9033,4245,4788,2259,1113,1146,
33900,9038,4341,4697,15813,7648,8165,18072,8695,9377,15813,7648,8165,9035,4246,4789,2259,1113,1146,
33905,9039,4342,4697,15817,7648,8169,18076,8697,9379,15815,7649,8166,9037,4247,4790,2259,1113,1146,
33910,9040,4343,4697,15820,7651,8169,18079,8700,9379,15818,7650,8168,9037,4247,4790,2260,1114,1146,
33915,9042,4344,4698,15820,7651,8169,18080,8701,9379,15820,7651,8169,9039,4247,4792,2260,1114,1146,
33920,9043,4345,4698,15824,7654,8170,18084,8703,9381,15822,7651,8171,9041,4248,4793,2260,1114,1146,
33925,9044,4346,4698,15827,7655,8172,18087,8704,9383,15825,7652,8173,9041,4248,4793,2261,1114,1147,
33930,9046,4346,4700,15827,7655,8172,18088,8704,9384,15827,7654,8173,9043,4250,4793,2261,1114,1147,
33935,9047,4346,4701,15831,7658,8173,18092,8707,9385,15829,7655,8174,9045,4251,4794,2261,1114,1147,
33940,9048,4347,4701,15834,7659,8175,18095,8708,9387,15832,7657,8175,9045,4251,4794,2262,1114,1148,
33945,9050,4347,4703,15834,7659,8175,18096,8708,9388,15834,7658,8176,9047,4252,4795,2262,1114,1148,
33950,9051,4347,4704,15838,7660,8178,18100,8710,9390,15836,7660,8176,9049,4253,4796,2262,1114,1148,
33955,9052,4348,4704,15841,7662,8179,18103,8712,9391,15839,7661,8178,9049,4253,4796,2263,1115,1148,
33960,9054,4349,4705,15841,7662,8179,18104,8712,9392,15841,7661,8180,9051,4254,4797,2263,1115,1148,
33965,9055,4349,4706,15845,7665,8180,18108,8714,9394,15843,7662,8181,9053,4256,4797,2263,1115,1148,
33970,9056,4350,4706,15848,7666,8182,18111,8716,9395,15846,7664,8182,9053,4256,4797,2264,1115,1149,
33975,9058,4350,4708,15848,7666,8182,18112,8717,9395,15848,7665,8183,9055,4257,4798,2264,1115,1149,
33980,9059,4351,4708,15852,7667,8185,18116,8718,9398,15850,7666,8184,9057,4258,4799,2264,1115,1149,
33985,9060,4351,4709,15855,7668,8187,18119,8720,9399,15853,7666,8187,9057,4258,4799,2265,1116,1149,
33990,9062,4351,4711,15855,7668,8187,18120,8720,9400,15855,7666,8189,9059,4260,4799,2265,1116,1149,
33995,9063,4351,4712,15859,7672,8187,18124,8722,9402,15857,7666,8191,9061,4262,4799,2265,1116,1149,
34000,9064,4351,4713,15862,7673,8189,18127,8724,9403,15860,7668,8192,9061,4262,4799,2266,1116,1150,
34005,9066,4351,4715,15862,7673,8189,18128,8725,9403,15862,7669,8193,9063,4264,4799,2266,1116,1150,
34010,9067,4351,4716,15866,7674,8192,18132,8727,9405,15864,7671,8193,9065,4265,4800,2266,1116,1150,
34015,9068,4351,4717,15869,7674,8195,18135,8727,9408,15867,7672,8195,9065,4265,4800,2267,1117,1150,
34020,9070,4352,4718,15869,7674,8195,18136,8728,9408,15869,7672,8197,9067,4265,4802,2267,1117,1150,
34025,9071,4353,4718,15873,7676,8197,18140,8728,9412,15871,7673,8198,9069,4266,4803,2267,1117,1150,
34030,9072,4354,4718,15876,7677,8199,18143,8729,9414,15874,7674,8200,9069,4266,4803,2268,1117,1151,
34035,9074,4355,4719,15876,7677,8199,18144,8730,9414,15876,7676,8200,9071,4266,4805,2268,1117,1151,
34040,9075,4355,4720,15880,7679,8201,18148,8731,9417,15878,7677,8201,9073,4267,4806,2268,1117,1151,
34045,9076,4355,4721,15883,7681,8202,18151,8732,9419,15881,7678,8203,9073,4267,4806,2269,1117,1152,
34050,9078,4356,4722,15883,7681,8202,18152,8733,9419,15883,7679,8204,9075,4268,4807,2269,1117,1152,
34055,9079,4356,4723,15887,7682,8205,18156,8734,9422,15885,7679,8206,9077,4270,4807,2269,1117,1152,
34060,9080,4357,4723,15890,7684,8206,18159,8736,9423,15888,7679,8209,9077,4270,4807,2270,1118,1152,
34065,9082,4358,4724,15890,7684,8206,18160,8737,9423,15890,7680,8210,9079,4271,4808,2270,1118,1152,
34070,9083,4359,4724,15894,7685,8209,18164,8740,9424,15892,7681,8211,9081,4272,4809,2270,1118,1152,
34075,9084,4359,4725,15897,7685,8212,18167,8743,9424,15895,7683,8212,9081,4272,4809,2271,1118,1153,
34080,9086,4361,4725,15897,7685,8212,18168,8744,9424,15897,7684,8213,9083,4272,4811,2271,1118,1153,
34085,9087,4362,4725,15901,7686,8215,18172,8745,9427,15899,7685,8214,9085,4272,4813,2271,1118,1153,
34090,9088,4363,4725,15904,7688,8216,18175,8747,9428,15902,7685,8217,9085,4272,4813,2272,1118,1154,
34095,9090,4363,4727,15904,7688,8216,18176,8747,9429,15904,7686,8218,9087,4273,4814,2272,1118,1154,
34100,9091,4364,4727,15908,7690,8218,18180,8750,9430,15906,7687,8219,9089,4273,4816,2272,1118,1154,
34105,9092,4365,4727,15911,7693,8218,18183,8752,9431,15909,7689,8220,9089,4273,4816,2273,1118,1155,
34110,9094,4365,4729,15911,7693,8218,18184,8752,9432,15911,7689,8222,9091,4274,4817,2273,1118,1155,
34115,9095,4365,4730,15915,7695,8220,18188,8754,9434,15913,7690,8223,9093,4276,4817,2273,1118,1155,
34120,9096,4366,4730,15918,7696,8222,18191,8754,9437,15916,7691,8225,9093,4276,4817,2274,1119,1155,
34125,9098,4368,4730,15918,7696,8222,18192,8755,9437,15918,7692,8226,9095,4277,4818,2274,1119,1155,
34130,9099,4368,4731,15922,7697,8225,18196,8756,9440,15920,7693,8227,9097,4278,4819,2274,1119,1155,
34135,9100,4368,4732,15925,7699,8226,18199,8758,9441,15923,7695,8228,9097,4278,4819,2275,1119,1156,
34140,9102,4369,4733,15925,7699,8226,18200,8758,9442,15925,7695,8230,9099,4279,4820,2275,1119,1156,
34145,9103,4369,4734,15929,7703,8226,18204,8760,9444,15927,7695,8232,9101,4281,4820,2275,1119,1156,
34150,9104,4370,4734,15932,7705,8227,18207,8761,9446,15930,7698,8232,9101,4281,4820,2276,1119,1157,
34155,9106,4371,4735,15932,7705,8227,18208,8762,9446,15932,7698,8234,9103,4282,4821,2276,1119,1157,
34160,9107,4372,4735,15936,7707,8229,18212,8764,9448,15934,7700,8234,9105,4283,4822,2276,1119,1157,
34165,9108,4372,4736,15939,7709,8230,18215,8765,9450,15937,7702,8235,9105,4283,4822,2277,1119,1158,
34170,9110,4373,4737,15939,7709,8230,18216,8766,9450,15939,7702,8237,9107,4283,4824,2277,1119,1158,
34175,9111,4373,4738,15943,7711,8232,18220,8769,9451,15941,7704,8237,9109,4284,4825,2277,1119,1158,
34180,9112,4373,4739,15946,7712,8234,18223,8770,9453,15944,7707,8237,9109,4284,4825,2278,1120,1158,
34185,9114,4375,4739,15946,7712,8234,18224,8770,9454,15946,7707,8239,9111,4285,4826,2278,1120,1158,
34190,9115,4376,4739,15950,7713,8237,18228,8771,9457,15948,7709,8239,9113,4285,4828,2278,1120,1158,
34195,9116,4377,4739,15953,7713,8240,18231,8771,9460,15951,7711,8240,9113,4285,4828,2279,1120,1159,
34200,9118,4377,4741,15953,7713,8240,18232,8772,9460,15953,7713,8240,9115,4286,4829,2279,1120,1159,
34205,9119,4377,4742,15957,7713,8244,18236,8774,9462,15955,7713,8242,9117,4288,4829,2279,1120,1159,
34210,9120,4378,4742,15960,7714,8246,18239,8774,9465,15958,7714,8244,9117,4288,4829,2280,1121,1159,
34215,9122,4379,4743,15960,7714,8246,18240,8774,9466,15960,7715,8245,9119,4290,4829,2280,1121,1159,
34220,9123,4379,4744,15964,7714,8250,18244,8776,9468,15962,7716,8246,9121,4290,4831,2280,1121,1159,
34225,9124,4380,4744,15967,7717,8250,18247,8776,9471,15965,7718,8247,9121,4290,4831,2281,1122,1159,
34230,9126,4380,4746,15967,7717,8250,18248,8777,9471,15967,7719,8248,9123,4291,4832,2281,1122,1159,
34235,9127,4381,4746,15971,7720,8251,18252,8777,9475,15969,7719,8250,9125,4291,4834,2281,1122,1159,
34240,9128,4382,4746,15974,7721,8253,18255,8779,9476,15972,7720,8252,9125,4291,4834,2282,1122,1160,
34245,9130,4384,4746,15974,7721,8253,18256,8779,9477,15974,7720,8254,9127,4292,4835,2282,1122,1160,
34250,9131,4384,4747,15978,7723,8255,18260,8781,9479,15976,7720,8256,9129,4293,4836,2282,1122,1160,
34255,9132,4384,4748,15981,7724,8257,18263,8784,9479,15979,7721,8258,9129,4293,4836,2283,1122,1161,
34260,9134,4386,4748,15981,7724,8257,18264,8785,9479,15981,7722,8259,9131,4293,4838,2283,1122,1161,
34265,9135,4387,4748,15985,7726,8259,18268,8786,9482,15983,7724,8259,9133,4294,4839,2283,1122,1161,
34270,9136,4388,4748,15988,7726,8262,18271,8788,9483,15986,7725,8261,9133,4294,4839,2284,1122,1162,
34275,9138,4390,4748,15988,7726,8262,18272,8788,9484,15988,7726,8262,9135,4294,4841,2284,1122,1162,
34280,9139,4390,4749,15992,7727,8265,18276,8790,9486,15990,7728,8262,9137,4295,4842,2284,1122,1162,
34285,9140,4391,4749,15995,7730,8265,18279,8791,9488,15993,7729,8264,9137,4295,4842,2285,1123,1162,
34290,9142,4391,4751,15995,7730,8265,18280,8792,9488,15995,7731,8264,9139,4297,4842,2285,1123,1162,
34295,9143,4391,4752,15999,7732,8267,18284,8794,9490,15997,7733,8264,9141,4299,4842,2285,1123,1162,
34300,9144,4391,4753,16002,7734,8268,18287,8795,9492,16000,7735,8265,9141,4299,4842,2286,1124,1162,
34305,9146,4393,4753,16002,7734,8268,18288,8796,9492,16002,7736,8266,9143,4300,4843,2286,1124,1162,
34310,9147,4393,4754,16006,7737,8269,18292,8797,9495,16004,7738,8266,9145,4301,4844,2286,1124,1162,
34315,9148,4393,4755,16009,7740,8269,18295,8799,9496,16007,7738,8269,9145,4301,4844,2287,1124,1163,
34320,9150,4394,4756,16009,7740,8269,18296,8800,9496,16009,7740,8269,9147,4302,4845,2287,1124,1163,
34325,9151,4394,4757,16013,7741,8272,18300,8803,9497,16011,7740,8271,9149,4302,4847,2287,1124,1163,
34330,9152,4394,4758,16016,7743,8273,18303,8804,9499,16014,7740,8274,9149,4302,4847,2288,1125,1163,
34335,9154,4395,4759,16016,7743,8273,18304,8804,9500,16016,7741,8275,9151,4304,4847,2288,1125,1163,
34340,9155,4395,4760,16020,7746,8274,18308,8807,9501,16018,7743,8275,9153,4305,4848,2288,1125,1163,
34345,9156,4396,4760,16023,7746,8277,18311,8808,9503,16021,7743,8278,9153,4305,4848,2289,1126,1163,
34350,9158,4397,4761,16023,7746,8277,18312,8809,9503,16023,7744,8279,9155,4307,4848,2289,1126,1163,
34355,9159,4397,4762,16027,7747,8280,18316,8812,9504,16025,7745,8280,9157,4308,4849,2289,1126,1163,
34360,9160,4397,4763,16030,7750,8280,18319,8813,9506,16028,7747,8281,9157,4308,4849,2290,1127,1163,
34365,9162,4397,4765,16030,7750,8280,18320,8814,9506,16030,7748,8282,9159,4309,4850,2290,1127,1163,
34370,9163,4398,4765,16034,7752,8282,18324,8815,9509,16032,7749,8283,9161,4311,4850,2290,1127,1163,
34375,9164,4398,4766,16037,7753,8284,18327,8815,9512,16035,7750,8285,9161,4311,4850,2291,1128,1163,
34380,9166,4399,4767,16037,7753,8284,18328,8816,9512,16037,7751,8286,9163,4311,4852,2291,1128,1163,
34385,9167,4400,4767,16041,7754,8287,18332,8818,9514,16039,7752,8287,9165,4312,4853,2291,1128,1163,
34390,9168,4400,4768,16044,7755,8289,18335,8821,9514,16042,7754,8288,9165,4312,4853,2292,1128,1164,
34395,9170,4402,4768,16044,7755,8289,18336,8822,9514,16044,7754,8290,9167,4313,4854,2292,1128,1164,
34400,9171,4403,4768,16048,7756,8292,18340,8825,9515,16046,7755,8291,9169,4313,4856,2292,1128,1164,
34405,9172,4403,4769,16051,7758,8293,18343,8826,9517,16049,7756,8293,9169,4313,4856,2293,1129,1164,
34410,9174,4403,4771,16051,7758,8293,18344,8826,9518,16051,7756,8295,9171,4315,4856,2293,1129,1164,
34415,9175,4403,4772,16055,7759,8296,18348,8827,9521,16053,7757,8296,9173,4316,4857,2293,1129,1164,
34420,9176,4404,4772,16058,7760,8298,18351,8829,9522,16056,7757,8299,9173,4316,4857,2294,1130,1164,
34425,9178,4404,4774,16058,7760,8298,18352,8830,9522,16058,7759,8299,9175,4316,4859,2294,1130,1164,
34430,9179,4405,4774,16062,7761,8301,18356,8833,9523,16060,7760,8300,9177,4317,4860,2294,1130,1164,
34435,9180,4405,4775,16065,7764,8301,18359,8835,9524,16063,7761,8302,9177,4317,4860,2295,1131,1164,
34440,9182,4406,4776,16065,7764,8301,18360,8836,9524,16065,7762,8303,9179,4319,4860,2295,1131,1164,
34445,9183,4406,4777,16069,7767,8302,18364,8839,9525,16067,7764,8303,9181,4320,4861,2295,1131,1164,
34450,9184,4407,4777,16072,7769,8303,18367,8840,9527,16070,7765,8305,9181,4320,4861,2296,1131,1165,
34455,9186,4408,4778,16072,7769,8303,18368,8841,9527,16072,7767,8305,9183,4321,4862,2296,1131,1165,
34460,9187,4409,4778,16076,7770,8306,18372,8843,9529,16074,7767,8307,9185,4321,4864,2296,1131,1165,
34465,9188,4410,4778,16079,7771,8308,18375,8845,9530,16077,7769,8308,9185,4321,4864,2297,1131,1166,
34470,9190,4412,4778,16079,7771,8308,18376,8846,9530,16079,7771,8308,9187,4321,4866,2297,1131,1166,
34475,9191,4413,4778,16083,7773,8310,18380,8848,9532,16081,7773,8308,9189,4322,4867,2297,1131,1166,
34480,9192,4414,4778,16086,7774,8312,18383,8849,9534,16084,7775,8309,9189,4322,4867,2298,1131,1167,
34485,9194,4414,4780,16086,7774,8312,18384,8849,9535,16086,7775,8311,9191,4322,4869,2298,1131,1167,
34490,9195,4415,4780,16090,7775,8315,18388,8851,9537,16088,7775,8313,9193,4324,4869,2298,1131,1167,
34495,9196,4416,4780,16093,7778,8315,18391,8854,9537,16091,7777,8314,9193,4324,4869,2299,1131,1168,
34500,9198,4417,4781,16093,7778,8315,18392,8854,9538,16093,7779,8314,9195,4325,4870,2299,1131,1168,
34505,9199,4417,4782,16097,7782,8315,18396,8856,9540,16095,7780,8315,9197,4326,4871,2299,1131,1168,
34510,9200,4417,4783,16100,7784,8316,18399,8857,9542,16098,7782,8316,9197,4326,4871,2300,1131,1169,
34515,9202,4417,4785,16100,7784,8316,18400,8858,9542,16100,7784,8316,9199,4327,4872,2300,1131,1169,
34520,9203,4418,4785,16104,7785,8319,18404,8860,9544,16102,7784,8318,9201,4328,4873,2300,1131,1169,
34525,9204,4419,4785,16107,7786,8321,18407,8861,9546,16105,7786,8319,9201,4328,4873,2301,1131,1170,
34530,9206,4421,4785,16107,7786,8321,18408,8862,9546,16107,7787,8320,9203,4328,4875,2301,1131,1170,
34535,9207,4422,4785,16111,7788,8323,18412,8864,9548,16109,7787,8322,9205,4328,4877,2301,1131,1170,
34540,9208,4422,4786,16114,7789,8325,18415,8867,9548,16112,7789,8323,9205,4328,4877,2302,1132,1170,
34545,9210,4424,4786,16114,7789,8325,18416,8868,9548,16114,7790,8324,9207,4330,4877,2302,1132,1170,
34550,9211,4424,4787,16118,7791,8327,18420,8870,9550,16116,7790,8326,9209,4331,4878,2302,1132,1170,
34555,9212,4425,4787,16121,7793,8328,18423,8871,9552,16119,7790,8329,9209,4331,4878,2303,1133,1170,
34560,9214,4425,4789,16121,7793,8328,18424,8871,9553,16121,7790,8331,9211,4332,4879,2303,1133,1170,
34565,9215,4426,4789,16125,7796,8329,18428,8872,9556,16123,7791,8332,9213,4332,4881,2303,1133,1170,
34570,9216,4427,4789,16128,7797,8331,18431,8872,9559,16126,7791,8335,9213,4332,4881,2304,1133,1171,
34575,9218,4427,4791,16128,7797,8331,18432,8872,9560,16128,7792,8336,9215,4333,4882,2304,1133,1171,
34580,9219,4427,4792,16132,7798,8334,18436,8875,9561,16130,7793,8337,9217,4335,4882,2304,1133,1171,
34585,9220,4427,4793,16135,7799,8336,18439,8877,9562,16133,7793,8340,9217,4335,4882,2305,1133,1172,
34590,9222,4429,4793,16135,7799,8336,18440,8877,9563,16135,7794,8341,9219,4337,4882,2305,1133,1172,
34595,9223,4430,4793,16139,7800,8339,18444,8879,9565,16137,7796,8341,9221,4338,4883,2305,1133,1172,
34600,9224,4430,4794,16142,7800,8342,18447,8880,9567,16140,7797,8343,9221,4338,4883,2306,1134,1172,
34605,9226,4431,4795,16142,7800,8342,18448,8881,9567,16142,7797,8345,9223,4339,4884,2306,1134,1172,
34610,9227,4432,4795,16146,7802,8344,18452,8884,9568,16144,7797,8347,9225,4340,4885,2306,1134,1172,
34615,9228,4433,4795,16149,7803,8346,18455,8885,9570,16147,7799,8348,9225,4340,4885,2307,1134,1173,
34620,9230,4434,4796,16149,7803,8346,18456,8886,9570,16149,7801,8348,9227,4342,4885,2307,1134,1173,
34625,9231,4435,4796,16153,7804,8349,18460,8889,9571,16151,7802,8349,9229,4344,4885,2307,1134,1173,
34630,9232,4436,4796,16156,7805,8351,18463,8891,9572,16154,7802,8352,9229,4344,4885,2308,1134,1174,
34635,9234,4437,4797,16156,7805,8351,18464,8891,9573,16156,7803,8353,9231,4344,4887,2308,1134,1174,
34640,9235,4437,4798,16160,7807,8353,18468,8895,9573,16158,7804,8354,9233,4345,4888,2308,1134,1174,
34645,9236,4438,4798,16163,7809,8354,18471,8895,9576,16161,7805,8356,9233,4345,4888,2309,1135,1174,
34650,9238,4439,4799,16163,7809,8354,18472,8896,9576,16163,7805,8358,9235,4347,4888,2309,1135,1174,
34655,9239,4439,4800,16167,7810,8357,18476,8897,9579,16165,7806,8359,9237,4347,4890,2309,1135,1174,
34660,9240,4439,4801,16170,7811,8359,18479,8900,9579,16168,7808,8360,9237,4347,4890,2310,1135,1175,
34665,9242,4441,4801,16170,7811,8359,18480,8901,9579,16170,7810,8360,9239,4349,4890,2310,1135,1175,
34670,9243,4442,4801,16174,7814,8360,18484,8902,9582,16172,7811,8361,9241,4350,4891,2310,1135,1175,
34675,9244,4443,4801,16177,7814,8363,18487,8903,9584,16175,7813,8362,9241,4350,4891,2311,1135,1176,
34680,9246,4444,4802,16177,7814,8363,18488,8904,9584,16177,7813,8364,9243,4351,4892,2311,1135,1176,
34685,9247,4444,4803,16181,7815,8366,18492,8907,9585,16179,7813,8366,9245,4352,4893,2311,1135,1176,
34690,9248,4444,4804,16184,7817,8367,18495,8908,9587,16182,7815,8367,9245,4352,4893,2312,1135,1177,
34695,9250,4444,4806,16184,7817,8367,18496,8909,9587,16184,7815,8369,9247,4353,4894,2312,1135,1177,
34700,9251,4445,4806,16188,7818,8370,18500,8913,9587,16186,7816,8370,9249,4353,4896,2312,1135,1177,
34705,9252,4445,4807,16191,7820,8371,18503,8915,9588,16189,7817,8372,9249,4353,4896,2313,1135,1178,
34710,9254,4446,4808,16191,7820,8371,18504,8915,9589,16191,7818,8373,9251,4353,4898,2313,1135,1178,
34715,9255,4447,4808,16195,7822,8373,18508,8917,9591,16193,7818,8375,9253,4354,4899,2313,1135,1178,
34720,9256,4447,4809,16198,7824,8374,18511,8918,9593,16196,7820,8376,9253,4354,4899,2314,1135,1179,
34725,9258,4449,4809,16198,7824,8374,18512,8918,9594,16198,7821,8377,9255,4354,4901,2314,1135,1179,
34730,9259,4449,4810,16202,7825,8377,18516,8920,9596,16200,7822,8378,9257,4355,4902,2314,1135,1179,
34735,9260,4449,4811,16205,7826,8379,18519,8920,9599,16203,7823,8380,9257,4355,4902,2315,1135,1180,
34740,9262,4451,4811,16205,7826,8379,18520,8920,9600,16205,7824,8381,9259,4356,4903,2315,1135,1180,
34745,9263,4451,4812,16209,7827,8382,18524,8923,9601,16207,7825,8382,9261,4356,4905,2315,1135,1180,
34750,9264,4452,4812,16212,7829,8383,18527,8924,9603,16210,7827,8383,9261,4356,4905,2316,1136,1180,
34755,9266,4454,4812,16212,7829,8383,18528,8925,9603,16212,7827,8385,9263,4357,4906,2316,1136,1180,
34760,9267,4454,4813,16216,7830,8386,18532,8926,9606,16214,7827,8387,9265,4359,4906,2316,1136,1180,
34765,9268,4454,4814,16219,7830,8389,18535,8929,9606,16217,7828,8389,9265,4359,4906,2317,1137,1180,
34770,9270,4456,4814,16219,7830,8389,18536,8929,9607,16219,7828,8391,9267,4361,4906,2317,1137,1180,
34775,9271,4456,4815,16223,7833,8390,18540,8930,9610,16221,7828,8393,9269,4363,4906,2317,1137,1180,
34780,9272,4457,4815,16226,7834,8392,18543,8930,9613,16224,7829,8395,9269,4363,4906,2318,1138,1180,
34785,9274,4457,4817,16226,7834,8392,18544,8931,9613,16226,7830,8396,9271,4364,4907,2318,1138,1180,
34790,9275,4457,4818,16230,7838,8392,18548,8934,9614,16228,7830,8398,9273,4365,4908,2318,1138,1180,
34795,9276,4457,4819,16233,7841,8392,18551,8936,9615,16231,7831,8400,9273,4365,4908,2319,1138,1181,
34800,9278,4458,4820,16233,7841,8392,18552,8937,9615,16233,7832,8401,9275,4365,4910,2319,1138,1181,
34805,9279,4458,4821,16237,7843,8394,18556,8940,9616,16235,7833,8402,9277,4366,4911,2319,1138,1181,
34810,9280,4458,4822,16240,7845,8395,18559,8940,9619,16238,7836,8402,9277,4366,4911,2320,1138,1182,
34815,9282,4459,4823,16240,7845,8395,18560,8941,9619,16240,7836,8404,9279,4367,4912,2320,1138,1182,
34820,9283,4459,4824,16244,7846,8398,18564,8944,9620,16242,7838,8404,9281,4368,4913,2320,1138,1182,
34825,9284,4459,4825,16247,7846,8401,18567,8945,9622,16245,7840,8405,9281,4368,4913,2321,1138,1183,
34830,9286,4459,4827,16247,7846,8401,18568,8946,9622,16247,7842,8405,9283,4369,4914,2321,1138,1183,
34835,9287,4460,4827,16251,7848,8403,18572,8949,9623,16249,7842,8407,9285,4369,4916,2321,1138,1183,
34840,9288,4461,4827,16254,7849,8405,18575,8952,9623,16252,7844,8408,9285,4369,4916,2322,1139,1183,
34845,9290,4462,4828,16254,7849,8405,18576,8953,9623,16254,7845,8409,9287,4371,4916,2322,1139,1183,
34850,9291,4463,4828,16258,7850,8408,18580,8953,9627,16256,7845,8411,9289,4372,4917,2322,1139,1183,
34855,9292,4464,4828,16261,7851,8410,18583,8954,9629,16259,7846,8413,9289,4372,4917,2323,1139,1184,
34860,9294,4466,4828,16261,7851,8410,18584,8954,9630,16261,7847,8414,9291,4373,4918,2323,1139,1184,
34865,9295,4466,4829,16265,7851,8414,18588,8956,9632,16263,7848,8415,9293,4373,4920,2323,1139,1184,
34870,9296,4466,4830,16268,7853,8415,18591,8957,9634,16266,7850,8416,9293,4373,4920,2324,1139,1185,
34875,9298,4468,4830,16268,7853,8415,18592,8958,9634,16268,7852,8416,9295,4373,4922,2324,1139,1185,
34880,9299,4468,4831,16272,7854,8418,18596,8959,9637,16270,7852,8418,9297,4374,4923,2324,1139,1185,
34885,9300,4468,4832,16275,7856,8419,18599,8960,9639,16273,7853,8420,9297,4374,4923,2325,1139,1186,
34890,9302,4468,4834,16275,7856,8419,18600,8961,9639,16275,7853,8422,9299,4375,4924,2325,1139,1186,
34895,9303,4468,4835,16279,7858,8421,18604,8965,9639,16277,7855,8422,9301,4377,4924,2325,1139,1186,
34900,9304,4468,4836,16282,7858,8424,18607,8967,9640,16280,7858,8422,9301,4377,4924,2326,1139,1187,
34905,9306,4469,4837,16282,7858,8424,18608,8968,9640,16282,7859,8423,9303,4378,4925,2326,1139,1187,
34910,9307,4469,4838,16286,7858,8428,18612,8969,9643,16284,7860,8424,9305,4380,4925,2326,1139,1187,
34915,9308,4470,4838,16289,7860,8429,18615,8971,9644,16287,7861,8426,9305,4380,4925,2327,1140,1187,
34920,9310,4470,4840,16289,7860,8429,18616,8972,9644,16289,7862,8427,9307,4380,4927,2327,1140,1187,
34925,9311,4470,4841,16293,7861,8432,18620,8975,9645,16291,7862,8429,9309,4381,4928,2327,1140,1187,
34930,9312,4470,4842,16296,7863,8433,18623,8977,9646,16294,7863,8431,9309,4381,4928,2328,1141,1187,
34935,9314,4470,4844,16296,7863,8433,18624,8978,9646,16296,7864,8432,9311,4382,4929,2328,1141,1187,
34940,9315,4470,4845,16300,7866,8434,18628,8979,9649,16298,7866,8432,9313,4384,4929,2328,1141,1187,
34945,9316,4471,4845,16303,7868,8435,18631,8979,9652,16301,7868,8433,9313,4384,4929,2329,1141,1188,
34950,9318,4472,4846,16303,7868,8435,18632,8979,9653,16303,7870,8433,9315,4385,4930,2329,1141,1188,
34955,9319,4472,4847,16307,7871,8436,18636,8981,9655,16305,7872,8433,9317,4385,4932,2329,1141,1188,
34960,9320,4472,4848,16310,7872,8438,18639,8982,9657,16308,7874,8434,9317,4385,4932,2330,1141,1189,
34965,9322,4473,4849,16310,7872,8438,18640,8982,9658,16310,7874,8436,9319,4386,4933,2330,1141,1189,
34970,9323,4474,4849,16314,7875,8439,18644,8984,9660,16312,7875,8437,9321,4387,4934,2330,1141,1189,
34975,9324,4474,4850,16317,7876,8441,18647,8986,9661,16315,7877,8438,9321,4387,4934,2331,1141,1190,
34980,9326,4475,4851,16317,7876,8441,18648,8987,9661,16317,7879,8438,9323,4387,4936,2331,1141,1190,
34985,9327,4476,4851,16321,7876,8445,18652,8989,9663,16319,7881,8438,9325,4387,4938,2331,1141,1190,
34990,9328,4477,4851,16324,7879,8445,18655,8990,9665,16322,7882,8440,9325,4387,4938,2332,1142,1190,
34995,9330,4478,4852,16324,7879,8445,18656,8990,9666,16324,7883,8441,9327,4388,4939,2332,1142,1190,
35000,9331,4478,4853,16328,7881,8447,18660,8993,9667,16326,7885,8441,9329,4390,4939,2332,1142,1190,
35005,9332,4479,4853,16331,7883,8448,18663,8996,9667,16329,7887,8442,9329,4390,4939,2333,1143,1190,
35010,9334,4479,4855,16331,7883,8448,18664,8997,9667,16331,7888,8443,9331,4392,4939,2333,1143,1190,
35015,9335,4479,4856,16335,7883,8452,18668,9000,9668,16333,7889,8444,9333,4394,4939,2333,1143,1190,
35020,9336,4479,4857,16338,7884,8454,18671,9001,9670,16336,7891,8445,9333,4394,4939,2334,1143,1191,
35025,9338,4480,4858,16338,7884,8454,18672,9001,9671,16338,7891,8447,9335,4395,4940,2334,1143,1191,
35030,9339,4480,4859,16342,7884,8458,18676,9004,9672,16340,7891,8449,9337,4396,4941,2334,1143,1191,
35035,9340,4481,4859,16345,7887,8458,18679,9007,9672,16343,7893,8450,9337,4396,4941,2335,1143,1192,
35040,9342,4482,4860,16345,7887,8458,18680,9008,9672,16345,7895,8450,9339,4396,4943,2335,1143,1192,
35045,9343,4483,4860,16349,7889,8460,18684,9011,9673,16347,7895,8452,9341,4396,4945,2335,1143,1192,
35050,9344,4483,4861,16352,7890,8462,18687,9013,9674,16350,7898,8452,9341,4396,4945,2336,1143,1193,
35055,9346,4485,4861,16352,7890,8462,18688,9013,9675,16352,7898,8454,9343,4397,4946,2336,1143,1193,
35060,9347,4486,4861,16356,7891,8465,18692,9017,9675,16354,7899,8455,9345,4398,4947,2336,1143,1193,
35065,9348,4486,4862,16359,7892,8467,18695,9018,9677,16357,7899,8458,9345,4398,4947,2337,1144,1193,
35070,9350,4487,4863,16359,7892,8467,18696,9018,9678,16359,7900,8459,9347,4400,4947,2337,1144,1193,
35075,9351,4487,4864,16363,7895,8468,18700,9019,9681,16361,7901,8460,9349,4402,4947,2337,1144,1193,
35080,9352,4488,4864,16366,7897,8469,18703,9021,9682,16364,7902,8462,9349,4402,4947,2338,1145,1193,
35085,9354,4490,4864,16366,7897,8469,18704,9021,9683,16366,7904,8462,9351,4403,4948,2338,1145,1193,
35090,9355,4491,4864,16370,7898,8472,18708,9023,9685,16368,7905,8463,9353,4404,4949,2338,1145,1193,
35095,9356,4491,4865,16373,7899,8474,18711,9024,9687,16371,7908,8463,9353,4404,4949,2339,1146,1193,
35100,9358,4493,4865,16373,7899,8474,18712,9024,9688,16373,7909,8464,9355,4404,4951,2339,1146,1193,
35105,9359,4493,4866,16377,7903,8474,18716,9026,9690,16375,7911,8464,9357,4406,4951,2339,1146,1193,
35110,9360,4493,4867,16380,7905,8475,18719,9027,9692,16378,7914,8464,9357,4406,4951,2340,1146,1194,
35115,9362,4493,4869,16380,7905,8475,18720,9027,9693,16380,7915,8465,9359,4408,4951,2340,1146,1194,
35120,9363,4494,4869,16384,7907,8477,18724,9028,9696,16382,7916,8466,9361,4409,4952,2340,1146,1194,
35125,9364,4495,4869,16387,7907,8480,18727,9031,9696,16385,7918,8467,9361,4409,4952,2341,1146,1195,
35130,9366,4496,4870,16387,7907,8480,18728,9032,9696,16387,7919,8468,9363,4409,4954,2341,1146,1195,
35135,9367,4497,4870,16391,7908,8483,18732,9033,9699,16389,7919,8470,9365,4409,4956,2341,1146,1195,
35140,9368,4498,4870,16394,7908,8486,18735,9035,9700,16392,7921,8471,9365,4409,4956,2342,1146,1196,
35145,9370,4498,4872,16394,7908,8486,18736,9035,9701,16394,7923,8471,9367,4410,4957,2342,1146,1196,
35150,9371,4499,4872,16398,7909,8489,18740,9038,9702,16396,7924,8472,9369,4411,4958,2342,1146,1196,
35155,9372,4499,4873,16401,7910,8491,18743,9038,9705,16399,7925,8474,9369,4411,4958,2343,1146,1197,
35160,9374,4500,4874,16401,7910,8491,18744,9038,9706,16401,7925,8476,9371,4412,4959,2343,1146,1197,
35165,9375,4501,4874,16405,7914,8491,18748,9041,9707,16403,7927,8476,9373,4412,4961,2343,1146,1197,
35170,9376,4502,4874,16408,7916,8492,18751,9041,9710,16406,7928,8478,9373,4412,4961,2344,1147,1197,
35175,9378,4504,4874,16408,7916,8492,18752,9042,9710,16408,7929,8479,9375,4412,4963,2344,1147,1197,
35180,9379,4505,4874,16412,7918,8494,18756,9044,9712,16410,7929,8481,9377,4412,4965,2344,1147,1197,
35185,9380,4505,4875,16415,7921,8494,18759,9046,9713,16413,7930,8483,9377,4412,4965,2345,1148,1197,
35190,9382,4507,4875,16415,7921,8494,18760,9046,9714,16415,7932,8483,9379,4413,4966,2345,1148,1197,
35195,9383,4508,4875,16419,7924,8495,18764,9048,9716,16417,7933,8484,9381,4414,4967,2345,1148,1197,
35200,9384,4509,4875,16422,7926,8496,18767,9050,9717,16420,7934,8486,9381,4414,4967,2346,1149,1197,
35205,9386,4510,4876,16422,7926,8496,18768,9050,9718,16422,7935,8487,9383,4415,4968,2346,1149,1197,
35210,9387,4511,4876,16426,7927,8499,18772,9054,9718,16424,7937,8487,9385,4417,4968,2346,1149,1197,
35215,9388,4511,4877,16429,7928,8501,18775,9057,9718,16427,7939,8488,9385,4417,4968,2347,1149,1198,
35220,9390,4512,4878,16429,7928,8501,18776,9058,9718,16429,7939,8490,9387,4418,4969,2347,1149,1198,
35225,9391,4512,4879,16433,7932,8501,18780,9059,9721,16431,7940,8491,9389,4418,4971,2347,1149,1198,
35230,9392,4513,4879,16436,7934,8502,18783,9062,9721,16434,7943,8491,9389,4418,4971,2348,1150,1198,
35235,9394,4515,4879,16436,7934,8502,18784,9063,9721,16436,7945,8491,9391,4419,4972,2348,1150,1198,
35240,9395,4515,4880,16440,7935,8505,18788,9065,9723,16438,7947,8491,9393,4420,4973,2348,1150,1198,
35245,9396,4516,4880,16443,7937,8506,18791,9066,9725,16441,7948,8493,9393,4420,4973,2349,1150,1199,
35250,9398,4517,4881,16443,7937,8506,18792,9066,9726,16443,7949,8494,9395,4421,4974,2349,1150,1199,
35255,9399,4518,4881,16447,7940,8507,18796,9067,9729,16445,7950,8495,9397,4421,4976,2349,1150,1199,
35260,9400,4519,4881,16450,7942,8508,18799,9069,9730,16448,7952,8496,9397,4421,4976,2350,1150,1200,
35265,9402,4520,4882,16450,7942,8508,18800,9070,9730,16450,7954,8496,9399,4421,4978,2350,1150,1200,
35270,9403,4520,4883,16454,7942,8512,18804,9073,9731,16452,7956,8496,9401,4421,4980,2350,1150,1200,
35275,9404,4520,4884,16457,7944,8513,18807,9075,9732,16455,7958,8497,9401,4421,4980,2351,1151,1200,
35280,9406,4521,4885,16457,7944,8513,18808,9075,9733,16457,7958,8499,9403,4421,4982,2351,1151,1200,
35285,9407,4521,4886,16461,7946,8515,18812,9078,9734,16459,7958,8501,9405,4422,4983,2351,1151,1200,
35290,9408,4521,4887,16464,7947,8517,18815,9079,9736,16462,7961,8501,9405,4422,4983,2352,1152,1200,
35295,9410,4523,4887,16464,7947,8517,18816,9079,9737,16464,7962,8502,9407,4422,4985,2352,1152,1200,
35300,9411,4524,4887,16468,7950,8518,18820,9082,9738,16466,7963,8503,9409,4423,4986,2352,1152,1200,
35305,9412,4525,4887,16471,7951,8520,18823,9083,9740,16469,7965,8504,9409,4423,4986,2353,1153,1200,
35310,9414,4525,4889,16471,7951,8520,18824,9083,9741,16471,7966,8505,9411,4424,4987,2353,1153,1200,
35315,9415,4525,4890,16475,7953,8522,18828,9084,9744,16473,7966,8507,9413,4425,4988,2353,1153,1200,
35320,9416,4526,4890,16478,7954,8524,18831,9085,9746,16476,7967,8509,9413,4425,4988,2354,1153,1201,
35325,9418,4527,4891,16478,7954,8524,18832,9085,9747,16478,7968,8510,9415,4426,4989,2354,1153,1201,
35330,9419,4527,4892,16482,7956,8526,18836,9087,9749,16480,7970,8510,9417,4427,4990,2354,1153,1201,
35335,9420,4528,4892,16485,7958,8527,18839,9087,9752,16483,7972,8511,9417,4427,4990,2355,1154,1201,
35340,9422,4528,4894,16485,7958,8527,18840,9087,9753,16485,7973,8512,9419,4429,4990,2355,1154,1201,
35345,9423,4528,4895,16489,7959,8530,18844,9089,9755,16487,7973,8514,9421,4430,4991,2355,1154,1201,
35350,9424,4529,4895,16492,7960,8532,18847,9089,9758,16490,7974,8516,9421,4430,4991,2356,1154,1202,
35355,9426,4530,4896,16492,7960,8532,18848,9090,9758,16492,7976,8516,9423,4431,4992,2356,1154,1202,
35360,9427,4531,4896,16496,7962,8534,18852,9093,9759,16494,7977,8517,9425,4433,4992,2356,1154,1202,
35365,9428,4532,4896,16499,7963,8536,18855,9096,9759,16497,7980,8517,9425,4433,4992,2357,1154,1203,
35370,9430,4534,4896,16499,7963,8536,18856,9096,9760,16499,7980,8519,9427,4433,4994,2357,1154,1203,
35375,9431,4534,4897,16503,7964,8539,18860,9098,9762,16501,7981,8520,9429,4434,4995,2357,1154,1203,
35380,9432,4534,4898,16506,7964,8542,18863,9098,9765,16504,7983,8521,9429,4434,4995,2358,1155,1203,
35385,9434,4536,4898,16506,7964,8542,18864,9099,9765,16506,7983,8523,9431,4436,4995,2358,1155,1203,
35390,9435,4536,4899,16510,7964,8546,18868,9100,9768,16508,7985,8523,9433,4437,4996,2358,1155,1203,
35395,9436,4537,4899,16513,7965,8548,18871,9102,9769,16511,7988,8523,9433,4437,4996,2359,1155,1204,
35400,9438,4539,4899,16513,7965,8548,18872,9102,9770,16513,7989,8524,9435,4437,4998,2359,1155,1204,
35405,9439,4539,4900,16517,7967,8550,18876,9105,9771,16515,7990,8525,9437,4438,4999,2359,1155,1204,
35410,9440,4539,4901,16520,7967,8553,18879,9108,9771,16518,7991,8527,9437,4438,4999,2360,1155,1205,
35415,9442,4539,4903,16520,7967,8553,18880,9109,9771,16520,7992,8528,9439,4439,5000,2360,1155,1205,
35420,9443,4540,4903,16524,7970,8554,18884,9111,9773,16522,7994,8528,9441,4440,5001,2360,1155,1205,
35425,9444,4541,4903,16527,7972,8555,18887,9112,9775,16525,7994,8531,9441,4440,5001,2361,1156,1205,
35430,9446,4541,4905,16527,7972,8555,18888,9113,9775,16527,7995,8532,9443,4440,5003,2361,1156,1205,
35435,9447,4542,4905,16531,7972,8559,18892,9115,9777,16529,7997,8532,9445,4442,5003,2361,1156,1205,
35440,9448,4543,4905,16534,7973,8561,18895,9115,9780,16532,7998,8534,9445,4442,5003,2362,1157,1205,
35445,9450,4544,4906,16534,7973,8561,18896,9115,9781,16534,8000,8534,9447,4443,5004,2362,1157,1205,
35450,9451,4544,4907,16538,7975,8563,18900,9116,9784,16536,8001,8535,9449,4444,5005,2362,1157,1205,
35455,9452,4545,4907,16541,7976,8565,18903,9118,9785,16539,8003,8536,9449,4444,5005,2363,1158,1205,
35460,9454,4546,4908,16541,7976,8565,18904,9118,9786,16541,8004,8537,9451,4445,5006,2363,1158,1205,
35465,9455,4546,4909,16545,7979,8566,18908,9120,9788,16543,8004,8539,9453,4446,5007,2363,1158,1205,
35470,9456,4547,4909,16548,7981,8567,18911,9122,9789,16546,8005,8541,9453,4446,5007,2364,1159,1205,
35475,9458,4548,4910,16548,7981,8567,18912,9122,9790,16548,8005,8543,9455,4447,5008,2364,1159,1205,
35480,9459,4549,4910,16552,7984,8568,18916,9123,9793,16550,8005,8545,9457,4447,5010,2364,1159,1205,
35485,9460,4550,4910,16555,7984,8571,18919,9125,9794,16553,8006,8547,9457,4447,5010,2365,1160,1205,
35490,9462,4552,4910,16555,7984,8571,18920,9125,9795,16555,8007,8548,9459,4449,5010,2365,1160,1205,
35495,9463,4553,4910,16559,7985,8574,18924,9125,9799,16557,8009,8548,9461,4449,5012,2365,1160,1205,
35500,9464,4554,4910,16562,7986,8576,18927,9128,9799,16560,8010,8550,9461,4449,5012,2366,1161,1205,
35505,9466,4554,4912,16562,7986,8576,18928,9129,9799,16562,8012,8550,9463,4451,5012,2366,1161,1205,
35510,9467,4554,4913,16566,7988,8578,18932,9132,9800,16564,8013,8551,9465,4452,5013,2366,1161,1205,
35515,9468,4554,4914,16569,7989,8580,18935,9134,9801,16567,8014,8553,9465,4452,5013,2367,1162,1205,
35520,9470,4554,4916,16569,7989,8580,18936,9134,9802,16569,8016,8553,9467,4453,5014,2367,1162,1205,
35525,9471,4554,4917,16573,7991,8582,18940,9137,9803,16571,8017,8554,9469,4454,5015,2367,1162,1205,
35530,9472,4555,4917,16576,7992,8584,18943,9139,9804,16574,8017,8557,9469,4454,5015,2368,1163,1205,
35535,9474,4557,4917,16576,7992,8584,18944,9139,9805,16576,8018,8558,9471,4454,5017,2368,1163,1205,
35540,9475,4557,4918,16580,7992,8588,18948,9140,9808,16578,8019,8559,9473,4455,5018,2368,1163,1205,
35545,9476,4558,4918,16583,7992,8591,18951,9141,9810,16581,8021,8560,9473,4455,5018,2369,1163,1206,
35550,9478,4559,4919,16583,7992,8591,18952,9142,9810,16583,8023,8560,9475,4456,5019,2369,1163,1206,
35555,9479,4560,4919,16587,7993,8594,18956,9145,9811,16585,8024,8561,9477,4457,5020,2369,1163,1206,
35560,9480,4560,4920,16590,7993,8597,18959,9147,9812,16588,8026,8562,9477,4457,5020,2370,1164,1206,
35565,9482,4561,4921,16590,7993,8597,18960,9147,9813,16590,8028,8562,9479,4458,5021,2370,1164,1206,
35570,9483,4561,4922,16594,7996,8598,18964,9148,9816,16592,8029,8563,9481,4460,5021,2370,1164,1206,
35575,9484,4562,4922,16597,7999,8598,18967,9150,9817,16595,8030,8565,9481,4460,5021,2371,1164,1207,
35580,9486,4563,4923,16597,7999,8598,18968,9150,9818,16597,8031,8566,9483,4462,5021,2371,1164,1207,
35585,9487,4564,4923,16601,8001,8600,18972,9151,9821,16599,8032,8567,9485,4463,5022,2371,1164,1207,
35590,9488,4565,4923,16604,8003,8601,18975,9153,9822,16602,8033,8569,9485,4463,5022,2372,1164,1208,
35595,9490,4567,4923,16604,8003,8601,18976,9153,9823,16604,8033,8571,9487,4463,5024,2372,1164,1208,
35600,9491,4568,4923,16608,8006,8602,18980,9156,9824,16606,8035,8571,9489,4465,5024,2372,1164,1208,
35605,9492,4569,4923,16611,8008,8603,18983,9158,9825,16609,8037,8572,9489,4465,5024,2373,1164,1209,
35610,9494,4570,4924,16611,8008,8603,18984,9158,9826,16611,8038,8573,9491,4466,5025,2373,1164,1209,
35615,9495,4571,4924,16615,8010,8605,18988,9159,9829,16613,8039,8574,9493,4467,5026,2373,1164,1209,
35620,9496,4572,4924,16618,8013,8605,18991,9159,9832,16616,8041,8575,9493,4467,5026,2374,1164,1210,
35625,9498,4574,4924,16618,8013,8605,18992,9160,9832,16618,8041,8577,9495,4468,5027,2374,1164,1210,
35630,9499,4575,4924,16622,8014,8608,18996,9163,9833,16620,8042,8578,9497,4469,5028,2374,1164,1210,
35635,9500,4575,4925,16625,8016,8609,18999,9165,9834,16623,8045,8578,9497,4469,5028,2375,1164,1211,
35640,9502,4575,4927,16625,8016,8609,19000,9165,9835,16625,8047,8578,9499,4470,5029,2375,1164,1211,
35645,9503,4575,4928,16629,8019,8610,19004,9167,9837,16627,8048,8579,9501,4472,5029,2375,1164,1211,
35650,9504,4576,4928,16632,8021,8611,19007,9168,9839,16630,8049,8581,9501,4472,5029,2376,1164,1212,
35655,9506,4578,4928,16632,8021,8611,19008,9168,9840,16632,8051,8581,9503,4472,5031,2376,1164,1212,
35660,9507,4579,4928,16636,8023,8613,19012,9170,9842,16634,8053,8581,9505,4473,5032,2376,1164,1212,
35665,9508,4579,4929,16639,8024,8615,19015,9172,9843,16637,8056,8581,9505,4473,5032,2377,1165,1212,
35670,9510,4579,4931,16639,8024,8615,19016,9173,9843,16639,8056,8583,9507,4474,5033,2377,1165,1212,
35675,9511,4579,4932,16643,8024,8619,19020,9175,9845,16641,8057,8584,9509,4475,5034,2377,1165,1212,
35680,9512,4579,4933,16646,8025,8621,19023,9176,9847,16644,8058,8586,9509,4475,5034,2378,1165,1213,
35685,9514,4580,4934,16646,8025,8621,19024,9177,9847,16646,8058,8588,9511,4476,5035,2378,1165,1213,
35690,9515,4580,4935,16650,8028,8622,19028,9179,9849,16648,8058,8590,9513,4476,5037,2378,1165,1213,
35695,9516,4581,4935,16653,8029,8624,19031,9182,9849,16651,8058,8593,9513,4476,5037,2379,1166,1213,
35700,9518,4581,4937,16653,8029,8624,19032,9183,9849,16653,8059,8594,9515,4476,5039,2379,1166,1213,
35705,9519,4582,4937,16657,8031,8626,19036,9184,9852,16655,8060,8595,9517,4477,5040,2379,1166,1213,
35710,9520,4582,4938,16660,8032,8628,19039,9185,9854,16658,8061,8597,9517,4477,5040,2380,1166,1214,
35715,9522,4582,4940,16660,8032,8628,19040,9185,9855,16660,8062,8598,9519,4478,5041,2380,1166,1214,
35720,9523,4583,4940,16664,8034,8630,19044,9187,9857,16662,8064,8598,9521,4479,5042,2380,1166,1214,
35725,9524,4584,4940,16667,8035,8632,19047,9190,9857,16665,8065,8600,9521,4479,5042,2381,1167,1214,
35730,9526,4584,4942,16667,8035,8632,19048,9191,9857,16667,8066,8601,9523,4481,5042,2381,1167,1214,
35735,9527,4585,4942,16671,8037,8634,19052,9193,9859,16669,8066,8603,9525,4482,5043,2381,1167,1214,
35740,9528,4586,4942,16674,8040,8634,19055,9195,9860,16672,8066,8606,9525,4482,5043,2382,1168,1214,
35745,9530,4587,4943,16674,8040,8634,19056,9195,9861,16674,8067,8607,9527,4482,5045,2382,1168,1214,
35750,9531,4588,4943,16678,8042,8636,19060,9196,9864,16676,8068,8608,9529,4483,5046,2382,1168,1214,
35755,9532,4589,4943,16681,8042,8639,19063,9197,9866,16679,8068,8611,9529,4483,5046,2383,1169,1214,
35760,9534,4589,4945,16681,8042,8639,19064,9197,9867,16681,8069,8612,9531,4483,5048,2383,1169,1214,
35765,9535,4590,4945,16685,8045,8640,19068,9201,9867,16683,8071,8612,9533,4484,5049,2383,1169,1214,
35770,9536,4590,4946,16688,8047,8641,19071,9202,9869,16686,8073,8613,9533,4484,5049,2384,1169,1215,
35775,9538,4590,4948,16688,8047,8641,19072,9202,9870,16688,8075,8613,9535,4484,5051,2384,1169,1215,
35780,9539,4591,4948,16692,8051,8641,19076,9203,9873,16690,8075,8615,9537,4484,5053,2384,1169,1215,
35785,9540,4592,4948,16695,8053,8642,19079,9204,9875,16693,8077,8616,9537,4484,5053,2385,1169,1216,
35790,9542,4593,4949,16695,8053,8642,19080,9205,9875,16695,8079,8616,9539,4485,5054,2385,1169,1216,
35795,9543,4593,4950,16699,8056,8643,19084,9206,9878,16697,8079,8618,9541,4485,5056,2385,1169,1216,
35800,9544,4593,4951,16702,8058,8644,19087,9206,9881,16700,8081,8619,9541,4485,5056,2386,1170,1216,
35805,9546,4593,4953,16702,8058,8644,19088,9206,9882,16702,8082,8620,9543,4486,5057,2386,1170,1216,
35810,9547,4594,4953,16706,8058,8648,19092,9208,9884,16704,8083,8621,9545,4487,5058,2386,1170,1216,
35815,9548,4595,4953,16709,8059,8650,19095,9211,9884,16707,8084,8623,9545,4487,5058,2387,1170,1217,
35820,9550,4597,4953,16709,8059,8650,19096,9212,9884,16709,8084,8625,9547,4489,5058,2387,1170,1217,
35825,9551,4598,4953,16713,8061,8652,19100,9213,9887,16711,8084,8627,9549,4490,5059,2387,1170,1217,
35830,9552,4599,4953,16716,8063,8653,19103,9214,9889,16714,8085,8629,9549,4490,5059,2388,1170,1218,
35835,9554,4601,4953,16716,8063,8653,19104,9215,9889,16716,8086,8630,9551,4491,5060,2388,1170,1218,
35840,9555,4602,4953,16720,8065,8655,19108,9218,9890,16718,8088,8630,9553,4492,5061,2388,1170,1218,
35845,9556,4603,4953,16723,8066,8657,19111,9219,9892,16721,8088,8633,9553,4492,5061,2389,1170,1219,
35850,9558,4604,4954,16723,8066,8657,19112,9220,9892,16723,8088,8635,9555,4494,5061,2389,1170,1219,
35855,9559,4604,4955,16727,8068,8659,19116,9222,9894,16725,8090,8635,9557,4495,5062,2389,1170,1219,
35860,9560,4605,4955,16730,8071,8659,19119,9222,9897,16728,8093,8635,9557,4495,5062,2390,1171,1219,
35865,9562,4606,4956,16730,8071,8659,19120,9223,9897,16730,8093,8637,9559,4496,5063,2390,1171,1219,
35870,9563,4606,4957,16734,8071,8663,19124,9226,9898,16732,8094,8638,9561,4497,5064,2390,1171,1219,
35875,9564,4606,4958,16737,8072,8665,19127,9227,9900,16735,8095,8640,9561,4497,5064,2391,1171,1220,
35880,9566,4606,4960,16737,8072,8665,19128,9227,9901,16737,8096,8641,9563,4499,5064,2391,1171,1220,
35885,9567,4606,4961,16741,8074,8667,19132,9228,9904,16739,8097,8642,9565,4500,5065,2391,1171,1220,
35890,9568,4607,4961,16744,8075,8669,19135,9229,9906,16742,8097,8645,9565,4500,5065,2392,1171,1221,
35895,9570,4608,4962,16744,8075,8669,19136,9230,9906,16744,8097,8647,9567,4502,5065,2392,1171,1221,
35900,9571,4609,4962,16748,8077,8671,19140,9232,9908,16746,8098,8648,9569,4504,5065,2392,1171,1221,
35905,9572,4610,4962,16751,8078,8673,19143,9234,9909,16749,8100,8649,9569,4504,5065,2393,1172,1221,
35910,9574,4610,4964,16751,8078,8673,19144,9235,9909,16751,8101,8650,9571,4505,5066,2393,1172,1221,
35915,9575,4610,4965,16755,8081,8674,19148,9236,9912,16753,8102,8651,9573,4506,5067,2393,1172,1221,
35920,9576,4611,4965,16758,8082,8676,19151,9236,9915,16756,8104,8652,9573,4506,5067,2394,1172,1222,
35925,9578,4612,4966,16758,8082,8676,19152,9236,9916,16758,8106,8652,9575,4506,5069,2394,1172,1222,
35930,9579,4612,4967,16762,8085,8677,19156,9237,9919,16760,8107,8653,9577,4506,5071,2394,1172,1222,
35935,9580,4612,4968,16765,8087,8678,19159,9238,9921,16763,8107,8656,9577,4506,5071,2395,1172,1223,
35940,9582,4613,4969,16765,8087,8678,19160,9239,9921,16765,8108,8657,9579,4507,5072,2395,1172,1223,
35945,9583,4613,4970,16769,8088,8681,19164,9243,9921,16767,8108,8659,9581,4507,5074,2395,1172,1223,
35950,9584,4614,4970,16772,8088,8684,19167,9245,9922,16770,8110,8660,9581,4507,5074,2396,1173,1223,
35955,9586,4614,4972,16772,8088,8684,19168,9245,9923,16772,8110,8662,9583,4508,5075,2396,1173,1223,
35960,9587,4615,4972,16776,8090,8686,19172,9247,9925,16774,8111,8663,9585,4510,5075,2396,1173,1223,
35965,9588,4615,4973,16779,8091,8688,19175,9248,9927,16777,8111,8666,9585,4510,5075,2397,1173,1224,
35970,9590,4615,4975,16779,8091,8688,19176,9249,9927,16779,8111,8668,9587,4510,5077,2397,1173,1224,
35975,9591,4615,4976,16783,8093,8690,19180,9252,9928,16781,8112,8669,9589,4510,5079,2397,1173,1224,
35980,9592,4616,4976,16786,8094,8692,19183,9252,9931,16784,8114,8670,9589,4510,5079,2398,1173,1225,
35985,9594,4617,4977,16786,8094,8692,19184,9253,9931,16786,8115,8671,9591,4510,5081,2398,1173,1225,
35990,9595,4618,4977,16790,8097,8693,19188,9255,9933,16788,8116,8672,9593,4511,5082,2398,1173,1225,
35995,9596,4619,4977,16793,8098,8695,19191,9257,9934,16791,8117,8674,9593,4511,5082,2399,1174,1225,
36000,9598,4620,4978,16793,8098,8695,19192,9258,9934,16793,8118,8675,9595,4512,5083,2399,1174,1225,
36005,9599,4621,4978,16797,8101,8696,19196,9260,9936,16795,8120,8675,9597,4514,5083,2399,1174,1225,
36010,9600,4621,4979,16800,8102,8698,19199,9262,9937,16798,8123,8675,9597,4514,5083,2400,1174,1226,
36015,9602,4622,4980,16800,8102,8698,19200,9262,9938,16800,8123,8677,9599,4514,5085,2400,1174,1226,
36020,9603,4623,4980,16804,8104,8700,19204,9264,9940,16802,8125,8677,9601,4514,5087,2400,1174,1226,
36025,9604,4624,4980,16807,8106,8701,19207,9264,9943,16805,8127,8678,9601,4514,5087,2401,1175,1226,
36030,9606,4625,4981,16807,8106,8701,19208,9264,9944,16807,8128,8679,9603,4516,5087,2401,1175,1226,
36035,9607,4626,4981,16811,8109,8702,19212,9265,9947,16809,8129,8680,9605,4516,5089,2401,1175,1226,
36040,9608,4627,4981,16814,8111,8703,19215,9267,9948,16812,8132,8680,9605,4516,5089,2402,1176,1226,
36045,9610,4627,4983,16814,8111,8703,19216,9268,9948,16814,8134,8680,9607,4518,5089,2402,1176,1226,
36050,9611,4627,4984,16818,8113,8705,19220,9269,9951,16816,8134,8682,9609,4520,5089,2402,1176,1226,
36055,9612,4628,4984,16821,8116,8705,19223,9272,9951,16819,8135,8684,9609,4520,5089,2403,1177,1226,
36060,9614,4630,4984,16821,8116,8705,19224,9273,9951,16821,8135,8686,9611,4521,5090,2403,1177,1226,
36065,9615,4630,4985,16825,8117,8708,19228,9275,9953,16823,8135,8688,9613,4522,5091,2403,1177,1226,
36070,9616,4631,4985,16828,8119,8709,19231,9277,9954,16826,8137,8689,9613,4522,5091,2404,1177,1227,
36075,9618,4632,4986,16828,8119,8709,19232,9278,9954,16828,8138,8690,9615,4523,5092,2404,1177,1227,
36080,9619,4632,4987,16832,8121,8711,19236,9279,9957,16830,8138,8692,9617,4525,5092,2404,1177,1227,
36085,9620,4633,4987,16835,8124,8711,19239,9280,9959,16833,8140,8693,9617,4525,5092,2405,1177,1228,
36090,9622,4634,4988,16835,8124,8711,19240,9280,9960,16835,8140,8695,9619,4526,5093,2405,1177,1228,
36095,9623,4635,4988,16839,8124,8715,19244,9283,9961,16837,8140,8697,9621,4527,5094,2405,1177,1228,
36100,9624,4635,4989,16842,8126,8716,19247,9285,9962,16840,8140,8700,9621,4527,5094,2406,1177,1229,
36105,9626,4637,4989,16842,8126,8716,19248,9285,9963,16842,8142,8700,9623,4528,5095,2406,1177,1229,
36110,9627,4637,4990,16846,8127,8719,19252,9286,9966,16844,8142,8702,9625,4530,5095,2406,1177,1229,
36115,9628,4637,4991,16849,8128,8721,19255,9286,9969,16847,8144,8703,9625,4530,5095,2407,1178,1229,
36120,9630,4638,4992,16849,8128,8721,19256,9286,9970,16849,8146,8703,9627,4531,5096,2407,1178,1229,
36125,9631,4638,4993,16853,8128,8725,19260,9289,9971,16851,8148,8703,9629,4531,5098,2407,1178,1229,
36130,9632,4638,4994,16856,8129,8727,19263,9291,9972,16854,8149,8705,9629,4531,5098,2408,1178,1230,
36135,9634,4639,4995,16856,8129,8727,19264,9292,9972,16856,8151,8705,9631,4532,5099,2408,1178,1230,
36140,9635,4639,4996,16860,8132,8728,19268,9294,9974,16858,8151,8707,9633,4534,5099,2408,1178,1230,
36145,9636,4639,4997,16863,8133,8730,19271,9297,9974,16861,8152,8709,9633,4534,5099,2409,1178,1231,
36150,9638,4640,4998,16863,8133,8730,19272,9298,9974,16863,8153,8710,9635,4536,5099,2409,1178,1231,
36155,9639,4641,4998,16867,8135,8732,19276,9298,9978,16865,8154,8711,9637,4538,5099,2409,1178,1231,
36160,9640,4641,4999,16870,8138,8732,19279,9300,9979,16868,8156,8712,9637,4538,5099,2410,1179,1231,
36165,9642,4642,5000,16870,8138,8732,19280,9300,9980,16870,8157,8713,9639,4539,5100,2410,1179,1231,
36170,9643,4642,5001,16874,8142,8732,19284,9302,9982,16872,8158,8714,9641,4540,5101,2410,1179,1231,
36175,9644,4642,5002,16877,8142,8735,19287,9303,9984,16875,8160,8715,9641,4540,5101,2411,1180,1231,
36180,9646,4643,5003,16877,8142,8735,19288,9304,9984,16877,8161,8716,9643,4541,5102,2411,1180,1231,
36185,9647,4643,5004,16881,8143,8738,19292,9305,9987,16879,8163,8716,9645,4542,5103,2411,1180,1231,
36190,9648,4644,5004,16884,8146,8738,19295,9306,9989,16882,8163,8719,9645,4542,5103,2412,1181,1231,
36195,9650,4645,5005,16884,8146,8738,19296,9306,9990,16884,8165,8719,9647,4543,5104,2412,1181,1231,
36200,9651,4645,5006,16888,8147,8741,19300,9309,9991,16886,8166,8720,9649,4543,5106,2412,1181,1231,
36205,9652,4645,5007,16891,8147,8744,19303,9312,9991,16889,8167,8722,9649,4543,5106,2413,1181,1232,
36210,9654,4647,5007,16891,8147,8744,19304,9313,9991,16891,8168,8723,9651,4544,5107,2413,1181,1232,
36215,9655,4647,5008,16895,8149,8746,19308,9315,9993,16893,8169,8724,9653,4546,5107,2413,1181,1232,
36220,9656,4648,5008,16898,8151,8747,19311,9316,9995,16896,8170,8726,9653,4546,5107,2414,1181,1233,
36225,9658,4650,5008,16898,8151,8747,19312,9317,9995,16898,8170,8728,9655,4547,5108,2414,1181,1233,
36230,9659,4651,5008,16902,8153,8749,19316,9318,9998,16900,8171,8729,9657,4547,5110,2414,1181,1233,
36235,9660,4651,5009,16905,8154,8751,19319,9319,10000,16903,8173,8730,9657,4547,5110,2415,1182,1233,
36240,9662,4652,5010,16905,8154,8751,19320,9320,10000,16905,8174,8731,9659,4548,5111,2415,1182,1233,
36245,9663,4652,5011,16909,8155,8754,19324,9323,10001,16907,8175,8732,9661,4549,5112,2415,1182,1233,
36250,9664,4652,5012,16912,8156,8756,19327,9325,10002,16910,8177,8733,9661,4549,5112,2416,1182,1234,
36255,9666,4652,5014,16912,8156,8756,19328,9325,10003,16912,8177,8735,9663,4550,5113,2416,1182,1234,
36260,9667,4653,5014,16916,8158,8758,19332,9325,10007,16914,8177,8737,9665,4551,5114,2416,1182,1234,
36265,9668,4654,5014,16919,8160,8759,19335,9328,10007,16917,8179,8738,9665,4551,5114,2417,1183,1234,
36270,9670,4655,5015,16919,8160,8759,19336,9329,10007,16919,8180,8739,9667,4552,5115,2417,1183,1234,
36275,9671,4656,5015,16923,8163,8760,19340,9330,10010,16921,8180,8741,9669,4553,5116,2417,1183,1234,
36280,9672,4656,5016,16926,8166,8760,19343,9331,10012,16924,8182,8742,9669,4553,5116,2418,1184,1234,
36285,9674,4657,5017,16926,8166,8760,19344,9332,10012,16926,8182,8744,9671,4553,5118,2418,1184,1234,
36290,9675,4658,5017,16930,8169,8761,19348,9332,10016,16928,8183,8745,9673,4555,5118,2418,1184,1234,
36295,9676,4659,5017,16933,8170,8763,19351,9334,10017,16931,8185,8746,9673,4555,5118,2419,1184,1235,
36300,9678,4660,5018,16933,8170,8763,19352,9335,10017,16933,8185,8748,9675,4556,5119,2419,1184,1235,
36305,9679,4660,5019,16937,8171,8766,19356,9336,10020,16935,8186,8749,9677,4558,5119,2419,1184,1235,
36310,9680,4661,5019,16940,8173,8767,19359,9337,10022,16938,8186,8752,9677,4558,5119,2420,1185,1235,
36315,9682,4663,5019,16940,8173,8767,19360,9338,10022,16940,8187,8753,9679,4560,5119,2420,1185,1235,
36320,9683,4664,5019,16944,8174,8770,19364,9340,10024,16942,8188,8754,9681,4561,5120,2420,1185,1235,
36325,9684,4664,5020,16947,8177,8770,19367,9340,10027,16945,8188,8757,9681,4561,5120,2421,1185,1236,
36330,9686,4664,5022,16947,8177,8770,19368,9341,10027,16947,8190,8757,9683,4563,5120,2421,1185,1236,
36335,9687,4664,5023,16951,8180,8771,19372,9343,10029,16949,8192,8757,9685,4565,5120,2421,1185,1236,
36340,9688,4664,5024,16954,8180,8774,19375,9343,10032,16952,8194,8758,9685,4565,5120,2422,1185,1237,
36345,9690,4666,5024,16954,8180,8774,19376,9343,10033,16954,8195,8759,9687,4566,5121,2422,1185,1237,
36350,9691,4666,5025,16958,8182,8776,19380,9345,10035,16956,8197,8759,9689,4567,5122,2422,1185,1237,
36355,9692,4667,5025,16961,8184,8777,19383,9347,10036,16959,8199,8760,9689,4567,5122,2423,1186,1237,
36360,9694,4668,5026,16961,8184,8777,19384,9347,10037,16961,8199,8762,9691,4567,5124,2423,1186,1237,
36365,9695,4668,5027,16965,8187,8778,19388,9349,10039,16963,8199,8764,9693,4568,5125,2423,1186,1237,
36370,9696,4668,5028,16968,8189,8779,19391,9349,10042,16966,8200,8766,9693,4568,5125,2424,1187,1237,
36375,9698,4669,5029,16968,8189,8779,19392,9350,10042,16968,8201,8767,9695,4569,5126,2424,1187,1237,
36380,9699,4670,5029,16972,8191,8781,19396,9353,10043,16970,8201,8769,9697,4570,5127,2424,1187,1237,
36385,9700,4671,5029,16975,8192,8783,19399,9355,10044,16973,8202,8771,9697,4570,5127,2425,1187,1238,
36390,9702,4672,5030,16975,8192,8783,19400,9355,10045,16975,8202,8773,9699,4570,5129,2425,1187,1238,
36395,9703,4673,5030,16979,8195,8784,19404,9358,10046,16977,8203,8774,9701,4570,5131,2425,1187,1238,
36400,9704,4674,5030,16982,8197,8785,19407,9360,10047,16980,8204,8776,9701,4570,5131,2426,1188,1238,
36405,9706,4676,5030,16982,8197,8785,19408,9360,10048,16982,8204,8778,9703,4570,5133,2426,1188,1238,
36410,9707,4677,5030,16986,8198,8788,19412,9363,10049,16984,8206,8778,9705,4570,5135,2426,1188,1238,
36415,9708,4677,5031,16989,8199,8790,19415,9364,10051,16987,8208,8779,9705,4570,5135,2427,1189,1238,
36420,9710,4677,5033,16989,8199,8790,19416,9365,10051,16989,8209,8780,9707,4570,5137,2427,1189,1238,
36425,9711,4678,5033,16993,8201,8792,19420,9367,10053,16991,8211,8780,9709,4570,5139,2427,1189,1238,
36430,9712,4678,5034,16996,8202,8794,19423,9368,10055,16994,8213,8781,9709,4570,5139,2428,1189,1239,
36435,9714,4679,5035,16996,8202,8794,19424,9368,10056,16996,8214,8782,9711,4572,5139,2428,1189,1239,
36440,9715,4680,5035,17000,8205,8795,19428,9370,10058,16998,8216,8782,9713,4574,5139,2428,1189,1239,
36445,9716,4681,5035,17003,8208,8795,19431,9373,10058,17001,8217,8784,9713,4574,5139,2429,1190,1239,
36450,9718,4682,5036,17003,8208,8795,19432,9373,10059,17003,8218,8785,9715,4576,5139,2429,1190,1239,
36455,9719,4683,5036,17007,8210,8797,19436,9374,10062,17005,8218,8787,9717,4577,5140,2429,1190,1239,
36460,9720,4683,5037,17010,8213,8797,19439,9375,10064,17008,8219,8789,9717,4577,5140,2430,1191,1239,
36465,9722,4685,5037,17010,8213,8797,19440,9375,10065,17010,8221,8789,9719,4578,5141,2430,1191,1239,
36470,9723,4685,5038,17014,8215,8799,19444,9377,10067,17012,8222,8790,9721,4580,5141,2430,1191,1239,
36475,9724,4685,5039,17017,8218,8799,19447,9378,10069,17015,8224,8791,9721,4580,5141,2431,1191,1240,
36480,9726,4686,5040,17017,8218,8799,19448,9378,10070,17017,8225,8792,9723,4582,5141,2431,1191,1240,
36485,9727,4687,5040,17021,8220,8801,19452,9381,10071,17019,8225,8794,9725,4584,5141,2431,1191,1240,
36490,9728,4688,5040,17024,8221,8803,19455,9382,10073,17022,8227,8795,9725,4584,5141,2432,1192,1240,
36495,9730,4689,5041,17024,8221,8803,19456,9382,10074,17024,8229,8795,9727,4585,5142,2432,1192,1240,
36500,9731,4689,5042,17028,8223,8805,19460,9385,10075,17026,8230,8796,9729,4585,5144,2432,1192,1240,
36505,9732,4689,5043,17031,8223,8808,19463,9388,10075,17029,8230,8799,9729,4585,5144,2433,1193,1240,
36510,9734,4691,5043,17031,8223,8808,19464,9388,10076,17031,8231,8800,9731,4585,5146,2433,1193,1240,
36515,9735,4691,5044,17035,8225,8810,19468,9389,10079,17033,8232,8801,9733,4586,5147,2433,1193,1240,
36520,9736,4692,5044,17038,8226,8812,19471,9391,10080,17036,8234,8802,9733,4586,5147,2434,1193,1241,
36525,9738,4693,5045,17038,8226,8812,19472,9392,10080,17038,8235,8803,9735,4587,5148,2434,1193,1241,
36530,9739,4694,5045,17042,8228,8814,19476,9393,10083,17040,8235,8805,9737,4588,5149,2434,1193,1241,
36535,9740,4694,5046,17045,8230,8815,19479,9394,10085,17043,8236,8807,9737,4588,5149,2435,1194,1241,
36540,9742,4694,5048,17045,8230,8815,19480,9394,10086,17045,8236,8809,9739,4589,5150,2435,1194,1241,
36545,9743,4695,5048,17049,8231,8818,19484,9397,10087,17047,8237,8810,9741,4591,5150,2435,1194,1241,
36550,9744,4696,5048,17052,8232,8820,19487,9397,10090,17050,8239,8811,9741,4591,5150,2436,1195,1241,
36555,9746,4696,5050,17052,8232,8820,19488,9397,10091,17052,8239,8813,9743,4592,5151,2436,1195,1241,
36560,9747,4696,5051,17056,8235,8821,19492,9398,10094,17054,8239,8815,9745,4593,5152,2436,1195,1241,
36565,9748,4696,5052,17059,8236,8823,19495,9399,10096,17057,8242,8815,9745,4593,5152,2437,1196,1241,
36570,9750,4698,5052,17059,8236,8823,19496,9400,10096,17059,8242,8817,9747,4594,5153,2437,1196,1241,
36575,9751,4699,5052,17063,8237,8826,19500,9403,10097,17061,8244,8817,9749,4594,5155,2437,1196,1241,
36580,9752,4699,5053,17066,8240,8826,19503,9406,10097,17064,8245,8819,9749,4594,5155,2438,1197,1241,
36585,9754,4700,5054,17066,8240,8826,19504,9406,10098,17066,8246,8820,9751,4594,5157,2438,1197,1241,
36590,9755,4700,5055,17070,8242,8828,19508,9408,10100,17068,8248,8820,9753,4594,5159,2438,1197,1241,
36595,9756,4700,5056,17073,8243,8830,19511,9410,10101,17071,8251,8820,9753,4594,5159,2439,1197,1242,
36600,9758,4701,5057,17073,8243,8830,19512,9410,10102,17073,8252,8821,9755,4595,5160,2439,1197,1242,
36605,9759,4701,5058,17077,8245,8832,19516,9412,10104,17075,8252,8823,9757,4597,5160,2439,1197,1242,
36610,9760,4702,5058,17080,8246,8834,19519,9413,10106,17078,8254,8824,9757,4597,5160,2440,1197,1243,
36615,9762,4703,5059,17080,8246,8834,19520,9414,10106,17080,8256,8824,9759,4597,5162,2440,1197,1243,
36620,9763,4704,5059,17084,8247,8837,19524,9416,10108,17082,8256,8826,9761,4598,5163,2440,1197,1243,
36625,9764,4705,5059,17087,8248,8839,19527,9417,10110,17085,8257,8828,9761,4598,5163,2441,1197,1244,
36630,9766,4705,5061,17087,8248,8839,19528,9417,10111,17087,8259,8828,9763,4599,5164,2441,1197,1244,
36635,9767,4706,5061,17091,8249,8842,19532,9420,10112,17089,8261,8828,9765,4600,5165,2441,1197,1244,
36640,9768,4707,5061,17094,8252,8842,19535,9420,10115,17092,8263,8829,9765,4600,5165,2442,1197,1245,
36645,9770,4707,5063,17094,8252,8842,19536,9420,10116,17094,8263,8831,9767,4601,5166,2442,1197,1245,
36650,9771,4707,5064,17098,8253,8845,19540,9422,10118,17096,8263,8833,9769,4601,5168,2442,1197,1245,
36655,9772,4707,5065,17101,8255,8846,19543,9424,10119,17099,8264,8835,9769,4601,5168,2443,1198,1245,
36660,9774,4708,5066,17101,8255,8846,19544,9425,10119,17101,8265,8836,9771,4602,5169,2443,1198,1245,
36665,9775,4709,5066,17105,8257,8848,19548,9427,10121,17103,8267,8836,9773,4602,5171,2443,1198,1245,
36670,9776,4710,5066,17108,8259,8849,19551,9428,10123,17106,8268,8838,9773,4602,5171,2444,1199,1245,
36675,9778,4711,5067,17108,8259,8849,19552,9429,10123,17108,8268,8840,9775,4602,5173,2444,1199,1245,
36680,9779,4712,5067,17112,8260,8852,19556,9431,10125,17110,8270,8840,9777,4603,5174,2444,1199,1245,
36685,9780,4713,5067,17115,8263,8852,19559,9432,10127,17113,8273,8840,9777,4603,5174,2445,1199,1246,
36690,9782,4715,5067,17115,8263,8852,19560,9432,10128,17115,8275,8840,9779,4604,5175,2445,1199,1246,
36695,9783,4715,5068,17119,8266,8853,19564,9434,10130,17117,8276,8841,9781,4606,5175,2445,1199,1246,
36700,9784,4715,5069,17122,8267,8855,19567,9436,10131,17120,8277,8843,9781,4606,5175,2446,1199,1247,
36705,9786,4717,5069,17122,8267,8855,19568,9436,10132,17122,8279,8843,9783,4607,5176,2446,1199,1247,
36710,9787,4717,5070,17126,8268,8858,19572,9438,10134,17124,8279,8845,9785,4607,5178,2446,1199,1247,
36715,9788,4717,5071,17129,8269,8860,19575,9440,10135,17127,8280,8847,9785,4607,5178,2447,1199,1248,
36720,9790,4718,5072,17129,8269,8860,19576,9441,10135,17129,8281,8848,9787,4607,5180,2447,1199,1248,
36725,9791,4718,5073,17133,8272,8861,19580,9443,10137,17131,8282,8849,9789,4608,5181,2447,1199,1248,
36730,9792,4718,5074,17136,8272,8864,19583,9444,10139,17134,8284,8850,9789,4608,5181,2448,1199,1249,
36735,9794,4719,5075,17136,8272,8864,19584,9444,10140,17136,8286,8850,9791,4608,5183,2448,1199,1249,
36740,9795,4719,5076,17140,8272,8868,19588,9446,10142,17138,8287,8851,9793,4610,5183,2448,1199,1249,
36745,9796,4719,5077,17143,8273,8870,19591,9448,10143,17141,8288,8853,9793,4610,5183,2449,1200,1249,
36750,9798,4720,5078,17143,8273,8870,19592,9448,10144,17143,8288,8855,9795,4611,5184,2449,1200,1249,
36755,9799,4720,5079,17147,8274,8873,19596,9450,10146,17145,8289,8856,9797,4611,5186,2449,1200,1249,
36760,9800,4720,5080,17150,8276,8874,19599,9451,10148,17148,8290,8858,9797,4611,5186,2450,1200,1250,
36765,9802,4721,5081,17150,8276,8874,19600,9452,10148,17150,8291,8859,9799,4613,5186,2450,1200,1250,
36770,9803,4721,5082,17154,8277,8877,19604,9453,10151,17152,8293,8859,9801,4614,5187,2450,1200,1250,
36775,9804,4721,5083,17157,8277,8880,19607,9456,10151,17155,8294,8861,9801,4614,5187,2451,1200,1251,
36780,9806,4723,5083,17157,8277,8880,19608,9456,10152,17157,8295,8862,9803,4615,5188,2451,1200,1251,
36785,9807,4723,5084,17161,8280,8881,19612,9459,10153,17159,8297,8862,9805,4615,5190,2451,1200,1251,
36790,9808,4724,5084,17164,8282,8882,19615,9461,10154,17162,8298,8864,9805,4615,5190,2452,1200,1252,
36795,9810,4725,5085,17164,8282,8882,19616,9461,10155,17164,8299,8865,9807,4616,5191,2452,1200,1252,
36800,9811,4726,5085,17168,8284,8884,19620,9463,10157,17166,8299,8867,9809,4616,5193,2452,1200,1252,
36805,9812,4726,5086,17171,8285,8886,19623,9463,10160,17169,8299,8870,9809,4616,5193,2453,1201,1252,
36810,9814,4726,5088,17171,8285,8886,19624,9464,10160,17171,8299,8872,9811,4616,5195,2453,1201,1252,
36815,9815,4727,5088,17175,8286,8889,19628,9465,10163,17173,8299,8874,9813,4617,5196,2453,1201,1252,
36820,9816,4727,5089,17178,8287,8891,19631,9465,10166,17176,8301,8875,9813,4617,5196,2454,1202,1252,
36825,9818,4728,5090,17178,8287,8891,19632,9465,10167,17178,8302,8876,9815,4617,5198,2454,1202,1252,
36830,9819,4728,5091,17182,8289,8893,19636,9466,10170,17180,8304,8876,9817,4619,5198,2454,1202,1252,
36835,9820,4728,5092,17185,8290,8895,19639,9468,10171,17183,8304,8879,9817,4619,5198,2455,1203,1252,
36840,9822,4728,5094,17185,8290,8895,19640,9469,10171,17185,8305,8880,9819,4621,5198,2455,1203,1252,
36845,9823,4729,5094,17189,8293,8896,19644,9470,10174,17187,8306,8881,9821,4623,5198,2455,1203,1252,
36850,9824,4730,5094,17192,8295,8897,19647,9472,10175,17190,8307,8883,9821,4623,5198,2456,1203,1253,
36855,9826,4730,5096,17192,8295,8897,19648,9472,10176,17192,8308,8884,9823,4623,5200,2456,1203,1253,
36860,9827,4730,5097,17196,8298,8898,19652,9474,10178,17194,8309,8885,9825,4624,5201,2456,1203,1253,
36865,9828,4731,5097,17199,8299,8900,19655,9476,10179,17197,8310,8887,9825,4624,5201,2457,1204,1253,
36870,9830,4731,5099,17199,8299,8900,19656,9477,10179,17199,8310,8889,9827,4626,5201,2457,1204,1253,
36875,9831,4731,5100,17203,8302,8901,19660,9479,10181,17201,8311,8890,9829,4627,5202,2457,1204,1253,
36880,9832,4732,5100,17206,8304,8902,19663,9481,10182,17204,8312,8892,9829,4627,5202,2458,1204,1254,
36885,9834,4732,5102,17206,8304,8902,19664,9482,10182,17206,8312,8894,9831,4629,5202,2458,1204,1254,
36890,9835,4733,5102,17210,8304,8906,19668,9486,10182,17208,8313,8895,9833,4630,5203,2458,1204,1254,
36895,9836,4733,5103,17213,8304,8909,19671,9487,10184,17211,8313,8898,9833,4630,5203,2459,1205,1254,
36900,9838,4733,5105,17213,8304,8909,19672,9488,10184,17213,8315,8898,9835,4631,5204,2459,1205,1254,
36905,9839,4734,5105,17217,8307,8910,19676,9491,10185,17215,8316,8899,9837,4633,5204,2459,1205,1254,
36910,9840,4734,5106,17220,8308,8912,19679,9493,10186,17218,8317,8901,9837,4633,5204,2460,1205,1255,
36915,9842,4735,5107,17220,8308,8912,19680,9494,10186,17220,8319,8901,9839,4634,5205,2460,1205,1255,
36920,9843,4736,5107,17224,8310,8914,19684,9497,10187,17222,8320,8902,9841,4635,5206,2460,1205,1255,
36925,9844,4736,5108,17227,8311,8916,19687,9498,10189,17225,8321,8904,9841,4635,5206,2461,1205,1256,
36930,9846,4736,5110,17227,8311,8916,19688,9499,10189,17227,8322,8905,9843,4636,5207,2461,1205,1256,
36935,9847,4736,5111,17231,8313,8918,19692,9500,10192,17229,8323,8906,9845,4636,5209,2461,1205,1256,
36940,9848,4736,5112,17234,8314,8920,19695,9500,10195,17232,8325,8907,9845,4636,5209,2462,1205,1257,
36945,9850,4738,5112,17234,8314,8920,19696,9500,10196,17234,8326,8908,9847,4636,5211,2462,1205,1257,
36950,9851,4738,5113,17238,8315,8923,19700,9501,10199,17236,8328,8908,9849,4638,5211,2462,1205,1257,
36955,9852,4739,5113,17241,8317,8924,19703,9503,10200,17239,8330,8909,9849,4638,5211,2463,1205,1258,
36960,9854,4741,5113,17241,8317,8924,19704,9504,10200,17241,8331,8910,9851,4638,5213,2463,1205,1258,
36965,9855,4741,5114,17245,8319,8926,19708,9506,10202,17243,8332,8911,9853,4640,5213,2463,1205,1258,
36970,9856,4742,5114,17248,8321,8927,19711,9508,10203,17246,8333,8913,9853,4640,5213,2464,1206,1258,
36975,9858,4742,5116,17248,8321,8927,19712,9508,10204,17248,8334,8914,9855,4641,5214,2464,1206,1258,
36980,9859,4742,5117,17252,8324,8928,19716,9509,10207,17250,8336,8914,9857,4641,5216,2464,1206,1258,
36985,9860,4742,5118,17255,8325,8930,19719,9511,10208,17253,8338,8915,9857,4641,5216,2465,1206,1259,
36990,9862,4742,5120,17255,8325,8930,19720,9511,10209,17255,8338,8917,9859,4642,5217,2465,1206,1259,
36995,9863,4742,5121,17259,8327,8932,19724,9513,10211,17257,8338,8919,9861,4642,5219,2465,1206,1259,
37000,9864,4742,5122,17262,8328,8934,19727,9515,10212,17260,8340,8920,9861,4642,5219,2466,1206,1260,
37005,9866,4743,5123,17262,8328,8934,19728,9516,10212,17262,8340,8922,9863,4643,5220,2466,1206,1260,
37010,9867,4744,5123,17266,8330,8936,19732,9518,10214,17264,8340,8924,9865,4643,5222,2466,1206,1260,
37015,9868,4744,5124,17269,8332,8937,19735,9519,10216,17267,8340,8927,9865,4643,5222,2467,1207,1260,
37020,9870,4745,5125,17269,8332,8937,19736,9519,10217,17269,8342,8927,9867,4644,5223,2467,1207,1260,
37025,9871,4746,5125,17273,8334,8939,19740,9521,10219,17271,8344,8927,9869,4645,5224,2467,1207,1260,
37030,9872,4747,5125,17276,8336,8940,19743,9521,10222,17274,8347,8927,9869,4645,5224,2468,1207,1261,
37035,9874,4748,5126,17276,8336,8940,19744,9522,10222,17276,8349,8927,9871,4645,5226,2468,1207,1261,
37040,9875,4748,5127,17280,8340,8940,19748,9525,10223,17278,8350,8928,9873,4645,5228,2468,1207,1261,
37045,9876,4749,5127,17283,8342,8941,19751,9528,10223,17281,8350,8931,9873,4645,5228,2469,1208,1261,
37050,9878,4750,5128,17283,8342,8941,19752,9529,10223,17283,8350,8933,9875,4645,5230,2469,1208,1261,
37055,9879,4751,5128,17287,8345,8942,19756,9531,10225,17285,8351,8934,9877,4645,5232,2469,1208,1261,
37060,9880,4752,5128,17290,8346,8944,19759,9532,10227,17288,8353,8935,9877,4645,5232,2470,1208,1262,
37065,9882,4752,5130,17290,8346,8944,19760,9533,10227,17290,8354,8936,9879,4645,5234,2470,1208,1262,
37070,9883,4753,5130,17294,8348,8946,19764,9535,10229,17292,8356,8936,9881,4647,5234,2470,1208,1262,
37075,9884,4753,5131,17297,8349,8948,19767,9537,10230,17295,8358,8937,9881,4647,5234,2471,1208,1263,
37080,9886,4755,5131,17297,8349,8948,19768,9538,10230,17297,8358,8939,9883,4647,5236,2471,1208,1263,
37085,9887,4755,5132,17301,8350,8951,19772,9538,10234,17299,8358,8941,9885,4647,5238,2471,1208,1263,
37090,9888,4756,5132,17304,8350,8954,19775,9541,10234,17302,8358,8944,9885,4647,5238,2472,1208,1264,
37095,9890,4757,5133,17304,8350,8954,19776,9542,10234,17304,8358,8946,9887,4647,5240,2472,1208,1264,
37100,9891,4757,5134,17308,8353,8955,19780,9544,10236,17306,8358,8948,9889,4649,5240,2472,1208,1264,
37105,9892,4757,5135,17311,8355,8956,19783,9545,10238,17309,8361,8948,9889,4649,5240,2473,1208,1265,
37110,9894,4757,5137,17311,8355,8956,19784,9546,10238,17311,8362,8949,9891,4651,5240,2473,1208,1265,
37115,9895,4758,5137,17315,8357,8958,19788,9547,10241,17313,8362,8951,9893,4652,5241,2473,1208,1265,
37120,9896,4758,5138,17318,8360,8958,19791,9549,10242,17316,8363,8953,9893,4652,5241,2474,1209,1265,
37125,9898,4759,5139,17318,8360,8958,19792,9549,10243,17318,8364,8954,9895,4653,5242,2474,1209,1265,
37130,9899,4759,5140,17322,8362,8960,19796,9550,10246,17320,8366,8954,9897,4654,5243,2474,1209,1265,
37135,9900,4759,5141,17325,8365,8960,19799,9550,10249,17323,8367,8956,9897,4654,5243,2475,1209,1266,
37140,9902,4759,5143,17325,8365,8960,19800,9551,10249,17325,8368,8957,9899,4655,5244,2475,1209,1266,
37145,9903,4759,5144,17329,8367,8962,19804,9553,10251,17327,8370,8957,9901,4656,5245,2475,1209,1266,
37150,9904,4760,5144,17332,8368,8964,19807,9555,10252,17330,8372,8958,9901,4656,5245,2476,1209,1267,
37155,9906,4761,5145,17332,8368,8964,19808,9556,10252,17332,8374,8958,9903,4657,5246,2476,1209,1267,
37160,9907,4762,5145,17336,8369,8967,19812,9558,10254,17334,8374,8960,9905,4658,5247,2476,1209,1267,
37165,9908,4763,5145,17339,8370,8969,19815,9560,10255,17337,8375,8962,9905,4658,5247,2477,1209,1268,
37170,9910,4765,5145,17339,8370,8969,19816,9560,10256,17339,8377,8962,9907,4659,5248,2477,1209,1268,
37175,9911,4766,5145,17343,8374,8969,19820,9564,10256,17341,8378,8963,9909,4659,5250,2477,1209,1268,
37180,9912,4767,5145,17346,8377,8969,19823,9565,10258,17344,8380,8964,9909,4659,5250,2478,1209,1269,
37185,9914,4768,5146,17346,8377,8969,19824,9566,10258,17346,8381,8965,9911,4659,5252,2478,1209,1269,
37190,9915,4769,5146,17350,8380,8970,19828,9566,10262,17348,8382,8966,9913,4660,5253,2478,1209,1269,
37195,9916,4769,5147,17353,8382,8971,19831,9569,10262,17351,8383,8968,9913,4660,5253,2479,1209,1270,
37200,9918,4770,5148,17353,8382,8971,19832,9570,10262,17353,8385,8968,9915,4660,5255,2479,1209,1270,
37205,9919,4771,5148,17357,8384,8973,19836,9573,10263,17355,8386,8969,9917,4662,5255,2479,1209,1270,
37210,9920,4771,5149,17360,8385,8975,19839,9574,10265,17358,8388,8970,9917,4662,5255,2480,1210,1270,
37215,9922,4772,5150,17360,8385,8975,19840,9574,10266,17360,8389,8971,9919,4664,5255,2480,1210,1270,
37220,9923,4773,5150,17364,8385,8979,19844,9577,10267,17362,8390,8972,9921,4665,5256,2480,1210,1270,
37225,9924,4774,5150,17367,8386,8981,19847,9579,10268,17365,8391,8974,9921,4665,5256,2481,1211,1270,
37230,9926,4775,5151,17367,8386,8981,19848,9579,10269,17367,8392,8975,9923,4667,5256,2481,1211,1270,
37235,9927,4776,5151,17371,8386,8985,19852,9579,10273,17369,8392,8977,9925,4668,5257,2481,1211,1270,
37240,9928,4776,5152,17374,8388,8986,19855,9581,10274,17372,8394,8978,9925,4668,5257,2482,1211,1271,
37245,9930,4778,5152,17374,8388,8986,19856,9581,10275,17374,8395,8979,9927,4669,5258,2482,1211,1271,
37250,9931,4779,5152,17378,8389,8989,19860,9583,10277,17376,8396,8980,9929,4669,5260,2482,1211,1271,
37255,9932,4780,5152,17381,8389,8992,19863,9586,10277,17379,8398,8981,9929,4669,5260,2483,1211,1272,
37260,9934,4781,5153,17381,8389,8992,19864,9587,10277,17381,8399,8982,9931,4669,5262,2483,1211,1272,
37265,9935,4781,5154,17385,8390,8995,19868,9589,10279,17383,8400,8983,9933,4670,5263,2483,1211,1272,
37270,9936,4782,5154,17388,8392,8996,19871,9591,10280,17386,8402,8984,9933,4670,5263,2484,1212,1272,
37275,9938,4783,5155,17388,8392,8996,19872,9591,10281,17388,8403,8985,9935,4671,5264,2484,1212,1272,
37280,9939,4783,5156,17392,8393,8999,19876,9594,10282,17390,8403,8987,9937,4672,5265,2484,1212,1272,
37285,9940,4783,5157,17395,8395,9000,19879,9595,10284,17393,8405,8988,9937,4672,5265,2485,1213,1272,
37290,9942,4785,5157,17395,8395,9000,19880,9596,10284,17395,8405,8990,9939,4673,5266,2485,1213,1272,
37295,9943,4785,5158,17399,8396,9003,19884,9598,10286,17397,8406,8991,9941,4674,5267,2485,1213,1272,
37300,9944,4786,5158,17402,8397,9005,19887,9599,10288,17400,8406,8994,9941,4674,5267,2486,1213,1273,
37305,9946,4786,5160,17402,8397,9005,19888,9599,10289,17402,8406,8996,9943,4675,5268,2486,1213,1273,
37310,9947,4787,5160,17406,8398,9008,19892,9601,10291,17404,8406,8998,9945,4677,5268,2486,1213,1273,
37315,9948,4788,5160,17409,8400,9009,19895,9602,10293,17407,8406,9001,9945,4677,5268,2487,1213,1274,
37320,9950,4789,5161,17409,8400,9009,19896,9603,10293,17409,8407,9002,9947,4679,5268,2487,1213,1274,
37325,9951,4789,5162,17413,8403,9010,19900,9603,10297,17411,8409,9002,9949,4680,5269,2487,1213,1274,
37330,9952,4790,5162,17416,8405,9011,19903,9604,10299,17414,8411,9003,9949,4680,5269,2488,1214,1274,
37335,9954,4791,5163,17416,8405,9011,19904,9605,10299,17416,8412,9004,9951,4680,5271,2488,1214,1274,
37340,9955,4791,5164,17420,8407,9013,19908,9607,10301,17418,8413,9005,9953,4681,5272,2488,1214,1274,
37345,9956,4791,5165,17423,8408,9015,19911,9609,10302,17421,8415,9006,9953,4681,5272,2489,1214,1275,
37350,9958,4792,5166,17423,8408,9015,19912,9609,10303,17423,8416,9007,9955,4682,5273,2489,1214,1275,
37355,9959,4792,5167,17427,8410,9017,19916,9612,10304,17425,8417,9008,9957,4683,5274,2489,1214,1275,
37360,9960,4792,5168,17430,8412,9018,19919,9615,10304,17428,8417,9011,9957,4683,5274,2490,1214,1276,
37365,9962,4792,5170,17430,8412,9018,19920,9616,10304,17430,8419,9011,9959,4683,5276,2490,1214,1276,
37370,9963,4792,5171,17434,8413,9021,19924,9617,10307,17432,8420,9012,9961,4684,5277,2490,1214,1276,
37375,9964,4792,5172,17437,8414,9023,19927,9618,10309,17435,8421,9014,9961,4684,5277,2491,1214,1277,
37380,9966,4793,5173,17437,8414,9023,19928,9619,10309,17437,8422,9015,9963,4684,5279,2491,1214,1277,
37385,9967,4793,5174,17441,8415,9026,19932,9621,10311,17439,8423,9016,9965,4684,5281,2491,1214,1277,
37390,9968,4793,5175,17444,8416,9028,19935,9622,10313,17442,8424,9018,9965,4684,5281,2492,1215,1277,
37395,9970,4795,5175,17444,8416,9028,19936,9622,10314,17444,8424,9020,9967,4686,5281,2492,1215,1277,
37400,9971,4795,5176,17448,8417,9031,19940,9623,10317,17446,8424,9022,9969,4687,5282,2492,1215,1277,
37405,9972,4795,5177,17451,8418,9033,19943,9624,10319,17449,8425,9024,9969,4687,5282,2493,1215,1278,
37410,9974,4795,5179,17451,8418,9033,19944,9625,10319,17451,8426,9025,9971,4688,5283,2493,1215,1278,
37415,9975,4796,5179,17455,8419,9036,19948,9626,10322,17453,8427,9026,9973,4688,5285,2493,1215,1278,
37420,9976,4797,5179,17458,8419,9039,19951,9626,10325,17456,8430,9026,9973,4688,5285,2494,1216,1278,
37425,9978,4798,5180,17458,8419,9039,19952,9627,10325,17458,8430,9028,9975,4689,5286,2494,1216,1278,
37430,9979,4799,5180,17462,8421,9041,19956,9630,10326,17460,8432,9028,9977,4691,5286,2494,1216,1278,
37435,9980,4800,5180,17465,8422,9043,19959,9632,10327,17463,8433,9030,9977,4691,5286,2495,1216,1279,
37440,9982,4801,5181,17465,8422,9043,19960,9632,10328,17465,8435,9030,9979,4691,5288,2495,1216,1279,
37445,9983,4801,5182,17469,8424,9045,19964,9633,10331,17467,8436,9031,9981,4692,5289,2495,1216,1279,
37450,9984,4801,5183,17472,8426,9046,19967,9635,10332,17470,8438,9032,9981,4692,5289,2496,1216,1280,
37455,9986,4802,5184,17472,8426,9046,19968,9636,10332,17472,8439,9033,9983,4692,5291,2496,1216,1280,
37460,9987,4803,5184,17476,8428,9048,19972,9636,10336,17474,8439,9035,9985,4692,5293,2496,1216,1280,
37465,9988,4804,5184,17479,8429,9050,19975,9638,10337,17477,8440,9037,9985,4692,5293,2497,1217,1280,
37470,9990,4806,5184,17479,8429,9050,19976,9639,10337,17479,8441,9038,9987,4693,5294,2497,1217,1280,
37475,9991,4806,5185,17483,8432,9051,19980,9641,10339,17481,8443,9038,9989,4695,5294,2497,1217,1280,
37480,9992,4806,5186,17486,8433,9053,19983,9643,10340,17484,8444,9040,9989,4695,5294,2498,1218,1280,
37485,9994,4808,5186,17486,8433,9053,19984,9644,10340,17486,8444,9042,9991,4695,5296,2498,1218,1280,
37490,9995,4809,5186,17490,8434,9056,19988,9646,10342,17488,8444,9044,9993,4695,5298,2498,1218,1280,
37495,9996,4810,5186,17493,8436,9057,19991,9647,10344,17491,8447,9044,9993,4695,5298,2499,1219,1280,
37500,9998,4812,5186,17493,8436,9057,19992,9647,10345,17493,8448,9045,9995,4696,5299,2499,1219,1280,
37505,9999,4812,5187,17497,8438,9059,19996,9647,10349,17495,8448,9047,9997,4697,5300,2499,1219,1280,
37510,10000,4813,5187,17500,8439,9061,19999,9648,10351,17498,8449,9049,9997,4697,5300,2500,1219,1281,
37515,10002,4814,5188,17500,8439,9061,20000,9648,10352,17500,8450,9050,9999,4697,5302,2500,1219,1281,
37520,10003,4815,5188,17504,8440,9064,20004,9650,10354,17502,8450,9052,10001,4697,5304,2500,1219,1281,
37525,10004,4815,5189,17507,8442,9065,20007,9652,10355,17505,8451,9054,10001,4697,5304,2501,1219,1282,
37530,10006,4817,5189,17507,8442,9065,20008,9653,10355,17507,8452,9055,10003,4698,5305,2501,1219,1282,
37535,10007,4818,5189,17511,8445,9066,20012,9656,10356,17509,8454,9055,10005,4700,5305,2501,1219,1282,
37540,10008,4819,5189,17514,8448,9066,20015,9656,10359,17512,8455,9057,10005,4700,5305,2502,1219,1283,
37545,10010,4820,5190,17514,8448,9066,20016,9657,10359,17514,8456,9058,10007,4701,5306,2502,1219,1283,
37550,10011,4821,5190,17518,8449,9069,20020,9660,10360,17516,8457,9059,10009,4703,5306,2502,1219,1283,
37555,10012,4821,5191,17521,8451,9070,20023,9661,10362,17519,8458,9061,10009,4703,5306,2503,1219,1284,
37560,10014,4823,5191,17521,8451,9070,20024,9661,10363,17521,8458,9063,10011,4705,5306,2503,1219,1284,
37565,10015,4823,5192,17525,8454,9071,20028,9664,10364,17523,8458,9065,10013,4707,5306,2503,1219,1284,
37570,10016,4824,5192,17528,8457,9071,20031,9666,10365,17526,8460,9066,10013,4707,5306,2504,1220,1284,
37575,10018,4825,5193,17528,8457,9071,20032,9667,10365,17528,8461,9067,10015,4709,5306,2504,1220,1284,
37580,10019,4825,5194,17532,8461,9071,20036,9671,10365,17530,8462,9068,10017,4709,5308,2504,1220,1284,
37585,10020,4826,5194,17535,8463,9072,20039,9674,10365,17533,8463,9070,10017,4709,5308,2505,1221,1284,
37590,10022,4827,5195,17535,8463,9072,20040,9674,10366,17535,8465,9070,10019,4711,5308,2505,1221,1284,
37595,10023,4827,5196,17539,8465,9074,20044,9676,10368,17537,8466,9071,10021,4712,5309,2505,1221,1284,
37600,10024,4827,5197,17542,8465,9077,20047,9677,10370,17540,8466,9074,10021,4712,5309,2506,1222,1284,
37605,10026,4827,5199,17542,8465,9077,20048,9677,10371,17542,8468,9074,10023,4713,5310,2506,1222,1284,
37610,10027,4828,5199,17546,8466,9080,20052,9679,10373,17544,8470,9074,10025,4715,5310,2506,1222,1284,
37615,10028,4829,5199,17549,8468,9081,20055,9680,10375,17547,8470,9077,10025,4715,5310,2507,1222,1285,
37620,10030,4831,5199,17549,8468,9081,20056,9681,10375,17549,8472,9077,10027,4716,5311,2507,1222,1285,
37625,10031,4831,5200,17553,8472,9081,20060,9681,10379,17551,8472,9079,10029,4716,5313,2507,1222,1285,
37630,10032,4832,5200,17556,8475,9081,20063,9683,10380,17554,8472,9082,10029,4716,5313,2508,1222,1286,
37635,10034,4834,5200,17556,8475,9081,20064,9683,10381,17556,8474,9082,10031,4718,5313,2508,1222,1286,
37640,10035,4835,5200,17560,8477,9083,20068,9685,10383,17558,8476,9082,10033,4719,5314,2508,1222,1286,
37645,10036,4835,5201,17563,8480,9083,20071,9686,10385,17561,8477,9084,10033,4719,5314,2509,1223,1286,
37650,10038,4837,5201,17563,8480,9083,20072,9687,10385,17563,8478,9085,10035,4720,5315,2509,1223,1286,
37655,10039,4837,5202,17567,8483,9084,20076,9690,10386,17565,8480,9085,10037,4722,5315,2509,1223,1286,
37660,10040,4838,5202,17570,8485,9085,20079,9692,10387,17568,8481,9087,10037,4722,5315,2510,1223,1287,
37665,10042,4838,5204,17570,8485,9085,20080,9693,10387,17570,8483,9087,10039,4722,5317,2510,1223,1287,
37670,10043,4838,5205,17574,8487,9087,20084,9694,10390,17572,8484,9088,10041,4723,5318,2510,1223,1287,
37675,10044,4838,5206,17577,8488,9089,20087,9695,10392,17575,8486,9089,10041,4723,5318,2511,1224,1287,
37680,10046,4839,5207,17577,8488,9089,20088,9696,10392,17577,8487,9090,10043,4725,5318,2511,1224,1287,
37685,10047,4839,5208,17581,8490,9091,20092,9698,10394,17579,8487,9092,10045,4725,5320,2511,1224,1287,
37690,10048,4839,5209,17584,8490,9094,20095,9699,10396,17582,8489,9093,10045,4725,5320,2512,1225,1287,
37695,10050,4839,5211,17584,8490,9094,20096,9700,10396,17584,8490,9094,10047,4725,5322,2512,1225,1287,
37700,10051,4840,5211,17588,8490,9098,20100,9700,10400,17586,8492,9094,10049,4727,5322,2512,1225,1287,
37705,10052,4841,5211,17591,8491,9100,20103,9701,10402,17589,8492,9097,10049,4727,5322,2513,1225,1288,
37710,10054,4841,5213,17591,8491,9100,20104,9701,10403,17591,8493,9098,10051,4727,5324,2513,1225,1288,
37715,10055,4841,5214,17595,8493,9102,20108,9703,10405,17593,8493,9100,10053,4729,5324,2513,1225,1288,
37720,10056,4841,5215,17598,8494,9104,20111,9704,10407,17596,8494,9102,10053,4729,5324,2514,1225,1289,
37725,10058,4841,5217,17598,8494,9104,20112,9704,10408,17598,8495,9103,10055,4730,5325,2514,1225,1289,
37730,10059,4841,5218,17602,8494,9108,20116,9705,10411,17600,8496,9104,10057,4730,5327,2514,1225,1289,
37735,10060,4842,5218,17605,8496,9109,20119,9706,10413,17603,8498,9105,10057,4730,5327,2515,1225,1290,
37740,10062,4843,5219,17605,8496,9109,20120,9707,10413,17605,8498,9107,10059,4731,5328,2515,1225,1290,
37745,10063,4844,5219,17609,8497,9112,20124,9709,10415,17607,8499,9108,10061,4732,5329,2515,1225,1290,
37750,10064,4844,5220,17612,8498,9114,20127,9710,10417,17610,8501,9109,10061,4732,5329,2516,1225,1291,
37755,10066,4844,5222,17612,8498,9114,20128,9711,10417,17612,8501,9111,10063,4732,5331,2516,1225,1291,
37760,10067,4845,5222,17616,8500,9116,20132,9714,10418,17614,8502,9112,10065,4732,5333,2516,1225,1291,
37765,10068,4845,5223,17619,8503,9116,20135,9714,10421,17617,8504,9113,10065,4732,5333,2517,1225,1292,
37770,10070,4846,5224,17619,8503,9116,20136,9715,10421,17619,8504,9115,10067,4733,5334,2517,1225,1292,
37775,10071,4847,5224,17623,8504,9119,20140,9717,10423,17621,8506,9115,10069,4733,5336,2517,1225,1292,
37780,10072,4848,5224,17626,8505,9121,20143,9718,10425,17624,8507,9117,10069,4733,5336,2518,1225,1293,
37785,10074,4850,5224,17626,8505,9121,20144,9719,10425,17626,8507,9119,10071,4734,5337,2518,1225,1293,
37790,10075,4850,5225,17630,8507,9123,20148,9720,10428,17628,8508,9120,10073,4735,5338,2518,1225,1293,
37795,10076,4851,5225,17633,8507,9126,20151,9722,10429,17631,8509,9122,10073,4735,5338,2519,1225,1294,
37800,10078,4851,5227,17633,8507,9126,20152,9722,10430,17633,8510,9123,10075,4735,5340,2519,1225,1294,
37805,10079,4852,5227,17637,8511,9126,20156,9725,10431,17635,8511,9124,10077,4735,5342,2519,1225,1294,
37810,10080,4852,5228,17640,8512,9128,20159,9727,10432,17638,8511,9127,10077,4735,5342,2520,1226,1294,
37815,10082,4854,5228,17640,8512,9128,20160,9728,10432,17640,8512,9128,10079,4736,5343,2520,1226,1294,
37820,10083,4854,5229,17644,8513,9131,20164,9729,10435,17642,8512,9130,10081,4736,5345,2520,1226,1294,
37825,10084,4855,5229,17647,8516,9131,20167,9731,10436,17645,8512,9133,10081,4736,5345,2521,1226,1295,
37830,10086,4855,5231,17647,8516,9131,20168,9732,10436,17647,8514,9133,10083,4737,5346,2521,1226,1295,
37835,10087,4856,5231,17651,8517,9134,20172,9733,10439,17649,8515,9134,10085,4739,5346,2521,1226,1295,
37840,10088,4856,5232,17654,8518,9136,20175,9735,10440,17652,8518,9134,10085,4739,5346,2522,1226,1296,
37845,10090,4858,5232,17654,8518,9136,20176,9735,10441,17654,8520,9134,10087,4741,5346,2522,1226,1296,
37850,10091,4859,5232,17658,8520,9138,20180,9737,10443,17656,8521,9135,10089,4741,5348,2522,1226,1296,
37855,10092,4860,5232,17661,8520,9141,20183,9740,10443,17659,8522,9137,10089,4741,5348,2523,1226,1297,
37860,10094,4861,5233,17661,8520,9141,20184,9740,10444,17661,8523,9138,10091,4742,5349,2523,1226,1297,
37865,10095,4862,5233,17665,8521,9144,20188,9742,10446,17663,8525,9138,10093,4743,5350,2523,1226,1297,
37870,10096,4863,5233,17668,8524,9144,20191,9744,10447,17666,8527,9139,10093,4743,5350,2524,1226,1298,
37875,10098,4864,5234,17668,8524,9144,20192,9744,10448,17668,8529,9139,10095,4744,5351,2524,1226,1298,
37880,10099,4865,5234,17672,8526,9146,20196,9745,10451,17670,8531,9139,10097,4745,5352,2524,1226,1298,
37885,10100,4866,5234,17675,8527,9148,20199,9747,10452,17673,8532,9141,10097,4745,5352,2525,1227,1298,
37890,10102,4867,5235,17675,8527,9148,20200,9748,10452,17675,8532,9143,10099,4745,5354,2525,1227,1298,
37895,10103,4867,5236,17679,8527,9152,20204,9748,10456,17677,8533,9144,10101,4746,5355,2525,1227,1298,
37900,10104,4867,5237,17682,8528,9154,20207,9750,10457,17680,8536,9144,10101,4746,5355,2526,1228,1298,
37905,10106,4868,5238,17682,8528,9154,20208,9750,10458,17682,8537,9145,10103,4746,5357,2526,1228,1298,
37910,10107,4868,5239,17686,8530,9156,20212,9753,10459,17684,8539,9145,10105,4748,5357,2526,1228,1298,
37915,10108,4869,5239,17689,8533,9156,20215,9756,10459,17687,8542,9145,10105,4748,5357,2527,1228,1299,
37920,10110,4870,5240,17689,8533,9156,20216,9757,10459,17689,8544,9145,10107,4748,5359,2527,1228,1299,
37925,10111,4870,5241,17693,8536,9157,20220,9759,10461,17691,8545,9146,10109,4749,5360,2527,1228,1299,
37930,10112,4871,5241,17696,8539,9157,20223,9760,10463,17694,8548,9146,10109,4749,5360,2528,1228,1300,
37935,10114,4872,5242,17696,8539,9157,20224,9760,10464,17696,8550,9146,10111,4751,5360,2528,1228,1300,
37940,10115,4872,5243,17700,8541,9159,20228,9762,10466,17698,8552,9146,10113,4751,5362,2528,1228,1300,
37945,10116,4872,5244,17703,8543,9160,20231,9763,10468,17701,8554,9147,10113,4751,5362,2529,1229,1300,
37950,10118,4872,5246,17703,8543,9160,20232,9764,10468,17703,8555,9148,10115,4752,5363,2529,1229,1300,
37955,10119,4873,5246,17707,8543,9164,20236,9764,10472,17705,8556,9149,10117,4754,5363,2529,1229,1300,
37960,10120,4873,5247,17710,8543,9167,20239,9765,10474,17708,8557,9151,10117,4754,5363,2530,1229,1301,
37965,10122,4874,5248,17710,8543,9167,20240,9765,10475,17710,8559,9151,10119,4755,5364,2530,1229,1301,
37970,10123,4874,5249,17714,8544,9170,20244,9766,10478,17712,8561,9151,10121,4756,5365,2530,1229,1301,
37975,10124,4875,5249,17717,8545,9172,20247,9766,10481,17715,8563,9152,10121,4756,5365,2531,1229,1302,
37980,10126,4877,5249,17717,8545,9172,20248,9766,10482,17717,8564,9153,10123,4757,5366,2531,1229,1302,
37985,10127,4877,5250,17721,8547,9174,20252,9767,10485,17719,8565,9154,10125,4758,5367,2531,1229,1302,
37990,10128,4877,5251,17724,8550,9174,20255,9768,10487,17722,8565,9157,10125,4758,5367,2532,1230,1302,
37995,10130,4878,5252,17724,8550,9174,20256,9768,10488,17724,8565,9159,10127,4759,5368,2532,1230,1302,
38000,10131,4879,5252,17728,8553,9175,20260,9769,10491,17726,8567,9159,10129,4760,5369,2532,1230,1302,
38005,10132,4880,5252,17731,8553,9178,20263,9772,10491,17729,8569,9160,10129,4760,5369,2533,1230,1303,
38010,10134,4881,5253,17731,8553,9178,20264,9773,10491,17731,8569,9162,10131,4760,5371,2533,1230,1303,
38015,10135,4881,5254,17735,8555,9180,20268,9774,10494,17733,8570,9163,10133,4760,5373,2533,1230,1303,
38020,10136,4881,5255,17738,8556,9182,20271,9775,10496,17736,8571,9165,10133,4760,5373,2534,1231,1303,
38025,10138,4883,5255,17738,8556,9182,20272,9775,10497,17738,8572,9166,10135,4761,5374,2534,1231,1303,
38030,10139,4883,5256,17742,8558,9184,20276,9776,10500,17740,8572,9168,10137,4761,5376,2534,1231,1303,
38035,10140,4884,5256,17745,8558,9187,20279,9778,10501,17743,8574,9169,10137,4761,5376,2535,1231,1304,
38040,10142,4885,5257,17745,8558,9187,20280,9778,10502,17745,8575,9170,10139,4763,5376,2535,1231,1304,
38045,10143,4885,5258,17749,8559,9190,20284,9779,10505,17747,8576,9171,10141,4764,5377,2535,1231,1304,
38050,10144,4885,5259,17752,8560,9192,20287,9781,10506,17750,8579,9171,10141,4764,5377,2536,1232,1304,
38055,10146,4887,5259,17752,8560,9192,20288,9781,10507,17752,8581,9171,10143,4764,5379,2536,1232,1304,
38060,10147,4888,5259,17756,8561,9195,20292,9783,10509,17754,8582,9172,10145,4765,5380,2536,1232,1304,
38065,10148,4888,5260,17759,8563,9196,20295,9785,10510,17757,8583,9174,10145,4765,5380,2537,1232,1305,
38070,10150,4889,5261,17759,8563,9196,20296,9786,10510,17759,8584,9175,10147,4766,5381,2537,1232,1305,
38075,10151,4889,5262,17763,8563,9200,20300,9788,10512,17761,8586,9175,10149,4766,5383,2537,1232,1305,
38080,10152,4890,5262,17766,8564,9202,20303,9791,10512,17764,8588,9176,10149,4766,5383,2538,1232,1306,
38085,10154,4891,5263,17766,8564,9202,20304,9792,10512,17766,8589,9177,10151,4768,5383,2538,1232,1306,
38090,10155,4891,5264,17770,8565,9205,20308,9793,10515,17768,8590,9178,10153,4769,5384,2538,1232,1306,
38095,10156,4891,5265,17773,8567,9206,20311,9793,10518,17771,8591,9180,10153,4769,5384,2539,1232,1307,
38100,10158,4891,5267,17773,8567,9206,20312,9794,10518,17773,8592,9181,10155,4769,5386,2539,1232,1307,
38105,10159,4891,5268,17777,8570,9207,20316,9795,10521,17775,8593,9182,10157,4770,5387,2539,1232,1307,
38110,10160,4891,5269,17780,8570,9210,20319,9798,10521,17778,8594,9184,10157,4770,5387,2540,1233,1307,
38115,10162,4893,5269,17780,8570,9210,20320,9798,10522,17780,8595,9185,10159,4770,5389,2540,1233,1307,
38120,10163,4893,5270,17784,8572,9212,20324,9801,10523,17782,8596,9186,10161,4770,5391,2540,1233,1307,
38125,10164,4894,5270,17787,8574,9213,20327,9804,10523,17785,8598,9187,10161,4770,5391,2541,1234,1307,
38130,10166,4894,5272,17787,8574,9213,20328,9805,10523,17787,8599,9188,10163,4770,5393,2541,1234,1307,
38135,10167,4894,5273,17791,8576,9215,20332,9809,10523,17789,8600,9189,10165,4771,5394,2541,1234,1307,
38140,10168,4895,5273,17794,8579,9215,20335,9810,10525,17792,8601,9191,10165,4771,5394,2542,1235,1307,
38145,10170,4896,5274,17794,8579,9215,20336,9810,10526,17794,8603,9191,10167,4772,5395,2542,1235,1307,
38150,10171,4896,5275,17798,8580,9218,20340,9812,10528,17796,8604,9192,10169,4773,5396,2542,1235,1307,
38155,10172,4897,5275,17801,8582,9219,20343,9813,10530,17799,8606,9193,10169,4773,5396,2543,1235,1308,
38160,10174,4897,5277,17801,8582,9219,20344,9814,10530,17801,8608,9193,10171,4773,5398,2543,1235,1308,
38165,10175,4897,5278,17805,8584,9221,20348,9816,10532,17803,8608,9195,10173,4774,5399,2543,1235,1308,
38170,10176,4898,5278,17808,8585,9223,20351,9818,10533,17806,8609,9197,10173,4774,5399,2544,1235,1309,
38175,10178,4898,5280,17808,8585,9223,20352,9818,10534,17808,8609,9199,10175,4775,5400,2544,1235,1309,
38180,10179,4899,5280,17812,8586,9226,20356,9820,10536,17810,8610,9200,10177,4776,5401,2544,1235,1309,
38185,10180,4899,5281,17815,8588,9227,20359,9821,10538,17813,8611,9202,10177,4776,5401,2545,1236,1309,
38190,10182,4900,5282,17815,8588,9227,20360,9821,10539,17815,8612,9203,10179,4778,5401,2545,1236,1309,
38195,10183,4901,5282,17819,8590,9229,20364,9824,10540,17817,8613,9204,10181,4778,5403,2545,1236,1309,
38200,10184,4901,5283,17822,8591,9231,20367,9825,10542,17820,8614,9206,10181,4778,5403,2546,1237,1309,
38205,10186,4902,5284,17822,8591,9231,20368,9826,10542,17822,8614,9208,10183,4778,5405,2546,1237,1309,
38210,10187,4902,5285,17826,8592,9234,20372,9827,10545,17824,8615,9209,10185,4779,5406,2546,1237,1309,
38215,10188,4903,5285,17829,8593,9236,20375,9830,10545,17827,8616,9211,10185,4779,5406,2547,1237,1310,
38220,10190,4905,5285,17829,8593,9236,20376,9830,10546,17829,8618,9211,10187,4779,5408,2547,1237,1310,
38225,10191,4906,5285,17833,8596,9237,20380,9833,10547,17831,8618,9213,10189,4780,5409,2547,1237,1310,
38230,10192,4907,5285,17836,8598,9238,20383,9835,10548,17834,8619,9215,10189,4780,5409,2548,1238,1310,
38235,10194,4908,5286,17836,8598,9238,20384,9835,10549,17836,8620,9216,10191,4781,5410,2548,1238,1310,
38240,10195,4909,5286,17840,8602,9238,20388,9837,10551,17838,8620,9218,10193,4783,5410,2548,1238,1310,
38245,10196,4909,5287,17843,8604,9239,20391,9838,10553,17841,8622,9219,10193,4783,5410,2549,1239,1310,
38250,10198,4911,5287,17843,8604,9239,20392,9839,10553,17843,8623,9220,10195,4784,5411,2549,1239,1310,
38255,10199,4911,5288,17847,8606,9241,20396,9840,10556,17845,8623,9222,10197,4785,5412,2549,1239,1310,
38260,10200,4912,5288,17850,8606,9244,20399,9842,10557,17848,8625,9223,10197,4785,5412,2550,1240,1310,
38265,10202,4913,5289,17850,8606,9244,20400,9842,10558,17850,8626,9224,10199,4786,5413,2550,1240,1310,
38270,10203,4914,5289,17854,8608,9246,20404,9844,10560,17852,8628,9224,10201,4786,5415,2550,1240,1310,
38275,10204,4914,5290,17857,8611,9246,20407,9844,10563,17855,8629,9226,10201,4786,5415,2551,1240,1311,
38280,10206,4916,5290,17857,8611,9246,20408,9844,10564,17857,8631,9226,10203,4787,5416,2551,1240,1311,
38285,10207,4916,5291,17861,8614,9247,20412,9845,10567,17859,8633,9226,10205,4787,5418,2551,1240,1311,
38290,10208,4916,5292,17864,8615,9249,20415,9846,10569,17862,8635,9227,10205,4787,5418,2552,1241,1311,
38295,10210,4918,5292,17864,8615,9249,20416,9847,10569,17864,8635,9229,10207,4789,5418,2552,1241,1311,
38300,10211,4918,5293,17868,8616,9252,20420,9850,10570,17866,8637,9229,10209,4789,5420,2552,1241,1311,
38305,10212,4918,5294,17871,8619,9252,20423,9852,10571,17869,8638,9231,10209,4789,5420,2553,1241,1312,
38310,10214,4919,5295,17871,8619,9252,20424,9852,10572,17871,8640,9231,10211,4789,5422,2553,1241,1312,
38315,10215,4920,5295,17875,8619,9256,20428,9853,10575,17873,8642,9231,10213,4790,5423,2553,1241,1312,
38320,10216,4920,5296,17878,8621,9257,20431,9855,10576,17876,8644,9232,10213,4790,5423,2554,1241,1313,
38325,10218,4920,5298,17878,8621,9257,20432,9855,10577,17878,8645,9233,10215,4791,5424,2554,1241,1313,
38330,10219,4921,5298,17882,8624,9258,20436,9857,10579,17880,8647,9233,10217,4792,5425,2554,1241,1313,
38335,10220,4921,5299,17885,8627,9258,20439,9860,10579,17883,8648,9235,10217,4792,5425,2555,1242,1313,
38340,10222,4921,5301,17885,8627,9258,20440,9861,10579,17885,8648,9237,10219,4792,5427,2555,1242,1313,
38345,10223,4921,5302,17889,8629,9260,20444,9861,10583,17887,8650,9237,10221,4792,5429,2555,1242,1313,
38350,10224,4922,5302,17892,8631,9261,20447,9862,10585,17890,8652,9238,10221,4792,5429,2556,1243,1313,
38355,10226,4922,5304,17892,8631,9261,20448,9863,10585,17892,8654,9238,10223,4793,5430,2556,1243,1313,
38360,10227,4923,5304,17896,8632,9264,20452,9864,10588,17894,8654,9240,10225,4793,5432,2556,1243,1313,
38365,10228,4923,5305,17899,8633,9266,20455,9867,10588,17897,8656,9241,10225,4793,5432,2557,1244,1313,
38370,10230,4924,5306,17899,8633,9266,20456,9868,10588,17899,8656,9243,10227,4794,5433,2557,1244,1313,
38375,10231,4925,5306,17903,8636,9267,20460,9870,10590,17901,8656,9245,10229,4795,5434,2557,1244,1313,
38380,10232,4925,5307,17906,8638,9268,20463,9872,10591,17904,8657,9247,10229,4795,5434,2558,1245,1313,
38385,10234,4925,5309,17906,8638,9268,20464,9873,10591,17906,8657,9249,10231,4796,5435,2558,1245,1313,
38390,10235,4925,5310,17910,8639,9271,20468,9875,10593,17908,8657,9251,10233,4798,5435,2558,1245,1313,
38395,10236,4926,5310,17913,8639,9274,20471,9876,10595,17911,8660,9251,10233,4798,5435,2559,1245,1314,
38400,10238,4927,5311,17913,8639,9274,20472,9876,10596,17913,8661,9252,10235,4798,5437,2559,1245,1314,
38405,10239,4927,5312,17917,8642,9275,20476,9877,10599,17915,8661,9254,10237,4800,5437,2559,1245,1314,
38410,10240,4927,5313,17920,8644,9276,20479,9878,10601,17918,8663,9255,10237,4800,5437,2560,1246,1314,
38415,10242,4928,5314,17920,8644,9276,20480,9878,10602,17920,8664,9256,10239,4801,5438,2560,1246,1314,
38420,10243,4929,5314,17924,8646,9278,20484,9880,10604,17922,8665,9257,10241,4802,5439,2560,1246,1314,
38425,10244,4930,5314,17927,8649,9278,20487,9883,10604,17925,8666,9259,10241,4802,5439,2561,1247,1314,
38430,10246,4931,5315,17927,8649,9278,20488,9883,10605,17927,8668,9259,10243,4803,5440,2561,1247,1314,
38435,10247,4932,5315,17931,8651,9280,20492,9885,10607,17929,8668,9261,10245,4803,5442,2561,1247,1314,
38440,10248,4932,5316,17934,8652,9282,20495,9886,10609,17932,8669,9263,10245,4803,5442,2562,1248,1314,
38445,10250,4933,5317,17934,8652,9282,20496,9887,10609,17934,8670,9264,10247,4804,5443,2562,1248,1314,
38450,10251,4934,5317,17938,8654,9284,20500,9889,10611,17936,8671,9265,10249,4806,5443,2562,1248,1314,
38455,10252,4934,5318,17941,8656,9285,20503,9891,10612,17939,8672,9267,10249,4806,5443,2563,1248,1315,
38460,10254,4936,5318,17941,8656,9285,20504,9891,10613,17941,8674,9267,10251,4807,5444,2563,1248,1315,
38465,10255,4936,5319,17945,8656,9289,20508,9892,10616,17943,8675,9268,10253,4808,5445,2563,1248,1315,
38470,10256,4937,5319,17948,8657,9291,20511,9894,10617,17946,8676,9270,10253,4808,5445,2564,1249,1315,
38475,10258,4938,5320,17948,8657,9291,20512,9894,10618,17948,8676,9272,10255,4810,5445,2564,1249,1315,
38480,10259,4939,5320,17952,8659,9293,20516,9896,10620,17950,8676,9274,10257,4811,5446,2564,1249,1315,
38485,10260,4939,5321,17955,8660,9295,20519,9897,10622,17953,8679,9274,10257,4811,5446,2565,1249,1316,
38490,10262,4939,5323,17955,8660,9295,20520,9898,10622,17955,8679,9276,10259,4812,5447,2565,1249,1316,
38495,10263,4940,5323,17959,8661,9298,20524,9901,10623,17957,8679,9278,10261,4812,5449,2565,1249,1316,
38500,10264,4940,5324,17962,8662,9300,20527,9902,10625,17960,8681,9279,10261,4812,5449,2566,1250,1316,
38505,10266,4941,5325,17962,8662,9300,20528,9902,10626,17962,8681,9281,10263,4813,5450,2566,1250,1316,
38510,10267,4942,5325,17966,8665,9301,20532,9905,10627,17964,8682,9282,10265,4814,5451,2566,1250,1316,
38515,10268,4943,5325,17969,8665,9304,20535,9905,10630,17967,8682,9285,10265,4814,5451,2567,1250,1317,
38520,10270,4945,5325,17969,8665,9304,20536,9906,10630,17969,8683,9286,10267,4815,5452,2567,1250,1317,
38525,10271,4945,5326,17973,8668,9305,20540,9908,10632,17971,8683,9288,10269,4815,5454,2567,1250,1317,
38530,10272,4945,5327,17976,8669,9307,20543,9908,10635,17974,8685,9289,10269,4815,5454,2568,1251,1317,
38535,10274,4945,5329,17976,8669,9307,20544,9909,10635,17976,8686,9290,10271,4816,5455,2568,1251,1317,
38540,10275,4945,5330,17980,8670,9310,20548,9911,10637,17978,8686,9292,10273,4818,5455,2568,1251,1317,
38545,10276,4946,5330,17983,8670,9313,20551,9912,10639,17981,8688,9293,10273,4818,5455,2569,1251,1318,
38550,10278,4947,5331,17983,8670,9313,20552,9913,10639,17983,8689,9294,10275,4819,5456,2569,1251,1318,
38555,10279,4948,5331,17987,8672,9315,20556,9915,10641,17985,8690,9295,10277,4820,5457,2569,1251,1318,
38560,10280,4949,5331,17990,8673,9317,20559,9916,10643,17988,8691,9297,10277,4820,5457,2570,1252,1318,
38565,10282,4951,5331,17990,8673,9317,20560,9917,10643,17990,8692,9298,10279,4822,5457,2570,1252,1318,
38570,10283,4951,5332,17994,8674,9320,20564,9920,10644,17992,8693,9299,10281,4822,5459,2570,1252,1318,
38575,10284,4951,5333,17997,8676,9321,20567,9921,10646,17995,8695,9300,10281,4822,5459,2571,1252,1319,
38580,10286,4952,5334,17997,8676,9321,20568,9921,10647,17997,8695,9302,10283,4822,5461,2571,1252,1319,
38585,10287,4952,5335,18001,8679,9322,20572,9924,10648,17999,8696,9303,10285,4823,5462,2571,1252,1319,
38590,10288,4952,5336,18004,8681,9323,20575,9925,10650,18002,8697,9305,10285,4823,5462,2572,1253,1319,
38595,10290,4953,5337,18004,8681,9323,20576,9925,10651,18004,8699,9305,10287,4823,5464,2572,1253,1319,
38600,10291,4954,5337,18008,8682,9326,20580,9927,10653,18006,8701,9305,10289,4824,5465,2572,1253,1319,
38605,10292,4954,5338,18011,8685,9326,20583,9929,10654,18009,8703,9306,10289,4824,5465,2573,1254,1319,
38610,10294,4955,5339,18011,8685,9326,20584,9930,10654,18011,8705,9306,10291,4825,5466,2573,1254,1319,
38615,10295,4955,5340,18015,8687,9328,20588,9931,10657,18013,8707,9306,10293,4827,5466,2573,1254,1319,
38620,10296,4955,5341,18018,8690,9328,20591,9933,10658,18016,8710,9306,10293,4827,5466,2574,1255,1319,
38625,10298,4955,5343,18018,8690,9328,20592,9934,10658,18018,8711,9307,10295,4828,5467,2574,1255,1319,
38630,10299,4955,5344,18022,8693,9329,20596,9937,10659,18020,8711,9309,10297,4829,5468,2574,1255,1319,
38635,10300,4956,5344,18025,8694,9331,20599,9938,10661,18023,8714,9309,10297,4829,5468,2575,1255,1320,
38640,10302,4957,5345,18025,8694,9331,20600,9938,10662,18025,8715,9310,10299,4829,5470,2575,1255,1320,
38645,10303,4958,5345,18029,8694,9335,20604,9941,10663,18027,8715,9312,10301,4829,5472,2575,1255,1320,
38650,10304,4958,5346,18032,8694,9338,20607,9944,10663,18030,8716,9314,10301,4829,5472,2576,1255,1321,
38655,10306,4958,5348,18032,8694,9338,20608,9944,10664,18032,8716,9316,10303,4831,5472,2576,1255,1321,
38660,10307,4959,5348,18036,8696,9340,20612,9946,10666,18034,8717,9317,10305,4831,5474,2576,1255,1321,
38665,10308,4960,5348,18039,8698,9341,20615,9947,10668,18037,8717,9320,10305,4831,5474,2577,1256,1321,
38670,10310,4961,5349,18039,8698,9341,20616,9947,10669,18039,8719,9320,10307,4832,5475,2577,1256,1321,
38675,10311,4962,5349,18043,8700,9343,20620,9947,10673,18041,8720,9321,10309,4833,5476,2577,1256,1321,
38680,10312,4962,5350,18046,8701,9345,20623,9948,10675,18044,8722,9322,10309,4833,5476,2578,1257,1321,
38685,10314,4964,5350,18046,8701,9345,20624,9949,10675,18046,8722,9324,10311,4833,5478,2578,1257,1321,
38690,10315,4965,5350,18050,8704,9346,20628,9951,10677,18048,8723,9325,10313,4833,5480,2578,1257,1321,
38695,10316,4965,5351,18053,8705,9348,20631,9953,10678,18051,8725,9326,10313,4833,5480,2579,1257,1322,
38700,10318,4966,5352,18053,8705,9348,20632,9953,10679,18053,8727,9326,10315,4835,5480,2579,1257,1322,
38705,10319,4966,5353,18057,8705,9352,20636,9954,10682,18055,8728,9327,10317,4836,5481,2579,1257,1322,
38710,10320,4966,5354,18060,8706,9354,20639,9956,10683,18058,8730,9328,10317,4836,5481,2580,1257,1323,
38715,10322,4967,5355,18060,8706,9354,20640,9957,10683,18060,8730,9330,10319,4836,5483,2580,1257,1323,
38720,10323,4968,5355,18064,8707,9357,20644,9961,10683,18062,8731,9331,10321,4836,5485,2580,1257,1323,
38725,10324,4968,5356,18067,8709,9358,20647,9962,10685,18065,8732,9333,10321,4836,5485,2581,1257,1324,
38730,10326,4968,5358,18067,8709,9358,20648,9963,10685,18067,8734,9333,10323,4837,5486,2581,1257,1324,
38735,10327,4969,5358,18071,8711,9360,20652,9965,10687,18069,8734,9335,10325,4838,5487,2581,1257,1324,
38740,10328,4970,5358,18074,8711,9363,20655,9967,10688,18072,8735,9337,10325,4838,5487,2582,1257,1325,
38745,10330,4971,5359,18074,8711,9363,20656,9968,10688,18074,8736,9338,10327,4839,5488,2582,1257,1325,
38750,10331,4971,5360,18078,8713,9365,20660,9970,10690,18076,8736,9340,10329,4840,5489,2582,1257,1325,
38755,10332,4971,5361,18081,8715,9366,20663,9970,10693,18079,8738,9341,10329,4840,5489,2583,1257,1326,
38760,10334,4973,5361,18081,8715,9366,20664,9970,10694,18081,8738,9343,10331,4840,5491,2583,1257,1326,
38765,10335,4974,5361,18085,8717,9368,20668,9973,10695,18083,8740,9343,10333,4840,5493,2583,1257,1326,
38770,10336,4975,5361,18088,8718,9370,20671,9974,10697,18086,8742,9344,10333,4840,5493,2584,1258,1326,
38775,10338,4976,5362,18088,8718,9370,20672,9975,10697,18088,8744,9344,10335,4840,5495,2584,1258,1326,
38780,10339,4976,5363,18092,8720,9372,20676,9975,10701,18090,8744,9346,10337,4841,5496,2584,1258,1326,
38785,10340,4977,5363,18095,8721,9374,20679,9975,10704,18093,8746,9347,10337,4841,5496,2585,1259,1326,
38790,10342,4978,5364,18095,8721,9374,20680,9975,10705,18095,8748,9347,10339,4842,5497,2585,1259,1326,
38795,10343,4978,5365,18099,8722,9377,20684,9976,10708,18097,8750,9347,10341,4843,5498,2585,1259,1326,
38800,10344,4978,5366,18102,8724,9378,20687,9978,10709,18100,8752,9348,10341,4843,5498,2586,1259,1327,
38805,10346,4979,5367,18102,8724,9378,20688,9978,10710,18102,8753,9349,10343,4844,5499,2586,1259,1327,
38810,10347,4980,5367,18106,8727,9379,20692,9978,10714,18104,8753,9351,10345,4846,5499,2586,1259,1327,
38815,10348,4981,5367,18109,8729,9380,20695,9981,10714,18107,8754,9353,10345,4846,5499,2587,1260,1327,
38820,10350,4981,5369,18109,8729,9380,20696,9982,10714,18109,8755,9354,10347,4846,5501,2587,1260,1327,
38825,10351,4982,5369,18113,8729,9384,20700,9985,10715,18111,8757,9354,10349,4847,5502,2587,1260,1327,
38830,10352,4982,5370,18116,8731,9385,20703,9987,10716,18114,8758,9356,10349,4847,5502,2588,1260,1328,
38835,10354,4983,5371,18116,8731,9385,20704,9988,10716,18116,8760,9356,10351,4848,5503,2588,1260,1328,
38840,10355,4983,5372,18120,8734,9386,20708,9991,10717,18118,8762,9356,10353,4849,5504,2588,1260,1328,
38845,10356,4983,5373,18123,8735,9388,20711,9992,10719,18121,8762,9359,10353,4849,5504,2589,1261,1328,
38850,10358,4984,5374,18123,8735,9388,20712,9992,10720,18123,8764,9359,10355,4850,5505,2589,1261,1328,
38855,10359,4984,5375,18127,8738,9389,20716,9995,10721,18125,8766,9359,10357,4852,5505,2589,1261,1328,
38860,10360,4984,5376,18130,8739,9391,20719,9996,10723,18128,8766,9362,10357,4852,5505,2590,1262,1328,
38865,10362,4985,5377,18130,8739,9391,20720,9997,10723,18130,8766,9364,10359,4853,5506,2590,1262,1328,
38870,10363,4985,5378,18134,8741,9393,20724,9999,10725,18132,8767,9365,10361,4854,5507,2590,1262,1328,
38875,10364,4986,5378,18137,8743,9394,20727,10001,10726,18135,8769,9366,10361,4854,5507,2591,1263,1328,
38880,10366,4987,5379,18137,8743,9394,20728,10001,10727,18137,8770,9367,10363,4856,5507,2591,1263,1328,
38885,10367,4988,5379,18141,8744,9397,20732,10004,10728,18139,8770,9369,10365,4858,5507,2591,1263,1328,
38890,10368,4988,5380,18144,8745,9399,20735,10004,10731,18142,8770,9372,10365,4858,5507,2592,1264,1328,
38895,10370,4989,5381,18144,8745,9399,20736,10005,10731,18144,8772,9372,10367,4858,5509,2592,1264,1328,
38900,10371,4990,5381,18148,8747,9401,20740,10008,10732,18146,8773,9373,10369,4859,5510,2592,1264,1328,
38905,10372,4990,5382,18151,8749,9402,20743,10009,10734,18149,8773,9376,10369,4859,5510,2593,1265,1328,
38910,10374,4991,5383,18151,8749,9402,20744,10010,10734,18151,8774,9377,10371,4861,5510,2593,1265,1328,
38915,10375,4992,5383,18155,8750,9405,20748,10012,10736,18153,8775,9378,10373,4862,5511,2593,1265,1328,
38920,10376,4993,5383,18158,8751,9407,20751,10014,10737,18156,8777,9379,10373,4862,5511,2594,1266,1328,
38925,10378,4994,5384,18158,8751,9407,20752,10015,10737,18158,8777,9381,10375,4864,5511,2594,1266,1328,
38930,10379,4995,5384,18162,8753,9409,20756,10016,10740,18160,8777,9383,10377,4864,5513,2594,1266,1328,
38935,10380,4995,5385,18165,8755,9410,20759,10018,10741,18163,8777,9386,10377,4864,5513,2595,1266,1329,
38940,10382,4997,5385,18165,8755,9410,20760,10019,10741,18165,8778,9387,10379,4865,5514,2595,1266,1329,
38945,10383,4998,5385,18169,8758,9411,20764,10020,10744,18167,8779,9388,10381,4866,5515,2595,1266,1329,
38950,10384,4999,5385,18172,8760,9412,20767,10022,10745,18170,8779,9391,10381,4866,5515,2596,1267,1329,
38955,10386,5001,5385,18172,8760,9412,20768,10022,10746,18172,8780,9392,10383,4867,5516,2596,1267,1329,
38960,10387,5001,5386,18176,8761,9415,20772,10023,10749,18174,8780,9394,10385,4868,5517,2596,1267,1329,
38965,10388,5002,5386,18179,8763,9416,20775,10025,10750,18177,8782,9395,10385,4868,5517,2597,1268,1329,
38970,10390,5003,5387,18179,8763,9416,20776,10026,10750,18179,8783,9396,10387,4870,5517,2597,1268,1329,
38975,10391,5003,5388,18183,8763,9420,20780,10027,10753,18181,8784,9397,10389,4871,5518,2597,1268,1329,
38980,10392,5004,5388,18186,8763,9423,20783,10029,10754,18184,8785,9399,10389,4871,5518,2598,1268,1330,
38985,10394,5004,5390,18186,8763,9423,20784,10030,10754,18186,8786,9400,10391,4873,5518,2598,1268,1330,
38990,10395,5004,5391,18190,8765,9425,20788,10031,10757,18188,8787,9401,10393,4875,5518,2598,1268,1330,
38995,10396,5004,5392,18193,8767,9426,20791,10032,10759,18191,8789,9402,10393,4875,5518,2599,1269,1330,
39000,10398,5005,5393,18193,8767,9426,20792,10032,10760,18193,8791,9402,10395,4875,5520,2599,1269,1330,
39005,10399,5005,5394,18197,8769,9428,20796,10033,10763,18195,8792,9403,10397,4875,5522,2599,1269,1330,
39010,10400,5005,5395,18200,8772,9428,20799,10033,10766,18198,8793,9405,10397,4875,5522,2600,1269,1331,
39015,10402,5006,5396,18200,8772,9428,20800,10033,10767,18200,8795,9405,10399,4876,5523,2600,1269,1331,
39020,10403,5006,5397,18204,8774,9430,20804,10035,10769,18202,8797,9405,10401,4877,5524,2600,1269,1331,
39025,10404,5006,5398,18207,8775,9432,20807,10035,10772,18205,8797,9408,10401,4877,5524,2601,1269,1332,
39030,10406,5008,5398,18207,8775,9432,20808,10035,10773,18207,8799,9408,10403,4877,5526,2601,1269,1332,
39035,10407,5009,5398,18211,8777,9434,20812,10037,10775,18209,8800,9409,10405,4877,5528,2601,1269,1332,
39040,10408,5010,5398,18214,8779,9435,20815,10039,10776,18212,8801,9411,10405,4877,5528,2602,1270,1332,
39045,10410,5011,5399,18214,8779,9435,20816,10039,10777,18214,8802,9412,10407,4879,5528,2602,1270,1332,
39050,10411,5012,5399,18218,8781,9437,20820,10041,10779,18216,8803,9413,10409,4880,5529,2602,1270,1332,
39055,10412,5012,5400,18221,8783,9438,20823,10043,10780,18219,8805,9414,10409,4880,5529,2603,1270,1333,
39060,10414,5013,5401,18221,8783,9438,20824,10043,10781,18221,8805,9416,10411,4882,5529,2603,1270,1333,
39065,10415,5014,5401,18225,8785,9440,20828,10045,10783,18223,8806,9417,10413,4884,5529,2603,1270,1333,
39070,10416,5015,5401,18228,8786,9442,20831,10045,10786,18226,8807,9419,10413,4884,5529,2604,1270,1334,
39075,10418,5015,5403,18228,8786,9442,20832,10046,10786,18228,8808,9420,10415,4885,5530,2604,1270,1334,
39080,10419,5016,5403,18232,8789,9443,20836,10048,10788,18230,8810,9420,10417,4886,5531,2604,1270,1334,
39085,10420,5016,5404,18235,8790,9445,20839,10051,10788,18233,8812,9421,10417,4886,5531,2605,1270,1335,
39090,10422,5017,5405,18235,8790,9445,20840,10052,10788,18235,8813,9422,10419,4888,5531,2605,1270,1335,
39095,10423,5017,5406,18239,8792,9447,20844,10053,10791,18237,8813,9424,10421,4889,5532,2605,1270,1335,
39100,10424,5018,5406,18242,8795,9447,20847,10053,10794,18240,8814,9426,10421,4889,5532,2606,1270,1336,
39105,10426,5019,5407,18242,8795,9447,20848,10054,10794,18242,8816,9426,10423,4890,5533,2606,1270,1336,
39110,10427,5020,5407,18246,8798,9448,20852,10057,10795,18244,8817,9427,10425,4890,5535,2606,1270,1336,
39115,10428,5021,5407,18249,8800,9449,20855,10057,10798,18247,8818,9429,10425,4890,5535,2607,1271,1336,
39120,10430,5021,5409,18249,8800,9449,20856,10057,10799,18249,8819,9430,10427,4891,5536,2607,1271,1336,
39125,10431,5021,5410,18253,8803,9450,20860,10060,10800,18251,8820,9431,10429,4891,5538,2607,1271,1336,
39130,10432,5022,5410,18256,8804,9452,20863,10063,10800,18254,8821,9433,10429,4891,5538,2608,1271,1337,
39135,10434,5023,5411,18256,8804,9452,20864,10064,10800,18256,8823,9433,10431,4893,5538,2608,1271,1337,
39140,10435,5024,5411,18260,8806,9454,20868,10066,10802,18258,8824,9434,10433,4893,5540,2608,1271,1337,
39145,10436,5025,5411,18263,8808,9455,20871,10067,10804,18261,8824,9437,10433,4893,5540,2609,1272,1337,
39150,10438,5025,5413,18263,8808,9455,20872,10068,10804,18263,8824,9439,10435,4893,5542,2609,1272,1337,
39155,10439,5026,5413,18267,8811,9456,20876,10070,10806,18265,8825,9440,10437,4895,5542,2609,1272,1337,
39160,10440,5026,5414,18270,8813,9457,20879,10071,10808,18268,8826,9442,10437,4895,5542,2610,1272,1338,
39165,10442,5027,5415,18270,8813,9457,20880,10072,10808,18270,8828,9442,10439,4896,5543,2610,1272,1338,
39170,10443,5028,5415,18274,8816,9458,20884,10073,10811,18272,8830,9442,10441,4896,5545,2610,1272,1338,
39175,10444,5029,5415,18277,8818,9459,20887,10074,10813,18275,8833,9442,10441,4896,5545,2611,1272,1339,
39180,10446,5030,5416,18277,8818,9459,20888,10075,10813,18277,8833,9444,10443,4897,5546,2611,1272,1339,
39185,10447,5030,5417,18281,8820,9461,20892,10079,10813,18279,8834,9445,10445,4898,5547,2611,1272,1339,
39190,10448,5030,5418,18284,8822,9462,20895,10080,10815,18282,8837,9445,10445,4898,5547,2612,1273,1339,
39195,10450,5031,5419,18284,8822,9462,20896,10080,10816,18284,8838,9446,10447,4900,5547,2612,1273,1339,
39200,10451,5032,5419,18288,8822,9466,20900,10082,10818,18286,8838,9448,10449,4901,5548,2612,1273,1339,
39205,10452,5032,5420,18291,8822,9469,20903,10084,10819,18289,8839,9450,10449,4901,5548,2613,1273,1340,
39210,10454,5033,5421,18291,8822,9469,20904,10085,10819,18291,8841,9450,10451,4902,5549,2613,1273,1340,
39215,10455,5033,5422,18295,8825,9470,20908,10086,10822,18293,8842,9451,10453,4902,5551,2613,1273,1340,
39220,10456,5034,5422,18298,8827,9471,20911,10087,10824,18296,8845,9451,10453,4902,5551,2614,1274,1340,
39225,10458,5036,5422,18298,8827,9471,20912,10087,10825,18298,8845,9453,10455,4902,5553,2614,1274,1340,
39230,10459,5037,5422,18302,8829,9473,20916,10089,10827,18300,8845,9455,10457,4903,5554,2614,1274,1340,
39235,10460,5037,5423,18305,8832,9473,20919,10090,10829,18303,8847,9456,10457,4903,5554,2615,1275,1340,
39240,10462,5039,5423,18305,8832,9473,20920,10090,10830,18305,8848,9457,10459,4904,5555,2615,1275,1340,
39245,10463,5039,5424,18309,8835,9474,20924,10091,10833,18307,8849,9458,10461,4904,5557,2615,1275,1340,
39250,10464,5039,5425,18312,8836,9476,20927,10091,10836,18310,8851,9459,10461,4904,5557,2616,1275,1341,
39255,10466,5040,5426,18312,8836,9476,20928,10092,10836,18312,8852,9460,10463,4904,5559,2616,1275,1341,
39260,10467,5041,5426,18316,8837,9479,20932,10092,10840,18314,8852,9462,10465,4904,5561,2616,1275,1341,
39265,10468,5041,5427,18319,8840,9479,20935,10094,10841,18317,8854,9463,10465,4904,5561,2617,1276,1341,
39270,10470,5041,5429,18319,8840,9479,20936,10095,10841,18319,8855,9464,10467,4905,5562,2617,1276,1341,
39275,10471,5041,5430,18323,8843,9480,20940,10098,10842,18321,8856,9465,10469,4906,5563,2617,1276,1341,
39280,10472,5041,5431,18326,8845,9481,20943,10098,10845,18324,8857,9467,10469,4906,5563,2618,1277,1341,
39285,10474,5042,5432,18326,8845,9481,20944,10098,10846,18326,8858,9468,10471,4907,5564,2618,1277,1341,
39290,10475,5042,5433,18330,8846,9484,20948,10099,10849,18328,8860,9468,10473,4909,5564,2618,1277,1341,
39295,10476,5042,5434,18333,8848,9485,20951,10099,10852,18331,8861,9470,10473,4909,5564,2619,1277,1342,
39300,10478,5044,5434,18333,8848,9485,20952,10099,10853,18333,8863,9470,10475,4910,5565,2619,1277,1342,
39305,10479,5045,5434,18337,8851,9486,20956,10100,10856,18335,8865,9470,10477,4911,5566,2619,1277,1342,
39310,10480,5045,5435,18340,8852,9488,20959,10102,10857,18338,8867,9471,10477,4911,5566,2620,1277,1343,
39315,10482,5046,5436,18340,8852,9488,20960,10103,10857,18340,8869,9471,10479,4911,5568,2620,1277,1343,
39320,10483,5047,5436,18344,8855,9489,20964,10104,10860,18342,8871,9471,10481,4912,5569,2620,1277,1343,
39325,10484,5047,5437,18347,8856,9491,20967,10106,10861,18345,8873,9472,10481,4912,5569,2621,1278,1343,
39330,10486,5048,5438,18347,8856,9491,20968,10106,10862,18347,8874,9473,10483,4912,5571,2621,1278,1343,
39335,10487,5049,5438,18351,8857,9494,20972,10106,10866,18349,8875,9474,10485,4914,5571,2621,1278,1343,
39340,10488,5050,5438,18354,8857,9497,20975,10109,10866,18352,8877,9475,10485,4914,5571,2622,1279,1343,
39345,10490,5050,5440,18354,8857,9497,20976,10109,10867,18354,8879,9475,10487,4915,5572,2622,1279,1343,
39350,10491,5051,5440,18358,8858,9500,20980,10109,10871,18356,8880,9476,10489,4916,5573,2622,1279,1343,
39355,10492,5052,5440,18361,8858,9503,20983,10109,10874,18359,8881,9478,10489,4916,5573,2623,1279,1344,
39360,10494,5052,5442,18361,8858,9503,20984,10110,10874,18361,8881,9480,10491,4917,5574,2623,1279,1344,
39365,10495,5052,5443,18365,8861,9504,20988,10113,10875,18363,8881,9482,10493,4917,5576,2623,1279,1344,
39370,10496,5052,5444,18368,8862,9506,20991,10115,10876,18366,8884,9482,10493,4917,5576,2624,1280,1344,
39375,10498,5052,5446,18368,8862,9506,20992,10115,10877,18368,8885,9483,10495,4917,5578,2624,1280,1344,
39380,10499,5053,5446,18372,8865,9507,20996,10119,10877,18370,8885,9485,10497,4917,5580,2624,1280,1344,
39385,10500,5054,5446,18375,8867,9508,20999,10120,10879,18373,8887,9486,10497,4917,5580,2625,1280,1345,
39390,10502,5056,5446,18375,8867,9508,21000,10121,10879,18375,8887,9488,10499,4917,5582,2625,1280,1345,
39395,10503,5056,5447,18379,8869,9510,21004,10124,10880,18377,8887,9490,10501,4919,5582,2625,1280,1345,
39400,10504,5057,5447,18382,8870,9512,21007,10125,10882,18380,8890,9490,10501,4919,5582,2626,1281,1345,
39405,10506,5059,5447,18382,8870,9512,21008,10125,10883,18382,8890,9492,10503,4920,5583,2626,1281,1345,
39410,10507,5060,5447,18386,8872,9514,21012,10127,10885,18384,8892,9492,10505,4920,5585,2626,1281,1345,
39415,10508,5061,5447,18389,8873,9516,21015,10128,10887,18387,8893,9494,10505,4920,5585,2627,1282,1345,
39420,10510,5063,5447,18389,8873,9516,21016,10129,10887,18389,8894,9495,10507,4921,5586,2627,1282,1345,
39425,10511,5063,5448,18393,8875,9518,21020,10131,10889,18391,8894,9497,10509,4922,5587,2627,1282,1345,
39430,10512,5063,5449,18396,8876,9520,21023,10133,10890,18394,8896,9498,10509,4922,5587,2628,1282,1346,
39435,10514,5064,5450,18396,8876,9520,21024,10134,10890,18396,8897,9499,10511,4923,5588,2628,1282,1346,
39440,10515,5065,5450,18400,8878,9522,21028,10134,10894,18398,8898,9500,10513,4924,5589,2628,1282,1346,
39445,10516,5065,5451,18403,8880,9523,21031,10135,10896,18401,8900,9501,10513,4924,5589,2629,1282,1347,
39450,10518,5065,5453,18403,8880,9523,21032,10136,10896,18403,8901,9502,10515,4924,5591,2629,1282,1347,
39455,10519,5066,5453,18407,8882,9525,21036,10136,10900,18405,8902,9503,10517,4924,5593,2629,1282,1347,
39460,10520,5067,5453,18410,8882,9528,21039,10138,10901,18408,8904,9504,10517,4924,5593,2630,1282,1348,
39465,10522,5068,5454,18410,8882,9528,21040,10139,10901,18410,8905,9505,10519,4924,5595,2630,1282,1348,
39470,10523,5068,5455,18414,8884,9530,21044,10141,10903,18412,8907,9505,10521,4926,5595,2630,1282,1348,
39475,10524,5069,5455,18417,8887,9530,21047,10143,10904,18415,8908,9507,10521,4926,5595,2631,1283,1348,
39480,10526,5071,5455,18417,8887,9530,21048,10143,10905,18417,8909,9508,10523,4927,5596,2631,1283,1348,
39485,10527,5072,5455,18421,8891,9530,21052,10144,10908,18419,8910,9509,10525,4928,5597,2631,1283,1348,
39490,10528,5073,5455,18424,8893,9531,21055,10145,10910,18422,8912,9510,10525,4928,5597,2632,1283,1349,
39495,10530,5075,5455,18424,8893,9531,21056,10146,10910,18424,8913,9511,10527,4929,5598,2632,1283,1349,
39500,10531,5076,5455,18428,8895,9533,21060,10147,10913,18426,8914,9512,10529,4931,5598,2632,1283,1349,
39505,10532,5076,5456,18431,8896,9535,21063,10149,10914,18429,8916,9513,10529,4931,5598,2633,1283,1350,
39510,10534,5076,5458,18431,8896,9535,21064,10150,10914,18431,8916,9515,10531,4933,5598,2633,1283,1350,
39515,10535,5076,5459,18435,8897,9538,21068,10151,10917,18433,8918,9515,10533,4935,5598,2633,1283,1350,
39520,10536,5076,5460,18438,8900,9538,21071,10153,10918,18436,8919,9517,10533,4935,5598,2634,1283,1351,
39525,10538,5077,5461,18438,8900,9538,21072,10153,10919,18438,8920,9518,10535,4936,5599,2634,1283,1351,
39530,10539,5078,5461,18442,8902,9540,21076,10153,10923,18440,8922,9518,10537,4937,5600,2634,1283,1351,
39535,10540,5078,5462,18445,8905,9540,21079,10155,10924,18443,8924,9519,10537,4937,5600,2635,1283,1352,
39540,10542,5079,5463,18445,8905,9540,21080,10155,10925,18445,8924,9521,10539,4939,5600,2635,1283,1352,
39545,10543,5079,5464,18449,8907,9542,21084,10157,10927,18447,8925,9522,10541,4939,5602,2635,1283,1352,
39550,10544,5080,5464,18452,8909,9543,21087,10159,10928,18450,8926,9524,10541,4939,5602,2636,1284,1352,
39555,10546,5081,5465,18452,8909,9543,21088,10159,10929,18452,8928,9524,10543,4940,5603,2636,1284,1352,
39560,10547,5082,5465,18456,8913,9543,21092,10162,10930,18454,8929,9525,10545,4940,5605,2636,1284,1352,
39565,10548,5083,5465,18459,8916,9543,21095,10165,10930,18457,8932,9525,10545,4940,5605,2637,1285,1352,
39570,10550,5085,5465,18459,8916,9543,21096,10165,10931,18459,8932,9527,10547,4940,5607,2637,1285,1352,
39575,10551,5085,5466,18463,8917,9546,21100,10168,10932,18461,8934,9527,10549,4941,5608,2637,1285,1352,
39580,10552,5086,5466,18466,8919,9547,21103,10169,10934,18464,8936,9528,10549,4941,5608,2638,1285,1353,
39585,10554,5087,5467,18466,8919,9547,21104,10169,10935,18466,8937,9529,10551,4941,5610,2638,1285,1353,
39590,10555,5087,5468,18470,8921,9549,21108,10170,10938,18468,8938,9530,10553,4941,5612,2638,1285,1353,
39595,10556,5087,5469,18473,8923,9550,21111,10171,10940,18471,8940,9531,10553,4941,5612,2639,1285,1354,
39600,10558,5088,5470,18473,8923,9550,21112,10171,10941,18473,8941,9532,10555,4942,5613,2639,1285,1354,
39605,10559,5089,5470,18477,8924,9553,21116,10173,10943,18475,8941,9534,10557,4944,5613,2639,1285,1354,
39610,10560,5090,5470,18480,8924,9556,21119,10174,10945,18478,8942,9536,10557,4944,5613,2640,1286,1354,
39615,10562,5092,5470,18480,8924,9556,21120,10175,10945,18480,8943,9537,10559,4945,5614,2640,1286,1354,
39620,10563,5092,5471,18484,8927,9557,21124,10177,10947,18482,8944,9538,10561,4946,5615,2640,1286,1354,
39625,10564,5093,5471,18487,8927,9560,21127,10179,10948,18485,8947,9538,10561,4946,5615,2641,1286,1355,
39630,10566,5094,5472,18487,8927,9560,21128,10180,10948,18487,8947,9540,10563,4948,5615,2641,1286,1355,
39635,10567,5095,5472,18491,8929,9562,21132,10181,10951,18489,8948,9541,10565,4948,5617,2641,1286,1355,
39640,10568,5095,5473,18494,8930,9564,21135,10181,10954,18492,8949,9543,10565,4948,5617,2642,1287,1355,
39645,10570,5097,5473,18494,8930,9564,21136,10182,10954,18494,8950,9544,10567,4950,5617,2642,1287,1355,
39650,10571,5097,5474,18498,8930,9568,21140,10184,10956,18496,8951,9545,10569,4952,5617,2642,1287,1355,
39655,10572,5097,5475,18501,8932,9569,21143,10185,10958,18499,8953,9546,10569,4952,5617,2643,1288,1355,
39660,10574,5098,5476,18501,8932,9569,21144,10185,10959,18501,8955,9546,10571,4954,5617,2643,1288,1355,
39665,10575,5099,5476,18505,8933,9572,21148,10187,10961,18503,8956,9547,10573,4955,5618,2643,1288,1355,
39670,10576,5100,5476,18508,8936,9572,21151,10189,10962,18506,8958,9548,10573,4955,5618,2644,1289,1355,
39675,10578,5101,5477,18508,8936,9572,21152,10189,10963,18508,8959,9549,10575,4956,5619,2644,1289,1355,
39680,10579,5101,5478,18512,8938,9574,21156,10189,10967,18510,8960,9550,10577,4957,5620,2644,1289,1355,
39685,10580,5101,5479,18515,8938,9577,21159,10191,10968,18513,8962,9551,10577,4957,5620,2645,1290,1355,
39690,10582,5103,5479,18515,8938,9577,21160,10192,10968,18515,8963,9552,10579,4958,5621,2645,1290,1355,
39695,10583,5103,5480,18519,8939,9580,21164,10194,10970,18517,8963,9554,10581,4960,5621,2645,1290,1355,
39700,10584,5103,5481,18522,8941,9581,21167,10195,10972,18520,8963,9557,10581,4960,5621,2646,1291,1355,
39705,10586,5104,5482,18522,8941,9581,21168,10195,10973,18522,8963,9559,10583,4962,5621,2646,1291,1355,
39710,10587,5105,5482,18526,8945,9581,21172,10196,10976,18524,8964,9560,10585,4963,5622,2646,1291,1355,
39715,10588,5106,5482,18529,8946,9583,21175,10198,10977,18527,8965,9562,10585,4963,5622,2647,1291,1356,
39720,10590,5108,5482,18529,8946,9583,21176,10199,10977,18529,8967,9562,10587,4964,5623,2647,1291,1356,
39725,10591,5109,5482,18533,8947,9586,21180,10201,10979,18531,8969,9562,10589,4964,5625,2647,1291,1356,
39730,10592,5110,5482,18536,8948,9588,21183,10204,10979,18534,8972,9562,10589,4964,5625,2648,1291,1357,
39735,10594,5112,5482,18536,8948,9588,21184,10205,10979,18536,8974,9562,10591,4964,5627,2648,1291,1357,
39740,10595,5113,5482,18540,8950,9590,21188,10205,10983,18538,8975,9563,10593,4965,5628,2648,1291,1357,
39745,10596,5113,5483,18543,8952,9591,21191,10208,10983,18541,8976,9565,10593,4965,5628,2649,1291,1358,
39750,10598,5114,5484,18543,8952,9591,21192,10208,10984,18543,8978,9565,10595,4967,5628,2649,1291,1358,
39755,10599,5115,5484,18547,8955,9592,21196,10209,10987,18545,8978,9567,10597,4968,5629,2649,1291,1358,
39760,10600,5116,5484,18550,8956,9594,21199,10209,10990,18548,8981,9567,10597,4968,5629,2650,1291,1359,
39765,10602,5117,5485,18550,8956,9594,21200,10209,10991,18550,8983,9567,10599,4968,5631,2650,1291,1359,
39770,10603,5118,5485,18554,8959,9595,21204,10212,10992,18552,8985,9567,10601,4969,5632,2650,1291,1359,
39775,10604,5118,5486,18557,8961,9596,21207,10212,10995,18555,8987,9568,10601,4969,5632,2651,1291,1360,
39780,10606,5120,5486,18557,8961,9596,21208,10212,10996,18557,8987,9570,10603,4971,5632,2651,1291,1360,
39785,10607,5121,5486,18561,8961,9600,21212,10213,10999,18559,8987,9572,10605,4973,5632,2651,1291,1360,
39790,10608,5121,5487,18564,8963,9601,21215,10215,11000,18562,8988,9574,10605,4973,5632,2652,1291,1361,
39795,10610,5123,5487,18564,8963,9601,21216,10216,11000,18564,8990,9574,10607,4973,5634,2652,1291,1361,
39800,10611,5123,5488,18568,8963,9605,21220,10218,11002,18566,8992,9574,10609,4973,5636,2652,1291,1361,
39805,10612,5123,5489,18571,8964,9607,21223,10219,11004,18569,8995,9574,10609,4973,5636,2653,1291,1362,
39810,10614,5124,5490,18571,8964,9607,21224,10220,11004,18571,8997,9574,10611,4974,5637,2653,1291,1362,
39815,10615,5124,5491,18575,8966,9609,21228,10222,11006,18573,8997,9576,10613,4976,5637,2653,1291,1362,
39820,10616,5125,5491,18578,8968,9610,21231,10223,11008,18576,8998,9578,10613,4976,5637,2654,1292,1362,
39825,10618,5126,5492,18578,8968,9610,21232,10223,11009,18578,8998,9580,10615,4978,5637,2654,1292,1362,
39830,10619,5127,5492,18582,8971,9611,21236,10226,11010,18580,8999,9581,10617,4979,5638,2654,1292,1362,
39835,10620,5127,5493,18585,8972,9613,21239,10228,11011,18583,9002,9581,10617,4979,5638,2655,1293,1362,
39840,10622,5128,5494,18585,8972,9613,21240,10229,11011,18585,9003,9582,10619,4980,5639,2655,1293,1362,
39845,10623,5129,5494,18589,8974,9615,21244,10231,11013,18587,9005,9582,10621,4981,5640,2655,1293,1362,
39850,10624,5130,5494,18592,8976,9616,21247,10233,11014,18590,9006,9584,10621,4981,5640,2656,1293,1363,
39855,10626,5130,5496,18592,8976,9616,21248,10234,11014,18592,9008,9584,10623,4981,5642,2656,1293,1363,
39860,10627,5130,5497,18596,8978,9618,21252,10236,11016,18594,9010,9584,10625,4982,5643,2656,1293,1363,
39865,10628,5130,5498,18599,8980,9619,21255,10237,11018,18597,9010,9587,10625,4982,5643,2657,1294,1363,
39870,10630,5132,5498,18599,8980,9619,21256,10237,11019,18599,9011,9588,10627,4983,5644,2657,1294,1363,
39875,10631,5133,5498,18603,8982,9621,21260,10239,11021,18601,9012,9589,10629,4985,5644,2657,1294,1363,
39880,10632,5133,5499,18606,8983,9623,21263,10240,11023,18604,9013,9591,10629,4985,5644,2658,1294,1364,
39885,10634,5135,5499,18606,8983,9623,21264,10241,11023,18606,9014,9592,10631,4986,5645,2658,1294,1364,
39890,10635,5135,5500,18610,8985,9625,21268,10243,11025,18608,9014,9594,10633,4987,5646,2658,1294,1364,
39895,10636,5136,5500,18613,8985,9628,21271,10244,11027,18611,9016,9595,10633,4987,5646,2659,1294,1365,
39900,10638,5138,5500,18613,8985,9628,21272,10244,11028,18613,9016,9597,10635,4988,5647,2659,1294,1365,
39905,10639,5138,5501,18617,8986,9631,21276,10247,11029,18615,9017,9598,10637,4989,5648,2659,1294,1365,
39910,10640,5138,5502,18620,8989,9631,21279,10249,11030,18618,9019,9599,10637,4989,5648,2660,1294,1366,
39915,10642,5140,5502,18620,8989,9631,21280,10249,11031,18620,9021,9599,10639,4990,5649,2660,1294,1366,
39920,10643,5141,5502,18624,8990,9634,21284,10250,11034,18622,9023,9599,10641,4991,5650,2660,1294,1366,
39925,10644,5142,5502,18627,8991,9636,21287,10253,11034,18625,9025,9600,10641,4991,5650,2661,1294,1367,
39930,10646,5144,5502,18627,8991,9636,21288,10254,11034,18627,9025,9602,10643,4992,5651,2661,1294,1367,
39935,10647,5144,5503,18631,8993,9638,21292,10255,11037,18629,9026,9603,10645,4993,5652,2661,1294,1367,
39940,10648,5144,5504,18634,8994,9640,21295,10256,11039,18632,9027,9605,10645,4993,5652,2662,1295,1367,
39945,10650,5146,5504,18634,8994,9640,21296,10257,11039,18634,9028,9606,10647,4994,5653,2662,1295,1367,
39950,10651,5146,5505,18638,8995,9643,21300,10259,11041,18636,9030,9606,10649,4994,5655,2662,1295,1367,
39955,10652,5146,5506,18641,8996,9645,21303,10260,11043,18639,9031,9608,10649,4994,5655,2663,1296,1367,
39960,10654,5147,5507,18641,8996,9645,21304,10261,11043,18641,9031,9610,10651,4995,5656,2663,1296,1367,
39965,10655,5148,5507,18645,8998,9647,21308,10264,11044,18643,9033,9610,10653,4995,5658,2663,1296,1367,
39970,10656,5149,5507,18648,8999,9649,21311,10266,11045,18646,9036,9610,10653,4995,5658,2664,1296,1368,
39975,10658,5149,5509,18648,8999,9649,21312,10267,11045,18648,9037,9611,10655,4996,5659,2664,1296,1368,
39980,10659,5149,5510,18652,9001,9651,21316,10268,11048,18650,9039,9611,10657,4996,5661,2664,1296,1368,
39985,10660,5150,5510,18655,9002,9653,21319,10270,11049,18653,9039,9614,10657,4996,5661,2665,1296,1369,
39990,10662,5150,5512,18655,9002,9653,21320,10271,11049,18655,9040,9615,10659,4997,5662,2665,1296,1369,
39995,10663,5150,5513,18659,9006,9653,21324,10273,11051,18657,9041,9616,10661,4997,5664,2665,1296,1369,
40000,10664,5150,5514,18662,9006,9656,21327,10275,11052,18660,9043,9617,10661,4997,5664,2666,1297,1369,
40005,10666,5150,5516,18662,9006,9656,21328,10275,11053,18662,9045,9617,10663,4998,5665,2666,1297,1369,
40010,10667,5150,5517,18666,9007,9659,21332,10277,11055,18664,9047,9617,10665,4999,5666,2666,1297,1369,
40015,10668,5150,5518,18669,9010,9659,21335,10280,11055,18667,9048,9619,10665,4999,5666,2667,1298,1369,
40020,10670,5151,5519,18669,9010,9659,21336,10280,11056,18669,9049,9620,10667,5001,5666,2667,1298,1369,
40025,10671,5151,5520,18673,9012,9661,21340,10282,11058,18671,9050,9621,10669,5002,5667,2667,1298,1369,
40030,10672,5152,5520,18676,9012,9664,21343,10283,11060,18674,9053,9621,10669,5002,5667,2668,1298,1370,
40035,10674,5152,5522,18676,9012,9664,21344,10283,11061,18676,9054,9622,10671,5003,5668,2668,1298,1370,
40040,10675,5153,5522,18680,9014,9666,21348,10285,11063,18678,9055,9623,10673,5005,5668,2668,1298,1370,
40045,10676,5153,5523,18683,9016,9667,21351,10286,11065,18681,9056,9625,10673,5005,5668,2669,1299,1370,
40050,10678,5154,5524,18683,9016,9667,21352,10286,11066,18683,9056,9627,10675,5007,5668,2669,1299,1370,
40055,10679,5154,5525,18687,9018,9669,21356,10286,11070,18685,9057,9628,10677,5008,5669,2669,1299,1370,
40060,10680,5154,5526,18690,9020,9670,21359,10287,11072,18688,9059,9629,10677,5008,5669,2670,1300,1370,
40065,10682,5155,5527,18690,9020,9670,21360,10288,11072,18690,9060,9630,10679,5009,5670,2670,1300,1370,
40070,10683,5155,5528,18694,9023,9671,21364,10288,11076,18692,9061,9631,10681,5011,5670,2670,1300,1370,
40075,10684,5156,5528,18697,9024,9673,21367,10290,11077,18695,9062,9633,10681,5011,5670,2671,1300,1371,
40080,10686,5158,5528,18697,9024,9673,21368,10290,11078,18697,9063,9634,10683,5012,5671,2671,1300,1371,
40085,10687,5159,5528,18701,9024,9677,21372,10292,11080,18699,9065,9634,10685,5013,5672,2671,1300,1371,
40090,10688,5160,5528,18704,9027,9677,21375,10295,11080,18702,9066,9636,10685,5013,5672,2672,1300,1372,
40095,10690,5162,5528,18704,9027,9677,21376,10295,11081,18704,9066,9638,10687,5015,5672,2672,1300,1372,
40100,10691,5162,5529,18708,9029,9679,21380,10297,11083,18706,9068,9638,10689,5015,5674,2672,1300,1372,
40105,10692,5162,5530,18711,9032,9679,21383,10297,11086,18709,9069,9640,10689,5015,5674,2673,1300,1373,
40110,10694,5164,5530,18711,9032,9679,21384,10297,11087,18711,9070,9641,10691,5017,5674,2673,1300,1373,
40115,10695,5165,5530,18715,9035,9680,21388,10298,11090,18713,9071,9642,10693,5018,5675,2673,1300,1373,
40120,10696,5165,5531,18718,9038,9680,21391,10300,11091,18716,9073,9643,10693,5018,5675,2674,1300,1374,
40125,10698,5167,5531,18718,9038,9680,21392,10301,11091,18718,9073,9645,10695,5019,5676,2674,1300,1374,
40130,10699,5167,5532,18722,9039,9683,21396,10304,11092,18720,9074,9646,10697,5020,5677,2674,1300,1374,
40135,10700,5167,5533,18725,9040,9685,21399,10304,11095,18723,9076,9647,10697,5020,5677,2675,1301,1374,
40140,10702,5168,5534,18725,9040,9685,21400,10305,11095,18725,9077,9648,10699,5022,5677,2675,1301,1374,
40145,10703,5168,5535,18729,9040,9689,21404,10306,11098,18727,9078,9649,10701,5023,5678,2675,1301,1374,
40150,10704,5169,5535,18732,9042,9690,21407,10308,11099,18730,9080,9650,10701,5023,5678,2676,1302,1374,
40155,10706,5171,5535,18732,9042,9690,21408,10308,11100,18732,9080,9652,10703,5025,5678,2676,1302,1374,
40160,10707,5172,5535,18736,9045,9691,21412,10310,11102,18734,9080,9654,10705,5026,5679,2676,1302,1374,
40165,10708,5173,5535,18739,9046,9693,21415,10311,11104,18737,9082,9655,10705,5026,5679,2677,1303,1374,
40170,10710,5174,5536,18739,9046,9693,21416,10311,11105,18739,9082,9657,10707,5028,5679,2677,1303,1374,
40175,10711,5174,5537,18743,9047,9696,21420,10313,11107,18741,9083,9658,10709,5029,5680,2677,1303,1374,
40180,10712,5174,5538,18746,9049,9697,21423,10316,11107,18744,9083,9661,10709,5029,5680,2678,1303,1375,
40185,10714,5174,5540,18746,9049,9697,21424,10317,11107,18746,9084,9662,10711,5030,5681,2678,1303,1375,
40190,10715,5174,5541,18750,9050,9700,21428,10320,11108,18748,9085,9663,10713,5032,5681,2678,1303,1375,
40195,10716,5175,5541,18753,9052,9701,21431,10321,11110,18751,9086,9665,10713,5032,5681,2679,1303,1376,
40200,10718,5176,5542,18753,9052,9701,21432,10321,11111,18753,9087,9666,10715,5033,5682,2679,1303,1376,
40205,10719,5176,5543,18757,9054,9703,21436,10324,11112,18755,9089,9666,10717,5034,5683,2679,1303,1376,
40210,10720,5177,5543,18760,9055,9705,21439,10326,11113,18758,9090,9668,10717,5034,5683,2680,1304,1376,
40215,10722,5179,5543,18760,9055,9705,21440,10326,11114,18760,9090,9670,10719,5035,5684,2680,1304,1376,
40220,10723,5180,5543,18764,9056,9708,21444,10329,11115,18762,9092,9670,10721,5035,5686,2680,1304,1376,
40225,10724,5181,5543,18767,9057,9710,21447,10332,11115,18765,9094,9671,10721,5035,5686,2681,1304,1377,
40230,10726,5183,5543,18767,9057,9710,21448,10333,11115,18767,9094,9673,10723,5037,5686,2681,1304,1377,
40235,10727,5183,5544,18771,9060,9711,21452,10335,11117,18769,9096,9673,10725,5037,5688,2681,1304,1377,
40240,10728,5183,5545,18774,9060,9714,21455,10336,11119,18772,9097,9675,10725,5037,5688,2682,1304,1378,
40245,10730,5184,5546,18774,9060,9714,21456,10336,11120,18774,9097,9677,10727,5037,5690,2682,1304,1378,
40250,10731,5184,5547,18778,9062,9716,21460,10336,11124,18776,9097,9679,10729,5039,5690,2682,1304,1378,
40255,10732,5184,5548,18781,9064,9717,21463,10337,11126,18779,9098,9681,10729,5039,5690,2683,1304,1379,
40260,10734,5185,5549,18781,9064,9717,21464,10337,11127,18781,9098,9683,10731,5041,5690,2683,1304,1379,
40265,10735,5186,5549,18785,9067,9718,21468,10339,11129,18783,9099,9684,10733,5042,5691,2683,1304,1379,
40270,10736,5187,5549,18788,9070,9718,21471,10340,11131,18786,9099,9687,10733,5042,5691,2684,1305,1379,
40275,10738,5189,5549,18788,9070,9718,21472,10341,11131,18788,9099,9689,10735,5044,5691,2684,1305,1379,
40280,10739,5189,5550,18792,9071,9721,21476,10343,11133,18790,9101,9689,10737,5045,5692,2684,1305,1379,
40285,10740,5190,5550,18795,9073,9722,21479,10344,11135,18793,9102,9691,10737,5045,5692,2685,1306,1379,
40290,10742,5190,5552,18795,9073,9722,21480,10344,11136,18795,9103,9692,10739,5047,5692,2685,1306,1379,
40295,10743,5190,5553,18799,9075,9724,21484,10347,11137,18797,9105,9692,10741,5048,5693,2685,1306,1379,
40300,10744,5191,5553,18802,9076,9726,21487,10348,11139,18800,9107,9693,10741,5048,5693,2686,1307,1379,
40305,10746,5192,5554,18802,9076,9726,21488,10348,11140,18802,9108,9694,10743,5050,5693,2686,1307,1379,
40310,10747,5193,5554,18806,9076,9730,21492,10351,11141,18804,9109,9695,10745,5051,5694,2686,1307,1379,
40315,10748,5193,5555,18809,9076,9733,21495,10352,11143,18807,9110,9697,10745,5051,5694,2687,1308,1379,
40320,10750,5195,5555,18809,9076,9733,21496,10352,11144,18809,9110,9699,10747,5052,5695,2687,1308,1379,
40325,10751,5196,5555,18813,9078,9735,21500,10355,11145,18811,9112,9699,10749,5053,5696,2687,1308,1379,
40330,10752,5197,5555,18816,9081,9735,21503,10356,11147,18814,9113,9701,10749,5053,5696,2688,1308,1380,
40335,10754,5198,5556,18816,9081,9735,21504,10356,11148,18816,9114,9702,10751,5054,5697,2688,1308,1380,
40340,10755,5198,5557,18820,9083,9737,21508,10357,11151,18818,9115,9703,10753,5055,5698,2688,1308,1380,
40345,10756,5198,5558,18823,9085,9738,21511,10359,11152,18821,9118,9703,10753,5055,5698,2689,1308,1381,
40350,10758,5199,5559,18823,9085,9738,21512,10359,11153,18823,9120,9703,10755,5056,5699,2689,1308,1381,
40355,10759,5199,5560,18827,9086,9741,21516,10360,11156,18825,9121,9704,10757,5057,5700,2689,1308,1381,
40360,10760,5199,5561,18830,9087,9743,21519,10362,11157,18828,9122,9706,10757,5057,5700,2690,1308,1382,
40365,10762,5201,5561,18830,9087,9743,21520,10363,11157,18830,9122,9708,10759,5059,5700,2690,1308,1382,
40370,10763,5202,5561,18834,9089,9745,21524,10366,11158,18832,9122,9710,10761,5060,5701,2690,1308,1382,
40375,10764,5203,5561,18837,9090,9747,21527,10369,11158,18835,9123,9712,10761,5060,5701,2691,1308,1383,
40380,10766,5204,5562,18837,9090,9747,21528,10369,11159,18837,9125,9712,10763,5060,5703,2691,1308,1383,
40385,10767,5204,5563,18841,9092,9749,21532,10371,11161,18839,9125,9714,10765,5061,5704,2691,1308,1383,
40390,10768,5204,5564,18844,9093,9751,21535,10373,11162,18842,9127,9715,10765,5061,5704,2692,1309,1383,
40395,10770,5204,5566,18844,9093,9751,21536,10373,11163,18844,9128,9716,10767,5062,5705,2692,1309,1383,
40400,10771,5204,5567,18848,9095,9753,21540,10375,11165,18846,9128,9718,10769,5062,5707,2692,1309,1383,
40405,10772,5204,5568,18851,9097,9754,21543,10376,11167,18849,9131,9718,10769,5062,5707,2693,1309,1384,
40410,10774,5205,5569,18851,9097,9754,21544,10376,11168,18851,9133,9718,10771,5063,5708,2693,1309,1384,
40415,10775,5205,5570,18855,9100,9755,21548,10376,11172,18853,9134,9719,10773,5063,5710,2693,1309,1384,
40420,10776,5205,5571,18858,9101,9757,21551,10376,11175,18856,9136,9720,10773,5063,5710,2694,1309,1385,
40425,10778,5206,5572,18858,9101,9757,21552,10376,11176,18858,9137,9721,10775,5065,5710,2694,1309,1385,
40430,10779,5206,5573,18862,9104,9758,21556,10377,11179,18860,9139,9721,10777,5066,5711,2694,1309,1385,
40435,10780,5207,5573,18865,9106,9759,21559,10377,11182,18863,9141,9722,10777,5066,5711,2695,1310,1385,
40440,10782,5208,5574,18865,9106,9759,21560,10378,11182,18865,9141,9724,10779,5068,5711,2695,1310,1385,
40445,10783,5209,5574,18869,9108,9761,21564,10382,11182,18867,9142,9725,10781,5069,5712,2695,1310,1385,
40450,10784,5209,5575,18872,9109,9763,21567,10385,11182,18870,9142,9728,10781,5069,5712,2696,1310,1386,
40455,10786,5209,5577,18872,9109,9763,21568,10386,11182,18872,9142,9730,10783,5071,5712,2696,1310,1386,
40460,10787,5209,5578,18876,9110,9766,21572,10389,11183,18874,9143,9731,10785,5071,5714,2696,1310,1386,
40465,10788,5209,5579,18879,9112,9767,21575,10390,11185,18877,9145,9732,10785,5071,5714,2697,1310,1387,
40470,10790,5210,5580,18879,9112,9767,21576,10391,11185,18879,9147,9732,10787,5072,5715,2697,1310,1387,
40475,10791,5211,5580,18883,9114,9769,21580,10395,11185,18881,9147,9734,10789,5072,5717,2697,1310,1387,
40480,10792,5211,5581,18886,9116,9770,21583,10398,11185,18884,9148,9736,10789,5072,5717,2698,1311,1387,
40485,10794,5212,5582,18886,9116,9770,21584,10398,11186,18886,9150,9736,10791,5073,5718,2698,1311,1387,
40490,10795,5212,5583,18890,9117,9773,21588,10399,11189,18888,9151,9737,10793,5073,5720,2698,1311,1387,
40495,10796,5213,5583,18893,9118,9775,21591,10400,11191,18891,9152,9739,10793,5073,5720,2699,1311,1388,
40500,10798,5215,5583,18893,9118,9775,21592,10400,11192,18893,9154,9739,10795,5075,5720,2699,1311,1388,
40505,10799,5215,5584,18897,9121,9776,21596,10403,11193,18895,9154,9741,10797,5077,5720,2699,1311,1388,
40510,10800,5215,5585,18900,9123,9777,21599,10403,11196,18898,9155,9743,10797,5077,5720,2700,1311,1389,
40515,10802,5216,5586,18900,9123,9777,21600,10404,11196,18900,9157,9743,10799,5079,5720,2700,1311,1389,
40520,10803,5216,5587,18904,9125,9779,21604,10406,11198,18902,9159,9743,10801,5080,5721,2700,1311,1389,
40525,10804,5216,5588,18907,9127,9780,21607,10408,11199,18905,9162,9743,10801,5080,5721,2701,1311,1390,
40530,10806,5218,5588,18907,9127,9780,21608,10408,11200,18907,9162,9745,10803,5080,5723,2701,1311,1390,
40535,10807,5219,5588,18911,9128,9783,21612,10410,11202,18909,9163,9746,10805,5080,5725,2701,1311,1390,
40540,10808,5219,5589,18914,9130,9784,21615,10411,11204,18912,9163,9749,10805,5080,5725,2702,1312,1390,
40545,10810,5220,5590,18914,9130,9784,21616,10412,11204,18914,9163,9751,10807,5080,5727,2702,1312,1390,
40550,10811,5220,5591,18918,9131,9787,21620,10413,11207,18916,9164,9752,10809,5080,5729,2702,1312,1390,
40555,10812,5220,5592,18921,9134,9787,21623,10415,11208,18919,9165,9754,10809,5080,5729,2703,1312,1391,
40560,10814,5220,5594,18921,9134,9787,21624,10415,11209,18921,9166,9755,10811,5081,5730,2703,1312,1391,
40565,10815,5220,5595,18925,9136,9789,21628,10417,11211,18923,9166,9757,10813,5081,5732,2703,1312,1391,
40570,10816,5221,5595,18928,9138,9790,21631,10418,11213,18926,9167,9759,10813,5081,5732,2704,1312,1392,
40575,10818,5221,5597,18928,9138,9790,21632,10419,11213,18928,9168,9760,10815,5083,5732,2704,1312,1392,
40580,10819,5221,5598,18932,9141,9791,21636,10421,11215,18930,9169,9761,10817,5083,5734,2704,1312,1392,
40585,10820,5221,5599,18935,9143,9792,21639,10421,11218,18933,9169,9764,10817,5083,5734,2705,1312,1393,
40590,10822,5221,5601,18935,9143,9792,21640,10422,11218,18935,9171,9764,10819,5085,5734,2705,1312,1393,
40595,10823,5221,5602,18939,9144,9795,21644,10423,11221,18937,9171,9766,10821,5086,5735,2705,1312,1393,
40600,10824,5222,5602,18942,9145,9797,21647,10426,11221,18940,9174,9766,10821,5086,5735,2706,1312,1394,
40605,10826,5223,5603,18942,9145,9797,21648,10426,11222,18942,9176,9766,10823,5087,5736,2706,1312,1394,
40610,10827,5224,5603,18946,9147,9799,21652,10428,11224,18944,9177,9767,10825,5087,5738,2706,1312,1394,
40615,10828,5224,5604,18949,9148,9801,21655,10429,11226,18947,9179,9768,10825,5087,5738,2707,1313,1394,
40620,10830,5224,5606,18949,9148,9801,21656,10430,11226,18949,9181,9768,10827,5088,5739,2707,1313,1394,
40625,10831,5224,5607,18953,9149,9804,21660,10431,11229,18951,9182,9769,10829,5089,5740,2707,1313,1394,
40630,10832,5225,5607,18956,9150,9806,21663,10433,11230,18954,9182,9772,10829,5089,5740,2708,1313,1395,
40635,10834,5226,5608,18956,9150,9806,21664,10434,11230,18956,9184,9772,10831,5090,5741,2708,1313,1395,
40640,10835,5227,5608,18960,9154,9806,21668,10437,11231,18958,9185,9773,10833,5091,5742,2708,1313,1395,
40645,10836,5228,5608,18963,9155,9808,21671,10439,11232,18961,9185,9776,10833,5091,5742,2709,1314,1395,
40650,10838,5229,5609,18963,9155,9808,21672,10439,11233,18963,9187,9776,10835,5091,5744,2709,1314,1395,
40655,10839,5230,5609,18967,9157,9810,21676,10442,11234,18965,9188,9777,10837,5092,5745,2709,1314,1395,
40660,10840,5231,5609,18970,9159,9811,21679,10443,11236,18968,9189,9779,10837,5092,5745,2710,1314,1396,
40665,10842,5231,5611,18970,9159,9811,21680,10444,11236,18970,9189,9781,10839,5093,5746,2710,1314,1396,
40670,10843,5231,5612,18974,9162,9812,21684,10446,11238,18972,9191,9781,10841,5095,5746,2710,1314,1396,
40675,10844,5231,5613,18977,9163,9814,21687,10447,11240,18975,9194,9781,10841,5095,5746,2711,1315,1396,
40680,10846,5232,5614,18977,9163,9814,21688,10447,11241,18977,9194,9783,10843,5097,5746,2711,1315,1396,
40685,10847,5233,5614,18981,9163,9818,21692,10448,11244,18979,9195,9784,10845,5099,5746,2711,1315,1396,
40690,10848,5233,5615,18984,9164,9820,21695,10448,11247,18982,9196,9786,10845,5099,5746,2712,1316,1396,
40695,10850,5235,5615,18984,9164,9820,21696,10449,11247,18984,9196,9788,10847,5101,5746,2712,1316,1396,
40700,10851,5236,5615,18988,9164,9824,21700,10452,11248,18986,9198,9788,10849,5102,5747,2712,1316,1396,
40705,10852,5237,5615,18991,9165,9826,21703,10454,11249,18989,9201,9788,10849,5102,5747,2713,1317,1396,
40710,10854,5238,5616,18991,9165,9826,21704,10454,11250,18991,9201,9790,10851,5103,5748,2713,1317,1396,
40715,10855,5238,5617,18995,9167,9828,21708,10454,11254,18993,9201,9792,10853,5103,5750,2713,1317,1396,
40720,10856,5239,5617,18998,9168,9830,21711,10456,11255,18996,9203,9793,10853,5103,5750,2714,1318,1396,
40725,10858,5239,5619,18998,9168,9830,21712,10457,11255,18998,9204,9794,10855,5105,5750,2714,1318,1396,
40730,10859,5239,5620,19002,9170,9832,21716,10457,11259,19000,9204,9796,10857,5107,5750,2714,1318,1396,
40735,10860,5239,5621,19005,9171,9834,21719,10460,11259,19003,9206,9797,10857,5107,5750,2715,1318,1397,
40740,10862,5241,5621,19005,9171,9834,21720,10461,11259,19005,9208,9797,10859,5107,5752,2715,1318,1397,
40745,10863,5242,5621,19009,9174,9835,21724,10463,11261,19007,9210,9797,10861,5109,5752,2715,1318,1397,
40750,10864,5242,5622,19012,9176,9836,21727,10464,11263,19010,9211,9799,10861,5109,5752,2716,1319,1397,
40755,10866,5243,5623,19012,9176,9836,21728,10465,11263,19012,9212,9800,10863,5110,5753,2716,1319,1397,
40760,10867,5243,5624,19016,9179,9837,21732,10466,11266,19014,9213,9801,10865,5111,5754,2716,1319,1397,
40765,10868,5244,5624,19019,9181,9838,21735,10469,11266,19017,9215,9802,10865,5111,5754,2717,1319,1398,
40770,10870,5244,5626,19019,9181,9838,21736,10469,11267,19019,9215,9804,10867,5112,5755,2717,1319,1398,
40775,10871,5244,5627,19023,9184,9839,21740,10469,11271,19021,9215,9806,10869,5114,5755,2717,1319,1398,
40780,10872,5244,5628,19026,9185,9841,21743,10472,11271,19024,9216,9808,10869,5114,5755,2718,1320,1398,
40785,10874,5245,5629,19026,9185,9841,21744,10473,11271,19026,9217,9809,10871,5115,5756,2718,1320,1398,
40790,10875,5246,5629,19030,9186,9844,21748,10476,11272,19028,9218,9810,10873,5116,5757,2718,1320,1398,
40795,10876,5246,5630,19033,9186,9847,21751,10477,11274,19031,9221,9810,10873,5116,5757,2719,1321,1398,
40800,10878,5247,5631,19033,9186,9847,21752,10478,11274,19033,9222,9811,10875,5117,5758,2719,1321,1398,
40805,10879,5248,5631,19037,9189,9848,21756,10481,11275,19035,9223,9812,10877,5119,5758,2719,1321,1398,
40810,10880,5248,5632,19040,9191,9849,21759,10483,11276,19038,9223,9815,10877,5119,5758,2720,1321,1399,
40815,10882,5250,5632,19040,9191,9849,21760,10483,11277,19040,9223,9817,10879,5120,5759,2720,1321,1399,
40820,10883,5251,5632,19044,9194,9850,21764,10485,11279,19042,9223,9819,10881,5120,5761,2720,1321,1399,
40825,10884,5251,5633,19047,9196,9851,21767,10486,11281,19045,9224,9821,10881,5120,5761,2721,1322,1399,
40830,10886,5252,5634,19047,9196,9851,21768,10486,11282,19047,9224,9823,10883,5121,5762,2721,1322,1399,
40835,10887,5253,5634,19051,9197,9854,21772,10488,11284,19049,9225,9824,10885,5121,5764,2721,1322,1399,
40840,10888,5254,5634,19054,9197,9857,21775,10490,11285,19052,9226,9826,10885,5121,5764,2722,1323,1399,
40845,10890,5255,5635,19054,9197,9857,21776,10491,11285,19054,9227,9827,10887,5122,5765,2722,1323,1399,
40850,10891,5255,5636,19058,9200,9858,21780,10492,11288,19056,9227,9829,10889,5122,5767,2722,1323,1399,
40855,10892,5256,5636,19061,9200,9861,21783,10493,11290,19059,9229,9830,10889,5122,5767,2723,1323,1400,
40860,10894,5257,5637,19061,9200,9861,21784,10494,11290,19061,9231,9830,10891,5123,5768,2723,1323,1400,
40865,10895,5258,5637,19065,9204,9861,21788,10496,11292,19063,9232,9831,10893,5124,5769,2723,1323,1400,
40870,10896,5258,5638,19068,9205,9863,21791,10499,11292,19066,9233,9833,10893,5124,5769,2724,1323,1401,
40875,10898,5258,5640,19068,9205,9863,21792,10500,11292,19068,9234,9834,10895,5124,5771,2724,1323,1401,
40880,10899,5258,5641,19072,9207,9865,21796,10501,11295,19070,9236,9834,10897,5126,5771,2724,1323,1401,
40885,10900,5259,5641,19075,9209,9866,21799,10504,11295,19073,9238,9835,10897,5126,5771,2725,1324,1401,
40890,10902,5260,5642,19075,9209,9866,21800,10505,11295,19075,9239,9836,10899,5128,5771,2725,1324,1401,
40895,10903,5261,5642,19079,9211,9868,21804,10505,11299,19077,9239,9838,10901,5129,5772,2725,1324,1401,
40900,10904,5262,5642,19082,9213,9869,21807,10505,11302,19080,9241,9839,10901,5129,5772,2726,1324,1402,
40905,10906,5262,5644,19082,9213,9869,21808,10505,11303,19082,9242,9840,10903,5131,5772,2726,1324,1402,
40910,10907,5263,5644,19086,9214,9872,21812,10507,11305,19084,9243,9841,10905,5131,5774,2726,1324,1402,
40915,10908,5264,5644,19089,9214,9875,21815,10507,11308,19087,9244,9843,10905,5131,5774,2727,1325,1402,
40920,10910,5264,5646,19089,9214,9875,21816,10507,11309,19089,9245,9844,10907,5132,5775,2727,1325,1402,
40925,10911,5265,5646,19093,9216,9877,21820,10510,11310,19091,9246,9845,10909,5133,5776,2727,1325,1402,
40930,10912,5266,5646,19096,9217,9879,21823,10511,11312,19094,9247,9847,10909,5133,5776,2728,1325,1403,
40935,10914,5266,5648,19096,9217,9879,21824,10512,11312,19096,9248,9848,10911,5134,5777,2728,1325,1403,
40940,10915,5267,5648,19100,9221,9879,21828,10514,11314,19098,9250,9848,10913,5134,5779,2728,1325,1403,
40945,10916,5268,5648,19103,9223,9880,21831,10515,11316,19101,9251,9850,10913,5134,5779,2729,1326,1403,
40950,10918,5270,5648,19103,9223,9880,21832,10516,11316,19103,9251,9852,10915,5135,5780,2729,1326,1403,
40955,10919,5270,5649,19107,9223,9884,21836,10518,11318,19105,9253,9852,10917,5137,5780,2729,1326,1403,
40960,10920,5270,5650,19110,9225,9885,21839,10521,11318,19108,9255,9853,10917,5137,5780,2730,1327,1403,
40965,10922,5271,5651,19110,9225,9885,21840,10521,11319,19110,9257,9853,10919,5137,5782,2730,1327,1403,
40970,10923,5271,5652,19114,9228,9886,21844,10522,11322,19112,9257,9855,10921,5137,5784,2730,1327,1403,
40975,10924,5271,5653,19117,9229,9888,21847,10523,11324,19115,9257,9858,10921,5137,5784,2731,1327,1404,
40980,10926,5273,5653,19117,9229,9888,21848,10523,11325,19117,9258,9859,10923,5138,5785,2731,1327,1404,
40985,10927,5273,5654,19121,9230,9891,21852,10525,11327,19119,9259,9860,10925,5140,5785,2731,1327,1404,
40990,10928,5273,5655,19124,9232,9892,21855,10527,11328,19122,9259,9863,10925,5140,5785,2732,1328,1404,
40995,10930,5275,5655,19124,9232,9892,21856,10527,11329,19124,9261,9863,10927,5141,5786,2732,1328,1404,
41000,10931,5276,5655,19128,9236,9892,21860,10531,11329,19126,9261,9865,10929,5143,5786,2732,1328,1404,
41005,10932,5277,5655,19131,9238,9893,21863,10532,11331,19129,9262,9867,10929,5143,5786,2733,1329,1404,
41010,10934,5278,5656,19131,9238,9893,21864,10533,11331,19131,9263,9868,10931,5144,5787,2733,1329,1404,
41015,10935,5279,5656,19135,9239,9896,21868,10534,11334,19133,9264,9869,10933,5144,5789,2733,1329,1404,
41020,10936,5280,5656,19138,9241,9897,21871,10536,11335,19136,9266,9870,10933,5144,5789,2734,1329,1405,
41025,10938,5282,5656,19138,9241,9897,21872,10537,11335,19138,9266,9872,10935,5146,5789,2734,1329,1405,
41030,10939,5282,5657,19142,9243,9899,21876,10539,11337,19140,9268,9872,10937,5147,5790,2734,1329,1405,
41035,10940,5282,5658,19145,9245,9900,21879,10542,11337,19143,9270,9873,10937,5147,5790,2735,1330,1405,
41040,10942,5282,5660,19145,9245,9900,21880,10543,11337,19145,9270,9875,10939,5148,5791,2735,1330,1405,
41045,10943,5282,5661,19149,9248,9901,21884,10546,11338,19147,9272,9875,10941,5149,5792,2735,1330,1405,
41050,10944,5283,5661,19152,9250,9902,21887,10547,11340,19150,9272,9878,10941,5149,5792,2736,1331,1405,
41055,10946,5283,5663,19152,9250,9902,21888,10547,11341,19152,9273,9879,10943,5150,5793,2736,1331,1405,
41060,10947,5284,5663,19156,9253,9903,21892,10549,11343,19154,9274,9880,10945,5151,5794,2736,1331,1405,
41065,10948,5284,5664,19159,9255,9904,21895,10549,11346,19157,9275,9882,10945,5151,5794,2737,1331,1406,
41070,10950,5284,5666,19159,9255,9904,21896,10550,11346,19159,9276,9883,10947,5152,5795,2737,1331,1406,
41075,10951,5285,5666,19163,9256,9907,21900,10551,11349,19161,9277,9884,10949,5153,5796,2737,1331,1406,
41080,10952,5285,5667,19166,9256,9910,21903,10552,11351,19164,9278,9886,10949,5153,5796,2738,1331,1407,
41085,10954,5287,5667,19166,9256,9910,21904,10552,11352,19166,9278,9888,10951,5154,5797,2738,1331,1407,
41090,10955,5287,5668,19170,9258,9912,21908,10554,11354,19168,9279,9889,10953,5154,5799,2738,1331,1407,
41095,10956,5287,5669,19173,9261,9912,21911,10554,11357,19171,9280,9891,10953,5154,5799,2739,1331,1408,
41100,10958,5288,5670,19173,9261,9912,21912,10555,11357,19173,9281,9892,10955,5155,5800,2739,1331,1408,
41105,10959,5288,5671,19177,9262,9915,21916,10556,11360,19175,9282,9893,10957,5156,5801,2739,1331,1408,
41110,10960,5289,5671,19180,9264,9916,21919,10556,11363,19178,9284,9894,10957,5156,5801,2740,1332,1408,
41115,10962,5290,5672,19180,9264,9916,21920,10556,11364,19180,9284,9896,10959,5157,5802,2740,1332,1408,
41120,10963,5290,5673,19184,9267,9917,21924,10557,11367,19182,9284,9898,10961,5158,5803,2740,1332,1408,
41125,10964,5290,5674,19187,9268,9919,21927,10557,11370,19185,9286,9899,10961,5158,5803,2741,1333,1408,
41130,10966,5290,5676,19187,9268,9919,21928,10557,11371,19187,9287,9900,10963,5159,5804,2741,1333,1408,
41135,10967,5291,5676,19191,9271,9920,21932,10559,11373,19189,9287,9902,10965,5160,5805,2741,1333,1408,
41140,10968,5291,5677,19194,9271,9923,21935,10560,11375,19192,9290,9902,10965,5160,5805,2742,1334,1408,
41145,10970,5292,5678,19194,9271,9923,21936,10560,11376,19194,9291,9903,10967,5160,5807,2742,1334,1408,
41150,10971,5293,5678,19198,9272,9926,21940,10562,11378,19196,9291,9905,10969,5161,5808,2742,1334,1408,
41155,10972,5294,5678,19201,9275,9926,21943,10563,11380,19199,9293,9906,10969,5161,5808,2743,1334,1409,
41160,10974,5294,5680,19201,9275,9926,21944,10564,11380,19201,9294,9907,10971,5162,5809,2743,1334,1409,
41165,10975,5294,5681,19205,9277,9928,21948,10568,11380,19203,9295,9908,10973,5163,5810,2743,1334,1409,
41170,10976,5294,5682,19208,9278,9930,21951,10569,11382,19206,9296,9910,10973,5163,5810,2744,1335,1409,
41175,10978,5294,5684,19208,9278,9930,21952,10570,11382,19208,9297,9911,10975,5163,5812,2744,1335,1409,
41180,10979,5295,5684,19212,9282,9930,21956,10574,11382,19210,9299,9911,10977,5164,5813,2744,1335,1409,
41185,10980,5296,5684,19215,9284,9931,21959,10575,11384,19213,9301,9912,10977,5164,5813,2745,1336,1409,
41190,10982,5296,5686,19215,9284,9931,21960,10575,11385,19215,9302,9913,10979,5166,5813,2745,1336,1409,
41195,10983,5297,5686,19219,9285,9934,21964,10576,11388,19217,9302,9915,10981,5168,5813,2745,1336,1409,
41200,10984,5297,5687,19222,9285,9937,21967,10579,11388,19220,9302,9918,10981,5168,5813,2746,1336,1410,
41205,10986,5297,5689,19222,9285,9937,21968,10579,11389,19222,9303,9919,10983,5169,5814,2746,1336,1410,
41210,10987,5297,5690,19226,9287,9939,21972,10582,11390,19224,9304,9920,10985,5169,5816,2746,1336,1410,
41215,10988,5298,5690,19229,9289,9940,21975,10583,11392,19227,9306,9921,10985,5169,5816,2747,1337,1410,
41220,10990,5298,5692,19229,9289,9940,21976,10583,11393,19229,9307,9922,10987,5169,5818,2747,1337,1410,
41225,10991,5298,5693,19233,9292,9941,21980,10586,11394,19231,9307,9924,10989,5170,5819,2747,1337,1410,
41230,10992,5299,5693,19236,9294,9942,21983,10588,11395,19234,9308,9926,10989,5170,5819,2748,1338,1410,
41235,10994,5300,5694,19236,9294,9942,21984,10588,11396,19236,9308,9928,10991,5172,5819,2748,1338,1410,
41240,10995,5300,5695,19240,9297,9943,21988,10591,11397,19238,9309,9929,10993,5173,5820,2748,1338,1410,
41245,10996,5300,5696,19243,9298,9945,21991,10593,11398,19241,9310,9931,10993,5173,5820,2749,1338,1411,
41250,10998,5301,5697,19243,9298,9945,21992,10594,11398,19243,9311,9932,10995,5175,5820,2749,1338,1411,
41255,10999,5302,5697,19247,9300,9947,21996,10597,11399,19245,9312,9933,10997,5176,5821,2749,1338,1411,
41260,11000,5303,5697,19250,9303,9947,21999,10598,11401,19248,9314,9934,10997,5176,5821,2750,1339,1411,
41265,11002,5304,5698,19250,9303,9947,22000,10598,11402,19250,9314,9936,10999,5177,5822,2750,1339,1411,
41270,11003,5305,5698,19254,9305,9949,22004,10601,11403,19252,9314,9938,11001,5178,5823,2750,1339,1411,
41275,11004,5306,5698,19257,9307,9950,22007,10603,11404,19255,9314,9941,11001,5178,5823,2751,1339,1412,
41280,11006,5307,5699,19257,9307,9950,22008,10603,11405,19257,9314,9943,11003,5178,5825,2751,1339,1412,
41285,11007,5307,5700,19261,9309,9952,22012,10606,11406,19259,9314,9945,11005,5180,5825,2751,1339,1412,
41290,11008,5307,5701,19264,9311,9953,22015,10606,11409,19262,9317,9945,11005,5180,5825,2752,1339,1413,
41295,11010,5309,5701,19264,9311,9953,22016,10606,11410,19264,9318,9946,11007,5181,5826,2752,1339,1413,
41300,11011,5309,5702,19268,9314,9954,22020,10609,11411,19266,9319,9947,11009,5183,5826,2752,1339,1413,
41305,11012,5310,5702,19271,9317,9954,22023,10609,11414,19269,9321,9948,11009,5183,5826,2753,1339,1414,
41310,11014,5312,5702,19271,9317,9954,22024,10610,11414,19271,9323,9948,11011,5184,5827,2753,1339,1414,
41315,11015,5313,5702,19275,9318,9957,22028,10612,11416,19273,9324,9949,11013,5186,5827,2753,1339,1414,
41320,11016,5314,5702,19278,9319,9959,22031,10614,11417,19276,9325,9951,11013,5186,5827,2754,1339,1415,
41325,11018,5316,5702,19278,9319,9959,22032,10615,11417,19278,9326,9952,11015,5187,5828,2754,1339,1415,
41330,11019,5317,5702,19282,9322,9960,22036,10617,11419,19280,9327,9953,11017,5188,5829,2754,1339,1415,
41335,11020,5318,5702,19285,9323,9962,22039,10619,11420,19283,9328,9955,11017,5188,5829,2755,1340,1415,
41340,11022,5318,5704,19285,9323,9962,22040,10620,11420,19285,9329,9956,11019,5189,5830,2755,1340,1415,
41345,11023,5318,5705,19289,9324,9965,22044,10622,11422,19287,9329,9958,11021,5189,5832,2755,1340,1415,
41350,11024,5319,5705,19292,9325,9967,22047,10622,11425,19290,9331,9959,11021,5189,5832,2756,1340,1416,
41355,11026,5320,5706,19292,9325,9967,22048,10623,11425,19292,9332,9960,11023,5190,5833,2756,1340,1416,
41360,11027,5320,5707,19296,9327,9969,22052,10624,11428,19294,9332,9962,11025,5191,5834,2756,1340,1416,
41365,11028,5321,5707,19299,9329,9970,22055,10627,11428,19297,9333,9964,11025,5191,5834,2757,1340,1417,
41370,11030,5322,5708,19299,9329,9970,22056,10627,11429,19299,9334,9965,11027,5191,5836,2757,1340,1417,
41375,11031,5323,5708,19303,9329,9974,22060,10630,11430,19301,9335,9966,11029,5192,5837,2757,1340,1417,
41380,11032,5323,5709,19306,9330,9976,22063,10632,11431,19304,9336,9968,11029,5192,5837,2758,1340,1418,
41385,11034,5324,5710,19306,9330,9976,22064,10633,11431,19306,9336,9970,11031,5193,5838,2758,1340,1418,
41390,11035,5325,5710,19310,9331,9979,22068,10634,11434,19308,9337,9971,11033,5193,5840,2758,1340,1418,
41395,11036,5326,5710,19313,9332,9981,22071,10635,11436,19311,9340,9971,11033,5193,5840,2759,1340,1419,
41400,11038,5327,5711,19313,9332,9981,22072,10635,11437,19313,9341,9972,11035,5193,5842,2759,1340,1419,
41405,11039,5327,5712,19317,9333,9984,22076,10637,11439,19315,9342,9973,11037,5194,5843,2759,1340,1419,
41410,11040,5327,5713,19320,9334,9986,22079,10637,11442,19318,9344,9974,11037,5194,5843,2760,1340,1420,
41415,11042,5328,5714,19320,9334,9986,22080,10637,11443,19320,9345,9975,11039,5196,5843,2760,1340,1420,
41420,11043,5328,5715,19324,9335,9989,22084,10637,11447,19322,9346,9976,11041,5196,5845,2760,1340,1420,
41425,11044,5328,5716,19327,9337,9990,22087,10639,11448,19325,9347,9978,11041,5196,5845,2761,1340,1421,
41430,11046,5330,5716,19327,9337,9990,22088,10639,11449,19327,9347,9980,11043,5197,5846,2761,1340,1421,
41435,11047,5331,5716,19331,9338,9993,22092,10642,11450,19329,9347,9982,11045,5197,5848,2761,1340,1421,
41440,11048,5331,5717,19334,9339,9995,22095,10642,11453,19332,9347,9985,11045,5197,5848,2762,1340,1422,
41445,11050,5332,5718,19334,9339,9995,22096,10643,11453,19334,9349,9985,11047,5198,5849,2762,1340,1422,
41450,11051,5332,5719,19338,9341,9997,22100,10645,11455,19336,9350,9986,11049,5199,5850,2762,1340,1422,
41455,11052,5332,5720,19341,9343,9998,22103,10646,11457,19339,9352,9987,11049,5199,5850,2763,1340,1423,
41460,11054,5333,5721,19341,9343,9998,22104,10646,11458,19341,9352,9989,11051,5199,5852,2763,1340,1423,
41465,11055,5334,5721,19345,9347,9998,22108,10647,11461,19343,9353,9990,11053,5200,5853,2763,1340,1423,
41470,11056,5335,5721,19348,9350,9998,22111,10649,11462,19346,9355,9991,11053,5200,5853,2764,1340,1424,
41475,11058,5337,5721,19348,9350,9998,22112,10650,11462,19348,9356,9992,11055,5200,5855,2764,1340,1424,
41480,11059,5338,5721,19352,9350,10002,22116,10653,11463,19350,9357,9993,11057,5200,5857,2764,1340,1424,
41485,11060,5339,5721,19355,9352,10003,22119,10654,11465,19353,9359,9994,11057,5200,5857,2765,1340,1425,
41490,11062,5340,5722,19355,9352,10003,22120,10654,11466,19355,9359,9996,11059,5202,5857,2765,1340,1425,
41495,11063,5340,5723,19359,9354,10005,22124,10655,11469,19357,9361,9996,11061,5203,5858,2765,1340,1425,
41500,11064,5340,5724,19362,9356,10006,22127,10656,11471,19360,9362,9998,11061,5203,5858,2766,1341,1425,
41505,11066,5341,5725,19362,9356,10006,22128,10657,11471,19362,9364,9998,11063,5204,5859,2766,1341,1425,
41510,11067,5341,5726,19366,9359,10007,22132,10657,11475,19364,9364,10000,11065,5205,5860,2766,1341,1425,
41515,11068,5342,5726,19369,9360,10009,22135,10657,11478,19367,9366,10001,11065,5205,5860,2767,1341,1426,
41520,11070,5344,5726,19369,9360,10009,22136,10658,11478,19369,9367,10002,11067,5206,5861,2767,1341,1426,
41525,11071,5345,5726,19373,9361,10012,22140,10660,11480,19371,9369,10002,11069,5207,5862,2767,1341,1426,
41530,11072,5346,5726,19376,9363,10013,22143,10660,11483,19374,9370,10004,11069,5207,5862,2768,1341,1427,
41535,11074,5347,5727,19376,9363,10013,22144,10661,11483,19376,9371,10005,11071,5208,5863,2768,1341,1427,
41540,11075,5347,5728,19380,9365,10015,22148,10662,11486,19378,9372,10006,11073,5209,5864,2768,1341,1427,
41545,11076,5348,5728,19383,9366,10017,22151,10663,11488,19381,9372,10009,11073,5209,5864,2769,1341,1428,
41550,11078,5349,5729,19383,9366,10017,22152,10664,11488,19383,9373,10010,11075,5210,5865,2769,1341,1428,
41555,11079,5349,5730,19387,9368,10019,22156,10668,11488,19385,9373,10012,11077,5210,5867,2769,1341,1428,
41560,11080,5349,5731,19390,9370,10020,22159,10669,11490,19388,9374,10014,11077,5210,5867,2770,1341,1429,
41565,11082,5350,5732,19390,9370,10020,22160,10669,11491,19390,9375,10015,11079,5210,5869,2770,1341,1429,
41570,11083,5351,5732,19394,9372,10022,22164,10669,11495,19392,9376,10016,11081,5212,5869,2770,1341,1429,
41575,11084,5351,5733,19397,9374,10023,22167,10671,11496,19395,9376,10019,11081,5212,5869,2771,1342,1429,
41580,11086,5351,5735,19397,9374,10023,22168,10671,11497,19397,9376,10021,11083,5213,5870,2771,1342,1429,
41585,11087,5352,5735,19401,9376,10025,22172,10672,11500,19399,9378,10021,11085,5213,5872,2771,1342,1429,
41590,11088,5352,5736,19404,9377,10027,22175,10674,11501,19402,9379,10023,11085,5213,5872,2772,1343,1429,
41595,11090,5352,5738,19404,9377,10027,22176,10674,11502,19404,9379,10025,11087,5214,5873,2772,1343,1429,
41600,11091,5353,5738,19408,9380,10028,22180,10677,11503,19406,9381,10025,11089,5215,5874,2772,1343,1429,
41605,11092,5354,5738,19411,9380,10031,22183,10678,11505,19409,9381,10028,11089,5215,5874,2773,1344,1429,
41610,11094,5355,5739,19411,9380,10031,22184,10679,11505,19411,9382,10029,11091,5215,5876,2773,1344,1429,
41615,11095,5356,5739,19415,9383,10032,22188,10679,11509,19413,9382,10031,11093,5216,5877,2773,1344,1429,
41620,11096,5356,5740,19418,9385,10033,22191,10681,11510,19416,9382,10034,11093,5216,5877,2774,1344,1430,
41625,11098,5357,5741,19418,9385,10033,22192,10682,11510,19418,9383,10035,11095,5216,5879,2774,1344,1430,
41630,11099,5358,5741,19422,9389,10033,22196,10685,11511,19420,9384,10036,11097,5216,5881,2774,1344,1430,
41635,11100,5358,5742,19425,9391,10034,22199,10686,11513,19423,9386,10037,11097,5216,5881,2775,1344,1431,
41640,11102,5359,5743,19425,9391,10034,22200,10686,11514,19425,9388,10037,11099,5217,5882,2775,1344,1431,
41645,11103,5359,5744,19429,9393,10036,22204,10689,11515,19427,9389,10038,11101,5218,5883,2775,1344,1431,
41650,11104,5359,5745,19432,9396,10036,22207,10690,11517,19430,9390,10040,11101,5218,5883,2776,1344,1432,
41655,11106,5360,5746,19432,9396,10036,22208,10691,11517,19432,9392,10040,11103,5219,5884,2776,1344,1432,
41660,11107,5360,5747,19436,9400,10036,22212,10694,11518,19434,9393,10041,11105,5220,5885,2776,1344,1432,
41665,11108,5361,5747,19439,9402,10037,22215,10695,11520,19437,9394,10043,11105,5220,5885,2777,1345,1432,
41670,11110,5362,5748,19439,9402,10037,22216,10696,11520,19439,9394,10045,11107,5221,5886,2777,1345,1432,
41675,11111,5362,5749,19443,9405,10038,22220,10698,11522,19441,9396,10045,11109,5222,5887,2777,1345,1432,
41680,11112,5362,5750,19446,9407,10039,22223,10699,11524,19444,9398,10046,11109,5222,5887,2778,1346,1432,
41685,11114,5363,5751,19446,9407,10039,22224,10699,11525,19446,9398,10048,11111,5222,5889,2778,1346,1432,
41690,11115,5364,5751,19450,9409,10041,22228,10700,11528,19448,9400,10048,11113,5223,5890,2778,1346,1432,
41695,11116,5364,5752,19453,9410,10043,22231,10701,11530,19451,9402,10049,11113,5223,5890,2779,1347,1432,
41700,11118,5364,5754,19453,9410,10043,22232,10701,11531,19453,9403,10050,11115,5224,5891,2779,1347,1432,
41705,11119,5365,5754,19457,9411,10046,22236,10701,11535,19455,9403,10052,11117,5225,5892,2779,1347,1432,
41710,11120,5365,5755,19460,9413,10047,22239,10701,11538,19458,9403,10055,11117,5225,5892,2780,1348,1432,
41715,11122,5367,5755,19460,9413,10047,22240,10702,11538,19460,9403,10057,11119,5225,5894,2780,1348,1432,
41720,11123,5368,5755,19464,9414,10050,22244,10704,11540,19462,9404,10058,11121,5227,5894,2780,1348,1432,
41725,11124,5369,5755,19467,9414,10053,22247,10706,11541,19465,9404,10061,11121,5227,5894,2781,1349,1432,
41730,11126,5370,5756,19467,9414,10053,22248,10706,11542,19467,9405,10062,11123,5228,5895,2781,1349,1432,
41735,11127,5371,5756,19471,9417,10054,22252,10710,11542,19469,9406,10063,11125,5229,5896,2781,1349,1432,
41740,11128,5372,5756,19474,9420,10054,22255,10712,11543,19472,9407,10065,11125,5229,5896,2782,1349,1433,
41745,11130,5372,5758,19474,9420,10054,22256,10713,11543,19474,9408,10066,11127,5231,5896,2782,1349,1433,
41750,11131,5372,5759,19478,9422,10056,22260,10715,11545,19476,9410,10066,11129,5232,5897,2782,1349,1433,
41755,11132,5373,5759,19481,9424,10057,22263,10716,11547,19479,9411,10068,11129,5232,5897,2783,1349,1434,
41760,11134,5374,5760,19481,9424,10057,22264,10717,11547,19481,9411,10070,11131,5233,5898,2783,1349,1434,
41765,11135,5375,5760,19485,9425,10060,22268,10720,11548,19483,9412,10071,11133,5233,5900,2783,1349,1434,
41770,11136,5375,5761,19488,9427,10061,22271,10722,11549,19486,9414,10072,11133,5233,5900,2784,1350,1434,
41775,11138,5377,5761,19488,9427,10061,22272,10722,11550,19488,9415,10073,11135,5233,5902,2784,1350,1434,
41780,11139,5378,5761,19492,9429,10063,22276,10723,11553,19490,9416,10074,11137,5235,5902,2784,1350,1434,
41785,11140,5379,5761,19495,9430,10065,22279,10724,11555,19493,9418,10075,11137,5235,5902,2785,1350,1435,
41790,11142,5380,5762,19495,9430,10065,22280,10724,11556,19495,9419,10076,11139,5236,5903,2785,1350,1435,
41795,11143,5381,5762,19499,9432,10067,22284,10725,11559,19497,9421,10076,11141,5237,5904,2785,1350,1435,
41800,11144,5382,5762,19502,9432,10070,22287,10726,11561,19500,9423,10077,11141,5237,5904,2786,1351,1435,
41805,11146,5384,5762,19502,9432,10070,22288,10727,11561,19502,9425,10077,11143,5238,5905,2786,1351,1435,
41810,11147,5385,5762,19506,9432,10074,22292,10729,11563,19504,9425,10079,11145,5239,5906,2786,1351,1435,
41815,11148,5385,5763,19509,9432,10077,22295,10731,11564,19507,9427,10080,11145,5239,5906,2787,1352,1435,
41820,11150,5385,5765,19509,9432,10077,22296,10732,11564,19509,9429,10080,11147,5240,5907,2787,1352,1435,
41825,11151,5386,5765,19513,9435,10078,22300,10734,11566,19511,9429,10082,11149,5241,5908,2787,1352,1435,
41830,11152,5386,5766,19516,9436,10080,22303,10737,11566,19514,9430,10084,11149,5241,5908,2788,1353,1435,
41835,11154,5388,5766,19516,9436,10080,22304,10737,11567,19516,9431,10085,11151,5242,5909,2788,1353,1435,
41840,11155,5388,5767,19520,9439,10081,22308,10738,11570,19518,9433,10085,11153,5243,5910,2788,1353,1435,
41845,11156,5388,5768,19523,9440,10083,22311,10739,11572,19521,9435,10086,11153,5243,5910,2789,1353,1436,
41850,11158,5389,5769,19523,9440,10083,22312,10739,11573,19523,9435,10088,11155,5243,5912,2789,1353,1436,
41855,11159,5389,5770,19527,9442,10085,22316,10740,11576,19525,9436,10089,11157,5243,5914,2789,1353,1436,
41860,11160,5390,5770,19530,9443,10087,22319,10741,11578,19528,9436,10092,11157,5243,5914,2790,1353,1437,
41865,11162,5390,5772,19530,9443,10087,22320,10741,11579,19530,9437,10093,11159,5244,5915,2790,1353,1437,
41870,11163,5390,5773,19534,9444,10090,22324,10743,11581,19532,9437,10095,11161,5244,5917,2790,1353,1437,
41875,11164,5391,5773,19537,9445,10092,22327,10744,11583,19535,9439,10096,11161,5244,5917,2791,1354,1437,
41880,11166,5392,5774,19537,9445,10092,22328,10745,11583,19537,9440,10097,11163,5245,5918,2791,1354,1437,
41885,11167,5392,5775,19541,9447,10094,22332,10747,11585,19539,9441,10098,11165,5246,5919,2791,1354,1437,
41890,11168,5392,5776,19544,9448,10096,22335,10750,11585,19542,9442,10100,11165,5246,5919,2792,1354,1438,
41895,11170,5392,5778,19544,9448,10096,22336,10750,11586,19544,9443,10101,11167,5247,5920,2792,1354,1438,
41900,11171,5393,5778,19548,9452,10096,22340,10752,11588,19546,9443,10103,11169,5247,5922,2792,1354,1438,
41905,11172,5394,5778,19551,9454,10097,22343,10754,11589,19549,9444,10105,11169,5247,5922,2793,1355,1438,
41910,11174,5395,5779,19551,9454,10097,22344,10754,11590,19551,9445,10106,11171,5247,5924,2793,1355,1438,
41915,11175,5395,5780,19555,9456,10099,22348,10756,11592,19553,9446,10107,11173,5247,5926,2793,1355,1438,
41920,11176,5395,5781,19558,9457,10101,22351,10759,11592,19556,9448,10108,11173,5247,5926,2794,1356,1438,
41925,11178,5396,5782,19558,9457,10101,22352,10759,11593,19558,9449,10109,11175,5248,5927,2794,1356,1438,
41930,11179,5396,5783,19562,9459,10103,22356,10761,11595,19560,9451,10109,11177,5250,5927,2794,1356,1438,
41935,11180,5397,5783,19565,9461,10104,22359,10763,11596,19563,9453,10110,11177,5250,5927,2795,1357,1438,
41940,11182,5399,5783,19565,9461,10104,22360,10763,11597,19565,9454,10111,11179,5250,5929,2795,1357,1438,
41945,11183,5400,5783,19569,9462,10107,22364,10764,11600,19567,9455,10112,11181,5251,5930,2795,1357,1438,
41950,11184,5400,5784,19572,9464,10108,22367,10766,11601,19570,9456,10114,11181,5251,5930,2796,1357,1439,
41955,11186,5401,5785,19572,9464,10108,22368,10766,11602,19572,9457,10115,11183,5252,5931,2796,1357,1439,
41960,11187,5402,5785,19576,9466,10110,22372,10767,11605,19574,9457,10117,11185,5253,5932,2796,1357,1439,
41965,11188,5402,5786,19579,9467,10112,22375,10769,11606,19577,9459,10118,11185,5253,5932,2797,1357,1440,
41970,11190,5402,5788,19579,9467,10112,22376,10770,11606,19579,9459,10120,11187,5254,5933,2797,1357,1440,
41975,11191,5403,5788,19583,9470,10113,22380,10774,11606,19581,9460,10121,11189,5256,5933,2797,1357,1440,
41980,11192,5403,5789,19586,9470,10116,22383,10774,11609,19584,9460,10124,11189,5256,5933,2798,1357,1441,
41985,11194,5404,5790,19586,9470,10116,22384,10775,11609,19586,9461,10125,11191,5257,5934,2798,1357,1441,
41990,11195,5405,5790,19590,9473,10117,22388,10779,11609,19588,9461,10127,11193,5258,5935,2798,1357,1441,
41995,11196,5405,5791,19593,9476,10117,22391,10780,11611,19591,9463,10128,11193,5258,5935,2799,1357,1442,
42000,11198,5406,5792,19593,9476,10117,22392,10780,11612,19593,9463,10130,11195,5259,5936,2799,1357,1442,
42005,11199,5407,5792,19597,9477,10120,22396,10783,11613,19595,9465,10130,11197,5260,5937,2799,1357,1442,
42010,11200,5408,5792,19600,9477,10123,22399,10785,11614,19598,9468,10130,11197,5260,5937,2800,1358,1442,
42015,11202,5410,5792,19600,9477,10123,22400,10785,11615,19600,9468,10132,11199,5261,5938,2800,1358,1442,
42020,11203,5410,5793,19604,9477,10127,22404,10787,11617,19602,9469,10133,11201,5261,5940,2800,1358,1442,
42025,11204,5410,5794,19607,9480,10127,22407,10787,11620,19605,9470,10135,11201,5261,5940,2801,1359,1442,
42030,11206,5411,5795,19607,9480,10127,22408,10788,11620,19607,9472,10135,11203,5261,5942,2801,1359,1442,
42035,11207,5412,5795,19611,9483,10128,22412,10791,11621,19609,9473,10136,11205,5261,5944,2801,1359,1442,
42040,11208,5413,5795,19614,9484,10130,22415,10793,11622,19612,9474,10138,11205,5261,5944,2802,1359,1443,
42045,11210,5413,5797,19614,9484,10130,22416,10793,11623,19614,9474,10140,11207,5262,5945,2802,1359,1443,
42050,11211,5414,5797,19618,9486,10132,22420,10794,11626,19616,9476,10140,11209,5263,5946,2802,1359,1443,
42055,11212,5414,5798,19621,9489,10132,22423,10796,11627,19619,9478,10141,11209,5263,5946,2803,1359,1444,
42060,11214,5414,5800,19621,9489,10132,22424,10796,11628,19621,9479,10142,11211,5263,5948,2803,1359,1444,
42065,11215,5414,5801,19625,9491,10134,22428,10799,11629,19623,9480,10143,11213,5264,5949,2803,1359,1444,
42070,11216,5414,5802,19628,9493,10135,22431,10800,11631,19626,9480,10146,11213,5264,5949,2804,1360,1444,
42075,11218,5416,5802,19628,9493,10135,22432,10800,11632,19628,9482,10146,11215,5264,5951,2804,1360,1444,
42080,11219,5416,5803,19632,9495,10137,22436,10802,11634,19630,9484,10146,11217,5266,5951,2804,1360,1444,
42085,11220,5417,5803,19635,9497,10138,22439,10802,11637,19633,9486,10147,11217,5266,5951,2805,1361,1444,
42090,11222,5419,5803,19635,9497,10138,22440,10802,11638,19635,9487,10148,11219,5268,5951,2805,1361,1444,
42095,11223,5420,5803,19639,9497,10142,22444,10802,11642,19637,9488,10149,11221,5269,5952,2805,1361,1444,
42100,11224,5420,5804,19642,9500,10142,22447,10803,11644,19640,9488,10152,11221,5269,5952,2806,1362,1444,
42105,11226,5421,5805,19642,9500,10142,22448,10803,11645,19642,9489,10153,11223,5269,5954,2806,1362,1444,
42110,11227,5421,5806,19646,9503,10143,22452,10806,11646,19644,9489,10155,11225,5270,5955,2806,1362,1444,
42115,11228,5421,5807,19649,9505,10144,22455,10806,11649,19647,9491,10156,11225,5270,5955,2807,1362,1445,
42120,11230,5421,5809,19649,9505,10144,22456,10807,11649,19649,9493,10156,11227,5272,5955,2807,1362,1445,
42125,11231,5422,5809,19653,9509,10144,22460,10808,11652,19651,9494,10157,11229,5273,5956,2807,1362,1445,
42130,11232,5423,5809,19656,9510,10146,22463,10811,11652,19654,9495,10159,11229,5273,5956,2808,1362,1446,
42135,11234,5423,5811,19656,9510,10146,22464,10811,11653,19656,9496,10160,11231,5275,5956,2808,1362,1446,
42140,11235,5424,5811,19660,9511,10149,22468,10813,11655,19658,9498,10160,11233,5275,5958,2808,1362,1446,
42145,11236,5424,5812,19663,9512,10151,22471,10813,11658,19661,9500,10161,11233,5275,5958,2809,1363,1446,
42150,11238,5425,5813,19663,9512,10151,22472,10814,11658,19663,9500,10163,11235,5277,5958,2809,1363,1446,
42155,11239,5425,5814,19667,9513,10154,22476,10816,11660,19665,9501,10164,11237,5277,5960,2809,1363,1446,
42160,11240,5426,5814,19670,9516,10154,22479,10818,11661,19668,9502,10166,11237,5277,5960,2810,1363,1447,
42165,11242,5428,5814,19670,9516,10154,22480,10818,11662,19670,9504,10166,11239,5278,5961,2810,1363,1447,
42170,11243,5429,5814,19674,9518,10156,22484,10819,11665,19672,9505,10167,11241,5280,5961,2810,1363,1447,
42175,11244,5429,5815,19677,9520,10157,22487,10822,11665,19675,9505,10170,11241,5280,5961,2811,1364,1447,
42180,11246,5430,5816,19677,9520,10157,22488,10823,11665,19677,9506,10171,11243,5281,5962,2811,1364,1447,
42185,11247,5431,5816,19681,9523,10158,22492,10825,11667,19679,9506,10173,11245,5281,5964,2811,1364,1447,
42190,11248,5431,5817,19684,9525,10159,22495,10828,11667,19682,9507,10175,11245,5281,5964,2812,1365,1447,
42195,11250,5433,5817,19684,9525,10159,22496,10828,11668,19684,9507,10177,11247,5281,5966,2812,1365,1447,
42200,11251,5433,5818,19688,9527,10161,22500,10831,11669,19686,9507,10179,11249,5282,5967,2812,1365,1447,
42205,11252,5434,5818,19691,9530,10161,22503,10832,11671,19689,9508,10181,11249,5282,5967,2813,1366,1447,
42210,11254,5435,5819,19691,9530,10161,22504,10833,11671,19691,9508,10183,11251,5283,5968,2813,1366,1447,
42215,11255,5435,5820,19695,9532,10163,22508,10834,11674,19693,9509,10184,11253,5284,5969,2813,1366,1447,
42220,11256,5435,5821,19698,9533,10165,22511,10835,11676,19696,9510,10186,11253,5284,5969,2814,1366,1448,
42225,11258,5436,5822,19698,9533,10165,22512,10836,11676,19698,9512,10186,11255,5286,5969,2814,1366,1448,
42230,11259,5437,5822,19702,9535,10167,22516,10839,11677,19700,9513,10187,11257,5287,5970,2814,1366,1448,
42235,11260,5437,5823,19705,9537,10168,22519,10840,11679,19703,9514,10189,11257,5287,5970,2815,1366,1449,
42240,11262,5438,5824,19705,9537,10168,22520,10841,11679,19705,9515,10190,11259,5288,5971,2815,1366,1449,
42245,11263,5438,5825,19709,9541,10168,22524,10843,11681,19707,9515,10192,11261,5289,5972,2815,1366,1449,
42250,11264,5439,5825,19712,9543,10169,22527,10844,11683,19710,9517,10193,11261,5289,5972,2816,1367,1449,
42255,11266,5441,5825,19712,9543,10169,22528,10845,11683,19712,9518,10194,11263,5291,5972,2816,1367,1449,
42260,11267,5441,5826,19716,9543,10173,22532,10847,11685,19714,9518,10196,11265,5292,5973,2816,1367,1449,
42265,11268,5442,5826,19719,9545,10174,22535,10848,11687,19717,9520,10197,11265,5292,5973,2817,1367,1450,
42270,11270,5442,5828,19719,9545,10174,22536,10848,11688,19719,9522,10197,11267,5294,5973,2817,1367,1450,
42275,11271,5443,5828,19723,9547,10176,22540,10851,11689,19721,9523,10198,11269,5295,5974,2817,1367,1450,
42280,11272,5444,5828,19726,9549,10177,22543,10853,11690,19724,9524,10200,11269,5295,5974,2818,1367,1451,
42285,11274,5446,5828,19726,9549,10177,22544,10853,11691,19726,9524,10202,11271,5296,5975,2818,1367,1451,
42290,11275,5446,5829,19730,9552,10178,22548,10856,11692,19728,9524,10204,11273,5298,5975,2818,1367,1451,
42295,11276,5447,5829,19733,9552,10181,22551,10857,11694,19731,9527,10204,11273,5298,5975,2819,1367,1452,
42300,11278,5449,5829,19733,9552,10181,22552,10858,11694,19733,9527,10206,11275,5299,5976,2819,1367,1452,
42305,11279,5449,5830,19737,9553,10184,22556,10859,11697,19735,9528,10207,11277,5300,5977,2819,1367,1452,
42310,11280,5449,5831,19740,9555,10185,22559,10859,11700,19738,9531,10207,11277,5300,5977,2820,1367,1453,
42315,11282,5451,5831,19740,9555,10185,22560,10860,11700,19740,9531,10209,11279,5302,5977,2820,1367,1453,
42320,11283,5452,5831,19744,9558,10186,22564,10863,11701,19742,9532,10210,11281,5303,5978,2820,1367,1453,
42325,11284,5452,5832,19747,9559,10188,22567,10864,11703,19745,9534,10211,11281,5303,5978,2821,1367,1454,
42330,11286,5452,5834,19747,9559,10188,22568,10864,11704,19747,9535,10212,11283,5305,5978,2821,1367,1454,
42335,11287,5452,5835,19751,9561,10190,22572,10867,11705,19749,9536,10213,11285,5305,5980,2821,1367,1454,
42340,11288,5453,5835,19754,9562,10192,22575,10869,11706,19752,9536,10216,11285,5305,5980,2822,1367,1455,
42345,11290,5453,5837,19754,9562,10192,22576,10870,11706,19754,9538,10216,11287,5306,5981,2822,1367,1455,
42350,11291,5453,5838,19758,9565,10193,22580,10871,11709,19756,9540,10216,11289,5308,5981,2822,1367,1455,
42355,11292,5454,5838,19761,9566,10195,22583,10874,11709,19759,9540,10219,11289,5308,5981,2823,1368,1455,
42360,11294,5454,5840,19761,9566,10195,22584,10874,11710,19761,9540,10221,11291,5310,5981,2823,1368,1455,
42365,11295,5454,5841,19765,9568,10197,22588,10876,11712,19763,9542,10221,11293,5310,5983,2823,1368,1455,
42370,11296,5454,5842,19768,9570,10198,22591,10879,11712,19766,9544,10222,11293,5310,5983,2824,1369,1455,
42375,11298,5456,5842,19768,9570,10198,22592,10880,11712,19768,9546,10222,11295,5311,5984,2824,1369,1455,
42380,11299,5457,5842,19772,9572,10200,22596,10882,11714,19770,9548,10222,11297,5311,5986,2824,1369,1455,
42385,11300,5458,5842,19775,9574,10201,22599,10883,11716,19773,9550,10223,11297,5311,5986,2825,1370,1455,
42390,11302,5459,5843,19775,9574,10201,22600,10883,11717,19775,9551,10224,11299,5312,5987,2825,1370,1455,
42395,11303,5460,5843,19779,9576,10203,22604,10884,11720,19777,9553,10224,11301,5313,5988,2825,1370,1455,
42400,11304,5460,5844,19782,9577,10205,22607,10885,11722,19780,9555,10225,11301,5313,5988,2826,1371,1455,
42405,11306,5461,5845,19782,9577,10205,22608,10886,11722,19782,9556,10226,11303,5313,5990,2826,1371,1455,
42410,11307,5461,5846,19786,9579,10207,22612,10887,11725,19784,9558,10226,11305,5314,5991,2826,1371,1455,
42415,11308,5461,5847,19789,9580,10209,22615,10889,11726,19787,9560,10227,11305,5314,5991,2827,1372,1455,
42420,11310,5463,5847,19789,9580,10209,22616,10889,11727,19789,9561,10228,11307,5315,5992,2827,1372,1455,
42425,11311,5463,5848,19793,9580,10213,22620,10891,11729,19791,9561,10230,11309,5315,5994,2827,1372,1455,
42430,11312,5464,5848,19796,9581,10215,22623,10892,11731,19794,9563,10231,11309,5315,5994,2828,1373,1455,
42435,11314,5466,5848,19796,9581,10215,22624,10892,11732,19796,9564,10232,11311,5317,5994,2828,1373,1455,
42440,11315,5467,5848,19800,9584,10216,22628,10893,11735,19798,9565,10233,11313,5318,5995,2828,1373,1455,
42445,11316,5468,5848,19803,9585,10218,22631,10895,11736,19801,9567,10234,11313,5318,5995,2829,1373,1456,
42450,11318,5469,5849,19803,9585,10218,22632,10895,11737,19803,9568,10235,11315,5318,5997,2829,1373,1456,
42455,11319,5470,5849,19807,9586,10221,22636,10897,11739,19805,9569,10236,11317,5319,5998,2829,1373,1456,
42460,11320,5470,5850,19810,9588,10222,22639,10898,11741,19808,9570,10238,11317,5319,5998,2830,1374,1456,
42465,11322,5472,5850,19810,9588,10222,22640,10898,11742,19810,9571,10239,11319,5320,5999,2830,1374,1456,
42470,11323,5472,5851,19814,9589,10225,22644,10899,11745,19812,9572,10240,11321,5321,6000,2830,1374,1456,
42475,11324,5473,5851,19817,9591,10226,22647,10900,11747,19815,9574,10241,11321,5321,6000,2831,1375,1456,
42480,11326,5475,5851,19817,9591,10226,22648,10901,11747,19817,9575,10242,11323,5322,6001,2831,1375,1456,
42485,11327,5476,5851,19821,9594,10227,22652,10905,11747,19819,9576,10243,11325,5323,6002,2831,1375,1456,
42490,11328,5477,5851,19824,9594,10230,22655,10907,11748,19822,9577,10245,11325,5323,6002,2832,1375,1457,
42495,11330,5479,5851,19824,9594,10230,22656,10907,11749,19824,9578,10246,11327,5325,6002,2832,1375,1457,
42500,11331,5479,5852,19828,9597,10231,22660,10909,11751,19826,9579,10247,11329,5326,6003,2832,1375,1457,
42505,11332,5480,5852,19831,9599,10232,22663,10912,11751,19829,9580,10249,11329,5326,6003,2833,1376,1457,
42510,11334,5482,5852,19831,9599,10232,22664,10912,11752,19831,9581,10250,11331,5328,6003,2833,1376,1457,
42515,11335,5483,5852,19835,9600,10235,22668,10916,11752,19833,9581,10252,11333,5329,6004,2833,1376,1457,
42520,11336,5484,5852,19838,9602,10236,22671,10918,11753,19836,9582,10254,11333,5329,6004,2834,1376,1458,
42525,11338,5485,5853,19838,9602,10236,22672,10918,11754,19838,9584,10254,11335,5330,6005,2834,1376,1458,
42530,11339,5486,5853,19842,9604,10238,22676,10919,11757,19840,9585,10255,11337,5330,6007,2834,1376,1458,
42535,11340,5487,5853,19845,9605,10240,22679,10921,11758,19843,9587,10256,11337,5330,6007,2835,1377,1458,
42540,11342,5488,5854,19845,9605,10240,22680,10921,11759,19845,9587,10258,11339,5331,6008,2835,1377,1458,
42545,11343,5488,5855,19849,9608,10241,22684,10924,11760,19847,9589,10258,11341,5331,6010,2835,1377,1458,
42550,11344,5488,5856,19852,9610,10242,22687,10924,11763,19850,9590,10260,11341,5331,6010,2836,1377,1459,
42555,11346,5488,5858,19852,9610,10242,22688,10924,11764,19852,9590,10262,11343,5333,6010,2836,1377,1459,
42560,11347,5488,5859,19856,9612,10244,22692,10925,11767,19854,9591,10263,11345,5334,6011,2836,1377,1459,
42565,11348,5489,5859,19859,9614,10245,22695,10925,11770,19857,9593,10264,11345,5334,6011,2837,1377,1460,
42570,11350,5490,5860,19859,9614,10245,22696,10925,11771,19859,9595,10264,11347,5335,6012,2837,1377,1460,
42575,11351,5490,5861,19863,9615,10248,22700,10926,11774,19861,9596,10265,11349,5335,6014,2837,1377,1460,
42580,11352,5491,5861,19866,9618,10248,22703,10928,11775,19864,9597,10267,11349,5335,6014,2838,1378,1460,
42585,11354,5493,5861,19866,9618,10248,22704,10929,11775,19866,9597,10269,11351,5336,6015,2838,1378,1460,
42590,11355,5494,5861,19870,9621,10249,22708,10931,11777,19868,9598,10270,11353,5337,6016,2838,1378,1460,
42595,11356,5495,5861,19873,9622,10251,22711,10933,11778,19871,9601,10270,11353,5337,6016,2839,1378,1461,
42600,11358,5496,5862,19873,9622,10251,22712,10933,11779,19873,9601,10272,11355,5339,6016,2839,1378,1461,
42605,11359,5496,5863,19877,9624,10253,22716,10934,11782,19875,9601,10274,11357,5340,6017,2839,1378,1461,
42610,11360,5496,5864,19880,9626,10254,22719,10934,11785,19878,9602,10276,11357,5340,6017,2840,1379,1461,
42615,11362,5497,5865,19880,9626,10254,22720,10935,11785,19880,9603,10277,11359,5341,6018,2840,1379,1461,
42620,11363,5498,5865,19884,9627,10257,22724,10936,11788,19882,9604,10278,11361,5343,6018,2840,1379,1461,
42625,11364,5499,5865,19887,9628,10259,22727,10937,11790,19885,9604,10281,11361,5343,6018,2841,1380,1461,
42630,11366,5500,5866,19887,9628,10259,22728,10938,11790,19887,9604,10283,11363,5345,6018,2841,1380,1461,
42635,11367,5501,5866,19891,9630,10261,22732,10939,11793,19889,9604,10285,11365,5347,6018,2841,1380,1461,
42640,11368,5501,5867,19894,9630,10264,22735,10941,11794,19892,9606,10286,11365,5347,6018,2842,1380,1462,
42645,11370,5503,5867,19894,9630,10264,22736,10941,11795,19894,9607,10287,11367,5348,6019,2842,1380,1462,
42650,11371,5503,5868,19898,9631,10267,22740,10943,11797,19896,9607,10289,11369,5350,6019,2842,1380,1462,
42655,11372,5504,5868,19901,9633,10268,22743,10946,11797,19899,9609,10290,11369,5350,6019,2843,1381,1462,
42660,11374,5504,5870,19901,9633,10268,22744,10947,11797,19901,9609,10292,11371,5351,6020,2843,1381,1462,
42665,11375,5504,5871,19905,9634,10271,22748,10947,11801,19903,9609,10294,11373,5351,6022,2843,1381,1462,
42670,11376,5504,5872,19908,9635,10273,22751,10948,11803,19906,9610,10296,11373,5351,6022,2844,1382,1462,
42675,11378,5505,5873,19908,9635,10273,22752,10949,11803,19908,9611,10297,11375,5351,6024,2844,1382,1462,
42680,11379,5506,5873,19912,9637,10275,22756,10950,11806,19910,9613,10297,11377,5353,6024,2844,1382,1462,
42685,11380,5506,5874,19915,9638,10277,22759,10952,11807,19913,9615,10298,11377,5353,6024,2845,1382,1463,
42690,11382,5507,5875,19915,9638,10277,22760,10952,11808,19915,9615,10300,11379,5354,6025,2845,1382,1463,
42695,11383,5507,5876,19919,9639,10280,22764,10956,11808,19917,9617,10300,11381,5354,6027,2845,1382,1463,
42700,11384,5507,5877,19922,9639,10283,22767,10957,11810,19920,9618,10302,11381,5354,6027,2846,1383,1463,
42705,11386,5509,5877,19922,9639,10283,22768,10957,11811,19922,9619,10303,11383,5355,6028,2846,1383,1463,
42710,11387,5509,5878,19926,9641,10285,22772,10959,11813,19924,9619,10305,11385,5355,6030,2846,1383,1463,
42715,11388,5509,5879,19929,9643,10286,22775,10961,11814,19927,9621,10306,11385,5355,6030,2847,1384,1463,
42720,11390,5511,5879,19929,9643,10286,22776,10962,11814,19929,9622,10307,11387,5355,6032,2847,1384,1463,
42725,11391,5511,5880,19933,9645,10288,22780,10963,11817,19931,9624,10307,11389,5356,6033,2847,1384,1463,
42730,11392,5511,5881,19936,9645,10291,22783,10964,11819,19934,9624,10310,11389,5356,6033,2848,1384,1464,
42735,11394,5511,5883,19936,9645,10291,22784,10964,11820,19936,9625,10311,11391,5357,6034,2848,1384,1464,
42740,11395,5512,5883,19940,9648,10292,22788,10966,11822,19938,9627,10311,11393,5357,6036,2848,1384,1464,
42745,11396,5513,5883,19943,9649,10294,22791,10966,11825,19941,9630,10311,11393,5357,6036,2849,1385,1464,
42750,11398,5515,5883,19943,9649,10294,22792,10967,11825,19943,9632,10311,11395,5359,6036,2849,1385,1464,
42755,11399,5515,5884,19947,9650,10297,22796,10970,11826,19945,9633,10312,11397,5360,6037,2849,1385,1464,
42760,11400,5515,5885,19950,9651,10299,22799,10972,11827,19948,9635,10313,11397,5360,6037,2850,1386,1464,
42765,11402,5517,5885,19950,9651,10299,22800,10972,11828,19950,9635,10315,11399,5361,6038,2850,1386,1464,
42770,11403,5517,5886,19954,9652,10302,22804,10974,11830,19952,9637,10315,11401,5363,6038,2850,1386,1464,
42775,11404,5518,5886,19957,9654,10303,22807,10976,11831,19955,9639,10316,11401,5363,6038,2851,1386,1465,
42780,11406,5520,5886,19957,9654,10303,22808,10977,11831,19957,9641,10316,11403,5364,6039,2851,1386,1465,
42785,11407,5521,5886,19961,9655,10306,22812,10977,11835,19959,9643,10316,11405,5365,6040,2851,1386,1465,
42790,11408,5522,5886,19964,9655,10309,22815,10979,11836,19962,9643,10319,11405,5365,6040,2852,1387,1465,
42795,11410,5522,5888,19964,9655,10309,22816,10979,11837,19964,9644,10320,11407,5366,6041,2852,1387,1465,
42800,11411,5522,5889,19968,9655,10313,22820,10982,11838,19966,9645,10321,11409,5367,6042,2852,1387,1465,
42805,11412,5523,5889,19971,9656,10315,22823,10983,11840,19969,9647,10322,11409,5367,6042,2853,1388,1465,
42810,11414,5524,5890,19971,9656,10315,22824,10983,11841,19971,9648,10323,11411,5367,6044,2853,1388,1465,
42815,11415,5524,5891,19975,9657,10318,22828,10985,11843,19973,9648,10325,11413,5368,6045,2853,1388,1465,
42820,11416,5525,5891,19978,9660,10318,22831,10986,11845,19976,9649,10327,11413,5368,6045,2854,1388,1466,
42825,11418,5527,5891,19978,9660,10318,22832,10986,11846,19978,9650,10328,11415,5369,6046,2854,1388,1466,
42830,11419,5528,5891,19982,9662,10320,22836,10987,11849,19980,9652,10328,11417,5370,6047,2854,1388,1466,
42835,11420,5528,5892,19985,9663,10322,22839,10989,11850,19983,9654,10329,11417,5370,6047,2855,1388,1467,
42840,11422,5529,5893,19985,9663,10322,22840,10989,11851,19985,9655,10330,11419,5371,6048,2855,1388,1467,
42845,11423,5530,5893,19989,9666,10323,22844,10990,11854,19987,9656,10331,11421,5372,6049,2855,1388,1467,
42850,11424,5530,5894,19992,9668,10324,22847,10993,11854,19990,9658,10332,11421,5372,6049,2856,1388,1468,
42855,11426,5531,5895,19992,9668,10324,22848,10993,11855,19992,9659,10333,11423,5374,6049,2856,1388,1468,
42860,11427,5532,5895,19996,9670,10326,22852,10995,11857,19994,9660,10334,11425,5374,6051,2856,1388,1468,
42865,11428,5533,5895,19999,9672,10327,22855,10997,11858,19997,9660,10337,11425,5374,6051,2857,1389,1468,
42870,11430,5535,5895,19999,9672,10327,22856,10997,11859,19999,9661,10338,11427,5374,6053,2857,1389,1468,
42875,11431,5536,5895,20003,9673,10330,22860,11000,11860,20001,9662,10339,11429,5374,6055,2857,1389,1468,
42880,11432,5537,5895,20006,9674,10332,22863,11001,11862,20004,9663,10341,11429,5374,6055,2858,1389,1469,
42885,11434,5538,5896,20006,9674,10332,22864,11001,11863,20006,9664,10342,11431,5376,6055,2858,1389,1469,
42890,11435,5538,5897,20010,9675,10335,22868,11003,11865,20008,9664,10344,11433,5378,6055,2858,1389,1469,
42895,11436,5539,5897,20013,9677,10336,22871,11003,11868,20011,9665,10346,11433,5378,6055,2859,1390,1469,
42900,11438,5540,5898,20013,9677,10336,22872,11003,11869,20013,9667,10346,11435,5380,6055,2859,1390,1469,
42905,11439,5541,5898,20017,9680,10337,22876,11005,11871,20015,9667,10348,11437,5381,6056,2859,1390,1469,
42910,11440,5542,5898,20020,9680,10340,22879,11006,11873,20018,9668,10350,11437,5381,6056,2860,1391,1469,
42915,11442,5543,5899,20020,9680,10340,22880,11007,11873,20020,9669,10351,11439,5382,6057,2860,1391,1469,
42920,11443,5544,5899,20024,9681,10343,22884,11009,11875,20022,9669,10353,11441,5383,6058,2860,1391,1469,
42925,11444,5544,5900,20027,9681,10346,22887,11010,11877,20025,9670,10355,11441,5383,6058,2861,1391,1470,
42930,11446,5545,5901,20027,9681,10346,22888,11011,11877,20027,9672,10355,11443,5383,6060,2861,1391,1470,
42935,11447,5545,5902,20031,9682,10349,22892,11013,11879,20029,9673,10356,11445,5385,6060,2861,1391,1470,
42940,11448,5545,5903,20034,9684,10350,22895,11014,11881,20032,9676,10356,11445,5385,6060,2862,1392,1470,
42945,11450,5546,5904,20034,9684,10350,22896,11015,11881,20034,9676,10358,11447,5385,6062,2862,1392,1470,
42950,11451,5547,5904,20038,9686,10352,22900,11018,11882,20036,9678,10358,11449,5387,6062,2862,1392,1470,
42955,11452,5547,5905,20041,9687,10354,22903,11019,11884,20039,9679,10360,11449,5387,6062,2863,1392,1471,
42960,11454,5548,5906,20041,9687,10354,22904,11020,11884,20041,9680,10361,11451,5389,6062,2863,1392,1471,
42965,11455,5548,5907,20045,9690,10355,22908,11022,11886,20043,9682,10361,11453,5390,6063,2863,1392,1471,
42970,11456,5549,5907,20048,9691,10357,22911,11023,11888,20046,9683,10363,11453,5390,6063,2864,1393,1471,
42975,11458,5550,5908,20048,9691,10357,22912,11023,11889,20048,9683,10365,11455,5390,6065,2864,1393,1471,
42980,11459,5551,5908,20052,9693,10359,22916,11024,11892,20050,9684,10366,11457,5390,6067,2864,1393,1471,
42985,11460,5551,5909,20055,9693,10362,22919,11024,11895,20053,9685,10368,11457,5390,6067,2865,1394,1471,
42990,11462,5553,5909,20055,9693,10362,22920,11025,11895,20055,9687,10368,11459,5391,6068,2865,1394,1471,
42995,11463,5553,5910,20059,9695,10364,22924,11028,11896,20057,9688,10369,11461,5393,6068,2865,1394,1471,
43000,11464,5553,5911,20062,9696,10366,22927,11030,11897,20060,9690,10370,11461,5393,6068,2866,1394,1472,
43005,11466,5553,5913,20062,9696,10366,22928,11030,11898,20062,9692,10370,11463,5395,6068,2866,1394,1472,
43010,11467,5553,5914,20066,9696,10370,22932,11030,11902,20064,9693,10371,11465,5396,6069,2866,1394,1472,
43015,11468,5553,5915,20069,9699,10370,22935,11031,11904,20067,9695,10372,11465,5396,6069,2867,1394,1473,
43020,11470,5554,5916,20069,9699,10370,22936,11032,11904,20069,9696,10373,11467,5397,6070,2867,1394,1473,
43025,11471,5555,5916,20073,9701,10372,22940,11035,11905,20071,9696,10375,11469,5398,6071,2867,1394,1473,
43030,11472,5555,5917,20076,9701,10375,22943,11036,11907,20074,9699,10375,11469,5398,6071,2868,1394,1474,
43035,11474,5556,5918,20076,9701,10375,22944,11037,11907,20076,9701,10375,11471,5399,6072,2868,1394,1474,
43040,11475,5557,5918,20080,9702,10378,22948,11038,11910,20078,9702,10376,11473,5400,6073,2868,1394,1474,
43045,11476,5558,5918,20083,9703,10380,22951,11039,11912,20081,9703,10378,11473,5400,6073,2869,1394,1475,
43050,11478,5559,5919,20083,9703,10380,22952,11039,11913,20083,9705,10378,11475,5401,6074,2869,1394,1475,
43055,11479,5559,5920,20087,9707,10380,22956,11040,11916,20085,9705,10380,11477,5402,6075,2869,1394,1475,
43060,11480,5559,5921,20090,9707,10383,22959,11042,11917,20088,9707,10381,11477,5402,6075,2870,1394,1476,
43065,11482,5561,5921,20090,9707,10383,22960,11042,11918,20090,9708,10382,11479,5404,6075,2870,1394,1476,
43070,11483,5562,5921,20094,9708,10386,22964,11042,11922,20092,9709,10383,11481,5404,6077,2870,1394,1476,
43075,11484,5562,5922,20097,9710,10387,22967,11043,11924,20095,9711,10384,11481,5404,6077,2871,1395,1476,
43080,11486,5563,5923,20097,9710,10387,22968,11043,11925,20097,9712,10385,11483,5405,6078,2871,1395,1476,
43085,11487,5563,5924,20101,9711,10390,22972,11046,11926,20099,9713,10386,11485,5405,6080,2871,1395,1476,
43090,11488,5564,5924,20104,9712,10392,22975,11047,11928,20102,9714,10388,11485,5405,6080,2872,1395,1477,
43095,11490,5564,5926,20104,9712,10392,22976,11048,11928,20104,9715,10389,11487,5406,6081,2872,1395,1477,
43100,11491,5564,5927,20108,9715,10393,22980,11052,11928,20106,9717,10389,11489,5407,6082,2872,1395,1477,
43105,11492,5564,5928,20111,9717,10394,22983,11054,11929,20109,9718,10391,11489,5407,6082,2873,1395,1478,
43110,11494,5566,5928,20111,9717,10394,22984,11055,11929,20111,9720,10391,11491,5408,6083,2873,1395,1478,
43115,11495,5566,5929,20115,9719,10396,22988,11057,11931,20113,9720,10393,11493,5409,6084,2873,1395,1478,
43120,11496,5566,5930,20118,9720,10398,22991,11058,11933,20116,9721,10395,11493,5409,6084,2874,1395,1479,
43125,11498,5567,5931,20118,9720,10398,22992,11058,11934,20118,9721,10397,11495,5410,6085,2874,1395,1479,
43130,11499,5568,5931,20122,9721,10401,22996,11059,11937,20120,9722,10398,11497,5411,6086,2874,1395,1479,
43135,11500,5569,5931,20125,9721,10404,22999,11061,11938,20123,9724,10399,11497,5411,6086,2875,1395,1480,
43140,11502,5570,5932,20125,9721,10404,23000,11062,11938,20125,9725,10400,11499,5412,6087,2875,1395,1480,
43145,11503,5571,5932,20129,9723,10406,23004,11064,11940,20127,9725,10402,11501,5413,6088,2875,1395,1480,
43150,11504,5571,5933,20132,9725,10407,23007,11065,11942,20130,9727,10403,11501,5413,6088,2876,1396,1480,
43155,11506,5572,5934,20132,9725,10407,23008,11066,11942,20132,9727,10405,11503,5414,6089,2876,1396,1480,
43160,11507,5573,5934,20136,9728,10408,23012,11067,11945,20134,9728,10406,11505,5414,6091,2876,1396,1480,
43165,11508,5573,5935,20139,9730,10409,23015,11070,11945,20137,9729,10408,11505,5414,6091,2877,1397,1480,
43170,11510,5573,5937,20139,9730,10409,23016,11071,11945,20139,9730,10409,11507,5415,6092,2877,1397,1480,
43175,11511,5573,5938,20143,9733,10410,23020,11074,11946,20141,9731,10410,11509,5415,6094,2877,1397,1480,
43180,11512,5574,5938,20146,9735,10411,23023,11075,11948,20144,9733,10411,11509,5415,6094,2878,1398,1480,
43185,11514,5575,5939,20146,9735,10411,23024,11076,11948,20146,9733,10413,11511,5415,6096,2878,1398,1480,
43190,11515,5576,5939,20150,9737,10413,23028,11079,11949,20148,9735,10413,11513,5416,6097,2878,1398,1480,
43195,11516,5577,5939,20153,9740,10413,23031,11081,11950,20151,9736,10415,11513,5416,6097,2879,1399,1480,
43200,11518,5578,5940,20153,9740,10413,23032,11081,11951,20153,9737,10416,11515,5416,6099,2879,1399,1480,
43205,11519,5579,5940,20157,9742,10415,23036,11083,11953,20155,9739,10416,11517,5417,6100,2879,1399,1480,
43210,11520,5579,5941,20160,9742,10418,23039,11086,11953,20158,9739,10419,11517,5417,6100,2880,1400,1480,
43215,11522,5580,5942,20160,9742,10418,23040,11086,11954,20160,9739,10421,11519,5418,6101,2880,1400,1480,
43220,11523,5580,5943,20164,9743,10421,23044,11089,11955,20162,9741,10421,11521,5419,6102,2880,1400,1480,
43225,11524,5580,5944,20167,9745,10422,23047,11090,11957,20165,9741,10424,11521,5419,6102,2881,1401,1480,
43230,11526,5580,5946,20167,9745,10422,23048,11090,11958,20167,9741,10426,11523,5420,6103,2881,1401,1480,
43235,11527,5581,5946,20171,9748,10423,23052,11092,11960,20169,9741,10428,11525,5421,6104,2881,1401,1480,
43240,11528,5581,5947,20174,9749,10425,23055,11093,11962,20172,9743,10429,11525,5421,6104,2882,1402,1480,
43245,11530,5581,5949,20174,9749,10425,23056,11093,11963,20174,9744,10430,11527,5421,6106,2882,1402,1480,
43250,11531,5581,5950,20178,9753,10425,23060,11094,11966,20176,9744,10432,11529,5421,6108,2882,1402,1480,
43255,11532,5581,5951,20181,9754,10427,23063,11095,11968,20179,9746,10433,11529,5421,6108,2883,1402,1481,
43260,11534,5582,5952,20181,9754,10427,23064,11095,11969,20181,9747,10434,11531,5422,6109,2883,1402,1481,
43265,11535,5583,5952,20185,9756,10429,23068,11097,11971,20183,9748,10435,11533,5423,6110,2883,1402,1481,
43270,11536,5583,5953,20188,9756,10432,23071,11099,11972,20186,9749,10437,11533,5423,6110,2884,1403,1481,
43275,11538,5584,5954,20188,9756,10432,23072,11100,11972,20188,9750,10438,11535,5423,6112,2884,1403,1481,
43280,11539,5584,5955,20192,9760,10432,23076,11101,11975,20190,9750,10440,11537,5423,6114,2884,1403,1481,
43285,11540,5585,5955,20195,9760,10435,23079,11102,11977,20193,9752,10441,11537,5423,6114,2885,1404,1481,
43290,11542,5586,5956,20195,9760,10435,23080,11102,11978,20195,9753,10442,11539,5425,6114,2885,1404,1481,
43295,11543,5586,5957,20199,9760,10439,23084,11104,11980,20197,9754,10443,11541,5426,6115,2885,1404,1481,
43300,11544,5587,5957,20202,9761,10441,23087,11106,11981,20200,9754,10446,11541,5426,6115,2886,1405,1481,
43305,11546,5588,5958,20202,9761,10441,23088,11106,11982,20202,9755,10447,11543,5427,6116,2886,1405,1481,
43310,11547,5589,5958,20206,9763,10443,23092,11109,11983,20204,9756,10448,11545,5428,6117,2886,1405,1481,
43315,11548,5589,5959,20209,9764,10445,23095,11111,11984,20207,9756,10451,11545,5428,6117,2887,1406,1481,
43320,11550,5591,5959,20209,9764,10445,23096,11112,11984,20209,9757,10452,11547,5429,6118,2887,1406,1481,
43325,11551,5592,5959,20213,9768,10445,23100,11114,11986,20211,9758,10453,11549,5431,6118,2887,1406,1481,
43330,11552,5593,5959,20216,9770,10446,23103,11117,11986,20214,9760,10454,11549,5431,6118,2888,1407,1481,
43335,11554,5593,5961,20216,9770,10446,23104,11117,11987,20216,9761,10455,11551,5431,6120,2888,1407,1481,
43340,11555,5593,5962,20220,9773,10447,23108,11120,11988,20218,9763,10455,11553,5433,6120,2888,1407,1481,
43345,11556,5593,5963,20223,9776,10447,23111,11123,11988,20221,9766,10455,11553,5433,6120,2889,1408,1481,
43350,11558,5594,5964,20223,9776,10447,23112,11124,11988,20223,9766,10457,11555,5433,6122,2889,1408,1481,
43355,11559,5594,5965,20227,9779,10448,23116,11125,11991,20225,9767,10458,11557,5434,6123,2889,1408,1481,
43360,11560,5594,5966,20230,9780,10450,23119,11126,11993,20228,9769,10459,11557,5434,6123,2890,1409,1481,
43365,11562,5595,5967,20230,9780,10450,23120,11126,11994,20230,9771,10459,11559,5436,6123,2890,1409,1481,
43370,11563,5596,5967,20234,9782,10452,23124,11129,11995,20232,9772,10460,11561,5437,6124,2890,1409,1481,
43375,11564,5597,5967,20237,9783,10454,23127,11131,11996,20235,9774,10461,11561,5437,6124,2891,1409,1482,
43380,11566,5599,5967,20237,9783,10454,23128,11132,11996,20237,9776,10461,11563,5438,6125,2891,1409,1482,
43385,11567,5599,5968,20241,9784,10457,23132,11133,11999,20239,9777,10462,11565,5439,6126,2891,1409,1482,
43390,11568,5600,5968,20244,9785,10459,23135,11134,12001,20242,9778,10464,11565,5439,6126,2892,1410,1482,
43395,11570,5601,5969,20244,9785,10459,23136,11135,12001,20244,9778,10466,11567,5440,6127,2892,1410,1482,
43400,11571,5602,5969,20248,9787,10461,23140,11136,12004,20246,9779,10467,11569,5442,6127,2892,1410,1482,
43405,11572,5603,5969,20251,9789,10462,23143,11136,12007,20249,9782,10467,11569,5442,6127,2893,1411,1482,
43410,11574,5603,5971,20251,9789,10462,23144,11136,12008,20251,9782,10469,11571,5444,6127,2893,1411,1482,
43415,11575,5603,5972,20255,9791,10464,23148,11138,12010,20253,9783,10470,11573,5445,6128,2893,1411,1482,
43420,11576,5604,5972,20258,9792,10466,23151,11139,12012,20256,9784,10472,11573,5445,6128,2894,1411,1483,
43425,11578,5606,5972,20258,9792,10466,23152,11139,12013,20258,9784,10474,11575,5445,6130,2894,1411,1483,
43430,11579,5607,5972,20262,9794,10468,23156,11142,12014,20260,9786,10474,11577,5446,6131,2894,1411,1483,
43435,11580,5607,5973,20265,9794,10471,23159,11143,12016,20263,9787,10476,11577,5446,6131,2895,1412,1483,
43440,11582,5608,5974,20265,9794,10471,23160,11144,12016,20265,9788,10477,11579,5447,6132,2895,1412,1483,
43445,11583,5608,5975,20269,9796,10473,23164,11146,12018,20267,9789,10478,11581,5449,6132,2895,1412,1483,
43450,11584,5609,5975,20272,9797,10475,23167,11148,12019,20270,9790,10480,11581,5449,6132,2896,1412,1484,
43455,11586,5610,5976,20272,9797,10475,23168,11149,12019,20272,9792,10480,11583,5450,6133,2896,1412,1484,
43460,11587,5610,5977,20276,9800,10476,23172,11153,12019,20274,9792,10482,11585,5452,6133,2896,1412,1484,
43465,11588,5611,5977,20279,9800,10479,23175,11156,12019,20277,9795,10482,11585,5452,6133,2897,1412,1485,
43470,11590,5611,5979,20279,9800,10479,23176,11157,12019,20279,9796,10483,11587,5453,6134,2897,1412,1485,
43475,11591,5612,5979,20283,9802,10481,23180,11160,12020,20281,9797,10484,11589,5453,6136,2897,1412,1485,
43480,11592,5612,5980,20286,9803,10483,23183,11162,12021,20284,9799,10485,11589,5453,6136,2898,1413,1485,
43485,11594,5612,5982,20286,9803,10483,23184,11162,12022,20286,9800,10486,11591,5453,6138,2898,1413,1485,
43490,11595,5612,5983,20290,9805,10485,23188,11163,12025,20288,9801,10487,11593,5453,6140,2898,1413,1485,
43495,11596,5612,5984,20293,9807,10486,23191,11165,12026,20291,9802,10489,11593,5453,6140,2899,1414,1485,
43500,11598,5613,5985,20293,9807,10486,23192,11165,12027,20293,9803,10490,11595,5455,6140,2899,1414,1485,
43505,11599,5613,5986,20297,9810,10487,23196,11166,12030,20295,9805,10490,11597,5456,6141,2899,1414,1485,
43510,11600,5614,5986,20300,9810,10490,23199,11166,12033,20298,9806,10492,11597,5456,6141,2900,1415,1485,
43515,11602,5615,5987,20300,9810,10490,23200,11166,12034,20300,9807,10493,11599,5457,6142,2900,1415,1485,
43520,11603,5616,5987,20304,9812,10492,23204,11169,12035,20302,9809,10493,11601,5457,6144,2900,1415,1485,
43525,11604,5616,5988,20307,9813,10494,23207,11171,12036,20305,9810,10495,11601,5457,6144,2901,1416,1485,
43530,11606,5617,5989,20307,9813,10494,23208,11172,12036,20307,9811,10496,11603,5458,6145,2901,1416,1485,
43535,11607,5618,5989,20311,9816,10495,23212,11175,12037,20309,9813,10496,11605,5459,6146,2901,1416,1485,
43540,11608,5618,5990,20314,9816,10498,23215,11177,12038,20312,9816,10496,11605,5459,6146,2902,1417,1485,
43545,11610,5619,5991,20314,9816,10498,23216,11177,12039,20314,9817,10497,11607,5459,6148,2902,1417,1485,
43550,11611,5619,5992,20318,9818,10500,23220,11179,12041,20316,9818,10498,11609,5459,6150,2902,1417,1485,
43555,11612,5619,5993,20321,9819,10502,23223,11181,12042,20319,9818,10501,11609,5459,6150,2903,1417,1486,
43560,11614,5619,5995,20321,9819,10502,23224,11181,12043,20321,9818,10503,11611,5460,6151,2903,1417,1486,
43565,11615,5620,5995,20325,9821,10504,23228,11185,12043,20323,9820,10503,11613,5461,6152,2903,1417,1486,
43570,11616,5621,5995,20328,9822,10506,23231,11186,12045,20326,9821,10505,11613,5461,6152,2904,1418,1486,
43575,11618,5622,5996,20328,9822,10506,23232,11187,12045,20328,9823,10505,11615,5462,6153,2904,1418,1486,
43580,11619,5623,5996,20332,9824,10508,23236,11188,12048,20330,9823,10507,11617,5463,6154,2904,1418,1486,
43585,11620,5624,5996,20335,9825,10510,23239,11190,12049,20333,9824,10509,11617,5463,6154,2905,1419,1486,
43590,11622,5625,5997,20335,9825,10510,23240,11190,12050,20335,9824,10511,11619,5464,6155,2905,1419,1486,
43595,11623,5625,5998,20339,9827,10512,23244,11193,12051,20337,9824,10513,11621,5465,6156,2905,1419,1486,
43600,11624,5625,5999,20342,9828,10514,23247,11195,12052,20340,9824,10516,11621,5465,6156,2906,1419,1487,
43605,11626,5627,5999,20342,9828,10514,23248,11195,12053,20342,9826,10516,11623,5467,6156,2906,1419,1487,
43610,11627,5627,6000,20346,9831,10515,23252,11198,12054,20344,9826,10518,11625,5467,6158,2906,1419,1487,
43615,11628,5628,6000,20349,9833,10516,23255,11199,12056,20347,9829,10518,11625,5467,6158,2907,1419,1488,
43620,11630,5629,6001,20349,9833,10516,23256,11200,12056,20349,9831,10518,11627,5469,6158,2907,1419,1488,
43625,11631,5630,6001,20353,9834,10519,23260,11202,12058,20351,9831,10520,11629,5471,6158,2907,1419,1488,
43630,11632,5630,6002,20356,9835,10521,23263,11204,12059,20354,9833,10521,11629,5471,6158,2908,1419,1489,
43635,11634,5632,6002,20356,9835,10521,23264,11204,12060,20356,9835,10521,11631,5473,6158,2908,1419,1489,
43640,11635,5633,6002,20360,9837,10523,23268,11206,12062,20358,9837,10521,11633,5473,6160,2908,1419,1489,
43645,11636,5634,6002,20363,9839,10524,23271,11206,12065,20361,9838,10523,11633,5473,6160,2909,1419,1490,
43650,11638,5635,6003,20363,9839,10524,23272,11206,12066,20363,9839,10524,11635,5473,6162,2909,1419,1490,
43655,11639,5635,6004,20367,9841,10526,23276,11208,12068,20365,9840,10525,11637,5473,6164,2909,1419,1490,
43660,11640,5636,6004,20370,9842,10528,23279,11209,12070,20368,9841,10527,11637,5473,6164,2910,1419,1491,
43665,11642,5637,6005,20370,9842,10528,23280,11210,12070,20370,9842,10528,11639,5473,6166,2910,1419,1491,
43670,11643,5637,6006,20374,9842,10532,23284,11212,12072,20372,9843,10529,11641,5473,6168,2910,1419,1491,
43675,11644,5638,6006,20377,9842,10535,23287,11215,12072,20375,9843,10532,11641,5473,6168,2911,1420,1491,
43680,11646,5638,6008,20377,9842,10535,23288,11215,12073,20377,9844,10533,11643,5473,6170,2911,1420,1491,
43685,11647,5638,6009,20381,9842,10539,23292,11215,12077,20379,9845,10534,11645,5474,6171,2911,1420,1491,
43690,11648,5638,6010,20384,9843,10541,23295,11217,12078,20382,9846,10536,11645,5474,6171,2912,1421,1491,
43695,11650,5640,6010,20384,9843,10541,23296,11217,12079,20384,9847,10537,11647,5474,6173,2912,1421,1491,
43700,11651,5641,6010,20388,9845,10543,23300,11218,12082,20386,9849,10537,11649,5475,6174,2912,1421,1491,
43705,11652,5642,6010,20391,9845,10546,23303,11219,12084,20389,9851,10538,11649,5475,6174,2913,1422,1491,
43710,11654,5643,6011,20391,9845,10546,23304,11219,12085,20391,9853,10538,11651,5477,6174,2913,1422,1491,
43715,11655,5644,6011,20395,9846,10549,23308,11220,12088,20393,9853,10540,11653,5479,6174,2913,1422,1491,
43720,11656,5644,6012,20398,9848,10550,23311,11222,12089,20396,9854,10542,11653,5479,6174,2914,1423,1491,
43725,11658,5645,6013,20398,9848,10550,23312,11222,12090,20398,9855,10543,11655,5481,6174,2914,1423,1491,
43730,11659,5646,6013,20402,9849,10553,23316,11225,12091,20400,9855,10545,11657,5482,6175,2914,1423,1491,
43735,11660,5647,6013,20405,9849,10556,23319,11225,12094,20403,9857,10546,11657,5482,6175,2915,1424,1491,
43740,11662,5648,6014,20405,9849,10556,23320,11225,12095,20405,9857,10548,11659,5482,6177,2915,1424,1491,
43745,11663,5649,6014,20409,9851,10558,23324,11226,12098,20407,9857,10550,11661,5483,6178,2915,1424,1491,
43750,11664,5649,6015,20412,9851,10561,23327,11226,12101,20410,9858,10552,11661,5483,6178,2916,1425,1491,
43755,11666,5650,6016,20412,9851,10561,23328,11226,12102,20412,9860,10552,11663,5485,6178,2916,1425,1491,
43760,11667,5650,6017,20416,9851,10565,23332,11228,12104,20414,9861,10553,11665,5485,6180,2916,1425,1491,
43765,11668,5651,6017,20419,9852,10567,23335,11231,12104,20417,9863,10554,11665,5485,6180,2917,1426,1491,
43770,11670,5653,6017,20419,9852,10567,23336,11231,12105,20419,9865,10554,11667,5487,6180,2917,1426,1491,
43775,11671,5654,6017,20423,9854,10569,23340,11233,12107,20421,9866,10555,11669,5487,6182,2917,1426,1491,
43780,11672,5655,6017,20426,9855,10571,23343,11236,12107,20424,9867,10557,11669,5487,6182,2918,1426,1492,
43785,11674,5656,6018,20426,9855,10571,23344,11236,12108,20426,9868,10558,11671,5489,6182,2918,1426,1492,
43790,11675,5656,6019,20430,9856,10574,23348,11239,12109,20428,9870,10558,11673,5490,6183,2918,1426,1492,
43795,11676,5656,6020,20433,9857,10576,23351,11241,12110,20431,9873,10558,11673,5490,6183,2919,1427,1492,
43800,11678,5657,6021,20433,9857,10576,23352,11241,12111,20433,9875,10558,11675,5490,6185,2919,1427,1492,
43805,11679,5658,6021,20437,9858,10579,23356,11244,12112,20435,9876,10559,11677,5491,6186,2919,1427,1492,
43810,11680,5659,6021,20440,9860,10580,23359,11246,12113,20438,9877,10561,11677,5491,6186,2920,1427,1493,
43815,11682,5660,6022,20440,9860,10580,23360,11247,12113,20440,9878,10562,11679,5491,6188,2920,1427,1493,
43820,11683,5661,6022,20444,9862,10582,23364,11249,12115,20442,9879,10563,11681,5492,6189,2920,1427,1493,
43825,11684,5661,6023,20447,9864,10583,23367,11252,12115,20445,9881,10564,11681,5492,6189,2921,1428,1493,
43830,11686,5662,6024,20447,9864,10583,23368,11253,12115,20447,9881,10566,11683,5493,6190,2921,1428,1493,
43835,11687,5662,6025,20451,9866,10585,23372,11254,12118,20449,9882,10567,11685,5494,6191,2921,1428,1493,
43840,11688,5663,6025,20454,9867,10587,23375,11256,12119,20452,9882,10570,11685,5494,6191,2922,1429,1493,
43845,11690,5663,6027,20454,9867,10587,23376,11257,12119,20454,9883,10571,11687,5496,6191,2922,1429,1493,
43850,11691,5663,6028,20458,9867,10591,23380,11259,12121,20456,9885,10571,11689,5497,6192,2922,1429,1493,
43855,11692,5663,6029,20461,9868,10593,23383,11259,12124,20459,9885,10574,11689,5497,6192,2923,1429,1494,
43860,11694,5664,6030,20461,9868,10593,23384,11260,12124,20461,9885,10576,11691,5498,6193,2923,1429,1494,
43865,11695,5665,6030,20465,9868,10597,23388,11262,12126,20463,9887,10576,11693,5500,6193,2923,1429,1494,
43870,11696,5666,6030,20468,9869,10599,23391,11262,12129,20466,9888,10578,11693,5500,6193,2924,1429,1495,
43875,11698,5668,6030,20468,9869,10599,23392,11263,12129,20468,9888,10580,11695,5501,6194,2924,1429,1495,
43880,11699,5669,6030,20472,9870,10602,23396,11267,12129,20470,9889,10581,11697,5502,6195,2924,1429,1495,
43885,11700,5669,6031,20475,9872,10603,23399,11269,12130,20473,9892,10581,11697,5502,6195,2925,1429,1496,
43890,11702,5670,6032,20475,9872,10603,23400,11269,12131,20475,9894,10581,11699,5504,6195,2925,1429,1496,
43895,11703,5670,6033,20479,9873,10606,23404,11272,12132,20477,9895,10582,11701,5504,6197,2925,1429,1496,
43900,11704,5670,6034,20482,9876,10606,23407,11273,12134,20480,9895,10585,11701,5504,6197,2926,1429,1497,
43905,11706,5671,6035,20482,9876,10606,23408,11273,12135,20482,9896,10586,11703,5505,6198,2926,1429,1497,
43910,11707,5671,6036,20486,9877,10609,23412,11276,12136,20484,9898,10586,11705,5506,6199,2926,1429,1497,
43915,11708,5672,6036,20489,9878,10611,23415,11278,12137,20487,9900,10587,11705,5506,6199,2927,1429,1498,
43920,11710,5674,6036,20489,9878,10611,23416,11278,12138,20489,9901,10588,11707,5508,6199,2927,1429,1498,
43925,11711,5674,6037,20493,9879,10614,23420,11280,12140,20491,9903,10588,11709,5508,6201,2927,1429,1498,
43930,11712,5674,6038,20496,9881,10615,23423,11280,12143,20494,9905,10589,11709,5508,6201,2928,1429,1499,
43935,11714,5674,6040,20496,9881,10615,23424,11280,12144,20496,9905,10591,11711,5509,6202,2928,1429,1499,
43940,11715,5675,6040,20500,9884,10616,23428,11283,12145,20498,9906,10592,11713,5509,6204,2928,1429,1499,
43945,11716,5675,6041,20503,9886,10617,23431,11284,12147,20501,9906,10595,11713,5509,6204,2929,1429,1500,
43950,11718,5676,6042,20503,9886,10617,23432,11285,12147,20503,9908,10595,11715,5509,6206,2929,1429,1500,
43955,11719,5677,6042,20507,9887,10620,23436,11287,12149,20505,9908,10597,11717,5510,6207,2929,1429,1500,
43960,11720,5678,6042,20510,9890,10620,23439,11287,12152,20508,9909,10599,11717,5510,6207,2930,1430,1500,
43965,11722,5679,6043,20510,9890,10620,23440,11288,12152,20510,9909,10601,11719,5511,6208,2930,1430,1500,
43970,11723,5680,6043,20514,9893,10621,23444,11289,12155,20512,9911,10601,11721,5513,6208,2930,1430,1500,
43975,11724,5680,6044,20517,9894,10623,23447,11289,12158,20515,9911,10604,11721,5513,6208,2931,1431,1500,
43980,11726,5681,6045,20517,9894,10623,23448,11289,12159,20517,9912,10605,11723,5513,6210,2931,1431,1500,
43985,11727,5681,6046,20521,9896,10625,23452,11290,12162,20519,9912,10607,11725,5513,6212,2931,1431,1500,
43990,11728,5682,6046,20524,9897,10627,23455,11292,12163,20522,9913,10609,11725,5513,6212,2932,1431,1501,
43995,11730,5683,6047,20524,9897,10627,23456,11292,12164,20524,9914,10610,11727,5514,6213,2932,1431,1501,
44000,11731,5683,6048,20528,9900,10628,23460,11295,12165,20526,9915,10611,11729,5515,6214,2932,1431,1501,
44005,11732,5684,6048,20531,9902,10629,23463,11296,12167,20529,9915,10614,11729,5515,6214,2933,1431,1502,
44010,11734,5686,6048,20531,9902,10629,23464,11296,12168,20531,9916,10615,11731,5515,6216,2933,1431,1502,
44015,11735,5686,6049,20535,9904,10631,23468,11299,12169,20533,9917,10616,11733,5517,6216,2933,1431,1502,
44020,11736,5687,6049,20538,9905,10633,23471,11299,12172,20536,9918,10618,11733,5517,6216,2934,1432,1502,
44025,11738,5689,6049,20538,9905,10633,23472,11300,12172,20538,9920,10618,11735,5517,6218,2934,1432,1502,
44030,11739,5690,6049,20542,9905,10637,23476,11303,12173,20540,9921,10619,11737,5518,6219,2934,1432,1502,
44035,11740,5690,6050,20545,9906,10639,23479,11305,12174,20543,9923,10620,11737,5518,6219,2935,1433,1502,
44040,11742,5690,6052,20545,9906,10639,23480,11305,12175,20545,9924,10621,11739,5518,6221,2935,1433,1502,
44045,11743,5690,6053,20549,9906,10643,23484,11309,12175,20547,9925,10622,11741,5519,6222,2935,1433,1502,
44050,11744,5690,6054,20552,9907,10645,23487,11310,12177,20550,9927,10623,11741,5519,6222,2936,1433,1503,
44055,11746,5690,6056,20552,9907,10645,23488,11311,12177,20552,9928,10624,11743,5520,6223,2936,1433,1503,
44060,11747,5690,6057,20556,9909,10647,23492,11312,12180,20554,9928,10626,11745,5521,6224,2936,1433,1503,
44065,11748,5691,6057,20559,9911,10648,23495,11315,12180,20557,9930,10627,11745,5521,6224,2937,1433,1504,
44070,11750,5693,6057,20559,9911,10648,23496,11315,12181,20559,9931,10628,11747,5523,6224,2937,1433,1504,
44075,11751,5693,6058,20563,9912,10651,23500,11316,12184,20561,9932,10629,11749,5525,6224,2937,1433,1504,
44080,11752,5694,6058,20566,9912,10654,23503,11319,12184,20564,9934,10630,11749,5525,6224,2938,1434,1504,
44085,11754,5695,6059,20566,9912,10654,23504,11319,12185,20566,9936,10630,11751,5526,6225,2938,1434,1504,
44090,11755,5695,6060,20570,9916,10654,23508,11321,12187,20568,9937,10631,11753,5526,6227,2938,1434,1504,
44095,11756,5696,6060,20573,9918,10655,23511,11321,12190,20571,9939,10632,11753,5526,6227,2939,1434,1505,
44100,11758,5696,6062,20573,9918,10655,23512,11322,12190,20573,9939,10634,11755,5528,6227,2939,1434,1505,
44105,11759,5696,6063,20577,9920,10657,23516,11324,12192,20575,9940,10635,11757,5529,6228,2939,1434,1505,
44110,11760,5697,6063,20580,9921,10659,23519,11327,12192,20578,9941,10637,11757,5529,6228,2940,1435,1505,
44115,11762,5698,6064,20580,9921,10659,23520,11328,12192,20580,9942,10638,11759,5529,6230,2940,1435,1505,
44120,11763,5699,6064,20584,9924,10660,23524,11330,12194,20582,9942,10640,11761,5530,6231,2940,1435,1505,
44125,11764,5700,6064,20587,9925,10662,23527,11331,12196,20585,9943,10642,11761,5530,6231,2941,1436,1505,
44130,11766,5701,6065,20587,9925,10662,23528,11331,12197,20587,9945,10642,11763,5530,6233,2941,1436,1505,
44135,11767,5701,6066,20591,9926,10665,23532,11333,12199,20589,9946,10643,11765,5530,6235,2941,1436,1505,
44140,11768,5702,6066,20594,9928,10666,23535,11336,12199,20592,9947,10645,11765,5530,6235,2942,1436,1506,
44145,11770,5703,6067,20594,9928,10666,23536,11337,12199,20594,9948,10646,11767,5530,6237,2942,1436,1506,
44150,11771,5703,6068,20598,9932,10666,23540,11339,12201,20596,9950,10646,11769,5531,6238,2942,1436,1506,
44155,11772,5704,6068,20601,9933,10668,23543,11341,12202,20599,9950,10649,11769,5531,6238,2943,1436,1507,
44160,11774,5705,6069,20601,9933,10668,23544,11341,12203,20601,9950,10651,11771,5532,6239,2943,1436,1507,
44165,11775,5706,6069,20605,9936,10669,23548,11344,12204,20603,9952,10651,11773,5533,6240,2943,1436,1507,
44170,11776,5706,6070,20608,9939,10669,23551,11346,12205,20606,9952,10654,11773,5533,6240,2944,1437,1507,
44175,11778,5707,6071,20608,9939,10669,23552,11347,12205,20608,9954,10654,11775,5535,6240,2944,1437,1507,
44180,11779,5708,6071,20612,9943,10669,23556,11350,12206,20610,9956,10654,11777,5536,6241,2944,1437,1507,
44185,11780,5708,6072,20615,9945,10670,23559,11352,12207,20613,9957,10656,11777,5536,6241,2945,1438,1507,
44190,11782,5710,6072,20615,9945,10670,23560,11352,12208,20615,9957,10658,11779,5538,6241,2945,1438,1507,
44195,11783,5711,6072,20619,9946,10673,23564,11355,12209,20617,9958,10659,11781,5538,6243,2945,1438,1507,
44200,11784,5711,6073,20622,9948,10674,23567,11356,12211,20620,9959,10661,11781,5538,6243,2946,1439,1507,
44205,11786,5712,6074,20622,9948,10674,23568,11356,12212,20622,9961,10661,11783,5540,6243,2946,1439,1507,
44210,11787,5713,6074,20626,9951,10675,23572,11359,12213,20624,9962,10662,11785,5540,6245,2946,1439,1507,
44215,11788,5714,6074,20629,9952,10677,23575,11360,12215,20627,9962,10665,11785,5540,6245,2947,1439,1508,
44220,11790,5715,6075,20629,9952,10677,23576,11361,12215,20629,9963,10666,11787,5541,6246,2947,1439,1508,
44225,11791,5716,6075,20633,9953,10680,23580,11363,12217,20631,9964,10667,11789,5542,6247,2947,1439,1508,
44230,11792,5717,6075,20636,9953,10683,23583,11365,12218,20634,9966,10668,11789,5542,6247,2948,1440,1508,
44235,11794,5717,6077,20636,9953,10683,23584,11366,12218,20636,9966,10670,11791,5544,6247,2948,1440,1508,
44240,11795,5718,6077,20640,9954,10686,23588,11369,12219,20638,9968,10670,11793,5545,6248,2948,1440,1508,
44245,11796,5718,6078,20643,9954,10689,23591,11370,12221,20641,9970,10671,11793,5545,6248,2949,1441,1508,
44250,11798,5719,6079,20643,9954,10689,23592,11371,12221,20643,9970,10673,11795,5546,6249,2949,1441,1508,
44255,11799,5719,6080,20647,9955,10692,23596,11373,12223,20645,9971,10674,11797,5546,6251,2949,1441,1508,
44260,11800,5720,6080,20650,9957,10693,23599,11374,12225,20648,9973,10675,11797,5546,6251,2950,1441,1509,
44265,11802,5720,6082,20650,9957,10693,23600,11374,12226,20650,9973,10677,11799,5547,6252,2950,1441,1509,
44270,11803,5720,6083,20654,9959,10695,23604,11376,12228,20652,9974,10678,11801,5548,6253,2950,1441,1509,
44275,11804,5721,6083,20657,9961,10696,23607,11378,12229,20655,9976,10679,11801,5548,6253,2951,1441,1510,
44280,11806,5723,6083,20657,9961,10696,23608,11379,12229,20657,9977,10680,11803,5550,6253,2951,1441,1510,
44285,11807,5724,6083,20661,9964,10697,23612,11383,12229,20659,9978,10681,11805,5550,6255,2951,1441,1510,
44290,11808,5725,6083,20664,9965,10699,23615,11384,12231,20662,9978,10684,11805,5550,6255,2952,1442,1510,
44295,11810,5727,6083,20664,9965,10699,23616,11384,12232,20664,9980,10684,11807,5551,6256,2952,1442,1510,
44300,11811,5727,6084,20668,9965,10703,23620,11387,12233,20666,9980,10686,11809,5552,6257,2952,1442,1510,
44305,11812,5727,6085,20671,9967,10704,23623,11389,12234,20669,9982,10687,11809,5552,6257,2953,1442,1511,
44310,11814,5728,6086,20671,9967,10704,23624,11389,12235,20671,9984,10687,11811,5553,6258,2953,1442,1511,
44315,11815,5728,6087,20675,9970,10705,23628,11392,12236,20673,9986,10687,11813,5554,6259,2953,1442,1511,
44320,11816,5728,6088,20678,9971,10707,23631,11394,12237,20676,9987,10689,11813,5554,6259,2954,1442,1512,
44325,11818,5728,6090,20678,9971,10707,23632,11394,12238,20678,9989,10689,11815,5555,6260,2954,1442,1512,
44330,11819,5728,6091,20682,9972,10710,23636,11395,12241,20680,9989,10691,11817,5556,6261,2954,1442,1512,
44335,11820,5729,6091,20685,9974,10711,23639,11396,12243,20683,9991,10692,11817,5556,6261,2955,1443,1512,
44340,11822,5730,6092,20685,9974,10711,23640,11397,12243,20685,9992,10693,11819,5556,6263,2955,1443,1512,
44345,11823,5731,6092,20689,9975,10714,23644,11399,12245,20687,9993,10694,11821,5557,6264,2955,1443,1512,
44350,11824,5732,6092,20692,9976,10716,23647,11399,12248,20690,9996,10694,11821,5557,6264,2956,1443,1513,
44355,11826,5733,6093,20692,9976,10716,23648,11399,12249,20692,9997,10695,11823,5558,6265,2956,1443,1513,
44360,11827,5733,6094,20696,9978,10718,23652,11402,12250,20694,9998,10696,11825,5559,6266,2956,1443,1513,
44365,11828,5734,6094,20699,9980,10719,23655,11403,12252,20697,9999,10698,11825,5559,6266,2957,1444,1513,
44370,11830,5735,6095,20699,9980,10719,23656,11404,12252,20699,10000,10699,11827,5559,6268,2957,1444,1513,
44375,11831,5736,6095,20703,9981,10722,23660,11406,12254,20701,10001,10700,11829,5560,6269,2957,1444,1513,
44380,11832,5736,6096,20706,9982,10724,23663,11407,12256,20704,10003,10701,11829,5560,6269,2958,1444,1514,
44385,11834,5737,6097,20706,9982,10724,23664,11407,12257,20706,10005,10701,11831,5562,6269,2958,1444,1514,
44390,11835,5738,6097,20710,9983,10727,23668,11407,12261,20708,10006,10702,11833,5563,6270,2958,1444,1514,
44395,11836,5738,6098,20713,9985,10728,23671,11407,12264,20711,10006,10705,11833,5563,6270,2959,1445,1514,
44400,11838,5738,6100,20713,9985,10728,23672,11407,12265,20713,10006,10707,11835,5563,6272,2959,1445,1514,
44405,11839,5738,6101,20717,9988,10729,23676,11411,12265,20715,10007,10708,11837,5564,6273,2959,1445,1514,
44410,11840,5739,6101,20720,9989,10731,23679,11413,12266,20718,10008,10710,11837,5564,6273,2960,1446,1514,
44415,11842,5739,6103,20720,9989,10731,23680,11414,12266,20720,10009,10711,11839,5566,6273,2960,1446,1514,
44420,11843,5740,6103,20724,9992,10732,23684,11416,12268,20722,10010,10712,11841,5567,6274,2960,1446,1514,
44425,11844,5741,6103,20727,9992,10735,23687,11419,12268,20725,10011,10714,11841,5567,6274,2961,1446,1515,
44430,11846,5741,6105,20727,9992,10735,23688,11420,12268,20727,10011,10716,11843,5568,6275,2961,1446,1515,
44435,11847,5742,6105,20731,9995,10736,23692,11422,12270,20729,10013,10716,11845,5570,6275,2961,1446,1515,
44440,11848,5742,6106,20734,9998,10736,23695,11422,12273,20732,10015,10717,11845,5570,6275,2962,1447,1515,
44445,11850,5744,6106,20734,9998,10736,23696,11423,12273,20734,10016,10718,11847,5571,6276,2962,1447,1515,
44450,11851,5745,6106,20738,10000,10738,23700,11423,12277,20736,10017,10719,11849,5572,6277,2962,1447,1515,
44455,11852,5745,6107,20741,10002,10739,23703,11425,12278,20739,10019,10720,11849,5572,6277,2963,1447,1516,
44460,11854,5745,6109,20741,10002,10739,23704,11425,12279,20741,10020,10721,11851,5573,6278,2963,1447,1516,
44465,11855,5745,6110,20745,10002,10743,23708,11427,12281,20743,10020,10723,11853,5574,6279,2963,1447,1516,
44470,11856,5745,6111,20748,10003,10745,23711,11428,12283,20746,10021,10725,11853,5574,6279,2964,1448,1516,
44475,11858,5745,6113,20748,10003,10745,23712,11429,12283,20748,10022,10726,11855,5576,6279,2964,1448,1516,
44480,11859,5746,6113,20752,10004,10748,23716,11430,12286,20750,10022,10728,11857,5578,6279,2964,1448,1516,
44485,11860,5747,6113,20755,10007,10748,23719,11433,12286,20753,10024,10729,11857,5578,6279,2965,1448,1517,
44490,11862,5748,6114,20755,10007,10748,23720,11433,12287,20755,10025,10730,11859,5580,6279,2965,1448,1517,
44495,11863,5749,6114,20759,10009,10750,23724,11433,12291,20757,10026,10731,11861,5582,6279,2965,1448,1517,
44500,11864,5749,6115,20762,10011,10751,23727,11434,12293,20760,10026,10734,11861,5582,6279,2966,1448,1518,
44505,11866,5750,6116,20762,10011,10751,23728,11435,12293,20762,10028,10734,11863,5584,6279,2966,1448,1518,
44510,11867,5750,6117,20766,10013,10753,23732,11437,12295,20764,10028,10736,11865,5585,6280,2966,1448,1518,
44515,11868,5751,6117,20769,10014,10755,23735,11439,12296,20767,10028,10739,11865,5585,6280,2967,1449,1518,
44520,11870,5752,6118,20769,10014,10755,23736,11439,12297,20769,10029,10740,11867,5586,6281,2967,1449,1518,
44525,11871,5752,6119,20773,10017,10756,23740,11441,12299,20771,10029,10742,11869,5586,6283,2967,1449,1518,
44530,11872,5752,6120,20776,10017,10759,23743,11442,12301,20774,10032,10742,11869,5586,6283,2968,1450,1518,
44535,11874,5753,6121,20776,10017,10759,23744,11443,12301,20776,10032,10744,11871,5586,6285,2968,1450,1518,
44540,11875,5754,6121,20780,10019,10761,23748,11444,12304,20778,10034,10744,11873,5587,6286,2968,1450,1518,
44545,11876,5754,6122,20783,10019,10764,23751,11445,12306,20781,10035,10746,11873,5587,6286,2969,1451,1518,
44550,11878,5755,6123,20783,10019,10764,23752,11446,12306,20783,10037,10746,11875,5589,6286,2969,1451,1518,
44555,11879,5755,6124,20787,10021,10766,23756,11448,12308,20785,10039,10746,11877,5589,6288,2969,1451,1518,
44560,11880,5755,6125,20790,10022,10768,23759,11448,12311,20788,10041,10747,11877,5589,6288,2970,1452,1518,
44565,11882,5755,6127,20790,10022,10768,23760,11449,12311,20790,10042,10748,11879,5589,6290,2970,1452,1518,
44570,11883,5755,6128,20794,10024,10770,23764,11451,12313,20792,10042,10750,11881,5590,6291,2970,1452,1518,
44575,11884,5755,6129,20797,10026,10771,23767,11453,12314,20795,10044,10751,11881,5590,6291,2971,1453,1518,
44580,11886,5755,6131,20797,10026,10771,23768,11453,12315,20797,10044,10753,11883,5590,6293,2971,1453,1518,
44585,11887,5755,6132,20801,10026,10775,23772,11455,12317,20799,10045,10754,11885,5592,6293,2971,1453,1518,
44590,11888,5755,6133,20804,10027,10777,23775,11456,12319,20802,10048,10754,11885,5592,6293,2972,1454,1518,
44595,11890,5756,6134,20804,10027,10777,23776,11457,12319,20804,10049,10755,11887,5592,6295,2972,1454,1518,
44600,11891,5756,6135,20808,10028,10780,23780,11460,12320,20806,10049,10757,11889,5592,6297,2972,1454,1518,
44605,11892,5757,6135,20811,10029,10782,23783,11460,12323,20809,10049,10760,11889,5592,6297,2973,1454,1519,
44610,11894,5757,6137,20811,10029,10782,23784,11461,12323,20811,10050,10761,11891,5593,6298,2973,1454,1519,
44615,11895,5758,6137,20815,10030,10785,23788,11463,12325,20813,10052,10761,11893,5594,6299,2973,1454,1519,
44620,11896,5758,6138,20818,10032,10786,23791,11465,12326,20816,10054,10762,11893,5594,6299,2974,1454,1520,
44625,11898,5759,6139,20818,10032,10786,23792,11466,12326,20818,10056,10762,11895,5595,6300,2974,1454,1520,
44630,11899,5759,6140,20822,10033,10789,23796,11468,12328,20820,10058,10762,11897,5596,6301,2974,1454,1520,
44635,11900,5760,6140,20825,10033,10792,23799,11470,12329,20823,10059,10764,11897,5596,6301,2975,1455,1520,
44640,11902,5760,6142,20825,10033,10792,23800,11471,12329,20825,10059,10766,11899,5596,6303,2975,1455,1520,
44645,11903,5760,6143,20829,10034,10795,23804,11472,12332,20827,10060,10767,11901,5597,6304,2975,1455,1520,
44650,11904,5761,6143,20832,10035,10797,23807,11473,12334,20830,10061,10769,11901,5597,6304,2976,1455,1521,
44655,11906,5762,6144,20832,10035,10797,23808,11473,12335,20832,10062,10770,11903,5597,6306,2976,1455,1521,
44660,11907,5762,6145,20836,10037,10799,23812,11476,12336,20834,10062,10772,11905,5598,6307,2976,1455,1521,
44665,11908,5762,6146,20839,10039,10800,23815,11478,12337,20837,10062,10775,11905,5598,6307,2977,1455,1522,
44670,11910,5762,6148,20839,10039,10800,23816,11479,12337,20839,10064,10775,11907,5598,6309,2977,1455,1522,
44675,11911,5763,6148,20843,10041,10802,23820,11481,12339,20841,10065,10776,11909,5600,6309,2977,1455,1522,
44680,11912,5763,6149,20846,10044,10802,23823,11483,12340,20844,10066,10778,11909,5600,6309,2978,1456,1522,
44685,11914,5764,6150,20846,10044,10802,23824,11483,12341,20846,10067,10779,11911,5602,6309,2978,1456,1522,
44690,11915,5765,6150,20850,10044,10806,23828,11485,12343,20848,10069,10779,11913,5604,6309,2978,1456,1522,
44695,11916,5765,6151,20853,10045,10808,23831,11486,12345,20851,10070,10781,11913,5604,6309,2979,1457,1522,
44700,11918,5765,6153,20853,10045,10808,23832,11487,12345,20853,10072,10781,11915,5604,6311,2979,1457,1522,
44705,11919,5765,6154,20857,10047,10810,23836,11489,12347,20855,10073,10782,11917,5604,6313,2979,1457,1522,
44710,11920,5766,6154,20860,10048,10812,23839,11491,12348,20858,10074,10784,11917,5604,6313,2980,1458,1522,
44715,11922,5767,6155,20860,10048,10812,23840,11491,12349,20860,10075,10785,11919,5605,6314,2980,1458,1522,
44720,11923,5768,6155,20864,10049,10815,23844,11493,12351,20862,10077,10785,11921,5606,6315,2980,1458,1522,
44725,11924,5768,6156,20867,10051,10816,23847,11494,12353,20865,10079,10786,11921,5606,6315,2981,1459,1522,
44730,11926,5768,6158,20867,10051,10816,23848,11494,12354,20867,10080,10787,11923,5608,6315,2981,1459,1522,
44735,11927,5768,6159,20871,10052,10819,23852,11496,12356,20869,10081,10788,11925,5608,6317,2981,1459,1522,
44740,11928,5768,6160,20874,10053,10821,23855,11496,12359,20872,10082,10790,11925,5608,6317,2982,1460,1522,
44745,11930,5769,6161,20874,10053,10821,23856,11496,12360,20874,10084,10790,11927,5609,6318,2982,1460,1522,
44750,11931,5769,6162,20878,10055,10823,23860,11497,12363,20876,10085,10791,11929,5610,6319,2982,1460,1522,
44755,11932,5769,6163,20881,10055,10826,23863,11499,12364,20879,10087,10792,11929,5610,6319,2983,1460,1523,
44760,11934,5770,6164,20881,10055,10826,23864,11499,12365,20881,10087,10794,11931,5610,6321,2983,1460,1523,
44765,11935,5770,6165,20885,10056,10829,23868,11501,12367,20883,10089,10794,11933,5611,6322,2983,1460,1523,
44770,11936,5770,6166,20888,10059,10829,23871,11502,12369,20886,10092,10794,11933,5611,6322,2984,1461,1523,
44775,11938,5770,6168,20888,10059,10829,23872,11502,12370,20888,10093,10795,11935,5612,6323,2984,1461,1523,
44780,11939,5770,6169,20892,10062,10830,23876,11505,12371,20890,10095,10795,11937,5613,6324,2984,1461,1523,
44785,11940,5771,6169,20895,10064,10831,23879,11507,12372,20893,10096,10797,11937,5613,6324,2985,1462,1523,
44790,11942,5771,6171,20895,10064,10831,23880,11507,12373,20895,10096,10799,11939,5614,6325,2985,1462,1523,
44795,11943,5771,6172,20899,10065,10834,23884,11510,12374,20897,10097,10800,11941,5615,6326,2985,1462,1523,
44800,11944,5771,6173,20902,10067,10835,23887,11511,12376,20900,10099,10801,11941,5615,6326,2986,1463,1523,
44805,11946,5772,6174,20902,10067,10835,23888,11512,12376,20902,10101,10801,11943,5615,6328,2986,1463,1523,
44810,11947,5773,6174,20906,10069,10837,23892,11514,12378,20904,10103,10801,11945,5615,6330,2986,1463,1523,
44815,11948,5774,6174,20909,10070,10839,23895,11515,12380,20907,10104,10803,11945,5615,6330,2987,1464,1523,
44820,11950,5775,6175,20909,10070,10839,23896,11516,12380,20909,10104,10805,11947,5615,6332,2987,1464,1523,
44825,11951,5775,6176,20913,10073,10840,23900,11517,12383,20911,10105,10806,11949,5616,6333,2987,1464,1523,
44830,11952,5775,6177,20916,10075,10841,23903,11518,12385,20914,10107,10807,11949,5616,6333,2988,1464,1524,
44835,11954,5776,6178,20916,10075,10841,23904,11519,12385,20916,10107,10809,11951,5617,6334,2988,1464,1524,
44840,11955,5776,6179,20920,10076,10844,23908,11519,12389,20918,10108,10810,11953,5618,6335,2988,1464,1524,
44845,11956,5776,6180,20923,10077,10846,23911,11519,12392,20921,10108,10813,11953,5618,6335,2989,1465,1524,
44850,11958,5776,6182,20923,10077,10846,23912,11520,12392,20923,10109,10814,11955,5618,6337,2989,1465,1524,
44855,11959,5777,6182,20927,10079,10848,23916,11523,12393,20925,10109,10816,11957,5619,6338,2989,1465,1524,
44860,11960,5778,6182,20930,10080,10850,23919,11524,12395,20928,10110,10818,11957,5619,6338,2990,1465,1525,
44865,11962,5780,6182,20930,10080,10850,23920,11525,12395,20930,10111,10819,11959,5620,6339,2990,1465,1525,
44870,11963,5780,6183,20934,10084,10850,23924,11525,12399,20932,10111,10821,11961,5620,6341,2990,1465,1525,
44875,11964,5781,6183,20937,10085,10852,23927,11526,12401,20935,10114,10821,11961,5620,6341,2991,1465,1526,
44880,11966,5782,6184,20937,10085,10852,23928,11526,12402,20937,10114,10823,11963,5621,6342,2991,1465,1526,
44885,11967,5782,6185,20941,10086,10855,23932,11527,12405,20939,10114,10825,11965,5621,6344,2991,1465,1526,
44890,11968,5783,6185,20944,10088,10856,23935,11528,12407,20942,10117,10825,11965,5621,6344,2992,1466,1526,
44895,11970,5783,6187,20944,10088,10856,23936,11528,12408,20944,10117,10827,11967,5622,6345,2992,1466,1526,
44900,11971,5783,6188,20948,10091,10857,23940,11531,12409,20946,10118,10828,11969,5622,6347,2992,1466,1526,
44905,11972,5783,6189,20951,10092,10859,23943,11532,12411,20949,10118,10831,11969,5622,6347,2993,1466,1527,
44910,11974,5785,6189,20951,10092,10859,23944,11533,12411,20951,10120,10831,11971,5623,6348,2993,1466,1527,
44915,11975,5786,6189,20955,10094,10861,23948,11535,12413,20953,10120,10833,11973,5624,6349,2993,1466,1527,
44920,11976,5786,6190,20958,10095,10863,23951,11535,12416,20956,10121,10835,11973,5624,6349,2994,1466,1528,
44925,11978,5787,6191,20958,10095,10863,23952,11535,12417,20958,10122,10836,11975,5624,6351,2994,1466,1528,
44930,11979,5787,6192,20962,10096,10866,23956,11539,12417,20960,10123,10837,11977,5626,6351,2994,1466,1528,
44935,11980,5787,6193,20965,10098,10867,23959,11541,12418,20963,10124,10839,11977,5626,6351,2995,1467,1528,
44940,11982,5788,6194,20965,10098,10867,23960,11541,12419,20965,10124,10841,11979,5627,6352,2995,1467,1528,
44945,11983,5788,6195,20969,10100,10869,23964,11542,12422,20967,10124,10843,11981,5628,6353,2995,1467,1528,
44950,11984,5788,6196,20972,10101,10871,23967,11543,12424,20970,10125,10845,11981,5628,6353,2996,1467,1529,
44955,11986,5789,6197,20972,10101,10871,23968,11544,12424,20972,10127,10845,11983,5628,6355,2996,1467,1529,
44960,11987,5790,6197,20976,10102,10874,23972,11546,12426,20974,10129,10845,11985,5628,6357,2996,1467,1529,
44965,11988,5790,6198,20979,10104,10875,23975,11549,12426,20977,10130,10847,11985,5628,6357,2997,1467,1530,
44970,11990,5790,6200,20979,10104,10875,23976,11549,12427,20979,10131,10848,11987,5630,6357,2997,1467,1530,
44975,11991,5791,6200,20983,10107,10876,23980,11550,12430,20981,10132,10849,11989,5630,6359,2997,1467,1530,
44980,11992,5791,6201,20986,10109,10877,23983,11551,12432,20984,10133,10851,11989,5630,6359,2998,1467,1531,
44985,11994,5792,6202,20986,10109,10877,23984,11551,12433,20986,10134,10852,11991,5630,6361,2998,1467,1531,
44990,11995,5793,6202,20990,10112,10878,23988,11553,12435,20988,10134,10854,11993,5631,6362,2998,1467,1531,
44995,11996,5793,6203,20993,10114,10879,23991,11556,12435,20991,10137,10854,11993,5631,6362,2999,1468,1531,
45000,11998,5794,6204,20993,10114,10879,23992,11556,12436,20993,10138,10855,11995,5632,6363,2999,1468,1531,
45005,11999,5794,6205,20997,10115,10882,23996,11557,12439,20995,10138,10857,11997,5633,6364,2999,1468,1531,
45010,12000,5794,6206,21000,10117,10883,23999,11558,12441,20998,10139,10859,11997,5633,6364,3000,1469,1531,
45015,12002,5795,6207,21000,10117,10883,24000,11558,12442,21000,10139,10861,11999,5633,6366,3000,1469,1531,
45020,12003,5795,6208,21004,10120,10884,24004,11559,12445,21002,10139,10863,12001,5634,6367,3000,1469,1531,
45025,12004,5795,6209,21007,10121,10886,24007,11560,12447,21005,10140,10865,12001,5634,6367,3001,1469,1532,
45030,12006,5795,6211,21007,10121,10886,24008,11560,12448,21007,10141,10866,12003,5636,6367,3001,1469,1532,
45035,12007,5795,6212,21011,10124,10887,24012,11561,12451,21009,10141,10868,12005,5637,6368,3001,1469,1532,
45040,12008,5796,6212,21014,10124,10890,24015,11562,12453,21012,10143,10869,12005,5637,6368,3002,1470,1532,
45045,12010,5797,6213,21014,10124,10890,24016,11563,12453,21014,10144,10870,12007,5638,6369,3002,1470,1532,
45050,12011,5798,6213,21018,10126,10892,24020,11566,12454,21016,10145,10871,12009,5639,6370,3002,1470,1532,
45055,12012,5798,6214,21021,10127,10894,24023,11567,12456,21019,10147,10872,12009,5639,6370,3003,1471,1532,
45060,12014,5799,6215,21021,10127,10894,24024,11568,12456,21021,10149,10872,12011,5639,6372,3003,1471,1532,
45065,12015,5800,6215,21025,10130,10895,24028,11571,12457,21023,10151,10872,12013,5639,6374,3003,1471,1532,
45070,12016,5800,6216,21028,10131,10897,24031,11572,12459,21026,10153,10873,12013,5639,6374,3004,1471,1533,
45075,12018,5801,6217,21028,10131,10897,24032,11572,12460,21028,10154,10874,12015,5640,6375,3004,1471,1533,
45080,12019,5801,6218,21032,10133,10899,24036,11574,12462,21030,10155,10875,12017,5642,6375,3004,1471,1533,
45085,12020,5801,6219,21035,10133,10902,24039,11576,12463,21033,10156,10877,12017,5642,6375,3005,1471,1534,
45090,12022,5802,6220,21035,10133,10902,24040,11576,12464,21035,10157,10878,12019,5643,6376,3005,1471,1534,
45095,12023,5802,6221,21039,10135,10904,24044,11579,12465,21037,10159,10878,12021,5644,6377,3005,1471,1534,
45100,12024,5803,6221,21042,10135,10907,24047,11581,12466,21040,10161,10879,12021,5644,6377,3006,1472,1534,
45105,12026,5804,6222,21042,10135,10907,24048,11582,12466,21042,10161,10881,12023,5644,6379,3006,1472,1534,
45110,12027,5804,6223,21046,10137,10909,24052,11584,12468,21044,10161,10883,12025,5645,6380,3006,1472,1534,
45115,12028,5805,6223,21049,10140,10909,24055,11585,12470,21047,10164,10883,12025,5645,6380,3007,1472,1535,
45120,12030,5806,6224,21049,10140,10909,24056,11586,12470,21049,10164,10885,12027,5645,6382,3007,1472,1535,
45125,12031,5806,6225,21053,10142,10911,24060,11587,12473,21051,10164,10887,12029,5646,6383,3007,1472,1535,
45130,12032,5807,6225,21056,10145,10911,24063,11588,12475,21054,10165,10889,12029,5646,6383,3008,1472,1536,
45135,12034,5808,6226,21056,10145,10911,24064,11588,12476,21056,10165,10891,12031,5647,6384,3008,1472,1536,
45140,12035,5809,6226,21060,10147,10913,24068,11591,12477,21058,10167,10891,12033,5648,6385,3008,1472,1536,
45145,12036,5810,6226,21063,10147,10916,24071,11594,12477,21061,10169,10892,12033,5648,6385,3009,1473,1536,
45150,12038,5811,6227,21063,10147,10916,24072,11594,12478,21063,10170,10893,12035,5648,6387,3009,1473,1536,
45155,12039,5812,6227,21067,10150,10917,24076,11596,12480,21065,10170,10895,12037,5649,6388,3009,1473,1536,
45160,12040,5813,6227,21070,10151,10919,24079,11598,12481,21068,10172,10896,12037,5649,6388,3010,1474,1536,
45165,12042,5814,6228,21070,10151,10919,24080,11598,12482,21070,10174,10896,12039,5650,6389,3010,1474,1536,
45170,12043,5815,6228,21074,10153,10921,24084,11599,12485,21072,10175,10897,12041,5651,6390,3010,1474,1536,
45175,12044,5815,6229,21077,10153,10924,24087,11602,12485,21075,10177,10898,12041,5651,6390,3011,1474,1537,
45180,12046,5816,6230,21077,10153,10924,24088,11602,12486,21077,10178,10899,12043,5651,6392,3011,1474,1537,
45185,12047,5816,6231,21081,10155,10926,24092,11605,12487,21079,10180,10899,12045,5652,6393,3011,1474,1537,
45190,12048,5816,6232,21084,10157,10927,24095,11607,12488,21082,10181,10901,12045,5652,6393,3012,1474,1538,
45195,12050,5817,6233,21084,10157,10927,24096,11607,12489,21084,10183,10901,12047,5652,6395,3012,1474,1538,
45200,12051,5818,6233,21088,10161,10927,24100,11609,12491,21086,10183,10903,12049,5653,6396,3012,1474,1538,
45205,12052,5819,6233,21091,10163,10928,24103,11610,12493,21089,10185,10904,12049,5653,6396,3013,1475,1538,
45210,12054,5820,6234,21091,10163,10928,24104,11610,12494,21091,10187,10904,12051,5654,6397,3013,1475,1538,
45215,12055,5820,6235,21095,10166,10929,24108,11612,12496,21093,10189,10904,12053,5655,6398,3013,1475,1538,
45220,12056,5821,6235,21098,10167,10931,24111,11613,12498,21096,10190,10906,12053,5655,6398,3014,1475,1539,
45225,12058,5822,6236,21098,10167,10931,24112,11613,12499,21098,10192,10906,12055,5655,6400,3014,1475,1539,
45230,12059,5822,6237,21102,10169,10933,24116,11615,12501,21100,10192,10908,12057,5656,6401,3014,1475,1539,
45235,12060,5822,6238,21105,10171,10934,24119,11617,12502,21103,10193,10910,12057,5656,6401,3015,1476,1539,
45240,12062,5824,6238,21105,10171,10934,24120,11617,12503,21105,10195,10910,12059,5657,6402,3015,1476,1539,
45245,12063,5824,6239,21109,10175,10934,24124,11620,12504,21107,10196,10911,12061,5657,6404,3015,1476,1539,
45250,12064,5825,6239,21112,10177,10935,24127,11622,12505,21110,10198,10912,12061,5657,6404,3016,1476,1540,
45255,12066,5825,6241,21112,10177,10935,24128,11623,12505,21112,10198,10914,12063,5658,6405,3016,1476,1540,
45260,12067,5826,6241,21116,10179,10937,24132,11626,12506,21114,10199,10915,12065,5660,6405,3016,1476,1540,
45265,12068,5826,6242,21119,10181,10938,24135,11627,12508,21117,10202,10915,12065,5660,6405,3017,1476,1541,
45270,12070,5827,6243,21119,10181,10938,24136,11628,12508,21119,10203,10916,12067,5660,6407,3017,1476,1541,
45275,12071,5827,6244,21123,10185,10938,24140,11630,12510,21121,10204,10917,12069,5662,6407,3017,1476,1541,
45280,12072,5827,6245,21126,10188,10938,24143,11632,12511,21124,10206,10918,12069,5662,6407,3018,1476,1542,
45285,12074,5829,6245,21126,10188,10938,24144,11632,12512,21126,10206,10920,12071,5664,6407,3018,1476,1542,
45290,12075,5829,6246,21130,10192,10938,24148,11632,12516,21128,10207,10921,12073,5665,6408,3018,1476,1542,
45295,12076,5829,6247,21133,10194,10939,24151,11634,12517,21131,10209,10922,12073,5665,6408,3019,1476,1543,
45300,12078,5830,6248,21133,10194,10939,24152,11635,12517,21133,10210,10923,12075,5666,6409,3019,1476,1543,
45305,12079,5831,6248,21137,10195,10942,24156,11639,12517,21135,10212,10923,12077,5666,6411,3019,1476,1543,
45310,12080,5831,6249,21140,10197,10943,24159,11639,12520,21138,10213,10925,12077,5666,6411,3020,1477,1543,
45315,12082,5831,6251,21140,10197,10943,24160,11639,12521,21140,10215,10925,12079,5667,6412,3020,1477,1543,
45320,12083,5831,6252,21144,10200,10944,24164,11641,12523,21142,10216,10926,12081,5667,6414,3020,1477,1543,
45325,12084,5831,6253,21147,10202,10945,24167,11641,12526,21145,10217,10928,12081,5667,6414,3021,1477,1544,
45330,12086,5832,6254,21147,10202,10945,24168,11642,12526,21147,10217,10930,12083,5667,6416,3021,1477,1544,
45335,12087,5832,6255,21151,10204,10947,24172,11644,12528,21149,10219,10930,12085,5668,6417,3021,1477,1544,
45340,12088,5833,6255,21154,10206,10948,24175,11646,12529,21152,10220,10932,12085,5668,6417,3022,1477,1545,
45345,12090,5835,6255,21154,10206,10948,24176,11647,12529,21154,10222,10932,12087,5668,6419,3022,1477,1545,
45350,12091,5836,6255,21158,10210,10948,24180,11649,12531,21156,10222,10934,12089,5668,6421,3022,1477,1545,
45355,12092,5836,6256,21161,10211,10950,24183,11651,12532,21159,10223,10936,12089,5668,6421,3023,1478,1545,
45360,12094,5836,6258,21161,10211,10950,24184,11652,12532,21161,10225,10936,12091,5669,6422,3023,1478,1545,
45365,12095,5836,6259,21165,10213,10952,24188,11654,12534,21163,10225,10938,12093,5670,6423,3023,1478,1545,
45370,12096,5837,6259,21168,10214,10954,24191,11657,12534,21166,10227,10939,12093,5670,6423,3024,1478,1546,
45375,12098,5837,6261,21168,10214,10954,24192,11658,12534,21168,10228,10940,12095,5671,6424,3024,1478,1546,
45380,12099,5838,6261,21172,10217,10955,24196,11659,12537,21170,10230,10940,12097,5672,6425,3024,1478,1546,
45385,12100,5839,6261,21175,10219,10956,24199,11660,12539,21173,10230,10943,12097,5672,6425,3025,1478,1547,
45390,12102,5840,6262,21175,10219,10956,24200,11661,12539,21175,10232,10943,12099,5672,6427,3025,1478,1547,
45395,12103,5840,6263,21179,10222,10957,24204,11661,12543,21177,10232,10945,12101,5673,6428,3025,1478,1547,
45400,12104,5840,6264,21182,10225,10957,24207,11662,12545,21180,10234,10946,12101,5673,6428,3026,1479,1547,
45405,12106,5842,6264,21182,10225,10957,24208,11663,12545,21182,10235,10947,12103,5674,6429,3026,1479,1547,
45410,12107,5842,6265,21186,10227,10959,24212,11665,12547,21184,10237,10947,12105,5675,6430,3026,1479,1547,
45415,12108,5843,6265,21189,10229,10960,24215,11667,12548,21187,10237,10950,12105,5675,6430,3027,1479,1548,
45420,12110,5844,6266,21189,10229,10960,24216,11668,12548,21189,10238,10951,12107,5675,6432,3027,1479,1548,
45425,12111,5844,6267,21193,10230,10963,24220,11668,12552,21191,10239,10952,12109,5675,6434,3027,1479,1548,
45430,12112,5844,6268,21196,10231,10965,24223,11668,12555,21194,10241,10953,12109,5675,6434,3028,1480,1548,
45435,12114,5845,6269,21196,10231,10965,24224,11669,12555,21196,10243,10953,12111,5676,6435,3028,1480,1548,
45440,12115,5846,6269,21200,10234,10966,24228,11672,12556,21198,10244,10954,12113,5678,6435,3028,1480,1548,
45445,12116,5847,6269,21203,10234,10969,24231,11675,12556,21201,10246,10955,12113,5678,6435,3029,1481,1548,
45450,12118,5849,6269,21203,10234,10969,24232,11676,12556,21203,10246,10957,12115,5680,6435,3029,1481,1548,
45455,12119,5850,6269,21207,10236,10971,24236,11677,12559,21205,10248,10957,12117,5681,6436,3029,1481,1548,
45460,12120,5850,6270,21210,10237,10973,24239,11678,12561,21208,10249,10959,12117,5681,6436,3030,1481,1549,
45465,12122,5850,6272,21210,10237,10973,24240,11679,12561,21210,10251,10959,12119,5683,6436,3030,1481,1549,
45470,12123,5851,6272,21214,10240,10974,24244,11681,12563,21212,10252,10960,12121,5684,6437,3030,1481,1549,
45475,12124,5851,6273,21217,10241,10976,24247,11683,12564,21215,10253,10962,12121,5684,6437,3031,1482,1549,
45480,12126,5852,6274,21217,10241,10976,24248,11684,12564,21217,10254,10963,12123,5684,6439,3031,1482,1549,
45485,12127,5853,6274,21221,10242,10979,24252,11688,12564,21219,10254,10965,12125,5684,6441,3031,1482,1549,
45490,12128,5854,6274,21224,10245,10979,24255,11688,12567,21222,10255,10967,12125,5684,6441,3032,1482,1550,
45495,12130,5855,6275,21224,10245,10979,24256,11689,12567,21224,10256,10968,12127,5685,6442,3032,1482,1550,
45500,12131,5856,6275,21228,10246,10982,24260,11691,12569,21226,10258,10968,12129,5687,6442,3032,1482,1550,
45505,12132,5856,6276,21231,10247,10984,24263,11694,12569,21229,10260,10969,12129,5687,6442,3033,1482,1551,
45510,12134,5857,6277,21231,10247,10984,24264,11694,12570,21231,10260,10971,12131,5688,6443,3033,1482,1551,
45515,12135,5857,6278,21235,10249,10986,24268,11696,12572,21233,10262,10971,12133,5690,6443,3033,1482,1551,
45520,12136,5857,6279,21238,10250,10988,24271,11697,12574,21236,10264,10972,12133,5690,6443,3034,1483,1551,
45525,12138,5858,6280,21238,10250,10988,24272,11697,12575,21238,10264,10974,12135,5690,6445,3034,1483,1551,
45530,12139,5858,6281,21242,10251,10991,24276,11699,12577,21240,10265,10975,12137,5692,6445,3034,1483,1551,
45535,12140,5859,6281,21245,10253,10992,24279,11701,12578,21243,10267,10976,12137,5692,6445,3035,1484,1551,
45540,12142,5861,6281,21245,10253,10992,24280,11701,12579,21245,10267,10978,12139,5693,6446,3035,1484,1551,
45545,12143,5862,6281,21249,10255,10994,24284,11702,12582,21247,10267,10980,12141,5695,6446,3035,1484,1551,
45550,12144,5863,6281,21252,10257,10995,24287,11704,12583,21250,10270,10980,12141,5695,6446,3036,1484,1552,
45555,12146,5864,6282,21252,10257,10995,24288,11705,12583,21252,10270,10982,12143,5696,6447,3036,1484,1552,
45560,12147,5865,6282,21256,10258,10998,24292,11706,12586,21254,10271,10983,12145,5697,6448,3036,1484,1552,
45565,12148,5866,6282,21259,10258,11001,24295,11708,12587,21257,10272,10985,12145,5697,6448,3037,1485,1552,
45570,12150,5868,6282,21259,10258,11001,24296,11708,12588,21259,10274,10985,12147,5698,6449,3037,1485,1552,
45575,12151,5868,6283,21263,10261,11002,24300,11709,12591,21261,10275,10986,12149,5698,6451,3037,1485,1552,
45580,12152,5869,6283,21266,10263,11003,24303,11712,12591,21264,10275,10989,12149,5698,6451,3038,1486,1552,
45585,12154,5869,6285,21266,10263,11003,24304,11712,12592,21266,10277,10989,12151,5698,6453,3038,1486,1552,
45590,12155,5870,6285,21270,10265,11005,24308,11714,12594,21268,10278,10990,12153,5699,6454,3038,1486,1552,
45595,12156,5871,6285,21273,10266,11007,24311,11715,12596,21271,10281,10990,12153,5699,6454,3039,1486,1553,
45600,12158,5872,6286,21273,10266,11007,24312,11715,12597,21273,10282,10991,12155,5700,6455,3039,1486,1553,
45605,12159,5872,6287,21277,10268,11009,24316,11716,12600,21275,10283,10992,12157,5700,6457,3039,1486,1553,
45610,12160,5873,6287,21280,10270,11010,24319,11717,12602,21278,10285,10993,12157,5700,6457,3040,1486,1554,
45615,12162,5874,6288,21280,10270,11010,24320,11717,12603,21280,10286,10994,12159,5700,6459,3040,1486,1554,
45620,12163,5875,6288,21284,10272,11012,24324,11719,12605,21282,10287,10995,12161,5701,6460,3040,1486,1554,
45625,12164,5875,6289,21287,10274,11013,24327,11720,12607,21285,10289,10996,12161,5701,6460,3041,1487,1554,
45630,12166,5877,6289,21287,10274,11013,24328,11721,12607,21287,10291,10996,12163,5703,6460,3041,1487,1554,
45635,12167,5877,6290,21291,10275,11016,24332,11721,12611,21289,10293,10996,12165,5704,6461,3041,1487,1554,
45640,12168,5877,6291,21294,10276,11018,24335,11723,12612,21292,10294,10998,12165,5704,6461,3042,1488,1554,
45645,12170,5878,6292,21294,10276,11018,24336,11723,12613,21294,10296,10998,12167,5705,6462,3042,1488,1554,
45650,12171,5879,6292,21298,10277,11021,24340,11727,12613,21296,10298,10998,12169,5705,6464,3042,1488,1554,
45655,12172,5880,6292,21301,10279,11022,24343,11729,12614,21299,10300,10999,12169,5705,6464,3043,1489,1554,
45660,12174,5881,6293,21301,10279,11022,24344,11729,12615,21301,10301,11000,12171,5706,6465,3043,1489,1554,
45665,12175,5882,6293,21305,10280,11025,24348,11732,12616,21303,10302,11001,12173,5707,6466,3043,1489,1554,
45670,12176,5883,6293,21308,10282,11026,24351,11732,12619,21306,10303,11003,12173,5707,6466,3044,1490,1554,
45675,12178,5884,6294,21308,10282,11026,24352,11733,12619,21308,10304,11004,12175,5708,6467,3044,1490,1554,
45680,12179,5884,6295,21312,10282,11030,24356,11734,12622,21310,10306,11004,12177,5709,6468,3044,1490,1554,
45685,12180,5885,6295,21315,10282,11033,24359,11736,12623,21313,10308,11005,12177,5709,6468,3045,1491,1554,
45690,12182,5887,6295,21315,10282,11033,24360,11736,12624,21315,10309,11006,12179,5710,6469,3045,1491,1554,
45695,12183,5888,6295,21319,10284,11035,24364,11737,12627,21317,10310,11007,12181,5712,6469,3045,1491,1554,
45700,12184,5888,6296,21322,10285,11037,24367,11739,12628,21320,10311,11009,12181,5712,6469,3046,1491,1555,
45705,12186,5889,6297,21322,10285,11037,24368,11740,12628,21322,10313,11009,12183,5713,6470,3046,1491,1555,
45710,12187,5889,6298,21326,10288,11038,24372,11740,12632,21324,10314,11010,12185,5713,6472,3046,1491,1555,
45715,12188,5889,6299,21329,10289,11040,24375,11743,12632,21327,10317,11010,12185,5713,6472,3047,1492,1555,
45720,12190,5890,6300,21329,10289,11040,24376,11744,12632,21329,10319,11010,12187,5715,6472,3047,1492,1555,
45725,12191,5891,6300,21333,10292,11041,24380,11745,12635,21331,10320,11011,12189,5715,6474,3047,1492,1555,
45730,12192,5892,6300,21336,10293,11043,24383,11747,12636,21334,10321,11013,12189,5715,6474,3048,1492,1556,
45735,12194,5893,6301,21336,10293,11043,24384,11748,12636,21336,10323,11013,12191,5716,6475,3048,1492,1556,
45740,12195,5894,6301,21340,10294,11046,24388,11748,12640,21338,10324,11014,12193,5716,6477,3048,1492,1556,
45745,12196,5894,6302,21343,10295,11048,24391,11750,12641,21341,10325,11016,12193,5716,6477,3049,1492,1557,
45750,12198,5895,6303,21343,10295,11048,24392,11751,12641,21343,10325,11018,12195,5716,6479,3049,1492,1557,
45755,12199,5896,6303,21347,10296,11051,24396,11755,12641,21345,10326,11019,12197,5718,6479,3049,1492,1557,
45760,12200,5897,6303,21350,10298,11052,24399,11758,12641,21348,10327,11021,12197,5718,6479,3050,1492,1558,
45765,12202,5897,6305,21350,10298,11052,24400,11758,12642,21350,10328,11022,12199,5719,6480,3050,1492,1558,
45770,12203,5897,6306,21354,10300,11054,24404,11761,12643,21352,10328,11024,12201,5721,6480,3050,1492,1558,
45775,12204,5897,6307,21357,10301,11056,24407,11761,12646,21355,10330,11025,12201,5721,6480,3051,1492,1559,
45780,12206,5898,6308,21357,10301,11056,24408,11762,12646,21357,10331,11026,12203,5722,6481,3051,1492,1559,
45785,12207,5899,6308,21361,10303,11058,24412,11764,12648,21359,10333,11026,12205,5724,6481,3051,1492,1559,
45790,12208,5900,6308,21364,10306,11058,24415,11765,12650,21362,10333,11029,12205,5724,6481,3052,1492,1560,
45795,12210,5901,6309,21364,10306,11058,24416,11766,12650,21364,10333,11031,12207,5726,6481,3052,1492,1560,
45800,12211,5902,6309,21368,10307,11061,24420,11766,12654,21366,10334,11032,12209,5727,6482,3052,1492,1560,
45805,12212,5902,6310,21371,10309,11062,24423,11766,12657,21369,10336,11033,12209,5727,6482,3053,1492,1561,
45810,12214,5904,6310,21371,10309,11062,24424,11766,12658,21371,10337,11034,12211,5728,6483,3053,1492,1561,
45815,12215,5905,6310,21375,10310,11065,24428,11769,12659,21373,10338,11035,12213,5729,6484,3053,1492,1561,
45820,12216,5905,6311,21378,10312,11066,24431,11772,12659,21376,10340,11036,12213,5729,6484,3054,1492,1562,
45825,12218,5906,6312,21378,10312,11066,24432,11772,12660,21378,10340,11038,12215,5730,6485,3054,1492,1562,
45830,12219,5906,6313,21382,10314,11068,24436,11775,12661,21380,10341,11039,12217,5731,6486,3054,1492,1562,
45835,12220,5906,6314,21385,10316,11069,24439,11775,12664,21383,10343,11040,12217,5731,6486,3055,1492,1563,
45840,12222,5907,6315,21385,10316,11069,24440,11776,12664,21385,10345,11040,12219,5731,6488,3055,1492,1563,
45845,12223,5907,6316,21389,10316,11073,24444,11777,12667,21387,10346,11041,12221,5733,6488,3055,1492,1563,
45850,12224,5908,6316,21392,10318,11074,24447,11779,12668,21390,10348,11042,12221,5733,6488,3056,1492,1564,
45855,12226,5909,6317,21392,10318,11074,24448,11779,12669,21392,10348,11044,12223,5733,6490,3056,1492,1564,
45860,12227,5910,6317,21396,10321,11075,24452,11782,12670,21394,10349,11045,12225,5733,6492,3056,1492,1564,
45865,12228,5911,6317,21399,10324,11075,24455,11783,12672,21397,10351,11046,12225,5733,6492,3057,1493,1564,
45870,12230,5911,6319,21399,10324,11075,24456,11783,12673,21399,10352,11047,12227,5735,6492,3057,1493,1564,
45875,12231,5911,6320,21403,10326,11077,24460,11784,12676,21401,10353,11048,12229,5737,6492,3057,1493,1564,
45880,12232,5911,6321,21406,10328,11078,24463,11786,12677,21404,10354,11050,12229,5737,6492,3058,1493,1565,
45885,12234,5912,6322,21406,10328,11078,24464,11786,12678,21406,10356,11050,12231,5739,6492,3058,1493,1565,
45890,12235,5913,6322,21410,10331,11079,24468,11788,12680,21408,10356,11052,12233,5740,6493,3058,1493,1565,
45895,12236,5913,6323,21413,10331,11082,24471,11791,12680,21411,10357,11054,12233,5740,6493,3059,1494,1565,
45900,12238,5915,6323,21413,10331,11082,24472,11792,12680,21413,10358,11055,12235,5742,6493,3059,1494,1565,
45905,12239,5915,6324,21417,10335,11082,24476,11793,12683,21415,10359,11056,12237,5743,6494,3059,1494,1565,
45910,12240,5916,6324,21420,10336,11084,24479,11794,12685,21418,10361,11057,12237,5743,6494,3060,1494,1566,
45915,12242,5916,6326,21420,10336,11084,24480,11794,12686,21420,10362,11058,12239,5744,6495,3060,1494,1566,
45920,12243,5916,6327,21424,10338,11086,24484,11796,12688,21422,10364,11058,12241,5745,6496,3060,1494,1566,
45925,12244,5916,6328,21427,10339,11088,24487,11797,12690,21425,10365,11060,12241,5745,6496,3061,1494,1567,
45930,12246,5918,6328,21427,10339,11088,24488,11797,12691,21427,10366,11061,12243,5746,6497,3061,1494,1567,
45935,12247,5919,6328,21431,10342,11089,24492,11799,12693,21429,10367,11062,12245,5746,6499,3061,1494,1567,
45940,12248,5920,6328,21434,10344,11090,24495,11801,12694,21432,10368,11064,12245,5746,6499,3062,1495,1567,
45945,12250,5921,6329,21434,10344,11090,24496,11802,12694,21434,10369,11065,12247,5748,6499,3062,1495,1567,
45950,12251,5921,6330,21438,10346,11092,24500,11805,12695,21436,10371,11065,12249,5748,6501,3062,1495,1567,
45955,12252,5921,6331,21441,10349,11092,24503,11807,12696,21439,10374,11065,12249,5748,6501,3063,1495,1568,
45960,12254,5921,6333,21441,10349,11092,24504,11807,12697,21441,10376,11065,12251,5749,6502,3063,1495,1568,
45965,12255,5921,6334,21445,10350,11095,24508,11811,12697,21443,10378,11065,12253,5750,6503,3063,1495,1568,
45970,12256,5921,6335,21448,10351,11097,24511,11813,12698,21446,10380,11066,12253,5750,6503,3064,1495,1569,
45975,12258,5923,6335,21448,10351,11097,24512,11814,12698,21448,10382,11066,12255,5751,6504,3064,1495,1569,
45980,12259,5924,6335,21452,10355,11097,24516,11817,12699,21450,10383,11067,12257,5752,6505,3064,1495,1569,
45985,12260,5924,6336,21455,10356,11099,24519,11819,12700,21453,10383,11070,12257,5752,6505,3065,1495,1570,
45990,12262,5926,6336,21455,10356,11099,24520,11819,12701,21455,10384,11071,12259,5753,6506,3065,1495,1570,
45995,12263,5926,6337,21459,10357,11102,24524,11820,12704,21457,10385,11072,12261,5753,6508,3065,1495,1570,
46000,12264,5927,6337,21462,10359,11103,24527,11822,12705,21460,10385,11075,12261,5753,6508,3066,1496,1570,
46005,12266,5928,6338,21462,10359,11103,24528,11823,12705,21462,10387,11075,12263,5754,6509,3066,1496,1570,
46010,12267,5929,6338,21466,10362,11104,24532,11826,12706,21464,10388,11076,12265,5756,6509,3066,1496,1570,
46015,12268,5929,6339,21469,10363,11106,24535,11827,12708,21467,10390,11077,12265,5756,6509,3067,1496,1571,
46020,12270,5931,6339,21469,10363,11106,24536,11828,12708,21469,10391,11078,12267,5758,6509,3067,1496,1571,
46025,12271,5932,6339,21473,10363,11110,24540,11831,12709,21471,10391,11080,12269,5759,6510,3067,1496,1571,
46030,12272,5933,6339,21476,10363,11113,24543,11833,12710,21474,10394,11080,12269,5759,6510,3068,1496,1572,
46035,12274,5934,6340,21476,10363,11113,24544,11833,12711,21476,10396,11080,12271,5760,6511,3068,1496,1572,
46040,12275,5935,6340,21480,10365,11115,24548,11834,12714,21478,10397,11081,12273,5760,6513,3068,1496,1572,
46045,12276,5936,6340,21483,10365,11118,24551,11836,12715,21481,10399,11082,12273,5760,6513,3069,1496,1573,
46050,12278,5936,6342,21483,10365,11118,24552,11836,12716,21483,10399,11084,12275,5762,6513,3069,1496,1573,
46055,12279,5937,6342,21487,10367,11120,24556,11839,12717,21485,10401,11084,12277,5762,6515,3069,1496,1573,
46060,12280,5937,6343,21490,10368,11122,24559,11841,12718,21488,10401,11087,12277,5762,6515,3070,1497,1573,
46065,12282,5937,6345,21490,10368,11122,24560,11842,12718,21490,10401,11089,12279,5764,6515,3070,1497,1573,
46070,12283,5938,6345,21494,10369,11125,24564,11844,12720,21492,10402,11090,12281,5764,6517,3070,1497,1573,
46075,12284,5938,6346,21497,10370,11127,24567,11844,12723,21495,10404,11091,12281,5764,6517,3071,1497,1574,
46080,12286,5939,6347,21497,10370,11127,24568,11844,12724,21497,10404,11093,12283,5764,6519,3071,1497,1574,
46085,12287,5939,6348,21501,10373,11128,24572,11845,12727,21499,10404,11095,12285,5766,6519,3071,1497,1574,
46090,12288,5940,6348,21504,10374,11130,24575,11845,12730,21502,10405,11097,12285,5766,6519,3072,1497,1575,
46095,12290,5941,6349,21504,10374,11130,24576,11846,12730,21504,10405,11099,12287,5767,6520,3072,1497,1575,
46100,12291,5941,6350,21508,10377,11131,24580,11849,12731,21506,10406,11100,12289,5767,6522,3072,1497,1575,
46105,12292,5941,6351,21511,10379,11132,24583,11850,12733,21509,10407,11102,12289,5767,6522,3073,1498,1575,
46110,12294,5942,6352,21511,10379,11132,24584,11851,12733,21511,10408,11103,12291,5769,6522,3073,1498,1575,
46115,12295,5943,6352,21515,10380,11135,24588,11853,12735,21513,10410,11103,12293,5770,6523,3073,1498,1575,
46120,12296,5943,6353,21518,10382,11136,24591,11855,12736,21516,10412,11104,12293,5770,6523,3074,1498,1576,
46125,12298,5944,6354,21518,10382,11136,24592,11856,12736,21518,10414,11104,12295,5771,6524,3074,1498,1576,
46130,12299,5944,6355,21522,10385,11137,24596,11858,12738,21520,10415,11105,12297,5773,6524,3074,1498,1576,
46135,12300,5945,6355,21525,10388,11137,24599,11859,12740,21523,10416,11107,12297,5773,6524,3075,1498,1577,
46140,12302,5945,6357,21525,10388,11137,24600,11860,12740,21525,10416,11109,12299,5774,6525,3075,1498,1577,
46145,12303,5946,6357,21529,10390,11139,24604,11861,12743,21527,10417,11110,12301,5775,6526,3075,1498,1577,
46150,12304,5946,6358,21532,10391,11141,24607,11861,12746,21530,10418,11112,12301,5775,6526,3076,1498,1578,
46155,12306,5947,6359,21532,10391,11141,24608,11861,12747,21532,10419,11113,12303,5776,6527,3076,1498,1578,
46160,12307,5948,6359,21536,10393,11143,24612,11862,12750,21534,10420,11114,12305,5777,6528,3076,1498,1578,
46165,12308,5948,6360,21539,10394,11145,24615,11864,12751,21537,10421,11116,12305,5777,6528,3077,1498,1579,
46170,12310,5949,6361,21539,10394,11145,24616,11865,12751,21539,10421,11118,12307,5778,6529,3077,1498,1579,
46175,12311,5950,6361,21543,10397,11146,24620,11866,12754,21541,10422,11119,12309,5779,6530,3077,1498,1579,
46180,12312,5951,6361,21546,10399,11147,24623,11867,12756,21544,10425,11119,12309,5779,6530,3078,1498,1580,
46185,12314,5953,6361,21546,10399,11147,24624,11867,12757,21546,10426,11120,12311,5779,6532,3078,1498,1580,
46190,12315,5953,6362,21550,10401,11149,24628,11869,12759,21548,10427,11121,12313,5780,6533,3078,1498,1580,
46195,12316,5954,6362,21553,10402,11151,24631,11871,12760,21551,10430,11121,12313,5780,6533,3079,1498,1581,
46200,12318,5955,6363,21553,10402,11151,24632,11871,12761,21553,10431,11122,12315,5781,6534,3079,1498,1581,
46205,12319,5955,6364,21557,10405,11152,24636,11873,12763,21555,10432,11123,12317,5783,6534,3079,1498,1581,
46210,12320,5956,6364,21560,10408,11152,24639,11876,12763,21558,10435,11123,12317,5783,6534,3080,1498,1582,
46215,12322,5958,6364,21560,10408,11152,24640,11876,12764,21560,10437,11123,12319,5784,6535,3080,1498,1582,
46220,12323,5958,6365,21564,10409,11155,24644,11879,12765,21562,10438,11124,12321,5785,6536,3080,1498,1582,
46225,12324,5958,6366,21567,10411,11156,24647,11880,12767,21565,10438,11127,12321,5785,6536,3081,1498,1583,
46230,12326,5960,6366,21567,10411,11156,24648,11881,12767,21567,10439,11128,12323,5785,6538,3081,1498,1583,
46235,12327,5960,6367,21571,10414,11157,24652,11882,12770,21569,10441,11128,12325,5785,6540,3081,1498,1583,
46240,12328,5960,6368,21574,10415,11159,24655,11884,12771,21572,10442,11130,12325,5785,6540,3082,1499,1583,
46245,12330,5961,6369,21574,10415,11159,24656,11885,12771,21574,10442,11132,12327,5785,6542,3082,1499,1583,
46250,12331,5962,6369,21578,10416,11162,24660,11887,12773,21576,10444,11132,12329,5786,6543,3082,1499,1583,
46255,12332,5963,6369,21581,10417,11164,24663,11888,12775,21579,10445,11134,12329,5786,6543,3083,1499,1584,
46260,12334,5965,6369,21581,10417,11164,24664,11889,12775,21581,10446,11135,12331,5788,6543,3083,1499,1584,
46265,12335,5966,6369,21585,10419,11166,24668,11890,12778,21583,10447,11136,12333,5789,6544,3083,1499,1584,
46270,12336,5967,6369,21588,10420,11168,24671,11892,12779,21586,10447,11139,12333,5789,6544,3084,1500,1584,
46275,12338,5969,6369,21588,10420,11168,24672,11892,12780,21588,10449,11139,12335,5791,6544,3084,1500,1584,
46280,12339,5969,6370,21592,10423,11169,24676,11894,12782,21590,10449,11141,12337,5792,6545,3084,1500,1584,
46285,12340,5970,6370,21595,10424,11171,24679,11897,12782,21593,10449,11144,12337,5792,6545,3085,1501,1584,
46290,12342,5971,6371,21595,10424,11171,24680,11897,12783,21595,10449,11146,12339,5794,6545,3085,1501,1584,
46295,12343,5971,6372,21599,10424,11175,24684,11899,12785,21597,10450,11147,12341,5796,6545,3085,1501,1584,
46300,12344,5972,6372,21602,10427,11175,24687,11900,12787,21600,10452,11148,12341,5796,6545,3086,1501,1585,
46305,12346,5973,6373,21602,10427,11175,24688,11900,12788,21602,10453,11149,12343,5798,6545,3086,1501,1585,
46310,12347,5974,6373,21606,10429,11177,24692,11902,12790,21604,10455,11149,12345,5800,6545,3086,1501,1585,
46315,12348,5975,6373,21609,10429,11180,24695,11904,12791,21607,10458,11149,12345,5800,6545,3087,1501,1586,
46320,12350,5975,6375,21609,10429,11180,24696,11905,12791,21609,10460,11149,12347,5800,6547,3087,1501,1586,
46325,12351,5976,6375,21613,10430,11183,24700,11908,12792,21611,10460,11151,12349,5801,6548,3087,1501,1586,
46330,12352,5977,6375,21616,10431,11185,24703,11910,12793,21614,10463,11151,12349,5801,6548,3088,1501,1587,
46335,12354,5978,6376,21616,10431,11185,24704,11910,12794,21616,10464,11152,12351,5802,6549,3088,1501,1587,
46340,12355,5979,6376,21620,10433,11187,24708,11913,12795,21618,10464,11154,12353,5803,6550,3088,1501,1587,
46345,12356,5979,6377,21623,10435,11188,24711,11915,12796,21621,10465,11156,12353,5803,6550,3089,1502,1587,
46350,12358,5980,6378,21623,10435,11188,24712,11915,12797,21623,10466,11157,12355,5804,6551,3089,1502,1587,
46355,12359,5980,6379,21627,10438,11189,24716,11918,12798,21625,10468,11157,12357,5805,6552,3089,1502,1587,
46360,12360,5981,6379,21630,10440,11190,24719,11920,12799,21628,10469,11159,12357,5805,6552,3090,1502,1588,
46365,12362,5982,6380,21630,10440,11190,24720,11920,12800,21630,10469,11161,12359,5806,6553,3090,1502,1588,
46370,12363,5983,6380,21634,10441,11193,24724,11923,12801,21632,10470,11162,12361,5807,6554,3090,1502,1588,
46375,12364,5984,6380,21637,10443,11194,24727,11924,12803,21635,10472,11163,12361,5807,6554,3091,1503,1588,
46380,12366,5986,6380,21637,10443,11194,24728,11924,12804,21637,10474,11163,12363,5808,6555,3091,1503,1588,
46385,12367,5986,6381,21641,10445,11196,24732,11926,12806,21639,10476,11163,12365,5809,6556,3091,1503,1588,
46390,12368,5986,6382,21644,10445,11199,24735,11928,12807,21642,10478,11164,12365,5809,6556,3092,1503,1589,
46395,12370,5986,6384,21644,10445,11199,24736,11929,12807,21644,10480,11164,12367,5811,6556,3092,1503,1589,
46400,12371,5986,6385,21648,10448,11200,24740,11930,12810,21646,10481,11165,12369,5811,6558,3092,1503,1589,
46405,12372,5987,6385,21651,10450,11201,24743,11931,12812,21649,10482,11167,12369,5811,6558,3093,1503,1590,
46410,12374,5989,6385,21651,10450,11201,24744,11931,12813,21651,10482,11169,12371,5813,6558,3093,1503,1590,
46415,12375,5990,6385,21655,10452,11203,24748,11934,12814,21653,10483,11170,12373,5814,6559,3093,1503,1590,
46420,12376,5990,6386,21658,10455,11203,24751,11937,12814,21656,10484,11172,12373,5814,6559,3094,1504,1590,
46425,12378,5992,6386,21658,10455,11203,24752,11937,12815,21658,10485,11173,12375,5814,6561,3094,1504,1590,
46430,12379,5993,6386,21662,10456,11206,24756,11938,12818,21660,10486,11174,12377,5814,6563,3094,1504,1590,
46435,12380,5994,6386,21665,10459,11206,24759,11939,12820,21663,10488,11175,12377,5814,6563,3095,1504,1591,
46440,12382,5995,6387,21665,10459,11206,24760,11939,12821,21665,10488,11177,12379,5815,6564,3095,1504,1591,
46445,12383,5995,6388,21669,10461,11208,24764,11942,12822,21667,10489,11178,12381,5815,6566,3095,1504,1591,
46450,12384,5995,6389,21672,10463,11209,24767,11944,12823,21670,10491,11179,12381,5815,6566,3096,1504,1592,
46455,12386,5995,6391,21672,10463,11209,24768,11944,12824,21672,10493,11179,12383,5816,6567,3096,1504,1592,
46460,12387,5996,6391,21676,10463,11213,24772,11945,12827,21674,10493,11181,12385,5817,6568,3096,1504,1592,
46465,12388,5997,6391,21679,10463,11216,24775,11946,12829,21677,10494,11183,12385,5817,6568,3097,1504,1593,
46470,12390,5999,6391,21679,10463,11216,24776,11947,12829,21679,10494,11185,12387,5818,6569,3097,1504,1593,
46475,12391,5999,6392,21683,10465,11218,24780,11949,12831,21681,10495,11186,12389,5820,6569,3097,1504,1593,
46480,12392,5999,6393,21686,10466,11220,24783,11950,12833,21684,10495,11189,12389,5820,6569,3098,1504,1594,
46485,12394,5999,6395,21686,10466,11220,24784,11950,12834,21686,10495,11191,12391,5821,6570,3098,1504,1594,
46490,12395,5999,6396,21690,10469,11221,24788,11952,12836,21688,10496,11192,12393,5823,6570,3098,1504,1594,
46495,12396,6000,6396,21693,10471,11222,24791,11953,12838,21691,10499,11192,12393,5823,6570,3099,1505,1594,
46500,12398,6000,6398,21693,10471,11222,24792,11953,12839,21693,10500,11193,12395,5824,6571,3099,1505,1594,
46505,12399,6000,6399,21697,10473,11224,24796,11955,12841,21695,10501,11194,12397,5825,6572,3099,1505,1594,
46510,12400,6000,6400,21700,10474,11226,24799,11957,12842,21698,10503,11195,12397,5825,6572,3100,1505,1595,
46515,12402,6001,6401,21700,10474,11226,24800,11958,12842,21700,10505,11195,12399,5827,6572,3100,1505,1595,
46520,12403,6001,6402,21704,10477,11227,24804,11960,12844,21702,10505,11197,12401,5828,6573,3100,1505,1595,
46525,12404,6002,6402,21707,10478,11229,24807,11961,12846,21705,10507,11198,12401,5828,6573,3101,1506,1595,
46530,12406,6003,6403,21707,10478,11229,24808,11961,12847,21707,10509,11198,12403,5828,6575,3101,1506,1595,
46535,12407,6003,6404,21711,10479,11232,24812,11964,12848,21709,10510,11199,12405,5828,6577,3101,1506,1595,
46540,12408,6004,6404,21714,10479,11235,24815,11965,12850,21712,10511,11201,12405,5828,6577,3102,1507,1595,
46545,12410,6004,6406,21714,10479,11235,24816,11965,12851,21714,10511,11203,12407,5829,6578,3102,1507,1595,
46550,12411,6005,6406,21718,10483,11235,24820,11968,12852,21716,10512,11204,12409,5829,6580,3102,1507,1595,
46555,12412,6006,6406,21721,10485,11236,24823,11969,12854,21719,10513,11206,12409,5829,6580,3103,1507,1596,
46560,12414,6008,6406,21721,10485,11236,24824,11969,12855,21721,10515,11206,12411,5830,6581,3103,1507,1596,
46565,12415,6009,6406,21725,10487,11238,24828,11969,12859,21723,10516,11207,12413,5831,6582,3103,1507,1596,
46570,12416,6009,6407,21728,10488,11240,24831,11971,12860,21726,10519,11207,12413,5831,6582,3104,1507,1597,
46575,12418,6009,6409,21728,10488,11240,24832,11972,12860,21728,10520,11208,12415,5832,6583,3104,1507,1597,
46580,12419,6010,6409,21732,10488,11244,24836,11973,12863,21730,10521,11209,12417,5833,6584,3104,1507,1597,
46585,12420,6010,6410,21735,10489,11246,24839,11975,12864,21733,10522,11211,12417,5833,6584,3105,1507,1598,
46590,12422,6012,6410,21735,10489,11246,24840,11975,12865,21735,10522,11213,12419,5835,6584,3105,1507,1598,
46595,12423,6013,6410,21739,10490,11249,24844,11977,12867,21737,10523,11214,12421,5835,6586,3105,1507,1598,
46600,12424,6014,6410,21742,10491,11251,24847,11978,12869,21740,10525,11215,12421,5835,6586,3106,1507,1599,
46605,12426,6015,6411,21742,10491,11251,24848,11978,12870,21742,10526,11216,12423,5835,6588,3106,1507,1599,
46610,12427,6016,6411,21746,10492,11254,24852,11980,12872,21744,10526,11218,12425,5836,6589,3106,1507,1599,
46615,12428,6017,6411,21749,10494,11255,24855,11981,12874,21747,10527,11220,12425,5836,6589,3107,1507,1600,
46620,12430,6019,6411,21749,10494,11255,24856,11982,12874,21749,10527,11222,12427,5837,6590,3107,1507,1600,
46625,12431,6019,6412,21753,10496,11257,24860,11985,12875,21751,10528,11223,12429,5837,6592,3107,1507,1600,
46630,12432,6020,6412,21756,10499,11257,24863,11986,12877,21754,10529,11225,12429,5837,6592,3108,1507,1601,
46635,12434,6022,6412,21756,10499,11257,24864,11986,12878,21756,10529,11227,12431,5838,6593,3108,1507,1601,
46640,12435,6022,6413,21760,10501,11259,24868,11988,12880,21758,10530,11228,12433,5840,6593,3108,1507,1601,
46645,12436,6022,6414,21763,10503,11260,24871,11988,12883,21761,10531,11230,12433,5840,6593,3109,1507,1602,
46650,12438,6024,6414,21763,10503,11260,24872,11988,12884,21763,10532,11231,12435,5841,6594,3109,1507,1602,
46655,12439,6024,6415,21767,10505,11262,24876,11990,12886,21765,10533,11232,12437,5841,6596,3109,1507,1602,
46660,12440,6025,6415,21770,10507,11263,24879,11993,12886,21768,10533,11235,12437,5841,6596,3110,1507,1603,
46665,12442,6026,6416,21770,10507,11263,24880,11993,12887,21770,10534,11236,12439,5842,6597,3110,1507,1603,
46670,12443,6026,6417,21774,10507,11267,24884,11997,12887,21772,10536,11236,12441,5844,6597,3110,1507,1603,
46675,12444,6026,6418,21777,10509,11268,24887,11997,12890,21775,10537,11238,12441,5844,6597,3111,1508,1603,
46680,12446,6026,6420,21777,10509,11268,24888,11997,12891,21777,10538,11239,12443,5846,6597,3111,1508,1603,
46685,12447,6026,6421,21781,10511,11270,24892,12001,12891,21779,10540,11239,12445,5847,6598,3111,1508,1603,
46690,12448,6027,6421,21784,10512,11272,24895,12004,12891,21782,10542,11240,12445,5847,6598,3112,1509,1603,
46695,12450,6028,6422,21784,10512,11272,24896,12004,12892,21784,10543,11241,12447,5847,6600,3112,1509,1603,
46700,12451,6028,6423,21788,10513,11275,24900,12006,12894,21786,10543,11243,12449,5849,6600,3112,1509,1603,
46705,12452,6028,6424,21791,10515,11276,24903,12007,12896,21789,10546,11243,12449,5849,6600,3113,1509,1604,
46710,12454,6028,6426,21791,10515,11276,24904,12008,12896,21791,10548,11243,12451,5850,6601,3113,1509,1604,
46715,12455,6028,6427,21795,10518,11277,24908,12009,12899,21793,10548,11245,12453,5852,6601,3113,1509,1604,
46720,12456,6029,6427,21798,10520,11278,24911,12010,12901,21796,10548,11248,12453,5852,6601,3114,1510,1604,
46725,12458,6030,6428,21798,10520,11278,24912,12011,12901,21798,10549,11249,12455,5852,6603,3114,1510,1604,
46730,12459,6031,6428,21802,10523,11279,24916,12013,12903,21800,10550,11250,12457,5853,6604,3114,1510,1604,
46735,12460,6032,6428,21805,10524,11281,24919,12016,12903,21803,10550,11253,12457,5853,6604,3115,1511,1604,
46740,12462,6033,6429,21805,10524,11281,24920,12016,12904,21805,10551,11254,12459,5854,6605,3115,1511,1604,
46745,12463,6034,6429,21809,10526,11283,24924,12019,12905,21807,10553,11254,12461,5855,6606,3115,1511,1604,
46750,12464,6034,6430,21812,10528,11284,24927,12021,12906,21810,10553,11257,12461,5855,6606,3116,1511,1605,
46755,12466,6035,6431,21812,10528,11284,24928,12022,12906,21812,10555,11257,12463,5855,6608,3116,1511,1605,
46760,12467,6035,6432,21816,10530,11286,24932,12026,12906,21814,10556,11258,12465,5856,6609,3116,1511,1605,
46765,12468,6036,6432,21819,10531,11288,24935,12027,12908,21817,10559,11258,12465,5856,6609,3117,1511,1606,
46770,12470,6036,6434,21819,10531,11288,24936,12028,12908,21819,10560,11259,12467,5857,6610,3117,1511,1606,
46775,12471,6036,6435,21823,10533,11290,24940,12032,12908,21821,10560,11261,12469,5858,6611,3117,1511,1606,
46780,12472,6037,6435,21826,10536,11290,24943,12032,12911,21824,10563,11261,12469,5858,6611,3118,1512,1606,
46785,12474,6039,6435,21826,10536,11290,24944,12032,12912,21826,10564,11262,12471,5859,6612,3118,1512,1606,
46790,12475,6040,6435,21830,10537,11293,24948,12034,12914,21828,10565,11263,12473,5861,6612,3118,1512,1606,
46795,12476,6040,6436,21833,10540,11293,24951,12036,12915,21831,10567,11264,12473,5861,6612,3119,1513,1606,
46800,12478,6041,6437,21833,10540,11293,24952,12037,12915,21833,10568,11265,12475,5863,6612,3119,1513,1606,
46805,12479,6042,6437,21837,10542,11295,24956,12039,12917,21835,10570,11265,12477,5864,6613,3119,1513,1606,
46810,12480,6043,6437,21840,10543,11297,24959,12039,12920,21838,10571,11267,12477,5864,6613,3120,1514,1606,
46815,12482,6045,6437,21840,10543,11297,24960,12040,12920,21840,10572,11268,12479,5865,6614,3120,1514,1606,
46820,12483,6046,6437,21844,10546,11298,24964,12041,12923,21842,10573,11269,12481,5866,6615,3120,1514,1606,
46825,12484,6046,6438,21847,10547,11300,24967,12041,12926,21845,10573,11272,12481,5866,6615,3121,1514,1607,
46830,12486,6048,6438,21847,10547,11300,24968,12042,12926,21847,10574,11273,12483,5866,6617,3121,1514,1607,
46835,12487,6048,6439,21851,10549,11302,24972,12044,12928,21849,10574,11275,12485,5866,6619,3121,1514,1607,
46840,12488,6048,6440,21854,10551,11303,24975,12045,12930,21852,10575,11277,12485,5866,6619,3122,1514,1608,
46845,12490,6049,6441,21854,10551,11303,24976,12045,12931,21854,10575,11279,12487,5866,6621,3122,1514,1608,
46850,12491,6049,6442,21858,10551,11307,24980,12047,12933,21856,10576,11280,12489,5867,6622,3122,1514,1608,
46855,12492,6049,6443,21861,10553,11308,24983,12049,12934,21859,10578,11281,12489,5867,6622,3123,1514,1609,
46860,12494,6050,6444,21861,10553,11308,24984,12050,12934,21861,10579,11282,12491,5868,6623,3123,1514,1609,
46865,12495,6051,6444,21865,10554,11311,24988,12050,12938,21863,10580,11283,12493,5870,6623,3123,1514,1609,
46870,12496,6052,6444,21868,10556,11312,24991,12051,12940,21866,10581,11285,12493,5870,6623,3124,1515,1609,
46875,12498,6052,6446,21868,10556,11312,24992,12051,12941,21868,10582,11286,12495,5872,6623,3124,1515,1609,
46880,12499,6053,6446,21872,10557,11315,24996,12052,12944,21870,10583,11287,12497,5872,6625,3124,1515,1609,
46885,12500,6053,6447,21875,10559,11316,24999,12054,12945,21873,10585,11288,12497,5872,6625,3125,1516,1609,
46890,12502,6054,6448,21875,10559,11316,25000,12055,12945,21875,10585,11290,12499,5873,6626,3125,1516,1609,
46895,12503,6055,6448,21879,10561,11318,25004,12057,12947,21877,10587,11290,12501,5874,6627,3125,1516,1609,
46900,12504,6055,6449,21882,10561,11321,25007,12059,12948,21880,10590,11290,12501,5874,6627,3126,1516,1610,
46905,12506,6057,6449,21882,10561,11321,25008,12060,12948,21882,10590,11292,12503,5875,6628,3126,1516,1610,
46910,12507,6057,6450,21886,10564,11322,25012,12063,12949,21884,10592,11292,12505,5877,6628,3126,1516,1610,
46915,12508,6058,6450,21889,10566,11323,25015,12066,12949,21887,10594,11293,12505,5877,6628,3127,1516,1611,
46920,12510,6058,6452,21889,10566,11323,25016,12066,12950,21889,10595,11294,12507,5878,6629,3127,1516,1611,
46925,12511,6059,6452,21893,10568,11325,25020,12068,12952,21891,10596,11295,12509,5878,6631,3127,1516,1611,
46930,12512,6060,6452,21896,10570,11326,25023,12069,12954,21894,10599,11295,12509,5878,6631,3128,1516,1612,
46935,12514,6061,6453,21896,10570,11326,25024,12070,12954,21896,10600,11296,12511,5880,6631,3128,1516,1612,
46940,12515,6062,6453,21900,10571,11329,25028,12072,12956,21898,10602,11296,12513,5882,6631,3128,1516,1612,
46945,12516,6062,6454,21903,10572,11331,25031,12074,12957,21901,10602,11299,12513,5882,6631,3129,1517,1612,
46950,12518,6062,6456,21903,10572,11331,25032,12074,12958,21903,10604,11299,12515,5883,6632,3129,1517,1612,
46955,12519,6063,6456,21907,10573,11334,25036,12075,12961,21905,10605,11300,12517,5884,6633,3129,1517,1612,
46960,12520,6064,6456,21910,10575,11335,25039,12076,12963,21908,10607,11301,12517,5884,6633,3130,1517,1613,
46965,12522,6065,6457,21910,10575,11335,25040,12077,12963,21910,10607,11303,12519,5885,6634,3130,1517,1613,
46970,12523,6065,6458,21914,10576,11338,25044,12080,12964,21912,10608,11304,12521,5886,6635,3130,1517,1613,
46975,12524,6065,6459,21917,10578,11339,25047,12081,12966,21915,10610,11305,12521,5886,6635,3131,1518,1613,
46980,12526,6067,6459,21917,10578,11339,25048,12082,12966,21917,10610,11307,12523,5887,6636,3131,1518,1613,
46985,12527,6067,6460,21921,10581,11340,25052,12084,12968,21919,10611,11308,12525,5889,6636,3131,1518,1613,
46990,12528,6067,6461,21924,10584,11340,25055,12085,12970,21922,10611,11311,12525,5889,6636,3132,1518,1614,
46995,12530,6067,6463,21924,10584,11340,25056,12085,12971,21924,10613,11311,12527,5889,6638,3132,1518,1614,
47000,12531,6068,6463,21928,10586,11342,25060,12087,12973,21926,10615,11311,12529,5891,6638,3132,1518,1614,
47005,12532,6068,6464,21931,10587,11344,25063,12089,12974,21929,10615,11314,12529,5891,6638,3133,1518,1615,
47010,12534,6069,6465,21931,10587,11344,25064,12090,12974,21931,10617,11314,12531,5892,6639,3133,1518,1615,
47015,12535,6070,6465,21935,10588,11347,25068,12093,12975,21933,10618,11315,12533,5892,6641,3133,1518,1615,
47020,12536,6070,6466,21938,10589,11349,25071,12095,12976,21936,10621,11315,12533,5892,6641,3134,1519,1615,
47025,12538,6070,6468,21938,10589,11349,25072,12095,12977,21938,10622,11316,12535,5893,6642,3134,1519,1615,
47030,12539,6071,6468,21942,10590,11352,25076,12098,12978,21940,10623,11317,12537,5894,6643,3134,1519,1615,
47035,12540,6071,6469,21945,10592,11353,25079,12100,12979,21943,10624,11319,12537,5894,6643,3135,1520,1615,
47040,12542,6072,6470,21945,10592,11353,25080,12101,12979,21945,10624,11321,12539,5894,6645,3135,1520,1615,
47045,12543,6073,6470,21949,10593,11356,25084,12103,12981,21947,10625,11322,12541,5895,6646,3135,1520,1615,
47050,12544,6073,6471,21952,10595,11357,25087,12104,12983,21950,10626,11324,12541,5895,6646,3136,1520,1616,
47055,12546,6075,6471,21952,10595,11357,25088,12105,12983,21952,10627,11325,12543,5897,6646,3136,1520,1616,
47060,12547,6076,6471,21956,10597,11359,25092,12107,12985,21954,10628,11326,12545,5898,6647,3136,1520,1616,
47065,12548,6076,6472,21959,10600,11359,25095,12109,12986,21957,10629,11328,12545,5898,6647,3137,1521,1616,
47070,12550,6076,6474,21959,10600,11359,25096,12109,12987,21959,10629,11330,12547,5900,6647,3137,1521,1616,
47075,12551,6076,6475,21963,10601,11362,25100,12110,12990,21961,10631,11330,12549,5902,6647,3137,1521,1616,
47080,12552,6076,6476,21966,10603,11363,25103,12110,12993,21964,10633,11331,12549,5902,6647,3138,1521,1617,
47085,12554,6076,6478,21966,10603,11363,25104,12111,12993,21966,10635,11331,12551,5902,6649,3138,1521,1617,
47090,12555,6077,6478,21970,10605,11365,25108,12113,12995,21968,10636,11332,12553,5904,6649,3138,1521,1617,
47095,12556,6077,6479,21973,10605,11368,25111,12116,12995,21971,10636,11335,12553,5904,6649,3139,1521,1618,
47100,12558,6078,6480,21973,10605,11368,25112,12116,12996,21973,10636,11337,12555,5905,6650,3139,1521,1618,
47105,12559,6078,6481,21977,10608,11369,25116,12118,12998,21975,10636,11339,12557,5907,6650,3139,1521,1618,
47110,12560,6079,6481,21980,10611,11369,25119,12119,13000,21978,10637,11341,12557,5907,6650,3140,1522,1618,
47115,12562,6080,6482,21980,10611,11369,25120,12119,13001,21980,10638,11342,12559,5908,6651,3140,1522,1618,
47120,12563,6081,6482,21984,10613,11371,25124,12120,13004,21982,10638,11344,12561,5910,6651,3140,1522,1618,
47125,12564,6082,6482,21987,10615,11372,25127,12122,13005,21985,10640,11345,12561,5910,6651,3141,1522,1619,
47130,12566,6084,6482,21987,10615,11372,25128,12123,13005,21987,10641,11346,12563,5912,6651,3141,1522,1619,
47135,12567,6085,6482,21991,10618,11373,25132,12125,13007,21989,10642,11347,12565,5913,6652,3141,1522,1619,
47140,12568,6086,6482,21994,10621,11373,25135,12127,13008,21992,10644,11348,12565,5913,6652,3142,1523,1619,
47145,12570,6088,6482,21994,10621,11373,25136,12127,13009,21994,10646,11348,12567,5915,6652,3142,1523,1619,
47150,12571,6089,6482,21998,10623,11375,25140,12128,13012,21996,10647,11349,12569,5916,6653,3142,1523,1619,
47155,12572,6090,6482,22001,10625,11376,25143,12130,13013,21999,10648,11351,12569,5916,6653,3143,1524,1619,
47160,12574,6090,6484,22001,10625,11376,25144,12131,13013,22001,10648,11353,12571,5916,6655,3143,1524,1619,
47165,12575,6090,6485,22005,10627,11378,25148,12134,13014,22003,10649,11354,12573,5917,6656,3143,1524,1619,
47170,12576,6091,6485,22008,10628,11380,25151,12135,13016,22006,10651,11355,12573,5917,6656,3144,1525,1619,
47175,12578,6092,6486,22008,10628,11380,25152,12135,13017,22008,10653,11355,12575,5917,6658,3144,1525,1619,
47180,12579,6093,6486,22012,10630,11382,25156,12138,13018,22010,10654,11356,12577,5918,6659,3144,1525,1619,
47185,12580,6093,6487,22015,10630,11385,25159,12140,13019,22013,10654,11359,12577,5918,6659,3145,1526,1619,
47190,12582,6095,6487,22015,10630,11385,25160,12140,13020,22015,10655,11360,12579,5920,6659,3145,1526,1619,
47195,12583,6096,6487,22019,10632,11387,25164,12143,13021,22017,10656,11361,12581,5922,6659,3145,1526,1619,
47200,12584,6097,6487,22022,10633,11389,25167,12143,13024,22020,10657,11363,12581,5922,6659,3146,1526,1620,
47205,12586,6097,6489,22022,10633,11389,25168,12144,13024,22022,10658,11364,12583,5923,6660,3146,1526,1620,
47210,12587,6097,6490,22026,10633,11393,25172,12145,13027,22024,10659,11365,12585,5924,6661,3146,1526,1620,
47215,12588,6097,6491,22029,10635,11394,25175,12145,13030,22027,10660,11367,12585,5924,6661,3147,1526,1621,
47220,12590,6098,6492,22029,10635,11394,25176,12145,13031,22029,10661,11368,12587,5926,6661,3147,1526,1621,
47225,12591,6099,6492,22033,10636,11397,25180,12147,13033,22031,10663,11368,12589,5927,6662,3147,1526,1621,
47230,12592,6100,6492,22036,10638,11398,25183,12150,13033,22034,10665,11369,12589,5927,6662,3148,1526,1622,
47235,12594,6101,6493,22036,10638,11398,25184,12150,13034,22036,10666,11370,12591,5928,6663,3148,1526,1622,
47240,12595,6101,6494,22040,10639,11401,25188,12151,13037,22038,10667,11371,12593,5929,6664,3148,1526,1622,
47245,12596,6101,6495,22043,10640,11403,25191,12152,13039,22041,10669,11372,12593,5929,6664,3149,1527,1622,
47250,12598,6101,6497,22043,10640,11403,25192,12152,13040,22043,10670,11373,12595,5929,6666,3149,1527,1622,
47255,12599,6102,6497,22047,10643,11404,25196,12153,13043,22045,10671,11374,12597,5930,6667,3149,1527,1622,
47260,12600,6102,6498,22050,10645,11405,25199,12155,13044,22048,10673,11375,12597,5930,6667,3150,1528,1622,
47265,12602,6102,6500,22050,10645,11405,25200,12156,13044,22050,10674,11376,12599,5931,6668,3150,1528,1622,
47270,12603,6103,6500,22054,10646,11408,25204,12159,13045,22052,10675,11377,12601,5932,6669,3150,1528,1622,
47275,12604,6103,6501,22057,10647,11410,25207,12161,13046,22055,10677,11378,12601,5932,6669,3151,1528,1623,
47280,12606,6105,6501,22057,10647,11410,25208,12162,13046,22057,10677,11380,12603,5933,6670,3151,1528,1623,
47285,12607,6106,6501,22061,10650,11411,25212,12165,13047,22059,10678,11381,12605,5933,6672,3151,1528,1623,
47290,12608,6106,6502,22064,10650,11414,25215,12167,13048,22062,10679,11383,12605,5933,6672,3152,1529,1623,
47295,12610,6107,6503,22064,10650,11414,25216,12167,13049,22064,10679,11385,12607,5935,6672,3152,1529,1623,
47300,12611,6108,6503,22068,10652,11416,25220,12169,13051,22066,10679,11387,12609,5935,6674,3152,1529,1623,
47305,12612,6108,6504,22071,10653,11418,25223,12169,13054,22069,10680,11389,12609,5935,6674,3153,1529,1624,
47310,12614,6110,6504,22071,10653,11418,25224,12170,13054,22071,10681,11390,12611,5935,6676,3153,1529,1624,
47315,12615,6110,6505,22075,10655,11420,25228,12171,13057,22073,10682,11391,12613,5936,6677,3153,1529,1624,
47320,12616,6110,6506,22078,10657,11421,25231,12174,13057,22076,10683,11393,12613,5936,6677,3154,1529,1625,
47325,12618,6111,6507,22078,10657,11421,25232,12174,13058,22078,10683,11395,12615,5937,6678,3154,1529,1625,
47330,12619,6111,6508,22082,10659,11423,25236,12175,13061,22080,10684,11396,12617,5938,6679,3154,1529,1625,
47335,12620,6111,6509,22085,10660,11425,25239,12175,13064,22083,10686,11397,12617,5938,6679,3155,1529,1626,
47340,12622,6112,6510,22085,10660,11425,25240,12175,13065,22085,10687,11398,12619,5939,6680,3155,1529,1626,
47345,12623,6112,6511,22089,10662,11427,25244,12176,13068,22087,10689,11398,12621,5939,6682,3155,1529,1626,
47350,12624,6113,6511,22092,10664,11428,25247,12178,13069,22090,10692,11398,12621,5939,6682,3156,1530,1626,
47355,12626,6115,6511,22092,10664,11428,25248,12178,13070,22092,10694,11398,12623,5939,6684,3156,1530,1626,
47360,12627,6116,6511,22096,10667,11429,25252,12178,13074,22094,10695,11399,12625,5940,6685,3156,1530,1626,
47365,12628,6116,6512,22099,10669,11430,25255,12179,13076,22097,10697,11400,12625,5940,6685,3157,1531,1626,
47370,12630,6117,6513,22099,10669,11430,25256,12179,13077,22099,10699,11400,12627,5940,6687,3157,1531,1626,
47375,12631,6118,6513,22103,10672,11431,25260,12181,13079,22101,10700,11401,12629,5941,6688,3157,1531,1626,
47380,12632,6119,6513,22106,10675,11431,25263,12184,13079,22104,10702,11402,12629,5941,6688,3158,1532,1626,
47385,12634,6120,6514,22106,10675,11431,25264,12184,13080,22106,10704,11402,12631,5943,6688,3158,1532,1626,
47390,12635,6120,6515,22110,10677,11433,25268,12186,13082,22108,10704,11404,12633,5943,6690,3158,1532,1626,
47395,12636,6121,6515,22113,10679,11434,25271,12187,13084,22111,10705,11406,12633,5943,6690,3159,1532,1627,
47400,12638,6122,6516,22113,10679,11434,25272,12188,13084,22113,10707,11406,12635,5944,6691,3159,1532,1627,
47405,12639,6123,6516,22117,10682,11435,25276,12189,13087,22115,10708,11407,12637,5944,6693,3159,1532,1627,
47410,12640,6123,6517,22120,10683,11437,25279,12190,13089,22118,10710,11408,12637,5944,6693,3160,1533,1627,
47415,12642,6125,6517,22120,10683,11437,25280,12191,13089,22120,10711,11409,12639,5944,6695,3160,1533,1627,
47420,12643,6125,6518,22124,10686,11438,25284,12193,13091,22122,10712,11410,12641,5946,6695,3160,1533,1627,
47425,12644,6126,6518,22127,10689,11438,25287,12194,13093,22125,10715,11410,12641,5946,6695,3161,1533,1628,
47430,12646,6127,6519,22127,10689,11438,25288,12194,13094,22127,10717,11410,12643,5948,6695,3161,1533,1628,
47435,12647,6127,6520,22131,10690,11441,25292,12196,13096,22129,10717,11412,12645,5948,6697,3161,1533,1628,
47440,12648,6128,6520,22134,10692,11442,25295,12196,13099,22132,10718,11414,12645,5948,6697,3162,1534,1628,
47445,12650,6128,6522,22134,10692,11442,25296,12196,13100,22134,10719,11415,12647,5949,6698,3162,1534,1628,
47450,12651,6128,6523,22138,10694,11444,25300,12197,13103,22136,10720,11416,12649,5950,6699,3162,1534,1628,
47455,12652,6128,6524,22141,10695,11446,25303,12199,13104,22139,10722,11417,12649,5950,6699,3163,1534,1629,
47460,12654,6128,6526,22141,10695,11446,25304,12199,13105,22141,10723,11418,12651,5950,6701,3163,1534,1629,
47465,12655,6128,6527,22145,10697,11448,25308,12201,13107,22143,10724,11419,12653,5952,6701,3163,1534,1629,
47470,12656,6129,6527,22148,10698,11450,25311,12204,13107,22146,10726,11420,12653,5952,6701,3164,1535,1629,
47475,12658,6129,6529,22148,10698,11450,25312,12205,13107,22148,10727,11421,12655,5953,6702,3164,1535,1629,
47480,12659,6129,6530,22152,10702,11450,25316,12207,13109,22150,10729,11421,12657,5954,6703,3164,1535,1629,
47485,12660,6129,6531,22155,10704,11451,25319,12207,13112,22153,10731,11422,12657,5954,6703,3165,1535,1630,
47490,12662,6131,6531,22155,10704,11451,25320,12207,13113,22155,10733,11422,12659,5954,6705,3165,1535,1630,
47495,12663,6131,6532,22159,10706,11453,25324,12210,13114,22157,10733,11424,12661,5955,6706,3165,1535,1630,
47500,12664,6132,6532,22162,10708,11454,25327,12212,13115,22160,10734,11426,12661,5955,6706,3166,1535,1631,
47505,12666,6133,6533,22162,10708,11454,25328,12213,13115,22162,10735,11427,12663,5957,6706,3166,1535,1631,
47510,12667,6134,6533,22166,10710,11456,25332,12216,13116,22164,10735,11429,12665,5959,6706,3166,1535,1631,
47515,12668,6134,6534,22169,10712,11457,25335,12219,13116,22167,10737,11430,12665,5959,6706,3167,1535,1632,
47520,12670,6135,6535,22169,10712,11457,25336,12220,13116,22169,10737,11432,12667,5961,6706,3167,1535,1632,
47525,12671,6135,6536,22173,10713,11460,25340,12223,13117,22171,10739,11432,12669,5962,6707,3167,1535,1632,
47530,12672,6136,6536,22176,10714,11462,25343,12224,13119,22174,10742,11432,12669,5962,6707,3168,1536,1632,
47535,12674,6137,6537,22176,10714,11462,25344,12224,13120,22176,10742,11434,12671,5963,6708,3168,1536,1632,
47540,12675,6137,6538,22180,10716,11464,25348,12226,13122,22178,10744,11434,12673,5965,6708,3168,1536,1632,
47545,12676,6138,6538,22183,10717,11466,25351,12226,13125,22181,10745,11436,12673,5965,6708,3169,1537,1632,
47550,12678,6138,6540,22183,10717,11466,25352,12227,13125,22183,10746,11437,12675,5965,6710,3169,1537,1632,
47555,12679,6138,6541,22187,10717,11470,25356,12229,13127,22185,10747,11438,12677,5967,6710,3169,1537,1632,
47560,12680,6138,6542,22190,10719,11471,25359,12230,13129,22188,10747,11441,12677,5967,6710,3170,1538,1632,
47565,12682,6139,6543,22190,10719,11471,25360,12230,13130,22190,10748,11442,12679,5968,6711,3170,1538,1632,
47570,12683,6140,6543,22194,10720,11474,25364,12232,13132,22192,10748,11444,12681,5969,6712,3170,1538,1632,
47575,12684,6141,6543,22197,10721,11476,25367,12234,13133,22195,10749,11446,12681,5969,6712,3171,1539,1632,
47580,12686,6143,6543,22197,10721,11476,25368,12235,13133,22197,10750,11447,12683,5970,6713,3171,1539,1632,
47585,12687,6144,6543,22201,10723,11478,25372,12237,13135,22199,10752,11447,12685,5970,6715,3171,1539,1632,
47590,12688,6144,6544,22204,10723,11481,25375,12237,13138,22202,10753,11449,12685,5970,6715,3172,1539,1633,
47595,12690,6145,6545,22204,10723,11481,25376,12238,13138,22204,10753,11451,12687,5972,6715,3172,1539,1633,
47600,12691,6146,6545,22208,10724,11484,25380,12239,13141,22206,10755,11451,12689,5974,6715,3172,1539,1633,
47605,12692,6146,6546,22211,10727,11484,25383,12240,13143,22209,10757,11452,12689,5974,6715,3173,1539,1634,
47610,12694,6147,6547,22211,10727,11484,25384,12240,13144,22211,10758,11453,12691,5975,6716,3173,1539,1634,
47615,12695,6148,6547,22215,10729,11486,25388,12242,13146,22213,10759,11454,12693,5975,6718,3173,1539,1634,
47620,12696,6149,6547,22218,10732,11486,25391,12245,13146,22216,10761,11455,12693,5975,6718,3174,1540,1634,
47625,12698,6149,6549,22218,10732,11486,25392,12246,13146,22218,10762,11456,12695,5975,6720,3174,1540,1634,
47630,12699,6150,6549,22222,10735,11487,25396,12249,13147,22220,10763,11457,12697,5976,6721,3174,1540,1634,
47635,12700,6151,6549,22225,10738,11487,25399,12249,13150,22223,10766,11457,12697,5976,6721,3175,1541,1634,
47640,12702,6151,6551,22225,10738,11487,25400,12250,13150,22225,10766,11459,12699,5976,6723,3175,1541,1634,
47645,12703,6151,6552,22229,10739,11490,25404,12253,13151,22227,10766,11461,12701,5977,6724,3175,1541,1634,
47650,12704,6151,6553,22232,10741,11491,25407,12255,13152,22230,10767,11463,12701,5977,6724,3176,1542,1634,
47655,12706,6152,6554,22232,10741,11491,25408,12256,13152,22232,10767,11465,12703,5977,6726,3176,1542,1634,
47660,12707,6153,6554,22236,10743,11493,25412,12257,13155,22234,10769,11465,12705,5979,6726,3176,1542,1634,
47665,12708,6154,6554,22239,10744,11495,25415,12258,13157,22237,10772,11465,12705,5979,6726,3177,1543,1634,
47670,12710,6156,6554,22239,10744,11495,25416,12258,13158,22239,10772,11467,12707,5979,6728,3177,1543,1634,
47675,12711,6156,6555,22243,10744,11499,25420,12261,13159,22241,10774,11467,12709,5979,6730,3177,1543,1634,
47680,12712,6156,6556,22246,10745,11501,25423,12264,13159,22244,10777,11467,12709,5979,6730,3178,1543,1635,
47685,12714,6157,6557,22246,10745,11501,25424,12264,13160,22246,10778,11468,12711,5981,6730,3178,1543,1635,
47690,12715,6158,6557,22250,10748,11502,25428,12267,13161,22248,10778,11470,12713,5981,6732,3178,1543,1635,
47695,12716,6159,6557,22253,10749,11504,25431,12268,13163,22251,10778,11473,12713,5981,6732,3179,1543,1636,
47700,12718,6160,6558,22253,10749,11504,25432,12268,13164,22253,10779,11474,12715,5983,6732,3179,1543,1636,
47705,12719,6160,6559,22257,10752,11505,25436,12271,13165,22255,10779,11476,12717,5984,6733,3179,1543,1636,
47710,12720,6161,6559,22260,10754,11506,25439,12273,13166,22258,10781,11477,12717,5984,6733,3180,1543,1637,
47715,12722,6163,6559,22260,10754,11506,25440,12273,13167,22260,10782,11478,12719,5985,6734,3180,1543,1637,
47720,12723,6163,6560,22264,10756,11508,25444,12274,13170,22262,10783,11479,12721,5985,6736,3180,1543,1637,
47725,12724,6164,6560,22267,10757,11510,25447,12274,13173,22265,10784,11481,12721,5985,6736,3181,1544,1637,
47730,12726,6165,6561,22267,10757,11510,25448,12275,13173,22267,10785,11482,12723,5986,6737,3181,1544,1637,
47735,12727,6165,6562,22271,10759,11512,25452,12278,13174,22269,10786,11483,12725,5986,6739,3181,1544,1637,
47740,12728,6165,6563,22274,10760,11514,25455,12279,13176,22272,10787,11485,12725,5986,6739,3182,1545,1637,
47745,12730,6165,6565,22274,10760,11514,25456,12279,13177,22274,10788,11486,12727,5986,6741,3182,1545,1637,
47750,12731,6166,6565,22278,10762,11516,25460,12280,13180,22276,10789,11487,12729,5987,6742,3182,1545,1637,
47755,12732,6166,6566,22281,10763,11518,25463,12282,13181,22279,10790,11489,12729,5987,6742,3183,1545,1638,
47760,12734,6168,6566,22281,10763,11518,25464,12283,13181,22281,10791,11490,12731,5989,6742,3183,1545,1638,
47765,12735,6169,6566,22285,10764,11521,25468,12284,13184,22283,10791,11492,12733,5990,6743,3183,1545,1638,
47770,12736,6170,6566,22288,10766,11522,25471,12286,13185,22286,10794,11492,12733,5990,6743,3184,1546,1638,
47775,12738,6171,6567,22288,10766,11522,25472,12286,13186,22288,10795,11493,12735,5991,6744,3184,1546,1638,
47780,12739,6171,6568,22292,10769,11523,25476,12289,13187,22290,10797,11493,12737,5991,6746,3184,1546,1638,
47785,12740,6171,6569,22295,10769,11526,25479,12291,13188,22293,10799,11494,12737,5991,6746,3185,1547,1638,
47790,12742,6172,6570,22295,10769,11526,25480,12292,13188,22295,10801,11494,12739,5991,6748,3185,1547,1638,
47795,12743,6172,6571,22299,10772,11527,25484,12293,13191,22297,10802,11495,12741,5993,6748,3185,1547,1638,
47800,12744,6173,6571,22302,10772,11530,25487,12295,13192,22300,10803,11497,12741,5993,6748,3186,1548,1638,
47805,12746,6174,6572,22302,10772,11530,25488,12295,13193,22302,10803,11499,12743,5994,6749,3186,1548,1638,
47810,12747,6175,6572,22306,10773,11533,25492,12298,13194,22304,10803,11501,12745,5995,6750,3186,1548,1638,
47815,12748,6175,6573,22309,10773,11536,25495,12300,13195,22307,10804,11503,12745,5995,6750,3187,1548,1639,
47820,12750,6176,6574,22309,10773,11536,25496,12300,13196,22309,10805,11504,12747,5995,6752,3187,1548,1639,
47825,12751,6177,6574,22313,10774,11539,25500,12302,13198,22311,10806,11505,12749,5996,6753,3187,1548,1639,
47830,12752,6177,6575,22316,10777,11539,25503,12302,13201,22314,10807,11507,12749,5996,6753,3188,1549,1639,
47835,12754,6177,6577,22316,10777,11539,25504,12302,13202,22316,10808,11508,12751,5996,6755,3188,1549,1639,
47840,12755,6177,6578,22320,10779,11541,25508,12302,13206,22318,10809,11509,12753,5997,6756,3188,1549,1639,
47845,12756,6177,6579,22323,10780,11543,25511,12304,13207,22321,10810,11511,12753,5997,6756,3189,1550,1639,
47850,12758,6178,6580,22323,10780,11543,25512,12304,13208,22323,10811,11512,12755,5998,6757,3189,1550,1639,
47855,12759,6179,6580,22327,10783,11544,25516,12306,13210,22325,10812,11513,12757,5999,6758,3189,1550,1639,
47860,12760,6180,6580,22330,10786,11544,25519,12307,13212,22328,10812,11516,12757,5999,6758,3190,1550,1640,
47865,12762,6180,6582,22330,10786,11544,25520,12308,13212,22330,10813,11517,12759,6000,6759,3190,1550,1640,
47870,12763,6180,6583,22334,10788,11546,25524,12310,13214,22332,10814,11518,12761,6001,6760,3190,1550,1640,
47875,12764,6181,6583,22337,10789,11548,25527,12311,13216,22335,10817,11518,12761,6001,6760,3191,1551,1640,
47880,12766,6182,6584,22337,10789,11548,25528,12311,13217,22337,10819,11518,12763,6002,6761,3191,1551,1640,
47885,12767,6183,6584,22341,10791,11550,25532,12312,13220,22339,10819,11520,12765,6002,6763,3191,1551,1640,
47890,12768,6184,6584,22344,10793,11551,25535,12314,13221,22342,10820,11522,12765,6002,6763,3192,1551,1641,
47895,12770,6184,6586,22344,10793,11551,25536,12315,13221,22344,10820,11524,12767,6004,6763,3192,1551,1641,
47900,12771,6185,6586,22348,10793,11555,25540,12317,13223,22346,10822,11524,12769,6005,6764,3192,1551,1641,
47905,12772,6185,6587,22351,10793,11558,25543,12318,13225,22349,10824,11525,12769,6005,6764,3193,1551,1642,
47910,12774,6185,6589,22351,10793,11558,25544,12319,13225,22351,10826,11525,12771,6006,6765,3193,1551,1642,
47915,12775,6186,6589,22355,10795,11560,25548,12320,13228,22353,10827,11526,12773,6006,6767,3193,1551,1642,
47920,12776,6186,6590,22358,10796,11562,25551,12321,13230,22356,10829,11527,12773,6006,6767,3194,1552,1642,
47925,12778,6187,6591,22358,10796,11562,25552,12321,13231,22358,10830,11528,12775,6006,6769,3194,1552,1642,
47930,12779,6187,6592,22362,10797,11565,25556,12325,13231,22360,10831,11529,12777,6007,6770,3194,1552,1642,
47935,12780,6187,6593,22365,10800,11565,25559,12326,13233,22363,10834,11529,12777,6007,6770,3195,1553,1642,
47940,12782,6187,6595,22365,10800,11565,25560,12327,13233,22365,10834,11531,12779,6008,6771,3195,1553,1642,
47945,12783,6187,6596,22369,10802,11567,25564,12330,13234,22367,10836,11531,12781,6009,6772,3195,1553,1642,
47950,12784,6187,6597,22372,10803,11569,25567,12332,13235,22370,10836,11534,12781,6009,6772,3196,1553,1643,
47955,12786,6188,6598,22372,10803,11569,25568,12333,13235,22372,10837,11535,12783,6009,6774,3196,1553,1643,
47960,12787,6189,6598,22376,10804,11572,25572,12334,13238,22374,10837,11537,12785,6011,6774,3196,1553,1643,
47965,12788,6190,6598,22379,10806,11573,25575,12334,13241,22377,10838,11539,12785,6011,6774,3197,1553,1644,
47970,12790,6190,6600,22379,10806,11573,25576,12334,13242,22379,10838,11541,12787,6011,6776,3197,1553,1644,
47975,12791,6191,6600,22383,10807,11576,25580,12337,13243,22381,10839,11542,12789,6012,6777,3197,1553,1644,
47980,12792,6191,6601,22386,10808,11578,25583,12338,13245,22384,10840,11544,12789,6012,6777,3198,1554,1644,
47985,12794,6192,6602,22386,10808,11578,25584,12339,13245,22386,10842,11544,12791,6013,6778,3198,1554,1644,
47990,12795,6192,6603,22390,10811,11579,25588,12341,13247,22388,10842,11546,12793,6015,6778,3198,1554,1644,
47995,12796,6192,6604,22393,10814,11579,25591,12342,13249,22391,10844,11547,12793,6015,6778,3199,1555,1644,
48000,12798,6193,6605,22393,10814,11579,25592,12343,13249,22393,10845,11548,12795,6017,6778,3199,1555,1644,
48005,12799,6193,6606,22397,10817,11580,25596,12344,13252,22395,10846,11549,12797,6018,6779,3199,1555,1644,
48010,12800,6193,6607,22400,10818,11582,25599,12346,13253,22398,10847,11551,12797,6018,6779,3200,1555,1645,
48015,12802,6193,6609,22400,10818,11582,25600,12347,13253,22400,10849,11551,12799,6020,6779,3200,1555,1645,
48020,12803,6194,6609,22404,10819,11585,25604,12349,13255,22402,10851,11551,12801,6020,6781,3200,1555,1645,
48025,12804,6194,6610,22407,10822,11585,25607,12350,13257,22405,10853,11552,12801,6020,6781,3201,1556,1645,
48030,12806,6196,6610,22407,10822,11585,25608,12350,13258,22407,10854,11553,12803,6021,6782,3201,1556,1645,
48035,12807,6197,6610,22411,10824,11587,25612,12353,13259,22409,10856,11553,12805,6023,6782,3201,1556,1645,
48040,12808,6197,6611,22414,10825,11589,25615,12354,13261,22412,10857,11555,12805,6023,6782,3202,1557,1645,
48045,12810,6198,6612,22414,10825,11589,25616,12354,13262,22414,10858,11556,12807,6025,6782,3202,1557,1645,
48050,12811,6199,6612,22418,10827,11591,25620,12356,13264,22416,10858,11558,12809,6025,6784,3202,1557,1645,
48055,12812,6199,6613,22421,10829,11592,25623,12358,13265,22419,10859,11560,12809,6025,6784,3203,1558,1645,
48060,12814,6200,6614,22421,10829,11592,25624,12358,13266,22421,10860,11561,12811,6025,6786,3203,1558,1645,
48065,12815,6201,6614,22425,10832,11593,25628,12361,13267,22423,10861,11562,12813,6026,6787,3203,1558,1645,
48070,12816,6202,6614,22428,10835,11593,25631,12362,13269,22426,10863,11563,12813,6026,6787,3204,1558,1646,
48075,12818,6204,6614,22428,10835,11593,25632,12362,13270,22428,10865,11563,12815,6027,6788,3204,1558,1646,
48080,12819,6205,6614,22432,10839,11593,25636,12365,13271,22430,10866,11564,12817,6029,6788,3204,1558,1646,
48085,12820,6205,6615,22435,10839,11596,25639,12367,13272,22433,10866,11567,12817,6029,6788,3205,1558,1647,
48090,12822,6206,6616,22435,10839,11596,25640,12367,13273,22435,10867,11568,12819,6031,6788,3205,1558,1647,
48095,12823,6207,6616,22439,10840,11599,25644,12369,13275,22437,10869,11568,12821,6031,6790,3205,1558,1647,
48100,12824,6207,6617,22442,10842,11600,25647,12369,13278,22440,10871,11569,12821,6031,6790,3206,1558,1648,
48105,12826,6208,6618,22442,10842,11600,25648,12370,13278,22442,10872,11570,12823,6031,6792,3206,1558,1648,
48110,12827,6209,6618,22446,10843,11603,25652,12371,13281,22444,10873,11571,12825,6033,6792,3206,1558,1648,
48115,12828,6209,6619,22449,10846,11603,25655,12371,13284,22447,10875,11572,12825,6033,6792,3207,1558,1649,
48120,12830,6210,6620,22449,10846,11603,25656,12371,13285,22449,10876,11573,12827,6034,6793,3207,1558,1649,
48125,12831,6210,6621,22453,10847,11606,25660,12374,13286,22451,10877,11574,12829,6035,6794,3207,1558,1649,
48130,12832,6210,6622,22456,10849,11607,25663,12376,13287,22454,10879,11575,12829,6035,6794,3208,1558,1650,
48135,12834,6211,6623,22456,10849,11607,25664,12377,13287,22456,10881,11575,12831,6035,6796,3208,1558,1650,
48140,12835,6212,6623,22460,10850,11610,25668,12379,13289,22458,10881,11577,12833,6037,6796,3208,1558,1650,
48145,12836,6212,6624,22463,10853,11610,25671,12381,13290,22461,10883,11578,12833,6037,6796,3209,1559,1650,
48150,12838,6213,6625,22463,10853,11610,25672,12381,13291,22463,10884,11579,12835,6037,6798,3209,1559,1650,
48155,12839,6214,6625,22467,10855,11612,25676,12383,13293,22465,10884,11581,12837,6038,6799,3209,1559,1650,
48160,12840,6214,6626,22470,10855,11615,25679,12385,13294,22468,10885,11583,12837,6038,6799,3210,1560,1650,
48165,12842,6216,6626,22470,10855,11615,25680,12385,13295,22470,10885,11585,12839,6039,6800,3210,1560,1650,
48170,12843,6216,6627,22474,10858,11616,25684,12386,13298,22472,10886,11586,12841,6040,6801,3210,1560,1650,
48175,12844,6216,6628,22477,10858,11619,25687,12387,13300,22475,10889,11586,12841,6040,6801,3211,1561,1650,
48180,12846,6216,6630,22477,10858,11619,25688,12388,13300,22477,10890,11587,12843,6041,6802,3211,1561,1650,
48185,12847,6217,6630,22481,10860,11621,25692,12389,13303,22479,10891,11588,12845,6042,6803,3211,1561,1650,
48190,12848,6217,6631,22484,10862,11622,25695,12390,13305,22482,10892,11590,12845,6042,6803,3212,1561,1651,
48195,12850,6218,6632,22484,10862,11622,25696,12390,13306,22484,10893,11591,12847,6042,6805,3212,1561,1651,
48200,12851,6219,6632,22488,10865,11623,25700,12392,13308,22486,10894,11592,12849,6042,6807,3212,1561,1651,
48205,12852,6219,6633,22491,10867,11624,25703,12394,13309,22489,10895,11594,12849,6042,6807,3213,1562,1651,
48210,12854,6219,6635,22491,10867,11624,25704,12394,13310,22491,10896,11595,12851,6042,6809,3213,1562,1651,
48215,12855,6219,6636,22495,10869,11626,25708,12395,13313,22493,10897,11596,12853,6043,6810,3213,1562,1651,
48220,12856,6219,6637,22498,10871,11627,25711,12395,13316,22496,10898,11598,12853,6043,6810,3214,1563,1651,
48225,12858,6220,6638,22498,10871,11627,25712,12396,13316,22498,10900,11598,12855,6044,6811,3214,1563,1651,
48230,12859,6220,6639,22502,10873,11629,25716,12398,13318,22500,10901,11599,12857,6045,6812,3214,1563,1651,
48235,12860,6221,6639,22505,10874,11631,25719,12398,13321,22503,10902,11601,12857,6045,6812,3215,1563,1652,
48240,12862,6223,6639,22505,10874,11631,25720,12399,13321,22505,10903,11602,12859,6045,6814,3215,1563,1652,
48245,12863,6224,6639,22509,10877,11632,25724,12401,13323,22507,10905,11602,12861,6045,6816,3215,1563,1652,
48250,12864,6225,6639,22512,10878,11634,25727,12403,13324,22510,10908,11602,12861,6045,6816,3216,1563,1653,
48255,12866,6225,6641,22512,10878,11634,25728,12404,13324,22512,10909,11603,12863,6046,6817,3216,1563,1653,
48260,12867,6225,6642,22516,10880,11636,25732,12407,13325,22514,10910,11604,12865,6047,6818,3216,1563,1653,
48265,12868,6226,6642,22519,10882,11637,25735,12410,13325,22517,10911,11606,12865,6047,6818,3217,1564,1653,
48270,12870,6227,6643,22519,10882,11637,25736,12410,13326,22519,10911,11608,12867,6048,6819,3217,1564,1653,
48275,12871,6227,6644,22523,10883,11640,25740,12412,13328,22521,10913,11608,12869,6049,6820,3217,1564,1653,
48280,12872,6227,6645,22526,10883,11643,25743,12413,13330,22524,10915,11609,12869,6049,6820,3218,1564,1654,
48285,12874,6228,6646,22526,10883,11643,25744,12414,13330,22526,10916,11610,12871,6050,6821,3218,1564,1654,
48290,12875,6229,6646,22530,10886,11644,25748,12417,13331,22528,10916,11612,12873,6051,6822,3218,1564,1654,
48295,12876,6230,6646,22533,10887,11646,25751,12420,13331,22531,10918,11613,12873,6051,6822,3219,1565,1654,
48300,12878,6231,6647,22533,10887,11646,25752,12420,13332,22533,10918,11615,12875,6052,6823,3219,1565,1654,
48305,12879,6232,6647,22537,10887,11650,25756,12423,13333,22535,10918,11617,12877,6052,6825,3219,1565,1654,
48310,12880,6233,6647,22540,10890,11650,25759,12425,13334,22538,10919,11619,12877,6052,6825,3220,1565,1655,
48315,12882,6234,6648,22540,10890,11650,25760,12425,13335,22540,10919,11621,12879,6053,6826,3220,1565,1655,
48320,12883,6234,6649,22544,10893,11651,25764,12427,13337,22542,10921,11621,12881,6054,6827,3220,1565,1655,
48325,12884,6235,6649,22547,10895,11652,25767,12428,13339,22545,10921,11624,12881,6054,6827,3221,1566,1655,
48330,12886,6237,6649,22547,10895,11652,25768,12429,13339,22547,10923,11624,12883,6055,6828,3221,1566,1655,
48335,12887,6237,6650,22551,10897,11654,25772,12431,13341,22549,10923,11626,12885,6056,6829,3221,1566,1655,
48340,12888,6238,6650,22554,10898,11656,25775,12433,13342,22552,10925,11627,12885,6056,6829,3222,1567,1655,
48345,12890,6240,6650,22554,10898,11656,25776,12433,13343,22554,10926,11628,12887,6058,6829,3222,1567,1655,
48350,12891,6240,6651,22558,10899,11659,25780,12434,13346,22556,10926,11630,12889,6058,6831,3222,1567,1655,
48355,12892,6240,6652,22561,10901,11660,25783,12435,13348,22559,10927,11632,12889,6058,6831,3223,1567,1656,
48360,12894,6240,6654,22561,10901,11660,25784,12436,13348,22561,10927,11634,12891,6058,6833,3223,1567,1656,
48365,12895,6241,6654,22565,10901,11664,25788,12438,13350,22563,10928,11635,12893,6058,6835,3223,1567,1656,
48370,12896,6241,6655,22568,10902,11666,25791,12438,13353,22566,10928,11638,12893,6058,6835,3224,1567,1657,
48375,12898,6242,6656,22568,10902,11666,25792,12438,13354,22568,10929,11639,12895,6059,6836,3224,1567,1657,
48380,12899,6242,6657,22572,10902,11670,25796,12440,13356,22570,10930,11640,12897,6060,6837,3224,1567,1657,
48385,12900,6243,6657,22575,10904,11671,25799,12441,13358,22573,10933,11640,12897,6060,6837,3225,1567,1658,
48390,12902,6243,6659,22575,10904,11671,25800,12441,13359,22575,10934,11641,12899,6061,6838,3225,1567,1658,
48395,12903,6243,6660,22579,10907,11672,25804,12442,13362,22577,10936,11641,12901,6061,6840,3225,1567,1658,
48400,12904,6244,6660,22582,10908,11674,25807,12444,13363,22580,10936,11644,12901,6061,6840,3226,1568,1658,
48405,12906,6245,6661,22582,10908,11674,25808,12444,13364,22582,10938,11644,12903,6063,6840,3226,1568,1658,
48410,12907,6245,6662,22586,10910,11676,25812,12445,13367,22584,10938,11646,12905,6064,6841,3226,1568,1658,
48415,12908,6246,6662,22589,10912,11677,25815,12447,13368,22587,10939,11648,12905,6064,6841,3227,1568,1659,
48420,12910,6248,6662,22589,10912,11677,25816,12448,13368,22589,10940,11649,12907,6066,6841,3227,1568,1659,
48425,12911,6248,6663,22593,10915,11678,25820,12448,13372,22591,10940,11651,12909,6067,6842,3227,1568,1659,
48430,12912,6248,6664,22596,10916,11680,25823,12448,13375,22594,10941,11653,12909,6067,6842,3228,1568,1660,
48435,12914,6249,6665,22596,10916,11680,25824,12449,13375,22596,10942,11654,12911,6068,6843,3228,1568,1660,
48440,12915,6250,6665,22600,10916,11684,25828,12451,13377,22598,10943,11655,12913,6069,6844,3228,1568,1660,
48445,12916,6250,6666,22603,10917,11686,25831,12452,13379,22601,10946,11655,12913,6069,6844,3229,1569,1660,
48450,12918,6251,6667,22603,10917,11686,25832,12452,13380,22603,10946,11657,12915,6070,6845,3229,1569,1660,
48455,12919,6252,6667,22607,10919,11688,25836,12455,13381,22605,10947,11658,12917,6072,6845,3229,1569,1660,
48460,12920,6253,6667,22610,10919,11691,25839,12457,13382,22608,10949,11659,12917,6072,6845,3230,1570,1660,
48465,12922,6253,6669,22610,10919,11691,25840,12458,13382,22610,10951,11659,12919,6074,6845,3230,1570,1660,
48470,12923,6254,6669,22614,10921,11693,25844,12460,13384,22612,10953,11659,12921,6076,6845,3230,1570,1660,
48475,12924,6255,6669,22617,10922,11695,25847,12461,13386,22615,10954,11661,12921,6076,6845,3231,1570,1661,
48480,12926,6257,6669,22617,10922,11695,25848,12462,13386,22617,10954,11663,12923,6077,6846,3231,1570,1661,
48485,12927,6257,6670,22621,10924,11697,25852,12464,13388,22619,10955,11664,12925,6078,6847,3231,1570,1661,
48490,12928,6258,6670,22624,10927,11697,25855,12466,13389,22622,10957,11665,12925,6078,6847,3232,1571,1661,
48495,12930,6259,6671,22624,10927,11697,25856,12467,13389,22624,10958,11666,12927,6078,6849,3232,1571,1661,
48500,12931,6260,6671,22628,10929,11699,25860,12469,13391,22626,10959,11667,12929,6079,6850,3232,1571,1661,
48505,12932,6260,6672,22631,10929,11702,25863,12470,13393,22629,10960,11669,12929,6079,6850,3233,1572,1661,
48510,12934,6261,6673,22631,10929,11702,25864,12471,13393,22631,10961,11670,12931,6079,6852,3233,1572,1661,
48515,12935,6261,6674,22635,10930,11705,25868,12472,13396,22633,10962,11671,12933,6080,6853,3233,1572,1661,
48520,12936,6261,6675,22638,10931,11707,25871,12473,13398,22636,10964,11672,12933,6080,6853,3234,1573,1661,
48525,12938,6263,6675,22638,10931,11707,25872,12473,13399,22638,10964,11674,12935,6080,6855,3234,1573,1661,
48530,12939,6263,6676,22642,10933,11709,25876,12474,13402,22640,10965,11675,12937,6080,6857,3234,1573,1661,
48535,12940,6264,6676,22645,10934,11711,25879,12476,13403,22643,10967,11676,12937,6080,6857,3235,1573,1662,
48540,12942,6265,6677,22645,10934,11711,25880,12476,13404,22645,10968,11677,12939,6081,6858,3235,1573,1662,
48545,12943,6266,6677,22649,10937,11712,25884,12479,13405,22647,10968,11679,12941,6082,6859,3235,1573,1662,
48550,12944,6266,6678,22652,10939,11713,25887,12482,13405,22650,10969,11681,12941,6082,6859,3236,1573,1663,
48555,12946,6266,6680,22652,10939,11713,25888,12482,13406,22652,10970,11682,12943,6083,6860,3236,1573,1663,
48560,12947,6266,6681,22656,10942,11714,25892,12484,13408,22654,10971,11683,12945,6084,6861,3236,1573,1663,
48565,12948,6267,6681,22659,10944,11715,25895,12486,13409,22657,10973,11684,12945,6084,6861,3237,1573,1664,
48570,12950,6268,6682,22659,10944,11715,25896,12487,13409,22659,10973,11686,12947,6084,6863,3237,1573,1664,
48575,12951,6268,6683,22663,10944,11719,25900,12488,13412,22661,10973,11688,12949,6085,6864,3237,1573,1664,
48580,12952,6269,6683,22666,10945,11721,25903,12490,13413,22664,10974,11690,12949,6085,6864,3238,1574,1664,
48585,12954,6270,6684,22666,10945,11721,25904,12490,13414,22666,10975,11691,12951,6085,6866,3238,1574,1664,
48590,12955,6270,6685,22670,10945,11725,25908,12493,13415,22668,10976,11692,12953,6085,6868,3238,1574,1664,
48595,12956,6270,6686,22673,10946,11727,25911,12493,13418,22671,10979,11692,12953,6085,6868,3239,1574,1665,
48600,12958,6272,6686,22673,10946,11727,25912,12494,13418,22673,10981,11692,12955,6086,6869,3239,1574,1665,
48605,12959,6272,6687,22677,10948,11729,25916,12498,13418,22675,10983,11692,12957,6087,6870,3239,1574,1665,
48610,12960,6272,6688,22680,10950,11730,25919,12500,13419,22678,10984,11694,12957,6087,6870,3240,1574,1666,
48615,12962,6274,6688,22680,10950,11730,25920,12501,13419,22680,10984,11696,12959,6088,6871,3240,1574,1666,
48620,12963,6275,6688,22684,10952,11732,25924,12503,13421,22682,10985,11697,12961,6090,6871,3240,1574,1666,
48625,12964,6276,6688,22687,10953,11734,25927,12504,13423,22685,10986,11699,12961,6090,6871,3241,1574,1667,
48630,12966,6277,6689,22687,10953,11734,25928,12505,13423,22687,10987,11700,12963,6092,6871,3241,1574,1667,
48635,12967,6277,6690,22691,10955,11736,25932,12507,13425,22689,10988,11701,12965,6093,6872,3241,1574,1667,
48640,12968,6278,6690,22694,10956,11738,25935,12508,13427,22692,10989,11703,12965,6093,6872,3242,1574,1668,
48645,12970,6279,6691,22694,10956,11738,25936,12508,13428,22694,10991,11703,12967,6093,6874,3242,1574,1668,
48650,12971,6280,6691,22698,10957,11741,25940,12510,13430,22696,10992,11704,12969,6093,6876,3242,1574,1668,
48655,12972,6281,6691,22701,10959,11742,25943,12512,13431,22699,10993,11706,12969,6093,6876,3243,1574,1669,
48660,12974,6282,6692,22701,10959,11742,25944,12513,13431,22701,10994,11707,12971,6094,6877,3243,1574,1669,
48665,12975,6283,6692,22705,10962,11743,25948,12516,13432,22703,10994,11709,12973,6096,6877,3243,1574,1669,
48670,12976,6283,6693,22708,10963,11745,25951,12519,13432,22706,10996,11710,12973,6096,6877,3244,1575,1669,
48675,12978,6284,6694,22708,10963,11745,25952,12520,13432,22708,10997,11711,12975,6097,6878,3244,1575,1669,
48680,12979,6284,6695,22712,10966,11746,25956,12523,13433,22710,10998,11712,12977,6097,6880,3244,1575,1669,
48685,12980,6285,6695,22715,10968,11747,25959,12525,13434,22713,10999,11714,12977,6097,6880,3245,1575,1670,
48690,12982,6286,6696,22715,10968,11747,25960,12525,13435,22715,11001,11714,12979,6098,6881,3245,1575,1670,
48695,12983,6287,6696,22719,10968,11751,25964,12527,13437,22717,11002,11715,12981,6098,6883,3245,1575,1670,
48700,12984,6287,6697,22722,10969,11753,25967,12528,13439,22720,11004,11716,12981,6098,6883,3246,1575,1671,
48705,12986,6288,6698,22722,10969,11753,25968,12528,13440,22722,11006,11716,12983,6098,6885,3246,1575,1671,
48710,12987,6289,6698,22726,10970,11756,25972,12529,13443,22724,11006,11718,12985,6099,6886,3246,1575,1671,
48715,12988,6289,6699,22729,10972,11757,25975,12529,13446,22727,11006,11721,12985,6099,6886,3247,1576,1671,
48720,12990,6289,6701,22729,10972,11757,25976,12530,13446,22729,11008,11721,12987,6101,6886,3247,1576,1671,
48725,12991,6289,6702,22733,10975,11758,25980,12534,13446,22731,11008,11723,12989,6102,6887,3247,1576,1671,
48730,12992,6290,6702,22736,10975,11761,25983,12537,13446,22734,11010,11724,12989,6102,6887,3248,1576,1672,
48735,12994,6290,6704,22736,10975,11761,25984,12537,13447,22736,11011,11725,12991,6104,6887,3248,1576,1672,
48740,12995,6290,6705,22740,10976,11764,25988,12540,13448,22738,11012,11726,12993,6104,6889,3248,1576,1672,
48745,12996,6290,6706,22743,10977,11766,25991,12541,13450,22741,11014,11727,12993,6104,6889,3249,1576,1673,
48750,12998,6292,6706,22743,10977,11766,25992,12541,13451,22743,11015,11728,12995,6104,6891,3249,1576,1673,
48755,12999,6292,6707,22747,10978,11769,25996,12541,13455,22745,11017,11728,12997,6104,6893,3249,1576,1673,
48760,13000,6292,6708,22750,10979,11771,25999,12543,13456,22748,11019,11729,12997,6104,6893,3250,1577,1673,
48765,13002,6293,6709,22750,10979,11771,26000,12544,13456,22750,11020,11730,12999,6106,6893,3250,1577,1673,
48770,13003,6293,6710,22754,10981,11773,26004,12545,13459,22752,11020,11732,13001,6106,6895,3250,1577,1673,
48775,13004,6293,6711,22757,10983,11774,26007,12545,13462,22755,11023,11732,13001,6106,6895,3251,1578,1673,
48780,13006,6293,6713,22757,10983,11774,26008,12546,13462,22757,11023,11734,13003,6107,6896,3251,1578,1673,
48785,13007,6294,6713,22761,10983,11778,26012,12548,13464,22759,11024,11735,13005,6107,6898,3251,1578,1673,
48790,13008,6294,6714,22764,10984,11780,26015,12550,13465,22762,11027,11735,13005,6107,6898,3252,1578,1674,
48795,13010,6295,6715,22764,10984,11780,26016,12551,13465,22764,11027,11737,13007,6108,6899,3252,1578,1674,
48800,13011,6295,6716,22768,10986,11782,26020,12552,13468,22766,11028,11738,13009,6108,6901,3252,1578,1674,
48805,13012,6295,6717,22771,10986,11785,26023,12553,13470,22769,11029,11740,13009,6108,6901,3253,1579,1674,
48810,13014,6297,6717,22771,10986,11785,26024,12553,13471,22771,11030,11741,13011,6108,6903,3253,1579,1674,
48815,13015,6297,6718,22775,10988,11787,26028,12555,13473,22773,11031,11742,13013,6108,6905,3253,1579,1674,
48820,13016,6298,6718,22778,10990,11788,26031,12556,13475,22776,11033,11743,13013,6108,6905,3254,1580,1674,
48825,13018,6298,6720,22778,10990,11788,26032,12557,13475,22778,11034,11744,13015,6108,6907,3254,1580,1674,
48830,13019,6298,6721,22782,10991,11791,26036,12559,13477,22780,11034,11746,13017,6109,6908,3254,1580,1674,
48835,13020,6298,6722,22785,10992,11793,26039,12560,13479,22783,11034,11749,13017,6109,6908,3255,1581,1674,
48840,13022,6299,6723,22785,10992,11793,26040,12561,13479,22785,11035,11750,13019,6109,6910,3255,1581,1674,
48845,13023,6299,6724,22789,10994,11795,26044,12564,13480,22787,11036,11751,13021,6111,6910,3255,1581,1674,
48850,13024,6300,6724,22792,10997,11795,26047,12564,13483,22790,11036,11754,13021,6111,6910,3256,1581,1675,
48855,13026,6302,6724,22792,10997,11795,26048,12564,13484,22792,11038,11754,13023,6113,6910,3256,1581,1675,
48860,13027,6302,6725,22796,10998,11798,26052,12566,13486,22794,11040,11754,13025,6115,6910,3256,1581,1675,
48865,13028,6302,6726,22799,10999,11800,26055,12569,13486,22797,11042,11755,13025,6115,6910,3257,1582,1675,
48870,13030,6303,6727,22799,10999,11800,26056,12569,13487,22799,11043,11756,13027,6115,6912,3257,1582,1675,
48875,13031,6303,6728,22803,11000,11803,26060,12570,13490,22801,11045,11756,13029,6116,6913,3257,1582,1675,
48880,13032,6304,6728,22806,11001,11805,26063,12572,13491,22804,11045,11759,13029,6116,6913,3258,1582,1676,
48885,13034,6305,6729,22806,11001,11805,26064,12573,13491,22806,11047,11759,13031,6117,6914,3258,1582,1676,
48890,13035,6305,6730,22810,11004,11806,26068,12575,13493,22808,11047,11761,13033,6118,6915,3258,1582,1676,
48895,13036,6306,6730,22813,11005,11808,26071,12577,13494,22811,11049,11762,13033,6118,6915,3259,1582,1677,
48900,13038,6308,6730,22813,11005,11808,26072,12578,13494,22813,11049,11764,13035,6119,6916,3259,1582,1677,
48905,13039,6309,6730,22817,11008,11809,26076,12580,13496,22815,11050,11765,13037,6120,6917,3259,1582,1677,
48910,13040,6309,6731,22820,11010,11810,26079,12583,13496,22818,11050,11768,13037,6120,6917,3260,1582,1678,
48915,13042,6310,6732,22820,11010,11810,26080,12583,13497,22820,11050,11770,13039,6121,6918,3260,1582,1678,
48920,13043,6310,6733,22824,11012,11812,26084,12587,13497,22822,11051,11771,13041,6121,6920,3260,1582,1678,
48925,13044,6311,6733,22827,11013,11814,26087,12587,13500,22825,11053,11772,13041,6121,6920,3261,1582,1679,
48930,13046,6312,6734,22827,11013,11814,26088,12588,13500,22827,11054,11773,13043,6122,6921,3261,1582,1679,
48935,13047,6312,6735,22831,11014,11817,26092,12590,13502,22829,11054,11775,13045,6123,6922,3261,1582,1679,
48940,13048,6312,6736,22834,11015,11819,26095,12592,13503,22832,11055,11777,13045,6123,6922,3262,1583,1679,
48945,13050,6313,6737,22834,11015,11819,26096,12592,13504,22834,11056,11778,13047,6124,6923,3262,1583,1679,
48950,13051,6313,6738,22838,11016,11822,26100,12592,13508,22836,11057,11779,13049,6125,6924,3262,1583,1679,
48955,13052,6313,6739,22841,11018,11823,26103,12594,13509,22839,11059,11780,13049,6125,6924,3263,1583,1680,
48960,13054,6313,6741,22841,11018,11823,26104,12595,13509,22841,11060,11781,13051,6126,6925,3263,1583,1680,
48965,13055,6313,6742,22845,11019,11826,26108,12596,13512,22843,11061,11782,13053,6127,6926,3263,1583,1680,
48970,13056,6313,6743,22848,11020,11828,26111,12596,13515,22846,11062,11784,13053,6127,6926,3264,1583,1681,
48975,13058,6314,6744,22848,11020,11828,26112,12596,13516,22848,11064,11784,13055,6129,6926,3264,1583,1681,
48980,13059,6314,6745,22852,11022,11830,26116,12598,13518,22850,11065,11785,13057,6131,6926,3264,1583,1681,
48985,13060,6314,6746,22855,11024,11831,26119,12599,13520,22853,11067,11786,13057,6131,6926,3265,1583,1682,
48990,13062,6316,6746,22855,11024,11831,26120,12600,13520,22855,11067,11788,13059,6133,6926,3265,1583,1682,
48995,13063,6317,6746,22859,11025,11834,26124,12603,13521,22857,11069,11788,13061,6134,6927,3265,1583,1682,
49000,13064,6318,6746,22862,11026,11836,26127,12606,13521,22860,11071,11789,13061,6134,6927,3266,1583,1683,
49005,13066,6320,6746,22862,11026,11836,26128,12607,13521,22862,11072,11790,13063,6136,6927,3266,1583,1683,
49010,13067,6320,6747,22866,11027,11839,26132,12609,13523,22864,11074,11790,13065,6136,6929,3266,1583,1683,
49015,13068,6321,6747,22869,11029,11840,26135,12611,13524,22867,11075,11792,13065,6136,6929,3267,1583,1684,
49020,13070,6323,6747,22869,11029,11840,26136,12611,13525,22869,11075,11794,13067,6136,6931,3267,1583,1684,
49025,13071,6324,6747,22873,11032,11841,26140,12612,13528,22871,11075,11796,13069,6136,6933,3267,1583,1684,
49030,13072,6325,6747,22876,11034,11842,26143,12613,13530,22874,11077,11797,13069,6136,6933,3268,1584,1684,
49035,13074,6326,6748,22876,11034,11842,26144,12613,13531,22876,11078,11798,13071,6138,6933,3268,1584,1684,
49040,13075,6326,6749,22880,11037,11843,26148,12617,13531,22878,11080,11798,13073,6138,6935,3268,1584,1684,
49045,13076,6326,6750,22883,11040,11843,26151,12619,13532,22881,11081,11800,13073,6138,6935,3269,1584,1685,
49050,13078,6327,6751,22883,11040,11843,26152,12620,13532,22883,11082,11801,13075,6138,6937,3269,1584,1685,
49055,13079,6327,6752,22887,11042,11845,26156,12621,13535,22885,11083,11802,13077,6138,6939,3269,1584,1685,
49060,13080,6328,6752,22890,11044,11846,26159,12622,13537,22888,11085,11803,13077,6138,6939,3270,1585,1685,
49065,13082,6329,6753,22890,11044,11846,26160,12623,13537,22890,11086,11804,13079,6139,6940,3270,1585,1685,
49070,13083,6330,6753,22894,11045,11849,26164,12623,13541,22892,11087,11805,13081,6139,6942,3270,1585,1685,
49075,13084,6330,6754,22897,11045,11852,26167,12625,13542,22895,11090,11805,13081,6139,6942,3271,1586,1685,
49080,13086,6331,6755,22897,11045,11852,26168,12626,13542,22897,11090,11807,13083,6139,6944,3271,1586,1685,
49085,13087,6331,6756,22901,11047,11854,26172,12628,13544,22899,11091,11808,13085,6141,6944,3271,1586,1685,
49090,13088,6331,6757,22904,11048,11856,26175,12629,13546,22902,11092,11810,13085,6141,6944,3272,1587,1685,
49095,13090,6332,6758,22904,11048,11856,26176,12630,13546,22904,11092,11812,13087,6142,6945,3272,1587,1685,
49100,13091,6333,6758,22908,11049,11859,26180,12632,13548,22906,11094,11812,13089,6144,6945,3272,1587,1685,
49105,13092,6334,6758,22911,11050,11861,26183,12634,13549,22909,11094,11815,13089,6144,6945,3273,1587,1686,
49110,13094,6335,6759,22911,11050,11861,26184,12635,13549,22911,11095,11816,13091,6145,6946,3273,1587,1686,
49115,13095,6335,6760,22915,11053,11862,26188,12635,13553,22913,11096,11817,13093,6146,6947,3273,1587,1686,
49120,13096,6335,6761,22918,11055,11863,26191,12635,13556,22916,11098,11818,13093,6146,6947,3274,1588,1686,
49125,13098,6336,6762,22918,11055,11863,26192,12635,13557,22918,11100,11818,13095,6148,6947,3274,1588,1686,
49130,13099,6337,6762,22922,11057,11865,26196,12636,13560,22920,11102,11818,13097,6148,6949,3274,1588,1686,
49135,13100,6338,6762,22925,11059,11866,26199,12638,13561,22923,11103,11820,13097,6148,6949,3275,1588,1687,
49140,13102,6338,6764,22925,11059,11866,26200,12638,13562,22925,11104,11821,13099,6150,6949,3275,1588,1687,
49145,13103,6339,6764,22929,11062,11867,26204,12640,13564,22927,11106,11821,13101,6152,6949,3275,1588,1687,
49150,13104,6339,6765,22932,11064,11868,26207,12640,13567,22930,11108,11822,13101,6152,6949,3276,1589,1687,
49155,13106,6340,6766,22932,11064,11868,26208,12640,13568,22932,11110,11822,13103,6152,6951,3276,1589,1687,
49160,13107,6340,6767,22936,11066,11870,26212,12644,13568,22934,11111,11823,13105,6154,6951,3276,1589,1687,
49165,13108,6341,6767,22939,11069,11870,26215,12646,13569,22937,11113,11824,13105,6154,6951,3277,1589,1688,
49170,13110,6342,6768,22939,11069,11870,26216,12646,13570,22939,11113,11826,13107,6155,6952,3277,1589,1688,
49175,13111,6343,6768,22943,11069,11874,26220,12647,13573,22941,11114,11827,13109,6157,6952,3277,1589,1688,
49180,13112,6343,6769,22946,11070,11876,26223,12647,13576,22944,11115,11829,13109,6157,6952,3278,1590,1688,
49185,13114,6343,6771,22946,11070,11876,26224,12647,13577,22946,11116,11830,13111,6157,6954,3278,1590,1688,
49190,13115,6343,6772,22950,11073,11877,26228,12647,13581,22948,11118,11830,13113,6158,6955,3278,1590,1688,
49195,13116,6344,6772,22953,11074,11879,26231,12647,13584,22951,11120,11831,13113,6158,6955,3279,1590,1689,
49200,13118,6346,6772,22953,11074,11879,26232,12647,13585,22953,11121,11832,13115,6159,6956,3279,1590,1689,
49205,13119,6346,6773,22957,11076,11881,26236,12650,13586,22955,11123,11832,13117,6160,6957,3279,1590,1689,
49210,13120,6347,6773,22960,11076,11884,26239,12653,13586,22958,11124,11834,13117,6160,6957,3280,1590,1690,
49215,13122,6347,6775,22960,11076,11884,26240,12654,13586,22960,11125,11835,13119,6161,6958,3280,1590,1690,
49220,13123,6347,6776,22964,11079,11885,26244,12656,13588,22962,11125,11837,13121,6161,6960,3280,1590,1690,
49225,13124,6347,6777,22967,11080,11887,26247,12658,13589,22965,11126,11839,13121,6161,6960,3281,1591,1690,
49230,13126,6348,6778,22967,11080,11887,26248,12658,13590,22967,11126,11841,13123,6163,6960,3281,1591,1690,
49235,13127,6349,6778,22971,11083,11888,26252,12660,13592,22969,11128,11841,13125,6164,6961,3281,1591,1690,
49240,13128,6349,6779,22974,11085,11889,26255,12662,13593,22972,11131,11841,13125,6164,6961,3282,1592,1690,
49245,13130,6350,6780,22974,11085,11889,26256,12663,13593,22974,11131,11843,13127,6164,6963,3282,1592,1690,
49250,13131,6351,6780,22978,11087,11891,26260,12666,13594,22976,11132,11844,13129,6165,6964,3282,1592,1690,
49255,13132,6351,6781,22981,11087,11894,26263,12667,13596,22979,11133,11846,13129,6165,6964,3283,1592,1691,
49260,13134,6353,6781,22981,11087,11894,26264,12667,13597,22981,11134,11847,13131,6165,6966,3283,1592,1691,
49265,13135,6354,6781,22985,11090,11895,26268,12668,13600,22983,11135,11848,13133,6167,6966,3283,1592,1691,
49270,13136,6354,6782,22988,11091,11897,26271,12670,13601,22986,11137,11849,13133,6167,6966,3284,1593,1691,
49275,13138,6356,6782,22988,11091,11897,26272,12671,13601,22988,11138,11850,13135,6169,6966,3284,1593,1691,
49280,13139,6357,6782,22992,11092,11900,26276,12674,13602,22990,11139,11851,13137,6171,6966,3284,1593,1691,
49285,13140,6357,6783,22995,11093,11902,26279,12676,13603,22993,11140,11853,13137,6171,6966,3285,1594,1691,
49290,13142,6358,6784,22995,11093,11902,26280,12677,13603,22995,11141,11854,13139,6171,6968,3285,1594,1691,
49295,13143,6358,6785,22999,11095,11904,26284,12679,13605,22997,11141,11856,13141,6173,6968,3285,1594,1691,
49300,13144,6358,6786,23002,11096,11906,26287,12681,13606,23000,11143,11857,13141,6173,6968,3286,1595,1691,
49305,13146,6359,6787,23002,11096,11906,26288,12682,13606,23002,11144,11858,13143,6175,6968,3286,1595,1691,
49310,13147,6360,6787,23006,11099,11907,26292,12684,13608,23004,11146,11858,13145,6176,6969,3286,1595,1691,
49315,13148,6360,6788,23009,11099,11910,26295,12685,13610,23007,11147,11860,13145,6176,6969,3287,1595,1692,
49320,13150,6360,6790,23009,11099,11910,26296,12686,13610,23009,11148,11861,13147,6178,6969,3287,1595,1692,
49325,13151,6360,6791,23013,11102,11911,26300,12687,13613,23011,11150,11861,13149,6179,6970,3287,1595,1692,
49330,13152,6360,6792,23016,11103,11913,26303,12690,13613,23014,11151,11863,13149,6179,6970,3288,1596,1692,
49335,13154,6361,6793,23016,11103,11913,26304,12691,13613,23016,11151,11865,13151,6180,6971,3288,1596,1692,
49340,13155,6361,6794,23020,11106,11914,26308,12693,13615,23018,11153,11865,13153,6181,6972,3288,1596,1692,
49345,13156,6362,6794,23023,11106,11917,26311,12695,13616,23021,11153,11868,13153,6181,6972,3289,1597,1692,
49350,13158,6364,6794,23023,11106,11917,26312,12696,13616,23023,11154,11869,13155,6181,6974,3289,1597,1692,
49355,13159,6364,6795,23027,11108,11919,26316,12697,13619,23025,11155,11870,13157,6183,6974,3289,1597,1692,
49360,13160,6365,6795,23030,11110,11920,26319,12700,13619,23028,11155,11873,13157,6183,6974,3290,1597,1693,
49365,13162,6366,6796,23030,11110,11920,26320,12701,13619,23030,11156,11874,13159,6185,6974,3290,1597,1693,
49370,13163,6367,6796,23034,11113,11921,26324,12704,13620,23032,11157,11875,13161,6187,6974,3290,1597,1693,
49375,13164,6368,6796,23037,11114,11923,26327,12706,13621,23035,11159,11876,13161,6187,6974,3291,1597,1694,
49380,13166,6369,6797,23037,11114,11923,26328,12707,13621,23037,11161,11876,13163,6189,6974,3291,1597,1694,
49385,13167,6369,6798,23041,11116,11925,26332,12708,13624,23039,11162,11877,13165,6191,6974,3291,1597,1694,
49390,13168,6370,6798,23044,11117,11927,26335,12710,13625,23042,11163,11879,13165,6191,6974,3292,1597,1695,
49395,13170,6370,6800,23044,11117,11927,26336,12710,13626,23044,11164,11880,13167,6191,6976,3292,1597,1695,
49400,13171,6370,6801,23048,11118,11930,26340,12710,13630,23046,11165,11881,13169,6192,6977,3292,1597,1695,
49405,13172,6370,6802,23051,11118,11933,26343,12712,13631,23049,11168,11881,13169,6192,6977,3293,1597,1696,
49410,13174,6370,6804,23051,11118,11933,26344,12713,13631,23051,11169,11882,13171,6194,6977,3293,1597,1696,
49415,13175,6370,6805,23055,11118,11937,26348,12715,13633,23053,11171,11882,13173,6194,6979,3293,1597,1696,
49420,13176,6370,6806,23058,11118,11940,26351,12715,13636,23056,11173,11883,13173,6194,6979,3294,1597,1697,
49425,13178,6370,6808,23058,11118,11940,26352,12715,13637,23058,11174,11884,13175,6194,6981,3294,1597,1697,
49430,13179,6370,6809,23062,11120,11942,26356,12717,13639,23060,11175,11885,13177,6194,6983,3294,1597,1697,
49435,13180,6370,6810,23065,11123,11942,26359,12717,13642,23063,11177,11886,13177,6194,6983,3295,1598,1697,
49440,13182,6371,6811,23065,11123,11942,26360,12718,13642,23065,11178,11887,13179,6195,6984,3295,1598,1697,
49445,13183,6371,6812,23069,11126,11943,26364,12720,13644,23067,11178,11889,13181,6195,6986,3295,1598,1697,
49450,13184,6372,6812,23072,11126,11946,26367,12723,13644,23070,11179,11891,13181,6195,6986,3296,1598,1698,
49455,13186,6372,6814,23072,11126,11946,26368,12723,13645,23072,11180,11892,13183,6196,6987,3296,1598,1698,
49460,13187,6372,6815,23076,11127,11949,26372,12726,13646,23074,11182,11892,13185,6198,6987,3296,1598,1698,
49465,13188,6372,6816,23079,11129,11950,26375,12727,13648,23077,11182,11895,13185,6198,6987,3297,1599,1698,
49470,13190,6373,6817,23079,11129,11950,26376,12728,13648,23079,11183,11896,13187,6200,6987,3297,1599,1698,
49475,13191,6373,6818,23083,11129,11954,26380,12730,13650,23081,11185,11896,13189,6202,6987,3297,1599,1698,
49480,13192,6374,6818,23086,11130,11956,26383,12731,13652,23084,11187,11897,13189,6202,6987,3298,1599,1699,
49485,13194,6375,6819,23086,11130,11956,26384,12731,13653,23086,11187,11899,13191,6203,6988,3298,1599,1699,
49490,13195,6375,6820,23090,11131,11959,26388,12734,13654,23088,11187,11901,13193,6204,6989,3298,1599,1699,
49495,13196,6376,6820,23093,11132,11961,26391,12735,13656,23091,11187,11904,13193,6204,6989,3299,1599,1700,
49500,13198,6377,6821,23093,11132,11961,26392,12736,13656,23093,11188,11905,13195,6205,6990,3299,1599,1700,
49505,13199,6377,6822,23097,11132,11965,26396,12737,13659,23095,11189,11906,13197,6205,6992,3299,1599,1700,
49510,13200,6377,6823,23100,11133,11967,26399,12739,13660,23098,11189,11909,13197,6205,6992,3300,1600,1700,
49515,13202,6377,6825,23100,11133,11967,26400,12740,13660,23100,11189,11911,13199,6206,6993,3300,1600,1700,
49520,13203,6377,6826,23104,11136,11968,26404,12740,13664,23102,11190,11912,13201,6207,6994,3300,1600,1700,
49525,13204,6377,6827,23107,11136,11971,26407,12740,13667,23105,11192,11913,13201,6207,6994,3301,1601,1700,
49530,13206,6378,6828,23107,11136,11971,26408,12741,13667,23107,11194,11913,13203,6209,6994,3301,1601,1700,
49535,13207,6379,6828,23111,11137,11974,26412,12744,13668,23109,11195,11914,13205,6211,6994,3301,1601,1700,
49540,13208,6379,6829,23114,11138,11976,26415,12746,13669,23112,11196,11916,13205,6211,6994,3302,1602,1700,
49545,13210,6380,6830,23114,11138,11976,26416,12746,13670,23114,11197,11917,13207,6212,6995,3302,1602,1700,
49550,13211,6380,6831,23118,11139,11979,26420,12748,13672,23116,11198,11918,13209,6213,6996,3302,1602,1700,
49555,13212,6381,6831,23121,11140,11981,26423,12749,13674,23119,11200,11919,13209,6213,6996,3303,1602,1701,
49560,13214,6383,6831,23121,11140,11981,26424,12750,13674,23121,11201,11920,13211,6214,6997,3303,1602,1701,
49565,13215,6384,6831,23125,11140,11985,26428,12751,13677,23123,11202,11921,13213,6214,6999,3303,1602,1701,
49570,13216,6385,6831,23128,11141,11987,26431,12754,13677,23126,11203,11923,13213,6214,6999,3304,1603,1701,
49575,13218,6386,6832,23128,11141,11987,26432,12755,13677,23128,11204,11924,13215,6216,6999,3304,1603,1701,
49580,13219,6387,6832,23132,11143,11989,26436,12756,13680,23130,11206,11924,13217,6218,6999,3304,1603,1701,
49585,13220,6388,6832,23135,11145,11990,26439,12757,13682,23133,11208,11925,13217,6218,6999,3305,1603,1702,
49590,13222,6389,6833,23135,11145,11990,26440,12757,13683,23135,11209,11926,13219,6219,7000,3305,1603,1702,
49595,13223,6390,6833,23139,11147,11992,26444,12759,13685,23137,11210,11927,13221,6220,7001,3305,1603,1702,
49600,13224,6391,6833,23142,11147,11995,26447,12761,13686,23140,11213,11927,13221,6220,7001,3306,1603,1703,
49605,13226,6392,6834,23142,11147,11995,26448,12761,13687,23142,11214,11928,13223,6220,7003,3306,1603,1703,
49610,13227,6393,6834,23146,11149,11997,26452,12764,13688,23144,11215,11929,13225,6222,7003,3306,1603,1703,
49615,13228,6393,6835,23149,11150,11999,26455,12764,13691,23147,11217,11930,13225,6222,7003,3307,1603,1704,
49620,13230,6393,6837,23149,11150,11999,26456,12764,13692,23149,11217,11932,13227,6223,7004,3307,1603,1704,
49625,13231,6394,6837,23153,11152,12001,26460,12768,13692,23151,11217,11934,13229,6225,7004,3307,1603,1704,
49630,13232,6394,6838,23156,11153,12003,26463,12771,13692,23154,11219,11935,13229,6225,7004,3308,1604,1704,
49635,13234,6394,6840,23156,11153,12003,26464,12772,13692,23156,11220,11936,13231,6226,7005,3308,1604,1704,
49640,13235,6395,6840,23160,11153,12007,26468,12774,13694,23158,11220,11938,13233,6227,7006,3308,1604,1704,
49645,13236,6396,6840,23163,11154,12009,26471,12776,13695,23161,11222,11939,13233,6227,7006,3309,1605,1704,
49650,13238,6397,6841,23163,11154,12009,26472,12776,13696,23163,11224,11939,13235,6228,7007,3309,1605,1704,
49655,13239,6397,6842,23167,11155,12012,26476,12779,13697,23165,11225,11940,13237,6229,7008,3309,1605,1704,
49660,13240,6397,6843,23170,11157,12013,26479,12780,13699,23168,11226,11942,13237,6229,7008,3310,1606,1704,
49665,13242,6398,6844,23170,11157,12013,26480,12781,13699,23170,11226,11944,13239,6230,7009,3310,1606,1704,
49670,13243,6398,6845,23174,11158,12016,26484,12781,13703,23172,11227,11945,13241,6231,7010,3310,1606,1704,
49675,13244,6398,6846,23177,11159,12018,26487,12782,13705,23175,11229,11946,13241,6231,7010,3311,1607,1704,
49680,13246,6398,6848,23177,11159,12018,26488,12783,13705,23177,11231,11946,13243,6231,7012,3311,1607,1704,
49685,13247,6399,6848,23181,11160,12021,26492,12786,13706,23179,11232,11947,13245,6232,7013,3311,1607,1704,
49690,13248,6399,6849,23184,11161,12023,26495,12789,13706,23182,11233,11949,13245,6232,7013,3312,1608,1704,
49695,13250,6400,6850,23184,11161,12023,26496,12789,13707,23184,11234,11950,13247,6233,7014,3312,1608,1704,
49700,13251,6401,6850,23188,11165,12023,26500,12790,13710,23186,11235,11951,13249,6235,7014,3312,1608,1704,
49705,13252,6402,6850,23191,11166,12025,26503,12792,13711,23189,11236,11953,13249,6235,7014,3313,1609,1704,
49710,13254,6404,6850,23191,11166,12025,26504,12792,13712,23191,11237,11954,13251,6235,7016,3313,1609,1704,
49715,13255,6405,6850,23195,11166,12029,26508,12793,13715,23193,11238,11955,13253,6235,7018,3313,1609,1704,
49720,13256,6406,6850,23198,11167,12031,26511,12795,13716,23196,11239,11957,13253,6235,7018,3314,1610,1704,
49725,13258,6407,6851,23198,11167,12031,26512,12796,13716,23198,11240,11958,13255,6237,7018,3314,1610,1704,
49730,13259,6407,6852,23202,11168,12034,26516,12798,13718,23200,11241,11959,13257,6239,7018,3314,1610,1704,
49735,13260,6407,6853,23205,11170,12035,26519,12799,13720,23203,11242,11961,13257,6239,7018,3315,1611,1704,
49740,13262,6407,6855,23205,11170,12035,26520,12800,13720,23205,11243,11962,13259,6240,7019,3315,1611,1704,
49745,13263,6407,6856,23209,11172,12037,26524,12803,13721,23207,11245,11962,13261,6241,7020,3315,1611,1704,
49750,13264,6408,6856,23212,11174,12038,26527,12806,13721,23210,11247,11963,13261,6241,7020,3316,1612,1704,
49755,13266,6409,6857,23212,11174,12038,26528,12806,13722,23212,11249,11963,13263,6242,7021,3316,1612,1704,
49760,13267,6409,6858,23216,11175,12041,26532,12809,13723,23214,11250,11964,13265,6243,7022,3316,1612,1704,
49765,13268,6409,6859,23219,11176,12043,26535,12811,13724,23217,11252,11965,13265,6243,7022,3317,1612,1705,
49770,13270,6409,6861,23219,11176,12043,26536,12812,13724,23219,11253,11966,13267,6245,7022,3317,1612,1705,
49775,13271,6410,6861,23223,11178,12045,26540,12814,13726,23221,11253,11968,13269,6246,7023,3317,1612,1705,
49780,13272,6411,6861,23226,11180,12046,26543,12816,13727,23224,11254,11970,13269,6246,7023,3318,1613,1705,
49785,13274,6412,6862,23226,11180,12046,26544,12816,13728,23226,11256,11970,13271,6247,7024,3318,1613,1705,
49790,13275,6413,6862,23230,11183,12047,26548,12819,13729,23228,11258,11970,13273,6248,7025,3318,1613,1705,
49795,13276,6413,6863,23233,11186,12047,26551,12820,13731,23231,11259,11972,13273,6248,7025,3319,1614,1705,
49800,13278,6414,6864,23233,11186,12047,26552,12821,13731,23233,11260,11973,13275,6249,7026,3319,1614,1705,
49805,13279,6414,6865,23237,11189,12048,26556,12822,13734,23235,11260,11975,13277,6249,7028,3319,1614,1705,
49810,13280,6415,6865,23240,11190,12050,26559,12824,13735,23238,11262,11976,13277,6249,7028,3320,1615,1705,
49815,13282,6416,6866,23240,11190,12050,26560,12824,13736,23240,11263,11977,13279,6250,7029,3320,1615,1705,
49820,13283,6417,6866,23244,11191,12053,26564,12825,13739,23242,11263,11979,13281,6252,7029,3320,1615,1705,
49825,13284,6418,6866,23247,11193,12054,26567,12827,13740,23245,11265,11980,13281,6252,7029,3321,1615,1706,
49830,13286,6418,6868,23247,11193,12054,26568,12828,13740,23247,11266,11981,13283,6253,7030,3321,1615,1706,
49835,13287,6418,6869,23251,11193,12058,26572,12830,13742,23249,11268,11981,13285,6254,7031,3321,1615,1706,
49840,13288,6419,6869,23254,11195,12059,26575,12832,13743,23252,11269,11983,13285,6254,7031,3322,1615,1707,
49845,13290,6419,6871,23254,11195,12059,26576,12832,13744,23254,11270,11984,13287,6255,7032,3322,1615,1707,
49850,13291,6419,6872,23258,11198,12060,26580,12833,13747,23256,11271,11985,13289,6257,7032,3322,1615,1707,
49855,13292,6419,6873,23261,11198,12063,26583,12833,13750,23259,11272,11987,13289,6257,7032,3323,1616,1707,
49860,13294,6419,6875,23261,11198,12063,26584,12833,13751,23261,11272,11989,13291,6258,7033,3323,1616,1707,
49865,13295,6420,6875,23265,11202,12063,26588,12834,13754,23263,11273,11990,13293,6259,7034,3323,1616,1707,
49870,13296,6420,6876,23268,11203,12065,26591,12835,13756,23266,11273,11993,13293,6259,7034,3324,1616,1708,
49875,13298,6422,6876,23268,11203,12065,26592,12836,13756,23268,11274,11994,13295,6259,7036,3324,1616,1708,
49880,13299,6423,6876,23272,11205,12067,26596,12840,13756,23270,11275,11995,13297,6259,7038,3324,1616,1708,
49885,13300,6424,6876,23275,11207,12068,26599,12841,13758,23273,11277,11996,13297,6259,7038,3325,1616,1709,
49890,13302,6425,6877,23275,11207,12068,26600,12841,13759,23275,11277,11998,13299,6261,7038,3325,1616,1709,
49895,13303,6426,6877,23279,11209,12070,26604,12843,13761,23277,11279,11998,13301,6262,7039,3325,1616,1709,
49900,13304,6426,6878,23282,11210,12072,26607,12845,13762,23280,11279,12001,13301,6262,7039,3326,1616,1710,
49905,13306,6427,6879,23282,11210,12072,26608,12845,13763,23282,11280,12002,13303,6264,7039,3326,1616,1710,
49910,13307,6428,6879,23286,11212,12074,26612,12846,13766,23284,11282,12002,13305,6264,7041,3326,1616,1710,
49915,13308,6429,6879,23289,11213,12076,26615,12847,13768,23287,11284,12003,13305,6264,7041,3327,1617,1710,
49920,13310,6430,6880,23289,11213,12076,26616,12848,13768,23289,11284,12005,13307,6265,7042,3327,1617,1710,
49925,13311,6430,6881,23293,11216,12077,26620,12851,13769,23291,11285,12006,13309,6266,7043,3327,1617,1710,
49930,13312,6430,6882,23296,11217,12079,26623,12853,13770,23294,11285,12009,13309,6266,7043,3328,1617,1711,
49935,13314,6431,6883,23296,11217,12079,26624,12853,13771,23296,11287,12009,13311,6267,7044,3328,1617,1711,
49940,13315,6431,6884,23300,11219,12081,26628,12856,13772,23298,11287,12011,13313,6268,7045,3328,1617,1711,
49945,13316,6432,6884,23303,11221,12082,26631,12856,13775,23301,11289,12012,13313,6268,7045,3329,1618,1711,
49950,13318,6433,6885,23303,11221,12082,26632,12856,13776,23303,11289,12014,13315,6269,7046,3329,1618,1711,
49955,13319,6434,6885,23307,11222,12085,26636,12859,13777,23305,11291,12014,13317,6269,7048,3329,1618,1711,
49960,13320,6434,6886,23310,11222,12088,26639,12861,13778,23308,11291,12017,13317,6269,7048,3330,1618,1712,
49965,13322,6435,6887,23310,11222,12088,26640,12862,13778,23310,11291,12019,13319,6270,7049,3330,1618,1712,
49970,13323,6436,6887,23314,11225,12089,26644,12864,13780,23312,11292,12020,13321,6272,7049,3330,1618,1712,
49975,13324,6437,6887,23317,11227,12090,26647,12865,13782,23315,11292,12023,13321,6272,7049,3331,1619,1712,
49980,13326,6438,6888,23317,11227,12090,26648,12866,13782,23317,11294,12023,13323,6273,7050,3331,1619,1712,
49985,13327,6438,6889,23321,11229,12092,26652,12868,13784,23319,11295,12024,13325,6274,7051,3331,1619,1712,
49990,13328,6439,6889,23324,11232,12092,26655,12868,13787,23322,11296,12026,13325,6274,7051,3332,1620,1712,
49995,13330,6439,6891,23324,11232,12092,26656,12868,13788,23324,11298,12026,13327,6275,7052,3332,1620,1712,
50000,13331,6439,6892,23328,11235,12093,26660,12869,13791,23326,11300,12026,13329,6277,7052,3332,1620,1712,
50005,13332,6440,6892,23331,11236,12095,26663,12871,13792,23329,11301,12028,13329,6277,7052,3333,1621,1712,
50010,13334,6441,6893,23331,11236,12095,26664,12872,13792,23331,11303,12028,13331,6278,7053,3333,1621,1712,
50015,13335,6441,6894,23335,11239,12096,26668,12874,13794,23333,11303,12030,13333,6279,7054,3333,1621,1712,
50020,13336,6441,6895,23338,11240,12098,26671,12876,13795,23336,11305,12031,13333,6279,7054,3334,1622,1712,
50025,13338,6442,6896,23338,11240,12098,26672,12876,13796,23338,11305,12033,13335,6280,7055,3334,1622,1712,
50030,13339,6442,6897,23342,11243,12099,26676,12879,13797,23340,11307,12033,13337,6282,7055,3334,1622,1712,
50035,13340,6442,6898,23345,11244,12101,26679,12882,13797,23343,11307,12036,13337,6282,7055,3335,1623,1712,
50040,13342,6444,6898,23345,11244,12101,26680,12883,13797,23345,11307,12038,13339,6283,7056,3335,1623,1712,
50045,13343,6444,6899,23349,11246,12103,26684,12885,13799,23347,11308,12039,13341,6283,7058,3335,1623,1712,
50050,13344,6444,6900,23352,11247,12105,26687,12886,13801,23350,11309,12041,13341,6283,7058,3336,1624,1712,
50055,13346,6444,6902,23352,11247,12105,26688,12886,13802,23352,11309,12043,13343,6284,7059,3336,1624,1712,
50060,13347,6445,6902,23356,11249,12107,26692,12888,13804,23354,11311,12043,13345,6285,7060,3336,1624,1712,
50065,13348,6446,6902,23359,11251,12108,26695,12889,13806,23357,11311,12046,13345,6285,7060,3337,1624,1713,
50070,13350,6446,6904,23359,11251,12108,26696,12889,13807,23359,11312,12047,13347,6285,7062,3337,1624,1713,
50075,13351,6446,6905,23363,11254,12109,26700,12893,13807,23361,11313,12048,13349,6286,7063,3337,1624,1713,
50080,13352,6447,6905,23366,11255,12111,26703,12895,13808,23364,11316,12048,13349,6286,7063,3338,1624,1714,
50085,13354,6448,6906,23366,11255,12111,26704,12896,13808,23366,11317,12049,13351,6286,7065,3338,1624,1714,
50090,13355,6449,6906,23370,11256,12114,26708,12897,13811,23368,11318,12050,13353,6287,7066,3338,1624,1714,
50095,13356,6449,6907,23373,11257,12116,26711,12900,13811,23371,11319,12052,13353,6287,7066,3339,1625,1714,
50100,13358,6450,6908,23373,11257,12116,26712,12900,13812,23373,11321,12052,13355,6288,7067,3339,1625,1714,
50105,13359,6450,6909,23377,11258,12119,26716,12902,13814,23375,11322,12053,13357,6289,7068,3339,1625,1714,
50110,13360,6450,6910,23380,11259,12121,26719,12905,13814,23378,11324,12054,13357,6289,7068,3340,1626,1714,
50115,13362,6450,6912,23380,11259,12121,26720,12905,13815,23380,11325,12055,13359,6290,7069,3340,1626,1714,
50120,13363,6450,6913,23384,11260,12124,26724,12906,13818,23382,11326,12056,13361,6291,7070,3340,1626,1714,
50125,13364,6451,6913,23387,11262,12125,26727,12906,13821,23385,11328,12057,13361,6291,7070,3341,1627,1714,
50130,13366,6452,6914,23387,11262,12125,26728,12907,13821,23387,11330,12057,13363,6291,7072,3341,1627,1714,
50135,13367,6452,6915,23391,11264,12127,26732,12910,13822,23389,11332,12057,13365,6291,7074,3341,1627,1714,
50140,13368,6452,6916,23394,11266,12128,26735,12912,13823,23392,11334,12058,13365,6291,7074,3342,1628,1714,
50145,13370,6453,6917,23394,11266,12128,26736,12912,13824,23394,11335,12059,13367,6293,7074,3342,1628,1714,
50150,13371,6454,6917,23398,11267,12131,26740,12916,13824,23396,11335,12061,13369,6294,7075,3342,1628,1714,
50155,13372,6454,6918,23401,11268,12133,26743,12918,13825,23399,11336,12063,13369,6294,7075,3343,1629,1714,
50160,13374,6454,6920,23401,11268,12133,26744,12919,13825,23401,11337,12064,13371,6294,7077,3343,1629,1714,
50165,13375,6454,6921,23405,11270,12135,26748,12920,13828,23403,11338,12065,13373,6294,7079,3343,1629,1714,
50170,13376,6455,6921,23408,11271,12137,26751,12922,13829,23406,11340,12066,13373,6294,7079,3344,1630,1714,
50175,13378,6457,6921,23408,11271,12137,26752,12923,13829,23408,11341,12067,13375,6295,7080,3344,1630,1714,
50180,13379,6457,6922,23412,11273,12139,26756,12925,13831,23410,11342,12068,13377,6295,7082,3344,1630,1714,
50185,13380,6457,6923,23415,11274,12141,26759,12926,13833,23413,11343,12070,13377,6295,7082,3345,1630,1715,
50190,13382,6457,6925,23415,11274,12141,26760,12926,13834,23415,11345,12070,13379,6296,7083,3345,1630,1715,
50195,13383,6458,6925,23419,11274,12145,26764,12929,13835,23417,11346,12071,13381,6296,7085,3345,1630,1715,
50200,13384,6459,6925,23422,11275,12147,26767,12930,13837,23420,11347,12073,13381,6296,7085,3346,1631,1715,
50205,13386,6460,6926,23422,11275,12147,26768,12930,13838,23422,11348,12074,13383,6297,7086,3346,1631,1715,
50210,13387,6460,6927,23426,11278,12148,26772,12931,13841,23424,11350,12074,13385,6298,7087,3346,1631,1715,
50215,13388,6460,6928,23429,11280,12149,26775,12932,13843,23427,11351,12076,13385,6298,7087,3347,1632,1715,
50220,13390,6462,6928,23429,11280,12149,26776,12933,13843,23429,11351,12078,13387,6298,7089,3347,1632,1715,
50225,13391,6462,6929,23433,11282,12151,26780,12937,13843,23431,11352,12079,13389,6299,7090,3347,1632,1715,
50230,13392,6462,6930,23436,11282,12154,26783,12939,13844,23434,11352,12082,13389,6299,7090,3348,1633,1715,
50235,13394,6462,6932,23436,11282,12154,26784,12939,13845,23436,11354,12082,13391,6300,7091,3348,1633,1715,
50240,13395,6463,6932,23440,11284,12156,26788,12942,13846,23438,11355,12083,13393,6301,7092,3348,1633,1715,
50245,13396,6463,6933,23443,11285,12158,26791,12944,13847,23441,11355,12086,13393,6301,7092,3349,1633,1716,
50250,13398,6463,6935,23443,11285,12158,26792,12945,13847,23443,11356,12087,13395,6302,7093,3349,1633,1716,
50255,13399,6464,6935,23447,11287,12160,26796,12947,13849,23445,11358,12087,13397,6304,7093,3349,1633,1716,
50260,13400,6464,6936,23450,11288,12162,26799,12949,13850,23448,11358,12090,13397,6304,7093,3350,1634,1716,
50265,13402,6465,6937,23450,11288,12162,26800,12949,13851,23450,11360,12090,13399,6305,7094,3350,1634,1716,
50270,13403,6466,6937,23454,11290,12164,26804,12952,13852,23452,11360,12092,13401,6306,7095,3350,1634,1716,
50275,13404,6467,6937,23457,11291,12166,26807,12953,13854,23455,11360,12095,13401,6306,7095,3351,1635,1716,
50280,13406,6469,6937,23457,11291,12166,26808,12953,13855,23457,11361,12096,13403,6307,7096,3351,1635,1716,
50285,13407,6470,6937,23461,11292,12169,26812,12954,13858,23459,11362,12097,13405,6308,7097,3351,1635,1716,
50290,13408,6471,6937,23464,11293,12171,26815,12955,13860,23462,11363,12099,13405,6308,7097,3352,1635,1717,
50295,13410,6471,6939,23464,11293,12171,26816,12956,13860,23464,11363,12101,13407,6308,7099,3352,1635,1717,
50300,13411,6471,6940,23468,11295,12173,26820,12958,13862,23466,11364,12102,13409,6308,7101,3352,1635,1717,
50305,13412,6471,6941,23471,11296,12175,26823,12959,13864,23469,11364,12105,13409,6308,7101,3353,1636,1717,
50310,13414,6473,6941,23471,11296,12175,26824,12960,13864,23471,11366,12105,13411,6309,7102,3353,1636,1717,
50315,13415,6474,6941,23475,11300,12175,26828,12963,13865,23473,11368,12105,13413,6311,7102,3353,1636,1717,
50320,13416,6475,6941,23478,11301,12177,26831,12965,13866,23476,11369,12107,13413,6311,7102,3354,1636,1718,
50325,13418,6476,6942,23478,11301,12177,26832,12966,13866,23478,11369,12109,13415,6312,7103,3354,1636,1718,
50330,13419,6476,6943,23482,11301,12181,26836,12968,13868,23480,11370,12110,13417,6313,7104,3354,1636,1718,
50335,13420,6477,6943,23485,11302,12183,26839,12969,13870,23483,11373,12110,13417,6313,7104,3355,1636,1719,
50340,13422,6479,6943,23485,11302,12183,26840,12970,13870,23485,11374,12111,13419,6314,7105,3355,1636,1719,
50345,13423,6479,6944,23489,11304,12185,26844,12973,13871,23487,11375,12112,13421,6316,7105,3355,1636,1719,
50350,13424,6480,6944,23492,11306,12186,26847,12974,13873,23490,11378,12112,13421,6316,7105,3356,1636,1720,
50355,13426,6481,6945,23492,11306,12186,26848,12974,13874,23492,11378,12114,13423,6318,7105,3356,1636,1720,
50360,13427,6482,6945,23496,11309,12187,26852,12975,13877,23494,11379,12115,13425,6320,7105,3356,1636,1720,
50365,13428,6482,6946,23499,11309,12190,26855,12976,13879,23497,11381,12116,13425,6320,7105,3357,1636,1721,
50370,13430,6482,6948,23499,11309,12190,26856,12976,13880,23499,11381,12118,13427,6322,7105,3357,1636,1721,
50375,13431,6483,6948,23503,11311,12192,26860,12978,13882,23501,11382,12119,13429,6323,7106,3357,1636,1721,
50380,13432,6483,6949,23506,11313,12193,26863,12979,13884,23504,11383,12121,13429,6323,7106,3358,1637,1721,
50385,13434,6484,6950,23506,11313,12193,26864,12979,13885,23506,11384,12122,13431,6325,7106,3358,1637,1721,
50390,13435,6484,6951,23510,11315,12195,26868,12982,13886,23508,11385,12123,13433,6326,7107,3358,1637,1721,
50395,13436,6484,6952,23513,11317,12196,26871,12983,13888,23511,11386,12125,13433,6326,7107,3359,1638,1721,
50400,13438,6484,6954,23513,11317,12196,26872,12983,13889,23513,11386,12127,13435,6328,7107,3359,1638,1721,
50405,13439,6485,6954,23517,11317,12200,26876,12984,13892,23515,11387,12128,13437,6329,7108,3359,1638,1721,
50410,13440,6485,6955,23520,11319,12201,26879,12986,13893,23518,11388,12130,13437,6329,7108,3360,1639,1721,
50415,13442,6486,6956,23520,11319,12201,26880,12986,13894,23520,11389,12131,13439,6329,7110,3360,1639,1721,
50420,13443,6486,6957,23524,11323,12201,26884,12988,13896,23522,11390,12132,13441,6331,7110,3360,1639,1721,
50425,13444,6486,6958,23527,11325,12202,26887,12989,13898,23525,11393,12132,13441,6331,7110,3361,1639,1722,
50430,13446,6487,6959,23527,11325,12202,26888,12990,13898,23527,11393,12134,13443,6332,7111,3361,1639,1722,
50435,13447,6488,6959,23531,11326,12205,26892,12993,13899,23529,11394,12135,13445,6332,7113,3361,1639,1722,
50440,13448,6489,6959,23534,11327,12207,26895,12994,13901,23532,11395,12137,13445,6332,7113,3362,1639,1723,
50445,13450,6490,6960,23534,11327,12207,26896,12995,13901,23534,11395,12139,13447,6333,7114,3362,1639,1723,
50450,13451,6491,6960,23538,11329,12209,26900,12995,13905,23536,11396,12140,13449,6333,7116,3362,1639,1723,
50455,13452,6491,6961,23541,11330,12211,26903,12996,13907,23539,11398,12141,13449,6333,7116,3363,1640,1723,
50460,13454,6491,6963,23541,11330,12211,26904,12996,13908,23541,11399,12142,13451,6333,7118,3363,1640,1723,
50465,13455,6492,6963,23545,11331,12214,26908,12997,13911,23543,11399,12144,13453,6333,7120,3363,1640,1723,
50470,13456,6493,6963,23548,11332,12216,26911,12998,13913,23546,11400,12146,13453,6333,7120,3364,1641,1723,
50475,13458,6495,6963,23548,11332,12216,26912,12999,13913,23548,11401,12147,13455,6333,7122,3364,1641,1723,
50480,13459,6496,6963,23552,11335,12217,26916,13000,13916,23550,11401,12149,13457,6335,7122,3364,1641,1723,
50485,13460,6497,6963,23555,11335,12220,26919,13001,13918,23553,11403,12150,13457,6335,7122,3365,1642,1723,
50490,13462,6498,6964,23555,11335,12220,26920,13002,13918,23555,11404,12151,13459,6336,7123,3365,1642,1723,
50495,13463,6498,6965,23559,11338,12221,26924,13003,13921,23557,11404,12153,13461,6338,7123,3365,1642,1723,
50500,13464,6499,6965,23562,11340,12222,26927,13005,13922,23560,11406,12154,13461,6338,7123,3366,1643,1723,
50505,13466,6499,6967,23562,11340,12222,26928,13005,13923,23562,11407,12155,13463,6338,7125,3366,1643,1723,
50510,13467,6500,6967,23566,11342,12224,26932,13007,13925,23564,11407,12157,13465,6340,7125,3366,1643,1723,
50515,13468,6501,6967,23569,11343,12226,26935,13009,13926,23567,11409,12158,13465,6340,7125,3367,1643,1724,
50520,13470,6502,6968,23569,11343,12226,26936,13010,13926,23569,11410,12159,13467,6341,7126,3367,1643,1724,
50525,13471,6502,6969,23573,11346,12227,26940,13013,13927,23571,11410,12161,13469,6342,7127,3367,1643,1724,
50530,13472,6502,6970,23576,11348,12228,26943,13015,13928,23574,11411,12163,13469,6342,7127,3368,1643,1725,
50535,13474,6503,6971,23576,11348,12228,26944,13016,13928,23576,11412,12164,13471,6343,7128,3368,1643,1725,
50540,13475,6503,6972,23580,11348,12232,26948,13016,13932,23578,11413,12165,13473,6344,7129,3368,1643,1725,
50545,13476,6503,6973,23583,11349,12234,26951,13018,13933,23581,11414,12167,13473,6344,7129,3369,1643,1726,
50550,13478,6504,6974,23583,11349,12234,26952,13018,13934,23583,11415,12168,13475,6344,7131,3369,1643,1726,
50555,13479,6504,6975,23587,11351,12236,26956,13019,13937,23585,11415,12170,13477,6345,7132,3369,1643,1726,
50560,13480,6504,6976,23590,11353,12237,26959,13020,13939,23588,11415,12173,13477,6345,7132,3370,1643,1727,
50565,13482,6505,6977,23590,11353,12237,26960,13020,13940,23590,11416,12174,13479,6345,7134,3370,1643,1727,
50570,13483,6505,6978,23594,11355,12239,26964,13022,13942,23592,11417,12175,13481,6347,7134,3370,1643,1727,
50575,13484,6506,6978,23597,11357,12240,26967,13023,13944,23595,11419,12176,13481,6347,7134,3371,1643,1728,
50580,13486,6506,6980,23597,11357,12240,26968,13023,13945,23597,11420,12177,13483,6349,7134,3371,1643,1728,
50585,13487,6507,6980,23601,11359,12242,26972,13024,13948,23599,11421,12178,13485,6350,7135,3371,1643,1728,
50590,13488,6507,6981,23604,11361,12243,26975,13027,13948,23602,11422,12180,13485,6350,7135,3372,1644,1728,
50595,13490,6508,6982,23604,11361,12243,26976,13028,13948,23604,11423,12181,13487,6352,7135,3372,1644,1728,
50600,13491,6509,6982,23608,11362,12246,26980,13032,13948,23606,11424,12182,13489,6352,7137,3372,1644,1728,
50605,13492,6510,6982,23611,11364,12247,26983,13033,13950,23609,11426,12183,13489,6352,7137,3373,1645,1728,
50610,13494,6512,6982,23611,11364,12247,26984,13033,13951,23611,11427,12184,13491,6353,7138,3373,1645,1728,
50615,13495,6513,6982,23615,11365,12250,26988,13033,13955,23613,11427,12186,13493,6354,7139,3373,1645,1728,
50620,13496,6514,6982,23618,11368,12250,26991,13035,13956,23616,11427,12189,13493,6354,7139,3374,1645,1729,
50625,13498,6515,6983,23618,11368,12250,26992,13035,13957,23618,11429,12189,13495,6355,7140,3374,1645,1729,
50630,13499,6515,6984,23622,11369,12253,26996,13037,13959,23620,11430,12190,13497,6356,7141,3374,1645,1729,
50635,13500,6515,6985,23625,11370,12255,26999,13038,13961,23623,11431,12192,13497,6356,7141,3375,1646,1729,
50640,13502,6516,6986,23625,11370,12255,27000,13038,13962,23625,11432,12193,13499,6356,7143,3375,1646,1729,
50645,13503,6517,6986,23629,11371,12258,27004,13038,13966,23627,11432,12195,13501,6358,7143,3375,1646,1729,
50650,13504,6517,6987,23632,11374,12258,27007,13039,13968,23630,11433,12197,13501,6358,7143,3376,1646,1730,
50655,13506,6517,6989,23632,11374,12258,27008,13040,13968,23632,11434,12198,13503,6360,7143,3376,1646,1730,
50660,13507,6517,6990,23636,11376,12260,27012,13042,13970,23634,11436,12198,13505,6361,7144,3376,1646,1730,
50665,13508,6518,6990,23639,11378,12261,27015,13044,13971,23637,11437,12200,13505,6361,7144,3377,1646,1731,
50670,13510,6519,6991,23639,11378,12261,27016,13045,13971,23639,11438,12201,13507,6362,7145,3377,1646,1731,
50675,13511,6519,6992,23643,11381,12262,27020,13047,13973,23641,11439,12202,13509,6362,7147,3377,1646,1731,
50680,13512,6520,6992,23646,11383,12263,27023,13048,13975,23644,11440,12204,13509,6362,7147,3378,1647,1731,
50685,13514,6521,6993,23646,11383,12263,27024,13049,13975,23646,11441,12205,13511,6363,7148,3378,1647,1731,
50690,13515,6522,6993,23650,11384,12266,27028,13050,13978,23648,11442,12206,13513,6365,7148,3378,1647,1731,
50695,13516,6523,6993,23653,11386,12267,27031,13052,13979,23651,11443,12208,13513,6365,7148,3379,1648,1731,
50700,13518,6524,6994,23653,11386,12267,27032,13052,13980,23653,11444,12209,13515,6366,7149,3379,1648,1731,
50705,13519,6525,6994,23657,11388,12269,27036,13053,13983,23655,11445,12210,13517,6366,7151,3379,1648,1731,
50710,13520,6525,6995,23660,11389,12271,27039,13055,13984,23658,11447,12211,13517,6366,7151,3380,1649,1731,
50715,13522,6526,6996,23660,11389,12271,27040,13056,13984,23660,11447,12213,13519,6368,7151,3380,1649,1731,
50720,13523,6527,6996,23664,11392,12272,27044,13059,13985,23662,11448,12214,13521,6368,7153,3380,1649,1731,
50725,13524,6528,6996,23667,11393,12274,27047,13061,13986,23665,11448,12217,13521,6368,7153,3381,1649,1732,
50730,13526,6528,6998,23667,11393,12274,27048,13061,13987,23667,11448,12219,13523,6370,7153,3381,1649,1732,
50735,13527,6528,6999,23671,11397,12274,27052,13061,13991,23669,11448,12221,13525,6370,7155,3381,1649,1732,
50740,13528,6528,7000,23674,11398,12276,27055,13063,13992,23672,11451,12221,13525,6370,7155,3382,1649,1733,
50745,13530,6530,7000,23674,11398,12276,27056,13063,13993,23674,11452,12222,13527,6372,7155,3382,1649,1733,
50750,13531,6531,7000,23678,11400,12278,27060,13066,13994,23676,11452,12224,13529,6373,7156,3382,1649,1733,
50755,13532,6531,7001,23681,11400,12281,27063,13068,13995,23679,11453,12226,13529,6373,7156,3383,1649,1734,
50760,13534,6532,7002,23681,11400,12281,27064,13069,13995,23681,11453,12228,13531,6375,7156,3383,1649,1734,
50765,13535,6533,7002,23685,11402,12283,27068,13070,13998,23683,11454,12229,13533,6376,7157,3383,1649,1734,
50770,13536,6534,7002,23688,11402,12286,27071,13071,14000,23686,11456,12230,13533,6376,7157,3384,1649,1735,
50775,13538,6536,7002,23688,11402,12286,27072,13071,14001,23688,11457,12231,13535,6377,7158,3384,1649,1735,
50780,13539,6536,7003,23692,11402,12290,27076,13074,14002,23690,11458,12232,13537,6378,7159,3384,1649,1735,
50785,13540,6536,7004,23695,11403,12292,27079,13075,14004,23693,11458,12235,13537,6378,7159,3385,1649,1736,
50790,13542,6536,7006,23695,11403,12292,27080,13075,14005,23695,11458,12237,13539,6379,7160,3385,1649,1736,
50795,13543,6537,7006,23699,11404,12295,27084,13077,14007,23697,11459,12238,13541,6380,7161,3385,1649,1736,
50800,13544,6537,7007,23702,11404,12298,27087,13079,14008,23700,11459,12241,13541,6380,7161,3386,1650,1736,
50805,13546,6539,7007,23702,11404,12298,27088,13080,14008,23702,11460,12242,13543,6380,7163,3386,1650,1736,
50810,13547,6539,7008,23706,11406,12300,27092,13080,14012,23704,11461,12243,13545,6380,7165,3386,1650,1736,
50815,13548,6540,7008,23709,11407,12302,27095,13083,14012,23707,11462,12245,13545,6380,7165,3387,1650,1737,
50820,13550,6541,7009,23709,11407,12302,27096,13084,14012,23709,11464,12245,13547,6381,7166,3387,1650,1737,
50825,13551,6541,7010,23713,11409,12304,27100,13086,14014,23711,11466,12245,13549,6382,7167,3387,1650,1737,
50830,13552,6541,7011,23716,11410,12306,27103,13088,14015,23714,11467,12247,13549,6382,7167,3388,1650,1738,
50835,13554,6542,7012,23716,11410,12306,27104,13089,14015,23716,11467,12249,13551,6383,7168,3388,1650,1738,
50840,13555,6543,7012,23720,11412,12308,27108,13090,14018,23718,11468,12250,13553,6384,7169,3388,1650,1738,
50845,13556,6543,7013,23723,11412,12311,27111,13093,14018,23721,11469,12252,13553,6384,7169,3389,1650,1739,
50850,13558,6544,7014,23723,11412,12311,27112,13093,14019,23723,11471,12252,13555,6385,7170,3389,1650,1739,
50855,13559,6544,7015,23727,11412,12315,27116,13095,14021,23725,11472,12253,13557,6385,7172,3389,1650,1739,
50860,13560,6544,7016,23730,11414,12316,27119,13098,14021,23728,11472,12256,13557,6385,7172,3390,1650,1740,
50865,13562,6546,7016,23730,11414,12316,27120,13098,14022,23730,11474,12256,13559,6386,7173,3390,1650,1740,
50870,13563,6547,7016,23734,11414,12320,27124,13100,14024,23732,11476,12256,13561,6387,7174,3390,1650,1740,
50875,13564,6547,7017,23737,11416,12321,27127,13102,14025,23735,11476,12259,13561,6387,7174,3391,1650,1741,
50880,13566,6548,7018,23737,11416,12321,27128,13102,14026,23737,11477,12260,13563,6389,7174,3391,1650,1741,
50885,13567,6549,7018,23741,11416,12325,27132,13104,14028,23739,11478,12261,13565,6390,7175,3391,1650,1741,
50890,13568,6550,7018,23744,11419,12325,27135,13105,14030,23742,11479,12263,13565,6390,7175,3392,1651,1741,
50895,13570,6551,7019,23744,11419,12325,27136,13105,14031,23744,11480,12264,13567,6392,7175,3392,1651,1741,
50900,13571,6552,7019,23748,11420,12328,27140,13106,14034,23746,11480,12266,13569,6392,7177,3392,1651,1741,
50905,13572,6553,7019,23751,11420,12331,27143,13107,14036,23749,11481,12268,13569,6392,7177,3393,1652,1741,
50910,13574,6553,7021,23751,11420,12331,27144,13108,14036,23751,11482,12269,13571,6393,7178,3393,1652,1741,
50915,13575,6554,7021,23755,11420,12335,27148,13109,14039,23753,11483,12270,13573,6394,7179,3393,1652,1741,
50920,13576,6555,7021,23758,11421,12337,27151,13111,14040,23756,11483,12273,13573,6394,7179,3394,1652,1742,
50925,13578,6556,7022,23758,11421,12337,27152,13112,14040,23758,11483,12275,13575,6396,7179,3394,1652,1742,
50930,13579,6556,7023,23762,11423,12339,27156,13114,14042,23760,11483,12277,13577,6396,7181,3394,1652,1742,
50935,13580,6557,7023,23765,11423,12342,27159,13117,14042,23763,11484,12279,13577,6396,7181,3395,1653,1742,
50940,13582,6558,7024,23765,11423,12342,27160,13117,14043,23765,11486,12279,13579,6397,7182,3395,1653,1742,
50945,13583,6559,7024,23769,11426,12343,27164,13118,14046,23767,11488,12279,13581,6399,7182,3395,1653,1742,
50950,13584,6559,7025,23772,11427,12345,27167,13118,14049,23770,11490,12280,13581,6399,7182,3396,1654,1742,
50955,13586,6561,7025,23772,11427,12345,27168,13119,14049,23772,11491,12281,13583,6401,7182,3396,1654,1742,
50960,13587,6562,7025,23776,11427,12349,27172,13120,14052,23774,11491,12283,13585,6403,7182,3396,1654,1742,
50965,13588,6562,7026,23779,11427,12352,27175,13122,14053,23777,11492,12285,13585,6403,7182,3397,1655,1742,
50970,13590,6562,7028,23779,11427,12352,27176,13122,14054,23779,11493,12286,13587,6403,7184,3397,1655,1742,
50975,13591,6562,7029,23783,11429,12354,27180,13123,14057,23781,11494,12287,13589,6404,7185,3397,1655,1742,
50980,13592,6562,7030,23786,11430,12356,27183,13124,14059,23784,11495,12289,13589,6404,7185,3398,1655,1743,
50985,13594,6562,7032,23786,11430,12356,27184,13125,14059,23786,11496,12290,13591,6406,7185,3398,1655,1743,
50990,13595,6563,7032,23790,11431,12359,27188,13127,14061,23788,11497,12291,13593,6407,7186,3398,1655,1743,
50995,13596,6563,7033,23793,11431,12362,27191,13129,14062,23791,11500,12291,13593,6407,7186,3399,1656,1743,
51000,13598,6563,7035,23793,11431,12362,27192,13130,14062,23793,11501,12292,13595,6409,7186,3399,1656,1743,
51005,13599,6564,7035,23797,11434,12363,27196,13132,14064,23795,11503,12292,13597,6410,7187,3399,1656,1743,
51010,13600,6564,7036,23800,11435,12365,27199,13134,14065,23798,11504,12294,13597,6410,7187,3400,1657,1743,
51015,13602,6566,7036,23800,11435,12365,27200,13135,14065,23800,11505,12295,13599,6412,7187,3400,1657,1743,
51020,13603,6567,7036,23804,11438,12366,27204,13136,14068,23802,11505,12297,13601,6413,7188,3400,1657,1743,
51025,13604,6568,7036,23807,11440,12367,27207,13137,14070,23805,11507,12298,13601,6413,7188,3401,1658,1743,
51030,13606,6569,7037,23807,11440,12367,27208,13137,14071,23807,11509,12298,13603,6415,7188,3401,1658,1743,
51035,13607,6570,7037,23811,11442,12369,27212,13139,14073,23809,11510,12299,13605,6416,7189,3401,1658,1743,
51040,13608,6571,7037,23814,11444,12370,27215,13140,14075,23812,11512,12300,13605,6416,7189,3402,1659,1743,
51045,13610,6573,7037,23814,11444,12370,27216,13141,14075,23814,11514,12300,13607,6417,7190,3402,1659,1743,
51050,13611,6573,7038,23818,11445,12373,27220,13144,14076,23816,11515,12301,13609,6417,7192,3402,1659,1743,
51055,13612,6574,7038,23821,11447,12374,27223,13147,14076,23819,11516,12303,13609,6417,7192,3403,1660,1743,
51060,13614,6575,7039,23821,11447,12374,27224,13147,14077,23821,11517,12304,13611,6418,7193,3403,1660,1743,
51065,13615,6575,7040,23825,11449,12376,27228,13149,14079,23823,11518,12305,13613,6419,7194,3403,1660,1743,
51070,13616,6576,7040,23828,11450,12378,27231,13150,14081,23826,11520,12306,13613,6419,7194,3404,1660,1744,
51075,13618,6577,7041,23828,11450,12378,27232,13151,14081,23828,11522,12306,13615,6420,7195,3404,1660,1744,
51080,13619,6577,7042,23832,11453,12379,27236,13153,14083,23830,11524,12306,13617,6421,7196,3404,1660,1744,
51085,13620,6578,7042,23835,11454,12381,27239,13153,14086,23833,11525,12308,13617,6421,7196,3405,1660,1745,
51090,13622,6578,7044,23835,11454,12381,27240,13153,14087,23835,11527,12308,13619,6421,7198,3405,1660,1745,
51095,13623,6578,7045,23839,11455,12384,27244,13154,14090,23837,11529,12308,13621,6423,7198,3405,1660,1745,
51100,13624,6578,7046,23842,11457,12385,27247,13155,14092,23840,11530,12310,13621,6423,7198,3406,1660,1746,
51105,13626,6578,7048,23842,11457,12385,27248,13156,14092,23842,11530,12312,13623,6424,7199,3406,1660,1746,
51110,13627,6579,7048,23846,11459,12387,27252,13157,14095,23844,11532,12312,13625,6425,7200,3406,1660,1746,
51115,13628,6580,7048,23849,11461,12388,27255,13157,14098,23847,11533,12314,13625,6425,7200,3407,1660,1747,
51120,13630,6581,7049,23849,11461,12388,27256,13157,14099,23849,11534,12315,13627,6427,7200,3407,1660,1747,
51125,13631,6582,7049,23853,11462,12391,27260,13159,14101,23851,11535,12316,13629,6427,7202,3407,1660,1747,
51130,13632,6583,7049,23856,11463,12393,27263,13160,14103,23854,11536,12318,13629,6427,7202,3408,1661,1747,
51135,13634,6584,7050,23856,11463,12393,27264,13160,14104,23856,11538,12318,13631,6427,7204,3408,1661,1747,
51140,13635,6585,7050,23860,11466,12394,27268,13162,14106,23858,11540,12318,13633,6429,7204,3408,1661,1747,
51145,13636,6585,7051,23863,11469,12394,27271,13165,14106,23861,11543,12318,13633,6429,7204,3409,1661,1748,
51150,13638,6587,7051,23863,11469,12394,27272,13166,14106,23863,11543,12320,13635,6430,7205,3409,1661,1748,
51155,13639,6588,7051,23867,11471,12396,27276,13166,14110,23865,11543,12322,13637,6432,7205,3409,1661,1748,
51160,13640,6589,7051,23870,11472,12398,27279,13167,14112,23868,11544,12324,13637,6432,7205,3410,1662,1748,
51165,13642,6590,7052,23870,11472,12398,27280,13167,14113,23870,11545,12325,13639,6432,7207,3410,1662,1748,
51170,13643,6591,7052,23874,11475,12399,27284,13169,14115,23872,11545,12327,13641,6434,7207,3410,1662,1748,
51175,13644,6592,7052,23877,11477,12400,27287,13170,14117,23875,11546,12329,13641,6434,7207,3411,1663,1748,
51180,13646,6593,7053,23877,11477,12400,27288,13171,14117,23877,11546,12331,13643,6434,7209,3411,1663,1748,
51185,13647,6594,7053,23881,11479,12402,27292,13173,14119,23879,11547,12332,13645,6435,7210,3411,1663,1748,
51190,13648,6594,7054,23884,11481,12403,27295,13174,14121,23882,11547,12335,13645,6435,7210,3412,1663,1749,
51195,13650,6594,7056,23884,11481,12403,27296,13175,14121,23884,11548,12336,13647,6436,7211,3412,1663,1749,
51200,13651,6595,7056,23888,11483,12405,27300,13177,14123,23886,11548,12338,13649,6437,7212,3412,1663,1749,
51205,13652,6595,7057,23891,11485,12406,27303,13179,14124,23889,11550,12339,13649,6437,7212,3413,1664,1749,
51210,13654,6595,7059,23891,11485,12406,27304,13180,14124,23891,11550,12341,13651,6438,7213,3413,1664,1749,
51215,13655,6596,7059,23895,11489,12406,27308,13183,14125,23893,11550,12343,13653,6439,7214,3413,1664,1749,
51220,13656,6597,7059,23898,11491,12407,27311,13186,14125,23896,11551,12345,13653,6439,7214,3414,1664,1750,
51225,13658,6599,7059,23898,11491,12407,27312,13187,14125,23898,11551,12347,13655,6439,7216,3414,1664,1750,
51230,13659,6600,7059,23902,11491,12411,27316,13188,14128,23900,11553,12347,13657,6440,7217,3414,1664,1750,
51235,13660,6601,7059,23905,11491,12414,27319,13189,14130,23903,11555,12348,13657,6440,7217,3415,1665,1750,
51240,13662,6602,7060,23905,11491,12414,27320,13190,14130,23905,11557,12348,13659,6440,7219,3415,1665,1750,
51245,13663,6602,7061,23909,11492,12417,27324,13192,14132,23907,11557,12350,13661,6442,7219,3415,1665,1750,
51250,13664,6602,7062,23912,11494,12418,27327,13195,14132,23910,11559,12351,13661,6442,7219,3416,1665,1751,
51255,13666,6603,7063,23912,11494,12418,27328,13195,14133,23912,11559,12353,13663,6442,7221,3416,1665,1751,
51260,13667,6603,7064,23916,11497,12419,27332,13197,14135,23914,11561,12353,13665,6443,7222,3416,1665,1751,
51265,13668,6603,7065,23919,11498,12421,27335,13199,14136,23917,11561,12356,13665,6443,7222,3417,1666,1751,
51270,13670,6604,7066,23919,11498,12421,27336,13200,14136,23919,11562,12357,13667,6444,7223,3417,1666,1751,
51275,13671,6605,7066,23923,11501,12422,27340,13202,14138,23921,11563,12358,13669,6445,7224,3417,1666,1751,
51280,13672,6606,7066,23926,11503,12423,27343,13203,14140,23924,11564,12360,13669,6445,7224,3418,1666,1752,
51285,13674,6608,7066,23926,11503,12423,27344,13204,14140,23926,11565,12361,13671,6446,7225,3418,1666,1752,
51290,13675,6609,7066,23930,11506,12424,27348,13206,14142,23928,11567,12361,13673,6446,7227,3418,1666,1752,
51295,13676,6610,7066,23933,11507,12426,27351,13206,14145,23931,11568,12363,13673,6446,7227,3419,1666,1753,
51300,13678,6611,7067,23933,11507,12426,27352,13206,14146,23933,11570,12363,13675,6447,7228,3419,1666,1753,
51305,13679,6612,7067,23937,11509,12428,27356,13208,14148,23935,11571,12364,13677,6448,7229,3419,1666,1753,
51310,13680,6613,7067,23940,11510,12430,27359,13209,14150,23938,11572,12366,13677,6448,7229,3420,1667,1753,
51315,13682,6613,7069,23940,11510,12430,27360,13209,14151,23940,11573,12367,13679,6449,7230,3420,1667,1753,
51320,13683,6614,7069,23944,11511,12433,27364,13211,14153,23942,11573,12369,13681,6450,7231,3420,1667,1753,
51325,13684,6614,7070,23947,11512,12435,27367,13213,14154,23945,11574,12371,13681,6450,7231,3421,1667,1754,
51330,13686,6616,7070,23947,11512,12435,27368,13214,14154,23947,11575,12372,13683,6452,7231,3421,1667,1754,
51335,13687,6616,7071,23951,11514,12437,27372,13216,14156,23949,11576,12373,13685,6453,7232,3421,1667,1754,
51340,13688,6616,7072,23954,11515,12439,27375,13218,14157,23952,11576,12376,13685,6453,7232,3422,1668,1754,
51345,13690,6616,7074,23954,11515,12439,27376,13218,14158,23954,11577,12377,13687,6454,7233,3422,1668,1754,
51350,13691,6616,7075,23958,11518,12440,27380,13221,14159,23956,11578,12378,13689,6455,7234,3422,1668,1754,
51355,13692,6617,7075,23961,11520,12441,27383,13223,14160,23959,11580,12379,13689,6455,7234,3423,1668,1755,
51360,13694,6619,7075,23961,11520,12441,27384,13224,14160,23961,11582,12379,13691,6457,7234,3423,1668,1755,
51365,13695,6619,7076,23965,11521,12444,27388,13226,14162,23963,11583,12380,13693,6458,7235,3423,1668,1755,
51370,13696,6620,7076,23968,11522,12446,27391,13227,14164,23966,11585,12381,13693,6458,7235,3424,1668,1756,
51375,13698,6620,7078,23968,11522,12446,27392,13227,14165,23968,11587,12381,13695,6459,7236,3424,1668,1756,
51380,13699,6621,7078,23972,11524,12448,27396,13229,14167,23970,11588,12382,13697,6460,7237,3424,1668,1756,
51385,13700,6621,7079,23975,11525,12450,27399,13229,14170,23973,11590,12383,13697,6460,7237,3425,1668,1757,
51390,13702,6622,7080,23975,11525,12450,27400,13229,14171,23975,11590,12385,13699,6461,7238,3425,1668,1757,
51395,13703,6623,7080,23979,11528,12451,27404,13232,14172,23977,11591,12386,13701,6461,7240,3425,1668,1757,
51400,13704,6623,7081,23982,11529,12453,27407,13234,14173,23980,11593,12387,13701,6461,7240,3426,1669,1757,
51405,13706,6623,7083,23982,11529,12453,27408,13234,14174,23982,11594,12388,13703,6462,7241,3426,1669,1757,
51410,13707,6624,7083,23986,11530,12456,27412,13236,14176,23984,11594,12390,13705,6463,7242,3426,1669,1757,
51415,13708,6624,7084,23989,11533,12456,27415,13239,14176,23987,11595,12392,13705,6463,7242,3427,1669,1758,
51420,13710,6625,7085,23989,11533,12456,27416,13240,14176,23989,11596,12393,13707,6463,7244,3427,1669,1758,
51425,13711,6626,7085,23993,11536,12457,27420,13242,14178,23991,11597,12394,13709,6464,7245,3427,1669,1758,
51430,13712,6626,7086,23996,11538,12458,27423,13243,14180,23994,11598,12396,13709,6464,7245,3428,1669,1759,
51435,13714,6628,7086,23996,11538,12458,27424,13243,14181,23996,11600,12396,13711,6465,7246,3428,1669,1759,
51440,13715,6629,7086,24000,11540,12460,27428,13245,14183,23998,11602,12396,13713,6466,7247,3428,1669,1759,
51445,13716,6630,7086,24003,11542,12461,27431,13247,14184,24001,11603,12398,13713,6466,7247,3429,1669,1760,
51450,13718,6631,7087,24003,11542,12461,27432,13248,14184,24003,11604,12399,13715,6466,7249,3429,1669,1760,
51455,13719,6632,7087,24007,11545,12462,27436,13249,14187,24005,11606,12399,13717,6467,7250,3429,1669,1760,
51460,13720,6632,7088,24010,11546,12464,27439,13251,14188,24008,11608,12400,13717,6467,7250,3430,1669,1761,
51465,13722,6633,7089,24010,11546,12464,27440,13251,14189,24010,11609,12401,13719,6468,7251,3430,1669,1761,
51470,13723,6634,7089,24014,11546,12468,27444,13252,14192,24012,11609,12403,13721,6468,7253,3430,1669,1761,
51475,13724,6634,7090,24017,11549,12468,27447,13254,14193,24015,11610,12405,13721,6468,7253,3431,1669,1762,
51480,13726,6634,7092,24017,11549,12468,27448,13255,14193,24017,11611,12406,13723,6469,7254,3431,1669,1762,
51485,13727,6635,7092,24021,11549,12472,27452,13259,14193,24019,11612,12407,13725,6469,7256,3431,1669,1762,
51490,13728,6635,7093,24024,11549,12475,27455,13260,14195,24022,11612,12410,13725,6469,7256,3432,1670,1762,
51495,13730,6637,7093,24024,11549,12475,27456,13260,14196,24024,11614,12410,13727,6470,7257,3432,1670,1762,
51500,13731,6637,7094,24028,11552,12476,27460,13261,14199,24026,11615,12411,13729,6472,7257,3432,1670,1762,
51505,13732,6637,7095,24031,11553,12478,27463,13261,14202,24029,11615,12414,13729,6472,7257,3433,1671,1762,
51510,13734,6637,7097,24031,11553,12478,27464,13262,14202,24031,11616,12415,13731,6473,7258,3433,1671,1762,
51515,13735,6638,7097,24035,11555,12480,27468,13264,14204,24033,11616,12417,13733,6475,7258,3433,1671,1762,
51520,13736,6638,7098,24038,11555,12483,27471,13265,14206,24036,11619,12417,13733,6475,7258,3434,1671,1763,
51525,13738,6639,7099,24038,11555,12483,27472,13265,14207,24038,11619,12419,13735,6475,7260,3434,1671,1763,
51530,13739,6639,7100,24042,11555,12487,27476,13266,14210,24040,11620,12420,13737,6477,7260,3434,1671,1763,
51535,13740,6639,7101,24045,11556,12489,27479,13267,14212,24043,11622,12421,13737,6477,7260,3435,1672,1763,
51540,13742,6639,7103,24045,11556,12489,27480,13268,14212,24045,11623,12422,13739,6478,7261,3435,1672,1763,
51545,13743,6640,7103,24049,11557,12492,27484,13269,14215,24047,11623,12424,13741,6478,7263,3435,1672,1763,
51550,13744,6641,7103,24052,11558,12494,27487,13270,14217,24050,11624,12426,13741,6478,7263,3436,1672,1764,
51555,13746,6641,7105,24052,11558,12494,27488,13270,14218,24052,11626,12426,13743,6479,7264,3436,1672,1764,
51560,13747,6641,7106,24056,11561,12495,27492,13273,14219,24054,11628,12426,13745,6479,7266,3436,1672,1764,
51565,13748,6642,7106,24059,11563,12496,27495,13274,14221,24057,11630,12427,13745,6479,7266,3437,1672,1765,
51570,13750,6643,7107,24059,11563,12496,27496,13275,14221,24059,11630,12429,13747,6480,7267,3437,1672,1765,
51575,13751,6644,7107,24063,11564,12499,27500,13275,14225,24061,11631,12430,13749,6481,7268,3437,1672,1765,
51580,13752,6645,7107,24066,11565,12501,27503,13276,14227,24064,11633,12431,13749,6481,7268,3438,1673,1765,
51585,13754,6645,7109,24066,11565,12501,27504,13276,14228,24066,11634,12432,13751,6482,7269,3438,1673,1765,
51590,13755,6646,7109,24070,11568,12502,27508,13278,14230,24068,11636,12432,13753,6483,7270,3438,1673,1765,
51595,13756,6646,7110,24073,11569,12504,27511,13280,14231,24071,11638,12433,13753,6483,7270,3439,1674,1765,
51600,13758,6646,7112,24073,11569,12504,27512,13281,14231,24073,11639,12434,13755,6483,7272,3439,1674,1765,
51605,13759,6647,7112,24077,11569,12508,27516,13283,14233,24075,11639,12436,13757,6483,7274,3439,1674,1765,
51610,13760,6648,7112,24080,11571,12509,27519,13285,14234,24078,11641,12437,13757,6483,7274,3440,1674,1766,
51615,13762,6649,7113,24080,11571,12509,27520,13286,14234,24080,11642,12438,13759,6483,7276,3440,1674,1766,
51620,13763,6650,7113,24084,11573,12511,27524,13289,14235,24082,11644,12438,13761,6483,7278,3440,1674,1766,
51625,13764,6651,7113,24087,11574,12513,27527,13290,14237,24085,11645,12440,13761,6483,7278,3441,1674,1767,
51630,13766,6652,7114,24087,11574,12513,27528,13291,14237,24087,11645,12442,13763,6483,7280,3441,1674,1767,
51635,13767,6652,7115,24091,11575,12516,27532,13294,14238,24089,11647,12442,13765,6484,7281,3441,1674,1767,
51640,13768,6653,7115,24094,11577,12517,27535,13295,14240,24092,11649,12443,13765,6484,7281,3442,1674,1768,
51645,13770,6655,7115,24094,11577,12517,27536,13296,14240,24094,11649,12445,13767,6485,7282,3442,1674,1768,
51650,13771,6655,7116,24098,11578,12520,27540,13298,14242,24096,11651,12445,13769,6485,7284,3442,1674,1768,
51655,13772,6655,7117,24101,11581,12520,27543,13300,14243,24099,11653,12446,13769,6485,7284,3443,1674,1769,
51660,13774,6656,7118,24101,11581,12520,27544,13300,14244,24101,11653,12448,13771,6486,7285,3443,1674,1769,
51665,13775,6657,7118,24105,11582,12523,27548,13301,14247,24103,11654,12449,13773,6487,7286,3443,1674,1769,
51670,13776,6657,7119,24108,11582,12526,27551,13302,14249,24106,11656,12450,13773,6487,7286,3444,1674,1770,
51675,13778,6658,7120,24108,11582,12526,27552,13303,14249,24108,11657,12451,13775,6487,7288,3444,1674,1770,
51680,13779,6658,7121,24112,11584,12528,27556,13303,14253,24110,11657,12453,13777,6488,7289,3444,1674,1770,
51685,13780,6658,7122,24115,11585,12530,27559,13304,14255,24113,11659,12454,13777,6488,7289,3445,1675,1770,
51690,13782,6659,7123,24115,11585,12530,27560,13305,14255,24115,11661,12454,13779,6489,7290,3445,1675,1770,
51695,13783,6660,7123,24119,11585,12534,27564,13307,14257,24117,11662,12455,13781,6491,7290,3445,1675,1770,
51700,13784,6661,7123,24122,11585,12537,27567,13308,14259,24120,11664,12456,13781,6491,7290,3446,1675,1771,
51705,13786,6662,7124,24122,11585,12537,27568,13308,14260,24122,11664,12458,13783,6492,7291,3446,1675,1771,
51710,13787,6662,7125,24126,11589,12537,27572,13311,14261,24124,11665,12459,13785,6493,7292,3446,1675,1771,
51715,13788,6663,7125,24129,11592,12537,27575,13312,14263,24127,11665,12462,13785,6493,7292,3447,1675,1772,
51720,13790,6663,7127,24129,11592,12537,27576,13312,14264,24129,11667,12462,13787,6494,7293,3447,1675,1772,
51725,13791,6664,7127,24133,11594,12539,27580,13314,14266,24131,11668,12463,13789,6496,7293,3447,1675,1772,
51730,13792,6665,7127,24136,11595,12541,27583,13315,14268,24134,11668,12466,13789,6496,7293,3448,1675,1773,
51735,13794,6666,7128,24136,11595,12541,27584,13316,14268,24136,11668,12468,13791,6498,7293,3448,1675,1773,
51740,13795,6666,7129,24140,11597,12543,27588,13317,14271,24138,11668,12470,13793,6499,7294,3448,1675,1773,
51745,13796,6666,7130,24143,11599,12544,27591,13319,14272,24141,11670,12471,13793,6499,7294,3449,1676,1773,
51750,13798,6668,7130,24143,11599,12544,27592,13319,14273,24143,11672,12471,13795,6501,7294,3449,1676,1773,
51755,13799,6669,7130,24147,11603,12544,27596,13322,14274,24145,11672,12473,13797,6502,7295,3449,1676,1773,
51760,13800,6669,7131,24150,11604,12546,27599,13324,14275,24148,11672,12476,13797,6502,7295,3450,1676,1774,
51765,13802,6671,7131,24150,11604,12546,27600,13324,14276,24150,11673,12477,13799,6504,7295,3450,1676,1774,
51770,13803,6671,7132,24154,11605,12549,27604,13327,14277,24152,11674,12478,13801,6504,7297,3450,1676,1774,
51775,13804,6672,7132,24157,11608,12549,27607,13329,14278,24155,11676,12479,13801,6504,7297,3451,1677,1774,
51780,13806,6672,7134,24157,11608,12549,27608,13330,14278,24157,11677,12480,13803,6505,7298,3451,1677,1774,
51785,13807,6672,7135,24161,11609,12552,27612,13331,14281,24159,11677,12482,13805,6506,7299,3451,1677,1774,
51790,13808,6673,7135,24164,11609,12555,27615,13334,14281,24162,11678,12484,13805,6506,7299,3452,1677,1775,
51795,13810,6675,7135,24164,11609,12555,27616,13335,14281,24164,11679,12485,13807,6508,7299,3452,1677,1775,
51800,13811,6675,7136,24168,11611,12557,27620,13338,14282,24166,11680,12486,13809,6508,7301,3452,1677,1775,
51805,13812,6675,7137,24171,11612,12559,27623,13341,14282,24169,11683,12486,13809,6508,7301,3453,1678,1775,
51810,13814,6675,7139,24171,11612,12559,27624,13341,14283,24171,11684,12487,13811,6509,7302,3453,1678,1775,
51815,13815,6675,7140,24175,11613,12562,27628,13344,14284,24173,11685,12488,13813,6510,7303,3453,1678,1775,
51820,13816,6676,7140,24178,11615,12563,27631,13347,14284,24176,11686,12490,13813,6510,7303,3454,1678,1776,
51825,13818,6676,7142,24178,11615,12563,27632,13348,14284,24178,11687,12491,13815,6511,7304,3454,1678,1776,
51830,13819,6677,7142,24182,11617,12565,27636,13350,14286,24180,11689,12491,13817,6512,7305,3454,1678,1776,
51835,13820,6678,7142,24185,11619,12566,27639,13352,14287,24183,11690,12493,13817,6512,7305,3455,1678,1777,
51840,13822,6680,7142,24185,11619,12566,27640,13352,14288,24185,11691,12494,13819,6513,7306,3455,1678,1777,
51845,13823,6681,7142,24189,11621,12568,27644,13354,14290,24187,11691,12496,13821,6513,7308,3455,1678,1777,
51850,13824,6682,7142,24192,11622,12570,27647,13356,14291,24190,11693,12497,13821,6513,7308,3456,1679,1777,
51855,13826,6683,7143,24192,11622,12570,27648,13356,14292,24192,11693,12499,13823,6515,7308,3456,1679,1777,
51860,13827,6683,7144,24196,11625,12571,27652,13357,14295,24194,11694,12500,13825,6516,7309,3456,1679,1777,
51865,13828,6683,7145,24199,11627,12572,27655,13359,14296,24197,11696,12501,13825,6516,7309,3457,1679,1778,
51870,13830,6684,7146,24199,11627,12572,27656,13359,14297,24199,11698,12501,13827,6516,7311,3457,1679,1778,
51875,13831,6685,7146,24203,11631,12572,27660,13362,14298,24201,11698,12503,13829,6518,7311,3457,1679,1778,
51880,13832,6685,7147,24206,11632,12574,27663,13363,14300,24204,11700,12504,13829,6518,7311,3458,1679,1779,
51885,13834,6687,7147,24206,11632,12574,27664,13364,14300,24206,11701,12505,13831,6519,7312,3458,1679,1779,
51890,13835,6688,7147,24210,11635,12575,27668,13365,14303,24208,11702,12506,13833,6520,7313,3458,1679,1779,
51895,13836,6688,7148,24213,11637,12576,27671,13367,14304,24211,11703,12508,13833,6520,7313,3459,1680,1779,
51900,13838,6688,7150,24213,11637,12576,27672,13367,14305,24213,11704,12509,13835,6520,7315,3459,1680,1779,
51905,13839,6689,7150,24217,11638,12579,27676,13369,14307,24215,11706,12509,13837,6522,7315,3459,1680,1779,
51910,13840,6689,7151,24220,11640,12580,27679,13370,14309,24218,11707,12511,13837,6522,7315,3460,1680,1780,
51915,13842,6690,7152,24220,11640,12580,27680,13371,14309,24220,11709,12511,13839,6524,7315,3460,1680,1780,
51920,13843,6690,7153,24224,11642,12582,27684,13372,14312,24222,11711,12511,13841,6524,7317,3460,1680,1780,
51925,13844,6691,7153,24227,11644,12583,27687,13372,14315,24225,11711,12514,13841,6524,7317,3461,1680,1781,
51930,13846,6691,7155,24227,11644,12583,27688,13373,14315,24227,11712,12515,13843,6526,7317,3461,1680,1781,
51935,13847,6692,7155,24231,11646,12585,27692,13376,14316,24229,11712,12517,13845,6526,7319,3461,1680,1781,
51940,13848,6693,7155,24234,11647,12587,27695,13376,14319,24232,11712,12520,13845,6526,7319,3462,1680,1782,
51945,13850,6694,7156,24234,11647,12587,27696,13377,14319,24234,11713,12521,13847,6526,7321,3462,1680,1782,
51950,13851,6695,7156,24238,11649,12589,27700,13379,14321,24236,11715,12521,13849,6526,7323,3462,1680,1782,
51955,13852,6696,7156,24241,11650,12591,27703,13380,14323,24239,11718,12521,13849,6526,7323,3463,1680,1783,
51960,13854,6697,7157,24241,11650,12591,27704,13380,14324,24241,11719,12522,13851,6527,7324,3463,1680,1783,
51965,13855,6697,7158,24245,11651,12594,27708,13383,14325,24243,11720,12523,13853,6529,7324,3463,1680,1783,
51970,13856,6698,7158,24248,11653,12595,27711,13385,14326,24246,11722,12524,13853,6529,7324,3464,1680,1784,
51975,13858,6700,7158,24248,11653,12595,27712,13386,14326,24248,11723,12525,13855,6529,7326,3464,1680,1784,
51980,13859,6700,7159,24252,11657,12595,27716,13390,14326,24250,11724,12526,13857,6530,7327,3464,1680,1784,
51985,13860,6701,7159,24255,11659,12596,27719,13392,14327,24253,11726,12527,13857,6530,7327,3465,1681,1784,
51990,13862,6701,7161,24255,11659,12596,27720,13392,14328,24255,11727,12528,13859,6531,7328,3465,1681,1784,
51995,13863,6701,7162,24259,11661,12598,27724,13394,14330,24257,11727,12530,13861,6533,7328,3465,1681,1784,
52000,13864,6701,7163,24262,11663,12599,27727,13397,14330,24260,11728,12532,13861,6533,7328,3466,1681,1785,
52005,13866,6702,7164,24262,11663,12599,27728,13398,14330,24262,11728,12534,13863,6533,7330,3466,1681,1785,
52010,13867,6703,7164,24266,11665,12601,27732,13399,14333,24264,11729,12535,13865,6534,7331,3466,1681,1785,
52015,13868,6703,7165,24269,11666,12603,27735,13400,14335,24267,11730,12537,13865,6534,7331,3467,1682,1785,
52020,13870,6703,7167,24269,11666,12603,27736,13400,14336,24269,11731,12538,13867,6535,7332,3467,1682,1785,
52025,13871,6703,7168,24273,11668,12605,27740,13401,14339,24271,11731,12540,13869,6536,7333,3467,1682,1785,
52030,13872,6703,7169,24276,11668,12608,27743,13403,14340,24274,11731,12543,13869,6536,7333,3468,1683,1785,
52035,13874,6703,7171,24276,11668,12608,27744,13404,14340,24276,11732,12544,13871,6536,7335,3468,1683,1785,
52040,13875,6703,7172,24280,11670,12610,27748,13405,14343,24278,11733,12545,13873,6537,7336,3468,1683,1785,
52045,13876,6703,7173,24283,11673,12610,27751,13406,14345,24281,11734,12547,13873,6537,7336,3469,1683,1786,
52050,13878,6705,7173,24283,11673,12610,27752,13406,14346,24283,11734,12549,13875,6538,7337,3469,1683,1786,
52055,13879,6706,7173,24287,11675,12612,27756,13410,14346,24285,11734,12551,13877,6538,7339,3469,1683,1786,
52060,13880,6707,7173,24290,11677,12613,27759,13411,14348,24288,11736,12552,13877,6538,7339,3470,1683,1787,
52065,13882,6708,7174,24290,11677,12613,27760,13412,14348,24290,11737,12553,13879,6539,7340,3470,1683,1787,
52070,13883,6708,7175,24294,11681,12613,27764,13416,14348,24292,11738,12554,13881,6540,7341,3470,1683,1787,
52075,13884,6708,7176,24297,11683,12614,27767,13418,14349,24295,11741,12554,13881,6540,7341,3471,1683,1788,
52080,13886,6708,7178,24297,11683,12614,27768,13418,14350,24297,11742,12555,13883,6541,7342,3471,1683,1788,
52085,13887,6708,7179,24301,11684,12617,27772,13420,14352,24299,11744,12555,13885,6542,7343,3471,1683,1788,
52090,13888,6709,7179,24304,11686,12618,27775,13421,14354,24302,11744,12558,13885,6542,7343,3472,1683,1789,
52095,13890,6711,7179,24304,11686,12618,27776,13421,14355,24304,11745,12559,13887,6542,7345,3472,1683,1789,
52100,13891,6711,7180,24308,11688,12620,27780,13424,14356,24306,11747,12559,13889,6544,7345,3472,1683,1789,
52105,13892,6711,7181,24311,11689,12622,27783,13425,14358,24309,11747,12562,13889,6544,7345,3473,1684,1789,
52110,13894,6711,7183,24311,11689,12622,27784,13425,14359,24311,11747,12564,13891,6546,7345,3473,1684,1789,
52115,13895,6711,7184,24315,11693,12622,27788,13426,14362,24313,11749,12564,13893,6548,7345,3473,1684,1789,
52120,13896,6712,7184,24318,11693,12625,27791,13428,14363,24316,11750,12566,13893,6548,7345,3474,1685,1789,
52125,13898,6713,7185,24318,11693,12625,27792,13428,14364,24318,11750,12568,13895,6548,7347,3474,1685,1789,
52130,13899,6714,7185,24322,11695,12627,27796,13429,14367,24320,11750,12570,13897,6550,7347,3474,1685,1789,
52135,13900,6715,7185,24325,11696,12629,27799,13430,14369,24323,11751,12572,13897,6550,7347,3475,1685,1790,
52140,13902,6717,7185,24325,11696,12629,27800,13431,14369,24325,11752,12573,13899,6551,7348,3475,1685,1790,
52145,13903,6717,7186,24329,11699,12630,27804,13433,14371,24327,11753,12574,13901,6552,7349,3475,1685,1790,
52150,13904,6718,7186,24332,11701,12631,27807,13436,14371,24330,11753,12577,13901,6552,7349,3476,1685,1791,
52155,13906,6718,7188,24332,11701,12631,27808,13437,14371,24332,11753,12579,13903,6553,7350,3476,1685,1791,
52160,13907,6718,7189,24336,11703,12633,27812,13439,14373,24334,11754,12580,13905,6553,7352,3476,1685,1791,
52165,13908,6718,7190,24339,11705,12634,27815,13439,14376,24337,11755,12582,13905,6553,7352,3477,1686,1791,
52170,13910,6718,7192,24339,11705,12634,27816,13440,14376,24339,11757,12582,13907,6554,7353,3477,1686,1791,
52175,13911,6719,7192,24343,11706,12637,27820,13441,14379,24341,11759,12582,13909,6555,7354,3477,1686,1791,
52180,13912,6719,7193,24346,11707,12639,27823,13443,14380,24344,11760,12584,13909,6555,7354,3478,1686,1792,
52185,13914,6721,7193,24346,11707,12639,27824,13444,14380,24346,11761,12585,13911,6556,7355,3478,1686,1792,
52190,13915,6722,7193,24350,11710,12640,27828,13446,14382,24348,11761,12587,13913,6558,7355,3478,1686,1792,
52195,13916,6722,7194,24353,11711,12642,27831,13447,14384,24351,11761,12590,13913,6558,7355,3479,1687,1792,
52200,13918,6722,7196,24353,11711,12642,27832,13447,14385,24353,11762,12591,13915,6559,7356,3479,1687,1792,
52205,13919,6722,7197,24357,11712,12645,27836,13451,14385,24355,11762,12593,13917,6560,7357,3479,1687,1792,
52210,13920,6723,7197,24360,11713,12647,27839,13452,14387,24358,11763,12595,13917,6560,7357,3480,1688,1792,
52215,13922,6723,7199,24360,11713,12647,27840,13452,14388,24360,11765,12595,13919,6560,7359,3480,1688,1792,
52220,13923,6723,7200,24364,11714,12650,27844,13455,14389,24362,11765,12597,13921,6562,7359,3480,1688,1792,
52225,13924,6723,7201,24367,11715,12652,27847,13456,14391,24365,11768,12597,13921,6562,7359,3481,1689,1792,
52230,13926,6723,7203,24367,11715,12652,27848,13456,14392,24367,11770,12597,13923,6563,7360,3481,1689,1792,
52235,13927,6724,7203,24371,11719,12652,27852,13456,14396,24369,11771,12598,13925,6564,7361,3481,1689,1792,
52240,13928,6724,7204,24374,11720,12654,27855,13457,14398,24372,11772,12600,13925,6564,7361,3482,1690,1792,
52245,13930,6725,7205,24374,11720,12654,27856,13458,14398,24374,11774,12600,13927,6565,7362,3482,1690,1792,
52250,13931,6725,7206,24378,11721,12657,27860,13460,14400,24376,11775,12601,13929,6567,7362,3482,1690,1792,
52255,13932,6726,7206,24381,11722,12659,27863,13462,14401,24379,11776,12603,13929,6567,7362,3483,1691,1792,
52260,13934,6727,7207,24381,11722,12659,27864,13462,14402,24381,11777,12604,13931,6567,7364,3483,1691,1792,
52265,13935,6727,7208,24385,11724,12661,27868,13466,14402,24383,11779,12604,13933,6568,7365,3483,1691,1792,
52270,13936,6727,7209,24388,11725,12663,27871,13467,14404,24386,11779,12607,13933,6568,7365,3484,1691,1793,
52275,13938,6728,7210,24388,11725,12663,27872,13467,14405,24388,11780,12608,13935,6569,7366,3484,1691,1793,
52280,13939,6729,7210,24392,11728,12664,27876,13468,14408,24390,11782,12608,13937,6569,7368,3484,1691,1793,
52285,13940,6730,7210,24395,11728,12667,27879,13469,14410,24393,11783,12610,13937,6569,7368,3485,1691,1794,
52290,13942,6730,7212,24395,11728,12667,27880,13469,14411,24395,11785,12610,13939,6570,7369,3485,1691,1794,
52295,13943,6731,7212,24399,11731,12668,27884,13469,14415,24397,11785,12612,13941,6571,7370,3485,1691,1794,
52300,13944,6732,7212,24402,11733,12669,27887,13470,14417,24400,11786,12614,13941,6571,7370,3486,1691,1795,
52305,13946,6733,7213,24402,11733,12669,27888,13471,14417,24402,11786,12616,13943,6571,7372,3486,1691,1795,
52310,13947,6733,7214,24406,11735,12671,27892,13474,14418,24404,11787,12617,13945,6571,7374,3486,1691,1795,
52315,13948,6734,7214,24409,11735,12674,27895,13475,14420,24407,11787,12620,13945,6571,7374,3487,1692,1795,
52320,13950,6736,7214,24409,11735,12674,27896,13475,14421,24409,11787,12622,13947,6571,7376,3487,1692,1795,
52325,13951,6737,7214,24413,11737,12676,27900,13477,14423,24411,11787,12624,13949,6571,7378,3487,1692,1795,
52330,13952,6738,7214,24416,11737,12679,27903,13478,14425,24414,11790,12624,13949,6571,7378,3488,1693,1795,
52335,13954,6738,7216,24416,11737,12679,27904,13479,14425,24416,11791,12625,13951,6573,7378,3488,1693,1795,
52340,13955,6739,7216,24420,11738,12682,27908,13483,14425,24418,11791,12627,13953,6574,7379,3488,1693,1795,
52345,13956,6740,7216,24423,11738,12685,27911,13484,14427,24421,11793,12628,13953,6574,7379,3489,1693,1796,
52350,13958,6740,7218,24423,11738,12685,27912,13484,14428,24423,11794,12629,13955,6575,7380,3489,1693,1796,
52355,13959,6741,7218,24427,11739,12688,27916,13487,14429,24425,11796,12629,13957,6576,7381,3489,1693,1796,
52360,13960,6742,7218,24430,11739,12691,27919,13489,14430,24428,11797,12631,13957,6576,7381,3490,1693,1797,
52365,13962,6743,7219,24430,11739,12691,27920,13490,14430,24430,11797,12633,13959,6577,7382,3490,1693,1797,
52370,13963,6744,7219,24434,11741,12693,27924,13493,14431,24432,11799,12633,13961,6578,7383,3490,1693,1797,
52375,13964,6745,7219,24437,11743,12694,27927,13494,14433,24435,11801,12634,13961,6578,7383,3491,1694,1797,
52380,13966,6747,7219,24437,11743,12694,27928,13494,14434,24437,11803,12634,13963,6580,7383,3491,1694,1797,
52385,13967,6748,7219,24441,11745,12696,27932,13497,14435,24439,11805,12634,13965,6580,7385,3491,1694,1797,
52390,13968,6749,7219,24444,11745,12699,27935,13500,14435,24442,11806,12636,13965,6580,7385,3492,1695,1797,
52395,13970,6750,7220,24444,11745,12699,27936,13501,14435,24444,11806,12638,13967,6581,7386,3492,1695,1797,
52400,13971,6751,7220,24448,11747,12701,27940,13504,14436,24446,11808,12638,13969,6583,7386,3492,1695,1797,
52405,13972,6751,7221,24451,11749,12702,27943,13506,14437,24449,11808,12641,13969,6583,7386,3493,1696,1797,
52410,13974,6752,7222,24451,11749,12702,27944,13507,14437,24451,11809,12642,13971,6584,7387,3493,1696,1797,
52415,13975,6752,7223,24455,11750,12705,27948,13507,14441,24453,11810,12643,13973,6585,7388,3493,1696,1797,
52420,13976,6752,7224,24458,11750,12708,27951,13509,14442,24456,11812,12644,13973,6585,7388,3494,1697,1797,
52425,13978,6754,7224,24458,11750,12708,27952,13509,14443,24458,11814,12644,13975,6586,7389,3494,1697,1797,
52430,13979,6754,7225,24462,11752,12710,27956,13510,14446,24460,11815,12645,13977,6587,7390,3494,1697,1797,
52435,13980,6754,7226,24465,11755,12710,27959,13510,14449,24463,11816,12647,13977,6587,7390,3495,1698,1797,
52440,13982,6755,7227,24465,11755,12710,27960,13511,14449,24465,11817,12648,13979,6588,7391,3495,1698,1797,
52445,13983,6755,7228,24469,11756,12713,27964,13512,14452,24467,11818,12649,13981,6589,7392,3495,1698,1797,
52450,13984,6755,7229,24472,11757,12715,27967,13513,14454,24470,11819,12651,13981,6589,7392,3496,1699,1797,
52455,13986,6755,7231,24472,11757,12715,27968,13514,14454,24472,11820,12652,13983,6589,7394,3496,1699,1797,
52460,13987,6755,7232,24476,11759,12717,27972,13517,14455,24474,11820,12654,13985,6590,7395,3496,1699,1797,
52465,13988,6756,7232,24479,11761,12718,27975,13518,14457,24477,11820,12657,13985,6590,7395,3497,1700,1797,
52470,13990,6757,7233,24479,11761,12718,27976,13518,14458,24479,11822,12657,13987,6591,7396,3497,1700,1797,
52475,13991,6758,7233,24483,11762,12721,27980,13519,14461,24481,11823,12658,13989,6592,7397,3497,1700,1797,
52480,13992,6759,7233,24486,11763,12723,27983,13520,14463,24484,11824,12660,13989,6592,7397,3498,1701,1797,
52485,13994,6759,7235,24486,11763,12723,27984,13520,14464,24486,11824,12662,13991,6592,7399,3498,1701,1797,
52490,13995,6760,7235,24490,11765,12725,27988,13521,14467,24488,11825,12663,13993,6594,7399,3498,1701,1797,
52495,13996,6761,7235,24493,11767,12726,27991,13522,14469,24491,11828,12663,13993,6594,7399,3499,1702,1797,
52500,13998,6761,7237,24493,11767,12726,27992,13522,14470,24493,11829,12664,13995,6595,7400,3499,1702,1797,
52505,13999,6762,7237,24497,11770,12727,27996,13526,14470,24495,11830,12665,13997,6596,7401,3499,1702,1797,
52510,14000,6763,7237,24500,11773,12727,27999,13527,14472,24498,11832,12666,13997,6596,7401,3500,1702,1798,
52515,14002,6764,7238,24500,11773,12727,28000,13527,14473,24500,11832,12668,13999,6596,7403,3500,1702,1798,
52520,14003,6765,7238,24504,11775,12729,28004,13529,14475,24502,11834,12668,14001,6597,7404,3500,1702,1798,
52525,14004,6766,7238,24507,11776,12731,28007,13530,14477,24505,11835,12670,14001,6597,7404,3501,1702,1799,
52530,14006,6766,7240,24507,11776,12731,28008,13531,14477,24507,11835,12672,14003,6598,7405,3501,1702,1799,
52535,14007,6766,7241,24511,11777,12734,28012,13532,14480,24509,11836,12673,14005,6598,7407,3501,1702,1799,
52540,14008,6766,7242,24514,11778,12736,28015,13534,14481,24512,11836,12676,14005,6598,7407,3502,1702,1800,
52545,14010,6768,7242,24514,11778,12736,28016,13535,14481,24514,11838,12676,14007,6598,7409,3502,1702,1800,
52550,14011,6769,7242,24518,11780,12738,28020,13538,14482,24516,11839,12677,14009,6598,7411,3502,1702,1800,
52555,14012,6770,7242,24521,11782,12739,28023,13540,14483,24519,11841,12678,14009,6598,7411,3503,1703,1800,
52560,14014,6771,7243,24521,11782,12739,28024,13540,14484,24521,11843,12678,14011,6598,7413,3503,1703,1800,
52565,14015,6772,7243,24525,11783,12742,28028,13541,14487,24523,11844,12679,14013,6598,7415,3503,1703,1800,
52570,14016,6772,7244,24528,11786,12742,28031,13543,14488,24526,11847,12679,14013,6598,7415,3504,1703,1801,
52575,14018,6773,7245,24528,11786,12742,28032,13543,14489,24528,11847,12681,14015,6599,7416,3504,1703,1801,
52580,14019,6773,7246,24532,11789,12743,28036,13545,14491,24530,11848,12682,14017,6600,7417,3504,1703,1801,
52585,14020,6773,7247,24535,11790,12745,28039,13548,14491,24533,11849,12684,14017,6600,7417,3505,1704,1801,
52590,14022,6773,7249,24535,11790,12745,28040,13549,14491,24535,11851,12684,14019,6602,7417,3505,1704,1801,
52595,14023,6773,7250,24539,11792,12747,28044,13551,14493,24537,11852,12685,14021,6603,7418,3505,1704,1801,
52600,14024,6773,7251,24542,11793,12749,28047,13553,14494,24540,11853,12687,14021,6603,7418,3506,1704,1802,
52605,14026,6774,7252,24542,11793,12749,28048,13553,14495,24542,11854,12688,14023,6604,7419,3506,1704,1802,
52610,14027,6775,7252,24546,11796,12750,28052,13556,14496,24544,11855,12689,14025,6606,7419,3506,1704,1802,
52615,14028,6775,7253,24549,11796,12753,28055,13558,14497,24547,11857,12690,14025,6606,7419,3507,1704,1803,
52620,14030,6776,7254,24549,11796,12753,28056,13559,14497,24549,11858,12691,14027,6607,7420,3507,1704,1803,
52625,14031,6776,7255,24553,11798,12755,28060,13560,14500,24551,11859,12692,14029,6609,7420,3507,1704,1803,
52630,14032,6777,7255,24556,11801,12755,28063,13562,14501,24554,11860,12694,14029,6609,7420,3508,1705,1803,
52635,14034,6779,7255,24556,11801,12755,28064,13562,14502,24556,11861,12695,14031,6609,7422,3508,1705,1803,
52640,14035,6779,7256,24560,11801,12759,28068,13565,14503,24558,11862,12696,14033,6611,7422,3508,1705,1803,
52645,14036,6780,7256,24563,11804,12759,28071,13568,14503,24561,11862,12699,14033,6611,7422,3509,1705,1804,
52650,14038,6781,7257,24563,11804,12759,28072,13569,14503,24563,11863,12700,14035,6613,7422,3509,1705,1804,
52655,14039,6782,7257,24567,11806,12761,28076,13572,14504,24565,11864,12701,14037,6613,7424,3509,1705,1804,
52660,14040,6782,7258,24570,11808,12762,28079,13572,14507,24568,11866,12702,14037,6613,7424,3510,1705,1805,
52665,14042,6783,7259,24570,11808,12762,28080,13573,14507,24570,11867,12703,14039,6614,7425,3510,1705,1805,
52670,14043,6784,7259,24574,11811,12763,28084,13575,14509,24572,11868,12704,14041,6616,7425,3510,1705,1805,
52675,14044,6785,7259,24577,11813,12764,28087,13576,14511,24575,11870,12705,14041,6616,7425,3511,1705,1806,
52680,14046,6785,7261,24577,11813,12764,28088,13577,14511,24577,11872,12705,14043,6618,7425,3511,1705,1806,
52685,14047,6786,7261,24581,11814,12767,28092,13579,14513,24579,11873,12706,14045,6619,7426,3511,1705,1806,
52690,14048,6787,7261,24584,11815,12769,28095,13581,14514,24582,11874,12708,14045,6619,7426,3512,1706,1806,
52695,14050,6788,7262,24584,11815,12769,28096,13582,14514,24584,11874,12710,14047,6621,7426,3512,1706,1806,
52700,14051,6788,7263,24588,11819,12769,28100,13584,14516,24586,11875,12711,14049,6621,7428,3512,1706,1806,
52705,14052,6788,7264,24591,11822,12769,28103,13585,14518,24589,11875,12714,14049,6621,7428,3513,1706,1807,
52710,14054,6788,7266,24591,11822,12769,28104,13585,14519,24591,11876,12715,14051,6621,7430,3513,1706,1807,
52715,14055,6789,7266,24595,11825,12770,28108,13587,14521,24593,11878,12715,14053,6622,7431,3513,1706,1807,
52720,14056,6790,7266,24598,11826,12772,28111,13588,14523,24596,11879,12717,14053,6622,7431,3514,1707,1807,
52725,14058,6791,7267,24598,11826,12772,28112,13588,14524,24598,11880,12718,14055,6622,7433,3514,1707,1807,
52730,14059,6791,7268,24602,11828,12774,28116,13590,14526,24600,11881,12719,14057,6623,7434,3514,1707,1807,
52735,14060,6791,7269,24605,11829,12776,28119,13592,14527,24603,11884,12719,14057,6623,7434,3515,1707,1808,
52740,14062,6791,7271,24605,11829,12776,28120,13593,14527,24605,11884,12721,14059,6624,7435,3515,1707,1808,
52745,14063,6791,7272,24609,11830,12779,28124,13595,14529,24607,11884,12723,14061,6626,7435,3515,1707,1808,
52750,14064,6792,7272,24612,11831,12781,28127,13597,14530,24610,11885,12725,14061,6626,7435,3516,1707,1809,
52755,14066,6793,7273,24612,11831,12781,28128,13597,14531,24612,11885,12727,14063,6627,7436,3516,1707,1809,
52760,14067,6794,7273,24616,11834,12782,28132,13600,14532,24614,11885,12729,14065,6627,7438,3516,1707,1809,
52765,14068,6795,7273,24619,11834,12785,28135,13600,14535,24617,11885,12732,14065,6627,7438,3517,1707,1810,
52770,14070,6797,7273,24619,11834,12785,28136,13600,14536,24619,11887,12732,14067,6628,7439,3517,1707,1810,
52775,14071,6797,7274,24623,11836,12787,28140,13603,14537,24621,11889,12732,14069,6629,7440,3517,1707,1810,
52780,14072,6797,7275,24626,11837,12789,28143,13604,14539,24624,11891,12733,14069,6629,7440,3518,1707,1811,
52785,14074,6797,7277,24626,11837,12789,28144,13604,14540,24626,11891,12735,14071,6629,7442,3518,1707,1811,
52790,14075,6797,7278,24630,11838,12792,28148,13607,14541,24628,11893,12735,14073,6630,7443,3518,1707,1811,
52795,14076,6797,7279,24633,11839,12794,28151,13608,14543,24631,11895,12736,14073,6630,7443,3519,1708,1811,
52800,14078,6797,7281,24633,11839,12794,28152,13609,14543,24633,11896,12737,14075,6631,7444,3519,1708,1811,
52805,14079,6798,7281,24637,11840,12797,28156,13612,14544,24635,11897,12738,14077,6632,7445,3519,1708,1811,
52810,14080,6798,7282,24640,11843,12797,28159,13613,14546,24638,11898,12740,14077,6632,7445,3520,1709,1811,
52815,14082,6798,7284,24640,11843,12797,28160,13613,14547,24640,11900,12740,14079,6634,7445,3520,1709,1811,
52820,14083,6798,7285,24644,11847,12797,28164,13614,14550,24642,11900,12742,14081,6634,7447,3520,1709,1811,
52825,14084,6799,7285,24647,11848,12799,28167,13616,14551,24645,11901,12744,14081,6634,7447,3521,1710,1811,
52830,14086,6801,7285,24647,11848,12799,28168,13616,14552,24647,11902,12745,14083,6634,7449,3521,1710,1811,
52835,14087,6802,7285,24651,11851,12800,28172,13619,14553,24649,11903,12746,14085,6635,7450,3521,1710,1811,
52840,14088,6802,7286,24654,11853,12801,28175,13621,14554,24652,11904,12748,14085,6635,7450,3522,1711,1811,
52845,14090,6803,7287,24654,11853,12801,28176,13622,14554,24654,11905,12749,14087,6635,7452,3522,1711,1811,
52850,14091,6804,7287,24658,11855,12803,28180,13625,14555,24656,11906,12750,14089,6636,7453,3522,1711,1811,
52855,14092,6805,7287,24661,11856,12805,28183,13628,14555,24659,11907,12752,14089,6636,7453,3523,1712,1811,
52860,14094,6805,7289,24661,11856,12805,28184,13628,14556,24661,11908,12753,14091,6636,7455,3523,1712,1811,
52865,14095,6805,7290,24665,11858,12807,28188,13632,14556,24663,11909,12754,14093,6637,7456,3523,1712,1811,
52870,14096,6806,7290,24668,11860,12808,28191,13634,14557,24666,11910,12756,14093,6637,7456,3524,1712,1812,
52875,14098,6806,7292,24668,11860,12808,28192,13634,14558,24668,11911,12757,14095,6639,7456,3524,1712,1812,
52880,14099,6807,7292,24672,11861,12811,28196,13635,14561,24670,11912,12758,14097,6640,7457,3524,1712,1812,
52885,14100,6807,7293,24675,11862,12813,28199,13636,14563,24673,11914,12759,14097,6640,7457,3525,1712,1813,
52890,14102,6807,7295,24675,11862,12813,28200,13637,14563,24675,11916,12759,14099,6641,7458,3525,1712,1813,
52895,14103,6808,7295,24679,11864,12815,28204,13637,14567,24677,11917,12760,14101,6641,7460,3525,1712,1813,
52900,14104,6809,7295,24682,11866,12816,28207,13640,14567,24680,11917,12763,14101,6641,7460,3526,1713,1813,
52905,14106,6810,7296,24682,11866,12816,28208,13640,14568,24682,11917,12765,14103,6641,7462,3526,1713,1813,
52910,14107,6810,7297,24686,11868,12818,28212,13642,14570,24684,11918,12766,14105,6642,7463,3526,1713,1813,
52915,14108,6810,7298,24689,11868,12821,28215,13643,14572,24687,11919,12768,14105,6642,7463,3527,1713,1814,
52920,14110,6810,7300,24689,11868,12821,28216,13644,14572,24689,11919,12770,14107,6643,7464,3527,1713,1814,
52925,14111,6810,7301,24693,11868,12825,28220,13645,14575,24691,11920,12771,14109,6644,7465,3527,1713,1814,
52930,14112,6811,7301,24696,11870,12826,28223,13646,14577,24694,11921,12773,14109,6644,7465,3528,1714,1814,
52935,14114,6811,7303,24696,11870,12826,28224,13646,14578,24696,11922,12774,14111,6644,7467,3528,1714,1814,
52940,14115,6812,7303,24700,11872,12828,28228,13649,14579,24698,11924,12774,14113,6645,7468,3528,1714,1814,
52945,14116,6813,7303,24703,11874,12829,28231,13651,14580,24701,11924,12777,14113,6645,7468,3529,1714,1815,
52950,14118,6815,7303,24703,11874,12829,28232,13651,14581,24703,11924,12779,14115,6647,7468,3529,1714,1815,
52955,14119,6815,7304,24707,11876,12831,28236,13652,14584,24705,11924,12781,14117,6648,7469,3529,1714,1815,
52960,14120,6816,7304,24710,11879,12831,28239,13655,14584,24708,11924,12784,14117,6648,7469,3530,1714,1816,
52965,14122,6816,7306,24710,11879,12831,28240,13655,14585,24710,11926,12784,14119,6649,7470,3530,1714,1816,
52970,14123,6817,7306,24714,11881,12833,28244,13656,14588,24712,11927,12785,14121,6650,7471,3530,1714,1816,
52975,14124,6817,7307,24717,11881,12836,28247,13657,14590,24715,11928,12787,14121,6650,7471,3531,1715,1816,
52980,14126,6818,7308,24717,11881,12836,28248,13657,14591,24717,11929,12788,14123,6651,7472,3531,1715,1816,
52985,14127,6819,7308,24721,11883,12838,28252,13659,14593,24719,11930,12789,14125,6651,7474,3531,1715,1816,
52990,14128,6819,7309,24724,11883,12841,28255,13661,14594,24722,11931,12791,14125,6651,7474,3532,1715,1817,
52995,14130,6819,7311,24724,11883,12841,28256,13661,14595,24724,11931,12793,14127,6652,7475,3532,1715,1817,
53000,14131,6820,7311,24728,11887,12841,28260,13664,14596,24726,11931,12795,14129,6653,7476,3532,1715,1817,
53005,14132,6820,7312,24731,11890,12841,28263,13665,14598,24729,11934,12795,14129,6653,7476,3533,1715,1818,
53010,14134,6821,7313,24731,11890,12841,28264,13665,14599,24731,11935,12796,14131,6654,7477,3533,1715,1818,
53015,14135,6822,7313,24735,11893,12842,28268,13666,14602,24733,11937,12796,14133,6656,7477,3533,1715,1818,
53020,14136,6822,7314,24738,11894,12844,28271,13666,14605,24736,11938,12798,14133,6656,7477,3534,1715,1819,
53025,14138,6823,7315,24738,11894,12844,28272,13666,14606,24738,11939,12799,14135,6657,7478,3534,1715,1819,
53030,14139,6823,7316,24742,11898,12844,28276,13667,14609,24740,11940,12800,14137,6659,7478,3534,1715,1819,
53035,14140,6824,7316,24745,11899,12846,28279,13670,14609,24743,11943,12800,14137,6659,7478,3535,1716,1819,
53040,14142,6825,7317,24745,11899,12846,28280,13670,14610,24745,11944,12801,14139,6660,7479,3535,1716,1819,
53045,14143,6826,7317,24749,11903,12846,28284,13674,14610,24747,11945,12802,14141,6661,7480,3535,1716,1819,
53050,14144,6826,7318,24752,11905,12847,28287,13675,14612,24750,11946,12804,14141,6661,7480,3536,1716,1820,
53055,14146,6826,7320,24752,11905,12847,28288,13675,14613,24752,11946,12806,14143,6662,7481,3536,1716,1820,
53060,14147,6827,7320,24756,11908,12848,28292,13676,14616,24754,11946,12808,14145,6663,7482,3536,1716,1820,
53065,14148,6828,7320,24759,11909,12850,28295,13677,14618,24757,11946,12811,14145,6663,7482,3537,1717,1820,
53070,14150,6830,7320,24759,11909,12850,28296,13678,14618,24759,11948,12811,14147,6664,7483,3537,1717,1820,
53075,14151,6831,7320,24763,11912,12851,28300,13679,14621,24761,11950,12811,14149,6666,7483,3537,1717,1820,
53080,14152,6832,7320,24766,11914,12852,28303,13679,14624,24764,11951,12813,14149,6666,7483,3538,1717,1821,
53085,14154,6833,7321,24766,11914,12852,28304,13679,14625,24766,11953,12813,14151,6667,7484,3538,1717,1821,
53090,14155,6833,7322,24770,11914,12856,28308,13681,14627,24768,11954,12814,14153,6669,7484,3538,1717,1821,
53095,14156,6834,7322,24773,11915,12858,28311,13683,14628,24771,11956,12815,14153,6669,7484,3539,1718,1821,
53100,14158,6835,7323,24773,11915,12858,28312,13683,14629,24773,11956,12817,14155,6670,7485,3539,1718,1821,
53105,14159,6835,7324,24777,11917,12860,28316,13684,14632,24775,11957,12818,14157,6670,7487,3539,1718,1821,
53110,14160,6836,7324,24780,11918,12862,28319,13685,14634,24778,11960,12818,14157,6670,7487,3540,1718,1822,
53115,14162,6838,7324,24780,11918,12862,28320,13686,14634,24780,11961,12819,14159,6670,7489,3540,1718,1822,
53120,14163,6838,7325,24784,11919,12865,28324,13689,14635,24782,11962,12820,14161,6670,7491,3540,1718,1822,
53125,14164,6839,7325,24787,11921,12866,28327,13689,14638,24785,11965,12820,14161,6670,7491,3541,1719,1822,
53130,14166,6841,7325,24787,11921,12866,28328,13690,14638,24787,11967,12820,14163,6672,7491,3541,1719,1822,
53135,14167,6842,7325,24791,11924,12867,28332,13693,14639,24789,11968,12821,14165,6673,7492,3541,1719,1822,
53140,14168,6843,7325,24794,11926,12868,28335,13694,14641,24792,11970,12822,14165,6673,7492,3542,1720,1822,
53145,14170,6844,7326,24794,11926,12868,28336,13694,14642,24794,11972,12822,14167,6675,7492,3542,1720,1822,
53150,14171,6845,7326,24798,11928,12870,28340,13698,14642,24796,11973,12823,14169,6676,7493,3542,1720,1822,
53155,14172,6845,7327,24801,11931,12870,28343,13699,14644,24799,11976,12823,14169,6676,7493,3543,1721,1822,
53160,14174,6845,7329,24801,11931,12870,28344,13699,14645,24801,11977,12824,14171,6677,7494,3543,1721,1822,
53165,14175,6846,7329,24805,11934,12871,28348,13701,14647,24803,11978,12825,14173,6678,7495,3543,1721,1822,
53170,14176,6847,7329,24808,11934,12874,28351,13702,14649,24806,11980,12826,14173,6678,7495,3544,1722,1822,
53175,14178,6849,7329,24808,11934,12874,28352,13703,14649,24808,11982,12826,14175,6680,7495,3544,1722,1822,
53180,14179,6849,7330,24812,11937,12875,28356,13705,14651,24810,11982,12828,14177,6682,7495,3544,1722,1822,
53185,14180,6849,7331,24815,11938,12877,28359,13706,14653,24813,11984,12829,14177,6682,7495,3545,1722,1823,
53190,14182,6850,7332,24815,11938,12877,28360,13706,14654,24815,11984,12831,14179,6683,7496,3545,1722,1823,
53195,14183,6850,7333,24819,11939,12880,28364,13707,14657,24817,11984,12833,14181,6683,7498,3545,1722,1823,
53200,14184,6850,7334,24822,11941,12881,28367,13708,14659,24820,11985,12835,14181,6683,7498,3546,1723,1823,
53205,14186,6851,7335,24822,11941,12881,28368,13709,14659,24822,11986,12836,14183,6685,7498,3546,1723,1823,
53210,14187,6851,7336,24826,11943,12883,28372,13711,14661,24824,11987,12837,14185,6686,7499,3546,1723,1823,
53215,14188,6851,7337,24829,11944,12885,28375,13713,14662,24827,11988,12839,14185,6686,7499,3547,1724,1823,
53220,14190,6851,7339,24829,11944,12885,28376,13713,14663,24829,11988,12841,14187,6686,7501,3547,1724,1823,
53225,14191,6852,7339,24833,11946,12887,28380,13716,14664,24831,11989,12842,14189,6688,7501,3547,1724,1823,
53230,14192,6852,7340,24836,11948,12888,28383,13719,14664,24834,11991,12843,14189,6688,7501,3548,1724,1824,
53235,14194,6853,7341,24836,11948,12888,28384,13720,14664,24836,11993,12843,14191,6688,7503,3548,1724,1824,
53240,14195,6854,7341,24840,11951,12889,28388,13722,14666,24838,11995,12843,14193,6690,7503,3548,1724,1824,
53245,14196,6854,7342,24843,11954,12889,28391,13723,14668,24841,11997,12844,14193,6690,7503,3549,1725,1824,
53250,14198,6855,7343,24843,11954,12889,28392,13724,14668,24843,11999,12844,14195,6691,7504,3549,1725,1824,
53255,14199,6855,7344,24847,11957,12890,28396,13726,14670,24845,12000,12845,14197,6692,7505,3549,1725,1824,
53260,14200,6855,7345,24850,11959,12891,28399,13726,14673,24848,12002,12846,14197,6692,7505,3550,1725,1825,
53265,14202,6856,7346,24850,11959,12891,28400,13726,14674,24850,12003,12847,14199,6692,7507,3550,1725,1825,
53270,14203,6857,7346,24854,11961,12893,28404,13728,14676,24852,12003,12849,14201,6693,7508,3550,1725,1825,
53275,14204,6857,7347,24857,11962,12895,28407,13729,14678,24855,12004,12851,14201,6693,7508,3551,1725,1826,
53280,14206,6858,7348,24857,11962,12895,28408,13730,14678,24857,12004,12853,14203,6693,7510,3551,1725,1826,
53285,14207,6858,7349,24861,11965,12896,28412,13733,14679,24859,12005,12854,14205,6695,7510,3551,1725,1826,
53290,14208,6858,7350,24864,11966,12898,28415,13734,14681,24862,12007,12855,14205,6695,7510,3552,1725,1827,
53295,14210,6860,7350,24864,11966,12898,28416,13735,14681,24864,12009,12855,14207,6696,7511,3552,1725,1827,
53300,14211,6861,7350,24868,11970,12898,28420,13738,14682,24866,12011,12855,14209,6697,7512,3552,1725,1827,
53305,14212,6862,7350,24871,11971,12900,28423,13740,14683,24869,12012,12857,14209,6697,7512,3553,1725,1828,
53310,14214,6863,7351,24871,11971,12900,28424,13740,14684,24871,12013,12858,14211,6699,7512,3553,1725,1828,
53315,14215,6863,7352,24875,11972,12903,28428,13742,14686,24873,12014,12859,14213,6699,7514,3553,1725,1828,
53320,14216,6864,7352,24878,11972,12906,28431,13745,14686,24876,12016,12860,14213,6699,7514,3554,1725,1829,
53325,14218,6865,7353,24878,11972,12906,28432,13746,14686,24878,12018,12860,14215,6700,7515,3554,1725,1829,
53330,14219,6865,7354,24882,11975,12907,28436,13749,14687,24880,12019,12861,14217,6700,7517,3554,1725,1829,
53335,14220,6866,7354,24885,11975,12910,28439,13750,14689,24883,12021,12862,14217,6700,7517,3555,1726,1829,
53340,14222,6866,7356,24885,11975,12910,28440,13750,14690,24885,12022,12863,14219,6700,7519,3555,1726,1829,
53345,14223,6866,7357,24889,11977,12912,28444,13753,14691,24887,12023,12864,14221,6702,7519,3555,1726,1829,
53350,14224,6867,7357,24892,11979,12913,28447,13755,14692,24890,12025,12865,14221,6702,7519,3556,1726,1830,
53355,14226,6869,7357,24892,11979,12913,28448,13756,14692,24892,12025,12867,14223,6703,7520,3556,1726,1830,
53360,14227,6870,7357,24896,11982,12914,28452,13759,14693,24894,12026,12868,14225,6705,7520,3556,1726,1830,
53365,14228,6871,7357,24899,11982,12917,28455,13760,14695,24897,12028,12869,14225,6705,7520,3557,1727,1830,
53370,14230,6873,7357,24899,11982,12917,28456,13761,14695,24899,12028,12871,14227,6706,7521,3557,1727,1830,
53375,14231,6873,7358,24903,11984,12919,28460,13762,14698,24901,12028,12873,14229,6706,7523,3557,1727,1830,
53380,14232,6874,7358,24906,11985,12921,28463,13764,14699,24904,12029,12875,14229,6706,7523,3558,1728,1830,
53385,14234,6875,7359,24906,11985,12921,28464,13765,14699,24906,12030,12876,14231,6708,7523,3558,1728,1830,
53390,14235,6876,7359,24910,11987,12923,28468,13768,14700,24908,12032,12876,14233,6709,7524,3558,1728,1830,
53395,14236,6877,7359,24913,11989,12924,28471,13768,14703,24911,12034,12877,14233,6709,7524,3559,1729,1830,
53400,14238,6878,7360,24913,11989,12924,28472,13769,14703,24913,12036,12877,14235,6709,7526,3559,1729,1830,
53405,14239,6879,7360,24917,11992,12925,28476,13770,14706,24915,12038,12877,14237,6711,7526,3559,1729,1830,
53410,14240,6880,7360,24920,11995,12925,28479,13771,14708,24918,12039,12879,14237,6711,7526,3560,1729,1831,
53415,14242,6880,7362,24920,11995,12925,28480,13772,14708,24920,12041,12879,14239,6712,7527,3560,1729,1831,
53420,14243,6881,7362,24924,11997,12927,28484,13774,14710,24922,12043,12879,14241,6712,7529,3560,1729,1831,
53425,14244,6881,7363,24927,12000,12927,28487,13776,14711,24925,12046,12879,14241,6712,7529,3561,1729,1832,
53430,14246,6883,7363,24927,12000,12927,28488,13776,14712,24927,12047,12880,14243,6713,7530,3561,1729,1832,
53435,14247,6884,7363,24931,12002,12929,28492,13777,14715,24929,12048,12881,14245,6713,7532,3561,1729,1832,
53440,14248,6885,7363,24934,12004,12930,28495,13779,14716,24932,12050,12882,14245,6713,7532,3562,1729,1833,
53445,14250,6886,7364,24934,12004,12930,28496,13780,14716,24934,12051,12883,14247,6714,7533,3562,1729,1833,
53450,14251,6886,7365,24938,12008,12930,28500,13782,14718,24936,12052,12884,14249,6716,7533,3562,1729,1833,
53455,14252,6887,7365,24941,12010,12931,28503,13782,14721,24939,12054,12885,14249,6716,7533,3563,1729,1834,
53460,14254,6888,7366,24941,12010,12931,28504,13783,14721,24941,12055,12886,14251,6716,7535,3563,1729,1834,
53465,14255,6889,7366,24945,12012,12933,28508,13786,14722,24943,12056,12887,14253,6718,7535,3563,1729,1834,
53470,14256,6889,7367,24948,12014,12934,28511,13787,14724,24946,12057,12889,14253,6718,7535,3564,1730,1834,
53475,14258,6889,7369,24948,12014,12934,28512,13788,14724,24948,12058,12890,14255,6719,7536,3564,1730,1834,
53480,14259,6890,7369,24952,12018,12934,28516,13788,14728,24950,12059,12891,14257,6719,7538,3564,1730,1834,
53485,14260,6890,7370,24955,12018,12937,28519,13790,14729,24953,12061,12892,14257,6719,7538,3565,1731,1834,
53490,14262,6891,7371,24955,12018,12937,28520,13791,14729,24955,12062,12893,14259,6720,7539,3565,1731,1834,
53495,14263,6892,7371,24959,12019,12940,28524,13791,14733,24957,12064,12893,14261,6721,7540,3565,1731,1834,
53500,14264,6893,7371,24962,12020,12942,28527,13792,14735,24960,12064,12896,14261,6721,7540,3566,1731,1835,
53505,14266,6893,7373,24962,12020,12942,28528,13792,14736,24962,12065,12897,14263,6721,7542,3566,1731,1835,
53510,14267,6893,7374,24966,12021,12945,28532,13793,14739,24964,12065,12899,14265,6723,7542,3566,1731,1835,
53515,14268,6894,7374,24969,12022,12947,28535,13794,14741,24967,12066,12901,14265,6723,7542,3567,1731,1836,
53520,14270,6895,7375,24969,12022,12947,28536,13795,14741,24969,12067,12902,14267,6724,7543,3567,1731,1836,
53525,14271,6895,7376,24973,12025,12948,28540,13796,14744,24971,12068,12903,14269,6726,7543,3567,1731,1836,
53530,14272,6896,7376,24976,12025,12951,28543,13797,14746,24974,12069,12905,14269,6726,7543,3568,1731,1837,
53535,14274,6897,7377,24976,12025,12951,28544,13798,14746,24976,12070,12906,14271,6727,7544,3568,1731,1837,
53540,14275,6897,7378,24980,12026,12954,28548,13800,14748,24978,12070,12908,14273,6729,7544,3568,1731,1837,
53545,14276,6897,7379,24983,12027,12956,28551,13801,14750,24981,12071,12910,14273,6729,7544,3569,1732,1837,
53550,14278,6899,7379,24983,12027,12956,28552,13801,14751,24983,12071,12912,14275,6729,7546,3569,1732,1837,
53555,14279,6899,7380,24987,12030,12957,28556,13803,14753,24985,12071,12914,14277,6731,7546,3569,1732,1837,
53560,14280,6899,7381,24990,12030,12960,28559,13805,14754,24988,12072,12916,14277,6731,7546,3570,1732,1838,
53565,14282,6901,7381,24990,12030,12960,28560,13806,14754,24990,12073,12917,14279,6731,7548,3570,1732,1838,
53570,14283,6901,7382,24994,12033,12961,28564,13808,14756,24992,12074,12918,14281,6732,7549,3570,1732,1838,
53575,14284,6901,7383,24997,12034,12963,28567,13809,14758,24995,12077,12918,14281,6732,7549,3571,1732,1839,
53580,14286,6902,7384,24997,12034,12963,28568,13810,14758,24997,12079,12918,14283,6734,7549,3571,1732,1839,
53585,14287,6902,7385,25001,12036,12965,28572,13813,14759,24999,12079,12920,14285,6736,7549,3571,1732,1839,
53590,14288,6903,7385,25004,12038,12966,28575,13814,14761,25002,12080,12922,14285,6736,7549,3572,1733,1839,
53595,14290,6904,7386,25004,12038,12966,28576,13814,14762,25004,12080,12924,14287,6737,7550,3572,1733,1839,
53600,14291,6904,7387,25008,12040,12968,28580,13815,14765,25006,12081,12925,14289,6738,7551,3572,1733,1839,
53605,14292,6905,7387,25011,12041,12970,28583,13815,14768,25009,12083,12926,14289,6738,7551,3573,1733,1840,
53610,14294,6906,7388,25011,12041,12970,28584,13815,14769,25011,12083,12928,14291,6739,7552,3573,1733,1840,
53615,14295,6907,7388,25015,12043,12972,28588,13818,14770,25013,12084,12929,14293,6741,7552,3573,1733,1840,
53620,14296,6907,7389,25018,12045,12973,28591,13819,14772,25016,12087,12929,14293,6741,7552,3574,1733,1841,
53625,14298,6907,7391,25018,12045,12973,28592,13819,14773,25018,12088,12930,14295,6742,7553,3574,1733,1841,
53630,14299,6907,7392,25022,12049,12973,28596,13821,14775,25020,12089,12931,14297,6744,7553,3574,1733,1841,
53635,14300,6907,7393,25025,12050,12975,28599,13823,14776,25023,12091,12932,14297,6744,7553,3575,1733,1842,
53640,14302,6909,7393,25025,12050,12975,28600,13824,14776,25025,12093,12932,14299,6745,7554,3575,1733,1842,
53645,14303,6910,7393,25029,12051,12978,28604,13825,14779,25027,12094,12933,14301,6746,7555,3575,1733,1842,
53650,14304,6910,7394,25032,12052,12980,28607,13826,14781,25030,12096,12934,14301,6746,7555,3576,1734,1842,
53655,14306,6911,7395,25032,12052,12980,28608,13827,14781,25032,12098,12934,14303,6746,7557,3576,1734,1842,
53660,14307,6911,7396,25036,12054,12982,28612,13829,14783,25034,12099,12935,14305,6746,7559,3576,1734,1842,
53665,14308,6911,7397,25039,12056,12983,28615,13829,14786,25037,12102,12935,14305,6746,7559,3577,1734,1843,
53670,14310,6912,7398,25039,12056,12983,28616,13830,14786,25039,12103,12936,14307,6748,7559,3577,1734,1843,
53675,14311,6912,7399,25043,12059,12984,28620,13833,14787,25041,12104,12937,14309,6749,7560,3577,1734,1843,
53680,14312,6912,7400,25046,12062,12984,28623,13836,14787,25044,12105,12939,14309,6749,7560,3578,1735,1843,
53685,14314,6913,7401,25046,12062,12984,28624,13837,14787,25046,12105,12941,14311,6749,7562,3578,1735,1843,
53690,14315,6914,7401,25050,12063,12987,28628,13838,14790,25048,12105,12943,14313,6751,7562,3578,1735,1843,
53695,14316,6914,7402,25053,12064,12989,28631,13838,14793,25051,12105,12946,14313,6751,7562,3579,1735,1844,
53700,14318,6915,7403,25053,12064,12989,28632,13838,14794,25053,12107,12946,14315,6753,7562,3579,1735,1844,
53705,14319,6916,7403,25057,12067,12990,28636,13842,14794,25055,12108,12947,14317,6753,7564,3579,1735,1844,
53710,14320,6917,7403,25060,12070,12990,28639,13844,14795,25058,12109,12949,14317,6753,7564,3580,1735,1845,
53715,14322,6919,7403,25060,12070,12990,28640,13845,14795,25060,12110,12950,14319,6754,7565,3580,1735,1845,
53720,14323,6920,7403,25064,12072,12992,28644,13847,14797,25062,12111,12951,14321,6755,7566,3580,1735,1845,
53725,14324,6920,7404,25067,12073,12994,28647,13848,14799,25065,12113,12952,14321,6755,7566,3581,1736,1845,
53730,14326,6921,7405,25067,12073,12994,28648,13848,14800,25067,12115,12952,14323,6755,7568,3581,1736,1845,
53735,14327,6921,7406,25071,12075,12996,28652,13850,14802,25069,12117,12952,14325,6756,7569,3581,1736,1845,
53740,14328,6922,7406,25074,12076,12998,28655,13850,14805,25072,12119,12953,14325,6756,7569,3582,1736,1846,
53745,14330,6922,7408,25074,12076,12998,28656,13850,14806,25074,12120,12954,14327,6757,7570,3582,1736,1846,
53750,14331,6923,7408,25078,12079,12999,28660,13851,14809,25076,12121,12955,14329,6757,7572,3582,1736,1846,
53755,14332,6924,7408,25081,12081,13000,28663,13853,14810,25079,12122,12957,14329,6757,7572,3583,1736,1847,
53760,14334,6925,7409,25081,12081,13000,28664,13853,14811,25081,12122,12959,14331,6757,7574,3583,1736,1847,
53765,14335,6925,7410,25085,12083,13002,28668,13854,14814,25083,12123,12960,14333,6757,7576,3583,1736,1847,
53770,14336,6926,7410,25088,12084,13004,28671,13855,14816,25086,12125,12961,14333,6757,7576,3584,1736,1848,
53775,14338,6927,7411,25088,12084,13004,28672,13855,14817,25088,12127,12961,14335,6758,7577,3584,1736,1848,
53780,14339,6928,7411,25092,12086,13006,28676,13856,14820,25090,12128,12962,14337,6758,7579,3584,1736,1848,
53785,14340,6928,7412,25095,12087,13008,28679,13856,14823,25093,12129,12964,14337,6758,7579,3585,1736,1849,
53790,14342,6929,7413,25095,12087,13008,28680,13856,14824,25095,12130,12965,14339,6758,7581,3585,1736,1849,
53795,14343,6929,7414,25099,12089,13010,28684,13856,14828,25097,12132,12965,14341,6759,7582,3585,1736,1849,
53800,14344,6930,7414,25102,12091,13011,28687,13859,14828,25100,12134,12966,14341,6759,7582,3586,1737,1849,
53805,14346,6931,7415,25102,12091,13011,28688,13859,14829,25102,12136,12966,14343,6761,7582,3586,1737,1849,
53810,14347,6931,7416,25106,12093,13013,28692,13863,14829,25104,12136,12968,14345,6763,7582,3586,1737,1849,
53815,14348,6932,7416,25109,12095,13014,28695,13865,14830,25107,12137,12970,14345,6763,7582,3587,1738,1849,
53820,14350,6934,7416,25109,12095,13014,28696,13866,14830,25109,12138,12971,14347,6764,7583,3587,1738,1849,
53825,14351,6935,7416,25113,12095,13018,28700,13868,14832,25111,12138,12973,14349,6766,7583,3587,1738,1849,
53830,14352,6936,7416,25116,12095,13021,28703,13870,14833,25114,12140,12974,14349,6766,7583,3588,1738,1850,
53835,14354,6938,7416,25116,12095,13021,28704,13871,14833,25116,12141,12975,14351,6768,7583,3588,1738,1850,
53840,14355,6939,7416,25120,12096,13024,28708,13874,14834,25118,12142,12976,14353,6768,7585,3588,1738,1850,
53845,14356,6939,7417,25123,12097,13026,28711,13874,14837,25121,12144,12977,14353,6768,7585,3589,1739,1850,
53850,14358,6940,7418,25123,12097,13026,28712,13875,14837,25123,12144,12979,14355,6769,7586,3589,1739,1850,
53855,14359,6941,7418,25127,12099,13028,28716,13877,14839,25125,12144,12981,14357,6769,7588,3589,1739,1850,
53860,14360,6942,7418,25130,12101,13029,28719,13878,14841,25128,12146,12982,14357,6769,7588,3590,1740,1850,
53865,14362,6943,7419,25130,12101,13029,28720,13878,14842,25130,12147,12983,14359,6769,7590,3590,1740,1850,
53870,14363,6944,7419,25134,12102,13032,28724,13878,14846,25132,12149,12983,14361,6770,7591,3590,1740,1850,
53875,14364,6945,7419,25137,12104,13033,28727,13879,14848,25135,12152,12983,14361,6770,7591,3591,1741,1850,
53880,14366,6946,7420,25137,12104,13033,28728,13879,14849,25137,12152,12985,14363,6770,7593,3591,1741,1850,
53885,14367,6946,7421,25141,12106,13035,28732,13881,14851,25139,12153,12986,14365,6771,7594,3591,1741,1850,
53890,14368,6946,7422,25144,12106,13038,28735,13883,14852,25142,12156,12986,14365,6771,7594,3592,1741,1851,
53895,14370,6948,7422,25144,12106,13038,28736,13883,14853,25144,12157,12987,14367,6771,7596,3592,1741,1851,
53900,14371,6948,7423,25148,12110,13038,28740,13885,14855,25146,12158,12988,14369,6771,7598,3592,1741,1851,
53905,14372,6949,7423,25151,12111,13040,28743,13888,14855,25149,12159,12990,14369,6771,7598,3593,1742,1851,
53910,14374,6949,7425,25151,12111,13040,28744,13888,14856,25151,12160,12991,14371,6772,7599,3593,1742,1851,
53915,14375,6950,7425,25155,12114,13041,28748,13890,14858,25153,12160,12993,14373,6773,7600,3593,1742,1851,
53920,14376,6950,7426,25158,12115,13043,28751,13891,14860,25156,12162,12994,14373,6773,7600,3594,1743,1851,
53925,14378,6951,7427,25158,12115,13043,28752,13891,14861,25158,12162,12996,14375,6774,7601,3594,1743,1851,
53930,14379,6951,7428,25162,12116,13046,28756,13892,14864,25160,12163,12997,14377,6775,7602,3594,1743,1851,
53935,14380,6952,7428,25165,12117,13048,28759,13893,14866,25163,12165,12998,14377,6775,7602,3595,1743,1852,
53940,14382,6952,7430,25165,12117,13048,28760,13893,14867,25165,12165,13000,14379,6777,7602,3595,1743,1852,
53945,14383,6953,7430,25169,12121,13048,28764,13895,14869,25167,12166,13001,14381,6777,7604,3595,1743,1852,
53950,14384,6954,7430,25172,12121,13051,28767,13896,14871,25170,12166,13004,14381,6777,7604,3596,1743,1853,
53955,14386,6954,7432,25172,12121,13051,28768,13897,14871,25172,12167,13005,14383,6779,7604,3596,1743,1853,
53960,14387,6954,7433,25176,12123,13053,28772,13900,14872,25174,12168,13006,14385,6780,7605,3596,1743,1853,
53965,14388,6955,7433,25179,12123,13056,28775,13901,14874,25177,12170,13007,14385,6780,7605,3597,1744,1853,
53970,14390,6957,7433,25179,12123,13056,28776,13902,14874,25179,12170,13009,14387,6782,7605,3597,1744,1853,
53975,14391,6957,7434,25183,12124,13059,28780,13903,14877,25181,12171,13010,14389,6783,7606,3597,1744,1853,
53980,14392,6957,7435,25186,12124,13062,28783,13903,14880,25184,12171,13013,14389,6783,7606,3598,1744,1854,
53985,14394,6959,7435,25186,12124,13062,28784,13904,14880,25186,12173,13013,14391,6784,7607,3598,1744,1854,
53990,14395,6960,7435,25190,12126,13064,28788,13905,14883,25188,12173,13015,14393,6785,7608,3598,1744,1854,
53995,14396,6960,7436,25193,12128,13065,28791,13907,14884,25191,12174,13017,14393,6785,7608,3599,1745,1854,
54000,14398,6961,7437,25193,12128,13065,28792,13907,14885,25193,12174,13019,14395,6786,7609,3599,1745,1854,
54005,14399,6962,7437,25197,12131,13066,28796,13910,14886,25195,12174,13021,14397,6787,7610,3599,1745,1854,
54010,14400,6963,7437,25200,12131,13069,28799,13910,14889,25198,12177,13021,14397,6787,7610,3600,1746,1854,
54015,14402,6964,7438,25200,12131,13069,28800,13911,14889,25200,12178,13022,14399,6789,7610,3600,1746,1854,
54020,14403,6965,7438,25204,12133,13071,28804,13912,14892,25202,12179,13023,14401,6790,7611,3600,1746,1854,
54025,14404,6966,7438,25207,12134,13073,28807,13913,14894,25205,12180,13025,14401,6790,7611,3601,1746,1855,
54030,14406,6968,7438,25207,12134,13073,28808,13913,14895,25207,12182,13025,14403,6792,7611,3601,1746,1855,
54035,14407,6969,7438,25211,12135,13076,28812,13915,14897,25209,12182,13027,14405,6792,7613,3601,1746,1855,
54040,14408,6970,7438,25214,12135,13079,28815,13916,14899,25212,12185,13027,14405,6792,7613,3602,1746,1856,
54045,14410,6972,7438,25214,12135,13079,28816,13917,14899,25214,12185,13029,14407,6793,7614,3602,1746,1856,
54050,14411,6973,7438,25218,12139,13079,28820,13918,14902,25216,12187,13029,14409,6795,7614,3602,1746,1856,
54055,14412,6974,7438,25221,12142,13079,28823,13920,14903,25219,12189,13030,14409,6795,7614,3603,1746,1857,
54060,14414,6974,7440,25221,12142,13079,28824,13921,14903,25221,12191,13030,14411,6796,7615,3603,1746,1857,
54065,14415,6975,7440,25225,12144,13081,28828,13922,14906,25223,12193,13030,14413,6796,7617,3603,1746,1857,
54070,14416,6976,7440,25228,12146,13082,28831,13924,14907,25226,12194,13032,14413,6796,7617,3604,1746,1858,
54075,14418,6977,7441,25228,12146,13082,28832,13924,14908,25228,12195,13033,14415,6798,7617,3604,1746,1858,
54080,14419,6977,7442,25232,12149,13083,28836,13926,14910,25230,12195,13035,14417,6799,7618,3604,1746,1858,
54085,14420,6977,7443,25235,12150,13085,28839,13927,14912,25233,12196,13037,14417,6799,7618,3605,1746,1859,
54090,14422,6979,7443,25235,12150,13085,28840,13928,14912,25235,12197,13038,14419,6800,7619,3605,1746,1859,
54095,14423,6979,7444,25239,12153,13086,28844,13929,14915,25237,12199,13038,14421,6801,7620,3605,1746,1859,
54100,14424,6980,7444,25242,12154,13088,28847,13929,14918,25240,12202,13038,14421,6801,7620,3606,1747,1859,
54105,14426,6981,7445,25242,12154,13088,28848,13929,14919,25242,12203,13039,14423,6802,7621,3606,1747,1859,
54110,14427,6982,7445,25246,12156,13090,28852,13931,14921,25244,12205,13039,14425,6802,7623,3606,1747,1859,
54115,14428,6983,7445,25249,12157,13092,28855,13933,14922,25247,12207,13040,14425,6802,7623,3607,1748,1859,
54120,14430,6985,7445,25249,12157,13092,28856,13933,14923,25249,12207,13042,14427,6803,7624,3607,1748,1859,
54125,14431,6986,7445,25253,12159,13094,28860,13935,14925,25251,12207,13044,14429,6804,7625,3607,1748,1859,
54130,14432,6987,7445,25256,12162,13094,28863,13936,14927,25254,12210,13044,14429,6804,7625,3608,1748,1860,
54135,14434,6988,7446,25256,12162,13094,28864,13936,14928,25256,12211,13045,14431,6804,7627,3608,1748,1860,
54140,14435,6988,7447,25260,12164,13096,28868,13939,14929,25258,12212,13046,14433,6806,7627,3608,1748,1860,
54145,14436,6988,7448,25263,12165,13098,28871,13941,14930,25261,12213,13048,14433,6806,7627,3609,1749,1860,
54150,14438,6990,7448,25263,12165,13098,28872,13941,14931,25263,12214,13049,14435,6807,7628,3609,1749,1860,
54155,14439,6990,7449,25267,12166,13101,28876,13943,14933,25265,12216,13049,14437,6808,7629,3609,1749,1860,
54160,14440,6991,7449,25270,12167,13103,28879,13944,14935,25268,12217,13051,14437,6808,7629,3610,1749,1861,
54165,14442,6991,7451,25270,12167,13103,28880,13944,14936,25270,12217,13053,14439,6809,7630,3610,1749,1861,
54170,14443,6991,7452,25274,12169,13105,28884,13946,14938,25272,12217,13055,14441,6809,7632,3610,1749,1861,
54175,14444,6991,7453,25277,12171,13106,28887,13947,14940,25275,12219,13056,14441,6809,7632,3611,1749,1862,
54180,14446,6992,7454,25277,12171,13106,28888,13948,14940,25277,12220,13057,14443,6810,7633,3611,1749,1862,
54185,14447,6993,7454,25281,12173,13108,28892,13948,14944,25279,12222,13057,14445,6811,7634,3611,1749,1862,
54190,14448,6993,7455,25284,12174,13110,28895,13949,14946,25282,12224,13058,14445,6811,7634,3612,1749,1863,
54195,14450,6994,7456,25284,12174,13110,28896,13950,14946,25284,12224,13060,14447,6812,7635,3612,1749,1863,
54200,14451,6995,7456,25288,12177,13111,28900,13950,14950,25286,12224,13062,14449,6814,7635,3612,1749,1863,
54205,14452,6995,7457,25291,12179,13112,28903,13952,14951,25289,12226,13063,14449,6814,7635,3613,1749,1864,
54210,14454,6997,7457,25291,12179,13112,28904,13953,14951,25291,12227,13064,14451,6816,7635,3613,1749,1864,
54215,14455,6998,7457,25295,12180,13115,28908,13957,14951,25293,12228,13065,14453,6818,7635,3613,1749,1864,
54220,14456,6999,7457,25298,12181,13117,28911,13959,14952,25296,12229,13067,14453,6818,7635,3614,1749,1865,
54225,14458,6999,7459,25298,12181,13117,28912,13960,14952,25298,12229,13069,14455,6818,7637,3614,1749,1865,
54230,14459,6999,7460,25302,12183,13119,28916,13962,14954,25300,12229,13071,14457,6819,7638,3614,1749,1865,
54235,14460,7000,7460,25305,12184,13121,28919,13963,14956,25303,12232,13071,14457,6819,7638,3615,1750,1865,
54240,14462,7001,7461,25305,12184,13121,28920,13964,14956,25305,12234,13071,14459,6819,7640,3615,1750,1865,
54245,14463,7001,7462,25309,12185,13124,28924,13966,14958,25307,12234,13073,14461,6820,7641,3615,1750,1865,
54250,14464,7002,7462,25312,12185,13127,28927,13968,14959,25310,12235,13075,14461,6820,7641,3616,1751,1865,
54255,14466,7004,7462,25312,12185,13127,28928,13968,14960,25312,12236,13076,14463,6820,7643,3616,1751,1865,
54260,14467,7005,7462,25316,12188,13128,28932,13971,14961,25314,12236,13078,14465,6821,7644,3616,1751,1865,
54265,14468,7005,7463,25319,12190,13129,28935,13974,14961,25317,12237,13080,14465,6821,7644,3617,1752,1865,
54270,14470,7006,7464,25319,12190,13129,28936,13974,14962,25319,12237,13082,14467,6822,7645,3617,1752,1865,
54275,14471,7007,7464,25323,12191,13132,28940,13975,14965,25321,12237,13084,14469,6822,7647,3617,1752,1865,
54280,14472,7007,7465,25326,12191,13135,28943,13976,14967,25324,12239,13085,14469,6822,7647,3618,1752,1866,
54285,14474,7008,7466,25326,12191,13135,28944,13976,14968,25326,12240,13086,14471,6824,7647,3618,1752,1866,
54290,14475,7009,7466,25330,12191,13139,28948,13978,14970,25328,12240,13088,14473,6825,7648,3618,1752,1866,
54295,14476,7010,7466,25333,12193,13140,28951,13978,14973,25331,12243,13088,14473,6825,7648,3619,1753,1866,
54300,14478,7012,7466,25333,12193,13140,28952,13978,14974,25333,12245,13088,14475,6826,7649,3619,1753,1866,
54305,14479,7012,7467,25337,12195,13142,28956,13979,14977,25335,12246,13089,14477,6826,7651,3619,1753,1866,
54310,14480,7013,7467,25340,12198,13142,28959,13981,14978,25338,12247,13091,14477,6826,7651,3620,1754,1866,
54315,14482,7014,7468,25340,12198,13142,28960,13982,14978,25340,12247,13093,14479,6827,7652,3620,1754,1866,
54320,14483,7014,7469,25344,12200,13144,28964,13984,14980,25342,12248,13094,14481,6829,7652,3620,1754,1866,
54325,14484,7015,7469,25347,12202,13145,28967,13986,14981,25345,12250,13095,14481,6829,7652,3621,1755,1866,
54330,14486,7015,7471,25347,12202,13145,28968,13986,14982,25347,12251,13096,14483,6830,7653,3621,1755,1866,
54335,14487,7016,7471,25351,12203,13148,28972,13988,14984,25349,12251,13098,14485,6831,7654,3621,1755,1866,
54340,14488,7016,7472,25354,12204,13150,28975,13990,14985,25352,12253,13099,14485,6831,7654,3622,1755,1867,
54345,14490,7017,7473,25354,12204,13150,28976,13991,14985,25354,12253,13101,14487,6832,7655,3622,1755,1867,
54350,14491,7018,7473,25358,12206,13152,28980,13994,14986,25356,12254,13102,14489,6833,7656,3622,1755,1867,
54355,14492,7018,7474,25361,12207,13154,28983,13994,14989,25359,12254,13105,14489,6833,7656,3623,1756,1867,
54360,14494,7019,7475,25361,12207,13154,28984,13995,14989,25361,12256,13105,14491,6835,7656,3623,1756,1867,
54365,14495,7019,7476,25365,12211,13154,28988,13996,14992,25363,12258,13105,14493,6836,7657,3623,1756,1867,
54370,14496,7019,7477,25368,12212,13156,28991,13999,14992,25366,12258,13108,14493,6836,7657,3624,1756,1868,
54375,14498,7019,7479,25368,12212,13156,28992,13999,14993,25368,12258,13110,14495,6838,7657,3624,1756,1868,
54380,14499,7019,7480,25372,12213,13159,28996,14003,14993,25370,12260,13110,14497,6839,7658,3624,1756,1868,
54385,14500,7019,7481,25375,12215,13160,28999,14003,14996,25373,12261,13112,14497,6839,7658,3625,1757,1868,
54390,14502,7020,7482,25375,12215,13160,29000,14003,14997,25375,12262,13113,14499,6839,7660,3625,1757,1868,
54395,14503,7020,7483,25379,12216,13163,29004,14004,15000,25377,12263,13114,14501,6839,7662,3625,1757,1868,
54400,14504,7021,7483,25382,12218,13164,29007,14005,15002,25380,12264,13116,14501,6839,7662,3626,1758,1868,
54405,14506,7022,7484,25382,12218,13164,29008,14005,15003,25382,12265,13117,14503,6841,7662,3626,1758,1868,
54410,14507,7023,7484,25386,12221,13165,29012,14006,15006,25384,12265,13119,14505,6842,7663,3626,1758,1868,
54415,14508,7024,7484,25389,12222,13167,29015,14009,15006,25387,12266,13121,14505,6842,7663,3627,1759,1868,
54420,14510,7026,7484,25389,12222,13167,29016,14009,15007,25389,12266,13123,14507,6844,7663,3627,1759,1868,
54425,14511,7026,7485,25393,12225,13168,29020,14011,15009,25391,12267,13124,14509,6845,7664,3627,1759,1868,
54430,14512,7026,7486,25396,12227,13169,29023,14013,15010,25394,12269,13125,14509,6845,7664,3628,1759,1869,
54435,14514,7028,7486,25396,12227,13169,29024,14013,15011,25396,12269,13127,14511,6846,7665,3628,1759,1869,
54440,14515,7028,7487,25400,12230,13170,29028,14016,15012,25398,12270,13128,14513,6846,7667,3628,1759,1869,
54445,14516,7029,7487,25403,12232,13171,29031,14018,15013,25401,12271,13130,14513,6846,7667,3629,1759,1870,
54450,14518,7029,7489,25403,12232,13171,29032,14018,15014,25403,12273,13130,14515,6846,7669,3629,1759,1870,
54455,14519,7029,7490,25407,12234,13173,29036,14020,15016,25405,12273,13132,14517,6847,7670,3629,1759,1870,
54460,14520,7029,7491,25410,12235,13175,29039,14021,15018,25408,12275,13133,14517,6847,7670,3630,1760,1870,
54465,14522,7030,7492,25410,12235,13175,29040,14021,15019,25410,12275,13135,14519,6847,7672,3630,1760,1870,
54470,14523,7030,7493,25414,12237,13177,29044,14021,15023,25412,12275,13137,14521,6849,7672,3630,1760,1870,
54475,14524,7031,7493,25417,12239,13178,29047,14023,15024,25415,12276,13139,14521,6849,7672,3631,1761,1870,
54480,14526,7032,7494,25417,12239,13178,29048,14024,15024,25417,12278,13139,14523,6850,7673,3631,1761,1870,
54485,14527,7032,7495,25421,12240,13181,29052,14026,15026,25419,12279,13140,14525,6852,7673,3631,1761,1870,
54490,14528,7032,7496,25424,12241,13183,29055,14027,15028,25422,12281,13141,14525,6852,7673,3632,1761,1871,
54495,14530,7033,7497,25424,12241,13183,29056,14027,15029,25424,12282,13142,14527,6853,7674,3632,1761,1871,
54500,14531,7033,7498,25428,12244,13184,29060,14029,15031,25426,12284,13142,14529,6854,7675,3632,1761,1871,
54505,14532,7033,7499,25431,12245,13186,29063,14031,15032,25429,12287,13142,14529,6854,7675,3633,1761,1872,
54510,14534,7034,7500,25431,12245,13186,29064,14032,15032,25431,12288,13143,14531,6854,7677,3633,1761,1872,
54515,14535,7034,7501,25435,12247,13188,29068,14033,15035,25433,12289,13144,14533,6855,7678,3633,1761,1872,
54520,14536,7035,7501,25438,12248,13190,29071,14035,15036,25436,12291,13145,14533,6855,7678,3634,1761,1873,
54525,14538,7036,7502,25438,12248,13190,29072,14036,15036,25438,12291,13147,14535,6856,7679,3634,1761,1873,
54530,14539,7036,7503,25442,12250,13192,29076,14038,15038,25440,12292,13148,14537,6856,7681,3634,1761,1873,
54535,14540,7037,7503,25445,12251,13194,29079,14040,15039,25443,12293,13150,14537,6856,7681,3635,1762,1873,
54540,14542,7037,7505,25445,12251,13194,29080,14041,15039,25445,12293,13152,14539,6858,7681,3635,1762,1873,
54545,14543,7038,7505,25449,12254,13195,29084,14043,15041,25447,12294,13153,14541,6859,7682,3635,1762,1873,
54550,14544,7038,7506,25452,12257,13195,29087,14043,15044,25450,12294,13156,14541,6859,7682,3636,1763,1873,
54555,14546,7040,7506,25452,12257,13195,29088,14044,15044,25452,12295,13157,14543,6860,7683,3636,1763,1873,
54560,14547,7041,7506,25456,12259,13197,29092,14046,15046,25454,12296,13158,14545,6862,7683,3636,1763,1873,
54565,14548,7041,7507,25459,12262,13197,29095,14047,15048,25457,12298,13159,14545,6862,7683,3637,1763,1874,
54570,14550,7042,7508,25459,12262,13197,29096,14048,15048,25459,12299,13160,14547,6862,7685,3637,1763,1874,
54575,14551,7042,7509,25463,12265,13198,29100,14049,15051,25461,12299,13162,14549,6864,7685,3637,1763,1874,
54580,14552,7042,7510,25466,12267,13199,29103,14050,15053,25464,12299,13165,14549,6864,7685,3638,1764,1874,
54585,14554,7044,7510,25466,12267,13199,29104,14051,15053,25466,12300,13166,14551,6864,7687,3638,1764,1874,
54590,14555,7045,7510,25470,12267,13203,29108,14055,15053,25468,12300,13168,14553,6864,7689,3638,1764,1874,
54595,14556,7046,7510,25473,12267,13206,29111,14057,15054,25471,12301,13170,14553,6864,7689,3639,1764,1875,
54600,14558,7047,7511,25473,12267,13206,29112,14058,15054,25473,12302,13171,14555,6865,7690,3639,1764,1875,
54605,14559,7048,7511,25477,12267,13210,29116,14060,15056,25475,12302,13173,14557,6865,7692,3639,1764,1875,
54610,14560,7048,7512,25480,12268,13212,29119,14063,15056,25478,12305,13173,14557,6865,7692,3640,1764,1876,
54615,14562,7048,7514,25480,12268,13212,29120,14063,15057,25480,12306,13174,14559,6866,7693,3640,1764,1876,
54620,14563,7048,7515,25484,12270,13214,29124,14066,15058,25482,12307,13175,14561,6867,7694,3640,1764,1876,
54625,14564,7048,7516,25487,12273,13214,29127,14066,15061,25485,12308,13177,14561,6867,7694,3641,1764,1877,
54630,14566,7048,7518,25487,12273,13214,29128,14066,15062,25487,12309,13178,14563,6869,7694,3641,1764,1877,
54635,14567,7049,7518,25491,12277,13214,29132,14066,15066,25489,12311,13178,14565,6869,7696,3641,1764,1877,
54640,14568,7050,7518,25494,12277,13217,29135,14067,15068,25492,12312,13180,14565,6869,7696,3642,1765,1877,
54645,14570,7051,7519,25494,12277,13217,29136,14067,15069,25494,12312,13182,14567,6870,7697,3642,1765,1877,
54650,14571,7052,7519,25498,12279,13219,29140,14068,15072,25496,12312,13184,14569,6871,7698,3642,1765,1877,
54655,14572,7052,7520,25501,12279,13222,29143,14069,15074,25499,12314,13185,14569,6871,7698,3643,1766,1877,
54660,14574,7054,7520,25501,12279,13222,29144,14069,15075,25501,12316,13185,14571,6871,7700,3643,1766,1877,
54665,14575,7054,7521,25505,12279,13226,29148,14071,15077,25503,12317,13186,14573,6872,7701,3643,1766,1877,
54670,14576,7054,7522,25508,12280,13228,29151,14071,15080,25506,12317,13189,14573,6872,7701,3644,1767,1877,
54675,14578,7056,7522,25508,12280,13228,29152,14071,15081,25508,12319,13189,14575,6874,7701,3644,1767,1877,
54680,14579,7056,7523,25512,12282,13230,29156,14073,15083,25510,12321,13189,14577,6875,7702,3644,1767,1877,
54685,14580,7056,7524,25515,12285,13230,29159,14074,15085,25513,12324,13189,14577,6875,7702,3645,1767,1878,
54690,14582,7058,7524,25515,12285,13230,29160,14075,15085,25515,12325,13190,14579,6876,7703,3645,1767,1878,
54695,14583,7059,7524,25519,12287,13232,29164,14078,15086,25517,12327,13190,14581,6876,7705,3645,1767,1878,
54700,14584,7059,7525,25522,12287,13235,29167,14080,15087,25520,12329,13191,14581,6876,7705,3646,1767,1879,
54705,14586,7060,7526,25522,12287,13235,29168,14081,15087,25522,12329,13193,14583,6878,7705,3646,1767,1879,
54710,14587,7060,7527,25526,12290,13236,29172,14083,15089,25524,12329,13195,14585,6878,7707,3646,1767,1879,
54715,14588,7061,7527,25529,12291,13238,29175,14084,15091,25527,12329,13198,14585,6878,7707,3647,1768,1879,
54720,14590,7062,7528,25529,12291,13238,29176,14084,15092,25529,12329,13200,14587,6880,7707,3647,1768,1879,
54725,14591,7062,7529,25533,12293,13240,29180,14086,15094,25531,12330,13201,14589,6881,7708,3647,1768,1879,
54730,14592,7062,7530,25536,12294,13242,29183,14089,15094,25534,12332,13202,14589,6881,7708,3648,1768,1880,
54735,14594,7063,7531,25536,12294,13242,29184,14089,15095,25536,12333,13203,14591,6882,7709,3648,1768,1880,
54740,14595,7063,7532,25540,12296,13244,29188,14092,15096,25538,12333,13205,14593,6883,7710,3648,1768,1880,
54745,14596,7064,7532,25543,12296,13247,29191,14093,15098,25541,12335,13206,14593,6883,7710,3649,1769,1880,
54750,14598,7066,7532,25543,12296,13247,29192,14094,15098,25543,12335,13208,14595,6885,7710,3649,1769,1880,
54755,14599,7066,7533,25547,12297,13250,29196,14095,15101,25545,12335,13210,14597,6885,7712,3649,1769,1880,
54760,14600,7066,7534,25550,12298,13252,29199,14096,15103,25548,12336,13212,14597,6885,7712,3650,1770,1880,
54765,14602,7066,7536,25550,12298,13252,29200,14097,15103,25550,12338,13212,14599,6886,7713,3650,1770,1880,
54770,14603,7067,7536,25554,12301,13253,29204,14101,15103,25552,12339,13213,14601,6887,7714,3650,1770,1880,
54775,14604,7067,7537,25557,12304,13253,29207,14101,15106,25555,12339,13216,14601,6887,7714,3651,1770,1881,
54780,14606,7067,7539,25557,12304,13253,29208,14102,15106,25557,12341,13216,14603,6887,7716,3651,1770,1881,
54785,14607,7067,7540,25561,12305,13256,29212,14105,15107,25559,12341,13218,14605,6888,7717,3651,1770,1881,
54790,14608,7067,7541,25564,12305,13259,29215,14106,15109,25562,12343,13219,14605,6888,7717,3652,1770,1882,
54795,14610,7068,7542,25564,12305,13259,29216,14107,15109,25564,12345,13219,14607,6888,7719,3652,1770,1882,
54800,14611,7069,7542,25568,12307,13261,29220,14108,15112,25566,12346,13220,14609,6888,7721,3652,1770,1882,
54805,14612,7069,7543,25571,12307,13264,29223,14110,15113,25569,12349,13220,14609,6888,7721,3653,1771,1882,
54810,14614,7071,7543,25571,12307,13264,29224,14110,15114,25571,12350,13221,14611,6889,7722,3653,1771,1882,
54815,14615,7071,7544,25575,12310,13265,29228,14111,15117,25573,12351,13222,14613,6890,7723,3653,1771,1882,
54820,14616,7071,7545,25578,12312,13266,29231,14113,15118,25576,12353,13223,14613,6890,7723,3654,1772,1882,
54825,14618,7073,7545,25578,12312,13266,29232,14113,15119,25578,12354,13224,14615,6891,7724,3654,1772,1882,
54830,14619,7074,7545,25582,12314,13268,29236,14116,15120,25580,12356,13224,14617,6892,7725,3654,1772,1882,
54835,14620,7075,7545,25585,12316,13269,29239,14119,15120,25583,12358,13225,14617,6892,7725,3655,1772,1883,
54840,14622,7076,7546,25585,12316,13269,29240,14120,15120,25585,12359,13226,14619,6893,7726,3655,1772,1883,
54845,14623,7076,7547,25589,12316,13273,29244,14124,15120,25587,12359,13228,14621,6893,7728,3655,1772,1883,
54850,14624,7076,7548,25592,12318,13274,29247,14126,15121,25590,12361,13229,14621,6893,7728,3656,1772,1884,
54855,14626,7077,7549,25592,12318,13274,29248,14126,15122,25592,12362,13230,14623,6895,7728,3656,1772,1884,
54860,14627,7078,7549,25596,12322,13274,29252,14127,15125,25594,12364,13230,14625,6895,7730,3656,1772,1884,
54865,14628,7078,7550,25599,12323,13276,29255,14128,15127,25597,12367,13230,14625,6895,7730,3657,1772,1885,
54870,14630,7079,7551,25599,12323,13276,29256,14128,15128,25599,12368,13231,14627,6895,7732,3657,1772,1885,
54875,14631,7079,7552,25603,12323,13280,29260,14131,15129,25601,12370,13231,14629,6895,7734,3657,1772,1885,
54880,14632,7079,7553,25606,12325,13281,29263,14133,15130,25604,12372,13232,14629,6895,7734,3658,1773,1885,
54885,14634,7081,7553,25606,12325,13281,29264,14133,15131,25606,12374,13232,14631,6896,7735,3658,1773,1885,
54890,14635,7081,7554,25610,12325,13285,29268,14137,15131,25608,12375,13233,14633,6897,7736,3658,1773,1885,
54895,14636,7082,7554,25613,12328,13285,29271,14138,15133,25611,12377,13234,14633,6897,7736,3659,1773,1886,
54900,14638,7083,7555,25613,12328,13285,29272,14138,15134,25613,12379,13234,14635,6898,7737,3659,1773,1886,
54905,14639,7083,7556,25617,12330,13287,29276,14139,15137,25615,12381,13234,14637,6899,7738,3659,1773,1886,
54910,14640,7083,7557,25620,12332,13288,29279,14139,15140,25618,12382,13236,14637,6899,7738,3660,1774,1886,
54915,14642,7084,7558,25620,12332,13288,29280,14140,15140,25620,12383,13237,14639,6900,7739,3660,1774,1886,
54920,14643,7084,7559,25624,12334,13290,29284,14142,15142,25622,12384,13238,14641,6901,7740,3660,1774,1886,
54925,14644,7084,7560,25627,12335,13292,29287,14145,15142,25625,12384,13241,14641,6901,7740,3661,1775,1886,
54930,14646,7085,7561,25627,12335,13292,29288,14145,15143,25627,12385,13242,14643,6902,7741,3661,1775,1886,
54935,14647,7085,7562,25631,12337,13294,29292,14147,15145,25629,12385,13244,14645,6902,7743,3661,1775,1886,
54940,14648,7085,7563,25634,12338,13296,29295,14148,15147,25632,12386,13246,14645,6902,7743,3662,1776,1886,
54945,14650,7085,7565,25634,12338,13296,29296,14149,15147,25634,12387,13247,14647,6903,7744,3662,1776,1886,
54950,14651,7085,7566,25638,12341,13297,29300,14151,15149,25636,12388,13248,14649,6905,7744,3662,1776,1886,
54955,14652,7086,7566,25641,12343,13298,29303,14153,15150,25639,12390,13249,14649,6905,7744,3663,1776,1887,
54960,14654,7087,7567,25641,12343,13298,29304,14153,15151,25641,12391,13250,14651,6907,7744,3663,1776,1887,
54965,14655,7087,7568,25645,12343,13302,29308,14154,15154,25643,12392,13251,14653,6907,7746,3663,1776,1887,
54970,14656,7087,7569,25648,12345,13303,29311,14157,15154,25646,12394,13252,14653,6907,7746,3664,1776,1888,
54975,14658,7087,7571,25648,12345,13303,29312,14157,15155,25648,12394,13254,14655,6908,7747,3664,1776,1888,
54980,14659,7087,7572,25652,12347,13305,29316,14159,15157,25650,12395,13255,14657,6909,7748,3664,1776,1888,
54985,14660,7088,7572,25655,12349,13306,29319,14162,15157,25653,12396,13257,14657,6909,7748,3665,1777,1888,
54990,14662,7089,7573,25655,12349,13306,29320,14163,15157,25655,12397,13258,14659,6909,7750,3665,1777,1888,
54995,14663,7090,7573,25659,12351,13308,29324,14166,15158,25657,12398,13259,14661,6910,7751,3665,1777,1888,
55000,14664,7090,7574,25662,12351,13311,29327,14168,15159,25660,12399,13261,14661,6910,7751,3666,1777,1889,
55005,14666,7091,7575,25662,12351,13311,29328,14168,15160,25662,12400,13262,14663,6912,7751,3666,1777,1889,
55010,14667,7091,7576,25666,12352,13314,29332,14169,15163,25664,12401,13263,14665,6913,7752,3666,1777,1889,
55015,14668,7092,7576,25669,12353,13316,29335,14169,15166,25667,12402,13265,14665,6913,7752,3667,1777,1890,
55020,14670,7094,7576,25669,12353,13316,29336,14170,15166,25669,12403,13266,14667,6914,7753,3667,1777,1890,
55025,14671,7095,7576,25673,12355,13318,29340,14171,15169,25671,12405,13266,14669,6916,7753,3667,1777,1890,
55030,14672,7095,7577,25676,12357,13319,29343,14173,15170,25674,12407,13267,14669,6916,7753,3668,1777,1891,
55035,14674,7096,7578,25676,12357,13319,29344,14174,15170,25676,12409,13267,14671,6918,7753,3668,1777,1891,
55040,14675,7096,7579,25680,12358,13322,29348,14176,15172,25678,12411,13267,14673,6919,7754,3668,1777,1891,
55045,14676,7096,7580,25683,12360,13323,29351,14177,15174,25681,12412,13269,14673,6919,7754,3669,1777,1892,
55050,14678,7097,7581,25683,12360,13323,29352,14177,15175,25683,12413,13270,14675,6921,7754,3669,1777,1892,
55055,14679,7097,7582,25687,12361,13326,29356,14179,15177,25685,12414,13271,14677,6921,7756,3669,1777,1892,
55060,14680,7098,7582,25690,12361,13329,29359,14179,15180,25688,12417,13271,14677,6921,7756,3670,1778,1892,
55065,14682,7099,7583,25690,12361,13329,29360,14179,15181,25690,12418,13272,14679,6923,7756,3670,1778,1892,
55070,14683,7099,7584,25694,12364,13330,29364,14181,15183,25692,12419,13273,14681,6923,7758,3670,1778,1892,
55075,14684,7099,7585,25697,12367,13330,29367,14182,15185,25695,12422,13273,14681,6923,7758,3671,1779,1892,
55080,14686,7099,7587,25697,12367,13330,29368,14182,15186,25697,12423,13274,14683,6924,7759,3671,1779,1892,
55085,14687,7100,7587,25701,12367,13334,29372,14183,15189,25699,12424,13275,14685,6925,7760,3671,1779,1892,
55090,14688,7100,7588,25704,12369,13335,29375,14184,15191,25702,12425,13277,14685,6925,7760,3672,1780,1892,
55095,14690,7100,7590,25704,12369,13335,29376,14185,15191,25704,12426,13278,14687,6927,7760,3672,1780,1892,
55100,14691,7101,7590,25708,12370,13338,29380,14185,15195,25706,12427,13279,14689,6927,7762,3672,1780,1892,
55105,14692,7102,7590,25711,12373,13338,29383,14187,15196,25709,12428,13281,14689,6927,7762,3673,1780,1893,
55110,14694,7102,7592,25711,12373,13338,29384,14188,15196,25711,12428,13283,14691,6929,7762,3673,1780,1893,
55115,14695,7102,7593,25715,12375,13340,29388,14190,15198,25713,12429,13284,14693,6929,7764,3673,1780,1893,
55120,14696,7103,7593,25718,12377,13341,29391,14191,15200,25716,12430,13286,14693,6929,7764,3674,1781,1893,
55125,14698,7104,7594,25718,12377,13341,29392,14192,15200,25718,12431,13287,14695,6931,7764,3674,1781,1893,
55130,14699,7105,7594,25722,12379,13343,29396,14192,15204,25720,12432,13288,14697,6933,7764,3674,1781,1893,
55135,14700,7106,7594,25725,12379,13346,29399,14194,15205,25723,12434,13289,14697,6933,7764,3675,1782,1893,
55140,14702,7108,7594,25725,12379,13346,29400,14194,15206,25725,12436,13289,14699,6933,7766,3675,1782,1893,
55145,14703,7109,7594,25729,12381,13348,29404,14197,15207,25727,12437,13290,14701,6933,7768,3675,1782,1893,
55150,14704,7109,7595,25732,12382,13350,29407,14198,15209,25730,12439,13291,14701,6933,7768,3676,1783,1893,
55155,14706,7111,7595,25732,12382,13350,29408,14198,15210,25732,12440,13292,14703,6935,7768,3676,1783,1893,
55160,14707,7112,7595,25736,12383,13353,29412,14198,15214,25734,12442,13292,14705,6936,7769,3676,1783,1893,
55165,14708,7112,7596,25739,12384,13355,29415,14199,15216,25737,12444,13293,14705,6936,7769,3677,1784,1893,
55170,14710,7112,7598,25739,12384,13355,29416,14200,15216,25739,12444,13295,14707,6937,7770,3677,1784,1893,
55175,14711,7113,7598,25743,12385,13358,29420,14201,15219,25741,12445,13296,14709,6939,7770,3677,1784,1893,
55180,14712,7114,7598,25746,12385,13361,29423,14203,15220,25744,12447,13297,14709,6939,7770,3678,1784,1894,
55185,14714,7115,7599,25746,12385,13361,29424,14203,15221,25746,12447,13299,14711,6939,7772,3678,1784,1894,
55190,14715,7116,7599,25750,12386,13364,29428,14204,15224,25748,12448,13300,14713,6940,7773,3678,1784,1894,
55195,14716,7116,7600,25753,12388,13365,29431,14207,15224,25751,12449,13302,14713,6940,7773,3679,1784,1895,
55200,14718,7118,7600,25753,12388,13365,29432,14208,15224,25753,12451,13302,14715,6941,7774,3679,1784,1895,
55205,14719,7118,7601,25757,12391,13366,29436,14210,15226,25755,12452,13303,14717,6942,7775,3679,1784,1895,
55210,14720,7119,7601,25760,12392,13368,29439,14212,15227,25758,12453,13305,14717,6942,7775,3680,1784,1896,
55215,14722,7120,7602,25760,12392,13368,29440,14213,15227,25760,12453,13307,14719,6942,7777,3680,1784,1896,
55220,14723,7120,7603,25764,12394,13370,29444,14214,15230,25762,12453,13309,14721,6942,7779,3680,1784,1896,
55225,14724,7120,7604,25767,12395,13372,29447,14215,15232,25765,12454,13311,14721,6942,7779,3681,1784,1897,
55230,14726,7122,7604,25767,12395,13372,29448,14215,15233,25767,12455,13312,14723,6944,7779,3681,1784,1897,
55235,14727,7123,7604,25771,12397,13374,29452,14216,15236,25769,12455,13314,14725,6944,7781,3681,1784,1897,
55240,14728,7123,7605,25774,12397,13377,29455,14218,15237,25772,12457,13315,14725,6944,7781,3682,1785,1897,
55245,14730,7124,7606,25774,12397,13377,29456,14219,15237,25774,12458,13316,14727,6945,7782,3682,1785,1897,
55250,14731,7124,7607,25778,12399,13379,29460,14220,15240,25776,12459,13317,14729,6946,7783,3682,1785,1897,
55255,14732,7125,7607,25781,12400,13381,29463,14221,15242,25779,12461,13318,14729,6946,7783,3683,1785,1898,
55260,14734,7126,7608,25781,12400,13381,29464,14221,15243,25781,12461,13320,14731,6946,7785,3683,1785,1898,
55265,14735,7127,7608,25785,12401,13384,29468,14222,15246,25783,12463,13320,14733,6947,7786,3683,1785,1898,
55270,14736,7128,7608,25788,12402,13386,29471,14224,15247,25786,12463,13323,14733,6947,7786,3684,1786,1898,
55275,14738,7129,7609,25788,12402,13386,29472,14224,15248,25788,12464,13324,14735,6949,7786,3684,1786,1898,
55280,14739,7130,7609,25792,12402,13390,29476,14225,15251,25790,12464,13326,14737,6950,7787,3684,1786,1898,
55285,14740,7130,7610,25795,12405,13390,29479,14228,15251,25793,12465,13328,14737,6950,7787,3685,1786,1899,
55290,14742,7132,7610,25795,12405,13390,29480,14229,15251,25795,12466,13329,14739,6951,7788,3685,1786,1899,
55295,14743,7132,7611,25799,12407,13392,29484,14230,15254,25797,12467,13330,14741,6952,7789,3685,1786,1899,
55300,14744,7133,7611,25802,12407,13395,29487,14232,15255,25800,12469,13331,14741,6952,7789,3686,1786,1900,
55305,14746,7135,7611,25802,12407,13395,29488,14233,15255,25802,12469,13333,14743,6954,7789,3686,1786,1900,
55310,14747,7136,7611,25806,12410,13396,29492,14234,15258,25804,12470,13334,14745,6956,7789,3686,1786,1900,
55315,14748,7136,7612,25809,12410,13399,29495,14235,15260,25807,12472,13335,14745,6956,7789,3687,1786,1901,
55320,14750,7137,7613,25809,12410,13399,29496,14235,15261,25809,12472,13337,14747,6958,7789,3687,1786,1901,
55325,14751,7137,7614,25813,12410,13403,29500,14236,15264,25811,12473,13338,14749,6960,7789,3687,1786,1901,
55330,14752,7138,7614,25816,12411,13405,29503,14238,15265,25814,12474,13340,14749,6960,7789,3688,1787,1901,
55335,14754,7139,7615,25816,12411,13405,29504,14239,15265,25816,12475,13341,14751,6962,7789,3688,1787,1901,
55340,14755,7139,7616,25820,12412,13408,29508,14240,15268,25818,12475,13343,14753,6963,7790,3688,1787,1901,
55345,14756,7139,7617,25823,12412,13411,29511,14241,15270,25821,12477,13344,14753,6963,7790,3689,1787,1902,
55350,14758,7140,7618,25823,12412,13411,29512,14242,15270,25823,12477,13346,14755,6963,7792,3689,1787,1902,
55355,14759,7141,7618,25827,12416,13411,29516,14245,15271,25825,12478,13347,14757,6963,7794,3689,1787,1902,
55360,14760,7141,7619,25830,12418,13412,29519,14247,15272,25828,12479,13349,14757,6963,7794,3690,1788,1902,
55365,14762,7142,7620,25830,12418,13412,29520,14247,15273,25830,12480,13350,14759,6963,7796,3690,1788,1902,
55370,14763,7143,7620,25834,12421,13413,29524,14250,15274,25832,12480,13352,14761,6963,7798,3690,1788,1902,
55375,14764,7143,7621,25837,12424,13413,29527,14252,15275,25835,12482,13353,14761,6963,7798,3691,1789,1902,
55380,14766,7144,7622,25837,12424,13413,29528,14253,15275,25837,12483,13354,14763,6964,7799,3691,1789,1902,
55385,14767,7144,7623,25841,12426,13415,29532,14256,15276,25839,12484,13355,14765,6965,7800,3691,1789,1902,
55390,14768,7144,7624,25844,12428,13416,29535,14259,15276,25842,12484,13358,14765,6965,7800,3692,1790,1902,
55395,14770,7145,7625,25844,12428,13416,29536,14260,15276,25844,12484,13360,14767,6965,7802,3692,1790,1902,
55400,14771,7146,7625,25848,12431,13417,29540,14262,15278,25846,12486,13360,14769,6966,7803,3692,1790,1902,
55405,14772,7146,7626,25851,12431,13420,29543,14264,15279,25849,12488,13361,14769,6966,7803,3693,1790,1903,
55410,14774,7147,7627,25851,12431,13420,29544,14264,15280,25851,12489,13362,14771,6967,7804,3693,1790,1903,
55415,14775,7148,7627,25855,12431,13424,29548,14267,15281,25853,12491,13362,14773,6967,7806,3693,1790,1903,
55420,14776,7149,7627,25858,12433,13425,29551,14268,15283,25856,12493,13363,14773,6967,7806,3694,1790,1904,
55425,14778,7150,7628,25858,12433,13425,29552,14268,15284,25858,12493,13365,14775,6968,7807,3694,1790,1904,
55430,14779,7150,7629,25862,12436,13426,29556,14271,15285,25860,12494,13366,14777,6970,7807,3694,1790,1904,
55435,14780,7150,7630,25865,12437,13428,29559,14273,15286,25863,12495,13368,14777,6970,7807,3695,1790,1905,
55440,14782,7151,7631,25865,12437,13428,29560,14274,15286,25865,12495,13370,14779,6971,7808,3695,1790,1905,
55445,14783,7151,7632,25869,12437,13432,29564,14275,15289,25867,12496,13371,14781,6971,7810,3695,1790,1905,
55450,14784,7151,7633,25872,12439,13433,29567,14277,15290,25870,12498,13372,14781,6971,7810,3696,1791,1905,
55455,14786,7153,7633,25872,12439,13433,29568,14278,15290,25872,12498,13374,14783,6971,7812,3696,1791,1905,
55460,14787,7154,7633,25876,12441,13435,29572,14281,15291,25874,12499,13375,14785,6972,7813,3696,1791,1905,
55465,14788,7154,7634,25879,12443,13436,29575,14282,15293,25877,12502,13375,14785,6972,7813,3697,1792,1905,
55470,14790,7155,7635,25879,12443,13436,29576,14282,15294,25879,12503,13376,14787,6974,7813,3697,1792,1905,
55475,14791,7155,7636,25883,12444,13439,29580,14284,15296,25881,12504,13377,14789,6974,7815,3697,1792,1905,
55480,14792,7156,7636,25886,12445,13441,29583,14287,15296,25884,12507,13377,14789,6974,7815,3698,1792,1906,
55485,14794,7156,7638,25886,12445,13441,29584,14288,15296,25886,12508,13378,14791,6975,7816,3698,1792,1906,
55490,14795,7156,7639,25890,12448,13442,29588,14289,15299,25888,12508,13380,14793,6976,7817,3698,1792,1906,
55495,14796,7156,7640,25893,12449,13444,29591,14291,15300,25891,12511,13380,14793,6976,7817,3699,1793,1906,
55500,14798,7157,7641,25893,12449,13444,29592,14292,15300,25893,12511,13382,14795,6977,7818,3699,1793,1906,
55505,14799,7158,7641,25897,12449,13448,29596,14296,15300,25895,12513,13382,14797,6978,7819,3699,1793,1906,
55510,14800,7158,7642,25900,12450,13450,29599,14297,15302,25898,12514,13384,14797,6978,7819,3700,1794,1906,
55515,14802,7160,7642,25900,12450,13450,29600,14298,15302,25900,12515,13385,14799,6979,7820,3700,1794,1906,
55520,14803,7160,7643,25904,12451,13453,29604,14301,15303,25902,12515,13387,14801,6980,7821,3700,1794,1906,
55525,14804,7161,7643,25907,12452,13455,29607,14302,15305,25905,12515,13390,14801,6980,7821,3701,1794,1907,
55530,14806,7162,7644,25907,12452,13455,29608,14303,15305,25907,12516,13391,14803,6981,7822,3701,1794,1907,
55535,14807,7162,7645,25911,12453,13458,29612,14306,15306,25909,12518,13391,14805,6982,7823,3701,1794,1907,
55540,14808,7162,7646,25914,12454,13460,29615,14309,15306,25912,12520,13392,14805,6982,7823,3702,1794,1908,
55545,14810,7163,7647,25914,12454,13460,29616,14310,15306,25914,12521,13393,14807,6983,7824,3702,1794,1908,
55550,14811,7163,7648,25918,12456,13462,29620,14313,15307,25916,12522,13394,14809,6984,7825,3702,1794,1908,
55555,14812,7163,7649,25921,12457,13464,29623,14315,15308,25919,12523,13396,14809,6984,7825,3703,1795,1908,
55560,14814,7165,7649,25921,12457,13464,29624,14316,15308,25921,12523,13398,14811,6985,7826,3703,1795,1908,
55565,14815,7166,7649,25925,12459,13466,29628,14319,15309,25923,12525,13398,14813,6986,7827,3703,1795,1908,
55570,14816,7166,7650,25928,12460,13468,29631,14321,15310,25926,12526,13400,14813,6986,7827,3704,1795,1909,
55575,14818,7167,7651,25928,12460,13468,29632,14321,15311,25928,12527,13401,14815,6987,7828,3704,1795,1909,
55580,14819,7167,7652,25932,12463,13469,29636,14323,15313,25930,12527,13403,14817,6987,7830,3704,1795,1909,
55585,14820,7167,7653,25935,12466,13469,29639,14325,15314,25933,12528,13405,14817,6987,7830,3705,1796,1909,
55590,14822,7167,7655,25935,12466,13469,29640,14325,15315,25935,12529,13406,14819,6987,7832,3705,1796,1909,
55595,14823,7167,7656,25939,12468,13471,29644,14326,15318,25937,12531,13406,14821,6989,7832,3705,1796,1909,
55600,14824,7167,7657,25942,12470,13472,29647,14327,15320,25940,12533,13407,14821,6989,7832,3706,1796,1910,
55605,14826,7168,7658,25942,12470,13472,29648,14328,15320,25942,12533,13409,14823,6990,7833,3706,1796,1910,
55610,14827,7169,7658,25946,12473,13473,29652,14329,15323,25944,12534,13410,14825,6991,7834,3706,1796,1910,
55615,14828,7170,7658,25949,12474,13475,29655,14331,15324,25947,12534,13413,14825,6991,7834,3707,1796,1911,
55620,14830,7172,7658,25949,12474,13475,29656,14331,15325,25949,12535,13414,14827,6991,7836,3707,1796,1911,
55625,14831,7173,7658,25953,12475,13478,29660,14335,15325,25951,12537,13414,14829,6993,7836,3707,1796,1911,
55630,14832,7174,7658,25956,12476,13480,29663,14337,15326,25954,12540,13414,14829,6993,7836,3708,1796,1912,
55635,14834,7174,7660,25956,12476,13480,29664,14337,15327,25956,12540,13416,14831,6995,7836,3708,1796,1912,
55640,14835,7174,7661,25960,12478,13482,29668,14339,15329,25958,12542,13416,14833,6997,7836,3708,1796,1912,
55645,14836,7174,7662,25963,12480,13483,29671,14340,15331,25961,12543,13418,14833,6997,7836,3709,1796,1913,
55650,14838,7175,7663,25963,12480,13483,29672,14340,15332,25963,12544,13419,14835,6997,7838,3709,1796,1913,
55655,14839,7175,7664,25967,12481,13486,29676,14341,15335,25965,12545,13420,14837,6999,7838,3709,1796,1913,
55660,14840,7176,7664,25970,12482,13488,29679,14343,15336,25968,12545,13423,14837,6999,7838,3710,1796,1914,
55665,14842,7177,7665,25970,12482,13488,29680,14343,15337,25970,12545,13425,14839,7001,7838,3710,1796,1914,
55670,14843,7177,7666,25974,12484,13490,29684,14345,15339,25972,12547,13425,14841,7003,7838,3710,1796,1914,
55675,14844,7177,7667,25977,12487,13490,29687,14347,15340,25975,12548,13427,14841,7003,7838,3711,1797,1914,
55680,14846,7177,7669,25977,12487,13490,29688,14348,15340,25977,12549,13428,14843,7004,7839,3711,1797,1914,
55685,14847,7177,7670,25981,12489,13492,29692,14349,15343,25979,12550,13429,14845,7005,7840,3711,1797,1914,
55690,14848,7178,7670,25984,12490,13494,29695,14350,15345,25982,12551,13431,14845,7005,7840,3712,1797,1915,
55695,14850,7179,7671,25984,12490,13494,29696,14351,15345,25984,12552,13432,14847,7006,7841,3712,1797,1915,
55700,14851,7180,7671,25988,12492,13496,29700,14351,15349,25986,12553,13433,14849,7007,7842,3712,1797,1915,
55705,14852,7180,7672,25991,12494,13497,29703,14353,15350,25989,12553,13436,14849,7007,7842,3713,1798,1915,
55710,14854,7180,7674,25991,12494,13497,29704,14354,15350,25991,12554,13437,14851,7009,7842,3713,1798,1915,
55715,14855,7181,7674,25995,12496,13499,29708,14354,15354,25993,12555,13438,14853,7010,7843,3713,1798,1915,
55720,14856,7182,7674,25998,12498,13500,29711,14355,15356,25996,12558,13438,14853,7010,7843,3714,1798,1916,
55725,14858,7183,7675,25998,12498,13500,29712,14355,15357,25998,12558,13440,14855,7011,7844,3714,1798,1916,
55730,14859,7184,7675,26002,12499,13503,29716,14358,15358,26000,12559,13441,14857,7012,7845,3714,1798,1916,
55735,14860,7184,7676,26005,12500,13505,29719,14359,15360,26003,12560,13443,14857,7012,7845,3715,1799,1916,
55740,14862,7185,7677,26005,12500,13505,29720,14359,15361,26005,12561,13444,14859,7013,7846,3715,1799,1916,
55745,14863,7186,7677,26009,12502,13507,29724,14362,15362,26007,12563,13444,14861,7015,7846,3715,1799,1916,
55750,14864,7186,7678,26012,12503,13509,29727,14364,15363,26010,12565,13445,14861,7015,7846,3716,1799,1917,
55755,14866,7186,7680,26012,12503,13509,29728,14364,15364,26012,12565,13447,14863,7016,7847,3716,1799,1917,
55760,14867,7187,7680,26016,12507,13509,29732,14367,15365,26014,12567,13447,14865,7017,7848,3716,1799,1917,
55765,14868,7188,7680,26019,12507,13512,29735,14367,15368,26017,12570,13447,14865,7017,7848,3717,1799,1918,
55770,14870,7189,7681,26019,12507,13512,29736,14368,15368,26019,12571,13448,14867,7019,7848,3717,1799,1918,
55775,14871,7189,7682,26023,12510,13513,29740,14370,15370,26021,12571,13450,14869,7020,7849,3717,1799,1918,
55780,14872,7190,7682,26026,12511,13515,29743,14371,15372,26024,12573,13451,14869,7020,7849,3718,1799,1919,
55785,14874,7191,7683,26026,12511,13515,29744,14371,15373,26026,12573,13453,14871,7020,7851,3718,1799,1919,
55790,14875,7192,7683,26030,12513,13517,29748,14374,15374,26028,12575,13453,14873,7020,7853,3718,1799,1919,
55795,14876,7192,7684,26033,12513,13520,29751,14374,15377,26031,12576,13455,14873,7020,7853,3719,1799,1920,
55800,14878,7193,7685,26033,12513,13520,29752,14375,15377,26033,12577,13456,14875,7021,7854,3719,1799,1920,
55805,14879,7194,7685,26037,12517,13520,29756,14376,15380,26035,12578,13457,14877,7022,7855,3719,1799,1920,
55810,14880,7194,7686,26040,12517,13523,29759,14378,15381,26038,12579,13459,14877,7022,7855,3720,1799,1921,
55815,14882,7195,7687,26040,12517,13523,29760,14378,15382,26040,12580,13460,14879,7022,7857,3720,1799,1921,
55820,14883,7196,7687,26044,12519,13525,29764,14381,15383,26042,12580,13462,14881,7023,7858,3720,1799,1921,
55825,14884,7196,7688,26047,12521,13526,29767,14382,15385,26045,12580,13465,14881,7023,7858,3721,1800,1921,
55830,14886,7197,7689,26047,12521,13526,29768,14382,15386,26047,12581,13466,14883,7025,7858,3721,1800,1921,
55835,14887,7197,7690,26051,12524,13527,29772,14383,15389,26049,12582,13467,14885,7025,7860,3721,1800,1921,
55840,14888,7198,7690,26054,12525,13529,29775,14383,15392,26052,12583,13469,14885,7025,7860,3722,1800,1922,
55845,14890,7199,7691,26054,12525,13529,29776,14383,15393,26054,12584,13470,14887,7026,7861,3722,1800,1922,
55850,14891,7200,7691,26058,12528,13530,29780,14386,15394,26056,12585,13471,14889,7026,7863,3722,1800,1922,
55855,14892,7200,7692,26061,12529,13532,29783,14388,15395,26059,12586,13473,14889,7026,7863,3723,1800,1923,
55860,14894,7200,7694,26061,12529,13532,29784,14389,15395,26061,12587,13474,14891,7027,7864,3723,1800,1923,
55865,14895,7200,7695,26065,12530,13535,29788,14391,15397,26063,12588,13475,14893,7028,7865,3723,1800,1923,
55870,14896,7201,7695,26068,12533,13535,29791,14392,15399,26066,12590,13476,14893,7028,7865,3724,1800,1924,
55875,14898,7202,7696,26068,12533,13535,29792,14392,15400,26068,12592,13476,14895,7030,7865,3724,1800,1924,
55880,14899,7202,7697,26072,12534,13538,29796,14394,15402,26070,12594,13476,14897,7031,7866,3724,1800,1924,
55885,14900,7203,7697,26075,12535,13540,29799,14395,15404,26073,12595,13478,14897,7031,7866,3725,1800,1925,
55890,14902,7205,7697,26075,12535,13540,29800,14395,15405,26075,12595,13480,14899,7033,7866,3725,1800,1925,
55895,14903,7205,7698,26079,12537,13542,29804,14398,15406,26077,12596,13481,14901,7034,7867,3725,1800,1925,
55900,14904,7206,7698,26082,12538,13544,29807,14399,15408,26080,12597,13483,14901,7034,7867,3726,1801,1925,
55905,14906,7208,7698,26082,12538,13544,29808,14399,15409,26082,12599,13483,14903,7034,7869,3726,1801,1925,
55910,14907,7208,7699,26086,12541,13545,29812,14401,15411,26084,12601,13483,14905,7035,7870,3726,1801,1925,
55915,14908,7209,7699,26089,12543,13546,29815,14402,15413,26087,12601,13486,14905,7035,7870,3727,1802,1925,
55920,14910,7210,7700,26089,12543,13546,29816,14402,15414,26089,12602,13487,14907,7037,7870,3727,1802,1925,
55925,14911,7210,7701,26093,12544,13549,29820,14403,15417,26091,12604,13487,14909,7037,7872,3727,1802,1925,
55930,14912,7211,7701,26096,12545,13551,29823,14403,15420,26094,12605,13489,14909,7037,7872,3728,1802,1926,
55935,14914,7211,7703,26096,12545,13551,29824,14404,15420,26096,12605,13491,14911,7039,7872,3728,1802,1926,
55940,14915,7211,7704,26100,12547,13553,29828,14406,15422,26098,12607,13491,14913,7041,7872,3728,1802,1926,
55945,14916,7211,7705,26103,12549,13554,29831,14408,15423,26101,12608,13493,14913,7041,7872,3729,1803,1926,
55950,14918,7211,7707,26103,12549,13554,29832,14409,15423,26103,12609,13494,14915,7042,7873,3729,1803,1926,
55955,14919,7211,7708,26107,12552,13555,29836,14411,15425,26105,12610,13495,14917,7042,7875,3729,1803,1926,
55960,14920,7212,7708,26110,12553,13557,29839,14412,15427,26108,12612,13496,14917,7042,7875,3730,1803,1927,
55965,14922,7214,7708,26110,12553,13557,29840,14413,15427,26110,12613,13497,14919,7043,7876,3730,1803,1927,
55970,14923,7214,7709,26114,12555,13559,29844,14415,15429,26112,12614,13498,14921,7045,7876,3730,1803,1927,
55975,14924,7215,7709,26117,12556,13561,29847,14417,15430,26115,12615,13500,14921,7045,7876,3731,1804,1927,
55980,14926,7215,7711,26117,12556,13561,29848,14418,15430,26117,12616,13501,14923,7047,7876,3731,1804,1927,
55985,14927,7216,7711,26121,12558,13563,29852,14419,15433,26119,12618,13501,14925,7049,7876,3731,1804,1927,
55990,14928,7216,7712,26124,12560,13564,29855,14421,15434,26122,12618,13504,14925,7049,7876,3732,1804,1928,
55995,14930,7216,7714,26124,12560,13564,29856,14422,15434,26124,12620,13504,14927,7050,7877,3732,1804,1928,
56000,14931,7217,7714,26128,12564,13564,29860,14423,15437,26126,12621,13505,14929,7050,7879,3732,1804,1928,
56005,14932,7217,7715,26131,12565,13566,29863,14424,15439,26129,12622,13507,14929,7050,7879,3733,1804,1929,
56010,14934,7217,7717,26131,12565,13566,29864,14425,15439,26131,12623,13508,14931,7051,7880,3733,1804,1929,
56015,14935,7218,7717,26135,12566,13569,29868,14427,15441,26133,12624,13509,14933,7052,7881,3733,1804,1929,
56020,14936,7218,7718,26138,12566,13572,29871,14429,15442,26136,12626,13510,14933,7052,7881,3734,1804,1930,
56025,14938,7220,7718,26138,12566,13572,29872,14430,15442,26138,12626,13512,14935,7053,7882,3734,1804,1930,
56030,14939,7221,7718,26142,12569,13573,29876,14432,15444,26140,12626,13514,14937,7054,7883,3734,1804,1930,
56035,14940,7222,7718,26145,12570,13575,29879,14433,15446,26143,12627,13516,14937,7054,7883,3735,1805,1930,
56040,14942,7224,7718,26145,12570,13575,29880,14433,15447,26145,12627,13518,14939,7054,7885,3735,1805,1930,
56045,14943,7225,7718,26149,12573,13576,29884,14433,15451,26147,12628,13519,14941,7054,7887,3735,1805,1930,
56050,14944,7226,7718,26152,12573,13579,29887,14435,15452,26150,12629,13521,14941,7054,7887,3736,1805,1931,
56055,14946,7226,7720,26152,12573,13579,29888,14436,15452,26152,12631,13521,14943,7055,7888,3736,1805,1931,
56060,14947,7226,7721,26156,12576,13580,29892,14438,15454,26154,12632,13522,14945,7057,7888,3736,1805,1931,
56065,14948,7226,7722,26159,12577,13582,29895,14441,15454,26157,12634,13523,14945,7057,7888,3737,1806,1931,
56070,14950,7227,7723,26159,12577,13582,29896,14442,15454,26159,12634,13525,14947,7058,7889,3737,1806,1931,
56075,14951,7227,7724,26163,12580,13583,29900,14445,15455,26161,12634,13527,14949,7058,7891,3737,1806,1931,
56080,14952,7228,7724,26166,12582,13584,29903,14445,15458,26164,12636,13528,14949,7058,7891,3738,1806,1932,
56085,14954,7229,7725,26166,12582,13584,29904,14445,15459,26166,12638,13528,14951,7058,7893,3738,1806,1932,
56090,14955,7230,7725,26170,12584,13586,29908,14446,15462,26168,12638,13530,14953,7059,7894,3738,1806,1932,
56095,14956,7231,7725,26173,12585,13588,29911,14448,15463,26171,12641,13530,14953,7059,7894,3739,1807,1932,
56100,14958,7232,7726,26173,12585,13588,29912,14448,15464,26173,12642,13531,14955,7061,7894,3739,1807,1932,
56105,14959,7233,7726,26177,12586,13591,29916,14450,15466,26175,12644,13531,14957,7061,7896,3739,1807,1932,
56110,14960,7234,7726,26180,12587,13593,29919,14451,15468,26178,12646,13532,14957,7061,7896,3740,1807,1933,
56115,14962,7234,7728,26180,12587,13593,29920,14452,15468,26180,12647,13533,14959,7062,7897,3740,1807,1933,
56120,14963,7234,7729,26184,12589,13595,29924,14454,15470,26182,12648,13534,14961,7064,7897,3740,1807,1933,
56125,14964,7234,7730,26187,12592,13595,29927,14456,15471,26185,12650,13535,14961,7064,7897,3741,1807,1934,
56130,14966,7236,7730,26187,12592,13595,29928,14456,15472,26187,12651,13536,14963,7066,7897,3741,1807,1934,
56135,14967,7237,7730,26191,12593,13598,29932,14458,15474,26189,12653,13536,14965,7066,7899,3741,1807,1934,
56140,14968,7238,7730,26194,12596,13598,29935,14460,15475,26192,12655,13537,14965,7066,7899,3742,1808,1934,
56145,14970,7238,7732,26194,12596,13598,29936,14460,15476,26194,12656,13538,14967,7066,7901,3742,1808,1934,
56150,14971,7239,7732,26198,12598,13600,29940,14462,15478,26196,12658,13538,14969,7066,7903,3742,1808,1934,
56155,14972,7239,7733,26201,12599,13602,29943,14463,15480,26199,12659,13540,14969,7066,7903,3743,1808,1935,
56160,14974,7239,7735,26201,12599,13602,29944,14463,15481,26201,12659,13542,14971,7068,7903,3743,1808,1935,
56165,14975,7239,7736,26205,12601,13604,29948,14465,15483,26203,12660,13543,14973,7068,7905,3743,1808,1935,
56170,14976,7240,7736,26208,12602,13606,29951,14468,15483,26206,12662,13544,14973,7068,7905,3744,1809,1935,
56175,14978,7242,7736,26208,12602,13606,29952,14468,15484,26208,12664,13544,14975,7069,7906,3744,1809,1935,
56180,14979,7243,7736,26212,12605,13607,29956,14471,15485,26210,12666,13544,14977,7070,7907,3744,1809,1935,
56185,14980,7243,7737,26215,12607,13608,29959,14472,15487,26213,12667,13546,14977,7070,7907,3745,1810,1935,
56190,14982,7244,7738,26215,12607,13608,29960,14473,15487,26215,12668,13547,14979,7072,7907,3745,1810,1935,
56195,14983,7245,7738,26219,12609,13610,29964,14475,15489,26217,12669,13548,14981,7074,7907,3745,1810,1935,
56200,14984,7246,7738,26222,12611,13611,29967,14476,15491,26220,12669,13551,14981,7074,7907,3746,1810,1936,
56205,14986,7247,7739,26222,12611,13611,29968,14477,15491,26222,12670,13552,14983,7075,7908,3746,1810,1936,
56210,14987,7248,7739,26226,12613,13613,29972,14480,15492,26224,12672,13552,14985,7076,7909,3746,1810,1936,
56215,14988,7248,7740,26229,12615,13614,29975,14480,15495,26227,12674,13553,14985,7076,7909,3747,1810,1937,
56220,14990,7249,7741,26229,12615,13614,29976,14480,15496,26229,12676,13553,14987,7076,7911,3747,1810,1937,
56225,14991,7249,7742,26233,12616,13617,29980,14481,15499,26231,12677,13554,14989,7078,7911,3747,1810,1937,
56230,14992,7249,7743,26236,12618,13618,29983,14483,15500,26234,12678,13556,14989,7078,7911,3748,1811,1937,
56235,14994,7250,7744,26236,12618,13618,29984,14484,15500,26236,12680,13556,14991,7078,7913,3748,1811,1937,
56240,14995,7250,7745,26240,12620,13620,29988,14486,15502,26238,12681,13557,14993,7079,7914,3748,1811,1937,
56245,14996,7250,7746,26243,12622,13621,29991,14487,15504,26241,12683,13558,14993,7079,7914,3749,1812,1937,
56250,14998,7250,7748,26243,12622,13621,29992,14488,15504,26243,12685,13558,14995,7081,7914,3749,1812,1937,
56255,14999,7251,7748,26247,12625,13622,29996,14491,15505,26245,12686,13559,14997,7081,7916,3749,1812,1937,
56260,15000,7252,7748,26250,12627,13623,29999,14492,15507,26248,12687,13561,14997,7081,7916,3750,1812,1938,
56265,15002,7253,7749,26250,12627,13623,30000,14493,15507,26250,12687,13563,14999,7083,7916,3750,1812,1938,
56270,15003,7254,7749,26254,12630,13624,30004,14495,15509,26252,12688,13564,15001,7084,7917,3750,1812,1938,
56275,15004,7255,7749,26257,12631,13626,30007,14498,15509,26255,12689,13566,15001,7084,7917,3751,1812,1939,
56280,15006,7256,7750,26257,12631,13626,30008,14498,15510,26257,12689,13568,15003,7084,7919,3751,1812,1939,
56285,15007,7256,7751,26261,12633,13628,30012,14499,15513,26259,12691,13568,15005,7084,7921,3751,1812,1939,
56290,15008,7257,7751,26264,12635,13629,30015,14501,15514,26262,12693,13569,15005,7084,7921,3752,1813,1939,
56295,15010,7259,7751,26264,12635,13629,30016,14502,15514,26264,12693,13571,15007,7085,7922,3752,1813,1939,
56300,15011,7260,7751,26268,12636,13632,30020,14504,15516,26266,12695,13571,15009,7085,7924,3752,1813,1939,
56305,15012,7260,7752,26271,12638,13633,30023,14506,15517,26269,12696,13573,15009,7085,7924,3753,1814,1939,
56310,15014,7261,7753,26271,12638,13633,30024,14506,15518,26271,12696,13575,15011,7087,7924,3753,1814,1939,
56315,15015,7261,7754,26275,12641,13634,30028,14506,15522,26273,12697,13576,15013,7087,7926,3753,1814,1939,
56320,15016,7261,7755,26278,12642,13636,30031,14507,15524,26276,12700,13576,15013,7087,7926,3754,1814,1940,
56325,15018,7263,7755,26278,12642,13636,30032,14507,15525,26278,12701,13577,15015,7089,7926,3754,1814,1940,
56330,15019,7263,7756,26282,12644,13638,30036,14508,15528,26280,12701,13579,15017,7090,7927,3754,1814,1940,
56335,15020,7264,7756,26285,12646,13639,30039,14509,15530,26283,12703,13580,15017,7090,7927,3755,1815,1940,
56340,15022,7265,7757,26285,12646,13639,30040,14509,15531,26285,12705,13580,15019,7092,7927,3755,1815,1940,
56345,15023,7265,7758,26289,12647,13642,30044,14511,15533,26287,12706,13581,15021,7093,7928,3755,1815,1940,
56350,15024,7265,7759,26292,12648,13644,30047,14513,15534,26290,12709,13581,15021,7093,7928,3756,1816,1940,
56355,15026,7266,7760,26292,12648,13644,30048,14514,15534,26292,12709,13583,15023,7093,7930,3756,1816,1940,
56360,15027,7267,7760,26296,12649,13647,30052,14517,15535,26294,12709,13585,15025,7094,7931,3756,1816,1940,
56365,15028,7268,7760,26299,12650,13649,30055,14520,15535,26297,12711,13586,15025,7094,7931,3757,1817,1940,
56370,15030,7269,7761,26299,12650,13649,30056,14520,15536,26299,12713,13586,15027,7095,7932,3757,1817,1940,
56375,15031,7270,7761,26303,12652,13651,30060,14520,15540,26301,12714,13587,15029,7095,7934,3757,1817,1940,
56380,15032,7270,7762,26306,12653,13653,30063,14521,15542,26304,12716,13588,15029,7095,7934,3758,1818,1940,
56385,15034,7271,7763,26306,12653,13653,30064,14521,15543,26306,12717,13589,15031,7095,7936,3758,1818,1940,
56390,15035,7272,7763,26310,12654,13656,30068,14524,15544,26308,12719,13589,15033,7096,7937,3758,1818,1940,
56395,15036,7273,7763,26313,12656,13657,30071,14525,15546,26311,12720,13591,15033,7096,7937,3759,1819,1940,
56400,15038,7273,7765,26313,12656,13657,30072,14525,15547,26313,12721,13592,15035,7097,7938,3759,1819,1940,
56405,15039,7274,7765,26317,12658,13659,30076,14526,15550,26315,12723,13592,15037,7098,7939,3759,1819,1940,
56410,15040,7275,7765,26320,12659,13661,30079,14526,15553,26318,12726,13592,15037,7098,7939,3760,1820,1940,
56415,15042,7276,7766,26320,12659,13661,30080,14527,15553,26320,12726,13594,15039,7099,7940,3760,1820,1940,
56420,15043,7276,7767,26324,12662,13662,30084,14530,15554,26322,12726,13596,15041,7100,7941,3760,1820,1940,
56425,15044,7276,7768,26327,12663,13664,30087,14531,15556,26325,12727,13598,15041,7100,7941,3761,1820,1941,
56430,15046,7277,7769,26327,12663,13664,30088,14532,15556,26327,12728,13599,15043,7100,7943,3761,1820,1941,
56435,15047,7277,7770,26331,12664,13667,30092,14535,15557,26329,12729,13600,15045,7101,7944,3761,1820,1941,
56440,15048,7278,7770,26334,12666,13668,30095,14536,15559,26332,12730,13602,15045,7101,7944,3762,1820,1942,
56445,15050,7278,7772,26334,12666,13668,30096,14536,15560,26334,12731,13603,15047,7103,7944,3762,1820,1942,
56450,15051,7278,7773,26338,12669,13669,30100,14538,15562,26336,12732,13604,15049,7104,7945,3762,1820,1942,
56455,15052,7278,7774,26341,12670,13671,30103,14538,15565,26339,12734,13605,15049,7104,7945,3763,1821,1942,
56460,15054,7279,7775,26341,12670,13671,30104,14538,15566,26341,12736,13605,15051,7105,7946,3763,1821,1942,
56465,15055,7280,7775,26345,12670,13675,30108,14541,15567,26343,12738,13605,15053,7106,7947,3763,1821,1942,
56470,15056,7280,7776,26348,12672,13676,30111,14542,15569,26346,12738,13608,15053,7106,7947,3764,1821,1943,
56475,15058,7281,7777,26348,12672,13676,30112,14543,15569,26348,12740,13608,15055,7106,7949,3764,1821,1943,
56480,15059,7282,7777,26352,12674,13678,30116,14546,15570,26350,12740,13610,15057,7107,7950,3764,1821,1943,
56485,15060,7283,7777,26355,12675,13680,30119,14547,15572,26353,12742,13611,15057,7107,7950,3765,1821,1944,
56490,15062,7284,7778,26355,12675,13680,30120,14547,15573,26355,12742,13613,15059,7107,7952,3765,1821,1944,
56495,15063,7285,7778,26359,12677,13682,30124,14547,15577,26357,12742,13615,15061,7108,7953,3765,1821,1944,
56500,15064,7285,7779,26362,12678,13684,30127,14549,15578,26360,12744,13616,15061,7108,7953,3766,1821,1945,
56505,15066,7285,7781,26362,12678,13684,30128,14550,15578,26362,12744,13618,15063,7108,7955,3766,1821,1945,
56510,15067,7286,7781,26366,12680,13686,30132,14552,15580,26364,12746,13618,15065,7109,7956,3766,1821,1945,
56515,15068,7287,7781,26369,12681,13688,30135,14552,15583,26367,12748,13619,15065,7109,7956,3767,1822,1945,
56520,15070,7288,7782,26369,12681,13688,30136,14552,15584,26369,12749,13620,15067,7109,7958,3767,1822,1945,
56525,15071,7288,7783,26373,12682,13691,30140,14555,15585,26371,12750,13621,15069,7110,7959,3767,1822,1945,
56530,15072,7288,7784,26376,12685,13691,30143,14557,15586,26374,12750,13624,15069,7110,7959,3768,1822,1946,
56535,15074,7289,7785,26376,12685,13691,30144,14557,15587,26376,12750,13626,15071,7112,7959,3768,1822,1946,
56540,15075,7289,7786,26380,12687,13693,30148,14559,15589,26378,12752,13626,15073,7113,7960,3768,1822,1946,
56545,15076,7289,7787,26383,12688,13695,30151,14560,15591,26381,12753,13628,15073,7113,7960,3769,1823,1946,
56550,15078,7290,7788,26383,12688,13695,30152,14560,15592,26383,12753,13630,15075,7115,7960,3769,1823,1946,
56555,15079,7290,7789,26387,12689,13698,30156,14562,15594,26385,12753,13632,15077,7117,7960,3769,1823,1946,
56560,15080,7291,7789,26390,12690,13700,30159,14564,15595,26388,12753,13635,15077,7117,7960,3770,1823,1947,
56565,15082,7292,7790,26390,12690,13700,30160,14565,15595,26390,12754,13636,15079,7118,7961,3770,1823,1947,
56570,15083,7292,7791,26394,12691,13703,30164,14567,15597,26392,12755,13637,15081,7119,7962,3770,1823,1947,
56575,15084,7292,7792,26397,12693,13704,30167,14568,15599,26395,12755,13640,15081,7119,7962,3771,1823,1948,
56580,15086,7294,7792,26397,12693,13704,30168,14569,15599,26397,12756,13641,15083,7121,7962,3771,1823,1948,
56585,15087,7294,7793,26401,12696,13705,30172,14572,15600,26399,12757,13642,15085,7122,7963,3771,1823,1948,
56590,15088,7294,7794,26404,12697,13707,30175,14573,15602,26402,12757,13645,15085,7122,7963,3772,1824,1948,
56595,15090,7294,7796,26404,12697,13707,30176,14574,15602,26404,12759,13645,15087,7123,7964,3772,1824,1948,
56600,15091,7295,7796,26408,12699,13709,30180,14576,15604,26406,12761,13645,15089,7123,7966,3772,1824,1948,
56605,15092,7296,7796,26411,12700,13711,30183,14577,15606,26409,12761,13648,15089,7123,7966,3773,1825,1948,
56610,15094,7296,7798,26411,12700,13711,30184,14577,15607,26411,12761,13650,15091,7124,7967,3773,1825,1948,
56615,15095,7296,7799,26415,12702,13713,30188,14579,15609,26413,12762,13651,15093,7126,7967,3773,1825,1948,
56620,15096,7296,7800,26418,12705,13713,30191,14580,15611,26416,12762,13654,15093,7126,7967,3774,1825,1949,
56625,15098,7297,7801,26418,12705,13713,30192,14580,15612,26418,12762,13656,15095,7127,7968,3774,1825,1949,
56630,15099,7297,7802,26422,12708,13714,30196,14582,15614,26420,12763,13657,15097,7129,7968,3774,1825,1949,
56635,15100,7297,7803,26425,12709,13716,30199,14583,15616,26423,12765,13658,15097,7129,7968,3775,1825,1950,
56640,15102,7297,7805,26425,12709,13716,30200,14583,15617,26425,12766,13659,15099,7131,7968,3775,1825,1950,
56645,15103,7298,7805,26429,12713,13716,30204,14583,15621,26427,12767,13660,15101,7131,7970,3775,1825,1950,
56650,15104,7298,7806,26432,12713,13719,30207,14586,15621,26430,12768,13662,15101,7131,7970,3776,1826,1950,
56655,15106,7300,7806,26432,12713,13719,30208,14587,15621,26432,12770,13662,15103,7132,7971,3776,1826,1950,
56660,15107,7300,7807,26436,12713,13723,30212,14588,15624,26434,12771,13663,15105,7133,7972,3776,1826,1950,
56665,15108,7301,7807,26439,12715,13724,30215,14589,15626,26437,12774,13663,15105,7133,7972,3777,1827,1950,
56670,15110,7301,7809,26439,12715,13724,30216,14589,15627,26439,12775,13664,15107,7134,7973,3777,1827,1950,
56675,15111,7302,7809,26443,12718,13725,30220,14589,15631,26441,12775,13666,15109,7136,7973,3777,1827,1950,
56680,15112,7302,7810,26446,12719,13727,30223,14591,15632,26444,12778,13666,15109,7136,7973,3778,1827,1951,
56685,15114,7302,7812,26446,12719,13727,30224,14592,15632,26446,12780,13666,15111,7137,7974,3778,1827,1951,
56690,15115,7302,7813,26450,12720,13730,30228,14595,15633,26448,12781,13667,15113,7138,7975,3778,1827,1951,
56695,15116,7303,7813,26453,12720,13733,30231,14597,15634,26451,12783,13668,15113,7138,7975,3779,1828,1951,
56700,15118,7303,7815,26453,12720,13733,30232,14597,15635,26453,12785,13668,15115,7139,7976,3779,1828,1951,
56705,15119,7304,7815,26457,12723,13734,30236,14598,15638,26455,12787,13668,15117,7140,7977,3779,1828,1951,
56710,15120,7304,7816,26460,12724,13736,30239,14600,15639,26458,12789,13669,15117,7140,7977,3780,1829,1951,
56715,15122,7305,7817,26460,12724,13736,30240,14601,15639,26460,12789,13671,15119,7142,7977,3780,1829,1951,
56720,15123,7305,7818,26464,12725,13739,30244,14604,15640,26462,12790,13672,15121,7144,7977,3780,1829,1951,
56725,15124,7306,7818,26467,12726,13741,30247,14607,15640,26465,12792,13673,15121,7144,7977,3781,1830,1951,
56730,15126,7306,7820,26467,12726,13741,30248,14607,15641,26467,12794,13673,15123,7144,7979,3781,1830,1951,
56735,15127,7306,7821,26471,12728,13743,30252,14608,15644,26469,12795,13674,15125,7146,7979,3781,1830,1951,
56740,15128,7306,7822,26474,12729,13745,30255,14610,15645,26472,12797,13675,15125,7146,7979,3782,1830,1952,
56745,15130,7308,7822,26474,12729,13745,30256,14610,15646,26474,12797,13677,15127,7147,7980,3782,1830,1952,
56750,15131,7308,7823,26478,12730,13748,30260,14611,15649,26476,12798,13678,15129,7148,7981,3782,1830,1952,
56755,15132,7309,7823,26481,12730,13751,30263,14612,15651,26479,12801,13678,15129,7148,7981,3783,1830,1953,
56760,15134,7309,7825,26481,12730,13751,30264,14613,15651,26481,12802,13679,15131,7150,7981,3783,1830,1953,
56765,15135,7310,7825,26485,12732,13753,30268,14615,15653,26483,12804,13679,15133,7151,7982,3783,1830,1953,
56770,15136,7310,7826,26488,12733,13755,30271,14617,15654,26486,12806,13680,15133,7151,7982,3784,1831,1953,
56775,15138,7310,7828,26488,12733,13755,30272,14618,15654,26488,12808,13680,15135,7152,7983,3784,1831,1953,
56780,15139,7310,7829,26492,12734,13758,30276,14618,15658,26490,12809,13681,15137,7153,7984,3784,1831,1953,
56785,15140,7310,7830,26495,12735,13760,30279,14620,15659,26493,12811,13682,15137,7153,7984,3785,1831,1954,
56790,15142,7311,7831,26495,12735,13760,30280,14620,15660,26495,12812,13683,15139,7154,7985,3785,1831,1954,
56795,15143,7312,7831,26499,12735,13764,30284,14623,15661,26497,12813,13684,15141,7155,7986,3785,1831,1954,
56800,15144,7312,7832,26502,12737,13765,30287,14625,15662,26500,12816,13684,15141,7155,7986,3786,1831,1955,
56805,15146,7313,7833,26502,12737,13765,30288,14625,15663,26502,12816,13686,15143,7157,7986,3786,1831,1955,
56810,15147,7314,7833,26506,12739,13767,30292,14627,15665,26504,12817,13687,15145,7158,7987,3786,1831,1955,
56815,15148,7315,7833,26509,12742,13767,30295,14628,15667,26507,12817,13690,15145,7158,7987,3787,1832,1955,
56820,15150,7317,7833,26509,12742,13767,30296,14628,15668,26509,12818,13691,15147,7158,7989,3787,1832,1955,
56825,15151,7318,7833,26513,12744,13769,30300,14630,15670,26511,12819,13692,15149,7159,7990,3787,1832,1955,
56830,15152,7319,7833,26516,12746,13770,30303,14632,15671,26514,12820,13694,15149,7159,7990,3788,1833,1955,
56835,15154,7321,7833,26516,12746,13770,30304,14632,15672,26516,12822,13694,15151,7159,7992,3788,1833,1955,
56840,15155,7322,7833,26520,12748,13772,30308,14635,15673,26518,12824,13694,15153,7160,7993,3788,1833,1955,
56845,15156,7322,7834,26523,12750,13773,30311,14637,15674,26521,12826,13695,15153,7160,7993,3789,1834,1955,
56850,15158,7323,7835,26523,12750,13773,30312,14638,15674,26523,12826,13697,15155,7160,7995,3789,1834,1955,
56855,15159,7323,7836,26527,12751,13776,30316,14640,15676,26525,12826,13699,15157,7162,7995,3789,1834,1955,
56860,15160,7324,7836,26530,12751,13779,30319,14641,15678,26528,12828,13700,15157,7162,7995,3790,1835,1955,
56865,15162,7325,7837,26530,12751,13779,30320,14641,15679,26530,12830,13700,15159,7162,7997,3790,1835,1955,
56870,15163,7325,7838,26534,12753,13781,30324,14643,15681,26532,12830,13702,15161,7163,7998,3790,1835,1955,
56875,15164,7325,7839,26537,12755,13782,30327,14645,15682,26535,12830,13705,15161,7163,7998,3791,1835,1956,
56880,15166,7327,7839,26537,12755,13782,30328,14646,15682,26537,12831,13706,15163,7163,8000,3791,1835,1956,
56885,15167,7327,7840,26541,12758,13783,30332,14647,15685,26539,12833,13706,15165,7165,8000,3791,1835,1956,
56890,15168,7327,7841,26544,12759,13785,30335,14648,15687,26542,12834,13708,15165,7165,8000,3792,1836,1956,
56895,15170,7328,7842,26544,12759,13785,30336,14649,15687,26544,12835,13709,15167,7166,8001,3792,1836,1956,
56900,15171,7328,7843,26548,12761,13787,30340,14653,15687,26546,12836,13710,15169,7166,8003,3792,1836,1956,
56905,15172,7329,7843,26551,12762,13789,30343,14654,15689,26549,12838,13711,15169,7166,8003,3793,1837,1956,
56910,15174,7330,7844,26551,12762,13789,30344,14654,15690,26551,12838,13713,15171,7167,8004,3793,1837,1956,
56915,15175,7330,7845,26555,12763,13792,30348,14656,15692,26553,12839,13714,15173,7169,8004,3793,1837,1956,
56920,15176,7330,7846,26558,12765,13793,30351,14658,15693,26556,12841,13715,15173,7169,8004,3794,1837,1957,
56925,15178,7332,7846,26558,12765,13793,30352,14659,15693,26558,12843,13715,15175,7169,8006,3794,1837,1957,
56930,15179,7332,7847,26562,12766,13796,30356,14662,15694,26560,12844,13716,15177,7169,8008,3794,1837,1957,
56935,15180,7333,7847,26565,12768,13797,30359,14663,15696,26563,12845,13718,15177,7169,8008,3795,1838,1957,
56940,15182,7333,7849,26565,12768,13797,30360,14663,15697,26565,12846,13719,15179,7170,8009,3795,1838,1957,
56945,15183,7334,7849,26569,12771,13798,30364,14665,15699,26567,12847,13720,15181,7170,8011,3795,1838,1957,
56950,15184,7335,7849,26572,12774,13798,30367,14665,15702,26570,12847,13723,15181,7170,8011,3796,1839,1957,
56955,15186,7336,7850,26572,12774,13798,30368,14665,15703,26572,12848,13724,15183,7170,8013,3796,1839,1957,
56960,15187,7337,7850,26576,12777,13799,30372,14667,15705,26574,12850,13724,15185,7171,8014,3796,1839,1957,
56965,15188,7337,7851,26579,12778,13801,30375,14668,15707,26577,12851,13726,15185,7171,8014,3797,1840,1957,
56970,15190,7339,7851,26579,12778,13801,30376,14668,15708,26579,12853,13726,15187,7172,8015,3797,1840,1957,
56975,15191,7339,7852,26583,12781,13802,30380,14671,15709,26581,12854,13727,15189,7172,8017,3797,1840,1957,
56980,15192,7339,7853,26586,12782,13804,30383,14674,15709,26584,12855,13729,15189,7172,8017,3798,1840,1958,
56985,15194,7340,7854,26586,12782,13804,30384,14675,15709,26586,12856,13730,15191,7173,8018,3798,1840,1958,
56990,15195,7340,7855,26590,12784,13806,30388,14678,15710,26588,12857,13731,15193,7173,8020,3798,1840,1958,
56995,15196,7341,7855,26593,12784,13809,30391,14681,15710,26591,12857,13734,15193,7173,8020,3799,1840,1959,
57000,15198,7342,7856,26593,12784,13809,30392,14682,15710,26593,12858,13735,15195,7173,8022,3799,1840,1959,
57005,15199,7342,7857,26597,12785,13812,30396,14684,15712,26595,12859,13736,15197,7174,8023,3799,1840,1959,
57010,15200,7343,7857,26600,12786,13814,30399,14684,15715,26598,12859,13739,15197,7174,8023,3800,1840,1960,
57015,15202,7345,7857,26600,12786,13814,30400,14684,15716,26600,12859,13741,15199,7174,8025,3800,1840,1960,
57020,15203,7345,7858,26604,12787,13817,30404,14685,15719,26602,12859,13743,15201,7175,8026,3800,1840,1960,
57025,15204,7346,7858,26607,12788,13819,30407,14687,15720,26605,12860,13745,15201,7175,8026,3801,1840,1961,
57030,15206,7346,7860,26607,12788,13819,30408,14688,15720,26607,12861,13746,15203,7176,8027,3801,1840,1961,
57035,15207,7347,7860,26611,12789,13822,30412,14689,15723,26609,12862,13747,15205,7177,8028,3801,1840,1961,
57040,15208,7347,7861,26614,12791,13823,30415,14690,15725,26612,12865,13747,15205,7177,8028,3802,1840,1962,
57045,15210,7347,7863,26614,12791,13823,30416,14691,15725,26614,12866,13748,15207,7178,8029,3802,1840,1962,
57050,15211,7348,7863,26618,12792,13826,30420,14692,15728,26616,12868,13748,15209,7178,8031,3802,1840,1962,
57055,15212,7349,7863,26621,12793,13828,30423,14693,15730,26619,12871,13748,15209,7178,8031,3803,1841,1962,
57060,15214,7350,7864,26621,12793,13828,30424,14693,15731,26621,12873,13748,15211,7179,8032,3803,1841,1962,
57065,15215,7351,7864,26625,12795,13830,30428,14695,15733,26623,12874,13749,15213,7179,8034,3803,1841,1962,
57070,15216,7351,7865,26628,12796,13832,30431,14696,15735,26626,12875,13751,15213,7179,8034,3804,1841,1963,
57075,15218,7352,7866,26628,12796,13832,30432,14696,15736,26628,12876,13752,15215,7179,8036,3804,1841,1963,
57080,15219,7353,7866,26632,12797,13835,30436,14700,15736,26630,12877,13753,15217,7179,8038,3804,1841,1963,
57085,15220,7354,7866,26635,12799,13836,30439,14702,15737,26633,12879,13754,15217,7179,8038,3805,1842,1963,
57090,15222,7355,7867,26635,12799,13836,30440,14703,15737,26635,12879,13756,15219,7179,8040,3805,1842,1963,
57095,15223,7356,7867,26639,12801,13838,30444,14706,15738,26637,12880,13757,15221,7180,8041,3805,1842,1963,
57100,15224,7357,7867,26642,12802,13840,30447,14709,15738,26640,12881,13759,15221,7180,8041,3806,1843,1963,
57105,15226,7358,7868,26642,12802,13840,30448,14710,15738,26642,12881,13761,15223,7181,8042,3806,1843,1963,
57110,15227,7359,7868,26646,12803,13843,30452,14711,15741,26644,12881,13763,15225,7182,8043,3806,1843,1963,
57115,15228,7359,7869,26649,12803,13846,30455,14712,15743,26647,12883,13764,15225,7182,8043,3807,1843,1964,
57120,15230,7359,7871,26649,12803,13846,30456,14713,15743,26649,12884,13765,15227,7183,8044,3807,1843,1964,
57125,15231,7359,7872,26653,12805,13848,30460,14715,15745,26651,12885,13766,15229,7183,8046,3807,1843,1964,
57130,15232,7359,7873,26656,12805,13851,30463,14715,15748,26654,12886,13768,15229,7183,8046,3808,1844,1964,
57135,15234,7360,7874,26656,12805,13851,30464,14716,15748,26656,12888,13768,15231,7185,8046,3808,1844,1964,
57140,15235,7361,7874,26660,12808,13852,30468,14719,15749,26658,12889,13769,15233,7187,8046,3808,1844,1964,
57145,15236,7362,7874,26663,12810,13853,30471,14719,15752,26661,12890,13771,15233,7187,8046,3809,1844,1965,
57150,15238,7362,7876,26663,12810,13853,30472,14719,15753,26663,12891,13772,15235,7188,8047,3809,1844,1965,
57155,15239,7363,7876,26667,12812,13855,30476,14719,15757,26665,12891,13774,15237,7189,8048,3809,1844,1965,
57160,15240,7364,7876,26670,12814,13856,30479,14721,15758,26668,12892,13776,15237,7189,8048,3810,1845,1965,
57165,15242,7365,7877,26670,12814,13856,30480,14722,15758,26670,12893,13777,15239,7189,8050,3810,1845,1965,
57170,15243,7365,7878,26674,12816,13858,30484,14724,15760,26672,12894,13778,15241,7190,8051,3810,1845,1965,
57175,15244,7366,7878,26677,12816,13861,30487,14725,15762,26675,12896,13779,15241,7190,8051,3811,1845,1966,
57180,15246,7366,7880,26677,12816,13861,30488,14726,15762,26677,12897,13780,15243,7191,8052,3811,1845,1966,
57185,15247,7366,7881,26681,12819,13862,30492,14729,15763,26679,12898,13781,15245,7192,8053,3811,1845,1966,
57190,15248,7366,7882,26684,12821,13863,30495,14731,15764,26682,12900,13782,15245,7192,8053,3812,1846,1966,
57195,15250,7368,7882,26684,12821,13863,30496,14731,15765,26684,12901,13783,15247,7193,8054,3812,1846,1966,
57200,15251,7369,7882,26688,12823,13865,30500,14733,15767,26686,12902,13784,15249,7195,8054,3812,1846,1966,
57205,15252,7370,7882,26691,12824,13867,30503,14736,15767,26689,12902,13787,15249,7195,8054,3813,1846,1967,
57210,15254,7371,7883,26691,12824,13867,30504,14737,15767,26691,12903,13788,15251,7196,8055,3813,1846,1967,
57215,15255,7372,7883,26695,12825,13870,30508,14738,15770,26693,12904,13789,15253,7197,8056,3813,1846,1967,
57220,15256,7373,7883,26698,12826,13872,30511,14741,15770,26696,12906,13790,15253,7197,8056,3814,1847,1967,
57225,15258,7374,7884,26698,12826,13872,30512,14741,15771,26698,12907,13791,15255,7197,8058,3814,1847,1967,
57230,15259,7375,7884,26702,12829,13873,30516,14743,15773,26700,12908,13792,15257,7197,8060,3814,1847,1967,
57235,15260,7375,7885,26705,12832,13873,30519,14744,15775,26703,12909,13794,15257,7197,8060,3815,1848,1967,
57240,15262,7377,7885,26705,12832,13873,30520,14744,15776,26705,12911,13794,15259,7197,8062,3815,1848,1967,
57245,15263,7378,7885,26709,12833,13876,30524,14745,15779,26707,12911,13796,15261,7199,8062,3815,1848,1967,
57250,15264,7378,7886,26712,12834,13878,30527,14746,15781,26710,12912,13798,15261,7199,8062,3816,1849,1967,
57255,15266,7379,7887,26712,12834,13878,30528,14747,15781,26712,12913,13799,15263,7200,8063,3816,1849,1967,
57260,15267,7379,7888,26716,12835,13881,30532,14748,15784,26714,12913,13801,15265,7201,8064,3816,1849,1967,
57265,15268,7380,7888,26719,12837,13882,30535,14749,15786,26717,12915,13802,15265,7201,8064,3817,1849,1968,
57270,15270,7381,7889,26719,12837,13882,30536,14750,15786,26719,12916,13803,15267,7203,8064,3817,1849,1968,
57275,15271,7381,7890,26723,12839,13884,30540,14752,15788,26721,12918,13803,15269,7203,8066,3817,1849,1968,
57280,15272,7382,7890,26726,12841,13885,30543,14755,15788,26724,12918,13806,15269,7203,8066,3818,1849,1969,
57285,15274,7384,7890,26726,12841,13885,30544,14756,15788,26726,12919,13807,15271,7204,8067,3818,1849,1969,
57290,15275,7385,7890,26730,12843,13887,30548,14756,15792,26728,12920,13808,15273,7206,8067,3818,1849,1969,
57295,15276,7385,7891,26733,12846,13887,30551,14757,15794,26731,12922,13809,15273,7206,8067,3819,1850,1969,
57300,15278,7386,7892,26733,12846,13887,30552,14757,15795,26733,12923,13810,15275,7206,8069,3819,1850,1969,
57305,15279,7387,7892,26737,12848,13889,30556,14759,15797,26735,12924,13811,15277,7208,8069,3819,1850,1969,
57310,15280,7387,7893,26740,12848,13892,30559,14761,15798,26738,12926,13812,15277,7208,8069,3820,1851,1969,
57315,15282,7388,7894,26740,12848,13892,30560,14761,15799,26740,12927,13813,15279,7209,8070,3820,1851,1969,
57320,15283,7388,7895,26744,12851,13893,30564,14762,15802,26742,12928,13814,15281,7209,8072,3820,1851,1969,
57325,15284,7389,7895,26747,12853,13894,30567,14762,15805,26745,12929,13816,15281,7209,8072,3821,1851,1970,
57330,15286,7389,7897,26747,12853,13894,30568,14763,15805,26747,12931,13816,15283,7209,8074,3821,1851,1970,
57335,15287,7389,7898,26751,12857,13894,30572,14764,15808,26749,12932,13817,15285,7211,8074,3821,1851,1970,
57340,15288,7389,7899,26754,12857,13897,30575,14767,15808,26752,12932,13820,15285,7211,8074,3822,1852,1970,
57345,15290,7390,7900,26754,12857,13897,30576,14768,15808,26754,12934,13820,15287,7213,8074,3822,1852,1970,
57350,15291,7390,7901,26758,12859,13899,30580,14770,15810,26756,12936,13820,15289,7215,8074,3822,1852,1970,
57355,15292,7391,7901,26761,12860,13901,30583,14772,15811,26759,12938,13821,15289,7215,8074,3823,1853,1970,
57360,15294,7392,7902,26761,12860,13901,30584,14772,15812,26761,12940,13821,15291,7216,8075,3823,1853,1970,
57365,15295,7392,7903,26765,12864,13901,30588,14774,15814,26763,12941,13822,15293,7217,8076,3823,1853,1970,
57370,15296,7392,7904,26768,12864,13904,30591,14776,15815,26766,12942,13824,15293,7217,8076,3824,1854,1970,
57375,15298,7393,7905,26768,12864,13904,30592,14777,15815,26768,12944,13824,15295,7218,8077,3824,1854,1970,
57380,15299,7394,7905,26772,12865,13907,30596,14779,15817,26770,12944,13826,15297,7219,8078,3824,1854,1970,
57385,15300,7394,7906,26775,12865,13910,30599,14781,15818,26773,12947,13826,15297,7219,8078,3825,1855,1970,
57390,15302,7396,7906,26775,12865,13910,30600,14782,15818,26775,12948,13827,15299,7221,8078,3825,1855,1970,
57395,15303,7396,7907,26779,12868,13911,30604,14784,15820,26777,12950,13827,15301,7223,8078,3825,1855,1970,
57400,15304,7396,7908,26782,12870,13912,30607,14787,15820,26780,12952,13828,15301,7223,8078,3826,1855,1971,
57405,15306,7398,7908,26782,12870,13912,30608,14788,15820,26782,12954,13828,15303,7223,8080,3826,1855,1971,
57410,15307,7398,7909,26786,12872,13914,30612,14790,15822,26784,12955,13829,15305,7225,8080,3826,1855,1971,
57415,15308,7398,7910,26789,12875,13914,30615,14791,15824,26787,12957,13830,15305,7225,8080,3827,1855,1972,
57420,15310,7398,7912,26789,12875,13914,30616,14792,15824,26789,12957,13832,15307,7227,8080,3827,1855,1972,
57425,15311,7398,7913,26793,12877,13916,30620,14793,15827,26791,12958,13833,15309,7229,8080,3827,1855,1972,
57430,15312,7399,7913,26796,12878,13918,30623,14794,15829,26794,12961,13833,15309,7229,8080,3828,1856,1972,
57435,15314,7400,7914,26796,12878,13918,30624,14795,15829,26796,12963,13833,15311,7229,8082,3828,1856,1972,
57440,15315,7400,7915,26800,12880,13920,30628,14797,15831,26798,12963,13835,15313,7230,8083,3828,1856,1972,
57445,15316,7401,7915,26803,12882,13921,30631,14799,15832,26801,12964,13837,15313,7230,8083,3829,1856,1973,
57450,15318,7401,7917,26803,12882,13921,30632,14799,15833,26803,12965,13838,15315,7231,8084,3829,1856,1973,
57455,15319,7401,7918,26807,12884,13923,30636,14801,15835,26805,12967,13838,15317,7233,8084,3829,1856,1973,
57460,15320,7401,7919,26810,12885,13925,30639,14803,15836,26808,12969,13839,15317,7233,8084,3830,1856,1974,
57465,15322,7401,7921,26810,12885,13925,30640,14804,15836,26810,12970,13840,15319,7234,8085,3830,1856,1974,
57470,15323,7401,7922,26814,12886,13928,30644,14807,15837,26812,12971,13841,15321,7234,8087,3830,1856,1974,
57475,15324,7401,7923,26817,12887,13930,30647,14808,15839,26815,12973,13842,15321,7234,8087,3831,1856,1975,
57480,15326,7402,7924,26817,12887,13930,30648,14809,15839,26817,12974,13843,15323,7235,8088,3831,1856,1975,
57485,15327,7402,7925,26821,12891,13930,30652,14812,15840,26819,12975,13844,15325,7237,8088,3831,1856,1975,
57490,15328,7403,7925,26824,12893,13931,30655,14815,15840,26822,12975,13847,15325,7237,8088,3832,1856,1976,
57495,15330,7405,7925,26824,12893,13931,30656,14816,15840,26824,12976,13848,15327,7238,8089,3832,1856,1976,
57500,15331,7406,7925,26828,12896,13932,30660,14818,15842,26826,12977,13849,15329,7239,8090,3832,1856,1976,
57505,15332,7407,7925,26831,12897,13934,30663,14819,15844,26829,12977,13852,15329,7239,8090,3833,1856,1977,
57510,15334,7409,7925,26831,12897,13934,30664,14820,15844,26831,12977,13854,15331,7241,8090,3833,1856,1977,
57515,15335,7410,7925,26835,12899,13936,30668,14822,15846,26833,12977,13856,15333,7243,8090,3833,1856,1977,
57520,15336,7411,7925,26838,12901,13937,30671,14824,15847,26836,12978,13858,15333,7243,8090,3834,1857,1977,
57525,15338,7412,7926,26838,12901,13937,30672,14825,15847,26838,12979,13859,15335,7244,8091,3834,1857,1977,
57530,15339,7412,7927,26842,12903,13939,30676,14827,15849,26840,12980,13860,15337,7244,8093,3834,1857,1977,
57535,15340,7412,7928,26845,12904,13941,30679,14828,15851,26843,12980,13863,15337,7244,8093,3835,1857,1978,
57540,15342,7414,7928,26845,12904,13941,30680,14829,15851,26845,12982,13863,15339,7245,8094,3835,1857,1978,
57545,15343,7414,7929,26849,12905,13944,30684,14832,15852,26847,12983,13864,15341,7247,8094,3835,1857,1978,
57550,15344,7414,7930,26852,12907,13945,30687,14833,15854,26850,12986,13864,15341,7247,8094,3836,1858,1978,
57555,15346,7415,7931,26852,12907,13945,30688,14834,15854,26852,12988,13864,15343,7249,8094,3836,1858,1978,
57560,15347,7416,7931,26856,12909,13947,30692,14836,15856,26854,12990,13864,15345,7250,8095,3836,1858,1978,
57565,15348,7417,7931,26859,12909,13950,30695,14839,15856,26857,12991,13866,15345,7250,8095,3837,1859,1978,
57570,15350,7418,7932,26859,12909,13950,30696,14840,15856,26859,12993,13866,15347,7250,8097,3837,1859,1978,
57575,15351,7418,7933,26863,12913,13950,30700,14843,15857,26861,12995,13866,15349,7251,8098,3837,1859,1978,
57580,15352,7419,7933,26866,12914,13952,30703,14844,15859,26864,12997,13867,15349,7251,8098,3838,1859,1979,
57585,15354,7421,7933,26866,12914,13952,30704,14844,15860,26866,12998,13868,15351,7252,8099,3838,1859,1979,
57590,15355,7422,7933,26870,12916,13954,30708,14846,15862,26868,13000,13868,15353,7253,8100,3838,1859,1979,
57595,15356,7423,7933,26873,12918,13955,30711,14846,15865,26871,13002,13869,15353,7253,8100,3839,1860,1979,
57600,15358,7423,7935,26873,12918,13955,30712,14847,15865,26873,13003,13870,15355,7254,8101,3839,1860,1979,
57605,15359,7424,7935,26877,12919,13958,30716,14849,15867,26875,13004,13871,15357,7255,8102,3839,1860,1979,
57610,15360,7425,7935,26880,12922,13958,30719,14850,15869,26878,13004,13874,15357,7255,8102,3840,1861,1979,
57615,15362,7426,7936,26880,12922,13958,30720,14850,15870,26880,13006,13874,15359,7255,8104,3840,1861,1979,
57620,15363,7426,7937,26884,12924,13960,30724,14851,15873,26882,13007,13875,15361,7255,8106,3840,1861,1979,
57625,15364,7427,7937,26887,12926,13961,30727,14853,15874,26885,13008,13877,15361,7255,8106,3841,1861,1980,
57630,15366,7429,7937,26887,12926,13961,30728,14853,15875,26887,13009,13878,15363,7257,8106,3841,1861,1980,
57635,15367,7429,7938,26891,12927,13964,30732,14855,15877,26889,13011,13878,15365,7257,8108,3841,1861,1980,
57640,15368,7430,7938,26894,12928,13966,30735,14856,15879,26892,13013,13879,15365,7257,8108,3842,1861,1981,
57645,15370,7430,7940,26894,12928,13966,30736,14857,15879,26894,13013,13881,15367,7258,8109,3842,1861,1981,
57650,15371,7430,7941,26898,12929,13969,30740,14859,15881,26896,13013,13883,15369,7260,8109,3842,1861,1981,
57655,15372,7430,7942,26901,12929,13972,30743,14862,15881,26899,13015,13884,15369,7260,8109,3843,1861,1982,
57660,15374,7430,7944,26901,12929,13972,30744,14863,15881,26901,13016,13885,15371,7261,8110,3843,1861,1982,
57665,15375,7430,7945,26905,12933,13972,30748,14865,15883,26903,13018,13885,15373,7262,8111,3843,1861,1982,
57670,15376,7430,7946,26908,12934,13974,30751,14867,15884,26906,13020,13886,15373,7262,8111,3844,1861,1983,
57675,15378,7430,7948,26908,12934,13974,30752,14867,15885,26908,13020,13888,15375,7262,8113,3844,1861,1983,
57680,15379,7430,7949,26912,12935,13977,30756,14869,15887,26910,13021,13889,15377,7263,8114,3844,1861,1983,
57685,15380,7431,7949,26915,12938,13977,30759,14869,15890,26913,13022,13891,15377,7263,8114,3845,1862,1983,
57690,15382,7432,7950,26915,12938,13977,30760,14870,15890,26915,13023,13892,15379,7265,8114,3845,1862,1983,
57695,15383,7433,7950,26919,12940,13979,30764,14872,15892,26917,13025,13892,15381,7266,8115,3845,1862,1983,
57700,15384,7433,7951,26922,12941,13981,30767,14874,15893,26920,13028,13892,15381,7266,8115,3846,1863,1983,
57705,15386,7435,7951,26922,12941,13981,30768,14874,15894,26922,13028,13894,15383,7266,8117,3846,1863,1983,
57710,15387,7435,7952,26926,12943,13983,30772,14876,15896,26924,13030,13894,15385,7267,8118,3846,1863,1983,
57715,15388,7435,7953,26929,12945,13984,30775,14877,15898,26927,13031,13896,15385,7267,8118,3847,1863,1984,
57720,15390,7437,7953,26929,12945,13984,30776,14877,15899,26929,13032,13897,15387,7268,8119,3847,1863,1984,
57725,15391,7437,7954,26933,12947,13986,30780,14879,15901,26931,13032,13899,15389,7269,8120,3847,1863,1984,
57730,15392,7437,7955,26936,12948,13988,30783,14881,15902,26934,13033,13901,15389,7269,8120,3848,1863,1985,
57735,15394,7438,7956,26936,12948,13988,30784,14881,15903,26936,13033,13903,15391,7270,8121,3848,1863,1985,
57740,15395,7438,7957,26940,12949,13991,30788,14883,15905,26938,13034,13904,15393,7271,8122,3848,1863,1985,
57745,15396,7439,7957,26943,12950,13993,30791,14884,15907,26941,13035,13906,15393,7271,8122,3849,1864,1985,
57750,15398,7440,7958,26943,12950,13993,30792,14885,15907,26943,13037,13906,15395,7271,8124,3849,1864,1985,
57755,15399,7441,7958,26947,12951,13996,30796,14887,15909,26945,13038,13907,15397,7271,8126,3849,1864,1985,
57760,15400,7441,7959,26950,12953,13997,30799,14888,15911,26948,13039,13909,15397,7271,8126,3850,1864,1986,
57765,15402,7441,7961,26950,12953,13997,30800,14889,15911,26950,13040,13910,15399,7272,8127,3850,1864,1986,
57770,15403,7441,7962,26954,12956,13998,30804,14891,15913,26952,13040,13912,15401,7273,8128,3850,1864,1986,
57775,15404,7441,7963,26957,12957,14000,30807,14892,15915,26955,13042,13913,15401,7273,8128,3851,1865,1986,
57780,15406,7442,7964,26957,12957,14000,30808,14892,15916,26957,13043,13914,15403,7274,8129,3851,1865,1986,
57785,15407,7443,7964,26961,12958,14003,30812,14894,15918,26959,13044,13915,15405,7276,8129,3851,1865,1986,
57790,15408,7444,7964,26964,12958,14006,30815,14894,15921,26962,13044,13918,15405,7276,8129,3852,1865,1987,
57795,15410,7445,7965,26964,12958,14006,30816,14895,15921,26964,13046,13918,15407,7277,8130,3852,1865,1987,
57800,15411,7446,7965,26968,12959,14009,30820,14897,15923,26966,13047,13919,15409,7278,8131,3852,1865,1987,
57805,15412,7446,7966,26971,12962,14009,30823,14899,15924,26969,13047,13922,15409,7278,8131,3853,1866,1987,
57810,15414,7447,7967,26971,12962,14009,30824,14899,15925,26971,13048,13923,15411,7279,8132,3853,1866,1987,
57815,15415,7448,7967,26975,12964,14011,30828,14900,15928,26973,13050,13923,15413,7279,8134,3853,1866,1987,
57820,15416,7449,7967,26978,12966,14012,30831,14903,15928,26976,13053,13923,15413,7279,8134,3854,1867,1987,
57825,15418,7449,7969,26978,12966,14012,30832,14904,15928,26978,13053,13925,15415,7281,8134,3854,1867,1987,
57830,15419,7449,7970,26982,12968,14014,30836,14904,15932,26980,13055,13925,15417,7282,8135,3854,1867,1987,
57835,15420,7450,7970,26985,12969,14016,30839,14906,15933,26983,13056,13927,15417,7282,8135,3855,1868,1987,
57840,15422,7451,7971,26985,12969,14016,30840,14906,15934,26985,13058,13927,15419,7283,8136,3855,1868,1987,
57845,15423,7451,7972,26989,12971,14018,30844,14908,15936,26987,13059,13928,15421,7285,8136,3855,1868,1987,
57850,15424,7452,7972,26992,12971,14021,30847,14910,15937,26990,13060,13930,15421,7285,8136,3856,1868,1988,
57855,15426,7453,7973,26992,12971,14021,30848,14911,15937,26992,13060,13932,15423,7286,8137,3856,1868,1988,
57860,15427,7453,7974,26996,12974,14022,30852,14915,15937,26994,13060,13934,15425,7286,8139,3856,1868,1988,
57865,15428,7453,7975,26999,12975,14024,30855,14916,15939,26997,13062,13935,15425,7286,8139,3857,1869,1988,
57870,15430,7454,7976,26999,12975,14024,30856,14916,15940,26999,13063,13936,15427,7287,8140,3857,1869,1988,
57875,15431,7454,7977,27003,12976,14027,30860,14919,15941,27001,13065,13936,15429,7288,8141,3857,1869,1988,
57880,15432,7455,7977,27006,12976,14030,30863,14919,15944,27004,13066,13938,15429,7288,8141,3858,1869,1989,
57885,15434,7455,7979,27006,12976,14030,30864,14920,15944,27006,13067,13939,15431,7288,8143,3858,1869,1989,
57890,15435,7456,7979,27010,12977,14033,30868,14920,15948,27008,13068,13940,15433,7289,8144,3858,1869,1989,
57895,15436,7456,7980,27013,12979,14034,30871,14920,15951,27011,13070,13941,15433,7289,8144,3859,1870,1989,
57900,15438,7456,7982,27013,12979,14034,30872,14920,15952,27013,13071,13942,15435,7290,8145,3859,1870,1989,
57905,15439,7456,7983,27017,12982,14035,30876,14920,15956,27015,13071,13944,15437,7290,8147,3859,1870,1989,
57910,15440,7456,7984,27020,12984,14036,30879,14920,15959,27018,13072,13946,15437,7290,8147,3860,1871,1989,
57915,15442,7457,7985,27020,12984,14036,30880,14921,15959,27020,13072,13948,15439,7290,8149,3860,1871,1989,
57920,15443,7457,7986,27024,12986,14038,30884,14923,15961,27022,13074,13948,15441,7291,8150,3860,1871,1989,
57925,15444,7457,7987,27027,12986,14041,30887,14925,15962,27025,13075,13950,15441,7291,8150,3861,1872,1989,
57930,15446,7458,7988,27027,12986,14041,30888,14925,15963,27027,13077,13950,15443,7293,8150,3861,1872,1989,
57935,15447,7459,7988,27031,12989,14042,30892,14927,15965,27029,13079,13950,15445,7294,8151,3861,1872,1989,
57940,15448,7459,7989,27034,12990,14044,30895,14928,15967,27032,13080,13952,15445,7294,8151,3862,1873,1989,
57945,15450,7460,7990,27034,12990,14044,30896,14929,15967,27034,13080,13954,15447,7295,8152,3862,1873,1989,
57950,15451,7460,7991,27038,12991,14047,30900,14931,15969,27036,13080,13956,15449,7296,8153,3862,1873,1989,
57955,15452,7460,7992,27041,12993,14048,30903,14932,15971,27039,13081,13958,15449,7296,8153,3863,1874,1989,
57960,15454,7461,7993,27041,12993,14048,30904,14933,15971,27041,13082,13959,15451,7297,8154,3863,1874,1989,
57965,15455,7462,7993,27045,12996,14049,30908,14935,15973,27043,13083,13960,15453,7299,8154,3863,1874,1989,
57970,15456,7463,7993,27048,12997,14051,30911,14935,15976,27046,13085,13961,15453,7299,8154,3864,1875,1989,
57975,15458,7463,7995,27048,12997,14051,30912,14935,15977,27048,13085,13963,15455,7301,8154,3864,1875,1989,
57980,15459,7463,7996,27052,13000,14052,30916,14935,15981,27050,13086,13964,15457,7301,8156,3864,1875,1989,
57985,15460,7463,7997,27055,13002,14053,30919,14938,15981,27053,13087,13966,15457,7301,8156,3865,1876,1989,
57990,15462,7464,7998,27055,13002,14053,30920,14938,15982,27055,13087,13968,15459,7303,8156,3865,1876,1989,
57995,15463,7464,7999,27059,13003,14056,30924,14941,15983,27057,13088,13969,15461,7304,8157,3865,1876,1989,
58000,15464,7465,7999,27062,13006,14056,30927,14942,15985,27060,13091,13969,15461,7304,8157,3866,1876,1990,
58005,15466,7466,8000,27062,13006,14056,30928,14942,15986,27062,13091,13971,15463,7305,8158,3866,1876,1990,
58010,15467,7466,8001,27066,13007,14059,30932,14946,15986,27064,13092,13972,15465,7307,8158,3866,1876,1990,
58015,15468,7467,8001,27069,13008,14061,30935,14947,15988,27067,13094,13973,15465,7307,8158,3867,1876,1991,
58020,15470,7468,8002,27069,13008,14061,30936,14947,15989,27069,13094,13975,15467,7308,8159,3867,1876,1991,
58025,15471,7468,8003,27073,13008,14065,30940,14950,15990,27071,13094,13977,15469,7309,8160,3867,1876,1991,
58030,15472,7469,8003,27076,13009,14067,30943,14950,15993,27074,13097,13977,15469,7309,8160,3868,1877,1991,
58035,15474,7471,8003,27076,13009,14067,30944,14950,15994,27076,13097,13979,15471,7309,8162,3868,1877,1991,
58040,15475,7471,8004,27080,13009,14071,30948,14952,15996,27078,13099,13979,15473,7309,8164,3868,1877,1991,
58045,15476,7472,8004,27083,13011,14072,30951,14953,15998,27081,13101,13980,15473,7309,8164,3869,1878,1991,
58050,15478,7473,8005,27083,13011,14072,30952,14954,15998,27083,13101,13982,15475,7311,8164,3869,1878,1991,
58055,15479,7473,8006,27087,13014,14073,30956,14956,16000,27085,13101,13984,15477,7312,8165,3869,1878,1991,
58060,15480,7474,8006,27090,13014,14076,30959,14957,16002,27088,13101,13987,15477,7312,8165,3870,1879,1991,
58065,15482,7475,8007,27090,13014,14076,30960,14958,16002,27090,13103,13987,15479,7314,8165,3870,1879,1991,
58070,15483,7476,8007,27094,13017,14077,30964,14960,16004,27092,13104,13988,15481,7315,8166,3870,1879,1991,
58075,15484,7476,8008,27097,13019,14078,30967,14962,16005,27095,13105,13990,15481,7315,8166,3871,1879,1992,
58080,15486,7476,8010,27097,13019,14078,30968,14962,16006,27097,13106,13991,15483,7317,8166,3871,1879,1992,
58085,15487,7476,8011,27101,13021,14080,30972,14965,16007,27099,13108,13991,15485,7318,8167,3871,1879,1992,
58090,15488,7476,8012,27104,13023,14081,30975,14967,16008,27102,13109,13993,15485,7318,8167,3872,1879,1993,
58095,15490,7477,8013,27104,13023,14081,30976,14968,16008,27104,13110,13994,15487,7319,8168,3872,1879,1993,
58100,15491,7478,8013,27108,13024,14084,30980,14972,16008,27106,13112,13994,15489,7320,8169,3872,1879,1993,
58105,15492,7478,8014,27111,13025,14086,30983,14974,16009,27109,13114,13995,15489,7320,8169,3873,1879,1994,
58110,15494,7479,8015,27111,13025,14086,30984,14975,16009,27111,13116,13995,15491,7322,8169,3873,1879,1994,
58115,15495,7479,8016,27115,13027,14088,30988,14978,16010,27113,13118,13995,15493,7324,8169,3873,1879,1994,
58120,15496,7480,8016,27118,13028,14090,30991,14980,16011,27116,13120,13996,15493,7324,8169,3874,1879,1995,
58125,15498,7481,8017,27118,13028,14090,30992,14980,16012,27118,13122,13996,15495,7324,8171,3874,1879,1995,
58130,15499,7481,8018,27122,13030,14092,30996,14982,16014,27120,13123,13997,15497,7324,8173,3874,1879,1995,
58135,15500,7482,8018,27125,13031,14094,30999,14983,16016,27123,13124,13999,15497,7324,8173,3875,1879,1996,
58140,15502,7484,8018,27125,13031,14094,31000,14983,16017,27125,13125,14000,15499,7325,8174,3875,1879,1996,
58145,15503,7484,8019,27129,13034,14095,31004,14984,16020,27127,13125,14002,15501,7325,8176,3875,1879,1996,
58150,15504,7484,8020,27132,13036,14096,31007,14985,16022,27130,13127,14003,15501,7325,8176,3876,1879,1997,
58155,15506,7485,8021,27132,13036,14096,31008,14986,16022,27132,13127,14005,15503,7325,8178,3876,1879,1997,
58160,15507,7486,8021,27136,13038,14098,31012,14989,16023,27134,13127,14007,15505,7325,8180,3876,1879,1997,
58165,15508,7487,8021,27139,13040,14099,31015,14991,16024,27137,13127,14010,15505,7325,8180,3877,1879,1998,
58170,15510,7487,8023,27139,13040,14099,31016,14991,16025,27139,13127,14012,15507,7327,8180,3877,1879,1998,
58175,15511,7487,8024,27143,13042,14101,31020,14992,16028,27141,13127,14014,15509,7328,8181,3877,1879,1998,
58180,15512,7488,8024,27146,13045,14101,31023,14995,16028,27144,13128,14016,15509,7328,8181,3878,1880,1998,
58185,15514,7489,8025,27146,13045,14101,31024,14996,16028,27146,13130,14016,15511,7328,8183,3878,1880,1998,
58190,15515,7490,8025,27150,13047,14103,31028,14996,16032,27148,13130,14018,15513,7330,8183,3878,1880,1998,
58195,15516,7491,8025,27153,13047,14106,31031,14997,16034,27151,13131,14020,15513,7330,8183,3879,1880,1999,
58200,15518,7491,8027,27153,13047,14106,31032,14998,16034,27153,13132,14021,15515,7331,8184,3879,1880,1999,
58205,15519,7491,8028,27157,13048,14109,31036,15000,16036,27155,13133,14022,15517,7332,8185,3879,1880,1999,
58210,15520,7492,8028,27160,13049,14111,31039,15001,16038,27158,13136,14022,15517,7332,8185,3880,1881,1999,
58215,15522,7493,8029,27160,13049,14111,31040,15002,16038,27160,13137,14023,15519,7332,8187,3880,1881,1999,
58220,15523,7493,8030,27164,13052,14112,31044,15006,16038,27162,13138,14024,15521,7334,8187,3880,1881,1999,
58225,15524,7493,8031,27167,13054,14113,31047,15006,16041,27165,13138,14027,15521,7334,8187,3881,1881,2000,
58230,15526,7493,8033,27167,13054,14113,31048,15007,16041,27167,13139,14028,15523,7336,8187,3881,1881,2000,
58235,15527,7494,8033,27171,13055,14116,31052,15008,16044,27169,13139,14030,15525,7336,8189,3881,1881,2000,
58240,15528,7494,8034,27174,13056,14118,31055,15010,16045,27172,13142,14030,15525,7336,8189,3882,1881,2001,
58245,15530,7496,8034,27174,13056,14118,31056,15010,16046,27174,13143,14031,15527,7338,8189,3882,1881,2001,
58250,15531,7497,8034,27178,13058,14120,31060,15010,16050,27176,13144,14032,15529,7339,8190,3882,1881,2001,
58255,15532,7497,8035,27181,13059,14122,31063,15013,16050,27179,13145,14034,15529,7339,8190,3883,1881,2002,
58260,15534,7498,8036,27181,13059,14122,31064,15013,16051,27181,13146,14035,15531,7339,8192,3883,1881,2002,
58265,15535,7498,8037,27185,13060,14125,31068,15013,16055,27183,13148,14035,15533,7341,8192,3883,1881,2002,
58270,15536,7499,8037,27188,13061,14127,31071,15014,16057,27186,13150,14036,15533,7341,8192,3884,1881,2003,
58275,15538,7501,8037,27188,13061,14127,31072,15015,16057,27188,13150,14038,15535,7341,8194,3884,1881,2003,
58280,15539,7501,8038,27192,13062,14130,31076,15015,16061,27190,13150,14040,15537,7342,8195,3884,1881,2003,
58285,15540,7501,8039,27195,13064,14131,31079,15017,16062,27193,13153,14040,15537,7342,8195,3885,1882,2003,
58290,15542,7502,8040,27195,13064,14131,31080,15018,16062,27195,13154,14041,15539,7344,8195,3885,1882,2003,
58295,15543,7503,8040,27199,13065,14134,31084,15020,16064,27197,13155,14042,15541,7344,8197,3885,1882,2003,
58300,15544,7503,8041,27202,13066,14136,31087,15022,16065,27200,13157,14043,15541,7344,8197,3886,1882,2004,
58305,15546,7503,8043,27202,13066,14136,31088,15023,16065,27202,13158,14044,15543,7345,8198,3886,1882,2004,
58310,15547,7504,8043,27206,13070,14136,31092,15024,16068,27204,13159,14045,15545,7347,8198,3886,1882,2004,
58315,15548,7505,8043,27209,13071,14138,31095,15025,16070,27207,13160,14047,15545,7347,8198,3887,1882,2005,
58320,15550,7507,8043,27209,13071,14138,31096,15026,16070,27209,13162,14047,15547,7348,8199,3887,1882,2005,
58325,15551,7508,8043,27213,13075,14138,31100,15029,16071,27211,13162,14049,15549,7349,8200,3887,1882,2005,
58330,15552,7509,8043,27216,13076,14140,31103,15031,16072,27214,13162,14052,15549,7349,8200,3888,1883,2005,
58335,15554,7510,8044,27216,13076,14140,31104,15031,16073,27216,13162,14054,15551,7350,8201,3888,1883,2005,
58340,15555,7511,8044,27220,13076,14144,31108,15033,16075,27218,13164,14054,15553,7350,8203,3888,1883,2005,
58345,15556,7511,8045,27223,13076,14147,31111,15034,16077,27221,13165,14056,15553,7350,8203,3889,1883,2006,
58350,15558,7513,8045,27223,13076,14147,31112,15034,16078,27223,13166,14057,15555,7352,8203,3889,1883,2006,
58355,15559,7513,8046,27227,13078,14149,31116,15038,16078,27225,13166,14059,15557,7353,8204,3889,1883,2006,
58360,15560,7514,8046,27230,13079,14151,31119,15040,16079,27228,13168,14060,15557,7353,8204,3890,1883,2007,
58365,15562,7514,8048,27230,13079,14151,31120,15041,16079,27230,13170,14060,15559,7354,8205,3890,1883,2007,
58370,15563,7514,8049,27234,13082,14152,31124,15043,16081,27232,13171,14061,15561,7354,8207,3890,1883,2007,
58375,15564,7515,8049,27237,13082,14155,31127,15043,16084,27235,13173,14062,15561,7354,8207,3891,1883,2008,
58380,15566,7516,8050,27237,13082,14155,31128,15043,16085,27237,13174,14063,15563,7355,8208,3891,1883,2008,
58385,15567,7517,8050,27241,13083,14158,31132,15044,16088,27239,13176,14063,15565,7355,8210,3891,1883,2008,
58390,15568,7517,8051,27244,13083,14161,31135,15045,16090,27242,13178,14064,15565,7355,8210,3892,1883,2009,
58395,15570,7517,8053,27244,13083,14161,31136,15045,16091,27244,13178,14066,15567,7356,8211,3892,1883,2009,
58400,15571,7517,8054,27248,13086,14162,31140,15047,16093,27246,13179,14067,15569,7357,8212,3892,1883,2009,
58405,15572,7517,8055,27251,13087,14164,31143,15048,16095,27249,13179,14070,15569,7357,8212,3893,1883,2010,
58410,15574,7517,8057,27251,13087,14164,31144,15048,16096,27251,13180,14071,15571,7357,8214,3893,1883,2010,
58415,15575,7517,8058,27255,13088,14167,31148,15050,16098,27253,13181,14072,15573,7359,8214,3893,1883,2010,
58420,15576,7517,8059,27258,13090,14168,31151,15050,16101,27256,13184,14072,15573,7359,8214,3894,1883,2011,
58425,15578,7517,8061,27258,13090,14168,31152,15051,16101,27258,13185,14073,15575,7360,8215,3894,1883,2011,
58430,15579,7517,8062,27262,13091,14171,31156,15053,16103,27260,13187,14073,15577,7361,8216,3894,1883,2011,
58435,15580,7517,8063,27265,13091,14174,31159,15054,16105,27263,13188,14075,15577,7361,8216,3895,1883,2012,
58440,15582,7518,8064,27265,13091,14174,31160,15054,16106,27265,13190,14075,15579,7361,8218,3895,1883,2012,
58445,15583,7518,8065,27269,13093,14176,31164,15056,16108,27267,13190,14077,15581,7363,8218,3895,1883,2012,
58450,15584,7519,8065,27272,13095,14177,31167,15057,16110,27270,13191,14079,15581,7363,8218,3896,1883,2013,
58455,15586,7520,8066,27272,13095,14177,31168,15057,16111,27272,13192,14080,15583,7364,8219,3896,1883,2013,
58460,15587,7521,8066,27276,13097,14179,31172,15058,16114,27274,13194,14080,15585,7365,8220,3896,1883,2013,
58465,15588,7521,8067,27279,13098,14181,31175,15059,16116,27277,13195,14082,15585,7365,8220,3897,1884,2013,
58470,15590,7522,8068,27279,13098,14181,31176,15059,16117,27279,13195,14084,15587,7366,8221,3897,1884,2013,
58475,15591,7523,8068,27283,13098,14185,31180,15061,16119,27281,13195,14086,15589,7368,8221,3897,1884,2013,
58480,15592,7523,8069,27286,13100,14186,31183,15061,16122,27284,13195,14089,15589,7368,8221,3898,1884,2014,
58485,15594,7523,8071,27286,13100,14186,31184,15061,16123,27286,13196,14090,15591,7369,8222,3898,1884,2014,
58490,15595,7523,8072,27290,13102,14188,31188,15065,16123,27288,13197,14091,15593,7371,8222,3898,1884,2014,
58495,15596,7523,8073,27293,13104,14189,31191,15067,16124,27291,13198,14093,15593,7371,8222,3899,1885,2014,
58500,15598,7523,8075,27293,13104,14189,31192,15068,16124,27293,13200,14093,15595,7371,8224,3899,1885,2014,
58505,15599,7524,8075,27297,13107,14190,31196,15069,16127,27295,13200,14095,15597,7372,8225,3899,1885,2014,
58510,15600,7525,8075,27300,13109,14191,31199,15070,16129,27298,13202,14096,15597,7372,8225,3900,1886,2014,
58515,15602,7526,8076,27300,13109,14191,31200,15070,16130,27300,13203,14097,15599,7372,8227,3900,1886,2014,
58520,15603,7527,8076,27304,13113,14191,31204,15073,16131,27302,13203,14099,15601,7372,8229,3900,1886,2014,
58525,15604,7527,8077,27307,13114,14193,31207,15074,16133,27305,13205,14100,15601,7372,8229,3901,1887,2014,
58530,15606,7529,8077,27307,13114,14193,31208,15075,16133,27307,13205,14102,15603,7373,8230,3901,1887,2014,
58535,15607,7530,8077,27311,13116,14195,31212,15075,16137,27309,13206,14103,15605,7374,8231,3901,1887,2014,
58540,15608,7530,8078,27314,13116,14198,31215,15076,16139,27312,13208,14104,15605,7374,8231,3902,1887,2015,
58545,15610,7530,8080,27314,13116,14198,31216,15077,16139,27314,13209,14105,15607,7374,8233,3902,1887,2015,
58550,15611,7531,8080,27318,13118,14200,31220,15078,16142,27316,13209,14107,15609,7376,8233,3902,1887,2015,
58555,15612,7531,8081,27321,13118,14203,31223,15081,16142,27319,13210,14109,15609,7376,8233,3903,1888,2015,
58560,15614,7533,8081,27321,13118,14203,31224,15082,16142,27321,13211,14110,15611,7378,8233,3903,1888,2015,
58565,15615,7533,8082,27325,13120,14205,31228,15085,16143,27323,13213,14110,15613,7380,8233,3903,1888,2015,
58570,15616,7533,8083,27328,13120,14208,31231,15085,16146,27326,13214,14112,15613,7380,8233,3904,1889,2015,
58575,15618,7534,8084,27328,13120,14208,31232,15085,16147,27328,13216,14112,15615,7380,8235,3904,1889,2015,
58580,15619,7535,8084,27332,13122,14210,31236,15086,16150,27330,13217,14113,15617,7381,8236,3904,1889,2015,
58585,15620,7535,8085,27335,13124,14211,31239,15087,16152,27333,13219,14114,15617,7381,8236,3905,1889,2016,
58590,15622,7536,8086,27335,13124,14211,31240,15087,16153,27335,13219,14116,15619,7382,8237,3905,1889,2016,
58595,15623,7536,8087,27339,13126,14213,31244,15088,16156,27337,13219,14118,15621,7384,8237,3905,1889,2016,
58600,15624,7537,8087,27342,13128,14214,31247,15089,16158,27340,13220,14120,15621,7384,8237,3906,1889,2017,
58605,15626,7538,8088,27342,13128,14214,31248,15089,16159,27342,13222,14120,15623,7384,8239,3906,1889,2017,
58610,15627,7538,8089,27346,13130,14216,31252,15092,16160,27344,13222,14122,15625,7385,8240,3906,1889,2017,
58615,15628,7538,8090,27349,13131,14218,31255,15094,16161,27347,13225,14122,15625,7385,8240,3907,1890,2017,
58620,15630,7539,8091,27349,13131,14218,31256,15095,16161,27349,13226,14123,15627,7385,8242,3907,1890,2017,
58625,15631,7539,8092,27353,13134,14219,31260,15097,16163,27351,13227,14124,15629,7385,8244,3907,1890,2017,
58630,15632,7539,8093,27356,13134,14222,31263,15099,16164,27354,13227,14127,15629,7385,8244,3908,1890,2018,
58635,15634,7541,8093,27356,13134,14222,31264,15099,16165,27356,13229,14127,15631,7386,8245,3908,1890,2018,
58640,15635,7542,8093,27360,13136,14224,31268,15101,16167,27358,13231,14127,15633,7386,8247,3908,1890,2018,
58645,15636,7542,8094,27363,13137,14226,31271,15102,16169,27361,13232,14129,15633,7386,8247,3909,1890,2019,
58650,15638,7543,8095,27363,13137,14226,31272,15102,16170,27363,13233,14130,15635,7387,8248,3909,1890,2019,
58655,15639,7543,8096,27367,13140,14227,31276,15104,16172,27365,13234,14131,15637,7388,8249,3909,1890,2019,
58660,15640,7543,8097,27370,13141,14229,31279,15105,16174,27368,13235,14133,15637,7388,8249,3910,1890,2020,
58665,15642,7543,8099,27370,13141,14229,31280,15106,16174,27370,13236,14134,15639,7388,8251,3910,1890,2020,
58670,15643,7543,8100,27374,13142,14232,31284,15107,16177,27372,13237,14135,15641,7389,8252,3910,1890,2020,
58675,15644,7543,8101,27377,13143,14234,31287,15110,16177,27375,13240,14135,15641,7389,8252,3911,1891,2020,
58680,15646,7543,8103,27377,13143,14234,31288,15110,16178,27377,13242,14135,15643,7390,8253,3911,1891,2020,
58685,15647,7543,8104,27381,13145,14236,31292,15113,16179,27379,13242,14137,15645,7391,8254,3911,1891,2020,
58690,15648,7543,8105,27384,13146,14238,31295,15115,16180,27382,13244,14138,15645,7391,8254,3912,1891,2021,
58695,15650,7543,8107,27384,13146,14238,31296,15115,16181,27384,13245,14139,15647,7392,8255,3912,1891,2021,
58700,15651,7544,8107,27388,13149,14239,31300,15118,16182,27386,13246,14140,15649,7393,8256,3912,1891,2021,
58705,15652,7545,8107,27391,13152,14239,31303,15119,16184,27389,13248,14141,15649,7393,8256,3913,1892,2021,
58710,15654,7546,8108,27391,13152,14239,31304,15120,16184,27391,13249,14142,15651,7394,8257,3913,1892,2021,
58715,15655,7547,8108,27395,13153,14242,31308,15123,16185,27393,13250,14143,15653,7396,8257,3913,1892,2021,
58720,15656,7548,8108,27398,13153,14245,31311,15124,16187,27396,13252,14144,15653,7396,8257,3914,1892,2022,
58725,15658,7548,8110,27398,13153,14245,31312,15125,16187,27398,13253,14145,15655,7396,8259,3914,1892,2022,
58730,15659,7549,8110,27402,13155,14247,31316,15128,16188,27400,13254,14146,15657,7396,8261,3914,1892,2022,
58735,15660,7550,8110,27405,13155,14250,31319,15131,16188,27403,13255,14148,15657,7396,8261,3915,1893,2022,
58740,15662,7552,8110,27405,13155,14250,31320,15131,16189,27405,13257,14148,15659,7396,8263,3915,1893,2022,
58745,15663,7552,8111,27409,13157,14252,31324,15133,16191,27407,13258,14149,15661,7396,8265,3915,1893,2022,
58750,15664,7552,8112,27412,13158,14254,31327,15136,16191,27410,13259,14151,15661,7396,8265,3916,1893,2023,
58755,15666,7552,8114,27412,13158,14254,31328,15136,16192,27412,13260,14152,15663,7397,8266,3916,1893,2023,
58760,15667,7552,8115,27416,13162,14254,31332,15138,16194,27414,13261,14153,15665,7398,8267,3916,1893,2023,
58765,15668,7553,8115,27419,13163,14256,31335,15140,16195,27417,13263,14154,15665,7398,8267,3917,1893,2024,
58770,15670,7554,8116,27419,13163,14256,31336,15141,16195,27419,13264,14155,15667,7399,8268,3917,1893,2024,
58775,15671,7555,8116,27423,13165,14258,31340,15143,16197,27421,13264,14157,15669,7400,8269,3917,1893,2024,
58780,15672,7556,8116,27426,13165,14261,31343,15143,16200,27424,13264,14160,15669,7400,8269,3918,1894,2024,
58785,15674,7556,8118,27426,13165,14261,31344,15144,16200,27426,13265,14161,15671,7402,8269,3918,1894,2024,
58790,15675,7557,8118,27430,13168,14262,31348,15146,16202,27428,13267,14161,15673,7402,8271,3918,1894,2024,
58795,15676,7558,8118,27433,13169,14264,31351,15148,16203,27431,13268,14163,15673,7402,8271,3919,1895,2024,
58800,15678,7558,8120,27433,13169,14264,31352,15149,16203,27433,13269,14164,15675,7404,8271,3919,1895,2024,
58805,15679,7559,8120,27437,13172,14265,31356,15149,16207,27435,13269,14166,15677,7405,8272,3919,1895,2024,
58810,15680,7560,8120,27440,13173,14267,31359,15151,16208,27438,13271,14167,15677,7405,8272,3920,1896,2024,
58815,15682,7562,8120,27440,13173,14267,31360,15151,16209,27440,13272,14168,15679,7406,8273,3920,1896,2024,
58820,15683,7562,8121,27444,13175,14269,31364,15154,16210,27442,13274,14168,15681,7406,8275,3920,1896,2024,
58825,15684,7562,8122,27447,13176,14271,31367,15156,16211,27445,13277,14168,15681,7406,8275,3921,1897,2024,
58830,15686,7563,8123,27447,13176,14271,31368,15157,16211,27447,13278,14169,15683,7407,8276,3921,1897,2024,
58835,15687,7563,8124,27451,13180,14271,31372,15159,16213,27449,13280,14169,15685,7407,8278,3921,1897,2024,
58840,15688,7563,8125,27454,13180,14274,31375,15160,16215,27452,13280,14172,15685,7407,8278,3922,1897,2025,
58845,15690,7564,8126,27454,13180,14274,31376,15161,16215,27454,13281,14173,15687,7408,8279,3922,1897,2025,
58850,15691,7564,8127,27458,13181,14277,31380,15163,16217,27456,13282,14174,15689,7410,8279,3922,1897,2025,
58855,15692,7565,8127,27461,13184,14277,31383,15166,16217,27459,13282,14177,15689,7410,8279,3923,1897,2026,
58860,15694,7566,8128,27461,13184,14277,31384,15167,16217,27461,13282,14179,15691,7410,8281,3923,1897,2026,
58865,15695,7566,8129,27465,13187,14278,31388,15169,16219,27463,13283,14180,15693,7412,8281,3923,1897,2026,
58870,15696,7566,8130,27468,13189,14279,31391,15170,16221,27466,13285,14181,15693,7412,8281,3924,1898,2026,
58875,15698,7568,8130,27468,13189,14279,31392,15170,16222,27468,13286,14182,15695,7412,8283,3924,1898,2026,
58880,15699,7568,8131,27472,13189,14283,31396,15171,16225,27470,13287,14183,15697,7414,8283,3924,1898,2026,
58885,15700,7569,8131,27475,13191,14284,31399,15172,16227,27473,13287,14186,15697,7414,8283,3925,1899,2026,
58890,15702,7570,8132,27475,13191,14284,31400,15173,16227,27475,13287,14188,15699,7416,8283,3925,1899,2026,
58895,15703,7570,8133,27479,13193,14286,31404,15176,16228,27477,13287,14190,15701,7416,8285,3925,1899,2026,
58900,15704,7571,8133,27482,13194,14288,31407,15177,16230,27480,13289,14191,15701,7416,8285,3926,1900,2026,
58905,15706,7573,8133,27482,13194,14288,31408,15177,16231,27482,13291,14191,15703,7417,8286,3926,1900,2026,
58910,15707,7574,8133,27486,13196,14290,31412,15178,16234,27484,13293,14191,15705,7417,8288,3926,1900,2026,
58915,15708,7574,8134,27489,13197,14292,31415,15180,16235,27487,13295,14192,15705,7417,8288,3927,1900,2027,
58920,15710,7575,8135,27489,13197,14292,31416,15180,16236,27489,13295,14194,15707,7417,8290,3927,1900,2027,
58925,15711,7576,8135,27493,13199,14294,31420,15181,16239,27491,13296,14195,15709,7417,8292,3927,1900,2027,
58930,15712,7576,8136,27496,13200,14296,31423,15183,16240,27494,13297,14197,15709,7417,8292,3928,1900,2028,
58935,15714,7576,8138,27496,13200,14296,31424,15184,16240,27496,13297,14199,15711,7419,8292,3928,1900,2028,
58940,15715,7576,8139,27500,13202,14298,31428,15186,16242,27498,13299,14199,15713,7420,8293,3928,1900,2028,
58945,15716,7577,8139,27503,13203,14300,31431,15187,16244,27501,13301,14200,15713,7420,8293,3929,1900,2029,
58950,15718,7578,8140,27503,13203,14300,31432,15187,16245,27503,13302,14201,15715,7421,8294,3929,1900,2029,
58955,15719,7579,8140,27507,13205,14302,31436,15189,16247,27505,13304,14201,15717,7421,8296,3929,1900,2029,
58960,15720,7580,8140,27510,13207,14303,31439,15191,16248,27508,13306,14202,15717,7421,8296,3930,1900,2030,
58965,15722,7580,8142,27510,13207,14303,31440,15191,16249,27510,13307,14203,15719,7422,8297,3930,1900,2030,
58970,15723,7581,8142,27514,13208,14306,31444,15193,16251,27512,13308,14204,15721,7422,8299,3930,1900,2030,
58975,15724,7582,8142,27517,13211,14306,31447,15194,16253,27515,13310,14205,15721,7422,8299,3931,1900,2031,
58980,15726,7583,8143,27517,13211,14306,31448,15195,16253,27517,13312,14205,15723,7422,8301,3931,1900,2031,
58985,15727,7583,8144,27521,13214,14307,31452,15195,16257,27519,13312,14207,15725,7422,8303,3931,1900,2031,
58990,15728,7584,8144,27524,13214,14310,31455,15198,16257,27522,13313,14209,15725,7422,8303,3932,1901,2031,
58995,15730,7584,8146,27524,13214,14310,31456,15199,16257,27524,13315,14209,15727,7423,8304,3932,1901,2031,
59000,15731,7584,8147,27528,13217,14311,31460,15202,16258,27526,13316,14210,15729,7425,8304,3932,1901,2031,
59005,15732,7584,8148,27531,13218,14313,31463,15205,16258,27529,13317,14212,15729,7425,8304,3933,1902,2031,
59010,15734,7584,8150,27531,13218,14313,31464,15205,16259,27531,13318,14213,15731,7426,8305,3933,1902,2031,
59015,15735,7584,8151,27535,13220,14315,31468,15207,16261,27533,13320,14213,15733,7427,8306,3933,1902,2031,
59020,15736,7585,8151,27538,13222,14316,31471,15208,16263,27536,13323,14213,15733,7427,8306,3934,1903,2031,
59025,15738,7587,8151,27538,13222,14316,31472,15209,16263,27538,13325,14213,15735,7428,8307,3934,1903,2031,
59030,15739,7588,8151,27542,13223,14319,31476,15212,16264,27540,13326,14214,15737,7430,8307,3934,1903,2031,
59035,15740,7589,8151,27545,13226,14319,31479,15213,16266,27543,13328,14215,15737,7430,8307,3935,1903,2032,
59040,15742,7590,8152,27545,13226,14319,31480,15214,16266,27545,13329,14216,15739,7430,8309,3935,1903,2032,
59045,15743,7590,8153,27549,13229,14320,31484,15215,16269,27547,13330,14217,15741,7430,8311,3935,1903,2032,
59050,15744,7590,8154,27552,13230,14322,31487,15217,16270,27550,13331,14219,15741,7430,8311,3936,1903,2033,
59055,15746,7591,8155,27552,13230,14322,31488,15217,16271,27552,13332,14220,15743,7431,8312,3936,1903,2033,
59060,15747,7591,8156,27556,13232,14324,31492,15219,16273,27554,13333,14221,15745,7432,8313,3936,1903,2033,
59065,15748,7592,8156,27559,13234,14325,31495,15219,16276,27557,13334,14223,15745,7432,8313,3937,1903,2034,
59070,15750,7592,8158,27559,13234,14325,31496,15220,16276,27559,13334,14225,15747,7433,8314,3937,1903,2034,
59075,15751,7592,8159,27563,13238,14325,31500,15221,16279,27561,13335,14226,15749,7434,8315,3937,1903,2034,
59080,15752,7593,8159,27566,13239,14327,31503,15224,16279,27564,13337,14227,15749,7434,8315,3938,1903,2035,
59085,15754,7594,8160,27566,13239,14327,31504,15224,16280,27566,13339,14227,15751,7435,8316,3938,1903,2035,
59090,15755,7595,8160,27570,13241,14329,31508,15226,16282,27568,13339,14229,15753,7436,8317,3938,1903,2035,
59095,15756,7596,8160,27573,13242,14331,31511,15227,16284,27571,13341,14230,15753,7436,8317,3939,1903,2036,
59100,15758,7597,8161,27573,13242,14331,31512,15227,16285,27573,13343,14230,15755,7436,8319,3939,1903,2036,
59105,15759,7597,8162,27577,13245,14332,31516,15227,16289,27575,13343,14232,15757,7437,8320,3939,1903,2036,
59110,15760,7598,8162,27580,13247,14333,31519,15228,16291,27578,13346,14232,15757,7437,8320,3940,1903,2037,
59115,15762,7599,8163,27580,13247,14333,31520,15228,16292,27580,13347,14233,15759,7439,8320,3940,1903,2037,
59120,15763,7600,8163,27584,13249,14335,31524,15230,16294,27582,13348,14234,15761,7440,8321,3940,1903,2037,
59125,15764,7601,8163,27587,13250,14337,31527,15232,16295,27585,13350,14235,15761,7440,8321,3941,1904,2037,
59130,15766,7602,8164,27587,13250,14337,31528,15232,16296,27587,13351,14236,15763,7441,8322,3941,1904,2037,
59135,15767,7603,8164,27591,13250,14341,31532,15234,16298,27589,13352,14237,15765,7442,8323,3941,1904,2037,
59140,15768,7604,8164,27594,13251,14343,31535,15235,16300,27592,13353,14239,15765,7442,8323,3942,1905,2037,
59145,15770,7604,8166,27594,13251,14343,31536,15235,16301,27594,13355,14239,15767,7443,8324,3942,1905,2037,
59150,15771,7604,8167,27598,13253,14345,31540,15235,16305,27596,13357,14239,15769,7444,8325,3942,1905,2037,
59155,15772,7605,8167,27601,13255,14346,31543,15236,16307,27599,13359,14240,15769,7444,8325,3943,1906,2037,
59160,15774,7606,8168,27601,13255,14346,31544,15237,16307,27601,13360,14241,15771,7445,8326,3943,1906,2037,
59165,15775,7607,8168,27605,13257,14348,31548,15238,16310,27603,13360,14243,15773,7446,8327,3943,1906,2037,
59170,15776,7608,8168,27608,13259,14349,31551,15241,16310,27606,13363,14243,15773,7446,8327,3944,1907,2037,
59175,15778,7609,8169,27608,13259,14349,31552,15241,16311,27608,13365,14243,15775,7446,8329,3944,1907,2037,
59180,15779,7610,8169,27612,13261,14351,31556,15242,16314,27610,13366,14244,15777,7447,8330,3944,1907,2037,
59185,15780,7611,8169,27615,13263,14352,31559,15242,16317,27613,13367,14246,15777,7447,8330,3945,1907,2038,
59190,15782,7613,8169,27615,13263,14352,31560,15242,16318,27615,13367,14248,15779,7447,8332,3945,1907,2038,
59195,15783,7613,8170,27619,13266,14353,31564,15243,16321,27617,13367,14250,15781,7449,8332,3945,1907,2038,
59200,15784,7614,8170,27622,13268,14354,31567,15245,16322,27620,13367,14253,15781,7449,8332,3946,1907,2039,
59205,15786,7614,8172,27622,13268,14354,31568,15245,16323,27622,13367,14255,15783,7451,8332,3946,1907,2039,
59210,15787,7614,8173,27626,13269,14357,31572,15246,16326,27624,13367,14257,15785,7453,8332,3946,1907,2039,
59215,15788,7615,8173,27629,13269,14360,31575,15247,16328,27627,13369,14258,15785,7453,8332,3947,1908,2039,
59220,15790,7615,8175,27629,13269,14360,31576,15247,16329,27629,13371,14258,15787,7454,8333,3947,1908,2039,
59225,15791,7615,8176,27633,13271,14362,31580,15249,16331,27631,13371,14260,15789,7455,8334,3947,1908,2039,
59230,15792,7615,8177,27636,13272,14364,31583,15251,16332,27634,13372,14262,15789,7455,8334,3948,1908,2040,
59235,15794,7617,8177,27636,13272,14364,31584,15251,16333,27636,13373,14263,15791,7457,8334,3948,1908,2040,
59240,15795,7618,8177,27640,13274,14366,31588,15253,16335,27638,13374,14264,15793,7458,8335,3948,1908,2040,
59245,15796,7619,8177,27643,13275,14368,31591,15255,16336,27641,13375,14266,15793,7458,8335,3949,1909,2040,
59250,15798,7620,8178,27643,13275,14368,31592,15255,16337,27643,13376,14267,15795,7460,8335,3949,1909,2040,
59255,15799,7620,8179,27647,13277,14370,31596,15256,16340,27645,13376,14269,15797,7460,8337,3949,1909,2040,
59260,15800,7621,8179,27650,13280,14370,31599,15259,16340,27648,13377,14271,15797,7460,8337,3950,1910,2040,
59265,15802,7621,8181,27650,13280,14370,31600,15259,16341,27650,13378,14272,15799,7462,8337,3950,1910,2040,
59270,15803,7621,8182,27654,13281,14373,31604,15261,16343,27652,13379,14273,15801,7463,8338,3950,1910,2040,
59275,15804,7621,8183,27657,13282,14375,31607,15262,16345,27655,13382,14273,15801,7463,8338,3951,1910,2041,
59280,15806,7623,8183,27657,13282,14375,31608,15263,16345,27657,13384,14273,15803,7465,8338,3951,1910,2041,
59285,15807,7624,8183,27661,13282,14379,31612,15264,16348,27659,13385,14274,15805,7465,8340,3951,1910,2041,
59290,15808,7625,8183,27664,13283,14381,31615,15266,16349,27662,13385,14277,15805,7465,8340,3952,1910,2042,
59295,15810,7626,8184,27664,13283,14381,31616,15267,16349,27664,13387,14277,15807,7466,8341,3952,1910,2042,
59300,15811,7627,8184,27668,13286,14382,31620,15267,16353,27666,13389,14277,15809,7466,8343,3952,1910,2042,
59305,15812,7628,8184,27671,13288,14383,31623,15268,16355,27669,13391,14278,15809,7466,8343,3953,1910,2043,
59310,15814,7629,8185,27671,13288,14383,31624,15268,16356,27671,13392,14279,15811,7467,8344,3953,1910,2043,
59315,15815,7629,8186,27675,13291,14384,31628,15269,16359,27673,13392,14281,15813,7468,8345,3953,1910,2043,
59320,15816,7630,8186,27678,13291,14387,31631,15272,16359,27676,13394,14282,15813,7468,8345,3954,1910,2044,
59325,15818,7631,8187,27678,13291,14387,31632,15272,16360,27678,13395,14283,15815,7468,8347,3954,1910,2044,
59330,15819,7632,8187,27682,13292,14390,31636,15273,16363,27680,13397,14283,15817,7469,8348,3954,1910,2044,
59335,15820,7632,8188,27685,13293,14392,31639,15275,16364,27683,13398,14285,15817,7469,8348,3955,1910,2045,
59340,15822,7634,8188,27685,13293,14392,31640,15276,16364,27685,13399,14286,15819,7469,8350,3955,1910,2045,
59345,15823,7634,8189,27689,13294,14395,31644,15278,16366,27687,13400,14287,15821,7471,8350,3955,1910,2045,
59350,15824,7634,8190,27692,13296,14396,31647,15280,16367,27690,13400,14290,15821,7471,8350,3956,1910,2046,
59355,15826,7635,8191,27692,13296,14396,31648,15281,16367,27692,13402,14290,15823,7472,8351,3956,1910,2046,
59360,15827,7635,8192,27696,13297,14399,31652,15282,16370,27694,13402,14292,15825,7473,8352,3956,1910,2046,
59365,15828,7636,8192,27699,13298,14401,31655,15284,16371,27697,13402,14295,15825,7473,8352,3957,1911,2046,
59370,15830,7637,8193,27699,13298,14401,31656,15285,16371,27699,13404,14295,15827,7474,8353,3957,1911,2046,
59375,15831,7638,8193,27703,13302,14401,31660,15287,16373,27701,13404,14297,15829,7475,8354,3957,1911,2046,
59380,15832,7639,8193,27706,13302,14404,31663,15290,16373,27704,13405,14299,15829,7475,8354,3958,1911,2047,
59385,15834,7641,8193,27706,13302,14404,31664,15290,16374,27706,13407,14299,15831,7477,8354,3958,1911,2047,
59390,15835,7642,8193,27710,13305,14405,31668,15291,16377,27708,13407,14301,15833,7478,8355,3958,1911,2047,
59395,15836,7642,8194,27713,13306,14407,31671,15293,16378,27711,13409,14302,15833,7478,8355,3959,1912,2047,
59400,15838,7642,8196,27713,13306,14407,31672,15293,16379,27713,13411,14302,15835,7479,8356,3959,1912,2047,
59405,15839,7643,8196,27717,13307,14410,31676,15294,16382,27715,13412,14303,15837,7479,8358,3959,1912,2047,
59410,15840,7643,8197,27720,13309,14411,31679,15297,16382,27718,13413,14305,15837,7479,8358,3960,1912,2048,
59415,15842,7643,8199,27720,13309,14411,31680,15298,16382,27720,13414,14306,15839,7481,8358,3960,1912,2048,
59420,15843,7643,8200,27724,13313,14411,31684,15299,16385,27722,13414,14308,15841,7483,8358,3960,1912,2048,
59425,15844,7643,8201,27727,13314,14413,31687,15300,16387,27725,13416,14309,15841,7483,8358,3961,1912,2049,
59430,15846,7643,8203,27727,13314,14413,31688,15301,16387,27727,13418,14309,15843,7484,8359,3961,1912,2049,
59435,15847,7643,8204,27731,13316,14415,31692,15303,16389,27729,13419,14310,15845,7484,8361,3961,1912,2049,
59440,15848,7643,8205,27734,13319,14415,31695,15305,16390,27732,13419,14313,15845,7484,8361,3962,1912,2050,
59445,15850,7644,8206,27734,13319,14415,31696,15306,16390,27734,13420,14314,15847,7486,8361,3962,1912,2050,
59450,15851,7644,8207,27738,13320,14418,31700,15308,16392,27736,13422,14314,15849,7486,8363,3962,1912,2050,
59455,15852,7645,8207,27741,13321,14420,31703,15310,16393,27739,13424,14315,15849,7486,8363,3963,1912,2051,
59460,15854,7645,8209,27741,13321,14420,31704,15311,16393,27741,13425,14316,15851,7486,8365,3963,1912,2051,
59465,15855,7646,8209,27745,13323,14422,31708,15313,16395,27743,13426,14317,15853,7488,8365,3963,1912,2051,
59470,15856,7646,8210,27748,13325,14423,31711,15315,16396,27746,13428,14318,15853,7488,8365,3964,1912,2052,
59475,15858,7647,8211,27748,13325,14423,31712,15316,16396,27748,13430,14318,15855,7488,8367,3964,1912,2052,
59480,15859,7648,8211,27752,13327,14425,31716,15320,16396,27750,13432,14318,15857,7489,8368,3964,1912,2052,
59485,15860,7649,8211,27755,13328,14427,31719,15321,16398,27753,13434,14319,15857,7489,8368,3965,1912,2053,
59490,15862,7650,8212,27755,13328,14427,31720,15321,16399,27755,13435,14320,15859,7491,8368,3965,1912,2053,
59495,15863,7650,8213,27759,13332,14427,31724,15323,16401,27757,13437,14320,15861,7493,8368,3965,1912,2053,
59500,15864,7651,8213,27762,13333,14429,31727,15324,16403,27760,13438,14322,15861,7493,8368,3966,1913,2053,
59505,15866,7653,8213,27762,13333,14429,31728,15325,16403,27762,13439,14323,15863,7493,8370,3966,1913,2053,
59510,15867,7654,8213,27766,13335,14431,31732,15329,16403,27764,13440,14324,15865,7493,8372,3966,1913,2053,
59515,15868,7654,8214,27769,13337,14432,31735,15329,16406,27767,13440,14327,15865,7493,8372,3967,1913,2054,
59520,15870,7656,8214,27769,13337,14432,31736,15330,16406,27769,13440,14329,15867,7493,8374,3967,1913,2054,
59525,15871,7656,8215,27773,13339,14434,31740,15332,16408,27771,13440,14331,15869,7495,8374,3967,1913,2054,
59530,15872,7657,8215,27776,13342,14434,31743,15334,16409,27774,13440,14334,15869,7495,8374,3968,1913,2055,
59535,15874,7658,8216,27776,13342,14434,31744,15334,16410,27776,13440,14336,15871,7496,8375,3968,1913,2055,
59540,15875,7659,8216,27780,13345,14435,31748,15337,16411,27778,13441,14337,15873,7496,8377,3968,1913,2055,
59545,15876,7659,8217,27783,13346,14437,31751,15339,16412,27781,13443,14338,15873,7496,8377,3969,1914,2055,
59550,15878,7660,8218,27783,13346,14437,31752,15339,16413,27783,13444,14339,15875,7496,8379,3969,1914,2055,
59555,15879,7660,8219,27787,13349,14438,31756,15341,16415,27785,13445,14340,15877,7497,8380,3969,1914,2055,
59560,15880,7660,8220,27790,13349,14441,31759,15342,16417,27788,13447,14341,15877,7497,8380,3970,1914,2056,
59565,15882,7661,8221,27790,13349,14441,31760,15343,16417,27790,13448,14342,15879,7498,8381,3970,1914,2056,
59570,15883,7662,8221,27794,13351,14443,31764,15346,16418,27792,13448,14344,15881,7500,8381,3970,1914,2056,
59575,15884,7663,8221,27797,13352,14445,31767,15347,16420,27795,13449,14346,15881,7500,8381,3971,1915,2056,
59580,15886,7665,8221,27797,13352,14445,31768,15347,16421,27797,13451,14346,15883,7500,8383,3971,1915,2056,
59585,15887,7665,8222,27801,13352,14449,31772,15350,16422,27799,13451,14348,15885,7502,8383,3971,1915,2056,
59590,15888,7666,8222,27804,13354,14450,31775,15353,16422,27802,13453,14349,15885,7502,8383,3972,1915,2057,
59595,15890,7666,8224,27804,13354,14450,31776,15353,16423,27804,13453,14351,15887,7503,8384,3972,1915,2057,
59600,15891,7666,8225,27808,13356,14452,31780,15354,16426,27806,13454,14352,15889,7505,8384,3972,1915,2057,
59605,15892,7667,8225,27811,13357,14454,31783,15356,16427,27809,13455,14354,15889,7505,8384,3973,1915,2058,
59610,15894,7668,8226,27811,13357,14454,31784,15357,16427,27811,13456,14355,15891,7505,8386,3973,1915,2058,
59615,15895,7668,8227,27815,13359,14456,31788,15360,16428,27813,13457,14356,15893,7506,8387,3973,1915,2058,
59620,15896,7669,8227,27818,13360,14458,31791,15362,16429,27816,13458,14358,15893,7506,8387,3974,1916,2058,
59625,15898,7669,8229,27818,13360,14458,31792,15362,16430,27818,13459,14359,15895,7506,8389,3974,1916,2058,
59630,15899,7669,8230,27822,13362,14460,31796,15363,16433,27820,13460,14360,15897,7506,8391,3974,1916,2058,
59635,15900,7670,8230,27825,13364,14461,31799,15364,16435,27823,13461,14362,15897,7506,8391,3975,1917,2058,
59640,15902,7672,8230,27825,13364,14461,31800,15364,16436,27825,13461,14364,15899,7508,8391,3975,1917,2058,
59645,15903,7672,8231,27829,13364,14465,31804,15365,16439,27827,13463,14364,15901,7508,8393,3975,1917,2058,
59650,15904,7673,8231,27832,13367,14465,31807,15367,16440,27830,13465,14365,15901,7508,8393,3976,1918,2058,
59655,15906,7674,8232,27832,13367,14465,31808,15368,16440,27832,13466,14366,15903,7509,8394,3976,1918,2058,
59660,15907,7674,8233,27836,13368,14468,31812,15370,16442,27834,13467,14367,15905,7511,8394,3976,1918,2058,
59665,15908,7674,8234,27839,13369,14470,31815,15372,16443,27837,13469,14368,15905,7511,8394,3977,1919,2058,
59670,15910,7676,8234,27839,13369,14470,31816,15372,16444,27839,13470,14369,15907,7512,8395,3977,1919,2058,
59675,15911,7677,8234,27843,13372,14471,31820,15373,16447,27841,13470,14371,15909,7514,8395,3977,1919,2058,
59680,15912,7678,8234,27846,13374,14472,31823,15374,16449,27844,13473,14371,15909,7514,8395,3978,1920,2058,
59685,15914,7680,8234,27846,13374,14472,31824,15375,16449,27846,13474,14372,15911,7516,8395,3978,1920,2058,
59690,15915,7680,8235,27850,13378,14472,31828,15377,16451,27848,13475,14373,15913,7517,8396,3978,1920,2058,
59695,15916,7680,8236,27853,13380,14473,31831,15380,16451,27851,13478,14373,15913,7517,8396,3979,1921,2058,
59700,15918,7680,8238,27853,13380,14473,31832,15381,16451,27853,13480,14373,15915,7518,8397,3979,1921,2058,
59705,15919,7681,8238,27857,13383,14474,31836,15384,16452,27855,13481,14374,15917,7520,8397,3979,1921,2058,
59710,15920,7681,8239,27860,13385,14475,31839,15384,16455,27858,13483,14375,15917,7520,8397,3980,1921,2059,
59715,15922,7682,8240,27860,13385,14475,31840,15385,16455,27860,13484,14376,15919,7521,8398,3980,1921,2059,
59720,15923,7682,8241,27864,13388,14476,31844,15386,16458,27862,13486,14376,15921,7522,8399,3980,1921,2059,
59725,15924,7683,8241,27867,13389,14478,31847,15387,16460,27865,13487,14378,15921,7522,8399,3981,1921,2060,
59730,15926,7683,8243,27867,13389,14478,31848,15388,16460,27867,13487,14380,15923,7523,8400,3981,1921,2060,
59735,15927,7684,8243,27871,13392,14479,31852,15388,16464,27869,13488,14381,15925,7523,8402,3981,1921,2060,
59740,15928,7684,8244,27874,13394,14480,31855,15389,16466,27872,13489,14383,15925,7523,8402,3982,1922,2060,
59745,15930,7684,8246,27874,13394,14480,31856,15390,16466,27874,13490,14384,15927,7523,8404,3982,1922,2060,
59750,15931,7684,8247,27878,13394,14484,31860,15392,16468,27876,13491,14385,15929,7524,8405,3982,1922,2060,
59755,15932,7685,8247,27881,13395,14486,31863,15395,16468,27879,13491,14388,15929,7524,8405,3983,1922,2061,
59760,15934,7687,8247,27881,13395,14486,31864,15396,16468,27881,13492,14389,15931,7525,8406,3983,1922,2061,
59765,15935,7688,8247,27885,13398,14487,31868,15398,16470,27883,13493,14390,15933,7527,8406,3983,1922,2061,
59770,15936,7688,8248,27888,13401,14487,31871,15400,16471,27886,13494,14392,15933,7527,8406,3984,1922,2062,
59775,15938,7689,8249,27888,13401,14487,31872,15401,16471,27888,13495,14393,15935,7528,8407,3984,1922,2062,
59780,15939,7690,8249,27892,13402,14490,31876,15404,16472,27890,13496,14394,15937,7530,8407,3984,1922,2062,
59785,15940,7691,8249,27895,13403,14492,31879,15405,16474,27893,13497,14396,15937,7530,8407,3985,1922,2063,
59790,15942,7692,8250,27895,13403,14492,31880,15405,16475,27895,13497,14398,15939,7531,8408,3985,1922,2063,
59795,15943,7693,8250,27899,13405,14494,31884,15408,16476,27897,13497,14400,15941,7531,8410,3985,1922,2063,
59800,15944,7694,8250,27902,13407,14495,31887,15410,16477,27900,13498,14402,15941,7531,8410,3986,1922,2064,
59805,15946,7695,8251,27902,13407,14495,31888,15410,16478,27902,13499,14403,15943,7532,8411,3986,1922,2064,
59810,15947,7695,8252,27906,13409,14497,31892,15413,16479,27904,13500,14404,15945,7534,8411,3986,1922,2064,
59815,15948,7696,8252,27909,13410,14499,31895,15416,16479,27907,13501,14406,15945,7534,8411,3987,1922,2065,
59820,15950,7696,8254,27909,13410,14499,31896,15417,16479,27909,13501,14408,15947,7535,8412,3987,1922,2065,
59825,15951,7696,8255,27913,13412,14501,31900,15419,16481,27911,13503,14408,15949,7535,8414,3987,1922,2065,
59830,15952,7696,8256,27916,13415,14501,31903,15421,16482,27914,13505,14409,15949,7535,8414,3988,1923,2065,
59835,15954,7697,8257,27916,13415,14501,31904,15421,16483,27916,13507,14409,15951,7535,8416,3988,1923,2065,
59840,15955,7697,8258,27920,13417,14503,31908,15423,16485,27918,13508,14410,15953,7536,8417,3988,1923,2065,
59845,15956,7698,8258,27923,13418,14505,31911,15424,16487,27921,13509,14412,15953,7536,8417,3989,1923,2066,
59850,15958,7700,8258,27923,13418,14505,31912,15425,16487,27923,13510,14413,15955,7536,8419,3989,1923,2066,
59855,15959,7700,8259,27927,13420,14507,31916,15426,16490,27925,13511,14414,15957,7537,8420,3989,1923,2066,
59860,15960,7700,8260,27930,13421,14509,31919,15426,16493,27928,13513,14415,15957,7537,8420,3990,1924,2066,
59865,15962,7701,8261,27930,13421,14509,31920,15426,16494,27930,13514,14416,15959,7538,8421,3990,1924,2066,
59870,15963,7701,8262,27934,13422,14512,31924,15429,16495,27932,13515,14417,15961,7538,8423,3990,1924,2066,
59875,15964,7701,8263,27937,13424,14513,31927,15430,16497,27935,13516,14419,15961,7538,8423,3991,1924,2067,
59880,15966,7701,8265,27937,13424,14513,31928,15431,16497,27937,13518,14419,15963,7539,8424,3991,1924,2067,
59885,15967,7702,8265,27941,13426,14515,31932,15433,16499,27939,13519,14420,15965,7540,8425,3991,1924,2067,
59890,15968,7703,8265,27944,13428,14516,31935,15434,16501,27942,13522,14420,15965,7540,8425,3992,1925,2067,
59895,15970,7705,8265,27944,13428,14516,31936,15435,16501,27944,13523,14421,15967,7541,8426,3992,1925,2067,
59900,15971,7705,8266,27948,13431,14517,31940,15437,16503,27946,13524,14422,15969,7541,8428,3992,1925,2067,
59905,15972,7705,8267,27951,13433,14518,31943,15439,16504,27949,13527,14422,15969,7541,8428,3993,1925,2068,
59910,15974,7706,8268,27951,13433,14518,31944,15439,16505,27951,13528,14423,15971,7541,8430,3993,1925,2068,
59915,15975,7706,8269,27955,13435,14520,31948,15442,16506,27953,13529,14424,15973,7542,8431,3993,1925,2068,
59920,15976,7706,8270,27958,13436,14522,31951,15444,16507,27956,13530,14426,15973,7542,8431,3994,1925,2069,
59925,15978,7706,8272,27958,13436,14522,31952,15445,16507,27958,13531,14427,15975,7543,8432,3994,1925,2069,
59930,15979,7706,8273,27962,13439,14523,31956,15447,16509,27960,13531,14429,15977,7545,8432,3994,1925,2069,
59935,15980,7707,8273,27965,13439,14526,31959,15450,16509,27963,13532,14431,15977,7545,8432,3995,1926,2069,
59940,15982,7707,8275,27965,13439,14526,31960,15451,16509,27965,13533,14432,15979,7545,8434,3995,1926,2069,
59945,15983,7707,8276,27969,13440,14529,31964,15454,16510,27967,13534,14433,15981,7546,8435,3995,1926,2069,
59950,15984,7708,8276,27972,13441,14531,31967,15455,16512,27970,13537,14433,15981,7546,8435,3996,1926,2070,
59955,15986,7709,8277,27972,13441,14531,31968,15455,16513,27972,13537,14435,15983,7547,8436,3996,1926,2070,
59960,15987,7710,8277,27976,13443,14533,31972,15457,16515,27974,13538,14436,15985,7549,8436,3996,1926,2070,
59965,15988,7710,8278,27979,13444,14535,31975,15457,16518,27977,13539,14438,15985,7549,8436,3997,1926,2071,
59970,15990,7712,8278,27979,13444,14535,31976,15457,16519,27979,13540,14439,15987,7549,8438,3997,1926,2071,
59975,15991,7713,8278,27983,13445,14538,31980,15458,16522,27981,13540,14441,15989,7550,8439,3997,1926,2071,
59980,15992,7714,8278,27986,13446,14540,31983,15458,16525,27984,13543,14441,15989,7550,8439,3998,1926,2072,
59985,15994,7715,8279,27986,13446,14540,31984,15458,16526,27986,13544,14442,15991,7552,8439,3998,1926,2072,
59990,15995,7715,8280,27990,13447,14543,31988,15460,16528,27988,13545,14443,15993,7552,8441,3998,1926,2072,
59995,15996,7715,8281,27993,13448,14545,31991,15460,16531,27991,13546,14445,15993,7552,8441,3999,1926,2073,
60000,15998,7715,8283,27993,13448,14545,31992,15460,16532,27993,13548,14445,15995,7553,8442,3999,1926,2073,
60005,15999,7716,8283,27997,13451,14546,31996,15461,16535,27995,13548,14447,15997,7554,8443,3999,1926,2073,
60010,16000,7717,8283,28000,13452,14548,31999,15463,16536,27998,13549,14449,15997,7554,8443,4000,1927,2073,
60015,16002,7717,8285,28000,13452,14548,32000,15463,16537,28000,13549,14451,15999,7554,8445,4000,1927,2073,
60020,16003,7718,8285,28004,13455,14549,32004,15465,16539,28002,13549,14453,16001,7555,8446,4000,1927,2073,
60025,16004,7718,8286,28007,13456,14551,32007,15465,16542,28005,13551,14454,16001,7555,8446,4001,1927,2074,
60030,16006,7719,8287,28007,13456,14551,32008,15466,16542,28007,13551,14456,16003,7557,8446,4001,1927,2074,
60035,16007,7719,8288,28011,13459,14552,32012,15467,16545,28009,13553,14456,16005,7557,8448,4001,1927,2074,
60040,16008,7720,8288,28014,13461,14553,32015,15468,16547,28012,13555,14457,16005,7557,8448,4002,1927,2075,
60045,16010,7721,8289,28014,13461,14553,32016,15468,16548,28014,13556,14458,16007,7557,8450,4002,1927,2075,
60050,16011,7722,8289,28018,13463,14555,32020,15469,16551,28016,13557,14459,16009,7558,8451,4002,1927,2075,
60055,16012,7722,8290,28021,13465,14556,32023,15470,16553,28019,13558,14461,16009,7558,8451,4003,1927,2076,
60060,16014,7722,8292,28021,13465,14556,32024,15471,16553,28021,13559,14462,16011,7558,8453,4003,1927,2076,
60065,16015,7722,8293,28025,13466,14559,32028,15473,16555,28023,13559,14464,16013,7560,8453,4003,1927,2076,
60070,16016,7722,8294,28028,13467,14561,32031,15475,16556,28026,13560,14466,16013,7560,8453,4004,1928,2076,
60075,16018,7723,8295,28028,13467,14561,32032,15475,16557,28028,13561,14467,16015,7561,8454,4004,1928,2076,
60080,16019,7723,8296,28032,13470,14562,32036,15477,16559,28030,13561,14469,16017,7562,8455,4004,1928,2076,
60085,16020,7724,8296,28035,13472,14563,32039,15478,16561,28033,13563,14470,16017,7562,8455,4005,1928,2077,
60090,16022,7726,8296,28035,13472,14563,32040,15479,16561,28035,13563,14472,16019,7563,8456,4005,1928,2077,
60095,16023,7726,8297,28039,13475,14564,32044,15481,16563,28037,13565,14472,16021,7564,8457,4005,1928,2077,
60100,16024,7726,8298,28042,13478,14564,32047,15484,16563,28040,13566,14474,16021,7564,8457,4006,1928,2078,
60105,16026,7728,8298,28042,13478,14564,32048,15484,16564,28042,13567,14475,16023,7565,8458,4006,1928,2078,
60110,16027,7728,8299,28046,13480,14566,32052,15485,16567,28044,13568,14476,16025,7566,8459,4006,1928,2078,
60115,16028,7729,8299,28049,13481,14568,32055,15486,16569,28047,13569,14478,16025,7566,8459,4007,1928,2079,
60120,16030,7730,8300,28049,13481,14568,32056,15487,16569,28049,13569,14480,16027,7566,8461,4007,1928,2079,
60125,16031,7730,8301,28053,13484,14569,32060,15490,16570,28051,13571,14480,16029,7568,8461,4007,1928,2079,
60130,16032,7730,8302,28056,13486,14570,32063,15493,16570,28054,13572,14482,16029,7568,8461,4008,1929,2079,
60135,16034,7731,8303,28056,13486,14570,32064,15494,16570,28056,13574,14482,16031,7570,8461,4008,1929,2079,
60140,16035,7731,8304,28060,13488,14572,32068,15495,16573,28058,13576,14482,16033,7572,8461,4008,1929,2079,
60145,16036,7732,8304,28063,13488,14575,32071,15497,16574,28061,13577,14484,16033,7572,8461,4009,1930,2079,
60150,16038,7733,8305,28063,13488,14575,32072,15497,16575,28063,13578,14485,16035,7573,8462,4009,1930,2079,
60155,16039,7734,8305,28067,13489,14578,32076,15498,16578,28065,13580,14485,16037,7575,8462,4009,1930,2079,
60160,16040,7735,8305,28070,13490,14580,32079,15499,16580,28068,13582,14486,16037,7575,8462,4010,1931,2079,
60165,16042,7735,8307,28070,13490,14580,32080,15499,16581,28070,13582,14488,16039,7576,8463,4010,1931,2079,
60170,16043,7735,8308,28074,13491,14583,32084,15501,16583,28072,13583,14489,16041,7578,8463,4010,1931,2079,
60175,16044,7735,8309,28077,13494,14583,32087,15502,16585,28075,13583,14492,16041,7578,8463,4011,1931,2080,
60180,16046,7736,8310,28077,13494,14583,32088,15503,16585,28077,13583,14494,16043,7580,8463,4011,1931,2080,
60185,16047,7737,8310,28081,13494,14587,32092,15507,16585,28079,13585,14494,16045,7580,8465,4011,1931,2080,
60190,16048,7737,8311,28084,13495,14589,32095,15508,16587,28082,13588,14494,16045,7580,8465,4012,1931,2081,
60195,16050,7737,8313,28084,13495,14589,32096,15509,16587,28084,13589,14495,16047,7582,8465,4012,1931,2081,
60200,16051,7738,8313,28088,13497,14591,32100,15511,16589,28086,13590,14496,16049,7582,8467,4012,1931,2081,
60205,16052,7739,8313,28091,13499,14592,32103,15513,16590,28089,13592,14497,16049,7582,8467,4013,1932,2081,
60210,16054,7740,8314,28091,13499,14592,32104,15514,16590,28091,13594,14497,16051,7584,8467,4013,1932,2081,
60215,16055,7741,8314,28095,13501,14594,32108,15517,16591,28093,13594,14499,16053,7585,8468,4013,1932,2081,
60220,16056,7742,8314,28098,13502,14596,32111,15519,16592,28096,13594,14502,16053,7585,8468,4014,1933,2081,
60225,16058,7742,8316,28098,13502,14596,32112,15520,16592,28098,13596,14502,16055,7587,8468,4014,1933,2081,
60230,16059,7742,8317,28102,13504,14598,32116,15520,16596,28100,13596,14504,16057,7589,8468,4014,1933,2081,
60235,16060,7742,8318,28105,13505,14600,32119,15520,16599,28103,13599,14504,16057,7589,8468,4015,1933,2082,
60240,16062,7744,8318,28105,13505,14600,32120,15520,16600,28105,13599,14506,16059,7590,8469,4015,1933,2082,
60245,16063,7744,8319,28109,13506,14603,32124,15521,16603,28107,13600,14507,16061,7591,8470,4015,1933,2082,
60250,16064,7744,8320,28112,13507,14605,32127,15522,16605,28110,13600,14510,16061,7591,8470,4016,1933,2083,
60255,16066,7744,8322,28112,13507,14605,32128,15523,16605,28112,13600,14512,16063,7592,8471,4016,1933,2083,
60260,16067,7745,8322,28116,13510,14606,32132,15525,16607,28114,13601,14513,16065,7593,8472,4016,1933,2083,
60265,16068,7746,8322,28119,13511,14608,32135,15526,16609,28117,13602,14515,16065,7593,8472,4017,1934,2083,
60270,16070,7746,8324,28119,13511,14608,32136,15527,16609,28119,13604,14515,16067,7593,8474,4017,1934,2083,
60275,16071,7747,8324,28123,13513,14610,32140,15530,16610,28121,13605,14516,16069,7593,8476,4017,1934,2083,
60280,16072,7747,8325,28126,13515,14611,32143,15531,16612,28124,13607,14517,16069,7593,8476,4018,1935,2083,
60285,16074,7748,8326,28126,13515,14611,32144,15532,16612,28126,13607,14519,16071,7594,8477,4018,1935,2083,
60290,16075,7749,8326,28130,13515,14615,32148,15535,16613,28128,13608,14520,16073,7595,8478,4018,1935,2083,
60295,16076,7749,8327,28133,13518,14615,32151,15538,16613,28131,13610,14521,16073,7595,8478,4019,1935,2084,
60300,16078,7750,8328,28133,13518,14615,32152,15538,16614,28133,13611,14522,16075,7596,8479,4019,1935,2084,
60305,16079,7751,8328,28137,13519,14618,32156,15541,16615,28135,13612,14523,16077,7596,8481,4019,1935,2084,
60310,16080,7752,8328,28140,13521,14619,32159,15541,16618,28138,13615,14523,16077,7596,8481,4020,1936,2084,
60315,16082,7752,8330,28140,13521,14619,32160,15541,16619,28140,13616,14524,16079,7597,8482,4020,1936,2084,
60320,16083,7753,8330,28144,13524,14620,32164,15544,16620,28142,13618,14524,16081,7598,8483,4020,1936,2084,
60325,16084,7754,8330,28147,13525,14622,32167,15546,16621,28145,13619,14526,16081,7598,8483,4021,1936,2085,
60330,16086,7755,8331,28147,13525,14622,32168,15547,16621,28147,13620,14527,16083,7600,8483,4021,1936,2085,
60335,16087,7755,8332,28151,13527,14624,32172,15549,16623,28149,13621,14528,16085,7601,8484,4021,1936,2085,
60340,16088,7756,8332,28154,13528,14626,32175,15550,16625,28152,13624,14528,16085,7601,8484,4022,1937,2085,
60345,16090,7757,8333,28154,13528,14626,32176,15550,16626,28154,13626,14528,16087,7602,8485,4022,1937,2085,
60350,16091,7757,8334,28158,13529,14629,32180,15551,16629,28156,13627,14529,16089,7602,8487,4022,1937,2085,
60355,16092,7757,8335,28161,13531,14630,32183,15552,16631,28159,13629,14530,16089,7602,8487,4023,1938,2085,
60360,16094,7758,8336,28161,13531,14630,32184,15553,16631,28161,13631,14530,16091,7604,8487,4023,1938,2085,
60365,16095,7759,8336,28165,13532,14633,32188,15554,16634,28163,13631,14532,16093,7604,8489,4023,1938,2085,
60370,16096,7759,8337,28168,13534,14634,32191,15554,16637,28166,13634,14532,16093,7604,8489,4024,1938,2086,
60375,16098,7760,8338,28168,13534,14634,32192,15555,16637,28168,13635,14533,16095,7605,8490,4024,1938,2086,
60380,16099,7760,8339,28172,13535,14637,32196,15557,16639,28170,13635,14535,16097,7605,8492,4024,1938,2086,
60385,16100,7761,8339,28175,13537,14638,32199,15558,16641,28173,13637,14536,16097,7605,8492,4025,1938,2087,
60390,16102,7762,8340,28175,13537,14638,32200,15558,16642,28175,13638,14537,16099,7606,8493,4025,1938,2087,
60395,16103,7762,8341,28179,13539,14640,32204,15561,16643,28177,13638,14539,16101,7607,8494,4025,1938,2087,
60400,16104,7762,8342,28182,13542,14640,32207,15562,16645,28180,13640,14540,16101,7607,8494,4026,1938,2088,
60405,16106,7763,8343,28182,13542,14640,32208,15562,16646,28182,13640,14542,16103,7608,8495,4026,1938,2088,
60410,16107,7764,8343,28186,13545,14641,32212,15563,16649,28184,13642,14542,16105,7608,8497,4026,1938,2088,
60415,16108,7764,8344,28189,13547,14642,32215,15563,16652,28187,13643,14544,16105,7608,8497,4027,1938,2089,
60420,16110,7766,8344,28189,13547,14642,32216,15563,16653,28189,13645,14544,16107,7608,8499,4027,1938,2089,
60425,16111,7767,8344,28193,13549,14644,32220,15565,16655,28191,13646,14545,16109,7608,8501,4027,1938,2089,
60430,16112,7768,8344,28196,13551,14645,32223,15567,16656,28194,13646,14548,16109,7608,8501,4028,1939,2089,
60435,16114,7768,8346,28196,13551,14645,32224,15568,16656,28196,13646,14550,16111,7610,8501,4028,1939,2089,
60440,16115,7769,8346,28200,13553,14647,32228,15569,16659,28198,13648,14550,16113,7611,8502,4028,1939,2089,
60445,16116,7770,8346,28203,13555,14648,32231,15570,16661,28201,13651,14550,16113,7611,8502,4029,1939,2090,
60450,16118,7771,8347,28203,13555,14648,32232,15570,16662,28203,13652,14551,16115,7612,8503,4029,1939,2090,
60455,16119,7771,8348,28207,13556,14651,32236,15571,16665,28205,13653,14552,16117,7613,8504,4029,1939,2090,
60460,16120,7771,8349,28210,13556,14654,32239,15573,16666,28208,13655,14553,16117,7613,8504,4030,1939,2091,
60465,16122,7773,8349,28210,13556,14654,32240,15574,16666,28210,13655,14555,16119,7615,8504,4030,1939,2091,
60470,16123,7773,8350,28214,13558,14656,32244,15578,16666,28212,13655,14557,16121,7617,8504,4030,1939,2091,
60475,16124,7774,8350,28217,13559,14658,32247,15580,16667,28215,13657,14558,16121,7617,8504,4031,1940,2091,
60480,16126,7775,8351,28217,13559,14658,32248,15580,16668,28217,13658,14559,16123,7618,8505,4031,1940,2091,
60485,16127,7776,8351,28221,13562,14659,32252,15582,16670,28219,13659,14560,16125,7619,8506,4031,1940,2091,
60490,16128,7777,8351,28224,13564,14660,32255,15584,16671,28222,13659,14563,16125,7619,8506,4032,1940,2092,
60495,16130,7779,8351,28224,13564,14660,32256,15585,16671,28224,13661,14563,16127,7620,8507,4032,1940,2092,
60500,16131,7780,8351,28228,13568,14660,32260,15585,16675,28226,13662,14564,16129,7620,8509,4032,1940,2092,
60505,16132,7781,8351,28231,13570,14661,32263,15585,16678,28229,13665,14564,16129,7620,8509,4033,1940,2093,
60510,16134,7782,8352,28231,13570,14661,32264,15585,16679,28231,13666,14565,16131,7622,8509,4033,1940,2093,
60515,16135,7783,8352,28235,13571,14664,32268,15589,16679,28233,13667,14566,16133,7623,8510,4033,1940,2093,
60520,16136,7783,8353,28238,13571,14667,32271,15590,16681,28236,13667,14569,16133,7623,8510,4034,1940,2094,
60525,16138,7784,8354,28238,13571,14667,32272,15591,16681,28238,13669,14569,16135,7625,8510,4034,1940,2094,
60530,16139,7785,8354,28242,13572,14670,32276,15591,16685,28240,13671,14569,16137,7626,8511,4034,1940,2094,
60535,16140,7785,8355,28245,13575,14670,32279,15594,16685,28243,13672,14571,16137,7626,8511,4035,1941,2094,
60540,16142,7786,8356,28245,13575,14670,32280,15594,16686,28245,13672,14573,16139,7626,8513,4035,1941,2094,
60545,16143,7786,8357,28249,13578,14671,32284,15595,16689,28247,13672,14575,16141,7628,8513,4035,1941,2094,
60550,16144,7786,8358,28252,13580,14672,32287,15597,16690,28250,13674,14576,16141,7628,8513,4036,1942,2094,
60555,16146,7787,8359,28252,13580,14672,32288,15597,16691,28252,13675,14577,16143,7630,8513,4036,1942,2094,
60560,16147,7787,8360,28256,13582,14674,32292,15601,16691,28254,13676,14578,16145,7631,8514,4036,1942,2094,
60565,16148,7788,8360,28259,13584,14675,32295,15603,16692,28257,13679,14578,16145,7631,8514,4037,1943,2094,
60570,16150,7788,8362,28259,13584,14675,32296,15603,16693,28259,13681,14578,16147,7631,8516,4037,1943,2094,
60575,16151,7789,8362,28263,13588,14675,32300,15606,16694,28261,13682,14579,16149,7632,8517,4037,1943,2094,
60580,16152,7790,8362,28266,13589,14677,32303,15608,16695,28264,13684,14580,16149,7632,8517,4038,1943,2095,
60585,16154,7790,8364,28266,13589,14677,32304,15609,16695,28266,13685,14581,16151,7633,8518,4038,1943,2095,
60590,16155,7790,8365,28270,13590,14680,32308,15611,16697,28268,13685,14583,16153,7633,8520,4038,1943,2095,
60595,16156,7791,8365,28273,13592,14681,32311,15614,16697,28271,13686,14585,16153,7633,8520,4039,1943,2096,
60600,16158,7792,8366,28273,13592,14681,32312,15615,16697,28273,13687,14586,16155,7634,8521,4039,1943,2096,
60605,16159,7793,8366,28277,13594,14683,32316,15616,16700,28275,13689,14586,16157,7635,8522,4039,1943,2096,
60610,16160,7794,8366,28280,13596,14684,32319,15617,16702,28278,13690,14588,16157,7635,8522,4040,1944,2096,
60615,16162,7794,8368,28280,13596,14684,32320,15618,16702,28280,13691,14589,16159,7636,8523,4040,1944,2096,
60620,16163,7794,8369,28284,13598,14686,32324,15620,16704,28282,13692,14590,16161,7636,8525,4040,1944,2096,
60625,16164,7794,8370,28287,13599,14688,32327,15621,16706,28285,13694,14591,16161,7636,8525,4041,1944,2097,
60630,16166,7796,8370,28287,13599,14688,32328,15621,16707,28287,13695,14592,16163,7637,8526,4041,1944,2097,
60635,16167,7796,8371,28291,13599,14692,32332,15622,16710,28289,13695,14594,16165,7638,8527,4041,1944,2097,
60640,16168,7796,8372,28294,13601,14693,32335,15623,16712,28292,13695,14597,16165,7638,8527,4042,1944,2098,
60645,16170,7798,8372,28294,13601,14693,32336,15623,16713,28294,13696,14598,16167,7640,8527,4042,1944,2098,
60650,16171,7798,8373,28298,13603,14695,32340,15625,16715,28296,13696,14600,16169,7641,8528,4042,1944,2098,
60655,16172,7799,8373,28301,13606,14695,32343,15626,16717,28299,13696,14603,16169,7641,8528,4043,1945,2098,
60660,16174,7800,8374,28301,13606,14695,32344,15626,16718,28301,13696,14605,16171,7643,8528,4043,1945,2098,
60665,16175,7801,8374,28305,13609,14696,32348,15628,16720,28303,13696,14607,16173,7644,8529,4043,1945,2098,
60670,16176,7802,8374,28308,13611,14697,32351,15630,16721,28306,13697,14609,16173,7644,8529,4044,1945,2099,
60675,16178,7802,8376,28308,13611,14697,32352,15631,16721,28308,13698,14610,16175,7645,8530,4044,1945,2099,
60680,16179,7802,8377,28312,13613,14699,32356,15633,16723,28310,13700,14610,16177,7646,8531,4044,1945,2099,
60685,16180,7803,8377,28315,13615,14700,32359,15633,16726,28313,13702,14611,16177,7646,8531,4045,1946,2099,
60690,16182,7805,8377,28315,13615,14700,32360,15634,16726,28315,13703,14612,16179,7647,8532,4045,1946,2099,
60695,16183,7806,8377,28319,13615,14704,32364,15637,16727,28317,13704,14613,16181,7648,8533,4045,1946,2099,
60700,16184,7807,8377,28322,13615,14707,32367,15638,16729,28320,13706,14614,16181,7648,8533,4046,1946,2100,
60705,16186,7807,8379,28322,13615,14707,32368,15638,16730,28322,13707,14615,16183,7650,8533,4046,1946,2100,
60710,16187,7808,8379,28326,13617,14709,32372,15640,16732,28324,13707,14617,16185,7650,8535,4046,1946,2100,
60715,16188,7809,8379,28329,13620,14709,32375,15643,16732,28327,13707,14620,16185,7650,8535,4047,1946,2101,
60720,16190,7809,8381,28329,13620,14709,32376,15644,16732,28329,13708,14621,16187,7652,8535,4047,1946,2101,
60725,16191,7810,8381,28333,13621,14712,32380,15647,16733,28331,13709,14622,16189,7654,8535,4047,1946,2101,
60730,16192,7810,8382,28336,13623,14713,32383,15648,16735,28334,13709,14625,16189,7654,8535,4048,1946,2102,
60735,16194,7811,8383,28336,13623,14713,32384,15649,16735,28336,13711,14625,16191,7655,8536,4048,1946,2102,
60740,16195,7812,8383,28340,13624,14716,32388,15651,16737,28338,13712,14626,16193,7656,8537,4048,1946,2102,
60745,16196,7813,8383,28343,13626,14717,32391,15652,16739,28341,13712,14629,16193,7656,8537,4049,1946,2103,
60750,16198,7815,8383,28343,13626,14717,32392,15652,16740,28343,13714,14629,16195,7658,8537,4049,1946,2103,
60755,16199,7816,8383,28347,13627,14720,32396,15653,16743,28345,13715,14630,16197,7659,8538,4049,1946,2103,
60760,16200,7817,8383,28350,13628,14722,32399,15654,16745,28348,13715,14633,16197,7659,8538,4050,1946,2104,
60765,16202,7818,8384,28350,13628,14722,32400,15655,16745,28350,13715,14635,16199,7660,8539,4050,1946,2104,
60770,16203,7819,8384,28354,13630,14724,32404,15658,16746,28352,13716,14636,16201,7662,8539,4050,1946,2104,
60775,16204,7819,8385,28357,13631,14726,32407,15660,16747,28355,13719,14636,16201,7662,8539,4051,1946,2105,
60780,16206,7820,8386,28357,13631,14726,32408,15660,16748,28357,13720,14637,16203,7664,8539,4051,1946,2105,
60785,16207,7820,8387,28361,13635,14726,32412,15662,16750,28359,13721,14638,16205,7664,8541,4051,1946,2105,
60790,16208,7820,8388,28364,13636,14728,32415,15663,16752,28362,13723,14639,16205,7664,8541,4052,1947,2105,
60795,16210,7821,8389,28364,13636,14728,32416,15664,16752,28364,13724,14640,16207,7664,8543,4052,1947,2105,
60800,16211,7822,8389,28368,13639,14729,32420,15665,16755,28366,13725,14641,16209,7664,8545,4052,1947,2105,
60805,16212,7822,8390,28371,13642,14729,32423,15668,16755,28369,13727,14642,16209,7664,8545,4053,1947,2106,
60810,16214,7823,8391,28371,13642,14729,32424,15668,16756,28371,13729,14642,16211,7664,8547,4053,1947,2106,
60815,16215,7823,8392,28375,13645,14730,32428,15670,16758,28373,13729,14644,16213,7665,8548,4053,1947,2106,
60820,16216,7824,8392,28378,13647,14731,32431,15673,16758,28376,13730,14646,16213,7665,8548,4054,1947,2107,
60825,16218,7825,8393,28378,13647,14731,32432,15673,16759,28378,13731,14647,16215,7665,8550,4054,1947,2107,
60830,16219,7826,8393,28382,13648,14734,32436,15675,16761,28380,13732,14648,16217,7666,8551,4054,1947,2107,
60835,16220,7827,8393,28385,13650,14735,32439,15677,16762,28383,13733,14650,16217,7666,8551,4055,1947,2108,
60840,16222,7827,8395,28385,13650,14735,32440,15677,16763,28385,13734,14651,16219,7668,8551,4055,1947,2108,
60845,16223,7827,8396,28389,13651,14738,32444,15679,16765,28387,13736,14651,16221,7670,8551,4055,1947,2108,
60850,16224,7828,8396,28392,13653,14739,32447,15679,16768,28390,13737,14653,16221,7670,8551,4056,1948,2108,
60855,16226,7828,8398,28392,13653,14739,32448,15679,16769,28392,13739,14653,16223,7671,8552,4056,1948,2108,
60860,16227,7829,8398,28396,13654,14742,32452,15682,16770,28394,13739,14655,16225,7671,8554,4056,1948,2108,
60865,16228,7829,8399,28399,13656,14743,32455,15684,16771,28397,13740,14657,16225,7671,8554,4057,1948,2109,
60870,16230,7830,8400,28399,13656,14743,32456,15685,16771,28399,13741,14658,16227,7672,8555,4057,1948,2109,
60875,16231,7830,8401,28403,13657,14746,32460,15686,16774,28401,13741,14660,16229,7673,8556,4057,1948,2109,
60880,16232,7831,8401,28406,13660,14746,32463,15688,16775,28404,13742,14662,16229,7673,8556,4058,1949,2109,
60885,16234,7832,8402,28406,13660,14746,32464,15688,16776,28406,13743,14663,16231,7673,8558,4058,1949,2109,
60890,16235,7832,8403,28410,13663,14747,32468,15691,16777,28408,13743,14665,16233,7674,8559,4058,1949,2109,
60895,16236,7832,8404,28413,13666,14747,32471,15693,16778,28411,13745,14666,16233,7674,8559,4059,1950,2109,
60900,16238,7832,8406,28413,13666,14747,32472,15694,16778,28413,13746,14667,16235,7675,8560,4059,1950,2109,
60905,16239,7833,8406,28417,13669,14748,32476,15696,16780,28415,13748,14667,16237,7676,8561,4059,1950,2109,
60910,16240,7833,8407,28420,13669,14751,32479,15697,16782,28418,13749,14669,16237,7676,8561,4060,1951,2109,
60915,16242,7834,8408,28420,13669,14751,32480,15697,16783,28420,13751,14669,16239,7677,8562,4060,1951,2109,
60920,16243,7835,8408,28424,13670,14754,32484,15698,16786,28422,13752,14670,16241,7678,8563,4060,1951,2109,
60925,16244,7835,8409,28427,13673,14754,32487,15700,16787,28425,13755,14670,16241,7678,8563,4061,1951,2110,
60930,16246,7835,8411,28427,13673,14754,32488,15700,16788,28427,13756,14671,16243,7678,8565,4061,1951,2110,
60935,16247,7835,8412,28431,13676,14755,32492,15702,16790,28429,13757,14672,16245,7680,8565,4061,1951,2110,
60940,16248,7835,8413,28434,13678,14756,32495,15704,16791,28432,13759,14673,16245,7680,8565,4062,1952,2110,
60945,16250,7835,8415,28434,13678,14756,32496,15705,16791,28434,13759,14675,16247,7681,8566,4062,1952,2110,
60950,16251,7836,8415,28438,13680,14758,32500,15708,16792,28436,13761,14675,16249,7682,8567,4062,1952,2110,
60955,16252,7836,8416,28441,13681,14760,32503,15708,16795,28439,13764,14675,16249,7682,8567,4063,1952,2111,
60960,16254,7837,8417,28441,13681,14760,32504,15709,16795,28441,13765,14676,16251,7683,8568,4063,1952,2111,
60965,16255,7838,8417,28445,13683,14762,32508,15711,16797,28443,13766,14677,16253,7685,8568,4063,1952,2111,
60970,16256,7839,8417,28448,13684,14764,32511,15714,16797,28446,13768,14678,16253,7685,8568,4064,1953,2111,
60975,16258,7840,8418,28448,13684,14764,32512,15714,16798,28448,13769,14679,16255,7687,8568,4064,1953,2111,
60980,16259,7841,8418,28452,13686,14766,32516,15715,16801,28450,13770,14680,16257,7688,8569,4064,1953,2111,
60985,16260,7842,8418,28455,13686,14769,32519,15718,16801,28453,13771,14682,16257,7688,8569,4065,1954,2111,
60990,16262,7844,8418,28455,13686,14769,32520,15719,16801,28455,13771,14684,16259,7690,8569,4065,1954,2111,
60995,16263,7844,8419,28459,13687,14772,32524,15720,16804,28457,13773,14684,16261,7692,8569,4065,1954,2111,
61000,16264,7845,8419,28462,13688,14774,32527,15721,16806,28460,13775,14685,16261,7692,8569,4066,1954,2112,
61005,16266,7845,8421,28462,13688,14774,32528,15721,16807,28462,13777,14685,16263,7693,8570,4066,1954,2112,
61010,16267,7845,8422,28466,13691,14775,32532,15724,16808,28464,13779,14685,16265,7695,8570,4066,1954,2112,
61015,16268,7845,8423,28469,13691,14778,32535,15725,16810,28467,13781,14686,16265,7695,8570,4067,1955,2112,
61020,16270,7846,8424,28469,13691,14778,32536,15726,16810,28469,13781,14688,16267,7695,8572,4067,1955,2112,
61025,16271,7847,8424,28473,13693,14780,32540,15726,16814,28471,13782,14689,16269,7696,8573,4067,1955,2112,
61030,16272,7847,8425,28476,13695,14781,32543,15727,16816,28474,13782,14692,16269,7696,8573,4068,1956,2112,
61035,16274,7849,8425,28476,13695,14781,32544,15727,16817,28476,13784,14692,16271,7696,8575,4068,1956,2112,
61040,16275,7849,8426,28480,13697,14783,32548,15729,16819,28478,13784,14694,16273,7698,8575,4068,1956,2112,
61045,16276,7849,8427,28483,13699,14784,32551,15730,16821,28481,13785,14696,16273,7698,8575,4069,1956,2113,
61050,16278,7850,8428,28483,13699,14784,32552,15730,16822,28483,13785,14698,16275,7699,8576,4069,1956,2113,
61055,16279,7850,8429,28487,13700,14787,32556,15731,16825,28485,13785,14700,16277,7700,8577,4069,1956,2113,
61060,16280,7851,8429,28490,13701,14789,32559,15734,16825,28488,13786,14702,16277,7700,8577,4070,1957,2113,
61065,16282,7852,8430,28490,13701,14789,32560,15734,16826,28490,13786,14704,16279,7701,8578,4070,1957,2113,
61070,16283,7852,8431,28494,13701,14793,32564,15737,16827,28492,13787,14705,16281,7702,8579,4070,1957,2113,
61075,16284,7852,8432,28497,13702,14795,32567,15737,16830,28495,13788,14707,16281,7702,8579,4071,1957,2114,
61080,16286,7854,8432,28497,13702,14795,32568,15738,16830,28497,13788,14709,16283,7702,8581,4071,1957,2114,
61085,16287,7854,8433,28501,13703,14798,32572,15739,16833,28499,13790,14709,16285,7704,8581,4071,1957,2114,
61090,16288,7854,8434,28504,13704,14800,32575,15740,16835,28502,13792,14710,16285,7704,8581,4072,1958,2114,
61095,16290,7855,8435,28504,13704,14800,32576,15741,16835,28504,13792,14712,16287,7705,8582,4072,1958,2114,
61100,16291,7855,8436,28508,13707,14801,32580,15742,16838,28506,13793,14713,16289,7706,8583,4072,1958,2114,
61105,16292,7856,8436,28511,13708,14803,32583,15743,16840,28509,13795,14714,16289,7706,8583,4073,1958,2115,
61110,16294,7857,8437,28511,13708,14803,32584,15744,16840,28511,13796,14715,16291,7707,8584,4073,1958,2115,
61115,16295,7857,8438,28515,13710,14805,32588,15745,16843,28513,13796,14717,16293,7709,8584,4073,1958,2115,
61120,16296,7858,8438,28518,13711,14807,32591,15746,16845,28516,13798,14718,16293,7709,8584,4074,1958,2116,
61125,16298,7860,8438,28518,13711,14807,32592,15747,16845,28518,13799,14719,16295,7710,8585,4074,1958,2116,
61130,16299,7860,8439,28522,13714,14808,32596,15748,16848,28520,13800,14720,16297,7711,8586,4074,1958,2116,
61135,16300,7861,8439,28525,13716,14809,32599,15750,16849,28523,13802,14721,16297,7711,8586,4075,1958,2117,
61140,16302,7861,8441,28525,13716,14809,32600,15750,16850,28525,13803,14722,16299,7712,8587,4075,1958,2117,
61145,16303,7861,8442,28529,13718,14811,32604,15752,16852,28527,13804,14723,16301,7713,8588,4075,1958,2117,
61150,16304,7862,8442,28532,13720,14812,32607,15754,16853,28530,13805,14725,16301,7713,8588,4076,1958,2118,
61155,16306,7864,8442,28532,13720,14812,32608,15755,16853,28532,13806,14726,16303,7714,8589,4076,1958,2118,
61160,16307,7865,8442,28536,13722,14814,32612,15756,16856,28534,13807,14727,16305,7714,8591,4076,1958,2118,
61165,16308,7866,8442,28539,13723,14816,32615,15759,16856,28537,13808,14729,16305,7714,8591,4077,1959,2118,
61170,16310,7867,8443,28539,13723,14816,32616,15759,16857,28539,13809,14730,16307,7714,8593,4077,1959,2118,
61175,16311,7868,8443,28543,13724,14819,32620,15760,16860,28541,13811,14730,16309,7716,8593,4077,1959,2118,
61180,16312,7868,8444,28546,13725,14821,32623,15761,16862,28544,13813,14731,16309,7716,8593,4078,1959,2119,
61185,16314,7869,8445,28546,13725,14821,32624,15761,16863,28546,13813,14733,16311,7717,8594,4078,1959,2119,
61190,16315,7870,8445,28550,13727,14823,32628,15762,16866,28548,13814,14734,16313,7717,8596,4078,1959,2119,
61195,16316,7870,8446,28553,13729,14824,32631,15764,16867,28551,13816,14735,16313,7717,8596,4079,1960,2119,
61200,16318,7870,8448,28553,13729,14824,32632,15765,16867,28553,13816,14737,16315,7717,8598,4079,1960,2119,
61205,16319,7870,8449,28557,13730,14827,32636,15768,16868,28555,13818,14737,16317,7718,8599,4079,1960,2119,
61210,16320,7870,8450,28560,13731,14829,32639,15769,16870,28558,13819,14739,16317,7718,8599,4080,1960,2120,
61215,16322,7871,8451,28560,13731,14829,32640,15769,16871,28560,13819,14741,16319,7719,8600,4080,1960,2120,
61220,16323,7871,8452,28564,13731,14833,32644,15772,16872,28562,13821,14741,16321,7720,8601,4080,1960,2120,
61225,16324,7872,8452,28567,13731,14836,32647,15774,16873,28565,13823,14742,16321,7720,8601,4081,1961,2120,
61230,16326,7872,8454,28567,13731,14836,32648,15775,16873,28567,13825,14742,16323,7721,8602,4081,1961,2120,
61235,16327,7872,8455,28571,13734,14837,32652,15778,16874,28569,13825,14744,16325,7721,8604,4081,1961,2120,
61240,16328,7872,8456,28574,13735,14839,32655,15779,16876,28572,13827,14745,16325,7721,8604,4082,1961,2121,
61245,16330,7874,8456,28574,13735,14839,32656,15779,16877,28574,13828,14746,16327,7723,8604,4082,1961,2121,
61250,16331,7874,8457,28578,13735,14843,32660,15782,16878,28576,13828,14748,16329,7724,8605,4082,1961,2121,
61255,16332,7874,8458,28581,13736,14845,32663,15785,16878,28579,13830,14749,16329,7724,8605,4083,1961,2122,
61260,16334,7874,8460,28581,13736,14845,32664,15786,16878,28581,13830,14751,16331,7725,8606,4083,1961,2122,
61265,16335,7874,8461,28585,13739,14846,32668,15789,16879,28583,13832,14751,16333,7726,8607,4083,1961,2122,
61270,16336,7874,8462,28588,13740,14848,32671,15792,16879,28586,13832,14754,16333,7726,8607,4084,1961,2123,
61275,16338,7875,8463,28588,13740,14848,32672,15793,16879,28588,13832,14756,16335,7728,8607,4084,1961,2123,
61280,16339,7875,8464,28592,13743,14849,32676,15794,16882,28590,13834,14756,16337,7729,8608,4084,1961,2123,
61285,16340,7876,8464,28595,13745,14850,32679,15795,16884,28593,13836,14757,16337,7729,8608,4085,1961,2124,
61290,16342,7877,8465,28595,13745,14850,32680,15796,16884,28595,13837,14758,16339,7731,8608,4085,1961,2124,
61295,16343,7878,8465,28599,13748,14851,32684,15799,16885,28597,13838,14759,16341,7731,8610,4085,1961,2124,
61300,16344,7879,8465,28602,13750,14852,32687,15801,16886,28600,13840,14760,16341,7731,8610,4086,1961,2125,
61305,16346,7880,8466,28602,13750,14852,32688,15802,16886,28602,13840,14762,16343,7732,8611,4086,1961,2125,
61310,16347,7880,8467,28606,13753,14853,32692,15806,16886,28604,13841,14763,16345,7733,8612,4086,1961,2125,
61315,16348,7880,8468,28609,13754,14855,32695,15806,16889,28607,13844,14763,16345,7733,8612,4087,1962,2125,
61320,16350,7881,8469,28609,13754,14855,32696,15807,16889,28609,13846,14763,16347,7735,8612,4087,1962,2125,
61325,16351,7882,8469,28613,13757,14856,32700,15808,16892,28611,13846,14765,16349,7736,8613,4087,1962,2125,
61330,16352,7882,8470,28616,13760,14856,32703,15809,16894,28614,13846,14768,16349,7736,8613,4088,1963,2125,
61335,16354,7883,8471,28616,13760,14856,32704,15809,16895,28616,13846,14770,16351,7736,8615,4088,1963,2125,
61340,16355,7883,8472,28620,13761,14859,32708,15812,16896,28618,13846,14772,16353,7738,8615,4088,1963,2125,
61345,16356,7883,8473,28623,13764,14859,32711,15814,16897,28621,13848,14773,16353,7738,8615,4089,1963,2126,
61350,16358,7883,8475,28623,13764,14859,32712,15815,16897,28623,13849,14774,16355,7738,8617,4089,1963,2126,
61355,16359,7884,8475,28627,13765,14862,32716,15816,16900,28625,13850,14775,16357,7740,8617,4089,1963,2126,
61360,16360,7884,8476,28630,13767,14863,32719,15816,16903,28628,13851,14777,16357,7740,8617,4090,1963,2127,
61365,16362,7886,8476,28630,13767,14863,32720,15816,16904,28630,13851,14779,16359,7742,8617,4090,1963,2127,
61370,16363,7887,8476,28634,13770,14864,32724,15817,16907,28632,13852,14780,16361,7743,8618,4090,1963,2127,
61375,16364,7887,8477,28637,13772,14865,32727,15820,16907,28635,13854,14781,16361,7743,8618,4091,1964,2127,
61380,16366,7887,8479,28637,13772,14865,32728,15821,16907,28637,13855,14782,16363,7743,8620,4091,1964,2127,
61385,16367,7887,8480,28641,13773,14868,32732,15823,16909,28639,13855,14784,16365,7745,8620,4091,1964,2127,
61390,16368,7887,8481,28644,13774,14870,32735,15826,16909,28642,13857,14785,16365,7745,8620,4092,1965,2127,
61395,16370,7888,8482,28644,13774,14870,32736,15826,16910,28644,13858,14786,16367,7746,8621,4092,1965,2127,
61400,16371,7889,8482,28648,13775,14873,32740,15830,16910,28646,13858,14788,16369,7747,8622,4092,1965,2127,
61405,16372,7889,8483,28651,13776,14875,32743,15833,16910,28649,13860,14789,16369,7747,8622,4093,1965,2128,
61410,16374,7889,8485,28651,13776,14875,32744,15834,16910,28651,13861,14790,16371,7748,8623,4093,1965,2128,
61415,16375,7889,8486,28655,13777,14878,32748,15835,16913,28653,13862,14791,16373,7749,8624,4093,1965,2128,
61420,16376,7890,8486,28658,13779,14879,32751,15838,16913,28656,13862,14794,16373,7749,8624,4094,1965,2129,
61425,16378,7891,8487,28658,13779,14879,32752,15839,16913,28658,13864,14794,16375,7750,8625,4094,1965,2129,
61430,16379,7892,8487,28662,13782,14880,32756,15842,16914,28660,13865,14795,16377,7750,8627,4094,1965,2129,
61435,16380,7892,8488,28665,13783,14882,32759,15844,16915,28663,13866,14797,16377,7750,8627,4095,1966,2129,
61440,16382,7894,8488,28665,13783,14882,32760,15845,16915,28665,13867,14798,16379,7752,8627,4095,1966,2129,
61445,16383,7894,8489,28669,13785,14884,32764,15845,16919,28667,13867,14800,16381,7753,8628,4095,1966,2129,
61450,16384,7894,8490,28672,13787,14885,32767,15846,16921,28670,13867,14803,16381,7753,8628,4096,1967,2129,
61455,16386,7895,8491,28672,13787,14885,32768,15846,16922,28672,13867,14805,16383,7753,8630,4096,1967,2129,
61460,16387,7896,8491,28676,13790,14886,32772,15847,16925,28674,13868,14806,16385,7754,8631,4096,1967,2129,
61465,16388,7897,8491,28679,13792,14887,32775,15848,16927,28677,13869,14808,16385,7754,8631,4097,1967,2130,
61470,16390,7898,8492,28679,13792,14887,32776,15848,16928,28679,13870,14809,16387,7755,8632,4097,1967,2130,
61475,16391,7899,8492,28683,13795,14888,32780,15850,16930,28681,13870,14811,16389,7755,8634,4097,1967,2130,
61480,16392,7900,8492,28686,13797,14889,32783,15852,16931,28684,13871,14813,16389,7755,8634,4098,1968,2130,
61485,16394,7901,8493,28686,13797,14889,32784,15853,16931,28686,13873,14813,16391,7756,8635,4098,1968,2130,
61490,16395,7902,8493,28690,13800,14890,32788,15854,16934,28688,13874,14814,16393,7757,8636,4098,1968,2130,
61495,16396,7902,8494,28693,13802,14891,32791,15856,16935,28691,13876,14815,16393,7757,8636,4099,1968,2131,
61500,16398,7903,8495,28693,13802,14891,32792,15857,16935,28693,13878,14815,16395,7759,8636,4099,1968,2131,
61505,16399,7904,8495,28697,13806,14891,32796,15860,16936,28695,13878,14817,16397,7760,8637,4099,1968,2131,
61510,16400,7904,8496,28700,13807,14893,32799,15860,16939,28698,13880,14818,16397,7760,8637,4100,1969,2131,
61515,16402,7906,8496,28700,13807,14893,32800,15861,16939,28700,13880,14820,16399,7762,8637,4100,1969,2131,
61520,16403,7907,8496,28704,13810,14894,32804,15865,16939,28702,13881,14821,16401,7763,8638,4100,1969,2131,
61525,16404,7908,8496,28707,13810,14897,32807,15867,16940,28705,13882,14823,16401,7763,8638,4101,1969,2132,
61530,16406,7909,8497,28707,13810,14897,32808,15867,16941,28707,13883,14824,16403,7763,8640,4101,1969,2132,
61535,16407,7909,8498,28711,13813,14898,32812,15869,16943,28709,13885,14824,16405,7764,8641,4101,1969,2132,
61540,16408,7910,8498,28714,13814,14900,32815,15869,16946,28712,13886,14826,16405,7764,8641,4102,1969,2133,
61545,16410,7911,8499,28714,13814,14900,32816,15869,16947,28714,13887,14827,16407,7766,8641,4102,1969,2133,
61550,16411,7912,8499,28718,13816,14902,32820,15872,16948,28716,13888,14828,16409,7767,8642,4102,1969,2133,
61555,16412,7912,8500,28721,13816,14905,32823,15874,16949,28719,13889,14830,16409,7767,8642,4103,1969,2134,
61560,16414,7914,8500,28721,13816,14905,32824,15875,16949,28721,13891,14830,16411,7767,8644,4103,1969,2134,
61565,16415,7914,8501,28725,13820,14905,32828,15877,16951,28723,13891,14832,16413,7769,8644,4103,1969,2134,
61570,16416,7914,8502,28728,13822,14906,32831,15878,16953,28726,13892,14834,16413,7769,8644,4104,1969,2135,
61575,16418,7915,8503,28728,13822,14906,32832,15878,16954,28728,13893,14835,16415,7770,8645,4104,1969,2135,
61580,16419,7916,8503,28732,13826,14906,32836,15878,16958,28730,13893,14837,16417,7771,8646,4104,1969,2135,
61585,16420,7917,8503,28735,13827,14908,32839,15880,16959,28733,13894,14839,16417,7771,8646,4105,1970,2135,
61590,16422,7917,8505,28735,13827,14908,32840,15881,16959,28735,13896,14839,16419,7772,8647,4105,1970,2135,
61595,16423,7917,8506,28739,13827,14912,32844,15883,16961,28737,13896,14841,16421,7773,8648,4105,1970,2135,
61600,16424,7917,8507,28742,13827,14915,32847,15886,16961,28740,13898,14842,16421,7773,8648,4106,1971,2135,
61605,16426,7918,8508,28742,13827,14915,32848,15886,16962,28742,13899,14843,16423,7774,8649,4106,1971,2135,
61610,16427,7918,8509,28746,13828,14918,32852,15889,16963,28744,13899,14845,16425,7775,8650,4106,1971,2135,
61615,16428,7918,8510,28749,13830,14919,32855,15891,16964,28747,13901,14846,16425,7775,8650,4107,1971,2136,
61620,16430,7919,8511,28749,13830,14919,32856,15891,16965,28749,13902,14847,16427,7776,8651,4107,1971,2136,
61625,16431,7920,8511,28753,13833,14920,32860,15894,16966,28751,13904,14847,16429,7778,8651,4107,1971,2136,
61630,16432,7921,8511,28756,13834,14922,32863,15897,16966,28754,13905,14849,16429,7778,8651,4108,1971,2137,
61635,16434,7923,8511,28756,13834,14922,32864,15897,16967,28756,13906,14850,16431,7778,8653,4108,1971,2137,
61640,16435,7924,8511,28760,13835,14925,32868,15899,16969,28758,13907,14851,16433,7779,8654,4108,1971,2137,
61645,16436,7924,8512,28763,13836,14927,32871,15900,16971,28761,13908,14853,16433,7779,8654,4109,1972,2137,
61650,16438,7925,8513,28763,13836,14927,32872,15901,16971,28763,13909,14854,16435,7781,8654,4109,1972,2137,
61655,16439,7926,8513,28767,13838,14929,32876,15902,16974,28765,13909,14856,16437,7783,8654,4109,1972,2137,
61660,16440,7926,8514,28770,13839,14931,32879,15902,16977,28768,13910,14858,16437,7783,8654,4110,1972,2138,
61665,16442,7928,8514,28770,13839,14931,32880,15902,16978,28770,13911,14859,16439,7785,8654,4110,1972,2138,
61670,16443,7928,8515,28774,13840,14934,32884,15904,16980,28772,13913,14859,16441,7785,8656,4110,1972,2138,
61675,16444,7928,8516,28777,13843,14934,32887,15906,16981,28775,13915,14860,16441,7785,8656,4111,1973,2138,
61680,16446,7929,8517,28777,13843,14934,32888,15906,16982,28777,13916,14861,16443,7786,8657,4111,1973,2138,
61685,16447,7930,8517,28781,13845,14936,32892,15908,16984,28779,13918,14861,16445,7786,8659,4111,1973,2138,
61690,16448,7931,8517,28784,13847,14937,32895,15908,16987,28782,13920,14862,16445,7786,8659,4112,1973,2139,
61695,16450,7932,8518,28784,13847,14937,32896,15909,16987,28784,13921,14863,16447,7786,8661,4112,1973,2139,
61700,16451,7932,8519,28788,13850,14938,32900,15911,16989,28786,13922,14864,16449,7787,8662,4112,1973,2139,
61705,16452,7932,8520,28791,13852,14939,32903,15911,16992,28789,13924,14865,16449,7787,8662,4113,1974,2139,
61710,16454,7932,8522,28791,13852,14939,32904,15912,16992,28791,13925,14866,16451,7788,8663,4113,1974,2139,
61715,16455,7933,8522,28795,13852,14943,32908,15913,16995,28793,13926,14867,16453,7788,8665,4113,1974,2139,
61720,16456,7933,8523,28798,13854,14944,32911,15913,16998,28796,13927,14869,16453,7788,8665,4114,1975,2139,
61725,16458,7935,8523,28798,13854,14944,32912,15913,16999,28798,13928,14870,16455,7789,8666,4114,1975,2139,
61730,16459,7935,8524,28802,13855,14947,32916,15914,17002,28800,13929,14871,16457,7790,8667,4114,1975,2139,
61735,16460,7935,8525,28805,13855,14950,32919,15914,17005,28803,13930,14873,16457,7790,8667,4115,1975,2140,
61740,16462,7936,8526,28805,13855,14950,32920,15915,17005,28805,13930,14875,16459,7791,8668,4115,1975,2140,
61745,16463,7937,8526,28809,13857,14952,32924,15918,17006,28807,13931,14876,16461,7791,8670,4115,1975,2140,
61750,16464,7937,8527,28812,13858,14954,32927,15921,17006,28810,13934,14876,16461,7791,8670,4116,1976,2140,
61755,16466,7937,8529,28812,13858,14954,32928,15922,17006,28812,13936,14876,16463,7792,8671,4116,1976,2140,
61760,16467,7938,8529,28816,13858,14958,32932,15925,17007,28814,13937,14877,16465,7793,8672,4116,1976,2140,
61765,16468,7938,8530,28819,13861,14958,32935,15928,17007,28817,13940,14877,16465,7793,8672,4117,1976,2141,
61770,16470,7939,8531,28819,13861,14958,32936,15928,17008,28819,13940,14879,16467,7793,8674,4117,1976,2141,
61775,16471,7940,8531,28823,13862,14961,32940,15931,17009,28821,13941,14880,16469,7795,8674,4117,1976,2141,
61780,16472,7941,8531,28826,13863,14963,32943,15933,17010,28824,13943,14881,16469,7795,8674,4118,1976,2142,
61785,16474,7943,8531,28826,13863,14963,32944,15933,17011,28826,13944,14882,16471,7797,8674,4118,1976,2142,
61790,16475,7943,8532,28830,13864,14966,32948,15936,17012,28828,13944,14884,16473,7797,8676,4118,1976,2142,
61795,16476,7944,8532,28833,13866,14967,32951,15937,17014,28831,13947,14884,16473,7797,8676,4119,1976,2143,
61800,16478,7945,8533,28833,13866,14967,32952,15937,17015,28833,13947,14886,16475,7798,8677,4119,1976,2143,
61805,16479,7946,8533,28837,13867,14970,32956,15938,17018,28835,13948,14887,16477,7799,8678,4119,1976,2143,
61810,16480,7946,8534,28840,13867,14973,32959,15940,17019,28838,13950,14888,16477,7799,8678,4120,1976,2144,
61815,16482,7948,8534,28840,13867,14973,32960,15941,17019,28840,13951,14889,16479,7800,8679,4120,1976,2144,
61820,16483,7948,8535,28844,13867,14977,32964,15942,17022,28842,13952,14890,16481,7801,8680,4120,1976,2144,
61825,16484,7949,8535,28847,13868,14979,32967,15943,17024,28845,13954,14891,16481,7801,8680,4121,1977,2144,
61830,16486,7951,8535,28847,13868,14979,32968,15943,17025,28847,13956,14891,16483,7802,8681,4121,1977,2144,
61835,16487,7951,8536,28851,13869,14982,32972,15946,17026,28849,13957,14892,16485,7802,8683,4121,1977,2144,
61840,16488,7952,8536,28854,13871,14983,32975,15947,17028,28852,13959,14893,16485,7802,8683,4122,1977,2145,
61845,16490,7954,8536,28854,13871,14983,32976,15948,17028,28854,13959,14895,16487,7803,8684,4122,1977,2145,
61850,16491,7955,8536,28858,13872,14986,32980,15950,17030,28856,13960,14896,16489,7803,8686,4122,1977,2145,
61855,16492,7956,8536,28861,13874,14987,32983,15950,17033,28859,13962,14897,16489,7803,8686,4123,1977,2146,
61860,16494,7958,8536,28861,13874,14987,32984,15951,17033,28861,13962,14899,16491,7803,8688,4123,1977,2146,
61865,16495,7959,8536,28865,13875,14990,32988,15953,17035,28863,13963,14900,16493,7803,8690,4123,1977,2146,
61870,16496,7959,8537,28868,13877,14991,32991,15956,17035,28866,13965,14901,16493,7803,8690,4124,1978,2146,
61875,16498,7960,8538,28868,13877,14991,32992,15957,17035,28868,13966,14902,16495,7804,8691,4124,1978,2146,
61880,16499,7960,8539,28872,13879,14993,32996,15959,17037,28870,13967,14903,16497,7805,8692,4124,1978,2146,
61885,16500,7960,8540,28875,13879,14996,32999,15960,17039,28873,13969,14904,16497,7805,8692,4125,1978,2147,
61890,16502,7961,8541,28875,13879,14996,33000,15961,17039,28875,13970,14905,16499,7805,8694,4125,1978,2147,
61895,16503,7961,8542,28879,13880,14999,33004,15962,17042,28877,13970,14907,16501,7807,8694,4125,1978,2147,
61900,16504,7961,8543,28882,13881,15001,33007,15962,17045,28880,13970,14910,16501,7807,8694,4126,1978,2148,
61905,16506,7962,8544,28882,13881,15001,33008,15963,17045,28882,13971,14911,16503,7807,8696,4126,1978,2148,
61910,16507,7963,8544,28886,13884,15002,33012,15965,17047,28884,13971,14913,16505,7809,8696,4126,1978,2148,
61915,16508,7964,8544,28889,13886,15003,33015,15965,17050,28887,13972,14915,16505,7809,8696,4127,1979,2148,
61920,16510,7964,8546,28889,13886,15003,33016,15965,17051,28889,13973,14916,16507,7811,8696,4127,1979,2148,
61925,16511,7965,8546,28893,13888,15005,33020,15967,17053,28891,13974,14917,16509,7811,8698,4127,1979,2148,
61930,16512,7965,8547,28896,13891,15005,33023,15968,17055,28894,13975,14919,16509,7811,8698,4128,1979,2149,
61935,16514,7966,8548,28896,13891,15005,33024,15968,17056,28896,13975,14921,16511,7812,8699,4128,1979,2149,
61940,16515,7966,8549,28900,13893,15007,33028,15971,17057,28898,13976,14922,16513,7812,8701,4128,1979,2149,
61945,16516,7967,8549,28903,13896,15007,33031,15971,17060,28901,13977,14924,16513,7812,8701,4129,1979,2150,
61950,16518,7969,8549,28903,13896,15007,33032,15972,17060,28903,13978,14925,16515,7813,8702,4129,1979,2150,
61955,16519,7970,8549,28907,13896,15011,33036,15975,17061,28905,13979,14926,16517,7813,8704,4129,1979,2150,
61960,16520,7970,8550,28910,13897,15013,33039,15977,17062,28908,13982,14926,16517,7813,8704,4130,1980,2150,
61965,16522,7971,8551,28910,13897,15013,33040,15977,17063,28910,13983,14927,16519,7813,8706,4130,1980,2150,
61970,16523,7972,8551,28914,13900,15014,33044,15981,17063,28912,13983,14929,16521,7814,8707,4130,1980,2150,
61975,16524,7972,8552,28917,13902,15015,33047,15982,17065,28915,13985,14930,16521,7814,8707,4131,1980,2151,
61980,16526,7974,8552,28917,13902,15015,33048,15983,17065,28917,13985,14932,16523,7814,8709,4131,1980,2151,
61985,16527,7974,8553,28921,13904,15017,33052,15983,17069,28919,13987,14932,16525,7816,8709,4131,1980,2151,
61990,16528,7974,8554,28924,13906,15018,33055,15984,17071,28922,13989,14933,16525,7816,8709,4132,1980,2152,
61995,16530,7975,8555,28924,13906,15018,33056,15985,17071,28924,13989,14935,16527,7818,8709,4132,1980,2152,
62000,16531,7976,8555,28928,13907,15021,33060,15986,17074,28926,13990,14936,16529,7818,8711,4132,1980,2152,
62005,16532,7976,8556,28931,13908,15023,33063,15989,17074,28929,13991,14938,16529,7818,8711,4133,1981,2152,
62010,16534,7978,8556,28931,13908,15023,33064,15989,17075,28931,13992,14939,16531,7819,8712,4133,1981,2152,
62015,16535,7979,8556,28935,13910,15025,33068,15992,17076,28933,13993,14940,16533,7819,8714,4133,1981,2152,
62020,16536,7979,8557,28938,13911,15027,33071,15994,17077,28936,13994,14942,16533,7819,8714,4134,1981,2153,
62025,16538,7979,8559,28938,13911,15027,33072,15994,17078,28938,13996,14942,16535,7821,8714,4134,1981,2153,
62030,16539,7980,8559,28942,13912,15030,33076,15996,17080,28940,13996,14944,16537,7822,8715,4134,1981,2153,
62035,16540,7981,8559,28945,13915,15030,33079,15998,17081,28943,13998,14945,16537,7822,8715,4135,1981,2154,
62040,16542,7982,8560,28945,13915,15030,33080,15998,17082,28945,13999,14946,16539,7822,8717,4135,1981,2154,
62045,16543,7982,8561,28949,13917,15032,33084,15999,17085,28947,13999,14948,16541,7822,8719,4135,1981,2154,
62050,16544,7982,8562,28952,13918,15034,33087,16000,17087,28950,14001,14949,16541,7822,8719,4136,1981,2155,
62055,16546,7983,8563,28952,13918,15034,33088,16001,17087,28952,14002,14950,16543,7823,8720,4136,1981,2155,
62060,16547,7983,8564,28956,13921,15035,33092,16001,17091,28954,14002,14952,16545,7823,8722,4136,1981,2155,
62065,16548,7984,8564,28959,13923,15036,33095,16001,17094,28957,14004,14953,16545,7823,8722,4137,1982,2155,
62070,16550,7985,8565,28959,13923,15036,33096,16002,17094,28959,14005,14954,16547,7825,8722,4137,1982,2155,
62075,16551,7985,8566,28963,13925,15038,33100,16004,17096,28961,14006,14955,16549,7826,8723,4137,1982,2155,
62080,16552,7986,8566,28966,13926,15040,33103,16007,17096,28964,14008,14956,16549,7826,8723,4138,1982,2156,
62085,16554,7987,8567,28966,13926,15040,33104,16007,17097,28966,14010,14956,16551,7826,8725,4138,1982,2156,
62090,16555,7988,8567,28970,13930,15040,33108,16008,17100,28968,14011,14957,16553,7828,8725,4138,1982,2156,
62095,16556,7988,8568,28973,13933,15040,33111,16009,17102,28971,14011,14960,16553,7828,8725,4139,1982,2157,
62100,16558,7988,8570,28973,13933,15040,33112,16010,17102,28973,14012,14961,16555,7830,8725,4139,1982,2157,
62105,16559,7989,8570,28977,13935,15042,33116,16013,17103,28975,14012,14963,16557,7831,8726,4139,1982,2157,
62110,16560,7989,8571,28980,13936,15044,33119,16014,17105,28978,14015,14963,16557,7831,8726,4140,1983,2157,
62115,16562,7989,8573,28980,13936,15044,33120,16014,17106,28980,14016,14964,16559,7831,8728,4140,1983,2157,
62120,16563,7990,8573,28984,13938,15046,33124,16015,17109,28982,14017,14965,16561,7832,8729,4140,1983,2157,
62125,16564,7990,8574,28987,13940,15047,33127,16017,17110,28985,14017,14968,16561,7832,8729,4141,1984,2157,
62130,16566,7992,8574,28987,13940,15047,33128,16017,17111,28987,14017,14970,16563,7832,8731,4141,1984,2157,
62135,16567,7993,8574,28991,13942,15049,33132,16017,17115,28989,14019,14970,16565,7832,8733,4141,1984,2157,
62140,16568,7994,8574,28994,13943,15051,33135,16019,17116,28992,14020,14972,16565,7832,8733,4142,1985,2157,
62145,16570,7996,8574,28994,13943,15051,33136,16019,17117,28994,14021,14973,16567,7832,8735,4142,1985,2157,
62150,16571,7997,8574,28998,13945,15053,33140,16022,17118,28996,14023,14973,16569,7833,8736,4142,1985,2157,
62155,16572,7998,8574,29001,13947,15054,33143,16023,17120,28999,14023,14976,16569,7833,8736,4143,1985,2158,
62160,16574,7999,8575,29001,13947,15054,33144,16024,17120,29001,14023,14978,16571,7834,8737,4143,1985,2158,
62165,16575,7999,8576,29005,13948,15057,33148,16027,17121,29003,14024,14979,16573,7835,8738,4143,1985,2158,
62170,16576,7999,8577,29008,13950,15058,33151,16028,17123,29006,14027,14979,16573,7835,8738,4144,1985,2159,
62175,16578,8001,8577,29008,13950,15058,33152,16029,17123,29008,14027,14981,16575,7837,8738,4144,1985,2159,
62180,16579,8002,8577,29012,13952,15060,33156,16030,17126,29010,14029,14981,16577,7838,8739,4144,1985,2159,
62185,16580,8003,8577,29015,13953,15062,33159,16031,17128,29013,14029,14984,16577,7838,8739,4145,1986,2159,
62190,16582,8004,8578,29015,13953,15062,33160,16032,17128,29015,14029,14986,16579,7840,8739,4145,1986,2159,
62195,16583,8004,8579,29019,13955,15064,33164,16034,17130,29017,14030,14987,16581,7840,8741,4145,1986,2159,
62200,16584,8004,8580,29022,13957,15065,33167,16035,17132,29020,14030,14990,16581,7840,8741,4146,1986,2160,
62205,16586,8005,8581,29022,13957,15065,33168,16036,17132,29022,14032,14990,16583,7842,8741,4146,1986,2160,
62210,16587,8006,8581,29026,13959,15067,33172,16040,17132,29024,14032,14992,16585,7843,8742,4146,1986,2160,
62215,16588,8006,8582,29029,13960,15069,33175,16041,17134,29027,14034,14993,16585,7843,8742,4147,1986,2161,
62220,16590,8006,8584,29029,13960,15069,33176,16042,17134,29029,14036,14993,16587,7843,8744,4147,1986,2161,
62225,16591,8006,8585,29033,13961,15072,33180,16046,17134,29031,14036,14995,16589,7843,8746,4147,1986,2161,
62230,16592,8007,8585,29036,13963,15073,33183,16047,17136,29034,14038,14996,16589,7843,8746,4148,1987,2161,
62235,16594,8007,8587,29036,13963,15073,33184,16048,17136,29036,14039,14997,16591,7843,8748,4148,1987,2161,
62240,16595,8007,8588,29040,13965,15075,33188,16051,17137,29038,14039,14999,16593,7844,8749,4148,1987,2161,
62245,16596,8008,8588,29043,13968,15075,33191,16053,17138,29041,14041,15000,16593,7844,8749,4149,1988,2161,
62250,16598,8009,8589,29043,13968,15075,33192,16054,17138,29043,14041,15002,16595,7845,8750,4149,1988,2161,
62255,16599,8010,8589,29047,13969,15078,33196,16055,17141,29045,14042,15003,16597,7846,8751,4149,1988,2161,
62260,16600,8011,8589,29050,13970,15080,33199,16056,17143,29048,14042,15006,16597,7846,8751,4150,1989,2161,
62265,16602,8011,8591,29050,13970,15080,33200,16056,17144,29050,14043,15007,16599,7847,8752,4150,1989,2161,
62270,16603,8011,8592,29054,13973,15081,33204,16057,17147,29052,14044,15008,16601,7848,8753,4150,1989,2161,
62275,16604,8011,8593,29057,13975,15082,33207,16058,17149,29055,14044,15011,16601,7848,8753,4151,1990,2161,
62280,16606,8012,8594,29057,13975,15082,33208,16059,17149,29057,14044,15013,16603,7849,8754,4151,1990,2161,
62285,16607,8013,8594,29061,13978,15083,33212,16061,17151,29059,14044,15015,16605,7851,8754,4151,1990,2161,
62290,16608,8013,8595,29064,13980,15084,33215,16061,17154,29062,14046,15016,16605,7851,8754,4152,1990,2162,
62295,16610,8014,8596,29064,13980,15084,33216,16061,17155,29064,14047,15017,16607,7852,8755,4152,1990,2162,
62300,16611,8014,8597,29068,13982,15086,33220,16063,17157,29066,14048,15018,16609,7852,8757,4152,1990,2162,
62305,16612,8015,8597,29071,13984,15087,33223,16064,17159,29069,14048,15021,16609,7852,8757,4153,1991,2162,
62310,16614,8016,8598,29071,13984,15087,33224,16064,17160,29071,14049,15022,16611,7853,8758,4153,1991,2162,
62315,16615,8017,8598,29075,13985,15090,33228,16067,17161,29073,14050,15023,16613,7854,8759,4153,1991,2162,
62320,16616,8017,8599,29078,13988,15090,33231,16067,17164,29076,14051,15025,16613,7854,8759,4154,1992,2162,
62325,16618,8019,8599,29078,13988,15090,33232,16068,17164,29078,14051,15027,16615,7855,8760,4154,1992,2162,
62330,16619,8020,8599,29082,13991,15091,33236,16070,17166,29080,14051,15029,16617,7856,8761,4154,1992,2162,
62335,16620,8020,8600,29085,13994,15091,33239,16071,17168,29083,14052,15031,16617,7856,8761,4155,1992,2163,
62340,16622,8021,8601,29085,13994,15091,33240,16071,17169,29085,14053,15032,16619,7856,8763,4155,1992,2163,
62345,16623,8021,8602,29089,13997,15092,33244,16072,17172,29087,14055,15032,16621,7858,8763,4155,1992,2163,
62350,16624,8022,8602,29092,13997,15095,33247,16075,17172,29090,14056,15034,16621,7858,8763,4156,1992,2164,
62355,16626,8023,8603,29092,13997,15095,33248,16075,17173,29092,14057,15035,16623,7858,8765,4156,1992,2164,
62360,16627,8023,8604,29096,13999,15097,33252,16077,17175,29094,14059,15035,16625,7859,8766,4156,1992,2164,
62365,16628,8023,8605,29099,14001,15098,33255,16079,17176,29097,14059,15038,16625,7859,8766,4157,1992,2165,
62370,16630,8024,8606,29099,14001,15098,33256,16079,17177,29099,14060,15039,16627,7859,8768,4157,1992,2165,
62375,16631,8025,8606,29103,14004,15099,33260,16081,17179,29101,14062,15039,16629,7860,8769,4157,1992,2165,
62380,16632,8026,8606,29106,14007,15099,33263,16083,17180,29104,14063,15041,16629,7860,8769,4158,1993,2165,
62385,16634,8028,8606,29106,14007,15099,33264,16084,17180,29106,14064,15042,16631,7861,8770,4158,1993,2165,
62390,16635,8029,8606,29110,14010,15100,33268,16085,17183,29108,14065,15043,16633,7863,8770,4158,1993,2165,
62395,16636,8029,8607,29113,14010,15103,33271,16085,17186,29111,14066,15045,16633,7863,8770,4159,1993,2166,
62400,16638,8029,8609,29113,14010,15103,33272,16086,17186,29113,14066,15047,16635,7864,8771,4159,1993,2166,
62405,16639,8030,8609,29117,14013,15104,33276,16090,17186,29115,14067,15048,16637,7865,8772,4159,1993,2166,
62410,16640,8031,8609,29120,14015,15105,33279,16092,17187,29118,14068,15050,16637,7865,8772,4160,1994,2166,
62415,16642,8032,8610,29120,14015,15105,33280,16093,17187,29120,14068,15052,16639,7866,8773,4160,1994,2166,
62420,16643,8032,8611,29124,14017,15107,33284,16095,17189,29122,14069,15053,16641,7867,8774,4160,1994,2166,
62425,16644,8033,8611,29127,14018,15109,33287,16095,17192,29125,14071,15054,16641,7867,8774,4161,1995,2166,
62430,16646,8033,8613,29127,14018,15109,33288,16095,17193,29127,14072,15055,16643,7867,8776,4161,1995,2166,
62435,16647,8033,8614,29131,14020,15111,33292,16098,17194,29129,14073,15056,16645,7867,8778,4161,1995,2166,
62440,16648,8033,8615,29134,14022,15112,33295,16098,17197,29132,14074,15058,16645,7867,8778,4162,1996,2166,
62445,16650,8034,8616,29134,14022,15112,33296,16099,17197,29134,14075,15059,16647,7869,8778,4162,1996,2166,
62450,16651,8035,8616,29138,14026,15112,33300,16101,17199,29136,14075,15061,16649,7871,8778,4162,1996,2166,
62455,16652,8036,8616,29141,14026,15115,33303,16102,17201,29139,14076,15063,16649,7871,8778,4163,1997,2166,
62460,16654,8037,8617,29141,14026,15115,33304,16103,17201,29141,14076,15065,16651,7872,8779,4163,1997,2166,
62465,16655,8038,8617,29145,14029,15116,33308,16103,17205,29143,14077,15066,16653,7874,8779,4163,1997,2166,
62470,16656,8038,8618,29148,14032,15116,33311,16105,17206,29146,14078,15068,16653,7874,8779,4164,1998,2166,
62475,16658,8038,8620,29148,14032,15116,33312,16106,17206,29148,14079,15069,16655,7875,8780,4164,1998,2166,
62480,16659,8038,8621,29152,14034,15118,33316,16109,17207,29150,14081,15069,16657,7877,8780,4164,1998,2166,
62485,16660,8038,8622,29155,14034,15121,33319,16111,17208,29153,14084,15069,16657,7877,8780,4165,1998,2167,
62490,16662,8040,8622,29155,14034,15121,33320,16111,17209,29155,14085,15070,16659,7879,8780,4165,1998,2167,
62495,16663,8040,8623,29159,14037,15122,33324,16112,17212,29157,14086,15071,16661,7879,8782,4165,1998,2167,
62500,16664,8041,8623,29162,14039,15123,33327,16113,17214,29160,14087,15073,16661,7879,8782,4166,1999,2167,
62505,16666,8041,8625,29162,14039,15123,33328,16114,17214,29162,14088,15074,16663,7879,8784,4166,1999,2167,
62510,16667,8041,8626,29166,14039,15127,33332,16114,17218,29164,14089,15075,16665,7879,8786,4166,1999,2167,
62515,16668,8041,8627,29169,14039,15130,33335,16116,17219,29167,14090,15077,16665,7879,8786,4167,2000,2167,
62520,16670,8042,8628,29169,14039,15130,33336,16117,17219,29169,14092,15077,16667,7881,8786,4167,2000,2167,
62525,16671,8042,8629,29173,14043,15130,33340,16120,17220,29171,14093,15078,16669,7881,8788,4167,2000,2167,
62530,16672,8042,8630,29176,14044,15132,33343,16121,17222,29174,14093,15081,16669,7881,8788,4168,2001,2167,
62535,16674,8043,8631,29176,14044,15132,33344,16121,17223,29176,14094,15082,16671,7881,8790,4168,2001,2167,
62540,16675,8044,8631,29180,14046,15134,33348,16122,17226,29178,14096,15082,16673,7882,8791,4168,2001,2167,
62545,16676,8044,8632,29183,14047,15136,33351,16122,17229,29181,14098,15083,16673,7882,8791,4169,2001,2168,
62550,16678,8045,8633,29183,14047,15136,33352,16122,17230,29183,14099,15084,16675,7882,8793,4169,2001,2168,
62555,16679,8046,8633,29187,14048,15139,33356,16125,17231,29185,14100,15085,16677,7883,8794,4169,2001,2168,
62560,16680,8046,8634,29190,14050,15140,33359,16127,17232,29188,14100,15088,16677,7883,8794,4170,2001,2169,
62565,16682,8048,8634,29190,14050,15140,33360,16127,17233,29190,14101,15089,16679,7884,8795,4170,2001,2169,
62570,16683,8049,8634,29194,14051,15143,33364,16131,17233,29192,14103,15089,16681,7886,8795,4170,2001,2169,
62575,16684,8049,8635,29197,14053,15144,33367,16133,17234,29195,14105,15090,16681,7886,8795,4171,2001,2170,
62580,16686,8049,8637,29197,14053,15144,33368,16133,17235,29197,14106,15091,16683,7887,8796,4171,2001,2170,
62585,16687,8049,8638,29201,14055,15146,33372,16135,17237,29199,14107,15092,16685,7888,8797,4171,2001,2170,
62590,16688,8050,8638,29204,14056,15148,33375,16136,17239,29202,14107,15095,16685,7888,8797,4172,2001,2171,
62595,16690,8051,8639,29204,14056,15148,33376,16136,17240,29204,14107,15097,16687,7889,8798,4172,2001,2171,
62600,16691,8052,8639,29208,14057,15151,33380,16138,17242,29206,14107,15099,16689,7889,8800,4172,2001,2171,
62605,16692,8052,8640,29211,14058,15153,33383,16138,17245,29209,14109,15100,16689,7889,8800,4173,2002,2171,
62610,16694,8053,8641,29211,14058,15153,33384,16138,17246,29211,14110,15101,16691,7889,8802,4173,2002,2171,
62615,16695,8053,8642,29215,14058,15157,33388,16142,17246,29213,14111,15102,16693,7889,8804,4173,2002,2171,
62620,16696,8054,8642,29218,14059,15159,33391,16143,17248,29216,14112,15104,16693,7889,8804,4174,2002,2172,
62625,16698,8056,8642,29218,14059,15159,33392,16144,17248,29218,14112,15106,16695,7889,8806,4174,2002,2172,
62630,16699,8057,8642,29222,14061,15161,33396,16148,17248,29220,14113,15107,16697,7891,8806,4174,2002,2172,
62635,16700,8057,8643,29225,14062,15163,33399,16149,17250,29223,14115,15108,16697,7891,8806,4175,2003,2172,
62640,16702,8058,8644,29225,14062,15163,33400,16150,17250,29225,14117,15108,16699,7892,8807,4175,2003,2172,
62645,16703,8058,8645,29229,14064,15165,33404,16153,17251,29227,14118,15109,16701,7894,8807,4175,2003,2172,
62650,16704,8058,8646,29232,14066,15166,33407,16155,17252,29230,14119,15111,16701,7894,8807,4176,2004,2172,
62655,16706,8059,8647,29232,14066,15166,33408,16155,17253,29232,14120,15112,16703,7895,8808,4176,2004,2172,
62660,16707,8059,8648,29236,14069,15167,33412,16159,17253,29234,14120,15114,16705,7895,8810,4176,2004,2172,
62665,16708,8060,8648,29239,14070,15169,33415,16160,17255,29237,14122,15115,16705,7895,8810,4177,2004,2173,
62670,16710,8060,8650,29239,14070,15169,33416,16160,17256,29239,14123,15116,16707,7896,8811,4177,2004,2173,
62675,16711,8061,8650,29243,14070,15173,33420,16163,17257,29241,14125,15116,16709,7896,8813,4177,2004,2173,
62680,16712,8061,8651,29246,14070,15176,33423,16163,17260,29244,14127,15117,16709,7896,8813,4178,2004,2174,
62685,16714,8062,8652,29246,14070,15176,33424,16163,17261,29246,14128,15118,16711,7897,8814,4178,2004,2174,
62690,16715,8062,8653,29250,14072,15178,33428,16163,17265,29248,14129,15119,16713,7897,8816,4178,2004,2174,
62695,16716,8063,8653,29253,14073,15180,33431,16166,17265,29251,14130,15121,16713,7897,8816,4179,2005,2174,
62700,16718,8064,8654,29253,14073,15180,33432,16167,17265,29253,14131,15122,16715,7899,8816,4179,2005,2174,
62705,16719,8064,8655,29257,14075,15182,33436,16168,17268,29255,14132,15123,16717,7901,8816,4179,2005,2174,
62710,16720,8064,8656,29260,14077,15183,33439,16170,17269,29258,14132,15126,16717,7901,8816,4180,2005,2175,
62715,16722,8064,8658,29260,14077,15183,33440,16170,17270,29260,14133,15127,16719,7902,8817,4180,2005,2175,
62720,16723,8065,8658,29264,14078,15186,33444,16172,17272,29262,14134,15128,16721,7903,8818,4180,2005,2175,
62725,16724,8066,8658,29267,14079,15188,33447,16175,17272,29265,14136,15129,16721,7903,8818,4181,2006,2175,
62730,16726,8066,8660,29267,14079,15188,33448,16175,17273,29267,14137,15130,16723,7904,8819,4181,2006,2175,
62735,16727,8066,8661,29271,14081,15190,33452,16176,17276,29269,14137,15132,16725,7906,8819,4181,2006,2175,
62740,16728,8066,8662,29274,14083,15191,33455,16177,17278,29272,14138,15134,16725,7906,8819,4182,2007,2175,
62745,16730,8067,8663,29274,14083,15191,33456,16177,17279,29274,14140,15134,16727,7906,8821,4182,2007,2175,
62750,16731,8067,8664,29278,14085,15193,33460,16178,17282,29276,14140,15136,16729,7907,8822,4182,2007,2175,
62755,16732,8067,8665,29281,14088,15193,33463,16181,17282,29279,14142,15137,16729,7907,8822,4183,2007,2176,
62760,16734,8068,8666,29281,14088,15193,33464,16182,17282,29281,14144,15137,16731,7909,8822,4183,2007,2176,
62765,16735,8068,8667,29285,14090,15195,33468,16182,17286,29283,14145,15138,16733,7910,8823,4183,2007,2176,
62770,16736,8068,8668,29288,14092,15196,33471,16184,17287,29286,14148,15138,16733,7910,8823,4184,2008,2176,
62775,16738,8070,8668,29288,14092,15196,33472,16184,17288,29288,14150,15138,16735,7911,8824,4184,2008,2176,
62780,16739,8071,8668,29292,14093,15199,33476,16187,17289,29290,14151,15139,16737,7913,8824,4184,2008,2176,
62785,16740,8071,8669,29295,14094,15201,33479,16187,17292,29293,14152,15141,16737,7913,8824,4185,2008,2177,
62790,16742,8073,8669,29295,14094,15201,33480,16187,17293,29295,14152,15143,16739,7914,8825,4185,2008,2177,
62795,16743,8073,8670,29299,14096,15203,33484,16189,17295,29297,14153,15144,16741,7915,8826,4185,2008,2177,
62800,16744,8073,8671,29302,14099,15203,33487,16190,17297,29300,14153,15147,16741,7915,8826,4186,2009,2177,
62805,16746,8073,8673,29302,14099,15203,33488,16191,17297,29302,14153,15149,16743,7916,8827,4186,2009,2177,
62810,16747,8074,8673,29306,14102,15204,33492,16194,17298,29304,14153,15151,16745,7918,8827,4186,2009,2177,
62815,16748,8075,8673,29309,14104,15205,33495,16197,17298,29307,14154,15153,16745,7918,8827,4187,2009,2178,
62820,16750,8077,8673,29309,14104,15205,33496,16198,17298,29309,14156,15153,16747,7918,8829,4187,2009,2178,
62825,16751,8077,8674,29313,14105,15208,33500,16200,17300,29311,14156,15155,16749,7918,8831,4187,2009,2178,
62830,16752,8078,8674,29316,14106,15210,33503,16201,17302,29314,14157,15157,16749,7918,8831,4188,2009,2179,
62835,16754,8079,8675,29316,14106,15210,33504,16202,17302,29316,14158,15158,16751,7919,8832,4188,2009,2179,
62840,16755,8080,8675,29320,14106,15214,33508,16206,17302,29318,14158,15160,16753,7920,8833,4188,2009,2179,
62845,16756,8080,8676,29323,14107,15216,33511,16208,17303,29321,14160,15161,16753,7920,8833,4189,2010,2179,
62850,16758,8081,8677,29323,14107,15216,33512,16208,17304,29323,14162,15161,16755,7920,8835,4189,2010,2179,
62855,16759,8081,8678,29327,14110,15217,33516,16211,17305,29325,14164,15161,16757,7920,8837,4189,2010,2179,
62860,16760,8081,8679,29330,14113,15217,33519,16213,17306,29328,14165,15163,16757,7920,8837,4190,2011,2179,
62865,16762,8082,8680,29330,14113,15217,33520,16214,17306,29330,14165,15165,16759,7920,8839,4190,2011,2179,
62870,16763,8083,8680,29334,14114,15220,33524,16217,17307,29332,14166,15166,16761,7920,8841,4190,2011,2179,
62875,16764,8083,8681,29337,14116,15221,33527,16218,17309,29335,14166,15169,16761,7920,8841,4191,2012,2179,
62880,16766,8085,8681,29337,14116,15221,33528,16219,17309,29337,14167,15170,16763,7922,8841,4191,2012,2179,
62885,16767,8086,8681,29341,14118,15223,33532,16222,17310,29339,14168,15171,16765,7922,8843,4191,2012,2179,
62890,16768,8087,8681,29344,14121,15223,33535,16223,17312,29342,14170,15172,16765,7922,8843,4192,2013,2179,
62895,16770,8089,8681,29344,14121,15223,33536,16223,17313,29344,14170,15174,16767,7924,8843,4192,2013,2179,
62900,16771,8090,8681,29348,14124,15224,33540,16224,17316,29346,14170,15176,16769,7925,8844,4192,2013,2179,
62905,16772,8090,8682,29351,14125,15226,33543,16227,17316,29349,14172,15177,16769,7925,8844,4193,2013,2180,
62910,16774,8091,8683,29351,14125,15226,33544,16228,17316,29351,14172,15179,16771,7926,8845,4193,2013,2180,
62915,16775,8091,8684,29355,14127,15228,33548,16229,17319,29353,14173,15180,16773,7928,8845,4193,2013,2180,
62920,16776,8091,8685,29358,14129,15229,33551,16232,17319,29356,14176,15180,16773,7928,8845,4194,2014,2180,
62925,16778,8092,8686,29358,14129,15229,33552,16233,17319,29358,14177,15181,16775,7928,8847,4194,2014,2180,
62930,16779,8093,8686,29362,14133,15229,33556,16234,17322,29360,14178,15182,16777,7929,8848,4194,2014,2180,
62935,16780,8093,8687,29365,14136,15229,33559,16237,17322,29363,14181,15182,16777,7929,8848,4195,2015,2180,
62940,16782,8093,8689,29365,14136,15229,33560,16237,17323,29365,14182,15183,16779,7930,8849,4195,2015,2180,
62945,16783,8093,8690,29369,14138,15231,33564,16240,17324,29367,14183,15184,16781,7931,8850,4195,2015,2180,
62950,16784,8093,8691,29372,14141,15231,33567,16240,17327,29370,14184,15186,16781,7931,8850,4196,2015,2181,
62955,16786,8095,8691,29372,14141,15231,33568,16241,17327,29372,14185,15187,16783,7932,8851,4196,2015,2181,
62960,16787,8095,8692,29376,14143,15233,33572,16244,17328,29374,14185,15189,16785,7934,8851,4196,2015,2181,
62965,16788,8095,8693,29379,14145,15234,33575,16246,17329,29377,14187,15190,16785,7934,8851,4197,2015,2182,
62970,16790,8096,8694,29379,14145,15234,33576,16247,17329,29379,14187,15192,16787,7935,8852,4197,2015,2182,
62975,16791,8096,8695,29383,14147,15236,33580,16249,17331,29381,14188,15193,16789,7936,8853,4197,2015,2182,
62980,16792,8097,8695,29386,14147,15239,33583,16249,17334,29384,14190,15194,16789,7936,8853,4198,2015,2183,
62985,16794,8098,8696,29386,14147,15239,33584,16250,17334,29386,14191,15195,16791,7937,8854,4198,2015,2183,
62990,16795,8099,8696,29390,14150,15240,33588,16251,17337,29388,14192,15196,16793,7937,8856,4198,2015,2183,
62995,16796,8100,8696,29393,14151,15242,33591,16253,17338,29391,14193,15198,16793,7937,8856,4199,2015,2184,
63000,16798,8101,8697,29393,14151,15242,33592,16254,17338,29393,14194,15199,16795,7937,8858,4199,2015,2184,
63005,16799,8101,8698,29397,14152,15245,33596,16257,17339,29395,14196,15199,16797,7938,8859,4199,2015,2184,
63010,16800,8101,8699,29400,14152,15248,33599,16258,17341,29398,14198,15200,16797,7938,8859,4200,2016,2184,
63015,16802,8102,8700,29400,14152,15248,33600,16259,17341,29400,14200,15200,16799,7940,8859,4200,2016,2184,
63020,16803,8102,8701,29404,14154,15250,33604,16263,17341,29402,14201,15201,16801,7940,8861,4200,2016,2184,
63025,16804,8103,8701,29407,14155,15252,33607,16266,17341,29405,14203,15202,16801,7940,8861,4201,2017,2184,
63030,16806,8104,8702,29407,14155,15252,33608,16266,17342,29407,14204,15203,16803,7941,8862,4201,2017,2184,
63035,16807,8104,8703,29411,14155,15256,33612,16267,17345,29409,14205,15204,16805,7942,8863,4201,2017,2184,
63040,16808,8104,8704,29414,14158,15256,33615,16268,17347,29412,14205,15207,16805,7942,8863,4202,2017,2185,
63045,16810,8106,8704,29414,14158,15256,33616,16269,17347,29414,14207,15207,16807,7942,8865,4202,2017,2185,
63050,16811,8107,8704,29418,14159,15259,33620,16272,17348,29416,14209,15207,16809,7943,8866,4202,2017,2185,
63055,16812,8108,8704,29421,14161,15260,33623,16274,17349,29419,14212,15207,16809,7943,8866,4203,2018,2185,
63060,16814,8108,8706,29421,14161,15260,33624,16274,17350,29421,14212,15209,16811,7944,8867,4203,2018,2185,
63065,16815,8108,8707,29425,14164,15261,33628,16275,17353,29423,14213,15210,16813,7946,8867,4203,2018,2185,
63070,16816,8109,8707,29428,14165,15263,33631,16275,17356,29426,14214,15212,16813,7946,8867,4204,2019,2185,
63075,16818,8110,8708,29428,14165,15263,33632,16275,17357,29428,14215,15213,16815,7947,8868,4204,2019,2185,
63080,16819,8110,8709,29432,14167,15265,33636,16279,17357,29430,14215,15215,16817,7948,8869,4204,2019,2185,
63085,16820,8111,8709,29435,14169,15266,33639,16281,17358,29433,14217,15216,16817,7948,8869,4205,2019,2186,
63090,16822,8111,8711,29435,14169,15266,33640,16281,17359,29435,14219,15216,16819,7949,8870,4205,2019,2186,
63095,16823,8111,8712,29439,14171,15268,33644,16284,17360,29437,14220,15217,16821,7951,8870,4205,2019,2186,
63100,16824,8111,8713,29442,14172,15270,33647,16285,17362,29440,14220,15220,16821,7951,8870,4206,2019,2187,
63105,16826,8113,8713,29442,14172,15270,33648,16286,17362,29442,14220,15222,16823,7953,8870,4206,2019,2187,
63110,16827,8114,8713,29446,14172,15274,33652,16288,17364,29444,14221,15223,16825,7954,8871,4206,2019,2187,
63115,16828,8114,8714,29449,14172,15277,33655,16290,17365,29447,14221,15226,16825,7954,8871,4207,2019,2188,
63120,16830,8116,8714,29449,14172,15277,33656,16291,17365,29449,14222,15227,16827,7955,8872,4207,2019,2188,
63125,16831,8117,8714,29453,14172,15281,33660,16292,17368,29451,14223,15228,16829,7955,8874,4207,2019,2188,
63130,16832,8118,8714,29456,14172,15284,33663,16293,17370,29454,14226,15228,16829,7955,8874,4208,2020,2188,
63135,16834,8119,8715,29456,14172,15284,33664,16294,17370,29456,14227,15229,16831,7957,8874,4208,2020,2188,
63140,16835,8120,8715,29460,14173,15287,33668,16296,17372,29458,14227,15231,16833,7958,8875,4208,2020,2188,
63145,16836,8121,8715,29463,14175,15288,33671,16299,17372,29461,14227,15234,16833,7958,8875,4209,2021,2188,
63150,16838,8121,8717,29463,14175,15288,33672,16299,17373,29463,14228,15235,16835,7959,8876,4209,2021,2188,
63155,16839,8121,8718,29467,14175,15292,33676,16302,17374,29465,14229,15236,16837,7961,8876,4209,2021,2188,
63160,16840,8121,8719,29470,14178,15292,33679,16304,17375,29468,14231,15237,16837,7961,8876,4210,2021,2189,
63165,16842,8122,8720,29470,14178,15292,33680,16304,17376,29470,14233,15237,16839,7963,8876,4210,2021,2189,
63170,16843,8122,8721,29474,14181,15293,33684,16307,17377,29472,14234,15238,16841,7963,8878,4210,2021,2189,
63175,16844,8123,8721,29477,14182,15295,33687,16308,17379,29475,14235,15240,16841,7963,8878,4211,2021,2190,
63180,16846,8123,8723,29477,14182,15295,33688,16308,17380,29477,14236,15241,16843,7965,8878,4211,2021,2190,
63185,16847,8124,8723,29481,14184,15297,33692,16309,17383,29479,14236,15243,16845,7967,8878,4211,2021,2190,
63190,16848,8124,8724,29484,14185,15299,33695,16310,17385,29482,14236,15246,16845,7967,8878,4212,2021,2191,
63195,16850,8125,8725,29484,14185,15299,33696,16311,17385,29484,14236,15248,16847,7969,8878,4212,2021,2191,
63200,16851,8125,8726,29488,14187,15301,33700,16313,17387,29486,14236,15250,16849,7970,8879,4212,2021,2191,
63205,16852,8125,8727,29491,14190,15301,33703,16314,17389,29489,14238,15251,16849,7970,8879,4213,2022,2191,
63210,16854,8127,8727,29491,14190,15301,33704,16315,17389,29491,14239,15252,16851,7970,8881,4213,2022,2191,
63215,16855,8127,8728,29495,14192,15303,33708,16317,17391,29493,14239,15254,16853,7972,8881,4213,2022,2191,
63220,16856,8127,8729,29498,14194,15304,33711,16318,17393,29496,14240,15256,16853,7972,8881,4214,2023,2191,
63225,16858,8128,8730,29498,14194,15304,33712,16319,17393,29498,14241,15257,16855,7973,8882,4214,2023,2191,
63230,16859,8128,8731,29502,14196,15306,33716,16320,17396,29500,14242,15258,16857,7975,8882,4214,2023,2191,
63235,16860,8128,8732,29505,14197,15308,33719,16321,17398,29503,14243,15260,16857,7975,8882,4215,2024,2191,
63240,16862,8129,8733,29505,14197,15308,33720,16321,17399,29505,14245,15260,16859,7975,8884,4215,2024,2191,
63245,16863,8129,8734,29509,14199,15310,33724,16324,17400,29507,14247,15260,16861,7975,8886,4215,2024,2191,
63250,16864,8129,8735,29512,14200,15312,33727,16326,17401,29510,14248,15262,16861,7975,8886,4216,2024,2192,
63255,16866,8131,8735,29512,14200,15312,33728,16327,17401,29512,14249,15263,16863,7977,8886,4216,2024,2192,
63260,16867,8132,8735,29516,14201,15315,33732,16329,17403,29514,14251,15263,16865,7978,8887,4216,2024,2192,
63265,16868,8132,8736,29519,14204,15315,33735,16332,17403,29517,14254,15263,16865,7978,8887,4217,2024,2193,
63270,16870,8132,8738,29519,14204,15315,33736,16332,17404,29519,14255,15264,16867,7978,8889,4217,2024,2193,
63275,16871,8132,8739,29523,14207,15316,33740,16334,17406,29521,14256,15265,16869,7979,8890,4217,2024,2193,
63280,16872,8133,8739,29526,14209,15317,33743,16335,17408,29524,14258,15266,16869,7979,8890,4218,2024,2194,
63285,16874,8134,8740,29526,14209,15317,33744,16336,17408,29526,14260,15266,16871,7980,8891,4218,2024,2194,
63290,16875,8135,8740,29530,14211,15319,33748,16339,17409,29528,14260,15268,16873,7981,8892,4218,2024,2194,
63295,16876,8136,8740,29533,14212,15321,33751,16340,17411,29531,14261,15270,16873,7981,8892,4219,2024,2195,
63300,16878,8136,8742,29533,14212,15321,33752,16340,17412,29533,14262,15271,16875,7983,8892,4219,2024,2195,
63305,16879,8137,8742,29537,14213,15324,33756,16344,17412,29535,14263,15272,16877,7983,8894,4219,2024,2195,
63310,16880,8138,8742,29540,14213,15327,33759,16346,17413,29538,14266,15272,16877,7983,8894,4220,2024,2196,
63315,16882,8140,8742,29540,14213,15327,33760,16347,17413,29540,14267,15273,16879,7984,8895,4220,2024,2196,
63320,16883,8141,8742,29544,14214,15330,33764,16347,17417,29542,14268,15274,16881,7985,8896,4220,2024,2196,
63325,16884,8141,8743,29547,14216,15331,33767,16349,17418,29545,14271,15274,16881,7985,8896,4221,2024,2197,
63330,16886,8143,8743,29547,14216,15331,33768,16349,17419,29547,14271,15276,16883,7986,8897,4221,2024,2197,
63335,16887,8144,8743,29551,14216,15335,33772,16351,17421,29549,14273,15276,16885,7987,8898,4221,2024,2197,
63340,16888,8145,8743,29554,14216,15338,33775,16354,17421,29552,14275,15277,16885,7987,8898,4222,2025,2197,
63345,16890,8146,8744,29554,14216,15338,33776,16355,17421,29554,14276,15278,16887,7988,8899,4222,2025,2197,
63350,16891,8147,8744,29558,14218,15340,33780,16355,17425,29556,14278,15278,16889,7989,8900,4222,2025,2197,
63355,16892,8147,8745,29561,14220,15341,33783,16357,17426,29559,14280,15279,16889,7989,8900,4223,2026,2197,
63360,16894,8149,8745,29561,14220,15341,33784,16357,17427,29561,14282,15279,16891,7991,8900,4223,2026,2197,
63365,16895,8149,8746,29565,14222,15343,33788,16359,17429,29563,14282,15281,16893,7992,8901,4223,2026,2197,
63370,16896,8149,8747,29568,14225,15343,33791,16362,17429,29566,14282,15284,16893,7992,8901,4224,2026,2198,
63375,16898,8151,8747,29568,14225,15343,33792,16363,17429,29568,14283,15285,16895,7994,8901,4224,2026,2198,
63380,16899,8152,8747,29572,14228,15344,33796,16364,17432,29570,14284,15286,16897,7994,8903,4224,2026,2198,
63385,16900,8153,8747,29575,14231,15344,33799,16366,17433,29573,14285,15288,16897,7994,8903,4225,2027,2198,
63390,16902,8153,8749,29575,14231,15344,33800,16367,17433,29575,14285,15290,16899,7995,8904,4225,2027,2198,
63395,16903,8154,8749,29579,14235,15344,33804,16369,17435,29577,14286,15291,16901,7996,8905,4225,2027,2198,
63400,16904,8154,8750,29582,14235,15347,33807,16371,17436,29580,14287,15293,16901,7996,8905,4226,2028,2198,
63405,16906,8154,8752,29582,14235,15347,33808,16372,17436,29582,14288,15294,16903,7996,8907,4226,2028,2198,
63410,16907,8154,8753,29586,14237,15349,33812,16374,17438,29584,14288,15296,16905,7997,8908,4226,2028,2198,
63415,16908,8154,8754,29589,14239,15350,33815,16376,17439,29587,14290,15297,16905,7997,8908,4227,2028,2199,
63420,16910,8155,8755,29589,14239,15350,33816,16377,17439,29589,14291,15298,16907,7998,8909,4227,2028,2199,
63425,16911,8155,8756,29593,14241,15352,33820,16379,17441,29591,14291,15300,16909,7999,8910,4227,2028,2199,
63430,16912,8156,8756,29596,14242,15354,33823,16379,17444,29594,14292,15302,16909,7999,8910,4228,2028,2200,
63435,16914,8158,8756,29596,14242,15354,33824,16380,17444,29596,14293,15303,16911,8001,8910,4228,2028,2200,
63440,16915,8159,8756,29600,14242,15358,33828,16380,17448,29598,14293,15305,16913,8001,8912,4228,2028,2200,
63445,16916,8159,8757,29603,14243,15360,33831,16381,17450,29601,14295,15306,16913,8001,8912,4229,2029,2200,
63450,16918,8160,8758,29603,14243,15360,33832,16382,17450,29603,14295,15308,16915,8003,8912,4229,2029,2200,
63455,16919,8161,8758,29607,14245,15362,33836,16386,17450,29605,14296,15309,16917,8004,8913,4229,2029,2200,
63460,16920,8162,8758,29610,14248,15362,33839,16387,17452,29608,14298,15310,16917,8004,8913,4230,2029,2201,
63465,16922,8162,8760,29610,14248,15362,33840,16388,17452,29610,14300,15310,16919,8006,8913,4230,2029,2201,
63470,16923,8162,8761,29614,14251,15363,33844,16390,17454,29612,14301,15311,16921,8006,8915,4230,2029,2201,
63475,16924,8163,8761,29617,14253,15364,33847,16391,17456,29615,14303,15312,16921,8006,8915,4231,2029,2202,
63480,16926,8165,8761,29617,14253,15364,33848,16392,17456,29617,14304,15313,16923,8008,8915,4231,2029,2202,
63485,16927,8166,8761,29621,14255,15366,33852,16393,17459,29619,14306,15313,16925,8009,8916,4231,2029,2202,
63490,16928,8166,8762,29624,14256,15368,33855,16395,17460,29622,14308,15314,16925,8009,8916,4232,2029,2203,
63495,16930,8167,8763,29624,14256,15368,33856,16395,17461,29624,14308,15316,16927,8010,8917,4232,2029,2203,
63500,16931,8167,8764,29628,14259,15369,33860,16398,17462,29626,14309,15317,16929,8011,8918,4232,2029,2203,
63505,16932,8167,8765,29631,14260,15371,33863,16400,17463,29629,14311,15318,16929,8011,8918,4233,2029,2204,
63510,16934,8169,8765,29631,14260,15371,33864,16401,17463,29631,14313,15318,16931,8011,8920,4233,2029,2204,
63515,16935,8170,8765,29635,14264,15371,33868,16403,17465,29633,14315,15318,16933,8012,8921,4233,2029,2204,
63520,16936,8171,8765,29638,14266,15372,33871,16404,17467,29636,14317,15319,16933,8012,8921,4234,2030,2204,
63525,16938,8171,8767,29638,14266,15372,33872,16404,17468,29638,14317,15321,16935,8013,8922,4234,2030,2204,
63530,16939,8172,8767,29642,14268,15374,33876,16405,17471,29640,14318,15322,16937,8013,8924,4234,2030,2204,
63535,16940,8173,8767,29645,14269,15376,33879,16406,17473,29643,14320,15323,16937,8013,8924,4235,2031,2204,
63540,16942,8175,8767,29645,14269,15376,33880,16406,17474,29645,14320,15325,16939,8014,8925,4235,2031,2204,
63545,16943,8175,8768,29649,14271,15378,33884,16407,17477,29647,14320,15327,16941,8015,8926,4235,2031,2204,
63550,16944,8175,8769,29652,14274,15378,33887,16410,17477,29650,14321,15329,16941,8015,8926,4236,2031,2205,
63555,16946,8176,8770,29652,14274,15378,33888,16411,17477,29652,14323,15329,16943,8016,8927,4236,2031,2205,
63560,16947,8176,8771,29656,14276,15380,33892,16412,17480,29654,14323,15331,16945,8016,8929,4236,2031,2205,
63565,16948,8176,8772,29659,14277,15382,33895,16414,17481,29657,14324,15333,16945,8016,8929,4237,2032,2205,
63570,16950,8176,8774,29659,14277,15382,33896,16414,17482,29659,14325,15334,16947,8016,8931,4237,2032,2205,
63575,16951,8176,8775,29663,14279,15384,33900,16415,17485,29661,14326,15335,16949,8017,8932,4237,2032,2205,
63580,16952,8176,8776,29666,14281,15385,33903,16417,17486,29664,14328,15336,16949,8017,8932,4238,2033,2205,
63585,16954,8176,8778,29666,14281,15385,33904,16417,17487,29666,14329,15337,16951,8017,8934,4238,2033,2205,
63590,16955,8176,8779,29670,14282,15388,33908,16419,17489,29668,14331,15337,16953,8018,8935,4238,2033,2205,
63595,16956,8176,8780,29673,14282,15391,33911,16422,17489,29671,14331,15340,16953,8018,8935,4239,2034,2205,
63600,16958,8178,8780,29673,14282,15391,33912,16422,17490,29673,14332,15341,16955,8020,8935,4239,2034,2205,
63605,16959,8178,8781,29677,14285,15392,33916,16424,17492,29675,14332,15343,16957,8022,8935,4239,2034,2205,
63610,16960,8179,8781,29680,14288,15392,33919,16426,17493,29678,14334,15344,16957,8022,8935,4240,2035,2205,
63615,16962,8180,8782,29680,14288,15392,33920,16426,17494,29680,14336,15344,16959,8024,8935,4240,2035,2205,
63620,16963,8180,8783,29684,14289,15395,33924,16429,17495,29682,14336,15346,16961,8024,8937,4240,2035,2205,
63625,16964,8180,8784,29687,14289,15398,33927,16429,17498,29685,14338,15347,16961,8024,8937,4241,2035,2206,
63630,16966,8181,8785,29687,14289,15398,33928,16429,17499,29687,14339,15348,16963,8025,8938,4241,2035,2206,
63635,16967,8182,8785,29691,14290,15401,33932,16430,17502,29689,14341,15348,16965,8026,8939,4241,2035,2206,
63640,16968,8183,8785,29694,14290,15404,33935,16432,17503,29692,14342,15350,16965,8026,8939,4242,2035,2207,
63645,16970,8184,8786,29694,14290,15404,33936,16432,17504,29694,14342,15352,16967,8027,8940,4242,2035,2207,
63650,16971,8184,8787,29698,14291,15407,33940,16434,17506,29696,14343,15353,16969,8027,8942,4242,2035,2207,
63655,16972,8185,8787,29701,14292,15409,33943,16436,17507,29699,14345,15354,16969,8027,8942,4243,2035,2208,
63660,16974,8187,8787,29701,14292,15409,33944,16437,17507,29701,14346,15355,16971,8029,8942,4243,2035,2208,
63665,16975,8187,8788,29705,14293,15412,33948,16438,17510,29703,14347,15356,16973,8031,8942,4243,2035,2208,
63670,16976,8187,8789,29708,14294,15414,33951,16440,17511,29706,14347,15359,16973,8031,8942,4244,2035,2209,
63675,16978,8189,8789,29708,14294,15414,33952,16441,17511,29708,14349,15359,16975,8032,8943,4244,2035,2209,
63680,16979,8190,8789,29712,14297,15415,33956,16443,17513,29710,14350,15360,16977,8034,8943,4244,2035,2209,
63685,16980,8190,8790,29715,14297,15418,33959,16443,17516,29713,14352,15361,16977,8034,8943,4245,2036,2209,
63690,16982,8190,8792,29715,14297,15418,33960,16444,17516,29715,14353,15362,16979,8035,8944,4245,2036,2209,
63695,16983,8190,8793,29719,14298,15421,33964,16446,17518,29717,14354,15363,16981,8035,8946,4245,2036,2209,
63700,16984,8190,8794,29722,14299,15423,33967,16447,17520,29720,14356,15364,16981,8035,8946,4246,2036,2210,
63705,16986,8191,8795,29722,14299,15423,33968,16447,17521,29722,14358,15364,16983,8037,8946,4246,2036,2210,
63710,16987,8191,8796,29726,14300,15426,33972,16448,17524,29724,14358,15366,16985,8037,8948,4246,2036,2210,
63715,16988,8191,8797,29729,14303,15426,33975,16450,17525,29727,14359,15368,16985,8037,8948,4247,2037,2210,
63720,16990,8192,8798,29729,14303,15426,33976,16451,17525,29729,14360,15369,16987,8039,8948,4247,2037,2210,
63725,16991,8193,8798,29733,14307,15426,33980,16452,17528,29731,14361,15370,16989,8041,8948,4247,2037,2210,
63730,16992,8193,8799,29736,14309,15427,33983,16452,17531,29734,14362,15372,16989,8041,8948,4248,2037,2211,
63735,16994,8194,8800,29736,14309,15427,33984,16452,17532,29736,14362,15374,16991,8042,8949,4248,2037,2211,
63740,16995,8194,8801,29740,14313,15427,33988,16454,17534,29738,14363,15375,16993,8043,8950,4248,2037,2211,
63745,16996,8194,8802,29743,14314,15429,33991,16454,17537,29741,14365,15376,16993,8043,8950,4249,2037,2212,
63750,16998,8194,8804,29743,14314,15429,33992,16455,17537,29743,14365,15378,16995,8045,8950,4249,2037,2212,
63755,16999,8195,8804,29747,14314,15433,33996,16459,17537,29745,14366,15379,16997,8046,8951,4249,2037,2212,
63760,17000,8195,8805,29750,14316,15434,33999,16461,17538,29748,14366,15382,16997,8046,8951,4250,2037,2213,
63765,17002,8196,8806,29750,14316,15434,34000,16461,17539,29750,14367,15383,16999,8048,8951,4250,2037,2213,
63770,17003,8197,8806,29754,14320,15434,34004,16462,17542,29752,14367,15385,17001,8050,8951,4250,2037,2213,
63775,17004,8198,8806,29757,14322,15435,34007,16463,17544,29755,14368,15387,17001,8050,8951,4251,2038,2213,
63780,17006,8199,8807,29757,14322,15435,34008,16463,17545,29757,14370,15387,17003,8052,8951,4251,2038,2213,
63785,17007,8200,8807,29761,14324,15437,34012,16466,17546,29759,14371,15388,17005,8053,8952,4251,2038,2213,
63790,17008,8200,8808,29764,14326,15438,34015,16468,17547,29762,14372,15390,17005,8053,8952,4252,2038,2214,
63795,17010,8202,8808,29764,14326,15438,34016,16468,17548,29764,14373,15391,17007,8055,8952,4252,2038,2214,
63800,17011,8202,8809,29768,14327,15441,34020,16470,17550,29766,14374,15392,17009,8055,8954,4252,2038,2214,
63805,17012,8203,8809,29771,14328,15443,34023,16470,17553,29769,14376,15393,17009,8055,8954,4253,2038,2215,
63810,17014,8204,8810,29771,14328,15443,34024,16471,17553,29771,14376,15395,17011,8057,8954,4253,2038,2215,
63815,17015,8205,8810,29775,14328,15447,34028,16473,17555,29773,14377,15396,17013,8058,8955,4253,2038,2215,
63820,17016,8206,8810,29778,14331,15447,34031,16475,17556,29776,14378,15398,17013,8058,8955,4254,2039,2215,
63825,17018,8207,8811,29778,14331,15447,34032,16475,17557,29778,14379,15399,17015,8060,8955,4254,2039,2215,
63830,17019,8208,8811,29782,14334,15448,34036,16477,17559,29780,14380,15400,17017,8061,8956,4254,2039,2215,
63835,17020,8208,8812,29785,14335,15450,34039,16478,17561,29783,14381,15402,17017,8061,8956,4255,2039,2216,
63840,17022,8208,8814,29785,14335,15450,34040,16478,17562,29785,14383,15402,17019,8062,8957,4255,2039,2216,
63845,17023,8208,8815,29789,14337,15452,34044,16478,17566,29787,14383,15404,17021,8063,8958,4255,2039,2216,
63850,17024,8209,8815,29792,14337,15455,34047,16479,17568,29790,14386,15404,17021,8063,8958,4256,2040,2216,
63855,17026,8211,8815,29792,14337,15455,34048,16480,17568,29792,14387,15405,17023,8064,8959,4256,2040,2216,
63860,17027,8212,8815,29796,14340,15456,34052,16480,17572,29794,14389,15405,17025,8066,8959,4256,2040,2216,
63865,17028,8212,8816,29799,14340,15459,34055,16481,17574,29797,14391,15406,17025,8066,8959,4257,2041,2216,
63870,17030,8213,8817,29799,14340,15459,34056,16482,17574,29799,14393,15406,17027,8068,8959,4257,2041,2216,
63875,17031,8213,8818,29803,14340,15463,34060,16482,17578,29801,14393,15408,17029,8068,8961,4257,2041,2216,
63880,17032,8213,8819,29806,14342,15464,34063,16484,17579,29804,14395,15409,17029,8068,8961,4258,2041,2217,
63885,17034,8214,8820,29806,14342,15464,34064,16485,17579,29806,14396,15410,17031,8069,8962,4258,2041,2217,
63890,17035,8214,8821,29810,14345,15465,34068,16487,17581,29808,14397,15411,17033,8070,8963,4258,2041,2217,
63895,17036,8214,8822,29813,14347,15466,34071,16489,17582,29811,14399,15412,17033,8070,8963,4259,2042,2217,
63900,17038,8215,8823,29813,14347,15466,34072,16490,17582,29813,14400,15413,17035,8071,8964,4259,2042,2217,
63905,17039,8216,8823,29817,14347,15470,34076,16492,17584,29815,14401,15414,17037,8072,8965,4259,2042,2217,
63910,17040,8217,8823,29820,14349,15471,34079,16493,17586,29818,14403,15415,17037,8072,8965,4260,2042,2218,
63915,17042,8219,8823,29820,14349,15471,34080,16494,17586,29820,14404,15416,17039,8074,8965,4260,2042,2218,
63920,17043,8219,8824,29824,14352,15472,34084,16496,17588,29822,14405,15417,17041,8076,8965,4260,2042,2218,
63925,17044,8220,8824,29827,14354,15473,34087,16498,17589,29825,14408,15417,17041,8076,8965,4261,2043,2218,
63930,17046,8220,8826,29827,14354,15473,34088,16498,17590,29827,14409,15418,17043,8076,8967,4261,2043,2218,
63935,17047,8221,8826,29831,14356,15475,34092,16500,17592,29829,14409,15420,17045,8078,8967,4261,2043,2218,
63940,17048,8222,8826,29834,14356,15478,34095,16502,17593,29832,14410,15422,17045,8078,8967,4262,2044,2218,
63945,17050,8223,8827,29834,14356,15478,34096,16503,17593,29834,14411,15423,17047,8079,8968,4262,2044,2218,
63950,17051,8224,8827,29838,14357,15481,34100,16505,17595,29836,14411,15425,17049,8081,8968,4262,2044,2218,
63955,17052,8225,8827,29841,14358,15483,34103,16507,17596,29839,14414,15425,17049,8081,8968,4263,2045,2218,
63960,17054,8227,8827,29841,14358,15483,34104,16508,17596,29841,14414,15427,17051,8082,8969,4263,2045,2218,
63965,17055,8228,8827,29845,14361,15484,34108,16509,17599,29843,14414,15429,17053,8084,8969,4263,2045,2218,
63970,17056,8228,8828,29848,14362,15486,34111,16510,17601,29846,14416,15430,17053,8084,8969,4264,2045,2219,
63975,17058,8230,8828,29848,14362,15486,34112,16510,17602,29848,14416,15432,17055,8085,8970,4264,2045,2219,
63980,17059,8231,8828,29852,14362,15490,34116,16511,17605,29850,14418,15432,17057,8085,8972,4264,2045,2219,
63985,17060,8231,8829,29855,14363,15492,34119,16513,17606,29853,14420,15433,17057,8085,8972,4265,2045,2220,
63990,17062,8232,8830,29855,14363,15492,34120,16514,17606,29855,14421,15434,17059,8087,8972,4265,2045,2220,
63995,17063,8233,8830,29859,14365,15494,34124,16517,17607,29857,14423,15434,17061,8087,8974,4265,2045,2220,
64000,17064,8233,8831,29862,14367,15495,34127,16519,17608,29860,14424,15436,17061,8087,8974,4266,2046,2220,
64005,17066,8235,8831,29862,14367,15495,34128,16519,17609,29862,14424,15438,17063,8087,8976,4266,2046,2220,
64010,17067,8235,8832,29866,14368,15498,34132,16520,17612,29864,14426,15438,17065,8088,8977,4266,2046,2220,
64015,17068,8236,8832,29869,14370,15499,34135,16521,17614,29867,14427,15440,17065,8088,8977,4267,2046,2221,
64020,17070,8236,8834,29869,14370,15499,34136,16522,17614,29869,14429,15440,17067,8088,8979,4267,2046,2221,
64025,17071,8237,8834,29873,14373,15500,34140,16526,17614,29871,14429,15442,17069,8089,8980,4267,2046,2221,
64030,17072,8238,8834,29876,14374,15502,34143,16529,17614,29874,14430,15444,17069,8089,8980,4268,2046,2222,
64035,17074,8238,8836,29876,14374,15502,34144,16529,17615,29876,14430,15446,17071,8090,8981,4268,2046,2222,
64040,17075,8239,8836,29880,14377,15503,34148,16529,17619,29878,14431,15447,17073,8091,8982,4268,2046,2222,
64045,17076,8239,8837,29883,14377,15506,34151,16530,17621,29881,14433,15448,17073,8091,8982,4269,2047,2222,
64050,17078,8241,8837,29883,14377,15506,34152,16530,17622,29883,14433,15450,17075,8093,8982,4269,2047,2222,
64055,17079,8242,8837,29887,14379,15508,34156,16532,17624,29885,14434,15451,17077,8094,8983,4269,2047,2222,
64060,17080,8243,8837,29890,14381,15509,34159,16533,17626,29888,14435,15453,17077,8094,8983,4270,2047,2223,
64065,17082,8245,8837,29890,14381,15509,34160,16533,17627,29890,14437,15453,17079,8095,8984,4270,2047,2223,
64070,17083,8245,8838,29894,14382,15512,34164,16535,17629,29892,14438,15454,17081,8095,8986,4270,2047,2223,
64075,17084,8245,8839,29897,14385,15512,34167,16536,17631,29895,14439,15456,17081,8095,8986,4271,2048,2223,
64080,17086,8246,8840,29897,14385,15512,34168,16537,17631,29897,14439,15458,17083,8095,8988,4271,2048,2223,
64085,17087,8247,8840,29901,14386,15515,34172,16541,17631,29899,14440,15459,17085,8096,8989,4271,2048,2223,
64090,17088,8247,8841,29904,14387,15517,34175,16544,17631,29902,14442,15460,17085,8096,8989,4272,2048,2224,
64095,17090,8249,8841,29904,14387,15517,34176,16545,17631,29904,14442,15462,17087,8097,8990,4272,2048,2224,
64100,17091,8249,8842,29908,14389,15519,34180,16547,17633,29906,14443,15463,17089,8097,8992,4272,2048,2224,
64105,17092,8250,8842,29911,14389,15522,34183,16548,17635,29909,14443,15466,17089,8097,8992,4273,2049,2224,
64110,17094,8251,8843,29911,14389,15522,34184,16549,17635,29911,14443,15468,17091,8098,8993,4273,2049,2224,
64115,17095,8252,8843,29915,14390,15525,34188,16550,17638,29913,14445,15468,17093,8099,8994,4273,2049,2224,
64120,17096,8253,8843,29918,14392,15526,34191,16550,17641,29916,14447,15469,17093,8099,8994,4274,2049,2225,
64125,17098,8255,8843,29918,14392,15526,34192,16550,17642,29918,14448,15470,17095,8100,8995,4274,2049,2225,
64130,17099,8255,8844,29922,14395,15527,34196,16554,17642,29920,14448,15472,17097,8102,8995,4274,2049,2225,
64135,17100,8255,8845,29925,14396,15529,34199,16556,17643,29923,14448,15475,17097,8102,8995,4275,2049,2226,
64140,17102,8257,8845,29925,14396,15529,34200,16557,17643,29925,14450,15475,17099,8103,8996,4275,2049,2226,
64145,17103,8258,8845,29929,14399,15530,34204,16559,17645,29927,14451,15476,17101,8104,8997,4275,2049,2226,
64150,17104,8259,8845,29932,14400,15532,34207,16560,17647,29930,14452,15478,17101,8104,8997,4276,2049,2227,
64155,17106,8260,8846,29932,14400,15532,34208,16561,17647,29932,14453,15479,17103,8105,8998,4276,2049,2227,
64160,17107,8260,8847,29936,14402,15534,34212,16563,17649,29934,14453,15481,17105,8105,9000,4276,2049,2227,
64165,17108,8261,8847,29939,14403,15536,34215,16565,17650,29937,14455,15482,17105,8105,9000,4277,2049,2228,
64170,17110,8261,8849,29939,14403,15536,34216,16566,17650,29939,14456,15483,17107,8107,9000,4277,2049,2228,
64175,17111,8262,8849,29943,14405,15538,34220,16567,17653,29941,14456,15485,17109,8109,9000,4277,2049,2228,
64180,17112,8262,8850,29946,14407,15539,34223,16569,17654,29944,14458,15486,17109,8109,9000,4278,2049,2229,
64185,17114,8264,8850,29946,14407,15539,34224,16570,17654,29946,14459,15487,17111,8110,9001,4278,2049,2229,
64190,17115,8264,8851,29950,14408,15542,34228,16570,17658,29948,14460,15488,17113,8111,9002,4278,2049,2229,
64195,17116,8265,8851,29953,14409,15544,34231,16573,17658,29951,14463,15488,17113,8111,9002,4279,2049,2230,
64200,17118,8265,8853,29953,14409,15544,34232,16573,17659,29953,14463,15490,17115,8113,9002,4279,2049,2230,
64205,17119,8265,8854,29957,14412,15545,34236,16573,17663,29955,14464,15491,17117,8115,9002,4279,2049,2230,
64210,17120,8266,8854,29960,14413,15547,34239,16574,17665,29958,14465,15493,17117,8115,9002,4280,2050,2230,
64215,17122,8267,8855,29960,14413,15547,34240,16574,17666,29960,14467,15493,17119,8116,9003,4280,2050,2230,
64220,17123,8268,8855,29964,14414,15550,34244,16574,17670,29962,14468,15494,17121,8118,9003,4280,2050,2230,
64225,17124,8268,8856,29967,14416,15551,34247,16577,17670,29965,14469,15496,17121,8118,9003,4281,2051,2230,
64230,17126,8269,8857,29967,14416,15551,34248,16577,17671,29967,14469,15498,17123,8120,9003,4281,2051,2230,
64235,17127,8270,8857,29971,14419,15552,34252,16579,17673,29969,14469,15500,17125,8120,9005,4281,2051,2230,
64240,17128,8271,8857,29974,14421,15553,34255,16579,17676,29972,14471,15501,17125,8120,9005,4282,2051,2231,
64245,17130,8272,8858,29974,14421,15553,34256,16579,17677,29974,14473,15501,17127,8122,9005,4282,2051,2231,
64250,17131,8273,8858,29978,14424,15554,34260,16582,17678,29976,14475,15501,17129,8123,9006,4282,2051,2231,
64255,17132,8273,8859,29981,14425,15556,34263,16585,17678,29979,14475,15504,17129,8123,9006,4283,2051,2232,
64260,17134,8274,8860,29981,14425,15556,34264,16585,17679,29981,14475,15506,17131,8124,9007,4283,2051,2232,
64265,17135,8274,8861,29985,14427,15558,34268,16587,17681,29983,14476,15507,17133,8124,9009,4283,2051,2232,
64270,17136,8275,8861,29988,14428,15560,34271,16589,17682,29986,14478,15508,17133,8124,9009,4284,2051,2233,
64275,17138,8276,8862,29988,14428,15560,34272,16590,17682,29988,14479,15509,17135,8125,9010,4284,2051,2233,
64280,17139,8277,8862,29992,14429,15563,34276,16592,17684,29990,14480,15510,17137,8127,9010,4284,2051,2233,
64285,17140,8278,8862,29995,14432,15563,34279,16593,17686,29993,14481,15512,17137,8127,9010,4285,2052,2233,
64290,17142,8278,8864,29995,14432,15563,34280,16594,17686,29995,14481,15514,17139,8129,9010,4285,2052,2233,
64295,17143,8279,8864,29999,14434,15565,34284,16596,17688,29997,14483,15514,17141,8129,9012,4285,2052,2233,
64300,17144,8280,8864,30002,14435,15567,34287,16599,17688,30000,14484,15516,17141,8129,9012,4286,2053,2233,
64305,17146,8282,8864,30002,14435,15567,34288,16600,17688,30002,14486,15516,17143,8130,9013,4286,2053,2233,
64310,17147,8283,8864,30006,14436,15570,34292,16603,17689,30004,14488,15516,17145,8130,9015,4286,2053,2233,
64315,17148,8284,8864,30009,14437,15572,34295,16603,17692,30007,14489,15518,17145,8130,9015,4287,2054,2233,
64320,17150,8285,8865,30009,14437,15572,34296,16604,17692,30009,14489,15520,17147,8131,9016,4287,2054,2233,
64325,17151,8285,8866,30013,14439,15574,34300,16606,17694,30011,14490,15521,17149,8133,9016,4287,2054,2233,
64330,17152,8285,8867,30016,14440,15576,34303,16607,17696,30014,14493,15521,17149,8133,9016,4288,2054,2234,
64335,17154,8286,8868,30016,14440,15576,34304,16607,17697,30016,14494,15522,17151,8135,9016,4288,2054,2234,
64340,17155,8287,8868,30020,14441,15579,34308,16610,17698,30018,14494,15524,17153,8136,9017,4288,2054,2234,
64345,17156,8287,8869,30023,14443,15580,34311,16612,17699,30021,14496,15525,17153,8136,9017,4289,2055,2234,
64350,17158,8288,8870,30023,14443,15580,34312,16613,17699,30023,14497,15526,17155,8137,9018,4289,2055,2234,
64355,17159,8288,8871,30027,14443,15584,34316,16615,17701,30025,14497,15528,17157,8137,9020,4289,2055,2234,
64360,17160,8289,8871,30030,14443,15587,34319,16617,17702,30028,14499,15529,17157,8137,9020,4290,2055,2235,
64365,17162,8289,8873,30030,14443,15587,34320,16617,17703,30030,14499,15531,17159,8138,9021,4290,2055,2235,
64370,17163,8289,8874,30034,14444,15590,34324,16619,17705,30032,14500,15532,17161,8139,9022,4290,2055,2235,
64375,17164,8289,8875,30037,14444,15593,34327,16621,17706,30035,14501,15534,17161,8139,9022,4291,2055,2236,
64380,17166,8289,8877,30037,14444,15593,34328,16622,17706,30037,14503,15534,17163,8140,9023,4291,2055,2236,
64385,17167,8289,8878,30041,14445,15596,34332,16623,17709,30039,14504,15535,17165,8141,9024,4291,2055,2236,
64390,17168,8290,8878,30044,14446,15598,34335,16626,17709,30042,14506,15536,17165,8141,9024,4292,2055,2237,
64395,17170,8291,8879,30044,14446,15598,34336,16626,17710,30044,14506,15538,17167,8142,9025,4292,2055,2237,
64400,17171,8292,8879,30048,14449,15599,34340,16627,17713,30046,14507,15539,17169,8144,9025,4292,2055,2237,
64405,17172,8293,8879,30051,14449,15602,34343,16629,17714,30049,14508,15541,17169,8144,9025,4293,2056,2237,
64410,17174,8295,8879,30051,14449,15602,34344,16630,17714,30051,14508,15543,17171,8146,9025,4293,2056,2237,
64415,17175,8295,8880,30055,14453,15602,34348,16632,17716,30053,14510,15543,17173,8147,9026,4293,2056,2237,
64420,17176,8296,8880,30058,14455,15603,34351,16635,17716,30056,14510,15546,17173,8147,9026,4294,2056,2238,
64425,17178,8298,8880,30058,14455,15603,34352,16636,17716,30058,14511,15547,17175,8148,9027,4294,2056,2238,
64430,17179,8298,8881,30062,14456,15606,34356,16639,17717,30060,14513,15547,17177,8150,9027,4294,2056,2238,
64435,17180,8299,8881,30065,14457,15608,34359,16639,17720,30063,14516,15547,17177,8150,9027,4295,2057,2238,
64440,17182,8300,8882,30065,14457,15608,34360,16640,17720,30065,14516,15549,17179,8152,9027,4295,2057,2238,
64445,17183,8300,8883,30069,14460,15609,34364,16641,17723,30067,14517,15550,17181,8152,9029,4295,2057,2238,
64450,17184,8301,8883,30072,14463,15609,34367,16643,17724,30070,14517,15553,17181,8152,9029,4296,2058,2238,
64455,17186,8302,8884,30072,14463,15609,34368,16644,17724,30072,14519,15553,17183,8152,9031,4296,2058,2238,
64460,17187,8303,8884,30076,14466,15610,34372,16645,17727,30074,14520,15554,17185,8153,9032,4296,2058,2238,
64465,17188,8304,8884,30079,14468,15611,34375,16646,17729,30077,14522,15555,17185,8153,9032,4297,2058,2239,
64470,17190,8305,8885,30079,14468,15611,34376,16647,17729,30079,14524,15555,17187,8154,9033,4297,2058,2239,
64475,17191,8306,8885,30083,14470,15613,34380,16649,17731,30081,14526,15555,17189,8154,9035,4297,2058,2239,
64480,17192,8307,8885,30086,14471,15615,34383,16652,17731,30084,14526,15558,17189,8154,9035,4298,2058,2240,
64485,17194,8308,8886,30086,14471,15615,34384,16652,17732,30086,14527,15559,17191,8155,9036,4298,2058,2240,
64490,17195,8309,8886,30090,14474,15616,34388,16655,17733,30088,14528,15560,17193,8156,9037,4298,2058,2240,
64495,17196,8310,8886,30093,14475,15618,34391,16656,17735,30091,14530,15561,17193,8156,9037,4299,2058,2241,
64500,17198,8310,8888,30093,14475,15618,34392,16657,17735,30093,14532,15561,17195,8157,9038,4299,2058,2241,
64505,17199,8311,8888,30097,14476,15621,34396,16659,17737,30095,14533,15562,17197,8159,9038,4299,2058,2241,
64510,17200,8312,8888,30100,14476,15624,34399,16659,17740,30098,14535,15563,17197,8159,9038,4300,2058,2242,
64515,17202,8313,8889,30100,14476,15624,34400,16659,17741,30100,14536,15564,17199,8160,9039,4300,2058,2242,
64520,17203,8313,8890,30104,14477,15627,34404,16660,17744,30102,14538,15564,17201,8161,9040,4300,2058,2242,
64525,17204,8314,8890,30107,14477,15630,34407,16662,17745,30105,14540,15565,17201,8161,9040,4301,2059,2242,
64530,17206,8315,8891,30107,14477,15630,34408,16662,17746,30107,14542,15565,17203,8162,9041,4301,2059,2242,
64535,17207,8315,8892,30111,14479,15632,34412,16664,17748,30109,14543,15566,17205,8164,9041,4301,2059,2242,
64540,17208,8315,8893,30114,14481,15633,34415,16667,17748,30112,14545,15567,17205,8164,9041,4302,2059,2243,
64545,17210,8315,8895,30114,14481,15633,34416,16667,17749,30114,14546,15568,17207,8165,9042,4302,2059,2243,
64550,17211,8315,8896,30118,14482,15636,34420,16668,17752,30116,14548,15568,17209,8166,9043,4302,2059,2243,
64555,17212,8315,8897,30121,14483,15638,34423,16669,17754,30119,14549,15570,17209,8166,9043,4303,2060,2243,
64560,17214,8316,8898,30121,14483,15638,34424,16670,17754,30121,14549,15572,17211,8166,9045,4303,2060,2243,
64565,17215,8316,8899,30125,14486,15639,34428,16670,17758,30123,14551,15572,17213,8167,9046,4303,2060,2243,
64570,17216,8317,8899,30128,14487,15641,34431,16672,17759,30126,14552,15574,17213,8167,9046,4304,2060,2244,
64575,17218,8317,8901,30128,14487,15641,34432,16672,17760,30128,14554,15574,17215,8167,9048,4304,2060,2244,
64580,17219,8318,8901,30132,14488,15644,34436,16674,17762,30130,14554,15576,17217,8168,9049,4304,2060,2244,
64585,17220,8318,8902,30135,14490,15645,34439,16675,17764,30133,14556,15577,17217,8168,9049,4305,2060,2245,
64590,17222,8319,8903,30135,14490,15645,34440,16675,17765,30135,14556,15579,17219,8170,9049,4305,2060,2245,
64595,17223,8320,8903,30139,14493,15646,34444,16679,17765,30137,14556,15581,17221,8170,9051,4305,2060,2245,
64600,17224,8320,8904,30142,14494,15648,34447,16680,17767,30140,14557,15583,17221,8170,9051,4306,2060,2246,
64605,17226,8321,8905,30142,14494,15648,34448,16681,17767,30142,14557,15585,17223,8171,9052,4306,2060,2246,
64610,17227,8322,8905,30146,14495,15651,34452,16684,17768,30144,14559,15585,17225,8172,9053,4306,2060,2246,
64615,17228,8322,8906,30149,14496,15653,34455,16687,17768,30147,14560,15587,17225,8172,9053,4307,2060,2247,
64620,17230,8324,8906,30149,14496,15653,34456,16687,17769,30149,14560,15589,17227,8174,9053,4307,2060,2247,
64625,17231,8325,8906,30153,14496,15657,34460,16691,17769,30151,14561,15590,17229,8175,9054,4307,2060,2247,
64630,17232,8325,8907,30156,14497,15659,34463,16692,17771,30154,14563,15591,17229,8175,9054,4308,2061,2247,
64635,17234,8326,8908,30156,14497,15659,34464,16693,17771,30156,14564,15592,17231,8176,9055,4308,2061,2247,
64640,17235,8327,8908,30160,14499,15661,34468,16693,17775,30158,14565,15593,17233,8177,9056,4308,2061,2247,
64645,17236,8328,8908,30163,14501,15662,34471,16694,17777,30161,14567,15594,17233,8177,9056,4309,2061,2248,
64650,17238,8329,8909,30163,14501,15662,34472,16694,17778,30163,14569,15594,17235,8177,9058,4309,2061,2248,
64655,17239,8330,8909,30167,14502,15665,34476,16694,17782,30165,14571,15594,17237,8178,9059,4309,2061,2248,
64660,17240,8331,8909,30170,14504,15666,34479,16695,17784,30168,14572,15596,17237,8178,9059,4310,2062,2248,
64665,17242,8331,8911,30170,14504,15666,34480,16695,17785,30170,14573,15597,17239,8178,9061,4310,2062,2248,
64670,17243,8332,8911,30174,14507,15667,34484,16699,17785,30172,14574,15598,17241,8179,9062,4310,2062,2248,
64675,17244,8332,8912,30177,14508,15669,34487,16700,17787,30175,14576,15599,17241,8179,9062,4311,2062,2249,
64680,17246,8334,8912,30177,14508,15669,34488,16701,17787,30177,14576,15601,17243,8180,9063,4311,2062,2249,
64685,17247,8334,8913,30181,14511,15670,34492,16704,17788,30179,14577,15602,17245,8182,9063,4311,2062,2249,
64690,17248,8334,8914,30184,14513,15671,34495,16706,17789,30182,14579,15603,17245,8182,9063,4312,2062,2250,
64695,17250,8335,8915,30184,14513,15671,34496,16707,17789,30184,14580,15604,17247,8184,9063,4312,2062,2250,
64700,17251,8335,8916,30188,14513,15675,34500,16708,17792,30186,14581,15605,17249,8184,9065,4312,2062,2250,
64705,17252,8336,8916,30191,14514,15677,34503,16708,17795,30189,14582,15607,17249,8184,9065,4313,2062,2251,
64710,17254,8337,8917,30191,14514,15677,34504,16709,17795,30191,14583,15608,17251,8186,9065,4313,2062,2251,
64715,17255,8337,8918,30195,14518,15677,34508,16712,17796,30193,14583,15610,17253,8187,9066,4313,2062,2251,
64720,17256,8338,8918,30198,14520,15678,34511,16714,17797,30196,14584,15612,17253,8187,9066,4314,2062,2252,
64725,17258,8339,8919,30198,14520,15678,34512,16714,17798,30198,14586,15612,17255,8189,9066,4314,2062,2252,
64730,17259,8340,8919,30202,14520,15682,34516,16716,17800,30200,14587,15613,17257,8190,9067,4314,2062,2252,
64735,17260,8341,8919,30205,14522,15683,34519,16717,17802,30203,14589,15614,17257,8190,9067,4315,2062,2253,
64740,17262,8341,8921,30205,14522,15683,34520,16717,17803,30205,14591,15614,17259,8190,9069,4315,2062,2253,
64745,17263,8342,8921,30209,14523,15686,34524,16719,17805,30207,14593,15614,17261,8192,9069,4315,2062,2253,
64750,17264,8342,8922,30212,14526,15686,34527,16719,17808,30210,14594,15616,17261,8192,9069,4316,2062,2254,
64755,17266,8344,8922,30212,14526,15686,34528,16719,17809,30212,14596,15616,17263,8193,9070,4316,2062,2254,
64760,17267,8345,8922,30216,14528,15688,34532,16721,17811,30214,14596,15618,17265,8194,9071,4316,2062,2254,
64765,17268,8346,8922,30219,14530,15689,34535,16723,17812,30217,14596,15621,17265,8194,9071,4317,2062,2255,
64770,17270,8347,8923,30219,14530,15689,34536,16724,17812,30219,14597,15622,17267,8195,9072,4317,2062,2255,
64775,17271,8347,8924,30223,14532,15691,34540,16726,17814,30221,14597,15624,17269,8196,9073,4317,2062,2255,
64780,17272,8347,8925,30226,14534,15692,34543,16726,17817,30224,14598,15626,17269,8196,9073,4318,2062,2256,
64785,17274,8348,8926,30226,14534,15692,34544,16727,17817,30226,14599,15627,17271,8196,9075,4318,2062,2256,
64790,17275,8349,8926,30230,14535,15695,34548,16728,17820,30228,14599,15629,17273,8198,9075,4318,2062,2256,
64795,17276,8350,8926,30233,14538,15695,34551,16731,17820,30231,14601,15630,17273,8198,9075,4319,2063,2256,
64800,17278,8351,8927,30233,14538,15695,34552,16731,17821,30233,14601,15632,17275,8198,9077,4319,2063,2256,
64805,17279,8352,8927,30237,14539,15698,34556,16734,17822,30235,14602,15633,17277,8199,9078,4319,2063,2256,
64810,17280,8353,8927,30240,14539,15701,34559,16734,17825,30238,14604,15634,17277,8199,9078,4320,2064,2256,
64815,17282,8353,8929,30240,14539,15701,34560,16735,17825,30240,14605,15635,17279,8200,9079,4320,2064,2256,
64820,17283,8353,8930,30244,14542,15702,34564,16739,17825,30242,14606,15636,17281,8200,9081,4320,2064,2256,
64825,17284,8354,8930,30247,14543,15704,34567,16741,17826,30245,14607,15638,17281,8200,9081,4321,2065,2256,
64830,17286,8356,8930,30247,14543,15704,34568,16742,17826,30247,14609,15638,17283,8201,9082,4321,2065,2256,
64835,17287,8357,8930,30251,14544,15707,34572,16745,17827,30249,14610,15639,17285,8202,9083,4321,2065,2256,
64840,17288,8357,8931,30254,14545,15709,34575,16746,17829,30252,14610,15642,17285,8202,9083,4322,2065,2257,
64845,17290,8359,8931,30254,14545,15709,34576,16746,17830,30254,14611,15643,17287,8203,9084,4322,2065,2257,
64850,17291,8359,8932,30258,14545,15713,34580,16746,17834,30256,14612,15644,17289,8204,9085,4322,2065,2257,
64855,17292,8359,8933,30261,14546,15715,34583,16748,17835,30259,14615,15644,17289,8204,9085,4323,2066,2257,
64860,17294,8360,8934,30261,14546,15715,34584,16749,17835,30261,14616,15645,17291,8205,9086,4323,2066,2257,
64865,17295,8360,8935,30265,14546,15719,34588,16752,17836,30263,14617,15646,17293,8205,9088,4323,2066,2257,
64870,17296,8360,8936,30268,14547,15721,34591,16754,17837,30266,14619,15647,17293,8205,9088,4324,2066,2258,
64875,17298,8360,8938,30268,14547,15721,34592,16754,17838,30268,14620,15648,17295,8206,9089,4324,2066,2258,
64880,17299,8361,8938,30272,14550,15722,34596,16757,17839,30270,14622,15648,17297,8207,9090,4324,2066,2258,
64885,17300,8362,8938,30275,14551,15724,34599,16757,17842,30273,14623,15650,17297,8207,9090,4325,2067,2258,
64890,17302,8362,8940,30275,14551,15724,34600,16757,17843,30275,14624,15651,17299,8208,9091,4325,2067,2258,
64895,17303,8363,8940,30279,14551,15728,34604,16760,17844,30277,14625,15652,17301,8210,9091,4325,2067,2258,
64900,17304,8363,8941,30282,14552,15730,34607,16761,17846,30280,14626,15654,17301,8210,9091,4326,2068,2258,
64905,17306,8363,8943,30282,14552,15730,34608,16762,17846,30282,14627,15655,17303,8211,9092,4326,2068,2258,
64910,17307,8363,8944,30286,14552,15734,34612,16764,17848,30284,14629,15655,17305,8211,9094,4326,2068,2258,
64915,17308,8364,8944,30289,14552,15737,34615,16766,17849,30287,14630,15657,17305,8211,9094,4327,2069,2258,
64920,17310,8366,8944,30289,14552,15737,34616,16766,17850,30289,14630,15659,17307,8213,9094,4327,2069,2258,
64925,17311,8367,8944,30293,14553,15740,34620,16768,17852,30291,14631,15660,17309,8215,9094,4327,2069,2258,
64930,17312,8368,8944,30296,14554,15742,34623,16770,17853,30294,14632,15662,17309,8215,9094,4328,2070,2258,
64935,17314,8369,8945,30296,14554,15742,34624,16770,17854,30296,14634,15662,17311,8216,9095,4328,2070,2258,
64940,17315,8369,8946,30300,14554,15746,34628,16771,17857,30298,14635,15663,17313,8217,9096,4328,2070,2258,
64945,17316,8369,8947,30303,14555,15748,34631,16773,17858,30301,14637,15664,17313,8217,9096,4329,2071,2258,
64950,17318,8370,8948,30303,14555,15748,34632,16773,17859,30303,14639,15664,17315,8218,9097,4329,2071,2258,
64955,17319,8371,8948,30307,14557,15750,34636,16775,17861,30305,14640,15665,17317,8220,9097,4329,2071,2258,
64960,17320,8371,8949,30310,14559,15751,34639,16777,17862,30308,14641,15667,17317,8220,9097,4330,2071,2259,
64965,17322,8371,8951,30310,14559,15751,34640,16777,17863,30310,14642,15668,17319,8220,9099,4330,2071,2259,
64970,17323,8371,8952,30314,14560,15754,34644,16780,17864,30312,14643,15669,17321,8222,9099,4330,2071,2259,
64975,17324,8371,8953,30317,14560,15757,34647,16783,17864,30315,14645,15670,17321,8222,9099,4331,2071,2260,
64980,17326,8372,8954,30317,14560,15757,34648,16784,17864,30317,14647,15670,17323,8222,9101,4331,2071,2260,
64985,17327,8372,8955,30321,14562,15759,34652,16785,17867,30319,14647,15672,17325,8223,9102,4331,2071,2260,
64990,17328,8373,8955,30324,14563,15761,34655,16788,17867,30322,14648,15674,17325,8223,9102,4332,2072,2260,
64995,17330,8374,8956,30324,14563,15761,34656,16789,17867,30324,14648,15676,17327,8224,9103,4332,2072,2260,
65000,17331,8375,8956,30328,14565,15763,34660,16790,17870,30326,14648,15678,17329,8224,9105,4332,2072,2260,
65005,17332,8376,8956,30331,14567,15764,34663,16791,17872,30329,14648,15681,17329,8224,9105,4333,2073,2260,
65010,17334,8377,8957,30331,14567,15764,34664,16792,17872,30331,14649,15682,17331,8226,9105,4333,2073,2260,
65015,17335,8377,8958,30335,14569,15766,34668,16792,17876,30333,14650,15683,17333,8227,9106,4333,2073,2260,
65020,17336,8377,8959,30338,14571,15767,34671,16794,17877,30336,14652,15684,17333,8227,9106,4334,2073,2261,
65025,17338,8378,8960,30338,14571,15767,34672,16795,17877,30338,14653,15685,17335,8228,9107,4334,2073,2261,
65030,17339,8378,8961,30342,14573,15769,34676,16798,17878,30340,14654,15686,17337,8228,9109,4334,2073,2261,
65035,17340,8378,8962,30345,14574,15771,34679,16798,17881,30343,14656,15687,17337,8228,9109,4335,2073,2262,
65040,17342,8378,8964,30345,14574,15771,34680,16799,17881,30345,14657,15688,17339,8229,9110,4335,2073,2262,
65045,17343,8379,8964,30349,14576,15773,34684,16799,17885,30347,14657,15690,17341,8230,9111,4335,2073,2262,
65050,17344,8379,8965,30352,14576,15776,34687,16801,17886,30350,14659,15691,17341,8230,9111,4336,2074,2262,
65055,17346,8380,8966,30352,14576,15776,34688,16802,17886,30352,14661,15691,17343,8230,9113,4336,2074,2262,
65060,17347,8380,8967,30356,14578,15778,34692,16804,17888,30354,14662,15692,17345,8231,9114,4336,2074,2262,
65065,17348,8380,8968,30359,14580,15779,34695,16807,17888,30357,14664,15693,17345,8231,9114,4337,2074,2263,
65070,17350,8380,8970,30359,14580,15779,34696,16807,17889,30359,14665,15694,17347,8231,9116,4337,2074,2263,
65075,17351,8380,8971,30363,14582,15781,34700,16809,17891,30361,14666,15695,17349,8232,9117,4337,2074,2263,
65080,17352,8380,8972,30366,14583,15783,34703,16809,17894,30364,14669,15695,17349,8232,9117,4338,2074,2264,
65085,17354,8381,8973,30366,14583,15783,34704,16809,17895,30366,14670,15696,17351,8233,9118,4338,2074,2264,
65090,17355,8382,8973,30370,14585,15785,34708,16811,17897,30368,14670,15698,17353,8234,9119,4338,2074,2264,
65095,17356,8382,8974,30373,14585,15788,34711,16814,17897,30371,14672,15699,17353,8234,9119,4339,2075,2264,
65100,17358,8382,8976,30373,14585,15788,34712,16814,17898,30373,14674,15699,17355,8235,9120,4339,2075,2264,
65105,17359,8382,8977,30377,14586,15791,34716,16814,17902,30375,14675,15700,17357,8235,9122,4339,2075,2264,
65110,17360,8382,8978,30380,14586,15794,34719,16816,17903,30378,14676,15702,17357,8235,9122,4340,2076,2264,
65115,17362,8383,8979,30380,14586,15794,34720,16816,17904,30380,14677,15703,17359,8236,9123,4340,2076,2264,
65120,17363,8383,8980,30384,14587,15797,34724,16819,17905,30382,14678,15704,17361,8237,9124,4340,2076,2264,
65125,17364,8384,8980,30387,14588,15799,34727,16820,17907,30385,14681,15704,17361,8237,9124,4341,2077,2264,
65130,17366,8385,8981,30387,14588,15799,34728,16820,17908,30387,14683,15704,17363,8238,9125,4341,2077,2264,
65135,17367,8385,8982,30391,14590,15801,34732,16824,17908,30389,14683,15706,17365,8238,9127,4341,2077,2264,
65140,17368,8385,8983,30394,14592,15802,34735,16825,17910,30392,14684,15708,17365,8238,9127,4342,2078,2264,
65145,17370,8386,8984,30394,14592,15802,34736,16825,17911,30394,14684,15710,17367,8238,9129,4342,2078,2264,
65150,17371,8386,8985,30398,14594,15804,34740,16828,17912,30396,14685,15711,17369,8238,9131,4342,2078,2264,
65155,17372,8387,8985,30401,14596,15805,34743,16829,17914,30399,14686,15713,17369,8238,9131,4343,2078,2265,
65160,17374,8388,8986,30401,14596,15805,34744,16830,17914,30401,14688,15713,17371,8238,9133,4343,2078,2265,
65165,17375,8388,8987,30405,14599,15806,34748,16833,17915,30403,14690,15713,17373,8239,9134,4343,2078,2265,
65170,17376,8388,8988,30408,14600,15808,34751,16835,17916,30406,14692,15714,17373,8239,9134,4344,2078,2266,
65175,17378,8389,8989,30408,14600,15808,34752,16835,17917,30408,14692,15716,17375,8239,9136,4344,2078,2266,
65180,17379,8389,8990,30412,14602,15810,34756,16836,17920,30410,14693,15717,17377,8239,9138,4344,2078,2266,
65185,17380,8390,8990,30415,14603,15812,34759,16837,17922,30413,14694,15719,17377,8239,9138,4345,2078,2267,
65190,17382,8392,8990,30415,14603,15812,34760,16837,17923,30415,14696,15719,17379,8241,9138,4345,2078,2267,
65195,17383,8393,8990,30419,14606,15813,34764,16839,17925,30417,14697,15720,17381,8243,9138,4345,2078,2267,
65200,17384,8394,8990,30422,14608,15814,34767,16841,17926,30420,14697,15723,17381,8243,9138,4346,2078,2268,
65205,17386,8396,8990,30422,14608,15814,34768,16841,17927,30422,14698,15724,17383,8243,9140,4346,2078,2268,
65210,17387,8396,8991,30426,14610,15816,34772,16845,17927,30424,14700,15724,17385,8243,9142,4346,2078,2268,
65215,17388,8397,8991,30429,14612,15817,34775,16846,17929,30427,14700,15727,17385,8243,9142,4347,2078,2269,
65220,17390,8398,8992,30429,14612,15817,34776,16847,17929,30429,14701,15728,17387,8244,9143,4347,2078,2269,
65225,17391,8399,8992,30433,14616,15817,34780,16848,17932,30431,14702,15729,17389,8245,9144,4347,2078,2269,
65230,17392,8399,8993,30436,14617,15819,34783,16850,17933,30434,14703,15731,17389,8245,9144,4348,2079,2269,
65235,17394,8399,8995,30436,14617,15819,34784,16850,17934,30436,14703,15733,17391,8247,9144,4348,2079,2269,
65240,17395,8400,8995,30440,14618,15822,34788,16853,17935,30438,14705,15733,17393,8248,9145,4348,2079,2269,
65245,17396,8401,8995,30443,14618,15825,34791,16855,17936,30441,14707,15734,17393,8248,9145,4349,2080,2269,
65250,17398,8402,8996,30443,14618,15825,34792,16855,17937,30443,14708,15735,17395,8249,9146,4349,2080,2269,
65255,17399,8402,8997,30447,14619,15828,34796,16857,17939,30445,14710,15735,17397,8250,9147,4349,2080,2269,
65260,17400,8403,8997,30450,14619,15831,34799,16857,17942,30448,14713,15735,17397,8250,9147,4350,2080,2270,
65265,17402,8405,8997,30450,14619,15831,34800,16858,17942,30450,14714,15736,17399,8251,9148,4350,2080,2270,
65270,17403,8406,8997,30454,14621,15833,34804,16860,17944,30452,14715,15737,17401,8253,9148,4350,2080,2270,
65275,17404,8406,8998,30457,14621,15836,34807,16862,17945,30455,14716,15739,17401,8253,9148,4351,2080,2271,
65280,17406,8408,8998,30457,14621,15836,34808,16863,17945,30457,14716,15741,17403,8254,9149,4351,2080,2271,
65285,17407,8409,8998,30461,14623,15838,34812,16865,17947,30459,14717,15742,17405,8256,9149,4351,2080,2271,
65290,17408,8410,8998,30464,14623,15841,34815,16867,17948,30462,14718,15744,17405,8256,9149,4352,2081,2271,
65295,17410,8412,8998,30464,14623,15841,34816,16868,17948,30464,14718,15746,17407,8258,9149,4352,2081,2271,
65300,17411,8413,8998,30468,14624,15844,34820,16869,17951,30466,14718,15748,17409,8259,9150,4352,2081,2271,
65305,17412,8413,8999,30471,14626,15845,34823,16871,17952,30469,14720,15749,17409,8259,9150,4353,2081,2272,
65310,17414,8413,9001,30471,14626,15845,34824,16872,17952,30471,14722,15749,17411,8261,9150,4353,2081,2272,
65315,17415,8413,9002,30475,14628,15847,34828,16872,17956,30473,14722,15751,17413,8263,9150,4353,2081,2272,
65320,17416,8413,9003,30478,14630,15848,34831,16874,17957,30476,14723,15753,17413,8263,9150,4354,2082,2272,
65325,17418,8413,9005,30478,14630,15848,34832,16874,17958,30478,14725,15753,17415,8265,9150,4354,2082,2272,
65330,17419,8414,9005,30482,14632,15850,34836,16876,17960,30480,14725,15755,17417,8266,9151,4354,2082,2272,
65335,17420,8415,9005,30485,14635,15850,34839,16878,17961,30483,14727,15756,17417,8266,9151,4355,2082,2273,
65340,17422,8416,9006,30485,14635,15850,34840,16878,17962,30485,14727,15758,17419,8266,9153,4355,2082,2273,
65345,17423,8417,9006,30489,14636,15853,34844,16879,17965,30487,14727,15760,17421,8268,9153,4355,2082,2273,
65350,17424,8417,9007,30492,14638,15854,34847,16882,17965,30490,14730,15760,17421,8268,9153,4356,2082,2274,
65355,17426,8417,9009,30492,14638,15854,34848,16882,17966,30492,14730,15762,17423,8269,9154,4356,2082,2274,
65360,17427,8418,9009,30496,14641,15855,34852,16885,17967,30494,14730,15764,17425,8270,9155,4356,2082,2274,
65365,17428,8419,9009,30499,14644,15855,34855,16886,17969,30497,14730,15767,17425,8270,9155,4357,2082,2275,
65370,17430,8419,9011,30499,14644,15855,34856,16887,17969,30499,14731,15768,17427,8272,9155,4357,2082,2275,
65375,17431,8419,9012,30503,14646,15857,34860,16889,17971,30501,14731,15770,17429,8274,9155,4357,2082,2275,
65380,17432,8419,9013,30506,14647,15859,34863,16891,17972,30504,14733,15771,17429,8274,9155,4358,2083,2275,
65385,17434,8419,9015,30506,14647,15859,34864,16892,17972,30506,14734,15772,17431,8276,9155,4358,2083,2275,
65390,17435,8420,9015,30510,14649,15861,34868,16894,17974,30508,14735,15773,17433,8276,9157,4358,2083,2275,
65395,17436,8421,9015,30513,14651,15862,34871,16896,17975,30511,14737,15774,17433,8276,9157,4359,2083,2276,
65400,17438,8422,9016,30513,14651,15862,34872,16896,17976,30513,14738,15775,17435,8276,9159,4359,2083,2276,
65405,17439,8423,9016,30517,14651,15866,34876,16900,17976,30515,14739,15776,17437,8278,9159,4359,2083,2276,
65410,17440,8424,9016,30520,14652,15868,34879,16900,17979,30518,14741,15777,17437,8278,9159,4360,2083,2277,
65415,17442,8425,9017,30520,14652,15868,34880,16901,17979,30520,14742,15778,17439,8279,9160,4360,2083,2277,
65420,17443,8425,9018,30524,14652,15872,34884,16904,17980,30522,14742,15780,17441,8279,9162,4360,2083,2277,
65425,17444,8426,9018,30527,14653,15874,34887,16907,17980,30525,14744,15781,17441,8279,9162,4361,2084,2277,
65430,17446,8428,9018,30527,14653,15874,34888,16907,17981,30527,14744,15783,17443,8280,9163,4361,2084,2277,
65435,17447,8429,9018,30531,14654,15877,34892,16909,17983,30529,14744,15785,17445,8282,9163,4361,2084,2277,
65440,17448,8430,9018,30534,14654,15880,34895,16910,17985,30532,14745,15787,17445,8282,9163,4362,2085,2277,
65445,17450,8432,9018,30534,14654,15880,34896,16910,17986,30534,14745,15789,17447,8282,9165,4362,2085,2277,
65450,17451,8433,9018,30538,14655,15883,34900,16910,17990,30536,14745,15791,17449,8283,9166,4362,2085,2277,
65455,17452,8433,9019,30541,14657,15884,34903,16911,17992,30539,14748,15791,17449,8283,9166,4363,2086,2277,
65460,17454,8435,9019,30541,14657,15884,34904,16912,17992,30541,14748,15793,17451,8284,9167,4363,2086,2277,
65465,17455,8436,9019,30545,14658,15887,34908,16915,17993,30543,14750,15793,17453,8285,9168,4363,2086,2277,
65470,17456,8436,9020,30548,14658,15890,34911,16915,17996,30546,14752,15794,17453,8285,9168,4364,2086,2278,
65475,17458,8437,9021,30548,14658,15890,34912,16915,17997,30548,14753,15795,17455,8286,9169,4364,2086,2278,
65480,17459,8438,9021,30552,14659,15893,34916,16917,17999,30550,14755,15795,17457,8288,9169,4364,2086,2278,
65485,17460,8438,9022,30555,14661,15894,34919,16918,18001,30553,14756,15797,17457,8288,9169,4365,2087,2278,
65490,17462,8438,9024,30555,14661,15894,34920,16919,18001,30555,14757,15798,17459,8288,9171,4365,2087,2278,
65495,17463,8438,9025,30559,14663,15896,34924,16920,18004,30557,14758,15799,17461,8288,9173,4365,2087,2278,
65500,17464,8439,9025,30562,14664,15898,34927,16923,18004,30560,14760,15800,17461,8288,9173,4366,2088,2278,
65505,17466,8440,9026,30562,14664,15898,34928,16923,18005,30562,14761,15801,17463,8290,9173,4366,2088,2278,
65510,17467,8440,9027,30566,14666,15900,34932,16925,18007,30564,14762,15802,17465,8291,9174,4366,2088,2278,
65515,17468,8441,9027,30569,14667,15902,34935,16926,18009,30567,14762,15805,17465,8291,9174,4367,2088,2279,
65520,17470,8442,9028,30569,14667,15902,34936,16926,18010,30569,14763,15806,17467,8292,9175,4367,2088,2279,
65525,17471,8443,9028,30573,14668,15905,34940,16927,18013,30571,14765,15806,17469,8294,9175,4367,2088,2279,
65530,17472,8444,9028,30576,14669,15907,34943,16928,18015,30574,14766,15808,17469,8294,9175,4368,2089,2279,
65535,17474,8444,9030,30576,14669,15907,34944,16929,18015,30576,14768,15808,17471,8294,9177,4368,2089,2279,
65540,17475,8445,9030,30580,14671,15909,34948,16933,18015,30578,14769,15809,17473,8295,9178,4368,2089,2279,
65545,17476,8445,9031,30583,14673,15910,34951,16935,18016,30581,14771,15810,17473,8295,9178,4369,2089,2280,
65550,17478,8445,9033,30583,14673,15910,34952,16935,18017,30583,14771,15812,17475,8295,9180,4369,2089,2280,
65555,17479,8446,9033,30587,14676,15911,34956,16936,18020,30585,14772,15813,17477,8295,9182,4369,2089,2280,
65560,17480,8447,9033,30590,14676,15914,34959,16938,18021,30588,14772,15816,17477,8295,9182,4370,2090,2280,
65565,17482,8448,9034,30590,14676,15914,34960,16939,18021,30590,14774,15816,17479,8295,9184,4370,2090,2280,
65570,17483,8449,9034,30594,14677,15917,34964,16942,18022,30592,14775,15817,17481,8295,9186,4370,2090,2280,
65575,17484,8450,9034,30597,14679,15918,34967,16944,18023,30595,14776,15819,17481,8295,9186,4371,2090,2281,
65580,17486,8451,9035,30597,14679,15918,34968,16945,18023,30597,14777,15820,17483,8295,9188,4371,2090,2281,
65585,17487,8451,9036,30601,14682,15919,34972,16946,18026,30599,14778,15821,17485,8295,9190,4371,2090,2281,
65590,17488,8452,9036,30604,14683,15921,34975,16948,18027,30602,14779,15823,17485,8295,9190,4372,2090,2282,
65595,17490,8453,9037,30604,14683,15921,34976,16949,18027,30604,14780,15824,17487,8296,9191,4372,2090,2282,
65600,17491,8453,9038,30608,14685,15923,34980,16953,18027,30606,14782,15824,17489,8297,9192,4372,2090,2282,
65605,17492,8454,9038,30611,14686,15925,34983,16954,18029,30609,14782,15827,17489,8297,9192,4373,2091,2282,
65610,17494,8455,9039,30611,14686,15925,34984,16954,18030,30611,14784,15827,17491,8297,9194,4373,2091,2282,
65615,17495,8455,9040,30615,14687,15928,34988,16955,18033,30613,14785,15828,17493,8298,9195,4373,2091,2282,
65620,17496,8455,9041,30618,14688,15930,34991,16955,18036,30616,14788,15828,17493,8298,9195,4374,2091,2283,
65625,17498,8455,9043,30618,14688,15930,34992,16955,18037,30618,14789,15829,17495,8299,9196,4374,2091,2283,
65630,17499,8455,9044,30622,14689,15933,34996,16959,18037,30620,14790,15830,17497,8301,9196,4374,2091,2283,
65635,17500,8456,9044,30625,14689,15936,34999,16959,18040,30623,14791,15832,17497,8301,9196,4375,2092,2283,
65640,17502,8457,9045,30625,14689,15936,35000,16959,18041,30625,14793,15832,17499,8302,9197,4375,2092,2283,
65645,17503,8458,9045,30629,14690,15939,35004,16959,18045,30627,14793,15834,17501,8303,9198,4375,2092,2283,
65650,17504,8459,9045,30632,14692,15940,35007,16960,18047,30630,14795,15835,17501,8303,9198,4376,2093,2283,
65655,17506,8460,9046,30632,14692,15940,35008,16960,18048,30632,14795,15837,17503,8304,9199,4376,2093,2283,
65660,17507,8461,9046,30636,14695,15941,35012,16960,18052,30634,14795,15839,17505,8306,9199,4376,2093,2283,
65665,17508,8461,9047,30639,14697,15942,35015,16962,18053,30637,14797,15840,17505,8306,9199,4377,2093,2284,
65670,17510,8462,9048,30639,14697,15942,35016,16962,18054,30639,14797,15842,17507,8307,9200,4377,2093,2284,
65675,17511,8463,9048,30643,14699,15944,35020,16965,18055,30641,14797,15844,17509,8307,9202,4377,2093,2284,
65680,17512,8464,9048,30646,14702,15944,35023,16967,18056,30644,14799,15845,17509,8307,9202,4378,2094,2284,
65685,17514,8465,9049,30646,14702,15944,35024,16968,18056,30646,14799,15847,17511,8308,9203,4378,2094,2284,
65690,17515,8465,9050,30650,14702,15948,35028,16970,18058,30648,14799,15849,17513,8309,9204,4378,2094,2284,
65695,17516,8466,9050,30653,14704,15949,35031,16973,18058,30651,14801,15850,17513,8309,9204,4379,2094,2285,
65700,17518,8467,9051,30653,14704,15949,35032,16974,18058,30653,14803,15850,17515,8309,9206,4379,2094,2285,
65705,17519,8468,9051,30657,14704,15953,35036,16976,18060,30655,14805,15850,17517,8311,9206,4379,2094,2285,
65710,17520,8468,9052,30660,14706,15954,35039,16977,18062,30658,14806,15852,17517,8311,9206,4380,2094,2286,
65715,17522,8470,9052,30660,14706,15954,35040,16978,18062,30660,14808,15852,17519,8311,9208,4380,2094,2286,
65720,17523,8470,9053,30664,14709,15955,35044,16980,18064,30662,14809,15853,17521,8313,9208,4380,2094,2286,
65725,17524,8471,9053,30667,14710,15957,35047,16982,18065,30665,14810,15855,17521,8313,9208,4381,2094,2287,
65730,17526,8473,9053,30667,14710,15957,35048,16982,18066,30667,14810,15857,17523,8314,9209,4381,2094,2287,
65735,17527,8473,9054,30671,14712,15959,35052,16985,18067,30669,14811,15858,17525,8315,9210,4381,2094,2287,
65740,17528,8473,9055,30674,14715,15959,35055,16988,18067,30672,14813,15859,17525,8315,9210,4382,2094,2288,
65745,17530,8474,9056,30674,14715,15959,35056,16989,18067,30674,14815,15859,17527,8317,9210,4382,2094,2288,
65750,17531,8475,9056,30678,14716,15962,35060,16992,18068,30676,14816,15860,17529,8318,9211,4382,2094,2288,
65755,17532,8476,9056,30681,14718,15963,35063,16993,18070,30679,14817,15862,17529,8318,9211,4383,2095,2288,
65760,17534,8477,9057,30681,14718,15963,35064,16994,18070,30681,14818,15863,17531,8320,9211,4383,2095,2288,
65765,17535,8478,9057,30685,14720,15965,35068,16994,18074,30683,14819,15864,17533,8320,9213,4383,2095,2288,
65770,17536,8478,9058,30688,14722,15966,35071,16995,18076,30686,14821,15865,17533,8320,9213,4384,2095,2289,
65775,17538,8478,9060,30688,14722,15966,35072,16996,18076,30688,14823,15865,17535,8321,9214,4384,2095,2289,
65780,17539,8479,9060,30692,14723,15969,35076,16998,18078,30690,14825,15865,17537,8323,9214,4384,2095,2289,
65785,17540,8479,9061,30695,14726,15969,35079,16999,18080,30693,14825,15868,17537,8323,9214,4385,2095,2290,
65790,17542,8480,9062,30695,14726,15969,35080,16999,18081,30695,14825,15870,17539,8325,9214,4385,2095,2290,
65795,17543,8480,9063,30699,14726,15973,35084,17002,18082,30697,14826,15871,17541,8326,9215,4385,2095,2290,
65800,17544,8481,9063,30702,14728,15974,35087,17002,18085,30700,14827,15873,17541,8326,9215,4386,2096,2290,
65805,17546,8482,9064,30702,14728,15974,35088,17002,18086,30702,14828,15874,17543,8327,9216,4386,2096,2290,
65810,17547,8483,9064,30706,14728,15978,35092,17005,18087,30704,14830,15874,17545,8328,9217,4386,2096,2290,
65815,17548,8483,9065,30709,14731,15978,35095,17007,18088,30707,14831,15876,17545,8328,9217,4387,2096,2291,
65820,17550,8484,9066,30709,14731,15978,35096,17008,18088,30709,14833,15876,17547,8330,9217,4387,2096,2291,
65825,17551,8485,9066,30713,14733,15980,35100,17010,18090,30711,14833,15878,17549,8332,9217,4387,2096,2291,
65830,17552,8486,9066,30716,14734,15982,35103,17011,18092,30714,14835,15879,17549,8332,9217,4388,2096,2292,
65835,17554,8487,9067,30716,14734,15982,35104,17012,18092,30716,14835,15881,17551,8332,9219,4388,2096,2292,
65840,17555,8488,9067,30720,14737,15983,35108,17014,18094,30718,14836,15882,17553,8333,9220,4388,2096,2292,
65845,17556,8489,9067,30723,14738,15985,35111,17017,18094,30721,14839,15882,17553,8333,9220,4389,2097,2292,
65850,17558,8491,9067,30723,14738,15985,35112,17018,18094,30723,14839,15884,17555,8333,9222,4389,2097,2292,
65855,17559,8491,9068,30727,14740,15987,35116,17021,18095,30725,14839,15886,17557,8335,9222,4389,2097,2292,
65860,17560,8491,9069,30730,14741,15989,35119,17021,18098,30728,14840,15888,17557,8335,9222,4390,2098,2292,
65865,17562,8492,9070,30730,14741,15989,35120,17021,18099,30730,14840,15890,17559,8336,9223,4390,2098,2292,
65870,17563,8492,9071,30734,14744,15990,35124,17025,18099,30732,14842,15890,17561,8337,9224,4390,2098,2292,
65875,17564,8493,9071,30737,14747,15990,35127,17025,18102,30735,14843,15892,17561,8337,9224,4391,2099,2292,
65880,17566,8493,9073,30737,14747,15990,35128,17026,18102,30737,14845,15892,17563,8337,9226,4391,2099,2292,
65885,17567,8494,9073,30741,14749,15992,35132,17029,18103,30739,14845,15894,17565,8339,9226,4391,2099,2292,
65890,17568,8494,9074,30744,14751,15993,35135,17030,18105,30742,14846,15896,17565,8339,9226,4392,2100,2292,
65895,17570,8496,9074,30744,14751,15993,35136,17030,18106,30744,14846,15898,17567,8341,9226,4392,2100,2292,
65900,17571,8496,9075,30748,14752,15996,35140,17032,18108,30746,14848,15898,17569,8341,9228,4392,2100,2292,
65905,17572,8496,9076,30751,14754,15997,35143,17033,18110,30749,14849,15900,17569,8341,9228,4393,2100,2293,
65910,17574,8497,9077,30751,14754,15997,35144,17033,18111,30751,14849,15902,17571,8341,9230,4393,2100,2293,
65915,17575,8498,9077,30755,14755,16000,35148,17035,18113,30753,14850,15903,17573,8342,9231,4393,2100,2293,
65920,17576,8499,9077,30758,14758,16000,35151,17035,18116,30756,14851,15905,17573,8342,9231,4394,2100,2294,
65925,17578,8499,9079,30758,14758,16000,35152,17036,18116,30758,14851,15907,17575,8344,9231,4394,2100,2294,
65930,17579,8500,9079,30762,14760,16002,35156,17037,18119,30760,14852,15908,17577,8345,9232,4394,2100,2294,
65935,17580,8500,9080,30765,14762,16003,35159,17039,18120,30763,14852,15911,17577,8345,9232,4395,2101,2294,
65940,17582,8501,9081,30765,14762,16003,35160,17040,18120,30765,14854,15911,17579,8346,9233,4395,2101,2294,
65945,17583,8502,9081,30769,14764,16005,35164,17042,18122,30767,14855,15912,17581,8346,9235,4395,2101,2294,
65950,17584,8502,9082,30772,14765,16007,35167,17044,18123,30770,14855,15915,17581,8346,9235,4396,2101,2295,
65955,17586,8504,9082,30772,14765,16007,35168,17045,18123,30772,14856,15916,17583,8347,9236,4396,2101,2295,
65960,17587,8505,9082,30776,14765,16011,35172,17047,18125,30774,14857,15917,17585,8349,9236,4396,2101,2295,
65965,17588,8506,9082,30779,14766,16013,35175,17047,18128,30777,14857,15920,17585,8349,9236,4397,2101,2296,
65970,17590,8507,9083,30779,14766,16013,35176,17048,18128,30779,14857,15922,17587,8349,9238,4397,2101,2296,
65975,17591,8508,9083,30783,14768,16015,35180,17051,18129,30781,14859,15922,17589,8350,9239,4397,2101,2296,
65980,17592,8509,9083,30786,14770,16016,35183,17053,18130,30784,14861,15923,17589,8350,9239,4398,2102,2296,
65985,17594,8509,9085,30786,14770,16016,35184,17054,18130,30786,14862,15924,17591,8352,9239,4398,2102,2296,
65990,17595,8509,9086,30790,14772,16018,35188,17056,18132,30788,14862,15926,17593,8352,9241,4398,2102,2296,
65995,17596,8510,9086,30793,14773,16020,35191,17057,18134,30791,14864,15927,17593,8352,9241,4399,2102,2297,
66000,17598,8510,9088,30793,14773,16020,35192,17058,18134,30793,14865,15928,17595,8353,9242,4399,2102,2297,
66005,17599,8510,9089,30797,14775,16022,35196,17060,18136,30795,14865,15930,17597,8354,9243,4399,2102,2297,
66010,17600,8511,9089,30800,14777,16023,35199,17062,18137,30798,14867,15931,17597,8354,9243,4400,2102,2298,
66015,17602,8511,9091,30800,14777,16023,35200,17063,18137,30800,14869,15931,17599,8355,9244,4400,2102,2298,
66020,17603,8512,9091,30804,14780,16024,35204,17063,18141,30802,14870,15932,17601,8356,9245,4400,2102,2298,
66025,17604,8513,9091,30807,14781,16026,35207,17063,18144,30805,14871,15934,17601,8356,9245,4401,2102,2299,
66030,17606,8515,9091,30807,14781,16026,35208,17064,18144,30807,14872,15935,17603,8356,9247,4401,2102,2299,
66035,17607,8516,9091,30811,14783,16028,35212,17065,18147,30809,14873,15936,17605,8357,9248,4401,2102,2299,
66040,17608,8516,9092,30814,14785,16029,35215,17066,18149,30812,14873,15939,17605,8357,9248,4402,2103,2299,
66045,17610,8517,9093,30814,14785,16029,35216,17067,18149,30814,14874,15940,17607,8358,9249,4402,2103,2299,
66050,17611,8518,9093,30818,14786,16032,35220,17068,18152,30816,14876,15940,17609,8360,9249,4402,2103,2299,
66055,17612,8519,9093,30821,14786,16035,35223,17070,18153,30819,14876,15943,17609,8360,9249,4403,2104,2299,
66060,17614,8521,9093,30821,14786,16035,35224,17070,18154,30821,14877,15944,17611,8361,9250,4403,2104,2299,
66065,17615,8522,9093,30825,14788,16037,35228,17073,18155,30823,14878,15945,17613,8363,9250,4403,2104,2299,
66070,17616,8522,9094,30828,14790,16038,35231,17074,18157,30826,14879,15947,17613,8363,9250,4404,2105,2299,
66075,17618,8522,9096,30828,14790,16038,35232,17075,18157,30828,14881,15947,17615,8364,9251,4404,2105,2299,
66080,17619,8523,9096,30832,14791,16041,35236,17076,18160,30830,14881,15949,17617,8365,9252,4404,2105,2299,
66085,17620,8524,9096,30835,14794,16041,35239,17078,18161,30833,14884,15949,17617,8365,9252,4405,2106,2299,
66090,17622,8525,9097,30835,14794,16041,35240,17078,18162,30835,14886,15949,17619,8366,9253,4405,2106,2299,
66095,17623,8526,9097,30839,14796,16043,35244,17080,18164,30837,14888,15949,17621,8367,9254,4405,2106,2299,
66100,17624,8527,9097,30842,14799,16043,35247,17081,18166,30840,14888,15952,17621,8367,9254,4406,2107,2299,
66105,17626,8529,9097,30842,14799,16043,35248,17081,18167,30842,14890,15952,17623,8369,9254,4406,2107,2299,
66110,17627,8529,9098,30846,14801,16045,35252,17083,18169,30844,14891,15953,17625,8370,9255,4406,2107,2299,
66115,17628,8529,9099,30849,14803,16046,35255,17085,18170,30847,14892,15955,17625,8370,9255,4407,2107,2300,
66120,17630,8530,9100,30849,14803,16046,35256,17085,18171,30849,14893,15956,17627,8372,9255,4407,2107,2300,
66125,17631,8531,9100,30853,14805,16048,35260,17086,18174,30851,14895,15956,17629,8373,9256,4407,2107,2300,
66130,17632,8532,9100,30856,14807,16049,35263,17088,18175,30854,14898,15956,17629,8373,9256,4408,2107,2301,
66135,17634,8533,9101,30856,14807,16049,35264,17088,18176,30856,14898,15958,17631,8374,9257,4408,2107,2301,
66140,17635,8533,9102,30860,14808,16052,35268,17088,18180,30858,14898,15960,17633,8374,9259,4408,2107,2301,
66145,17636,8534,9102,30863,14810,16053,35271,17088,18183,30861,14898,15963,17633,8374,9259,4409,2107,2302,
66150,17638,8535,9103,30863,14810,16053,35272,17089,18183,30863,14898,15965,17635,8375,9260,4409,2107,2302,
66155,17639,8535,9104,30867,14811,16056,35276,17089,18187,30865,14899,15966,17637,8376,9261,4409,2107,2302,
66160,17640,8535,9105,30870,14813,16057,35279,17090,18189,30868,14901,15967,17637,8376,9261,4410,2108,2302,
66165,17642,8536,9106,30870,14813,16057,35280,17090,18190,30870,14901,15969,17639,8376,9263,4410,2108,2302,
66170,17643,8537,9106,30874,14815,16059,35284,17094,18190,30872,14902,15970,17641,8376,9265,4410,2108,2302,
66175,17644,8537,9107,30877,14817,16060,35287,17095,18192,30875,14905,15970,17641,8376,9265,4411,2109,2302,
66180,17646,8539,9107,30877,14817,16060,35288,17096,18192,30877,14907,15970,17643,8378,9265,4411,2109,2302,
66185,17647,8539,9108,30881,14818,16063,35292,17098,18194,30879,14908,15971,17645,8378,9267,4411,2109,2302,
66190,17648,8539,9109,30884,14818,16066,35295,17101,18194,30882,14910,15972,17645,8378,9267,4412,2109,2303,
66195,17650,8540,9110,30884,14818,16066,35296,17102,18194,30884,14912,15972,17647,8379,9268,4412,2109,2303,
66200,17651,8541,9110,30888,14819,16069,35300,17105,18195,30886,14914,15972,17649,8380,9269,4412,2109,2303,
66205,17652,8542,9110,30891,14821,16070,35303,17106,18197,30889,14915,15974,17649,8380,9269,4413,2110,2303,
66210,17654,8543,9111,30891,14821,16070,35304,17106,18198,30891,14916,15975,17651,8381,9270,4413,2110,2303,
66215,17655,8543,9112,30895,14825,16070,35308,17106,18202,30893,14918,15975,17653,8381,9272,4413,2110,2303,
66220,17656,8544,9112,30898,14827,16071,35311,17108,18203,30896,14920,15976,17653,8381,9272,4414,2111,2303,
66225,17658,8545,9113,30898,14827,16071,35312,17109,18203,30898,14921,15977,17655,8382,9273,4414,2111,2303,
66230,17659,8546,9113,30902,14827,16075,35316,17110,18206,30900,14921,15979,17657,8383,9274,4414,2111,2303,
66235,17660,8547,9113,30905,14829,16076,35319,17112,18207,30903,14923,15980,17657,8383,9274,4415,2111,2304,
66240,17662,8549,9113,30905,14829,16076,35320,17113,18207,30905,14923,15982,17659,8385,9274,4415,2111,2304,
66245,17663,8549,9114,30909,14832,16077,35324,17114,18210,30907,14924,15983,17661,8386,9275,4415,2111,2304,
66250,17664,8550,9114,30912,14834,16078,35327,17114,18213,30910,14926,15984,17661,8386,9275,4416,2111,2305,
66255,17666,8551,9115,30912,14834,16078,35328,17114,18214,30912,14927,15985,17663,8387,9276,4416,2111,2305,
66260,17667,8552,9115,30916,14838,16078,35332,17117,18215,30914,14929,15985,17665,8389,9276,4416,2111,2305,
66265,17668,8553,9115,30919,14840,16079,35335,17118,18217,30917,14930,15987,17665,8389,9276,4417,2112,2305,
66270,17670,8553,9117,30919,14840,16079,35336,17119,18217,30919,14930,15989,17667,8390,9277,4417,2112,2305,
66275,17671,8553,9118,30923,14842,16081,35340,17122,18218,30921,14931,15990,17669,8390,9279,4417,2112,2305,
66280,17672,8554,9118,30926,14843,16083,35343,17123,18220,30924,14933,15991,17669,8390,9279,4418,2112,2306,
66285,17674,8555,9119,30926,14843,16083,35344,17123,18221,30926,14935,15991,17671,8391,9280,4418,2112,2306,
66290,17675,8556,9119,30930,14846,16084,35348,17126,18222,30928,14936,15992,17673,8393,9280,4418,2112,2306,
66295,17676,8556,9120,30933,14848,16085,35351,17126,18225,30931,14936,15995,17673,8393,9280,4419,2112,2307,
66300,17678,8557,9121,30933,14848,16085,35352,17126,18226,30933,14937,15996,17675,8394,9281,4419,2112,2307,
66305,17679,8557,9122,30937,14848,16089,35356,17127,18229,30935,14937,15998,17677,8394,9283,4419,2112,2307,
66310,17680,8557,9123,30940,14849,16091,35359,17127,18232,30938,14937,16001,17677,8394,9283,4420,2113,2307,
66315,17682,8558,9124,30940,14849,16091,35360,17127,18233,30940,14938,16002,17679,8394,9285,4420,2113,2307,
66320,17683,8559,9124,30944,14851,16093,35364,17129,18235,30942,14939,16003,17681,8394,9287,4420,2113,2307,
66325,17684,8560,9124,30947,14852,16095,35367,17129,18238,30945,14940,16005,17681,8394,9287,4421,2113,2308,
66330,17686,8561,9125,30947,14852,16095,35368,17130,18238,30947,14941,16006,17683,8394,9289,4421,2113,2308,
66335,17687,8561,9126,30951,14853,16098,35372,17131,18241,30949,14942,16007,17685,8395,9290,4421,2113,2308,
66340,17688,8562,9126,30954,14854,16100,35375,17134,18241,30952,14944,16008,17685,8395,9290,4422,2113,2309,
66345,17690,8562,9128,30954,14854,16100,35376,17134,18242,30954,14945,16009,17687,8396,9291,4422,2113,2309,
66350,17691,8563,9128,30958,14857,16101,35380,17136,18244,30956,14947,16009,17689,8396,9293,4422,2113,2309,
66355,17692,8563,9129,30961,14858,16103,35383,17137,18246,30959,14950,16009,17689,8396,9293,4423,2114,2309,
66360,17694,8563,9131,30961,14858,16103,35384,17137,18247,30961,14950,16011,17691,8397,9294,4423,2114,2309,
66365,17695,8563,9132,30965,14858,16107,35388,17140,18248,30963,14951,16012,17693,8399,9294,4423,2114,2309,
66370,17696,8563,9133,30968,14859,16109,35391,17141,18250,30966,14953,16013,17693,8399,9294,4424,2115,2309,
66375,17698,8564,9134,30968,14859,16109,35392,17142,18250,30968,14953,16015,17695,8399,9296,4424,2115,2309,
66380,17699,8564,9135,30972,14861,16111,35396,17143,18253,30970,14954,16016,17697,8400,9297,4424,2115,2309,
66385,17700,8565,9135,30975,14863,16112,35399,17145,18254,30973,14956,16017,17697,8400,9297,4425,2115,2310,
66390,17702,8566,9136,30975,14863,16112,35400,17146,18254,30975,14958,16017,17699,8401,9298,4425,2115,2310,
66395,17703,8566,9137,30979,14866,16113,35404,17149,18255,30977,14959,16018,17701,8402,9299,4425,2115,2310,
66400,17704,8566,9138,30982,14868,16114,35407,17150,18257,30980,14960,16020,17701,8402,9299,4426,2116,2310,
66405,17706,8567,9139,30982,14868,16114,35408,17150,18258,30982,14961,16021,17703,8403,9300,4426,2116,2310,
66410,17707,8568,9139,30986,14869,16117,35412,17151,18261,30984,14962,16022,17705,8405,9300,4426,2116,2310,
66415,17708,8569,9139,30989,14869,16120,35415,17152,18263,30987,14962,16025,17705,8405,9300,4427,2116,2311,
66420,17710,8571,9139,30989,14869,16120,35416,17152,18264,30989,14962,16027,17707,8406,9301,4427,2116,2311,
66425,17711,8572,9139,30993,14869,16124,35420,17155,18265,30991,14964,16027,17709,8407,9302,4427,2116,2311,
66430,17712,8572,9140,30996,14870,16126,35423,17157,18266,30994,14966,16028,17709,8407,9302,4428,2117,2311,
66435,17714,8573,9141,30996,14870,16126,35424,17157,18267,30996,14966,16030,17711,8408,9303,4428,2117,2311,
66440,17715,8573,9142,31000,14873,16127,35428,17157,18271,30998,14967,16031,17713,8408,9305,4428,2117,2311,
66445,17716,8574,9142,31003,14875,16128,35431,17158,18273,31001,14968,16033,17713,8408,9305,4429,2118,2311,
66450,17718,8574,9144,31003,14875,16128,35432,17159,18273,31003,14969,16034,17715,8409,9306,4429,2118,2311,
66455,17719,8575,9144,31007,14877,16130,35436,17161,18275,31005,14970,16035,17717,8411,9306,4429,2118,2311,
66460,17720,8575,9145,31010,14878,16132,35439,17162,18277,31008,14971,16037,17717,8411,9306,4430,2119,2311,
66465,17722,8577,9145,31010,14878,16132,35440,17162,18278,31010,14971,16039,17719,8411,9308,4430,2119,2311,
66470,17723,8577,9146,31014,14879,16135,35444,17164,18280,31012,14972,16040,17721,8411,9310,4430,2119,2311,
66475,17724,8578,9146,31017,14880,16137,35447,17166,18281,31015,14974,16041,17721,8411,9310,4431,2119,2312,
66480,17726,8579,9147,31017,14880,16137,35448,17167,18281,31017,14975,16042,17723,8412,9311,4431,2119,2312,
66485,17727,8580,9147,31021,14882,16139,35452,17169,18283,31019,14977,16042,17725,8413,9312,4431,2119,2312,
66490,17728,8580,9148,31024,14885,16139,35455,17171,18284,31022,14978,16044,17725,8413,9312,4432,2119,2313,
66495,17730,8581,9149,31024,14885,16139,35456,17172,18284,31024,14979,16045,17727,8413,9314,4432,2119,2313,
66500,17731,8581,9150,31028,14888,16140,35460,17173,18287,31026,14980,16046,17729,8415,9314,4432,2119,2313,
66505,17732,8581,9151,31031,14889,16142,35463,17176,18287,31029,14981,16048,17729,8415,9314,4433,2119,2314,
66510,17734,8582,9152,31031,14889,16142,35464,17176,18288,31031,14982,16049,17731,8415,9316,4433,2119,2314,
66515,17735,8583,9152,31035,14892,16143,35468,17178,18290,31033,14982,16051,17733,8417,9316,4433,2119,2314,
66520,17736,8584,9152,31038,14893,16145,35471,17179,18292,31036,14983,16053,17733,8417,9316,4434,2120,2314,
66525,17738,8585,9153,31038,14893,16145,35472,17180,18292,31038,14984,16054,17735,8418,9317,4434,2120,2314,
66530,17739,8585,9154,31042,14894,16148,35476,17184,18292,31040,14986,16054,17737,8418,9319,4434,2120,2314,
66535,17740,8586,9154,31045,14895,16150,35479,17186,18293,31043,14989,16054,17737,8418,9319,4435,2121,2314,
66540,17742,8587,9155,31045,14895,16150,35480,17187,18293,31045,14990,16055,17739,8420,9319,4435,2121,2314,
66545,17743,8587,9156,31049,14898,16151,35484,17190,18294,31047,14992,16055,17741,8421,9320,4435,2121,2314,
66550,17744,8588,9156,31052,14901,16151,35487,17191,18296,31050,14993,16057,17741,8421,9320,4436,2121,2315,
66555,17746,8589,9157,31052,14901,16151,35488,17191,18297,31052,14993,16059,17743,8422,9321,4436,2121,2315,
66560,17747,8589,9158,31056,14902,16154,35492,17191,18301,31054,14994,16060,17745,8422,9323,4436,2121,2315,
66565,17748,8590,9158,31059,14903,16156,35495,17193,18302,31057,14995,16062,17745,8422,9323,4437,2122,2315,
66570,17750,8590,9160,31059,14903,16156,35496,17193,18303,31059,14996,16063,17747,8423,9324,4437,2122,2315,
66575,17751,8591,9160,31063,14903,16160,35500,17195,18305,31061,14997,16064,17749,8425,9324,4437,2122,2315,
66580,17752,8591,9161,31066,14905,16161,35503,17196,18307,31064,14998,16066,17749,8425,9324,4438,2123,2315,
66585,17754,8591,9163,31066,14905,16161,35504,17197,18307,31066,14998,16068,17751,8426,9325,4438,2123,2315,
66590,17755,8591,9164,31070,14908,16162,35508,17201,18307,31068,14998,16070,17753,8428,9325,4438,2123,2315,
66595,17756,8591,9165,31073,14909,16164,35511,17203,18308,31071,14998,16073,17753,8428,9325,4439,2123,2316,
66600,17758,8592,9166,31073,14909,16164,35512,17203,18309,31073,14999,16074,17755,8429,9326,4439,2123,2316,
66605,17759,8593,9166,31077,14911,16166,35516,17207,18309,31075,15001,16074,17757,8429,9328,4439,2123,2316,
66610,17760,8593,9167,31080,14913,16167,35519,17207,18312,31078,15003,16075,17757,8429,9328,4440,2123,2317,
66615,17762,8594,9168,31080,14913,16167,35520,17207,18313,31080,15004,16076,17759,8430,9329,4440,2123,2317,
66620,17763,8595,9168,31084,14915,16169,35524,17209,18315,31082,15004,16078,17761,8430,9331,4440,2123,2317,
66625,17764,8595,9169,31087,14916,16171,35527,17210,18317,31085,15005,16080,17761,8430,9331,4441,2124,2317,
66630,17766,8595,9171,31087,14916,16171,35528,17211,18317,31087,15005,16082,17763,8432,9331,4441,2124,2317,
66635,17767,8596,9171,31091,14918,16173,35532,17213,18319,31089,15006,16083,17765,8432,9333,4441,2124,2317,
66640,17768,8597,9171,31094,14920,16174,35535,17215,18320,31092,15007,16085,17765,8432,9333,4442,2124,2318,
66645,17770,8598,9172,31094,14920,16174,35536,17215,18321,31094,15009,16085,17767,8432,9335,4442,2124,2318,
66650,17771,8598,9173,31098,14922,16176,35540,17217,18323,31096,15009,16087,17769,8434,9335,4442,2124,2318,
66655,17772,8599,9173,31101,14924,16177,35543,17219,18324,31099,15010,16089,17769,8434,9335,4443,2124,2319,
66660,17774,8600,9174,31101,14924,16177,35544,17220,18324,31101,15011,16090,17771,8435,9336,4443,2124,2319,
66665,17775,8601,9174,31105,14926,16179,35548,17220,18328,31103,15011,16092,17773,8437,9336,4443,2124,2319,
66670,17776,8601,9175,31108,14927,16181,35551,17222,18329,31106,15013,16093,17773,8437,9336,4444,2124,2320,
66675,17778,8601,9177,31108,14927,16181,35552,17222,18330,31108,15014,16094,17775,8439,9336,4444,2124,2320,
66680,17779,8602,9177,31112,14928,16184,35556,17225,18331,31110,15015,16095,17777,8439,9338,4444,2124,2320,
66685,17780,8602,9178,31115,14930,16185,35559,17227,18332,31113,15018,16095,17777,8439,9338,4445,2124,2321,
66690,17782,8602,9180,31115,14930,16185,35560,17228,18332,31115,15019,16096,17779,8440,9339,4445,2124,2321,
66695,17783,8602,9181,31119,14932,16187,35564,17229,18335,31117,15021,16096,17781,8441,9340,4445,2124,2321,
66700,17784,8602,9182,31122,14933,16189,35567,17229,18338,31120,15022,16098,17781,8441,9340,4446,2125,2321,
66705,17786,8604,9182,31122,14933,16189,35568,17230,18338,31122,15022,16100,17783,8442,9341,4446,2125,2321,
66710,17787,8604,9183,31126,14935,16191,35572,17232,18340,31124,15024,16100,17785,8443,9342,4446,2125,2321,
66715,17788,8604,9184,31129,14936,16193,35575,17232,18343,31127,15024,16103,17785,8443,9342,4447,2126,2321,
66720,17790,8606,9184,31129,14936,16193,35576,17232,18344,31129,15025,16104,17787,8443,9344,4447,2126,2321,
66725,17791,8607,9184,31133,14938,16195,35580,17235,18345,31131,15026,16105,17789,8444,9345,4447,2126,2321,
66730,17792,8607,9185,31136,14939,16197,35583,17236,18347,31134,15027,16107,17789,8444,9345,4448,2126,2322,
66735,17794,8608,9186,31136,14939,16197,35584,17237,18347,31136,15028,16108,17791,8445,9346,4448,2126,2322,
66740,17795,8608,9187,31140,14941,16199,35588,17239,18349,31138,15028,16110,17793,8445,9348,4448,2126,2322,
66745,17796,8609,9187,31143,14943,16200,35591,17241,18350,31141,15029,16112,17793,8445,9348,4449,2127,2322,
66750,17798,8610,9188,31143,14943,16200,35592,17242,18350,31143,15030,16113,17795,8447,9348,4449,2127,2322,
66755,17799,8610,9189,31147,14946,16201,35596,17243,18353,31145,15031,16114,17797,8449,9348,4449,2127,2322,
66760,17800,8611,9189,31150,14947,16203,35599,17244,18355,31148,15034,16114,17797,8449,9348,4450,2127,2323,
66765,17802,8612,9190,31150,14947,16203,35600,17245,18355,31150,15034,16116,17799,8451,9348,4450,2127,2323,
66770,17803,8613,9190,31154,14949,16205,35604,17248,18356,31152,15034,16118,17801,8452,9349,4450,2127,2323,
66775,17804,8613,9191,31157,14951,16206,35607,17249,18358,31155,15037,16118,17801,8452,9349,4451,2128,2323,
66780,17806,8614,9192,31157,14951,16206,35608,17249,18359,31157,15038,16119,17803,8453,9350,4451,2128,2323,
66785,17807,8615,9192,31161,14952,16209,35612,17250,18362,31159,15040,16119,17805,8454,9351,4451,2128,2323,
66790,17808,8615,9193,31164,14954,16210,35615,17250,18365,31162,15042,16120,17805,8454,9351,4452,2129,2323,
66795,17810,8617,9193,31164,14954,16210,35616,17251,18365,31164,15042,16122,17807,8455,9352,4452,2129,2323,
66800,17811,8618,9193,31168,14956,16212,35620,17253,18367,31166,15043,16123,17809,8456,9353,4452,2129,2323,
66805,17812,8618,9194,31171,14957,16214,35623,17255,18368,31169,15045,16124,17809,8456,9353,4453,2129,2324,
66810,17814,8619,9195,31171,14957,16214,35624,17255,18369,31171,15047,16124,17811,8457,9354,4453,2129,2324,
66815,17815,8620,9195,31175,14960,16215,35628,17257,18371,31173,15049,16124,17813,8458,9355,4453,2129,2324,
66820,17816,8620,9196,31178,14963,16215,35631,17258,18373,31176,15051,16125,17813,8458,9355,4454,2130,2324,
66825,17818,8621,9197,31178,14963,16215,35632,17258,18374,31178,15053,16125,17815,8459,9356,4454,2130,2324,
66830,17819,8621,9198,31182,14964,16218,35636,17259,18377,31180,15053,16127,17817,8460,9357,4454,2130,2324,
66835,17820,8621,9199,31185,14966,16219,35639,17260,18379,31183,15056,16127,17817,8460,9357,4455,2131,2324,
66840,17822,8623,9199,31185,14966,16219,35640,17261,18379,31185,15056,16129,17819,8462,9357,4455,2131,2324,
66845,17823,8623,9200,31189,14967,16222,35644,17262,18382,31187,15056,16131,17821,8464,9357,4455,2131,2324,
66850,17824,8623,9201,31192,14967,16225,35647,17264,18383,31190,15059,16131,17821,8464,9357,4456,2131,2325,
66855,17826,8623,9203,31192,14967,16225,35648,17265,18383,31192,15059,16133,17823,8465,9358,4456,2131,2325,
66860,17827,8624,9203,31196,14968,16228,35652,17267,18385,31194,15060,16134,17825,8465,9360,4456,2131,2325,
66865,17828,8625,9203,31199,14971,16228,35655,17269,18386,31197,15061,16136,17825,8465,9360,4457,2131,2326,
66870,17830,8626,9204,31199,14971,16228,35656,17269,18387,31199,15062,16137,17827,8466,9361,4457,2131,2326,
66875,17831,8626,9205,31203,14973,16230,35660,17271,18389,31201,15062,16139,17829,8468,9361,4457,2131,2326,
66880,17832,8627,9205,31206,14974,16232,35663,17272,18391,31204,15065,16139,17829,8468,9361,4458,2131,2327,
66885,17834,8628,9206,31206,14974,16232,35664,17273,18391,31206,15066,16140,17831,8470,9361,4458,2131,2327,
66890,17835,8628,9207,31210,14976,16234,35668,17274,18394,31208,15067,16141,17833,8471,9362,4458,2131,2327,
66895,17836,8628,9208,31213,14977,16236,35671,17274,18397,31211,15069,16142,17833,8471,9362,4459,2131,2328,
66900,17838,8630,9208,31213,14977,16236,35672,17274,18398,31213,15069,16144,17835,8472,9363,4459,2131,2328,
66905,17839,8630,9209,31217,14978,16239,35676,17274,18402,31215,15070,16145,17837,8472,9365,4459,2131,2328,
66910,17840,8631,9209,31220,14981,16239,35679,17276,18403,31218,15071,16147,17837,8472,9365,4460,2132,2328,
66915,17842,8632,9210,31220,14981,16239,35680,17277,18403,31220,15073,16147,17839,8473,9366,4460,2132,2328,
66920,17843,8632,9211,31224,14982,16242,35684,17280,18404,31222,15075,16147,17841,8474,9367,4460,2132,2328,
66925,17844,8633,9211,31227,14984,16243,35687,17281,18406,31225,15077,16148,17841,8474,9367,4461,2132,2329,
66930,17846,8633,9213,31227,14984,16243,35688,17282,18406,31227,15077,16150,17843,8475,9368,4461,2132,2329,
66935,17847,8633,9214,31231,14986,16245,35692,17285,18407,31229,15079,16150,17845,8477,9368,4461,2132,2329,
66940,17848,8634,9214,31234,14987,16247,35695,17288,18407,31232,15081,16151,17845,8477,9368,4462,2133,2329,
66945,17850,8634,9216,31234,14987,16247,35696,17288,18408,31234,15082,16152,17847,8479,9368,4462,2133,2329,
66950,17851,8635,9216,31238,14988,16250,35700,17291,18409,31236,15083,16153,17849,8479,9370,4462,2133,2329,
66955,17852,8635,9217,31241,14989,16252,35703,17291,18412,31239,15084,16155,17849,8479,9370,4463,2134,2329,
66960,17854,8636,9218,31241,14989,16252,35704,17292,18412,31241,15085,16156,17851,8480,9371,4463,2134,2329,
66965,17855,8637,9218,31245,14991,16254,35708,17296,18412,31243,15086,16157,17853,8482,9371,4463,2134,2329,
66970,17856,8638,9218,31248,14993,16255,35711,17298,18413,31246,15088,16158,17853,8482,9371,4464,2135,2329,
66975,17858,8639,9219,31248,14993,16255,35712,17298,18414,31248,15088,16160,17855,8482,9373,4464,2135,2329,
66980,17859,8639,9220,31252,14996,16256,35716,17299,18417,31250,15089,16161,17857,8483,9374,4464,2135,2329,
66985,17860,8640,9220,31255,14996,16259,35719,17300,18419,31253,15090,16163,17857,8483,9374,4465,2136,2329,
66990,17862,8642,9220,31255,14996,16259,35720,17301,18419,31255,15092,16163,17859,8485,9374,4465,2136,2329,
66995,17863,8642,9221,31259,14997,16262,35724,17302,18422,31257,15092,16165,17861,8486,9375,4465,2136,2329,
67000,17864,8643,9221,31262,14998,16264,35727,17304,18423,31260,15093,16167,17861,8486,9375,4466,2137,2329,
67005,17866,8644,9222,31262,14998,16264,35728,17304,18424,31262,15095,16167,17863,8486,9377,4466,2137,2329,
67010,17867,8645,9222,31266,15001,16265,35732,17306,18426,31264,15095,16169,17865,8487,9378,4466,2137,2329,
67015,17868,8645,9223,31269,15002,16267,35735,17308,18427,31267,15096,16171,17865,8487,9378,4467,2137,2330,
67020,17870,8645,9225,31269,15002,16267,35736,17308,18428,31269,15097,16172,17867,8488,9379,4467,2137,2330,
67025,17871,8646,9225,31273,15005,16268,35740,17309,18431,31271,15097,16174,17869,8490,9379,4467,2137,2330,
67030,17872,8647,9225,31276,15007,16269,35743,17310,18433,31274,15098,16176,17869,8490,9379,4468,2137,2331,
67035,17874,8647,9227,31276,15007,16269,35744,17310,18434,31276,15100,16176,17871,8491,9380,4468,2137,2331,
67040,17875,8647,9228,31280,15008,16272,35748,17312,18436,31278,15100,16178,17873,8492,9381,4468,2137,2331,
67045,17876,8647,9229,31283,15010,16273,35751,17314,18437,31281,15103,16178,17873,8492,9381,4469,2138,2331,
67050,17878,8647,9231,31283,15010,16273,35752,17314,18438,31283,15103,16180,17875,8492,9383,4469,2138,2331,
67055,17879,8648,9231,31287,15013,16274,35756,17317,18439,31285,15104,16181,17877,8493,9384,4469,2138,2331,
67060,17880,8648,9232,31290,15014,16276,35759,17318,18441,31288,15106,16182,17877,8493,9384,4470,2138,2332,
67065,17882,8649,9233,31290,15014,16276,35760,17318,18442,31290,15108,16182,17879,8494,9385,4470,2138,2332,
67070,17883,8650,9233,31294,15016,16278,35764,17320,18444,31292,15109,16183,17881,8494,9387,4470,2138,2332,
67075,17884,8650,9234,31297,15018,16279,35767,17322,18445,31295,15110,16185,17881,8494,9387,4471,2139,2332,
67080,17886,8651,9235,31297,15018,16279,35768,17322,18446,31297,15110,16187,17883,8495,9388,4471,2139,2332,
67085,17887,8652,9235,31301,15019,16282,35772,17325,18447,31299,15110,16189,17885,8495,9390,4471,2139,2332,
67090,17888,8653,9235,31304,15019,16285,35775,17326,18449,31302,15111,16191,17885,8495,9390,4472,2140,2332,
67095,17890,8654,9236,31304,15019,16285,35776,17326,18450,31304,15112,16192,17887,8496,9391,4472,2140,2332,
67100,17891,8654,9237,31308,15021,16287,35780,17330,18450,31306,15112,16194,17889,8498,9391,4472,2140,2332,
67105,17892,8654,9238,31311,15022,16289,35783,17330,18453,31309,15115,16194,17889,8498,9391,4473,2140,2333,
67110,17894,8655,9239,31311,15022,16289,35784,17330,18454,31311,15116,16195,17891,8500,9391,4473,2140,2333,
67115,17895,8655,9240,31315,15023,16292,35788,17333,18455,31313,15117,16196,17893,8501,9392,4473,2140,2333,
67120,17896,8656,9240,31318,15023,16295,35791,17334,18457,31316,15118,16198,17893,8501,9392,4474,2141,2333,
67125,17898,8657,9241,31318,15023,16295,35792,17334,18458,31318,15119,16199,17895,8501,9394,4474,2141,2333,
67130,17899,8657,9242,31322,15024,16298,35796,17336,18460,31320,15121,16199,17897,8501,9396,4474,2141,2333,
67135,17900,8657,9243,31325,15026,16299,35799,17338,18461,31323,15123,16200,17897,8501,9396,4475,2142,2333,
67140,17902,8658,9244,31325,15026,16299,35800,17339,18461,31325,15124,16201,17899,8502,9397,4475,2142,2333,
67145,17903,8659,9244,31329,15028,16301,35804,17340,18464,31327,15124,16203,17901,8504,9397,4475,2142,2333,
67150,17904,8659,9245,31332,15029,16303,35807,17342,18465,31330,15127,16203,17901,8504,9397,4476,2143,2333,
67155,17906,8660,9246,31332,15029,16303,35808,17342,18466,31332,15129,16203,17903,8505,9398,4476,2143,2333,
67160,17907,8660,9247,31336,15031,16305,35812,17342,18470,31334,15129,16205,17905,8506,9399,4476,2143,2333,
67165,17908,8660,9248,31339,15032,16307,35815,17342,18473,31337,15131,16206,17905,8506,9399,4477,2143,2334,
67170,17910,8660,9250,31339,15032,16307,35816,17342,18474,31339,15132,16207,17907,8508,9399,4477,2143,2334,
67175,17911,8661,9250,31343,15033,16310,35820,17343,18477,31341,15133,16208,17909,8510,9399,4477,2143,2334,
67180,17912,8662,9250,31346,15034,16312,35823,17344,18479,31344,15134,16210,17909,8510,9399,4478,2143,2335,
67185,17914,8664,9250,31346,15034,16312,35824,17344,18480,31346,15136,16210,17911,8511,9400,4478,2143,2335,
67190,17915,8665,9250,31350,15036,16314,35828,17346,18482,31348,15136,16212,17913,8511,9402,4478,2143,2335,
67195,17916,8665,9251,31353,15037,16316,35831,17348,18483,31351,15138,16213,17913,8511,9402,4479,2144,2335,
67200,17918,8666,9252,31353,15037,16316,35832,17349,18483,31353,15140,16213,17915,8512,9403,4479,2144,2335,
67205,17919,8666,9253,31357,15038,16319,35836,17349,18487,31355,15141,16214,17917,8512,9405,4479,2144,2335,
67210,17920,8667,9253,31360,15040,16320,35839,17350,18489,31358,15142,16216,17917,8512,9405,4480,2144,2336,
67215,17922,8669,9253,31360,15040,16320,35840,17350,18490,31360,15143,16217,17919,8513,9406,4480,2144,2336,
67220,17923,8670,9253,31364,15041,16323,35844,17353,18491,31362,15144,16218,17921,8515,9406,4480,2144,2336,
67225,17924,8671,9253,31367,15042,16325,35847,17354,18493,31365,15146,16219,17921,8515,9406,4481,2145,2336,
67230,17926,8672,9254,31367,15042,16325,35848,17355,18493,31367,15147,16220,17923,8517,9406,4481,2145,2336,
67235,17927,8673,9254,31371,15045,16326,35852,17357,18495,31369,15149,16220,17925,8519,9406,4481,2145,2336,
67240,17928,8674,9254,31374,15045,16329,35855,17359,18496,31372,15151,16221,17925,8519,9406,4482,2145,2337,
67245,17930,8675,9255,31374,15045,16329,35856,17359,18497,31374,15151,16223,17927,8520,9407,4482,2145,2337,
67250,17931,8675,9256,31378,15047,16331,35860,17360,18500,31376,15152,16224,17929,8521,9408,4482,2145,2337,
67255,17932,8676,9256,31381,15050,16331,35863,17361,18502,31379,15154,16225,17929,8521,9408,4483,2145,2338,
67260,17934,8677,9257,31381,15050,16331,35864,17361,18503,31381,15155,16226,17931,8523,9408,4483,2145,2338,
67265,17935,8677,9258,31385,15052,16333,35868,17364,18504,31383,15157,16226,17933,8524,9409,4483,2145,2338,
67270,17936,8677,9259,31388,15054,16334,35871,17367,18504,31386,15158,16228,17933,8524,9409,4484,2146,2338,
67275,17938,8678,9260,31388,15054,16334,35872,17368,18504,31388,15160,16228,17935,8525,9410,4484,2146,2338,
67280,17939,8678,9261,31392,15056,16336,35876,17370,18506,31390,15162,16228,17937,8526,9411,4484,2146,2338,
67285,17940,8678,9262,31395,15057,16338,35879,17372,18507,31393,15164,16229,17937,8526,9411,4485,2147,2338,
67290,17942,8679,9263,31395,15057,16338,35880,17373,18507,31395,15165,16230,17939,8527,9412,4485,2147,2338,
67295,17943,8680,9263,31399,15059,16340,35884,17374,18510,31397,15167,16230,17941,8527,9414,4485,2147,2338,
67300,17944,8681,9263,31402,15061,16341,35887,17377,18510,31400,15167,16233,17941,8527,9414,4486,2148,2338,
67305,17946,8681,9265,31402,15061,16341,35888,17378,18510,31402,15169,16233,17943,8528,9415,4486,2148,2338,
67310,17947,8681,9266,31406,15064,16342,35892,17380,18512,31404,15170,16234,17945,8529,9416,4486,2148,2338,
67315,17948,8682,9266,31409,15066,16343,35895,17381,18514,31407,15171,16236,17945,8529,9416,4487,2149,2338,
67320,17950,8683,9267,31409,15066,16343,35896,17382,18514,31409,15172,16237,17947,8529,9418,4487,2149,2338,
67325,17951,8683,9268,31413,15068,16345,35900,17383,18517,31411,15172,16239,17949,8529,9420,4487,2149,2338,
67330,17952,8683,9269,31416,15070,16346,35903,17385,18518,31414,15174,16240,17949,8529,9420,4488,2150,2338,
67335,17954,8684,9270,31416,15070,16346,35904,17386,18518,31416,15174,16242,17951,8530,9421,4488,2150,2338,
67340,17955,8684,9271,31420,15072,16348,35908,17388,18520,31418,15174,16244,17953,8530,9423,4488,2150,2338,
67345,17956,8684,9272,31423,15074,16349,35911,17388,18523,31421,15174,16247,17953,8530,9423,4489,2151,2338,
67350,17958,8685,9273,31423,15074,16349,35912,17389,18523,31423,15175,16248,17955,8531,9424,4489,2151,2338,
67355,17959,8685,9274,31427,15075,16352,35916,17390,18526,31425,15177,16248,17957,8531,9426,4489,2151,2338,
67360,17960,8685,9275,31430,15077,16353,35919,17392,18527,31428,15178,16250,17957,8531,9426,4490,2151,2339,
67365,17962,8686,9276,31430,15077,16353,35920,17393,18527,31430,15180,16250,17959,8532,9427,4490,2151,2339,
67370,17963,8687,9276,31434,15078,16356,35924,17396,18528,31432,15180,16252,17961,8532,9429,4490,2151,2339,
67375,17964,8688,9276,31437,15081,16356,35927,17398,18529,31435,15181,16254,17961,8532,9429,4491,2152,2339,
67380,17966,8689,9277,31437,15081,16356,35928,17398,18530,31437,15182,16255,17963,8533,9430,4491,2152,2339,
67385,17967,8690,9277,31441,15081,16360,35932,17400,18532,31439,15183,16256,17965,8535,9430,4491,2152,2339,
67390,17968,8690,9278,31444,15081,16363,35935,17401,18534,31442,15186,16256,17965,8535,9430,4492,2153,2339,
67395,17970,8692,9278,31444,15081,16363,35936,17401,18535,31444,15188,16256,17967,8536,9431,4492,2153,2339,
67400,17971,8692,9279,31448,15084,16364,35940,17403,18537,31446,15190,16256,17969,8536,9433,4492,2153,2339,
67405,17972,8693,9279,31451,15085,16366,35943,17404,18539,31449,15191,16258,17969,8536,9433,4493,2154,2339,
67410,17974,8694,9280,31451,15085,16366,35944,17405,18539,31451,15192,16259,17971,8536,9435,4493,2154,2339,
67415,17975,8694,9281,31455,15086,16369,35948,17408,18540,31453,15192,16261,17973,8538,9435,4493,2154,2339,
67420,17976,8695,9281,31458,15086,16372,35951,17410,18541,31456,15194,16262,17973,8538,9435,4494,2155,2339,
67425,17978,8696,9282,31458,15086,16372,35952,17410,18542,31458,15195,16263,17975,8538,9437,4494,2155,2339,
67430,17979,8696,9283,31462,15089,16373,35956,17413,18543,31460,15197,16263,17977,8539,9438,4494,2155,2339,
67435,17980,8696,9284,31465,15090,16375,35959,17415,18544,31463,15199,16264,17977,8539,9438,4495,2156,2339,
67440,17982,8698,9284,31465,15090,16375,35960,17415,18545,31465,15200,16265,17979,8540,9439,4495,2156,2339,
67445,17983,8698,9285,31469,15092,16377,35964,17416,18548,31467,15202,16265,17981,8540,9441,4495,2156,2339,
67450,17984,8699,9285,31472,15093,16379,35967,17419,18548,31470,15204,16266,17981,8540,9441,4496,2157,2339,
67455,17986,8700,9286,31472,15093,16379,35968,17419,18549,31472,15205,16267,17983,8540,9443,4496,2157,2339,
67460,17987,8701,9286,31476,15093,16383,35972,17421,18551,31474,15206,16268,17985,8541,9444,4496,2157,2339,
67465,17988,8702,9286,31479,15096,16383,35975,17423,18552,31477,15208,16269,17985,8541,9444,4497,2158,2339,
67470,17990,8704,9286,31479,15096,16383,35976,17423,18553,31479,15209,16270,17987,8542,9445,4497,2158,2339,
67475,17991,8705,9286,31483,15099,16384,35980,17425,18555,31481,15210,16271,17989,8543,9446,4497,2158,2339,
67480,17992,8706,9286,31486,15100,16386,35983,17426,18557,31484,15211,16273,17989,8543,9446,4498,2158,2340,
67485,17994,8708,9286,31486,15100,16386,35984,17426,18558,31486,15212,16274,17991,8544,9447,4498,2158,2340,
67490,17995,8709,9286,31490,15101,16389,35988,17429,18559,31488,15213,16275,17993,8546,9447,4498,2158,2340,
67495,17996,8710,9286,31493,15103,16390,35991,17430,18561,31491,15215,16276,17993,8546,9447,4499,2159,2340,
67500,17998,8710,9288,31493,15103,16390,35992,17431,18561,31493,15215,16278,17995,8547,9448,4499,2159,2340,
67505,17999,8711,9288,31497,15104,16393,35996,17434,18562,31495,15217,16278,17997,8548,9449,4499,2159,2340,
67510,18000,8712,9288,31500,15105,16395,35999,17436,18563,31498,15219,16279,17997,8548,9449,4500,2159,2341,
67515,18002,8713,9289,31500,15105,16395,36000,17437,18563,31500,15221,16279,17999,8549,9450,4500,2159,2341,
67520,18003,8714,9289,31504,15106,16398,36004,17437,18567,31502,15221,16281,18001,8550,9451,4500,2159,2341,
67525,18004,8714,9290,31507,15108,16399,36007,17440,18567,31505,15222,16283,18001,8550,9451,4501,2160,2341,
67530,18006,8716,9290,31507,15108,16399,36008,17440,18568,31507,15223,16284,18003,8552,9451,4501,2160,2341,
67535,18007,8717,9290,31511,15108,16403,36012,17441,18571,31509,15224,16285,18005,8554,9451,4501,2160,2341,
67540,18008,8718,9290,31514,15111,16403,36015,17442,18573,31512,15225,16287,18005,8554,9451,4502,2160,2342,
67545,18010,8719,9291,31514,15111,16403,36016,17442,18574,31514,15225,16289,18007,8555,9452,4502,2160,2342,
67550,18011,8720,9291,31518,15111,16407,36020,17443,18577,31516,15226,16290,18009,8556,9453,4502,2160,2342,
67555,18012,8721,9291,31521,15112,16409,36023,17443,18580,31519,15227,16292,18009,8556,9453,4503,2160,2343,
67560,18014,8723,9291,31521,15112,16409,36024,17444,18580,31521,15227,16294,18011,8557,9454,4503,2160,2343,
67565,18015,8723,9292,31525,15114,16411,36028,17445,18583,31523,15229,16294,18013,8558,9455,4503,2160,2343,
67570,18016,8723,9293,31528,15117,16411,36031,17446,18585,31526,15230,16296,18013,8558,9455,4504,2160,2344,
67575,18018,8724,9294,31528,15117,16411,36032,17447,18585,31528,15231,16297,18015,8558,9457,4504,2160,2344,
67580,18019,8725,9294,31532,15119,16413,36036,17449,18587,31530,15232,16298,18017,8558,9459,4504,2160,2344,
67585,18020,8726,9294,31535,15121,16414,36039,17452,18587,31533,15233,16300,18017,8558,9459,4505,2160,2345,
67590,18022,8727,9295,31535,15121,16414,36040,17452,18588,31535,15234,16301,18019,8560,9459,4505,2160,2345,
67595,18023,8728,9295,31539,15123,16416,36044,17455,18589,31537,15235,16302,18021,8561,9460,4505,2160,2345,
67600,18024,8728,9296,31542,15123,16419,36047,17457,18590,31540,15235,16305,18021,8561,9460,4506,2160,2346,
67605,18026,8730,9296,31542,15123,16419,36048,17458,18590,31542,15235,16307,18023,8563,9460,4506,2160,2346,
67610,18027,8731,9296,31546,15127,16419,36052,17461,18591,31544,15235,16309,18025,8564,9461,4506,2160,2346,
67615,18028,8731,9297,31549,15129,16420,36055,17462,18593,31547,15237,16310,18025,8564,9461,4507,2160,2347,
67620,18030,8732,9298,31549,15129,16420,36056,17463,18593,31549,15237,16312,18027,8565,9462,4507,2160,2347,
67625,18031,8732,9299,31553,15131,16422,36060,17465,18595,31551,15239,16312,18029,8567,9462,4507,2160,2347,
67630,18032,8732,9300,31556,15132,16424,36063,17468,18595,31554,15241,16313,18029,8567,9462,4508,2160,2348,
67635,18034,8732,9302,31556,15132,16424,36064,17468,18596,31556,15242,16314,18031,8568,9463,4508,2160,2348,
67640,18035,8733,9302,31560,15133,16427,36068,17471,18597,31558,15242,16316,18033,8569,9464,4508,2160,2348,
67645,18036,8733,9303,31563,15135,16428,36071,17471,18600,31561,15244,16317,18033,8569,9464,4509,2160,2349,
67650,18038,8735,9303,31563,15135,16428,36072,17471,18601,31563,15245,16318,18035,8569,9466,4509,2160,2349,
67655,18039,8735,9304,31567,15137,16430,36076,17473,18603,31565,15245,16320,18037,8570,9467,4509,2160,2349,
67660,18040,8736,9304,31570,15138,16432,36079,17475,18604,31568,15246,16322,18037,8570,9467,4510,2161,2349,
67665,18042,8737,9305,31570,15138,16432,36080,17476,18604,31570,15248,16322,18039,8571,9468,4510,2161,2349,
67670,18043,8738,9305,31574,15139,16435,36084,17479,18605,31572,15248,16324,18041,8573,9468,4510,2161,2349,
67675,18044,8738,9306,31577,15141,16436,36087,17480,18607,31575,15249,16326,18041,8573,9468,4511,2161,2350,
67680,18046,8739,9307,31577,15141,16436,36088,17480,18608,31577,15250,16327,18043,8574,9469,4511,2161,2350,
67685,18047,8740,9307,31581,15142,16439,36092,17483,18609,31579,15251,16328,18045,8575,9470,4511,2161,2350,
67690,18048,8741,9307,31584,15142,16442,36095,17485,18610,31582,15252,16330,18045,8575,9470,4512,2162,2350,
67695,18050,8741,9309,31584,15142,16442,36096,17485,18611,31584,15254,16330,18047,8576,9471,4512,2162,2350,
67700,18051,8741,9310,31588,15145,16443,36100,17486,18614,31586,15254,16332,18049,8576,9473,4512,2162,2350,
67705,18052,8741,9311,31591,15147,16444,36103,17487,18616,31589,15256,16333,18049,8576,9473,4513,2162,2351,
67710,18054,8742,9312,31591,15147,16444,36104,17488,18616,31591,15256,16335,18051,8576,9475,4513,2162,2351,
67715,18055,8743,9312,31595,15148,16447,36108,17489,18619,31593,15257,16336,18053,8578,9475,4513,2162,2351,
67720,18056,8743,9313,31598,15150,16448,36111,17491,18620,31596,15259,16337,18053,8578,9475,4514,2162,2352,
67725,18058,8745,9313,31598,15150,16448,36112,17491,18621,31598,15260,16338,18055,8579,9476,4514,2162,2352,
67730,18059,8745,9314,31602,15151,16451,36116,17492,18624,31600,15260,16340,18057,8581,9476,4514,2162,2352,
67735,18060,8746,9314,31605,15153,16452,36119,17495,18624,31603,15262,16341,18057,8581,9476,4515,2162,2353,
67740,18062,8747,9315,31605,15153,16452,36120,17496,18624,31605,15262,16343,18059,8581,9478,4515,2162,2353,
67745,18063,8748,9315,31609,15155,16454,36124,17497,18627,31607,15264,16343,18061,8583,9478,4515,2162,2353,
67750,18064,8749,9315,31612,15156,16456,36127,17498,18629,31610,15265,16345,18061,8583,9478,4516,2162,2354,
67755,18066,8749,9317,31612,15156,16456,36128,17498,18630,31612,15266,16346,18063,8584,9479,4516,2162,2354,
67760,18067,8750,9317,31616,15157,16459,36132,17498,18634,31614,15268,16346,18065,8586,9479,4516,2162,2354,
67765,18068,8751,9317,31619,15159,16460,36135,17501,18634,31617,15270,16347,18065,8586,9479,4517,2162,2355,
67770,18070,8751,9319,31619,15159,16460,36136,17502,18634,31619,15271,16348,18067,8588,9479,4517,2162,2355,
67775,18071,8751,9320,31623,15159,16464,36140,17505,18635,31621,15271,16350,18069,8588,9481,4517,2162,2355,
67780,18072,8751,9321,31626,15160,16466,36143,17508,18635,31624,15272,16352,18069,8588,9481,4518,2163,2355,
67785,18074,8752,9322,31626,15160,16466,36144,17508,18636,31626,15274,16352,18071,8589,9482,4518,2163,2355,
67790,18075,8753,9322,31630,15162,16468,36148,17511,18637,31628,15276,16352,18073,8591,9482,4518,2163,2355,
67795,18076,8753,9323,31633,15163,16470,36151,17512,18639,31631,15278,16353,18073,8591,9482,4519,2164,2355,
67800,18078,8754,9324,31633,15163,16470,36152,17513,18639,31633,15278,16355,18075,8593,9482,4519,2164,2355,
67805,18079,8755,9324,31637,15164,16473,36156,17514,18642,31635,15279,16356,18077,8595,9482,4519,2164,2355,
67810,18080,8755,9325,31640,15165,16475,36159,17514,18645,31638,15279,16359,18077,8595,9482,4520,2164,2356,
67815,18082,8756,9326,31640,15165,16475,36160,17514,18646,31640,15280,16360,18079,8597,9482,4520,2164,2356,
67820,18083,8756,9327,31644,15168,16476,36164,17516,18648,31642,15281,16361,18081,8599,9482,4520,2164,2356,
67825,18084,8757,9327,31647,15169,16478,36167,17517,18650,31645,15284,16361,18081,8599,9482,4521,2164,2357,
67830,18086,8757,9329,31647,15169,16478,36168,17517,18651,31647,15284,16363,18083,8600,9483,4521,2164,2357,
67835,18087,8758,9329,31651,15170,16481,36172,17519,18653,31649,15284,16365,18085,8601,9484,4521,2164,2357,
67840,18088,8758,9330,31654,15171,16483,36175,17520,18655,31652,15284,16368,18085,8601,9484,4522,2164,2358,
67845,18090,8759,9331,31654,15171,16483,36176,17521,18655,31654,15284,16370,18087,8602,9485,4522,2164,2358,
67850,18091,8760,9331,31658,15174,16484,36180,17522,18658,31656,15284,16372,18089,8604,9485,4522,2164,2358,
67855,18092,8760,9332,31661,15177,16484,36183,17524,18659,31659,15285,16374,18089,8604,9485,4523,2165,2358,
67860,18094,8761,9333,31661,15177,16484,36184,17524,18660,31661,15287,16374,18091,8605,9486,4523,2165,2358,
67865,18095,8761,9334,31665,15179,16486,36188,17524,18664,31663,15289,16374,18093,8606,9487,4523,2165,2358,
67870,18096,8761,9335,31668,15182,16486,36191,17525,18666,31666,15291,16375,18093,8606,9487,4524,2165,2359,
67875,18098,8763,9335,31668,15182,16486,36192,17525,18667,31668,15292,16376,18095,8606,9489,4524,2165,2359,
67880,18099,8763,9336,31672,15183,16489,36196,17525,18671,31670,15292,16378,18097,8607,9490,4524,2165,2359,
67885,18100,8763,9337,31675,15184,16491,36199,17526,18673,31673,15295,16378,18097,8607,9490,4525,2166,2359,
67890,18102,8763,9339,31675,15184,16491,36200,17526,18674,31675,15296,16379,18099,8607,9492,4525,2166,2359,
67895,18103,8764,9339,31679,15186,16493,36204,17527,18677,31677,15296,16381,18101,8607,9494,4525,2166,2359,
67900,18104,8764,9340,31682,15189,16493,36207,17528,18679,31680,15297,16383,18101,8607,9494,4526,2167,2359,
67905,18106,8764,9342,31682,15189,16493,36208,17529,18679,31682,15298,16384,18103,8607,9496,4526,2167,2359,
67910,18107,8765,9342,31686,15190,16496,36212,17531,18681,31684,15300,16384,18105,8607,9498,4526,2167,2359,
67915,18108,8765,9343,31689,15190,16499,36215,17532,18683,31687,15301,16386,18105,8607,9498,4527,2167,2360,
67920,18110,8765,9345,31689,15190,16499,36216,17532,18684,31689,15302,16387,18107,8608,9499,4527,2167,2360,
67925,18111,8766,9345,31693,15193,16500,36220,17535,18685,31691,15302,16389,18109,8610,9499,4527,2167,2360,
67930,18112,8766,9346,31696,15194,16502,36223,17536,18687,31694,15304,16390,18109,8610,9499,4528,2167,2361,
67935,18114,8768,9346,31696,15194,16502,36224,17537,18687,31696,15305,16391,18111,8611,9500,4528,2167,2361,
67940,18115,8768,9347,31700,15195,16505,36228,17539,18689,31698,15306,16392,18113,8612,9501,4528,2167,2361,
67945,18116,8768,9348,31703,15197,16506,36231,17542,18689,31701,15308,16393,18113,8612,9501,4529,2168,2361,
67950,18118,8768,9350,31703,15197,16506,36232,17542,18690,31703,15309,16394,18115,8612,9503,4529,2168,2361,
67955,18119,8768,9351,31707,15199,16508,36236,17544,18692,31705,15311,16394,18117,8613,9504,4529,2168,2361,
67960,18120,8768,9352,31710,15201,16509,36239,17547,18692,31708,15313,16395,18117,8613,9504,4530,2169,2361,
67965,18122,8769,9353,31710,15201,16509,36240,17548,18692,31710,15314,16396,18119,8615,9504,4530,2169,2361,
67970,18123,8769,9354,31714,15203,16511,36244,17551,18693,31712,15315,16397,18121,8616,9505,4530,2169,2361,
67975,18124,8770,9354,31717,15203,16514,36247,17551,18696,31715,15316,16399,18121,8616,9505,4531,2170,2361,
67980,18126,8772,9354,31717,15203,16514,36248,17551,18697,31717,15317,16400,18123,8616,9507,4531,2170,2361,
67985,18127,8773,9354,31721,15206,16515,36252,17553,18699,31719,15319,16400,18125,8617,9508,4531,2170,2361,
67990,18128,8773,9355,31724,15207,16517,36255,17554,18701,31722,15321,16401,18125,8617,9508,4532,2170,2362,
67995,18130,8774,9356,31724,15207,16517,36256,17555,18701,31724,15321,16403,18127,8617,9510,4532,2170,2362,
68000,18131,8774,9357,31728,15210,16518,36260,17556,18704,31726,15322,16404,18129,8617,9512,4532,2170,2362,
68005,18132,8774,9358,31731,15211,16520,36263,17557,18706,31729,15323,16406,18129,8617,9512,4533,2170,2363,
68010,18134,8775,9359,31731,15211,16520,36264,17557,18707,31731,15323,16408,18131,8618,9513,4533,2170,2363,
68015,18135,8775,9360,31735,15212,16523,36268,17558,18710,31733,15323,16410,18133,8619,9514,4533,2170,2363,
68020,18136,8776,9360,31738,15213,16525,36271,17559,18712,31736,15325,16411,18133,8619,9514,4534,2170,2364,
68025,18138,8777,9361,31738,15213,16525,36272,17559,18713,31738,15326,16412,18135,8620,9515,4534,2170,2364,
68030,18139,8777,9362,31742,15214,16528,36276,17562,18714,31740,15326,16414,18137,8621,9516,4534,2170,2364,
68035,18140,8778,9362,31745,15216,16529,36279,17563,18716,31743,15328,16415,18137,8621,9516,4535,2170,2365,
68040,18142,8778,9364,31745,15216,16529,36280,17564,18716,31745,15330,16415,18139,8621,9518,4535,2170,2365,
68045,18143,8778,9365,31749,15218,16531,36284,17566,18718,31747,15332,16415,18141,8622,9519,4535,2170,2365,
68050,18144,8778,9366,31752,15218,16534,36287,17567,18720,31750,15333,16417,18141,8622,9519,4536,2170,2366,
68055,18146,8779,9367,31752,15218,16534,36288,17567,18721,31752,15335,16417,18143,8622,9521,4536,2170,2366,
68060,18147,8779,9368,31756,15219,16537,36292,17568,18724,31754,15337,16417,18145,8623,9522,4536,2170,2366,
68065,18148,8779,9369,31759,15220,16539,36295,17568,18727,31757,15338,16419,18145,8623,9522,4537,2171,2366,
68070,18150,8781,9369,31759,15220,16539,36296,17568,18728,31759,15340,16419,18147,8624,9523,4537,2171,2366,
68075,18151,8781,9370,31763,15223,16540,36300,17570,18730,31761,15341,16420,18149,8626,9523,4537,2171,2366,
68080,18152,8782,9370,31766,15225,16541,36303,17572,18731,31764,15341,16423,18149,8626,9523,4538,2171,2367,
68085,18154,8784,9370,31766,15225,16541,36304,17573,18731,31766,15343,16423,18151,8627,9524,4538,2171,2367,
68090,18155,8785,9370,31770,15227,16543,36308,17576,18732,31768,15343,16425,18153,8629,9524,4538,2171,2367,
68095,18156,8786,9370,31773,15229,16544,36311,17578,18733,31771,15343,16428,18153,8629,9524,4539,2171,2368,
68100,18158,8787,9371,31773,15229,16544,36312,17579,18733,31773,15344,16429,18155,8631,9524,4539,2171,2368,
68105,18159,8788,9371,31777,15229,16548,36316,17582,18734,31775,15344,16431,18157,8632,9525,4539,2171,2368,
68110,18160,8789,9371,31780,15231,16549,36319,17583,18736,31778,15344,16434,18157,8632,9525,4540,2172,2368,
68115,18162,8790,9372,31780,15231,16549,36320,17584,18736,31780,15346,16434,18159,8632,9527,4540,2172,2368,
68120,18163,8791,9372,31784,15234,16550,36324,17586,18738,31782,15346,16436,18161,8632,9529,4540,2172,2368,
68125,18164,8791,9373,31787,15235,16552,36327,17589,18738,31785,15348,16437,18161,8632,9529,4541,2172,2369,
68130,18166,8792,9374,31787,15235,16552,36328,17589,18739,31787,15348,16439,18163,8633,9530,4541,2172,2369,
68135,18167,8792,9375,31791,15236,16555,36332,17589,18743,31789,15349,16440,18165,8633,9532,4541,2172,2369,
68140,18168,8793,9375,31794,15238,16556,36335,17591,18744,31792,15350,16442,18165,8633,9532,4542,2173,2369,
68145,18170,8793,9377,31794,15238,16556,36336,17592,18744,31794,15351,16443,18167,8634,9533,4542,2173,2369,
68150,18171,8793,9378,31798,15240,16558,36340,17594,18746,31796,15351,16445,18169,8636,9533,4542,2173,2369,
68155,18172,8793,9379,31801,15241,16560,36343,17594,18749,31799,15354,16445,18169,8636,9533,4543,2173,2370,
68160,18174,8795,9379,31801,15241,16560,36344,17594,18750,31801,15355,16446,18171,8636,9535,4543,2173,2370,
68165,18175,8796,9379,31805,15242,16563,36348,17597,18751,31803,15355,16448,18173,8636,9537,4543,2173,2370,
68170,18176,8797,9379,31808,15243,16565,36351,17598,18753,31806,15358,16448,18173,8636,9537,4544,2174,2370,
68175,18178,8797,9381,31808,15243,16565,36352,17598,18754,31808,15359,16449,18175,8638,9537,4544,2174,2370,
68180,18179,8798,9381,31812,15245,16567,36356,17601,18755,31810,15361,16449,18177,8639,9538,4544,2174,2370,
68185,18180,8799,9381,31815,15247,16568,36359,17604,18755,31813,15364,16449,18177,8639,9538,4545,2174,2371,
68190,18182,8800,9382,31815,15247,16568,36360,17604,18756,31815,15366,16449,18179,8641,9538,4545,2174,2371,
68195,18183,8800,9383,31819,15247,16572,36364,17605,18759,31817,15366,16451,18181,8641,9540,4545,2174,2371,
68200,18184,8800,9384,31822,15247,16575,36367,17606,18761,31820,15368,16452,18181,8641,9540,4546,2174,2372,
68205,18186,8801,9385,31822,15247,16575,36368,17607,18761,31822,15368,16454,18183,8643,9540,4546,2174,2372,
68210,18187,8801,9386,31826,15250,16576,36372,17609,18763,31824,15368,16456,18185,8643,9542,4546,2174,2372,
68215,18188,8801,9387,31829,15253,16576,36375,17609,18766,31827,15369,16458,18185,8643,9542,4547,2174,2373,
68220,18190,8802,9388,31829,15253,16576,36376,17609,18767,31829,15370,16459,18187,8645,9542,4547,2174,2373,
68225,18191,8803,9388,31833,15256,16577,36380,17611,18769,31831,15370,16461,18189,8646,9543,4547,2174,2373,
68230,18192,8803,9389,31836,15258,16578,36383,17613,18770,31834,15372,16462,18189,8646,9543,4548,2174,2374,
68235,18194,8804,9390,31836,15258,16578,36384,17613,18771,31836,15372,16464,18191,8646,9545,4548,2174,2374,
68240,18195,8805,9390,31840,15260,16580,36388,17615,18773,31838,15373,16465,18193,8648,9545,4548,2174,2374,
68245,18196,8806,9390,31843,15262,16581,36391,17617,18774,31841,15374,16467,18193,8648,9545,4549,2175,2374,
68250,18198,8806,9392,31843,15262,16581,36392,17617,18775,31843,15376,16467,18195,8649,9546,4549,2175,2374,
68255,18199,8806,9393,31847,15264,16583,36396,17619,18777,31845,15377,16468,18197,8649,9548,4549,2175,2374,
68260,18200,8806,9394,31850,15265,16585,36399,17620,18779,31848,15379,16469,18197,8649,9548,4550,2175,2375,
68265,18202,8807,9395,31850,15265,16585,36400,17621,18779,31850,15381,16469,18199,8649,9550,4550,2175,2375,
68270,18203,8808,9395,31854,15266,16588,36404,17621,18783,31852,15382,16470,18201,8651,9550,4550,2175,2375,
68275,18204,8808,9396,31857,15267,16590,36407,17622,18785,31855,15384,16471,18201,8651,9550,4551,2175,2376,
68280,18206,8808,9398,31857,15267,16590,36408,17623,18785,31857,15384,16473,18203,8651,9552,4551,2175,2376,
68285,18207,8809,9398,31861,15268,16593,36412,17625,18787,31859,15386,16473,18205,8652,9553,4551,2175,2376,
68290,18208,8809,9399,31864,15271,16593,36415,17626,18789,31862,15388,16474,18205,8652,9553,4552,2176,2376,
68295,18210,8809,9401,31864,15271,16593,36416,17627,18789,31864,15390,16474,18207,8654,9553,4552,2176,2376,
68300,18211,8809,9402,31868,15273,16595,36420,17630,18790,31866,15391,16475,18209,8654,9555,4552,2176,2376,
68305,18212,8810,9402,31871,15274,16597,36423,17632,18791,31869,15391,16478,18209,8654,9555,4553,2176,2377,
68310,18214,8811,9403,31871,15274,16597,36424,17632,18792,31871,15392,16479,18211,8654,9557,4553,2176,2377,
68315,18215,8811,9404,31875,15275,16600,36428,17634,18794,31873,15392,16481,18213,8656,9557,4553,2176,2377,
68320,18216,8812,9404,31878,15276,16602,36431,17635,18796,31876,15394,16482,18213,8656,9557,4554,2176,2378,
68325,18218,8813,9405,31878,15276,16602,36432,17636,18796,31878,15394,16484,18215,8657,9558,4554,2176,2378,
68330,18219,8814,9405,31882,15278,16604,36436,17637,18799,31880,15395,16485,18217,8658,9559,4554,2176,2378,
68335,18220,8815,9405,31885,15278,16607,36439,17639,18800,31883,15395,16488,18217,8658,9559,4555,2177,2378,
68340,18222,8815,9407,31885,15278,16607,36440,17639,18801,31885,15395,16490,18219,8659,9560,4555,2177,2378,
68345,18223,8815,9408,31889,15279,16610,36444,17640,18804,31887,15396,16491,18221,8660,9561,4555,2177,2378,
68350,18224,8816,9408,31892,15280,16612,36447,17641,18806,31890,15398,16492,18221,8660,9561,4556,2178,2378,
68355,18226,8817,9409,31892,15280,16612,36448,17641,18807,31892,15400,16492,18223,8662,9561,4556,2178,2378,
68360,18227,8818,9409,31896,15282,16614,36452,17643,18809,31894,15401,16493,18225,8664,9561,4556,2178,2378,
68365,18228,8819,9409,31899,15285,16614,36455,17644,18811,31897,15401,16496,18225,8664,9561,4557,2179,2378,
68370,18230,8820,9410,31899,15285,16614,36456,17645,18811,31899,15402,16497,18227,8665,9562,4557,2179,2378,
68375,18231,8821,9410,31903,15288,16615,36460,17646,18814,31901,15404,16497,18229,8665,9564,4557,2179,2378,
68380,18232,8822,9410,31906,15288,16618,36463,17648,18815,31904,15406,16498,18229,8665,9564,4558,2179,2379,
68385,18234,8822,9412,31906,15288,16618,36464,17648,18816,31906,15406,16500,18231,8666,9565,4558,2179,2379,
68390,18235,8823,9412,31910,15290,16620,36468,17650,18818,31908,15407,16501,18233,8667,9566,4558,2179,2379,
68395,18236,8823,9413,31913,15291,16622,36471,17651,18820,31911,15408,16503,18233,8667,9566,4559,2179,2380,
68400,18238,8824,9414,31913,15291,16622,36472,17651,18821,31913,15408,16505,18235,8668,9567,4559,2179,2380,
68405,18239,8824,9415,31917,15293,16624,36476,17654,18822,31915,15409,16506,18237,8668,9569,4559,2179,2380,
68410,18240,8825,9415,31920,15294,16626,36479,17657,18822,31918,15409,16509,18237,8668,9569,4560,2180,2380,
68415,18242,8826,9416,31920,15294,16626,36480,17657,18823,31920,15410,16510,18239,8668,9571,4560,2180,2380,
68420,18243,8827,9416,31924,15295,16629,36484,17658,18826,31922,15411,16511,18241,8669,9572,4560,2180,2380,
68425,18244,8828,9416,31927,15297,16630,36487,17659,18828,31925,15413,16512,18241,8669,9572,4561,2180,2381,
68430,18246,8829,9417,31927,15297,16630,36488,17660,18828,31927,15414,16513,18243,8669,9574,4561,2180,2381,
68435,18247,8830,9417,31931,15299,16632,36492,17664,18828,31929,15415,16514,18245,8670,9575,4561,2180,2381,
68440,18248,8830,9418,31934,15302,16632,36495,17667,18828,31932,15417,16515,18245,8670,9575,4562,2180,2382,
68445,18250,8831,9419,31934,15302,16632,36496,17668,18828,31934,15419,16515,18247,8671,9576,4562,2180,2382,
68450,18251,8831,9420,31938,15303,16635,36500,17670,18830,31936,15419,16517,18249,8671,9578,4562,2180,2382,
68455,18252,8832,9420,31941,15303,16638,36503,17671,18832,31939,15420,16519,18249,8671,9578,4563,2180,2383,
68460,18254,8834,9420,31941,15303,16638,36504,17671,18833,31941,15421,16520,18251,8673,9578,4563,2180,2383,
68465,18255,8835,9420,31945,15304,16641,36508,17674,18834,31943,15423,16520,18253,8674,9579,4563,2180,2383,
68470,18256,8835,9421,31948,15305,16643,36511,17676,18835,31946,15424,16522,18253,8674,9579,4564,2181,2383,
68475,18258,8837,9421,31948,15305,16643,36512,17677,18835,31948,15425,16523,18255,8676,9579,4564,2181,2383,
68480,18259,8838,9421,31952,15306,16646,36516,17681,18835,31950,15425,16525,18257,8677,9580,4564,2181,2383,
68485,18260,8838,9422,31955,15308,16647,36519,17683,18836,31953,15425,16528,18257,8677,9580,4565,2181,2384,
68490,18262,8838,9424,31955,15308,16647,36520,17683,18837,31955,15426,16529,18259,8678,9581,4565,2181,2384,
68495,18263,8839,9424,31959,15310,16649,36524,17683,18841,31957,15428,16529,18261,8678,9583,4565,2181,2384,
68500,18264,8839,9425,31962,15310,16652,36527,17684,18843,31960,15428,16532,18261,8678,9583,4566,2181,2385,
68505,18266,8840,9426,31962,15310,16652,36528,17684,18844,31962,15429,16533,18263,8679,9584,4566,2181,2385,
68510,18267,8841,9426,31966,15312,16654,36532,17686,18846,31964,15431,16533,18265,8679,9586,4566,2181,2385,
68515,18268,8842,9426,31969,15313,16656,36535,17686,18849,31967,15433,16534,18265,8679,9586,4567,2182,2385,
68520,18270,8843,9427,31969,15313,16656,36536,17686,18850,31969,15433,16536,18267,8680,9587,4567,2182,2385,
68525,18271,8843,9428,31973,15313,16660,36540,17686,18854,31971,15434,16537,18269,8681,9588,4567,2182,2385,
68530,18272,8843,9429,31976,15314,16662,36543,17687,18856,31974,15437,16537,18269,8681,9588,4568,2183,2385,
68535,18274,8844,9430,31976,15314,16662,36544,17688,18856,31976,15439,16537,18271,8681,9590,4568,2183,2385,
68540,18275,8845,9430,31980,15317,16663,36548,17691,18857,31978,15441,16537,18273,8682,9591,4568,2183,2385,
68545,18276,8845,9431,31983,15318,16665,36551,17691,18860,31981,15443,16538,18273,8682,9591,4569,2184,2385,
68550,18278,8846,9432,31983,15318,16665,36552,17692,18860,31983,15445,16538,18275,8682,9593,4569,2184,2385,
68555,18279,8846,9433,31987,15319,16668,36556,17695,18861,31985,15445,16540,18277,8683,9594,4569,2184,2385,
68560,18280,8847,9433,31990,15321,16669,36559,17696,18863,31988,15447,16541,18277,8683,9594,4570,2184,2386,
68565,18282,8848,9434,31990,15321,16669,36560,17696,18864,31990,15448,16542,18279,8683,9596,4570,2184,2386,
68570,18283,8849,9434,31994,15322,16672,36564,17698,18866,31992,15449,16543,18281,8683,9598,4570,2184,2386,
68575,18284,8849,9435,31997,15323,16674,36567,17699,18868,31995,15451,16544,18281,8683,9598,4571,2184,2387,
68580,18286,8850,9436,31997,15323,16674,36568,17699,18869,31997,15452,16545,18283,8684,9599,4571,2184,2387,
68585,18287,8851,9436,32001,15326,16675,36572,17700,18872,31999,15453,16546,18285,8686,9599,4571,2184,2387,
68590,18288,8852,9436,32004,15328,16676,36575,17702,18873,32002,15455,16547,18285,8686,9599,4572,2184,2388,
68595,18290,8854,9436,32004,15328,16676,36576,17703,18873,32004,15457,16547,18287,8687,9600,4572,2184,2388,
68600,18291,8855,9436,32008,15330,16678,36580,17705,18875,32006,15459,16547,18289,8687,9602,4572,2184,2388,
68605,18292,8855,9437,32011,15332,16679,36583,17706,18877,32009,15460,16549,18289,8687,9602,4573,2184,2389,
68610,18294,8856,9438,32011,15332,16679,36584,17706,18878,32011,15461,16550,18291,8688,9603,4573,2184,2389,
68615,18295,8856,9439,32015,15334,16681,36588,17710,18878,32013,15463,16550,18293,8689,9604,4573,2184,2389,
68620,18296,8856,9440,32018,15334,16684,36591,17711,18880,32016,15465,16551,18293,8689,9604,4574,2184,2390,
68625,18298,8856,9442,32018,15334,16684,36592,17712,18880,32018,15467,16551,18295,8690,9605,4574,2184,2390,
68630,18299,8856,9443,32022,15336,16686,36596,17712,18884,32020,15468,16552,18297,8691,9606,4574,2184,2390,
68635,18300,8857,9443,32025,15337,16688,36599,17715,18884,32023,15470,16553,18297,8691,9606,4575,2184,2391,
68640,18302,8858,9444,32025,15337,16688,36600,17715,18885,32025,15471,16554,18299,8692,9607,4575,2184,2391,
68645,18303,8858,9445,32029,15340,16689,36604,17717,18887,32027,15472,16555,18301,8692,9609,4575,2184,2391,
68650,18304,8858,9446,32032,15340,16692,36607,17718,18889,32030,15474,16556,18301,8692,9609,4576,2184,2392,
68655,18306,8858,9448,32032,15340,16692,36608,17718,18890,32032,15474,16558,18303,8694,9609,4576,2184,2392,
68660,18307,8859,9448,32036,15342,16694,36612,17719,18893,32034,15474,16560,18305,8695,9610,4576,2184,2392,
68665,18308,8859,9449,32039,15345,16694,36615,17720,18895,32037,15474,16563,18305,8695,9610,4577,2184,2393,
68670,18310,8861,9449,32039,15345,16694,36616,17721,18895,32039,15476,16563,18307,8696,9611,4577,2184,2393,
68675,18311,8862,9449,32043,15346,16697,36620,17722,18898,32041,15477,16564,18309,8697,9612,4577,2184,2393,
68680,18312,8863,9449,32046,15347,16699,36623,17723,18900,32044,15479,16565,18309,8697,9612,4578,2185,2393,
68685,18314,8864,9450,32046,15347,16699,36624,17724,18900,32046,15480,16566,18311,8697,9614,4578,2185,2393,
68690,18315,8864,9451,32050,15349,16701,36628,17726,18902,32048,15481,16567,18313,8697,9616,4578,2185,2393,
68695,18316,8864,9452,32053,15351,16702,36631,17729,18902,32051,15483,16568,18313,8697,9616,4579,2186,2393,
68700,18318,8864,9454,32053,15351,16702,36632,17729,18903,32053,15484,16569,18315,8698,9617,4579,2186,2393,
68705,18319,8865,9454,32057,15353,16704,36636,17729,18907,32055,15484,16571,18317,8699,9618,4579,2186,2393,
68710,18320,8866,9454,32060,15353,16707,36639,17730,18909,32058,15485,16573,18317,8699,9618,4580,2186,2394,
68715,18322,8868,9454,32060,15353,16707,36640,17731,18909,32060,15486,16574,18319,8700,9619,4580,2186,2394,
68720,18323,8868,9455,32064,15354,16710,36644,17734,18910,32062,15487,16575,18321,8701,9620,4580,2186,2394,
68725,18324,8869,9455,32067,15357,16710,36647,17735,18912,32065,15488,16577,18321,8701,9620,4581,2187,2394,
68730,18326,8869,9457,32067,15357,16710,36648,17736,18912,32067,15490,16577,18323,8702,9621,4581,2187,2394,
68735,18327,8869,9458,32071,15359,16712,36652,17739,18913,32069,15492,16577,18325,8704,9621,4581,2187,2394,
68740,18328,8870,9458,32074,15360,16714,36655,17741,18914,32072,15493,16579,18325,8704,9621,4582,2188,2394,
68745,18330,8872,9458,32074,15360,16714,36656,17741,18915,32074,15495,16579,18327,8706,9621,4582,2188,2394,
68750,18331,8873,9458,32078,15361,16717,36660,17742,18918,32076,15496,16580,18329,8708,9621,4582,2188,2394,
68755,18332,8874,9458,32081,15363,16718,36663,17743,18920,32079,15496,16583,18329,8708,9621,4583,2188,2395,
68760,18334,8874,9460,32081,15363,16718,36664,17744,18920,32081,15496,16585,18331,8709,9622,4583,2188,2395,
68765,18335,8874,9461,32085,15367,16718,36668,17745,18923,32083,15498,16585,18333,8710,9623,4583,2188,2395,
68770,18336,8875,9461,32088,15369,16719,36671,17748,18923,32086,15499,16587,18333,8710,9623,4584,2189,2395,
68775,18338,8877,9461,32088,15369,16719,36672,17749,18923,32088,15500,16588,18335,8710,9625,4584,2189,2395,
68780,18339,8877,9462,32092,15370,16722,36676,17751,18925,32090,15501,16589,18337,8710,9627,4584,2189,2395,
68785,18340,8877,9463,32095,15371,16724,36679,17753,18926,32093,15504,16589,18337,8710,9627,4585,2190,2395,
68790,18342,8879,9463,32095,15371,16724,36680,17754,18926,32095,15505,16590,18339,8712,9627,4585,2190,2395,
68795,18343,8880,9463,32099,15374,16725,36684,17757,18927,32097,15505,16592,18341,8712,9629,4585,2190,2395,
68800,18344,8880,9464,32102,15375,16727,36687,17759,18928,32100,15506,16594,18341,8712,9629,4586,2190,2396,
68805,18346,8881,9465,32102,15375,16727,36688,17759,18929,32102,15507,16595,18343,8713,9630,4586,2190,2396,
68810,18347,8881,9466,32106,15375,16731,36692,17761,18931,32104,15509,16595,18345,8713,9632,4586,2190,2396,
68815,18348,8881,9467,32109,15376,16733,36695,17763,18932,32107,15512,16595,18345,8713,9632,4587,2191,2396,
68820,18350,8882,9468,32109,15376,16733,36696,17764,18932,32109,15513,16596,18347,8713,9634,4587,2191,2396,
68825,18351,8883,9468,32113,15379,16734,36700,17765,18935,32111,15513,16598,18349,8714,9635,4587,2191,2396,
68830,18352,8883,9469,32116,15379,16737,36703,17766,18937,32114,15513,16601,18349,8714,9635,4588,2192,2396,
68835,18354,8884,9470,32116,15379,16737,36704,17767,18937,32116,15515,16601,18351,8715,9636,4588,2192,2396,
68840,18355,8884,9471,32120,15382,16738,36708,17768,18940,32118,15515,16603,18353,8715,9638,4588,2192,2396,
68845,18356,8884,9472,32123,15382,16741,36711,17770,18941,32121,15515,16606,18353,8715,9638,4589,2193,2396,
68850,18358,8885,9473,32123,15382,16741,36712,17770,18942,32123,15516,16607,18355,8715,9640,4589,2193,2396,
68855,18359,8886,9473,32127,15384,16743,36716,17773,18943,32125,15517,16608,18357,8716,9641,4589,2193,2396,
68860,18360,8886,9474,32130,15385,16745,36719,17774,18945,32128,15517,16611,18357,8716,9641,4590,2193,2397,
68865,18362,8886,9476,32130,15385,16745,36720,17775,18945,32130,15517,16613,18359,8718,9641,4590,2193,2397,
68870,18363,8886,9477,32134,15386,16748,36724,17777,18947,32132,15518,16614,18361,8719,9642,4590,2193,2397,
68875,18364,8886,9478,32137,15388,16749,36727,17778,18949,32135,15519,16616,18361,8719,9642,4591,2194,2397,
68880,18366,8887,9479,32137,15388,16749,36728,17779,18949,32137,15520,16617,18363,8719,9644,4591,2194,2397,
68885,18367,8887,9480,32141,15389,16752,36732,17780,18952,32139,15521,16618,18365,8721,9644,4591,2194,2397,
68890,18368,8888,9480,32144,15391,16753,36735,17782,18953,32142,15523,16619,18365,8721,9644,4592,2195,2397,
68895,18370,8888,9482,32144,15391,16753,36736,17782,18954,32144,15524,16620,18367,8722,9645,4592,2195,2397,
68900,18371,8888,9483,32148,15393,16755,36740,17783,18957,32146,15525,16621,18369,8723,9646,4592,2195,2397,
68905,18372,8889,9483,32151,15395,16756,36743,17784,18959,32149,15526,16623,18369,8723,9646,4593,2195,2398,
68910,18374,8889,9485,32151,15395,16756,36744,17784,18960,32151,15526,16625,18371,8723,9648,4593,2195,2398,
68915,18375,8889,9486,32155,15398,16757,36748,17786,18962,32153,15527,16626,18373,8725,9648,4593,2195,2398,
68920,18376,8890,9486,32158,15399,16759,36751,17788,18963,32156,15527,16629,18373,8725,9648,4594,2195,2399,
68925,18378,8891,9487,32158,15399,16759,36752,17788,18964,32158,15528,16630,18375,8725,9650,4594,2195,2399,
68930,18379,8891,9488,32162,15401,16761,36756,17792,18964,32160,15529,16631,18377,8726,9651,4594,2195,2399,
68935,18380,8891,9489,32165,15402,16763,36759,17794,18965,32163,15529,16634,18377,8726,9651,4595,2195,2400,
68940,18382,8892,9490,32165,15402,16763,36760,17794,18966,32165,15531,16634,18379,8727,9652,4595,2195,2400,
68945,18383,8892,9491,32169,15403,16766,36764,17796,18968,32167,15531,16636,18381,8728,9653,4595,2195,2400,
68950,18384,8892,9492,32172,15404,16768,36767,17798,18969,32170,15531,16639,18381,8728,9653,4596,2196,2400,
68955,18386,8893,9493,32172,15404,16768,36768,17798,18970,32172,15532,16640,18383,8729,9654,4596,2196,2400,
68960,18387,8893,9494,32176,15406,16770,36772,17801,18971,32174,15532,16642,18385,8730,9655,4596,2196,2400,
68965,18388,8893,9495,32179,15407,16772,36775,17802,18973,32177,15533,16644,18385,8730,9655,4597,2196,2401,
68970,18390,8894,9496,32179,15407,16772,36776,17803,18973,32179,15535,16644,18387,8731,9656,4597,2196,2401,
68975,18391,8894,9497,32183,15409,16774,36780,17806,18974,32181,15537,16644,18389,8733,9656,4597,2196,2401,
68980,18392,8895,9497,32186,15410,16776,36783,17807,18976,32184,15539,16645,18389,8733,9656,4598,2197,2401,
68985,18394,8897,9497,32186,15410,16776,36784,17807,18977,32186,15540,16646,18391,8734,9657,4598,2197,2401,
68990,18395,8897,9498,32190,15411,16779,36788,17809,18979,32188,15540,16648,18393,8735,9658,4598,2197,2401,
68995,18396,8898,9498,32193,15412,16781,36791,17811,18980,32191,15541,16650,18393,8735,9658,4599,2197,2402,
69000,18398,8898,9500,32193,15412,16781,36792,17812,18980,32193,15542,16651,18395,8735,9660,4599,2197,2402,
69005,18399,8898,9501,32197,15413,16784,36796,17816,18980,32195,15543,16652,18397,8736,9661,4599,2197,2402,
69010,18400,8898,9502,32200,15414,16786,36799,17816,18983,32198,15544,16654,18397,8736,9661,4600,2198,2402,
69015,18402,8899,9503,32200,15414,16786,36800,17816,18984,32200,15545,16655,18399,8738,9661,4600,2198,2402,
69020,18403,8899,9504,32204,15418,16786,36804,17818,18986,32202,15546,16656,18401,8739,9662,4600,2198,2402,
69025,18404,8900,9504,32207,15421,16786,36807,17820,18987,32205,15548,16657,18401,8739,9662,4601,2199,2402,
69030,18406,8901,9505,32207,15421,16786,36808,17821,18987,32207,15549,16658,18403,8740,9663,4601,2199,2402,
69035,18407,8901,9506,32211,15424,16787,36812,17822,18990,32209,15549,16660,18405,8740,9665,4601,2199,2402,
69040,18408,8902,9506,32214,15425,16789,36815,17823,18992,32212,15551,16661,18405,8740,9665,4602,2199,2403,
69045,18410,8902,9508,32214,15425,16789,36816,17823,18993,32214,15552,16662,18407,8742,9665,4602,2199,2403,
69050,18411,8903,9508,32218,15427,16791,36820,17825,18995,32216,15554,16662,18409,8744,9665,4602,2199,2403,
69055,18412,8904,9508,32221,15428,16793,36823,17828,18995,32219,15557,16662,18409,8744,9665,4603,2199,2404,
69060,18414,8905,9509,32221,15428,16793,36824,17828,18996,32221,15558,16663,18411,8745,9666,4603,2199,2404,
69065,18415,8906,9509,32225,15430,16795,36828,17831,18997,32223,15559,16664,18413,8745,9668,4603,2199,2404,
69070,18416,8907,9509,32228,15431,16797,36831,17833,18998,32226,15562,16664,18413,8745,9668,4604,2199,2405,
69075,18418,8908,9510,32228,15431,16797,36832,17834,18998,32228,15563,16665,18415,8747,9668,4604,2199,2405,
69080,18419,8909,9510,32232,15433,16799,36836,17836,19000,32230,15565,16665,18417,8748,9669,4604,2199,2405,
69085,18420,8909,9511,32235,15434,16801,36839,17838,19001,32233,15567,16666,18417,8748,9669,4605,2200,2405,
69090,18422,8910,9512,32235,15434,16801,36840,17838,19002,32235,15568,16667,18419,8749,9670,4605,2200,2405,
69095,18423,8910,9513,32239,15436,16803,36844,17841,19003,32237,15569,16668,18421,8749,9672,4605,2200,2405,
69100,18424,8910,9514,32242,15436,16806,36847,17841,19006,32240,15571,16669,18421,8749,9672,4606,2200,2406,
69105,18426,8911,9515,32242,15436,16806,36848,17841,19007,32242,15572,16670,18423,8749,9674,4606,2200,2406,
69110,18427,8912,9515,32246,15439,16807,36852,17841,19011,32244,15572,16672,18425,8750,9675,4606,2200,2406,
69115,18428,8912,9516,32249,15440,16809,36855,17841,19014,32247,15573,16674,18425,8750,9675,4607,2200,2407,
69120,18430,8914,9516,32249,15440,16809,36856,17842,19014,32249,15575,16674,18427,8752,9675,4607,2200,2407,
69125,18431,8915,9516,32253,15442,16811,36860,17844,19016,32251,15577,16674,18429,8752,9677,4607,2200,2407,
69130,18432,8916,9516,32256,15444,16812,36863,17845,19018,32254,15579,16675,18429,8752,9677,4608,2201,2407,
69135,18434,8917,9517,32256,15444,16812,36864,17846,19018,32256,15580,16676,18431,8753,9678,4608,2201,2407,
69140,18435,8917,9518,32260,15446,16814,36868,17847,19021,32258,15580,16678,18433,8754,9679,4608,2201,2407,
69145,18436,8917,9519,32263,15447,16816,36871,17847,19024,32261,15582,16679,18433,8754,9679,4609,2202,2407,
69150,18438,8919,9519,32263,15447,16816,36872,17847,19025,32263,15583,16680,18435,8755,9680,4609,2202,2407,
69155,18439,8919,9520,32267,15450,16817,36876,17848,19028,32265,15584,16681,18437,8756,9681,4609,2202,2407,
69160,18440,8920,9520,32270,15452,16818,36879,17848,19031,32268,15586,16682,18437,8756,9681,4610,2203,2407,
69165,18442,8921,9521,32270,15452,16818,36880,17848,19032,32270,15587,16683,18439,8757,9682,4610,2203,2407,
69170,18443,8921,9522,32274,15453,16821,36884,17848,19036,32272,15588,16684,18441,8757,9684,4610,2203,2407,
69175,18444,8922,9522,32277,15455,16822,36887,17850,19037,32275,15589,16686,18441,8757,9684,4611,2203,2408,
69180,18446,8923,9523,32277,15455,16822,36888,17850,19038,32277,15590,16687,18443,8759,9684,4611,2203,2408,
69185,18447,8923,9524,32281,15458,16823,36892,17850,19042,32279,15591,16688,18445,8760,9685,4611,2203,2408,
69190,18448,8923,9525,32284,15461,16823,36895,17850,19045,32282,15592,16690,18445,8760,9685,4612,2204,2408,
69195,18450,8924,9526,32284,15461,16823,36896,17850,19046,32284,15593,16691,18447,8761,9686,4612,2204,2408,
69200,18451,8925,9526,32288,15464,16824,36900,17852,19048,32286,15595,16691,18449,8763,9686,4612,2204,2408,
69205,18452,8925,9527,32291,15466,16825,36903,17853,19050,32289,15597,16692,18449,8763,9686,4613,2204,2409,
69210,18454,8925,9529,32291,15466,16825,36904,17853,19051,32291,15598,16693,18451,8764,9687,4613,2204,2409,
69215,18455,8926,9529,32295,15468,16827,36908,17856,19052,32293,15599,16694,18453,8764,9689,4613,2204,2409,
69220,18456,8926,9530,32298,15470,16828,36911,17857,19054,32296,15601,16695,18453,8764,9689,4614,2205,2409,
69225,18458,8927,9531,32298,15470,16828,36912,17857,19055,32298,15603,16695,18455,8765,9690,4614,2205,2409,
69230,18459,8928,9531,32302,15473,16829,36916,17859,19057,32300,15603,16697,18457,8765,9692,4614,2205,2409,
69235,18460,8928,9532,32305,15474,16831,36919,17860,19059,32303,15603,16700,18457,8765,9692,4615,2205,2410,
69240,18462,8929,9533,32305,15474,16831,36920,17861,19059,32305,15604,16701,18459,8766,9693,4615,2205,2410,
69245,18463,8929,9534,32309,15476,16833,36924,17863,19061,32307,15604,16703,18461,8767,9694,4615,2205,2410,
69250,18464,8929,9535,32312,15477,16835,36927,17865,19062,32310,15605,16705,18461,8767,9694,4616,2205,2411,
69255,18466,8929,9537,32312,15477,16835,36928,17865,19063,32312,15607,16705,18463,8769,9694,4616,2205,2411,
69260,18467,8929,9538,32316,15479,16837,36932,17867,19065,32314,15608,16706,18465,8770,9695,4616,2205,2411,
69265,18468,8929,9539,32319,15479,16840,36935,17869,19066,32317,15608,16709,18465,8770,9695,4617,2206,2411,
69270,18470,8930,9540,32319,15479,16840,36936,17869,19067,32319,15609,16710,18467,8772,9695,4617,2206,2411,
69275,18471,8931,9540,32323,15482,16841,36940,17870,19070,32321,15611,16710,18469,8773,9696,4617,2206,2411,
69280,18472,8932,9540,32326,15483,16843,36943,17872,19071,32324,15613,16711,18469,8773,9696,4618,2206,2412,
69285,18474,8934,9540,32326,15483,16843,36944,17872,19072,32326,15615,16711,18471,8774,9697,4618,2206,2412,
69290,18475,8934,9541,32330,15484,16846,36948,17872,19076,32328,15617,16711,18473,8775,9698,4618,2206,2412,
69295,18476,8935,9541,32333,15485,16848,36951,17874,19077,32331,15620,16711,18473,8775,9698,4619,2207,2412,
69300,18478,8935,9543,32333,15485,16848,36952,17874,19078,32333,15622,16711,18475,8776,9699,4619,2207,2412,
69305,18479,8936,9543,32337,15487,16850,36956,17876,19080,32335,15624,16711,18477,8776,9701,4619,2207,2412,
69310,18480,8936,9544,32340,15489,16851,36959,17877,19082,32338,15627,16711,18477,8776,9701,4620,2207,2413,
69315,18482,8937,9545,32340,15489,16851,36960,17877,19083,32340,15628,16712,18479,8777,9702,4620,2207,2413,
69320,18483,8938,9545,32344,15492,16852,36964,17879,19085,32342,15630,16712,18481,8777,9704,4620,2207,2413,
69325,18484,8939,9545,32347,15492,16855,36967,17879,19088,32345,15631,16714,18481,8777,9704,4621,2207,2414,
69330,18486,8940,9546,32347,15492,16855,36968,17879,19089,32347,15632,16715,18483,8779,9704,4621,2207,2414,
69335,18487,8940,9547,32351,15493,16858,36972,17881,19091,32349,15633,16716,18485,8779,9706,4621,2207,2414,
69340,18488,8941,9547,32354,15494,16860,36975,17883,19092,32352,15634,16718,18485,8779,9706,4622,2207,2415,
69345,18490,8941,9549,32354,15494,16860,36976,17884,19092,32354,15635,16719,18487,8781,9706,4622,2207,2415,
69350,18491,8941,9550,32358,15495,16863,36980,17885,19095,32356,15635,16721,18489,8783,9706,4622,2207,2415,
69355,18492,8942,9550,32361,15496,16865,36983,17886,19097,32359,15636,16723,18489,8783,9706,4623,2208,2415,
69360,18494,8942,9552,32361,15496,16865,36984,17887,19097,32361,15637,16724,18491,8784,9707,4623,2208,2415,
69365,18495,8943,9552,32365,15497,16868,36988,17888,19100,32363,15638,16725,18493,8784,9709,4623,2208,2415,
69370,18496,8943,9553,32368,15497,16871,36991,17890,19101,32366,15640,16726,18493,8784,9709,4624,2209,2415,
69375,18498,8945,9553,32368,15497,16871,36992,17891,19101,32368,15642,16726,18495,8785,9710,4624,2209,2415,
69380,18499,8945,9554,32372,15498,16874,36996,17894,19102,32370,15642,16728,18497,8786,9711,4624,2209,2415,
69385,18500,8945,9555,32375,15499,16876,36999,17897,19102,32373,15643,16730,18497,8786,9711,4625,2209,2416,
69390,18502,8946,9556,32375,15499,16876,37000,17897,19103,32375,15643,16732,18499,8787,9712,4625,2209,2416,
69395,18503,8947,9556,32379,15501,16878,37004,17898,19106,32377,15643,16734,18501,8787,9714,4625,2209,2416,
69400,18504,8947,9557,32382,15502,16880,37007,17900,19107,32380,15644,16736,18501,8787,9714,4626,2210,2416,
69405,18506,8948,9558,32382,15502,16880,37008,17900,19108,32382,15644,16738,18503,8788,9715,4626,2210,2416,
69410,18507,8949,9558,32386,15505,16881,37012,17902,19110,32384,15644,16740,18505,8789,9716,4626,2210,2416,
69415,18508,8950,9558,32389,15507,16882,37015,17903,19112,32387,15645,16742,18505,8789,9716,4627,2210,2417,
69420,18510,8952,9558,32389,15507,16882,37016,17903,19113,32389,15646,16743,18507,8789,9718,4627,2210,2417,
69425,18511,8953,9558,32393,15509,16884,37020,17905,19115,32391,15647,16744,18509,8791,9718,4627,2210,2417,
69430,18512,8953,9559,32396,15511,16885,37023,17907,19116,32394,15647,16747,18509,8791,9718,4628,2211,2417,
69435,18514,8953,9561,32396,15511,16885,37024,17907,19117,32396,15647,16749,18511,8792,9719,4628,2211,2417,
69440,18515,8953,9562,32400,15513,16887,37028,17909,19119,32398,15649,16749,18513,8793,9720,4628,2211,2417,
69445,18516,8953,9563,32403,15514,16889,37031,17911,19120,32401,15650,16751,18513,8793,9720,4629,2211,2418,
69450,18518,8955,9563,32403,15514,16889,37032,17911,19121,32403,15651,16752,18515,8794,9721,4629,2211,2418,
69455,18519,8956,9563,32407,15516,16891,37036,17912,19124,32405,15652,16753,18517,8795,9722,4629,2211,2418,
69460,18520,8956,9564,32410,15517,16893,37039,17914,19125,32408,15653,16755,18517,8795,9722,4630,2211,2419,
69465,18522,8957,9565,32410,15517,16893,37040,17914,19126,32410,15655,16755,18519,8796,9723,4630,2211,2419,
69470,18523,8957,9566,32414,15519,16895,37044,17916,19128,32412,15655,16757,18521,8798,9723,4630,2211,2419,
69475,18524,8957,9567,32417,15520,16897,37047,17917,19130,32415,15656,16759,18521,8798,9723,4631,2212,2419,
69480,18526,8959,9567,32417,15520,16897,37048,17918,19130,32417,15658,16759,18523,8799,9724,4631,2212,2419,
69485,18527,8960,9567,32421,15522,16899,37052,17918,19134,32419,15659,16760,18525,8799,9726,4631,2212,2419,
69490,18528,8960,9568,32424,15522,16902,37055,17920,19135,32422,15659,16763,18525,8799,9726,4632,2212,2420,
69495,18530,8960,9570,32424,15522,16902,37056,17921,19135,32424,15660,16764,18527,8800,9727,4632,2212,2420,
69500,18531,8961,9570,32428,15524,16904,37060,17922,19138,32426,15660,16766,18529,8801,9728,4632,2212,2420,
69505,18532,8961,9571,32431,15526,16905,37063,17923,19140,32429,15661,16768,18529,8801,9728,4633,2212,2421,
69510,18534,8962,9572,32431,15526,16905,37064,17924,19140,32431,15662,16769,18531,8803,9728,4633,2212,2421,
69515,18535,8963,9572,32435,15528,16907,37068,17925,19143,32433,15664,16769,18533,8804,9729,4633,2212,2421,
69520,18536,8964,9572,32438,15529,16909,37071,17926,19145,32436,15665,16771,18533,8804,9729,4634,2212,2422,
69525,18538,8965,9573,32438,15529,16909,37072,17927,19145,32438,15666,16772,18535,8805,9730,4634,2212,2422,
69530,18539,8965,9574,32442,15529,16913,37076,17931,19145,32440,15667,16773,18537,8806,9731,4634,2212,2422,
69535,18540,8965,9575,32445,15530,16915,37079,17932,19147,32443,15667,16776,18537,8806,9731,4635,2212,2423,
69540,18542,8966,9576,32445,15530,16915,37080,17933,19147,32445,15668,16777,18539,8806,9733,4635,2212,2423,
69545,18543,8967,9576,32449,15531,16918,37084,17934,19150,32447,15668,16779,18541,8807,9734,4635,2212,2423,
69550,18544,8967,9577,32452,15533,16919,37087,17935,19152,32450,15668,16782,18541,8807,9734,4636,2213,2423,
69555,18546,8969,9577,32452,15533,16919,37088,17936,19152,32452,15669,16783,18543,8807,9736,4636,2213,2423,
69560,18547,8969,9578,32456,15534,16922,37092,17938,19154,32454,15670,16784,18545,8807,9738,4636,2213,2423,
69565,18548,8970,9578,32459,15536,16923,37095,17938,19157,32457,15670,16787,18545,8807,9738,4637,2213,2424,
69570,18550,8971,9579,32459,15536,16923,37096,17939,19157,32459,15670,16789,18547,8807,9740,4637,2213,2424,
69575,18551,8972,9579,32463,15539,16924,37100,17940,19160,32461,15670,16791,18549,8807,9742,4637,2213,2424,
69580,18552,8973,9579,32466,15541,16925,37103,17941,19162,32464,15671,16793,18549,8807,9742,4638,2213,2425,
69585,18554,8975,9579,32466,15541,16925,37104,17941,19163,32466,15671,16795,18551,8807,9744,4638,2213,2425,
69590,18555,8976,9579,32470,15544,16926,37108,17944,19164,32468,15672,16796,18553,8808,9745,4638,2213,2425,
69595,18556,8977,9579,32473,15544,16929,37111,17945,19166,32471,15673,16798,18553,8808,9745,4639,2214,2425,
69600,18558,8978,9580,32473,15544,16929,37112,17946,19166,32473,15674,16799,18555,8809,9746,4639,2214,2425,
69605,18559,8979,9580,32477,15546,16931,37116,17948,19168,32475,15675,16800,18557,8811,9746,4639,2214,2425,
69610,18560,8979,9581,32480,15548,16932,37119,17949,19170,32478,15675,16803,18557,8811,9746,4640,2215,2425,
69615,18562,8980,9582,32480,15548,16932,37120,17950,19170,32480,15676,16804,18559,8812,9747,4640,2215,2425,
69620,18563,8980,9583,32484,15551,16933,37124,17951,19173,32482,15677,16805,18561,8812,9749,4640,2215,2425,
69625,18564,8981,9583,32487,15551,16936,37127,17952,19175,32485,15679,16806,18561,8812,9749,4641,2215,2426,
69630,18566,8982,9584,32487,15551,16936,37128,17952,19176,32487,15680,16807,18563,8814,9749,4641,2215,2426,
69635,18567,8983,9584,32491,15552,16939,37132,17953,19179,32489,15681,16808,18565,8814,9751,4641,2215,2426,
69640,18568,8984,9584,32494,15552,16942,37135,17954,19181,32492,15683,16809,18565,8814,9751,4642,2216,2426,
69645,18570,8985,9585,32494,15552,16942,37136,17955,19181,32494,15684,16810,18567,8816,9751,4642,2216,2426,
69650,18571,8986,9585,32498,15553,16945,37140,17956,19184,32496,15685,16811,18569,8817,9752,4642,2216,2426,
69655,18572,8986,9586,32501,15554,16947,37143,17957,19186,32499,15686,16813,18569,8817,9752,4643,2217,2426,
69660,18574,8987,9587,32501,15554,16947,37144,17958,19186,32501,15687,16814,18571,8819,9752,4643,2217,2426,
69665,18575,8987,9588,32505,15556,16949,37148,17960,19188,32503,15688,16815,18573,8820,9753,4643,2217,2426,
69670,18576,8987,9589,32508,15558,16950,37151,17961,19190,32506,15691,16815,18573,8820,9753,4644,2218,2426,
69675,18578,8989,9589,32508,15558,16950,37152,17962,19190,32508,15693,16815,18575,8821,9754,4644,2218,2426,
69680,18579,8989,9590,32512,15558,16954,37156,17964,19192,32510,15694,16816,18577,8823,9754,4644,2218,2426,
69685,18580,8990,9590,32515,15559,16956,37159,17965,19194,32513,15696,16817,18577,8823,9754,4645,2219,2426,
69690,18582,8991,9591,32515,15559,16956,37160,17965,19195,32515,15696,16819,18579,8824,9755,4645,2219,2426,
69695,18583,8992,9591,32519,15561,16958,37164,17967,19197,32517,15697,16820,18581,8824,9757,4645,2219,2426,
69700,18584,8992,9592,32522,15563,16959,37167,17969,19198,32520,15699,16821,18581,8824,9757,4646,2219,2427,
69705,18586,8993,9593,32522,15563,16959,37168,17969,19199,32522,15699,16823,18583,8826,9757,4646,2219,2427,
69710,18587,8994,9593,32526,15564,16962,37172,17971,19201,32524,15700,16824,18585,8827,9758,4646,2219,2427,
69715,18588,8994,9594,32529,15565,16964,37175,17971,19204,32527,15701,16826,18585,8827,9758,4647,2220,2427,
69720,18590,8994,9596,32529,15565,16964,37176,17972,19204,32529,15703,16826,18587,8828,9759,4647,2220,2427,
69725,18591,8995,9596,32533,15568,16965,37180,17975,19205,32531,15704,16827,18589,8828,9761,4647,2220,2427,
69730,18592,8995,9597,32536,15568,16968,37183,17978,19205,32534,15704,16830,18589,8828,9761,4648,2220,2428,
69735,18594,8997,9597,32536,15568,16968,37184,17979,19205,32536,15704,16832,18591,8830,9761,4648,2220,2428,
69740,18595,8998,9597,32540,15570,16970,37188,17982,19206,32538,15704,16834,18593,8831,9762,4648,2220,2428,
69745,18596,8999,9597,32543,15571,16972,37191,17983,19208,32541,15705,16836,18593,8831,9762,4649,2220,2429,
69750,18598,8999,9599,32543,15571,16972,37192,17983,19209,32543,15705,16838,18595,8831,9764,4649,2220,2429,
69755,18599,8999,9600,32547,15573,16974,37196,17985,19211,32545,15705,16840,18597,8831,9766,4649,2220,2429,
69760,18600,9000,9600,32550,15574,16976,37199,17987,19212,32548,15707,16841,18597,8831,9766,4650,2220,2430,
69765,18602,9001,9601,32550,15574,16976,37200,17988,19212,32550,15708,16842,18599,8831,9768,4650,2220,2430,
69770,18603,9002,9601,32554,15576,16978,37204,17991,19213,32552,15709,16843,18601,8831,9770,4650,2220,2430,
69775,18604,9003,9601,32557,15578,16979,37207,17994,19213,32555,15709,16846,18601,8831,9770,4651,2221,2430,
69780,18606,9005,9601,32557,15578,16979,37208,17994,19214,32557,15710,16847,18603,8832,9771,4651,2221,2430,
69785,18607,9005,9602,32561,15578,16983,37212,17996,19216,32559,15710,16849,18605,8833,9772,4651,2221,2430,
69790,18608,9005,9603,32564,15581,16983,37215,17997,19218,32562,15712,16850,18605,8833,9772,4652,2222,2430,
69795,18610,9005,9605,32564,15581,16983,37216,17997,19219,32564,15714,16850,18607,8834,9773,4652,2222,2430,
69800,18611,9005,9606,32568,15581,16987,37220,17999,19221,32566,15715,16851,18609,8834,9775,4652,2222,2430,
69805,18612,9005,9607,32571,15581,16990,37223,18000,19223,32569,15716,16853,18609,8834,9775,4653,2222,2431,
69810,18614,9007,9607,32571,15581,16990,37224,18001,19223,32571,15717,16854,18611,8836,9775,4653,2222,2431,
69815,18615,9007,9608,32575,15582,16993,37228,18003,19225,32573,15718,16855,18613,8837,9776,4653,2222,2431,
69820,18616,9008,9608,32578,15582,16996,37231,18005,19226,32576,15720,16856,18613,8837,9776,4654,2222,2432,
69825,18618,9010,9608,32578,15582,16996,37232,18006,19226,32578,15721,16857,18615,8838,9777,4654,2222,2432,
69830,18619,9010,9609,32582,15583,16999,37236,18008,19228,32580,15722,16858,18617,8840,9777,4654,2222,2432,
69835,18620,9011,9609,32585,15585,17000,37239,18011,19228,32583,15724,16859,18617,8840,9777,4655,2222,2433,
69840,18622,9013,9609,32585,15585,17000,37240,18012,19228,32585,15724,16861,18619,8841,9778,4655,2222,2433,
69845,18623,9014,9609,32589,15589,17000,37244,18013,19231,32587,15725,16862,18621,8842,9779,4655,2222,2433,
69850,18624,9014,9610,32592,15589,17003,37247,18015,19232,32590,15726,16864,18621,8842,9779,4656,2223,2433,
69855,18626,9016,9610,32592,15589,17003,37248,18015,19233,32592,15727,16865,18623,8842,9781,4656,2223,2433,
69860,18627,9016,9611,32596,15590,17006,37252,18016,19236,32594,15728,16866,18625,8842,9783,4656,2223,2433,
69865,18628,9017,9611,32599,15590,17009,37255,18018,19237,32597,15729,16868,18625,8842,9783,4657,2224,2433,
69870,18630,9018,9612,32599,15590,17009,37256,18019,19237,32599,15729,16870,18627,8843,9784,4657,2224,2433,
69875,18631,9018,9613,32603,15593,17010,37260,18019,19241,32601,15729,16872,18629,8845,9784,4657,2224,2433,
69880,18632,9018,9614,32606,15595,17011,37263,18020,19243,32604,15730,16874,18629,8845,9784,4658,2224,2434,
69885,18634,9019,9615,32606,15595,17011,37264,18021,19243,32606,15731,16875,18631,8845,9786,4658,2224,2434,
69890,18635,9019,9616,32610,15597,17013,37268,18023,19245,32608,15732,16876,18633,8845,9788,4658,2224,2434,
69895,18636,9019,9617,32613,15599,17014,37271,18025,19246,32611,15734,16877,18633,8845,9788,4659,2224,2435,
69900,18638,9019,9619,32613,15599,17014,37272,18026,19246,32613,15735,16878,18635,8845,9790,4659,2224,2435,
69905,18639,9020,9619,32617,15599,17018,37276,18027,19249,32615,15736,16879,18637,8846,9791,4659,2224,2435,
69910,18640,9020,9620,32620,15600,17020,37279,18028,19251,32618,15738,16880,18637,8846,9791,4660,2224,2436,
69915,18642,9021,9621,32620,15600,17020,37280,18028,19252,32620,15739,16881,18639,8846,9793,4660,2224,2436,
69920,18643,9021,9622,32624,15602,17022,37284,18028,19256,32622,15740,16882,18641,8847,9794,4660,2224,2436,
69925,18644,9022,9622,32627,15602,17025,37287,18029,19258,32625,15742,16883,18641,8847,9794,4661,2224,2437,
69930,18646,9023,9623,32627,15602,17025,37288,18029,19259,32627,15742,16885,18643,8848,9795,4661,2224,2437,
69935,18647,9023,9624,32631,15605,17026,37292,18032,19260,32629,15742,16887,18645,8848,9797,4661,2224,2437,
69940,18648,9024,9624,32634,15608,17026,37295,18034,19261,32632,15744,16888,18645,8848,9797,4662,2224,2438,
69945,18650,9025,9625,32634,15608,17026,37296,18034,19262,32634,15744,16890,18647,8848,9799,4662,2224,2438,
69950,18651,9026,9625,32638,15610,17028,37300,18036,19264,32636,15744,16892,18649,8848,9801,4662,2224,2438,
69955,18652,9027,9625,32641,15611,17030,37303,18036,19267,32639,15746,16893,18649,8848,9801,4663,2225,2438,
69960,18654,9028,9626,32641,15611,17030,37304,18037,19267,32641,15746,16895,18651,8849,9802,4663,2225,2438,
69965,18655,9029,9626,32645,15612,17033,37308,18038,19270,32643,15748,16895,18653,8851,9802,4663,2225,2438,
69970,18656,9030,9626,32648,15613,17035,37311,18040,19271,32646,15750,16896,18653,8851,9802,4664,2225,2439,
69975,18658,9031,9627,32648,15613,17035,37312,18041,19271,32648,15752,16896,18655,8851,9804,4664,2225,2439,
69980,18659,9032,9627,32652,15616,17036,37316,18043,19273,32650,15752,16898,18657,8852,9805,4664,2225,2439,
69985,18660,9033,9627,32655,15617,17038,37319,18046,19273,32653,15754,16899,18657,8852,9805,4665,2226,2439,
69990,18662,9033,9629,32655,15617,17038,37320,18046,19274,32655,15756,16899,18659,8853,9806,4665,2226,2439,
69995,18663,9033,9630,32659,15620,17039,37324,18047,19277,32657,15758,16899,18661,8854,9807,4665,2226,2439,
70000,18664,9034,9630,32662,15621,17041,37327,18049,19278,32660,15759,16901,18661,8854,9807,4666,2227,2439,
70005,18666,9036,9630,32662,15621,17041,37328,18049,19279,32662,15760,16902,18663,8855,9808,4666,2227,2439,
70010,18667,9037,9630,32666,15625,17041,37332,18051,19281,32664,15760,16904,18665,8856,9809,4666,2227,2439,
70015,18668,9038,9630,32669,15626,17043,37335,18054,19281,32667,15762,16905,18665,8856,9809,4667,2228,2439,
70020,18670,9039,9631,32669,15626,17043,37336,18054,19282,32669,15763,16906,18667,8857,9810,4667,2228,2439,
70025,18671,9040,9631,32673,15628,17045,37340,18056,19284,32671,15764,16907,18669,8859,9810,4667,2228,2439,
70030,18672,9041,9631,32676,15630,17046,37343,18056,19287,32674,15764,16910,18669,8859,9810,4668,2229,2439,
70035,18674,9042,9632,32676,15630,17046,37344,18056,19288,32676,15764,16912,18671,8859,9812,4668,2229,2439,
70040,18675,9042,9633,32680,15633,17047,37348,18057,19291,32678,15765,16913,18673,8860,9813,4668,2229,2439,
70045,18676,9043,9633,32683,15634,17049,37351,18057,19294,32681,15766,16915,18673,8860,9813,4669,2230,2439,
70050,18678,9044,9634,32683,15634,17049,37352,18058,19294,32683,15766,16917,18675,8861,9814,4669,2230,2439,
70055,18679,9044,9635,32687,15636,17051,37356,18060,19296,32685,15768,16917,18677,8862,9815,4669,2230,2439,
70060,18680,9044,9636,32690,15637,17053,37359,18061,19298,32688,15770,16918,18677,8862,9815,4670,2231,2439,
70065,18682,9044,9638,32690,15637,17053,37360,18062,19298,32690,15771,16919,18679,8863,9816,4670,2231,2439,
70070,18683,9044,9639,32694,15639,17055,37364,18064,19300,32692,15772,16920,18681,8864,9817,4670,2231,2439,
70075,18684,9044,9640,32697,15640,17057,37367,18064,19303,32695,15774,16921,18681,8864,9817,4671,2232,2439,
70080,18686,9044,9642,32697,15640,17057,37368,18064,19304,32697,15776,16921,18683,8864,9819,4671,2232,2439,
70085,18687,9044,9643,32701,15642,17059,37372,18064,19308,32699,15777,16922,18685,8866,9819,4671,2232,2439,
70090,18688,9045,9643,32704,15643,17061,37375,18066,19309,32702,15780,16922,18685,8866,9819,4672,2232,2440,
70095,18690,9046,9644,32704,15643,17061,37376,18067,19309,32704,15780,16924,18687,8868,9819,4672,2232,2440,
70100,18691,9047,9644,32708,15646,17062,37380,18070,19310,32706,15781,16925,18689,8869,9820,4672,2232,2440,
70105,18692,9048,9644,32711,15647,17064,37383,18072,19311,32709,15784,16925,18689,8869,9820,4673,2233,2440,
70110,18694,9048,9646,32711,15647,17064,37384,18073,19311,32711,15784,16927,18691,8870,9821,4673,2233,2440,
70115,18695,9048,9647,32715,15647,17068,37388,18073,19315,32713,15785,16928,18693,8871,9822,4673,2233,2440,
70120,18696,9048,9648,32718,15649,17069,37391,18075,19316,32716,15787,16929,18693,8871,9822,4674,2233,2441,
70125,18698,9048,9650,32718,15649,17069,37392,18075,19317,32718,15787,16931,18695,8872,9823,4674,2233,2441,
70130,18699,9049,9650,32722,15652,17070,37396,18077,19319,32720,15789,16931,18697,8873,9824,4674,2233,2441,
70135,18700,9049,9651,32725,15652,17073,37399,18078,19321,32723,15791,16932,18697,8873,9824,4675,2234,2441,
70140,18702,9050,9652,32725,15652,17073,37400,18079,19321,32725,15793,16932,18699,8874,9825,4675,2234,2441,
70145,18703,9050,9653,32729,15654,17075,37404,18081,19323,32727,15795,16932,18701,8874,9827,4675,2234,2441,
70150,18704,9050,9654,32732,15655,17077,37407,18082,19325,32730,15797,16933,18701,8874,9827,4676,2234,2442,
70155,18706,9052,9654,32732,15655,17077,37408,18083,19325,32732,15798,16934,18703,8875,9828,4676,2234,2442,
70160,18707,9052,9655,32736,15656,17080,37412,18086,19326,32734,15800,16934,18705,8876,9829,4676,2234,2442,
70165,18708,9052,9656,32739,15659,17080,37415,18088,19327,32737,15802,16935,18705,8876,9829,4677,2235,2442,
70170,18710,9052,9658,32739,15659,17080,37416,18088,19328,32739,15802,16937,18707,8876,9831,4677,2235,2442,
70175,18711,9053,9658,32743,15662,17081,37420,18089,19331,32741,15802,16939,18709,8876,9833,4677,2235,2442,
70180,18712,9053,9659,32746,15663,17083,37423,18090,19333,32744,15803,16941,18709,8876,9833,4678,2236,2442,
70185,18714,9055,9659,32746,15663,17083,37424,18090,19334,32746,15804,16942,18711,8876,9835,4678,2236,2442,
70190,18715,9056,9659,32750,15667,17083,37428,18092,19336,32748,15805,16943,18713,8877,9836,4678,2236,2442,
70195,18716,9057,9659,32753,15669,17084,37431,18095,19336,32751,15807,16944,18713,8877,9836,4679,2236,2443,
70200,18718,9059,9659,32753,15669,17084,37432,18096,19336,32753,15808,16945,18715,8878,9837,4679,2236,2443,
70205,18719,9059,9660,32757,15669,17088,37436,18099,19337,32755,15809,16946,18717,8879,9838,4679,2236,2443,
70210,18720,9060,9660,32760,15672,17088,37439,18101,19338,32758,15810,16948,18717,8879,9838,4680,2237,2443,
70215,18722,9061,9661,32760,15672,17088,37440,18101,19339,32760,15812,16948,18719,8881,9838,4680,2237,2443,
70220,18723,9061,9662,32764,15675,17089,37444,18101,19343,32762,15813,16949,18721,8883,9838,4680,2237,2443,
70225,18724,9062,9662,32767,15677,17090,37447,18103,19344,32765,15814,16951,18721,8883,9838,4681,2237,2444,
70230,18726,9063,9663,32767,15677,17090,37448,18103,19345,32767,15814,16953,18723,8883,9840,4681,2237,2444,
70235,18727,9064,9663,32771,15678,17093,37452,18105,19347,32769,15814,16955,18725,8885,9840,4681,2237,2444,
70240,18728,9064,9664,32774,15680,17094,37455,18105,19350,32772,15814,16958,18725,8885,9840,4682,2237,2445,
70245,18730,9066,9664,32774,15680,17094,37456,18105,19351,32774,15815,16959,18727,8885,9842,4682,2237,2445,
70250,18731,9066,9665,32778,15682,17096,37460,18105,19355,32776,15817,16959,18729,8887,9842,4682,2237,2445,
70255,18732,9067,9665,32781,15684,17097,37463,18105,19358,32779,15818,16961,18729,8887,9842,4683,2237,2446,
70260,18734,9067,9667,32781,15684,17097,37464,18106,19358,32781,15819,16962,18731,8888,9843,4683,2237,2446,
70265,18735,9067,9668,32785,15687,17098,37468,18107,19361,32783,15820,16963,18733,8890,9843,4683,2237,2446,
70270,18736,9067,9669,32788,15688,17100,37471,18108,19363,32786,15823,16963,18733,8890,9843,4684,2238,2446,
70275,18738,9067,9671,32788,15688,17100,37472,18109,19363,32788,15824,16964,18735,8891,9844,4684,2238,2446,
70280,18739,9067,9672,32792,15690,17102,37476,18112,19364,32790,15824,16966,18737,8891,9846,4684,2238,2446,
70285,18740,9067,9673,32795,15692,17103,37479,18114,19365,32793,15825,16968,18737,8891,9846,4685,2238,2447,
70290,18742,9068,9674,32795,15692,17103,37480,18114,19366,32795,15826,16969,18739,8892,9847,4685,2238,2447,
70295,18743,9068,9675,32799,15695,17104,37484,18117,19367,32797,15828,16969,18741,8892,9849,4685,2238,2447,
70300,18744,9068,9676,32802,15696,17106,37487,18118,19369,32800,15830,16970,18741,8892,9849,4686,2239,2447,
70305,18746,9068,9678,32802,15696,17106,37488,18119,19369,32802,15831,16971,18743,8893,9850,4686,2239,2447,
70310,18747,9068,9679,32806,15698,17108,37492,18121,19371,32804,15832,16972,18745,8894,9851,4686,2239,2447,
70315,18748,9068,9680,32809,15700,17109,37495,18121,19374,32807,15833,16974,18745,8894,9851,4687,2240,2447,
70320,18750,9069,9681,32809,15700,17109,37496,18121,19375,32809,15833,16976,18747,8895,9852,4687,2240,2447,
70325,18751,9069,9682,32813,15703,17110,37500,18122,19378,32811,15833,16978,18749,8897,9852,4687,2240,2447,
70330,18752,9070,9682,32816,15705,17111,37503,18124,19379,32814,15835,16979,18749,8897,9852,4688,2241,2447,
70335,18754,9071,9683,32816,15705,17111,37504,18125,19379,32816,15836,16980,18751,8899,9852,4688,2241,2447,
70340,18755,9071,9684,32820,15708,17112,37508,18128,19380,32818,15838,16980,18753,8901,9852,4688,2241,2447,
70345,18756,9071,9685,32823,15710,17113,37511,18128,19383,32821,15839,16982,18753,8901,9852,4689,2241,2448,
70350,18758,9071,9687,32823,15710,17113,37512,18129,19383,32823,15840,16983,18755,8902,9853,4689,2241,2448,
70355,18759,9072,9687,32827,15711,17116,37516,18130,19386,32825,15841,16984,18757,8904,9853,4689,2241,2448,
70360,18760,9073,9687,32830,15712,17118,37519,18132,19387,32828,15841,16987,18757,8904,9853,4690,2242,2448,
70365,18762,9074,9688,32830,15712,17118,37520,18132,19388,32830,15842,16988,18759,8905,9854,4690,2242,2448,
70370,18763,9074,9689,32834,15714,17120,37524,18133,19391,32832,15843,16989,18761,8906,9855,4690,2242,2448,
70375,18764,9075,9689,32837,15715,17122,37527,18134,19393,32835,15846,16989,18761,8906,9855,4691,2242,2449,
70380,18766,9077,9689,32837,15715,17122,37528,18135,19393,32837,15848,16989,18763,8907,9856,4691,2242,2449,
70385,18767,9078,9689,32841,15716,17125,37532,18136,19396,32839,15848,16991,18765,8908,9857,4691,2242,2449,
70390,18768,9078,9690,32844,15717,17127,37535,18138,19397,32842,15849,16993,18765,8908,9857,4692,2242,2450,
70395,18770,9080,9690,32844,15717,17127,37536,18138,19398,32844,15850,16994,18767,8910,9857,4692,2242,2450,
70400,18771,9080,9691,32848,15718,17130,37540,18139,19401,32846,15851,16995,18769,8911,9858,4692,2242,2450,
70405,18772,9080,9692,32851,15719,17132,37543,18141,19402,32849,15852,16997,18769,8911,9858,4693,2243,2450,
70410,18774,9080,9694,32851,15719,17132,37544,18141,19403,32851,15853,16998,18771,8912,9859,4693,2243,2450,
70415,18775,9080,9695,32855,15721,17134,37548,18143,19405,32853,15853,17000,18773,8912,9861,4693,2243,2450,
70420,18776,9081,9695,32858,15723,17135,37551,18144,19407,32856,15854,17002,18773,8912,9861,4694,2244,2450,
70425,18778,9081,9697,32858,15723,17135,37552,18144,19408,32858,15856,17002,18775,8914,9861,4694,2244,2450,
70430,18779,9082,9697,32862,15724,17138,37556,18146,19410,32860,15856,17004,18777,8916,9861,4694,2244,2450,
70435,18780,9083,9697,32865,15726,17139,37559,18148,19411,32863,15859,17004,18777,8916,9861,4695,2244,2451,
70440,18782,9084,9698,32865,15726,17139,37560,18149,19411,32865,15859,17006,18779,8918,9861,4695,2244,2451,
70445,18783,9085,9698,32869,15730,17139,37564,18150,19414,32867,15860,17007,18781,8920,9861,4695,2244,2451,
70450,18784,9086,9698,32872,15731,17141,37567,18152,19415,32870,15862,17008,18781,8920,9861,4696,2244,2452,
70455,18786,9087,9699,32872,15731,17141,37568,18152,19416,32872,15864,17008,18783,8921,9862,4696,2244,2452,
70460,18787,9087,9700,32876,15733,17143,37572,18154,19418,32874,15865,17009,18785,8921,9864,4696,2244,2452,
70465,18788,9088,9700,32879,15733,17146,37575,18156,19419,32877,15867,17010,18785,8921,9864,4697,2245,2452,
70470,18790,9090,9700,32879,15733,17146,37576,18157,19419,32879,15869,17010,18787,8923,9864,4697,2245,2452,
70475,18791,9090,9701,32883,15734,17149,37580,18159,19421,32881,15870,17011,18789,8925,9864,4697,2245,2452,
70480,18792,9091,9701,32886,15736,17150,37583,18161,19422,32884,15873,17011,18789,8925,9864,4698,2246,2452,
70485,18794,9093,9701,32886,15736,17150,37584,18162,19422,32886,15875,17011,18791,8925,9866,4698,2246,2452,
70490,18795,9093,9702,32890,15740,17150,37588,18164,19424,32888,15875,17013,18793,8926,9867,4698,2246,2452,
70495,18796,9094,9702,32893,15742,17151,37591,18166,19425,32891,15876,17015,18793,8926,9867,4699,2247,2452,
70500,18798,9095,9703,32893,15742,17151,37592,18166,19426,32893,15877,17016,18795,8926,9869,4699,2247,2452,
70505,18799,9096,9703,32897,15743,17154,37596,18169,19427,32895,15878,17017,18797,8927,9870,4699,2247,2452,
70510,18800,9096,9704,32900,15744,17156,37599,18169,19430,32898,15879,17019,18797,8927,9870,4700,2247,2453,
70515,18802,9096,9706,32900,15744,17156,37600,18170,19430,32900,15880,17020,18799,8929,9870,4700,2247,2453,
70520,18803,9097,9706,32904,15747,17157,37604,18171,19433,32902,15881,17021,18801,8929,9872,4700,2247,2453,
70525,18804,9098,9706,32907,15747,17160,37607,18172,19435,32905,15881,17024,18801,8929,9872,4701,2247,2454,
70530,18806,9099,9707,32907,15747,17160,37608,18172,19436,32907,15883,17024,18803,8930,9873,4701,2247,2454,
70535,18807,9099,9708,32911,15749,17162,37612,18175,19437,32909,15885,17024,18805,8931,9874,4701,2247,2454,
70540,18808,9100,9708,32914,15750,17164,37615,18177,19438,32912,15886,17026,18805,8931,9874,4702,2248,2454,
70545,18810,9101,9709,32914,15750,17164,37616,18178,19438,32914,15887,17027,18807,8931,9876,4702,2248,2454,
70550,18811,9101,9710,32918,15751,17167,37620,18181,19439,32916,15888,17028,18809,8932,9877,4702,2248,2454,
70555,18812,9101,9711,32921,15753,17168,37623,18183,19440,32919,15889,17030,18809,8932,9877,4703,2248,2455,
70560,18814,9102,9712,32921,15753,17168,37624,18184,19440,32921,15890,17031,18811,8934,9877,4703,2248,2455,
70565,18815,9103,9712,32925,15754,17171,37628,18187,19441,32923,15891,17032,18813,8934,9879,4703,2248,2455,
70570,18816,9103,9713,32928,15755,17173,37631,18189,19442,32926,15893,17033,18813,8934,9879,4704,2249,2455,
70575,18818,9103,9715,32928,15755,17173,37632,18190,19442,32928,15893,17035,18815,8935,9880,4704,2249,2455,
70580,18819,9104,9715,32932,15758,17174,37636,18192,19444,32930,15895,17035,18817,8935,9882,4704,2249,2455,
70585,18820,9105,9715,32935,15760,17175,37639,18192,19447,32933,15898,17035,18817,8935,9882,4705,2250,2455,
70590,18822,9105,9717,32935,15760,17175,37640,18193,19447,32935,15899,17036,18819,8936,9883,4705,2250,2455,
70595,18823,9106,9717,32939,15764,17175,37644,18196,19448,32937,15900,17037,18821,8937,9884,4705,2250,2455,
70600,18824,9106,9718,32942,15766,17176,37647,18197,19450,32940,15901,17039,18821,8937,9884,4706,2250,2456,
70605,18826,9106,9720,32942,15766,17176,37648,18197,19451,32942,15901,17041,18823,8938,9885,4706,2250,2456,
70610,18827,9107,9720,32946,15767,17179,37652,18200,19452,32944,15901,17043,18825,8938,9887,4706,2250,2456,
70615,18828,9107,9721,32949,15769,17180,37655,18200,19455,32947,15902,17045,18825,8938,9887,4707,2250,2457,
70620,18830,9108,9722,32949,15769,17180,37656,18201,19455,32949,15904,17045,18827,8938,9889,4707,2250,2457,
70625,18831,9108,9723,32953,15770,17183,37660,18203,19457,32951,15904,17047,18829,8938,9891,4707,2250,2457,
70630,18832,9109,9723,32956,15772,17184,37663,18204,19459,32954,15906,17048,18829,8938,9891,4708,2251,2457,
70635,18834,9111,9723,32956,15772,17184,37664,18205,19459,32956,15907,17049,18831,8939,9892,4708,2251,2457,
70640,18835,9111,9724,32960,15773,17187,37668,18207,19461,32958,15909,17049,18833,8940,9893,4708,2251,2457,
70645,18836,9111,9725,32963,15776,17187,37671,18209,19462,32961,15911,17050,18833,8940,9893,4709,2251,2458,
70650,18838,9113,9725,32963,15776,17187,37672,18209,19463,32963,15912,17051,18835,8941,9894,4709,2251,2458,
70655,18839,9113,9726,32967,15777,17190,37676,18210,19466,32965,15913,17052,18837,8942,9895,4709,2251,2458,
70660,18840,9113,9727,32970,15779,17191,37679,18210,19469,32968,15914,17054,18837,8942,9895,4710,2252,2458,
70665,18842,9114,9728,32970,15779,17191,37680,18210,19470,32970,15914,17056,18839,8944,9895,4710,2252,2458,
70670,18843,9115,9728,32974,15781,17193,37684,18210,19474,32972,15916,17056,18841,8945,9896,4710,2252,2458,
70675,18844,9115,9729,32977,15782,17195,37687,18211,19476,32975,15918,17057,18841,8945,9896,4711,2253,2458,
70680,18846,9115,9731,32977,15782,17195,37688,18211,19477,32977,15919,17058,18843,8945,9898,4711,2253,2458,
70685,18847,9116,9731,32981,15783,17198,37692,18212,19480,32979,15919,17060,18845,8947,9898,4711,2253,2458,
70690,18848,9116,9732,32984,15786,17198,37695,18213,19482,32982,15920,17062,18845,8947,9898,4712,2254,2458,
70695,18850,9118,9732,32984,15786,17198,37696,18214,19482,32984,15921,17063,18847,8949,9898,4712,2254,2458,
70700,18851,9118,9733,32988,15787,17201,37700,18216,19484,32986,15922,17064,18849,8949,9900,4712,2254,2458,
70705,18852,9119,9733,32991,15789,17202,37703,18218,19485,32989,15922,17067,18849,8949,9900,4713,2254,2459,
70710,18854,9120,9734,32991,15789,17202,37704,18219,19485,32991,15923,17068,18851,8950,9901,4713,2254,2459,
70715,18855,9121,9734,32995,15793,17202,37708,18220,19488,32993,15923,17070,18853,8951,9902,4713,2254,2459,
70720,18856,9121,9735,32998,15795,17203,37711,18222,19489,32996,15925,17071,18853,8951,9902,4714,2255,2459,
70725,18858,9123,9735,32998,15795,17203,37712,18222,19490,32998,15927,17071,18855,8952,9903,4714,2255,2459,
70730,18859,9123,9736,33002,15796,17206,37716,18223,19493,33000,15927,17073,18857,8952,9905,4714,2255,2459,
70735,18860,9123,9737,33005,15796,17209,37719,18226,19493,33003,15927,17076,18857,8952,9905,4715,2255,2460,
70740,18862,9123,9739,33005,15796,17209,37720,18227,19493,33005,15928,17077,18859,8952,9907,4715,2255,2460,
70745,18863,9124,9739,33009,15799,17210,37724,18228,19496,33007,15928,17079,18861,8952,9909,4715,2255,2460,
70750,18864,9125,9739,33012,15801,17211,37727,18229,19498,33010,15930,17080,18861,8952,9909,4716,2255,2461,
70755,18866,9126,9740,33012,15801,17211,37728,18230,19498,33012,15931,17081,18863,8952,9911,4716,2255,2461,
70760,18867,9126,9741,33016,15805,17211,37732,18231,19501,33014,15933,17081,18865,8953,9912,4716,2255,2461,
70765,18868,9127,9741,33019,15805,17214,37735,18233,19502,33017,15935,17082,18865,8953,9912,4717,2255,2462,
70770,18870,9128,9742,33019,15805,17214,37736,18233,19503,33019,15936,17083,18867,8954,9913,4717,2255,2462,
70775,18871,9128,9743,33023,15807,17216,37740,18236,19504,33021,15936,17085,18869,8956,9913,4717,2255,2462,
70780,18872,9128,9744,33026,15807,17219,37743,18237,19506,33024,15937,17087,18869,8956,9913,4718,2256,2462,
70785,18874,9128,9746,33026,15807,17219,37744,18237,19507,33026,15937,17089,18871,8957,9914,4718,2256,2462,
70790,18875,9129,9746,33030,15810,17220,37748,18239,19509,33028,15937,17091,18873,8959,9914,4718,2256,2462,
70795,18876,9129,9747,33033,15810,17223,37751,18241,19510,33031,15939,17092,18873,8959,9914,4719,2257,2462,
70800,18878,9129,9749,33033,15810,17223,37752,18241,19511,33033,15939,17094,18875,8961,9914,4719,2257,2462,
70805,18879,9130,9749,33037,15812,17225,37756,18242,19514,33035,15941,17094,18877,8962,9915,4719,2257,2462,
70810,18880,9131,9749,33040,15813,17227,37759,18244,19515,33038,15943,17095,18877,8962,9915,4720,2257,2463,
70815,18882,9133,9749,33040,15813,17227,37760,18244,19516,33040,15945,17095,18879,8963,9916,4720,2257,2463,
70820,18883,9134,9749,33044,15816,17228,37764,18247,19517,33042,15946,17096,18881,8964,9917,4720,2257,2463,
70825,18884,9134,9750,33047,15817,17230,37767,18248,19519,33045,15946,17099,18881,8964,9917,4721,2258,2463,
70830,18886,9134,9752,33047,15817,17230,37768,18248,19520,33047,15946,17101,18883,8965,9918,4721,2258,2463,
70835,18887,9134,9753,33051,15821,17230,37772,18250,19522,33049,15948,17101,18885,8967,9918,4721,2258,2463,
70840,18888,9135,9753,33054,15821,17233,37775,18252,19523,33052,15949,17103,18885,8967,9918,4722,2259,2463,
70845,18890,9136,9754,33054,15821,17233,37776,18252,19524,33054,15950,17104,18887,8967,9920,4722,2259,2463,
70850,18891,9136,9755,33058,15824,17234,37780,18254,19526,33056,15950,17106,18889,8967,9922,4722,2259,2463,
70855,18892,9137,9755,33061,15825,17236,37783,18255,19528,33059,15951,17108,18889,8967,9922,4723,2259,2464,
70860,18894,9139,9755,33061,15825,17236,37784,18256,19528,33061,15952,17109,18891,8968,9923,4723,2259,2464,
70865,18895,9140,9755,33065,15827,17238,37788,18259,19529,33063,15952,17111,18893,8969,9924,4723,2259,2464,
70870,18896,9140,9756,33068,15828,17240,37791,18261,19530,33066,15953,17113,18893,8969,9924,4724,2260,2464,
70875,18898,9140,9758,33068,15828,17240,37792,18262,19530,33068,15954,17114,18895,8970,9925,4724,2260,2464,
70880,18899,9140,9759,33072,15831,17241,37796,18265,19531,33070,15955,17115,18897,8971,9926,4724,2260,2464,
70885,18900,9140,9760,33075,15833,17242,37799,18266,19533,33073,15956,17117,18897,8971,9926,4725,2260,2465,
70890,18902,9141,9761,33075,15833,17242,37800,18266,19534,33075,15956,17119,18899,8972,9927,4725,2260,2465,
70895,18903,9141,9762,33079,15836,17243,37804,18267,19537,33077,15957,17120,18901,8974,9927,4725,2260,2465,
70900,18904,9141,9763,33082,15839,17243,37807,18269,19538,33080,15959,17121,18901,8974,9927,4726,2261,2465,
70905,18906,9142,9764,33082,15839,17243,37808,18270,19538,33082,15960,17122,18903,8975,9928,4726,2261,2465,
70910,18907,9143,9764,33086,15842,17244,37812,18271,19541,33084,15962,17122,18905,8976,9929,4726,2261,2465,
70915,18908,9143,9765,33089,15843,17246,37815,18272,19543,33087,15964,17123,18905,8976,9929,4727,2262,2465,
70920,18910,9144,9766,33089,15843,17246,37816,18273,19543,33089,15965,17124,18907,8977,9930,4727,2262,2465,
70925,18911,9144,9767,33093,15845,17248,37820,18277,19543,33091,15965,17126,18909,8979,9930,4727,2262,2465,
70930,18912,9145,9767,33096,15846,17250,37823,18280,19543,33094,15967,17127,18909,8979,9930,4728,2262,2466,
70935,18914,9147,9767,33096,15846,17250,37824,18281,19543,33096,15968,17128,18911,8979,9932,4728,2262,2466,
70940,18915,9147,9768,33100,15847,17253,37828,18284,19544,33098,15969,17129,18913,8980,9933,4728,2262,2466,
70945,18916,9147,9769,33103,15848,17255,37831,18286,19545,33101,15971,17130,18913,8980,9933,4729,2262,2467,
70950,18918,9148,9770,33103,15848,17255,37832,18286,19546,33103,15973,17130,18915,8982,9933,4729,2262,2467,
70955,18919,9149,9770,33107,15850,17257,37836,18286,19550,33105,15974,17131,18917,8983,9934,4729,2262,2467,
70960,18920,9149,9771,33110,15852,17258,37839,18287,19552,33108,15976,17132,18917,8983,9934,4730,2263,2467,
70965,18922,9150,9772,33110,15852,17258,37840,18287,19553,33110,15976,17134,18919,8984,9935,4730,2263,2467,
70970,18923,9150,9773,33114,15855,17259,37844,18290,19554,33112,15977,17135,18921,8985,9936,4730,2263,2467,
70975,18924,9150,9774,33117,15857,17260,37847,18292,19555,33115,15977,17138,18921,8985,9936,4731,2264,2467,
70980,18926,9151,9775,33117,15857,17260,37848,18293,19555,33117,15978,17139,18923,8986,9937,4731,2264,2467,
70985,18927,9151,9776,33121,15861,17260,37852,18296,19556,33119,15979,17140,18925,8987,9938,4731,2264,2467,
70990,18928,9151,9777,33124,15864,17260,37855,18297,19558,33122,15981,17141,18925,8987,9938,4732,2265,2467,
70995,18930,9152,9778,33124,15864,17260,37856,18298,19558,33124,15982,17142,18927,8989,9938,4732,2265,2467,
71000,18931,9152,9779,33128,15866,17262,37860,18298,19562,33126,15982,17144,18929,8990,9939,4732,2265,2467,
71005,18932,9152,9780,33131,15867,17264,37863,18301,19562,33129,15983,17146,18929,8990,9939,4733,2266,2467,
71010,18934,9153,9781,33131,15867,17264,37864,18302,19562,33131,15983,17148,18931,8992,9939,4733,2266,2467,
71015,18935,9154,9781,33135,15869,17266,37868,18303,19565,33133,15985,17148,18933,8993,9940,4733,2266,2467,
71020,18936,9155,9781,33138,15872,17266,37871,18306,19565,33136,15987,17149,18933,8993,9940,4734,2267,2467,
71025,18938,9155,9783,33138,15872,17266,37872,18307,19565,33138,15988,17150,18935,8994,9941,4734,2267,2467,
71030,18939,9156,9783,33142,15873,17269,37876,18309,19567,33140,15989,17151,18937,8994,9943,4734,2267,2467,
71035,18940,9156,9784,33145,15873,17272,37879,18310,19569,33143,15990,17153,18937,8994,9943,4735,2268,2467,
71040,18942,9157,9785,33145,15873,17272,37880,18311,19569,33145,15990,17155,18939,8994,9945,4735,2268,2467,
71045,18943,9157,9786,33149,15873,17276,37884,18314,19570,33147,15990,17157,18941,8995,9946,4735,2268,2467,
71050,18944,9157,9787,33152,15874,17278,37887,18316,19571,33150,15990,17160,18941,8995,9946,4736,2269,2467,
71055,18946,9158,9788,33152,15874,17278,37888,18316,19572,33152,15990,17162,18943,8995,9948,4736,2269,2467,
71060,18947,9158,9789,33156,15877,17279,37892,18318,19574,33154,15990,17164,18945,8997,9948,4736,2269,2467,
71065,18948,9159,9789,33159,15878,17281,37895,18319,19576,33157,15992,17165,18945,8997,9948,4737,2270,2467,
71070,18950,9159,9791,33159,15878,17281,37896,18320,19576,33159,15993,17166,18947,8997,9950,4737,2270,2467,
71075,18951,9159,9792,33163,15879,17284,37900,18322,19578,33161,15994,17167,18949,8997,9952,4737,2270,2467,
71080,18952,9159,9793,33166,15880,17286,37903,18323,19580,33164,15995,17169,18949,8997,9952,4738,2270,2468,
71085,18954,9160,9794,33166,15880,17286,37904,18324,19580,33166,15996,17170,18951,8999,9952,4738,2270,2468,
71090,18955,9161,9794,33170,15883,17287,37908,18328,19580,33168,15997,17171,18953,9001,9952,4738,2270,2468,
71095,18956,9162,9794,33173,15884,17289,37911,18330,19581,33171,15999,17172,18953,9001,9952,4739,2271,2468,
71100,18958,9164,9794,33173,15884,17289,37912,18330,19582,33173,15999,17174,18955,9001,9954,4739,2271,2468,
71105,18959,9165,9794,33177,15887,17290,37916,18333,19583,33175,15999,17176,18957,9002,9955,4739,2271,2468,
71110,18960,9165,9795,33180,15888,17292,37919,18333,19586,33178,16001,17177,18957,9002,9955,4740,2272,2468,
71115,18962,9166,9796,33180,15888,17292,37920,18333,19587,33180,16003,17177,18959,9003,9956,4740,2272,2468,
71120,18963,9166,9797,33184,15890,17294,37924,18336,19588,33182,16005,17177,18961,9005,9956,4740,2272,2468,
71125,18964,9167,9797,33187,15892,17295,37927,18338,19589,33185,16006,17179,18961,9005,9956,4741,2273,2468,
71130,18966,9168,9798,33187,15892,17295,37928,18339,19589,33187,16006,17181,18963,9006,9957,4741,2273,2468,
71135,18967,9169,9798,33191,15894,17297,37932,18340,19592,33189,16007,17182,18965,9007,9958,4741,2273,2468,
71140,18968,9169,9799,33194,15896,17298,37935,18342,19593,33192,16008,17184,18965,9007,9958,4742,2274,2468,
71145,18970,9169,9801,33194,15896,17298,37936,18343,19593,33194,16008,17186,18967,9009,9958,4742,2274,2468,
71150,18971,9169,9802,33198,15899,17299,37940,18344,19596,33196,16008,17188,18969,9009,9960,4742,2274,2468,
71155,18972,9169,9803,33201,15902,17299,37943,18347,19596,33199,16008,17191,18969,9009,9960,4743,2274,2469,
71160,18974,9170,9804,33201,15902,17299,37944,18348,19596,33201,16009,17192,18971,9010,9961,4743,2274,2469,
71165,18975,9171,9804,33205,15904,17301,37948,18351,19597,33203,16011,17192,18973,9011,9962,4743,2274,2469,
71170,18976,9171,9805,33208,15905,17303,37951,18352,19599,33206,16013,17193,18973,9011,9962,4744,2274,2470,
71175,18978,9171,9807,33208,15905,17303,37952,18352,19600,33208,16013,17195,18975,9012,9963,4744,2274,2470,
71180,18979,9172,9807,33212,15909,17303,37956,18355,19601,33210,16013,17197,18977,9014,9963,4744,2274,2470,
71185,18980,9172,9808,33215,15910,17305,37959,18357,19602,33213,16014,17199,18977,9014,9963,4745,2275,2470,
71190,18982,9173,9809,33215,15910,17305,37960,18357,19603,33215,16016,17199,18979,9015,9964,4745,2275,2470,
71195,18983,9173,9810,33219,15911,17308,37964,18359,19605,33217,16017,17200,18981,9016,9965,4745,2275,2470,
71200,18984,9173,9811,33222,15914,17308,37967,18362,19605,33220,16020,17200,18981,9016,9965,4746,2276,2470,
71205,18986,9174,9812,33222,15914,17308,37968,18362,19606,33222,16022,17200,18983,9017,9966,4746,2276,2470,
71210,18987,9175,9812,33226,15917,17309,37972,18365,19607,33224,16023,17201,18985,9018,9967,4746,2276,2470,
71215,18988,9175,9813,33229,15919,17310,37975,18366,19609,33227,16025,17202,18985,9018,9967,4747,2277,2470,
71220,18990,9177,9813,33229,15919,17310,37976,18366,19610,33229,16027,17202,18987,9018,9969,4747,2277,2470,
71225,18991,9177,9814,33233,15922,17311,37980,18369,19611,33231,16027,17204,18989,9018,9971,4747,2277,2470,
71230,18992,9177,9815,33236,15923,17313,37983,18370,19613,33234,16028,17206,18989,9018,9971,4748,2277,2471,
71235,18994,9177,9817,33236,15923,17313,37984,18371,19613,33236,16028,17208,18991,9018,9973,4748,2277,2471,
71240,18995,9178,9817,33240,15926,17314,37988,18374,19614,33238,16029,17209,18993,9018,9975,4748,2277,2471,
71245,18996,9178,9818,33243,15927,17316,37991,18375,19616,33241,16029,17212,18993,9018,9975,4749,2278,2471,
71250,18998,9180,9818,33243,15927,17316,37992,18375,19617,33243,16031,17212,18995,9019,9976,4749,2278,2471,
71255,18999,9181,9818,33247,15928,17319,37996,18377,19619,33245,16031,17214,18997,9020,9977,4749,2278,2471,
71260,19000,9181,9819,33250,15928,17322,37999,18377,19622,33248,16032,17216,18997,9020,9977,4750,2279,2471,
71265,19002,9183,9819,33250,15928,17322,38000,18378,19622,33250,16033,17217,18999,9021,9978,4750,2279,2471,
71270,19003,9184,9819,33254,15929,17325,38004,18380,19624,33252,16033,17219,19001,9021,9980,4750,2279,2471,
71275,19004,9184,9820,33257,15930,17327,38007,18381,19626,33255,16035,17220,19001,9021,9980,4751,2280,2471,
71280,19006,9186,9820,33257,15930,17327,38008,18381,19627,33257,16036,17221,19003,9022,9981,4751,2280,2471,
71285,19007,9186,9821,33261,15931,17330,38012,18383,19629,33259,16037,17222,19005,9023,9982,4751,2280,2471,
71290,19008,9186,9822,33264,15932,17332,38015,18384,19631,33262,16038,17224,19005,9023,9982,4752,2280,2472,
71295,19010,9188,9822,33264,15932,17332,38016,18384,19632,33264,16038,17226,19007,9025,9982,4752,2280,2472,
71300,19011,9189,9822,33268,15935,17333,38020,18386,19634,33266,16040,17226,19009,9026,9983,4752,2280,2472,
71305,19012,9189,9823,33271,15936,17335,38023,18388,19635,33269,16042,17227,19009,9026,9983,4753,2280,2473,
71310,19014,9191,9823,33271,15936,17335,38024,18388,19636,33271,16043,17228,19011,9027,9984,4753,2280,2473,
71315,19015,9192,9823,33275,15938,17337,38028,18390,19638,33273,16045,17228,19013,9029,9984,4753,2280,2473,
71320,19016,9192,9824,33278,15940,17338,38031,18390,19641,33276,16046,17230,19013,9029,9984,4754,2280,2474,
71325,19018,9193,9825,33278,15940,17338,38032,18390,19642,33278,16048,17230,19015,9031,9984,4754,2280,2474,
71330,19019,9194,9825,33282,15942,17340,38036,18391,19645,33280,16048,17232,19017,9032,9985,4754,2280,2474,
71335,19020,9194,9826,33285,15944,17341,38039,18393,19646,33283,16050,17233,19017,9032,9985,4755,2281,2474,
71340,19022,9196,9826,33285,15944,17341,38040,18394,19646,33285,16051,17234,19019,9033,9986,4755,2281,2474,
71345,19023,9196,9827,33289,15946,17343,38044,18395,19649,33287,16052,17235,19021,9034,9987,4755,2281,2474,
71350,19024,9197,9827,33292,15947,17345,38047,18397,19650,33290,16054,17236,19021,9034,9987,4756,2281,2475,
71355,19026,9199,9827,33292,15947,17345,38048,18398,19650,33292,16054,17238,19023,9035,9988,4756,2281,2475,
71360,19027,9200,9827,33296,15948,17348,38052,18401,19651,33294,16055,17239,19025,9035,9990,4756,2281,2475,
71365,19028,9200,9828,33299,15949,17350,38055,18404,19651,33297,16055,17242,19025,9035,9990,4757,2282,2475,
71370,19030,9200,9830,33299,15949,17350,38056,18404,19652,33299,16057,17242,19027,9036,9991,4757,2282,2475,
71375,19031,9200,9831,33303,15950,17353,38060,18406,19654,33301,16057,17244,19029,9037,9992,4757,2282,2475,
71380,19032,9200,9832,33306,15950,17356,38063,18408,19655,33304,16059,17245,19029,9037,9992,4758,2283,2475,
71385,19034,9201,9833,33306,15950,17356,38064,18409,19655,33306,16059,17247,19031,9038,9993,4758,2283,2475,
71390,19035,9202,9833,33310,15954,17356,38068,18411,19657,33308,16059,17249,19033,9039,9994,4758,2283,2475,
71395,19036,9203,9833,33313,15956,17357,38071,18413,19658,33311,16060,17251,19033,9039,9994,4759,2284,2475,
71400,19038,9204,9834,33313,15956,17357,38072,18414,19658,33313,16061,17252,19035,9040,9995,4759,2284,2475,
71405,19039,9204,9835,33317,15958,17359,38076,18415,19661,33315,16062,17253,19037,9041,9996,4759,2284,2475,
71410,19040,9205,9835,33320,15959,17361,38079,18416,19663,33318,16064,17254,19037,9041,9996,4760,2284,2476,
71415,19042,9207,9835,33320,15959,17361,38080,18417,19663,33320,16065,17255,19039,9041,9998,4760,2284,2476,
71420,19043,9207,9836,33324,15962,17362,38084,18419,19665,33322,16066,17256,19041,9042,9999,4760,2284,2476,
71425,19044,9208,9836,33327,15962,17365,38087,18420,19667,33325,16068,17257,19041,9042,9999,4761,2284,2477,
71430,19046,9209,9837,33327,15962,17365,38088,18420,19668,33327,16069,17258,19043,9042,10001,4761,2284,2477,
71435,19047,9210,9837,33331,15964,17367,38092,18422,19670,33329,16070,17259,19045,9043,10002,4761,2284,2477,
71440,19048,9210,9838,33334,15965,17369,38095,18423,19672,33332,16071,17261,19045,9043,10002,4762,2284,2478,
71445,19050,9211,9839,33334,15965,17369,38096,18423,19673,33334,16073,17261,19047,9044,10003,4762,2284,2478,
71450,19051,9211,9840,33338,15967,17371,38100,18426,19674,33336,16075,17261,19049,9045,10004,4762,2284,2478,
71455,19052,9212,9840,33341,15967,17374,38103,18426,19677,33339,16076,17263,19049,9045,10004,4763,2284,2479,
71460,19054,9214,9840,33341,15967,17374,38104,18426,19678,33341,16077,17264,19051,9045,10006,4763,2284,2479,
71465,19055,9214,9841,33345,15968,17377,38108,18430,19678,33343,16078,17265,19053,9047,10006,4763,2284,2479,
71470,19056,9215,9841,33348,15968,17380,38111,18431,19680,33346,16080,17266,19053,9047,10006,4764,2284,2480,
71475,19058,9217,9841,33348,15968,17380,38112,18432,19680,33348,16081,17267,19055,9047,10008,4764,2284,2480,
71480,19059,9218,9841,33352,15971,17381,38116,18435,19681,33350,16083,17267,19057,9049,10008,4764,2284,2480,
71485,19060,9218,9842,33355,15973,17382,38119,18436,19683,33353,16083,17270,19057,9049,10008,4765,2285,2480,
71490,19062,9218,9844,33355,15973,17382,38120,18437,19683,33355,16085,17270,19059,9050,10009,4765,2285,2480,
71495,19063,9218,9845,33359,15975,17384,38124,18439,19685,33357,16086,17271,19061,9051,10010,4765,2285,2480,
71500,19064,9218,9846,33362,15978,17384,38127,18439,19688,33360,16087,17273,19061,9051,10010,4766,2285,2481,
71505,19066,9220,9846,33362,15978,17384,38128,18440,19688,33362,16088,17274,19063,9051,10012,4766,2285,2481,
71510,19067,9220,9847,33366,15980,17386,38132,18442,19690,33364,16088,17276,19065,9051,10014,4766,2285,2481,
71515,19068,9220,9848,33369,15981,17388,38135,18444,19691,33367,16089,17278,19065,9051,10014,4767,2285,2482,
71520,19070,9222,9848,33369,15981,17388,38136,18445,19691,33369,16089,17280,19067,9052,10015,4767,2285,2482,
71525,19071,9223,9848,33373,15982,17391,38140,18447,19693,33371,16090,17281,19069,9053,10016,4767,2285,2482,
71530,19072,9224,9848,33376,15982,17394,38143,18450,19693,33374,16092,17282,19069,9053,10016,4768,2285,2483,
71535,19074,9225,9849,33376,15982,17394,38144,18450,19694,33376,16093,17283,19071,9054,10017,4768,2285,2483,
71540,19075,9225,9850,33380,15983,17397,38148,18453,19695,33378,16094,17284,19073,9054,10019,4768,2285,2483,
71545,19076,9226,9850,33383,15985,17398,38151,18454,19697,33381,16096,17285,19073,9054,10019,4769,2285,2484,
71550,19078,9227,9851,33383,15985,17398,38152,18455,19697,33383,16096,17287,19075,9055,10020,4769,2285,2484,
71555,19079,9228,9851,33387,15988,17399,38156,18458,19698,33385,16097,17288,19077,9056,10021,4769,2285,2484,
71560,19080,9228,9852,33390,15990,17400,38159,18459,19700,33388,16098,17290,19077,9056,10021,4770,2286,2484,
71565,19082,9229,9853,33390,15990,17400,38160,18460,19700,33390,16099,17291,19079,9057,10022,4770,2286,2484,
71570,19083,9230,9853,33394,15991,17403,38164,18462,19702,33392,16099,17293,19081,9058,10023,4770,2286,2484,
71575,19084,9230,9854,33397,15992,17405,38167,18464,19703,33395,16100,17295,19081,9058,10023,4771,2287,2484,
71580,19086,9231,9855,33397,15992,17405,38168,18465,19703,33397,16100,17297,19083,9060,10023,4771,2287,2484,
71585,19087,9232,9855,33401,15992,17409,38172,18466,19706,33399,16101,17298,19085,9060,10025,4771,2287,2484,
71590,19088,9232,9856,33404,15993,17411,38175,18467,19708,33402,16102,17300,19085,9060,10025,4772,2287,2485,
71595,19090,9233,9857,33404,15993,17411,38176,18467,19709,33404,16103,17301,19087,9061,10026,4772,2287,2485,
71600,19091,9233,9858,33408,15994,17414,38180,18469,19711,33406,16103,17303,19089,9061,10028,4772,2287,2485,
71605,19092,9233,9859,33411,15996,17415,38183,18471,19712,33409,16106,17303,19089,9061,10028,4773,2287,2486,
71610,19094,9233,9861,33411,15996,17415,38184,18471,19713,33411,16106,17305,19091,9062,10029,4773,2287,2486,
71615,19095,9234,9861,33415,15998,17417,38188,18475,19713,33413,16107,17306,19093,9063,10030,4773,2287,2486,
71620,19096,9235,9861,33418,15999,17419,38191,18476,19715,33416,16108,17308,19093,9063,10030,4774,2287,2487,
71625,19098,9237,9861,33418,15999,17419,38192,18477,19715,33418,16110,17308,19095,9063,10032,4774,2287,2487,
71630,19099,9237,9862,33422,16001,17421,38196,18481,19715,33420,16110,17310,19097,9064,10033,4774,2287,2487,
71635,19100,9237,9863,33425,16002,17423,38199,18483,19716,33423,16111,17312,19097,9064,10033,4775,2288,2487,
71640,19102,9239,9863,33425,16002,17423,38200,18483,19717,33425,16113,17312,19099,9065,10034,4775,2288,2487,
71645,19103,9239,9864,33429,16003,17426,38204,18485,19719,33427,16115,17312,19101,9065,10036,4775,2288,2487,
71650,19104,9240,9864,33432,16004,17428,38207,18486,19721,33430,16117,17313,19101,9065,10036,4776,2289,2487,
71655,19106,9241,9865,33432,16004,17428,38208,18486,19722,33432,16118,17314,19103,9066,10037,4776,2289,2487,
71660,19107,9241,9866,33436,16004,17432,38212,18487,19725,33434,16119,17315,19105,9067,10038,4776,2289,2487,
71665,19108,9242,9866,33439,16006,17433,38215,18487,19728,33437,16120,17317,19105,9067,10038,4777,2289,2488,
71670,19110,9242,9868,33439,16006,17433,38216,18488,19728,33439,16121,17318,19107,9069,10038,4777,2289,2488,
71675,19111,9242,9869,33443,16008,17435,38220,18491,19729,33441,16122,17319,19109,9069,10040,4777,2289,2488,
71680,19112,9242,9870,33446,16009,17437,38223,18492,19731,33444,16124,17320,19109,9069,10040,4778,2290,2488,
71685,19114,9244,9870,33446,16009,17437,38224,18492,19732,33446,16126,17320,19111,9070,10041,4778,2290,2488,
71690,19115,9244,9871,33450,16011,17439,38228,18493,19735,33448,16127,17321,19113,9071,10042,4778,2290,2488,
71695,19116,9245,9871,33453,16012,17441,38231,18493,19738,33451,16128,17323,19113,9071,10042,4779,2290,2489,
71700,19118,9246,9872,33453,16012,17441,38232,18494,19738,33453,16129,17324,19115,9073,10042,4779,2290,2489,
71705,19119,9247,9872,33457,16012,17445,38236,18495,19741,33455,16130,17325,19117,9073,10044,4779,2290,2489,
71710,19120,9248,9872,33460,16013,17447,38239,18498,19741,33458,16132,17326,19117,9073,10044,4780,2291,2489,
71715,19122,9250,9872,33460,16013,17447,38240,18498,19742,33460,16133,17327,19119,9075,10044,4780,2291,2489,
71720,19123,9251,9872,33464,16016,17448,38244,18500,19744,33462,16134,17328,19121,9076,10045,4780,2291,2489,
71725,19124,9252,9872,33467,16017,17450,38247,18502,19745,33465,16136,17329,19121,9076,10045,4781,2292,2489,
71730,19126,9252,9874,33467,16017,17450,38248,18503,19745,33467,16136,17331,19123,9078,10045,4781,2292,2489,
71735,19127,9252,9875,33471,16019,17452,38252,18505,19747,33469,16138,17331,19125,9079,10046,4781,2292,2489,
71740,19128,9252,9876,33474,16021,17453,38255,18506,19749,33472,16140,17332,19125,9079,10046,4782,2292,2490,
71745,19130,9252,9878,33474,16021,17453,38256,18506,19750,33474,16140,17334,19127,9080,10047,4782,2292,2490,
71750,19131,9252,9879,33478,16024,17454,38260,18507,19753,33476,16142,17334,19129,9080,10049,4782,2292,2490,
71755,19132,9253,9879,33481,16027,17454,38263,18508,19755,33479,16144,17335,19129,9080,10049,4783,2292,2491,
71760,19134,9255,9879,33481,16027,17454,38264,18508,19756,33481,16145,17336,19131,9081,10050,4783,2292,2491,
71765,19135,9256,9879,33485,16029,17456,38268,18510,19758,33483,16147,17336,19133,9082,10051,4783,2292,2491,
71770,19136,9256,9880,33488,16030,17458,38271,18512,19759,33486,16148,17338,19133,9082,10051,4784,2292,2492,
71775,19138,9256,9882,33488,16030,17458,38272,18513,19759,33488,16148,17340,19135,9082,10053,4784,2292,2492,
71780,19139,9256,9883,33492,16031,17461,38276,18515,19761,33490,16148,17342,19137,9084,10053,4784,2292,2492,
71785,19140,9256,9884,33495,16033,17462,38279,18517,19762,33493,16150,17343,19137,9084,10053,4785,2292,2493,
71790,19142,9257,9885,33495,16033,17462,38280,18517,19763,33495,16152,17343,19139,9086,10053,4785,2292,2493,
71795,19143,9257,9886,33499,16037,17462,38284,18519,19765,33497,16154,17343,19141,9086,10055,4785,2292,2493,
71800,19144,9257,9887,33502,16040,17462,38287,18521,19766,33500,16154,17346,19141,9086,10055,4786,2292,2494,
71805,19146,9258,9888,33502,16040,17462,38288,18522,19766,33502,16155,17347,19143,9087,10056,4786,2292,2494,
71810,19147,9259,9888,33506,16043,17463,38292,18525,19767,33504,16156,17348,19145,9088,10057,4786,2292,2494,
71815,19148,9259,9889,33509,16044,17465,38295,18528,19767,33507,16158,17349,19145,9088,10057,4787,2292,2495,
71820,19150,9259,9891,33509,16044,17465,38296,18528,19768,33509,16160,17349,19147,9089,10058,4787,2292,2495,
71825,19151,9259,9892,33513,16046,17467,38300,18530,19770,33511,16162,17349,19149,9090,10059,4787,2292,2495,
71830,19152,9260,9892,33516,16048,17468,38303,18531,19772,33514,16165,17349,19149,9090,10059,4788,2292,2496,
71835,19154,9261,9893,33516,16048,17468,38304,18532,19772,33516,16165,17351,19151,9090,10061,4788,2292,2496,
71840,19155,9262,9893,33520,16049,17471,38308,18534,19774,33518,16166,17352,19153,9091,10062,4788,2292,2496,
71845,19156,9263,9893,33523,16051,17472,38311,18535,19776,33521,16167,17354,19153,9091,10062,4789,2292,2497,
71850,19158,9263,9895,33523,16051,17472,38312,18535,19777,33523,16167,17356,19155,9092,10063,4789,2292,2497,
71855,19159,9263,9896,33527,16054,17473,38316,18537,19779,33525,16167,17358,19157,9092,10065,4789,2292,2497,
71860,19160,9263,9897,33530,16056,17474,38319,18539,19780,33528,16169,17359,19157,9092,10065,4790,2292,2498,
71865,19162,9265,9897,33530,16056,17474,38320,18539,19781,33530,16171,17359,19159,9094,10065,4790,2292,2498,
71870,19163,9266,9897,33534,16057,17477,38324,18541,19783,33532,16171,17361,19161,9095,10066,4790,2292,2498,
71875,19164,9266,9898,33537,16058,17479,38327,18541,19786,33535,16174,17361,19161,9095,10066,4791,2292,2499,
71880,19166,9266,9900,33537,16058,17479,38328,18541,19787,33537,16176,17361,19163,9096,10067,4791,2292,2499,
71885,19167,9267,9900,33541,16060,17481,38332,18542,19790,33539,16178,17361,19165,9098,10067,4791,2292,2499,
71890,19168,9267,9901,33544,16063,17481,38335,18544,19791,33542,16179,17363,19165,9098,10067,4792,2292,2500,
71895,19170,9267,9903,33544,16063,17481,38336,18545,19791,33544,16180,17364,19167,9100,10067,4792,2292,2500,
71900,19171,9267,9904,33548,16065,17483,38340,18547,19793,33546,16181,17365,19169,9101,10068,4792,2292,2500,
71905,19172,9268,9904,33551,16067,17484,38343,18548,19795,33549,16183,17366,19169,9101,10068,4793,2293,2500,
71910,19174,9269,9905,33551,16067,17484,38344,18548,19796,33551,16184,17367,19171,9103,10068,4793,2293,2500,
71915,19175,9270,9905,33555,16071,17484,38348,18550,19798,33553,16185,17368,19173,9103,10070,4793,2293,2500,
71920,19176,9271,9905,33558,16073,17485,38351,18552,19799,33556,16186,17370,19173,9103,10070,4794,2294,2500,
71925,19178,9271,9907,33558,16073,17485,38352,18553,19799,33558,16187,17371,19175,9103,10072,4794,2294,2500,
71930,19179,9272,9907,33562,16075,17487,38356,18555,19801,33560,16187,17373,19177,9104,10073,4794,2294,2500,
71935,19180,9273,9907,33565,16078,17487,38359,18558,19801,33563,16188,17375,19177,9104,10073,4795,2295,2500,
71940,19182,9274,9908,33565,16078,17487,38360,18559,19801,33565,16190,17375,19179,9105,10074,4795,2295,2500,
71945,19183,9274,9909,33569,16080,17489,38364,18561,19803,33567,16192,17375,19181,9105,10076,4795,2295,2500,
71950,19184,9275,9909,33572,16081,17491,38367,18561,19806,33570,16193,17377,19181,9105,10076,4796,2296,2500,
71955,19186,9277,9909,33572,16081,17491,38368,18561,19807,33572,16194,17378,19183,9107,10076,4796,2296,2500,
71960,19187,9278,9909,33576,16083,17493,38372,18563,19809,33574,16195,17379,19185,9108,10077,4796,2296,2500,
71965,19188,9278,9910,33579,16083,17496,38375,18565,19810,33577,16196,17381,19185,9108,10077,4797,2297,2500,
71970,19190,9279,9911,33579,16083,17496,38376,18566,19810,33579,16197,17382,19187,9108,10079,4797,2297,2500,
71975,19191,9279,9912,33583,16086,17497,38380,18567,19813,33581,16199,17382,19189,9108,10081,4797,2297,2500,
71980,19192,9280,9912,33586,16087,17499,38383,18568,19815,33584,16200,17384,19189,9108,10081,4798,2297,2501,
71985,19194,9281,9913,33586,16087,17499,38384,18569,19815,33586,16200,17386,19191,9108,10083,4798,2297,2501,
71990,19195,9281,9914,33590,16090,17500,38388,18572,19816,33588,16200,17388,19193,9109,10084,4798,2297,2501,
71995,19196,9281,9915,33593,16091,17502,38391,18573,19818,33591,16201,17390,19193,9109,10084,4799,2297,2502,
72000,19198,9282,9916,33593,16091,17502,38392,18574,19818,33593,16201,17392,19195,9110,10085,4799,2297,2502,
72005,19199,9282,9917,33597,16092,17505,38396,18577,19819,33595,16202,17393,19197,9110,10087,4799,2297,2502,
72010,19200,9283,9917,33600,16093,17507,38399,18578,19821,33598,16204,17394,19197,9110,10087,4800,2297,2503,
72015,19202,9284,9918,33600,16093,17507,38400,18578,19822,33600,16205,17395,19199,9110,10089,4800,2297,2503,
72020,19203,9285,9918,33604,16094,17510,38404,18580,19824,33602,16206,17396,19201,9110,10091,4800,2297,2503,
72025,19204,9285,9919,33607,16096,17511,38407,18581,19826,33605,16208,17397,19201,9110,10091,4801,2297,2504,
72030,19206,9287,9919,33607,16096,17511,38408,18582,19826,33607,16210,17397,19203,9110,10093,4801,2297,2504,
72035,19207,9288,9919,33611,16099,17512,38412,18585,19827,33609,16212,17397,19205,9111,10094,4801,2297,2504,
72040,19208,9289,9919,33614,16101,17513,38415,18588,19827,33612,16213,17399,19205,9111,10094,4802,2297,2505,
72045,19210,9290,9920,33614,16101,17513,38416,18588,19828,33614,16214,17400,19207,9112,10095,4802,2297,2505,
72050,19211,9291,9920,33618,16103,17515,38420,18589,19831,33616,16214,17402,19209,9113,10096,4802,2297,2505,
72055,19212,9292,9920,33621,16104,17517,38423,18590,19833,33619,16216,17403,19209,9113,10096,4803,2298,2505,
72060,19214,9292,9922,33621,16104,17517,38424,18591,19833,33621,16217,17404,19211,9114,10097,4803,2298,2505,
72065,19215,9292,9923,33625,16106,17519,38428,18592,19836,33623,16218,17405,19213,9115,10098,4803,2298,2505,
72070,19216,9293,9923,33628,16108,17520,38431,18593,19838,33626,16219,17407,19213,9115,10098,4804,2299,2505,
72075,19218,9294,9924,33628,16108,17520,38432,18593,19839,33628,16220,17408,19215,9116,10099,4804,2299,2505,
72080,19219,9295,9924,33632,16110,17522,38436,18595,19841,33630,16221,17409,19217,9118,10099,4804,2299,2505,
72085,19220,9296,9924,33635,16111,17524,38439,18596,19843,33633,16223,17410,19217,9118,10099,4805,2300,2505,
72090,19222,9297,9925,33635,16111,17524,38440,18597,19843,33635,16223,17412,19219,9118,10101,4805,2300,2505,
72095,19223,9298,9925,33639,16113,17526,38444,18600,19844,33637,16224,17413,19221,9118,10103,4805,2300,2505,
72100,19224,9298,9926,33642,16115,17527,38447,18602,19845,33640,16224,17416,19221,9118,10103,4806,2300,2506,
72105,19226,9300,9926,33642,16115,17527,38448,18602,19846,33642,16225,17417,19223,9118,10105,4806,2300,2506,
72110,19227,9301,9926,33646,16116,17530,38452,18606,19846,33644,16226,17418,19225,9119,10106,4806,2300,2506,
72115,19228,9302,9926,33649,16118,17531,38455,18606,19849,33647,16227,17420,19225,9119,10106,4807,2301,2506,
72120,19230,9303,9927,33649,16118,17531,38456,18606,19850,33649,16228,17421,19227,9121,10106,4807,2301,2506,
72125,19231,9304,9927,33653,16119,17534,38460,18608,19852,33651,16229,17422,19229,9122,10107,4807,2301,2506,
72130,19232,9304,9928,33656,16120,17536,38463,18609,19854,33654,16230,17424,19229,9122,10107,4808,2301,2507,
72135,19234,9304,9930,33656,16120,17536,38464,18609,19855,33656,16231,17425,19231,9123,10108,4808,2301,2507,
72140,19235,9305,9930,33660,16122,17538,38468,18610,19858,33658,16231,17427,19233,9124,10109,4808,2301,2507,
72145,19236,9305,9931,33663,16124,17539,38471,18612,19859,33661,16232,17429,19233,9124,10109,4809,2302,2507,
72150,19238,9305,9933,33663,16124,17539,38472,18613,19859,33663,16233,17430,19235,9125,10110,4809,2302,2507,
72155,19239,9306,9933,33667,16126,17541,38476,18616,19860,33665,16233,17432,19237,9126,10111,4809,2302,2507,
72160,19240,9306,9934,33670,16127,17543,38479,18618,19861,33668,16235,17433,19237,9126,10111,4810,2302,2508,
72165,19242,9306,9936,33670,16127,17543,38480,18618,19862,33670,16235,17435,19239,9127,10112,4810,2302,2508,
72170,19243,9307,9936,33674,16130,17544,38484,18621,19863,33672,16237,17435,19241,9128,10113,4810,2302,2508,
72175,19244,9308,9936,33677,16131,17546,38487,18623,19864,33675,16238,17437,19241,9128,10113,4811,2303,2508,
72180,19246,9309,9937,33677,16131,17546,38488,18624,19864,33677,16238,17439,19243,9129,10114,4811,2303,2508,
72185,19247,9310,9937,33681,16133,17548,38492,18627,19865,33679,16238,17441,19245,9130,10115,4811,2303,2508,
72190,19248,9311,9937,33684,16135,17549,38495,18629,19866,33682,16240,17442,19245,9130,10115,4812,2304,2508,
72195,19250,9311,9939,33684,16135,17549,38496,18629,19867,33684,16242,17442,19247,9131,10116,4812,2304,2508,
72200,19251,9312,9939,33688,16137,17551,38500,18630,19870,33686,16242,17444,19249,9132,10117,4812,2304,2508,
72205,19252,9313,9939,33691,16138,17553,38503,18632,19871,33689,16244,17445,19249,9132,10117,4813,2304,2509,
72210,19254,9314,9940,33691,16138,17553,38504,18633,19871,33691,16244,17447,19251,9132,10119,4813,2304,2509,
72215,19255,9314,9941,33695,16140,17555,38508,18637,19871,33693,16245,17448,19253,9134,10119,4813,2304,2509,
72220,19256,9314,9942,33698,16142,17556,38511,18638,19873,33696,16246,17450,19253,9134,10119,4814,2305,2509,
72225,19258,9315,9943,33698,16142,17556,38512,18638,19874,33698,16247,17451,19255,9135,10120,4814,2305,2509,
72230,19259,9316,9943,33702,16144,17558,38516,18640,19876,33700,16249,17451,19257,9137,10120,4814,2305,2509,
72235,19260,9317,9943,33705,16144,17561,38519,18640,19879,33703,16250,17453,19257,9137,10120,4815,2306,2509,
72240,19262,9318,9944,33705,16144,17561,38520,18640,19880,33705,16251,17454,19259,9137,10122,4815,2306,2509,
72245,19263,9318,9945,33709,16145,17564,38524,18642,19882,33707,16253,17454,19261,9137,10124,4815,2306,2509,
72250,19264,9318,9946,33712,16147,17565,38527,18644,19883,33710,16254,17456,19261,9137,10124,4816,2306,2510,
72255,19266,9318,9948,33712,16147,17565,38528,18644,19884,33712,16255,17457,19263,9137,10126,4816,2306,2510,
72260,19267,9318,9949,33716,16149,17567,38532,18645,19887,33714,16255,17459,19265,9138,10127,4816,2306,2510,
72265,19268,9319,9949,33719,16149,17570,38535,18645,19890,33717,16255,17462,19265,9138,10127,4817,2306,2511,
72270,19270,9319,9951,33719,16149,17570,38536,18646,19890,33719,16256,17463,19267,9138,10129,4817,2306,2511,
72275,19271,9320,9951,33723,16149,17574,38540,18648,19892,33721,16257,17464,19269,9139,10130,4817,2306,2511,
72280,19272,9320,9952,33726,16150,17576,38543,18650,19893,33724,16258,17466,19269,9139,10130,4818,2307,2511,
72285,19274,9321,9953,33726,16150,17576,38544,18651,19893,33726,16259,17467,19271,9140,10131,4818,2307,2511,
72290,19275,9322,9953,33730,16153,17577,38548,18652,19896,33728,16259,17469,19273,9141,10132,4818,2307,2511,
72295,19276,9323,9953,33733,16154,17579,38551,18654,19897,33731,16261,17470,19273,9141,10132,4819,2307,2512,
72300,19278,9324,9954,33733,16154,17579,38552,18655,19897,33733,16262,17471,19275,9142,10133,4819,2307,2512,
72305,19279,9324,9955,33737,16157,17580,38556,18657,19899,33735,16263,17472,19277,9143,10134,4819,2307,2512,
72310,19280,9325,9955,33740,16158,17582,38559,18659,19900,33738,16265,17473,19277,9143,10134,4820,2307,2513,
72315,19282,9326,9956,33740,16158,17582,38560,18659,19901,33740,16266,17474,19279,9144,10135,4820,2307,2513,
72320,19283,9326,9957,33744,16161,17583,38564,18661,19903,33742,16268,17474,19281,9144,10137,4820,2307,2513,
72325,19284,9327,9957,33747,16162,17585,38567,18661,19906,33745,16270,17475,19281,9144,10137,4821,2308,2513,
72330,19286,9329,9957,33747,16162,17585,38568,18661,19907,33747,16271,17476,19283,9144,10139,4821,2308,2513,
72335,19287,9329,9958,33751,16162,17589,38572,18663,19909,33749,16271,17478,19285,9145,10140,4821,2308,2513,
72340,19288,9329,9959,33754,16163,17591,38575,18664,19911,33752,16273,17479,19285,9145,10140,4822,2308,2514,
72345,19290,9330,9960,33754,16163,17591,38576,18664,19912,33754,16274,17480,19287,9145,10142,4822,2308,2514,
72350,19291,9331,9960,33758,16166,17592,38580,18667,19913,33756,16276,17480,19289,9146,10143,4822,2308,2514,
72355,19292,9331,9961,33761,16166,17595,38583,18669,19914,33759,16278,17481,19289,9146,10143,4823,2309,2514,
72360,19294,9331,9963,33761,16166,17595,38584,18669,19915,33761,16278,17483,19291,9148,10143,4823,2309,2514,
72365,19295,9332,9963,33765,16168,17597,38588,18671,19917,33763,16279,17484,19293,9149,10144,4823,2309,2514,
72370,19296,9332,9964,33768,16168,17600,38591,18673,19918,33766,16280,17486,19293,9149,10144,4824,2310,2514,
72375,19298,9332,9966,33768,16168,17600,38592,18674,19918,33768,16281,17487,19295,9150,10145,4824,2310,2514,
72380,19299,9332,9967,33772,16169,17603,38596,18676,19920,33770,16282,17488,19297,9151,10146,4824,2310,2514,
72385,19300,9332,9968,33775,16170,17605,38599,18678,19921,33773,16284,17489,19297,9151,10146,4825,2310,2515,
72390,19302,9333,9969,33775,16170,17605,38600,18678,19922,33775,16286,17489,19299,9152,10147,4825,2310,2515,
72395,19303,9334,9969,33779,16170,17609,38604,18681,19923,33777,16287,17490,19301,9153,10148,4825,2310,2515,
72400,19304,9335,9969,33782,16173,17609,38607,18681,19926,33780,16288,17492,19301,9153,10148,4826,2310,2516,
72405,19306,9335,9971,33782,16173,17609,38608,18681,19927,33782,16288,17494,19303,9154,10149,4826,2310,2516,
72410,19307,9336,9971,33786,16175,17611,38612,18682,19930,33784,16289,17495,19305,9156,10149,4826,2310,2516,
72415,19308,9336,9972,33789,16177,17612,38615,18683,19932,33787,16290,17497,19305,9156,10149,4827,2310,2517,
72420,19310,9337,9973,33789,16177,17612,38616,18684,19932,33789,16291,17498,19307,9157,10150,4827,2310,2517,
72425,19311,9337,9974,33793,16181,17612,38620,18686,19934,33791,16292,17499,19309,9158,10151,4827,2310,2517,
72430,19312,9337,9975,33796,16182,17614,38623,18686,19937,33794,16292,17502,19309,9158,10151,4828,2310,2518,
72435,19314,9337,9977,33796,16182,17614,38624,18686,19938,33796,16293,17503,19311,9159,10152,4828,2310,2518,
72440,19315,9337,9978,33800,16184,17616,38628,18688,19940,33798,16294,17504,19313,9161,10152,4828,2310,2518,
72445,19316,9338,9978,33803,16184,17619,38631,18688,19943,33801,16295,17506,19313,9161,10152,4829,2311,2518,
72450,19318,9338,9980,33803,16184,17619,38632,18688,19944,33803,16296,17507,19315,9161,10154,4829,2311,2518,
72455,19319,9339,9980,33807,16186,17621,38636,18688,19948,33805,16297,17508,19317,9162,10155,4829,2311,2518,
72460,19320,9340,9980,33810,16187,17623,38639,18689,19950,33808,16298,17510,19317,9162,10155,4830,2311,2519,
72465,19322,9341,9981,33810,16187,17623,38640,18690,19950,33810,16299,17511,19319,9163,10156,4830,2311,2519,
72470,19323,9341,9982,33814,16188,17626,38644,18691,19953,33812,16299,17513,19321,9163,10158,4830,2311,2519,
72475,19324,9341,9983,33817,16190,17627,38647,18693,19954,33815,16302,17513,19321,9163,10158,4831,2311,2520,
72480,19326,9342,9984,33817,16190,17627,38648,18694,19954,33817,16302,17515,19323,9163,10160,4831,2311,2520,
72485,19327,9342,9985,33821,16194,17627,38652,18697,19955,33819,16303,17516,19325,9164,10161,4831,2311,2520,
72490,19328,9343,9985,33824,16195,17629,38655,18698,19957,33822,16305,17517,19325,9164,10161,4832,2311,2521,
72495,19330,9343,9987,33824,16195,17629,38656,18699,19957,33824,16307,17517,19327,9164,10163,4832,2311,2521,
72500,19331,9344,9987,33828,16196,17632,38660,18701,19959,33826,16309,17517,19329,9166,10163,4832,2311,2521,
72505,19332,9344,9988,33831,16197,17634,38663,18702,19961,33829,16310,17519,19329,9166,10163,4833,2312,2521,
72510,19334,9346,9988,33831,16197,17634,38664,18702,19962,33831,16311,17520,19331,9167,10164,4833,2312,2521,
72515,19335,9347,9988,33835,16200,17635,38668,18704,19964,33833,16313,17520,19333,9167,10166,4833,2312,2521,
72520,19336,9348,9988,33838,16202,17636,38671,18704,19967,33836,16315,17521,19333,9167,10166,4834,2313,2521,
72525,19338,9349,9989,33838,16202,17636,38672,18705,19967,33838,16315,17523,19335,9167,10168,4834,2313,2521,
72530,19339,9350,9989,33842,16203,17639,38676,18707,19969,33840,16315,17525,19337,9167,10170,4834,2313,2521,
72535,19340,9351,9989,33845,16205,17640,38679,18709,19970,33843,16317,17526,19337,9167,10170,4835,2313,2522,
72540,19342,9353,9989,33845,16205,17640,38680,18709,19971,33845,16318,17527,19339,9167,10172,4835,2313,2522,
72545,19343,9353,9990,33849,16208,17641,38684,18711,19973,33847,16320,17527,19341,9168,10173,4835,2313,2522,
72550,19344,9354,9990,33852,16208,17644,38687,18713,19974,33850,16321,17529,19341,9168,10173,4836,2313,2523,
72555,19346,9354,9992,33852,16208,17644,38688,18714,19974,33852,16322,17530,19343,9169,10174,4836,2313,2523,
72560,19347,9354,9993,33856,16211,17645,38692,18716,19976,33854,16322,17532,19345,9169,10176,4836,2313,2523,
72565,19348,9354,9994,33859,16213,17646,38695,18717,19978,33857,16325,17532,19345,9169,10176,4837,2313,2524,
72570,19350,9356,9994,33859,16213,17646,38696,18718,19978,33859,16325,17534,19347,9170,10177,4837,2313,2524,
72575,19351,9356,9995,33863,16216,17647,38700,18721,19979,33861,16326,17535,19349,9171,10178,4837,2313,2524,
72580,19352,9356,9996,33866,16216,17650,38703,18722,19981,33864,16327,17537,19349,9171,10178,4838,2314,2524,
72585,19354,9357,9997,33866,16216,17650,38704,18722,19982,33866,16328,17538,19351,9172,10179,4838,2314,2524,
72590,19355,9358,9997,33870,16219,17651,38708,18725,19983,33868,16329,17539,19353,9173,10180,4838,2314,2524,
72595,19356,9359,9997,33873,16222,17651,38711,18725,19986,33871,16330,17541,19353,9173,10180,4839,2314,2525,
72600,19358,9360,9998,33873,16222,17651,38712,18725,19987,33873,16331,17542,19355,9174,10181,4839,2314,2525,
72605,19359,9361,9998,33877,16224,17653,38716,18725,19991,33875,16331,17544,19357,9174,10183,4839,2314,2525,
72610,19360,9361,9999,33880,16224,17656,38719,18727,19992,33878,16333,17545,19357,9174,10183,4840,2314,2526,
72615,19362,9362,10000,33880,16224,17656,38720,18728,19992,33880,16334,17546,19359,9175,10184,4840,2314,2526,
72620,19363,9362,10001,33884,16227,17657,38724,18731,19993,33882,16335,17547,19361,9177,10184,4840,2314,2526,
72625,19364,9362,10002,33887,16230,17657,38727,18732,19995,33885,16336,17549,19361,9177,10184,4841,2315,2526,
72630,19366,9363,10003,33887,16230,17657,38728,18732,19996,33887,16337,17550,19363,9177,10186,4841,2315,2526,
72635,19367,9363,10004,33891,16233,17658,38732,18733,19999,33889,16337,17552,19365,9178,10187,4841,2315,2526,
72640,19368,9363,10005,33894,16235,17659,38735,18735,20000,33892,16338,17554,19365,9178,10187,4842,2316,2526,
72645,19370,9364,10006,33894,16235,17659,38736,18736,20000,33894,16339,17555,19367,9178,10189,4842,2316,2526,
72650,19371,9365,10006,33898,16237,17661,38740,18737,20003,33896,16340,17556,19369,9180,10189,4842,2316,2526,
72655,19372,9365,10007,33901,16239,17662,38743,18739,20004,33899,16343,17556,19369,9180,10189,4843,2316,2527,
72660,19374,9367,10007,33901,16239,17662,38744,18740,20004,33901,16344,17557,19371,9181,10190,4843,2316,2527,
72665,19375,9368,10007,33905,16243,17662,38748,18742,20006,33903,16345,17558,19373,9181,10192,4843,2316,2527,
72670,19376,9369,10007,33908,16243,17665,38751,18744,20007,33906,16347,17559,19373,9181,10192,4844,2316,2528,
72675,19378,9370,10008,33908,16243,17665,38752,18745,20007,33908,16348,17560,19375,9182,10193,4844,2316,2528,
72680,19379,9370,10009,33912,16246,17666,38756,18747,20009,33910,16349,17561,19377,9183,10194,4844,2316,2528,
72685,19380,9371,10009,33915,16247,17668,38759,18749,20010,33913,16349,17564,19377,9183,10194,4845,2317,2528,
72690,19382,9371,10011,33915,16247,17668,38760,18750,20010,33915,16351,17564,19379,9183,10196,4845,2317,2528,
72695,19383,9372,10011,33919,16249,17670,38764,18753,20011,33917,16353,17564,19381,9183,10198,4845,2317,2528,
72700,19384,9372,10012,33922,16250,17672,38767,18754,20013,33920,16353,17567,19381,9183,10198,4846,2317,2529,
72705,19386,9374,10012,33922,16250,17672,38768,18755,20013,33922,16353,17569,19383,9183,10200,4846,2317,2529,
72710,19387,9374,10013,33926,16252,17674,38772,18758,20014,33924,16354,17570,19385,9184,10201,4846,2317,2529,
72715,19388,9375,10013,33929,16253,17676,38775,18758,20017,33927,16356,17571,19385,9184,10201,4847,2317,2530,
72720,19390,9375,10015,33929,16253,17676,38776,18759,20017,33929,16358,17571,19387,9184,10203,4847,2317,2530,
72725,19391,9376,10015,33933,16254,17679,38780,18760,20020,33931,16358,17573,19389,9184,10205,4847,2317,2530,
72730,19392,9377,10015,33936,16255,17681,38783,18761,20022,33934,16359,17575,19389,9184,10205,4848,2318,2530,
72735,19394,9378,10016,33936,16255,17681,38784,18761,20023,33936,16360,17576,19391,9184,10207,4848,2318,2530,
72740,19395,9379,10016,33940,16258,17682,38788,18763,20025,33938,16360,17578,19393,9186,10207,4848,2318,2530,
72745,19396,9380,10016,33943,16260,17683,38791,18765,20026,33941,16363,17578,19393,9186,10207,4849,2319,2530,
72750,19398,9381,10017,33943,16260,17683,38792,18766,20026,33943,16363,17580,19395,9187,10208,4849,2319,2530,
72755,19399,9381,10018,33947,16261,17686,38796,18770,20026,33945,16364,17581,19397,9187,10210,4849,2319,2530,
72760,19400,9381,10019,33950,16261,17689,38799,18772,20027,33948,16367,17581,19397,9187,10210,4850,2319,2531,
72765,19402,9382,10020,33950,16261,17689,38800,18772,20028,33950,16368,17582,19399,9188,10211,4850,2319,2531,
72770,19403,9382,10021,33954,16263,17691,38804,18774,20030,33952,16369,17583,19401,9188,10213,4850,2319,2531,
72775,19404,9383,10021,33957,16266,17691,38807,18777,20030,33955,16372,17583,19401,9188,10213,4851,2320,2531,
72780,19406,9384,10022,33957,16266,17691,38808,18777,20031,33957,16373,17584,19403,9189,10214,4851,2320,2531,
72785,19407,9384,10023,33961,16268,17693,38812,18779,20033,33959,16374,17585,19405,9191,10214,4851,2320,2531,
72790,19408,9384,10024,33964,16271,17693,38815,18781,20034,33962,16375,17587,19405,9191,10214,4852,2320,2532,
72795,19410,9386,10024,33964,16271,17693,38816,18781,20035,33964,16375,17589,19407,9191,10216,4852,2320,2532,
72800,19411,9386,10025,33968,16272,17696,38820,18784,20036,33966,16376,17590,19409,9193,10216,4852,2320,2532,
72805,19412,9387,10025,33971,16275,17696,38823,18785,20038,33969,16378,17591,19409,9193,10216,4853,2321,2532,
72810,19414,9388,10026,33971,16275,17696,38824,18785,20039,33971,16378,17593,19411,9195,10216,4853,2321,2532,
72815,19415,9389,10026,33975,16277,17698,38828,18787,20041,33973,16379,17594,19413,9195,10218,4853,2321,2532,
72820,19416,9390,10026,33978,16278,17700,38831,18788,20043,33976,16380,17596,19413,9195,10218,4854,2321,2533,
72825,19418,9391,10027,33978,16278,17700,38832,18788,20044,33978,16381,17597,19415,9196,10219,4854,2321,2533,
72830,19419,9392,10027,33982,16282,17700,38836,18788,20048,33980,16381,17599,19417,9197,10220,4854,2321,2533,
72835,19420,9392,10028,33985,16284,17701,38839,18789,20050,33983,16383,17600,19417,9197,10220,4855,2321,2534,
72840,19422,9392,10030,33985,16284,17701,38840,18789,20051,33985,16384,17601,19419,9199,10220,4855,2321,2534,
72845,19423,9393,10030,33989,16286,17703,38844,18790,20054,33987,16385,17602,19421,9201,10220,4855,2321,2534,
72850,19424,9394,10030,33992,16288,17704,38847,18791,20056,33990,16388,17602,19421,9201,10220,4856,2322,2534,
72855,19426,9395,10031,33992,16288,17704,38848,18791,20057,33992,16388,17604,19423,9203,10220,4856,2322,2534,
72860,19427,9396,10031,33996,16288,17708,38852,18793,20059,33994,16389,17605,19425,9203,10222,4856,2322,2534,
72865,19428,9396,10032,33999,16289,17710,38855,18795,20060,33997,16391,17606,19425,9203,10222,4857,2322,2535,
72870,19430,9397,10033,33999,16289,17710,38856,18796,20060,33999,16391,17608,19427,9205,10222,4857,2322,2535,
72875,19431,9397,10034,34003,16290,17713,38860,18797,20063,34001,16393,17608,19429,9206,10223,4857,2322,2535,
72880,19432,9398,10034,34006,16290,17716,38863,18799,20064,34004,16393,17611,19429,9206,10223,4858,2322,2536,
72885,19434,9399,10035,34006,16290,17716,38864,18799,20065,34006,16393,17613,19431,9207,10224,4858,2322,2536,
72890,19435,9400,10035,34010,16290,17720,38868,18800,20068,34008,16393,17615,19433,9209,10224,4858,2322,2536,
72895,19436,9401,10035,34013,16290,17723,38871,18802,20069,34011,16395,17616,19433,9209,10224,4859,2323,2536,
72900,19438,9402,10036,34013,16290,17723,38872,18803,20069,34013,16395,17618,19435,9210,10225,4859,2323,2536,
72905,19439,9403,10036,34017,16292,17725,38876,18805,20071,34015,16397,17618,19437,9211,10226,4859,2323,2536,
72910,19440,9403,10037,34020,16292,17728,38879,18805,20074,34018,16397,17621,19437,9211,10226,4860,2323,2537,
72915,19442,9403,10039,34020,16292,17728,38880,18805,20075,34020,16398,17622,19439,9213,10226,4860,2323,2537,
72920,19443,9403,10040,34024,16295,17729,38884,18806,20078,34022,16400,17622,19441,9213,10228,4860,2323,2537,
72925,19444,9403,10041,34027,16296,17731,38887,18808,20079,34025,16401,17624,19441,9213,10228,4861,2323,2538,
72930,19446,9404,10042,34027,16296,17731,38888,18809,20079,34027,16401,17626,19443,9214,10229,4861,2323,2538,
72935,19447,9404,10043,34031,16298,17733,38892,18810,20082,34029,16401,17628,19445,9215,10230,4861,2323,2538,
72940,19448,9404,10044,34034,16299,17735,38895,18812,20083,34032,16403,17629,19445,9215,10230,4862,2323,2539,
72945,19450,9404,10046,34034,16299,17735,38896,18812,20084,34034,16403,17631,19447,9216,10231,4862,2323,2539,
72950,19451,9405,10046,34038,16299,17739,38900,18812,20088,34036,16404,17632,19449,9217,10232,4862,2323,2539,
72955,19452,9406,10046,34041,16301,17740,38903,18813,20090,34039,16404,17635,19449,9217,10232,4863,2324,2539,
72960,19454,9406,10048,34041,16301,17740,38904,18813,20091,34041,16405,17636,19451,9218,10233,4863,2324,2539,
72965,19455,9407,10048,34045,16302,17743,38908,18813,20095,34043,16405,17638,19453,9218,10235,4863,2324,2539,
72970,19456,9408,10048,34048,16302,17746,38911,18814,20097,34046,16406,17640,19453,9218,10235,4864,2325,2539,
72975,19458,9409,10049,34048,16302,17746,38912,18815,20097,34048,16407,17641,19455,9220,10235,4864,2325,2539,
72980,19459,9409,10050,34052,16306,17746,38916,18818,20098,34050,16408,17642,19457,9222,10235,4864,2325,2539,
72985,19460,9410,10050,34055,16307,17748,38919,18820,20099,34053,16410,17643,19457,9222,10235,4865,2325,2540,
72990,19462,9411,10051,34055,16307,17748,38920,18821,20099,34055,16411,17644,19459,9222,10237,4865,2325,2540,
72995,19463,9412,10051,34059,16307,17752,38924,18822,20102,34057,16411,17646,19461,9224,10237,4865,2325,2540,
73000,19464,9413,10051,34062,16309,17753,38927,18822,20105,34060,16413,17647,19461,9224,10237,4866,2325,2541,
73005,19466,9413,10053,34062,16309,17753,38928,18822,20106,34062,16413,17649,19463,9225,10238,4866,2325,2541,
73010,19467,9414,10053,34066,16311,17755,38932,18824,20108,34064,16414,17650,19465,9227,10238,4866,2325,2541,
73015,19468,9415,10053,34069,16311,17758,38935,18825,20110,34067,16414,17653,19465,9227,10238,4867,2325,2542,
73020,19470,9416,10054,34069,16311,17758,38936,18826,20110,34069,16416,17653,19467,9229,10238,4867,2325,2542,
73025,19471,9416,10055,34073,16313,17760,38940,18827,20113,34071,16418,17653,19469,9230,10239,4867,2325,2542,
73030,19472,9417,10055,34076,16314,17762,38943,18828,20115,34074,16420,17654,19469,9230,10239,4868,2326,2542,
73035,19474,9418,10056,34076,16314,17762,38944,18828,20116,34076,16422,17654,19471,9230,10241,4868,2326,2542,
73040,19475,9418,10057,34080,16317,17763,38948,18830,20118,34078,16422,17656,19473,9231,10242,4868,2326,2542,
73045,19476,9419,10057,34083,16318,17765,38951,18832,20119,34081,16423,17658,19473,9231,10242,4869,2326,2543,
73050,19478,9420,10058,34083,16318,17765,38952,18833,20119,34083,16423,17660,19475,9233,10242,4869,2326,2543,
73055,19479,9420,10059,34087,16321,17766,38956,18836,20120,34085,16425,17660,19477,9233,10244,4869,2326,2543,
73060,19480,9420,10060,34090,16323,17767,38959,18839,20120,34088,16426,17662,19477,9233,10244,4870,2326,2544,
73065,19482,9421,10061,34090,16323,17767,38960,18840,20120,34090,16427,17663,19479,9235,10244,4870,2326,2544,
73070,19483,9421,10062,34094,16325,17769,38964,18842,20122,34092,16428,17664,19481,9237,10244,4870,2326,2544,
73075,19484,9421,10063,34097,16327,17770,38967,18843,20124,34095,16429,17666,19481,9237,10244,4871,2326,2545,
73080,19486,9423,10063,34097,16327,17770,38968,18844,20124,34097,16430,17667,19483,9239,10244,4871,2326,2545,
73085,19487,9424,10063,34101,16330,17771,38972,18847,20125,34099,16431,17668,19485,9239,10246,4871,2326,2545,
73090,19488,9424,10064,34104,16332,17772,38975,18847,20128,34102,16433,17669,19485,9239,10246,4872,2326,2546,
73095,19490,9425,10065,34104,16332,17772,38976,18847,20129,34104,16433,17671,19487,9240,10247,4872,2326,2546,
73100,19491,9425,10066,34108,16334,17774,38980,18849,20131,34106,16433,17673,19489,9242,10247,4872,2326,2546,
73105,19492,9425,10067,34111,16335,17776,38983,18849,20134,34109,16434,17675,19489,9242,10247,4873,2327,2546,
73110,19494,9427,10067,34111,16335,17776,38984,18849,20135,34111,16434,17677,19491,9244,10247,4873,2327,2546,
73115,19495,9428,10067,34115,16337,17778,38988,18852,20136,34113,16435,17678,19493,9245,10248,4873,2327,2546,
73120,19496,9429,10067,34118,16337,17781,38991,18854,20137,34116,16436,17680,19493,9245,10248,4874,2327,2547,
73125,19498,9429,10069,34118,16337,17781,38992,18854,20138,34118,16437,17681,19495,9245,10250,4874,2327,2547,
73130,19499,9430,10069,34122,16340,17782,38996,18855,20141,34120,16437,17683,19497,9246,10251,4874,2327,2547,
73135,19500,9431,10069,34125,16341,17784,38999,18856,20143,34123,16437,17686,19497,9246,10251,4875,2328,2547,
73140,19502,9431,10071,34125,16341,17784,39000,18856,20144,34125,16438,17687,19499,9246,10253,4875,2328,2547,
73145,19503,9431,10072,34129,16344,17785,39004,18858,20146,34127,16438,17689,19501,9248,10253,4875,2328,2547,
73150,19504,9431,10073,34132,16346,17786,39007,18860,20147,34130,16439,17691,19501,9248,10253,4876,2329,2547,
73155,19506,9432,10074,34132,16346,17786,39008,18860,20148,34132,16440,17692,19503,9249,10254,4876,2329,2547,
73160,19507,9433,10074,34136,16349,17787,39012,18863,20149,34134,16440,17694,19505,9250,10255,4876,2329,2547,
73165,19508,9434,10074,34139,16352,17787,39015,18865,20150,34137,16440,17697,19505,9250,10255,4877,2330,2547,
73170,19510,9435,10075,34139,16352,17787,39016,18866,20150,34139,16442,17697,19507,9251,10256,4877,2330,2547,
73175,19511,9435,10076,34143,16355,17788,39020,18867,20153,34141,16444,17697,19509,9251,10258,4877,2330,2547,
73180,19512,9436,10076,34146,16358,17788,39023,18868,20155,34144,16444,17700,19509,9251,10258,4878,2330,2548,
73185,19514,9437,10077,34146,16358,17788,39024,18868,20156,34146,16444,17702,19511,9251,10260,4878,2330,2548,
73190,19515,9438,10077,34150,16360,17790,39028,18871,20157,34148,16446,17702,19513,9253,10260,4878,2330,2548,
73195,19516,9439,10077,34153,16361,17792,39031,18873,20158,34151,16449,17702,19513,9253,10260,4879,2331,2548,
73200,19518,9440,10078,34153,16361,17792,39032,18873,20159,34153,16450,17703,19515,9253,10262,4879,2331,2548,
73205,19519,9441,10078,34157,16362,17795,39036,18876,20160,34155,16451,17704,19517,9254,10263,4879,2331,2548,
73210,19520,9441,10079,34160,16363,17797,39039,18877,20162,34158,16451,17707,19517,9254,10263,4880,2331,2549,
73215,19522,9442,10080,34160,16363,17797,39040,18878,20162,34160,16451,17709,19519,9255,10264,4880,2331,2549,
73220,19523,9442,10081,34164,16366,17798,39044,18881,20163,34162,16452,17710,19521,9255,10266,4880,2331,2549,
73225,19524,9443,10081,34167,16368,17799,39047,18882,20165,34165,16455,17710,19521,9255,10266,4881,2332,2549,
73230,19526,9444,10082,34167,16368,17799,39048,18883,20165,34167,16457,17710,19523,9255,10268,4881,2332,2549,
73235,19527,9444,10083,34171,16370,17801,39052,18886,20166,34169,16457,17712,19525,9257,10268,4881,2332,2549,
73240,19528,9444,10084,34174,16371,17803,39055,18888,20167,34172,16458,17714,19525,9257,10268,4882,2332,2550,
73245,19530,9444,10086,34174,16371,17803,39056,18888,20168,34174,16459,17715,19527,9259,10268,4882,2332,2550,
73250,19531,9444,10087,34178,16374,17804,39060,18889,20171,34176,16460,17716,19529,9260,10269,4882,2332,2550,
73255,19532,9445,10087,34181,16375,17806,39063,18891,20172,34179,16461,17718,19529,9260,10269,4883,2333,2550,
73260,19534,9446,10088,34181,16375,17806,39064,18891,20173,34181,16462,17719,19531,9261,10270,4883,2333,2550,
73265,19535,9447,10088,34185,16377,17808,39068,18894,20174,34183,16463,17720,19533,9263,10270,4883,2333,2550,
73270,19536,9448,10088,34188,16378,17810,39071,18895,20176,34186,16465,17721,19533,9263,10270,4884,2334,2550,
73275,19538,9450,10088,34188,16378,17810,39072,18895,20177,34188,16466,17722,19535,9263,10272,4884,2334,2550,
73280,19539,9450,10089,34192,16380,17812,39076,18896,20180,34190,16466,17724,19537,9264,10273,4884,2334,2550,
73285,19540,9450,10090,34195,16382,17813,39079,18897,20182,34193,16467,17726,19537,9264,10273,4885,2335,2550,
73290,19542,9451,10091,34195,16382,17813,39080,18897,20183,34195,16467,17728,19539,9266,10273,4885,2335,2550,
73295,19543,9451,10092,34199,16384,17815,39084,18900,20184,34197,16467,17730,19541,9268,10273,4885,2335,2550,
73300,19544,9451,10093,34202,16385,17817,39087,18902,20185,34200,16468,17732,19541,9268,10273,4886,2335,2551,
73305,19546,9451,10095,34202,16385,17817,39088,18902,20186,34202,16469,17733,19543,9270,10273,4886,2335,2551,
73310,19547,9451,10096,34206,16386,17820,39092,18905,20187,34204,16470,17734,19545,9271,10274,4886,2335,2551,
73315,19548,9451,10097,34209,16386,17823,39095,18908,20187,34207,16472,17735,19545,9271,10274,4887,2335,2552,
73320,19550,9452,10098,34209,16386,17823,39096,18909,20187,34209,16473,17736,19547,9271,10276,4887,2335,2552,
73325,19551,9453,10098,34213,16387,17826,39100,18912,20188,34211,16474,17737,19549,9272,10277,4887,2335,2552,
73330,19552,9454,10098,34216,16389,17827,39103,18914,20189,34214,16476,17738,19549,9272,10277,4888,2335,2553,
73335,19554,9454,10100,34216,16389,17827,39104,18915,20189,34216,16476,17740,19551,9272,10279,4888,2335,2553,
73340,19555,9454,10101,34220,16389,17831,39108,18917,20191,34218,16477,17741,19553,9272,10281,4888,2335,2553,
73345,19556,9455,10101,34223,16392,17831,39111,18917,20194,34221,16477,17744,19553,9272,10281,4889,2335,2554,
73350,19558,9455,10103,34223,16392,17831,39112,18918,20194,34223,16479,17744,19555,9272,10283,4889,2335,2554,
73355,19559,9455,10104,34227,16392,17835,39116,18921,20195,34225,16480,17745,19557,9272,10285,4889,2335,2554,
73360,19560,9455,10105,34230,16394,17836,39119,18922,20197,34228,16480,17748,19557,9272,10285,4890,2336,2554,
73365,19562,9455,10107,34230,16394,17836,39120,18923,20197,34230,16480,17750,19559,9273,10286,4890,2336,2554,
73370,19563,9456,10107,34234,16396,17838,39124,18926,20198,34232,16481,17751,19561,9274,10287,4890,2336,2554,
73375,19564,9456,10108,34237,16398,17839,39127,18928,20199,34235,16482,17753,19561,9274,10287,4891,2337,2554,
73380,19566,9457,10109,34237,16398,17839,39128,18928,20200,34237,16483,17754,19563,9274,10289,4891,2337,2554,
73385,19567,9457,10110,34241,16399,17842,39132,18931,20201,34239,16485,17754,19565,9276,10289,4891,2337,2554,
73390,19568,9457,10111,34244,16402,17842,39135,18932,20203,34242,16487,17755,19565,9276,10289,4892,2338,2554,
73395,19570,9458,10112,34244,16402,17842,39136,18932,20204,34244,16488,17756,19567,9276,10291,4892,2338,2554,
73400,19571,9458,10113,34248,16405,17843,39140,18933,20207,34246,16490,17756,19569,9276,10293,4892,2338,2554,
73405,19572,9458,10114,34251,16406,17845,39143,18934,20209,34249,16491,17758,19569,9276,10293,4893,2338,2555,
73410,19574,9459,10115,34251,16406,17845,39144,18934,20210,34251,16492,17759,19571,9277,10294,4893,2338,2555,
73415,19575,9460,10115,34255,16410,17845,39148,18937,20211,34253,16494,17759,19573,9277,10296,4893,2338,2555,
73420,19576,9461,10115,34258,16411,17847,39151,18938,20213,34256,16496,17760,19573,9277,10296,4894,2339,2555,
73425,19578,9463,10115,34258,16411,17847,39152,18938,20214,34258,16497,17761,19575,9277,10298,4894,2339,2555,
73430,19579,9464,10115,34262,16414,17848,39156,18940,20216,34260,16498,17762,19577,9279,10298,4894,2339,2555,
73435,19580,9465,10115,34265,16416,17849,39159,18940,20219,34263,16499,17764,19577,9279,10298,4895,2340,2555,
73440,19582,9467,10115,34265,16416,17849,39160,18941,20219,34265,16501,17764,19579,9281,10298,4895,2340,2555,
73445,19583,9468,10115,34269,16417,17852,39164,18943,20221,34267,16503,17764,19581,9282,10299,4895,2340,2555,
73450,19584,9468,10116,34272,16418,17854,39167,18945,20222,34270,16504,17766,19581,9282,10299,4896,2341,2555,
73455,19586,9470,10116,34272,16418,17854,39168,18946,20222,34272,16506,17766,19583,9283,10300,4896,2341,2555,
73460,19587,9471,10116,34276,16420,17856,39172,18949,20223,34274,16508,17766,19585,9285,10300,4896,2341,2555,
73465,19588,9471,10117,34279,16421,17858,39175,18951,20224,34277,16508,17769,19585,9285,10300,4897,2342,2555,
73470,19590,9471,10119,34279,16421,17858,39176,18951,20225,34279,16509,17770,19587,9286,10301,4897,2342,2555,
73475,19591,9471,10120,34283,16424,17859,39180,18952,20228,34281,16509,17772,19589,9287,10302,4897,2342,2555,
73480,19592,9472,10120,34286,16424,17862,39183,18955,20228,34284,16511,17773,19589,9287,10302,4898,2343,2555,
73485,19594,9473,10121,34286,16424,17862,39184,18956,20228,34286,16511,17775,19591,9289,10302,4898,2343,2555,
73490,19595,9474,10121,34290,16426,17864,39188,18958,20230,34288,16512,17776,19593,9290,10303,4898,2343,2555,
73495,19596,9474,10122,34293,16429,17864,39191,18960,20231,34291,16514,17777,19593,9290,10303,4899,2344,2555,
73500,19598,9475,10123,34293,16429,17864,39192,18961,20231,34293,16514,17779,19595,9292,10303,4899,2344,2555,
73505,19599,9475,10124,34297,16430,17867,39196,18963,20233,34295,16515,17780,19597,9293,10304,4899,2344,2555,
73510,19600,9475,10125,34300,16431,17869,39199,18965,20234,34298,16515,17783,19597,9293,10304,4900,2344,2556,
73515,19602,9475,10127,34300,16431,17869,39200,18966,20234,34300,16516,17784,19599,9293,10306,4900,2344,2556,
73520,19603,9476,10127,34304,16433,17871,39204,18968,20236,34302,16517,17785,19601,9294,10307,4900,2344,2556,
73525,19604,9477,10127,34307,16434,17873,39207,18970,20237,34305,16520,17785,19601,9294,10307,4901,2345,2556,
73530,19606,9478,10128,34307,16434,17873,39208,18971,20237,34307,16521,17786,19603,9296,10307,4901,2345,2556,
73535,19607,9479,10128,34311,16438,17873,39212,18971,20241,34309,16522,17787,19605,9296,10309,4901,2345,2556,
73540,19608,9479,10129,34314,16440,17874,39215,18973,20242,34312,16523,17789,19605,9296,10309,4902,2345,2557,
73545,19610,9480,10130,34314,16440,17874,39216,18973,20243,34314,16524,17790,19607,9297,10310,4902,2345,2557,
73550,19611,9481,10130,34318,16442,17876,39220,18975,20245,34316,16526,17790,19609,9299,10310,4902,2345,2557,
73555,19612,9481,10131,34321,16445,17876,39223,18977,20246,34319,16529,17790,19609,9299,10310,4903,2346,2557,
73560,19614,9483,10131,34321,16445,17876,39224,18977,20247,34321,16529,17792,19611,9301,10310,4903,2346,2557,
73565,19615,9484,10131,34325,16447,17878,39228,18978,20250,34323,16530,17793,19613,9302,10311,4903,2346,2557,
73570,19616,9485,10131,34328,16448,17880,39231,18980,20251,34326,16532,17794,19613,9302,10311,4904,2346,2558,
73575,19618,9485,10133,34328,16448,17880,39232,18981,20251,34328,16533,17795,19615,9304,10311,4904,2346,2558,
73580,19619,9486,10133,34332,16451,17881,39236,18982,20254,34330,16535,17795,19617,9305,10312,4904,2346,2558,
73585,19620,9487,10133,34335,16452,17883,39239,18984,20255,34333,16537,17796,19617,9305,10312,4905,2346,2559,
73590,19622,9489,10133,34335,16452,17883,39240,18985,20255,34335,16537,17798,19619,9305,10314,4905,2346,2559,
73595,19623,9490,10133,34339,16455,17884,39244,18987,20257,34337,16539,17798,19621,9306,10315,4905,2346,2559,
73600,19624,9491,10133,34342,16458,17884,39247,18987,20260,34340,16541,17799,19621,9306,10315,4906,2347,2559,
73605,19626,9492,10134,34342,16458,17884,39248,18987,20261,34342,16542,17800,19623,9306,10317,4906,2347,2559,
73610,19627,9492,10135,34346,16458,17888,39252,18989,20263,34344,16543,17801,19625,9306,10319,4906,2347,2559,
73615,19628,9493,10135,34349,16459,17890,39255,18991,20264,34347,16544,17803,19625,9306,10319,4907,2347,2560,
73620,19630,9495,10135,34349,16459,17890,39256,18991,20265,34349,16544,17805,19627,9307,10320,4907,2347,2560,
73625,19631,9496,10135,34353,16459,17894,39260,18991,20269,34351,16546,17805,19629,9308,10321,4907,2347,2560,
73630,19632,9497,10135,34356,16459,17897,39263,18993,20270,34354,16547,17807,19629,9308,10321,4908,2347,2561,
73635,19634,9498,10136,34356,16459,17897,39264,18994,20270,34356,16549,17807,19631,9310,10321,4908,2347,2561,
73640,19635,9498,10137,34360,16461,17899,39268,18998,20270,34358,16550,17808,19633,9310,10323,4908,2347,2561,
73645,19636,9498,10138,34363,16461,17902,39271,18998,20273,34361,16550,17811,19633,9310,10323,4909,2347,2562,
73650,19638,9499,10139,34363,16461,17902,39272,18998,20274,34363,16552,17811,19635,9311,10324,4909,2347,2562,
73655,19639,9499,10140,34367,16463,17904,39276,19001,20275,34365,16553,17812,19637,9311,10326,4909,2347,2562,
73660,19640,9500,10140,34370,16464,17906,39279,19003,20276,34368,16555,17813,19637,9311,10326,4910,2348,2562,
73665,19642,9501,10141,34370,16464,17906,39280,19004,20276,34370,16555,17815,19639,9312,10327,4910,2348,2562,
73670,19643,9502,10141,34374,16467,17907,39284,19007,20277,34372,16555,17817,19641,9312,10329,4910,2348,2562,
73675,19644,9503,10141,34377,16468,17909,39287,19007,20280,34375,16557,17818,19641,9312,10329,4911,2348,2563,
73680,19646,9504,10142,34377,16468,17909,39288,19007,20281,34377,16557,17820,19643,9313,10330,4911,2348,2563,
73685,19647,9504,10143,34381,16472,17909,39292,19011,20281,34379,16557,17822,19645,9315,10330,4911,2348,2563,
73690,19648,9504,10144,34384,16472,17912,39295,19012,20283,34382,16558,17824,19645,9315,10330,4912,2349,2563,
73695,19650,9505,10145,34384,16472,17912,39296,19013,20283,34384,16558,17826,19647,9316,10331,4912,2349,2563,
73700,19651,9505,10146,34388,16474,17914,39300,19015,20285,34386,16559,17827,19649,9316,10333,4912,2349,2563,
73705,19652,9505,10147,34391,16476,17915,39303,19016,20287,34389,16561,17828,19649,9316,10333,4913,2349,2564,
73710,19654,9505,10149,34391,16476,17915,39304,19017,20287,34391,16561,17830,19651,9317,10334,4913,2349,2564,
73715,19655,9505,10150,34395,16477,17918,39308,19019,20289,34393,16562,17831,19653,9319,10334,4913,2349,2564,
73720,19656,9506,10150,34398,16480,17918,39311,19021,20290,34396,16562,17834,19653,9319,10334,4914,2350,2564,
73725,19658,9507,10151,34398,16480,17918,39312,19022,20290,34398,16564,17834,19655,9319,10336,4914,2350,2564,
73730,19659,9508,10151,34402,16481,17921,39316,19025,20291,34400,16566,17834,19657,9320,10337,4914,2350,2564,
73735,19660,9508,10152,34405,16483,17922,39319,19026,20293,34403,16568,17835,19657,9320,10337,4915,2351,2564,
73740,19662,9509,10153,34405,16483,17922,39320,19026,20294,34405,16569,17836,19659,9321,10338,4915,2351,2564,
73745,19663,9509,10154,34409,16484,17925,39324,19029,20295,34407,16569,17838,19661,9322,10339,4915,2351,2564,
73750,19664,9510,10154,34412,16486,17926,39327,19029,20298,34410,16569,17841,19661,9322,10339,4916,2351,2565,
73755,19666,9511,10155,34412,16486,17926,39328,19029,20299,34412,16569,17843,19663,9322,10341,4916,2351,2565,
73760,19667,9512,10155,34416,16488,17928,39332,19032,20300,34414,16569,17845,19665,9324,10341,4916,2351,2565,
73765,19668,9512,10156,34419,16489,17930,39335,19033,20302,34417,16570,17847,19665,9324,10341,4917,2352,2565,
73770,19670,9513,10157,34419,16489,17930,39336,19034,20302,34419,16571,17848,19667,9325,10342,4917,2352,2565,
73775,19671,9514,10157,34423,16490,17933,39340,19036,20304,34421,16572,17849,19669,9326,10343,4917,2352,2565,
73780,19672,9514,10158,34426,16492,17934,39343,19036,20307,34424,16573,17851,19669,9326,10343,4918,2353,2565,
73785,19674,9515,10159,34426,16492,17934,39344,19037,20307,34426,16573,17853,19671,9327,10344,4918,2353,2565,
73790,19675,9515,10160,34430,16493,17937,39348,19041,20307,34428,16573,17855,19673,9328,10345,4918,2353,2565,
73795,19676,9515,10161,34433,16495,17938,39351,19044,20307,34431,16574,17857,19673,9328,10345,4919,2354,2565,
73800,19678,9515,10163,34433,16495,17938,39352,19044,20308,34433,16574,17859,19675,9329,10346,4919,2354,2565,
73805,19679,9515,10164,34437,16498,17939,39356,19047,20309,34435,16575,17860,19677,9330,10347,4919,2354,2565,
73810,19680,9516,10164,34440,16499,17941,39359,19049,20310,34438,16575,17863,19677,9330,10347,4920,2354,2566,
73815,19682,9516,10166,34440,16499,17941,39360,19050,20310,34440,16577,17863,19679,9332,10347,4920,2354,2566,
73820,19683,9517,10166,34444,16500,17944,39364,19052,20312,34442,16577,17865,19681,9334,10347,4920,2354,2566,
73825,19684,9518,10166,34447,16503,17944,39367,19053,20314,34445,16579,17866,19681,9334,10347,4921,2354,2567,
73830,19686,9519,10167,34447,16503,17944,39368,19053,20315,34447,16580,17867,19683,9335,10348,4921,2354,2567,
73835,19687,9519,10168,34451,16507,17944,39372,19056,20316,34449,16582,17867,19685,9336,10349,4921,2354,2567,
73840,19688,9519,10169,34454,16509,17945,39375,19056,20319,34452,16583,17869,19685,9336,10349,4922,2355,2567,
73845,19690,9521,10169,34454,16509,17945,39376,19057,20319,34454,16583,17871,19687,9337,10350,4922,2355,2567,
73850,19691,9522,10169,34458,16512,17946,39380,19060,20320,34456,16585,17871,19689,9338,10351,4922,2355,2567,
73855,19692,9522,10170,34461,16513,17948,39383,19061,20322,34459,16585,17874,19689,9338,10351,4923,2355,2568,
73860,19694,9522,10172,34461,16513,17948,39384,19062,20322,34461,16587,17874,19691,9340,10351,4923,2355,2568,
73865,19695,9523,10172,34465,16516,17949,39388,19064,20324,34463,16588,17875,19693,9341,10352,4923,2355,2568,
73870,19696,9524,10172,34468,16516,17952,39391,19064,20327,34466,16590,17876,19693,9341,10352,4924,2355,2569,
73875,19698,9525,10173,34468,16516,17952,39392,19065,20327,34468,16591,17877,19695,9343,10352,4924,2355,2569,
73880,19699,9526,10173,34472,16518,17954,39396,19068,20328,34470,16592,17878,19697,9344,10353,4924,2355,2569,
73885,19700,9526,10174,34475,16520,17955,39399,19069,20330,34473,16594,17879,19697,9344,10353,4925,2356,2569,
73890,19702,9527,10175,34475,16520,17955,39400,19070,20330,34475,16595,17880,19699,9345,10354,4925,2356,2569,
73895,19703,9527,10176,34479,16521,17958,39404,19071,20333,34477,16596,17881,19701,9345,10356,4925,2356,2569,
73900,19704,9528,10176,34482,16524,17958,39407,19072,20335,34480,16598,17882,19701,9345,10356,4926,2357,2569,
73905,19706,9528,10178,34482,16524,17958,39408,19073,20335,34482,16599,17883,19703,9347,10356,4926,2357,2569,
73910,19707,9529,10178,34486,16525,17961,39412,19074,20338,34484,16600,17884,19705,9348,10357,4926,2357,2569,
73915,19708,9529,10179,34489,16527,17962,39415,19076,20339,34487,16601,17886,19705,9348,10357,4927,2357,2570,
73920,19710,9530,10180,34489,16527,17962,39416,19077,20339,34489,16602,17887,19707,9349,10358,4927,2357,2570,
73925,19711,9531,10180,34493,16530,17963,39420,19078,20342,34491,16604,17887,19709,9350,10359,4927,2357,2570,
73930,19712,9531,10181,34496,16531,17965,39423,19079,20344,34494,16607,17887,19709,9350,10359,4928,2357,2571,
73935,19714,9533,10181,34496,16531,17965,39424,19079,20345,34496,16609,17887,19711,9350,10361,4928,2357,2571,
73940,19715,9533,10182,34500,16533,17967,39428,19080,20348,34498,16610,17888,19713,9350,10363,4928,2357,2571,
73945,19716,9533,10183,34503,16536,17967,39431,19080,20351,34501,16612,17889,19713,9350,10363,4929,2358,2571,
73950,19718,9533,10185,34503,16536,17967,39432,19080,20352,34503,16613,17890,19715,9351,10364,4929,2358,2571,
73955,19719,9533,10186,34507,16537,17970,39436,19082,20354,34505,16614,17891,19717,9351,10366,4929,2358,2571,
73960,19720,9534,10186,34510,16539,17971,39439,19083,20356,34508,16615,17893,19717,9351,10366,4930,2359,2571,
73965,19722,9535,10187,34510,16539,17971,39440,19084,20356,34510,16616,17894,19719,9352,10367,4930,2359,2571,
73970,19723,9536,10187,34514,16541,17973,39444,19087,20357,34512,16618,17894,19721,9353,10368,4930,2359,2571,
73975,19724,9536,10188,34517,16542,17975,39447,19088,20359,34515,16618,17897,19721,9353,10368,4931,2360,2571,
73980,19726,9538,10188,34517,16542,17975,39448,19089,20359,34517,16619,17898,19723,9354,10369,4931,2360,2571,
73985,19727,9538,10189,34521,16545,17976,39452,19090,20362,34519,16620,17899,19725,9355,10370,4931,2360,2571,
73990,19728,9538,10190,34524,16547,17977,39455,19090,20365,34522,16622,17900,19725,9355,10370,4932,2360,2572,
73995,19730,9538,10192,34524,16547,17977,39456,19091,20365,34524,16623,17901,19727,9356,10371,4932,2360,2572,
74000,19731,9539,10192,34528,16549,17979,39460,19094,20366,34526,16625,17901,19729,9357,10372,4932,2360,2572,
74005,19732,9540,10192,34531,16550,17981,39463,19096,20367,34529,16626,17903,19729,9357,10372,4933,2360,2573,
74010,19734,9542,10192,34531,16550,17981,39464,19096,20368,34531,16627,17904,19731,9358,10373,4933,2360,2573,
74015,19735,9542,10193,34535,16553,17982,39468,19098,20370,34533,16629,17904,19733,9360,10373,4933,2360,2573,
74020,19736,9543,10193,34538,16555,17983,39471,19099,20372,34536,16629,17907,19733,9360,10373,4934,2361,2573,
74025,19738,9543,10195,34538,16555,17983,39472,19100,20372,34538,16630,17908,19735,9362,10373,4934,2361,2573,
74030,19739,9543,10196,34542,16556,17986,39476,19101,20375,34540,16630,17910,19737,9362,10375,4934,2361,2573,
74035,19740,9543,10197,34545,16558,17987,39479,19102,20377,34543,16630,17913,19737,9362,10375,4935,2361,2574,
74040,19742,9544,10198,34545,16558,17987,39480,19103,20377,34545,16630,17915,19739,9364,10375,4935,2361,2574,
74045,19743,9544,10199,34549,16559,17990,39484,19105,20379,34547,16630,17917,19741,9366,10375,4935,2361,2574,
74050,19744,9544,10200,34552,16560,17992,39487,19106,20381,34550,16632,17918,19741,9366,10375,4936,2362,2574,
74055,19746,9545,10201,34552,16560,17992,39488,19106,20382,34552,16632,17920,19743,9366,10377,4936,2362,2574,
74060,19747,9545,10202,34556,16562,17994,39492,19108,20384,34554,16633,17921,19745,9368,10377,4936,2362,2574,
74065,19748,9545,10203,34559,16563,17996,39495,19109,20386,34557,16636,17921,19745,9368,10377,4937,2363,2574,
74070,19750,9546,10204,34559,16563,17996,39496,19109,20387,34559,16637,17922,19747,9368,10379,4937,2363,2574,
74075,19751,9546,10205,34563,16566,17997,39500,19110,20390,34561,16637,17924,19749,9369,10380,4937,2363,2574,
74080,19752,9546,10206,34566,16569,17997,39503,19112,20391,34564,16640,17924,19749,9369,10380,4938,2363,2575,
74085,19754,9547,10207,34566,16569,17997,39504,19112,20392,34566,16640,17926,19751,9369,10382,4938,2363,2575,
74090,19755,9548,10207,34570,16571,17999,39508,19114,20394,34568,16641,17927,19753,9369,10384,4938,2363,2575,
74095,19756,9549,10207,34573,16574,17999,39511,19117,20394,34571,16643,17928,19753,9369,10384,4939,2363,2576,
74100,19758,9550,10208,34573,16574,17999,39512,19117,20395,34573,16644,17929,19755,9370,10385,4939,2363,2576,
74105,19759,9550,10209,34577,16576,18001,39516,19117,20399,34575,16645,17930,19757,9370,10387,4939,2363,2576,
74110,19760,9551,10209,34580,16576,18004,39519,19118,20401,34578,16646,17932,19757,9370,10387,4940,2364,2576,
74115,19762,9553,10209,34580,16576,18004,39520,19118,20402,34580,16646,17934,19759,9371,10388,4940,2364,2576,
74120,19763,9553,10210,34584,16578,18006,39524,19121,20403,34582,16646,17936,19761,9373,10388,4940,2364,2576,
74125,19764,9553,10211,34587,16580,18007,39527,19123,20404,34585,16646,17939,19761,9373,10388,4941,2365,2576,
74130,19766,9555,10211,34587,16580,18007,39528,19124,20404,34587,16646,17941,19763,9375,10388,4941,2365,2576,
74135,19767,9556,10211,34591,16582,18009,39532,19126,20406,34589,16647,17942,19765,9376,10389,4941,2365,2576,
74140,19768,9556,10212,34594,16583,18011,39535,19128,20407,34592,16648,17944,19765,9376,10389,4942,2365,2577,
74145,19770,9557,10213,34594,16583,18011,39536,19129,20407,34594,16648,17946,19767,9377,10390,4942,2365,2577,
74150,19771,9558,10213,34598,16584,18014,39540,19131,20409,34596,16649,17947,19769,9377,10392,4942,2365,2577,
74155,19772,9558,10214,34601,16587,18014,39543,19131,20412,34599,16652,17947,19769,9377,10392,4943,2366,2577,
74160,19774,9559,10215,34601,16587,18014,39544,19132,20412,34601,16654,17947,19771,9377,10394,4943,2366,2577,
74165,19775,9559,10216,34605,16588,18017,39548,19135,20413,34603,16656,17947,19773,9377,10396,4943,2366,2577,
74170,19776,9560,10216,34608,16588,18020,39551,19137,20414,34606,16657,17949,19773,9377,10396,4944,2366,2578,
74175,19778,9562,10216,34608,16588,18020,39552,19137,20415,34608,16658,17950,19775,9377,10398,4944,2366,2578,
74180,19779,9562,10217,34612,16591,18021,39556,19140,20416,34610,16659,17951,19777,9377,10400,4944,2366,2578,
74185,19780,9562,10218,34615,16592,18023,39559,19140,20419,34613,16660,17953,19777,9377,10400,4945,2366,2579,
74190,19782,9563,10219,34615,16592,18023,39560,19140,20420,34615,16661,17954,19779,9378,10401,4945,2366,2579,
74195,19783,9564,10219,34619,16594,18025,39564,19142,20422,34617,16663,17954,19781,9378,10403,4945,2366,2579,
74200,19784,9564,10220,34622,16595,18027,39567,19144,20423,34620,16664,17956,19781,9378,10403,4946,2366,2580,
74205,19786,9565,10221,34622,16595,18027,39568,19145,20423,34622,16664,17958,19783,9378,10405,4946,2366,2580,
74210,19787,9566,10221,34626,16596,18030,39572,19147,20425,34624,16665,17959,19785,9379,10406,4946,2366,2580,
74215,19788,9566,10222,34629,16597,18032,39575,19147,20428,34627,16666,17961,19785,9379,10406,4947,2367,2580,
74220,19790,9567,10223,34629,16597,18032,39576,19148,20428,34629,16667,17962,19787,9379,10408,4947,2367,2580,
74225,19791,9568,10223,34633,16599,18034,39580,19150,20430,34631,16668,17963,19789,9380,10409,4947,2367,2580,
74230,19792,9568,10224,34636,16601,18035,39583,19150,20433,34634,16669,17965,19789,9380,10409,4948,2367,2581,
74235,19794,9569,10225,34636,16601,18035,39584,19150,20434,34636,16670,17966,19791,9382,10409,4948,2367,2581,
74240,19795,9569,10226,34640,16601,18039,39588,19152,20436,34638,16672,17966,19793,9383,10410,4948,2367,2581,
74245,19796,9569,10227,34643,16602,18041,39591,19154,20437,34641,16673,17968,19793,9383,10410,4949,2368,2581,
74250,19798,9570,10228,34643,16602,18041,39592,19154,20438,34643,16675,17968,19795,9385,10410,4949,2368,2581,
74255,19799,9570,10229,34647,16603,18044,39596,19157,20439,34645,16677,17968,19797,9385,10412,4949,2368,2581,
74260,19800,9570,10230,34650,16605,18045,39599,19159,20440,34648,16679,17969,19797,9385,10412,4950,2368,2582,
74265,19802,9571,10231,34650,16605,18045,39600,19159,20441,34650,16680,17970,19799,9385,10414,4950,2368,2582,
74270,19803,9571,10232,34654,16606,18048,39604,19160,20444,34652,16680,17972,19801,9385,10416,4950,2368,2582,
74275,19804,9572,10232,34657,16608,18049,39607,19162,20445,34655,16680,17975,19801,9385,10416,4951,2368,2583,
74280,19806,9574,10232,34657,16608,18049,39608,19162,20446,34657,16680,17977,19803,9387,10416,4951,2368,2583,
74285,19807,9575,10232,34661,16610,18051,39612,19163,20449,34659,16682,17977,19805,9387,10418,4951,2368,2583,
74290,19808,9575,10233,34664,16610,18054,39615,19163,20452,34662,16683,17979,19805,9387,10418,4952,2369,2583,
74295,19810,9577,10233,34664,16610,18054,39616,19163,20453,34664,16684,17980,19807,9387,10420,4952,2369,2583,
74300,19811,9578,10233,34668,16612,18056,39620,19165,20455,34666,16686,17980,19809,9389,10420,4952,2369,2583,
74305,19812,9578,10234,34671,16614,18057,39623,19167,20456,34669,16687,17982,19809,9389,10420,4953,2369,2584,
74310,19814,9578,10236,34671,16614,18057,39624,19168,20456,34671,16688,17983,19811,9390,10421,4953,2369,2584,
74315,19815,9578,10237,34675,16617,18058,39628,19171,20457,34673,16688,17985,19813,9390,10423,4953,2369,2584,
74320,19816,9578,10238,34678,16619,18059,39631,19172,20459,34676,16689,17987,19813,9390,10423,4954,2370,2584,
74325,19818,9580,10238,34678,16619,18059,39632,19173,20459,34678,16690,17988,19815,9391,10424,4954,2370,2584,
74330,19819,9581,10238,34682,16621,18061,39636,19175,20461,34680,16691,17989,19817,9393,10424,4954,2370,2584,
74335,19820,9581,10239,34685,16624,18061,39639,19177,20462,34683,16693,17990,19817,9393,10424,4955,2371,2584,
74340,19822,9582,10240,34685,16624,18061,39640,19178,20462,34685,16695,17990,19819,9394,10425,4955,2371,2584,
74345,19823,9582,10241,34689,16625,18064,39644,19178,20466,34687,16695,17992,19821,9396,10425,4955,2371,2584,
74350,19824,9582,10242,34692,16627,18065,39647,19179,20468,34690,16696,17994,19821,9396,10425,4956,2371,2585,
74355,19826,9583,10243,34692,16627,18065,39648,19179,20469,34692,16697,17995,19823,9397,10426,4956,2371,2585,
74360,19827,9583,10244,34696,16629,18067,39652,19182,20470,34694,16698,17996,19825,9398,10427,4956,2371,2585,
74365,19828,9583,10245,34699,16630,18069,39655,19184,20471,34697,16701,17996,19825,9398,10427,4957,2371,2586,
74370,19830,9584,10246,34699,16630,18069,39656,19184,20472,34699,16702,17997,19827,9398,10429,4957,2371,2586,
74375,19831,9585,10246,34703,16631,18072,39660,19184,20476,34701,16704,17997,19829,9398,10431,4957,2371,2586,
74380,19832,9586,10246,34706,16631,18075,39663,19186,20477,34704,16705,17999,19829,9398,10431,4958,2372,2586,
74385,19834,9588,10246,34706,16631,18075,39664,19186,20478,34706,16706,18000,19831,9398,10433,4958,2372,2586,
74390,19835,9588,10247,34710,16632,18078,39668,19188,20480,34708,16707,18001,19833,9399,10434,4958,2372,2586,
74395,19836,9588,10248,34713,16635,18078,39671,19191,20480,34711,16708,18003,19833,9399,10434,4959,2373,2586,
74400,19838,9588,10250,34713,16635,18078,39672,19192,20480,34713,16708,18005,19835,9401,10434,4959,2373,2586,
74405,19839,9589,10250,34717,16637,18080,39676,19194,20482,34715,16709,18006,19837,9401,10436,4959,2373,2586,
74410,19840,9590,10250,34720,16640,18080,39679,19197,20482,34718,16712,18006,19837,9401,10436,4960,2373,2587,
74415,19842,9591,10251,34720,16640,18080,39680,19197,20483,34720,16712,18008,19839,9402,10437,4960,2373,2587,
74420,19843,9591,10252,34724,16643,18081,39684,19198,20486,34722,16714,18008,19841,9402,10439,4960,2373,2587,
74425,19844,9592,10252,34727,16644,18083,39687,19199,20488,34725,16715,18010,19841,9402,10439,4961,2373,2588,
74430,19846,9593,10253,34727,16644,18083,39688,19199,20489,34727,16715,18012,19843,9402,10441,4961,2373,2588,
74435,19847,9593,10254,34731,16646,18085,39692,19201,20491,34729,16715,18014,19845,9403,10442,4961,2373,2588,
74440,19848,9594,10254,34734,16648,18086,39695,19204,20491,34732,16716,18016,19845,9403,10442,4962,2374,2588,
74445,19850,9594,10256,34734,16648,18086,39696,19204,20492,34734,16718,18016,19847,9404,10443,4962,2374,2588,
74450,19851,9594,10257,34738,16648,18090,39700,19205,20495,34736,16720,18016,19849,9405,10444,4962,2374,2588,
74455,19852,9594,10258,34741,16649,18092,39703,19207,20496,34739,16721,18018,19849,9405,10444,4963,2374,2589,
74460,19854,9595,10259,34741,16649,18092,39704,19207,20497,34741,16722,18019,19851,9406,10445,4963,2374,2589,
74465,19855,9595,10260,34745,16650,18095,39708,19210,20498,34743,16723,18020,19853,9406,10447,4963,2374,2589,
74470,19856,9595,10261,34748,16653,18095,39711,19213,20498,34746,16723,18023,19853,9406,10447,4964,2375,2589,
74475,19858,9597,10261,34748,16653,18095,39712,19213,20499,34748,16725,18023,19855,9406,10449,4964,2375,2589,
74480,19859,9597,10262,34752,16657,18095,39716,19214,20502,34750,16725,18025,19857,9406,10451,4964,2375,2589,
74485,19860,9598,10262,34755,16658,18097,39719,19217,20502,34753,16727,18026,19857,9406,10451,4965,2375,2590,
74490,19862,9599,10263,34755,16658,18097,39720,19217,20503,34755,16728,18027,19859,9407,10452,4965,2375,2590,
74495,19863,9600,10263,34759,16659,18100,39724,19219,20505,34757,16729,18028,19861,9408,10453,4965,2375,2590,
74500,19864,9600,10264,34762,16659,18103,39727,19220,20507,34760,16730,18030,19861,9408,10453,4966,2375,2591,
74505,19866,9600,10266,34762,16659,18103,39728,19220,20508,34762,16731,18031,19863,9409,10454,4966,2375,2591,
74510,19867,9600,10267,34766,16660,18106,39732,19222,20510,34764,16732,18032,19865,9409,10456,4966,2375,2591,
74515,19868,9601,10267,34769,16660,18109,39735,19223,20512,34767,16733,18034,19865,9409,10456,4967,2375,2592,
74520,19870,9602,10268,34769,16660,18109,39736,19223,20513,34769,16735,18034,19867,9410,10457,4967,2375,2592,
74525,19871,9603,10268,34773,16662,18111,39740,19225,20515,34771,16737,18034,19869,9411,10458,4967,2375,2592,
74530,19872,9603,10269,34776,16662,18114,39743,19226,20517,34774,16740,18034,19869,9411,10458,4968,2375,2593,
74535,19874,9605,10269,34776,16662,18114,39744,19227,20517,34776,16741,18035,19871,9411,10460,4968,2375,2593,
74540,19875,9605,10270,34780,16665,18115,39748,19229,20519,34778,16741,18037,19873,9412,10461,4968,2375,2593,
74545,19876,9606,10270,34783,16667,18116,39751,19231,20520,34781,16742,18039,19873,9412,10461,4969,2375,2594,
74550,19878,9607,10271,34783,16667,18116,39752,19231,20521,34783,16742,18041,19875,9414,10461,4969,2375,2594,
74555,19879,9608,10271,34787,16669,18118,39756,19232,20524,34785,16743,18042,19877,9415,10462,4969,2375,2594,
74560,19880,9608,10272,34790,16669,18121,39759,19234,20525,34788,16745,18043,19877,9415,10462,4970,2375,2595,
74565,19882,9610,10272,34790,16669,18121,39760,19235,20525,34790,16746,18044,19879,9416,10463,4970,2375,2595,
74570,19883,9611,10272,34794,16670,18124,39764,19239,20525,34792,16746,18046,19881,9416,10465,4970,2375,2595,
74575,19884,9611,10273,34797,16671,18126,39767,19241,20526,34795,16747,18048,19881,9416,10465,4971,2376,2595,
74580,19886,9612,10274,34797,16671,18126,39768,19241,20527,34797,16747,18050,19883,9417,10466,4971,2376,2595,
74585,19887,9613,10274,34801,16673,18128,39772,19241,20531,34799,16747,18052,19885,9417,10468,4971,2376,2595,
74590,19888,9614,10274,34804,16674,18130,39775,19244,20531,34802,16749,18053,19885,9417,10468,4972,2376,2596,
74595,19890,9615,10275,34804,16674,18130,39776,19244,20532,34804,16749,18055,19887,9418,10469,4972,2376,2596,
74600,19891,9615,10276,34808,16675,18133,39780,19246,20534,34806,16750,18056,19889,9420,10469,4972,2376,2596,
74605,19892,9615,10277,34811,16676,18135,39783,19248,20535,34809,16753,18056,19889,9420,10469,4973,2376,2597,
74610,19894,9615,10279,34811,16676,18135,39784,19249,20535,34811,16754,18057,19891,9421,10470,4973,2376,2597,
74615,19895,9616,10279,34815,16678,18137,39788,19251,20537,34813,16756,18057,19893,9422,10471,4973,2376,2597,
74620,19896,9616,10280,34818,16679,18139,39791,19252,20539,34816,16757,18059,19893,9422,10471,4974,2376,2598,
74625,19898,9616,10282,34818,16679,18139,39792,19253,20539,34818,16757,18061,19895,9422,10473,4974,2376,2598,
74630,19899,9616,10283,34822,16681,18141,39796,19255,20541,34820,16758,18062,19897,9422,10475,4974,2376,2598,
74635,19900,9616,10284,34825,16684,18141,39799,19256,20543,34823,16760,18063,19897,9422,10475,4975,2377,2598,
74640,19902,9617,10285,34825,16684,18141,39800,19256,20544,34825,16761,18064,19899,9422,10477,4975,2377,2598,
74645,19903,9617,10286,34829,16687,18142,39804,19257,20547,34827,16762,18065,19901,9423,10478,4975,2377,2598,
74650,19904,9618,10286,34832,16688,18144,39807,19259,20548,34830,16764,18066,19901,9423,10478,4976,2377,2599,
74655,19906,9619,10287,34832,16688,18144,39808,19259,20549,34832,16765,18067,19903,9424,10479,4976,2377,2599,
74660,19907,9619,10288,34836,16690,18146,39812,19261,20551,34834,16766,18068,19905,9425,10480,4976,2377,2599,
74665,19908,9619,10289,34839,16693,18146,39815,19261,20554,34837,16767,18070,19905,9425,10480,4977,2378,2599,
74670,19910,9619,10291,34839,16693,18146,39816,19262,20554,34839,16769,18070,19907,9427,10480,4977,2378,2599,
74675,19911,9620,10291,34843,16695,18148,39820,19264,20556,34841,16771,18070,19909,9429,10480,4977,2378,2599,
74680,19912,9620,10292,34846,16697,18149,39823,19266,20557,34844,16773,18071,19909,9429,10480,4978,2378,2600,
74685,19914,9622,10292,34846,16697,18149,39824,19266,20558,34846,16774,18072,19911,9430,10481,4978,2378,2600,
74690,19915,9622,10293,34850,16700,18150,39828,19268,20560,34848,16775,18073,19913,9432,10481,4978,2378,2600,
74695,19916,9623,10293,34853,16700,18153,39831,19270,20561,34851,16777,18074,19913,9432,10481,4979,2379,2600,
74700,19918,9624,10294,34853,16700,18153,39832,19270,20562,34853,16778,18075,19915,9434,10481,4979,2379,2600,
74705,19919,9624,10295,34857,16701,18156,39836,19272,20564,34855,16779,18076,19917,9435,10482,4979,2379,2600,
74710,19920,9625,10295,34860,16702,18158,39839,19273,20566,34858,16781,18077,19917,9435,10482,4980,2379,2601,
74715,19922,9626,10296,34860,16702,18158,39840,19273,20567,34860,16782,18078,19919,9436,10483,4980,2379,2601,
74720,19923,9626,10297,34864,16702,18162,39844,19275,20569,34862,16784,18078,19921,9437,10484,4980,2379,2601,
74725,19924,9626,10298,34867,16703,18164,39847,19277,20570,34865,16786,18079,19921,9437,10484,4981,2380,2601,
74730,19926,9626,10300,34867,16703,18164,39848,19277,20571,34867,16786,18081,19923,9438,10485,4981,2380,2601,
74735,19927,9626,10301,34871,16705,18166,39852,19277,20575,34869,16788,18081,19925,9440,10485,4981,2380,2601,
74740,19928,9626,10302,34874,16706,18168,39855,19279,20576,34872,16789,18083,19925,9440,10485,4982,2381,2601,
74745,19930,9627,10303,34874,16706,18168,39856,19280,20576,34874,16791,18083,19927,9440,10487,4982,2381,2601,
74750,19931,9627,10304,34878,16707,18171,39860,19282,20578,34876,16793,18083,19929,9440,10489,4982,2381,2601,
74755,19932,9627,10305,34881,16707,18174,39863,19284,20579,34879,16795,18084,19929,9440,10489,4983,2381,2602,
74760,19934,9628,10306,34881,16707,18174,39864,19285,20579,34881,16795,18086,19931,9441,10490,4983,2381,2602,
74765,19935,9629,10306,34885,16710,18175,39868,19287,20581,34883,16795,18088,19933,9443,10490,4983,2381,2602,
74770,19936,9629,10307,34888,16711,18177,39871,19288,20583,34886,16798,18088,19933,9443,10490,4984,2382,2602,
74775,19938,9631,10307,34888,16711,18177,39872,19288,20584,34888,16799,18089,19935,9444,10491,4984,2382,2602,
74780,19939,9632,10307,34892,16712,18180,39876,19289,20587,34890,16801,18089,19937,9445,10492,4984,2382,2602,
74785,19940,9632,10308,34895,16714,18181,39879,19289,20590,34893,16802,18091,19937,9445,10492,4985,2383,2602,
74790,19942,9634,10308,34895,16714,18181,39880,19289,20591,34895,16802,18093,19939,9445,10494,4985,2383,2602,
74795,19943,9635,10308,34899,16717,18182,39884,19290,20594,34897,16803,18094,19941,9445,10496,4985,2383,2602,
74800,19944,9636,10308,34902,16719,18183,39887,19291,20596,34900,16804,18096,19941,9445,10496,4986,2383,2603,
74805,19946,9636,10310,34902,16719,18183,39888,19291,20597,34902,16804,18098,19943,9446,10497,4986,2383,2603,
74810,19947,9636,10311,34906,16721,18185,39892,19293,20599,34904,16804,18100,19945,9448,10497,4986,2383,2603,
74815,19948,9636,10312,34909,16723,18186,39895,19294,20601,34907,16806,18101,19945,9448,10497,4987,2384,2603,
74820,19950,9637,10313,34909,16723,18186,39896,19295,20601,34909,16808,18101,19947,9449,10498,4987,2384,2603,
74825,19951,9637,10314,34913,16726,18187,39900,19297,20603,34911,16808,18103,19949,9450,10499,4987,2384,2603,
74830,19952,9638,10314,34916,16728,18188,39903,19299,20604,34914,16810,18104,19949,9450,10499,4988,2385,2603,
74835,19954,9639,10315,34916,16728,18188,39904,19300,20604,34916,16811,18105,19951,9451,10500,4988,2385,2603,
74840,19955,9639,10316,34920,16729,18191,39908,19301,20607,34918,16811,18107,19953,9451,10502,4988,2385,2603,
74845,19956,9640,10316,34923,16729,18194,39911,19303,20608,34921,16813,18108,19953,9451,10502,4989,2386,2603,
74850,19958,9641,10317,34923,16729,18194,39912,19303,20609,34923,16814,18109,19955,9453,10502,4989,2386,2603,
74855,19959,9641,10318,34927,16732,18195,39916,19304,20612,34925,16816,18109,19957,9455,10502,4989,2386,2603,
74860,19960,9642,10318,34930,16734,18196,39919,19305,20614,34928,16817,18111,19957,9455,10502,4990,2387,2603,
74865,19962,9644,10318,34930,16734,18196,39920,19305,20615,34930,16818,18112,19959,9457,10502,4990,2387,2603,
74870,19963,9645,10318,34934,16736,18198,39924,19307,20617,34932,16819,18113,19961,9457,10504,4990,2387,2603,
74875,19964,9646,10318,34937,16738,18199,39927,19308,20619,34935,16822,18113,19961,9457,10504,4991,2387,2604,
74880,19966,9647,10319,34937,16738,18199,39928,19308,20620,34937,16823,18114,19963,9457,10506,4991,2387,2604,
74885,19967,9648,10319,34941,16740,18201,39932,19310,20622,34939,16824,18115,19965,9458,10507,4991,2387,2604,
74890,19968,9648,10320,34944,16740,18204,39935,19311,20624,34942,16825,18117,19965,9458,10507,4992,2387,2605,
74895,19970,9648,10322,34944,16740,18204,39936,19311,20625,34944,16825,18119,19967,9459,10508,4992,2387,2605,
74900,19971,9648,10323,34948,16741,18207,39940,19313,20627,34946,16825,18121,19969,9460,10509,4992,2387,2605,
74905,19972,9648,10324,34951,16743,18208,39943,19314,20629,34949,16825,18124,19969,9460,10509,4993,2387,2606,
74910,19974,9650,10324,34951,16743,18208,39944,19314,20630,34951,16827,18124,19971,9460,10511,4993,2387,2606,
74915,19975,9651,10324,34955,16744,18211,39948,19316,20632,34953,16829,18124,19973,9461,10512,4993,2387,2606,
74920,19976,9651,10325,34958,16746,18212,39951,19316,20635,34956,16831,18125,19973,9461,10512,4994,2387,2607,
74925,19978,9652,10326,34958,16746,18212,39952,19316,20636,34958,16831,18127,19975,9461,10514,4994,2387,2607,
74930,19979,9653,10326,34962,16748,18214,39956,19319,20637,34960,16831,18129,19977,9462,10515,4994,2387,2607,
74935,19980,9653,10327,34965,16751,18214,39959,19320,20639,34963,16833,18130,19977,9462,10515,4995,2387,2608,
74940,19982,9655,10327,34965,16751,18214,39960,19320,20640,34965,16834,18131,19979,9462,10517,4995,2387,2608,
74945,19983,9656,10327,34969,16753,18216,39964,19323,20641,34967,16835,18132,19981,9464,10517,4995,2387,2608,
74950,19984,9657,10327,34972,16753,18219,39967,19325,20642,34970,16837,18133,19981,9464,10517,4996,2387,2609,
74955,19986,9658,10328,34972,16753,18219,39968,19325,20643,34972,16839,18133,19983,9464,10519,4996,2387,2609,
74960,19987,9659,10328,34976,16754,18222,39972,19327,20645,34974,16839,18135,19985,9465,10520,4996,2387,2609,
74965,19988,9660,10328,34979,16756,18223,39975,19328,20647,34977,16841,18136,19985,9465,10520,4997,2388,2609,
74970,19990,9660,10330,34979,16756,18223,39976,19329,20647,34979,16842,18137,19987,9465,10522,4997,2388,2609,
74975,19991,9660,10331,34983,16758,18225,39980,19331,20649,34981,16843,18138,19989,9465,10524,4997,2388,2609,
74980,19992,9661,10331,34986,16758,18228,39983,19333,20650,34984,16845,18139,19989,9465,10524,4998,2388,2610,
74985,19994,9662,10332,34986,16758,18228,39984,19333,20651,34986,16847,18139,19991,9466,10525,4998,2388,2610,
74990,19995,9662,10333,34990,16760,18230,39988,19335,20653,34988,16847,18141,19993,9467,10526,4998,2388,2610,
74995,19996,9663,10333,34993,16761,18232,39991,19336,20655,34991,16848,18143,19993,9467,10526,4999,2389,2610,
75000,19998,9664,10334,34993,16761,18232,39992,19336,20656,34993,16849,18144,19995,9467,10528,4999,2389,2610,
75005,19999,9665,10334,34997,16763,18234,39996,19339,20657,34995,16851,18144,19997,9468,10529,4999,2389,2610,
75010,20000,9665,10335,35000,16764,18236,39999,19341,20658,34998,16852,18146,19997,9468,10529,5000,2389,2611,
75015,20002,9665,10337,35000,16764,18236,40000,19341,20659,35000,16852,18148,19999,9468,10531,5000,2389,2611,
75020,20003,9665,10338,35004,16768,18236,40004,19341,20663,35002,16853,18149,20001,9469,10532,5000,2389,2611,
75025,20004,9666,10338,35007,16770,18237,40007,19344,20663,35005,16854,18151,20001,9469,10532,5001,2389,2612,
75030,20006,9667,10339,35007,16770,18237,40008,19344,20664,35007,16855,18152,20003,9469,10534,5001,2389,2612,
75035,20007,9667,10340,35011,16772,18239,40012,19346,20666,35009,16855,18154,20005,9470,10535,5001,2389,2612,
75040,20008,9668,10340,35014,16773,18241,40015,19347,20668,35012,16858,18154,20005,9470,10535,5002,2389,2613,
75045,20010,9670,10340,35014,16773,18241,40016,19347,20669,35014,16858,18156,20007,9470,10537,5002,2389,2613,
75050,20011,9671,10340,35018,16773,18245,40020,19348,20672,35016,16859,18157,20009,9471,10538,5002,2389,2613,
75055,20012,9671,10341,35021,16774,18247,40023,19350,20673,35019,16859,18160,20009,9471,10538,5003,2389,2614,
75060,20014,9672,10342,35021,16774,18247,40024,19350,20674,35021,16861,18160,20011,9471,10540,5003,2389,2614,
75065,20015,9672,10343,35025,16776,18249,40028,19352,20676,35023,16863,18160,20013,9471,10542,5003,2389,2614,
75070,20016,9672,10344,35028,16778,18250,40031,19355,20676,35026,16865,18161,20013,9471,10542,5004,2390,2614,
75075,20018,9673,10345,35028,16778,18250,40032,19356,20676,35028,16866,18162,20015,9472,10543,5004,2390,2614,
75080,20019,9673,10346,35032,16780,18252,40036,19359,20677,35030,16866,18164,20017,9472,10545,5004,2390,2614,
75085,20020,9674,10346,35035,16781,18254,40039,19360,20679,35033,16868,18165,20017,9472,10545,5005,2391,2614,
75090,20022,9674,10348,35035,16781,18254,40040,19360,20680,35035,16869,18166,20019,9473,10546,5005,2391,2614,
75095,20023,9675,10348,35039,16783,18256,40044,19362,20682,35037,16870,18167,20021,9474,10547,5005,2391,2614,
75100,20024,9676,10348,35042,16784,18258,40047,19363,20684,35040,16871,18169,20021,9474,10547,5006,2392,2614,
75105,20026,9677,10349,35042,16784,18258,40048,19363,20685,35042,16871,18171,20023,9476,10547,5006,2392,2614,
75110,20027,9677,10350,35046,16787,18259,40052,19366,20686,35044,16871,18173,20025,9476,10549,5006,2392,2614,
75115,20028,9678,10350,35049,16788,18261,40055,19366,20689,35047,16874,18173,20025,9476,10549,5007,2393,2614,
75120,20030,9680,10350,35049,16788,18261,40056,19367,20689,35049,16876,18173,20027,9478,10549,5007,2393,2614,
75125,20031,9681,10350,35053,16790,18263,40060,19368,20692,35051,16876,18175,20029,9480,10549,5007,2393,2614,
75130,20032,9681,10351,35056,16791,18265,40063,19370,20693,35054,16877,18177,20029,9480,10549,5008,2393,2615,
75135,20034,9681,10353,35056,16791,18265,40064,19370,20694,35056,16877,18179,20031,9481,10550,5008,2393,2615,
75140,20035,9682,10353,35060,16792,18268,40068,19371,20697,35058,16878,18180,20033,9481,10552,5008,2393,2615,
75145,20036,9683,10353,35063,16792,18271,40071,19373,20698,35061,16880,18181,20033,9481,10552,5009,2393,2616,
75150,20038,9684,10354,35063,16792,18271,40072,19374,20698,35063,16881,18182,20035,9481,10554,5009,2393,2616,
75155,20039,9685,10354,35067,16796,18271,40076,19376,20700,35065,16882,18183,20037,9482,10555,5009,2393,2616,
75160,20040,9686,10354,35070,16798,18272,40079,19377,20702,35068,16883,18185,20037,9482,10555,5010,2394,2616,
75165,20042,9688,10354,35070,16798,18272,40080,19378,20702,35070,16885,18185,20039,9482,10557,5010,2394,2616,
75170,20043,9688,10355,35074,16800,18274,40084,19380,20704,35072,16886,18186,20041,9484,10557,5010,2394,2616,
75175,20044,9689,10355,35077,16800,18277,40087,19382,20705,35075,16887,18188,20041,9484,10557,5011,2394,2617,
75180,20046,9689,10357,35077,16800,18277,40088,19382,20706,35077,16887,18190,20043,9484,10559,5011,2394,2617,
75185,20047,9690,10357,35081,16803,18278,40092,19382,20710,35079,16889,18190,20045,9486,10559,5011,2394,2617,
75190,20048,9691,10357,35084,16805,18279,40095,19385,20710,35082,16889,18193,20045,9486,10559,5012,2395,2617,
75195,20050,9692,10358,35084,16805,18279,40096,19386,20710,35084,16890,18194,20047,9487,10560,5012,2395,2617,
75200,20051,9692,10359,35088,16806,18282,40100,19388,20712,35086,16892,18194,20049,9488,10561,5012,2395,2617,
75205,20052,9692,10360,35091,16808,18283,40103,19390,20713,35089,16893,18196,20049,9488,10561,5013,2396,2617,
75210,20054,9693,10361,35091,16808,18283,40104,19390,20714,35091,16894,18197,20051,9488,10563,5013,2396,2617,
75215,20055,9694,10361,35095,16810,18285,40108,19392,20716,35093,16894,18199,20053,9489,10564,5013,2396,2617,
75220,20056,9695,10361,35098,16813,18285,40111,19394,20717,35096,16895,18201,20053,9489,10564,5014,2397,2617,
75225,20058,9695,10363,35098,16813,18285,40112,19394,20718,35098,16897,18201,20055,9489,10566,5014,2397,2617,
75230,20059,9696,10363,35102,16817,18285,40116,19397,20719,35100,16898,18202,20057,9489,10568,5014,2397,2617,
75235,20060,9697,10363,35105,16819,18286,40119,19399,20720,35103,16901,18202,20057,9489,10568,5015,2398,2617,
75240,20062,9698,10364,35105,16819,18286,40120,19400,20720,35105,16903,18202,20059,9490,10569,5015,2398,2617,
75245,20063,9699,10364,35109,16821,18288,40124,19403,20721,35107,16904,18203,20061,9490,10571,5015,2398,2617,
75250,20064,9700,10364,35112,16823,18289,40127,19404,20723,35110,16906,18204,20061,9490,10571,5016,2399,2617,
75255,20066,9700,10366,35112,16823,18289,40128,19405,20723,35112,16906,18206,20063,9490,10573,5016,2399,2617,
75260,20067,9700,10367,35116,16824,18292,40132,19406,20726,35114,16906,18208,20065,9491,10574,5016,2399,2617,
75265,20068,9701,10367,35119,16825,18294,40135,19408,20727,35117,16907,18210,20065,9491,10574,5017,2399,2618,
75270,20070,9702,10368,35119,16825,18294,40136,19408,20728,35119,16909,18210,20067,9492,10575,5017,2399,2618,
75275,20071,9703,10368,35123,16826,18297,40140,19409,20731,35121,16909,18212,20069,9494,10575,5017,2399,2618,
75280,20072,9704,10368,35126,16828,18298,40143,19410,20733,35124,16910,18214,20069,9494,10575,5018,2400,2618,
75285,20074,9706,10368,35126,16828,18298,40144,19410,20734,35126,16911,18215,20071,9496,10575,5018,2400,2618,
75290,20075,9707,10368,35130,16831,18299,40148,19411,20737,35128,16912,18216,20073,9498,10575,5018,2400,2618,
75295,20076,9707,10369,35133,16833,18300,40151,19413,20738,35131,16914,18217,20073,9498,10575,5019,2400,2619,
75300,20078,9708,10370,35133,16833,18300,40152,19413,20739,35133,16915,18218,20075,9498,10577,5019,2400,2619,
75305,20079,9708,10371,35137,16835,18302,40156,19416,20740,35135,16917,18218,20077,9499,10578,5019,2400,2619,
75310,20080,9708,10372,35140,16837,18303,40159,19417,20742,35138,16919,18219,20077,9499,10578,5020,2401,2619,
75315,20082,9708,10374,35140,16837,18303,40160,19417,20743,35140,16921,18219,20079,9499,10580,5020,2401,2619,
75320,20083,9708,10375,35144,16840,18304,40164,19417,20747,35142,16923,18219,20081,9500,10581,5020,2401,2619,
75325,20084,9708,10376,35147,16841,18306,40167,19419,20748,35145,16924,18221,20081,9500,10581,5021,2401,2620,
75330,20086,9709,10377,35147,16841,18306,40168,19419,20749,35147,16925,18222,20083,9501,10582,5021,2401,2620,
75335,20087,9710,10377,35151,16845,18306,40172,19421,20751,35149,16925,18224,20085,9502,10583,5021,2401,2620,
75340,20088,9711,10377,35154,16846,18308,40175,19422,20753,35152,16927,18225,20085,9502,10583,5022,2402,2620,
75345,20090,9711,10379,35154,16846,18308,40176,19422,20754,35154,16927,18227,20087,9504,10583,5022,2402,2620,
75350,20091,9712,10379,35158,16846,18312,40180,19424,20756,35156,16927,18229,20089,9504,10585,5022,2402,2620,
75355,20092,9713,10379,35161,16846,18315,40183,19427,20756,35159,16927,18232,20089,9504,10585,5023,2402,2621,
75360,20094,9715,10379,35161,16846,18315,40184,19428,20756,35161,16929,18232,20091,9505,10586,5023,2402,2621,
75365,20095,9715,10380,35165,16848,18317,40188,19430,20758,35163,16930,18233,20093,9505,10588,5023,2402,2621,
75370,20096,9715,10381,35168,16850,18318,40191,19432,20759,35166,16931,18235,20093,9505,10588,5024,2402,2622,
75375,20098,9716,10382,35168,16850,18318,40192,19432,20760,35168,16931,18237,20095,9507,10588,5024,2402,2622,
75380,20099,9716,10383,35172,16852,18320,40196,19434,20762,35170,16931,18239,20097,9509,10588,5024,2402,2622,
75385,20100,9717,10383,35175,16853,18322,40199,19435,20764,35173,16932,18241,20097,9509,10588,5025,2402,2623,
75390,20102,9717,10385,35175,16853,18322,40200,19435,20765,35175,16934,18241,20099,9509,10590,5025,2402,2623,
75395,20103,9718,10385,35179,16855,18324,40204,19436,20768,35177,16936,18241,20101,9510,10591,5025,2402,2623,
75400,20104,9718,10386,35182,16857,18325,40207,19439,20768,35180,16937,18243,20101,9510,10591,5026,2402,2624,
75405,20106,9718,10388,35182,16857,18325,40208,19439,20769,35182,16937,18245,20103,9511,10592,5026,2402,2624,
75410,20107,9718,10389,35186,16859,18327,40212,19443,20769,35184,16938,18246,20105,9511,10594,5026,2402,2624,
75415,20108,9719,10389,35189,16859,18330,40215,19443,20772,35187,16939,18248,20105,9511,10594,5027,2403,2624,
75420,20110,9721,10389,35189,16859,18330,40216,19443,20773,35189,16940,18249,20107,9513,10594,5027,2403,2624,
75425,20111,9722,10389,35193,16862,18331,40220,19445,20775,35191,16942,18249,20109,9514,10595,5027,2403,2624,
75430,20112,9722,10390,35196,16862,18334,40223,19447,20776,35194,16945,18249,20109,9514,10595,5028,2403,2625,
75435,20114,9724,10390,35196,16862,18334,40224,19447,20777,35196,16946,18250,20111,9516,10595,5028,2403,2625,
75440,20115,9724,10391,35200,16866,18334,40228,19450,20778,35198,16948,18250,20113,9517,10596,5028,2403,2625,
75445,20116,9725,10391,35203,16867,18336,40231,19452,20779,35201,16948,18253,20113,9517,10596,5029,2403,2626,
75450,20118,9726,10392,35203,16867,18336,40232,19453,20779,35203,16948,18255,20115,9518,10597,5029,2403,2626,
75455,20119,9726,10393,35207,16868,18339,40236,19456,20780,35205,16949,18256,20117,9519,10598,5029,2403,2626,
75460,20120,9727,10393,35210,16870,18340,40239,19459,20780,35208,16949,18259,20117,9519,10598,5030,2403,2627,
75465,20122,9727,10395,35210,16870,18340,40240,19459,20781,35210,16949,18261,20119,9521,10598,5030,2403,2627,
75470,20123,9728,10395,35214,16872,18342,40244,19463,20781,35212,16949,18263,20121,9522,10599,5030,2403,2627,
75475,20124,9728,10396,35217,16873,18344,40247,19465,20782,35215,16950,18265,20121,9522,10599,5031,2404,2627,
75480,20126,9729,10397,35217,16873,18344,40248,19466,20782,35217,16952,18265,20123,9524,10599,5031,2404,2627,
75485,20127,9730,10397,35221,16875,18346,40252,19470,20782,35219,16953,18266,20125,9526,10599,5031,2404,2627,
75490,20128,9730,10398,35224,16876,18348,40255,19472,20783,35222,16954,18268,20125,9526,10599,5032,2404,2628,
75495,20130,9732,10398,35224,16876,18348,40256,19472,20784,35224,16954,18270,20127,9527,10600,5032,2404,2628,
75500,20131,9733,10398,35228,16879,18349,40260,19473,20787,35226,16954,18272,20129,9528,10601,5032,2404,2628,
75505,20132,9734,10398,35231,16881,18350,40263,19475,20788,35229,16956,18273,20129,9528,10601,5033,2404,2629,
75510,20134,9734,10400,35231,16881,18350,40264,19476,20788,35231,16958,18273,20131,9530,10601,5033,2404,2629,
75515,20135,9735,10400,35235,16881,18354,40268,19480,20788,35233,16959,18274,20133,9532,10601,5033,2404,2629,
75520,20136,9736,10400,35238,16883,18355,40271,19480,20791,35236,16960,18276,20133,9532,10601,5034,2404,2630,
75525,20138,9737,10401,35238,16883,18355,40272,19480,20792,35238,16960,18278,20135,9533,10602,5034,2404,2630,
75530,20139,9738,10401,35242,16885,18357,40276,19483,20793,35240,16962,18278,20137,9535,10602,5034,2404,2630,
75535,20140,9738,10402,35245,16888,18357,40279,19484,20795,35243,16964,18279,20137,9535,10602,5035,2404,2631,
75540,20142,9739,10403,35245,16888,18357,40280,19485,20795,35245,16964,18281,20139,9536,10603,5035,2404,2631,
75545,20143,9740,10403,35249,16889,18360,40284,19487,20797,35247,16965,18282,20141,9537,10604,5035,2404,2631,
75550,20144,9741,10403,35252,16891,18361,40287,19490,20797,35250,16966,18284,20141,9537,10604,5036,2404,2632,
75555,20146,9742,10404,35252,16891,18361,40288,19491,20797,35252,16968,18284,20143,9538,10605,5036,2404,2632,
75560,20147,9742,10405,35256,16892,18364,40292,19494,20798,35254,16969,18285,20145,9539,10606,5036,2404,2632,
75565,20148,9743,10405,35259,16893,18366,40295,19494,20801,35257,16971,18286,20145,9539,10606,5037,2405,2632,
75570,20150,9744,10406,35259,16893,18366,40296,19494,20802,35259,16972,18287,20147,9539,10608,5037,2405,2632,
75575,20151,9744,10407,35263,16895,18368,40300,19495,20805,35261,16972,18289,20149,9539,10610,5037,2405,2632,
75580,20152,9744,10408,35266,16897,18369,40303,19497,20806,35264,16973,18291,20149,9539,10610,5038,2406,2632,
75585,20154,9746,10408,35266,16897,18369,40304,19498,20806,35266,16975,18291,20151,9539,10612,5038,2406,2632,
75590,20155,9747,10408,35270,16898,18372,40308,19499,20809,35268,16976,18292,20153,9539,10614,5038,2406,2632,
75595,20156,9748,10408,35273,16901,18372,40311,19500,20811,35271,16978,18293,20153,9539,10614,5039,2406,2633,
75600,20158,9749,10409,35273,16901,18372,40312,19501,20811,35273,16978,18295,20155,9540,10615,5039,2406,2633,
75605,20159,9750,10409,35277,16904,18373,40316,19504,20812,35275,16978,18297,20157,9540,10617,5039,2406,2633,
75610,20160,9750,10410,35280,16906,18374,40319,19505,20814,35278,16978,18300,20157,9540,10617,5040,2407,2633,
75615,20162,9752,10410,35280,16906,18374,40320,19506,20814,35280,16980,18300,20159,9540,10619,5040,2407,2633,
75620,20163,9752,10411,35284,16906,18378,40324,19508,20816,35282,16980,18302,20161,9542,10619,5040,2407,2633,
75625,20164,9753,10411,35287,16907,18380,40327,19509,20818,35285,16981,18304,20161,9542,10619,5041,2407,2634,
75630,20166,9754,10412,35287,16907,18380,40328,19509,20819,35287,16982,18305,20163,9543,10620,5041,2407,2634,
75635,20167,9755,10412,35291,16907,18384,40332,19512,20820,35289,16983,18306,20165,9545,10620,5041,2407,2634,
75640,20168,9756,10412,35294,16908,18386,40335,19514,20821,35292,16984,18308,20165,9545,10620,5042,2407,2635,
75645,20170,9757,10413,35294,16908,18386,40336,19515,20821,35294,16984,18310,20167,9545,10622,5042,2407,2635,
75650,20171,9758,10413,35298,16910,18388,40340,19518,20822,35296,16985,18311,20169,9546,10623,5042,2407,2635,
75655,20172,9759,10413,35301,16911,18390,40343,19519,20824,35299,16988,18311,20169,9546,10623,5043,2407,2636,
75660,20174,9760,10414,35301,16911,18390,40344,19520,20824,35301,16989,18312,20171,9547,10624,5043,2407,2636,
75665,20175,9760,10415,35305,16911,18394,40348,19523,20825,35303,16991,18312,20173,9548,10625,5043,2407,2636,
75670,20176,9760,10416,35308,16911,18397,40351,19523,20828,35306,16992,18314,20173,9548,10625,5044,2408,2636,
75675,20178,9762,10416,35308,16911,18397,40352,19523,20829,35308,16994,18314,20175,9549,10626,5044,2408,2636,
75680,20179,9763,10416,35312,16913,18399,40356,19524,20832,35310,16995,18315,20177,9550,10627,5044,2408,2636,
75685,20180,9763,10417,35315,16913,18402,40359,19524,20835,35313,16997,18316,20177,9550,10627,5045,2409,2636,
75690,20182,9763,10419,35315,16913,18402,40360,19525,20835,35315,16997,18318,20179,9551,10628,5045,2409,2636,
75695,20183,9764,10419,35319,16915,18404,40364,19529,20835,35317,16999,18318,20181,9552,10629,5045,2409,2636,
75700,20184,9764,10420,35322,16917,18405,40367,19531,20836,35320,16999,18321,20181,9552,10629,5046,2409,2637,
75705,20186,9764,10422,35322,16917,18405,40368,19531,20837,35322,16999,18323,20183,9554,10629,5046,2409,2637,
75710,20187,9765,10422,35326,16918,18408,40372,19532,20840,35324,17000,18324,20185,9554,10631,5046,2409,2637,
75715,20188,9766,10422,35329,16918,18411,40375,19533,20842,35327,17001,18326,20185,9554,10631,5047,2410,2637,
75720,20190,9768,10422,35329,16918,18411,40376,19534,20842,35329,17002,18327,20187,9556,10631,5047,2410,2637,
75725,20191,9769,10422,35333,16920,18413,40380,19535,20845,35331,17003,18328,20189,9556,10633,5047,2410,2637,
75730,20192,9769,10423,35336,16921,18415,40383,19538,20845,35334,17005,18329,20189,9556,10633,5048,2411,2637,
75735,20194,9770,10424,35336,16921,18415,40384,19538,20846,35336,17006,18330,20191,9556,10635,5048,2411,2637,
75740,20195,9770,10425,35340,16924,18416,40388,19540,20848,35338,17007,18331,20193,9556,10637,5048,2411,2637,
75745,20196,9770,10426,35343,16926,18417,40391,19541,20850,35341,17007,18334,20193,9556,10637,5049,2411,2638,
75750,20198,9771,10427,35343,16926,18417,40392,19541,20851,35343,17008,18335,20195,9557,10638,5049,2411,2638,
75755,20199,9772,10427,35347,16929,18418,40396,19543,20853,35345,17009,18336,20197,9557,10640,5049,2411,2638,
75760,20200,9773,10427,35350,16931,18419,40399,19543,20856,35348,17010,18338,20197,9557,10640,5050,2411,2639,
75765,20202,9775,10427,35350,16931,18419,40400,19544,20856,35350,17012,18338,20199,9558,10641,5050,2411,2639,
75770,20203,9776,10427,35354,16932,18422,40404,19546,20858,35352,17013,18339,20201,9559,10642,5050,2411,2639,
75775,20204,9777,10427,35357,16935,18422,40407,19549,20858,35355,17015,18340,20201,9559,10642,5051,2411,2640,
75780,20206,9778,10428,35357,16935,18422,40408,19549,20859,35357,17015,18342,20203,9560,10643,5051,2411,2640,
75785,20207,9779,10428,35361,16937,18424,40412,19551,20861,35359,17015,18344,20205,9561,10644,5051,2411,2640,
75790,20208,9780,10428,35364,16939,18425,40415,19552,20863,35362,17017,18345,20205,9561,10644,5052,2411,2641,
75795,20210,9781,10429,35364,16939,18425,40416,19553,20863,35364,17018,18346,20207,9562,10645,5052,2411,2641,
75800,20211,9781,10430,35368,16943,18425,40420,19555,20865,35366,17019,18347,20209,9562,10647,5052,2411,2641,
75805,20212,9782,10430,35371,16945,18426,40423,19556,20867,35369,17020,18349,20209,9562,10647,5053,2411,2642,
75810,20214,9783,10431,35371,16945,18426,40424,19556,20868,35371,17020,18351,20211,9562,10649,5053,2411,2642,
75815,20215,9783,10432,35375,16947,18428,40428,19558,20870,35373,17021,18352,20213,9562,10651,5053,2411,2642,
75820,20216,9783,10433,35378,16949,18429,40431,19560,20871,35376,17022,18354,20213,9562,10651,5054,2411,2643,
75825,20218,9785,10433,35378,16949,18429,40432,19560,20872,35378,17024,18354,20215,9564,10651,5054,2411,2643,
75830,20219,9786,10433,35382,16950,18432,40436,19563,20873,35380,17026,18354,20217,9565,10652,5054,2411,2643,
75835,20220,9787,10433,35385,16951,18434,40439,19565,20874,35383,17029,18354,20217,9565,10652,5055,2411,2644,
75840,20222,9788,10434,35385,16951,18434,40440,19565,20875,35385,17029,18356,20219,9566,10653,5055,2411,2644,
75845,20223,9789,10434,35389,16954,18435,40444,19567,20877,35387,17030,18357,20221,9567,10654,5055,2411,2644,
75850,20224,9790,10434,35392,16956,18436,40447,19569,20878,35390,17033,18357,20221,9567,10654,5056,2411,2645,
75855,20226,9792,10434,35392,16956,18436,40448,19569,20879,35392,17034,18358,20223,9567,10656,5056,2411,2645,
75860,20227,9792,10435,35396,16958,18438,40452,19572,20880,35394,17035,18359,20225,9568,10657,5056,2411,2645,
75865,20228,9793,10435,35399,16959,18440,40455,19574,20881,35397,17036,18361,20225,9568,10657,5057,2412,2645,
75870,20230,9794,10436,35399,16959,18440,40456,19575,20881,35399,17036,18363,20227,9570,10657,5057,2412,2645,
75875,20231,9795,10436,35403,16963,18440,40460,19578,20882,35401,17037,18364,20229,9571,10658,5057,2412,2645,
75880,20232,9796,10436,35406,16963,18443,40463,19579,20884,35404,17038,18366,20229,9571,10658,5058,2413,2645,
75885,20234,9797,10437,35406,16963,18443,40464,19580,20884,35406,17039,18367,20231,9572,10659,5058,2413,2645,
75890,20235,9798,10437,35410,16966,18444,40468,19583,20885,35408,17039,18369,20233,9573,10660,5058,2413,2645,
75895,20236,9799,10437,35413,16968,18445,40471,19585,20886,35411,17041,18370,20233,9573,10660,5059,2414,2645,
75900,20238,9800,10438,35413,16968,18445,40472,19586,20886,35413,17042,18371,20235,9575,10660,5059,2414,2645,
75905,20239,9800,10439,35417,16972,18445,40476,19588,20888,35415,17043,18372,20237,9577,10660,5059,2414,2645,
75910,20240,9800,10440,35420,16974,18446,40479,19591,20888,35418,17046,18372,20237,9577,10660,5060,2415,2645,
75915,20242,9801,10441,35420,16974,18446,40480,19591,20889,35420,17047,18373,20239,9577,10662,5060,2415,2645,
75920,20243,9801,10442,35424,16978,18446,40484,19594,20890,35422,17048,18374,20241,9578,10663,5060,2415,2645,
75925,20244,9802,10442,35427,16979,18448,40487,19595,20892,35425,17049,18376,20241,9578,10663,5061,2416,2645,
75930,20246,9803,10443,35427,16979,18448,40488,19595,20893,35427,17050,18377,20243,9579,10664,5061,2416,2645,
75935,20247,9803,10444,35431,16982,18449,40492,19597,20895,35429,17052,18377,20245,9580,10665,5061,2416,2645,
75940,20248,9803,10445,35434,16983,18451,40495,19598,20897,35432,17054,18378,20245,9580,10665,5062,2416,2646,
75945,20250,9804,10446,35434,16983,18451,40496,19598,20898,35434,17055,18379,20247,9580,10667,5062,2416,2646,
75950,20251,9804,10447,35438,16985,18453,40500,19599,20901,35436,17055,18381,20249,9580,10669,5062,2416,2646,
75955,20252,9804,10448,35441,16985,18456,40503,19601,20902,35439,17057,18382,20249,9580,10669,5063,2416,2647,
75960,20254,9805,10449,35441,16985,18456,40504,19601,20903,35441,17058,18383,20251,9580,10671,5063,2416,2647,
75965,20255,9806,10449,35445,16986,18459,40508,19603,20905,35443,17059,18384,20253,9580,10673,5063,2416,2647,
75970,20256,9807,10449,35448,16986,18462,40511,19603,20908,35446,17061,18385,20253,9580,10673,5064,2417,2647,
75975,20258,9807,10451,35448,16986,18462,40512,19604,20908,35448,17062,18386,20255,9581,10674,5064,2417,2647,
75980,20259,9808,10451,35452,16988,18464,40516,19605,20911,35450,17064,18386,20257,9583,10674,5064,2417,2647,
75985,20260,9808,10452,35455,16990,18465,40519,19605,20914,35453,17065,18388,20257,9583,10674,5065,2417,2648,
75990,20262,9809,10453,35455,16990,18465,40520,19606,20914,35455,17067,18388,20259,9584,10675,5065,2417,2648,
75995,20263,9809,10454,35459,16992,18467,40524,19609,20915,35457,17067,18390,20261,9586,10675,5065,2417,2648,
76000,20264,9809,10455,35462,16993,18469,40527,19612,20915,35460,17069,18391,20261,9586,10675,5066,2417,2649,
76005,20266,9810,10456,35462,16993,18469,40528,19612,20916,35462,17070,18392,20263,9588,10675,5066,2417,2649,
76010,20267,9810,10457,35466,16994,18472,40532,19614,20918,35464,17072,18392,20265,9589,10676,5066,2417,2649,
76015,20268,9810,10458,35469,16997,18472,40535,19616,20919,35467,17073,18394,20265,9589,10676,5067,2417,2650,
76020,20270,9811,10459,35469,16997,18472,40536,19617,20919,35469,17073,18396,20267,9589,10678,5067,2417,2650,
76025,20271,9812,10459,35473,16999,18474,40540,19618,20922,35471,17075,18396,20269,9589,10680,5067,2417,2650,
76030,20272,9813,10459,35476,17001,18475,40543,19618,20925,35474,17077,18397,20269,9589,10680,5068,2418,2650,
76035,20274,9815,10459,35476,17001,18475,40544,19619,20925,35476,17079,18397,20271,9589,10682,5068,2418,2650,
76040,20275,9816,10459,35480,17001,18479,40548,19623,20925,35478,17080,18398,20273,9590,10683,5068,2418,2650,
76045,20276,9816,10460,35483,17003,18480,40551,19625,20926,35481,17080,18401,20273,9590,10683,5069,2419,2650,
76050,20278,9816,10462,35483,17003,18480,40552,19625,20927,35483,17080,18403,20275,9591,10684,5069,2419,2650,
76055,20279,9817,10462,35487,17005,18482,40556,19626,20930,35485,17082,18403,20277,9592,10685,5069,2419,2650,
76060,20280,9818,10462,35490,17006,18484,40559,19628,20931,35488,17083,18405,20277,9592,10685,5070,2420,2650,
76065,20282,9819,10463,35490,17006,18484,40560,19629,20931,35490,17084,18406,20279,9593,10686,5070,2420,2650,
76070,20283,9820,10463,35494,17008,18486,40564,19631,20933,35492,17084,18408,20281,9594,10687,5070,2420,2650,
76075,20284,9821,10463,35497,17009,18488,40567,19633,20934,35495,17085,18410,20281,9594,10687,5071,2420,2651,
76080,20286,9821,10465,35497,17009,18488,40568,19633,20935,35497,17086,18411,20283,9596,10687,5071,2420,2651,
76085,20287,9822,10465,35501,17011,18490,40572,19635,20937,35499,17087,18412,20285,9598,10687,5071,2420,2651,
76090,20288,9822,10466,35504,17012,18492,40575,19638,20937,35502,17089,18413,20285,9598,10687,5072,2421,2651,
76095,20290,9823,10467,35504,17012,18492,40576,19639,20937,35504,17090,18414,20287,9599,10688,5072,2421,2651,
76100,20291,9823,10468,35508,17015,18493,40580,19642,20938,35506,17091,18415,20289,9601,10688,5072,2421,2651,
76105,20292,9824,10468,35511,17017,18494,40583,19642,20941,35509,17092,18417,20289,9601,10688,5073,2421,2652,
76110,20294,9824,10470,35511,17017,18494,40584,19643,20941,35511,17094,18417,20291,9602,10689,5073,2421,2652,
76115,20295,9824,10471,35515,17019,18496,40588,19646,20942,35513,17096,18417,20293,9602,10691,5073,2421,2652,
76120,20296,9825,10471,35518,17021,18497,40591,19648,20943,35516,17098,18418,20293,9602,10691,5074,2421,2653,
76125,20298,9825,10473,35518,17021,18497,40592,19649,20943,35518,17098,18420,20295,9604,10691,5074,2421,2653,
76130,20299,9825,10474,35522,17023,18499,40596,19649,20947,35520,17099,18421,20297,9605,10692,5074,2421,2653,
76135,20300,9826,10474,35525,17025,18500,40599,19650,20949,35523,17100,18423,20297,9605,10692,5075,2421,2654,
76140,20302,9826,10476,35525,17025,18500,40600,19651,20949,35525,17101,18424,20299,9606,10693,5075,2421,2654,
76145,20303,9827,10476,35529,17026,18503,40604,19652,20952,35527,17101,18426,20301,9607,10694,5075,2421,2654,
76150,20304,9827,10477,35532,17027,18505,40607,19653,20954,35530,17102,18428,20301,9607,10694,5076,2422,2654,
76155,20306,9829,10477,35532,17027,18505,40608,19653,20955,35532,17103,18429,20303,9607,10696,5076,2422,2654,
76160,20307,9829,10478,35536,17029,18507,40612,19655,20957,35534,17103,18431,20305,9608,10697,5076,2422,2654,
76165,20308,9830,10478,35539,17030,18509,40615,19656,20959,35537,17105,18432,20305,9608,10697,5077,2422,2655,
76170,20310,9832,10478,35539,17030,18509,40616,19657,20959,35539,17106,18433,20307,9609,10698,5077,2422,2655,
76175,20311,9832,10479,35543,17032,18511,40620,19658,20962,35541,17107,18434,20309,9610,10699,5077,2422,2655,
76180,20312,9833,10479,35546,17033,18513,40623,19659,20964,35544,17109,18435,20309,9610,10699,5078,2423,2655,
76185,20314,9834,10480,35546,17033,18513,40624,19660,20964,35546,17109,18437,20311,9611,10700,5078,2423,2655,
76190,20315,9835,10480,35550,17035,18515,40628,19661,20967,35548,17111,18437,20313,9613,10700,5078,2423,2655,
76195,20316,9836,10480,35553,17037,18516,40631,19662,20969,35551,17112,18439,20313,9613,10700,5079,2424,2655,
76200,20318,9838,10480,35553,17037,18516,40632,19662,20970,35553,17112,18441,20315,9615,10700,5079,2424,2655,
76205,20319,9839,10480,35557,17040,18517,40636,19666,20970,35555,17114,18441,20317,9615,10702,5079,2424,2655,
76210,20320,9839,10481,35560,17042,18518,40639,19667,20972,35558,17116,18442,20317,9615,10702,5080,2424,2656,
76215,20322,9841,10481,35560,17042,18518,40640,19668,20972,35560,17117,18443,20319,9616,10703,5080,2424,2656,
76220,20323,9841,10482,35564,17045,18519,40644,19670,20974,35562,17118,18444,20321,9617,10704,5080,2424,2656,
76225,20324,9841,10483,35567,17046,18521,40647,19672,20975,35565,17121,18444,20321,9617,10704,5081,2424,2657,
76230,20326,9842,10484,35567,17046,18521,40648,19673,20975,35567,17122,18445,20323,9617,10706,5081,2424,2657,
76235,20327,9842,10485,35571,17050,18521,40652,19675,20977,35569,17123,18446,20325,9617,10708,5081,2424,2657,
76240,20328,9842,10486,35574,17052,18522,40655,19678,20977,35572,17125,18447,20325,9617,10708,5082,2424,2658,
76245,20330,9842,10488,35574,17052,18522,40656,19679,20977,35574,17127,18447,20327,9618,10709,5082,2424,2658,
76250,20331,9843,10488,35578,17053,18525,40660,19680,20980,35576,17128,18448,20329,9619,10710,5082,2424,2658,
76255,20332,9843,10489,35581,17055,18526,40663,19682,20981,35579,17129,18450,20329,9619,10710,5083,2424,2659,
76260,20334,9845,10489,35581,17055,18526,40664,19683,20981,35581,17129,18452,20331,9620,10711,5083,2424,2659,
76265,20335,9845,10490,35585,17056,18529,40668,19685,20983,35583,17129,18454,20333,9620,10713,5083,2424,2659,
76270,20336,9846,10490,35588,17056,18532,40671,19685,20986,35586,17132,18454,20333,9620,10713,5084,2424,2660,
76275,20338,9848,10490,35588,17056,18532,40672,19685,20987,35588,17133,18455,20335,9622,10713,5084,2424,2660,
76280,20339,9848,10491,35592,17058,18534,40676,19685,20991,35590,17134,18456,20337,9624,10713,5084,2424,2660,
76285,20340,9849,10491,35595,17059,18536,40679,19686,20993,35593,17135,18458,20337,9624,10713,5085,2424,2661,
76290,20342,9849,10493,35595,17059,18536,40680,19686,20994,35595,17136,18459,20339,9626,10713,5085,2424,2661,
76295,20343,9849,10494,35599,17060,18539,40684,19689,20995,35597,17136,18461,20341,9628,10713,5085,2424,2661,
76300,20344,9849,10495,35602,17062,18540,40687,19690,20997,35600,17138,18462,20341,9628,10713,5086,2425,2661,
76305,20346,9850,10496,35602,17062,18540,40688,19690,20998,35602,17138,18464,20343,9629,10714,5086,2425,2661,
76310,20347,9850,10497,35606,17065,18541,40692,19691,21001,35604,17138,18466,20345,9630,10715,5086,2425,2661,
76315,20348,9850,10498,35609,17067,18542,40695,19692,21003,35607,17139,18468,20345,9630,10715,5087,2426,2661,
76320,20350,9851,10499,35609,17067,18542,40696,19692,21004,35609,17139,18470,20347,9631,10716,5087,2426,2661,
76325,20351,9851,10500,35613,17070,18543,40700,19694,21006,35611,17140,18471,20349,9631,10718,5087,2426,2661,
76330,20352,9851,10501,35616,17072,18544,40703,19695,21008,35614,17141,18473,20349,9631,10718,5088,2427,2661,
76335,20354,9853,10501,35616,17072,18544,40704,19696,21008,35616,17142,18474,20351,9632,10719,5088,2427,2661,
76340,20355,9854,10501,35620,17075,18545,40708,19696,21012,35618,17143,18475,20353,9634,10719,5088,2427,2661,
76345,20356,9855,10501,35623,17077,18546,40711,19698,21013,35621,17146,18475,20353,9634,10719,5089,2428,2661,
76350,20358,9855,10503,35623,17077,18546,40712,19698,21014,35623,17148,18475,20355,9634,10721,5089,2428,2661,
76355,20359,9856,10503,35627,17080,18547,40716,19700,21016,35625,17148,18477,20357,9634,10723,5089,2428,2661,
76360,20360,9856,10504,35630,17082,18548,40719,19701,21018,35628,17151,18477,20357,9634,10723,5090,2429,2661,
76365,20362,9856,10506,35630,17082,18548,40720,19701,21019,35630,17153,18477,20359,9635,10724,5090,2429,2661,
76370,20363,9857,10506,35634,17085,18549,40724,19703,21021,35632,17154,18478,20361,9636,10725,5090,2429,2661,
76375,20364,9857,10507,35637,17088,18549,40727,19704,21023,35635,17154,18481,20361,9636,10725,5091,2430,2661,
76380,20366,9858,10508,35637,17088,18549,40728,19705,21023,35637,17154,18483,20363,9637,10726,5091,2430,2661,
76385,20367,9859,10508,35641,17089,18552,40732,19705,21027,35639,17154,18485,20365,9638,10727,5091,2430,2661,
76390,20368,9860,10508,35644,17090,18554,40735,19707,21028,35642,17155,18487,20365,9638,10727,5092,2430,2662,
76395,20370,9861,10509,35644,17090,18554,40736,19708,21028,35644,17155,18489,20367,9638,10729,5092,2430,2662,
76400,20371,9861,10510,35648,17092,18556,40740,19709,21031,35646,17155,18491,20369,9638,10731,5092,2430,2662,
76405,20372,9862,10510,35651,17093,18558,40743,19710,21033,35649,17156,18493,20369,9638,10731,5093,2430,2663,
76410,20374,9863,10511,35651,17093,18558,40744,19711,21033,35651,17156,18495,20371,9640,10731,5093,2430,2663,
76415,20375,9864,10511,35655,17094,18561,40748,19713,21035,35653,17157,18496,20373,9642,10731,5093,2430,2663,
76420,20376,9865,10511,35658,17095,18563,40751,19716,21035,35656,17157,18499,20373,9642,10731,5094,2430,2664,
76425,20378,9865,10513,35658,17095,18563,40752,19716,21036,35658,17157,18501,20375,9643,10732,5094,2430,2664,
76430,20379,9866,10513,35662,17098,18564,40756,19717,21039,35660,17158,18502,20377,9644,10733,5094,2430,2664,
76435,20380,9867,10513,35665,17100,18565,40759,19717,21042,35663,17160,18503,20377,9644,10733,5095,2431,2664,
76440,20382,9869,10513,35665,17100,18565,40760,19718,21042,35665,17161,18504,20379,9645,10734,5095,2431,2664,
76445,20383,9870,10513,35669,17100,18569,40764,19720,21044,35667,17163,18504,20381,9645,10736,5095,2431,2664,
76450,20384,9870,10514,35672,17102,18570,40767,19721,21046,35670,17163,18507,20381,9645,10736,5096,2432,2664,
76455,20386,9871,10515,35672,17102,18570,40768,19721,21047,35672,17163,18509,20383,9646,10737,5096,2432,2664,
76460,20387,9872,10515,35676,17102,18574,40772,19722,21050,35674,17165,18509,20385,9647,10738,5096,2432,2664,
76465,20388,9872,10516,35679,17103,18576,40775,19725,21050,35677,17166,18511,20385,9647,10738,5097,2433,2664,
76470,20390,9873,10517,35679,17103,18576,40776,19726,21050,35679,17167,18512,20387,9649,10738,5097,2433,2664,
76475,20391,9873,10518,35683,17104,18579,40780,19728,21052,35681,17168,18513,20389,9649,10740,5097,2433,2664,
76480,20392,9873,10519,35686,17104,18582,40783,19729,21054,35684,17169,18515,20389,9649,10740,5098,2433,2665,
76485,20394,9874,10520,35686,17104,18582,40784,19729,21055,35686,17170,18516,20391,9651,10740,5098,2433,2665,
76490,20395,9874,10521,35690,17105,18585,40788,19732,21056,35688,17171,18517,20393,9651,10742,5098,2433,2665,
76495,20396,9875,10521,35693,17106,18587,40791,19733,21058,35691,17172,18519,20393,9651,10742,5099,2433,2666,
76500,20398,9875,10523,35693,17106,18587,40792,19734,21058,35693,17172,18521,20395,9652,10743,5099,2433,2666,
76505,20399,9876,10523,35697,17109,18588,40796,19738,21058,35695,17173,18522,20397,9654,10743,5099,2433,2666,
76510,20400,9876,10524,35700,17111,18589,40799,19740,21059,35698,17176,18522,20397,9654,10743,5100,2433,2667,
76515,20402,9878,10524,35700,17111,18589,40800,19740,21060,35700,17176,18524,20399,9654,10745,5100,2433,2667,
76520,20403,9879,10524,35704,17112,18592,40804,19741,21063,35702,17177,18525,20401,9656,10745,5100,2433,2667,
76525,20404,9880,10524,35707,17115,18592,40807,19742,21065,35705,17179,18526,20401,9656,10745,5101,2433,2668,
76530,20406,9882,10524,35707,17115,18592,40808,19743,21065,35707,17181,18526,20403,9656,10747,5101,2433,2668,
76535,20407,9883,10524,35711,17117,18594,40812,19746,21066,35709,17183,18526,20405,9658,10747,5101,2433,2668,
76540,20408,9884,10524,35714,17118,18596,40815,19747,21068,35712,17184,18528,20405,9658,10747,5102,2433,2669,
76545,20410,9885,10525,35714,17118,18596,40816,19747,21069,35714,17185,18529,20407,9659,10748,5102,2433,2669,
76550,20411,9886,10525,35718,17121,18597,40820,19748,21072,35716,17185,18531,20409,9661,10748,5102,2433,2669,
76555,20412,9887,10525,35721,17121,18600,40823,19750,21073,35719,17186,18533,20409,9661,10748,5103,2433,2670,
76560,20414,9888,10526,35721,17121,18600,40824,19750,21074,35721,17187,18534,20411,9662,10749,5103,2433,2670,
76565,20415,9889,10526,35725,17122,18603,40828,19750,21078,35723,17188,18535,20413,9662,10751,5103,2433,2670,
76570,20416,9889,10527,35728,17123,18605,40831,19751,21080,35726,17190,18536,20413,9662,10751,5104,2434,2670,
76575,20418,9889,10529,35728,17123,18605,40832,19752,21080,35728,17191,18537,20415,9663,10752,5104,2434,2670,
76580,20419,9889,10530,35732,17126,18606,40836,19754,21082,35730,17191,18539,20417,9663,10754,5104,2434,2670,
76585,20420,9890,10530,35735,17128,18607,40839,19755,21084,35733,17192,18541,20417,9663,10754,5105,2434,2671,
76590,20422,9892,10530,35735,17128,18607,40840,19755,21085,35735,17193,18542,20419,9664,10755,5105,2434,2671,
76595,20423,9893,10530,35739,17131,18608,40844,19757,21087,35737,17194,18543,20421,9665,10756,5105,2434,2671,
76600,20424,9893,10531,35742,17133,18609,40847,19759,21088,35740,17194,18546,20421,9665,10756,5106,2434,2672,
76605,20426,9894,10532,35742,17133,18609,40848,19759,21089,35742,17194,18548,20423,9666,10757,5106,2434,2672,
76610,20427,9894,10533,35746,17134,18612,40852,19762,21090,35744,17194,18550,20425,9667,10758,5106,2434,2672,
76615,20428,9894,10534,35749,17135,18614,40855,19763,21092,35747,17194,18553,20425,9667,10758,5107,2434,2673,
76620,20430,9895,10535,35749,17135,18614,40856,19763,21093,35749,17194,18555,20427,9668,10759,5107,2434,2673,
76625,20431,9896,10535,35753,17138,18615,40860,19765,21095,35751,17194,18557,20429,9670,10759,5107,2434,2673,
76630,20432,9896,10536,35756,17139,18617,40863,19767,21096,35754,17194,18560,20429,9670,10759,5108,2434,2674,
76635,20434,9896,10538,35756,17139,18617,40864,19768,21096,35756,17195,18561,20431,9670,10761,5108,2434,2674,
76640,20435,9897,10538,35760,17142,18618,40868,19769,21099,35758,17196,18562,20433,9670,10763,5108,2434,2674,
76645,20436,9898,10538,35763,17143,18620,40871,19772,21099,35761,17198,18563,20433,9670,10763,5109,2434,2675,
76650,20438,9899,10539,35763,17143,18620,40872,19772,21100,35763,17198,18565,20435,9671,10764,5109,2434,2675,
76655,20439,9899,10540,35767,17147,18620,40876,19773,21103,35765,17199,18566,20437,9671,10766,5109,2434,2675,
76660,20440,9900,10540,35770,17147,18623,40879,19774,21105,35768,17202,18566,20437,9671,10766,5110,2435,2675,
76665,20442,9900,10542,35770,17147,18623,40880,19774,21106,35770,17204,18566,20439,9673,10766,5110,2435,2675,
76670,20443,9900,10543,35774,17149,18625,40884,19776,21108,35772,17206,18566,20441,9675,10766,5110,2435,2675,
76675,20444,9900,10544,35777,17150,18627,40887,19777,21110,35775,17208,18567,20441,9675,10766,5111,2435,2676,
76680,20446,9902,10544,35777,17150,18627,40888,19778,21110,35777,17209,18568,20443,9676,10767,5111,2435,2676,
76685,20447,9902,10545,35781,17152,18629,40892,19780,21112,35779,17211,18568,20445,9677,10768,5111,2435,2676,
76690,20448,9902,10546,35784,17154,18630,40895,19782,21113,35782,17212,18570,20445,9677,10768,5112,2436,2676,
76695,20450,9904,10546,35784,17154,18630,40896,19783,21113,35784,17214,18570,20447,9677,10770,5112,2436,2676,
76700,20451,9904,10547,35788,17156,18632,40900,19784,21116,35786,17215,18571,20449,9677,10772,5112,2436,2676,
76705,20452,9905,10547,35791,17158,18633,40903,19786,21117,35789,17216,18573,20449,9677,10772,5113,2436,2677,
76710,20454,9906,10548,35791,17158,18633,40904,19786,21118,35791,17216,18575,20451,9677,10774,5113,2436,2677,
76715,20455,9907,10548,35795,17160,18635,40908,19788,21120,35793,17216,18577,20453,9679,10774,5113,2436,2677,
76720,20456,9908,10548,35798,17161,18637,40911,19790,21121,35796,17219,18577,20453,9679,10774,5114,2436,2678,
76725,20458,9909,10549,35798,17161,18637,40912,19791,21121,35798,17220,18578,20455,9680,10775,5114,2436,2678,
76730,20459,9909,10550,35802,17164,18638,40916,19791,21125,35800,17221,18579,20457,9681,10776,5114,2436,2678,
76735,20460,9910,10550,35805,17165,18640,40919,19792,21127,35803,17223,18580,20457,9681,10776,5115,2437,2678,
76740,20462,9911,10551,35805,17165,18640,40920,19793,21127,35805,17224,18581,20459,9682,10777,5115,2437,2678,
76745,20463,9912,10551,35809,17166,18643,40924,19794,21130,35807,17224,18583,20461,9682,10779,5115,2437,2678,
76750,20464,9912,10552,35812,17166,18646,40927,19796,21131,35810,17225,18585,20461,9682,10779,5116,2437,2679,
76755,20466,9912,10554,35812,17166,18646,40928,19796,21132,35812,17226,18586,20463,9682,10781,5116,2437,2679,
76760,20467,9913,10554,35816,17168,18648,40932,19799,21133,35814,17228,18586,20465,9682,10783,5116,2437,2679,
76765,20468,9914,10554,35819,17169,18650,40935,19802,21133,35817,17230,18587,20465,9682,10783,5117,2438,2679,
76770,20470,9914,10556,35819,17169,18650,40936,19802,21134,35819,17230,18589,20467,9683,10784,5117,2438,2679,
76775,20471,9914,10557,35823,17170,18653,40940,19802,21138,35821,17231,18590,20469,9684,10785,5117,2438,2679,
76780,20472,9915,10557,35826,17171,18655,40943,19803,21140,35824,17232,18592,20469,9684,10785,5118,2439,2679,
76785,20474,9916,10558,35826,17171,18655,40944,19804,21140,35826,17234,18592,20471,9685,10786,5118,2439,2679,
76790,20475,9917,10558,35830,17173,18657,40948,19805,21143,35828,17234,18594,20473,9685,10788,5118,2439,2679,
76795,20476,9918,10558,35833,17174,18659,40951,19807,21144,35831,17235,18596,20473,9685,10788,5119,2439,2680,
76800,20478,9920,10558,35833,17174,18659,40952,19807,21145,35833,17236,18597,20475,9687,10788,5119,2439,2680,
76805,20479,9920,10559,35837,17175,18662,40956,19809,21147,35835,17237,18598,20477,9687,10790,5119,2439,2680,
76810,20480,9920,10560,35840,17177,18663,40959,19812,21147,35838,17239,18599,20477,9687,10790,5120,2439,2681,
76815,20482,9920,10562,35840,17177,18663,40960,19812,21148,35840,17241,18599,20479,9688,10791,5120,2439,2681,
76820,20483,9920,10563,35844,17177,18667,40964,19815,21149,35842,17243,18599,20481,9688,10793,5120,2439,2681,
76825,20484,9920,10564,35847,17179,18668,40967,19816,21151,35845,17243,18602,20481,9688,10793,5121,2440,2681,
76830,20486,9921,10565,35847,17179,18668,40968,19817,21151,35847,17244,18603,20483,9689,10794,5121,2440,2681,
76835,20487,9921,10566,35851,17181,18670,40972,19818,21154,35849,17245,18604,20485,9691,10794,5121,2440,2681,
76840,20488,9921,10567,35854,17182,18672,40975,19820,21155,35852,17247,18605,20485,9691,10794,5122,2440,2682,
76845,20490,9922,10568,35854,17182,18672,40976,19821,21155,35854,17248,18606,20487,9691,10796,5122,2440,2682,
76850,20491,9923,10568,35858,17183,18675,40980,19822,21158,35856,17249,18607,20489,9692,10797,5122,2440,2682,
76855,20492,9923,10569,35861,17183,18678,40983,19824,21159,35859,17250,18609,20489,9692,10797,5123,2441,2682,
76860,20494,9924,10570,35861,17183,18678,40984,19825,21159,35861,17251,18610,20491,9693,10798,5123,2441,2682,
76865,20495,9924,10571,35865,17185,18680,40988,19827,21161,35863,17253,18610,20493,9694,10799,5123,2441,2682,
76870,20496,9924,10572,35868,17186,18682,40991,19829,21162,35866,17254,18612,20493,9694,10799,5124,2442,2682,
76875,20498,9926,10572,35868,17186,18682,40992,19830,21162,35868,17255,18613,20495,9695,10800,5124,2442,2682,
76880,20499,9927,10572,35872,17187,18685,40996,19830,21166,35870,17257,18613,20497,9697,10800,5124,2442,2682,
76885,20500,9927,10573,35875,17189,18686,40999,19831,21168,35873,17258,18615,20497,9697,10800,5125,2443,2682,
76890,20502,9929,10573,35875,17189,18686,41000,19831,21169,35875,17260,18615,20499,9698,10801,5125,2443,2682,
76895,20503,9930,10573,35879,17191,18688,41004,19832,21172,35877,17261,18616,20501,9698,10803,5125,2443,2682,
76900,20504,9931,10573,35882,17193,18689,41007,19832,21175,35880,17262,18618,20501,9698,10803,5126,2444,2682,
76905,20506,9932,10574,35882,17193,18689,41008,19832,21176,35882,17264,18618,20503,9699,10804,5126,2444,2682,
76910,20507,9932,10575,35886,17195,18691,41012,19836,21176,35884,17264,18620,20505,9700,10805,5126,2444,2682,
76915,20508,9933,10575,35889,17196,18693,41015,19838,21177,35887,17265,18622,20505,9700,10805,5127,2444,2683,
76920,20510,9934,10576,35889,17196,18693,41016,19838,21178,35889,17265,18624,20507,9701,10806,5127,2444,2683,
76925,20511,9935,10576,35893,17198,18695,41020,19838,21182,35891,17266,18625,20509,9701,10808,5127,2444,2683,
76930,20512,9936,10576,35896,17198,18698,41023,19841,21182,35894,17268,18626,20509,9701,10808,5128,2444,2684,
76935,20514,9937,10577,35896,17198,18698,41024,19842,21182,35896,17270,18626,20511,9702,10809,5128,2444,2684,
76940,20515,9938,10577,35900,17200,18700,41028,19844,21184,35898,17271,18627,20513,9702,10811,5128,2444,2684,
76945,20516,9938,10578,35903,17201,18702,41031,19844,21187,35901,17274,18627,20513,9702,10811,5129,2444,2685,
76950,20518,9939,10579,35903,17201,18702,41032,19845,21187,35903,17275,18628,20515,9704,10811,5129,2444,2685,
76955,20519,9940,10579,35907,17202,18705,41036,19847,21189,35905,17275,18630,20517,9705,10812,5129,2444,2685,
76960,20520,9940,10580,35910,17204,18706,41039,19848,21191,35908,17278,18630,20517,9705,10812,5130,2445,2685,
76965,20522,9942,10580,35910,17204,18706,41040,19849,21191,35910,17278,18632,20519,9705,10814,5130,2445,2685,
76970,20523,9943,10580,35914,17207,18707,41044,19853,21191,35912,17280,18632,20521,9707,10814,5130,2445,2685,
76975,20524,9944,10580,35917,17209,18708,41047,19856,21191,35915,17282,18633,20521,9707,10814,5131,2446,2685,
76980,20526,9945,10581,35917,17209,18708,41048,19857,21191,35917,17283,18634,20523,9709,10814,5131,2446,2685,
76985,20527,9946,10581,35921,17210,18711,41052,19859,21193,35919,17284,18635,20525,9710,10815,5131,2446,2685,
76990,20528,9946,10582,35924,17211,18713,41055,19859,21196,35922,17284,18638,20525,9710,10815,5132,2447,2685,
76995,20530,9947,10583,35924,17211,18713,41056,19860,21196,35924,17284,18640,20527,9710,10817,5132,2447,2685,
77000,20531,9947,10584,35928,17212,18716,41060,19864,21196,35926,17286,18640,20529,9710,10819,5132,2447,2685,
77005,20532,9948,10584,35931,17214,18717,41063,19864,21199,35929,17287,18642,20529,9710,10819,5133,2448,2685,
77010,20534,9949,10585,35931,17214,18717,41064,19865,21199,35931,17289,18642,20531,9711,10820,5133,2448,2685,
77015,20535,9949,10586,35935,17216,18719,41068,19867,21201,35933,17290,18643,20533,9712,10821,5133,2448,2685,
77020,20536,9949,10587,35938,17218,18720,41071,19869,21202,35936,17292,18644,20533,9712,10821,5134,2448,2686,
77025,20538,9950,10588,35938,17218,18720,41072,19870,21202,35938,17293,18645,20535,9713,10822,5134,2448,2686,
77030,20539,9950,10589,35942,17220,18722,41076,19873,21203,35940,17294,18646,20537,9713,10824,5134,2448,2686,
77035,20540,9950,10590,35945,17221,18724,41079,19876,21203,35943,17295,18648,20537,9713,10824,5135,2449,2686,
77040,20542,9951,10591,35945,17221,18724,41080,19877,21203,35945,17296,18649,20539,9714,10825,5135,2449,2686,
77045,20543,9952,10591,35949,17222,18727,41084,19881,21203,35947,17297,18650,20541,9714,10827,5135,2449,2686,
77050,20544,9953,10591,35952,17222,18730,41087,19882,21205,35950,17300,18650,20541,9714,10827,5136,2449,2687,
77055,20546,9954,10592,35952,17222,18730,41088,19882,21206,35952,17301,18651,20543,9714,10829,5136,2449,2687,
77060,20547,9954,10593,35956,17223,18733,41092,19884,21208,35954,17302,18652,20545,9716,10829,5136,2449,2687,
77065,20548,9955,10593,35959,17226,18733,41095,19884,21211,35957,17304,18653,20545,9716,10829,5137,2449,2688,
77070,20550,9956,10594,35959,17226,18733,41096,19885,21211,35959,17305,18654,20547,9717,10830,5137,2449,2688,
77075,20551,9956,10595,35963,17229,18734,41100,19888,21212,35961,17307,18654,20549,9718,10831,5137,2449,2688,
77080,20552,9956,10596,35966,17231,18735,41103,19891,21212,35964,17308,18656,20549,9718,10831,5138,2450,2688,
77085,20554,9957,10597,35966,17231,18735,41104,19892,21212,35966,17309,18657,20551,9719,10832,5138,2450,2688,
77090,20555,9957,10598,35970,17233,18737,41108,19893,21215,35968,17311,18657,20553,9719,10834,5138,2450,2688,
77095,20556,9957,10599,35973,17236,18737,41111,19895,21216,35971,17311,18660,20553,9719,10834,5139,2451,2688,
77100,20558,9958,10600,35973,17236,18737,41112,19896,21216,35973,17312,18661,20555,9721,10834,5139,2451,2688,
77105,20559,9958,10601,35977,17238,18739,41116,19899,21217,35975,17313,18662,20557,9722,10835,5139,2451,2688,
77110,20560,9959,10601,35980,17240,18740,41119,19901,21218,35978,17314,18664,20557,9722,10835,5140,2452,2688,
77115,20562,9960,10602,35980,17240,18740,41120,19902,21218,35980,17315,18665,20559,9722,10837,5140,2452,2688,
77120,20563,9961,10602,35984,17241,18743,41124,19903,21221,35982,17316,18666,20561,9724,10837,5140,2452,2688,
77125,20564,9961,10603,35987,17243,18744,41127,19905,21222,35985,17316,18669,20561,9724,10837,5141,2453,2688,
77130,20566,9961,10605,35987,17243,18744,41128,19906,21222,35987,17317,18670,20563,9725,10838,5141,2453,2688,
77135,20567,9962,10605,35991,17245,18746,41132,19908,21224,35989,17317,18672,20565,9726,10839,5141,2453,2688,
77140,20568,9962,10606,35994,17247,18747,41135,19910,21225,35992,17318,18674,20565,9726,10839,5142,2454,2688,
77145,20570,9963,10607,35994,17247,18747,41136,19911,21225,35994,17318,18676,20567,9727,10840,5142,2454,2688,
77150,20571,9963,10608,35998,17250,18748,41140,19911,21229,35996,17319,18677,20569,9729,10840,5142,2454,2688,
77155,20572,9963,10609,36001,17252,18749,41143,19912,21231,35999,17321,18678,20569,9729,10840,5143,2454,2689,
77160,20574,9965,10609,36001,17252,18749,41144,19912,21232,36001,17322,18679,20571,9731,10840,5143,2454,2689,
77165,20575,9965,10610,36005,17255,18750,41148,19913,21235,36003,17323,18680,20573,9731,10842,5143,2454,2689,
77170,20576,9966,10610,36008,17256,18752,41151,19915,21236,36006,17325,18681,20573,9731,10842,5144,2455,2689,
77175,20578,9966,10612,36008,17256,18752,41152,19915,21237,36008,17326,18682,20575,9732,10843,5144,2455,2689,
77180,20579,9966,10613,36012,17258,18754,41156,19917,21239,36010,17327,18683,20577,9733,10844,5144,2455,2689,
77185,20580,9967,10613,36015,17259,18756,41159,19920,21239,36013,17328,18685,20577,9733,10844,5145,2455,2690,
77190,20582,9968,10614,36015,17259,18756,41160,19920,21240,36015,17329,18686,20579,9734,10845,5145,2455,2690,
77195,20583,9969,10614,36019,17261,18758,41164,19921,21243,36017,17330,18687,20581,9735,10846,5145,2455,2690,
77200,20584,9970,10614,36022,17263,18759,41167,19923,21244,36020,17332,18688,20581,9735,10846,5146,2456,2690,
77205,20586,9971,10615,36022,17263,18759,41168,19923,21245,36022,17333,18689,20583,9736,10847,5146,2456,2690,
77210,20587,9971,10616,36026,17266,18760,41172,19924,21248,36024,17335,18689,20585,9736,10849,5146,2456,2690,
77215,20588,9972,10616,36029,17267,18762,41175,19925,21250,36027,17337,18690,20585,9736,10849,5147,2456,2691,
77220,20590,9972,10618,36029,17267,18762,41176,19925,21251,36029,17337,18692,20587,9736,10851,5147,2456,2691,
77225,20591,9973,10618,36033,17269,18764,41180,19925,21255,36031,17338,18693,20589,9737,10852,5147,2456,2691,
77230,20592,9974,10618,36036,17271,18765,41183,19926,21257,36034,17340,18694,20589,9737,10852,5148,2457,2691,
77235,20594,9975,10619,36036,17271,18765,41184,19927,21257,36036,17341,18695,20591,9739,10852,5148,2457,2691,
77240,20595,9976,10619,36040,17272,18768,41188,19928,21260,36038,17342,18696,20593,9741,10852,5148,2457,2691,
77245,20596,9976,10620,36043,17273,18770,41191,19930,21261,36041,17342,18699,20593,9741,10852,5149,2458,2691,
77250,20598,9978,10620,36043,17273,18770,41192,19930,21262,36043,17343,18700,20595,9743,10852,5149,2458,2691,
77255,20599,9979,10620,36047,17274,18773,41196,19931,21265,36045,17343,18702,20597,9745,10852,5149,2458,2691,
77260,20600,9979,10621,36050,17274,18776,41199,19933,21266,36048,17343,18705,20597,9745,10852,5150,2458,2692,
77265,20602,9980,10622,36050,17274,18776,41200,19933,21267,36050,17344,18706,20599,9745,10854,5150,2458,2692,
77270,20603,9981,10622,36054,17277,18777,41204,19934,21270,36052,17346,18706,20601,9746,10855,5150,2458,2692,
77275,20604,9982,10622,36057,17279,18778,41207,19936,21271,36055,17346,18709,20601,9746,10855,5151,2458,2693,
77280,20606,9983,10623,36057,17279,18778,41208,19936,21272,36057,17348,18709,20603,9747,10856,5151,2458,2693,
77285,20607,9983,10624,36061,17281,18780,41212,19938,21274,36059,17349,18710,20605,9748,10857,5151,2458,2693,
77290,20608,9983,10625,36064,17283,18781,41215,19939,21276,36062,17350,18712,20605,9748,10857,5152,2458,2694,
77295,20610,9985,10625,36064,17283,18781,41216,19939,21277,36064,17350,18714,20607,9749,10858,5152,2458,2694,
77300,20611,9986,10625,36068,17284,18784,41220,19941,21279,36066,17350,18716,20609,9750,10859,5152,2458,2694,
77305,20612,9987,10625,36071,17285,18786,41223,19943,21280,36069,17351,18718,20609,9750,10859,5153,2458,2695,
77310,20614,9988,10626,36071,17285,18786,41224,19943,21281,36071,17353,18718,20611,9751,10860,5153,2458,2695,
77315,20615,9988,10627,36075,17286,18789,41228,19946,21282,36073,17354,18719,20613,9751,10862,5153,2458,2695,
77320,20616,9988,10628,36078,17287,18791,41231,19947,21284,36076,17355,18721,20613,9751,10862,5154,2458,2696,
77325,20618,9988,10630,36078,17287,18791,41232,19948,21284,36078,17355,18723,20615,9752,10863,5154,2458,2696,
77330,20619,9989,10630,36082,17288,18794,41236,19951,21285,36080,17357,18723,20617,9753,10864,5154,2458,2696,
77335,20620,9990,10630,36085,17290,18795,41239,19952,21287,36083,17358,18725,20617,9753,10864,5155,2459,2696,
77340,20622,9990,10632,36085,17290,18795,41240,19952,21288,36085,17360,18725,20619,9755,10864,5155,2459,2696,
77345,20623,9991,10632,36089,17293,18796,41244,19954,21290,36087,17361,18726,20621,9756,10865,5155,2459,2696,
77350,20624,9991,10633,36092,17294,18798,41247,19956,21291,36090,17363,18727,20621,9756,10865,5156,2460,2696,
77355,20626,9992,10634,36092,17294,18798,41248,19957,21291,36092,17365,18727,20623,9758,10865,5156,2460,2696,
77360,20627,9992,10635,36096,17295,18801,41252,19959,21293,36094,17366,18728,20625,9759,10866,5156,2460,2696,
77365,20628,9993,10635,36099,17296,18803,41255,19959,21296,36097,17367,18730,20625,9759,10866,5157,2460,2697,
77370,20630,9994,10636,36099,17296,18803,41256,19959,21297,36099,17368,18731,20627,9760,10867,5157,2460,2697,
77375,20631,9994,10637,36103,17297,18806,41260,19960,21300,36101,17368,18733,20629,9761,10868,5157,2460,2697,
77380,20632,9995,10637,36106,17298,18808,41263,19962,21301,36104,17371,18733,20629,9761,10868,5158,2461,2697,
77385,20634,9996,10638,36106,17298,18808,41264,19962,21302,36106,17371,18735,20631,9762,10869,5158,2461,2697,
77390,20635,9996,10639,36110,17299,18811,41268,19963,21305,36108,17372,18736,20633,9763,10870,5158,2461,2697,
77395,20636,9996,10640,36113,17300,18813,41271,19966,21305,36111,17373,18738,20633,9763,10870,5159,2461,2698,
77400,20638,9998,10640,36113,17300,18813,41272,19966,21306,36113,17374,18739,20635,9764,10871,5159,2461,2698,
77405,20639,9999,10640,36117,17301,18816,41276,19968,21308,36115,17374,18741,20637,9765,10872,5159,2461,2698,
77410,20640,9999,10641,36120,17302,18818,41279,19970,21309,36118,17377,18741,20637,9765,10872,5160,2462,2698,
77415,20642,10000,10642,36120,17302,18818,41280,19970,21310,36120,17379,18741,20639,9766,10873,5160,2462,2698,
77420,20643,10000,10643,36124,17304,18820,41284,19970,21314,36122,17381,18741,20641,9766,10875,5160,2462,2698,
77425,20644,10000,10644,36127,17305,18822,41287,19970,21317,36125,17381,18744,20641,9766,10875,5161,2462,2699,
77430,20646,10001,10645,36127,17305,18822,41288,19970,21318,36127,17381,18746,20643,9768,10875,5161,2462,2699,
77435,20647,10002,10645,36131,17306,18825,41292,19974,21318,36129,17383,18746,20645,9769,10876,5161,2462,2699,
77440,20648,10002,10646,36134,17307,18827,41295,19976,21319,36132,17385,18747,20645,9769,10876,5162,2463,2699,
77445,20650,10003,10647,36134,17307,18827,41296,19976,21320,36134,17387,18747,20647,9770,10877,5162,2463,2699,
77450,20651,10004,10647,36138,17308,18830,41300,19977,21323,36136,17389,18747,20649,9771,10878,5162,2463,2699,
77455,20652,10004,10648,36141,17310,18831,41303,19979,21324,36139,17390,18749,20649,9771,10878,5163,2464,2699,
77460,20654,10006,10648,36141,17310,18831,41304,19979,21325,36141,17391,18750,20651,9772,10879,5163,2464,2699,
77465,20655,10006,10649,36145,17310,18835,41308,19982,21326,36143,17392,18751,20653,9774,10879,5163,2464,2699,
77470,20656,10006,10650,36148,17312,18836,41311,19983,21328,36146,17393,18753,20653,9774,10879,5164,2464,2700,
77475,20658,10008,10650,36148,17312,18836,41312,19984,21328,36148,17394,18754,20655,9775,10880,5164,2464,2700,
77480,20659,10008,10651,36152,17315,18837,41316,19988,21328,36150,17395,18755,20657,9776,10881,5164,2464,2700,
77485,20660,10009,10651,36155,17316,18839,41319,19991,21328,36153,17395,18758,20657,9776,10881,5165,2465,2700,
77490,20662,10010,10652,36155,17316,18839,41320,19991,21329,36155,17396,18759,20659,9778,10881,5165,2465,2700,
77495,20663,10010,10653,36159,17318,18841,41324,19993,21331,36157,17398,18759,20661,9780,10881,5165,2465,2700,
77500,20664,10010,10654,36162,17319,18843,41327,19994,21333,36160,17400,18760,20661,9780,10881,5166,2466,2700,
77505,20666,10011,10655,36162,17319,18843,41328,19995,21333,36162,17401,18761,20663,9781,10882,5166,2466,2700,
77510,20667,10011,10656,36166,17319,18847,41332,19997,21335,36164,17401,18763,20665,9782,10883,5166,2466,2700,
77515,20668,10012,10656,36169,17319,18850,41335,20000,21335,36167,17403,18764,20665,9782,10883,5167,2467,2700,
77520,20670,10013,10657,36169,17319,18850,41336,20000,21336,36169,17404,18765,20667,9783,10884,5167,2467,2700,
77525,20671,10014,10657,36173,17322,18851,41340,20001,21339,36171,17405,18766,20669,9783,10886,5167,2467,2700,
77530,20672,10015,10657,36176,17324,18852,41343,20002,21341,36174,17407,18767,20669,9783,10886,5168,2468,2700,
77535,20674,10016,10658,36176,17324,18852,41344,20003,21341,36176,17407,18769,20671,9783,10888,5168,2468,2700,
77540,20675,10016,10659,36180,17326,18854,41348,20004,21344,36178,17409,18769,20673,9783,10890,5168,2468,2700,
77545,20676,10016,10660,36183,17328,18855,41351,20005,21346,36181,17411,18770,20673,9783,10890,5169,2468,2701,
77550,20678,10018,10660,36183,17328,18855,41352,20005,21347,36183,17411,18772,20675,9783,10892,5169,2468,2701,
77555,20679,10018,10661,36187,17331,18856,41356,20006,21350,36185,17412,18773,20677,9785,10892,5169,2468,2701,
77560,20680,10019,10661,36190,17333,18857,41359,20007,21352,36188,17412,18776,20677,9785,10892,5170,2468,2702,
77565,20682,10019,10663,36190,17333,18857,41360,20008,21352,36190,17412,18778,20679,9786,10893,5170,2468,2702,
77570,20683,10019,10664,36194,17337,18857,41364,20011,21353,36192,17413,18779,20681,9787,10894,5170,2468,2702,
77575,20684,10020,10664,36197,17339,18858,41367,20013,21354,36195,17415,18780,20681,9787,10894,5171,2469,2702,
77580,20686,10021,10665,36197,17339,18858,41368,20014,21354,36197,17416,18781,20683,9787,10896,5171,2469,2702,
77585,20687,10021,10666,36201,17339,18862,41372,20016,21356,36199,17416,18783,20685,9788,10897,5171,2469,2702,
77590,20688,10021,10667,36204,17340,18864,41375,20018,21357,36202,17417,18785,20685,9788,10897,5172,2469,2703,
77595,20690,10023,10667,36204,17340,18864,41376,20018,21358,36204,17418,18786,20687,9788,10899,5172,2469,2703,
77600,20691,10024,10667,36208,17341,18867,41380,20018,21362,36206,17418,18788,20689,9790,10899,5172,2469,2703,
77605,20692,10024,10668,36211,17344,18867,41383,20019,21364,36209,17421,18788,20689,9790,10899,5173,2469,2704,
77610,20694,10024,10670,36211,17344,18867,41384,20019,21365,36211,17422,18789,20691,9792,10899,5173,2469,2704,
77615,20695,10024,10671,36215,17345,18870,41388,20021,21367,36213,17424,18789,20693,9794,10899,5173,2469,2704,
77620,20696,10024,10672,36218,17345,18873,41391,20022,21369,36216,17426,18790,20693,9794,10899,5174,2469,2705,
77625,20698,10026,10672,36218,17345,18873,41392,20022,21370,36218,17427,18791,20695,9795,10900,5174,2469,2705,
77630,20699,10026,10673,36222,17347,18875,41396,20026,21370,36220,17428,18792,20697,9796,10901,5174,2469,2705,
77635,20700,10026,10674,36225,17348,18877,41399,20026,21373,36223,17430,18793,20697,9796,10901,5175,2469,2706,
77640,20702,10027,10675,36225,17348,18877,41400,20026,21374,36225,17430,18795,20699,9796,10903,5175,2469,2706,
77645,20703,10027,10676,36229,17350,18879,41404,20029,21375,36227,17431,18796,20701,9797,10904,5175,2469,2706,
77650,20704,10027,10677,36232,17353,18879,41407,20029,21378,36230,17432,18798,20701,9797,10904,5176,2469,2707,
77655,20706,10028,10678,36232,17353,18879,41408,20030,21378,36232,17433,18799,20703,9798,10905,5176,2469,2707,
77660,20707,10028,10679,36236,17354,18882,41412,20032,21380,36234,17435,18799,20705,9799,10906,5176,2469,2707,
77665,20708,10029,10679,36239,17357,18882,41415,20033,21382,36237,17437,18800,20705,9799,10906,5177,2470,2707,
77670,20710,10029,10681,36239,17357,18882,41416,20034,21382,36239,17438,18801,20707,9801,10906,5177,2470,2707,
77675,20711,10029,10682,36243,17358,18885,41420,20037,21383,36241,17439,18802,20709,9801,10908,5177,2470,2707,
77680,20712,10029,10683,36246,17360,18886,41423,20040,21383,36244,17441,18803,20709,9801,10908,5178,2471,2707,
77685,20714,10030,10684,36246,17360,18886,41424,20041,21383,36246,17442,18804,20711,9803,10908,5178,2471,2707,
77690,20715,10031,10684,36250,17363,18887,41428,20043,21385,36248,17444,18804,20713,9804,10909,5178,2471,2707,
77695,20716,10031,10685,36253,17366,18887,41431,20046,21385,36251,17446,18805,20713,9804,10909,5179,2472,2707,
77700,20718,10031,10687,36253,17366,18887,41432,20047,21385,36253,17448,18805,20715,9804,10911,5179,2472,2707,
77705,20719,10031,10688,36257,17368,18889,41436,20049,21387,36255,17448,18807,20717,9805,10912,5179,2472,2707,
77710,20720,10032,10688,36260,17369,18891,41439,20049,21390,36258,17449,18809,20717,9805,10912,5180,2472,2708,
77715,20722,10032,10690,36260,17369,18891,41440,20049,21391,36260,17450,18810,20719,9806,10913,5180,2472,2708,
77720,20723,10032,10691,36264,17370,18894,41444,20049,21395,36262,17450,18812,20721,9807,10914,5180,2472,2708,
77725,20724,10033,10691,36267,17371,18896,41447,20052,21395,36265,17451,18814,20721,9807,10914,5181,2472,2709,
77730,20726,10034,10692,36267,17371,18896,41448,20053,21395,36267,17452,18815,20723,9807,10916,5181,2472,2709,
77735,20727,10035,10692,36271,17371,18900,41452,20055,21397,36269,17453,18816,20725,9809,10916,5181,2472,2709,
77740,20728,10036,10692,36274,17372,18902,41455,20058,21397,36272,17454,18818,20725,9809,10916,5182,2473,2709,
77745,20730,10037,10693,36274,17372,18902,41456,20058,21398,36274,17456,18818,20727,9811,10916,5182,2473,2709,
77750,20731,10038,10693,36278,17375,18903,41460,20061,21399,36276,17457,18819,20729,9812,10917,5182,2473,2709,
77755,20732,10038,10694,36281,17376,18905,41463,20062,21401,36279,17457,18822,20729,9812,10917,5183,2473,2710,
77760,20734,10039,10695,36281,17376,18905,41464,20062,21402,36281,17458,18823,20731,9813,10918,5183,2473,2710,
77765,20735,10039,10696,36285,17378,18907,41468,20066,21402,36283,17459,18824,20733,9814,10919,5183,2473,2710,
77770,20736,10040,10696,36288,17379,18909,41471,20069,21402,36286,17460,18826,20733,9814,10919,5184,2474,2710,
77775,20738,10042,10696,36288,17379,18909,41472,20069,21403,36288,17461,18827,20735,9815,10920,5184,2474,2710,
77780,20739,10043,10696,36292,17381,18911,41476,20071,21405,36290,17462,18828,20737,9816,10921,5184,2474,2710,
77785,20740,10043,10697,36295,17383,18912,41479,20072,21407,36293,17464,18829,20737,9816,10921,5185,2474,2711,
77790,20742,10044,10698,36295,17383,18912,41480,20072,21408,36295,17466,18829,20739,9817,10922,5185,2474,2711,
77795,20743,10045,10698,36299,17385,18914,41484,20072,21412,36297,17467,18830,20741,9818,10923,5185,2474,2711,
77800,20744,10045,10699,36302,17387,18915,41487,20072,21415,36300,17468,18832,20741,9818,10923,5186,2475,2711,
77805,20746,10045,10701,36302,17387,18915,41488,20073,21415,36302,17470,18832,20743,9820,10923,5186,2475,2711,
77810,20747,10045,10702,36306,17389,18917,41492,20075,21417,36304,17470,18834,20745,9821,10924,5186,2475,2711,
77815,20748,10046,10702,36309,17389,18920,41495,20078,21417,36307,17472,18835,20745,9821,10924,5187,2476,2711,
77820,20750,10048,10702,36309,17389,18920,41496,20078,21418,36309,17473,18836,20747,9821,10926,5187,2476,2711,
77825,20751,10049,10702,36313,17391,18922,41500,20079,21421,36311,17474,18837,20749,9821,10928,5187,2476,2711,
77830,20752,10050,10702,36316,17393,18923,41503,20082,21421,36314,17476,18838,20749,9821,10928,5188,2476,2712,
77835,20754,10052,10702,36316,17393,18923,41504,20083,21421,36316,17476,18840,20751,9823,10928,5188,2476,2712,
77840,20755,10052,10703,36320,17394,18926,41508,20083,21425,36318,17478,18840,20753,9823,10930,5188,2476,2712,
77845,20756,10052,10704,36323,17397,18926,41511,20084,21427,36321,17480,18841,20753,9823,10930,5189,2477,2712,
77850,20758,10053,10705,36323,17397,18926,41512,20085,21427,36323,17480,18843,20755,9824,10931,5189,2477,2712,
77855,20759,10053,10706,36327,17397,18930,41516,20087,21429,36325,17481,18844,20757,9826,10931,5189,2477,2712,
77860,20760,10053,10707,36330,17399,18931,41519,20088,21431,36328,17483,18845,20757,9826,10931,5190,2478,2712,
77865,20762,10054,10708,36330,17399,18931,41520,20089,21431,36330,17483,18847,20759,9827,10932,5190,2478,2712,
77870,20763,10055,10708,36334,17400,18934,41524,20089,21435,36332,17484,18848,20761,9827,10934,5190,2478,2712,
77875,20764,10055,10709,36337,17402,18935,41527,20089,21438,36335,17485,18850,20761,9827,10934,5191,2478,2713,
77880,20766,10056,10710,36337,17402,18935,41528,20090,21438,36337,17487,18850,20763,9829,10934,5191,2478,2713,
77885,20767,10056,10711,36341,17403,18938,41532,20092,21440,36339,17488,18851,20765,9830,10935,5191,2478,2713,
77890,20768,10057,10711,36344,17404,18940,41535,20092,21443,36342,17489,18853,20765,9830,10935,5192,2479,2713,
77895,20770,10058,10712,36344,17404,18940,41536,20092,21444,36344,17491,18853,20767,9832,10935,5192,2479,2713,
77900,20771,10059,10712,36348,17407,18941,41540,20092,21448,36346,17492,18854,20769,9833,10936,5192,2479,2713,
77905,20772,10059,10713,36351,17409,18942,41543,20094,21449,36349,17494,18855,20769,9833,10936,5193,2480,2713,
77910,20774,10060,10714,36351,17409,18942,41544,20095,21449,36351,17496,18855,20771,9833,10938,5193,2480,2713,
77915,20775,10060,10715,36355,17410,18945,41548,20097,21451,36353,17496,18857,20773,9834,10939,5193,2480,2713,
77920,20776,10060,10716,36358,17411,18947,41551,20098,21453,36356,17496,18860,20773,9834,10939,5194,2480,2714,
77925,20778,10061,10717,36358,17411,18947,41552,20098,21454,36358,17498,18860,20775,9835,10940,5194,2480,2714,
77930,20779,10061,10718,36362,17413,18949,41556,20101,21455,36360,17500,18860,20777,9836,10941,5194,2480,2714,
77935,20780,10062,10718,36365,17414,18951,41559,20104,21455,36363,17500,18863,20777,9836,10941,5195,2480,2715,
77940,20782,10063,10719,36365,17414,18951,41560,20104,21456,36365,17502,18863,20779,9838,10941,5195,2480,2715,
77945,20783,10064,10719,36369,17415,18954,41564,20104,21460,36367,17504,18863,20781,9839,10942,5195,2480,2715,
77950,20784,10065,10719,36372,17415,18957,41567,20105,21462,36370,17506,18864,20781,9839,10942,5196,2481,2715,