Time,1, HIGH Priority Generated, Low Priority Generated, 2, HIGH Priority Generated, Low Priority Generated, 3, HIGH Priority Generated, Low Priority Generated, 4, HIGH Priority Generated, Low Priority Generated, 5, HIGH Priority Generated, Low Priority Generated, 6, HIGH Priority Generated, Low Priority Generated, 
5,0,0,0,1,1,0,0,0,0,0,0,0,0,0,0,0,0,0,
10,1,0,1,3,3,0,2,2,0,1,1,0,0,0,0,0,0,0,
15,3,0,3,5,4,1,4,3,1,3,2,1,0,0,0,0,0,0,
20,6,2,4,9,8,1,9,4,5,6,2,4,1,0,1,0,0,0,
25,9,4,5,14,11,3,14,6,8,10,4,6,2,1,1,1,0,1,
30,13,5,8,19,14,5,20,9,11,15,5,10,5,3,2,2,0,2,
35,17,5,12,25,15,10,27,13,14,21,7,14,9,6,3,3,0,3,
40,21,8,13,32,17,15,35,19,16,28,10,18,13,9,4,4,1,3,
45,25,11,14,39,18,21,43,23,20,35,15,20,17,12,5,5,2,3,
50,29,13,16,46,21,25,51,26,25,42,18,24,21,15,6,6,3,3,
55,33,16,17,53,26,27,59,28,31,49,21,28,25,16,9,7,3,4,
60,37,19,18,60,29,31,67,33,34,56,23,33,29,17,12,8,4,4,
65,41,22,19,67,31,36,75,35,40,63,28,35,33,20,13,9,4,5,
70,45,24,21,74,35,39,83,40,43,70,30,40,37,23,14,10,5,5,
75,49,26,23,81,38,43,91,46,45,77,33,44,41,24,17,11,6,5,
80,53,29,24,88,41,47,99,49,50,84,38,46,45,25,20,12,6,6,
85,57,30,27,95,44,51,107,52,55,91,41,50,49,28,21,13,7,6,
90,61,33,28,102,47,55,115,54,61,98,43,55,53,29,24,14,7,7,
95,65,37,28,109,49,60,123,56,67,105,45,60,57,31,26,15,8,7,
100,69,38,31,116,53,63,131,59,72,112,45,67,61,33,28,16,9,7,
105,73,42,31,123,57,66,139,62,77,119,46,73,65,34,31,17,9,8,
110,77,43,34,130,59,71,147,64,83,126,49,77,69,35,34,18,9,9,
115,81,45,36,137,64,73,155,69,86,133,52,81,73,38,35,19,10,9,
120,85,46,39,144,67,77,163,73,90,140,55,85,77,40,37,20,11,9,
125,89,48,41,151,72,79,171,76,95,147,61,86,81,42,39,21,11,10,
130,93,52,41,158,77,81,179,80,99,154,64,90,85,45,40,22,11,11,
135,97,55,42,165,80,85,187,83,104,161,69,92,89,48,41,23,12,11,
140,101,57,44,172,84,88,195,87,108,168,73,95,93,50,43,24,12,12,
145,105,59,46,179,88,91,203,90,113,175,77,98,97,51,46,25,12,13,
150,109,60,49,186,88,98,211,92,119,182,81,101,101,52,49,26,12,14,
155,113,63,50,193,92,101,219,93,126,189,84,105,105,53,52,27,13,14,
160,117,64,53,200,97,103,227,97,130,196,85,111,109,56,53,28,13,15,
165,121,66,55,207,101,106,235,100,135,203,89,114,113,58,55,29,13,16,
170,125,69,56,214,104,110,243,103,140,210,93,117,117,60,57,30,13,17,
175,129,70,59,221,106,115,251,109,142,217,99,118,121,63,58,31,13,18,
180,133,71,62,228,111,117,259,112,147,224,101,123,125,64,61,32,14,18,
185,137,74,63,235,115,120,267,114,153,231,104,127,129,67,62,33,14,19,
190,141,75,66,242,121,121,275,117,158,238,107,131,133,70,63,34,15,19,
195,145,77,68,249,125,124,283,120,163,245,109,136,137,72,65,35,15,20,
200,149,80,69,256,128,128,291,126,165,252,112,140,141,74,67,36,16,20,
205,153,82,71,263,133,130,299,131,168,259,115,144,145,74,71,37,17,20,
210,157,85,72,270,135,135,307,136,171,266,119,147,149,77,72,38,17,21,
215,161,87,74,277,136,141,315,141,174,273,121,152,153,80,73,39,18,21,
220,165,88,77,284,139,145,323,146,177,280,123,157,157,82,75,40,18,22,
225,169,90,79,291,143,148,331,151,180,287,125,162,161,84,77,41,19,22,
230,173,92,81,298,147,151,339,154,185,294,126,168,165,86,79,42,19,23,
235,177,95,82,305,148,157,347,157,190,301,129,172,169,87,82,43,19,24,
240,181,96,85,312,154,158,355,160,195,308,134,174,173,90,83,44,19,25,
245,185,98,87,319,158,161,363,162,201,315,139,176,177,92,85,45,19,26,
250,189,101,88,326,160,166,371,166,205,322,143,179,181,95,86,46,19,27,
255,193,102,91,333,163,170,379,172,207,329,146,183,185,97,88,47,19,28,
260,197,104,93,340,165,175,387,176,211,336,148,188,189,100,89,48,20,28,
265,201,107,94,347,169,178,395,180,215,343,150,193,193,103,90,49,21,28,
270,205,109,96,354,170,184,403,185,218,350,155,195,197,104,93,50,21,29,
275,209,113,96,361,170,191,411,188,223,357,156,201,201,107,94,51,22,29,
280,213,116,97,368,172,196,419,193,226,364,160,204,205,109,96,52,22,30,
285,217,119,98,375,172,203,427,197,230,371,165,206,209,110,99,53,23,30,
290,221,122,99,382,176,206,435,201,234,378,172,206,213,112,101,54,23,31,
295,225,122,103,389,180,209,443,204,239,385,174,211,217,116,101,55,23,32,
300,229,125,104,396,180,216,451,208,243,392,178,214,221,118,103,56,24,32,
305,233,126,107,403,185,218,459,210,249,399,181,218,225,118,107,57,25,32,
310,237,127,110,410,189,221,467,213,254,406,184,222,229,120,109,58,26,32,
315,241,130,111,417,193,224,475,218,257,413,188,225,233,120,113,59,26,33,
320,245,131,114,424,197,227,483,223,260,420,191,229,237,122,115,60,27,33,
325,249,133,116,431,200,231,491,227,264,427,192,235,241,125,116,61,28,33,
330,253,137,116,438,204,234,499,232,267,434,198,236,245,127,118,62,29,33,
335,257,140,117,445,208,237,507,235,272,441,202,239,249,128,121,63,29,34,
340,261,141,120,452,212,240,515,238,277,448,205,243,253,129,124,64,29,35,
345,265,142,123,459,216,243,523,240,283,455,209,246,257,131,126,65,29,36,
350,269,145,124,466,221,245,531,245,286,462,212,250,261,133,128,66,30,36,
355,273,148,125,473,226,247,539,247,292,469,215,254,265,135,130,67,30,37,
360,277,152,125,480,229,251,547,251,296,476,219,257,269,136,133,68,30,38,
365,281,154,127,487,233,254,555,256,299,483,222,261,273,138,135,69,30,39,
370,285,155,130,494,236,258,563,262,301,490,225,265,277,140,137,70,31,39,
375,289,156,133,501,239,262,571,267,304,497,229,268,281,142,139,71,32,39,
380,293,157,136,508,244,264,579,271,308,504,231,273,285,144,141,72,33,39,
385,297,159,138,515,248,267,587,275,312,511,236,275,289,146,143,73,33,40,
390,301,161,140,522,253,269,595,277,318,518,239,279,293,147,146,74,34,40,
395,305,164,141,529,254,275,603,280,323,525,240,285,297,150,147,75,35,40,
400,309,167,142,536,258,278,611,284,327,532,243,289,301,152,149,76,35,41,
405,313,168,145,543,263,280,619,289,330,539,247,292,305,155,150,77,35,42,
410,317,170,147,550,267,283,627,294,333,546,250,296,309,158,151,78,36,42,
415,321,170,151,557,272,285,635,297,338,553,251,302,313,160,153,79,36,43,
420,325,172,153,564,274,290,643,300,343,560,253,307,317,162,155,80,36,44,
425,329,175,154,571,277,294,651,306,345,567,257,310,321,163,158,81,37,44,
430,333,176,157,578,281,297,659,308,351,574,260,314,325,164,161,82,37,45,
435,337,178,159,585,287,298,667,312,355,581,263,318,329,167,162,83,38,45,
440,341,180,161,592,291,301,675,315,360,588,264,324,333,169,164,84,39,45,
445,345,183,162,599,294,305,683,319,364,595,268,327,337,172,165,85,40,45,
450,349,185,164,606,297,309,691,322,369,602,270,332,341,175,166,86,40,46,
455,353,187,166,613,299,314,699,327,372,609,271,338,345,177,168,87,41,46,
460,357,188,169,620,302,318,707,332,375,616,273,343,349,180,169,88,41,47,
465,361,191,170,627,304,323,715,336,379,623,276,347,353,181,172,89,41,48,
470,365,194,171,634,308,326,723,341,382,630,282,348,357,184,173,90,41,49,
475,369,197,172,641,310,331,731,344,387,637,285,352,361,186,175,91,41,50,
480,373,199,174,648,313,335,739,349,390,644,289,355,365,188,177,92,42,50,
485,377,200,177,655,317,338,747,355,392,651,291,360,369,189,180,93,43,50,
490,381,202,179,662,320,342,755,359,396,658,294,364,373,190,183,94,44,50,
495,385,203,182,669,322,347,763,363,400,665,297,368,377,192,185,95,44,51,
500,389,205,184,676,326,350,771,369,402,672,300,372,381,193,188,96,45,51,
505,393,207,186,683,330,353,779,375,404,679,303,376,385,194,191,97,45,52,
510,397,209,188,690,332,358,787,377,410,686,304,382,389,196,193,98,46,52,
515,401,211,190,697,335,362,795,382,413,693,306,387,393,197,196,99,46,53,
520,405,211,194,704,339,365,803,388,415,700,308,392,397,198,199,100,47,53,
525,409,213,196,711,342,369,811,393,418,707,312,395,401,200,201,101,47,54,
530,413,215,198,718,345,373,819,395,424,714,313,401,405,201,204,102,48,54,
535,417,217,200,725,347,378,827,398,429,721,317,404,409,202,207,103,49,54,
540,421,220,201,732,349,383,835,406,429,728,319,409,413,203,210,104,50,54,
545,425,222,203,739,352,387,843,410,433,735,325,410,417,205,212,105,51,54,
550,429,224,205,746,357,389,851,415,436,742,326,416,421,207,214,106,52,54,
555,433,226,207,753,362,391,859,421,438,749,330,419,425,210,215,107,53,54,
560,437,226,211,760,367,393,867,426,441,756,333,423,429,212,217,108,54,54,
565,441,228,213,767,371,396,875,432,443,763,340,423,433,216,217,109,55,54,
570,445,230,215,774,376,398,883,436,447,770,344,426,437,218,219,110,56,54,
575,449,231,218,781,379,402,891,442,449,777,345,432,441,220,221,111,56,55,
580,453,232,221,788,384,404,899,444,455,784,348,436,445,221,224,112,57,55,
585,457,233,224,795,386,409,907,446,461,791,353,438,449,221,228,113,57,56,
590,461,236,225,802,391,411,915,450,465,798,355,443,453,222,231,114,57,57,
595,465,236,229,809,392,417,923,452,471,805,359,446,457,224,233,115,57,58,
600,469,238,231,816,395,421,931,456,475,812,361,451,461,226,235,116,57,59,
605,473,240,233,823,400,423,939,459,480,819,364,455,465,227,238,117,58,59,
610,477,242,235,830,401,429,947,464,483,826,368,458,469,230,239,118,58,60,
615,481,245,236,837,405,432,955,469,486,833,369,464,473,233,240,119,58,61,
620,485,246,239,844,407,437,963,473,490,840,374,466,477,236,241,120,58,62,
625,489,249,240,851,409,442,971,475,496,847,377,470,481,238,243,121,58,63,
630,493,251,242,858,412,446,979,479,500,854,380,474,485,239,246,122,59,63,
635,497,252,245,865,415,450,987,483,504,861,384,477,489,242,247,123,60,63,
640,501,255,246,872,419,453,995,487,508,868,389,479,493,245,248,124,61,63,
645,505,259,246,879,424,455,1003,492,511,875,393,482,497,249,248,125,61,64,
650,509,260,249,886,427,459,1011,496,515,882,397,485,501,249,252,126,61,65,
655,513,262,251,893,430,463,1019,498,521,889,400,489,505,250,255,127,61,66,
660,517,264,253,900,435,465,1027,503,524,896,404,492,509,252,257,128,61,67,
665,521,266,255,907,441,466,1035,507,528,903,407,496,513,254,259,129,61,68,
670,525,268,257,914,445,469,1043,512,531,910,411,499,517,256,261,130,62,68,
675,529,270,259,921,448,473,1051,515,536,917,413,504,521,259,262,131,62,69,
680,533,273,260,928,450,478,1059,518,541,924,415,509,525,262,263,132,62,70,
685,537,274,263,935,453,482,1067,524,543,931,419,512,529,265,264,133,62,71,
690,541,276,265,942,455,487,1075,527,548,938,423,515,533,266,267,134,62,72,
695,545,279,266,949,459,490,1083,531,552,945,425,520,537,269,268,135,63,72,
700,549,281,268,956,462,494,1091,533,558,952,429,523,541,272,269,136,63,73,
705,553,282,271,963,465,498,1099,539,560,959,433,526,545,275,270,137,63,74,
710,557,284,273,970,466,504,1107,545,562,966,435,531,549,277,272,138,64,74,
715,561,285,276,977,468,509,1115,551,564,973,438,535,553,280,273,139,65,74,
720,565,288,277,984,470,514,1123,556,567,980,443,537,557,283,274,140,65,75,
725,569,290,279,991,473,518,1131,559,572,987,449,538,561,287,274,141,65,76,
730,573,292,281,998,477,521,1139,563,576,994,452,542,565,288,277,142,66,76,
735,577,293,284,1005,480,525,1147,565,582,1001,456,545,569,290,279,143,66,77,
740,581,294,287,1012,485,527,1155,571,584,1008,461,547,573,290,283,144,66,78,
745,585,296,289,1019,486,533,1163,575,588,1015,465,550,577,293,284,145,67,78,
750,589,299,290,1026,490,536,1171,579,592,1022,470,552,581,294,287,146,68,78,
755,593,301,292,1033,492,541,1179,585,594,1029,474,555,585,296,289,147,69,78,
760,597,303,294,1040,496,544,1187,588,599,1036,477,559,589,299,290,148,69,79,
765,601,303,298,1047,499,548,1195,590,605,1043,481,562,593,302,291,149,69,80,
770,605,305,300,1054,504,550,1203,593,610,1050,485,565,597,306,291,150,69,81,
775,609,306,303,1061,507,554,1211,597,614,1057,486,571,601,308,293,151,70,81,
780,613,308,305,1068,510,558,1219,601,618,1064,490,574,605,310,295,152,71,81,
785,617,311,306,1075,513,562,1227,605,622,1071,494,577,609,312,297,153,72,81,
790,621,314,307,1082,516,566,1235,608,627,1078,497,581,613,314,299,154,72,82,
795,625,316,309,1089,521,568,1243,610,633,1085,502,583,617,316,301,155,72,83,
800,629,316,313,1096,525,571,1251,615,636,1092,504,588,621,317,304,156,73,83,
805,633,317,316,1103,526,577,1259,619,640,1099,508,591,625,318,307,157,74,83,
810,637,320,317,1110,529,581,1267,625,642,1106,511,595,629,318,311,158,75,83,
815,641,323,318,1117,535,582,1275,630,645,1113,514,599,633,321,312,159,75,84,
820,645,325,320,1124,536,588,1283,632,651,1120,517,603,637,324,313,160,75,85,
825,649,327,322,1131,541,590,1291,635,656,1127,520,607,641,327,314,161,76,85,
830,653,329,324,1138,545,593,1299,642,657,1134,522,612,645,329,316,162,76,86,
835,657,331,326,1145,550,595,1307,645,662,1141,526,615,649,331,318,163,77,86,
840,661,333,328,1152,555,597,1315,647,668,1148,529,619,653,332,321,164,77,87,
845,665,335,330,1159,558,601,1323,651,672,1155,534,621,657,334,323,165,77,88,
850,669,339,330,1166,560,606,1331,658,673,1162,537,625,661,335,326,166,77,89,
855,673,341,332,1173,563,610,1339,664,675,1169,542,627,665,337,328,167,78,89,
860,677,342,335,1180,568,612,1347,669,678,1176,544,632,669,339,330,168,78,90,
865,681,343,338,1187,571,616,1355,672,683,1183,546,637,673,343,330,169,78,91,
870,685,344,341,1194,575,619,1363,676,687,1190,551,639,677,347,330,170,79,91,
875,689,346,343,1201,579,622,1371,679,692,1197,555,642,681,348,333,171,79,92,
880,693,348,345,1208,585,623,1379,684,695,1204,559,645,685,349,336,172,79,93,
885,697,349,348,1215,588,627,1387,688,699,1211,560,651,689,350,339,173,80,93,
890,701,350,351,1222,591,631,1395,693,702,1218,562,656,693,351,342,174,80,94,
895,705,351,354,1229,594,635,1403,697,706,1225,565,660,697,352,345,175,81,94,
900,709,353,356,1236,597,639,1411,702,709,1232,569,663,701,353,348,176,81,95,
905,713,355,358,1243,598,645,1419,707,712,1239,570,669,705,356,349,177,82,95,
910,717,356,361,1250,600,650,1427,708,719,1246,574,672,709,360,349,178,83,95,
915,721,357,364,1257,604,653,1435,710,725,1253,578,675,713,363,350,179,84,95,
920,725,357,368,1264,607,657,1443,717,726,1260,581,679,717,363,354,180,85,95,
925,729,359,370,1271,609,662,1451,721,730,1267,583,684,721,365,356,181,86,95,
930,733,361,372,1278,611,667,1459,724,735,1274,586,688,725,369,356,182,86,96,
935,737,364,373,1285,615,670,1467,726,741,1281,590,691,729,369,360,183,87,96,
940,741,367,374,1292,618,674,1475,728,747,1288,591,697,733,372,361,184,88,96,
945,745,370,375,1299,620,679,1483,730,753,1295,593,702,737,376,361,185,89,96,
950,749,372,377,1306,623,683,1491,734,757,1302,596,706,741,378,363,186,89,97,
955,753,374,379,1313,627,686,1499,740,759,1309,599,710,745,380,365,187,89,98,
960,757,376,381,1320,629,691,1507,746,761,1316,604,712,749,381,368,188,89,99,
965,761,378,383,1327,633,694,1515,749,766,1323,608,715,753,385,368,189,90,99,
970,765,382,383,1334,637,697,1523,750,773,1330,613,717,757,388,369,190,91,99,
975,769,384,385,1341,641,700,1531,755,776,1337,614,723,761,390,371,191,91,100,
980,773,386,387,1348,646,702,1539,758,781,1344,616,728,765,393,372,192,91,101,
985,777,389,388,1355,652,703,1547,760,787,1351,622,729,769,397,372,193,91,102,
990,781,393,388,1362,653,709,1555,763,792,1358,626,732,773,400,373,194,91,103,
995,785,395,390,1369,655,714,1563,766,797,1365,629,736,777,403,374,195,91,104,
1000,789,398,391,1376,657,719,1571,769,802,1372,634,738,781,404,377,196,91,105,
1005,793,400,393,1383,660,723,1579,773,806,1379,637,742,785,404,381,197,91,106,
1010,797,404,393,1390,665,725,1587,780,807,1386,640,746,789,405,384,198,92,106,
1015,801,407,394,1397,669,728,1595,783,812,1393,643,750,793,407,386,199,93,106,
1020,805,407,398,1404,672,732,1603,786,817,1400,649,751,797,409,388,200,94,106,
1025,809,409,400,1411,677,734,1611,787,824,1407,653,754,801,411,390,201,95,106,
1030,813,412,401,1418,681,737,1619,789,830,1414,657,757,805,412,393,202,96,106,
1035,817,413,404,1425,683,742,1627,793,834,1421,662,759,809,413,396,203,96,107,
1040,821,416,405,1432,688,744,1635,801,834,1428,666,762,813,414,399,204,96,108,
1045,825,418,407,1439,693,746,1643,808,835,1435,670,765,817,415,402,205,96,109,
1050,829,420,409,1446,697,749,1651,811,840,1442,671,771,821,418,403,206,97,109,
1055,833,423,410,1453,700,753,1659,813,846,1449,674,775,825,420,405,207,98,109,
1060,837,423,414,1460,703,757,1667,816,851,1456,676,780,829,422,407,208,99,109,
1065,841,424,417,1467,707,760,1675,819,856,1463,680,783,833,423,410,209,99,110,
1070,845,426,419,1474,712,762,1683,825,858,1470,684,786,837,424,413,210,100,110,
1075,849,428,421,1481,713,768,1691,825,866,1477,689,788,841,426,415,211,101,110,
1080,853,432,421,1488,717,771,1699,828,871,1484,692,792,845,429,416,212,101,111,
1085,857,433,424,1495,720,775,1707,830,877,1491,695,796,849,431,418,213,102,111,
1090,861,436,425,1502,724,778,1715,833,882,1498,698,800,853,433,420,214,102,112,
1095,865,436,429,1509,728,781,1723,836,887,1505,701,804,857,433,424,215,103,112,
1100,869,437,432,1516,732,784,1731,842,889,1512,705,807,861,435,426,216,103,113,
1105,873,438,435,1523,735,788,1739,845,894,1519,706,813,865,438,427,217,103,114,
1110,877,442,435,1530,737,793,1747,850,897,1526,709,817,869,441,428,218,103,115,
1115,881,444,437,1537,739,798,1755,856,899,1533,715,818,873,444,429,219,103,116,
1120,885,446,439,1544,744,800,1763,859,904,1540,719,821,877,446,431,220,104,116,
1125,889,448,441,1551,748,803,1771,861,910,1547,724,823,881,447,434,221,105,116,
1130,893,451,442,1558,750,808,1779,864,915,1554,727,827,885,450,435,222,105,117,
1135,897,452,445,1565,753,812,1787,866,921,1561,731,830,889,451,438,223,106,117,
1140,901,454,447,1572,756,816,1795,871,924,1568,735,833,893,453,440,224,106,118,
1145,905,457,448,1579,760,819,1803,874,929,1575,737,838,897,455,442,225,107,118,
1150,909,459,450,1586,763,823,1811,877,934,1582,740,842,901,457,444,226,107,119,
1155,913,462,451,1593,767,826,1819,880,939,1589,744,845,905,459,446,227,107,120,
1160,917,464,453,1600,768,832,1827,883,944,1596,748,848,909,461,448,228,107,121,
1165,921,466,455,1607,771,836,1835,889,946,1603,750,853,913,461,452,229,107,122,
1170,925,468,457,1614,776,838,1843,892,951,1610,755,855,917,464,453,230,107,123,
1175,929,470,459,1621,778,843,1851,897,954,1617,759,858,921,465,456,231,108,123,
1180,933,472,461,1628,783,845,1859,901,958,1624,764,860,925,468,457,232,109,123,
1185,937,474,463,1635,785,850,1867,902,965,1631,769,862,929,469,460,233,109,124,
1190,941,477,464,1642,789,853,1875,906,969,1638,772,866,933,469,464,234,110,124,
1195,945,480,465,1649,792,857,1883,913,970,1645,777,868,937,471,466,235,110,125,
1200,949,482,467,1656,793,863,1891,918,973,1652,781,871,941,473,468,236,111,125,
1205,953,485,468,1663,797,866,1899,924,975,1659,787,872,945,474,471,237,111,126,
1210,957,487,470,1670,802,868,1907,930,977,1666,793,873,949,478,471,238,112,126,
1215,961,489,472,1677,805,872,1915,933,982,1673,796,877,953,480,473,239,113,126,
1220,965,491,474,1684,808,876,1923,938,985,1680,801,879,957,484,473,240,114,126,
1225,969,494,475,1691,815,876,1931,943,988,1687,803,884,961,486,475,241,115,126,
1230,973,495,478,1698,819,879,1939,945,994,1694,804,890,965,489,476,242,116,126,
1235,977,497,480,1705,822,883,1947,947,1000,1701,808,893,969,489,480,243,116,127,
1240,981,497,484,1712,825,887,1955,949,1006,1708,811,897,973,491,482,244,117,127,
1245,985,499,486,1719,827,892,1963,952,1011,1715,817,898,977,493,484,245,117,128,
1250,989,501,488,1726,830,896,1971,955,1016,1722,821,901,981,495,486,246,117,129,
1255,993,503,490,1733,834,899,1979,958,1021,1729,823,906,985,497,488,247,117,130,
1260,997,506,491,1740,838,902,1987,964,1023,1736,829,907,989,499,490,248,118,130,
1265,1001,510,491,1747,842,905,1995,970,1025,1743,833,910,993,501,492,249,119,130,
1270,1005,511,494,1754,847,907,2003,972,1031,1750,835,915,997,504,493,250,120,130,
1275,1009,513,496,1761,848,913,2011,974,1037,1757,837,920,1001,507,494,251,121,130,
1280,1013,515,498,1768,851,917,2019,977,1042,1764,839,925,1005,509,496,252,122,130,
1285,1017,518,499,1775,856,919,2027,982,1045,1771,843,928,1009,512,497,253,122,131,
1290,1021,520,501,1782,860,922,2035,985,1050,1778,846,932,1013,512,501,254,122,132,
1295,1025,524,501,1789,862,927,2043,990,1053,1785,851,934,1017,515,502,255,122,133,
1300,1029,527,502,1796,866,930,2051,992,1059,1792,855,937,1021,517,504,256,122,134,
1305,1033,529,504,1803,869,934,2059,995,1064,1799,857,942,1025,519,506,257,122,135,
1310,1037,530,507,1810,871,939,2067,997,1070,1806,861,945,1029,520,509,258,123,135,
1315,1041,531,510,1817,874,943,2075,1000,1075,1813,865,948,1033,521,512,259,123,136,
1320,1045,531,514,1824,877,947,2083,1004,1079,1820,869,951,1037,522,515,260,123,137,
1325,1049,534,515,1831,880,951,2091,1006,1085,1827,871,956,1041,524,517,261,124,137,
1330,1053,537,516,1838,885,953,2099,1011,1088,1834,875,959,1045,525,520,262,125,137,
1335,1057,539,518,1845,889,956,2107,1016,1091,1841,880,961,1049,527,522,263,125,138,
1340,1061,540,521,1852,892,960,2115,1020,1095,1848,883,965,1053,531,522,264,125,139,
1345,1065,543,522,1859,897,962,2123,1024,1099,1855,885,970,1057,532,525,265,126,139,
1350,1069,543,526,1866,899,967,2131,1026,1105,1862,889,973,1061,535,526,266,126,140,
1355,1073,545,528,1873,902,971,2139,1030,1109,1869,894,975,1065,535,530,267,127,140,
1360,1077,546,531,1880,906,974,2147,1034,1113,1876,899,977,1069,538,531,268,128,140,
1365,1081,547,534,1887,908,979,2155,1038,1117,1883,901,982,1073,540,533,269,128,141,
1370,1085,549,536,1894,912,982,2163,1039,1124,1890,906,984,1077,542,535,270,128,142,
1375,1089,551,538,1901,914,987,2171,1046,1125,1897,908,989,1081,544,537,271,128,143,
1380,1093,552,541,1908,918,990,2179,1052,1127,1904,912,992,1085,545,540,272,129,143,
1385,1097,553,544,1915,922,993,2187,1055,1132,1911,914,997,1089,548,541,273,129,144,
1390,1101,555,546,1922,928,994,2195,1062,1133,1918,918,1000,1093,548,545,274,129,145,
1395,1105,556,549,1929,931,998,2203,1068,1135,1925,921,1004,1097,550,547,275,129,146,
1400,1109,559,550,1936,935,1001,2211,1072,1139,1932,924,1008,1101,552,549,276,130,146,
1405,1113,561,552,1943,940,1003,2219,1077,1142,1939,926,1013,1105,554,551,277,131,146,
1410,1117,564,553,1950,945,1005,2227,1080,1147,1946,931,1015,1109,555,554,278,131,147,
1415,1121,566,555,1957,949,1008,2235,1083,1152,1953,935,1018,1113,558,555,279,132,147,
1420,1125,567,558,1964,955,1009,2243,1087,1156,1960,937,1023,1117,560,557,280,133,147,
1425,1129,570,559,1971,956,1015,2251,1089,1162,1967,940,1027,1121,563,558,281,133,148,
1430,1133,570,563,1978,958,1020,2259,1094,1165,1974,941,1033,1125,565,560,282,133,149,
1435,1137,574,563,1985,962,1023,2267,1098,1169,1981,944,1037,1129,568,561,283,134,149,
1440,1141,574,567,1992,967,1025,2275,1102,1173,1988,946,1042,1133,571,562,284,134,150,
1445,1145,576,569,1999,971,1028,2283,1104,1179,1995,948,1047,1137,574,563,285,134,151,
1450,1149,577,572,2006,974,1032,2291,1106,1185,2002,952,1050,1141,575,566,286,134,152,
1455,1153,579,574,2013,978,1035,2299,1108,1191,2009,955,1054,1145,578,567,287,134,153,
1460,1157,581,576,2020,982,1038,2307,1114,1193,2016,959,1057,1149,580,569,288,135,153,
1465,1161,583,578,2027,984,1043,2315,1116,1199,2023,963,1060,1153,581,572,289,135,154,
1470,1165,584,581,2034,988,1046,2323,1117,1206,2030,965,1065,1157,584,573,290,135,155,
1475,1169,586,583,2041,991,1050,2331,1120,1211,2037,970,1067,1161,586,575,291,136,155,
1480,1173,588,585,2048,997,1051,2339,1126,1213,2044,972,1072,1165,587,578,292,137,155,
1485,1177,591,586,2055,999,1056,2347,1131,1216,2051,979,1072,1169,589,580,293,138,155,
1490,1181,592,589,2062,1003,1059,2355,1137,1218,2058,983,1075,1173,593,580,294,138,156,
1495,1185,593,592,2069,1007,1062,2363,1141,1222,2065,986,1079,1177,593,584,295,139,156,
1500,1189,594,595,2076,1009,1067,2371,1146,1225,2072,990,1082,1181,595,586,296,140,156,
1505,1193,596,597,2083,1014,1069,2379,1149,1230,2079,992,1087,1185,598,587,297,140,157,
1510,1197,597,600,2090,1016,1074,2387,1155,1232,2086,996,1090,1189,601,588,298,141,157,
1515,1201,598,603,2097,1022,1075,2395,1160,1235,2093,998,1095,1193,604,589,299,141,158,
1520,1205,598,607,2104,1024,1080,2403,1163,1240,2100,1002,1098,1197,605,592,300,141,159,
1525,1209,599,610,2111,1028,1083,2411,1167,1244,2107,1004,1103,1201,607,594,301,141,160,
1530,1213,600,613,2118,1030,1088,2419,1170,1249,2114,1008,1106,1205,610,595,302,142,160,
1535,1217,603,614,2125,1033,1092,2427,1175,1252,2121,1010,1111,1209,611,598,303,142,161,
1540,1221,604,617,2132,1036,1096,2435,1181,1254,2128,1014,1114,1213,612,601,304,142,162,
1545,1225,608,617,2139,1042,1097,2443,1185,1258,2135,1019,1116,1217,615,602,305,143,162,
1550,1229,611,618,2146,1047,1099,2451,1190,1261,2142,1023,1119,1221,616,605,306,143,163,
1555,1233,613,620,2153,1050,1103,2459,1196,1263,2149,1029,1120,1225,617,608,307,143,164,
1560,1237,615,622,2160,1052,1108,2467,1200,1267,2156,1033,1123,1229,619,610,308,143,165,
1565,1241,617,624,2167,1057,1110,2475,1204,1271,2163,1036,1127,1233,622,611,309,143,166,
1570,1245,619,626,2174,1061,1113,2483,1209,1274,2170,1042,1128,1237,625,612,310,143,167,
1575,1249,620,629,2181,1065,1116,2491,1213,1278,2177,1045,1132,1241,628,613,311,144,167,
1580,1253,622,631,2188,1068,1120,2499,1218,1281,2184,1049,1135,1245,631,614,312,145,167,
1585,1257,622,635,2195,1071,1124,2507,1219,1288,2191,1054,1137,1249,635,614,313,146,167,
1590,1261,624,637,2202,1075,1127,2515,1222,1293,2198,1058,1140,1253,638,615,314,146,168,
1595,1265,628,637,2209,1078,1131,2523,1225,1298,2205,1062,1143,1257,640,617,315,147,168,
1600,1269,631,638,2216,1080,1136,2531,1228,1303,2212,1065,1147,1261,642,619,316,148,168,
1605,1273,632,641,2223,1082,1141,2539,1232,1307,2219,1068,1151,1265,643,622,317,148,169,
1610,1277,633,644,2230,1085,1145,2547,1237,1310,2226,1072,1154,1269,646,623,318,148,170,
1615,1281,636,645,2237,1089,1148,2555,1240,1315,2233,1077,1156,1273,648,625,319,149,170,
1620,1285,640,645,2244,1091,1153,2563,1242,1321,2240,1082,1158,1277,651,626,320,150,170,
1625,1289,641,648,2251,1095,1156,2571,1247,1324,2247,1083,1164,1281,652,629,321,150,171,
1630,1293,643,650,2258,1097,1161,2579,1249,1330,2254,1085,1169,1285,654,631,322,150,172,
1635,1297,644,653,2265,1100,1165,2587,1253,1334,2261,1088,1173,1289,657,632,323,150,173,
1640,1301,646,655,2272,1103,1169,2595,1258,1337,2268,1089,1179,1293,660,633,324,150,174,
1645,1305,649,656,2279,1106,1173,2603,1261,1342,2275,1093,1182,1297,663,634,325,150,175,
1650,1309,651,658,2286,1107,1179,2611,1264,1347,2282,1096,1186,1301,666,635,326,150,176,
1655,1313,654,659,2293,1113,1180,2619,1268,1351,2289,1100,1189,1305,668,637,327,151,176,
1660,1317,656,661,2300,1117,1183,2627,1273,1354,2296,1104,1192,1309,669,640,328,151,177,
1665,1321,658,663,2307,1117,1190,2635,1275,1360,2303,1107,1196,1313,672,641,329,152,177,
1670,1325,660,665,2314,1122,1192,2643,1278,1365,2310,1111,1199,1317,673,644,330,152,178,
1675,1329,662,667,2321,1126,1195,2651,1282,1369,2317,1112,1205,1321,676,645,331,152,179,
1680,1333,664,669,2328,1130,1198,2659,1285,1374,2324,1115,1209,1325,676,649,332,153,179,
1685,1337,665,672,2335,1134,1201,2667,1290,1377,2331,1120,1211,1329,680,649,333,154,179,
1690,1341,666,675,2342,1140,1202,2675,1295,1380,2338,1121,1217,1333,682,651,334,154,180,
1695,1345,668,677,2349,1145,1204,2683,1300,1383,2345,1128,1217,1337,684,653,335,155,180,
1700,1349,670,679,2356,1151,1205,2691,1302,1389,2352,1134,1218,1341,686,655,336,156,180,
1705,1353,671,682,2363,1153,1210,2699,1304,1395,2359,1136,1223,1345,689,656,337,156,181,
1710,1357,672,685,2370,1154,1216,2707,1307,1400,2366,1142,1224,1349,692,657,338,156,182,
1715,1361,674,687,2377,1154,1223,2715,1313,1402,2373,1146,1227,1353,694,659,339,156,183,
1720,1365,677,688,2384,1157,1227,2723,1319,1404,2380,1150,1230,1357,697,660,340,157,183,
1725,1369,681,688,2391,1160,1231,2731,1324,1407,2387,1151,1236,1361,699,662,341,158,183,
1730,1373,681,692,2398,1164,1234,2739,1327,1412,2394,1154,1240,1365,701,664,342,158,184,
1735,1377,685,692,2405,1166,1239,2747,1334,1413,2401,1158,1243,1369,702,667,343,158,185,
1740,1381,687,694,2412,1170,1242,2755,1337,1418,2408,1160,1248,1373,703,670,344,158,186,
1745,1385,690,695,2419,1173,1246,2763,1342,1421,2415,1163,1252,1377,705,672,345,158,187,
1750,1389,691,698,2426,1177,1249,2771,1347,1424,2422,1168,1254,1381,706,675,346,158,188,
1755,1393,692,701,2433,1182,1251,2779,1351,1428,2429,1171,1258,1385,707,678,347,158,189,
1760,1397,692,705,2440,1185,1255,2787,1355,1432,2436,1176,1260,1389,711,678,348,159,189,
1765,1401,695,706,2447,1188,1259,2795,1359,1436,2443,1179,1264,1393,714,679,349,160,189,
1770,1405,696,709,2454,1192,1262,2803,1361,1442,2450,1180,1270,1397,716,681,350,160,190,
1775,1409,699,710,2461,1194,1267,2811,1365,1446,2457,1186,1271,1401,719,682,351,160,191,
1780,1413,701,712,2468,1198,1270,2819,1369,1450,2464,1190,1274,1405,723,682,352,161,191,
1785,1417,703,714,2475,1202,1273,2827,1374,1453,2471,1194,1277,1409,727,682,353,161,192,
1790,1421,705,716,2482,1206,1276,2835,1378,1457,2478,1199,1279,1413,729,684,354,161,193,
1795,1425,707,718,2489,1211,1278,2843,1384,1459,2485,1204,1281,1417,730,687,355,162,193,
1800,1429,708,721,2496,1215,1281,2851,1388,1463,2492,1207,1285,1421,731,690,356,163,193,
1805,1433,710,723,2503,1217,1286,2859,1392,1467,2499,1211,1288,1425,732,693,357,164,193,
1810,1437,712,725,2510,1218,1292,2867,1397,1470,2506,1215,1291,1429,734,695,358,164,194,
1815,1441,714,727,2517,1220,1297,2875,1402,1473,2513,1220,1293,1433,736,697,359,164,195,
1820,1445,716,729,2524,1224,1300,2883,1405,1478,2520,1226,1294,1437,738,699,360,164,196,
1825,1449,717,732,2531,1225,1306,2891,1408,1483,2527,1230,1297,1441,742,699,361,164,197,
1830,1453,719,734,2538,1227,1311,2899,1414,1485,2534,1234,1300,1445,744,701,362,165,197,
1835,1457,723,734,2545,1229,1316,2907,1419,1488,2541,1241,1300,1449,747,702,363,165,198,
1840,1461,725,736,2552,1235,1317,2915,1421,1494,2548,1246,1302,1453,748,705,364,165,199,
1845,1465,726,739,2559,1239,1320,2923,1425,1498,2555,1251,1304,1457,748,709,365,165,200,
1850,1469,728,741,2566,1241,1325,2931,1428,1503,2562,1253,1309,1461,751,710,366,165,201,
1855,1473,729,744,2573,1243,1330,2939,1431,1508,2569,1257,1312,1465,752,713,367,165,202,
1860,1477,731,746,2580,1247,1333,2947,1434,1513,2576,1260,1316,1469,755,714,368,165,203,
1865,1481,733,748,2587,1251,1336,2955,1438,1517,2583,1262,1321,1473,757,716,369,165,204,
1870,1485,735,750,2594,1255,1339,2963,1444,1519,2590,1264,1326,1477,758,719,370,165,205,
1875,1489,737,752,2601,1257,1344,2971,1449,1522,2597,1266,1331,1481,761,720,371,165,206,
1880,1493,738,755,2608,1258,1350,2979,1453,1526,2604,1266,1338,1485,763,722,372,166,206,
1885,1497,738,759,2615,1261,1354,2987,1457,1530,2611,1268,1343,1489,763,726,373,166,207,
1890,1501,740,761,2622,1264,1358,2995,1460,1535,2618,1272,1346,1493,764,729,374,166,208,
1895,1505,741,764,2629,1267,1362,3003,1464,1539,2625,1274,1351,1497,767,730,375,167,208,
1900,1509,742,767,2636,1271,1365,3011,1465,1546,2632,1279,1353,1501,768,733,376,168,208,
1905,1513,745,768,2643,1274,1369,3019,1468,1551,2639,1281,1358,1505,769,736,377,168,209,
1910,1517,746,771,2650,1277,1373,3027,1474,1553,2646,1285,1361,1509,770,739,378,169,209,
1915,1521,748,773,2657,1280,1377,3035,1480,1555,2653,1290,1363,1513,773,740,379,170,209,
1920,1525,751,774,2664,1284,1380,3043,1483,1560,2660,1291,1369,1517,775,742,380,170,210,
1925,1529,751,778,2671,1287,1384,3051,1487,1564,2667,1292,1375,1521,778,743,381,170,211,
1930,1533,754,779,2678,1291,1387,3059,1490,1569,2674,1294,1380,1525,781,744,382,170,212,
1935,1537,757,780,2685,1297,1388,3067,1496,1571,2681,1297,1384,1529,782,747,383,170,213,
1940,1541,759,782,2692,1302,1390,3075,1499,1576,2688,1301,1387,1533,785,748,384,171,213,
1945,1545,762,783,2699,1305,1394,3083,1504,1579,2695,1305,1390,1537,786,751,385,171,214,
1950,1549,763,786,2706,1309,1397,3091,1507,1584,2702,1308,1394,1541,789,752,386,171,215,
1955,1553,766,787,2713,1313,1400,3099,1510,1589,2709,1310,1399,1545,792,753,387,171,216,
1960,1557,768,789,2720,1317,1403,3107,1513,1594,2716,1315,1401,1549,795,754,388,172,216,
1965,1561,771,790,2727,1320,1407,3115,1517,1598,2723,1319,1404,1553,795,758,389,173,216,
1970,1565,774,791,2734,1323,1411,3123,1522,1601,2730,1325,1405,1557,796,761,390,174,216,
1975,1569,775,794,2741,1325,1416,3131,1527,1604,2737,1329,1408,1561,799,762,391,175,216,
1980,1573,778,795,2748,1328,1420,3139,1530,1609,2744,1334,1410,1565,799,766,392,175,217,
1985,1577,781,796,2755,1332,1423,3147,1531,1616,2751,1338,1413,1569,801,768,393,176,217,
1990,1581,782,799,2762,1336,1426,3155,1534,1621,2758,1341,1417,1573,805,768,394,176,218,
1995,1585,783,802,2769,1340,1429,3163,1537,1626,2765,1345,1420,1577,808,769,395,176,219,
2000,1589,784,805,2776,1342,1434,3171,1538,1633,2772,1348,1424,1581,808,773,396,177,219,
2005,1593,786,807,2783,1345,1438,3179,1539,1640,2779,1350,1429,1585,809,776,397,178,219,
2010,1597,788,809,2790,1348,1442,3187,1542,1645,2786,1355,1431,1589,811,778,398,178,220,
2015,1601,789,812,2797,1349,1448,3195,1546,1649,2793,1357,1436,1593,812,781,399,178,221,
2020,1605,789,816,2804,1352,1452,3203,1547,1656,2800,1359,1441,1597,814,783,400,179,221,
2025,1609,790,819,2811,1354,1457,3211,1552,1659,2807,1361,1446,1601,815,786,401,179,222,
2030,1613,792,821,2818,1356,1462,3219,1556,1663,2814,1364,1450,1605,817,788,402,180,222,
2035,1617,793,824,2825,1359,1466,3227,1561,1666,2821,1367,1454,1609,819,790,403,181,222,
2040,1621,796,825,2832,1360,1472,3235,1565,1670,2828,1369,1459,1613,821,792,404,181,223,
2045,1625,796,829,2839,1366,1473,3243,1567,1676,2835,1371,1464,1617,825,792,405,181,224,
2050,1629,797,832,2846,1371,1475,3251,1569,1682,2842,1374,1468,1621,828,793,406,182,224,
2055,1633,798,835,2853,1375,1478,3259,1574,1685,2849,1380,1469,1625,829,796,407,182,225,
2060,1637,799,838,2860,1381,1479,3267,1578,1689,2856,1383,1473,1629,830,799,408,182,226,
2065,1641,800,841,2867,1384,1483,3275,1585,1690,2863,1385,1478,1633,831,802,409,183,226,
2070,1645,801,844,2874,1388,1486,3283,1588,1695,2870,1388,1482,1637,831,806,410,183,227,
2075,1649,801,848,2881,1391,1490,3291,1592,1699,2877,1390,1487,1641,832,809,411,183,228,
2080,1653,802,851,2888,1394,1494,3299,1593,1706,2884,1394,1490,1645,835,810,412,184,228,
2085,1657,804,853,2895,1397,1498,3307,1598,1709,2891,1397,1494,1649,837,812,413,185,228,
2090,1661,805,856,2902,1400,1502,3315,1604,1711,2898,1401,1497,1653,839,814,414,185,229,
2095,1665,808,857,2909,1405,1504,3323,1608,1715,2905,1404,1501,1657,842,815,415,186,229,
2100,1669,810,859,2916,1408,1508,3331,1613,1718,2912,1407,1505,1661,843,818,416,186,230,
2105,1673,813,860,2923,1410,1513,3339,1618,1721,2919,1408,1511,1665,845,820,417,186,231,
2110,1677,814,863,2930,1414,1516,3347,1621,1726,2926,1413,1513,1669,847,822,418,187,231,
2115,1681,816,865,2937,1419,1518,3355,1627,1728,2933,1417,1516,1673,850,823,419,188,231,
2120,1685,819,866,2944,1421,1523,3363,1632,1731,2940,1422,1518,1677,852,825,420,188,232,
2125,1689,823,866,2951,1426,1525,3371,1636,1735,2947,1426,1521,1681,854,827,421,189,232,
2130,1693,826,867,2958,1427,1531,3379,1638,1741,2954,1431,1523,1685,855,830,422,190,232,
2135,1697,827,870,2965,1430,1535,3387,1641,1746,2961,1433,1528,1689,856,833,423,191,232,
2140,1701,828,873,2972,1436,1536,3395,1644,1751,2968,1434,1534,1693,857,836,424,192,232,
2145,1705,828,877,2979,1442,1537,3403,1648,1755,2975,1438,1537,1697,860,837,425,192,233,
2150,1709,830,879,2986,1444,1542,3411,1653,1758,2982,1440,1542,1701,861,840,426,193,233,
2155,1713,830,883,2993,1449,1544,3419,1659,1760,2989,1443,1546,1705,861,844,427,193,234,
2160,1717,832,885,3000,1452,1548,3427,1661,1766,2996,1446,1550,1709,862,847,428,193,235,
2165,1721,833,888,3007,1456,1551,3435,1666,1769,3003,1451,1552,1713,864,849,429,194,235,
2170,1725,834,891,3014,1458,1556,3443,1673,1770,3010,1454,1556,1717,867,850,430,195,235,
2175,1729,838,891,3021,1461,1560,3451,1677,1774,3017,1457,1560,1721,869,852,431,195,236,
2180,1733,841,892,3028,1464,1564,3459,1681,1778,3024,1461,1563,1725,871,854,432,195,237,
2185,1737,844,893,3035,1468,1567,3467,1685,1782,3031,1466,1565,1729,872,857,433,196,237,
2190,1741,847,894,3042,1472,1570,3475,1688,1787,3038,1469,1569,1733,873,860,434,197,237,
2195,1745,849,896,3049,1477,1572,3483,1691,1792,3045,1470,1575,1737,875,862,435,198,237,
2200,1749,852,897,3056,1480,1576,3491,1696,1795,3052,1473,1579,1741,877,864,436,199,237,
2205,1753,854,899,3063,1484,1579,3499,1700,1799,3059,1477,1582,1745,880,865,437,199,238,
2210,1757,858,899,3070,1488,1582,3507,1705,1802,3066,1482,1584,1749,882,867,438,199,239,
2215,1761,860,901,3077,1491,1586,3515,1708,1807,3073,1484,1589,1753,884,869,439,199,240,
2220,1765,864,901,3084,1494,1590,3523,1711,1812,3080,1486,1594,1757,885,872,440,199,241,
2225,1769,864,905,3091,1497,1594,3531,1715,1816,3087,1490,1597,1761,888,873,441,199,242,
2230,1773,866,907,3098,1500,1598,3539,1718,1821,3094,1494,1600,1765,890,875,442,200,242,
2235,1777,868,909,3105,1502,1603,3547,1721,1826,3101,1495,1606,1769,891,878,443,200,243,
2240,1781,870,911,3112,1505,1607,3555,1723,1832,3108,1498,1610,1773,892,881,444,200,244,
2245,1785,873,912,3119,1509,1610,3563,1728,1835,3115,1502,1613,1777,895,882,445,201,244,
2250,1789,875,914,3126,1513,1613,3571,1733,1838,3122,1504,1618,1781,896,885,446,202,244,
2255,1793,876,917,3133,1515,1618,3579,1736,1843,3129,1507,1622,1785,897,888,447,203,244,
2260,1797,877,920,3140,1517,1623,3587,1740,1847,3136,1507,1629,1789,899,890,448,204,244,
2265,1801,878,923,3147,1519,1628,3595,1742,1853,3143,1510,1633,1793,902,891,449,205,244,
2270,1805,878,927,3154,1524,1630,3603,1747,1856,3150,1513,1637,1797,903,894,450,205,245,
2275,1809,879,930,3161,1528,1633,3611,1751,1860,3157,1516,1641,1801,904,897,451,206,245,
2280,1813,881,932,3168,1533,1635,3619,1754,1865,3164,1518,1646,1805,905,900,452,206,246,
2285,1817,882,935,3175,1538,1637,3627,1757,1870,3171,1518,1653,1809,906,903,453,206,247,
2290,1821,883,938,3182,1542,1640,3635,1763,1872,3178,1520,1658,1813,908,905,454,207,247,
2295,1825,886,939,3189,1543,1646,3643,1767,1876,3185,1525,1660,1817,910,907,455,207,248,
2300,1829,889,940,3196,1547,1649,3651,1771,1880,3192,1529,1663,1821,911,910,456,207,249,
2305,1833,891,942,3203,1549,1654,3659,1775,1884,3199,1532,1667,1825,911,914,457,207,250,
2310,1837,893,944,3210,1551,1659,3667,1776,1891,3206,1536,1670,1829,913,916,458,208,250,
2315,1841,893,948,3217,1554,1663,3675,1781,1894,3213,1539,1674,1833,914,919,459,209,250,
2320,1845,895,950,3224,1559,1665,3683,1786,1897,3220,1544,1676,1837,917,920,460,210,250,
2325,1849,897,952,3231,1563,1668,3691,1791,1900,3227,1547,1680,1841,919,922,461,211,250,
2330,1853,898,955,3238,1567,1671,3699,1795,1904,3234,1551,1683,1845,922,923,462,211,251,
2335,1857,899,958,3245,1569,1676,3707,1799,1908,3241,1552,1689,1849,924,925,463,212,251,
2340,1861,900,961,3252,1571,1681,3715,1803,1912,3248,1556,1692,1853,925,928,464,213,251,
2345,1865,902,963,3259,1574,1685,3723,1806,1917,3255,1558,1697,1857,927,930,465,213,252,
2350,1869,903,966,3266,1578,1688,3731,1811,1920,3262,1562,1700,1861,931,930,466,214,252,
2355,1873,905,968,3273,1580,1693,3739,1816,1923,3269,1566,1703,1865,932,933,467,214,253,
2360,1877,905,972,3280,1584,1696,3747,1818,1929,3276,1568,1708,1869,935,934,468,215,253,
2365,1881,907,974,3287,1588,1699,3755,1821,1934,3283,1572,1711,1873,936,937,469,216,253,
2370,1885,908,977,3294,1594,1700,3763,1827,1936,3290,1575,1715,1877,938,939,470,216,254,
2375,1889,911,978,3301,1598,1703,3771,1831,1940,3297,1580,1717,1881,940,941,471,216,255,
2380,1893,913,980,3308,1599,1709,3779,1833,1946,3304,1583,1721,1885,943,942,472,216,256,
2385,1897,915,982,3315,1601,1714,3787,1837,1950,3311,1587,1724,1889,945,944,473,216,257,
2390,1901,918,983,3322,1603,1719,3795,1840,1955,3318,1588,1730,1893,947,946,474,217,257,
2395,1905,922,983,3329,1607,1722,3803,1845,1958,3325,1590,1735,1897,949,948,475,217,258,
2400,1909,925,984,3336,1611,1725,3811,1848,1963,3332,1594,1738,1901,950,951,476,218,258,
2405,1913,928,985,3343,1616,1727,3819,1853,1966,3339,1600,1739,1905,952,953,477,218,259,
2410,1917,932,985,3350,1619,1731,3827,1857,1970,3346,1602,1744,1909,953,956,478,219,259,
2415,1921,934,987,3357,1622,1735,3835,1860,1975,3353,1606,1747,1913,954,959,479,219,260,
2420,1925,935,990,3364,1626,1738,3843,1863,1980,3360,1607,1753,1917,956,961,480,219,261,
2425,1929,937,992,3371,1630,1741,3851,1866,1985,3367,1610,1757,1921,958,963,481,219,262,
2430,1933,939,994,3378,1632,1746,3859,1870,1989,3374,1614,1760,1925,960,965,482,219,263,
2435,1937,941,996,3385,1634,1751,3867,1875,1992,3381,1619,1762,1929,962,967,483,219,264,
2440,1941,944,997,3392,1638,1754,3875,1876,1999,3388,1620,1768,1933,963,970,484,220,264,
2445,1945,946,999,3399,1642,1757,3883,1880,2003,3395,1624,1771,1937,963,974,485,220,265,
2450,1949,950,999,3406,1646,1760,3891,1885,2006,3402,1628,1774,1941,966,975,486,220,266,
2455,1953,950,1003,3413,1649,1764,3899,1890,2009,3409,1631,1778,1945,967,978,487,221,266,
2460,1957,952,1005,3420,1652,1768,3907,1895,2012,3416,1636,1780,1949,968,981,488,222,266,
2465,1961,956,1005,3427,1657,1770,3915,1898,2017,3423,1641,1782,1953,972,981,489,223,266,
2470,1965,957,1008,3434,1657,1777,3923,1901,2022,3430,1644,1786,1957,974,983,490,223,267,
2475,1969,959,1010,3441,1660,1781,3931,1904,2027,3437,1648,1789,1961,977,984,491,224,267,
2480,1973,959,1014,3448,1661,1787,3939,1907,2032,3444,1653,1791,1965,979,986,492,225,267,
2485,1977,960,1017,3455,1664,1791,3947,1911,2036,3451,1653,1798,1969,980,989,493,225,268,
2490,1981,962,1019,3462,1666,1796,3955,1916,2039,3458,1658,1800,1973,981,992,494,226,268,
2495,1985,965,1020,3469,1667,1802,3963,1921,2042,3465,1662,1803,1977,983,994,495,227,268,
2500,1989,968,1021,3476,1672,1804,3971,1924,2047,3472,1666,1806,1981,986,995,496,228,268,
2505,1993,969,1024,3483,1675,1808,3979,1926,2053,3479,1671,1808,1985,988,997,497,228,269,
2510,1997,970,1027,3490,1679,1811,3987,1932,2055,3486,1673,1813,1989,989,1000,498,228,270,
2515,2001,971,1030,3497,1681,1816,3995,1936,2059,3493,1675,1818,1993,992,1001,499,229,270,
2520,2005,974,1031,3504,1684,1820,4003,1939,2064,3500,1678,1822,1997,995,1002,500,230,270,
2525,2009,977,1032,3511,1686,1825,4011,1943,2068,3507,1682,1825,2001,997,1004,501,230,271,
2530,2013,981,1032,3518,1688,1830,4019,1945,2074,3514,1687,1827,2005,1000,1005,502,231,271,
2535,2017,982,1035,3525,1692,1833,4027,1950,2077,3521,1691,1830,2009,1003,1006,503,232,271,
2540,2021,984,1037,3532,1698,1834,4035,1956,2079,3528,1695,1833,2013,1004,1009,504,233,271,
2545,2025,988,1037,3539,1703,1836,4043,1958,2085,3535,1700,1835,2017,1007,1010,505,233,272,
2550,2029,990,1039,3546,1708,1838,4051,1964,2087,3542,1704,1838,2021,1009,1012,506,233,273,
2555,2033,991,1042,3553,1711,1842,4059,1966,2093,3549,1710,1839,2025,1012,1013,507,233,274,
2560,2037,992,1045,3560,1714,1846,4067,1971,2096,3556,1714,1842,2029,1015,1014,508,233,275,
2565,2041,994,1047,3567,1718,1849,4075,1975,2100,3563,1718,1845,2033,1016,1017,509,233,276,
2570,2045,996,1049,3574,1722,1852,4083,1977,2106,3570,1720,1850,2037,1019,1018,510,233,277,
2575,2049,999,1050,3581,1728,1853,4091,1981,2110,3577,1723,1854,2041,1022,1019,511,233,278,
2580,2053,1002,1051,3588,1730,1858,4099,1987,2112,3584,1726,1858,2045,1024,1021,512,234,278,
2585,2057,1004,1053,3595,1733,1862,4107,1989,2118,3591,1729,1862,2049,1026,1023,513,234,279,
2590,2061,1007,1054,3602,1735,1867,4115,1993,2122,3598,1730,1868,2053,1026,1027,514,234,280,
2595,2065,1009,1056,3609,1738,1871,4123,1995,2128,3605,1735,1870,2057,1030,1027,515,235,280,
2600,2069,1010,1059,3616,1743,1873,4131,2000,2131,3612,1739,1873,2061,1034,1027,516,236,280,
2605,2073,1012,1061,3623,1749,1874,4139,2005,2134,3619,1742,1877,2065,1036,1029,517,237,280,
2610,2077,1013,1064,3630,1752,1878,4147,2011,2136,3626,1745,1881,2069,1039,1030,518,238,280,
2615,2081,1013,1068,3637,1756,1881,4155,2017,2138,3633,1750,1883,2073,1039,1034,519,238,281,
2620,2085,1017,1068,3644,1760,1884,4163,2021,2142,3640,1755,1885,2077,1042,1035,520,238,282,
2625,2089,1020,1069,3651,1765,1886,4171,2025,2146,3647,1760,1887,2081,1044,1037,521,239,282,
2630,2093,1022,1071,3658,1767,1891,4179,2028,2151,3654,1762,1892,2085,1046,1039,522,239,283,
2635,2097,1023,1074,3665,1770,1895,4187,2034,2153,3661,1767,1894,2089,1048,1041,523,239,284,
2640,2101,1027,1074,3672,1772,1900,4195,2037,2158,3668,1770,1898,2093,1049,1044,524,239,285,
2645,2105,1030,1075,3679,1776,1903,4203,2039,2164,3675,1774,1901,2097,1050,1047,525,240,285,
2650,2109,1032,1077,3686,1779,1907,4211,2043,2168,3682,1778,1904,2101,1054,1047,526,240,286,
2655,2113,1035,1078,3693,1782,1911,4219,2046,2173,3689,1782,1907,2105,1055,1050,527,241,286,
2660,2117,1038,1079,3700,1785,1915,4227,2049,2178,3696,1785,1911,2109,1058,1051,528,242,286,
2665,2121,1039,1082,3707,1789,1918,4235,2053,2182,3703,1790,1913,2113,1059,1054,529,243,286,
2670,2125,1041,1084,3714,1792,1922,4243,2057,2186,3710,1794,1916,2117,1059,1058,530,244,286,
2675,2129,1042,1087,3721,1797,1924,4251,2063,2188,3717,1798,1919,2121,1059,1062,531,244,287,
2680,2133,1044,1089,3728,1802,1926,4259,2066,2193,3724,1800,1924,2125,1060,1065,532,244,288,
2685,2137,1044,1093,3735,1805,1930,4267,2070,2197,3731,1804,1927,2129,1060,1069,533,245,288,
2690,2141,1045,1096,3742,1810,1932,4275,2074,2201,3738,1808,1930,2133,1063,1070,534,246,288,
2695,2145,1047,1098,3749,1814,1935,4283,2078,2205,3745,1810,1935,2137,1063,1074,535,246,289,
2700,2149,1048,1101,3756,1818,1938,4291,2084,2207,3752,1812,1940,2141,1064,1077,536,246,290,
2705,2153,1048,1105,3763,1821,1942,4299,2088,2211,3759,1816,1943,2145,1067,1078,537,246,291,
2710,2157,1050,1107,3770,1825,1945,4307,2092,2215,3766,1820,1946,2149,1069,1080,538,247,291,
2715,2161,1050,1111,3777,1826,1951,4315,2094,2221,3773,1823,1950,2153,1071,1082,539,248,291,
2720,2165,1050,1115,3784,1830,1954,4323,2095,2228,3780,1826,1954,2157,1072,1085,540,248,292,
2725,2169,1053,1116,3791,1832,1959,4331,2098,2233,3787,1830,1957,2161,1075,1086,541,248,293,
2730,2173,1055,1118,3798,1835,1963,4339,2100,2239,3794,1834,1960,2165,1078,1087,542,248,294,
2735,2177,1057,1120,3805,1840,1965,4347,2103,2244,3801,1836,1965,2169,1082,1087,543,249,294,
2740,2181,1059,1122,3812,1844,1968,4355,2105,2250,3808,1840,1968,2173,1082,1091,544,249,295,
2745,2185,1061,1124,3819,1849,1970,4363,2110,2253,3815,1842,1973,2177,1084,1093,545,250,295,
2750,2189,1064,1125,3826,1852,1974,4371,2115,2256,3822,1844,1978,2181,1087,1094,546,250,296,
2755,2193,1066,1127,3833,1853,1980,4379,2120,2259,3829,1849,1980,2185,1088,1097,547,250,297,
2760,2197,1069,1128,3840,1856,1984,4387,2122,2265,3836,1853,1983,2189,1091,1098,548,250,298,
2765,2201,1071,1130,3847,1862,1985,4395,2125,2270,3843,1854,1989,2193,1092,1101,549,251,298,
2770,2205,1074,1131,3854,1865,1989,4403,2129,2274,3850,1857,1993,2197,1095,1102,550,252,298,
2775,2209,1077,1132,3861,1870,1991,4411,2133,2278,3857,1861,1996,2201,1098,1103,551,252,299,
2780,2213,1079,1134,3868,1874,1994,4419,2137,2282,3864,1864,2000,2205,1101,1104,552,253,299,
2785,2217,1080,1137,3875,1874,2001,4427,2142,2285,3871,1866,2005,2209,1104,1105,553,253,300,
2790,2221,1081,1140,3882,1879,2003,4435,2149,2286,3878,1870,2008,2213,1107,1106,554,254,300,
2795,2225,1082,1143,3889,1883,2006,4443,2152,2291,3885,1876,2009,2217,1108,1109,555,254,301,
2800,2229,1084,1145,3896,1885,2011,4451,2154,2297,3892,1878,2014,2221,1110,1111,556,255,301,
2805,2233,1084,1149,3903,1890,2013,4459,2156,2303,3899,1881,2018,2225,1113,1112,557,255,302,
2810,2237,1085,1152,3910,1891,2019,4467,2162,2305,3906,1881,2025,2229,1115,1114,558,256,302,
2815,2241,1087,1154,3917,1895,2022,4475,2168,2307,3913,1885,2028,2233,1117,1116,559,257,302,
2820,2245,1087,1158,3924,1898,2026,4483,2169,2314,3920,1889,2031,2237,1119,1118,560,257,303,
2825,2249,1088,1161,3931,1900,2031,4491,2171,2320,3927,1891,2036,2241,1122,1119,561,257,304,
2830,2253,1089,1164,3938,1903,2035,4499,2176,2323,3934,1894,2040,2245,1124,1121,562,258,304,
2835,2257,1092,1165,3945,1906,2039,4507,2180,2327,3941,1898,2043,2249,1124,1125,563,258,305,
2840,2261,1095,1166,3952,1909,2043,4515,2184,2331,3948,1903,2045,2253,1125,1128,564,259,305,
2845,2265,1096,1169,3959,1911,2048,4523,2190,2333,3955,1907,2048,2257,1126,1131,565,259,306,
2850,2269,1097,1172,3966,1913,2053,4531,2195,2336,3962,1911,2051,2261,1127,1134,566,260,306,
2855,2273,1099,1174,3973,1918,2055,4539,2199,2340,3969,1916,2053,2265,1130,1135,567,260,307,
2860,2277,1100,1177,3980,1920,2060,4547,2205,2342,3976,1920,2056,2269,1131,1138,568,261,307,
2865,2281,1102,1179,3987,1923,2064,4555,2206,2349,3983,1925,2058,2273,1132,1141,569,262,307,
2870,2285,1104,1181,3994,1927,2067,4563,2210,2353,3990,1929,2061,2277,1136,1141,570,262,308,
2875,2289,1107,1182,4001,1930,2071,4571,2212,2359,3997,1932,2065,2281,1136,1145,571,263,308,
2880,2293,1109,1184,4008,1934,2074,4579,2215,2364,4004,1935,2069,2285,1138,1147,572,263,309,
2885,2297,1111,1186,4015,1939,2076,4587,2217,2370,4011,1938,2073,2289,1139,1150,573,263,310,
2890,2301,1113,1188,4022,1944,2078,4595,2220,2375,4018,1939,2079,2293,1140,1153,574,264,310,
2895,2305,1115,1190,4029,1949,2080,4603,2224,2379,4025,1941,2084,2297,1141,1156,575,264,311,
2900,2309,1118,1191,4036,1952,2084,4611,2230,2381,4032,1945,2087,2301,1143,1158,576,264,312,
2905,2313,1120,1193,4043,1958,2085,4619,2233,2386,4039,1948,2091,2305,1146,1159,577,264,313,
2910,2317,1122,1195,4050,1963,2087,4627,2235,2392,4046,1952,2094,2309,1147,1162,578,264,314,
2915,2321,1123,1198,4057,1968,2089,4635,2238,2397,4053,1957,2096,2313,1149,1164,579,265,314,
2920,2325,1126,1199,4064,1973,2091,4643,2242,2401,4060,1962,2098,2317,1151,1166,580,265,315,
2925,2329,1128,1201,4071,1977,2094,4651,2245,2406,4067,1967,2100,2321,1154,1167,581,266,315,
2930,2333,1130,1203,4078,1982,2096,4659,2249,2410,4074,1971,2103,2325,1157,1168,582,267,315,
2935,2337,1132,1205,4085,1984,2101,4667,2254,2413,4081,1976,2105,2329,1158,1171,583,268,315,
2940,2341,1132,1209,4092,1988,2104,4675,2257,2418,4088,1980,2108,2333,1158,1175,584,269,315,
2945,2345,1134,1211,4099,1992,2107,4683,2262,2421,4095,1982,2113,2337,1160,1177,585,269,316,
2950,2349,1136,1213,4106,1996,2110,4691,2266,2425,4102,1982,2120,2341,1162,1179,586,269,317,
2955,2353,1138,1215,4113,1999,2114,4699,2271,2428,4109,1987,2122,2345,1165,1180,587,270,317,
2960,2357,1139,1218,4120,2003,2117,4707,2278,2429,4116,1990,2126,2349,1166,1183,588,270,318,
2965,2361,1143,1218,4127,2007,2120,4715,2282,2433,4123,1993,2130,2353,1166,1187,589,270,319,
2970,2365,1145,1220,4134,2012,2122,4723,2284,2439,4130,1996,2134,2357,1166,1191,590,271,319,
2975,2369,1147,1222,4141,2016,2125,4731,2287,2444,4137,1999,2138,2361,1168,1193,591,272,319,
2980,2373,1149,1224,4148,2020,2128,4739,2292,2447,4144,2003,2141,2365,1169,1196,592,272,320,
2985,2377,1152,1225,4155,2024,2131,4747,2296,2451,4151,2008,2143,2369,1172,1197,593,273,320,
2990,2381,1154,1227,4162,2029,2133,4755,2301,2454,4158,2012,2146,2373,1175,1198,594,274,320,
2995,2385,1156,1229,4169,2033,2136,4763,2307,2456,4165,2015,2150,2377,1178,1199,595,274,321,
3000,2389,1156,1233,4176,2037,2139,4771,2310,2461,4172,2019,2153,2381,1180,1201,596,274,322,
3005,2393,1159,1234,4183,2039,2144,4779,2314,2465,4179,2022,2157,2385,1181,1204,597,275,322,
3010,2397,1160,1237,4190,2042,2148,4787,2315,2472,4186,2026,2160,2389,1183,1206,598,276,322,
3015,2401,1161,1240,4197,2047,2150,4795,2321,2474,4193,2031,2162,2393,1186,1207,599,276,323,
3020,2405,1163,1242,4204,2050,2154,4803,2324,2479,4200,2034,2166,2397,1188,1209,600,277,323,
3025,2409,1164,1245,4211,2053,2158,4811,2325,2486,4207,2039,2168,2401,1188,1213,601,278,323,
3030,2413,1167,1246,4218,2058,2160,4819,2329,2490,4214,2043,2171,2405,1192,1213,602,278,324,
3035,2417,1169,1248,4225,2063,2162,4827,2332,2495,4221,2044,2177,2409,1193,1216,603,278,325,
3040,2421,1170,1251,4232,2069,2163,4835,2336,2499,4228,2047,2181,2413,1196,1217,604,279,325,
3045,2425,1172,1253,4239,2072,2167,4843,2342,2501,4235,2049,2186,2417,1198,1219,605,280,325,
3050,2429,1173,1256,4246,2077,2169,4851,2345,2506,4242,2051,2191,2421,1200,1221,606,280,326,
3055,2433,1175,1258,4253,2083,2170,4859,2346,2513,4249,2055,2194,2425,1200,1225,607,281,326,
3060,2437,1176,1261,4260,2086,2174,4867,2352,2515,4256,2060,2196,2429,1202,1227,608,282,326,
3065,2441,1178,1263,4267,2090,2177,4875,2360,2515,4263,2064,2199,2433,1203,1230,609,283,326,
3070,2445,1179,1266,4274,2095,2179,4883,2364,2519,4270,2066,2204,2437,1204,1233,610,284,326,
3075,2449,1181,1268,4281,2099,2182,4891,2369,2522,4277,2068,2209,2441,1206,1235,611,285,326,
3080,2453,1182,1271,4288,2103,2185,4899,2375,2524,4284,2070,2214,2445,1207,1238,612,286,326,
3085,2457,1185,1272,4295,2104,2191,4907,2377,2530,4291,2071,2220,2449,1209,1240,613,286,327,
3090,2461,1188,1273,4302,2105,2197,4915,2380,2535,4298,2077,2221,2453,1212,1241,614,286,328,
3095,2465,1191,1274,4309,2107,2202,4923,2383,2540,4305,2080,2225,2457,1214,1243,615,286,329,
3100,2469,1193,1276,4316,2111,2205,4931,2389,2542,4312,2086,2226,2461,1214,1247,616,287,329,
3105,2473,1194,1279,4323,2117,2206,4939,2393,2546,4319,2090,2229,2465,1216,1249,617,288,329,
3110,2477,1197,1280,4330,2122,2208,4947,2395,2552,4326,2091,2235,2469,1216,1253,618,289,329,
3115,2481,1198,1283,4337,2128,2209,4955,2401,2554,4333,2094,2239,2473,1218,1255,619,290,329,
3120,2485,1200,1285,4344,2129,2215,4963,2404,2559,4340,2100,2240,2477,1219,1258,620,290,330,
3125,2489,1202,1287,4351,2133,2218,4971,2406,2565,4347,2104,2243,2481,1221,1260,621,290,331,
3130,2493,1204,1289,4358,2135,2223,4979,2411,2568,4354,2106,2248,2485,1223,1262,622,290,332,
3135,2497,1205,1292,4365,2137,2228,4987,2416,2571,4361,2108,2253,2489,1225,1264,623,291,332,
3140,2501,1208,1293,4372,2143,2229,4995,2420,2575,4368,2110,2258,2493,1226,1267,624,292,332,
3145,2505,1210,1295,4379,2149,2230,5003,2423,2580,4375,2112,2263,2497,1229,1268,625,292,333,
3150,2509,1210,1299,4386,2154,2232,5011,2427,2584,4382,2116,2266,2501,1230,1271,626,292,334,
3155,2513,1211,1302,4393,2159,2234,5019,2432,2587,4389,2120,2269,2505,1230,1275,627,293,334,
3160,2517,1214,1303,4400,2161,2239,5027,2437,2590,4396,2123,2273,2509,1232,1277,628,293,335,
3165,2521,1218,1303,4407,2164,2243,5035,2440,2595,4403,2125,2278,2513,1235,1278,629,293,336,
3170,2525,1218,1307,4414,2166,2248,5043,2447,2596,4410,2130,2280,2517,1237,1280,630,293,337,
3175,2529,1222,1307,4421,2168,2253,5051,2450,2601,4417,2135,2282,2521,1238,1283,631,294,337,
3180,2533,1224,1309,4428,2172,2256,5059,2455,2604,4424,2138,2286,2525,1240,1285,632,294,338,
3185,2537,1226,1311,4435,2174,2261,5067,2457,2610,4431,2141,2290,2529,1242,1287,633,295,338,
3190,2541,1226,1315,4442,2179,2263,5075,2461,2614,4438,2145,2293,2533,1244,1289,634,295,339,
3195,2545,1226,1319,4449,2183,2266,5083,2465,2618,4445,2150,2295,2537,1247,1290,635,295,340,
3200,2549,1229,1320,4456,2184,2272,5091,2468,2623,4452,2153,2299,2541,1249,1292,636,296,340,
3205,2553,1233,1320,4463,2187,2276,5099,2472,2627,4459,2160,2299,2545,1251,1294,637,297,340,
3210,2557,1234,1323,4470,2189,2281,5107,2474,2633,4466,2166,2300,2549,1254,1295,638,297,341,
3215,2561,1235,1326,4477,2194,2283,5115,2480,2635,4473,2170,2303,2553,1254,1299,639,298,341,
3220,2565,1237,1328,4484,2195,2289,5123,2484,2639,4480,2175,2305,2557,1256,1301,640,299,341,
3225,2569,1239,1330,4491,2198,2293,5131,2488,2643,4487,2180,2307,2561,1259,1302,641,299,342,
3230,2573,1241,1332,4498,2201,2297,5139,2493,2646,4494,2183,2311,2565,1259,1306,642,300,342,
3235,2577,1242,1335,4505,2205,2300,5147,2497,2650,4501,2186,2315,2569,1261,1308,643,301,342,
3240,2581,1244,1337,4512,2209,2303,5155,2499,2656,4508,2188,2320,2573,1262,1311,644,301,343,
3245,2585,1248,1337,4519,2213,2306,5163,2500,2663,4515,2191,2324,2577,1263,1314,645,301,344,
3250,2589,1249,1340,4526,2218,2308,5171,2503,2668,4522,2195,2327,2581,1265,1316,646,302,344,
3255,2593,1251,1342,4533,2222,2311,5179,2507,2672,4529,2200,2329,2585,1267,1318,647,303,344,
3260,2597,1255,1342,4540,2228,2312,5187,2511,2676,4536,2203,2333,2589,1268,1321,648,303,345,
3265,2601,1256,1345,4547,2230,2317,5195,2512,2683,4543,2207,2336,2593,1269,1324,649,303,346,
3270,2605,1257,1348,4554,2236,2318,5203,2516,2687,4550,2209,2341,2597,1270,1327,650,304,346,
3275,2609,1257,1352,4561,2239,2322,5211,2520,2691,4557,2213,2344,2601,1270,1331,651,304,347,
3280,2613,1259,1354,4568,2244,2324,5219,2522,2697,4564,2219,2345,2605,1272,1333,652,305,347,
3285,2617,1259,1358,4575,2248,2327,5227,2525,2702,4571,2221,2350,2609,1274,1335,653,306,347,
3290,2621,1260,1361,4582,2250,2332,5235,2528,2707,4578,2224,2354,2613,1276,1337,654,307,347,
3295,2625,1260,1365,4589,2251,2338,5243,2533,2710,4585,2226,2359,2617,1278,1339,655,308,347,
3300,2629,1261,1368,4596,2252,2344,5251,2537,2714,4592,2230,2362,2621,1281,1340,656,309,347,
3305,2633,1261,1372,4603,2256,2347,5259,2542,2717,4599,2234,2365,2625,1282,1343,657,310,347,
3310,2637,1262,1375,4610,2259,2351,5267,2549,2718,4606,2237,2369,2629,1283,1346,658,311,347,
3315,2641,1263,1378,4617,2262,2355,5275,2554,2721,4613,2242,2371,2633,1284,1349,659,311,348,
3320,2645,1267,1378,4624,2265,2359,5283,2558,2725,4620,2245,2375,2637,1286,1351,660,311,349,
3325,2649,1269,1380,4631,2268,2363,5291,2561,2730,4627,2250,2377,2641,1288,1353,661,311,350,
3330,2653,1271,1382,4638,2271,2367,5299,2565,2734,4634,2255,2379,2645,1290,1355,662,311,351,
3335,2657,1273,1384,4645,2272,2373,5307,2570,2737,4641,2258,2383,2649,1291,1358,663,311,352,
3340,2661,1274,1387,4652,2275,2377,5315,2573,2742,4648,2260,2388,2653,1294,1359,664,312,352,
3345,2665,1274,1391,4659,2282,2377,5323,2581,2742,4655,2265,2390,2657,1297,1360,665,313,352,
3350,2669,1275,1394,4666,2285,2381,5331,2583,2748,4662,2268,2394,2661,1301,1360,666,314,352,
3355,2673,1276,1397,4673,2292,2381,5339,2587,2752,4669,2271,2398,2665,1301,1364,667,314,353,
3360,2677,1277,1400,4680,2294,2386,5347,2589,2758,4676,2274,2402,2669,1303,1366,668,315,353,
3365,2681,1279,1402,4687,2298,2389,5355,2593,2762,4683,2278,2405,2673,1305,1368,669,315,354,
3370,2685,1280,1405,4694,2299,2395,5363,2597,2766,4690,2281,2409,2677,1308,1369,670,315,355,
3375,2689,1282,1407,4701,2303,2398,5371,2601,2770,4697,2285,2412,2681,1310,1371,671,315,356,
3380,2693,1285,1408,4708,2308,2400,5379,2605,2774,4704,2287,2417,2685,1312,1373,672,316,356,
3385,2697,1288,1409,4715,2311,2404,5387,2608,2779,4711,2293,2418,2689,1314,1375,673,316,357,
3390,2701,1290,1411,4722,2313,2409,5395,2611,2784,4718,2297,2421,2693,1317,1376,674,317,357,
3395,2705,1294,1411,4729,2317,2412,5403,2613,2790,4725,2300,2425,2697,1319,1378,675,318,357,
3400,2709,1294,1415,4736,2320,2416,5411,2616,2795,4732,2303,2429,2701,1319,1382,676,318,358,
3405,2713,1296,1417,4743,2325,2418,5419,2621,2798,4739,2305,2434,2705,1322,1383,677,318,359,
3410,2717,1299,1418,4750,2325,2425,5427,2625,2802,4746,2307,2439,2709,1323,1386,678,318,360,
3415,2721,1301,1420,4757,2327,2430,5435,2629,2806,4753,2310,2443,2713,1326,1387,679,319,360,
3420,2725,1303,1422,4764,2333,2431,5443,2632,2811,4760,2311,2449,2717,1329,1388,680,320,360,
3425,2729,1304,1425,4771,2338,2433,5451,2635,2816,4767,2314,2453,2721,1329,1392,681,320,361,
3430,2733,1306,1427,4778,2341,2437,5459,2639,2820,4774,2317,2457,2725,1333,1392,682,320,362,
3435,2737,1308,1429,4785,2344,2441,5467,2642,2825,4781,2319,2462,2729,1334,1395,683,321,362,
3440,2741,1310,1431,4792,2348,2444,5475,2644,2831,4788,2323,2465,2733,1335,1398,684,322,362,
3445,2745,1312,1433,4799,2353,2446,5483,2647,2836,4795,2330,2465,2737,1337,1400,685,322,363,
3450,2749,1315,1434,4806,2354,2452,5491,2652,2839,4802,2334,2468,2741,1339,1402,686,322,364,
3455,2753,1316,1437,4813,2359,2454,5499,2656,2843,4809,2337,2472,2745,1340,1405,687,322,365,
3460,2757,1318,1439,4820,2363,2457,5507,2658,2849,4816,2340,2476,2749,1341,1408,688,322,366,
3465,2761,1320,1441,4827,2367,2460,5515,2660,2855,4823,2344,2479,2753,1343,1410,689,322,367,
3470,2765,1321,1444,4834,2373,2461,5523,2664,2859,4830,2347,2483,2757,1346,1411,690,323,367,
3475,2769,1322,1447,4841,2377,2464,5531,2666,2865,4837,2350,2487,2761,1348,1413,691,323,368,
3480,2773,1323,1450,4848,2381,2467,5539,2670,2869,4844,2356,2488,2765,1351,1414,692,323,369,
3485,2777,1325,1452,4855,2386,2469,5547,2674,2873,4851,2362,2489,2769,1353,1416,693,323,370,
3490,2781,1326,1455,4862,2388,2474,5555,2677,2878,4858,2363,2495,2773,1355,1418,694,324,370,
3495,2785,1328,1457,4869,2393,2476,5563,2680,2883,4865,2366,2499,2777,1357,1420,695,325,370,
3500,2789,1329,1460,4876,2399,2477,5571,2684,2887,4872,2370,2502,2781,1361,1420,696,326,370,
3505,2793,1331,1462,4883,2404,2479,5579,2688,2891,4879,2374,2505,2785,1364,1421,697,327,370,
3510,2797,1333,1464,4890,2407,2483,5587,2691,2896,4886,2377,2509,2789,1367,1422,698,327,371,
3515,2801,1333,1468,4897,2411,2486,5595,2693,2902,4893,2383,2510,2793,1369,1424,699,328,371,
3520,2805,1335,1470,4904,2417,2487,5603,2698,2905,4900,2387,2513,2797,1370,1427,700,328,372,
3525,2809,1335,1474,4911,2423,2488,5611,2703,2908,4907,2388,2519,2801,1370,1431,701,328,373,
3530,2813,1336,1477,4918,2427,2491,5619,2706,2913,4914,2392,2522,2805,1372,1433,702,329,373,
3535,2817,1336,1481,4925,2430,2495,5627,2709,2918,4921,2395,2526,2809,1374,1435,703,329,374,
3540,2821,1338,1483,4932,2432,2500,5635,2713,2922,4928,2399,2529,2813,1377,1436,704,329,375,
3545,2825,1342,1483,4939,2436,2503,5643,2717,2926,4935,2404,2531,2817,1380,1437,705,329,376,
3550,2829,1344,1485,4946,2441,2505,5651,2722,2929,4942,2407,2535,2821,1382,1439,706,330,376,
3555,2833,1345,1488,4953,2444,2509,5659,2727,2932,4949,2410,2539,2825,1384,1441,707,331,376,
3560,2837,1349,1488,4960,2448,2512,5667,2733,2934,4956,2411,2545,2829,1386,1443,708,332,376,
3565,2841,1352,1489,4967,2449,2518,5675,2735,2940,4963,2416,2547,2833,1389,1444,709,332,377,
3570,2845,1353,1492,4974,2454,2520,5683,2738,2945,4970,2419,2551,2837,1389,1448,710,333,377,
3575,2849,1356,1493,4981,2458,2523,5691,2742,2949,4977,2420,2557,2841,1390,1451,711,333,378,
3580,2853,1358,1495,4988,2462,2526,5699,2747,2952,4984,2421,2563,2845,1391,1454,712,333,379,
3585,2857,1361,1496,4995,2466,2529,5707,2750,2957,4991,2423,2568,2849,1393,1456,713,333,380,
3590,2861,1362,1499,5002,2470,2532,5715,2752,2963,4998,2427,2571,2853,1394,1459,714,334,380,
3595,2865,1363,1502,5009,2473,2536,5723,2757,2966,5005,2428,2577,2857,1395,1462,715,334,381,
3600,2869,1366,1503,5016,2477,2539,5731,2760,2971,5012,2430,2582,2861,1397,1464,716,334,382,
3605,2873,1369,1504,5023,2479,2544,5739,2762,2977,5019,2433,2586,2865,1399,1466,717,335,382,
3610,2877,1369,1508,5030,2483,2547,5747,2767,2980,5026,2435,2591,2869,1400,1469,718,335,383,
3615,2881,1371,1510,5037,2487,2550,5755,2769,2986,5033,2438,2595,2873,1402,1471,719,336,383,
3620,2885,1372,1513,5044,2488,2556,5763,2775,2988,5040,2442,2598,2877,1404,1473,720,337,383,
3625,2889,1374,1515,5051,2490,2561,5771,2777,2994,5047,2446,2601,2881,1405,1476,721,337,384,
3630,2893,1376,1517,5058,2494,2564,5779,2784,2995,5054,2449,2605,2885,1407,1478,722,337,385,
3635,2897,1378,1519,5065,2499,2566,5787,2788,2999,5061,2452,2609,2889,1409,1480,723,338,385,
3640,2901,1379,1522,5072,2502,2570,5795,2793,3002,5068,2457,2611,2893,1410,1483,724,338,386,
3645,2905,1379,1526,5079,2505,2574,5803,2796,3007,5075,2460,2615,2897,1412,1485,725,338,387,
3650,2909,1381,1528,5086,2508,2578,5811,2800,3011,5082,2464,2618,2901,1413,1488,726,338,388,
3655,2913,1383,1530,5093,2511,2582,5819,2802,3017,5089,2468,2621,2905,1417,1488,727,339,388,
3660,2917,1386,1531,5100,2515,2585,5827,2807,3020,5096,2470,2626,2909,1418,1491,728,339,389,
3665,2921,1390,1531,5107,2516,2591,5835,2812,3023,5103,2473,2630,2913,1421,1492,729,339,390,
3670,2925,1391,1534,5114,2520,2594,5843,2818,3025,5110,2477,2633,2917,1422,1495,730,340,390,
3675,2929,1394,1535,5121,2524,2597,5851,2822,3029,5117,2479,2638,2921,1424,1497,731,340,391,
3680,2933,1396,1537,5128,2529,2599,5859,2824,3035,5124,2481,2643,2925,1428,1497,732,340,392,
3685,2937,1397,1540,5135,2533,2602,5867,2827,3040,5131,2484,2647,2929,1430,1499,733,340,393,
3690,2941,1400,1541,5142,2536,2606,5875,2832,3043,5138,2488,2650,2933,1430,1503,734,340,394,
3695,2945,1403,1542,5149,2539,2610,5883,2834,3049,5145,2493,2652,2937,1433,1504,735,340,395,
3700,2949,1406,1543,5156,2541,2615,5891,2839,3052,5152,2495,2657,2941,1435,1506,736,341,395,
3705,2953,1410,1543,5163,2543,2620,5899,2843,3056,5159,2497,2662,2945,1439,1506,737,342,395,
3710,2957,1413,1544,5170,2546,2624,5907,2846,3061,5166,2503,2663,2949,1442,1507,738,343,395,
3715,2961,1414,1547,5177,2549,2628,5915,2850,3065,5173,2507,2666,2953,1444,1509,739,344,395,
3720,2965,1417,1548,5184,2551,2633,5923,2853,3070,5180,2513,2667,2957,1447,1510,740,345,395,
3725,2969,1420,1549,5191,2553,2638,5931,2857,3074,5187,2516,2671,2961,1449,1512,741,345,396,
3730,2973,1421,1552,5198,2558,2640,5939,2861,3078,5194,2520,2674,2965,1452,1513,742,345,397,
3735,2977,1424,1553,5205,2563,2642,5947,2863,3084,5201,2524,2677,2969,1454,1515,743,345,398,
3740,2981,1427,1554,5212,2566,2646,5955,2866,3089,5208,2526,2682,2973,1456,1517,744,346,398,
3745,2985,1429,1556,5219,2571,2648,5963,2869,3094,5215,2529,2686,2977,1457,1520,745,347,398,
3750,2989,1432,1557,5226,2573,2653,5971,2874,3097,5222,2531,2691,2981,1460,1521,746,347,399,
3755,2993,1432,1561,5233,2578,2655,5979,2880,3099,5229,2533,2696,2985,1462,1523,747,348,399,
3760,2997,1432,1565,5240,2579,2661,5987,2883,3104,5236,2535,2701,2989,1464,1525,748,348,400,
3765,3001,1434,1567,5247,2583,2664,5995,2888,3107,5243,2539,2704,2993,1466,1527,749,348,401,
3770,3005,1435,1570,5254,2586,2668,6003,2890,3113,5250,2541,2709,2997,1466,1531,750,349,401,
3775,3009,1438,1571,5261,2591,2670,6011,2895,3116,5257,2545,2712,3001,1469,1532,751,350,401,
3780,3013,1440,1573,5268,2594,2674,6019,2898,3121,5264,2547,2717,3005,1471,1534,752,350,402,
3785,3017,1443,1574,5275,2597,2678,6027,2903,3124,5271,2551,2720,3009,1472,1537,753,350,403,
3790,3021,1444,1577,5282,2601,2681,6035,2905,3130,5278,2552,2726,3013,1473,1540,754,351,403,
3795,3025,1446,1579,5289,2604,2685,6043,2907,3136,5285,2557,2728,3017,1475,1542,755,351,404,
3800,3029,1447,1582,5296,2610,2686,6051,2912,3139,5292,2563,2729,3021,1476,1545,756,351,405,
3805,3033,1449,1584,5303,2611,2692,6059,2916,3143,5299,2565,2734,3025,1478,1547,757,352,405,
3810,3037,1451,1586,5310,2615,2695,6067,2920,3147,5306,2569,2737,3029,1480,1549,758,353,405,
3815,3041,1453,1588,5317,2617,2700,6075,2926,3149,5313,2573,2740,3033,1481,1552,759,354,405,
3820,3045,1455,1590,5324,2621,2703,6083,2932,3151,5320,2576,2744,3037,1482,1555,760,355,405,
3825,3049,1456,1593,5331,2624,2707,6091,2937,3154,5327,2579,2748,3041,1484,1557,761,356,405,
3830,3053,1458,1595,5338,2626,2712,6099,2941,3158,5334,2582,2752,3045,1486,1559,762,357,405,
3835,3057,1461,1596,5345,2627,2718,6107,2947,3160,5341,2584,2757,3049,1488,1561,763,357,406,
3840,3061,1462,1599,5352,2629,2723,6115,2951,3164,5348,2587,2761,3053,1491,1562,764,357,407,
3845,3065,1465,1600,5359,2631,2728,6123,2955,3168,5355,2590,2765,3057,1495,1562,765,357,408,
3850,3069,1466,1603,5366,2632,2734,6131,2958,3173,5362,2591,2771,3061,1498,1563,766,358,408,
3855,3073,1469,1604,5373,2634,2739,6139,2960,3179,5369,2591,2778,3065,1500,1565,767,358,409,
3860,3077,1470,1607,5380,2639,2741,6147,2965,3182,5376,2595,2781,3069,1502,1567,768,358,410,
3865,3081,1472,1609,5387,2643,2744,6155,2971,3184,5383,2598,2785,3073,1504,1569,769,359,410,
3870,3085,1473,1612,5394,2649,2745,6163,2975,3188,5390,2602,2788,3077,1507,1570,770,360,410,
3875,3089,1474,1615,5401,2653,2748,6171,2979,3192,5397,2607,2790,3081,1511,1570,771,360,411,
3880,3093,1476,1617,5408,2657,2751,6179,2983,3196,5404,2611,2793,3085,1513,1572,772,360,412,
3885,3097,1479,1618,5415,2659,2756,6187,2984,3203,5411,2615,2796,3089,1514,1575,773,361,412,
3890,3101,1482,1619,5422,2663,2759,6195,2991,3204,5418,2617,2801,3093,1517,1576,774,362,412,
3895,3105,1484,1621,5429,2666,2763,6203,2996,3207,5425,2621,2804,3097,1518,1579,775,363,412,
3900,3109,1487,1622,5436,2669,2767,6211,3000,3211,5432,2624,2808,3101,1519,1582,776,363,413,
3905,3113,1488,1625,5443,2673,2770,6219,3005,3214,5439,2624,2815,3105,1521,1584,777,364,413,
3910,3117,1489,1628,5450,2678,2772,6227,3008,3219,5446,2626,2820,3109,1522,1587,778,364,414,
3915,3121,1490,1631,5457,2682,2775,6235,3010,3225,5453,2628,2825,3113,1523,1590,779,365,414,
3920,3125,1491,1634,5464,2684,2780,6243,3013,3230,5460,2630,2830,3117,1526,1591,780,366,414,
3925,3129,1493,1636,5471,2686,2785,6251,3017,3234,5467,2634,2833,3121,1529,1592,781,366,415,
3930,3133,1494,1639,5478,2690,2788,6259,3021,3238,5474,2636,2838,3125,1530,1595,782,367,415,
3935,3137,1497,1640,5485,2693,2792,6267,3025,3242,5481,2637,2844,3129,1531,1598,783,368,415,
3940,3141,1498,1643,5492,2696,2796,6275,3030,3245,5488,2642,2846,3133,1532,1601,784,369,415,
3945,3145,1501,1644,5499,2698,2801,6283,3034,3249,5495,2647,2848,3137,1535,1602,785,370,415,
3950,3149,1502,1647,5506,2701,2805,6291,3038,3253,5502,2652,2850,3141,1538,1603,786,370,416,
3955,3153,1505,1648,5513,2703,2810,6299,3042,3257,5509,2658,2851,3145,1539,1606,787,371,416,
3960,3157,1507,1650,5520,2706,2814,6307,3044,3263,5516,2659,2857,3149,1540,1609,788,372,416,
3965,3161,1510,1651,5527,2710,2817,6315,3048,3267,5523,2661,2862,3153,1541,1612,789,372,417,
3970,3165,1512,1653,5534,2712,2822,6323,3053,3270,5530,2666,2864,3157,1542,1615,790,372,418,
3975,3169,1515,1654,5541,2715,2826,6331,3058,3273,5537,2669,2868,3161,1544,1617,791,373,418,
3980,3173,1516,1657,5548,2719,2829,6339,3064,3275,5544,2671,2873,3165,1548,1617,792,374,418,
3985,3177,1517,1660,5555,2721,2834,6347,3068,3279,5551,2673,2878,3169,1550,1619,793,374,419,
3990,3181,1518,1663,5562,2725,2837,6355,3072,3283,5558,2676,2882,3173,1550,1623,794,375,419,
3995,3185,1520,1665,5569,2729,2840,6363,3076,3287,5565,2679,2886,3177,1550,1627,795,375,420,
4000,3189,1522,1667,5576,2730,2846,6371,3078,3293,5572,2681,2891,3181,1551,1630,796,376,420,
4005,3193,1525,1668,5583,2734,2849,6379,3082,3297,5579,2685,2894,3185,1555,1630,797,376,421,
4010,3197,1526,1671,5590,2739,2851,6387,3085,3302,5586,2689,2897,3189,1556,1633,798,377,421,
4015,3201,1530,1671,5597,2742,2855,6395,3088,3307,5593,2692,2901,3193,1558,1635,799,377,422,
4020,3205,1533,1672,5604,2747,2857,6403,3092,3311,5600,2696,2904,3197,1560,1637,800,377,423,
4025,3209,1537,1672,5611,2750,2861,6411,3096,3315,5607,2701,2906,3201,1561,1640,801,377,424,
4030,3213,1541,1672,5618,2753,2865,6419,3101,3318,5614,2705,2909,3205,1562,1643,802,377,425,
4035,3217,1541,1676,5625,2754,2871,6427,3103,3324,5621,2708,2913,3209,1565,1644,803,378,425,
4040,3221,1543,1678,5632,2758,2874,6435,3104,3331,5628,2711,2917,3213,1568,1645,804,379,425,
4045,3225,1546,1679,5639,2759,2880,6443,3108,3335,5635,2715,2920,3217,1570,1647,805,379,426,
4050,3229,1546,1683,5646,2762,2884,6451,3109,3342,5642,2719,2923,3221,1571,1650,806,380,426,
4055,3233,1546,1687,5653,2764,2889,6459,3111,3348,5649,2720,2929,3225,1573,1652,807,381,426,
4060,3237,1548,1689,5660,2767,2893,6467,3117,3350,5656,2723,2933,3229,1575,1654,808,381,427,
4065,3241,1549,1692,5667,2771,2896,6475,3121,3354,5663,2726,2937,3233,1575,1658,809,382,427,
4070,3245,1551,1694,5674,2777,2897,6483,3122,3361,5670,2731,2939,3237,1578,1659,810,383,427,
4075,3249,1551,1698,5681,2781,2900,6491,3128,3363,5677,2732,2945,3241,1580,1661,811,383,428,
4080,3253,1552,1701,5688,2785,2903,6499,3134,3365,5684,2736,2948,3245,1582,1663,812,384,428,
4085,3257,1555,1702,5695,2787,2908,6507,3135,3372,5691,2739,2952,3249,1585,1664,813,385,428,
4090,3261,1556,1705,5702,2789,2913,6515,3139,3376,5698,2744,2954,3253,1588,1665,814,385,429,
4095,3265,1558,1707,5709,2793,2916,6523,3143,3380,5705,2746,2959,3257,1589,1668,815,386,429,
4100,3269,1559,1710,5716,2795,2921,6531,3145,3386,5712,2748,2964,3261,1591,1670,816,387,429,
4105,3273,1561,1712,5723,2798,2925,6539,3149,3390,5719,2750,2969,3265,1593,1672,817,387,430,
4110,3277,1562,1715,5730,2802,2928,6547,3153,3394,5726,2754,2972,3269,1595,1674,818,387,431,
4115,3281,1562,1719,5737,2806,2931,6555,3155,3400,5733,2756,2977,3273,1596,1677,819,388,431,
4120,3285,1564,1721,5744,2811,2933,6563,3159,3404,5740,2758,2982,3277,1598,1679,820,388,432,
4125,3289,1565,1724,5751,2814,2937,6571,3162,3409,5747,2760,2987,3281,1599,1682,821,388,433,
4130,3293,1566,1727,5758,2816,2942,6579,3167,3412,5754,2763,2991,3285,1601,1684,822,389,433,
4135,3297,1567,1730,5765,2819,2946,6587,3170,3417,5761,2766,2995,3289,1603,1686,823,390,433,
4140,3301,1570,1731,5772,2821,2951,6595,3173,3422,5768,2769,2999,3293,1606,1687,824,391,433,
4145,3305,1571,1734,5779,2824,2955,6603,3175,3428,5775,2773,3002,3297,1609,1688,825,391,434,
4150,3309,1573,1736,5786,2826,2960,6611,3180,3431,5782,2778,3004,3301,1611,1690,826,392,434,
4155,3313,1573,1740,5793,2831,2962,6619,3184,3435,5789,2784,3005,3305,1612,1693,827,392,435,
4160,3317,1576,1741,5800,2835,2965,6627,3188,3439,5796,2788,3008,3309,1614,1695,828,393,435,
4165,3321,1579,1742,5807,2842,2965,6635,3191,3444,5803,2792,3011,3313,1616,1697,829,394,435,
4170,3325,1581,1744,5814,2845,2969,6643,3193,3450,5810,2796,3014,3317,1617,1700,830,395,435,
4175,3329,1582,1747,5821,2849,2972,6651,3196,3455,5817,2798,3019,3321,1618,1703,831,396,435,
4180,3333,1584,1749,5828,2854,2974,6659,3201,3458,5824,2801,3023,3325,1620,1705,832,396,436,
4185,3337,1588,1749,5835,2859,2976,6667,3204,3463,5831,2803,3028,3329,1622,1707,833,397,436,
4190,3341,1590,1751,5842,2863,2979,6675,3207,3468,5838,2806,3032,3333,1624,1709,834,398,436,
4195,3345,1591,1754,5849,2868,2981,6683,3208,3475,5845,2808,3037,3337,1625,1712,835,398,437,
4200,3349,1593,1756,5856,2874,2982,6691,3213,3478,5852,2810,3042,3341,1626,1715,836,398,438,
4205,3353,1595,1758,5863,2877,2986,6699,3216,3483,5859,2813,3046,3345,1629,1716,837,399,438,
4210,3357,1596,1761,5870,2881,2989,6707,3219,3488,5866,2817,3049,3349,1630,1719,838,400,438,
4215,3361,1599,1762,5877,2885,2992,6715,3224,3491,5873,2821,3052,3353,1632,1721,839,400,439,
4220,3365,1602,1763,5884,2888,2996,6723,3227,3496,5880,2825,3055,3357,1635,1722,840,401,439,
4225,3369,1603,1766,5891,2892,2999,6731,3231,3500,5887,2829,3058,3361,1636,1725,841,401,440,
4230,3373,1604,1769,5898,2896,3002,6739,3235,3504,5894,2833,3061,3365,1637,1728,842,401,441,
4235,3377,1606,1771,5905,2898,3007,6747,3238,3509,5901,2834,3067,3369,1638,1731,843,402,441,
4240,3381,1608,1773,5912,2901,3011,6755,3241,3514,5908,2836,3072,3373,1639,1734,844,402,442,
4245,3385,1612,1773,5919,2906,3013,6763,3245,3518,5915,2841,3074,3377,1642,1735,845,402,443,
4250,3389,1616,1773,5926,2911,3015,6771,3249,3522,5922,2843,3079,3381,1645,1736,846,402,444,
4255,3393,1618,1775,5933,2916,3017,6779,3253,3526,5929,2847,3082,3385,1648,1737,847,402,445,
4260,3397,1619,1778,5940,2920,3020,6787,3257,3530,5936,2852,3084,3389,1650,1739,848,402,446,
4265,3401,1621,1780,5947,2924,3023,6795,3258,3537,5943,2856,3087,3393,1653,1740,849,402,447,
4270,3405,1623,1782,5954,2929,3025,6803,3264,3539,5950,2860,3090,3397,1653,1744,850,402,448,
4275,3409,1625,1784,5961,2929,3032,6811,3268,3543,5957,2863,3094,3401,1655,1746,851,402,449,
4280,3413,1629,1784,5968,2933,3035,6819,3272,3547,5964,2866,3098,3405,1658,1747,852,403,449,
4285,3417,1632,1785,5975,2937,3038,6827,3276,3551,5971,2869,3102,3409,1659,1750,853,403,450,
4290,3421,1634,1787,5982,2940,3042,6835,3280,3555,5978,2872,3106,3413,1662,1751,854,403,451,
4295,3425,1638,1787,5989,2945,3044,6843,3282,3561,5985,2877,3108,3417,1663,1754,855,403,452,
4300,3429,1638,1791,5996,2948,3048,6851,3288,3563,5992,2880,3112,3421,1667,1754,856,403,453,
4305,3433,1640,1793,6003,2951,3052,6859,3290,3569,5999,2883,3116,3425,1669,1756,857,403,454,
4310,3437,1640,1797,6010,2955,3055,6867,3296,3571,6006,2886,3120,3429,1672,1757,858,403,455,
4315,3441,1642,1799,6017,2959,3058,6875,3300,3575,6013,2890,3123,3433,1673,1760,859,403,456,
4320,3445,1644,1801,6024,2963,3061,6883,3303,3580,6020,2894,3126,3437,1674,1763,860,403,457,
4325,3449,1645,1804,6031,2967,3064,6891,3307,3584,6027,2897,3130,3441,1678,1763,861,404,457,
4330,3453,1647,1806,6038,2970,3068,6899,3309,3590,6034,2900,3134,3445,1682,1763,862,404,458,
4335,3457,1650,1807,6045,2974,3071,6907,3314,3593,6041,2902,3139,3449,1685,1764,863,404,459,
4340,3461,1651,1810,6052,2980,3072,6915,3319,3596,6048,2905,3143,3453,1686,1767,864,405,459,
4345,3465,1652,1813,6059,2983,3076,6923,3323,3600,6055,2910,3145,3457,1689,1768,865,405,460,
4350,3469,1655,1814,6066,2987,3079,6931,3330,3601,6062,2917,3145,3461,1692,1769,866,406,460,
4355,3473,1657,1816,6073,2993,3080,6939,3332,3607,6069,2919,3150,3465,1693,1772,867,406,461,
4360,3477,1659,1818,6080,2996,3084,6947,3336,3611,6076,2921,3155,3469,1694,1775,868,407,461,
4365,3481,1660,1821,6087,3001,3086,6955,3341,3614,6083,2924,3159,3473,1696,1777,869,407,462,
4370,3485,1663,1822,6094,3003,3091,6963,3347,3616,6090,2928,3162,3477,1698,1779,870,407,463,
4375,3489,1666,1823,6101,3005,3096,6971,3351,3620,6097,2932,3165,3481,1700,1781,871,408,463,
4380,3493,1667,1826,6108,3009,3099,6979,3355,3624,6104,2936,3168,3485,1704,1781,872,408,464,
4385,3497,1668,1829,6115,3015,3100,6987,3360,3627,6111,2941,3170,3489,1706,1783,873,409,464,
4390,3501,1671,1830,6122,3016,3106,6995,3365,3630,6118,2945,3173,3493,1708,1785,874,410,464,
4395,3505,1674,1831,6129,3019,3110,7003,3371,3632,6125,2948,3177,3497,1710,1787,875,411,464,
4400,3509,1676,1833,6136,3025,3111,7011,3372,3639,6132,2953,3179,3501,1712,1789,876,412,464,
4405,3513,1677,1836,6143,3026,3117,7019,3376,3643,6139,2956,3183,3505,1715,1790,877,412,465,
4410,3517,1678,1839,6150,3030,3120,7027,3381,3646,6146,2957,3189,3509,1717,1792,878,412,466,
4415,3521,1680,1841,6157,3037,3120,7035,3386,3649,6153,2959,3194,3513,1720,1793,879,413,466,
4420,3525,1681,1844,6164,3040,3124,7043,3392,3651,6160,2964,3196,3517,1722,1795,880,414,466,
4425,3529,1682,1847,6171,3044,3127,7051,3395,3656,6167,2969,3198,3521,1724,1797,881,415,466,
4430,3533,1682,1851,6178,3047,3131,7059,3399,3660,6174,2972,3202,3525,1724,1801,882,415,467,
4435,3537,1684,1853,6185,3050,3135,7067,3405,3662,6181,2975,3206,3529,1728,1801,883,415,468,
4440,3541,1686,1855,6192,3052,3140,7075,3409,3666,6188,2977,3211,3533,1730,1803,884,415,469,
4445,3545,1687,1858,6199,3052,3147,7083,3413,3670,6195,2980,3215,3537,1732,1805,885,416,469,
4450,3549,1690,1859,6206,3054,3152,7091,3413,3678,6202,2985,3217,3541,1733,1808,886,416,470,
4455,3553,1690,1863,6213,3057,3156,7099,3418,3681,6209,2988,3221,3545,1735,1810,887,417,470,
4460,3557,1692,1865,6220,3061,3159,7107,3420,3687,6216,2991,3225,3549,1736,1813,888,418,470,
4465,3561,1693,1868,6227,3064,3163,7115,3426,3689,6223,2994,3229,3553,1738,1815,889,418,471,
4470,3565,1694,1871,6234,3068,3166,7123,3429,3694,6230,2996,3234,3557,1739,1818,890,419,471,
4475,3569,1694,1875,6241,3070,3171,7131,3429,3702,6237,3001,3236,3561,1741,1820,891,420,471,
4480,3573,1694,1879,6248,3073,3175,7139,3432,3707,6244,3005,3239,3565,1742,1823,892,421,471,
4485,3577,1698,1879,6255,3076,3179,7147,3437,3710,6251,3008,3243,3569,1743,1826,893,422,471,
4490,3581,1699,1882,6262,3078,3184,7155,3442,3713,6258,3009,3249,3573,1745,1828,894,422,472,
4495,3585,1701,1884,6269,3080,3189,7163,3445,3718,6265,3011,3254,3577,1746,1831,895,423,472,
4500,3589,1703,1886,6276,3085,3191,7171,3452,3719,6272,3016,3256,3581,1747,1834,896,424,472,
4505,3593,1705,1888,6283,3087,3196,7179,3455,3724,6279,3017,3262,3585,1748,1837,897,424,473,
4510,3597,1706,1891,6290,3089,3201,7187,3459,3728,6286,3022,3264,3589,1750,1839,898,425,473,
4515,3601,1707,1894,6297,3092,3205,7195,3461,3734,6293,3028,3265,3593,1752,1841,899,425,474,
4520,3605,1711,1894,6304,3096,3208,7203,3465,3738,6300,3032,3268,3597,1754,1843,900,426,474,
4525,3609,1711,1898,6311,3100,3211,7211,3470,3741,6307,3035,3272,3601,1757,1844,901,427,474,
4530,3613,1713,1900,6318,3101,3217,7219,3473,3746,6314,3040,3274,3605,1761,1844,902,427,475,
4535,3617,1714,1903,6325,3106,3219,7227,3475,3752,6321,3043,3278,3609,1762,1847,903,428,475,
4540,3621,1714,1907,6332,3109,3223,7235,3479,3756,6328,3046,3282,3613,1765,1848,904,429,475,
4545,3625,1715,1910,6339,3113,3226,7243,3484,3759,6335,3051,3284,3617,1767,1850,905,429,476,
4550,3629,1717,1912,6346,3114,3232,7251,3487,3764,6342,3054,3288,3621,1769,1852,906,429,477,
4555,3633,1719,1914,6353,3115,3238,7259,3488,3771,6349,3058,3291,3625,1770,1855,907,430,477,
4560,3637,1721,1916,6360,3119,3241,7267,3493,3774,6356,3062,3294,3629,1770,1859,908,430,478,
4565,3641,1724,1917,6367,3124,3243,7275,3495,3780,6363,3064,3299,3633,1773,1860,909,430,479,
4570,3645,1726,1919,6374,3127,3247,7283,3499,3784,6370,3068,3302,3637,1775,1862,910,431,479,
4575,3649,1727,1922,6381,3131,3250,7291,3503,3788,6377,3073,3304,3641,1778,1863,911,431,480,
4580,3653,1729,1924,6388,3134,3254,7299,3506,3793,6384,3074,3310,3645,1781,1864,912,431,481,
4585,3657,1732,1925,6395,3138,3257,7307,3509,3798,6391,3079,3312,3649,1783,1866,913,432,481,
4590,3661,1733,1928,6402,3140,3262,7315,3512,3803,6398,3080,3318,3653,1783,1870,914,432,482,
4595,3665,1734,1931,6409,3143,3266,7323,3516,3807,6405,3082,3323,3657,1786,1871,915,432,483,
4600,3669,1737,1932,6416,3145,3271,7331,3519,3812,6412,3083,3329,3661,1789,1872,916,432,484,
4605,3673,1740,1933,6423,3147,3276,7339,3522,3817,6419,3087,3332,3665,1791,1874,917,432,485,
4610,3677,1742,1935,6430,3150,3280,7347,3527,3820,6426,3092,3334,3669,1792,1877,918,433,485,
4615,3681,1746,1935,6437,3153,3284,7355,3530,3825,6433,3095,3338,3673,1794,1879,919,433,486,
4620,3685,1747,1938,6444,3158,3286,7363,3534,3829,6440,3099,3341,3677,1798,1879,920,434,486,
4625,3689,1748,1941,6451,3162,3289,7371,3537,3834,6447,3102,3345,3681,1801,1880,921,434,487,
4630,3693,1749,1944,6458,3165,3293,7379,3540,3839,6454,3104,3350,3685,1804,1881,922,434,488,
4635,3697,1751,1946,6465,3171,3294,7387,3544,3843,6461,3108,3353,3689,1806,1883,923,435,488,
4640,3701,1752,1949,6472,3174,3298,7395,3546,3849,6468,3110,3358,3693,1807,1886,924,435,489,
4645,3705,1754,1951,6479,3177,3302,7403,3552,3851,6475,3110,3365,3697,1809,1888,925,435,490,
4650,3709,1756,1953,6486,3182,3304,7411,3556,3855,6482,3112,3370,3701,1811,1890,926,436,490,
4655,3713,1759,1954,6493,3187,3306,7419,3561,3858,6489,3116,3373,3705,1813,1892,927,436,491,
4660,3717,1761,1956,6500,3190,3310,7427,3568,3859,6496,3118,3378,3709,1814,1895,928,436,492,
4665,3721,1761,1960,6507,3195,3312,7435,3571,3864,6503,3123,3380,3713,1815,1898,929,437,492,
4670,3725,1762,1963,6514,3197,3317,7443,3575,3868,6510,3126,3384,3717,1817,1900,930,438,492,
4675,3729,1764,1965,6521,3202,3319,7451,3579,3872,6517,3129,3388,3721,1818,1903,931,438,493,
4680,3733,1766,1967,6528,3205,3323,7459,3582,3877,6524,3131,3393,3725,1819,1906,932,438,494,
4685,3737,1768,1969,6535,3209,3326,7467,3586,3881,6531,3136,3395,3729,1819,1910,933,438,495,
4690,3741,1771,1970,6542,3212,3330,7475,3590,3885,6538,3140,3398,3733,1822,1911,934,438,496,
4695,3745,1773,1972,6549,3214,3335,7483,3593,3890,6545,3141,3404,3737,1825,1912,935,439,496,
4700,3749,1774,1975,6556,3217,3339,7491,3596,3895,6552,3142,3410,3741,1825,1916,936,439,497,
4705,3753,1776,1977,6563,3220,3343,7499,3600,3899,6559,3143,3416,3745,1827,1918,937,440,497,
4710,3757,1777,1980,6570,3223,3347,7507,3606,3901,6566,3145,3421,3749,1831,1918,938,440,498,
4715,3761,1778,1983,6577,3227,3350,7515,3609,3906,6573,3150,3423,3753,1833,1920,939,441,498,
4720,3765,1781,1984,6584,3231,3353,7523,3613,3910,6580,3153,3427,3757,1834,1923,940,441,499,
4725,3769,1784,1985,6591,3233,3358,7531,3618,3913,6587,3157,3430,3761,1836,1925,941,441,500,
4730,3773,1786,1987,6598,3238,3360,7539,3621,3918,6594,3160,3434,3765,1839,1926,942,441,501,
4735,3777,1788,1989,6605,3243,3362,7547,3626,3921,6601,3165,3436,3769,1842,1927,943,442,501,
4740,3781,1790,1991,6612,3245,3367,7555,3631,3924,6608,3169,3439,3773,1845,1928,944,442,502,
4745,3785,1793,1992,6619,3249,3370,7563,3633,3930,6615,3171,3444,3777,1848,1929,945,442,503,
4750,3789,1794,1995,6626,3250,3376,7571,3638,3933,6622,3175,3447,3781,1849,1932,946,442,504,
4755,3793,1795,1998,6633,3253,3380,7579,3641,3938,6629,3177,3452,3785,1853,1932,947,442,505,
4760,3797,1796,2001,6640,3257,3383,7587,3644,3943,6636,3182,3454,3789,1854,1935,948,442,506,
4765,3801,1798,2003,6647,3262,3385,7595,3645,3950,6643,3188,3455,3793,1854,1939,949,442,507,
4770,3805,1800,2005,6654,3268,3386,7603,3650,3953,6650,3192,3458,3797,1857,1940,950,442,508,
4775,3809,1802,2007,6661,3273,3388,7611,3652,3959,6657,3195,3462,3801,1858,1943,951,443,508,
4780,3813,1803,2010,6668,3277,3391,7619,3656,3963,6664,3200,3464,3805,1862,1943,952,444,508,
4785,3817,1805,2012,6675,3282,3393,7627,3660,3967,6671,3203,3468,3809,1865,1944,953,445,508,
4790,3821,1808,2013,6682,3287,3395,7635,3662,3973,6678,3207,3471,3813,1866,1947,954,445,509,
4795,3825,1811,2014,6689,3289,3400,7643,3667,3976,6685,3208,3477,3817,1868,1949,955,445,510,
4800,3829,1813,2016,6696,3292,3404,7651,3672,3979,6692,3213,3479,3821,1870,1951,956,446,510,
4805,3833,1816,2017,6703,3294,3409,7659,3679,3980,6699,3218,3481,3825,1872,1953,957,447,510,
4810,3837,1818,2019,6710,3298,3412,7667,3684,3983,6706,3221,3485,3829,1873,1956,958,447,511,
4815,3841,1820,2021,6717,3301,3416,7675,3688,3987,6713,3224,3489,3833,1874,1959,959,448,511,
4820,3845,1823,2022,6724,3302,3422,7683,3692,3991,6720,3228,3492,3837,1877,1960,960,449,511,
4825,3849,1826,2023,6731,3306,3425,7691,3697,3994,6727,3233,3494,3841,1880,1961,961,450,511,
4830,3853,1828,2025,6738,3311,3427,7699,3698,4001,6734,3237,3497,3845,1882,1963,962,451,511,
4835,3857,1830,2027,6745,3315,3430,7707,3703,4004,6741,3240,3501,3849,1883,1966,963,452,511,
4840,3861,1832,2029,6752,3319,3433,7715,3707,4008,6748,3242,3506,3853,1884,1969,964,452,512,
4845,3865,1835,2030,6759,3322,3437,7723,3709,4014,6755,3247,3508,3857,1887,1970,965,453,512,
4850,3869,1837,2032,6766,3324,3442,7731,3713,4018,6762,3251,3511,3861,1889,1972,966,453,513,
4855,3873,1838,2035,6773,3327,3446,7739,3718,4021,6769,3257,3512,3865,1892,1973,967,453,514,
4860,3877,1840,2037,6780,3328,3452,7747,3726,4021,6776,3259,3517,3869,1893,1976,968,454,514,
4865,3881,1842,2039,6787,3331,3456,7755,3730,4025,6783,3264,3519,3873,1895,1978,969,455,514,
4870,3885,1842,2043,6794,3332,3462,7763,3736,4027,6790,3268,3522,3877,1896,1981,970,455,515,
4875,3889,1843,2046,6801,3338,3463,7771,3739,4032,6797,3274,3523,3881,1899,1982,971,455,516,
4880,3893,1846,2047,6808,3340,3468,7779,3741,4038,6804,3276,3528,3885,1901,1984,972,456,516,
4885,3897,1849,2048,6815,3345,3470,7787,3744,4043,6811,3276,3535,3889,1901,1988,973,456,517,
4890,3901,1852,2049,6822,3347,3475,7795,3750,4045,6818,3280,3538,3893,1903,1990,974,456,518,
4895,3905,1853,2052,6829,3351,3478,7803,3753,4050,6825,3281,3544,3897,1904,1993,975,457,518,
4900,3909,1857,2052,6836,3353,3483,7811,3757,4054,6832,3286,3546,3901,1906,1995,976,457,519,
4905,3913,1859,2054,6843,3355,3488,7819,3761,4058,6839,3288,3551,3905,1908,1997,977,458,519,
4910,3917,1861,2056,6850,3358,3492,7827,3764,4063,6846,3291,3555,3909,1911,1998,978,458,520,
4915,3921,1862,2059,6857,3362,3495,7835,3767,4068,6853,3295,3558,3913,1913,2000,979,458,521,
4920,3925,1864,2061,6864,3365,3499,7843,3769,4074,6860,3299,3561,3917,1915,2002,980,459,521,
4925,3929,1866,2063,6871,3368,3503,7851,3773,4078,6867,3303,3564,3921,1918,2003,981,460,521,
4930,3933,1869,2064,6878,3372,3506,7859,3776,4083,6874,3307,3567,3925,1918,2007,982,461,521,
4935,3937,1871,2066,6885,3375,3510,7867,3780,4087,6881,3309,3572,3929,1920,2009,983,461,522,
4940,3941,1874,2067,6892,3377,3515,7875,3783,4092,6888,3313,3575,3933,1921,2012,984,462,522,
4945,3945,1875,2070,6899,3382,3517,7883,3786,4097,6895,3319,3576,3937,1923,2014,985,462,523,
4950,3949,1877,2072,6906,3386,3520,7891,3790,4101,6902,3322,3580,3941,1926,2015,986,462,524,
4955,3953,1880,2073,6913,3392,3521,7899,3796,4103,6909,3326,3583,3945,1930,2015,987,462,525,
4960,3957,1882,2075,6920,3395,3525,7907,3801,4106,6916,3328,3588,3949,1932,2017,988,463,525,
4965,3961,1884,2077,6927,3401,3526,7915,3804,4111,6923,3332,3591,3953,1934,2019,989,464,525,
4970,3965,1887,2078,6934,3405,3529,7923,3810,4113,6930,3335,3595,3957,1934,2023,990,465,525,
4975,3969,1890,2079,6941,3408,3533,7931,3812,4119,6937,3337,3600,3961,1935,2026,991,465,526,
4980,3973,1892,2081,6948,3411,3537,7939,3814,4125,6944,3340,3604,3965,1937,2028,992,465,527,
4985,3977,1896,2081,6955,3416,3539,7947,3818,4129,6951,3345,3606,3969,1939,2030,993,465,528,
4990,3981,1897,2084,6962,3420,3542,7955,3823,4132,6958,3349,3609,3973,1941,2032,994,465,529,
4995,3985,1898,2087,6969,3422,3547,7963,3827,4136,6965,3353,3612,3977,1944,2033,995,465,530,
5000,3989,1900,2089,6976,3427,3549,7971,3830,4141,6972,3354,3618,3981,1946,2035,996,466,530,
5005,3993,1901,2092,6983,3432,3551,7979,3834,4145,6979,3356,3623,3985,1948,2037,997,467,530,
5010,3997,1904,2093,6990,3435,3555,7987,3838,4149,6986,3360,3626,3989,1950,2039,998,467,531,
5015,4001,1906,2095,6997,3438,3559,7995,3843,4152,6993,3364,3629,3993,1951,2042,999,467,532,
5020,4005,1909,2096,7004,3443,3561,8003,3849,4154,7000,3367,3633,3997,1954,2043,1000,467,533,
5025,4009,1911,2098,7011,3445,3566,8011,3853,4158,7007,3371,3636,4001,1956,2045,1001,467,534,
5030,4013,1913,2100,7018,3447,3571,8019,3855,4164,7014,3377,3637,4005,1959,2046,1002,468,534,
5035,4017,1913,2104,7025,3450,3575,8027,3860,4167,7021,3380,3641,4009,1959,2050,1003,468,535,
5040,4021,1914,2107,7032,3455,3577,8035,3863,4172,7028,3384,3644,4013,1961,2052,1004,469,535,
5045,4025,1914,2111,7039,3458,3581,8043,3868,4175,7035,3388,3647,4017,1961,2056,1005,469,536,
5050,4029,1914,2115,7046,3461,3585,8051,3871,4180,7042,3390,3652,4021,1963,2058,1006,470,536,
5055,4033,1914,2119,7053,3464,3589,8059,3871,4188,7049,3393,3656,4025,1963,2062,1007,470,537,
5060,4037,1916,2121,7060,3469,3591,8067,3874,4193,7056,3397,3659,4029,1965,2064,1008,471,537,
5065,4041,1920,2121,7067,3472,3595,8075,3880,4195,7063,3401,3662,4033,1968,2065,1009,471,538,
5070,4045,1923,2122,7074,3475,3599,8083,3883,4200,7070,3404,3666,4037,1969,2068,1010,472,538,
5075,4049,1925,2124,7081,3478,3603,8091,3886,4205,7077,3408,3669,4041,1971,2070,1011,473,538,
5080,4053,1927,2126,7088,3481,3607,8099,3891,4208,7084,3411,3673,4045,1972,2073,1012,473,539,
5085,4057,1929,2128,7095,3485,3610,8107,3894,4213,7091,3416,3675,4049,1973,2076,1013,473,540,
5090,4061,1929,2132,7102,3489,3613,8115,3897,4218,7098,3420,3678,4053,1975,2078,1014,473,541,
5095,4065,1931,2134,7109,3493,3616,8123,3902,4221,7105,3424,3681,4057,1978,2079,1015,474,541,
5100,4069,1933,2136,7116,3495,3621,8131,3907,4224,7112,3427,3685,4061,1980,2081,1016,474,542,
5105,4073,1934,2139,7123,3498,3625,8139,3911,4228,7119,3431,3688,4065,1981,2084,1017,474,543,
5110,4077,1935,2142,7130,3502,3628,8147,3915,4232,7126,3431,3695,4069,1984,2085,1018,475,543,
5115,4081,1937,2144,7137,3505,3632,8155,3919,4236,7133,3433,3700,4073,1988,2085,1019,475,544,
5120,4085,1941,2144,7144,3509,3635,8163,3922,4241,7140,3436,3704,4077,1989,2088,1020,476,544,
5125,4089,1941,2148,7151,3514,3637,8171,3924,4247,7147,3438,3709,4081,1991,2090,1021,476,545,
5130,4093,1943,2150,7158,3516,3642,8179,3927,4252,7154,3441,3713,4085,1994,2091,1022,477,545,
5135,4097,1944,2153,7165,3521,3644,8187,3932,4255,7161,3445,3716,4089,1996,2093,1023,478,545,
5140,4101,1944,2157,7172,3526,3646,8195,3938,4257,7168,3450,3718,4093,1998,2095,1024,478,546,
5145,4105,1944,2161,7179,3529,3650,8203,3944,4259,7175,3454,3721,4097,2002,2095,1025,478,547,
5150,4109,1945,2164,7186,3530,3656,8211,3948,4263,7182,3456,3726,4101,2002,2099,1026,478,548,
5155,4113,1948,2165,7193,3535,3658,8219,3951,4268,7189,3461,3728,4105,2003,2102,1027,478,549,
5160,4117,1950,2167,7200,3539,3661,8227,3953,4274,7196,3465,3731,4109,2004,2105,1028,478,550,
5165,4121,1951,2170,7207,3543,3664,8235,3958,4277,7203,3468,3735,4113,2008,2105,1029,478,551,
5170,4125,1953,2172,7214,3547,3667,8243,3961,4282,7210,3471,3739,4117,2009,2108,1030,479,551,
5175,4129,1955,2174,7221,3552,3669,8251,3966,4285,7217,3474,3743,4121,2010,2111,1031,480,551,
5180,4133,1957,2176,7228,3557,3671,8259,3972,4287,7224,3476,3748,4125,2011,2114,1032,481,551,
5185,4137,1959,2178,7235,3561,3674,8267,3975,4292,7231,3478,3753,4129,2012,2117,1033,482,551,
5190,4141,1960,2181,7242,3564,3678,8275,3980,4295,7238,3482,3756,4133,2015,2118,1034,482,552,
5195,4145,1964,2181,7249,3567,3682,8283,3984,4299,7245,3486,3759,4137,2017,2120,1035,482,553,
5200,4149,1967,2182,7256,3571,3685,8291,3986,4305,7252,3490,3762,4141,2017,2124,1036,482,554,
5205,4153,1969,2184,7263,3572,3691,8299,3992,4307,7259,3495,3764,4145,2018,2127,1037,483,554,
5210,4157,1970,2187,7270,3575,3695,8307,3995,4312,7266,3499,3767,4149,2019,2130,1038,484,554,
5215,4161,1971,2190,7277,3579,3698,8315,4001,4314,7273,3501,3772,4153,2020,2133,1039,485,554,
5220,4165,1974,2191,7284,3581,3703,8323,4006,4317,7280,3504,3776,4157,2023,2134,1040,485,555,
5225,4169,1976,2193,7291,3587,3704,8331,4009,4322,7287,3507,3780,4161,2027,2134,1041,486,555,
5230,4173,1978,2195,7298,3589,3709,8339,4012,4327,7294,3510,3784,4165,2029,2136,1042,487,555,
5235,4177,1981,2196,7305,3592,3713,8347,4013,4334,7301,3512,3789,4169,2032,2137,1043,488,555,
5240,4181,1983,2198,7312,3594,3718,8355,4017,4338,7308,3513,3795,4173,2034,2139,1044,489,555,
5245,4185,1986,2199,7319,3596,3723,8363,4021,4342,7315,3517,3798,4177,2037,2140,1045,490,555,
5250,4189,1989,2200,7326,3602,3724,8371,4024,4347,7322,3521,3801,4181,2039,2142,1046,491,555,
5255,4193,1991,2202,7333,3606,3727,8379,4029,4350,7329,3524,3805,4185,2041,2144,1047,491,556,
5260,4197,1993,2204,7340,3613,3727,8387,4034,4353,7336,3527,3809,4189,2044,2145,1048,491,557,
5265,4201,1994,2207,7347,3620,3727,8395,4038,4357,7343,3531,3812,4193,2047,2146,1049,492,557,
5270,4205,1996,2209,7354,3624,3730,8403,4044,4359,7350,3535,3815,4197,2049,2148,1050,493,557,
5275,4209,1997,2212,7361,3627,3734,8411,4044,4367,7357,3537,3820,4201,2050,2151,1051,493,558,
5280,4213,1998,2215,7368,3631,3737,8419,4047,4372,7364,3540,3824,4205,2051,2154,1052,494,558,
5285,4217,1999,2218,7375,3631,3744,8427,4052,4375,7371,3543,3828,4209,2054,2155,1053,495,558,
5290,4221,2000,2221,7382,3634,3748,8435,4055,4380,7378,3547,3831,4213,2056,2157,1054,495,559,
5295,4225,2002,2223,7389,3636,3753,8443,4058,4385,7385,3549,3836,4217,2058,2159,1055,495,560,
5300,4229,2004,2225,7396,3641,3755,8451,4060,4391,7392,3554,3838,4221,2059,2162,1056,496,560,
5305,4233,2006,2227,7403,3642,3761,8459,4065,4394,7399,3558,3841,4225,2061,2164,1057,497,560,
5310,4237,2009,2228,7410,3645,3765,8467,4069,4398,7406,3562,3844,4229,2063,2166,1058,498,560,
5315,4241,2010,2231,7417,3649,3768,8475,4076,4399,7413,3568,3845,4233,2064,2169,1059,498,561,
5320,4245,2012,2233,7424,3653,3771,8483,4079,4404,7420,3570,3850,4237,2065,2172,1060,498,562,
5325,4249,2014,2235,7431,3656,3775,8491,4082,4409,7427,3576,3851,4241,2067,2174,1061,498,563,
5330,4253,2016,2237,7438,3659,3779,8499,4084,4415,7434,3579,3855,4245,2068,2177,1062,499,563,
5335,4257,2018,2239,7445,3663,3782,8507,4088,4419,7441,3584,3857,4249,2070,2179,1063,500,563,
5340,4261,2019,2242,7452,3668,3784,8515,4094,4421,7448,3587,3861,4253,2073,2180,1064,501,563,
5345,4265,2021,2244,7459,3670,3789,8523,4095,4428,7455,3589,3866,4257,2075,2182,1065,501,564,
5350,4269,2023,2246,7466,3675,3791,8531,4100,4431,7462,3592,3870,4261,2078,2183,1066,501,565,
5355,4273,2024,2249,7473,3678,3795,8539,4102,4437,7469,3596,3873,4265,2081,2184,1067,502,565,
5360,4277,2026,2251,7480,3682,3798,8547,4107,4440,7476,3601,3875,4269,2081,2188,1068,503,565,
5365,4281,2028,2253,7487,3687,3800,8555,4112,4443,7483,3603,3880,4273,2082,2191,1069,504,565,
5370,4285,2029,2256,7494,3689,3805,8563,4115,4448,7490,3605,3885,4277,2084,2193,1070,504,566,
5375,4289,2030,2259,7501,3690,3811,8571,4120,4451,7497,3610,3887,4281,2086,2195,1071,505,566,
5380,4293,2033,2260,7508,3696,3812,8579,4122,4457,7504,3616,3888,4285,2086,2199,1072,505,567,
5385,4297,2035,2262,7515,3699,3816,8587,4125,4462,7511,3617,3894,4289,2087,2202,1073,505,568,
5390,4301,2039,2262,7522,3703,3819,8595,4130,4465,7518,3620,3898,4293,2089,2204,1074,505,569,
5395,4305,2041,2264,7529,3710,3819,8603,4133,4470,7525,3622,3903,4297,2090,2207,1075,506,569,
5400,4309,2041,2268,7536,3715,3821,8611,4138,4473,7532,3626,3906,4301,2092,2209,1076,506,570,
5405,4313,2043,2270,7543,3719,3824,8619,4142,4477,7539,3629,3910,4305,2093,2212,1077,507,570,
5410,4317,2045,2272,7550,3724,3826,8627,4147,4480,7546,3633,3913,4309,2095,2214,1078,508,570,
5415,4321,2047,2274,7557,3727,3830,8635,4150,4485,7553,3638,3915,4313,2097,2216,1079,509,570,
5420,4325,2051,2274,7564,3734,3830,8643,4156,4487,7560,3642,3918,4317,2100,2217,1080,509,571,
5425,4329,2051,2278,7571,3740,3831,8651,4160,4491,7567,3645,3922,4321,2103,2218,1081,509,572,
5430,4333,2053,2280,7578,3744,3834,8659,4164,4495,7574,3649,3925,4325,2104,2221,1082,509,573,
5435,4337,2055,2282,7585,3746,3839,8667,4167,4500,7581,3654,3927,4329,2105,2224,1083,509,574,
5440,4341,2058,2283,7592,3751,3841,8675,4172,4503,7588,3656,3932,4333,2108,2225,1084,510,574,
5445,4345,2059,2286,7599,3755,3844,8683,4177,4506,7595,3659,3936,4337,2108,2229,1085,510,575,
5450,4349,2062,2287,7606,3757,3849,8691,4181,4510,7602,3661,3941,4341,2111,2230,1086,511,575,
5455,4353,2064,2289,7613,3761,3852,8699,4185,4514,7609,3664,3945,4345,2113,2232,1087,512,575,
5460,4357,2065,2292,7620,3766,3854,8707,4188,4519,7616,3667,3949,4349,2116,2233,1088,512,576,
5465,4361,2067,2294,7627,3770,3857,8715,4191,4524,7623,3671,3952,4353,2118,2235,1089,512,577,
5470,4365,2071,2294,7634,3772,3862,8723,4194,4529,7630,3674,3956,4357,2120,2237,1090,512,578,
5475,4369,2074,2295,7641,3774,3867,8731,4198,4533,7637,3679,3958,4361,2121,2240,1091,513,578,
5480,4373,2076,2297,7648,3778,3870,8739,4203,4536,7644,3685,3959,4365,2124,2241,1092,513,579,
5485,4377,2077,2300,7655,3783,3872,8747,4205,4542,7651,3689,3962,4369,2125,2244,1093,513,580,
5490,4381,2079,2302,7662,3786,3876,8755,4209,4546,7658,3693,3965,4373,2126,2247,1094,514,580,
5495,4385,2080,2305,7669,3787,3882,8763,4214,4549,7665,3697,3968,4377,2130,2247,1095,515,580,
5500,4389,2083,2306,7676,3793,3883,8771,4214,4557,7672,3699,3973,4381,2133,2248,1096,516,580,
5505,4393,2086,2307,7683,3798,3885,8779,4217,4562,7679,3703,3976,4385,2135,2250,1097,517,580,
5510,4397,2086,2311,7690,3801,3889,8787,4219,4568,7686,3705,3981,4389,2135,2254,1098,518,580,
5515,4401,2088,2313,7697,3803,3894,8795,4225,4570,7693,3708,3985,4393,2136,2257,1099,519,580,
5520,4405,2089,2316,7704,3807,3897,8803,4230,4573,7700,3713,3987,4397,2138,2259,1100,520,580,
5525,4409,2091,2318,7711,3809,3902,8811,4235,4576,7707,3718,3989,4401,2140,2261,1101,520,581,
5530,4413,2094,2319,7718,3814,3904,8819,4239,4580,7714,3722,3992,4405,2142,2263,1102,520,582,
5535,4417,2096,2321,7725,3816,3909,8827,4244,4583,7721,3725,3996,4409,2146,2263,1103,521,582,
5540,4421,2098,2323,7732,3820,3912,8835,4247,4588,7728,3729,3999,4413,2149,2264,1104,522,582,
5545,4425,2100,2325,7739,3825,3914,8843,4251,4592,7735,3733,4002,4417,2151,2266,1105,523,582,
5550,4429,2102,2327,7746,3827,3919,8851,4253,4598,7742,3736,4006,4421,2154,2267,1106,524,582,
5555,4433,2104,2329,7753,3829,3924,8859,4257,4602,7749,3739,4010,4425,2156,2269,1107,524,583,
5560,4437,2107,2330,7760,3831,3929,8867,4262,4605,7756,3743,4013,4429,2158,2271,1108,525,583,
5565,4441,2107,2334,7767,3834,3933,8875,4269,4606,7763,3746,4017,4433,2161,2272,1109,525,584,
5570,4445,2109,2336,7774,3837,3937,8883,4274,4609,7770,3749,4021,4437,2163,2274,1110,525,585,
5575,4449,2110,2339,7781,3841,3940,8891,4278,4613,7777,3754,4023,4441,2164,2277,1111,526,585,
5580,4453,2114,2339,7788,3845,3943,8899,4281,4618,7784,3758,4026,4445,2167,2278,1112,526,586,
5585,4457,2117,2340,7795,3846,3949,8907,4285,4622,7791,3761,4030,4449,2169,2280,1113,527,586,
5590,4461,2119,2342,7802,3851,3951,8915,4289,4626,7798,3765,4033,4453,2171,2282,1114,527,587,
5595,4465,2122,2343,7809,3852,3957,8923,4292,4631,7805,3767,4038,4457,2173,2284,1115,528,587,
5600,4469,2124,2345,7816,3857,3959,8931,4294,4637,7812,3770,4042,4461,2175,2286,1116,528,588,
5605,4473,2126,2347,7823,3861,3962,8939,4298,4641,7819,3773,4046,4465,2175,2290,1117,528,589,
5610,4477,2128,2349,7830,3866,3964,8947,4303,4644,7826,3776,4050,4469,2178,2291,1118,529,589,
5615,4481,2131,2350,7837,3869,3968,8955,4306,4649,7833,3778,4055,4473,2178,2295,1119,530,589,
5620,4485,2135,2350,7844,3872,3972,8963,4309,4654,7840,3780,4060,4477,2180,2297,1120,531,589,
5625,4489,2138,2351,7851,3873,3978,8971,4311,4660,7847,3783,4064,4481,2182,2299,1121,532,589,
5630,4493,2139,2354,7858,3878,3980,8979,4314,4665,7854,3786,4068,4485,2184,2301,1122,533,589,
5635,4497,2141,2356,7865,3881,3984,8987,4318,4669,7861,3790,4071,4489,2187,2302,1123,534,589,
5640,4501,2142,2359,7872,3887,3985,8995,4321,4674,7868,3795,4073,4493,2188,2305,1124,535,589,
5645,4505,2144,2361,7879,3892,3987,9003,4323,4680,7875,3797,4078,4497,2189,2308,1125,535,590,
5650,4509,2146,2363,7886,3894,3992,9011,4326,4685,7882,3801,4081,4501,2191,2310,1126,536,590,
5655,4513,2146,2367,7893,3897,3996,9019,4333,4686,7889,3803,4086,4505,2193,2312,1127,536,591,
5660,4517,2148,2369,7900,3899,4001,9027,4336,4691,7896,3807,4089,4509,2194,2315,1128,536,592,
5665,4521,2150,2371,7907,3902,4005,9035,4341,4694,7903,3810,4093,4513,2197,2316,1129,536,593,
5670,4525,2152,2373,7914,3908,4006,9043,4345,4698,7910,3812,4098,4517,2199,2318,1130,536,594,
5675,4529,2154,2375,7921,3912,4009,9051,4346,4705,7917,3814,4103,4521,2202,2319,1131,537,594,
5680,4533,2158,2375,7928,3918,4010,9059,4350,4709,7924,3818,4106,4525,2204,2321,1132,537,595,
5685,4537,2160,2377,7935,3920,4015,9067,4352,4715,7931,3821,4110,4529,2204,2325,1133,537,596,
5690,4541,2163,2378,7942,3925,4017,9075,4357,4718,7938,3823,4115,4533,2208,2325,1134,537,597,
5695,4545,2165,2380,7949,3929,4020,9083,4360,4723,7945,3827,4118,4537,2210,2327,1135,538,597,
5700,4549,2168,2381,7956,3931,4025,9091,4362,4729,7952,3832,4120,4541,2212,2329,1136,538,598,
5705,4553,2171,2382,7963,3936,4027,9099,4366,4733,7959,3835,4124,4545,2214,2331,1137,539,598,
5710,4557,2173,2384,7970,3941,4029,9107,4368,4739,7966,3837,4129,4549,2215,2334,1138,539,599,
5715,4561,2175,2386,7977,3945,4032,9115,4372,4743,7973,3840,4133,4553,2216,2337,1139,540,599,
5720,4565,2176,2389,7984,3946,4038,9123,4373,4750,7980,3846,4134,4557,2217,2340,1140,540,600,
5725,4569,2177,2392,7991,3947,4044,9131,4378,4753,7987,3851,4136,4561,2220,2341,1141,541,600,
5730,4573,2179,2394,7998,3950,4048,9139,4383,4756,7994,3856,4138,4565,2222,2343,1142,541,601,
5735,4577,2182,2395,8005,3952,4053,9147,4388,4759,8001,3858,4143,4569,2223,2346,1143,542,601,
5740,4581,2183,2398,8012,3956,4056,9155,4391,4764,8008,3862,4146,4573,2226,2347,1144,542,602,
5745,4585,2185,2400,8019,3961,4058,9163,4396,4767,8015,3864,4151,4577,2229,2348,1145,542,603,
5750,4589,2187,2402,8026,3967,4059,9171,4401,4770,8022,3865,4157,4581,2231,2350,1146,542,604,
5755,4593,2190,2403,8033,3971,4062,9179,4404,4775,8029,3867,4162,4585,2232,2353,1147,543,604,
5760,4597,2193,2404,8040,3976,4064,9187,4408,4779,8036,3869,4167,4589,2234,2355,1148,544,604,
5765,4601,2196,2405,8047,3977,4070,9195,4411,4784,8043,3874,4169,4593,2235,2358,1149,545,604,
5770,4605,2197,2408,8054,3982,4072,9203,4415,4788,8050,3875,4175,4597,2236,2361,1150,546,604,
5775,4609,2200,2409,8061,3985,4076,9211,4418,4793,8057,3875,4182,4601,2239,2362,1151,547,604,
5780,4613,2202,2411,8068,3988,4080,9219,4421,4798,8064,3880,4184,4605,2241,2364,1152,547,605,
5785,4617,2203,2414,8075,3993,4082,9227,4425,4802,8071,3887,4184,4609,2242,2367,1153,547,606,
5790,4621,2206,2415,8082,3998,4084,9235,4427,4808,8078,3891,4187,4613,2243,2370,1154,547,607,
5795,4625,2208,2417,8089,4003,4086,9243,4430,4813,8085,3893,4192,4617,2245,2372,1155,548,607,
5800,4629,2209,2420,8096,4006,4090,9251,4434,4817,8092,3898,4194,4621,2246,2375,1156,548,608,
5805,4633,2209,2424,8103,4011,4092,9259,4439,4820,8099,3903,4196,4625,2249,2376,1157,549,608,
5810,4637,2212,2425,8110,4013,4097,9267,4444,4823,8106,3907,4199,4629,2251,2378,1158,549,609,
5815,4641,2213,2428,8117,4015,4102,9275,4448,4827,8113,3912,4201,4633,2253,2380,1159,549,610,
5820,4645,2215,2430,8124,4021,4103,9283,4452,4831,8120,3918,4202,4637,2255,2382,1160,549,611,
5825,4649,2217,2432,8131,4023,4108,9291,4458,4833,8127,3921,4206,4641,2258,2383,1161,550,611,
5830,4653,2219,2434,8138,4025,4113,9299,4463,4836,8134,3923,4211,4645,2260,2385,1162,550,612,
5835,4657,2221,2436,8145,4028,4117,9307,4468,4839,8141,3928,4213,4649,2262,2387,1163,550,613,
5840,4661,2224,2437,8152,4033,4119,9315,4473,4842,8148,3932,4216,4653,2264,2389,1164,550,614,
5845,4665,2225,2440,8159,4038,4121,9323,4477,4846,8155,3935,4220,4657,2267,2390,1165,551,614,
5850,4669,2227,2442,8166,4042,4124,9331,4483,4848,8162,3937,4225,4661,2270,2391,1166,552,614,
5855,4673,2227,2446,8173,4044,4129,9339,4484,4855,8169,3940,4229,4665,2273,2392,1167,552,615,
5860,4677,2228,2449,8180,4046,4134,9347,4490,4857,8176,3945,4231,4669,2275,2394,1168,552,616,
5865,4681,2231,2450,8187,4049,4138,9355,4493,4862,8183,3950,4233,4673,2277,2396,1169,553,616,
5870,4685,2233,2452,8194,4054,4140,9363,4497,4866,8190,3954,4236,4677,2281,2396,1170,554,616,
5875,4689,2237,2452,8201,4057,4144,9371,4503,4868,8197,3955,4242,4681,2283,2398,1171,554,617,
5880,4693,2239,2454,8208,4058,4150,9379,4508,4871,8204,3958,4246,4685,2283,2402,1172,554,618,
5885,4697,2240,2457,8215,4063,4152,9387,4512,4875,8211,3959,4252,4689,2285,2404,1173,555,618,
5890,4701,2243,2458,8222,4067,4155,9395,4517,4878,8218,3961,4257,4693,2286,2407,1174,556,618,
5895,4705,2245,2460,8229,4072,4157,9403,4522,4881,8225,3962,4263,4697,2289,2408,1175,557,618,
5900,4709,2247,2462,8236,4075,4161,9411,4524,4887,8232,3964,4268,4701,2291,2410,1176,557,619,
5905,4713,2249,2464,8243,4077,4166,9419,4528,4891,8239,3967,4272,4705,2292,2413,1177,558,619,
5910,4717,2251,2466,8250,4079,4171,9427,4533,4894,8246,3972,4274,4709,2294,2415,1178,558,620,
5915,4721,2254,2467,8257,4083,4174,9435,4537,4898,8253,3973,4280,4713,2295,2418,1179,558,621,
5920,4725,2254,2471,8264,4087,4177,9443,4538,4905,8260,3978,4282,4717,2298,2419,1180,558,622,
5925,4729,2256,2473,8271,4091,4180,9451,4540,4911,8267,3982,4285,4721,2300,2421,1181,559,622,
5930,4733,2258,2475,8278,4092,4186,9459,4542,4917,8274,3986,4288,4725,2303,2422,1182,559,623,
5935,4737,2258,2479,8285,4095,4190,9467,4544,4923,8281,3991,4290,4729,2306,2423,1183,559,624,
5940,4741,2260,2481,8292,4100,4192,9475,4547,4928,8288,3996,4292,4733,2307,2426,1184,559,625,
5945,4745,2260,2485,8299,4103,4196,9483,4550,4933,8295,4000,4295,4737,2310,2427,1185,559,626,
5950,4749,2264,2485,8306,4106,4200,9491,4554,4937,8302,4002,4300,4741,2312,2429,1186,559,627,
5955,4753,2267,2486,8313,4109,4204,9499,4560,4939,8309,4005,4304,4745,2314,2431,1187,560,627,
5960,4757,2270,2487,8320,4110,4210,9507,4563,4944,8316,4007,4309,4749,2316,2433,1188,560,628,
5965,4761,2271,2490,8327,4113,4214,9515,4567,4948,8323,4011,4312,4753,2318,2435,1189,560,629,
5970,4765,2274,2491,8334,4118,4216,9523,4570,4953,8330,4013,4317,4757,2320,2437,1190,560,630,
5975,4769,2275,2494,8341,4123,4218,9531,4573,4958,8337,4016,4321,4761,2322,2439,1191,560,631,
5980,4773,2276,2497,8348,4127,4221,9539,4574,4965,8344,4021,4323,4765,2325,2440,1192,560,632,
5985,4777,2278,2499,8355,4129,4226,9547,4577,4970,8351,4023,4328,4769,2328,2441,1193,560,633,
5990,4781,2278,2503,8362,4134,4228,9555,4582,4973,8358,4025,4333,4773,2330,2443,1194,560,634,
5995,4785,2281,2504,8369,4140,4229,9563,4585,4978,8365,4026,4339,4777,2333,2444,1195,561,634,
6000,4789,2284,2505,8376,4142,4234,9571,4592,4979,8372,4029,4343,4781,2335,2446,1196,562,634,
6005,4793,2285,2508,8383,4148,4235,9579,4594,4985,8379,4033,4346,4785,2337,2448,1197,562,635,
6010,4797,2286,2511,8390,4151,4239,9587,4597,4990,8386,4037,4349,4789,2338,2451,1198,562,636,
6015,4801,2288,2513,8397,4154,4243,9595,4599,4996,8393,4040,4353,4793,2340,2453,1199,562,637,
6020,4805,2289,2516,8404,4155,4249,9603,4603,5000,8400,4043,4357,4797,2341,2456,1200,562,638,
6025,4809,2290,2519,8411,4159,4252,9611,4605,5006,8407,4047,4360,4801,2343,2458,1201,563,638,
6030,4813,2293,2520,8418,4162,4256,9619,4608,5011,8414,4050,4364,4805,2345,2460,1202,564,638,
6035,4817,2296,2521,8425,4164,4261,9627,4612,5015,8421,4054,4367,4809,2349,2460,1203,564,639,
6040,4821,2299,2522,8432,4170,4262,9635,4614,5021,8428,4058,4370,4813,2350,2463,1204,565,639,
6045,4825,2303,2522,8439,4175,4264,9643,4618,5025,8435,4062,4373,4817,2354,2463,1205,566,639,
6050,4829,2305,2524,8446,4178,4268,9651,4624,5027,8442,4064,4378,4821,2356,2465,1206,566,640,
6055,4833,2307,2526,8453,4181,4272,9659,4629,5030,8449,4066,4383,4825,2360,2465,1207,566,641,
6060,4837,2311,2526,8460,4182,4278,9667,4633,5034,8456,4069,4387,4829,2364,2465,1208,567,641,
6065,4841,2314,2527,8467,4184,4283,9675,4637,5038,8463,4070,4393,4833,2364,2469,1209,567,642,
6070,4845,2314,2531,8474,4186,4288,9683,4639,5044,8470,4071,4399,4837,2366,2471,1210,567,643,
6075,4849,2316,2533,8481,4191,4290,9691,4643,5048,8477,4075,4402,4841,2368,2473,1211,568,643,
6080,4853,2320,2533,8488,4196,4292,9699,4647,5052,8484,4078,4406,4845,2370,2475,1212,568,644,
6085,4857,2323,2534,8495,4199,4296,9707,4651,5056,8491,4080,4411,4849,2372,2477,1213,569,644,
6090,4861,2325,2536,8502,4199,4303,9715,4654,5061,8498,4085,4413,4853,2374,2479,1214,570,644,
6095,4865,2326,2539,8509,4203,4306,9723,4658,5065,8505,4088,4417,4857,2377,2480,1215,571,644,
6100,4869,2328,2541,8516,4205,4311,9731,4660,5071,8512,4093,4419,4861,2379,2482,1216,571,645,
6105,4873,2330,2543,8523,4211,4312,9739,4665,5074,8519,4096,4423,4865,2380,2485,1217,571,646,
6110,4877,2331,2546,8530,4214,4316,9747,4670,5077,8526,4098,4428,4869,2384,2485,1218,571,647,
6115,4881,2334,2547,8537,4217,4320,9755,4676,5079,8533,4102,4431,4873,2384,2489,1219,571,648,
6120,4885,2335,2550,8544,4223,4321,9763,4678,5085,8540,4106,4434,4877,2386,2491,1220,571,649,
6125,4889,2338,2551,8551,4227,4324,9771,4681,5090,8547,4109,4438,4881,2388,2493,1221,571,650,
6130,4893,2339,2554,8558,4231,4327,9779,4686,5093,8554,4112,4442,4885,2389,2496,1222,571,651,
6135,4897,2340,2557,8565,4233,4332,9787,4692,5095,8561,4118,4443,4889,2389,2500,1223,571,652,
6140,4901,2341,2560,8572,4239,4333,9795,4694,5101,8568,4121,4447,4893,2390,2503,1224,572,652,
6145,4905,2343,2562,8579,4244,4335,9803,4696,5107,8575,4125,4450,4897,2391,2506,1225,573,652,
6150,4909,2345,2564,8586,4250,4336,9811,4697,5114,8582,4131,4451,4901,2392,2509,1226,574,652,
6155,4913,2347,2566,8593,4255,4338,9819,4703,5116,8589,4135,4454,4905,2395,2510,1227,574,653,
6160,4917,2349,2568,8600,4260,4340,9827,4707,5120,8596,4136,4460,4909,2398,2511,1228,574,654,
6165,4921,2352,2569,8607,4264,4343,9835,4712,5123,8603,4138,4465,4913,2401,2512,1229,574,655,
6170,4925,2354,2571,8614,4269,4345,9843,4716,5127,8610,4143,4467,4917,2401,2516,1230,574,656,
6175,4929,2357,2572,8621,4273,4348,9851,4720,5131,8617,4147,4470,4921,2402,2519,1231,575,656,
6180,4933,2358,2575,8628,4276,4352,9859,4722,5137,8624,4150,4474,4925,2405,2520,1232,575,657,
6185,4937,2360,2577,8635,4279,4356,9867,4724,5143,8631,4154,4477,4929,2407,2522,1233,575,658,
6190,4941,2363,2578,8642,4283,4359,9875,4727,5148,8638,4159,4479,4933,2409,2524,1234,575,659,
6195,4945,2364,2581,8649,4286,4363,9883,4731,5152,8645,4162,4483,4937,2410,2527,1235,575,660,
6200,4949,2366,2583,8656,4290,4366,9891,4734,5157,8652,4166,4486,4941,2412,2529,1236,576,660,
6205,4953,2368,2585,8663,4292,4371,9899,4738,5161,8659,4170,4489,4945,2414,2531,1237,576,661,
6210,4957,2371,2586,8670,4293,4377,9907,4742,5165,8666,4174,4492,4949,2416,2533,1238,577,661,
6215,4961,2373,2588,8677,4296,4381,9915,4745,5170,8673,4177,4496,4953,2419,2534,1239,577,662,
6220,4965,2374,2591,8684,4301,4383,9923,4750,5173,8680,4181,4499,4957,2422,2535,1240,577,663,
6225,4969,2375,2594,8691,4303,4388,9931,4751,5180,8687,4184,4503,4961,2423,2538,1241,577,664,
6230,4973,2375,2598,8698,4306,4392,9939,4755,5184,8694,4187,4507,4965,2424,2541,1242,578,664,
6235,4977,2376,2601,8705,4306,4399,9947,4761,5186,8701,4191,4510,4969,2427,2542,1243,578,665,
6240,4981,2379,2602,8712,4308,4404,9955,4765,5190,8708,4194,4514,4973,2430,2543,1244,579,665,
6245,4985,2381,2604,8719,4310,4409,9963,4768,5195,8715,4200,4515,4977,2432,2545,1245,579,666,
6250,4989,2383,2606,8726,4312,4414,9971,4773,5198,8722,4202,4520,4981,2433,2548,1246,580,666,
6255,4993,2383,2610,8733,4316,4417,9979,4776,5203,8729,4207,4522,4985,2434,2551,1247,581,666,
6260,4997,2384,2613,8740,4320,4420,9987,4779,5208,8736,4208,4528,4989,2437,2552,1248,582,666,
6265,5001,2384,2617,8747,4325,4422,9995,4785,5210,8743,4211,4532,4993,2438,2555,1249,582,667,
6270,5005,2387,2618,8754,4331,4423,10003,4788,5215,8750,4215,4535,4997,2442,2555,1250,582,668,
6275,5009,2390,2619,8761,4332,4429,10011,4793,5218,8757,4217,4540,5001,2444,2557,1251,583,668,
6280,5013,2391,2622,8768,4336,4432,10019,4797,5222,8764,4219,4545,5005,2444,2561,1252,584,668,
6285,5017,2394,2623,8775,4340,4435,10027,4803,5224,8771,4221,4550,5009,2446,2563,1253,585,668,
6290,5021,2396,2625,8782,4344,4438,10035,4809,5226,8778,4226,4552,5013,2449,2564,1254,585,669,
6295,5025,2398,2627,8789,4347,4442,10043,4814,5229,8785,4229,4556,5017,2450,2567,1255,585,670,
6300,5029,2401,2628,8796,4350,4446,10051,4818,5233,8792,4234,4558,5021,2451,2570,1256,586,670,
6305,5033,2404,2629,8803,4353,4450,10059,4822,5237,8799,4238,4561,5025,2453,2572,1257,586,671,
6310,5037,2404,2633,8810,4357,4453,10067,4827,5240,8806,4242,4564,5029,2454,2575,1258,587,671,
6315,5041,2406,2635,8817,4361,4456,10075,4833,5242,8813,4245,4568,5033,2457,2576,1259,587,672,
6320,5045,2407,2638,8824,4364,4460,10083,4836,5247,8820,4250,4570,5037,2459,2578,1260,588,672,
6325,5049,2409,2640,8831,4369,4462,10091,4841,5250,8827,4252,4575,5041,2460,2581,1261,589,672,
6330,5053,2410,2643,8838,4372,4466,10099,4844,5255,8834,4256,4578,5045,2462,2583,1262,589,673,
6335,5057,2412,2645,8845,4379,4466,10107,4846,5261,8841,4260,4581,5049,2463,2586,1263,589,674,
6340,5061,2414,2647,8852,4383,4469,10115,4850,5265,8848,4264,4584,5053,2465,2588,1264,590,674,
6345,5065,2418,2647,8859,4385,4474,10123,4854,5269,8855,4270,4585,5057,2467,2590,1265,590,675,
6350,5069,2420,2649,8866,4387,4479,10131,4858,5273,8862,4273,4589,5061,2468,2593,1266,590,676,
6355,5073,2422,2651,8873,4391,4482,10139,4862,5277,8869,4276,4593,5065,2469,2596,1267,591,676,
6360,5077,2424,2653,8880,4393,4487,10147,4868,5279,8876,4280,4596,5069,2473,2596,1268,591,677,
6365,5081,2427,2654,8887,4396,4491,10155,4873,5282,8883,4284,4599,5073,2477,2596,1269,592,677,
6370,5085,2430,2655,8894,4401,4493,10163,4877,5286,8890,4289,4601,5077,2478,2599,1270,592,678,
6375,5089,2433,2656,8901,4405,4496,10171,4881,5290,8897,4291,4606,5081,2479,2602,1271,592,679,
6380,5093,2434,2659,8908,4408,4500,10179,4887,5292,8904,4294,4610,5085,2480,2605,1272,592,680,
6385,5097,2435,2662,8915,4410,4505,10187,4892,5295,8911,4298,4613,5089,2483,2606,1273,592,681,
6390,5101,2438,2663,8922,4413,4509,10195,4896,5299,8918,4303,4615,5093,2486,2607,1274,592,682,
6395,5105,2440,2665,8929,4418,4511,10203,4900,5303,8925,4307,4618,5097,2489,2608,1275,593,682,
6400,5109,2442,2667,8936,4421,4515,10211,4902,5309,8932,4312,4620,5101,2492,2609,1276,594,682,
6405,5113,2443,2670,8943,4422,4521,10219,4905,5314,8939,4315,4624,5105,2495,2610,1277,594,683,
6410,5117,2445,2672,8950,4425,4525,10227,4912,5315,8946,4320,4626,5109,2496,2613,1278,594,684,
6415,5121,2446,2675,8957,4429,4528,10235,4918,5317,8953,4323,4630,5113,2498,2615,1279,594,685,
6420,5125,2448,2677,8964,4434,4530,10243,4921,5322,8960,4326,4634,5117,2501,2616,1280,594,686,
6425,5129,2451,2678,8971,4437,4534,10251,4924,5327,8967,4329,4638,5121,2503,2618,1281,595,686,
6430,5133,2453,2680,8978,4441,4537,10259,4927,5332,8974,4334,4640,5125,2504,2621,1282,596,686,
6435,5137,2454,2683,8985,4444,4541,10267,4929,5338,8981,4338,4643,5129,2505,2624,1283,596,687,
6440,5141,2454,2687,8992,4446,4546,10275,4935,5340,8988,4341,4647,5133,2507,2626,1284,596,688,
6445,5145,2456,2689,8999,4451,4548,10283,4939,5344,8995,4346,4649,5137,2509,2628,1285,597,688,
6450,5149,2457,2692,9006,4453,4553,10291,4942,5349,9002,4349,4653,5141,2511,2630,1286,597,689,
6455,5153,2459,2694,9013,4455,4558,10299,4946,5353,9009,4356,4653,5145,2511,2634,1287,598,689,
6460,5157,2461,2696,9020,4457,4563,10307,4949,5358,9016,4360,4656,5149,2511,2638,1288,598,690,
6465,5161,2461,2700,9027,4460,4567,10315,4954,5361,9023,4362,4661,5153,2512,2641,1289,598,691,
6470,5165,2464,2701,9034,4463,4571,10323,4956,5367,9030,4364,4666,5157,2513,2644,1290,598,692,
6475,5169,2466,2703,9041,4464,4577,10331,4960,5371,9037,4367,4670,5161,2516,2645,1291,598,693,
6480,5173,2469,2704,9048,4469,4579,10339,4967,5372,9044,4372,4672,5165,2519,2646,1292,599,693,
6485,5177,2471,2706,9055,4472,4583,10347,4970,5377,9051,4376,4675,5169,2519,2650,1293,599,694,
6490,5181,2474,2707,9062,4475,4587,10355,4974,5381,9058,4378,4680,5173,2520,2653,1294,599,695,
6495,5185,2478,2707,9069,4479,4590,10363,4979,5384,9065,4380,4685,5177,2522,2655,1295,599,696,
6500,5189,2481,2708,9076,4482,4594,10371,4981,5390,9072,4383,4689,5181,2525,2656,1296,599,697,
6505,5193,2484,2709,9083,4482,4601,10379,4983,5396,9079,4387,4692,5185,2527,2658,1297,599,698,
6510,5197,2487,2710,9090,4485,4605,10387,4987,5400,9086,4389,4697,5189,2529,2660,1298,600,698,
6515,5201,2490,2711,9097,4489,4608,10395,4991,5404,9093,4391,4702,5193,2529,2664,1299,601,698,
6520,5205,2491,2714,9104,4493,4611,10403,4996,5407,9100,4395,4705,5197,2530,2667,1300,601,699,
6525,5209,2494,2715,9111,4494,4617,10411,4999,5412,9107,4398,4709,5201,2533,2668,1301,602,699,
6530,5213,2497,2716,9118,4497,4621,10419,5004,5415,9114,4401,4713,5205,2535,2670,1302,603,699,
6535,5217,2497,2720,9125,4500,4625,10427,5007,5420,9121,4406,4715,5209,2537,2672,1303,603,700,
6540,5221,2498,2723,9132,4503,4629,10435,5008,5427,9128,4410,4718,5213,2539,2674,1304,603,701,
6545,5225,2498,2727,9139,4504,4635,10443,5012,5431,9135,4414,4721,5217,2543,2674,1305,604,701,
6550,5229,2501,2728,9146,4506,4640,10451,5017,5434,9142,4419,4723,5221,2546,2675,1306,604,702,
6555,5233,2502,2731,9153,4508,4645,10459,5019,5440,9149,4425,4724,5225,2548,2677,1307,604,703,
6560,5237,2505,2732,9160,4508,4652,10467,5021,5446,9156,4429,4727,5229,2548,2681,1308,604,704,
6565,5241,2506,2735,9167,4509,4658,10475,5027,5448,9163,4435,4728,5233,2551,2682,1309,604,705,
6570,5245,2510,2735,9174,4512,4662,10483,5031,5452,9170,4438,4732,5237,2552,2685,1310,604,706,
6575,5249,2512,2737,9181,4514,4667,10491,5034,5457,9177,4441,4736,5241,2554,2687,1311,604,707,
6580,5253,2513,2740,9188,4516,4672,10499,5036,5463,9184,4444,4740,5245,2556,2689,1312,605,707,
6585,5257,2515,2742,9195,4520,4675,10507,5039,5468,9191,4446,4745,5249,2556,2693,1313,605,708,
6590,5261,2517,2744,9202,4525,4677,10515,5043,5472,9198,4447,4751,5253,2558,2695,1314,606,708,
6595,5265,2518,2747,9209,4530,4679,10523,5045,5478,9205,4451,4754,5257,2562,2695,1315,606,709,
6600,5269,2520,2749,9216,4532,4684,10531,5051,5480,9212,4455,4757,5261,2564,2697,1316,607,709,
6605,5273,2522,2751,9223,4532,4691,10539,5055,5484,9219,4457,4762,5265,2566,2699,1317,607,710,
6610,5277,2525,2752,9230,4536,4694,10547,5062,5485,9226,4461,4765,5269,2566,2703,1318,607,711,
6615,5281,2529,2752,9237,4540,4697,10555,5066,5489,9233,4463,4770,5273,2567,2706,1319,608,711,
6620,5285,2532,2753,9244,4544,4700,10563,5070,5493,9240,4468,4772,5277,2568,2709,1320,608,712,
6625,5289,2533,2756,9251,4547,4704,10571,5076,5495,9247,4470,4777,5281,2569,2712,1321,609,712,
6630,5293,2534,2759,9258,4550,4708,10579,5078,5501,9254,4473,4781,5285,2573,2712,1322,610,712,
6635,5297,2536,2761,9265,4555,4710,10587,5080,5507,9261,4476,4785,5289,2576,2713,1323,611,712,
6640,5301,2538,2763,9272,4559,4713,10595,5086,5509,9268,4481,4787,5293,2580,2713,1324,611,713,
6645,5305,2541,2764,9279,4562,4717,10603,5092,5511,9275,4483,4792,5297,2583,2714,1325,611,714,
6650,5309,2543,2766,9286,4567,4719,10611,5095,5516,9282,4488,4794,5301,2586,2715,1326,611,715,
6655,5313,2543,2770,9293,4573,4720,10619,5102,5517,9289,4490,4799,5305,2589,2716,1327,611,716,
6660,5317,2545,2772,9300,4577,4723,10627,5107,5520,9296,4494,4802,5309,2592,2717,1328,611,717,
6665,5321,2548,2773,9307,4582,4725,10635,5111,5524,9303,4498,4805,5313,2595,2718,1329,612,717,
6670,5325,2549,2776,9314,4586,4728,10643,5117,5526,9310,4502,4808,5317,2596,2721,1330,612,718,
6675,5329,2550,2779,9321,4589,4732,10651,5120,5531,9317,4507,4810,5321,2597,2724,1331,612,719,
6680,5333,2551,2782,9328,4591,4737,10659,5126,5533,9324,4512,4812,5325,2598,2727,1332,612,720,
6685,5337,2554,2783,9335,4594,4741,10667,5130,5537,9331,4513,4818,5329,2601,2728,1333,612,721,
6690,5341,2557,2784,9342,4598,4744,10675,5132,5543,9338,4517,4821,5333,2604,2729,1334,613,721,
6695,5345,2559,2786,9349,4602,4747,10683,5135,5548,9345,4519,4826,5337,2606,2731,1335,614,721,
6700,5349,2560,2789,9356,4605,4751,10691,5139,5552,9352,4520,4832,5341,2607,2734,1336,615,721,
6705,5353,2561,2792,9363,4607,4756,10699,5143,5556,9359,4523,4836,5345,2608,2737,1337,615,722,
6710,5357,2562,2795,9370,4609,4761,10707,5145,5562,9366,4525,4841,5349,2609,2740,1338,615,723,
6715,5361,2562,2799,9377,4613,4764,10715,5151,5564,9373,4527,4846,5353,2611,2742,1339,616,723,
6720,5365,2564,2801,9384,4616,4768,10723,5154,5569,9380,4532,4848,5357,2613,2744,1340,616,724,
6725,5369,2567,2802,9391,4621,4770,10731,5157,5574,9387,4535,4852,5361,2615,2746,1341,616,725,
6730,5373,2568,2805,9398,4626,4772,10739,5165,5574,9394,4540,4854,5365,2617,2748,1342,617,725,
6735,5377,2570,2807,9405,4630,4775,10747,5168,5579,9401,4545,4856,5369,2620,2749,1343,617,726,
6740,5381,2570,2811,9412,4635,4777,10755,5173,5582,9408,4546,4862,5373,2620,2753,1344,618,726,
6745,5385,2572,2813,9419,4641,4778,10763,5176,5587,9415,4549,4866,5377,2622,2755,1345,619,726,
6750,5389,2574,2815,9426,4645,4781,10771,5181,5590,9422,4553,4869,5381,2625,2756,1346,620,726,
6755,5393,2575,2818,9433,4651,4782,10779,5185,5594,9429,4555,4874,5385,2628,2757,1347,621,726,
6760,5397,2579,2818,9440,4653,4787,10787,5185,5602,9436,4559,4877,5389,2629,2760,1348,621,727,
6765,5401,2582,2819,9447,4657,4790,10795,5189,5606,9443,4561,4882,5393,2630,2763,1349,621,728,
6770,5405,2584,2821,9454,4659,4795,10803,5193,5610,9450,4565,4885,5397,2632,2765,1350,622,728,
6775,5409,2588,2821,9461,4662,4799,10811,5194,5617,9457,4567,4890,5401,2636,2765,1351,623,728,
6780,5413,2589,2824,9468,4666,4802,10819,5198,5621,9464,4571,4893,5405,2638,2767,1352,623,729,
6785,5417,2591,2826,9475,4668,4807,10827,5201,5626,9471,4575,4896,5409,2640,2769,1353,624,729,
6790,5421,2592,2829,9482,4670,4812,10835,5204,5631,9478,4577,4901,5413,2643,2770,1354,625,729,
6795,5425,2594,2831,9489,4673,4816,10843,5208,5635,9485,4582,4903,5417,2646,2771,1355,625,730,
6800,5429,2594,2835,9496,4676,4820,10851,5214,5637,9492,4584,4908,5421,2647,2774,1356,625,731,
6805,5433,2594,2839,9503,4678,4825,10859,5220,5639,9499,4589,4910,5425,2650,2775,1357,626,731,
6810,5437,2596,2841,9510,4679,4831,10867,5223,5644,9506,4591,4915,5429,2653,2776,1358,627,731,
6815,5441,2597,2844,9517,4683,4834,10875,5228,5647,9513,4592,4921,5433,2656,2777,1359,627,732,
6820,5445,2599,2846,9524,4687,4837,10883,5232,5651,9520,4596,4924,5437,2656,2781,1360,627,733,
6825,5449,2601,2848,9531,4691,4840,10891,5238,5653,9527,4599,4928,5441,2660,2781,1361,628,733,
6830,5453,2602,2851,9538,4696,4842,10899,5242,5657,9534,4605,4929,5445,2662,2783,1362,629,733,
6835,5457,2605,2852,9545,4701,4844,10907,5245,5662,9541,4607,4934,5449,2662,2787,1363,630,733,
6840,5461,2608,2853,9552,4704,4848,10915,5250,5665,9548,4608,4940,5453,2665,2788,1364,631,733,
6845,5465,2609,2856,9559,4709,4850,10923,5254,5669,9555,4610,4945,5457,2666,2791,1365,632,733,
6850,5469,2610,2859,9566,4711,4855,10931,5260,5671,9562,4614,4948,5461,2670,2791,1366,632,734,
6855,5473,2612,2861,9573,4714,4859,10939,5264,5675,9569,4617,4952,5465,2671,2794,1367,632,735,
6860,5477,2614,2863,9580,4716,4864,10947,5268,5679,9576,4621,4955,5469,2673,2796,1368,632,736,
6865,5481,2616,2865,9587,4720,4867,10955,5270,5685,9583,4624,4959,5473,2675,2798,1369,632,737,
6870,5485,2619,2866,9594,4722,4872,10963,5275,5688,9590,4628,4962,5477,2677,2800,1370,633,737,
6875,5489,2621,2868,9601,4723,4878,10971,5280,5691,9597,4632,4965,5481,2678,2803,1371,633,738,
6880,5493,2623,2870,9608,4725,4883,10979,5288,5691,9604,4635,4969,5485,2680,2805,1372,634,738,
6885,5497,2625,2872,9615,4730,4885,10987,5290,5697,9611,4638,4973,5489,2682,2807,1373,634,739,
6890,5501,2628,2873,9622,4732,4890,10995,5297,5698,9618,4643,4975,5493,2686,2807,1374,634,740,
6895,5505,2629,2876,9629,4734,4895,11003,5298,5705,9625,4644,4981,5497,2686,2811,1375,635,740,
6900,5509,2633,2876,9636,4738,4898,11011,5303,5708,9632,4648,4984,5501,2687,2814,1376,636,740,
6905,5513,2636,2877,9643,4741,4902,11019,5306,5713,9639,4650,4989,5505,2687,2818,1377,637,740,
6910,5517,2638,2879,9650,4747,4903,11027,5309,5718,9646,4651,4995,5509,2689,2820,1378,638,740,
6915,5521,2639,2882,9657,4750,4907,11035,5314,5721,9653,4654,4999,5513,2691,2822,1379,639,740,
6920,5525,2642,2883,9664,4753,4911,11043,5318,5725,9660,4658,5002,5517,2692,2825,1380,640,740,
6925,5529,2646,2883,9671,4756,4915,11051,5322,5729,9667,4661,5006,5521,2693,2828,1381,641,740,
6930,5533,2648,2885,9678,4762,4916,11059,5325,5734,9674,4665,5009,5525,2695,2830,1382,642,740,
6935,5537,2648,2889,9685,4765,4920,11067,5330,5737,9681,4669,5012,5529,2699,2830,1383,643,740,
6940,5541,2648,2893,9692,4768,4924,11075,5331,5744,9688,4673,5015,5533,2700,2833,1384,643,741,
6945,5545,2650,2895,9699,4771,4928,11083,5333,5750,9695,4678,5017,5537,2703,2834,1385,644,741,
6950,5549,2652,2897,9706,4774,4932,11091,5336,5755,9702,4680,5022,5541,2705,2836,1386,645,741,
6955,5553,2653,2900,9713,4774,4939,11099,5338,5761,9709,4683,5026,5545,2706,2839,1387,646,741,
6960,5557,2655,2902,9720,4778,4942,11107,5342,5765,9716,4689,5027,5549,2707,2842,1388,647,741,
6965,5561,2656,2905,9727,4781,4946,11115,5345,5770,9723,4692,5031,5553,2709,2844,1389,648,741,
6970,5565,2658,2907,9734,4785,4949,11123,5348,5775,9730,4695,5035,5557,2710,2847,1390,649,741,
6975,5569,2660,2909,9741,4788,4953,11131,5351,5780,9737,4697,5040,5561,2711,2850,1391,649,742,
6980,5573,2661,2912,9748,4791,4957,11139,5355,5784,9744,4699,5045,5565,2712,2853,1392,650,742,
6985,5577,2663,2914,9755,4795,4960,11147,5359,5788,9751,4701,5050,5569,2715,2854,1393,651,742,
6990,5581,2666,2915,9762,4798,4964,11155,5363,5792,9758,4704,5054,5573,2716,2857,1394,652,742,
6995,5585,2666,2919,9769,4801,4968,11163,5364,5799,9765,4706,5059,5577,2716,2861,1395,653,742,
7000,5589,2669,2920,9776,4805,4971,11171,5369,5802,9772,4710,5062,5581,2719,2862,1396,654,742,
7005,5593,2670,2923,9783,4809,4974,11179,5374,5805,9779,4712,5067,5585,2721,2864,1397,655,742,
7010,5597,2672,2925,9790,4811,4979,11187,5378,5809,9786,4716,5070,5589,2724,2865,1398,655,743,
7015,5601,2675,2926,9797,4816,4981,11195,5381,5814,9793,4717,5076,5593,2724,2869,1399,655,744,
7020,5605,2677,2928,9804,4818,4986,11203,5383,5820,9800,4718,5082,5597,2726,2871,1400,655,745,
7025,5609,2679,2930,9811,4821,4990,11211,5389,5822,9807,4723,5084,5601,2728,2873,1401,655,746,
7030,5613,2682,2931,9818,4826,4992,11219,5393,5826,9814,4727,5087,5605,2730,2875,1402,655,747,
7035,5617,2682,2935,9825,4829,4996,11227,5395,5832,9821,4729,5092,5609,2733,2876,1403,655,748,
7040,5621,2685,2936,9832,4833,4999,11235,5401,5834,9828,4735,5093,5613,2733,2880,1404,655,749,
7045,5625,2688,2937,9839,4838,5001,11243,5404,5839,9835,4737,5098,5617,2735,2882,1405,656,749,
7050,5629,2689,2940,9846,4842,5004,11251,5406,5845,9842,4741,5101,5621,2738,2883,1406,657,749,
7055,5633,2690,2943,9853,4845,5008,11259,5411,5848,9849,4746,5103,5625,2740,2885,1407,657,750,
7060,5637,2692,2945,9860,4849,5011,11267,5416,5851,9856,4752,5104,5629,2743,2886,1408,657,751,
7065,5641,2694,2947,9867,4853,5014,11275,5418,5857,9863,4756,5107,5633,2746,2887,1409,657,752,
7070,5645,2697,2948,9874,4856,5018,11283,5421,5862,9870,4758,5112,5637,2747,2890,1410,657,753,
7075,5649,2699,2950,9881,4860,5021,11291,5424,5867,9877,4764,5113,5641,2747,2894,1411,657,754,
7080,5653,2702,2951,9888,4865,5023,11299,5426,5873,9884,4768,5116,5645,2748,2897,1412,657,755,
7085,5657,2704,2953,9895,4869,5026,11307,5430,5877,9891,4772,5119,5649,2750,2899,1413,658,755,
7090,5661,2706,2955,9902,4872,5030,11315,5435,5880,9898,4776,5122,5653,2752,2901,1414,658,756,
7095,5665,2707,2958,9909,4876,5033,11323,5438,5885,9905,4777,5128,5657,2754,2903,1415,659,756,
7100,5669,2710,2959,9916,4877,5039,11331,5442,5889,9912,4781,5131,5661,2755,2906,1416,660,756,
7105,5673,2710,2963,9923,4879,5044,11339,5445,5894,9919,4783,5136,5665,2757,2908,1417,660,757,
7110,5677,2710,2967,9930,4880,5050,11347,5449,5898,9926,4786,5140,5669,2759,2910,1418,661,757,
7115,5681,2713,2968,9937,4881,5056,11355,5454,5901,9933,4790,5143,5673,2762,2911,1419,662,757,
7120,5685,2715,2970,9944,4885,5059,11363,5457,5906,9940,4794,5146,5677,2764,2913,1420,662,758,
7125,5689,2715,2974,9951,4888,5063,11371,5462,5909,9947,4798,5149,5681,2765,2916,1421,662,759,
7130,5693,2717,2976,9958,4892,5066,11379,5463,5916,9954,4802,5152,5685,2768,2917,1422,663,759,
7135,5697,2720,2977,9965,4895,5070,11387,5468,5919,9961,4805,5156,5689,2771,2918,1423,663,760,
7140,5701,2721,2980,9972,4900,5072,11395,5472,5923,9968,4808,5160,5693,2774,2919,1424,664,760,
7145,5705,2724,2981,9979,4904,5075,11403,5476,5927,9975,4813,5162,5697,2776,2921,1425,665,760,
7150,5709,2727,2982,9986,4908,5078,11411,5479,5932,9982,4818,5164,5701,2778,2923,1426,666,760,
7155,5713,2728,2985,9993,4909,5084,11419,5483,5936,9989,4822,5167,5705,2778,2927,1427,666,761,
7160,5717,2730,2987,10000,4914,5086,11427,5488,5939,9996,4825,5171,5709,2781,2928,1428,667,761,
7165,5721,2732,2989,10007,4917,5090,11435,5491,5944,10003,4830,5173,5713,2782,2931,1429,667,762,
7170,5725,2734,2991,10014,4920,5094,11443,5495,5948,10010,4833,5177,5717,2783,2934,1430,667,763,
7175,5729,2738,2991,10021,4925,5096,11451,5499,5952,10017,4834,5183,5721,2786,2935,1431,668,763,
7180,5733,2742,2991,10028,4930,5098,11459,5504,5955,10024,4840,5184,5725,2788,2937,1432,669,763,
7185,5737,2743,2994,10035,4933,5102,11467,5508,5959,10031,4844,5187,5729,2790,2939,1433,669,764,
7190,5741,2746,2995,10042,4935,5107,11475,5515,5960,10038,4848,5190,5733,2792,2941,1434,669,765,
7195,5745,2747,2998,10049,4939,5110,11483,5517,5966,10045,4853,5192,5737,2794,2943,1435,669,766,
7200,5749,2749,3000,10056,4941,5115,11491,5522,5969,10052,4857,5195,5741,2797,2944,1436,670,766,
7205,5753,2751,3002,10063,4946,5117,11499,5525,5974,10059,4860,5199,5745,2798,2947,1437,670,767,
7210,5757,2753,3004,10070,4948,5122,11507,5528,5979,10066,4863,5203,5749,2799,2950,1438,671,767,
7215,5761,2754,3007,10077,4951,5126,11515,5534,5981,10073,4866,5207,5753,2800,2953,1439,672,767,
7220,5765,2755,3010,10084,4954,5130,11523,5540,5983,10080,4869,5211,5757,2801,2956,1440,672,768,
7225,5769,2755,3014,10091,4958,5133,11531,5545,5986,10087,4871,5216,5761,2803,2958,1441,672,769,
7230,5773,2755,3018,10098,4960,5138,11539,5550,5989,10094,4874,5220,5765,2806,2959,1442,672,770,
7235,5777,2756,3021,10105,4963,5142,11547,5555,5992,10101,4875,5226,5769,2807,2962,1443,673,770,
7240,5781,2758,3023,10112,4966,5146,11555,5557,5998,10108,4879,5229,5773,2808,2965,1444,673,771,
7245,5785,2759,3026,10119,4969,5150,11563,5561,6002,10115,4879,5236,5777,2810,2967,1445,673,772,
7250,5789,2761,3028,10126,4972,5154,11571,5565,6006,10122,4882,5240,5781,2813,2968,1446,673,773,
7255,5793,2764,3029,10133,4973,5160,11579,5566,6013,10129,4884,5245,5785,2815,2970,1447,673,774,
7260,5797,2766,3031,10140,4976,5164,11587,5570,6017,10136,4891,5245,5789,2817,2972,1448,673,775,
7265,5801,2767,3034,10147,4981,5166,11595,5573,6022,10143,4895,5248,5793,2818,2975,1449,673,776,
7270,5805,2770,3035,10154,4985,5169,11603,5579,6024,10150,4900,5250,5797,2820,2977,1450,674,776,
7275,5809,2772,3037,10161,4989,5172,11611,5583,6028,10157,4903,5254,5801,2823,2978,1451,675,776,
7280,5813,2774,3039,10168,4992,5176,11619,5589,6030,10164,4909,5255,5805,2825,2980,1452,675,777,
7285,5817,2775,3042,10175,4995,5180,11627,5593,6034,10171,4910,5261,5809,2826,2983,1453,676,777,
7290,5821,2775,3046,10182,4997,5185,11635,5596,6039,10178,4913,5265,5813,2828,2985,1454,677,777,
7295,5825,2775,3050,10189,5000,5189,11643,5600,6043,10185,4917,5268,5817,2830,2987,1455,678,777,
7300,5829,2776,3053,10196,5003,5193,11651,5603,6048,10192,4922,5270,5821,2831,2990,1456,678,778,
7305,5833,2779,3054,10203,5007,5196,11659,5604,6055,10199,4925,5274,5825,2834,2991,1457,679,778,
7310,5837,2781,3056,10210,5011,5199,11667,5607,6060,10206,4927,5279,5829,2836,2993,1458,679,779,
7315,5841,2783,3058,10217,5014,5203,11675,5613,6062,10213,4932,5281,5833,2838,2995,1459,680,779,
7320,5845,2784,3061,10224,5017,5207,11683,5617,6066,10220,4934,5286,5837,2840,2997,1460,680,780,
7325,5849,2786,3063,10231,5020,5211,11691,5621,6070,10227,4937,5290,5841,2841,3000,1461,681,780,
7330,5853,2788,3065,10238,5023,5215,11699,5623,6076,10234,4940,5294,5845,2842,3003,1462,682,780,
7335,5857,2790,3067,10245,5027,5218,11707,5631,6076,10241,4944,5297,5849,2845,3004,1463,683,780,
7340,5861,2792,3069,10252,5029,5223,11715,5635,6080,10248,4947,5301,5853,2848,3005,1464,683,781,
7345,5865,2794,3071,10259,5033,5226,11723,5640,6083,10255,4950,5305,5857,2850,3007,1465,684,781,
7350,5869,2798,3071,10266,5035,5231,11731,5643,6088,10262,4953,5309,5861,2852,3009,1466,684,782,
7355,5873,2798,3075,10273,5039,5234,11739,5645,6094,10269,4956,5313,5865,2854,3011,1467,684,783,
7360,5877,2799,3078,10280,5043,5237,11747,5649,6098,10276,4959,5317,5869,2857,3012,1468,685,783,
7365,5881,2801,3080,10287,5047,5240,11755,5653,6102,10283,4962,5321,5873,2859,3014,1469,686,783,
7370,5885,2804,3081,10294,5049,5245,11763,5659,6104,10290,4966,5324,5877,2860,3017,1470,687,783,
7375,5889,2806,3083,10301,5054,5247,11771,5663,6108,10297,4971,5326,5881,2862,3019,1471,688,783,
7380,5893,2808,3085,10308,5058,5250,11779,5668,6111,10304,4976,5328,5885,2864,3021,1472,688,784,
7385,5897,2808,3089,10315,5060,5255,11787,5671,6116,10311,4981,5330,5889,2866,3023,1473,688,785,
7390,5901,2809,3092,10322,5061,5261,11795,5675,6120,10318,4983,5335,5893,2868,3025,1474,689,785,
7395,5905,2812,3093,10329,5065,5264,11803,5678,6125,10325,4987,5338,5897,2869,3028,1475,689,786,
7400,5909,2813,3096,10336,5068,5268,11811,5682,6129,10332,4990,5342,5901,2870,3031,1476,689,787,
7405,5913,2817,3096,10343,5070,5273,11819,5688,6131,10339,4994,5345,5905,2873,3032,1477,690,787,
7410,5917,2818,3099,10350,5073,5277,11827,5694,6133,10346,4997,5349,5909,2874,3035,1478,691,787,
7415,5921,2820,3101,10357,5076,5281,11835,5700,6135,10353,5000,5353,5913,2876,3037,1479,692,787,
7420,5925,2822,3103,10364,5080,5284,11843,5706,6137,10360,5004,5356,5917,2878,3039,1480,693,787,
7425,5929,2824,3105,10371,5083,5288,11851,5710,6141,10367,5008,5359,5921,2882,3039,1481,694,787,
7430,5933,2826,3107,10378,5087,5291,11859,5715,6144,10374,5012,5362,5925,2886,3039,1482,694,788,
7435,5937,2829,3108,10385,5091,5294,11867,5716,6151,10381,5017,5364,5929,2887,3042,1483,694,789,
7440,5941,2830,3111,10392,5096,5296,11875,5719,6156,10388,5020,5368,5933,2889,3044,1484,695,789,
7445,5945,2832,3113,10399,5100,5299,11883,5722,6161,10395,5024,5371,5937,2889,3048,1485,696,789,
7450,5949,2833,3116,10406,5102,5304,11891,5727,6164,10402,5027,5375,5941,2889,3052,1486,696,790,
7455,5953,2834,3119,10413,5106,5307,11899,5732,6167,10409,5029,5380,5945,2891,3054,1487,696,791,
7460,5957,2838,3119,10420,5110,5310,11907,5737,6170,10416,5031,5385,5949,2893,3056,1488,696,792,
7465,5961,2840,3121,10427,5112,5315,11915,5743,6172,10423,5033,5390,5953,2896,3057,1489,696,793,
7470,5965,2843,3122,10434,5116,5318,11923,5748,6175,10430,5037,5393,5957,2898,3059,1490,696,794,
7475,5969,2846,3123,10441,5119,5322,11931,5751,6180,10437,5038,5399,5961,2902,3059,1491,697,794,
7480,5973,2848,3125,10448,5122,5326,11939,5755,6184,10444,5043,5401,5965,2905,3060,1492,697,795,
7485,5977,2851,3126,10455,5126,5329,11947,5760,6187,10451,5047,5404,5969,2907,3062,1493,697,796,
7490,5981,2854,3127,10462,5130,5332,11955,5763,6192,10458,5050,5408,5973,2908,3065,1494,698,796,
7495,5985,2855,3130,10469,5135,5334,11963,5767,6196,10465,5055,5410,5977,2910,3067,1495,699,796,
7500,5989,2858,3131,10476,5138,5338,11971,5771,6200,10472,5057,5415,5981,2911,3070,1496,700,796,
7505,5993,2859,3134,10483,5141,5342,11979,5773,6206,10479,5061,5418,5985,2913,3072,1497,701,796,
7510,5997,2861,3136,10490,5146,5344,11987,5777,6210,10486,5065,5421,5989,2917,3072,1498,701,797,
7515,6001,2861,3140,10497,5149,5348,11995,5780,6215,10493,5068,5425,5993,2920,3073,1499,701,798,
7520,6005,2863,3142,10504,5152,5352,12003,5783,6220,10500,5069,5431,5997,2923,3074,1500,702,798,
7525,6009,2865,3144,10511,5156,5355,12011,5785,6226,10507,5072,5435,6001,2926,3075,1501,703,798,
7530,6013,2868,3145,10518,5159,5359,12019,5789,6230,10514,5074,5440,6005,2927,3078,1502,704,798,
7535,6017,2870,3147,10525,5165,5360,12027,5793,6234,10521,5077,5444,6009,2929,3080,1503,705,798,
7540,6021,2872,3149,10532,5168,5364,12035,5795,6240,10528,5081,5447,6013,2930,3083,1504,705,799,
7545,6025,2874,3151,10539,5173,5366,12043,5799,6244,10535,5081,5454,6017,2933,3084,1505,706,799,
7550,6029,2876,3153,10546,5177,5369,12051,5803,6248,10542,5084,5458,6021,2936,3085,1506,707,799,
7555,6033,2877,3156,10553,5179,5374,12059,5810,6249,10549,5086,5463,6025,2939,3086,1507,708,799,
7560,6037,2878,3159,10560,5181,5379,12067,5817,6250,10556,5089,5467,6029,2941,3088,1508,708,800,
7565,6041,2879,3162,10567,5185,5382,12075,5822,6253,10563,5094,5469,6033,2943,3090,1509,709,800,
7570,6045,2879,3166,10574,5187,5387,12083,5823,6260,10570,5099,5471,6037,2944,3093,1510,709,801,
7575,6049,2880,3169,10581,5190,5391,12091,5828,6263,10577,5102,5475,6041,2946,3095,1511,709,802,
7580,6053,2883,3170,10588,5194,5394,12099,5832,6267,10584,5104,5480,6045,2947,3098,1512,709,803,
7585,6057,2885,3172,10595,5198,5397,12107,5836,6271,10591,5108,5483,6049,2950,3099,1513,709,804,
7590,6061,2886,3175,10602,5202,5400,12115,5843,6272,10598,5113,5485,6053,2951,3102,1514,709,805,
7595,6065,2889,3176,10609,5205,5404,12123,5848,6275,10605,5118,5487,6057,2952,3105,1515,710,805,
7600,6069,2891,3178,10616,5208,5408,12131,5855,6276,10612,5119,5493,6061,2955,3106,1516,711,805,
7605,6073,2892,3181,10623,5210,5413,12139,5857,6282,10619,5122,5497,6065,2957,3108,1517,711,806,
7610,6077,2894,3183,10630,5213,5417,12147,5860,6287,10626,5127,5499,6069,2959,3110,1518,711,807,
7615,6081,2894,3187,10637,5218,5419,12155,5865,6290,10633,5130,5503,6073,2960,3113,1519,712,807,
7620,6085,2897,3188,10644,5220,5424,12163,5871,6292,10640,5132,5508,6077,2962,3115,1520,712,808,
7625,6089,2898,3191,10651,5222,5429,12171,5874,6297,10647,5136,5511,6081,2963,3118,1521,712,809,
7630,6093,2898,3195,10658,5226,5432,12179,5876,6303,10654,5138,5516,6085,2966,3119,1522,712,810,
7635,6097,2901,3196,10665,5229,5436,12187,5882,6305,10661,5142,5519,6089,2969,3120,1523,712,811,
7640,6101,2902,3199,10672,5231,5441,12195,5888,6307,10668,5145,5523,6093,2972,3121,1524,713,811,
7645,6105,2905,3200,10679,5232,5447,12203,5891,6312,10675,5146,5529,6097,2975,3122,1525,713,812,
7650,6109,2908,3201,10686,5235,5451,12211,5893,6318,10682,5150,5532,6101,2976,3125,1526,714,812,
7655,6113,2911,3202,10693,5237,5456,12219,5896,6323,10689,5155,5534,6105,2976,3129,1527,715,812,
7660,6117,2913,3204,10700,5240,5460,12227,5900,6327,10696,5156,5540,6109,2979,3130,1528,716,812,
7665,6121,2914,3207,10707,5245,5462,12235,5904,6331,10703,5157,5546,6113,2980,3133,1529,717,812,
7670,6125,2916,3209,10714,5249,5465,12243,5905,6338,10710,5159,5551,6117,2981,3136,1530,717,813,
7675,6129,2918,3211,10721,5251,5470,12251,5908,6343,10717,5162,5555,6121,2983,3138,1531,718,813,
7680,6133,2921,3212,10728,5256,5472,12259,5910,6349,10724,5167,5557,6125,2984,3141,1532,718,814,
7685,6137,2922,3215,10735,5258,5477,12267,5912,6355,10731,5169,5562,6129,2986,3143,1533,718,815,
7690,6141,2923,3218,10742,5259,5483,12275,5916,6359,10738,5171,5567,6133,2987,3146,1534,719,815,
7695,6145,2924,3221,10749,5262,5487,12283,5920,6363,10745,5174,5571,6137,2990,3147,1535,720,815,
7700,6149,2927,3222,10756,5266,5490,12291,5925,6366,10752,5178,5574,6141,2991,3150,1536,721,815,
7705,6153,2930,3223,10763,5269,5494,12299,5930,6369,10759,5181,5578,6145,2992,3153,1537,721,816,
7710,6157,2932,3225,10770,5271,5499,12307,5936,6371,10766,5187,5579,6149,2994,3155,1538,721,817,
7715,6161,2935,3226,10777,5275,5502,12315,5942,6373,10773,5189,5584,6153,2996,3157,1539,722,817,
7720,6165,2938,3227,10784,5278,5506,12323,5947,6376,10780,5195,5585,6157,2997,3160,1540,722,818,
7725,6169,2940,3229,10791,5281,5510,12331,5952,6379,10787,5199,5588,6161,2999,3162,1541,722,819,
7730,6173,2942,3231,10798,5285,5513,12339,5957,6382,10794,5203,5591,6165,3001,3164,1542,722,820,
7735,6177,2945,3232,10805,5289,5516,12347,5962,6385,10801,5205,5596,6169,3003,3166,1543,723,820,
7740,6181,2947,3234,10812,5290,5522,12355,5967,6388,10808,5208,5600,6173,3005,3168,1544,723,821,
7745,6185,2949,3236,10819,5294,5525,12363,5968,6395,10815,5210,5605,6177,3005,3172,1545,723,822,
7750,6189,2950,3239,10826,5297,5529,12371,5972,6399,10822,5211,5611,6181,3007,3174,1546,724,822,
7755,6193,2954,3239,10833,5302,5531,12379,5976,6403,10829,5212,5617,6185,3009,3176,1547,725,822,
7760,6197,2954,3243,10840,5304,5536,12387,5982,6405,10836,5215,5621,6189,3012,3177,1548,725,823,
7765,6201,2955,3246,10847,5306,5541,12395,5986,6409,10843,5221,5622,6193,3013,3180,1549,725,824,
7770,6205,2958,3247,10854,5309,5545,12403,5991,6412,10850,5223,5627,6197,3017,3180,1550,726,824,
7775,6209,2960,3249,10861,5312,5549,12411,5995,6416,10857,5226,5631,6201,3017,3184,1551,726,825,
7780,6213,2962,3251,10868,5316,5552,12419,6000,6419,10864,5231,5633,6205,3019,3186,1552,726,826,
7785,6217,2964,3253,10875,5319,5556,12427,6007,6420,10871,5236,5635,6209,3021,3188,1553,726,827,
7790,6221,2965,3256,10882,5324,5558,12435,6010,6425,10878,5241,5637,6213,3023,3190,1554,727,827,
7795,6225,2967,3258,10889,5328,5561,12443,6011,6432,10885,5243,5642,6217,3024,3193,1555,727,828,
7800,6229,2968,3261,10896,5332,5564,12451,6015,6436,10892,5245,5647,6221,3026,3195,1556,728,828,
7805,6233,2969,3264,10903,5337,5566,12459,6020,6439,10899,5250,5649,6225,3027,3198,1557,728,829,
7810,6237,2971,3266,10910,5340,5570,12467,6022,6445,10906,5254,5652,6229,3028,3201,1558,728,830,
7815,6241,2974,3267,10917,5342,5575,12475,6024,6451,10913,5260,5653,6233,3030,3203,1559,729,830,
7820,6245,2975,3270,10924,5346,5578,12483,6027,6456,10920,5264,5656,6237,3033,3204,1560,729,831,
7825,6249,2975,3274,10931,5349,5582,12491,6031,6460,10927,5266,5661,6241,3035,3206,1561,729,832,
7830,6253,2977,3276,10938,5353,5585,12499,6035,6464,10934,5269,5665,6245,3036,3209,1562,730,832,
7835,6257,2979,3278,10945,5359,5586,12507,6039,6468,10941,5272,5669,6249,3038,3211,1563,730,833,
7840,6261,2981,3280,10952,5362,5590,12515,6041,6474,10948,5277,5671,6253,3040,3213,1564,731,833,
7845,6265,2983,3282,10959,5367,5592,12523,6045,6478,10955,5280,5675,6257,3042,3215,1565,731,834,
7850,6269,2986,3283,10966,5370,5596,12531,6049,6482,10962,5283,5679,6261,3044,3217,1566,732,834,
7855,6273,2989,3284,10973,5372,5601,12539,6052,6487,10969,5284,5685,6265,3046,3219,1567,732,835,
7860,6277,2992,3285,10980,5375,5605,12547,6055,6492,10976,5286,5690,6269,3050,3219,1568,732,836,
7865,6281,2995,3286,10987,5377,5610,12555,6059,6496,10983,5288,5695,6273,3053,3220,1569,733,836,
7870,6285,2997,3288,10994,5382,5612,12563,6062,6501,10990,5292,5698,6277,3056,3221,1570,734,836,
7875,6289,2999,3290,11001,5387,5614,12571,6065,6506,10997,5296,5701,6281,3057,3224,1571,734,837,
7880,6293,3000,3293,11008,5393,5615,12579,6069,6510,11004,5300,5704,6285,3060,3225,1572,734,838,
7885,6297,3003,3294,11015,5397,5618,12587,6073,6514,11011,5302,5709,6289,3062,3227,1573,734,839,
7890,6301,3004,3297,11022,5400,5622,12595,6076,6519,11018,5304,5714,6293,3064,3229,1574,734,840,
7895,6305,3005,3300,11029,5402,5627,12603,6082,6521,11025,5309,5716,6297,3067,3230,1575,734,841,
7900,6309,3006,3303,11036,5405,5631,12611,6084,6527,11032,5311,5721,6301,3067,3234,1576,735,841,
7905,6313,3007,3306,11043,5409,5634,12619,6087,6532,11039,5313,5726,6305,3068,3237,1577,736,841,
7910,6317,3008,3309,11050,5412,5638,12627,6089,6538,11046,5316,5730,6309,3070,3239,1578,737,841,
7915,6321,3011,3310,11057,5416,5641,12635,6093,6542,11053,5319,5734,6313,3073,3240,1579,737,842,
7920,6325,3013,3312,11064,5417,5647,12643,6096,6547,11060,5320,5740,6317,3073,3244,1580,738,842,
7925,6329,3016,3313,11071,5420,5651,12651,6102,6549,11067,5327,5740,6321,3075,3246,1581,739,842,
7930,6333,3018,3315,11078,5422,5656,12659,6106,6553,11074,5330,5744,6325,3078,3247,1582,740,842,
7935,6337,3021,3316,11085,5425,5660,12667,6111,6556,11081,5332,5749,6329,3081,3248,1583,740,843,
7940,6341,3023,3318,11092,5430,5662,12675,6115,6560,11088,5337,5751,6333,3084,3249,1584,741,843,
7945,6345,3023,3322,11099,5432,5667,12683,6119,6564,11095,5341,5754,6337,3086,3251,1585,742,843,
7950,6349,3026,3323,11106,5436,5670,12691,6124,6567,11102,5346,5756,6341,3088,3253,1586,743,843,
7955,6353,3028,3325,11113,5439,5674,12699,6126,6573,11109,5348,5761,6345,3091,3254,1587,743,844,
7960,6357,3029,3328,11120,5445,5675,12707,6132,6575,11116,5350,5766,6349,3094,3255,1588,743,845,
7965,6361,3030,3331,11127,5448,5679,12715,6134,6581,11123,5355,5768,6353,3096,3257,1589,744,845,
7970,6365,3032,3333,11134,5452,5682,12723,6138,6585,11130,5356,5774,6357,3098,3259,1590,745,845,
7975,6369,3035,3334,11141,5454,5687,12731,6141,6590,11137,5358,5779,6361,3099,3262,1591,746,845,
7980,6373,3039,3334,11148,5457,5691,12739,6144,6595,11144,5361,5783,6365,3100,3265,1592,747,845,
7985,6377,3042,3335,11155,5460,5695,12747,6150,6597,11151,5364,5787,6369,3102,3267,1593,747,846,
7990,6381,3045,3336,11162,5466,5696,12755,6154,6601,11158,5367,5791,6373,3103,3270,1594,748,846,
7995,6385,3047,3338,11169,5468,5701,12763,6156,6607,11165,5370,5795,6377,3105,3272,1595,749,846,
8000,6389,3049,3340,11176,5470,5706,12771,6161,6610,11172,5372,5800,6381,3108,3273,1596,749,847,
8005,6393,3051,3342,11183,5473,5710,12779,6165,6614,11179,5377,5802,6385,3109,3276,1597,749,848,
8010,6397,3054,3343,11190,5476,5714,12787,6168,6619,11186,5380,5806,6389,3111,3278,1598,750,848,
8015,6401,3057,3344,11197,5477,5720,12795,6171,6624,11193,5383,5810,6393,3112,3281,1599,751,848,
8020,6405,3058,3347,11204,5482,5722,12803,6176,6627,11200,5386,5814,6397,3115,3282,1600,752,848,
8025,6409,3061,3348,11211,5484,5727,12811,6179,6632,11207,5390,5817,6401,3116,3285,1601,752,849,
8030,6413,3063,3350,11218,5490,5728,12819,6183,6636,11214,5394,5820,6405,3118,3287,1602,752,850,
8035,6417,3064,3353,11225,5491,5734,12827,6187,6640,11221,5401,5820,6409,3122,3287,1603,752,851,
8040,6421,3066,3355,11232,5494,5738,12835,6190,6645,11228,5405,5823,6413,3123,3290,1604,753,851,
8045,6425,3068,3357,11239,5495,5744,12843,6194,6649,11235,5407,5828,6417,3126,3291,1605,754,851,
8050,6429,3069,3360,11246,5498,5748,12851,6199,6652,11242,5411,5831,6421,3128,3293,1606,755,851,
8055,6433,3072,3361,11253,5500,5753,12859,6202,6657,11249,5415,5834,6425,3130,3295,1607,755,852,
8060,6437,3074,3363,11260,5501,5759,12867,6206,6661,11256,5418,5838,6429,3131,3298,1608,756,852,
8065,6441,3076,3365,11267,5505,5762,12875,6209,6666,11263,5419,5844,6433,3132,3301,1609,756,853,
8070,6445,3077,3368,11274,5509,5765,12883,6212,6671,11270,5423,5847,6437,3135,3302,1610,757,853,
8075,6449,3079,3370,11281,5512,5769,12891,6216,6675,11277,5428,5849,6441,3137,3304,1611,757,854,
8080,6453,3081,3372,11288,5519,5769,12899,6221,6678,11284,5430,5854,6445,3139,3306,1612,758,854,
8085,6457,3084,3373,11295,5520,5775,12907,6225,6682,11291,5433,5858,6449,3139,3310,1613,758,855,
8090,6461,3087,3374,11302,5522,5780,12915,6227,6688,11298,5436,5862,6453,3140,3313,1614,758,856,
8095,6465,3088,3377,11309,5527,5782,12923,6229,6694,11305,5438,5867,6457,3143,3314,1615,759,856,
8100,6469,3089,3380,11316,5528,5788,12931,6233,6698,11312,5441,5871,6461,3145,3316,1616,759,857,
8105,6473,3090,3383,11323,5530,5793,12939,6236,6703,11319,5446,5873,6465,3146,3319,1617,760,857,
8110,6477,3093,3384,11330,5534,5796,12947,6239,6708,11326,5451,5875,6469,3148,3321,1618,760,858,
8115,6481,3094,3387,11337,5537,5800,12955,6242,6713,11333,5454,5879,6473,3149,3324,1619,760,859,
8120,6485,3098,3387,11344,5539,5805,12963,6245,6718,11340,5457,5883,6477,3150,3327,1620,761,859,
8125,6489,3100,3389,11351,5544,5807,12971,6250,6721,11347,5462,5885,6481,3152,3329,1621,762,859,
8130,6493,3102,3391,11358,5549,5809,12979,6256,6723,11354,5465,5889,6485,3153,3332,1622,763,859,
8135,6497,3103,3394,11365,5552,5813,12987,6260,6727,11361,5469,5892,6489,3155,3334,1623,764,859,
8140,6501,3104,3397,11372,5557,5815,12995,6262,6733,11368,5472,5896,6493,3158,3335,1624,764,860,
8145,6505,3107,3398,11379,5560,5819,13003,6266,6737,11375,5475,5900,6497,3160,3337,1625,765,860,
8150,6509,3110,3399,11386,5564,5822,13011,6271,6740,11382,5478,5904,6501,3162,3339,1626,765,861,
8155,6513,3112,3401,11393,5566,5827,13019,6275,6744,11389,5480,5909,6505,3165,3340,1627,766,861,
8160,6517,3115,3402,11400,5570,5830,13027,6278,6749,11396,5486,5910,6509,3165,3344,1628,767,861,
8165,6521,3117,3404,11407,5573,5834,13035,6282,6753,11403,5490,5913,6513,3166,3347,1629,768,861,
8170,6525,3118,3407,11414,5576,5838,13043,6283,6760,11410,5494,5916,6517,3166,3351,1630,768,862,
8175,6529,3118,3411,11421,5581,5840,13051,6287,6764,11417,5496,5921,6521,3168,3353,1631,768,863,
8180,6533,3119,3414,11428,5583,5845,13059,6292,6767,11424,5499,5925,6525,3169,3356,1632,768,864,
8185,6537,3122,3415,11435,5589,5846,13067,6294,6773,11431,5503,5928,6529,3171,3358,1633,769,864,
8190,6541,3124,3417,11442,5593,5849,13075,6297,6778,11438,5505,5933,6533,3174,3359,1634,769,865,
8195,6545,3127,3418,11449,5596,5853,13083,6301,6782,11445,5510,5935,6537,3174,3363,1635,770,865,
8200,6549,3128,3421,11456,5600,5856,13091,6308,6783,11452,5514,5938,6541,3175,3366,1636,771,865,
8205,6553,3130,3423,11463,5603,5860,13099,6314,6785,11459,5516,5943,6545,3177,3368,1637,772,865,
8210,6557,3130,3427,11470,5608,5862,13107,6317,6790,11466,5517,5949,6549,3178,3371,1638,772,866,
8215,6561,3132,3429,11477,5613,5864,13115,6322,6793,11473,5522,5951,6553,3181,3372,1639,773,866,
8220,6565,3136,3429,11484,5617,5867,13123,6326,6797,11480,5524,5956,6557,3182,3375,1640,774,866,
8225,6569,3138,3431,11491,5621,5870,13131,6330,6801,11487,5528,5959,6561,3184,3377,1641,775,866,
8230,6573,3139,3434,11498,5623,5875,13139,6335,6804,11494,5530,5964,6565,3186,3379,1642,775,867,
8235,6577,3140,3437,11505,5627,5878,13147,6338,6809,11501,5532,5969,6569,3188,3381,1643,775,868,
8240,6581,3143,3438,11512,5628,5884,13155,6343,6812,11508,5534,5974,6573,3192,3381,1644,775,869,
8245,6585,3145,3440,11519,5631,5888,13163,6349,6814,11515,5537,5978,6577,3194,3383,1645,775,870,
8250,6589,3147,3442,11526,5634,5892,13171,6352,6819,11522,5538,5984,6581,3195,3386,1646,776,870,
8255,6593,3149,3444,11533,5638,5895,13179,6357,6822,11529,5542,5987,6585,3198,3387,1647,777,870,
8260,6597,3150,3447,11540,5642,5898,13187,6362,6825,11536,5545,5991,6589,3200,3389,1648,778,870,
8265,6601,3152,3449,11547,5646,5901,13195,6364,6831,11543,5549,5994,6593,3200,3393,1649,778,871,
8270,6605,3153,3452,11554,5648,5906,13203,6368,6835,11550,5555,5995,6597,3201,3396,1650,778,872,
8275,6609,3155,3454,11561,5654,5907,13211,6372,6839,11557,5558,5999,6601,3205,3396,1651,778,873,
8280,6613,3157,3456,11568,5657,5911,13219,6376,6843,11564,5562,6002,6605,3208,3397,1652,778,874,
8285,6617,3157,3460,11575,5660,5915,13227,6380,6847,11571,5566,6005,6609,3208,3401,1653,778,875,
8290,6621,3160,3461,11582,5665,5917,13235,6384,6851,11578,5571,6007,6613,3209,3404,1654,778,876,
8295,6625,3161,3464,11589,5668,5921,13243,6387,6856,11585,5575,6010,6617,3212,3405,1655,779,876,
8300,6629,3163,3466,11596,5671,5925,13251,6392,6859,11592,5579,6013,6621,3214,3407,1656,780,876,
8305,6633,3165,3468,11603,5671,5932,13259,6398,6861,11599,5581,6018,6625,3215,3410,1657,781,876,
8310,6637,3168,3469,11610,5674,5936,13267,6399,6868,11606,5584,6022,6629,3217,3412,1658,782,876,
8315,6641,3168,3473,11617,5680,5937,13275,6405,6870,11613,5589,6024,6633,3219,3414,1659,782,877,
8320,6645,3170,3475,11624,5681,5943,13283,6408,6875,11620,5594,6026,6637,3220,3417,1660,782,878,
8325,6649,3171,3478,11631,5684,5947,13291,6413,6878,11627,5597,6030,6641,3223,3418,1661,782,879,
8330,6653,3171,3482,11638,5688,5950,13299,6413,6886,11634,5600,6034,6645,3226,3419,1662,782,880,
8335,6657,3173,3484,11645,5692,5953,13307,6416,6891,11641,5603,6038,6649,3227,3422,1663,783,880,
8340,6661,3174,3487,11652,5697,5955,13315,6419,6896,11648,5606,6042,6653,3230,3423,1664,783,881,
8345,6665,3177,3488,11659,5699,5960,13323,6421,6902,11655,5610,6045,6657,3232,3425,1665,783,882,
8350,6669,3178,3491,11666,5700,5966,13331,6426,6905,11662,5615,6047,6661,3234,3427,1666,783,883,
8355,6673,3179,3494,11673,5704,5969,13339,6431,6908,11669,5617,6052,6665,3236,3429,1667,784,883,
8360,6677,3181,3496,11680,5709,5971,13347,6433,6914,11676,5619,6057,6669,3237,3432,1668,784,884,
8365,6681,3184,3497,11687,5712,5975,13355,6437,6918,11683,5623,6060,6673,3238,3435,1669,785,884,
8370,6685,3187,3498,11694,5714,5980,13363,6442,6921,11690,5628,6062,6677,3240,3437,1670,785,885,
8375,6689,3189,3500,11701,5717,5984,13371,6446,6925,11697,5631,6066,6681,3243,3438,1671,785,886,
8380,6693,3190,3503,11708,5722,5986,13379,6452,6927,11704,5636,6068,6685,3245,3440,1672,786,886,
8385,6697,3192,3505,11715,5726,5989,13387,6456,6931,11711,5640,6071,6689,3246,3443,1673,786,887,
8390,6701,3193,3508,11722,5728,5994,13395,6462,6933,11718,5642,6076,6693,3246,3447,1674,786,888,
8395,6705,3195,3510,11729,5730,5999,13403,6466,6937,11725,5647,6078,6697,3248,3449,1675,786,889,
8400,6709,3196,3513,11736,5733,6003,13411,6471,6940,11732,5650,6082,6701,3251,3450,1676,787,889,
8405,6713,3197,3516,11743,5737,6006,13419,6475,6944,11739,5654,6085,6705,3252,3453,1677,788,889,
8410,6717,3200,3517,11750,5740,6010,13427,6479,6948,11746,5656,6090,6709,3254,3455,1678,789,889,
8415,6721,3201,3520,11757,5741,6016,13435,6485,6950,11753,5661,6092,6713,3257,3456,1679,789,890,
8420,6725,3204,3521,11764,5744,6020,13443,6490,6953,11760,5666,6094,6717,3258,3459,1680,790,890,
8425,6729,3206,3523,11771,5747,6024,13451,6492,6959,11767,5666,6101,6721,3258,3463,1681,791,890,
8430,6733,3208,3525,11778,5752,6026,13459,6494,6965,11774,5669,6105,6725,3259,3466,1682,791,891,
8435,6737,3211,3526,11785,5756,6029,13467,6496,6971,11781,5672,6109,6729,3262,3467,1683,791,892,
8440,6741,3213,3528,11792,5758,6034,13475,6499,6976,11788,5674,6114,6733,3264,3469,1684,792,892,
8445,6745,3214,3531,11799,5762,6037,13483,6506,6977,11795,5679,6116,6737,3266,3471,1685,793,892,
8450,6749,3216,3533,11806,5765,6041,13491,6511,6980,11802,5681,6121,6741,3268,3473,1686,794,892,
8455,6753,3219,3534,11813,5772,6041,13499,6518,6981,11809,5684,6125,6745,3270,3475,1687,795,892,
8460,6757,3223,3534,11820,5773,6047,13507,6520,6987,11816,5688,6128,6749,3270,3479,1688,795,893,
8465,6761,3223,3538,11827,5777,6050,13515,6527,6988,11823,5689,6134,6753,3272,3481,1689,795,894,
8470,6765,3224,3541,11834,5778,6056,13523,6534,6989,11830,5692,6138,6757,3274,3483,1690,796,894,
8475,6769,3226,3543,11841,5782,6059,13531,6537,6994,11837,5695,6142,6761,3275,3486,1691,796,895,
8480,6773,3228,3545,11848,5785,6063,13539,6542,6997,11844,5696,6148,6765,3276,3489,1692,797,895,
8485,6777,3228,3549,11855,5791,6064,13547,6545,7002,11851,5699,6152,6769,3279,3490,1693,798,895,
8490,6781,3228,3553,11862,5795,6067,13555,6547,7008,11858,5702,6156,6773,3281,3492,1694,798,896,
8495,6785,3229,3556,11869,5799,6070,13563,6548,7015,11865,5705,6160,6777,3282,3495,1695,799,896,
8500,6789,3231,3558,11876,5804,6072,13571,6551,7020,11872,5707,6165,6781,3283,3498,1696,799,897,
8505,6793,3233,3560,11883,5808,6075,13579,6556,7023,11879,5711,6168,6785,3285,3500,1697,799,898,
8510,6797,3235,3562,11890,5809,6081,13587,6559,7028,11886,5713,6173,6789,3287,3502,1698,800,898,
8515,6801,3236,3565,11897,5812,6085,13595,6564,7031,11893,5716,6177,6793,3290,3503,1699,800,899,
8520,6805,3236,3569,11904,5814,6090,13603,6566,7037,11900,5720,6180,6797,3292,3505,1700,800,900,
8525,6809,3237,3572,11911,5818,6093,13611,6568,7043,11907,5722,6185,6801,3294,3507,1701,800,901,
8530,6813,3238,3575,11918,5824,6094,13619,6574,7045,11914,5725,6189,6805,3297,3508,1702,800,902,
8535,6817,3242,3575,11925,5825,6100,13627,6579,7048,11921,5728,6193,6809,3299,3510,1703,800,903,
8540,6821,3244,3577,11932,5829,6103,13635,6582,7053,11928,5732,6196,6813,3301,3512,1704,800,904,
8545,6825,3247,3578,11939,5831,6108,13643,6585,7058,11935,5735,6200,6817,3305,3512,1705,801,904,
8550,6829,3249,3580,11946,5835,6111,13651,6590,7061,11942,5739,6203,6821,3308,3513,1706,801,905,
8555,6833,3251,3582,11953,5838,6115,13659,6596,7063,11949,5741,6208,6825,3309,3516,1707,801,906,
8560,6837,3251,3586,11960,5842,6118,13667,6602,7065,11956,5744,6212,6829,3309,3520,1708,801,907,
8565,6841,3251,3590,11967,5845,6122,13675,6605,7070,11963,5748,6215,6833,3311,3522,1709,802,907,
8570,6845,3253,3592,11974,5850,6124,13683,6610,7073,11970,5750,6220,6837,3314,3523,1710,802,908,
8575,6849,3255,3594,11981,5854,6127,13691,6616,7075,11977,5755,6222,6841,3316,3525,1711,803,908,
8580,6853,3257,3596,11988,5855,6133,13699,6620,7079,11984,5758,6226,6845,3320,3525,1712,803,909,
8585,6857,3258,3599,11995,5859,6136,13707,6625,7082,11991,5761,6230,6849,3322,3527,1713,804,909,
8590,6861,3259,3602,12002,5861,6141,13715,6630,7085,11998,5763,6235,6853,3323,3530,1714,804,910,
8595,6865,3260,3605,12009,5863,6146,13723,6633,7090,12005,5767,6238,6857,3326,3531,1715,805,910,
8600,6869,3260,3609,12016,5864,6152,13731,6637,7094,12012,5772,6240,6861,3328,3533,1716,805,911,
8605,6873,3263,3610,12023,5869,6154,13739,6643,7096,12019,5776,6243,6865,3331,3534,1717,805,912,
8610,6877,3264,3613,12030,5871,6159,13747,6647,7100,12026,5779,6247,6869,3334,3535,1718,806,912,
8615,6881,3267,3614,12037,5876,6161,13755,6650,7105,12033,5781,6252,6873,3335,3538,1719,806,913,
8620,6885,3268,3617,12044,5881,6163,13763,6654,7109,12040,5785,6255,6877,3337,3540,1720,807,913,
8625,6889,3271,3618,12051,5883,6168,13771,6659,7112,12047,5789,6258,6881,3339,3542,1721,808,913,
8630,6893,3274,3619,12058,5887,6171,13779,6662,7117,12054,5790,6264,6885,3341,3544,1722,808,914,
8635,6897,3275,3622,12065,5890,6175,13787,6665,7122,12061,5792,6269,6889,3342,3547,1723,809,914,
8640,6901,3276,3625,12072,5894,6178,13795,6667,7128,12068,5796,6272,6893,3343,3550,1724,810,914,
8645,6905,3279,3626,12079,5899,6180,13803,6670,7133,12075,5799,6276,6897,3344,3553,1725,811,914,
8650,6909,3281,3628,12086,5903,6183,13811,6675,7136,12082,5804,6278,6901,3347,3554,1726,811,915,
8655,6913,3282,3631,12093,5906,6187,13819,6679,7140,12089,5807,6282,6905,3349,3556,1727,812,915,
8660,6917,3285,3632,12100,5912,6188,13827,6683,7144,12096,5810,6286,6909,3351,3558,1728,812,916,
8665,6921,3287,3634,12107,5915,6192,13835,6685,7150,12103,5811,6292,6913,3354,3559,1729,812,917,
8670,6925,3289,3636,12114,5917,6197,13843,6687,7156,12110,5813,6297,6917,3357,3560,1730,813,917,
8675,6929,3293,3636,12121,5924,6197,13851,6691,7160,12117,5815,6302,6921,3359,3562,1731,813,918,
8680,6933,3296,3637,12128,5927,6201,13859,6696,7163,12124,5819,6305,6925,3362,3563,1732,813,919,
8685,6937,3299,3638,12135,5930,6205,13867,6701,7166,12131,5824,6307,6929,3364,3565,1733,813,920,
8690,6941,3301,3640,12142,5935,6207,13875,6706,7169,12138,5829,6309,6933,3367,3566,1734,813,921,
8695,6945,3303,3642,12149,5938,6211,13883,6711,7172,12145,5832,6313,6937,3369,3568,1735,813,922,
8700,6949,3305,3644,12156,5940,6216,13891,6716,7175,12152,5835,6317,6941,3372,3569,1736,814,922,
8705,6953,3305,3648,12163,5943,6220,13899,6719,7180,12159,5838,6321,6945,3374,3571,1737,815,922,
8710,6957,3307,3650,12170,5948,6222,13907,6723,7184,12166,5841,6325,6949,3377,3572,1738,815,923,
8715,6961,3307,3654,12177,5950,6227,13915,6726,7189,12173,5844,6329,6953,3379,3574,1739,815,924,
8720,6965,3309,3656,12184,5954,6230,13923,6728,7195,12180,5847,6333,6957,3380,3577,1740,816,924,
8725,6969,3311,3658,12191,5958,6233,13931,6729,7202,12187,5849,6338,6961,3382,3579,1741,816,925,
8730,6973,3312,3661,12198,5963,6235,13939,6732,7207,12194,5853,6341,6965,3382,3583,1742,816,926,
8735,6977,3315,3662,12205,5966,6239,13947,6735,7212,12201,5857,6344,6969,3383,3586,1743,816,927,
8740,6981,3316,3665,12212,5969,6243,13955,6740,7215,12208,5861,6347,6973,3384,3589,1744,817,927,
8745,6985,3319,3666,12219,5974,6245,13963,6744,7219,12215,5865,6350,6977,3386,3591,1745,817,928,
8750,6989,3320,3669,12226,5978,6248,13971,6748,7223,12222,5868,6354,6981,3387,3594,1746,818,928,
8755,6993,3323,3670,12233,5982,6251,13979,6752,7227,12229,5872,6357,6985,3388,3597,1747,818,929,
8760,6997,3324,3673,12240,5987,6253,13987,6754,7233,12236,5875,6361,6989,3390,3599,1748,819,929,
8765,7001,3326,3675,12247,5990,6257,13995,6759,7236,12243,5879,6364,6993,3392,3601,1749,819,930,
8770,7005,3328,3677,12254,5991,6263,14003,6762,7241,12250,5882,6368,6997,3395,3602,1750,819,931,
8775,7009,3330,3679,12261,5993,6268,14011,6766,7245,12257,5887,6370,7001,3396,3605,1751,819,932,
8780,7013,3331,3682,12268,5996,6272,14019,6768,7251,12264,5892,6372,7005,3397,3608,1752,819,933,
8785,7017,3333,3684,12275,6001,6274,14027,6772,7255,12271,5894,6377,7009,3400,3609,1753,820,933,
8790,7021,3335,3686,12282,6005,6277,14035,6774,7261,12278,5897,6381,7013,3400,3613,1754,820,934,
8795,7025,3336,3689,12289,6006,6283,14043,6777,7266,12285,5902,6383,7017,3401,3616,1755,821,934,
8800,7029,3338,3691,12296,6010,6286,14051,6780,7271,12292,5904,6388,7021,3403,3618,1756,822,934,
8805,7033,3340,3693,12303,6013,6290,14059,6785,7274,12299,5908,6391,7025,3404,3621,1757,823,934,
8810,7037,3343,3694,12310,6017,6293,14067,6787,7280,12306,5911,6395,7029,3405,3624,1758,824,934,
8815,7041,3346,3695,12317,6020,6297,14075,6792,7283,12313,5915,6398,7033,3406,3627,1759,824,935,
8820,7045,3347,3698,12324,6023,6301,14083,6795,7288,12320,5916,6404,7037,3408,3629,1760,825,935,
8825,7049,3348,3701,12331,6026,6305,14091,6798,7293,12327,5921,6406,7041,3409,3632,1761,826,935,
8830,7053,3350,3703,12338,6029,6309,14099,6799,7300,12334,5925,6409,7045,3412,3633,1762,826,936,
8835,7057,3353,3704,12345,6032,6313,14107,6802,7305,12341,5927,6414,7049,3414,3635,1763,827,936,
8840,7061,3355,3706,12352,6036,6316,14115,6806,7309,12348,5933,6415,7053,3415,3638,1764,828,936,
8845,7065,3356,3709,12359,6039,6320,14123,6811,7312,12355,5934,6421,7057,3417,3640,1765,828,937,
8850,7069,3358,3711,12366,6042,6324,14131,6815,7316,12362,5936,6426,7061,3419,3642,1766,829,937,
8855,7073,3361,3712,12373,6046,6327,14139,6815,7324,12369,5939,6430,7065,3421,3644,1767,830,937,
8860,7077,3361,3716,12380,6049,6331,14147,6817,7330,12376,5941,6435,7069,3423,3646,1768,831,937,
8865,7081,3362,3719,12387,6053,6334,14155,6822,7333,12383,5946,6437,7073,3424,3649,1769,831,938,
8870,7085,3365,3720,12394,6056,6338,14163,6826,7337,12390,5951,6439,7077,3427,3650,1770,832,938,
8875,7089,3366,3723,12401,6059,6342,14171,6832,7339,12397,5955,6442,7081,3430,3651,1771,832,939,
8880,7093,3367,3726,12408,6060,6348,14179,6835,7344,12404,5958,6446,7085,3430,3655,1772,833,939,
8885,7097,3369,3728,12415,6066,6349,14187,6841,7346,12411,5964,6447,7089,3432,3657,1773,834,939,
8890,7101,3370,3731,12422,6071,6351,14195,6844,7351,12418,5968,6450,7093,3435,3658,1774,835,939,
8895,7105,3371,3734,12429,6076,6353,14203,6848,7355,12425,5971,6454,7097,3438,3659,1775,835,940,
8900,7109,3373,3736,12436,6077,6359,14211,6855,7356,12432,5974,6458,7101,3440,3661,1776,835,941,
8905,7113,3374,3739,12443,6083,6360,14219,6860,7359,12439,5978,6461,7105,3441,3664,1777,835,942,
8910,7117,3376,3741,12450,6087,6363,14227,6864,7363,12446,5981,6465,7109,3442,3667,1778,836,942,
8915,7121,3376,3745,12457,6090,6367,14235,6868,7367,12453,5985,6468,7113,3446,3667,1779,836,943,
8920,7125,3378,3747,12464,6091,6373,14243,6872,7371,12460,5985,6475,7117,3448,3669,1780,836,944,
8925,7129,3381,3748,12471,6096,6375,14251,6875,7376,12467,5988,6479,7121,3450,3671,1781,836,945,
8930,7133,3382,3751,12478,6099,6379,14259,6878,7381,12474,5990,6484,7125,3451,3674,1782,836,946,
8935,7137,3383,3754,12485,6102,6383,14267,6882,7385,12481,5993,6488,7129,3454,3675,1783,837,946,
8940,7141,3387,3754,12492,6107,6385,14275,6885,7390,12488,5997,6491,7133,3457,3676,1784,837,947,
8945,7145,3389,3756,12499,6111,6388,14283,6891,7392,12495,5997,6498,7137,3458,3679,1785,838,947,
8950,7149,3390,3759,12506,6114,6392,14291,6894,7397,12502,6000,6502,7141,3459,3682,1786,838,948,
8955,7153,3391,3762,12513,6118,6395,14299,6897,7402,12509,6004,6505,7145,3461,3684,1787,838,949,
8960,7157,3394,3763,12520,6120,6400,14307,6902,7405,12516,6007,6509,7149,3463,3686,1788,839,949,
8965,7161,3398,3763,12527,6123,6404,14315,6904,7411,12523,6010,6513,7153,3467,3686,1789,840,949,
8970,7165,3399,3766,12534,6126,6408,14323,6909,7414,12530,6014,6516,7157,3469,3688,1790,841,949,
8975,7169,3401,3768,12541,6129,6412,14331,6913,7418,12537,6016,6521,7161,3471,3690,1791,841,950,
8980,7173,3402,3771,12548,6134,6414,14339,6920,7419,12544,6017,6527,7165,3473,3692,1792,841,951,
8985,7177,3402,3775,12555,6135,6420,14347,6925,7422,12551,6020,6531,7169,3475,3694,1793,841,952,
8990,7181,3404,3777,12562,6140,6422,14355,6930,7425,12558,6023,6535,7173,3478,3695,1794,842,952,
8995,7185,3405,3780,12569,6141,6428,14363,6934,7429,12565,6025,6540,7177,3481,3696,1795,843,952,
9000,7189,3407,3782,12576,6143,6433,14371,6937,7434,12572,6027,6545,7181,3483,3698,1796,843,953,
9005,7193,3410,3783,12583,6146,6437,14379,6940,7439,12579,6027,6552,7185,3484,3701,1797,844,953,
9010,7197,3413,3784,12590,6148,6442,14387,6944,7443,12586,6030,6556,7189,3484,3705,1798,844,954,
9015,7201,3416,3785,12597,6150,6447,14395,6950,7445,12593,6035,6558,7193,3485,3708,1799,845,954,
9020,7205,3417,3788,12604,6154,6450,14403,6953,7450,12600,6039,6561,7197,3486,3711,1800,846,954,
9025,7209,3418,3791,12611,6158,6453,14411,6959,7452,12607,6041,6566,7201,3488,3713,1801,847,954,
9030,7213,3418,3795,12618,6160,6458,14419,6964,7455,12614,6045,6569,7205,3490,3715,1802,847,955,
9035,7217,3421,3796,12625,6166,6459,14427,6966,7461,12621,6050,6571,7209,3493,3716,1803,847,956,
9040,7221,3422,3799,12632,6168,6464,14435,6967,7468,12628,6053,6575,7213,3494,3719,1804,847,957,
9045,7225,3424,3801,12639,6172,6467,14443,6972,7471,12635,6055,6580,7217,3496,3721,1805,848,957,
9050,7229,3426,3803,12646,6174,6472,14451,6977,7474,12642,6058,6584,7221,3497,3724,1806,848,958,
9055,7233,3427,3806,12653,6176,6477,14459,6980,7479,12649,6061,6588,7225,3500,3725,1807,848,959,
9060,7237,3429,3808,12660,6179,6481,14467,6982,7485,12656,6063,6593,7229,3501,3728,1808,848,960,
9065,7241,3431,3810,12667,6183,6484,14475,6985,7490,12663,6065,6598,7233,3502,3731,1809,849,960,
9070,7245,3432,3813,12674,6189,6485,14483,6990,7493,12670,6067,6603,7237,3504,3733,1810,849,961,
9075,7249,3434,3815,12681,6191,6490,14491,6991,7500,12677,6070,6607,7241,3505,3736,1811,849,962,
9080,7253,3436,3817,12688,6193,6495,14499,6995,7504,12684,6073,6611,7245,3507,3738,1812,850,962,
9085,7257,3440,3817,12695,6196,6499,14507,6999,7508,12691,6080,6611,7249,3509,3740,1813,850,963,
9090,7261,3442,3819,12702,6198,6504,14515,7003,7512,12698,6082,6616,7253,3511,3742,1814,851,963,
9095,7265,3443,3822,12709,6202,6507,14523,7009,7514,12705,6088,6617,7257,3513,3744,1815,851,964,
9100,7269,3444,3825,12716,6205,6511,14531,7012,7519,12712,6091,6621,7261,3513,3748,1816,851,965,
9105,7273,3446,3827,12723,6208,6515,14539,7015,7524,12719,6094,6625,7265,3516,3749,1817,852,965,
9110,7277,3449,3828,12730,6211,6519,14547,7017,7530,12726,6098,6628,7269,3517,3752,1818,853,965,
9115,7281,3452,3829,12737,6213,6524,14555,7020,7535,12733,6103,6630,7273,3520,3753,1819,854,965,
9120,7285,3455,3830,12744,6218,6526,14563,7026,7537,12740,6104,6636,7277,3521,3756,1820,855,965,
9125,7289,3456,3833,12751,6224,6527,14571,7030,7541,12747,6108,6639,7281,3524,3757,1821,856,965,
9130,7293,3457,3836,12758,6229,6529,14579,7033,7546,12754,6110,6644,7285,3527,3758,1822,857,965,
9135,7297,3460,3837,12765,6234,6531,14587,7038,7549,12761,6112,6649,7289,3528,3761,1823,858,965,
9140,7301,3463,3838,12772,6238,6534,14595,7040,7555,12768,6117,6651,7293,3529,3764,1824,858,966,
9145,7305,3464,3841,12779,6242,6537,14603,7044,7559,12775,6120,6655,7297,3531,3766,1825,859,966,
9150,7309,3465,3844,12786,6246,6540,14611,7048,7563,12782,6126,6656,7301,3533,3768,1826,859,967,
9155,7313,3466,3847,12793,6250,6543,14619,7051,7568,12789,6131,6658,7305,3535,3770,1827,860,967,
9160,7317,3469,3848,12800,6253,6547,14627,7057,7570,12796,6136,6660,7309,3537,3772,1828,860,968,
9165,7321,3471,3850,12807,6257,6550,14635,7061,7574,12803,6139,6664,7313,3540,3773,1829,860,969,
9170,7325,3473,3852,12814,6259,6555,14643,7061,7582,12810,6142,6668,7317,3543,3774,1830,861,969,
9175,7329,3474,3855,12821,6263,6558,14651,7065,7586,12817,6148,6669,7321,3545,3776,1831,861,970,
9180,7333,3476,3857,12828,6265,6563,14659,7068,7591,12824,6153,6671,7325,3548,3777,1832,862,970,
9185,7337,3478,3859,12835,6268,6567,14667,7073,7594,12831,6154,6677,7329,3549,3780,1833,863,970,
9190,7341,3481,3860,12842,6271,6571,14675,7078,7597,12838,6156,6682,7333,3552,3781,1834,863,971,
9195,7345,3483,3862,12849,6273,6576,14683,7082,7601,12845,6160,6685,7337,3553,3784,1835,863,972,
9200,7349,3484,3865,12856,6277,6579,14691,7086,7605,12852,6163,6689,7341,3555,3786,1836,863,973,
9205,7353,3486,3867,12863,6278,6585,14699,7088,7611,12859,6167,6692,7345,3556,3789,1837,864,973,
9210,7357,3487,3870,12870,6281,6589,14707,7092,7615,12866,6170,6696,7349,3557,3792,1838,865,973,
9215,7361,3488,3873,12877,6283,6594,14715,7096,7619,12873,6172,6701,7353,3559,3794,1839,865,974,
9220,7365,3488,3877,12884,6285,6599,14723,7100,7623,12880,6176,6704,7357,3562,3795,1840,865,975,
9225,7369,3490,3879,12891,6288,6603,14731,7104,7627,12887,6178,6709,7361,3564,3797,1841,866,975,
9230,7373,3492,3881,12898,6291,6607,14739,7109,7630,12894,6180,6714,7365,3566,3799,1842,867,975,
9235,7377,3495,3882,12905,6293,6612,14747,7113,7634,12901,6184,6717,7369,3568,3801,1843,867,976,
9240,7381,3496,3885,12912,6296,6616,14755,7116,7639,12908,6187,6721,7373,3569,3804,1844,868,976,
9245,7385,3497,3888,12919,6299,6620,14763,7118,7645,12915,6190,6725,7377,3569,3808,1845,869,976,
9250,7389,3498,3891,12926,6302,6624,14771,7121,7650,12922,6193,6729,7381,3573,3808,1846,870,976,
9255,7393,3501,3892,12933,6307,6626,14779,7123,7656,12929,6197,6732,7385,3576,3809,1847,870,977,
9260,7397,3504,3893,12940,6313,6627,14787,7126,7661,12936,6200,6736,7389,3577,3812,1848,871,977,
9265,7401,3507,3894,12947,6317,6630,14795,7128,7667,12943,6204,6739,7393,3577,3816,1849,871,978,
9270,7405,3510,3895,12954,6318,6636,14803,7133,7670,12950,6206,6744,7397,3579,3818,1850,872,978,
9275,7409,3511,3898,12961,6324,6637,14811,7138,7673,12957,6209,6748,7401,3581,3820,1851,872,979,
9280,7413,3514,3899,12968,6326,6642,14819,7143,7676,12964,6211,6753,7405,3582,3823,1852,873,979,
9285,7417,3516,3901,12975,6331,6644,14827,7145,7682,12971,6213,6758,7409,3583,3826,1853,873,980,
9290,7421,3517,3904,12982,6337,6645,14835,7150,7685,12978,6219,6759,7413,3586,3827,1854,874,980,
9295,7425,3518,3907,12989,6338,6651,14843,7153,7690,12985,6222,6763,7417,3588,3829,1855,875,980,
9300,7429,3519,3910,12996,6339,6657,14851,7155,7696,12992,6224,6768,7421,3589,3832,1856,876,980,
9305,7433,3522,3911,13003,6344,6659,14859,7157,7702,12999,6228,6771,7425,3591,3834,1857,876,981,
9310,7437,3524,3913,13010,6348,6662,14867,7160,7707,13006,6231,6775,7429,3593,3836,1858,877,981,
9315,7441,3527,3914,13017,6349,6668,14875,7162,7713,13013,6234,6779,7433,3593,3840,1859,878,981,
9320,7445,3527,3918,13024,6351,6673,14883,7165,7718,13020,6237,6783,7437,3595,3842,1860,878,982,
9325,7449,3529,3920,13031,6354,6677,14891,7172,7719,13027,6241,6786,7441,3598,3843,1861,878,983,
9330,7453,3530,3923,13038,6358,6680,14899,7178,7721,13034,6244,6790,7445,3599,3846,1862,878,984,
9335,7457,3531,3926,13045,6363,6682,14907,7181,7726,13041,6247,6794,7449,3601,3848,1863,878,985,
9340,7461,3532,3929,13052,6366,6686,14915,7185,7730,13048,6252,6796,7453,3602,3851,1864,878,986,
9345,7465,3534,3931,13059,6369,6690,14923,7189,7734,13055,6256,6799,7457,3604,3853,1865,879,986,
9350,7469,3536,3933,13066,6370,6696,14931,7193,7738,13062,6260,6802,7461,3605,3856,1866,880,986,
9355,7473,3538,3935,13073,6374,6699,14939,7198,7741,13069,6262,6807,7465,3608,3857,1867,881,986,
9360,7477,3540,3937,13080,6378,6702,14947,7202,7745,13076,6264,6812,7469,3610,3859,1868,882,986,
9365,7481,3541,3940,13087,6382,6705,14955,7205,7750,13083,6267,6816,7473,3611,3862,1869,883,986,
9370,7485,3542,3943,13094,6386,6708,14963,7208,7755,13090,6270,6820,7477,3611,3866,1870,883,987,
9375,7489,3546,3943,13101,6391,6710,14971,7210,7761,13097,6274,6823,7481,3613,3868,1871,884,987,
9380,7493,3549,3944,13108,6395,6713,14979,7215,7764,13104,6280,6824,7485,3614,3871,1872,885,987,
9385,7497,3551,3946,13115,6400,6715,14987,7220,7767,13111,6285,6826,7489,3615,3874,1873,885,988,
9390,7501,3552,3949,13122,6404,6718,14995,7222,7773,13118,6288,6830,7493,3617,3876,1874,886,988,
9395,7505,3554,3951,13129,6405,6724,15003,7227,7776,13125,6291,6834,7497,3619,3878,1875,886,989,
9400,7509,3554,3955,13136,6411,6725,15011,7230,7781,13132,6293,6839,7501,3621,3880,1876,887,989,
9405,7513,3555,3958,13143,6415,6728,15019,7235,7784,13139,6296,6843,7505,3623,3882,1877,887,990,
9410,7517,3558,3959,13150,6416,6734,15027,7242,7785,13146,6302,6844,7509,3623,3886,1878,887,991,
9415,7521,3561,3960,13157,6420,6737,15035,7247,7788,13153,6305,6848,7513,3625,3888,1879,887,992,
9420,7525,3564,3961,13164,6424,6740,15043,7251,7792,13160,6310,6850,7517,3628,3889,1880,888,992,
9425,7529,3567,3962,13171,6426,6745,15051,7255,7796,13167,6313,6854,7521,3630,3891,1881,889,992,
9430,7533,3569,3964,13178,6431,6747,15059,7261,7798,13174,6317,6857,7525,3632,3893,1882,889,993,
9435,7537,3571,3966,13185,6436,6749,15067,7264,7803,13181,6321,6860,7529,3634,3895,1883,890,993,
9440,7541,3571,3970,13192,6441,6751,15075,7265,7810,13188,6323,6865,7533,3637,3896,1884,891,993,
9445,7545,3574,3971,13199,6444,6755,15083,7270,7813,13195,6326,6869,7537,3641,3896,1885,891,994,
9450,7549,3575,3974,13206,6445,6761,15091,7273,7818,13202,6329,6873,7541,3644,3897,1886,892,994,
9455,7553,3578,3975,13213,6446,6767,15099,7280,7819,13209,6334,6875,7545,3647,3898,1887,893,994,
9460,7557,3579,3978,13220,6452,6768,15107,7283,7824,13216,6337,6879,7549,3649,3900,1888,894,994,
9465,7561,3581,3980,13227,6455,6772,15115,7287,7828,13223,6341,6882,7553,3652,3901,1889,895,994,
9470,7565,3581,3984,13234,6458,6776,15123,7289,7834,13230,6344,6886,7557,3655,3902,1890,895,995,
9475,7569,3582,3987,13241,6461,6780,15131,7293,7838,13237,6347,6890,7561,3656,3905,1891,896,995,
9480,7573,3584,3989,13248,6463,6785,15139,7296,7843,13244,6352,6892,7565,3659,3906,1892,897,995,
9485,7577,3584,3993,13255,6464,6791,15147,7298,7849,13251,6356,6895,7569,3661,3908,1893,898,995,
9490,7581,3586,3995,13262,6468,6794,15155,7302,7853,13258,6359,6899,7573,3662,3911,1894,899,995,
9495,7585,3588,3997,13269,6472,6797,15163,7305,7858,13265,6361,6904,7577,3665,3912,1895,899,996,
9500,7589,3591,3998,13276,6476,6800,15171,7307,7864,13272,6362,6910,7581,3665,3916,1896,900,996,
9505,7593,3592,4001,13283,6479,6804,15179,7312,7867,13279,6366,6913,7585,3667,3918,1897,901,996,
9510,7597,3593,4004,13290,6479,6811,15187,7317,7870,13286,6370,6916,7589,3671,3918,1898,901,997,
9515,7601,3594,4007,13297,6482,6815,15195,7321,7874,13293,6375,6918,7593,3674,3919,1899,901,998,
9520,7605,3596,4009,13304,6486,6818,15203,7326,7877,13300,6378,6922,7597,3676,3921,1900,902,998,
9525,7609,3598,4011,13311,6487,6824,15211,7328,7883,13307,6384,6923,7601,3679,3922,1901,903,998,
9530,7613,3599,4014,13318,6491,6827,15219,7330,7889,13314,6388,6926,7605,3681,3924,1902,903,999,
9535,7617,3602,4015,13325,6494,6831,15227,7334,7893,13321,6392,6929,7609,3683,3926,1903,904,999,
9540,7621,3603,4018,13332,6495,6837,15235,7337,7898,13328,6396,6932,7613,3686,3927,1904,905,999,
9545,7625,3606,4019,13339,6497,6842,15243,7341,7902,13335,6398,6937,7617,3687,3930,1905,905,1000,
9550,7629,3608,4021,13346,6503,6843,15251,7344,7907,13342,6403,6939,7621,3690,3931,1906,906,1000,
9555,7633,3610,4023,13353,6507,6846,15259,7346,7913,13349,6406,6943,7625,3691,3934,1907,906,1001,
9560,7637,3613,4024,13360,6509,6851,15267,7350,7917,13356,6411,6945,7629,3694,3935,1908,906,1002,
9565,7641,3613,4028,13367,6513,6854,15275,7354,7921,13363,6412,6951,7633,3695,3938,1909,907,1002,
9570,7645,3614,4031,13374,6515,6859,15283,7359,7924,13370,6414,6956,7637,3697,3940,1910,907,1003,
9575,7649,3616,4033,13381,6516,6865,15291,7363,7928,13377,6417,6960,7641,3699,3942,1911,908,1003,
9580,7653,3619,4034,13388,6519,6869,15299,7367,7932,13384,6418,6966,7645,3701,3944,1912,908,1004,
9585,7657,3622,4035,13395,6523,6872,15307,7371,7936,13391,6423,6968,7649,3702,3947,1913,908,1005,
9590,7661,3623,4038,13402,6526,6876,15315,7376,7939,13398,6426,6972,7653,3704,3949,1914,909,1005,
9595,7665,3625,4040,13409,6529,6880,15323,7379,7944,13405,6430,6975,7657,3705,3952,1915,909,1006,
9600,7669,3627,4042,13416,6531,6885,15331,7382,7949,13412,6433,6979,7661,3708,3953,1916,909,1007,
9605,7673,3628,4045,13423,6534,6889,15339,7386,7953,13419,6436,6983,7665,3710,3955,1917,910,1007,
9610,7677,3630,4047,13430,6538,6892,15347,7389,7958,13426,6440,6986,7669,3712,3957,1918,910,1008,
9615,7681,3634,4047,13437,6540,6897,15355,7394,7961,13433,6442,6991,7673,3714,3959,1919,911,1008,
9620,7685,3635,4050,13444,6545,6899,15363,7399,7964,13440,6444,6996,7677,3717,3960,1920,912,1008,
9625,7689,3637,4052,13451,6550,6901,15371,7403,7968,13447,6446,7001,7681,3720,3961,1921,913,1008,
9630,7693,3640,4053,13458,6556,6902,15379,7408,7971,13454,6450,7004,7685,3722,3963,1922,913,1009,
9635,7697,3642,4055,13465,6561,6904,15387,7415,7972,13461,6451,7010,7689,3725,3964,1923,913,1010,
9640,7701,3644,4057,13472,6565,6907,15395,7419,7976,13468,6455,7013,7693,3726,3967,1924,913,1011,
9645,7705,3648,4057,13479,6569,6910,15403,7422,7981,13475,6460,7015,7697,3728,3969,1925,913,1012,
9650,7709,3648,4061,13486,6572,6914,15411,7425,7986,13482,6464,7018,7701,3732,3969,1926,913,1013,
9655,7713,3650,4063,13493,6576,6917,15419,7429,7990,13489,6470,7019,7705,3733,3972,1927,913,1014,
9660,7717,3652,4065,13500,6579,6921,15427,7433,7994,13496,6472,7024,7709,3735,3974,1928,914,1014,
9665,7721,3653,4068,13507,6582,6925,15435,7439,7996,13503,6475,7028,7713,3738,3975,1929,915,1014,
9670,7725,3654,4071,13514,6586,6928,15443,7443,8000,13510,6477,7033,7717,3740,3977,1930,916,1014,
9675,7729,3657,4072,13521,6589,6932,15451,7444,8007,13517,6480,7037,7721,3743,3978,1931,917,1014,
9680,7733,3659,4074,13528,6591,6937,15459,7445,8014,13524,6482,7042,7725,3743,3982,1932,917,1015,
9685,7737,3661,4076,13535,6596,6939,15467,7448,8019,13531,6486,7045,7729,3745,3984,1933,918,1015,
9690,7741,3661,4080,13542,6600,6942,15475,7451,8024,13538,6487,7051,7733,3746,3987,1934,918,1016,
9695,7745,3663,4082,13549,6603,6946,15483,7455,8028,13545,6491,7054,7737,3748,3989,1935,919,1016,
9700,7749,3666,4083,13556,6604,6952,15491,7459,8032,13552,6496,7056,7741,3749,3992,1936,919,1017,
9705,7753,3670,4083,13563,6608,6955,15499,7464,8035,13559,6499,7060,7745,3752,3993,1937,920,1017,
9710,7757,3671,4086,13570,6612,6958,15507,7467,8040,13566,6501,7065,7749,3755,3994,1938,921,1017,
9715,7761,3673,4088,13577,6615,6962,15515,7471,8044,13573,6506,7067,7753,3757,3996,1939,922,1017,
9720,7765,3673,4092,13584,6620,6964,15523,7476,8047,13580,6507,7073,7757,3758,3999,1940,923,1017,
9725,7769,3675,4094,13591,6625,6966,15531,7479,8052,13587,6510,7077,7761,3759,4002,1941,923,1018,
9730,7773,3676,4097,13598,6629,6969,15539,7483,8056,13594,6513,7081,7765,3762,4003,1942,924,1018,
9735,7777,3679,4098,13605,6630,6975,15547,7487,8060,13601,6518,7083,7769,3764,4005,1943,925,1018,
9740,7781,3681,4100,13612,6632,6980,15555,7490,8065,13608,6519,7089,7773,3767,4006,1944,925,1019,
9745,7785,3682,4103,13619,6636,6983,15563,7496,8067,13615,6522,7093,7777,3769,4008,1945,926,1019,
9750,7789,3684,4105,13626,6641,6985,15571,7500,8071,13622,6524,7098,7781,3771,4010,1946,927,1019,
9755,7793,3685,4108,13633,6645,6988,15579,7504,8075,13629,6530,7099,7785,3773,4012,1947,927,1020,
9760,7797,3687,4110,13640,6649,6991,15587,7508,8079,13636,6533,7103,7789,3774,4015,1948,927,1021,
9765,7801,3690,4111,13647,6653,6994,15595,7513,8082,13643,6537,7106,7793,3775,4018,1949,927,1022,
9770,7805,3692,4113,13654,6656,6998,15603,7520,8083,13650,6541,7109,7797,3776,4021,1950,927,1023,
9775,7809,3694,4115,13661,6659,7002,15611,7525,8086,13657,6543,7114,7801,3776,4025,1951,927,1024,
9780,7813,3697,4116,13668,6663,7005,15619,7530,8089,13664,6547,7117,7805,3777,4028,1952,928,1024,
9785,7817,3701,4116,13675,6667,7008,15627,7533,8094,13671,6549,7122,7809,3780,4029,1953,929,1024,
9790,7821,3703,4118,13682,6668,7014,15635,7536,8099,13678,6555,7123,7813,3781,4032,1954,929,1025,
9795,7825,3703,4122,13689,6671,7018,15643,7540,8103,13685,6558,7127,7817,3783,4034,1955,929,1026,
9800,7829,3704,4125,13696,6675,7021,15651,7544,8107,13692,6563,7129,7821,3783,4038,1956,930,1026,
9805,7833,3707,4126,13703,6680,7023,15659,7549,8110,13699,6566,7133,7825,3786,4039,1957,930,1027,
9810,7837,3709,4128,13710,6684,7026,15667,7552,8115,13706,6571,7135,7829,3787,4042,1958,931,1027,
9815,7841,3710,4131,13717,6687,7030,15675,7558,8117,13713,6576,7137,7833,3790,4043,1959,932,1027,
9820,7845,3712,4133,13724,6691,7033,15683,7563,8120,13720,6579,7141,7837,3793,4044,1960,932,1028,
9825,7849,3714,4135,13731,6695,7036,15691,7567,8124,13727,6582,7145,7841,3796,4045,1961,932,1029,
9830,7853,3717,4136,13738,6700,7038,15699,7570,8129,13734,6587,7147,7845,3798,4047,1962,933,1029,
9835,7857,3718,4139,13745,6704,7041,15707,7574,8133,13741,6589,7152,7849,3800,4049,1963,934,1029,
9840,7861,3719,4142,13752,6705,7047,15715,7579,8136,13748,6592,7156,7853,3802,4051,1964,934,1030,
9845,7865,3722,4143,13759,6710,7049,15723,7582,8141,13755,6595,7160,7857,3803,4054,1965,934,1031,
9850,7869,3724,4145,13766,6712,7054,15731,7586,8145,13762,6596,7166,7861,3805,4056,1966,934,1032,
9855,7873,3726,4147,13773,6714,7059,15739,7590,8149,13769,6599,7170,7865,3808,4057,1967,935,1032,
9860,7877,3728,4149,13780,6718,7062,15747,7593,8154,13776,6603,7173,7869,3810,4059,1968,935,1033,
9865,7881,3729,4152,13787,6722,7065,15755,7595,8160,13783,6606,7177,7873,3813,4060,1969,936,1033,
9870,7885,3729,4156,13794,6723,7071,15763,7599,8164,13790,6612,7178,7877,3813,4064,1970,936,1034,
9875,7889,3731,4158,13801,6727,7074,15771,7603,8168,13797,6614,7183,7881,3815,4066,1971,937,1034,
9880,7893,3734,4159,13808,6729,7079,15779,7607,8172,13804,6615,7189,7885,3815,4070,1972,937,1035,
9885,7897,3737,4160,13815,6731,7084,15787,7612,8175,13811,6618,7193,7889,3816,4073,1973,938,1035,
9890,7901,3739,4162,13822,6735,7087,15795,7615,8180,13818,6619,7199,7893,3819,4074,1974,939,1035,
9895,7905,3740,4165,13829,6739,7090,15803,7618,8185,13825,6624,7201,7897,3820,4077,1975,939,1036,
9900,7909,3743,4166,13836,6741,7095,15811,7622,8189,13832,6629,7203,7901,3820,4081,1976,939,1037,
9905,7913,3745,4168,13843,6742,7101,15819,7626,8193,13839,6634,7205,7905,3822,4083,1977,940,1037,
9910,7917,3748,4169,13850,6745,7105,15827,7630,8197,13846,6639,7207,7909,3824,4085,1978,941,1037,
9915,7921,3751,4170,13857,6747,7110,15835,7634,8201,13853,6643,7210,7913,3827,4086,1979,942,1037,
9920,7925,3755,4170,13864,6748,7116,15843,7635,8208,13860,6646,7214,7917,3829,4088,1980,942,1038,
9925,7929,3758,4171,13871,6753,7118,15851,7638,8213,13867,6649,7218,7921,3832,4089,1981,943,1038,
9930,7933,3761,4172,13878,6754,7124,15859,7639,8220,13874,6655,7219,7925,3834,4091,1982,943,1039,
9935,7937,3763,4174,13885,6757,7128,15867,7643,8224,13881,6660,7221,7929,3836,4093,1983,943,1040,
9940,7941,3765,4176,13892,6761,7131,15875,7648,8227,13888,6663,7225,7933,3837,4096,1984,944,1040,
9945,7945,3767,4178,13899,6765,7134,15883,7650,8233,13895,6667,7228,7937,3839,4098,1985,944,1041,
9950,7949,3768,4181,13906,6770,7136,15891,7657,8234,13902,6671,7231,7941,3841,4100,1986,944,1042,
9955,7953,3769,4184,13913,6775,7138,15899,7659,8240,13909,6675,7234,7945,3844,4101,1987,945,1042,
9960,7957,3772,4185,13920,6779,7141,15907,7662,8245,13916,6677,7239,7949,3846,4103,1988,945,1043,
9965,7961,3773,4188,13927,6780,7147,15915,7668,8247,13923,6681,7242,7953,3847,4106,1989,945,1044,
9970,7965,3775,4190,13934,6786,7148,15923,7670,8253,13930,6683,7247,7957,3849,4108,1990,946,1044,
9975,7969,3777,4192,13941,6790,7151,15931,7673,8258,13937,6688,7249,7961,3850,4111,1991,946,1045,
9980,7973,3780,4193,13948,6793,7155,15939,7676,8263,13944,6691,7253,7965,3851,4114,1992,946,1046,
9985,7977,3781,4196,13955,6797,7158,15947,7680,8267,13951,6696,7255,7969,3854,4115,1993,946,1047,
9990,7981,3784,4197,13962,6802,7160,15955,7682,8273,13958,6699,7259,7973,3855,4118,1994,947,1047,
9995,7985,3785,4200,13969,6803,7166,15963,7684,8279,13965,6702,7263,7977,3858,4119,1995,948,1047,
10000,7989,3787,4202,13976,6806,7170,15971,7686,8285,13972,6705,7267,7981,3860,4121,1996,948,1048,
10005,7993,3788,4205,13983,6810,7173,15979,7690,8289,13979,6708,7271,7985,3861,4124,1997,949,1048,
10010,7997,3790,4207,13990,6814,7176,15987,7693,8294,13986,6712,7274,7989,3862,4127,1998,950,1048,
10015,8001,3792,4209,13997,6818,7179,15995,7700,8295,13993,6717,7276,7993,3864,4129,1999,951,1048,
10020,8005,3793,4212,14004,6822,7182,16003,7703,8300,14000,6718,7282,7997,3867,4130,2000,951,1049,
10025,8009,3795,4214,14011,6824,7187,16011,7707,8304,14007,6722,7285,8001,3867,4134,2001,952,1049,
10030,8013,3798,4215,14018,6828,7190,16019,7713,8306,14014,6725,7289,8005,3870,4135,2002,953,1049,
10035,8017,3800,4217,14025,6831,7194,16027,7717,8310,14021,6729,7292,8009,3872,4137,2003,954,1049,
10040,8021,3801,4220,14032,6837,7195,16035,7723,8312,14028,6731,7297,8013,3874,4139,2004,954,1050,
10045,8025,3802,4223,14039,6841,7198,16043,7726,8317,14035,6735,7300,8017,3876,4141,2005,955,1050,
10050,8029,3804,4225,14046,6844,7202,16051,7728,8323,14042,6740,7302,8021,3877,4144,2006,955,1051,
10055,8033,3807,4226,14053,6846,7207,16059,7733,8326,14049,6744,7305,8025,3878,4147,2007,956,1051,
10060,8037,3808,4229,14060,6848,7212,16067,7738,8329,14056,6744,7312,8029,3880,4149,2008,956,1052,
10065,8041,3811,4230,14067,6851,7216,16075,7739,8336,14063,6748,7315,8033,3882,4151,2009,957,1052,
10070,8045,3813,4232,14074,6853,7221,16083,7744,8339,14070,6751,7319,8037,3884,4153,2010,958,1052,
10075,8049,3815,4234,14081,6855,7226,16091,7747,8344,14077,6754,7323,8041,3884,4157,2011,959,1052,
10080,8053,3817,4236,14088,6859,7229,16099,7750,8349,14084,6759,7325,8045,3885,4160,2012,959,1053,
10085,8057,3819,4238,14095,6864,7231,16107,7753,8354,14091,6763,7328,8049,3885,4164,2013,960,1053,
10090,8061,3820,4241,14102,6866,7236,16115,7756,8359,14098,6767,7331,8053,3887,4166,2014,961,1053,
10095,8065,3820,4245,14109,6868,7241,16123,7760,8363,14105,6770,7335,8057,3890,4167,2015,961,1054,
10100,8069,3822,4247,14116,6872,7244,16131,7765,8366,14112,6774,7338,8061,3892,4169,2016,962,1054,
10105,8073,3824,4249,14123,6875,7248,16139,7768,8371,14119,6778,7341,8065,3894,4171,2017,963,1054,
10110,8077,3826,4251,14130,6877,7253,16147,7772,8375,14126,6784,7342,8069,3898,4171,2018,964,1054,
10115,8081,3826,4255,14137,6878,7259,16155,7777,8378,14133,6788,7345,8073,3901,4172,2019,964,1055,
10120,8085,3827,4258,14144,6881,7263,16163,7779,8384,14140,6790,7350,8077,3903,4174,2020,964,1056,
10125,8089,3830,4259,14151,6885,7266,16171,7782,8389,14147,6794,7353,8081,3905,4176,2021,964,1057,
10130,8093,3831,4262,14158,6887,7271,16179,7785,8394,14154,6796,7358,8085,3908,4177,2022,965,1057,
10135,8097,3834,4263,14165,6888,7277,16187,7791,8396,14161,6802,7359,8089,3911,4178,2023,965,1058,
10140,8101,3836,4265,14172,6892,7280,16195,7797,8398,14168,6804,7364,8093,3913,4180,2024,966,1058,
10145,8105,3837,4268,14179,6895,7284,16203,7800,8403,14175,6807,7368,8097,3914,4183,2025,966,1059,
10150,8109,3837,4272,14186,6899,7287,16211,7804,8407,14182,6810,7372,8101,3915,4186,2026,967,1059,
10155,8113,3840,4273,14193,6902,7291,16219,7807,8412,14189,6813,7376,8105,3917,4188,2027,967,1060,
10160,8117,3843,4274,14200,6905,7295,16227,7811,8416,14196,6817,7379,8109,3917,4192,2028,968,1060,
10165,8121,3845,4276,14207,6906,7301,16235,7812,8423,14203,6822,7381,8113,3918,4195,2029,968,1061,
10170,8125,3847,4278,14214,6907,7307,16243,7816,8427,14210,6826,7384,8117,3920,4197,2030,968,1062,
10175,8129,3849,4280,14221,6910,7311,16251,7819,8432,14217,6828,7389,8121,3921,4200,2031,969,1062,
10180,8133,3853,4280,14228,6912,7316,16259,7823,8436,14224,6834,7390,8125,3924,4201,2032,969,1063,
10185,8137,3856,4281,14235,6915,7320,16267,7825,8442,14231,6836,7395,8129,3925,4204,2033,969,1064,
10190,8141,3858,4283,14242,6917,7325,16275,7829,8446,14238,6841,7397,8133,3928,4205,2034,969,1065,
10195,8145,3861,4284,14249,6920,7329,16283,7832,8451,14245,6844,7401,8137,3931,4206,2035,969,1066,
10200,8149,3863,4286,14256,6925,7331,16291,7835,8456,14252,6849,7403,8141,3933,4208,2036,969,1067,
10205,8153,3865,4288,14263,6930,7333,16299,7838,8461,14259,6851,7408,8145,3937,4208,2037,970,1067,
10210,8157,3869,4288,14270,6934,7336,16307,7841,8466,14266,6856,7410,8149,3939,4210,2038,970,1068,
10215,8161,3870,4291,14277,6937,7340,16315,7844,8471,14273,6858,7415,8153,3941,4212,2039,970,1069,
10220,8165,3870,4295,14284,6939,7345,16323,7848,8475,14280,6860,7420,8157,3944,4213,2040,971,1069,
10225,8169,3874,4295,14291,6943,7348,16331,7850,8481,14287,6861,7426,8161,3946,4215,2041,972,1069,
10230,8173,3876,4297,14298,6947,7351,16339,7852,8487,14294,6863,7431,8165,3947,4218,2042,973,1069,
10235,8177,3880,4297,14305,6948,7357,16347,7857,8490,14301,6867,7434,8169,3948,4221,2043,973,1070,
10240,8181,3883,4298,14312,6952,7360,16355,7860,8495,14308,6867,7441,8173,3950,4223,2044,973,1071,
10245,8185,3885,4300,14319,6955,7364,16363,7866,8497,14315,6872,7443,8177,3952,4225,2045,973,1072,
10250,8189,3887,4302,14326,6957,7369,16371,7869,8502,14322,6877,7445,8181,3954,4227,2046,974,1072,
10255,8193,3890,4303,14333,6960,7373,16379,7873,8506,14329,6882,7447,8185,3955,4230,2047,975,1072,
10260,8197,3891,4306,14340,6965,7375,16387,7877,8510,14336,6884,7452,8189,3958,4231,2048,975,1073,
10265,8201,3892,4309,14347,6967,7380,16395,7883,8512,14343,6889,7454,8193,3959,4234,2049,976,1073,
10270,8205,3893,4312,14354,6971,7383,16403,7887,8516,14350,6892,7458,8197,3961,4236,2050,976,1074,
10275,8209,3894,4315,14361,6975,7386,16411,7890,8521,14357,6896,7461,8201,3962,4239,2051,977,1074,
10280,8213,3895,4318,14368,6978,7390,16419,7895,8524,14364,6902,7462,8205,3962,4243,2052,978,1074,
10285,8217,3898,4319,14375,6981,7394,16427,7897,8530,14371,6904,7467,8209,3963,4246,2053,979,1074,
10290,8221,3899,4322,14382,6984,7398,16435,7901,8534,14378,6906,7472,8213,3966,4247,2054,980,1074,
10295,8225,3900,4325,14389,6986,7403,16443,7906,8537,14385,6909,7476,8217,3967,4250,2055,980,1075,
10300,8229,3902,4327,14396,6990,7406,16451,7910,8541,14392,6913,7479,8221,3969,4252,2056,981,1075,
10305,8233,3905,4328,14403,6995,7408,16459,7915,8544,14399,6916,7483,8225,3971,4254,2057,981,1076,
10310,8237,3908,4329,14410,6999,7411,16467,7917,8550,14406,6918,7488,8229,3973,4256,2058,981,1077,
10315,8241,3911,4330,14417,7002,7415,16475,7924,8551,14413,6921,7492,8233,3975,4258,2059,981,1078,
10320,8245,3914,4331,14424,7005,7419,16483,7926,8557,14420,6923,7497,8237,3977,4260,2060,982,1078,
10325,8249,3916,4333,14431,7010,7421,16491,7928,8563,14427,6927,7500,8241,3980,4261,2061,982,1079,
10330,8253,3917,4336,14438,7013,7425,16499,7932,8567,14434,6931,7503,8245,3982,4263,2062,983,1079,
10335,8257,3919,4338,14445,7017,7428,16507,7934,8573,14441,6935,7506,8249,3986,4263,2063,984,1079,
10340,8261,3921,4340,14452,7022,7430,16515,7938,8577,14448,6938,7510,8253,3987,4266,2064,984,1080,
10345,8265,3924,4341,14459,7026,7433,16523,7942,8581,14455,6942,7513,8257,3989,4268,2065,984,1081,
10350,8269,3925,4344,14466,7029,7437,16531,7947,8584,14462,6944,7518,8261,3992,4269,2066,985,1081,
10355,8273,3925,4348,14473,7032,7441,16539,7951,8588,14469,6951,7518,8265,3996,4269,2067,985,1082,
10360,8277,3927,4350,14480,7035,7445,16547,7954,8593,14476,6955,7521,8269,3998,4271,2068,985,1083,
10365,8281,3930,4351,14487,7039,7448,16555,7959,8596,14483,6959,7524,8273,4001,4272,2069,986,1083,
10370,8285,3930,4355,14494,7041,7453,16563,7963,8600,14490,6963,7527,8277,4005,4272,2070,987,1083,
10375,8289,3933,4356,14501,7045,7456,16571,7967,8604,14497,6966,7531,8281,4006,4275,2071,988,1083,
10380,8293,3935,4358,14508,7049,7459,16579,7969,8610,14504,6968,7536,8285,4009,4276,2072,989,1083,
10385,8297,3937,4360,14515,7050,7465,16587,7974,8613,14511,6969,7542,8289,4011,4278,2073,989,1084,
10390,8301,3939,4362,14522,7054,7468,16595,7979,8616,14518,6972,7546,8293,4015,4278,2074,989,1085,
10395,8305,3942,4363,14529,7057,7472,16603,7981,8622,14525,6974,7551,8297,4017,4280,2075,990,1085,
10400,8309,3944,4365,14536,7061,7475,16611,7985,8626,14532,6978,7554,8301,4019,4282,2076,990,1086,
10405,8313,3946,4367,14543,7064,7479,16619,7987,8632,14539,6982,7557,8305,4021,4284,2077,991,1086,
10410,8317,3947,4370,14550,7069,7481,16627,7991,8636,14546,6985,7561,8309,4025,4284,2078,992,1086,
10415,8321,3950,4371,14557,7072,7485,16635,7996,8639,14553,6989,7564,8313,4028,4285,2079,992,1087,
10420,8325,3953,4372,14564,7074,7490,16643,8002,8641,14560,6991,7569,8317,4029,4288,2080,993,1087,
10425,8329,3956,4373,14571,7076,7495,16651,8007,8644,14567,6994,7573,8321,4029,4292,2081,994,1087,
10430,8333,3958,4375,14578,7080,7498,16659,8013,8646,14574,6998,7576,8325,4032,4293,2082,994,1088,
10435,8337,3962,4375,14585,7085,7500,16667,8018,8649,14581,6999,7582,8329,4034,4295,2083,995,1088,
10440,8341,3964,4377,14592,7088,7504,16675,8020,8655,14588,7002,7586,8333,4036,4297,2084,995,1089,
10445,8345,3965,4380,14599,7090,7509,16683,8024,8659,14595,7006,7589,8337,4036,4301,2085,996,1089,
10450,8349,3967,4382,14606,7096,7510,16691,8026,8665,14602,7011,7591,8341,4039,4302,2086,996,1090,
10455,8353,3968,4385,14613,7100,7513,16699,8031,8668,14609,7015,7594,8345,4042,4303,2087,997,1090,
10460,8357,3969,4388,14620,7106,7514,16707,8035,8672,14616,7020,7596,8349,4046,4303,2088,998,1090,
10465,8361,3972,4389,14627,7110,7517,16715,8037,8678,14623,7024,7599,8353,4048,4305,2089,998,1091,
10470,8365,3974,4391,14634,7113,7521,16723,8040,8683,14630,7026,7604,8357,4050,4307,2090,998,1092,
10475,8369,3976,4393,14641,7118,7523,16731,8046,8685,14637,7031,7606,8361,4052,4309,2091,998,1093,
10480,8373,3977,4396,14648,7120,7528,16739,8051,8688,14644,7034,7610,8365,4055,4310,2092,999,1093,
10485,8377,3979,4398,14655,7124,7531,16747,8054,8693,14651,7036,7615,8369,4057,4312,2093,999,1094,
10490,8381,3981,4400,14662,7128,7534,16755,8059,8696,14658,7042,7616,8373,4060,4313,2094,1000,1094,
10495,8385,3982,4403,14669,7132,7537,16763,8061,8702,14665,7046,7619,8377,4061,4316,2095,1001,1094,
10500,8389,3983,4406,14676,7135,7541,16771,8066,8705,14672,7048,7624,8381,4065,4316,2096,1001,1095,
10505,8393,3986,4407,14683,7139,7544,16779,8068,8711,14679,7051,7628,8385,4067,4318,2097,1002,1095,
10510,8397,3988,4409,14690,7143,7547,16787,8071,8716,14686,7054,7632,8389,4068,4321,2098,1002,1096,
10515,8401,3990,4411,14697,7147,7550,16795,8073,8722,14693,7055,7638,8393,4070,4323,2099,1003,1096,
10520,8405,3990,4415,14704,7150,7554,16803,8077,8726,14700,7059,7641,8397,4071,4326,2100,1003,1097,
10525,8409,3991,4418,14711,7153,7558,16811,8081,8730,14707,7062,7645,8401,4073,4328,2101,1004,1097,
10530,8413,3992,4421,14718,7157,7561,16819,8085,8734,14714,7068,7646,8405,4073,4332,2102,1004,1098,
10535,8417,3994,4423,14725,7161,7564,16827,8088,8739,14721,7072,7649,8409,4074,4335,2103,1004,1099,
10540,8421,3996,4425,14732,7165,7567,16835,8092,8743,14728,7076,7652,8413,4077,4336,2104,1004,1100,
10545,8425,3997,4428,14739,7169,7570,16843,8096,8747,14735,7078,7657,8417,4078,4339,2105,1005,1100,
10550,8429,3999,4430,14746,7173,7573,16851,8100,8751,14742,7085,7657,8421,4079,4342,2106,1006,1100,
10555,8433,4001,4432,14753,7177,7576,16859,8106,8753,14749,7089,7660,8425,4081,4344,2107,1006,1101,
10560,8437,4002,4435,14760,7179,7581,16867,8107,8760,14756,7092,7664,8429,4082,4347,2108,1007,1101,
10565,8441,4002,4439,14767,7184,7583,16875,8112,8763,14763,7094,7669,8433,4086,4347,2109,1008,1101,
10570,8445,4005,4440,14774,7188,7586,16883,8117,8766,14770,7097,7673,8437,4088,4349,2110,1009,1101,
10575,8449,4006,4443,14781,7193,7588,16891,8122,8769,14777,7104,7673,8441,4089,4352,2111,1009,1102,
10580,8453,4008,4445,14788,7195,7593,16899,8126,8773,14784,7108,7676,8445,4090,4355,2112,1010,1102,
10585,8457,4011,4446,14795,7197,7598,16907,8129,8778,14791,7111,7680,8449,4090,4359,2113,1010,1103,
10590,8461,4013,4448,14802,7200,7602,16915,8134,8781,14798,7116,7682,8453,4090,4363,2114,1010,1104,
10595,8465,4016,4449,14809,7205,7604,16923,8138,8785,14805,7119,7686,8457,4092,4365,2115,1011,1104,
10600,8469,4018,4451,14816,7209,7607,16931,8143,8788,14812,7120,7692,8461,4095,4366,2116,1012,1104,
10605,8473,4022,4451,14823,7212,7611,16939,8147,8792,14819,7124,7695,8465,4097,4368,2117,1012,1105,
10610,8477,4025,4452,14830,7216,7614,16947,8150,8797,14826,7125,7701,8469,4100,4369,2118,1013,1105,
10615,8481,4029,4452,14837,7219,7618,16955,8154,8801,14833,7128,7705,8473,4104,4369,2119,1014,1105,
10620,8485,4029,4456,14844,7220,7624,16963,8157,8806,14840,7135,7705,8477,4106,4371,2120,1015,1105,
10625,8489,4029,4460,14851,7222,7629,16971,8160,8811,14847,7140,7707,8481,4108,4373,2121,1015,1106,
10630,8493,4032,4461,14858,7224,7634,16979,8163,8816,14854,7144,7710,8485,4109,4376,2122,1016,1106,
10635,8497,4035,4462,14865,7229,7636,16987,8168,8819,14861,7148,7713,8489,4109,4380,2123,1017,1106,
10640,8501,4037,4464,14872,7231,7641,16995,8172,8823,14868,7149,7719,8493,4111,4382,2124,1018,1106,
10645,8505,4041,4464,14879,7236,7643,17003,8178,8825,14875,7154,7721,8497,4113,4384,2125,1018,1107,
10650,8509,4044,4465,14886,7238,7648,17011,8182,8829,14882,7157,7725,8501,4114,4387,2126,1018,1108,
10655,8513,4045,4468,14893,7242,7651,17019,8182,8837,14889,7158,7731,8505,4116,4389,2127,1018,1109,
10660,8517,4049,4468,14900,7246,7654,17027,8187,8840,14896,7163,7733,8509,4118,4391,2128,1018,1110,
10665,8521,4050,4471,14907,7251,7656,17035,8190,8845,14903,7166,7737,8513,4120,4393,2129,1018,1111,
10670,8525,4054,4471,14914,7256,7658,17043,8191,8852,14910,7169,7741,8517,4122,4395,2130,1019,1111,
10675,8529,4056,4473,14921,7260,7661,17051,8193,8858,14917,7174,7743,8521,4123,4398,2131,1019,1112,
10680,8533,4059,4474,14928,7263,7665,17059,8196,8863,14924,7177,7747,8525,4126,4399,2132,1019,1113,
10685,8537,4062,4475,14935,7269,7666,17067,8200,8867,14931,7177,7754,8529,4128,4401,2133,1019,1114,
10690,8541,4063,4478,14942,7271,7671,17075,8204,8871,14938,7183,7755,8533,4130,4403,2134,1019,1115,
10695,8545,4065,4480,14949,7272,7677,17083,8207,8876,14945,7183,7762,8537,4132,4405,2135,1020,1115,
10700,8549,4066,4483,14956,7276,7680,17091,8209,8882,14952,7187,7765,8541,4134,4407,2136,1020,1116,
10705,8553,4068,4485,14963,7282,7681,17099,8210,8889,14959,7191,7768,8545,4136,4409,2137,1021,1116,
10710,8557,4070,4487,14970,7287,7683,17107,8216,8891,14966,7195,7771,8549,4137,4412,2138,1021,1117,
10715,8561,4074,4487,14977,7290,7687,17115,8221,8894,14973,7199,7774,8553,4137,4416,2139,1021,1118,
10720,8565,4076,4489,14984,7293,7691,17123,8223,8900,14980,7203,7777,8557,4138,4419,2140,1022,1118,
10725,8569,4078,4491,14991,7293,7698,17131,8229,8902,14987,7205,7782,8561,4139,4422,2141,1023,1118,
10730,8573,4079,4494,14998,7296,7702,17139,8235,8904,14994,7205,7789,8565,4141,4424,2142,1024,1118,
10735,8577,4079,4498,15005,7301,7704,17147,8240,8907,15001,7208,7793,8569,4143,4426,2143,1024,1119,
10740,8581,4081,4500,15012,7304,7708,17155,8243,8912,15008,7211,7797,8573,4146,4427,2144,1025,1119,
10745,8585,4082,4503,15019,7309,7710,17163,8246,8917,15015,7214,7801,8577,4149,4428,2145,1025,1120,
10750,8589,4084,4505,15026,7313,7713,17171,8249,8922,15022,7217,7805,8581,4152,4429,2146,1025,1121,
10755,8593,4085,4508,15033,7316,7717,17179,8251,8928,15029,7219,7810,8585,4154,4431,2147,1025,1122,
10760,8597,4088,4509,15040,7319,7721,17187,8254,8933,15036,7224,7812,8589,4156,4433,2148,1025,1123,
10765,8601,4089,4512,15047,7322,7725,17195,8259,8936,15043,7228,7815,8593,4158,4435,2149,1025,1124,
10770,8605,4092,4513,15054,7327,7727,17203,8262,8941,15050,7231,7819,8597,4161,4436,2150,1025,1125,
10775,8609,4093,4516,15061,7329,7732,17211,8267,8944,15057,7236,7821,8601,4163,4438,2151,1026,1125,
10780,8613,4095,4518,15068,7332,7736,17219,8269,8950,15064,7242,7822,8605,4166,4439,2152,1027,1125,
10785,8617,4098,4519,15075,7334,7741,17227,8272,8955,15071,7245,7826,8609,4169,4440,2153,1028,1125,
10790,8621,4099,4522,15082,7336,7746,17235,8277,8958,15078,7249,7829,8613,4169,4444,2154,1028,1126,
10795,8625,4100,4525,15089,7340,7749,17243,8279,8964,15085,7254,7831,8617,4171,4446,2155,1029,1126,
10800,8629,4103,4526,15096,7342,7754,17251,8284,8967,15092,7258,7834,8621,4174,4447,2156,1030,1126,
10805,8633,4106,4527,15103,7344,7759,17259,8288,8971,15099,7262,7837,8625,4177,4448,2157,1030,1127,
10810,8637,4108,4529,15110,7347,7763,17267,8292,8975,15106,7266,7840,8629,4178,4451,2158,1030,1128,
10815,8641,4109,4532,15117,7350,7767,17275,8296,8979,15113,7269,7844,8633,4181,4452,2159,1031,1128,
10820,8645,4111,4534,15124,7355,7769,17283,8296,8987,15120,7272,7848,8637,4183,4454,2160,1031,1129,
10825,8649,4115,4534,15131,7359,7772,17291,8300,8991,15127,7275,7852,8641,4187,4454,2161,1031,1130,
10830,8653,4117,4536,15138,7365,7773,17299,8304,8995,15134,7277,7857,8645,4188,4457,2162,1032,1130,
10835,8657,4119,4538,15145,7371,7774,17307,8308,8999,15141,7280,7861,8649,4191,4458,2163,1033,1130,
10840,8661,4121,4540,15152,7376,7776,17315,8312,9003,15148,7282,7866,8653,4194,4459,2164,1033,1131,
10845,8665,4124,4541,15159,7377,7782,17323,8314,9009,15155,7286,7869,8657,4196,4461,2165,1033,1132,
10850,8669,4124,4545,15166,7379,7787,17331,8319,9012,15162,7292,7870,8661,4199,4462,2166,1034,1132,
10855,8673,4127,4546,15173,7383,7790,17339,8325,9014,15169,7295,7874,8665,4202,4463,2167,1035,1132,
10860,8677,4130,4547,15180,7386,7794,17347,8326,9021,15176,7298,7878,8669,4203,4466,2168,1036,1132,
10865,8681,4132,4549,15187,7391,7796,17355,8330,9025,15183,7299,7884,8673,4205,4468,2169,1037,1132,
10870,8685,4133,4552,15194,7394,7800,17363,8335,9028,15190,7302,7888,8677,4206,4471,2170,1037,1133,
10875,8689,4135,4554,15201,7395,7806,17371,8342,9029,15197,7306,7891,8681,4209,4472,2171,1037,1134,
10880,8693,4136,4557,15208,7400,7808,17379,8346,9033,15204,7309,7895,8685,4211,4474,2172,1038,1134,
10885,8697,4140,4557,15215,7402,7813,17387,8349,9038,15211,7313,7898,8689,4212,4477,2173,1038,1135,
10890,8701,4142,4559,15222,7404,7818,17395,8352,9043,15218,7316,7902,8693,4214,4479,2174,1039,1135,
10895,8705,4144,4561,15229,7410,7819,17403,8353,9050,15225,7319,7906,8697,4217,4480,2175,1039,1136,
10900,8709,4146,4563,15236,7412,7824,17411,8356,9055,15232,7324,7908,8701,4218,4483,2176,1039,1137,
10905,8713,4149,4564,15243,7415,7828,17419,8360,9059,15239,7330,7909,8705,4218,4487,2177,1040,1137,
10910,8717,4150,4567,15250,7416,7834,17427,8365,9062,15246,7334,7912,8709,4219,4490,2178,1041,1137,
10915,8721,4153,4568,15257,7422,7835,17435,8367,9068,15253,7336,7917,8713,4219,4494,2179,1042,1137,
10920,8725,4154,4571,15264,7426,7838,17443,8372,9071,15260,7342,7918,8717,4222,4495,2180,1043,1137,
10925,8729,4156,4573,15271,7429,7842,17451,8377,9074,15267,7347,7920,8721,4226,4495,2181,1044,1137,
10930,8733,4158,4575,15278,7431,7847,17459,8382,9077,15274,7351,7923,8725,4227,4498,2182,1044,1138,
10935,8737,4161,4576,15285,7434,7851,17467,8384,9083,15281,7353,7928,8729,4231,4498,2183,1045,1138,
10940,8741,4163,4578,15292,7436,7856,17475,8385,9090,15288,7354,7934,8733,4234,4499,2184,1045,1139,
10945,8745,4165,4580,15299,7437,7862,17483,8391,9092,15295,7358,7937,8737,4237,4500,2185,1046,1139,
10950,8749,4167,4582,15306,7440,7866,17491,8393,9098,15302,7362,7940,8741,4237,4504,2186,1047,1139,
10955,8753,4167,4586,15313,7442,7871,17499,8398,9101,15309,7368,7941,8745,4239,4506,2187,1047,1140,
10960,8757,4168,4589,15320,7445,7875,17507,8400,9107,15316,7372,7944,8749,4240,4509,2188,1047,1141,
10965,8761,4171,4590,15327,7448,7879,17515,8403,9112,15323,7374,7949,8753,4243,4510,2189,1047,1142,
10970,8765,4173,4592,15334,7453,7881,17523,8407,9116,15330,7376,7954,8757,4246,4511,2190,1047,1143,
10975,8769,4175,4594,15341,7458,7883,17531,8410,9121,15337,7381,7956,8761,4248,4513,2191,1048,1143,
10980,8773,4179,4594,15348,7462,7886,17539,8412,9127,15344,7382,7962,8765,4248,4517,2192,1048,1144,
10985,8777,4181,4596,15355,7465,7890,17547,8416,9131,15351,7387,7964,8769,4250,4519,2193,1048,1145,
10990,8781,4183,4598,15362,7470,7892,17555,8419,9136,15358,7392,7966,8773,4253,4520,2194,1049,1145,
10995,8785,4183,4602,15369,7470,7899,17563,8424,9139,15365,7396,7969,8777,4256,4521,2195,1049,1146,
11000,8789,4185,4604,15376,7472,7904,17571,8428,9143,15372,7400,7972,8781,4258,4523,2196,1050,1146,
11005,8793,4187,4606,15383,7475,7908,17579,8431,9148,15379,7402,7977,8785,4260,4525,2197,1050,1147,
11010,8797,4190,4607,15390,7477,7913,17587,8434,9153,15386,7405,7981,8789,4261,4528,2198,1051,1147,
11015,8801,4192,4609,15397,7481,7916,17595,8439,9156,15393,7409,7984,8793,4263,4530,2199,1052,1147,
11020,8805,4193,4612,15404,7482,7922,17603,8442,9161,15400,7413,7987,8797,4264,4533,2200,1052,1148,
11025,8809,4196,4613,15411,7486,7925,17611,8444,9167,15407,7416,7991,8801,4267,4534,2201,1053,1148,
11030,8813,4199,4614,15418,7489,7929,17619,8446,9173,15414,7420,7994,8805,4271,4534,2202,1054,1148,
11035,8817,4201,4616,15425,7492,7933,17627,8448,9179,15421,7423,7998,8809,4271,4538,2203,1054,1149,
11040,8821,4203,4618,15432,7497,7935,17635,8452,9183,15428,7426,8002,8813,4273,4540,2204,1054,1150,
11045,8825,4205,4620,15439,7499,7940,17643,8454,9189,15435,7430,8005,8817,4275,4542,2205,1054,1151,
11050,8829,4207,4622,15446,7502,7944,17651,8457,9194,15442,7434,8008,8821,4276,4545,2206,1054,1152,
11055,8833,4209,4624,15453,7503,7950,17659,8461,9198,15449,7436,8013,8825,4278,4547,2207,1055,1152,
11060,8837,4213,4624,15460,7507,7953,17667,8465,9202,15456,7441,8015,8829,4282,4547,2208,1055,1153,
11065,8841,4216,4625,15467,7512,7955,17675,8470,9205,15463,7444,8019,8833,4284,4549,2209,1055,1154,
11070,8845,4218,4627,15474,7513,7961,17683,8474,9209,15470,7449,8021,8837,4285,4552,2210,1056,1154,
11075,8849,4221,4628,15481,7516,7965,17691,8477,9214,15477,7452,8025,8841,4285,4556,2211,1056,1155,
11080,8853,4221,4632,15488,7519,7969,17699,8481,9218,15484,7456,8028,8845,4287,4558,2212,1057,1155,
11085,8857,4223,4634,15495,7521,7974,17707,8484,9223,15491,7458,8033,8849,4288,4561,2213,1058,1155,
11090,8861,4225,4636,15502,7525,7977,17715,8488,9227,15498,7463,8035,8853,4289,4564,2214,1058,1156,
11095,8865,4228,4637,15509,7528,7981,17723,8494,9229,15505,7466,8039,8857,4289,4568,2215,1059,1156,
11100,8869,4228,4641,15516,7531,7985,17731,8498,9233,15512,7470,8042,8861,4292,4569,2216,1060,1156,
11105,8873,4232,4641,15523,7535,7988,17739,8501,9238,15519,7475,8044,8865,4295,4570,2217,1061,1156,
11110,8877,4233,4644,15530,7537,7993,17747,8507,9240,15526,7477,8049,8869,4297,4572,2218,1062,1156,
11115,8881,4235,4646,15537,7540,7997,17755,8510,9245,15533,7479,8054,8873,4298,4575,2219,1062,1157,
11120,8885,4238,4647,15544,7543,8001,17763,8514,9249,15540,7482,8058,8877,4300,4577,2220,1063,1157,
11125,8889,4240,4649,15551,7546,8005,17771,8517,9254,15547,7485,8062,8881,4304,4577,2221,1063,1158,
11130,8893,4241,4652,15558,7549,8009,17779,8519,9260,15554,7489,8065,8885,4306,4579,2222,1063,1159,
11135,8897,4242,4655,15565,7549,8016,17787,8523,9264,15561,7495,8066,8889,4310,4579,2223,1063,1160,
11140,8901,4245,4656,15572,7551,8021,17795,8526,9269,15568,7498,8070,8893,4311,4582,2224,1064,1160,
11145,8905,4246,4659,15579,7553,8026,17803,8528,9275,15575,7499,8076,8897,4314,4583,2225,1064,1161,
11150,8909,4248,4661,15586,7558,8028,17811,8531,9280,15582,7503,8079,8901,4315,4586,2226,1064,1162,
11155,8913,4250,4663,15593,7560,8033,17819,8534,9285,15589,7505,8084,8905,4316,4589,2227,1064,1163,
11160,8917,4251,4666,15600,7564,8036,17827,8538,9289,15596,7506,8090,8909,4319,4590,2228,1064,1164,
11165,8921,4254,4667,15607,7566,8041,17835,8539,9296,15603,7509,8094,8913,4321,4592,2229,1064,1165,
11170,8925,4258,4667,15614,7567,8047,17843,8543,9300,15610,7511,8099,8917,4323,4594,2230,1065,1165,
11175,8929,4261,4668,15621,7572,8049,17851,8548,9303,15617,7516,8101,8921,4325,4596,2231,1065,1166,
11180,8933,4262,4671,15628,7575,8053,17859,8551,9308,15624,7518,8106,8925,4327,4598,2232,1066,1166,
11185,8937,4263,4674,15635,7580,8055,17867,8556,9311,15631,7521,8110,8929,4330,4599,2233,1067,1166,
11190,8941,4265,4676,15642,7584,8058,17875,8560,9315,15638,7522,8116,8933,4332,4601,2234,1067,1167,
11195,8945,4268,4677,15649,7589,8060,17883,8562,9321,15645,7524,8121,8937,4332,4605,2235,1067,1168,
11200,8949,4271,4678,15656,7591,8065,17891,8566,9325,15652,7526,8126,8941,4333,4608,2236,1068,1168,
11205,8953,4272,4681,15663,7597,8066,17899,8571,9328,15659,7530,8129,8945,4334,4611,2237,1069,1168,
11210,8957,4274,4683,15670,7601,8069,17907,8573,9334,15666,7532,8134,8949,4335,4614,2238,1070,1168,
11215,8961,4277,4684,15677,7605,8072,17915,8576,9339,15673,7535,8138,8953,4337,4616,2239,1071,1168,
11220,8965,4277,4688,15684,7609,8075,17923,8580,9343,15680,7538,8142,8957,4339,4618,2240,1071,1169,
11225,8969,4277,4692,15691,7611,8080,17931,8583,9348,15687,7542,8145,8961,4340,4621,2241,1071,1170,
11230,8973,4279,4694,15698,7617,8081,17939,8588,9351,15694,7546,8148,8965,4341,4624,2242,1072,1170,
11235,8977,4281,4696,15705,7621,8084,17947,8589,9358,15701,7550,8151,8969,4343,4626,2243,1072,1171,
11240,8981,4283,4698,15712,7622,8090,17955,8595,9360,15708,7553,8155,8973,4345,4628,2244,1073,1171,
11245,8985,4285,4700,15719,7624,8095,17963,8599,9364,15715,7556,8159,8977,4346,4631,2245,1073,1172,
11250,8989,4285,4704,15726,7628,8098,17971,8604,9367,15722,7557,8165,8981,4347,4634,2246,1073,1173,
11255,8993,4288,4705,15733,7630,8103,17979,8608,9371,15729,7560,8169,8985,4349,4636,2247,1074,1173,
11260,8997,4290,4707,15740,7634,8106,17987,8614,9373,15736,7562,8174,8989,4351,4638,2248,1074,1174,
11265,9001,4291,4710,15747,7638,8109,17995,8618,9377,15743,7566,8177,8993,4354,4639,2249,1074,1175,
11270,9005,4292,4713,15754,7641,8113,18003,8621,9382,15750,7572,8178,8997,4356,4641,2250,1074,1176,
11275,9009,4294,4715,15761,7642,8119,18011,8626,9385,15757,7575,8182,9001,4359,4642,2251,1075,1176,
11280,9013,4295,4718,15768,7646,8122,18019,8632,9387,15764,7577,8187,9005,4360,4645,2252,1075,1177,
11285,9017,4296,4721,15775,7650,8125,18027,8635,9392,15771,7580,8191,9009,4363,4646,2253,1075,1178,
11290,9021,4298,4723,15782,7653,8129,18035,8639,9396,15778,7584,8194,9013,4364,4649,2254,1075,1179,
11295,9025,4300,4725,15789,7657,8132,18043,8645,9398,15785,7587,8198,9017,4367,4650,2255,1076,1179,
11300,9029,4301,4728,15796,7659,8137,18051,8651,9400,15792,7591,8201,9021,4368,4653,2256,1076,1180,
11305,9033,4303,4730,15803,7665,8138,18059,8655,9404,15799,7593,8206,9025,4371,4654,2257,1077,1180,
11310,9037,4306,4731,15810,7669,8141,18067,8661,9406,15806,7597,8209,9029,4373,4656,2258,1077,1181,
11315,9041,4307,4734,15817,7673,8144,18075,8664,9411,15813,7599,8214,9033,4373,4660,2259,1078,1181,
11320,9045,4309,4736,15824,7678,8146,18083,8670,9413,15820,7603,8217,9037,4375,4662,2260,1078,1182,
11325,9049,4310,4739,15831,7683,8148,18091,8671,9420,15827,7607,8220,9041,4378,4663,2261,1079,1182,
11330,9053,4311,4742,15838,7688,8150,18099,8673,9426,15834,7610,8224,9045,4380,4665,2262,1080,1182,
11335,9057,4313,4744,15845,7692,8153,18107,8677,9430,15841,7613,8228,9049,4382,4667,2263,1080,1183,
11340,9061,4315,4746,15852,7695,8157,18115,8681,9434,15848,7616,8232,9053,4385,4668,2264,1081,1183,
11345,9065,4317,4748,15859,7700,8159,18123,8682,9441,15855,7619,8236,9057,4386,4671,2265,1081,1184,
11350,9069,4320,4749,15866,7703,8163,18131,8686,9445,15862,7622,8240,9061,4390,4671,2266,1081,1185,
11355,9073,4321,4752,15873,7705,8168,18139,8688,9451,15869,7624,8245,9065,4392,4673,2267,1081,1186,
11360,9077,4322,4755,15880,7707,8173,18147,8691,9456,15876,7627,8249,9069,4394,4675,2268,1082,1186,
11365,9081,4324,4757,15887,7710,8177,18155,8695,9460,15883,7628,8255,9073,4396,4677,2269,1083,1186,
11370,9085,4327,4758,15894,7712,8182,18163,8700,9463,15890,7633,8257,9077,4398,4679,2270,1083,1187,
11375,9089,4329,4760,15901,7715,8186,18171,8703,9468,15897,7636,8261,9081,4400,4681,2271,1083,1188,
11380,9093,4331,4762,15908,7718,8190,18179,8706,9473,15904,7639,8265,9085,4403,4682,2272,1084,1188,
11385,9097,4333,4764,15915,7721,8194,18187,8710,9477,15911,7641,8270,9089,4405,4684,2273,1084,1189,
11390,9101,4335,4766,15922,7725,8197,18195,8714,9481,15918,7646,8272,9093,4405,4688,2274,1085,1189,
11395,9105,4336,4769,15929,7730,8199,18203,8717,9486,15925,7648,8277,9097,4406,4691,2275,1085,1190,
11400,9109,4340,4769,15936,7733,8203,18211,8723,9488,15932,7652,8280,9101,4409,4692,2276,1085,1191,
11405,9113,4341,4772,15943,7736,8207,18219,8728,9491,15939,7654,8285,9105,4413,4692,2277,1085,1192,
11410,9117,4342,4775,15950,7739,8211,18227,8733,9494,15946,7658,8288,9109,4416,4693,2278,1085,1193,
11415,9121,4343,4778,15957,7742,8215,18235,8735,9500,15953,7661,8292,9113,4416,4697,2279,1086,1193,
11420,9125,4344,4781,15964,7745,8219,18243,8736,9507,15960,7667,8293,9117,4418,4699,2280,1086,1194,
11425,9129,4344,4785,15971,7747,8224,18251,8742,9509,15967,7670,8297,9121,4418,4703,2281,1087,1194,
11430,9133,4347,4786,15978,7750,8228,18259,8745,9514,15974,7673,8301,9125,4419,4706,2282,1087,1195,
11435,9137,4349,4788,15985,7753,8232,18267,8751,9516,15981,7674,8307,9129,4421,4708,2283,1088,1195,
11440,9141,4351,4790,15992,7757,8235,18275,8753,9522,15988,7678,8310,9133,4424,4709,2284,1088,1196,
11445,9145,4353,4792,15999,7759,8240,18283,8758,9525,15995,7683,8312,9137,4426,4711,2285,1089,1196,
11450,9149,4355,4794,16006,7763,8243,18291,8763,9528,16002,7687,8315,9141,4429,4712,2286,1090,1196,
11455,9153,4357,4796,16013,7768,8245,18299,8767,9532,16009,7690,8319,9145,4431,4714,2287,1091,1196,
11460,9157,4358,4799,16020,7770,8250,18307,8770,9537,16016,7695,8321,9149,4433,4716,2288,1091,1197,
11465,9161,4360,4801,16027,7773,8254,18315,8771,9544,16023,7701,8322,9153,4436,4717,2289,1092,1197,
11470,9165,4363,4802,16034,7776,8258,18323,8776,9547,16030,7704,8326,9157,4438,4719,2290,1092,1198,
11475,9169,4364,4805,16041,7780,8261,18331,8780,9551,16037,7706,8331,9161,4439,4722,2291,1093,1198,
11480,9173,4366,4807,16048,7784,8264,18339,8786,9553,16044,7708,8336,9165,4441,4724,2292,1093,1199,
11485,9177,4367,4810,16055,7786,8269,18347,8789,9558,16051,7712,8339,9169,4443,4726,2293,1093,1200,
11490,9181,4368,4813,16062,7790,8272,18355,8793,9562,16058,7715,8343,9173,4444,4729,2294,1094,1200,
11495,9185,4372,4813,16069,7794,8275,18363,8798,9565,16065,7719,8346,9177,4446,4731,2295,1095,1200,
11500,9189,4374,4815,16076,7797,8279,18371,8803,9568,16072,7723,8349,9181,4446,4735,2296,1096,1200,
11505,9193,4377,4816,16083,7800,8283,18379,8809,9570,16079,7727,8352,9185,4448,4737,2297,1097,1200,
11510,9197,4380,4817,16090,7802,8288,18387,8812,9575,16086,7728,8358,9189,4448,4741,2298,1097,1201,
11515,9201,4384,4817,16097,7808,8289,18395,8816,9579,16093,7732,8361,9193,4450,4743,2299,1098,1201,
11520,9205,4386,4819,16104,7812,8292,18403,8821,9582,16100,7735,8365,9197,4451,4746,2300,1099,1201,
11525,9209,4387,4822,16111,7816,8295,18411,8826,9585,16107,7738,8369,9201,4453,4748,2301,1099,1202,
11530,9213,4388,4825,16118,7819,8299,18419,8830,9589,16114,7743,8371,9205,4456,4749,2302,1099,1203,
11535,9217,4390,4827,16125,7823,8302,18427,8834,9593,16121,7747,8374,9209,4456,4753,2303,1099,1204,
11540,9221,4391,4830,16132,7825,8307,18435,8835,9600,16128,7749,8379,9213,4458,4755,2304,1100,1204,
11545,9225,4392,4833,16139,7829,8310,18443,8839,9604,16135,7754,8381,9217,4460,4757,2305,1100,1205,
11550,9229,4394,4835,16146,7833,8313,18451,8843,9608,16142,7756,8386,9221,4461,4760,2306,1100,1206,
11555,9233,4394,4839,16153,7839,8314,18459,8847,9612,16149,7762,8387,9225,4461,4764,2307,1101,1206,
11560,9237,4397,4840,16160,7843,8317,18467,8848,9619,16156,7765,8391,9229,4463,4766,2308,1102,1206,
11565,9241,4399,4842,16167,7845,8322,18475,8851,9624,16163,7771,8392,9233,4465,4768,2309,1102,1207,
11570,9245,4401,4844,16174,7848,8326,18483,8856,9627,16170,7775,8395,9237,4469,4768,2310,1103,1207,
11575,9249,4403,4846,16181,7850,8331,18491,8858,9633,16177,7778,8399,9241,4471,4770,2311,1103,1208,
11580,9253,4405,4848,16188,7854,8334,18499,8863,9636,16184,7780,8404,9245,4474,4771,2312,1103,1209,
11585,9257,4406,4851,16195,7858,8337,18507,8867,9640,16191,7782,8409,9249,4475,4774,2313,1103,1210,
11590,9261,4409,4852,16202,7861,8341,18515,8870,9645,16198,7783,8415,9253,4477,4776,2314,1104,1210,
11595,9265,4410,4855,16209,7864,8345,18523,8873,9650,16205,7786,8419,9257,4479,4778,2315,1104,1211,
11600,9269,4411,4858,16216,7868,8348,18531,8877,9654,16212,7791,8421,9261,4479,4782,2316,1104,1212,
11605,9273,4414,4859,16223,7870,8353,18539,8879,9660,16219,7795,8424,9265,4480,4785,2317,1104,1213,
11610,9277,4417,4860,16230,7875,8355,18547,8881,9666,16226,7799,8427,9269,4482,4787,2318,1105,1213,
11615,9281,4419,4862,16237,7879,8358,18555,8887,9668,16233,7801,8432,9273,4484,4789,2319,1105,1214,
11620,9285,4420,4865,16244,7883,8361,18563,8892,9671,16240,7804,8436,9277,4487,4790,2320,1105,1215,
11625,9289,4421,4868,16251,7888,8363,18571,8895,9676,16247,7806,8441,9281,4488,4793,2321,1106,1215,
11630,9293,4423,4870,16258,7890,8368,18579,8900,9679,16254,7812,8442,9285,4490,4795,2322,1106,1216,
11635,9297,4424,4873,16265,7891,8374,18587,8902,9685,16261,7816,8445,9289,4493,4796,2323,1106,1217,
11640,9301,4424,4877,16272,7893,8379,18595,8907,9688,16268,7819,8449,9293,4494,4799,2324,1107,1217,
11645,9305,4426,4879,16279,7898,8381,18603,8911,9692,16275,7820,8455,9297,4497,4800,2325,1107,1218,
11650,9309,4428,4881,16286,7901,8385,18611,8914,9697,16282,7823,8459,9301,4499,4802,2326,1107,1219,
11655,9313,4430,4883,16293,7906,8387,18619,8917,9702,16289,7826,8463,9305,4500,4805,2327,1108,1219,
11660,9317,4433,4884,16300,7908,8392,18627,8921,9706,16296,7829,8467,9309,4502,4807,2328,1109,1219,
11665,9321,4436,4885,16307,7912,8395,18635,8926,9709,16303,7832,8471,9313,4504,4809,2329,1110,1219,
11670,9325,4438,4887,16314,7914,8400,18643,8930,9713,16310,7833,8477,9317,4508,4809,2330,1110,1220,
11675,9329,4440,4889,16321,7917,8404,18651,8936,9715,16317,7834,8483,9321,4511,4810,2331,1111,1220,
11680,9333,4442,4891,16328,7921,8407,18659,8940,9719,16324,7840,8484,9325,4512,4813,2332,1111,1221,
11685,9337,4444,4893,16335,7925,8410,18667,8945,9722,16331,7845,8486,9329,4514,4815,2333,1112,1221,
11690,9341,4445,4896,16342,7928,8414,18675,8947,9728,16338,7848,8490,9333,4516,4817,2334,1112,1222,
11695,9345,4448,4897,16349,7931,8418,18683,8954,9729,16345,7851,8494,9337,4518,4819,2335,1113,1222,
11700,9349,4451,4898,16356,7936,8420,18691,8958,9733,16352,7854,8498,9341,4520,4821,2336,1113,1223,
11705,9353,4454,4899,16363,7936,8427,18699,8959,9740,16359,7859,8500,9345,4521,4824,2337,1114,1223,
11710,9357,4458,4899,16370,7938,8432,18707,8964,9743,16366,7865,8501,9349,4525,4824,2338,1115,1223,
11715,9361,4461,4900,16377,7942,8435,18715,8968,9747,16373,7867,8506,9353,4526,4827,2339,1116,1223,
11720,9365,4464,4901,16384,7947,8437,18723,8972,9751,16380,7870,8510,9357,4528,4829,2340,1117,1223,
11725,9369,4466,4903,16391,7950,8441,18731,8975,9756,16387,7873,8514,9361,4530,4831,2341,1117,1224,
11730,9373,4467,4906,16398,7954,8444,18739,8978,9761,16394,7877,8517,9365,4532,4833,2342,1118,1224,
11735,9377,4469,4908,16405,7958,8447,18747,8982,9765,16401,7878,8523,9369,4534,4835,2343,1118,1225,
11740,9381,4471,4910,16412,7962,8450,18755,8987,9768,16408,7881,8527,9373,4535,4838,2344,1119,1225,
11745,9385,4472,4913,16419,7964,8455,18763,8993,9770,16415,7885,8530,9377,4537,4840,2345,1120,1225,
11750,9389,4474,4915,16426,7969,8457,18771,8998,9773,16422,7889,8533,9381,4541,4840,2346,1121,1225,
11755,9393,4477,4916,16433,7974,8459,18779,9001,9778,16429,7891,8538,9385,4544,4841,2347,1121,1226,
11760,9397,4479,4918,16440,7978,8462,18787,9007,9780,16436,7896,8540,9389,4547,4842,2348,1122,1226,
11765,9401,4482,4919,16447,7980,8467,18795,9011,9784,16443,7899,8544,9393,4549,4844,2349,1123,1226,
11770,9405,4483,4922,16454,7983,8471,18803,9017,9786,16450,7901,8549,9397,4553,4844,2350,1124,1226,
11775,9409,4484,4925,16461,7988,8473,18811,9020,9791,16457,7903,8554,9401,4554,4847,2351,1124,1227,
11780,9413,4485,4928,16468,7995,8473,18819,9024,9795,16464,7906,8558,9405,4557,4848,2352,1125,1227,
11785,9417,4488,4929,16475,7997,8478,18827,9026,9801,16471,7910,8561,9409,4557,4852,2353,1125,1228,
11790,9421,4491,4930,16482,7999,8483,18835,9029,9806,16478,7915,8563,9413,4559,4854,2354,1125,1229,
11795,9425,4491,4934,16489,8002,8487,18843,9031,9812,16485,7920,8565,9417,4560,4857,2355,1126,1229,
11800,9429,4492,4937,16496,8006,8490,18851,9036,9815,16492,7924,8568,9421,4561,4860,2356,1127,1229,
11805,9433,4495,4938,16503,8012,8491,18859,9040,9819,16499,7927,8572,9425,4563,4862,2357,1127,1230,
11810,9437,4496,4941,16510,8014,8496,18867,9044,9823,16506,7931,8575,9429,4564,4865,2358,1127,1231,
11815,9441,4499,4942,16517,8017,8500,18875,9048,9827,16513,7933,8580,9433,4566,4867,2359,1128,1231,
11820,9445,4501,4944,16524,8021,8503,18883,9051,9832,16520,7936,8584,9437,4570,4867,2360,1128,1232,
11825,9449,4503,4946,16531,8022,8509,18891,9056,9835,16527,7939,8588,9441,4573,4868,2361,1128,1233,
11830,9453,4504,4949,16538,8025,8513,18899,9059,9840,16534,7944,8590,9445,4574,4871,2362,1129,1233,
11835,9457,4505,4952,16545,8031,8514,18907,9061,9846,16541,7947,8594,9449,4575,4874,2363,1130,1233,
11840,9461,4508,4953,16552,8033,8519,18915,9066,9849,16548,7951,8597,9453,4577,4876,2364,1130,1234,
11845,9465,4509,4956,16559,8035,8524,18923,9069,9854,16555,7957,8598,9457,4579,4878,2365,1131,1234,
11850,9469,4510,4959,16566,8038,8528,18931,9072,9859,16562,7962,8600,9461,4582,4879,2366,1132,1234,
11855,9473,4512,4961,16573,8042,8531,18939,9073,9866,16569,7966,8603,9465,4586,4879,2367,1133,1234,
11860,9477,4513,4964,16580,8044,8536,18947,9076,9871,16576,7970,8606,9469,4588,4881,2368,1133,1235,
11865,9481,4514,4967,16587,8048,8539,18955,9080,9875,16583,7975,8608,9473,4589,4884,2369,1134,1235,
11870,9485,4516,4969,16594,8053,8541,18963,9082,9881,16590,7979,8611,9477,4589,4888,2370,1135,1235,
11875,9489,4519,4970,16601,8054,8547,18971,9087,9884,16597,7985,8612,9481,4593,4888,2371,1135,1236,
11880,9493,4522,4971,16608,8057,8551,18979,9093,9886,16604,7987,8617,9485,4596,4889,2372,1135,1237,
11885,9497,4525,4972,16615,8060,8555,18987,9097,9890,16611,7989,8622,9489,4600,4889,2373,1136,1237,
11890,9501,4527,4974,16622,8064,8558,18995,9104,9891,16618,7992,8626,9493,4602,4891,2374,1136,1238,
11895,9505,4530,4975,16629,8068,8561,19003,9107,9896,16625,7994,8631,9497,4605,4892,2375,1137,1238,
11900,9509,4532,4977,16636,8073,8563,19011,9113,9898,16632,7997,8635,9501,4607,4894,2376,1138,1238,
11905,9513,4535,4978,16643,8076,8567,19019,9116,9903,16639,7999,8640,9505,4609,4896,2377,1138,1239,
11910,9517,4535,4982,16650,8079,8571,19027,9119,9908,16646,8002,8644,9509,4611,4898,2378,1138,1240,
11915,9521,4538,4983,16657,8082,8575,19035,9123,9912,16653,8005,8648,9513,4613,4900,2379,1138,1241,
11920,9525,4540,4985,16664,8085,8579,19043,9126,9917,16660,8006,8654,9517,4615,4902,2380,1139,1241,
11925,9529,4541,4988,16671,8090,8581,19051,9129,9922,16667,8011,8656,9521,4618,4903,2381,1139,1242,
11930,9533,4544,4989,16678,8092,8586,19059,9135,9924,16674,8013,8661,9525,4619,4906,2382,1140,1242,
11935,9537,4545,4992,16685,8096,8589,19067,9137,9930,16681,8016,8665,9529,4623,4906,2383,1140,1243,
11940,9541,4548,4993,16692,8100,8592,19075,9140,9935,16688,8018,8670,9533,4624,4909,2384,1141,1243,
11945,9545,4551,4994,16699,8102,8597,19083,9145,9938,16695,8021,8674,9537,4625,4912,2385,1142,1243,
11950,9549,4552,4997,16706,8104,8602,19091,9149,9942,16702,8024,8678,9541,4627,4914,2386,1142,1244,
11955,9553,4554,4999,16713,8109,8604,19099,9153,9946,16709,8029,8680,9545,4628,4917,2387,1142,1245,
11960,9557,4557,5000,16720,8111,8609,19107,9159,9948,16716,8032,8684,9549,4630,4919,2388,1143,1245,
11965,9561,4559,5002,16727,8114,8613,19115,9162,9953,16723,8037,8686,9553,4632,4921,2389,1143,1246,
11970,9565,4559,5006,16734,8119,8615,19123,9168,9955,16730,8040,8690,9557,4635,4922,2390,1143,1247,
11975,9569,4560,5009,16741,8121,8620,19131,9171,9960,16737,8042,8695,9561,4637,4924,2391,1144,1247,
11980,9573,4560,5013,16748,8124,8624,19139,9176,9963,16744,8045,8699,9565,4638,4927,2392,1144,1248,
11985,9577,4563,5014,16755,8130,8625,19147,9179,9968,16751,8050,8701,9569,4639,4930,2393,1144,1249,
11990,9581,4564,5017,16762,8133,8629,19155,9181,9974,16758,8053,8705,9573,4640,4933,2394,1145,1249,
11995,9585,4565,5020,16769,8136,8633,19163,9185,9978,16765,8055,8710,9577,4642,4935,2395,1146,1249,
12000,9589,4565,5024,16776,8140,8636,19171,9187,9984,16772,8059,8713,9581,4645,4936,2396,1146,1250,
12005,9593,4567,5026,16783,8144,8639,19179,9189,9990,16779,8060,8719,9585,4647,4938,2397,1146,1251,
12010,9597,4568,5029,16790,8147,8643,19187,9194,9993,16786,8063,8723,9589,4649,4940,2398,1146,1252,
12015,9601,4572,5029,16797,8151,8646,19195,9199,9996,16793,8066,8727,9593,4651,4942,2399,1147,1252,
12020,9605,4574,5031,16804,8157,8647,19203,9203,10000,16800,8068,8732,9597,4654,4943,2400,1147,1253,
12025,9609,4574,5035,16811,8160,8651,19211,9207,10004,16807,8074,8733,9601,4656,4945,2401,1147,1254,
12030,9613,4576,5037,16818,8164,8654,19219,9211,10008,16814,8079,8735,9605,4658,4947,2402,1148,1254,
12035,9617,4578,5039,16825,8168,8657,19227,9216,10011,16821,8083,8738,9609,4661,4948,2403,1148,1255,
12040,9621,4580,5041,16832,8171,8661,19235,9221,10014,16828,8085,8743,9613,4664,4949,2404,1149,1255,
12045,9625,4581,5044,16839,8177,8662,19243,9225,10018,16835,8088,8747,9617,4665,4952,2405,1149,1256,
12050,9629,4583,5046,16846,8178,8668,19251,9228,10023,16842,8091,8751,9621,4666,4955,2406,1150,1256,
12055,9633,4584,5049,16853,8182,8671,19259,9232,10027,16849,8095,8754,9625,4667,4958,2407,1151,1256,
12060,9637,4585,5052,16860,8187,8673,19267,9234,10033,16856,8099,8757,9629,4667,4962,2408,1152,1256,
12065,9641,4589,5052,16867,8190,8677,19275,9238,10037,16863,8102,8761,9633,4669,4964,2409,1153,1256,
12070,9645,4592,5053,16874,8196,8678,19283,9242,10041,16870,8105,8765,9637,4671,4966,2410,1154,1256,
12075,9649,4594,5055,16881,8200,8681,19291,9246,10045,16877,8107,8770,9641,4673,4968,2411,1155,1256,
12080,9653,4595,5058,16888,8203,8685,19299,9249,10050,16884,8112,8772,9645,4676,4969,2412,1156,1256,
12085,9657,4597,5060,16895,8206,8689,19307,9252,10055,16891,8114,8777,9649,4679,4970,2413,1157,1256,
12090,9661,4599,5062,16902,8208,8694,19315,9258,10057,16898,8117,8781,9653,4681,4972,2414,1157,1257,
12095,9665,4600,5065,16909,8210,8699,19323,9261,10062,16905,8121,8784,9657,4685,4972,2415,1157,1258,
12100,9669,4601,5068,16916,8213,8703,19331,9264,10067,16912,8123,8789,9661,4685,4976,2416,1157,1259,
12105,9673,4605,5068,16923,8216,8707,19339,9269,10070,16919,8128,8791,9665,4687,4978,2417,1157,1260,
12110,9677,4607,5070,16930,8219,8711,19347,9277,10070,16926,8129,8797,9669,4688,4981,2418,1157,1261,
12115,9681,4610,5071,16937,8222,8715,19355,9282,10073,16933,8131,8802,9673,4689,4984,2419,1157,1262,
12120,9685,4612,5073,16944,8224,8720,19363,9287,10076,16940,8138,8802,9677,4691,4986,2420,1157,1263,
12125,9689,4613,5076,16951,8227,8724,19371,9292,10079,16947,8142,8805,9681,4694,4987,2421,1158,1263,
12130,9693,4614,5079,16958,8231,8727,19379,9295,10084,16954,8144,8810,9685,4696,4989,2422,1159,1263,
12135,9697,4617,5080,16965,8235,8730,19387,9299,10088,16961,8147,8814,9689,4697,4992,2423,1159,1264,
12140,9701,4619,5082,16972,8238,8734,19395,9303,10092,16968,8152,8816,9693,4698,4995,2424,1159,1265,
12145,9705,4622,5083,16979,8242,8737,19403,9305,10098,16975,8155,8820,9697,4701,4996,2425,1159,1266,
12150,9709,4623,5086,16986,8245,8741,19411,9311,10100,16982,8158,8824,9701,4705,4996,2426,1159,1267,
12155,9713,4624,5089,16993,8248,8745,19419,9316,10103,16989,8160,8829,9705,4707,4998,2427,1159,1268,
12160,9717,4626,5091,17000,8252,8748,19427,9319,10108,16996,8165,8831,9709,4708,5001,2428,1159,1269,
12165,9721,4630,5091,17007,8256,8751,19435,9324,10111,17003,8171,8832,9713,4710,5003,2429,1159,1270,
12170,9725,4632,5093,17014,8260,8754,19443,9329,10114,17010,8175,8835,9717,4712,5005,2430,1160,1270,
12175,9729,4635,5094,17021,8265,8756,19451,9335,10116,17017,8178,8839,9721,4712,5009,2431,1160,1271,
12180,9733,4636,5097,17028,8269,8759,19459,9339,10120,17024,8183,8841,9725,4713,5012,2432,1161,1271,
12185,9737,4639,5098,17035,8270,8765,19467,9340,10127,17031,8186,8845,9729,4716,5013,2433,1162,1271,
12190,9741,4640,5101,17042,8275,8767,19475,9343,10132,17038,8190,8848,9733,4717,5016,2434,1163,1271,
12195,9745,4642,5103,17049,8278,8771,19483,9346,10137,17045,8192,8853,9737,4720,5017,2435,1163,1272,
12200,9749,4645,5104,17056,8283,8773,19491,9347,10144,17052,8196,8856,9741,4720,5021,2436,1163,1273,
12205,9753,4646,5107,17063,8287,8776,19499,9353,10146,17059,8199,8860,9745,4723,5022,2437,1163,1274,
12210,9757,4648,5109,17070,8291,8779,19507,9358,10149,17066,8201,8865,9749,4727,5022,2438,1164,1274,
12215,9761,4649,5112,17077,8296,8781,19515,9361,10154,17073,8202,8871,9753,4727,5026,2439,1165,1274,
12220,9765,4651,5114,17084,8299,8785,19523,9366,10157,17080,8205,8875,9757,4729,5028,2440,1166,1274,
12225,9769,4653,5116,17091,8303,8788,19531,9369,10162,17087,8209,8878,9761,4730,5031,2441,1167,1274,
12230,9773,4653,5120,17098,8307,8791,19539,9373,10166,17094,8212,8882,9765,4730,5035,2442,1167,1275,
12235,9777,4655,5122,17105,8310,8795,19547,9378,10169,17101,8215,8886,9769,4733,5036,2443,1168,1275,
12240,9781,4656,5125,17112,8313,8799,19555,9384,10171,17108,8217,8891,9773,4735,5038,2444,1168,1276,
12245,9785,4658,5127,17119,8318,8801,19563,9389,10174,17115,8221,8894,9777,4736,5041,2445,1169,1276,
12250,9789,4662,5127,17126,8321,8805,19571,9391,10180,17122,8225,8897,9781,4738,5043,2446,1170,1276,
12255,9793,4664,5129,17133,8323,8810,19579,9394,10185,17129,8227,8902,9785,4741,5044,2447,1170,1277,
12260,9797,4667,5130,17140,8327,8813,19587,9396,10191,17136,8228,8908,9789,4742,5047,2448,1171,1277,
12265,9801,4669,5132,17147,8330,8817,19595,9398,10197,17143,8231,8912,9793,4745,5048,2449,1171,1278,
12270,9805,4670,5135,17154,8332,8822,19603,9403,10200,17150,8234,8916,9797,4746,5051,2450,1171,1279,
12275,9809,4671,5138,17161,8336,8825,19611,9406,10205,17157,8237,8920,9801,4749,5052,2451,1172,1279,
12280,9813,4673,5140,17168,8338,8830,19619,9410,10209,17164,8240,8924,9805,4751,5054,2452,1173,1279,
12285,9817,4674,5143,17175,8339,8836,19627,9413,10214,17171,8242,8929,9809,4752,5057,2453,1173,1280,
12290,9821,4676,5145,17182,8342,8840,19635,9417,10218,17178,8243,8935,9813,4754,5059,2454,1174,1280,
12295,9825,4678,5147,17189,8345,8844,19643,9421,10222,17185,8247,8938,9817,4754,5063,2455,1174,1281,
12300,9829,4681,5148,17196,8349,8847,19651,9425,10226,17192,8250,8942,9821,4756,5065,2456,1174,1282,
12305,9833,4685,5148,17203,8351,8852,19659,9428,10231,17199,8254,8945,9825,4759,5066,2457,1174,1283,
12310,9837,4687,5150,17210,8355,8855,19667,9433,10234,17206,8257,8949,9829,4762,5067,2458,1174,1284,
12315,9841,4688,5153,17217,8359,8858,19675,9436,10239,17213,8261,8952,9833,4763,5070,2459,1175,1284,
12320,9845,4690,5155,17224,8364,8860,19683,9441,10242,17220,8264,8956,9837,4765,5072,2460,1176,1284,
12325,9849,4693,5156,17231,8365,8866,19691,9444,10247,17227,8266,8961,9841,4767,5074,2461,1177,1284,
12330,9853,4694,5159,17238,8367,8871,19699,9448,10251,17234,8268,8966,9845,4769,5076,2462,1177,1285,
12335,9857,4696,5161,17245,8371,8874,19707,9453,10254,17241,8270,8971,9849,4771,5078,2463,1178,1285,
12340,9861,4700,5161,17252,8374,8878,19715,9456,10259,17248,8274,8974,9853,4774,5079,2464,1179,1285,
12345,9865,4700,5165,17259,8377,8882,19723,9458,10265,17255,8275,8980,9857,4776,5081,2465,1179,1286,
12350,9869,4701,5168,17266,8381,8885,19731,9463,10268,17262,8277,8985,9861,4778,5083,2466,1179,1287,
12355,9873,4703,5170,17273,8384,8889,19739,9468,10271,17269,8281,8988,9865,4779,5086,2467,1180,1287,
12360,9877,4706,5171,17280,8388,8892,19747,9473,10274,17276,8283,8993,9869,4781,5088,2468,1181,1287,
12365,9881,4708,5173,17287,8391,8896,19755,9479,10276,17283,8286,8997,9873,4783,5090,2469,1181,1288,
12370,9885,4710,5175,17294,8395,8899,19763,9483,10280,17290,8288,9002,9877,4786,5091,2470,1182,1288,
12375,9889,4713,5176,17301,8399,8902,19771,9486,10285,17297,8290,9007,9881,4786,5095,2471,1182,1289,
12380,9893,4714,5179,17308,8402,8906,19779,9487,10292,17304,8292,9012,9885,4787,5098,2472,1182,1290,
12385,9897,4717,5180,17315,8406,8909,19787,9492,10295,17311,8296,9015,9889,4789,5100,2473,1182,1291,
12390,9901,4719,5182,17322,8409,8913,19795,9497,10298,17318,8298,9020,9893,4791,5102,2474,1183,1291,
12395,9905,4721,5184,17329,8412,8917,19803,9502,10301,17325,8301,9024,9897,4793,5104,2475,1183,1292,
12400,9909,4723,5186,17336,8417,8919,19811,9506,10305,17332,8305,9027,9901,4794,5107,2476,1184,1292,
12405,9913,4726,5187,17343,8422,8921,19819,9509,10310,17339,8309,9030,9905,4796,5109,2477,1185,1292,
12410,9917,4728,5189,17350,8423,8927,19827,9517,10310,17346,8312,9034,9909,4798,5111,2478,1185,1293,
12415,9921,4732,5189,17357,8428,8929,19835,9523,10312,17353,8313,9040,9913,4800,5113,2479,1186,1293,
12420,9925,4733,5192,17364,8431,8933,19843,9528,10315,17360,8318,9042,9917,4802,5115,2480,1186,1294,
12425,9929,4734,5195,17371,8433,8938,19851,9531,10320,17367,8324,9043,9921,4802,5119,2481,1187,1294,
12430,9933,4736,5197,17378,8437,8941,19859,9536,10323,17374,8327,9047,9925,4804,5121,2482,1187,1295,
12435,9937,4737,5200,17385,8441,8944,19867,9540,10327,17381,8329,9052,9929,4805,5124,2483,1187,1296,
12440,9941,4739,5202,17392,8445,8947,19875,9543,10332,17388,8334,9054,9933,4806,5127,2484,1187,1297,
12445,9945,4741,5204,17399,8448,8951,19883,9548,10335,17395,8338,9057,9937,4809,5128,2485,1187,1298,
12450,9949,4741,5208,17406,8450,8956,19891,9550,10341,17402,8340,9062,9941,4811,5130,2486,1187,1299,
12455,9953,4744,5209,17413,8452,8961,19899,9554,10345,17409,8344,9065,9945,4813,5132,2487,1188,1299,
12460,9957,4748,5209,17420,8456,8964,19907,9557,10350,17416,8347,9069,9949,4814,5135,2488,1189,1299,
12465,9961,4751,5210,17427,8460,8967,19915,9559,10356,17423,8349,9074,9953,4816,5137,2489,1190,1299,
12470,9965,4754,5211,17434,8461,8973,19923,9562,10361,17430,8351,9079,9957,4820,5137,2490,1191,1299,
12475,9969,4754,5215,17441,8464,8977,19931,9565,10366,17437,8352,9085,9961,4822,5139,2491,1191,1300,
12480,9973,4756,5217,17448,8465,8983,19939,9567,10372,17444,8357,9087,9965,4823,5142,2492,1191,1301,
12485,9977,4758,5219,17455,8465,8990,19947,9572,10375,17451,8359,9092,9969,4825,5144,2493,1191,1302,
12490,9981,4758,5223,17462,8470,8992,19955,9577,10378,17458,8362,9096,9973,4828,5145,2494,1191,1303,
12495,9985,4760,5225,17469,8473,8996,19963,9580,10383,17465,8364,9101,9977,4830,5147,2495,1192,1303,
12500,9989,4762,5227,17476,8476,9000,19971,9585,10386,17472,8366,9106,9981,4832,5149,2496,1192,1304,
12505,9993,4764,5229,17483,8480,9003,19979,9589,10390,17479,8371,9108,9985,4834,5151,2497,1192,1305,
12510,9997,4765,5232,17490,8485,9005,19987,9593,10394,17486,8374,9112,9989,4836,5153,2498,1192,1306,
12515,10001,4765,5236,17497,8488,9009,19995,9597,10398,17493,8378,9115,9993,4837,5156,2499,1193,1306,
12520,10005,4768,5237,17504,8490,9014,20003,9599,10404,17500,8381,9119,9997,4840,5157,2500,1193,1307,
12525,10009,4770,5239,17511,8492,9019,20011,9606,10405,17507,8384,9123,10001,4843,5158,2501,1193,1308,
12530,10013,4771,5242,17518,8496,9022,20019,9613,10406,17514,8388,9126,10005,4844,5161,2502,1193,1309,
12535,10017,4773,5244,17525,8500,9025,20027,9616,10411,17521,8392,9129,10009,4846,5163,2503,1193,1310,
12540,10021,4777,5244,17532,8506,9026,20035,9622,10413,17528,8397,9131,10013,4849,5164,2504,1194,1310,
12545,10025,4779,5246,17539,8509,9030,20043,9625,10418,17535,8404,9131,10017,4851,5166,2505,1195,1310,
12550,10029,4781,5248,17546,8510,9036,20051,9627,10424,17542,8408,9134,10021,4855,5166,2506,1196,1310,
12555,10033,4783,5250,17553,8512,9041,20059,9631,10428,17549,8413,9136,10025,4856,5169,2507,1197,1310,
12560,10037,4786,5251,17560,8515,9045,20067,9637,10430,17556,8418,9138,10029,4859,5170,2508,1198,1310,
12565,10041,4786,5255,17567,8521,9046,20075,9643,10432,17563,8422,9141,10033,4860,5173,2509,1198,1311,
12570,10045,4789,5256,17574,8526,9048,20083,9646,10437,17570,8425,9145,10037,4862,5175,2510,1199,1311,
12575,10049,4793,5256,17581,8530,9051,20091,9649,10442,17577,8430,9147,10041,4862,5179,2511,1199,1312,
12580,10053,4793,5260,17588,8531,9057,20099,9653,10446,17584,8432,9152,10045,4864,5181,2512,1199,1313,
12585,10057,4795,5262,17595,8535,9060,20107,9654,10453,17591,8434,9157,10049,4864,5185,2513,1199,1314,
12590,10061,4796,5265,17602,8538,9064,20115,9655,10460,17598,8437,9161,10053,4866,5187,2514,1199,1315,
12595,10065,4796,5269,17609,8540,9069,20123,9662,10461,17605,8439,9166,10057,4868,5189,2515,1199,1316,
12600,10069,4796,5273,17616,8545,9071,20131,9667,10464,17612,8439,9173,10061,4871,5190,2516,1199,1317,
12605,10073,4796,5277,17623,8547,9076,20139,9675,10464,17619,8440,9179,10065,4873,5192,2517,1199,1318,
12610,10077,4798,5279,17630,8549,9081,20147,9679,10468,17626,8444,9182,10069,4873,5196,2518,1199,1319,
12615,10081,4801,5280,17637,8553,9084,20155,9681,10474,17633,8446,9187,10073,4876,5197,2519,1199,1320,
12620,10085,4803,5282,17644,8553,9091,20163,9684,10479,17640,8450,9190,10077,4878,5199,2520,1200,1320,
12625,10089,4805,5284,17651,8555,9096,20171,9690,10481,17647,8454,9193,10081,4879,5202,2521,1201,1320,
12630,10093,4807,5286,17658,8560,9098,20179,9695,10484,17654,8458,9196,10085,4881,5204,2522,1202,1320,
12635,10097,4808,5289,17665,8563,9102,20187,9698,10489,17661,8461,9200,10089,4884,5205,2523,1202,1321,
12640,10101,4811,5290,17672,8566,9106,20195,9704,10491,17668,8466,9202,10093,4886,5207,2524,1203,1321,
12645,10105,4812,5293,17679,8569,9110,20203,9708,10495,17675,8468,9207,10097,4887,5210,2525,1203,1322,
12650,10109,4815,5294,17686,8573,9113,20211,9711,10500,17682,8470,9212,10101,4890,5211,2526,1204,1322,
12655,10113,4819,5294,17693,8578,9115,20219,9718,10501,17689,8472,9217,10105,4891,5214,2527,1205,1322,
12660,10117,4822,5295,17700,8582,9118,20227,9723,10504,17696,8478,9218,10109,4893,5216,2528,1206,1322,
12665,10121,4822,5299,17707,8584,9123,20235,9727,10508,17703,8481,9222,10113,4896,5217,2529,1207,1322,
12670,10125,4823,5302,17714,8586,9128,20243,9730,10513,17710,8483,9227,10117,4898,5219,2530,1208,1322,
12675,10129,4823,5306,17721,8589,9132,20251,9734,10517,17717,8487,9230,10121,4898,5223,2531,1209,1322,
12680,10133,4825,5308,17728,8592,9136,20259,9739,10520,17724,8490,9234,10125,4900,5225,2532,1209,1323,
12685,10137,4829,5308,17735,8595,9140,20267,9741,10526,17731,8492,9239,10129,4903,5226,2533,1209,1324,
12690,10141,4829,5312,17742,8598,9144,20275,9743,10532,17738,8496,9242,10133,4904,5229,2534,1209,1325,
12695,10145,4830,5315,17749,8602,9147,20283,9743,10540,17745,8500,9245,10137,4908,5229,2535,1210,1325,
12700,10149,4830,5319,17756,8607,9149,20291,9747,10544,17752,8503,9249,10141,4910,5231,2536,1211,1325,
12705,10153,4832,5321,17763,8610,9153,20299,9752,10547,17759,8506,9253,10145,4913,5232,2537,1211,1326,
12710,10157,4833,5324,17770,8613,9157,20307,9755,10552,17766,8511,9255,10149,4915,5234,2538,1211,1327,
12715,10161,4834,5327,17777,8616,9161,20315,9758,10557,17773,8511,9262,10153,4917,5236,2539,1212,1327,
12720,10165,4837,5328,17784,8620,9164,20323,9760,10563,17780,8515,9265,10157,4918,5239,2540,1212,1328,
12725,10169,4839,5330,17791,8625,9166,20331,9765,10566,17787,8518,9269,10161,4921,5240,2541,1213,1328,
12730,10173,4842,5331,17798,8629,9169,20339,9768,10571,17794,8524,9270,10165,4922,5243,2542,1214,1328,
12735,10177,4844,5333,17805,8632,9173,20347,9772,10575,17801,8526,9275,10169,4923,5246,2543,1215,1328,
12740,10181,4846,5335,17812,8634,9178,20355,9775,10580,17808,8528,9280,10173,4926,5247,2544,1215,1329,
12745,10185,4849,5336,17819,8637,9182,20363,9780,10583,17815,8532,9283,10177,4926,5251,2545,1216,1329,
12750,10189,4852,5337,17826,8638,9188,20371,9783,10588,17822,8534,9288,10181,4927,5254,2546,1216,1330,
12755,10193,4855,5338,17833,8643,9190,20379,9786,10593,17829,8538,9291,10185,4928,5257,2547,1217,1330,
12760,10197,4859,5338,17840,8647,9193,20387,9790,10597,17836,8543,9293,10189,4928,5261,2548,1217,1331,
12765,10201,4861,5340,17847,8652,9195,20395,9795,10600,17843,8547,9296,10193,4929,5264,2549,1218,1331,
12770,10205,4865,5340,17854,8656,9198,20403,9798,10605,17850,8552,9298,10197,4930,5267,2550,1218,1332,
12775,10209,4866,5343,17861,8659,9202,20411,9803,10608,17857,8555,9302,10201,4932,5269,2551,1219,1332,
12780,10213,4867,5346,17868,8663,9205,20419,9807,10612,17864,8559,9305,10205,4935,5270,2552,1219,1333,
12785,10217,4868,5349,17875,8665,9210,20427,9814,10613,17871,8561,9310,10209,4936,5273,2553,1220,1333,
12790,10221,4870,5351,17882,8669,9213,20435,9819,10616,17878,8562,9316,10213,4938,5275,2554,1221,1333,
12795,10225,4873,5352,17889,8672,9217,20443,9824,10619,17885,8564,9321,10217,4941,5276,2555,1221,1334,
12800,10229,4875,5354,17896,8673,9223,20451,9829,10622,17892,8568,9324,10221,4942,5279,2556,1222,1334,
12805,10233,4877,5356,17903,8677,9226,20459,9834,10625,17899,8570,9329,10225,4943,5282,2557,1222,1335,
12810,10237,4879,5358,17910,8680,9230,20467,9838,10629,17906,8573,9333,10229,4943,5286,2558,1222,1336,
12815,10241,4883,5358,17917,8684,9233,20475,9839,10636,17913,8576,9337,10233,4944,5289,2559,1223,1336,
12820,10245,4885,5360,17924,8689,9235,20483,9844,10639,17920,8578,9342,10237,4946,5291,2560,1224,1336,
12825,10249,4887,5362,17931,8692,9239,20491,9849,10642,17927,8583,9344,10241,4948,5293,2561,1225,1336,
12830,10253,4888,5365,17938,8697,9241,20499,9853,10646,17934,8588,9346,10245,4948,5297,2562,1225,1337,
12835,10257,4891,5366,17945,8699,9246,20507,9857,10650,17941,8591,9350,10249,4950,5299,2563,1226,1337,
12840,10261,4893,5368,17952,8701,9251,20515,9860,10655,17948,8596,9352,10253,4951,5302,2564,1226,1338,
12845,10265,4895,5370,17959,8707,9252,20523,9864,10659,17955,8598,9357,10257,4952,5305,2565,1226,1339,
12850,10269,4896,5373,17966,8712,9254,20531,9867,10664,17962,8601,9361,10261,4953,5308,2566,1226,1340,
12855,10273,4898,5375,17973,8715,9258,20539,9869,10670,17969,8606,9363,10265,4954,5311,2567,1226,1341,
12860,10277,4899,5378,17980,8716,9264,20547,9872,10675,17976,8608,9368,10269,4955,5314,2568,1227,1341,
12865,10281,4901,5380,17987,8719,9268,20555,9876,10679,17983,8612,9371,10273,4957,5316,2569,1227,1342,
12870,10285,4905,5380,17994,8722,9272,20563,9879,10684,17990,8619,9371,10277,4960,5317,2570,1227,1343,
12875,10289,4906,5383,18001,8725,9276,20571,9883,10688,17997,8619,9378,10281,4962,5319,2571,1227,1344,
12880,10293,4908,5385,18008,8726,9282,20579,9889,10690,18004,8622,9382,10285,4965,5320,2572,1228,1344,
12885,10297,4910,5387,18015,8729,9286,20587,9895,10692,18011,8627,9384,10289,4968,5321,2573,1229,1344,
12890,10301,4913,5388,18022,8735,9287,20595,9900,10695,18018,8630,9388,10293,4970,5323,2574,1229,1345,
12895,10305,4915,5390,18029,8738,9291,20603,9904,10699,18025,8633,9392,10297,4972,5325,2575,1229,1346,
12900,10309,4916,5393,18036,8742,9294,20611,9906,10705,18032,8636,9396,10301,4973,5328,2576,1229,1347,
12905,10313,4919,5394,18043,8743,9300,20619,9910,10709,18039,8640,9399,10305,4975,5330,2577,1230,1347,
12910,10317,4920,5397,18050,8748,9302,20627,9914,10713,18046,8642,9404,10309,4977,5332,2578,1230,1348,
12915,10321,4922,5399,18057,8751,9306,20635,9915,10720,18053,8646,9407,10313,4980,5333,2579,1231,1348,
12920,10325,4923,5402,18064,8757,9307,20643,9918,10725,18060,8647,9413,10317,4983,5334,2580,1231,1349,
12925,10329,4924,5405,18071,8759,9312,20651,9923,10728,18067,8650,9417,10321,4984,5337,2581,1232,1349,
12930,10333,4925,5408,18078,8762,9316,20659,9925,10734,18074,8653,9421,10325,4987,5338,2582,1232,1350,
12935,10337,4927,5410,18085,8765,9320,20667,9931,10736,18081,8654,9427,10329,4990,5339,2583,1232,1351,
12940,10341,4928,5413,18092,8766,9326,20675,9935,10740,18088,8658,9430,10333,4992,5341,2584,1233,1351,
12945,10345,4930,5415,18099,8769,9330,20683,9937,10746,18095,8663,9432,10337,4994,5343,2585,1234,1351,
12950,10349,4932,5417,18106,8773,9333,20691,9941,10750,18102,8665,9437,10341,4995,5346,2586,1234,1352,
12955,10353,4935,5418,18113,8778,9335,20699,9946,10753,18109,8668,9441,10345,4997,5348,2587,1234,1353,
12960,10357,4937,5420,18120,8783,9337,20707,9950,10757,18116,8672,9444,10349,4998,5351,2588,1235,1353,
12965,10361,4940,5421,18127,8785,9342,20715,9952,10763,18123,8677,9446,10353,5002,5351,2589,1236,1353,
12970,10365,4943,5422,18134,8786,9348,20723,9956,10767,18130,8680,9450,10357,5003,5354,2590,1236,1354,
12975,10369,4946,5423,18141,8788,9353,20731,9961,10770,18137,8686,9451,10361,5006,5355,2591,1236,1355,
12980,10373,4949,5424,18148,8790,9358,20739,9964,10775,18144,8690,9454,10365,5008,5357,2592,1237,1355,
12985,10377,4952,5425,18155,8791,9364,20747,9969,10778,18151,8696,9455,10369,5008,5361,2593,1237,1356,
12990,10381,4954,5427,18162,8793,9369,20755,9974,10781,18158,8701,9457,10373,5010,5363,2594,1237,1357,
12995,10385,4956,5429,18169,8795,9374,20763,9979,10784,18165,8704,9461,10377,5012,5365,2595,1238,1357,
13000,10389,4959,5430,18176,8796,9380,20771,9982,10789,18172,8709,9463,10381,5014,5367,2596,1238,1358,
13005,10393,4959,5434,18183,8799,9384,20779,9988,10791,18179,8715,9464,10385,5015,5370,2597,1238,1359,
13010,10397,4961,5436,18190,8800,9390,20787,9991,10796,18186,8719,9467,10389,5016,5373,2598,1239,1359,
13015,10401,4964,5437,18197,8802,9395,20795,9995,10800,18193,8723,9470,10393,5018,5375,2599,1240,1359,
13020,10405,4965,5440,18204,8803,9401,20803,10001,10802,18200,8725,9475,10397,5021,5376,2600,1241,1359,
13025,10409,4965,5444,18211,8805,9406,20811,10004,10807,18207,8728,9479,10401,5023,5378,2601,1242,1359,
13030,10413,4967,5446,18218,8806,9412,20819,10008,10811,18214,8734,9480,10405,5027,5378,2602,1242,1360,
13035,10417,4971,5446,18225,8808,9417,20827,10013,10814,18221,8737,9484,10409,5029,5380,2603,1242,1361,
13040,10421,4973,5448,18232,8812,9420,20835,10018,10817,18228,8740,9488,10413,5030,5383,2604,1243,1361,
13045,10425,4976,5449,18239,8815,9424,20843,10021,10822,18235,8744,9491,10417,5032,5385,2605,1243,1362,
13050,10429,4977,5452,18246,8817,9429,20851,10028,10823,18242,8749,9493,10421,5034,5387,2606,1244,1362,
13055,10433,4979,5454,18253,8820,9433,20859,10031,10828,18249,8754,9495,10425,5035,5390,2607,1244,1363,
13060,10437,4981,5456,18260,8822,9438,20867,10037,10830,18256,8759,9497,10429,5038,5391,2608,1245,1363,
13065,10441,4983,5458,18267,8824,9443,20875,10041,10834,18263,8761,9502,10433,5040,5393,2609,1245,1364,
13070,10445,4986,5459,18274,8828,9446,20883,10046,10837,18270,8765,9505,10437,5043,5394,2610,1246,1364,
13075,10449,4987,5462,18281,8833,9448,20891,10052,10839,18277,8767,9510,10441,5045,5396,2611,1246,1365,
13080,10453,4989,5464,18288,8835,9453,20899,10056,10843,18284,8772,9512,10445,5047,5398,2612,1247,1365,
13085,10457,4990,5467,18295,8840,9455,20907,10057,10850,18291,8776,9515,10449,5049,5400,2613,1248,1365,
13090,10461,4990,5471,18302,8843,9459,20915,10062,10853,18298,8779,9519,10453,5052,5401,2614,1248,1366,
13095,10465,4992,5473,18309,8847,9462,20923,10067,10856,18305,8784,9521,10457,5052,5405,2615,1248,1367,
13100,10469,4993,5476,18316,8849,9467,20931,10071,10860,18312,8787,9525,10461,5053,5408,2616,1248,1368,
13105,10473,4994,5479,18323,8853,9470,20939,10076,10863,18319,8790,9529,10465,5055,5410,2617,1248,1369,
13110,10477,4996,5481,18330,8853,9477,20947,10081,10866,18326,8793,9533,10469,5058,5411,2618,1249,1369,
13115,10481,4998,5483,18337,8857,9480,20955,10086,10869,18333,8796,9537,10473,5059,5414,2619,1250,1369,
13120,10485,5001,5484,18344,8861,9483,20963,10091,10872,18340,8798,9542,10477,5062,5415,2620,1251,1369,
13125,10489,5003,5486,18351,8865,9486,20971,10094,10877,18347,8801,9546,10481,5063,5418,2621,1251,1370,
13130,10493,5005,5488,18358,8868,9490,20979,10097,10882,18354,8805,9549,10485,5064,5421,2622,1252,1370,
13135,10497,5007,5490,18365,8871,9494,20987,10098,10889,18361,8807,9554,10489,5066,5423,2623,1252,1371,
13140,10501,5009,5492,18372,8876,9496,20995,10101,10894,18368,8809,9559,10493,5068,5425,2624,1253,1371,
13145,10505,5010,5495,18379,8882,9497,21003,10105,10898,18375,8812,9563,10497,5070,5427,2625,1253,1372,
13150,10509,5012,5497,18386,8887,9499,21011,10110,10901,18382,8816,9566,10501,5072,5429,2626,1253,1373,
13155,10513,5014,5499,18393,8890,9503,21019,10113,10906,18389,8820,9569,10505,5073,5432,2627,1254,1373,
13160,10517,5018,5499,18400,8891,9509,21027,10119,10908,18396,8823,9573,10509,5074,5435,2628,1254,1374,
13165,10521,5019,5502,18407,8895,9512,21035,10123,10912,18403,8824,9579,10513,5075,5438,2629,1254,1375,
13170,10525,5022,5503,18414,8898,9516,21043,10126,10917,18410,8825,9585,10517,5079,5438,2630,1255,1375,
13175,10529,5025,5504,18421,8902,9519,21051,10131,10920,18417,8830,9587,10521,5082,5439,2631,1255,1376,
13180,10533,5026,5507,18428,8905,9523,21059,10137,10922,18424,8833,9591,10525,5085,5440,2632,1256,1376,
13185,10537,5029,5508,18435,8908,9527,21067,10141,10926,18431,8836,9595,10529,5086,5443,2633,1256,1377,
13190,10541,5031,5510,18442,8912,9530,21075,10146,10929,18438,8839,9599,10533,5088,5445,2634,1257,1377,
13195,10545,5033,5512,18449,8915,9534,21083,10151,10932,18445,8841,9604,10537,5090,5447,2635,1257,1378,
13200,10549,5035,5514,18456,8919,9537,21091,10155,10936,18452,8846,9606,10541,5094,5447,2636,1258,1378,
13205,10553,5038,5515,18463,8923,9540,21099,10161,10938,18459,8850,9609,10545,5098,5447,2637,1258,1379,
13210,10557,5039,5518,18470,8928,9542,21107,10163,10944,18466,8854,9612,10549,5100,5449,2638,1258,1380,
13215,10561,5039,5522,18477,8932,9545,21115,10168,10947,18473,8855,9618,10553,5100,5453,2639,1259,1380,
13220,10565,5042,5523,18484,8936,9548,21123,10170,10953,18480,8859,9621,10557,5103,5454,2640,1260,1380,
13225,10569,5044,5525,18491,8940,9551,21131,10175,10956,18487,8862,9625,10561,5104,5457,2641,1260,1381,
13230,10573,5045,5528,18498,8943,9555,21139,10178,10961,18494,8867,9627,10565,5106,5459,2642,1260,1382,
13235,10577,5047,5530,18505,8947,9558,21147,10182,10965,18501,8871,9630,10569,5107,5462,2643,1261,1382,
13240,10581,5049,5532,18512,8950,9562,21155,10188,10967,18508,8875,9633,10573,5108,5465,2644,1262,1382,
13245,10585,5050,5535,18519,8954,9565,21163,10191,10972,18515,8878,9637,10577,5109,5468,2645,1263,1382,
13250,10589,5053,5536,18526,8956,9570,21171,10196,10975,18522,8882,9640,10581,5111,5470,2646,1263,1383,
13255,10593,5055,5538,18533,8959,9574,21179,10202,10977,18529,8886,9643,10585,5114,5471,2647,1264,1383,
13260,10597,5057,5540,18540,8963,9577,21187,10208,10979,18536,8890,9646,10589,5115,5474,2648,1265,1383,
13265,10601,5060,5541,18547,8965,9582,21195,10212,10983,18543,8894,9649,10593,5116,5477,2649,1266,1383,
13270,10605,5063,5542,18554,8969,9585,21203,10216,10987,18550,8898,9652,10597,5118,5479,2650,1267,1383,
13275,10609,5065,5544,18561,8971,9590,21211,10221,10990,18557,8902,9655,10601,5118,5483,2651,1267,1384,
13280,10613,5067,5546,18568,8975,9593,21219,10226,10993,18564,8904,9660,10605,5119,5486,2652,1268,1384,
13285,10617,5068,5549,18575,8978,9597,21227,10230,10997,18571,8907,9664,10609,5120,5489,2653,1269,1384,
13290,10621,5071,5550,18582,8982,9600,21235,10233,11002,18578,8912,9666,10613,5123,5490,2654,1269,1385,
13295,10625,5074,5551,18589,8987,9602,21243,10239,11004,18585,8916,9669,10617,5126,5491,2655,1269,1386,
13300,10629,5077,5552,18596,8991,9605,21251,10243,11008,18592,8919,9673,10621,5128,5493,2656,1270,1386,
13305,10633,5078,5555,18603,8995,9608,21259,10247,11012,18599,8922,9677,10625,5129,5496,2657,1271,1386,
13310,10637,5079,5558,18610,8998,9612,21267,10250,11017,18606,8924,9682,10629,5132,5497,2658,1272,1386,
13315,10641,5081,5560,18617,9002,9615,21275,10252,11023,18613,8927,9686,10633,5134,5499,2659,1272,1387,
13320,10645,5083,5562,18624,9005,9619,21283,10259,11024,18620,8931,9689,10637,5136,5501,2660,1273,1387,
13325,10649,5085,5564,18631,9009,9622,21291,10262,11029,18627,8935,9692,10641,5138,5503,2661,1273,1388,
13330,10653,5088,5565,18638,9011,9627,21299,10267,11032,18634,8938,9696,10645,5140,5505,2662,1274,1388,
13335,10657,5090,5567,18645,9014,9631,21307,10272,11035,18641,8940,9701,10649,5143,5506,2663,1274,1389,
13340,10661,5091,5570,18652,9018,9634,21315,10276,11039,18648,8943,9705,10653,5147,5506,2664,1274,1390,
13345,10665,5093,5572,18659,9021,9638,21323,10279,11044,18655,8946,9709,10657,5147,5510,2665,1274,1391,
13350,10669,5096,5573,18666,9024,9642,21331,10281,11050,18662,8950,9712,10661,5150,5511,2666,1275,1391,
13355,10673,5098,5575,18673,9029,9644,21339,10284,11055,18669,8954,9715,10665,5152,5513,2667,1276,1391,
13360,10677,5100,5577,18680,9033,9647,21347,10287,11060,18676,8956,9720,10669,5153,5516,2668,1277,1391,
13365,10681,5102,5579,18687,9037,9650,21355,10291,11064,18683,8960,9723,10673,5153,5520,2669,1277,1392,
13370,10685,5103,5582,18694,9040,9654,21363,10295,11068,18690,8964,9726,10677,5155,5522,2670,1277,1393,
13375,10689,5106,5583,18701,9044,9657,21371,10299,11072,18697,8968,9729,10681,5157,5524,2671,1277,1394,
13380,10693,5108,5585,18708,9048,9660,21379,10304,11075,18704,8973,9731,10685,5160,5525,2672,1277,1395,
13385,10697,5110,5587,18715,9049,9666,21387,10310,11077,18711,8977,9734,10689,5160,5529,2673,1277,1396,
13390,10701,5113,5588,18722,9053,9669,21395,10316,11079,18718,8980,9738,10693,5163,5530,2674,1277,1397,
13395,10705,5113,5592,18729,9057,9672,21403,10320,11083,18725,8985,9740,10697,5163,5534,2675,1277,1398,
13400,10709,5116,5593,18736,9061,9675,21411,10325,11086,18732,8990,9742,10701,5163,5538,2676,1277,1399,
13405,10713,5116,5597,18743,9066,9677,21419,10328,11091,18739,8995,9744,10705,5165,5540,2677,1277,1400,
13410,10717,5118,5599,18750,9069,9681,21427,10332,11095,18746,8998,9748,10709,5166,5543,2678,1277,1401,
13415,10721,5122,5599,18757,9072,9685,21435,10336,11099,18753,9003,9750,10713,5167,5546,2679,1277,1402,
13420,10725,5122,5603,18764,9078,9686,21443,10340,11103,18760,9008,9752,10717,5170,5547,2680,1277,1403,
13425,10729,5124,5605,18771,9081,9690,21451,10345,11106,18767,9013,9754,10721,5172,5549,2681,1277,1404,
13430,10733,5125,5608,18778,9083,9695,21459,10347,11112,18774,9014,9760,10725,5173,5552,2682,1277,1405,
13435,10737,5128,5609,18785,9086,9699,21467,10352,11115,18781,9017,9764,10729,5174,5555,2683,1277,1406,
13440,10741,5130,5611,18792,9090,9702,21475,10358,11117,18788,9022,9766,10733,5176,5557,2684,1277,1407,
13445,10745,5130,5615,18799,9094,9705,21483,10362,11121,18795,9026,9769,10737,5178,5559,2685,1278,1407,
13450,10749,5130,5619,18806,9098,9708,21491,10365,11126,18802,9033,9769,10741,5181,5560,2686,1278,1408,
13455,10753,5133,5620,18813,9101,9712,21499,10368,11131,18809,9037,9772,10745,5183,5562,2687,1278,1409,
13460,10757,5136,5621,18820,9102,9718,21507,10371,11136,18816,9042,9774,10749,5184,5565,2688,1278,1410,
13465,10761,5137,5624,18827,9106,9721,21515,10375,11140,18823,9046,9777,10753,5187,5566,2689,1279,1410,
13470,10765,5138,5627,18834,9111,9723,21523,10380,11143,18830,9049,9781,10757,5188,5569,2690,1279,1411,
13475,10769,5140,5629,18841,9113,9728,21531,10382,11149,18837,9052,9785,10761,5191,5570,2691,1280,1411,
13480,10773,5144,5629,18848,9117,9731,21539,10384,11155,18844,9056,9788,10765,5192,5573,2692,1280,1412,
13485,10777,5144,5633,18855,9121,9734,21547,10387,11160,18851,9059,9792,10769,5193,5576,2693,1281,1412,
13490,10781,5146,5635,18862,9122,9740,21555,10390,11165,18858,9062,9796,10773,5195,5578,2694,1282,1412,
13495,10785,5149,5636,18869,9125,9744,21563,10396,11167,18865,9067,9798,10777,5198,5579,2695,1282,1413,
13500,10789,5151,5638,18876,9128,9748,21571,10399,11172,18872,9070,9802,10781,5201,5580,2696,1282,1414,
13505,10793,5152,5641,18883,9131,9752,21579,10404,11175,18879,9073,9806,10785,5203,5582,2697,1283,1414,
13510,10797,5154,5643,18890,9133,9757,21587,10406,11181,18886,9078,9808,10789,5207,5582,2698,1284,1414,
13515,10801,5155,5646,18897,9137,9760,21595,10409,11186,18893,9083,9810,10793,5208,5585,2699,1285,1414,
13520,10805,5156,5649,18904,9141,9763,21603,10413,11190,18900,9088,9812,10797,5210,5587,2700,1286,1414,
13525,10809,5159,5650,18911,9145,9766,21611,10419,11192,18907,9090,9817,10801,5211,5590,2701,1286,1415,
13530,10813,5159,5654,18918,9148,9770,21619,10424,11195,18914,9092,9822,10805,5211,5594,2702,1286,1416,
13535,10817,5160,5657,18925,9152,9773,21627,10427,11200,18921,9094,9827,10809,5211,5598,2703,1286,1417,
13540,10821,5161,5660,18932,9155,9777,21635,10432,11203,18928,9098,9830,10813,5212,5601,2704,1287,1417,
13545,10825,5162,5663,18939,9156,9783,21643,10435,11208,18935,9101,9834,10817,5213,5604,2705,1288,1417,
13550,10829,5164,5665,18946,9161,9785,21651,10440,11211,18942,9104,9838,10821,5216,5605,2706,1289,1417,
13555,10833,5164,5669,18953,9164,9789,21659,10443,11216,18949,9108,9841,10825,5217,5608,2707,1290,1417,
13560,10837,5166,5671,18960,9168,9792,21667,10446,11221,18956,9113,9843,10829,5219,5610,2708,1291,1417,
13565,10841,5168,5673,18967,9170,9797,21675,10448,11227,18963,9118,9845,10833,5223,5610,2709,1292,1417,
13570,10845,5171,5674,18974,9173,9801,21683,10453,11230,18970,9121,9849,10837,5226,5611,2710,1292,1418,
13575,10849,5174,5675,18981,9176,9805,21691,10457,11234,18977,9124,9853,10841,5227,5614,2711,1292,1419,
13580,10853,5175,5678,18988,9179,9809,21699,10462,11237,18984,9129,9855,10845,5229,5616,2712,1292,1420,
13585,10857,5176,5681,18995,9183,9812,21707,10464,11243,18991,9134,9857,10849,5229,5620,2713,1292,1421,
13590,10861,5179,5682,19002,9185,9817,21715,10467,11248,18998,9139,9859,10853,5231,5622,2714,1292,1422,
13595,10865,5182,5683,19009,9189,9820,21723,10473,11250,19005,9141,9864,10857,5233,5624,2715,1293,1422,
13600,10869,5185,5684,19016,9193,9823,21731,10478,11253,19012,9144,9868,10861,5235,5626,2716,1294,1422,
13605,10873,5189,5684,19023,9196,9827,21739,10481,11258,19019,9146,9873,10865,5236,5629,2717,1294,1423,
13610,10877,5193,5684,19030,9201,9829,21747,10485,11262,19026,9149,9877,10869,5237,5632,2718,1295,1423,
13615,10881,5194,5687,19037,9207,9830,21755,10490,11265,19033,9152,9881,10873,5238,5635,2719,1296,1423,
13620,10885,5197,5688,19044,9209,9835,21763,10494,11269,19040,9155,9885,10877,5241,5636,2720,1296,1424,
13625,10889,5199,5690,19051,9212,9839,21771,10499,11272,19047,9158,9889,10881,5241,5640,2721,1296,1425,
13630,10893,5199,5694,19058,9216,9842,21779,10500,11279,19054,9163,9891,10885,5242,5643,2722,1297,1425,
13635,10897,5201,5696,19065,9219,9846,21787,10504,11283,19061,9166,9895,10889,5246,5643,2723,1298,1425,
13640,10901,5205,5696,19072,9221,9851,21795,10507,11288,19068,9167,9901,10893,5249,5644,2724,1298,1426,
13645,10905,5209,5696,19079,9225,9854,21803,10512,11291,19075,9173,9902,10897,5250,5647,2725,1298,1427,
13650,10909,5210,5699,19086,9230,9856,21811,10515,11296,19082,9176,9906,10901,5251,5650,2726,1299,1427,
13655,10913,5211,5702,19093,9234,9859,21819,10517,11302,19089,9180,9909,10905,5252,5653,2727,1299,1428,
13660,10917,5213,5704,19100,9236,9864,21827,10522,11305,19096,9183,9913,10909,5255,5654,2728,1299,1429,
13665,10921,5214,5707,19107,9237,9870,21835,10528,11307,19103,9188,9915,10913,5258,5655,2729,1299,1430,
13670,10925,5217,5708,19114,9242,9872,21843,10531,11312,19110,9191,9919,10917,5259,5658,2730,1300,1430,
13675,10929,5218,5711,19121,9245,9876,21851,10534,11317,19117,9194,9923,10921,5260,5661,2731,1300,1431,
13680,10933,5221,5712,19128,9249,9879,21859,10538,11321,19124,9198,9926,10925,5263,5662,2732,1301,1431,
13685,10937,5223,5714,19135,9251,9884,21867,10544,11323,19131,9202,9929,10929,5265,5664,2733,1302,1431,
13690,10941,5224,5717,19142,9255,9887,21875,10549,11326,19138,9207,9931,10933,5268,5665,2734,1302,1432,
13695,10945,5227,5718,19149,9259,9890,21883,10554,11329,19145,9210,9935,10937,5271,5666,2735,1302,1433,
13700,10949,5230,5719,19156,9260,9896,21891,10557,11334,19152,9214,9938,10941,5275,5666,2736,1303,1433,
13705,10953,5231,5722,19163,9264,9899,21899,10561,11338,19159,9215,9944,10945,5277,5668,2737,1304,1433,
13710,10957,5233,5724,19170,9268,9902,21907,10562,11345,19166,9217,9949,10949,5278,5671,2738,1304,1434,
13715,10961,5234,5727,19177,9270,9907,21915,10566,11349,19173,9220,9953,10953,5280,5673,2739,1304,1435,
13720,10965,5235,5730,19184,9275,9909,21923,10568,11355,19180,9224,9956,10957,5280,5677,2740,1304,1436,
13725,10969,5236,5733,19191,9278,9913,21931,10571,11360,19187,9226,9961,10961,5281,5680,2741,1305,1436,
13730,10973,5238,5735,19198,9283,9915,21939,10573,11366,19194,9230,9964,10965,5282,5683,2742,1305,1437,
13735,10977,5239,5738,19205,9289,9916,21947,10578,11369,19201,9233,9968,10969,5283,5686,2743,1306,1437,
13740,10981,5241,5740,19212,9294,9918,21955,10583,11372,19208,9235,9973,10973,5285,5688,2744,1307,1437,
13745,10985,5242,5743,19219,9297,9922,21963,10587,11376,19215,9241,9974,10977,5286,5691,2745,1307,1438,
13750,10989,5245,5744,19226,9301,9925,21971,10588,11383,19222,9244,9978,10981,5288,5693,2746,1307,1439,
13755,10993,5248,5745,19233,9305,9928,21979,10590,11389,19229,9248,9981,10985,5289,5696,2747,1307,1440,
13760,10997,5251,5746,19240,9310,9930,21987,10592,11395,19236,9253,9983,10989,5292,5697,2748,1307,1441,
13765,11001,5252,5749,19247,9314,9933,21995,10596,11399,19243,9258,9985,10993,5295,5698,2749,1307,1442,
13770,11005,5252,5753,19254,9318,9936,22003,10602,11401,19250,9262,9988,10997,5298,5699,2750,1307,1443,
13775,11009,5254,5755,19261,9321,9940,22011,10604,11407,19257,9265,9992,11001,5301,5700,2751,1307,1444,
13780,11013,5256,5757,19268,9327,9941,22019,10609,11410,19264,9267,9997,11005,5302,5703,2752,1308,1444,
13785,11017,5258,5759,19275,9331,9944,22027,10617,11410,19271,9271,10000,11009,5303,5706,2753,1309,1444,
13790,11021,5262,5759,19282,9336,9946,22035,10622,11413,19278,9274,10004,11013,5304,5709,2754,1310,1444,
13795,11025,5265,5760,19289,9337,9952,22043,10625,11418,19285,9277,10008,11017,5305,5712,2755,1311,1444,
13800,11029,5267,5762,19296,9339,9957,22051,10628,11423,19292,9282,10010,11021,5305,5716,2756,1311,1445,
13805,11033,5269,5764,19303,9342,9961,22059,10633,11426,19299,9284,10015,11025,5308,5717,2757,1311,1446,
13810,11037,5271,5766,19310,9345,9965,22067,10638,11429,19306,9287,10019,11029,5308,5721,2758,1311,1447,
13815,11041,5272,5769,19317,9349,9968,22075,10642,11433,19313,9289,10024,11033,5308,5725,2759,1311,1448,
13820,11045,5273,5772,19324,9350,9974,22083,10645,11438,19320,9293,10027,11037,5309,5728,2760,1311,1449,
13825,11049,5275,5774,19331,9352,9979,22091,10650,11441,19327,9295,10032,11041,5311,5730,2761,1311,1450,
13830,11053,5276,5777,19338,9354,9984,22099,10652,11447,19334,9299,10035,11045,5312,5733,2762,1312,1450,
13835,11057,5277,5780,19345,9358,9987,22107,10658,11449,19341,9299,10042,11049,5313,5736,2763,1312,1451,
13840,11061,5280,5781,19352,9361,9991,22115,10666,11449,19348,9303,10045,11053,5316,5737,2764,1312,1452,
13845,11065,5280,5785,19359,9364,9995,22123,10670,11453,19355,9306,10049,11057,5317,5740,2765,1312,1453,
13850,11069,5282,5787,19366,9366,10000,22131,10675,11456,19362,9310,10052,11061,5319,5742,2766,1313,1453,
13855,11073,5285,5788,19373,9368,10005,22139,10681,11458,19369,9313,10056,11065,5320,5745,2767,1314,1453,
13860,11077,5286,5791,19380,9370,10010,22147,10685,11462,19376,9318,10058,11069,5322,5747,2768,1314,1454,
13865,11081,5288,5793,19387,9373,10014,22155,10687,11468,19383,9321,10062,11073,5323,5750,2769,1315,1454,
13870,11085,5288,5797,19394,9375,10019,22163,10691,11472,19390,9323,10067,11077,5325,5752,2770,1316,1454,
13875,11089,5291,5798,19401,9379,10022,22171,10695,11476,19397,9325,10072,11081,5326,5755,2771,1316,1455,
13880,11093,5292,5801,19408,9382,10026,22179,10698,11481,19404,9327,10077,11085,5330,5755,2772,1316,1456,
13885,11097,5295,5802,19415,9382,10033,22187,10700,11487,19411,9331,10080,11089,5332,5757,2773,1317,1456,
13890,11101,5298,5803,19422,9385,10037,22195,10704,11491,19418,9332,10086,11093,5336,5757,2774,1318,1456,
13895,11105,5301,5804,19429,9389,10040,22203,10708,11495,19425,9336,10089,11097,5337,5760,2775,1319,1456,
13900,11109,5303,5806,19436,9394,10042,22211,10713,11498,19432,9340,10092,11101,5337,5764,2776,1320,1456,
13905,11113,5306,5807,19443,9398,10045,22219,10717,11502,19439,9345,10094,11105,5339,5766,2777,1320,1457,
13910,11117,5309,5808,19450,9401,10049,22227,10723,11504,19446,9346,10100,11109,5342,5767,2778,1320,1458,
13915,11121,5310,5811,19457,9403,10054,22235,10726,11509,19453,9349,10104,11113,5342,5771,2779,1320,1459,
13920,11125,5311,5814,19464,9405,10059,22243,10732,11511,19460,9351,10109,11117,5343,5774,2780,1320,1460,
13925,11129,5314,5815,19471,9409,10062,22251,10733,11518,19467,9356,10111,11121,5347,5774,2781,1320,1461,
13930,11133,5316,5817,19478,9413,10065,22259,10738,11521,19474,9360,10114,11125,5349,5776,2782,1321,1461,
13935,11137,5317,5820,19485,9416,10069,22267,10744,11523,19481,9364,10117,11129,5350,5779,2783,1321,1462,
13940,11141,5319,5822,19492,9420,10072,22275,10750,11525,19488,9367,10121,11133,5350,5783,2784,1322,1462,
13945,11145,5322,5823,19499,9424,10075,22283,10754,11529,19495,9371,10124,11137,5352,5785,2785,1322,1463,
13950,11149,5322,5827,19506,9428,10078,22291,10757,11534,19502,9376,10126,11141,5354,5787,2786,1323,1463,
13955,11153,5323,5830,19513,9433,10080,22299,10759,11540,19509,9379,10130,11145,5355,5790,2787,1324,1463,
13960,11157,5327,5830,19520,9435,10085,22307,10762,11545,19516,9384,10132,11149,5358,5791,2788,1324,1464,
13965,11161,5329,5832,19527,9437,10090,22315,10766,11549,19523,9385,10138,11153,5360,5793,2789,1324,1465,
13970,11165,5332,5833,19534,9438,10096,22323,10767,11556,19530,9388,10142,11157,5362,5795,2790,1324,1466,
13975,11169,5332,5837,19541,9441,10100,22331,10771,11560,19537,9391,10146,11161,5364,5797,2791,1325,1466,
13980,11173,5335,5838,19548,9446,10102,22339,10773,11566,19544,9394,10150,11165,5366,5799,2792,1325,1467,
13985,11177,5337,5840,19555,9451,10104,22347,10775,11572,19551,9397,10154,11169,5368,5801,2793,1326,1467,
13990,11181,5339,5842,19562,9454,10108,22355,10778,11577,19558,9401,10157,11173,5372,5801,2794,1326,1468,
13995,11185,5341,5844,19569,9460,10109,22363,10783,11580,19565,9404,10161,11177,5373,5804,2795,1327,1468,
14000,11189,5343,5846,19576,9462,10114,22371,10787,11584,19572,9407,10165,11181,5373,5808,2796,1327,1469,
14005,11193,5346,5847,19583,9467,10116,22379,10791,11588,19579,9408,10171,11185,5377,5808,2797,1327,1470,
14010,11197,5348,5849,19590,9470,10120,22387,10794,11593,19586,9411,10175,11189,5379,5810,2798,1327,1471,
14015,11201,5350,5851,19597,9473,10124,22395,10800,11595,19593,9414,10179,11193,5383,5810,2799,1327,1472,
14020,11205,5351,5854,19604,9478,10126,22403,10802,11601,19600,9419,10181,11197,5384,5813,2800,1327,1473,
14025,11209,5352,5857,19611,9480,10131,22411,10810,11601,19607,9422,10185,11201,5384,5817,2801,1328,1473,
14030,11213,5355,5858,19618,9482,10136,22419,10814,11605,19614,9425,10189,11205,5386,5819,2802,1328,1474,
14035,11217,5356,5861,19625,9487,10138,22427,10817,11610,19621,9427,10194,11209,5389,5820,2803,1328,1475,
14040,11221,5358,5863,19632,9489,10143,22435,10821,11614,19628,9431,10197,11213,5390,5823,2804,1329,1475,
14045,11225,5360,5865,19639,9492,10147,22443,10825,11618,19635,9438,10197,11217,5392,5825,2805,1329,1476,
14050,11229,5361,5868,19646,9496,10150,22451,10829,11622,19642,9439,10203,11221,5392,5829,2806,1330,1476,
14055,11233,5364,5869,19653,9500,10153,22459,10833,11626,19649,9443,10206,11225,5394,5831,2807,1331,1476,
14060,11237,5367,5870,19660,9502,10158,22467,10836,11631,19656,9447,10209,11229,5398,5831,2808,1331,1477,
14065,11241,5368,5873,19667,9505,10162,22475,10840,11635,19663,9452,10211,11233,5399,5834,2809,1331,1478,
14070,11245,5369,5876,19674,9507,10167,22483,10847,11636,19670,9456,10214,11237,5399,5838,2810,1332,1478,
14075,11249,5373,5876,19681,9511,10170,22491,10852,11639,19677,9459,10218,11241,5402,5839,2811,1332,1479,
14080,11253,5376,5877,19688,9514,10174,22499,10855,11644,19684,9461,10223,11245,5404,5841,2812,1332,1480,
14085,11257,5378,5879,19695,9518,10177,22507,10859,11648,19691,9466,10225,11249,5405,5844,2813,1332,1481,
14090,11261,5380,5881,19702,9521,10181,22515,10862,11653,19698,9470,10228,11253,5407,5846,2814,1333,1481,
14095,11265,5384,5881,19709,9523,10186,22523,10867,11656,19705,9472,10233,11257,5408,5849,2815,1334,1481,
14100,11269,5386,5883,19716,9527,10189,22531,10872,11659,19712,9478,10234,11261,5409,5852,2816,1335,1481,
14105,11273,5387,5886,19723,9530,10193,22539,10877,11662,19719,9482,10237,11265,5411,5854,2817,1336,1481,
14110,11277,5390,5887,19730,9535,10195,22547,10880,11667,19726,9486,10240,11269,5411,5858,2818,1336,1482,
14115,11281,5392,5889,19737,9538,10199,22555,10884,11671,19733,9490,10243,11273,5414,5859,2819,1336,1483,
14120,11285,5392,5893,19744,9543,10201,22563,10891,11672,19740,9493,10247,11277,5416,5861,2820,1336,1484,
14125,11289,5394,5895,19751,9548,10203,22571,10892,11679,19747,9497,10250,11281,5419,5862,2821,1336,1485,
14130,11293,5396,5897,19758,9550,10208,22579,10895,11684,19754,9501,10253,11285,5422,5863,2822,1337,1485,
14135,11297,5399,5898,19765,9553,10212,22587,10897,11690,19761,9505,10256,11289,5425,5864,2823,1337,1486,
14140,11301,5401,5900,19772,9558,10214,22595,10903,11692,19768,9510,10258,11293,5428,5865,2824,1338,1486,
14145,11305,5402,5903,19779,9561,10218,22603,10908,11695,19775,9515,10260,11297,5430,5867,2825,1338,1487,
14150,11309,5404,5905,19786,9564,10222,22611,10912,11699,19782,9518,10264,11301,5432,5869,2826,1338,1488,
14155,11313,5406,5907,19793,9568,10225,22619,10915,11704,19789,9521,10268,11305,5433,5872,2827,1339,1488,
14160,11317,5406,5911,19800,9570,10230,22627,10919,11708,19796,9527,10269,11309,5436,5873,2828,1339,1489,
14165,11321,5407,5914,19807,9574,10233,22635,10923,11712,19803,9528,10275,11313,5439,5874,2829,1340,1489,
14170,11325,5410,5915,19814,9575,10239,22643,10927,11716,19810,9533,10277,11317,5441,5876,2830,1340,1490,
14175,11329,5411,5918,19821,9579,10242,22651,10934,11717,19817,9537,10280,11321,5443,5878,2831,1341,1490,
14180,11333,5413,5920,19828,9584,10244,22659,10936,11723,19824,9542,10282,11325,5445,5880,2832,1342,1490,
14185,11337,5414,5923,19835,9589,10246,22667,10940,11727,19831,9548,10283,11329,5448,5881,2833,1343,1490,
14190,11341,5415,5926,19842,9593,10249,22675,10944,11731,19838,9552,10286,11333,5451,5882,2834,1344,1490,
14195,11345,5417,5928,19849,9598,10251,22683,10948,11735,19845,9555,10290,11337,5453,5884,2835,1344,1491,
14200,11349,5418,5931,19856,9601,10255,22691,10950,11741,19852,9558,10294,11341,5454,5887,2836,1344,1492,
14205,11353,5420,5933,19863,9603,10260,22699,10954,11745,19859,9561,10298,11345,5455,5890,2837,1345,1492,
14210,11357,5422,5935,19870,9606,10264,22707,10961,11746,19866,9565,10301,11349,5457,5892,2838,1345,1493,
14215,11361,5423,5938,19877,9610,10267,22715,10964,11751,19873,9569,10304,11353,5459,5894,2839,1345,1494,
14220,11365,5424,5941,19884,9612,10272,22723,10968,11755,19880,9572,10308,11357,5461,5896,2840,1346,1494,
14225,11369,5426,5943,19891,9615,10276,22731,10972,11759,19887,9577,10310,11361,5462,5899,2841,1346,1495,
14230,11373,5427,5946,19898,9620,10278,22739,10974,11765,19894,9580,10314,11365,5464,5901,2842,1346,1496,
14235,11377,5430,5947,19905,9624,10281,22747,10977,11770,19901,9583,10318,11369,5465,5904,2843,1346,1497,
14240,11381,5432,5949,19912,9626,10286,22755,10981,11774,19908,9586,10322,11373,5467,5906,2844,1346,1498,
14245,11385,5436,5949,19919,9631,10288,22763,10985,11778,19915,9587,10328,11377,5469,5908,2845,1346,1499,
14250,11389,5437,5952,19926,9634,10292,22771,10986,11785,19922,9591,10331,11381,5469,5912,2846,1347,1499,
14255,11393,5438,5955,19933,9637,10296,22779,10992,11787,19929,9594,10335,11385,5471,5914,2847,1348,1499,
14260,11397,5442,5955,19940,9640,10300,22787,10994,11793,19936,9596,10340,11389,5473,5916,2848,1348,1500,
14265,11401,5442,5959,19947,9643,10304,22795,10998,11797,19943,9602,10341,11393,5476,5917,2849,1349,1500,
14270,11405,5444,5961,19954,9647,10307,22803,11002,11801,19950,9606,10344,11397,5478,5919,2850,1349,1501,
14275,11409,5447,5962,19961,9650,10311,22811,11008,11803,19957,9610,10347,11401,5481,5920,2851,1350,1501,
14280,11413,5447,5966,19968,9654,10314,22819,11009,11810,19964,9613,10351,11405,5483,5922,2852,1351,1501,
14285,11417,5448,5969,19975,9659,10316,22827,11010,11817,19971,9616,10355,11409,5484,5925,2853,1352,1501,
14290,11421,5449,5972,19982,9662,10320,22835,11016,11819,19978,9620,10358,11413,5486,5927,2854,1352,1502,
14295,11425,5451,5974,19989,9666,10323,22843,11019,11824,19985,9621,10364,11417,5490,5927,2855,1353,1502,
14300,11429,5455,5974,19996,9669,10327,22851,11024,11827,19992,9624,10368,11421,5492,5929,2856,1354,1502,
14305,11433,5455,5978,20003,9671,10332,22859,11028,11831,19999,9628,10371,11425,5496,5929,2857,1354,1503,
14310,11437,5457,5980,20010,9672,10338,22867,11031,11836,20006,9633,10373,11429,5498,5931,2858,1354,1504,
14315,11441,5459,5982,20017,9676,10341,22875,11035,11840,20013,9638,10375,11433,5498,5935,2859,1355,1504,
14320,11445,5462,5983,20024,9678,10346,22883,11037,11846,20020,9644,10376,11437,5498,5939,2860,1355,1505,
14325,11449,5463,5986,20031,9681,10350,22891,11039,11852,20027,9646,10381,11441,5500,5941,2861,1356,1505,
14330,11453,5466,5987,20038,9688,10350,22899,11045,11854,20034,9649,10385,11445,5501,5944,2862,1356,1506,
14335,11457,5468,5989,20045,9692,10353,22907,11050,11857,20041,9652,10389,11449,5503,5946,2863,1357,1506,
14340,11461,5470,5991,20052,9693,10359,22915,11054,11861,20048,9654,10394,11453,5505,5948,2864,1357,1507,
14345,11465,5471,5994,20059,9696,10363,22923,11057,11866,20055,9658,10397,11457,5508,5949,2865,1358,1507,
14350,11469,5474,5995,20066,9700,10366,22931,11058,11873,20062,9661,10401,11461,5509,5952,2866,1359,1507,
14355,11473,5475,5998,20073,9705,10368,22939,11064,11875,20069,9663,10406,11465,5510,5955,2867,1360,1507,
14360,11477,5476,6001,20080,9708,10372,22947,11067,11880,20076,9666,10410,11469,5513,5956,2868,1361,1507,
14365,11481,5479,6002,20087,9710,10377,22955,11070,11885,20083,9669,10414,11473,5514,5959,2869,1362,1507,
14370,11485,5480,6005,20094,9714,10380,22963,11073,11890,20090,9673,10417,11477,5516,5961,2870,1362,1508,
14375,11489,5480,6009,20101,9719,10382,22971,11077,11894,20097,9676,10421,11481,5517,5964,2871,1362,1509,
14380,11493,5482,6011,20108,9723,10385,22979,11080,11899,20104,9679,10425,11485,5519,5966,2872,1363,1509,
14385,11497,5485,6012,20115,9726,10389,22987,11084,11903,20111,9683,10428,11489,5522,5967,2873,1364,1509,
14390,11501,5487,6014,20122,9726,10396,22995,11087,11908,20118,9685,10433,11493,5526,5967,2874,1364,1510,
14395,11505,5487,6018,20129,9732,10397,23003,11090,11913,20125,9687,10438,11497,5528,5969,2875,1365,1510,
14400,11509,5488,6021,20136,9735,10401,23011,11097,11914,20132,9689,10443,11501,5530,5971,2876,1365,1511,
14405,11513,5491,6022,20143,9740,10403,23019,11101,11918,20139,9692,10447,11505,5533,5972,2877,1365,1512,
14410,11517,5493,6024,20150,9745,10405,23027,11106,11921,20146,9695,10451,11509,5535,5974,2878,1365,1513,
14415,11521,5494,6027,20157,9749,10408,23035,11111,11924,20153,9700,10453,11513,5538,5975,2879,1365,1514,
14420,11525,5498,6027,20164,9752,10412,23043,11112,11931,20160,9703,10457,11517,5541,5976,2880,1365,1515,
14425,11529,5500,6029,20171,9754,10417,23051,11115,11936,20167,9705,10462,11521,5542,5979,2881,1365,1516,
14430,11533,5503,6030,20178,9758,10420,23059,11117,11942,20174,9708,10466,11525,5542,5983,2882,1365,1517,
14435,11537,5506,6031,20185,9761,10424,23067,11120,11947,20181,9711,10470,11529,5544,5985,2883,1365,1518,
14440,11541,5508,6033,20192,9763,10429,23075,11123,11952,20188,9712,10476,11533,5546,5987,2884,1366,1518,
14445,11545,5509,6036,20199,9765,10434,23083,11126,11957,20195,9718,10477,11537,5548,5989,2885,1366,1519,
14450,11549,5511,6038,20206,9768,10438,23091,11129,11962,20202,9723,10479,11541,5549,5992,2886,1367,1519,
14455,11553,5514,6039,20213,9770,10443,23099,11133,11966,20209,9728,10481,11545,5552,5993,2887,1367,1520,
14460,11557,5518,6039,20220,9776,10444,23107,11136,11971,20216,9731,10485,11549,5556,5993,2888,1368,1520,
14465,11561,5521,6040,20227,9781,10446,23115,11141,11974,20223,9734,10489,11553,5559,5994,2889,1368,1521,
14470,11565,5522,6043,20234,9787,10447,23123,11143,11980,20230,9739,10491,11557,5562,5995,2890,1369,1521,
14475,11569,5525,6044,20241,9790,10451,23131,11147,11984,20237,9744,10493,11561,5564,5997,2891,1370,1521,
14480,11573,5526,6047,20248,9793,10455,23139,11151,11988,20244,9748,10496,11565,5564,6001,2892,1370,1522,
14485,11577,5529,6048,20255,9798,10457,23147,11155,11992,20251,9753,10498,11569,5564,6005,2893,1370,1523,
14490,11581,5529,6052,20262,9804,10458,23155,11159,11996,20258,9755,10503,11573,5566,6007,2894,1370,1524,
14495,11585,5530,6055,20269,9808,10461,23163,11163,12000,20265,9758,10507,11577,5566,6011,2895,1371,1524,
14500,11589,5533,6056,20276,9814,10462,23171,11166,12005,20272,9761,10511,11581,5568,6013,2896,1372,1524,
14505,11593,5537,6056,20283,9820,10463,23179,11170,12009,20279,9765,10514,11585,5571,6014,2897,1372,1525,
14510,11597,5539,6058,20290,9822,10468,23187,11172,12015,20286,9766,10520,11589,5573,6016,2898,1373,1525,
14515,11601,5542,6059,20297,9824,10473,23195,11176,12019,20293,9769,10524,11593,5576,6017,2899,1374,1525,
14520,11605,5544,6061,20304,9828,10476,23203,11178,12025,20300,9774,10526,11597,5578,6019,2900,1374,1526,
14525,11609,5546,6063,20311,9832,10479,23211,11183,12028,20307,9778,10529,11601,5581,6020,2901,1374,1527,
14530,11613,5548,6065,20318,9838,10480,23219,11185,12034,20314,9781,10533,11605,5583,6022,2902,1374,1528,
14535,11617,5550,6067,20325,9840,10485,23227,11188,12039,20321,9782,10539,11609,5586,6023,2903,1374,1529,
14540,11621,5553,6068,20332,9843,10489,23235,11193,12042,20328,9787,10541,11613,5587,6026,2904,1375,1529,
14545,11625,5556,6069,20339,9844,10495,23243,11195,12048,20335,9791,10544,11617,5589,6028,2905,1375,1530,
14550,11629,5560,6069,20346,9846,10500,23251,11197,12054,20342,9796,10546,11621,5591,6030,2906,1376,1530,
14555,11633,5560,6073,20353,9850,10503,23259,11202,12057,20349,9802,10547,11625,5593,6032,2907,1377,1530,
14560,11637,5564,6073,20360,9853,10507,23267,11207,12060,20356,9806,10550,11629,5596,6033,2908,1378,1530,
14565,11641,5566,6075,20367,9854,10513,23275,11209,12066,20363,9809,10554,11633,5598,6035,2909,1378,1531,
14570,11645,5567,6078,20374,9857,10517,23283,11212,12071,20370,9812,10558,11637,5600,6037,2910,1378,1532,
14575,11649,5568,6081,20381,9858,10523,23291,11213,12078,20377,9814,10563,11641,5601,6040,2911,1379,1532,
14580,11653,5570,6083,20388,9862,10526,23299,11217,12082,20384,9817,10567,11645,5602,6043,2912,1379,1533,
14585,11657,5571,6086,20395,9864,10531,23307,11219,12088,20391,9823,10568,11649,5603,6046,2913,1380,1533,
14590,11661,5573,6088,20402,9868,10534,23315,11222,12093,20398,9828,10570,11653,5605,6048,2914,1381,1533,
14595,11665,5575,6090,20409,9871,10538,23323,11224,12099,20405,9831,10574,11657,5606,6051,2915,1381,1534,
14600,11669,5576,6093,20416,9873,10543,23331,11226,12105,20412,9835,10577,11661,5607,6054,2916,1382,1534,
14605,11673,5577,6096,20423,9877,10546,23339,11230,12109,20419,9842,10577,11665,5610,6055,2917,1383,1534,
14610,11677,5579,6098,20430,9880,10550,23347,11233,12114,20426,9845,10581,11669,5613,6056,2918,1384,1534,
14615,11681,5581,6100,20437,9885,10552,23355,11236,12119,20433,9849,10584,11673,5617,6056,2919,1385,1534,
14620,11685,5583,6102,20444,9889,10555,23363,11242,12121,20440,9850,10590,11677,5618,6059,2920,1386,1534,
14625,11689,5586,6103,20451,9893,10558,23371,11247,12124,20447,9852,10595,11681,5620,6061,2921,1386,1535,
14630,11693,5589,6104,20458,9894,10564,23379,11250,12129,20454,9857,10597,11685,5623,6062,2922,1386,1536,
14635,11697,5589,6108,20465,9897,10568,23387,11255,12132,20461,9858,10603,11689,5624,6065,2923,1386,1537,
14640,11701,5590,6111,20472,9901,10571,23395,11260,12135,20468,9861,10607,11693,5625,6068,2924,1386,1538,
14645,11705,5592,6113,20479,9904,10575,23403,11265,12138,20475,9865,10610,11697,5628,6069,2925,1387,1538,
14650,11709,5592,6117,20486,9906,10580,23411,11270,12141,20482,9868,10614,11701,5632,6069,2926,1387,1539,
14655,11713,5594,6119,20493,9909,10584,23419,11274,12145,20489,9874,10615,11705,5634,6071,2927,1387,1540,
14660,11717,5595,6122,20500,9912,10588,23427,11279,12148,20496,9876,10620,11709,5635,6074,2928,1387,1541,
14665,11721,5597,6124,20507,9912,10595,23435,11284,12151,20503,9877,10626,11713,5638,6075,2929,1388,1541,
14670,11725,5599,6126,20514,9914,10600,23443,11291,12152,20510,9881,10629,11717,5640,6077,2930,1388,1542,
14675,11729,5600,6129,20521,9917,10604,23451,11292,12159,20517,9884,10633,11721,5641,6080,2931,1388,1543,
14680,11733,5602,6131,20528,9920,10608,23459,11295,12164,20524,9886,10638,11725,5643,6082,2932,1389,1543,
14685,11737,5604,6133,20535,9922,10613,23467,11298,12169,20531,9890,10641,11729,5646,6083,2933,1389,1544,
14690,11741,5606,6135,20542,9925,10617,23475,11302,12173,20538,9895,10643,11733,5649,6084,2934,1390,1544,
14695,11745,5607,6138,20549,9929,10620,23483,11304,12179,20545,9898,10647,11737,5652,6085,2935,1390,1545,
14700,11749,5608,6141,20556,9934,10622,23491,11307,12184,20552,9901,10651,11741,5652,6089,2936,1390,1546,
14705,11753,5609,6144,20563,9939,10624,23499,11310,12189,20559,9906,10653,11745,5654,6091,2937,1390,1547,
14710,11757,5612,6145,20570,9946,10624,23507,11311,12196,20566,9911,10655,11749,5656,6093,2938,1391,1547,
14715,11761,5613,6148,20577,9948,10629,23515,11316,12199,20573,9914,10659,11753,5657,6096,2939,1391,1548,
14720,11765,5616,6149,20584,9953,10631,23523,11319,12204,20580,9919,10661,11757,5660,6097,2940,1391,1549,
14725,11769,5618,6151,20591,9955,10636,23531,11321,12210,20587,9923,10664,11761,5661,6100,2941,1392,1549,
14730,11773,5621,6152,20598,9959,10639,23539,11325,12214,20594,9927,10667,11765,5663,6102,2942,1392,1550,
14735,11777,5623,6154,20605,9963,10642,23547,11328,12219,20601,9931,10670,11769,5667,6102,2943,1392,1551,
14740,11781,5627,6154,20612,9966,10646,23555,11334,12221,20608,9937,10671,11773,5670,6103,2944,1393,1551,
14745,11785,5630,6155,20619,9968,10651,23563,11339,12224,20615,9941,10674,11777,5673,6104,2945,1393,1552,
14750,11789,5632,6157,20626,9970,10656,23571,11343,12228,20622,9946,10676,11781,5676,6105,2946,1394,1552,
14755,11793,5635,6158,20633,9971,10662,23579,11347,12232,20629,9950,10679,11785,5677,6108,2947,1395,1552,
14760,11797,5635,6162,20640,9977,10663,23587,11350,12237,20636,9955,10681,11789,5680,6109,2948,1395,1553,
14765,11801,5636,6165,20647,9981,10666,23595,11353,12242,20643,9958,10685,11793,5681,6112,2949,1395,1554,
14770,11805,5637,6168,20654,9985,10669,23603,11356,12247,20650,9961,10689,11797,5682,6115,2950,1395,1555,
14775,11809,5639,6170,20661,9991,10670,23611,11363,12248,20657,9965,10692,11801,5684,6117,2951,1396,1555,
14780,11813,5640,6173,20668,9992,10676,23619,11365,12254,20664,9971,10693,11805,5686,6119,2952,1397,1555,
14785,11817,5642,6175,20675,9997,10678,23627,11368,12259,20671,9975,10696,11809,5689,6120,2953,1398,1555,
14790,11821,5645,6176,20682,10000,10682,23635,11369,12266,20678,9977,10701,11813,5691,6122,2954,1399,1555,
14795,11825,5646,6179,20689,10004,10685,23643,11373,12270,20685,9980,10705,11817,5693,6124,2955,1400,1555,
14800,11829,5647,6182,20696,10009,10687,23651,11377,12274,20692,9984,10708,11821,5694,6127,2956,1400,1556,
14805,11833,5648,6185,20703,10013,10690,23659,11381,12278,20699,9989,10710,11825,5696,6129,2957,1400,1557,
14810,11837,5649,6188,20710,10015,10695,23667,11386,12281,20706,9992,10714,11829,5697,6132,2958,1401,1557,
14815,11841,5651,6190,20717,10018,10699,23675,11388,12287,20713,9993,10720,11833,5699,6134,2959,1401,1558,
14820,11845,5654,6191,20724,10022,10702,23683,11391,12292,20720,9999,10721,11837,5701,6136,2960,1401,1559,
14825,11849,5658,6191,20731,10026,10705,23691,11394,12297,20727,10001,10726,11841,5705,6136,2961,1401,1560,
14830,11853,5659,6194,20738,10029,10709,23699,11402,12297,20734,10005,10729,11845,5706,6139,2962,1401,1561,
14835,11857,5659,6198,20745,10033,10712,23707,11405,12302,20741,10007,10734,11849,5708,6141,2963,1401,1562,
14840,11861,5660,6201,20752,10036,10716,23715,11409,12306,20748,10012,10736,11853,5708,6145,2964,1401,1563,
14845,11865,5663,6202,20759,10040,10719,23723,11415,12308,20755,10017,10738,11857,5709,6148,2965,1401,1564,
14850,11869,5664,6205,20766,10044,10722,23731,11419,12312,20762,10020,10742,11861,5709,6152,2966,1402,1564,
14855,11873,5667,6206,20773,10047,10726,23739,11420,12319,20769,10025,10744,11865,5710,6155,2967,1403,1564,
14860,11877,5667,6210,20780,10050,10730,23747,11424,12323,20776,10028,10748,11869,5714,6155,2968,1403,1565,
14865,11881,5668,6213,20787,10054,10733,23755,11427,12328,20783,10033,10750,11873,5717,6156,2969,1404,1565,
14870,11885,5669,6216,20794,10056,10738,23763,11430,12333,20790,10034,10756,11877,5718,6159,2970,1405,1565,
14875,11889,5672,6217,20801,10058,10743,23771,11432,12339,20797,10035,10762,11881,5721,6160,2971,1405,1566,
14880,11893,5674,6219,20808,10063,10745,23779,11435,12344,20804,10039,10765,11885,5722,6163,2972,1405,1567,
14885,11897,5674,6223,20815,10063,10752,23787,11439,12348,20811,10043,10768,11889,5724,6165,2973,1405,1568,
14890,11901,5676,6225,20822,10067,10755,23795,11444,12351,20818,10046,10772,11893,5726,6167,2974,1406,1568,
14895,11905,5680,6225,20829,10069,10760,23803,11446,12357,20825,10049,10776,11897,5727,6170,2975,1406,1569,
14900,11909,5680,6229,20836,10072,10764,23811,11448,12363,20832,10050,10782,11901,5729,6172,2976,1407,1569,
14905,11913,5683,6230,20843,10075,10768,23819,11452,12367,20839,10052,10787,11905,5731,6174,2977,1408,1569,
14910,11917,5686,6231,20850,10078,10772,23827,11459,12368,20846,10055,10791,11909,5733,6176,2978,1409,1569,
14915,11921,5689,6232,20857,10083,10774,23835,11461,12374,20853,10058,10795,11913,5734,6179,2979,1410,1569,
14920,11925,5690,6235,20864,10087,10777,23843,11465,12378,20860,10061,10799,11917,5735,6182,2980,1411,1569,
14925,11929,5691,6238,20871,10091,10780,23851,11468,12383,20867,10065,10802,11921,5737,6184,2981,1411,1570,
14930,11933,5692,6241,20878,10093,10785,23859,11470,12389,20874,10069,10805,11925,5738,6187,2982,1412,1570,
14935,11937,5693,6244,20885,10098,10787,23867,11472,12395,20881,10070,10811,11929,5740,6189,2983,1412,1571,
14940,11941,5694,6247,20892,10105,10787,23875,11477,12398,20888,10074,10814,11933,5741,6192,2984,1412,1572,
14945,11945,5695,6250,20899,10109,10790,23883,11480,12403,20895,10078,10817,11937,5743,6194,2985,1412,1573,
14950,11949,5697,6252,20906,10111,10795,23891,11486,12405,20902,10082,10820,11941,5745,6196,2986,1413,1573,
14955,11953,5699,6254,20913,10112,10801,23899,11488,12411,20909,10086,10823,11945,5749,6196,2987,1413,1574,
14960,11957,5700,6257,20920,10115,10805,23907,11494,12413,20916,10087,10829,11949,5750,6199,2988,1413,1575,
14965,11961,5701,6260,20927,10117,10810,23915,11497,12418,20923,10089,10834,11953,5751,6202,2989,1413,1576,
14970,11965,5704,6261,20934,10119,10815,23923,11500,12423,20930,10093,10837,11957,5753,6204,2990,1414,1576,
14975,11969,5705,6264,20941,10122,10819,23931,11502,12429,20937,10096,10841,11961,5755,6206,2991,1414,1577,
14980,11973,5707,6266,20948,10126,10822,23939,11505,12434,20944,10099,10845,11965,5758,6207,2992,1414,1578,
14985,11977,5709,6268,20955,10127,10828,23947,11509,12438,20951,10103,10848,11969,5759,6210,2993,1415,1578,
14990,11981,5709,6272,20962,10132,10830,23955,11511,12444,20958,10104,10854,11973,5762,6211,2994,1416,1578,
14995,11985,5711,6274,20969,10135,10834,23963,11514,12449,20965,10107,10858,11977,5763,6214,2995,1416,1579,
15000,11989,5712,6277,20976,10138,10838,23971,11519,12452,20972,10109,10863,11981,5767,6214,2996,1417,1579,
15005,11993,5713,6280,20983,10141,10842,23979,11523,12456,20979,10112,10867,11985,5768,6217,2997,1417,1580,
15010,11997,5715,6282,20990,10143,10847,23987,11526,12461,20986,10115,10871,11989,5771,6218,2998,1417,1581,
15015,12001,5717,6284,20997,10148,10849,23995,11530,12465,20993,10119,10874,11993,5772,6221,2999,1417,1582,
15020,12005,5717,6288,21004,10151,10853,24003,11533,12470,21000,10122,10878,11997,5772,6225,3000,1417,1583,
15025,12009,5720,6289,21011,10153,10858,24011,11535,12476,21007,10125,10882,12001,5773,6228,3001,1418,1583,
15030,12013,5722,6291,21018,10157,10861,24019,11539,12480,21014,10129,10885,12005,5776,6229,3002,1418,1584,
15035,12017,5724,6293,21025,10160,10865,24027,11544,12483,21021,10133,10888,12009,5780,6229,3003,1419,1584,
15040,12021,5726,6295,21032,10163,10869,24035,11548,12487,21028,10134,10894,12013,5782,6231,3004,1420,1584,
15045,12025,5727,6298,21039,10168,10871,24043,11549,12494,21035,10138,10897,12017,5784,6233,3005,1420,1585,
15050,12029,5731,6298,21046,10171,10875,24051,11552,12499,21042,10141,10901,12021,5785,6236,3006,1420,1586,
15055,12033,5733,6300,21053,10175,10878,24059,11557,12502,21049,10144,10905,12025,5785,6240,3007,1420,1587,
15060,12037,5735,6302,21060,10178,10882,24067,11562,12505,21056,10148,10908,12029,5788,6241,3008,1420,1588,
15065,12041,5736,6305,21067,10182,10885,24075,11564,12511,21063,10152,10911,12033,5791,6242,3009,1421,1588,
15070,12045,5738,6307,21074,10185,10889,24083,11568,12515,21070,10158,10912,12037,5792,6245,3010,1422,1588,
15075,12049,5740,6309,21081,10190,10891,24091,11570,12521,21077,10159,10918,12041,5796,6245,3011,1423,1588,
15080,12053,5743,6310,21088,10194,10894,24099,11574,12525,21084,10161,10923,12045,5798,6247,3012,1424,1588,
15085,12057,5746,6311,21095,10197,10898,24107,11578,12529,21091,10167,10924,12049,5801,6248,3013,1425,1588,
15090,12061,5750,6311,21102,10199,10903,24115,11580,12535,21098,10169,10929,12053,5802,6251,3014,1426,1588,
15095,12065,5753,6312,21109,10203,10906,24123,11585,12538,21105,10174,10931,12057,5804,6253,3015,1427,1588,
15100,12069,5756,6313,21116,10206,10910,24131,11589,12542,21112,10176,10936,12061,5808,6253,3016,1427,1589,
15105,12073,5758,6315,21123,10211,10912,24139,11593,12546,21119,10179,10940,12065,5812,6253,3017,1427,1590,
15110,12077,5761,6316,21130,10216,10914,24147,11597,12550,21126,10182,10944,12069,5815,6254,3018,1427,1591,
15115,12081,5763,6318,21137,10222,10915,24155,11602,12553,21133,10185,10948,12073,5818,6255,3019,1427,1592,
15120,12085,5764,6321,21144,10225,10919,24163,11605,12558,21140,10189,10951,12077,5820,6257,3020,1428,1592,
15125,12089,5765,6324,21151,10227,10924,24171,11610,12561,21147,10189,10958,12081,5822,6259,3021,1428,1593,
15130,12093,5768,6325,21158,10230,10928,24179,11616,12563,21154,10193,10961,12085,5824,6261,3022,1429,1593,
15135,12097,5771,6326,21165,10233,10932,24187,11618,12569,21161,10196,10965,12089,5826,6263,3023,1430,1593,
15140,12101,5774,6327,21172,10235,10937,24195,11623,12572,21168,10199,10969,12093,5830,6263,3024,1430,1594,
15145,12105,5778,6327,21179,10235,10944,24203,11627,12576,21175,10201,10974,12097,5831,6266,3025,1431,1594,
15150,12109,5780,6329,21186,10238,10948,24211,11634,12577,21182,10204,10978,12101,5834,6267,3026,1432,1594,
15155,12113,5782,6331,21193,10238,10955,24219,11638,12581,21189,10207,10982,12105,5836,6269,3027,1433,1594,
15160,12117,5783,6334,21200,10242,10958,24227,11641,12586,21196,10211,10985,12109,5839,6270,3028,1434,1594,
15165,12121,5786,6335,21207,10247,10960,24235,11646,12589,21203,10217,10986,12113,5842,6271,3029,1434,1595,
15170,12125,5787,6338,21214,10249,10965,24243,11651,12592,21210,10220,10990,12117,5843,6274,3030,1435,1595,
15175,12129,5790,6339,21221,10252,10969,24251,11654,12597,21217,10224,10993,12121,5846,6275,3031,1435,1596,
15180,12133,5790,6343,21228,10254,10974,24259,11661,12598,21224,10228,10996,12125,5849,6276,3032,1435,1597,
15185,12137,5792,6345,21235,10260,10975,24267,11664,12603,21231,10230,11001,12129,5852,6277,3033,1435,1598,
15190,12141,5795,6346,21242,10265,10977,24275,11666,12609,21238,10231,11007,12133,5853,6280,3034,1435,1599,
15195,12145,5797,6348,21249,10268,10981,24283,11670,12613,21245,10236,11009,12137,5855,6282,3035,1435,1600,
15200,12149,5800,6349,21256,10271,10985,24291,11676,12615,21252,10239,11013,12141,5858,6283,3036,1435,1601,
15205,12153,5802,6351,21263,10274,10989,24299,11677,12622,21259,10244,11015,12145,5862,6283,3037,1436,1601,
15210,12157,5804,6353,21270,10276,10994,24307,11680,12627,21266,10247,11019,12149,5865,6284,3038,1437,1601,
15215,12161,5805,6356,21277,10280,10997,24315,11682,12633,21273,10252,11021,12153,5867,6286,3039,1437,1602,
15220,12165,5806,6359,21284,10283,11001,24323,11687,12636,21280,10253,11027,12157,5870,6287,3040,1438,1602,
15225,12169,5808,6361,21291,10284,11007,24331,11693,12638,21287,10258,11029,12161,5873,6288,3041,1439,1602,
15230,12173,5810,6363,21298,10288,11010,24339,11697,12642,21294,10261,11033,12165,5876,6289,3042,1440,1602,
15235,12177,5812,6365,21305,10291,11014,24347,11702,12645,21301,10267,11034,12169,5878,6291,3043,1440,1603,
15240,12181,5812,6369,21312,10294,11018,24355,11706,12649,21308,10272,11036,12173,5879,6294,3044,1441,1603,
15245,12185,5814,6371,21319,10298,11021,24363,11710,12653,21315,10277,11038,12177,5879,6298,3045,1441,1604,
15250,12189,5817,6372,21326,10300,11026,24371,11713,12658,21322,10280,11042,12181,5881,6300,3046,1442,1604,
15255,12193,5820,6373,21333,10305,11028,24379,11718,12661,21329,10284,11045,12185,5884,6301,3047,1443,1604,
15260,12197,5821,6376,21340,10308,11032,24387,11722,12665,21336,10288,11048,12189,5885,6304,3048,1444,1604,
15265,12201,5822,6379,21347,10312,11035,24395,11726,12669,21343,10289,11054,12193,5886,6307,3049,1444,1605,
15270,12205,5825,6380,21354,10317,11037,24403,11729,12674,21350,10293,11057,12197,5887,6310,3050,1444,1606,
15275,12209,5826,6383,21361,10321,11040,24411,11734,12677,21357,10296,11061,12201,5889,6312,3051,1444,1607,
15280,12213,5829,6384,21368,10323,11045,24419,11740,12679,21364,10301,11063,12205,5890,6315,3052,1444,1608,
15285,12217,5830,6387,21375,10327,11048,24427,11746,12681,21371,10304,11067,12209,5890,6319,3053,1444,1609,
15290,12221,5833,6388,21382,10330,11052,24435,11750,12685,21378,10307,11071,12213,5892,6321,3054,1444,1610,
15295,12225,5833,6392,21389,10333,11056,24443,11756,12687,21385,10309,11076,12217,5893,6324,3055,1445,1610,
15300,12229,5836,6393,21396,10338,11058,24451,11761,12690,21392,10310,11082,12221,5895,6326,3056,1445,1611,
15305,12233,5837,6396,21403,10341,11062,24459,11765,12694,21399,10316,11083,12225,5897,6328,3057,1445,1612,
15310,12237,5840,6397,21410,10346,11064,24467,11769,12698,21406,10319,11087,12229,5898,6331,3058,1446,1612,
15315,12241,5844,6397,21417,10348,11069,24475,11772,12703,21413,10325,11088,12233,5901,6332,3059,1446,1613,
15320,12245,5847,6398,21424,10352,11072,24483,11774,12709,21420,10328,11092,12237,5903,6334,3060,1446,1614,
15325,12249,5849,6400,21431,10356,11075,24491,11779,12712,21427,10332,11095,12241,5904,6337,3061,1446,1615,
15330,12253,5850,6403,21438,10361,11077,24499,11784,12715,21434,10336,11098,12245,5906,6339,3062,1447,1615,
15335,12257,5850,6407,21445,10367,11078,24507,11789,12718,21441,10339,11102,12249,5910,6339,3063,1448,1615,
15340,12261,5853,6408,21452,10370,11082,24515,11795,12720,21448,10343,11105,12253,5912,6341,3064,1449,1615,
15345,12265,5855,6410,21459,10372,11087,24523,11798,12725,21455,10346,11109,12257,5915,6342,3065,1450,1615,
15350,12269,5857,6412,21466,10374,11092,24531,11803,12728,21462,10350,11112,12261,5918,6343,3066,1451,1615,
15355,12273,5859,6414,21473,10377,11096,24539,11808,12731,21469,10354,11115,12265,5920,6345,3067,1452,1615,
15360,12277,5860,6417,21480,10381,11099,24547,11811,12736,21476,10359,11117,12269,5921,6348,3068,1453,1615,
15365,12281,5861,6420,21487,10386,11101,24555,11814,12741,21483,10363,11120,12273,5924,6349,3069,1453,1616,
15370,12285,5863,6422,21494,10388,11106,24563,11817,12746,21490,10366,11124,12277,5926,6351,3070,1453,1617,
15375,12289,5864,6425,21501,10392,11109,24571,11819,12752,21497,10367,11130,12281,5926,6355,3071,1453,1618,
15380,12293,5866,6427,21508,10396,11112,24579,11823,12756,21504,10369,11135,12285,5927,6358,3072,1453,1619,
15385,12297,5868,6429,21515,10396,11119,24587,11830,12757,21511,10373,11138,12289,5931,6358,3073,1454,1619,
15390,12301,5869,6432,21522,10400,11122,24595,11835,12760,21518,10377,11141,12293,5933,6360,3074,1455,1619,
15395,12305,5873,6432,21529,10403,11126,24603,11840,12763,21525,10379,11146,12297,5935,6362,3075,1455,1620,
15400,12309,5875,6434,21536,10406,11130,24611,11844,12767,21532,10380,11152,12301,5935,6366,3076,1456,1620,
15405,12313,5879,6434,21543,10406,11137,24619,11849,12770,21539,10381,11158,12305,5938,6367,3077,1456,1621,
15410,12317,5881,6436,21550,10411,11139,24627,11853,12774,21546,10383,11163,12309,5941,6368,3078,1457,1621,
15415,12321,5883,6438,21557,10416,11141,24635,11855,12780,21553,10386,11167,12313,5943,6370,3079,1458,1621,
15420,12325,5886,6439,21564,10423,11141,24643,11861,12782,21560,10391,11169,12317,5946,6371,3080,1459,1621,
15425,12329,5887,6442,21571,10426,11145,24651,11866,12785,21567,10392,11175,12321,5947,6374,3081,1460,1621,
15430,12333,5889,6444,21578,10429,11149,24659,11871,12788,21574,10394,11180,12325,5949,6376,3082,1460,1622,
15435,12337,5890,6447,21585,10432,11153,24667,11875,12792,21581,10399,11182,12329,5950,6379,3083,1461,1622,
15440,12341,5892,6449,21592,10436,11156,24675,11877,12798,21588,10406,11182,12333,5951,6382,3084,1462,1622,
15445,12345,5894,6451,21599,10439,11160,24683,11879,12804,21595,10410,11185,12337,5955,6382,3085,1462,1623,
15450,12349,5897,6452,21606,10442,11164,24691,11885,12806,21602,10415,11187,12341,5956,6385,3086,1462,1624,
15455,12353,5899,6454,21613,10449,11164,24699,11888,12811,21609,10418,11191,12345,5958,6387,3087,1463,1624,
15460,12357,5901,6456,21620,10455,11165,24707,11892,12815,21616,10421,11195,12349,5958,6391,3088,1463,1625,
15465,12361,5904,6457,21627,10457,11170,24715,11896,12819,21623,10426,11197,12353,5961,6392,3089,1463,1626,
15470,12365,5905,6460,21634,10463,11171,24723,11899,12824,21630,10430,11200,12357,5964,6393,3090,1463,1627,
15475,12369,5907,6462,21641,10466,11175,24731,11903,12828,21637,10436,11201,12361,5966,6395,3091,1464,1627,
15480,12373,5909,6464,21648,10471,11177,24739,11905,12834,21644,10440,11204,12365,5968,6397,3092,1465,1627,
15485,12377,5910,6467,21655,10475,11180,24747,11909,12838,21651,10444,11207,12369,5971,6398,3093,1465,1628,
15490,12381,5911,6470,21662,10479,11183,24755,11914,12841,21658,10447,11211,12373,5973,6400,3094,1466,1628,
15495,12385,5912,6473,21669,10483,11186,24763,11918,12845,21665,10450,11215,12377,5976,6401,3095,1466,1629,
15500,12389,5914,6475,21676,10485,11191,24771,11922,12849,21672,10452,11220,12381,5977,6404,3096,1467,1629,
15505,12393,5916,6477,21683,10489,11194,24779,11924,12855,21679,10455,11224,12385,5978,6407,3097,1467,1630,
15510,12397,5919,6478,21690,10492,11198,24787,11925,12862,21686,10456,11230,12389,5981,6408,3098,1467,1631,
15515,12401,5920,6481,21697,10496,11201,24795,11929,12866,21693,10459,11234,12393,5983,6410,3099,1468,1631,
15520,12405,5923,6482,21704,10499,11205,24803,11933,12870,21700,10463,11237,12397,5986,6411,3100,1469,1631,
15525,12409,5926,6483,21711,10502,11209,24811,11937,12874,21707,10466,11241,12401,5987,6414,3101,1470,1631,
15530,12413,5928,6485,21718,10507,11211,24819,11939,12880,21714,10470,11244,12405,5987,6418,3102,1470,1632,
15535,12417,5929,6488,21725,10509,11216,24827,11944,12883,21721,10475,11246,12409,5989,6420,3103,1471,1632,
15540,12421,5930,6491,21732,10513,11219,24835,11949,12886,21728,10476,11252,12413,5990,6423,3104,1472,1632,
15545,12425,5931,6494,21739,10514,11225,24843,11954,12889,21735,10480,11255,12417,5992,6425,3105,1472,1633,
15550,12429,5933,6496,21746,10517,11229,24851,11956,12895,21742,10483,11259,12421,5992,6429,3106,1473,1633,
15555,12433,5936,6497,21753,10521,11232,24859,11961,12898,21749,10487,11262,12425,5994,6431,3107,1473,1634,
15560,12437,5937,6500,21760,10524,11236,24867,11966,12901,21756,10490,11266,12429,5994,6435,3108,1473,1635,
15565,12441,5939,6502,21767,10526,11241,24875,11969,12906,21763,10493,11270,12433,5997,6436,3109,1474,1635,
15570,12445,5940,6505,21774,10529,11245,24883,11972,12911,21770,10498,11272,12437,6001,6436,3110,1474,1636,
15575,12449,5941,6508,21781,10533,11248,24891,11976,12915,21777,10502,11275,12441,6003,6438,3111,1475,1636,
15580,12453,5944,6509,21788,10538,11250,24899,11978,12921,21784,10505,11279,12445,6004,6441,3112,1476,1636,
15585,12457,5946,6511,21795,10542,11253,24907,11982,12925,21791,10508,11283,12449,6004,6445,3113,1477,1636,
15590,12461,5950,6511,21802,10546,11256,24915,11986,12929,21798,10512,11286,12453,6006,6447,3114,1478,1636,
15595,12465,5952,6513,21809,10550,11259,24923,11989,12934,21805,10516,11289,12457,6010,6447,3115,1479,1636,
15600,12469,5955,6514,21816,10552,11264,24931,11994,12937,21812,10517,11295,12461,6012,6449,3116,1480,1636,
15605,12473,5958,6515,21823,10558,11265,24939,11997,12942,21819,10521,11298,12465,6014,6451,3117,1480,1637,
15610,12477,5958,6519,21830,10563,11267,24947,12004,12943,21826,10527,11299,12469,6014,6455,3118,1480,1638,
15615,12481,5960,6521,21837,10568,11269,24955,12010,12945,21833,10533,11300,12473,6017,6456,3119,1480,1639,
15620,12485,5961,6524,21844,10570,11274,24963,12015,12948,21840,10538,11302,12477,6018,6459,3120,1480,1640,
15625,12489,5963,6526,21851,10573,11278,24971,12018,12953,21847,10540,11307,12481,6019,6462,3121,1481,1640,
15630,12493,5963,6530,21858,10573,11285,24979,12022,12957,21854,10541,11313,12485,6022,6463,3122,1481,1641,
15635,12497,5965,6532,21865,10575,11290,24987,12028,12959,21861,10544,11317,12489,6023,6466,3123,1481,1642,
15640,12501,5967,6534,21872,10577,11295,24995,12033,12962,21868,10549,11319,12493,6024,6469,3124,1481,1643,
15645,12505,5968,6537,21879,10582,11297,25003,12038,12965,21875,10552,11323,12497,6026,6471,3125,1481,1644,
15650,12509,5971,6538,21886,10588,11298,25011,12042,12969,21882,10554,11328,12501,6028,6473,3126,1481,1645,
15655,12513,5975,6538,21893,10592,11301,25019,12046,12973,21889,10557,11332,12505,6032,6473,3127,1482,1645,
15660,12517,5976,6541,21900,10596,11304,25027,12053,12974,21896,10561,11335,12509,6035,6474,3128,1482,1646,
15665,12521,5978,6543,21907,10599,11308,25035,12056,12979,21903,10564,11339,12513,6035,6478,3129,1483,1646,
15670,12525,5980,6545,21914,10603,11311,25043,12061,12982,21910,10567,11343,12517,6037,6480,3130,1483,1647,
15675,12529,5980,6549,21921,10607,11314,25051,12066,12985,21917,10570,11347,12521,6040,6481,3131,1483,1648,
15680,12533,5983,6550,21928,10610,11318,25059,12071,12988,21924,10571,11353,12525,6042,6483,3132,1484,1648,
15685,12537,5987,6550,21935,10613,11322,25067,12075,12992,21931,10575,11356,12529,6043,6486,3133,1485,1648,
15690,12541,5989,6552,21942,10617,11325,25075,12079,12996,21938,10579,11359,12533,6044,6489,3134,1485,1649,
15695,12545,5990,6555,21949,10619,11330,25083,12085,12998,21945,10581,11364,12537,6046,6491,3135,1485,1650,
15700,12549,5992,6557,21956,10620,11336,25091,12092,12999,21952,10585,11367,12541,6048,6493,3136,1486,1650,
15705,12553,5995,6558,21963,10622,11341,25099,12096,13003,21959,10588,11371,12545,6051,6494,3137,1486,1651,
15710,12557,5997,6560,21970,10627,11343,25107,12101,13006,21966,10589,11377,12549,6051,6498,3138,1487,1651,
15715,12561,6001,6560,21977,10632,11345,25115,12102,13013,21973,10591,11382,12553,6052,6501,3139,1487,1652,
15720,12565,6003,6562,21984,10636,11348,25123,12107,13016,21980,10595,11385,12557,6053,6504,3140,1487,1653,
15725,12569,6005,6564,21991,10641,11350,25131,12114,13017,21987,10600,11387,12561,6055,6506,3141,1487,1654,
15730,12573,6007,6566,21998,10645,11353,25139,12120,13019,21994,10607,11387,12565,6056,6509,3142,1488,1654,
15735,12577,6011,6566,22005,10649,11356,25147,12123,13024,22001,10610,11391,12569,6058,6511,3143,1488,1655,
15740,12581,6011,6570,22012,10652,11360,25155,12128,13027,22008,10614,11394,12573,6060,6513,3144,1489,1655,
15745,12585,6013,6572,22019,10656,11363,25163,12130,13033,22015,10619,11396,12577,6063,6514,3145,1490,1655,
15750,12589,6015,6574,22026,10658,11368,25171,12133,13038,22022,10623,11399,12581,6064,6517,3146,1490,1656,
15755,12593,6016,6577,22033,10661,11372,25179,12138,13041,22029,10626,11403,12585,6065,6520,3147,1490,1657,
15760,12597,6018,6579,22040,10664,11376,25187,12142,13045,22036,10630,11406,12589,6067,6522,3148,1490,1658,
15765,12601,6019,6582,22047,10670,11377,25195,12145,13050,22043,10631,11412,12593,6068,6525,3149,1491,1658,
15770,12605,6022,6583,22054,10673,11381,25203,12151,13052,22050,10633,11417,12597,6070,6527,3150,1492,1658,
15775,12609,6024,6585,22061,10677,11384,25211,12156,13055,22057,10636,11421,12601,6072,6529,3151,1492,1659,
15780,12613,6027,6586,22068,10680,11388,25219,12158,13061,22064,10640,11424,12605,6074,6531,3152,1492,1660,
15785,12617,6029,6588,22075,10682,11393,25227,12162,13065,22071,10641,11430,12609,6075,6534,3153,1493,1660,
15790,12621,6031,6590,22082,10684,11398,25235,12165,13070,22078,10643,11435,12613,6077,6536,3154,1493,1661,
15795,12625,6033,6592,22089,10686,11403,25243,12169,13074,22085,10646,11439,12617,6079,6538,3155,1493,1662,
15800,12629,6034,6595,22096,10689,11407,25251,12175,13076,22092,10650,11442,12621,6081,6540,3156,1494,1662,
15805,12633,6037,6596,22103,10695,11408,25259,12180,13079,22099,10652,11447,12625,6082,6543,3157,1495,1662,
15810,12637,6038,6599,22110,10700,11410,25267,12185,13082,22106,10657,11449,12629,6085,6544,3158,1496,1662,
15815,12641,6039,6602,22117,10703,11414,25275,12190,13085,22113,10661,11452,12633,6087,6546,3159,1497,1662,
15820,12645,6040,6605,22124,10706,11418,25283,12194,13089,22120,10663,11457,12637,6090,6547,3160,1498,1662,
15825,12649,6043,6606,22131,10710,11421,25291,12198,13093,22127,10669,11458,12641,6090,6551,3161,1499,1662,
15830,12653,6044,6609,22138,10712,11426,25299,12200,13099,22134,10673,11461,12645,6091,6554,3162,1500,1662,
15835,12657,6046,6611,22145,10716,11429,25307,12203,13104,22141,10674,11467,12649,6093,6556,3163,1500,1663,
15840,12661,6050,6611,22152,10722,11430,25315,12206,13109,22148,10679,11469,12653,6095,6558,3164,1500,1664,
15845,12665,6053,6612,22159,10726,11433,25323,12210,13113,22155,10682,11473,12657,6096,6561,3165,1501,1664,
15850,12669,6055,6614,22166,10729,11437,25331,12214,13117,22162,10687,11475,12661,6097,6564,3166,1502,1664,
15855,12673,6058,6615,22173,10733,11440,25339,12220,13119,22169,10690,11479,12665,6101,6564,3167,1502,1665,
15860,12677,6058,6619,22180,10740,11440,25347,12223,13124,22176,10695,11481,12669,6103,6566,3168,1502,1666,
15865,12681,6060,6621,22187,10742,11445,25355,12226,13129,22183,10698,11485,12673,6104,6569,3169,1502,1667,
15870,12685,6061,6624,22194,10745,11449,25363,12229,13134,22190,10702,11488,12677,6105,6572,3170,1503,1667,
15875,12689,6065,6624,22201,10745,11456,25371,12235,13136,22197,10706,11491,12681,6108,6573,3171,1504,1667,
15880,12693,6065,6628,22208,10746,11462,25379,12238,13141,22204,10710,11494,12685,6110,6575,3172,1504,1668,
15885,12697,6066,6631,22215,10751,11464,25387,12244,13143,22211,10712,11499,12689,6113,6576,3173,1505,1668,
15890,12701,6069,6632,22222,10756,11466,25395,12251,13144,22218,10715,11503,12693,6115,6578,3174,1505,1669,
15895,12705,6070,6635,22229,10759,11470,25403,12256,13147,22225,10717,11508,12697,6117,6580,3175,1505,1670,
15900,12709,6072,6637,22236,10762,11474,25411,12263,13148,22232,10719,11513,12701,6119,6582,3176,1505,1671,
15905,12713,6074,6639,22243,10766,11477,25419,12267,13152,22239,10722,11517,12705,6122,6583,3177,1505,1672,
15910,12717,6076,6641,22250,10771,11479,25427,12271,13156,22246,10725,11521,12709,6123,6586,3178,1506,1672,
15915,12721,6079,6642,22257,10774,11483,25435,12273,13162,22253,10730,11523,12713,6125,6588,3179,1506,1673,
15920,12725,6081,6644,22264,10779,11485,25443,12276,13167,22260,10733,11527,12717,6128,6589,3180,1507,1673,
15925,12729,6081,6648,22271,10780,11491,25451,12279,13172,22267,10738,11529,12721,6130,6591,3181,1507,1674,
15930,12733,6082,6651,22278,10781,11497,25459,12282,13177,22274,10741,11533,12725,6133,6592,3182,1507,1675,
15935,12737,6083,6654,22285,10784,11501,25467,12287,13180,22281,10745,11536,12729,6134,6595,3183,1508,1675,
15940,12741,6085,6656,22292,10789,11503,25475,12291,13184,22288,10750,11538,12733,6138,6595,3184,1508,1676,
15945,12745,6088,6657,22299,10791,11508,25483,12294,13189,22295,10752,11543,12737,6141,6596,3185,1509,1676,
15950,12749,6090,6659,22306,10795,11511,25491,12296,13195,22302,10755,11547,12741,6144,6597,3186,1509,1677,
15955,12753,6090,6663,22313,10799,11514,25499,12298,13201,22309,10758,11551,12745,6146,6599,3187,1509,1678,
15960,12757,6091,6666,22320,10801,11519,25507,12302,13205,22316,10761,11555,12749,6148,6601,3188,1509,1679,
15965,12761,6093,6668,22327,10804,11523,25515,12306,13209,22323,10764,11559,12753,6150,6603,3189,1510,1679,
15970,12765,6094,6671,22334,10808,11526,25523,12311,13212,22330,10767,11563,12757,6151,6606,3190,1510,1680,
15975,12769,6095,6674,22341,10812,11529,25531,12315,13216,22337,10771,11566,12761,6152,6609,3191,1511,1680,
15980,12773,6096,6677,22348,10815,11533,25539,12320,13219,22344,10774,11570,12765,6155,6610,3192,1511,1681,
15985,12777,6096,6681,22355,10819,11536,25547,12324,13223,22351,10777,11574,12769,6156,6613,3193,1512,1681,
15990,12781,6096,6685,22362,10823,11539,25555,12327,13228,22358,10778,11580,12773,6159,6614,3194,1513,1681,
15995,12785,6097,6688,22369,10829,11540,25563,12333,13230,22365,10781,11584,12777,6161,6616,3195,1513,1682,
16000,12789,6099,6690,22376,10829,11547,25571,12337,13234,22372,10783,11589,12781,6163,6618,3196,1513,1683,
16005,12793,6101,6692,22383,10832,11551,25579,12340,13239,22379,10785,11594,12785,6165,6620,3197,1513,1684,
16010,12797,6102,6695,22390,10837,11553,25587,12342,13245,22386,10790,11596,12789,6166,6623,3198,1514,1684,
16015,12801,6104,6697,22397,10841,11556,25595,12349,13246,22393,10793,11600,12793,6167,6626,3199,1515,1684,
16020,12805,6107,6698,22404,10845,11559,25603,12353,13250,22400,10797,11603,12797,6170,6627,3200,1516,1684,
16025,12809,6108,6701,22411,10848,11563,25611,12360,13251,22407,10801,11606,12801,6172,6629,3201,1516,1685,
16030,12813,6110,6703,22418,10852,11566,25619,12362,13257,22414,10806,11608,12805,6174,6631,3202,1517,1685,
16035,12817,6111,6706,22425,10856,11569,25627,12366,13261,22421,10808,11613,12809,6178,6631,3203,1518,1685,
16040,12821,6113,6708,22432,10861,11571,25635,12372,13263,22428,10812,11616,12813,6180,6633,3204,1519,1685,
16045,12825,6115,6710,22439,10864,11575,25643,12374,13269,22435,10816,11619,12817,6183,6634,3205,1520,1685,
16050,12829,6116,6713,22446,10866,11580,25651,12379,13272,22442,10819,11623,12821,6184,6637,3206,1520,1686,
16055,12833,6117,6716,22453,10871,11582,25659,12384,13275,22449,10822,11627,12825,6184,6641,3207,1520,1687,
16060,12837,6119,6718,22460,10874,11586,25667,12390,13277,22456,10824,11632,12829,6185,6644,3208,1521,1687,
16065,12841,6121,6720,22467,10879,11588,25675,12394,13281,22463,10828,11635,12833,6187,6646,3209,1521,1688,
16070,12845,6124,6721,22474,10883,11591,25683,12396,13287,22470,10832,11638,12837,6188,6649,3210,1521,1689,
16075,12849,6128,6721,22481,10886,11595,25691,12399,13292,22477,10835,11642,12841,6189,6652,3211,1521,1690,
16080,12853,6129,6724,22488,10890,11598,25699,12405,13294,22484,10836,11648,12845,6189,6656,3212,1521,1691,
16085,12857,6132,6725,22495,10892,11603,25707,12408,13299,22491,10839,11652,12849,6191,6658,3213,1521,1692,
16090,12861,6132,6729,22502,10896,11606,25715,12412,13303,22498,10842,11656,12853,6193,6660,3214,1522,1692,
16095,12865,6134,6731,22509,10898,11611,25723,12417,13306,22505,10845,11660,12857,6195,6662,3215,1523,1692,
16100,12869,6136,6733,22516,10903,11613,25731,12420,13311,22512,10848,11664,12861,6199,6662,3216,1524,1692,
16105,12873,6139,6734,22523,10907,11616,25739,12423,13316,22519,10852,11667,12865,6202,6663,3217,1524,1693,
16110,12877,6140,6737,22530,10913,11617,25747,12425,13322,22526,10855,11671,12869,6202,6667,3218,1524,1694,
16115,12881,6143,6738,22537,10916,11621,25755,12429,13326,22533,10859,11674,12873,6205,6668,3219,1524,1695,
16120,12885,6145,6740,22544,10919,11625,25763,12434,13329,22540,10862,11678,12877,6207,6670,3220,1524,1696,
16125,12889,6146,6743,22551,10920,11631,25771,12438,13333,22547,10868,11679,12881,6209,6672,3221,1525,1696,
16130,12893,6149,6744,22558,10921,11637,25779,12441,13338,22554,10875,11679,12885,6211,6674,3222,1525,1697,
16135,12897,6149,6748,22565,10924,11641,25787,12445,13342,22561,10876,11685,12889,6214,6675,3223,1525,1698,
16140,12901,6149,6752,22572,10925,11647,25795,12446,13349,22568,10878,11690,12893,6216,6677,3224,1526,1698,
16145,12905,6151,6754,22579,10928,11651,25803,12450,13353,22575,10880,11695,12897,6217,6680,3225,1527,1698,
16150,12909,6154,6755,22586,10930,11656,25811,12452,13359,22582,10886,11696,12901,6218,6683,3226,1528,1698,
16155,12913,6156,6757,22593,10931,11662,25819,12457,13362,22589,10891,11698,12905,6220,6685,3227,1528,1699,
16160,12917,6157,6760,22600,10934,11666,25827,12461,13366,22596,10892,11704,12909,6223,6686,3228,1529,1699,
16165,12921,6159,6762,22607,10938,11669,25835,12465,13370,22603,10895,11708,12913,6224,6689,3229,1529,1700,
16170,12925,6162,6763,22614,10943,11671,25843,12469,13374,22610,10901,11709,12917,6225,6692,3230,1530,1700,
16175,12929,6164,6765,22621,10947,11674,25851,12473,13378,22617,10905,11712,12921,6227,6694,3231,1530,1701,
16180,12933,6165,6768,22628,10951,11677,25859,12480,13379,22624,10909,11715,12925,6230,6695,3232,1530,1702,
16185,12937,6167,6770,22635,10954,11681,25867,12481,13386,22631,10912,11719,12929,6231,6698,3233,1531,1702,
16190,12941,6168,6773,22642,10957,11685,25875,12484,13391,22638,10914,11724,12933,6232,6701,3234,1531,1703,
16195,12945,6170,6775,22649,10961,11688,25883,12487,13396,22645,10918,11727,12937,6234,6703,3235,1532,1703,
16200,12949,6173,6776,22656,10966,11690,25891,12490,13401,22652,10920,11732,12941,6236,6705,3236,1532,1704,
16205,12953,6174,6779,22663,10969,11694,25899,12494,13405,22659,10923,11736,12945,6238,6707,3237,1532,1705,
16210,12957,6174,6783,22670,10972,11698,25907,12497,13410,22666,10926,11740,12949,6241,6708,3238,1532,1706,
16215,12961,6175,6786,22677,10976,11701,25915,12502,13413,22673,10930,11743,12953,6243,6710,3239,1533,1706,
16220,12965,6177,6788,22684,10980,11704,25923,12508,13415,22680,10933,11747,12957,6245,6712,3240,1533,1707,
16225,12969,6179,6790,22691,10982,11709,25931,12512,13419,22687,10936,11751,12961,6248,6713,3241,1534,1707,
16230,12973,6180,6793,22698,10986,11712,25939,12515,13424,22694,10940,11754,12965,6249,6716,3242,1535,1707,
16235,12977,6182,6795,22705,10990,11715,25947,12520,13427,22701,10944,11757,12969,6249,6720,3243,1535,1708,
16240,12981,6186,6795,22712,10996,11716,25955,12523,13432,22708,10948,11760,12973,6253,6720,3244,1536,1708,
16245,12985,6187,6798,22719,10998,11721,25963,12526,13437,22715,10952,11763,12977,6257,6720,3245,1537,1708,
16250,12989,6187,6802,22726,10999,11727,25971,12529,13442,22722,10954,11768,12981,6259,6722,3246,1538,1708,
16255,12993,6188,6805,22733,11003,11730,25979,12532,13447,22729,10958,11771,12985,6261,6724,3247,1539,1708,
16260,12997,6191,6806,22740,11006,11734,25987,12534,13453,22736,10962,11774,12989,6264,6725,3248,1540,1708,
16265,13001,6191,6810,22747,11007,11740,25995,12538,13457,22743,10964,11779,12993,6266,6727,3249,1541,1708,
16270,13005,6193,6812,22754,11010,11744,26003,12541,13462,22750,10968,11782,12997,6266,6731,3250,1541,1709,
16275,13009,6194,6815,22761,11013,11748,26011,12546,13465,22757,10971,11786,13001,6268,6733,3251,1541,1710,
16280,13013,6196,6817,22768,11016,11752,26019,12549,13470,22764,10974,11790,13005,6270,6735,3252,1541,1711,
16285,13017,6198,6819,22775,11019,11756,26027,12551,13476,22771,10976,11795,13009,6270,6739,3253,1542,1711,
16290,13021,6200,6821,22782,11022,11760,26035,12555,13480,22778,10980,11798,13013,6270,6743,3254,1542,1712,
16295,13025,6201,6824,22789,11025,11764,26043,12558,13485,22785,10983,11802,13017,6271,6746,3255,1542,1713,
16300,13029,6203,6826,22796,11027,11769,26051,12563,13488,22792,10989,11803,13021,6273,6748,3256,1543,1713,
16305,13033,6207,6826,22803,11032,11771,26059,12565,13494,22799,10992,11807,13025,6275,6750,3257,1544,1713,
16310,13037,6209,6828,22810,11035,11775,26067,12568,13499,22806,10995,11811,13029,6276,6753,3258,1545,1713,
16315,13041,6213,6828,22817,11039,11778,26075,12574,13501,22813,10999,11814,13033,6277,6756,3259,1545,1714,
16320,13045,6217,6828,22824,11042,11782,26083,12577,13506,22820,11000,11820,13037,6280,6757,3260,1545,1715,
16325,13049,6217,6832,22831,11045,11786,26091,12579,13512,22827,11004,11823,13041,6281,6760,3261,1546,1715,
16330,13053,6218,6835,22838,11047,11791,26099,12582,13517,22834,11008,11826,13045,6283,6762,3262,1546,1716,
16335,13057,6220,6837,22845,11051,11794,26107,12585,13522,22841,11010,11831,13049,6285,6764,3263,1546,1717,
16340,13061,6221,6840,22852,11054,11798,26115,12587,13528,22848,11014,11834,13053,6287,6766,3264,1547,1717,
16345,13065,6222,6843,22859,11061,11798,26123,12593,13530,22855,11018,11837,13057,6289,6768,3265,1547,1718,
16350,13069,6224,6845,22866,11065,11801,26131,12598,13533,22862,11023,11839,13061,6292,6769,3266,1547,1719,
16355,13073,6225,6848,22873,11066,11807,26139,12603,13536,22869,11025,11844,13065,6294,6771,3267,1547,1720,
16360,13077,6227,6850,22880,11070,11810,26147,12608,13539,22876,11029,11847,13069,6298,6771,3268,1548,1720,
16365,13081,6229,6852,22887,11073,11814,26155,12612,13543,22883,11032,11851,13073,6300,6773,3269,1548,1721,
16370,13085,6230,6855,22894,11076,11818,26163,12617,13546,22890,11037,11853,13077,6301,6776,3270,1548,1722,
16375,13089,6230,6859,22901,11081,11820,26171,12620,13551,22897,11038,11859,13081,6303,6778,3271,1548,1723,
16380,13093,6231,6862,22908,11085,11823,26179,12625,13554,22904,11041,11863,13085,6306,6779,3272,1548,1724,
16385,13097,6232,6865,22915,11088,11827,26187,12627,13560,22911,11044,11867,13089,6309,6780,3273,1549,1724,
16390,13101,6234,6867,22922,11091,11831,26195,12631,13564,22918,11049,11869,13093,6312,6781,3274,1550,1724,
16395,13105,6236,6869,22929,11093,11836,26203,12635,13568,22925,11053,11872,13097,6316,6781,3275,1550,1725,
16400,13109,6238,6871,22936,11098,11838,26211,12638,13573,22932,11057,11875,13101,6317,6784,3276,1551,1725,
16405,13113,6240,6873,22943,11102,11841,26219,12644,13575,22939,11060,11879,13105,6320,6785,3277,1551,1726,
16410,13117,6242,6875,22950,11104,11846,26227,12646,13581,22946,11062,11884,13109,6321,6788,3278,1551,1727,
16415,13121,6243,6878,22957,11110,11847,26235,12649,13586,22953,11066,11887,13113,6323,6790,3279,1551,1728,
16420,13125,6244,6881,22964,11115,11849,26243,12650,13593,22960,11070,11890,13117,6326,6791,3280,1551,1729,
16425,13129,6247,6882,22971,11118,11853,26251,12654,13597,22967,11074,11893,13121,6328,6793,3281,1551,1730,
16430,13133,6248,6885,22978,11125,11853,26259,12659,13600,22974,11077,11897,13125,6331,6794,3282,1551,1731,
16435,13137,6248,6889,22985,11128,11857,26267,12661,13606,22981,11079,11902,13129,6334,6795,3283,1551,1732,
16440,13141,6250,6891,22992,11132,11860,26275,12667,13608,22988,11085,11903,13133,6337,6796,3284,1551,1733,
16445,13145,6252,6893,22999,11135,11864,26283,12670,13613,22995,11088,11907,13137,6339,6798,3285,1552,1733,
16450,13149,6255,6894,23006,11140,11866,26291,12676,13615,23002,11091,11911,13141,6342,6799,3286,1553,1733,
16455,13153,6258,6895,23013,11143,11870,26299,12678,13621,23009,11093,11916,13145,6345,6800,3287,1554,1733,
16460,13157,6261,6896,23020,11146,11874,26307,12682,13625,23016,11095,11921,13149,6348,6801,3288,1554,1734,
16465,13161,6263,6898,23027,11148,11879,26315,12685,13630,23023,11100,11923,13153,6349,6804,3289,1554,1735,
16470,13165,6266,6899,23034,11152,11882,26323,12690,13633,23030,11105,11925,13157,6353,6804,3290,1554,1736,
16475,13169,6269,6900,23041,11155,11886,26331,12694,13637,23037,11110,11927,13161,6357,6804,3291,1555,1736,
16480,13173,6272,6901,23048,11158,11890,26339,12696,13643,23044,11111,11933,13165,6357,6808,3292,1556,1736,
16485,13177,6275,6902,23055,11161,11894,26347,12699,13648,23051,11113,11938,13169,6360,6809,3293,1557,1736,
16490,13181,6275,6906,23062,11163,11899,26355,12701,13654,23058,11114,11944,13173,6360,6813,3294,1557,1737,
16495,13185,6277,6908,23069,11165,11904,26363,12707,13656,23065,11117,11948,13177,6362,6815,3295,1558,1737,
16500,13189,6278,6911,23076,11170,11906,26371,12708,13663,23072,11120,11952,13181,6366,6815,3296,1559,1737,
16505,13193,6279,6914,23083,11172,11911,26379,12713,13666,23079,11123,11956,13185,6369,6816,3297,1560,1737,
16510,13197,6280,6917,23090,11177,11913,26387,12715,13672,23086,11126,11960,13189,6369,6820,3298,1560,1738,
16515,13201,6280,6921,23097,11179,11918,26395,12717,13678,23093,11130,11963,13193,6372,6821,3299,1561,1738,
16520,13205,6282,6923,23104,11180,11924,26403,12719,13684,23100,11132,11968,13197,6374,6823,3300,1561,1739,
16525,13209,6284,6925,23111,11184,11927,26411,12722,13689,23107,11136,11971,13201,6375,6826,3301,1562,1739,
16530,13213,6287,6926,23118,11188,11930,26419,12725,13694,23114,11140,11974,13205,6377,6828,3302,1562,1740,
16535,13217,6288,6929,23125,11192,11933,26427,12729,13698,23121,11144,11977,13209,6378,6831,3303,1562,1741,
16540,13221,6290,6931,23132,11196,11936,26435,12733,13702,23128,11149,11979,13213,6380,6833,3304,1563,1741,
16545,13225,6292,6933,23139,11201,11938,26443,12738,13705,23135,11151,11984,13217,6382,6835,3305,1564,1741,
16550,13229,6294,6935,23146,11206,11940,26451,12741,13710,23142,11153,11989,13221,6384,6837,3306,1564,1742,
16555,13233,6295,6938,23153,11211,11942,26459,12743,13716,23149,11155,11994,13225,6386,6839,3307,1564,1743,
16560,13237,6298,6939,23160,11215,11945,26467,12747,13720,23156,11159,11997,13229,6389,6840,3308,1564,1744,
16565,13241,6300,6941,23167,11219,11948,26475,12750,13725,23163,11163,12000,13233,6391,6842,3309,1565,1744,
16570,13245,6302,6943,23174,11221,11953,26483,12755,13728,23170,11165,12005,13237,6392,6845,3310,1565,1745,
16575,13249,6302,6947,23181,11225,11956,26491,12759,13732,23177,11167,12010,13241,6395,6846,3311,1566,1745,
16580,13253,6305,6948,23188,11228,11960,26499,12762,13737,23184,11171,12013,13245,6398,6847,3312,1566,1746,
16585,13257,6307,6950,23195,11232,11963,26507,12765,13742,23191,11174,12017,13249,6401,6848,3313,1567,1746,
16590,13261,6308,6953,23202,11233,11969,26515,12768,13747,23198,11179,12019,13253,6404,6849,3314,1567,1747,
16595,13265,6309,6956,23209,11237,11972,26523,12773,13750,23205,11183,12022,13257,6407,6850,3315,1567,1748,
16600,13269,6312,6957,23216,11241,11975,26531,12776,13755,23212,11188,12024,13261,6410,6851,3316,1568,1748,
16605,13273,6312,6961,23223,11244,11979,26539,12780,13759,23219,11191,12028,13265,6413,6852,3317,1569,1748,
16610,13277,6315,6962,23230,11248,11982,26547,12784,13763,23226,11197,12029,13269,6417,6852,3318,1570,1748,
16615,13281,6317,6964,23237,11253,11984,26555,12788,13767,23233,11201,12032,13273,6417,6856,3319,1571,1748,
16620,13285,6318,6967,23244,11257,11987,26563,12791,13772,23240,11205,12035,13277,6419,6858,3320,1571,1749,
16625,13289,6320,6969,23251,11261,11990,26571,12795,13776,23247,11207,12040,13281,6421,6860,3321,1572,1749,
16630,13293,6322,6971,23258,11266,11992,26579,12798,13781,23254,11211,12043,13285,6421,6864,3322,1572,1750,
16635,13297,6325,6972,23265,11269,11996,26587,12801,13786,23261,11213,12048,13289,6421,6868,3323,1572,1751,
16640,13301,6327,6974,23272,11273,11999,26595,12806,13789,23268,11215,12053,13293,6424,6869,3324,1572,1752,
16645,13305,6328,6977,23279,11276,12003,26603,12811,13792,23275,11220,12055,13297,6426,6871,3325,1572,1753,
16650,13309,6329,6980,23286,11279,12007,26611,12814,13797,23282,11223,12059,13301,6429,6872,3326,1573,1753,
16655,13313,6331,6982,23293,11282,12011,26619,12818,13801,23289,11227,12062,13305,6430,6875,3327,1573,1754,
16660,13317,6334,6983,23300,11285,12015,26627,12819,13808,23296,11231,12065,13309,6433,6876,3328,1574,1754,
16665,13321,6334,6987,23307,11290,12017,26635,12824,13811,23303,11235,12068,13313,6435,6878,3329,1574,1755,
16670,13325,6336,6989,23314,11292,12022,26643,12827,13816,23310,11238,12072,13317,6437,6880,3330,1574,1756,
16675,13329,6340,6989,23321,11295,12026,26651,12832,13819,23317,11242,12075,13321,6438,6883,3331,1575,1756,
16680,13333,6341,6992,23328,11298,12030,26659,12836,13823,23324,11246,12078,13325,6439,6886,3332,1576,1756,
16685,13337,6344,6993,23335,11304,12031,26667,12838,13829,23331,11251,12080,13329,6441,6888,3333,1577,1756,
16690,13341,6347,6994,23342,11308,12034,26675,12842,13833,23338,11253,12085,13333,6443,6890,3334,1577,1757,
16695,13345,6351,6994,23349,11311,12038,26683,12845,13838,23345,11257,12088,13337,6446,6891,3335,1577,1758,
16700,13349,6352,6997,23356,11314,12042,26691,12848,13843,23352,11260,12092,13341,6449,6892,3336,1577,1759,
16705,13353,6353,7000,23363,11318,12045,26699,12851,13848,23359,11262,12097,13345,6451,6894,3337,1577,1760,
16710,13357,6355,7002,23370,11323,12047,26707,12855,13852,23366,11265,12101,13349,6453,6896,3338,1578,1760,
16715,13361,6357,7004,23377,11325,12052,26715,12856,13859,23373,11270,12103,13353,6456,6897,3339,1579,1760,
16720,13365,6359,7006,23384,11330,12054,26723,12857,13866,23380,11274,12106,13357,6458,6899,3340,1579,1761,
16725,13369,6361,7008,23391,11334,12057,26731,12862,13869,23387,11277,12110,13361,6460,6901,3341,1580,1761,
16730,13373,6363,7010,23398,11338,12060,26739,12867,13872,23394,11282,12112,13365,6462,6903,3342,1580,1762,
16735,13377,6365,7012,23405,11340,12065,26747,12871,13876,23401,11285,12116,13369,6463,6906,3343,1580,1763,
16740,13381,6365,7016,23412,11342,12070,26755,12875,13880,23408,11289,12119,13373,6467,6906,3344,1581,1763,
16745,13385,6366,7019,23419,11343,12076,26763,12878,13885,23415,11292,12123,13377,6471,6906,3345,1582,1763,
16750,13389,6368,7021,23426,11345,12081,26771,12880,13891,23422,11298,12124,13381,6472,6909,3346,1582,1764,
16755,13393,6370,7023,23433,11349,12084,26779,12885,13894,23429,11300,12129,13385,6475,6910,3347,1582,1765,
16760,13397,6374,7023,23440,11353,12087,26787,12887,13900,23436,11304,12132,13389,6476,6913,3348,1583,1765,
16765,13401,6375,7026,23447,11355,12092,26795,12891,13904,23443,11306,12137,13393,6479,6914,3349,1583,1766,
16770,13405,6379,7026,23454,11358,12096,26803,12894,13909,23450,11309,12141,13397,6482,6915,3350,1584,1766,
16775,13409,6380,7029,23461,11360,12101,26811,12897,13914,23457,11314,12143,13401,6484,6917,3351,1585,1766,
16780,13413,6381,7032,23468,11365,12103,26819,12899,13920,23464,11315,12149,13405,6486,6919,3352,1585,1767,
16785,13417,6383,7034,23475,11367,12108,26827,12904,13923,23471,11319,12152,13409,6488,6921,3353,1586,1767,
16790,13421,6386,7035,23482,11369,12113,26835,12908,13927,23478,11322,12156,13413,6491,6922,3354,1586,1768,
16795,13425,6388,7037,23489,11374,12115,26843,12913,13930,23485,11326,12159,13417,6492,6925,3355,1587,1768,
16800,13429,6391,7038,23496,11379,12117,26851,12919,13932,23492,11329,12163,13421,6492,6929,3356,1587,1769,
16805,13433,6394,7039,23503,11383,12120,26859,12921,13938,23499,11331,12168,13425,6494,6931,3357,1587,1770,
16810,13437,6396,7041,23510,11385,12125,26867,12924,13943,23506,11337,12169,13429,6497,6932,3358,1587,1771,
16815,13441,6397,7044,23517,11386,12131,26875,12928,13947,23513,11341,12172,13433,6499,6934,3359,1587,1772,
16820,13445,6398,7047,23524,11392,12132,26883,12932,13951,23520,11344,12176,13437,6500,6937,3360,1587,1773,
16825,13449,6401,7048,23531,11397,12134,26891,12938,13953,23527,11345,12182,13441,6503,6938,3361,1587,1774,
16830,13453,6403,7050,23538,11398,12140,26899,12941,13958,23534,11348,12186,13445,6504,6941,3362,1587,1775,
16835,13457,6404,7053,23545,11402,12143,26907,12944,13963,23541,11350,12191,13449,6505,6944,3363,1587,1776,
16840,13461,6406,7055,23552,11405,12147,26915,12948,13967,23548,11353,12195,13453,6505,6948,3364,1588,1776,
16845,13465,6408,7057,23559,11410,12149,26923,12950,13973,23555,11356,12199,13457,6505,6952,3365,1589,1776,
16850,13469,6411,7058,23566,11413,12153,26931,12954,13977,23562,11359,12203,13461,6508,6953,3366,1590,1776,
16855,13473,6414,7059,23573,11418,12155,26939,12957,13982,23569,11363,12206,13465,6510,6955,3367,1591,1776,
16860,13477,6415,7062,23580,11419,12161,26947,12962,13985,23576,11367,12209,13469,6512,6957,3368,1591,1777,
16865,13481,6418,7063,23587,11421,12166,26955,12963,13992,23583,11368,12215,13473,6513,6960,3369,1592,1777,
16870,13485,6418,7067,23594,11423,12171,26963,12966,13997,23590,11369,12221,13477,6515,6962,3370,1593,1777,
16875,13489,6421,7068,23601,11426,12175,26971,12970,14001,23597,11374,12223,13481,6518,6963,3371,1593,1778,
16880,13493,6422,7071,23608,11431,12177,26979,12976,14003,23604,11378,12226,13485,6521,6964,3372,1593,1779,
16885,13497,6422,7075,23615,11433,12182,26987,12981,14006,23611,11384,12227,13489,6523,6966,3373,1593,1780,
16890,13501,6424,7077,23622,11434,12188,26995,12985,14010,23618,11387,12231,13493,6526,6967,3374,1594,1780,
16895,13505,6427,7078,23629,11434,12195,27003,12988,14015,23625,11389,12236,13497,6526,6971,3375,1595,1780,
16900,13509,6429,7080,23636,11438,12198,27011,12994,14017,23632,11392,12240,13501,6528,6973,3376,1595,1781,
16905,13513,6430,7083,23643,11442,12201,27019,12998,14021,23639,11397,12242,13505,6531,6974,3377,1595,1782,
16910,13517,6431,7086,23650,11443,12207,27027,13005,14022,23646,11400,12246,13509,6532,6977,3378,1596,1782,
16915,13521,6435,7086,23657,11446,12211,27035,13010,14025,23653,11403,12250,13513,6533,6980,3379,1597,1782,
16920,13525,6436,7089,23664,11449,12215,27043,13014,14029,23660,11408,12252,13517,6536,6981,3380,1597,1783,
16925,13529,6439,7090,23671,11450,12221,27051,13015,14036,23667,11412,12255,13521,6538,6983,3381,1597,1784,
16930,13533,6441,7092,23678,11456,12222,27059,13019,14040,23674,11415,12259,13525,6541,6984,3382,1598,1784,
16935,13537,6442,7095,23685,11461,12224,27067,13021,14046,23681,11418,12263,13529,6542,6987,3383,1598,1785,
16940,13541,6443,7098,23692,11466,12226,27075,13024,14051,23688,11421,12267,13533,6543,6990,3384,1599,1785,
16945,13545,6445,7100,23699,11467,12232,27083,13026,14057,23695,11422,12273,13537,6546,6991,3385,1599,1786,
16950,13549,6447,7102,23706,11469,12237,27091,13028,14063,23702,11425,12277,13541,6547,6994,3386,1599,1787,
16955,13553,6449,7104,23713,11472,12241,27099,13031,14068,23709,11429,12280,13545,6550,6995,3387,1600,1787,
16960,13557,6450,7107,23720,11476,12244,27107,13035,14072,23716,11430,12286,13549,6553,6996,3388,1600,1788,
16965,13561,6453,7108,23727,11478,12249,27115,13038,14077,23723,11432,12291,13553,6555,6998,3389,1601,1788,
16970,13565,6454,7111,23734,11480,12254,27123,13043,14080,23730,11436,12294,13557,6557,7000,3390,1602,1788,
16975,13569,6456,7113,23741,11482,12259,27131,13048,14083,23737,11439,12298,13561,6558,7003,3391,1603,1788,
16980,13573,6459,7114,23748,11483,12265,27139,13054,14085,23744,11443,12301,13565,6558,7007,3392,1604,1788,
16985,13577,6459,7118,23755,11485,12270,27147,13057,14090,23751,11447,12304,13569,6559,7010,3393,1604,1789,
16990,13581,6459,7122,23762,11489,12273,27155,13060,14095,23758,11450,12308,13573,6561,7012,3394,1604,1790,
16995,13585,6460,7125,23769,11491,12278,27163,13063,14100,23765,11455,12310,13577,6564,7013,3395,1605,1790,
17000,13589,6462,7127,23776,11493,12283,27171,13068,14103,23772,11460,12312,13581,6566,7015,3396,1606,1790,
17005,13593,6464,7129,23783,11496,12287,27179,13068,14111,23779,11461,12318,13585,6568,7017,3397,1607,1790,
17010,13597,6465,7132,23790,11500,12290,27187,13072,14115,23786,11465,12321,13589,6569,7020,3398,1607,1791,
17015,13601,6467,7134,23797,11506,12291,27195,13076,14119,23793,11469,12324,13593,6571,7022,3399,1608,1791,
17020,13605,6469,7136,23804,11510,12294,27203,13080,14123,23800,11473,12327,13597,6573,7024,3400,1609,1791,
17025,13609,6471,7138,23811,11514,12297,27211,13084,14127,23807,11479,12328,13601,6573,7028,3401,1610,1791,
17030,13613,6472,7141,23818,11520,12298,27219,13089,14130,23814,11485,12329,13605,6575,7030,3402,1611,1791,
17035,13617,6474,7143,23825,11522,12303,27227,13092,14135,23821,11489,12332,13609,6579,7030,3403,1611,1792,
17040,13621,6476,7145,23832,11525,12307,27235,13097,14138,23828,11493,12335,13613,6581,7032,3404,1612,1792,
17045,13625,6477,7148,23839,11527,12312,27243,13099,14144,23835,11496,12339,13617,6583,7034,3405,1613,1792,
17050,13629,6479,7150,23846,11530,12316,27251,13104,14147,23842,11498,12344,13621,6585,7036,3406,1613,1793,
17055,13633,6480,7153,23853,11534,12319,27259,13109,14150,23849,11502,12347,13625,6586,7039,3407,1613,1794,
17060,13637,6482,7155,23860,11536,12324,27267,13114,14153,23856,11506,12350,13629,6587,7042,3408,1614,1794,
17065,13641,6484,7157,23867,11540,12327,27275,13121,14154,23863,11509,12354,13633,6589,7044,3409,1614,1795,
17070,13645,6487,7158,23874,11543,12331,27283,13123,14160,23870,11513,12357,13637,6592,7045,3410,1614,1796,
17075,13649,6491,7158,23881,11546,12335,27291,13128,14163,23877,11515,12362,13641,6595,7046,3411,1614,1797,
17080,13653,6492,7161,23888,11548,12340,27299,13132,14167,23884,11517,12367,13645,6597,7048,3412,1615,1797,
17085,13657,6496,7161,23895,11551,12344,27307,13137,14170,23891,11519,12372,13649,6599,7050,3413,1615,1798,
17090,13661,6499,7162,23902,11554,12348,27315,13143,14172,23898,11522,12376,13653,6602,7051,3414,1615,1799,
17095,13665,6500,7165,23909,11557,12352,27323,13146,14177,23905,11525,12380,13657,6602,7055,3415,1616,1799,
17100,13669,6503,7166,23916,11562,12354,27331,13150,14181,23912,11527,12385,13661,6605,7056,3416,1616,1800,
17105,13673,6505,7168,23923,11567,12356,27339,13154,14185,23919,11531,12388,13665,6606,7059,3417,1616,1801,
17110,13677,6507,7170,23930,11570,12360,27347,13161,14186,23926,11534,12392,13669,6609,7060,3418,1617,1801,
17115,13681,6509,7172,23937,11572,12365,27355,13166,14189,23933,11537,12396,13673,6610,7063,3419,1618,1801,
17120,13685,6510,7175,23944,11575,12369,27363,13168,14195,23940,11541,12399,13677,6612,7065,3420,1618,1802,
17125,13689,6512,7177,23951,11578,12373,27371,13171,14200,23947,11545,12402,13681,6614,7067,3421,1619,1802,
17130,13693,6515,7178,23958,11580,12378,27379,13172,14207,23954,11549,12405,13685,6617,7068,3422,1619,1803,
17135,13697,6518,7179,23965,11582,12383,27387,13178,14209,23961,11555,12406,13689,6620,7069,3423,1620,1803,
17140,13701,6520,7181,23972,11585,12387,27395,13182,14213,23968,11558,12410,13693,6621,7072,3424,1621,1803,
17145,13705,6521,7184,23979,11589,12390,27403,13186,14217,23975,11560,12415,13697,6623,7074,3425,1621,1804,
17150,13709,6523,7186,23986,11593,12393,27411,13188,14223,23982,11564,12418,13701,6625,7076,3426,1621,1805,
17155,13713,6525,7188,23993,11596,12397,27419,13195,14224,23989,11566,12423,13705,6627,7078,3427,1621,1806,
17160,13717,6527,7190,24000,11601,12399,27427,13200,14227,23996,11570,12426,13709,6630,7079,3428,1622,1806,
17165,13721,6529,7192,24007,11604,12403,27435,13205,14230,24003,11572,12431,13713,6633,7080,3429,1623,1806,
17170,13725,6532,7193,24014,11606,12408,27443,13207,14236,24010,11574,12436,13717,6635,7082,3430,1624,1806,
17175,13729,6533,7196,24021,11609,12412,27451,13212,14239,24017,11576,12441,13721,6638,7083,3431,1624,1807,
17180,13733,6534,7199,24028,11610,12418,27459,13213,14246,24024,11581,12443,13725,6640,7085,3432,1625,1807,
17185,13737,6537,7200,24035,11613,12422,27467,13216,14251,24031,11584,12447,13729,6641,7088,3433,1625,1808,
17190,13741,6538,7203,24042,11617,12425,27475,13218,14257,24038,11586,12452,13733,6642,7091,3434,1625,1809,
17195,13745,6540,7205,24049,11620,12429,27483,13222,14261,24045,11588,12457,13737,6643,7094,3435,1626,1809,
17200,13749,6542,7207,24056,11623,12433,27491,13224,14267,24052,11591,12461,13741,6645,7096,3436,1627,1809,
17205,13753,6544,7209,24063,11625,12438,27499,13229,14270,24059,11594,12465,13745,6646,7099,3437,1627,1810,
17210,13757,6547,7210,24070,11629,12441,27507,13233,14274,24066,11598,12468,13749,6648,7101,3438,1627,1811,
17215,13761,6549,7212,24077,11633,12444,27515,13237,14278,24073,11599,12474,13753,6649,7104,3439,1628,1811,
17220,13765,6550,7215,24084,11638,12446,27523,13244,14279,24080,11600,12480,13757,6652,7105,3440,1629,1811,
17225,13769,6551,7218,24091,11641,12450,27531,13247,14284,24087,11602,12485,13761,6654,7107,3441,1629,1812,
17230,13773,6552,7221,24098,11643,12455,27539,13253,14286,24094,11606,12488,13765,6657,7108,3442,1629,1813,
17235,13777,6553,7224,24105,11645,12460,27547,13260,14287,24101,11608,12493,13769,6659,7110,3443,1629,1814,
17240,13781,6554,7227,24112,11648,12464,27555,13263,14292,24108,11609,12499,13773,6659,7114,3444,1629,1815,
17245,13785,6555,7230,24119,11652,12467,27563,13267,14296,24115,11613,12502,13777,6661,7116,3445,1630,1815,
17250,13789,6558,7231,24126,11657,12469,27571,13269,14302,24122,11615,12507,13781,6662,7119,3446,1630,1816,
17255,13793,6559,7234,24133,11660,12473,27579,13273,14306,24129,11619,12510,13785,6665,7120,3447,1631,1816,
17260,13797,6560,7237,24140,11663,12477,27587,13275,14312,24136,11624,12512,13789,6667,7122,3448,1631,1817,
17265,13801,6562,7239,24147,11667,12480,27595,13280,14315,24143,11629,12514,13793,6670,7123,3449,1632,1817,
17270,13805,6564,7241,24154,11670,12484,27603,13283,14320,24150,11634,12516,13797,6673,7124,3450,1632,1818,
17275,13809,6565,7244,24161,11672,12489,27611,13288,14323,24157,11639,12518,13801,6673,7128,3451,1632,1819,
17280,13813,6567,7246,24168,11678,12490,27619,13290,14329,24164,11644,12520,13805,6675,7130,3452,1633,1819,
17285,13817,6570,7247,24175,11683,12492,27627,13292,14335,24171,11648,12523,13809,6678,7131,3453,1633,1820,
17290,13821,6571,7250,24182,11688,12494,27635,13297,14338,24178,11650,12528,13813,6681,7132,3454,1634,1820,
17295,13825,6572,7253,24189,11693,12496,27643,13301,14342,24185,11654,12531,13817,6682,7135,3455,1634,1821,
17300,13829,6574,7255,24196,11696,12500,27651,13303,14348,24192,11659,12533,13821,6686,7135,3456,1634,1822,
17305,13833,6578,7255,24203,11701,12502,27659,13306,14353,24199,11661,12538,13825,6687,7138,3457,1635,1822,
17310,13837,6582,7255,24210,11705,12505,27667,13311,14356,24206,11665,12541,13829,6689,7140,3458,1635,1823,
17315,13841,6582,7259,24217,11710,12507,27675,13315,14360,24213,11666,12547,13833,6692,7141,3459,1636,1823,
17320,13845,6583,7262,24224,11711,12513,27683,13320,14363,24220,11670,12550,13837,6695,7142,3460,1637,1823,
17325,13849,6585,7264,24231,11713,12518,27691,13324,14367,24227,11674,12553,13841,6697,7144,3461,1638,1823,
17330,13853,6587,7266,24238,11713,12525,27699,13329,14370,24234,11676,12558,13845,6699,7146,3462,1638,1824,
17335,13857,6588,7269,24245,11716,12529,27707,13333,14374,24241,11680,12561,13849,6702,7147,3463,1638,1825,
17340,13861,6591,7270,24252,11722,12530,27715,13339,14376,24248,11684,12564,13853,6703,7150,3464,1638,1826,
17345,13865,6593,7272,24259,11725,12534,27723,13342,14381,24255,11688,12567,13857,6706,7151,3465,1639,1826,
17350,13869,6597,7272,24266,11728,12538,27731,13346,14385,24262,11690,12572,13861,6708,7153,3466,1639,1827,
17355,13873,6599,7274,24273,11730,12543,27739,13347,14392,24269,11694,12575,13865,6710,7155,3467,1639,1828,
17360,13877,6601,7276,24280,11733,12547,27747,13348,14399,24276,11696,12580,13869,6711,7158,3468,1640,1828,
17365,13881,6603,7278,24287,11738,12549,27755,13353,14402,24283,11698,12585,13873,6713,7160,3469,1640,1829,
17370,13885,6604,7281,24294,11742,12552,27763,13357,14406,24290,11703,12587,13877,6716,7161,3470,1640,1830,
17375,13889,6606,7283,24301,11747,12554,27771,13361,14410,24297,11706,12591,13881,6720,7161,3471,1640,1831,
17380,13893,6607,7286,24308,11750,12558,27779,13365,14414,24304,11709,12595,13885,6723,7162,3472,1640,1832,
17385,13897,6609,7288,24315,11754,12561,27787,13367,14420,24311,11713,12598,13889,6724,7165,3473,1640,1833,
17390,13901,6613,7288,24322,11757,12565,27795,13370,14425,24318,11715,12603,13893,6725,7168,3474,1640,1834,
17395,13905,6614,7291,24329,11761,12568,27803,13374,14429,24325,11718,12607,13897,6728,7169,3475,1641,1834,
17400,13909,6616,7293,24336,11764,12572,27811,13377,14434,24332,11720,12612,13901,6732,7169,3476,1641,1835,
17405,13913,6616,7297,24343,11765,12578,27819,13383,14436,24339,11724,12615,13905,6734,7171,3477,1642,1835,
17410,13917,6618,7299,24350,11769,12581,27827,13387,14440,24346,11727,12619,13909,6736,7173,3478,1642,1836,
17415,13921,6620,7301,24357,11774,12583,27835,13388,14447,24353,11729,12624,13913,6738,7175,3479,1643,1836,
17420,13925,6621,7304,24364,11777,12587,27843,13389,14454,24360,11733,12627,13917,6740,7177,3480,1644,1836,
17425,13929,6624,7305,24371,11781,12590,27851,13392,14459,24367,11737,12630,13921,6741,7180,3481,1645,1836,
17430,13933,6626,7307,24378,11783,12595,27859,13395,14464,24374,11741,12633,13925,6744,7181,3482,1646,1836,
17435,13937,6628,7309,24385,11788,12597,27867,13397,14470,24381,11746,12635,13929,6747,7182,3483,1646,1837,
17440,13941,6631,7310,24392,11790,12602,27875,13401,14474,24388,11748,12640,13933,6749,7184,3484,1647,1837,
17445,13945,6633,7312,24399,11791,12608,27883,13403,14480,24395,11751,12644,13937,6750,7187,3485,1648,1837,
17450,13949,6635,7314,24406,11794,12612,27891,13406,14485,24402,11753,12649,13941,6754,7187,3486,1648,1838,
17455,13953,6636,7317,24413,11795,12618,27899,13408,14491,24409,11757,12652,13945,6755,7190,3487,1648,1839,
17460,13957,6637,7320,24420,11800,12620,27907,13411,14496,24416,11762,12654,13949,6757,7192,3488,1648,1840,
17465,13961,6639,7322,24427,11804,12623,27915,13414,14501,24423,11766,12657,13953,6759,7194,3489,1648,1841,
17470,13965,6641,7324,24434,11807,12627,27923,13418,14505,24430,11768,12662,13957,6763,7194,3490,1648,1842,
17475,13969,6642,7327,24441,11813,12628,27931,13424,14507,24437,11775,12662,13961,6765,7196,3491,1649,1842,
17480,13973,6643,7330,24448,11817,12631,27939,13427,14512,24444,11779,12665,13965,6769,7196,3492,1649,1843,
17485,13977,6646,7331,24455,11818,12637,27947,13431,14516,24451,11784,12667,13969,6770,7199,3493,1649,1844,
17490,13981,6648,7333,24462,11821,12641,27955,13434,14521,24458,11788,12670,13973,6772,7201,3494,1650,1844,
17495,13985,6650,7335,24469,11821,12648,27963,13440,14523,24465,11791,12674,13977,6773,7204,3495,1651,1844,
17500,13989,6652,7337,24476,11823,12653,27971,13443,14528,24472,11792,12680,13981,6775,7206,3496,1652,1844,
17505,13993,6654,7339,24483,11824,12659,27979,13447,14532,24479,11798,12681,13985,6776,7209,3497,1653,1844,
17510,13997,6655,7342,24490,11826,12664,27987,13451,14536,24486,11800,12686,13989,6777,7212,3498,1653,1845,
17515,14001,6658,7343,24497,11832,12665,27995,13456,14539,24493,11805,12688,13993,6779,7214,3499,1653,1846,
17520,14005,6659,7346,24504,11836,12668,28003,13463,14540,24500,11807,12693,13997,6782,7215,3500,1653,1847,
17525,14009,6660,7349,24511,11839,12672,28011,13465,14546,24507,11810,12697,14001,6784,7217,3501,1653,1848,
17530,14013,6661,7352,24518,11842,12676,28019,13469,14550,24514,11812,12702,14005,6786,7219,3502,1654,1848,
17535,14017,6661,7356,24525,11844,12681,28027,13473,14554,24521,11817,12704,14009,6790,7219,3503,1655,1848,
17540,14021,6663,7358,24532,11847,12685,28035,13478,14557,24528,11818,12710,14013,6794,7219,3504,1655,1849,
17545,14025,6665,7360,24539,11851,12688,28043,13480,14563,24535,11822,12713,14017,6798,7219,3505,1656,1849,
17550,14029,6669,7360,24546,11856,12690,28051,13483,14568,24542,11824,12718,14021,6799,7222,3506,1657,1849,
17555,14033,6670,7363,24553,11860,12693,28059,13486,14573,24549,11826,12723,14025,6802,7223,3507,1658,1849,
17560,14037,6672,7365,24560,11862,12698,28067,13492,14575,24556,11830,12726,14029,6805,7224,3508,1659,1849,
17565,14041,6675,7366,24567,11866,12701,28075,13498,14577,24563,11836,12727,14033,6806,7227,3509,1659,1850,
17570,14045,6677,7368,24574,11868,12706,28083,13503,14580,24570,11839,12731,14037,6808,7229,3510,1660,1850,
17575,14049,6679,7370,24581,11872,12709,28091,13509,14582,24577,11843,12734,14041,6811,7230,3511,1661,1850,
17580,14053,6682,7371,24588,11876,12712,28099,13513,14586,24584,11848,12736,14045,6811,7234,3512,1661,1851,
17585,14057,6685,7372,24595,11878,12717,28107,13518,14589,24591,11849,12742,14049,6814,7235,3513,1661,1852,
17590,14061,6687,7374,24602,11881,12721,28115,13520,14595,24598,11853,12745,14053,6816,7237,3514,1661,1853,
17595,14065,6689,7376,24609,11886,12723,28123,13523,14600,24605,11854,12751,14057,6818,7239,3515,1661,1854,
17600,14069,6691,7378,24616,11890,12726,28131,13526,14605,24612,11856,12756,14061,6820,7241,3516,1661,1855,
17605,14073,6692,7381,24623,11891,12732,28139,13528,14611,24619,11861,12758,14065,6823,7242,3517,1662,1855,
17610,14077,6694,7383,24630,11894,12736,28147,13531,14616,24626,11862,12764,14069,6826,7243,3518,1662,1856,
17615,14081,6695,7386,24637,11897,12740,28155,13535,14620,24633,11865,12768,14073,6830,7243,3519,1663,1856,
17620,14085,6697,7388,24644,11899,12745,28163,13538,14625,24640,11869,12771,14077,6832,7245,3520,1664,1856,
17625,14089,6700,7389,24651,11901,12750,28171,13543,14628,24647,11873,12774,14081,6835,7246,3521,1665,1856,
17630,14093,6703,7390,24658,11905,12753,28179,13547,14632,24654,11876,12778,14085,6838,7247,3522,1666,1856,
17635,14097,6705,7392,24665,11909,12756,28187,13549,14638,24661,11879,12782,14089,6842,7247,3523,1666,1857,
17640,14101,6707,7394,24672,11911,12761,28195,13553,14642,24668,11884,12784,14093,6844,7249,3524,1666,1858,
17645,14105,6708,7397,24679,11915,12764,28203,13558,14645,24675,11886,12789,14097,6844,7253,3525,1667,1858,
17650,14109,6709,7400,24686,11918,12768,28211,13561,14650,24682,11888,12794,14101,6848,7253,3526,1667,1859,
17655,14113,6709,7404,24693,11920,12773,28219,13562,14657,24689,11889,12800,14105,6851,7254,3527,1667,1860,
17660,14117,6711,7406,24700,11924,12776,28227,13566,14661,24696,11893,12803,14109,6852,7257,3528,1667,1861,
17665,14121,6714,7407,24707,11927,12780,28235,13569,14666,24703,11898,12805,14113,6852,7261,3529,1667,1862,
17670,14125,6717,7408,24714,11930,12784,28243,13573,14670,24710,11901,12809,14117,6854,7263,3530,1668,1862,
17675,14129,6719,7410,24721,11933,12788,28251,13576,14675,24717,11903,12814,14121,6855,7266,3531,1669,1862,
17680,14133,6722,7411,24728,11937,12791,28259,13577,14682,24724,11905,12819,14125,6857,7268,3532,1669,1863,
17685,14137,6725,7412,24735,11940,12795,28267,13583,14684,24731,11908,12823,14129,6860,7269,3533,1669,1864,
17690,14141,6727,7414,24742,11944,12798,28275,13585,14690,24738,11911,12827,14133,6861,7272,3534,1670,1864,
17695,14145,6731,7414,24749,11951,12798,28283,13589,14694,24745,11916,12829,14137,6864,7273,3535,1670,1865,
17700,14149,6733,7416,24756,11954,12802,28291,13593,14698,24752,11918,12834,14141,6866,7275,3536,1670,1866,
17705,14153,6733,7420,24763,11957,12806,28299,13598,14701,24759,11923,12836,14145,6869,7276,3537,1671,1866,
17710,14157,6735,7422,24770,11960,12810,28307,13601,14706,24766,11927,12839,14149,6871,7278,3538,1672,1866,
17715,14161,6737,7424,24777,11964,12813,28315,13604,14711,24773,11931,12842,14153,6871,7282,3539,1672,1867,
17720,14165,6739,7426,24784,11968,12816,28323,13608,14715,24780,11933,12847,14157,6875,7282,3540,1673,1867,
17725,14169,6739,7430,24791,11973,12818,28331,13615,14716,24787,11939,12848,14161,6876,7285,3541,1674,1867,
17730,14173,6741,7432,24798,11979,12819,28339,13620,14719,24794,11944,12850,14165,6879,7286,3542,1675,1867,
17735,14177,6741,7436,24805,11985,12820,28347,13626,14721,24801,11948,12853,14169,6879,7290,3543,1675,1868,
17740,14181,6744,7437,24812,11989,12823,28355,13629,14726,24808,11955,12853,14173,6880,7293,3544,1676,1868,
17745,14185,6745,7440,24819,11993,12826,28363,13632,14731,24815,11957,12858,14177,6882,7295,3545,1676,1869,
17750,14189,6745,7444,24826,11995,12831,28371,13638,14733,24822,11960,12862,14181,6883,7298,3546,1677,1869,
17755,14193,6748,7445,24833,11998,12835,28379,13642,14737,24829,11961,12868,14185,6885,7300,3547,1677,1870,
17760,14197,6751,7446,24840,12005,12835,28387,13648,14739,24836,11963,12873,14189,6888,7301,3548,1678,1870,
17765,14201,6754,7447,24847,12009,12838,28395,13654,14741,24843,11966,12877,14193,6891,7302,3549,1679,1870,
17770,14205,6755,7450,24854,12013,12841,28403,13659,14744,24850,11966,12884,14197,6891,7306,3550,1680,1870,
17775,14209,6757,7452,24861,12016,12845,28411,13662,14749,24857,11967,12890,14201,6895,7306,3551,1680,1871,
17780,14213,6759,7454,24868,12022,12846,28419,13668,14751,24864,11971,12893,14205,6897,7308,3552,1681,1871,
17785,14217,6762,7455,24875,12025,12850,28427,13669,14758,24871,11977,12894,14209,6900,7309,3553,1681,1872,
17790,14221,6764,7457,24882,12030,12852,28435,13672,14763,24878,11982,12896,14213,6901,7312,3554,1682,1872,
17795,14225,6765,7460,24889,12035,12854,28443,13673,14770,24885,11985,12900,14217,6903,7314,3555,1683,1872,
17800,14229,6768,7461,24896,12040,12856,28451,13680,14771,24892,11988,12904,14221,6904,7317,3556,1683,1873,
17805,14233,6770,7463,24903,12043,12860,28459,13683,14776,24899,11993,12906,14225,6905,7320,3557,1683,1874,
17810,14237,6773,7464,24910,12047,12863,28467,13687,14780,24906,11999,12907,14229,6907,7322,3558,1684,1874,
17815,14241,6775,7466,24917,12050,12867,28475,13693,14782,24913,12004,12909,14233,6908,7325,3559,1685,1874,
17820,14245,6778,7467,24924,12053,12871,28483,13699,14784,24920,12007,12913,14237,6911,7326,3560,1686,1874,
17825,14249,6780,7469,24931,12057,12874,28491,13706,14785,24927,12010,12917,14241,6913,7328,3561,1686,1875,
17830,14253,6782,7471,24938,12061,12877,28499,13711,14788,24934,12013,12921,14245,6915,7330,3562,1687,1875,
17835,14257,6784,7473,24945,12065,12880,28507,13716,14791,24941,12015,12926,14249,6918,7331,3563,1688,1875,
17840,14261,6786,7475,24952,12068,12884,28515,13720,14795,24948,12018,12930,14253,6921,7332,3564,1689,1875,
17845,14265,6788,7477,24959,12069,12890,28523,13725,14798,24955,12021,12934,14257,6924,7333,3565,1689,1876,
17850,14269,6788,7481,24966,12073,12893,28531,13726,14805,24962,12022,12940,14261,6925,7336,3566,1690,1876,
17855,14273,6790,7483,24973,12075,12898,28539,13731,14808,24969,12024,12945,14265,6926,7339,3567,1691,1876,
17860,14277,6792,7485,24980,12079,12901,28547,13732,14815,24976,12028,12948,14269,6929,7340,3568,1691,1877,
17865,14281,6794,7487,24987,12080,12907,28555,13735,14820,24983,12030,12953,14273,6931,7342,3569,1691,1878,
17870,14285,6798,7487,24994,12084,12910,28563,13737,14826,24990,12032,12958,14277,6935,7342,3570,1692,1878,
17875,14289,6799,7490,25001,12089,12912,28571,13740,14831,24997,12036,12961,14281,6938,7343,3571,1693,1878,
17880,14293,6802,7491,25008,12093,12915,28579,13743,14836,25004,12039,12965,14285,6939,7346,3572,1693,1879,
17885,14297,6804,7493,25015,12096,12919,28587,13746,14841,25011,12042,12969,14289,6942,7347,3573,1693,1880,
17890,14301,6807,7494,25022,12101,12921,28595,13750,14845,25018,12044,12974,14293,6943,7350,3574,1693,1881,
17895,14305,6810,7495,25029,12105,12924,28603,13755,14848,25025,12048,12977,14297,6945,7352,3575,1694,1881,
17900,14309,6812,7497,25036,12109,12927,28611,13759,14852,25032,12051,12981,14301,6947,7354,3576,1695,1881,
17905,14313,6813,7500,25043,12114,12929,28619,13763,14856,25039,12055,12984,14305,6949,7356,3577,1695,1882,
17910,14317,6816,7501,25050,12117,12933,28627,13769,14858,25046,12056,12990,14309,6950,7359,3578,1695,1883,
17915,14321,6818,7503,25057,12121,12936,28635,13772,14863,25053,12059,12994,14313,6952,7361,3579,1696,1883,
17920,14325,6821,7504,25064,12124,12940,28643,13779,14864,25060,12063,12997,14317,6954,7363,3580,1697,1883,
17925,14329,6822,7507,25071,12128,12943,28651,13782,14869,25067,12065,13002,14321,6957,7364,3581,1698,1883,
17930,14333,6825,7508,25078,12131,12947,28659,13784,14875,25074,12069,13005,14325,6958,7367,3582,1698,1884,
17935,14337,6827,7510,25085,12133,12952,28667,13786,14881,25081,12072,13009,14329,6960,7369,3583,1698,1885,
17940,14341,6828,7513,25092,12136,12956,28675,13790,14885,25088,12075,13013,14333,6963,7370,3584,1699,1885,
17945,14345,6829,7516,25099,12138,12961,28683,13793,14890,25095,12076,13019,14337,6964,7373,3585,1699,1886,
17950,14349,6830,7519,25106,12145,12961,28691,13796,14895,25102,12081,13021,14341,6967,7374,3586,1700,1886,
17955,14353,6832,7521,25113,12149,12964,28699,13801,14898,25109,12087,13022,14345,6969,7376,3587,1700,1887,
17960,14357,6833,7524,25120,12154,12966,28707,13806,14901,25116,12092,13024,14349,6971,7378,3588,1700,1888,
17965,14361,6834,7527,25127,12156,12971,28715,13810,14905,25123,12096,13027,14353,6972,7381,3589,1700,1889,
17970,14365,6834,7531,25134,12159,12975,28723,13814,14909,25130,12100,13030,14357,6975,7382,3590,1700,1890,
17975,14369,6834,7535,25141,12165,12976,28731,13819,14912,25137,12102,13035,14361,6975,7386,3591,1700,1891,
17980,14373,6837,7536,25148,12170,12978,28739,13821,14918,25144,12105,13039,14365,6977,7388,3592,1700,1892,
17985,14377,6840,7537,25155,12174,12981,28747,13823,14924,25151,12109,13042,14369,6980,7389,3593,1701,1892,
17990,14381,6841,7540,25162,12179,12983,28755,13826,14929,25158,12111,13047,14373,6981,7392,3594,1701,1893,
17995,14385,6843,7542,25169,12182,12987,28763,13829,14934,25165,12114,13051,14377,6983,7394,3595,1701,1894,
18000,14389,6846,7543,25176,12184,12992,28771,13830,14941,25172,12118,13054,14381,6985,7396,3596,1702,1894,
18005,14393,6848,7545,25183,12186,12997,28779,13833,14946,25179,12124,13055,14385,6987,7398,3597,1702,1895,
18010,14397,6850,7547,25190,12188,13002,28787,13836,14951,25186,12127,13059,14389,6987,7402,3598,1703,1895,
18015,14401,6853,7548,25197,12191,13006,28795,13840,14955,25193,12130,13063,14393,6988,7405,3599,1703,1896,
18020,14405,6856,7549,25204,12194,13010,28803,13844,14959,25200,12136,13064,14397,6989,7408,3600,1704,1896,
18025,14409,6858,7551,25211,12195,13016,28811,13848,14963,25207,12142,13065,14401,6989,7412,3601,1705,1896,
18030,14413,6860,7553,25218,12200,13018,28819,13853,14966,25214,12146,13068,14405,6990,7415,3602,1705,1897,
18035,14417,6864,7553,25225,12204,13021,28827,13860,14967,25221,12149,13072,14409,6992,7417,3603,1706,1897,
18040,14421,6866,7555,25232,12206,13026,28835,13864,14971,25228,12152,13076,14413,6994,7419,3604,1707,1897,
18045,14425,6868,7557,25239,12210,13029,28843,13868,14975,25235,12155,13080,14417,6996,7421,3605,1708,1897,
18050,14429,6870,7559,25246,12215,13031,28851,13873,14978,25242,12159,13083,14421,6998,7423,3606,1708,1898,
18055,14433,6870,7563,25253,12220,13033,28859,13876,14983,25249,12163,13086,14425,7000,7425,3607,1708,1899,
18060,14437,6872,7565,25260,12226,13034,28867,13881,14986,25256,12165,13091,14429,7001,7428,3608,1708,1900,
18065,14441,6874,7567,25267,12230,13037,28875,13884,14991,25263,12169,13094,14433,7004,7429,3609,1709,1900,
18070,14445,6876,7569,25274,12233,13041,28883,13886,14997,25270,12172,13098,14437,7005,7432,3610,1709,1901,
18075,14449,6877,7572,25281,12236,13045,28891,13892,14999,25277,12174,13103,14441,7006,7435,3611,1710,1901,
18080,14453,6878,7575,25288,12238,13050,28899,13896,15003,25284,12176,13108,14445,7007,7438,3612,1710,1902,
18085,14457,6880,7577,25295,12244,13051,28907,13902,15005,25291,12179,13112,14449,7011,7438,3613,1711,1902,
18090,14461,6882,7579,25302,12246,13056,28915,13905,15010,25298,12181,13117,14453,7013,7440,3614,1711,1903,
18095,14465,6884,7581,25309,12251,13058,28923,13908,15015,25305,12185,13120,14457,7014,7443,3615,1712,1903,
18100,14469,6886,7583,25316,12256,13060,28931,13911,15020,25312,12189,13123,14461,7014,7447,3616,1712,1904,
18105,14473,6888,7585,25323,12259,13064,28939,13915,15024,25319,12192,13127,14465,7017,7448,3617,1712,1905,
18110,14477,6889,7588,25330,12262,13068,28947,13916,15031,25326,12195,13131,14469,7018,7451,3618,1713,1905,
18115,14481,6889,7592,25337,12266,13071,28955,13921,15034,25333,12201,13132,14473,7019,7454,3619,1714,1905,
18120,14485,6891,7594,25344,12270,13074,28963,13926,15037,25340,12204,13136,14477,7021,7456,3620,1714,1906,
18125,14489,6893,7596,25351,12275,13076,28971,13930,15041,25347,12208,13139,14481,7022,7459,3621,1715,1906,
18130,14493,6894,7599,25358,12279,13079,28979,13934,15045,25354,12210,13144,14485,7024,7461,3622,1715,1907,
18135,14497,6897,7600,25365,12280,13085,28987,13938,15049,25361,12215,13146,14489,7026,7463,3623,1716,1907,
18140,14501,6899,7602,25372,12285,13087,28995,13940,15055,25368,12218,13150,14493,7030,7463,3624,1716,1908,
18145,14505,6899,7606,25379,12289,13090,29003,13943,15060,25375,12221,13154,14497,7031,7466,3625,1716,1909,
18150,14509,6901,7608,25386,12291,13095,29011,13946,15065,25382,12227,13155,14501,7032,7469,3626,1716,1910,
18155,14513,6904,7609,25393,12295,13098,29019,13948,15071,25389,12232,13157,14505,7035,7470,3627,1716,1911,
18160,14517,6907,7610,25400,12300,13100,29027,13951,15076,25396,12235,13161,14509,7038,7471,3628,1716,1912,
18165,14521,6909,7612,25407,12302,13105,29035,13953,15082,25403,12238,13165,14513,7041,7472,3629,1717,1912,
18170,14525,6912,7613,25414,12303,13111,29043,13955,15088,25410,12240,13170,14517,7042,7475,3630,1717,1913,
18175,14529,6914,7615,25421,12306,13115,29051,13959,15092,25417,12245,13172,14521,7045,7476,3631,1718,1913,
18180,14533,6916,7617,25428,12309,13119,29059,13962,15097,25424,12248,13176,14525,7048,7477,3632,1718,1914,
18185,14537,6919,7618,25435,12313,13122,29067,13967,15100,25431,12250,13181,14529,7050,7479,3633,1718,1915,
18190,14541,6920,7621,25442,12316,13126,29075,13971,15104,25438,12252,13186,14533,7054,7479,3634,1718,1916,
18195,14545,6923,7622,25449,12319,13130,29083,13974,15109,25445,12256,13189,14537,7057,7480,3635,1718,1917,
18200,14549,6926,7623,25456,12320,13136,29091,13981,15110,25452,12260,13192,14541,7057,7484,3636,1719,1917,
18205,14553,6927,7626,25463,12324,13139,29099,13986,15113,25459,12262,13197,14545,7058,7487,3637,1720,1917,
18210,14557,6929,7628,25470,12327,13143,29107,13991,15116,25466,12266,13200,14549,7061,7488,3638,1720,1918,
18215,14561,6930,7631,25477,12329,13148,29115,13994,15121,25473,12269,13204,14553,7062,7491,3639,1721,1918,
18220,14565,6931,7634,25484,12334,13150,29123,13997,15126,25480,12271,13209,14557,7064,7493,3640,1722,1918,
18225,14569,6933,7636,25491,12336,13155,29131,14003,15128,25487,12275,13212,14561,7065,7496,3641,1722,1919,
18230,14573,6934,7639,25498,12339,13159,29139,14005,15134,25494,12278,13216,14565,7067,7498,3642,1722,1920,
18235,14577,6937,7640,25505,12341,13164,29147,14006,15141,25501,12281,13220,14569,7069,7500,3643,1723,1920,
18240,14581,6939,7642,25512,12342,13170,29155,14009,15146,25508,12287,13221,14573,7070,7503,3644,1724,1920,
18245,14585,6941,7644,25519,12346,13173,29163,14017,15146,25515,12290,13225,14577,7074,7503,3645,1725,1920,
18250,14589,6944,7645,25526,12351,13175,29171,14018,15153,25522,12293,13229,14581,7075,7506,3646,1725,1921,
18255,14593,6945,7648,25533,12352,13181,29179,14020,15159,25529,12297,13232,14585,7078,7507,3647,1725,1922,
18260,14597,6948,7649,25540,12357,13183,29187,14022,15165,25536,12298,13238,14589,7081,7508,3648,1726,1922,
18265,14601,6949,7652,25547,12361,13186,29195,14025,15170,25543,12303,13240,14593,7082,7511,3649,1726,1923,
18270,14605,6951,7654,25554,12365,13189,29203,14028,15175,25550,12306,13244,14597,7084,7513,3650,1727,1923,
18275,14609,6954,7655,25561,12366,13195,29211,14032,15179,25557,12308,13249,14601,7086,7515,3651,1728,1923,
18280,14613,6955,7658,25568,12368,13200,29219,14035,15184,25564,12311,13253,14605,7089,7516,3652,1729,1923,
18285,14617,6955,7662,25575,12372,13203,29227,14037,15190,25571,12314,13257,14609,7093,7516,3653,1730,1923,
18290,14621,6957,7664,25582,12376,13206,29235,14043,15192,25578,12318,13260,14613,7097,7516,3654,1730,1924,
18295,14625,6959,7666,25589,12380,13209,29243,14047,15196,25585,12322,13263,14617,7100,7517,3655,1731,1924,
18300,14629,6961,7668,25596,12384,13212,29251,14051,15200,25592,12326,13266,14621,7101,7520,3656,1732,1924,
18305,14633,6963,7670,25603,12387,13216,29259,14055,15204,25599,12328,13271,14625,7104,7521,3657,1732,1925,
18310,14637,6964,7673,25610,12390,13220,29267,14060,15207,25606,12333,13273,14629,7106,7523,3658,1733,1925,
18315,14641,6966,7675,25617,12394,13223,29275,14064,15211,25613,12338,13275,14633,7107,7526,3659,1734,1925,
18320,14645,6969,7676,25624,12395,13229,29283,14068,15215,25620,12340,13280,14637,7109,7528,3660,1735,1925,
18325,14649,6971,7678,25631,12397,13234,29291,14070,15221,25627,12343,13284,14641,7111,7530,3661,1736,1925,
18330,14653,6972,7681,25638,12400,13238,29299,14072,15227,25634,12347,13287,14645,7114,7531,3662,1736,1926,
18335,14657,6975,7682,25645,12404,13241,29307,14076,15231,25641,12351,13290,14649,7116,7533,3663,1737,1926,
18340,14661,6977,7684,25652,12406,13246,29315,14080,15235,25648,12352,13296,14653,7118,7535,3664,1737,1927,
18345,14665,6979,7686,25659,12411,13248,29323,14086,15237,25655,12356,13299,14657,7120,7537,3665,1737,1928,
18350,14669,6982,7687,25666,12412,13254,29331,14086,15245,25662,12360,13302,14661,7123,7538,3666,1738,1928,
18355,14673,6984,7689,25673,12413,13260,29339,14091,15248,25669,12363,13306,14665,7124,7541,3667,1739,1928,
18360,14677,6986,7691,25680,12418,13262,29347,14097,15250,25676,12367,13309,14669,7127,7542,3668,1740,1928,
18365,14681,6987,7694,25687,12423,13264,29355,14101,15254,25683,12369,13314,14673,7127,7546,3669,1741,1928,
18370,14685,6988,7697,25694,12426,13268,29363,14103,15260,25690,12375,13315,14677,7128,7549,3670,1742,1928,
18375,14689,6988,7701,25701,12430,13271,29371,14109,15262,25697,12379,13318,14681,7129,7552,3671,1742,1929,
18380,14693,6989,7704,25708,12432,13276,29379,14114,15265,25704,12383,13321,14685,7130,7555,3672,1742,1930,
18385,14697,6991,7706,25715,12436,13279,29387,14118,15269,25711,12386,13325,14689,7132,7557,3673,1742,1931,
18390,14701,6993,7708,25722,12436,13286,29395,14123,15272,25718,12391,13327,14693,7133,7560,3674,1743,1931,
18395,14705,6995,7710,25729,12441,13288,29403,14127,15276,25725,12395,13330,14697,7135,7562,3675,1744,1931,
18400,14709,6995,7714,25736,12443,13293,29411,14132,15279,25732,12400,13332,14701,7138,7563,3676,1745,1931,
18405,14713,6995,7718,25743,12446,13297,29419,14136,15283,25739,12402,13337,14705,7140,7565,3677,1745,1932,
18410,14717,6997,7720,25750,12449,13301,29427,14139,15288,25746,12403,13343,14709,7142,7567,3678,1745,1933,
18415,14721,7000,7721,25757,12452,13305,29435,14144,15291,25753,12407,13346,14713,7145,7568,3679,1746,1933,
18420,14725,7001,7724,25764,12454,13310,29443,14148,15295,25760,12409,13351,14717,7147,7570,3680,1746,1934,
18425,14729,7001,7728,25771,12455,13316,29451,14152,15299,25767,12413,13354,14721,7149,7572,3681,1747,1934,
18430,14733,7003,7730,25778,12457,13321,29459,14155,15304,25774,12416,13358,14725,7152,7573,3682,1748,1934,
18435,14737,7005,7732,25785,12460,13325,29467,14160,15307,25781,12417,13364,14729,7154,7575,3683,1748,1935,
18440,14741,7006,7735,25792,12462,13330,29475,14162,15313,25788,12422,13366,14733,7154,7579,3684,1749,1935,
18445,14745,7007,7738,25799,12465,13334,29483,14168,15315,25795,12425,13370,14737,7156,7581,3685,1750,1935,
18450,14749,7009,7740,25806,12469,13337,29491,14172,15319,25802,12430,13372,14741,7157,7584,3686,1750,1936,
18455,14753,7011,7742,25813,12471,13342,29499,14173,15326,25809,12434,13375,14745,7161,7584,3687,1750,1937,
18460,14757,7013,7744,25820,12474,13346,29507,14175,15332,25816,12440,13376,14749,7163,7586,3688,1750,1938,
18465,14761,7015,7746,25827,12479,13348,29515,14179,15336,25823,12440,13383,14753,7164,7589,3689,1750,1939,
18470,14765,7018,7747,25834,12483,13351,29523,14182,15341,25830,12443,13387,14757,7166,7591,3690,1751,1939,
18475,14769,7021,7748,25841,12487,13354,29531,14187,15344,25837,12447,13390,14761,7169,7592,3691,1751,1940,
18480,14773,7024,7749,25848,12490,13358,29539,14192,15347,25844,12450,13394,14765,7172,7593,3692,1751,1941,
18485,14777,7025,7752,25855,12494,13361,29547,14195,15352,25851,12452,13399,14769,7176,7593,3693,1751,1942,
18490,14781,7026,7755,25862,12499,13363,29555,14200,15355,25858,12455,13403,14773,7176,7597,3694,1751,1943,
18495,14785,7028,7757,25869,12501,13368,29563,14203,15360,25865,12458,13407,14777,7178,7599,3695,1751,1944,
18500,14789,7030,7759,25876,12504,13372,29571,14210,15361,25872,12461,13411,14781,7180,7601,3696,1751,1945,
18505,14793,7030,7763,25883,12509,13374,29579,14214,15365,25879,12466,13413,14785,7181,7604,3697,1752,1945,
18510,14797,7031,7766,25890,12513,13377,29587,14217,15370,25886,12468,13418,14789,7184,7605,3698,1753,1945,
18515,14801,7033,7768,25897,12518,13379,29595,14223,15372,25893,12470,13423,14793,7188,7605,3699,1753,1946,
18520,14805,7034,7771,25904,12521,13383,29603,14226,15377,25900,12475,13425,14797,7190,7607,3700,1753,1947,
18525,14809,7034,7775,25911,12526,13385,29611,14229,15382,25907,12479,13428,14801,7191,7610,3701,1754,1947,
18530,14813,7035,7778,25918,12531,13387,29619,14233,15386,25914,12481,13433,14805,7194,7611,3702,1755,1947,
18535,14817,7037,7780,25925,12537,13388,29627,14238,15389,25921,12485,13436,14809,7195,7614,3703,1755,1948,
18540,14821,7040,7781,25932,12540,13392,29635,14239,15396,25928,12489,13439,14813,7196,7617,3704,1755,1949,
18545,14825,7043,7782,25939,12544,13395,29643,14243,15400,25935,12491,13444,14817,7198,7619,3705,1756,1949,
18550,14829,7046,7783,25946,12548,13398,29651,14249,15402,25942,12492,13450,14821,7199,7622,3706,1756,1950,
18555,14833,7048,7785,25953,12551,13402,29659,14253,15406,25949,12495,13454,14825,7202,7623,3707,1756,1951,
18560,14837,7051,7786,25960,12557,13403,29667,14256,15411,25956,12499,13457,14829,7204,7625,3708,1756,1952,
18565,14841,7053,7788,25967,12559,13408,29675,14259,15416,25963,12502,13461,14833,7205,7628,3709,1756,1953,
18570,14845,7056,7789,25974,12562,13412,29683,14261,15422,25970,12506,13464,14837,7206,7631,3710,1756,1954,
18575,14849,7059,7790,25981,12564,13417,29691,14265,15426,25977,12509,13468,14841,7210,7631,3711,1757,1954,
18580,14853,7062,7791,25988,12566,13422,29699,14270,15429,25984,12512,13472,14845,7211,7634,3712,1757,1955,
18585,14857,7065,7792,25995,12567,13428,29707,14275,15432,25991,12515,13476,14849,7212,7637,3713,1758,1955,
18590,14861,7067,7794,26002,12572,13430,29715,14281,15434,25998,12517,13481,14853,7213,7640,3714,1758,1956,
18595,14865,7069,7796,26009,12575,13434,29723,14284,15439,26005,12522,13483,14857,7215,7642,3715,1758,1957,
18600,14869,7071,7798,26016,12581,13435,29731,14288,15443,26012,12524,13488,14861,7218,7643,3716,1758,1958,
18605,14873,7073,7800,26023,12585,13438,29739,14290,15449,26019,12530,13489,14865,7219,7646,3717,1758,1959,
18610,14877,7074,7803,26030,12590,13440,29747,14295,15452,26026,12532,13494,14869,7222,7647,3718,1758,1960,
18615,14881,7076,7805,26037,12593,13444,29755,14297,15458,26033,12536,13497,14873,7223,7650,3719,1758,1961,
18620,14885,7079,7806,26044,12598,13446,29763,14299,15464,26040,12537,13503,14877,7224,7653,3720,1758,1962,
18625,14889,7081,7808,26051,12602,13449,29771,14302,15469,26047,12543,13504,14881,7224,7657,3721,1758,1963,
18630,14893,7083,7810,26058,12606,13452,29779,14304,15475,26054,12547,13507,14885,7225,7660,3722,1758,1964,
18635,14897,7085,7812,26065,12609,13456,29787,14307,15480,26061,12550,13511,14889,7227,7662,3723,1758,1965,
18640,14901,7086,7815,26072,12613,13459,29795,14312,15483,26068,12554,13514,14893,7228,7665,3724,1759,1965,
18645,14905,7088,7817,26079,12615,13464,29803,14316,15487,26075,12559,13516,14897,7230,7667,3725,1759,1966,
18650,14909,7090,7819,26086,12618,13468,29811,14319,15492,26082,12564,13518,14901,7233,7668,3726,1760,1966,
18655,14913,7092,7821,26093,12620,13473,29819,14323,15496,26089,12568,13521,14905,7236,7669,3727,1761,1966,
18660,14917,7092,7825,26100,12623,13477,29827,14326,15501,26096,12571,13525,14909,7238,7671,3728,1761,1967,
18665,14921,7095,7826,26107,12627,13480,29835,14331,15504,26103,12573,13530,14913,7238,7675,3729,1762,1967,
18670,14925,7096,7829,26114,12630,13484,29843,14335,15508,26110,12578,13532,14917,7241,7676,3730,1762,1968,
18675,14929,7099,7830,26121,12633,13488,29851,14340,15511,26117,12584,13533,14921,7242,7679,3731,1762,1969,
18680,14933,7103,7830,26128,12636,13492,29859,14345,15514,26124,12586,13538,14925,7243,7682,3732,1763,1969,
18685,14937,7104,7833,26135,12638,13497,29867,14349,15518,26131,12588,13543,14929,7246,7683,3733,1764,1969,
18690,14941,7105,7836,26142,12643,13499,29875,14352,15523,26138,12591,13547,14933,7247,7686,3734,1764,1970,
18695,14945,7107,7838,26149,12645,13504,29883,14355,15528,26145,12595,13550,14937,7250,7687,3735,1764,1971,
18700,14949,7110,7839,26156,12648,13508,29891,14356,15535,26152,12598,13554,14941,7254,7687,3736,1765,1971,
18705,14953,7113,7840,26163,12655,13508,29899,14359,15540,26159,12600,13559,14945,7256,7689,3737,1765,1972,
18710,14957,7114,7843,26170,12657,13513,29907,14364,15543,26166,12602,13564,14949,7257,7692,3738,1766,1972,
18715,14961,7115,7846,26177,12662,13515,29915,14369,15546,26173,12607,13566,14953,7260,7693,3739,1767,1972,
18720,14965,7116,7849,26184,12664,13520,29923,14372,15551,26180,12610,13570,14957,7263,7694,3740,1768,1972,
18725,14969,7117,7852,26191,12669,13522,29931,14379,15552,26187,12614,13573,14961,7266,7695,3741,1768,1973,
18730,14973,7118,7855,26198,12672,13526,29939,14385,15554,26194,12617,13577,14965,7268,7697,3742,1769,1973,
18735,14977,7120,7857,26205,12673,13532,29947,14387,15560,26201,12620,13581,14969,7271,7698,3743,1769,1974,
18740,14981,7123,7858,26212,12678,13534,29955,14391,15564,26208,12625,13583,14973,7273,7700,3744,1770,1974,
18745,14985,7126,7859,26219,12679,13540,29963,14398,15565,26215,12629,13586,14977,7276,7701,3745,1771,1974,
18750,14989,7127,7862,26226,12683,13543,29971,14403,15568,26222,12632,13590,14981,7279,7702,3746,1772,1974,
18755,14993,7127,7866,26233,12685,13548,29979,14406,15573,26229,12635,13594,14985,7282,7703,3747,1773,1974,
18760,14997,7130,7867,26240,12689,13551,29987,14412,15575,26236,12637,13599,14989,7282,7707,3748,1774,1974,
18765,15001,7131,7870,26247,12694,13553,29995,14418,15577,26243,12642,13601,14993,7284,7709,3749,1775,1974,
18770,15005,7132,7873,26254,12698,13556,30003,14424,15579,26250,12646,13604,14997,7285,7712,3750,1775,1975,
18775,15009,7133,7876,26261,12703,13558,30011,14427,15584,26257,12648,13609,15001,7288,7713,3751,1775,1976,
18780,15013,7134,7879,26268,12704,13564,30019,14434,15585,26264,12652,13612,15005,7292,7713,3752,1775,1977,
18785,15017,7137,7880,26275,12705,13570,30027,14439,15588,26271,12656,13615,15009,7292,7717,3753,1775,1978,
18790,15021,7139,7882,26282,12709,13573,30035,14442,15593,26278,12659,13619,15013,7293,7720,3754,1776,1978,
18795,15025,7140,7885,26289,12712,13577,30043,14445,15598,26285,12665,13620,15017,7295,7722,3755,1777,1978,
18800,15029,7142,7887,26296,12716,13580,30051,14449,15602,26292,12668,13624,15021,7298,7723,3756,1777,1979,
18805,15033,7144,7889,26303,12720,13583,30059,14451,15608,26299,12673,13626,15025,7300,7725,3757,1778,1979,
18810,15037,7146,7891,26310,12725,13585,30067,14454,15613,26306,12675,13631,15029,7302,7727,3758,1779,1979,
18815,15041,7148,7893,26317,12728,13589,30075,14458,15617,26313,12680,13633,15033,7303,7730,3759,1779,1980,
18820,15045,7149,7896,26324,12733,13591,30083,14462,15621,26320,12684,13636,15037,7303,7734,3760,1779,1981,
18825,15049,7151,7898,26331,12736,13595,30091,14465,15626,26327,12686,13641,15041,7305,7736,3761,1780,1981,
18830,15053,7154,7899,26338,12738,13600,30099,14468,15631,26334,12690,13644,15045,7306,7739,3762,1781,1981,
18835,15057,7156,7901,26345,12742,13603,30107,14472,15635,26341,12694,13647,15049,7309,7740,3763,1782,1981,
18840,15061,7156,7905,26352,12747,13605,30115,14476,15639,26348,12696,13652,15053,7310,7743,3764,1783,1981,
18845,15065,7158,7907,26359,12749,13610,30123,14479,15644,26355,12698,13657,15057,7311,7746,3765,1783,1982,
18850,15069,7161,7908,26366,12751,13615,30131,14484,15647,26362,12698,13664,15061,7314,7747,3766,1783,1983,
18855,15073,7161,7912,26373,12756,13617,30139,14486,15653,26369,12702,13667,15065,7317,7748,3767,1783,1984,
18860,15077,7162,7915,26380,12760,13620,30147,14491,15656,26376,12704,13672,15069,7320,7749,3768,1783,1985,
18865,15081,7163,7918,26387,12765,13622,30155,14492,15663,26383,12708,13675,15073,7321,7752,3769,1783,1986,
18870,15085,7165,7920,26394,12769,13625,30163,14495,15668,26390,12710,13680,15077,7322,7755,3770,1784,1986,
18875,15089,7167,7922,26401,12772,13629,30171,14499,15672,26397,12714,13683,15081,7324,7757,3771,1784,1987,
18880,15093,7168,7925,26408,12776,13632,30179,14503,15676,26404,12718,13686,15085,7326,7759,3772,1785,1987,
18885,15097,7169,7928,26415,12777,13638,30187,14504,15683,26411,12722,13689,15089,7329,7760,3773,1785,1988,
18890,15101,7171,7930,26422,12780,13642,30195,14508,15687,26418,12724,13694,15093,7332,7761,3774,1785,1989,
18895,15105,7173,7932,26429,12784,13645,30203,14510,15693,26425,12728,13697,15097,7335,7762,3775,1785,1990,
18900,15109,7175,7934,26436,12785,13651,30211,14514,15697,26432,12732,13700,15101,7337,7764,3776,1786,1990,
18905,15113,7178,7935,26443,12788,13655,30219,14518,15701,26439,12737,13702,15105,7337,7768,3777,1786,1991,
18910,15117,7181,7936,26450,12792,13658,30227,14521,15706,26446,12739,13707,15109,7341,7768,3778,1787,1991,
18915,15121,7182,7939,26457,12797,13660,30235,14524,15711,26453,12744,13709,15113,7342,7771,3779,1788,1991,
18920,15125,7184,7941,26464,12803,13661,30243,14527,15716,26460,12747,13713,15117,7344,7773,3780,1788,1992,
18925,15129,7186,7943,26471,12806,13665,30251,14530,15721,26467,12751,13716,15121,7346,7775,3781,1789,1992,
18930,15133,7189,7944,26478,12810,13668,30259,14534,15725,26474,12754,13720,15125,7347,7778,3782,1789,1993,
18935,15137,7190,7947,26485,12813,13672,30267,14538,15729,26481,12758,13723,15129,7350,7779,3783,1789,1994,
18940,15141,7191,7950,26492,12816,13676,30275,14542,15733,26488,12762,13726,15133,7352,7781,3784,1790,1994,
18945,15145,7192,7953,26499,12819,13680,30283,14546,15737,26495,12764,13731,15137,7356,7781,3785,1790,1995,
18950,15149,7193,7956,26506,12825,13681,30291,14550,15741,26502,12768,13734,15141,7358,7783,3786,1790,1996,
18955,15153,7193,7960,26513,12829,13684,30299,14556,15743,26509,12771,13738,15145,7359,7786,3787,1791,1996,
18960,15157,7195,7962,26520,12834,13686,30307,14561,15746,26516,12776,13740,15149,7362,7787,3788,1792,1996,
18965,15161,7196,7965,26527,12837,13690,30315,14565,15750,26523,12777,13746,15153,7365,7788,3789,1792,1997,
18970,15165,7198,7967,26534,12841,13693,30323,14567,15756,26530,12781,13749,15157,7367,7790,3790,1793,1997,
18975,15169,7200,7969,26541,12843,13698,30331,14572,15759,26537,12784,13753,15161,7369,7792,3791,1793,1998,
18980,15173,7202,7971,26548,12848,13700,30339,14574,15765,26544,12789,13755,15165,7372,7793,3792,1793,1999,
18985,15177,7203,7974,26555,12853,13702,30347,14577,15770,26551,12794,13757,15169,7372,7797,3793,1793,2000,
18990,15181,7205,7976,26562,12858,13704,30355,14583,15772,26558,12796,13762,15173,7373,7800,3794,1794,2000,
18995,15185,7206,7979,26569,12860,13709,30363,14587,15776,26565,12801,13764,15177,7375,7802,3795,1794,2001,
19000,15189,7208,7981,26576,12862,13714,30371,14593,15778,26572,12803,13769,15181,7377,7804,3796,1795,2001,
19005,15193,7211,7982,26583,12867,13716,30379,14595,15784,26579,12808,13771,15185,7378,7807,3797,1796,2001,
19010,15197,7213,7984,26590,12871,13719,30387,14598,15789,26586,12811,13775,15189,7381,7808,3798,1796,2002,
19015,15201,7214,7987,26597,12872,13725,30395,14600,15795,26593,12814,13779,15193,7384,7809,3799,1797,2002,
19020,15205,7216,7989,26604,12873,13731,30403,14602,15801,26600,12817,13783,15197,7385,7812,3800,1797,2003,
19025,15209,7218,7991,26611,12874,13737,30411,14606,15805,26607,12820,13787,15201,7388,7813,3801,1797,2004,
19030,15213,7219,7994,26618,12876,13742,30419,14612,15807,26614,12821,13793,15205,7390,7815,3802,1798,2004,
19035,15217,7220,7997,26625,12880,13745,30427,14616,15811,26621,12827,13794,15209,7392,7817,3803,1799,2004,
19040,15221,7220,8001,26632,12883,13749,30435,14619,15816,26628,12828,13800,15213,7395,7818,3804,1800,2004,
19045,15225,7221,8004,26639,12888,13751,30443,14624,15819,26635,12832,13803,15217,7398,7819,3805,1800,2005,
19050,15229,7224,8005,26646,12891,13755,30451,14629,15822,26642,12835,13807,15221,7399,7822,3806,1800,2006,
19055,15233,7224,8009,26653,12896,13757,30459,14632,15827,26649,12836,13813,15225,7400,7825,3807,1801,2006,
19060,15237,7224,8013,26660,12898,13762,30467,14637,15830,26656,12840,13816,15229,7402,7827,3808,1802,2006,
19065,15241,7226,8015,26667,12901,13766,30475,14640,15835,26663,12843,13820,15233,7403,7830,3809,1803,2006,
19070,15245,7227,8018,26674,12906,13768,30483,14645,15838,26670,12845,13825,15237,7404,7833,3810,1804,2006,
19075,15249,7229,8020,26681,12909,13772,30491,14647,15844,26677,12848,13829,15241,7408,7833,3811,1805,2006,
19080,15253,7231,8022,26688,12911,13777,30499,14652,15847,26684,12853,13831,15245,7411,7834,3812,1805,2007,
19085,15257,7234,8023,26695,12913,13782,30507,14657,15850,26691,12856,13835,15249,7414,7835,3813,1806,2007,
19090,15261,7238,8023,26702,12919,13783,30515,14660,15855,26698,12860,13838,15253,7415,7838,3814,1806,2008,
19095,15265,7239,8026,26709,12919,13790,30523,14666,15857,26705,12863,13842,15257,7417,7840,3815,1807,2008,
19100,15269,7240,8029,26716,12923,13793,30531,14669,15862,26712,12865,13847,15261,7418,7843,3816,1808,2008,
19105,15273,7243,8030,26723,12927,13796,30539,14674,15865,26719,12870,13849,15265,7419,7846,3817,1808,2009,
19110,15277,7245,8032,26730,12928,13802,30547,14679,15868,26726,12874,13852,15269,7422,7847,3818,1808,2010,
19115,15281,7247,8034,26737,12932,13805,30555,14684,15871,26733,12876,13857,15273,7425,7848,3819,1808,2011,
19120,15285,7249,8036,26744,12936,13808,30563,14686,15877,26740,12881,13859,15277,7427,7850,3820,1808,2012,
19125,15289,7251,8038,26751,12938,13813,30571,14690,15881,26747,12883,13864,15281,7428,7853,3821,1809,2012,
19130,15293,7255,8038,26758,12942,13816,30579,14692,15887,26754,12889,13865,15285,7431,7854,3822,1810,2012,
19135,15297,7258,8039,26765,12947,13818,30587,14695,15892,26761,12895,13866,15289,7432,7857,3823,1811,2012,
19140,15301,7261,8040,26772,12950,13822,30595,14697,15898,26768,12899,13869,15293,7435,7858,3824,1812,2012,
19145,15305,7263,8042,26779,12955,13824,30603,14701,15902,26775,12903,13872,15297,7437,7860,3825,1813,2012,
19150,15309,7266,8043,26786,12960,13826,30611,14707,15904,26782,12905,13877,15301,7439,7862,3826,1814,2012,
19155,15313,7267,8046,26793,12963,13830,30619,14711,15908,26789,12908,13881,15305,7443,7862,3827,1814,2013,
19160,15317,7271,8046,26800,12967,13833,30627,14714,15913,26796,12912,13884,15309,7444,7865,3828,1815,2013,
19165,15321,7275,8046,26807,12969,13838,30635,14718,15917,26803,12915,13888,15313,7447,7866,3829,1816,2013,
19170,15325,7278,8047,26814,12974,13840,30643,14721,15922,26810,12917,13893,15317,7448,7869,3830,1816,2014,
19175,15329,7279,8050,26821,12978,13843,30651,14723,15928,26817,12920,13897,15321,7451,7870,3831,1817,2014,
19180,15333,7283,8050,26828,12981,13847,30659,14729,15930,26824,12924,13900,15325,7454,7871,3832,1818,2014,
19185,15337,7285,8052,26835,12984,13851,30667,14733,15934,26831,12928,13903,15329,7456,7873,3833,1818,2015,
19190,15341,7287,8054,26842,12988,13854,30675,14739,15936,26838,12932,13906,15333,7458,7875,3834,1818,2016,
19195,15345,7287,8058,26849,12990,13859,30683,14743,15940,26845,12935,13910,15337,7461,7876,3835,1819,2016,
19200,15349,7290,8059,26856,12993,13863,30691,14749,15942,26852,12941,13911,15341,7463,7878,3836,1820,2016,
19205,15353,7294,8059,26863,12998,13865,30699,14751,15948,26859,12946,13913,15345,7465,7880,3837,1821,2016,
19210,15357,7295,8062,26870,13003,13867,30707,14755,15952,26866,12950,13916,15349,7468,7881,3838,1822,2016,
19215,15361,7296,8065,26877,13006,13871,30715,14760,15955,26873,12955,13918,15353,7470,7883,3839,1822,2017,
19220,15365,7296,8069,26884,13009,13875,30723,14765,15958,26880,12958,13922,15357,7472,7885,3840,1823,2017,
19225,15369,7297,8072,26891,13010,13881,30731,14770,15961,26887,12962,13925,15361,7476,7885,3841,1824,2017,
19230,15373,7297,8076,26898,13013,13885,30739,14772,15967,26894,12965,13929,15365,7477,7888,3842,1824,2018,
19235,15377,7300,8077,26905,13018,13887,30747,14775,15972,26901,12967,13934,15369,7481,7888,3843,1825,2018,
19240,15381,7303,8078,26912,13019,13893,30755,14778,15977,26908,12967,13941,15373,7484,7889,3844,1825,2019,
19245,15385,7303,8082,26919,13023,13896,30763,14784,15979,26915,12973,13942,15377,7486,7891,3845,1826,2019,
19250,15389,7305,8084,26926,13029,13897,30771,14788,15983,26922,12976,13946,15381,7489,7892,3846,1826,2020,
19255,15393,7307,8086,26933,13031,13902,30779,14792,15987,26929,12978,13951,15385,7489,7896,3847,1827,2020,
19260,15397,7310,8087,26940,13035,13905,30787,14794,15993,26936,12981,13955,15389,7490,7899,3848,1827,2021,
19265,15401,7313,8088,26947,13036,13911,30795,14798,15997,26943,12985,13958,15393,7492,7901,3849,1828,2021,
19270,15405,7314,8091,26954,13038,13916,30803,14801,16002,26950,12986,13964,15397,7494,7903,3850,1829,2021,
19275,15409,7315,8094,26961,13041,13920,30811,14805,16006,26957,12990,13967,15401,7497,7904,3851,1829,2022,
19280,15413,7318,8095,26968,13042,13926,30819,14808,16011,26964,12994,13970,15405,7498,7907,3852,1830,2022,
19285,15417,7320,8097,26975,13045,13930,30827,14814,16013,26971,12998,13973,15409,7499,7910,3853,1830,2023,
19290,15421,7321,8100,26982,13049,13933,30835,14819,16016,26978,13003,13975,15413,7501,7912,3854,1830,2024,
19295,15425,7324,8101,26989,13053,13936,30843,14821,16022,26985,13007,13978,15417,7503,7914,3855,1831,2024,
19300,15429,7326,8103,26996,13058,13938,30851,14822,16029,26992,13010,13982,15421,7506,7915,3856,1831,2025,
19305,15433,7327,8106,27003,13062,13941,30859,14825,16034,26999,13015,13984,15425,7509,7916,3857,1831,2026,
19310,15437,7329,8108,27010,13063,13947,30867,14827,16040,27006,13018,13988,15429,7510,7919,3858,1831,2027,
19315,15441,7330,8111,27017,13067,13950,30875,14829,16046,27013,13020,13993,15433,7510,7923,3859,1832,2027,
19320,15445,7331,8114,27024,13068,13956,30883,14835,16048,27020,13021,13999,15437,7512,7925,3860,1832,2028,
19325,15449,7335,8114,27031,13071,13960,30891,14838,16053,27027,13026,14001,15441,7515,7926,3861,1833,2028,
19330,15453,7337,8116,27038,13073,13965,30899,14840,16059,27034,13029,14005,15445,7516,7929,3862,1833,2029,
19335,15457,7340,8117,27045,13076,13969,30907,14846,16061,27041,13033,14008,15449,7517,7932,3863,1833,2030,
19340,15461,7342,8119,27052,13079,13973,30915,14848,16067,27048,13037,14011,15453,7519,7934,3864,1833,2031,
19345,15465,7344,8121,27059,13083,13976,30923,14851,16072,27055,13040,14015,15457,7522,7935,3865,1833,2032,
19350,15469,7346,8123,27066,13087,13979,30931,14856,16075,27062,13044,14018,15461,7524,7937,3866,1833,2033,
19355,15473,7348,8125,27073,13091,13982,30939,14858,16081,27069,13047,14022,15465,7526,7939,3867,1833,2034,
19360,15477,7348,8129,27080,13095,13985,30947,14862,16085,27076,13051,14025,15469,7527,7942,3868,1833,2035,
19365,15481,7349,8132,27087,13098,13989,30955,14867,16088,27083,13056,14027,15473,7527,7946,3869,1833,2036,
19370,15485,7351,8134,27094,13103,13991,30963,14871,16092,27090,13062,14028,15477,7528,7949,3870,1834,2036,
19375,15489,7353,8136,27101,13105,13996,30971,14874,16097,27097,13064,14033,15481,7532,7949,3871,1835,2036,
19380,15493,7355,8138,27108,13108,14000,30979,14881,16098,27104,13067,14037,15485,7536,7949,3872,1835,2037,
19385,15497,7358,8139,27115,13114,14001,30987,14885,16102,27111,13071,14040,15489,7538,7951,3873,1836,2037,
19390,15501,7360,8141,27122,13119,14003,30995,14887,16108,27118,13075,14043,15493,7541,7952,3874,1837,2037,
19395,15505,7361,8144,27129,13121,14008,31003,14889,16114,27125,13078,14047,15497,7542,7955,3875,1838,2037,
19400,15509,7362,8147,27136,13124,14012,31011,14894,16117,27132,13079,14053,15501,7545,7956,3876,1838,2038,
19405,15513,7364,8149,27143,13125,14018,31019,14896,16123,27139,13082,14057,15505,7547,7958,3877,1838,2039,
19410,15517,7368,8149,27150,13126,14024,31027,14902,16125,27146,13087,14059,15509,7548,7961,3878,1839,2039,
19415,15521,7370,8151,27157,13129,14028,31035,14904,16131,27153,13089,14064,15513,7550,7963,3879,1840,2039,
19420,15525,7370,8155,27164,13136,14028,31043,14908,16135,27160,13094,14066,15517,7551,7966,3880,1840,2040,
19425,15529,7372,8157,27171,13137,14034,31051,14912,16139,27167,13097,14070,15521,7553,7968,3881,1841,2040,
19430,15533,7374,8159,27178,13139,14039,31059,14916,16143,27174,13100,14074,15525,7556,7969,3882,1842,2040,
19435,15537,7377,8160,27185,13141,14044,31067,14919,16148,27181,13101,14080,15529,7558,7971,3883,1842,2041,
19440,15541,7380,8161,27192,13144,14048,31075,14922,16153,27188,13103,14085,15533,7559,7974,3884,1842,2042,
19445,15545,7383,8162,27199,13146,14053,31083,14928,16155,27195,13107,14088,15537,7562,7975,3885,1842,2043,
19450,15549,7385,8164,27206,13150,14056,31091,14933,16158,27202,13110,14092,15541,7562,7979,3886,1842,2044,
19455,15553,7388,8165,27213,13156,14057,31099,14937,16162,27209,13114,14095,15545,7563,7982,3887,1843,2044,
19460,15557,7391,8166,27220,13157,14063,31107,14940,16167,27216,13119,14097,15549,7566,7983,3888,1843,2045,
19465,15561,7392,8169,27227,13160,14067,31115,14941,16174,27223,13123,14100,15553,7568,7985,3889,1844,2045,
19470,15565,7395,8170,27234,13164,14070,31123,14944,16179,27230,13127,14103,15557,7571,7986,3890,1845,2045,
19475,15569,7396,8173,27241,13167,14074,31131,14947,16184,27237,13131,14106,15561,7572,7989,3891,1845,2046,
19480,15573,7397,8176,27248,13172,14076,31139,14948,16191,27244,13132,14112,15565,7573,7992,3892,1845,2047,
19485,15577,7400,8177,27255,13173,14082,31147,14950,16197,27251,13132,14119,15569,7573,7996,3893,1846,2047,
19490,15581,7401,8180,27262,13178,14084,31155,14955,16200,27258,13135,14123,15573,7576,7997,3894,1846,2048,
19495,15585,7401,8184,27269,13183,14086,31163,14955,16208,27265,13137,14128,15577,7577,8000,3895,1847,2048,
19500,15589,7403,8186,27276,13185,14091,31171,14961,16210,27272,13140,14132,15581,7579,8002,3896,1847,2049,
19505,15593,7404,8189,27283,13186,14097,31179,14965,16214,27279,13142,14137,15585,7582,8003,3897,1847,2050,
19510,15597,7405,8192,27290,13190,14100,31187,14968,16219,27286,13145,14141,15589,7583,8006,3898,1847,2051,
19515,15601,7408,8193,27297,13193,14104,31195,14973,16222,27293,13148,14145,15593,7584,8009,3899,1848,2051,
19520,15605,7410,8195,27304,13198,14106,31203,14977,16226,27300,13151,14149,15597,7586,8011,3900,1849,2051,
19525,15609,7411,8198,27311,13202,14109,31211,14981,16230,27307,13155,14152,15601,7588,8013,3901,1849,2052,
19530,15613,7412,8201,27318,13206,14112,31219,14983,16236,27314,13156,14158,15605,7590,8015,3902,1849,2053,
19535,15617,7415,8202,27325,13212,14113,31227,14986,16241,27321,13160,14161,15609,7592,8017,3903,1850,2053,
19540,15621,7417,8204,27332,13215,14117,31235,14989,16246,27328,13163,14165,15613,7593,8020,3904,1851,2053,
19545,15625,7419,8206,27339,13218,14121,31243,14993,16250,27335,13164,14171,15617,7594,8023,3905,1851,2054,
19550,15629,7421,8208,27346,13223,14123,31251,14995,16256,27342,13167,14175,15621,7596,8025,3906,1852,2054,
19555,15633,7423,8210,27353,13228,14125,31259,14999,16260,27349,13169,14180,15625,7599,8026,3907,1853,2054,
19560,15637,7425,8212,27360,13229,14131,31267,15002,16265,27356,13172,14184,15629,7602,8027,3908,1854,2054,
19565,15641,7427,8214,27367,13234,14133,31275,15004,16271,27363,13175,14188,15633,7603,8030,3909,1854,2055,
19570,15645,7427,8218,27374,13237,14137,31283,15008,16275,27370,13176,14194,15637,7605,8032,3910,1854,2056,
19575,15649,7429,8220,27381,13242,14139,31291,15010,16281,27377,13179,14198,15641,7607,8034,3911,1855,2056,
19580,15653,7432,8221,27388,13247,14141,31299,15014,16285,27384,13181,14203,15645,7608,8037,3912,1856,2056,
19585,15657,7434,8223,27395,13251,14144,31307,15021,16286,27391,13185,14206,15649,7610,8039,3913,1857,2056,
19590,15661,7436,8225,27402,13255,14147,31315,15024,16291,27398,13187,14211,15653,7611,8042,3914,1858,2056,
19595,15665,7439,8226,27409,13259,14150,31323,15025,16298,27405,13192,14213,15657,7614,8043,3915,1859,2056,
19600,15669,7441,8228,27416,13262,14154,31331,15027,16304,27412,13195,14217,15661,7616,8045,3916,1859,2057,
19605,15673,7445,8228,27423,13266,14157,31339,15030,16309,27419,13200,14219,15665,7619,8046,3917,1859,2058,
19610,15677,7446,8231,27430,13269,14161,31347,15033,16314,27426,13204,14222,15669,7620,8049,3918,1860,2058,
19615,15681,7448,8233,27437,13272,14165,31355,15036,16319,27433,13209,14224,15673,7621,8052,3919,1861,2058,
19620,15685,7450,8235,27444,13277,14167,31363,15040,16323,27440,13214,14226,15677,7624,8053,3920,1861,2059,
19625,15689,7453,8236,27451,13283,14168,31371,15045,16326,27447,13216,14231,15681,7625,8056,3921,1862,2059,
19630,15693,7454,8239,27458,13284,14174,31379,15047,16332,27454,13219,14235,15685,7628,8057,3922,1862,2060,
19635,15697,7458,8239,27465,13287,14178,31387,15053,16334,27461,13220,14241,15689,7630,8059,3923,1862,2061,
19640,15701,7460,8241,27472,13290,14182,31395,15057,16338,27468,13223,14245,15693,7631,8062,3924,1863,2061,
19645,15705,7461,8244,27479,13295,14184,31403,15060,16343,27475,13229,14246,15697,7632,8065,3925,1863,2062,
19650,15709,7463,8246,27486,13298,14188,31411,15065,16346,27482,13234,14248,15701,7633,8068,3926,1864,2062,
19655,15713,7465,8248,27493,13301,14192,31419,15069,16350,27489,13234,14255,15705,7634,8071,3927,1864,2063,
19660,15717,7467,8250,27500,13304,14196,31427,15072,16355,27496,13237,14259,15709,7636,8073,3928,1864,2064,
19665,15721,7469,8252,27507,13308,14199,31435,15077,16358,27503,13240,14263,15713,7639,8074,3929,1865,2064,
19670,15725,7471,8254,27514,13312,14202,31443,15080,16363,27510,13242,14268,15717,7641,8076,3930,1866,2064,
19675,15729,7472,8257,27521,13315,14206,31451,15086,16365,27517,13244,14273,15721,7641,8080,3931,1867,2064,
19680,15733,7475,8258,27528,13318,14210,31459,15088,16371,27524,13248,14276,15725,7644,8081,3932,1868,2064,
19685,15737,7478,8259,27535,13323,14212,31467,15090,16377,27531,13251,14280,15729,7647,8082,3933,1868,2065,
19690,15741,7480,8261,27542,13327,14215,31475,15097,16378,27538,13256,14282,15733,7649,8084,3934,1869,2065,
19695,15745,7484,8261,27549,13330,14219,31483,15103,16380,27545,13259,14286,15737,7649,8088,3935,1870,2065,
19700,15749,7486,8263,27556,13334,14222,31491,15104,16387,27552,13263,14289,15741,7651,8090,3936,1870,2066,
19705,15753,7487,8266,27563,13338,14225,31499,15107,16392,27559,13265,14294,15745,7653,8092,3937,1870,2067,
19710,15757,7490,8267,27570,13343,14227,31507,15109,16398,27566,13269,14297,15749,7655,8094,3938,1871,2067,
19715,15761,7491,8270,27577,13347,14230,31515,15111,16404,27573,13273,14300,15753,7656,8097,3939,1872,2067,
19720,15765,7493,8272,27584,13351,14233,31523,15116,16407,27580,13276,14304,15757,7658,8099,3940,1873,2067,
19725,15769,7495,8274,27591,13354,14237,31531,15119,16412,27587,13281,14306,15761,7660,8101,3941,1874,2067,
19730,15773,7496,8277,27598,13357,14241,31539,15121,16418,27594,13286,14308,15765,7662,8103,3942,1875,2067,
19735,15777,7498,8279,27605,13360,14245,31547,15126,16421,27601,13291,14310,15769,7662,8107,3943,1875,2068,
19740,15781,7502,8279,27612,13363,14249,31555,15130,16425,27608,13295,14313,15773,7664,8109,3944,1876,2068,
19745,15785,7504,8281,27619,13366,14253,31563,15133,16430,27615,13298,14317,15777,7665,8112,3945,1876,2069,
19750,15789,7508,8281,27626,13367,14259,31571,15135,16436,27622,13301,14321,15781,7666,8115,3946,1876,2070,
19755,15793,7510,8283,27633,13372,14261,31579,15135,16444,27629,13306,14323,15785,7667,8118,3947,1877,2070,
19760,15797,7511,8286,27640,13375,14265,31587,15140,16447,27636,13309,14327,15789,7670,8119,3948,1878,2070,
19765,15801,7515,8286,27647,13377,14270,31595,15143,16452,27643,13313,14330,15793,7670,8123,3949,1879,2070,
19770,15805,7517,8288,27654,13381,14273,31603,15146,16457,27650,13318,14332,15797,7673,8124,3950,1879,2071,
19775,15809,7518,8291,27661,13383,14278,31611,15152,16459,27657,13322,14335,15801,7675,8126,3951,1880,2071,
19780,15813,7519,8294,27668,13385,14283,31619,15156,16463,27664,13326,14338,15805,7676,8129,3952,1881,2071,
19785,15817,7521,8296,27675,13388,14287,31627,15160,16467,27671,13328,14343,15809,7678,8131,3953,1882,2071,
19790,15821,7524,8297,27682,13390,14292,31635,15164,16471,27678,13329,14349,15813,7682,8131,3954,1883,2071,
19795,15825,7526,8299,27689,13392,14297,31643,15168,16475,27685,13331,14354,15817,7683,8134,3955,1883,2072,
19800,15829,7529,8300,27696,13395,14301,31651,15172,16479,27692,13334,14358,15821,7683,8138,3956,1884,2072,
19805,15833,7531,8302,27703,13400,14303,31659,15175,16484,27699,13339,14360,15825,7684,8141,3957,1885,2072,
19810,15837,7534,8303,27710,13403,14307,31667,15177,16490,27706,13344,14362,15829,7686,8143,3958,1886,2072,
19815,15841,7536,8305,27717,13406,14311,31675,15181,16494,27713,13348,14365,15833,7688,8145,3959,1887,2072,
19820,15845,7539,8306,27724,13408,14316,31683,15185,16498,27720,13351,14369,15837,7690,8147,3960,1887,2073,
19825,15849,7542,8307,27731,13412,14319,31691,15188,16503,27727,13353,14374,15841,7692,8149,3961,1888,2073,
19830,15853,7544,8309,27738,13414,14324,31699,15194,16505,27734,13356,14378,15845,7694,8151,3962,1889,2073,
19835,15857,7545,8312,27745,13418,14327,31707,15199,16508,27741,13358,14383,15849,7694,8155,3963,1890,2073,
19840,15861,7548,8313,27752,13424,14328,31715,15205,16510,27748,13361,14387,15853,7697,8156,3964,1891,2073,
19845,15865,7549,8316,27759,13429,14330,31723,15209,16514,27755,13365,14390,15857,7698,8159,3965,1892,2073,
19850,15869,7552,8317,27766,13433,14333,31731,15213,16518,27762,13370,14392,15861,7702,8159,3966,1892,2074,
19855,15873,7554,8319,27773,13435,14338,31739,15217,16522,27769,13372,14397,15865,7702,8163,3967,1892,2075,
19860,15877,7557,8320,27780,13439,14341,31747,15222,16525,27776,13375,14401,15869,7704,8165,3968,1892,2076,
19865,15881,7558,8323,27787,13444,14343,31755,15223,16532,27783,13378,14405,15873,7707,8166,3969,1892,2077,
19870,15885,7561,8324,27794,13446,14348,31763,15226,16537,27790,13381,14409,15877,7709,8168,3970,1893,2077,
19875,15889,7563,8326,27801,13449,14352,31771,15228,16543,27797,13386,14411,15881,7712,8169,3971,1894,2077,
19880,15893,7566,8327,27808,13453,14355,31779,15232,16547,27804,13389,14415,15885,7713,8172,3972,1894,2078,
19885,15897,7569,8328,27815,13458,14357,31787,15236,16551,27811,13390,14421,15889,7713,8176,3973,1895,2078,
19890,15901,7571,8330,27822,13462,14360,31795,15237,16558,27818,13394,14424,15893,7717,8176,3974,1895,2079,
19895,15905,7571,8334,27829,13464,14365,31803,15241,16562,27825,13399,14426,15897,7718,8179,3975,1895,2080,
19900,15909,7571,8338,27836,13468,14368,31811,15247,16564,27832,13404,14428,15901,7719,8182,3976,1896,2080,
19905,15913,7574,8339,27843,13471,14372,31819,15251,16568,27839,13408,14431,15905,7721,8184,3977,1897,2080,
19910,15917,7577,8340,27850,13476,14374,31827,15257,16570,27846,13413,14433,15909,7723,8186,3978,1898,2080,
19915,15921,7580,8341,27857,13481,14376,31835,15263,16572,27853,13416,14437,15913,7726,8187,3979,1899,2080,
19920,15925,7583,8342,27864,13484,14380,31843,15269,16574,27860,13419,14441,15917,7729,8188,3980,1899,2081,
19925,15929,7583,8346,27871,13488,14383,31851,15273,16578,27867,13421,14446,15921,7730,8191,3981,1899,2082,
19930,15933,7584,8349,27878,13489,14389,31859,15278,16581,27874,13422,14452,15925,7732,8193,3982,1900,2082,
19935,15937,7586,8351,27885,13493,14392,31867,15283,16584,27881,13426,14455,15929,7734,8195,3983,1901,2082,
19940,15941,7589,8352,27892,13497,14395,31875,15288,16587,27888,13428,14460,15933,7736,8197,3984,1902,2082,
19945,15945,7591,8354,27899,13501,14398,31883,15291,16592,27895,13432,14463,15937,7737,8200,3985,1902,2083,
19950,15949,7593,8356,27906,13504,14402,31891,15293,16598,27902,13435,14467,15941,7741,8200,3986,1903,2083,
19955,15953,7595,8358,27913,13510,14403,31899,15296,16603,27909,13438,14471,15945,7744,8201,3987,1903,2084,
19960,15957,7597,8360,27920,13514,14406,31907,15301,16606,27916,13440,14476,15949,7746,8203,3988,1904,2084,
19965,15961,7599,8362,27927,13516,14411,31915,15305,16610,27923,13442,14481,15953,7747,8206,3989,1905,2084,
19970,15965,7600,8365,27934,13520,14414,31923,15309,16614,27930,13445,14485,15957,7749,8208,3990,1905,2085,
19975,15969,7601,8368,27941,13522,14419,31931,15315,16616,27937,13447,14490,15961,7750,8211,3991,1906,2085,
19980,15973,7602,8371,27948,13527,14421,31939,15320,16619,27944,13452,14492,15965,7753,8212,3992,1907,2085,
19985,15977,7604,8373,27955,13533,14422,31947,15324,16623,27951,13454,14497,15969,7756,8213,3993,1907,2086,
19990,15981,7605,8376,27962,13537,14425,31955,15326,16629,27958,13455,14503,15973,7757,8216,3994,1908,2086,
19995,15985,7608,8377,27969,13541,14428,31963,15329,16634,27965,13458,14507,15977,7760,8217,3995,1909,2086,
20000,15989,7610,8379,27976,13544,14432,31971,15334,16637,27972,13460,14512,15981,7762,8219,3996,1909,2087,
20005,15993,7611,8382,27983,13548,14435,31979,15337,16642,27979,13463,14516,15985,7763,8222,3997,1909,2088,
20010,15997,7611,8386,27990,13552,14438,31987,15341,16646,27986,13466,14520,15989,7764,8225,3998,1910,2088,
20015,16001,7612,8389,27997,13552,14445,31995,15344,16651,27993,13469,14524,15993,7765,8228,3999,1911,2088,
20020,16005,7614,8391,28004,13555,14449,32003,15346,16657,28000,13471,14529,15997,7768,8229,4000,1911,2089,
20025,16009,7617,8392,28011,13558,14453,32011,15350,16661,28007,13475,14532,16001,7770,8231,4001,1911,2090,
20030,16013,7619,8394,28018,13562,14456,32019,15355,16664,28014,13477,14537,16005,7770,8235,4002,1912,2090,
20035,16017,7619,8398,28025,13563,14462,32027,15359,16668,28021,13477,14544,16009,7772,8237,4003,1913,2090,
20040,16021,7622,8399,28032,13568,14464,32035,15361,16674,28028,13481,14547,16013,7773,8240,4004,1913,2091,
20045,16025,7625,8400,28039,13572,14467,32043,15367,16676,28035,13484,14551,16017,7776,8241,4005,1913,2092,
20050,16029,7627,8402,28046,13575,14471,32051,15372,16679,28042,13486,14556,16021,7779,8242,4006,1914,2092,
20055,16033,7629,8404,28053,13578,14475,32059,15376,16683,28049,13487,14562,16025,7782,8243,4007,1914,2093,
20060,16037,7633,8404,28060,13582,14478,32067,15381,16686,28056,13492,14564,16029,7786,8243,4008,1915,2093,
20065,16041,7635,8406,28067,13585,14482,32075,15383,16692,28063,13497,14566,16033,7788,8245,4009,1915,2094,
20070,16045,7636,8409,28074,13588,14486,32083,15386,16697,28070,13501,14569,16037,7789,8248,4010,1915,2095,
20075,16049,7638,8411,28081,13591,14490,32091,15393,16698,28077,13504,14573,16041,7792,8249,4011,1915,2096,
20080,16053,7639,8414,28088,13595,14493,32099,15397,16702,28084,13508,14576,16045,7793,8252,4012,1915,2097,
20085,16057,7641,8416,28095,13599,14496,32107,15403,16704,28091,13514,14577,16049,7794,8255,4013,1916,2097,
20090,16061,7645,8416,28102,13601,14501,32115,15405,16710,28098,13520,14578,16053,7794,8259,4014,1917,2097,
20095,16065,7646,8419,28109,13604,14505,32123,15409,16714,28105,13522,14583,16057,7795,8262,4015,1917,2098,
20100,16069,7649,8420,28116,13605,14511,32131,15413,16718,28112,13523,14589,16061,7797,8264,4016,1917,2099,
20105,16073,7652,8421,28123,13608,14515,32139,15417,16722,28119,13527,14592,16065,7799,8266,4017,1918,2099,
20110,16077,7652,8425,28130,13610,14520,32147,15424,16723,28126,13530,14596,16069,7801,8268,4018,1918,2100,
20115,16081,7655,8426,28137,13613,14524,32155,15430,16725,28133,13533,14600,16073,7804,8269,4019,1918,2101,
20120,16085,7656,8429,28144,13617,14527,32163,15435,16728,28140,13538,14602,16077,7806,8271,4020,1918,2102,
20125,16089,7660,8429,28151,13621,14530,32171,15437,16734,28147,13544,14603,16081,7807,8274,4021,1918,2103,
20130,16093,7662,8431,28158,13625,14533,32179,15440,16739,28154,13549,14605,16085,7808,8277,4022,1919,2103,
20135,16097,7662,8435,28165,13627,14538,32187,15446,16741,28161,13553,14608,16089,7809,8280,4023,1920,2103,
20140,16101,7662,8439,28172,13631,14541,32195,15451,16744,28168,13554,14614,16093,7810,8283,4024,1921,2103,
20145,16105,7664,8441,28179,13635,14544,32203,15454,16749,28175,13558,14617,16097,7810,8287,4025,1921,2104,
20150,16109,7665,8444,28186,13637,14549,32211,15460,16751,28182,13561,14621,16101,7814,8287,4026,1921,2105,
20155,16113,7667,8446,28193,13638,14555,32219,15465,16754,28189,13563,14626,16105,7816,8289,4027,1922,2105,
20160,16117,7668,8449,28200,13640,14560,32227,15470,16757,28196,13568,14628,16109,7818,8291,4028,1922,2106,
20165,16121,7670,8451,28207,13644,14563,32235,15474,16761,28203,13572,14631,16113,7819,8294,4029,1923,2106,
20170,16125,7672,8453,28214,13649,14565,32243,15477,16766,28210,13575,14635,16117,7820,8297,4030,1923,2107,
20175,16129,7673,8456,28221,13655,14566,32251,15480,16771,28217,13580,14637,16121,7823,8298,4031,1924,2107,
20180,16133,7676,8457,28228,13658,14570,32259,15486,16773,28224,13584,14640,16125,7824,8301,4032,1925,2107,
20185,16137,7677,8460,28235,13662,14573,32267,15491,16776,28231,13587,14644,16129,7827,8302,4033,1926,2107,
20190,16141,7679,8462,28242,13662,14580,32275,15494,16781,28238,13592,14646,16133,7829,8304,4034,1927,2107,
20195,16145,7683,8462,28249,13665,14584,32283,15498,16785,28245,13593,14652,16137,7830,8307,4035,1927,2108,
20200,16149,7686,8463,28256,13670,14586,32291,15502,16789,28252,13597,14655,16141,7833,8308,4036,1928,2108,
20205,16153,7689,8464,28263,13675,14588,32299,15506,16793,28259,13601,14658,16145,7836,8309,4037,1929,2108,
20210,16157,7691,8466,28270,13680,14590,32307,15509,16798,28266,13604,14662,16149,7837,8312,4038,1930,2108,
20215,16161,7693,8468,28277,13681,14596,32315,15516,16799,28273,13606,14667,16153,7840,8313,4039,1931,2108,
20220,16165,7695,8470,28284,13683,14601,32323,15520,16803,28280,13610,14670,16157,7842,8315,4040,1932,2108,
20225,16169,7696,8473,28291,13685,14606,32331,15522,16809,28287,13613,14674,16161,7844,8317,4041,1932,2109,
20230,16173,7697,8476,28298,13687,14611,32339,15525,16814,28294,13617,14677,16165,7846,8319,4042,1933,2109,
20235,16177,7698,8479,28305,13691,14614,32347,15529,16818,28301,13622,14679,16169,7847,8322,4043,1933,2110,
20240,16181,7700,8481,28312,13695,14617,32355,15534,16821,28308,13625,14683,16173,7848,8325,4044,1934,2110,
20245,16185,7700,8485,28319,13700,14619,32363,15540,16823,28315,13631,14684,16177,7849,8328,4045,1934,2111,
20250,16189,7701,8488,28326,13704,14622,32371,15542,16829,28322,13635,14687,16181,7850,8331,4046,1935,2111,
20255,16193,7704,8489,28333,13707,14626,32379,15548,16831,28329,13638,14691,16185,7851,8334,4047,1936,2111,
20260,16197,7707,8490,28340,13708,14632,32387,15552,16835,28336,13642,14694,16189,7853,8336,4048,1937,2111,
20265,16201,7707,8494,28347,13710,14637,32395,15557,16838,28343,13648,14695,16193,7854,8339,4049,1938,2111,
20270,16205,7710,8495,28354,13712,14642,32403,15562,16841,28350,13651,14699,16197,7854,8343,4050,1938,2112,
20275,16209,7714,8495,28361,13717,14644,32411,15565,16846,28357,13655,14702,16201,7855,8346,4051,1939,2112,
20280,16213,7715,8498,28368,13719,14649,32419,15570,16849,28364,13658,14706,16205,7858,8347,4052,1940,2112,
20285,16217,7718,8499,28375,13723,14652,32427,15574,16853,28371,13659,14712,16209,7860,8349,4053,1941,2112,
20290,16221,7720,8501,28382,13727,14655,32435,15578,16857,28378,13662,14716,16213,7863,8350,4054,1941,2113,
20295,16225,7722,8503,28389,13730,14659,32443,15581,16862,28385,13666,14719,16217,7866,8351,4055,1942,2113,
20300,16229,7723,8506,28396,13735,14661,32451,15584,16867,28392,13670,14722,16221,7868,8353,4056,1943,2113,
20305,16233,7724,8509,28403,13736,14667,32459,15588,16871,28399,13672,14727,16225,7869,8356,4057,1944,2113,
20310,16237,7726,8511,28410,13739,14671,32467,15592,16875,28406,13674,14732,16229,7872,8357,4058,1945,2113,
20315,16241,7729,8512,28417,13742,14675,32475,15598,16877,28413,13678,14735,16233,7876,8357,4059,1945,2114,
20320,16245,7732,8513,28424,13742,14682,32483,15602,16881,28420,13682,14738,16237,7879,8358,4060,1946,2114,
20325,16249,7735,8514,28431,13747,14684,32491,15606,16885,28427,13682,14745,16241,7881,8360,4061,1947,2114,
20330,16253,7737,8516,28438,13751,14687,32499,15612,16887,28434,13684,14750,16245,7884,8361,4062,1947,2115,
20335,16257,7740,8517,28445,13754,14691,32507,15617,16890,28441,13687,14754,16249,7887,8362,4063,1947,2116,
20340,16261,7743,8518,28452,13758,14694,32515,15619,16896,28448,13693,14755,16253,7890,8363,4064,1947,2117,
20345,16265,7746,8519,28459,13761,14698,32523,15622,16901,28455,13699,14756,16257,7892,8365,4065,1947,2118,
20350,16269,7750,8519,28466,13765,14701,32531,15625,16906,28462,13702,14760,16261,7894,8367,4066,1948,2118,
20355,16273,7752,8521,28473,13767,14706,32539,15629,16910,28469,13704,14765,16265,7896,8369,4067,1948,2119,
20360,16277,7753,8524,28480,13770,14710,32547,15632,16915,28476,13707,14769,16269,7898,8371,4068,1949,2119,
20365,16281,7755,8526,28487,13774,14713,32555,15636,16919,28483,13709,14774,16273,7898,8375,4069,1949,2120,
20370,16285,7757,8528,28494,13777,14717,32563,15639,16924,28490,13712,14778,16277,7901,8376,4070,1949,2121,
20375,16289,7758,8531,28501,13779,14722,32571,15644,16927,28497,13713,14784,16281,7902,8379,4071,1949,2122,
20380,16293,7760,8533,28508,13782,14726,32579,15649,16930,28504,13715,14789,16285,7904,8381,4072,1949,2123,
20385,16297,7763,8534,28515,13786,14729,32587,15652,16935,28511,13717,14794,16289,7905,8384,4073,1950,2123,
20390,16301,7766,8535,28522,13789,14733,32595,15656,16939,28518,13721,14797,16293,7907,8386,4074,1950,2124,
20395,16305,7769,8536,28529,13795,14734,32603,15660,16943,28525,13724,14801,16297,7907,8390,4075,1950,2125,
20400,16309,7771,8538,28536,13798,14738,32611,15665,16946,28532,13728,14804,16301,7909,8392,4076,1950,2126,
20405,16313,7772,8541,28543,13802,14741,32619,15669,16950,28539,13730,14809,16305,7912,8393,4077,1951,2126,
20410,16317,7774,8543,28550,13805,14745,32627,15673,16954,28546,13731,14815,16309,7914,8395,4078,1951,2127,
20415,16321,7775,8546,28557,13810,14747,32635,15678,16957,28553,13733,14820,16313,7915,8398,4079,1951,2128,
20420,16325,7776,8549,28564,13812,14752,32643,15680,16963,28560,13736,14824,16317,7918,8399,4080,1951,2129,
20425,16329,7777,8552,28571,13816,14755,32651,15682,16969,28567,13741,14826,16321,7920,8401,4081,1952,2129,
20430,16333,7779,8554,28578,13819,14759,32659,15684,16975,28574,13745,14829,16325,7922,8403,4082,1953,2129,
20435,16337,7781,8556,28585,13825,14760,32667,15687,16980,28581,13747,14834,16329,7925,8404,4083,1953,2130,
20440,16341,7784,8557,28592,13827,14765,32675,15691,16984,28588,13749,14839,16333,7929,8404,4084,1953,2131,
20445,16345,7787,8558,28599,13832,14767,32683,15697,16986,28595,13754,14841,16337,7930,8407,4085,1953,2132,
20450,16349,7789,8560,28606,13837,14769,32691,15701,16990,28602,13757,14845,16341,7933,8408,4086,1953,2133,
20455,16353,7791,8562,28613,13842,14771,32699,15706,16993,28609,13762,14847,16345,7934,8411,4087,1954,2133,
20460,16357,7791,8566,28620,13844,14776,32707,15709,16998,28616,13764,14852,16349,7937,8412,4088,1954,2134,
20465,16361,7794,8567,28627,13846,14781,32715,15716,16999,28623,13765,14858,16353,7938,8415,4089,1955,2134,
20470,16365,7796,8569,28634,13849,14785,32723,15721,17002,28630,13769,14861,16357,7940,8417,4090,1955,2135,
20475,16369,7798,8571,28641,13852,14789,32731,15725,17006,28637,13771,14866,16361,7943,8418,4091,1955,2136,
20480,16373,7800,8573,28648,13857,14791,32739,15728,17011,28644,13776,14868,16365,7945,8420,4092,1955,2137,
20485,16377,7802,8575,28655,13861,14794,32747,15731,17016,28651,13779,14872,16369,7947,8422,4093,1955,2138,
20490,16381,7805,8576,28662,13865,14797,32755,15735,17020,28658,13783,14875,16373,7950,8423,4094,1956,2138,
20495,16385,7808,8577,28669,13867,14802,32763,15738,17025,28665,13788,14877,16377,7952,8425,4095,1956,2139,
20500,16389,7810,8579,28676,13869,14807,32771,15741,17030,28672,13790,14882,16381,7954,8427,4096,1956,2140,
20505,16393,7811,8582,28683,13875,14808,32779,15744,17035,28679,13794,14885,16385,7955,8430,4097,1956,2141,
20510,16397,7814,8583,28690,13877,14813,32787,15749,17038,28686,13799,14887,16389,7955,8434,4098,1957,2141,
20515,16401,7817,8584,28697,13881,14816,32795,15754,17041,28693,13804,14889,16393,7958,8435,4099,1958,2141,
20520,16405,7818,8587,28704,13886,14818,32803,15759,17044,28700,13809,14891,16397,7961,8436,4100,1958,2142,
20525,16409,7822,8587,28711,13889,14822,32811,15760,17051,28707,13812,14895,16401,7963,8438,4101,1959,2142,
20530,16413,7824,8589,28718,13891,14827,32819,15765,17054,28714,13817,14897,16405,7965,8440,4102,1959,2143,
20535,16417,7826,8591,28725,13897,14828,32827,15767,17060,28721,13820,14901,16409,7966,8443,4103,1960,2143,
20540,16421,7829,8592,28732,13900,14832,32835,15771,17064,28728,13822,14906,16413,7968,8445,4104,1960,2144,
20545,16425,7830,8595,28739,13902,14837,32843,15774,17069,28735,13826,14909,16417,7971,8446,4105,1961,2144,
20550,16429,7831,8598,28746,13907,14839,32851,15775,17076,28742,13830,14912,16421,7972,8449,4106,1962,2144,
20555,16433,7832,8601,28753,13912,14841,32859,15780,17079,28749,13833,14916,16425,7975,8450,4107,1963,2144,
20560,16437,7835,8602,28760,13916,14844,32867,15784,17083,28756,13837,14919,16429,7977,8452,4108,1963,2145,
20565,16441,7837,8604,28767,13918,14849,32875,15788,17087,28763,13842,14921,16433,7978,8455,4109,1963,2146,
20570,16445,7839,8606,28774,13920,14854,32883,15792,17091,28770,13847,14923,16437,7980,8457,4110,1963,2147,
20575,16449,7840,8609,28781,13923,14858,32891,15798,17093,28777,13851,14926,16441,7984,8457,4111,1963,2148,
20580,16453,7841,8612,28788,13926,14862,32899,15802,17097,28784,13853,14931,16445,7986,8459,4112,1964,2148,
20585,16457,7842,8615,28795,13928,14867,32907,15808,17099,28791,13857,14934,16449,7987,8462,4113,1964,2149,
20590,16461,7842,8619,28802,13929,14873,32915,15812,17103,28798,13860,14938,16453,7988,8465,4114,1965,2149,
20595,16465,7843,8622,28809,13932,14877,32923,15815,17108,28805,13862,14943,16457,7990,8467,4115,1965,2150,
20600,16469,7844,8625,28816,13937,14879,32931,15819,17112,28812,13866,14946,16461,7994,8467,4116,1966,2150,
20605,16473,7847,8626,28823,13942,14881,32939,15824,17115,28819,13867,14952,16465,7997,8468,4117,1966,2151,
20610,16477,7848,8629,28830,13948,14882,32947,15827,17120,28826,13872,14954,16469,7999,8470,4118,1966,2152,
20615,16481,7848,8633,28837,13953,14884,32955,15832,17123,28833,13875,14958,16473,7999,8474,4119,1966,2153,
20620,16485,7849,8636,28844,13956,14888,32963,15835,17128,28840,13878,14962,16477,8001,8476,4120,1966,2154,
20625,16489,7849,8640,28851,13962,14889,32971,15837,17134,28847,13883,14964,16481,8002,8479,4121,1967,2154,
20630,16493,7851,8642,28858,13965,14893,32979,15843,17136,28854,13887,14967,16485,8004,8481,4122,1967,2155,
20635,16497,7852,8645,28865,13967,14898,32987,15850,17137,28861,13889,14972,16489,8004,8485,4123,1967,2156,
20640,16501,7854,8647,28872,13970,14902,32995,15854,17141,28868,13894,14974,16493,8006,8487,4124,1967,2157,
20645,16505,7856,8649,28879,13972,14907,33003,15857,17146,28875,13895,14980,16497,8007,8490,4125,1968,2157,
20650,16509,7858,8651,28886,13975,14911,33011,15860,17151,28882,13898,14984,16501,8008,8493,4126,1968,2158,
20655,16513,7861,8652,28893,13979,14914,33019,15863,17156,28889,13903,14986,16505,8009,8496,4127,1968,2159,
20660,16517,7862,8655,28900,13983,14917,33027,15867,17160,28896,13904,14992,16509,8013,8496,4128,1968,2160,
20665,16521,7862,8659,28907,13986,14921,33035,15874,17161,28903,13907,14996,16513,8013,8500,4129,1969,2160,
20670,16525,7863,8662,28914,13992,14922,33043,15877,17166,28910,13911,14999,16517,8015,8502,4130,1969,2161,
20675,16529,7864,8665,28921,13993,14928,33051,15883,17168,28917,13913,15004,16521,8018,8503,4131,1969,2162,
20680,16533,7867,8666,28928,13996,14932,33059,15889,17170,28924,13915,15009,16525,8020,8505,4132,1969,2163,
20685,16537,7869,8668,28935,14001,14934,33067,15892,17175,28931,13919,15012,16529,8024,8505,4133,1969,2164,
20690,16541,7870,8671,28942,14004,14938,33075,15894,17181,28938,13922,15016,16533,8025,8508,4134,1970,2164,
20695,16545,7873,8672,28949,14006,14943,33083,15898,17185,28945,13925,15020,16537,8027,8510,4135,1971,2164,
20700,16549,7874,8675,28956,14008,14948,33091,15901,17190,28952,13927,15025,16541,8027,8514,4136,1972,2164,
20705,16553,7875,8678,28963,14011,14952,33099,15907,17192,28959,13931,15028,16545,8029,8516,4137,1973,2164,
20710,16557,7877,8680,28970,14015,14955,33107,15911,17196,28966,13933,15033,16549,8032,8517,4138,1974,2164,
20715,16561,7881,8680,28977,14018,14959,33115,15916,17199,28973,13936,15037,16553,8034,8519,4139,1975,2164,
20720,16565,7884,8681,28984,14022,14962,33123,15920,17203,28980,13938,15042,16557,8034,8523,4140,1975,2165,
20725,16569,7885,8684,28991,14023,14968,33131,15925,17206,28987,13940,15047,16561,8037,8524,4141,1975,2166,
20730,16573,7887,8686,28998,14028,14970,33139,15929,17210,28994,13943,15051,16565,8040,8525,4142,1976,2166,
20735,16577,7887,8690,29005,14032,14973,33147,15934,17213,29001,13946,15055,16569,8041,8528,4143,1976,2167,
20740,16581,7888,8693,29012,14036,14976,33155,15941,17214,29008,13950,15058,16573,8042,8531,4144,1976,2168,
20745,16585,7888,8697,29019,14039,14980,33163,15943,17220,29015,13956,15059,16577,8046,8531,4145,1976,2169,
20750,16589,7890,8699,29026,14042,14984,33171,15948,17223,29022,13959,15063,16581,8047,8534,4146,1977,2169,
20755,16593,7891,8702,29033,14048,14985,33179,15951,17228,29029,13961,15068,16585,8048,8537,4147,1978,2169,
20760,16597,7891,8706,29040,14051,14989,33187,15955,17232,29036,13964,15072,16589,8050,8539,4148,1979,2169,
20765,16601,7892,8709,29047,14055,14992,33195,15963,17232,29043,13968,15075,16593,8052,8541,4149,1979,2170,
20770,16605,7894,8711,29054,14057,14997,33203,15965,17238,29050,13971,15079,16597,8052,8545,4150,1980,2170,
20775,16609,7894,8715,29061,14061,15000,33211,15969,17242,29057,13975,15082,16601,8053,8548,4151,1980,2171,
20780,16613,7896,8717,29068,14066,15002,33219,15974,17245,29064,13977,15087,16605,8054,8551,4152,1981,2171,
20785,16617,7896,8721,29075,14069,15006,33227,15977,17250,29071,13982,15089,16609,8057,8552,4153,1981,2172,
20790,16621,7898,8723,29082,14072,15010,33235,15983,17252,29078,13986,15092,16613,8058,8555,4154,1981,2173,
20795,16625,7901,8724,29089,14073,15016,33243,15989,17254,29085,13986,15099,16617,8060,8557,4155,1982,2173,
20800,16629,7905,8724,29096,14077,15019,33251,15991,17260,29092,13990,15102,16621,8063,8558,4156,1982,2174,
20805,16633,7906,8727,29103,14082,15021,33259,15996,17263,29099,13990,15109,16625,8064,8561,4157,1983,2174,
20810,16637,7910,8727,29110,14085,15025,33267,16003,17264,29106,13995,15111,16629,8066,8563,4158,1983,2175,
20815,16641,7911,8730,29117,14090,15027,33275,16006,17269,29113,13996,15117,16633,8068,8565,4159,1983,2176,
20820,16645,7914,8731,29124,14094,15030,33283,16011,17272,29120,14000,15120,16637,8070,8567,4160,1983,2177,
20825,16649,7914,8735,29131,14097,15034,33291,16014,17277,29127,14003,15124,16641,8072,8569,4161,1983,2178,
20830,16653,7916,8737,29138,14099,15039,33299,16020,17279,29134,14007,15127,16645,8073,8572,4162,1984,2178,
20835,16657,7919,8738,29145,14101,15044,33307,16024,17283,29141,14012,15129,16649,8074,8575,4163,1984,2179,
20840,16661,7923,8738,29152,14104,15048,33315,16030,17285,29148,14014,15134,16653,8078,8575,4164,1985,2179,
20845,16665,7926,8739,29159,14109,15050,33323,16033,17290,29155,14018,15137,16657,8078,8579,4165,1986,2179,
20850,16669,7928,8741,29166,14110,15056,33331,16037,17294,29162,14021,15141,16661,8078,8583,4166,1987,2179,
20855,16673,7930,8743,29173,14114,15059,33339,16039,17300,29169,14026,15143,16665,8080,8585,4167,1988,2179,
20860,16677,7933,8744,29180,14114,15066,33347,16042,17305,29176,14028,15148,16669,8082,8587,4168,1989,2179,
20865,16681,7934,8747,29187,14118,15069,33355,16046,17309,29183,14031,15152,16673,8084,8589,4169,1989,2180,
20870,16685,7936,8749,29194,14121,15073,33363,16051,17312,29190,14033,15157,16677,8087,8590,4170,1990,2180,
20875,16689,7939,8750,29201,14125,15076,33371,16053,17318,29197,14036,15161,16681,8090,8591,4171,1990,2181,
20880,16693,7940,8753,29208,14126,15082,33379,16055,17324,29204,14040,15164,16685,8091,8594,4172,1990,2182,
20885,16697,7940,8757,29215,14129,15086,33387,16057,17330,29211,14043,15168,16689,8094,8595,4173,1991,2182,
20890,16701,7940,8761,29222,14132,15090,33395,16063,17332,29218,14046,15172,16693,8096,8597,4174,1991,2183,
20895,16705,7942,8763,29229,14137,15092,33403,16066,17337,29225,14051,15174,16697,8099,8598,4175,1992,2183,
20900,16709,7945,8764,29236,14142,15094,33411,16068,17343,29232,14054,15178,16701,8101,8600,4176,1993,2183,
20905,16713,7946,8767,29243,14147,15096,33419,16071,17348,29239,14057,15182,16705,8103,8602,4177,1994,2183,
20910,16717,7947,8770,29250,14149,15101,33427,16073,17354,29246,14060,15186,16709,8103,8606,4178,1995,2183,
20915,16721,7948,8773,29257,14153,15104,33435,16077,17358,29253,14065,15188,16713,8104,8609,4179,1995,2184,
20920,16725,7950,8775,29264,14156,15108,33443,16081,17362,29260,14067,15193,16717,8107,8610,4180,1995,2185,
20925,16729,7952,8777,29271,14161,15110,33451,16083,17368,29267,14071,15196,16721,8108,8613,4181,1995,2186,
20930,16733,7954,8779,29278,14165,15113,33459,16085,17374,29274,14074,15200,16725,8108,8617,4182,1996,2186,
20935,16737,7956,8781,29285,14169,15116,33467,16091,17376,29281,14078,15203,16729,8109,8620,4183,1997,2186,
20940,16741,7958,8783,29292,14175,15117,33475,16096,17379,29288,14082,15206,16733,8111,8622,4184,1998,2186,
20945,16745,7960,8785,29299,14178,15121,33483,16099,17384,29295,14085,15210,16737,8111,8626,4185,1998,2187,
20950,16749,7962,8787,29306,14183,15123,33491,16104,17387,29302,14088,15214,16741,8112,8629,4186,1998,2188,
20955,16753,7965,8788,29313,14186,15127,33499,16108,17391,29309,14091,15218,16745,8114,8631,4187,1999,2188,
20960,16757,7965,8792,29320,14190,15130,33507,16111,17396,29316,14095,15221,16749,8116,8633,4188,2000,2188,
20965,16761,7967,8794,29327,14197,15130,33515,16114,17401,29323,14098,15225,16753,8118,8635,4189,2001,2188,
20970,16765,7969,8796,29334,14199,15135,33523,16119,17404,29330,14100,15230,16757,8122,8635,4190,2001,2189,
20975,16769,7970,8799,29341,14201,15140,33531,16125,17406,29337,14106,15231,16761,8123,8638,4191,2001,2190,
20980,16773,7973,8800,29348,14204,15144,33539,16131,17408,29344,14112,15232,16765,8123,8642,4192,2001,2191,
20985,16777,7975,8802,29355,14208,15147,33547,16134,17413,29351,14114,15237,16769,8126,8643,4193,2001,2192,
20990,16781,7979,8802,29362,14214,15148,33555,16140,17415,29358,14115,15243,16773,8128,8645,4194,2002,2192,
20995,16785,7982,8803,29369,14220,15149,33563,16144,17419,29365,14117,15248,16777,8131,8646,4195,2003,2192,
21000,16789,7982,8807,29376,14223,15153,33571,16150,17421,29372,14120,15252,16781,8133,8648,4196,2004,2192,
21005,16793,7985,8808,29383,14227,15156,33579,16156,17423,29379,14121,15258,16785,8136,8649,4197,2004,2193,
21010,16797,7985,8812,29390,14231,15159,33587,16160,17427,29386,14124,15262,16789,8138,8651,4198,2004,2194,
21015,16801,7987,8814,29397,14234,15163,33595,16164,17431,29393,14126,15267,16793,8142,8651,4199,2004,2195,
21020,16805,7989,8816,29404,14240,15164,33603,16167,17436,29400,14131,15269,16797,8143,8654,4200,2005,2195,
21025,16809,7990,8819,29411,14243,15168,33611,16169,17442,29407,14137,15270,16801,8145,8656,4201,2005,2196,
21030,16813,7990,8823,29418,14245,15173,33619,16176,17443,29414,14139,15275,16805,8148,8657,4202,2006,2196,
21035,16817,7994,8823,29425,14248,15177,33627,16180,17447,29421,14143,15278,16809,8149,8660,4203,2006,2197,
21040,16821,7997,8824,29432,14251,15181,33635,16182,17453,29428,14148,15280,16813,8151,8662,4204,2006,2198,
21045,16825,8000,8825,29439,14256,15183,33643,16185,17458,29435,14152,15283,16817,8153,8664,4205,2007,2198,
21050,16829,8002,8827,29446,14258,15188,33651,16189,17462,29442,14155,15287,16821,8155,8666,4206,2007,2199,
21055,16833,8004,8829,29453,14259,15194,33659,16193,17466,29449,14158,15291,16825,8156,8669,4207,2008,2199,
21060,16837,8005,8832,29460,14262,15198,33667,16197,17470,29456,14163,15293,16829,8156,8673,4208,2008,2200,
21065,16841,8007,8834,29467,14265,15202,33675,16199,17476,29463,14167,15296,16833,8159,8674,4209,2009,2200,
21070,16845,8009,8836,29474,14270,15204,33683,16204,17479,29470,14171,15299,16837,8162,8675,4210,2010,2200,
21075,16849,8010,8839,29481,14272,15209,33691,16206,17485,29477,14175,15302,16841,8163,8678,4211,2011,2200,
21080,16853,8013,8840,29488,14275,15213,33699,16208,17491,29484,14178,15306,16845,8164,8681,4212,2011,2201,
21085,16857,8015,8842,29495,14280,15215,33707,16214,17493,29491,14182,15309,16849,8164,8685,4213,2011,2202,
21090,16861,8018,8843,29502,14282,15220,33715,16218,17497,29498,14186,15312,16853,8166,8687,4214,2011,2203,
21095,16865,8019,8846,29509,14285,15224,33723,16220,17503,29505,14189,15316,16857,8170,8687,4215,2012,2203,
21100,16869,8021,8848,29516,14289,15227,33731,16225,17506,29512,14194,15318,16861,8172,8689,4216,2012,2204,
21105,16873,8023,8850,29523,14293,15230,33739,16230,17509,29519,14194,15325,16865,8175,8690,4217,2013,2204,
21110,16877,8026,8851,29530,14298,15232,33747,16235,17512,29526,14198,15328,16869,8177,8692,4218,2014,2204,
21115,16881,8027,8854,29537,14302,15235,33755,16238,17517,29533,14201,15332,16873,8179,8694,4219,2015,2204,
21120,16885,8029,8856,29544,14304,15240,33763,16242,17521,29540,14205,15335,16877,8181,8696,4220,2016,2204,
21125,16889,8030,8859,29551,14308,15243,33771,16248,17523,29547,14207,15340,16881,8185,8696,4221,2016,2205,
21130,16893,8033,8860,29558,14311,15247,33779,16252,17527,29554,14210,15344,16885,8187,8698,4222,2017,2205,
21135,16897,8037,8860,29565,14314,15251,33787,16256,17531,29561,14215,15346,16889,8188,8701,4223,2018,2205,
21140,16901,8040,8861,29572,14315,15257,33795,16262,17533,29568,14219,15349,16893,8191,8702,4224,2018,2206,
21145,16905,8042,8863,29579,14318,15261,33803,16269,17534,29575,14223,15352,16897,8194,8703,4225,2018,2207,
21150,16909,8045,8864,29586,14319,15267,33811,16271,17540,29582,14225,15357,16901,8196,8705,4226,2018,2208,
21155,16913,8047,8866,29593,14322,15271,33819,16275,17544,29589,14228,15361,16905,8199,8706,4227,2019,2208,
21160,16917,8049,8868,29600,14323,15277,33827,16279,17548,29596,14233,15363,16909,8199,8710,4228,2020,2208,
21165,16921,8050,8871,29607,14328,15279,33835,16282,17553,29603,14237,15366,16913,8202,8711,4229,2020,2209,
21170,16925,8051,8874,29614,14333,15281,33843,16288,17555,29610,14242,15368,16917,8202,8715,4230,2021,2209,
21175,16929,8054,8875,29621,14335,15286,33851,16294,17557,29617,14246,15371,16921,8204,8717,4231,2022,2209,
21180,16933,8056,8877,29628,14340,15288,33859,16298,17561,29624,14248,15376,16925,8206,8719,4232,2022,2210,
21185,16937,8058,8879,29635,14346,15289,33867,16304,17563,29631,14250,15381,16929,8209,8720,4233,2023,2210,
21190,16941,8060,8881,29642,14349,15293,33875,16309,17566,29638,14253,15385,16933,8211,8722,4234,2023,2211,
21195,16945,8062,8883,29649,14351,15298,33883,16312,17571,29645,14257,15388,16937,8212,8725,4235,2023,2212,
21200,16949,8064,8885,29656,14356,15300,33891,16317,17574,29652,14259,15393,16941,8213,8728,4236,2024,2212,
21205,16953,8064,8889,29663,14358,15305,33899,16319,17580,29659,14261,15398,16945,8215,8730,4237,2024,2213,
21210,16957,8066,8891,29670,14364,15306,33907,16322,17585,29666,14264,15402,16949,8217,8732,4238,2024,2214,
21215,16961,8069,8892,29677,14368,15309,33915,16323,17592,29673,14268,15405,16953,8218,8735,4239,2025,2214,
21220,16965,8072,8893,29684,14374,15310,33923,16327,17596,29680,14275,15405,16957,8218,8739,4240,2026,2214,
21225,16969,8072,8897,29691,14375,15316,33931,16331,17600,29687,14277,15410,16961,8220,8741,4241,2027,2214,
21230,16973,8074,8899,29698,14379,15319,33939,16332,17607,29694,14279,15415,16965,8222,8743,4242,2027,2215,
21235,16977,8076,8901,29705,14382,15323,33947,16337,17610,29701,14284,15417,16969,8222,8747,4243,2028,2215,
21240,16981,8079,8902,29712,14384,15328,33955,16341,17614,29708,14287,15421,16973,8224,8749,4244,2029,2215,
21245,16985,8082,8903,29719,14388,15331,33963,16343,17620,29715,14291,15424,16977,8225,8752,4245,2029,2216,
21250,16989,8083,8906,29726,14389,15337,33971,16345,17626,29722,14296,15426,16981,8226,8755,4246,2030,2216,
21255,16993,8084,8909,29733,14391,15342,33979,16353,17626,29729,14300,15429,16985,8227,8758,4247,2031,2216,
21260,16997,8087,8910,29740,14393,15347,33987,16357,17630,29736,14303,15433,16989,8229,8760,4248,2031,2217,
21265,17001,8088,8913,29747,14398,15349,33995,16360,17635,29743,14306,15437,16993,8232,8761,4249,2031,2218,
21270,17005,8091,8914,29754,14400,15354,34003,16363,17640,29750,14311,15439,16997,8233,8764,4250,2031,2219,
21275,17009,8095,8914,29761,14403,15358,34011,16367,17644,29757,14316,15441,17001,8236,8765,4251,2032,2219,
21280,17013,8096,8917,29768,14408,15360,34019,16370,17649,29764,14320,15444,17005,8238,8767,4252,2033,2219,
21285,17017,8097,8920,29775,14411,15364,34027,16374,17653,29771,14324,15447,17009,8239,8770,4253,2033,2220,
21290,17021,8099,8922,29782,14416,15366,34035,16378,17657,29778,14329,15449,17013,8240,8773,4254,2034,2220,
21295,17025,8100,8925,29789,14418,15371,34043,16380,17663,29785,14332,15453,17017,8241,8776,4255,2035,2220,
21300,17029,8101,8928,29796,14422,15374,34051,16385,17666,29792,14337,15455,17021,8243,8778,4256,2035,2221,
21305,17033,8104,8929,29803,14425,15378,34059,16387,17672,29799,14341,15458,17025,8244,8781,4257,2036,2221,
21310,17037,8105,8932,29810,14429,15381,34067,16391,17676,29806,14343,15463,17029,8245,8784,4258,2037,2221,
21315,17041,8107,8934,29817,14432,15385,34075,16397,17678,29813,14346,15467,17033,8249,8784,4259,2038,2221,
21320,17045,8109,8936,29824,14434,15390,34083,16403,17680,29820,14351,15469,17037,8250,8787,4260,2038,2222,
21325,17049,8113,8936,29831,14438,15393,34091,16407,17684,29827,14354,15473,17041,8253,8788,4261,2039,2222,
21330,17053,8116,8937,29838,14442,15396,34099,16410,17689,29834,14357,15477,17045,8253,8792,4262,2040,2222,
21335,17057,8120,8937,29845,14447,15398,34107,16415,17692,29841,14362,15479,17049,8253,8796,4263,2040,2223,
21340,17061,8121,8940,29852,14451,15401,34115,16420,17695,29848,14365,15483,17053,8255,8798,4264,2040,2224,
21345,17065,8122,8943,29859,14454,15405,34123,16425,17698,29855,14368,15487,17057,8258,8799,4265,2041,2224,
21350,17069,8124,8945,29866,14457,15409,34131,16429,17702,29862,14371,15491,17061,8260,8801,4266,2041,2225,
21355,17073,8125,8948,29873,14462,15411,34139,16433,17706,29869,14373,15496,17065,8261,8804,4267,2042,2225,
21360,17077,8129,8948,29880,14465,15415,34147,16436,17711,29876,14376,15500,17069,8263,8806,4268,2042,2226,
21365,17081,8130,8951,29887,14468,15419,34155,16439,17716,29883,14380,15503,17073,8266,8807,4269,2042,2227,
21370,17085,8130,8955,29894,14472,15422,34163,16442,17721,29890,14385,15505,17077,8269,8808,4270,2043,2227,
21375,17089,8131,8958,29901,14475,15426,34171,16449,17722,29897,14386,15511,17081,8271,8810,4271,2043,2228,
21380,17093,8132,8961,29908,14479,15429,34179,16454,17725,29904,14389,15515,17085,8273,8812,4272,2043,2229,
21385,17097,8134,8963,29915,14481,15434,34187,16458,17729,29911,14393,15518,17089,8275,8814,4273,2043,2230,
21390,17101,8136,8965,29922,14486,15436,34195,16461,17734,29918,14397,15521,17093,8276,8817,4274,2043,2231,
21395,17105,8139,8966,29929,14488,15441,34203,16465,17738,29925,14401,15524,17097,8280,8817,4275,2044,2231,
21400,17109,8139,8970,29936,14492,15444,34211,16468,17743,29932,14404,15528,17101,8282,8819,4276,2045,2231,
21405,17113,8142,8971,29943,14495,15448,34219,16472,17747,29939,14409,15530,17105,8282,8823,4277,2045,2232,
21410,17117,8146,8971,29950,14497,15453,34227,16477,17750,29946,14411,15535,17109,8284,8825,4278,2046,2232,
21415,17121,8148,8973,29957,14502,15455,34235,16479,17756,29953,14414,15539,17113,8286,8827,4279,2046,2233,
21420,17125,8150,8975,29964,14505,15459,34243,16483,17760,29960,14418,15542,17117,8286,8831,4280,2047,2233,
21425,17129,8153,8976,29971,14509,15462,34251,16487,17764,29967,14421,15546,17121,8288,8833,4281,2047,2234,
21430,17133,8155,8978,29978,14512,15466,34259,16492,17767,29974,14427,15547,17125,8291,8834,4282,2048,2234,
21435,17137,8157,8980,29985,14515,15470,34267,16495,17772,29981,14429,15552,17129,8293,8836,4283,2048,2235,
21440,17141,8159,8982,29992,14518,15474,34275,16500,17775,29988,14432,15556,17133,8295,8838,4284,2049,2235,
21445,17145,8161,8984,29999,14524,15475,34283,16506,17777,29995,14437,15558,17137,8296,8841,4285,2049,2236,
21450,17149,8163,8986,30006,14526,15480,34291,16512,17779,30002,14442,15560,17141,8299,8842,4286,2050,2236,
21455,17153,8163,8990,30013,14527,15486,34299,16515,17784,30009,14447,15562,17145,8300,8845,4287,2050,2237,
21460,17157,8165,8992,30020,14532,15488,34307,16518,17789,30016,14451,15565,17149,8303,8846,4288,2051,2237,
21465,17161,8166,8995,30027,14535,15492,34315,16523,17792,30023,14455,15568,17153,8305,8848,4289,2051,2238,
21470,17165,8167,8998,30034,14538,15496,34323,16524,17799,30030,14457,15573,17157,8306,8851,4290,2051,2239,
21475,17169,8167,9002,30041,14541,15500,34331,16526,17805,30037,14460,15577,17161,8308,8853,4291,2052,2239,
21480,17173,8170,9003,30048,14545,15503,34339,16530,17809,30044,14464,15580,17165,8310,8855,4292,2052,2240,
21485,17177,8173,9004,30055,14550,15505,34347,16533,17814,30051,14469,15582,17169,8312,8857,4293,2052,2241,
21490,17181,8176,9005,30062,14552,15510,34355,16538,17817,30058,14473,15585,17173,8316,8857,4294,2053,2241,
21495,17185,8178,9007,30069,14556,15513,34363,16542,17821,30065,14479,15586,17177,8318,8859,4295,2053,2242,
21500,17189,8179,9010,30076,14559,15517,34371,16549,17822,30072,14482,15590,17181,8320,8861,4296,2054,2242,
21505,17193,8180,9013,30083,14564,15519,34379,16555,17824,30079,14486,15593,17185,8322,8863,4297,2055,2242,
21510,17197,8181,9016,30090,14567,15523,34387,16557,17830,30086,14489,15597,17189,8326,8863,4298,2056,2242,
21515,17201,8183,9018,30097,14571,15526,34395,16561,17834,30093,14493,15600,17193,8328,8865,4299,2057,2242,
21520,17205,8184,9021,30104,14573,15531,34403,16564,17839,30100,14496,15604,17197,8330,8867,4300,2057,2243,
21525,17209,8187,9022,30111,14578,15533,34411,16566,17845,30107,14502,15605,17201,8331,8870,4301,2058,2243,
21530,17213,8190,9023,30118,14581,15537,34419,16570,17849,30114,14504,15610,17205,8334,8871,4302,2058,2244,
21535,17217,8191,9026,30125,14584,15541,34427,16575,17852,30121,14505,15616,17209,8335,8874,4303,2058,2245,
21540,17221,8193,9028,30132,14584,15548,34435,16578,17857,30128,14507,15621,17213,8338,8875,4304,2059,2245,
21545,17225,8197,9028,30139,14588,15551,34443,16582,17861,30135,14511,15624,17217,8339,8878,4305,2059,2246,
21550,17229,8198,9031,30146,14591,15555,34451,16586,17865,30142,14514,15628,17221,8341,8880,4306,2059,2247,
21555,17233,8201,9032,30153,14595,15558,34459,16590,17869,30149,14518,15631,17225,8343,8882,4307,2059,2248,
21560,17237,8202,9035,30160,14599,15561,34467,16594,17873,30156,14522,15634,17229,8344,8885,4308,2060,2248,
21565,17241,8204,9037,30167,14602,15565,34475,16599,17876,30163,14524,15639,17233,8345,8888,4309,2061,2248,
21570,17245,8206,9039,30174,14607,15567,34483,16603,17880,30170,14527,15643,17237,8346,8891,4310,2061,2249,
21575,17249,8210,9039,30181,14611,15570,34491,16606,17885,30177,14530,15647,17241,8347,8894,4311,2061,2250,
21580,17253,8213,9040,30188,14615,15573,34499,16611,17888,30184,14534,15650,17245,8349,8896,4312,2061,2251,
21585,17257,8214,9043,30195,14618,15577,34507,16613,17894,30191,14539,15652,17249,8350,8899,4313,2061,2252,
21590,17261,8216,9045,30202,14620,15582,34515,16616,17899,30198,14545,15653,17253,8354,8899,4314,2062,2252,
21595,17265,8218,9047,30209,14623,15586,34523,16620,17903,30205,14548,15657,17257,8355,8902,4315,2063,2252,
21600,17269,8219,9050,30216,14626,15590,34531,16626,17905,30212,14552,15660,17261,8357,8904,4316,2064,2252,
21605,17273,8222,9051,30223,14628,15595,34539,16630,17909,30219,14555,15664,17265,8359,8906,4317,2064,2253,
21610,17277,8223,9054,30230,14629,15601,34547,16635,17912,30226,14555,15671,17269,8360,8909,4318,2065,2253,
21615,17281,8227,9054,30237,14635,15602,34555,16640,17915,30233,14559,15674,17273,8362,8911,4319,2065,2254,
21620,17285,8229,9056,30244,14639,15605,34563,16643,17920,30240,14562,15678,17277,8363,8914,4320,2066,2254,
21625,17289,8230,9059,30251,14642,15609,34571,16649,17922,30247,14568,15679,17281,8365,8916,4321,2067,2254,
21630,17293,8232,9061,30258,14642,15616,34579,16652,17927,30254,14570,15684,17285,8366,8919,4322,2068,2254,
21635,17297,8232,9065,30265,14647,15618,34587,16656,17931,30261,14573,15688,17289,8368,8921,4323,2069,2254,
21640,17301,8234,9067,30272,14652,15620,34595,16659,17936,30268,14576,15692,17293,8370,8923,4324,2069,2255,
21645,17305,8235,9070,30279,14654,15625,34603,16661,17942,30275,14581,15694,17297,8373,8924,4325,2069,2256,
21650,17309,8236,9073,30286,14658,15628,34611,16664,17947,30282,14584,15698,17301,8375,8926,4326,2070,2256,
21655,17313,8237,9076,30293,14661,15632,34619,16667,17952,30289,14589,15700,17305,8376,8929,4327,2070,2257,
21660,17317,8239,9078,30300,14665,15635,34627,16668,17959,30296,14595,15701,17309,8377,8932,4328,2071,2257,
21665,17321,8240,9081,30307,14671,15636,34635,16671,17964,30303,14598,15705,17313,8380,8933,4329,2072,2257,
21670,17325,8241,9084,30314,14677,15637,34643,16674,17969,30310,14598,15712,17317,8381,8936,4330,2073,2257,
21675,17329,8244,9085,30321,14682,15639,34651,16676,17975,30317,14600,15717,17321,8383,8938,4331,2074,2257,
21680,17333,8246,9087,30328,14684,15644,34659,16680,17979,30324,14604,15720,17325,8384,8941,4332,2074,2258,
21685,17337,8248,9089,30335,14685,15650,34667,16685,17982,30331,14609,15722,17329,8385,8944,4333,2074,2259,
21690,17341,8250,9091,30342,14688,15654,34675,16691,17984,30338,14610,15728,17333,8388,8945,4334,2075,2259,
21695,17345,8251,9094,30349,14690,15659,34683,16694,17989,30345,14613,15732,17337,8389,8948,4335,2075,2260,
21700,17349,8252,9097,30356,14694,15662,34691,16698,17993,30352,14615,15737,17341,8392,8949,4336,2076,2260,
21705,17353,8254,9099,30363,14699,15664,34699,16701,17998,30359,14616,15743,17345,8395,8950,4337,2076,2261,
21710,17357,8255,9102,30370,14704,15666,34707,16704,18003,30366,14619,15747,17349,8395,8954,4338,2076,2262,
21715,17361,8257,9104,30377,14707,15670,34715,16705,18010,30373,14623,15750,17353,8397,8956,4339,2077,2262,
21720,17365,8258,9107,30384,14710,15674,34723,16706,18017,30380,14626,15754,17357,8400,8957,4340,2078,2262,
21725,17369,8259,9110,30391,14716,15675,34731,16708,18023,30387,14631,15756,17361,8402,8959,4341,2079,2262,
21730,17373,8261,9112,30398,14718,15680,34739,16712,18027,30394,14633,15761,17365,8404,8961,4342,2079,2263,
21735,17377,8263,9114,30405,14721,15684,34747,16717,18030,30401,14636,15765,17369,8407,8962,4343,2080,2263,
21740,17381,8266,9115,30412,14723,15689,34755,16721,18034,30408,14637,15771,17373,8410,8963,4344,2080,2264,
21745,17385,8267,9118,30419,14728,15691,34763,16725,18038,30415,14642,15773,17377,8410,8967,4345,2081,2264,
21750,17389,8270,9119,30426,14732,15694,34771,16729,18042,30422,14644,15778,17381,8413,8968,4346,2082,2264,
21755,17393,8272,9121,30433,14733,15700,34779,16733,18046,30429,14649,15780,17385,8415,8970,4347,2082,2265,
21760,17397,8275,9122,30440,14736,15704,34787,16736,18051,30436,14653,15783,17389,8418,8971,4348,2082,2266,
21765,17401,8276,9125,30447,14742,15705,34795,16737,18058,30443,14659,15784,17393,8421,8972,4349,2082,2267,
21770,17405,8276,9129,30454,14747,15707,34803,16741,18062,30450,14663,15787,17397,8422,8975,4350,2082,2268,
21775,17409,8277,9132,30461,14751,15710,34811,16745,18066,30457,14666,15791,17401,8425,8976,4351,2082,2269,
21780,17413,8279,9134,30468,14754,15714,34819,16748,18071,30464,14672,15792,17405,8427,8978,4352,2082,2270,
21785,17417,8280,9137,30475,14758,15717,34827,16751,18076,30471,14675,15796,17409,8429,8980,4353,2083,2270,
21790,17421,8283,9138,30482,14761,15721,34835,16755,18080,30478,14679,15799,17413,8431,8982,4354,2084,2270,
21795,17425,8286,9139,30489,14764,15725,34843,16760,18083,30485,14681,15804,17417,8432,8985,4355,2084,2271,
21800,17429,8289,9140,30496,14771,15725,34851,16764,18087,30492,14682,15810,17421,8434,8987,4356,2084,2272,
21805,17433,8292,9141,30503,14772,15731,34859,16768,18091,30499,14686,15813,17425,8435,8990,4357,2084,2273,
21810,17437,8294,9143,30510,14776,15734,34867,16772,18095,30506,14690,15816,17429,8438,8991,4358,2085,2273,
21815,17441,8294,9147,30517,14781,15736,34875,16776,18099,30513,14693,15820,17433,8441,8992,4359,2086,2273,
21820,17445,8295,9150,30524,14784,15740,34883,16779,18104,30520,14698,15822,17437,8442,8995,4360,2086,2274,
21825,17449,8296,9153,30531,14789,15742,34891,16783,18108,30527,14703,15824,17441,8443,8998,4361,2086,2275,
21830,17453,8297,9156,30538,14792,15746,34899,16785,18114,30534,14706,15828,17445,8443,9002,4362,2086,2276,
21835,17457,8297,9160,30545,14796,15749,34907,16792,18115,30541,14709,15832,17449,8447,9002,4363,2086,2277,
21840,17461,8298,9163,30552,14799,15753,34915,16796,18119,30548,14711,15837,17453,8449,9004,4364,2087,2277,
21845,17465,8299,9166,30559,14803,15756,34923,16800,18123,30555,14714,15841,17457,8449,9008,4365,2087,2278,
21850,17469,8300,9169,30566,14807,15759,34931,16803,18128,30562,14720,15842,17461,8452,9009,4366,2087,2279,
21855,17473,8301,9172,30573,14808,15765,34939,16806,18133,30569,14724,15845,17465,8454,9011,4367,2088,2279,
21860,17477,8305,9172,30580,14813,15767,34947,16809,18138,30576,14728,15848,17469,8456,9013,4368,2089,2279,
21865,17481,8307,9174,30587,14816,15771,34955,16813,18142,30583,14729,15854,17473,8458,9015,4369,2089,2280,
21870,17485,8309,9176,30594,14818,15776,34963,16816,18147,30590,14734,15856,17477,8461,9016,4370,2090,2280,
21875,17489,8311,9178,30601,14820,15781,34971,16820,18151,30597,14737,15860,17481,8463,9018,4371,2090,2281,
21880,17493,8312,9181,30608,14825,15783,34979,16824,18155,30604,14739,15865,17485,8466,9019,4372,2091,2281,
21885,17497,8313,9184,30615,14827,15788,34987,16827,18160,30611,14743,15868,17489,8467,9022,4373,2092,2281,
21890,17501,8314,9187,30622,14832,15790,34995,16829,18166,30618,14744,15874,17493,8470,9023,4374,2093,2281,
21895,17505,8315,9190,30629,14834,15795,35003,16831,18172,30625,14749,15876,17497,8470,9027,4375,2094,2281,
21900,17509,8318,9191,30636,14837,15799,35011,16836,18175,30632,14752,15880,17501,8470,9031,4376,2094,2282,
21905,17513,8320,9193,30643,14843,15800,35019,16840,18179,30639,14754,15885,17505,8472,9033,4377,2094,2283,
21910,17517,8320,9197,30650,14847,15803,35027,16845,18182,30646,14757,15889,17509,8475,9034,4378,2094,2284,
21915,17521,8322,9199,30657,14850,15807,35035,16851,18184,30653,14760,15893,17513,8477,9036,4379,2095,2284,
21920,17525,8324,9201,30664,14853,15811,35043,16855,18188,30660,14763,15897,17517,8480,9037,4380,2096,2284,
21925,17529,8328,9201,30671,14857,15814,35051,16857,18194,30667,14767,15900,17521,8482,9039,4381,2096,2285,
21930,17533,8331,9202,30678,14860,15818,35059,16864,18195,30674,14771,15903,17525,8485,9040,4382,2097,2285,
21935,17537,8333,9204,30685,14862,15823,35067,16869,18198,30681,14777,15904,17529,8486,9043,4383,2098,2285,
21940,17541,8335,9206,30692,14866,15826,35075,16874,18201,30688,14779,15909,17533,8487,9046,4384,2099,2285,
21945,17545,8337,9208,30699,14869,15830,35083,16878,18205,30695,14782,15913,17537,8489,9048,4385,2099,2286,
21950,17549,8338,9211,30706,14870,15836,35091,16883,18208,30702,14786,15916,17541,8491,9050,4386,2100,2286,
21955,17553,8340,9213,30713,14873,15840,35099,16889,18210,30709,14790,15919,17545,8492,9053,4387,2101,2286,
21960,17557,8343,9214,30720,14879,15841,35107,16893,18214,30716,14793,15923,17549,8492,9057,4388,2101,2287,
21965,17561,8346,9215,30727,14884,15843,35115,16897,18218,30723,14796,15927,17553,8495,9058,4389,2101,2288,
21970,17565,8348,9217,30734,14889,15845,35123,16900,18223,30730,14799,15931,17557,8498,9059,4390,2101,2289,
21975,17569,8349,9220,30741,14893,15848,35131,16906,18225,30737,14803,15934,17561,8498,9063,4391,2102,2289,
21980,17573,8351,9222,30748,14896,15852,35139,16911,18228,30744,14808,15936,17565,8499,9066,4392,2102,2290,
21985,17577,8353,9224,30755,14897,15858,35147,16917,18230,30751,14809,15942,17569,8500,9069,4393,2102,2291,
21990,17581,8355,9226,30762,14899,15863,35155,16922,18233,30758,14813,15945,17573,8501,9072,4394,2102,2292,
21995,17585,8355,9230,30769,14902,15867,35163,16928,18235,30765,14816,15949,17577,8504,9073,4395,2103,2292,
22000,17589,8356,9233,30776,14904,15872,35171,16933,18238,30772,14819,15953,17581,8505,9076,4396,2104,2292,
22005,17593,8357,9236,30783,14907,15876,35179,16937,18242,30779,14822,15957,17585,8507,9078,4397,2104,2293,
22010,17597,8360,9237,30790,14912,15878,35187,16941,18246,30786,14827,15959,17589,8508,9081,4398,2105,2293,
22015,17601,8360,9241,30797,14915,15882,35195,16944,18251,30793,14829,15964,17593,8509,9084,4399,2106,2293,
22020,17605,8364,9241,30804,14918,15886,35203,16948,18255,30800,14832,15968,17597,8512,9085,4400,2107,2293,
22025,17609,8365,9244,30811,14922,15889,35211,16952,18259,30807,14835,15972,17601,8514,9087,4401,2107,2294,
22030,17613,8365,9248,30818,14925,15893,35219,16958,18261,30814,14838,15976,17605,8516,9089,4402,2107,2295,
22035,17617,8367,9250,30825,14927,15898,35227,16961,18266,30821,14842,15979,17609,8518,9091,4403,2108,2295,
22040,17621,8369,9252,30832,14930,15902,35235,16965,18270,30828,14846,15982,17613,8520,9093,4404,2109,2295,
22045,17625,8370,9255,30839,14936,15903,35243,16972,18271,30835,14851,15984,17617,8523,9094,4405,2110,2295,
22050,17629,8371,9258,30846,14937,15909,35251,16977,18274,30842,14857,15985,17621,8524,9097,4406,2111,2295,
22055,17633,8374,9259,30853,14938,15915,35259,16982,18277,30849,14861,15988,17625,8527,9098,4407,2112,2295,
22060,17637,8375,9262,30860,14942,15918,35267,16986,18281,30856,14864,15992,17629,8529,9100,4408,2112,2296,
22065,17641,8376,9265,30867,14942,15925,35275,16989,18286,30863,14867,15996,17633,8530,9103,4409,2112,2297,
22070,17645,8378,9267,30874,14946,15928,35283,16995,18288,30870,14868,16002,17637,8531,9106,4410,2112,2298,
22075,17649,8381,9268,30881,14948,15933,35291,17000,18291,30877,14874,16003,17641,8533,9108,4411,2113,2298,
22080,17653,8383,9270,30888,14952,15936,35299,17005,18294,30884,14877,16007,17645,8536,9109,4412,2114,2298,
22085,17657,8386,9271,30895,14954,15941,35307,17009,18298,30891,14880,16011,17649,8537,9112,4413,2115,2298,
22090,17661,8388,9273,30902,14957,15945,35315,17014,18301,30898,14884,16014,17653,8538,9115,4414,2116,2298,
22095,17665,8391,9274,30909,14961,15948,35323,17020,18303,30905,14888,16017,17657,8538,9119,4415,2116,2299,
22100,17669,8394,9275,30916,14966,15950,35331,17025,18306,30912,14891,16021,17661,8539,9122,4416,2116,2300,
22105,17673,8397,9276,30923,14970,15953,35339,17028,18311,30919,14895,16024,17665,8543,9122,4417,2116,2301,
22110,17677,8397,9280,30930,14975,15955,35347,17031,18316,30926,14898,16028,17669,8546,9123,4418,2117,2301,
22115,17681,8399,9282,30937,14977,15960,35355,17034,18321,30933,14901,16032,17673,8547,9126,4419,2117,2302,
22120,17685,8399,9286,30944,14978,15966,35363,17038,18325,30940,14903,16037,17677,8548,9129,4420,2117,2303,
22125,17689,8400,9289,30951,14979,15972,35371,17041,18330,30947,14906,16041,17681,8550,9131,4421,2117,2304,
22130,17693,8403,9290,30958,14984,15974,35379,17044,18335,30954,14909,16045,17685,8554,9131,4422,2117,2305,
22135,17697,8404,9293,30965,14987,15978,35387,17047,18340,30961,14911,16050,17689,8556,9133,4423,2117,2306,
22140,17701,8405,9296,30972,14990,15982,35395,17051,18344,30968,14914,16054,17693,8557,9136,4424,2117,2307,
22145,17705,8407,9298,30979,14996,15983,35403,17054,18349,30975,14919,16056,17697,8560,9137,4425,2118,2307,
22150,17709,8407,9302,30986,14998,15988,35411,17059,18352,30982,14923,16059,17701,8563,9138,4426,2118,2308,
22155,17713,8409,9304,30993,15002,15991,35419,17062,18357,30989,14926,16063,17705,8565,9140,4427,2118,2309,
22160,17717,8410,9307,31000,15006,15994,35427,17066,18361,30996,14928,16068,17709,8565,9144,4428,2118,2310,
22165,17721,8412,9309,31007,15010,15997,35435,17071,18364,31003,14932,16071,17713,8567,9146,4429,2118,2311,
22170,17725,8413,9312,31014,15014,16000,35443,17074,18369,31010,14934,16076,17717,8567,9150,4430,2118,2312,
22175,17729,8414,9315,31021,15018,16003,35451,17079,18372,31017,14937,16080,17721,8571,9150,4431,2119,2312,
22180,17733,8418,9315,31028,15021,16007,35459,17084,18375,31024,14938,16086,17725,8572,9153,4432,2120,2312,
22185,17737,8421,9316,31035,15026,16009,35467,17087,18380,31031,14939,16092,17729,8574,9155,4433,2120,2313,
22190,17741,8424,9317,31042,15030,16012,35475,17090,18385,31038,14943,16095,17733,8578,9155,4434,2121,2313,
22195,17745,8425,9320,31049,15035,16014,35483,17095,18388,31045,14948,16097,17737,8581,9156,4435,2122,2313,
22200,17749,8427,9322,31056,15036,16020,35491,17100,18391,31052,14951,16101,17741,8583,9158,4436,2122,2314,
22205,17753,8427,9326,31063,15038,16025,35499,17104,18395,31059,14954,16105,17745,8584,9161,4437,2123,2314,
22210,17757,8428,9329,31070,15042,16028,35507,17108,18399,31066,14957,16109,17749,8586,9163,4438,2123,2315,
22215,17761,8432,9329,31077,15046,16031,35515,17112,18403,31073,14959,16114,17753,8589,9164,4439,2124,2315,
22220,17765,8433,9332,31084,15049,16035,35523,17116,18407,31080,14963,16117,17757,8590,9167,4440,2124,2316,
22225,17769,8434,9335,31091,15052,16039,35531,17121,18410,31087,14966,16121,17761,8591,9170,4441,2124,2317,
22230,17773,8435,9338,31098,15055,16043,35539,17124,18415,31094,14968,16126,17765,8593,9172,4442,2125,2317,
22235,17777,8438,9339,31105,15058,16047,35547,17128,18419,31101,14971,16130,17769,8595,9174,4443,2126,2317,
22240,17781,8441,9340,31112,15064,16048,35555,17130,18425,31108,14974,16134,17773,8597,9176,4444,2126,2318,
22245,17785,8443,9342,31119,15067,16052,35563,17135,18428,31115,14976,16139,17777,8600,9177,4445,2127,2318,
22250,17789,8445,9344,31126,15069,16057,35571,17139,18432,31122,14979,16143,17781,8602,9179,4446,2127,2319,
22255,17793,8447,9346,31133,15073,16060,35579,17143,18436,31129,14982,16147,17785,8603,9182,4447,2127,2320,
22260,17797,8448,9349,31140,15076,16064,35587,17145,18442,31136,14985,16151,17789,8605,9184,4448,2127,2321,
22265,17801,8449,9352,31147,15078,16069,35595,17149,18446,31143,14990,16153,17793,8609,9184,4449,2127,2322,
22270,17805,8452,9353,31154,15083,16071,35603,17153,18450,31150,14994,16156,17797,8611,9186,4450,2127,2323,
22275,17809,8454,9355,31161,15086,16075,35611,17159,18452,31157,14998,16159,17801,8614,9187,4451,2127,2324,
22280,17813,8455,9358,31168,15090,16078,35619,17166,18453,31164,15001,16163,17805,8614,9191,4452,2127,2325,
22285,17817,8457,9360,31175,15095,16080,35627,17171,18456,31171,15003,16168,17809,8616,9193,4453,2128,2325,
22290,17821,8458,9363,31182,15096,16086,35635,17176,18459,31178,15007,16171,17813,8618,9195,4454,2129,2325,
22295,17825,8461,9364,31189,15098,16091,35643,17181,18462,31185,15012,16173,17817,8618,9199,4455,2129,2326,
22300,17829,8464,9365,31196,15104,16092,35651,17184,18467,31192,15014,16178,17821,8619,9202,4456,2129,2327,
22305,17833,8466,9367,31203,15108,16095,35659,17187,18472,31199,15019,16180,17825,8620,9205,4457,2129,2328,
22310,17837,8468,9369,31210,15111,16099,35667,17191,18476,31206,15024,16182,17829,8622,9207,4458,2129,2329,
22315,17841,8470,9371,31217,15112,16105,35675,17194,18481,31213,15026,16187,17833,8623,9210,4459,2129,2330,
22320,17845,8471,9374,31224,15115,16109,35683,17200,18483,31220,15030,16190,17837,8626,9211,4460,2130,2330,
22325,17849,8474,9375,31231,15121,16110,35691,17204,18487,31227,15033,16194,17841,8628,9213,4461,2130,2331,
22330,17853,8477,9376,31238,15126,16112,35699,17207,18492,31234,15037,16197,17845,8631,9214,4462,2131,2331,
22335,17857,8478,9379,31245,15130,16115,35707,17211,18496,31241,15039,16202,17849,8633,9216,4463,2132,2331,
22340,17861,8481,9380,31252,15134,16118,35715,17215,18500,31248,15043,16205,17853,8633,9220,4464,2132,2332,
22345,17865,8483,9382,31259,15137,16122,35723,17217,18506,31255,15050,16205,17857,8634,9223,4465,2133,2332,
22350,17869,8484,9385,31266,15141,16125,35731,17220,18511,31262,15054,16208,17861,8635,9226,4466,2134,2332,
22355,17873,8485,9388,31273,15146,16127,35739,17222,18517,31269,15056,16213,17865,8637,9228,4467,2134,2333,
22360,17877,8487,9390,31280,15150,16130,35747,17224,18523,31276,15059,16217,17869,8640,9229,4468,2135,2333,
22365,17881,8489,9392,31287,15155,16132,35755,17229,18526,31283,15060,16223,17873,8642,9231,4469,2135,2334,
22370,17885,8490,9395,31294,15159,16135,35763,17234,18529,31290,15063,16227,17877,8643,9234,4470,2136,2334,
22375,17889,8492,9397,31301,15162,16139,35771,17238,18533,31297,15066,16231,17881,8645,9236,4471,2136,2335,
22380,17893,8493,9400,31308,15166,16142,35779,17238,18541,31304,15070,16234,17885,8647,9238,4472,2137,2335,
22385,17897,8494,9403,31315,15170,16145,35787,17241,18546,31311,15073,16238,17889,8650,9239,4473,2138,2335,
22390,17901,8496,9405,31322,15172,16150,35795,17244,18551,31318,15076,16242,17893,8652,9241,4474,2139,2335,
22395,17905,8499,9406,31329,15174,16155,35803,17249,18554,31325,15080,16245,17897,8653,9244,4475,2139,2336,
22400,17909,8501,9408,31336,15179,16157,35811,17252,18559,31332,15083,16249,17901,8654,9247,4476,2140,2336,
22405,17913,8502,9411,31343,15182,16161,35819,17255,18564,31339,15085,16254,17905,8655,9250,4477,2141,2336,
22410,17917,8504,9413,31350,15185,16165,35827,17258,18569,31346,15090,16256,17909,8656,9253,4478,2142,2336,
22415,17921,8505,9416,31357,15188,16169,35835,17261,18574,31353,15095,16258,17913,8657,9256,4479,2143,2336,
22420,17925,8507,9418,31364,15191,16173,35843,17265,18578,31360,15098,16262,17917,8659,9258,4480,2144,2336,
22425,17929,8510,9419,31371,15195,16176,35851,17271,18580,31367,15103,16264,17921,8661,9260,4481,2144,2337,
22430,17933,8512,9421,31378,15198,16180,35859,17273,18586,31374,15106,16268,17925,8664,9261,4482,2144,2338,
22435,17937,8514,9423,31385,15201,16184,35867,17277,18590,31381,15112,16269,17929,8667,9262,4483,2144,2339,
22440,17941,8518,9423,31392,15203,16189,35875,17282,18593,31388,15117,16271,17933,8671,9262,4484,2145,2339,
22445,17945,8520,9425,31399,15206,16193,35883,17287,18596,31395,15120,16275,17937,8673,9264,4485,2146,2339,
22450,17949,8523,9426,31406,15209,16197,35891,17290,18601,31402,15125,16277,17941,8676,9265,4486,2147,2339,
22455,17953,8525,9428,31413,15212,16201,35899,17294,18605,31409,15128,16281,17945,8677,9268,4487,2147,2340,
22460,17957,8527,9430,31420,15217,16203,35907,17298,18609,31416,15130,16286,17949,8677,9272,4488,2147,2341,
22465,17961,8528,9433,31427,15219,16208,35915,17303,18612,31423,15133,16290,17953,8679,9274,4489,2147,2342,
22470,17965,8529,9436,31434,15221,16213,35923,17308,18615,31430,15135,16295,17957,8681,9276,4490,2148,2342,
22475,17969,8531,9438,31441,15223,16218,35931,17314,18617,31437,15140,16297,17961,8683,9278,4491,2148,2343,
22480,17973,8533,9440,31448,15228,16220,35939,17317,18622,31444,15144,16300,17965,8685,9280,4492,2149,2343,
22485,17977,8534,9443,31455,15230,16225,35947,17320,18627,31451,15149,16302,17969,8687,9282,4493,2149,2344,
22490,17981,8538,9443,31462,15235,16227,35955,17322,18633,31458,15152,16306,17973,8690,9283,4494,2149,2345,
22495,17985,8540,9445,31469,15238,16231,35963,17326,18637,31465,15156,16309,17977,8693,9284,4495,2150,2345,
22500,17989,8542,9447,31476,15241,16235,35971,17330,18641,31472,15158,16314,17981,8696,9285,4496,2151,2345,
22505,17993,8544,9449,31483,15246,16237,35979,17336,18643,31479,15163,16316,17985,8697,9288,4497,2151,2346,
22510,17997,8547,9450,31490,15249,16241,35987,17340,18647,31486,15167,16319,17989,8698,9291,4498,2152,2346,
22515,18001,8548,9453,31497,15254,16243,35995,17346,18649,31493,15171,16322,17993,8700,9293,4499,2152,2347,
22520,18005,8550,9455,31504,15258,16246,36003,17351,18652,31500,15174,16326,17997,8700,9297,4500,2153,2347,
22525,18009,8551,9458,31511,15261,16250,36011,17356,18655,31507,15178,16329,18001,8702,9299,4501,2154,2347,
22530,18013,8552,9461,31518,15264,16254,36019,17362,18657,31514,15181,16333,18005,8702,9303,4502,2154,2348,
22535,18017,8553,9464,31525,15266,16259,36027,17366,18661,31521,15184,16337,18009,8703,9306,4503,2154,2349,
22540,18021,8554,9467,31532,15269,16263,36035,17373,18662,31528,15185,16343,18013,8706,9307,4504,2155,2349,
22545,18025,8556,9469,31539,15272,16267,36043,17378,18665,31535,15188,16347,18017,8709,9308,4505,2156,2349,
22550,18029,8557,9472,31546,15276,16270,36051,17381,18670,31542,15192,16350,18021,8712,9309,4506,2156,2350,
22555,18033,8559,9474,31553,15281,16272,36059,17386,18673,31549,15194,16355,18025,8715,9310,4507,2156,2351,
22560,18037,8562,9475,31560,15287,16273,36067,17388,18679,31556,15197,16359,18029,8716,9313,4508,2156,2352,
22565,18041,8563,9478,31567,15290,16277,36075,17392,18683,31563,15199,16364,18033,8717,9316,4509,2157,2352,
22570,18045,8564,9481,31574,15295,16279,36083,17395,18688,31570,15204,16366,18037,8718,9319,4510,2158,2352,
22575,18049,8566,9483,31581,15298,16283,36091,17400,18691,31577,15207,16370,18041,8720,9321,4511,2158,2353,
22580,18053,8568,9485,31588,15300,16288,36099,17401,18698,31584,15212,16372,18045,8722,9323,4512,2159,2353,
22585,18057,8569,9488,31595,15302,16293,36107,17407,18700,31591,15213,16378,18049,8724,9325,4513,2159,2354,
22590,18061,8571,9490,31602,15305,16297,36115,17411,18704,31598,15217,16381,18053,8725,9328,4514,2159,2355,
22595,18065,8575,9490,31609,15309,16300,36123,17417,18706,31605,15219,16386,18057,8727,9330,4515,2159,2356,
22600,18069,8577,9492,31616,15311,16305,36131,17420,18711,31612,15221,16391,18061,8730,9331,4516,2160,2356,
22605,18073,8579,9494,31623,15316,16307,36139,17423,18716,31619,15224,16395,18065,8732,9333,4517,2161,2356,
22610,18077,8581,9496,31630,15321,16309,36147,17426,18721,31626,15229,16397,18069,8735,9334,4518,2162,2356,
22615,18081,8583,9498,31637,15325,16312,36155,17430,18725,31633,15233,16400,18073,8736,9337,4519,2162,2357,
22620,18085,8584,9501,31644,15328,16316,36163,17431,18732,31640,15237,16403,18077,8738,9339,4520,2162,2358,
22625,18089,8586,9503,31651,15332,16319,36171,17434,18737,31647,15239,16408,18081,8740,9341,4521,2162,2359,
22630,18093,8587,9506,31658,15333,16325,36179,17437,18742,31654,15242,16412,18085,8742,9343,4522,2162,2360,
22635,18097,8590,9507,31665,15336,16329,36187,17441,18746,31661,15247,16414,18089,8745,9344,4523,2163,2360,
22640,18101,8593,9508,31672,15337,16335,36195,17446,18749,31668,15249,16419,18093,8746,9347,4524,2163,2361,
22645,18105,8595,9510,31679,15340,16339,36203,17449,18754,31675,15250,16425,18097,8747,9350,4525,2164,2361,
22650,18109,8596,9513,31686,15342,16344,36211,17455,18756,31682,15252,16430,18101,8749,9352,4526,2164,2362,
22655,18113,8598,9515,31693,15345,16348,36219,17456,18763,31689,15255,16434,18105,8750,9355,4527,2164,2363,
22660,18117,8600,9517,31700,15349,16351,36227,17460,18767,31696,15259,16437,18109,8752,9357,4528,2164,2364,
22665,18121,8603,9518,31707,15352,16355,36235,17464,18771,31703,15261,16442,18113,8755,9358,4529,2165,2364,
22670,18125,8605,9520,31714,15357,16357,36243,17470,18773,31710,15266,16444,18117,8757,9360,4530,2165,2365,
22675,18129,8606,9523,31721,15361,16360,36251,17473,18778,31717,15271,16446,18121,8760,9361,4531,2165,2366,
22680,18133,8608,9525,31728,15365,16363,36259,17478,18781,31724,15271,16453,18125,8761,9364,4532,2165,2367,
22685,18137,8608,9529,31735,15367,16368,36267,17480,18787,31731,15272,16459,18129,8763,9366,4533,2165,2368,
22690,18141,8608,9533,31742,15371,16371,36275,17482,18793,31738,15276,16462,18133,8765,9368,4534,2165,2369,
22695,18145,8610,9535,31749,15376,16373,36283,17486,18797,31745,15279,16466,18137,8767,9370,4535,2166,2369,
22700,18149,8613,9536,31756,15377,16379,36291,17487,18804,31752,15281,16471,18141,8769,9372,4536,2167,2369,
22705,18153,8615,9538,31763,15381,16382,36299,17490,18809,31759,15286,16473,18145,8769,9376,4537,2168,2369,
22710,18157,8618,9539,31770,15385,16385,36307,17495,18812,31766,15290,16476,18149,8770,9379,4538,2169,2369,
22715,18161,8621,9540,31777,15389,16388,36315,17499,18816,31773,15296,16477,18153,8770,9383,4539,2169,2370,
22720,18165,8623,9542,31784,15391,16393,36323,17503,18820,31780,15301,16479,18157,8771,9386,4540,2170,2370,
22725,18169,8625,9544,31791,15395,16396,36331,17505,18826,31787,15303,16484,18161,8773,9388,4541,2170,2371,
22730,18173,8625,9548,31798,15398,16400,36339,17508,18831,31794,15307,16487,18165,8775,9390,4542,2170,2372,
22735,18177,8627,9550,31805,15402,16403,36347,17512,18835,31801,15309,16492,18169,8777,9392,4543,2170,2373,
22740,18181,8627,9554,31812,15407,16405,36355,17516,18839,31808,15315,16493,18173,8781,9392,4544,2170,2374,
22745,18185,8629,9556,31819,15411,16408,36363,17519,18844,31815,15320,16495,18177,8782,9395,4545,2171,2374,
22750,18189,8630,9559,31826,15416,16410,36371,17520,18851,31822,15324,16498,18181,8782,9399,4546,2171,2375,
22755,18193,8632,9561,31833,15419,16414,36379,17525,18854,31829,15327,16502,18185,8783,9402,4547,2171,2376,
22760,18197,8635,9562,31840,15422,16418,36387,17530,18857,31836,15328,16508,18189,8785,9404,4548,2171,2377,
22765,18201,8639,9562,31847,15424,16423,36395,17533,18862,31843,15333,16510,18193,8788,9405,4549,2172,2377,
22770,18205,8639,9566,31854,15425,16429,36403,17538,18865,31850,15335,16515,18197,8790,9407,4550,2173,2377,
22775,18209,8643,9566,31861,15428,16433,36411,17543,18868,31857,15335,16522,18201,8792,9409,4551,2173,2378,
22780,18213,8644,9569,31868,15433,16435,36419,17548,18871,31864,15339,16525,18205,8793,9412,4552,2174,2378,
22785,18217,8645,9572,31875,15435,16440,36427,17550,18877,31871,15342,16529,18209,8795,9414,4553,2174,2379,
22790,18221,8647,9574,31882,15439,16443,36435,17555,18880,31878,15344,16534,18213,8797,9416,4554,2174,2380,
22795,18225,8648,9577,31889,15441,16448,36443,17556,18887,31885,15347,16538,18217,8799,9418,4555,2174,2381,
22800,18229,8651,9578,31896,15445,16451,36451,17559,18892,31892,15353,16539,18221,8801,9420,4556,2175,2381,
22805,18233,8653,9580,31903,15448,16455,36459,17565,18894,31899,15357,16542,18225,8803,9422,4557,2176,2381,
22810,18237,8656,9581,31910,15450,16460,36467,17568,18899,31906,15359,16547,18229,8805,9424,4558,2176,2382,
22815,18241,8657,9584,31917,15453,16464,36475,17572,18903,31913,15360,16553,18233,8807,9426,4559,2176,2383,
22820,18245,8659,9586,31924,15454,16470,36483,17574,18909,31920,15364,16556,18237,8810,9427,4560,2177,2383,
22825,18249,8661,9588,31931,15460,16471,36491,17581,18910,31927,15366,16561,18241,8811,9430,4561,2177,2384,
22830,18253,8663,9590,31938,15463,16475,36499,17586,18913,31934,15370,16564,18245,8812,9433,4562,2178,2384,
22835,18257,8664,9593,31945,15466,16479,36507,17589,18918,31941,15375,16566,18249,8815,9434,4563,2179,2384,
22840,18261,8664,9597,31952,15472,16480,36515,17593,18922,31948,15380,16568,18253,8817,9436,4564,2180,2384,
22845,18265,8666,9599,31959,15473,16486,36523,17597,18926,31955,15382,16573,18257,8819,9438,4565,2181,2384,
22850,18269,8666,9603,31966,15475,16491,36531,17599,18932,31962,15385,16577,18261,8823,9438,4566,2181,2385,
22855,18273,8667,9606,31973,15476,16497,36539,17603,18936,31969,15388,16581,18265,8823,9442,4567,2181,2386,
22860,18277,8668,9609,31980,15480,16500,36547,17608,18939,31976,15391,16585,18269,8826,9443,4568,2182,2386,
22865,18281,8669,9612,31987,15484,16503,36555,17611,18944,31983,15395,16588,18273,8827,9446,4569,2183,2386,
22870,18285,8670,9615,31994,15488,16506,36563,17616,18947,31990,15398,16592,18277,8829,9448,4570,2183,2387,
22875,18289,8672,9617,32001,15490,16511,36571,17620,18951,31997,15399,16598,18281,8831,9450,4571,2184,2387,
22880,18293,8676,9617,32008,15495,16513,36579,17626,18953,32004,15403,16601,18285,8834,9451,4572,2185,2387,
22885,18297,8677,9620,32015,15497,16518,36587,17630,18957,32011,15406,16605,18289,8836,9453,4573,2186,2387,
22890,18301,8679,9622,32022,15500,16522,36595,17631,18964,32018,15409,16609,18293,8839,9454,4574,2187,2387,
22895,18305,8682,9623,32029,15504,16525,36603,17634,18969,32025,15412,16613,18297,8841,9456,4575,2188,2387,
22900,18309,8684,9625,32036,15508,16528,36611,17635,18976,32032,15414,16618,18301,8842,9459,4576,2188,2388,
22905,18313,8686,9627,32043,15509,16534,36619,17642,18977,32039,15417,16622,18305,8843,9462,4577,2189,2388,
22910,18317,8687,9630,32050,15513,16537,36627,17645,18982,32046,15421,16625,18309,8845,9464,4578,2189,2389,
22915,18321,8689,9632,32057,15515,16542,36635,17649,18986,32053,15425,16628,18313,8847,9466,4579,2189,2390,
22920,18325,8692,9633,32064,15519,16545,36643,17651,18992,32060,15428,16632,18317,8849,9468,4580,2190,2390,
22925,18329,8693,9636,32071,15524,16547,36651,17656,18995,32067,15432,16635,18321,8851,9470,4581,2191,2390,
22930,18333,8694,9639,32078,15527,16551,36659,17661,18998,32074,15438,16636,18325,8853,9472,4582,2192,2390,
22935,18337,8697,9640,32085,15530,16555,36667,17665,19002,32081,15440,16641,18329,8855,9474,4583,2192,2391,
22940,18341,8701,9640,32092,15532,16560,36675,17670,19005,32088,15443,16645,18333,8858,9475,4584,2193,2391,
22945,18345,8703,9642,32099,15537,16562,36683,17675,19008,32095,15448,16647,18337,8859,9478,4585,2194,2391,
22950,18349,8704,9645,32106,15539,16567,36691,17678,19013,32102,15451,16651,18341,8863,9478,4586,2194,2392,
22955,18353,8706,9647,32113,15542,16571,36699,17682,19017,32109,15453,16656,18345,8863,9482,4587,2195,2392,
22960,18357,8709,9648,32120,15544,16576,36707,17683,19024,32116,15458,16658,18349,8865,9484,4588,2196,2392,
22965,18361,8711,9650,32127,15547,16580,36715,17686,19029,32123,15460,16663,18353,8866,9487,4589,2196,2393,
22970,18365,8712,9653,32134,15549,16585,36723,17689,19034,32130,15462,16668,18357,8868,9489,4590,2196,2394,
22975,18369,8714,9655,32141,15550,16591,36731,17694,19037,32137,15464,16673,18361,8871,9490,4591,2197,2394,
22980,18373,8715,9658,32148,15554,16594,36739,17698,19041,32144,15468,16676,18365,8873,9492,4592,2197,2395,
22985,18377,8716,9661,32155,15558,16597,36747,17701,19046,32151,15469,16682,18369,8875,9494,4593,2197,2396,
22990,18381,8718,9663,32162,15563,16599,36755,17702,19053,32158,15471,16687,18373,8879,9494,4594,2198,2396,
22995,18385,8720,9665,32169,15565,16604,36763,17704,19059,32165,15474,16691,18377,8880,9497,4595,2199,2396,
23000,18389,8722,9667,32176,15569,16607,36771,17706,19065,32172,15477,16695,18381,8882,9499,4596,2200,2396,
23005,18393,8723,9670,32183,15571,16612,36779,17711,19068,32179,15480,16699,18385,8884,9501,4597,2201,2396,
23010,18397,8725,9672,32190,15576,16614,36787,17714,19073,32186,15486,16700,18389,8885,9504,4598,2201,2397,
23015,18401,8728,9673,32197,15580,16617,36795,17717,19078,32193,15487,16706,18393,8887,9506,4599,2202,2397,
23020,18405,8730,9675,32204,15583,16621,36803,17718,19085,32200,15492,16708,18397,8889,9508,4600,2203,2397,
23025,18409,8734,9675,32211,15586,16625,36811,17724,19087,32207,15495,16712,18401,8890,9511,4601,2204,2397,
23030,18413,8736,9677,32218,15589,16629,36819,17728,19091,32214,15499,16715,18405,8893,9512,4602,2204,2398,
23035,18417,8739,9678,32225,15595,16630,36827,17732,19095,32221,15503,16718,18409,8894,9515,4603,2204,2399,
23040,18421,8742,9679,32232,15599,16633,36835,17737,19098,32228,15508,16720,18413,8897,9516,4604,2205,2399,
23045,18425,8744,9681,32239,15601,16638,36843,17739,19104,32235,15512,16723,18417,8901,9516,4605,2205,2400,
23050,18429,8746,9683,32246,15603,16643,36851,17741,19110,32242,15515,16727,18421,8902,9519,4606,2205,2401,
23055,18433,8748,9685,32253,15605,16648,36859,17746,19113,32249,15519,16730,18425,8905,9520,4607,2206,2401,
23060,18437,8750,9687,32260,15608,16652,36867,17750,19117,32256,15523,16733,18429,8906,9523,4608,2206,2402,
23065,18441,8752,9689,32267,15610,16657,36875,17753,19122,32263,15527,16736,18433,8907,9526,4609,2206,2403,
23070,18445,8754,9691,32274,15613,16661,36883,17756,19127,32270,15532,16738,18437,8908,9529,4610,2207,2403,
23075,18449,8755,9694,32281,15615,16666,36891,17760,19131,32277,15536,16741,18441,8909,9532,4611,2207,2404,
23080,18453,8757,9696,32288,15618,16670,36899,17765,19134,32284,15540,16744,18445,8912,9533,4612,2207,2405,
23085,18457,8759,9698,32295,15621,16674,36907,17770,19137,32291,15542,16749,18449,8915,9534,4613,2208,2405,
23090,18461,8760,9701,32302,15625,16677,36915,17774,19141,32298,15547,16751,18453,8916,9537,4614,2209,2405,
23095,18465,8761,9704,32309,15627,16682,36923,17777,19146,32305,15550,16755,18457,8917,9540,4615,2209,2406,
23100,18469,8763,9706,32316,15630,16686,36931,17778,19153,32312,15554,16758,18461,8921,9540,4616,2210,2406,
23105,18473,8764,9709,32323,15634,16689,36939,17780,19159,32319,15559,16760,18465,8923,9542,4617,2210,2407,
23110,18477,8766,9711,32330,15638,16692,36947,17783,19164,32326,15563,16763,18469,8926,9543,4618,2211,2407,
23115,18481,8768,9713,32337,15643,16694,36955,17787,19168,32333,15567,16766,18473,8928,9545,4619,2212,2407,
23120,18485,8769,9716,32344,15647,16697,36963,17793,19170,32340,15569,16771,18477,8930,9547,4620,2212,2408,
23125,18489,8770,9719,32351,15649,16702,36971,17795,19176,32347,15573,16774,18481,8932,9549,4621,2213,2408,
23130,18493,8772,9721,32358,15650,16708,36979,17798,19181,32354,15577,16777,18485,8933,9552,4622,2213,2409,
23135,18497,8774,9723,32365,15654,16711,36987,17802,19185,32361,15581,16780,18489,8933,9556,4623,2213,2410,
23140,18501,8775,9726,32372,15659,16713,36995,17805,19190,32368,15586,16782,18493,8933,9560,4624,2214,2410,
23145,18505,8777,9728,32379,15663,16716,37003,17807,19196,32375,15589,16786,18497,8934,9563,4625,2214,2411,
23150,18509,8780,9729,32386,15664,16722,37011,17810,19201,32382,15592,16790,18501,8936,9565,4626,2214,2412,
23155,18513,8782,9731,32393,15667,16726,37019,17816,19203,32389,15596,16793,18505,8937,9568,4627,2214,2413,
23160,18517,8784,9733,32400,15670,16730,37027,17819,19208,32396,15598,16798,18509,8941,9568,4628,2214,2414,
23165,18521,8788,9733,32407,15673,16734,37035,17823,19212,32403,15600,16803,18513,8942,9571,4629,2215,2414,
23170,18525,8789,9736,32414,15678,16736,37043,17824,19219,32410,15603,16807,18517,8944,9573,4630,2216,2414,
23175,18529,8792,9737,32421,15681,16740,37051,17829,19222,32417,15607,16810,18521,8944,9577,4631,2217,2414,
23180,18533,8793,9740,32428,15683,16745,37059,17831,19228,32424,15608,16816,18525,8944,9581,4632,2218,2414,
23185,18537,8794,9743,32435,15684,16751,37067,17838,19229,32431,15612,16819,18529,8947,9582,4633,2218,2415,
23190,18541,8795,9746,32442,15688,16754,37075,17842,19233,32438,15616,16822,18533,8949,9584,4634,2218,2416,
23195,18545,8795,9750,32449,15691,16758,37083,17845,19238,32445,15619,16826,18537,8949,9588,4635,2218,2417,
23200,18549,8796,9753,32456,15692,16764,37091,17849,19242,32452,15622,16830,18541,8952,9589,4636,2218,2418,
23205,18553,8797,9756,32463,15693,16770,37099,17853,19246,32459,15625,16834,18545,8953,9592,4637,2218,2419,
23210,18557,8798,9759,32470,15694,16776,37107,17859,19248,32466,15628,16838,18549,8956,9593,4638,2218,2420,
23215,18561,8800,9761,32477,15698,16779,37115,17862,19253,32473,15634,16839,18553,8958,9595,4639,2218,2421,
23220,18565,8804,9761,32484,15700,16784,37123,17866,19257,32480,15636,16844,18557,8959,9598,4640,2219,2421,
23225,18569,8806,9763,32491,15702,16789,37131,17870,19261,32487,15641,16846,18561,8960,9601,4641,2219,2422,
23230,18573,8806,9767,32498,15704,16794,37139,17875,19264,32494,15646,16848,18565,8960,9605,4642,2219,2423,
23235,18577,8806,9771,32505,15709,16796,37147,17878,19269,32501,15651,16850,18569,8962,9607,4643,2220,2423,
23240,18581,8806,9775,32512,15713,16799,37155,17884,19271,32508,15655,16853,18573,8964,9609,4644,2221,2423,
23245,18585,8808,9777,32519,15715,16804,37163,17887,19276,32515,15660,16855,18577,8967,9610,4645,2221,2424,
23250,18589,8810,9779,32526,15718,16808,37171,17891,19280,32522,15664,16858,18581,8968,9613,4646,2221,2425,
23255,18593,8813,9780,32533,15721,16812,37179,17896,19283,32529,15668,16861,18585,8968,9617,4647,2222,2425,
23260,18597,8814,9783,32540,15724,16816,37187,17899,19288,32536,15672,16864,18589,8971,9618,4648,2222,2426,
23265,18601,8816,9785,32547,15726,16821,37195,17900,19295,32543,15674,16869,18593,8973,9620,4649,2222,2427,
23270,18605,8819,9786,32554,15732,16822,37203,17903,19300,32550,15677,16873,18597,8975,9622,4650,2222,2428,
23275,18609,8820,9789,32561,15734,16827,37211,17906,19305,32557,15683,16874,18601,8977,9624,4651,2222,2429,
23280,18613,8820,9793,32568,15737,16831,37219,17911,19308,32564,15686,16878,18605,8978,9627,4652,2223,2429,
23285,18617,8821,9796,32575,15739,16836,37227,17913,19314,32571,15691,16880,18609,8980,9629,4653,2223,2430,
23290,18621,8823,9798,32582,15741,16841,37235,17916,19319,32578,15695,16883,18613,8983,9630,4654,2224,2430,
23295,18625,8826,9799,32589,15746,16843,37243,17923,19320,32585,15699,16886,18617,8984,9633,4655,2224,2431,
23300,18629,8829,9800,32596,15747,16849,37251,17925,19326,32592,15702,16890,18621,8986,9635,4656,2224,2432,
23305,18633,8832,9801,32603,15748,16855,37259,17927,19332,32599,15707,16892,18625,8987,9638,4657,2224,2433,
23310,18637,8834,9803,32610,15751,16859,37267,17932,19335,32606,15708,16898,18629,8990,9639,4658,2224,2434,
23315,18641,8834,9807,32617,15753,16864,37275,17938,19337,32613,15708,16905,18633,8993,9640,4659,2225,2434,
23320,18645,8836,9809,32624,15756,16868,37283,17941,19342,32620,15709,16911,18637,8993,9644,4660,2226,2434,
23325,18649,8837,9812,32631,15760,16871,37291,17943,19348,32627,15711,16916,18641,8995,9646,4661,2226,2435,
23330,18653,8839,9814,32638,15765,16873,37299,17949,19350,32634,15712,16922,18645,8996,9649,4662,2226,2436,
23335,18657,8840,9817,32645,15768,16877,37307,17954,19353,32641,15715,16926,18649,8998,9651,4663,2226,2437,
23340,18661,8843,9818,32652,15773,16879,37315,17959,19356,32648,15717,16931,18653,8998,9655,4664,2227,2437,
23345,18665,8844,9821,32659,15778,16881,37323,17961,19362,32655,15722,16933,18657,9001,9656,4665,2228,2437,
23350,18669,8847,9822,32666,15782,16884,37331,17964,19367,32662,15728,16934,18661,9003,9658,4666,2228,2438,
23355,18673,8849,9824,32673,15787,16886,37339,17968,19371,32669,15733,16936,18665,9006,9659,4667,2228,2439,
23360,18677,8852,9825,32680,15789,16891,37347,17972,19375,32676,15735,16941,18669,9007,9662,4668,2228,2440,
23365,18681,8854,9827,32687,15792,16895,37355,17976,19379,32683,15739,16944,18673,9009,9664,4669,2228,2441,
23370,18685,8855,9830,32694,15796,16898,37363,17979,19384,32690,15742,16948,18677,9011,9666,4670,2228,2442,
23375,18689,8857,9832,32701,15798,16903,37371,17982,19389,32697,15745,16952,18681,9012,9669,4671,2229,2442,
23380,18693,8859,9834,32708,15803,16905,37379,17987,19392,32704,15749,16955,18685,9014,9671,4672,2229,2443,
23385,18697,8862,9835,32715,15806,16909,37387,17991,19396,32711,15753,16958,18689,9015,9674,4673,2229,2444,
23390,18701,8863,9838,32722,15811,16911,37395,17996,19399,32718,15754,16964,18693,9018,9675,4674,2229,2445,
23395,18705,8867,9838,32729,15814,16915,37403,18000,19403,32725,15757,16968,18697,9019,9678,4675,2230,2445,
23400,18709,8867,9842,32736,15817,16919,37411,18005,19406,32732,15760,16972,18701,9022,9679,4676,2230,2446,
23405,18713,8869,9844,32743,15822,16921,37419,18010,19409,32739,15762,16977,18705,9023,9682,4677,2230,2447,
23410,18717,8870,9847,32750,15825,16925,37427,18014,19413,32746,15764,16982,18709,9025,9684,4678,2231,2447,
23415,18721,8872,9849,32757,15830,16927,37435,18019,19416,32753,15768,16985,18713,9028,9685,4679,2232,2447,
23420,18725,8875,9850,32764,15833,16931,37443,18024,19419,32760,15774,16986,18717,9028,9689,4680,2233,2447,
23425,18729,8879,9850,32771,15836,16935,37451,18028,19423,32767,15775,16992,18721,9029,9692,4681,2233,2448,
23430,18733,8881,9852,32778,15837,16941,37459,18032,19427,32774,15777,16997,18725,9030,9695,4682,2234,2448,
23435,18737,8883,9854,32785,15840,16945,37467,18035,19432,32781,15779,17002,18729,9032,9697,4683,2235,2448,
23440,18741,8886,9855,32792,15845,16947,37475,18038,19437,32788,15782,17006,18733,9034,9699,4684,2235,2449,
23445,18745,8887,9858,32799,15848,16951,37483,18042,19441,32795,15786,17009,18737,9037,9700,4685,2235,2450,
23450,18749,8888,9861,32806,15853,16953,37491,18045,19446,32802,15789,17013,18741,9039,9702,4686,2236,2450,
23455,18753,8890,9863,32813,15853,16960,37499,18048,19451,32809,15792,17017,18745,9040,9705,4687,2236,2451,
23460,18757,8894,9863,32820,15857,16963,37507,18054,19453,32816,15798,17018,18749,9043,9706,4688,2236,2452,
23465,18761,8896,9865,32827,15859,16968,37515,18058,19457,32823,15800,17023,18753,9045,9708,4689,2237,2452,
23470,18765,8899,9866,32834,15861,16973,37523,18059,19464,32830,15805,17025,18757,9047,9710,4690,2238,2452,
23475,18769,8901,9868,32841,15864,16977,37531,18064,19467,32837,15809,17028,18761,9049,9712,4691,2239,2452,
23480,18773,8903,9870,32848,15868,16980,37539,18067,19472,32844,15813,17031,18765,9050,9715,4692,2239,2453,
23485,18777,8904,9873,32855,15871,16984,37547,18069,19478,32851,15816,17035,18769,9051,9718,4693,2239,2454,
23490,18781,8905,9876,32862,15873,16989,37555,18072,19483,32858,15822,17036,18773,9052,9721,4694,2240,2454,
23495,18785,8909,9876,32869,15879,16990,37563,18078,19485,32865,15827,17038,18777,9052,9725,4695,2240,2455,
23500,18789,8912,9877,32876,15883,16993,37571,18081,19490,32872,15831,17041,18781,9054,9727,4696,2241,2455,
23505,18793,8912,9881,32883,15886,16997,37579,18085,19494,32879,15838,17041,18785,9057,9728,4697,2242,2455,
23510,18797,8916,9881,32890,15891,16999,37587,18090,19497,32886,15842,17044,18789,9058,9731,4698,2243,2455,
23515,18801,8917,9884,32897,15894,17003,37595,18095,19500,32893,15846,17047,18793,9061,9732,4699,2244,2455,
23520,18805,8919,9886,32904,15896,17008,37603,18099,19504,32900,15849,17051,18797,9063,9734,4700,2245,2455,
23525,18809,8920,9889,32911,15898,17013,37611,18101,19510,32907,15852,17055,18801,9065,9736,4701,2246,2455,
23530,18813,8921,9892,32918,15902,17016,37619,18104,19515,32914,15856,17058,18805,9068,9737,4702,2247,2455,
23535,18817,8924,9893,32925,15906,17019,37627,18110,19517,32921,15860,17061,18809,9070,9739,4703,2247,2456,
23540,18821,8926,9895,32932,15910,17022,37635,18115,19520,32928,15862,17066,18813,9072,9741,4704,2247,2457,
23545,18825,8928,9897,32939,15914,17025,37643,18121,19522,32935,15865,17070,18817,9073,9744,4705,2248,2457,
23550,18829,8931,9898,32946,15915,17031,37651,18125,19526,32942,15867,17075,18821,9075,9746,4706,2248,2458,
23555,18833,8933,9900,32953,15916,17037,37659,18130,19529,32949,15869,17080,18825,9075,9750,4707,2249,2458,
23560,18837,8933,9904,32960,15919,17041,37667,18136,19531,32956,15874,17082,18829,9077,9752,4708,2250,2458,
23565,18841,8934,9907,32967,15922,17045,37675,18142,19533,32963,15876,17087,18833,9080,9753,4709,2251,2458,
23570,18845,8935,9910,32974,15924,17050,37683,18146,19537,32970,15880,17090,18837,9081,9756,4710,2251,2459,
23575,18849,8936,9913,32981,15927,17054,37691,18148,19543,32977,15882,17095,18841,9082,9759,4711,2251,2460,
23580,18853,8939,9914,32988,15932,17056,37699,18154,19545,32984,15888,17096,18845,9082,9763,4712,2251,2461,
23585,18857,8940,9917,32995,15935,17060,37707,18158,19549,32991,15892,17099,18849,9083,9766,4713,2251,2462,
23590,18861,8942,9919,33002,15940,17062,37715,18161,19554,32998,15896,17102,18853,9084,9769,4714,2252,2462,
23595,18865,8944,9921,33009,15943,17066,37723,18163,19560,33005,15898,17107,18857,9085,9772,4715,2252,2463,
23600,18869,8945,9924,33016,15947,17069,37731,18168,19563,33012,15900,17112,18861,9088,9773,4716,2252,2464,
23605,18873,8948,9925,33023,15951,17072,37739,18170,19569,33019,15903,17116,18865,9090,9775,4717,2252,2465,
23610,18877,8951,9926,33030,15955,17075,37747,18171,19576,33026,15906,17120,18869,9091,9778,4718,2252,2466,
23615,18881,8954,9927,33037,15958,17079,37755,18174,19581,33033,15909,17124,18873,9094,9779,4719,2252,2467,
23620,18885,8958,9927,33044,15962,17082,37763,18178,19585,33040,15914,17126,18877,9096,9781,4720,2253,2467,
23625,18889,8961,9928,33051,15965,17086,37771,18180,19591,33047,15917,17130,18881,9097,9784,4721,2253,2468,
23630,18893,8965,9928,33058,15970,17088,37779,18181,19598,33054,15920,17134,18885,9099,9786,4722,2254,2468,
23635,18897,8966,9931,33065,15973,17092,37787,18186,19601,33061,15923,17138,18889,9101,9788,4723,2255,2468,
23640,18901,8968,9933,33072,15979,17093,37795,18188,19607,33068,15927,17141,18893,9103,9790,4724,2255,2469,
23645,18905,8970,9935,33079,15983,17096,37803,18192,19611,33075,15928,17147,18897,9103,9794,4725,2255,2470,
23650,18909,8974,9935,33086,15987,17099,37811,18200,19611,33082,15931,17151,18901,9106,9795,4726,2255,2471,
23655,18913,8976,9937,33093,15993,17100,37819,18202,19617,33089,15934,17155,18905,9107,9798,4727,2256,2471,
23660,18917,8978,9939,33100,15998,17102,37827,18205,19622,33096,15937,17159,18909,9111,9798,4728,2257,2471,
23665,18921,8980,9941,33107,16001,17106,37835,18210,19625,33103,15941,17162,18913,9112,9801,4729,2258,2471,
23670,18925,8983,9942,33114,16006,17108,37843,18212,19631,33110,15944,17166,18917,9114,9803,4730,2258,2472,
23675,18929,8986,9943,33121,16010,17111,37851,18217,19634,33117,15947,17170,18921,9116,9805,4731,2259,2472,
23680,18933,8988,9945,33128,16014,17114,37859,18221,19638,33124,15952,17172,18925,9117,9808,4732,2259,2473,
23685,18937,8992,9945,33135,16017,17118,37867,18225,19642,33131,15956,17175,18929,9119,9810,4733,2259,2474,
23690,18941,8993,9948,33142,16021,17121,37875,18231,19644,33138,15961,17177,18933,9121,9812,4734,2259,2475,
23695,18945,8994,9951,33149,16023,17126,37883,18234,19649,33145,15963,17182,18937,9123,9814,4735,2259,2476,
23700,18949,8995,9954,33156,16026,17130,37891,18236,19655,33152,15964,17188,18941,9125,9816,4736,2259,2477,
23705,18953,8997,9956,33163,16030,17133,37899,18239,19660,33159,15966,17193,18945,9128,9817,4737,2260,2477,
23710,18957,8998,9959,33170,16034,17136,37907,18244,19663,33166,15968,17198,18949,9131,9818,4738,2261,2477,
23715,18961,9000,9961,33177,16038,17139,37915,18248,19667,33173,15972,17201,18953,9134,9819,4739,2261,2478,
23720,18965,9001,9964,33184,16042,17142,37923,18251,19672,33180,15977,17203,18957,9137,9820,4740,2262,2478,
23725,18969,9004,9965,33191,16046,17145,37931,18256,19675,33187,15981,17206,18961,9139,9822,4741,2262,2479,
23730,18973,9007,9966,33198,16048,17150,37939,18260,19679,33194,15984,17210,18965,9140,9825,4742,2262,2480,
23735,18977,9010,9967,33205,16051,17154,37947,18267,19680,33201,15985,17216,18969,9144,9825,4743,2263,2480,
23740,18981,9012,9969,33212,16056,17156,37955,18269,19686,33208,15986,17222,18973,9146,9827,4744,2263,2481,
23745,18985,9015,9970,33219,16060,17159,37963,18272,19691,33215,15990,17225,18977,9148,9829,4745,2264,2481,
23750,18989,9018,9971,33226,16065,17161,37971,18279,19692,33222,15994,17228,18981,9150,9831,4746,2265,2481,
23755,18993,9020,9973,33233,16068,17165,37979,18283,19696,33229,15998,17231,18985,9152,9833,4747,2266,2481,
23760,18997,9022,9975,33240,16071,17169,37987,18287,19700,33236,15999,17237,18989,9155,9834,4748,2266,2482,
23765,19001,9022,9979,33247,16072,17175,37995,18290,19705,33243,16004,17239,18993,9158,9835,4749,2267,2482,
23770,19005,9023,9982,33254,16073,17181,38003,18294,19709,33250,16008,17242,18997,9159,9838,4750,2267,2483,
23775,19009,9023,9986,33261,16076,17185,38011,18298,19713,33257,16012,17245,19001,9161,9840,4751,2268,2483,
23780,19013,9026,9987,33268,16079,17189,38019,18303,19716,33264,16015,17249,19005,9163,9842,4752,2268,2484,
23785,19017,9027,9990,33275,16083,17192,38027,18308,19719,33271,16018,17253,19009,9166,9843,4753,2268,2485,
23790,19021,9029,9992,33282,16086,17196,38035,18312,19723,33278,16022,17256,19013,9167,9846,4754,2269,2485,
23795,19025,9029,9996,33289,16090,17199,38043,18317,19726,33285,16025,17260,19017,9170,9847,4755,2270,2485,
23800,19029,9032,9997,33296,16095,17201,38051,18323,19728,33292,16028,17264,19021,9171,9850,4756,2270,2486,
23805,19033,9033,10000,33303,16098,17205,38059,18324,19735,33299,16032,17267,19025,9172,9853,4757,2271,2486,
23810,19037,9035,10002,33310,16103,17207,38067,18326,19741,33306,16036,17270,19029,9173,9856,4758,2271,2487,
23815,19041,9037,10004,33317,16105,17212,38075,18330,19745,33313,16041,17272,19033,9176,9857,4759,2272,2487,
23820,19045,9039,10006,33324,16110,17214,38083,18333,19750,33320,16043,17277,19037,9179,9858,4760,2273,2487,
23825,19049,9041,10008,33331,16113,17218,38091,18335,19756,33327,16046,17281,19041,9183,9858,4761,2273,2488,
23830,19053,9044,10009,33338,16117,17221,38099,18337,19762,33334,16049,17285,19045,9185,9860,4762,2274,2488,
23835,19057,9044,10013,33345,16121,17224,38107,18338,19769,33341,16051,17290,19049,9188,9861,4763,2275,2488,
23840,19061,9047,10014,33352,16125,17227,38115,18342,19773,33348,16055,17293,19053,9191,9862,4764,2275,2489,
23845,19065,9050,10015,33359,16130,17229,38123,18346,19777,33355,16059,17296,19057,9192,9865,4765,2276,2489,
23850,19069,9050,10019,33366,16132,17234,38131,18351,19780,33362,16060,17302,19061,9193,9868,4766,2277,2489,
23855,19073,9053,10020,33373,16133,17240,38139,18356,19783,33369,16063,17306,19065,9197,9868,4767,2277,2490,
23860,19077,9054,10023,33380,16137,17243,38147,18358,19789,33376,16067,17309,19069,9199,9870,4768,2277,2491,
23865,19081,9055,10026,33387,16141,17246,38155,18363,19792,33383,16071,17312,19073,9203,9870,4769,2277,2492,
23870,19085,9058,10027,33394,16145,17249,38163,18367,19796,33390,16075,17315,19077,9203,9874,4770,2277,2493,
23875,19089,9059,10030,33401,16146,17255,38171,18372,19799,33397,16079,17318,19081,9205,9876,4771,2277,2494,
23880,19093,9060,10033,33408,16148,17260,38179,18373,19806,33404,16082,17322,19085,9207,9878,4772,2277,2495,
23885,19097,9062,10035,33415,16153,17262,38187,18377,19810,33411,16083,17328,19089,9209,9880,4773,2277,2496,
23890,19101,9064,10037,33422,16156,17266,38195,18381,19814,33418,16087,17331,19093,9212,9881,4774,2278,2496,
23895,19105,9066,10039,33429,16158,17271,38203,18385,19818,33425,16092,17333,19097,9214,9883,4775,2279,2496,
23900,19109,9066,10043,33436,16160,17276,38211,18389,19822,33432,16096,17336,19101,9214,9887,4776,2280,2496,
23905,19113,9067,10046,33443,16165,17278,38219,18393,19826,33439,16101,17338,19105,9215,9890,4777,2280,2497,
23910,19117,9067,10050,33450,16167,17283,38227,18395,19832,33446,16105,17341,19109,9218,9891,4778,2281,2497,
23915,19121,9069,10052,33457,16168,17289,38235,18398,19837,33453,16109,17344,19113,9220,9893,4779,2282,2497,
23920,19125,9070,10055,33464,16173,17291,38243,18401,19842,33460,16115,17345,19117,9223,9894,4780,2283,2497,
23925,19129,9073,10056,33471,16176,17295,38251,18404,19847,33467,16119,17348,19121,9227,9894,4781,2283,2498,
23930,19133,9075,10058,33478,16178,17300,38259,18408,19851,33474,16121,17353,19125,9230,9895,4782,2283,2499,
23935,19137,9076,10061,33485,16181,17304,38267,18415,19852,33481,16124,17357,19129,9234,9895,4783,2284,2499,
23940,19141,9077,10064,33492,16185,17307,38275,18418,19857,33488,16124,17364,19133,9235,9898,4784,2284,2500,
23945,19145,9081,10064,33499,16190,17309,38283,18422,19861,33495,16127,17368,19137,9238,9899,4785,2285,2500,
23950,19149,9083,10066,33506,16193,17313,38291,18428,19863,33502,16129,17373,19141,9242,9899,4786,2285,2501,
23955,19153,9087,10066,33513,16198,17315,38299,18430,19869,33509,16131,17378,19145,9246,9899,4787,2286,2501,
23960,19157,9090,10067,33520,16201,17319,38307,18437,19870,33516,16132,17384,19149,9246,9903,4788,2286,2502,
23965,19161,9091,10070,33527,16204,17323,38315,18440,19875,33523,16135,17388,19153,9247,9906,4789,2286,2503,
23970,19165,9092,10073,33534,16207,17327,38323,18445,19878,33530,16139,17391,19157,9250,9907,4790,2287,2503,
23975,19169,9094,10075,33541,16211,17330,38331,18449,19882,33537,16142,17395,19161,9251,9910,4791,2288,2503,
23980,19173,9096,10077,33548,16213,17335,38339,18455,19884,33544,16144,17400,19165,9252,9913,4792,2289,2503,
23985,19177,9099,10078,33555,16216,17339,38347,18461,19886,33551,16149,17402,19169,9254,9915,4793,2290,2503,
23990,19181,9101,10080,33562,16218,17344,38355,18466,19889,33558,16153,17405,19173,9257,9916,4794,2290,2504,
23995,19185,9103,10082,33569,16221,17348,38363,18472,19891,33565,16157,17408,19177,9260,9917,4795,2291,2504,
24000,19189,9105,10084,33576,16223,17353,38371,18477,19894,33572,16163,17409,19181,9261,9920,4796,2292,2504,
24005,19193,9107,10086,33583,16226,17357,38379,18480,19899,33579,16165,17414,19185,9263,9922,4797,2293,2504,
24010,19197,9109,10088,33590,16230,17360,38387,18483,19904,33586,16167,17419,19189,9265,9924,4798,2293,2505,
24015,19201,9110,10091,33597,16235,17362,38395,18485,19910,33593,16169,17424,19193,9268,9925,4799,2293,2506,
24020,19205,9111,10094,33604,16238,17366,38403,18490,19913,33600,16171,17429,19197,9269,9928,4800,2293,2507,
24025,19209,9113,10096,33611,16243,17368,38411,18496,19915,33607,16173,17434,19201,9270,9931,4801,2294,2507,
24030,19213,9114,10099,33618,16246,17372,38419,18501,19918,33614,16177,17437,19205,9272,9933,4802,2294,2508,
24035,19217,9116,10101,33625,16250,17375,38427,18504,19923,33621,16181,17440,19209,9274,9935,4803,2294,2509,
24040,19221,9118,10103,33632,16254,17378,38435,18508,19927,33628,16184,17444,19213,9275,9938,4804,2295,2509,
24045,19225,9121,10104,33639,16260,17379,38443,18512,19931,33635,16187,17448,19217,9278,9939,4805,2295,2510,
24050,19229,9122,10107,33646,16263,17383,38451,18517,19934,33642,16189,17453,19221,9279,9942,4806,2295,2511,
24055,19233,9122,10111,33653,16266,17387,38459,18522,19937,33649,16195,17454,19225,9280,9945,4807,2295,2512,
24060,19237,9124,10113,33660,16269,17391,38467,18524,19943,33656,16197,17459,19229,9280,9949,4808,2296,2512,
24065,19241,9128,10113,33667,16270,17397,38475,18529,19946,33663,16201,17462,19233,9282,9951,4809,2296,2513,
24070,19245,9130,10115,33674,16275,17399,38483,18532,19951,33670,16203,17467,19237,9285,9952,4810,2296,2514,
24075,19249,9133,10116,33681,16279,17402,38491,18536,19955,33677,16207,17470,19241,9288,9953,4811,2296,2515,
24080,19253,9135,10118,33688,16282,17406,38499,18540,19959,33684,16212,17472,19245,9289,9956,4812,2297,2515,
24085,19257,9138,10119,33695,16286,17409,38507,18543,19964,33691,16214,17477,19249,9292,9957,4813,2297,2516,
24090,19261,9141,10120,33702,16289,17413,38515,18547,19968,33698,16218,17480,19253,9294,9959,4814,2298,2516,
24095,19265,9143,10122,33709,16292,17417,38523,18548,19975,33705,16221,17484,19257,9296,9961,4815,2299,2516,
24100,19269,9146,10123,33716,16292,17424,38531,18551,19980,33712,16223,17489,19261,9297,9964,4816,2299,2517,
24105,19273,9147,10126,33723,16294,17429,38539,18553,19986,33719,16226,17493,19265,9299,9966,4817,2299,2518,
24110,19277,9148,10129,33730,16297,17433,38547,18558,19989,33726,16229,17497,19269,9301,9968,4818,2299,2519,
24115,19281,9150,10131,33737,16303,17434,38555,18562,19993,33733,16231,17502,19273,9303,9970,4819,2300,2519,
24120,19285,9151,10134,33744,16306,17438,38563,18566,19997,33740,16234,17506,19277,9307,9970,4820,2300,2520,
24125,19289,9152,10137,33751,16310,17441,38571,18568,20003,33747,16239,17508,19281,9308,9973,4821,2300,2521,
24130,19293,9153,10140,33758,16316,17442,38579,18572,20007,33754,16240,17514,19285,9310,9975,4822,2300,2522,
24135,19297,9155,10142,33765,16321,17444,38587,18573,20014,33761,16244,17517,19289,9313,9976,4823,2300,2523,
24140,19301,9155,10146,33772,16323,17449,38595,18576,20019,33768,16247,17521,19293,9316,9977,4824,2300,2524,
24145,19305,9156,10149,33779,16326,17453,38603,18580,20023,33775,16251,17524,19297,9319,9978,4825,2301,2524,
24150,19309,9157,10152,33786,16328,17458,38611,18585,20026,33782,16254,17528,19301,9320,9981,4826,2301,2525,
24155,19313,9159,10154,33793,16331,17462,38619,18591,20028,33789,16255,17534,19305,9322,9983,4827,2302,2525,
24160,19317,9162,10155,33800,16333,17467,38627,18592,20035,33796,16258,17538,19309,9324,9985,4828,2302,2526,
24165,19321,9164,10157,33807,16334,17473,38635,18595,20040,33803,16261,17542,19313,9324,9989,4829,2302,2527,
24170,19325,9166,10159,33814,16335,17479,38643,18598,20045,33810,16265,17545,19317,9326,9991,4830,2302,2528,
24175,19329,9168,10161,33821,16340,17481,38651,18603,20048,33817,16266,17551,19321,9328,9993,4831,2302,2529,
24180,19333,9170,10163,33828,16343,17485,38659,18607,20052,33824,16269,17555,19325,9331,9994,4832,2303,2529,
24185,19337,9173,10164,33835,16345,17490,38667,18612,20055,33831,16274,17557,19329,9333,9996,4833,2303,2530,
24190,19341,9174,10167,33842,16348,17494,38675,18618,20057,33838,16277,17561,19333,9334,9999,4834,2303,2531,
24195,19345,9175,10170,33849,16352,17497,38683,18623,20060,33845,16279,17566,19337,9336,10001,4835,2304,2531,
24200,19349,9178,10171,33856,16356,17500,38691,18624,20067,33852,16283,17569,19341,9338,10003,4836,2304,2532,
24205,19353,9180,10173,33863,16362,17501,38699,18630,20069,33859,16286,17573,19345,9339,10006,4837,2304,2533,
24210,19357,9182,10175,33870,16366,17504,38707,18633,20074,33866,16288,17578,19349,9341,10008,4838,2305,2533,
24215,19361,9184,10177,33877,16366,17511,38715,18639,20076,33873,16291,17582,19353,9341,10012,4839,2306,2533,
24220,19365,9187,10178,33884,16371,17513,38723,18643,20080,33880,16293,17587,19357,9343,10014,4840,2306,2534,
24225,19369,9190,10179,33891,16375,17516,38731,18646,20085,33887,16296,17591,19361,9343,10018,4841,2306,2535,
24230,19373,9194,10179,33898,16377,17521,38739,18653,20086,33894,16297,17597,19365,9344,10021,4842,2307,2535,
24235,19377,9198,10179,33905,16383,17522,38747,18660,20087,33901,16299,17602,19369,9345,10024,4843,2308,2535,
24240,19381,9201,10180,33912,16387,17525,38755,18664,20091,33908,16302,17606,19373,9346,10027,4844,2308,2536,
24245,19385,9203,10182,33919,16390,17529,38763,18668,20095,33915,16306,17609,19377,9350,10027,4845,2309,2536,
24250,19389,9203,10186,33926,16393,17533,38771,18672,20099,33922,16307,17615,19381,9352,10029,4846,2309,2537,
24255,19393,9204,10189,33933,16395,17538,38779,18676,20103,33929,16310,17619,19385,9353,10032,4847,2310,2537,
24260,19397,9205,10192,33940,16398,17542,38787,18678,20109,33936,16315,17621,19389,9354,10035,4848,2310,2538,
24265,19401,9207,10194,33947,16404,17543,38795,18683,20112,33943,16318,17625,19393,9358,10035,4849,2310,2539,
24270,19405,9208,10197,33954,16406,17548,38803,18685,20118,33950,16321,17629,19397,9361,10036,4850,2311,2539,
24275,19409,9210,10199,33961,16410,17551,38811,18690,20121,33957,16326,17631,19401,9365,10036,4851,2311,2540,
24280,19413,9212,10201,33968,16414,17554,38819,18695,20124,33964,16327,17637,19405,9368,10037,4852,2311,2541,
24285,19417,9215,10202,33975,16416,17559,38827,18701,20126,33971,16333,17638,19409,9369,10040,4853,2311,2542,
24290,19421,9218,10203,33982,16418,17564,38835,18704,20131,33978,16336,17642,19413,9370,10043,4854,2312,2542,
24295,19425,9221,10204,33989,16421,17568,38843,18708,20135,33985,16339,17646,19417,9373,10044,4855,2312,2543,
24300,19429,9223,10206,33996,16425,17571,38851,18712,20139,33992,16344,17648,19421,9374,10047,4856,2312,2544,
24305,19433,9223,10210,34003,16428,17575,38859,18716,20143,33999,16347,17652,19425,9377,10048,4857,2312,2545,
24310,19437,9224,10213,34010,16430,17580,38867,18718,20149,34006,16349,17657,19429,9379,10050,4858,2312,2546,
24315,19441,9226,10215,34017,16434,17583,38875,18722,20153,34013,16353,17660,19433,9381,10052,4859,2312,2547,
24320,19445,9227,10218,34024,16437,17587,38883,18723,20160,34020,16356,17664,19437,9383,10054,4860,2313,2547,
24325,19449,9228,10221,34031,16440,17591,38891,18725,20166,34027,16358,17669,19441,9385,10056,4861,2313,2548,
24330,19453,9228,10225,34038,16443,17595,38899,18729,20170,34034,16359,17675,19445,9387,10058,4862,2313,2549,
24335,19457,9228,10229,34045,16446,17599,38907,18732,20175,34041,16362,17679,19449,9387,10062,4863,2314,2549,
24340,19461,9229,10232,34052,16449,17603,38915,18734,20181,34048,16366,17682,19453,9390,10063,4864,2315,2549,
24345,19465,9231,10234,34059,16453,17606,38923,18738,20185,34055,16369,17686,19457,9392,10065,4865,2316,2549,
24350,19469,9233,10236,34066,16456,17610,38931,18741,20190,34062,16371,17691,19461,9394,10067,4866,2316,2550,
24355,19473,9236,10237,34073,16459,17614,38939,18743,20196,34069,16377,17692,19465,9396,10069,4867,2317,2550,
24360,19477,9238,10239,34080,16463,17617,38947,18746,20201,34076,16380,17696,19469,9397,10072,4868,2318,2550,
24365,19481,9240,10241,34087,16468,17619,38955,18750,20205,34083,16383,17700,19473,9400,10073,4869,2318,2551,
24370,19485,9241,10244,34094,16472,17622,38963,18754,20209,34090,16387,17703,19477,9402,10075,4870,2319,2551,
24375,19489,9245,10244,34101,16476,17625,38971,18760,20211,34097,16392,17705,19481,9403,10078,4871,2319,2552,
24380,19493,9246,10247,34108,16479,17629,38979,18763,20216,34104,16395,17709,19485,9404,10081,4872,2319,2553,
24385,19497,9247,10250,34115,16483,17632,38987,18767,20220,34111,16399,17712,19489,9406,10083,4873,2319,2554,
24390,19501,9250,10251,34122,16485,17637,38995,18768,20227,34118,16401,17717,19493,9408,10085,4874,2319,2555,
24395,19505,9254,10251,34129,16486,17643,39003,18769,20234,34125,16405,17720,19497,9410,10087,4875,2319,2556,
24400,19509,9257,10252,34136,16491,17645,39011,18773,20238,34132,16410,17722,19501,9411,10090,4876,2319,2557,
24405,19513,9259,10254,34143,16494,17649,39019,18778,20241,34139,16415,17724,19505,9414,10091,4877,2320,2557,
24410,19517,9261,10256,34150,16497,17653,39027,18784,20243,34146,16416,17730,19509,9416,10093,4878,2320,2558,
24415,19521,9264,10257,34157,16503,17654,39035,18789,20246,34153,16419,17734,19513,9416,10097,4879,2321,2558,
24420,19525,9265,10260,34164,16506,17658,39043,18792,20251,34160,16422,17738,19517,9418,10099,4880,2321,2559,
24425,19529,9268,10261,34171,16509,17662,39051,18797,20254,34167,16426,17741,19521,9420,10101,4881,2322,2559,
24430,19533,9270,10263,34178,16512,17666,39059,18799,20260,34174,16430,17744,19525,9423,10102,4882,2322,2560,
24435,19537,9272,10265,34185,16515,17670,39067,18802,20265,34181,16435,17746,19529,9426,10103,4883,2322,2561,
24440,19541,9275,10266,34192,16518,17674,39075,18805,20270,34188,16439,17749,19533,9427,10106,4884,2323,2561,
24445,19545,9279,10266,34199,16521,17678,39083,18807,20276,34195,16444,17751,19537,9428,10109,4885,2323,2562,
24450,19549,9280,10269,34206,16526,17680,39091,18808,20283,34202,16448,17754,19541,9430,10111,4886,2323,2563,
24455,19553,9283,10270,34213,16530,17683,39099,18811,20288,34209,16450,17759,19545,9433,10112,4887,2324,2563,
24460,19557,9284,10273,34220,16535,17685,39107,18815,20292,34216,16451,17765,19549,9434,10115,4888,2324,2564,
24465,19561,9284,10277,34227,16537,17690,39115,18820,20295,34223,16454,17769,19553,9435,10118,4889,2325,2564,
24470,19565,9285,10280,34234,16539,17695,39123,18824,20299,34230,16456,17774,19557,9438,10119,4890,2325,2565,
24475,19569,9286,10283,34241,16543,17698,39131,18827,20304,34237,16459,17778,19561,9442,10119,4891,2325,2566,
24480,19573,9289,10284,34248,16547,17701,39139,18832,20307,34244,16462,17782,19565,9443,10122,4892,2325,2567,
24485,19577,9292,10285,34255,16551,17704,39147,18835,20312,34251,16465,17786,19569,9445,10124,4893,2325,2568,
24490,19581,9294,10287,34262,16555,17707,39155,18839,20316,34258,16469,17789,19573,9448,10125,4894,2326,2568,
24495,19585,9297,10288,34269,16557,17712,39163,18846,20317,34265,16475,17790,19577,9450,10127,4895,2327,2568,
24500,19589,9298,10291,34276,16563,17713,39171,18851,20320,34272,16479,17793,19581,9452,10129,4896,2328,2568,
24505,19593,9301,10292,34283,16567,17716,39179,18852,20327,34279,16482,17797,19585,9452,10133,4897,2329,2568,
24510,19597,9303,10294,34290,16571,17719,39187,18856,20331,34286,16486,17800,19589,9455,10134,4898,2329,2569,
24515,19601,9303,10298,34297,16577,17720,39195,18862,20333,34293,16490,17803,19593,9457,10136,4899,2329,2570,
24520,19605,9305,10300,34304,16579,17725,39203,18866,20337,34300,16491,17809,19597,9460,10137,4900,2329,2571,
24525,19609,9309,10300,34311,16583,17728,39211,18871,20340,34307,16496,17811,19601,9460,10141,4901,2330,2571,
24530,19613,9312,10301,34318,16586,17732,39219,18876,20343,34314,16497,17817,19605,9462,10143,4902,2331,2571,
24535,19617,9314,10303,34325,16592,17733,39227,18882,20345,34321,16502,17819,19609,9464,10145,4903,2331,2572,
24540,19621,9316,10305,34332,16595,17737,39235,18887,20348,34328,16505,17823,19613,9467,10146,4904,2332,2572,
24545,19625,9319,10306,34339,16598,17741,39243,18893,20350,34335,16507,17828,19617,9471,10146,4905,2332,2573,
24550,19629,9321,10308,34346,16600,17746,39251,18899,20352,34342,16509,17833,19621,9472,10149,4906,2333,2573,
24555,19633,9322,10311,34353,16602,17751,39259,18903,20356,34349,16513,17836,19625,9473,10152,4907,2333,2574,
24560,19637,9323,10314,34360,16605,17755,39267,18907,20360,34356,16517,17839,19629,9475,10154,4908,2334,2574,
24565,19641,9324,10317,34367,16607,17760,39275,18908,20367,34363,16521,17842,19633,9476,10157,4909,2335,2574,
24570,19645,9327,10318,34374,16609,17765,39283,18912,20371,34370,16526,17844,19637,9479,10158,4910,2335,2575,
24575,19649,9329,10320,34381,16613,17768,39291,18915,20376,34377,16529,17848,19641,9481,10160,4911,2335,2576,
24580,19653,9332,10321,34388,16618,17770,39299,18918,20381,34384,16532,17852,19645,9483,10162,4912,2335,2577,
24585,19657,9332,10325,34395,16621,17774,39307,18922,20385,34391,16533,17858,19649,9484,10165,4913,2335,2578,
24590,19661,9336,10325,34402,16623,17779,39315,18928,20387,34398,16538,17860,19653,9487,10166,4914,2336,2578,
24595,19665,9336,10329,34409,16628,17781,39323,18930,20393,34405,16543,17862,19657,9489,10168,4915,2336,2579,
24600,19669,9339,10330,34416,16631,17785,39331,18933,20398,34412,16545,17867,19661,9490,10171,4916,2336,2580,
24605,19673,9342,10331,34423,16634,17789,39339,18938,20401,34419,16549,17870,19665,9490,10175,4917,2336,2581,
24610,19677,9343,10334,34430,16637,17793,39347,18943,20404,34426,16551,17875,19669,9491,10178,4918,2336,2582,
24615,19681,9346,10335,34437,16642,17795,39355,18945,20410,34433,16554,17879,19673,9493,10180,4919,2336,2583,
24620,19685,9348,10337,34444,16645,17799,39363,18948,20415,34440,16559,17881,19677,9495,10182,4920,2337,2583,
24625,19689,9350,10339,34451,16651,17800,39371,18953,20418,34447,16562,17885,19681,9496,10185,4921,2338,2583,
24630,19693,9351,10342,34458,16654,17804,39379,18960,20419,34454,16566,17888,19685,9499,10186,4922,2338,2584,
24635,19697,9355,10342,34465,16656,17809,39387,18963,20424,34461,16570,17891,19689,9501,10188,4923,2339,2584,
24640,19701,9357,10344,34472,16661,17811,39395,18965,20430,34468,16575,17893,19693,9503,10190,4924,2340,2584,
24645,19705,9357,10348,34479,16665,17814,39403,18969,20434,34475,16579,17896,19697,9506,10191,4925,2340,2585,
24650,19709,9358,10351,34486,16667,17819,39411,18976,20435,34482,16583,17899,19701,9507,10194,4926,2341,2585,
24655,19713,9361,10352,34493,16671,17822,39419,18981,20438,34489,16586,17903,19705,9508,10197,4927,2341,2586,
24660,19717,9363,10354,34500,16676,17824,39427,18984,20443,34496,16588,17908,19709,9509,10200,4928,2342,2586,
24665,19721,9364,10357,34507,16677,17830,39435,18988,20447,34503,16591,17912,19713,9511,10202,4929,2342,2587,
24670,19725,9364,10361,34514,16680,17834,39443,18993,20450,34510,16597,17913,19717,9514,10203,4930,2342,2588,
24675,19729,9366,10363,34521,16682,17839,39451,18996,20455,34517,16602,17915,19721,9518,10203,4931,2342,2589,
24680,19733,9366,10367,34528,16686,17842,39459,19002,20457,34524,16604,17920,19725,9521,10204,4932,2342,2590,
24685,19737,9369,10368,34535,16687,17848,39467,19006,20461,34531,16608,17923,19729,9524,10205,4933,2343,2590,
24690,19741,9371,10370,34542,16689,17853,39475,19009,20466,34538,16614,17924,19733,9526,10207,4934,2343,2591,
24695,19745,9372,10373,34549,16690,17859,39483,19012,20471,34545,16617,17928,19737,9527,10210,4935,2343,2592,
24700,19749,9375,10374,34556,16694,17862,39491,19015,20476,34552,16619,17933,19741,9527,10214,4936,2343,2593,
24705,19753,9378,10375,34563,16698,17865,39499,19018,20481,34559,16621,17938,19745,9529,10216,4937,2344,2593,
24710,19757,9382,10375,34570,16702,17868,39507,19023,20484,34566,16622,17944,19749,9531,10218,4938,2344,2594,
24715,19761,9384,10377,34577,16705,17872,39515,19028,20487,34573,16626,17947,19753,9533,10220,4939,2345,2594,
24720,19765,9385,10380,34584,16707,17877,39523,19029,20494,34580,16630,17950,19757,9535,10222,4940,2345,2595,
24725,19769,9389,10380,34591,16711,17880,39531,19035,20496,34587,16635,17952,19761,9535,10226,4941,2345,2596,
24730,19773,9392,10381,34598,16715,17883,39539,19040,20499,34594,16636,17958,19765,9535,10230,4942,2345,2597,
24735,19777,9392,10385,34605,16718,17887,39547,19046,20501,34601,16640,17961,19769,9537,10232,4943,2346,2597,
24740,19781,9395,10386,34612,16722,17890,39555,19047,20508,34608,16644,17964,19773,9539,10234,4944,2346,2598,
24745,19785,9397,10388,34619,16723,17896,39563,19051,20512,34615,16648,17967,19777,9540,10237,4945,2346,2599,
24750,19789,9397,10392,34626,16727,17899,39571,19054,20517,34622,16650,17972,19781,9543,10238,4946,2346,2600,
24755,19793,9399,10394,34633,16729,17904,39579,19059,20520,34629,16652,17977,19785,9544,10241,4947,2347,2600,
24760,19797,9400,10397,34640,16732,17908,39587,19062,20525,34636,16656,17980,19789,9545,10244,4948,2347,2601,
24765,19801,9400,10401,34647,16736,17911,39595,19064,20531,34643,16662,17981,19793,9548,10245,4949,2348,2601,
24770,19805,9403,10402,34654,16739,17915,39603,19067,20536,34650,16664,17986,19797,9549,10248,4950,2348,2602,
24775,19809,9404,10405,34661,16742,17919,39611,19072,20539,34657,16668,17989,19801,9550,10251,4951,2348,2603,
24780,19813,9405,10408,34668,16745,17923,39619,19075,20544,34664,16670,17994,19805,9552,10253,4952,2349,2603,
24785,19817,9409,10408,34675,16749,17926,39627,19079,20548,34671,16671,18000,19809,9554,10255,4953,2350,2603,
24790,19821,9411,10410,34682,16750,17932,39635,19085,20550,34678,16675,18003,19813,9555,10258,4954,2350,2604,
24795,19825,9414,10411,34689,16753,17936,39643,19091,20552,34685,16679,18006,19817,9556,10261,4955,2351,2604,
24800,19829,9418,10411,34696,16756,17940,39651,19094,20557,34692,16682,18010,19821,9557,10264,4956,2351,2605,
24805,19833,9420,10413,34703,16759,17944,39659,19098,20561,34699,16684,18015,19825,9559,10266,4957,2352,2605,
24810,19837,9422,10415,34710,16761,17949,39667,19099,20568,34706,16687,18019,19829,9561,10268,4958,2353,2605,
24815,19841,9425,10416,34717,16764,17953,39675,19104,20571,34713,16691,18022,19833,9565,10268,4959,2353,2606,
24820,19845,9427,10418,34724,16768,17956,39683,19109,20574,34720,16694,18026,19837,9568,10269,4960,2353,2607,
24825,19849,9429,10420,34731,16771,17960,39691,19110,20581,34727,16696,18031,19841,9569,10272,4961,2353,2608,
24830,19853,9432,10421,34738,16774,17964,39699,19113,20586,34734,16701,18033,19845,9571,10274,4962,2354,2608,
24835,19857,9434,10423,34745,16777,17968,39707,19116,20591,34741,16703,18038,19849,9573,10276,4963,2355,2608,
24840,19861,9436,10425,34752,16779,17973,39715,19120,20595,34748,16706,18042,19853,9575,10278,4964,2356,2608,
24845,19865,9439,10426,34759,16783,17976,39723,19123,20600,34755,16709,18046,19857,9578,10279,4965,2357,2608,
24850,19869,9440,10429,34766,16785,17981,39731,19123,20608,34762,16711,18051,19861,9581,10280,4966,2357,2609,
24855,19873,9442,10431,34773,16787,17986,39739,19127,20612,34769,16714,18055,19865,9582,10283,4967,2358,2609,
24860,19877,9444,10433,34780,16791,17989,39747,19130,20617,34776,16716,18060,19869,9584,10285,4968,2359,2609,
24865,19881,9447,10434,34787,16792,17995,39755,19136,20619,34783,16720,18063,19873,9585,10288,4969,2359,2610,
24870,19885,9450,10435,34794,16798,17996,39763,19139,20624,34790,16723,18067,19877,9587,10290,4970,2359,2611,
24875,19889,9452,10437,34801,16800,18001,39771,19142,20629,34797,16726,18071,19881,9587,10294,4971,2359,2612,
24880,19893,9454,10439,34808,16804,18004,39779,19144,20635,34804,16729,18075,19885,9589,10296,4972,2359,2613,
24885,19897,9457,10440,34815,16810,18005,39787,19149,20638,34811,16731,18080,19889,9590,10299,4973,2360,2613,
24890,19901,9459,10442,34822,16812,18010,39795,19152,20643,34818,16732,18086,19893,9592,10301,4974,2360,2614,
24895,19905,9460,10445,34829,16814,18015,39803,19158,20645,34825,16733,18092,19897,9594,10303,4975,2361,2614,
24900,19909,9463,10446,34836,16816,18020,39811,19160,20651,34832,16738,18094,19901,9598,10303,4976,2361,2615,
24905,19913,9466,10447,34843,16816,18027,39819,19167,20652,34839,16742,18097,19905,9600,10305,4977,2362,2615,
24910,19917,9469,10448,34850,16821,18029,39827,19171,20656,34846,16746,18100,19909,9602,10307,4978,2362,2616,
24915,19921,9472,10449,34857,16825,18032,39835,19173,20662,34853,16752,18101,19913,9604,10309,4979,2362,2617,
24920,19925,9473,10452,34864,16829,18035,39843,19176,20667,34860,16755,18105,19917,9606,10311,4980,2363,2617,
24925,19929,9475,10454,34871,16831,18040,39851,19179,20672,34867,16757,18110,19921,9608,10313,4981,2363,2618,
24930,19933,9477,10456,34878,16834,18044,39859,19184,20675,34874,16759,18115,19925,9611,10314,4982,2364,2618,
24935,19937,9479,10458,34885,16839,18046,39867,19187,20680,34881,16760,18121,19929,9612,10317,4983,2364,2619,
24940,19941,9480,10461,34892,16844,18048,39875,19192,20683,34888,16765,18123,19933,9615,10318,4984,2364,2620,
24945,19945,9480,10465,34899,16847,18052,39883,19197,20686,34895,16767,18128,19937,9615,10322,4985,2364,2621,
24950,19949,9482,10467,34906,16848,18058,39891,19200,20691,34902,16770,18132,19941,9618,10323,4986,2364,2622,
24955,19953,9485,10468,34913,16853,18060,39899,19204,20695,34909,16773,18136,19945,9619,10326,4987,2365,2622,
24960,19957,9487,10470,34920,16858,18062,39907,19208,20699,34916,16777,18139,19949,9620,10329,4988,2365,2623,
24965,19961,9489,10472,34927,16859,18068,39915,19210,20705,34923,16783,18140,19953,9624,10329,4989,2365,2624,
24970,19965,9491,10474,34934,16860,18074,39923,19216,20707,34930,16788,18142,19957,9627,10330,4990,2366,2624,
24975,19969,9493,10476,34941,16863,18078,39931,19222,20709,34937,16791,18146,19961,9629,10332,4991,2366,2625,
24980,19973,9495,10478,34948,16864,18084,39939,19223,20716,34944,16793,18151,19965,9631,10334,4992,2366,2626,
24985,19977,9497,10480,34955,16865,18090,39947,19228,20719,34951,16795,18156,19969,9633,10336,4993,2367,2626,
24990,19981,9500,10481,34962,16868,18094,39955,19233,20722,34958,16796,18162,19973,9634,10339,4994,2367,2627,
24995,19985,9502,10483,34969,16872,18097,39963,19239,20724,34965,16799,18166,19977,9635,10342,4995,2367,2628,
25000,19989,9504,10485,34976,16876,18100,39971,19242,20729,34972,16802,18170,19981,9637,10344,4996,2368,2628,
25005,19993,9504,10489,34983,16881,18102,39979,19246,20733,34979,16805,18174,19985,9639,10346,4997,2369,2628,
25010,19997,9506,10491,34990,16883,18107,39987,19248,20739,34986,16808,18178,19989,9640,10349,4998,2370,2628,
25015,20001,9508,10493,34997,16886,18111,39995,19253,20742,34993,16811,18182,19993,9644,10349,4999,2371,2628,
25020,20005,9510,10495,35004,16890,18114,40003,19254,20749,35000,16812,18188,19997,9645,10352,5000,2371,2629,
25025,20009,9513,10496,35011,16891,18120,40011,19258,20753,35007,16813,18194,20001,9648,10353,5001,2372,2629,
25030,20013,9515,10498,35018,16894,18124,40019,19262,20757,35014,16816,18198,20005,9651,10354,5002,2372,2630,
25035,20017,9517,10500,35025,16898,18127,40027,19265,20762,35021,16817,18204,20009,9652,10357,5003,2373,2630,
25040,20021,9519,10502,35032,16902,18130,40035,19268,20767,35028,16821,18207,20013,9655,10358,5004,2373,2631,
25045,20025,9520,10505,35039,16906,18133,40043,19272,20771,35035,16826,18209,20017,9656,10361,5005,2373,2632,
25050,20029,9521,10508,35046,16909,18137,40051,19274,20777,35042,16830,18212,20021,9659,10362,5006,2373,2633,
25055,20033,9522,10511,35053,16913,18140,40059,19279,20780,35049,16837,18212,20025,9660,10365,5007,2374,2633,
25060,20037,9524,10513,35060,16918,18142,40067,19281,20786,35056,16838,18218,20029,9662,10367,5008,2374,2634,
25065,20041,9525,10516,35067,16922,18145,40075,19284,20791,35063,16840,18223,20033,9664,10369,5009,2375,2634,
25070,20045,9528,10517,35074,16924,18150,40083,19290,20793,35070,16845,18225,20037,9665,10372,5010,2376,2634,
25075,20049,9532,10517,35081,16926,18155,40091,19292,20799,35077,16847,18230,20041,9667,10374,5011,2376,2635,
25080,20053,9536,10517,35088,16929,18159,40099,19297,20802,35084,16850,18234,20045,9670,10375,5012,2377,2635,
25085,20057,9536,10521,35095,16935,18160,40107,19301,20806,35091,16852,18239,20049,9671,10378,5013,2378,2635,
25090,20061,9538,10523,35102,16940,18162,40115,19305,20810,35098,16855,18243,20053,9674,10379,5014,2379,2635,
25095,20065,9539,10526,35109,16945,18164,40123,19312,20811,35105,16860,18245,20057,9677,10380,5015,2380,2635,
25100,20069,9541,10528,35116,16947,18169,40131,19316,20815,35112,16862,18250,20061,9678,10383,5016,2380,2636,
25105,20073,9542,10531,35123,16950,18173,40139,19318,20821,35119,16866,18253,20065,9680,10385,5017,2381,2636,
25110,20077,9544,10533,35130,16954,18176,40147,19323,20824,35126,16872,18254,20069,9680,10389,5018,2382,2636,
25115,20081,9547,10534,35137,16960,18177,40155,19326,20829,35133,16874,18259,20073,9684,10389,5019,2382,2637,
25120,20085,9550,10535,35144,16963,18181,40163,19329,20834,35140,16877,18263,20077,9685,10392,5020,2383,2637,
25125,20089,9553,10536,35151,16967,18184,40171,19332,20839,35147,16879,18268,20081,9687,10394,5021,2383,2638,
25130,20093,9554,10539,35158,16969,18189,40179,19335,20844,35154,16883,18271,20085,9690,10395,5022,2383,2639,
25135,20097,9556,10541,35165,16971,18194,40187,19337,20850,35161,16888,18273,20089,9692,10397,5023,2384,2639,
25140,20101,9557,10544,35172,16973,18199,40195,19340,20855,35168,16891,18277,20093,9695,10398,5024,2384,2640,
25145,20105,9559,10546,35179,16976,18203,40203,19344,20859,35175,16893,18282,20097,9697,10400,5025,2385,2640,
25150,20109,9561,10548,35186,16982,18204,40211,19346,20865,35182,16895,18287,20101,9700,10401,5026,2385,2641,
25155,20113,9561,10552,35193,16985,18208,40219,19349,20870,35189,16902,18287,20105,9703,10402,5027,2385,2642,
25160,20117,9564,10553,35200,16991,18209,40227,19352,20875,35196,16906,18290,20109,9707,10402,5028,2385,2643,
25165,20121,9567,10554,35207,16993,18214,40235,19355,20880,35203,16909,18294,20113,9709,10404,5029,2385,2644,
25170,20125,9569,10556,35214,16997,18217,40243,19358,20885,35210,16913,18297,20117,9712,10405,5030,2385,2645,
25175,20129,9571,10558,35221,17000,18221,40251,19361,20890,35217,16919,18298,20121,9716,10405,5031,2386,2645,
25180,20133,9575,10558,35228,17005,18223,40259,19364,20895,35224,16922,18302,20125,9717,10408,5032,2386,2646,
25185,20137,9578,10559,35235,17008,18227,40267,19370,20897,35231,16926,18305,20129,9719,10410,5033,2387,2646,
25190,20141,9579,10562,35242,17012,18230,40275,19375,20900,35238,16929,18309,20133,9721,10412,5034,2387,2647,
25195,20145,9581,10564,35249,17017,18232,40283,19381,20902,35245,16932,18313,20137,9723,10414,5035,2387,2648,
25200,20149,9582,10567,35256,17021,18235,40291,19385,20906,35252,16936,18316,20141,9725,10416,5036,2388,2648,
25205,20153,9585,10568,35263,17023,18240,40299,19387,20912,35259,16940,18319,20145,9725,10420,5037,2389,2648,
25210,20157,9585,10572,35270,17024,18246,40307,19393,20914,35266,16943,18323,20149,9728,10421,5038,2390,2648,
25215,20161,9586,10575,35277,17029,18248,40315,19398,20917,35273,16947,18326,20153,9730,10423,5039,2390,2649,
25220,20165,9588,10577,35284,17030,18254,40323,19402,20921,35280,16951,18329,20157,9731,10426,5040,2391,2649,
25225,20169,9590,10579,35291,17034,18257,40331,19406,20925,35287,16954,18333,20161,9731,10430,5041,2391,2650,
25230,20173,9592,10581,35298,17038,18260,40339,19410,20929,35294,16956,18338,20165,9734,10431,5042,2391,2651,
25235,20177,9593,10584,35305,17042,18263,40347,19414,20933,35301,16961,18340,20169,9737,10432,5043,2391,2652,
25240,20181,9594,10587,35312,17044,18268,40355,19417,20938,35308,16966,18342,20173,9737,10436,5044,2392,2652,
25245,20185,9596,10589,35319,17048,18271,40363,19421,20942,35315,16968,18347,20177,9740,10437,5045,2392,2653,
25250,20189,9598,10591,35326,17050,18276,40371,19424,20947,35322,16971,18351,20181,9743,10438,5046,2392,2654,
25255,20193,9600,10593,35333,17052,18281,40379,19427,20952,35329,16977,18352,20185,9744,10441,5047,2392,2655,
25260,20197,9602,10595,35340,17057,18283,40387,19430,20957,35336,16978,18358,20189,9747,10442,5048,2393,2655,
25265,20201,9604,10597,35347,17058,18289,40395,19433,20962,35343,16980,18363,20193,9749,10444,5049,2394,2655,
25270,20205,9605,10600,35354,17061,18293,40403,19439,20964,35350,16985,18365,20197,9750,10447,5050,2395,2655,
25275,20209,9607,10602,35361,17065,18296,40411,19444,20967,35357,16989,18368,20201,9751,10450,5051,2395,2656,
25280,20213,9608,10605,35368,17069,18299,40419,19448,20971,35364,16994,18370,20205,9755,10450,5052,2395,2657,
25285,20217,9610,10607,35375,17070,18305,40427,19451,20976,35371,16996,18375,20209,9757,10452,5053,2395,2658,
25290,20221,9611,10610,35382,17074,18308,40435,19456,20979,35378,17001,18377,20213,9760,10453,5054,2396,2658,
25295,20225,9613,10612,35389,17079,18310,40443,19461,20982,35385,17004,18381,20217,9762,10455,5055,2396,2659,
25300,20229,9616,10613,35396,17083,18313,40451,19465,20986,35392,17008,18384,20221,9765,10456,5056,2396,2660,
25305,20233,9618,10615,35403,17087,18316,40459,19469,20990,35399,17014,18385,20225,9768,10457,5057,2396,2661,
25310,20237,9619,10618,35410,17092,18318,40467,19473,20994,35406,17019,18387,20229,9769,10460,5058,2396,2662,
25315,20241,9623,10618,35417,17095,18322,40475,19477,20998,35413,17026,18387,20233,9773,10460,5059,2396,2663,
25320,20245,9627,10618,35424,17101,18323,40483,19482,21001,35420,17028,18392,20237,9776,10461,5060,2396,2664,
25325,20249,9629,10620,35431,17104,18327,40491,19485,21006,35427,17034,18393,20241,9780,10461,5061,2396,2665,
25330,20253,9630,10623,35438,17108,18330,40499,19486,21013,35434,17036,18398,20245,9781,10464,5062,2396,2666,
25335,20257,9632,10625,35445,17110,18335,40507,19489,21018,35441,17037,18404,20249,9783,10466,5063,2397,2666,
25340,20261,9633,10628,35452,17113,18339,40515,19493,21022,35448,17042,18406,20253,9784,10469,5064,2397,2667,
25345,20265,9634,10631,35459,17118,18341,40523,19497,21026,35455,17044,18411,20257,9785,10472,5065,2398,2667,
25350,20269,9637,10632,35466,17121,18345,40531,19500,21031,35462,17048,18414,20261,9789,10472,5066,2399,2667,
25355,20273,9639,10634,35473,17123,18350,40539,19508,21031,35469,17049,18420,20265,9791,10474,5067,2399,2668,
25360,20277,9639,10638,35480,17126,18354,40547,19515,21032,35476,17053,18423,20269,9793,10476,5068,2400,2668,
25365,20281,9640,10641,35487,17128,18359,40555,19519,21036,35483,17056,18427,20273,9795,10478,5069,2400,2669,
25370,20285,9642,10643,35494,17132,18362,40563,19522,21041,35490,17061,18429,20277,9796,10481,5070,2401,2669,
25375,20289,9643,10646,35501,17135,18366,40571,19524,21047,35497,17065,18432,20281,9799,10482,5071,2402,2669,
25380,20293,9647,10646,35508,17141,18367,40579,19527,21052,35504,17069,18435,20285,9803,10482,5072,2402,2670,
25385,20297,9650,10647,35515,17143,18372,40587,19532,21055,35511,17073,18438,20289,9805,10484,5073,2403,2670,
25390,20301,9653,10648,35522,17146,18376,40595,19537,21058,35518,17077,18441,20293,9805,10488,5074,2403,2671,
25395,20305,9654,10651,35529,17149,18380,40603,19541,21062,35525,17079,18446,20297,9805,10492,5075,2404,2671,
25400,20309,9655,10654,35536,17152,18384,40611,19543,21068,35532,17081,18451,20301,9807,10494,5076,2405,2671,
25405,20313,9656,10657,35543,17154,18389,40619,19548,21071,35539,17086,18453,20305,9809,10496,5077,2405,2672,
25410,20317,9659,10658,35550,17159,18391,40627,19552,21075,35546,17090,18456,20309,9811,10498,5078,2405,2673,
25415,20321,9661,10660,35557,17163,18394,40635,19557,21078,35553,17095,18458,20313,9814,10499,5079,2405,2674,
25420,20325,9663,10662,35564,17165,18399,40643,19562,21081,35560,17098,18462,20317,9818,10499,5080,2406,2674,
25425,20329,9664,10665,35571,17171,18400,40651,19566,21085,35567,17101,18466,20321,9821,10500,5081,2406,2675,
25430,20333,9667,10666,35578,17173,18405,40659,19572,21087,35574,17103,18471,20325,9823,10502,5082,2407,2675,
25435,20337,9668,10669,35585,17176,18409,40667,19577,21090,35581,17106,18475,20329,9825,10504,5083,2407,2676,
25440,20341,9669,10672,35592,17178,18414,40675,19580,21095,35588,17111,18477,20333,9825,10508,5084,2407,2677,
25445,20345,9671,10674,35599,17181,18418,40683,19581,21102,35595,17114,18481,20337,9827,10510,5085,2408,2677,
25450,20349,9674,10675,35606,17185,18421,40691,19584,21107,35602,17117,18485,20341,9828,10513,5086,2408,2678,
25455,20353,9676,10677,35613,17189,18424,40699,19587,21112,35609,17120,18489,20345,9830,10515,5087,2408,2679,
25460,20357,9677,10680,35620,17191,18429,40707,19593,21114,35616,17125,18491,20349,9831,10518,5088,2408,2680,
25465,20361,9681,10680,35627,17196,18431,40715,19597,21118,35623,17128,18495,20353,9834,10519,5089,2409,2680,
25470,20365,9684,10681,35634,17199,18435,40723,19601,21122,35630,17131,18499,20357,9836,10521,5090,2410,2680,
25475,20369,9687,10682,35641,17200,18441,40731,19606,21125,35637,17134,18503,20361,9837,10524,5091,2410,2681,
25480,20373,9689,10684,35648,17204,18444,40739,19609,21130,35644,17135,18509,20365,9837,10528,5092,2410,2682,
25485,20377,9691,10686,35655,17208,18447,40747,19613,21134,35651,17138,18513,20369,9838,10531,5093,2410,2683,
25490,20381,9693,10688,35662,17212,18450,40755,19615,21140,35658,17140,18518,20373,9840,10533,5094,2410,2684,
25495,20385,9694,10691,35669,17216,18453,40763,19622,21141,35665,17144,18521,20377,9842,10535,5095,2411,2684,
25500,20389,9694,10695,35676,17216,18460,40771,19626,21145,35672,17147,18525,20381,9844,10537,5096,2411,2685,
25505,20393,9696,10697,35683,17219,18464,40779,19628,21151,35679,17153,18526,20385,9847,10538,5097,2411,2686,
25510,20397,9696,10701,35690,17221,18469,40787,19631,21156,35686,17156,18530,20389,9849,10540,5098,2412,2686,
25515,20401,9698,10703,35697,17224,18473,40795,19635,21160,35693,17159,18534,20393,9851,10542,5099,2412,2687,
25520,20405,9700,10705,35704,17227,18477,40803,19640,21163,35700,17161,18539,20397,9855,10542,5100,2412,2688,
25525,20409,9703,10706,35711,17231,18480,40811,19648,21163,35707,17164,18543,20401,9857,10544,5101,2413,2688,
25530,20413,9705,10708,35718,17235,18483,40819,19652,21167,35714,17167,18547,20405,9857,10548,5102,2414,2688,
25535,20417,9707,10710,35725,17237,18488,40827,19656,21171,35721,17169,18552,20409,9859,10550,5103,2415,2688,
25540,20421,9709,10712,35732,17238,18494,40835,19659,21176,35728,17172,18556,20413,9861,10552,5104,2415,2689,
25545,20425,9712,10713,35739,17240,18499,40843,19663,21180,35735,17176,18559,20417,9863,10554,5105,2416,2689,
25550,20429,9714,10715,35746,17242,18504,40851,19665,21186,35742,17179,18563,20421,9866,10555,5106,2416,2690,
25555,20433,9717,10716,35753,17246,18507,40859,19668,21191,35749,17181,18568,20425,9866,10559,5107,2416,2691,
25560,20437,9719,10718,35760,17249,18511,40867,19672,21195,35756,17182,18574,20429,9868,10561,5108,2416,2692,
25565,20441,9722,10719,35767,17254,18513,40875,19674,21201,35763,17185,18578,20433,9870,10563,5109,2416,2693,
25570,20445,9725,10720,35774,17256,18518,40883,19676,21207,35770,17190,18580,20437,9873,10564,5110,2417,2693,
25575,20449,9728,10721,35781,17260,18521,40891,19680,21211,35777,17193,18584,20441,9876,10565,5111,2418,2693,
25580,20453,9729,10724,35788,17264,18524,40899,19685,21214,35784,17196,18588,20445,9877,10568,5112,2419,2693,
25585,20457,9731,10726,35795,17266,18529,40907,19689,21218,35791,17198,18593,20449,9880,10569,5113,2419,2694,
25590,20461,9734,10727,35802,17269,18533,40915,19692,21223,35798,17202,18596,20453,9883,10570,5114,2419,2695,
25595,20465,9735,10730,35809,17272,18537,40923,19696,21227,35805,17206,18599,20457,9885,10572,5115,2420,2695,
25600,20469,9737,10732,35816,17277,18539,40931,19698,21233,35812,17206,18606,20461,9887,10574,5116,2421,2695,
25605,20473,9739,10734,35823,17280,18543,40939,19699,21240,35819,17210,18609,20465,9889,10576,5117,2421,2696,
25610,20477,9740,10737,35830,17282,18548,40947,19703,21244,35826,17214,18612,20469,9890,10579,5118,2422,2696,
25615,20481,9742,10739,35837,17284,18553,40955,19705,21250,35833,17218,18615,20473,9894,10579,5119,2423,2696,
25620,20485,9743,10742,35844,17287,18557,40963,19709,21254,35840,17221,18619,20477,9897,10580,5120,2424,2696,
25625,20489,9743,10746,35851,17290,18561,40971,19714,21257,35847,17225,18622,20481,9897,10584,5121,2424,2697,
25630,20493,9744,10749,35858,17294,18564,40979,19719,21260,35854,17226,18628,20485,9901,10584,5122,2424,2698,
25635,20497,9747,10750,35865,17296,18569,40987,19721,21266,35861,17230,18631,20489,9903,10586,5123,2424,2699,
25640,20501,9748,10753,35872,17299,18573,40995,19726,21269,35868,17235,18633,20493,9905,10588,5124,2424,2700,
25645,20505,9750,10755,35879,17302,18577,41003,19732,21271,35875,17239,18636,20497,9905,10592,5125,2425,2700,
25650,20509,9752,10757,35886,17305,18581,41011,19734,21277,35882,17244,18638,20501,9907,10594,5126,2426,2700,
25655,20513,9755,10758,35893,17306,18587,41019,19737,21282,35889,17247,18642,20505,9910,10595,5127,2426,2701,
25660,20517,9757,10760,35900,17310,18590,41027,19741,21286,35896,17250,18646,20509,9913,10596,5128,2427,2701,
25665,20521,9757,10764,35907,17314,18593,41035,19745,21290,35903,17254,18649,20513,9913,10600,5129,2428,2701,
25670,20525,9757,10768,35914,17321,18593,41043,19752,21291,35910,17257,18653,20517,9915,10602,5130,2428,2702,
25675,20529,9760,10769,35921,17325,18596,41051,19757,21294,35917,17263,18654,20521,9919,10602,5131,2429,2702,
25680,20533,9760,10773,35928,17329,18599,41059,19760,21299,35924,17265,18659,20525,9922,10603,5132,2429,2703,
25685,20537,9760,10777,35935,17330,18605,41067,19765,21302,35931,17270,18661,20529,9923,10606,5133,2430,2703,
25690,20541,9763,10778,35942,17334,18608,41075,19770,21305,35938,17273,18665,20533,9927,10606,5134,2430,2704,
25695,20545,9764,10781,35949,17338,18611,41083,19774,21309,35945,17277,18668,20537,9929,10608,5135,2431,2704,
25700,20549,9766,10783,35956,17342,18614,41091,19775,21316,35952,17281,18671,20541,9930,10611,5136,2431,2705,
25705,20553,9768,10785,35963,17347,18616,41099,19781,21318,35959,17285,18674,20545,9932,10613,5137,2431,2706,
25710,20557,9771,10786,35970,17349,18621,41107,19786,21321,35966,17290,18676,20549,9934,10615,5138,2431,2707,
25715,20561,9772,10789,35977,17352,18625,41115,19792,21323,35973,17294,18679,20553,9937,10616,5139,2432,2707,
25720,20565,9773,10792,35984,17353,18631,41123,19798,21325,35980,17297,18683,20557,9941,10616,5140,2432,2708,
25725,20569,9775,10794,35991,17355,18636,41131,19802,21329,35987,17299,18688,20561,9943,10618,5141,2433,2708,
25730,20573,9778,10795,35998,17357,18641,41139,19806,21333,35994,17302,18692,20565,9946,10619,5142,2433,2709,
25735,20577,9781,10796,36005,17361,18644,41147,19810,21337,36001,17305,18696,20569,9948,10621,5143,2434,2709,
25740,20581,9782,10799,36012,17366,18646,41155,19812,21343,36008,17309,18699,20573,9950,10623,5144,2434,2710,
25745,20585,9785,10800,36019,17370,18649,41163,19815,21348,36015,17312,18703,20577,9952,10625,5145,2435,2710,
25750,20589,9789,10800,36026,17372,18654,41171,19819,21352,36022,17317,18705,20581,9953,10628,5146,2435,2711,
25755,20593,9791,10802,36033,17375,18658,41179,19822,21357,36029,17319,18710,20585,9954,10631,5147,2435,2712,
25760,20597,9792,10805,36040,17378,18662,41187,19827,21360,36036,17325,18711,20589,9956,10633,5148,2435,2713,
25765,20601,9794,10807,36047,17380,18667,41195,19830,21365,36043,17329,18714,20593,9958,10635,5149,2436,2713,
25770,20605,9797,10808,36054,17384,18670,41203,19833,21370,36050,17330,18720,20597,9960,10637,5150,2436,2714,
25775,20609,9799,10810,36061,17385,18676,41211,19836,21375,36057,17333,18724,20601,9964,10637,5151,2437,2714,
25780,20613,9803,10810,36068,17386,18682,41219,19841,21378,36064,17336,18728,20605,9965,10640,5152,2437,2715,
25785,20617,9805,10812,36075,17388,18687,41227,19844,21383,36071,17340,18731,20609,9966,10643,5153,2438,2715,
25790,20621,9806,10815,36082,17392,18690,41235,19849,21386,36078,17342,18736,20613,9967,10646,5154,2438,2716,
25795,20625,9808,10817,36089,17394,18695,41243,19852,21391,36085,17348,18737,20617,9969,10648,5155,2439,2716,
25800,20629,9809,10820,36096,17398,18698,41251,19855,21396,36092,17354,18738,20621,9972,10649,5156,2440,2716,
25805,20633,9809,10824,36103,17400,18703,41259,19856,21403,36099,17359,18740,20625,9974,10651,5157,2440,2717,
25810,20637,9810,10827,36110,17403,18707,41267,19860,21407,36106,17362,18744,20629,9976,10653,5158,2440,2718,
25815,20641,9811,10830,36117,17407,18710,41275,19863,21412,36113,17365,18748,20633,9978,10655,5159,2441,2718,
25820,20645,9812,10833,36124,17410,18714,41283,19867,21416,36120,17369,18751,20637,9981,10656,5160,2442,2718,
25825,20649,9813,10836,36131,17412,18719,41291,19871,21420,36127,17371,18756,20641,9984,10657,5161,2442,2719,
25830,20653,9817,10836,36138,17414,18724,41299,19875,21424,36134,17376,18758,20645,9986,10659,5162,2443,2719,
25835,20657,9819,10838,36145,17416,18729,41307,19879,21428,36141,17380,18761,20649,9988,10661,5163,2443,2720,
25840,20661,9820,10841,36152,17421,18731,41315,19884,21431,36148,17383,18765,20653,9990,10663,5164,2444,2720,
25845,20665,9822,10843,36159,17424,18735,41323,19886,21437,36155,17389,18766,20657,9993,10664,5165,2445,2720,
25850,20669,9824,10845,36166,17427,18739,41331,19889,21442,36162,17393,18769,20661,9996,10665,5166,2446,2720,
25855,20673,9825,10848,36173,17433,18740,41339,19892,21447,36169,17397,18772,20665,9997,10668,5167,2446,2721,
25860,20677,9826,10851,36180,17437,18743,41347,19898,21449,36176,17399,18777,20669,9999,10670,5168,2446,2722,
25865,20681,9828,10853,36187,17439,18748,41355,19902,21453,36183,17400,18783,20673,10001,10672,5169,2446,2723,
25870,20685,9830,10855,36194,17442,18752,41363,19905,21458,36190,17403,18787,20677,10005,10672,5170,2446,2724,
25875,20689,9831,10858,36201,17446,18755,41371,19909,21462,36197,17407,18790,20681,10008,10673,5171,2447,2724,
25880,20693,9832,10861,36208,17449,18759,41379,19912,21467,36204,17408,18796,20685,10009,10676,5172,2448,2724,
25885,20697,9833,10864,36215,17454,18761,41387,19917,21470,36211,17410,18801,20689,10011,10678,5173,2449,2724,
25890,20701,9835,10866,36222,17459,18763,41395,19919,21476,36218,17413,18805,20693,10013,10680,5174,2449,2725,
25895,20705,9836,10869,36229,17463,18766,41403,19922,21481,36225,17415,18810,20697,10015,10682,5175,2449,2726,
25900,20709,9836,10873,36236,17466,18770,41411,19928,21483,36232,17418,18814,20701,10017,10684,5176,2450,2726,
25905,20713,9839,10874,36243,17469,18774,41419,19933,21486,36239,17422,18817,20705,10020,10685,5177,2451,2726,
25910,20717,9841,10876,36250,17472,18778,41427,19940,21487,36246,17425,18821,20709,10023,10686,5178,2452,2726,
25915,20721,9844,10877,36257,17475,18782,41435,19945,21490,36253,17427,18826,20713,10026,10687,5179,2453,2726,
25920,20725,9845,10880,36264,17477,18787,41443,19946,21497,36260,17431,18829,20717,10027,10690,5180,2453,2727,
25925,20729,9847,10882,36271,17480,18791,41451,19949,21502,36267,17433,18834,20721,10030,10691,5181,2454,2727,
25930,20733,9850,10883,36278,17485,18793,41459,19952,21507,36274,17438,18836,20725,10033,10692,5182,2455,2727,
25935,20737,9854,10883,36285,17487,18798,41467,19954,21513,36281,17442,18839,20729,10034,10695,5183,2455,2728,
25940,20741,9857,10884,36292,17491,18801,41475,19958,21517,36288,17447,18841,20733,10035,10698,5184,2456,2728,
25945,20745,9857,10888,36299,17495,18804,41483,19962,21521,36295,17451,18844,20737,10037,10700,5185,2457,2728,
25950,20749,9859,10890,36306,17497,18809,41491,19965,21526,36302,17455,18847,20741,10039,10702,5186,2458,2728,
25955,20753,9862,10891,36313,17500,18813,41499,19968,21531,36309,17459,18850,20745,10042,10703,5187,2458,2729,
25960,20757,9864,10893,36320,17502,18818,41507,19974,21533,36316,17463,18853,20749,10044,10705,5188,2458,2730,
25965,20761,9864,10897,36327,17506,18821,41515,19980,21535,36323,17465,18858,20753,10045,10708,5189,2458,2731,
25970,20765,9866,10899,36334,17509,18825,41523,19985,21538,36330,17469,18861,20757,10046,10711,5190,2458,2732,
25975,20769,9867,10902,36341,17509,18832,41531,19990,21541,36337,17473,18864,20761,10047,10714,5191,2459,2732,
25980,20773,9869,10904,36348,17511,18837,41539,19993,21546,36344,17480,18864,20765,10047,10718,5192,2460,2732,
25985,20777,9872,10905,36355,17514,18841,41547,19996,21551,36351,17483,18868,20769,10048,10721,5193,2461,2732,
25990,20781,9876,10905,36362,17516,18846,41555,19999,21556,36358,17486,18872,20773,10049,10724,5194,2462,2732,
25995,20785,9879,10906,36369,17517,18852,41563,20002,21561,36365,17492,18873,20777,10052,10725,5195,2463,2732,
26000,20789,9879,10910,36376,17523,18853,41571,20005,21566,36372,17496,18876,20781,10054,10727,5196,2463,2733,
26005,20793,9880,10913,36383,17525,18858,41579,20008,21571,36379,17497,18882,20785,10057,10728,5197,2463,2734,
26010,20797,9881,10916,36390,17529,18861,41587,20010,21577,36386,17499,18887,20789,10060,10729,5198,2464,2734,
26015,20801,9884,10917,36397,17530,18867,41595,20013,21582,36393,17502,18891,20793,10063,10730,5199,2464,2735,
26020,20805,9887,10918,36404,17535,18869,41603,20018,21585,36400,17506,18894,20797,10066,10731,5200,2464,2736,
26025,20809,9889,10920,36411,17538,18873,41611,20020,21591,36407,17510,18897,20801,10067,10734,5201,2465,2736,
26030,20813,9892,10921,36418,17541,18877,41619,20023,21596,36414,17514,18900,20805,10070,10735,5202,2466,2736,
26035,20817,9895,10922,36425,17544,18881,41627,20028,21599,36421,17516,18905,20809,10071,10738,5203,2467,2736,
26040,20821,9897,10924,36432,17549,18883,41635,20033,21602,36428,17521,18907,20813,10072,10741,5204,2467,2737,
26045,20825,9898,10927,36439,17554,18885,41643,20038,21605,36435,17526,18909,20817,10075,10742,5205,2468,2737,
26050,20829,9899,10930,36446,17555,18891,41651,20042,21609,36442,17527,18915,20821,10076,10745,5206,2469,2737,
26055,20833,9900,10933,36453,17559,18894,41659,20043,21616,36449,17531,18918,20825,10079,10746,5207,2470,2737,
26060,20837,9902,10935,36460,17563,18897,41667,20047,21620,36456,17536,18920,20829,10080,10749,5208,2470,2738,
26065,20841,9903,10938,36467,17565,18902,41675,20052,21623,36463,17540,18923,20833,10082,10751,5209,2470,2739,
26070,20845,9905,10940,36474,17570,18904,41683,20055,21628,36470,17543,18927,20837,10084,10753,5210,2471,2739,
26075,20849,9907,10942,36481,17572,18909,41691,20056,21635,36477,17547,18930,20841,10087,10754,5211,2472,2739,
26080,20853,9909,10944,36488,17576,18912,41699,20058,21641,36484,17550,18934,20845,10088,10757,5212,2473,2739,
26085,20857,9910,10947,36495,17579,18916,41707,20059,21648,36491,17555,18936,20849,10089,10760,5213,2473,2740,
26090,20861,9913,10948,36502,17581,18921,41715,20063,21652,36498,17557,18941,20853,10090,10763,5214,2473,2741,
26095,20865,9915,10950,36509,17583,18926,41723,20068,21655,36505,17560,18945,20857,10092,10765,5215,2474,2741,
26100,20869,9917,10952,36516,17585,18931,41731,20072,21659,36512,17564,18948,20861,10093,10768,5216,2474,2742,
26105,20873,9920,10953,36523,17589,18934,41739,20075,21664,36519,17569,18950,20865,10095,10770,5217,2474,2743,
26110,20877,9921,10956,36530,17592,18938,41747,20078,21669,36526,17573,18953,20869,10097,10772,5218,2474,2744,
26115,20881,9924,10957,36537,17596,18941,41755,20081,21674,36533,17577,18956,20873,10100,10773,5219,2474,2745,
26120,20885,9924,10961,36544,17600,18944,41763,20085,21678,36540,17579,18961,20877,10102,10775,5220,2474,2746,
26125,20889,9927,10962,36551,17603,18948,41771,20089,21682,36547,17582,18965,20881,10104,10777,5221,2474,2747,
26130,20893,9930,10963,36558,17605,18953,41779,20094,21685,36554,17584,18970,20885,10106,10779,5222,2474,2748,
26135,20897,9931,10966,36565,17608,18957,41787,20099,21688,36561,17587,18974,20889,10109,10780,5223,2474,2749,
26140,20901,9932,10969,36572,17610,18962,41795,20106,21689,36568,17591,18977,20893,10110,10783,5224,2474,2750,
26145,20905,9935,10970,36579,17614,18965,41803,20111,21692,36575,17595,18980,20897,10111,10786,5225,2474,2751,
26150,20909,9938,10971,36586,17618,18968,41811,20117,21694,36582,17599,18983,20901,10112,10789,5226,2474,2752,
26155,20913,9939,10974,36593,17620,18973,41819,20121,21698,36589,17602,18987,20905,10114,10791,5227,2475,2752,
26160,20917,9942,10975,36600,17624,18976,41827,20125,21702,36596,17607,18989,20909,10116,10793,5228,2476,2752,
26165,20921,9945,10976,36607,17628,18979,41835,20129,21706,36603,17613,18990,20913,10119,10794,5229,2476,2753,
26170,20925,9947,10978,36614,17632,18982,41843,20134,21709,36610,17617,18993,20917,10122,10795,5230,2477,2753,
26175,20929,9949,10980,36621,17636,18985,41851,20138,21713,36617,17622,18995,20921,10123,10798,5231,2477,2754,
26180,20933,9953,10980,36628,17639,18989,41859,20139,21720,36624,17625,18999,20925,10124,10801,5232,2478,2754,
26185,20937,9956,10981,36635,17644,18991,41867,20143,21724,36631,17628,19003,20929,10126,10803,5233,2479,2754,
26190,20941,9958,10983,36642,17647,18995,41875,20148,21727,36638,17633,19005,20933,10128,10805,5234,2480,2754,
26195,20945,9960,10985,36649,17650,18999,41883,20154,21729,36645,17635,19010,20937,10131,10806,5235,2480,2755,
26200,20949,9962,10987,36656,17655,19001,41891,20159,21732,36652,17638,19014,20941,10134,10807,5236,2480,2756,
26205,20953,9964,10989,36663,17658,19005,41899,20161,21738,36659,17640,19019,20945,10135,10810,5237,2481,2756,
26210,20957,9965,10992,36670,17662,19008,41907,20164,21743,36666,17644,19022,20949,10136,10813,5238,2482,2756,
26215,20961,9968,10993,36677,17664,19013,41915,20167,21748,36673,17647,19026,20953,10138,10815,5239,2483,2756,
26220,20965,9970,10995,36684,17667,19017,41923,20170,21753,36680,17648,19032,20957,10140,10817,5240,2484,2756,
26225,20969,9974,10995,36691,17671,19020,41931,20172,21759,36687,17653,19034,20961,10142,10819,5241,2485,2756,
26230,20973,9976,10997,36698,17675,19023,41939,20177,21762,36694,17656,19038,20965,10144,10821,5242,2486,2756,
26235,20977,9979,10998,36705,17677,19028,41947,20180,21767,36701,17659,19042,20969,10145,10824,5243,2486,2757,
26240,20981,9980,11001,36712,17681,19031,41955,20185,21770,36708,17660,19048,20973,10147,10826,5244,2487,2757,
26245,20985,9982,11003,36719,17686,19033,41963,20189,21774,36715,17662,19053,20977,10149,10828,5245,2487,2758,
26250,20989,9985,11004,36726,17691,19035,41971,20195,21776,36722,17667,19055,20981,10151,10830,5246,2488,2758,
26255,20993,9988,11005,36733,17697,19036,41979,20199,21780,36729,17671,19058,20985,10154,10831,5247,2488,2759,
26260,20997,9991,11006,36740,17699,19041,41987,20202,21785,36736,17673,19063,20989,10156,10833,5248,2488,2760,
26265,21001,9993,11008,36747,17703,19044,41995,20207,21788,36743,17674,19069,20993,10158,10835,5249,2488,2761,
26270,21005,9996,11009,36754,17708,19046,42003,20212,21791,36750,17678,19072,20997,10161,10836,5250,2489,2761,
26275,21009,9997,11012,36761,17711,19050,42011,20216,21795,36757,17682,19075,21001,10162,10839,5251,2490,2761,
26280,21013,9999,11014,36768,17715,19053,42019,20221,21798,36764,17687,19077,21005,10163,10842,5252,2490,2762,
26285,21017,10000,11017,36775,17718,19057,42027,20224,21803,36771,17691,19080,21009,10166,10843,5253,2490,2763,
26290,21021,10000,11021,36782,17722,19060,42035,20226,21809,36778,17694,19084,21013,10168,10845,5254,2490,2764,
26295,21025,10004,11021,36789,17728,19061,42043,20231,21812,36785,17696,19089,21017,10170,10847,5255,2491,2764,
26300,21029,10006,11023,36796,17732,19064,42051,20232,21819,36792,17699,19093,21021,10172,10849,5256,2492,2764,
26305,21033,10007,11026,36803,17735,19068,42059,20236,21823,36799,17702,19097,21025,10173,10852,5257,2492,2765,
26310,21037,10009,11028,36810,17737,19073,42067,20241,21826,36806,17705,19101,21029,10177,10852,5258,2492,2766,
26315,21041,10012,11029,36817,17740,19077,42075,20245,21830,36813,17709,19104,21033,10179,10854,5259,2493,2766,
26320,21045,10014,11031,36824,17743,19081,42083,20249,21834,36820,17711,19109,21037,10182,10855,5260,2494,2766,
26325,21049,10015,11034,36831,17746,19085,42091,20252,21839,36827,17714,19113,21041,10184,10857,5261,2495,2766,
26330,21053,10016,11037,36838,17753,19085,42099,20258,21841,36834,17717,19117,21045,10187,10858,5262,2496,2766,
26335,21057,10018,11039,36845,17757,19088,42107,20260,21847,36841,17722,19119,21049,10189,10860,5263,2496,2767,
26340,21061,10019,11042,36852,17759,19093,42115,20263,21852,36848,17723,19125,21053,10192,10861,5264,2497,2767,
26345,21065,10022,11043,36859,17761,19098,42123,20267,21856,36855,17729,19126,21057,10193,10864,5265,2497,2768,
26350,21069,10025,11044,36866,17763,19103,42131,20271,21860,36862,17732,19130,21061,10194,10867,5266,2498,2768,
26355,21073,10028,11045,36873,17768,19105,42139,20274,21865,36869,17737,19132,21065,10196,10869,5267,2498,2769,
26360,21077,10029,11048,36880,17772,19108,42147,20276,21871,36876,17741,19135,21069,10197,10872,5268,2499,2769,
26365,21081,10032,11049,36887,17774,19113,42155,20281,21874,36883,17745,19138,21073,10199,10874,5269,2500,2769,
26370,21085,10033,11052,36894,17776,19118,42163,20284,21879,36890,17747,19143,21077,10200,10877,5270,2500,2770,
26375,21089,10035,11054,36901,17782,19119,42171,20288,21883,36897,17751,19146,21081,10201,10880,5271,2500,2771,
26380,21093,10038,11055,36908,17784,19124,42179,20292,21887,36904,17753,19151,21085,10203,10882,5272,2501,2771,
26385,21097,10042,11055,36915,17787,19128,42187,20298,21889,36911,17756,19155,21089,10206,10883,5273,2501,2772,
26390,21101,10044,11057,36922,17789,19133,42195,20301,21894,36918,17759,19159,21093,10207,10886,5274,2502,2772,
26395,21105,10047,11058,36929,17793,19136,42203,20305,21898,36925,17762,19163,21097,10209,10888,5275,2502,2773,
26400,21109,10050,11059,36936,17795,19141,42211,20309,21902,36932,17766,19166,21101,10210,10891,5276,2502,2774,
26405,21113,10052,11061,36943,17800,19143,42219,20311,21908,36939,17771,19168,21105,10213,10892,5277,2502,2775,
26410,21117,10056,11061,36950,17806,19144,42227,20319,21908,36946,17774,19172,21109,10214,10895,5278,2502,2776,
26415,21121,10059,11062,36957,17809,19148,42235,20326,21909,36953,17776,19177,21113,10218,10895,5279,2502,2777,
26420,21125,10061,11064,36964,17813,19151,42243,20329,21914,36960,17781,19179,21117,10220,10897,5280,2503,2777,
26425,21129,10063,11066,36971,17817,19154,42251,20333,21918,36967,17783,19184,21121,10222,10899,5281,2504,2777,
26430,21133,10066,11067,36978,17822,19156,42259,20338,21921,36974,17788,19186,21125,10224,10901,5282,2505,2777,
26435,21137,10069,11068,36985,17825,19160,42267,20342,21925,36981,17792,19189,21129,10226,10903,5283,2506,2777,
26440,21141,10071,11070,36992,17829,19163,42275,20347,21928,36988,17796,19192,21133,10229,10904,5284,2507,2777,
26445,21145,10072,11073,36999,17833,19166,42283,20350,21933,36995,17798,19197,21137,10231,10906,5285,2507,2778,
26450,21149,10075,11074,37006,17837,19169,42291,20354,21937,37002,17802,19200,21141,10232,10909,5286,2507,2779,
26455,21153,10078,11075,37013,17841,19172,42299,20359,21940,37009,17803,19206,21145,10235,10910,5287,2507,2780,
26460,21157,10078,11079,37020,17842,19178,42307,20362,21945,37016,17804,19212,21149,10235,10914,5288,2508,2780,
26465,21161,10081,11080,37027,17843,19184,42315,20367,21948,37023,17807,19216,21153,10238,10915,5289,2509,2780,
26470,21165,10081,11084,37034,17846,19188,42323,20372,21951,37030,17810,19220,21157,10240,10917,5290,2509,2781,
26475,21169,10084,11085,37041,17850,19191,42331,20374,21957,37037,17815,19222,21161,10241,10920,5291,2509,2782,
26480,21173,10086,11087,37048,17854,19194,42339,20380,21959,37044,17817,19227,21165,10242,10923,5292,2509,2783,
26485,21177,10088,11089,37055,17856,19199,42347,20381,21966,37051,17819,19232,21169,10246,10923,5293,2509,2784,
26490,21181,10090,11091,37062,17859,19203,42355,20385,21970,37058,17821,19237,21173,10250,10923,5294,2509,2785,
26495,21185,10091,11094,37069,17864,19205,42363,20390,21973,37065,17825,19240,21177,10253,10924,5295,2509,2786,
26500,21189,10091,11098,37076,17867,19209,42371,20395,21976,37072,17829,19243,21181,10256,10925,5296,2510,2786,
26505,21193,10092,11101,37083,17871,19212,42379,20399,21980,37079,17832,19247,21185,10259,10926,5297,2511,2786,
26510,21197,10094,11103,37090,17874,19216,42387,20404,21983,37086,17837,19249,21189,10260,10929,5298,2512,2786,
26515,21201,10097,11104,37097,17877,19220,42395,20405,21990,37093,17842,19251,21193,10262,10931,5299,2512,2787,
26520,21205,10099,11106,37104,17881,19223,42403,20409,21994,37100,17846,19254,21197,10264,10933,5300,2513,2787,
26525,21209,10100,11109,37111,17884,19227,42411,20411,22000,37107,17849,19258,21201,10267,10934,5301,2513,2788,
26530,21213,10101,11112,37118,17889,19229,42419,20416,22003,37114,17850,19264,21205,10269,10936,5302,2514,2788,
26535,21217,10103,11114,37125,17891,19234,42427,20421,22006,37121,17851,19270,21209,10271,10938,5303,2515,2788,
26540,21221,10104,11117,37132,17896,19236,42435,20426,22009,37128,17854,19274,21213,10273,10940,5304,2516,2788,
26545,21225,10104,11121,37139,17900,19239,42443,20432,22011,37135,17858,19277,21217,10275,10942,5305,2517,2788,
26550,21229,10105,11124,37146,17905,19241,42451,20435,22016,37142,17861,19281,21221,10277,10944,5306,2517,2789,
26555,21233,10108,11125,37153,17911,19242,42459,20438,22021,37149,17864,19285,21225,10280,10945,5307,2517,2790,
26560,21237,10110,11127,37160,17916,19244,42467,20444,22023,37156,17868,19288,21229,10283,10946,5308,2517,2791,
26565,21241,10112,11129,37167,17919,19248,42475,20450,22025,37163,17871,19292,21233,10283,10950,5309,2518,2791,
26570,21245,10114,11131,37174,17920,19254,42483,20454,22029,37170,17875,19295,21237,10286,10951,5310,2519,2791,
26575,21249,10116,11133,37181,17922,19259,42491,20457,22034,37177,17879,19298,21241,10288,10953,5311,2519,2792,
26580,21253,10117,11136,37188,17924,19264,42499,20459,22040,37184,17881,19303,21245,10290,10955,5312,2520,2792,
26585,21257,10119,11138,37195,17927,19268,42507,20463,22044,37191,17885,19306,21249,10292,10957,5313,2521,2792,
26590,21261,10121,11140,37202,17931,19271,42515,20468,22047,37198,17891,19307,21253,10293,10960,5314,2521,2793,
26595,21265,10121,11144,37209,17934,19275,42523,20473,22050,37205,17894,19311,21257,10295,10962,5315,2522,2793,
26600,21269,10122,11147,37216,17935,19281,42531,20477,22054,37212,17896,19316,21261,10298,10963,5316,2522,2794,
26605,21273,10124,11149,37223,17938,19285,42539,20481,22058,37219,17898,19321,21265,10298,10967,5317,2522,2795,
26610,21277,10126,11151,37230,17942,19288,42547,20485,22062,37226,17901,19325,21269,10298,10971,5318,2523,2795,
26615,21281,10128,11153,37237,17945,19292,42555,20488,22067,37233,17906,19327,21273,10300,10973,5319,2523,2796,
26620,21285,10129,11156,37244,17949,19295,42563,20491,22072,37240,17910,19330,21277,10302,10975,5320,2524,2796,
26625,21289,10130,11159,37251,17951,19300,42571,20494,22077,37247,17914,19333,21281,10305,10976,5321,2524,2797,
26630,21293,10132,11161,37258,17954,19304,42579,20500,22079,37254,17919,19335,21285,10307,10978,5322,2525,2797,
26635,21297,10132,11165,37265,17956,19309,42587,20504,22083,37261,17922,19339,21289,10309,10980,5323,2525,2798,
26640,21301,10135,11166,37272,17958,19314,42595,20505,22090,37268,17925,19343,21293,10311,10982,5324,2526,2798,
26645,21305,10136,11169,37279,17962,19317,42603,20509,22094,37275,17929,19346,21297,10313,10984,5325,2526,2799,
26650,21309,10138,11171,37286,17965,19321,42611,20513,22098,37282,17933,19349,21301,10315,10986,5326,2527,2799,
26655,21313,10141,11172,37293,17970,19323,42619,20518,22101,37289,17938,19351,21305,10317,10988,5327,2527,2800,
26660,21317,10141,11176,37300,17976,19324,42627,20522,22105,37296,17940,19356,21309,10318,10991,5328,2527,2801,
26665,21321,10141,11180,37307,17980,19327,42635,20525,22110,37303,17942,19361,21313,10321,10992,5329,2528,2801,
26670,21325,10143,11182,37314,17983,19331,42643,20530,22113,37310,17945,19365,21317,10322,10995,5330,2529,2801,
26675,21329,10145,11184,37321,17986,19335,42651,20536,22115,37317,17949,19368,21321,10324,10997,5331,2530,2801,
26680,21333,10147,11186,37328,17989,19339,42659,20539,22120,37324,17951,19373,21325,10326,10999,5332,2531,2801,
26685,21337,10150,11187,37335,17993,19342,42667,20543,22124,37331,17954,19377,21329,10329,11000,5333,2531,2802,
26690,21341,10153,11188,37342,17995,19347,42675,20547,22128,37338,17959,19379,21333,10330,11003,5334,2531,2803,
26695,21345,10157,11188,37349,17997,19352,42683,20551,22132,37345,17963,19382,21337,10333,11004,5335,2532,2803,
26700,21349,10158,11191,37356,17999,19357,42691,20555,22136,37352,17965,19387,21341,10334,11007,5336,2532,2804,
26705,21353,10160,11193,37363,18002,19361,42699,20557,22142,37359,17967,19392,21345,10335,11010,5337,2532,2805,
26710,21357,10162,11195,37370,18006,19364,42707,20559,22148,37366,17971,19395,21349,10338,11011,5338,2532,2806,
26715,21361,10163,11198,37377,18012,19365,42715,20560,22155,37373,17973,19400,21353,10341,11012,5339,2532,2807,
26720,21365,10165,11200,37384,18013,19371,42723,20562,22161,37380,17977,19403,21357,10342,11015,5340,2532,2808,
26725,21369,10165,11204,37391,18017,19374,42731,20566,22165,37387,17980,19407,21361,10345,11016,5341,2532,2809,
26730,21373,10167,11206,37398,18022,19376,42739,20569,22170,37394,17982,19412,21365,10347,11018,5342,2533,2809,
26735,21377,10167,11210,37405,18025,19380,42747,20571,22176,37401,17986,19415,21369,10349,11020,5343,2534,2809,
26740,21381,10168,11213,37412,18027,19385,42755,20572,22183,37408,17989,19419,21373,10351,11022,5344,2535,2809,
26745,21385,10170,11215,37419,18031,19388,42763,20575,22188,37415,17994,19421,21377,10353,11024,5345,2535,2810,
26750,21389,10172,11217,37426,18036,19390,42771,20580,22191,37422,17998,19424,21381,10356,11025,5346,2535,2811,
26755,21393,10174,11219,37433,18039,19394,42779,20585,22194,37429,18002,19427,21385,10358,11027,5347,2536,2811,
26760,21397,10175,11222,37440,18041,19399,42787,20588,22199,37436,18004,19432,21389,10361,11028,5348,2537,2811,
26765,21401,10177,11224,37447,18044,19403,42795,20591,22204,37443,18007,19436,21393,10363,11030,5349,2537,2812,
26770,21405,10180,11225,37454,18047,19407,42803,20593,22210,37450,18013,19437,21397,10366,11031,5350,2537,2813,
26775,21409,10183,11226,37461,18049,19412,42811,20596,22215,37457,18019,19438,21401,10368,11033,5351,2538,2813,
26780,21413,10185,11228,37468,18052,19416,42819,20601,22218,37464,18024,19440,21405,10370,11035,5352,2539,2813,
26785,21417,10187,11230,37475,18055,19420,42827,20605,22222,37471,18028,19443,21409,10373,11036,5353,2539,2814,
26790,21421,10190,11231,37482,18058,19424,42835,20612,22223,37478,18031,19447,21413,10375,11038,5354,2539,2815,
26795,21425,10192,11233,37489,18061,19428,42843,20616,22227,37485,18035,19450,21417,10377,11040,5355,2539,2816,
26800,21429,10196,11233,37496,18066,19430,42851,20620,22231,37492,18038,19454,21421,10380,11041,5356,2540,2816,
26805,21433,10198,11235,37503,18069,19434,42859,20622,22237,37499,18042,19457,21425,10383,11042,5357,2541,2816,
26810,21437,10200,11237,37510,18072,19438,42867,20626,22241,37506,18044,19462,21429,10383,11046,5358,2541,2817,
26815,21441,10202,11239,37517,18076,19441,42875,20629,22246,37513,18047,19466,21433,10383,11050,5359,2541,2818,
26820,21445,10205,11240,37524,18080,19444,42883,20634,22249,37520,18051,19469,21437,10384,11053,5360,2541,2819,
26825,21449,10208,11241,37531,18083,19448,42891,20637,22254,37527,18056,19471,21441,10386,11055,5361,2541,2820,
26830,21453,10211,11242,37538,18085,19453,42899,20644,22255,37534,18060,19474,21445,10387,11058,5362,2541,2821,
26835,21457,10214,11243,37545,18087,19458,42907,20648,22259,37541,18064,19477,21449,10388,11061,5363,2542,2821,
26840,21461,10216,11245,37552,18094,19458,42915,20652,22263,37548,18068,19480,21453,10391,11062,5364,2542,2822,
26845,21465,10218,11247,37559,18098,19461,42923,20657,22266,37555,18073,19482,21457,10392,11065,5365,2543,2822,
26850,21469,10220,11249,37566,18100,19466,42931,20660,22271,37562,18077,19485,21461,10395,11066,5366,2543,2823,
26855,21473,10223,11250,37573,18101,19472,42939,20665,22274,37569,18081,19488,21465,10396,11069,5367,2544,2823,
26860,21477,10225,11252,37580,18104,19476,42947,20670,22277,37576,18082,19494,21469,10398,11071,5368,2544,2824,
26865,21481,10227,11254,37587,18106,19481,42955,20674,22281,37583,18086,19497,21473,10401,11072,5369,2544,2825,
26870,21485,10228,11257,37594,18109,19485,42963,20681,22282,37590,18089,19501,21477,10405,11072,5370,2544,2826,
26875,21489,10229,11260,37601,18111,19490,42971,20685,22286,37597,18093,19504,21481,10407,11074,5371,2544,2827,
26880,21493,10231,11262,37608,18116,19492,42979,20689,22290,37604,18098,19506,21485,10408,11077,5372,2545,2827,
26885,21497,10234,11263,37615,18118,19497,42987,20693,22294,37611,18100,19511,21489,10411,11078,5373,2545,2828,
26890,21501,10236,11265,37622,18119,19503,42995,20698,22297,37618,18101,19517,21493,10413,11080,5374,2546,2828,
26895,21505,10238,11267,37629,18124,19505,43003,20702,22301,37625,18104,19521,21497,10414,11083,5375,2547,2828,
26900,21509,10241,11268,37636,18127,19509,43011,20703,22308,37632,18108,19524,21501,10416,11085,5376,2548,2828,
26905,21513,10242,11271,37643,18130,19513,43019,20707,22312,37639,18113,19526,21505,10416,11089,5377,2549,2828,
26910,21517,10244,11273,37650,18134,19516,43027,20709,22318,37646,18116,19530,21509,10418,11091,5378,2549,2829,
26915,21521,10245,11276,37657,18140,19517,43035,20714,22321,37653,18121,19532,21513,10419,11094,5379,2550,2829,
26920,21525,10246,11279,37664,18143,19521,43043,20719,22324,37660,18126,19534,21517,10422,11095,5380,2550,2830,
26925,21529,10247,11282,37671,18148,19523,43051,20721,22330,37667,18131,19536,21521,10424,11097,5381,2551,2830,
26930,21533,10249,11284,37678,18152,19526,43059,20725,22334,37674,18135,19539,21525,10426,11099,5382,2551,2831,
26935,21537,10250,11287,37685,18155,19530,43067,20728,22339,37681,18138,19543,21529,10428,11101,5383,2551,2832,
26940,21541,10252,11289,37692,18158,19534,43075,20730,22345,37688,18140,19548,21533,10430,11103,5384,2551,2833,
26945,21545,10254,11291,37699,18161,19538,43083,20734,22349,37695,18142,19553,21537,10433,11104,5385,2552,2833,
26950,21549,10256,11293,37706,18164,19542,43091,20739,22352,37702,18145,19557,21541,10437,11104,5386,2553,2833,
26955,21553,10259,11294,37713,18166,19547,43099,20742,22357,37709,18150,19559,21545,10439,11106,5387,2553,2834,
26960,21557,10260,11297,37720,18170,19550,43107,20745,22362,37716,18153,19563,21549,10442,11107,5388,2554,2834,
26965,21561,10261,11300,37727,18172,19555,43115,20750,22365,37723,18158,19565,21553,10445,11108,5389,2555,2834,
26970,21565,10262,11303,37734,18178,19556,43123,20756,22367,37730,18162,19568,21557,10446,11111,5390,2556,2834,
26975,21569,10264,11305,37741,18180,19561,43131,20760,22371,37737,18165,19572,21561,10448,11113,5391,2556,2835,
26980,21573,10267,11306,37748,18183,19565,43139,20763,22376,37744,18169,19575,21565,10452,11113,5392,2557,2835,
26985,21577,10267,11310,37755,18186,19569,43147,20768,22379,37751,18171,19580,21569,10455,11114,5393,2557,2836,
26990,21581,10271,11310,37762,18189,19573,43155,20770,22385,37758,18173,19585,21573,10457,11116,5394,2557,2837,
26995,21585,10273,11312,37769,18194,19575,43163,20776,22387,37765,18178,19587,21577,10459,11118,5395,2557,2838,
27000,21589,10275,11314,37776,18198,19578,43171,20780,22391,37772,18182,19590,21581,10462,11119,5396,2557,2839,
27005,21593,10277,11316,37783,18199,19584,43179,20784,22395,37779,18184,19595,21585,10464,11121,5397,2558,2839,
27010,21597,10278,11319,37790,18202,19588,43187,20785,22402,37786,18186,19600,21589,10467,11122,5398,2558,2840,
27015,21601,10280,11321,37797,18205,19592,43195,20785,22410,37793,18189,19604,21593,10468,11125,5399,2558,2841,
27020,21605,10283,11322,37804,18210,19594,43203,20792,22411,37800,18192,19608,21597,10469,11128,5400,2558,2842,
27025,21609,10286,11323,37811,18213,19598,43211,20797,22414,37807,18195,19612,21601,10470,11131,5401,2558,2843,
27030,21613,10288,11325,37818,18216,19602,43219,20800,22419,37814,18198,19616,21605,10471,11134,5402,2559,2843,
27035,21617,10288,11329,37825,18218,19607,43227,20804,22423,37821,18203,19618,21609,10473,11136,5403,2560,2843,
27040,21621,10289,11332,37832,18221,19611,43235,20807,22428,37828,18205,19623,21613,10476,11137,5404,2560,2844,
27045,21625,10291,11334,37839,18224,19615,43243,20811,22432,37835,18207,19628,21617,10478,11139,5405,2561,2844,
27050,21629,10294,11335,37846,18227,19619,43251,20816,22435,37842,18211,19631,21621,10481,11140,5406,2561,2845,
27055,21633,10296,11337,37853,18232,19621,43259,20817,22442,37849,18214,19635,21625,10484,11141,5407,2561,2846,
27060,21637,10297,11340,37860,18238,19622,43267,20821,22446,37856,18218,19638,21629,10487,11142,5408,2562,2846,
27065,21641,10300,11341,37867,18239,19628,43275,20825,22450,37863,18220,19643,21633,10488,11145,5409,2562,2847,
27070,21645,10300,11345,37874,18243,19631,43283,20829,22454,37870,18223,19647,21637,10489,11148,5410,2562,2848,
27075,21649,10301,11348,37881,18248,19633,43291,20832,22459,37877,18226,19651,21641,10491,11150,5411,2563,2848,
27080,21653,10302,11351,37888,18253,19635,43299,20835,22464,37884,18227,19657,21645,10493,11152,5412,2564,2848,
27085,21657,10304,11353,37895,18256,19639,43307,20838,22469,37891,18232,19659,21649,10496,11153,5413,2565,2848,
27090,21661,10304,11357,37902,18258,19644,43315,20841,22474,37898,18238,19660,21653,10498,11155,5414,2565,2849,
27095,21665,10307,11358,37909,18263,19646,43323,20845,22478,37905,18241,19664,21657,10502,11155,5415,2565,2850,
27100,21669,10307,11362,37916,18266,19650,43331,20848,22483,37912,18243,19669,21661,10503,11158,5416,2565,2851,
27105,21673,10310,11363,37923,18270,19653,43339,20852,22487,37919,18245,19674,21665,10506,11159,5417,2566,2851,
27110,21677,10313,11364,37930,18273,19657,43347,20855,22492,37926,18251,19675,21669,10507,11162,5418,2566,2852,
27115,21681,10314,11367,37937,18276,19661,43355,20858,22497,37933,18254,19679,21673,10509,11164,5419,2566,2853,
27120,21685,10317,11368,37944,18278,19666,43363,20864,22499,37940,18258,19682,21677,10510,11167,5420,2567,2853,
27125,21689,10320,11369,37951,18282,19669,43371,20867,22504,37947,18261,19686,21681,10511,11170,5421,2567,2854,
27130,21693,10321,11372,37958,18283,19675,43379,20870,22509,37954,18264,19690,21685,10513,11172,5422,2568,2854,
27135,21697,10323,11374,37965,18287,19678,43387,20874,22513,37961,18266,19695,21689,10515,11174,5423,2568,2855,
27140,21701,10324,11377,37972,18290,19682,43395,20877,22518,37968,18268,19700,21693,10517,11176,5424,2568,2856,
27145,21705,10326,11379,37979,18291,19688,43403,20882,22521,37975,18272,19703,21697,10518,11179,5425,2569,2856,
27150,21709,10329,11380,37986,18293,19693,43411,20886,22525,37982,18274,19708,21701,10519,11182,5426,2569,2857,
27155,21713,10333,11380,37993,18297,19696,43419,20892,22527,37989,18277,19712,21705,10519,11186,5427,2570,2857,
27160,21717,10335,11382,38000,18300,19700,43427,20896,22531,37996,18280,19716,21709,10522,11187,5428,2570,2858,
27165,21721,10337,11384,38007,18303,19704,43435,20899,22536,38003,18284,19719,21713,10525,11188,5429,2571,2858,
27170,21725,10340,11385,38014,18307,19707,43443,20903,22540,38010,18286,19724,21717,10526,11191,5430,2571,2859,
27175,21729,10342,11387,38021,18312,19709,43451,20905,22546,38017,18290,19727,21721,10527,11194,5431,2571,2860,
27180,21733,10345,11388,38028,18315,19713,43459,20907,22552,38024,18293,19731,21725,10528,11197,5432,2572,2860,
27185,21737,10347,11390,38035,18319,19716,43467,20912,22555,38031,18297,19734,21729,10529,11200,5433,2572,2861,
27190,21741,10348,11393,38042,18323,19719,43475,20916,22559,38038,18300,19738,21733,10532,11201,5434,2572,2862,
27195,21745,10351,11394,38049,18327,19722,43483,20920,22563,38045,18306,19739,21737,10535,11202,5435,2573,2862,
27200,21749,10353,11396,38056,18331,19725,43491,20922,22569,38052,18310,19742,21741,10536,11205,5436,2573,2863,
27205,21753,10356,11397,38063,18335,19728,43499,20926,22573,38059,18313,19746,21745,10538,11207,5437,2573,2864,
27210,21757,10358,11399,38070,18339,19731,43507,20927,22580,38066,18317,19749,21749,10539,11210,5438,2573,2865,
27215,21761,10360,11401,38077,18341,19736,43515,20930,22585,38073,18322,19751,21753,10543,11210,5439,2573,2866,
27220,21765,10362,11403,38084,18346,19738,43523,20933,22590,38080,18328,19752,21757,10544,11213,5440,2574,2866,
27225,21769,10364,11405,38091,18351,19740,43531,20938,22593,38087,18331,19756,21761,10548,11213,5441,2574,2867,
27230,21773,10366,11407,38098,18355,19743,43539,20940,22599,38094,18336,19758,21765,10549,11216,5442,2575,2867,
27235,21777,10367,11410,38105,18356,19749,43547,20941,22606,38101,18337,19764,21769,10549,11220,5443,2576,2867,
27240,21781,10369,11412,38112,18358,19754,43555,20944,22611,38108,18341,19767,21773,10550,11223,5444,2576,2868,
27245,21785,10370,11415,38119,18361,19758,43563,20947,22616,38115,18345,19770,21777,10553,11224,5445,2577,2868,
27250,21789,10373,11416,38126,18365,19761,43571,20954,22617,38122,18348,19774,21781,10556,11225,5446,2578,2868,
27255,21793,10375,11418,38133,18368,19765,43579,20958,22621,38129,18349,19780,21785,10558,11227,5447,2578,2869,
27260,21797,10377,11420,38140,18372,19768,43587,20962,22625,38136,18354,19782,21789,10559,11230,5448,2579,2869,
27265,21801,10378,11423,38147,18377,19770,43595,20968,22627,38143,18359,19784,21793,10562,11231,5449,2580,2869,
27270,21805,10381,11424,38154,18378,19776,43603,20973,22630,38150,18363,19787,21797,10564,11233,5450,2580,2870,
27275,21809,10383,11426,38161,18381,19780,43611,20975,22636,38157,18368,19789,21801,10565,11236,5451,2580,2871,
27280,21813,10386,11427,38168,18384,19784,43619,20978,22641,38164,18371,19793,21805,10567,11238,5452,2580,2872,
27285,21817,10388,11429,38175,18388,19787,43627,20982,22645,38171,18374,19797,21809,10568,11241,5453,2581,2872,
27290,21821,10391,11430,38182,18391,19791,43635,20986,22649,38178,18377,19801,21813,10571,11242,5454,2581,2873,
27295,21825,10392,11433,38189,18394,19795,43643,20992,22651,38185,18382,19803,21817,10572,11245,5455,2581,2874,
27300,21829,10394,11435,38196,18396,19800,43651,20997,22654,38192,18385,19807,21821,10574,11247,5456,2581,2875,
27305,21833,10397,11436,38203,18401,19802,43659,21000,22659,38199,18387,19812,21825,10575,11250,5457,2581,2876,
27310,21837,10400,11437,38210,18403,19807,43667,21003,22664,38206,18390,19816,21829,10578,11251,5458,2581,2877,
27315,21841,10401,11440,38217,18407,19810,43675,21009,22666,38213,18394,19819,21833,10580,11253,5459,2581,2878,
27320,21845,10402,11443,38224,18411,19813,43683,21013,22670,38220,18395,19825,21837,10582,11255,5460,2582,2878,
27325,21849,10404,11445,38231,18415,19816,43691,21018,22673,38227,18397,19830,21841,10585,11256,5461,2582,2879,
27330,21853,10405,11448,38238,18420,19818,43699,21021,22678,38234,18400,19834,21845,10586,11259,5462,2583,2879,
27335,21857,10409,11448,38245,18422,19823,43707,21024,22683,38241,18402,19839,21849,10587,11262,5463,2583,2880,
27340,21861,10411,11450,38252,18426,19826,43715,21028,22687,38248,18404,19844,21853,10588,11265,5464,2583,2881,
27345,21865,10413,11452,38259,18429,19830,43723,21032,22691,38255,18407,19848,21857,10589,11268,5465,2584,2881,
27350,21869,10416,11453,38266,18435,19831,43731,21036,22695,38262,18409,19853,21861,10591,11270,5466,2585,2881,
27355,21873,10419,11454,38273,18438,19835,43739,21039,22700,38269,18413,19856,21865,10595,11270,5467,2586,2881,
27360,21877,10421,11456,38280,18442,19838,43747,21042,22705,38276,18418,19858,21869,10596,11273,5468,2587,2881,
27365,21881,10424,11457,38287,18445,19842,43755,21047,22708,38283,18418,19865,21873,10599,11274,5469,2587,2882,
27370,21885,10427,11458,38294,18446,19848,43763,21047,22716,38290,18423,19867,21877,10601,11276,5470,2588,2882,
27375,21889,10429,11460,38301,18448,19853,43771,21052,22719,38297,18427,19870,21881,10603,11278,5471,2588,2883,
27380,21893,10431,11462,38308,18451,19857,43779,21058,22721,38304,18430,19874,21885,10606,11279,5472,2589,2883,
27385,21897,10431,11466,38315,18454,19861,43787,21062,22725,38311,18432,19879,21889,10607,11282,5473,2589,2884,
27390,21901,10434,11467,38322,18458,19864,43795,21066,22729,38318,18435,19883,21893,10609,11284,5474,2589,2885,
27395,21905,10436,11469,38329,18462,19867,43803,21069,22734,38325,18439,19886,21897,10611,11286,5475,2590,2885,
27400,21909,10438,11471,38336,18465,19871,43811,21071,22740,38332,18442,19890,21901,10613,11288,5476,2591,2885,
27405,21913,10440,11473,38343,18469,19874,43819,21075,22744,38339,18447,19892,21905,10614,11291,5477,2591,2886,
27410,21917,10441,11476,38350,18473,19877,43827,21081,22746,38346,18448,19898,21909,10617,11292,5478,2591,2887,
27415,21921,10443,11478,38357,18476,19881,43835,21084,22751,38353,18452,19901,21913,10619,11294,5479,2592,2887,
27420,21925,10444,11481,38364,18479,19885,43843,21088,22755,38360,18457,19903,21917,10623,11294,5480,2593,2887,
27425,21929,10446,11483,38371,18480,19891,43851,21090,22761,38367,18459,19908,21921,10626,11295,5481,2594,2887,
27430,21933,10448,11485,38378,18483,19895,43859,21095,22764,38374,18459,19915,21925,10626,11299,5482,2595,2887,
27435,21937,10451,11486,38385,18488,19897,43867,21098,22769,38381,18464,19917,21929,10628,11301,5483,2595,2888,
27440,21941,10452,11489,38392,18493,19899,43875,21101,22774,38388,18468,19920,21933,10629,11304,5484,2596,2888,
27445,21945,10453,11492,38399,18498,19901,43883,21105,22778,38395,18470,19925,21937,10632,11305,5485,2596,2889,
27450,21949,10455,11494,38406,18502,19904,43891,21110,22781,38402,18473,19929,21941,10634,11307,5486,2597,2889,
27455,21953,10457,11496,38413,18508,19905,43899,21116,22783,38409,18476,19933,21945,10635,11310,5487,2597,2890,
27460,21957,10460,11497,38420,18511,19909,43907,21121,22786,38416,18479,19937,21949,10637,11312,5488,2597,2891,
27465,21961,10463,11498,38427,18516,19911,43915,21122,22793,38423,18483,19940,21953,10639,11314,5489,2597,2892,
27470,21965,10466,11499,38434,18518,19916,43923,21122,22801,38430,18485,19945,21957,10641,11316,5490,2598,2892,
27475,21969,10468,11501,38441,18521,19920,43931,21126,22805,38437,18490,19947,21961,10644,11317,5491,2599,2892,
27480,21973,10471,11502,38448,18524,19924,43939,21131,22808,38444,18493,19951,21965,10647,11318,5492,2600,2892,
27485,21977,10473,11504,38455,18529,19926,43947,21136,22811,38451,18496,19955,21969,10649,11320,5493,2600,2893,
27490,21981,10475,11506,38462,18533,19929,43955,21139,22816,38458,18501,19957,21973,10649,11324,5494,2601,2893,
27495,21985,10477,11508,38469,18539,19930,43963,21144,22819,38465,18503,19962,21977,10650,11327,5495,2602,2893,
27500,21989,10479,11510,38476,18542,19934,43971,21149,22822,38472,18507,19965,21981,10651,11330,5496,2602,2894,
27505,21993,10480,11513,38483,18544,19939,43979,21154,22825,38479,18510,19969,21985,10654,11331,5497,2603,2894,
27510,21997,10481,11516,38490,18545,19945,43987,21160,22827,38486,18514,19972,21989,10656,11333,5498,2604,2894,
27515,22001,10483,11518,38497,18547,19950,43995,21165,22830,38493,18516,19977,21993,10659,11334,5499,2605,2894,
27520,22005,10486,11519,38504,18550,19954,44003,21171,22832,38500,18518,19982,21997,10661,11336,5500,2606,2894,
27525,22009,10487,11522,38511,18554,19957,44011,21177,22834,38507,18522,19985,22001,10664,11337,5501,2606,2895,
27530,22013,10489,11524,38518,18555,19963,44019,21180,22839,38514,18526,19988,22005,10667,11338,5502,2607,2895,
27535,22017,10491,11526,38525,18557,19968,44027,21182,22845,38521,18528,19993,22009,10669,11340,5503,2607,2896,
27540,22021,10493,11528,38532,18559,19973,44035,21188,22847,38528,18532,19996,22013,10670,11343,5504,2607,2897,
27545,22025,10494,11531,38539,18562,19977,44043,21193,22850,38535,18534,20001,22017,10671,11346,5505,2608,2897,
27550,22029,10495,11534,38546,18564,19982,44051,21198,22853,38542,18539,20003,22021,10673,11348,5506,2608,2898,
27555,22033,10497,11536,38553,18569,19984,44059,21203,22856,38549,18542,20007,22025,10677,11348,5507,2609,2898,
27560,22037,10497,11540,38560,18573,19987,44067,21208,22859,38556,18545,20011,22029,10678,11351,5508,2610,2898,
27565,22041,10499,11542,38567,18575,19992,44075,21216,22859,38563,18545,20018,22033,10680,11353,5509,2610,2899,
27570,22045,10499,11546,38574,18579,19995,44083,21220,22863,38570,18550,20020,22037,10682,11355,5510,2611,2899,
27575,22049,10502,11547,38581,18583,19998,44091,21227,22864,38577,18556,20021,22041,10685,11356,5511,2612,2899,
27580,22053,10504,11549,38588,18586,20002,44099,21231,22868,38584,18559,20025,22045,10687,11358,5512,2612,2900,
27585,22057,10506,11551,38595,18590,20005,44107,21236,22871,38591,18562,20029,22049,10687,11362,5513,2612,2901,
27590,22061,10510,11551,38602,18594,20008,44115,21239,22876,38598,18564,20034,22053,10690,11363,5514,2612,2902,
27595,22065,10510,11555,38609,18597,20012,44123,21241,22882,38605,18568,20037,22057,10692,11365,5515,2613,2902,
27600,22069,10513,11556,38616,18601,20015,44131,21243,22888,38612,18571,20041,22061,10694,11367,5516,2613,2903,
27605,22073,10516,11557,38623,18605,20018,44139,21246,22893,38619,18574,20045,22065,10697,11368,5517,2613,2904,
27610,22077,10518,11559,38630,18606,20024,44147,21251,22896,38626,18577,20049,22069,10698,11371,5518,2614,2904,
27615,22081,10519,11562,38637,18610,20027,44155,21254,22901,38633,18581,20052,22073,10700,11373,5519,2615,2904,
27620,22085,10521,11564,38644,18612,20032,44163,21257,22906,38640,18584,20056,22077,10702,11375,5520,2616,2904,
27625,22089,10522,11567,38651,18616,20035,44171,21259,22912,38647,18590,20057,22081,10705,11376,5521,2616,2905,
27630,22093,10524,11569,38658,18621,20037,44179,21264,22915,38654,18593,20061,22085,10708,11377,5522,2616,2906,
27635,22097,10525,11572,38665,18624,20041,44187,21267,22920,38661,18595,20066,22089,10710,11379,5523,2616,2907,
27640,22101,10527,11574,38672,18628,20044,44195,21273,22922,38668,18597,20071,22093,10713,11380,5524,2616,2908,
27645,22105,10530,11575,38679,18633,20046,44203,21280,22923,38675,18600,20075,22097,10714,11383,5525,2617,2908,
27650,22109,10533,11576,38686,18636,20050,44211,21284,22927,38682,18601,20081,22101,10716,11385,5526,2618,2908,
27655,22113,10535,11578,38693,18638,20055,44219,21289,22930,38689,18604,20085,22105,10718,11387,5527,2619,2908,
27660,22117,10538,11579,38700,18640,20060,44227,21292,22935,38696,18609,20087,22109,10718,11391,5528,2620,2908,
27665,22121,10541,11580,38707,18643,20064,44235,21294,22941,38703,18611,20092,22113,10721,11392,5529,2620,2909,
27670,22125,10543,11582,38714,18647,20067,44243,21295,22948,38710,18614,20096,22117,10723,11394,5530,2620,2910,
27675,22129,10544,11585,38721,18650,20071,44251,21300,22951,38717,18615,20102,22121,10725,11396,5531,2621,2910,
27680,22133,10544,11589,38728,18652,20076,44259,21305,22954,38724,18618,20106,22125,10728,11397,5532,2621,2911,
27685,22137,10547,11590,38735,18657,20078,44267,21308,22959,38731,18622,20109,22129,10729,11400,5533,2621,2912,
27690,22141,10550,11591,38742,18661,20081,44275,21309,22966,38738,18628,20110,22133,10731,11402,5534,2621,2913,
27695,22145,10554,11591,38749,18665,20084,44283,21314,22969,38745,18631,20114,22137,10732,11405,5535,2622,2913,
27700,22149,10555,11594,38756,18671,20085,44291,21318,22973,38752,18634,20118,22141,10734,11407,5536,2622,2914,
27705,22153,10558,11595,38763,18675,20088,44299,21322,22977,38759,18638,20121,22145,10736,11409,5537,2622,2915,
27710,22157,10560,11597,38770,18677,20093,44307,21325,22982,38766,18642,20124,22149,10737,11412,5538,2622,2916,
27715,22161,10563,11598,38777,18680,20097,44315,21328,22987,38773,18643,20130,22153,10738,11415,5539,2623,2916,
27720,22165,10565,11600,38784,18684,20100,44323,21331,22992,38780,18646,20134,22157,10741,11416,5540,2624,2916,
27725,22169,10566,11603,38791,18687,20104,44331,21332,22999,38787,18651,20136,22161,10744,11417,5541,2624,2917,
27730,22173,10566,11607,38798,18689,20109,44339,21336,23003,38794,18654,20140,22165,10745,11420,5542,2625,2917,
27735,22177,10568,11609,38805,18693,20112,44347,21342,23005,38801,18655,20146,22169,10747,11422,5543,2625,2918,
27740,22181,10569,11612,38812,18697,20115,44355,21347,23008,38808,18657,20151,22173,10749,11424,5544,2626,2918,
27745,22185,10571,11614,38819,18699,20120,44363,21352,23011,38815,18663,20152,22177,10750,11427,5545,2626,2919,
27750,22189,10574,11615,38826,18704,20122,44371,21354,23017,38822,18668,20154,22181,10752,11429,5546,2627,2919,
27755,22193,10575,11618,38833,18707,20126,44379,21357,23022,38829,18672,20157,22185,10754,11431,5547,2627,2920,
27760,22197,10577,11620,38840,18710,20130,44387,21361,23026,38836,18676,20160,22189,10756,11433,5548,2628,2920,
27765,22201,10580,11621,38847,18712,20135,44395,21366,23029,38843,18679,20164,22193,10757,11436,5549,2628,2921,
27770,22205,10581,11624,38854,18715,20139,44403,21370,23033,38850,18683,20167,22197,10760,11437,5550,2629,2921,
27775,22209,10585,11624,38861,18717,20144,44411,21374,23037,38857,18685,20172,22201,10763,11438,5551,2629,2922,
27780,22213,10587,11626,38868,18719,20149,44419,21377,23042,38864,18687,20177,22205,10764,11441,5552,2630,2922,
27785,22217,10588,11629,38875,18722,20153,44427,21384,23043,38871,18691,20180,22209,10764,11445,5553,2630,2923,
27790,22221,10590,11631,38882,18728,20154,44435,21387,23048,38878,18694,20184,22213,10765,11448,5554,2630,2924,
27795,22225,10591,11634,38889,18733,20156,44443,21391,23052,38885,18699,20186,22217,10767,11450,5555,2631,2924,
27800,22229,10594,11635,38896,18738,20158,44451,21397,23054,38892,18703,20189,22221,10770,11451,5556,2631,2925,
27805,22233,10597,11636,38903,18740,20163,44459,21402,23057,38899,18705,20194,22225,10773,11452,5557,2631,2926,
27810,22237,10599,11638,38910,18742,20168,44467,21404,23063,38906,18707,20199,22229,10775,11454,5558,2632,2926,
27815,22241,10603,11638,38917,18744,20173,44475,21408,23067,38913,18710,20203,22233,10777,11456,5559,2632,2927,
27820,22245,10606,11639,38924,18746,20178,44483,21411,23072,38920,18716,20204,22237,10780,11457,5560,2633,2927,
27825,22249,10608,11641,38931,18752,20179,44491,21413,23078,38927,18718,20209,22241,10783,11458,5561,2633,2928,
27830,22253,10609,11644,38938,18758,20180,44499,21415,23084,38934,18724,20210,22245,10784,11461,5562,2633,2929,
27835,22257,10611,11646,38945,18761,20184,44507,21420,23087,38941,18728,20213,22249,10786,11463,5563,2634,2929,
27840,22261,10614,11647,38952,18763,20189,44515,21424,23091,38948,18733,20215,22253,10789,11464,5564,2635,2929,
27845,22265,10616,11649,38959,18765,20194,44523,21428,23095,38955,18737,20218,22257,10792,11465,5565,2636,2929,
27850,22269,10618,11651,38966,18765,20201,44531,21432,23099,38962,18739,20223,22261,10792,11469,5566,2637,2929,
27855,22273,10618,11655,38973,18768,20205,44539,21433,23106,38969,18742,20227,22265,10795,11470,5567,2638,2929,
27860,22277,10620,11657,38980,18771,20209,44547,21439,23108,38976,18744,20232,22269,10797,11472,5568,2638,2930,
27865,22281,10622,11659,38987,18774,20213,44555,21442,23113,38983,18748,20235,22273,10799,11474,5569,2639,2930,
27870,22285,10624,11661,38994,18776,20218,44563,21447,23116,38990,18751,20239,22277,10801,11476,5570,2639,2931,
27875,22289,10626,11663,39001,18780,20221,44571,21448,23123,38997,18754,20243,22281,10803,11478,5571,2640,2931,
27880,22293,10627,11666,39008,18783,20225,44579,21451,23128,39004,18758,20246,22285,10804,11481,5572,2641,2931,
27885,22297,10627,11670,39015,18784,20231,44587,21456,23131,39011,18763,20248,22289,10808,11481,5573,2642,2931,
27890,22301,10629,11672,39022,18788,20234,44595,21460,23135,39018,18766,20252,22293,10810,11483,5574,2643,2931,
27895,22305,10632,11673,39029,18794,20235,44603,21461,23142,39025,18767,20258,22297,10814,11483,5575,2643,2932,
27900,22309,10634,11675,39036,18798,20238,44611,21464,23147,39032,18773,20259,22301,10817,11484,5576,2643,2933,
27905,22313,10637,11676,39043,18800,20243,44619,21467,23152,39039,18776,20263,22305,10818,11487,5577,2644,2933,
27910,22317,10639,11678,39050,18804,20246,44627,21471,23156,39046,18780,20266,22309,10819,11490,5578,2645,2933,
27915,22321,10642,11679,39057,18809,20248,44635,21475,23160,39053,18782,20271,22313,10821,11492,5579,2646,2933,
27920,22325,10644,11681,39064,18814,20250,44643,21479,23164,39060,18785,20275,22317,10822,11495,5580,2646,2934,
27925,22329,10647,11682,39071,18818,20253,44651,21483,23168,39067,18789,20278,22321,10824,11497,5581,2646,2935,
27930,22333,10648,11685,39078,18822,20256,44659,21488,23171,39074,18793,20281,22325,10825,11500,5582,2646,2936,
27935,22337,10650,11687,39085,18826,20259,44667,21493,23174,39081,18797,20284,22329,10829,11500,5583,2647,2936,
27940,22341,10652,11689,39092,18829,20263,44675,21495,23180,39088,18800,20288,22333,10831,11502,5584,2648,2936,
27945,22345,10653,11692,39099,18832,20267,44683,21499,23184,39095,18803,20292,22337,10834,11503,5585,2649,2936,
27950,22349,10655,11694,39106,18834,20272,44691,21501,23190,39102,18807,20295,22341,10834,11507,5586,2649,2937,
27955,22353,10656,11697,39113,18837,20276,44699,21505,23194,39109,18812,20297,22345,10835,11510,5587,2650,2937,
27960,22357,10657,11700,39120,18841,20279,44707,21510,23197,39116,18817,20299,22349,10835,11514,5588,2651,2937,
27965,22361,10659,11702,39127,18843,20284,44715,21512,23203,39123,18823,20300,22353,10835,11518,5589,2652,2937,
27970,22365,10661,11704,39134,18847,20287,44723,21516,23207,39130,18828,20302,22357,10836,11521,5590,2653,2937,
27975,22369,10663,11706,39141,18851,20290,44731,21517,23214,39137,18830,20307,22361,10839,11522,5591,2653,2938,
27980,22373,10665,11708,39148,18855,20293,44739,21521,23218,39144,18833,20311,22365,10840,11525,5592,2653,2939,
27985,22377,10666,11711,39155,18857,20298,44747,21526,23221,39151,18835,20316,22369,10842,11527,5593,2653,2940,
27990,22381,10669,11712,39162,18857,20305,44755,21527,23228,39158,18837,20321,22373,10845,11528,5594,2653,2941,
27995,22385,10671,11714,39169,18860,20309,44763,21529,23234,39165,18839,20326,22377,10846,11531,5595,2653,2942,
28000,22389,10672,11717,39176,18864,20312,44771,21530,23241,39172,18843,20329,22381,10849,11532,5596,2654,2942,
28005,22393,10674,11719,39183,18867,20316,44779,21536,23243,39179,18848,20331,22385,10850,11535,5597,2655,2942,
28010,22397,10675,11722,39190,18870,20320,44787,21539,23248,39186,18852,20334,22389,10853,11536,5598,2655,2943,
28015,22401,10676,11725,39197,18872,20325,44795,21542,23253,39193,18856,20337,22393,10856,11537,5599,2655,2944,
28020,22405,10679,11726,39204,18876,20328,44803,21545,23258,39200,18859,20341,22397,10858,11539,5600,2656,2944,
28025,22409,10681,11728,39211,18879,20332,44811,21549,23262,39207,18860,20347,22401,10859,11542,5601,2656,2945,
28030,22413,10683,11730,39218,18883,20335,44819,21555,23264,39214,18865,20349,22405,10860,11545,5602,2657,2945,
28035,22417,10687,11730,39225,18886,20339,44827,21558,23269,39221,18866,20355,22409,10861,11548,5603,2658,2945,
28040,22421,10687,11734,39232,18891,20341,44835,21561,23274,39228,18868,20360,22413,10862,11551,5604,2658,2946,
28045,22425,10687,11738,39239,18892,20347,44843,21566,23277,39235,18871,20364,22417,10864,11553,5605,2659,2946,
28050,22429,10688,11741,39246,18896,20350,44851,21567,23284,39242,18875,20367,22421,10865,11556,5606,2659,2947,
28055,22433,10690,11743,39253,18900,20353,44859,21573,23286,39249,18878,20371,22425,10867,11558,5607,2659,2948,
28060,22437,10691,11746,39260,18903,20357,44867,21577,23290,39256,18883,20373,22429,10869,11560,5608,2660,2948,
28065,22441,10692,11749,39267,18904,20363,44875,21582,23293,39263,18887,20376,22433,10870,11563,5609,2661,2948,
28070,22445,10693,11752,39274,18907,20367,44883,21583,23300,39270,18889,20381,22437,10873,11564,5610,2662,2948,
28075,22449,10694,11755,39281,18910,20371,44891,21585,23306,39277,18893,20384,22441,10874,11567,5611,2662,2949,
28080,22453,10694,11759,39288,18913,20375,44899,21587,23312,39284,18899,20385,22445,10875,11570,5612,2662,2950,
28085,22457,10697,11760,39295,18915,20380,44907,21591,23316,39291,18902,20389,22449,10877,11572,5613,2662,2951,
28090,22461,10698,11763,39302,18919,20383,44915,21595,23320,39298,18905,20393,22453,10879,11574,5614,2663,2951,
28095,22465,10701,11764,39309,18920,20389,44923,21599,23324,39305,18908,20397,22457,10881,11576,5615,2663,2952,
28100,22469,10703,11766,39316,18924,20392,44931,21605,23326,39312,18913,20399,22461,10881,11580,5616,2663,2953,
28105,22473,10705,11768,39323,18927,20396,44939,21607,23332,39319,18916,20403,22465,10882,11583,5617,2664,2953,
28110,22477,10707,11770,39330,18931,20399,44947,21610,23337,39326,18922,20404,22469,10884,11585,5618,2665,2953,
28115,22481,10711,11770,39337,18934,20403,44955,21611,23344,39333,18926,20407,22473,10884,11589,5619,2666,2953,
28120,22485,10712,11773,39344,18938,20406,44963,21616,23347,39340,18929,20411,22477,10885,11592,5620,2666,2954,
28125,22489,10714,11775,39351,18943,20408,44971,21622,23349,39347,18934,20413,22481,10886,11595,5621,2667,2954,
28130,22493,10715,11778,39358,18944,20414,44979,21624,23355,39354,18935,20419,22485,10889,11596,5622,2667,2955,
28135,22497,10716,11781,39365,18946,20419,44987,21628,23359,39361,18937,20424,22489,10891,11598,5623,2668,2955,
28140,22501,10717,11784,39372,18949,20423,44995,21631,23364,39368,18940,20428,22493,10895,11598,5624,2668,2956,
28145,22505,10717,11788,39379,18953,20426,45003,21635,23368,39375,18944,20431,22497,10897,11600,5625,2669,2956,
28150,22509,10718,11791,39386,18955,20431,45011,21641,23370,39382,18949,20433,22501,10899,11602,5626,2669,2957,
28155,22513,10720,11793,39393,18959,20434,45019,21645,23374,39389,18952,20437,22505,10900,11605,5627,2670,2957,
28160,22517,10724,11793,39400,18961,20439,45027,21652,23375,39396,18955,20441,22509,10902,11607,5628,2671,2957,
28165,22521,10727,11794,39407,18963,20444,45035,21657,23378,39403,18957,20446,22513,10902,11611,5629,2672,2957,
28170,22525,10729,11796,39414,18966,20448,45043,21659,23384,39410,18961,20449,22517,10903,11614,5630,2673,2957,
28175,22529,10732,11797,39421,18970,20451,45051,21663,23388,39417,18965,20452,22521,10905,11616,5631,2674,2957,
28180,22533,10733,11800,39428,18976,20452,45059,21666,23393,39424,18970,20454,22525,10906,11619,5632,2675,2957,
28185,22537,10736,11801,39435,18980,20455,45067,21670,23397,39431,18973,20458,22529,10908,11621,5633,2676,2957,
28190,22541,10737,11804,39442,18983,20459,45075,21673,23402,39438,18974,20464,22533,10910,11623,5634,2677,2957,
28195,22545,10740,11805,39449,18985,20464,45083,21674,23409,39445,18978,20467,22537,10913,11624,5635,2678,2957,
28200,22549,10742,11807,39456,18989,20467,45091,21678,23413,39452,18979,20473,22541,10915,11626,5636,2678,2958,
28205,22553,10743,11810,39463,18990,20473,45099,21683,23416,39459,18982,20477,22545,10916,11629,5637,2679,2958,
28210,22557,10743,11814,39470,18993,20477,45107,21690,23417,39466,18984,20482,22549,10918,11631,5638,2680,2958,
28215,22561,10744,11817,39477,18998,20479,45115,21692,23423,39473,18988,20485,22553,10918,11635,5639,2681,2958,
28220,22565,10745,11820,39484,19001,20483,45123,21698,23425,39480,18991,20489,22557,10922,11635,5640,2682,2958,
28225,22569,10748,11821,39491,19002,20489,45131,21702,23429,39487,18995,20492,22561,10924,11637,5641,2682,2959,
28230,22573,10752,11821,39498,19003,20495,45139,21708,23431,39494,18998,20496,22565,10927,11638,5642,2682,2960,
28235,22577,10752,11825,39505,19007,20498,45147,21714,23433,39501,19003,20498,22569,10928,11641,5643,2682,2961,
28240,22581,10754,11827,39512,19011,20501,45155,21718,23437,39508,19005,20503,22573,10931,11642,5644,2683,2961,
28245,22585,10757,11828,39519,19015,20504,45163,21720,23443,39515,19007,20508,22577,10933,11644,5645,2683,2962,
28250,22589,10759,11830,39526,19018,20508,45171,21724,23447,39522,19008,20514,22581,10934,11647,5646,2683,2963,
28255,22593,10761,11832,39533,19022,20511,45179,21726,23453,39529,19011,20518,22585,10937,11648,5647,2683,2964,
28260,22597,10764,11833,39540,19028,20512,45187,21729,23458,39536,19015,20521,22589,10940,11649,5648,2683,2965,
28265,22601,10764,11837,39547,19033,20514,45195,21734,23461,39543,19017,20526,22593,10941,11652,5649,2684,2965,
28270,22605,10765,11840,39554,19037,20517,45203,21737,23466,39550,19021,20529,22597,10945,11652,5650,2684,2966,
28275,22609,10766,11843,39561,19039,20522,45211,21739,23472,39557,19024,20533,22601,10948,11653,5651,2684,2967,
28280,22613,10767,11846,39568,19042,20526,45219,21741,23478,39564,19027,20537,22605,10951,11654,5652,2684,2968,
28285,22617,10768,11849,39575,19043,20532,45227,21745,23482,39571,19029,20542,22609,10952,11657,5653,2684,2969,
28290,22621,10769,11852,39582,19047,20535,45235,21748,23487,39578,19032,20546,22613,10955,11658,5654,2684,2970,
28295,22625,10771,11854,39589,19053,20536,45243,21754,23489,39585,19036,20549,22617,10958,11659,5655,2685,2970,
28300,22629,10771,11858,39596,19056,20540,45251,21757,23494,39592,19037,20555,22621,10958,11663,5656,2685,2971,
28305,22633,10772,11861,39603,19061,20542,45259,21762,23497,39599,19040,20559,22625,10962,11663,5657,2686,2971,
28310,22637,10775,11862,39610,19064,20546,45267,21765,23502,39606,19043,20563,22629,10964,11665,5658,2687,2971,
28315,22641,10777,11864,39617,19068,20549,45275,21766,23509,39613,19046,20567,22633,10967,11666,5659,2687,2972,
28320,22645,10779,11866,39624,19073,20551,45283,21769,23514,39620,19049,20571,22637,10970,11667,5660,2688,2972,
28325,22649,10781,11868,39631,19077,20554,45291,21771,23520,39627,19051,20576,22641,10971,11670,5661,2688,2973,
28330,22653,10782,11871,39638,19080,20558,45299,21774,23525,39634,19055,20579,22645,10972,11673,5662,2689,2973,
28335,22657,10783,11874,39645,19086,20559,45307,21776,23531,39641,19059,20582,22649,10973,11676,5663,2690,2973,
28340,22661,10785,11876,39652,19089,20563,45315,21781,23534,39648,19061,20587,22653,10975,11678,5664,2690,2974,
28345,22665,10786,11879,39659,19091,20568,45323,21785,23538,39655,19064,20591,22657,10977,11680,5665,2690,2975,
28350,22669,10788,11881,39666,19095,20571,45331,21789,23542,39662,19067,20595,22661,10978,11683,5666,2691,2975,
28355,22673,10791,11882,39673,19098,20575,45339,21793,23546,39669,19068,20601,22665,10980,11685,5667,2691,2976,
28360,22677,10792,11885,39680,19101,20579,45347,21797,23550,39676,19073,20603,22669,10983,11686,5668,2692,2976,
28365,22681,10794,11887,39687,19104,20583,45355,21800,23555,39683,19078,20605,22673,10986,11687,5669,2692,2977,
28370,22685,10794,11891,39694,19108,20586,45363,21804,23559,39690,19080,20610,22677,10987,11690,5670,2692,2978,
28375,22689,10797,11892,39701,19111,20590,45371,21809,23562,39697,19084,20613,22681,10990,11691,5671,2692,2979,
28380,22693,10799,11894,39708,19114,20594,45379,21812,23567,39704,19089,20615,22685,10992,11693,5672,2692,2980,
28385,22697,10800,11897,39715,19117,20598,45387,21815,23572,39711,19091,20620,22689,10995,11694,5673,2693,2980,
28390,22701,10802,11899,39722,19122,20600,45395,21820,23575,39718,19093,20625,22693,10997,11696,5674,2693,2981,
28395,22705,10805,11900,39729,19124,20605,45403,21823,23580,39725,19094,20631,22697,10999,11698,5675,2693,2982,
28400,22709,10808,11901,39736,19127,20609,45411,21829,23582,39732,19097,20635,22701,10999,11702,5676,2693,2983,
28405,22713,10811,11902,39743,19131,20612,45419,21834,23585,39739,19103,20636,22705,11001,11704,5677,2694,2983,
28410,22717,10814,11903,39750,19134,20616,45427,21837,23590,39746,19105,20641,22709,11003,11706,5678,2695,2983,
28415,22721,10816,11905,39757,19136,20621,45435,21843,23592,39753,19109,20644,22713,11004,11709,5679,2695,2984,
28420,22725,10818,11907,39764,19140,20624,45443,21847,23596,39760,19114,20646,22717,11006,11711,5680,2695,2985,
28425,22729,10820,11909,39771,19142,20629,45451,21851,23600,39767,19118,20649,22721,11007,11714,5681,2696,2985,
28430,22733,10822,11911,39778,19144,20634,45459,21858,23601,39774,19122,20652,22725,11009,11716,5682,2697,2985,
28435,22737,10825,11912,39785,19148,20637,45467,21865,23602,39781,19125,20656,22729,11011,11718,5683,2698,2985,
28440,22741,10826,11915,39792,19151,20641,45475,21868,23607,39788,19126,20662,22733,11013,11720,5684,2699,2985,
28445,22745,10829,11916,39799,19155,20644,45483,21875,23608,39795,19128,20667,22737,11013,11724,5685,2700,2985,
28450,22749,10829,11920,39806,19161,20645,45491,21878,23613,39802,19133,20669,22741,11015,11726,5686,2700,2986,
28455,22753,10832,11921,39813,19161,20652,45499,21881,23618,39809,19136,20673,22745,11016,11729,5687,2700,2987,
28460,22757,10833,11924,39820,19165,20655,45507,21886,23621,39816,19139,20677,22749,11017,11732,5688,2700,2988,
28465,22761,10837,11924,39827,19167,20660,45515,21888,23627,39823,19140,20683,22753,11017,11736,5689,2700,2989,
28470,22765,10838,11927,39834,19170,20664,45523,21891,23632,39830,19145,20685,22757,11019,11738,5690,2700,2990,
28475,22769,10841,11928,39841,19176,20665,45531,21894,23637,39837,19149,20688,22761,11020,11741,5691,2701,2990,
28480,22773,10844,11929,39848,19180,20668,45539,21897,23642,39844,19151,20693,22765,11023,11742,5692,2702,2990,
28485,22777,10845,11932,39855,19183,20672,45547,21898,23649,39851,19154,20697,22769,11024,11745,5693,2702,2991,
28490,22781,10847,11934,39862,19186,20676,45555,21900,23655,39858,19158,20700,22773,11025,11748,5694,2702,2992,
28495,22785,10848,11937,39869,19187,20682,45563,21905,23658,39865,19160,20705,22777,11028,11749,5695,2702,2993,
28500,22789,10850,11939,39876,19192,20684,45571,21909,23662,39872,19162,20710,22781,11030,11751,5696,2703,2993,
28505,22793,10853,11940,39883,19196,20687,45579,21915,23664,39879,19166,20713,22785,11032,11753,5697,2703,2994,
28510,22797,10854,11943,39890,19200,20690,45587,21918,23669,39886,19168,20718,22789,11034,11755,5698,2703,2995,
28515,22801,10856,11945,39897,19202,20695,45595,21921,23674,39893,19169,20724,22793,11036,11757,5699,2703,2996,
28520,22805,10859,11946,39904,19206,20698,45603,21926,23677,39900,19171,20729,22797,11036,11761,5700,2703,2997,
28525,22809,10862,11947,39911,19210,20701,45611,21932,23679,39907,19174,20733,22801,11036,11765,5701,2704,2997,
28530,22813,10864,11949,39918,19215,20703,45619,21935,23684,39914,19176,20738,22805,11037,11768,5702,2704,2998,
28535,22817,10868,11949,39925,19220,20705,45627,21938,23689,39921,19181,20740,22809,11040,11769,5703,2704,2999,
28540,22821,10871,11950,39932,19220,20712,45635,21941,23694,39928,19186,20742,22813,11041,11772,5704,2705,2999,
28545,22825,10873,11952,39939,19226,20713,45643,21947,23696,39935,19188,20747,22817,11044,11773,5705,2705,3000,
28550,22829,10876,11953,39946,19229,20717,45651,21951,23700,39942,19192,20750,22821,11046,11775,5706,2706,3000,
28555,22833,10877,11956,39953,19232,20721,45659,21956,23703,39949,19195,20754,22825,11048,11777,5707,2707,3000,
28560,22837,10879,11958,39960,19237,20723,45667,21958,23709,39956,19196,20760,22829,11050,11779,5708,2707,3001,
28565,22841,10881,11960,39967,19240,20727,45675,21961,23714,39963,19198,20765,22833,11051,11782,5709,2708,3001,
28570,22845,10885,11960,39974,19244,20730,45683,21964,23719,39970,19200,20770,22837,11053,11784,5710,2709,3001,
28575,22849,10888,11961,39981,19248,20733,45691,21967,23724,39977,19203,20774,22841,11054,11787,5711,2710,3001,
28580,22853,10889,11964,39988,19253,20735,45699,21972,23727,39984,19205,20779,22845,11056,11789,5712,2711,3001,
28585,22857,10891,11966,39995,19254,20741,45707,21977,23730,39991,19208,20783,22849,11056,11793,5713,2712,3001,
28590,22861,10893,11968,40002,19259,20743,45715,21980,23735,39998,19213,20785,22853,11058,11795,5714,2712,3002,
28595,22865,10895,11970,40009,19264,20745,45723,21984,23739,40005,19215,20790,22857,11060,11797,5715,2713,3002,
28600,22869,10899,11970,40016,19267,20749,45731,21986,23745,40012,19219,20793,22861,11062,11799,5716,2714,3002,
28605,22873,10902,11971,40023,19271,20752,45739,21991,23748,40019,19223,20796,22865,11064,11801,5717,2715,3002,
28610,22877,10905,11972,40030,19275,20755,45747,21995,23752,40026,19226,20800,22869,11064,11805,5718,2716,3002,
28615,22881,10905,11976,40037,19277,20760,45755,22000,23755,40033,19227,20806,22873,11067,11806,5719,2716,3003,
28620,22885,10907,11978,40044,19278,20766,45763,22005,23758,40040,19230,20810,22877,11069,11808,5720,2717,3003,
28625,22889,10908,11981,40051,19281,20770,45771,22009,23762,40047,19236,20811,22881,11071,11810,5721,2717,3004,
28630,22893,10909,11984,40058,19284,20774,45779,22013,23766,40054,19241,20813,22885,11074,11811,5722,2717,3005,
28635,22897,10913,11984,40065,19288,20777,45787,22016,23771,40061,19244,20817,22889,11076,11813,5723,2718,3005,
28640,22901,10913,11988,40072,19292,20780,45795,22018,23777,40068,19250,20818,22893,11078,11815,5724,2719,3005,
28645,22905,10915,11990,40079,19296,20783,45803,22020,23783,40075,19253,20822,22897,11081,11816,5725,2719,3006,
28650,22909,10916,11993,40086,19300,20786,45811,22023,23788,40082,19257,20825,22901,11083,11818,5726,2720,3006,
28655,22913,10918,11995,40093,19305,20788,45819,22029,23790,40089,19260,20829,22905,11084,11821,5727,2721,3006,
28660,22917,10919,11998,40100,19306,20794,45827,22034,23793,40096,19264,20832,22909,11086,11823,5728,2721,3007,
28665,22921,10921,12000,40107,19309,20798,45835,22036,23799,40103,19266,20837,22913,11088,11825,5729,2721,3008,
28670,22925,10922,12003,40114,19310,20804,45843,22040,23803,40110,19268,20842,22917,11090,11827,5730,2722,3008,
28675,22929,10923,12006,40121,19312,20809,45851,22043,23808,40117,19273,20844,22921,11092,11829,5731,2722,3009,
28680,22933,10924,12009,40128,19317,20811,45859,22050,23809,40124,19277,20847,22925,11094,11831,5732,2722,3010,
28685,22937,10925,12012,40135,19320,20815,45867,22057,23810,40131,19280,20851,22929,11096,11833,5733,2722,3011,
28690,22941,10926,12015,40142,19321,20821,45875,22058,23817,40138,19281,20857,22933,11097,11836,5734,2722,3012,
28695,22945,10927,12018,40149,19324,20825,45883,22063,23820,40145,19286,20859,22937,11100,11837,5735,2722,3013,
28700,22949,10928,12021,40156,19327,20829,45891,22069,23822,40152,19292,20860,22941,11101,11840,5736,2723,3013,
28705,22953,10932,12021,40163,19331,20832,45899,22074,23825,40159,19294,20865,22945,11103,11842,5737,2724,3013,
28710,22957,10936,12021,40170,19334,20836,45907,22077,23830,40166,19298,20868,22949,11104,11845,5738,2725,3013,
28715,22961,10938,12023,40177,19337,20840,45915,22080,23835,40173,19301,20872,22953,11104,11849,5739,2725,3014,
28720,22965,10941,12024,40184,19340,20844,45923,22082,23841,40180,19304,20876,22957,11107,11850,5740,2726,3014,
28725,22969,10944,12025,40191,19344,20847,45931,22084,23847,40187,19309,20878,22961,11109,11852,5741,2727,3014,
28730,22973,10947,12026,40198,19347,20851,45939,22087,23852,40194,19314,20880,22965,11113,11852,5742,2728,3014,
28735,22977,10950,12027,40205,19350,20855,45947,22088,23859,40201,19317,20884,22969,11114,11855,5743,2728,3015,
28740,22981,10951,12030,40212,19353,20859,45955,22090,23865,40208,19321,20887,22973,11115,11858,5744,2728,3016,
28745,22985,10954,12031,40219,19357,20862,45963,22092,23871,40215,19325,20890,22977,11115,11862,5745,2729,3016,
28750,22989,10956,12033,40226,19360,20866,45971,22095,23876,40222,19330,20892,22981,11117,11864,5746,2730,3016,
28755,22993,10960,12033,40233,19362,20871,45979,22101,23878,40229,19335,20894,22985,11120,11865,5747,2730,3017,
28760,22997,10963,12034,40240,19366,20874,45987,22105,23882,40236,19338,20898,22989,11121,11868,5748,2730,3018,
28765,23001,10964,12037,40247,19370,20877,45995,22109,23886,40243,19342,20901,22993,11124,11869,5749,2731,3018,
28770,23005,10965,12040,40254,19372,20882,46003,22112,23891,40250,19346,20904,22997,11126,11871,5750,2732,3018,
28775,23009,10966,12043,40261,19374,20887,46011,22116,23895,40257,19349,20908,23001,11128,11873,5751,2732,3019,
28780,23013,10969,12044,40268,19375,20893,46019,22120,23899,40264,19352,20912,23005,11130,11875,5752,2732,3020,
28785,23017,10973,12044,40275,19377,20898,46027,22122,23905,40271,19356,20915,23009,11132,11877,5753,2733,3020,
28790,23021,10975,12046,40282,19381,20901,46035,22126,23909,40278,19361,20917,23013,11134,11879,5754,2733,3021,
28795,23025,10977,12048,40289,19385,20904,46043,22129,23914,40285,19367,20918,23017,11137,11880,5755,2734,3021,
28800,23029,10980,12049,40296,19386,20910,46051,22132,23919,40292,19369,20923,23021,11139,11882,5756,2735,3021,
28805,23033,10980,12053,40303,19389,20914,46059,22136,23923,40299,19373,20926,23025,11141,11884,5757,2735,3022,
28810,23037,10981,12056,40310,19392,20918,46067,22139,23928,40306,19376,20930,23029,11144,11885,5758,2735,3023,
28815,23041,10981,12060,40317,19396,20921,46075,22143,23932,40313,19379,20934,23033,11145,11888,5759,2736,3023,
28820,23045,10982,12063,40324,19402,20922,46083,22147,23936,40320,19382,20938,23037,11147,11890,5760,2737,3023,
28825,23049,10983,12066,40331,19406,20925,46091,22152,23939,40327,19385,20942,23041,11149,11892,5761,2737,3024,
28830,23053,10985,12068,40338,19411,20927,46099,22156,23943,40334,19390,20944,23045,11150,11895,5762,2738,3024,
28835,23057,10986,12071,40345,19415,20930,46107,22161,23946,40341,19395,20946,23049,11152,11897,5763,2739,3024,
28840,23061,10986,12075,40352,19420,20932,46115,22163,23952,40348,19399,20949,23053,11154,11899,5764,2740,3024,
28845,23065,10988,12077,40359,19421,20938,46123,22167,23956,40355,19403,20952,23057,11157,11900,5765,2741,3024,
28850,23069,10991,12078,40366,19424,20942,46131,22172,23959,40362,19407,20955,23061,11157,11904,5766,2741,3025,
28855,23073,10994,12079,40373,19427,20946,46139,22176,23963,40369,19411,20958,23065,11161,11904,5767,2741,3026,
28860,23077,10996,12081,40380,19430,20950,46147,22179,23968,40376,19416,20960,23069,11165,11904,5768,2741,3027,
28865,23081,10998,12083,40387,19433,20954,46155,22183,23972,40383,19418,20965,23073,11167,11906,5769,2741,3028,
28870,23085,10999,12086,40394,19439,20955,46163,22188,23975,40390,19420,20970,23077,11168,11909,5770,2742,3028,
28875,23089,11000,12089,40401,19442,20959,46171,22192,23979,40397,19424,20973,23081,11168,11913,5771,2743,3028,
28880,23093,11001,12092,40408,19445,20963,46179,22196,23983,40404,19425,20979,23085,11171,11914,5772,2743,3029,
28885,23097,11002,12095,40415,19448,20967,46187,22198,23989,40411,19430,20981,23089,11174,11915,5773,2744,3029,
28890,23101,11004,12097,40422,19454,20968,46195,22201,23994,40418,19433,20985,23093,11178,11915,5774,2744,3030,
28895,23105,11005,12100,40429,19457,20972,46203,22206,23997,40425,19438,20987,23097,11180,11917,5775,2744,3031,
28900,23109,11006,12103,40436,19461,20975,46211,22209,24002,40432,19442,20990,23101,11180,11921,5776,2745,3031,
28905,23113,11007,12106,40443,19462,20981,46219,22212,24007,40439,19446,20993,23105,11182,11923,5777,2746,3031,
28910,23117,11009,12108,40450,19465,20985,46227,22217,24010,40446,19451,20995,23109,11184,11925,5778,2746,3032,
28915,23121,11011,12110,40457,19469,20988,46235,22222,24013,40453,19455,20998,23113,11187,11926,5779,2747,3032,
28920,23125,11014,12111,40464,19471,20993,46243,22224,24019,40460,19460,21000,23117,11189,11928,5780,2748,3032,
28925,23129,11015,12114,40471,19474,20997,46251,22228,24023,40467,19466,21001,23121,11191,11930,5781,2748,3033,
28930,23133,11016,12117,40478,19478,21000,46259,22230,24029,40474,19470,21004,23125,11191,11934,5782,2748,3034,
28935,23137,11018,12119,40485,19480,21005,46267,22231,24036,40481,19475,21006,23129,11194,11935,5783,2749,3034,
28940,23141,11022,12119,40492,19483,21009,46275,22235,24040,40488,19479,21009,23133,11196,11937,5784,2750,3034,
28945,23145,11025,12120,40499,19484,21015,46283,22236,24047,40495,19482,21013,23137,11199,11938,5785,2750,3035,
28950,23149,11028,12121,40506,19488,21018,46291,22239,24052,40502,19487,21015,23141,11201,11940,5786,2750,3036,
28955,23153,11030,12123,40513,19493,21020,46299,22241,24058,40509,19489,21020,23145,11204,11941,5787,2750,3037,
28960,23157,11030,12127,40520,19495,21025,46307,22243,24064,40516,19494,21022,23149,11207,11942,5788,2751,3037,
28965,23161,11033,12128,40527,19499,21028,46315,22247,24068,40523,19498,21025,23153,11210,11943,5789,2752,3037,
28970,23165,11036,12129,40534,19502,21032,46323,22252,24071,40530,19501,21029,23157,11212,11945,5790,2752,3038,
28975,23169,11040,12129,40541,19507,21034,46331,22254,24077,40537,19506,21031,23161,11214,11947,5791,2753,3038,
28980,23173,11042,12131,40548,19510,21038,46339,22259,24080,40544,19510,21034,23165,11216,11949,5792,2753,3039,
28985,23177,11044,12133,40555,19513,21042,46347,22262,24085,40551,19514,21037,23169,11218,11951,5793,2754,3039,
28990,23181,11046,12135,40562,19514,21048,46355,22266,24089,40558,19516,21042,23173,11220,11953,5794,2755,3039,
28995,23185,11049,12136,40569,19516,21053,46363,22270,24093,40565,19518,21047,23177,11222,11955,5795,2755,3040,
29000,23189,11051,12138,40576,19518,21058,46371,22272,24099,40572,19519,21053,23181,11224,11957,5796,2755,3041,
29005,23193,11053,12140,40583,19519,21064,46379,22278,24101,40579,19522,21057,23185,11227,11958,5797,2755,3042,
29010,23197,11055,12142,40590,19520,21070,46387,22281,24106,40586,19525,21061,23189,11228,11961,5798,2755,3043,
29015,23201,11057,12144,40597,19524,21073,46395,22286,24109,40593,19528,21065,23193,11230,11963,5799,2755,3044,
29020,23205,11059,12146,40604,19528,21076,46403,22289,24114,40600,19531,21069,23197,11232,11965,5800,2756,3044,
29025,23209,11061,12148,40611,19530,21081,46411,22292,24119,40607,19533,21074,23201,11235,11966,5801,2756,3045,
29030,23213,11064,12149,40618,19534,21084,46419,22297,24122,40614,19536,21078,23205,11237,11968,5802,2756,3046,
29035,23217,11066,12151,40625,19539,21086,46427,22301,24126,40621,19541,21080,23209,11240,11969,5803,2757,3046,
29040,23221,11070,12151,40632,19541,21091,46435,22304,24131,40628,19544,21084,23213,11242,11971,5804,2757,3047,
29045,23225,11070,12155,40639,19544,21095,46443,22311,24132,40635,19547,21088,23217,11243,11974,5805,2757,3048,
29050,23229,11071,12158,40646,19548,21098,46451,22314,24137,40642,19551,21091,23221,11246,11975,5806,2757,3049,
29055,23233,11073,12160,40653,19550,21103,46459,22318,24141,40649,19556,21093,23225,11247,11978,5807,2757,3050,
29060,23237,11074,12163,40660,19553,21107,46467,22323,24144,40656,19557,21099,23229,11250,11979,5808,2757,3051,
29065,23241,11076,12165,40667,19556,21111,46475,22328,24147,40663,19558,21105,23233,11251,11982,5809,2757,3052,
29070,23245,11078,12167,40674,19559,21115,46483,22331,24152,40670,19561,21109,23237,11254,11983,5810,2757,3053,
29075,23249,11079,12170,40681,19561,21120,46491,22334,24157,40677,19565,21112,23241,11256,11985,5811,2758,3053,
29080,23253,11082,12171,40688,19566,21122,46499,22341,24158,40684,19570,21114,23245,11257,11988,5812,2759,3053,
29085,23257,11085,12172,40695,19568,21127,46507,22345,24162,40691,19574,21117,23249,11258,11991,5813,2759,3054,
29090,23261,11087,12174,40702,19572,21130,46515,22348,24167,40698,19577,21121,23253,11261,11992,5814,2759,3055,
29095,23265,11088,12177,40709,19574,21135,46523,22350,24173,40705,19579,21126,23257,11264,11993,5815,2759,3056,
29100,23269,11091,12178,40716,19577,21139,46531,22351,24180,40712,19582,21130,23261,11265,11996,5816,2760,3056,
29105,23273,11092,12181,40723,19582,21141,46539,22354,24185,40719,19583,21136,23265,11266,11999,5817,2760,3057,
29110,23277,11093,12184,40730,19585,21145,46547,22356,24191,40726,19586,21140,23269,11267,12002,5818,2761,3057,
29115,23281,11095,12186,40737,19589,21148,46555,22360,24195,40733,19589,21144,23273,11270,12003,5819,2761,3058,
29120,23285,11098,12187,40744,19593,21151,46563,22366,24197,40740,19590,21150,23277,11273,12004,5820,2762,3058,
29125,23289,11099,12190,40751,19596,21155,46571,22369,24202,40747,19594,21153,23281,11275,12006,5821,2762,3059,
29130,23293,11101,12192,40758,19600,21158,46579,22372,24207,40754,19598,21156,23285,11278,12007,5822,2763,3059,
29135,23297,11104,12193,40765,19605,21160,46587,22375,24212,40761,19604,21157,23289,11279,12010,5823,2763,3060,
29140,23301,11107,12194,40772,19609,21163,46595,22378,24217,40768,19606,21162,23293,11282,12011,5824,2764,3060,
29145,23305,11111,12194,40779,19611,21168,46603,22382,24221,40775,19608,21167,23297,11285,12012,5825,2764,3061,
29150,23309,11113,12196,40786,19618,21168,46611,22388,24223,40782,19610,21172,23301,11287,12014,5826,2765,3061,
29155,23313,11114,12199,40793,19621,21172,46619,22392,24227,40789,19613,21176,23305,11289,12016,5827,2765,3062,
29160,23317,11116,12201,40800,19626,21174,46627,22397,24230,40796,19615,21181,23309,11289,12020,5828,2765,3063,
29165,23321,11119,12202,40807,19630,21177,46635,22401,24234,40803,19619,21184,23313,11291,12022,5829,2765,3064,
29170,23325,11123,12202,40814,19636,21178,46643,22404,24239,40810,19620,21190,23317,11293,12024,5830,2765,3065,
29175,23329,11126,12203,40821,19640,21181,46651,22406,24245,40817,19622,21195,23321,11295,12026,5831,2765,3066,
29180,23333,11128,12205,40828,19641,21187,46659,22411,24248,40824,19624,21200,23325,11298,12027,5832,2765,3067,
29185,23337,11130,12207,40835,19644,21191,46667,22416,24251,40831,19626,21205,23329,11300,12029,5833,2765,3068,
29190,23341,11133,12208,40842,19649,21193,46675,22421,24254,40838,19630,21208,23333,11302,12031,5834,2766,3068,
29195,23345,11136,12209,40849,19650,21199,46683,22424,24259,40845,19636,21209,23337,11302,12035,5835,2767,3068,
29200,23349,11138,12211,40856,19654,21202,46691,22428,24263,40852,19639,21213,23341,11302,12039,5836,2767,3069,
29205,23353,11140,12213,40863,19656,21207,46699,22431,24268,40859,19643,21216,23345,11303,12042,5837,2768,3069,
29210,23357,11143,12214,40870,19660,21210,46707,22436,24271,40866,19645,21221,23349,11305,12044,5838,2769,3069,
29215,23361,11144,12217,40877,19663,21214,46715,22439,24276,40873,19650,21223,23353,11306,12047,5839,2769,3070,
29220,23365,11145,12220,40884,19668,21216,46723,22444,24279,40880,19654,21226,23357,11307,12050,5840,2770,3070,
29225,23369,11148,12221,40891,19670,21221,46731,22447,24284,40887,19658,21229,23361,11310,12051,5841,2771,3070,
29230,23373,11150,12223,40898,19673,21225,46739,22451,24288,40894,19662,21232,23365,11314,12051,5842,2771,3071,
29235,23377,11154,12223,40905,19676,21229,46747,22454,24293,40901,19665,21236,23369,11317,12052,5843,2771,3072,
29240,23381,11156,12225,40912,19678,21234,46755,22460,24295,40908,19669,21239,23373,11317,12056,5844,2771,3073,
29245,23385,11160,12225,40919,19682,21237,46763,22465,24298,40915,19673,21242,23377,11320,12057,5845,2771,3074,
29250,23389,11161,12228,40926,19683,21243,46771,22470,24301,40922,19676,21246,23381,11322,12059,5846,2772,3074,
29255,23393,11164,12229,40933,19687,21246,46779,22474,24305,40929,19681,21248,23385,11323,12062,5847,2773,3074,
29260,23397,11166,12231,40940,19690,21250,46787,22476,24311,40936,19685,21251,23389,11326,12063,5848,2773,3075,
29265,23401,11166,12235,40947,19694,21253,46795,22480,24315,40943,19688,21255,23393,11328,12065,5849,2774,3075,
29270,23405,11169,12236,40954,19697,21257,46803,22485,24318,40950,19692,21258,23397,11330,12067,5850,2775,3075,
29275,23409,11169,12240,40961,19701,21260,46811,22488,24323,40957,19697,21260,23401,11331,12070,5851,2775,3076,
29280,23413,11171,12242,40968,19706,21262,46819,22492,24327,40964,19700,21264,23405,11333,12072,5852,2775,3077,
29285,23417,11172,12245,40975,19711,21264,46827,22497,24330,40971,19703,21268,23409,11334,12075,5853,2776,3077,
29290,23421,11176,12245,40982,19714,21268,46835,22498,24337,40978,19708,21270,23413,11335,12078,5854,2776,3078,
29295,23425,11179,12246,40989,19717,21272,46843,22502,24341,40985,19712,21273,23417,11338,12079,5855,2777,3078,
29300,23429,11179,12250,40996,19721,21275,46851,22504,24347,40992,19716,21276,23421,11340,12081,5856,2778,3078,
29305,23433,11180,12253,41003,19722,21281,46859,22505,24354,40999,19722,21277,23425,11342,12083,5857,2779,3078,
29310,23437,11181,12256,41010,19726,21284,46867,22508,24359,41006,19728,21278,23429,11344,12085,5858,2780,3078,
29315,23441,11182,12259,41017,19727,21290,46875,22513,24362,41013,19730,21283,23433,11347,12086,5859,2780,3079,
29320,23445,11184,12261,41024,19728,21296,46883,22518,24365,41020,19734,21286,23437,11350,12087,5860,2780,3080,
29325,23449,11187,12262,41031,19730,21301,46891,22521,24370,41027,19737,21290,23441,11353,12088,5861,2780,3081,
29330,23453,11191,12262,41038,19732,21306,46899,22525,24374,41034,19740,21294,23445,11354,12091,5862,2781,3081,
29335,23457,11193,12264,41045,19736,21309,46907,22529,24378,41041,19743,21298,23449,11355,12094,5863,2782,3081,
29340,23461,11195,12266,41052,19740,21312,46915,22531,24384,41048,19744,21304,23453,11356,12097,5864,2782,3082,
29345,23465,11196,12269,41059,19743,21316,46923,22536,24387,41055,19749,21306,23457,11358,12099,5865,2782,3083,
29350,23469,11199,12270,41066,19748,21318,46931,22543,24388,41062,19753,21309,23461,11360,12101,5866,2783,3083,
29355,23473,11201,12272,41073,19751,21322,46939,22546,24393,41069,19757,21312,23465,11361,12104,5867,2783,3084,
29360,23477,11202,12275,41080,19754,21326,46947,22548,24399,41076,19760,21316,23469,11365,12104,5868,2783,3085,
29365,23481,11203,12278,41087,19758,21329,46955,22550,24405,41083,19764,21319,23473,11366,12107,5869,2784,3085,
29370,23485,11204,12281,41094,19762,21332,46963,22555,24408,41090,19768,21322,23477,11369,12108,5870,2784,3086,
29375,23489,11205,12284,41101,19767,21334,46971,22557,24414,41097,19770,21327,23481,11371,12110,5871,2785,3086,
29380,23493,11208,12285,41108,19770,21338,46979,22561,24418,41104,19773,21331,23485,11375,12110,5872,2786,3086,
29385,23497,11210,12287,41115,19770,21345,46987,22565,24422,41111,19774,21337,23489,11379,12110,5873,2786,3087,
29390,23501,11213,12288,41122,19774,21348,46995,22569,24426,41118,19777,21341,23493,11381,12112,5874,2787,3087,
29395,23505,11215,12290,41129,19777,21352,47003,22573,24430,41125,19781,21344,23497,11382,12115,5875,2788,3087,
29400,23509,11218,12291,41136,19781,21355,47011,22577,24434,41132,19783,21349,23501,11383,12118,5876,2788,3088,
29405,23513,11219,12294,41143,19786,21357,47019,22581,24438,41139,19787,21352,23505,11385,12120,5877,2788,3089,
29410,23517,11221,12296,41150,19789,21361,47027,22585,24442,41146,19789,21357,23509,11386,12123,5878,2788,3090,
29415,23521,11224,12297,41157,19792,21365,47035,22590,24445,41153,19793,21360,23513,11387,12126,5879,2788,3091,
29420,23525,11226,12299,41164,19794,21370,47043,22595,24448,41160,19796,21364,23517,11389,12128,5880,2788,3092,
29425,23529,11229,12300,41171,19797,21374,47051,22599,24452,41167,19800,21367,23521,11391,12130,5881,2788,3093,
29430,23533,11230,12303,41178,19800,21378,47059,22603,24456,41174,19803,21371,23525,11392,12133,5882,2788,3094,
29435,23537,11231,12306,41185,19804,21381,47067,22608,24459,41181,19805,21376,23529,11395,12134,5883,2788,3095,
29440,23541,11233,12308,41192,19809,21383,47075,22612,24463,41188,19810,21378,23533,11398,12135,5884,2788,3096,
29445,23545,11234,12311,41199,19812,21387,47083,22615,24468,41195,19812,21383,23537,11399,12138,5885,2788,3097,
29450,23549,11237,12312,41206,19816,21390,47091,22618,24473,41202,19817,21385,23541,11400,12141,5886,2789,3097,
29455,23553,11241,12312,41213,19823,21390,47099,22620,24479,41209,19824,21385,23545,11401,12144,5887,2790,3097,
29460,23557,11242,12315,41220,19826,21394,47107,22622,24485,41216,19829,21387,23549,11403,12146,5888,2790,3098,
29465,23561,11244,12317,41227,19831,21396,47115,22627,24488,41223,19833,21390,23553,11406,12147,5889,2790,3099,
29470,23565,11245,12320,41234,19833,21401,47123,22630,24493,41230,19838,21392,23557,11407,12150,5890,2791,3099,
29475,23569,11246,12323,41241,19838,21403,47131,22632,24499,41237,19843,21394,23561,11408,12153,5891,2791,3100,
29480,23573,11248,12325,41248,19842,21406,47139,22637,24502,41244,19845,21399,23565,11410,12155,5892,2792,3100,
29485,23577,11250,12327,41255,19844,21411,47147,22640,24507,41251,19848,21403,23569,11412,12157,5893,2793,3100,
29490,23581,11253,12328,41262,19849,21413,47155,22643,24512,41258,19852,21406,23573,11414,12159,5894,2794,3100,
29495,23585,11256,12329,41269,19852,21417,47163,22646,24517,41265,19858,21407,23577,11418,12159,5895,2795,3100,
29500,23589,11257,12332,41276,19854,21422,47171,22650,24521,41272,19860,21412,23581,11419,12162,5896,2796,3100,
29505,23593,11258,12335,41283,19858,21425,47179,22653,24526,41279,19865,21414,23585,11420,12165,5897,2797,3100,
29510,23597,11260,12337,41290,19862,21428,47187,22657,24530,41286,19869,21417,23589,11422,12167,5898,2798,3100,
29515,23601,11262,12339,41297,19868,21429,47195,22661,24534,41293,19874,21419,23593,11425,12168,5899,2798,3101,
29520,23605,11262,12343,41304,19871,21433,47203,22665,24538,41300,19877,21423,23597,11427,12170,5900,2799,3101,
29525,23609,11265,12344,41311,19876,21435,47211,22670,24541,41307,19882,21425,23601,11429,12172,5901,2799,3102,
29530,23613,11266,12347,41318,19881,21437,47219,22674,24545,41314,19887,21427,23605,11431,12174,5902,2799,3103,
29535,23617,11269,12348,41325,19883,21442,47227,22677,24550,41321,19890,21431,23609,11432,12177,5903,2800,3103,
29540,23621,11271,12350,41332,19885,21447,47235,22679,24556,41328,19893,21435,23613,11433,12180,5904,2800,3104,
29545,23625,11272,12353,41339,19888,21451,47243,22682,24561,41335,19896,21439,23617,11436,12181,5905,2801,3104,
29550,23629,11274,12355,41346,19891,21455,47251,22685,24566,41342,19898,21444,23621,11439,12182,5906,2801,3105,
29555,23633,11277,12356,41353,19896,21457,47259,22689,24570,41349,19900,21449,23625,11440,12185,5907,2802,3105,
29560,23637,11280,12357,41360,19901,21459,47267,22690,24577,41356,19903,21453,23629,11443,12186,5908,2802,3106,
29565,23641,11281,12360,41367,19903,21464,47275,22695,24580,41363,19905,21458,23633,11444,12189,5909,2802,3107,
29570,23645,11283,12362,41374,19907,21467,47283,22700,24583,41370,19906,21464,23637,11448,12189,5910,2803,3107,
29575,23649,11286,12363,41381,19911,21470,47291,22704,24587,41377,19909,21468,23641,11451,12190,5911,2803,3108,
29580,23653,11289,12364,41388,19913,21475,47299,22705,24594,41384,19910,21474,23645,11452,12193,5912,2803,3109,
29585,23657,11292,12365,41395,19916,21479,47307,22708,24599,41391,19914,21477,23649,11455,12194,5913,2804,3109,
29590,23661,11294,12367,41402,19923,21479,47315,22712,24603,41398,19917,21481,23653,11456,12197,5914,2804,3110,
29595,23665,11296,12369,41409,19927,21482,47323,22715,24608,41405,19922,21483,23657,11458,12199,5915,2804,3111,
29600,23669,11297,12372,41416,19929,21487,47331,22720,24611,41412,19929,21483,23661,11459,12202,5916,2805,3111,
29605,23673,11299,12374,41423,19932,21491,47339,22725,24614,41419,19932,21487,23665,11462,12203,5917,2805,3112,
29610,23677,11302,12375,41430,19934,21496,47347,22729,24618,41426,19934,21492,23669,11463,12206,5918,2805,3113,
29615,23681,11304,12377,41437,19938,21499,47355,22731,24624,41433,19937,21496,23673,11463,12210,5919,2806,3113,
29620,23685,11306,12379,41444,19941,21503,47363,22736,24627,41440,19941,21499,23677,11464,12213,5920,2806,3114,
29625,23689,11309,12380,41451,19944,21507,47371,22742,24629,41447,19943,21504,23681,11466,12215,5921,2807,3114,
29630,23693,11311,12382,41458,19949,21509,47379,22746,24633,41454,19947,21507,23685,11469,12216,5922,2807,3115,
29635,23697,11313,12384,41465,19952,21513,47387,22748,24639,41461,19948,21513,23689,11471,12218,5923,2808,3115,
29640,23701,11315,12386,41472,19957,21515,47395,22753,24642,41468,19951,21517,23693,11472,12221,5924,2808,3116,
29645,23705,11318,12387,41479,19962,21517,47403,22759,24644,41475,19955,21520,23697,11475,12222,5925,2808,3117,
29650,23709,11321,12388,41486,19967,21519,47411,22765,24646,41482,19958,21524,23701,11477,12224,5926,2808,3118,
29655,23713,11324,12389,41493,19971,21522,47419,22767,24652,41489,19960,21529,23705,11480,12225,5927,2808,3119,
29660,23717,11327,12390,41500,19977,21523,47427,22772,24655,41496,19962,21534,23709,11482,12227,5928,2809,3119,
29665,23721,11329,12392,41507,19978,21529,47435,22777,24658,41503,19966,21537,23713,11484,12229,5929,2810,3119,
29670,23725,11332,12393,41514,19982,21532,47443,22780,24663,41510,19967,21543,23717,11486,12231,5930,2810,3120,
29675,23729,11334,12395,41521,19987,21534,47451,22784,24667,41517,19971,21546,23721,11487,12234,5931,2810,3121,
29680,23733,11337,12396,41528,19989,21539,47459,22789,24670,41524,19975,21549,23725,11487,12238,5932,2811,3121,
29685,23737,11340,12397,41535,19992,21543,47467,22793,24674,41531,19978,21553,23729,11489,12240,5933,2812,3121,
29690,23741,11342,12399,41542,19995,21547,47475,22799,24676,41538,19982,21556,23733,11492,12241,5934,2813,3121,
29695,23745,11344,12401,41549,19998,21551,47483,22803,24680,41545,19983,21562,23737,11494,12243,5935,2813,3122,
29700,23749,11348,12401,41556,20001,21555,47491,22807,24684,41552,19989,21563,23741,11494,12247,5936,2813,3123,
29705,23753,11351,12402,41563,20005,21558,47499,22809,24690,41559,19991,21568,23745,11494,12251,5937,2813,3124,
29710,23757,11353,12404,41570,20010,21560,47507,22814,24693,41566,19994,21572,23749,11498,12251,5938,2813,3125,
29715,23761,11354,12407,41577,20013,21564,47515,22817,24698,41573,19998,21575,23753,11499,12254,5939,2814,3125,
29720,23765,11356,12409,41584,20016,21568,47523,22819,24704,41580,20003,21577,23757,11500,12257,5940,2814,3126,
29725,23769,11359,12410,41591,20019,21572,47531,22826,24705,41587,20005,21582,23761,11501,12260,5941,2815,3126,
29730,23773,11362,12411,41598,20024,21574,47539,22831,24708,41594,20009,21585,23765,11502,12263,5942,2816,3126,
29735,23777,11364,12413,41605,20028,21577,47547,22833,24714,41601,20013,21588,23769,11503,12266,5943,2816,3127,
29740,23781,11366,12415,41612,20033,21579,47555,22838,24717,41608,20014,21594,23773,11505,12268,5944,2817,3127,
29745,23785,11368,12417,41619,20035,21584,47563,22843,24720,41615,20018,21597,23777,11507,12270,5945,2818,3127,
29750,23789,11368,12421,41626,20038,21588,47571,22847,24724,41622,20023,21599,23781,11508,12273,5946,2819,3127,
29755,23793,11369,12424,41633,20039,21594,47579,22850,24729,41629,20028,21601,23785,11509,12276,5947,2819,3128,
29760,23797,11371,12426,41640,20044,21596,47587,22854,24733,41636,20031,21605,23789,11510,12279,5948,2820,3128,
29765,23801,11371,12430,41647,20047,21600,47595,22857,24738,41643,20034,21609,23793,11511,12282,5949,2820,3129,
29770,23805,11372,12433,41654,20052,21602,47603,22859,24744,41650,20038,21612,23797,11511,12286,5950,2820,3130,
29775,23809,11374,12435,41661,20056,21605,47611,22864,24747,41657,20041,21616,23801,11514,12287,5951,2820,3131,
29780,23813,11377,12436,41668,20059,21609,47619,22868,24751,41664,20046,21618,23805,11517,12288,5952,2820,3132,
29785,23817,11381,12436,41675,20063,21612,47627,22874,24753,41671,20048,21623,23809,11519,12290,5953,2820,3133,
29790,23821,11383,12438,41682,20066,21616,47635,22877,24758,41678,20051,21627,23813,11520,12293,5954,2821,3133,
29795,23825,11386,12439,41689,20068,21621,47643,22881,24762,41685,20054,21631,23817,11522,12295,5955,2822,3133,
29800,23829,11387,12442,41696,20072,21624,47651,22885,24766,41692,20059,21633,23821,11526,12295,5956,2823,3133,
29805,23833,11389,12444,41703,20072,21631,47659,22889,24770,41699,20061,21638,23825,11530,12295,5957,2823,3134,
29810,23837,11391,12446,41710,20074,21636,47667,22895,24772,41706,20063,21643,23829,11531,12298,5958,2823,3135,
29815,23841,11394,12447,41717,20078,21639,47675,22899,24776,41713,20065,21648,23833,11533,12300,5959,2823,3136,
29820,23845,11397,12448,41724,20081,21643,47683,22903,24780,41720,20068,21652,23837,11533,12304,5960,2824,3136,
29825,23849,11399,12450,41731,20084,21647,47691,22906,24785,41727,20070,21657,23841,11534,12307,5961,2824,3137,
29830,23853,11401,12452,41738,20086,21652,47699,22909,24790,41734,20074,21660,23845,11536,12309,5962,2825,3137,
29835,23857,11403,12454,41745,20091,21654,47707,22913,24794,41741,20076,21665,23849,11536,12313,5963,2826,3137,
29840,23861,11405,12456,41752,20095,21657,47715,22917,24798,41748,20077,21671,23853,11537,12316,5964,2827,3137,
29845,23865,11408,12457,41759,20099,21660,47723,22920,24803,41755,20081,21674,23857,11540,12317,5965,2828,3137,
29850,23869,11410,12459,41766,20103,21663,47731,22923,24808,41762,20086,21676,23861,11542,12319,5966,2828,3138,
29855,23873,11413,12460,41773,20108,21665,47739,22927,24812,41769,20090,21679,23865,11544,12321,5967,2829,3138,
29860,23877,11415,12462,41780,20111,21669,47747,22934,24813,41776,20095,21681,23869,11545,12324,5968,2830,3138,
29865,23881,11418,12463,41787,20115,21672,47755,22938,24817,41783,20099,21684,23873,11547,12326,5969,2830,3139,
29870,23885,11419,12466,41794,20116,21678,47763,22942,24821,41790,20100,21690,23877,11549,12328,5970,2831,3139,
29875,23889,11420,12469,41801,20121,21680,47771,22944,24827,41797,20104,21693,23881,11551,12330,5971,2832,3139,
29880,23893,11421,12472,41808,20124,21684,47779,22948,24831,41804,20105,21699,23885,11553,12332,5972,2833,3139,
29885,23897,11422,12475,41815,20127,21688,47787,22950,24837,41811,20110,21701,23889,11554,12335,5973,2833,3140,
29890,23901,11426,12475,41822,20132,21690,47795,22954,24841,41818,20114,21704,23893,11555,12338,5974,2833,3141,
29895,23905,11429,12476,41829,20133,21696,47803,22958,24845,41825,20118,21707,23897,11557,12340,5975,2834,3141,
29900,23909,11432,12477,41836,20137,21699,47811,22962,24849,41832,20120,21712,23901,11560,12341,5976,2835,3141,
29905,23913,11434,12479,41843,20142,21701,47819,22968,24851,41839,20122,21717,23905,11562,12343,5977,2836,3141,
29910,23917,11436,12481,41850,20145,21705,47827,22969,24858,41846,20125,21721,23909,11563,12346,5978,2836,3142,
29915,23921,11438,12483,41857,20147,21710,47835,22973,24862,41853,20129,21724,23913,11565,12348,5979,2837,3142,
29920,23925,11441,12484,41864,20151,21713,47843,22977,24866,41860,20132,21728,23917,11566,12351,5980,2837,3143,
29925,23929,11445,12484,41871,20154,21717,47851,22983,24868,41867,20133,21734,23921,11569,12352,5981,2837,3144,
29930,23933,11447,12486,41878,20159,21719,47859,22988,24871,41874,20135,21739,23925,11572,12353,5982,2837,3145,
29935,23937,11449,12488,41885,20164,21721,47867,22992,24875,41881,20136,21745,23929,11575,12354,5983,2838,3145,
29940,23941,11451,12490,41892,20167,21725,47875,22995,24880,41888,20138,21750,23933,11577,12356,5984,2838,3146,
29945,23945,11452,12493,41899,20169,21730,47883,22999,24884,41895,20142,21753,23937,11580,12357,5985,2838,3147,
29950,23949,11454,12495,41906,20172,21734,47891,23002,24889,41902,20146,21756,23941,11581,12360,5986,2838,3148,
29955,23953,11455,12498,41913,20177,21736,47899,23004,24895,41909,20149,21760,23945,11582,12363,5987,2839,3148,
29960,23957,11456,12501,41920,20180,21740,47907,23009,24898,41916,20153,21763,23949,11582,12367,5988,2840,3148,
29965,23961,11458,12503,41927,20185,21742,47915,23013,24902,41923,20157,21766,23953,11584,12369,5989,2841,3148,
29970,23965,11460,12505,41934,20189,21745,47923,23017,24906,41930,20160,21770,23957,11585,12372,5990,2841,3149,
29975,23969,11461,12508,41941,20195,21746,47931,23021,24910,41937,20165,21772,23961,11588,12373,5991,2841,3150,
29980,23973,11464,12509,41948,20200,21748,47939,23025,24914,41944,20168,21776,23965,11588,12377,5992,2841,3151,
29985,23977,11465,12512,41955,20204,21751,47947,23029,24918,41951,20173,21778,23969,11589,12380,5993,2842,3151,
29990,23981,11466,12515,41962,20208,21754,47955,23034,24921,41958,20177,21781,23973,11589,12384,5994,2842,3152,
29995,23985,11468,12517,41969,20211,21758,47963,23039,24924,41965,20180,21785,23977,11590,12387,5995,2843,3152,
30000,23989,11471,12518,41976,20215,21761,47971,23043,24928,41972,20184,21788,23981,11593,12388,5996,2843,3153,
30005,23993,11473,12520,41983,20217,21766,47979,23047,24932,41979,20187,21792,23985,11594,12391,5997,2844,3153,
30010,23997,11476,12521,41990,20221,21769,47987,23051,24936,41986,20190,21796,23989,11594,12395,5998,2844,3154,
30015,24001,11478,12523,41997,20223,21774,47995,23055,24940,41993,20194,21799,23993,11596,12397,5999,2845,3154,
30020,24005,11478,12527,42004,20226,21778,48003,23059,24944,42000,20199,21801,23997,11598,12399,6000,2846,3154,
30025,24009,11479,12530,42011,20228,21783,48011,23059,24952,42007,20202,21805,24001,11599,12402,6001,2847,3154,
30030,24013,11481,12532,42018,20231,21787,48019,23060,24959,42014,20204,21810,24005,11601,12404,6002,2847,3155,
30035,24017,11482,12535,42025,20234,21791,48027,23063,24964,42021,20207,21814,24009,11605,12404,6003,2848,3155,
30040,24021,11483,12538,42032,20239,21793,48035,23069,24966,42028,20209,21819,24013,11605,12408,6004,2849,3155,
30045,24025,11485,12540,42039,20243,21796,48043,23074,24969,42035,20212,21823,24017,11606,12411,6005,2850,3155,
30050,24029,11487,12542,42046,20246,21800,48051,23079,24972,42042,20213,21829,24021,11608,12413,6006,2851,3155,
30055,24033,11489,12544,42053,20246,21807,48059,23082,24977,42049,20216,21833,24025,11609,12416,6007,2851,3156,
30060,24037,11490,12547,42060,20249,21811,48067,23085,24982,42056,20220,21836,24029,11611,12418,6008,2851,3157,
30065,24041,11492,12549,42067,20252,21815,48075,23088,24987,42063,20222,21841,24033,11613,12420,6009,2852,3157,
30070,24045,11493,12552,42074,20253,21821,48083,23089,24994,42070,20224,21846,24037,11614,12423,6010,2852,3158,
30075,24049,11496,12553,42081,20256,21825,48091,23091,25000,42077,20226,21851,24041,11617,12424,6011,2852,3159,
30080,24053,11499,12554,42088,20259,21829,48099,23096,25003,42084,20229,21855,24045,11619,12426,6012,2852,3160,
30085,24057,11502,12555,42095,20264,21831,48107,23099,25008,42091,20231,21860,24049,11622,12427,6013,2853,3160,
30090,24061,11503,12558,42102,20268,21834,48115,23100,25015,42098,20235,21863,24053,11623,12430,6014,2854,3160,
30095,24065,11505,12560,42109,20274,21835,48123,23104,25019,42105,20238,21867,24057,11624,12433,6015,2855,3160,
30100,24069,11508,12561,42116,20276,21840,48131,23110,25021,42112,20242,21870,24061,11626,12435,6016,2856,3160,
30105,24073,11508,12565,42123,20278,21845,48139,23111,25028,42119,20243,21876,24065,11627,12438,6017,2856,3161,
30110,24077,11510,12567,42130,20281,21849,48147,23117,25030,42126,20247,21879,24069,11630,12439,6018,2856,3162,
30115,24081,11511,12570,42137,20283,21854,48155,23122,25033,42133,20249,21884,24073,11633,12440,6019,2857,3162,
30120,24085,11511,12574,42144,20287,21857,48163,23125,25038,42140,20253,21887,24077,11633,12444,6020,2858,3162,
30125,24089,11515,12574,42151,20292,21859,48171,23128,25043,42147,20256,21891,24081,11636,12445,6021,2859,3162,
30130,24093,11516,12577,42158,20294,21864,48179,23133,25046,42154,20259,21895,24085,11638,12447,6022,2859,3163,
30135,24097,11518,12579,42165,20298,21867,48187,23137,25050,42161,20261,21900,24089,11641,12448,6023,2859,3164,
30140,24101,11521,12580,42172,20299,21873,48195,23142,25053,42168,20263,21905,24093,11641,12452,6024,2860,3164,
30145,24105,11524,12581,42179,20303,21876,48203,23144,25059,42175,20268,21907,24097,11644,12453,6025,2860,3165,
30150,24109,11525,12584,42186,20306,21880,48211,23145,25066,42182,20271,21911,24101,11645,12456,6026,2861,3165,
30155,24113,11526,12587,42193,20309,21884,48219,23146,25073,42189,20274,21915,24105,11648,12457,6027,2862,3165,
30160,24117,11527,12590,42200,20310,21890,48227,23151,25076,42196,20277,21919,24109,11650,12459,6028,2862,3166,
30165,24121,11529,12592,42207,20313,21894,48235,23153,25082,42203,20281,21922,24113,11651,12462,6029,2862,3167,
30170,24125,11531,12594,42214,20318,21896,48243,23158,25085,42210,20285,21925,24117,11653,12464,6030,2862,3168,
30175,24129,11532,12597,42221,20322,21899,48251,23162,25089,42217,20290,21927,24121,11654,12467,6031,2863,3168,
30180,24133,11534,12599,42228,20327,21901,48259,23166,25093,42224,20294,21930,24125,11655,12470,6032,2863,3169,
30185,24137,11536,12601,42235,20330,21905,48267,23170,25097,42231,20296,21935,24129,11656,12473,6033,2864,3169,
30190,24141,11538,12603,42242,20333,21909,48275,23174,25101,42238,20299,21939,24133,11657,12476,6034,2865,3169,
30195,24145,11540,12605,42249,20335,21914,48283,23177,25106,42245,20300,21945,24137,11661,12476,6035,2865,3170,
30200,24149,11542,12607,42256,20337,21919,48291,23183,25108,42252,20304,21948,24141,11663,12478,6036,2866,3170,
30205,24153,11544,12609,42263,20341,21922,48299,23186,25113,42259,20307,21952,24145,11666,12479,6037,2866,3171,
30210,24157,11546,12611,42270,20346,21924,48307,23190,25117,42266,20309,21957,24149,11668,12481,6038,2867,3171,
30215,24161,11549,12612,42277,20349,21928,48315,23195,25120,42273,20314,21959,24153,11668,12485,6039,2868,3171,
30220,24165,11552,12613,42284,20355,21929,48323,23202,25121,42280,20319,21961,24157,11668,12489,6040,2869,3171,
30225,24169,11555,12614,42291,20362,21929,48331,23206,25125,42287,20324,21963,24161,11672,12489,6041,2870,3171,
30230,24173,11556,12617,42298,20363,21935,48339,23212,25127,42294,20326,21968,24165,11674,12491,6042,2870,3172,
30235,24177,11558,12619,42305,20366,21939,48347,23216,25131,42301,20327,21974,24169,11675,12494,6043,2871,3172,
30240,24181,11560,12621,42312,20371,21941,48355,23221,25134,42308,20330,21978,24173,11675,12498,6044,2871,3173,
30245,24185,11562,12623,42319,20373,21946,48363,23222,25141,42315,20332,21983,24177,11678,12499,6045,2871,3174,
30250,24189,11563,12626,42326,20377,21949,48371,23226,25145,42322,20338,21984,24181,11680,12501,6046,2871,3175,
30255,24193,11564,12629,42333,20381,21952,48379,23232,25147,42329,20341,21988,24185,11681,12504,6047,2871,3176,
30260,24197,11567,12630,42340,20383,21957,48387,23237,25150,42336,20344,21992,24189,11683,12506,6048,2872,3176,
30265,24201,11570,12631,42347,20387,21960,48395,23242,25153,42343,20349,21994,24193,11685,12508,6049,2873,3176,
30270,24205,11572,12633,42354,20388,21966,48403,23246,25157,42350,20352,21998,24197,11687,12510,6050,2874,3176,
30275,24209,11575,12634,42361,20392,21969,48411,23252,25159,42357,20356,22001,24201,11688,12513,6051,2875,3176,
30280,24213,11578,12635,42368,20394,21974,48419,23256,25163,42364,20359,22005,24205,11690,12515,6052,2875,3177,
30285,24217,11581,12636,42375,20399,21976,48427,23260,25167,42371,20363,22008,24209,11693,12516,6053,2876,3177,
30290,24221,11582,12639,42382,20401,21981,48435,23266,25169,42378,20368,22010,24213,11695,12518,6054,2876,3178,
30295,24225,11584,12641,42389,20404,21985,48443,23270,25173,42385,20371,22014,24217,11697,12520,6055,2876,3179,
30300,24229,11585,12644,42396,20408,21988,48451,23274,25177,42392,20376,22016,24221,11698,12523,6056,2876,3180,
30305,24233,11589,12644,42403,20412,21991,48459,23277,25182,42399,20379,22020,24225,11699,12526,6057,2877,3180,
30310,24237,11591,12646,42410,20414,21996,48467,23281,25186,42406,20381,22025,24229,11701,12528,6058,2878,3180,
30315,24241,11591,12650,42417,20418,21999,48475,23286,25189,42413,20384,22029,24233,11703,12530,6059,2878,3181,
30320,24245,11592,12653,42424,20422,22002,48483,23289,25194,42420,20388,22032,24237,11706,12531,6060,2878,3182,
30325,24249,11593,12656,42431,20424,22007,48491,23292,25199,42427,20391,22036,24241,11707,12534,6061,2879,3182,
30330,24253,11595,12658,42438,20428,22010,48499,23296,25203,42434,20396,22038,24245,11707,12538,6062,2879,3183,
30335,24257,11598,12659,42445,20432,22013,48507,23299,25208,42441,20401,22040,24249,11710,12539,6063,2879,3184,
30340,24261,11600,12661,42452,20435,22017,48515,23304,25211,42448,20402,22046,24253,11712,12541,6064,2879,3185,
30345,24265,11600,12665,42459,20438,22021,48523,23306,25217,42455,20406,22049,24257,11714,12543,6065,2880,3185,
30350,24269,11602,12667,42466,20442,22024,48531,23308,25223,42462,20408,22054,24261,11716,12545,6066,2881,3185,
30355,24273,11605,12668,42473,20447,22026,48539,23313,25226,42469,20413,22056,24265,11719,12546,6067,2881,3186,
30360,24277,11608,12669,42480,20450,22030,48547,23319,25228,42476,20416,22060,24269,11722,12547,6068,2882,3186,
30365,24281,11610,12671,42487,20455,22032,48555,23322,25233,42483,20420,22063,24273,11725,12548,6069,2883,3186,
30370,24285,11612,12673,42494,20460,22034,48563,23325,25238,42490,20424,22066,24277,11728,12549,6070,2884,3186,
30375,24289,11612,12677,42501,20464,22037,48571,23330,25241,42497,20430,22067,24281,11730,12551,6071,2884,3187,
30380,24293,11614,12679,42508,20466,22042,48579,23331,25248,42504,20434,22070,24285,11732,12553,6072,2884,3188,
30385,24297,11616,12681,42515,20470,22045,48587,23335,25252,42511,20438,22073,24289,11734,12555,6073,2885,3188,
30390,24301,11617,12684,42522,20473,22049,48595,23339,25256,42518,20443,22075,24293,11737,12556,6074,2886,3188,
30395,24305,11619,12686,42529,20475,22054,48603,23344,25259,42525,20447,22078,24297,11738,12559,6075,2886,3189,
30400,24309,11622,12687,42536,20478,22058,48611,23347,25264,42532,20450,22082,24301,11740,12561,6076,2886,3190,
30405,24313,11623,12690,42543,20481,22062,48619,23350,25269,42539,20456,22083,24305,11742,12563,6077,2886,3191,
30410,24317,11625,12692,42550,20484,22066,48627,23352,25275,42546,20459,22087,24309,11744,12565,6078,2887,3191,
30415,24321,11626,12695,42557,20488,22069,48635,23355,25280,42553,20463,22090,24313,11747,12566,6079,2888,3191,
30420,24325,11627,12698,42564,20491,22073,48643,23359,25284,42560,20466,22094,24317,11749,12568,6080,2888,3192,
30425,24329,11630,12699,42571,20497,22074,48651,23362,25289,42567,20470,22097,24321,11751,12570,6081,2888,3193,
30430,24333,11632,12701,42578,20500,22078,48659,23364,25295,42574,20474,22100,24325,11752,12573,6082,2888,3194,
30435,24337,11634,12703,42585,20502,22083,48667,23371,25296,42581,20477,22104,24329,11753,12576,6083,2889,3194,
30440,24341,11635,12706,42592,20508,22084,48675,23377,25298,42588,20481,22107,24333,11755,12578,6084,2889,3195,
30445,24345,11637,12708,42599,20511,22088,48683,23379,25304,42595,20483,22112,24337,11757,12580,6085,2890,3195,
30450,24349,11638,12711,42606,20516,22090,48691,23384,25307,42602,20486,22116,24341,11758,12583,6086,2890,3196,
30455,24353,11642,12711,42613,20522,22091,48699,23388,25311,42609,20488,22121,24345,11760,12585,6087,2890,3197,
30460,24357,11643,12714,42620,20527,22093,48707,23393,25314,42616,20492,22124,24349,11763,12586,6088,2891,3197,
30465,24361,11645,12716,42627,20532,22095,48715,23397,25318,42623,20495,22128,24353,11765,12588,6089,2891,3198,
30470,24365,11647,12718,42634,20534,22100,48723,23400,25323,42630,20498,22132,24357,11767,12590,6090,2892,3198,
30475,24369,11649,12720,42641,20538,22103,48731,23408,25323,42637,20502,22135,24361,11769,12592,6091,2892,3199,
30480,24373,11650,12723,42648,20540,22108,48739,23410,25329,42644,20505,22139,24365,11773,12592,6092,2892,3200,
30485,24377,11651,12726,42655,20543,22112,48747,23414,25333,42651,20508,22143,24369,11774,12595,6093,2893,3200,
30490,24381,11653,12728,42662,20544,22118,48755,23418,25337,42658,20510,22148,24373,11775,12598,6094,2894,3200,
30495,24385,11655,12730,42669,20548,22121,48763,23424,25339,42665,20514,22151,24377,11778,12599,6095,2894,3201,
30500,24389,11657,12732,42676,20550,22126,48771,23429,25342,42672,20518,22154,24381,11779,12602,6096,2895,3201,
30505,24393,11659,12734,42683,20554,22129,48779,23431,25348,42679,20521,22158,24385,11780,12605,6097,2896,3201,
30510,24397,11662,12735,42690,20557,22133,48787,23435,25352,42686,20523,22163,24389,11782,12607,6098,2897,3201,
30515,24401,11665,12736,42697,20562,22135,48795,23438,25357,42693,20528,22165,24393,11785,12608,6099,2897,3202,
30520,24405,11667,12738,42704,20566,22138,48803,23442,25361,42700,20532,22168,24397,11786,12611,6100,2897,3203,
30525,24409,11669,12740,42711,20569,22142,48811,23443,25368,42707,20534,22173,24401,11788,12613,6101,2897,3204,
30530,24413,11671,12742,42718,20571,22147,48819,23445,25374,42714,20537,22177,24405,11789,12616,6102,2897,3205,
30535,24417,11672,12745,42725,20575,22150,48827,23448,25379,42721,20542,22179,24409,11790,12619,6103,2898,3205,
30540,24421,11673,12748,42732,20577,22155,48835,23454,25381,42728,20545,22183,24413,11792,12621,6104,2899,3205,
30545,24425,11674,12751,42739,20581,22158,48843,23456,25387,42735,20549,22186,24417,11793,12624,6105,2899,3206,
30550,24429,11676,12753,42746,20583,22163,48851,23462,25389,42742,20550,22192,24421,11793,12628,6106,2900,3206,
30555,24433,11679,12754,42753,20586,22167,48859,23467,25392,42749,20555,22194,24425,11797,12628,6107,2901,3206,
30560,24437,11680,12757,42760,20591,22169,48867,23470,25397,42756,20560,22196,24429,11799,12630,6108,2901,3207,
30565,24441,11680,12761,42767,20595,22172,48875,23474,25401,42763,20563,22200,24433,11802,12631,6109,2902,3207,
30570,24445,11682,12763,42774,20601,22173,48883,23476,25407,42770,20567,22203,24437,11805,12632,6110,2902,3208,
30575,24449,11685,12764,42781,20603,22178,48891,23481,25410,42777,20571,22206,24441,11809,12632,6111,2903,3208,
30580,24453,11688,12765,42788,20609,22179,48899,23485,25414,42784,20573,22211,24445,11811,12634,6112,2904,3208,
30585,24457,11691,12766,42795,20613,22182,48907,23491,25416,42791,20575,22216,24449,11812,12637,6113,2904,3209,
30590,24461,11693,12768,42802,20616,22186,48915,23496,25419,42798,20579,22219,24453,11813,12640,6114,2904,3210,
30595,24465,11695,12770,42809,20618,22191,48923,23500,25423,42805,20583,22222,24457,11817,12640,6115,2904,3211,
30600,24469,11697,12772,42816,20622,22194,48931,23506,25425,42812,20587,22225,24461,11819,12642,6116,2904,3212,
30605,24473,11698,12775,42823,20625,22198,48939,23509,25430,42819,20590,22229,24465,11820,12645,6117,2904,3213,
30610,24477,11700,12777,42830,20629,22201,48947,23511,25436,42826,20593,22233,24469,11822,12647,6118,2904,3214,
30615,24481,11702,12779,42837,20633,22204,48955,23516,25439,42833,20598,22235,24473,11823,12650,6119,2905,3214,
30620,24485,11705,12780,42844,20635,22209,48963,23520,25443,42840,20602,22238,24477,11827,12650,6120,2905,3215,
30625,24489,11707,12782,42851,20641,22210,48971,23526,25445,42847,20606,22241,24481,11828,12653,6121,2905,3216,
30630,24493,11708,12785,42858,20642,22216,48979,23529,25450,42854,20609,22245,24485,11830,12655,6122,2905,3217,
30635,24497,11711,12786,42865,20646,22219,48987,23534,25453,42861,20611,22250,24489,11830,12659,6123,2905,3218,
30640,24501,11713,12788,42872,20649,22223,48995,23538,25457,42868,20614,22254,24493,11831,12662,6124,2906,3218,
30645,24505,11715,12790,42879,20653,22226,49003,23542,25461,42875,20615,22260,24497,11833,12664,6125,2906,3219,
30650,24509,11719,12790,42886,20655,22231,49011,23545,25466,42882,20617,22265,24501,11835,12666,6126,2906,3220,
30655,24513,11720,12793,42893,20657,22236,49019,23549,25470,42889,20620,22269,24505,11838,12667,6127,2906,3221,
30660,24517,11720,12797,42900,20660,22240,49027,23556,25471,42896,20624,22272,24509,11838,12671,6128,2906,3222,
30665,24521,11721,12800,42907,20662,22245,49035,23561,25474,42903,20628,22275,24513,11838,12675,6129,2906,3223,
30670,24525,11722,12803,42914,20666,22248,49043,23563,25480,42910,20630,22280,24517,11841,12676,6130,2907,3223,
30675,24529,11725,12804,42921,20670,22251,49051,23566,25485,42917,20633,22284,24521,11842,12679,6131,2908,3223,
30680,24533,11728,12805,42928,20675,22253,49059,23568,25491,42924,20635,22289,24525,11844,12681,6132,2908,3224,
30685,24537,11729,12808,42935,20677,22258,49067,23572,25495,42931,20638,22293,24529,11845,12684,6133,2909,3224,
30690,24541,11730,12811,42942,20679,22263,49075,23576,25499,42938,20641,22297,24533,11847,12686,6134,2910,3224,
30695,24545,11732,12813,42949,20682,22267,49083,23578,25505,42945,20645,22300,24537,11849,12688,6135,2911,3224,
30700,24549,11734,12815,42956,20685,22271,49091,23582,25509,42952,20648,22304,24541,11852,12689,6136,2911,3225,
30705,24553,11735,12818,42963,20687,22276,49099,23586,25513,42959,20651,22308,24545,11855,12690,6137,2912,3225,
30710,24557,11737,12820,42970,20690,22280,49107,23591,25516,42966,20654,22312,24549,11857,12692,6138,2913,3225,
30715,24561,11739,12822,42977,20692,22285,49115,23593,25522,42973,20655,22318,24553,11858,12695,6139,2913,3226,
30720,24565,11742,12823,42984,20694,22290,49123,23595,25528,42980,20661,22319,24557,11861,12696,6140,2913,3227,
30725,24569,11743,12826,42991,20698,22293,49131,23602,25529,42987,20665,22322,24561,11862,12699,6141,2913,3228,
30730,24573,11746,12827,42998,20704,22294,49139,23607,25532,42994,20670,22324,24565,11864,12701,6142,2914,3228,
30735,24577,11748,12829,43005,20708,22297,49147,23610,25537,43001,20671,22330,24569,11867,12702,6143,2914,3229,
30740,24581,11752,12829,43012,20713,22299,49155,23614,25541,43008,20676,22332,24573,11871,12702,6144,2914,3230,
30745,24585,11753,12832,43019,20715,22304,49163,23619,25544,43015,20682,22333,24577,11873,12704,6145,2914,3231,
30750,24589,11755,12834,43026,20717,22309,49171,23622,25549,43022,20685,22337,24581,11877,12704,6146,2914,3232,
30755,24593,11757,12836,43033,20722,22311,49179,23625,25554,43029,20688,22341,24585,11879,12706,6147,2914,3233,
30760,24597,11759,12838,43040,20726,22314,49187,23627,25560,43036,20692,22344,24589,11879,12710,6148,2915,3233,
30765,24601,11762,12839,43047,20729,22318,49195,23629,25566,43043,20697,22346,24593,11882,12711,6149,2916,3233,
30770,24605,11764,12841,43054,20735,22319,49203,23633,25570,43050,20700,22350,24597,11883,12714,6150,2916,3234,
30775,24609,11768,12841,43061,20740,22321,49211,23639,25572,43057,20701,22356,24601,11884,12717,6151,2917,3234,
30780,24613,11771,12842,43068,20744,22324,49219,23640,25579,43064,20705,22359,24605,11887,12718,6152,2917,3235,
30785,24617,11773,12844,43075,20746,22329,49227,23644,25583,43071,20711,22360,24609,11889,12720,6153,2918,3235,
30790,24621,11775,12846,43082,20749,22333,49235,23649,25586,43078,20713,22365,24613,11892,12721,6154,2919,3235,
30795,24625,11778,12847,43089,20754,22335,49243,23654,25589,43085,20714,22371,24617,11895,12722,6155,2920,3235,
30800,24629,11780,12849,43096,20756,22340,49251,23661,25590,43092,20717,22375,24621,11897,12724,6156,2921,3235,
30805,24633,11781,12852,43103,20762,22341,49259,23664,25595,43099,20721,22378,24625,11899,12726,6157,2921,3236,
30810,24637,11784,12853,43110,20765,22345,49267,23666,25601,43106,20724,22382,24629,11902,12727,6158,2922,3236,
30815,24641,11786,12855,43117,20769,22348,49275,23669,25606,43113,20727,22386,24633,11903,12730,6159,2922,3237,
30820,24645,11788,12857,43124,20773,22351,49283,23672,25611,43120,20732,22388,24637,11903,12734,6160,2923,3237,
30825,24649,11791,12858,43131,20778,22353,49291,23675,25616,43127,20737,22390,24641,11907,12734,6161,2923,3238,
30830,24653,11792,12861,43138,20782,22356,49299,23678,25621,43134,20739,22395,24645,11911,12734,6162,2924,3238,
30835,24657,11793,12864,43145,20784,22361,49307,23679,25628,43141,20744,22397,24649,11912,12737,6163,2924,3239,
30840,24661,11797,12864,43152,20787,22365,49315,23682,25633,43148,20750,22398,24653,11913,12740,6164,2924,3240,
30845,24665,11801,12864,43159,20791,22368,49323,23684,25639,43155,20754,22401,24657,11914,12743,6165,2925,3240,
30850,24669,11803,12866,43166,20795,22371,49331,23686,25645,43162,20757,22405,24661,11917,12744,6166,2925,3241,
30855,24673,11805,12868,43173,20798,22375,49339,23690,25649,43169,20760,22409,24665,11918,12747,6167,2925,3242,
30860,24677,11807,12870,43180,20802,22378,49347,23693,25654,43176,20764,22412,24669,11921,12748,6168,2926,3242,
30865,24681,11809,12872,43187,20806,22381,49355,23696,25659,43183,20768,22415,24673,11924,12749,6169,2927,3242,
30870,24685,11810,12875,43194,20809,22385,49363,23701,25662,43190,20771,22419,24677,11926,12751,6170,2927,3243,
30875,24689,11813,12876,43201,20812,22389,49371,23707,25664,43197,20777,22420,24681,11929,12752,6171,2928,3243,
30880,24693,11815,12878,43208,20815,22393,49379,23709,25670,43204,20779,22425,24685,11931,12754,6172,2928,3244,
30885,24697,11816,12881,43215,20820,22395,49387,23713,25674,43211,20782,22429,24689,11933,12756,6173,2929,3244,
30890,24701,11817,12884,43222,20825,22397,49395,23718,25677,43218,20786,22432,24693,11936,12757,6174,2929,3245,
30895,24705,11820,12885,43229,20829,22400,49403,23721,25682,43225,20788,22437,24697,11939,12758,6175,2930,3245,
30900,24709,11820,12889,43236,20831,22405,49411,23725,25686,43232,20794,22438,24701,11940,12761,6176,2931,3245,
30905,24713,11821,12892,43243,20836,22407,49419,23729,25690,43239,20796,22443,24705,11940,12765,6177,2931,3246,
30910,24717,11822,12895,43250,20841,22409,49427,23733,25694,43246,20799,22447,24709,11942,12767,6178,2931,3247,
30915,24721,11823,12898,43257,20844,22413,49435,23738,25697,43253,20803,22450,24713,11945,12768,6179,2931,3248,
30920,24725,11824,12901,43264,20848,22416,49443,23742,25701,43260,20807,22453,24717,11947,12770,6180,2932,3248,
30925,24729,11826,12903,43271,20852,22419,49451,23745,25706,43267,20810,22457,24721,11950,12771,6181,2933,3248,
30930,24733,11829,12904,43278,20855,22423,49459,23748,25711,43274,20811,22463,24725,11952,12773,6182,2933,3249,
30935,24737,11831,12906,43285,20857,22428,49467,23751,25716,43281,20811,22470,24729,11954,12775,6183,2934,3249,
30940,24741,11833,12908,43292,20860,22432,49475,23756,25719,43288,20816,22472,24733,11956,12777,6184,2935,3249,
30945,24745,11837,12908,43299,20862,22437,49483,23761,25722,43295,20818,22477,24737,11956,12781,6185,2936,3249,
30950,24749,11840,12909,43306,20864,22442,49491,23767,25724,43302,20821,22481,24741,11958,12783,6186,2936,3250,
30955,24753,11842,12911,43313,20866,22447,49499,23771,25728,43309,20824,22485,24745,11960,12785,6187,2937,3250,
30960,24757,11844,12913,43320,20868,22452,49507,23775,25732,43316,20828,22488,24749,11963,12786,6188,2938,3250,
30965,24761,11847,12914,43327,20870,22457,49515,23780,25735,43323,20831,22492,24753,11965,12788,6189,2938,3251,
30970,24765,11848,12917,43334,20875,22459,49523,23783,25740,43330,20835,22495,24757,11968,12789,6190,2938,3252,
30975,24769,11850,12919,43341,20876,22465,49531,23788,25743,43337,20839,22498,24761,11971,12790,6191,2939,3252,
30980,24773,11852,12921,43348,20880,22468,49539,23791,25748,43344,20844,22500,24765,11971,12794,6192,2939,3253,
30985,24777,11854,12923,43355,20883,22472,49547,23796,25751,43351,20847,22504,24769,11973,12796,6193,2939,3254,
30990,24781,11855,12926,43362,20885,22477,49555,23801,25754,43358,20850,22508,24773,11974,12799,6194,2939,3255,
30995,24785,11858,12927,43369,20889,22480,49563,23807,25756,43365,20855,22510,24777,11974,12803,6195,2940,3255,
31000,24789,11861,12928,43376,20894,22482,49571,23809,25762,43372,20858,22514,24781,11977,12804,6196,2940,3256,
31005,24793,11862,12931,43383,20897,22486,49579,23814,25765,43379,20860,22519,24785,11978,12807,6197,2940,3257,
31010,24797,11865,12932,43390,20902,22488,49587,23818,25769,43386,20862,22524,24789,11980,12809,6198,2940,3258,
31015,24801,11866,12935,43397,20903,22494,49595,23822,25773,43393,20865,22528,24793,11981,12812,6199,2941,3258,
31020,24805,11869,12936,43404,20908,22496,49603,23827,25776,43400,20869,22531,24797,11982,12815,6200,2942,3258,
31025,24809,11872,12937,43411,20910,22501,49611,23831,25780,43407,20873,22534,24801,11985,12816,6201,2942,3259,
31030,24813,11873,12940,43418,20913,22505,49619,23834,25785,43414,20876,22538,24805,11986,12819,6202,2942,3260,
31035,24817,11874,12943,43425,20915,22510,49627,23837,25790,43421,20881,22540,24809,11987,12822,6203,2942,3261,
31040,24821,11876,12945,43432,20919,22513,49635,23840,25795,43428,20884,22544,24813,11989,12824,6204,2942,3262,
31045,24825,11879,12946,43439,20924,22515,49643,23843,25800,43435,20889,22546,24817,11991,12826,6205,2942,3263,
31050,24829,11882,12947,43446,20927,22519,49651,23848,25803,43442,20890,22552,24821,11994,12827,6206,2942,3264,
31055,24833,11885,12948,43453,20928,22525,49659,23849,25810,43449,20894,22555,24825,11997,12828,6207,2943,3264,
31060,24837,11888,12949,43460,20931,22529,49667,23852,25815,43456,20898,22558,24829,11999,12830,6208,2944,3264,
31065,24841,11891,12950,43467,20935,22532,49675,23857,25818,43463,20904,22559,24833,12001,12832,6209,2944,3265,
31070,24845,11892,12953,43474,20938,22536,49683,23860,25823,43470,20909,22561,24837,12003,12834,6210,2945,3265,
31075,24849,11894,12955,43481,20941,22540,49691,23865,25826,43477,20910,22567,24841,12004,12837,6211,2946,3265,
31080,24853,11897,12956,43488,20944,22544,49699,23869,25830,43484,20912,22572,24845,12005,12840,6212,2946,3266,
31085,24857,11899,12958,43495,20947,22548,49707,23871,25836,43491,20914,22577,24849,12008,12841,6213,2946,3267,
31090,24861,11901,12960,43502,20951,22551,49715,23873,25842,43498,20919,22579,24853,12009,12844,6214,2946,3268,
31095,24865,11903,12962,43509,20954,22555,49723,23875,25848,43505,20923,22582,24857,12011,12846,6215,2947,3268,
31100,24869,11904,12965,43516,20960,22556,49731,23879,25852,43512,20927,22585,24861,12014,12847,6216,2947,3269,
31105,24873,11906,12967,43523,20962,22561,49739,23882,25857,43519,20931,22588,24865,12015,12850,6217,2948,3269,
31110,24877,11910,12967,43530,20966,22564,49747,23884,25863,43526,20936,22590,24869,12017,12852,6218,2948,3270,
31115,24881,11910,12971,43537,20970,22567,49755,23887,25868,43533,20939,22594,24873,12020,12853,6219,2949,3270,
31120,24885,11912,12973,43544,20973,22571,49763,23891,25872,43540,20941,22599,24877,12022,12855,6220,2949,3271,
31125,24889,11915,12974,43551,20978,22573,49771,23897,25874,43547,20944,22603,24881,12023,12858,6221,2949,3272,
31130,24893,11918,12975,43558,20983,22575,49779,23899,25880,43554,20947,22607,24885,12024,12861,6222,2949,3273,
31135,24897,11920,12977,43565,20987,22578,49787,23903,25884,43561,20948,22613,24889,12026,12863,6223,2949,3274,
31140,24901,11921,12980,43572,20991,22581,49795,23909,25886,43568,20951,22617,24893,12028,12865,6224,2949,3275,
31145,24905,11924,12981,43579,20994,22585,49803,23913,25890,43575,20957,22618,24897,12029,12868,6225,2949,3276,
31150,24909,11926,12983,43586,20996,22590,49811,23917,25894,43582,20958,22624,24901,12032,12869,6226,2950,3276,
31155,24913,11928,12985,43593,21000,22593,49819,23923,25896,43589,20963,22626,24905,12033,12872,6227,2951,3276,
31160,24917,11929,12988,43600,21002,22598,49827,23929,25898,43596,20966,22630,24909,12033,12876,6228,2952,3276,
31165,24921,11931,12990,43607,21007,22600,49835,23935,25900,43603,20967,22636,24913,12035,12878,6229,2953,3276,
31170,24925,11931,12994,43614,21013,22601,49843,23937,25906,43610,20971,22639,24917,12038,12879,6230,2954,3276,
31175,24929,11931,12998,43621,21016,22605,49851,23943,25908,43617,20975,22642,24921,12040,12881,6231,2955,3276,
31180,24933,11934,12999,43628,21020,22608,49859,23947,25912,43624,20979,22645,24925,12042,12883,6232,2956,3276,
31185,24937,11937,13000,43635,21025,22610,49867,23950,25917,43631,20984,22647,24929,12044,12885,6233,2957,3276,
31190,24941,11940,13001,43642,21028,22614,49875,23954,25921,43638,20988,22650,24933,12047,12886,6234,2957,3277,
31195,24945,11941,13004,43649,21031,22618,49883,23959,25924,43645,20992,22653,24937,12048,12889,6235,2957,3278,
31200,24949,11943,13006,43656,21036,22620,49891,23962,25929,43652,20996,22656,24941,12049,12892,6236,2958,3278,
31205,24953,11946,13007,43663,21039,22624,49899,23968,25931,43659,20999,22660,24945,12051,12894,6237,2959,3278,
31210,24957,11948,13009,43670,21042,22628,49907,23972,25935,43666,21005,22661,24949,12051,12898,6238,2960,3278,
31215,24961,11950,13011,43677,21044,22633,49915,23977,25938,43673,21008,22665,24953,12053,12900,6239,2960,3279,
31220,24965,11952,13013,43684,21048,22636,49923,23979,25944,43680,21010,22670,24957,12054,12903,6240,2960,3280,
31225,24969,11954,13015,43691,21051,22640,49931,23982,25949,43687,21014,22673,24961,12055,12906,6241,2961,3280,
31230,24973,11955,13018,43698,21056,22642,49939,23986,25953,43694,21018,22676,24965,12055,12910,6242,2962,3280,
31235,24977,11957,13020,43705,21058,22647,49947,23990,25957,43701,21021,22680,24969,12055,12914,6243,2963,3280,
31240,24981,11960,13021,43712,21060,22652,49955,23992,25963,43708,21024,22684,24973,12057,12916,6244,2964,3280,
31245,24985,11961,13024,43719,21061,22658,49963,23997,25966,43715,21028,22687,24977,12058,12919,6245,2964,3281,
31250,24989,11963,13026,43726,21064,22662,49971,24001,25970,43722,21031,22691,24981,12060,12921,6246,2964,3282,
31255,24993,11965,13028,43733,21066,22667,49979,24008,25971,43729,21036,22693,24985,12062,12923,6247,2965,3282,
31260,24997,11968,13029,43740,21068,22672,49987,24014,25973,43736,21040,22696,24989,12064,12925,6248,2965,3283,
31265,25001,11969,13032,43747,21071,22676,49995,24016,25979,43743,21046,22697,24993,12066,12927,6249,2966,3283,
31270,25005,11972,13033,43754,21074,22680,50003,24022,25981,43750,21048,22702,24997,12070,12927,6250,2967,3283,
31275,25009,11975,13034,43761,21076,22685,50011,24027,25984,43757,21052,22705,25001,12073,12928,6251,2967,3284,
31280,25013,11977,13036,43768,21081,22687,50019,24030,25989,43764,21054,22710,25005,12075,12930,6252,2968,3284,
31285,25017,11979,13038,43775,21084,22691,50027,24032,25995,43771,21058,22713,25009,12077,12932,6253,2968,3285,
31290,25021,11979,13042,43782,21089,22693,50035,24038,25997,43778,21061,22717,25013,12079,12934,6254,2969,3285,
31295,25025,11981,13044,43789,21092,22697,50043,24043,26000,43785,21063,22722,25017,12081,12936,6255,2969,3286,
31300,25029,11983,13046,43796,21098,22698,50051,24047,26004,43792,21066,22726,25021,12083,12938,6256,2970,3286,
31305,25033,11985,13048,43803,21099,22704,50059,24051,26008,43799,21069,22730,25025,12084,12941,6257,2970,3287,
31310,25037,11985,13052,43810,21102,22708,50067,24056,26011,43806,21072,22734,25029,12085,12944,6258,2970,3288,
31315,25041,11986,13055,43817,21106,22711,50075,24061,26014,43813,21072,22741,25033,12086,12947,6259,2970,3289,
31320,25045,11986,13059,43824,21111,22713,50083,24064,26019,43820,21075,22745,25037,12088,12949,6260,2971,3289,
31325,25049,11987,13062,43831,21114,22717,50091,24071,26020,43827,21078,22749,25041,12091,12950,6261,2972,3289,
31330,25053,11989,13064,43838,21119,22719,50099,24075,26024,43834,21082,22752,25045,12092,12953,6262,2973,3289,
31335,25057,11993,13064,43845,21121,22724,50107,24077,26030,43841,21084,22757,25049,12094,12955,6263,2974,3289,
31340,25061,11994,13067,43852,21123,22729,50115,24081,26034,43848,21089,22759,25053,12094,12959,6264,2974,3290,
31345,25065,11995,13070,43859,21125,22734,50123,24083,26040,43855,21092,22763,25057,12095,12962,6265,2974,3291,
31350,25069,11998,13071,43866,21128,22738,50131,24089,26042,43862,21095,22767,25061,12097,12964,6266,2974,3292,
31355,25073,12001,13072,43873,21132,22741,50139,24092,26047,43869,21097,22772,25065,12099,12966,6267,2974,3293,
31360,25077,12002,13075,43880,21137,22743,50147,24096,26051,43876,21101,22775,25069,12101,12968,6268,2975,3293,
31365,25081,12002,13079,43887,21141,22746,50155,24101,26054,43883,21107,22776,25073,12105,12968,6269,2975,3294,
31370,25085,12005,13080,43894,21143,22751,50163,24104,26059,43890,21109,22781,25077,12105,12972,6270,2976,3294,
31375,25089,12007,13082,43901,21147,22754,50171,24108,26063,43897,21110,22787,25081,12107,12974,6271,2976,3295,
31380,25093,12007,13086,43908,21150,22758,50179,24112,26067,43904,21116,22788,25085,12110,12975,6272,2976,3296,
31385,25097,12010,13087,43915,21153,22762,50187,24118,26069,43911,21119,22792,25089,12110,12979,6273,2977,3296,
31390,25101,12013,13088,43922,21158,22764,50195,24124,26071,43918,21121,22797,25093,12113,12980,6274,2978,3296,
31395,25105,12016,13089,43929,21161,22768,50203,24127,26076,43925,21125,22800,25097,12114,12983,6275,2978,3297,
31400,25109,12018,13091,43936,21163,22773,50211,24129,26082,43932,21127,22805,25101,12115,12986,6276,2978,3298,
31405,25113,12020,13093,43943,21167,22776,50219,24132,26087,43939,21130,22809,25105,12118,12987,6277,2979,3298,
31410,25117,12023,13094,43950,21171,22779,50227,24135,26092,43946,21136,22810,25109,12120,12989,6278,2979,3299,
31415,25121,12025,13096,43957,21173,22784,50235,24138,26097,43953,21140,22813,25113,12123,12990,6279,2979,3300,
31420,25125,12028,13097,43964,21176,22788,50243,24142,26101,43960,21140,22820,25117,12124,12993,6280,2980,3300,
31425,25129,12030,13099,43971,21180,22791,50251,24148,26103,43967,21143,22824,25121,12126,12995,6281,2980,3301,
31430,25133,12034,13099,43978,21183,22795,50259,24152,26107,43974,21147,22827,25125,12128,12997,6282,2981,3301,
31435,25137,12035,13102,43985,21187,22798,50267,24156,26111,43981,21152,22829,25129,12130,12999,6283,2982,3301,
31440,25141,12036,13105,43992,21190,22802,50275,24161,26114,43988,21157,22831,25133,12130,13003,6284,2982,3302,
31445,25145,12040,13105,43999,21193,22806,50283,24162,26121,43995,21159,22836,25137,12131,13006,6285,2982,3303,
31450,25149,12042,13107,44006,21197,22809,50291,24165,26126,44002,21164,22838,25141,12131,13010,6286,2982,3304,
31455,25153,12044,13109,44013,21199,22814,50299,24169,26130,44009,21169,22840,25145,12132,13013,6287,2982,3305,
31460,25157,12044,13113,44020,21200,22820,50307,24173,26134,44016,21170,22846,25149,12133,13016,6288,2982,3306,
31465,25161,12045,13116,44027,21203,22824,50315,24177,26138,44023,21172,22851,25153,12134,13019,6289,2982,3307,
31470,25165,12047,13118,44034,21205,22829,50323,24179,26144,44030,21174,22856,25157,12137,13020,6290,2982,3308,
31475,25169,12047,13122,44041,21207,22834,50331,24183,26148,44037,21177,22860,25161,12140,13021,6291,2983,3308,
31480,25173,12048,13125,44048,21210,22838,50339,24187,26152,44044,21179,22865,25165,12142,13023,6292,2983,3309,
31485,25177,12050,13127,44055,21212,22843,50347,24191,26156,44051,21181,22870,25169,12143,13026,6293,2984,3309,
31490,25181,12050,13131,44062,21215,22847,50355,24195,26160,44058,21185,22873,25173,12145,13028,6294,2984,3310,
31495,25185,12051,13134,44069,21219,22850,50363,24200,26163,44065,21188,22877,25177,12146,13031,6295,2984,3311,
31500,25189,12052,13137,44076,21220,22856,50371,24201,26170,44072,21193,22879,25181,12149,13032,6296,2984,3312,
31505,25193,12052,13141,44083,21225,22858,50379,24207,26172,44079,21197,22882,25185,12152,13033,6297,2984,3313,
31510,25197,12053,13144,44090,21228,22862,50387,24208,26179,44086,21201,22885,25189,12154,13035,6298,2985,3313,
31515,25201,12054,13147,44097,21231,22866,50395,24214,26181,44093,21205,22888,25193,12157,13036,6299,2986,3313,
31520,25205,12057,13148,44104,21234,22870,50403,24218,26185,44100,21207,22893,25197,12159,13038,6300,2986,3314,
31525,25209,12058,13151,44111,21238,22873,50411,24222,26189,44107,21211,22896,25201,12160,13041,6301,2987,3314,
31530,25213,12060,13153,44118,21241,22877,50419,24228,26191,44114,21214,22900,25205,12162,13043,6302,2987,3315,
31535,25217,12061,13156,44125,21245,22880,50427,24230,26197,44121,21219,22902,25209,12163,13046,6303,2987,3316,
31540,25221,12063,13158,44132,21249,22883,50435,24234,26201,44128,21221,22907,25213,12163,13050,6304,2988,3316,
31545,25225,12064,13161,44139,21251,22888,50443,24238,26205,44135,21226,22909,25217,12165,13052,6305,2988,3317,
31550,25229,12066,13163,44146,21257,22889,50451,24242,26209,44142,21229,22913,25221,12167,13054,6306,2988,3318,
31555,25233,12066,13167,44153,21261,22892,50459,24249,26210,44149,21232,22917,25225,12171,13054,6307,2988,3319,
31560,25237,12068,13169,44160,21266,22894,50467,24254,26213,44156,21236,22920,25229,12173,13056,6308,2989,3319,
31565,25241,12070,13171,44167,21268,22899,50475,24256,26219,44163,21239,22924,25233,12176,13057,6309,2989,3320,
31570,25245,12071,13174,44174,21272,22902,50483,24258,26225,44170,21243,22927,25237,12177,13060,6310,2989,3321,
31575,25249,12073,13176,44181,21273,22908,50491,24262,26229,44177,21247,22930,25241,12178,13063,6311,2989,3322,
31580,25253,12075,13178,44188,21276,22912,50499,24265,26234,44184,21252,22932,25245,12180,13065,6312,2990,3322,
31585,25257,12076,13181,44195,21281,22914,50507,24271,26236,44191,21254,22937,25249,12183,13066,6313,2990,3323,
31590,25261,12077,13184,44202,21287,22915,50515,24272,26243,44198,21256,22942,25253,12185,13068,6314,2991,3323,
31595,25265,12079,13186,44209,21291,22918,50523,24274,26249,44205,21259,22946,25257,12187,13070,6315,2991,3324,
31600,25269,12082,13187,44216,21295,22921,50531,24279,26252,44212,21263,22949,25261,12189,13072,6316,2991,3325,
31605,25273,12083,13190,44223,21299,22924,50539,24283,26256,44219,21266,22953,25265,12190,13075,6317,2992,3325,
31610,25277,12085,13192,44230,21303,22927,50547,24287,26260,44226,21269,22957,25269,12191,13078,6318,2993,3325,
31615,25281,12089,13192,44237,21308,22929,50555,24292,26263,44233,21275,22958,25273,12193,13080,6319,2994,3325,
31620,25285,12091,13194,44244,21311,22933,50563,24298,26265,44240,21276,22964,25277,12195,13082,6320,2995,3325,
31625,25289,12092,13197,44251,21316,22935,50571,24303,26268,44247,21279,22968,25281,12196,13085,6321,2995,3326,
31630,25293,12095,13198,44258,21318,22940,50579,24310,26269,44254,21282,22972,25285,12197,13088,6322,2995,3327,
31635,25297,12099,13198,44265,21322,22943,50587,24316,26271,44261,21287,22974,25289,12199,13090,6323,2995,3328,
31640,25301,12100,13201,44272,21323,22949,50595,24321,26274,44268,21291,22977,25293,12200,13093,6324,2995,3329,
31645,25305,12101,13204,44279,21326,22953,50603,24325,26278,44275,21295,22980,25297,12201,13096,6325,2995,3330,
31650,25309,12102,13207,44286,21329,22957,50611,24328,26283,44282,21299,22983,25301,12204,13097,6326,2995,3331,
31655,25313,12103,13210,44293,21331,22962,50619,24332,26287,44289,21301,22988,25305,12205,13100,6327,2996,3331,
31660,25317,12107,13210,44300,21334,22966,50627,24337,26290,44296,21306,22990,25309,12206,13103,6328,2997,3331,
31665,25321,12110,13211,44307,21337,22970,50635,24343,26292,44303,21309,22994,25313,12208,13105,6329,2997,3332,
31670,25325,12111,13214,44314,21340,22974,50643,24346,26297,44310,21311,22999,25317,12211,13106,6330,2997,3333,
31675,25329,12113,13216,44321,21343,22978,50651,24348,26303,44317,21314,23003,25321,12214,13107,6331,2997,3334,
31680,25333,12115,13218,44328,21348,22980,50659,24351,26308,44324,21320,23004,25325,12217,13108,6332,2998,3334,
31685,25337,12117,13220,44335,21348,22987,50667,24357,26310,44331,21324,23007,25329,12220,13109,6333,2998,3335,
31690,25341,12119,13222,44342,21355,22987,50675,24362,26313,44338,21327,23011,25333,12221,13112,6334,2998,3336,
31695,25345,12120,13225,44349,21358,22991,50683,24367,26316,44345,21329,23016,25337,12223,13114,6335,2999,3336,
31700,25349,12122,13227,44356,21362,22994,50691,24372,26319,44352,21330,23022,25341,12224,13117,6336,2999,3337,
31705,25353,12123,13230,44363,21367,22996,50699,24375,26324,44359,21333,23026,25345,12227,13118,6337,3000,3337,
31710,25357,12126,13231,44370,21370,23000,50707,24378,26329,44366,21337,23029,25349,12229,13120,6338,3000,3338,
31715,25361,12128,13233,44377,21374,23003,50715,24382,26333,44373,21340,23033,25353,12231,13122,6339,3000,3339,
31720,25365,12128,13237,44384,21379,23005,50723,24384,26339,44380,21342,23038,25357,12232,13125,6340,3001,3339,
31725,25369,12129,13240,44391,21381,23010,50731,24389,26342,44387,21343,23044,25361,12234,13127,6341,3001,3340,
31730,25373,12129,13244,44398,21384,23014,50739,24391,26348,44394,21344,23050,25365,12235,13130,6342,3001,3341,
31735,25377,12130,13247,44405,21386,23019,50747,24393,26354,44401,21347,23054,25369,12238,13131,6343,3002,3341,
31740,25381,12132,13249,44412,21387,23025,50755,24396,26359,44408,21351,23057,25373,12240,13133,6344,3003,3341,
31745,25385,12133,13252,44419,21390,23029,50763,24400,26363,44415,21355,23060,25377,12241,13136,6345,3004,3341,
31750,25389,12135,13254,44426,21393,23033,50771,24403,26368,44422,21359,23063,25381,12242,13139,6346,3004,3342,
31755,25393,12138,13255,44433,21397,23036,50779,24405,26374,44429,21363,23066,25385,12243,13142,6347,3005,3342,
31760,25397,12141,13256,44440,21402,23038,50787,24411,26376,44436,21366,23070,25389,12244,13145,6348,3006,3342,
31765,25401,12144,13257,44447,21408,23039,50795,24413,26382,44443,21369,23074,25393,12247,13146,6349,3006,3343,
31770,25405,12146,13259,44454,21410,23044,50803,24418,26385,44450,21371,23079,25397,12248,13149,6350,3007,3343,
31775,25409,12147,13262,44461,21414,23047,50811,24422,26389,44457,21372,23085,25401,12248,13153,6351,3007,3344,
31780,25413,12149,13264,44468,21418,23050,50819,24427,26392,44464,21373,23091,25405,12249,13156,6352,3008,3344,
31785,25417,12150,13267,44475,21421,23054,50827,24431,26396,44471,21375,23096,25409,12251,13158,6353,3008,3345,
31790,25421,12153,13268,44482,21425,23057,50835,24433,26402,44478,21376,23102,25413,12252,13161,6354,3008,3346,
31795,25425,12157,13268,44489,21428,23061,50843,24438,26405,44485,21380,23105,25417,12253,13164,6355,3009,3346,
31800,25429,12158,13271,44496,21430,23066,50851,24444,26407,44492,21384,23108,25421,12255,13166,6356,3010,3346,
31805,25433,12160,13273,44503,21435,23068,50859,24446,26413,44499,21386,23113,25425,12256,13169,6357,3011,3346,
31810,25437,12162,13275,44510,21439,23071,50867,24450,26417,44506,21388,23118,25429,12258,13171,6358,3011,3347,
31815,25441,12165,13276,44517,21442,23075,50875,24452,26423,44513,21390,23123,25433,12258,13175,6359,3012,3347,
31820,25445,12167,13278,44524,21446,23078,50883,24454,26429,44520,21394,23126,25437,12261,13176,6360,3013,3347,
31825,25449,12169,13280,44531,21450,23081,50891,24458,26433,44527,21398,23129,25441,12264,13177,6361,3013,3348,
31830,25453,12173,13280,44538,21451,23087,50899,24464,26435,44534,21402,23132,25445,12265,13180,6362,3013,3349,
31835,25457,12174,13283,44545,21456,23089,50907,24466,26441,44541,21404,23137,25449,12267,13182,6363,3013,3350,
31840,25461,12175,13286,44552,21457,23095,50915,24469,26446,44548,21407,23141,25453,12269,13184,6364,3013,3351,
31845,25465,12176,13289,44559,21461,23098,50923,24473,26450,44555,21410,23145,25457,12271,13186,6365,3013,3352,
31850,25469,12178,13291,44566,21465,23101,50931,24477,26454,44562,21414,23148,25461,12272,13189,6366,3014,3352,
31855,25473,12180,13293,44573,21468,23105,50939,24481,26458,44569,21418,23151,25465,12274,13191,6367,3014,3353,
31860,25477,12181,13296,44580,21471,23109,50947,24483,26464,44576,21420,23156,25469,12276,13193,6368,3014,3354,
31865,25481,12184,13297,44587,21473,23114,50955,24488,26467,44583,21422,23161,25473,12279,13194,6369,3014,3355,
31870,25485,12187,13298,44594,21478,23116,50963,24494,26469,44590,21425,23165,25477,12280,13197,6370,3015,3355,
31875,25489,12189,13300,44601,21479,23122,50971,24498,26473,44597,21428,23169,25481,12284,13197,6371,3016,3355,
31880,25493,12189,13304,44608,21481,23127,50979,24500,26479,44604,21432,23172,25485,12287,13198,6372,3017,3355,
31885,25497,12191,13306,44615,21483,23132,50987,24506,26481,44611,21434,23177,25489,12288,13201,6373,3018,3355,
31890,25501,12193,13308,44622,21485,23137,50995,24511,26484,44618,21437,23181,25493,12291,13202,6374,3019,3355,
31895,25505,12196,13309,44629,21487,23142,51003,24514,26489,44625,21442,23183,25497,12294,13203,6375,3019,3356,
31900,25509,12197,13312,44636,21490,23146,51011,24520,26491,44632,21448,23184,25501,12297,13204,6376,3019,3357,
31905,25513,12200,13313,44643,21495,23148,51019,24526,26493,44639,21452,23187,25505,12298,13207,6377,3019,3358,
31910,25517,12202,13315,44650,21497,23153,51027,24532,26495,44646,21458,23188,25509,12301,13208,6378,3019,3359,
31915,25521,12205,13316,44657,21500,23157,51035,24538,26497,44653,21462,23191,25513,12301,13212,6379,3019,3360,
31920,25525,12207,13318,44664,21504,23160,51043,24541,26502,44660,21467,23193,25517,12302,13215,6380,3019,3361,
31925,25529,12210,13319,44671,21505,23166,51051,24545,26506,44667,21471,23196,25521,12304,13217,6381,3019,3362,
31930,25533,12213,13320,44678,21510,23168,51059,24549,26510,44674,21474,23200,25525,12304,13221,6382,3019,3363,
31935,25537,12214,13323,44685,21513,23172,51067,24552,26515,44681,21476,23205,25529,12306,13223,6383,3019,3364,
31940,25541,12216,13325,44692,21516,23176,51075,24555,26520,44688,21478,23210,25533,12307,13226,6384,3020,3364,
31945,25545,12218,13327,44699,21522,23177,51083,24559,26524,44695,21481,23214,25537,12310,13227,6385,3021,3364,
31950,25549,12219,13330,44706,21526,23180,51091,24563,26528,44702,21484,23218,25541,12312,13229,6386,3022,3364,
31955,25553,12221,13332,44713,21528,23185,51099,24565,26534,44709,21488,23221,25545,12315,13230,6387,3022,3365,
31960,25557,12222,13335,44720,21533,23187,51107,24569,26538,44716,21491,23225,25549,12317,13232,6388,3022,3366,
31965,25561,12224,13337,44727,21536,23191,51115,24573,26542,44723,21496,23227,25553,12318,13235,6389,3022,3367,
31970,25565,12225,13340,44734,21538,23196,51123,24576,26547,44730,21501,23229,25557,12319,13238,6390,3023,3367,
31975,25569,12228,13341,44741,21540,23201,51131,24583,26548,44737,21503,23234,25561,12321,13240,6391,3024,3367,
31980,25573,12229,13344,44748,21541,23207,51139,24588,26551,44744,21508,23236,25565,12322,13243,6392,3025,3367,
31985,25577,12232,13345,44755,21543,23212,51147,24591,26556,44751,21514,23237,25569,12324,13245,6393,3026,3367,
31990,25581,12234,13347,44762,21547,23215,51155,24594,26561,44758,21517,23241,25573,12327,13246,6394,3027,3367,
31995,25585,12235,13350,44769,21551,23218,51163,24596,26567,44765,21520,23245,25577,12329,13248,6395,3027,3368,
32000,25589,12236,13353,44776,21552,23224,51171,24599,26572,44772,21523,23249,25581,12332,13249,6396,3028,3368,
32005,25593,12238,13355,44783,21555,23228,51179,24603,26576,44779,21527,23252,25585,12333,13252,6397,3029,3368,
32010,25597,12242,13355,44790,21559,23231,51187,24607,26580,44786,21529,23257,25589,12334,13255,6398,3029,3369,
32015,25601,12242,13359,44797,21562,23235,51195,24612,26583,44793,21532,23261,25593,12334,13259,6399,3029,3370,
32020,25605,12243,13362,44804,21566,23238,51203,24617,26586,44800,21537,23263,25597,12335,13262,6400,3030,3370,
32025,25609,12246,13363,44811,21570,23241,51211,24622,26589,44807,21540,23267,25601,12338,13263,6401,3031,3370,
32030,25613,12248,13365,44818,21575,23243,51219,24628,26591,44814,21545,23269,25605,12341,13264,6402,3031,3371,
32035,25617,12249,13368,44825,21579,23246,51227,24632,26595,44821,21547,23274,25609,12342,13267,6403,3031,3372,
32040,25621,12251,13370,44832,21580,23252,51235,24636,26599,44828,21551,23277,25613,12343,13270,6404,3032,3372,
32045,25625,12254,13371,44839,21584,23255,51243,24641,26602,44835,21554,23281,25617,12344,13273,6405,3032,3373,
32050,25629,12257,13372,44846,21585,23261,51251,24644,26607,44842,21557,23285,25621,12346,13275,6406,3032,3374,
32055,25633,12259,13374,44853,21588,23265,51259,24647,26612,44849,21559,23290,25625,12348,13277,6407,3032,3375,
32060,25637,12260,13377,44860,21591,23269,51267,24648,26619,44856,21563,23293,25629,12350,13279,6408,3033,3375,
32065,25641,12260,13381,44867,21593,23274,51275,24653,26622,44863,21567,23296,25633,12353,13280,6409,3033,3376,
32070,25645,12262,13383,44874,21597,23277,51283,24659,26624,44870,21571,23299,25637,12356,13281,6410,3034,3376,
32075,25649,12265,13384,44881,21601,23280,51291,24664,26627,44877,21573,23304,25641,12358,13283,6411,3035,3376,
32080,25653,12268,13385,44888,21601,23287,51299,24666,26633,44884,21576,23308,25645,12362,13283,6412,3036,3376,
32085,25657,12271,13386,44895,21602,23293,51307,24670,26637,44891,21581,23310,25649,12364,13285,6413,3037,3376,
32090,25661,12273,13388,44902,21603,23299,51315,24672,26643,44898,21582,23316,25653,12366,13287,6414,3038,3376,
32095,25665,12276,13389,44909,21607,23302,51323,24674,26649,44905,21584,23321,25657,12368,13289,6415,3038,3377,
32100,25669,12277,13392,44916,21612,23304,51331,24676,26655,44912,21587,23325,25661,12370,13291,6416,3038,3378,
32105,25673,12280,13393,44923,21615,23308,51339,24681,26658,44919,21589,23330,25665,12372,13293,6417,3039,3378,
32110,25677,12282,13395,44930,21618,23312,51347,24682,26665,44926,21593,23333,25669,12374,13295,6418,3040,3378,
32115,25681,12284,13397,44937,21620,23317,51355,24686,26669,44933,21595,23338,25673,12374,13299,6419,3041,3378,
32120,25685,12285,13400,44944,21622,23322,51363,24692,26671,44940,21599,23341,25677,12376,13301,6420,3041,3379,
32125,25689,12287,13402,44951,21627,23324,51371,24695,26676,44947,21606,23341,25681,12378,13303,6421,3041,3380,
32130,25693,12290,13403,44958,21628,23330,51379,24700,26679,44954,21609,23345,25685,12379,13306,6422,3042,3380,
32135,25697,12292,13405,44965,21632,23333,51387,24706,26681,44961,21614,23347,25689,12381,13308,6423,3043,3380,
32140,25701,12293,13408,44972,21635,23337,51395,24712,26683,44968,21618,23350,25693,12385,13308,6424,3043,3381,
32145,25705,12294,13411,44979,21638,23341,51403,24714,26689,44975,21622,23353,25697,12386,13311,6425,3044,3381,
32150,25709,12294,13415,44986,21642,23344,51411,24719,26692,44982,21627,23355,25701,12389,13312,6426,3044,3382,
32155,25713,12294,13419,44993,21647,23346,51419,24723,26696,44989,21631,23358,25705,12391,13314,6427,3044,3383,
32160,25717,12295,13422,45000,21652,23348,51427,24726,26701,44996,21634,23362,25709,12393,13316,6428,3045,3383,
32165,25721,12297,13424,45007,21656,23351,51435,24731,26704,45003,21640,23363,25713,12396,13317,6429,3045,3384,
32170,25725,12300,13425,45014,21658,23356,51443,24734,26709,45010,21642,23368,25717,12398,13319,6430,3046,3384,
32175,25729,12301,13428,45021,21660,23361,51451,24738,26713,45017,21647,23370,25721,12401,13320,6431,3047,3384,
32180,25733,12303,13430,45028,21663,23365,51459,24742,26717,45024,21653,23371,25725,12404,13321,6432,3048,3384,
32185,25737,12306,13431,45035,21668,23367,51467,24747,26720,45031,21657,23374,25729,12406,13323,6433,3048,3385,
32190,25741,12310,13431,45042,21670,23372,51475,24750,26725,45038,21660,23378,25733,12409,13324,6434,3048,3386,
32195,25745,12311,13434,45049,21674,23375,51483,24756,26727,45045,21663,23382,25737,12411,13326,6435,3048,3387,
32200,25749,12312,13437,45056,21678,23378,51491,24758,26733,45052,21666,23386,25741,12413,13328,6436,3048,3388,
32205,25753,12312,13441,45063,21681,23382,51499,24760,26739,45059,21669,23390,25745,12415,13330,6437,3049,3388,
32210,25757,12315,13442,45070,21686,23384,51507,24763,26744,45066,21672,23394,25749,12418,13331,6438,3050,3388,
32215,25761,12318,13443,45077,21689,23388,51515,24768,26747,45073,21674,23399,25753,12420,13333,6439,3051,3388,
32220,25765,12321,13444,45084,21694,23390,51523,24773,26750,45080,21677,23403,25757,12423,13334,6440,3052,3388,
32225,25769,12324,13445,45091,21696,23395,51531,24779,26752,45087,21679,23408,25761,12425,13336,6441,3052,3389,
32230,25773,12327,13446,45098,21701,23397,51539,24785,26754,45094,21680,23414,25765,12427,13338,6442,3052,3390,
32235,25777,12327,13450,45105,21706,23399,51547,24789,26758,45101,21683,23418,25769,12428,13341,6443,3052,3391,
32240,25781,12329,13452,45112,21710,23402,51555,24794,26761,45108,21685,23423,25773,12429,13344,6444,3053,3391,
32245,25785,12330,13455,45119,21712,23407,51563,24797,26766,45115,21689,23426,25777,12431,13346,6445,3053,3392,
32250,25789,12333,13456,45126,21716,23410,51571,24803,26768,45122,21692,23430,25781,12434,13347,6446,3053,3393,
32255,25793,12334,13459,45133,21722,23411,51579,24806,26773,45129,21696,23433,25785,12436,13349,6447,3053,3394,
32260,25797,12337,13460,45140,21725,23415,51587,24814,26773,45136,21700,23436,25789,12436,13353,6448,3053,3395,
32265,25801,12338,13463,45147,21728,23419,51595,24819,26776,45143,21702,23441,25793,12437,13356,6449,3053,3396,
32270,25805,12341,13464,45154,21731,23423,51603,24821,26782,45150,21706,23444,25797,12438,13359,6450,3054,3396,
32275,25809,12344,13465,45161,21732,23429,51611,24826,26785,45157,21709,23448,25801,12440,13361,6451,3055,3396,
32280,25813,12348,13465,45168,21735,23433,51619,24829,26790,45164,21713,23451,25805,12442,13363,6452,3055,3397,
32285,25817,12351,13466,45175,21737,23438,51627,24833,26794,45171,21717,23454,25809,12445,13364,6453,3055,3398,
32290,25821,12353,13468,45182,21741,23441,51635,24839,26796,45178,21719,23459,25813,12446,13367,6454,3055,3399,
32295,25825,12354,13471,45189,21745,23444,51643,24843,26800,45185,21721,23464,25817,12447,13370,6455,3056,3399,
32300,25829,12356,13473,45196,21749,23447,51651,24847,26804,45192,21724,23468,25821,12447,13374,6456,3057,3399,
32305,25833,12358,13475,45203,21753,23450,51659,24852,26807,45199,21728,23471,25825,12448,13377,6457,3058,3399,
32310,25837,12359,13478,45210,21757,23453,51667,24856,26811,45206,21731,23475,25829,12452,13377,6458,3058,3400,
32315,25841,12362,13479,45217,21763,23454,51675,24861,26814,45213,21733,23480,25833,12455,13378,6459,3058,3401,
32320,25845,12362,13483,45224,21767,23457,51683,24863,26820,45220,21735,23485,25837,12456,13381,6460,3059,3401,
32325,25849,12363,13486,45231,21773,23458,51691,24865,26826,45227,21739,23488,25841,12459,13382,6461,3059,3402,
32330,25853,12364,13489,45238,21776,23462,51699,24869,26830,45234,21743,23491,25845,12460,13385,6462,3060,3402,
32335,25857,12364,13493,45245,21782,23463,51707,24871,26836,45241,21745,23496,25849,12462,13387,6463,3060,3403,
32340,25861,12367,13494,45252,21787,23465,51715,24874,26841,45248,21747,23501,25853,12464,13389,6464,3060,3404,
32345,25865,12369,13496,45259,21788,23471,51723,24877,26846,45255,21751,23504,25857,12467,13390,6465,3061,3404,
32350,25869,12370,13499,45266,21789,23477,51731,24879,26852,45262,21757,23505,25861,12469,13392,6466,3061,3405,
32355,25873,12371,13502,45273,21794,23479,51739,24882,26857,45269,21757,23512,25865,12472,13393,6467,3062,3405,
32360,25877,12373,13504,45280,21795,23485,51747,24885,26862,45276,21762,23514,25869,12475,13394,6468,3063,3405,
32365,25881,12375,13506,45287,21797,23490,51755,24887,26868,45283,21766,23517,25873,12475,13398,6469,3064,3405,
32370,25885,12376,13509,45294,21802,23492,51763,24888,26875,45290,21769,23521,25877,12476,13401,6470,3065,3405,
32375,25889,12378,13511,45301,21807,23494,51771,24890,26881,45297,21775,23522,25881,12479,13402,6471,3066,3405,
32380,25893,12378,13515,45308,21812,23496,51779,24897,26882,45304,21777,23527,25885,12481,13404,6472,3066,3406,
32385,25897,12380,13517,45315,21816,23499,51787,24902,26885,45311,21780,23531,25889,12481,13408,6473,3066,3407,
32390,25901,12381,13520,45322,21819,23503,51795,24906,26889,45318,21783,23535,25893,12484,13409,6474,3067,3407,
32395,25905,12381,13524,45329,21823,23506,51803,24909,26894,45325,21787,23538,25897,12484,13413,6475,3068,3407,
32400,25909,12384,13525,45336,21825,23511,51811,24914,26897,45332,21789,23543,25901,12487,13414,6476,3068,3408,
32405,25913,12386,13527,45343,21829,23514,51819,24920,26899,45339,21792,23547,25905,12489,13416,6477,3068,3409,
32410,25917,12388,13529,45350,21833,23517,51827,24923,26904,45346,21796,23550,25909,12491,13418,6478,3069,3409,
32415,25921,12390,13531,45357,21836,23521,51835,24926,26909,45353,21800,23553,25913,12494,13419,6479,3069,3410,
32420,25925,12392,13533,45364,21838,23526,51843,24929,26914,45360,21803,23557,25917,12495,13422,6480,3070,3410,
32425,25929,12394,13535,45371,21844,23527,51851,24935,26916,45367,21808,23559,25921,12498,13423,6481,3071,3410,
32430,25933,12396,13537,45378,21847,23531,51859,24938,26921,45374,21813,23561,25925,12501,13424,6482,3072,3410,
32435,25937,12397,13540,45385,21848,23537,51867,24941,26926,45381,21816,23565,25929,12503,13426,6483,3073,3410,
32440,25941,12398,13543,45392,21852,23540,51875,24948,26927,45388,21818,23570,25933,12505,13428,6484,3073,3411,
32445,25945,12401,13544,45399,21856,23543,51883,24953,26930,45395,21821,23574,25937,12508,13429,6485,3074,3411,
32450,25949,12403,13546,45406,21858,23548,51891,24958,26933,45402,21825,23577,25941,12511,13430,6486,3075,3411,
32455,25953,12406,13547,45413,21860,23553,51899,24965,26934,45409,21830,23579,25945,12513,13432,6487,3075,3412,
32460,25957,12408,13549,45420,21863,23557,51907,24969,26938,45416,21833,23583,25949,12516,13433,6488,3076,3412,
32465,25961,12410,13551,45427,21868,23559,51915,24975,26940,45423,21838,23585,25953,12519,13434,6489,3077,3412,
32470,25965,12412,13553,45434,21872,23562,51923,24980,26943,45430,21841,23589,25957,12521,13436,6490,3078,3412,
32475,25969,12414,13555,45441,21875,23566,51931,24986,26945,45437,21847,23590,25961,12523,13438,6491,3078,3413,
32480,25973,12416,13557,45448,21880,23568,51939,24990,26949,45444,21853,23591,25965,12523,13442,6492,3079,3413,
32485,25977,12418,13559,45455,21885,23570,51947,24993,26954,45451,21858,23593,25969,12524,13445,6493,3080,3413,
32490,25981,12420,13561,45462,21888,23574,51955,24998,26957,45458,21860,23598,25973,12527,13446,6494,3080,3414,
32495,25985,12423,13562,45469,21890,23579,51963,25005,26958,45465,21862,23603,25977,12528,13449,6495,3081,3414,
32500,25989,12424,13565,45476,21890,23586,51971,25009,26962,45472,21867,23605,25981,12528,13453,6496,3081,3415,
32505,25993,12427,13566,45483,21892,23591,51979,25013,26966,45479,21869,23610,25985,12529,13456,6497,3082,3415,
32510,25997,12430,13567,45490,21896,23594,51987,25018,26969,45486,21872,23614,25989,12532,13457,6498,3083,3415,
32515,26001,12433,13568,45497,21899,23598,51995,25024,26971,45493,21872,23621,25993,12533,13460,6499,3083,3416,
32520,26005,12436,13569,45504,21903,23601,52003,25028,26975,45500,21878,23622,25997,12536,13461,6500,3083,3417,
32525,26009,12440,13569,45511,21907,23604,52011,25033,26978,45507,21882,23625,26001,12538,13463,6501,3083,3418,
32530,26013,12444,13569,45518,21911,23607,52019,25037,26982,45514,21886,23628,26005,12540,13465,6502,3084,3418,
32535,26017,12446,13571,45525,21917,23608,52027,25039,26988,45521,21890,23631,26009,12543,13466,6503,3085,3418,
32540,26021,12448,13573,45532,21920,23612,52035,25043,26992,45528,21893,23635,26013,12544,13469,6504,3085,3419,
32545,26025,12450,13575,45539,21925,23614,52043,25047,26996,45535,21897,23638,26017,12545,13472,6505,3086,3419,
32550,26029,12451,13578,45546,21928,23618,52051,25052,26999,45542,21898,23644,26021,12549,13472,6506,3087,3419,
32555,26033,12453,13580,45553,21929,23624,52059,25056,27003,45549,21901,23648,26025,12551,13474,6507,3087,3420,
32560,26037,12455,13582,45560,21935,23625,52067,25058,27009,45556,21903,23653,26029,12553,13476,6508,3088,3420,
32565,26041,12458,13583,45567,21938,23629,52075,25061,27014,45563,21906,23657,26033,12556,13477,6509,3089,3420,
32570,26045,12460,13585,45574,21940,23634,52083,25067,27016,45570,21909,23661,26037,12559,13478,6510,3089,3421,
32575,26049,12462,13587,45581,21945,23636,52091,25069,27022,45577,21914,23663,26041,12561,13480,6511,3090,3421,
32580,26053,12464,13589,45588,21948,23640,52099,25073,27026,45584,21917,23667,26045,12562,13483,6512,3091,3421,
32585,26057,12466,13591,45595,21952,23643,52107,25076,27031,45591,21920,23671,26049,12562,13487,6513,3091,3422,
32590,26061,12468,13593,45602,21957,23645,52115,25078,27037,45598,21925,23673,26053,12564,13489,6514,3092,3422,
32595,26065,12470,13595,45609,21959,23650,52123,25082,27041,45605,21929,23676,26057,12566,13491,6515,3092,3423,
32600,26069,12472,13597,45616,21962,23654,52131,25086,27045,45612,21933,23679,26061,12567,13494,6516,3093,3423,
32605,26073,12474,13599,45623,21966,23657,52139,25091,27048,45619,21938,23681,26065,12568,13497,6517,3093,3424,
32610,26077,12475,13602,45630,21970,23660,52147,25095,27052,45626,21940,23686,26069,12571,13498,6518,3094,3424,
32615,26081,12477,13604,45637,21972,23665,52155,25098,27057,45633,21945,23688,26073,12572,13501,6519,3094,3425,
32620,26085,12478,13607,45644,21975,23669,52163,25102,27061,45640,21949,23691,26077,12572,13505,6520,3094,3426,
32625,26089,12479,13610,45651,21978,23673,52171,25106,27065,45647,21954,23693,26081,12575,13506,6521,3095,3426,
32630,26093,12480,13613,45658,21983,23675,52179,25111,27068,45654,21957,23697,26085,12578,13507,6522,3095,3427,
32635,26097,12481,13616,45665,21987,23678,52187,25113,27074,45661,21958,23703,26089,12581,13508,6523,3095,3428,
32640,26101,12483,13618,45672,21991,23681,52195,25119,27076,45668,21961,23707,26093,12582,13511,6524,3096,3428,
32645,26105,12485,13620,45679,21994,23685,52203,25123,27080,45675,21965,23710,26097,12585,13512,6525,3096,3429,
32650,26109,12487,13622,45686,21996,23690,52211,25126,27085,45682,21966,23716,26101,12586,13515,6526,3097,3429,
32655,26113,12488,13625,45693,22000,23693,52219,25130,27089,45689,21968,23721,26105,12588,13517,6527,3098,3429,
32660,26117,12489,13628,45700,22004,23696,52227,25134,27093,45696,21973,23723,26109,12588,13521,6528,3098,3430,
32665,26121,12493,13628,45707,22008,23699,52235,25137,27098,45703,21977,23726,26113,12590,13523,6529,3099,3430,
32670,26125,12494,13631,45714,22010,23704,52243,25139,27104,45710,21982,23728,26117,12591,13526,6530,3100,3430,
32675,26129,12495,13634,45721,22012,23709,52251,25141,27110,45717,21985,23732,26121,12593,13528,6531,3101,3430,
32680,26133,12499,13634,45728,22018,23710,52259,25146,27113,45724,21989,23735,26125,12594,13531,6532,3102,3430,
32685,26137,12501,13636,45735,22020,23715,52267,25148,27119,45731,21993,23738,26129,12595,13534,6533,3102,3431,
32690,26141,12504,13637,45742,22021,23721,52275,25152,27123,45738,21997,23741,26133,12598,13535,6534,3103,3431,
32695,26145,12506,13639,45749,22026,23723,52283,25157,27126,45745,22003,23742,26137,12602,13535,6535,3103,3432,
32700,26149,12507,13642,45756,22029,23727,52291,25161,27130,45752,22007,23745,26141,12605,13536,6536,3104,3432,
32705,26153,12509,13644,45763,22033,23730,52299,25164,27135,45759,22012,23747,26145,12608,13537,6537,3105,3432,
32710,26157,12510,13647,45770,22035,23735,52307,25169,27138,45766,22019,23747,26149,12611,13538,6538,3106,3432,
32715,26161,12512,13649,45777,22039,23738,52315,25171,27144,45773,22021,23752,26153,12612,13541,6539,3107,3432,
32720,26165,12514,13651,45784,22041,23743,52323,25172,27151,45780,22026,23754,26157,12613,13544,6540,3107,3433,
32725,26169,12516,13653,45791,22043,23748,52331,25175,27156,45787,22031,23756,26161,12616,13545,6541,3108,3433,
32730,26173,12519,13654,45798,22048,23750,52339,25178,27161,45794,22034,23760,26165,12618,13547,6542,3109,3433,
32735,26177,12519,13658,45805,22052,23753,52347,25182,27165,45801,22038,23763,26169,12620,13549,6543,3109,3434,
32740,26181,12520,13661,45812,22055,23757,52355,25187,27168,45808,22041,23767,26173,12623,13550,6544,3110,3434,
32745,26185,12524,13661,45819,22058,23761,52363,25190,27173,45815,22044,23771,26177,12625,13552,6545,3111,3434,
32750,26189,12525,13664,45826,22063,23763,52371,25194,27177,45822,22047,23775,26181,12627,13554,6546,3111,3435,
32755,26193,12525,13668,45833,22069,23764,52379,25198,27181,45829,22052,23777,26185,12630,13555,6547,3111,3436,
32760,26197,12529,13668,45840,22071,23769,52387,25202,27185,45836,22058,23778,26189,12633,13556,6548,3111,3437,
32765,26201,12531,13670,45847,22076,23771,52395,25206,27189,45843,22061,23782,26193,12634,13559,6549,3111,3438,
32770,26205,12533,13672,45854,22080,23774,52403,25209,27194,45850,22064,23786,26197,12637,13560,6550,3111,3439,
32775,26209,12534,13675,45861,22082,23779,52411,25212,27199,45857,22066,23791,26201,12638,13563,6551,3112,3439,
32780,26213,12537,13676,45868,22085,23783,52419,25214,27205,45864,22067,23797,26205,12640,13565,6552,3112,3440,
32785,26217,12539,13678,45875,22087,23788,52427,25218,27209,45871,22071,23800,26209,12641,13568,6553,3112,3441,
32790,26221,12541,13680,45882,22090,23792,52435,25221,27214,45878,22077,23801,26213,12642,13571,6554,3113,3441,
32795,26225,12543,13682,45889,22092,23797,52443,25224,27219,45885,22082,23803,26217,12645,13572,6555,3114,3441,
32800,26229,12546,13683,45896,22095,23801,52451,25230,27221,45892,22084,23808,26221,12646,13575,6556,3115,3441,
32805,26233,12548,13685,45903,22099,23804,52459,25233,27226,45899,22087,23812,26225,12649,13576,6557,3116,3441,
32810,26237,12550,13687,45910,22100,23810,52467,25237,27230,45906,22088,23818,26229,12651,13578,6558,3117,3441,
32815,26241,12552,13689,45917,22104,23813,52475,25239,27236,45913,22093,23820,26233,12653,13580,6559,3117,3442,
32820,26245,12554,13691,45924,22106,23818,52483,25243,27240,45920,22095,23825,26237,12657,13580,6560,3118,3442,
32825,26249,12555,13694,45931,22109,23822,52491,25244,27247,45927,22098,23829,26241,12658,13583,6561,3119,3442,
32830,26253,12557,13696,45938,22110,23828,52499,25250,27249,45934,22099,23835,26245,12661,13584,6562,3119,3443,
32835,26257,12558,13699,45945,22114,23831,52507,25256,27251,45941,22102,23839,26249,12663,13586,6563,3119,3444,
32840,26261,12559,13702,45952,22119,23833,52515,25260,27255,45948,22106,23842,26253,12665,13588,6564,3120,3444,
32845,26265,12560,13705,45959,22122,23837,52523,25263,27260,45955,22108,23847,26257,12666,13591,6565,3120,3445,
32850,26269,12562,13707,45966,22126,23840,52531,25267,27264,45962,22111,23851,26261,12667,13594,6566,3120,3446,
32855,26273,12563,13710,45973,22131,23842,52539,25271,27268,45969,22115,23854,26265,12671,13594,6567,3120,3447,
32860,26277,12564,13713,45980,22134,23846,52547,25274,27273,45976,22118,23858,26269,12672,13597,6568,3120,3448,
32865,26281,12566,13715,45987,22139,23848,52555,25280,27275,45983,22123,23860,26273,12674,13599,6569,3120,3449,
32870,26285,12569,13716,45994,22141,23853,52563,25286,27277,45990,22127,23863,26277,12677,13600,6570,3121,3449,
32875,26289,12571,13718,46001,22144,23857,52571,25289,27282,45997,22133,23864,26281,12678,13603,6571,3122,3449,
32880,26293,12571,13722,46008,22151,23857,52579,25293,27286,46004,22136,23868,26285,12679,13606,6572,3122,3450,
32885,26297,12572,13725,46015,22154,23861,52587,25296,27291,46011,22139,23872,26289,12681,13608,6573,3122,3451,
32890,26301,12573,13728,46022,22157,23865,52595,25300,27295,46018,22142,23876,26293,12683,13610,6574,3123,3451,
32895,26305,12576,13729,46029,22160,23869,52603,25303,27300,46025,22146,23879,26297,12685,13612,6575,3123,3452,
32900,26309,12580,13729,46036,22164,23872,52611,25307,27304,46032,22151,23881,26301,12686,13615,6576,3123,3453,
32905,26313,12581,13732,46043,22165,23878,52619,25309,27310,46039,22157,23882,26305,12688,13617,6577,3123,3454,
32910,26317,12583,13734,46050,22168,23882,52627,25312,27315,46046,22161,23885,26309,12690,13619,6578,3123,3455,
32915,26321,12583,13738,46057,22170,23887,52635,25316,27319,46053,22166,23887,26313,12691,13622,6579,3123,3456,
32920,26325,12585,13740,46064,22174,23890,52643,25319,27324,46060,22170,23890,26317,12692,13625,6580,3123,3457,
32925,26329,12586,13743,46071,22177,23894,52651,25323,27328,46067,22173,23894,26321,12693,13628,6581,3124,3457,
32930,26333,12587,13746,46078,22177,23901,52659,25326,27333,46074,22177,23897,26325,12695,13630,6582,3124,3458,
32935,26337,12590,13747,46085,22181,23904,52667,25331,27336,46081,22182,23899,26329,12696,13633,6583,3125,3458,
32940,26341,12592,13749,46092,22185,23907,52675,25338,27337,46088,22188,23900,26333,12698,13635,6584,3125,3459,
32945,26345,12596,13749,46099,22187,23912,52683,25344,27339,46095,22191,23904,26337,12700,13637,6585,3125,3460,
32950,26349,12596,13753,46106,22190,23916,52691,25350,27341,46102,22197,23905,26341,12703,13638,6586,3125,3461,
32955,26353,12598,13755,46113,22196,23917,52699,25355,27344,46109,22201,23908,26345,12705,13640,6587,3125,3462,
32960,26357,12600,13757,46120,22199,23921,52707,25361,27346,46116,22206,23910,26349,12707,13642,6588,3125,3463,
32965,26361,12602,13759,46127,22202,23925,52715,25366,27349,46123,22207,23916,26353,12710,13643,6589,3126,3463,
32970,26365,12604,13761,46134,22206,23928,52723,25368,27355,46130,22211,23919,26357,12713,13644,6590,3126,3464,
32975,26369,12605,13764,46141,22209,23932,52731,25372,27359,46137,22214,23923,26361,12715,13646,6591,3127,3464,
32980,26373,12606,13767,46148,22213,23935,52739,25375,27364,46144,22217,23927,26365,12717,13648,6592,3128,3464,
32985,26377,12608,13769,46155,22216,23939,52747,25379,27368,46151,22219,23932,26369,12720,13649,6593,3129,3464,
32990,26381,12609,13772,46162,22220,23942,52755,25386,27369,46158,22223,23935,26373,12723,13650,6594,3129,3465,
32995,26385,12611,13774,46169,22223,23946,52763,25390,27373,46165,22226,23939,26377,12725,13652,6595,3130,3465,
33000,26389,12613,13776,46176,22225,23951,52771,25397,27374,46172,22229,23943,26381,12727,13654,6596,3130,3466,
33005,26393,12615,13778,46183,22229,23954,52779,25399,27380,46179,22233,23946,26385,12729,13656,6597,3130,3467,
33010,26397,12617,13780,46190,22230,23960,52787,25401,27386,46186,22236,23950,26389,12732,13657,6598,3131,3467,
33015,26401,12619,13782,46197,22235,23962,52795,25403,27392,46193,22239,23954,26393,12735,13658,6599,3132,3467,
33020,26405,12619,13786,46204,22238,23966,52803,25405,27398,46200,22243,23957,26397,12737,13660,6600,3132,3468,
33025,26409,12622,13787,46211,22240,23971,52811,25410,27401,46207,22245,23962,26401,12739,13662,6601,3133,3468,
33030,26413,12622,13791,46218,22241,23977,52819,25412,27407,46214,22247,23967,26405,12742,13663,6602,3133,3469,
33035,26417,12624,13793,46225,22243,23982,52827,25416,27411,46221,22252,23969,26409,12744,13665,6603,3133,3470,
33040,26421,12626,13795,46232,22246,23986,52835,25419,27416,46228,22257,23971,26413,12745,13668,6604,3134,3470,
33045,26425,12628,13797,46239,22250,23989,52843,25423,27420,46235,22258,23977,26417,12747,13670,6605,3135,3470,
33050,26429,12629,13800,46246,22255,23991,52851,25426,27425,46242,22261,23981,26421,12750,13671,6606,3135,3471,
33055,26433,12632,13801,46253,22260,23993,52859,25432,27427,46249,22264,23985,26425,12753,13672,6607,3135,3472,
33060,26437,12634,13803,46260,22263,23997,52867,25439,27428,46256,22268,23988,26429,12754,13675,6608,3136,3472,
33065,26441,12638,13803,46267,22267,24000,52875,25440,27435,46263,22271,23992,26433,12756,13677,6609,3137,3472,
33070,26445,12642,13803,46274,22270,24004,52883,25442,27441,46270,22273,23997,26437,12758,13679,6610,3137,3473,
33075,26449,12644,13805,46281,22274,24007,52891,25445,27446,46277,22277,24000,26441,12760,13681,6611,3137,3474,
33080,26453,12645,13808,46288,22276,24012,52899,25450,27449,46284,22280,24004,26445,12762,13683,6612,3138,3474,
33085,26457,12647,13810,46295,22277,24018,52907,25457,27450,46291,22284,24007,26449,12763,13686,6613,3139,3474,
33090,26461,12647,13814,46302,22282,24020,52915,25460,27455,46298,22290,24008,26453,12766,13687,6614,3140,3474,
33095,26465,12649,13816,46309,22285,24024,52923,25464,27459,46305,22294,24011,26457,12768,13689,6615,3141,3474,
33100,26469,12651,13818,46316,22289,24027,52931,25466,27465,46312,22298,24014,26461,12769,13692,6616,3142,3474,
33105,26473,12652,13821,46323,22292,24031,52939,25471,27468,46319,22300,24019,26465,12771,13694,6617,3142,3475,
33110,26477,12653,13824,46330,22296,24034,52947,25475,27472,46326,22301,24025,26469,12774,13695,6618,3143,3475,
33115,26481,12655,13826,46337,22299,24038,52955,25479,27476,46333,22303,24030,26473,12774,13699,6619,3144,3475,
33120,26485,12656,13829,46344,22301,24043,52963,25482,27481,46340,22308,24032,26477,12776,13701,6620,3144,3476,
33125,26489,12658,13831,46351,22306,24045,52971,25488,27483,46347,22312,24035,26481,12779,13702,6621,3144,3477,
33130,26493,12660,13833,46358,22310,24048,52979,25493,27486,46354,22315,24039,26485,12780,13705,6622,3144,3478,
33135,26497,12661,13836,46365,22313,24052,52987,25495,27492,46361,22320,24041,26489,12781,13708,6623,3145,3478,
33140,26501,12663,13838,46372,22317,24055,52995,25499,27496,46368,22323,24045,26493,12784,13709,6624,3146,3478,
33145,26505,12665,13840,46379,22320,24059,53003,25503,27500,46375,22325,24050,26497,12786,13711,6625,3147,3478,
33150,26509,12667,13842,46386,22322,24064,53011,25510,27501,46382,22328,24054,26501,12787,13714,6626,3148,3478,
33155,26513,12670,13843,46393,22325,24068,53019,25512,27507,46389,22330,24059,26505,12787,13718,6627,3148,3479,
33160,26517,12671,13846,46400,22328,24072,53027,25515,27512,46396,22332,24064,26509,12790,13719,6628,3149,3479,
33165,26521,12674,13847,46407,22332,24075,53035,25520,27515,46403,22335,24068,26513,12792,13721,6629,3150,3479,
33170,26525,12676,13849,46414,22335,24079,53043,25528,27515,46410,22341,24069,26517,12794,13723,6630,3151,3479,
33175,26529,12678,13851,46421,22336,24085,53051,25532,27519,46417,22346,24071,26521,12795,13726,6631,3152,3479,
33180,26533,12680,13853,46428,22339,24089,53059,25536,27523,46424,22349,24075,26525,12798,13727,6632,3153,3479,
33185,26537,12682,13855,46435,22342,24093,53067,25540,27527,46431,22352,24079,26529,12801,13728,6633,3154,3479,
33190,26541,12685,13856,46442,22347,24095,53075,25543,27532,46438,22356,24082,26533,12802,13731,6634,3155,3479,
33195,26545,12689,13856,46449,22353,24096,53083,25546,27537,46445,22358,24087,26537,12805,13732,6635,3155,3480,
33200,26549,12692,13857,46456,22356,24100,53091,25548,27543,46452,22364,24088,26541,12807,13734,6636,3156,3480,
33205,26553,12693,13860,46463,22361,24102,53099,25551,27548,46459,22368,24091,26545,12809,13736,6637,3156,3481,
33210,26557,12694,13863,46470,22362,24108,53107,25553,27554,46466,22373,24093,26549,12810,13739,6638,3157,3481,
33215,26561,12696,13865,46477,22367,24110,53115,25558,27557,46473,22376,24097,26553,12811,13742,6639,3158,3481,
33220,26565,12697,13868,46484,22371,24113,53123,25564,27559,46480,22378,24102,26557,12813,13744,6640,3158,3482,
33225,26569,12699,13870,46491,22375,24116,53131,25566,27565,46487,22382,24105,26561,12815,13746,6641,3159,3482,
33230,26573,12701,13872,46498,22379,24119,53139,25572,27567,46494,22388,24106,26565,12818,13747,6642,3160,3482,
33235,26577,12701,13876,46505,22381,24124,53147,25577,27570,46501,22391,24110,26569,12819,13750,6643,3161,3482,
33240,26581,12702,13879,46512,22383,24129,53155,25582,27573,46508,22395,24113,26573,12821,13752,6644,3161,3483,
33245,26585,12704,13881,46519,22386,24133,53163,25586,27577,46515,22397,24118,26577,12823,13754,6645,3161,3484,
33250,26589,12706,13883,46526,22389,24137,53171,25590,27581,46522,22400,24122,26581,12826,13755,6646,3162,3484,
33255,26593,12707,13886,46533,22393,24140,53179,25594,27585,46529,22403,24126,26585,12829,13756,6647,3162,3485,
33260,26597,12709,13888,46540,22397,24143,53187,25596,27591,46536,22406,24130,26589,12832,13757,6648,3162,3486,
33265,26601,12712,13889,46547,22399,24148,53195,25600,27595,46543,22407,24136,26593,12835,13758,6649,3163,3486,
33270,26605,12716,13889,46554,22401,24153,53203,25606,27597,46550,22412,24138,26597,12838,13759,6650,3163,3487,
33275,26609,12716,13893,46561,22404,24157,53211,25609,27602,46557,22415,24142,26601,12840,13761,6651,3163,3488,
33280,26613,12718,13895,46568,22406,24162,53219,25614,27605,46564,22420,24144,26605,12841,13764,6652,3163,3489,
33285,26617,12721,13896,46575,22409,24166,53227,25619,27608,46571,22423,24148,26609,12843,13766,6653,3163,3490,
33290,26621,12723,13898,46582,22410,24172,53235,25622,27613,46578,22427,24151,26613,12845,13768,6654,3163,3491,
33295,26625,12726,13899,46589,22411,24178,53243,25625,27618,46585,22432,24153,26617,12847,13770,6655,3163,3492,
33300,26629,12727,13902,46596,22414,24182,53251,25628,27623,46592,22436,24156,26621,12847,13774,6656,3164,3492,
33305,26633,12728,13905,46603,22419,24184,53259,25632,27627,46599,22440,24159,26625,12849,13776,6657,3165,3492,
33310,26637,12730,13907,46610,22421,24189,53267,25636,27631,46606,22446,24160,26629,12850,13779,6658,3165,3493,
33315,26641,12733,13908,46617,22422,24195,53275,25641,27634,46613,22451,24162,26633,12851,13782,6659,3165,3494,
33320,26645,12734,13911,46624,22424,24200,53283,25647,27636,46620,22454,24166,26637,12854,13783,6660,3166,3494,
33325,26649,12735,13914,46631,22428,24203,53291,25649,27642,46627,22456,24171,26641,12858,13783,6661,3167,3494,
33330,26653,12738,13915,46638,22432,24206,53299,25652,27647,46634,22460,24174,26645,12859,13786,6662,3167,3495,
33335,26657,12739,13918,46645,22436,24209,53307,25657,27650,46641,22464,24177,26649,12861,13788,6663,3167,3496,
33340,26661,12742,13919,46652,22440,24212,53315,25661,27654,46648,22469,24179,26653,12861,13792,6664,3167,3497,
33345,26665,12744,13921,46659,22444,24215,53323,25663,27660,46655,22473,24182,26657,12863,13794,6665,3168,3497,
33350,26669,12745,13924,46666,22448,24218,53331,25669,27662,46662,22476,24186,26661,12866,13795,6666,3168,3498,
33355,26673,12747,13926,46673,22450,24223,53339,25671,27668,46669,22479,24190,26665,12869,13796,6667,3169,3498,
33360,26677,12748,13929,46680,22454,24226,53347,25675,27672,46676,22483,24193,26669,12873,13796,6668,3170,3498,
33365,26681,12750,13931,46687,22456,24231,53355,25678,27677,46683,22487,24196,26673,12873,13800,6669,3170,3499,
33370,26685,12751,13934,46694,22458,24236,53363,25682,27681,46690,22492,24198,26677,12874,13803,6670,3170,3500,
33375,26689,12754,13935,46701,22460,24241,53371,25685,27686,46697,22498,24199,26681,12875,13806,6671,3170,3501,
33380,26693,12756,13937,46708,22464,24244,53379,25689,27690,46704,22500,24204,26685,12876,13809,6672,3171,3501,
33385,26697,12757,13940,46715,22467,24248,53387,25693,27694,46711,22505,24206,26689,12879,13810,6673,3172,3501,
33390,26701,12759,13942,46722,22470,24252,53395,25698,27697,46718,22506,24212,26693,12881,13812,6674,3172,3502,
33395,26705,12761,13944,46729,22474,24255,53403,25704,27699,46725,22509,24216,26697,12881,13816,6675,3172,3503,
33400,26709,12762,13947,46736,22476,24260,53411,25710,27701,46732,22514,24218,26701,12884,13817,6676,3173,3503,
33405,26713,12763,13950,46743,22478,24265,53419,25716,27703,46739,22517,24222,26705,12885,13820,6677,3173,3504,
33410,26717,12765,13952,46750,22480,24270,53427,25719,27708,46746,22519,24227,26709,12888,13821,6678,3173,3505,
33415,26721,12768,13953,46757,22485,24272,53435,25723,27712,46753,22523,24230,26713,12891,13822,6679,3173,3506,
33420,26725,12772,13953,46764,22490,24274,53443,25728,27715,46760,22527,24233,26717,12893,13824,6680,3173,3507,
33425,26729,12772,13957,46771,22494,24277,53451,25731,27720,46767,22531,24236,26721,12894,13827,6681,3174,3507,
33430,26733,12774,13959,46778,22500,24278,53459,25736,27723,46774,22535,24239,26725,12895,13830,6682,3174,3508,
33435,26737,12778,13959,46785,22505,24280,53467,25740,27727,46781,22537,24244,26729,12897,13832,6683,3174,3509,
33440,26741,12782,13959,46792,22507,24285,53475,25744,27731,46788,22538,24250,26733,12900,13833,6684,3175,3509,
33445,26745,12785,13960,46799,22508,24291,53483,25748,27735,46795,22540,24255,26737,12902,13835,6685,3175,3510,
33450,26749,12786,13963,46806,22514,24292,53491,25750,27741,46802,22545,24257,26741,12904,13837,6686,3175,3511,
33455,26753,12788,13965,46813,22519,24294,53499,25754,27745,46809,22549,24260,26745,12906,13839,6687,3175,3512,
33460,26757,12790,13967,46820,22524,24296,53507,25759,27748,46816,22551,24265,26749,12909,13840,6688,3176,3512,
33465,26761,12793,13968,46827,22527,24300,53515,25766,27749,46823,22553,24270,26753,12910,13843,6689,3176,3513,
33470,26765,12794,13971,46834,22530,24304,53523,25769,27754,46830,22557,24273,26757,12910,13847,6690,3177,3513,
33475,26769,12795,13974,46841,22531,24310,53531,25773,27758,46837,22561,24276,26761,12911,13850,6691,3177,3514,
33480,26773,12797,13976,46848,22536,24312,53539,25778,27761,46844,22565,24279,26765,12914,13851,6692,3178,3514,
33485,26777,12799,13978,46855,22539,24316,53547,25781,27766,46851,22572,24279,26769,12917,13852,6693,3178,3515,
33490,26781,12801,13980,46862,22543,24319,53555,25784,27771,46858,22577,24281,26773,12919,13854,6694,3178,3516,
33495,26785,12802,13983,46869,22548,24321,53563,25789,27774,46865,22579,24286,26777,12922,13855,6695,3178,3517,
33500,26789,12803,13986,46876,22551,24325,53571,25795,27776,46872,22581,24291,26781,12922,13859,6696,3178,3518,
33505,26793,12805,13988,46883,22552,24331,53579,25801,27778,46879,22582,24297,26785,12923,13862,6697,3178,3519,
33510,26797,12808,13989,46890,22557,24333,53587,25804,27783,46886,22584,24302,26789,12923,13866,6698,3179,3519,
33515,26801,12810,13991,46897,22560,24337,53595,25807,27788,46893,22587,24306,26793,12925,13868,6699,3179,3520,
33520,26805,12811,13994,46904,22564,24340,53603,25813,27790,46900,22591,24309,26797,12927,13870,6700,3179,3521,
33525,26809,12813,13996,46911,22569,24342,53611,25815,27796,46907,22595,24312,26801,12930,13871,6701,3180,3521,
33530,26813,12814,13999,46918,22571,24347,53619,25818,27801,46914,22599,24315,26805,12931,13874,6702,3180,3522,
33535,26817,12816,14001,46925,22572,24353,53627,25824,27803,46921,22602,24319,26809,12933,13876,6703,3181,3522,
33540,26821,12818,14003,46932,22577,24355,53635,25826,27809,46928,22607,24321,26813,12935,13878,6704,3181,3523,
33545,26825,12821,14004,46939,22581,24358,53643,25827,27816,46935,22613,24322,26817,12936,13881,6705,3182,3523,
33550,26829,12823,14006,46946,22587,24359,53651,25831,27820,46942,22614,24328,26821,12937,13884,6706,3183,3523,
33555,26833,12826,14007,46953,22591,24362,53659,25834,27825,46949,22619,24330,26825,12939,13886,6707,3184,3523,
33560,26837,12828,14009,46960,22596,24364,53667,25840,27827,46956,22623,24333,26829,12941,13888,6708,3185,3523,
33565,26841,12828,14013,46967,22601,24366,53675,25843,27832,46963,22626,24337,26833,12944,13889,6709,3186,3523,
33570,26845,12830,14015,46974,22604,24370,53683,25846,27837,46970,22627,24343,26837,12944,13893,6710,3186,3524,
33575,26849,12832,14017,46981,22609,24372,53691,25851,27840,46977,22629,24348,26841,12946,13895,6711,3186,3525,
33580,26853,12836,14017,46988,22614,24374,53699,25852,27847,46984,22635,24349,26845,12947,13898,6712,3187,3525,
33585,26857,12838,14019,46995,22620,24375,53707,25856,27851,46991,22638,24353,26849,12949,13900,6713,3188,3525,
33590,26861,12840,14021,47002,22621,24381,53715,25861,27854,46998,22641,24357,26853,12950,13903,6714,3189,3525,
33595,26865,12842,14023,47009,22624,24385,53723,25863,27860,47005,22647,24358,26857,12951,13906,6715,3189,3526,
33600,26869,12845,14024,47016,22627,24389,53731,25866,27865,47012,22649,24363,26861,12953,13908,6716,3190,3526,
33605,26873,12847,14026,47023,22632,24391,53739,25869,27870,47019,22652,24367,26865,12954,13911,6717,3191,3526,
33610,26877,12848,14029,47030,22636,24394,53747,25870,27877,47026,22656,24370,26869,12956,13913,6718,3191,3527,
33615,26881,12850,14031,47037,22641,24396,53755,25874,27881,47033,22659,24374,26873,12958,13915,6719,3191,3528,
33620,26885,12853,14032,47044,22646,24398,53763,25879,27884,47040,22660,24380,26877,12959,13918,6720,3191,3529,
33625,26889,12854,14035,47051,22648,24403,53771,25883,27888,47047,22663,24384,26881,12962,13919,6721,3192,3529,
33630,26893,12854,14039,47058,22652,24406,53779,25887,27892,47054,22666,24388,26885,12963,13922,6722,3193,3529,
33635,26897,12855,14042,47065,22658,24407,53787,25894,27893,47061,22666,24395,26889,12965,13924,6723,3193,3530,
33640,26901,12858,14043,47072,22661,24411,53795,25897,27898,47068,22670,24398,26893,12966,13927,6724,3194,3530,
33645,26905,12858,14047,47079,22663,24416,53803,25904,27899,47075,22675,24400,26897,12967,13930,6725,3195,3530,
33650,26909,12859,14050,47086,22669,24417,53811,25909,27902,47082,22677,24405,26901,12967,13934,6726,3196,3530,
33655,26913,12860,14053,47093,22673,24420,53819,25911,27908,47089,22680,24409,26905,12969,13936,6727,3197,3530,
33660,26917,12863,14054,47100,22674,24426,53827,25915,27912,47096,22683,24413,26909,12972,13937,6728,3197,3531,
33665,26921,12866,14055,47107,22679,24428,53835,25920,27915,47103,22686,24417,26913,12973,13940,6729,3197,3532,
33670,26925,12868,14057,47114,22684,24430,53843,25924,27919,47110,22689,24421,26917,12976,13941,6730,3197,3533,
33675,26929,12869,14060,47121,22687,24434,53851,25927,27924,47117,22695,24422,26921,12978,13943,6731,3197,3534,
33680,26933,12871,14062,47128,22691,24437,53859,25929,27930,47124,22697,24427,26925,12981,13944,6732,3198,3534,
33685,26937,12874,14063,47135,22695,24440,53867,25935,27932,47131,22699,24432,26929,12981,13948,6733,3198,3535,
33690,26941,12876,14065,47142,22699,24443,53875,25942,27933,47138,22704,24434,26933,12983,13950,6734,3199,3535,
33695,26945,12878,14067,47149,22703,24446,53883,25945,27938,47145,22710,24435,26937,12984,13953,6735,3199,3536,
33700,26949,12880,14069,47156,22707,24449,53891,25949,27942,47152,22714,24438,26941,12986,13955,6736,3200,3536,
33705,26953,12881,14072,47163,22713,24450,53899,25953,27946,47159,22717,24442,26945,12989,13956,6737,3200,3537,
33710,26957,12883,14074,47170,22719,24451,53907,25956,27951,47166,22722,24444,26949,12989,13960,6738,3200,3538,
33715,26961,12885,14076,47177,22721,24456,53915,25960,27955,47173,22724,24449,26953,12992,13961,6739,3201,3538,
33720,26965,12887,14078,47184,22724,24460,53923,25965,27958,47180,22727,24453,26957,12995,13962,6740,3202,3538,
33725,26969,12889,14080,47191,22726,24465,53931,25969,27962,47187,22730,24457,26961,12996,13965,6741,3202,3539,
33730,26973,12890,14083,47198,22731,24467,53939,25972,27967,47194,22733,24461,26965,12998,13967,6742,3202,3540,
33735,26977,12892,14085,47205,22735,24470,53947,25978,27969,47201,22736,24465,26969,13000,13969,6743,3203,3540,
33740,26981,12894,14087,47212,22739,24473,53955,25980,27975,47208,22741,24467,26973,13002,13971,6744,3204,3540,
33745,26985,12898,14087,47219,22741,24478,53963,25984,27979,47215,22744,24471,26977,13005,13972,6745,3205,3540,
33750,26989,12900,14089,47226,22744,24482,53971,25988,27983,47222,22747,24475,26981,13007,13974,6746,3206,3540,
33755,26993,12901,14092,47233,22746,24487,53979,25993,27986,47229,22752,24477,26985,13009,13976,6747,3207,3540,
33760,26997,12904,14093,47240,22747,24493,53987,25995,27992,47236,22755,24481,26989,13012,13977,6748,3207,3541,
33765,27001,12905,14096,47247,22749,24498,53995,25999,27996,47243,22760,24483,26993,13014,13979,6749,3207,3542,
33770,27005,12905,14100,47254,22753,24501,54003,26003,28000,47250,22766,24484,26997,13014,13983,6750,3207,3543,
33775,27009,12907,14102,47261,22756,24505,54011,26009,28002,47257,22771,24486,27001,13016,13985,6751,3208,3543,
33780,27013,12910,14103,47268,22759,24509,54019,26011,28008,47264,22773,24491,27005,13020,13985,6752,3208,3544,
33785,27017,12911,14106,47275,22764,24511,54027,26016,28011,47271,22776,24495,27009,13022,13987,6753,3209,3544,
33790,27021,12912,14109,47282,22769,24513,54035,26019,28016,47278,22780,24498,27013,13024,13989,6754,3210,3544,
33795,27025,12914,14111,47289,22773,24516,54043,26024,28019,47285,22782,24503,27017,13025,13992,6755,3210,3545,
33800,27029,12917,14112,47296,22775,24521,54051,26029,28022,47292,22784,24508,27021,13026,13995,6756,3210,3546,
33805,27033,12918,14115,47303,22780,24523,54059,26035,28024,47299,22789,24510,27025,13030,13995,6757,3210,3547,
33810,27037,12919,14118,47310,22785,24525,54067,26039,28028,47306,22792,24514,27029,13032,13997,6758,3210,3548,
33815,27041,12921,14120,47317,22789,24528,54075,26043,28032,47313,22794,24519,27033,13035,13998,6759,3211,3548,
33820,27045,12923,14122,47324,22791,24533,54083,26046,28037,47320,22799,24521,27037,13038,13999,6760,3211,3549,
33825,27049,12926,14123,47331,22796,24535,54091,26052,28039,47327,22803,24524,27041,13039,14002,6761,3211,3550,
33830,27053,12927,14126,47338,22798,24540,54099,26055,28044,47334,22805,24529,27045,13043,14002,6762,3212,3550,
33835,27057,12928,14129,47345,22800,24545,54107,26057,28050,47341,22809,24532,27049,13044,14005,6763,3212,3551,
33840,27061,12931,14130,47352,22804,24548,54115,26060,28055,47348,22811,24537,27053,13044,14009,6764,3212,3552,
33845,27065,12934,14131,47359,22807,24552,54123,26064,28059,47355,22816,24539,27057,13047,14010,6765,3212,3553,
33850,27069,12937,14132,47366,22810,24556,54131,26067,28064,47362,22817,24545,27061,13048,14013,6766,3213,3553,
33855,27073,12939,14134,47373,22813,24560,54139,26069,28070,47369,22821,24548,27065,13051,14014,6767,3213,3554,
33860,27077,12940,14137,47380,22816,24564,54147,26073,28074,47376,22827,24549,27069,13052,14017,6768,3213,3555,
33865,27081,12943,14138,47387,22819,24568,54155,26080,28075,47383,22832,24551,27073,13054,14019,6769,3214,3555,
33870,27085,12945,14140,47394,22822,24572,54163,26086,28077,47390,22836,24554,27077,13057,14020,6770,3214,3556,
33875,27089,12947,14142,47401,22825,24576,54171,26089,28082,47397,22838,24559,27081,13058,14023,6771,3214,3557,
33880,27093,12949,14144,47408,22828,24580,54179,26091,28088,47404,22841,24563,27085,13059,14026,6772,3215,3557,
33885,27097,12951,14146,47415,22834,24581,54187,26094,28093,47411,22845,24566,27089,13061,14028,6773,3216,3557,
33890,27101,12954,14147,47422,22838,24584,54195,26096,28099,47418,22849,24569,27093,13064,14029,6774,3216,3558,
33895,27105,12954,14151,47429,22841,24588,54203,26099,28104,47425,22853,24572,27097,13066,14031,6775,3217,3558,
33900,27109,12956,14153,47436,22844,24592,54211,26102,28109,47432,22858,24574,27101,13068,14033,6776,3217,3559,
33905,27113,12958,14155,47443,22848,24595,54219,26109,28110,47439,22862,24577,27105,13071,14034,6777,3218,3559,
33910,27117,12961,14156,47450,22852,24598,54227,26116,28111,47446,22865,24581,27109,13073,14036,6778,3219,3559,
33915,27121,12964,14157,47457,22856,24601,54235,26120,28115,47453,22867,24586,27113,13075,14038,6779,3220,3559,
33920,27125,12967,14158,47464,22861,24603,54243,26124,28119,47460,22872,24588,27117,13079,14038,6780,3221,3559,
33925,27129,12969,14160,47471,22863,24608,54251,26128,28123,47467,22877,24590,27121,13081,14040,6781,3222,3559,
33930,27133,12972,14161,47478,22867,24611,54259,26133,28126,47474,22880,24594,27125,13083,14042,6782,3223,3559,
33935,27137,12975,14162,47485,22870,24615,54267,26135,28132,47481,22883,24598,27129,13084,14045,6783,3224,3559,
33940,27141,12976,14165,47492,22875,24617,54275,26139,28136,47488,22889,24599,27133,13085,14048,6784,3224,3560,
33945,27145,12978,14167,47499,22879,24620,54283,26141,28142,47495,22894,24601,27137,13087,14050,6785,3225,3560,
33950,27149,12979,14170,47506,22883,24623,54291,26145,28146,47502,22897,24605,27141,13089,14052,6786,3226,3560,
33955,27153,12982,14171,47513,22886,24627,54299,26150,28149,47509,22899,24610,27145,13089,14056,6787,3226,3561,
33960,27157,12983,14174,47520,22890,24630,54307,26154,28153,47516,22902,24614,27149,13092,14057,6788,3227,3561,
33965,27161,12984,14177,47527,22895,24632,54315,26158,28157,47523,22905,24618,27153,13092,14061,6789,3228,3561,
33970,27165,12985,14180,47534,22899,24635,54323,26160,28163,47530,22906,24624,27157,13095,14062,6790,3228,3562,
33975,27169,12988,14181,47541,22902,24639,54331,26163,28168,47537,22911,24626,27161,13098,14063,6791,3228,3563,
33980,27173,12990,14183,47548,22903,24645,54339,26168,28171,47544,22914,24630,27165,13099,14066,6792,3229,3563,
33985,27177,12993,14184,47555,22906,24649,54347,26172,28175,47551,22916,24635,27169,13102,14067,6793,3229,3564,
33990,27181,12995,14186,47562,22909,24653,54355,26175,28180,47558,22920,24638,27173,13104,14069,6794,3229,3565,
33995,27185,12997,14188,47569,22912,24657,54363,26177,28186,47565,22925,24640,27177,13105,14072,6795,3230,3565,
34000,27189,12998,14191,47576,22916,24660,54371,26182,28189,47572,22931,24641,27181,13105,14076,6796,3231,3565,
34005,27193,13000,14193,47583,22919,24664,54379,26186,28193,47579,22932,24647,27185,13106,14079,6797,3232,3565,
34010,27197,13002,14195,47590,22923,24667,54387,26190,28197,47586,22936,24650,27189,13109,14080,6798,3232,3566,
34015,27201,13004,14197,47597,22928,24669,54395,26193,28202,47593,22939,24654,27193,13110,14083,6799,3233,3566,
34020,27205,13006,14199,47604,22933,24671,54403,26198,28205,47600,22941,24659,27197,13114,14083,6800,3234,3566,
34025,27209,13008,14201,47611,22934,24677,54411,26205,28206,47607,22947,24660,27201,13117,14084,6801,3234,3567,
34030,27213,13009,14204,47618,22937,24681,54419,26208,28211,47614,22950,24664,27205,13118,14087,6802,3234,3568,
34035,27217,13010,14207,47625,22940,24685,54427,26211,28216,47621,22955,24666,27209,13121,14088,6803,3234,3569,
34040,27221,13011,14210,47632,22945,24687,54435,26215,28220,47628,22958,24670,27213,13122,14091,6804,3235,3569,
34045,27225,13012,14213,47639,22950,24689,54443,26221,28222,47635,22961,24674,27217,13125,14092,6805,3236,3569,
34050,27229,13014,14215,47646,22954,24692,54451,26226,28225,47642,22964,24678,27221,13125,14096,6806,3236,3570,
34055,27233,13018,14215,47653,22958,24695,54459,26229,28230,47649,22967,24682,27225,13127,14098,6807,3236,3571,
34060,27237,13019,14218,47660,22960,24700,54467,26230,28237,47656,22970,24686,27229,13129,14100,6808,3236,3572,
34065,27241,13021,14220,47667,22963,24704,54475,26233,28242,47663,22973,24690,27233,13130,14103,6809,3236,3573,
34070,27245,13024,14221,47674,22966,24708,54483,26237,28246,47670,22977,24693,27237,13132,14105,6810,3236,3574,
34075,27249,13026,14223,47681,22968,24713,54491,26243,28248,47677,22980,24697,27241,13135,14106,6811,3236,3575,
34080,27253,13030,14223,47688,22973,24715,54499,26247,28252,47684,22985,24699,27245,13137,14108,6812,3236,3576,
34085,27257,13034,14223,47695,22976,24719,54507,26251,28256,47691,22989,24702,27249,13139,14110,6813,3236,3577,
34090,27261,13036,14225,47702,22980,24722,54515,26256,28259,47698,22992,24706,27253,13140,14113,6814,3236,3578,
34095,27265,13038,14227,47709,22984,24725,54523,26259,28264,47705,22997,24708,27257,13141,14116,6815,3236,3579,
34100,27269,13041,14228,47716,22986,24730,54531,26263,28268,47712,23000,24712,27261,13141,14120,6816,3237,3579,
34105,27273,13044,14229,47723,22990,24733,54539,26266,28273,47719,23005,24714,27265,13142,14123,6817,3237,3580,
34110,27277,13045,14232,47730,22993,24737,54547,26268,28279,47726,23007,24719,27269,13144,14125,6818,3237,3581,
34115,27281,13048,14233,47737,22995,24742,54555,26274,28281,47733,23010,24723,27273,13146,14127,6819,3237,3582,
34120,27285,13050,14235,47744,22998,24746,54563,26277,28286,47740,23013,24727,27277,13149,14128,6820,3237,3583,
34125,27289,13051,14238,47751,23001,24750,54571,26280,28291,47747,23016,24731,27281,13149,14132,6821,3238,3583,
34130,27293,13053,14240,47758,23003,24755,54579,26285,28294,47754,23021,24733,27285,13152,14133,6822,3238,3584,
34135,27297,13056,14241,47765,23005,24760,54587,26289,28298,47761,23023,24738,27289,13152,14137,6823,3238,3585,
34140,27301,13057,14244,47772,23011,24761,54595,26293,28302,47768,23028,24740,27293,13154,14139,6824,3238,3586,
34145,27305,13061,14244,47779,23015,24764,54603,26297,28306,47775,23030,24745,27297,13156,14141,6825,3238,3587,
34150,27309,13064,14245,47786,23018,24768,54611,26302,28309,47782,23032,24750,27301,13159,14142,6826,3238,3588,
34155,27313,13066,14247,47793,23019,24774,54619,26305,28314,47789,23036,24753,27305,13160,14145,6827,3238,3589,
34160,27317,13070,14247,47800,23025,24775,54627,26306,28321,47796,23038,24758,27309,13162,14147,6828,3238,3590,
34165,27321,13072,14249,47807,23026,24781,54635,26310,28325,47803,23040,24763,27313,13165,14148,6829,3239,3590,
34170,27325,13075,14250,47814,23030,24784,54643,26313,28330,47810,23041,24769,27317,13165,14152,6830,3239,3591,
34175,27329,13078,14251,47821,23035,24786,54651,26319,28332,47817,23043,24774,27321,13166,14155,6831,3239,3592,
34180,27333,13080,14253,47828,23036,24792,54659,26321,28338,47824,23048,24776,27325,13167,14158,6832,3240,3592,
34185,27337,13081,14256,47835,23037,24798,54667,26327,28340,47831,23050,24781,27329,13169,14160,6833,3241,3592,
34190,27341,13081,14260,47842,23041,24801,54675,26329,28346,47838,23054,24784,27333,13170,14163,6834,3241,3593,
34195,27345,13084,14261,47849,23047,24802,54683,26332,28351,47845,23055,24790,27337,13172,14165,6835,3241,3594,
34200,27349,13084,14265,47856,23051,24805,54691,26336,28355,47852,23057,24795,27341,13173,14168,6836,3241,3595,
34205,27353,13087,14266,47863,23054,24809,54699,26340,28359,47859,23060,24799,27345,13174,14171,6837,3241,3596,
34210,27357,13089,14268,47870,23056,24814,54707,26342,28365,47866,23062,24804,27349,13177,14172,6838,3241,3597,
34215,27361,13090,14271,47877,23061,24816,54715,26345,28370,47873,23066,24807,27353,13179,14174,6839,3242,3597,
34220,27365,13092,14273,47884,23064,24820,54723,26349,28374,47880,23070,24810,27357,13180,14177,6840,3243,3597,
34225,27369,13094,14275,47891,23067,24824,54731,26354,28377,47887,23070,24817,27361,13181,14180,6841,3243,3598,
34230,27373,13096,14277,47898,23070,24828,54739,26359,28380,47894,23073,24821,27365,13182,14183,6842,3244,3598,
34235,27377,13097,14280,47905,23073,24832,54747,26362,28385,47901,23076,24825,27369,13185,14184,6843,3245,3598,
34240,27381,13099,14282,47912,23077,24835,54755,26369,28386,47908,23078,24830,27373,13186,14187,6844,3245,3599,
34245,27385,13100,14285,47919,23078,24841,54763,26373,28390,47915,23080,24835,27377,13188,14189,6845,3245,3600,
34250,27389,13102,14287,47926,23082,24844,54771,26376,28395,47922,23082,24840,27381,13190,14191,6846,3245,3601,
34255,27393,13102,14291,47933,23085,24848,54779,26380,28399,47929,23088,24841,27385,13191,14194,6847,3246,3601,
34260,27397,13103,14294,47940,23087,24853,54787,26384,28403,47936,23091,24845,27389,13194,14195,6848,3247,3601,
34265,27401,13107,14294,47947,23088,24859,54795,26389,28406,47943,23093,24850,27393,13195,14198,6849,3248,3601,
34270,27405,13109,14296,47954,23093,24861,54803,26394,28409,47950,23097,24853,27397,13197,14200,6850,3248,3602,
34275,27409,13109,14300,47961,23096,24865,54811,26398,28413,47957,23103,24854,27401,13200,14201,6851,3248,3603,
34280,27413,13111,14302,47968,23101,24867,54819,26402,28417,47964,23107,24857,27405,13204,14201,6852,3248,3604,
34285,27417,13112,14305,47975,23103,24872,54827,26405,28422,47971,23111,24860,27409,13206,14203,6853,3249,3604,
34290,27421,13113,14308,47982,23107,24875,54835,26408,28427,47978,23115,24863,27413,13208,14205,6854,3250,3604,
34295,27425,13115,14310,47989,23113,24876,54843,26412,28431,47985,23120,24865,27417,13211,14206,6855,3250,3605,
34300,27429,13117,14312,47996,23116,24880,54851,26414,28437,47992,23126,24866,27421,13214,14207,6856,3251,3605,
34305,27433,13120,14313,48003,23121,24882,54859,26417,28442,47999,23128,24871,27425,13217,14208,6857,3251,3606,
34310,27437,13121,14316,48010,23125,24885,54867,26420,28447,48006,23132,24874,27429,13220,14209,6858,3251,3607,
34315,27441,13122,14319,48017,23128,24889,54875,26422,28453,48013,23135,24878,27433,13223,14210,6859,3252,3607,
34320,27445,13123,14322,48024,23130,24894,54883,26426,28457,48020,23140,24880,27437,13224,14213,6860,3252,3608,
34325,27449,13125,14324,48031,23132,24899,54891,26430,28461,48027,23144,24883,27441,13227,14214,6861,3253,3608,
34330,27453,13126,14327,48038,23136,24902,54899,26435,28464,48034,23146,24888,27445,13228,14217,6862,3254,3608,
34335,27457,13128,14329,48045,23141,24904,54907,26441,28466,48041,23150,24891,27449,13230,14219,6863,3255,3608,
34340,27461,13130,14331,48052,23143,24909,54915,26445,28470,48048,23153,24895,27453,13233,14220,6864,3255,3609,
34345,27465,13132,14333,48059,23149,24910,54923,26449,28474,48055,23156,24899,27457,13235,14222,6865,3255,3610,
34350,27469,13133,14336,48066,23151,24915,54931,26453,28478,48062,23159,24903,27461,13236,14225,6866,3256,3610,
34355,27473,13134,14339,48073,23151,24922,54939,26456,28483,48069,23162,24907,27465,13239,14226,6867,3256,3611,
34360,27477,13135,14342,48080,23155,24925,54947,26461,28486,48076,23166,24910,27469,13240,14229,6868,3257,3611,
34365,27481,13136,14345,48087,23158,24929,54955,26463,28492,48083,23172,24911,27473,13241,14232,6869,3258,3611,
34370,27485,13139,14346,48094,23160,24934,54963,26467,28496,48090,23175,24915,27477,13243,14234,6870,3258,3612,
34375,27489,13141,14348,48101,23165,24936,54971,26473,28498,48097,23179,24918,27481,13246,14235,6871,3259,3612,
34380,27493,13143,14350,48108,23168,24940,54979,26477,28502,48104,23183,24921,27485,13249,14236,6872,3259,3613,
34385,27497,13146,14351,48115,23172,24943,54987,26483,28504,48111,23185,24926,27489,13250,14239,6873,3259,3614,
34390,27501,13149,14352,48122,23176,24946,54995,26490,28505,48118,23189,24929,27493,13251,14242,6874,3260,3614,
34395,27505,13150,14355,48129,23178,24951,55003,26495,28508,48125,23192,24933,27497,13253,14244,6875,3261,3614,
34400,27509,13153,14356,48136,23182,24954,55011,26497,28514,48132,23195,24937,27501,13256,14245,6876,3261,3615,
34405,27513,13154,14359,48143,23184,24959,55019,26500,28519,48139,23200,24939,27505,13259,14246,6877,3262,3615,
34410,27517,13154,14363,48150,23186,24964,55027,26504,28523,48146,23203,24943,27509,13260,14249,6878,3262,3616,
34415,27521,13156,14365,48157,23188,24969,55035,26509,28526,48153,23209,24944,27513,13263,14250,6879,3263,3616,
34420,27525,13159,14366,48164,23192,24972,55043,26512,28531,48160,23211,24949,27517,13266,14251,6880,3264,3616,
34425,27529,13160,14369,48171,23195,24976,55051,26519,28532,48167,23213,24954,27521,13268,14253,6881,3264,3617,
34430,27533,13162,14371,48178,23197,24981,55059,26521,28538,48174,23217,24957,27525,13271,14254,6882,3264,3618,
34435,27537,13164,14373,48185,23202,24983,55067,26524,28543,48181,23220,24961,27529,13274,14255,6883,3264,3619,
34440,27541,13165,14376,48192,23207,24985,55075,26529,28546,48188,23225,24963,27533,13275,14258,6884,3264,3620,
34445,27545,13168,14377,48199,23211,24988,55083,26530,28553,48195,23231,24964,27537,13276,14261,6885,3264,3621,
34450,27549,13171,14378,48206,23215,24991,55091,26533,28558,48202,23236,24966,27541,13279,14262,6886,3264,3622,
34455,27553,13173,14380,48213,23216,24997,55099,26539,28560,48209,23240,24969,27545,13279,14266,6887,3265,3622,
34460,27557,13176,14381,48220,23219,25001,55107,26544,28563,48216,23243,24973,27549,13282,14267,6888,3266,3622,
34465,27561,13179,14382,48227,23223,25004,55115,26548,28567,48223,23249,24974,27553,13284,14269,6889,3266,3623,
34470,27565,13181,14384,48234,23229,25005,55123,26552,28571,48230,23252,24978,27557,13286,14271,6890,3266,3624,
34475,27569,13185,14384,48241,23231,25010,55131,26555,28576,48237,23255,24982,27561,13289,14272,6891,3267,3624,
34480,27573,13188,14385,48248,23233,25015,55139,26559,28580,48244,23258,24986,27565,13293,14272,6892,3267,3625,
34485,27577,13189,14388,48255,23237,25018,55147,26562,28585,48251,23262,24989,27569,13294,14275,6893,3267,3626,
34490,27581,13192,14389,48262,23242,25020,55155,26568,28587,48258,23266,24992,27573,13298,14275,6894,3268,3626,
34495,27585,13193,14392,48269,23244,25025,55163,26572,28591,48265,23270,24995,27577,13300,14277,6895,3268,3627,
34500,27589,13195,14394,48276,23248,25028,55171,26576,28595,48272,23274,24998,27581,13301,14280,6896,3268,3628,
34505,27593,13198,14395,48283,23253,25030,55179,26580,28599,48279,23276,25003,27585,13302,14283,6897,3268,3629,
34510,27597,13199,14398,48290,23255,25035,55187,26582,28605,48286,23280,25006,27589,13304,14285,6898,3269,3629,
34515,27601,13201,14400,48297,23256,25041,55195,26585,28610,48293,23283,25010,27593,13307,14286,6899,3270,3629,
34520,27605,13203,14402,48304,23257,25047,55203,26590,28613,48300,23284,25016,27597,13308,14289,6900,3271,3629,
34525,27609,13206,14403,48311,23259,25052,55211,26598,28613,48307,23288,25019,27601,13311,14290,6901,3271,3630,
34530,27613,13209,14404,48318,23262,25056,55219,26603,28616,48314,23291,25023,27605,13313,14292,6902,3272,3630,
34535,27617,13210,14407,48325,23266,25059,55227,26606,28621,48321,23293,25028,27609,13314,14295,6903,3273,3630,
34540,27621,13213,14408,48332,23269,25063,55235,26611,28624,48328,23297,25031,27613,13314,14299,6904,3273,3631,
34545,27625,13215,14410,48339,23272,25067,55243,26615,28628,48335,23299,25036,27617,13316,14301,6905,3273,3632,
34550,27629,13217,14412,48346,23277,25069,55251,26620,28631,48342,23302,25040,27621,13317,14304,6906,3273,3633,
34555,27633,13220,14413,48353,23280,25073,55259,26625,28634,48349,23305,25044,27625,13318,14307,6907,3274,3633,
34560,27637,13222,14415,48360,23284,25076,55267,26629,28638,48356,23310,25046,27629,13320,14309,6908,3275,3633,
34565,27641,13224,14417,48367,23287,25080,55275,26633,28642,48363,23312,25051,27633,13322,14311,6909,3276,3633,
34570,27645,13226,14419,48374,23290,25084,55283,26640,28643,48370,23317,25053,27637,13322,14315,6910,3277,3633,
34575,27649,13226,14423,48381,23292,25089,55291,26644,28647,48377,23320,25057,27641,13324,14317,6911,3277,3634,
34580,27653,13228,14425,48388,23294,25094,55299,26647,28652,48384,23326,25058,27645,13325,14320,6912,3277,3635,
34585,27657,13231,14426,48395,23300,25095,55307,26651,28656,48391,23328,25063,27649,13326,14323,6913,3277,3636,
34590,27661,13234,14427,48402,23304,25098,55315,26658,28657,48398,23331,25067,27653,13329,14324,6914,3277,3637,
34595,27665,13237,14428,48409,23308,25101,55323,26663,28660,48405,23335,25070,27657,13332,14325,6915,3277,3638,
34600,27669,13241,14428,48416,23312,25104,55331,26668,28663,48412,23339,25073,27661,13333,14328,6916,3277,3639,
34605,27673,13244,14429,48423,23315,25108,55339,26672,28667,48419,23343,25076,27665,13337,14328,6917,3277,3640,
34610,27677,13247,14430,48430,23318,25112,55347,26674,28673,48426,23344,25082,27669,13341,14328,6918,3278,3640,
34615,27681,13248,14433,48437,23321,25116,55355,26674,28681,48433,23348,25085,27673,13345,14328,6919,3279,3640,
34620,27685,13249,14436,48444,23325,25119,55363,26679,28684,48440,23352,25088,27677,13346,14331,6920,3280,3640,
34625,27689,13250,14439,48451,23330,25121,55371,26684,28687,48447,23358,25089,27681,13347,14334,6921,3281,3640,
34630,27693,13252,14441,48458,23333,25125,55379,26690,28689,48454,23362,25092,27685,13349,14336,6922,3282,3640,
34635,27697,13254,14443,48465,23334,25131,55387,26691,28696,48461,23364,25097,27689,13351,14338,6923,3283,3640,
34640,27701,13254,14447,48472,23338,25134,55395,26693,28702,48468,23366,25102,27693,13354,14339,6924,3283,3641,
34645,27705,13256,14449,48479,23341,25138,55403,26698,28705,48475,23370,25105,27697,13355,14342,6925,3284,3641,
34650,27709,13259,14450,48486,23345,25141,55411,26702,28709,48482,23375,25107,27701,13357,14344,6926,3284,3642,
34655,27713,13260,14453,48493,23352,25141,55419,26707,28712,48489,23379,25110,27705,13360,14345,6927,3284,3643,
34660,27717,13260,14457,48500,23355,25145,55427,26713,28714,48496,23384,25112,27709,13362,14347,6928,3285,3643,
34665,27721,13260,14461,48507,23361,25146,55435,26718,28717,48503,23387,25116,27713,13365,14348,6929,3286,3643,
34670,27725,13262,14463,48514,23364,25150,55443,26722,28721,48510,23391,25119,27717,13367,14350,6930,3287,3643,
34675,27729,13264,14465,48521,23365,25156,55451,26725,28726,48517,23393,25124,27721,13371,14350,6931,3287,3644,
34680,27733,13266,14467,48528,23367,25161,55459,26730,28729,48524,23398,25126,27725,13374,14351,6932,3287,3645,
34685,27737,13267,14470,48535,23372,25163,55467,26735,28732,48531,23404,25127,27729,13375,14354,6933,3288,3645,
34690,27741,13270,14471,48542,23375,25167,55475,26740,28735,48538,23406,25132,27733,13376,14357,6934,3288,3646,
34695,27745,13272,14473,48549,23378,25171,55483,26741,28742,48545,23409,25136,27737,13377,14360,6935,3288,3647,
34700,27749,13275,14474,48556,23383,25173,55491,26742,28749,48552,23410,25142,27741,13381,14360,6936,3289,3647,
34705,27753,13279,14474,48563,23387,25176,55499,26746,28753,48559,23413,25146,27745,13383,14362,6937,3290,3647,
34710,27757,13281,14476,48570,23389,25181,55507,26749,28758,48566,23415,25151,27749,13385,14364,6938,3290,3648,
34715,27761,13283,14478,48577,23393,25184,55515,26757,28758,48573,23420,25153,27753,13387,14366,6939,3290,3649,
34720,27765,13285,14480,48584,23397,25187,55523,26760,28763,48580,23424,25156,27757,13389,14368,6940,3290,3650,
34725,27769,13289,14480,48591,23401,25190,55531,26763,28768,48587,23428,25159,27761,13390,14371,6941,3290,3651,
34730,27773,13291,14482,48598,23405,25193,55539,26766,28773,48594,23432,25162,27765,13393,14372,6942,3291,3651,
34735,27777,13293,14484,48605,23408,25197,55547,26770,28777,48601,23434,25167,27769,13394,14375,6943,3292,3651,
34740,27781,13294,14487,48612,23413,25199,55555,26774,28781,48608,23435,25173,27773,13395,14378,6944,3293,3651,
34745,27785,13297,14488,48619,23417,25202,55563,26776,28787,48615,23438,25177,27777,13396,14381,6945,3293,3652,
34750,27789,13298,14491,48626,23420,25206,55571,26780,28791,48622,23443,25179,27781,13398,14383,6946,3293,3653,
34755,27793,13301,14492,48633,23424,25209,55579,26783,28796,48629,23447,25182,27785,13399,14386,6947,3293,3654,
34760,27797,13303,14494,48640,23429,25211,55587,26788,28799,48636,23450,25186,27789,13401,14388,6948,3293,3655,
34765,27801,13305,14496,48647,23432,25215,55595,26793,28802,48643,23453,25190,27793,13403,14390,6949,3293,3656,
34770,27805,13305,14500,48654,23437,25217,55603,26794,28809,48650,23455,25195,27797,13405,14392,6950,3293,3657,
34775,27809,13306,14503,48661,23440,25221,55611,26799,28812,48657,23459,25198,27801,13406,14395,6951,3294,3657,
34780,27813,13308,14505,48668,23445,25223,55619,26803,28816,48664,23462,25202,27805,13407,14398,6952,3295,3657,
34785,27817,13311,14506,48675,23447,25228,55627,26804,28823,48671,23464,25207,27809,13410,14399,6953,3295,3658,
34790,27821,13313,14508,48682,23451,25231,55635,26810,28825,48678,23468,25210,27813,13413,14400,6954,3295,3659,
34795,27825,13315,14510,48689,23456,25233,55643,26813,28830,48685,23471,25214,27817,13417,14400,6955,3295,3660,
34800,27829,13319,14510,48696,23457,25239,55651,26814,28837,48692,23474,25218,27821,13419,14402,6956,3296,3660,
34805,27833,13321,14512,48703,23460,25243,55659,26819,28840,48699,23477,25222,27825,13420,14405,6957,3296,3661,
34810,27837,13323,14514,48710,23464,25246,55667,26822,28845,48706,23481,25225,27829,13423,14406,6958,3296,3662,
34815,27841,13325,14516,48717,23469,25248,55675,26826,28849,48713,23484,25229,27833,13426,14407,6959,3297,3662,
34820,27845,13328,14517,48724,23472,25252,55683,26831,28852,48720,23488,25232,27837,13428,14409,6960,3297,3663,
34825,27849,13329,14520,48731,23473,25258,55691,26835,28856,48727,23492,25235,27841,13429,14412,6961,3298,3663,
34830,27853,13329,14524,48738,23475,25263,55699,26838,28861,48734,23496,25238,27845,13430,14415,6962,3299,3663,
34835,27857,13330,14527,48745,23479,25266,55707,26843,28864,48741,23500,25241,27849,13431,14418,6963,3299,3664,
34840,27861,13332,14529,48752,23482,25270,55715,26847,28868,48748,23503,25245,27853,13434,14419,6964,3299,3665,
34845,27865,13336,14529,48759,23485,25274,55723,26851,28872,48755,23504,25251,27857,13437,14420,6965,3300,3665,
34850,27869,13338,14531,48766,23488,25278,55731,26853,28878,48762,23511,25251,27861,13438,14423,6966,3301,3665,
34855,27873,13341,14532,48773,23491,25282,55739,26857,28882,48769,23514,25255,27865,13441,14424,6967,3301,3666,
34860,27877,13344,14533,48780,23494,25286,55747,26860,28887,48776,23518,25258,27869,13443,14426,6968,3301,3667,
34865,27881,13348,14533,48787,23498,25289,55755,26865,28890,48783,23521,25262,27873,13445,14428,6969,3301,3668,
34870,27885,13349,14536,48794,23500,25294,55763,26869,28894,48790,23528,25262,27877,13445,14432,6970,3302,3668,
34875,27889,13351,14538,48801,23505,25296,55771,26873,28898,48797,23534,25263,27881,13448,14433,6971,3303,3668,
34880,27893,13352,14541,48808,23509,25299,55779,26876,28903,48804,23537,25267,27885,13449,14436,6972,3303,3669,
34885,27897,13355,14542,48815,23513,25302,55787,26877,28910,48811,23541,25270,27889,13453,14436,6973,3304,3669,
34890,27901,13356,14545,48822,23518,25304,55795,26880,28915,48818,23544,25274,27893,13457,14436,6974,3305,3669,
34895,27905,13359,14546,48829,23522,25307,55803,26882,28921,48825,23548,25277,27897,13458,14439,6975,3305,3670,
34900,27909,13361,14548,48836,23527,25309,55811,26886,28925,48832,23554,25278,27901,13460,14441,6976,3306,3670,
34905,27913,13364,14549,48843,23530,25313,55819,26888,28931,48839,23557,25282,27905,13461,14444,6977,3307,3670,
34910,27917,13366,14551,48850,23534,25316,55827,26892,28935,48846,23562,25284,27909,13464,14445,6978,3307,3671,
34915,27921,13368,14553,48857,23539,25318,55835,26895,28940,48853,23566,25287,27913,13467,14446,6979,3308,3671,
34920,27925,13369,14556,48864,23542,25322,55843,26899,28944,48860,23570,25290,27917,13467,14450,6980,3308,3672,
34925,27929,13372,14557,48871,23546,25325,55851,26904,28947,48867,23577,25290,27921,13468,14453,6981,3309,3672,
34930,27933,13373,14560,48878,23548,25330,55859,26909,28950,48874,23579,25295,27925,13470,14455,6982,3309,3673,
34935,27937,13377,14560,48885,23551,25334,55867,26912,28955,48881,23585,25296,27929,13471,14458,6983,3309,3674,
34940,27941,13379,14562,48892,23557,25335,55875,26914,28961,48888,23587,25301,27933,13474,14459,6984,3310,3674,
34945,27945,13382,14563,48899,23561,25338,55883,26917,28966,48895,23592,25303,27937,13477,14460,6985,3311,3674,
34950,27949,13385,14564,48906,23562,25344,55891,26923,28968,48902,23594,25308,27941,13477,14464,6986,3312,3674,
34955,27953,13385,14568,48913,23565,25348,55899,26925,28974,48909,23597,25312,27945,13479,14466,6987,3313,3674,
34960,27957,13387,14570,48920,23568,25352,55907,26930,28977,48916,23602,25314,27949,13480,14469,6988,3314,3674,
34965,27961,13387,14574,48927,23572,25355,55915,26933,28982,48923,23605,25318,27953,13480,14473,6989,3314,3675,
34970,27965,13390,14575,48934,23574,25360,55923,26939,28984,48930,23609,25321,27957,13482,14475,6990,3315,3675,
34975,27969,13391,14578,48941,23577,25364,55931,26943,28988,48937,23613,25324,27961,13485,14476,6991,3316,3675,
34980,27973,13393,14580,48948,23582,25366,55939,26947,28992,48944,23617,25327,27965,13487,14478,6992,3316,3676,
34985,27977,13395,14582,48955,23586,25369,55947,26951,28996,48951,23621,25330,27969,13487,14482,6993,3317,3676,
34990,27981,13396,14585,48962,23589,25373,55955,26953,29002,48958,23622,25336,27973,13491,14482,6994,3318,3676,
34995,27985,13398,14587,48969,23592,25377,55963,26956,29007,48965,23625,25340,27977,13495,14482,6995,3319,3676,
35000,27989,13399,14590,48976,23596,25380,55971,26960,29011,48972,23626,25346,27981,13498,14483,6996,3319,3677,
35005,27993,13401,14592,48983,23599,25384,55979,26963,29016,48979,23630,25349,27985,13500,14485,6997,3320,3677,
35010,27997,13403,14594,48990,23602,25388,55987,26968,29019,48986,23633,25353,27989,13503,14486,6998,3320,3678,
35015,28001,13404,14597,48997,23605,25392,55995,26969,29026,48993,23636,25357,27993,13505,14488,6999,3320,3679,
35020,28005,13405,14600,49004,23608,25396,56003,26975,29028,49000,23640,25360,27997,13508,14489,7000,3320,3680,
35025,28009,13406,14603,49011,23612,25399,56011,26979,29032,49007,23643,25364,28001,13509,14492,7001,3321,3680,
35030,28013,13408,14605,49018,23614,25404,56019,26982,29037,49014,23647,25367,28005,13511,14494,7002,3322,3680,
35035,28017,13410,14607,49025,23618,25407,56027,26986,29041,49021,23648,25373,28009,13511,14498,7003,3322,3681,
35040,28021,13414,14607,49032,23622,25410,56035,26988,29047,49028,23649,25379,28013,13513,14500,7004,3322,3682,
35045,28025,13416,14609,49039,23627,25412,56043,26993,29050,49035,23653,25382,28017,13515,14502,7005,3323,3682,
35050,28029,13419,14610,49046,23630,25416,56051,26998,29053,49042,23656,25386,28021,13516,14505,7006,3323,3683,
35055,28033,13421,14612,49053,23634,25419,56059,27002,29057,49049,23659,25390,28025,13519,14506,7007,3324,3683,
35060,28037,13423,14614,49060,23638,25422,56067,27004,29063,49056,23664,25392,28029,13521,14508,7008,3325,3683,
35065,28041,13426,14615,49067,23642,25425,56075,27007,29068,49063,23669,25394,28033,13523,14510,7009,3325,3684,
35070,28045,13427,14618,49074,23644,25430,56083,27012,29071,49070,23671,25399,28037,13525,14512,7010,3325,3685,
35075,28049,13430,14619,49081,23646,25435,56091,27019,29072,49077,23675,25402,28041,13526,14515,7011,3325,3686,
35080,28053,13433,14620,49088,23649,25439,56099,27023,29076,49084,23680,25404,28045,13526,14519,7012,3325,3687,
35085,28057,13434,14623,49095,23652,25443,56107,27025,29082,49091,23683,25408,28049,13529,14520,7013,3325,3688,
35090,28061,13435,14626,49102,23654,25448,56115,27031,29084,49098,23687,25411,28053,13532,14521,7014,3326,3688,
35095,28065,13437,14628,49109,23655,25454,56123,27036,29087,49105,23688,25417,28057,13534,14523,7015,3326,3689,
35100,28069,13437,14632,49116,23661,25455,56131,27039,29092,49112,23693,25419,28061,13535,14526,7016,3326,3690,
35105,28073,13438,14635,49123,23664,25459,56139,27042,29097,49119,23697,25422,28065,13537,14528,7017,3326,3691,
35110,28077,13440,14637,49130,23668,25462,56147,27047,29100,49126,23699,25427,28069,13538,14531,7018,3326,3692,
35115,28081,13441,14640,49137,23670,25467,56155,27052,29103,49133,23702,25431,28073,13540,14533,7019,3326,3693,
35120,28085,13443,14642,49144,23673,25471,56163,27058,29105,49140,23707,25433,28077,13541,14536,7020,3326,3694,
35125,28089,13445,14644,49151,23676,25475,56171,27064,29107,49147,23712,25435,28081,13544,14537,7021,3326,3695,
35130,28093,13446,14647,49158,23680,25478,56179,27070,29109,49154,23715,25439,28085,13547,14538,7022,3327,3695,
35135,28097,13448,14649,49165,23687,25478,56187,27074,29113,49161,23716,25445,28089,13547,14542,7023,3328,3695,
35140,28101,13449,14652,49172,23690,25482,56195,27077,29118,49168,23720,25448,28093,13550,14543,7024,3329,3695,
35145,28105,13450,14655,49179,23693,25486,56203,27080,29123,49175,23723,25452,28097,13550,14547,7025,3329,3696,
35150,28109,13452,14657,49186,23696,25490,56211,27082,29129,49182,23723,25459,28101,13550,14551,7026,3329,3697,
35155,28113,13454,14659,49193,23701,25492,56219,27086,29133,49189,23725,25464,28105,13552,14553,7027,3330,3697,
35160,28117,13458,14659,49200,23705,25495,56227,27092,29135,49196,23728,25468,28109,13555,14554,7028,3330,3698,
35165,28121,13461,14660,49207,23708,25499,56235,27095,29140,49203,23732,25471,28113,13556,14557,7029,3331,3698,
35170,28125,13462,14663,49214,23710,25504,56243,27097,29146,49210,23735,25475,28117,13560,14557,7030,3331,3699,
35175,28129,13463,14666,49221,23714,25507,56251,27102,29149,49217,23740,25477,28121,13563,14558,7031,3332,3699,
35180,28133,13466,14667,49228,23719,25509,56259,27105,29154,49224,23746,25478,28125,13566,14559,7032,3333,3699,
35185,28137,13469,14668,49235,23720,25515,56267,27108,29159,49231,23748,25483,28129,13568,14561,7033,3334,3699,
35190,28141,13470,14671,49242,23722,25520,56275,27112,29163,49238,23753,25485,28133,13571,14562,7034,3335,3699,
35195,28145,13471,14674,49249,23725,25524,56283,27117,29166,49245,23757,25488,28137,13573,14564,7035,3335,3700,
35200,28149,13474,14675,49256,23729,25527,56291,27122,29169,49252,23761,25491,28141,13575,14566,7036,3335,3701,
35205,28153,13476,14677,49263,23732,25531,56299,27128,29171,49259,23766,25493,28145,13577,14568,7037,3335,3702,
35210,28157,13479,14678,49270,23736,25534,56307,27133,29174,49266,23770,25496,28149,13579,14570,7038,3336,3702,
35215,28161,13481,14680,49277,23742,25535,56315,27135,29180,49273,23774,25499,28153,13582,14571,7039,3336,3703,
35220,28165,13484,14681,49284,23745,25539,56323,27139,29184,49280,23777,25503,28157,13582,14575,7040,3336,3704,
35225,28169,13484,14685,49291,23747,25544,56331,27142,29189,49287,23782,25505,28161,13584,14577,7041,3337,3704,
35230,28173,13487,14686,49298,23749,25549,56339,27146,29193,49294,23785,25509,28165,13586,14579,7042,3337,3705,
35235,28177,13490,14687,49305,23753,25552,56347,27152,29195,49301,23788,25513,28169,13588,14581,7043,3338,3705,
35240,28181,13492,14689,49312,23758,25554,56355,27158,29197,49308,23791,25517,28173,13590,14583,7044,3339,3705,
35245,28185,13493,14692,49319,23761,25558,56363,27162,29201,49315,23793,25522,28177,13590,14587,7045,3340,3705,
35250,28189,13494,14695,49326,23766,25560,56371,27165,29206,49322,23796,25526,28181,13591,14590,7046,3341,3705,
35255,28193,13496,14697,49333,23771,25562,56379,27169,29210,49329,23798,25531,28185,13592,14593,7047,3341,3706,
35260,28197,13499,14698,49340,23771,25569,56387,27173,29214,49336,23803,25533,28189,13595,14594,7048,3341,3707,
35265,28201,13502,14699,49347,23775,25572,56395,27178,29217,49343,23806,25537,28193,13597,14596,7049,3341,3708,
35270,28205,13505,14700,49354,23778,25576,56403,27183,29220,49350,23810,25540,28197,13599,14598,7050,3342,3708,
35275,28209,13505,14704,49361,23781,25580,56411,27187,29224,49357,23813,25544,28201,13601,14600,7051,3343,3708,
35280,28213,13506,14707,49368,23785,25583,56419,27192,29227,49364,23818,25546,28205,13601,14604,7052,3344,3708,
35285,28217,13507,14710,49375,23786,25589,56427,27198,29229,49371,23822,25549,28209,13602,14607,7053,3344,3709,
35290,28221,13508,14713,49382,23790,25592,56435,27202,29233,49378,23824,25554,28213,13603,14610,7054,3344,3710,
35295,28225,13511,14714,49389,23792,25597,56443,27205,29238,49385,23826,25559,28217,13604,14613,7055,3344,3711,
35300,28229,13512,14717,49396,23794,25602,56451,27208,29243,49392,23829,25563,28221,13605,14616,7056,3345,3711,
35305,28233,13514,14719,49403,23798,25605,56459,27211,29248,49399,23832,25567,28225,13606,14619,7057,3346,3711,
35310,28237,13517,14720,49410,23803,25607,56467,27212,29255,49406,23836,25570,28229,13608,14621,7058,3346,3712,
35315,28241,13518,14723,49417,23807,25610,56475,27216,29259,49413,23841,25572,28233,13609,14624,7059,3347,3712,
35320,28245,13518,14727,49424,23809,25615,56483,27220,29263,49420,23846,25574,28237,13609,14628,7060,3347,3713,
35325,28249,13521,14728,49431,23814,25617,56491,27222,29269,49427,23850,25577,28241,13611,14630,7061,3347,3714,
35330,28253,13525,14728,49438,23818,25620,56499,27225,29274,49434,23853,25581,28245,13614,14631,7062,3348,3714,
35335,28257,13527,14730,49445,23822,25623,56507,27230,29277,49441,23855,25586,28249,13618,14631,7063,3349,3714,
35340,28261,13528,14733,49452,23825,25627,56515,27236,29279,49448,23859,25589,28253,13620,14633,7064,3349,3715,
35345,28265,13529,14736,49459,23829,25630,56523,27239,29284,49455,23863,25592,28257,13623,14634,7065,3350,3715,
35350,28269,13531,14738,49466,23832,25634,56531,27243,29288,49462,23868,25594,28261,13625,14636,7066,3350,3716,
35355,28273,13532,14741,49473,23834,25639,56539,27245,29294,49469,23875,25594,28265,13626,14639,7067,3350,3717,
35360,28277,13535,14742,49480,23839,25641,56547,27250,29297,49476,23877,25599,28269,13628,14641,7068,3351,3717,
35365,28281,13538,14743,49487,23841,25646,56555,27253,29302,49483,23881,25602,28273,13630,14643,7069,3351,3718,
35370,28285,13540,14745,49494,23846,25648,56563,27256,29307,49490,23885,25605,28277,13632,14645,7070,3351,3719,
35375,28289,13543,14746,49501,23850,25651,56571,27257,29314,49497,23888,25609,28281,13635,14646,7071,3351,3720,
35380,28293,13544,14749,49508,23850,25658,56579,27262,29317,49504,23891,25613,28285,13637,14648,7072,3352,3720,
35385,28297,13547,14750,49515,23853,25662,56587,27266,29321,49511,23894,25617,28289,13640,14649,7073,3352,3721,
35390,28301,13551,14750,49522,23857,25665,56595,27269,29326,49518,23897,25621,28293,13642,14651,7074,3353,3721,
35395,28305,13554,14751,49529,23861,25668,56603,27270,29333,49525,23900,25625,28297,13644,14653,7075,3353,3722,
35400,28309,13556,14753,49536,23864,25672,56611,27273,29338,49532,23905,25627,28301,13647,14654,7076,3354,3722,
35405,28313,13559,14754,49543,23870,25673,56619,27277,29342,49539,23910,25629,28305,13650,14655,7077,3354,3723,
35410,28317,13562,14755,49550,23872,25678,56627,27279,29348,49546,23913,25633,28309,13652,14657,7078,3354,3724,
35415,28321,13564,14757,49557,23875,25682,56635,27281,29354,49553,23916,25637,28313,13654,14659,7079,3354,3725,
35420,28325,13565,14760,49564,23878,25686,56643,27286,29357,49560,23921,25639,28317,13655,14662,7080,3354,3726,
35425,28329,13566,14763,49571,23882,25689,56651,27291,29360,49567,23925,25642,28321,13659,14662,7081,3355,3726,
35430,28333,13569,14764,49578,23886,25692,56659,27296,29363,49574,23929,25645,28325,13661,14664,7082,3355,3727,
35435,28337,13570,14767,49585,23888,25697,56667,27299,29368,49581,23933,25648,28329,13662,14667,7083,3356,3727,
35440,28341,13573,14768,49592,23892,25700,56675,27303,29372,49588,23936,25652,28333,13663,14670,7084,3357,3727,
35445,28345,13575,14770,49599,23895,25704,56683,27307,29376,49595,23941,25654,28337,13665,14672,7085,3358,3727,
35450,28349,13575,14774,49606,23899,25707,56691,27308,29383,49602,23942,25660,28341,13667,14674,7086,3359,3727,
35455,28353,13576,14777,49613,23902,25711,56699,27312,29387,49609,23946,25663,28345,13670,14675,7087,3359,3728,
35460,28357,13577,14780,49620,23903,25717,56707,27315,29392,49616,23950,25666,28349,13671,14678,7088,3359,3729,
35465,28361,13578,14783,49627,23905,25722,56715,27318,29397,49623,23954,25669,28353,13672,14681,7089,3360,3729,
35470,28365,13580,14785,49634,23910,25724,56723,27323,29400,49630,23960,25670,28357,13673,14684,7090,3361,3729,
35475,28369,13582,14787,49641,23915,25726,56731,27327,29404,49637,23966,25671,28361,13675,14686,7091,3362,3729,
35480,28373,13582,14791,49648,23920,25728,56739,27331,29408,49644,23969,25675,28365,13678,14687,7092,3362,3730,
35485,28377,13584,14793,49655,23923,25732,56747,27333,29414,49651,23973,25678,28369,13680,14689,7093,3362,3731,
35490,28381,13587,14794,49662,23924,25738,56755,27336,29419,49658,23977,25681,28373,13682,14691,7094,3362,3732,
35495,28385,13589,14796,49669,23927,25742,56763,27340,29423,49665,23981,25684,28377,13686,14691,7095,3363,3732,
35500,28389,13593,14796,49676,23929,25747,56771,27343,29428,49672,23984,25688,28381,13688,14693,7096,3364,3732,
35505,28393,13594,14799,49683,23931,25752,56779,27349,29430,49679,23985,25694,28385,13689,14696,7097,3364,3733,
35510,28397,13597,14800,49690,23933,25757,56787,27352,29435,49686,23987,25699,28389,13690,14699,7098,3364,3734,
35515,28401,13601,14800,49697,23937,25760,56795,27355,29440,49693,23989,25704,28393,13693,14700,7099,3364,3735,
35520,28405,13603,14802,49704,23939,25765,56803,27360,29443,49700,23993,25707,28397,13695,14702,7100,3364,3736,
35525,28409,13607,14802,49711,23943,25768,56811,27361,29450,49707,23998,25709,28401,13697,14704,7101,3365,3736,
35530,28413,13608,14805,49718,23946,25772,56819,27363,29456,49714,24001,25713,28405,13700,14705,7102,3366,3736,
35535,28417,13611,14806,49725,23952,25773,56827,27366,29461,49721,24002,25719,28409,13703,14706,7103,3366,3737,
35540,28421,13613,14808,49732,23956,25776,56835,27370,29465,49728,24005,25723,28413,13705,14708,7104,3367,3737,
35545,28425,13615,14810,49739,23962,25777,56843,27374,29469,49735,24007,25728,28417,13706,14711,7105,3368,3737,
35550,28429,13616,14813,49746,23965,25781,56851,27378,29473,49742,24011,25731,28421,13710,14711,7106,3369,3737,
35555,28433,13617,14816,49753,23969,25784,56859,27381,29478,49749,24014,25735,28425,13712,14713,7107,3369,3738,
35560,28437,13619,14818,49760,23973,25787,56867,27386,29481,49756,24018,25738,28429,13715,14714,7108,3370,3738,
35565,28441,13620,14821,49767,23977,25790,56875,27389,29486,49763,24022,25741,28433,13718,14715,7109,3370,3739,
35570,28445,13623,14822,49774,23981,25793,56883,27390,29493,49770,24027,25743,28437,13721,14716,7110,3371,3739,
35575,28449,13624,14825,49781,23986,25795,56891,27394,29497,49777,24030,25747,28441,13723,14718,7111,3372,3739,
35580,28453,13626,14827,49788,23989,25799,56899,27398,29501,49784,24033,25751,28445,13726,14719,7112,3373,3739,
35585,28457,13628,14829,49795,23992,25803,56907,27403,29504,49791,24038,25753,28449,13729,14720,7113,3373,3740,
35590,28461,13629,14832,49802,23995,25807,56915,27408,29507,49798,24043,25755,28453,13729,14724,7114,3374,3740,
35595,28465,13631,14834,49809,23998,25811,56923,27410,29513,49805,24047,25758,28457,13731,14726,7115,3374,3741,
35600,28469,13634,14835,49816,23999,25817,56931,27413,29518,49812,24051,25761,28461,13734,14727,7116,3374,3742,
35605,28473,13636,14837,49823,24004,25819,56939,27415,29524,49819,24055,25764,28465,13737,14728,7117,3374,3743,
35610,28477,13638,14839,49830,24005,25825,56947,27419,29528,49826,24058,25768,28469,13739,14730,7118,3374,3744,
35615,28481,13639,14842,49837,24010,25827,56955,27423,29532,49833,24058,25775,28473,13742,14731,7119,3374,3745,
35620,28485,13641,14844,49844,24013,25831,56963,27426,29537,49840,24060,25780,28477,13745,14732,7120,3374,3746,
35625,28489,13643,14846,49851,24016,25835,56971,27431,29540,49847,24064,25783,28481,13748,14733,7121,3374,3747,
35630,28493,13645,14848,49858,24020,25838,56979,27435,29544,49854,24067,25787,28485,13751,14734,7122,3375,3747,
35635,28497,13646,14851,49865,24022,25843,56987,27436,29551,49861,24071,25790,28489,13753,14736,7123,3376,3747,
35640,28501,13646,14855,49872,24026,25846,56995,27440,29555,49868,24074,25794,28493,13755,14738,7124,3376,3748,
35645,28505,13649,14856,49879,24031,25848,57003,27443,29560,49875,24079,25796,28497,13756,14741,7125,3376,3749,
35650,28509,13653,14856,49886,24036,25850,57011,27446,29565,49882,24081,25801,28501,13759,14742,7126,3376,3750,
35655,28513,13655,14858,49893,24037,25856,57019,27448,29571,49889,24085,25804,28505,13761,14744,7127,3377,3750,
35660,28517,13655,14862,49900,24040,25860,57027,27452,29575,49896,24088,25808,28509,13765,14744,7128,3377,3751,
35665,28521,13657,14864,49907,24045,25862,57035,27455,29580,49903,24090,25813,28513,13768,14745,7129,3378,3751,
35670,28525,13659,14866,49914,24049,25865,57043,27460,29583,49910,24094,25816,28517,13770,14747,7130,3378,3752,
35675,28529,13659,14870,49921,24052,25869,57051,27463,29588,49917,24097,25820,28521,13773,14748,7131,3378,3753,
35680,28533,13662,14871,49928,24056,25872,57059,27468,29591,49924,24102,25822,28525,13774,14751,7132,3379,3753,
35685,28537,13663,14874,49935,24062,25873,57067,27472,29595,49931,24108,25823,28529,13777,14752,7133,3379,3754,
35690,28541,13664,14877,49942,24064,25878,57075,27479,29596,49938,24110,25828,28533,13780,14753,7134,3379,3755,
35695,28545,13666,14879,49949,24069,25880,57083,27481,29602,49945,24114,25831,28537,13781,14756,7135,3379,3756,
35700,28549,13669,14880,49956,24074,25882,57091,27486,29605,49952,24119,25833,28541,13783,14758,7136,3379,3757,
35705,28553,13670,14883,49963,24077,25886,57099,27490,29609,49959,24124,25835,28545,13786,14759,7137,3379,3758,
35710,28557,13673,14884,49970,24080,25890,57107,27497,29610,49966,24127,25839,28549,13788,14761,7138,3379,3759,
35715,28561,13677,14884,49977,24084,25893,57115,27502,29613,49973,24128,25845,28553,13791,14762,7139,3379,3760,
35720,28565,13678,14887,49984,24087,25897,57123,27508,29615,49980,24132,25848,28557,13793,14764,7140,3380,3760,
35725,28569,13679,14890,49991,24090,25901,57131,27512,29619,49987,24135,25852,28561,13796,14765,7141,3380,3761,
35730,28573,13680,14893,49998,24093,25905,57139,27515,29624,49994,24138,25856,28565,13797,14768,7142,3380,3762,
35735,28577,13684,14893,50005,24097,25908,57147,27519,29628,50001,24140,25861,28569,13800,14769,7143,3381,3762,
35740,28581,13688,14893,50012,24102,25910,57155,27523,29632,50008,24141,25867,28573,13801,14772,7144,3382,3762,
35745,28585,13691,14894,50019,24103,25916,57163,27525,29638,50015,24145,25870,28577,13804,14773,7145,3383,3762,
35750,28589,13694,14895,50026,24108,25918,57171,27528,29643,50022,24149,25873,28581,13806,14775,7146,3384,3762,
35755,28593,13695,14898,50033,24110,25923,57179,27533,29646,50029,24153,25876,28585,13807,14778,7147,3384,3763,
35760,28597,13698,14899,50040,24112,25928,57187,27536,29651,50036,24159,25877,28589,13807,14782,7148,3385,3763,
35765,28601,13699,14902,50047,24114,25933,57195,27540,29655,50043,24164,25879,28593,13809,14784,7149,3385,3764,
35770,28605,13701,14904,50054,24118,25936,57203,27546,29657,50050,24167,25883,28597,13811,14786,7150,3385,3765,
35775,28609,13705,14904,50061,24121,25940,57211,27550,29661,50057,24169,25888,28601,13814,14787,7151,3385,3766,
35780,28613,13705,14908,50068,24124,25944,57219,27553,29666,50064,24174,25890,28605,13816,14789,7152,3386,3766,
35785,28617,13707,14910,50075,24128,25947,57227,27556,29671,50071,24176,25895,28609,13819,14790,7153,3387,3766,
35790,28621,13708,14913,50082,24133,25949,57235,27560,29675,50078,24180,25898,28613,13821,14792,7154,3387,3767,
35795,28625,13711,14914,50089,24137,25952,57243,27564,29679,50085,24183,25902,28617,13824,14793,7155,3388,3767,
35800,28629,13711,14918,50096,24139,25957,57251,27569,29682,50092,24186,25906,28621,13824,14797,7156,3389,3767,
35805,28633,13714,14919,50103,24141,25962,57259,27570,29689,50099,24189,25910,28625,13827,14798,7157,3389,3768,
35810,28637,13714,14923,50110,24144,25966,57267,27573,29694,50106,24194,25912,28629,13829,14800,7158,3389,3769,
35815,28641,13717,14924,50117,24147,25970,57275,27574,29701,50113,24198,25915,28633,13832,14801,7159,3390,3769,
35820,28645,13719,14926,50124,24150,25974,57283,27577,29706,50120,24201,25919,28637,13835,14802,7160,3390,3770,
35825,28649,13719,14930,50131,24154,25977,57291,27581,29710,50127,24203,25924,28641,13836,14805,7161,3390,3771,
35830,28653,13719,14934,50138,24158,25980,57299,27584,29715,50134,24208,25926,28645,13838,14807,7162,3391,3771,
35835,28657,13719,14938,50145,24163,25982,57307,27587,29720,50141,24210,25931,28649,13841,14808,7163,3391,3772,
35840,28661,13720,14941,50152,24167,25985,57315,27591,29724,50148,24212,25936,28653,13842,14811,7164,3391,3773,
35845,28665,13721,14944,50159,24169,25990,57323,27595,29728,50155,24215,25940,28657,13844,14813,7165,3391,3774,
35850,28669,13722,14947,50166,24174,25992,57331,27598,29733,50162,24218,25944,28661,13848,14813,7166,3391,3775,
35855,28673,13725,14948,50173,24177,25996,57339,27602,29737,50169,24223,25946,28665,13850,14815,7167,3391,3776,
35860,28677,13726,14951,50180,24180,26000,57347,27607,29740,50176,24227,25949,28669,13852,14817,7168,3392,3776,
35865,28681,13729,14952,50187,24184,26003,57355,27610,29745,50183,24230,25953,28673,13854,14819,7169,3393,3776,
35870,28685,13732,14953,50194,24188,26006,57363,27613,29750,50190,24234,25956,28677,13856,14821,7170,3394,3776,
35875,28689,13732,14957,50201,24192,26009,57371,27616,29755,50197,24236,25961,28681,13859,14822,7171,3395,3776,
35880,28693,13735,14958,50208,24196,26012,57379,27621,29758,50204,24238,25966,28685,13860,14825,7172,3395,3777,
35885,28697,13739,14958,50215,24200,26015,57387,27628,29759,50211,24241,25970,28689,13862,14827,7173,3396,3777,
35890,28701,13741,14960,50222,24203,26019,57395,27630,29765,50218,24244,25974,28693,13865,14828,7174,3396,3778,
35895,28705,13742,14963,50229,24205,26024,57403,27633,29770,50225,24246,25979,28697,13869,14828,7175,3396,3779,
35900,28709,13745,14964,50236,24208,26028,57411,27638,29773,50232,24249,25983,28701,13871,14830,7176,3396,3780,
35905,28713,13745,14968,50243,24211,26032,57419,27641,29778,50239,24253,25986,28705,13872,14833,7177,3397,3780,
35910,28717,13748,14969,50250,24216,26034,57427,27646,29781,50246,24255,25991,28709,13874,14835,7178,3398,3780,
35915,28721,13748,14973,50257,24221,26036,57435,27651,29784,50253,24259,25994,28713,13875,14838,7179,3398,3781,
35920,28725,13749,14976,50264,24224,26040,57443,27654,29789,50260,24263,25997,28717,13878,14839,7180,3399,3781,
35925,28729,13752,14977,50271,24228,26043,57451,27657,29794,50267,24266,26001,28721,13880,14841,7181,3400,3781,
35930,28733,13754,14979,50278,24233,26045,57459,27662,29797,50274,24269,26005,28725,13881,14844,7182,3401,3781,
35935,28737,13757,14980,50285,24236,26049,57467,27662,29805,50281,24275,26006,28729,13883,14846,7183,3402,3781,
35940,28741,13758,14983,50292,24240,26052,57475,27666,29809,50288,24280,26008,28733,13885,14848,7184,3402,3782,
35945,28745,13761,14984,50299,24242,26057,57483,27671,29812,50295,24284,26011,28737,13887,14850,7185,3403,3782,
35950,28749,13763,14986,50306,24245,26061,57491,27676,29815,50302,24288,26014,28741,13889,14852,7186,3404,3782,
35955,28753,13765,14988,50313,24248,26065,57499,27680,29819,50309,24292,26017,28745,13891,14854,7187,3405,3782,
35960,28757,13767,14990,50320,24253,26067,57507,27681,29826,50316,24295,26021,28749,13891,14858,7188,3406,3782,
35965,28761,13770,14991,50327,24254,26073,57515,27683,29832,50323,24300,26023,28753,13893,14860,7189,3406,3783,
35970,28765,13772,14993,50334,24256,26078,57523,27684,29839,50330,24302,26028,28757,13895,14862,7190,3407,3783,
35975,28769,13772,14997,50341,24259,26082,57531,27690,29841,50337,24305,26032,28761,13897,14864,7191,3407,3784,
35980,28773,13773,15000,50348,24264,26084,57539,27692,29847,50344,24307,26037,28765,13899,14866,7192,3408,3784,
35985,28777,13774,15003,50355,24268,26087,57547,27695,29852,50351,24310,26041,28769,13902,14867,7193,3408,3785,
35990,28781,13776,15005,50362,24272,26090,57555,27699,29856,50358,24313,26045,28773,13904,14869,7194,3409,3785,
35995,28785,13778,15007,50369,24276,26093,57563,27704,29859,50365,24316,26049,28777,13906,14871,7195,3409,3786,
36000,28789,13778,15011,50376,24281,26095,57571,27708,29863,50372,24321,26051,28781,13909,14872,7196,3409,3787,
36005,28793,13780,15013,50383,24287,26096,57579,27713,29866,50379,24325,26054,28785,13913,14872,7197,3409,3788,
36010,28797,13782,15015,50390,24288,26102,57587,27716,29871,50386,24330,26056,28789,13914,14875,7198,3410,3788,
36015,28801,13784,15017,50397,24292,26105,57595,27719,29876,50393,24332,26061,28793,13916,14877,7199,3410,3789,
36020,28805,13787,15018,50404,24296,26108,57603,27722,29881,50400,24335,26065,28797,13919,14878,7200,3411,3789,
36025,28809,13788,15021,50411,24298,26113,57611,27726,29885,50407,24341,26066,28801,13921,14880,7201,3411,3790,
36030,28813,13790,15023,50418,24299,26119,57619,27731,29888,50414,24344,26070,28805,13924,14881,7202,3412,3790,
36035,28817,13793,15024,50425,24302,26123,57627,27735,29892,50421,24345,26076,28809,13925,14884,7203,3412,3791,
36040,28821,13794,15027,50432,24306,26126,57635,27738,29897,50428,24348,26080,28813,13927,14886,7204,3412,3792,
36045,28825,13797,15028,50439,24312,26127,57643,27742,29901,50435,24350,26085,28817,13930,14887,7205,3412,3793,
36050,28829,13800,15029,50446,24316,26130,57651,27747,29904,50442,24353,26089,28821,13932,14889,7206,3413,3793,
36055,28833,13801,15032,50453,24320,26133,57659,27752,29907,50449,24356,26093,28825,13935,14890,7207,3413,3794,
36060,28837,13802,15035,50460,24326,26134,57667,27755,29912,50456,24357,26099,28829,13936,14893,7208,3413,3795,
36065,28841,13802,15039,50467,24329,26138,57675,27759,29916,50463,24360,26103,28833,13939,14894,7209,3414,3795,
36070,28845,13804,15041,50474,24331,26143,57683,27763,29920,50470,24362,26108,28837,13939,14898,7210,3415,3795,
36075,28849,13806,15043,50481,24332,26149,57691,27766,29925,50477,24367,26110,28841,13941,14900,7211,3415,3796,
36080,28853,13808,15045,50488,24335,26153,57699,27768,29931,50484,24369,26115,28845,13941,14904,7212,3415,3797,
36085,28857,13810,15047,50495,24338,26157,57707,27774,29933,50491,24374,26117,28849,13943,14906,7213,3416,3797,
36090,28861,13813,15048,50502,24341,26161,57715,27778,29937,50498,24378,26120,28853,13944,14909,7214,3416,3798,
36095,28865,13813,15052,50509,24343,26166,57723,27783,29940,50505,24383,26122,28857,13944,14913,7215,3416,3799,
36100,28869,13813,15056,50516,24346,26170,57731,27791,29940,50512,24387,26125,28861,13947,14914,7216,3417,3799,
36105,28873,13816,15057,50523,24349,26174,57739,27797,29942,50519,24390,26129,28865,13949,14916,7217,3418,3799,
36110,28877,13818,15059,50530,24353,26177,57747,27799,29948,50526,24392,26134,28869,13950,14919,7218,3419,3799,
36115,28881,13821,15060,50537,24358,26179,57755,27801,29954,50533,24396,26137,28873,13952,14921,7219,3420,3799,
36120,28885,13823,15062,50544,24358,26186,57763,27806,29957,50540,24400,26140,28877,13955,14922,7220,3421,3799,
36125,28889,13824,15065,50551,24362,26189,57771,27809,29962,50547,24405,26142,28881,13957,14924,7221,3422,3799,
36130,28893,13826,15067,50558,24363,26195,57779,27811,29968,50554,24408,26146,28885,13959,14926,7222,3423,3799,
36135,28897,13827,15070,50565,24368,26197,57787,27815,29972,50561,24411,26150,28889,13962,14927,7223,3424,3799,
36140,28901,13827,15074,50572,24370,26202,57795,27818,29977,50568,24414,26154,28893,13964,14929,7224,3424,3800,
36145,28905,13828,15077,50579,24374,26205,57803,27822,29981,50575,24417,26158,28897,13965,14932,7225,3425,3800,
36150,28909,13831,15078,50586,24377,26209,57811,27827,29984,50582,24424,26158,28901,13967,14934,7226,3426,3800,
36155,28913,13834,15079,50593,24380,26213,57819,27830,29989,50589,24427,26162,28905,13970,14935,7227,3426,3801,
36160,28917,13835,15082,50600,24385,26215,57827,27835,29992,50596,24429,26167,28909,13972,14937,7228,3427,3801,
36165,28921,13836,15085,50607,24387,26220,57835,27840,29995,50603,24432,26171,28913,13973,14940,7229,3428,3801,
36170,28925,13837,15088,50614,24390,26224,57843,27841,30002,50610,24435,26175,28917,13976,14941,7230,3428,3802,
36175,28929,13838,15091,50621,24394,26227,57851,27845,30006,50617,24439,26178,28921,13977,14944,7231,3428,3803,
36180,28933,13840,15093,50628,24398,26230,57859,27850,30009,50624,24441,26183,28925,13979,14946,7232,3428,3804,
36185,28937,13842,15095,50635,24400,26235,57867,27854,30013,50631,24443,26188,28929,13980,14949,7233,3429,3804,
36190,28941,13843,15098,50642,24402,26240,57875,27858,30017,50638,24446,26192,28933,13981,14952,7234,3429,3805,
36195,28945,13846,15099,50649,24405,26244,57883,27862,30021,50645,24449,26196,28937,13983,14954,7235,3430,3805,
36200,28949,13849,15100,50656,24408,26248,57891,27865,30026,50652,24454,26198,28941,13984,14957,7236,3431,3805,
36205,28953,13850,15103,50663,24414,26249,57899,27867,30032,50659,24460,26199,28945,13986,14959,7237,3431,3806,
36210,28957,13853,15104,50670,24417,26253,57907,27869,30038,50666,24464,26202,28949,13987,14962,7238,3431,3807,
36215,28961,13854,15107,50677,24420,26257,57915,27872,30043,50673,24467,26206,28953,13989,14964,7239,3431,3808,
36220,28965,13857,15108,50684,24422,26262,57923,27877,30046,50680,24470,26210,28957,13990,14967,7240,3431,3809,
36225,28969,13860,15109,50691,24425,26266,57931,27881,30050,50687,24473,26214,28961,13992,14969,7241,3432,3809,
36230,28973,13861,15112,50698,24427,26271,57939,27883,30056,50694,24476,26218,28965,13994,14971,7242,3433,3809,
36235,28977,13864,15113,50705,24430,26275,57947,27888,30059,50701,24480,26221,28969,13995,14974,7243,3433,3810,
36240,28981,13866,15115,50712,24434,26278,57955,27890,30065,50708,24482,26226,28973,13999,14974,7244,3433,3811,
36245,28985,13868,15117,50719,24437,26282,57963,27893,30070,50715,24487,26228,28977,14003,14974,7245,3434,3811,
36250,28989,13872,15117,50726,24441,26285,57971,27896,30075,50722,24491,26231,28981,14003,14978,7246,3434,3812,
36255,28993,13873,15120,50733,24445,26288,57979,27899,30080,50729,24494,26235,28985,14004,14981,7247,3434,3813,
36260,28997,13875,15122,50740,24448,26292,57987,27904,30083,50736,24498,26238,28989,14006,14983,7248,3435,3813,
36265,29001,13877,15124,50747,24451,26296,57995,27907,30088,50743,24500,26243,28993,14009,14984,7249,3435,3814,
36270,29005,13878,15127,50754,24456,26298,58003,27909,30094,50750,24502,26248,28997,14010,14987,7250,3435,3815,
36275,29009,13880,15129,50761,24458,26303,58011,27912,30099,50757,24507,26250,29001,14012,14989,7251,3436,3815,
36280,29013,13881,15132,50768,24462,26306,58019,27917,30102,50764,24512,26252,29005,14014,14991,7252,3436,3816,
36285,29017,13882,15135,50775,24464,26311,58027,27920,30107,50771,24515,26256,29009,14016,14993,7253,3436,3817,
36290,29021,13884,15137,50782,24467,26315,58035,27923,30112,50778,24517,26261,29013,14018,14995,7254,3436,3818,
36295,29025,13888,15137,50789,24471,26318,58043,27925,30118,50785,24521,26264,29017,14020,14997,7255,3437,3818,
36300,29029,13890,15139,50796,24473,26323,58051,27929,30122,50792,24523,26269,29021,14023,14998,7256,3438,3818,
36305,29033,13890,15143,50803,24476,26327,58059,27933,30126,50799,24527,26272,29025,14026,14999,7257,3439,3818,
36310,29037,13891,15146,50810,24479,26331,58067,27938,30129,50806,24530,26276,29029,14029,15000,7258,3439,3819,
36315,29041,13894,15147,50817,24484,26333,58075,27942,30133,50813,24534,26279,29033,14031,15002,7259,3440,3819,
36320,29045,13897,15148,50824,24485,26339,58083,27946,30137,50820,24540,26280,29037,14033,15004,7260,3441,3819,
36325,29049,13899,15150,50831,24487,26344,58091,27951,30140,50827,24544,26283,29041,14037,15004,7261,3441,3820,
36330,29053,13902,15151,50838,24491,26347,58099,27956,30143,50834,24548,26286,29045,14038,15007,7262,3442,3820,
36335,29057,13902,15155,50845,24496,26349,58107,27958,30149,50841,24549,26292,29049,14039,15010,7263,3443,3820,
36340,29061,13904,15157,50852,24500,26352,58115,27960,30155,50848,24554,26294,29053,14041,15012,7264,3443,3821,
36345,29065,13907,15158,50859,24504,26355,58123,27962,30161,50855,24556,26299,29057,14042,15015,7265,3443,3822,
36350,29069,13908,15161,50866,24508,26358,58131,27966,30165,50862,24558,26304,29061,14045,15016,7266,3443,3823,
36355,29073,13910,15163,50873,24513,26360,58139,27971,30168,50869,24562,26307,29065,14046,15019,7267,3444,3823,
36360,29077,13911,15166,50880,24514,26366,58147,27974,30173,50876,24566,26310,29069,14047,15022,7268,3444,3824,
36365,29081,13914,15167,50887,24519,26368,58155,27978,30177,50883,24568,26315,29073,14049,15024,7269,3444,3825,
36370,29085,13917,15168,50894,24523,26371,58163,27983,30180,50890,24571,26319,29077,14052,15025,7270,3444,3826,
36375,29089,13920,15169,50901,24524,26377,58171,27987,30184,50897,24574,26323,29081,14052,15029,7271,3444,3827,
36380,29093,13923,15170,50908,24529,26379,58179,27990,30189,50904,24578,26326,29085,14055,15030,7272,3444,3828,
36385,29097,13924,15173,50915,24533,26382,58187,27992,30195,50911,24580,26331,29089,14055,15034,7273,3445,3828,
36390,29101,13927,15174,50922,24534,26388,58195,27996,30199,50918,24582,26336,29093,14058,15035,7274,3445,3829,
36395,29105,13929,15176,50929,24538,26391,58203,28000,30203,50925,24582,26343,29097,14060,15037,7275,3445,3830,
36400,29109,13929,15180,50936,24540,26396,58211,28001,30210,50932,24588,26344,29101,14063,15038,7276,3446,3830,
36405,29113,13931,15182,50943,24544,26399,58219,28004,30215,50939,24592,26347,29105,14064,15041,7277,3447,3830,
36410,29117,13934,15183,50950,24549,26401,58227,28009,30218,50946,24597,26349,29109,14066,15043,7278,3447,3831,
36415,29121,13934,15187,50957,24555,26402,58235,28014,30221,50953,24601,26352,29113,14069,15044,7279,3448,3831,
36420,29125,13936,15189,50964,24558,26406,58243,28016,30227,50960,24602,26358,29117,14073,15044,7280,3448,3832,
36425,29129,13940,15189,50971,24562,26409,58251,28021,30230,50967,24606,26361,29121,14076,15045,7281,3449,3832,
36430,29133,13943,15190,50978,24566,26412,58259,28026,30233,50974,24611,26363,29125,14078,15047,7282,3450,3832,
36435,29137,13944,15193,50985,24566,26419,58267,28031,30236,50981,24616,26365,29129,14080,15049,7283,3450,3833,
36440,29141,13945,15196,50992,24567,26425,58275,28037,30238,50988,24621,26367,29133,14083,15050,7284,3451,3833,
36445,29145,13946,15199,50999,24571,26428,58283,28039,30244,50995,24625,26370,29137,14085,15052,7285,3452,3833,
36450,29149,13948,15201,51006,24574,26432,58291,28041,30250,51002,24628,26374,29141,14087,15054,7286,3452,3834,
36455,29153,13950,15203,51013,24577,26436,58299,28046,30253,51009,24632,26377,29145,14087,15058,7287,3452,3835,
36460,29157,13952,15205,51020,24581,26439,58307,28051,30256,51016,24635,26381,29149,14089,15060,7288,3453,3835,
36465,29161,13954,15207,51027,24585,26442,58315,28052,30263,51023,24637,26386,29153,14093,15060,7289,3453,3836,
36470,29165,13955,15210,51034,24589,26445,58323,28055,30268,51030,24642,26388,29157,14096,15061,7290,3453,3837,
36475,29169,13958,15211,51041,24591,26450,58331,28059,30272,51037,24648,26389,29161,14097,15064,7291,3454,3837,
36480,29173,13960,15213,51048,24595,26453,58339,28063,30276,51044,24649,26395,29165,14099,15066,7292,3455,3837,
36485,29177,13962,15215,51055,24600,26455,58347,28065,30282,51051,24653,26398,29169,14101,15068,7293,3455,3838,
36490,29181,13963,15218,51062,24606,26456,58355,28069,30286,51058,24657,26401,29173,14103,15070,7294,3455,3839,
36495,29185,13964,15221,51069,24610,26459,58363,28073,30290,51065,24662,26403,29177,14105,15072,7295,3455,3840,
36500,29189,13965,15224,51076,24612,26464,58371,28076,30295,51072,24667,26405,29181,14108,15073,7296,3456,3840,
36505,29193,13967,15226,51083,24617,26466,58379,28079,30300,51079,24671,26408,29185,14110,15075,7297,3457,3840,
36510,29197,13970,15227,51090,24620,26470,58387,28084,30303,51086,24677,26409,29189,14112,15077,7298,3458,3840,
36515,29201,13973,15228,51097,24624,26473,58395,28085,30310,51093,24680,26413,29193,14115,15078,7299,3458,3841,
36520,29205,13974,15231,51104,24628,26476,58403,28093,30310,51100,24683,26417,29197,14117,15080,7300,3459,3841,
36525,29209,13976,15233,51111,24633,26478,58411,28096,30315,51107,24686,26421,29201,14119,15082,7301,3459,3842,
36530,29213,13978,15235,51118,24638,26480,58419,28101,30318,51114,24690,26424,29205,14121,15084,7302,3459,3843,
36535,29217,13979,15238,51125,24639,26486,58427,28105,30322,51121,24695,26426,29209,14123,15086,7303,3460,3843,
36540,29221,13979,15242,51132,24642,26490,58435,28108,30327,51128,24698,26430,29213,14125,15088,7304,3460,3844,
36545,29225,13982,15243,51139,24647,26492,58443,28113,30330,51135,24702,26433,29217,14128,15089,7305,3461,3844,
36550,29229,13984,15245,51146,24649,26497,58451,28117,30334,51142,24705,26437,29221,14130,15091,7306,3461,3845,
36555,29233,13987,15246,51153,24654,26499,58459,28121,30338,51149,24710,26439,29225,14132,15093,7307,3461,3846,
36560,29237,13989,15248,51160,24660,26500,58467,28125,30342,51156,24713,26443,29229,14133,15096,7308,3462,3846,
36565,29241,13992,15249,51167,24662,26505,58475,28127,30348,51163,24716,26447,29233,14134,15099,7309,3463,3846,
36570,29245,13995,15250,51174,24668,26506,58483,28132,30351,51170,24718,26452,29237,14136,15101,7310,3463,3847,
36575,29249,13997,15252,51181,24672,26509,58491,28133,30358,51177,24723,26454,29241,14139,15102,7311,3464,3847,
36580,29253,13998,15255,51188,24677,26511,58499,28137,30362,51184,24727,26457,29245,14143,15102,7312,3464,3848,
36585,29257,14000,15257,51195,24680,26515,58507,28143,30364,51191,24730,26461,29249,14145,15104,7313,3464,3849,
36590,29261,14001,15260,51202,24684,26518,58515,28149,30366,51198,24734,26464,29253,14147,15106,7314,3465,3849,
36595,29265,14003,15262,51209,24687,26522,58523,28154,30369,51205,24737,26468,29257,14149,15108,7315,3466,3849,
36600,29269,14007,15262,51216,24690,26526,58531,28158,30373,51212,24739,26473,29261,14151,15110,7316,3467,3849,
36605,29273,14010,15263,51223,24694,26529,58539,28161,30378,51219,24742,26477,29265,14153,15112,7317,3467,3850,
36610,29277,14011,15266,51230,24695,26535,58547,28163,30384,51226,24746,26480,29269,14154,15115,7318,3467,3851,
36615,29281,14011,15270,51237,24696,26541,58555,28166,30389,51233,24748,26485,29273,14154,15119,7319,3467,3852,
36620,29285,14013,15272,51244,24700,26544,58563,28170,30393,51240,24753,26487,29277,14157,15120,7320,3468,3852,
36625,29289,14014,15275,51251,24706,26545,58571,28171,30400,51247,24755,26492,29281,14159,15122,7321,3468,3853,
36630,29293,14015,15278,51258,24711,26547,58579,28175,30404,51254,24759,26495,29285,14162,15123,7322,3468,3854,
36635,29297,14016,15281,51265,24715,26550,58587,28178,30409,51261,24762,26499,29289,14165,15124,7323,3469,3854,
36640,29301,14017,15284,51272,24719,26553,58595,28183,30412,51268,24766,26502,29293,14167,15126,7324,3469,3855,
36645,29305,14017,15288,51279,24722,26557,58603,28186,30417,51275,24767,26508,29297,14170,15127,7325,3469,3856,
36650,29309,14018,15291,51286,24726,26560,58611,28190,30421,51282,24772,26510,29301,14171,15130,7326,3469,3857,
36655,29313,14020,15293,51293,24733,26560,58619,28194,30425,51289,24776,26513,29305,14175,15130,7327,3470,3857,
36660,29317,14023,15294,51300,24737,26563,58627,28198,30429,51296,24781,26515,29309,14177,15132,7328,3470,3858,
36665,29321,14026,15295,51307,24740,26567,58635,28202,30433,51303,24784,26519,29313,14181,15132,7329,3470,3859,
36670,29325,14028,15297,51314,24741,26573,58643,28204,30439,51310,24787,26523,29317,14183,15134,7330,3471,3859,
36675,29329,14031,15298,51321,24745,26576,58651,28210,30441,51317,24789,26528,29321,14184,15137,7331,3471,3860,
36680,29333,14033,15300,51328,24747,26581,58659,28213,30446,51324,24794,26530,29325,14186,15139,7332,3471,3861,
36685,29337,14035,15302,51335,24750,26585,58667,28217,30450,51331,24799,26532,29329,14188,15141,7333,3471,3862,
36690,29341,14038,15303,51342,24754,26588,58675,28218,30457,51338,24802,26536,29333,14189,15144,7334,3471,3863,
36695,29345,14042,15303,51349,24755,26594,58683,28222,30461,51345,24806,26539,29337,14190,15147,7335,3471,3864,
36700,29349,14043,15306,51356,24757,26599,58691,28222,30469,51352,24810,26542,29341,14192,15149,7336,3471,3865,
36705,29353,14046,15307,51363,24760,26603,58699,28227,30472,51359,24816,26543,29345,14193,15152,7337,3472,3865,
36710,29357,14048,15309,51370,24762,26608,58707,28230,30477,51366,24818,26548,29349,14196,15153,7338,3472,3866,
36715,29361,14050,15311,51377,24767,26610,58715,28233,30482,51373,24821,26552,29353,14197,15156,7339,3472,3867,
36720,29365,14054,15311,51384,24771,26613,58723,28236,30487,51380,24826,26554,29357,14199,15158,7340,3473,3867,
36725,29369,14058,15311,51391,24776,26615,58731,28241,30490,51387,24830,26557,29361,14199,15162,7341,3473,3868,
36730,29373,14061,15312,51398,24779,26619,58739,28246,30493,51394,24832,26562,29365,14201,15164,7342,3473,3869,
36735,29377,14062,15315,51405,24780,26625,58747,28250,30497,51401,24834,26567,29369,14202,15167,7343,3473,3870,
36740,29381,14064,15317,51412,24786,26626,58755,28254,30501,51408,24837,26571,29373,14205,15168,7344,3473,3871,
36745,29385,14065,15320,51419,24789,26630,58763,28258,30505,51415,24841,26574,29377,14205,15172,7345,3474,3871,
36750,29389,14068,15321,51426,24792,26634,58771,28259,30512,51422,24846,26576,29381,14206,15175,7346,3475,3871,
36755,29393,14069,15324,51433,24795,26638,58779,28263,30516,51429,24851,26578,29385,14208,15177,7347,3475,3872,
36760,29397,14070,15327,51440,24799,26641,58787,28268,30519,51436,24852,26584,29389,14212,15177,7348,3475,3873,
36765,29401,14073,15328,51447,24800,26647,58795,28273,30522,51443,24855,26588,29393,14212,15181,7349,3475,3874,
36770,29405,14076,15329,51454,24806,26648,58803,28277,30526,51450,24859,26591,29397,14214,15183,7350,3476,3874,
36775,29409,14080,15329,51461,24808,26653,58811,28282,30529,51457,24860,26597,29401,14216,15185,7351,3476,3875,
36780,29413,14083,15330,51468,24810,26658,58819,28285,30534,51464,24862,26602,29405,14218,15187,7352,3477,3875,
36785,29417,14086,15331,51475,24811,26664,58827,28290,30537,51471,24865,26606,29409,14221,15188,7353,3477,3876,
36790,29421,14088,15333,51482,24813,26669,58835,28293,30542,51478,24868,26610,29413,14224,15189,7354,3477,3877,
36795,29425,14091,15334,51489,24815,26674,58843,28296,30547,51485,24872,26613,29417,14226,15191,7355,3478,3877,
36800,29429,14091,15338,51496,24818,26678,58851,28299,30552,51492,24877,26615,29421,14228,15193,7356,3479,3877,
36805,29433,14093,15340,51503,24821,26682,58859,28303,30556,51499,24881,26618,29425,14231,15194,7357,3479,3878,
36810,29437,14094,15343,51510,24826,26684,58867,28307,30560,51506,24885,26621,29429,14233,15196,7358,3479,3879,
36815,29441,14096,15345,51517,24831,26686,58875,28309,30566,51513,24889,26624,29433,14237,15196,7359,3479,3880,
36820,29445,14098,15347,51524,24834,26690,58883,28313,30570,51520,24892,26628,29437,14239,15198,7360,3480,3880,
36825,29449,14102,15347,51531,24837,26694,58891,28318,30573,51527,24895,26632,29441,14242,15199,7361,3481,3880,
36830,29453,14103,15350,51538,24840,26698,58899,28321,30578,51534,24899,26635,29445,14244,15201,7362,3481,3881,
36835,29457,14104,15353,51545,24844,26701,58907,28323,30584,51541,24901,26640,29449,14246,15203,7363,3482,3881,
36840,29461,14106,15355,51552,24846,26706,58915,28327,30588,51548,24905,26643,29453,14250,15203,7364,3482,3882,
36845,29465,14107,15358,51559,24848,26711,58923,28330,30593,51555,24910,26645,29457,14253,15204,7365,3483,3882,
36850,29469,14109,15360,51566,24851,26715,58931,28331,30600,51562,24914,26648,29461,14255,15206,7366,3484,3882,
36855,29473,14110,15363,51573,24854,26719,58939,28334,30605,51569,24917,26652,29465,14258,15207,7367,3484,3883,
36860,29477,14112,15365,51580,24858,26722,58947,28339,30608,51576,24922,26654,29469,14260,15209,7368,3485,3883,
36865,29481,14116,15365,51587,24861,26726,58955,28341,30614,51583,24926,26657,29473,14263,15210,7369,3486,3883,
36870,29485,14118,15367,51594,24864,26730,58963,28345,30618,51590,24929,26661,29477,14264,15213,7370,3486,3884,
36875,29489,14121,15368,51601,24866,26735,58971,28349,30622,51597,24935,26662,29481,14267,15214,7371,3486,3885,
36880,29493,14122,15371,51608,24869,26739,58979,28352,30627,51604,24938,26666,29485,14269,15216,7372,3486,3886,
36885,29497,14126,15371,51615,24876,26739,58987,28353,30634,51611,24943,26668,29489,14271,15218,7373,3486,3887,
36890,29501,14128,15373,51622,24878,26744,58995,28356,30639,51618,24946,26672,29493,14271,15222,7374,3486,3888,
36895,29505,14129,15376,51629,24881,26748,59003,28360,30643,51625,24949,26676,29497,14273,15224,7375,3486,3889,
36900,29509,14129,15380,51636,24884,26752,59011,28364,30647,51632,24949,26683,29501,14275,15226,7376,3487,3889,
36905,29513,14131,15382,51643,24885,26758,59019,28366,30653,51639,24954,26685,29505,14276,15229,7377,3487,3890,
36910,29517,14134,15383,51650,24891,26759,59027,28368,30659,51646,24955,26691,29509,14279,15230,7378,3487,3891,
36915,29521,14137,15384,51657,24896,26761,59035,28371,30664,51653,24958,26695,29513,14281,15232,7379,3488,3891,
36920,29525,14140,15385,51664,24899,26765,59043,28373,30670,51660,24960,26700,29517,14283,15234,7380,3488,3892,
36925,29529,14141,15388,51671,24903,26768,59051,28378,30673,51667,24961,26706,29521,14284,15237,7381,3488,3893,
36930,29533,14141,15392,51678,24907,26771,59059,28380,30679,51674,24965,26709,29525,14285,15240,7382,3488,3894,
36935,29537,14143,15394,51685,24909,26776,59067,28386,30681,51681,24966,26715,29529,14286,15243,7383,3489,3894,
36940,29541,14145,15396,51692,24911,26781,59075,28390,30685,51688,24970,26718,29533,14288,15245,7384,3490,3894,
36945,29545,14147,15398,51699,24914,26785,59083,28396,30687,51695,24972,26723,29537,14290,15247,7385,3490,3895,
36950,29549,14149,15400,51706,24916,26790,59091,28398,30693,51702,24975,26727,29541,14292,15249,7386,3491,3895,
36955,29553,14150,15403,51713,24918,26795,59099,28404,30695,51709,24979,26730,29545,14293,15252,7387,3491,3896,
36960,29557,14152,15405,51720,24922,26798,59107,28409,30698,51716,24981,26735,29549,14296,15253,7388,3491,3897,
36965,29561,14154,15407,51727,24927,26800,59115,28412,30703,51723,24984,26739,29553,14298,15255,7389,3491,3898,
36970,29565,14157,15408,51734,24929,26805,59123,28414,30709,51730,24988,26742,29557,14301,15256,7390,3492,3898,
36975,29569,14158,15411,51741,24932,26809,59131,28417,30714,51737,24991,26746,29561,14302,15259,7391,3493,3898,
36980,29573,14161,15412,51748,24935,26813,59139,28422,30717,51744,24996,26748,29565,14303,15262,7392,3493,3899,
36985,29577,14162,15415,51755,24940,26815,59147,28423,30724,51751,25000,26751,29569,14306,15263,7393,3493,3900,
36990,29581,14165,15416,51762,24944,26818,59155,28428,30727,51758,25004,26754,29573,14307,15266,7394,3493,3901,
36995,29585,14167,15418,51769,24948,26821,59163,28431,30732,51765,25007,26758,29577,14309,15268,7395,3493,3902,
37000,29589,14168,15421,51776,24951,26825,59171,28433,30738,51772,25011,26761,29581,14311,15270,7396,3494,3902,
37005,29593,14170,15423,51783,24954,26829,59179,28439,30740,51779,25016,26763,29585,14314,15271,7397,3494,3903,
37010,29597,14172,15425,51790,24957,26833,59187,28445,30742,51786,25019,26767,29589,14315,15274,7398,3495,3903,
37015,29601,14172,15429,51797,24962,26835,59195,28448,30747,51793,25021,26772,29593,14318,15275,7399,3496,3903,
37020,29605,14174,15431,51804,24966,26838,59203,28454,30749,51800,25025,26775,29597,14319,15278,7400,3497,3903,
37025,29609,14176,15433,51811,24970,26841,59211,28455,30756,51807,25029,26778,29601,14321,15280,7401,3497,3904,
37030,29613,14179,15434,51818,24974,26844,59219,28456,30763,51814,25030,26784,29605,14323,15282,7402,3497,3905,
37035,29617,14181,15436,51825,24978,26847,59227,28462,30765,51821,25034,26787,29609,14325,15284,7403,3498,3905,
37040,29621,14184,15437,51832,24983,26849,59235,28465,30770,51828,25036,26792,29613,14326,15287,7404,3499,3905,
37045,29625,14186,15439,51839,24986,26853,59243,28468,30775,51835,25041,26794,29617,14327,15290,7405,3499,3906,
37050,29629,14188,15441,51846,24987,26859,59251,28469,30782,51842,25045,26797,29621,14328,15293,7406,3500,3906,
37055,29633,14190,15443,51853,24990,26863,59259,28474,30785,51849,25050,26799,29625,14331,15294,7407,3500,3907,
37060,29637,14192,15445,51860,24993,26867,59267,28479,30788,51856,25053,26803,29629,14332,15297,7408,3500,3908,
37065,29641,14195,15446,51867,24995,26872,59275,28484,30791,51863,25056,26807,29633,14334,15299,7409,3501,3908,
37070,29645,14197,15448,51874,25000,26874,59283,28489,30794,51870,25060,26810,29637,14336,15301,7410,3501,3909,
37075,29649,14198,15451,51881,25003,26878,59291,28492,30799,51877,25064,26813,29641,14338,15303,7411,3501,3910,
37080,29653,14200,15453,51888,25008,26880,59299,28495,30804,51884,25064,26820,29645,14342,15303,7412,3502,3910,
37085,29657,14201,15456,51895,25011,26884,59307,28498,30809,51891,25069,26822,29649,14343,15306,7413,3503,3910,
37090,29661,14202,15459,51902,25014,26888,59315,28504,30811,51898,25072,26826,29653,14345,15308,7414,3504,3910,
37095,29665,14202,15463,51909,25017,26892,59323,28508,30815,51905,25075,26830,29657,14349,15308,7415,3505,3910,
37100,29669,14203,15466,51916,25022,26894,59331,28513,30818,51912,25079,26833,29661,14350,15311,7416,3506,3910,
37105,29673,14204,15469,51923,25025,26898,59339,28515,30824,51919,25083,26836,29665,14352,15313,7417,3506,3911,
37110,29677,14206,15471,51930,25027,26903,59347,28518,30829,51926,25085,26841,29669,14354,15315,7418,3506,3912,
37115,29681,14209,15472,51937,25031,26906,59355,28520,30835,51933,25089,26844,29673,14355,15318,7419,3506,3913,
37120,29685,14210,15475,51944,25035,26909,59363,28526,30837,51940,25094,26846,29677,14355,15322,7420,3507,3913,
37125,29689,14211,15478,51951,25037,26914,59371,28531,30840,51947,25099,26848,29681,14357,15324,7421,3508,3913,
37130,29693,14214,15479,51958,25041,26917,59379,28535,30844,51954,25103,26851,29685,14360,15325,7422,3508,3914,
37135,29697,14215,15482,51965,25043,26922,59387,28540,30847,51961,25109,26852,29689,14361,15328,7423,3508,3915,
37140,29701,14216,15485,51972,25046,26926,59395,28542,30853,51968,25111,26857,29693,14365,15328,7424,3509,3915,
37145,29705,14217,15488,51979,25047,26932,59403,28547,30856,51975,25116,26859,29697,14368,15329,7425,3510,3915,
37150,29709,14218,15491,51986,25049,26937,59411,28551,30860,51982,25119,26863,29701,14369,15332,7426,3511,3915,
37155,29713,14219,15494,51993,25053,26940,59419,28554,30865,51989,25122,26867,29705,14372,15333,7427,3512,3915,
37160,29717,14221,15496,52000,25055,26945,59427,28557,30870,51996,25128,26868,29709,14374,15335,7428,3513,3915,
37165,29721,14222,15499,52007,25058,26949,59435,28562,30873,52003,25131,26872,29713,14377,15336,7429,3514,3915,
37170,29725,14225,15500,52014,25064,26950,59443,28566,30877,52010,25134,26876,29717,14379,15338,7430,3515,3915,
37175,29729,14228,15501,52021,25067,26954,59451,28569,30882,52017,25137,26880,29721,14381,15340,7431,3515,3916,
37180,29733,14230,15503,52028,25070,26958,59459,28573,30886,52024,25140,26884,29725,14385,15340,7432,3515,3917,
37185,29737,14231,15506,52035,25073,26962,59467,28578,30889,52031,25142,26889,29729,14387,15342,7433,3515,3918,
37190,29741,14231,15510,52042,25076,26966,59475,28583,30892,52038,25146,26892,29733,14389,15344,7434,3516,3918,
37195,29745,14233,15512,52049,25081,26968,59483,28588,30895,52045,25149,26896,29737,14392,15345,7435,3516,3919,
37200,29749,14234,15515,52056,25084,26972,59491,28593,30898,52052,25150,26902,29741,14394,15347,7436,3516,3920,
37205,29753,14237,15516,52063,25085,26978,59499,28596,30903,52059,25156,26903,29745,14395,15350,7437,3517,3920,
37210,29757,14240,15517,52070,25089,26981,59507,28600,30907,52066,25161,26905,29749,14398,15351,7438,3517,3921,
37215,29761,14243,15518,52077,25090,26987,59515,28601,30914,52073,25164,26909,29753,14401,15352,7439,3517,3922,
37220,29765,14244,15521,52084,25094,26990,59523,28605,30918,52080,25167,26913,29757,14401,15356,7440,3518,3922,
37225,29769,14247,15522,52091,25098,26993,59531,28608,30923,52087,25170,26917,29761,14403,15358,7441,3519,3922,
37230,29773,14249,15524,52098,25100,26998,59539,28611,30928,52094,25171,26923,29765,14405,15360,7442,3519,3923,
37235,29777,14250,15527,52105,25104,27001,59547,28615,30932,52101,25173,26928,29769,14409,15360,7443,3520,3923,
37240,29781,14251,15530,52112,25108,27004,59555,28617,30938,52108,25176,26932,29773,14412,15361,7444,3521,3923,
37245,29785,14252,15533,52119,25112,27007,59563,28621,30942,52115,25178,26937,29777,14415,15362,7445,3521,3924,
37250,29789,14254,15535,52126,25116,27010,59571,28623,30948,52122,25183,26939,29781,14416,15365,7446,3522,3924,
37255,29793,14255,15538,52133,25119,27014,59579,28627,30952,52129,25188,26941,29785,14417,15368,7447,3522,3925,
37260,29797,14259,15538,52140,25122,27018,59587,28630,30957,52136,25191,26945,29789,14418,15371,7448,3522,3926,
37265,29801,14261,15540,52147,25127,27020,59595,28636,30959,52143,25196,26947,29793,14422,15371,7449,3522,3927,
37270,29805,14263,15542,52154,25132,27022,59603,28639,30964,52150,25198,26952,29797,14426,15371,7450,3523,3927,
37275,29809,14265,15544,52161,25134,27027,59611,28644,30967,52157,25204,26953,29801,14428,15373,7451,3523,3928,
37280,29813,14266,15547,52168,25137,27031,59619,28648,30971,52164,25207,26957,29805,14430,15375,7452,3523,3929,
37285,29817,14267,15550,52175,25141,27034,59627,28654,30973,52171,25211,26960,29809,14433,15376,7453,3523,3930,
37290,29821,14267,15554,52182,25143,27039,59635,28655,30980,52178,25214,26964,29813,14434,15379,7454,3524,3930,
37295,29825,14269,15556,52189,25145,27044,59643,28660,30983,52185,25216,26969,29817,14436,15381,7455,3525,3930,
37300,29829,14271,15558,52196,25150,27046,59651,28665,30986,52192,25219,26973,29821,14437,15384,7456,3526,3930,
37305,29833,14272,15561,52203,25155,27048,59659,28668,30991,52199,25222,26977,29825,14438,15387,7457,3526,3931,
37310,29837,14275,15562,52210,25157,27053,59667,28672,30995,52206,25226,26980,29829,14439,15390,7458,3527,3931,
37315,29841,14278,15563,52217,25162,27055,59675,28673,31002,52213,25229,26984,29833,14440,15393,7459,3527,3932,
37320,29845,14281,15564,52224,25166,27058,59683,28677,31006,52220,25233,26987,29837,14440,15397,7460,3528,3932,
37325,29849,14283,15566,52231,25169,27062,59691,28682,31009,52227,25236,26991,29841,14442,15399,7461,3529,3932,
37330,29853,14285,15568,52238,25174,27064,59699,28683,31016,52234,25239,26995,29845,14444,15401,7462,3529,3933,
37335,29857,14286,15571,52245,25178,27067,59707,28687,31020,52241,25242,26999,29849,14445,15404,7463,3529,3934,
37340,29861,14289,15572,52252,25182,27070,59715,28693,31022,52248,25245,27003,29853,14448,15405,7464,3529,3935,
37345,29865,14291,15574,52259,25185,27074,59723,28698,31025,52255,25247,27008,29857,14450,15407,7465,3530,3935,
37350,29869,14293,15576,52266,25187,27079,59731,28700,31031,52262,25253,27009,29861,14451,15410,7466,3531,3935,
37355,29873,14296,15577,52273,25191,27082,59739,28705,31034,52269,25256,27013,29865,14455,15410,7467,3531,3936,
37360,29877,14298,15579,52280,25192,27088,59747,28707,31040,52276,25259,27017,29869,14459,15410,7468,3532,3936,
37365,29881,14300,15581,52287,25197,27090,59755,28710,31045,52283,25262,27021,29873,14460,15413,7469,3533,3936,
37370,29885,14300,15585,52294,25199,27095,59763,28712,31051,52290,25264,27026,29877,14461,15416,7470,3534,3936,
37375,29889,14301,15588,52301,25203,27098,59771,28714,31057,52297,25266,27031,29881,14461,15420,7471,3534,3937,
37380,29893,14302,15591,52308,25206,27102,59779,28718,31061,52304,25268,27036,29885,14464,15421,7472,3535,3937,
37385,29897,14304,15593,52315,25210,27105,59787,28722,31065,52311,25269,27042,29889,14465,15424,7473,3535,3938,
37390,29901,14308,15593,52322,25214,27108,59795,28725,31070,52318,25275,27043,29893,14468,15425,7474,3536,3938,
37395,29905,14310,15595,52329,25216,27113,59803,28729,31074,52325,25278,27047,29897,14469,15428,7475,3536,3939,
37400,29909,14312,15597,52336,25219,27117,59811,28734,31077,52332,25283,27049,29901,14471,15430,7476,3537,3939,
37405,29913,14313,15600,52343,25222,27121,59819,28740,31079,52339,25286,27053,29905,14471,15434,7477,3538,3939,
37410,29917,14315,15602,52350,25226,27124,59827,28744,31083,52346,25287,27059,29909,14473,15436,7478,3539,3939,
37415,29921,14318,15603,52357,25229,27128,59835,28747,31088,52353,25292,27061,29913,14475,15438,7479,3539,3940,
37420,29925,14319,15606,52364,25233,27131,59843,28751,31092,52360,25296,27064,29917,14477,15440,7480,3540,3940,
37425,29929,14320,15609,52371,25239,27132,59851,28756,31095,52367,25298,27069,29921,14480,15441,7481,3540,3941,
37430,29933,14321,15612,52378,25243,27135,59859,28760,31099,52374,25300,27074,29925,14482,15443,7482,3541,3941,
37435,29937,14322,15615,52385,25248,27137,59867,28765,31102,52381,25304,27077,29929,14483,15446,7483,3541,3942,
37440,29941,14325,15616,52392,25252,27140,59875,28770,31105,52388,25308,27080,29933,14485,15448,7484,3542,3942,
37445,29945,14326,15619,52399,25257,27142,59883,28774,31109,52395,25311,27084,29937,14487,15450,7485,3542,3943,
37450,29949,14327,15622,52406,25260,27146,59891,28778,31113,52402,25315,27087,29941,14488,15453,7486,3542,3944,
37455,29953,14329,15624,52413,25265,27148,59899,28781,31118,52409,25318,27091,29945,14489,15456,7487,3542,3945,
37460,29957,14329,15628,52420,25270,27150,59907,28787,31120,52416,25322,27094,29949,14491,15458,7488,3543,3945,
37465,29961,14333,15628,52427,25275,27152,59915,28791,31124,52423,25327,27096,29953,14491,15462,7489,3543,3946,
37470,29965,14335,15630,52434,25281,27153,59923,28795,31128,52430,25330,27100,29957,14493,15464,7490,3543,3947,
37475,29969,14336,15633,52441,25283,27158,59931,28798,31133,52437,25334,27103,29961,14495,15466,7491,3543,3948,
37480,29973,14338,15635,52448,25288,27160,59939,28800,31139,52444,25336,27108,29965,14498,15467,7492,3544,3948,
37485,29977,14341,15636,52455,25291,27164,59947,28803,31144,52451,25340,27111,29969,14500,15469,7493,3544,3949,
37490,29981,14343,15638,52462,25296,27166,59955,28806,31149,52458,25345,27113,29973,14503,15470,7494,3544,3950,
37495,29985,14345,15640,52469,25298,27171,59963,28812,31151,52465,25347,27118,29977,14504,15473,7495,3544,3951,
37500,29989,14347,15642,52476,25301,27175,59971,28816,31155,52472,25350,27122,29981,14506,15475,7496,3544,3952,
37505,29993,14350,15643,52483,25302,27181,59979,28823,31156,52479,25352,27127,29985,14507,15478,7497,3545,3952,
37510,29997,14351,15646,52490,25305,27185,59987,28825,31162,52486,25353,27133,29989,14509,15480,7498,3545,3953,
37515,30001,14351,15650,52497,25309,27188,59995,28827,31168,52493,25356,27137,29993,14509,15484,7499,3545,3954,
37520,30005,14352,15653,52504,25313,27191,60003,28831,31172,52500,25359,27141,29997,14511,15486,7500,3545,3955,
37525,30009,14354,15655,52511,25317,27194,60011,28835,31176,52507,25363,27144,30001,14515,15486,7501,3545,3956,
37530,30013,14356,15657,52518,25321,27197,60019,28842,31177,52514,25368,27146,30005,14516,15489,7502,3546,3956,
37535,30017,14357,15660,52525,25323,27202,60027,28846,31181,52521,25372,27149,30009,14517,15492,7503,3546,3957,
37540,30021,14359,15662,52532,25326,27206,60035,28851,31184,52528,25376,27152,30013,14518,15495,7504,3546,3958,
37545,30025,14359,15666,52539,25332,27207,60043,28855,31188,52535,25381,27154,30017,14522,15495,7505,3547,3958,
37550,30029,14360,15669,52546,25335,27211,60051,28862,31189,52542,25383,27159,30021,14523,15498,7506,3548,3958,
37555,30033,14361,15672,52553,25340,27213,60059,28864,31195,52549,25388,27161,30025,14525,15500,7507,3549,3958,
37560,30037,14363,15674,52560,25343,27217,60067,28866,31201,52556,25391,27165,30029,14526,15503,7508,3550,3958,
37565,30041,14366,15675,52567,25346,27221,60075,28871,31204,52563,25394,27169,30033,14528,15505,7509,3551,3958,
37570,30045,14368,15677,52574,25347,27227,60083,28874,31209,52570,25398,27172,30037,14529,15508,7510,3551,3959,
37575,30049,14371,15678,52581,25352,27229,60091,28879,31212,52577,25404,27173,30041,14531,15510,7511,3551,3960,
37580,30053,14374,15679,52588,25356,27232,60099,28883,31216,52584,25408,27176,30045,14533,15512,7512,3551,3961,
37585,30057,14375,15682,52595,25360,27235,60107,28885,31222,52591,25409,27182,30049,14536,15513,7513,3552,3961,
37590,30061,14377,15684,52602,25364,27238,60115,28887,31228,52598,25412,27186,30053,14536,15517,7514,3553,3961,
37595,30065,14377,15688,52609,25370,27239,60123,28892,31231,52605,25413,27192,30057,14537,15520,7515,3554,3961,
37600,30069,14379,15690,52616,25372,27244,60131,28895,31236,52612,25416,27196,30061,14540,15521,7516,3555,3961,
37605,30073,14381,15692,52623,25375,27248,60139,28898,31241,52619,25418,27201,30065,14541,15524,7517,3555,3962,
37610,30077,14383,15694,52630,25379,27251,60147,28901,31246,52626,25422,27204,30069,14543,15526,7518,3555,3963,
37615,30081,14385,15696,52637,25381,27256,60155,28903,31252,52633,25426,27207,30073,14544,15529,7519,3555,3964,
37620,30085,14387,15698,52644,25385,27259,60163,28907,31256,52640,25430,27210,30077,14546,15531,7520,3555,3965,
37625,30089,14388,15701,52651,25388,27263,60171,28912,31259,52647,25432,27215,30081,14546,15535,7521,3556,3965,
37630,30093,14390,15703,52658,25392,27266,60179,28917,31262,52654,25435,27219,30085,14547,15538,7522,3557,3965,
37635,30097,14392,15705,52665,25395,27270,60187,28919,31268,52661,25438,27223,30089,14548,15541,7523,3557,3966,
37640,30101,14395,15706,52672,25398,27274,60195,28923,31272,52668,25441,27227,30093,14550,15543,7524,3558,3966,
37645,30105,14395,15710,52679,25402,27277,60203,28929,31274,52675,25445,27230,30097,14551,15546,7525,3558,3967,
37650,30109,14398,15711,52686,25404,27282,60211,28930,31281,52682,25448,27234,30101,14552,15549,7526,3558,3968,
37655,30113,14399,15714,52693,25408,27285,60219,28932,31287,52689,25453,27236,30105,14555,15550,7527,3558,3969,
37660,30117,14400,15717,52700,25411,27289,60227,28937,31290,52696,25457,27239,30109,14558,15551,7528,3558,3970,
37665,30121,14404,15717,52707,25415,27292,60235,28940,31295,52703,25458,27245,30113,14560,15553,7529,3558,3971,
37670,30125,14404,15721,52714,25421,27293,60243,28943,31300,52710,25460,27250,30117,14563,15554,7530,3558,3972,
37675,30129,14406,15723,52721,25425,27296,60251,28947,31304,52717,25464,27253,30121,14563,15558,7531,3558,3973,
37680,30133,14407,15726,52728,25428,27300,60259,28950,31309,52724,25466,27258,30125,14565,15560,7532,3558,3974,
37685,30137,14409,15728,52735,25431,27304,60267,28954,31313,52731,25468,27263,30129,14566,15563,7533,3559,3974,
37690,30141,14410,15731,52742,25434,27308,60275,28959,31316,52738,25470,27268,30133,14568,15565,7534,3560,3974,
37695,30145,14412,15733,52749,25436,27313,60283,28963,31320,52745,25472,27273,30137,14571,15566,7535,3560,3975,
37700,30149,14415,15734,52756,25438,27318,60291,28966,31325,52752,25474,27278,30141,14575,15566,7536,3560,3976,
37705,30153,14418,15735,52763,25439,27324,60299,28969,31330,52759,25475,27284,30145,14577,15568,7537,3560,3977,
37710,30157,14421,15736,52770,25443,27327,60307,28971,31336,52766,25478,27288,30149,14578,15571,7538,3560,3978,
37715,30161,14422,15739,52777,25446,27331,60315,28974,31341,52773,25480,27293,30153,14581,15572,7539,3560,3979,
37720,30165,14424,15741,52784,25449,27335,60323,28980,31343,52780,25482,27298,30157,14581,15576,7540,3561,3979,
37725,30169,14427,15742,52791,25453,27338,60331,28985,31346,52787,25483,27304,30161,14583,15578,7541,3561,3980,
37730,30173,14431,15742,52798,25456,27342,60339,28988,31351,52794,25488,27306,30165,14586,15579,7542,3562,3980,
37735,30177,14433,15744,52805,25458,27347,60347,28991,31356,52801,25492,27309,30169,14587,15582,7543,3562,3981,
37740,30181,14434,15747,52812,25460,27352,60355,28994,31361,52808,25498,27310,30173,14589,15584,7544,3563,3981,
37745,30185,14438,15747,52819,25466,27353,60363,28997,31366,52815,25504,27311,30177,14591,15586,7545,3564,3981,
37750,30189,14442,15747,52826,25469,27357,60371,28998,31373,52822,25507,27315,30181,14592,15589,7546,3564,3982,
37755,30193,14445,15748,52833,25472,27361,60379,29005,31374,52829,25510,27319,30185,14593,15592,7547,3564,3983,
37760,30197,14446,15751,52840,25475,27365,60387,29009,31378,52836,25512,27324,30189,14596,15593,7548,3564,3984,
37765,30201,14448,15753,52847,25478,27369,60395,29012,31383,52843,25517,27326,30193,14600,15593,7549,3564,3985,
37770,30205,14449,15756,52854,25481,27373,60403,29017,31386,52850,25522,27328,30197,14603,15594,7550,3564,3986,
37775,30209,14451,15758,52861,25485,27376,60411,29019,31392,52857,25524,27333,30201,14606,15595,7551,3564,3987,
37780,30213,14453,15760,52868,25487,27381,60419,29021,31398,52864,25528,27336,30205,14609,15596,7552,3564,3988,
37785,30217,14455,15762,52875,25491,27384,60427,29023,31404,52871,25534,27337,30209,14611,15598,7553,3564,3989,
37790,30221,14458,15763,52882,25496,27386,60435,29028,31407,52878,25540,27338,30213,14612,15601,7554,3565,3989,
37795,30225,14460,15765,52889,25499,27390,60443,29032,31411,52885,25546,27339,30217,14614,15603,7555,3565,3990,
37800,30229,14462,15767,52896,25502,27394,60451,29037,31414,52892,25547,27345,30221,14616,15605,7556,3566,3990,
37805,30233,14464,15769,52903,25506,27397,60459,29039,31420,52899,25551,27348,30225,14617,15608,7557,3566,3991,
37810,30237,14468,15769,52910,25508,27402,60467,29043,31424,52906,25551,27355,30229,14620,15609,7558,3566,3992,
37815,30241,14468,15773,52917,25513,27404,60475,29048,31427,52913,25555,27358,30233,14622,15611,7559,3566,3993,
37820,30245,14471,15774,52924,25515,27409,60483,29052,31431,52920,25557,27363,30237,14623,15614,7560,3566,3994,
37825,30249,14473,15776,52931,25518,27413,60491,29056,31435,52927,25558,27369,30241,14624,15617,7561,3566,3995,
37830,30253,14476,15777,52938,25520,27418,60499,29059,31440,52934,25561,27373,30245,14624,15621,7562,3567,3995,
37835,30257,14478,15779,52945,25522,27423,60507,29063,31444,52941,25563,27378,30249,14624,15625,7563,3567,3996,
37840,30261,14482,15779,52952,25524,27428,60515,29070,31445,52948,25568,27380,30253,14624,15629,7564,3567,3997,
37845,30265,14483,15782,52959,25527,27432,60523,29073,31450,52955,25569,27386,30257,14624,15633,7565,3567,3998,
37850,30269,14483,15786,52966,25529,27437,60531,29078,31453,52962,25571,27391,30261,14626,15635,7566,3568,3998,
37855,30273,14486,15787,52973,25530,27443,60539,29083,31456,52969,25575,27394,30265,14629,15636,7567,3569,3998,
37860,30277,14487,15790,52980,25533,27447,60547,29085,31462,52976,25579,27397,30269,14630,15639,7568,3569,3999,
37865,30281,14490,15791,52987,25538,27449,60555,29087,31468,52983,25582,27401,30273,14633,15640,7569,3570,3999,
37870,30285,14492,15793,52994,25540,27454,60563,29089,31474,52990,25587,27403,30277,14635,15642,7570,3571,3999,
37875,30289,14496,15793,53001,25542,27459,60571,29092,31479,52997,25593,27404,30281,14636,15645,7571,3571,4000,
37880,30293,14497,15796,53008,25545,27463,60579,29095,31484,53004,25597,27407,30285,14639,15646,7572,3572,4000,
37885,30297,14499,15798,53015,25549,27466,60587,29099,31488,53011,25601,27410,30289,14642,15647,7573,3572,4001,
37890,30301,14500,15801,53022,25552,27470,60595,29100,31495,53018,25602,27416,30293,14642,15651,7574,3573,4001,
37895,30305,14503,15802,53029,25555,27474,60603,29102,31501,53025,25605,27420,30297,14642,15655,7575,3574,4001,
37900,30309,14503,15806,53036,25560,27476,60611,29107,31504,53032,25607,27425,30301,14645,15656,7576,3574,4002,
37905,30313,14503,15810,53043,25564,27479,60619,29112,31507,53039,25612,27427,30305,14646,15659,7577,3575,4002,
37910,30317,14505,15812,53050,25566,27484,60627,29115,31512,53046,25613,27433,30309,14649,15660,7578,3575,4003,
37915,30321,14507,15814,53057,25571,27486,60635,29119,31516,53053,25618,27435,30313,14651,15662,7579,3576,4003,
37920,30325,14509,15816,53064,25574,27490,60643,29124,31519,53060,25622,27438,30317,14652,15665,7580,3577,4003,
37925,30329,14510,15819,53071,25576,27495,60651,29129,31522,53067,25624,27443,30321,14653,15668,7581,3577,4004,
37930,30333,14512,15821,53078,25581,27497,60659,29132,31527,53074,25629,27445,30325,14655,15670,7582,3577,4005,
37935,30337,14513,15824,53085,25584,27501,60667,29135,31532,53081,25633,27448,30329,14657,15672,7583,3577,4006,
37940,30341,14516,15825,53092,25588,27504,60675,29138,31537,53088,25636,27452,30333,14658,15675,7584,3577,4007,
37945,30345,14518,15827,53099,25593,27506,60683,29141,31542,53095,25639,27456,30337,14660,15677,7585,3577,4008,
37950,30349,14519,15830,53106,25595,27511,60691,29147,31544,53102,25642,27460,30341,14662,15679,7586,3578,4008,
37955,30353,14522,15831,53113,25599,27514,60699,29151,31548,53109,25646,27463,30345,14663,15682,7587,3579,4008,
37960,30357,14524,15833,53120,25603,27517,60707,29154,31553,53116,25649,27467,30349,14664,15685,7588,3580,4008,
37965,30361,14524,15837,53127,25606,27521,60715,29156,31559,53123,25651,27472,30353,14666,15687,7589,3580,4009,
37970,30365,14526,15839,53134,25610,27524,60723,29159,31564,53130,25653,27477,30357,14668,15689,7590,3581,4009,
37975,30369,14528,15841,53141,25613,27528,60731,29164,31567,53137,25656,27481,30361,14669,15692,7591,3581,4010,
37980,30373,14530,15843,53148,25617,27531,60739,29169,31570,53144,25660,27484,30365,14671,15694,7592,3581,4011,
37985,30377,14533,15844,53155,25621,27534,60747,29172,31575,53151,25664,27487,30369,14672,15697,7593,3581,4012,
37990,30381,14535,15846,53162,25624,27538,60755,29173,31582,53158,25668,27490,30373,14673,15700,7594,3581,4013,
37995,30385,14536,15849,53169,25628,27541,60763,29176,31587,53165,25672,27493,30377,14674,15703,7595,3581,4014,
38000,30389,14539,15850,53176,25631,27545,60771,29180,31591,53172,25674,27498,30381,14676,15705,7596,3581,4015,
38005,30393,14542,15851,53183,25634,27549,60779,29184,31595,53179,25677,27502,30385,14678,15707,7597,3581,4016,
38010,30397,14544,15853,53190,25637,27553,60787,29185,31602,53186,25681,27505,30389,14681,15708,7598,3582,4016,
38015,30401,14546,15855,53197,25639,27558,60795,29188,31607,53193,25684,27509,30393,14684,15709,7599,3582,4017,
38020,30405,14547,15858,53204,25640,27564,60803,29192,31611,53200,25688,27512,30397,14685,15712,7600,3583,4017,
38025,30409,14548,15861,53211,25645,27566,60811,29196,31615,53207,25692,27515,30401,14689,15712,7601,3583,4018,
38030,30413,14551,15862,53218,25649,27569,60819,29200,31619,53214,25692,27522,30405,14690,15715,7602,3583,4019,
38035,30417,14554,15863,53225,25654,27571,60827,29205,31622,53221,25698,27523,30409,14692,15717,7603,3584,4019,
38040,30421,14555,15866,53232,25656,27576,60835,29209,31626,53228,25702,27526,30413,14694,15719,7604,3584,4020,
38045,30425,14558,15867,53239,25660,27579,60843,29214,31629,53235,25705,27530,30417,14697,15720,7605,3584,4021,
38050,30429,14560,15869,53246,25662,27584,60851,29219,31632,53242,25707,27535,30421,14698,15723,7606,3584,4022,
38055,30433,14563,15870,53253,25666,27587,60859,29225,31634,53249,25709,27540,30425,14701,15724,7607,3585,4022,
38060,30437,14565,15872,53260,25671,27589,60867,29229,31638,53256,25714,27542,30429,14703,15726,7608,3585,4023,
38065,30441,14567,15874,53267,25673,27594,60875,29230,31645,53263,25719,27544,30433,14704,15729,7609,3585,4024,
38070,30445,14570,15875,53274,25676,27598,60883,29235,31648,53270,25724,27546,30437,14706,15731,7610,3585,4025,
38075,30449,14571,15878,53281,25681,27600,60891,29240,31651,53277,25729,27548,30441,14708,15733,7611,3586,4025,
38080,30453,14573,15880,53288,25682,27606,60899,29243,31656,53284,25734,27550,30445,14710,15735,7612,3587,4025,
38085,30457,14576,15881,53295,25687,27608,60907,29247,31660,53291,25739,27552,30449,14711,15738,7613,3587,4026,
38090,30461,14576,15885,53302,25688,27614,60915,29251,31664,53298,25741,27557,30453,14713,15740,7614,3588,4026,
38095,30465,14578,15887,53309,25691,27618,60923,29254,31669,53305,25743,27562,30457,14716,15741,7615,3589,4026,
38100,30469,14580,15889,53316,25694,27622,60931,29259,31672,53312,25746,27566,30461,14718,15743,7616,3589,4027,
38105,30473,14582,15891,53323,25700,27623,60939,29263,31676,53319,25751,27568,30465,14719,15746,7617,3590,4027,
38110,30477,14584,15893,53330,25703,27627,60947,29267,31680,53326,25756,27570,30469,14722,15747,7618,3590,4028,
38115,30481,14587,15894,53337,25706,27631,60955,29271,31684,53333,25759,27574,30473,14724,15749,7619,3591,4028,
38120,30485,14590,15895,53344,25710,27634,60963,29277,31686,53340,25762,27578,30477,14725,15752,7620,3591,4029,
38125,30489,14593,15896,53351,25711,27640,60971,29282,31689,53347,25764,27583,30481,14726,15755,7621,3592,4029,
38130,30493,14595,15898,53358,25714,27644,60979,29286,31693,53354,25768,27586,30485,14726,15759,7622,3592,4030,
38135,30497,14599,15898,53365,25717,27648,60987,29291,31696,53361,25770,27591,30489,14727,15762,7623,3593,4030,
38140,30501,14599,15902,53372,25720,27652,60995,29296,31699,53368,25773,27595,30493,14729,15764,7624,3594,4030,
38145,30505,14600,15905,53379,25722,27657,61003,29298,31705,53375,25777,27598,30497,14732,15765,7625,3595,4030,
38150,30509,14602,15907,53386,25725,27661,61011,29302,31709,53382,25783,27599,30501,14736,15765,7626,3595,4031,
38155,30513,14604,15909,53393,25728,27665,61019,29306,31713,53389,25784,27605,30505,14738,15767,7627,3596,4031,
38160,30517,14606,15911,53400,25735,27665,61027,29310,31717,53396,25787,27609,30509,14739,15770,7628,3597,4031,
38165,30521,14608,15913,53407,25741,27666,61035,29312,31723,53403,25792,27611,30513,14740,15773,7629,3598,4031,
38170,30525,14610,15915,53414,25743,27671,61043,29315,31728,53410,25795,27615,30517,14742,15775,7630,3598,4032,
38175,30529,14613,15916,53421,25746,27675,61051,29320,31731,53417,25799,27618,30521,14743,15778,7631,3598,4033,
38180,30533,14615,15918,53428,25749,27679,61059,29324,31735,53424,25802,27622,30525,14745,15780,7632,3598,4034,
38185,30537,14617,15920,53435,25751,27684,61067,29327,31740,53431,25805,27626,30529,14748,15781,7633,3598,4035,
38190,30541,14621,15920,53442,25755,27687,61075,29328,31747,53438,25807,27631,30533,14748,15785,7634,3599,4035,
38195,30545,14623,15922,53449,25758,27691,61083,29333,31750,53445,25810,27635,30537,14751,15786,7635,3599,4036,
38200,30549,14627,15922,53456,25761,27695,61091,29336,31755,53452,25814,27638,30541,14752,15789,7636,3600,4036,
38205,30553,14628,15925,53463,25765,27698,61099,29341,31758,53459,25817,27642,30545,14754,15791,7637,3600,4037,
38210,30557,14630,15927,53470,25769,27701,61107,29343,31764,53466,25820,27646,30549,14756,15793,7638,3601,4037,
38215,30561,14632,15929,53477,25773,27704,61115,29349,31766,53473,25823,27650,30553,14759,15794,7639,3602,4037,
38220,30565,14635,15930,53484,25777,27707,61123,29351,31772,53480,25825,27655,30557,14761,15796,7640,3602,4038,
38225,30569,14635,15934,53491,25779,27712,61131,29355,31776,53487,25826,27661,30561,14762,15799,7641,3602,4039,
38230,30573,14637,15936,53498,25782,27716,61139,29361,31778,53494,25829,27665,30565,14763,15802,7642,3602,4040,
38235,30577,14639,15938,53505,25788,27717,61147,29364,31783,53501,25835,27666,30569,14765,15804,7643,3602,4041,
38240,30581,14640,15941,53512,25793,27719,61155,29368,31787,53508,25840,27668,30573,14766,15807,7644,3603,4041,
38245,30585,14642,15943,53519,25796,27723,61163,29372,31791,53515,25845,27670,30577,14768,15809,7645,3603,4042,
38250,30589,14644,15945,53526,25801,27725,61171,29375,31796,53522,25848,27674,30581,14771,15810,7646,3603,4043,
38255,30593,14645,15948,53533,25806,27727,61179,29378,31801,53529,25853,27676,30585,14775,15810,7647,3604,4043,
38260,30597,14646,15951,53540,25811,27729,61187,29383,31804,53536,25856,27680,30589,14777,15812,7648,3604,4044,
38265,30601,14648,15953,53547,25815,27732,61195,29388,31807,53543,25859,27684,30593,14778,15815,7649,3605,4044,
38270,30605,14648,15957,53554,25817,27737,61203,29393,31810,53550,25861,27689,30597,14780,15817,7650,3606,4044,
38275,30609,14648,15961,53561,25820,27741,61211,29397,31814,53557,25863,27694,30601,14782,15819,7651,3607,4044,
38280,30613,14649,15964,53568,25822,27746,61219,29398,31821,53564,25866,27698,30605,14784,15821,7652,3607,4045,
38285,30617,14649,15968,53575,25826,27749,61227,29401,31826,53571,25870,27701,30609,14785,15824,7653,3607,4046,
38290,30621,14650,15971,53582,25831,27751,61235,29404,31831,53578,25875,27703,30613,14789,15824,7654,3608,4046,
38295,30625,14652,15973,53589,25836,27753,61243,29406,31837,53585,25879,27706,30617,14791,15826,7655,3609,4046,
38300,30629,14654,15975,53596,25837,27759,61251,29408,31843,53592,25881,27711,30621,14793,15828,7656,3609,4047,
38305,30633,14656,15977,53603,25840,27763,61259,29412,31847,53599,25884,27715,30625,14795,15830,7657,3609,4048,
38310,30637,14658,15979,53610,25843,27767,61267,29415,31852,53606,25887,27719,30629,14796,15833,7658,3609,4049,
38315,30641,14660,15981,53617,25848,27769,61275,29418,31857,53613,25889,27724,30633,14798,15835,7659,3609,4050,
38320,30645,14661,15984,53624,25850,27774,61283,29425,31858,53620,25893,27727,30637,14800,15837,7660,3610,4050,
38325,30649,14663,15986,53631,25852,27779,61291,29430,31861,53627,25895,27732,30641,14803,15838,7661,3611,4050,
38330,30653,14664,15989,53638,25854,27784,61299,29433,31866,53634,25900,27734,30645,14803,15842,7662,3612,4050,
38335,30657,14666,15991,53645,25857,27788,61307,29436,31871,53641,25904,27737,30649,14804,15845,7663,3612,4051,
38340,30661,14668,15993,53652,25858,27794,61315,29438,31877,53648,25906,27742,30653,14807,15846,7664,3612,4052,
38345,30665,14670,15995,53659,25862,27797,61323,29442,31881,53655,25910,27745,30657,14810,15847,7665,3612,4053,
38350,30669,14673,15996,53666,25869,27797,61331,29448,31883,53662,25912,27750,30661,14811,15850,7666,3613,4053,
38355,30673,14675,15998,53673,25873,27800,61339,29453,31886,53669,25916,27753,30665,14811,15854,7667,3613,4054,
38360,30677,14678,15999,53680,25876,27804,61347,29457,31890,53676,25918,27758,30669,14812,15857,7668,3614,4054,
38365,30681,14680,16001,53687,25881,27806,61355,29459,31896,53683,25920,27763,30673,14814,15859,7669,3615,4054,
38370,30685,14682,16003,53694,25886,27808,61363,29463,31900,53690,25927,27763,30677,14816,15861,7670,3615,4055,
38375,30689,14684,16005,53701,25891,27810,61371,29467,31904,53697,25930,27767,30681,14818,15863,7671,3615,4056,
38380,30693,14685,16008,53708,25894,27814,61379,29469,31910,53704,25934,27770,30685,14821,15864,7672,3616,4056,
38385,30697,14686,16011,53715,25897,27818,61387,29475,31912,53711,25938,27773,30689,14824,15865,7673,3616,4057,
38390,30701,14688,16013,53722,25902,27820,61395,29478,31917,53718,25941,27777,30693,14826,15867,7674,3617,4057,
38395,30705,14690,16015,53729,25904,27825,61403,29483,31920,53725,25943,27782,30697,14830,15867,7675,3618,4057,
38400,30709,14693,16016,53736,25907,27829,61411,29488,31923,53732,25946,27786,30701,14833,15868,7676,3618,4058,
38405,30713,14693,16020,53743,25911,27832,61419,29492,31927,53739,25949,27790,30705,14834,15871,7677,3619,4058,
38410,30717,14696,16021,53750,25916,27834,61427,29497,31930,53746,25951,27795,30709,14836,15873,7678,3619,4059,
38415,30721,14698,16023,53757,25920,27837,61435,29499,31936,53753,25953,27800,30713,14837,15876,7679,3620,4059,
38420,30725,14699,16026,53764,25922,27842,61443,29504,31939,53760,25956,27804,30717,14837,15880,7680,3621,4059,
38425,30729,14700,16029,53771,25924,27847,61451,29508,31943,53767,25960,27807,30721,14839,15882,7681,3622,4059,
38430,30733,14700,16033,53778,25928,27850,61459,29511,31948,53774,25962,27812,30725,14841,15884,7682,3623,4059,
38435,30737,14701,16036,53785,25931,27854,61467,29517,31950,53781,25967,27814,30729,14843,15886,7683,3624,4059,
38440,30741,14702,16039,53792,25933,27859,61475,29521,31954,53788,25970,27818,30733,14847,15886,7684,3625,4059,
38445,30745,14703,16042,53799,25939,27860,61483,29524,31959,53795,25975,27820,30737,14849,15888,7685,3626,4059,
38450,30749,14704,16045,53806,25942,27864,61491,29530,31961,53802,25977,27825,30741,14850,15891,7686,3626,4060,
38455,30753,14706,16047,53813,25946,27867,61499,29534,31965,53809,25979,27830,30745,14852,15893,7687,3626,4061,
38460,30757,14708,16049,53820,25950,27870,61507,29538,31969,53816,25980,27836,30749,14855,15894,7688,3626,4062,
38465,30761,14709,16052,53827,25954,27873,61515,29542,31973,53823,25984,27839,30753,14857,15896,7689,3626,4063,
38470,30765,14710,16055,53834,25958,27876,61523,29544,31979,53830,25987,27843,30757,14860,15897,7690,3626,4064,
38475,30769,14711,16058,53841,25960,27881,61531,29547,31984,53837,25991,27846,30761,14860,15901,7691,3627,4064,
38480,30773,14714,16059,53848,25965,27883,61539,29549,31990,53844,25993,27851,30765,14862,15903,7692,3627,4065,
38485,30777,14716,16061,53855,25967,27888,61547,29554,31993,53851,25994,27857,30769,14863,15906,7693,3627,4066,
38490,30781,14718,16063,53862,25970,27892,61555,29559,31996,53858,25998,27860,30773,14866,15907,7694,3628,4066,
38495,30785,14719,16066,53869,25973,27896,61563,29563,32000,53865,26002,27863,30777,14868,15909,7695,3629,4066,
38500,30789,14722,16067,53876,25976,27900,61571,29566,32005,53872,26003,27869,30781,14870,15911,7696,3630,4066,
38505,30793,14725,16068,53883,25980,27903,61579,29569,32010,53879,26005,27874,30785,14872,15913,7697,3630,4067,
38510,30797,14728,16069,53890,25983,27907,61587,29571,32016,53886,26007,27879,30789,14874,15915,7698,3630,4068,
38515,30801,14730,16071,53897,25987,27910,61595,29576,32019,53893,26011,27882,30793,14875,15918,7699,3630,4069,
38520,30805,14734,16071,53904,25992,27912,61603,29579,32024,53900,26013,27887,30797,14876,15921,7700,3630,4070,
38525,30809,14736,16073,53911,25993,27918,61611,29584,32027,53907,26015,27892,30801,14879,15922,7701,3631,4070,
38530,30813,14737,16076,53918,25997,27921,61619,29589,32030,53914,26018,27896,30805,14881,15924,7702,3631,4071,
38535,30817,14739,16078,53925,26001,27924,61627,29590,32037,53921,26021,27900,30809,14883,15926,7703,3632,4071,
38540,30821,14741,16080,53932,26004,27928,61635,29594,32041,53928,26023,27905,30813,14884,15929,7704,3632,4072,
38545,30825,14743,16082,53939,26009,27930,61643,29595,32048,53935,26027,27908,30817,14886,15931,7705,3632,4073,
38550,30829,14746,16083,53946,26011,27935,61651,29597,32054,53942,26030,27912,30821,14890,15931,7706,3633,4073,
38555,30833,14748,16085,53953,26014,27939,61659,29600,32059,53949,26037,27912,30825,14891,15934,7707,3634,4073,
38560,30837,14749,16088,53960,26016,27944,61667,29608,32059,53956,26041,27915,30829,14893,15936,7708,3634,4074,
38565,30841,14752,16089,53967,26018,27949,61675,29613,32062,53963,26045,27918,30833,14894,15939,7709,3634,4075,
38570,30845,14753,16092,53974,26021,27953,61683,29615,32068,53970,26050,27920,30837,14897,15940,7710,3634,4076,
38575,30849,14756,16093,53981,26024,27957,61691,29618,32073,53977,26054,27923,30841,14899,15942,7711,3635,4076,
38580,30853,14757,16096,53988,26027,27961,61699,29624,32075,53984,26057,27927,30845,14901,15944,7712,3635,4077,
38585,30857,14758,16099,53995,26030,27965,61707,29628,32079,53991,26059,27932,30849,14903,15946,7713,3636,4077,
38590,30861,14760,16101,54002,26033,27969,61715,29630,32085,53998,26061,27937,30853,14906,15947,7714,3636,4078,
38595,30865,14761,16104,54009,26038,27971,61723,29634,32089,54005,26063,27942,30857,14909,15948,7715,3636,4079,
38600,30869,14762,16107,54016,26043,27973,61731,29640,32091,54012,26067,27945,30861,14911,15950,7716,3636,4080,
38605,30873,14764,16109,54023,26044,27979,61739,29642,32097,54019,26070,27949,30865,14914,15951,7717,3636,4081,
38610,30877,14764,16113,54030,26046,27984,61747,29647,32100,54026,26075,27951,30869,14915,15954,7718,3636,4082,
38615,30881,14767,16114,54037,26049,27988,61755,29651,32104,54033,26078,27955,30873,14916,15957,7719,3637,4082,
38620,30885,14768,16117,54044,26053,27991,61763,29655,32108,54040,26081,27959,30877,14917,15960,7720,3637,4083,
38625,30889,14770,16119,54051,26055,27996,61771,29659,32112,54047,26085,27962,30881,14918,15963,7721,3638,4083,
38630,30893,14773,16120,54058,26060,27998,61779,29662,32117,54054,26089,27965,30885,14921,15964,7722,3639,4083,
38635,30897,14775,16122,54065,26061,28004,61787,29665,32122,54061,26092,27969,30889,14923,15966,7723,3639,4084,
38640,30901,14776,16125,54072,26063,28009,61795,29669,32126,54068,26097,27971,30893,14926,15967,7724,3639,4085,
38645,30905,14778,16127,54079,26068,28011,61803,29674,32129,54075,26100,27975,30897,14929,15968,7725,3640,4085,
38650,30909,14781,16128,54086,26071,28015,61811,29679,32132,54082,26103,27979,30901,14931,15970,7726,3641,4085,
38655,30913,14784,16129,54093,26075,28018,61819,29684,32135,54089,26105,27984,30905,14934,15971,7727,3642,4085,
38660,30917,14787,16130,54100,26076,28024,61827,29686,32141,54096,26111,27985,30909,14935,15974,7728,3642,4086,
38665,30921,14790,16131,54107,26081,28026,61835,29690,32145,54103,26117,27986,30913,14938,15975,7729,3642,4087,
38670,30925,14792,16133,54114,26084,28030,61843,29694,32149,54110,26123,27987,30917,14940,15977,7730,3643,4087,
38675,30929,14793,16136,54121,26084,28037,61851,29698,32153,54117,26128,27989,30921,14941,15980,7731,3643,4088,
38680,30933,14795,16138,54128,26088,28040,61859,29702,32157,54124,26131,27993,30925,14942,15983,7732,3644,4088,
38685,30937,14797,16140,54135,26089,28046,61867,29708,32159,54131,26132,27999,30929,14945,15984,7733,3645,4088,
38690,30941,14798,16143,54142,26094,28048,61875,29710,32165,54138,26139,27999,30933,14948,15985,7734,3646,4088,
38695,30945,14800,16145,54149,26096,28053,61883,29714,32169,54145,26144,28001,30937,14951,15986,7735,3647,4088,
38700,30949,14800,16149,54156,26098,28058,61891,29720,32171,54152,26147,28005,30941,14953,15988,7736,3647,4089,
38705,30953,14802,16151,54163,26101,28062,61899,29722,32177,54159,26150,28009,30945,14955,15990,7737,3647,4090,
38710,30957,14805,16152,54170,26106,28064,61907,29726,32181,54166,26151,28015,30949,14956,15993,7738,3648,4090,
38715,30961,14807,16154,54177,26110,28067,61915,29730,32185,54173,26154,28019,30953,14956,15997,7739,3649,4090,
38720,30965,14811,16154,54184,26114,28070,61923,29734,32189,54180,26158,28022,30957,14960,15997,7740,3650,4090,
38725,30969,14813,16156,54191,26118,28073,61931,29736,32195,54187,26162,28025,30961,14962,15999,7741,3650,4091,
38730,30973,14816,16157,54198,26122,28076,61939,29740,32199,54194,26164,28030,30965,14964,16001,7742,3650,4092,
38735,30977,14819,16158,54205,26124,28081,61947,29746,32201,54201,26170,28031,30969,14966,16003,7743,3650,4093,
38740,30981,14820,16161,54212,26128,28084,61955,29749,32206,54208,26176,28032,30973,14967,16006,7744,3651,4093,
38745,30985,14823,16162,54219,26131,28088,61963,29751,32212,54215,26178,28037,30977,14968,16009,7745,3651,4094,
38750,30989,14825,16164,54226,26136,28090,61971,29758,32213,54222,26181,28041,30981,14969,16012,7746,3652,4094,
38755,30993,14826,16167,54233,26139,28094,61979,29762,32217,54229,26181,28048,30985,14969,16016,7747,3652,4095,
38760,30997,14828,16169,54240,26141,28099,61987,29766,32221,54236,26185,28051,30989,14971,16018,7748,3653,4095,
38765,31001,14831,16170,54247,26144,28103,61995,29770,32225,54243,26190,28053,30993,14973,16020,7749,3654,4095,
38770,31005,14832,16173,54254,26147,28107,62003,29774,32229,54250,26194,28056,30997,14975,16022,7750,3655,4095,
38775,31009,14835,16174,54261,26153,28108,62011,29778,32233,54257,26198,28059,31001,14976,16025,7751,3656,4095,
38780,31013,14836,16177,54268,26157,28111,62019,29781,32238,54264,26204,28060,31005,14978,16027,7752,3656,4096,
38785,31017,14839,16178,54275,26161,28114,62027,29786,32241,54271,26207,28064,31009,14979,16030,7753,3656,4097,
38790,31021,14842,16179,54282,26164,28118,62035,29790,32245,54278,26210,28068,31013,14980,16033,7754,3657,4097,
38795,31025,14843,16182,54289,26168,28121,62043,29792,32251,54285,26213,28072,31017,14982,16035,7755,3657,4098,
38800,31029,14844,16185,54296,26171,28125,62051,29797,32254,54292,26216,28076,31021,14984,16037,7756,3658,4098,
38805,31033,14847,16186,54303,26176,28127,62059,29803,32256,54299,26218,28081,31025,14987,16038,7757,3658,4099,
38810,31037,14850,16187,54310,26181,28129,62067,29806,32261,54306,26222,28084,31029,14987,16042,7758,3659,4099,
38815,31041,14853,16188,54317,26185,28132,62075,29808,32267,54313,26226,28087,31033,14990,16043,7759,3660,4099,
38820,31045,14857,16188,54324,26189,28135,62083,29812,32271,54320,26229,28091,31037,14991,16046,7760,3660,4100,
38825,31049,14860,16189,54331,26192,28139,62091,29814,32277,54327,26232,28095,31041,14992,16049,7761,3661,4100,
38830,31053,14863,16190,54338,26195,28143,62099,29816,32283,54334,26235,28099,31045,14996,16049,7762,3661,4101,
38835,31057,14866,16191,54345,26196,28149,62107,29820,32287,54341,26238,28103,31049,14998,16051,7763,3662,4101,
38840,31061,14869,16192,54352,26201,28151,62115,29826,32289,54348,26242,28106,31053,15001,16052,7764,3662,4102,
38845,31065,14870,16195,54359,26205,28154,62123,29828,32295,54355,26244,28111,31057,15002,16055,7765,3663,4102,
38850,31069,14872,16197,54366,26209,28157,62131,29830,32301,54362,26246,28116,31061,15003,16058,7766,3664,4102,
38855,31073,14873,16200,54373,26213,28160,62139,29834,32305,54369,26249,28120,31065,15006,16059,7767,3664,4103,
38860,31077,14874,16203,54380,26218,28162,62147,29839,32308,54376,26251,28125,31069,15006,16063,7768,3665,4103,
38865,31081,14878,16203,54387,26222,28165,62155,29843,32312,54383,26255,28128,31073,15008,16065,7769,3665,4104,
38870,31085,14881,16204,54394,26226,28168,62163,29849,32314,54390,26259,28131,31077,15010,16067,7770,3665,4105,
38875,31089,14883,16206,54401,26230,28171,62171,29852,32319,54397,26260,28137,31081,15011,16070,7771,3666,4105,
38880,31093,14885,16208,54408,26234,28174,62179,29856,32323,54404,26263,28141,31085,15012,16073,7772,3666,4106,
38885,31097,14886,16211,54415,26239,28176,62187,29861,32326,54411,26268,28143,31089,15015,16074,7773,3666,4107,
38890,31101,14888,16213,54422,26242,28180,62195,29862,32333,54418,26272,28146,31093,15018,16075,7774,3666,4108,
38895,31105,14890,16215,54429,26246,28183,62203,29866,32337,54425,26275,28150,31097,15021,16076,7775,3667,4108,
38900,31109,14891,16218,54436,26250,28186,62211,29870,32341,54432,26278,28154,31101,15022,16079,7776,3667,4109,
38905,31113,14894,16219,54443,26254,28189,62219,29875,32344,54439,26280,28159,31105,15025,16080,7777,3667,4110,
38910,31117,14897,16220,54450,26257,28193,62227,29878,32349,54446,26285,28161,31109,15028,16081,7778,3667,4111,
38915,31121,14899,16222,54457,26261,28196,62235,29882,32353,54453,26288,28165,31113,15029,16084,7779,3668,4111,
38920,31125,14902,16223,54464,26263,28201,62243,29885,32358,54460,26292,28168,31117,15032,16085,7780,3668,4112,
38925,31129,14904,16225,54471,26266,28205,62251,29890,32361,54467,26296,28171,31121,15034,16087,7781,3669,4112,
38930,31133,14907,16226,54478,26270,28208,62259,29894,32365,54474,26300,28174,31125,15037,16088,7782,3670,4112,
38935,31137,14909,16228,54485,26274,28211,62267,29897,32370,54481,26302,28179,31129,15039,16090,7783,3670,4113,
38940,31141,14911,16230,54492,26279,28213,62275,29901,32374,54488,26306,28182,31133,15041,16092,7784,3671,4113,
38945,31145,14914,16231,54499,26281,28218,62283,29905,32378,54495,26310,28185,31137,15042,16095,7785,3672,4113,
38950,31149,14915,16234,54506,26284,28222,62291,29906,32385,54502,26312,28190,31141,15044,16097,7786,3672,4114,
38955,31153,14916,16237,54513,26288,28225,62299,29910,32389,54509,26316,28193,31145,15045,16100,7787,3673,4114,
38960,31157,14919,16238,54520,26293,28227,62307,29914,32393,54516,26318,28198,31149,15047,16102,7788,3673,4115,
38965,31161,14921,16240,54527,26296,28231,62315,29918,32397,54523,26324,28199,31153,15048,16105,7789,3674,4115,
38970,31165,14924,16241,54534,26299,28235,62323,29922,32401,54530,26328,28202,31157,15051,16106,7790,3675,4115,
38975,31169,14928,16241,54541,26302,28239,62331,29926,32405,54537,26332,28205,31161,15052,16109,7791,3675,4116,
38980,31173,14930,16243,54548,26304,28244,62339,29930,32409,54544,26336,28208,31165,15056,16109,7792,3675,4117,
38985,31177,14931,16246,54555,26309,28246,62347,29933,32414,54551,26337,28214,31169,15056,16113,7793,3675,4118,
38990,31181,14933,16248,54562,26315,28247,62355,29938,32417,54558,26338,28220,31173,15059,16114,7794,3676,4118,
38995,31185,14934,16251,54569,26320,28249,62363,29941,32422,54565,26341,28224,31177,15061,16116,7795,3677,4118,
39000,31189,14934,16255,54576,26323,28253,62371,29945,32426,54572,26346,28226,31181,15063,16118,7796,3677,4119,
39005,31193,14935,16258,54583,26325,28258,62379,29952,32427,54579,26350,28229,31185,15066,16119,7797,3677,4120,
39010,31197,14937,16260,54590,26326,28264,62387,29956,32431,54586,26352,28234,31189,15067,16122,7798,3678,4120,
39015,31201,14940,16261,54597,26330,28267,62395,29962,32433,54593,26355,28238,31193,15070,16123,7799,3678,4121,
39020,31205,14942,16263,54604,26333,28271,62403,29966,32437,54600,26358,28242,31197,15071,16126,7800,3679,4121,
39025,31209,14944,16265,54611,26335,28276,62411,29971,32440,54607,26361,28246,31201,15072,16129,7801,3679,4122,
39030,31213,14945,16268,54618,26338,28280,62419,29975,32444,54614,26363,28251,31205,15073,16132,7802,3679,4123,
39035,31217,14947,16270,54625,26341,28284,62427,29980,32447,54621,26367,28254,31209,15073,16136,7803,3679,4124,
39040,31221,14947,16274,54632,26345,28287,62435,29984,32451,54628,26373,28255,31213,15075,16138,7804,3679,4125,
39045,31225,14949,16276,54639,26348,28291,62443,29988,32455,54635,26377,28258,31217,15077,16140,7805,3679,4126,
39050,31229,14952,16277,54646,26351,28295,62451,29991,32460,54642,26381,28261,31221,15079,16142,7806,3679,4127,
39055,31233,14954,16279,54653,26355,28298,62459,29994,32465,54649,26383,28266,31225,15081,16144,7807,3679,4128,
39060,31237,14955,16282,54660,26356,28304,62467,29998,32469,54656,26387,28269,31229,15083,16146,7808,3680,4128,
39065,31241,14957,16284,54667,26359,28308,62475,30003,32472,54663,26391,28272,31233,15084,16149,7809,3681,4128,
39070,31245,14961,16284,54674,26362,28312,62483,30006,32477,54670,26394,28276,31237,15084,16153,7810,3682,4128,
39075,31249,14963,16286,54681,26366,28315,62491,30009,32482,54677,26396,28281,31241,15086,16155,7811,3683,4128,
39080,31253,14964,16289,54688,26368,28320,62499,30011,32488,54684,26399,28285,31245,15088,16157,7812,3684,4128,
39085,31257,14965,16292,54695,26373,28322,62507,30013,32494,54691,26403,28288,31249,15091,16158,7813,3685,4128,
39090,31261,14968,16293,54702,26377,28325,62515,30015,32500,54698,26406,28292,31253,15092,16161,7814,3685,4129,
39095,31265,14971,16294,54709,26380,28329,62523,30019,32504,54705,26408,28297,31257,15094,16163,7815,3686,4129,
39100,31269,14974,16295,54716,26384,28332,62531,30023,32508,54712,26410,28302,31261,15095,16166,7816,3687,4129,
39105,31273,14975,16298,54723,26389,28334,62539,30024,32515,54719,26412,28307,31265,15096,16169,7817,3688,4129,
39110,31277,14977,16300,54730,26392,28338,62547,30029,32518,54726,26413,28313,31269,15099,16170,7818,3689,4129,
39115,31281,14977,16304,54737,26395,28342,62555,30035,32520,54733,26416,28317,31273,15102,16171,7819,3690,4129,
39120,31285,14979,16306,54744,26399,28345,62563,30039,32524,54740,26420,28320,31277,15104,16173,7820,3690,4130,
39125,31289,14980,16309,54751,26404,28347,62571,30043,32528,54747,26425,28322,31281,15106,16175,7821,3691,4130,
39130,31293,14983,16310,54758,26410,28348,62579,30047,32532,54754,26427,28327,31285,15107,16178,7822,3691,4131,
39135,31297,14984,16313,54765,26413,28352,62587,30049,32538,54761,26428,28333,31289,15109,16180,7823,3692,4131,
39140,31301,14986,16315,54772,26416,28356,62595,30051,32544,54768,26431,28337,31293,15111,16182,7824,3693,4131,
39145,31305,14988,16317,54779,26419,28360,62603,30053,32550,54775,26433,28342,31297,15112,16185,7825,3694,4131,
39150,31309,14991,16318,54786,26422,28364,62611,30059,32552,54782,26438,28344,31301,15116,16185,7826,3695,4131,
39155,31313,14993,16320,54793,26427,28366,62619,30060,32559,54789,26441,28348,31305,15118,16187,7827,3696,4131,
39160,31317,14995,16322,54800,26432,28368,62627,30063,32564,54796,26445,28351,31309,15121,16188,7828,3697,4131,
39165,31321,14996,16325,54807,26436,28371,62635,30068,32567,54803,26448,28355,31313,15122,16191,7829,3697,4132,
39170,31325,14998,16327,54814,26440,28374,62643,30072,32571,54810,26450,28360,31317,15123,16194,7830,3698,4132,
39175,31329,15001,16328,54821,26444,28377,62651,30076,32575,54817,26454,28363,31321,15125,16196,7831,3699,4132,
39180,31333,15003,16330,54828,26444,28384,62659,30081,32578,54824,26458,28366,31325,15128,16197,7832,3699,4133,
39185,31337,15006,16331,54835,26447,28388,62667,30087,32580,54831,26462,28369,31329,15128,16201,7833,3699,4134,
39190,31341,15007,16334,54842,26451,28391,62675,30091,32584,54838,26466,28372,31333,15128,16205,7834,3699,4135,
39195,31345,15010,16335,54849,26454,28395,62683,30095,32588,54845,26468,28377,31337,15131,16206,7835,3700,4135,
39200,31349,15014,16335,54856,26457,28399,62691,30100,32591,54852,26471,28381,31341,15134,16207,7836,3700,4136,
39205,31353,15017,16336,54863,26462,28401,62699,30105,32594,54859,26473,28386,31345,15136,16209,7837,3700,4137,
39210,31357,15020,16337,54870,26466,28404,62707,30107,32600,54866,26477,28389,31349,15136,16213,7838,3701,4137,
39215,31361,15023,16338,54877,26470,28407,62715,30108,32607,54873,26483,28390,31353,15137,16216,7839,3701,4138,
39220,31365,15024,16341,54884,26473,28411,62723,30112,32611,54880,26485,28395,31357,15139,16218,7840,3701,4139,
39225,31369,15024,16345,54891,26478,28413,62731,30115,32616,54887,26490,28397,31361,15143,16218,7841,3701,4140,
39230,31373,15025,16348,54898,26482,28416,62739,30119,32620,54894,26492,28402,31365,15144,16221,7842,3702,4140,
39235,31377,15025,16352,54905,26487,28418,62747,30122,32625,54901,26495,28406,31369,15146,16223,7843,3702,4141,
39240,31381,15028,16353,54912,26492,28420,62755,30125,32630,54908,26499,28409,31373,15147,16226,7844,3702,4142,
39245,31385,15030,16355,54919,26494,28425,62763,30128,32635,54915,26504,28411,31377,15148,16229,7845,3702,4143,
39250,31389,15034,16355,54926,26496,28430,62771,30132,32639,54922,26509,28413,31381,15151,16230,7846,3702,4144,
39255,31393,15036,16357,54933,26500,28433,62779,30134,32645,54929,26514,28415,31385,15153,16232,7847,3703,4144,
39260,31397,15038,16359,54940,26503,28437,62787,30140,32647,54936,26518,28418,31389,15156,16233,7848,3704,4144,
39265,31401,15040,16361,54947,26508,28439,62795,30144,32651,54943,26520,28423,31393,15158,16235,7849,3704,4145,
39270,31405,15042,16363,54954,26509,28445,62803,30149,32654,54950,26526,28424,31397,15159,16238,7850,3705,4145,
39275,31409,15043,16366,54961,26512,28449,62811,30156,32655,54957,26530,28427,31401,15160,16241,7851,3706,4145,
39280,31413,15044,16369,54968,26514,28454,62819,30158,32661,54964,26534,28430,31405,15162,16243,7852,3706,4146,
39285,31417,15046,16371,54975,26518,28457,62827,30163,32664,54971,26537,28434,31409,15164,16245,7853,3707,4146,
39290,31421,15047,16374,54982,26522,28460,62835,30165,32670,54978,26540,28438,31413,15167,16246,7854,3708,4146,
39295,31425,15050,16375,54989,26524,28465,62843,30168,32675,54985,26546,28439,31417,15169,16248,7855,3709,4146,
39300,31429,15052,16377,54996,26527,28469,62851,30170,32681,54992,26549,28443,31421,15172,16249,7856,3709,4147,
39305,31433,15052,16381,55003,26531,28472,62859,30172,32687,54999,26553,28446,31425,15175,16250,7857,3709,4148,
39310,31437,15056,16381,55010,26533,28477,62867,30178,32689,55006,26556,28450,31429,15177,16252,7858,3709,4149,
39315,31441,15057,16384,55017,26539,28478,62875,30179,32696,55013,26560,28453,31433,15178,16255,7859,3710,4149,
39320,31445,15057,16388,55024,26543,28481,62883,30185,32698,55020,26564,28456,31437,15180,16257,7860,3711,4149,
39325,31449,15059,16390,55031,26546,28485,62891,30187,32704,55027,26567,28460,31441,15182,16259,7861,3712,4149,
39330,31453,15061,16392,55038,26549,28489,62899,30189,32710,55034,26571,28463,31445,15185,16260,7862,3713,4149,
39335,31457,15064,16393,55045,26552,28493,62907,30193,32714,55041,26575,28466,31449,15187,16262,7863,3714,4149,
39340,31461,15067,16394,55052,26554,28498,62915,30197,32718,55048,26579,28469,31453,15189,16264,7864,3714,4150,
39345,31465,15068,16397,55059,26556,28503,62923,30201,32722,55055,26581,28474,31457,15190,16267,7865,3715,4150,
39350,31469,15070,16399,55066,26560,28506,62931,30205,32726,55062,26584,28478,31461,15193,16268,7866,3716,4150,
39355,31473,15072,16401,55073,26566,28507,62939,30210,32729,55069,26588,28481,31465,15195,16270,7867,3716,4151,
39360,31477,15074,16403,55080,26570,28510,62947,30213,32734,55076,26592,28484,31469,15197,16272,7868,3717,4151,
39365,31481,15077,16404,55087,26573,28514,62955,30219,32736,55083,26594,28489,31473,15199,16274,7869,3717,4152,
39370,31485,15079,16406,55094,26575,28519,62963,30225,32738,55090,26598,28492,31477,15203,16274,7870,3718,4152,
39375,31489,15081,16408,55101,26578,28523,62971,30230,32741,55097,26602,28495,31481,15204,16277,7871,3718,4153,
39380,31493,15083,16410,55108,26584,28524,62979,30234,32745,55104,26604,28500,31485,15204,16281,7872,3718,4154,
39385,31497,15085,16412,55115,26588,28527,62987,30236,32751,55111,26607,28504,31489,15206,16283,7873,3718,4155,
39390,31501,15086,16415,55122,26593,28529,62995,30239,32756,55118,26611,28507,31493,15209,16284,7874,3718,4156,
39395,31505,15088,16417,55129,26598,28531,63003,30241,32762,55125,26613,28512,31497,15210,16287,7875,3718,4157,
39400,31509,15090,16419,55136,26604,28532,63011,30247,32764,55132,26616,28516,31501,15210,16291,7876,3718,4158,
39405,31513,15092,16421,55143,26606,28537,63019,30253,32766,55139,26619,28520,31505,15212,16293,7877,3719,4158,
39410,31517,15094,16423,55150,26609,28541,63027,30259,32768,55146,26623,28523,31509,15213,16296,7878,3720,4158,
39415,31521,15095,16426,55157,26612,28545,63035,30264,32771,55153,26627,28526,31513,15214,16299,7879,3720,4159,
39420,31525,15097,16428,55164,26616,28548,63043,30270,32773,55160,26633,28527,31517,15216,16301,7880,3720,4160,
39425,31529,15099,16430,55171,26619,28552,63051,30271,32780,55167,26638,28529,31521,15219,16302,7881,3720,4161,
39430,31533,15102,16431,55178,26623,28555,63059,30277,32782,55174,26641,28533,31525,15220,16305,7882,3721,4161,
39435,31537,15104,16433,55185,26626,28559,63067,30280,32787,55181,26646,28535,31529,15223,16306,7883,3721,4162,
39440,31541,15106,16435,55192,26629,28563,63075,30284,32791,55188,26647,28541,31533,15224,16309,7884,3722,4162,
39445,31545,15110,16435,55199,26632,28567,63083,30287,32796,55195,26649,28546,31537,15226,16311,7885,3722,4163,
39450,31549,15112,16437,55206,26638,28568,63091,30294,32797,55202,26653,28549,31541,15228,16313,7886,3722,4164,
39455,31553,15113,16440,55213,26640,28573,63099,30297,32802,55209,26656,28553,31545,15230,16315,7887,3722,4165,
39460,31557,15116,16441,55220,26644,28576,63107,30297,32810,55216,26659,28557,31549,15232,16317,7888,3722,4166,
39465,31561,15118,16443,55227,26648,28579,63115,30300,32815,55223,26663,28560,31553,15233,16320,7889,3723,4166,
39470,31565,15120,16445,55234,26652,28582,63123,30303,32820,55230,26668,28562,31557,15235,16322,7890,3723,4167,
39475,31569,15123,16446,55241,26656,28585,63131,30304,32827,55237,26673,28564,31561,15236,16325,7891,3724,4167,
39480,31573,15125,16448,55248,26661,28587,63139,30309,32830,55244,26676,28568,31565,15237,16328,7892,3724,4168,
39485,31577,15127,16450,55255,26663,28592,63147,30315,32832,55251,26682,28569,31569,15241,16328,7893,3724,4169,
39490,31581,15129,16452,55262,26670,28592,63155,30322,32833,55258,26683,28575,31573,15242,16331,7894,3725,4169,
39495,31585,15130,16455,55269,26673,28596,63163,30324,32839,55265,26685,28580,31577,15245,16332,7895,3725,4170,
39500,31589,15130,16459,55276,26679,28597,63171,30328,32843,55272,26691,28581,31581,15247,16334,7896,3725,4171,
39505,31593,15131,16462,55283,26683,28600,63179,30332,32847,55279,26695,28584,31585,15249,16336,7897,3726,4171,
39510,31597,15132,16465,55290,26687,28603,63187,30336,32851,55286,26697,28589,31589,15250,16339,7898,3727,4171,
39515,31601,15133,16468,55297,26690,28607,63195,30337,32858,55293,26700,28593,31593,15251,16342,7899,3727,4172,
39520,31605,15134,16471,55304,26693,28611,63203,30341,32862,55300,26705,28595,31597,15253,16344,7900,3728,4172,
39525,31609,15138,16471,55311,26695,28616,63211,30345,32866,55307,26708,28599,31601,15255,16346,7901,3729,4172,
39530,31613,15140,16473,55318,26698,28620,63219,30348,32871,55314,26711,28603,31605,15256,16349,7902,3729,4173,
39535,31617,15141,16476,55325,26701,28624,63227,30352,32875,55321,26715,28606,31609,15258,16351,7903,3730,4173,
39540,31621,15143,16478,55332,26704,28628,63235,30357,32878,55328,26720,28608,31613,15259,16354,7904,3730,4174,
39545,31625,15144,16481,55339,26706,28633,63243,30360,32883,55335,26725,28610,31617,15260,16357,7905,3730,4175,
39550,31629,15145,16484,55346,26710,28636,63251,30363,32888,55342,26727,28615,31621,15264,16357,7906,3730,4176,
39555,31633,15148,16485,55353,26713,28640,63259,30366,32893,55349,26728,28621,31625,15267,16358,7907,3731,4176,
39560,31637,15149,16488,55360,26718,28642,63267,30370,32897,55356,26732,28624,31629,15268,16361,7908,3732,4176,
39565,31641,15150,16491,55367,26721,28646,63275,30375,32900,55363,26735,28628,31633,15271,16362,7909,3733,4176,
39570,31645,15151,16494,55374,26724,28650,63283,30377,32906,55370,26739,28631,31637,15273,16364,7910,3733,4177,
39575,31649,15154,16495,55381,26729,28652,63291,30378,32913,55377,26742,28635,31641,15274,16367,7911,3733,4178,
39580,31653,15155,16498,55388,26734,28654,63299,30381,32918,55384,26744,28640,31645,15276,16369,7912,3733,4179,
39585,31657,15158,16499,55395,26737,28658,63307,30387,32920,55391,26749,28642,31649,15277,16372,7913,3733,4180,
39590,31661,15160,16501,55402,26741,28661,63315,30388,32927,55398,26754,28644,31653,15279,16374,7914,3733,4181,
39595,31665,15163,16502,55409,26746,28663,63323,30393,32930,55405,26757,28648,31657,15281,16376,7915,3733,4182,
39600,31669,15164,16505,55416,26752,28664,63331,30398,32933,55412,26759,28653,31661,15284,16377,7916,3733,4183,
39605,31673,15165,16508,55423,26753,28670,63339,30404,32935,55419,26762,28657,31665,15287,16378,7917,3733,4184,
39610,31677,15166,16511,55430,26756,28674,63347,30408,32939,55426,26767,28659,31669,15289,16380,7918,3733,4185,
39615,31681,15168,16513,55437,26761,28676,63355,30411,32944,55433,26769,28664,31673,15290,16383,7919,3733,4186,
39620,31685,15170,16515,55444,26766,28678,63363,30416,32947,55440,26770,28670,31677,15291,16386,7920,3734,4186,
39625,31689,15173,16516,55451,26768,28683,63371,30421,32950,55447,26774,28673,31681,15292,16389,7921,3734,4187,
39630,31693,15176,16517,55458,26770,28688,63379,30423,32956,55454,26777,28677,31685,15295,16390,7922,3735,4187,
39635,31697,15179,16518,55465,26775,28690,63387,30427,32960,55461,26783,28678,31689,15296,16393,7923,3735,4188,
39640,31701,15183,16518,55472,26777,28695,63395,30432,32963,55468,26786,28682,31693,15299,16394,7924,3736,4188,
39645,31705,15185,16520,55479,26779,28700,63403,30436,32967,55475,26791,28684,31697,15302,16395,7925,3737,4188,
39650,31709,15186,16523,55486,26786,28700,63411,30441,32970,55482,26795,28687,31701,15303,16398,7926,3737,4189,
39655,31713,15188,16525,55493,26786,28707,63419,30443,32976,55489,26800,28689,31705,15304,16401,7927,3737,4190,
39660,31717,15189,16528,55500,26790,28710,63427,30446,32981,55496,26801,28695,31709,15306,16403,7928,3738,4190,
39665,31721,15192,16529,55507,26796,28711,63435,30449,32986,55503,26804,28699,31713,15307,16406,7929,3739,4190,
39670,31725,15192,16533,55514,26799,28715,63443,30453,32990,55510,26808,28702,31717,15309,16408,7930,3740,4190,
39675,31729,15193,16536,55521,26801,28720,63451,30458,32993,55517,26811,28706,31721,15310,16411,7931,3740,4191,
39680,31733,15195,16538,55528,26805,28723,63459,30459,33000,55524,26814,28710,31725,15312,16413,7932,3741,4191,
39685,31737,15196,16541,55535,26810,28725,63467,30463,33004,55531,26818,28713,31729,15314,16415,7933,3741,4192,
39690,31741,15198,16543,55542,26814,28728,63475,30464,33011,55538,26820,28718,31733,15316,16417,7934,3742,4192,
39695,31745,15201,16544,55549,26819,28730,63483,30468,33015,55545,26822,28723,31737,15319,16418,7935,3742,4193,
39700,31749,15202,16547,55556,26822,28734,63491,30474,33017,55552,26826,28726,31741,15321,16420,7936,3743,4193,
39705,31753,15204,16549,55563,26826,28737,63499,30478,33021,55559,26830,28729,31745,15322,16423,7937,3744,4193,
39710,31757,15208,16549,55570,26830,28740,63507,30482,33025,55566,26834,28732,31749,15323,16426,7938,3744,4194,
39715,31761,15210,16551,55577,26832,28745,63515,30485,33030,55573,26837,28736,31753,15325,16428,7939,3745,4194,
39720,31765,15211,16554,55584,26836,28748,63523,30489,33034,55580,26840,28740,31757,15327,16430,7940,3746,4194,
39725,31769,15213,16556,55591,26839,28752,63531,30492,33039,55587,26842,28745,31761,15329,16432,7941,3746,4195,
39730,31773,15214,16559,55598,26843,28755,63539,30495,33044,55594,26845,28749,31765,15330,16435,7942,3747,4195,
39735,31777,15216,16561,55605,26846,28759,63547,30498,33049,55601,26848,28753,31769,15332,16437,7943,3747,4196,
39740,31781,15220,16561,55612,26849,28763,63555,30498,33057,55608,26851,28757,31773,15336,16437,7944,3747,4197,
39745,31785,15220,16565,55619,26852,28767,63563,30502,33061,55615,26852,28763,31777,15337,16440,7945,3748,4197,
39750,31789,15222,16567,55626,26856,28770,63571,30507,33064,55622,26858,28764,31781,15338,16443,7946,3749,4197,
39755,31793,15224,16569,55633,26858,28775,63579,30510,33069,55629,26861,28768,31785,15339,16446,7947,3749,4198,
39760,31797,15225,16572,55640,26861,28779,63587,30516,33071,55636,26864,28772,31789,15340,16449,7948,3749,4199,
39765,31801,15227,16574,55647,26862,28785,63595,30518,33077,55643,26867,28776,31793,15340,16453,7949,3749,4200,
39770,31805,15231,16574,55654,26864,28790,63603,30519,33084,55650,26873,28777,31797,15342,16455,7950,3750,4200,
39775,31809,15232,16577,55661,26868,28793,63611,30521,33090,55657,26877,28780,31801,15345,16456,7951,3750,4201,
39780,31813,15234,16579,55668,26871,28797,63619,30526,33093,55664,26880,28784,31805,15346,16459,7952,3750,4202,
39785,31817,15236,16581,55675,26875,28800,63627,30532,33095,55671,26884,28787,31809,15347,16462,7953,3751,4202,
39790,31821,15237,16584,55682,26877,28805,63635,30535,33100,55678,26887,28791,31813,15349,16464,7954,3751,4203,
39795,31825,15238,16587,55689,26883,28806,63643,30539,33104,55685,26889,28796,31817,15351,16466,7955,3752,4203,
39800,31829,15240,16589,55696,26885,28811,63651,30543,33108,55692,26893,28799,31821,15352,16469,7956,3752,4204,
39805,31833,15242,16591,55703,26889,28814,63659,30544,33115,55699,26898,28801,31825,15352,16473,7957,3753,4204,
39810,31837,15245,16592,55710,26891,28819,63667,30546,33121,55706,26902,28804,31829,15355,16474,7958,3753,4205,
39815,31841,15247,16594,55717,26896,28821,63675,30550,33125,55713,26906,28807,31833,15356,16477,7959,3753,4206,
39820,31845,15249,16596,55724,26900,28824,63683,30553,33130,55720,26909,28811,31837,15358,16479,7960,3754,4206,
39825,31849,15249,16600,55731,26906,28825,63691,30556,33135,55727,26914,28813,31841,15358,16483,7961,3755,4206,
39830,31853,15253,16600,55738,26909,28829,63699,30561,33138,55734,26916,28818,31845,15362,16483,7962,3756,4206,
39835,31857,15255,16602,55745,26915,28830,63707,30567,33140,55741,26919,28822,31849,15363,16486,7963,3756,4207,
39840,31861,15257,16604,55752,26920,28832,63715,30571,33144,55748,26925,28823,31853,15365,16488,7964,3756,4208,
39845,31865,15260,16605,55759,26924,28835,63723,30576,33147,55755,26926,28829,31857,15368,16489,7965,3756,4209,
39850,31869,15262,16607,55766,26928,28838,63731,30581,33150,55762,26930,28832,31861,15370,16491,7966,3756,4210,
39855,31873,15264,16609,55773,26931,28842,63739,30586,33153,55769,26930,28839,31865,15371,16494,7967,3757,4210,
39860,31877,15266,16611,55780,26935,28845,63747,30590,33157,55776,26932,28844,31869,15373,16496,7968,3758,4210,
39865,31881,15266,16615,55787,26938,28849,63755,30592,33163,55783,26937,28846,31873,15375,16498,7969,3758,4211,
39870,31885,15268,16617,55794,26941,28853,63763,30595,33168,55790,26943,28847,31877,15376,16501,7970,3759,4211,
39875,31889,15268,16621,55801,26945,28856,63771,30599,33172,55797,26948,28849,31881,15379,16502,7971,3759,4212,
39880,31893,15269,16624,55808,26951,28857,63779,30602,33177,55804,26951,28853,31885,15381,16504,7972,3760,4212,
39885,31897,15272,16625,55815,26954,28861,63787,30606,33181,55811,26954,28857,31889,15385,16504,7973,3760,4213,
39890,31901,15274,16627,55822,26957,28865,63795,30607,33188,55818,26957,28861,31893,15387,16506,7974,3760,4214,
39895,31905,15275,16630,55829,26959,28870,63803,30613,33190,55825,26960,28865,31897,15388,16509,7975,3760,4215,
39900,31909,15278,16631,55836,26963,28873,63811,30618,33193,55832,26963,28869,31901,15391,16510,7976,3761,4215,
39905,31913,15281,16632,55843,26965,28878,63819,30623,33196,55839,26967,28872,31905,15394,16511,7977,3761,4216,
39910,31917,15282,16635,55850,26968,28882,63827,30625,33202,55846,26971,28875,31909,15396,16513,7978,3761,4217,
39915,31921,15286,16635,55857,26971,28886,63835,30629,33206,55853,26974,28879,31913,15397,16516,7979,3761,4218,
39920,31925,15288,16637,55864,26977,28887,63843,30633,33210,55860,26979,28881,31917,15399,16518,7980,3761,4219,
39925,31929,15291,16638,55871,26981,28890,63851,30636,33215,55867,26983,28884,31921,15402,16519,7981,3761,4220,
39930,31933,15293,16640,55878,26983,28895,63859,30642,33217,55874,26986,28888,31925,15405,16520,7982,3762,4220,
39935,31937,15295,16642,55885,26987,28898,63867,30646,33221,55881,26990,28891,31929,15409,16520,7983,3763,4220,
39940,31941,15297,16644,55892,26991,28901,63875,30649,33226,55888,26995,28893,31933,15411,16522,7984,3764,4220,
39945,31945,15300,16645,55899,26995,28904,63883,30652,33231,55895,26998,28897,31937,15412,16525,7985,3764,4221,
39950,31949,15302,16647,55906,26999,28907,63891,30657,33234,55902,27001,28901,31941,15413,16528,7986,3765,4221,
39955,31953,15305,16648,55913,27003,28910,63899,30660,33239,55909,27004,28905,31945,15416,16529,7987,3766,4221,
39960,31957,15308,16649,55920,27005,28915,63907,30665,33242,55916,27006,28910,31949,15419,16530,7988,3766,4222,
39965,31961,15309,16652,55927,27009,28918,63915,30667,33248,55923,27011,28912,31953,15420,16533,7989,3767,4222,
39970,31965,15310,16655,55934,27015,28919,63923,30669,33254,55930,27014,28916,31957,15421,16536,7990,3768,4222,
39975,31969,15310,16659,55941,27018,28923,63931,30674,33257,55937,27016,28921,31961,15424,16537,7991,3769,4222,
39980,31973,15312,16661,55948,27020,28928,63939,30677,33262,55944,27018,28926,31965,15427,16538,7992,3769,4223,
39985,31977,15314,16663,55955,27024,28931,63947,30681,33266,55951,27021,28930,31969,15430,16539,7993,3769,4224,
39990,31981,15316,16665,55962,27028,28934,63955,30685,33270,55958,27023,28935,31973,15432,16541,7994,3770,4224,
39995,31985,15318,16667,55969,27031,28938,63963,30688,33275,55965,27027,28938,31977,15435,16542,7995,3771,4224,
40000,31989,15321,16668,55976,27033,28943,63971,30691,33280,55972,27031,28941,31981,15437,16544,7996,3772,4224,
40005,31993,15323,16670,55983,27037,28946,63979,30694,33285,55979,27035,28944,31985,15439,16546,7997,3773,4224,
40010,31997,15326,16671,55990,27040,28950,63987,30698,33289,55986,27038,28948,31989,15439,16550,7998,3774,4224,
40015,32001,15328,16673,55997,27042,28955,63995,30704,33291,55993,27039,28954,31993,15442,16551,7999,3775,4224,
40020,32005,15329,16676,56004,27045,28959,64003,30709,33294,56000,27042,28958,31997,15445,16552,8000,3776,4224,
40025,32009,15332,16677,56011,27047,28964,64011,30714,33297,56007,27046,28961,32001,15448,16553,8001,3776,4225,
40030,32013,15335,16678,56018,27051,28967,64019,30717,33302,56014,27047,28967,32005,15451,16554,8002,3777,4225,
40035,32017,15337,16680,56025,27056,28969,64027,30721,33306,56021,27053,28968,32009,15453,16556,8003,3778,4225,
40040,32021,15340,16681,56032,27061,28971,64035,30726,33309,56028,27055,28973,32013,15453,16560,8004,3779,4225,
40045,32025,15344,16681,56039,27067,28972,64043,30729,33314,56035,27058,28977,32017,15455,16562,8005,3780,4225,
40050,32029,15346,16683,56046,27070,28976,64051,30732,33319,56042,27062,28980,32021,15457,16564,8006,3780,4226,
40055,32033,15348,16685,56053,27073,28980,64059,30738,33321,56049,27065,28984,32025,15459,16566,8007,3780,4227,
40060,32037,15350,16687,56060,27075,28985,64067,30741,33326,56056,27068,28988,32029,15459,16570,8008,3780,4228,
40065,32041,15352,16689,56067,27078,28989,64075,30745,33330,56063,27071,28992,32033,15461,16572,8009,3780,4229,
40070,32045,15355,16690,56074,27082,28992,64083,30746,33337,56070,27073,28997,32037,15464,16573,8010,3781,4229,
40075,32049,15356,16693,56081,27085,28996,64091,30749,33342,56077,27077,29000,32041,15465,16576,8011,3781,4230,
40080,32053,15358,16695,56088,27089,28999,64099,30751,33348,56084,27078,29006,32045,15466,16579,8012,3781,4231,
40085,32057,15360,16697,56095,27091,29004,64107,30754,33353,56091,27083,29008,32049,15467,16582,8013,3781,4232,
40090,32061,15362,16699,56102,27095,29007,64115,30755,33360,56098,27085,29013,32053,15468,16585,8014,3782,4232,
40095,32065,15363,16702,56109,27100,29009,64123,30762,33361,56105,27089,29016,32057,15469,16588,8015,3782,4233,
40100,32069,15365,16704,56116,27104,29012,64131,30766,33365,56112,27095,29017,32061,15471,16590,8016,3783,4233,
40105,32073,15366,16707,56123,27107,29016,64139,30769,33370,56119,27097,29022,32065,15472,16593,8017,3783,4234,
40110,32077,15367,16710,56130,27111,29019,64147,30773,33374,56126,27100,29026,32069,15473,16596,8018,3784,4234,
40115,32081,15370,16711,56137,27114,29023,64155,30778,33377,56133,27104,29029,32073,15476,16597,8019,3784,4235,
40120,32085,15372,16713,56144,27118,29026,64163,30783,33380,56140,27107,29033,32077,15479,16598,8020,3784,4236,
40125,32089,15373,16716,56151,27122,29029,64171,30785,33386,56147,27108,29039,32081,15480,16601,8021,3785,4236,
40130,32093,15375,16718,56158,27125,29033,64179,30790,33389,56154,27110,29044,32085,15483,16602,8022,3786,4236,
40135,32097,15377,16720,56165,27126,29039,64187,30796,33391,56161,27114,29047,32089,15485,16604,8023,3786,4237,
40140,32101,15380,16721,56172,27131,29041,64195,30801,33394,56168,27117,29051,32093,15487,16606,8024,3787,4237,
40145,32105,15382,16723,56179,27133,29046,64203,30803,33400,56175,27122,29053,32097,15490,16607,8025,3787,4238,
40150,32109,15384,16725,56186,27138,29048,64211,30805,33406,56182,27125,29057,32101,15493,16608,8026,3787,4239,
40155,32113,15385,16728,56193,27141,29052,64219,30809,33410,56189,27130,29059,32105,15494,16611,8027,3787,4240,
40160,32117,15385,16732,56200,27146,29054,64227,30812,33415,56196,27132,29064,32109,15495,16614,8028,3787,4241,
40165,32121,15387,16734,56207,27148,29059,64235,30816,33419,56203,27134,29069,32113,15496,16617,8029,3788,4241,
40170,32125,15391,16734,56214,27152,29062,64243,30819,33424,56210,27136,29074,32117,15497,16620,8030,3789,4241,
40175,32129,15392,16737,56221,27156,29065,64251,30825,33426,56217,27137,29080,32121,15499,16622,8031,3789,4242,
40180,32133,15394,16739,56228,27161,29067,64259,30826,33433,56224,27141,29083,32125,15500,16625,8032,3790,4242,
40185,32137,15395,16742,56235,27167,29068,64267,30830,33437,56231,27143,29088,32129,15501,16628,8033,3791,4242,
40190,32141,15396,16745,56242,27169,29073,64275,30835,33440,56238,27147,29091,32133,15503,16630,8034,3791,4243,
40195,32145,15397,16748,56249,27172,29077,64283,30837,33446,56245,27151,29094,32137,15505,16632,8035,3791,4244,
40200,32149,15398,16751,56256,27175,29081,64291,30841,33450,56252,27153,29099,32141,15509,16632,8036,3792,4244,
40205,32153,15398,16755,56263,27175,29088,64299,30848,33451,56259,27156,29103,32145,15511,16634,8037,3792,4245,
40210,32157,15400,16757,56270,27177,29093,64307,30853,33454,56266,27161,29105,32149,15513,16636,8038,3792,4246,
40215,32161,15401,16760,56277,27178,29099,64315,30858,33457,56273,27161,29112,32153,15515,16638,8039,3793,4246,
40220,32165,15404,16761,56284,27184,29100,64323,30863,33460,56280,27163,29117,32157,15516,16641,8040,3793,4247,
40225,32169,15405,16764,56291,27187,29104,64331,30865,33466,56287,27168,29119,32161,15517,16644,8041,3794,4247,
40230,32173,15405,16768,56298,27191,29107,64339,30869,33470,56294,27173,29121,32165,15519,16646,8042,3794,4248,
40235,32177,15407,16770,56305,27195,29110,64347,30874,33473,56301,27179,29122,32169,15522,16647,8043,3794,4249,
40240,32181,15407,16774,56312,27196,29116,64355,30879,33476,56308,27181,29127,32173,15523,16650,8044,3794,4250,
40245,32185,15409,16776,56319,27201,29118,64363,30884,33479,56315,27186,29129,32177,15524,16653,8045,3794,4251,
40250,32189,15411,16778,56326,27203,29123,64371,30886,33485,56322,27190,29132,32181,15526,16655,8046,3794,4252,
40255,32193,15413,16780,56333,27205,29128,64379,30888,33491,56329,27192,29137,32185,15528,16657,8047,3794,4253,
40260,32197,15415,16782,56340,27209,29131,64387,30891,33496,56336,27196,29140,32189,15531,16658,8048,3794,4254,
40265,32201,15417,16784,56347,27212,29135,64395,30895,33500,56343,27199,29144,32193,15533,16660,8049,3794,4255,
40270,32205,15420,16785,56354,27216,29138,64403,30897,33506,56350,27202,29148,32197,15536,16661,8050,3794,4256,
40275,32209,15420,16789,56361,27221,29140,64411,30904,33507,56357,27203,29154,32201,15540,16661,8051,3795,4256,
40280,32213,15422,16791,56368,27223,29145,64419,30908,33511,56364,27207,29157,32205,15542,16663,8052,3795,4257,
40285,32217,15425,16792,56375,27227,29148,64427,30912,33515,56371,27208,29163,32209,15543,16666,8053,3796,4257,
40290,32221,15425,16796,56382,27232,29150,64435,30918,33517,56378,27211,29167,32213,15544,16669,8054,3796,4258,
40295,32225,15426,16799,56389,27235,29154,64443,30923,33520,56385,27216,29169,32217,15547,16670,8055,3796,4259,
40300,32229,15428,16801,56396,27238,29158,64451,30928,33523,56392,27220,29172,32221,15547,16674,8056,3796,4260,
40305,32233,15429,16804,56403,27242,29161,64459,30931,33528,56399,27223,29176,32225,15548,16677,8057,3796,4261,
40310,32237,15432,16805,56410,27244,29166,64467,30934,33533,56406,27226,29180,32229,15550,16679,8058,3797,4261,
40315,32241,15435,16806,56417,27248,29169,64475,30936,33539,56413,27230,29183,32233,15552,16681,8059,3797,4262,
40320,32245,15435,16810,56424,27250,29174,64483,30936,33547,56420,27234,29186,32237,15554,16683,8060,3797,4263,
40325,32249,15438,16811,56431,27253,29178,64491,30941,33550,56427,27239,29188,32241,15556,16685,8061,3797,4264,
40330,32253,15441,16812,56438,27257,29181,64499,30946,33553,56434,27244,29190,32245,15558,16687,8062,3797,4265,
40335,32257,15443,16814,56445,27261,29184,64507,30949,33558,56441,27247,29194,32249,15559,16690,8063,3797,4266,
40340,32261,15446,16815,56452,27263,29189,64515,30952,33563,56448,27250,29198,32253,15561,16692,8064,3797,4267,
40345,32265,15447,16818,56459,27268,29191,64523,30956,33567,56455,27254,29201,32257,15565,16692,8065,3797,4268,
40350,32269,15448,16821,56466,27271,29195,64531,30960,33571,56462,27257,29205,32261,15568,16693,8066,3797,4269,
40355,32273,15451,16822,56473,27275,29198,64539,30966,33573,56469,27260,29209,32265,15571,16694,8067,3798,4269,
40360,32277,15453,16824,56480,27277,29203,64547,30971,33576,56476,27263,29213,32269,15573,16696,8068,3799,4269,
40365,32281,15456,16825,56487,27279,29208,64555,30976,33579,56483,27267,29216,32273,15574,16699,8069,3800,4269,
40370,32285,15458,16827,56494,27281,29213,64563,30981,33582,56490,27271,29219,32277,15576,16701,8070,3800,4270,
40375,32289,15459,16830,56501,27284,29217,64571,30984,33587,56497,27275,29222,32281,15577,16704,8071,3801,4270,
40380,32293,15461,16832,56508,27287,29221,64579,30986,33593,56504,27277,29227,32285,15578,16707,8072,3802,4270,
40385,32297,15462,16835,56515,27290,29225,64587,30991,33596,56511,27279,29232,32289,15580,16709,8073,3803,4270,
40390,32301,15463,16838,56522,27292,29230,64595,30995,33600,56518,27283,29235,32293,15583,16710,8074,3804,4270,
40395,32305,15465,16840,56529,27295,29234,64603,30998,33605,56525,27287,29238,32297,15586,16711,8075,3805,4270,
40400,32309,15466,16843,56536,27298,29238,64611,31003,33608,56532,27293,29239,32301,15588,16713,8076,3806,4270,
40405,32313,15468,16845,56543,27303,29240,64619,31006,33613,56539,27296,29243,32305,15590,16715,8077,3807,4270,
40410,32317,15469,16848,56550,27307,29243,64627,31009,33618,56546,27299,29247,32309,15592,16717,8078,3807,4271,
40415,32321,15469,16852,56557,27309,29248,64635,31012,33623,56553,27304,29249,32313,15593,16720,8079,3808,4271,
40420,32325,15472,16853,56564,27312,29252,64643,31017,33626,56560,27308,29252,32317,15596,16721,8080,3808,4272,
40425,32329,15475,16854,56571,27316,29255,64651,31021,33630,56567,27313,29254,32321,15598,16723,8081,3809,4272,
40430,32333,15477,16856,56578,27319,29259,64659,31025,33634,56574,27318,29256,32325,15600,16725,8082,3810,4272,
40435,32337,15478,16859,56585,27322,29263,64667,31028,33639,56581,27322,29259,32329,15600,16729,8083,3810,4273,
40440,32341,15480,16861,56592,27325,29267,64675,31031,33644,56588,27325,29263,32333,15603,16730,8084,3811,4273,
40445,32345,15482,16863,56599,27327,29272,64683,31036,33647,56595,27329,29266,32337,15607,16730,8085,3811,4274,
40450,32349,15485,16864,56606,27331,29275,64691,31041,33650,56602,27331,29271,32341,15609,16732,8086,3811,4275,
40455,32353,15488,16865,56613,27334,29279,64699,31045,33654,56609,27331,29278,32345,15612,16733,8087,3811,4276,
40460,32357,15489,16868,56620,27335,29285,64707,31049,33658,56616,27333,29283,32349,15613,16736,8088,3811,4277,
40465,32361,15492,16869,56627,27338,29289,64715,31055,33660,56623,27338,29285,32353,15615,16738,8089,3811,4278,
40470,32365,15493,16872,56634,27340,29294,64723,31059,33664,56630,27340,29290,32357,15618,16739,8090,3812,4278,
40475,32369,15494,16875,56641,27344,29297,64731,31063,33668,56637,27344,29293,32361,15618,16743,8091,3812,4279,
40480,32373,15495,16878,56648,27349,29299,64739,31067,33672,56644,27346,29298,32365,15620,16745,8092,3812,4280,
40485,32377,15496,16881,56655,27352,29303,64747,31070,33677,56651,27350,29301,32369,15622,16747,8093,3812,4281,
40490,32381,15500,16881,56662,27356,29306,64755,31073,33682,56658,27353,29305,32373,15623,16750,8094,3813,4281,
40495,32385,15503,16882,56669,27361,29308,64763,31076,33687,56665,27358,29307,32377,15625,16752,8095,3814,4281,
40500,32389,15504,16885,56676,27367,29309,64771,31078,33693,56672,27361,29311,32381,15626,16755,8096,3814,4282,
40505,32393,15506,16887,56683,27370,29313,64779,31081,33698,56679,27365,29314,32385,15627,16758,8097,3814,4283,
40510,32397,15507,16890,56690,27374,29316,64787,31085,33702,56686,27366,29320,32389,15628,16761,8098,3815,4283,
40515,32401,15509,16892,56697,27377,29320,64795,31087,33708,56693,27369,29324,32393,15629,16764,8099,3815,4284,
40520,32405,15512,16893,56704,27379,29325,64803,31091,33712,56700,27375,29325,32397,15632,16765,8100,3815,4285,
40525,32409,15514,16895,56711,27384,29327,64811,31095,33716,56707,27380,29327,32401,15634,16767,8101,3816,4285,
40530,32413,15517,16896,56718,27387,29331,64819,31097,33722,56714,27384,29330,32405,15637,16768,8102,3817,4285,
40535,32417,15519,16898,56725,27388,29337,64827,31099,33728,56721,27386,29335,32409,15638,16771,8103,3818,4285,
40540,32421,15521,16900,56732,27392,29340,64835,31103,33732,56728,27388,29340,32413,15641,16772,8104,3819,4285,
40545,32425,15523,16902,56739,27396,29343,64843,31108,33735,56735,27390,29345,32417,15644,16773,8105,3819,4286,
40550,32429,15523,16906,56746,27399,29347,64851,31113,33738,56742,27392,29350,32421,15646,16775,8106,3819,4287,
40555,32433,15525,16908,56753,27402,29351,64859,31118,33741,56749,27397,29352,32425,15649,16776,8107,3819,4288,
40560,32437,15526,16911,56760,27408,29352,64867,31123,33744,56756,27400,29356,32429,15651,16778,8108,3820,4288,
40565,32441,15528,16913,56767,27410,29357,64875,31127,33748,56763,27405,29358,32433,15655,16778,8109,3820,4289,
40570,32445,15532,16913,56774,27414,29360,64883,31129,33754,56770,27408,29362,32437,15657,16780,8110,3821,4289,
40575,32449,15535,16914,56781,27417,29364,64891,31134,33757,56777,27412,29365,32441,15660,16781,8111,3822,4289,
40580,32453,15537,16916,56788,27421,29367,64899,31136,33763,56784,27415,29369,32445,15662,16783,8112,3823,4289,
40585,32457,15539,16918,56795,27423,29372,64907,31139,33768,56791,27419,29372,32449,15664,16785,8113,3824,4289,
40590,32461,15541,16920,56802,27423,29379,64915,31142,33773,56798,27422,29376,32453,15665,16788,8114,3825,4289,
40595,32465,15544,16921,56809,27426,29383,64923,31145,33778,56805,27425,29380,32457,15667,16790,8115,3825,4290,
40600,32469,15546,16923,56816,27430,29386,64931,31149,33782,56812,27426,29386,32461,15671,16790,8116,3826,4290,
40605,32473,15548,16925,56823,27431,29392,64939,31150,33789,56819,27430,29389,32465,15673,16792,8117,3826,4291,
40610,32477,15549,16928,56830,27433,29397,64947,31154,33793,56826,27431,29395,32469,15675,16794,8118,3826,4292,
40615,32481,15551,16930,56837,27435,29402,64955,31157,33798,56833,27435,29398,32473,15677,16796,8119,3826,4293,
40620,32485,15554,16931,56844,27436,29408,64963,31161,33802,56840,27440,29400,32477,15680,16797,8120,3827,4293,
40625,32489,15558,16931,56851,27439,29412,64971,31165,33806,56847,27443,29404,32481,15684,16797,8121,3828,4293,
40630,32493,15559,16934,56858,27443,29415,64979,31168,33811,56854,27446,29408,32485,15685,16800,8122,3828,4294,
40635,32497,15561,16936,56865,27448,29417,64987,31171,33816,56861,27451,29410,32489,15687,16802,8123,3828,4295,
40640,32501,15562,16939,56872,27450,29422,64995,31175,33820,56868,27454,29414,32493,15689,16804,8124,3828,4296,
40645,32505,15565,16940,56879,27452,29427,65003,31179,33824,56875,27458,29417,32497,15692,16805,8125,3829,4296,
40650,32509,15568,16941,56886,27455,29431,65011,31182,33829,56882,27461,29421,32501,15694,16807,8126,3829,4297,
40655,32513,15570,16943,56893,27458,29435,65019,31187,33832,56889,27465,29424,32505,15696,16809,8127,3830,4297,
40660,32517,15573,16944,56900,27462,29438,65027,31193,33834,56896,27468,29428,32509,15698,16811,8128,3831,4297,
40665,32521,15576,16945,56907,27467,29440,65035,31196,33839,56903,27473,29430,32513,15700,16813,8129,3832,4297,
40670,32525,15578,16947,56914,27468,29446,65043,31199,33844,56910,27477,29433,32517,15702,16815,8130,3833,4297,
40675,32529,15578,16951,56921,27473,29448,65051,31201,33850,56917,27482,29435,32521,15704,16817,8131,3834,4297,
40680,32533,15580,16953,56928,27476,29452,65059,31203,33856,56924,27484,29440,32525,15704,16821,8132,3835,4297,
40685,32537,15582,16955,56935,27481,29454,65067,31207,33860,56931,27487,29444,32529,15706,16823,8133,3835,4298,
40690,32541,15584,16957,56942,27485,29457,65075,31213,33862,56938,27491,29447,32533,15709,16824,8134,3835,4299,
40695,32545,15585,16960,56949,27492,29457,65083,31218,33865,56945,27493,29452,32537,15710,16827,8135,3836,4299,
40700,32549,15587,16962,56956,27497,29459,65091,31222,33869,56952,27496,29456,32541,15713,16828,8136,3837,4299,
40705,32553,15590,16963,56963,27500,29463,65099,31225,33874,56959,27500,29459,32545,15714,16831,8137,3837,4300,
40710,32557,15592,16965,56970,27505,29465,65107,31227,33880,56966,27503,29463,32549,15716,16833,8138,3838,4300,
40715,32561,15593,16968,56977,27507,29470,65115,31231,33884,56973,27505,29468,32553,15717,16836,8139,3838,4301,
40720,32565,15594,16971,56984,27511,29473,65123,31235,33888,56980,27507,29473,32557,15719,16838,8140,3838,4302,
40725,32569,15595,16974,56991,27513,29478,65131,31239,33892,56987,27510,29477,32561,15721,16840,8141,3838,4303,
40730,32573,15596,16977,56998,27515,29483,65139,31244,33895,56994,27514,29480,32565,15722,16843,8142,3839,4303,
40735,32577,15598,16979,57005,27516,29489,65147,31249,33898,57001,27516,29485,32569,15723,16846,8143,3839,4304,
40740,32581,15599,16982,57012,27521,29491,65155,31253,33902,57008,27520,29488,32573,15725,16848,8144,3840,4304,
40745,32585,15601,16984,57019,27523,29496,65163,31256,33907,57015,27523,29492,32577,15726,16851,8145,3840,4305,
40750,32589,15603,16986,57026,27526,29500,65171,31259,33912,57022,27526,29496,32581,15730,16851,8146,3840,4306,
40755,32593,15606,16987,57033,27530,29503,65179,31263,33916,57029,27531,29498,32585,15731,16854,8147,3840,4307,
40760,32597,15609,16988,57040,27534,29506,65187,31264,33923,57036,27536,29500,32589,15733,16856,8148,3841,4307,
40765,32601,15612,16989,57047,27540,29507,65195,31267,33928,57043,27539,29504,32593,15735,16858,8149,3841,4308,
40770,32605,15614,16991,57054,27544,29510,65203,31271,33932,57050,27543,29507,32597,15738,16859,8150,3842,4308,
40775,32609,15616,16993,57061,27547,29514,65211,31272,33939,57057,27547,29510,32601,15742,16859,8151,3842,4309,
40780,32613,15619,16994,57068,27550,29518,65219,31277,33942,57064,27550,29514,32605,15742,16863,8152,3842,4310,
40785,32617,15622,16995,57075,27554,29521,65227,31280,33947,57071,27555,29516,32609,15743,16866,8153,3843,4310,
40790,32621,15624,16997,57082,27554,29528,65235,31283,33952,57078,27559,29519,32613,15743,16870,8154,3844,4310,
40795,32625,15627,16998,57089,27558,29531,65243,31286,33957,57085,27562,29523,32617,15744,16873,8155,3844,4311,
40800,32629,15629,17000,57096,27563,29533,65251,31291,33960,57092,27565,29527,32621,15747,16874,8156,3845,4311,
40805,32633,15632,17001,57103,27567,29536,65259,31297,33962,57099,27569,29530,32625,15749,16876,8157,3845,4312,
40810,32637,15633,17004,57110,27571,29539,65267,31301,33966,57106,27574,29532,32629,15751,16878,8158,3846,4312,
40815,32641,15635,17006,57117,27571,29546,65275,31307,33968,57113,27577,29536,32633,15754,16879,8159,3847,4312,
40820,32645,15635,17010,57124,27577,29547,65283,31312,33971,57120,27582,29538,32637,15756,16881,8160,3848,4312,
40825,32649,15637,17012,57131,27580,29551,65291,31317,33974,57127,27586,29541,32641,15758,16883,8161,3849,4312,
40830,32653,15641,17012,57138,27582,29556,65299,31320,33979,57134,27589,29545,32645,15760,16885,8162,3850,4312,
40835,32657,15643,17014,57145,27583,29562,65307,31323,33984,57141,27593,29548,32649,15761,16888,8163,3850,4313,
40840,32661,15645,17016,57152,27585,29567,65315,31326,33989,57148,27596,29552,32653,15764,16889,8164,3850,4314,
40845,32665,15646,17019,57159,27590,29569,65323,31330,33993,57155,27600,29555,32657,15765,16892,8165,3851,4314,
40850,32669,15649,17020,57166,27590,29576,65331,31332,33999,57162,27603,29559,32661,15766,16895,8166,3852,4314,
40855,32673,15650,17023,57173,27591,29582,65339,31335,34004,57169,27607,29562,32665,15767,16898,8167,3852,4315,
40860,32677,15653,17024,57180,27596,29584,65347,31338,34009,57176,27609,29567,32669,15769,16900,8168,3852,4316,
40865,32681,15654,17027,57187,27597,29590,65355,31342,34013,57183,27612,29571,32673,15772,16901,8169,3852,4317,
40870,32685,15656,17029,57194,27601,29593,65363,31345,34018,57190,27616,29574,32677,15775,16902,8170,3853,4317,
40875,32689,15656,17033,57201,27606,29595,65371,31349,34022,57197,27619,29578,32681,15778,16903,8171,3854,4317,
40880,32693,15658,17035,57208,27612,29596,65379,31353,34026,57204,27622,29582,32685,15781,16904,8172,3855,4317,
40885,32697,15660,17037,57215,27613,29602,65387,31357,34030,57211,27625,29586,32689,15782,16907,8173,3855,4318,
40890,32701,15663,17038,57222,27615,29607,65395,31359,34036,57218,27626,29592,32693,15783,16910,8174,3856,4318,
40895,32705,15665,17040,57229,27619,29610,65403,31361,34042,57225,27630,29595,32697,15785,16912,8175,3857,4318,
40900,32709,15668,17041,57236,27621,29615,65411,31365,34046,57232,27632,29600,32701,15785,16916,8176,3858,4318,
40905,32713,15669,17044,57243,27623,29620,65419,31370,34049,57239,27635,29604,32705,15786,16919,8177,3858,4319,
40910,32717,15671,17046,57250,27627,29623,65427,31375,34052,57246,27636,29610,32709,15789,16920,8178,3859,4319,
40915,32721,15673,17048,57257,27631,29626,65435,31378,34057,57253,27640,29613,32713,15790,16923,8179,3859,4320,
40920,32725,15675,17050,57264,27635,29629,65443,31382,34061,57260,27645,29615,32717,15793,16924,8180,3860,4320,
40925,32729,15679,17050,57271,27639,29632,65451,31386,34065,57267,27647,29620,32721,15793,16928,8181,3860,4321,
40930,32733,15682,17051,57278,27643,29635,65459,31390,34069,57274,27651,29623,32725,15795,16930,8182,3861,4321,
40935,32737,15682,17055,57285,27644,29641,65467,31394,34073,57281,27655,29626,32729,15796,16933,8183,3862,4321,
40940,32741,15684,17057,57292,27646,29646,65475,31401,34074,57288,27658,29630,32733,15798,16935,8184,3862,4322,
40945,32745,15686,17059,57299,27647,29652,65483,31405,34078,57295,27662,29633,32737,15801,16936,8185,3862,4323,
40950,32749,15687,17062,57306,27651,29655,65491,31409,34082,57302,27666,29636,32741,15803,16938,8186,3862,4324,
40955,32753,15689,17064,57313,27657,29656,65499,31414,34085,57309,27669,29640,32745,15805,16940,8187,3862,4325,
40960,32757,15693,17064,57320,27659,29661,65507,31416,34091,57316,27671,29645,32749,15809,16940,8188,3862,4326,
40965,32761,15695,17066,57327,27662,29665,65515,31418,34097,57323,27676,29647,32753,15813,16940,8189,3863,4326,
40970,32765,15698,17067,57334,27666,29668,65523,31422,34101,57330,27677,29653,32757,15816,16941,8190,3863,4327,
40975,32769,15699,17070,57341,27671,29670,65531,31428,34103,57337,27680,29657,32761,15816,16945,8191,3863,4328,
40980,32773,15703,17070,57348,27672,29676,65539,31429,34110,57344,27682,29662,32765,15819,16946,8192,3863,4329,
40985,32777,15705,17072,57355,27676,29679,65547,31430,34117,57351,27685,29666,32769,15820,16949,8193,3864,4329,
40990,32781,15708,17073,57362,27678,29684,65555,31435,34120,57358,27689,29669,32773,15821,16952,8194,3865,4329,
40995,32785,15710,17075,57369,27682,29687,65563,31439,34124,57365,27692,29673,32777,15823,16954,8195,3866,4329,
41000,32789,15713,17076,57376,27686,29690,65571,31443,34128,57372,27695,29677,32781,15826,16955,8196,3866,4330,
41005,32793,15716,17077,57383,27690,29693,65579,31448,34131,57379,27697,29682,32785,15828,16957,8197,3867,4330,
41010,32797,15718,17079,57390,27694,29696,65587,31453,34134,57386,27702,29684,32789,15831,16958,8198,3867,4331,
41015,32801,15721,17080,57397,27695,29702,65595,31458,34137,57393,27706,29687,32793,15832,16961,8199,3868,4331,
41020,32805,15723,17082,57404,27697,29707,65603,31461,34142,57400,27708,29692,32797,15834,16963,8200,3868,4332,
41025,32809,15725,17084,57411,27703,29708,65611,31463,34148,57407,27711,29696,32801,15835,16966,8201,3869,4332,
41030,32813,15727,17086,57418,27705,29713,65619,31464,34155,57414,27713,29701,32805,15836,16969,8202,3869,4333,
41035,32817,15730,17087,57425,27706,29719,65627,31467,34160,57421,27714,29707,32809,15838,16971,8203,3870,4333,
41040,32821,15731,17090,57432,27710,29722,65635,31470,34165,57428,27717,29711,32813,15838,16975,8204,3871,4333,
41045,32825,15733,17092,57439,27713,29726,65643,31474,34169,57435,27720,29715,32817,15841,16976,8205,3871,4334,
41050,32829,15735,17094,57446,27717,29729,65651,31477,34174,57442,27723,29719,32821,15843,16978,8206,3872,4334,
41055,32833,15735,17098,57453,27721,29732,65659,31480,34179,57449,27726,29723,32825,15843,16982,8207,3873,4334,
41060,32837,15736,17101,57460,27723,29737,65667,31485,34182,57456,27729,29727,32829,15846,16983,8208,3873,4335,
41065,32841,15737,17104,57467,27726,29741,65675,31489,34186,57463,27736,29727,32833,15848,16985,8209,3874,4335,
41070,32845,15738,17107,57474,27729,29745,65683,31494,34189,57470,27740,29730,32837,15851,16986,8210,3874,4336,
41075,32849,15741,17108,57481,27735,29746,65691,31496,34195,57477,27743,29734,32841,15853,16988,8211,3875,4336,
41080,32853,15742,17111,57488,27738,29750,65699,31501,34198,57484,27748,29736,32845,15857,16988,8212,3876,4336,
41085,32857,15743,17114,57495,27740,29755,65707,31506,34201,57491,27751,29740,32849,15858,16991,8213,3876,4337,
41090,32861,15745,17116,57502,27744,29758,65715,31509,34206,57498,27754,29744,32853,15859,16994,8214,3876,4338,
41095,32865,15746,17119,57509,27747,29762,65723,31512,34211,57505,27759,29746,32857,15861,16996,8215,3877,4338,
41100,32869,15749,17120,57516,27748,29768,65731,31515,34216,57512,27760,29752,32861,15862,16999,8216,3878,4338,
41105,32873,15750,17123,57523,27752,29771,65739,31521,34218,57519,27765,29754,32865,15863,17002,8217,3878,4339,
41110,32877,15753,17124,57530,27755,29775,65747,31523,34224,57526,27768,29758,32869,15867,17002,8218,3879,4339,
41115,32881,15754,17127,57537,27759,29778,65755,31526,34229,57533,27770,29763,32873,15868,17005,8219,3879,4340,
41120,32885,15756,17129,57544,27762,29782,65763,31529,34234,57540,27774,29766,32877,15869,17008,8220,3880,4340,
41125,32889,15758,17131,57551,27762,29789,65771,31533,34238,57547,27776,29771,32881,15872,17009,8221,3881,4340,
41130,32893,15759,17134,57558,27766,29792,65779,31537,34242,57554,27781,29773,32885,15874,17011,8222,3881,4341,
41135,32897,15762,17135,57565,27771,29794,65787,31543,34244,57561,27785,29776,32889,15876,17013,8223,3881,4342,
41140,32901,15765,17136,57572,27773,29799,65795,31547,34248,57568,27787,29781,32893,15878,17015,8224,3881,4343,
41145,32905,15765,17140,57579,27775,29804,65803,31553,34250,57575,27790,29785,32897,15881,17016,8225,3882,4343,
41150,32909,15767,17142,57586,27779,29807,65811,31557,34254,57582,27792,29790,32901,15884,17017,8226,3882,4344,
41155,32913,15769,17144,57593,27782,29811,65819,31561,34258,57589,27796,29793,32905,15886,17019,8227,3882,4345,
41160,32917,15771,17146,57600,27788,29812,65827,31564,34263,57596,27800,29796,32909,15887,17022,8228,3882,4346,
41165,32921,15773,17148,57607,27792,29815,65835,31568,34267,57603,27801,29802,32913,15890,17023,8229,3883,4346,
41170,32925,15775,17150,57614,27796,29818,65843,31571,34272,57610,27803,29807,32917,15893,17024,8230,3883,4347,
41175,32929,15778,17151,57621,27798,29823,65851,31576,34275,57617,27808,29809,32921,15896,17025,8231,3883,4348,
41180,32933,15780,17153,57628,27802,29826,65859,31580,34279,57624,27810,29814,32925,15897,17028,8232,3883,4349,
41185,32937,15780,17157,57635,27805,29830,65867,31584,34283,57631,27812,29819,32929,15899,17030,8233,3884,4349,
41190,32941,15781,17160,57642,27808,29834,65875,31586,34289,57638,27816,29822,32933,15900,17033,8234,3884,4350,
41195,32945,15782,17163,57649,27813,29836,65883,31593,34290,57645,27821,29824,32937,15900,17037,8235,3884,4351,
41200,32949,15783,17166,57656,27815,29841,65891,31597,34294,57652,27823,29829,32941,15904,17037,8236,3885,4351,
41205,32953,15784,17169,57663,27820,29843,65899,31600,34299,57659,27826,29833,32945,15908,17037,8237,3886,4351,
41210,32957,15785,17172,57670,27821,29849,65907,31605,34302,57666,27828,29838,32949,15909,17040,8238,3887,4351,
41215,32961,15788,17173,57677,27825,29852,65915,31609,34306,57673,27831,29842,32953,15909,17044,8239,3887,4352,
41220,32965,15791,17174,57684,27828,29856,65923,31613,34310,57680,27834,29846,32957,15911,17046,8240,3888,4352,
41225,32969,15792,17177,57691,27831,29860,65931,31616,34315,57687,27836,29851,32961,15911,17050,8241,3888,4353,
41230,32973,15793,17180,57698,27834,29864,65939,31620,34319,57694,27841,29853,32965,15912,17053,8242,3889,4353,
41235,32977,15794,17183,57705,27839,29866,65947,31625,34322,57701,27844,29857,32969,15914,17055,8243,3889,4354,
41240,32981,15796,17185,57712,27843,29869,65955,31629,34326,57708,27845,29863,32973,15916,17057,8244,3889,4355,
41245,32985,15799,17186,57719,27845,29874,65963,31635,34328,57715,27849,29866,32977,15918,17059,8245,3889,4356,
41250,32989,15800,17189,57726,27849,29877,65971,31640,34331,57722,27853,29869,32981,15920,17061,8246,3889,4357,
41255,32993,15802,17191,57733,27853,29880,65979,31644,34335,57729,27857,29872,32985,15921,17064,8247,3890,4357,
41260,32997,15804,17193,57740,27856,29884,65987,31650,34337,57736,27860,29876,32989,15924,17065,8248,3890,4358,
41265,33001,15805,17196,57747,27859,29888,65995,31653,34342,57743,27862,29881,32993,15926,17067,8249,3891,4358,
41270,33005,15806,17199,57754,27860,29894,66003,31657,34346,57750,27866,29884,32997,15928,17069,8250,3892,4358,
41275,33009,15807,17202,57761,27861,29900,66011,31663,34348,57757,27868,29889,33001,15930,17071,8251,3893,4358,
41280,33013,15810,17203,57768,27865,29903,66019,31667,34352,57764,27872,29892,33005,15932,17073,8252,3893,4359,
41285,33017,15812,17205,57775,27869,29906,66027,31668,34359,57771,27877,29894,33009,15935,17074,8253,3893,4360,
41290,33021,15814,17207,57782,27871,29911,66035,31672,34363,57778,27880,29898,33013,15937,17076,8254,3894,4360,
41295,33025,15816,17209,57789,27874,29915,66043,31677,34366,57785,27883,29902,33017,15939,17078,8255,3895,4360,
41300,33029,15818,17211,57796,27878,29918,66051,31680,34371,57792,27888,29904,33021,15942,17079,8256,3896,4360,
41305,33033,15821,17212,57803,27882,29921,66059,31686,34373,57799,27891,29908,33025,15945,17080,8257,3897,4360,
41310,33037,15824,17213,57810,27884,29926,66067,31689,34378,57806,27894,29912,33029,15949,17080,8258,3897,4361,
41315,33041,15825,17216,57817,27889,29928,66075,31691,34384,57813,27897,29916,33033,15950,17083,8259,3898,4361,
41320,33045,15825,17220,57824,27891,29933,66083,31696,34387,57820,27901,29919,33037,15952,17085,8260,3898,4362,
41325,33049,15826,17223,57831,27895,29936,66091,31698,34393,57827,27903,29924,33041,15953,17088,8261,3899,4362,
41330,33053,15829,17224,57838,27899,29939,66099,31703,34396,57834,27909,29925,33045,15955,17090,8262,3899,4363,
41335,33057,15831,17226,57845,27903,29942,66107,31708,34399,57841,27911,29930,33049,15959,17090,8263,3900,4363,
41340,33061,15831,17230,57852,27905,29947,66115,31714,34401,57848,27913,29935,33053,15961,17092,8264,3900,4364,
41345,33065,15833,17232,57859,27906,29953,66123,31719,34404,57855,27915,29940,33057,15961,17096,8265,3900,4365,
41350,33069,15835,17234,57866,27910,29956,66131,31724,34407,57862,27920,29942,33061,15962,17099,8266,3900,4366,
41355,33073,15839,17234,57873,27916,29957,66139,31729,34410,57869,27922,29947,33065,15965,17100,8267,3900,4367,
41360,33077,15840,17237,57880,27919,29961,66147,31733,34414,57876,27926,29950,33069,15968,17101,8268,3901,4367,
41365,33081,15841,17240,57887,27922,29965,66155,31736,34419,57883,27930,29953,33073,15968,17105,8269,3902,4367,
41370,33085,15844,17241,57894,27927,29967,66163,31739,34424,57890,27931,29959,33077,15969,17108,8270,3902,4368,
41375,33089,15847,17242,57901,27931,29970,66171,31744,34427,57897,27935,29962,33081,15972,17109,8271,3903,4368,
41380,33093,15848,17245,57908,27933,29975,66179,31747,34432,57904,27941,29963,33085,15976,17109,8272,3903,4369,
41385,33097,15851,17246,57915,27937,29978,66187,31751,34436,57911,27944,29967,33089,15980,17109,8273,3903,4370,
41390,33101,15854,17247,57922,27941,29981,66195,31756,34439,57918,27948,29970,33093,15981,17112,8274,3903,4371,
41395,33105,15856,17249,57929,27944,29985,66203,31760,34443,57925,27951,29974,33097,15983,17114,8275,3904,4371,
41400,33109,15858,17251,57936,27947,29989,66211,31766,34445,57932,27954,29978,33101,15985,17116,8276,3904,4372,
41405,33113,15862,17251,57943,27948,29995,66219,31769,34450,57939,27958,29981,33105,15986,17119,8277,3904,4373,
41410,33117,15863,17254,57950,27949,30001,66227,31774,34453,57946,27960,29986,33109,15989,17120,8278,3905,4373,
41415,33121,15864,17257,57957,27950,30007,66235,31778,34457,57953,27961,29992,33113,15990,17123,8279,3906,4373,
41420,33125,15867,17258,57964,27954,30010,66243,31782,34461,57960,27965,29995,33117,15992,17125,8280,3907,4373,
41425,33129,15870,17259,57971,27956,30015,66251,31786,34465,57967,27968,29999,33121,15994,17127,8281,3908,4373,
41430,33133,15870,17263,57978,27959,30019,66259,31789,34470,57974,27971,30003,33125,15998,17127,8282,3909,4373,
41435,33137,15871,17266,57985,27964,30021,66267,31793,34474,57981,27974,30007,33129,15999,17130,8283,3910,4373,
41440,33141,15873,17268,57992,27967,30025,66275,31798,34477,57988,27979,30009,33133,16002,17131,8284,3910,4374,
41445,33145,15874,17271,57999,27970,30029,66283,31802,34481,57995,27982,30013,33137,16003,17134,8285,3910,4375,
41450,33149,15875,17274,58006,27972,30034,66291,31804,34487,58002,27986,30016,33141,16006,17135,8286,3910,4376,
41455,33153,15877,17276,58013,27973,30040,66299,31807,34492,58009,27987,30022,33145,16007,17138,8287,3911,4376,
41460,33157,15879,17278,58020,27977,30043,66307,31812,34495,58016,27990,30026,33149,16009,17140,8288,3912,4376,
41465,33161,15882,17279,58027,27979,30048,66315,31817,34498,58023,27991,30032,33153,16011,17142,8289,3913,4376,
41470,33165,15883,17282,58034,27983,30051,66323,31821,34502,58030,27993,30037,33157,16013,17144,8290,3914,4376,
41475,33169,15886,17283,58041,27986,30055,66331,31825,34506,58037,27996,30041,33161,16014,17147,8291,3914,4377,
41480,33173,15888,17285,58048,27991,30057,66339,31828,34511,58044,27999,30045,33165,16016,17149,8292,3914,4378,
41485,33177,15889,17288,58055,27996,30059,66347,31831,34516,58051,28006,30045,33169,16017,17152,8293,3915,4378,
41490,33181,15892,17289,58062,27998,30064,66355,31832,34523,58058,28009,30049,33173,16020,17153,8294,3916,4378,
41495,33185,15893,17292,58069,28001,30068,66363,31835,34528,58065,28014,30051,33177,16021,17156,8295,3916,4379,
41500,33189,15895,17294,58076,28005,30071,66371,31840,34531,58072,28015,30057,33181,16021,17160,8296,3917,4379,
41505,33193,15898,17295,58083,28009,30074,66379,31843,34536,58079,28018,30061,33185,16025,17160,8297,3918,4379,
41510,33197,15900,17297,58090,28010,30080,66387,31848,34539,58086,28021,30065,33189,16027,17162,8298,3918,4380,
41515,33201,15900,17301,58097,28014,30083,66395,31851,34544,58093,28027,30066,33193,16030,17163,8299,3919,4380,
41520,33205,15902,17303,58104,28018,30086,66403,31855,34548,58100,28030,30070,33197,16030,17167,8300,3920,4380,
41525,33209,15903,17306,58111,28019,30092,66411,31858,34553,58107,28035,30072,33201,16031,17170,8301,3920,4381,
41530,33213,15904,17309,58118,28022,30096,66419,31861,34558,58114,28038,30076,33205,16032,17173,8302,3921,4381,
41535,33217,15905,17312,58125,28025,30100,66427,31864,34563,58121,28039,30082,33209,16034,17175,8303,3922,4381,
41540,33221,15908,17313,58132,28028,30104,66435,31872,34563,58128,28043,30085,33213,16037,17176,8304,3922,4382,
41545,33225,15909,17316,58139,28032,30107,66443,31875,34568,58135,28045,30090,33217,16040,17177,8305,3923,4382,
41550,33229,15912,17317,58146,28035,30111,66451,31878,34573,58142,28048,30094,33221,16043,17178,8306,3924,4382,
41555,33233,15914,17319,58153,28039,30114,66459,31882,34577,58149,28052,30097,33225,16045,17180,8307,3925,4382,
41560,33237,15914,17323,58160,28044,30116,66467,31886,34581,58156,28057,30099,33229,16046,17183,8308,3926,4382,
41565,33241,15917,17324,58167,28047,30120,66475,31890,34585,58163,28061,30102,33233,16048,17185,8309,3926,4383,
41570,33245,15920,17325,58174,28053,30121,66483,31893,34590,58170,28063,30107,33237,16050,17187,8310,3926,4384,
41575,33249,15922,17327,58181,28055,30126,66491,31897,34594,58177,28064,30113,33241,16052,17189,8311,3927,4384,
41580,33253,15924,17329,58188,28060,30128,66499,31900,34599,58184,28068,30116,33245,16055,17190,8312,3927,4385,
41585,33257,15927,17330,58195,28064,30131,66507,31904,34603,58191,28072,30119,33249,16057,17192,8313,3927,4386,
41590,33261,15927,17334,58202,28066,30136,66515,31910,34605,58198,28075,30123,33253,16060,17193,8314,3928,4386,
41595,33265,15929,17336,58209,28070,30139,66523,31916,34607,58205,28079,30126,33257,16063,17194,8315,3928,4387,
41600,33269,15930,17339,58216,28073,30143,66531,31919,34612,58212,28083,30129,33261,16064,17197,8316,3928,4388,
41605,33273,15933,17340,58223,28078,30145,66539,31924,34615,58219,28086,30133,33265,16065,17200,8317,3928,4389,
41610,33277,15935,17342,58230,28079,30151,66547,31927,34620,58226,28086,30140,33269,16066,17203,8318,3929,4389,
41615,33281,15936,17345,58237,28083,30154,66555,31930,34625,58233,28089,30144,33273,16069,17204,8319,3930,4389,
41620,33285,15936,17349,58244,28087,30157,66563,31934,34629,58240,28092,30148,33277,16069,17208,8320,3930,4390,
41625,33289,15937,17352,58251,28090,30161,66571,31936,34635,58247,28094,30153,33281,16070,17211,8321,3930,4391,
41630,33293,15939,17354,58258,28090,30168,66579,31940,34639,58254,28097,30157,33285,16071,17214,8322,3931,4391,
41635,33297,15941,17356,58265,28093,30172,66587,31945,34642,58261,28101,30160,33289,16075,17214,8323,3932,4391,
41640,33301,15944,17357,58272,28098,30174,66595,31949,34646,58268,28104,30164,33293,16076,17217,8324,3932,4392,
41645,33305,15946,17359,58279,28101,30178,66603,31952,34651,58275,28106,30169,33297,16079,17218,8325,3933,4392,
41650,33309,15948,17361,58286,28102,30184,66611,31955,34656,58282,28108,30174,33301,16081,17220,8326,3934,4392,
41655,33313,15950,17363,58293,28107,30186,66619,31960,34659,58289,28111,30178,33305,16083,17222,8327,3935,4392,
41660,33317,15952,17365,58300,28113,30187,66627,31964,34663,58296,28113,30183,33309,16084,17225,8328,3936,4392,
41665,33321,15955,17366,58307,28117,30190,66635,31968,34667,58303,28117,30186,33313,16086,17227,8329,3937,4392,
41670,33325,15958,17367,58314,28120,30194,66643,31973,34670,58310,28120,30190,33317,16088,17229,8330,3938,4392,
41675,33329,15960,17369,58321,28122,30199,66651,31976,34675,58317,28123,30194,33321,16089,17232,8331,3939,4392,
41680,33333,15963,17370,58328,28125,30203,66659,31977,34682,58324,28127,30197,33325,16091,17234,8332,3939,4393,
41685,33337,15965,17372,58335,28127,30208,66667,31980,34687,58331,28129,30202,33329,16093,17236,8333,3940,4393,
41690,33341,15966,17375,58342,28132,30210,66675,31983,34692,58338,28129,30209,33333,16094,17239,8334,3941,4393,
41695,33345,15970,17375,58349,28135,30214,66683,31988,34695,58345,28132,30213,33337,16096,17241,8335,3942,4393,
41700,33349,15971,17378,58356,28139,30217,66691,31991,34700,58352,28136,30216,33341,16096,17245,8336,3942,4394,
41705,33353,15973,17380,58363,28144,30219,66699,31996,34703,58359,28140,30219,33345,16098,17247,8337,3943,4394,
41710,33357,15973,17384,58370,28147,30223,66707,32000,34707,58366,28143,30223,33349,16099,17250,8338,3944,4394,
41715,33361,15975,17386,58377,28150,30227,66715,32005,34710,58373,28147,30226,33353,16101,17252,8339,3945,4394,
41720,33365,15978,17387,58384,28155,30229,66723,32008,34715,58380,28152,30228,33357,16102,17255,8340,3946,4394,
41725,33369,15980,17389,58391,28160,30231,66731,32013,34718,58387,28158,30229,33361,16104,17257,8341,3947,4394,
41730,33373,15982,17391,58398,28163,30235,66739,32019,34720,58394,28160,30234,33365,16105,17260,8342,3948,4394,
41735,33377,15983,17394,58405,28167,30238,66747,32022,34725,58401,28163,30238,33369,16107,17262,8343,3949,4394,
41740,33381,15985,17396,58412,28169,30243,66755,32027,34728,58408,28165,30243,33373,16108,17265,8344,3950,4394,
41745,33385,15985,17400,58419,28175,30244,66763,32030,34733,58415,28167,30248,33377,16111,17266,8345,3950,4395,
41750,33389,15989,17400,58426,28176,30250,66771,32035,34736,58422,28172,30250,33381,16112,17269,8346,3950,4396,
41755,33393,15991,17402,58433,28179,30254,66779,32040,34739,58429,28176,30253,33385,16114,17271,8347,3950,4397,
41760,33397,15994,17403,58440,28182,30258,66787,32044,34743,58436,28179,30257,33389,16117,17272,8348,3950,4398,
41765,33401,15996,17405,58447,28184,30263,66795,32048,34747,58443,28182,30261,33393,16118,17275,8349,3950,4399,
41770,33405,15999,17406,58454,28187,30267,66803,32050,34753,58450,28183,30267,33397,16121,17276,8350,3950,4400,
41775,33409,16002,17407,58461,28191,30270,66811,32056,34755,58457,28188,30269,33401,16125,17276,8351,3951,4400,
41780,33413,16005,17408,58468,28193,30275,66819,32061,34758,58464,28193,30271,33405,16127,17278,8352,3951,4401,
41785,33417,16007,17410,58475,28196,30279,66827,32064,34763,58471,28197,30274,33409,16129,17280,8353,3951,4402,
41790,33421,16009,17412,58482,28201,30281,66835,32067,34768,58478,28201,30277,33413,16130,17283,8354,3951,4403,
41795,33425,16010,17415,58489,28207,30282,66843,32073,34770,58485,28204,30281,33417,16133,17284,8355,3952,4403,
41800,33429,16010,17419,58496,28209,30287,66851,32076,34775,58492,28207,30285,33421,16135,17286,8356,3952,4404,
41805,33433,16012,17421,58503,28212,30291,66859,32080,34779,58499,28209,30290,33425,16137,17288,8357,3952,4405,
41810,33437,16015,17422,58510,28215,30295,66867,32087,34780,58506,28213,30293,33429,16139,17290,8358,3953,4405,
41815,33441,16017,17424,58517,28218,30299,66875,32091,34784,58513,28216,30297,33433,16141,17292,8359,3954,4405,
41820,33445,16019,17426,58524,28221,30303,66883,32093,34790,58520,28220,30300,33437,16144,17293,8360,3954,4406,
41825,33449,16020,17429,58531,28222,30309,66891,32097,34794,58527,28223,30304,33441,16147,17294,8361,3955,4406,
41830,33453,16021,17432,58538,28225,30313,66899,32102,34797,58534,28227,30307,33445,16149,17296,8362,3955,4407,
41835,33457,16021,17436,58545,28229,30316,66907,32107,34800,58541,28231,30310,33449,16152,17297,8363,3955,4408,
41840,33461,16022,17439,58552,28233,30319,66915,32112,34803,58548,28236,30312,33453,16154,17299,8364,3956,4408,
41845,33465,16023,17442,58559,28236,30323,66923,32117,34806,58555,28240,30315,33457,16156,17301,8365,3957,4408,
41850,33469,16024,17445,58566,28240,30326,66931,32120,34811,58562,28244,30318,33461,16159,17302,8366,3958,4408,
41855,33473,16026,17447,58573,28241,30332,66939,32122,34817,58569,28247,30322,33465,16162,17303,8367,3958,4409,
41860,33477,16030,17447,58580,28244,30336,66947,32127,34820,58576,28250,30326,33469,16164,17305,8368,3959,4409,
41865,33481,16033,17448,58587,28249,30338,66955,32129,34826,58583,28254,30329,33473,16165,17308,8369,3960,4409,
41870,33485,16034,17451,58594,28255,30339,66963,32132,34831,58590,28257,30333,33477,16167,17310,8370,3960,4410,
41875,33489,16036,17453,58601,28261,30340,66971,32136,34835,58597,28260,30337,33481,16168,17313,8371,3961,4410,
41880,33493,16039,17454,58608,28265,30343,66979,32139,34840,58604,28264,30340,33485,16170,17315,8372,3962,4410,
41885,33497,16039,17458,58615,28270,30345,66987,32142,34845,58611,28266,30345,33489,16172,17317,8373,3962,4411,
41890,33501,16042,17459,58622,28273,30349,66995,32145,34850,58618,28270,30348,33493,16176,17317,8374,3963,4411,
41895,33505,16045,17460,58629,28277,30352,67003,32149,34854,58625,28273,30352,33497,16178,17319,8375,3964,4411,
41900,33509,16047,17462,58636,28280,30356,67011,32156,34855,58632,28278,30354,33501,16180,17321,8376,3964,4412,
41905,33513,16047,17466,58643,28286,30357,67019,32159,34860,58639,28284,30355,33505,16181,17324,8377,3964,4413,
41910,33517,16049,17468,58650,28288,30362,67027,32162,34865,58646,28288,30358,33509,16182,17327,8378,3965,4413,
41915,33521,16051,17470,58657,28292,30365,67035,32165,34870,58653,28292,30361,33513,16184,17329,8379,3965,4414,
41920,33525,16052,17473,58664,28294,30370,67043,32171,34872,58660,28295,30365,33517,16186,17331,8380,3966,4414,
41925,33529,16054,17475,58671,28297,30374,67051,32174,34877,58667,28299,30368,33521,16187,17334,8381,3966,4415,
41930,33533,16056,17477,58678,28300,30378,67059,32177,34882,58674,28301,30373,33525,16189,17336,8382,3966,4416,
41935,33537,16059,17478,58685,28304,30381,67067,32182,34885,58681,28305,30376,33529,16191,17338,8383,3967,4416,
41940,33541,16060,17481,58692,28309,30383,67075,32186,34889,58688,28307,30381,33533,16192,17341,8384,3968,4416,
41945,33545,16060,17485,58699,28312,30387,67083,32188,34895,58695,28313,30382,33537,16192,17345,8385,3968,4417,
41950,33549,16062,17487,58706,28317,30389,67091,32192,34899,58702,28314,30388,33541,16193,17348,8386,3969,4417,
41955,33553,16065,17488,58713,28323,30390,67099,32196,34903,58709,28318,30391,33545,16194,17351,8387,3969,4418,
41960,33557,16067,17490,58720,28326,30394,67107,32199,34908,58716,28321,30395,33549,16197,17352,8388,3970,4418,
41965,33561,16070,17491,58727,28331,30396,67115,32202,34913,58723,28324,30399,33553,16200,17353,8389,3970,4419,
41970,33565,16073,17492,58734,28333,30401,67123,32205,34918,58730,28326,30404,33557,16203,17354,8390,3971,4419,
41975,33569,16076,17493,58741,28336,30405,67131,32210,34921,58737,28332,30405,33561,16204,17357,8391,3971,4420,
41980,33573,16077,17496,58748,28340,30408,67139,32218,34921,58744,28334,30410,33565,16206,17359,8392,3971,4421,
41985,33577,16081,17496,58755,28344,30411,67147,32222,34925,58751,28336,30415,33569,16208,17361,8393,3971,4422,
41990,33581,16084,17497,58762,28346,30416,67155,32225,34930,58758,28341,30417,33573,16209,17364,8394,3972,4422,
41995,33585,16085,17500,58769,28353,30416,67163,32226,34937,58765,28346,30419,33577,16211,17366,8395,3973,4422,
42000,33589,16086,17503,58776,28355,30421,67171,32233,34938,58772,28349,30423,33581,16214,17367,8396,3973,4423,
42005,33593,16087,17506,58783,28359,30424,67179,32236,34943,58779,28353,30426,33585,16215,17370,8397,3973,4424,
42010,33597,16089,17508,58790,28363,30427,67187,32239,34948,58786,28358,30428,33589,16217,17372,8398,3974,4424,
42015,33601,16092,17509,58797,28366,30431,67195,32245,34950,58793,28362,30431,33593,16220,17373,8399,3975,4424,
42020,33605,16094,17511,58804,28370,30434,67203,32249,34954,58800,28367,30433,33597,16222,17375,8400,3976,4424,
42025,33609,16096,17513,58811,28373,30438,67211,32253,34958,58807,28373,30434,33601,16224,17377,8401,3977,4424,
42030,33613,16097,17516,58818,28375,30443,67219,32259,34960,58814,28376,30438,33605,16226,17379,8402,3978,4424,
42035,33617,16098,17519,58825,28379,30446,67227,32261,34966,58821,28381,30440,33609,16228,17381,8403,3978,4425,
42040,33621,16100,17521,58832,28383,30449,67235,32265,34970,58828,28385,30443,33613,16231,17382,8404,3978,4426,
42045,33625,16102,17523,58839,28388,30451,67243,32268,34975,58835,28388,30447,33617,16233,17384,8405,3978,4427,
42050,33629,16105,17524,58846,28390,30456,67251,32272,34979,58842,28390,30452,33621,16233,17388,8406,3979,4427,
42055,33633,16109,17524,58853,28396,30457,67259,32274,34985,58849,28393,30456,33625,16235,17390,8407,3979,4428,
42060,33637,16111,17526,58860,28399,30461,67267,32278,34989,58856,28395,30461,33629,16236,17393,8408,3980,4428,
42065,33641,16113,17528,58867,28401,30466,67275,32283,34992,58863,28400,30463,33633,16237,17396,8409,3981,4428,
42070,33645,16115,17530,58874,28404,30470,67283,32289,34994,58870,28403,30467,33637,16240,17397,8410,3982,4428,
42075,33649,16119,17530,58881,28406,30475,67291,32292,34999,58877,28409,30468,33641,16241,17400,8411,3983,4428,
42080,33653,16121,17532,58888,28410,30478,67299,32297,35002,58884,28412,30472,33645,16243,17402,8412,3984,4428,
42085,33657,16123,17534,58895,28413,30482,67307,32301,35006,58891,28416,30475,33649,16245,17404,8413,3984,4429,
42090,33661,16125,17536,58902,28418,30484,67315,32307,35008,58898,28420,30478,33653,16246,17407,8414,3985,4429,
42095,33665,16128,17537,58909,28420,30489,67323,32310,35013,58905,28424,30481,33657,16249,17408,8415,3986,4429,
42100,33669,16131,17538,58916,28422,30494,67331,32313,35018,58912,28426,30486,33661,16251,17410,8416,3986,4430,
42105,33673,16134,17539,58923,28425,30498,67339,32317,35022,58919,28429,30490,33665,16252,17413,8417,3987,4430,
42110,33677,16136,17541,58930,28429,30501,67347,32319,35028,58926,28435,30491,33669,16254,17415,8418,3988,4430,
42115,33681,16136,17545,58937,28434,30503,67355,32323,35032,58933,28437,30496,33673,16255,17418,8419,3989,4430,
42120,33685,16137,17548,58944,28438,30506,67363,32329,35034,58940,28440,30500,33677,16256,17421,8420,3989,4431,
42125,33689,16139,17550,58951,28442,30509,67371,32336,35035,58947,28443,30504,33681,16256,17425,8421,3990,4431,
42130,33693,16140,17553,58958,28446,30512,67379,32341,35038,58954,28446,30508,33685,16259,17426,8422,3990,4432,
42135,33697,16141,17556,58965,28448,30517,67387,32347,35040,58961,28450,30511,33689,16261,17428,8423,3990,4433,
42140,33701,16143,17558,58972,28452,30520,67395,32351,35044,58968,28454,30514,33693,16262,17431,8424,3991,4433,
42145,33705,16147,17558,58979,28453,30526,67403,32358,35045,58975,28459,30516,33697,16263,17434,8425,3991,4434,
42150,33709,16150,17559,58986,28459,30527,67411,32361,35050,58982,28462,30520,33701,16266,17435,8426,3991,4435,
42155,33713,16152,17561,58993,28463,30530,67419,32364,35055,58989,28465,30524,33705,16267,17438,8427,3992,4435,
42160,33717,16154,17563,59000,28468,30532,67427,32366,35061,58996,28467,30529,33709,16268,17441,8428,3992,4436,
42165,33721,16155,17566,59007,28471,30536,67435,32371,35064,59003,28470,30533,33713,16272,17441,8429,3992,4437,
42170,33725,16156,17569,59014,28476,30538,67443,32374,35069,59010,28472,30538,33717,16273,17444,8430,3992,4438,
42175,33729,16157,17572,59021,28478,30543,67451,32377,35074,59017,28477,30540,33721,16274,17447,8431,3992,4439,
42180,33733,16159,17574,59028,28484,30544,67459,32381,35078,59024,28481,30543,33725,16277,17448,8432,3992,4440,
42185,33737,16160,17577,59035,28487,30548,67467,32385,35082,59031,28484,30547,33729,16278,17451,8433,3993,4440,
42190,33741,16162,17579,59042,28490,30552,67475,32391,35084,59038,28486,30552,33733,16280,17453,8434,3993,4441,
42195,33745,16165,17580,59049,28492,30557,67483,32394,35089,59045,28492,30553,33737,16281,17456,8435,3993,4442,
42200,33749,16168,17581,59056,28494,30562,67491,32396,35095,59052,28498,30554,33741,16284,17457,8436,3994,4442,
42205,33753,16171,17582,59063,28498,30565,67499,32398,35101,59059,28501,30558,33745,16286,17459,8437,3995,4442,
42210,33757,16175,17582,59070,28500,30570,67507,32402,35105,59066,28504,30562,33749,16288,17461,8438,3995,4443,
42215,33761,16177,17584,59077,28505,30572,67515,32405,35110,59073,28506,30567,33753,16291,17462,8439,3995,4444,
42220,33765,16180,17585,59084,28506,30578,67523,32411,35112,59080,28509,30571,33757,16294,17463,8440,3995,4445,
42225,33769,16182,17587,59091,28509,30582,67531,32415,35116,59087,28513,30574,33761,16297,17464,8441,3995,4446,
42230,33773,16185,17588,59098,28514,30584,67539,32417,35122,59094,28518,30576,33765,16299,17466,8442,3995,4447,
42235,33777,16187,17590,59105,28515,30590,67547,32420,35127,59101,28522,30579,33769,16301,17468,8443,3996,4447,
42240,33781,16190,17591,59112,28518,30594,67555,32424,35131,59108,28523,30585,33773,16304,17469,8444,3997,4447,
42245,33785,16191,17594,59119,28523,30596,67563,32430,35133,59115,28528,30587,33777,16308,17469,8445,3998,4447,
42250,33789,16192,17597,59126,28527,30599,67571,32436,35135,59122,28533,30589,33781,16312,17469,8446,3999,4447,
42255,33793,16194,17599,59133,28532,30601,67579,32440,35139,59129,28538,30591,33785,16314,17471,8447,4000,4447,
42260,33797,16197,17600,59140,28532,30608,67587,32445,35142,59136,28543,30593,33789,16316,17473,8448,4001,4447,
42265,33801,16199,17602,59147,28535,30612,67595,32450,35145,59143,28547,30596,33793,16319,17474,8449,4002,4447,
42270,33805,16202,17603,59154,28538,30616,67603,32453,35150,59150,28551,30599,33797,16322,17475,8450,4003,4447,
42275,33809,16205,17604,59161,28542,30619,67611,32456,35155,59157,28554,30603,33801,16326,17475,8451,4004,4447,
42280,33813,16207,17606,59168,28544,30624,67619,32460,35159,59164,28558,30606,33805,16328,17477,8452,4005,4447,
42285,33817,16208,17609,59175,28549,30626,67627,32463,35164,59171,28562,30609,33809,16330,17479,8453,4006,4447,
42290,33821,16209,17612,59182,28552,30630,67635,32467,35168,59178,28566,30612,33813,16332,17481,8454,4007,4447,
42295,33825,16210,17615,59189,28554,30635,67643,32474,35169,59185,28571,30614,33817,16334,17483,8455,4008,4447,
42300,33829,16213,17616,59196,28558,30638,67651,32476,35175,59192,28575,30617,33821,16335,17486,8456,4008,4448,
42305,33833,16213,17620,59203,28562,30641,67659,32478,35181,59199,28580,30619,33825,16335,17490,8457,4009,4448,
42310,33837,16214,17623,59210,28567,30643,67667,32478,35189,59206,28584,30622,33829,16337,17492,8458,4009,4449,
42315,33841,16217,17624,59217,28572,30645,67675,32481,35194,59213,28588,30625,33833,16337,17496,8459,4010,4449,
42320,33845,16221,17624,59224,28575,30649,67683,32483,35200,59220,28593,30627,33837,16340,17497,8460,4010,4450,
42325,33849,16224,17625,59231,28578,30653,67691,32489,35202,59227,28597,30630,33841,16340,17501,8461,4011,4450,
42330,33853,16226,17627,59238,28582,30656,67699,32491,35208,59234,28599,30635,33845,16341,17504,8462,4012,4450,
42335,33857,16229,17628,59245,28589,30656,67707,32495,35212,59241,28603,30638,33849,16344,17505,8463,4013,4450,
42340,33861,16231,17630,59252,28591,30661,67715,32499,35216,59248,28608,30640,33853,16345,17508,8464,4013,4451,
42345,33865,16233,17632,59259,28595,30664,67723,32502,35221,59255,28611,30644,33857,16346,17511,8465,4013,4452,
42350,33869,16236,17633,59266,28600,30666,67731,32505,35226,59262,28612,30650,33861,16347,17514,8466,4013,4453,
42355,33873,16239,17634,59273,28605,30668,67739,32508,35231,59269,28615,30654,33865,16350,17515,8467,4014,4453,
42360,33877,16243,17634,59280,28606,30674,67747,32512,35235,59276,28620,30656,33869,16352,17517,8468,4015,4453,
42365,33881,16245,17636,59287,28608,30679,67755,32516,35239,59283,28623,30660,33873,16353,17520,8469,4016,4453,
42370,33885,16247,17638,59294,28612,30682,67763,32519,35244,59290,28627,30663,33877,16357,17520,8470,4016,4454,
42375,33889,16248,17641,59301,28616,30685,67771,32526,35245,59297,28631,30666,33881,16360,17521,8471,4016,4455,
42380,33893,16250,17643,59308,28620,30688,67779,32530,35249,59304,28634,30670,33885,16363,17522,8472,4017,4455,
42385,33897,16254,17643,59315,28624,30691,67787,32535,35252,59311,28638,30673,33889,16366,17523,8473,4018,4455,
42390,33901,16255,17646,59322,28627,30695,67795,32537,35258,59318,28642,30676,33893,16370,17523,8474,4019,4455,
42395,33905,16258,17647,59329,28631,30698,67803,32540,35263,59325,28646,30679,33897,16371,17526,8475,4019,4456,
42400,33909,16260,17649,59336,28637,30699,67811,32545,35266,59332,28648,30684,33901,16374,17527,8476,4020,4456,
42405,33913,16261,17652,59343,28643,30700,67819,32548,35271,59339,28650,30689,33905,16376,17529,8477,4021,4456,
42410,33917,16263,17654,59350,28647,30703,67827,32551,35276,59346,28655,30691,33909,16377,17532,8478,4022,4456,
42415,33921,16264,17657,59357,28650,30707,67835,32558,35277,59353,28657,30696,33913,16379,17534,8479,4023,4456,
42420,33925,16265,17660,59364,28653,30711,67843,32563,35280,59360,28660,30700,33917,16381,17536,8480,4024,4456,
42425,33929,16268,17661,59371,28654,30717,67851,32566,35285,59367,28660,30707,33921,16383,17538,8481,4024,4457,
42430,33933,16270,17663,59378,28660,30718,67859,32570,35289,59374,28665,30709,33925,16385,17540,8482,4025,4457,
42435,33937,16271,17666,59385,28665,30720,67867,32574,35293,59381,28667,30714,33929,16387,17542,8483,4025,4458,
42440,33941,16274,17667,59392,28667,30725,67875,32577,35298,59388,28671,30717,33933,16388,17545,8484,4026,4458,
42445,33945,16276,17669,59399,28670,30729,67883,32583,35300,59395,28675,30720,33937,16390,17547,8485,4027,4458,
42450,33949,16276,17673,59406,28673,30733,67891,32586,35305,59402,28680,30722,33941,16393,17548,8486,4027,4459,
42455,33953,16280,17673,59413,28678,30735,67899,32590,35309,59409,28684,30725,33945,16395,17550,8487,4027,4460,
42460,33957,16284,17673,59420,28681,30739,67907,32597,35310,59416,28689,30727,33949,16396,17553,8488,4027,4461,
42465,33961,16288,17673,59427,28682,30745,67915,32601,35314,59423,28692,30731,33953,16399,17554,8489,4027,4462,
42470,33965,16290,17675,59434,28685,30749,67923,32605,35318,59430,28696,30734,33957,16400,17557,8490,4028,4462,
42475,33969,16293,17676,59441,28686,30755,67931,32609,35322,59437,28700,30737,33961,16402,17559,8491,4029,4462,
42480,33973,16295,17678,59448,28687,30761,67939,32613,35326,59444,28703,30741,33965,16404,17561,8492,4029,4463,
42485,33977,16297,17680,59455,28688,30767,67947,32616,35331,59451,28710,30741,33969,16406,17563,8493,4030,4463,
42490,33981,16298,17683,59462,28691,30771,67955,32623,35332,59458,28713,30745,33973,16409,17564,8494,4030,4464,
42495,33985,16300,17685,59469,28696,30773,67963,32628,35335,59465,28717,30748,33977,16411,17566,8495,4031,4464,
42500,33989,16302,17687,59476,28700,30776,67971,32631,35340,59472,28718,30754,33981,16413,17568,8496,4032,4464,
42505,33993,16305,17688,59483,28701,30782,67979,32636,35343,59479,28722,30757,33985,16416,17569,8497,4032,4465,
42510,33997,16307,17690,59490,28705,30785,67987,32642,35345,59486,28726,30760,33989,16418,17571,8498,4032,4466,
42515,34001,16310,17691,59497,28708,30789,67995,32646,35349,59493,28729,30764,33993,16421,17572,8499,4032,4467,
42520,34005,16312,17693,59504,28711,30793,68003,32651,35352,59500,28733,30767,33997,16425,17572,8500,4033,4467,
42525,34009,16313,17696,59511,28716,30795,68011,32657,35354,59507,28739,30768,34001,16429,17572,8501,4033,4468,
42530,34013,16314,17699,59518,28719,30799,68019,32661,35358,59514,28744,30770,34005,16432,17573,8502,4033,4469,
42535,34017,16314,17703,59525,28723,30802,68027,32664,35363,59521,28748,30773,34009,16432,17577,8503,4033,4470,
42540,34021,16316,17705,59532,28726,30806,68035,32671,35364,59528,28750,30778,34013,16433,17580,8504,4033,4471,
42545,34025,16318,17707,59539,28729,30810,68043,32673,35370,59535,28755,30780,34017,16433,17584,8505,4034,4471,
42550,34029,16321,17708,59546,28733,30813,68051,32676,35375,59542,28758,30784,34021,16434,17587,8506,4035,4471,
42555,34033,16323,17710,59553,28737,30816,68059,32678,35381,59549,28762,30787,34025,16436,17589,8507,4035,4472,
42560,34037,16326,17711,59560,28739,30821,68067,32680,35387,59556,28765,30791,34029,16438,17591,8508,4036,4472,
42565,34041,16328,17713,59567,28741,30826,68075,32684,35391,59563,28770,30793,34033,16439,17594,8509,4036,4473,
42570,34045,16328,17717,59574,28744,30830,68083,32687,35396,59570,28771,30799,34037,16439,17598,8510,4036,4474,
42575,34049,16330,17719,59581,28747,30834,68091,32690,35401,59577,28774,30803,34041,16442,17599,8511,4037,4474,
42580,34053,16331,17722,59588,28752,30836,68099,32692,35407,59584,28777,30807,34045,16443,17602,8512,4038,4474,
42585,34057,16332,17725,59595,28755,30840,68107,32696,35411,59591,28779,30812,34049,16445,17604,8513,4039,4474,
42590,34061,16333,17728,59602,28757,30845,68115,32698,35417,59598,28781,30817,34053,16445,17608,8514,4039,4475,
42595,34065,16335,17730,59609,28760,30849,68123,32701,35422,59605,28784,30821,34057,16447,17610,8515,4039,4476,
42600,34069,16337,17732,59616,28764,30852,68131,32704,35427,59612,28788,30824,34061,16451,17610,8516,4039,4477,
42605,34073,16339,17734,59623,28769,30854,68139,32706,35433,59619,28790,30829,34065,16453,17612,8517,4039,4478,
42610,34077,16339,17738,59630,28774,30856,68147,32709,35438,59626,28792,30834,34069,16456,17613,8518,4039,4479,
42615,34081,16341,17740,59637,28778,30859,68155,32715,35440,59633,28795,30838,34073,16459,17614,8519,4039,4480,
42620,34085,16343,17742,59644,28780,30864,68163,32722,35441,59640,28800,30840,34077,16460,17617,8520,4039,4481,
42625,34089,16345,17744,59651,28783,30868,68171,32726,35445,59647,28802,30845,34081,16462,17619,8521,4039,4482,
42630,34093,16347,17746,59658,28788,30870,68179,32731,35448,59654,28808,30846,34085,16465,17620,8522,4040,4482,
42635,34097,16348,17749,59665,28791,30874,68187,32734,35453,59661,28812,30849,34089,16467,17622,8523,4041,4482,
42640,34101,16350,17751,59672,28795,30877,68195,32737,35458,59668,28817,30851,34093,16469,17624,8524,4041,4483,
42645,34105,16354,17751,59679,28797,30882,68203,32743,35460,59675,28822,30853,34097,16470,17627,8525,4041,4484,
42650,34109,16356,17753,59686,28803,30883,68211,32748,35463,59682,28827,30855,34101,16473,17628,8526,4041,4485,
42655,34113,16358,17755,59693,28804,30889,68219,32751,35468,59689,28832,30857,34105,16474,17631,8527,4042,4485,
42660,34117,16360,17757,59700,28808,30892,68227,32754,35473,59696,28837,30859,34109,16475,17634,8528,4043,4485,
42665,34121,16362,17759,59707,28809,30898,68235,32757,35478,59703,28841,30862,34113,16476,17637,8529,4044,4485,
42670,34125,16365,17760,59714,28813,30901,68243,32759,35484,59710,28847,30863,34117,16478,17639,8530,4044,4486,
42675,34129,16367,17762,59721,28814,30907,68251,32761,35490,59717,28848,30869,34121,16480,17641,8531,4045,4486,
42680,34133,16369,17764,59728,28817,30911,68259,32763,35496,59724,28853,30871,34125,16484,17641,8532,4046,4486,
42685,34137,16372,17765,59735,28820,30915,68267,32766,35501,59731,28856,30875,34129,16486,17643,8533,4046,4487,
42690,34141,16373,17768,59742,28823,30919,68275,32770,35505,59738,28858,30880,34133,16489,17644,8534,4047,4487,
42695,34145,16375,17770,59749,28826,30923,68283,32773,35510,59745,28864,30881,34137,16491,17646,8535,4048,4487,
42700,34149,16377,17772,59756,28831,30925,68291,32776,35515,59752,28866,30886,34141,16493,17648,8536,4049,4487,
42705,34153,16380,17773,59763,28834,30929,68299,32782,35517,59759,28869,30890,34145,16496,17649,8537,4050,4487,
42710,34157,16381,17776,59770,28838,30932,68307,32787,35520,59766,28873,30893,34149,16497,17652,8538,4050,4488,
42715,34161,16382,17779,59777,28842,30935,68315,32792,35523,59773,28874,30899,34153,16499,17654,8539,4051,4488,
42720,34165,16383,17782,59784,28847,30937,68323,32795,35528,59780,28880,30900,34157,16500,17657,8540,4052,4488,
42725,34169,16386,17783,59791,28849,30942,68331,32796,35535,59787,28886,30901,34161,16502,17659,8541,4052,4489,
42730,34173,16387,17786,59798,28853,30945,68339,32798,35541,59794,28892,30902,34165,16505,17660,8542,4053,4489,
42735,34177,16388,17789,59805,28858,30947,68347,32802,35545,59801,28894,30907,34169,16505,17664,8543,4053,4490,
42740,34181,16390,17791,59812,28861,30951,68355,32806,35549,59808,28897,30911,34173,16506,17667,8544,4054,4490,
42745,34185,16391,17794,59819,28866,30953,68363,32809,35554,59815,28898,30917,34177,16510,17667,8545,4055,4490,
42750,34189,16393,17796,59826,28869,30957,68371,32814,35557,59822,28901,30921,34181,16511,17670,8546,4056,4490,
42755,34193,16393,17800,59833,28871,30962,68379,32819,35560,59829,28903,30926,34185,16512,17673,8547,4056,4491,
42760,34197,16394,17803,59840,28875,30965,68387,32823,35564,59836,28906,30930,34189,16513,17676,8548,4057,4491,
42765,34201,16398,17803,59847,28878,30969,68395,32823,35572,59843,28906,30937,34193,16515,17678,8549,4057,4492,
42770,34205,16400,17805,59854,28881,30973,68403,32826,35577,59850,28906,30944,34197,16517,17680,8550,4058,4492,
42775,34209,16401,17808,59861,28884,30977,68411,32828,35583,59857,28909,30948,34201,16520,17681,8551,4059,4492,
42780,34213,16403,17810,59868,28888,30980,68419,32832,35587,59864,28912,30952,34205,16522,17683,8552,4060,4492,
42785,34217,16405,17812,59875,28894,30981,68427,32838,35589,59871,28916,30955,34209,16526,17683,8553,4060,4493,
42790,34221,16408,17813,59882,28898,30984,68435,32843,35592,59878,28919,30959,34213,16528,17685,8554,4060,4494,
42795,34225,16410,17815,59889,28901,30988,68443,32845,35598,59885,28923,30962,34217,16529,17688,8555,4061,4494,
42800,34229,16413,17816,59896,28903,30993,68451,32850,35601,59892,28925,30967,34221,16532,17689,8556,4062,4494,
42805,34233,16414,17819,59903,28906,30997,68459,32852,35607,59899,28928,30971,34225,16533,17692,8557,4062,4495,
42810,34237,16417,17820,59910,28910,31000,68467,32857,35610,59906,28930,30976,34229,16535,17694,8558,4063,4495,
42815,34241,16418,17823,59917,28913,31004,68475,32862,35613,59913,28932,30981,34233,16537,17696,8559,4063,4496,
42820,34245,16421,17824,59924,28917,31007,68483,32867,35616,59920,28936,30984,34237,16537,17700,8560,4064,4496,
42825,34249,16423,17826,59931,28919,31012,68491,32871,35620,59927,28939,30988,34241,16538,17703,8561,4065,4496,
42830,34253,16423,17830,59938,28920,31018,68499,32876,35623,59934,28943,30991,34245,16539,17706,8562,4065,4497,
42835,34257,16425,17832,59945,28922,31023,68507,32880,35627,59941,28948,30993,34249,16541,17708,8563,4066,4497,
42840,34261,16428,17833,59952,28925,31027,68515,32883,35632,59948,28950,30998,34253,16545,17708,8564,4066,4498,
42845,34265,16429,17836,59959,28929,31030,68523,32885,35638,59955,28955,31000,34257,16546,17711,8565,4066,4499,
42850,34269,16431,17838,59966,28934,31032,68531,32887,35644,59962,28958,31004,34261,16548,17713,8566,4066,4500,
42855,34273,16434,17839,59973,28939,31034,68539,32889,35650,59969,28960,31009,34265,16550,17715,8567,4066,4501,
42860,34277,16436,17841,59980,28941,31039,68547,32894,35653,59976,28961,31015,34269,16553,17716,8568,4066,4502,
42865,34281,16438,17843,59987,28946,31041,68555,32898,35657,59983,28964,31019,34273,16555,17718,8569,4067,4502,
42870,34285,16440,17845,59994,28952,31042,68563,32903,35660,59990,28968,31022,34277,16558,17719,8570,4067,4503,
42875,34289,16441,17848,60001,28955,31046,68571,32907,35664,59997,28972,31025,34281,16559,17722,8571,4067,4504,
42880,34293,16443,17850,60008,28958,31050,68579,32910,35669,60004,28974,31030,34285,16561,17724,8572,4067,4505,
42885,34297,16446,17851,60015,28963,31052,68587,32916,35671,60011,28980,31031,34289,16562,17727,8573,4068,4505,
42890,34301,16447,17854,60022,28967,31055,68595,32919,35676,60018,28982,31036,34293,16565,17728,8574,4069,4505,
42895,34305,16449,17856,60029,28970,31059,68603,32923,35680,60025,28986,31039,34297,16568,17729,8575,4070,4505,
42900,34309,16452,17857,60036,28973,31063,68611,32928,35683,60032,28989,31043,34301,16569,17732,8576,4070,4506,
42905,34313,16456,17857,60043,28975,31068,68619,32932,35687,60039,28995,31044,34305,16572,17733,8577,4071,4506,
42910,34317,16459,17858,60050,28978,31072,68627,32937,35690,60046,28997,31049,34309,16573,17736,8578,4072,4506,
42915,34321,16459,17862,60057,28982,31075,68635,32940,35695,60053,28999,31054,34313,16577,17736,8579,4073,4506,
42920,34325,16461,17864,60064,28985,31079,68643,32945,35698,60060,29005,31055,34317,16580,17737,8580,4073,4507,
42925,34329,16463,17866,60071,28989,31082,68651,32950,35701,60067,29009,31058,34321,16583,17738,8581,4073,4508,
42930,34333,16465,17868,60078,28993,31085,68659,32955,35704,60074,29014,31060,34325,16584,17741,8582,4073,4509,
42935,34337,16467,17870,60085,28996,31089,68667,32961,35706,60081,29019,31062,34329,16587,17742,8583,4073,4510,
42940,34341,16468,17873,60092,28999,31093,68675,32964,35711,60088,29023,31065,34333,16587,17746,8584,4073,4511,
42945,34345,16468,17877,60099,29003,31096,68683,32969,35714,60095,29026,31069,34337,16590,17747,8585,4073,4512,
42950,34349,16469,17880,60106,29007,31099,68691,32972,35719,60102,29029,31073,34341,16593,17748,8586,4074,4512,
42955,34353,16471,17882,60113,29010,31103,68699,32974,35725,60109,29032,31077,34345,16595,17750,8587,4074,4513,
42960,34357,16473,17884,60120,29013,31107,68707,32977,35730,60116,29035,31081,34349,16597,17752,8588,4075,4513,
42965,34361,16475,17886,60127,29019,31108,68715,32982,35733,60123,29038,31085,34353,16599,17754,8589,4075,4514,
42970,34365,16476,17889,60134,29021,31113,68723,32984,35739,60130,29040,31090,34357,16599,17758,8590,4076,4514,
42975,34369,16478,17891,60141,29024,31117,68731,32987,35744,60137,29044,31093,34361,16600,17761,8591,4076,4515,
42980,34373,16479,17894,60148,29028,31120,68739,32992,35747,60144,29047,31097,34365,16602,17763,8592,4076,4516,
42985,34377,16482,17895,60155,29032,31123,68747,32997,35750,60151,29053,31098,34369,16606,17763,8593,4077,4516,
42990,34381,16485,17896,60162,29035,31127,68755,33002,35753,60158,29058,31100,34373,16608,17765,8594,4078,4516,
42995,34385,16486,17899,60169,29038,31131,68763,33004,35759,60165,29064,31101,34377,16611,17766,8595,4078,4517,
43000,34389,16489,17900,60176,29043,31133,68771,33008,35763,60172,29067,31105,34381,16613,17768,8596,4078,4518,
43005,34393,16491,17902,60183,29046,31137,68779,33013,35766,60179,29072,31107,34385,16615,17770,8597,4078,4519,
43010,34397,16494,17903,60190,29050,31140,68787,33016,35771,60186,29074,31112,34389,16617,17772,8598,4079,4519,
43015,34401,16496,17905,60197,29052,31145,68795,33019,35776,60193,29074,31119,34393,16617,17776,8599,4080,4519,
43020,34405,16497,17908,60204,29056,31148,68803,33024,35779,60200,29077,31123,34397,16619,17778,8600,4081,4519,
43025,34409,16499,17910,60211,29060,31151,68811,33028,35783,60207,29079,31128,34401,16622,17779,8601,4082,4519,
43030,34413,16501,17912,60218,29063,31155,68819,33031,35788,60214,29084,31130,34405,16625,17780,8602,4082,4520,
43035,34417,16503,17914,60225,29067,31158,68827,33036,35791,60221,29089,31132,34409,16626,17783,8603,4082,4521,
43040,34421,16504,17917,60232,29070,31162,68835,33040,35795,60228,29092,31136,34413,16627,17786,8604,4082,4522,
43045,34425,16505,17920,60239,29074,31165,68843,33046,35797,60235,29094,31141,34417,16629,17788,8605,4083,4522,
43050,34429,16507,17922,60246,29079,31167,68851,33050,35801,60242,29100,31142,34421,16631,17790,8606,4083,4523,
43055,34433,16509,17924,60253,29083,31170,68859,33054,35805,60249,29101,31148,34425,16633,17792,8607,4084,4523,
43060,34437,16512,17925,60260,29086,31174,68867,33057,35810,60256,29104,31152,34429,16636,17793,8608,4084,4524,
43065,34441,16514,17927,60267,29089,31178,68875,33062,35813,60263,29107,31156,34433,16638,17795,8609,4085,4524,
43070,34445,16517,17928,60274,29092,31182,68883,33067,35816,60270,29108,31162,34437,16639,17798,8610,4085,4525,
43075,34449,16517,17932,60281,29095,31186,68891,33072,35819,60277,29112,31165,34441,16643,17798,8611,4085,4526,
43080,34453,16520,17933,60288,29098,31190,68899,33075,35824,60284,29116,31168,34445,16646,17799,8612,4086,4526,
43085,34457,16520,17937,60295,29101,31194,68907,33079,35828,60291,29121,31170,34449,16649,17800,8613,4086,4527,
43090,34461,16522,17939,60302,29105,31197,68915,33086,35829,60298,29125,31173,34453,16649,17804,8614,4087,4527,
43095,34465,16524,17941,60309,29109,31200,68923,33092,35831,60305,29127,31178,34457,16651,17806,8615,4087,4528,
43100,34469,16528,17941,60316,29114,31202,68931,33099,35832,60312,29129,31183,34461,16653,17808,8616,4088,4528,
43105,34473,16530,17943,60323,29117,31206,68939,33102,35837,60319,29131,31188,34465,16656,17809,8617,4089,4528,
43110,34477,16531,17946,60330,29121,31209,68947,33106,35841,60326,29134,31192,34469,16659,17810,8618,4089,4529,
43115,34481,16532,17949,60337,29124,31213,68955,33110,35845,60333,29138,31195,34473,16662,17811,8619,4089,4530,
43120,34485,16535,17950,60344,29129,31215,68963,33111,35852,60340,29140,31200,34477,16664,17813,8620,4090,4530,
43125,34489,16536,17953,60351,29134,31217,68971,33115,35856,60347,29144,31203,34481,16665,17816,8621,4091,4530,
43130,34493,16538,17955,60358,29136,31222,68979,33119,35860,60354,29147,31207,34485,16667,17818,8622,4091,4531,
43135,34497,16539,17958,60365,29140,31225,68987,33121,35866,60361,29149,31212,34489,16670,17819,8623,4091,4532,
43140,34501,16541,17960,60372,29146,31226,68995,33123,35872,60368,29152,31216,34493,16673,17820,8624,4091,4533,
43145,34505,16544,17961,60379,29148,31231,69003,33125,35878,60375,29156,31219,34497,16674,17823,8625,4091,4534,
43150,34509,16546,17963,60386,29153,31233,69011,33127,35884,60382,29159,31223,34501,16677,17824,8626,4091,4535,
43155,34513,16547,17966,60393,29157,31236,69019,33130,35889,60389,29164,31225,34505,16677,17828,8627,4092,4535,
43160,34517,16550,17967,60400,29161,31239,69027,33132,35895,60396,29166,31230,34509,16680,17829,8628,4093,4535,
43165,34521,16552,17969,60407,29165,31242,69035,33136,35899,60403,29168,31235,34513,16681,17832,8629,4093,4536,
43170,34525,16554,17971,60414,29170,31244,69043,33138,35905,60410,29170,31240,34517,16682,17835,8630,4094,4536,
43175,34529,16555,17974,60421,29172,31249,69051,33140,35911,60417,29174,31243,34521,16683,17838,8631,4094,4537,
43180,34533,16556,17977,60428,29176,31252,69059,33145,35914,60424,29177,31247,34525,16684,17841,8632,4094,4538,
43185,34537,16558,17979,60435,29180,31255,69067,33147,35920,60431,29181,31250,34529,16686,17843,8633,4095,4538,
43190,34541,16559,17982,60442,29183,31259,69075,33150,35925,60438,29185,31253,34533,16688,17845,8634,4096,4538,
43195,34545,16562,17983,60449,29189,31260,69083,33154,35929,60445,29188,31257,34537,16689,17848,8635,4097,4538,
43200,34549,16565,17984,60456,29193,31263,69091,33159,35932,60452,29190,31262,34541,16691,17850,8636,4098,4538,
43205,34553,16567,17986,60463,29197,31266,69099,33165,35934,60459,29193,31266,34545,16694,17851,8637,4099,4538,
43210,34557,16571,17986,60470,29200,31270,69107,33171,35936,60466,29196,31270,34549,16696,17853,8638,4100,4538,
43215,34561,16573,17988,60477,29204,31273,69115,33174,35941,60473,29198,31275,34553,16698,17855,8639,4101,4538,
43220,34565,16575,17990,60484,29210,31274,69123,33177,35946,60480,29202,31278,34557,16702,17855,8640,4102,4538,
43225,34569,16576,17993,60491,29213,31278,69131,33181,35950,60487,29207,31280,34561,16704,17857,8641,4102,4539,
43230,34573,16577,17996,60498,29215,31283,69139,33183,35956,60494,29212,31282,34565,16706,17859,8642,4102,4540,
43235,34577,16579,17998,60505,29217,31288,69147,33187,35960,60501,29215,31286,34569,16709,17860,8643,4103,4540,
43240,34581,16580,18001,60512,29221,31291,69155,33193,35962,60508,29219,31289,34573,16709,17864,8644,4103,4541,
43245,34585,16583,18002,60519,29225,31294,69163,33195,35968,60515,29222,31293,34577,16711,17866,8645,4103,4542,
43250,34589,16585,18004,60526,29229,31297,69171,33201,35970,60522,29226,31296,34581,16713,17868,8646,4103,4543,
43255,34593,16587,18006,60533,29233,31300,69179,33204,35975,60529,29228,31301,34585,16715,17870,8647,4103,4544,
43260,34597,16588,18009,60540,29236,31304,69187,33209,35978,60536,29232,31304,34589,16716,17873,8648,4103,4545,
43265,34601,16589,18012,60547,29239,31308,69195,33215,35980,60543,29237,31306,34593,16718,17875,8649,4103,4546,
43270,34605,16592,18013,60554,29243,31311,69203,33220,35983,60550,29242,31308,34597,16720,17877,8650,4104,4546,
43275,34609,16595,18014,60561,29248,31313,69211,33222,35989,60557,29244,31313,34601,16721,17880,8651,4104,4547,
43280,34613,16597,18016,60568,29251,31317,69219,33224,35995,60564,29246,31318,34605,16725,17880,8652,4105,4547,
43285,34617,16599,18018,60575,29255,31320,69227,33226,36001,60571,29251,31320,34609,16728,17881,8653,4106,4547,
43290,34621,16603,18018,60582,29258,31324,69235,33229,36006,60578,29256,31322,34613,16729,17884,8654,4107,4547,
43295,34625,16605,18020,60589,29262,31327,69243,33234,36009,60585,29260,31325,34617,16731,17886,8655,4107,4548,
43300,34629,16608,18021,60596,29265,31331,69251,33236,36015,60592,29263,31329,34621,16733,17888,8656,4107,4549,
43305,34633,16610,18023,60603,29269,31334,69259,33240,36019,60599,29266,31333,34625,16735,17890,8657,4107,4550,
43310,34637,16611,18026,60610,29274,31336,69267,33243,36024,60606,29268,31338,34629,16737,17892,8658,4108,4550,
43315,34641,16612,18029,60617,29276,31341,69275,33247,36028,60613,29272,31341,34633,16740,17893,8659,4108,4551,
43320,34645,16613,18032,60624,29279,31345,69283,33250,36033,60620,29275,31345,34637,16741,17896,8660,4108,4552,
43325,34649,16614,18035,60631,29284,31347,69291,33254,36037,60627,29278,31349,34641,16745,17896,8661,4108,4553,
43330,34653,16615,18038,60638,29287,31351,69299,33257,36042,60634,29280,31354,34645,16747,17898,8662,4109,4553,
43335,34657,16617,18040,60645,29289,31356,69307,33259,36048,60641,29283,31358,34649,16749,17900,8663,4110,4553,
43340,34661,16621,18040,60652,29293,31359,69315,33263,36052,60648,29285,31363,34653,16751,17902,8664,4110,4554,
43345,34665,16621,18044,60659,29297,31362,69323,33269,36054,60655,29291,31364,34657,16754,17903,8665,4110,4555,
43350,34669,16624,18045,60666,29302,31364,69331,33273,36058,60662,29294,31368,34661,16756,17905,8666,4110,4556,
43355,34673,16625,18048,60673,29305,31368,69339,33277,36062,60669,29297,31372,34665,16758,17907,8667,4110,4557,
43360,34677,16628,18049,60680,29308,31372,69347,33282,36065,60676,29301,31375,34669,16761,17908,8668,4110,4558,
43365,34681,16630,18051,60687,29311,31376,69355,33288,36067,60683,29305,31378,34673,16763,17910,8669,4111,4558,
43370,34685,16631,18054,60694,29314,31380,69363,33293,36070,60690,29310,31380,34677,16765,17912,8670,4112,4558,
43375,34689,16633,18056,60701,29318,31383,69371,33296,36075,60697,29313,31384,34681,16765,17916,8671,4112,4559,
43380,34693,16633,18060,60708,29322,31386,69379,33298,36081,60704,29317,31387,34685,16767,17918,8672,4112,4560,
43385,34697,16635,18062,60715,29325,31390,69387,33304,36083,60711,29321,31390,34689,16770,17919,8673,4112,4561,
43390,34701,16637,18064,60722,29329,31393,69395,33308,36087,60718,29324,31394,34693,16772,17921,8674,4113,4561,
43395,34705,16638,18067,60729,29332,31397,69403,33313,36090,60725,29329,31396,34697,16774,17923,8675,4113,4562,
43400,34709,16640,18069,60736,29337,31399,69411,33316,36095,60732,29332,31400,34701,16777,17924,8676,4113,4563,
43405,34713,16643,18070,60743,29341,31402,69419,33319,36100,60739,29337,31402,34705,16780,17925,8677,4113,4564,
43410,34717,16645,18072,60750,29345,31405,69427,33325,36102,60746,29341,31405,34709,16782,17927,8678,4113,4565,
43415,34721,16647,18074,60757,29348,31409,69435,33329,36106,60753,29343,31410,34713,16782,17931,8679,4113,4566,
43420,34725,16649,18076,60764,29350,31414,69443,33333,36110,60760,29347,31413,34717,16786,17931,8680,4113,4567,
43425,34729,16650,18079,60771,29356,31415,69451,33335,36116,60767,29352,31415,34721,16789,17932,8681,4113,4568,
43430,34733,16652,18081,60778,29359,31419,69459,33340,36119,60774,29354,31420,34725,16793,17932,8682,4114,4568,
43435,34737,16655,18082,60785,29359,31426,69467,33343,36124,60781,29358,31423,34729,16795,17934,8683,4114,4569,
43440,34741,16656,18085,60792,29364,31428,69475,33347,36128,60788,29361,31427,34733,16796,17937,8684,4114,4570,
43445,34745,16656,18089,60799,29367,31432,69483,33351,36132,60795,29365,31430,34737,16797,17940,8685,4114,4571,
43450,34749,16657,18092,60806,29371,31435,69491,33353,36138,60802,29369,31433,34741,16798,17943,8686,4114,4572,
43455,34753,16660,18093,60813,29378,31435,69499,33360,36139,60809,29370,31439,34745,16799,17946,8687,4115,4572,
43460,34757,16662,18095,60820,29381,31439,69507,33364,36143,60816,29372,31444,34749,16799,17950,8688,4116,4572,
43465,34761,16665,18096,60827,29385,31442,69515,33368,36147,60823,29376,31447,34753,16799,17954,8689,4116,4573,
43470,34765,16666,18099,60834,29387,31447,69523,33371,36152,60830,29381,31449,34757,16801,17956,8690,4116,4574,
43475,34769,16669,18100,60841,29391,31450,69531,33374,36157,60837,29383,31454,34761,16803,17958,8691,4116,4575,
43480,34773,16670,18103,60848,29394,31454,69539,33378,36161,60844,29387,31457,34765,16805,17960,8692,4117,4575,
43485,34777,16671,18106,60855,29396,31459,69547,33384,36163,60851,29390,31461,34769,16807,17962,8693,4117,4576,
43490,34781,16673,18108,60862,29397,31465,69555,33387,36168,60858,29395,31463,34773,16810,17963,8694,4118,4576,
43495,34785,16677,18108,60869,29400,31469,69563,33387,36176,60865,29398,31467,34777,16812,17965,8695,4119,4576,
43500,34789,16677,18112,60876,29403,31473,69571,33390,36181,60872,29402,31470,34781,16815,17966,8696,4119,4577,
43505,34793,16678,18115,60883,29407,31476,69579,33396,36183,60879,29405,31474,34785,16817,17968,8697,4120,4577,
43510,34797,16680,18117,60890,29408,31482,69587,33399,36188,60886,29407,31479,34789,16821,17968,8698,4120,4578,
43515,34801,16681,18120,60897,29409,31488,69595,33405,36190,60893,29410,31483,34793,16823,17970,8699,4121,4578,
43520,34805,16683,18122,60904,29415,31489,69603,33407,36196,60900,29415,31485,34797,16824,17973,8700,4122,4578,
43525,34809,16684,18125,60911,29418,31493,69611,33410,36201,60907,29418,31489,34801,16826,17975,8701,4123,4578,
43530,34813,16687,18126,60918,29420,31498,69619,33416,36203,60914,29423,31491,34805,16828,17977,8702,4124,4578,
43535,34817,16688,18129,60925,29423,31502,69627,33420,36207,60921,29425,31496,34809,16829,17980,8703,4125,4578,
43540,34821,16691,18130,60932,29426,31506,69635,33422,36213,60928,29428,31500,34813,16829,17984,8704,4126,4578,
43545,34825,16692,18133,60939,29431,31508,69643,33426,36217,60935,29430,31505,34817,16829,17988,8705,4126,4579,
43550,34829,16695,18134,60946,29437,31509,69651,33429,36222,60942,29433,31509,34821,16830,17991,8706,4127,4579,
43555,34833,16698,18135,60953,29439,31514,69659,33434,36225,60949,29435,31514,34825,16831,17994,8707,4127,4580,
43560,34837,16699,18138,60960,29444,31516,69667,33439,36228,60956,29438,31518,34829,16831,17998,8708,4128,4580,
43565,34841,16700,18141,60967,29447,31520,69675,33442,36233,60963,29442,31521,34833,16835,17998,8709,4129,4580,
43570,34845,16701,18144,60974,29451,31523,69683,33447,36236,60970,29445,31525,34837,16836,18001,8710,4130,4580,
43575,34849,16702,18147,60981,29453,31528,69691,33450,36241,60977,29445,31532,34841,16836,18005,8711,4131,4580,
43580,34853,16703,18150,60988,29459,31529,69699,33454,36245,60984,29446,31538,34845,16838,18007,8712,4131,4581,
43585,34857,16705,18152,60995,29462,31533,69707,33458,36249,60991,29449,31542,34849,16841,18008,8713,4132,4581,
43590,34861,16709,18152,61002,29465,31537,69715,33464,36251,60998,29453,31545,34853,16843,18010,8714,4133,4581,
43595,34865,16711,18154,61009,29467,31542,69723,33470,36253,61005,29457,31548,34857,16844,18013,8715,4133,4582,
43600,34869,16713,18156,61016,29470,31546,69731,33472,36259,61012,29462,31550,34861,16847,18014,8716,4134,4582,
43605,34873,16714,18159,61023,29473,31550,69739,33476,36263,61019,29466,31553,34865,16850,18015,8717,4134,4583,
43610,34877,16717,18160,61030,29476,31554,69747,33478,36269,61026,29469,31557,34869,16854,18015,8718,4134,4584,
43615,34881,16718,18163,61037,29478,31559,69755,33482,36273,61033,29472,31561,34873,16855,18018,8719,4135,4584,
43620,34885,16720,18165,61044,29482,31562,69763,33484,36279,61040,29476,31564,34877,16857,18020,8720,4136,4584,
43625,34889,16721,18168,61051,29485,31566,69771,33488,36283,61047,29479,31568,34881,16857,18024,8721,4137,4584,
43630,34893,16723,18170,61058,29490,31568,69779,33490,36289,61054,29483,31571,34885,16858,18027,8722,4137,4585,
43635,34897,16724,18173,61065,29493,31572,69787,33493,36294,61061,29485,31576,34889,16860,18029,8723,4137,4586,
43640,34901,16726,18175,61072,29496,31576,69795,33498,36297,61068,29489,31579,34893,16861,18032,8724,4137,4587,
43645,34905,16729,18176,61079,29499,31580,69803,33502,36301,61075,29491,31584,34897,16862,18035,8725,4138,4587,
43650,34909,16730,18179,61086,29501,31585,69811,33506,36305,61082,29494,31588,34901,16863,18038,8726,4138,4588,
43655,34913,16732,18181,61093,29507,31586,69819,33508,36311,61089,29496,31593,34905,16864,18041,8727,4138,4589,
43660,34917,16736,18181,61100,29511,31589,69827,33512,36315,61096,29500,31596,34909,16866,18043,8728,4139,4589,
43665,34921,16738,18183,61107,29514,31593,69835,33513,36322,61103,29503,31600,34913,16870,18043,8729,4140,4589,
43670,34925,16740,18185,61114,29516,31598,69843,33516,36327,61110,29507,31603,34917,16872,18045,8730,4141,4589,
43675,34929,16742,18187,61121,29520,31601,69851,33519,36332,61117,29509,31608,34921,16872,18049,8731,4141,4590,
43680,34933,16743,18190,61128,29525,31603,69859,33520,36339,61124,29510,31614,34925,16874,18051,8732,4142,4590,
43685,34937,16744,18193,61135,29526,31609,69867,33523,36344,61131,29515,31616,34929,16874,18055,8733,4142,4591,
43690,34941,16747,18194,61142,29529,31613,69875,33526,36349,61138,29519,31619,34933,16876,18057,8734,4143,4591,
43695,34945,16747,18198,61149,29531,31618,69883,33529,36354,61145,29521,31624,34937,16877,18060,8735,4143,4592,
43700,34949,16748,18201,61156,29535,31621,69891,33533,36358,61152,29522,31630,34941,16880,18061,8736,4144,4592,
43705,34953,16750,18203,61163,29538,31625,69899,33537,36362,61159,29526,31633,34945,16881,18064,8737,4145,4592,
43710,34957,16754,18203,61170,29540,31630,69907,33541,36366,61166,29527,31639,34949,16883,18066,8738,4146,4592,
43715,34961,16756,18205,61177,29543,31634,69915,33546,36369,61173,29530,31643,34953,16885,18068,8739,4147,4592,
43720,34965,16759,18206,61184,29545,31639,69923,33550,36373,61180,29534,31646,34957,16887,18070,8740,4147,4593,
43725,34969,16762,18207,61191,29549,31642,69931,33551,36380,61187,29537,31650,34961,16888,18073,8741,4148,4593,
43730,34973,16764,18209,61198,29552,31646,69939,33552,36387,61194,29540,31654,34965,16891,18074,8742,4148,4594,
43735,34977,16765,18212,61205,29555,31650,69947,33555,36392,61201,29546,31655,34969,16895,18074,8743,4149,4594,
43740,34981,16767,18214,61212,29556,31656,69955,33561,36394,61208,29551,31657,34973,16897,18076,8744,4150,4594,
43745,34985,16768,18217,61219,29558,31661,69963,33564,36399,61215,29555,31660,34977,16898,18079,8745,4150,4595,
43750,34989,16770,18219,61226,29562,31664,69971,33569,36402,61222,29560,31662,34981,16899,18082,8746,4150,4596,
43755,34993,16771,18222,61233,29567,31666,69979,33573,36406,61229,29561,31668,34985,16901,18084,8747,4150,4597,
43760,34997,16774,18223,61240,29569,31671,69987,33577,36410,61236,29564,31672,34989,16904,18085,8748,4150,4598,
43765,35001,16778,18223,61247,29574,31673,69995,33581,36414,61243,29568,31675,34993,16906,18087,8749,4151,4598,
43770,35005,16778,18227,61254,29576,31678,70003,33586,36417,61250,29573,31677,34997,16910,18087,8750,4151,4599,
43775,35009,16781,18228,61261,29580,31681,70011,33590,36421,61257,29577,31680,35001,16913,18088,8751,4152,4599,
43780,35013,16783,18230,61268,29582,31686,70019,33594,36425,61264,29578,31686,35005,16917,18088,8752,4153,4599,
43785,35017,16785,18232,61275,29583,31692,70027,33599,36428,61271,29579,31692,35009,16920,18089,8753,4154,4599,
43790,35021,16785,18236,61282,29586,31696,70035,33602,36433,61278,29581,31697,35013,16923,18090,8754,4155,4599,
43795,35025,16787,18238,61289,29587,31702,70043,33606,36437,61285,29587,31698,35017,16925,18092,8755,4155,4600,
43800,35029,16788,18241,61296,29591,31705,70051,33609,36442,61292,29592,31700,35021,16927,18094,8756,4156,4600,
43805,35033,16790,18243,61303,29597,31706,70059,33611,36448,61299,29595,31704,35025,16928,18097,8757,4156,4601,
43810,35037,16791,18246,61310,29601,31709,70067,33614,36453,61306,29597,31709,35029,16931,18098,8758,4157,4601,
43815,35041,16793,18248,61317,29605,31712,70075,33617,36458,61313,29599,31714,35033,16932,18101,8759,4157,4602,
43820,35045,16794,18251,61324,29610,31714,70083,33620,36463,61320,29604,31716,35037,16934,18103,8760,4158,4602,
43825,35049,16797,18252,61331,29614,31717,70091,33623,36468,61327,29607,31720,35041,16937,18104,8761,4158,4603,
43830,35053,16799,18254,61338,29618,31720,70099,33628,36471,61334,29611,31723,35045,16939,18106,8762,4159,4603,
43835,35057,16801,18256,61345,29624,31721,70107,33630,36477,61341,29615,31726,35049,16941,18108,8763,4160,4603,
43840,35061,16803,18258,61352,29631,31721,70115,33634,36481,61348,29616,31732,35053,16943,18110,8764,4161,4603,
43845,35065,16807,18258,61359,29635,31724,70123,33637,36486,61355,29621,31734,35057,16944,18113,8765,4161,4604,
43850,35069,16809,18260,61366,29639,31727,70131,33641,36490,61362,29624,31738,35061,16946,18115,8766,4161,4605,
43855,35073,16811,18262,61373,29643,31730,70139,33645,36494,61369,29629,31740,35065,16947,18118,8767,4162,4605,
43860,35077,16813,18264,61380,29646,31734,70147,33648,36499,61376,29633,31743,35069,16948,18121,8768,4163,4605,
43865,35081,16815,18266,61387,29649,31738,70155,33651,36504,61383,29637,31746,35073,16949,18124,8769,4163,4606,
43870,35085,16817,18268,61394,29651,31743,70163,33655,36508,61390,29639,31751,35077,16951,18126,8770,4163,4607,
43875,35089,16819,18270,61401,29655,31746,70171,33661,36510,61397,29643,31754,35081,16952,18129,8771,4164,4607,
43880,35093,16821,18272,61408,29659,31749,70179,33665,36514,61404,29645,31759,35085,16954,18131,8772,4165,4607,
43885,35097,16823,18274,61415,29663,31752,70187,33669,36518,61411,29647,31764,35089,16957,18132,8773,4165,4608,
43890,35101,16825,18276,61422,29665,31757,70195,33673,36522,61418,29650,31768,35093,16958,18135,8774,4165,4609,
43895,35105,16826,18279,61429,29667,31762,70203,33677,36526,61425,29654,31771,35097,16960,18137,8775,4166,4609,
43900,35109,16829,18280,61436,29670,31766,70211,33680,36531,61432,29656,31776,35101,16962,18139,8776,4166,4610,
43905,35113,16830,18283,61443,29673,31770,70219,33683,36536,61439,29659,31780,35105,16962,18143,8777,4166,4611,
43910,35117,16831,18286,61450,29674,31776,70227,33686,36541,61446,29663,31783,35109,16964,18145,8778,4167,4611,
43915,35121,16833,18288,61457,29678,31779,70235,33690,36545,61453,29666,31787,35113,16964,18149,8779,4168,4611,
43920,35125,16834,18291,61464,29681,31783,70243,33693,36550,61460,29669,31791,35117,16967,18150,8780,4169,4611,
43925,35129,16834,18295,61471,29684,31787,70251,33696,36555,61467,29673,31794,35121,16969,18152,8781,4170,4611,
43930,35133,16834,18299,61478,29687,31791,70259,33700,36559,61474,29677,31797,35125,16972,18153,8782,4170,4612,
43935,35137,16836,18301,61485,29691,31794,70267,33703,36564,61481,29681,31800,35129,16974,18155,8783,4170,4613,
43940,35141,16840,18301,61492,29695,31797,70275,33707,36568,61488,29686,31802,35133,16975,18158,8784,4171,4613,
43945,35145,16843,18302,61499,29697,31802,70283,33710,36573,61495,29691,31804,35137,16976,18161,8785,4171,4614,
43950,35149,16844,18305,61506,29701,31805,70291,33714,36577,61502,29695,31807,35141,16979,18162,8786,4172,4614,
43955,35153,16846,18307,61513,29704,31809,70299,33716,36583,61509,29699,31810,35145,16981,18164,8787,4173,4614,
43960,35157,16848,18309,61520,29708,31812,70307,33720,36587,61516,29700,31816,35149,16983,18166,8788,4174,4614,
43965,35161,16850,18311,61527,29711,31816,70315,33723,36592,61523,29703,31820,35153,16986,18167,8789,4174,4615,
43970,35165,16852,18313,61534,29714,31820,70323,33725,36598,61530,29707,31823,35157,16989,18168,8790,4175,4615,
43975,35169,16854,18315,61541,29715,31826,70331,33728,36603,61537,29711,31826,35161,16992,18169,8791,4176,4615,
43980,35173,16855,18318,61548,29717,31831,70339,33732,36607,61544,29715,31829,35165,16995,18170,8792,4177,4615,
43985,35177,16857,18320,61555,29722,31833,70347,33735,36612,61551,29719,31832,35169,16997,18172,8793,4178,4615,
43990,35181,16859,18322,61562,29726,31836,70355,33737,36618,61558,29723,31835,35173,16998,18175,8794,4178,4616,
43995,35185,16862,18323,61569,29731,31838,70363,33742,36621,61565,29727,31838,35177,16999,18178,8795,4178,4617,
44000,35189,16864,18325,61576,29735,31841,70371,33745,36626,61572,29730,31842,35181,17002,18179,8796,4179,4617,
44005,35193,16864,18329,61583,29738,31845,70379,33751,36628,61579,29731,31848,35185,17004,18181,8797,4180,4617,
44010,35197,16866,18331,61590,29743,31847,70387,33755,36632,61586,29735,31851,35189,17006,18183,8798,4180,4618,
44015,35201,16868,18333,61597,29746,31851,70395,33759,36636,61593,29739,31854,35193,17007,18186,8799,4181,4618,
44020,35205,16869,18336,61604,29748,31856,70403,33761,36642,61600,29741,31859,35197,17007,18190,8800,4182,4618,
44025,35209,16871,18338,61611,29753,31858,70411,33765,36646,61607,29743,31864,35201,17009,18192,8801,4183,4618,
44030,35213,16873,18340,61618,29753,31865,70419,33767,36652,61614,29747,31867,35205,17010,18195,8802,4184,4618,
44035,35217,16874,18343,61625,29758,31867,70427,33773,36654,61621,29753,31868,35209,17011,18198,8803,4184,4619,
44040,35221,16874,18347,61632,29760,31872,70435,33778,36657,61628,29755,31873,35213,17013,18200,8804,4185,4619,
44045,35225,16875,18350,61639,29762,31877,70443,33782,36661,61635,29757,31878,35217,17013,18204,8805,4186,4619,
44050,35229,16879,18350,61646,29766,31880,70451,33786,36665,61642,29760,31882,35221,17016,18205,8806,4186,4620,
44055,35233,16882,18351,61653,29770,31883,70459,33791,36668,61649,29763,31886,35225,17018,18207,8807,4186,4621,
44060,35237,16884,18353,61660,29775,31885,70467,33795,36672,61656,29767,31889,35229,17019,18210,8808,4187,4621,
44065,35241,16885,18356,61667,29779,31888,70475,33799,36676,61663,29772,31891,35233,17022,18211,8809,4188,4621,
44070,35245,16886,18359,61674,29784,31890,70483,33803,36680,61670,29775,31895,35237,17024,18213,8810,4188,4622,
44075,35249,16890,18359,61681,29785,31896,70491,33807,36684,61677,29779,31898,35241,17026,18215,8811,4188,4623,
44080,35253,16892,18361,61688,29790,31898,70499,33812,36687,61684,29781,31903,35245,17029,18216,8812,4189,4623,
44085,35257,16895,18362,61695,29794,31901,70507,33818,36689,61691,29786,31905,35249,17031,18218,8813,4189,4624,
44090,35261,16899,18362,61702,29796,31906,70515,33822,36693,61698,29788,31910,35253,17033,18220,8814,4189,4625,
44095,35265,16902,18363,61709,29798,31911,70523,33825,36698,61705,29791,31914,35257,17034,18223,8815,4189,4626,
44100,35269,16903,18366,61716,29805,31911,70531,33829,36702,61712,29796,31916,35261,17038,18223,8816,4189,4627,
44105,35273,16904,18369,61723,29808,31915,70539,33831,36708,61719,29800,31919,35265,17040,18225,8817,4189,4628,
44110,35277,16904,18373,61730,29812,31918,70547,33834,36713,61726,29803,31923,35269,17044,18225,8818,4189,4629,
44115,35281,16907,18374,61737,29816,31921,70555,33838,36717,61733,29806,31927,35273,17047,18226,8819,4189,4630,
44120,35285,16909,18376,61744,29821,31923,70563,33839,36724,61740,29810,31930,35277,17048,18229,8820,4190,4630,
44125,35289,16909,18380,61751,29823,31928,70571,33843,36728,61747,29813,31934,35281,17048,18233,8821,4191,4630,
44130,35293,16912,18381,61758,29827,31931,70579,33849,36730,61754,29815,31939,35285,17049,18236,8822,4191,4631,
44135,35297,16914,18383,61765,29831,31934,70587,33855,36732,61761,29819,31942,35289,17050,18239,8823,4192,4631,
44140,35301,16918,18383,61772,29833,31939,70595,33862,36733,61768,29822,31946,35293,17053,18240,8824,4193,4631,
44145,35305,16921,18384,61779,29836,31943,70603,33866,36737,61775,29826,31949,35297,17055,18242,8825,4194,4631,
44150,35309,16922,18387,61786,29840,31946,70611,33872,36739,61782,29829,31953,35301,17057,18244,8826,4195,4631,
44155,35313,16923,18390,61793,29843,31950,70619,33879,36740,61789,29832,31957,35305,17060,18245,8827,4195,4632,
44160,35317,16925,18392,61800,29846,31954,70627,33882,36745,61796,29836,31960,35309,17063,18246,8828,4196,4632,
44165,35321,16926,18395,61807,29850,31957,70635,33887,36748,61803,29841,31962,35313,17065,18248,8829,4197,4632,
44170,35325,16929,18396,61814,29854,31960,70643,33890,36753,61810,29848,31962,35317,17067,18250,8830,4197,4633,
44175,35329,16931,18398,61821,29858,31963,70651,33895,36756,61817,29852,31965,35321,17069,18252,8831,4198,4633,
44180,35333,16935,18398,61828,29859,31969,70659,33899,36760,61824,29855,31969,35325,17070,18255,8832,4199,4633,
44185,35337,16936,18401,61835,29863,31972,70667,33903,36764,61831,29857,31974,35329,17072,18257,8833,4199,4634,
44190,35341,16937,18404,61842,29867,31975,70675,33909,36766,61838,29860,31978,35333,17075,18258,8834,4200,4634,
44195,35345,16939,18406,61849,29868,31981,70683,33913,36770,61845,29863,31982,35337,17078,18259,8835,4200,4635,
44200,35349,16942,18407,61856,29870,31986,70691,33917,36774,61852,29865,31987,35341,17079,18262,8836,4200,4636,
44205,35353,16945,18408,61863,29876,31987,70699,33921,36778,61859,29870,31989,35345,17080,18265,8837,4200,4637,
44210,35357,16947,18410,61870,29882,31988,70707,33927,36780,61866,29876,31990,35349,17081,18268,8838,4200,4638,
44215,35361,16950,18411,61877,29885,31992,70715,33932,36783,61873,29880,31993,35353,17082,18271,8839,4201,4638,
44220,35365,16954,18411,61884,29888,31996,70723,33936,36787,61880,29882,31998,35357,17084,18273,8840,4201,4639,
44225,35369,16957,18412,61891,29894,31997,70731,33939,36792,61887,29885,32002,35361,17086,18275,8841,4202,4639,
44230,35373,16959,18414,61898,29897,32001,70739,33945,36794,61894,29890,32004,35365,17088,18277,8842,4203,4639,
44235,35377,16960,18417,61905,29899,32006,70747,33948,36799,61901,29894,32007,35369,17091,18278,8843,4204,4639,
44240,35381,16962,18419,61912,29905,32007,70755,33951,36804,61908,29899,32009,35373,17093,18280,8844,4205,4639,
44245,35385,16963,18422,61919,29908,32011,70763,33956,36807,61915,29902,32013,35377,17094,18283,8845,4205,4640,
44250,35389,16964,18425,61926,29912,32014,70771,33958,36813,61922,29903,32019,35381,17095,18286,8846,4205,4641,
44255,35393,16965,18428,61933,29914,32019,70779,33961,36818,61929,29906,32023,35385,17098,18287,8847,4205,4642,
44260,35397,16967,18430,61940,29918,32022,70787,33965,36822,61936,29908,32028,35389,17100,18289,8848,4205,4643,
44265,35401,16970,18431,61947,29920,32027,70795,33969,36826,61943,29912,32031,35393,17103,18290,8849,4206,4643,
44270,35405,16972,18433,61954,29924,32030,70803,33974,36829,61950,29916,32034,35397,17104,18293,8850,4206,4644,
44275,35409,16974,18435,61961,29926,32035,70811,33977,36834,61957,29917,32040,35401,17105,18296,8851,4207,4644,
44280,35413,16974,18439,61968,29929,32039,70819,33983,36836,61964,29918,32046,35405,17109,18296,8852,4208,4644,
44285,35417,16976,18441,61975,29932,32043,70827,33985,36842,61971,29922,32049,35409,17111,18298,8853,4209,4644,
44290,35421,16977,18444,61982,29937,32045,70835,33992,36843,61978,29927,32051,35413,17115,18298,8854,4210,4644,
44295,35425,16979,18446,61989,29942,32047,70843,33997,36846,61985,29929,32056,35417,17118,18299,8855,4211,4644,
44300,35429,16982,18447,61996,29946,32050,70851,33999,36852,61992,29933,32059,35421,17120,18301,8856,4212,4644,
44305,35433,16986,18447,62003,29952,32051,70859,34004,36855,61999,29935,32064,35425,17121,18304,8857,4212,4645,
44310,35437,16988,18449,62010,29957,32053,70867,34009,36858,62006,29938,32068,35429,17121,18308,8858,4212,4646,
44315,35441,16989,18452,62017,29959,32058,70875,34015,36860,62013,29941,32072,35433,17125,18308,8859,4212,4647,
44320,35445,16992,18453,62024,29962,32062,70883,34016,36867,62020,29946,32074,35437,17125,18312,8860,4213,4647,
44325,35449,16992,18457,62031,29963,32068,70891,34020,36871,62027,29950,32077,35441,17126,18315,8861,4213,4648,
44330,35453,16993,18460,62038,29966,32072,70899,34025,36874,62034,29952,32082,35445,17128,18317,8862,4214,4648,
44335,35457,16995,18462,62045,29970,32075,70907,34031,36876,62041,29955,32086,35449,17130,18319,8863,4214,4649,
44340,35461,16995,18466,62052,29974,32078,70915,34034,36881,62048,29959,32089,35453,17132,18321,8864,4215,4649,
44345,35465,16998,18467,62059,29977,32082,70923,34037,36886,62055,29963,32092,35457,17136,18321,8865,4215,4650,
44350,35469,17000,18469,62066,29978,32088,70931,34041,36890,62062,29967,32095,35461,17138,18323,8866,4216,4650,
44355,35473,17002,18471,62073,29981,32092,70939,34044,36895,62069,29969,32100,35465,17139,18326,8867,4217,4650,
44360,35477,17005,18472,62080,29983,32097,70947,34047,36900,62076,29972,32104,35469,17140,18329,8868,4218,4650,
44365,35481,17008,18473,62087,29984,32103,70955,34048,36907,62083,29973,32110,35473,17142,18331,8869,4219,4650,
44370,35485,17010,18475,62094,29988,32106,70963,34052,36911,62090,29976,32114,35477,17143,18334,8870,4219,4651,
44375,35489,17011,18478,62101,29992,32109,70971,34055,36916,62097,29979,32118,35481,17144,18337,8871,4219,4652,
44380,35493,17013,18480,62108,29996,32112,70979,34059,36920,62104,29983,32121,35485,17145,18340,8872,4220,4652,
44385,35497,17015,18482,62115,29999,32116,70987,34063,36924,62111,29985,32126,35489,17145,18344,8873,4220,4653,
44390,35501,17017,18484,62122,30003,32119,70995,34065,36930,62118,29987,32131,35493,17148,18345,8874,4220,4654,
44395,35505,17018,18487,62129,30006,32123,71003,34067,36936,62125,29989,32136,35497,17152,18345,8875,4221,4654,
44400,35509,17019,18490,62136,30010,32126,71011,34071,36940,62132,29991,32141,35501,17153,18348,8876,4222,4654,
44405,35513,17022,18491,62143,30015,32128,71019,34076,36943,62139,29997,32142,35505,17154,18351,8877,4222,4655,
44410,35517,17024,18493,62150,30019,32131,71027,34082,36945,62146,30000,32146,35509,17156,18353,8878,4223,4655,
44415,35521,17026,18495,62157,30024,32133,71035,34086,36949,62153,30004,32149,35513,17158,18355,8879,4223,4656,
44420,35525,17028,18497,62164,30027,32137,71043,34089,36954,62160,30010,32150,35517,17160,18357,8880,4223,4657,
44425,35529,17031,18498,62171,30029,32142,71051,34092,36959,62167,30012,32155,35521,17161,18360,8881,4224,4657,
44430,35533,17034,18499,62178,30032,32146,71059,34097,36962,62174,30015,32159,35525,17163,18362,8882,4225,4657,
44435,35537,17036,18501,62185,30035,32150,71067,34102,36965,62181,30018,32163,35529,17165,18364,8883,4225,4658,
44440,35541,17037,18504,62192,30039,32153,71075,34106,36969,62188,30022,32166,35533,17165,18368,8884,4225,4659,
44445,35545,17039,18506,62199,30042,32157,71083,34111,36972,62195,30026,32169,35537,17166,18371,8885,4226,4659,
44450,35549,17041,18508,62206,30045,32161,71091,34113,36978,62202,30031,32171,35541,17169,18372,8886,4226,4660,
44455,35553,17044,18509,62213,30047,32166,71099,34118,36981,62209,30033,32176,35545,17172,18373,8887,4226,4661,
44460,35557,17047,18510,62220,30052,32168,71107,34121,36986,62216,30033,32183,35549,17173,18376,8888,4227,4661,
44465,35561,17049,18512,62227,30054,32173,71115,34126,36989,62223,30035,32188,35553,17176,18377,8889,4227,4662,
44470,35565,17051,18514,62234,30058,32176,71123,34131,36992,62230,30037,32193,35557,17178,18379,8890,4228,4662,
44475,35569,17054,18515,62241,30060,32181,71131,34132,36999,62237,30041,32196,35561,17179,18382,8891,4228,4663,
44480,35573,17055,18518,62248,30064,32184,71139,34138,37001,62244,30045,32199,35565,17182,18383,8892,4229,4663,
44485,35577,17055,18522,62255,30069,32186,71147,34142,37005,62251,30046,32205,35569,17185,18384,8893,4229,4664,
44490,35581,17056,18525,62262,30073,32189,71155,34147,37008,62258,30048,32210,35573,17189,18384,8894,4230,4664,
44495,35585,17057,18528,62269,30076,32193,71163,34150,37013,62265,30050,32215,35577,17191,18386,8895,4231,4664,
44500,35589,17059,18530,62276,30078,32198,71171,34153,37018,62272,30052,32220,35581,17193,18388,8896,4232,4664,
44505,35593,17063,18530,62283,30080,32203,71179,34157,37022,62279,30055,32224,35585,17193,18392,8897,4233,4664,
44510,35597,17065,18532,62290,30085,32205,71187,34162,37025,62286,30059,32227,35589,17197,18392,8898,4234,4664,
44515,35601,17066,18535,62297,30085,32212,71195,34166,37029,62293,30061,32232,35593,17199,18394,8899,4234,4665,
44520,35605,17070,18535,62304,30088,32216,71203,34168,37035,62300,30063,32237,35597,17201,18396,8900,4235,4665,
44525,35609,17072,18537,62311,30090,32221,71211,34175,37036,62307,30066,32241,35601,17204,18397,8901,4236,4665,
44530,35613,17075,18538,62318,30093,32225,71219,34178,37041,62314,30070,32244,35605,17205,18400,8902,4237,4665,
44535,35617,17077,18540,62325,30094,32231,71227,34183,37044,62321,30073,32248,35609,17207,18402,8903,4238,4665,
44540,35621,17080,18541,62332,30097,32235,71235,34187,37048,62328,30076,32252,35613,17209,18404,8904,4238,4666,
44545,35625,17082,18543,62339,30099,32240,71243,34189,37054,62335,30080,32255,35617,17211,18406,8905,4238,4667,
44550,35629,17084,18545,62346,30104,32242,71251,34191,37060,62342,30082,32260,35621,17212,18409,8906,4238,4668,
44555,35633,17087,18546,62353,30108,32245,71259,34194,37065,62349,30086,32263,35625,17215,18410,8907,4239,4668,
44560,35637,17088,18549,62360,30109,32251,71267,34199,37068,62356,30091,32265,35629,17215,18414,8908,4239,4669,
44565,35641,17089,18552,62367,30113,32254,71275,34203,37072,62363,30094,32269,35633,17217,18416,8909,4240,4669,
44570,35645,17090,18555,62374,30117,32257,71283,34207,37076,62370,30098,32272,35637,17220,18417,8910,4240,4670,
44575,35649,17091,18558,62381,30119,32262,71291,34211,37080,62377,30102,32275,35641,17220,18421,8911,4240,4671,
44580,35653,17093,18560,62388,30123,32265,71299,34215,37084,62384,30106,32278,35645,17222,18423,8912,4241,4671,
44585,35657,17095,18562,62395,30128,32267,71307,34219,37088,62391,30108,32283,35649,17225,18424,8913,4241,4672,
44590,35661,17096,18565,62402,30131,32271,71315,34224,37091,62398,30113,32285,35653,17227,18426,8914,4242,4672,
44595,35665,17098,18567,62409,30134,32275,71323,34227,37096,62405,30114,32291,35657,17229,18428,8915,4242,4673,
44600,35669,17099,18570,62416,30139,32277,71331,34232,37099,62412,30117,32295,35661,17230,18431,8916,4242,4674,
44605,35673,17101,18572,62423,30143,32280,71339,34236,37103,62419,30121,32298,35665,17231,18434,8917,4242,4675,
44610,35677,17102,18575,62430,30144,32286,71347,34239,37108,62426,30124,32302,35669,17234,18435,8918,4243,4675,
44615,35681,17103,18578,62437,30148,32289,71355,34244,37111,62433,30128,32305,35673,17236,18437,8919,4244,4675,
44620,35685,17107,18578,62444,30151,32293,71363,34248,37115,62440,30129,32311,35677,17236,18441,8920,4245,4675,
44625,35689,17109,18580,62451,30154,32297,71371,34253,37118,62447,30131,32316,35681,17237,18444,8921,4245,4676,
44630,35693,17109,18584,62458,30156,32302,71379,34258,37121,62454,30132,32322,35685,17239,18446,8922,4245,4677,
44635,35697,17111,18586,62465,30162,32303,71387,34264,37123,62461,30137,32324,35689,17241,18448,8923,4245,4678,
44640,35701,17113,18588,62472,30165,32307,71395,34269,37126,62468,30140,32328,35693,17243,18450,8924,4245,4679,
44645,35705,17115,18590,62479,30165,32314,71403,34272,37131,62475,30142,32333,35697,17247,18450,8925,4246,4679,
44650,35709,17118,18591,62486,30167,32319,71411,34276,37135,62482,30146,32336,35701,17251,18450,8926,4246,4680,
44655,35713,17119,18594,62493,30171,32322,71419,34278,37141,62489,30150,32339,35705,17253,18452,8927,4247,4680,
44660,35717,17121,18596,62500,30176,32324,71427,34280,37147,62496,30153,32343,35709,17254,18455,8928,4247,4681,
44665,35721,17121,18600,62507,30179,32328,71435,34282,37153,62503,30157,32346,35713,17258,18455,8929,4248,4681,
44670,35725,17123,18602,62514,30181,32333,71443,34282,37161,62510,30159,32351,35717,17259,18458,8930,4249,4681,
44675,35729,17124,18605,62521,30184,32337,71451,34285,37166,62517,30163,32354,35721,17262,18459,8931,4249,4682,
44680,35733,17126,18607,62528,30186,32342,71459,34289,37170,62524,30166,32358,35725,17264,18461,8932,4249,4683,
44685,35737,17127,18610,62535,30189,32346,71467,34292,37175,62531,30168,32363,35729,17265,18464,8933,4249,4684,
44690,35741,17129,18612,62542,30192,32350,71475,34297,37178,62538,30173,32365,35733,17266,18467,8934,4249,4685,
44695,35745,17130,18615,62549,30194,32355,71483,34303,37180,62545,30175,32370,35737,17268,18469,8935,4249,4686,
44700,35749,17130,18619,62556,30198,32358,71491,34309,37182,62552,30177,32375,35741,17271,18470,8936,4250,4686,
44705,35753,17130,18623,62563,30198,32365,71499,34312,37187,62559,30179,32380,35745,17273,18472,8937,4250,4687,
44710,35757,17132,18625,62570,30200,32370,71507,34316,37191,62566,30183,32383,35749,17274,18475,8938,4251,4687,
44715,35761,17134,18627,62577,30202,32375,71515,34319,37196,62573,30185,32388,35753,17276,18477,8939,4251,4688,
44720,35765,17138,18627,62584,30206,32378,71523,34321,37202,62580,30188,32392,35757,17279,18478,8940,4251,4689,
44725,35769,17140,18629,62591,30210,32381,71531,34325,37206,62587,30191,32396,35761,17281,18480,8941,4251,4690,
44730,35773,17143,18630,62598,30212,32386,71539,34328,37211,62594,30194,32400,35765,17282,18483,8942,4252,4690,
44735,35777,17145,18632,62605,30217,32388,71547,34335,37212,62601,30197,32404,35769,17285,18484,8943,4252,4691,
44740,35781,17148,18633,62612,30222,32390,71555,34340,37215,62608,30201,32407,35773,17289,18484,8944,4253,4691,
44745,35785,17151,18634,62619,30223,32396,71563,34344,37219,62615,30205,32410,35777,17292,18485,8945,4253,4692,
44750,35789,17154,18635,62626,30226,32400,71571,34346,37225,62622,30208,32414,35781,17293,18488,8946,4254,4692,
44755,35793,17156,18637,62633,30230,32403,71579,34351,37228,62629,30211,32418,35785,17294,18491,8947,4254,4693,
44760,35797,17159,18638,62640,30232,32408,71587,34354,37233,62636,30213,32423,35789,17296,18493,8948,4254,4694,
44765,35801,17160,18641,62647,30234,32413,71595,34357,37238,62643,30216,32427,35793,17297,18496,8949,4255,4694,
44770,35805,17164,18641,62654,30240,32414,71603,34361,37242,62650,30220,32430,35797,17299,18498,8950,4255,4695,
44775,35809,17166,18643,62661,30242,32419,71611,34366,37245,62657,30225,32432,35801,17301,18500,8951,4256,4695,
44780,35813,17168,18645,62668,30247,32421,71619,34372,37247,62664,30228,32436,35805,17305,18500,8952,4257,4695,
44785,35817,17169,18648,62675,30250,32425,71627,34376,37251,62671,30231,32440,35809,17305,18504,8953,4257,4696,
44790,35821,17170,18651,62682,30252,32430,71635,34380,37255,62678,30235,32443,35813,17306,18507,8954,4257,4697,
44795,35825,17173,18652,62689,30258,32431,71643,34386,37257,62685,30241,32444,35817,17308,18509,8955,4257,4698,
44800,35829,17174,18655,62696,30261,32435,71651,34389,37262,62692,30243,32449,35821,17311,18510,8956,4258,4698,
44805,35833,17176,18657,62703,30263,32440,71659,34393,37266,62699,30245,32454,35825,17315,18510,8957,4258,4699,
44810,35837,17179,18658,62710,30265,32445,71667,34396,37271,62706,30249,32457,35829,17316,18513,8958,4259,4699,
44815,35841,17180,18661,62717,30270,32447,71675,34398,37277,62713,30253,32460,35833,17318,18515,8959,4259,4700,
44820,35845,17182,18663,62724,30275,32449,71683,34402,37281,62720,30256,32464,35837,17320,18517,8960,4259,4701,
44825,35849,17184,18665,62731,30278,32453,71691,34405,37286,62727,30259,32468,35841,17323,18518,8961,4260,4701,
44830,35853,17186,18667,62738,30281,32457,71699,34411,37288,62734,30262,32472,35845,17325,18520,8962,4260,4702,
44835,35857,17188,18669,62745,30285,32460,71707,34415,37292,62741,30264,32477,35849,17327,18522,8963,4260,4703,
44840,35861,17190,18671,62752,30287,32465,71715,34417,37298,62748,30266,32482,35853,17330,18523,8964,4261,4703,
44845,35865,17193,18672,62759,30290,32469,71723,34421,37302,62755,30269,32486,35857,17330,18527,8965,4261,4704,
44850,35869,17195,18674,62766,30293,32473,71731,34424,37307,62762,30271,32491,35861,17332,18529,8966,4262,4704,
44855,35873,17198,18675,62773,30299,32474,71739,34425,37314,62769,30273,32496,35865,17333,18532,8967,4263,4704,
44860,35877,17199,18678,62780,30304,32476,71747,34429,37318,62776,30275,32501,35869,17335,18534,8968,4263,4705,
44865,35881,17201,18680,62787,30307,32480,71755,34434,37321,62783,30278,32505,35873,17338,18535,8969,4264,4705,
44870,35885,17203,18682,62794,30310,32484,71763,34438,37325,62790,30282,32508,35877,17338,18539,8970,4264,4706,
44875,35889,17205,18684,62801,30313,32488,71771,34438,37333,62797,30284,32513,35881,17340,18541,8971,4264,4707,
44880,35893,17209,18684,62808,30317,32491,71779,34440,37339,62804,30289,32515,35885,17342,18543,8972,4265,4707,
44885,35897,17210,18687,62815,30320,32495,71787,34444,37343,62811,30290,32521,35889,17344,18545,8973,4266,4707,
44890,35901,17212,18689,62822,30323,32499,71795,34446,37349,62818,30294,32524,35893,17346,18547,8974,4267,4707,
44895,35905,17214,18691,62829,30327,32502,71803,34450,37353,62825,30299,32526,35897,17347,18550,8975,4267,4708,
44900,35909,17216,18693,62836,30333,32503,71811,34453,37358,62832,30303,32529,35901,17349,18552,8976,4267,4709,
44905,35913,17220,18693,62843,30338,32505,71819,34459,37360,62839,30307,32532,35905,17351,18554,8977,4268,4709,
44910,35917,17222,18695,62850,30344,32506,71827,34464,37363,62846,30310,32536,35909,17354,18555,8978,4268,4710,
44915,35921,17223,18698,62857,30347,32510,71835,34466,37369,62853,30313,32540,35913,17356,18557,8979,4268,4711,
44920,35925,17224,18701,62864,30351,32513,71843,34470,37373,62860,30314,32546,35917,17359,18558,8980,4268,4712,
44925,35929,17225,18704,62871,30353,32518,71851,34474,37377,62867,30315,32552,35921,17360,18561,8981,4268,4713,
44930,35933,17227,18706,62878,30357,32521,71859,34478,37381,62874,30318,32556,35925,17360,18565,8982,4269,4713,
44935,35937,17229,18708,62885,30361,32524,71867,34481,37386,62881,30320,32561,35929,17362,18567,8983,4270,4713,
44940,35941,17230,18711,62892,30363,32529,71875,34485,37390,62888,30323,32565,35933,17364,18569,8984,4270,4714,
44945,35945,17231,18714,62899,30367,32532,71883,34488,37395,62895,30325,32570,35937,17366,18571,8985,4271,4714,
44950,35949,17234,18715,62906,30370,32536,71891,34493,37398,62902,30326,32576,35941,17368,18573,8986,4272,4714,
44955,35953,17236,18717,62913,30374,32539,71899,34498,37401,62909,30330,32579,35945,17371,18574,8987,4272,4715,
44960,35957,17239,18718,62920,30379,32541,71907,34501,37406,62916,30333,32583,35949,17372,18577,8988,4272,4716,
44965,35961,17241,18720,62927,30382,32545,71915,34506,37409,62923,30335,32588,35953,17374,18579,8989,4273,4716,
44970,35965,17241,18724,62934,30388,32546,71923,34512,37411,62930,30337,32593,35957,17376,18581,8990,4273,4717,
44975,35969,17243,18726,62941,30390,32551,71931,34516,37415,62937,30340,32597,35961,17377,18584,8991,4274,4717,
44980,35973,17246,18727,62948,30395,32553,71939,34522,37417,62944,30341,32603,35965,17378,18587,8992,4274,4718,
44985,35977,17248,18729,62955,30398,32557,71947,34528,37419,62951,30343,32608,35969,17380,18589,8993,4274,4719,
44990,35981,17251,18730,62962,30401,32561,71955,34533,37422,62958,30347,32611,35973,17380,18593,8994,4275,4719,
44995,35985,17254,18731,62969,30404,32565,71963,34538,37425,62965,30350,32615,35977,17383,18594,8995,4276,4719,
45000,35989,17256,18733,62976,30404,32572,71971,34545,37426,62972,30355,32617,35981,17385,18596,8996,4277,4719,
45005,35993,17258,18735,62983,30405,32578,71979,34548,37431,62979,30357,32622,35985,17388,18597,8997,4277,4720,
45010,35997,17259,18738,62990,30409,32581,71987,34550,37437,62986,30361,32625,35989,17389,18600,8998,4278,4720,
45015,36001,17262,18739,62997,30412,32585,71995,34553,37442,62993,30367,32626,35993,17392,18601,8999,4279,4720,
45020,36005,17264,18741,63004,30416,32588,72003,34559,37444,63000,30370,32630,35997,17394,18603,9000,4279,4721,
45025,36009,17265,18744,63011,30419,32592,72011,34561,37450,63007,30374,32633,36001,17394,18607,9001,4279,4722,
45030,36013,17268,18745,63018,30420,32598,72019,34566,37453,63014,30377,32637,36005,17396,18609,9002,4280,4722,
45035,36017,17269,18748,63025,30423,32602,72027,34569,37458,63021,30380,32641,36009,17397,18612,9003,4281,4722,
45040,36021,17272,18749,63032,30428,32604,72035,34574,37461,63028,30381,32647,36013,17399,18614,9004,4281,4723,
45045,36025,17273,18752,63039,30431,32608,72043,34579,37464,63035,30384,32651,36017,17400,18617,9005,4281,4724,
45050,36029,17274,18755,63046,30437,32609,72051,34584,37467,63042,30390,32652,36021,17402,18619,9006,4282,4724,
45055,36033,17275,18758,63053,30442,32611,72059,34589,37470,63049,30393,32656,36025,17404,18621,9007,4282,4725,
45060,36037,17277,18760,63060,30447,32613,72067,34592,37475,63056,30395,32661,36029,17406,18623,9008,4282,4726,
45065,36041,17280,18761,63067,30450,32617,72075,34595,37480,63063,30400,32663,36033,17409,18624,9009,4283,4726,
45070,36045,17281,18764,63074,30452,32622,72083,34600,37483,63070,30403,32667,36037,17411,18626,9010,4283,4727,
45075,36049,17281,18768,63081,30457,32624,72091,34604,37487,63077,30405,32672,36041,17414,18627,9011,4284,4727,
45080,36053,17283,18770,63088,30460,32628,72099,34607,37492,63084,30408,32676,36045,17416,18629,9012,4284,4728,
45085,36057,17285,18772,63095,30464,32631,72107,34610,37497,63091,30411,32680,36049,17417,18632,9013,4284,4729,
45090,36061,17285,18776,63102,30468,32634,72115,34611,37504,63098,30415,32683,36053,17419,18634,9014,4284,4730,
45095,36065,17288,18777,63109,30470,32639,72123,34614,37509,63105,30419,32686,36057,17421,18636,9015,4285,4730,
45100,36069,17289,18780,63116,30476,32640,72131,34618,37513,63112,30424,32688,36061,17424,18637,9016,4285,4731,
45105,36073,17290,18783,63123,30478,32645,72139,34620,37519,63119,30427,32692,36065,17427,18638,9017,4285,4732,
45110,36077,17292,18785,63130,30480,32650,72147,34623,37524,63126,30432,32694,36069,17428,18641,9018,4285,4733,
45115,36081,17294,18787,63137,30482,32655,72155,34627,37528,63133,30434,32699,36073,17430,18643,9019,4286,4733,
45120,36085,17295,18790,63144,30485,32659,72163,34628,37535,63140,30437,32703,36077,17432,18645,9020,4286,4734,
45125,36089,17298,18791,63151,30489,32662,72171,34633,37538,63147,30440,32707,36081,17433,18648,9021,4287,4734,
45130,36093,17299,18794,63158,30491,32667,72179,34638,37541,63154,30442,32712,36085,17437,18648,9022,4288,4734,
45135,36097,17301,18796,63165,30494,32671,72187,34641,37546,63161,30445,32716,36089,17438,18651,9023,4288,4735,
45140,36101,17303,18798,63172,30496,32676,72195,34645,37550,63168,30448,32720,36093,17441,18652,9024,4289,4735,
45145,36105,17304,18801,63179,30498,32681,72203,34648,37555,63175,30451,32724,36097,17443,18654,9025,4290,4735,
45150,36109,17307,18802,63186,30502,32684,72211,34649,37562,63182,30453,32729,36101,17446,18655,9026,4291,4735,
45155,36113,17308,18805,63193,30505,32688,72219,34653,37566,63189,30455,32734,36105,17448,18657,9027,4291,4736,
45160,36117,17310,18807,63200,30509,32691,72227,34659,37568,63196,30458,32738,36109,17450,18659,9028,4292,4736,
45165,36121,17311,18810,63207,30513,32694,72235,34665,37570,63203,30460,32743,36113,17453,18660,9029,4293,4736,
45170,36125,17314,18811,63214,30516,32698,72243,34670,37573,63210,30462,32748,36117,17457,18660,9030,4294,4736,
45175,36129,17316,18813,63221,30518,32703,72251,34674,37577,63217,30465,32752,36121,17458,18663,9031,4294,4737,
45180,36133,17316,18817,63228,30521,32707,72259,34678,37581,63224,30468,32756,36125,17458,18667,9032,4295,4737,
45185,36137,17317,18820,63235,30523,32712,72267,34681,37586,63231,30470,32761,36129,17460,18669,9033,4295,4738,
45190,36141,17318,18823,63242,30525,32717,72275,34687,37588,63238,30474,32764,36133,17463,18670,9034,4295,4739,
45195,36145,17320,18825,63249,30530,32719,72283,34690,37593,63245,30479,32766,36137,17464,18673,9035,4295,4740,
45200,36149,17323,18826,63256,30534,32722,72291,34694,37597,63252,30482,32770,36141,17465,18676,9036,4295,4741,
45205,36153,17325,18828,63263,30539,32724,72299,34697,37602,63259,30487,32772,36145,17467,18678,9037,4295,4742,
45210,36157,17328,18829,63270,30542,32728,72307,34702,37605,63266,30490,32776,36149,17471,18678,9038,4295,4743,
45215,36161,17329,18832,63277,30547,32730,72315,34708,37607,63273,30491,32782,36153,17473,18680,9039,4295,4744,
45220,36165,17330,18835,63284,30549,32735,72323,34712,37611,63280,30494,32786,36157,17473,18684,9040,4296,4744,
45225,36169,17333,18836,63291,30552,32739,72331,34715,37616,63287,30496,32791,36161,17475,18686,9041,4297,4744,
45230,36173,17333,18840,63298,30554,32744,72339,34720,37619,63294,30502,32792,36165,17477,18688,9042,4297,4745,
45235,36177,17334,18843,63305,30557,32748,72347,34724,37623,63301,30505,32796,36169,17479,18690,9043,4297,4746,
45240,36181,17335,18846,63312,30560,32752,72355,34727,37628,63308,30507,32801,36173,17480,18693,9044,4298,4746,
45245,36185,17337,18848,63319,30564,32755,72363,34732,37631,63315,30510,32805,36177,17483,18694,9045,4299,4746,
45250,36189,17338,18851,63326,30567,32759,72371,34736,37635,63322,30513,32809,36181,17486,18695,9046,4299,4747,
45255,36193,17340,18853,63333,30571,32762,72379,34739,37640,63329,30518,32811,36185,17487,18698,9047,4300,4747,
45260,36197,17341,18856,63340,30572,32768,72387,34743,37644,63336,30523,32813,36189,17491,18698,9048,4301,4747,
45265,36201,17343,18858,63347,30574,32773,72395,34749,37646,63343,30527,32816,36193,17493,18700,9049,4302,4747,
45270,36205,17346,18859,63354,30577,32777,72403,34752,37651,63350,30530,32820,36197,17495,18702,9050,4302,4748,
45275,36209,17348,18861,63361,30580,32781,72411,34757,37654,63357,30533,32824,36201,17495,18706,9051,4303,4748,
45280,36213,17351,18862,63368,30586,32782,72419,34761,37658,63364,30533,32831,36205,17497,18708,9052,4303,4749,
45285,36217,17353,18864,63375,30589,32786,72427,34766,37661,63371,30537,32834,36209,17498,18711,9053,4303,4750,
45290,36221,17355,18866,63382,30591,32791,72435,34769,37666,63378,30542,32836,36213,17501,18712,9054,4304,4750,
45295,36225,17357,18868,63389,30597,32792,72443,34774,37669,63385,30544,32841,36217,17502,18715,9055,4304,4751,
45300,36229,17357,18872,63396,30599,32797,72451,34778,37673,63392,30547,32845,36221,17504,18717,9056,4305,4751,
45305,36233,17360,18873,63403,30602,32801,72459,34784,37675,63399,30549,32850,36225,17506,18719,9057,4305,4752,
45310,36237,17362,18875,63410,30605,32805,72467,34786,37681,63406,30553,32853,36229,17509,18720,9058,4305,4753,
45315,36241,17365,18876,63417,30608,32809,72475,34788,37687,63413,30554,32859,36233,17509,18724,9059,4305,4754,
45320,36245,17366,18879,63424,30610,32814,72483,34792,37691,63420,30559,32861,36237,17512,18725,9060,4305,4755,
45325,36249,17366,18883,63431,30613,32818,72491,34796,37695,63427,30563,32864,36241,17514,18727,9061,4305,4756,
45330,36253,17368,18885,63438,30619,32819,72499,34800,37699,63434,30567,32867,36245,17516,18729,9062,4306,4756,
45335,36257,17370,18887,63445,30621,32824,72507,34807,37700,63441,30570,32871,36249,17519,18730,9063,4307,4756,
45340,36261,17372,18889,63452,30624,32828,72515,34810,37705,63448,30574,32874,36253,17522,18731,9064,4308,4756,
45345,36265,17373,18892,63459,30629,32830,72523,34814,37709,63455,30577,32878,36257,17524,18733,9065,4308,4757,
45350,36269,17375,18894,63466,30632,32834,72531,34817,37714,63462,30580,32882,36261,17524,18737,9066,4309,4757,
45355,36273,17377,18896,63473,30634,32839,72539,34821,37718,63469,30584,32885,36265,17526,18739,9067,4310,4757,
45360,36277,17381,18896,63480,30639,32841,72547,34825,37722,63476,30588,32888,36269,17529,18740,9068,4310,4758,
45365,36281,17383,18898,63487,30643,32844,72555,34830,37725,63483,30593,32890,36273,17531,18742,9069,4311,4758,
45370,36285,17384,18901,63494,30644,32850,72563,34834,37729,63490,30597,32893,36277,17533,18744,9070,4312,4758,
45375,36289,17385,18904,63501,30648,32853,72571,34840,37731,63497,30599,32898,36281,17534,18747,9071,4313,4758,
45380,36293,17387,18906,63508,30651,32857,72579,34844,37735,63504,30603,32901,36285,17538,18747,9072,4314,4758,
45385,36297,17390,18907,63515,30654,32861,72587,34848,37739,63511,30608,32903,36289,17538,18751,9073,4314,4759,
45390,36301,17391,18910,63522,30656,32866,72595,34854,37741,63518,30611,32907,36293,17539,18754,9074,4314,4760,
45395,36305,17394,18911,63529,30661,32868,72603,34858,37745,63525,30614,32911,36297,17539,18758,9075,4314,4761,
45400,36309,17397,18912,63536,30665,32871,72611,34861,37750,63532,30618,32914,36301,17541,18760,9076,4314,4762,
45405,36313,17400,18913,63543,30670,32873,72619,34865,37754,63539,30622,32917,36305,17543,18762,9077,4314,4763,
45410,36317,17401,18916,63550,30671,32879,72627,34868,37759,63546,30625,32921,36309,17546,18763,9078,4315,4763,
45415,36321,17404,18917,63557,30673,32884,72635,34872,37763,63553,30625,32928,36313,17546,18767,9079,4315,4764,
45420,36325,17406,18919,63564,30678,32886,72643,34879,37764,63560,30628,32932,36317,17547,18770,9080,4316,4764,
45425,36329,17407,18922,63571,30682,32889,72651,34885,37766,63567,30632,32935,36321,17548,18773,9081,4316,4765,
45430,36333,17409,18924,63578,30685,32893,72659,34888,37771,63574,30633,32941,36325,17550,18775,9082,4317,4765,
45435,36337,17412,18925,63585,30688,32897,72667,34890,37777,63581,30636,32945,36329,17551,18778,9083,4318,4765,
45440,36341,17415,18926,63592,30693,32899,72675,34892,37783,63588,30639,32949,36333,17554,18779,9084,4319,4765,
45445,36345,17417,18928,63599,30699,32900,72683,34896,37787,63595,30642,32953,36337,17557,18780,9085,4319,4766,
45450,36349,17419,18930,63606,30704,32902,72691,34901,37790,63602,30648,32954,36341,17559,18782,9086,4319,4767,
45455,36353,17421,18932,63613,30708,32905,72699,34904,37795,63609,30651,32958,36345,17560,18785,9087,4320,4767,
45460,36357,17424,18933,63620,30712,32908,72707,34906,37801,63616,30656,32960,36349,17562,18787,9088,4321,4767,
45465,36361,17425,18936,63627,30715,32912,72715,34912,37803,63623,30660,32963,36353,17563,18790,9089,4322,4767,
45470,36365,17427,18938,63634,30719,32915,72723,34914,37809,63630,30662,32968,36357,17564,18793,9090,4323,4767,
45475,36369,17428,18941,63641,30723,32918,72731,34920,37811,63637,30667,32970,36361,17567,18794,9091,4323,4768,
45480,36373,17430,18943,63648,30727,32921,72739,34924,37815,63644,30668,32976,36365,17569,18796,9092,4324,4768,
45485,36377,17433,18944,63655,30729,32926,72747,34927,37820,63651,30671,32980,36369,17572,18797,9093,4325,4768,
45490,36381,17435,18946,63662,30733,32929,72755,34930,37825,63658,30676,32982,36373,17575,18798,9094,4325,4769,
45495,36385,17437,18948,63669,30737,32932,72763,34932,37831,63665,30681,32984,36377,17578,18799,9095,4325,4770,
45500,36389,17439,18950,63676,30742,32934,72771,34934,37837,63672,30683,32989,36381,17580,18801,9096,4325,4771,
45505,36393,17441,18952,63683,30746,32937,72779,34936,37843,63679,30685,32994,36385,17582,18803,9097,4325,4772,
45510,36397,17444,18953,63690,30750,32940,72787,34940,37847,63686,30689,32997,36389,17584,18805,9098,4326,4772,
45515,36401,17446,18955,63697,30752,32945,72795,34942,37853,63693,30691,33002,36393,17586,18807,9099,4327,4772,
45520,36405,17446,18959,63704,30756,32948,72803,34946,37857,63700,30696,33004,36397,17588,18809,9100,4327,4773,
45525,36409,17446,18963,63711,30760,32951,72811,34949,37862,63707,30700,33007,36401,17589,18812,9101,4328,4773,
45530,36413,17448,18965,63718,30766,32952,72819,34953,37866,63714,30704,33010,36405,17590,18815,9102,4328,4774,
45535,36417,17451,18966,63725,30768,32957,72827,34955,37872,63721,30708,33013,36409,17594,18815,9103,4328,4775,
45540,36421,17455,18966,63732,30773,32959,72835,34959,37876,63728,30711,33017,36413,17597,18816,9104,4328,4776,
45545,36425,17458,18967,63739,30778,32961,72843,34962,37881,63735,30714,33021,36417,17598,18819,9105,4329,4776,
45550,36429,17460,18969,63746,30782,32964,72851,34965,37886,63742,30719,33023,36421,17600,18821,9106,4330,4776,
45555,36433,17461,18972,63753,30787,32966,72859,34967,37892,63749,30719,33030,36425,17602,18823,9107,4330,4777,
45560,36437,17463,18974,63760,30789,32971,72867,34973,37894,63756,30723,33033,36429,17605,18824,9108,4331,4777,
45565,36441,17465,18976,63767,30795,32972,72875,34976,37899,63763,30727,33036,36433,17606,18827,9109,4332,4777,
45570,36445,17466,18979,63774,30797,32977,72883,34979,37904,63770,30729,33041,36437,17609,18828,9110,4333,4777,
45575,36449,17468,18981,63781,30801,32980,72891,34983,37908,63777,30733,33044,36441,17610,18831,9111,4334,4777,
45580,36453,17470,18983,63788,30805,32983,72899,34987,37912,63784,30737,33047,36445,17612,18833,9112,4334,4778,
45585,36457,17471,18986,63795,30809,32986,72907,34992,37915,63791,30739,33052,36449,17613,18836,9113,4334,4779,
45590,36461,17474,18987,63802,30813,32989,72915,34994,37921,63798,30742,33056,36453,17617,18836,9114,4334,4780,
45595,36465,17477,18988,63809,30819,32990,72923,35001,37922,63805,30744,33061,36457,17619,18838,9115,4335,4780,
45600,36469,17479,18990,63816,30824,32992,72931,35005,37926,63812,30746,33066,36461,17621,18840,9116,4335,4781,
45605,36473,17480,18993,63823,30830,32993,72939,35010,37929,63819,30749,33070,36465,17624,18841,9117,4335,4782,
45610,36477,17482,18995,63830,30832,32998,72947,35013,37934,63826,30753,33073,36469,17627,18842,9118,4335,4783,
45615,36481,17485,18996,63837,30834,33003,72955,35018,37937,63833,30758,33075,36473,17629,18844,9119,4335,4784,
45620,36485,17486,18999,63844,30838,33006,72963,35023,37940,63840,30763,33077,36477,17630,18847,9120,4336,4784,
45625,36489,17487,19002,63851,30841,33010,72971,35027,37944,63847,30768,33079,36481,17633,18848,9121,4336,4785,
45630,36493,17488,19005,63858,30845,33013,72979,35030,37949,63854,30771,33083,36485,17637,18848,9122,4336,4786,
45635,36497,17489,19008,63865,30847,33018,72987,35033,37954,63861,30776,33085,36489,17639,18850,9123,4337,4786,
45640,36501,17491,19010,63872,30849,33023,72995,35034,37961,63868,30780,33088,36493,17641,18852,9124,4337,4787,
45645,36505,17491,19014,63879,30852,33027,73003,35038,37965,63875,30782,33093,36497,17644,18853,9125,4337,4788,
45650,36509,17493,19016,63886,30854,33032,73011,35042,37969,63882,30786,33096,36501,17646,18855,9126,4337,4789,
45655,36513,17496,19017,63893,30858,33035,73019,35046,37973,63889,30790,33099,36505,17647,18858,9127,4337,4790,
45660,36517,17498,19019,63900,30862,33038,73027,35051,37976,63896,30793,33103,36509,17649,18860,9128,4337,4791,
45665,36521,17501,19020,63907,30864,33043,73035,35054,37981,63903,30795,33108,36513,17652,18861,9129,4338,4791,
45670,36525,17505,19020,63914,30868,33046,73043,35057,37986,63910,30798,33112,36517,17653,18864,9130,4338,4792,
45675,36529,17508,19021,63921,30872,33049,73051,35060,37991,63917,30803,33114,36521,17653,18868,9131,4338,4793,
45680,36533,17512,19021,63928,30874,33054,73059,35065,37994,63924,30808,33116,36525,17657,18868,9132,4338,4794,
45685,36537,17514,19023,63935,30876,33059,73067,35069,37998,63931,30811,33120,36529,17658,18871,9133,4338,4795,
45690,36541,17517,19024,63942,30880,33062,73075,35074,38001,63938,30812,33126,36533,17660,18873,9134,4339,4795,
45695,36545,17519,19026,63949,30883,33066,73083,35078,38005,63945,30815,33130,36537,17661,18876,9135,4339,4796,
45700,36549,17520,19029,63956,30885,33071,73091,35080,38011,63952,30819,33133,36541,17662,18879,9136,4339,4797,
45705,36553,17521,19032,63963,30889,33074,73099,35085,38014,63959,30822,33137,36545,17664,18881,9137,4339,4798,
45710,36557,17523,19034,63970,30893,33077,73107,35089,38018,63966,30825,33141,36549,17666,18883,9138,4340,4798,
45715,36561,17524,19037,63977,30896,33081,73115,35094,38021,63973,30827,33146,36553,17670,18883,9139,4341,4798,
45720,36565,17526,19039,63984,30898,33086,73123,35095,38028,63980,30831,33149,36557,17672,18885,9140,4341,4799,
45725,36569,17530,19039,63991,30902,33089,73131,35101,38030,63987,30833,33154,36561,17675,18886,9141,4341,4800,
45730,36573,17533,19040,63998,30906,33092,73139,35104,38035,63994,30837,33157,36565,17677,18888,9142,4342,4800,
45735,36577,17535,19042,64005,30909,33096,73147,35109,38038,64001,30840,33161,36569,17678,18891,9143,4342,4801,
45740,36581,17537,19044,64012,30913,33099,73155,35114,38041,64008,30843,33165,36573,17679,18894,9144,4342,4802,
45745,36585,17538,19047,64019,30914,33105,73163,35119,38044,64015,30847,33168,36577,17679,18898,9145,4343,4802,
45750,36589,17539,19050,64026,30918,33108,73171,35123,38048,64022,30850,33172,36581,17681,18900,9146,4344,4802,
45755,36593,17540,19053,64033,30918,33115,73179,35127,38052,64029,30852,33177,36585,17681,18904,9147,4345,4802,
45760,36597,17542,19055,64040,30921,33119,73187,35133,38054,64036,30856,33180,36589,17683,18906,9148,4345,4803,
45765,36601,17542,19059,64047,30924,33123,73195,35137,38058,64043,30862,33181,36593,17685,18908,9149,4345,4804,
45770,36605,17544,19061,64054,30926,33128,73203,35142,38061,64050,30864,33186,36597,17685,18912,9150,4345,4805,
45775,36609,17544,19065,64061,30929,33132,73211,35146,38065,64057,30868,33189,36601,17687,18914,9151,4346,4805,
45780,36613,17546,19067,64068,30932,33136,73219,35151,38068,64064,30874,33190,36605,17691,18914,9152,4347,4805,
45785,36617,17548,19069,64075,30935,33140,73227,35154,38073,64071,30875,33196,36609,17692,18917,9153,4348,4805,
45790,36621,17549,19072,64082,30938,33144,73235,35157,38078,64078,30881,33197,36613,17694,18919,9154,4348,4806,
45795,36625,17552,19073,64089,30940,33149,73243,35162,38081,64085,30886,33199,36617,17696,18921,9155,4348,4807,
45800,36629,17555,19074,64096,30942,33154,73251,35166,38085,64092,30887,33205,36621,17698,18923,9156,4348,4808,
45805,36633,17557,19076,64103,30947,33156,73259,35170,38089,64099,30889,33210,36625,17699,18926,9157,4348,4809,
45810,36637,17559,19078,64110,30952,33158,73267,35176,38091,64106,30891,33215,36629,17700,18929,9158,4348,4810,
45815,36641,17561,19080,64117,30957,33160,73275,35180,38095,64113,30894,33219,36633,17702,18931,9159,4348,4811,
45820,36645,17563,19082,64124,30962,33162,73283,35185,38098,64120,30899,33221,36637,17703,18934,9160,4349,4811,
45825,36649,17565,19084,64131,30963,33168,73291,35187,38104,64127,30903,33224,36641,17704,18937,9161,4350,4811,
45830,36653,17567,19086,64138,30966,33172,73299,35190,38109,64134,30906,33228,36645,17707,18938,9162,4350,4812,
45835,36657,17569,19088,64145,30970,33175,73307,35192,38115,64141,30911,33230,36649,17707,18942,9163,4350,4813,
45840,36661,17571,19090,64152,30971,33181,73315,35196,38119,64148,30913,33235,36653,17708,18945,9164,4350,4814,
45845,36665,17572,19093,64159,30975,33184,73323,35201,38122,64155,30916,33239,36657,17709,18948,9165,4351,4814,
45850,36669,17574,19095,64166,30979,33187,73331,35203,38128,64162,30918,33244,36661,17710,18951,9166,4351,4815,
45855,36673,17577,19096,64173,30981,33192,73339,35209,38130,64169,30921,33248,36665,17712,18953,9167,4351,4816,
45860,36677,17580,19097,64180,30982,33198,73347,35215,38132,64176,30925,33251,36669,17714,18955,9168,4351,4817,
45865,36681,17582,19099,64187,30984,33203,73355,35219,38136,64183,30928,33255,36673,17716,18957,9169,4351,4818,
45870,36685,17586,19099,64194,30986,33208,73363,35223,38140,64190,30931,33259,36677,17718,18959,9170,4351,4819,
45875,36689,17589,19100,64201,30991,33210,73371,35228,38143,64197,30936,33261,36681,17719,18962,9171,4351,4820,
45880,36693,17591,19102,64208,30993,33215,73379,35231,38148,64204,30940,33264,36685,17722,18963,9172,4352,4820,
45885,36697,17594,19103,64215,30998,33217,73387,35233,38154,64211,30942,33269,36689,17723,18966,9173,4353,4820,
45890,36701,17597,19104,64222,31002,33220,73395,35239,38156,64218,30945,33273,36693,17723,18970,9174,4354,4820,
45895,36705,17599,19106,64229,31005,33224,73403,35244,38159,64225,30947,33278,36697,17727,18970,9175,4354,4821,
45900,36709,17600,19109,64236,31009,33227,73411,35246,38165,64232,30949,33283,36701,17729,18972,9176,4354,4822,
45905,36713,17602,19111,64243,31014,33229,73419,35250,38169,64239,30952,33287,36705,17731,18974,9177,4354,4823,
45910,36717,17603,19114,64250,31019,33231,73427,35254,38173,64246,30957,33289,36709,17733,18976,9178,4355,4823,
45915,36721,17606,19115,64257,31023,33234,73435,35258,38177,64253,30960,33293,36713,17734,18979,9179,4356,4823,
45920,36725,17607,19118,64264,31025,33239,73443,35261,38182,64260,30962,33298,36717,17735,18982,9180,4356,4824,
45925,36729,17611,19118,64271,31030,33241,73451,35266,38185,64267,30965,33302,36721,17738,18983,9181,4357,4824,
45930,36733,17615,19118,64278,31033,33245,73459,35271,38188,64274,30969,33305,36725,17740,18985,9182,4357,4825,
45935,36737,17617,19120,64285,31037,33248,73467,35276,38191,64281,30972,33309,36729,17741,18988,9183,4357,4826,
45940,36741,17619,19122,64292,31042,33250,73475,35281,38194,64288,30974,33314,36733,17744,18989,9184,4357,4827,
45945,36745,17621,19124,64299,31047,33252,73483,35284,38199,64295,30980,33315,36737,17746,18991,9185,4358,4827,
45950,36749,17622,19127,64306,31049,33257,73491,35287,38204,64302,30983,33319,36741,17749,18992,9186,4359,4827,
45955,36753,17622,19131,64313,31051,33262,73499,35291,38208,64309,30989,33320,36745,17750,18995,9187,4360,4827,
45960,36757,17625,19132,64320,31056,33264,73507,35294,38213,64316,30994,33322,36749,17751,18998,9188,4360,4828,
45965,36761,17627,19134,64327,31058,33269,73515,35300,38215,64323,30998,33325,36753,17751,19002,9189,4360,4829,
45970,36765,17629,19136,64334,31063,33271,73523,35303,38220,64330,31004,33326,36757,17753,19004,9190,4361,4829,
45975,36769,17631,19138,64341,31067,33274,73531,35305,38226,64337,31007,33330,36761,17756,19005,9191,4362,4829,
45980,36773,17633,19140,64348,31069,33279,73539,35308,38231,64344,31010,33334,36765,17756,19009,9192,4363,4829,
45985,36777,17634,19143,64355,31073,33282,73547,35312,38235,64351,31011,33340,36769,17757,19012,9193,4363,4830,
45990,36781,17637,19144,64362,31076,33286,73555,35315,38240,64358,31014,33344,36773,17759,19014,9194,4363,4831,
45995,36785,17638,19147,64369,31079,33290,73563,35319,38244,64365,31017,33348,36777,17759,19018,9195,4363,4832,
46000,36789,17641,19148,64376,31083,33293,73571,35324,38247,64372,31018,33354,36781,17760,19021,9196,4363,4833,
46005,36793,17643,19150,64383,31085,33298,73579,35328,38251,64379,31020,33359,36785,17761,19024,9197,4364,4833,
46010,36797,17644,19153,64390,31088,33302,73587,35333,38254,64386,31022,33364,36789,17762,19027,9198,4364,4834,
46015,36801,17647,19154,64397,31092,33305,73595,35333,38262,64393,31025,33368,36793,17763,19030,9199,4365,4834,
46020,36805,17650,19155,64404,31094,33310,73603,35336,38267,64400,31029,33371,36797,17766,19031,9200,4366,4834,
46025,36809,17652,19157,64411,31098,33313,73611,35341,38270,64407,31034,33373,36801,17767,19034,9201,4366,4835,
46030,36813,17653,19160,64418,31101,33317,73619,35344,38275,64414,31035,33379,36805,17768,19037,9202,4367,4835,
46035,36817,17656,19161,64425,31105,33320,73627,35348,38279,64421,31040,33381,36809,17768,19041,9203,4368,4835,
46040,36821,17659,19162,64432,31108,33324,73635,35350,38285,64428,31045,33383,36813,17770,19043,9204,4368,4836,
46045,36825,17662,19163,64439,31111,33328,73643,35353,38290,64435,31047,33388,36817,17770,19047,9205,4368,4837,
46050,36829,17665,19164,64446,31116,33330,73651,35355,38296,64442,31051,33391,36821,17773,19048,9206,4368,4838,
46055,36833,17667,19166,64453,31120,33333,73659,35361,38298,64449,31052,33397,36825,17776,19049,9207,4369,4838,
46060,36837,17669,19168,64460,31126,33334,73667,35365,38302,64456,31056,33400,36829,17780,19049,9208,4369,4839,
46065,36841,17671,19170,64467,31130,33337,73675,35369,38306,64463,31059,33404,36833,17781,19052,9209,4369,4840,
46070,36845,17671,19174,64474,31133,33341,73683,35370,38313,64470,31061,33409,36837,17782,19055,9210,4370,4840,
46075,36849,17673,19176,64481,31137,33344,73691,35374,38317,64477,31066,33411,36841,17784,19057,9211,4370,4841,
46080,36853,17675,19178,64488,31139,33349,73699,35378,38321,64484,31069,33415,36845,17786,19059,9212,4371,4841,
46085,36857,17678,19179,64495,31142,33353,73707,35382,38325,64491,31073,33418,36849,17788,19061,9213,4371,4842,
46090,36861,17681,19180,64502,31146,33356,73715,35386,38329,64498,31075,33423,36853,17790,19063,9214,4371,4843,
46095,36865,17684,19181,64509,31149,33360,73723,35390,38333,64505,31076,33429,36857,17793,19064,9215,4371,4844,
46100,36869,17685,19184,64516,31152,33364,73731,35390,38341,64512,31078,33434,36861,17795,19066,9216,4371,4845,
46105,36873,17686,19187,64523,31153,33370,73739,35394,38345,64519,31083,33436,36865,17795,19070,9217,4372,4845,
46110,36877,17687,19190,64530,31155,33375,73747,35395,38352,64526,31086,33440,36869,17797,19072,9218,4373,4845,
46115,36881,17689,19192,64537,31160,33377,73755,35401,38354,64533,31088,33445,36873,17799,19074,9219,4373,4846,
46120,36885,17692,19193,64544,31164,33380,73763,35408,38355,64540,31092,33448,36877,17800,19077,9220,4374,4846,
46125,36889,17695,19194,64551,31169,33382,73771,35411,38360,64547,31094,33453,36881,17802,19079,9221,4374,4847,
46130,36893,17696,19197,64558,31173,33385,73779,35417,38362,64554,31097,33457,36885,17804,19081,9222,4374,4848,
46135,36897,17700,19197,64565,31176,33389,73787,35421,38366,64561,31098,33463,36889,17807,19082,9223,4374,4849,
46140,36901,17702,19199,64572,31179,33393,73795,35428,38367,64568,31101,33467,36893,17809,19084,9224,4374,4850,
46145,36905,17704,19201,64579,31182,33397,73803,35431,38372,64575,31106,33469,36897,17811,19086,9225,4374,4851,
46150,36909,17708,19201,64586,31186,33400,73811,35437,38374,64582,31109,33473,36901,17814,19087,9226,4375,4851,
46155,36913,17709,19204,64593,31191,33402,73819,35441,38378,64589,31111,33478,36905,17817,19088,9227,4375,4852,
46160,36917,17713,19204,64600,31194,33406,73827,35443,38384,64596,31115,33481,36909,17821,19088,9228,4375,4853,
46165,36921,17715,19206,64607,31197,33410,73835,35446,38389,64603,31118,33485,36913,17824,19089,9229,4376,4853,
46170,36925,17718,19207,64614,31202,33412,73843,35448,38395,64610,31121,33489,36917,17827,19090,9230,4376,4854,
46175,36929,17721,19208,64621,31205,33416,73851,35452,38399,64617,31123,33494,36921,17829,19092,9231,4376,4855,
46180,36933,17724,19209,64628,31208,33420,73859,35457,38402,64624,31125,33499,36925,17830,19095,9232,4376,4856,
46185,36937,17727,19210,64635,31210,33425,73867,35462,38405,64631,31126,33505,36929,17831,19098,9233,4377,4856,
46190,36941,17729,19212,64642,31213,33429,73875,35466,38409,64638,31132,33506,36933,17833,19100,9234,4377,4857,
46195,36945,17729,19216,64649,31215,33434,73883,35469,38414,64645,31134,33511,36937,17837,19100,9235,4378,4857,
46200,36949,17729,19220,64656,31216,33440,73891,35470,38421,64652,31137,33515,36941,17840,19101,9236,4379,4857,
46205,36953,17732,19221,64663,31221,33442,73899,35475,38424,64659,31141,33518,36945,17843,19102,9237,4379,4858,
46210,36957,17734,19223,64670,31226,33444,73907,35480,38427,64666,31146,33520,36949,17845,19104,9238,4380,4858,
46215,36961,17737,19224,64677,31230,33447,73915,35482,38433,64673,31149,33524,36953,17846,19107,9239,4381,4858,
46220,36965,17739,19226,64684,31236,33448,73923,35484,38439,64680,31152,33528,36957,17848,19109,9240,4381,4859,
46225,36969,17741,19228,64691,31238,33453,73931,35486,38445,64687,31157,33530,36961,17848,19113,9241,4381,4860,
46230,36973,17742,19231,64698,31240,33458,73939,35490,38449,64694,31161,33533,36965,17849,19116,9242,4382,4860,
46235,36977,17743,19234,64705,31242,33463,73947,35495,38452,64701,31165,33536,36969,17851,19118,9243,4383,4860,
46240,36981,17745,19236,64712,31247,33465,73955,35502,38453,64708,31168,33540,36973,17854,19119,9244,4384,4860,
46245,36985,17746,19239,64719,31251,33468,73963,35505,38458,64715,31173,33542,36977,17857,19120,9245,4385,4860,
46250,36989,17747,19242,64726,31255,33471,73971,35508,38463,64722,31176,33546,36981,17860,19121,9246,4385,4861,
46255,36993,17749,19244,64733,31259,33474,73979,35513,38466,64729,31181,33548,36985,17861,19124,9247,4385,4862,
46260,36997,17750,19247,64740,31264,33476,73987,35518,38469,64736,31186,33550,36989,17864,19125,9248,4386,4862,
46265,37001,17752,19249,64747,31268,33479,73995,35522,38473,64743,31190,33553,36993,17867,19126,9249,4387,4862,
46270,37005,17752,19253,64754,31274,33480,74003,35528,38475,64750,31191,33559,36997,17869,19128,9250,4387,4863,
46275,37009,17755,19254,64761,31279,33482,74011,35532,38479,64757,31195,33562,37001,17871,19130,9251,4388,4863,
46280,37013,17759,19254,64768,31284,33484,74019,35536,38483,64764,31197,33567,37005,17873,19132,9252,4389,4863,
46285,37017,17763,19254,64775,31286,33489,74027,35538,38489,64771,31201,33570,37009,17875,19134,9253,4390,4863,
46290,37021,17763,19258,64782,31289,33493,74035,35542,38493,64778,31204,33574,37013,17876,19137,9254,4390,4864,
46295,37025,17766,19259,64789,31291,33498,74043,35550,38493,64785,31208,33577,37017,17878,19139,9255,4391,4864,
46300,37029,17768,19261,64796,31294,33502,74051,35556,38495,64792,31213,33579,37021,17879,19142,9256,4391,4865,
46305,37033,17769,19264,64803,31300,33503,74059,35561,38498,64799,31215,33584,37025,17882,19143,9257,4391,4866,
46310,37037,17770,19267,64810,31303,33507,74067,35564,38503,64806,31220,33586,37029,17884,19145,9258,4392,4866,
46315,37041,17773,19268,64817,31306,33511,74075,35568,38507,64813,31223,33590,37033,17886,19147,9259,4393,4866,
46320,37045,17774,19271,64824,31309,33515,74083,35572,38511,64820,31226,33594,37037,17889,19148,9260,4394,4866,
46325,37049,17777,19272,64831,31313,33518,74091,35573,38518,64827,31230,33597,37041,17891,19150,9261,4394,4867,
46330,37053,17780,19273,64838,31317,33521,74099,35578,38521,64834,31236,33598,37045,17893,19152,9262,4394,4868,
46335,37057,17780,19277,64845,31320,33525,74107,35582,38525,64841,31239,33602,37049,17895,19154,9263,4394,4869,
46340,37061,17782,19279,64852,31324,33528,74115,35586,38529,64848,31241,33607,37053,17897,19156,9264,4394,4870,
46345,37065,17785,19280,64859,31327,33532,74123,35591,38532,64855,31247,33608,37057,17900,19157,9265,4394,4871,
46350,37069,17787,19282,64866,31330,33536,74131,35595,38536,64862,31252,33610,37061,17902,19159,9266,4395,4871,
46355,37073,17789,19284,64873,31334,33539,74139,35599,38540,64869,31256,33613,37065,17905,19160,9267,4396,4871,
46360,37077,17790,19287,64880,31336,33544,74147,35605,38542,64876,31258,33618,37069,17907,19162,9268,4396,4872,
46365,37081,17794,19287,64887,31339,33548,74155,35608,38547,64883,31261,33622,37073,17908,19165,9269,4396,4873,
46370,37085,17794,19291,64894,31342,33552,74163,35608,38555,64890,31266,33624,37077,17910,19167,9270,4396,4874,
46375,37089,17795,19294,64901,31342,33559,74171,35612,38559,64897,31269,33628,37081,17912,19169,9271,4397,4874,
46380,37093,17795,19298,64908,31344,33564,74179,35616,38563,64904,31273,33631,37085,17914,19171,9272,4397,4875,
46385,37097,17798,19299,64915,31348,33567,74187,35620,38567,64911,31276,33635,37089,17915,19174,9273,4398,4875,
46390,37101,17801,19300,64922,31353,33569,74195,35623,38572,64918,31279,33639,37093,17918,19175,9274,4398,4876,
46395,37105,17803,19302,64929,31357,33572,74203,35626,38577,64925,31283,33642,37097,17920,19177,9275,4399,4876,
46400,37109,17805,19304,64936,31359,33577,74211,35627,38584,64932,31288,33644,37101,17923,19178,9276,4400,4876,
46405,37113,17807,19306,64943,31363,33580,74219,35632,38587,64939,31289,33650,37105,17924,19181,9277,4400,4877,
46410,37117,17809,19308,64950,31368,33582,74227,35636,38591,64946,31290,33656,37109,17926,19183,9278,4401,4877,
46415,37121,17812,19309,64957,31370,33587,74235,35639,38596,64953,31291,33662,37113,17928,19185,9279,4402,4877,
46420,37125,17816,19309,64964,31373,33591,74243,35644,38599,64960,31295,33665,37117,17930,19187,9280,4403,4877,
46425,37129,17817,19312,64971,31375,33596,74251,35650,38601,64967,31299,33668,37121,17931,19190,9281,4404,4877,
46430,37133,17819,19314,64978,31378,33600,74259,35653,38606,64974,31302,33672,37125,17934,19191,9282,4404,4878,
46435,37137,17822,19315,64985,31383,33602,74267,35658,38609,64981,31304,33677,37129,17936,19193,9283,4404,4879,
46440,37141,17824,19317,64992,31386,33606,74275,35661,38614,64988,31307,33681,37133,17937,19196,9284,4405,4879,
46445,37145,17827,19318,64999,31392,33607,74283,35664,38619,64995,31310,33685,37137,17938,19199,9285,4406,4879,
46450,37149,17828,19321,65006,31395,33611,74291,35668,38623,65002,31313,33689,37141,17940,19201,9286,4406,4880,
46455,37153,17831,19322,65013,31397,33616,74299,35672,38627,65009,31316,33693,37145,17940,19205,9287,4406,4881,
46460,37157,17834,19323,65020,31402,33618,74307,35675,38632,65016,31319,33697,37149,17942,19207,9288,4406,4882,
46465,37161,17835,19326,65027,31407,33620,74315,35679,38636,65023,31321,33702,37153,17943,19210,9289,4406,4883,
46470,37165,17837,19328,65034,31411,33623,74323,35682,38641,65030,31324,33706,37157,17945,19212,9290,4406,4884,
46475,37169,17838,19331,65041,31414,33627,74331,35686,38645,65037,31327,33710,37161,17946,19215,9291,4406,4885,
46480,37173,17842,19331,65048,31417,33631,74339,35689,38650,65044,31331,33713,37165,17947,19218,9292,4406,4886,
46485,37177,17844,19333,65055,31421,33634,74347,35690,38657,65051,31332,33719,37169,17949,19220,9293,4406,4887,
46490,37181,17845,19336,65062,31423,33639,74355,35695,38660,65058,31338,33720,37173,17952,19221,9294,4406,4888,
46495,37185,17846,19339,65069,31428,33641,74363,35698,38665,65065,31340,33725,37177,17955,19222,9295,4406,4889,
46500,37189,17847,19342,65076,31433,33643,74371,35700,38671,65072,31342,33730,37181,17957,19224,9296,4406,4890,
46505,37193,17848,19345,65083,31435,33648,74379,35703,38676,65079,31345,33734,37185,17958,19227,9297,4406,4891,
46510,37197,17849,19348,65090,31439,33651,74387,35708,38679,65086,31348,33738,37189,17961,19228,9298,4406,4892,
46515,37201,17850,19351,65097,31441,33656,74395,35711,38684,65093,31352,33741,37193,17964,19229,9299,4406,4893,
46520,37205,17853,19352,65104,31446,33658,74403,35715,38688,65100,31357,33743,37197,17966,19231,9300,4406,4894,
46525,37209,17855,19354,65111,31449,33662,74411,35722,38689,65107,31360,33747,37201,17967,19234,9301,4407,4894,
46530,37213,17857,19356,65118,31451,33667,74419,35725,38694,65114,31363,33751,37205,17969,19236,9302,4408,4894,
46535,37217,17858,19359,65125,31453,33672,74427,35729,38698,65121,31366,33755,37209,17971,19238,9303,4409,4894,
46540,37221,17860,19361,65132,31455,33677,74435,35733,38702,65128,31370,33758,37213,17973,19240,9304,4410,4894,
46545,37225,17862,19363,65139,31459,33680,74443,35740,38703,65135,31373,33762,37217,17974,19243,9305,4411,4894,
46550,37229,17862,19367,65146,31463,33683,74451,35743,38708,65142,31376,33766,37221,17975,19246,9306,4412,4894,
46555,37233,17863,19370,65153,31468,33685,74459,35746,38713,65149,31378,33771,37225,17976,19249,9307,4413,4894,
46560,37237,17864,19373,65160,31471,33689,74467,35752,38715,65156,31378,33778,37229,17977,19252,9308,4414,4894,
46565,37241,17866,19375,65167,31473,33694,74475,35756,38719,65163,31380,33783,37233,17980,19253,9309,4415,4894,
46570,37245,17868,19377,65174,31475,33699,74483,35760,38723,65170,31381,33789,37237,17981,19256,9310,4416,4894,
46575,37249,17870,19379,65181,31475,33706,74491,35764,38727,65177,31385,33792,37241,17983,19258,9311,4416,4895,
46580,37253,17873,19380,65188,31479,33709,74499,35766,38733,65184,31388,33796,37245,17986,19259,9312,4417,4895,
46585,37257,17876,19381,65195,31483,33712,74507,35770,38737,65191,31390,33801,37249,17988,19261,9313,4417,4896,
46590,37261,17878,19383,65202,31486,33716,74515,35775,38740,65198,31396,33802,37253,17990,19263,9314,4418,4896,
46595,37265,17880,19385,65209,31490,33719,74523,35779,38744,65205,31399,33806,37257,17991,19266,9315,4419,4896,
46600,37269,17883,19386,65216,31494,33722,74531,35782,38749,65212,31402,33810,37261,17991,19270,9316,4419,4897,
46605,37273,17886,19387,65223,31497,33726,74539,35785,38754,65219,31405,33814,37265,17993,19272,9317,4420,4897,
46610,37277,17887,19390,65230,31500,33730,74547,35788,38759,65226,31407,33819,37269,17995,19274,9318,4420,4898,
46615,37281,17890,19391,65237,31502,33735,74555,35793,38762,65233,31409,33824,37273,17997,19276,9319,4421,4898,
46620,37285,17892,19393,65244,31506,33738,74563,35798,38765,65240,31411,33829,37277,17998,19279,9320,4421,4899,
46625,37289,17895,19394,65251,31510,33741,74571,35802,38769,65247,31415,33832,37281,17999,19282,9321,4421,4900,
46630,37293,17898,19395,65258,31511,33747,74579,35807,38772,65254,31419,33835,37285,18001,19284,9322,4421,4901,
46635,37297,17901,19396,65265,31515,33750,74587,35815,38772,65261,31424,33837,37289,18004,19285,9323,4422,4901,
46640,37301,17904,19397,65272,31520,33752,74595,35817,38778,65268,31428,33840,37293,18004,19289,9324,4423,4901,
46645,37305,17906,19399,65279,31523,33756,74603,35821,38782,65275,31432,33843,37297,18004,19293,9325,4424,4901,
46650,37309,17908,19401,65286,31527,33759,74611,35825,38786,65282,31436,33846,37301,18005,19296,9326,4425,4901,
46655,37313,17911,19402,65293,31531,33762,74619,35831,38788,65289,31438,33851,37305,18006,19299,9327,4425,4902,
46660,37317,17913,19404,65300,31535,33765,74627,35836,38791,65296,31440,33856,37309,18008,19301,9328,4425,4903,
46665,37321,17915,19406,65307,31540,33767,74635,35840,38795,65303,31444,33859,37313,18011,19302,9329,4426,4903,
46670,37325,17916,19409,65314,31545,33769,74643,35844,38799,65310,31448,33862,37317,18014,19303,9330,4426,4904,
46675,37329,17917,19412,65321,31547,33774,74651,35851,38800,65317,31450,33867,37321,18016,19305,9331,4427,4904,
46680,37333,17919,19414,65328,31550,33778,74659,35856,38803,65324,31453,33871,37325,18017,19308,9332,4428,4904,
46685,37337,17922,19415,65335,31553,33782,74667,35863,38804,65331,31455,33876,37329,18020,19309,9333,4428,4905,
46690,37341,17924,19417,65342,31560,33782,74675,35867,38808,65338,31457,33881,37333,18023,19310,9334,4429,4905,
46695,37345,17928,19417,65349,31564,33785,74683,35871,38812,65345,31462,33883,37337,18026,19311,9335,4430,4905,
46700,37349,17930,19419,65356,31568,33788,74691,35874,38817,65352,31466,33886,37341,18027,19314,9336,4430,4906,
46705,37353,17933,19420,65363,31571,33792,74699,35879,38820,65359,31468,33891,37345,18028,19317,9337,4430,4907,
46710,37357,17935,19422,65370,31575,33795,74707,35881,38826,65366,31470,33896,37349,18031,19318,9338,4431,4907,
46715,37361,17937,19424,65377,31576,33801,74715,35885,38830,65373,31474,33899,37353,18034,19319,9339,4432,4907,
46720,37365,17938,19427,65384,31577,33807,74723,35888,38835,65380,31477,33903,37357,18036,19321,9340,4432,4908,
46725,37369,17941,19428,65391,31580,33811,74731,35891,38840,65387,31481,33906,37361,18037,19324,9341,4432,4909,
46730,37373,17943,19430,65398,31585,33813,74739,35896,38843,65394,31485,33909,37365,18039,19326,9342,4432,4910,
46735,37377,17944,19433,65405,31589,33816,74747,35899,38848,65401,31487,33914,37369,18041,19328,9343,4432,4911,
46740,37381,17947,19434,65412,31592,33820,74755,35905,38850,65408,31490,33918,37373,18042,19331,9344,4432,4912,
46745,37385,17949,19436,65419,31595,33824,74763,35910,38853,65415,31493,33922,37377,18043,19334,9345,4433,4912,
46750,37389,17952,19437,65426,31597,33829,74771,35914,38857,65422,31497,33925,37381,18045,19336,9346,4433,4913,
46755,37393,17956,19437,65433,31600,33833,74779,35917,38862,65429,31500,33929,37385,18046,19339,9347,4434,4913,
46760,37397,17957,19440,65440,31603,33837,74787,35920,38867,65436,31501,33935,37389,18048,19341,9348,4435,4913,
46765,37401,17960,19441,65447,31607,33840,74795,35922,38873,65443,31504,33939,37393,18051,19342,9349,4435,4914,
46770,37405,17963,19442,65454,31611,33843,74803,35928,38875,65450,31508,33942,37397,18052,19345,9350,4435,4915,
46775,37409,17965,19444,65461,31616,33845,74811,35930,38881,65457,31513,33944,37401,18053,19348,9351,4436,4915,
46780,37413,17968,19445,65468,31618,33850,74819,35932,38887,65464,31518,33946,37405,18054,19351,9352,4436,4916,
46785,37417,17970,19447,65475,31621,33854,74827,35937,38890,65471,31521,33950,37409,18056,19353,9353,4437,4916,
46790,37421,17974,19447,65482,31623,33859,74835,35942,38893,65478,31523,33955,37413,18057,19356,9354,4437,4917,
46795,37425,17975,19450,65489,31625,33864,74843,35947,38896,65485,31525,33960,37417,18059,19358,9355,4437,4918,
46800,37429,17975,19454,65496,31630,33866,74851,35951,38900,65492,31529,33963,37421,18062,19359,9356,4438,4918,
46805,37433,17975,19458,65503,31632,33871,74859,35958,38901,65499,31532,33967,37425,18063,19362,9357,4438,4919,
46810,37437,17979,19458,65510,31637,33873,74867,35964,38903,65506,31535,33971,37429,18064,19365,9358,4439,4919,
46815,37441,17981,19460,65517,31640,33877,74875,35968,38907,65513,31536,33977,37433,18065,19368,9359,4439,4920,
46820,37445,17983,19462,65524,31646,33878,74883,35973,38910,65520,31541,33979,37437,18067,19370,9360,4440,4920,
46825,37449,17986,19463,65531,31650,33881,74891,35980,38911,65527,31544,33983,37441,18070,19371,9361,4441,4920,
46830,37453,17988,19465,65538,31654,33884,74899,35985,38914,65534,31547,33987,37445,18072,19373,9362,4441,4921,
46835,37457,17990,19467,65545,31657,33888,74907,35987,38920,65541,31549,33992,37449,18074,19375,9363,4442,4921,
46840,37461,17991,19470,65552,31658,33894,74915,35992,38923,65548,31554,33994,37453,18076,19377,9364,4443,4921,
46845,37465,17993,19472,65559,31662,33897,74923,35998,38925,65555,31558,33997,37457,18077,19380,9365,4443,4922,
46850,37469,17995,19474,65566,31666,33900,74931,36002,38929,65562,31561,34001,37461,18081,19380,9366,4443,4923,
46855,37473,17997,19476,65573,31666,33907,74939,36006,38933,65569,31567,34002,37465,18083,19382,9367,4444,4923,
46860,37477,17999,19478,65580,31670,33910,74947,36011,38936,65576,31570,34006,37469,18086,19383,9368,4445,4923,
46865,37481,18001,19480,65587,31673,33914,74955,36013,38942,65583,31574,34009,37473,18088,19385,9369,4446,4923,
46870,37485,18003,19482,65594,31676,33918,74963,36015,38948,65590,31575,34015,37477,18088,19389,9370,4447,4923,
46875,37489,18005,19484,65601,31680,33921,74971,36020,38951,65597,31580,34017,37481,18092,19389,9371,4448,4923,
46880,37493,18007,19486,65608,31684,33924,74979,36023,38956,65604,31584,34020,37485,18094,19391,9372,4449,4923,
46885,37497,18010,19487,65615,31686,33929,74987,36028,38959,65611,31586,34025,37489,18096,19393,9373,4450,4923,
46890,37501,18012,19489,65622,31688,33934,74995,36035,38960,65618,31592,34026,37493,18098,19395,9374,4450,4924,
46895,37505,18015,19490,65629,31692,33937,75003,36039,38964,65625,31597,34028,37497,18100,19397,9375,4451,4924,
46900,37509,18016,19493,65636,31694,33942,75011,36044,38967,65632,31599,34033,37501,18102,19399,9376,4452,4924,
46905,37513,18018,19495,65643,31697,33946,75019,36046,38973,65639,31602,34037,37505,18102,19403,9377,4453,4924,
46910,37517,18019,19498,65650,31699,33951,75027,36048,38979,65646,31608,34038,37509,18105,19404,9378,4453,4925,
46915,37521,18021,19500,65657,31702,33955,75035,36053,38982,65653,31611,34042,37513,18108,19405,9379,4453,4926,
46920,37525,18023,19502,65664,31707,33957,75043,36057,38986,65660,31615,34045,37517,18108,19409,9380,4453,4927,
46925,37529,18025,19504,65671,31710,33961,75051,36063,38988,65667,31618,34049,37521,18109,19412,9381,4453,4928,
46930,37533,18026,19507,65678,31714,33964,75059,36069,38990,65674,31623,34051,37525,18109,19416,9382,4454,4928,
46935,37537,18029,19508,65685,31717,33968,75067,36071,38996,65681,31627,34054,37529,18110,19419,9383,4455,4928,
46940,37541,18032,19509,65692,31721,33971,75075,36074,39001,65688,31631,34057,37533,18112,19421,9384,4456,4928,
46945,37545,18034,19511,65699,31727,33972,75083,36078,39005,65695,31634,34061,37537,18113,19424,9385,4456,4929,
46950,37549,18035,19514,65706,31729,33977,75091,36081,39010,65702,31637,34065,37541,18117,19424,9386,4456,4930,
46955,37553,18036,19517,65713,31732,33981,75099,36083,39016,65709,31641,34068,37545,18119,19426,9387,4457,4930,
46960,37557,18039,19518,65720,31736,33984,75107,36086,39021,65716,31647,34069,37549,18121,19428,9388,4458,4930,
46965,37561,18041,19520,65727,31739,33988,75115,36093,39022,65723,31654,34069,37553,18121,19432,9389,4458,4931,
46970,37565,18043,19522,65734,31740,33994,75123,36098,39025,65730,31656,34074,37557,18122,19435,9390,4459,4931,
46975,37569,18044,19525,65741,31741,34000,75131,36102,39029,65737,31659,34078,37561,18124,19437,9391,4460,4931,
46980,37573,18045,19528,65748,31746,34002,75139,36106,39033,65744,31661,34083,37565,18128,19437,9392,4461,4931,
46985,37577,18046,19531,65755,31750,34005,75147,36110,39037,65751,31663,34088,37569,18130,19439,9393,4462,4931,
46990,37581,18050,19531,65762,31753,34009,75155,36113,39042,65758,31666,34092,37573,18132,19441,9394,4463,4931,
46995,37585,18052,19533,65769,31755,34014,75163,36118,39045,65765,31668,34097,37577,18134,19443,9395,4463,4932,
47000,37589,18052,19537,65776,31758,34018,75171,36120,39051,65772,31670,34102,37581,18137,19444,9396,4463,4933,
47005,37593,18053,19540,65783,31761,34022,75179,36124,39055,65779,31676,34103,37585,18139,19446,9397,4463,4934,
47010,37597,18055,19542,65790,31764,34026,75187,36129,39058,65786,31680,34106,37589,18140,19449,9398,4463,4935,
47015,37601,18059,19542,65797,31766,34031,75195,36136,39059,65793,31684,34109,37593,18141,19452,9399,4463,4936,
47020,37605,18061,19544,65804,31771,34033,75203,36140,39063,65800,31685,34115,37597,18143,19454,9400,4464,4936,
47025,37609,18061,19548,65811,31773,34038,75211,36146,39065,65807,31688,34119,37601,18143,19458,9401,4465,4936,
47030,37613,18064,19549,65818,31775,34043,75219,36148,39071,65814,31691,34123,37605,18146,19459,9402,4466,4936,
47035,37617,18067,19550,65825,31780,34045,75227,36153,39074,65821,31695,34126,37609,18147,19462,9403,4467,4936,
47040,37621,18068,19553,65832,31784,34048,75235,36157,39078,65828,31697,34131,37613,18149,19464,9404,4467,4937,
47045,37625,18072,19553,65839,31788,34051,75243,36160,39083,65835,31702,34133,37617,18152,19465,9405,4468,4937,
47050,37629,18074,19555,65846,31792,34054,75251,36163,39088,65842,31707,34135,37621,18154,19467,9406,4468,4938,
47055,37633,18075,19558,65853,31796,34057,75259,36167,39092,65849,31711,34138,37625,18156,19469,9407,4468,4939,
47060,37637,18076,19561,65860,31800,34060,75267,36169,39098,65856,31716,34140,37629,18158,19471,9408,4468,4940,
47065,37641,18079,19562,65867,31803,34064,75275,36172,39103,65863,31722,34141,37633,18158,19475,9409,4468,4941,
47070,37645,18080,19565,65874,31806,34068,75283,36175,39108,65870,31725,34145,37637,18160,19477,9410,4468,4942,
47075,37649,18082,19567,65881,31811,34070,75291,36179,39112,65877,31727,34150,37641,18163,19478,9411,4469,4942,
47080,37653,18082,19571,65888,31812,34076,75299,36181,39118,65884,31729,34155,37645,18165,19480,9412,4469,4943,
47085,37657,18084,19573,65895,31816,34079,75307,36184,39123,65891,31732,34159,37649,18167,19482,9413,4469,4944,
47090,37661,18087,19574,65902,31820,34082,75315,36186,39129,65898,31735,34163,37653,18168,19485,9414,4469,4945,
47095,37665,18088,19577,65909,31823,34086,75323,36190,39133,65905,31740,34165,37657,18169,19488,9415,4469,4946,
47100,37669,18090,19579,65916,31825,34091,75331,36194,39137,65912,31744,34168,37661,18170,19491,9416,4470,4946,
47105,37673,18091,19582,65923,31829,34094,75339,36198,39141,65919,31748,34171,37665,18172,19493,9417,4470,4947,
47110,37677,18094,19583,65930,31831,34099,75347,36202,39145,65926,31749,34177,37669,18173,19496,9418,4470,4948,
47115,37681,18096,19585,65937,31833,34104,75355,36205,39150,65933,31752,34181,37673,18175,19498,9419,4470,4949,
47120,37685,18097,19588,65944,31837,34107,75363,36210,39153,65940,31755,34185,37677,18177,19500,9420,4470,4950,
47125,37689,18101,19588,65951,31840,34111,75371,36215,39156,65947,31757,34190,37681,18179,19502,9421,4471,4950,
47130,37693,18103,19590,65958,31843,34115,75379,36219,39160,65954,31762,34192,37685,18182,19503,9422,4471,4951,
47135,37697,18106,19591,65965,31846,34119,75387,36225,39162,65961,31766,34195,37689,18185,19504,9423,4472,4951,
47140,37701,18107,19594,65972,31849,34123,75395,36228,39167,65968,31769,34199,37693,18187,19506,9424,4473,4951,
47145,37705,18109,19596,65979,31852,34127,75403,36232,39171,65975,31773,34202,37697,18188,19509,9425,4473,4952,
47150,37709,18110,19599,65986,31856,34130,75411,36233,39178,65982,31775,34207,37701,18191,19510,9426,4473,4953,
47155,37713,18112,19601,65993,31857,34136,75419,36237,39182,65989,31780,34209,37705,18191,19514,9427,4474,4953,
47160,37717,18114,19603,66000,31860,34140,75427,36242,39185,65996,31781,34215,37709,18193,19516,9428,4474,4954,
47165,37721,18117,19604,66007,31865,34142,75435,36244,39191,66003,31783,34220,37713,18194,19519,9429,4474,4955,
47170,37725,18117,19608,66014,31867,34147,75443,36246,39197,66010,31788,34222,37717,18195,19522,9430,4474,4956,
47175,37729,18119,19610,66021,31870,34151,75451,36251,39200,66017,31789,34228,37721,18197,19524,9431,4475,4956,
47180,37733,18120,19613,66028,31876,34152,75459,36255,39204,66024,31792,34232,37725,18200,19525,9432,4475,4957,
47185,37737,18123,19614,66035,31881,34154,75467,36259,39208,66031,31795,34236,37729,18203,19526,9433,4475,4958,
47190,37741,18125,19616,66042,31883,34159,75475,36261,39214,66038,31799,34239,37733,18205,19528,9434,4476,4958,
47195,37745,18126,19619,66049,31887,34162,75483,36266,39217,66045,31805,34240,37737,18206,19531,9435,4476,4959,
47200,37749,18128,19621,66056,31891,34165,75491,36272,39219,66052,31806,34246,37741,18208,19533,9436,4476,4960,
47205,37753,18132,19621,66063,31895,34168,75499,36274,39225,66059,31809,34250,37745,18211,19534,9437,4477,4960,
47210,37757,18133,19624,66070,31895,34175,75507,36277,39230,66066,31815,34251,37749,18214,19535,9438,4478,4960,
47215,37761,18134,19627,66077,31895,34182,75515,36281,39234,66073,31818,34255,37753,18215,19538,9439,4478,4961,
47220,37765,18135,19630,66084,31900,34184,75523,36283,39240,66080,31821,34259,37757,18217,19540,9440,4479,4961,
47225,37769,18135,19634,66091,31904,34187,75531,36286,39245,66087,31825,34262,37761,18219,19542,9441,4479,4962,
47230,37773,18137,19636,66098,31909,34189,75539,36292,39247,66094,31831,34263,37765,18221,19544,9442,4479,4963,
47235,37777,18138,19639,66105,31910,34195,75547,36295,39252,66101,31832,34269,37769,18224,19545,9443,4480,4963,
47240,37781,18140,19641,66112,31913,34199,75555,36300,39255,66108,31835,34273,37773,18226,19547,9444,4480,4964,
47245,37785,18142,19643,66119,31915,34204,75563,36303,39260,66115,31839,34276,37777,18229,19548,9445,4480,4965,
47250,37789,18142,19647,66126,31918,34208,75571,36306,39265,66122,31843,34279,37781,18232,19549,9446,4480,4966,
47255,37793,18146,19647,66133,31922,34211,75579,36310,39269,66129,31847,34282,37785,18234,19551,9447,4480,4967,
47260,37797,18148,19649,66140,31928,34212,75587,36313,39274,66136,31850,34286,37789,18235,19554,9448,4481,4967,
47265,37801,18152,19649,66147,31930,34217,75595,36314,39281,66143,31852,34291,37793,18238,19555,9449,4481,4968,
47270,37805,18155,19650,66154,31935,34219,75603,36318,39285,66150,31854,34296,37797,18239,19558,9450,4481,4969,
47275,37809,18158,19651,66161,31937,34224,75611,36325,39286,66157,31856,34301,37801,18241,19560,9451,4482,4969,
47280,37813,18160,19653,66168,31942,34226,75619,36331,39288,66164,31858,34306,37805,18244,19561,9452,4483,4969,
47285,37817,18161,19656,66175,31946,34229,75627,36335,39292,66171,31860,34311,37809,18246,19563,9453,4483,4970,
47290,37821,18163,19658,66182,31948,34234,75635,36337,39298,66178,31862,34316,37813,18248,19565,9454,4483,4971,
47295,37825,18164,19661,66189,31952,34237,75643,36342,39301,66185,31867,34318,37817,18251,19566,9455,4483,4972,
47300,37829,18165,19664,66196,31954,34242,75651,36345,39306,66192,31869,34323,37821,18253,19568,9456,4484,4972,
47305,37833,18165,19668,66203,31956,34247,75659,36349,39310,66199,31873,34326,37825,18254,19571,9457,4484,4973,
47310,37837,18167,19670,66210,31958,34252,75667,36353,39314,66206,31878,34328,37829,18256,19573,9458,4485,4973,
47315,37841,18167,19674,66217,31959,34258,75675,36358,39317,66213,31884,34329,37833,18256,19577,9459,4485,4974,
47320,37845,18169,19676,66224,31959,34265,75683,36360,39323,66220,31887,34333,37837,18257,19580,9460,4485,4975,
47325,37849,18173,19676,66231,31962,34269,75691,36365,39326,66227,31889,34338,37841,18259,19582,9461,4486,4975,
47330,37853,18175,19678,66238,31964,34274,75699,36372,39327,66234,31894,34340,37845,18262,19583,9462,4486,4976,
47335,37857,18178,19679,66245,31967,34278,75707,36375,39332,66241,31898,34343,37849,18262,19587,9463,4487,4976,
47340,37861,18178,19683,66252,31968,34284,75715,36378,39337,66248,31900,34348,37853,18264,19589,9464,4488,4976,
47345,37865,18179,19686,66259,31970,34289,75723,36382,39341,66255,31903,34352,37857,18268,19589,9465,4489,4976,
47350,37869,18180,19689,66266,31972,34294,75731,36386,39345,66262,31907,34355,37861,18271,19590,9466,4489,4977,
47355,37873,18183,19690,66273,31975,34298,75739,36390,39349,66269,31910,34359,37865,18275,19590,9467,4489,4978,
47360,37877,18185,19692,66280,31979,34301,75747,36393,39354,66276,31912,34364,37869,18277,19592,9468,4489,4979,
47365,37881,18188,19693,66287,31979,34308,75755,36399,39356,66283,31915,34368,37873,18280,19593,9469,4489,4980,
47370,37885,18191,19694,66294,31983,34311,75763,36403,39360,66290,31917,34373,37877,18281,19596,9470,4490,4980,
47375,37889,18193,19696,66301,31986,34315,75771,36409,39362,66297,31919,34378,37881,18282,19599,9471,4491,4980,
47380,37893,18194,19699,66308,31990,34318,75779,36413,39366,66304,31922,34382,37885,18285,19600,9472,4491,4981,
47385,37897,18197,19700,66315,31995,34320,75787,36418,39369,66311,31926,34385,37889,18287,19602,9473,4492,4981,
47390,37901,18198,19703,66322,31998,34324,75795,36423,39372,66318,31931,34387,37893,18290,19603,9474,4493,4981,
47395,37905,18199,19706,66329,32001,34328,75803,36427,39376,66325,31935,34390,37897,18292,19605,9475,4493,4982,
47400,37909,18202,19707,66336,32003,34333,75811,36431,39380,66332,31937,34395,37901,18293,19608,9476,4494,4982,
47405,37913,18205,19708,66343,32005,34338,75819,36438,39381,66339,31941,34398,37905,18294,19611,9477,4494,4983,
47410,37917,18207,19710,66350,32009,34341,75827,36444,39383,66346,31945,34401,37909,18294,19615,9478,4495,4983,
47415,37921,18207,19714,66357,32012,34345,75835,36446,39389,66353,31947,34406,37913,18296,19617,9479,4496,4983,
47420,37925,18209,19716,66364,32015,34349,75843,36452,39391,66360,31949,34411,37917,18297,19620,9480,4496,4984,
47425,37929,18212,19717,66371,32015,34356,75851,36454,39397,66367,31952,34415,37921,18299,19622,9481,4496,4985,
47430,37933,18215,19718,66378,32017,34361,75859,36459,39400,66374,31955,34419,37925,18301,19624,9482,4496,4986,
47435,37937,18217,19720,66385,32020,34365,75867,36465,39402,66381,31957,34424,37929,18304,19625,9483,4497,4986,
47440,37941,18218,19723,66392,32026,34366,75875,36467,39408,66388,31959,34429,37933,18307,19626,9484,4498,4986,
47445,37945,18219,19726,66399,32030,34369,75883,36469,39414,66395,31963,34432,37937,18310,19627,9485,4498,4987,
47450,37949,18221,19728,66406,32035,34371,75891,36471,39420,66402,31969,34433,37941,18310,19631,9486,4499,4987,
47455,37953,18224,19729,66413,32039,34374,75899,36475,39424,66409,31974,34435,37945,18314,19631,9487,4499,4988,
47460,37957,18225,19732,66420,32041,34379,75907,36479,39428,66416,31975,34441,37949,18315,19634,9488,4499,4989,
47465,37961,18227,19734,66427,32043,34384,75915,36482,39433,66423,31981,34442,37953,18316,19637,9489,4499,4990,
47470,37965,18230,19735,66434,32047,34387,75923,36488,39435,66430,31984,34446,37957,18319,19638,9490,4500,4990,
47475,37969,18233,19736,66441,32052,34389,75931,36490,39441,66437,31988,34449,37961,18320,19641,9491,4501,4990,
47480,37973,18235,19738,66448,32054,34394,75939,36495,39444,66444,31990,34454,37965,18321,19644,9492,4501,4991,
47485,37977,18239,19738,66455,32056,34399,75947,36501,39446,66451,31992,34459,37969,18323,19646,9493,4501,4992,
47490,37981,18243,19738,66462,32059,34403,75955,36504,39451,66458,31996,34462,37973,18327,19646,9494,4502,4992,
47495,37985,18245,19740,66469,32061,34408,75963,36511,39452,66465,31999,34466,37977,18330,19647,9495,4502,4993,
47500,37989,18248,19741,66476,32062,34414,75971,36515,39456,66472,32004,34468,37981,18332,19649,9496,4502,4994,
47505,37993,18251,19742,66483,32065,34418,75979,36518,39461,66479,32007,34472,37985,18334,19651,9497,4503,4994,
47510,37997,18253,19744,66490,32068,34422,75987,36520,39467,66486,32009,34477,37989,18335,19654,9498,4504,4994,
47515,38001,18253,19748,66497,32073,34424,75995,36525,39470,66493,32012,34481,37993,18337,19656,9499,4505,4994,
47520,38005,18255,19750,66504,32077,34427,76003,36529,39474,66500,32017,34483,37997,18339,19658,9500,4506,4994,
47525,38009,18256,19753,66511,32080,34431,76011,36535,39476,66507,32022,34485,38001,18343,19658,9501,4507,4994,
47530,38013,18259,19754,66518,32084,34434,76019,36539,39480,66514,32024,34490,38005,18345,19660,9502,4508,4994,
47535,38017,18260,19757,66525,32087,34438,76027,36541,39486,66521,32026,34495,38009,18348,19661,9503,4509,4994,
47540,38021,18263,19758,66532,32090,34442,76035,36544,39491,66528,32031,34497,38013,18349,19664,9504,4509,4995,
47545,38025,18265,19760,66539,32093,34446,76043,36547,39496,66535,32036,34499,38017,18350,19667,9505,4510,4995,
47550,38029,18267,19762,66546,32096,34450,76051,36549,39502,66542,32040,34502,38021,18351,19670,9506,4510,4996,
47555,38033,18268,19765,66553,32100,34453,76059,36553,39506,66549,32043,34506,38025,18352,19673,9507,4510,4997,
47560,38037,18270,19767,66560,32103,34457,76067,36558,39509,66556,32044,34512,38029,18353,19676,9508,4511,4997,
47565,38041,18271,19770,66567,32105,34462,76075,36562,39513,66563,32046,34517,38033,18355,19678,9509,4512,4997,
47570,38045,18274,19771,66574,32109,34465,76083,36565,39518,66570,32049,34521,38037,18357,19680,9510,4512,4998,
47575,38049,18276,19773,66581,32112,34469,76091,36566,39525,66577,32052,34525,38041,18359,19682,9511,4512,4999,
47580,38053,18279,19774,66588,32114,34474,76099,36572,39527,66584,32055,34529,38045,18359,19686,9512,4512,5000,
47585,38057,18282,19775,66595,32117,34478,76107,36579,39528,66591,32057,34534,38049,18359,19690,9513,4513,5000,
47590,38061,18286,19775,66602,32121,34481,76115,36581,39534,66598,32061,34537,38053,18363,19690,9514,4513,5001,
47595,38065,18288,19777,66609,32123,34486,76123,36585,39538,66605,32064,34541,38057,18366,19691,9515,4513,5002,
47600,38069,18292,19777,66616,32127,34489,76131,36592,39539,66612,32066,34546,38061,18367,19694,9516,4514,5002,
47605,38073,18295,19778,66623,32130,34493,76139,36597,39542,66619,32069,34550,38065,18368,19697,9517,4515,5002,
47610,38077,18298,19779,66630,32135,34495,76147,36602,39545,66626,32074,34552,38069,18370,19699,9518,4515,5003,
47615,38081,18300,19781,66637,32138,34499,76155,36605,39550,66633,32078,34555,38073,18372,19701,9519,4515,5004,
47620,38085,18304,19781,66644,32141,34503,76163,36609,39554,66640,32081,34559,38077,18373,19704,9520,4515,5005,
47625,38089,18307,19782,66651,32145,34506,76171,36615,39556,66647,32085,34562,38081,18374,19707,9521,4516,5005,
47630,38093,18310,19783,66658,32150,34508,76179,36617,39562,66654,32088,34566,38085,18375,19710,9522,4516,5006,
47635,38097,18311,19786,66665,32154,34511,76187,36620,39567,66661,32090,34571,38089,18379,19710,9523,4517,5006,
47640,38101,18314,19787,66672,32158,34514,76195,36625,39570,66668,32094,34574,38093,18381,19712,9524,4518,5006,
47645,38105,18316,19789,66679,32162,34517,76203,36630,39573,66675,32097,34578,38097,18382,19715,9525,4518,5007,
47650,38109,18317,19792,66686,32165,34521,76211,36633,39578,66682,32102,34580,38101,18384,19717,9526,4519,5007,
47655,38113,18319,19794,66693,32170,34523,76219,36637,39582,66689,32107,34582,38105,18387,19718,9527,4520,5007,
47660,38117,18320,19797,66700,32175,34525,76227,36640,39587,66696,32110,34586,38109,18390,19719,9528,4520,5008,
47665,38121,18322,19799,66707,32176,34531,76235,36642,39593,66703,32112,34591,38113,18392,19721,9529,4520,5009,
47670,38125,18324,19801,66714,32177,34537,76243,36648,39595,66710,32115,34595,38117,18393,19724,9530,4520,5010,
47675,38129,18327,19802,66721,32181,34540,76251,36653,39598,66717,32119,34598,38121,18396,19725,9531,4521,5010,
47680,38133,18329,19804,66728,32185,34543,76259,36657,39602,66724,32122,34602,38125,18397,19728,9532,4521,5011,
47685,38137,18332,19805,66735,32188,34547,76267,36660,39607,66731,32126,34605,38129,18401,19728,9533,4522,5011,
47690,38141,18333,19808,66742,32191,34551,76275,36662,39613,66738,32128,34610,38133,18402,19731,9534,4522,5012,
47695,38145,18334,19811,66749,32194,34555,76283,36665,39618,66745,32131,34614,38137,18404,19733,9535,4522,5013,
47700,38149,18336,19813,66756,32197,34559,76291,36669,39622,66752,32135,34617,38141,18406,19735,9536,4522,5014,
47705,38153,18337,19816,66763,32199,34564,76299,36672,39627,66759,32139,34620,38145,18408,19737,9537,4523,5014,
47710,38157,18338,19819,66770,32202,34568,76307,36673,39634,66766,32140,34626,38149,18410,19739,9538,4523,5015,
47715,38161,18340,19821,66777,32205,34572,76315,36676,39639,66773,32143,34630,38153,18412,19741,9539,4523,5016,
47720,38165,18342,19823,66784,32209,34575,76323,36680,39643,66780,32147,34633,38157,18415,19742,9540,4523,5017,
47725,38169,18344,19825,66791,32211,34580,76331,36684,39647,66787,32151,34636,38161,18417,19744,9541,4523,5018,
47730,38173,18347,19826,66798,32214,34584,76339,36687,39652,66794,32156,34638,38165,18418,19747,9542,4523,5019,
47735,38177,18349,19828,66805,32216,34589,76347,36694,39653,66801,32160,34641,38169,18418,19751,9543,4524,5019,
47740,38181,18350,19831,66812,32220,34592,76355,36698,39657,66808,32164,34644,38173,18421,19752,9544,4525,5019,
47745,38185,18350,19835,66819,32223,34596,76363,36703,39660,66815,32166,34649,38177,18422,19755,9545,4525,5020,
47750,38189,18352,19837,66826,32227,34599,76371,36706,39665,66822,32170,34652,38181,18423,19758,9546,4525,5021,
47755,38193,18354,19839,66833,32231,34602,76379,36711,39668,66829,32173,34656,38185,18425,19760,9547,4526,5021,
47760,38197,18354,19843,66840,32233,34607,76387,36712,39675,66836,32178,34658,38189,18425,19764,9548,4527,5021,
47765,38201,18356,19845,66847,32234,34613,76395,36715,39680,66843,32181,34662,38193,18425,19768,9549,4528,5021,
47770,38205,18358,19847,66854,32236,34618,76403,36719,39684,66850,32185,34665,38197,18428,19769,9550,4529,5021,
47775,38209,18360,19849,66861,32241,34620,76411,36725,39686,66857,32186,34671,38201,18431,19770,9551,4530,5021,
47780,38213,18362,19851,66868,32245,34623,76419,36729,39690,66864,32188,34676,38205,18433,19772,9552,4530,5022,
47785,38217,18364,19853,66875,32248,34627,76427,36732,39695,66871,32192,34679,38209,18435,19774,9553,4530,5023,
47790,38221,18367,19854,66882,32249,34633,76435,36735,39700,66878,32196,34682,38213,18435,19778,9554,4530,5024,
47795,38225,18369,19856,66889,32251,34638,76443,36740,39703,66885,32200,34685,38217,18437,19780,9555,4531,5024,
47800,38229,18371,19858,66896,32253,34643,76451,36747,39704,66892,32202,34690,38221,18438,19783,9556,4532,5024,
47805,38233,18373,19860,66903,32258,34645,76459,36750,39709,66899,32207,34692,38225,18442,19783,9557,4532,5025,
47810,38237,18375,19862,66910,32263,34647,76467,36754,39713,66906,32212,34694,38229,18444,19785,9558,4533,5025,
47815,38241,18377,19864,66917,32269,34648,76475,36757,39718,66913,32215,34698,38233,18445,19788,9559,4534,5025,
47820,38245,18380,19865,66924,32272,34652,76483,36761,39722,66920,32218,34702,38237,18449,19788,9560,4534,5026,
47825,38249,18381,19868,66931,32277,34654,76491,36767,39724,66927,32221,34706,38241,18451,19790,9561,4535,5026,
47830,38253,18382,19871,66938,32282,34656,76499,36770,39729,66934,32223,34711,38245,18454,19791,9562,4536,5026,
47835,38257,18385,19872,66945,32284,34661,76507,36772,39735,66941,32226,34715,38249,18456,19793,9563,4537,5026,
47840,38261,18385,19876,66952,32288,34664,76515,36775,39740,66948,32230,34718,38253,18457,19796,9564,4538,5026,
47845,38265,18388,19877,66959,32292,34667,76523,36779,39744,66955,32235,34720,38257,18458,19799,9565,4539,5026,
47850,38269,18389,19880,66966,32295,34671,76531,36784,39747,66962,32238,34724,38261,18460,19801,9566,4539,5027,
47855,38273,18393,19880,66973,32301,34672,76539,36786,39753,66969,32240,34729,38265,18462,19803,9567,4539,5028,
47860,38277,18395,19882,66980,32306,34674,76547,36792,39755,66976,32243,34733,38269,18464,19805,9568,4539,5029,
47865,38281,18397,19884,66987,32309,34678,76555,36795,39760,66983,32246,34737,38273,18466,19807,9569,4539,5030,
47870,38285,18400,19885,66994,32311,34683,76563,36801,39762,66990,32249,34741,38277,18469,19808,9570,4540,5030,
47875,38289,18402,19887,67001,32317,34684,76571,36805,39766,66997,32253,34744,38281,18471,19810,9571,4540,5031,
47880,38293,18404,19889,67008,32319,34689,76579,36809,39770,67004,32256,34748,38285,18473,19812,9572,4540,5032,
47885,38297,18408,19889,67015,32321,34694,76587,36814,39773,67011,32257,34754,38289,18477,19812,9573,4541,5032,
47890,38301,18410,19891,67022,32325,34697,76595,36816,39779,67018,32261,34757,38293,18480,19813,9574,4541,5033,
47895,38305,18411,19894,67029,32327,34702,76603,36818,39785,67025,32266,34759,38297,18482,19815,9575,4541,5034,
47900,38309,18412,19897,67036,32330,34706,76611,36822,39789,67032,32269,34763,38301,18484,19817,9576,4541,5035,
47905,38313,18413,19900,67043,32333,34710,76619,36828,39791,67039,32272,34767,38305,18486,19819,9577,4541,5036,
47910,38317,18415,19902,67050,32337,34713,76627,36833,39794,67046,32277,34769,38309,18489,19820,9578,4542,5036,
47915,38321,18417,19904,67057,32340,34717,76635,36835,39800,67053,32281,34772,38313,18491,19822,9579,4542,5037,
47920,38325,18419,19906,67064,32345,34719,76643,36840,39803,67060,32286,34774,38317,18493,19824,9580,4543,5037,
47925,38329,18422,19907,67071,32350,34721,76651,36843,39808,67067,32290,34777,38321,18495,19826,9581,4543,5038,
47930,38333,18423,19910,67078,32353,34725,76659,36847,39812,67074,32294,34780,38325,18497,19828,9582,4544,5038,
47935,38337,18426,19911,67085,32356,34729,76667,36851,39816,67081,32296,34785,38329,18497,19832,9583,4545,5038,
47940,38341,18428,19913,67092,32360,34732,76675,36855,39820,67088,32298,34790,38333,18498,19835,9584,4546,5038,
47945,38345,18429,19916,67099,32360,34739,76683,36857,39826,67095,32301,34794,38337,18499,19838,9585,4546,5039,
47950,38349,18431,19918,67106,32365,34741,76691,36860,39831,67102,32304,34798,38341,18502,19839,9586,4546,5040,
47955,38353,18431,19922,67113,32370,34743,76699,36864,39835,67109,32308,34801,38345,18503,19842,9587,4546,5041,
47960,38357,18432,19925,67120,32375,34745,76707,36868,39839,67116,32311,34805,38349,18505,19844,9588,4546,5042,
47965,38361,18435,19926,67127,32376,34751,76715,36872,39843,67123,32313,34810,38353,18507,19846,9589,4546,5043,
47970,38365,18437,19928,67134,32380,34754,76723,36877,39846,67130,32317,34813,38357,18509,19848,9590,4547,5043,
47975,38369,18439,19930,67141,32381,34760,76731,36881,39850,67137,32320,34817,38361,18512,19849,9591,4548,5043,
47980,38373,18442,19931,67148,32384,34764,76739,36885,39854,67144,32324,34820,38365,18514,19851,9592,4549,5043,
47985,38377,18444,19933,67155,32386,34769,76747,36889,39858,67151,32327,34824,38369,18516,19853,9593,4550,5043,
47990,38381,18447,19934,67162,32391,34771,76755,36895,39860,67158,32328,34830,38373,18518,19855,9594,4550,5044,
47995,38385,18449,19936,67169,32395,34774,76763,36896,39867,67165,32330,34835,38377,18519,19858,9595,4551,5044,
48000,38389,18451,19938,67176,32397,34779,76771,36902,39869,67172,32333,34839,38381,18521,19860,9596,4551,5045,
48005,38393,18452,19941,67183,32400,34783,76779,36906,39873,67179,32338,34841,38385,18524,19861,9597,4552,5045,
48010,38397,18454,19943,67190,32402,34788,76787,36912,39875,67186,32344,34842,38389,18527,19862,9598,4553,5045,
48015,38401,18455,19946,67197,32405,34792,76795,36917,39878,67193,32345,34848,38393,18530,19863,9599,4553,5046,
48020,38405,18457,19948,67204,32406,34798,76803,36918,39885,67200,32351,34849,38397,18532,19865,9600,4553,5047,
48025,38409,18460,19949,67211,32409,34802,76811,36924,39887,67207,32354,34853,38401,18533,19868,9601,4554,5047,
48030,38413,18461,19952,67218,32415,34803,76819,36927,39892,67214,32358,34856,38405,18536,19869,9602,4555,5047,
48035,38417,18463,19954,67225,32416,34809,76827,36932,39895,67221,32360,34861,38409,18537,19872,9603,4556,5047,
48040,38421,18467,19954,67232,32420,34812,76835,36936,39899,67228,32364,34864,38413,18539,19874,9604,4557,5047,
48045,38425,18471,19954,67239,32426,34813,76843,36940,39903,67235,32365,34870,38417,18542,19875,9605,4558,5047,
48050,38429,18473,19956,67246,32431,34815,76851,36944,39907,67242,32368,34874,38421,18542,19879,9606,4559,5047,
48055,38433,18474,19959,67253,32433,34820,76859,36947,39912,67249,32372,34877,38425,18545,19880,9607,4559,5048,
48060,38437,18477,19960,67260,32435,34825,76867,36951,39916,67256,32375,34881,38429,18548,19881,9608,4560,5048,
48065,38441,18479,19962,67267,32438,34829,76875,36954,39921,67263,32381,34882,38433,18550,19883,9609,4560,5049,
48070,38445,18480,19965,67274,32442,34832,76883,36959,39924,67270,32384,34886,38437,18551,19886,9610,4561,5049,
48075,38449,18483,19966,67281,32445,34836,76891,36965,39926,67277,32387,34890,38441,18553,19888,9611,4562,5049,
48080,38453,18485,19968,67288,32450,34838,76899,36971,39928,67284,32392,34892,38445,18554,19891,9612,4562,5050,
48085,38457,18487,19970,67295,32454,34841,76907,36974,39933,67291,32396,34895,38449,18556,19893,9613,4563,5050,
48090,38461,18488,19973,67302,32458,34844,76915,36979,39936,67298,32400,34898,38453,18559,19894,9614,4563,5051,
48095,38465,18489,19976,67309,32461,34848,76923,36983,39940,67305,32403,34902,38457,18561,19896,9615,4563,5052,
48100,38469,18491,19978,67316,32466,34850,76931,36989,39942,67312,32406,34906,38461,18563,19898,9616,4564,5052,
48105,38473,18491,19982,67323,32472,34851,76939,36992,39947,67319,32408,34911,38465,18567,19898,9617,4565,5052,
48110,38477,18495,19982,67330,32474,34856,76947,36996,39951,67326,32412,34914,38469,18568,19901,9618,4565,5053,
48115,38481,18498,19983,67337,32475,34862,76955,36999,39956,67333,32414,34919,38473,18571,19902,9619,4565,5054,
48120,38485,18501,19984,67344,32478,34866,76963,37003,39960,67340,32416,34924,38477,18573,19904,9620,4566,5054,
48125,38489,18505,19984,67351,32480,34871,76971,37006,39965,67347,32418,34929,38481,18575,19906,9621,4567,5054,
48130,38493,18507,19986,67358,32484,34874,76979,37012,39967,67354,32422,34932,38485,18577,19908,9622,4567,5055,
48135,38497,18509,19988,67365,32486,34879,76987,37013,39974,67361,32426,34935,38489,18578,19911,9623,4567,5056,
48140,38501,18509,19992,67372,32488,34884,76995,37016,39979,67368,32432,34936,38493,18580,19913,9624,4567,5057,
48145,38505,18511,19994,67379,32491,34888,77003,37019,39984,67375,32437,34938,38497,18583,19914,9625,4568,5057,
48150,38509,18513,19996,67386,32496,34890,77011,37022,39989,67382,32441,34941,38501,18585,19916,9626,4569,5057,
48155,38513,18515,19998,67393,32499,34894,77019,37029,39990,67389,32444,34945,38505,18587,19918,9627,4570,5057,
48160,38517,18516,20001,67400,32505,34895,77027,37031,39996,67396,32446,34950,38509,18589,19920,9628,4570,5058,
48165,38521,18518,20003,67407,32507,34900,77035,37036,39999,67403,32448,34955,38513,18591,19922,9629,4570,5059,
48170,38525,18518,20007,67414,32509,34905,77043,37041,40002,67410,32451,34959,38517,18593,19924,9630,4571,5059,
48175,38529,18520,20009,67421,32514,34907,77051,37044,40007,67417,32456,34961,38521,18596,19925,9631,4572,5059,
48180,38533,18522,20011,67428,32515,34913,77059,37047,40012,67424,32460,34964,38525,18600,19925,9632,4573,5059,
48185,38537,18524,20013,67435,32519,34916,77067,37051,40016,67431,32463,34968,38529,18601,19928,9633,4574,5059,
48190,38541,18526,20015,67442,32522,34920,77075,37056,40019,67438,32468,34970,38533,18604,19929,9634,4574,5060,
48195,38545,18527,20018,67449,32524,34925,77083,37061,40022,67445,32468,34977,38537,18607,19930,9635,4575,5060,
48200,38549,18529,20020,67456,32526,34930,77091,37064,40027,67452,32468,34984,38541,18608,19933,9636,4576,5060,
48205,38553,18531,20022,67463,32528,34935,77099,37068,40031,67459,32471,34988,38545,18610,19935,9637,4577,5060,
48210,38557,18532,20025,67470,32534,34936,77107,37072,40035,67466,32474,34992,38549,18612,19937,9638,4577,5061,
48215,38561,18534,20027,67477,32538,34939,77115,37075,40040,67473,32479,34994,38553,18614,19939,9639,4578,5061,
48220,38565,18537,20028,67484,32543,34941,77123,37078,40045,67480,32481,34999,38557,18616,19941,9640,4578,5062,
48225,38569,18539,20030,67491,32548,34943,77131,37082,40049,67487,32484,35003,38561,18618,19943,9641,4578,5063,
48230,38573,18541,20032,67498,32553,34945,77139,37083,40056,67494,32486,35008,38565,18621,19944,9642,4579,5063,
48235,38577,18542,20035,67505,32557,34948,77147,37085,40062,67501,32490,35011,38569,18623,19946,9643,4579,5064,
48240,38581,18542,20039,67512,32562,34950,77155,37091,40064,67508,32493,35015,38573,18625,19948,9644,4579,5065,
48245,38585,18545,20040,67519,32565,34954,77163,37094,40069,67515,32496,35019,38577,18625,19952,9645,4580,5065,
48250,38589,18548,20041,67526,32566,34960,77171,37097,40074,67522,32501,35021,38581,18628,19953,9646,4581,5065,
48255,38593,18548,20045,67533,32569,34964,77179,37098,40081,67529,32504,35025,38585,18630,19955,9647,4581,5066,
48260,38597,18549,20048,67540,32572,34968,77187,37101,40086,67536,32506,35030,38589,18631,19958,9648,4582,5066,
48265,38601,18550,20051,67547,32577,34970,77195,37102,40093,67543,32510,35033,38593,18634,19959,9649,4582,5067,
48270,38605,18553,20052,67554,32581,34973,77203,37106,40097,67550,32514,35036,38597,18634,19963,9650,4583,5067,
48275,38609,18554,20055,67561,32585,34976,77211,37110,40101,67557,32517,35040,38601,18635,19966,9651,4584,5067,
48280,38613,18555,20058,67568,32589,34979,77219,37112,40107,67564,32521,35043,38605,18637,19968,9652,4585,5067,
48285,38617,18557,20060,67575,32591,34984,77227,37116,40111,67571,32525,35046,38609,18639,19970,9653,4586,5067,
48290,38621,18559,20062,67582,32596,34986,77235,37118,40117,67578,32529,35049,38613,18642,19971,9654,4586,5068,
48295,38625,18561,20064,67589,32598,34991,77243,37125,40118,67585,32533,35052,38617,18643,19974,9655,4587,5068,
48300,38629,18562,20067,67596,32604,34992,77251,37127,40124,67592,32538,35054,38621,18643,19978,9656,4587,5069,
48305,38633,18565,20068,67603,32609,34994,77259,37132,40127,67599,32542,35057,38625,18647,19978,9657,4588,5069,
48310,38637,18566,20071,67610,32612,34998,77267,37134,40133,67606,32544,35062,38629,18651,19978,9658,4589,5069,
48315,38641,18567,20074,67617,32616,35001,77275,37136,40139,67613,32545,35068,38633,18655,19978,9659,4589,5070,
48320,38645,18569,20076,67624,32619,35005,77283,37139,40144,67620,32548,35072,38637,18657,19980,9660,4589,5071,
48325,38649,18570,20079,67631,32623,35008,77291,37143,40148,67627,32549,35078,38641,18660,19981,9661,4589,5072,
48330,38653,18571,20082,67638,32626,35012,77299,37147,40152,67634,32553,35081,38645,18660,19985,9662,4590,5072,
48335,38657,18574,20083,67645,32628,35017,77307,37152,40155,67641,32557,35084,38649,18664,19985,9663,4591,5072,
48340,38661,18575,20086,67652,32631,35021,77315,37154,40161,67648,32561,35087,38653,18667,19986,9664,4592,5072,
48345,38665,18576,20089,67659,32634,35025,77323,37160,40163,67655,32564,35091,38657,18668,19989,9665,4592,5073,
48350,38669,18577,20092,67666,32636,35030,77331,37164,40167,67662,32568,35094,38661,18669,19992,9666,4593,5073,
48355,38673,18580,20093,67673,32640,35033,77339,37167,40172,67669,32573,35096,38665,18670,19995,9667,4593,5074,
48360,38677,18584,20093,67680,32642,35038,77347,37170,40177,67676,32579,35097,38669,18672,19997,9668,4594,5074,
48365,38681,18586,20095,67687,32644,35043,77355,37174,40181,67683,32582,35101,38673,18673,20000,9669,4595,5074,
48370,38685,18587,20098,67694,32649,35045,77363,37177,40186,67690,32587,35103,38677,18673,20004,9670,4595,5075,
48375,38689,18590,20099,67701,32651,35050,77371,37181,40190,67697,32591,35106,38681,18674,20007,9671,4595,5076,
48380,38693,18593,20100,67708,32654,35054,77379,37183,40196,67704,32596,35108,38685,18677,20008,9672,4596,5076,
48385,38697,18595,20102,67715,32657,35058,77387,37187,40200,67711,32601,35110,38689,18678,20011,9673,4596,5077,
48390,38701,18598,20103,67722,32659,35063,77395,37189,40206,67718,32605,35113,38693,18680,20013,9674,4596,5078,
48395,38705,18600,20105,67729,32664,35065,77403,37192,40211,67725,32609,35116,38697,18681,20016,9675,4597,5078,
48400,38709,18602,20107,67736,32668,35068,77411,37195,40216,67732,32613,35119,38701,18685,20016,9676,4598,5078,
48405,38713,18603,20110,67743,32671,35072,77419,37198,40221,67739,32617,35122,38705,18687,20018,9677,4598,5079,
48410,38717,18605,20112,67750,32675,35075,77427,37201,40226,67746,32619,35127,38709,18688,20021,9678,4598,5080,
48415,38721,18608,20113,67757,32676,35081,77435,37204,40231,67753,32621,35132,38713,18692,20021,9679,4598,5081,
48420,38725,18611,20114,67764,32680,35084,77443,37209,40234,67760,32627,35133,38717,18694,20023,9680,4598,5082,
48425,38729,18611,20118,67771,32683,35088,77451,37210,40241,67767,32630,35137,38721,18694,20027,9681,4598,5083,
48430,38733,18613,20120,67778,32687,35091,77459,37214,40245,67774,32635,35139,38725,18695,20030,9682,4598,5084,
48435,38737,18615,20122,67785,32688,35097,77467,37218,40249,67781,32639,35142,38729,18695,20034,9683,4598,5085,
48440,38741,18615,20126,67792,32691,35101,77475,37222,40253,67788,32640,35148,38733,18698,20035,9684,4598,5086,
48445,38745,18616,20129,67799,32692,35107,77483,37226,40257,67795,32644,35151,38737,18700,20037,9685,4599,5086,
48450,38749,18618,20131,67806,32696,35110,77491,37231,40260,67802,32648,35154,38741,18703,20038,9686,4600,5086,
48455,38753,18620,20133,67813,32700,35113,77499,37234,40265,67809,32651,35158,38745,18706,20039,9687,4600,5087,
48460,38757,18622,20135,67820,32704,35116,77507,37237,40270,67816,32654,35162,38749,18708,20041,9688,4601,5087,
48465,38761,18624,20137,67827,32709,35118,77515,37242,40273,67823,32659,35164,38753,18710,20043,9689,4601,5088,
48470,38765,18626,20139,67834,32711,35123,77523,37246,40277,67830,32663,35167,38757,18712,20045,9690,4601,5089,
48475,38769,18628,20141,67841,32712,35129,77531,37250,40281,67837,32668,35169,38761,18713,20048,9691,4601,5090,
48480,38773,18630,20143,67848,32713,35135,77539,37253,40286,67844,32673,35171,38765,18716,20049,9692,4601,5091,
48485,38777,18633,20144,67855,32715,35140,77547,37256,40291,67851,32677,35174,38769,18719,20050,9693,4601,5092,
48490,38781,18633,20148,67862,32719,35143,77555,37260,40295,67858,32681,35177,38773,18722,20051,9694,4601,5093,
48495,38785,18634,20151,67869,32722,35147,77563,37263,40300,67865,32685,35180,38777,18724,20053,9695,4602,5093,
48500,38789,18636,20153,67876,32728,35148,77571,37268,40303,67872,32687,35185,38781,18727,20054,9696,4602,5094,
48505,38793,18636,20157,67883,32732,35151,77579,37271,40308,67879,32690,35189,38785,18729,20056,9697,4603,5094,
48510,38797,18638,20159,67890,32734,35156,77587,37275,40312,67886,32691,35195,38789,18730,20059,9698,4603,5095,
48515,38801,18639,20162,67897,32739,35158,77595,37278,40317,67893,32696,35197,38793,18734,20059,9699,4604,5095,
48520,38805,18640,20165,67904,32744,35160,77603,37280,40323,67900,32698,35202,38797,18735,20062,9700,4604,5096,
48525,38809,18642,20167,67911,32748,35163,77611,37283,40328,67907,32703,35204,38801,18736,20065,9701,4605,5096,
48530,38813,18644,20169,67918,32752,35166,77619,37286,40333,67914,32708,35206,38805,18736,20069,9702,4605,5097,
48535,38817,18646,20171,67925,32754,35171,77627,37291,40336,67921,32710,35211,38809,18737,20072,9703,4605,5098,
48540,38821,18647,20174,67932,32757,35175,77635,37293,40342,67928,32713,35215,38813,18737,20076,9704,4605,5099,
48545,38825,18649,20176,67939,32760,35179,77643,37294,40349,67935,32715,35220,38817,18739,20078,9705,4606,5099,
48550,38829,18652,20177,67946,32765,35181,77651,37299,40352,67942,32716,35226,38821,18740,20081,9706,4606,5100,
48555,38833,18656,20177,67953,32768,35185,77659,37302,40357,67949,32720,35229,38825,18742,20083,9707,4607,5100,
48560,38837,18659,20178,67960,32772,35188,77667,37304,40363,67956,32721,35235,38829,18744,20085,9708,4608,5100,
48565,38841,18660,20181,67967,32775,35192,77675,37306,40369,67963,32724,35239,38833,18745,20088,9709,4608,5101,
48570,38845,18662,20183,67974,32781,35193,77683,37311,40372,67970,32727,35243,38837,18748,20089,9710,4608,5102,
48575,38849,18664,20185,67981,32785,35196,77691,37314,40377,67977,32731,35246,38841,18749,20092,9711,4609,5102,
48580,38853,18667,20186,67988,32787,35201,77699,37318,40381,67984,32736,35248,38845,18751,20094,9712,4609,5103,
48585,38857,18669,20188,67995,32792,35203,77707,37321,40386,67991,32738,35253,38849,18754,20095,9713,4609,5104,
48590,38861,18672,20189,68002,32798,35204,77715,37326,40389,67998,32740,35258,38853,18757,20096,9714,4609,5105,
48595,38865,18674,20191,68009,32802,35207,77723,37332,40391,68005,32744,35261,38857,18759,20098,9715,4609,5106,
48600,38869,18676,20193,68016,32807,35209,77731,37334,40397,68012,32748,35264,38861,18763,20098,9716,4609,5107,
48605,38873,18678,20195,68023,32812,35211,77739,37338,40401,68019,32753,35266,38865,18765,20100,9717,4610,5107,
48610,38877,18679,20198,68030,32816,35214,77747,37344,40403,68026,32754,35272,38869,18767,20102,9718,4611,5107,
48615,38881,18680,20201,68037,32819,35218,77755,37348,40407,68033,32758,35275,38873,18769,20104,9719,4611,5108,
48620,38885,18681,20204,68044,32822,35222,77763,37354,40409,68040,32760,35280,38877,18770,20107,9720,4612,5108,
48625,38889,18684,20205,68051,32825,35226,77771,37360,40411,68047,32762,35285,38881,18772,20109,9721,4612,5109,
48630,38893,18687,20206,68058,32829,35229,77779,37364,40415,68054,32766,35288,38885,18774,20111,9722,4613,5109,
48635,38897,18689,20208,68065,32830,35235,77787,37368,40419,68061,32772,35289,38889,18774,20115,9723,4614,5109,
48640,38901,18691,20210,68072,32835,35237,77795,37373,40422,68068,32777,35291,38893,18776,20117,9724,4614,5110,
48645,38905,18692,20213,68079,32839,35240,77803,37378,40425,68075,32780,35295,38897,18778,20119,9725,4614,5111,
48650,38909,18694,20215,68086,32842,35244,77811,37381,40430,68082,32781,35301,38901,18779,20122,9726,4614,5112,
48655,38913,18698,20215,68093,32846,35247,77819,37384,40435,68089,32783,35306,38905,18780,20125,9727,4614,5113,
48660,38917,18701,20216,68100,32848,35252,77827,37388,40439,68096,32787,35309,38909,18781,20128,9728,4614,5114,
48665,38921,18702,20219,68107,32852,35255,77835,37392,40443,68103,32787,35316,38913,18783,20130,9729,4614,5115,
48670,38925,18705,20220,68114,32855,35259,77843,37397,40446,68110,32792,35318,38917,18786,20131,9730,4615,5115,
48675,38929,18708,20221,68121,32859,35262,77851,37401,40450,68117,32794,35323,38921,18788,20133,9731,4615,5116,
48680,38933,18708,20225,68128,32861,35267,77859,37406,40453,68124,32797,35327,38925,18790,20135,9732,4616,5116,
48685,38937,18709,20228,68135,32866,35269,77867,37408,40459,68131,32801,35330,38929,18793,20136,9733,4616,5117,
48690,38941,18710,20231,68142,32868,35274,77875,37412,40463,68138,32803,35335,38933,18795,20138,9734,4617,5117,
48695,38945,18713,20232,68149,32871,35278,77883,37415,40468,68145,32806,35339,38937,18796,20141,9735,4617,5118,
48700,38949,18715,20234,68156,32876,35280,77891,37418,40473,68152,32811,35341,38941,18798,20143,9736,4617,5119,
48705,38953,18717,20236,68163,32881,35282,77899,37422,40477,68159,32814,35345,38945,18800,20145,9737,4618,5119,
48710,38957,18720,20237,68170,32885,35285,77907,37424,40483,68166,32816,35350,38949,18803,20146,9738,4619,5119,
48715,38961,18721,20240,68177,32886,35291,77915,37428,40487,68173,32818,35355,38953,18804,20149,9739,4619,5120,
48720,38965,18723,20242,68184,32890,35294,77923,37431,40492,68180,32820,35360,38957,18807,20150,9740,4620,5120,
48725,38969,18725,20244,68191,32892,35299,77931,37437,40494,68187,32824,35363,38961,18811,20150,9741,4620,5121,
48730,38973,18729,20244,68198,32893,35305,77939,37440,40499,68194,32829,35365,38965,18813,20152,9742,4620,5122,
48735,38977,18731,20246,68205,32896,35309,77947,37442,40505,68201,32832,35369,38969,18813,20156,9743,4621,5122,
48740,38981,18733,20248,68212,32898,35314,77955,37446,40509,68208,32836,35372,38973,18816,20157,9744,4622,5122,
48745,38985,18734,20251,68219,32901,35318,77963,37451,40512,68215,32839,35376,38977,18817,20160,9745,4622,5123,
48750,38989,18737,20252,68226,32905,35321,77971,37457,40514,68222,32843,35379,38981,18819,20162,9746,4623,5123,
48755,38993,18738,20255,68233,32907,35326,77979,37462,40517,68229,32848,35381,38985,18822,20163,9747,4624,5123,
48760,38997,18739,20258,68240,32911,35329,77987,37465,40522,68236,32852,35384,38989,18823,20166,9748,4624,5124,
48765,39001,18741,20260,68247,32912,35335,77995,37469,40526,68243,32853,35390,38993,18823,20170,9749,4624,5125,
48770,39005,18745,20260,68254,32914,35340,78003,37471,40532,68250,32858,35392,38997,18824,20173,9750,4624,5126,
48775,39009,18747,20262,68261,32919,35342,78011,37478,40533,68257,32859,35398,39001,18826,20175,9751,4625,5126,
48780,39013,18749,20264,68268,32923,35345,78019,37483,40536,68264,32864,35400,39005,18828,20177,9752,4626,5126,
48785,39017,18752,20265,68275,32928,35347,78027,37487,40540,68271,32868,35403,39009,18831,20178,9753,4626,5127,
48790,39021,18754,20267,68282,32930,35352,78035,37491,40544,68278,32871,35407,39013,18832,20181,9754,4626,5128,
48795,39025,18757,20268,68289,32933,35356,78043,37495,40548,68285,32875,35410,39017,18834,20183,9755,4627,5128,
48800,39029,18759,20270,68296,32934,35362,78051,37498,40553,68292,32881,35411,39021,18835,20186,9756,4627,5129,
48805,39033,18761,20272,68303,32936,35367,78059,37504,40555,68299,32885,35414,39025,18837,20188,9757,4628,5129,
48810,39037,18764,20273,68310,32940,35370,78067,37509,40558,68306,32890,35416,39029,18839,20190,9758,4628,5130,
48815,39041,18767,20274,68317,32943,35374,78075,37514,40561,68313,32892,35421,39033,18841,20192,9759,4629,5130,
48820,39045,18768,20277,68324,32946,35378,78083,37519,40564,68320,32896,35424,39037,18842,20195,9760,4630,5130,
48825,39049,18768,20281,68331,32948,35383,78091,37523,40568,68327,32898,35429,39041,18843,20198,9761,4630,5131,
48830,39053,18772,20281,68338,32952,35386,78099,37528,40571,68334,32905,35429,39045,18846,20199,9762,4631,5131,
48835,39057,18774,20283,68345,32955,35390,78107,37531,40576,68341,32907,35434,39049,18847,20202,9763,4631,5132,
48840,39061,18776,20285,68352,32958,35394,78115,37533,40582,68348,32912,35436,39053,18849,20204,9764,4631,5133,
48845,39065,18777,20288,68359,32960,35399,78123,37537,40586,68355,32915,35440,39057,18850,20207,9765,4631,5134,
48850,39069,18778,20291,68366,32966,35400,78131,37540,40591,68362,32917,35445,39061,18852,20209,9766,4631,5135,
48855,39073,18780,20293,68373,32969,35404,78139,37542,40597,68369,32920,35449,39065,18853,20212,9767,4631,5136,
48860,39077,18784,20293,68380,32972,35408,78147,37546,40601,68376,32923,35453,39069,18855,20214,9768,4631,5137,
48865,39081,18786,20295,68387,32975,35412,78155,37549,40606,68383,32928,35455,39073,18859,20214,9769,4631,5138,
48870,39085,18789,20296,68394,32978,35416,78163,37550,40613,68390,32932,35458,39077,18861,20216,9770,4631,5139,
48875,39089,18790,20299,68401,32981,35420,78171,37554,40617,68397,32936,35461,39081,18865,20216,9771,4632,5139,
48880,39093,18791,20302,68408,32984,35424,78179,37556,40623,68404,32938,35466,39085,18867,20218,9772,4632,5140,
48885,39097,18794,20303,68415,32989,35426,78187,37562,40625,68411,32943,35468,39089,18868,20221,9773,4632,5141,
48890,39101,18797,20304,68422,32990,35432,78195,37566,40629,68418,32944,35474,39093,18871,20222,9774,4633,5141,
48895,39105,18799,20306,68429,32995,35434,78203,37571,40632,68425,32946,35479,39097,18874,20223,9775,4633,5142,
48900,39109,18802,20307,68436,33000,35436,78211,37573,40638,68432,32950,35482,39101,18876,20225,9776,4634,5142,
48905,39113,18806,20307,68443,33004,35439,78219,37579,40640,68439,32953,35486,39105,18878,20227,9777,4634,5143,
48910,39117,18808,20309,68450,33007,35443,78227,37583,40644,68446,32958,35488,39109,18880,20229,9778,4635,5143,
48915,39121,18810,20311,68457,33009,35448,78235,37586,40649,68453,32962,35491,39113,18882,20231,9779,4635,5144,
48920,39125,18812,20313,68464,33013,35451,78243,37590,40653,68460,32969,35491,39117,18883,20234,9780,4636,5144,
48925,39129,18813,20316,68471,33018,35453,78251,37592,40659,68467,32971,35496,39121,18884,20237,9781,4637,5144,
48930,39133,18816,20317,68478,33020,35458,78259,37596,40663,68474,32975,35499,39125,18887,20238,9782,4637,5145,
48935,39137,18818,20319,68485,33022,35463,78267,37599,40668,68481,32976,35505,39129,18888,20241,9783,4637,5146,
48940,39141,18820,20321,68492,33025,35467,78275,37603,40672,68488,32980,35508,39133,18889,20244,9784,4638,5146,
48945,39145,18821,20324,68499,33029,35470,78283,37607,40676,68495,32983,35512,39137,18893,20244,9785,4639,5146,
48950,39149,18822,20327,68506,33033,35473,78291,37614,40677,68502,32987,35515,39141,18894,20247,9786,4639,5147,
48955,39153,18825,20328,68513,33036,35477,78299,37618,40681,68509,32991,35518,39145,18894,20251,9787,4640,5147,
48960,39157,18826,20331,68520,33040,35480,78307,37625,40682,68516,32995,35521,39149,18896,20253,9788,4640,5148,
48965,39161,18827,20334,68527,33043,35484,78315,37629,40686,68523,33000,35523,39153,18897,20256,9789,4641,5148,
48970,39165,18829,20336,68534,33046,35488,78323,37634,40689,68530,33004,35526,39157,18899,20258,9790,4642,5148,
48975,39169,18830,20339,68541,33051,35490,78331,37636,40695,68537,33006,35531,39161,18900,20261,9791,4642,5149,
48980,39173,18830,20343,68548,33055,35493,78339,37640,40699,68544,33012,35532,39165,18903,20262,9792,4643,5149,
48985,39177,18833,20344,68555,33058,35497,78347,37645,40702,68551,33016,35535,39169,18905,20264,9793,4643,5150,
48990,39181,18836,20345,68562,33061,35501,78355,37649,40706,68558,33019,35539,39173,18908,20265,9794,4643,5151,
48995,39185,18837,20348,68569,33064,35505,78363,37651,40712,68565,33023,35542,39177,18911,20266,9795,4644,5151,
49000,39189,18840,20349,68576,33068,35508,78371,37656,40715,68572,33028,35544,39181,18912,20269,9796,4645,5151,
49005,39193,18842,20351,68583,33071,35512,78379,37659,40720,68579,33031,35548,39185,18913,20272,9797,4645,5152,
49010,39197,18844,20353,68590,33076,35514,78387,37662,40725,68586,33035,35551,39189,18914,20275,9798,4646,5152,
49015,39201,18845,20356,68597,33078,35519,78395,37666,40729,68593,33039,35554,39193,18916,20277,9799,4646,5153,
49020,39205,18846,20359,68604,33080,35524,78403,37670,40733,68600,33042,35558,39197,18918,20279,9800,4646,5154,
49025,39209,18848,20361,68611,33085,35526,78411,37676,40735,68607,33044,35563,39201,18920,20281,9801,4646,5155,
49030,39213,18850,20363,68618,33088,35530,78419,37682,40737,68614,33046,35568,39205,18921,20284,9802,4647,5155,
49035,39217,18854,20363,68625,33090,35535,78427,37689,40738,68621,33049,35572,39209,18922,20287,9803,4648,5155,
49040,39221,18857,20364,68632,33092,35540,78435,37692,40743,68628,33055,35573,39213,18926,20287,9804,4649,5155,
49045,39225,18859,20366,68639,33098,35541,78443,37695,40748,68635,33060,35575,39217,18928,20289,9805,4649,5156,
49050,39229,18860,20369,68646,33101,35545,78451,37698,40753,68642,33063,35579,39221,18928,20293,9806,4650,5156,
49055,39233,18862,20371,68653,33102,35551,78459,37704,40755,68649,33067,35582,39225,18930,20295,9807,4650,5157,
49060,39237,18863,20374,68660,33102,35558,78467,37706,40761,68656,33071,35585,39229,18933,20296,9808,4651,5157,
49065,39241,18866,20375,68667,33104,35563,78475,37710,40765,68663,33074,35589,39233,18935,20298,9809,4651,5158,
49070,39245,18869,20376,68674,33106,35568,78483,37713,40770,68670,33077,35593,39237,18937,20300,9810,4651,5159,
49075,39249,18873,20376,68681,33111,35570,78491,37715,40776,68677,33081,35596,39241,18938,20303,9811,4652,5159,
49080,39253,18874,20379,68688,33112,35576,78499,37721,40778,68684,33084,35600,39245,18942,20303,9812,4652,5160,
49085,39257,18877,20380,68695,33116,35579,78507,37722,40785,68691,33088,35603,39249,18943,20306,9813,4653,5160,
49090,39261,18877,20384,68702,33121,35581,78515,37726,40789,68698,33090,35608,39253,18944,20309,9814,4654,5160,
49095,39265,18879,20386,68709,33124,35585,78523,37728,40795,68705,33092,35613,39257,18947,20310,9815,4654,5161,
49100,39269,18881,20388,68716,33125,35591,78531,37733,40798,68712,33096,35616,39261,18947,20314,9816,4654,5162,
49105,39273,18882,20391,68723,33129,35594,78539,37737,40802,68719,33098,35621,39265,18950,20315,9817,4655,5162,
49110,39277,18885,20392,68730,33131,35599,78547,37740,40807,68726,33099,35627,39269,18953,20316,9818,4656,5162,
49115,39281,18886,20395,68737,33134,35603,78555,37743,40812,68733,33104,35629,39273,18953,20320,9819,4656,5163,
49120,39285,18887,20398,68744,33136,35608,78563,37747,40816,68740,33107,35633,39277,18954,20323,9820,4657,5163,
49125,39289,18888,20401,68751,33140,35611,78571,37750,40821,68747,33113,35634,39281,18957,20324,9821,4657,5164,
49130,39293,18892,20401,68758,33143,35615,78579,37756,40823,68754,33118,35636,39285,18958,20327,9822,4657,5165,
49135,39297,18893,20404,68765,33148,35617,78587,37761,40826,68761,33119,35642,39289,18959,20330,9823,4658,5165,
49140,39301,18895,20406,68772,33150,35622,78595,37766,40829,68768,33123,35645,39293,18959,20334,9824,4659,5165,
49145,39305,18897,20408,68779,33153,35626,78603,37770,40833,68775,33127,35648,39297,18962,20335,9825,4659,5166,
49150,39309,18899,20410,68786,33156,35630,78611,37774,40837,68782,33130,35652,39301,18963,20338,9826,4660,5166,
49155,39313,18901,20412,68793,33160,35633,78619,37776,40843,68789,33134,35655,39305,18966,20339,9827,4660,5167,
49160,39317,18902,20415,68800,33163,35637,78627,37779,40848,68796,33138,35658,39309,18967,20342,9828,4661,5167,
49165,39321,18905,20416,68807,33167,35640,78635,37784,40851,68803,33142,35661,39313,18969,20344,9829,4662,5167,
49170,39325,18906,20419,68814,33170,35644,78643,37788,40855,68810,33144,35666,39317,18972,20345,9830,4663,5167,
49175,39329,18909,20420,68821,33174,35647,78651,37793,40858,68817,33146,35671,39321,18975,20346,9831,4664,5167,
49180,39333,18911,20422,68828,33178,35650,78659,37799,40860,68824,33150,35674,39325,18977,20348,9832,4664,5168,
49185,39337,18914,20423,68835,33182,35653,78667,37801,40866,68831,33154,35677,39329,18981,20348,9833,4665,5168,
49190,39341,18916,20425,68842,33185,35657,78675,37803,40872,68838,33157,35681,39333,18982,20351,9834,4665,5169,
49195,39345,18917,20428,68849,33188,35661,78683,37809,40874,68845,33160,35685,39337,18984,20353,9835,4665,5170,
49200,39349,18918,20431,68856,33192,35664,78691,37813,40878,68852,33161,35691,39341,18985,20356,9836,4666,5170,
49205,39353,18922,20431,68863,33195,35668,78699,37819,40880,68859,33166,35693,39345,18986,20359,9837,4667,5170,
49210,39357,18923,20434,68870,33196,35674,78707,37821,40886,68866,33170,35696,39349,18988,20361,9838,4667,5171,
49215,39361,18923,20438,68877,33198,35679,78715,37826,40889,68873,33173,35700,39353,18990,20363,9839,4667,5172,
49220,39365,18925,20440,68884,33202,35682,78723,37831,40892,68880,33176,35704,39357,18991,20366,9840,4668,5172,
49225,39369,18927,20442,68891,33206,35685,78731,37833,40898,68887,33179,35708,39361,18993,20368,9841,4668,5173,
49230,39373,18929,20444,68898,33208,35690,78739,37836,40903,68894,33183,35711,39365,18994,20371,9842,4668,5174,
49235,39377,18932,20445,68905,33211,35694,78747,37840,40907,68901,33186,35715,39369,18996,20373,9843,4668,5175,
49240,39381,18935,20446,68912,33217,35695,78755,37843,40912,68908,33187,35721,39373,18999,20374,9844,4669,5175,
49245,39385,18938,20447,68919,33218,35701,78763,37847,40916,68915,33192,35723,39377,19002,20375,9845,4670,5175,
49250,39389,18939,20450,68926,33221,35705,78771,37850,40921,68922,33195,35727,39381,19004,20377,9846,4671,5175,
49255,39393,18940,20453,68933,33224,35709,78779,37853,40926,68929,33197,35732,39385,19007,20378,9847,4671,5176,
49260,39397,18943,20454,68940,33229,35711,78787,37855,40932,68936,33201,35735,39389,19010,20379,9848,4672,5176,
49265,39401,18945,20456,68947,33232,35715,78795,37859,40936,68943,33206,35737,39393,19012,20381,9849,4673,5176,
49270,39405,18947,20458,68954,33236,35718,78803,37862,40941,68950,33212,35738,39397,19014,20383,9850,4673,5177,
49275,39409,18949,20460,68961,33241,35720,78811,37864,40947,68957,33215,35742,39401,19015,20386,9851,4674,5177,
49280,39413,18951,20462,68968,33246,35722,78819,37866,40953,68964,33218,35746,39405,19017,20388,9852,4674,5178,
49285,39417,18953,20464,68975,33252,35723,78827,37869,40958,68971,33223,35748,39409,19018,20391,9853,4675,5178,
49290,39421,18954,20467,68982,33258,35724,78835,37873,40962,68978,33226,35752,39413,19020,20393,9854,4676,5178,
49295,39425,18956,20469,68989,33264,35725,78843,37875,40968,68985,33228,35757,39417,19022,20395,9855,4677,5178,
49300,39429,18957,20472,68996,33268,35728,78851,37877,40974,68992,33231,35761,39421,19024,20397,9856,4677,5179,
49305,39433,18959,20474,69003,33272,35731,78859,37882,40977,68999,33235,35764,39425,19027,20398,9857,4677,5180,
49310,39437,18961,20476,69010,33275,35735,78867,37885,40982,69006,33240,35766,39429,19030,20399,9858,4677,5181,
49315,39441,18962,20479,69017,33278,35739,78875,37890,40985,69013,33245,35768,39433,19032,20401,9859,4677,5182,
49320,39445,18963,20482,69024,33281,35743,78883,37895,40988,69020,33247,35773,39437,19033,20404,9860,4677,5183,
49325,39449,18965,20484,69031,33282,35749,78891,37897,40994,69027,33249,35778,39441,19034,20407,9861,4677,5184,
49330,39453,18967,20486,69038,33286,35752,78899,37899,41000,69034,33253,35781,39445,19037,20408,9862,4678,5184,
49335,39457,18968,20489,69045,33290,35755,78907,37905,41002,69041,33255,35786,39449,19039,20410,9863,4679,5184,
49340,39461,18970,20491,69052,33293,35759,78915,37909,41006,69048,33260,35788,39453,19041,20412,9864,4679,5185,
49345,39465,18972,20493,69059,33297,35762,78923,37913,41010,69055,33265,35790,39457,19044,20413,9865,4680,5185,
49350,39469,18972,20497,69066,33300,35766,78931,37918,41013,69062,33268,35794,39461,19046,20415,9866,4681,5185,
49355,39473,18974,20499,69073,33304,35769,78939,37921,41018,69069,33272,35797,39465,19048,20417,9867,4682,5185,
49360,39477,18978,20499,69080,33307,35773,78947,37922,41025,69076,33276,35800,39469,19051,20418,9868,4682,5186,
49365,39481,18978,20503,69087,33311,35776,78955,37927,41028,69083,33278,35805,39473,19053,20420,9869,4683,5186,
49370,39485,18982,20503,69094,33316,35778,78963,37928,41035,69090,33281,35809,39477,19055,20422,9870,4684,5186,
49375,39489,18984,20505,69101,33318,35783,78971,37933,41038,69097,33286,35811,39481,19056,20425,9871,4685,5186,
49380,39493,18987,20506,69108,33321,35787,78979,37939,41040,69104,33288,35816,39485,19058,20427,9872,4685,5187,
49385,39497,18989,20508,69115,33323,35792,78987,37945,41042,69111,33291,35820,39489,19060,20429,9873,4685,5188,
49390,39501,18992,20509,69122,33326,35796,78995,37948,41047,69118,33295,35823,39493,19063,20430,9874,4685,5189,
49395,39505,18993,20512,69129,33330,35799,79003,37950,41053,69125,33298,35827,39497,19066,20431,9875,4686,5189,
49400,39509,18994,20515,69136,33331,35805,79011,37954,41057,69132,33301,35831,39501,19067,20434,9876,4686,5190,
49405,39513,18997,20516,69143,33332,35811,79019,37960,41059,69139,33304,35835,39505,19070,20435,9877,4686,5191,
49410,39517,18998,20519,69150,33338,35812,79027,37966,41061,69146,33308,35838,39509,19072,20437,9878,4686,5192,
49415,39521,19000,20521,69157,33341,35816,79035,37970,41065,69153,33311,35842,39513,19074,20439,9879,4686,5193,
49420,39525,19002,20523,69164,33344,35820,79043,37975,41068,69160,33314,35846,39517,19076,20441,9880,4686,5194,
49425,39529,19004,20525,69171,33349,35822,79051,37978,41073,69167,33317,35850,39521,19077,20444,9881,4687,5194,
49430,39533,19005,20528,69178,33352,35826,79059,37979,41080,69174,33321,35853,39525,19078,20447,9882,4687,5195,
49435,39537,19007,20530,69185,33353,35832,79067,37981,41086,69181,33323,35858,39529,19080,20449,9883,4687,5196,
49440,39541,19009,20532,69192,33356,35836,79075,37984,41091,69188,33327,35861,39533,19083,20450,9884,4688,5196,
49445,39545,19011,20534,69199,33361,35838,79083,37988,41095,69195,33329,35866,39537,19085,20452,9885,4688,5197,
49450,39549,19013,20536,69206,33362,35844,79091,37992,41099,69202,33334,35868,39541,19086,20455,9886,4688,5198,
49455,39553,19015,20538,69213,33366,35847,79099,37997,41102,69209,33338,35871,39545,19088,20457,9887,4689,5198,
49460,39557,19018,20539,69220,33369,35851,79107,38000,41107,69216,33341,35875,39549,19090,20459,9888,4690,5198,
49465,39561,19019,20542,69227,33373,35854,79115,38005,41110,69223,33344,35879,39553,19093,20460,9889,4691,5198,
49470,39565,19021,20544,69234,33376,35858,79123,38010,41113,69230,33346,35884,39557,19094,20463,9890,4691,5199,
49475,39569,19023,20546,69241,33379,35862,79131,38014,41117,69237,33350,35887,39561,19095,20466,9891,4691,5200,
49480,39573,19024,20549,69248,33381,35867,79139,38019,41120,69244,33354,35890,39565,19098,20467,9892,4691,5201,
49485,39577,19027,20550,69255,33386,35869,79147,38024,41123,69251,33356,35895,39569,19101,20468,9893,4692,5201,
49490,39581,19030,20551,69262,33390,35872,79155,38028,41127,69258,33359,35899,39573,19104,20469,9894,4692,5202,
49495,39585,19033,20552,69269,33391,35878,79163,38034,41129,69265,33364,35901,39577,19108,20469,9895,4693,5202,
49500,39589,19034,20555,69276,33397,35879,79171,38037,41134,69272,33368,35904,39581,19111,20470,9896,4694,5202,
49505,39593,19036,20557,69283,33402,35881,79179,38039,41140,69279,33372,35907,39585,19111,20474,9897,4695,5202,
49510,39597,19039,20558,69290,33408,35882,79187,38043,41144,69286,33374,35912,39589,19112,20477,9898,4695,5203,
49515,39601,19039,20562,69297,33413,35884,79195,38046,41149,69293,33376,35917,39593,19114,20479,9899,4695,5204,
49520,39605,19041,20564,69304,33416,35888,79203,38051,41152,69300,33380,35920,39597,19115,20482,9900,4696,5204,
49525,39609,19044,20565,69311,33422,35889,79211,38056,41155,69307,33382,35925,39601,19115,20486,9901,4696,5205,
49530,39613,19044,20569,69318,33427,35891,79219,38060,41159,69314,33387,35927,39605,19116,20489,9902,4696,5206,
49535,39617,19048,20569,69325,33429,35896,79227,38067,41160,69321,33393,35928,39609,19117,20492,9903,4696,5207,
49540,39621,19050,20571,69332,33433,35899,79235,38069,41166,69328,33398,35930,39613,19118,20495,9904,4696,5208,
49545,39625,19052,20573,69339,33436,35903,79243,38074,41169,69335,33402,35933,39617,19122,20495,9905,4697,5208,
49550,39629,19054,20575,69346,33437,35909,79251,38078,41173,69342,33404,35938,39621,19124,20497,9906,4697,5209,
49555,39633,19057,20576,69353,33441,35912,79259,38083,41176,69349,33407,35942,39625,19126,20499,9907,4697,5210,
49560,39637,19060,20577,69360,33445,35915,79267,38084,41183,69356,33411,35945,39629,19128,20501,9908,4698,5210,
49565,39641,19062,20579,69367,33449,35918,79275,38089,41186,69363,33415,35948,39633,19130,20503,9909,4699,5210,
49570,39645,19065,20580,69374,33453,35921,79283,38094,41189,69370,33419,35951,39637,19132,20505,9910,4699,5211,
49575,39649,19067,20582,69381,33455,35926,79291,38101,41190,69377,33423,35954,39641,19134,20507,9911,4699,5212,
49580,39653,19068,20585,69388,33458,35930,79299,38104,41195,69384,33426,35958,39645,19135,20510,9912,4700,5212,
49585,39657,19068,20589,69395,33463,35932,79307,38108,41199,69391,33428,35963,39649,19137,20512,9913,4701,5212,
49590,39661,19069,20592,69402,33468,35934,79315,38114,41201,69398,33433,35965,39653,19139,20514,9914,4702,5212,
49595,39665,19070,20595,69409,33473,35936,79323,38120,41203,69405,33436,35969,39657,19140,20517,9915,4702,5213,
49600,39669,19071,20598,69416,33477,35939,79331,38124,41207,69412,33438,35974,39661,19143,20518,9916,4702,5214,
49605,39673,19074,20599,69423,33482,35941,79339,38127,41212,69419,33440,35979,39665,19145,20520,9917,4702,5215,
49610,39677,19074,20603,69430,33485,35945,79347,38130,41217,69426,33444,35982,39669,19147,20522,9918,4702,5216,
49615,39681,19076,20605,69437,33486,35951,79355,38134,41221,69433,33446,35987,39673,19148,20525,9919,4703,5216,
49620,39685,19077,20608,69444,33489,35955,79363,38139,41224,69440,33450,35990,39677,19150,20527,9920,4704,5216,
49625,39689,19078,20611,69451,33493,35958,79371,38142,41229,69447,33453,35994,39681,19154,20527,9921,4705,5216,
49630,39693,19078,20615,69458,33495,35963,79379,38144,41235,69454,33456,35998,39685,19154,20531,9922,4706,5216,
49635,39697,19080,20617,69465,33498,35967,79387,38149,41238,69461,33457,36004,39689,19155,20534,9923,4706,5217,
49640,39701,19082,20619,69472,33500,35972,79395,38152,41243,69468,33459,36009,39693,19157,20536,9924,4707,5217,
49645,39705,19086,20619,69479,33506,35973,79403,38155,41248,69475,33461,36014,39697,19160,20537,9925,4708,5217,
49650,39709,19088,20621,69486,33509,35977,79411,38158,41253,69482,33464,36018,39701,19163,20538,9926,4708,5218,
49655,39713,19091,20622,69493,33510,35983,79419,38164,41255,69489,33469,36020,39705,19165,20540,9927,4708,5219,
49660,39717,19095,20622,69500,33513,35987,79427,38167,41260,69496,33473,36023,39709,19166,20543,9928,4709,5219,
49665,39721,19096,20625,69507,33517,35990,79435,38168,41267,69503,33476,36027,39713,19168,20545,9929,4710,5219,
49670,39725,19098,20627,69514,33521,35993,79443,38169,41274,69510,33479,36031,39717,19169,20548,9930,4711,5219,
49675,39729,19099,20630,69521,33524,35997,79451,38173,41278,69517,33482,36035,39721,19171,20550,9931,4712,5219,
49680,39733,19099,20634,69528,33529,35999,79459,38177,41282,69524,33486,36038,39725,19171,20554,9932,4712,5220,
49685,39737,19102,20635,69535,33531,36004,79467,38182,41285,69531,33490,36041,39729,19173,20556,9933,4713,5220,
49690,39741,19105,20636,69542,33536,36006,79475,38187,41288,69538,33494,36044,39733,19173,20560,9934,4714,5220,
49695,39745,19106,20639,69549,33536,36013,79483,38192,41291,69545,33499,36046,39737,19174,20563,9935,4715,5220,
49700,39749,19106,20643,69556,33542,36014,79491,38195,41296,69552,33504,36048,39741,19175,20566,9936,4716,5220,
49705,39753,19109,20644,69563,33546,36017,79499,38200,41299,69559,33510,36049,39745,19177,20568,9937,4717,5220,
49710,39757,19110,20647,69570,33549,36021,79507,38205,41302,69566,33514,36052,39749,19179,20570,9938,4717,5221,
49715,39761,19113,20648,69577,33554,36023,79515,38210,41305,69573,33516,36057,39753,19180,20573,9939,4718,5221,
49720,39765,19117,20648,69584,33559,36025,79523,38213,41310,69580,33521,36059,39757,19182,20575,9940,4718,5222,
49725,39769,19118,20651,69591,33559,36032,79531,38216,41315,69587,33526,36061,39761,19184,20577,9941,4718,5223,
49730,39773,19119,20654,69598,33564,36034,79539,38220,41319,69594,33529,36065,39765,19186,20579,9942,4719,5223,
49735,39777,19123,20654,69605,33566,36039,79547,38224,41323,69601,33532,36069,39769,19188,20581,9943,4720,5223,
49740,39781,19124,20657,69612,33572,36040,79555,38228,41327,69608,33537,36071,39773,19189,20584,9944,4720,5224,
49745,39785,19125,20660,69619,33577,36042,79563,38233,41330,69615,33539,36076,39777,19190,20587,9945,4720,5225,
49750,39789,19127,20662,69626,33580,36046,79571,38238,41333,69622,33545,36077,39781,19192,20589,9946,4721,5225,
49755,39793,19130,20663,69633,33585,36048,79579,38243,41336,69629,33546,36083,39785,19193,20592,9947,4721,5226,
49760,39797,19131,20666,69640,33588,36052,79587,38244,41343,69636,33549,36087,39789,19195,20594,9948,4722,5226,
49765,39801,19133,20668,69647,33589,36058,79595,38249,41346,69643,33555,36088,39793,19195,20598,9949,4723,5226,
49770,39805,19135,20670,69654,33592,36062,79603,38255,41348,69650,33559,36091,39797,19197,20600,9950,4723,5227,
49775,39809,19137,20672,69661,33595,36066,79611,38259,41352,69657,33563,36094,39801,19199,20602,9951,4724,5227,
49780,39813,19139,20674,69668,33601,36067,79619,38262,41357,69664,33568,36096,39805,19200,20605,9952,4725,5227,
49785,39817,19143,20674,69675,33604,36071,79627,38266,41361,69671,33572,36099,39809,19202,20607,9953,4726,5227,
49790,39821,19145,20676,69682,33608,36074,79635,38270,41365,69678,33576,36102,39813,19204,20609,9954,4726,5228,
49795,39825,19146,20679,69689,33613,36076,79643,38274,41369,69685,33578,36107,39817,19206,20611,9955,4726,5229,
49800,39829,19148,20681,69696,33616,36080,79651,38276,41375,69692,33581,36111,39821,19208,20613,9956,4726,5230,
49805,39833,19148,20685,69703,33617,36086,79659,38280,41379,69699,33587,36112,39825,19210,20615,9957,4727,5230,
49810,39837,19151,20686,69710,33620,36090,79667,38283,41384,69706,33591,36115,39829,19211,20618,9958,4728,5230,
49815,39841,19152,20689,69717,33624,36093,79675,38286,41389,69713,33593,36120,39833,19213,20620,9959,4729,5230,
49820,39845,19156,20689,69724,33626,36098,79683,38291,41392,69720,33599,36121,39837,19216,20621,9960,4730,5230,
49825,39849,19160,20689,69731,33628,36103,79691,38292,41399,69727,33605,36122,39841,19219,20622,9961,4730,5231,
49830,39853,19163,20690,69738,33630,36108,79699,38293,41406,69734,33611,36123,39845,19220,20625,9962,4730,5232,
49835,39857,19164,20693,69745,33633,36112,79707,38296,41411,69741,33615,36126,39849,19223,20626,9963,4730,5233,
49840,39861,19166,20695,69752,33633,36119,79715,38300,41415,69748,33618,36130,39853,19226,20627,9964,4730,5234,
49845,39865,19166,20699,69759,33638,36121,79723,38303,41420,69755,33622,36133,39857,19230,20627,9965,4731,5234,
49850,39869,19167,20702,69766,33639,36127,79731,38307,41424,69762,33625,36137,39861,19231,20630,9966,4731,5235,
49855,39873,19169,20704,69773,33642,36131,79739,38311,41428,69769,33627,36142,39865,19232,20633,9967,4732,5235,
49860,39877,19171,20706,69780,33646,36134,79747,38315,41432,69776,33631,36145,39869,19234,20635,9968,4733,5235,
49865,39881,19175,20706,69787,33650,36137,79755,38318,41437,69783,33633,36150,39873,19237,20636,9969,4733,5236,
49870,39885,19177,20708,69794,33651,36143,79763,38321,41442,69790,33636,36154,39877,19239,20638,9970,4734,5236,
49875,39889,19179,20710,69801,33656,36145,79771,38324,41447,69797,33640,36157,39881,19242,20639,9971,4734,5237,
49880,39893,19182,20711,69808,33658,36150,79779,38329,41450,69804,33645,36159,39885,19244,20641,9972,4734,5238,
49885,39897,19182,20715,69815,33658,36157,79787,38333,41454,69811,33649,36162,39889,19246,20643,9973,4735,5238,
49890,39901,19183,20718,69822,33661,36161,79795,38335,41460,69818,33651,36167,39893,19248,20645,9974,4735,5239,
49895,39905,19185,20720,69829,33665,36164,79803,38340,41463,69825,33654,36171,39897,19249,20648,9975,4735,5240,
49900,39909,19187,20722,69836,33671,36165,79811,38345,41466,69832,33658,36174,39901,19251,20650,9976,4736,5240,
49905,39913,19190,20723,69843,33673,36170,79819,38347,41472,69839,33660,36179,39905,19254,20651,9977,4737,5240,
49910,39917,19194,20723,69850,33676,36174,79827,38351,41476,69846,33663,36183,39909,19257,20652,9978,4738,5240,
49915,39921,19195,20726,69857,33678,36179,79835,38356,41479,69853,33666,36187,39913,19259,20654,9979,4739,5240,
49920,39925,19197,20728,69864,33682,36182,79843,38361,41482,69860,33668,36192,39917,19261,20656,9980,4739,5241,
49925,39929,19200,20729,69871,33685,36186,79851,38364,41487,69867,33674,36193,39921,19263,20658,9981,4739,5242,
49930,39933,19201,20732,69878,33688,36190,79859,38367,41492,69874,33676,36198,39925,19265,20660,9982,4739,5243,
49935,39937,19202,20735,69885,33691,36194,79867,38371,41496,69881,33679,36202,39929,19268,20661,9983,4740,5243,
49940,39941,19204,20737,69892,33694,36198,79875,38373,41502,69888,33682,36206,39933,19270,20663,9984,4741,5243,
49945,39945,19208,20737,69899,33698,36201,79883,38379,41504,69895,33686,36209,39937,19274,20663,9985,4741,5244,
49950,39949,19212,20737,69906,33702,36204,79891,38384,41507,69902,33690,36212,39941,19276,20665,9986,4741,5245,
49955,39953,19213,20740,69913,33707,36206,79899,38390,41509,69909,33695,36214,39945,19278,20667,9987,4742,5245,
49960,39957,19216,20741,69920,33707,36213,79907,38395,41512,69916,33697,36219,39949,19281,20668,9988,4742,5246,
49965,39961,19218,20743,69927,33710,36217,79915,38400,41515,69923,33701,36222,39953,19283,20670,9989,4742,5247,
49970,39965,19220,20745,69934,33715,36219,79923,38403,41520,69930,33705,36225,39957,19284,20673,9990,4742,5248,
49975,39969,19223,20746,69941,33718,36223,79931,38407,41524,69937,33709,36228,39961,19285,20676,9991,4743,5248,
49980,39973,19224,20749,69948,33721,36227,79939,38412,41527,69944,33713,36231,39965,19286,20679,9992,4744,5248,
49985,39977,19225,20752,69955,33723,36232,79947,38415,41532,69951,33715,36236,39969,19288,20681,9993,4744,5249,
49990,39981,19227,20754,69962,33728,36234,79955,38419,41536,69958,33719,36239,39973,19290,20683,9994,4745,5249,
49995,39985,19228,20757,69969,33731,36238,79963,38424,41539,69965,33721,36244,39977,19292,20685,9995,4745,5250,
50000,39989,19230,20759,69976,33732,36244,79971,38429,41542,69972,33723,36249,39981,19293,20688,9996,4746,5250,
50005,39993,19233,20760,69983,33732,36251,79979,38432,41547,69979,33726,36253,39985,19295,20690,9997,4747,5250,
50010,39997,19235,20762,69990,33734,36256,79987,38436,41551,69986,33729,36257,39989,19297,20692,9998,4747,5251,
50015,40001,19237,20764,69997,33734,36263,79995,38440,41555,69993,33732,36261,39993,19298,20695,9999,4747,5252,
50020,40005,19238,20767,70004,33738,36266,80003,38441,41562,70000,33737,36263,39997,19300,20697,10000,4747,5253,
50025,40009,19239,20770,70011,33741,36270,80011,38446,41565,70007,33740,36267,40001,19301,20700,10001,4748,5253,
50030,40013,19239,20774,70018,33744,36274,80019,38452,41567,70014,33743,36271,40005,19304,20701,10002,4748,5254,
50035,40017,19243,20774,70025,33747,36278,80027,38456,41571,70021,33745,36276,40009,19306,20703,10003,4748,5255,
50040,40021,19245,20776,70032,33751,36281,80035,38463,41572,70028,33748,36280,40013,19307,20706,10004,4749,5255,
50045,40025,19249,20776,70039,33756,36283,80043,38466,41577,70035,33750,36285,40017,19309,20708,10005,4749,5256,
50050,40029,19250,20779,70046,33759,36287,80051,38471,41580,70042,33752,36290,40021,19310,20711,10006,4750,5256,
50055,40033,19253,20780,70053,33762,36291,80059,38474,41585,70049,33753,36296,40025,19312,20713,10007,4750,5257,
50060,40037,19257,20780,70060,33763,36297,80067,38480,41587,70056,33758,36298,40029,19314,20715,10008,4750,5258,
50065,40041,19257,20784,70067,33767,36300,80075,38487,41588,70063,33760,36303,40033,19316,20717,10009,4750,5259,
50070,40045,19258,20787,70074,33771,36303,80083,38491,41592,70070,33762,36308,40037,19317,20720,10010,4750,5260,
50075,40049,19260,20789,70081,33773,36308,80091,38492,41599,70077,33764,36313,40041,19321,20720,10011,4751,5260,
50080,40053,19261,20792,70088,33776,36312,80099,38495,41604,70084,33766,36318,40045,19322,20723,10012,4751,5261,
50085,40057,19263,20794,70095,33778,36317,80107,38498,41609,70091,33770,36321,40049,19325,20724,10013,4751,5262,
50090,40061,19265,20796,70102,33781,36321,80115,38502,41613,70098,33774,36324,40053,19327,20726,10014,4751,5263,
50095,40065,19269,20796,70109,33787,36322,80123,38507,41616,70105,33777,36328,40057,19328,20729,10015,4751,5264,
50100,40069,19271,20798,70116,33792,36324,80131,38512,41619,70112,33780,36332,40061,19330,20731,10016,4751,5265,
50105,40073,19274,20799,70123,33795,36328,80139,38514,41625,70119,33786,36333,40065,19333,20732,10017,4751,5266,
50110,40077,19276,20801,70130,33799,36331,80147,38518,41629,70126,33788,36338,40069,19335,20734,10018,4752,5266,
50115,40081,19279,20802,70137,33803,36334,80155,38521,41634,70133,33793,36340,40073,19337,20736,10019,4752,5267,
50120,40085,19282,20803,70144,33808,36336,80163,38525,41638,70140,33795,36345,40077,19338,20739,10020,4753,5267,
50125,40089,19283,20806,70151,33812,36339,80171,38530,41641,70147,33798,36349,40081,19341,20740,10021,4753,5268,
50130,40093,19286,20807,70158,33815,36343,80179,38534,41645,70154,33799,36355,40085,19344,20741,10022,4754,5268,
50135,40097,19288,20809,70165,33819,36346,80187,38538,41649,70161,33802,36359,40089,19346,20743,10023,4754,5269,
50140,40101,19290,20811,70172,33823,36349,80195,38543,41652,70168,33805,36363,40093,19347,20746,10024,4754,5270,
50145,40105,19291,20814,70179,33825,36354,80203,38548,41655,70175,33809,36366,40097,19348,20749,10025,4754,5271,
50150,40109,19293,20816,70186,33828,36358,80211,38552,41659,70182,33813,36369,40101,19349,20752,10026,4755,5271,
50155,40113,19295,20818,70193,33833,36360,80219,38555,41664,70189,33814,36375,40105,19349,20756,10027,4756,5271,
50160,40117,19297,20820,70200,33835,36365,80227,38558,41669,70196,33817,36379,40109,19352,20757,10028,4757,5271,
50165,40121,19297,20824,70207,33840,36367,80235,38561,41674,70203,33824,36379,40113,19353,20760,10029,4758,5271,
50170,40125,19298,20827,70214,33846,36368,80243,38563,41680,70210,33830,36380,40117,19355,20762,10030,4759,5271,
50175,40129,19300,20829,70221,33850,36371,80251,38567,41684,70217,33834,36383,40121,19356,20765,10031,4759,5272,
50180,40133,19303,20830,70228,33855,36373,80259,38572,41687,70224,33838,36386,40125,19359,20766,10032,4760,5272,
50185,40137,19306,20831,70235,33858,36377,80267,38575,41692,70231,33839,36392,40129,19360,20769,10033,4760,5273,
50190,40141,19308,20833,70242,33859,36383,80275,38580,41695,70238,33840,36398,40133,19363,20770,10034,4761,5273,
50195,40145,19310,20835,70249,33861,36388,80283,38587,41696,70245,33842,36403,40137,19365,20772,10035,4762,5273,
50200,40149,19313,20836,70256,33865,36391,80291,38591,41700,70252,33846,36406,40141,19367,20774,10036,4763,5273,
50205,40153,19314,20839,70263,33868,36395,80299,38594,41705,70259,33850,36409,40145,19368,20777,10037,4764,5273,
50210,40157,19315,20842,70270,33871,36399,80307,38600,41707,70266,33853,36413,40149,19370,20779,10038,4765,5273,
50215,40161,19316,20845,70277,33876,36401,80315,38605,41710,70273,33856,36417,40153,19371,20782,10039,4765,5274,
50220,40165,19318,20847,70284,33880,36404,80323,38610,41713,70280,33862,36418,40157,19372,20785,10040,4766,5274,
50225,40169,19321,20848,70291,33882,36409,80331,38613,41718,70287,33865,36422,40161,19375,20786,10041,4767,5274,
50230,40173,19323,20850,70298,33886,36412,80339,38616,41723,70294,33869,36425,40165,19376,20789,10042,4767,5275,
50235,40177,19323,20854,70305,33890,36415,80347,38618,41729,70301,33871,36430,40169,19378,20791,10043,4767,5276,
50240,40181,19324,20857,70312,33894,36418,80355,38620,41735,70308,33875,36433,40173,19380,20793,10044,4767,5277,
50245,40185,19327,20858,70319,33898,36421,80363,38625,41738,70315,33880,36435,40177,19381,20796,10045,4767,5278,
50250,40189,19329,20860,70326,33901,36425,80371,38628,41743,70322,33882,36440,40181,19382,20799,10046,4768,5278,
50255,40193,19330,20863,70333,33907,36426,80379,38630,41749,70329,33883,36446,40185,19384,20801,10047,4769,5278,
50260,40197,19332,20865,70340,33907,36433,80387,38635,41752,70336,33886,36450,40189,19385,20804,10048,4769,5279,
50265,40201,19334,20867,70347,33912,36435,80395,38640,41755,70343,33889,36454,40193,19385,20808,10049,4770,5279,
50270,40205,19336,20869,70354,33915,36439,80403,38644,41759,70350,33890,36460,40197,19386,20811,10050,4771,5279,
50275,40209,19340,20869,70361,33919,36442,80411,38650,41761,70357,33893,36464,40201,19389,20812,10051,4771,5280,
50280,40213,19341,20872,70368,33922,36446,80419,38656,41763,70364,33897,36467,40205,19391,20814,10052,4772,5280,
50285,40217,19345,20872,70375,33925,36450,80427,38663,41764,70371,33899,36472,40209,19393,20816,10053,4773,5280,
50290,40221,19345,20876,70382,33927,36455,80435,38668,41767,70378,33904,36474,40213,19394,20819,10054,4774,5280,
50295,40225,19347,20878,70389,33931,36458,80443,38673,41770,70385,33908,36477,40217,19396,20821,10055,4774,5281,
50300,40229,19349,20880,70396,33934,36462,80451,38676,41775,70392,33912,36480,40221,19398,20823,10056,4774,5282,
50305,40233,19351,20882,70403,33938,36465,80459,38681,41778,70399,33915,36484,40225,19401,20824,10057,4774,5283,
50310,40237,19354,20883,70410,33944,36466,80467,38685,41782,70406,33920,36486,40229,19405,20824,10058,4774,5284,
50315,40241,19356,20885,70417,33947,36470,80475,38688,41787,70413,33923,36490,40233,19406,20827,10059,4774,5285,
50320,40245,19359,20886,70424,33952,36472,80483,38689,41794,70420,33924,36496,40237,19409,20828,10060,4774,5286,
50325,40249,19362,20887,70431,33953,36478,80491,38695,41796,70427,33928,36499,40241,19412,20829,10061,4775,5286,
50330,40253,19364,20889,70438,33956,36482,80499,38700,41799,70434,33931,36503,40245,19415,20830,10062,4776,5286,
50335,40257,19366,20891,70445,33960,36485,80507,38705,41802,70441,33934,36507,40249,19417,20832,10063,4776,5287,
50340,40261,19369,20892,70452,33965,36487,80515,38711,41804,70448,33938,36510,40253,19419,20834,10064,4777,5287,
50345,40265,19370,20895,70459,33968,36491,80523,38715,41808,70455,33943,36512,40257,19420,20837,10065,4777,5288,
50350,40269,19371,20898,70466,33973,36493,80531,38720,41811,70462,33946,36516,40261,19423,20838,10066,4778,5288,
50355,40273,19372,20901,70473,33977,36496,80539,38723,41816,70469,33952,36517,40265,19424,20841,10067,4778,5289,
50360,40277,19372,20905,70480,33981,36499,80547,38730,41817,70476,33955,36521,40269,19426,20843,10068,4779,5289,
50365,40281,19376,20905,70487,33986,36501,80555,38731,41824,70483,33957,36526,40273,19429,20844,10069,4780,5289,
50370,40285,19376,20909,70494,33988,36506,80563,38736,41827,70490,33963,36527,40277,19429,20848,10070,4780,5290,
50375,40289,19378,20911,70501,33991,36510,80571,38741,41830,70497,33968,36529,40281,19430,20851,10071,4781,5290,
50380,40293,19380,20913,70508,33993,36515,80579,38744,41835,70504,33972,36532,40285,19430,20855,10072,4781,5291,
50385,40297,19380,20917,70515,33998,36517,80587,38749,41838,70511,33976,36535,40289,19434,20855,10073,4781,5292,
50390,40301,19381,20920,70522,34001,36521,80595,38752,41843,70518,33981,36537,40293,19437,20856,10074,4781,5293,
50395,40305,19383,20922,70529,34005,36524,80603,38757,41846,70525,33985,36540,40297,19439,20858,10075,4782,5293,
50400,40309,19385,20924,70536,34009,36527,80611,38762,41849,70532,33987,36545,40301,19443,20858,10076,4782,5294,
50405,40313,19387,20926,70543,34010,36533,80619,38763,41856,70539,33989,36550,40305,19444,20861,10077,4783,5294,
50410,40317,19388,20929,70550,34013,36537,80627,38767,41860,70546,33992,36554,40309,19444,20865,10078,4784,5294,
50415,40321,19388,20933,70557,34019,36538,80635,38772,41863,70553,33995,36558,40313,19447,20866,10079,4784,5295,
50420,40325,19391,20934,70564,34022,36542,80643,38775,41868,70560,33999,36561,40317,19450,20867,10080,4784,5296,
50425,40329,19394,20935,70571,34026,36545,80651,38776,41875,70567,34001,36566,40321,19452,20869,10081,4785,5296,
50430,40333,19396,20937,70578,34029,36549,80659,38779,41880,70574,34005,36569,40325,19452,20873,10082,4786,5296,
50435,40337,19398,20939,70585,34032,36553,80667,38782,41885,70581,34009,36572,40329,19455,20874,10083,4786,5297,
50440,40341,19399,20942,70592,34036,36556,80675,38785,41890,70588,34012,36576,40333,19455,20878,10084,4786,5298,
50445,40345,19401,20944,70599,34040,36559,80683,38788,41895,70595,34017,36578,40337,19456,20881,10085,4786,5299,
50450,40349,19403,20946,70606,34042,36564,80691,38791,41900,70602,34020,36582,40341,19457,20884,10086,4787,5299,
50455,40353,19405,20948,70613,34045,36568,80699,38794,41905,70609,34023,36586,40345,19459,20886,10087,4787,5300,
50460,40357,19408,20949,70620,34048,36572,80707,38796,41911,70616,34026,36590,40349,19461,20888,10088,4788,5300,
50465,40361,19410,20951,70627,34049,36578,80715,38800,41915,70623,34027,36596,40353,19463,20890,10089,4789,5300,
50470,40365,19413,20952,70634,34052,36582,80723,38805,41918,70630,34033,36597,40357,19466,20891,10090,4789,5301,
50475,40369,19416,20953,70641,34057,36584,80731,38810,41921,70637,34036,36601,40361,19467,20894,10091,4790,5301,
50480,40373,19419,20954,70648,34061,36587,80739,38814,41925,70644,34038,36606,40365,19469,20896,10092,4790,5302,
50485,40377,19421,20956,70655,34066,36589,80747,38816,41931,70651,34040,36611,40369,19470,20899,10093,4790,5303,
50490,40381,19422,20959,70662,34072,36590,80755,38821,41934,70658,34042,36616,40373,19472,20901,10094,4791,5303,
50495,40385,19424,20961,70669,34076,36593,80763,38822,41941,70665,34045,36620,40377,19473,20904,10095,4791,5304,
50500,40389,19427,20962,70676,34078,36598,80771,38826,41945,70672,34050,36622,40381,19476,20905,10096,4791,5305,
50505,40393,19428,20965,70683,34081,36602,80779,38831,41948,70679,34055,36624,40385,19476,20909,10097,4791,5306,
50510,40397,19429,20968,70690,34085,36605,80787,38833,41954,70686,34058,36628,40389,19479,20910,10098,4791,5307,
50515,40401,19431,20970,70697,34088,36609,80795,38837,41958,70693,34062,36631,40393,19480,20913,10099,4791,5308,
50520,40405,19434,20971,70704,34092,36612,80803,38842,41961,70700,34065,36635,40397,19483,20914,10100,4791,5309,
50525,40409,19435,20974,70711,34094,36617,80811,38845,41966,70707,34070,36637,40401,19485,20916,10101,4792,5309,
50530,40413,19437,20976,70718,34096,36622,80819,38849,41970,70714,34072,36642,40405,19489,20916,10102,4793,5309,
50535,40417,19438,20979,70725,34101,36624,80827,38854,41973,70721,34074,36647,40409,19491,20918,10103,4793,5310,
50540,40421,19440,20981,70732,34105,36627,80835,38856,41979,70728,34077,36651,40413,19493,20920,10104,4793,5311,
50545,40425,19441,20984,70739,34108,36631,80843,38860,41983,70735,34081,36654,40417,19496,20921,10105,4794,5311,
50550,40429,19444,20985,70746,34110,36636,80851,38864,41987,70742,34087,36655,40421,19499,20922,10106,4795,5311,
50555,40433,19448,20985,70753,34112,36641,80859,38867,41992,70749,34091,36658,40425,19501,20924,10107,4795,5312,
50560,40437,19449,20988,70760,34117,36643,80867,38871,41996,70756,34093,36663,40429,19504,20925,10108,4796,5312,
50565,40441,19450,20991,70767,34121,36646,80875,38874,42001,70763,34099,36664,40433,19507,20926,10109,4797,5312,
50570,40445,19451,20994,70774,34122,36652,80883,38878,42005,70770,34102,36668,40437,19508,20929,10110,4797,5313,
50575,40449,19453,20996,70781,34126,36655,80891,38881,42010,70777,34105,36672,40441,19510,20931,10111,4798,5313,
50580,40453,19456,20997,70788,34130,36658,80899,38887,42012,70784,34109,36675,40445,19510,20935,10112,4798,5314,
50585,40457,19457,21000,70795,34136,36659,80907,38890,42017,70791,34114,36677,40449,19512,20937,10113,4798,5315,
50590,40461,19459,21002,70802,34139,36663,80915,38896,42019,70798,34121,36677,40453,19514,20939,10114,4798,5316,
50595,40465,19462,21003,70809,34141,36668,80923,38899,42024,70805,34123,36682,40457,19516,20941,10115,4798,5317,
50600,40469,19463,21006,70816,34145,36671,80931,38905,42026,70812,34127,36685,40461,19517,20944,10116,4798,5318,
50605,40473,19464,21009,70823,34150,36673,80939,38909,42030,70819,34131,36688,40465,19520,20945,10117,4798,5319,
50610,40477,19467,21010,70830,34151,36679,80947,38911,42036,70826,34134,36692,40469,19521,20948,10118,4799,5319,
50615,40481,19468,21013,70837,34156,36681,80955,38918,42037,70833,34139,36694,40473,19523,20950,10119,4799,5320,
50620,40485,19469,21016,70844,34158,36686,80963,38921,42042,70840,34140,36700,40477,19525,20952,10120,4800,5320,
50625,40489,19472,21017,70851,34160,36691,80971,38923,42048,70847,34143,36704,40481,19527,20954,10121,4801,5320,
50630,40493,19473,21020,70858,34161,36697,80979,38929,42050,70854,34149,36705,40485,19529,20956,10122,4801,5321,
50635,40497,19475,21022,70865,34164,36701,80987,38931,42056,70861,34153,36708,40489,19531,20958,10123,4802,5321,
50640,40501,19478,21023,70872,34170,36702,80995,38933,42062,70868,34159,36709,40493,19533,20960,10124,4803,5321,
50645,40505,19480,21025,70879,34173,36706,81003,38939,42064,70875,34162,36713,40497,19535,20962,10125,4804,5321,
50650,40509,19482,21027,70886,34176,36710,81011,38943,42068,70882,34165,36717,40501,19538,20963,10126,4805,5321,
50655,40513,19484,21029,70893,34180,36713,81019,38945,42074,70889,34171,36718,40505,19540,20965,10127,4805,5322,
50660,40517,19485,21032,70900,34182,36718,81027,38949,42078,70896,34176,36720,40509,19541,20968,10128,4806,5322,
50665,40521,19488,21033,70907,34185,36722,81035,38954,42081,70903,34180,36723,40513,19542,20971,10129,4807,5322,
50670,40525,19490,21035,70914,34186,36728,81043,38955,42088,70910,34183,36727,40517,19544,20973,10130,4807,5323,
50675,40529,19492,21037,70921,34189,36732,81051,38960,42091,70917,34187,36730,40521,19547,20974,10131,4808,5323,
50680,40533,19493,21040,70928,34190,36738,81059,38963,42096,70924,34191,36733,40525,19549,20976,10132,4809,5323,
50685,40537,19496,21041,70935,34191,36744,81067,38966,42101,70931,34196,36735,40529,19552,20977,10133,4810,5323,
50690,40541,19498,21043,70942,34197,36745,81075,38972,42103,70938,34198,36740,40533,19553,20980,10134,4811,5323,
50695,40545,19500,21045,70949,34198,36751,81083,38975,42108,70945,34201,36744,40537,19555,20982,10135,4812,5323,
50700,40549,19502,21047,70956,34199,36757,81091,38979,42112,70952,34204,36748,40541,19558,20983,10136,4812,5324,
50705,40553,19504,21049,70963,34201,36762,81099,38984,42115,70959,34207,36752,40545,19559,20986,10137,4812,5325,
50710,40557,19506,21051,70970,34204,36766,81107,38990,42117,70966,34209,36757,40549,19563,20986,10138,4813,5325,
50715,40561,19507,21054,70977,34210,36767,81115,38996,42119,70973,34212,36761,40553,19564,20989,10139,4813,5326,
50720,40565,19510,21055,70984,34213,36771,81123,38999,42124,70980,34216,36764,40557,19566,20991,10140,4813,5327,
50725,40569,19512,21057,70991,34214,36777,81131,39003,42128,70987,34218,36769,40561,19567,20994,10141,4814,5327,
50730,40573,19514,21059,70998,34218,36780,81139,39004,42135,70994,34224,36770,40565,19570,20995,10142,4815,5327,
50735,40577,19516,21061,71005,34222,36783,81147,39009,42138,71001,34226,36775,40569,19572,20997,10143,4815,5328,
50740,40581,19517,21064,71012,34227,36785,81155,39012,42143,71008,34229,36779,40573,19573,21000,10144,4815,5329,
50745,40585,19518,21067,71019,34230,36789,81163,39016,42147,71015,34232,36783,40577,19576,21001,10145,4815,5330,
50750,40589,19521,21068,71026,34231,36795,81171,39021,42150,71022,34235,36787,40581,19578,21003,10146,4816,5330,
50755,40593,19523,21070,71033,34233,36800,81179,39026,42153,71029,34237,36792,40585,19582,21003,10147,4817,5330,
50760,40597,19525,21072,71040,34237,36803,81187,39029,42158,71036,34239,36797,40589,19583,21006,10148,4818,5330,
50765,40601,19527,21074,71047,34240,36807,81195,39031,42164,71043,34241,36802,40593,19585,21008,10149,4818,5331,
50770,40605,19530,21075,71054,34243,36811,81203,39034,42169,71050,34245,36805,40597,19587,21010,10150,4818,5332,
50775,40609,19532,21077,71061,34248,36813,81211,39035,42176,71057,34249,36808,40601,19588,21013,10151,4819,5332,
50780,40613,19535,21078,71068,34251,36817,81219,39037,42182,71064,34254,36810,40605,19591,21014,10152,4819,5333,
50785,40617,19536,21081,71075,34256,36819,81227,39044,42183,71071,34258,36813,40609,19591,21018,10153,4819,5334,
50790,40621,19539,21082,71082,34261,36821,81235,39050,42185,71078,34261,36817,40613,19594,21019,10154,4820,5334,
50795,40625,19541,21084,71089,34265,36824,81243,39056,42187,71085,34265,36820,40617,19596,21021,10155,4821,5334,
50800,40629,19544,21085,71096,34270,36826,81251,39058,42193,71092,34268,36824,40621,19597,21024,10156,4822,5334,
50805,40633,19545,21088,71103,34274,36829,81259,39060,42199,71099,34270,36829,40625,19598,21027,10157,4823,5334,
50810,40637,19548,21089,71110,34278,36832,81267,39064,42203,71106,34272,36834,40629,19600,21029,10158,4824,5334,
50815,40641,19549,21092,71117,34282,36835,81275,39068,42207,71113,34275,36838,40633,19600,21033,10159,4824,5335,
50820,40645,19549,21096,71124,34284,36840,81283,39075,42208,71120,34282,36838,40637,19603,21034,10160,4824,5336,
50825,40649,19551,21098,71131,34287,36844,81291,39080,42211,71127,34286,36841,40641,19603,21038,10161,4825,5336,
50830,40653,19553,21100,71138,34293,36845,81299,39084,42215,71134,34288,36846,40645,19606,21039,10162,4825,5337,
50835,40657,19556,21101,71145,34294,36851,81307,39085,42222,71141,34291,36850,40649,19608,21041,10163,4826,5337,
50840,40661,19558,21103,71152,34298,36854,81315,39088,42227,71148,34296,36852,40653,19611,21042,10164,4826,5338,
50845,40665,19561,21104,71159,34304,36855,81323,39093,42230,71155,34300,36855,40657,19614,21043,10165,4827,5338,
50850,40669,19562,21107,71166,34310,36856,81331,39097,42234,71162,34302,36860,40661,19615,21046,10166,4827,5339,
50855,40673,19563,21110,71173,34313,36860,81339,39101,42238,71169,34306,36863,40665,19617,21048,10167,4827,5340,
50860,40677,19563,21114,71180,34315,36865,81347,39106,42241,71176,34309,36867,40669,19619,21050,10168,4828,5340,
50865,40681,19563,21118,71187,34318,36869,81355,39109,42246,71183,34312,36871,40673,19621,21052,10169,4828,5341,
50870,40685,19564,21121,71194,34322,36872,81363,39115,42248,71190,34318,36872,40677,19622,21055,10170,4829,5341,
50875,40689,19567,21122,71201,34327,36874,81371,39121,42250,71197,34321,36876,40681,19625,21056,10171,4829,5342,
50880,40693,19570,21123,71208,34331,36877,81379,39124,42255,71204,34325,36879,40685,19627,21058,10172,4829,5343,
50885,40697,19571,21126,71215,34334,36881,81387,39129,42258,71211,34328,36883,40689,19628,21061,10173,4830,5343,
50890,40701,19573,21128,71222,34337,36885,81395,39133,42262,71218,34332,36886,40693,19630,21063,10174,4830,5344,
50895,40705,19577,21128,71229,34340,36889,81403,39137,42266,71225,34335,36890,40697,19632,21065,10175,4831,5344,
50900,40709,19579,21130,71236,34341,36895,81411,39141,42270,71232,34339,36893,40701,19634,21067,10176,4831,5345,
50905,40713,19581,21132,71243,34342,36901,81419,39143,42276,71239,34344,36895,40705,19636,21069,10177,4832,5345,
50910,40717,19585,21132,71250,34345,36905,81427,39148,42279,71246,34348,36898,40709,19640,21069,10178,4833,5345,
50915,40721,19588,21133,71257,34350,36907,81435,39152,42283,71253,34352,36901,40713,19642,21071,10179,4834,5345,
50920,40725,19592,21133,71264,34352,36912,81443,39156,42287,71260,34354,36906,40717,19644,21073,10180,4834,5346,
50925,40729,19594,21135,71271,34355,36916,81451,39160,42291,71267,34356,36911,40721,19644,21077,10181,4835,5346,
50930,40733,19596,21137,71278,34357,36921,81459,39162,42297,71274,34359,36915,40725,19646,21079,10182,4836,5346,
50935,40737,19596,21141,71285,34362,36923,81467,39166,42301,71281,34362,36919,40729,19646,21083,10183,4837,5346,
50940,40741,19599,21142,71292,34366,36926,81475,39170,42305,71288,34365,36923,40733,19647,21086,10184,4837,5347,
50945,40745,19602,21143,71299,34367,36932,81483,39173,42310,71295,34369,36926,40737,19649,21088,10185,4837,5348,
50950,40749,19604,21145,71306,34370,36936,81491,39178,42313,71302,34372,36930,40741,19651,21090,10186,4838,5348,
50955,40753,19605,21148,71313,34374,36939,81499,39180,42319,71309,34374,36935,40745,19655,21090,10187,4838,5349,
50960,40757,19607,21150,71320,34377,36943,81507,39184,42323,71316,34377,36939,40749,19655,21094,10188,4839,5349,
50965,40761,19609,21152,71327,34380,36947,81515,39187,42328,71323,34380,36943,40753,19656,21097,10189,4839,5350,
50970,40765,19609,21156,71334,34383,36951,81523,39187,42336,71330,34381,36949,40757,19658,21099,10190,4839,5351,
50975,40769,19613,21156,71341,34387,36954,81531,39191,42340,71337,34386,36951,40761,19661,21100,10191,4839,5352,
50980,40773,19613,21160,71348,34389,36959,81539,39196,42343,71344,34388,36956,40765,19663,21102,10192,4839,5353,
50985,40777,19615,21162,71355,34392,36963,81547,39197,42350,71351,34390,36961,40769,19664,21105,10193,4840,5353,
50990,40781,19616,21165,71362,34397,36965,81555,39200,42355,71358,34396,36962,40773,19666,21107,10194,4840,5354,
50995,40785,19620,21165,71369,34400,36969,81563,39205,42358,71365,34397,36968,40777,19668,21109,10195,4840,5355,
51000,40789,19621,21168,71376,34405,36971,81571,39209,42362,71372,34400,36972,40781,19670,21111,10196,4840,5356,
51005,40793,19623,21170,71383,34408,36975,81579,39213,42366,71379,34404,36975,40785,19671,21114,10197,4841,5356,
51010,40797,19624,21173,71390,34413,36977,81587,39218,42369,71386,34407,36979,40789,19671,21118,10198,4842,5356,
51015,40801,19625,21176,71397,34416,36981,81595,39222,42373,71393,34410,36983,40793,19671,21122,10199,4842,5357,
51020,40805,19628,21177,71404,34418,36986,81603,39225,42378,71400,34411,36989,40797,19673,21124,10200,4843,5357,
51025,40809,19628,21181,71411,34423,36988,81611,39228,42383,71407,34415,36992,40801,19674,21127,10201,4843,5358,
51030,40813,19629,21184,71418,34426,36992,81619,39232,42387,71414,34418,36996,40805,19675,21130,10202,4844,5358,
51035,40817,19630,21187,71425,34429,36996,81627,39236,42391,71421,34420,37001,40809,19675,21134,10203,4844,5359,
51040,40821,19633,21188,71432,34432,37000,81635,39240,42395,71428,34423,37005,40813,19675,21138,10204,4844,5360,
51045,40825,19636,21189,71439,34436,37003,81643,39245,42398,71435,34429,37006,40817,19677,21140,10205,4844,5361,
51050,40829,19637,21192,71446,34439,37007,81651,39248,42403,71442,34435,37007,40821,19681,21140,10206,4845,5361,
51055,40833,19637,21196,71453,34442,37011,81659,39248,42411,71449,34438,37011,40825,19684,21141,10207,4845,5362,
51060,40837,19638,21199,71460,34447,37013,81667,39252,42415,71456,34443,37013,40829,19686,21143,10208,4846,5362,
51065,40841,19640,21201,71467,34451,37016,81675,39256,42419,71463,34445,37018,40833,19689,21144,10209,4846,5363,
51070,40845,19642,21203,71474,34454,37020,81683,39258,42425,71470,34449,37021,40837,19692,21145,10210,4846,5364,
51075,40849,19644,21205,71481,34455,37026,81691,39262,42429,71477,34451,37026,40841,19694,21147,10211,4847,5364,
51080,40853,19645,21208,71488,34458,37030,81699,39268,42431,71484,34457,37027,40845,19695,21150,10212,4848,5364,
51085,40857,19645,21212,71495,34464,37031,81707,39272,42435,71491,34459,37032,40849,19697,21152,10213,4849,5364,
51090,40861,19648,21213,71502,34467,37035,81715,39272,42443,71498,34461,37037,40853,19700,21153,10214,4850,5364,
51095,40865,19651,21214,71509,34472,37037,81723,39276,42447,71505,34464,37041,40857,19700,21157,10215,4850,5365,
51100,40869,19653,21216,71516,34475,37041,81731,39281,42450,71512,34466,37046,40861,19702,21159,10216,4850,5366,
51105,40873,19655,21218,71523,34476,37047,81739,39285,42454,71519,34470,37049,40865,19703,21162,10217,4851,5366,
51110,40877,19659,21218,71530,34481,37049,81747,39289,42458,71526,34472,37054,40869,19705,21164,10218,4852,5366,
51115,40881,19663,21218,71537,34485,37052,81755,39293,42462,71533,34474,37059,40873,19707,21166,10219,4853,5366,
51120,40885,19665,21220,71544,34488,37056,81763,39298,42465,71540,34477,37063,40877,19708,21169,10220,4853,5367,
51125,40889,19665,21224,71551,34491,37060,81771,39303,42468,71547,34483,37064,40881,19710,21171,10221,4854,5367,
51130,40893,19665,21228,71558,34495,37063,81779,39308,42471,71554,34486,37068,40885,19711,21174,10222,4855,5367,
51135,40897,19666,21231,71565,34499,37066,81787,39312,42475,71561,34490,37071,40889,19714,21175,10223,4856,5367,
51140,40901,19667,21234,71572,34502,37070,81795,39319,42476,71568,34493,37075,40893,19716,21177,10224,4857,5367,
51145,40905,19668,21237,71579,34505,37074,81803,39323,42480,71575,34497,37078,40897,19719,21178,10225,4857,5368,
51150,40909,19671,21238,71586,34509,37077,81811,39327,42484,71582,34498,37084,40901,19719,21182,10226,4858,5368,
51155,40913,19673,21240,71593,34512,37081,81819,39328,42491,71589,34504,37085,40905,19721,21184,10227,4859,5368,
51160,40917,19675,21242,71600,34517,37083,81827,39334,42493,71596,34506,37090,40909,19721,21188,10228,4859,5369,
51165,40921,19675,21246,71607,34520,37087,81835,39338,42497,71603,34508,37095,40913,19723,21190,10229,4860,5369,
51170,40925,19676,21249,71614,34521,37093,81843,39341,42502,71610,34510,37100,40917,19724,21193,10230,4860,5370,
51175,40929,19678,21251,71621,34524,37097,81851,39343,42508,71617,34514,37103,40921,19726,21195,10231,4860,5371,
51180,40933,19681,21252,71628,34529,37099,81859,39348,42511,71624,34518,37106,40925,19727,21198,10232,4860,5372,
51185,40937,19683,21254,71635,34531,37104,81867,39353,42514,71631,34520,37111,40929,19728,21201,10233,4861,5372,
51190,40941,19686,21255,71642,34532,37110,81875,39357,42518,71638,34523,37115,40933,19731,21202,10234,4862,5372,
51195,40945,19687,21258,71649,34538,37111,81883,39362,42521,71645,34526,37119,40937,19735,21202,10235,4863,5372,
51200,40949,19689,21260,71656,34539,37117,81891,39365,42526,71652,34532,37120,40941,19739,21202,10236,4864,5372,
51205,40953,19690,21263,71663,34541,37122,81899,39369,42530,71659,34535,37124,40945,19740,21205,10237,4865,5372,
51210,40957,19692,21265,71670,34545,37125,81907,39374,42533,71666,34538,37128,40949,19741,21208,10238,4866,5372,
51215,40961,19694,21267,71677,34548,37129,81915,39376,42539,71673,34542,37131,40953,19742,21211,10239,4866,5373,
51220,40965,19696,21269,71684,34551,37133,81923,39381,42542,71680,34544,37136,40957,19743,21214,10240,4866,5374,
51225,40969,19700,21269,71691,34555,37136,81931,39384,42547,71687,34544,37143,40961,19743,21218,10241,4866,5375,
51230,40973,19703,21270,71698,34557,37141,81939,39388,42551,71694,34547,37147,40965,19745,21220,10242,4867,5375,
51235,40977,19705,21272,71705,34563,37142,81947,39394,42553,71701,34548,37153,40969,19747,21222,10243,4867,5376,
51240,40981,19706,21275,71712,34564,37148,81955,39396,42559,71708,34552,37156,40973,19748,21225,10244,4868,5376,
51245,40985,19708,21277,71719,34564,37155,81963,39402,42561,71715,34555,37160,40977,19751,21226,10245,4868,5377,
51250,40989,19710,21279,71726,34568,37158,81971,39404,42567,71722,34558,37164,40981,19752,21229,10246,4868,5378,
51255,40993,19712,21281,71733,34571,37162,81979,39411,42568,71729,34559,37170,40985,19753,21232,10247,4869,5378,
51260,40997,19713,21284,71740,34576,37164,81987,39417,42570,71736,34561,37175,40989,19756,21233,10248,4870,5378,
51265,41001,19715,21286,71747,34578,37169,81995,39422,42573,71743,34567,37176,40993,19759,21234,10249,4870,5379,
51270,41005,19715,21290,71754,34581,37173,82003,39425,42578,71750,34568,37182,40997,19759,21238,10250,4870,5380,
51275,41009,19718,21291,71761,34584,37177,82011,39430,42581,71757,34571,37186,41001,19759,21242,10251,4870,5381,
51280,41013,19719,21294,71768,34587,37181,82019,39434,42585,71764,34574,37190,41005,19763,21242,10252,4871,5381,
51285,41017,19721,21296,71775,34590,37185,82027,39435,42592,71771,34579,37192,41009,19764,21245,10253,4871,5382,
51290,41021,19724,21297,71782,34594,37188,82035,39438,42597,71778,34582,37196,41013,19765,21248,10254,4871,5383,
51295,41025,19726,21299,71789,34597,37192,82043,39441,42602,71785,34584,37201,41017,19768,21249,10255,4871,5384,
51300,41029,19727,21302,71796,34603,37193,82051,39443,42608,71792,34590,37202,41021,19771,21250,10256,4871,5385,
51305,41033,19728,21305,71803,34606,37197,82059,39445,42614,71799,34594,37205,41025,19771,21254,10257,4871,5386,
51310,41037,19730,21307,71810,34609,37201,82067,39449,42618,71806,34598,37208,41029,19773,21256,10258,4871,5387,
51315,41041,19733,21308,71817,34612,37205,82075,39453,42622,71813,34599,37214,41033,19773,21260,10259,4872,5387,
51320,41045,19734,21311,71824,34616,37208,82083,39456,42627,71820,34605,37215,41037,19773,21264,10260,4872,5388,
51325,41049,19736,21313,71831,34618,37213,82091,39459,42632,71827,34609,37218,41041,19775,21266,10261,4873,5388,
51330,41053,19737,21316,71838,34621,37217,82099,39464,42635,71834,34613,37221,41045,19778,21267,10262,4874,5388,
51335,41057,19738,21319,71845,34624,37221,82107,39467,42640,71841,34616,37225,41049,19778,21271,10263,4874,5389,
51340,41061,19740,21321,71852,34626,37226,82115,39471,42644,71848,34617,37231,41053,19779,21274,10264,4874,5390,
51345,41065,19742,21323,71859,34629,37230,82123,39474,42649,71855,34620,37235,41057,19780,21277,10265,4874,5391,
51350,41069,19744,21325,71866,34635,37231,82131,39478,42653,71862,34624,37238,41061,19781,21280,10266,4874,5392,
51355,41073,19746,21327,71873,34640,37233,82139,39482,42657,71869,34629,37240,41065,19781,21284,10267,4875,5392,
51360,41077,19747,21330,71880,34641,37239,82147,39485,42662,71876,34633,37243,41069,19782,21287,10268,4875,5393,
51365,41081,19750,21331,71887,34645,37242,82155,39490,42665,71883,34638,37245,41073,19784,21289,10269,4875,5394,
51370,41085,19751,21334,71894,34650,37244,82163,39496,42667,71890,34643,37247,41077,19784,21293,10270,4876,5394,
51375,41089,19753,21336,71901,34652,37249,82171,39501,42670,71897,34646,37251,41081,19786,21295,10271,4876,5395,
51380,41093,19756,21337,71908,34654,37254,82179,39505,42674,71904,34649,37255,41085,19787,21298,10272,4877,5395,
51385,41097,19756,21341,71915,34658,37257,82187,39509,42678,71911,34651,37260,41089,19789,21300,10273,4878,5395,
51390,41101,19757,21344,71922,34661,37261,82195,39516,42679,71918,34655,37263,41093,19791,21302,10274,4878,5396,
51395,41105,19759,21346,71929,34663,37266,82203,39519,42684,71925,34655,37270,41097,19793,21304,10275,4879,5396,
51400,41109,19759,21350,71936,34668,37268,82211,39525,42686,71932,34658,37274,41101,19795,21306,10276,4879,5397,
51405,41113,19761,21352,71943,34673,37270,82219,39528,42691,71939,34663,37276,41105,19796,21309,10277,4879,5398,
51410,41117,19764,21353,71950,34677,37273,82227,39531,42696,71946,34666,37280,41109,19797,21312,10278,4879,5399,
51415,41121,19768,21353,71957,34681,37276,82235,39535,42700,71953,34671,37282,41113,19799,21314,10279,4880,5399,
51420,41125,19770,21355,71964,34684,37280,82243,39539,42704,71960,34674,37286,41117,19799,21318,10280,4881,5399,
51425,41129,19772,21357,71971,34686,37285,82251,39545,42706,71967,34679,37288,41121,19801,21320,10281,4881,5400,
51430,41133,19774,21359,71978,34690,37288,82259,39548,42711,71974,34681,37293,41125,19801,21324,10282,4882,5400,
51435,41137,19776,21361,71985,34694,37291,82267,39550,42717,71981,34682,37299,41129,19804,21325,10283,4882,5401,
51440,41141,19776,21365,71992,34698,37294,82275,39554,42721,71988,34684,37304,41133,19807,21326,10284,4882,5402,
51445,41145,19778,21367,71999,34699,37300,82283,39559,42724,71995,34689,37306,41137,19810,21327,10285,4883,5402,
51450,41149,19782,21367,72006,34701,37305,82291,39563,42728,72002,34693,37309,41141,19812,21329,10286,4883,5403,
51455,41153,19784,21369,72013,34707,37306,82299,39566,42733,72009,34696,37313,41145,19814,21331,10287,4884,5403,
51460,41157,19788,21369,72020,34710,37310,82307,39570,42737,72016,34697,37319,41149,19818,21331,10288,4885,5403,
51465,41161,19790,21371,72027,34712,37315,82315,39575,42740,72023,34700,37323,41153,19819,21334,10289,4885,5404,
51470,41165,19792,21373,72034,34716,37318,82323,39580,42743,72030,34703,37327,41157,19819,21338,10290,4885,5405,
51475,41169,19793,21376,72041,34719,37322,82331,39586,42745,72037,34705,37332,41161,19820,21341,10291,4885,5406,
51480,41173,19796,21377,72048,34721,37327,82339,39591,42748,72044,34710,37334,41165,19822,21343,10292,4886,5406,
51485,41177,19798,21379,72055,34726,37329,82347,39597,42750,72051,34713,37338,41169,19824,21345,10293,4887,5406,
51490,41181,19800,21381,72062,34730,37332,82355,39602,42753,72058,34716,37342,41173,19826,21347,10294,4888,5406,
51495,41185,19803,21382,72069,34736,37333,82363,39605,42758,72065,34720,37345,41177,19828,21349,10295,4888,5407,
51500,41189,19806,21383,72076,34740,37336,82371,39609,42762,72072,34723,37349,41181,19829,21352,10296,4888,5408,
51505,41193,19808,21385,72083,34744,37339,82379,39612,42767,72079,34728,37351,41185,19831,21354,10297,4889,5408,
51510,41197,19810,21387,72090,34747,37343,82387,39615,42772,72086,34728,37358,41189,19833,21356,10298,4890,5408,
51515,41201,19810,21391,72097,34752,37345,82395,39618,42777,72093,34730,37363,41193,19834,21359,10299,4891,5408,
51520,41205,19812,21393,72104,34755,37349,82403,39620,42783,72100,34734,37366,41197,19835,21362,10300,4891,5409,
51525,41209,19815,21394,72111,34759,37352,82411,39626,42785,72107,34739,37368,41201,19836,21365,10301,4891,5410,
51530,41213,19818,21395,72118,34763,37355,82419,39628,42791,72114,34742,37372,41205,19836,21369,10302,4891,5411,
51535,41217,19820,21397,72125,34765,37360,82427,39629,42798,72121,34747,37374,41209,19836,21373,10303,4891,5412,
51540,41221,19824,21397,72132,34768,37364,82435,39632,42803,72128,34749,37379,41213,19838,21375,10304,4891,5413,
51545,41225,19826,21399,72139,34772,37367,82443,39635,42808,72135,34755,37380,41217,19841,21376,10305,4892,5413,
51550,41229,19829,21400,72146,34776,37370,82451,39642,42809,72142,34757,37385,41221,19845,21376,10306,4893,5413,
51555,41233,19830,21403,72153,34779,37374,82459,39647,42812,72149,34760,37389,41225,19846,21379,10307,4893,5414,
51560,41237,19831,21406,72160,34781,37379,82467,39651,42816,72156,34766,37390,41229,19848,21381,10308,4893,5415,
51565,41241,19834,21407,72167,34785,37382,82475,39656,42819,72163,34770,37393,41233,19852,21381,10309,4894,5415,
51570,41245,19835,21410,72174,34789,37385,82483,39661,42822,72170,34774,37396,41237,19854,21383,10310,4895,5415,
51575,41249,19838,21411,72181,34794,37387,82491,39666,42825,72177,34775,37402,41241,19856,21385,10311,4895,5416,
51580,41253,19840,21413,72188,34797,37391,82499,39671,42828,72184,34778,37406,41245,19859,21386,10312,4895,5417,
51585,41257,19844,21413,72195,34801,37394,82507,39672,42835,72191,34780,37411,41249,19861,21388,10313,4896,5417,
51590,41261,19845,21416,72202,34804,37398,82515,39676,42839,72198,34783,37415,41253,19863,21390,10314,4897,5417,
51595,41265,19846,21419,72209,34808,37401,82523,39681,42842,72205,34786,37419,41257,19865,21392,10315,4898,5417,
51600,41269,19850,21419,72216,34811,37405,82531,39683,42848,72212,34790,37422,41261,19868,21393,10316,4898,5418,
51605,41273,19854,21419,72223,34814,37409,82539,39686,42853,72219,34794,37425,41265,19872,21393,10317,4898,5419,
51610,41277,19856,21421,72230,34818,37412,82547,39687,42860,72226,34799,37427,41269,19873,21396,10318,4898,5420,
51615,41281,19856,21425,72237,34819,37418,82555,39691,42864,72233,34801,37432,41273,19874,21399,10319,4898,5421,
51620,41285,19856,21429,72244,34822,37422,82563,39696,42867,72240,34807,37433,41277,19876,21401,10320,4898,5422,
51625,41289,19858,21431,72251,34825,37426,82571,39700,42871,72247,34811,37436,41281,19878,21403,10321,4898,5423,
51630,41293,19861,21432,72258,34829,37429,82579,39704,42875,72254,34815,37439,41285,19879,21406,10322,4898,5424,
51635,41297,19864,21433,72265,34835,37430,82587,39709,42878,72261,34819,37442,41289,19882,21407,10323,4898,5425,
51640,41301,19865,21436,72272,34840,37432,82595,39713,42882,72268,34822,37446,41293,19883,21410,10324,4899,5425,
51645,41305,19866,21439,72279,34842,37437,82603,39718,42885,72275,34827,37448,41297,19886,21411,10325,4900,5425,
51650,41309,19867,21442,72286,34846,37440,82611,39723,42888,72282,34831,37451,41301,19888,21413,10326,4901,5425,
51655,41313,19869,21444,72293,34848,37445,82619,39726,42893,72289,34835,37454,41305,19891,21414,10327,4902,5425,
51660,41317,19870,21447,72300,34851,37449,82627,39732,42895,72296,34838,37458,41309,19892,21417,10328,4903,5425,
51665,41321,19871,21450,72307,34856,37451,82635,39736,42899,72303,34842,37461,41313,19894,21419,10329,4903,5426,
51670,41325,19874,21451,72314,34861,37453,82643,39741,42902,72310,34845,37465,41317,19896,21421,10330,4904,5426,
51675,41329,19876,21453,72321,34865,37456,82651,39744,42907,72317,34848,37469,41321,19898,21423,10331,4904,5427,
51680,41333,19876,21457,72328,34869,37459,82659,39746,42913,72324,34852,37472,41325,19901,21424,10332,4905,5427,
51685,41337,19880,21457,72335,34872,37463,82667,39750,42917,72331,34857,37474,41329,19903,21426,10333,4906,5427,
51690,41341,19882,21459,72342,34876,37466,82675,39753,42922,72338,34860,37478,41333,19905,21428,10334,4906,5428,
51695,41345,19885,21460,72349,34882,37467,82683,39758,42925,72345,34864,37481,41337,19907,21430,10335,4906,5429,
51700,41349,19887,21462,72356,34886,37470,82691,39764,42927,72352,34867,37485,41341,19909,21432,10336,4906,5430,
51705,41353,19889,21464,72363,34890,37473,82699,39770,42929,72359,34873,37486,41345,19911,21434,10337,4906,5431,
51710,41357,19890,21467,72370,34893,37477,82707,39775,42932,72366,34876,37490,41349,19914,21435,10338,4907,5431,
51715,41361,19893,21468,72377,34898,37479,82715,39782,42933,72373,34881,37492,41353,19917,21436,10339,4908,5431,
51720,41365,19896,21469,72384,34901,37483,82723,39787,42936,72380,34885,37495,41357,19919,21438,10340,4909,5431,
51725,41369,19899,21470,72391,34904,37487,82731,39791,42940,72387,34887,37500,41361,19920,21441,10341,4910,5431,
51730,41373,19901,21472,72398,34908,37490,82739,39795,42944,72394,34893,37501,41365,19922,21443,10342,4911,5431,
51735,41377,19903,21474,72405,34910,37495,82747,39800,42947,72401,34896,37505,41369,19924,21445,10343,4912,5431,
51740,41381,19906,21475,72412,34912,37500,82755,39801,42954,72408,34900,37508,41373,19924,21449,10344,4912,5432,
51745,41385,19906,21479,72419,34916,37503,82763,39805,42958,72415,34903,37512,41377,19924,21453,10345,4912,5433,
51750,41389,19909,21480,72426,34919,37507,82771,39810,42961,72422,34904,37518,41381,19926,21455,10346,4912,5434,
51755,41393,19911,21482,72433,34923,37510,82779,39815,42964,72429,34905,37524,41385,19926,21459,10347,4913,5434,
51760,41397,19911,21486,72440,34927,37513,82787,39822,42965,72436,34907,37529,41389,19928,21461,10348,4914,5434,
51765,41401,19912,21489,72447,34929,37518,82795,39829,42966,72443,34909,37534,41393,19930,21463,10349,4915,5434,
51770,41405,19914,21491,72454,34933,37521,82803,39832,42971,72450,34910,37540,41397,19933,21464,10350,4916,5434,
51775,41409,19916,21493,72461,34935,37526,82811,39836,42975,72457,34913,37544,41401,19934,21467,10351,4916,5435,
51780,41413,19919,21494,72468,34937,37531,82819,39840,42979,72464,34916,37548,41405,19935,21470,10352,4916,5436,
51785,41417,19922,21495,72475,34941,37534,82827,39845,42982,72471,34920,37551,41409,19937,21472,10353,4917,5436,
51790,41421,19925,21496,72482,34945,37537,82835,39848,42987,72478,34922,37556,41413,19940,21473,10354,4917,5437,
51795,41425,19926,21499,72489,34947,37542,82843,39851,42992,72485,34925,37560,41417,19940,21477,10355,4918,5437,
51800,41429,19930,21499,72496,34951,37545,82851,39854,42997,72492,34929,37563,41421,19944,21477,10356,4918,5438,
51805,41433,19933,21500,72503,34956,37547,82859,39858,43001,72499,34932,37567,41425,19946,21479,10357,4918,5439,
51810,41437,19936,21501,72510,34960,37550,82867,39862,43005,72506,34936,37570,41429,19948,21481,10358,4919,5439,
51815,41441,19937,21504,72517,34963,37554,82875,39864,43011,72513,34941,37572,41433,19949,21484,10359,4920,5439,
51820,41445,19940,21505,72524,34966,37558,82883,39869,43014,72520,34944,37576,41437,19950,21487,10360,4920,5440,
51825,41449,19941,21508,72531,34969,37562,82891,39872,43019,72527,34949,37578,41441,19951,21490,10361,4921,5440,
51830,41453,19943,21510,72538,34972,37566,82899,39877,43022,72534,34951,37583,41445,19953,21492,10362,4921,5441,
51835,41457,19944,21513,72545,34976,37569,82907,39881,43026,72541,34953,37588,41449,19953,21496,10363,4922,5441,
51840,41461,19945,21516,72552,34977,37575,82915,39884,43031,72548,34956,37592,41453,19956,21497,10364,4923,5441,
51845,41465,19947,21518,72559,34979,37580,82923,39886,43037,72555,34958,37597,41457,19958,21499,10365,4923,5442,
51850,41469,19950,21519,72566,34983,37583,82931,39893,43038,72562,34962,37600,41461,19960,21501,10366,4924,5442,
51855,41473,19952,21521,72573,34986,37587,82939,39898,43041,72569,34965,37604,41465,19963,21502,10367,4925,5442,
51860,41477,19953,21524,72580,34990,37590,82947,39904,43043,72576,34970,37606,41469,19966,21503,10368,4925,5443,
51865,41481,19955,21526,72587,34993,37594,82955,39907,43048,72583,34973,37610,41473,19966,21507,10369,4926,5443,
51870,41485,19955,21530,72594,34997,37597,82963,39910,43053,72590,34976,37614,41477,19969,21508,10370,4926,5444,
51875,41489,19957,21532,72601,35002,37599,82971,39913,43058,72597,34982,37615,41481,19971,21510,10371,4926,5445,
51880,41493,19961,21532,72608,35007,37601,82979,39918,43061,72604,34984,37620,41485,19972,21513,10372,4926,5446,
51885,41497,19962,21535,72615,35012,37603,82987,39921,43066,72611,34986,37625,41489,19973,21516,10373,4926,5447,
51890,41501,19964,21537,72622,35015,37607,82995,39926,43069,72618,34991,37627,41493,19975,21518,10374,4926,5448,
51895,41505,19964,21541,72629,35020,37609,83003,39931,43072,72625,34997,37628,41497,19976,21521,10375,4926,5449,
51900,41509,19967,21542,72636,35023,37613,83011,39936,43075,72632,35000,37632,41501,19977,21524,10376,4927,5449,
51905,41513,19970,21543,72643,35027,37616,83019,39941,43078,72639,35005,37634,41505,19979,21526,10377,4928,5449,
51910,41517,19970,21547,72650,35030,37620,83027,39949,43078,72646,35010,37636,41509,19982,21527,10378,4928,5450,
51915,41521,19973,21548,72657,35034,37623,83035,39954,43081,72653,35012,37641,41513,19984,21529,10379,4928,5451,
51920,41525,19975,21550,72664,35035,37629,83043,39959,43084,72660,35016,37644,41517,19985,21532,10380,4928,5452,
51925,41529,19978,21551,72671,35037,37634,83051,39965,43086,72667,35019,37648,41521,19988,21533,10381,4929,5452,
51930,41533,19981,21552,72678,35041,37637,83059,39968,43091,72674,35022,37652,41525,19992,21533,10382,4930,5452,
51935,41537,19982,21555,72685,35046,37639,83067,39973,43094,72681,35027,37654,41529,19994,21535,10383,4930,5453,
51940,41541,19984,21557,72692,35050,37642,83075,39977,43098,72688,35030,37658,41533,19997,21536,10384,4930,5454,
51945,41545,19985,21560,72699,35054,37645,83083,39981,43102,72695,35032,37663,41537,20000,21537,10385,4930,5455,
51950,41549,19988,21561,72706,35057,37649,83091,39986,43105,72702,35035,37667,41541,20001,21540,10386,4930,5456,
51955,41553,19992,21561,72713,35061,37652,83099,39991,43108,72709,35040,37669,41545,20003,21542,10387,4931,5456,
51960,41557,19993,21564,72720,35063,37657,83107,39995,43112,72716,35042,37674,41549,20004,21545,10388,4931,5457,
51965,41561,19995,21566,72727,35064,37663,83115,39999,43116,72723,35047,37676,41553,20006,21547,10389,4932,5457,
51970,41565,19997,21568,72734,35068,37666,83123,40001,43122,72730,35050,37680,41557,20008,21549,10390,4932,5458,
51975,41569,20001,21568,72741,35070,37671,83131,40006,43125,72737,35053,37684,41561,20011,21550,10391,4932,5459,
51980,41573,20002,21571,72748,35074,37674,83139,40008,43131,72744,35057,37687,41565,20013,21552,10392,4933,5459,
51985,41577,20005,21572,72755,35075,37680,83147,40013,43134,72751,35061,37690,41569,20015,21554,10393,4934,5459,
51990,41581,20006,21575,72762,35080,37682,83155,40018,43137,72758,35064,37694,41573,20016,21557,10394,4935,5459,
51995,41585,20006,21579,72769,35085,37684,83163,40023,43140,72765,35068,37697,41577,20018,21559,10395,4936,5459,
52000,41589,20008,21581,72776,35087,37689,83171,40026,43145,72772,35071,37701,41581,20020,21561,10396,4936,5460,
52005,41593,20010,21583,72783,35091,37692,83179,40030,43149,72779,35074,37705,41585,20023,21562,10397,4937,5460,
52010,41597,20011,21586,72790,35097,37693,83187,40035,43152,72786,35078,37708,41589,20025,21564,10398,4938,5460,
52015,41601,20012,21589,72797,35101,37696,83195,40041,43154,72793,35078,37715,41593,20026,21567,10399,4938,5461,
52020,41605,20015,21590,72804,35104,37700,83203,40044,43159,72800,35080,37720,41597,20029,21568,10400,4939,5461,
52025,41609,20018,21591,72811,35108,37703,83211,40047,43164,72807,35084,37723,41601,20032,21569,10401,4939,5462,
52030,41613,20018,21595,72818,35112,37706,83219,40050,43169,72814,35088,37726,41605,20033,21572,10402,4939,5463,
52035,41617,20019,21598,72825,35115,37710,83227,40053,43174,72821,35089,37732,41609,20036,21573,10403,4939,5464,
52040,41621,20020,21601,72832,35119,37713,83235,40055,43180,72828,35093,37735,41613,20039,21574,10404,4939,5465,
52045,41625,20023,21602,72839,35123,37716,83243,40059,43184,72835,35096,37739,41617,20041,21576,10405,4940,5465,
52050,41629,20023,21606,72846,35125,37721,83251,40061,43190,72842,35100,37742,41621,20044,21577,10406,4941,5465,
52055,41633,20026,21607,72853,35127,37726,83259,40064,43195,72849,35103,37746,41625,20045,21580,10407,4942,5465,
52060,41637,20029,21608,72860,35129,37731,83267,40069,43198,72856,35107,37749,41629,20046,21583,10408,4942,5466,
52065,41641,20033,21608,72867,35134,37733,83275,40073,43202,72863,35108,37755,41633,20047,21586,10409,4942,5467,
52070,41645,20035,21610,72874,35139,37735,83283,40075,43208,72870,35112,37758,41637,20047,21590,10410,4942,5468,
52075,41649,20038,21611,72881,35142,37739,83291,40080,43211,72877,35115,37762,41641,20049,21592,10411,4943,5468,
52080,41653,20039,21614,72888,35147,37741,83299,40083,43216,72884,35118,37766,41645,20052,21593,10412,4944,5468,
52085,41657,20040,21617,72895,35152,37743,83307,40087,43220,72891,35120,37771,41649,20054,21595,10413,4945,5468,
52090,41661,20044,21617,72902,35155,37747,83315,40093,43222,72898,35122,37776,41653,20054,21599,10414,4945,5469,
52095,41665,20047,21618,72909,35159,37750,83323,40097,43226,72905,35125,37780,41657,20056,21601,10415,4946,5469,
52100,41669,20051,21618,72916,35161,37755,83331,40099,43232,72912,35127,37785,41661,20059,21602,10416,4947,5469,
52105,41673,20053,21620,72923,35165,37758,83339,40103,43236,72919,35130,37789,41665,20061,21604,10417,4947,5470,
52110,41677,20056,21621,72930,35169,37761,83347,40107,43240,72926,35135,37791,41669,20064,21605,10418,4948,5470,
52115,41681,20057,21624,72937,35173,37764,83355,40111,43244,72933,35140,37793,41673,20064,21609,10419,4949,5470,
52120,41685,20059,21626,72944,35174,37770,83363,40116,43247,72940,35142,37798,41677,20066,21611,10420,4949,5471,
52125,41689,20061,21628,72951,35176,37775,83371,40120,43251,72947,35145,37802,41681,20070,21611,10421,4949,5472,
52130,41693,20063,21630,72958,35179,37779,83379,40124,43255,72954,35150,37804,41685,20071,21614,10422,4950,5472,
52135,41697,20065,21632,72965,35183,37782,83387,40129,43258,72961,35152,37809,41689,20073,21616,10423,4950,5473,
52140,41701,20067,21634,72972,35186,37786,83395,40132,43263,72968,35153,37815,41693,20073,21620,10424,4950,5474,
52145,41705,20070,21635,72979,35189,37790,83403,40136,43267,72975,35155,37820,41697,20074,21623,10425,4951,5474,
52150,41709,20073,21636,72986,35191,37795,83411,40138,43273,72982,35157,37825,41701,20074,21627,10426,4952,5474,
52155,41713,20074,21639,72993,35194,37799,83419,40144,43275,72989,35162,37827,41705,20075,21630,10427,4952,5475,
52160,41717,20075,21642,73000,35198,37802,83427,40147,43280,72996,35168,37828,41709,20077,21632,10428,4953,5475,
52165,41721,20078,21643,73007,35201,37806,83435,40148,43287,73003,35172,37831,41713,20081,21632,10429,4954,5475,
52170,41725,20080,21645,73014,35203,37811,83443,40150,43293,73010,35177,37833,41717,20083,21634,10430,4954,5476,
52175,41729,20081,21648,73021,35205,37816,83451,40154,43297,73017,35182,37835,41721,20084,21637,10431,4954,5477,
52180,41733,20083,21650,73028,35210,37818,83459,40157,43302,73024,35185,37839,41725,20086,21639,10432,4955,5477,
52185,41737,20083,21654,73035,35215,37820,83467,40161,43306,73031,35190,37841,41729,20088,21641,10433,4955,5478,
52190,41741,20083,21658,73042,35219,37823,83475,40166,43309,73038,35193,37845,41733,20091,21642,10434,4956,5478,
52195,41745,20084,21661,73049,35223,37826,83483,40171,43312,73045,35198,37847,41737,20093,21644,10435,4956,5479,
52200,41749,20085,21664,73056,35227,37829,83491,40176,43315,73052,35202,37850,41741,20097,21644,10436,4956,5480,
52205,41753,20087,21666,73063,35231,37832,83499,40178,43321,73059,35205,37854,41745,20098,21647,10437,4957,5480,
52210,41757,20089,21668,73070,35235,37835,83507,40185,43322,73066,35211,37855,41749,20100,21649,10438,4958,5480,
52215,41761,20091,21670,73077,35237,37840,83515,40188,43327,73073,35215,37858,41753,20103,21650,10439,4959,5480,
52220,41765,20094,21671,73084,35239,37845,83523,40193,43330,73080,35220,37860,41757,20104,21653,10440,4959,5481,
52225,41769,20096,21673,73091,35243,37848,83531,40197,43334,73087,35223,37864,41761,20107,21654,10441,4960,5481,
52230,41773,20099,21674,73098,35245,37853,83539,40200,43339,73094,35227,37867,41765,20109,21656,10442,4961,5481,
52235,41777,20102,21675,73105,35249,37856,83547,40205,43342,73101,35228,37873,41769,20110,21659,10443,4962,5481,
52240,41781,20102,21679,73112,35255,37857,83555,40209,43346,73108,35232,37876,41773,20112,21661,10444,4962,5482,
52245,41785,20104,21681,73119,35259,37860,83563,40213,43350,73115,35238,37877,41777,20114,21663,10445,4962,5483,
52250,41789,20105,21684,73126,35261,37865,83571,40218,43353,73122,35239,37883,41781,20115,21666,10446,4963,5483,
52255,41793,20107,21686,73133,35265,37868,83579,40222,43357,73129,35242,37887,41785,20118,21667,10447,4963,5484,
52260,41797,20109,21688,73140,35268,37872,83587,40224,43363,73136,35246,37890,41789,20120,21669,10448,4963,5485,
52265,41801,20110,21691,73147,35271,37876,83595,40228,43367,73143,35249,37894,41793,20124,21669,10449,4964,5485,
52270,41805,20113,21692,73154,35277,37877,83603,40232,43371,73150,35254,37896,41797,20125,21672,10450,4964,5486,
52275,41809,20115,21694,73161,35280,37881,83611,40234,43377,73157,35259,37898,41801,20127,21674,10451,4965,5486,
52280,41813,20117,21696,73168,35284,37884,83619,40236,43383,73164,35262,37902,41805,20130,21675,10452,4965,5487,
52285,41817,20119,21698,73175,35287,37888,83627,40239,43388,73171,35264,37907,41809,20133,21676,10453,4966,5487,
52290,41821,20121,21700,73182,35290,37892,83635,40244,43391,73178,35265,37913,41813,20135,21678,10454,4966,5488,
52295,41825,20124,21701,73189,35292,37897,83643,40246,43397,73185,35267,37918,41817,20138,21679,10455,4966,5489,
52300,41829,20126,21703,73196,35293,37903,83651,40250,43401,73192,35271,37921,41821,20142,21679,10456,4966,5490,
52305,41833,20129,21704,73203,35298,37905,83659,40252,43407,73199,35273,37926,41825,20144,21681,10457,4967,5490,
52310,41837,20132,21705,73210,35304,37906,83667,40258,43409,73206,35276,37930,41829,20145,21684,10458,4968,5490,
52315,41841,20134,21707,73217,35308,37909,83675,40261,43414,73213,35280,37933,41833,20148,21685,10459,4969,5490,
52320,41845,20138,21707,73224,35310,37914,83683,40264,43419,73220,35283,37937,41837,20148,21689,10460,4969,5491,
52325,41849,20139,21710,73231,35312,37919,83691,40267,43424,73227,35287,37940,41841,20152,21689,10461,4970,5491,
52330,41853,20142,21711,73238,35314,37924,83699,40269,43430,73234,35291,37943,41845,20152,21693,10462,4970,5492,
52335,41857,20145,21712,73245,35317,37928,83707,40272,43435,73241,35293,37948,41849,20153,21696,10463,4970,5493,
52340,41861,20146,21715,73252,35321,37931,83715,40274,43441,73248,35297,37951,41853,20154,21699,10464,4970,5494,
52345,41865,20149,21716,73259,35324,37935,83723,40279,43444,73255,35301,37954,41857,20156,21701,10465,4971,5494,
52350,41869,20151,21718,73266,35328,37938,83731,40282,43449,73262,35304,37958,41861,20159,21702,10466,4971,5495,
52355,41873,20154,21719,73273,35331,37942,83739,40286,43453,73269,35307,37962,41865,20160,21705,10467,4972,5495,
52360,41877,20156,21721,73280,35333,37947,83747,40293,43454,73276,35310,37966,41869,20161,21708,10468,4972,5496,
52365,41881,20157,21724,73287,35336,37951,83755,40297,43458,73283,35311,37972,41873,20164,21709,10469,4973,5496,
52370,41885,20159,21726,73294,35340,37954,83763,40301,43462,73290,35317,37973,41877,20165,21712,10470,4973,5497,
52375,41889,20161,21728,73301,35343,37958,83771,40304,43467,73297,35320,37977,41881,20166,21715,10471,4973,5498,
52380,41893,20164,21729,73308,35347,37961,83779,40307,43472,73304,35321,37983,41885,20169,21716,10472,4973,5499,
52385,41897,20166,21731,73315,35351,37964,83787,40309,43478,73311,35326,37985,41889,20171,21718,10473,4973,5500,
52390,41901,20168,21733,73322,35355,37967,83795,40316,43479,73318,35329,37989,41893,20173,21720,10474,4973,5501,
52395,41905,20171,21734,73329,35357,37972,83803,40318,43485,73325,35332,37993,41897,20176,21721,10475,4974,5501,
52400,41909,20174,21735,73336,35360,37976,83811,40319,43492,73332,35333,37999,41901,20180,21721,10476,4974,5502,
52405,41913,20176,21737,73343,35363,37980,83819,40325,43494,73339,35335,38004,41905,20182,21723,10477,4975,5502,
52410,41917,20179,21738,73350,35366,37984,83827,40329,43498,73346,35339,38007,41909,20184,21725,10478,4976,5502,
52415,41921,20182,21739,73357,35370,37987,83835,40333,43502,73353,35344,38009,41913,20186,21727,10479,4976,5503,
52420,41925,20186,21739,73364,35372,37992,83843,40338,43505,73360,35347,38013,41917,20189,21728,10480,4977,5503,
52425,41929,20187,21742,73371,35373,37998,83851,40341,43510,73367,35350,38017,41921,20191,21730,10481,4977,5504,
52430,41933,20190,21743,73378,35377,38001,83859,40345,43514,73374,35353,38021,41925,20193,21732,10482,4978,5504,
52435,41937,20192,21745,73385,35381,38004,83867,40346,43521,73381,35355,38026,41929,20194,21735,10483,4979,5504,
52440,41941,20194,21747,73392,35385,38007,83875,40348,43527,73388,35361,38027,41933,20197,21736,10484,4979,5505,
52445,41945,20196,21749,73399,35388,38011,83883,40353,43530,73395,35366,38029,41937,20198,21739,10485,4979,5506,
52450,41949,20199,21750,73406,35392,38014,83891,40357,43534,73402,35368,38034,41941,20201,21740,10486,4980,5506,
52455,41953,20201,21752,73413,35397,38016,83899,40363,43536,73409,35372,38037,41945,20202,21743,10487,4981,5506,
52460,41957,20204,21753,73420,35398,38022,83907,40366,43541,73416,35376,38040,41949,20203,21746,10488,4982,5506,
52465,41961,20207,21754,73427,35400,38027,83915,40372,43543,73423,35379,38044,41953,20205,21748,10489,4983,5506,
52470,41965,20209,21756,73434,35405,38029,83923,40376,43547,73430,35383,38047,41957,20205,21752,10490,4983,5507,
52475,41969,20210,21759,73441,35410,38031,83931,40378,43553,73437,35387,38050,41961,20207,21754,10491,4983,5508,
52480,41973,20212,21761,73448,35412,38036,83939,40382,43557,73444,35391,38053,41965,20208,21757,10492,4984,5508,
52485,41977,20214,21763,73455,35418,38037,83947,40387,43560,73451,35392,38059,41969,20211,21758,10493,4984,5509,
52490,41981,20216,21765,73462,35422,38040,83955,40395,43560,73458,35395,38063,41973,20212,21761,10494,4985,5509,
52495,41985,20219,21766,73469,35426,38043,83963,40400,43563,73465,35397,38068,41977,20213,21764,10495,4986,5509,
52500,41989,20219,21770,73476,35430,38046,83971,40403,43568,73472,35399,38073,41981,20215,21766,10496,4987,5509,
52505,41993,20219,21774,73483,35433,38050,83979,40408,43571,73479,35404,38075,41985,20215,21770,10497,4987,5510,
52510,41997,20222,21775,73490,35436,38054,83987,40413,43574,73486,35406,38080,41989,20217,21772,10498,4987,5511,
52515,42001,20224,21777,73497,35440,38057,83995,40416,43579,73493,35409,38084,41993,20219,21774,10499,4987,5512,
52520,42005,20227,21778,73504,35443,38061,84003,40420,43583,73500,35414,38086,41997,20223,21774,10500,4987,5513,
52525,42009,20228,21781,73511,35447,38064,84011,40424,43587,73507,35416,38091,42001,20224,21777,10501,4987,5514,
52530,42013,20229,21784,73518,35451,38067,84019,40428,43591,73514,35419,38095,42005,20226,21779,10502,4987,5515,
52535,42017,20232,21785,73525,35456,38069,84027,40430,43597,73521,35424,38097,42009,20227,21782,10503,4988,5515,
52540,42021,20235,21786,73532,35459,38073,84035,40436,43599,73528,35427,38101,42013,20229,21784,10504,4989,5515,
52545,42025,20237,21788,73539,35462,38077,84043,40439,43604,73535,35431,38104,42017,20232,21785,10505,4990,5515,
52550,42029,20239,21790,73546,35463,38083,84051,40442,43609,73542,35436,38106,42021,20234,21787,10506,4991,5515,
52555,42033,20241,21792,73553,35468,38085,84059,40444,43615,73549,35438,38111,42025,20236,21789,10507,4991,5516,
52560,42037,20243,21794,73560,35472,38088,84067,40448,43619,73556,35443,38113,42029,20238,21791,10508,4991,5517,
52565,42041,20246,21795,73567,35475,38092,84075,40452,43623,73563,35445,38118,42033,20239,21794,10509,4992,5517,
52570,42045,20249,21796,73574,35479,38095,84083,40455,43628,73570,35448,38122,42037,20240,21797,10510,4993,5517,
52575,42049,20249,21800,73581,35482,38099,84091,40459,43632,73577,35451,38126,42041,20243,21798,10511,4993,5518,
52580,42053,20251,21802,73588,35486,38102,84099,40462,43637,73584,35453,38131,42045,20245,21800,10512,4993,5519,
52585,42057,20252,21805,73595,35490,38105,84107,40468,43639,73591,35455,38136,42049,20248,21801,10513,4994,5519,
52590,42061,20255,21806,73602,35497,38105,84115,40472,43643,73598,35459,38139,42053,20248,21805,10514,4995,5519,
52595,42065,20256,21809,73609,35502,38107,84123,40477,43646,73605,35464,38141,42057,20251,21806,10515,4996,5519,
52600,42069,20257,21812,73616,35504,38112,84131,40482,43649,73612,35469,38143,42061,20252,21809,10516,4997,5519,
52605,42073,20260,21813,73623,35508,38115,84139,40488,43651,73619,35472,38147,42065,20254,21811,10517,4997,5520,
52610,42077,20262,21815,73630,35511,38119,84147,40492,43655,73626,35476,38150,42069,20256,21813,10518,4997,5521,
52615,42081,20264,21817,73637,35516,38121,84155,40497,43658,73633,35479,38154,42073,20256,21817,10519,4997,5522,
52620,42085,20266,21819,73644,35520,38124,84163,40499,43664,73640,35483,38157,42077,20257,21820,10520,4998,5522,
52625,42089,20267,21822,73651,35525,38126,84171,40503,43668,73647,35484,38163,42081,20259,21822,10521,4999,5522,
52630,42093,20270,21823,73658,35527,38131,84179,40509,43670,73654,35489,38165,42085,20260,21825,10522,4999,5523,
52635,42097,20274,21823,73665,35532,38133,84187,40513,43674,73661,35491,38170,42089,20261,21828,10523,4999,5524,
52640,42101,20276,21825,73672,35538,38134,84195,40517,43678,73668,35495,38173,42093,20265,21828,10524,4999,5525,
52645,42105,20279,21826,73679,35542,38137,84203,40521,43682,73675,35498,38177,42097,20267,21830,10525,4999,5526,
52650,42109,20280,21829,73686,35547,38139,84211,40522,43689,73682,35501,38181,42101,20269,21832,10526,5000,5526,
52655,42113,20282,21831,73693,35553,38140,84219,40526,43693,73689,35505,38184,42105,20270,21835,10527,5001,5526,
52660,42117,20283,21834,73700,35557,38143,84227,40531,43696,73696,35508,38188,42109,20272,21837,10528,5002,5526,
52665,42121,20284,21837,73707,35560,38147,84235,40536,43699,73703,35509,38194,42113,20273,21840,10529,5003,5526,
52670,42125,20288,21837,73714,35562,38152,84243,40540,43703,73710,35510,38200,42117,20275,21842,10530,5003,5527,
52675,42129,20290,21839,73721,35565,38156,84251,40541,43710,73717,35514,38203,42121,20277,21844,10531,5003,5528,
52680,42133,20292,21841,73728,35568,38160,84259,40544,43715,73724,35517,38207,42125,20278,21847,10532,5004,5528,
52685,42137,20294,21843,73735,35572,38163,84267,40550,43717,73731,35520,38211,42129,20279,21850,10533,5004,5529,
52690,42141,20296,21845,73742,35577,38165,84275,40554,43721,73738,35522,38216,42133,20279,21854,10534,5004,5530,
52695,42145,20299,21846,73749,35581,38168,84283,40557,43726,73745,35525,38220,42137,20281,21856,10535,5005,5530,
52700,42149,20299,21850,73756,35583,38173,84291,40560,43731,73752,35530,38222,42141,20282,21859,10536,5006,5530,
52705,42153,20300,21853,73763,35586,38177,84299,40563,43736,73759,35532,38227,42145,20283,21862,10537,5006,5531,
52710,42157,20301,21856,73770,35589,38181,84307,40567,43740,73766,35535,38231,42149,20284,21865,10538,5006,5532,
52715,42161,20302,21859,73777,35592,38185,84315,40573,43742,73773,35540,38233,42153,20286,21867,10539,5006,5533,
52720,42165,20303,21862,73784,35596,38188,84323,40576,43747,73780,35543,38237,42157,20288,21869,10540,5006,5534,
52725,42169,20305,21864,73791,35598,38193,84331,40581,43750,73787,35546,38241,42161,20290,21871,10541,5006,5535,
52730,42173,20306,21867,73798,35599,38199,84339,40584,43755,73794,35550,38244,42165,20291,21874,10542,5007,5535,
52735,42177,20309,21868,73805,35604,38201,84347,40588,43759,73801,35552,38249,42169,20293,21876,10543,5007,5536,
52740,42181,20312,21869,73812,35607,38205,84355,40591,43764,73808,35556,38252,42173,20295,21878,10544,5008,5536,
52745,42185,20315,21870,73819,35610,38209,84363,40593,43770,73815,35558,38257,42177,20296,21881,10545,5009,5536,
52750,42189,20317,21872,73826,35615,38211,84371,40594,43777,73822,35561,38261,42181,20298,21883,10546,5009,5537,
52755,42193,20321,21872,73833,35619,38214,84379,40598,43781,73829,35565,38264,42185,20299,21886,10547,5009,5538,
52760,42197,20322,21875,73840,35622,38218,84387,40602,43785,73836,35570,38266,42189,20301,21888,10548,5010,5538,
52765,42201,20325,21876,73847,35626,38221,84395,40609,43786,73843,35573,38270,42193,20303,21890,10549,5011,5538,
52770,42205,20328,21877,73854,35629,38225,84403,40611,43792,73850,35576,38274,42197,20303,21894,10550,5012,5538,
52775,42209,20330,21879,73861,35631,38230,84411,40614,43797,73857,35581,38276,42201,20305,21896,10551,5012,5539,
52780,42213,20332,21881,73868,35633,38235,84419,40618,43801,73864,35582,38282,42205,20308,21897,10552,5012,5540,
52785,42217,20333,21884,73875,35637,38238,84427,40622,43805,73871,35584,38287,42209,20310,21899,10553,5013,5540,
52790,42221,20335,21886,73882,35639,38243,84435,40626,43809,73878,35586,38292,42213,20310,21903,10554,5013,5541,
52795,42225,20337,21888,73889,35642,38247,84443,40629,43814,73885,35588,38297,42217,20314,21903,10555,5013,5542,
52800,42229,20337,21892,73896,35647,38249,84451,40631,43820,73892,35590,38302,42221,20315,21906,10556,5014,5542,
52805,42233,20339,21894,73903,35650,38253,84459,40633,43826,73899,35592,38307,42225,20316,21909,10557,5014,5543,
52810,42237,20341,21896,73910,35653,38257,84467,40638,43829,73906,35595,38311,42229,20318,21911,10558,5015,5543,
52815,42241,20343,21898,73917,35658,38259,84475,40642,43833,73913,35596,38317,42233,20321,21912,10559,5015,5544,
52820,42245,20347,21898,73924,35660,38264,84483,40645,43838,73920,35601,38319,42237,20323,21914,10560,5016,5544,
52825,42249,20350,21899,73931,35663,38268,84491,40650,43841,73927,35603,38324,42241,20325,21916,10561,5016,5545,
52830,42253,20350,21903,73938,35668,38270,84499,40655,43844,73934,35605,38329,42245,20328,21917,10562,5017,5545,
52835,42257,20351,21906,73945,35671,38274,84507,40658,43849,73941,35608,38333,42249,20329,21920,10563,5017,5546,
52840,42261,20353,21908,73952,35674,38278,84515,40665,43850,73948,35612,38336,42253,20331,21922,10564,5017,5547,
52845,42265,20354,21911,73959,35676,38283,84523,40666,43857,73955,35619,38336,42257,20332,21925,10565,5017,5548,
52850,42269,20357,21912,73966,35678,38288,84531,40668,43863,73962,35621,38341,42261,20333,21928,10566,5018,5548,
52855,42273,20359,21914,73973,35681,38292,84539,40672,43867,73969,35623,38346,42265,20336,21929,10567,5019,5548,
52860,42277,20362,21915,73980,35684,38296,84547,40678,43869,73976,35625,38351,42269,20339,21930,10568,5020,5548,
52865,42281,20365,21916,73987,35687,38300,84555,40684,43871,73983,35628,38355,42273,20342,21931,10569,5020,5549,
52870,42285,20366,21919,73994,35691,38303,84563,40690,43873,73990,35629,38361,42277,20344,21933,10570,5020,5550,
52875,42289,20369,21920,74001,35695,38306,84571,40693,43878,73997,35631,38366,42281,20345,21936,10571,5021,5550,
52880,42293,20372,21921,74008,35700,38308,84579,40697,43882,74004,35635,38369,42285,20347,21938,10572,5021,5551,
52885,42297,20375,21922,74015,35701,38314,84587,40703,43884,74011,35636,38375,42289,20349,21940,10573,5022,5551,
52890,42301,20378,21923,74022,35703,38319,84595,40705,43890,74018,35640,38378,42293,20350,21943,10574,5023,5551,
52895,42305,20380,21925,74029,35706,38323,84603,40712,43891,74025,35643,38382,42297,20351,21946,10575,5023,5552,
52900,42309,20381,21928,74036,35712,38324,84611,40715,43896,74032,35645,38387,42301,20354,21947,10576,5024,5552,
52905,42313,20384,21929,74043,35717,38326,84619,40717,43902,74039,35648,38391,42305,20358,21947,10577,5024,5553,
52910,42317,20385,21932,74050,35721,38329,84627,40721,43906,74046,35653,38393,42309,20359,21950,10578,5024,5554,
52915,42321,20387,21934,74057,35724,38333,84635,40724,43911,74053,35657,38396,42313,20360,21953,10579,5025,5554,
52920,42325,20389,21936,74064,35728,38336,84643,40726,43917,74060,35662,38398,42317,20362,21955,10580,5025,5555,
52925,42329,20392,21937,74071,35732,38339,84651,40734,43917,74067,35666,38401,42321,20364,21957,10581,5025,5556,
52930,42333,20393,21940,74078,35733,38345,84659,40740,43919,74074,35668,38406,42325,20366,21959,10582,5025,5557,
52935,42337,20394,21943,74085,35738,38347,84667,40744,43923,74081,35668,38413,42329,20368,21961,10583,5026,5557,
52940,42341,20395,21946,74092,35740,38352,84675,40749,43926,74088,35673,38415,42333,20369,21964,10584,5026,5558,
52945,42345,20396,21949,74099,35742,38357,84683,40754,43929,74095,35675,38420,42337,20373,21964,10585,5027,5558,
52950,42349,20397,21952,74106,35745,38361,84691,40758,43933,74102,35676,38426,42341,20375,21966,10586,5027,5559,
52955,42353,20399,21954,74113,35748,38365,84699,40763,43936,74109,35681,38428,42345,20375,21970,10587,5027,5560,
52960,42357,20401,21956,74120,35750,38370,84707,40767,43940,74116,35685,38431,42349,20377,21972,10588,5027,5561,
52965,42361,20402,21959,74127,35754,38373,84715,40772,43943,74123,35690,38433,42353,20381,21972,10589,5028,5561,
52970,42365,20403,21962,74134,35759,38375,84723,40775,43948,74130,35694,38436,42357,20382,21975,10590,5028,5562,
52975,42369,20407,21962,74141,35763,38378,84731,40779,43952,74137,35697,38440,42361,20384,21977,10591,5028,5563,
52980,42373,20408,21965,74148,35766,38382,84739,40783,43956,74144,35702,38442,42365,20384,21981,10592,5028,5564,
52985,42377,20411,21966,74155,35770,38385,84747,40786,43961,74151,35705,38446,42369,20386,21983,10593,5029,5564,
52990,42381,20414,21967,74162,35773,38389,84755,40791,43964,74158,35710,38448,42373,20387,21986,10594,5030,5564,
52995,42385,20416,21969,74169,35773,38396,84763,40792,43971,74165,35714,38451,42377,20390,21987,10595,5031,5564,
53000,42389,20418,21971,74176,35776,38400,84771,40797,43974,74172,35716,38456,42381,20392,21989,10596,5032,5564,
53005,42393,20419,21974,74183,35782,38401,84779,40801,43978,74179,35719,38460,42385,20395,21990,10597,5032,5565,
53010,42397,20420,21977,74190,35785,38405,84787,40805,43982,74186,35721,38465,42389,20398,21991,10598,5032,5566,
53015,42401,20422,21979,74197,35790,38407,84795,40807,43988,74193,35727,38466,42393,20400,21993,10599,5033,5566,
53020,42405,20425,21980,74204,35793,38411,84803,40812,43991,74200,35732,38468,42397,20401,21996,10600,5034,5566,
53025,42409,20427,21982,74211,35797,38414,84811,40815,43996,74207,35734,38473,42401,20402,21999,10601,5035,5566,
53030,42413,20429,21984,74218,35801,38417,84819,40818,44001,74214,35738,38476,42405,20403,22002,10602,5035,5567,
53035,42417,20433,21984,74225,35802,38423,84827,40820,44007,74221,35742,38479,42409,20404,22005,10603,5036,5567,
53040,42421,20434,21987,74232,35803,38429,84835,40825,44010,74228,35746,38482,42413,20406,22007,10604,5036,5568,
53045,42425,20437,21988,74239,35804,38435,84843,40828,44015,74235,35750,38485,42417,20409,22008,10605,5036,5569,
53050,42429,20440,21989,74246,35810,38436,84851,40832,44019,74242,35755,38487,42421,20410,22011,10606,5036,5570,
53055,42433,20442,21991,74253,35811,38442,84859,40834,44025,74249,35758,38491,42425,20413,22012,10607,5036,5571,
53060,42437,20443,21994,74260,35815,38445,84867,40837,44030,74256,35761,38495,42429,20414,22015,10608,5036,5572,
53065,42441,20444,21997,74267,35822,38445,84875,40841,44034,74263,35765,38498,42433,20415,22018,10609,5036,5573,
53070,42445,20446,21999,74274,35826,38448,84883,40844,44039,74270,35768,38502,42437,20417,22020,10610,5037,5573,
53075,42449,20448,22001,74281,35831,38450,84891,40850,44041,74277,35772,38505,42441,20417,22024,10611,5037,5574,
53080,42453,20448,22005,74288,35834,38454,84899,40852,44047,74284,35774,38510,42445,20419,22026,10612,5037,5575,
53085,42457,20449,22008,74295,35840,38455,84907,40857,44050,74291,35778,38513,42449,20422,22027,10613,5038,5575,
53090,42461,20450,22011,74302,35845,38457,84915,40862,44053,74298,35780,38518,42453,20425,22028,10614,5038,5576,
53095,42465,20452,22013,74309,35848,38461,84923,40867,44056,74305,35784,38521,42457,20426,22031,10615,5038,5577,
53100,42469,20455,22014,74316,35850,38466,84931,40871,44060,74312,35787,38525,42461,20430,22031,10616,5038,5578,
53105,42473,20457,22016,74323,35853,38470,84939,40873,44066,74319,35792,38527,42465,20433,22032,10617,5038,5579,
53110,42477,20459,22018,74330,35856,38474,84947,40877,44070,74326,35797,38529,42469,20435,22034,10618,5038,5580,
53115,42481,20461,22020,74337,35861,38476,84955,40883,44072,74333,35801,38532,42473,20437,22036,10619,5038,5581,
53120,42485,20464,22021,74344,35864,38480,84963,40886,44077,74340,35806,38534,42477,20439,22038,10620,5038,5582,
53125,42489,20466,22023,74351,35868,38483,84971,40888,44083,74347,35809,38538,42481,20441,22040,10621,5038,5583,
53130,42493,20469,22024,74358,35873,38485,84979,40891,44088,74354,35812,38542,42485,20442,22043,10622,5038,5584,
53135,42497,20473,22024,74365,35875,38490,84987,40894,44093,74361,35814,38547,42489,20444,22045,10623,5039,5584,
53140,42501,20477,22024,74372,35878,38494,84995,40898,44097,74368,35815,38553,42493,20446,22047,10624,5039,5585,
53145,42505,20479,22026,74379,35880,38499,85003,40904,44099,74375,35818,38557,42497,20448,22049,10625,5039,5586,
53150,42509,20482,22027,74386,35883,38503,85011,40908,44103,74382,35822,38560,42501,20452,22049,10626,5040,5586,
53155,42513,20483,22030,74393,35888,38505,85019,40912,44107,74389,35827,38562,42505,20454,22051,10627,5041,5586,
53160,42517,20487,22030,74400,35892,38508,85027,40913,44114,74396,35830,38566,42509,20457,22052,10628,5041,5587,
53165,42521,20488,22033,74407,35896,38511,85035,40914,44121,74403,35834,38569,42513,20460,22053,10629,5042,5587,
53170,42525,20488,22037,74414,35899,38515,85043,40919,44124,74410,35838,38572,42517,20462,22055,10630,5042,5588,
53175,42529,20489,22040,74421,35900,38521,85051,40924,44127,74417,35841,38576,42521,20465,22056,10631,5042,5589,
53180,42533,20492,22041,74428,35904,38524,85059,40926,44133,74424,35845,38579,42525,20467,22058,10632,5042,5590,
53185,42537,20495,22042,74435,35906,38529,85067,40930,44137,74431,35849,38582,42529,20470,22059,10633,5042,5591,
53190,42541,20498,22043,74442,35909,38533,85075,40935,44140,74438,35854,38584,42533,20472,22061,10634,5043,5591,
53195,42545,20501,22044,74449,35912,38537,85083,40941,44142,74445,35856,38589,42537,20472,22065,10635,5044,5591,
53200,42549,20502,22047,74456,35917,38539,85091,40946,44145,74452,35859,38593,42541,20473,22068,10636,5044,5592,
53205,42553,20504,22049,74463,35920,38543,85099,40950,44149,74459,35860,38599,42545,20476,22069,10637,5044,5593,
53210,42557,20508,22049,74470,35924,38546,85107,40955,44152,74466,35863,38603,42549,20479,22070,10638,5045,5593,
53215,42561,20509,22052,74477,35925,38552,85115,40958,44157,74473,35866,38607,42553,20482,22071,10639,5045,5594,
53220,42565,20512,22053,74484,35928,38556,85123,40961,44162,74480,35871,38609,42557,20484,22073,10640,5046,5594,
53225,42569,20514,22055,74491,35932,38559,85131,40965,44166,74487,35876,38611,42561,20485,22076,10641,5047,5594,
53230,42573,20516,22057,74498,35935,38563,85139,40970,44169,74494,35879,38615,42565,20487,22078,10642,5048,5594,
53235,42577,20517,22060,74505,35938,38567,85147,40975,44172,74501,35882,38619,42569,20489,22080,10643,5048,5595,
53240,42581,20518,22063,74512,35942,38570,85155,40976,44179,74508,35884,38624,42573,20491,22082,10644,5048,5596,
53245,42585,20520,22065,74519,35944,38575,85163,40978,44185,74515,35888,38627,42577,20494,22083,10645,5049,5596,
53250,42589,20523,22066,74526,35946,38580,85171,40983,44188,74522,35891,38631,42581,20497,22084,10646,5050,5596,
53255,42593,20527,22066,74533,35949,38584,85179,40986,44193,74529,35895,38634,42585,20499,22086,10647,5051,5596,
53260,42597,20529,22068,74540,35953,38587,85187,40990,44197,74536,35896,38640,42589,20501,22088,10648,5052,5596,
53265,42601,20531,22070,74547,35955,38592,85195,40992,44203,74543,35901,38642,42593,20502,22091,10649,5053,5596,
53270,42605,20532,22073,74554,35959,38595,85203,40997,44206,74550,35903,38647,42597,20503,22094,10650,5054,5596,
53275,42609,20534,22075,74561,35964,38597,85211,41000,44211,74557,35909,38648,42601,20507,22094,10651,5054,5597,
53280,42613,20535,22078,74568,35966,38602,85219,41004,44215,74564,35912,38652,42605,20510,22095,10652,5055,5597,
53285,42617,20537,22080,74575,35968,38607,85227,41008,44219,74571,35914,38657,42609,20512,22097,10653,5055,5598,
53290,42621,20539,22082,74582,35970,38612,85235,41012,44223,74578,35916,38662,42613,20514,22099,10654,5056,5598,
53295,42625,20539,22086,74589,35974,38615,85243,41015,44228,74585,35917,38668,42617,20515,22102,10655,5057,5598,
53300,42629,20540,22089,74596,35978,38618,85251,41017,44234,74592,35922,38670,42621,20516,22105,10656,5058,5598,
53305,42633,20542,22091,74603,35980,38623,85259,41020,44239,74599,35926,38673,42625,20519,22106,10657,5058,5599,
53310,42637,20545,22092,74610,35982,38628,85267,41024,44243,74606,35930,38676,42629,20522,22107,10658,5058,5600,
53315,42641,20547,22094,74617,35984,38633,85275,41027,44248,74613,35934,38679,42633,20525,22108,10659,5058,5601,
53320,42645,20549,22096,74624,35986,38638,85283,41032,44251,74620,35940,38680,42637,20527,22110,10660,5059,5601,
53325,42649,20551,22098,74631,35990,38641,85291,41037,44254,74627,35942,38685,42641,20530,22111,10661,5059,5602,
53330,42653,20553,22100,74638,35995,38643,85299,41040,44259,74634,35947,38687,42645,20532,22113,10662,5059,5603,
53335,42657,20555,22102,74645,35996,38649,85307,41043,44264,74641,35951,38690,42649,20534,22115,10663,5059,5604,
53340,42661,20557,22104,74652,35999,38653,85315,41049,44266,74648,35957,38691,42653,20537,22116,10664,5059,5605,
53345,42665,20559,22106,74659,36003,38656,85323,41053,44270,74655,35959,38696,42657,20539,22118,10665,5060,5605,
53350,42669,20561,22108,74666,36006,38660,85331,41058,44273,74662,35961,38701,42661,20541,22120,10666,5060,5606,
53355,42673,20564,22109,74673,36010,38663,85339,41063,44276,74669,35964,38705,42665,20543,22122,10667,5061,5606,
53360,42677,20565,22112,74680,36013,38667,85347,41068,44279,74676,35966,38710,42669,20544,22125,10668,5062,5606,
53365,42681,20568,22113,74687,36016,38671,85355,41071,44284,74683,35970,38713,42673,20544,22129,10669,5062,5607,
53370,42685,20569,22116,74694,36019,38675,85363,41074,44289,74690,35973,38717,42677,20546,22131,10670,5062,5608,
53375,42689,20570,22119,74701,36021,38680,85371,41077,44294,74697,35978,38719,42681,20547,22134,10671,5062,5609,
53380,42693,20571,22122,74708,36025,38683,85379,41078,44301,74704,35983,38721,42685,20549,22136,10672,5062,5610,
53385,42697,20574,22123,74715,36028,38687,85387,41084,44303,74711,35987,38724,42689,20551,22138,10673,5063,5610,
53390,42701,20575,22126,74722,36032,38690,85395,41088,44307,74718,35988,38730,42693,20551,22142,10674,5063,5611,
53395,42705,20576,22129,74729,36036,38693,85403,41091,44312,74725,35990,38735,42697,20553,22144,10675,5064,5611,
53400,42709,20578,22131,74736,36039,38697,85411,41095,44316,74732,35992,38740,42701,20556,22145,10676,5065,5611,
53405,42713,20580,22133,74743,36042,38701,85419,41099,44320,74739,35997,38742,42705,20556,22149,10677,5065,5612,
53410,42717,20582,22135,74750,36044,38706,85427,41102,44325,74746,36000,38746,42709,20557,22152,10678,5066,5612,
53415,42721,20584,22137,74757,36047,38710,85435,41108,44327,74753,36002,38751,42713,20559,22154,10679,5067,5612,
53420,42725,20585,22140,74764,36051,38713,85443,41111,44332,74760,36007,38753,42717,20562,22155,10680,5067,5613,
53425,42729,20587,22142,74771,36054,38717,85451,41116,44335,74767,36011,38756,42721,20564,22157,10681,5068,5613,
53430,42733,20589,22144,74778,36057,38721,85459,41120,44339,74774,36015,38759,42725,20565,22160,10682,5069,5613,
53435,42737,20591,22146,74785,36061,38724,85467,41125,44342,74781,36019,38762,42729,20568,22161,10683,5070,5613,
53440,42741,20594,22147,74792,36061,38731,85475,41129,44346,74788,36020,38768,42733,20572,22161,10684,5071,5613,
53445,42745,20596,22149,74799,36065,38734,85483,41132,44351,74795,36023,38772,42737,20576,22161,10685,5072,5613,
53450,42749,20598,22151,74806,36069,38737,85491,41136,44355,74802,36025,38777,42741,20577,22164,10686,5073,5613,
53455,42753,20598,22155,74813,36072,38741,85499,41140,44359,74809,36030,38779,42745,20578,22167,10687,5074,5613,
53460,42757,20599,22158,74820,36075,38745,85507,41145,44362,74816,36034,38782,42749,20580,22169,10688,5075,5613,
53465,42761,20601,22160,74827,36079,38748,85515,41147,44368,74823,36037,38786,42753,20584,22169,10689,5075,5614,
53470,42765,20603,22162,74834,36081,38753,85523,41151,44372,74830,36040,38790,42757,20586,22171,10690,5076,5614,
53475,42769,20607,22162,74841,36082,38759,85531,41154,44377,74837,36043,38794,42761,20589,22172,10691,5076,5615,
53480,42773,20608,22165,74848,36085,38763,85539,41157,44382,74844,36044,38800,42765,20590,22175,10692,5076,5616,
53485,42777,20609,22168,74855,36089,38766,85547,41159,44388,74851,36047,38804,42769,20592,22177,10693,5077,5616,
53490,42781,20612,22169,74862,36091,38771,85555,41163,44392,74858,36050,38808,42773,20594,22179,10694,5078,5616,
53495,42785,20615,22170,74869,36096,38773,85563,41167,44396,74865,36054,38811,42777,20596,22181,10695,5079,5616,
53500,42789,20616,22173,74876,36099,38777,85571,41171,44400,74872,36055,38817,42781,20599,22182,10696,5079,5617,
53505,42793,20618,22175,74883,36103,38780,85579,41174,44405,74879,36057,38822,42785,20599,22186,10697,5080,5617,
53510,42797,20621,22176,74890,36106,38784,85587,41177,44410,74886,36059,38827,42789,20600,22189,10698,5080,5618,
53515,42801,20622,22179,74897,36110,38787,85595,41181,44414,74893,36066,38827,42793,20602,22191,10699,5080,5619,
53520,42805,20624,22181,74904,36114,38790,85603,41184,44419,74900,36068,38832,42797,20604,22193,10700,5080,5620,
53525,42809,20626,22183,74911,36119,38792,85611,41187,44424,74907,36071,38836,42801,20606,22195,10701,5080,5621,
53530,42813,20628,22185,74918,36123,38795,85619,41192,44427,74914,36076,38838,42805,20606,22199,10702,5080,5622,
53535,42817,20630,22187,74925,36127,38798,85627,41196,44431,74921,36082,38839,42809,20606,22203,10703,5081,5622,
53540,42821,20632,22189,74932,36131,38801,85635,41200,44435,74928,36087,38841,42813,20609,22204,10704,5082,5622,
53545,42825,20634,22191,74939,36134,38805,85643,41204,44439,74935,36091,38844,42817,20612,22205,10705,5083,5622,
53550,42829,20637,22192,74946,36138,38808,85651,41207,44444,74942,36096,38846,42821,20613,22208,10706,5083,5623,
53555,42833,20640,22193,74953,36141,38812,85659,41211,44448,74949,36101,38848,42825,20614,22211,10707,5083,5624,
53560,42837,20644,22193,74960,36145,38815,85667,41213,44454,74956,36101,38855,42829,20616,22213,10708,5083,5625,
53565,42841,20647,22194,74967,36149,38818,85675,41218,44457,74963,36104,38859,42833,20619,22214,10709,5083,5626,
53570,42845,20650,22195,74974,36151,38823,85683,41224,44459,74970,36110,38860,42837,20620,22217,10710,5084,5626,
53575,42849,20652,22197,74981,36154,38827,85691,41230,44461,74977,36115,38862,42841,20622,22219,10711,5085,5626,
53580,42853,20653,22200,74988,36157,38831,85699,41237,44462,74984,36119,38865,42845,20622,22223,10712,5086,5626,
53585,42857,20656,22201,74995,36159,38836,85707,41240,44467,74991,36122,38869,42849,20625,22224,10713,5086,5627,
53590,42861,20657,22204,75002,36163,38839,85715,41244,44471,74998,36124,38874,42853,20627,22226,10714,5087,5627,
53595,42865,20659,22206,75009,36164,38845,85723,41250,44473,75005,36128,38877,42857,20629,22228,10715,5088,5627,
53600,42869,20660,22209,75016,36167,38849,85731,41252,44479,75012,36132,38880,42861,20630,22231,10716,5089,5627,
53605,42873,20662,22211,75023,36169,38854,85739,41254,44485,75019,36134,38885,42865,20632,22233,10717,5090,5627,
53610,42877,20662,22215,75030,36172,38858,85747,41258,44489,75026,36137,38889,42869,20633,22236,10718,5091,5627,
53615,42881,20665,22216,75037,36174,38863,85755,41263,44492,75033,36139,38894,42873,20635,22238,10719,5091,5628,
53620,42885,20666,22219,75044,36178,38866,85763,41266,44497,75040,36142,38898,42877,20637,22240,10720,5091,5629,
53625,42889,20668,22221,75051,36181,38870,85771,41272,44499,75047,36145,38902,42881,20639,22242,10721,5091,5630,
53630,42893,20672,22221,75058,36184,38874,85779,41275,44504,75054,36148,38906,42885,20641,22244,10722,5092,5630,
53635,42897,20673,22224,75065,36189,38876,85787,41278,44509,75061,36152,38909,42889,20642,22247,10723,5092,5631,
53640,42901,20674,22227,75072,36190,38882,85795,41282,44513,75068,36158,38910,42893,20644,22249,10724,5093,5631,
53645,42905,20677,22228,75079,36197,38882,85803,41285,44518,75075,36162,38913,42897,20646,22251,10725,5093,5632,
53650,42909,20679,22230,75086,36200,38886,85811,41289,44522,75082,36163,38919,42901,20648,22253,10726,5093,5633,
53655,42913,20682,22231,75093,36203,38890,85819,41294,44525,75089,36167,38922,42905,20650,22255,10727,5093,5634,
53660,42917,20683,22234,75100,36206,38894,85827,41298,44529,75096,36172,38924,42909,20654,22255,10728,5093,5635,
53665,42921,20686,22235,75107,36210,38897,85835,41302,44533,75103,36176,38927,42913,20656,22257,10729,5093,5636,
53670,42925,20687,22238,75114,36214,38900,85843,41305,44538,75110,36179,38931,42917,20658,22259,10730,5093,5637,
53675,42929,20689,22240,75121,36217,38904,85851,41309,44542,75117,36181,38936,42921,20659,22262,10731,5093,5638,
53680,42933,20691,22242,75128,36222,38906,85859,41311,44548,75124,36184,38940,42925,20660,22265,10732,5094,5638,
53685,42937,20694,22243,75135,36224,38911,85867,41315,44552,75131,36189,38942,42929,20662,22267,10733,5094,5639,
53690,42941,20695,22246,75142,36230,38912,85875,41319,44556,75138,36194,38944,42933,20663,22270,10734,5094,5640,
53695,42945,20698,22247,75149,36234,38915,85883,41324,44559,75145,36198,38947,42937,20665,22272,10735,5094,5641,
53700,42949,20699,22250,75156,36238,38918,85891,41329,44562,75152,36201,38951,42941,20667,22274,10736,5095,5641,
53705,42953,20699,22254,75163,36241,38922,85899,41335,44564,75159,36204,38955,42945,20668,22277,10737,5096,5641,
53710,42957,20701,22256,75170,36246,38924,85907,41339,44568,75166,36208,38958,42949,20671,22278,10738,5096,5642,
53715,42961,20702,22259,75177,36251,38926,85915,41342,44573,75173,36211,38962,42953,20672,22281,10739,5096,5643,
53720,42965,20704,22261,75184,36254,38930,85923,41346,44577,75180,36213,38967,42957,20674,22283,10740,5097,5643,
53725,42969,20706,22263,75191,36256,38935,85931,41349,44582,75187,36215,38972,42961,20675,22286,10741,5098,5643,
53730,42973,20708,22265,75198,36259,38939,85939,41353,44586,75194,36217,38977,42965,20677,22288,10742,5098,5644,
53735,42977,20710,22267,75205,36262,38943,85947,41356,44591,75201,36221,38980,42969,20679,22290,10743,5099,5644,
53740,42981,20711,22270,75212,36265,38947,85955,41360,44595,75208,36225,38983,42973,20681,22292,10744,5099,5645,
53745,42985,20712,22273,75219,36269,38950,85963,41364,44599,75215,36230,38985,42977,20684,22293,10745,5099,5646,
53750,42989,20715,22274,75226,36274,38952,85971,41365,44606,75222,36232,38990,42981,20684,22297,10746,5099,5647,
53755,42993,20716,22277,75233,36278,38955,85979,41370,44609,75229,36235,38994,42985,20687,22298,10747,5100,5647,
53760,42997,20717,22280,75240,36283,38957,85987,41377,44610,75236,36236,39000,42989,20689,22300,10748,5100,5648,
53765,43001,20720,22281,75247,36287,38960,85995,41380,44615,75243,36237,39006,42993,20690,22303,10749,5101,5648,
53770,43005,20722,22283,75254,36289,38965,86003,41381,44622,75250,36241,39009,42997,20692,22305,10750,5101,5649,
53775,43009,20724,22285,75261,36292,38969,86011,41388,44623,75257,36247,39010,43001,20694,22307,10751,5102,5649,
53780,43013,20725,22288,75268,36295,38973,86019,41391,44628,75264,36250,39014,43005,20695,22310,10752,5102,5650,
53785,43017,20725,22292,75275,36296,38979,86027,41398,44629,75271,36255,39016,43009,20697,22312,10753,5102,5651,
53790,43021,20727,22294,75282,36298,38984,86035,41400,44635,75278,36258,39020,43013,20700,22313,10754,5103,5651,
53795,43025,20729,22296,75289,36301,38988,86043,41404,44639,75285,36263,39022,43017,20702,22315,10755,5104,5651,
53800,43029,20730,22299,75296,36304,38992,86051,41405,44646,75292,36264,39028,43021,20704,22317,10756,5105,5651,
53805,43033,20731,22302,75303,36306,38997,86059,41410,44649,75299,36267,39032,43025,20707,22318,10757,5106,5651,
53810,43037,20734,22303,75310,36309,39001,86067,41415,44652,75306,36270,39036,43029,20709,22320,10758,5106,5652,
53815,43041,20736,22305,75317,36312,39005,86075,41418,44657,75313,36274,39039,43033,20712,22321,10759,5106,5653,
53820,43045,20737,22308,75324,36316,39008,86083,41423,44660,75320,36279,39041,43037,20714,22323,10760,5107,5653,
53825,43049,20738,22311,75331,36318,39013,86091,41428,44663,75327,36284,39043,43041,20715,22326,10761,5107,5654,
53830,43053,20740,22313,75338,36320,39018,86099,41430,44669,75334,36288,39046,43045,20719,22326,10762,5107,5655,
53835,43057,20742,22315,75345,36325,39020,86107,41434,44673,75341,36293,39048,43049,20720,22329,10763,5108,5655,
53840,43061,20744,22317,75352,36329,39023,86115,41439,44676,75348,36298,39050,43053,20724,22329,10764,5109,5655,
53845,43065,20747,22318,75359,36331,39028,86123,41441,44682,75355,36302,39053,43057,20724,22333,10765,5109,5656,
53850,43069,20747,22322,75366,36335,39031,86131,41444,44687,75362,36308,39054,43061,20724,22337,10766,5109,5657,
53855,43073,20751,22322,75373,36337,39036,86139,41449,44690,75369,36312,39057,43065,20727,22338,10767,5109,5658,
53860,43077,20752,22325,75380,36341,39039,86147,41451,44696,75376,36317,39059,43069,20729,22340,10768,5109,5659,
53865,43081,20752,22329,75387,36342,39045,86155,41453,44702,75383,36321,39062,43073,20731,22342,10769,5110,5659,
53870,43085,20755,22330,75394,36344,39050,86163,41457,44706,75390,36326,39064,43077,20732,22345,10770,5111,5659,
53875,43089,20756,22333,75401,36348,39053,86171,41462,44709,75397,36328,39069,43081,20734,22347,10771,5111,5660,
53880,43093,20757,22336,75408,36350,39058,86179,41465,44714,75404,36333,39071,43085,20735,22350,10772,5112,5660,
53885,43097,20760,22337,75415,36354,39061,86187,41469,44718,75411,36335,39076,43089,20737,22352,10773,5113,5660,
53890,43101,20762,22339,75422,36358,39064,86195,41474,44721,75418,36338,39080,43093,20739,22354,10774,5114,5660,
53895,43105,20764,22341,75429,36362,39067,86203,41479,44724,75425,36341,39084,43097,20742,22355,10775,5115,5660,
53900,43109,20765,22344,75436,36366,39070,86211,41482,44729,75432,36345,39087,43101,20745,22356,10776,5115,5661,
53905,43113,20766,22347,75443,36371,39072,86219,41485,44734,75439,36347,39092,43105,20745,22360,10777,5116,5661,
53910,43117,20767,22350,75450,36373,39077,86227,41486,44741,75446,36352,39094,43109,20747,22362,10778,5116,5662,
53915,43121,20768,22353,75457,36377,39080,86235,41491,44744,75453,36355,39098,43113,20749,22364,10779,5117,5662,
53920,43125,20770,22355,75464,36382,39082,86243,41497,44746,75460,36357,39103,43117,20753,22364,10780,5118,5662,
53925,43129,20771,22358,75471,36387,39084,86251,41501,44750,75467,36360,39107,43121,20755,22366,10781,5119,5662,
53930,43133,20773,22360,75478,36391,39087,86259,41503,44756,75474,36361,39113,43125,20758,22367,10782,5120,5662,
53935,43137,20774,22363,75485,36394,39091,86267,41507,44760,75481,36364,39117,43129,20761,22368,10783,5120,5663,
53940,43141,20776,22365,75492,36398,39094,86275,41510,44765,75488,36367,39121,43133,20763,22370,10784,5120,5664,
53945,43145,20778,22367,75499,36399,39100,86283,41511,44772,75495,36371,39124,43137,20765,22372,10785,5121,5664,
53950,43149,20780,22369,75506,36402,39104,86291,41514,44777,75502,36374,39128,43141,20768,22373,10786,5122,5664,
53955,43153,20782,22371,75513,36404,39109,86299,41518,44781,75509,36374,39135,43145,20769,22376,10787,5122,5665,
53960,43157,20784,22373,75520,36409,39111,86307,41524,44783,75516,36377,39139,43149,20770,22379,10788,5122,5666,
53965,43161,20785,22376,75527,36413,39114,86315,41530,44785,75523,36380,39143,43153,20773,22380,10789,5122,5667,
53970,43165,20786,22379,75534,36417,39117,86323,41533,44790,75530,36382,39148,43157,20776,22381,10790,5123,5667,
53975,43169,20787,22382,75541,36421,39120,86331,41539,44792,75537,36386,39151,43161,20776,22385,10791,5123,5668,
53980,43173,20789,22384,75548,36424,39124,86339,41544,44795,75544,36390,39154,43165,20779,22386,10792,5123,5669,
53985,43177,20791,22386,75555,36427,39128,86347,41547,44800,75551,36397,39154,43169,20782,22387,10793,5123,5670,
53990,43181,20792,22389,75562,36430,39132,86355,41549,44806,75558,36400,39158,43173,20785,22388,10794,5124,5670,
53995,43185,20792,22393,75569,36435,39134,86363,41551,44812,75565,36406,39159,43177,20787,22390,10795,5124,5671,
54000,43189,20793,22396,75576,36437,39139,86371,41556,44815,75572,36410,39162,43181,20789,22392,10796,5125,5671,
54005,43193,20795,22398,75583,36438,39145,86379,41559,44820,75579,36414,39165,43185,20793,22392,10797,5126,5671,
54010,43197,20796,22401,75590,36441,39149,86387,41565,44822,75586,36418,39168,43189,20794,22395,10798,5127,5671,
54015,43201,20798,22403,75597,36444,39153,86395,41569,44826,75593,36420,39173,43193,20796,22397,10799,5127,5672,
54020,43205,20800,22405,75604,36447,39157,86403,41572,44831,75600,36422,39178,43197,20797,22400,10800,5128,5672,
54025,43209,20802,22407,75611,36450,39161,86411,41576,44835,75607,36423,39184,43201,20800,22401,10801,5128,5673,
54030,43213,20803,22410,75618,36455,39163,86419,41578,44841,75614,36426,39188,43205,20801,22404,10802,5128,5674,
54035,43217,20804,22413,75625,36458,39167,86427,41581,44846,75621,36429,39192,43209,20802,22407,10803,5128,5675,
54040,43221,20807,22414,75632,36463,39169,86435,41587,44848,75628,36433,39195,43213,20803,22410,10804,5129,5675,
54045,43225,20809,22416,75639,36466,39173,86443,41593,44850,75635,36437,39198,43217,20805,22412,10805,5129,5676,
54050,43229,20810,22419,75646,36469,39177,86451,41595,44856,75642,36440,39202,43221,20806,22415,10806,5129,5677,
54055,43233,20814,22419,75653,36475,39178,86459,41597,44862,75649,36444,39205,43225,20807,22418,10807,5129,5678,
54060,43237,20817,22420,75660,36480,39180,86467,41601,44866,75656,36447,39209,43229,20810,22419,10808,5129,5679,
54065,43241,20820,22421,75667,36482,39185,86475,41605,44870,75663,36450,39213,43233,20811,22422,10809,5129,5680,
54070,43245,20821,22424,75674,36483,39191,86483,41607,44876,75670,36456,39214,43237,20814,22423,10810,5129,5681,
54075,43249,20823,22426,75681,36484,39197,86491,41612,44879,75677,36460,39217,43241,20817,22424,10811,5130,5681,
54080,43253,20825,22428,75688,36490,39198,86499,41617,44882,75684,36464,39220,43245,20819,22426,10812,5131,5681,
54085,43257,20828,22429,75695,36494,39201,86507,41622,44885,75691,36469,39222,43249,20823,22426,10813,5131,5682,
54090,43261,20829,22432,75702,36499,39203,86515,41625,44890,75698,36475,39223,43253,20826,22427,10814,5131,5683,
54095,43265,20829,22436,75709,36502,39207,86523,41630,44893,75705,36479,39226,43257,20827,22430,10815,5131,5684,
54100,43269,20830,22439,75716,36506,39210,86531,41634,44897,75712,36486,39226,43261,20828,22433,10816,5131,5685,
54105,43273,20831,22442,75723,36509,39214,86539,41637,44902,75719,36490,39229,43265,20831,22434,10817,5131,5686,
54110,43277,20833,22444,75730,36513,39217,86547,41641,44906,75726,36493,39233,43269,20833,22436,10818,5132,5686,
54115,43281,20836,22445,75737,36518,39219,86555,41643,44912,75733,36494,39239,43273,20835,22438,10819,5133,5686,
54120,43285,20837,22448,75744,36520,39224,86563,41647,44916,75740,36498,39242,43277,20838,22439,10820,5133,5687,
54125,43289,20837,22452,75751,36523,39228,86571,41650,44921,75747,36501,39246,43281,20840,22441,10821,5133,5688,
54130,43293,20838,22455,75758,36527,39231,86579,41655,44924,75754,36504,39250,43285,20842,22443,10822,5134,5688,
54135,43297,20839,22458,75765,36530,39235,86587,41657,44930,75761,36509,39252,43289,20844,22445,10823,5134,5689,
54140,43301,20841,22460,75772,36532,39240,86595,41660,44935,75768,36512,39256,43293,20846,22447,10824,5135,5689,
54145,43305,20843,22462,75779,36534,39245,86603,41662,44941,75775,36516,39259,43297,20848,22449,10825,5135,5690,
54150,43309,20844,22465,75786,36536,39250,86611,41665,44946,75782,36520,39262,43301,20849,22452,10826,5136,5690,
54155,43313,20846,22467,75793,36538,39255,86619,41669,44950,75789,36524,39265,43305,20851,22454,10827,5136,5691,
54160,43317,20849,22468,75800,36543,39257,86627,41672,44955,75796,36526,39270,43309,20854,22455,10828,5137,5691,
54165,43321,20852,22469,75807,36544,39263,86635,41675,44960,75803,36530,39273,43313,20857,22456,10829,5137,5692,
54170,43325,20854,22471,75814,36548,39266,86643,41681,44962,75810,36531,39279,43317,20859,22458,10830,5138,5692,
54175,43329,20857,22472,75821,36552,39269,86651,41683,44968,75817,36537,39280,43321,20862,22459,10831,5139,5692,
54180,43333,20860,22473,75828,36556,39272,86659,41687,44972,75824,36541,39283,43325,20865,22460,10832,5139,5693,
54185,43337,20864,22473,75835,36557,39278,86667,41689,44978,75831,36545,39286,43329,20866,22463,10833,5140,5693,
54190,43341,20867,22474,75842,36562,39280,86675,41693,44982,75838,36547,39291,43333,20869,22464,10834,5141,5693,
54195,43345,20869,22476,75849,36566,39283,86683,41697,44986,75845,36552,39293,43337,20872,22465,10835,5141,5694,
54200,43349,20872,22477,75856,36571,39285,86691,41700,44991,75852,36554,39298,43341,20872,22469,10836,5141,5695,
54205,43353,20875,22478,75863,36573,39290,86699,41704,44995,75859,36556,39303,43345,20875,22470,10837,5141,5696,
54210,43357,20876,22481,75870,36577,39293,86707,41710,44997,75866,36558,39308,43349,20877,22472,10838,5142,5696,
54215,43361,20878,22483,75877,36582,39295,86715,41715,45000,75873,36561,39312,43353,20878,22475,10839,5142,5697,
54220,43365,20881,22484,75884,36584,39300,86723,41716,45007,75880,36565,39315,43357,20880,22477,10840,5143,5697,
54225,43369,20884,22485,75891,36587,39304,86731,41720,45011,75887,36569,39318,43361,20883,22478,10841,5143,5698,
54230,43373,20888,22485,75898,36589,39309,86739,41724,45015,75894,36574,39320,43365,20884,22481,10842,5143,5699,
54235,43377,20890,22487,75905,36592,39313,86747,41728,45019,75901,36579,39322,43369,20887,22482,10843,5144,5699,
54240,43381,20893,22488,75912,36595,39317,86755,41734,45021,75908,36581,39327,43373,20889,22484,10844,5144,5700,
54245,43385,20895,22490,75919,36600,39319,86763,41737,45026,75915,36583,39332,43377,20891,22486,10845,5144,5701,
54250,43389,20897,22492,75926,36604,39322,86771,41741,45030,75922,36587,39335,43381,20894,22487,10846,5144,5702,
54255,43393,20899,22494,75933,36605,39328,86779,41745,45034,75929,36589,39340,43385,20897,22488,10847,5144,5703,
54260,43397,20900,22497,75940,36609,39331,86787,41750,45037,75936,36592,39344,43389,20898,22491,10848,5144,5704,
54265,43401,20903,22498,75947,36615,39332,86795,41756,45039,75943,36593,39350,43393,20901,22492,10849,5144,5705,
54270,43405,20905,22500,75954,36618,39336,86803,41758,45045,75950,36594,39356,43397,20904,22493,10850,5144,5706,
54275,43409,20907,22502,75961,36618,39343,86811,41763,45048,75957,36598,39359,43401,20907,22494,10851,5145,5706,
54280,43413,20910,22503,75968,36618,39350,86819,41767,45052,75964,36601,39363,43405,20909,22496,10852,5146,5706,
54285,43417,20911,22506,75975,36622,39353,86827,41769,45058,75971,36603,39368,43409,20910,22499,10853,5146,5707,
54290,43421,20914,22507,75982,36626,39356,86835,41772,45063,75978,36607,39371,43413,20912,22501,10854,5146,5708,
54295,43425,20916,22509,75989,36627,39362,86843,41774,45069,75985,36612,39373,43417,20915,22502,10855,5146,5709,
54300,43429,20917,22512,75996,36629,39367,86851,41777,45074,75992,36615,39377,43421,20915,22506,10856,5147,5709,
54305,43433,20920,22513,76003,36632,39371,86859,41781,45078,75999,36621,39378,43425,20918,22507,10857,5147,5710,
54310,43437,20922,22515,76010,36636,39374,86867,41785,45082,76006,36625,39381,43429,20921,22508,10858,5147,5711,
54315,43441,20923,22518,76017,36641,39376,86875,41791,45084,76013,36629,39384,43433,20923,22510,10859,5148,5711,
54320,43445,20925,22520,76024,36645,39379,86883,41797,45086,76020,36634,39386,43437,20927,22510,10860,5149,5711,
54325,43449,20926,22523,76031,36648,39383,86891,41801,45090,76027,36639,39388,43441,20928,22513,10861,5150,5711,
54330,43453,20928,22525,76038,36651,39387,86899,41806,45093,76034,36641,39393,43445,20930,22515,10862,5150,5712,
54335,43457,20932,22525,76045,36653,39392,86907,41808,45099,76041,36646,39395,43449,20931,22518,10863,5150,5713,
54340,43461,20933,22528,76052,36654,39398,86915,41813,45102,76048,36648,39400,43453,20932,22521,10864,5150,5714,
54345,43465,20935,22530,76059,36659,39400,86923,41816,45107,76055,36651,39404,43457,20935,22522,10865,5150,5715,
54350,43469,20937,22532,76066,36659,39407,86931,41818,45113,76062,36653,39409,43461,20937,22524,10866,5150,5716,
54355,43473,20939,22534,76073,36662,39411,86939,41820,45119,76069,36656,39413,43465,20939,22526,10867,5151,5716,
54360,43477,20942,22535,76080,36663,39417,86947,41822,45125,76076,36658,39418,43469,20941,22528,10868,5151,5717,
54365,43481,20945,22536,76087,36668,39419,86955,41827,45128,76083,36663,39420,43473,20942,22531,10869,5152,5717,
54370,43485,20947,22538,76094,36672,39422,86963,41829,45134,76090,36666,39424,43477,20944,22533,10870,5152,5718,
54375,43489,20948,22541,76101,36676,39425,86971,41833,45138,76097,36667,39430,43481,20946,22535,10871,5153,5718,
54380,43493,20951,22542,76108,36680,39428,86979,41835,45144,76104,36671,39433,43485,20947,22538,10872,5154,5718,
54385,43497,20952,22545,76115,36683,39432,86987,41840,45147,76111,36674,39437,43489,20950,22539,10873,5155,5718,
54390,43501,20955,22546,76122,36688,39434,86995,41844,45151,76118,36677,39441,43493,20953,22540,10874,5155,5719,
54395,43505,20958,22547,76129,36691,39438,87003,41847,45156,76125,36681,39444,43497,20954,22543,10875,5155,5720,
54400,43509,20960,22549,76136,36696,39440,87011,41851,45160,76132,36685,39447,43501,20954,22547,10876,5155,5721,
54405,43513,20963,22550,76143,36698,39445,87019,41858,45161,76139,36686,39453,43505,20956,22549,10877,5155,5722,
54410,43517,20964,22553,76150,36701,39449,87027,41863,45164,76146,36689,39457,43509,20958,22551,10878,5155,5723,
54415,43521,20967,22554,76157,36705,39452,87035,41867,45168,76153,36693,39460,43513,20959,22554,10879,5155,5724,
54420,43525,20969,22556,76164,36708,39456,87043,41872,45171,76160,36696,39464,43517,20961,22556,10880,5155,5725,
54425,43529,20970,22559,76171,36711,39460,87051,41876,45175,76167,36701,39466,43521,20962,22559,10881,5156,5725,
54430,43533,20972,22561,76178,36713,39465,87059,41879,45180,76174,36705,39469,43525,20966,22559,10882,5156,5726,
54435,43537,20973,22564,76185,36716,39469,87067,41883,45184,76181,36708,39473,43529,20966,22563,10883,5157,5726,
54440,43541,20976,22565,76192,36719,39473,87075,41889,45186,76188,36712,39476,43533,20967,22566,10884,5157,5727,
54445,43545,20977,22568,76199,36721,39478,87083,41892,45191,76195,36715,39480,43537,20968,22569,10885,5158,5727,
54450,43549,20978,22571,76206,36726,39480,87091,41895,45196,76202,36717,39485,43541,20970,22571,10886,5158,5728,
54455,43553,20980,22573,76213,36729,39484,87099,41899,45200,76209,36718,39491,43545,20972,22573,10887,5159,5728,
54460,43557,20983,22574,76220,36732,39488,87107,41904,45203,76216,36723,39493,43549,20974,22575,10888,5160,5728,
54465,43561,20986,22575,76227,36735,39492,87115,41908,45207,76223,36729,39494,43553,20976,22577,10889,5160,5729,
54470,43565,20988,22577,76234,36736,39498,87123,41911,45212,76230,36734,39496,43557,20979,22578,10890,5160,5730,
54475,43569,20991,22578,76241,36740,39501,87131,41915,45216,76237,36738,39499,43561,20980,22581,10891,5160,5731,
54480,43573,20993,22580,76248,36741,39507,87139,41918,45221,76244,36743,39501,43565,20982,22583,10892,5160,5732,
54485,43577,20996,22581,76255,36744,39511,87147,41922,45225,76251,36747,39504,43569,20984,22585,10893,5161,5732,
54490,43581,20997,22584,76262,36750,39512,87155,41925,45230,76258,36747,39511,43573,20986,22587,10894,5162,5732,
54495,43585,20999,22586,76269,36754,39515,87163,41929,45234,76265,36751,39514,43577,20988,22589,10895,5162,5733,
54500,43589,20999,22590,76276,36756,39520,87171,41930,45241,76272,36755,39517,43581,20989,22592,10896,5162,5734,
54505,43593,21001,22592,76283,36760,39523,87179,41935,45244,76279,36757,39522,43585,20991,22594,10897,5163,5734,
54510,43597,21003,22594,76290,36763,39527,87187,41939,45248,76286,36758,39528,43589,20994,22595,10898,5163,5735,
54515,43601,21005,22596,76297,36765,39532,87195,41942,45253,76293,36763,39530,43593,20996,22597,10899,5163,5736,
54520,43605,21007,22598,76304,36770,39534,87203,41945,45258,76300,36764,39536,43597,20998,22599,10900,5163,5737,
54525,43609,21008,22601,76311,36774,39537,87211,41950,45261,76307,36767,39540,43601,20998,22603,10901,5164,5737,
54530,43613,21009,22604,76318,36779,39539,87219,41952,45267,76314,36770,39544,43605,20999,22606,10902,5165,5737,
54535,43617,21009,22608,76325,36783,39542,87227,41957,45270,76321,36773,39548,43609,21001,22608,10903,5165,5738,
54540,43621,21012,22609,76332,36785,39547,87235,41963,45272,76328,36775,39553,43613,21004,22609,10904,5165,5739,
54545,43625,21016,22609,76339,36787,39552,87243,41967,45276,76335,36778,39557,43617,21007,22610,10905,5166,5739,
54550,43629,21017,22612,76346,36789,39557,87251,41967,45284,76342,36784,39558,43621,21009,22612,10906,5167,5739,
54555,43633,21019,22614,76353,36792,39561,87259,41971,45288,76349,36790,39559,43625,21010,22615,10907,5167,5740,
54560,43637,21021,22616,76360,36794,39566,87267,41975,45292,76356,36795,39561,43629,21013,22616,10908,5167,5741,
54565,43641,21025,22616,76367,36797,39570,87275,41979,45296,76363,36797,39566,43633,21015,22618,10909,5167,5742,
54570,43645,21027,22618,76374,36800,39574,87283,41982,45301,76370,36800,39570,43637,21017,22620,10910,5167,5743,
54575,43649,21027,22622,76381,36805,39576,87291,41986,45305,76377,36801,39576,43641,21018,22623,10911,5168,5743,
54580,43653,21030,22623,76388,36808,39580,87299,41990,45309,76384,36804,39580,43645,21021,22624,10912,5168,5744,
54585,43657,21033,22624,76395,36810,39585,87307,41997,45310,76391,36809,39582,43649,21024,22625,10913,5169,5744,
54590,43661,21034,22627,76402,36812,39590,87315,42000,45315,76398,36813,39585,43653,21027,22626,10914,5170,5744,
54595,43665,21037,22628,76409,36813,39596,87323,42005,45318,76405,36816,39589,43657,21028,22629,10915,5171,5744,
54600,43669,21039,22630,76416,36817,39599,87331,42009,45322,76412,36819,39593,43661,21030,22631,10916,5171,5745,
54605,43673,21040,22633,76423,36818,39605,87339,42012,45327,76419,36823,39596,43665,21031,22634,10917,5172,5745,
54610,43677,21043,22634,76430,36822,39608,87347,42016,45331,76426,36827,39599,43669,21034,22635,10918,5172,5746,
54615,43681,21045,22636,76437,36822,39615,87355,42021,45334,76433,36829,39604,43673,21036,22637,10919,5172,5747,
54620,43685,21047,22638,76444,36826,39618,87363,42026,45337,76440,36830,39610,43677,21037,22640,10920,5173,5747,
54625,43689,21051,22638,76451,36830,39621,87371,42028,45343,76447,36833,39614,43681,21040,22641,10921,5173,5748,
54630,43693,21052,22641,76458,36833,39625,87379,42034,45345,76454,36836,39618,43685,21041,22644,10922,5174,5748,
54635,43697,21055,22642,76465,36838,39627,87387,42037,45350,76461,36838,39623,43689,21043,22646,10923,5175,5748,
54640,43701,21057,22644,76472,36841,39631,87395,42043,45352,76468,36843,39625,43693,21045,22648,10924,5175,5749,
54645,43705,21060,22645,76479,36844,39635,87403,42047,45356,76475,36848,39627,43697,21047,22650,10925,5175,5750,
54650,43709,21063,22646,76486,36849,39637,87411,42049,45362,76482,36853,39629,43701,21050,22651,10926,5175,5751,
54655,43713,21065,22648,76493,36854,39639,87419,42053,45366,76489,36858,39631,43705,21054,22651,10927,5175,5752,
54660,43717,21068,22649,76500,36857,39643,87427,42056,45371,76496,36863,39633,43709,21056,22653,10928,5176,5752,
54665,43721,21070,22651,76507,36862,39645,87435,42061,45374,76503,36867,39636,43713,21056,22657,10929,5176,5753,
54670,43725,21072,22653,76514,36864,39650,87443,42065,45378,76510,36870,39640,43717,21058,22659,10930,5177,5753,
54675,43729,21074,22655,76521,36866,39655,87451,42071,45380,76517,36873,39644,43721,21060,22661,10931,5178,5753,
54680,43733,21075,22658,76528,36869,39659,87459,42077,45382,76524,36877,39647,43725,21063,22662,10932,5178,5754,
54685,43737,21076,22661,76535,36870,39665,87467,42082,45385,76531,36880,39651,43729,21064,22665,10933,5178,5755,
54690,43741,21079,22662,76542,36873,39669,87475,42085,45390,76538,36885,39653,43733,21066,22667,10934,5179,5755,
54695,43745,21082,22663,76549,36876,39673,87483,42085,45398,76545,36891,39654,43737,21068,22669,10935,5179,5756,
54700,43749,21083,22666,76556,36882,39674,87491,42088,45403,76552,36896,39656,43741,21071,22670,10936,5180,5756,
54705,43753,21086,22667,76563,36886,39677,87499,42094,45405,76559,36901,39658,43745,21074,22671,10937,5180,5757,
54710,43757,21088,22669,76570,36888,39682,87507,42100,45407,76566,36903,39663,43749,21075,22674,10938,5180,5758,
54715,43761,21090,22671,76577,36890,39687,87515,42105,45410,76573,36907,39666,43753,21076,22677,10939,5180,5759,
54720,43765,21092,22673,76584,36893,39691,87523,42109,45414,76580,36912,39668,43757,21079,22678,10940,5181,5759,
54725,43769,21093,22676,76591,36897,39694,87531,42115,45416,76587,36915,39672,43761,21083,22678,10941,5181,5760,
54730,43773,21096,22677,76598,36901,39697,87539,42119,45420,76594,36919,39675,43765,21083,22682,10942,5181,5761,
54735,43777,21098,22679,76605,36906,39699,87547,42123,45424,76601,36922,39679,43769,21084,22685,10943,5181,5762,
54740,43781,21100,22681,76612,36908,39704,87555,42128,45427,76608,36924,39684,43773,21087,22686,10944,5181,5763,
54745,43785,21103,22682,76619,36911,39708,87563,42133,45430,76615,36928,39687,43777,21091,22686,10945,5182,5763,
54750,43789,21106,22683,76626,36913,39713,87571,42137,45434,76622,36930,39692,43781,21093,22688,10946,5182,5764,
54755,43793,21108,22685,76633,36917,39716,87579,42139,45440,76629,36935,39694,43785,21096,22689,10947,5183,5764,
54760,43797,21111,22686,76640,36920,39720,87587,42142,45445,76636,36939,39697,43789,21098,22691,10948,5183,5765,
54765,43801,21113,22688,76647,36922,39725,87595,42145,45450,76643,36940,39703,43793,21101,22692,10949,5184,5765,
54770,43805,21115,22690,76654,36926,39728,87603,42148,45455,76650,36945,39705,43797,21102,22695,10950,5184,5766,
54775,43809,21116,22693,76661,36930,39731,87611,42150,45461,76657,36949,39708,43801,21103,22698,10951,5184,5767,
54780,43813,21118,22695,76668,36932,39736,87619,42154,45465,76664,36955,39709,43805,21103,22702,10952,5184,5768,
54785,43817,21119,22698,76675,36934,39741,87627,42157,45470,76671,36957,39714,43809,21106,22703,10953,5185,5768,
54790,43821,21122,22699,76682,36937,39745,87635,42162,45473,76678,36960,39718,43813,21107,22706,10954,5185,5769,
54795,43825,21126,22699,76689,36941,39748,87643,42166,45477,76685,36964,39721,43817,21109,22708,10955,5186,5769,
54800,43829,21129,22700,76696,36945,39751,87651,42170,45481,76692,36970,39722,43821,21111,22710,10956,5186,5770,
54805,43833,21131,22702,76703,36946,39757,87659,42172,45487,76699,36975,39724,43825,21113,22712,10957,5187,5770,
54810,43837,21132,22705,76710,36947,39763,87667,42175,45492,76706,36980,39726,43829,21116,22713,10958,5188,5770,
54815,43841,21133,22708,76717,36951,39766,87675,42179,45496,76713,36985,39728,43833,21119,22714,10959,5188,5771,
54820,43845,21133,22712,76724,36953,39771,87683,42183,45500,76720,36989,39731,43837,21120,22717,10960,5189,5771,
54825,43849,21136,22713,76731,36955,39776,87691,42186,45505,76727,36991,39736,43841,21122,22719,10961,5189,5772,
54830,43853,21138,22715,76738,36959,39779,87699,42191,45508,76734,36996,39738,43845,21123,22722,10962,5189,5773,
54835,43857,21140,22717,76745,36963,39782,87707,42196,45511,76741,36998,39743,43849,21125,22724,10963,5189,5774,
54840,43861,21141,22720,76752,36967,39785,87715,42201,45514,76748,37002,39746,43853,21126,22727,10964,5189,5775,
54845,43865,21143,22722,76759,36970,39789,87723,42205,45518,76755,37006,39749,43857,21128,22729,10965,5189,5776,
54850,43869,21144,22725,76766,36974,39792,87731,42207,45524,76762,37009,39753,43861,21130,22731,10966,5189,5777,
54855,43873,21147,22726,76773,36980,39793,87739,42208,45531,76769,37013,39756,43865,21132,22733,10967,5189,5778,
54860,43877,21149,22728,76780,36985,39795,87747,42212,45535,76776,37017,39759,43869,21133,22736,10968,5189,5779,
54865,43881,21151,22730,76787,36986,39801,87755,42219,45536,76783,37020,39763,43873,21134,22739,10969,5189,5780,
54870,43885,21153,22732,76794,36989,39805,87763,42222,45541,76790,37021,39769,43877,21136,22741,10970,5189,5781,
54875,43889,21155,22734,76801,36992,39809,87771,42228,45543,76797,37024,39773,43881,21138,22743,10971,5189,5782,
54880,43893,21158,22735,76808,36994,39814,87779,42230,45549,76804,37026,39778,43885,21140,22745,10972,5189,5783,
54885,43897,21159,22738,76815,36997,39818,87787,42232,45555,76811,37031,39780,43889,21142,22747,10973,5189,5784,
54890,43901,21161,22740,76822,37000,39822,87795,42236,45559,76818,37034,39784,43893,21144,22749,10974,5190,5784,
54895,43905,21161,22744,76829,37003,39826,87803,42240,45563,76825,37036,39789,43897,21147,22750,10975,5191,5784,
54900,43909,21162,22747,76836,37009,39827,87811,42243,45568,76832,37041,39791,43901,21150,22751,10976,5191,5785,
54905,43913,21164,22749,76843,37013,39830,87819,42247,45572,76839,37044,39795,43905,21152,22753,10977,5191,5786,
54910,43917,21166,22751,76850,37016,39834,87827,42251,45576,76846,37046,39800,43909,21155,22754,10978,5191,5787,
54915,43921,21168,22753,76857,37019,39838,87835,42255,45580,76853,37048,39805,43913,21158,22755,10979,5192,5787,
54920,43925,21171,22754,76864,37023,39841,87843,42257,45586,76860,37050,39810,43917,21159,22758,10980,5193,5787,
54925,43929,21173,22756,76871,37026,39845,87851,42261,45590,76867,37051,39816,43921,21161,22760,10981,5194,5787,
54930,43933,21173,22760,76878,37031,39847,87859,42266,45593,76874,37054,39820,43925,21163,22762,10982,5195,5787,
54935,43937,21175,22762,76885,37033,39852,87867,42270,45597,76881,37058,39823,43929,21164,22765,10983,5196,5787,
54940,43941,21177,22764,76892,37040,39852,87875,42276,45599,76888,37062,39826,43933,21167,22766,10984,5197,5787,
54945,43945,21177,22768,76899,37045,39854,87883,42280,45603,76895,37066,39829,43937,21168,22769,10985,5198,5787,
54950,43949,21180,22769,76906,37047,39859,87891,42283,45608,76902,37069,39833,43941,21169,22772,10986,5198,5788,
54955,43953,21182,22771,76913,37052,39861,87899,42288,45611,76909,37071,39838,43945,21170,22775,10987,5198,5789,
54960,43957,21183,22774,76920,37054,39866,87907,42293,45614,76916,37076,39840,43949,21172,22777,10988,5198,5790,
54965,43961,21185,22776,76927,37055,39872,87915,42297,45618,76923,37080,39843,43953,21175,22778,10989,5198,5791,
54970,43965,21187,22778,76934,37058,39876,87923,42298,45625,76930,37085,39845,43957,21176,22781,10990,5198,5792,
54975,43969,21189,22780,76941,37061,39880,87931,42302,45629,76937,37087,39850,43961,21179,22782,10991,5198,5793,
54980,43973,21189,22784,76948,37064,39884,87939,42307,45632,76944,37092,39852,43965,21180,22785,10992,5198,5794,
54985,43977,21190,22787,76955,37068,39887,87947,42311,45636,76951,37095,39856,43969,21182,22787,10993,5199,5794,
54990,43981,21192,22789,76962,37071,39891,87955,42315,45640,76958,37098,39860,43973,21184,22789,10994,5199,5795,
54995,43985,21194,22791,76969,37073,39896,87963,42316,45647,76965,37099,39866,43977,21187,22790,10995,5199,5796,
55000,43989,21198,22791,76976,37077,39899,87971,42321,45650,76972,37099,39873,43981,21189,22792,10996,5200,5796,
55005,43993,21200,22793,76983,37082,39901,87979,42325,45654,76979,37102,39877,43985,21191,22794,10997,5201,5796,
55010,43997,21203,22794,76990,37085,39905,87987,42328,45659,76986,37106,39880,43989,21194,22795,10998,5201,5797,
55015,44001,21205,22796,76997,37087,39910,87995,42331,45664,76993,37108,39885,43993,21197,22796,10999,5201,5798,
55020,44005,21208,22797,77004,37091,39913,88003,42336,45667,77000,37112,39888,43997,21199,22798,11000,5201,5799,
55025,44009,21209,22800,77011,37092,39919,88011,42339,45672,77007,37114,39893,44001,21200,22801,11001,5202,5799,
55030,44013,21211,22802,77018,37095,39923,88019,42344,45675,77014,37118,39896,44005,21202,22803,11002,5203,5799,
55035,44017,21212,22805,77025,37099,39926,88027,42351,45676,77021,37119,39902,44009,21205,22804,11003,5203,5800,
55040,44021,21215,22806,77032,37102,39930,88035,42357,45678,77028,37123,39905,44013,21209,22804,11004,5203,5801,
55045,44025,21218,22807,77039,37105,39934,88043,42359,45684,77035,37128,39907,44017,21212,22805,11005,5203,5802,
55050,44029,21221,22808,77046,37108,39938,88051,42363,45688,77042,37129,39913,44021,21215,22806,11006,5204,5802,
55055,44033,21222,22811,77053,37112,39941,88059,42365,45694,77049,37132,39917,44025,21217,22808,11007,5205,5802,
55060,44037,21224,22813,77060,37117,39943,88067,42370,45697,77056,37137,39919,44029,21220,22809,11008,5206,5802,
55065,44041,21226,22815,77067,37119,39948,88075,42374,45701,77063,37140,39923,44033,21221,22812,11009,5206,5803,
55070,44045,21230,22815,77074,37120,39954,88083,42379,45704,77070,37143,39927,44037,21223,22814,11010,5207,5803,
55075,44049,21232,22817,77081,37124,39957,88091,42385,45706,77077,37144,39933,44041,21224,22817,11011,5207,5804,
55080,44053,21234,22819,77088,37127,39961,88099,42387,45712,77084,37148,39936,44045,21226,22819,11012,5207,5805,
55085,44057,21235,22822,77095,37129,39966,88107,42392,45715,77091,37150,39941,44049,21228,22821,11013,5208,5805,
55090,44061,21238,22823,77102,37133,39969,88115,42393,45722,77098,37154,39944,44053,21231,22822,11014,5209,5805,
55095,44065,21239,22826,77109,37137,39972,88123,42396,45727,77105,37158,39947,44057,21233,22824,11015,5210,5805,
55100,44069,21241,22828,77116,37140,39976,88131,42398,45733,77112,37160,39952,44061,21235,22826,11016,5210,5806,
55105,44073,21243,22830,77123,37144,39979,88139,42401,45738,77119,37165,39954,44065,21236,22829,11017,5211,5806,
55110,44077,21243,22834,77130,37146,39984,88147,42404,45743,77126,37169,39957,44069,21237,22832,11018,5212,5806,
55115,44081,21245,22836,77137,37151,39986,88155,42408,45747,77133,37173,39960,44073,21239,22834,11019,5212,5807,
55120,44085,21248,22837,77144,37154,39990,88163,42410,45753,77140,37178,39962,44077,21241,22836,11020,5212,5808,
55125,44089,21251,22838,77151,37158,39993,88171,42414,45757,77147,37182,39965,44081,21243,22838,11021,5212,5809,
55130,44093,21255,22838,77158,37163,39995,88179,42419,45760,77154,37184,39970,44085,21244,22841,11022,5212,5810,
55135,44097,21258,22839,77165,37168,39997,88187,42426,45761,77161,37185,39976,44089,21245,22844,11023,5213,5810,
55140,44101,21261,22840,77172,37171,40001,88195,42430,45765,77168,37190,39978,44093,21246,22847,11024,5213,5811,
55145,44105,21263,22842,77179,37174,40005,88203,42435,45768,77175,37193,39982,44097,21247,22850,11025,5213,5812,
55150,44109,21264,22845,77186,37179,40007,88211,42441,45770,77182,37195,39987,44101,21247,22854,11026,5214,5812,
55155,44113,21264,22849,77193,37183,40010,88219,42444,45775,77189,37197,39992,44105,21248,22857,11027,5215,5812,
55160,44117,21267,22850,77200,37189,40011,88227,42447,45780,77196,37202,39994,44109,21250,22859,11028,5215,5813,
55165,44121,21268,22853,77207,37195,40012,88235,42450,45785,77203,37205,39998,44113,21252,22861,11029,5215,5814,
55170,44125,21270,22855,77214,37199,40015,88243,42454,45789,77210,37211,39999,44117,21254,22863,11030,5216,5814,
55175,44129,21272,22857,77221,37203,40018,88251,42459,45792,77217,37215,40002,44121,21256,22865,11031,5216,5815,
55180,44133,21274,22859,77228,37207,40021,88259,42463,45796,77224,37220,40004,44125,21258,22867,11032,5217,5815,
55185,44137,21276,22861,77235,37210,40025,88267,42469,45798,77231,37224,40007,44129,21261,22868,11033,5217,5816,
55190,44141,21279,22862,77242,37212,40030,88275,42472,45803,77238,37226,40012,44133,21264,22869,11034,5218,5816,
55195,44145,21281,22864,77249,37216,40033,88283,42473,45810,77245,37230,40015,44137,21266,22871,11035,5219,5816,
55200,44149,21282,22867,77256,37218,40038,88291,42477,45814,77252,37234,40018,44141,21269,22872,11036,5220,5816,
55205,44153,21283,22870,77263,37220,40043,88299,42480,45819,77259,37238,40021,44145,21271,22874,11037,5220,5817,
55210,44157,21285,22872,77270,37223,40047,88307,42485,45822,77266,37243,40023,44149,21274,22875,11038,5220,5818,
55215,44161,21286,22875,77277,37228,40049,88315,42490,45825,77273,37243,40030,44153,21275,22878,11039,5220,5819,
55220,44165,21288,22877,77284,37232,40052,88323,42493,45830,77280,37248,40032,44157,21276,22881,11040,5220,5820,
55225,44169,21291,22878,77291,37235,40056,88331,42496,45835,77287,37251,40036,44161,21279,22882,11041,5220,5821,
55230,44173,21291,22882,77298,37237,40061,88339,42499,45840,77294,37255,40039,44165,21282,22883,11042,5221,5821,
55235,44177,21294,22883,77305,37242,40063,88347,42502,45845,77301,37258,40043,44169,21284,22885,11043,5221,5822,
55240,44181,21296,22885,77312,37247,40065,88355,42506,45849,77308,37260,40048,44173,21287,22886,11044,5221,5823,
55245,44185,21299,22886,77319,37250,40069,88363,42509,45854,77315,37263,40052,44177,21289,22888,11045,5222,5823,
55250,44189,21302,22887,77326,37253,40073,88371,42512,45859,77322,37265,40057,44181,21290,22891,11046,5222,5824,
55255,44193,21304,22889,77333,37257,40076,88379,42518,45861,77329,37268,40061,44185,21292,22893,11047,5223,5824,
55260,44197,21305,22892,77340,37259,40081,88387,42521,45866,77336,37271,40065,44189,21294,22895,11048,5224,5824,
55265,44201,21307,22894,77347,37261,40086,88395,42522,45873,77343,37273,40070,44193,21297,22896,11049,5224,5825,
55270,44205,21309,22896,77354,37266,40088,88403,42529,45874,77350,37277,40073,44197,21299,22898,11050,5224,5826,
55275,44209,21311,22898,77361,37267,40094,88411,42535,45876,77357,37281,40076,44201,21301,22900,11051,5225,5826,
55280,44213,21311,22902,77368,37269,40099,88419,42538,45881,77364,37286,40078,44205,21303,22902,11052,5226,5826,
55285,44217,21313,22904,77375,37274,40101,88427,42544,45883,77371,37289,40082,44209,21306,22903,11053,5226,5827,
55290,44221,21315,22906,77382,37277,40105,88435,42548,45887,77378,37293,40085,44213,21308,22905,11054,5227,5827,
55295,44225,21315,22910,77389,37279,40110,88443,42551,45892,77385,37295,40090,44217,21310,22907,11055,5227,5828,
55300,44229,21318,22911,77396,37281,40115,88451,42558,45893,77392,37300,40092,44221,21311,22910,11056,5227,5829,
55305,44233,21319,22914,77403,37286,40117,88459,42563,45896,77399,37306,40093,44225,21314,22911,11057,5228,5829,
55310,44237,21320,22917,77410,37290,40120,88467,42567,45900,77406,37310,40096,44229,21316,22913,11058,5229,5829,
55315,44241,21323,22918,77417,37295,40122,88475,42572,45903,77413,37313,40100,44233,21318,22915,11059,5230,5829,
55320,44245,21324,22921,77424,37298,40126,88483,42575,45908,77420,37317,40103,44237,21320,22917,11060,5231,5829,
55325,44249,21325,22924,77431,37300,40131,88491,42578,45913,77427,37319,40108,44241,21321,22920,11061,5232,5829,
55330,44253,21327,22926,77438,37303,40135,88499,42580,45919,77434,37320,40114,44245,21323,22922,11062,5232,5830,
55335,44257,21330,22927,77445,37308,40137,88507,42584,45923,77441,37322,40119,44249,21325,22924,11063,5232,5831,
55340,44261,21330,22931,77452,37313,40139,88515,42589,45926,77448,37324,40124,44253,21328,22925,11064,5233,5831,
55345,44265,21331,22934,77459,37315,40144,88523,42594,45929,77455,37326,40129,44257,21329,22928,11065,5233,5832,
55350,44269,21335,22934,77466,37316,40150,88531,42600,45931,77462,37330,40132,44261,21329,22932,11066,5233,5833,
55355,44273,21338,22935,77473,37321,40152,88539,42603,45936,77469,37332,40137,44265,21332,22933,11067,5233,5834,
55360,44277,21342,22935,77480,37325,40155,88547,42607,45940,77476,37335,40141,44269,21335,22934,11068,5233,5835,
55365,44281,21342,22939,77487,37328,40159,88555,42609,45946,77483,37339,40144,44273,21338,22935,11069,5234,5835,
55370,44285,21342,22943,77494,37331,40163,88563,42615,45948,77490,37340,40150,44277,21339,22938,11070,5234,5836,
55375,44289,21342,22947,77501,37336,40165,88571,42620,45951,77497,37342,40155,44281,21343,22938,11071,5234,5837,
55380,44293,21344,22949,77508,37339,40169,88579,42625,45954,77504,37346,40158,44285,21345,22940,11072,5234,5838,
55385,44297,21348,22949,77515,37342,40173,88587,42628,45959,77511,37348,40163,44289,21348,22941,11073,5235,5838,
55390,44301,21350,22951,77522,37347,40175,88595,42632,45963,77518,37354,40164,44293,21350,22943,11074,5236,5838,
55395,44305,21351,22954,77529,37350,40179,88603,42635,45968,77525,37355,40170,44297,21352,22945,11075,5236,5839,
55400,44309,21353,22956,77536,37354,40182,88611,42640,45971,77532,37358,40174,44301,21353,22948,11076,5237,5839,
55405,44313,21356,22957,77543,37356,40187,88619,42644,45975,77539,37361,40178,44305,21357,22948,11077,5238,5839,
55410,44317,21357,22960,77550,37356,40194,88627,42650,45977,77546,37365,40181,44309,21359,22950,11078,5239,5839,
55415,44321,21359,22962,77557,37360,40197,88635,42654,45981,77553,37368,40185,44313,21360,22953,11079,5239,5840,
55420,44325,21361,22964,77564,37364,40200,88643,42660,45983,77560,37371,40189,44317,21361,22956,11080,5239,5841,
55425,44329,21364,22965,77571,37367,40204,88651,42663,45988,77567,37373,40194,44321,21363,22958,11081,5240,5841,
55430,44333,21366,22967,77578,37372,40206,88659,42665,45994,77574,37376,40198,44325,21365,22960,11082,5240,5842,
55435,44337,21368,22969,77585,37375,40210,88667,42669,45998,77581,37379,40202,44329,21366,22963,11083,5240,5843,
55440,44341,21369,22972,77592,37379,40213,88675,42673,46002,77588,37382,40206,44333,21367,22966,11084,5240,5844,
55445,44345,21372,22973,77599,37382,40217,88683,42675,46008,77595,37384,40211,44337,21369,22968,11085,5241,5844,
55450,44349,21375,22974,77606,37384,40222,88691,42680,46011,77602,37387,40215,44341,21373,22968,11086,5241,5845,
55455,44353,21377,22976,77613,37386,40227,88699,42681,46018,77609,37390,40219,44345,21376,22969,11087,5242,5845,
55460,44357,21378,22979,77620,37390,40230,88707,42684,46023,77616,37394,40222,44349,21377,22972,11088,5243,5845,
55465,44361,21381,22980,77627,37394,40233,88715,42690,46025,77623,37396,40227,44353,21379,22974,11089,5243,5846,
55470,44365,21382,22983,77634,37399,40235,88723,42694,46029,77630,37400,40230,44357,21381,22976,11090,5243,5847,
55475,44369,21383,22986,77641,37405,40236,88731,42697,46034,77637,37402,40235,44361,21383,22978,11091,5243,5848,
55480,44373,21387,22986,77648,37410,40238,88739,42702,46037,77644,37407,40237,44365,21386,22979,11092,5244,5848,
55485,44377,21389,22988,77655,37414,40241,88747,42705,46042,77651,37411,40240,44369,21388,22981,11093,5244,5849,
55490,44381,21391,22990,77662,37417,40245,88755,42709,46046,77658,37415,40243,44373,21390,22983,11094,5245,5849,
55495,44385,21392,22993,77669,37420,40249,88763,42713,46050,77665,37416,40249,44377,21390,22987,11095,5245,5850,
55500,44389,21393,22996,77676,37424,40252,88771,42717,46054,77672,37420,40252,44381,21390,22991,11096,5245,5851,
55505,44393,21396,22997,77683,37429,40254,88779,42719,46060,77679,37424,40255,44385,21392,22993,11097,5246,5851,
55510,44397,21399,22998,77690,37431,40259,88787,42723,46064,77686,37428,40258,44389,21394,22995,11098,5246,5852,
55515,44401,21400,23001,77697,37432,40265,88795,42725,46070,77693,37432,40261,44393,21394,22999,11099,5246,5853,
55520,44405,21403,23002,77704,37435,40269,88803,42729,46074,77700,37436,40264,44397,21396,23001,11100,5246,5854,
55525,44409,21404,23005,77711,37437,40274,88811,42734,46077,77707,37438,40269,44401,21398,23003,11101,5247,5854,
55530,44413,21406,23007,77718,37440,40278,88819,42739,46080,77714,37443,40271,44405,21400,23005,11102,5248,5854,
55535,44417,21410,23007,77725,37443,40282,88827,42743,46084,77721,37446,40275,44409,21402,23007,11103,5248,5855,
55540,44421,21412,23009,77732,37448,40284,88835,42750,46085,77728,37451,40277,44413,21403,23010,11104,5248,5856,
55545,44425,21414,23011,77739,37451,40288,88843,42753,46090,77735,37453,40282,44417,21405,23012,11105,5248,5857,
55550,44429,21415,23014,77746,37454,40292,88851,42758,46093,77742,37456,40286,44421,21407,23014,11106,5249,5857,
55555,44433,21417,23016,77753,37457,40296,88859,42762,46097,77749,37460,40289,44425,21409,23016,11107,5249,5858,
55560,44437,21418,23019,77760,37459,40301,88867,42766,46101,77756,37463,40293,44429,21411,23018,11108,5249,5859,
55565,44441,21420,23021,77767,37462,40305,88875,42771,46104,77763,37468,40295,44433,21413,23020,11109,5250,5859,
55570,44445,21422,23023,77774,37464,40310,88883,42774,46109,77770,37472,40298,44437,21414,23023,11110,5251,5859,
55575,44449,21424,23025,77781,37467,40314,88891,42777,46114,77777,37475,40302,44441,21415,23026,11111,5251,5860,
55580,44453,21424,23029,77788,37471,40317,88899,42782,46117,77784,37480,40304,44445,21415,23030,11112,5252,5860,
55585,44457,21426,23031,77795,37473,40322,88907,42784,46123,77791,37483,40308,44449,21416,23033,11113,5253,5860,
55590,44461,21428,23033,77802,37476,40326,88915,42788,46127,77798,37486,40312,44453,21418,23035,11114,5254,5860,
55595,44465,21430,23035,77809,37479,40330,88923,42792,46131,77805,37488,40317,44457,21418,23039,11115,5254,5861,
55600,44469,21432,23037,77816,37482,40334,88931,42797,46134,77812,37495,40317,44461,21420,23041,11116,5254,5862,
55605,44473,21433,23040,77823,37486,40337,88939,42799,46140,77819,37497,40322,44465,21420,23045,11117,5254,5863,
55610,44477,21434,23043,77830,37489,40341,88947,42802,46145,77826,37504,40322,44469,21420,23049,11118,5254,5864,
55615,44481,21438,23043,77837,37492,40345,88955,42805,46150,77833,37508,40325,44473,21423,23050,11119,5254,5865,
55620,44485,21438,23047,77844,37495,40349,88963,42805,46158,77840,37514,40326,44477,21425,23052,11120,5255,5865,
55625,44489,21439,23050,77851,37498,40353,88971,42810,46161,77847,37519,40328,44481,21427,23054,11121,5256,5865,
55630,44493,21441,23052,77858,37502,40356,88979,42815,46164,77854,37524,40330,44485,21429,23056,11122,5257,5865,
55635,44497,21445,23052,77865,37504,40361,88987,42817,46170,77861,37527,40334,44489,21431,23058,11123,5257,5866,
55640,44501,21448,23053,77872,37507,40365,88995,42820,46175,77868,37529,40339,44493,21432,23061,11124,5258,5866,
55645,44505,21451,23054,77879,37511,40368,89003,42821,46182,77875,37534,40341,44497,21434,23063,11125,5258,5867,
55650,44509,21451,23058,77886,37515,40371,89011,42822,46189,77882,37538,40344,44501,21436,23065,11126,5259,5867,
55655,44513,21454,23059,77893,37519,40374,89019,42826,46193,77889,37539,40350,44505,21439,23066,11127,5259,5868,
55660,44517,21456,23061,77900,37523,40377,89027,42829,46198,77896,37543,40353,44509,21440,23069,11128,5259,5869,
55665,44521,21458,23063,77907,37526,40381,89035,42832,46203,77903,37544,40359,44513,21442,23071,11129,5260,5869,
55670,44525,21461,23064,77914,37531,40383,89043,42837,46206,77910,37547,40363,44517,21444,23073,11130,5261,5869,
55675,44529,21463,23066,77921,37533,40388,89051,42843,46208,77917,37549,40368,44521,21444,23077,11131,5261,5870,
55680,44533,21466,23067,77928,37538,40390,89059,42847,46212,77924,37553,40371,44525,21448,23077,11132,5262,5870,
55685,44537,21468,23069,77935,37542,40393,89067,42850,46217,77931,37556,40375,44529,21451,23078,11133,5263,5870,
55690,44541,21472,23069,77942,37547,40395,89075,42854,46221,77938,37561,40377,44533,21454,23079,11134,5264,5870,
55695,44545,21473,23072,77949,37553,40396,89083,42857,46226,77945,37565,40380,44537,21456,23081,11135,5265,5870,
55700,44549,21477,23072,77956,37556,40400,89091,42860,46231,77952,37569,40383,44541,21456,23085,11136,5265,5871,
55705,44553,21480,23073,77963,37558,40405,89099,42863,46236,77959,37571,40388,44545,21459,23086,11137,5266,5871,
55710,44557,21480,23077,77970,37562,40408,89107,42866,46241,77966,37576,40390,44549,21462,23087,11138,5266,5872,
55715,44561,21483,23078,77977,37564,40413,89115,42870,46245,77973,37581,40392,44553,21463,23090,11139,5267,5872,
55720,44565,21484,23081,77984,37567,40417,89123,42874,46249,77980,37582,40398,44557,21466,23091,11140,5267,5873,
55725,44569,21485,23084,77991,37569,40422,89131,42879,46252,77987,37585,40402,44561,21468,23093,11141,5267,5874,
55730,44573,21488,23085,77998,37572,40426,89139,42883,46256,77994,37589,40405,44565,21470,23095,11142,5268,5874,
55735,44577,21489,23088,78005,37573,40432,89147,42884,46263,78001,37593,40408,44569,21471,23098,11143,5268,5875,
55740,44581,21492,23089,78012,37576,40436,89155,42884,46271,78008,37595,40413,44573,21471,23102,11144,5268,5876,
55745,44585,21494,23091,78019,37578,40441,89163,42887,46276,78015,37598,40417,44577,21474,23103,11145,5268,5877,
55750,44589,21495,23094,78026,37583,40443,89171,42890,46281,78022,37601,40421,44581,21476,23105,11146,5269,5877,
55755,44593,21496,23097,78033,37585,40448,89179,42895,46284,78029,37605,40424,44585,21478,23107,11147,5270,5877,
55760,44597,21497,23100,78040,37587,40453,89187,42899,46288,78036,37608,40428,44589,21479,23110,11148,5271,5877,
55765,44601,21497,23104,78047,37591,40456,89195,42904,46291,78043,37614,40429,44593,21480,23113,11149,5271,5878,
55770,44605,21499,23106,78054,37596,40458,89203,42907,46296,78050,37618,40432,44597,21482,23115,11150,5272,5878,
55775,44609,21503,23106,78061,37601,40460,89211,42912,46299,78057,37622,40435,44601,21485,23116,11151,5273,5878,
55780,44613,21505,23108,78068,37603,40465,89219,42915,46304,78064,37627,40437,44605,21487,23118,11152,5273,5879,
55785,44617,21509,23108,78075,37605,40470,89227,42917,46310,78071,37629,40442,44609,21489,23120,11153,5274,5879,
55790,44621,21511,23110,78082,37609,40473,89235,42919,46316,78078,37635,40443,44613,21492,23121,11154,5274,5880,
55795,44625,21514,23111,78089,37611,40478,89243,42923,46320,78085,37640,40445,44617,21492,23125,11155,5275,5880,
55800,44629,21515,23114,78096,37616,40480,89251,42929,46322,78092,37643,40449,44621,21495,23126,11156,5276,5880,
55805,44633,21517,23116,78103,37617,40486,89259,42932,46327,78099,37644,40455,44625,21496,23129,11157,5276,5881,
55810,44637,21517,23120,78110,37620,40490,89267,42935,46332,78106,37650,40456,44629,21499,23130,11158,5277,5881,
55815,44641,21518,23123,78117,37624,40493,89275,42940,46335,78113,37651,40462,44633,21502,23131,11159,5277,5882,
55820,44645,21519,23126,78124,37628,40496,89283,42942,46341,78120,37653,40467,44637,21502,23135,11160,5278,5882,
55825,44649,21522,23127,78131,37631,40500,89291,42947,46344,78127,37655,40472,44641,21504,23137,11161,5278,5883,
55830,44653,21523,23130,78138,37633,40505,89299,42952,46347,78134,37658,40476,44645,21506,23139,11162,5278,5884,
55835,44657,21526,23131,78145,37637,40508,89307,42956,46351,78141,37660,40481,44649,21507,23142,11163,5278,5885,
55840,44661,21526,23135,78152,37641,40511,89315,42960,46355,78148,37662,40486,44653,21508,23145,11164,5278,5886,
55845,44665,21526,23139,78159,37646,40513,89323,42966,46357,78155,37665,40490,44657,21512,23145,11165,5279,5886,
55850,44669,21529,23140,78166,37650,40516,89331,42971,46360,78162,37670,40492,44661,21513,23148,11166,5280,5886,
55855,44673,21529,23144,78173,37652,40521,89339,42974,46365,78169,37674,40495,44665,21515,23150,11167,5280,5887,
55860,44677,21531,23146,78180,37653,40527,89347,42979,46368,78176,37676,40500,44669,21517,23152,11168,5280,5888,
55865,44681,21535,23146,78187,37655,40532,89355,42980,46375,78183,37680,40503,44673,21519,23154,11169,5280,5889,
55870,44685,21538,23147,78194,37658,40536,89363,42987,46376,78190,37682,40508,44677,21522,23155,11170,5280,5890,
55875,44689,21539,23150,78201,37663,40538,89371,42993,46378,78197,37685,40512,44681,21523,23158,11171,5281,5890,
55880,44693,21541,23152,78208,37666,40542,89379,42999,46380,78204,37688,40516,44685,21524,23161,11172,5281,5891,
55885,44697,21544,23153,78215,37671,40544,89387,43001,46386,78211,37689,40522,44689,21528,23161,11173,5281,5892,
55890,44701,21546,23155,78222,37674,40548,89395,43005,46390,78218,37692,40526,44693,21531,23162,11174,5281,5893,
55895,44705,21549,23156,78229,37679,40550,89403,43008,46395,78225,37697,40528,44697,21533,23164,11175,5281,5894,
55900,44709,21551,23158,78236,37684,40552,89411,43012,46399,78232,37702,40530,44701,21536,23165,11176,5281,5895,
55905,44713,21553,23160,78243,37686,40557,89419,43015,46404,78239,37704,40535,44705,21540,23165,11177,5281,5896,
55910,44717,21554,23163,78250,37688,40562,89427,43019,46408,78246,37709,40537,44709,21541,23168,11178,5282,5896,
55915,44721,21556,23165,78257,37689,40568,89435,43022,46413,78253,37713,40540,44713,21542,23171,11179,5282,5897,
55920,44725,21559,23166,78264,37694,40570,89443,43023,46420,78260,37718,40542,44717,21545,23172,11180,5283,5897,
55925,44729,21561,23168,78271,37698,40573,89451,43028,46423,78267,37723,40544,44721,21547,23174,11181,5284,5897,
55930,44733,21563,23170,78278,37702,40576,89459,43032,46427,78274,37727,40547,44725,21547,23178,11182,5284,5898,
55935,44737,21564,23173,78285,37707,40578,89467,43036,46431,78281,37729,40552,44729,21551,23178,11183,5284,5899,
55940,44741,21566,23175,78292,37711,40581,89475,43043,46432,78288,37733,40555,44733,21551,23182,11184,5285,5899,
55945,44745,21569,23176,78299,37714,40585,89483,43049,46434,78295,37734,40561,44737,21554,23183,11185,5286,5899,
55950,44749,21571,23178,78306,37719,40587,89491,43052,46439,78302,37738,40564,44741,21556,23185,11186,5287,5899,
55955,44753,21573,23180,78313,37723,40590,89499,43054,46445,78309,37739,40570,44745,21557,23188,11187,5288,5899,
55960,44757,21575,23182,78320,37727,40593,89507,43059,46448,78316,37742,40574,44749,21559,23190,11188,5289,5899,
55965,44761,21578,23183,78327,37730,40597,89515,43062,46453,78323,37744,40579,44753,21562,23191,11189,5289,5900,
55970,44765,21579,23186,78334,37735,40599,89523,43065,46458,78330,37748,40582,44757,21565,23192,11190,5290,5900,
55975,44769,21582,23187,78341,37736,40605,89531,43070,46461,78337,37754,40583,44761,21567,23194,11191,5290,5901,
55980,44773,21584,23189,78348,37738,40610,89539,43072,46467,78344,37758,40586,44765,21569,23196,11192,5290,5902,
55985,44777,21586,23191,78355,37740,40615,89547,43074,46473,78351,37759,40592,44769,21570,23199,11193,5290,5903,
55990,44781,21589,23192,78362,37744,40618,89555,43076,46479,78358,37762,40596,44773,21572,23201,11194,5291,5903,
55995,44785,21592,23193,78369,37748,40621,89563,43079,46484,78365,37764,40601,44777,21576,23201,11195,5292,5903,
56000,44789,21592,23197,78376,37752,40624,89571,43084,46487,78372,37769,40603,44781,21578,23203,11196,5293,5903,
56005,44793,21594,23199,78383,37756,40627,89579,43088,46491,78379,37770,40609,44785,21579,23206,11197,5294,5903,
56010,44797,21596,23201,78390,37759,40631,89587,43095,46492,78386,37772,40614,44789,21581,23208,11198,5295,5903,
56015,44801,21597,23204,78397,37763,40634,89595,43101,46494,78393,37775,40618,44793,21584,23209,11199,5295,5904,
56020,44805,21599,23206,78404,37765,40639,89603,43105,46498,78400,37778,40622,44797,21586,23211,11200,5295,5905,
56025,44809,21601,23208,78411,37770,40641,89611,43109,46502,78407,37780,40627,44801,21586,23215,11201,5296,5905,
56030,44813,21602,23211,78418,37771,40647,89619,43112,46507,78414,37783,40631,44805,21587,23218,11202,5296,5906,
56035,44817,21604,23213,78425,37775,40650,89627,43115,46512,78421,37784,40637,44809,21589,23220,11203,5297,5906,
56040,44821,21606,23215,78432,37777,40655,89635,43119,46516,78428,37787,40641,44813,21591,23222,11204,5298,5906,
56045,44825,21607,23218,78439,37781,40658,89643,43124,46519,78435,37789,40646,44817,21591,23226,11205,5298,5907,
56050,44829,21610,23219,78446,37786,40660,89651,43126,46525,78442,37792,40650,44821,21593,23228,11206,5299,5907,
56055,44833,21613,23220,78453,37791,40662,89659,43131,46528,78449,37796,40653,44825,21594,23231,11207,5300,5907,
56060,44837,21615,23222,78460,37797,40663,89667,43136,46531,78456,37801,40655,44829,21597,23232,11208,5300,5908,
56065,44841,21615,23226,78467,37801,40666,89675,43142,46533,78463,37803,40660,44833,21598,23235,11209,5300,5909,
56070,44845,21616,23229,78474,37804,40670,89683,43143,46540,78470,37806,40664,44837,21600,23237,11210,5301,5909,
56075,44849,21616,23233,78481,37808,40673,89691,43146,46545,78477,37809,40668,44841,21601,23240,11211,5301,5910,
56080,44853,21617,23236,78488,37814,40674,89699,43150,46549,78484,37810,40674,44845,21605,23240,11212,5301,5911,
56085,44857,21618,23239,78495,37819,40676,89707,43154,46553,78491,37813,40678,44849,21609,23240,11213,5301,5912,
56090,44861,21621,23240,78502,37822,40680,89715,43159,46556,78498,37816,40682,44853,21613,23240,11214,5301,5913,
56095,44865,21622,23243,78509,37826,40683,89723,43162,46561,78505,37819,40686,44857,21613,23244,11215,5302,5913,
56100,44869,21624,23245,78516,37829,40687,89731,43165,46566,78512,37822,40690,44861,21613,23248,11216,5302,5914,
56105,44873,21624,23249,78523,37830,40693,89739,43168,46571,78519,37826,40693,44865,21614,23251,11217,5302,5915,
56110,44877,21626,23251,78530,37833,40697,89747,43173,46574,78526,37830,40696,44869,21616,23253,11218,5302,5916,
56115,44881,21629,23252,78537,37840,40697,89755,43175,46580,78533,37834,40699,44873,21616,23257,11219,5303,5916,
56120,44885,21630,23255,78544,37844,40700,89763,43177,46586,78540,37837,40703,44877,21617,23260,11220,5304,5916,
56125,44889,21630,23259,78551,37847,40704,89771,43180,46591,78547,37842,40705,44881,21619,23262,11221,5305,5916,
56130,44893,21632,23261,78558,37852,40706,89779,43183,46596,78554,37847,40707,44885,21622,23263,11222,5305,5917,
56135,44897,21635,23262,78565,37856,40709,89787,43189,46598,78561,37850,40711,44889,21624,23265,11223,5306,5917,
56140,44901,21639,23262,78572,37859,40713,89795,43191,46604,78568,37856,40712,44893,21625,23268,11224,5307,5917,
56145,44905,21642,23263,78579,37860,40719,89803,43194,46609,78575,37859,40716,44897,21627,23270,11225,5308,5917,
56150,44909,21645,23264,78586,37865,40721,89811,43198,46613,78582,37860,40722,44901,21631,23270,11226,5308,5918,
56155,44913,21646,23267,78593,37867,40726,89819,43202,46617,78589,37863,40726,44905,21633,23272,11227,5309,5918,
56160,44917,21648,23269,78600,37872,40728,89827,43208,46619,78596,37865,40731,44909,21633,23276,11228,5309,5919,
56165,44921,21649,23272,78607,37876,40731,89835,43211,46624,78603,37868,40735,44913,21636,23277,11229,5309,5920,
56170,44925,21649,23276,78614,37878,40736,89843,43216,46627,78610,37872,40738,44917,21638,23279,11230,5309,5921,
56175,44929,21649,23280,78621,37882,40739,89851,43220,46631,78617,37874,40743,44921,21638,23283,11231,5310,5921,
56180,44933,21651,23282,78628,37885,40743,89859,43226,46633,78624,37879,40745,44925,21640,23285,11232,5310,5922,
56185,44937,21652,23285,78635,37889,40746,89867,43228,46639,78631,37882,40749,44929,21643,23286,11233,5310,5923,
56190,44941,21655,23286,78642,37893,40749,89875,43231,46644,78638,37887,40751,44933,21645,23288,11234,5310,5924,
56195,44945,21655,23290,78649,37896,40753,89883,43232,46651,78645,37891,40754,44937,21648,23289,11235,5311,5924,
56200,44949,21658,23291,78656,37897,40759,89891,43236,46655,78652,37894,40758,44941,21652,23289,11236,5312,5924,
56205,44953,21661,23292,78663,37901,40762,89899,43239,46660,78659,37897,40762,44945,21655,23290,11237,5312,5925,
56210,44957,21663,23294,78670,37904,40766,89907,43243,46664,78666,37901,40765,44949,21656,23293,11238,5312,5926,
56215,44961,21667,23294,78677,37907,40770,89915,43247,46668,78673,37906,40767,44953,21658,23295,11239,5312,5927,
56220,44965,21669,23296,78684,37909,40775,89923,43249,46674,78680,37909,40771,44957,21658,23299,11240,5312,5928,
56225,44969,21672,23297,78691,37912,40779,89931,43252,46679,78687,37915,40772,44961,21660,23301,11241,5313,5928,
56230,44973,21675,23298,78698,37914,40784,89939,43256,46683,78694,37920,40774,44965,21662,23303,11242,5314,5928,
56235,44977,21676,23301,78705,37917,40788,89947,43258,46689,78701,37924,40777,44969,21664,23305,11243,5314,5929,
56240,44981,21680,23301,78712,37922,40790,89955,43262,46693,78708,37930,40778,44973,21666,23307,11244,5314,5930,
56245,44985,21682,23303,78719,37927,40792,89963,43267,46696,78715,37933,40782,44977,21667,23310,11245,5314,5931,
56250,44989,21685,23304,78726,37931,40795,89971,43270,46701,78722,37937,40785,44981,21669,23312,11246,5315,5931,
56255,44993,21687,23306,78733,37934,40799,89979,43272,46707,78729,37940,40789,44985,21672,23313,11247,5316,5931,
56260,44997,21688,23309,78740,37936,40804,89987,43277,46710,78736,37944,40792,44989,21672,23317,11248,5316,5932,
56265,45001,21690,23311,78747,37940,40807,89995,43281,46714,78743,37945,40798,44993,21673,23320,11249,5317,5932,
56270,45005,21692,23313,78754,37942,40812,90003,43284,46719,78750,37947,40803,44997,21677,23320,11250,5317,5933,
56275,45009,21693,23316,78761,37946,40815,90011,43286,46725,78757,37951,40806,45001,21678,23323,11251,5318,5933,
56280,45013,21697,23316,78768,37949,40819,90019,43291,46728,78764,37954,40810,45005,21679,23326,11252,5318,5934,
56285,45017,21699,23318,78775,37953,40822,90027,43296,46731,78771,37957,40814,45009,21681,23328,11253,5318,5935,
56290,45021,21701,23320,78782,37956,40826,90035,43300,46735,78778,37961,40817,45013,21682,23331,11254,5318,5936,
56295,45025,21704,23321,78789,37961,40828,90043,43303,46740,78785,37964,40821,45017,21684,23333,11255,5318,5937,
56300,45029,21706,23323,78796,37963,40833,90051,43305,46746,78792,37965,40827,45021,21687,23334,11256,5318,5938,
56305,45033,21707,23326,78803,37966,40837,90059,43311,46748,78799,37969,40830,45025,21689,23336,11257,5319,5938,
56310,45037,21709,23328,78810,37971,40839,90067,43314,46753,78806,37973,40833,45029,21690,23339,11258,5320,5938,
56315,45041,21712,23329,78817,37974,40843,90075,43320,46755,78813,37977,40836,45033,21692,23341,11259,5320,5939,
56320,45045,21714,23331,78824,37976,40848,90083,43323,46760,78820,37981,40839,45037,21694,23343,11260,5321,5939,
56325,45049,21716,23333,78831,37980,40851,90091,43325,46766,78827,37984,40843,45041,21697,23344,11261,5321,5940,
56330,45053,21717,23336,78838,37984,40854,90099,43329,46770,78834,37989,40845,45045,21701,23344,11262,5322,5940,
56335,45057,21719,23338,78845,37985,40860,90107,43331,46776,78841,37994,40847,45049,21703,23346,11263,5323,5940,
56340,45061,21722,23339,78852,37988,40864,90115,43335,46780,78848,37997,40851,45053,21705,23348,11264,5323,5941,
56345,45065,21725,23340,78859,37990,40869,90123,43339,46784,78855,38002,40853,45057,21708,23349,11265,5323,5942,
56350,45069,21727,23342,78866,37994,40872,90131,43344,46787,78862,38007,40855,45061,21712,23349,11266,5323,5943,
56355,45073,21730,23343,78873,37996,40877,90139,43346,46793,78869,38010,40859,45065,21714,23351,11267,5323,5944,
56360,45077,21734,23343,78880,37999,40881,90147,43350,46797,78876,38012,40864,45069,21716,23353,11268,5324,5944,
56365,45081,21737,23344,78887,38003,40884,90155,43354,46801,78883,38016,40867,45073,21718,23355,11269,5324,5945,
56370,45085,21739,23346,78894,38007,40887,90163,43360,46803,78890,38021,40869,45077,21720,23357,11270,5324,5946,
56375,45089,21740,23349,78901,38010,40891,90171,43361,46810,78897,38025,40872,45081,21723,23358,11271,5325,5946,
56380,45093,21743,23350,78908,38011,40897,90179,43362,46817,78904,38028,40876,45085,21726,23359,11272,5325,5947,
56385,45097,21745,23352,78915,38014,40901,90187,43366,46821,78911,38033,40878,45089,21729,23360,11273,5326,5947,
56390,45101,21746,23355,78922,38018,40904,90195,43370,46825,78918,38035,40883,45093,21732,23361,11274,5326,5948,
56395,45105,21749,23356,78929,38020,40909,90203,43372,46831,78925,38038,40887,45097,21734,23363,11275,5326,5949,
56400,45109,21750,23359,78936,38024,40912,90211,43373,46838,78932,38043,40889,45101,21735,23366,11276,5326,5950,
56405,45113,21752,23361,78943,38029,40914,90219,43376,46843,78939,38046,40893,45105,21738,23367,11277,5327,5950,
56410,45117,21752,23365,78950,38034,40916,90227,43380,46847,78946,38050,40896,45109,21740,23369,11278,5328,5950,
56415,45121,21755,23366,78957,38037,40920,90235,43381,46854,78953,38054,40899,45113,21741,23372,11279,5328,5951,
56420,45125,21756,23369,78964,38038,40926,90243,43387,46856,78960,38058,40902,45117,21743,23374,11280,5329,5951,
56425,45129,21758,23371,78971,38041,40930,90251,43390,46861,78967,38062,40905,45121,21745,23376,11281,5329,5952,
56430,45133,21760,23373,78978,38045,40933,90259,43394,46865,78974,38065,40909,45125,21748,23377,11282,5329,5953,
56435,45137,21760,23377,78985,38049,40936,90267,43400,46867,78981,38067,40914,45129,21751,23378,11283,5329,5954,
56440,45141,21762,23379,78992,38054,40938,90275,43402,46873,78988,38073,40915,45133,21752,23381,11284,5330,5954,
56445,45145,21766,23379,78999,38057,40942,90283,43403,46880,78995,38075,40920,45137,21752,23385,11285,5331,5954,
56450,45149,21770,23379,79006,38059,40947,90291,43406,46885,79002,38079,40923,45141,21753,23388,11286,5332,5954,
56455,45153,21772,23381,79013,38061,40952,90299,43409,46890,79009,38080,40929,45145,21754,23391,11287,5332,5955,
56460,45157,21773,23384,79020,38064,40956,90307,43411,46896,79016,38083,40933,45149,21755,23394,11288,5333,5955,
56465,45161,21776,23385,79027,38066,40961,90315,43414,46901,79023,38088,40935,45153,21756,23397,11289,5333,5956,
56470,45165,21779,23386,79034,38069,40965,90323,43419,46904,79030,38090,40940,45157,21759,23398,11290,5333,5957,
56475,45169,21782,23387,79041,38073,40968,90331,43421,46910,79037,38094,40943,45161,21762,23399,11291,5334,5957,
56480,45173,21784,23389,79048,38078,40970,90339,43424,46915,79044,38100,40944,45165,21764,23401,11292,5334,5958,
56485,45177,21786,23391,79055,38083,40972,90347,43427,46920,79051,38104,40947,45169,21767,23402,11293,5335,5958,
56490,45181,21787,23394,79062,38089,40973,90355,43430,46925,79058,38107,40951,45173,21769,23404,11294,5336,5958,
56495,45185,21789,23396,79069,38089,40980,90363,43435,46928,79065,38109,40956,45177,21771,23406,11295,5336,5959,
56500,45189,21792,23397,79076,38093,40983,90371,43439,46932,79072,38112,40960,45181,21773,23408,11296,5337,5959,
56505,45193,21794,23399,79083,38096,40987,90379,43443,46936,79079,38115,40964,45185,21774,23411,11297,5337,5960,
56510,45197,21795,23402,79090,38098,40992,90387,43446,46941,79086,38120,40966,45189,21776,23413,11298,5337,5961,
56515,45201,21796,23405,79097,38103,40994,90395,43447,46948,79093,38123,40970,45193,21778,23415,11299,5337,5962,
56520,45205,21797,23408,79104,38104,41000,90403,43452,46951,79100,38126,40974,45197,21780,23417,11300,5337,5963,
56525,45209,21801,23408,79111,38109,41002,90411,43456,46955,79107,38130,40977,45201,21782,23419,11301,5338,5963,
56530,45213,21804,23409,79118,38109,41009,90419,43459,46960,79114,38134,40980,45205,21784,23421,11302,5339,5963,
56535,45217,21806,23411,79125,38112,41013,90427,43464,46963,79121,38138,40983,45209,21786,23423,11303,5339,5964,
56540,45221,21808,23413,79132,38116,41016,90435,43469,46966,79128,38143,40985,45213,21787,23426,11304,5339,5965,
56545,45225,21811,23414,79139,38119,41020,90443,43475,46968,79135,38146,40989,45217,21789,23428,11305,5339,5966,
56550,45229,21814,23415,79146,38121,41025,90451,43478,46973,79142,38147,40995,45221,21790,23431,11306,5340,5966,
56555,45233,21814,23419,79153,38125,41028,90459,43481,46978,79149,38151,40998,45225,21793,23432,11307,5340,5967,
56560,45237,21815,23422,79160,38129,41031,90467,43483,46984,79156,38153,41003,45229,21794,23435,11308,5340,5968,
56565,45241,21816,23425,79167,38131,41036,90475,43489,46986,79163,38157,41006,45233,21797,23436,11309,5340,5969,
56570,45245,21816,23429,79174,38137,41037,90483,43494,46989,79170,38161,41009,45237,21800,23437,11310,5340,5970,
56575,45249,21818,23431,79181,38140,41041,90491,43495,46996,79177,38164,41013,45241,21803,23438,11311,5340,5971,
56580,45253,21820,23433,79188,38143,41045,90499,43499,47000,79184,38168,41016,45245,21805,23440,11312,5340,5972,
56585,45257,21822,23435,79195,38147,41048,90507,43503,47004,79191,38171,41020,45249,21807,23442,11313,5341,5972,
56590,45261,21824,23437,79202,38149,41053,90515,43508,47007,79198,38176,41022,45253,21808,23445,11314,5342,5972,
56595,45265,21828,23437,79209,38151,41058,90523,43514,47009,79205,38179,41026,45257,21809,23448,11315,5342,5973,
56600,45269,21830,23439,79216,38154,41062,90531,43517,47014,79212,38185,41027,45261,21811,23450,11316,5343,5973,
56605,45273,21831,23442,79223,38157,41066,90539,43519,47020,79219,38188,41031,45265,21814,23451,11317,5343,5974,
56610,45277,21832,23445,79230,38160,41070,90547,43523,47024,79226,38193,41033,45269,21815,23454,11318,5343,5975,
56615,45281,21834,23447,79237,38160,41077,90555,43525,47030,79233,38198,41035,45273,21817,23456,11319,5343,5976,
56620,45285,21837,23448,79244,38162,41082,90563,43529,47034,79240,38199,41041,45277,21821,23456,11320,5343,5977,
56625,45289,21838,23451,79251,38165,41086,90571,43534,47037,79247,38202,41045,45281,21822,23459,11321,5344,5977,
56630,45293,21842,23451,79258,38168,41090,90579,43538,47041,79254,38203,41051,45285,21824,23461,11322,5344,5978,
56635,45297,21845,23452,79265,38173,41092,90587,43543,47044,79261,38206,41055,45289,21826,23463,11323,5345,5978,
56640,45301,21847,23454,79272,38176,41096,90595,43547,47048,79268,38208,41060,45293,21829,23464,11324,5345,5979,
56645,45305,21850,23455,79279,38178,41101,90603,43552,47051,79275,38212,41063,45297,21829,23468,11325,5345,5980,
56650,45309,21852,23457,79286,38181,41105,90611,43555,47056,79282,38216,41066,45301,21831,23470,11326,5346,5980,
56655,45313,21855,23458,79293,38184,41109,90619,43558,47061,79289,38221,41068,45305,21833,23472,11327,5346,5981,
56660,45317,21857,23460,79300,38186,41114,90627,43563,47064,79296,38226,41070,45309,21833,23476,11328,5346,5982,
56665,45321,21857,23464,79307,38189,41118,90635,43567,47068,79303,38229,41074,45313,21835,23478,11329,5346,5983,
56670,45325,21860,23465,79314,38192,41122,90643,43572,47071,79310,38230,41080,45317,21837,23480,11330,5346,5984,
56675,45329,21863,23466,79321,38196,41125,90651,43578,47073,79317,38233,41084,45321,21838,23483,11331,5346,5985,
56680,45333,21866,23467,79328,38200,41128,90659,43583,47076,79324,38239,41085,45325,21840,23485,11332,5347,5985,
56685,45337,21868,23469,79335,38204,41131,90667,43588,47079,79331,38242,41089,45329,21841,23488,11333,5347,5986,
56690,45341,21869,23472,79342,38207,41135,90675,43591,47084,79338,38244,41094,45333,21843,23490,11334,5348,5986,
56695,45345,21872,23473,79349,38210,41139,90683,43596,47087,79345,38248,41097,45337,21844,23493,11335,5348,5987,
56700,45349,21876,23473,79356,38215,41141,90691,43601,47090,79352,38252,41100,45341,21845,23496,11336,5349,5987,
56705,45353,21878,23475,79363,38221,41142,90699,43602,47097,79359,38256,41103,45345,21845,23500,11337,5350,5987,
56710,45357,21881,23476,79370,38226,41144,90707,43607,47100,79366,38259,41107,45349,21848,23501,11338,5350,5988,
56715,45361,21883,23478,79377,38230,41147,90715,43609,47106,79373,38262,41111,45353,21850,23503,11339,5351,5988,
56720,45365,21886,23479,79384,38233,41151,90723,43614,47109,79380,38264,41116,45357,21851,23506,11340,5351,5989,
56725,45369,21889,23480,79391,38238,41153,90731,43617,47114,79387,38267,41120,45361,21851,23510,11341,5351,5990,
56730,45373,21891,23482,79398,38243,41155,90739,43621,47118,79394,38271,41123,45365,21853,23512,11342,5351,5991,
56735,45377,21894,23483,79405,38246,41159,90747,43623,47124,79401,38274,41127,45369,21853,23516,11343,5352,5991,
56740,45381,21895,23486,79412,38250,41162,90755,43624,47131,79408,38279,41129,45373,21854,23519,11344,5352,5992,
56745,45385,21895,23490,79419,38254,41165,90763,43627,47136,79415,38282,41133,45377,21855,23522,11345,5352,5993,
56750,45389,21897,23492,79426,38257,41169,90771,43630,47141,79422,38284,41138,45381,21857,23524,11346,5352,5994,
56755,45393,21899,23494,79433,38261,41172,90779,43634,47145,79429,38285,41144,45385,21859,23526,11347,5353,5994,
56760,45397,21901,23496,79440,38264,41176,90787,43637,47150,79436,38288,41148,45389,21860,23529,11348,5353,5995,
56765,45401,21904,23497,79447,38268,41179,90795,43644,47151,79443,38291,41152,45393,21860,23533,11349,5353,5996,
56770,45405,21906,23499,79454,38272,41182,90803,43648,47155,79450,38293,41157,45397,21861,23536,11350,5353,5997,
56775,45409,21906,23503,79461,38274,41187,90811,43654,47157,79457,38297,41160,45401,21862,23539,11351,5353,5998,
56780,45413,21909,23504,79468,38278,41190,90819,43659,47160,79464,38300,41164,45405,21866,23539,11352,5353,5999,
56785,45417,21910,23507,79475,38283,41192,90827,43664,47163,79471,38304,41167,45409,21868,23541,11353,5353,6000,
56790,45421,21913,23508,79482,38288,41194,90835,43669,47166,79478,38308,41170,45413,21871,23542,11354,5354,6000,
56795,45425,21914,23511,79489,38292,41197,90843,43676,47167,79485,38309,41176,45417,21872,23545,11355,5354,6001,
56800,45429,21916,23513,79496,38297,41199,90851,43681,47170,79492,38312,41180,45421,21874,23547,11356,5354,6002,
56805,45433,21918,23515,79503,38302,41201,90859,43684,47175,79499,38316,41183,45425,21875,23550,11357,5354,6003,
56810,45437,21920,23517,79510,38306,41204,90867,43688,47179,79506,38321,41185,45429,21876,23553,11358,5355,6003,
56815,45441,21921,23520,79517,38310,41207,90875,43693,47182,79513,38324,41189,45433,21878,23555,11359,5356,6003,
56820,45445,21923,23522,79524,38314,41210,90883,43699,47184,79520,38329,41191,45437,21880,23557,11360,5357,6003,
56825,45449,21925,23524,79531,38317,41214,90891,43704,47187,79527,38331,41196,45441,21881,23560,11361,5358,6003,
56830,45453,21928,23525,79538,38320,41218,90899,43709,47190,79534,38335,41199,45445,21885,23560,11362,5358,6004,
56835,45457,21929,23528,79545,38322,41223,90907,43712,47195,79541,38340,41201,45449,21887,23562,11363,5359,6004,
56840,45461,21931,23530,79552,38327,41225,90915,43715,47200,79548,38344,41204,45453,21889,23564,11364,5359,6005,
56845,45465,21934,23531,79559,38330,41229,90923,43721,47202,79555,38348,41207,45457,21890,23567,11365,5359,6006,
56850,45469,21936,23533,79566,38333,41233,90931,43724,47207,79562,38353,41209,45461,21893,23568,11366,5360,6006,
56855,45473,21940,23533,79573,38337,41236,90939,43726,47213,79569,38355,41214,45465,21894,23571,11367,5361,6006,
56860,45477,21944,23533,79580,38340,41240,90947,43728,47219,79576,38358,41218,45469,21894,23575,11368,5362,6006,
56865,45481,21945,23536,79587,38346,41241,90955,43731,47224,79583,38361,41222,45473,21896,23577,11369,5362,6007,
56870,45485,21946,23539,79594,38348,41246,90963,43734,47229,79590,38364,41226,45477,21898,23579,11370,5362,6008,
56875,45489,21948,23541,79601,38350,41251,90971,43737,47234,79597,38369,41228,45481,21899,23582,11371,5362,6009,
56880,45493,21950,23543,79608,38353,41255,90979,43741,47238,79604,38371,41233,45485,21900,23585,11372,5362,6010,
56885,45497,21952,23545,79615,38357,41258,90987,43745,47242,79611,38375,41236,45489,21903,23586,11373,5363,6010,
56890,45501,21953,23548,79622,38362,41260,90995,43748,47247,79618,38377,41241,45493,21907,23586,11374,5364,6010,
56895,45505,21955,23550,79629,38365,41264,91003,43751,47252,79625,38380,41245,45497,21907,23590,11375,5365,6010,
56900,45509,21958,23551,79636,38367,41269,91011,43757,47254,79632,38385,41247,45501,21909,23592,11376,5365,6011,
56905,45513,21961,23552,79643,38371,41272,91019,43760,47259,79639,38389,41250,45505,21912,23593,11377,5365,6012,
56910,45517,21963,23554,79650,38373,41277,91027,43766,47261,79646,38393,41253,45509,21915,23594,11378,5366,6012,
56915,45521,21966,23555,79657,38378,41279,91035,43770,47265,79653,38398,41255,45513,21917,23596,11379,5366,6013,
56920,45525,21968,23557,79664,38383,41281,91043,43774,47269,79660,38401,41259,45517,21919,23598,11380,5366,6014,
56925,45529,21968,23561,79671,38386,41285,91051,43780,47271,79667,38403,41264,45521,21922,23599,11381,5366,6015,
56930,45533,21971,23562,79678,38390,41288,91059,43785,47274,79674,38407,41267,45525,21925,23600,11382,5366,6016,
56935,45537,21974,23563,79685,38394,41291,91067,43792,47275,79681,38413,41268,45529,21925,23604,11383,5367,6016,
56940,45541,21976,23565,79692,38398,41294,91075,43796,47279,79688,38414,41274,45533,21926,23607,11384,5367,6017,
56945,45545,21978,23567,79699,38401,41298,91083,43801,47282,79695,38419,41276,45537,21928,23609,11385,5367,6018,
56950,45549,21980,23569,79706,38403,41303,91091,43806,47285,79702,38422,41280,45541,21930,23611,11386,5367,6019,
56955,45553,21983,23570,79713,38406,41307,91099,43810,47289,79709,38425,41284,45545,21934,23611,11387,5368,6019,
56960,45557,21987,23570,79720,38411,41309,91107,43815,47292,79716,38427,41289,45549,21935,23614,11388,5368,6020,
56965,45561,21990,23571,79727,38414,41313,91115,43819,47296,79723,38430,41293,45553,21938,23615,11389,5369,6020,
56970,45565,21993,23572,79734,38416,41318,91123,43825,47298,79730,38433,41297,45557,21939,23618,11390,5369,6021,
56975,45569,21995,23574,79741,38419,41322,91131,43830,47301,79737,38437,41300,45561,21940,23621,11391,5369,6022,
56980,45573,21997,23576,79748,38422,41326,91139,43834,47305,79744,38440,41304,45565,21941,23624,11392,5369,6023,
56985,45577,21999,23578,79755,38424,41331,91147,43837,47310,79751,38444,41307,45569,21942,23627,11393,5369,6024,
56990,45581,22001,23580,79762,38428,41334,91155,43840,47315,79758,38449,41309,45573,21942,23631,11394,5369,6025,
56995,45585,22002,23583,79769,38431,41338,91163,43843,47320,79765,38454,41311,45577,21944,23633,11395,5370,6025,
57000,45589,22002,23587,79776,38433,41343,91171,43847,47324,79772,38457,41315,45581,21946,23635,11396,5370,6026,
57005,45593,22005,23588,79783,38439,41344,91179,43850,47329,79779,38459,41320,45585,21949,23636,11397,5371,6026,
57010,45597,22008,23589,79790,38443,41347,91187,43851,47336,79786,38459,41327,45589,21950,23639,11398,5372,6026,
57015,45601,22011,23590,79797,38445,41352,91195,43855,47340,79793,38462,41331,45593,21952,23641,11399,5373,6026,
57020,45605,22012,23593,79804,38449,41355,91203,43860,47343,79800,38464,41336,45597,21955,23642,11400,5373,6027,
57025,45609,22013,23596,79811,38451,41360,91211,43864,47347,79807,38466,41341,45601,21958,23643,11401,5374,6027,
57030,45613,22015,23598,79818,38453,41365,91219,43868,47351,79814,38469,41345,45605,21960,23645,11402,5375,6027,
57035,45617,22015,23602,79825,38457,41368,91227,43872,47355,79821,38474,41347,45609,21963,23646,11403,5376,6027,
57040,45621,22017,23604,79832,38461,41371,91235,43877,47358,79828,38478,41350,45613,21966,23647,11404,5376,6028,
57045,45625,22021,23604,79839,38464,41375,91243,43882,47361,79835,38482,41353,45617,21969,23648,11405,5376,6029,
57050,45629,22022,23607,79846,38467,41379,91251,43885,47366,79842,38485,41357,45621,21970,23651,11406,5377,6029,
57055,45633,22024,23609,79853,38471,41382,91259,43890,47369,79849,38488,41361,45625,21971,23654,11407,5377,6030,
57060,45637,22026,23611,79860,38475,41385,91267,43894,47373,79856,38491,41365,45629,21974,23655,11408,5378,6030,
57065,45641,22028,23613,79867,38477,41390,91275,43899,47376,79863,38496,41367,45633,21976,23657,11409,5378,6031,
57070,45645,22029,23616,79874,38481,41393,91283,43901,47382,79870,38498,41372,45637,21977,23660,11410,5378,6032,
57075,45649,22031,23618,79881,38486,41395,91291,43905,47386,79877,38499,41378,45641,21977,23664,11411,5379,6032,
57080,45653,22032,23621,79888,38489,41399,91299,43905,47394,79884,38503,41381,45645,21980,23665,11412,5379,6033,
57085,45657,22035,23622,79895,38493,41402,91307,43908,47399,79891,38507,41384,45649,21981,23668,11413,5379,6034,
57090,45661,22037,23624,79902,38498,41404,91315,43911,47404,79898,38510,41388,45653,21982,23671,11414,5380,6034,
57095,45665,22039,23626,79909,38499,41410,91323,43918,47405,79905,38511,41394,45657,21983,23674,11415,5381,6034,
57100,45669,22040,23629,79916,38504,41412,91331,43922,47409,79912,38516,41396,45661,21985,23676,11416,5381,6035,
57105,45673,22041,23632,79923,38507,41416,91339,43925,47414,79919,38519,41400,45665,21986,23679,11417,5381,6036,
57110,45677,22042,23635,79930,38509,41421,91347,43929,47418,79926,38521,41405,45669,21987,23682,11418,5382,6036,
57115,45681,22044,23637,79937,38515,41422,91355,43934,47421,79933,38526,41407,45673,21990,23683,11419,5383,6036,
57120,45685,22045,23640,79944,38519,41425,91363,43936,47427,79940,38532,41408,45677,21990,23687,11420,5383,6037,
57125,45689,22047,23642,79951,38522,41429,91371,43942,47429,79947,38537,41410,45681,21991,23690,11421,5383,6038,
57130,45693,22048,23645,79958,38523,41435,91379,43947,47432,79954,38540,41414,45685,21993,23692,11422,5384,6038,
57135,45697,22049,23648,79965,38525,41440,91387,43949,47438,79961,38543,41418,45689,21996,23693,11423,5384,6039,
57140,45701,22051,23650,79972,38527,41445,91395,43955,47440,79968,38549,41419,45693,21999,23694,11424,5384,6040,
57145,45705,22053,23652,79979,38529,41450,91403,43957,47446,79975,38552,41423,45697,22001,23696,11425,5385,6040,
57150,45709,22054,23655,79986,38532,41454,91411,43963,47448,79982,38556,41426,45701,22002,23699,11426,5386,6040,
57155,45713,22056,23657,79993,38536,41457,91419,43967,47452,79989,38560,41429,45705,22004,23701,11427,5386,6041,
57160,45717,22057,23660,80000,38538,41462,91427,43970,47457,79996,38565,41431,45709,22005,23704,11428,5387,6041,
57165,45721,22058,23663,80007,38539,41468,91435,43974,47461,80003,38570,41433,45713,22008,23705,11429,5387,6042,
57170,45725,22060,23665,80014,38544,41470,91443,43976,47467,80010,38572,41438,45717,22009,23708,11430,5387,6043,
57175,45729,22062,23667,80021,38549,41472,91451,43982,47469,80017,38575,41442,45721,22012,23709,11431,5388,6043,
57180,45733,22063,23670,80028,38551,41477,91459,43988,47471,80024,38577,41447,45725,22015,23710,11432,5388,6044,
57185,45737,22065,23672,80035,38554,41481,91467,43991,47476,80031,38580,41451,45729,22016,23713,11433,5389,6044,
57190,45741,22065,23676,80042,38556,41486,91475,43994,47481,80038,38584,41454,45733,22016,23717,11434,5390,6044,
57195,45745,22067,23678,80049,38559,41490,91483,43997,47486,80045,38586,41459,45737,22019,23718,11435,5391,6044,
57200,45749,22069,23680,80056,38562,41494,91491,44002,47489,80052,38588,41464,45741,22020,23721,11436,5391,6045,
57205,45753,22071,23682,80063,38562,41501,91499,44004,47495,80059,38591,41468,45745,22021,23724,11437,5392,6045,
57210,45757,22075,23682,80070,38566,41504,91507,44011,47496,80066,38593,41473,45749,22024,23725,11438,5392,6046,
57215,45761,22078,23683,80077,38570,41507,91515,44015,47500,80073,38598,41475,45753,22026,23727,11439,5393,6046,
57220,45765,22080,23685,80084,38576,41508,91523,44016,47507,80080,38601,41479,45757,22028,23729,11440,5394,6046,
57225,45769,22081,23688,80091,38581,41510,91531,44018,47513,80087,38604,41483,45761,22031,23730,11441,5394,6047,
57230,45773,22082,23691,80098,38586,41512,91539,44023,47516,80094,38607,41487,45765,22033,23732,11442,5394,6048,
57235,45777,22084,23693,80105,38591,41514,91547,44027,47520,80101,38610,41491,45769,22034,23735,11443,5394,6049,
57240,45781,22086,23695,80112,38594,41518,91555,44030,47525,80108,38616,41492,45773,22035,23738,11444,5395,6049,
57245,45785,22089,23696,80119,38597,41522,91563,44034,47529,80115,38619,41496,45777,22037,23740,11445,5396,6049,
57250,45789,22089,23700,80126,38603,41523,91571,44038,47533,80122,38621,41501,45781,22038,23743,11446,5397,6049,
57255,45793,22090,23703,80133,38607,41526,91579,44040,47539,80129,38626,41503,45785,22039,23746,11447,5397,6050,
57260,45797,22092,23705,80140,38610,41530,91587,44044,47543,80136,38630,41506,45789,22041,23748,11448,5398,6050,
57265,45801,22095,23706,80147,38613,41534,91595,44048,47547,80143,38635,41508,45793,22043,23750,11449,5399,6050,
57270,45805,22098,23707,80154,38616,41538,91603,44054,47549,80150,38638,41512,45797,22047,23750,11450,5399,6051,
57275,45809,22100,23709,80161,38619,41542,91611,44060,47551,80157,38639,41518,45801,22050,23751,11451,5400,6051,
57280,45813,22103,23710,80168,38624,41544,91619,44064,47555,80164,38641,41523,45805,22052,23753,11452,5401,6051,
57285,45817,22106,23711,80175,38628,41547,91627,44068,47559,80171,38644,41527,45809,22055,23754,11453,5401,6052,
57290,45821,22109,23712,80182,38631,41551,91635,44070,47565,80178,38646,41532,45813,22057,23756,11454,5401,6053,
57295,45825,22112,23713,80189,38635,41554,91643,44075,47568,80185,38649,41536,45817,22059,23758,11455,5401,6054,
57300,45829,22114,23715,80196,38636,41560,91651,44079,47572,80192,38653,41539,45821,22060,23761,11456,5401,6055,
57305,45833,22116,23717,80203,38638,41565,91659,44082,47577,80199,38657,41542,45825,22061,23764,11457,5402,6055,
57310,45837,22117,23720,80210,38643,41567,91667,44084,47583,80206,38662,41544,45829,22064,23765,11458,5402,6056,
57315,45841,22118,23723,80217,38647,41570,91675,44089,47586,80213,38664,41549,45833,22067,23766,11459,5402,6057,
57320,45845,22120,23725,80224,38651,41573,91683,44091,47592,80220,38668,41552,45837,22067,23770,11460,5403,6057,
57325,45849,22121,23728,80231,38655,41576,91691,44094,47597,80227,38673,41554,45841,22071,23770,11461,5403,6058,
57330,45853,22122,23731,80238,38660,41578,91699,44098,47601,80234,38676,41558,45845,22073,23772,11462,5404,6058,
57335,45857,22124,23733,80245,38664,41581,91707,44103,47604,80241,38678,41563,45849,22076,23773,11463,5405,6058,
57340,45861,22126,23735,80252,38668,41584,91715,44109,47606,80248,38681,41567,45853,22077,23776,11464,5405,6059,
57345,45865,22128,23737,80259,38672,41587,91723,44113,47610,80255,38685,41570,45857,22078,23779,11465,5405,6060,
57350,45869,22132,23737,80266,38674,41592,91731,44116,47615,80262,38690,41572,45861,22081,23780,11466,5406,6060,
57355,45873,22133,23740,80273,38678,41595,91739,44121,47618,80269,38693,41576,45865,22081,23784,11467,5406,6061,
57360,45877,22134,23743,80280,38679,41601,91747,44128,47619,80276,38697,41579,45869,22084,23785,11468,5406,6062,
57365,45881,22135,23746,80287,38681,41606,91755,44131,47624,80283,38701,41582,45873,22088,23785,11469,5406,6063,
57370,45885,22136,23749,80294,38683,41611,91763,44135,47628,80290,38707,41583,45877,22089,23788,11470,5407,6063,
57375,45889,22138,23751,80301,38688,41613,91771,44138,47633,80297,38710,41587,45881,22093,23788,11471,5407,6064,
57380,45893,22141,23752,80308,38693,41615,91779,44138,47641,80304,38715,41589,45885,22094,23791,11472,5407,6065,
57385,45897,22141,23756,80315,38694,41621,91787,44140,47647,80311,38719,41592,45889,22097,23792,11473,5407,6066,
57390,45901,22144,23757,80322,38698,41624,91795,44142,47653,80318,38722,41596,45893,22098,23795,11474,5408,6066,
57395,45905,22145,23760,80329,38701,41628,91803,44146,47657,80325,38724,41601,45897,22099,23798,11475,5409,6066,
57400,45909,22148,23761,80336,38702,41634,91811,44151,47660,80332,38729,41603,45901,22099,23802,11476,5410,6066,
57405,45913,22150,23763,80343,38706,41637,91819,44155,47664,80339,38731,41608,45905,22099,23806,11477,5410,6067,
57410,45917,22152,23765,80350,38711,41639,91827,44161,47666,80346,38735,41611,45909,22101,23808,11478,5410,6068,
57415,45921,22156,23765,80357,38714,41643,91835,44167,47668,80353,38738,41615,45913,22103,23810,11479,5410,6069,
57420,45925,22159,23766,80364,38719,41645,91843,44170,47673,80360,38743,41617,45917,22105,23812,11480,5410,6070,
57425,45929,22162,23767,80371,38722,41649,91851,44173,47678,80367,38745,41622,45921,22108,23813,11481,5411,6070,
57430,45933,22165,23768,80378,38726,41652,91859,44177,47682,80374,38747,41627,45925,22110,23815,11482,5412,6070,
57435,45937,22167,23770,80385,38730,41655,91867,44180,47687,80381,38752,41629,45929,22112,23817,11483,5412,6071,
57440,45941,22169,23772,80392,38734,41658,91875,44182,47693,80388,38757,41631,45933,22113,23820,11484,5412,6072,
57445,45945,22170,23775,80399,38740,41659,91883,44188,47695,80395,38759,41636,45937,22114,23823,11485,5413,6072,
57450,45949,22172,23777,80406,38740,41666,91891,44194,47697,80402,38764,41638,45941,22116,23825,11486,5413,6073,
57455,45953,22175,23778,80413,38741,41672,91899,44199,47700,80409,38768,41641,45945,22119,23826,11487,5413,6074,
57460,45957,22178,23779,80420,38743,41677,91907,44202,47705,80416,38771,41645,45949,22120,23829,11488,5413,6075,
57465,45961,22181,23780,80427,38744,41683,91915,44204,47711,80423,38776,41647,45953,22123,23830,11489,5413,6076,
57470,45965,22183,23782,80434,38747,41687,91923,44206,47717,80430,38780,41650,45957,22127,23830,11490,5413,6077,
57475,45969,22185,23784,80441,38750,41691,91931,44207,47724,80437,38784,41653,45961,22129,23832,11491,5414,6077,
57480,45973,22187,23786,80448,38753,41695,91939,44209,47730,80444,38787,41657,45965,22133,23832,11492,5414,6078,
57485,45977,22191,23786,80455,38754,41701,91947,44212,47735,80451,38789,41662,45969,22135,23834,11493,5414,6079,
57490,45981,22193,23788,80462,38756,41706,91955,44215,47740,80458,38791,41667,45973,22137,23836,11494,5414,6080,
57495,45985,22194,23791,80469,38759,41710,91963,44220,47743,80465,38794,41671,45977,22137,23840,11495,5414,6081,
57500,45989,22195,23794,80476,38762,41714,91971,44223,47748,80472,38797,41675,45981,22139,23842,11496,5414,6082,
57505,45993,22197,23796,80483,38764,41719,91979,44226,47753,80479,38803,41676,45985,22142,23843,11497,5415,6082,
57510,45997,22198,23799,80490,38766,41724,91987,44228,47759,80486,38805,41681,45989,22144,23845,11498,5416,6082,
57515,46001,22200,23801,80497,38771,41726,91995,44232,47763,80493,38808,41685,45993,22147,23846,11499,5417,6082,
57520,46005,22201,23804,80504,38778,41726,92003,44236,47767,80500,38811,41689,45997,22151,23846,11500,5418,6082,
57525,46009,22203,23806,80511,38780,41731,92011,44242,47769,80507,38816,41691,46001,22152,23849,11501,5419,6082,
57530,46013,22205,23808,80518,38782,41736,92019,44246,47773,80514,38818,41696,46005,22153,23852,11502,5419,6083,
57535,46017,22209,23808,80525,38785,41740,92027,44249,47778,80521,38823,41698,46009,22154,23855,11503,5420,6083,
57540,46021,22212,23809,80532,38787,41745,92035,44252,47783,80528,38825,41703,46013,22155,23858,11504,5420,6084,
57545,46025,22213,23812,80539,38789,41750,92043,44257,47786,80535,38828,41707,46017,22156,23861,11505,5420,6085,
57550,46029,22214,23815,80546,38791,41755,92051,44259,47792,80542,38829,41713,46021,22158,23863,11506,5421,6085,
57555,46033,22216,23817,80553,38794,41759,92059,44266,47793,80549,38831,41718,46025,22159,23866,11507,5422,6085,
57560,46037,22217,23820,80560,38796,41764,92067,44269,47798,80556,38833,41723,46029,22161,23868,11508,5422,6086,
57565,46041,22220,23821,80567,38798,41769,92075,44272,47803,80563,38837,41726,46033,22164,23869,11509,5423,6086,
57570,46045,22222,23823,80574,38800,41774,92083,44275,47808,80570,38841,41729,46037,22165,23872,11510,5424,6086,
57575,46049,22224,23825,80581,38802,41779,92091,44278,47813,80577,38845,41732,46041,22169,23872,11511,5425,6086,
57580,46053,22227,23826,80588,38805,41783,92099,44284,47815,80584,38850,41734,46045,22170,23875,11512,5426,6086,
57585,46057,22230,23827,80595,38808,41787,92107,44291,47816,80591,38853,41738,46049,22172,23877,11513,5427,6086,
57590,46061,22233,23828,80602,38811,41791,92115,44295,47820,80598,38856,41742,46053,22175,23878,11514,5428,6086,
57595,46065,22235,23830,80609,38816,41793,92123,44298,47825,80605,38858,41747,46057,22176,23881,11515,5429,6086,
57600,46069,22237,23832,80616,38819,41797,92131,44300,47831,80612,38861,41751,46061,22177,23884,11516,5430,6086,
57605,46073,22238,23835,80623,38824,41799,92139,44304,47835,80619,38864,41755,46065,22179,23886,11517,5431,6086,
57610,46077,22239,23838,80630,38827,41803,92147,44308,47839,80626,38867,41759,46069,22180,23889,11518,5431,6087,
57615,46081,22241,23840,80637,38831,41806,92155,44313,47842,80633,38871,41762,46073,22181,23892,11519,5431,6088,
57620,46085,22243,23842,80644,38833,41811,92163,44314,47849,80640,38876,41764,46077,22182,23895,11520,5431,6089,
57625,46089,22245,23844,80651,38836,41815,92171,44319,47852,80647,38878,41769,46081,22184,23897,11521,5431,6090,
57630,46093,22246,23847,80658,38840,41818,92179,44324,47855,80654,38883,41771,46085,22187,23898,11522,5431,6091,
57635,46097,22248,23849,80665,38842,41823,92187,44329,47858,80661,38886,41775,46089,22190,23899,11523,5431,6092,
57640,46101,22250,23851,80672,38843,41829,92195,44333,47862,80668,38890,41778,46093,22192,23901,11524,5431,6093,
57645,46105,22252,23853,80679,38844,41835,92203,44336,47867,80675,38894,41781,46097,22194,23903,11525,5431,6094,
57650,46109,22255,23854,80686,38846,41840,92211,44339,47872,80682,38897,41785,46101,22197,23904,11526,5432,6094,
57655,46113,22258,23855,80693,38849,41844,92219,44342,47877,80689,38900,41789,46105,22199,23906,11527,5432,6095,
57660,46117,22260,23857,80700,38854,41846,92227,44347,47880,80696,38903,41793,46109,22201,23908,11528,5433,6095,
57665,46121,22260,23861,80707,38857,41850,92235,44350,47885,80703,38907,41796,46113,22203,23910,11529,5433,6096,
57670,46125,22262,23863,80714,38861,41853,92243,44355,47888,80710,38910,41800,46117,22204,23913,11530,5433,6097,
57675,46129,22264,23865,80721,38864,41857,92251,44358,47893,80717,38915,41802,46121,22204,23917,11531,5433,6098,
57680,46133,22265,23868,80728,38867,41861,92259,44360,47899,80724,38920,41804,46125,22205,23920,11532,5433,6099,
57685,46137,22266,23871,80735,38870,41865,92267,44362,47905,80731,38922,41809,46129,22206,23923,11533,5433,6100,
57690,46141,22268,23873,80742,38874,41868,92275,44367,47908,80738,38924,41814,46133,22208,23925,11534,5433,6101,
57695,46145,22269,23876,80749,38879,41870,92283,44372,47911,80745,38927,41818,46137,22209,23928,11535,5433,6102,
57700,46149,22270,23879,80756,38882,41874,92291,44376,47915,80752,38929,41823,46141,22211,23930,11536,5434,6102,
57705,46153,22271,23882,80763,38885,41878,92299,44384,47915,80759,38933,41826,46145,22212,23933,11537,5434,6103,
57710,46157,22272,23885,80770,38889,41881,92307,44389,47918,80766,38938,41828,46149,22215,23934,11538,5434,6104,
57715,46161,22272,23889,80777,38890,41887,92315,44393,47922,80773,38939,41834,46153,22217,23936,11539,5435,6104,
57720,46165,22276,23889,80784,38893,41891,92323,44398,47925,80780,38943,41837,46157,22219,23938,11540,5435,6105,
57725,46169,22279,23890,80791,38897,41894,92331,44403,47928,80787,38945,41842,46161,22222,23939,11541,5435,6106,
57730,46173,22282,23891,80798,38899,41899,92339,44405,47934,80794,38948,41846,46165,22223,23942,11542,5435,6107,
57735,46177,22284,23893,80805,38902,41903,92347,44408,47939,80801,38952,41849,46169,22224,23945,11543,5435,6108,
57740,46181,22286,23895,80812,38908,41904,92355,44413,47942,80808,38955,41853,46173,22227,23946,11544,5436,6108,
57745,46185,22286,23899,80819,38915,41904,92363,44417,47946,80815,38958,41857,46177,22229,23948,11545,5436,6109,
57750,46189,22288,23901,80826,38921,41905,92371,44421,47950,80822,38960,41862,46181,22231,23950,11546,5436,6110,
57755,46193,22291,23902,80833,38922,41911,92379,44424,47955,80829,38964,41865,46185,22232,23953,11547,5436,6111,
57760,46197,22292,23905,80840,38927,41913,92387,44428,47959,80836,38969,41867,46189,22233,23956,11548,5437,6111,
57765,46201,22295,23906,80847,38930,41917,92395,44432,47963,80843,38974,41869,46193,22235,23958,11549,5437,6112,
57770,46205,22297,23908,80854,38932,41922,92403,44435,47968,80850,38976,41874,46197,22236,23961,11550,5437,6113,
57775,46209,22299,23910,80861,38936,41925,92411,44435,47976,80857,38979,41878,46201,22238,23963,11551,5437,6114,
57780,46213,22302,23911,80868,38939,41929,92419,44440,47979,80864,38981,41883,46205,22241,23964,11552,5437,6115,
57785,46217,22304,23913,80875,38942,41933,92427,44444,47983,80871,38983,41888,46209,22242,23967,11553,5438,6115,
57790,46221,22307,23914,80882,38946,41936,92435,44448,47987,80878,38986,41892,46213,22245,23968,11554,5438,6116,
57795,46225,22309,23916,80889,38947,41942,92443,44451,47992,80885,38987,41898,46217,22248,23969,11555,5438,6117,
57800,46229,22313,23916,80896,38950,41946,92451,44455,47996,80892,38988,41904,46221,22251,23970,11556,5438,6118,
57805,46233,22315,23918,80903,38951,41952,92459,44459,48000,80899,38991,41908,46225,22252,23973,11557,5439,6118,
57810,46237,22316,23921,80910,38955,41955,92467,44464,48003,80906,38997,41909,46229,22254,23975,11558,5440,6118,
57815,46241,22318,23923,80917,38959,41958,92475,44466,48009,80913,38998,41915,46233,22256,23977,11559,5440,6119,
57820,46245,22320,23925,80924,38964,41960,92483,44470,48013,80920,39002,41918,46237,22258,23979,11560,5440,6120,
57825,46249,22322,23927,80931,38968,41963,92491,44474,48017,80927,39008,41919,46241,22260,23981,11561,5441,6120,
57830,46253,22324,23929,80938,38972,41966,92499,44477,48022,80934,39011,41923,46245,22261,23984,11562,5442,6120,
57835,46257,22325,23932,80945,38974,41971,92507,44479,48028,80941,39014,41927,46249,22261,23988,11563,5442,6121,
57840,46261,22326,23935,80952,38977,41975,92515,44484,48031,80948,39017,41931,46253,22262,23991,11564,5443,6121,
57845,46265,22328,23937,80959,38978,41981,92523,44485,48038,80955,39019,41936,46257,22263,23994,11565,5444,6121,
57850,46269,22331,23938,80966,38982,41984,92531,44490,48041,80962,39025,41937,46261,22266,23995,11566,5445,6121,
57855,46273,22333,23940,80973,38985,41988,92539,44493,48046,80969,39029,41940,46265,22267,23998,11567,5446,6121,
57860,46277,22335,23942,80980,38990,41990,92547,44496,48051,80976,39034,41942,46269,22270,23999,11568,5447,6121,
57865,46281,22339,23942,80987,38994,41993,92555,44497,48058,80983,39038,41945,46273,22273,24000,11569,5448,6121,
57870,46285,22340,23945,80994,38997,41997,92563,44502,48061,80990,39041,41949,46277,22276,24001,11570,5449,6121,
57875,46289,22341,23948,81001,39001,42000,92571,44505,48066,80997,39041,41956,46281,22278,24003,11571,5449,6122,
57880,46293,22341,23952,81008,39004,42004,92579,44509,48070,81004,39046,41958,46285,22280,24005,11572,5449,6123,
57885,46297,22342,23955,81015,39008,42007,92587,44512,48075,81011,39048,41963,46289,22282,24007,11573,5449,6124,
57890,46301,22345,23956,81022,39011,42011,92595,44513,48082,81018,39052,41966,46293,22284,24009,11574,5449,6125,
57895,46305,22349,23956,81029,39016,42013,92603,44518,48085,81025,39055,41970,46297,22285,24012,11575,5449,6126,
57900,46309,22351,23958,81036,39017,42019,92611,44521,48090,81032,39057,41975,46301,22287,24014,11576,5449,6127,
57905,46313,22352,23961,81043,39021,42022,92619,44528,48091,81039,39062,41977,46305,22288,24017,11577,5450,6127,
57910,46317,22353,23964,81050,39023,42027,92627,44530,48097,81046,39068,41978,46309,22289,24020,11578,5451,6127,
57915,46321,22354,23967,81057,39027,42030,92635,44535,48100,81053,39071,41982,46313,22290,24023,11579,5451,6128,
57920,46325,22358,23967,81064,39029,42035,92643,44538,48105,81060,39074,41986,46317,22291,24026,11580,5451,6129,
57925,46329,22359,23970,81071,39033,42038,92651,44542,48109,81067,39077,41990,46321,22294,24027,11581,5451,6130,
57930,46333,22361,23972,81078,39036,42042,92659,44544,48115,81074,39079,41995,46325,22294,24031,11582,5451,6131,
57935,46337,22363,23974,81085,39040,42045,92667,44551,48116,81081,39081,42000,46329,22295,24034,11583,5451,6132,
57940,46341,22364,23977,81092,39042,42050,92675,44554,48121,81088,39086,42002,46333,22296,24037,11584,5452,6132,
57945,46345,22365,23980,81099,39046,42053,92683,44559,48124,81095,39089,42006,46337,22298,24039,11585,5452,6133,
57950,46349,22365,23984,81106,39050,42056,92691,44566,48125,81102,39092,42010,46341,22300,24041,11586,5452,6134,
57955,46353,22369,23984,81113,39055,42058,92699,44572,48127,81109,39096,42013,46345,22301,24044,11587,5452,6135,
57960,46357,22370,23987,81120,39058,42062,92707,44575,48132,81116,39096,42020,46349,22304,24045,11588,5452,6136,
57965,46361,22374,23987,81127,39062,42065,92715,44577,48138,81123,39100,42023,46353,22306,24047,11589,5452,6137,
57970,46365,22377,23988,81134,39065,42069,92723,44581,48142,81130,39102,42028,46357,22308,24049,11590,5453,6137,
57975,46369,22378,23991,81141,39070,42071,92731,44586,48145,81137,39103,42034,46361,22310,24051,11591,5453,6138,
57980,46373,22379,23994,81148,39070,42078,92739,44591,48148,81144,39108,42036,46365,22313,24052,11592,5454,6138,
57985,46377,22380,23997,81155,39075,42080,92747,44595,48152,81151,39110,42041,46369,22314,24055,11593,5454,6139,
57990,46381,22381,24000,81162,39077,42085,92755,44599,48156,81158,39111,42047,46373,22318,24055,11594,5454,6140,
57995,46385,22383,24002,81169,39079,42090,92763,44605,48158,81165,39116,42049,46377,22321,24056,11595,5455,6140,
58000,46389,22385,24004,81176,39080,42096,92771,44608,48163,81172,39116,42056,46381,22322,24059,11596,5455,6141,
58005,46393,22388,24005,81183,39085,42098,92779,44610,48169,81179,39118,42061,46385,22323,24062,11597,5456,6141,
58010,46397,22390,24007,81190,39089,42101,92787,44615,48172,81186,39123,42063,46389,22326,24063,11598,5457,6141,
58015,46401,22391,24010,81197,39090,42107,92795,44619,48176,81193,39129,42064,46393,22328,24065,11599,5458,6141,
58020,46405,22394,24011,81204,39092,42112,92803,44625,48178,81200,39133,42067,46397,22332,24065,11600,5458,6142,
58025,46409,22394,24015,81211,39095,42116,92811,44630,48181,81207,39135,42072,46401,22336,24065,11601,5458,6143,
58030,46413,22397,24016,81218,39098,42120,92819,44633,48186,81214,39137,42077,46405,22337,24068,11602,5458,6144,
58035,46417,22401,24016,81225,39101,42124,92827,44637,48190,81221,39143,42078,46409,22340,24069,11603,5459,6144,
58040,46421,22403,24018,81232,39107,42125,92835,44640,48195,81228,39148,42080,46413,22341,24072,11604,5460,6144,
58045,46425,22405,24020,81239,39111,42128,92843,44643,48200,81235,39150,42085,46417,22343,24074,11605,5460,6145,
58050,46429,22407,24022,81246,39115,42131,92851,44648,48203,81242,39156,42086,46421,22345,24076,11606,5461,6145,
58055,46433,22407,24026,81253,39119,42134,92859,44652,48207,81249,39157,42092,46425,22346,24079,11607,5461,6146,
58060,46437,22408,24029,81260,39122,42138,92867,44657,48210,81256,39160,42096,46429,22348,24081,11608,5461,6147,
58065,46441,22408,24033,81267,39124,42143,92875,44663,48212,81263,39162,42101,46433,22348,24085,11609,5462,6147,
58070,46445,22408,24037,81274,39124,42150,92883,44667,48216,81270,39165,42105,46437,22350,24087,11610,5463,6147,
58075,46449,22412,24037,81281,39127,42154,92891,44672,48219,81277,39171,42106,46441,22351,24090,11611,5463,6148,
58080,46453,22414,24039,81288,39129,42159,92899,44675,48224,81284,39174,42110,46445,22352,24093,11612,5464,6148,
58085,46457,22415,24042,81295,39131,42164,92907,44679,48228,81291,39178,42113,46449,22355,24094,11613,5464,6149,
58090,46461,22418,24043,81302,39132,42170,92915,44683,48232,81298,39181,42117,46453,22358,24095,11614,5464,6150,
58095,46465,22421,24044,81309,39133,42176,92923,44688,48235,81305,39184,42121,46457,22361,24096,11615,5464,6151,
58100,46469,22424,24045,81316,39138,42178,92931,44691,48240,81312,39187,42125,46461,22364,24097,11616,5465,6151,
58105,46473,22427,24046,81323,39144,42179,92939,44693,48246,81319,39189,42130,46465,22365,24100,11617,5465,6152,
58110,46477,22431,24046,81330,39149,42181,92947,44698,48249,81326,39190,42136,46469,22367,24102,11618,5465,6153,
58115,46481,22432,24049,81337,39151,42186,92955,44700,48255,81333,39192,42141,46473,22370,24103,11619,5466,6153,
58120,46485,22435,24050,81344,39156,42188,92963,44703,48260,81340,39197,42143,46477,22373,24104,11620,5467,6153,
58125,46489,22437,24052,81351,39156,42195,92971,44707,48264,81347,39200,42147,46481,22375,24106,11621,5468,6153,
58130,46493,22439,24054,81358,39156,42202,92979,44710,48269,81354,39204,42150,46485,22376,24109,11622,5468,6154,
58135,46497,22442,24055,81365,39160,42205,92987,44716,48271,81361,39208,42153,46489,22378,24111,11623,5469,6154,
58140,46501,22443,24058,81372,39163,42209,92995,44720,48275,81368,39211,42157,46493,22381,24112,11624,5469,6155,
58145,46505,22445,24060,81379,39167,42212,93003,44725,48278,81375,39213,42162,46497,22385,24112,11625,5470,6155,
58150,46509,22448,24061,81386,39169,42217,93011,44730,48281,81382,39215,42167,46501,22387,24114,11626,5471,6155,
58155,46513,22449,24064,81393,39172,42221,93019,44733,48286,81389,39219,42170,46505,22389,24116,11627,5471,6156,
58160,46517,22450,24067,81400,39176,42224,93027,44737,48290,81396,39220,42176,46509,22392,24117,11628,5471,6157,
58165,46521,22452,24069,81407,39180,42227,93035,44742,48293,81403,39224,42179,46513,22394,24119,11629,5472,6157,
58170,46525,22453,24072,81414,39186,42228,93043,44748,48295,81410,39227,42183,46517,22396,24121,11630,5472,6158,
58175,46529,22457,24072,81421,39189,42232,93051,44751,48300,81417,39230,42187,46521,22397,24124,11631,5473,6158,
58180,46533,22461,24072,81428,39192,42236,93059,44754,48305,81424,39232,42192,46525,22399,24126,11632,5473,6159,
58185,46537,22463,24074,81435,39195,42240,93067,44758,48309,81431,39236,42195,46529,22401,24128,11633,5473,6160,
58190,46541,22465,24076,81442,39201,42241,93075,44761,48314,81438,39239,42199,46533,22401,24132,11634,5473,6161,
58195,46545,22468,24077,81449,39207,42242,93083,44766,48317,81445,39243,42202,46537,22403,24134,11635,5473,6162,
58200,46549,22469,24080,81456,39211,42245,93091,44769,48322,81452,39248,42204,46541,22405,24136,11636,5473,6163,
58205,46553,22471,24082,81463,39215,42248,93099,44773,48326,81459,39250,42209,46545,22407,24138,11637,5474,6163,
58210,46557,22473,24084,81470,39219,42251,93107,44777,48330,81466,39254,42212,46549,22408,24141,11638,5474,6164,
58215,46561,22475,24086,81477,39221,42256,93115,44782,48333,81473,39258,42215,46553,22411,24142,11639,5474,6165,
58220,46565,22476,24089,81484,39224,42260,93123,44786,48337,81480,39263,42217,46557,22412,24145,11640,5474,6166,
58225,46569,22479,24090,81491,39225,42266,93131,44790,48341,81487,39265,42222,46561,22414,24147,11641,5474,6167,
58230,46573,22481,24092,81498,39229,42269,93139,44794,48345,81494,39268,42226,46565,22414,24151,11642,5474,6168,
58235,46577,22484,24093,81505,39234,42271,93147,44798,48349,81501,39270,42231,46569,22416,24153,11643,5475,6168,
58240,46581,22486,24095,81512,39236,42276,93155,44802,48353,81508,39273,42235,46573,22420,24153,11644,5476,6168,
58245,46585,22489,24096,81519,39238,42281,93163,44803,48360,81515,39276,42239,46577,22421,24156,11645,5476,6169,
58250,46589,22492,24097,81526,39244,42282,93171,44809,48362,81522,39280,42242,46581,22423,24158,11646,5477,6169,
58255,46593,22494,24099,81533,39249,42284,93179,44812,48367,81529,39283,42246,46585,22425,24160,11647,5478,6169,
58260,46597,22494,24103,81540,39253,42287,93187,44816,48371,81536,39286,42250,46589,22427,24162,11648,5478,6170,
58265,46601,22497,24104,81547,39255,42292,93195,44819,48376,81543,39289,42254,46593,22429,24164,11649,5479,6170,
58270,46605,22498,24107,81554,39258,42296,93203,44824,48379,81550,39292,42258,46597,22431,24166,11650,5480,6170,
58275,46609,22501,24108,81561,39260,42301,93211,44828,48383,81557,39295,42262,46601,22431,24170,11651,5481,6170,
58280,46613,22503,24110,81568,39264,42304,93219,44833,48386,81564,39297,42267,46605,22433,24172,11652,5481,6171,
58285,46617,22506,24111,81575,39266,42309,93227,44836,48391,81571,39301,42270,46609,22434,24175,11653,5481,6172,
58290,46621,22506,24115,81582,39268,42314,93235,44841,48394,81578,39302,42276,46613,22437,24176,11654,5482,6172,
58295,46625,22509,24116,81589,39270,42319,93243,44847,48396,81585,39306,42279,46617,22441,24176,11655,5483,6172,
58300,46629,22510,24119,81596,39275,42321,93251,44850,48401,81592,39309,42283,46621,22442,24179,11656,5484,6172,
58305,46633,22513,24120,81603,39277,42326,93259,44856,48403,81599,39311,42288,46625,22443,24182,11657,5485,6172,
58310,46637,22514,24123,81610,39280,42330,93267,44860,48407,81606,39314,42292,46629,22444,24185,11658,5485,6173,
58315,46641,22515,24126,81617,39286,42331,93275,44862,48413,81613,39315,42298,46633,22446,24187,11659,5486,6173,
58320,46645,22517,24128,81624,39288,42336,93283,44867,48416,81620,39318,42302,46637,22446,24191,11660,5486,6174,
58325,46649,22519,24130,81631,39293,42338,93291,44869,48422,81627,39322,42305,46641,22447,24194,11661,5487,6174,
58330,46653,22520,24133,81638,39297,42341,93299,44873,48426,81634,39325,42309,46645,22449,24196,11662,5487,6175,
58335,46657,22520,24137,81645,39300,42345,93307,44878,48429,81641,39330,42311,46649,22452,24197,11663,5488,6175,
58340,46661,22522,24139,81652,39305,42347,93315,44885,48430,81648,39336,42312,46653,22455,24198,11664,5488,6176,
58345,46665,22524,24141,81659,39309,42350,93323,44887,48436,81655,39340,42315,46657,22456,24201,11665,5488,6177,
58350,46669,22524,24145,81666,39311,42355,93331,44889,48442,81662,39344,42318,46661,22459,24202,11666,5489,6177,
58355,46673,22526,24147,81673,39313,42360,93339,44893,48446,81669,39347,42322,46665,22460,24205,11667,5489,6178,
58360,46677,22527,24150,81680,39317,42363,93347,44899,48448,81676,39349,42327,46669,22461,24208,11668,5489,6179,
58365,46681,22528,24153,81687,39322,42365,93355,44903,48452,81683,39351,42332,46673,22462,24211,11669,5489,6180,
58370,46685,22529,24156,81694,39326,42368,93363,44905,48458,81690,39354,42336,46677,22462,24215,11670,5490,6180,
58375,46689,22532,24157,81701,39330,42371,93371,44907,48464,81697,39360,42337,46681,22462,24219,11671,5491,6180,
58380,46693,22534,24159,81708,39333,42375,93379,44911,48468,81704,39362,42342,46685,22466,24219,11672,5492,6180,
58385,46697,22535,24162,81715,39338,42377,93387,44916,48471,81711,39365,42346,46689,22468,24221,11673,5493,6180,
58390,46701,22537,24164,81722,39341,42381,93395,44921,48474,81718,39370,42348,46693,22469,24224,11674,5494,6180,
58395,46705,22539,24166,81729,39347,42382,93403,44927,48476,81725,39373,42352,46697,22470,24227,11675,5495,6180,
58400,46709,22542,24167,81736,39351,42385,93411,44930,48481,81732,39378,42354,46701,22474,24227,11676,5495,6181,
58405,46713,22545,24168,81743,39355,42388,93419,44932,48487,81739,39382,42357,46705,22476,24229,11677,5495,6182,
58410,46717,22545,24172,81750,39356,42394,93427,44935,48492,81746,39385,42361,46709,22478,24231,11678,5495,6183,
58415,46721,22547,24174,81757,39362,42395,93435,44940,48495,81753,39388,42365,46713,22481,24232,11679,5496,6183,
58420,46725,22550,24175,81764,39366,42398,93443,44943,48500,81760,39391,42369,46717,22482,24235,11680,5496,6184,
58425,46729,22552,24177,81771,39370,42401,93451,44947,48504,81767,39395,42372,46721,22483,24238,11681,5497,6184,
58430,46733,22554,24179,81778,39372,42406,93459,44950,48509,81774,39399,42375,46725,22485,24240,11682,5498,6184,
58435,46737,22556,24181,81785,39374,42411,93467,44953,48514,81781,39400,42381,46729,22489,24240,11683,5499,6184,
58440,46741,22558,24183,81792,39378,42414,93475,44959,48516,81788,39404,42384,46733,22491,24242,11684,5499,6185,
58445,46745,22558,24187,81799,39382,42417,93483,44961,48522,81795,39406,42389,46737,22495,24242,11685,5500,6185,
58450,46749,22559,24190,81806,39385,42421,93491,44966,48525,81802,39411,42391,46741,22497,24244,11686,5501,6185,
58455,46753,22562,24191,81813,39388,42425,93499,44969,48530,81809,39414,42395,46745,22500,24245,11687,5501,6186,
58460,46757,22563,24194,81820,39390,42430,93507,44973,48534,81816,39416,42400,46749,22502,24247,11688,5502,6186,
58465,46761,22565,24196,81827,39392,42435,93515,44975,48540,81823,39418,42405,46753,22503,24250,11689,5503,6186,
58470,46765,22567,24198,81834,39395,42439,93523,44979,48544,81830,39421,42409,46757,22503,24254,11690,5503,6187,
58475,46769,22569,24200,81841,39397,42444,93531,44985,48546,81837,39424,42413,46761,22504,24257,11691,5503,6188,
58480,46773,22571,24202,81848,39400,42448,93539,44990,48549,81844,39427,42417,46765,22505,24260,11692,5504,6188,
58485,46777,22572,24205,81855,39401,42454,93547,44993,48554,81851,39428,42423,46769,22508,24261,11693,5505,6188,
58490,46781,22575,24206,81862,39403,42459,93555,44998,48557,81858,39429,42429,46773,22509,24264,11694,5505,6189,
58495,46785,22577,24208,81869,39407,42462,93563,45001,48562,81865,39434,42431,46777,22512,24265,11695,5505,6190,
58500,46789,22579,24210,81876,39410,42466,93571,45003,48568,81872,39438,42434,46781,22515,24266,11696,5505,6191,
58505,46793,22580,24213,81883,39413,42470,93579,45005,48574,81879,39442,42437,46785,22517,24268,11697,5506,6191,
58510,46797,22583,24214,81890,39417,42473,93587,45007,48580,81886,39445,42441,46789,22518,24271,11698,5506,6192,
58515,46801,22585,24216,81897,39419,42478,93595,45009,48586,81893,39449,42444,46793,22521,24272,11699,5506,6193,
58520,46805,22586,24219,81904,39421,42483,93603,45012,48591,81900,39454,42446,46797,22523,24274,11700,5506,6194,
58525,46809,22589,24220,81911,39425,42486,93611,45015,48596,81907,39457,42450,46801,22524,24277,11701,5506,6195,
58530,46813,22592,24221,81918,39429,42489,93619,45018,48601,81914,39461,42453,46805,22528,24277,11702,5506,6196,
58535,46817,22594,24223,81925,39432,42493,93627,45021,48606,81921,39464,42457,46809,22531,24278,11703,5507,6196,
58540,46821,22596,24225,81932,39436,42496,93635,45027,48608,81928,39468,42460,46813,22534,24279,11704,5507,6197,
58545,46825,22599,24226,81939,39442,42497,93643,45031,48612,81935,39472,42463,46817,22537,24280,11705,5508,6197,
58550,46829,22601,24228,81946,39446,42500,93651,45033,48618,81942,39475,42467,46821,22541,24280,11706,5509,6197,
58555,46833,22602,24231,81953,39452,42501,93659,45039,48620,81949,39478,42471,46825,22544,24281,11707,5509,6198,
58560,46837,22606,24231,81960,39455,42505,93667,45044,48623,81956,39481,42475,46829,22547,24282,11708,5509,6199,
58565,46841,22608,24233,81967,39458,42509,93675,45050,48625,81963,39484,42479,46833,22548,24285,11709,5509,6200,
58570,46845,22610,24235,81974,39461,42513,93683,45053,48630,81970,39488,42482,46837,22550,24287,11710,5509,6201,
58575,46849,22611,24238,81981,39464,42517,93691,45054,48637,81977,39492,42485,46841,22552,24289,11711,5510,6201,
58580,46853,22613,24240,81988,39467,42521,93699,45058,48641,81984,39496,42488,46845,22554,24291,11712,5510,6202,
58585,46857,22615,24242,81995,39469,42526,93707,45062,48645,81991,39500,42491,46849,22555,24294,11713,5511,6202,
58590,46861,22617,24244,82002,39474,42528,93715,45067,48648,81998,39503,42495,46853,22556,24297,11714,5512,6202,
58595,46865,22618,24247,82009,39477,42532,93723,45069,48654,82005,39506,42499,46857,22558,24299,11715,5512,6203,
58600,46869,22621,24248,82016,39479,42537,93731,45071,48660,82012,39508,42504,46861,22560,24301,11716,5512,6204,
58605,46873,22623,24250,82023,39483,42540,93739,45074,48665,82019,39512,42507,46865,22562,24303,11717,5513,6204,
58610,46877,22623,24254,82030,39487,42543,93747,45078,48669,82026,39515,42511,46869,22564,24305,11718,5513,6205,
58615,46881,22624,24257,82037,39491,42546,93755,45084,48671,82033,39516,42517,46873,22565,24308,11719,5513,6206,
58620,46885,22628,24257,82044,39495,42549,93763,45087,48676,82040,39520,42520,46877,22566,24311,11720,5514,6206,
58625,46889,22629,24260,82051,39499,42552,93771,45091,48680,82047,39525,42522,46881,22568,24313,11721,5514,6207,
58630,46893,22630,24263,82058,39502,42556,93779,45094,48685,82054,39527,42527,46885,22570,24315,11722,5514,6208,
58635,46897,22630,24267,82065,39505,42560,93787,45097,48690,82061,39530,42531,46889,22573,24316,11723,5515,6208,
58640,46901,22631,24270,82072,39509,42563,93795,45101,48694,82068,39536,42532,46893,22574,24319,11724,5516,6208,
58645,46905,22634,24271,82079,39512,42567,93803,45105,48698,82075,39541,42534,46897,22577,24320,11725,5517,6208,
58650,46909,22636,24273,82086,39517,42569,93811,45109,48702,82082,39544,42538,46901,22579,24322,11726,5518,6208,
58655,46913,22638,24275,82093,39522,42571,93819,45112,48707,82089,39549,42540,46905,22582,24323,11727,5519,6208,
58660,46917,22640,24277,82100,39525,42575,93827,45114,48713,82096,39553,42543,46909,22584,24325,11728,5520,6208,
58665,46921,22642,24279,82107,39529,42578,93835,45118,48717,82103,39554,42549,46913,22587,24326,11729,5521,6208,
58670,46925,22644,24281,82114,39532,42582,93843,45121,48722,82110,39558,42552,46917,22588,24329,11730,5521,6209,
58675,46929,22646,24283,82121,39536,42585,93851,45127,48724,82117,39563,42554,46921,22590,24331,11731,5521,6210,
58680,46933,22650,24283,82128,39539,42589,93859,45130,48729,82124,39567,42557,46925,22592,24333,11732,5521,6211,
58685,46937,22652,24285,82135,39542,42593,93867,45134,48733,82131,39570,42561,46929,22594,24335,11733,5522,6211,
58690,46941,22653,24288,82142,39546,42596,93875,45139,48736,82138,39576,42562,46933,22594,24339,11734,5523,6211,
58695,46945,22653,24292,82149,39548,42601,93883,45142,48741,82145,39581,42564,46937,22597,24340,11735,5524,6211,
58700,46949,22656,24293,82156,39552,42604,93891,45146,48745,82152,39581,42571,46941,22599,24342,11736,5525,6211,
58705,46953,22657,24296,82163,39557,42606,93899,45148,48751,82159,39583,42576,46945,22603,24342,11737,5525,6212,
58710,46957,22659,24298,82170,39561,42609,93907,45151,48756,82166,39586,42580,46949,22605,24344,11738,5525,6213,
58715,46961,22659,24302,82177,39565,42612,93915,45155,48760,82173,39589,42584,46953,22608,24345,11739,5525,6214,
58720,46965,22660,24305,82184,39566,42618,93923,45161,48762,82180,39593,42587,46957,22609,24348,11740,5525,6215,
58725,46969,22662,24307,82191,39568,42623,93931,45162,48769,82187,39595,42592,46961,22610,24351,11741,5525,6216,
58730,46973,22664,24309,82198,39571,42627,93939,45166,48773,82194,39600,42594,46965,22611,24354,11742,5525,6217,
58735,46977,22668,24309,82205,39575,42630,93947,45170,48777,82201,39604,42597,46969,22614,24355,11743,5526,6217,
58740,46981,22668,24313,82212,39577,42635,93955,45174,48781,82208,39607,42601,46973,22616,24357,11744,5527,6217,
58745,46985,22671,24314,82219,39577,42642,93963,45176,48787,82215,39609,42606,46977,22617,24360,11745,5528,6217,
58750,46989,22675,24314,82226,39581,42645,93971,45180,48791,82222,39612,42610,46981,22619,24362,11746,5529,6217,
58755,46993,22677,24316,82233,39585,42648,93979,45181,48798,82229,39616,42613,46985,22620,24365,11747,5529,6218,
58760,46997,22681,24316,82240,39589,42651,93987,45186,48801,82236,39619,42617,46989,22624,24365,11748,5530,6218,
58765,47001,22681,24320,82247,39594,42653,93995,45190,48805,82243,39623,42620,46993,22625,24368,11749,5530,6219,
58770,47005,22682,24323,82254,39599,42655,94003,45190,48813,82250,39626,42624,46997,22628,24369,11750,5531,6219,
58775,47009,22684,24325,82261,39604,42657,94011,45193,48818,82257,39629,42628,47001,22629,24372,11751,5531,6220,
58780,47013,22686,24327,82268,39606,42662,94019,45198,48821,82264,39633,42631,47005,22631,24374,11752,5532,6220,
58785,47017,22689,24328,82275,39610,42665,94027,45202,48825,82271,39637,42634,47009,22631,24378,11753,5532,6221,
58790,47021,22690,24331,82282,39615,42667,94035,45208,48827,82278,39640,42638,47013,22633,24380,11754,5533,6221,
58795,47025,22691,24334,82289,39618,42671,94043,45213,48830,82285,39644,42641,47017,22634,24383,11755,5534,6221,
58800,47029,22692,24337,82296,39620,42676,94051,45216,48835,82292,39647,42645,47021,22634,24387,11756,5534,6222,
58805,47033,22695,24338,82303,39622,42681,94059,45218,48841,82299,39651,42648,47025,22637,24388,11757,5534,6223,
58810,47037,22697,24340,82310,39624,42686,94067,45223,48844,82306,39653,42653,47029,22638,24391,11758,5535,6223,
58815,47041,22699,24342,82317,39627,42690,94075,45224,48851,82313,39658,42655,47033,22641,24392,11759,5536,6223,
58820,47045,22700,24345,82324,39631,42693,94083,45229,48854,82320,39663,42657,47037,22642,24395,11760,5537,6223,
58825,47049,22703,24346,82331,39637,42694,94091,45232,48859,82327,39668,42659,47041,22643,24398,11761,5537,6224,
58830,47053,22705,24348,82338,39641,42697,94099,45238,48861,82334,39672,42662,47045,22646,24399,11762,5538,6224,
58835,47057,22708,24349,82345,39646,42699,94107,45240,48867,82341,39676,42665,47049,22649,24400,11763,5539,6224,
58840,47061,22710,24351,82352,39648,42704,94115,45244,48871,82348,39679,42669,47053,22650,24403,11764,5540,6224,
58845,47065,22711,24354,82359,39654,42705,94123,45245,48878,82355,39684,42671,47057,22652,24405,11765,5541,6224,
58850,47069,22715,24354,82366,39656,42710,94131,45248,48883,82362,39691,42671,47061,22655,24406,11766,5541,6225,
58855,47073,22717,24356,82373,39658,42715,94139,45252,48887,82369,39696,42673,47065,22656,24409,11767,5542,6225,
58860,47077,22717,24360,82380,39659,42721,94147,45255,48892,82376,39699,42677,47069,22658,24411,11768,5543,6225,
58865,47081,22719,24362,82387,39660,42727,94155,45260,48895,82383,39703,42680,47073,22660,24413,11769,5543,6226,
58870,47085,22721,24364,82394,39665,42729,94163,45262,48901,82390,39707,42683,47077,22662,24415,11770,5543,6227,
58875,47089,22724,24365,82401,39667,42734,94171,45267,48904,82397,39709,42688,47081,22665,24416,11771,5544,6227,
58880,47093,22725,24368,82408,39668,42740,94179,45270,48909,82404,39714,42690,47085,22666,24419,11772,5545,6227,
58885,47097,22727,24370,82415,39672,42743,94187,45273,48914,82411,39717,42694,47089,22670,24419,11773,5546,6227,
58890,47101,22729,24372,82422,39675,42747,94195,45277,48918,82418,39722,42696,47093,22672,24421,11774,5546,6228,
58895,47105,22730,24375,82429,39676,42753,94203,45281,48922,82425,39725,42700,47097,22674,24423,11775,5547,6228,
58900,47109,22732,24377,82436,39680,42756,94211,45283,48928,82432,39729,42703,47101,22674,24427,11776,5548,6228,
58905,47113,22733,24380,82443,39683,42760,94219,45288,48931,82439,39736,42703,47105,22677,24428,11777,5549,6228,
58910,47117,22734,24383,82450,39687,42763,94227,45295,48932,82446,39739,42707,47109,22678,24431,11778,5549,6229,
58915,47121,22735,24386,82457,39690,42767,94235,45296,48939,82453,39742,42711,47113,22680,24433,11779,5550,6229,
58920,47125,22736,24389,82464,39693,42771,94243,45300,48943,82460,39745,42715,47117,22681,24436,11780,5550,6230,
58925,47129,22738,24391,82471,39696,42775,94251,45304,48947,82467,39748,42719,47121,22685,24436,11781,5550,6231,
58930,47133,22740,24393,82478,39701,42777,94259,45309,48950,82474,39752,42722,47125,22686,24439,11782,5551,6231,
58935,47137,22742,24395,82485,39706,42779,94267,45311,48956,82481,39754,42727,47129,22688,24441,11783,5551,6232,
58940,47141,22743,24398,82492,39711,42781,94275,45313,48962,82488,39757,42731,47133,22690,24443,11784,5551,6233,
58945,47145,22746,24399,82499,39713,42786,94283,45317,48966,82495,39763,42732,47137,22692,24445,11785,5552,6233,
58950,47149,22748,24401,82506,39717,42789,94291,45321,48970,82502,39764,42738,47141,22694,24447,11786,5553,6233,
58955,47153,22751,24402,82513,39718,42795,94299,45326,48973,82509,39765,42744,47145,22697,24448,11787,5553,6234,
58960,47157,22752,24405,82520,39719,42801,94307,45331,48976,82516,39768,42748,47149,22700,24449,11788,5554,6234,
58965,47161,22754,24407,82527,39721,42806,94315,45336,48979,82523,39771,42752,47153,22701,24452,11789,5555,6234,
58970,47165,22757,24408,82534,39726,42808,94323,45342,48981,82530,39776,42754,47157,22703,24454,11790,5555,6235,
58975,47169,22760,24409,82541,39728,42813,94331,45347,48984,82537,39780,42757,47161,22707,24454,11791,5556,6235,
58980,47173,22764,24409,82548,39732,42816,94339,45349,48990,82544,39784,42760,47165,22711,24454,11792,5557,6235,
58985,47177,22766,24411,82555,39736,42819,94347,45352,48995,82551,39786,42765,47169,22712,24457,11793,5557,6236,
58990,47181,22768,24413,82562,39740,42822,94355,45356,48999,82558,39789,42769,47173,22712,24461,11794,5557,6237,
58995,47185,22771,24414,82569,39745,42824,94363,45360,49003,82565,39792,42773,47177,22715,24462,11795,5558,6237,
59000,47189,22774,24415,82576,39749,42827,94371,45366,49005,82572,39797,42775,47181,22716,24465,11796,5558,6238,
59005,47193,22775,24418,82583,39753,42830,94379,45372,49007,82579,39800,42779,47185,22720,24465,11797,5559,6238,
59010,47197,22777,24420,82590,39757,42833,94387,45375,49012,82586,39805,42781,47189,22722,24467,11798,5559,6239,
59015,47201,22779,24422,82597,39760,42837,94395,45380,49015,82593,39807,42786,47193,22724,24469,11799,5560,6239,
59020,47205,22782,24423,82604,39763,42841,94403,45385,49018,82600,39810,42790,47197,22726,24471,11800,5561,6239,
59025,47209,22783,24426,82611,39769,42842,94411,45390,49021,82607,39812,42795,47201,22727,24474,11801,5561,6240,
59030,47213,22784,24429,82618,39773,42845,94419,45394,49025,82614,39813,42801,47205,22729,24476,11802,5562,6240,
59035,47217,22786,24431,82625,39776,42849,94427,45398,49029,82621,39817,42804,47209,22733,24476,11803,5562,6241,
59040,47221,22788,24433,82632,39780,42852,94435,45404,49031,82628,39821,42807,47213,22734,24479,11804,5562,6242,
59045,47225,22790,24435,82639,39783,42856,94443,45407,49036,82635,39825,42810,47217,22737,24480,11805,5562,6243,
59050,47229,22792,24437,82646,39788,42858,94451,45407,49044,82642,39831,42811,47221,22740,24481,11806,5562,6244,
59055,47233,22792,24441,82653,39789,42864,94459,45408,49051,82649,39833,42816,47225,22743,24482,11807,5563,6244,
59060,47237,22794,24443,82660,39790,42870,94467,45411,49056,82656,39836,42820,47229,22745,24484,11808,5563,6245,
59065,47241,22795,24446,82667,39793,42874,94475,45413,49062,82663,39837,42826,47233,22747,24486,11809,5564,6245,
59070,47245,22796,24449,82674,39795,42879,94483,45417,49066,82670,39839,42831,47237,22751,24486,11810,5564,6246,
59075,47249,22800,24449,82681,39798,42883,94491,45418,49073,82677,39843,42834,47241,22753,24488,11811,5565,6246,
59080,47253,22800,24453,82688,39802,42886,94499,45420,49079,82684,39846,42838,47245,22755,24490,11812,5566,6246,
59085,47257,22801,24456,82695,39805,42890,94507,45425,49082,82691,39850,42841,47249,22756,24493,11813,5567,6246,
59090,47261,22804,24457,82702,39807,42895,94515,45429,49086,82698,39853,42845,47253,22758,24495,11814,5567,6247,
59095,47265,22807,24458,82709,39810,42899,94523,45431,49092,82705,39856,42849,47257,22761,24496,11815,5568,6247,
59100,47269,22809,24460,82716,39813,42903,94531,45435,49096,82712,39859,42853,47261,22761,24500,11816,5568,6248,
59105,47273,22810,24463,82723,39817,42906,94539,45440,49099,82719,39864,42855,47265,22762,24503,11817,5569,6248,
59110,47277,22812,24465,82730,39821,42909,94547,45443,49104,82726,39866,42860,47269,22764,24505,11818,5569,6249,
59115,47281,22815,24466,82737,39827,42910,94555,45448,49107,82733,39866,42867,47273,22767,24506,11819,5569,6250,
59120,47285,22818,24467,82744,39832,42912,94563,45451,49112,82740,39868,42872,47277,22768,24509,11820,5570,6250,
59125,47289,22820,24469,82751,39835,42916,94571,45455,49116,82747,39872,42875,47281,22769,24512,11821,5571,6250,
59130,47293,22821,24472,82758,39837,42921,94579,45459,49120,82754,39876,42878,47285,22771,24514,11822,5572,6250,
59135,47297,22823,24474,82765,39842,42923,94587,45461,49126,82761,39880,42881,47289,22772,24517,11823,5572,6251,
59140,47301,22823,24478,82772,39846,42926,94595,45465,49130,82768,39884,42884,47293,22773,24520,11824,5573,6251,
59145,47305,22826,24479,82779,39848,42931,94603,45470,49133,82775,39887,42888,47297,22775,24522,11825,5573,6252,
59150,47309,22830,24479,82786,39853,42933,94611,45474,49137,82782,39890,42892,47301,22776,24525,11826,5574,6252,
59155,47313,22832,24481,82793,39856,42937,94619,45478,49141,82789,39892,42897,47305,22778,24527,11827,5574,6253,
59160,47317,22835,24482,82800,39861,42939,94627,45484,49143,82796,39897,42899,47309,22779,24530,11828,5574,6254,
59165,47321,22837,24484,82807,39864,42943,94635,45488,49147,82803,39899,42904,47313,22781,24532,11829,5574,6255,
59170,47325,22840,24485,82814,39867,42947,94643,45490,49153,82810,39903,42907,47317,22783,24534,11830,5574,6256,
59175,47329,22841,24488,82821,39870,42951,94651,45495,49156,82817,39904,42913,47321,22784,24537,11831,5574,6257,
59180,47333,22844,24489,82828,39875,42953,94659,45499,49160,82824,39908,42916,47325,22785,24540,11832,5575,6257,
59185,47337,22846,24491,82835,39878,42957,94667,45502,49165,82831,39911,42920,47329,22788,24541,11833,5575,6258,
59190,47341,22848,24493,82842,39883,42959,94675,45505,49170,82838,39913,42925,47333,22789,24544,11834,5575,6259,
59195,47345,22851,24494,82849,39888,42961,94683,45509,49174,82845,39917,42928,47337,22792,24545,11835,5576,6259,
59200,47349,22852,24497,82856,39892,42964,94691,45515,49176,82852,39921,42931,47341,22794,24547,11836,5576,6260,
59205,47353,22854,24499,82863,39897,42966,94699,45519,49180,82859,39925,42934,47345,22796,24549,11837,5577,6260,
59210,47357,22855,24502,82870,39899,42971,94707,45523,49184,82866,39930,42936,47349,22798,24551,11838,5578,6260,
59215,47361,22855,24506,82877,39900,42977,94715,45526,49189,82873,39933,42940,47353,22799,24554,11839,5578,6261,
59220,47365,22855,24510,82884,39906,42978,94723,45530,49193,82880,39937,42943,47357,22801,24556,11840,5579,6261,
59225,47369,22857,24512,82891,39909,42982,94731,45532,49199,82887,39940,42947,47361,22802,24559,11841,5580,6261,
59230,47373,22860,24513,82898,39913,42985,94739,45532,49207,82894,39942,42952,47365,22802,24563,11842,5581,6261,
59235,47377,22862,24515,82905,39917,42988,94747,45535,49212,82901,39945,42956,47369,22804,24565,11843,5581,6262,
59240,47381,22865,24516,82912,39920,42992,94755,45538,49217,82908,39946,42962,47373,22807,24566,11844,5581,6263,
59245,47385,22867,24518,82919,39920,42999,94763,45544,49219,82915,39949,42966,47377,22807,24570,11845,5582,6263,
59250,47389,22868,24521,82926,39923,43003,94771,45548,49223,82922,39953,42969,47381,22808,24573,11846,5582,6264,
59255,47393,22870,24523,82933,39927,43006,94779,45551,49228,82929,39957,42972,47385,22810,24575,11847,5583,6264,
59260,47397,22871,24526,82940,39931,43009,94787,45553,49234,82936,39961,42975,47389,22813,24576,11848,5584,6264,
59265,47401,22872,24529,82947,39934,43013,94795,45556,49239,82943,39967,42976,47393,22815,24578,11849,5584,6265,
59270,47405,22874,24531,82954,39938,43016,94803,45560,49243,82950,39971,42979,47397,22817,24580,11850,5585,6265,
59275,47409,22876,24533,82961,39939,43022,94811,45564,49247,82957,39973,42984,47401,22818,24583,11851,5585,6266,
59280,47413,22878,24535,82968,39942,43026,94819,45568,49251,82964,39975,42989,47405,22820,24585,11852,5585,6267,
59285,47417,22878,24539,82975,39949,43026,94827,45574,49253,82971,39979,42992,47409,22821,24588,11853,5586,6267,
59290,47421,22879,24542,82982,39951,43031,94835,45577,49258,82978,39982,42996,47413,22825,24588,11854,5587,6267,
59295,47425,22881,24544,82989,39956,43033,94843,45581,49262,82985,39986,42999,47417,22829,24588,11855,5588,6267,
59300,47429,22883,24546,82996,39961,43035,94851,45585,49266,82992,39991,43001,47421,22830,24591,11856,5588,6268,
59305,47433,22884,24549,83003,39964,43039,94859,45590,49269,82999,39995,43004,47425,22831,24594,11857,5588,6269,
59310,47437,22885,24552,83010,39968,43042,94867,45595,49272,83006,39999,43007,47429,22832,24597,11858,5588,6270,
59315,47441,22886,24555,83017,39971,43046,94875,45600,49275,83013,40004,43009,47433,22834,24599,11859,5588,6271,
59320,47445,22888,24557,83024,39973,43051,94883,45605,49278,83020,40008,43012,47437,22837,24600,11860,5589,6271,
59325,47449,22890,24559,83031,39976,43055,94891,45608,49283,83027,40012,43015,47441,22838,24603,11861,5590,6271,
59330,47453,22891,24562,83038,39977,43061,94899,45614,49285,83034,40014,43020,47445,22841,24604,11862,5591,6271,
59335,47457,22892,24565,83045,39980,43065,94907,45620,49287,83041,40018,43023,47449,22842,24607,11863,5591,6272,
59340,47461,22894,24567,83052,39984,43068,94915,45623,49292,83048,40022,43026,47453,22843,24610,11864,5592,6272,
59345,47465,22896,24569,83059,39989,43070,94923,45627,49296,83055,40027,43028,47457,22844,24613,11865,5592,6273,
59350,47469,22898,24571,83066,39994,43072,94931,45633,49298,83062,40027,43035,47461,22845,24616,11866,5593,6273,
59355,47473,22901,24572,83073,39999,43074,94939,45637,49302,83069,40032,43037,47465,22846,24619,11867,5593,6274,
59360,47477,22902,24575,83080,40001,43079,94947,45641,49306,83076,40034,43042,47469,22847,24622,11868,5594,6274,
59365,47481,22904,24577,83087,40006,43081,94955,45644,49311,83083,40037,43046,47473,22849,24624,11869,5594,6275,
59370,47485,22906,24579,83094,40009,43085,94963,45647,49316,83090,40041,43049,47477,22850,24627,11870,5594,6276,
59375,47489,22909,24580,83101,40014,43087,94971,45650,49321,83097,40046,43051,47481,22853,24628,11871,5594,6277,
59380,47493,22911,24582,83108,40019,43089,94979,45654,49325,83104,40049,43055,47485,22856,24629,11872,5594,6278,
59385,47497,22911,24586,83115,40023,43092,94987,45656,49331,83111,40051,43060,47489,22858,24631,11873,5594,6279,
59390,47501,22914,24587,83122,40026,43096,94995,45660,49335,83118,40054,43064,47493,22861,24632,11874,5595,6279,
59395,47505,22917,24588,83129,40031,43098,95003,45667,49336,83125,40057,43068,47497,22864,24633,11875,5595,6280,
59400,47509,22920,24589,83136,40035,43101,95011,45673,49338,83132,40062,43070,47501,22865,24636,11876,5595,6281,
59405,47513,22922,24591,83143,40040,43103,95019,45677,49342,83139,40066,43073,47505,22867,24638,11877,5596,6281,
59410,47517,22923,24594,83150,40044,43106,95027,45682,49345,83146,40070,43076,47509,22868,24641,11878,5596,6282,
59415,47521,22927,24594,83157,40048,43109,95035,45687,49348,83153,40074,43079,47513,22870,24643,11879,5596,6283,
59420,47525,22930,24595,83164,40053,43111,95043,45690,49353,83160,40079,43081,47517,22872,24645,11880,5597,6283,
59425,47529,22931,24598,83171,40056,43115,95051,45691,49360,83167,40080,43087,47521,22874,24647,11881,5597,6284,
59430,47533,22934,24599,83178,40059,43119,95059,45696,49363,83174,40081,43093,47525,22876,24649,11882,5598,6284,
59435,47537,22935,24602,83185,40064,43121,95067,45700,49367,83181,40086,43095,47529,22879,24650,11883,5599,6284,
59440,47541,22938,24603,83192,40066,43126,95075,45704,49371,83188,40089,43099,47533,22880,24653,11884,5599,6285,
59445,47545,22941,24604,83199,40072,43127,95083,45707,49376,83195,40094,43101,47537,22883,24654,11885,5600,6285,
59450,47549,22943,24606,83206,40072,43134,95091,45710,49381,83202,40097,43105,47541,22886,24655,11886,5601,6285,
59455,47553,22945,24608,83213,40073,43140,95099,45717,49382,83209,40101,43108,47545,22889,24656,11887,5601,6286,
59460,47557,22946,24611,83220,40075,43145,95107,45723,49384,83216,40106,43110,47549,22892,24657,11888,5602,6286,
59465,47561,22950,24611,83227,40076,43151,95115,45729,49386,83223,40109,43114,47553,22893,24660,11889,5602,6287,
59470,47565,22951,24614,83234,40080,43154,95123,45733,49390,83230,40111,43119,47557,22895,24662,11890,5602,6288,
59475,47569,22951,24618,83241,40083,43158,95131,45737,49394,83237,40113,43124,47561,22898,24663,11891,5602,6289,
59480,47573,22954,24619,83248,40085,43163,95139,45741,49398,83244,40115,43129,47565,22899,24666,11892,5602,6290,
59485,47577,22957,24620,83255,40088,43167,95147,45746,49401,83251,40119,43132,47569,22903,24666,11893,5602,6291,
59490,47581,22958,24623,83262,40091,43171,95155,45750,49405,83258,40122,43136,47573,22906,24667,11894,5603,6291,
59495,47585,22961,24624,83269,40095,43174,95163,45751,49412,83265,40126,43139,47577,22908,24669,11895,5603,6292,
59500,47589,22963,24626,83276,40096,43180,95171,45758,49413,83272,40128,43144,47581,22908,24673,11896,5604,6292,
59505,47593,22964,24629,83283,40100,43183,95179,45758,49421,83279,40132,43147,47585,22910,24675,11897,5605,6292,
59510,47597,22967,24630,83290,40105,43185,95187,45761,49426,83286,40134,43152,47589,22912,24677,11898,5605,6293,
59515,47601,22967,24634,83297,40109,43188,95195,45765,49430,83293,40138,43155,47593,22913,24680,11899,5605,6294,
59520,47605,22969,24636,83304,40115,43189,95203,45769,49434,83300,40141,43159,47597,22914,24683,11900,5606,6294,
59525,47609,22971,24638,83311,40118,43193,95211,45775,49436,83307,40142,43165,47601,22914,24687,11901,5607,6294,
59530,47613,22971,24642,83318,40122,43196,95219,45779,49440,83314,40147,43167,47605,22915,24690,11902,5607,6295,
59535,47617,22973,24644,83325,40125,43200,95227,45783,49444,83321,40149,43172,47609,22917,24692,11903,5607,6296,
59540,47621,22975,24646,83332,40127,43205,95235,45787,49448,83328,40151,43177,47613,22920,24693,11904,5608,6296,
59545,47625,22976,24649,83339,40130,43209,95243,45793,49450,83335,40156,43179,47617,22921,24696,11905,5609,6296,
59550,47629,22980,24649,83346,40133,43213,95251,45798,49453,83342,40159,43183,47621,22923,24698,11906,5610,6296,
59555,47633,22982,24651,83353,40135,43218,95259,45802,49457,83349,40162,43187,47625,22926,24699,11907,5611,6296,
59560,47637,22985,24652,83360,40140,43220,95267,45805,49462,83356,40167,43189,47629,22928,24701,11908,5611,6297,
59565,47641,22988,24653,83367,40141,43226,95275,45807,49468,83363,40169,43194,47633,22930,24703,11909,5611,6298,
59570,47645,22991,24654,83374,40145,43229,95283,45810,49473,83370,40171,43199,47637,22932,24705,11910,5611,6299,
59575,47649,22995,24654,83381,40147,43234,95291,45811,49480,83377,40174,43203,47641,22936,24705,11911,5611,6300,
59580,47653,22997,24656,83388,40150,43238,95299,45817,49482,83384,40179,43205,47645,22939,24706,11912,5612,6300,
59585,47657,22998,24659,83395,40154,43241,95307,45820,49487,83391,40183,43208,47649,22940,24709,11913,5613,6300,
59590,47661,23000,24661,83402,40156,43246,95315,45824,49491,83398,40186,43212,47653,22942,24711,11914,5613,6301,
59595,47665,23000,24665,83409,40161,43248,95323,45829,49494,83405,40191,43214,47657,22944,24713,11915,5613,6302,
59600,47669,23003,24666,83416,40166,43250,95331,45833,49498,83412,40195,43217,47661,22945,24716,11916,5613,6303,
59605,47673,23005,24668,83423,40170,43253,95339,45840,49499,83419,40199,43220,47665,22947,24718,11917,5614,6303,
59610,47677,23005,24672,83430,40173,43257,95347,45843,49504,83426,40204,43222,47669,22949,24720,11918,5615,6303,
59615,47681,23009,24672,83437,40176,43261,95355,45846,49509,83433,40208,43225,47673,22950,24723,11919,5616,6303,
59620,47685,23012,24673,83444,40177,43267,95363,45847,49516,83440,40211,43229,47677,22953,24724,11920,5616,6304,
59625,47689,23013,24676,83451,40180,43271,95371,45850,49521,83447,40215,43232,47681,22953,24728,11921,5616,6305,
59630,47693,23017,24676,83458,40182,43276,95379,45855,49524,83454,40219,43235,47685,22954,24731,11922,5617,6305,
59635,47697,23020,24677,83465,40187,43278,95387,45858,49529,83461,40222,43239,47689,22955,24734,11923,5617,6306,
59640,47701,23022,24679,83472,40189,43283,95395,45861,49534,83468,40226,43242,47693,22957,24736,11924,5617,6307,
59645,47705,23023,24682,83479,40193,43286,95403,45863,49540,83475,40231,43244,47697,22960,24737,11925,5617,6308,
59650,47709,23025,24684,83486,40197,43289,95411,45867,49544,83482,40235,43247,47701,22961,24740,11926,5617,6309,
59655,47713,23027,24686,83493,40200,43293,95419,45871,49548,83489,40235,43254,47705,22962,24743,11927,5618,6309,
59660,47717,23030,24687,83500,40203,43297,95427,45876,49551,83496,40240,43256,47709,22962,24747,11928,5619,6309,
59665,47721,23032,24689,83507,40206,43301,95435,45879,49556,83503,40242,43261,47713,22965,24748,11929,5620,6309,
59670,47725,23033,24692,83514,40208,43306,95443,45884,49559,83510,40244,43266,47717,22967,24750,11930,5621,6309,
59675,47729,23034,24695,83521,40210,43311,95451,45888,49563,83517,40248,43269,47721,22971,24750,11931,5622,6309,
59680,47733,23035,24698,83528,40212,43316,95459,45893,49566,83524,40251,43273,47725,22973,24752,11932,5622,6310,
59685,47737,23036,24701,83535,40216,43319,95467,45896,49571,83531,40256,43275,47729,22976,24753,11933,5623,6310,
59690,47741,23039,24702,83542,40221,43321,95475,45900,49575,83538,40261,43277,47733,22978,24755,11934,5623,6311,
59695,47745,23040,24705,83549,40222,43327,95483,45905,49578,83545,40264,43281,47737,22980,24757,11935,5624,6311,
59700,47749,23041,24708,83556,40227,43329,95491,45911,49580,83552,40266,43286,47741,22983,24758,11936,5624,6312,
59705,47753,23043,24710,83563,40231,43332,95499,45915,49584,83559,40268,43291,47745,22986,24759,11937,5624,6313,
59710,47757,23046,24711,83570,40234,43336,95507,45918,49589,83566,40270,43296,47749,22988,24761,11938,5625,6313,
59715,47761,23049,24712,83577,40236,43341,95515,45920,49595,83573,40274,43299,47753,22990,24763,11939,5626,6313,
59720,47765,23052,24713,83584,40238,43346,95523,45923,49600,83580,40276,43304,47757,22992,24765,11940,5627,6313,
59725,47769,23054,24715,83591,40242,43349,95531,45925,49606,83587,40281,43306,47761,22994,24767,11941,5628,6313,
59730,47773,23055,24718,83598,40246,43352,95539,45929,49610,83594,40284,43310,47765,22996,24769,11942,5628,6314,
59735,47777,23057,24720,83605,40250,43355,95547,45934,49613,83601,40287,43314,47769,22998,24771,11943,5629,6314,
59740,47781,23060,24721,83612,40252,43360,95555,45939,49616,83608,40294,43314,47773,23001,24772,11944,5629,6315,
59745,47785,23062,24723,83619,40256,43363,95563,45947,49616,83615,40298,43317,47777,23004,24773,11945,5629,6316,
59750,47789,23065,24724,83626,40261,43365,95571,45952,49619,83622,40302,43320,47781,23005,24776,11946,5629,6317,
59755,47793,23067,24726,83633,40265,43368,95579,45957,49622,83629,40305,43324,47785,23006,24779,11947,5629,6318,
59760,47797,23069,24728,83640,40268,43372,95587,45962,49625,83636,40309,43327,47789,23007,24782,11948,5629,6319,
59765,47801,23070,24731,83647,40271,43376,95595,45967,49628,83643,40312,43331,47793,23009,24784,11949,5629,6320,
59770,47805,23072,24733,83654,40275,43379,95603,45969,49634,83650,40315,43335,47797,23010,24787,11950,5629,6321,
59775,47809,23073,24736,83661,40278,43383,95611,45974,49637,83657,40319,43338,47801,23012,24789,11951,5629,6322,
59780,47813,23073,24740,83668,40282,43386,95619,45977,49642,83664,40325,43339,47805,23016,24789,11952,5630,6322,
59785,47817,23074,24743,83675,40284,43391,95627,45981,49646,83671,40328,43343,47809,23020,24789,11953,5630,6323,
59790,47821,23076,24745,83682,40287,43395,95635,45985,49650,83678,40331,43347,47813,23023,24790,11954,5631,6323,
59795,47825,23079,24746,83689,40294,43395,95643,45988,49655,83685,40334,43351,47817,23025,24792,11955,5632,6323,
59800,47829,23080,24749,83696,40298,43398,95651,45992,49659,83692,40339,43353,47821,23028,24793,11956,5632,6324,
59805,47833,23081,24752,83703,40303,43400,95659,45995,49664,83699,40340,43359,47825,23028,24797,11957,5633,6324,
59810,47837,23084,24753,83710,40305,43405,95667,46000,49667,83706,40341,43365,47829,23030,24799,11958,5633,6325,
59815,47841,23086,24755,83717,40308,43409,95675,46004,49671,83713,40346,43367,47833,23031,24802,11959,5633,6326,
59820,47845,23088,24757,83724,40312,43412,95683,46007,49676,83720,40350,43370,47837,23032,24805,11960,5634,6326,
59825,47849,23089,24760,83731,40313,43418,95691,46011,49680,83727,40352,43375,47841,23033,24808,11961,5635,6326,
59830,47853,23091,24762,83738,40317,43421,95699,46015,49684,83734,40356,43378,47845,23035,24810,11962,5635,6327,
59835,47857,23092,24765,83745,40319,43426,95707,46017,49690,83741,40360,43381,47849,23035,24814,11963,5635,6328,
59840,47861,23095,24766,83752,40321,43431,95715,46020,49695,83748,40362,43386,47853,23037,24816,11964,5636,6328,
59845,47865,23098,24767,83759,40326,43433,95723,46025,49698,83755,40365,43390,47857,23039,24818,11965,5637,6328,
59850,47869,23099,24770,83766,40328,43438,95731,46029,49702,83762,40367,43395,47861,23040,24821,11966,5638,6328,
59855,47873,23102,24771,83773,40330,43443,95739,46033,49706,83769,40368,43401,47865,23042,24823,11967,5639,6328,
59860,47877,23104,24773,83780,40333,43447,95747,46035,49712,83776,40372,43404,47869,23045,24824,11968,5640,6328,
59865,47881,23107,24774,83787,40336,43451,95755,46038,49717,83783,40376,43407,47873,23047,24826,11969,5641,6328,
59870,47885,23109,24776,83794,40340,43454,95763,46042,49721,83790,40377,43413,47877,23047,24830,11970,5641,6329,
59875,47889,23110,24779,83801,40342,43459,95771,46046,49725,83797,40381,43416,47881,23049,24832,11971,5642,6329,
59880,47893,23111,24782,83808,40344,43464,95779,46051,49728,83804,40386,43418,47885,23053,24832,11972,5643,6329,
59885,47897,23113,24784,83815,40349,43466,95787,46059,49728,83811,40387,43424,47889,23056,24833,11973,5643,6330,
59890,47901,23114,24787,83822,40351,43471,95795,46062,49733,83818,40392,43426,47893,23060,24833,11974,5644,6330,
59895,47905,23115,24790,83829,40356,43473,95803,46065,49738,83825,40395,43430,47897,23062,24835,11975,5644,6331,
59900,47909,23117,24792,83836,40359,43477,95811,46070,49741,83832,40398,43434,47901,23064,24837,11976,5645,6331,
59905,47913,23118,24795,83843,40362,43481,95819,46073,49746,83839,40400,43439,47905,23065,24840,11977,5645,6332,
59910,47917,23122,24795,83850,40365,43485,95827,46076,49751,83846,40403,43443,47909,23069,24840,11978,5645,6333,
59915,47921,23125,24796,83857,40371,43486,95835,46078,49757,83853,40405,43448,47913,23072,24841,11979,5646,6333,
59920,47925,23127,24798,83864,40375,43489,95843,46083,49760,83860,40407,43453,47917,23072,24845,11980,5646,6334,
59925,47929,23128,24801,83871,40381,43490,95851,46085,49766,83867,40411,43456,47921,23073,24848,11981,5646,6335,
59930,47933,23129,24804,83878,40385,43493,95859,46090,49769,83874,40413,43461,47925,23076,24849,11982,5646,6336,
59935,47937,23131,24806,83885,40388,43497,95867,46095,49772,83881,40418,43463,47929,23077,24852,11983,5646,6337,
59940,47941,23134,24807,83892,40391,43501,95875,46098,49777,83888,40423,43465,47933,23079,24854,11984,5646,6338,
59945,47945,23137,24808,83899,40396,43503,95883,46101,49782,83895,40428,43467,47937,23082,24855,11985,5647,6338,
59950,47949,23138,24811,83906,40399,43507,95891,46106,49785,83902,40430,43472,47941,23086,24855,11986,5648,6338,
59955,47953,23141,24812,83913,40401,43512,95899,46112,49787,83909,40432,43477,47945,23086,24859,11987,5649,6338,
59960,47957,23143,24814,83920,40404,43516,95907,46117,49790,83916,40436,43480,47949,23086,24863,11988,5649,6339,
59965,47961,23145,24816,83927,40406,43521,95915,46122,49793,83923,40436,43487,47953,23089,24864,11989,5650,6339,
59970,47965,23146,24819,83934,40408,43526,95923,46125,49798,83930,40442,43488,47957,23090,24867,11990,5651,6339,
59975,47969,23148,24821,83941,40413,43528,95931,46129,49802,83937,40446,43491,47961,23092,24869,11991,5652,6339,
59980,47973,23150,24823,83948,40417,43531,95939,46133,49806,83944,40447,43497,47965,23093,24872,11992,5653,6339,
59985,47977,23153,24824,83955,40420,43535,95947,46138,49809,83951,40451,43500,47969,23094,24875,11993,5653,6340,
59990,47981,23153,24828,83962,40425,43537,95955,46143,49812,83958,40454,43504,47973,23095,24878,11994,5654,6340,
59995,47985,23155,24830,83969,40427,43542,95963,46147,49816,83965,40458,43507,47977,23097,24880,11995,5654,6341,
60000,47989,23156,24833,83976,40430,43546,95971,46151,49820,83972,40459,43513,47981,23100,24881,11996,5654,6342,
60005,47993,23158,24835,83983,40434,43549,95979,46155,49824,83979,40462,43517,47985,23101,24884,11997,5654,6343,
60010,47997,23159,24838,83990,40438,43552,95987,46158,49829,83986,40465,43521,47989,23102,24887,11998,5655,6343,
60015,48001,23161,24840,83997,40441,43556,95995,46163,49832,83993,40467,43526,47993,23106,24887,11999,5655,6344,
60020,48005,23163,24842,84004,40446,43558,96003,46169,49834,84000,40471,43529,47997,23108,24889,12000,5655,6345,
60025,48009,23165,24844,84011,40448,43563,96011,46173,49838,84007,40477,43530,48001,23110,24891,12001,5655,6346,
60030,48013,23166,24847,84018,40451,43567,96019,46176,49843,84014,40480,43534,48005,23113,24892,12002,5655,6347,
60035,48017,23168,24849,84025,40455,43570,96027,46180,49847,84021,40482,43539,48009,23113,24896,12003,5656,6347,
60040,48021,23171,24850,84032,40457,43575,96035,46183,49852,84028,40484,43544,48013,23115,24898,12004,5657,6347,
60045,48025,23173,24852,84039,40460,43579,96043,46189,49854,84035,40487,43548,48017,23118,24899,12005,5657,6348,
60050,48029,23176,24853,84046,40461,43585,96051,46193,49858,84042,40490,43552,48021,23119,24902,12006,5657,6349,
60055,48033,23179,24854,84053,40464,43589,96059,46198,49861,84049,40494,43555,48025,23120,24905,12007,5657,6350,
60060,48037,23180,24857,84060,40470,43590,96067,46199,49868,84056,40498,43558,48029,23122,24907,12008,5657,6351,
60065,48041,23182,24859,84067,40474,43593,96075,46204,49871,84063,40502,43561,48033,23124,24909,12009,5657,6352,
60070,48045,23185,24860,84074,40477,43597,96083,46209,49874,84070,40506,43564,48037,23127,24910,12010,5658,6352,
60075,48049,23188,24861,84081,40481,43600,96091,46213,49878,84077,40509,43568,48041,23127,24914,12011,5659,6352,
60080,48053,23191,24862,84088,40485,43603,96099,46216,49883,84084,40515,43569,48045,23129,24916,12012,5660,6352,
60085,48057,23194,24863,84095,40488,43607,96107,46221,49886,84091,40519,43572,48049,23131,24918,12013,5660,6353,
60090,48061,23195,24866,84102,40489,43613,96115,46224,49891,84098,40523,43575,48053,23134,24919,12014,5660,6354,
60095,48065,23196,24869,84109,40493,43616,96123,46229,49894,84105,40525,43580,48057,23136,24921,12015,5661,6354,
60100,48069,23197,24872,84116,40497,43619,96131,46234,49897,84112,40528,43584,48061,23138,24923,12016,5662,6354,
60105,48073,23200,24873,84123,40500,43623,96139,46238,49901,84119,40533,43586,48065,23139,24926,12017,5663,6354,
60110,48077,23203,24874,84130,40504,43626,96147,46240,49907,84126,40536,43590,48069,23141,24928,12018,5664,6354,
60115,48081,23205,24876,84137,40507,43630,96155,46246,49909,84133,40538,43595,48073,23144,24929,12019,5665,6354,
60120,48085,23208,24877,84144,40509,43635,96163,46250,49913,84140,40540,43600,48077,23146,24931,12020,5665,6355,
60125,48089,23210,24879,84151,40515,43636,96171,46255,49916,84147,40542,43605,48081,23147,24934,12021,5665,6356,
60130,48093,23210,24883,84158,40520,43638,96179,46257,49922,84154,40545,43609,48085,23149,24936,12022,5665,6357,
60135,48097,23213,24884,84165,40523,43642,96187,46261,49926,84161,40549,43612,48089,23152,24937,12023,5666,6357,
60140,48101,23213,24888,84172,40527,43645,96195,46265,49930,84168,40553,43615,48093,23156,24937,12024,5666,6358,
60145,48105,23215,24890,84179,40529,43650,96203,46268,49935,84175,40558,43617,48097,23157,24940,12025,5666,6359,
60150,48109,23218,24891,84186,40532,43654,96211,46273,49938,84182,40563,43619,48101,23160,24941,12026,5667,6359,
60155,48113,23221,24892,84193,40537,43656,96219,46277,49942,84189,40568,43621,48105,23162,24943,12027,5667,6360,
60160,48117,23223,24894,84200,40539,43661,96227,46279,49948,84196,40570,43626,48109,23164,24945,12028,5667,6361,
60165,48121,23225,24896,84207,40540,43667,96235,46283,49952,84203,40573,43630,48113,23165,24948,12029,5667,6362,
60170,48125,23227,24898,84214,40542,43672,96243,46286,49957,84210,40578,43632,48117,23169,24948,12030,5667,6363,
60175,48129,23229,24900,84221,40546,43675,96251,46290,49961,84217,40580,43637,48121,23170,24951,12031,5668,6363,
60180,48133,23231,24902,84228,40550,43678,96259,46295,49964,84224,40583,43641,48125,23171,24954,12032,5668,6364,
60185,48137,23233,24904,84235,40554,43681,96267,46300,49967,84231,40586,43645,48129,23173,24956,12033,5669,6364,
60190,48141,23234,24907,84242,40558,43684,96275,46304,49971,84238,40590,43648,48133,23175,24958,12034,5669,6365,
60195,48145,23236,24909,84249,40559,43690,96283,46308,49975,84245,40593,43652,48137,23178,24959,12035,5669,6366,
60200,48149,23237,24912,84256,40563,43693,96291,46313,49978,84252,40599,43653,48141,23181,24960,12036,5670,6366,
60205,48153,23241,24912,84263,40565,43698,96299,46316,49983,84259,40604,43655,48145,23184,24961,12037,5671,6366,
60210,48157,23243,24914,84270,40567,43703,96307,46323,49984,84266,40608,43658,48149,23186,24963,12038,5671,6367,
60215,48161,23244,24917,84277,40569,43708,96315,46326,49989,84273,40611,43662,48153,23190,24963,12039,5671,6368,
60220,48165,23247,24918,84284,40572,43712,96323,46329,49994,84280,40614,43666,48157,23191,24966,12040,5672,6368,
60225,48169,23248,24921,84291,40574,43717,96331,46333,49998,84287,40617,43670,48161,23192,24969,12041,5673,6368,
60230,48173,23251,24922,84298,40578,43720,96339,46334,50005,84294,40622,43672,48165,23193,24972,12042,5674,6368,
60235,48177,23253,24924,84305,40582,43723,96347,46339,50008,84301,40624,43677,48169,23194,24975,12043,5675,6368,
60240,48181,23257,24924,84312,40585,43727,96355,46345,50010,84308,40626,43682,48173,23196,24977,12044,5675,6369,
60245,48185,23260,24925,84319,40587,43732,96363,46347,50016,84315,40628,43687,48177,23197,24980,12045,5675,6370,
60250,48189,23261,24928,84326,40591,43735,96371,46354,50017,84322,40632,43690,48181,23199,24982,12046,5676,6370,
60255,48193,23261,24932,84333,40595,43738,96379,46359,50020,84329,40635,43694,48185,23202,24983,12047,5676,6371,
60260,48197,23264,24933,84340,40596,43744,96387,46366,50021,84336,40639,43697,48189,23203,24986,12048,5677,6371,
60265,48201,23267,24934,84347,40602,43745,96395,46371,50024,84343,40642,43701,48193,23205,24988,12049,5677,6372,
60270,48205,23270,24935,84354,40605,43749,96403,46373,50030,84350,40646,43704,48197,23205,24992,12050,5678,6372,
60275,48209,23273,24936,84361,40607,43754,96411,46377,50034,84357,40651,43706,48201,23207,24994,12051,5679,6372,
60280,48213,23274,24939,84368,40610,43758,96419,46380,50039,84364,40656,43708,48205,23210,24995,12052,5679,6373,
60285,48217,23276,24941,84375,40615,43760,96427,46384,50043,84371,40661,43710,48209,23212,24997,12053,5680,6373,
60290,48221,23279,24942,84382,40619,43763,96435,46387,50048,84378,40665,43713,48213,23214,24999,12054,5680,6374,
60295,48225,23281,24944,84389,40624,43765,96443,46390,50053,84385,40667,43718,48217,23216,25001,12055,5680,6375,
60300,48229,23284,24945,84396,40630,43766,96451,46395,50056,84392,40669,43723,48221,23216,25005,12056,5680,6376,
60305,48233,23287,24946,84403,40633,43770,96459,46396,50063,84399,40673,43726,48225,23218,25007,12057,5680,6377,
60310,48237,23287,24950,84410,40635,43775,96467,46400,50067,84406,40678,43728,48229,23220,25009,12058,5681,6377,
60315,48241,23289,24952,84417,40640,43777,96475,46404,50071,84413,40684,43729,48233,23223,25010,12059,5682,6377,
60320,48245,23290,24955,84424,40642,43782,96483,46406,50077,84420,40687,43733,48237,23226,25011,12060,5683,6377,
60325,48249,23292,24957,84431,40649,43782,96491,46409,50082,84427,40690,43737,48241,23227,25014,12061,5684,6377,
60330,48253,23293,24960,84438,40653,43785,96499,46411,50088,84434,40692,43742,48245,23230,25015,12062,5685,6377,
60335,48257,23294,24963,84445,40655,43790,96507,46416,50091,84441,40696,43745,48249,23233,25016,12063,5686,6377,
60340,48261,23296,24965,84452,40659,43793,96515,46418,50097,84448,40697,43751,48253,23236,25017,12064,5686,6378,
60345,48265,23297,24968,84459,40662,43797,96523,46424,50099,84455,40702,43753,48257,23238,25019,12065,5687,6378,
60350,48269,23300,24969,84466,40665,43801,96531,46426,50105,84462,40705,43757,48261,23239,25022,12066,5688,6378,
60355,48273,23302,24971,84473,40668,43805,96539,46431,50108,84469,40711,43758,48265,23239,25026,12067,5688,6379,
60360,48277,23303,24974,84480,40671,43809,96547,46434,50113,84476,40715,43761,48269,23242,25027,12068,5688,6380,
60365,48281,23305,24976,84487,40675,43812,96555,46440,50115,84483,40716,43767,48273,23244,25029,12069,5688,6381,
60370,48285,23305,24980,84494,40678,43816,96563,46444,50119,84490,40720,43770,48277,23247,25030,12070,5689,6381,
60375,48289,23308,24981,84501,40681,43820,96571,46449,50122,84497,40723,43774,48281,23250,25031,12071,5690,6381,
60380,48293,23310,24983,84508,40685,43823,96579,46453,50126,84504,40728,43776,48285,23251,25034,12072,5690,6382,
60385,48297,23310,24987,84515,40685,43830,96587,46455,50132,84511,40731,43780,48289,23254,25035,12073,5690,6383,
60390,48301,23313,24988,84522,40689,43833,96595,46458,50137,84518,40736,43782,48293,23256,25037,12074,5691,6383,
60395,48305,23316,24989,84529,40694,43835,96603,46461,50142,84525,40741,43784,48297,23258,25039,12075,5691,6384,
60400,48309,23317,24992,84536,40697,43839,96611,46463,50148,84532,40745,43787,48301,23259,25042,12076,5692,6384,
60405,48313,23320,24993,84543,40699,43844,96619,46467,50152,84539,40749,43790,48305,23262,25043,12077,5693,6384,
60410,48317,23323,24994,84550,40704,43846,96627,46471,50156,84546,40750,43796,48309,23263,25046,12078,5693,6385,
60415,48321,23325,24996,84557,40706,43851,96635,46474,50161,84553,40754,43799,48313,23263,25050,12079,5694,6385,
60420,48325,23328,24997,84564,40710,43854,96643,46478,50165,84560,40757,43803,48317,23264,25053,12080,5695,6385,
60425,48329,23330,24999,84571,40713,43858,96651,46481,50170,84567,40762,43805,48321,23264,25057,12081,5695,6386,
60430,48333,23330,25003,84578,40718,43860,96659,46486,50173,84574,40765,43809,48325,23266,25059,12082,5696,6386,
60435,48337,23331,25006,84585,40722,43863,96667,46488,50179,84581,40769,43812,48329,23268,25061,12083,5696,6387,
60440,48341,23333,25008,84592,40729,43863,96675,46492,50183,84588,40773,43815,48333,23270,25063,12084,5697,6387,
60445,48345,23337,25008,84599,40733,43866,96683,46498,50185,84595,40776,43819,48337,23271,25066,12085,5697,6388,
60450,48349,23339,25010,84606,40737,43869,96691,46500,50191,84602,40778,43824,48341,23272,25069,12086,5697,6389,
60455,48353,23343,25010,84613,40743,43870,96699,46504,50195,84609,40781,43828,48345,23275,25070,12087,5697,6390,
60460,48357,23346,25011,84620,40743,43877,96707,46508,50199,84616,40785,43831,48349,23277,25072,12088,5697,6391,
60465,48361,23347,25014,84627,40747,43880,96715,46513,50202,84623,40788,43835,48353,23279,25074,12089,5698,6391,
60470,48365,23350,25015,84634,40748,43886,96723,46519,50204,84630,40789,43841,48357,23281,25076,12090,5699,6391,
60475,48369,23351,25018,84641,40751,43890,96731,46520,50211,84637,40789,43848,48361,23282,25079,12091,5699,6392,
60480,48373,23353,25020,84648,40758,43890,96739,46524,50215,84644,40792,43852,48365,23284,25081,12092,5700,6392,
60485,48377,23355,25022,84655,40760,43895,96747,46528,50219,84651,40793,43858,48369,23287,25082,12093,5700,6393,
60490,48381,23356,25025,84662,40763,43899,96755,46532,50223,84658,40797,43861,48373,23288,25085,12094,5701,6393,
60495,48385,23359,25026,84669,40764,43905,96763,46534,50229,84665,40802,43863,48377,23289,25088,12095,5702,6393,
60500,48389,23361,25028,84676,40768,43908,96771,46537,50234,84672,40808,43864,48381,23292,25089,12096,5702,6394,
60505,48393,23364,25029,84683,40772,43911,96779,46540,50239,84679,40812,43867,48385,23294,25091,12097,5703,6394,
60510,48397,23366,25031,84690,40774,43916,96787,46544,50243,84686,40816,43870,48389,23296,25093,12098,5703,6395,
60515,48401,23368,25033,84697,40780,43917,96795,46549,50246,84693,40820,43873,48393,23298,25095,12099,5703,6396,
60520,48405,23369,25036,84704,40783,43921,96803,46553,50250,84700,40826,43874,48397,23299,25098,12100,5704,6396,
60525,48409,23371,25038,84711,40786,43925,96811,46557,50254,84707,40830,43877,48401,23302,25099,12101,5705,6396,
60530,48413,23372,25041,84718,40790,43928,96819,46562,50257,84714,40833,43881,48405,23304,25101,12102,5705,6397,
60535,48417,23373,25044,84725,40793,43932,96827,46566,50261,84721,40835,43886,48409,23305,25104,12103,5706,6397,
60540,48421,23374,25047,84732,40796,43936,96835,46568,50267,84728,40839,43889,48413,23306,25107,12104,5707,6397,
60545,48425,23377,25048,84739,40801,43938,96843,46573,50270,84735,40842,43893,48417,23308,25109,12105,5707,6398,
60550,48429,23379,25050,84746,40803,43943,96851,46578,50273,84742,40848,43894,48421,23310,25111,12106,5708,6398,
60555,48433,23380,25053,84753,40807,43946,96859,46580,50279,84749,40849,43900,48425,23312,25113,12107,5708,6399,
60560,48437,23384,25053,84760,40809,43951,96867,46583,50284,84756,40854,43902,48429,23314,25115,12108,5708,6400,
60565,48441,23386,25055,84767,40815,43952,96875,46586,50289,84763,40857,43906,48433,23317,25116,12109,5709,6400,
60570,48445,23388,25057,84774,40817,43957,96883,46591,50292,84770,40858,43912,48437,23318,25119,12110,5709,6401,
60575,48449,23390,25059,84781,40820,43961,96891,46593,50298,84777,40861,43916,48441,23319,25122,12111,5709,6402,
60580,48453,23391,25062,84788,40820,43968,96899,46597,50302,84784,40864,43920,48445,23322,25123,12112,5709,6403,
60585,48457,23393,25064,84795,40822,43973,96907,46602,50305,84791,40870,43921,48449,23324,25125,12113,5710,6403,
60590,48461,23394,25067,84802,40826,43976,96915,46603,50312,84798,40873,43925,48453,23327,25126,12114,5711,6403,
60595,48465,23394,25071,84809,40832,43977,96923,46605,50318,84805,40878,43927,48457,23328,25129,12115,5711,6404,
60600,48469,23396,25073,84816,40834,43982,96931,46608,50323,84812,40881,43931,48461,23330,25131,12116,5711,6405,
60605,48473,23396,25077,84823,40838,43985,96939,46612,50327,84819,40884,43935,48465,23331,25134,12117,5711,6406,
60610,48477,23399,25078,84830,40839,43991,96947,46614,50333,84826,40888,43938,48469,23332,25137,12118,5712,6406,
60615,48481,23401,25080,84837,40841,43996,96955,46616,50339,84833,40889,43944,48473,23333,25140,12119,5712,6407,
60620,48485,23402,25083,84844,40844,44000,96963,46621,50342,84840,40893,43947,48477,23337,25140,12120,5712,6408,
60625,48489,23405,25084,84851,40846,44005,96971,46623,50348,84847,40896,43951,48481,23339,25142,12121,5713,6408,
60630,48493,23408,25085,84858,40849,44009,96979,46627,50352,84854,40898,43956,48485,23340,25145,12122,5714,6408,
60635,48497,23410,25087,84865,40851,44014,96987,46631,50356,84861,40901,43960,48489,23344,25145,12123,5714,6409,
60640,48501,23410,25091,84872,40854,44018,96995,46633,50362,84868,40904,43964,48493,23347,25146,12124,5715,6409,
60645,48505,23413,25092,84879,40856,44023,97003,46637,50366,84875,40906,43969,48497,23351,25146,12125,5716,6409,
60650,48509,23416,25093,84886,40859,44027,97011,46640,50371,84882,40906,43976,48501,23353,25148,12126,5717,6409,
60655,48513,23420,25093,84893,40863,44030,97019,46644,50375,84889,40910,43979,48505,23354,25151,12127,5717,6410,
60660,48517,23423,25094,84900,40867,44033,97027,46647,50380,84896,40911,43985,48509,23355,25154,12128,5718,6410,
60665,48521,23423,25098,84907,40871,44036,97035,46649,50386,84903,40915,43988,48513,23357,25156,12129,5719,6410,
60670,48525,23427,25098,84914,40873,44041,97043,46653,50390,84910,40918,43992,48517,23360,25157,12130,5719,6411,
60675,48529,23428,25101,84921,40876,44045,97051,46655,50396,84917,40920,43997,48521,23362,25159,12131,5720,6411,
60680,48533,23428,25105,84928,40878,44050,97059,46658,50401,84924,40923,44001,48525,23363,25162,12132,5720,6412,
60685,48537,23431,25106,84935,40884,44051,97067,46660,50407,84931,40927,44004,48529,23366,25163,12133,5720,6413,
60690,48541,23434,25107,84942,40886,44056,97075,46667,50408,84938,40930,44008,48533,23367,25166,12134,5721,6413,
60695,48545,23436,25109,84949,40886,44063,97083,46670,50413,84945,40934,44011,48537,23367,25170,12135,5722,6413,
60700,48549,23439,25110,84956,40890,44066,97091,46674,50417,84952,40939,44013,48541,23369,25172,12136,5722,6414,
60705,48553,23442,25111,84963,40895,44068,97099,46677,50422,84959,40942,44017,48545,23373,25172,12137,5722,6415,
60710,48557,23444,25113,84970,40898,44072,97107,46681,50426,84966,40947,44019,48549,23376,25173,12138,5723,6415,
60715,48561,23446,25115,84977,40899,44078,97115,46686,50429,84973,40948,44025,48553,23378,25175,12139,5724,6415,
60720,48565,23447,25118,84984,40903,44081,97123,46692,50431,84980,40950,44030,48557,23380,25177,12140,5724,6416,
60725,48569,23449,25120,84991,40907,44084,97131,46696,50435,84987,40953,44034,48561,23384,25177,12141,5725,6416,
60730,48573,23451,25122,84998,40910,44088,97139,46699,50440,84994,40955,44039,48565,23386,25179,12142,5725,6417,
60735,48577,23453,25124,85005,40915,44090,97147,46701,50446,85001,40959,44042,48569,23387,25182,12143,5726,6417,
60740,48581,23453,25128,85012,40916,44096,97155,46706,50449,85008,40963,44045,48573,23387,25186,12144,5727,6417,
60745,48585,23454,25131,85019,40921,44098,97163,46711,50452,85015,40969,44046,48577,23390,25187,12145,5727,6418,
60750,48589,23458,25131,85026,40925,44101,97171,46715,50456,85022,40971,44051,48581,23391,25190,12146,5727,6419,
60755,48593,23461,25132,85033,40929,44104,97179,46718,50461,85029,40974,44055,48585,23394,25191,12147,5728,6419,
60760,48597,23462,25135,85040,40933,44107,97187,46722,50465,85036,40977,44059,48589,23396,25193,12148,5729,6419,
60765,48601,23464,25137,85047,40937,44110,97195,46725,50470,85043,40979,44064,48593,23399,25194,12149,5730,6419,
60770,48605,23465,25140,85054,40939,44115,97203,46729,50474,85050,40983,44067,48597,23402,25195,12150,5731,6419,
60775,48609,23467,25142,85061,40944,44117,97211,46731,50480,85057,40985,44072,48601,23404,25197,12151,5732,6419,
60780,48613,23468,25145,85068,40949,44119,97219,46735,50484,85064,40989,44075,48605,23405,25200,12152,5732,6420,
60785,48617,23470,25147,85075,40953,44122,97227,46738,50489,85071,40993,44078,48609,23405,25204,12153,5733,6420,
60790,48621,23471,25150,85082,40955,44127,97235,46742,50493,85078,40997,44081,48613,23408,25205,12154,5733,6421,
60795,48625,23473,25152,85089,40958,44131,97243,46747,50496,85085,41001,44084,48617,23408,25209,12155,5734,6421,
60800,48629,23475,25154,85096,40963,44133,97251,46752,50499,85092,41004,44088,48621,23411,25210,12156,5734,6422,
60805,48633,23477,25156,85103,40966,44137,97259,46757,50502,85099,41007,44092,48625,23413,25212,12157,5735,6422,
60810,48637,23478,25159,85110,40969,44141,97267,46763,50504,85106,41011,44095,48629,23415,25214,12158,5736,6422,
60815,48641,23479,25162,85117,40972,44145,97275,46768,50507,85113,41013,44100,48633,23417,25216,12159,5736,6423,
60820,48645,23480,25165,85124,40975,44149,97283,46773,50510,85120,41016,44104,48637,23420,25217,12160,5736,6424,
60825,48649,23482,25167,85131,40978,44153,97291,46776,50515,85127,41019,44108,48641,23420,25221,12161,5736,6425,
60830,48653,23484,25169,85138,40980,44158,97299,46778,50521,85134,41024,44110,48645,23422,25223,12162,5737,6425,
60835,48657,23484,25173,85145,40985,44160,97307,46782,50525,85141,41025,44116,48649,23423,25226,12163,5737,6426,
60840,48661,23485,25176,85152,40989,44163,97315,46788,50527,85148,41028,44120,48653,23426,25227,12164,5737,6427,
60845,48665,23486,25179,85159,40993,44166,97323,46792,50531,85155,41033,44122,48657,23426,25231,12165,5738,6427,
60850,48669,23487,25182,85166,40997,44169,97331,46795,50536,85162,41035,44127,48661,23430,25231,12166,5738,6428,
60855,48673,23489,25184,85173,41001,44172,97339,46798,50541,85169,41038,44131,48665,23431,25234,12167,5739,6428,
60860,48677,23491,25186,85180,41005,44175,97347,46804,50543,85176,41040,44136,48669,23434,25235,12168,5739,6429,
60865,48681,23493,25188,85187,41007,44180,97355,46806,50549,85183,41047,44136,48673,23437,25236,12169,5740,6429,
60870,48685,23495,25190,85194,41011,44183,97363,46809,50554,85190,41050,44140,48677,23441,25236,12170,5740,6430,
60875,48689,23496,25193,85201,41013,44188,97371,46813,50558,85197,41051,44146,48681,23445,25236,12171,5740,6431,
60880,48693,23498,25195,85208,41014,44194,97379,46817,50562,85204,41054,44150,48685,23445,25240,12172,5740,6432,
60885,48697,23499,25198,85215,41017,44198,97387,46820,50567,85211,41059,44152,48689,23447,25242,12173,5741,6432,
60890,48701,23502,25199,85222,41020,44202,97395,46825,50570,85218,41061,44157,48693,23449,25244,12174,5742,6432,
60895,48705,23503,25202,85229,41021,44208,97403,46828,50575,85225,41063,44162,48697,23451,25246,12175,5742,6433,
60900,48709,23506,25203,85236,41025,44211,97411,46833,50578,85232,41068,44164,48701,23453,25248,12176,5742,6434,
60905,48713,23508,25205,85243,41028,44215,97419,46836,50583,85239,41072,44167,48705,23456,25249,12177,5743,6434,
60910,48717,23511,25206,85250,41031,44219,97427,46841,50586,85246,41077,44169,48709,23457,25252,12178,5743,6435,
60915,48721,23514,25207,85257,41036,44221,97435,46845,50590,85253,41081,44172,48713,23460,25253,12179,5743,6436,
60920,48725,23514,25211,85264,41039,44225,97443,46849,50594,85260,41087,44173,48717,23463,25254,12180,5743,6437,
60925,48729,23515,25214,85271,41042,44229,97451,46853,50598,85267,41090,44177,48721,23465,25256,12181,5743,6438,
60930,48733,23517,25216,85278,41046,44232,97459,46854,50605,85274,41093,44181,48725,23467,25258,12182,5743,6439,
60935,48737,23520,25217,85285,41050,44235,97467,46858,50609,85281,41096,44185,48729,23469,25260,12183,5743,6440,
60940,48741,23521,25220,85292,41055,44237,97475,46862,50613,85288,41100,44188,48733,23471,25262,12184,5743,6441,
60945,48745,23522,25223,85299,41061,44238,97483,46867,50616,85295,41104,44191,48737,23473,25264,12185,5743,6442,
60950,48749,23523,25226,85306,41065,44241,97491,46873,50618,85302,41106,44196,48741,23474,25267,12186,5743,6443,
60955,48753,23526,25227,85313,41067,44246,97499,46876,50623,85309,41108,44201,48745,23477,25268,12187,5744,6443,
60960,48757,23528,25229,85320,41070,44250,97507,46880,50627,85316,41110,44206,48749,23481,25268,12188,5745,6443,
60965,48761,23530,25231,85327,41076,44251,97515,46885,50630,85323,41114,44209,48753,23482,25271,12189,5745,6444,
60970,48765,23532,25233,85334,41080,44254,97523,46889,50634,85330,41117,44213,48757,23483,25274,12190,5746,6444,
60975,48769,23533,25236,85341,41081,44260,97531,46891,50640,85337,41123,44214,48761,23485,25276,12191,5747,6444,
60980,48773,23535,25238,85348,41082,44266,97539,46894,50645,85344,41126,44218,48765,23485,25280,12192,5747,6445,
60985,48777,23535,25242,85355,41085,44270,97547,46898,50649,85351,41128,44223,48769,23488,25281,12193,5748,6445,
60990,48781,23537,25244,85362,41090,44272,97555,46902,50653,85358,41132,44226,48773,23490,25283,12194,5748,6446,
60995,48785,23539,25246,85369,41092,44277,97563,46907,50656,85365,41135,44230,48777,23492,25285,12195,5748,6447,
61000,48789,23539,25250,85376,41095,44281,97571,46911,50660,85372,41139,44233,48781,23492,25289,12196,5749,6447,
61005,48793,23541,25252,85383,41099,44284,97579,46912,50667,85379,41141,44238,48785,23493,25292,12197,5749,6448,
61010,48797,23543,25254,85390,41102,44288,97587,46918,50669,85386,41144,44242,48789,23496,25293,12198,5749,6449,
61015,48801,23544,25257,85397,41107,44290,97595,46921,50674,85393,41147,44246,48793,23497,25296,12199,5750,6449,
61020,48805,23546,25259,85404,41112,44292,97603,46926,50677,85400,41151,44249,48797,23500,25297,12200,5750,6450,
61025,48809,23547,25262,85411,41115,44296,97611,46932,50679,85407,41156,44251,48801,23502,25299,12201,5750,6451,
61030,48813,23550,25263,85418,41120,44298,97619,46933,50686,85414,41158,44256,48805,23506,25299,12202,5751,6451,
61035,48817,23550,25267,85425,41123,44302,97627,46939,50688,85421,41163,44258,48809,23508,25301,12203,5752,6451,
61040,48821,23552,25269,85432,41127,44305,97635,46943,50692,85428,41164,44264,48813,23510,25303,12204,5753,6451,
61045,48825,23552,25273,85439,41129,44310,97643,46946,50697,85435,41169,44266,48817,23512,25305,12205,5753,6452,
61050,48829,23553,25276,85446,41132,44314,97651,46951,50700,85442,41173,44269,48821,23515,25306,12206,5753,6453,
61055,48833,23555,25278,85453,41135,44318,97659,46954,50705,85449,41176,44273,48825,23518,25307,12207,5753,6454,
61060,48837,23557,25280,85460,41136,44324,97667,46959,50708,85456,41179,44277,48829,23520,25309,12208,5753,6455,
61065,48841,23559,25282,85467,41142,44325,97675,46963,50712,85463,41183,44280,48833,23521,25312,12209,5753,6456,
61070,48845,23563,25282,85474,41145,44329,97683,46966,50717,85470,41186,44284,48837,23525,25312,12210,5753,6457,
61075,48849,23567,25282,85481,41148,44333,97691,46971,50720,85477,41189,44288,48841,23527,25314,12211,5753,6458,
61080,48853,23569,25284,85488,41151,44337,97699,46976,50723,85484,41194,44290,48845,23528,25317,12212,5754,6458,
61085,48857,23571,25286,85495,41155,44340,97707,46981,50726,85491,41198,44293,48849,23529,25320,12213,5754,6459,
61090,48861,23573,25288,85502,41157,44345,97715,46984,50731,85498,41204,44294,48853,23530,25323,12214,5754,6460,
61095,48865,23575,25290,85509,41162,44347,97723,46987,50736,85505,41210,44295,48857,23533,25324,12215,5754,6461,
61100,48869,23577,25292,85516,41165,44351,97731,46991,50740,85512,41215,44297,48861,23537,25324,12216,5755,6461,
61105,48873,23580,25293,85523,41168,44355,97739,46995,50744,85519,41219,44300,48865,23539,25326,12217,5756,6461,
61110,48877,23582,25295,85530,41170,44360,97747,46998,50749,85526,41221,44305,48869,23541,25328,12218,5756,6462,
61115,48881,23585,25296,85537,41174,44363,97755,47000,50755,85533,41224,44309,48873,23544,25329,12219,5756,6463,
61120,48885,23587,25298,85544,41178,44366,97763,47002,50761,85540,41227,44313,48877,23545,25332,12220,5757,6463,
61125,48889,23588,25301,85551,41184,44367,97771,47007,50764,85547,41230,44317,48881,23546,25335,12221,5758,6463,
61130,48893,23591,25302,85558,41190,44368,97779,47011,50768,85554,41232,44322,48885,23548,25337,12222,5758,6464,
61135,48897,23592,25305,85565,41194,44371,97787,47016,50771,85561,41234,44327,48889,23550,25339,12223,5758,6465,
61140,48901,23594,25307,85572,41197,44375,97795,47020,50775,85568,41239,44329,48893,23552,25341,12224,5758,6466,
61145,48905,23595,25310,85579,41198,44381,97803,47022,50781,85575,41242,44333,48897,23553,25344,12225,5758,6467,
61150,48909,23597,25312,85586,41201,44385,97811,47025,50786,85582,41247,44335,48901,23553,25348,12226,5759,6467,
61155,48913,23598,25315,85593,41206,44387,97819,47028,50791,85589,41251,44338,48905,23556,25349,12227,5759,6468,
61160,48917,23600,25317,85600,41211,44389,97827,47034,50793,85596,41252,44344,48909,23558,25351,12228,5759,6469,
61165,48921,23604,25317,85607,41213,44394,97835,47040,50795,85603,41256,44347,48913,23559,25354,12229,5759,6470,
61170,48925,23605,25320,85614,41218,44396,97843,47043,50800,85610,41257,44353,48917,23560,25357,12230,5760,6470,
61175,48929,23606,25323,85621,41220,44401,97851,47047,50804,85617,41261,44356,48921,23563,25358,12231,5761,6470,
61180,48933,23609,25324,85628,41222,44406,97859,47051,50808,85624,41264,44360,48925,23565,25360,12232,5762,6470,
61185,48937,23611,25326,85635,41224,44411,97867,47056,50811,85631,41264,44367,48929,23568,25361,12233,5763,6470,
61190,48941,23612,25329,85642,41226,44416,97875,47060,50815,85638,41265,44373,48933,23570,25363,12234,5763,6471,
61195,48945,23614,25331,85649,41229,44420,97883,47064,50819,85645,41269,44376,48937,23574,25363,12235,5763,6472,
61200,48949,23614,25335,85656,41232,44424,97891,47066,50825,85652,41272,44380,48941,23576,25365,12236,5763,6473,
61205,48953,23615,25338,85663,41235,44428,97899,47068,50831,85659,41275,44384,48945,23578,25367,12237,5763,6474,
61210,48957,23618,25339,85670,41236,44434,97907,47072,50835,85666,41281,44385,48949,23579,25370,12238,5763,6475,
61215,48961,23619,25342,85677,41238,44439,97915,47076,50839,85673,41285,44388,48953,23581,25372,12239,5763,6476,
61220,48965,23621,25344,85684,41241,44443,97923,47081,50842,85680,41291,44389,48957,23584,25373,12240,5764,6476,
61225,48969,23625,25344,85691,41241,44450,97931,47087,50844,85687,41293,44394,48961,23587,25374,12241,5765,6476,
61230,48973,23626,25347,85698,41245,44453,97939,47092,50847,85694,41296,44398,48965,23589,25376,12242,5765,6477,
61235,48977,23627,25350,85705,41246,44459,97947,47094,50853,85701,41298,44403,48969,23593,25376,12243,5765,6478,
61240,48981,23629,25352,85712,41250,44462,97955,47098,50857,85708,41300,44408,48973,23594,25379,12244,5765,6479,
61245,48985,23632,25353,85719,41253,44466,97963,47101,50862,85715,41305,44410,48977,23596,25381,12245,5766,6479,
61250,48989,23634,25355,85726,41255,44471,97971,47103,50868,85722,41309,44413,48981,23598,25383,12246,5766,6480,
61255,48993,23636,25357,85733,41259,44474,97979,47107,50872,85729,41311,44418,48985,23599,25386,12247,5767,6480,
61260,48997,23638,25359,85740,41263,44477,97987,47113,50874,85736,41317,44419,48989,23601,25388,12248,5767,6481,
61265,49001,23640,25361,85747,41266,44481,97995,47115,50880,85743,41320,44423,48993,23605,25388,12249,5768,6481,
61270,49005,23641,25364,85754,41268,44486,98003,47118,50885,85750,41324,44426,48997,23607,25390,12250,5769,6481,
61275,49009,23642,25367,85761,41271,44490,98011,47121,50890,85757,41328,44429,49001,23609,25392,12251,5769,6482,
61280,49013,23644,25369,85768,41271,44497,98019,47123,50896,85764,41333,44431,49005,23612,25393,12252,5769,6483,
61285,49017,23644,25373,85775,41277,44498,98027,47128,50899,85771,41337,44434,49009,23613,25396,12253,5769,6484,
61290,49021,23647,25374,85782,41282,44500,98035,47131,50904,85778,41340,44438,49013,23615,25398,12254,5770,6484,
61295,49025,23649,25376,85789,41288,44501,98043,47135,50908,85785,41344,44441,49017,23618,25399,12255,5770,6485,
61300,49029,23649,25380,85796,41292,44504,98051,47140,50911,85792,41348,44444,49021,23621,25400,12256,5770,6486,
61305,49033,23651,25382,85803,41295,44508,98059,47143,50916,85799,41351,44448,49025,23622,25403,12257,5770,6487,
61310,49037,23654,25383,85810,41298,44512,98067,47150,50917,85806,41353,44453,49029,23626,25403,12258,5770,6488,
61315,49041,23656,25385,85817,41301,44516,98075,47152,50923,85813,41355,44458,49033,23626,25407,12259,5770,6489,
61320,49045,23659,25386,85824,41302,44522,98083,47155,50928,85820,41360,44460,49037,23628,25409,12260,5771,6489,
61325,49049,23662,25387,85831,41308,44523,98091,47161,50930,85827,41363,44464,49041,23631,25410,12261,5772,6489,
61330,49053,23665,25388,85838,41311,44527,98099,47168,50931,85834,41367,44467,49045,23633,25412,12262,5773,6489,
61335,49057,23667,25390,85845,41314,44531,98107,47171,50936,85841,41370,44471,49049,23634,25415,12263,5774,6489,
61340,49061,23669,25392,85852,41317,44535,98115,47176,50939,85848,41371,44477,49053,23636,25417,12264,5774,6490,
61345,49065,23671,25394,85859,41320,44539,98123,47181,50942,85855,41374,44481,49057,23638,25419,12265,5775,6490,
61350,49069,23675,25394,85866,41323,44543,98131,47186,50945,85862,41379,44483,49061,23641,25420,12266,5776,6490,
61355,49073,23676,25397,85873,41327,44546,98139,47189,50950,85869,41383,44486,49065,23643,25422,12267,5777,6490,
61360,49077,23677,25400,85880,41330,44550,98147,47192,50955,85876,41385,44491,49069,23646,25423,12268,5778,6490,
61365,49081,23679,25402,85887,41335,44552,98155,47196,50959,85883,41390,44493,49073,23648,25425,12269,5778,6491,
61370,49085,23681,25404,85894,41340,44554,98163,47199,50964,85890,41395,44495,49077,23651,25426,12270,5778,6492,
61375,49089,23683,25406,85901,41343,44558,98171,47204,50967,85897,41397,44500,49081,23653,25428,12271,5779,6492,
61380,49093,23684,25409,85908,41348,44560,98179,47210,50969,85904,41399,44505,49085,23655,25430,12272,5780,6492,
61385,49097,23685,25412,85915,41351,44564,98187,47213,50974,85911,41405,44506,49089,23656,25433,12273,5780,6493,
61390,49101,23687,25414,85922,41352,44570,98195,47218,50977,85918,41410,44508,49093,23658,25435,12274,5780,6494,
61395,49105,23690,25415,85929,41357,44572,98203,47222,50981,85925,41414,44511,49097,23661,25436,12275,5780,6495,
61400,49109,23692,25417,85936,41360,44576,98211,47226,50985,85932,41416,44516,49101,23665,25436,12276,5780,6496,
61405,49113,23693,25420,85943,41364,44579,98219,47230,50989,85939,41419,44520,49105,23667,25438,12277,5781,6496,
61410,49117,23696,25421,85950,41367,44583,98227,47233,50994,85946,41423,44523,49109,23669,25440,12278,5781,6497,
61415,49121,23699,25422,85957,41369,44588,98235,47237,50998,85953,41426,44527,49113,23671,25442,12279,5781,6498,
61420,49125,23700,25425,85964,41373,44591,98243,47240,51003,85960,41429,44531,49117,23672,25445,12280,5782,6498,
61425,49129,23703,25426,85971,41374,44597,98251,47242,51009,85967,41430,44537,49121,23673,25448,12281,5783,6498,
61430,49133,23704,25429,85978,41376,44602,98259,47245,51014,85974,41432,44542,49125,23675,25450,12282,5783,6499,
61435,49137,23705,25432,85985,41381,44604,98267,47248,51019,85981,41435,44546,49129,23677,25452,12283,5783,6500,
61440,49141,23707,25434,85992,41386,44606,98275,47252,51023,85988,41437,44551,49133,23679,25454,12284,5783,6501,
61445,49145,23708,25437,85999,41390,44609,98283,47254,51029,85995,41440,44555,49137,23681,25456,12285,5783,6502,
61450,49149,23710,25439,86006,41395,44611,98291,47256,51035,86002,41445,44557,49141,23684,25457,12286,5784,6502,
61455,49153,23712,25441,86013,41399,44614,98299,47260,51039,86009,41451,44558,49145,23684,25461,12287,5784,6503,
61460,49157,23715,25442,86020,41402,44618,98307,47265,51042,86016,41454,44562,49149,23686,25463,12288,5785,6503,
61465,49161,23716,25445,86027,41404,44623,98315,47267,51048,86023,41458,44565,49153,23687,25466,12289,5785,6504,
61470,49165,23717,25448,86034,41407,44627,98323,47271,51052,86030,41463,44567,49157,23688,25469,12290,5786,6504,
61475,49169,23720,25449,86041,41410,44631,98331,47276,51055,86037,41467,44570,49161,23689,25472,12291,5786,6505,
61480,49173,23723,25450,86048,41413,44635,98339,47281,51058,86044,41471,44573,49165,23691,25474,12292,5786,6506,
61485,49177,23726,25451,86055,41416,44639,98347,47286,51061,86051,41473,44578,49169,23692,25477,12293,5786,6507,
61490,49181,23727,25454,86062,41419,44643,98355,47290,51065,86058,41477,44581,49173,23693,25480,12294,5787,6507,
61495,49185,23730,25455,86069,41421,44648,98363,47295,51068,86065,41480,44585,49177,23693,25484,12295,5787,6508,
61500,49189,23732,25457,86076,41422,44654,98371,47301,51070,86072,41481,44591,49181,23695,25486,12296,5788,6508,
61505,49193,23734,25459,86083,41423,44660,98379,47306,51073,86079,41484,44595,49185,23697,25488,12297,5788,6509,
61510,49197,23736,25461,86090,41428,44662,98387,47310,51077,86086,41487,44599,49189,23699,25490,12298,5788,6510,
61515,49201,23740,25461,86097,41429,44668,98395,47316,51079,86093,41490,44603,49193,23700,25493,12299,5788,6511,
61520,49205,23741,25464,86104,41434,44670,98403,47321,51082,86100,41494,44606,49197,23703,25494,12300,5789,6511,
61525,49209,23743,25466,86111,41438,44673,98411,47325,51086,86107,41498,44609,49201,23705,25496,12301,5790,6511,
61530,49213,23745,25468,86118,41443,44675,98419,47330,51089,86114,41502,44612,49205,23708,25497,12302,5790,6512,
61535,49217,23747,25470,86125,41447,44678,98427,47334,51093,86121,41507,44614,49209,23712,25497,12303,5790,6513,
61540,49221,23750,25471,86132,41453,44679,98435,47339,51096,86128,41512,44616,49213,23714,25499,12304,5791,6513,
61545,49225,23753,25472,86139,41456,44683,98443,47342,51101,86135,41516,44619,49217,23717,25500,12305,5792,6513,
61550,49229,23756,25473,86146,41458,44688,98451,47348,51103,86142,41519,44623,49221,23719,25502,12306,5792,6514,
61555,49233,23757,25476,86153,41461,44692,98459,47352,51107,86149,41524,44625,49225,23721,25504,12307,5792,6515,
61560,49237,23760,25477,86160,41465,44695,98467,47357,51110,86156,41528,44628,49229,23723,25506,12308,5792,6516,
61565,49241,23762,25479,86167,41469,44698,98475,47360,51115,86163,41532,44631,49233,23725,25508,12309,5793,6516,
61570,49245,23766,25479,86174,41471,44703,98483,47368,51115,86170,41538,44632,49237,23727,25510,12310,5794,6516,
61575,49249,23770,25479,86181,41472,44709,98491,47370,51121,86177,41544,44633,49241,23728,25513,12311,5794,6517,
61580,49253,23773,25480,86188,41477,44711,98499,47375,51124,86184,41550,44634,49245,23729,25516,12312,5795,6517,
61585,49257,23775,25482,86195,41479,44716,98507,47379,51128,86191,41552,44639,49249,23730,25519,12313,5795,6518,
61590,49261,23776,25485,86202,41484,44718,98515,47385,51130,86198,41556,44642,49253,23733,25520,12314,5796,6518,
61595,49265,23779,25486,86209,41488,44721,98523,47387,51136,86205,41561,44644,49257,23736,25521,12315,5797,6518,
61600,49269,23779,25490,86216,41493,44723,98531,47392,51139,86212,41566,44646,49261,23738,25523,12316,5798,6518,
61605,49273,23779,25494,86223,41496,44727,98539,47396,51143,86219,41571,44648,49265,23739,25526,12317,5798,6519,
61610,49277,23781,25496,86230,41499,44731,98547,47399,51148,86226,41574,44652,49269,23741,25528,12318,5798,6520,
61615,49281,23783,25498,86237,41503,44734,98555,47402,51153,86233,41578,44655,49273,23743,25530,12319,5799,6520,
61620,49285,23783,25502,86244,41507,44737,98563,47405,51158,86240,41582,44658,49277,23745,25532,12320,5799,6521,
61625,49289,23785,25504,86251,41511,44740,98571,47410,51161,86247,41586,44661,49281,23746,25535,12321,5800,6521,
61630,49293,23788,25505,86258,41515,44743,98579,47414,51165,86254,41587,44667,49285,23749,25536,12322,5801,6521,
61635,49297,23790,25507,86265,41519,44746,98587,47421,51166,86261,41590,44671,49289,23751,25538,12323,5802,6521,
61640,49301,23793,25508,86272,41523,44749,98595,47425,51170,86268,41595,44673,49293,23754,25539,12324,5803,6521,
61645,49305,23795,25510,86279,41525,44754,98603,47428,51175,86275,41599,44676,49297,23756,25541,12325,5804,6521,
61650,49309,23797,25512,86286,41528,44758,98611,47430,51181,86282,41601,44681,49301,23758,25543,12326,5804,6522,
61655,49313,23799,25514,86293,41532,44761,98619,47433,51186,86289,41605,44684,49305,23760,25545,12327,5805,6522,
61660,49317,23802,25515,86300,41537,44763,98627,47436,51191,86296,41606,44690,49309,23761,25548,12328,5805,6523,
61665,49321,23805,25516,86307,41542,44765,98635,47440,51195,86303,41610,44693,49313,23762,25551,12329,5806,6523,
61670,49325,23808,25517,86314,41544,44770,98643,47443,51200,86310,41612,44698,49317,23763,25554,12330,5807,6523,
61675,49329,23811,25518,86321,41548,44773,98651,47446,51205,86317,41617,44700,49321,23764,25557,12331,5807,6524,
61680,49333,23813,25520,86328,41550,44778,98659,47449,51210,86324,41620,44704,49325,23766,25559,12332,5807,6525,
61685,49337,23816,25521,86335,41551,44784,98667,47452,51215,86331,41623,44708,49329,23768,25561,12333,5807,6526,
61690,49341,23818,25523,86342,41555,44787,98675,47458,51217,86338,41627,44711,49333,23770,25563,12334,5807,6527,
61695,49345,23820,25525,86349,41558,44791,98683,47461,51222,86345,41629,44716,49337,23772,25565,12335,5808,6527,
61700,49349,23821,25528,86356,41561,44795,98691,47465,51226,86352,41631,44721,49341,23774,25567,12336,5809,6527,
61705,49353,23825,25528,86363,41566,44797,98699,47469,51230,86359,41633,44726,49345,23776,25569,12337,5809,6528,
61710,49357,23828,25529,86370,41570,44800,98707,47476,51231,86366,41636,44730,49349,23779,25570,12338,5809,6529,
61715,49361,23830,25531,86377,41572,44805,98715,47480,51235,86373,41641,44732,49353,23780,25573,12339,5810,6529,
61720,49365,23832,25533,86384,41574,44810,98723,47485,51238,86380,41645,44735,49357,23784,25573,12340,5810,6530,
61725,49369,23834,25535,86391,41579,44812,98731,47489,51242,86387,41646,44741,49361,23785,25576,12341,5811,6530,
61730,49373,23836,25537,86398,41583,44815,98739,47495,51244,86394,41650,44744,49365,23786,25579,12342,5812,6530,
61735,49377,23838,25539,86405,41587,44818,98747,47499,51248,86401,41652,44749,49369,23786,25583,12343,5813,6530,
61740,49381,23840,25541,86412,41589,44823,98755,47502,51253,86408,41657,44751,49373,23789,25584,12344,5814,6530,
61745,49385,23841,25544,86419,41594,44825,98763,47506,51257,86415,41661,44754,49377,23791,25586,12345,5814,6531,
61750,49389,23842,25547,86426,41596,44830,98771,47512,51259,86422,41664,44758,49381,23793,25588,12346,5814,6532,
61755,49393,23843,25550,86433,41600,44833,98779,47516,51263,86429,41669,44760,49385,23797,25588,12347,5815,6532,
61760,49397,23845,25552,86440,41604,44836,98787,47520,51267,86436,41674,44762,49389,23799,25590,12348,5816,6532,
61765,49401,23848,25553,86447,41606,44841,98795,47524,51271,86443,41679,44764,49393,23802,25591,12349,5816,6533,
61770,49405,23850,25555,86454,41610,44844,98803,47526,51277,86450,41685,44765,49397,23802,25595,12350,5817,6533,
61775,49409,23851,25558,86461,41616,44845,98811,47530,51281,86457,41687,44770,49401,23803,25598,12351,5817,6534,
61780,49413,23854,25559,86468,41622,44846,98819,47534,51285,86464,41690,44774,49405,23805,25600,12352,5817,6535,
61785,49417,23857,25560,86475,41626,44849,98827,47538,51289,86471,41695,44776,49409,23807,25602,12353,5817,6536,
61790,49421,23860,25561,86482,41631,44851,98835,47541,51294,86478,41700,44778,49413,23809,25604,12354,5818,6536,
61795,49425,23862,25563,86489,41634,44855,98843,47543,51300,86485,41701,44784,49417,23812,25605,12355,5819,6536,
61800,49429,23866,25563,86496,41635,44861,98851,47546,51305,86492,41705,44787,49421,23814,25607,12356,5820,6536,
61805,49433,23869,25564,86503,41639,44864,98859,47550,51309,86499,41707,44792,49425,23816,25609,12357,5820,6537,
61810,49437,23870,25567,86510,41644,44866,98867,47555,51312,86506,41711,44795,49429,23817,25612,12358,5821,6537,
61815,49441,23872,25569,86517,41648,44869,98875,47561,51314,86513,41715,44798,49433,23818,25615,12359,5821,6538,
61820,49445,23875,25570,86524,41650,44874,98883,47566,51317,86520,41720,44800,49437,23820,25617,12360,5822,6538,
61825,49449,23875,25574,86531,41653,44878,98891,47568,51323,86527,41724,44803,49441,23822,25619,12361,5823,6538,
61830,49453,23876,25577,86538,41659,44879,98899,47572,51327,86534,41727,44807,49445,23824,25621,12362,5823,6539,
61835,49457,23877,25580,86545,41662,44883,98907,47574,51333,86541,41732,44809,49449,23825,25624,12363,5823,6540,
61840,49461,23879,25582,86552,41666,44886,98915,47578,51337,86548,41735,44813,49453,23827,25626,12364,5823,6541,
61845,49465,23881,25584,86559,41670,44889,98923,47583,51340,86555,41739,44816,49457,23828,25629,12365,5823,6542,
61850,49469,23883,25586,86566,41675,44891,98931,47587,51344,86562,41745,44817,49461,23830,25631,12366,5824,6542,
61855,49473,23886,25587,86573,41677,44896,98939,47590,51349,86569,41745,44824,49465,23831,25634,12367,5825,6542,
61860,49477,23887,25590,86580,41680,44900,98947,47595,51352,86576,41749,44827,49469,23832,25637,12368,5825,6543,
61865,49481,23890,25591,86587,41685,44902,98955,47598,51357,86583,41753,44830,49473,23836,25637,12369,5826,6543,
61870,49485,23891,25594,86594,41688,44906,98963,47602,51361,86590,41757,44833,49477,23836,25641,12370,5826,6544,
61875,49489,23893,25596,86601,41690,44911,98971,47608,51363,86597,41761,44836,49481,23837,25644,12371,5827,6544,
61880,49493,23894,25599,86608,41694,44914,98979,47612,51367,86604,41767,44837,49485,23839,25646,12372,5827,6545,
61885,49497,23896,25601,86615,41697,44918,98987,47617,51370,86611,41771,44840,49489,23840,25649,12373,5827,6546,
61890,49501,23898,25603,86622,41700,44922,98995,47620,51375,86618,41775,44843,49493,23842,25651,12374,5827,6547,
61895,49505,23899,25606,86629,41705,44924,99003,47624,51379,86625,41780,44845,49497,23844,25653,12375,5828,6547,
61900,49509,23900,25609,86636,41709,44927,99011,47629,51382,86632,41786,44846,49501,23847,25654,12376,5829,6547,
61905,49513,23900,25613,86643,41716,44927,99019,47633,51386,86639,41789,44850,49505,23849,25656,12377,5829,6548,
61910,49517,23902,25615,86650,41719,44931,99027,47636,51391,86646,41791,44855,49509,23851,25658,12378,5830,6548,
61915,49521,23903,25618,86657,41722,44935,99035,47640,51395,86653,41796,44857,49513,23853,25660,12379,5831,6548,
61920,49525,23905,25620,86664,41724,44940,99043,47646,51397,86660,41800,44860,49517,23855,25662,12380,5832,6548,
61925,49529,23907,25622,86671,41726,44945,99051,47650,51401,86667,41804,44863,49521,23856,25665,12381,5833,6548,
61930,49533,23909,25624,86678,41727,44951,99059,47653,51406,86674,41808,44866,49525,23858,25667,12382,5833,6549,
61935,49537,23912,25625,86685,41729,44956,99067,47657,51410,86681,41811,44870,49529,23860,25669,12383,5833,6550,
61940,49541,23913,25628,86692,41734,44958,99075,47660,51415,86688,41811,44877,49533,23861,25672,12384,5834,6550,
61945,49545,23915,25630,86699,41737,44962,99083,47664,51419,86695,41813,44882,49537,23864,25673,12385,5835,6550,
61950,49549,23916,25633,86706,41739,44967,99091,47669,51422,86702,41816,44886,49541,23866,25675,12386,5836,6550,
61955,49553,23918,25635,86713,41744,44969,99099,47672,51427,86709,41819,44890,49545,23868,25677,12387,5836,6551,
61960,49557,23919,25638,86720,41747,44973,99107,47674,51433,86716,41821,44895,49549,23871,25678,12388,5837,6551,
61965,49561,23921,25640,86727,41752,44975,99115,47676,51439,86723,41823,44900,49553,23873,25680,12389,5837,6552,
61970,49565,23924,25641,86734,41754,44980,99123,47682,51441,86730,41827,44903,49557,23873,25684,12390,5837,6553,
61975,49569,23925,25644,86741,41758,44983,99131,47686,51445,86737,41830,44907,49561,23876,25685,12391,5838,6553,
61980,49573,23929,25644,86748,41762,44986,99139,47689,51450,86744,41832,44912,49565,23880,25685,12392,5838,6554,
61985,49577,23932,25645,86755,41765,44990,99147,47694,51453,86751,41832,44919,49569,23881,25688,12393,5838,6555,
61990,49581,23934,25647,86762,41768,44994,99155,47699,51456,86758,41836,44922,49573,23881,25692,12394,5838,6556,
61995,49585,23936,25649,86769,41773,44996,99163,47704,51459,86765,41839,44926,49577,23885,25692,12395,5838,6557,
62000,49589,23939,25650,86776,41776,45000,99171,47708,51463,86772,41842,44930,49581,23886,25695,12396,5838,6558,
62005,49593,23940,25653,86783,41781,45002,99179,47712,51467,86779,41846,44933,49585,23889,25696,12397,5838,6559,
62010,49597,23942,25655,86790,41784,45006,99187,47715,51472,86786,41848,44938,49589,23890,25699,12398,5839,6559,
62015,49601,23946,25655,86797,41786,45011,99195,47720,51475,86793,41853,44940,49593,23893,25700,12399,5839,6560,
62020,49605,23948,25657,86804,41788,45016,99203,47725,51478,86800,41857,44943,49597,23896,25701,12400,5840,6560,
62025,49609,23950,25659,86811,41793,45018,99211,47729,51482,86807,41861,44946,49601,23898,25703,12401,5840,6561,
62030,49613,23951,25662,86818,41797,45021,99219,47733,51486,86814,41863,44951,49605,23901,25704,12402,5841,6561,
62035,49617,23953,25664,86825,41800,45025,99227,47736,51491,86821,41866,44955,49609,23903,25706,12403,5842,6561,
62040,49621,23955,25666,86832,41802,45030,99235,47740,51495,86828,41869,44959,49613,23905,25708,12404,5842,6562,
62045,49625,23957,25668,86839,41805,45034,99243,47744,51499,86835,41871,44964,49617,23905,25712,12405,5843,6562,
62050,49629,23959,25670,86846,41809,45037,99251,47747,51504,86842,41873,44969,49621,23908,25713,12406,5843,6563,
62055,49633,23962,25671,86853,41814,45039,99259,47751,51508,86849,41876,44973,49625,23908,25717,12407,5844,6563,
62060,49637,23964,25673,86860,41818,45042,99267,47756,51511,86856,41880,44976,49629,23909,25720,12408,5844,6564,
62065,49641,23966,25675,86867,41821,45046,99275,47757,51518,86863,41882,44981,49633,23911,25722,12409,5845,6564,
62070,49645,23967,25678,86874,41824,45050,99283,47762,51521,86870,41886,44984,49637,23913,25724,12410,5846,6564,
62075,49649,23969,25680,86881,41826,45055,99291,47767,51524,86877,41890,44987,49641,23914,25727,12411,5847,6564,
62080,49653,23971,25682,86888,41831,45057,99299,47768,51531,86884,41894,44990,49645,23916,25729,12412,5847,6565,
62085,49657,23974,25683,86895,41835,45060,99307,47770,51537,86891,41898,44993,49649,23916,25733,12413,5847,6566,
62090,49661,23975,25686,86902,41838,45064,99315,47775,51540,86898,41902,44996,49653,23916,25737,12414,5847,6567,
62095,49665,23977,25688,86909,41842,45067,99323,47780,51543,86905,41905,45000,49657,23917,25740,12415,5847,6568,
62100,49669,23978,25691,86916,41845,45071,99331,47785,51546,86912,41907,45005,49661,23919,25742,12416,5848,6568,
62105,49673,23981,25692,86923,41848,45075,99339,47787,51552,86919,41910,45009,49665,23922,25743,12417,5849,6568,
62110,49677,23983,25694,86930,41851,45079,99347,47792,51555,86926,41911,45015,49669,23923,25746,12418,5850,6568,
62115,49681,23986,25695,86937,41853,45084,99355,47795,51560,86933,41915,45018,49673,23924,25749,12419,5851,6568,
62120,49685,23989,25696,86944,41858,45086,99363,47800,51563,86940,41917,45023,49677,23926,25751,12420,5852,6568,
62125,49689,23991,25698,86951,41861,45090,99371,47804,51567,86947,41920,45027,49681,23928,25753,12421,5852,6569,
62130,49693,23993,25700,86958,41862,45096,99379,47809,51570,86954,41925,45029,49685,23931,25754,12422,5853,6569,
62135,49697,23995,25702,86965,41867,45098,99387,47813,51574,86961,41927,45034,49689,23933,25756,12423,5854,6569,
62140,49701,23999,25702,86972,41870,45102,99395,47818,51577,86968,41932,45036,49693,23934,25759,12424,5854,6570,
62145,49705,24001,25704,86979,41873,45106,99403,47823,51580,86975,41934,45041,49697,23937,25760,12425,5855,6570,
62150,49709,24002,25707,86986,41877,45109,99411,47827,51584,86982,41937,45045,49701,23939,25762,12426,5855,6571,
62155,49713,24004,25709,86993,41882,45111,99419,47834,51585,86989,41940,45049,49705,23941,25764,12427,5856,6571,
62160,49717,24006,25711,87000,41886,45114,99427,47836,51591,86996,41943,45053,49709,23942,25767,12428,5857,6571,
62165,49721,24008,25713,87007,41891,45116,99435,47841,51594,87003,41945,45058,49713,23945,25768,12429,5857,6572,
62170,49725,24011,25714,87014,41897,45117,99443,47844,51599,87010,41949,45061,49717,23946,25771,12430,5858,6572,
62175,49729,24012,25717,87021,41902,45119,99451,47846,51605,87017,41954,45063,49721,23946,25775,12431,5859,6572,
62180,49733,24014,25719,87028,41904,45124,99459,47852,51607,87024,41957,45067,49725,23950,25775,12432,5860,6572,
62185,49737,24014,25723,87035,41905,45130,99467,47856,51611,87031,41961,45070,49729,23952,25777,12433,5860,6573,
62190,49741,24016,25725,87042,41911,45131,99475,47859,51616,87038,41965,45073,49733,23953,25780,12434,5860,6574,
62195,49745,24017,25728,87049,41915,45134,99483,47862,51621,87045,41969,45076,49737,23953,25784,12435,5861,6574,
62200,49749,24021,25728,87056,41917,45139,99491,47868,51623,87052,41972,45080,49741,23955,25786,12436,5862,6574,
62205,49753,24023,25730,87063,41919,45144,99499,47876,51623,87059,41973,45086,49745,23957,25788,12437,5863,6574,
62210,49757,24025,25732,87070,41920,45150,99507,47880,51627,87066,41975,45091,49749,23958,25791,12438,5863,6575,
62215,49761,24026,25735,87077,41922,45155,99515,47883,51632,87073,41978,45095,49753,23960,25793,12439,5864,6575,
62220,49765,24028,25737,87084,41925,45159,99523,47885,51638,87080,41980,45100,49757,23962,25795,12440,5865,6575,
62225,49769,24030,25739,87091,41929,45162,99531,47890,51641,87087,41980,45107,49761,23965,25796,12441,5865,6576,
62230,49773,24032,25741,87098,41930,45168,99539,47896,51643,87094,41983,45111,49765,23966,25799,12442,5865,6577,
62235,49777,24033,25744,87105,41932,45173,99547,47900,51647,87101,41987,45114,49769,23969,25800,12443,5865,6578,
62240,49781,24035,25746,87112,41936,45176,99555,47903,51652,87108,41990,45118,49773,23971,25802,12444,5866,6578,
62245,49785,24036,25749,87119,41939,45180,99563,47909,51654,87115,41992,45123,49777,23974,25803,12445,5867,6578,
62250,49789,24040,25749,87126,41942,45184,99571,47913,51658,87122,41997,45125,49781,23975,25806,12446,5867,6579,
62255,49793,24042,25751,87133,41948,45185,99579,47918,51661,87129,42000,45129,49785,23977,25808,12447,5868,6579,
62260,49797,24044,25753,87140,41952,45188,99587,47921,51666,87136,42004,45132,49789,23979,25810,12448,5869,6579,
62265,49801,24045,25756,87147,41956,45191,99595,47926,51669,87143,42007,45136,49793,23981,25812,12449,5870,6579,
62270,49805,24049,25756,87154,41959,45195,99603,47929,51674,87150,42009,45141,49797,23983,25814,12450,5871,6579,
62275,49809,24051,25758,87161,41961,45200,99611,47932,51679,87157,42012,45145,49801,23985,25816,12451,5872,6579,
62280,49813,24054,25759,87168,41965,45203,99619,47936,51683,87164,42015,45149,49805,23988,25817,12452,5872,6580,
62285,49817,24055,25762,87175,41967,45208,99627,47939,51688,87171,42018,45153,49809,23990,25819,12453,5873,6580,
62290,49821,24057,25764,87182,41970,45212,99635,47943,51692,87178,42021,45157,49813,23990,25823,12454,5873,6581,
62295,49825,24057,25768,87189,41974,45215,99643,47947,51696,87185,42025,45160,49817,23994,25823,12455,5873,6582,
62300,49829,24059,25770,87196,41979,45217,99651,47950,51701,87192,42029,45163,49821,23996,25825,12456,5873,6583,
62305,49833,24060,25773,87203,41982,45221,99659,47955,51704,87199,42034,45165,49825,23997,25828,12457,5873,6584,
62310,49837,24063,25774,87210,41984,45226,99667,47958,51709,87206,42037,45169,49829,23999,25830,12458,5874,6584,
62315,49841,24064,25777,87217,41990,45227,99675,47961,51714,87213,42039,45174,49833,24001,25832,12459,5874,6585,
62320,49845,24068,25777,87224,41992,45232,99683,47962,51721,87220,42043,45177,49837,24003,25834,12460,5875,6585,
62325,49849,24070,25779,87231,41994,45237,99691,47963,51728,87227,42046,45181,49841,24005,25836,12461,5876,6585,
62330,49853,24072,25781,87238,41998,45240,99699,47969,51730,87234,42049,45185,49845,24006,25839,12462,5876,6586,
62335,49857,24074,25783,87245,42000,45245,99707,47972,51735,87241,42053,45188,49849,24008,25841,12463,5876,6587,
62340,49861,24075,25786,87252,42000,45252,99715,47976,51739,87248,42054,45194,49853,24009,25844,12464,5877,6587,
62345,49865,24077,25788,87259,42005,45254,99723,47978,51745,87255,42056,45199,49857,24012,25845,12465,5877,6588,
62350,49869,24078,25791,87266,42009,45257,99731,47983,51748,87262,42058,45204,49861,24014,25847,12466,5878,6588,
62355,49873,24081,25792,87273,42012,45261,99739,47984,51755,87269,42059,45210,49865,24016,25849,12467,5878,6589,
62360,49877,24085,25792,87280,42017,45263,99747,47990,51757,87276,42062,45214,49869,24018,25851,12468,5878,6590,
62365,49881,24088,25793,87287,42021,45266,99755,47993,51762,87283,42066,45217,49873,24020,25853,12469,5878,6591,
62370,49885,24090,25795,87294,42023,45271,99763,47997,51766,87290,42070,45220,49877,24023,25854,12470,5878,6592,
62375,49889,24091,25798,87301,42026,45275,99771,48002,51769,87297,42074,45223,49881,24027,25854,12471,5878,6593,
62380,49893,24094,25799,87308,42030,45278,99779,48005,51774,87304,42078,45226,49885,24028,25857,12472,5879,6593,
62385,49897,24096,25801,87315,42035,45280,99787,48010,51777,87311,42084,45227,49889,24031,25858,12473,5879,6594,
62390,49901,24098,25803,87322,42040,45282,99795,48013,51782,87318,42085,45233,49893,24034,25859,12474,5879,6595,
62395,49905,24100,25805,87329,42043,45286,99803,48015,51788,87325,42088,45237,49897,24034,25863,12475,5879,6596,
62400,49909,24102,25807,87336,42043,45293,99811,48019,51792,87332,42090,45242,49901,24036,25865,12476,5879,6597,
62405,49913,24103,25810,87343,42047,45296,99819,48023,51796,87339,42094,45245,49905,24039,25866,12477,5879,6598,
62410,49917,24106,25811,87350,42054,45296,99827,48027,51800,87346,42098,45248,49909,24039,25870,12478,5879,6599,
62415,49921,24107,25814,87357,42059,45298,99835,48028,51807,87353,42102,45251,49913,24041,25872,12479,5879,6600,
62420,49925,24108,25817,87364,42062,45302,99843,48030,51813,87360,42106,45254,49917,24042,25875,12480,5880,6600,
62425,49929,24110,25819,87371,42065,45306,99851,48034,51817,87367,42110,45257,49921,24043,25878,12481,5880,6601,
62430,49933,24111,25822,87378,42067,45311,99859,48038,51821,87374,42113,45261,49925,24046,25879,12482,5880,6602,
62435,49937,24113,25824,87385,42072,45313,99867,48042,51825,87381,42116,45265,49929,24048,25881,12483,5880,6603,
62440,49941,24115,25826,87392,42075,45317,99875,48047,51828,87388,42119,45269,49933,24050,25883,12484,5880,6604,
62445,49945,24118,25827,87399,42079,45320,99883,48052,51831,87395,42120,45275,49937,24053,25884,12485,5880,6605,
62450,49949,24120,25829,87406,42082,45324,99891,48059,51832,87402,42126,45276,49941,24056,25885,12486,5881,6605,
62455,49953,24122,25831,87413,42087,45326,99899,48064,51835,87409,42129,45280,49945,24058,25887,12487,5882,6605,
62460,49957,24122,25835,87420,42090,45330,99907,48067,51840,87416,42132,45284,49949,24059,25890,12488,5882,6606,
62465,49961,24126,25835,87427,42094,45333,99915,48070,51845,87423,42136,45287,49953,24061,25892,12489,5882,6607,
62470,49965,24126,25839,87434,42095,45339,99923,48075,51848,87430,42140,45290,49957,24063,25894,12490,5883,6607,
62475,49969,24129,25840,87441,42096,45345,99931,48080,51851,87437,42141,45296,49961,24063,25898,12491,5884,6607,
62480,49973,24129,25844,87448,42100,45348,99939,48085,51854,87444,42144,45300,49965,24067,25898,12492,5884,6608,
62485,49977,24129,25848,87455,42105,45350,99947,48089,51858,87451,42148,45303,49969,24068,25901,12493,5885,6608,
62490,49981,24132,25849,87462,42110,45352,99955,48091,51864,87458,42150,45308,49973,24070,25903,12494,5885,6609,
62495,49985,24134,25851,87469,42111,45358,99963,48094,51869,87465,42153,45312,49977,24072,25905,12495,5885,6610,
62500,49989,24136,25853,87476,42116,45360,99971,48099,51872,87472,42157,45315,49981,24074,25907,12496,5885,6611,
62505,49993,24137,25856,87483,42118,45365,99979,48101,51878,87479,42161,45318,49985,24075,25910,12497,5885,6612,
62510,49997,24138,25859,87490,42120,45370,99987,48105,51882,87486,42164,45322,49989,24078,25911,12498,5886,6612,
62515,50001,24141,25860,87497,42124,45373,99995,48108,51887,87493,42167,45326,49993,24081,25912,12499,5887,6612,
62520,50005,24142,25863,87504,42127,45377,100003,48112,51891,87500,42169,45331,49997,24083,25914,12500,5888,6612,
62525,50009,24146,25863,87511,42130,45381,100011,48118,51893,87507,42172,45335,50001,24085,25916,12501,5888,6613,
62530,50013,24148,25865,87518,42132,45386,100019,48122,51897,87514,42176,45338,50005,24085,25920,12502,5889,6613,
62535,50017,24150,25867,87525,42134,45391,100027,48125,51902,87521,42179,45342,50009,24086,25923,12503,5890,6613,
62540,50021,24150,25871,87532,42139,45393,100035,48126,51909,87528,42182,45346,50013,24087,25926,12504,5890,6614,
62545,50025,24153,25872,87539,42140,45399,100043,48127,51916,87535,42186,45349,50017,24089,25928,12505,5890,6615,
62550,50029,24154,25875,87546,42143,45403,100051,48135,51916,87542,42188,45354,50021,24091,25930,12506,5890,6616,
62555,50033,24156,25877,87553,42149,45404,100059,48142,51917,87549,42191,45358,50025,24093,25932,12507,5891,6616,
62560,50037,24159,25878,87560,42151,45409,100067,48145,51922,87556,42194,45362,50029,24094,25935,12508,5891,6617,
62565,50041,24161,25880,87567,42155,45412,100075,48149,51926,87563,42198,45365,50033,24096,25937,12509,5891,6618,
62570,50045,24163,25882,87574,42158,45416,100083,48155,51928,87570,42201,45369,50037,24098,25939,12510,5892,6618,
62575,50049,24165,25884,87581,42162,45419,100091,48158,51933,87577,42205,45372,50041,24100,25941,12511,5892,6619,
62580,50053,24167,25886,87588,42165,45423,100099,48163,51936,87584,42207,45377,50045,24103,25942,12512,5893,6619,
62585,50057,24169,25888,87595,42169,45426,100107,48167,51940,87591,42210,45381,50049,24103,25946,12513,5893,6620,
62590,50061,24171,25890,87602,42172,45430,100115,48170,51945,87598,42214,45384,50053,24106,25947,12514,5893,6621,
62595,50065,24172,25893,87609,42176,45433,100123,48175,51948,87605,42216,45389,50057,24107,25950,12515,5894,6621,
62600,50069,24174,25895,87616,42179,45437,100131,48179,51952,87612,42219,45393,50061,24109,25952,12516,5894,6622,
62605,50073,24175,25898,87623,42180,45443,100139,48181,51958,87619,42222,45397,50065,24110,25955,12517,5895,6622,
62610,50077,24178,25899,87630,42183,45447,100147,48185,51962,87626,42223,45403,50069,24111,25958,12518,5896,6622,
62615,50081,24178,25903,87637,42187,45450,100155,48189,51966,87633,42226,45407,50073,24115,25958,12519,5896,6623,
62620,50085,24180,25905,87644,42191,45453,100163,48193,51970,87640,42226,45414,50077,24116,25961,12520,5896,6624,
62625,50089,24181,25908,87651,42195,45456,100171,48197,51974,87647,42230,45417,50081,24118,25963,12521,5897,6624,
62630,50093,24184,25909,87658,42198,45460,100179,48201,51978,87654,42231,45423,50085,24121,25964,12522,5898,6624,
62635,50097,24187,25910,87665,42203,45462,100187,48205,51982,87661,42235,45426,50089,24122,25967,12523,5898,6625,
62640,50101,24190,25911,87672,42206,45466,100195,48208,51987,87668,42237,45431,50093,24125,25968,12524,5898,6626,
62645,50105,24191,25914,87679,42209,45470,100203,48212,51991,87675,42243,45432,50097,24126,25971,12525,5898,6627,
62650,50109,24195,25914,87686,42213,45473,100211,48214,51997,87682,42249,45433,50101,24128,25973,12526,5898,6628,
62655,50113,24197,25916,87693,42217,45476,100219,48216,52003,87689,42249,45440,50105,24131,25974,12527,5898,6629,
62660,50117,24200,25917,87700,42219,45481,100227,48220,52007,87696,42253,45443,50109,24134,25975,12528,5899,6629,
62665,50121,24201,25920,87707,42223,45484,100235,48223,52012,87703,42256,45447,50113,24135,25978,12529,5899,6630,
62670,50125,24202,25923,87714,42226,45488,100243,48226,52017,87710,42259,45451,50117,24135,25982,12530,5900,6630,
62675,50129,24204,25925,87721,42228,45493,100251,48231,52020,87717,42263,45454,50121,24136,25985,12531,5901,6630,
62680,50133,24206,25927,87728,42231,45497,100259,48236,52023,87724,42267,45457,50125,24138,25987,12532,5901,6631,
62685,50137,24207,25930,87735,42234,45501,100267,48240,52027,87731,42273,45458,50129,24140,25989,12533,5901,6632,
62690,50141,24209,25932,87742,42236,45506,100275,48245,52030,87738,42275,45463,50133,24142,25991,12534,5901,6633,
62695,50145,24210,25935,87749,42240,45509,100283,48249,52034,87745,42278,45467,50137,24146,25991,12535,5902,6633,
62700,50149,24210,25939,87756,42244,45512,100291,48253,52038,87752,42281,45471,50141,24146,25995,12536,5902,6634,
62705,50153,24211,25942,87763,42251,45512,100299,48255,52044,87759,42284,45475,50145,24147,25998,12537,5902,6635,
62710,50157,24214,25943,87770,42254,45516,100307,48258,52049,87766,42289,45477,50149,24149,26000,12538,5902,6636,
62715,50161,24216,25945,87777,42259,45518,100315,48260,52055,87773,42291,45482,50153,24151,26002,12539,5903,6636,
62720,50165,24216,25949,87784,42263,45521,100323,48264,52059,87780,42294,45486,50157,24152,26005,12540,5904,6636,
62725,50169,24218,25951,87791,42266,45525,100331,48266,52065,87787,42296,45491,50161,24153,26008,12541,5905,6636,
62730,50173,24220,25953,87798,42269,45529,100339,48271,52068,87794,42300,45494,50165,24156,26009,12542,5906,6636,
62735,50177,24221,25956,87805,42273,45532,100347,48275,52072,87801,42306,45495,50169,24157,26012,12543,5906,6637,
62740,50181,24224,25957,87812,42278,45534,100355,48280,52075,87808,42311,45497,50173,24160,26013,12544,5907,6637,
62745,50185,24227,25958,87819,42283,45536,100363,48282,52081,87815,42313,45502,50177,24161,26016,12545,5908,6637,
62750,50189,24229,25960,87826,42284,45542,100371,48285,52086,87822,42317,45505,50181,24163,26018,12546,5909,6637,
62755,50193,24231,25962,87833,42287,45546,100379,48289,52090,87829,42319,45510,50185,24164,26021,12547,5909,6638,
62760,50197,24233,25964,87840,42289,45551,100387,48290,52097,87836,42320,45516,50189,24166,26023,12548,5909,6639,
62765,50201,24235,25966,87847,42292,45555,100395,48293,52102,87843,42323,45520,50193,24166,26027,12549,5910,6639,
62770,50205,24238,25967,87854,42296,45558,100403,48297,52106,87850,42326,45524,50197,24168,26029,12550,5911,6639,
62775,50209,24241,25968,87861,42300,45561,100411,48301,52110,87857,42330,45527,50201,24171,26030,12551,5912,6639,
62780,50213,24244,25969,87868,42304,45564,100419,48304,52115,87864,42333,45531,50205,24173,26032,12552,5912,6640,
62785,50217,24245,25972,87875,42307,45568,100427,48310,52117,87871,42338,45533,50209,24176,26033,12553,5912,6641,
62790,50221,24248,25973,87882,42311,45571,100435,48314,52121,87878,42340,45538,50213,24180,26033,12554,5913,6641,
62795,50225,24250,25975,87889,42314,45575,100443,48318,52125,87885,42345,45540,50217,24182,26035,12555,5914,6641,
62800,50229,24253,25976,87896,42318,45578,100451,48322,52129,87892,42350,45542,50221,24183,26038,12556,5914,6642,
62805,50233,24255,25978,87903,42323,45580,100459,48327,52132,87899,42354,45545,50225,24185,26040,12557,5915,6642,
62810,50237,24258,25979,87910,42324,45586,100467,48332,52135,87906,42356,45550,50229,24187,26042,12558,5916,6642,
62815,50241,24259,25982,87917,42328,45589,100475,48336,52139,87913,42359,45554,50233,24189,26044,12559,5916,6643,
62820,50245,24260,25985,87924,42330,45594,100483,48340,52143,87920,42364,45556,50237,24191,26046,12560,5916,6644,
62825,50249,24262,25987,87931,42333,45598,100491,48344,52147,87927,42367,45560,50241,24193,26048,12561,5917,6644,
62830,50253,24263,25990,87938,42334,45604,100499,48350,52149,87934,42371,45563,50245,24194,26051,12562,5918,6644,
62835,50257,24264,25993,87945,42337,45608,100507,48356,52151,87941,42375,45566,50249,24196,26053,12563,5919,6644,
62840,50261,24264,25997,87952,42341,45611,100515,48360,52155,87948,42379,45569,50253,24199,26054,12564,5920,6644,
62845,50265,24266,25999,87959,42346,45613,100523,48362,52161,87955,42384,45571,50257,24202,26055,12565,5921,6644,
62850,50269,24266,26003,87966,42350,45616,100531,48365,52166,87962,42387,45575,50261,24204,26057,12566,5921,6645,
62855,50273,24268,26005,87973,42352,45621,100539,48368,52171,87969,42389,45580,50265,24205,26060,12567,5922,6645,
62860,50277,24270,26007,87980,42356,45624,100547,48371,52176,87976,42392,45584,50269,24206,26063,12568,5923,6645,
62865,50281,24272,26009,87987,42360,45627,100555,48373,52182,87983,42399,45584,50273,24209,26064,12569,5924,6645,
62870,50285,24275,26010,87994,42363,45631,100563,48377,52186,87990,42402,45588,50277,24209,26068,12570,5925,6645,
62875,50289,24276,26013,88001,42367,45634,100571,48383,52188,87997,42405,45592,50281,24212,26069,12571,5926,6645,
62880,50293,24279,26014,88008,42371,45637,100579,48388,52191,88004,42409,45595,50285,24214,26071,12572,5926,6646,
62885,50297,24279,26018,88015,42374,45641,100587,48391,52196,88011,42414,45597,50289,24215,26074,12573,5926,6647,
62890,50301,24280,26021,88022,42376,45646,100595,48395,52200,88018,42416,45602,50293,24216,26077,12574,5926,6648,
62895,50305,24281,26024,88029,42379,45650,100603,48400,52203,88025,42419,45606,50297,24217,26080,12575,5926,6649,
62900,50309,24284,26025,88036,42383,45653,100611,48404,52207,88032,42424,45608,50301,24217,26084,12576,5926,6650,
62905,50313,24285,26028,88043,42386,45657,100619,48408,52211,88039,42427,45612,50305,24219,26086,12577,5926,6651,
62910,50317,24287,26030,88050,42389,45661,100627,48411,52216,88046,42431,45615,50309,24221,26088,12578,5926,6652,
62915,50321,24290,26031,88057,42391,45666,100635,48416,52219,88053,42436,45617,50313,24222,26091,12579,5927,6652,
62920,50325,24292,26033,88064,42394,45670,100643,48418,52225,88060,42439,45621,50317,24223,26094,12580,5927,6653,
62925,50329,24293,26036,88071,42399,45672,100651,48421,52230,88067,42442,45625,50321,24225,26096,12581,5927,6654,
62930,50333,24295,26038,88078,42401,45677,100659,48426,52233,88074,42446,45628,50325,24228,26097,12582,5927,6655,
62935,50337,24296,26041,88085,42406,45679,100667,48430,52237,88081,42448,45633,50329,24228,26101,12583,5928,6655,
62940,50341,24298,26043,88092,42411,45681,100675,48434,52241,88088,42451,45637,50333,24231,26102,12584,5928,6656,
62945,50345,24299,26046,88099,42413,45686,100683,48440,52243,88095,42454,45641,50337,24233,26104,12585,5928,6657,
62950,50349,24301,26048,88106,42417,45689,100691,48443,52248,88102,42458,45644,50341,24235,26106,12586,5929,6657,
62955,50353,24302,26051,88113,42422,45691,100699,48444,52255,88109,42463,45646,50345,24237,26108,12587,5930,6657,
62960,50357,24303,26054,88120,42426,45694,100707,48452,52255,88116,42468,45648,50349,24239,26110,12588,5931,6657,
62965,50361,24306,26055,88127,42429,45698,100715,48458,52257,88123,42470,45653,50353,24241,26112,12589,5932,6657,
62970,50365,24307,26058,88134,42431,45703,100723,48463,52260,88130,42475,45655,50357,24243,26114,12590,5932,6658,
62975,50369,24308,26061,88141,42433,45708,100731,48466,52265,88137,42477,45660,50361,24246,26115,12591,5932,6659,
62980,50373,24309,26064,88148,42438,45710,100739,48473,52266,88144,42478,45666,50365,24249,26116,12592,5933,6659,
62985,50377,24310,26067,88155,42442,45713,100747,48480,52267,88151,42479,45672,50369,24252,26117,12593,5934,6659,
62990,50381,24311,26070,88162,42443,45719,100755,48485,52270,88158,42481,45677,50373,24252,26121,12594,5934,6660,
62995,50385,24314,26071,88169,42444,45725,100763,48488,52275,88165,42482,45683,50377,24254,26123,12595,5935,6660,
63000,50389,24315,26074,88176,42447,45729,100771,48493,52278,88172,42485,45687,50381,24255,26126,12596,5935,6661,
63005,50393,24316,26077,88183,42451,45732,100779,48496,52283,88179,42488,45691,50385,24255,26130,12597,5935,6662,
63010,50397,24319,26078,88190,42456,45734,100787,48499,52288,88186,42491,45695,50389,24258,26131,12598,5936,6662,
63015,50401,24321,26080,88197,42462,45735,100795,48505,52290,88193,42495,45698,50393,24261,26132,12599,5937,6662,
63020,50405,24324,26081,88204,42467,45737,100803,48510,52293,88200,42497,45703,50397,24262,26135,12600,5937,6663,
63025,50409,24327,26082,88211,42472,45739,100811,48515,52296,88207,42501,45706,50401,24265,26136,12601,5937,6664,
63030,50413,24330,26083,88218,42475,45743,100819,48520,52299,88214,42505,45709,50405,24266,26139,12602,5937,6665,
63035,50417,24332,26085,88225,42480,45745,100827,48526,52301,88221,42510,45711,50409,24269,26140,12603,5937,6666,
63040,50421,24336,26085,88232,42485,45747,100835,48530,52305,88228,42513,45715,50413,24271,26142,12604,5937,6667,
63045,50425,24338,26087,88239,42488,45751,100843,48533,52310,88235,42514,45721,50417,24272,26145,12605,5937,6668,
63050,50429,24338,26091,88246,42493,45753,100851,48537,52314,88242,42520,45722,50421,24274,26147,12606,5938,6668,
63055,50433,24341,26092,88253,42497,45756,100859,48541,52318,88249,42522,45727,50425,24275,26150,12607,5938,6669,
63060,50437,24343,26094,88260,42502,45758,100867,48546,52321,88256,42526,45730,50429,24277,26152,12608,5938,6670,
63065,50441,24345,26096,88267,42504,45763,100875,48547,52328,88263,42530,45733,50433,24278,26155,12609,5939,6670,
63070,50445,24348,26097,88274,42509,45765,100883,48549,52334,88270,42536,45734,50437,24281,26156,12610,5940,6670,
63075,50449,24349,26100,88281,42512,45769,100891,48553,52338,88277,42542,45735,50441,24281,26160,12611,5940,6671,
63080,50453,24351,26102,88288,42516,45772,100899,48561,52338,88284,42547,45737,50445,24282,26163,12612,5941,6671,
63085,50457,24351,26106,88295,42521,45774,100907,48565,52342,88291,42550,45741,50449,24284,26165,12613,5941,6672,
63090,50461,24355,26106,88302,42524,45778,100915,48571,52344,88298,42554,45744,50453,24286,26167,12614,5942,6672,
63095,50465,24357,26108,88309,42525,45784,100923,48576,52347,88305,42556,45749,50457,24287,26170,12615,5943,6672,
63100,50469,24360,26109,88316,42526,45790,100931,48580,52351,88312,42558,45754,50461,24289,26172,12616,5943,6673,
63105,50473,24362,26111,88323,42529,45794,100939,48587,52352,88319,42562,45757,50465,24289,26176,12617,5943,6674,
63110,50477,24363,26114,88330,42533,45797,100947,48592,52355,88326,42564,45762,50469,24292,26177,12618,5943,6675,
63115,50481,24363,26118,88337,42536,45801,100955,48596,52359,88333,42569,45764,50473,24293,26180,12619,5944,6675,
63120,50485,24366,26119,88344,42539,45805,100963,48600,52363,88340,42571,45769,50477,24296,26181,12620,5944,6676,
63125,50489,24368,26121,88351,42543,45808,100971,48605,52366,88347,42573,45774,50481,24298,26183,12621,5945,6676,
63130,50493,24372,26121,88358,42546,45812,100979,48607,52372,88354,42574,45780,50485,24301,26184,12622,5945,6677,
63135,50497,24374,26123,88365,42552,45813,100987,48612,52375,88361,42579,45782,50489,24302,26187,12623,5945,6678,
63140,50501,24376,26125,88372,42556,45816,100995,48614,52381,88368,42581,45787,50493,24303,26190,12624,5946,6678,
63145,50505,24379,26126,88379,42561,45818,101003,48619,52384,88375,42585,45790,50497,24304,26193,12625,5946,6679,
63150,50509,24379,26130,88386,42567,45819,101011,48623,52388,88382,42586,45796,50501,24305,26196,12626,5947,6679,
63155,50513,24382,26131,88393,42570,45823,101019,48627,52392,88389,42589,45800,50505,24306,26199,12627,5948,6679,
63160,50517,24385,26132,88400,42572,45828,101027,48632,52395,88396,42593,45803,50509,24309,26200,12628,5949,6679,
63165,50521,24387,26134,88407,42575,45832,101035,48636,52399,88403,42597,45806,50513,24311,26202,12629,5950,6679,
63170,50525,24389,26136,88414,42579,45835,101043,48641,52402,88410,42599,45811,50517,24313,26204,12630,5950,6680,
63175,50529,24392,26137,88421,42583,45838,101051,48647,52404,88417,42602,45815,50521,24317,26204,12631,5951,6680,
63180,50533,24392,26141,88428,42588,45840,101059,48651,52408,88424,42609,45815,50525,24319,26206,12632,5952,6680,
63185,50537,24393,26144,88435,42592,45843,101067,48653,52414,88431,42613,45818,50529,24321,26208,12633,5952,6681,
63190,50541,24393,26148,88442,42597,45845,101075,48657,52418,88438,42617,45821,50533,24324,26209,12634,5952,6682,
63195,50545,24396,26149,88449,42600,45849,101083,48660,52423,88445,42622,45823,50537,24325,26212,12635,5953,6682,
63200,50549,24398,26151,88456,42601,45855,101091,48661,52430,88452,42625,45827,50541,24326,26215,12636,5953,6683,
63205,50553,24399,26154,88463,42607,45856,101099,48665,52434,88459,42629,45830,50545,24328,26217,12637,5954,6683,
63210,50557,24400,26157,88470,42610,45860,101107,48668,52439,88466,42632,45834,50549,24329,26220,12638,5955,6683,
63215,50561,24403,26158,88477,42614,45863,101115,48674,52441,88473,42633,45840,50553,24332,26221,12639,5955,6684,
63220,50565,24404,26161,88484,42616,45868,101123,48676,52447,88480,42636,45844,50557,24333,26224,12640,5956,6684,
63225,50569,24405,26164,88491,42620,45871,101131,48682,52449,88487,42639,45848,50561,24336,26225,12641,5956,6685,
63230,50573,24409,26164,88498,42624,45874,101139,48685,52454,88494,42642,45852,50565,24339,26226,12642,5956,6686,
63235,50577,24410,26167,88505,42627,45878,101147,48690,52457,88501,42646,45855,50569,24340,26229,12643,5956,6687,
63240,50581,24411,26170,88512,42632,45880,101155,48692,52463,88508,42649,45859,50573,24342,26231,12644,5957,6687,
63245,50585,24413,26172,88519,42636,45883,101163,48697,52466,88515,42655,45860,50577,24343,26234,12645,5958,6687,
63250,50589,24415,26174,88526,42640,45886,101171,48700,52471,88522,42657,45865,50581,24345,26236,12646,5958,6688,
63255,50593,24416,26177,88533,42642,45891,101179,48705,52474,88529,42658,45871,50585,24347,26238,12647,5959,6688,
63260,50597,24418,26179,88540,42648,45892,101187,48709,52478,88536,42661,45875,50589,24351,26238,12648,5960,6688,
63265,50601,24420,26181,88547,42653,45894,101195,48713,52482,88543,42665,45878,50593,24352,26241,12649,5961,6688,
63270,50605,24422,26183,88554,42659,45895,101203,48714,52489,88550,42671,45879,50597,24354,26243,12650,5962,6688,
63275,50609,24424,26185,88561,42662,45899,101211,48720,52491,88557,42677,45880,50601,24356,26245,12651,5962,6689,
63280,50613,24425,26188,88568,42663,45905,101219,48724,52495,88564,42680,45884,50605,24360,26245,12652,5962,6690,
63285,50617,24428,26189,88575,42667,45908,101227,48729,52498,88571,42686,45885,50609,24361,26248,12653,5962,6691,
63290,50621,24429,26192,88582,42669,45913,101235,48733,52502,88578,42690,45888,50613,24363,26250,12654,5962,6692,
63295,50625,24430,26195,88589,42673,45916,101243,48738,52505,88585,42695,45890,50617,24365,26252,12655,5962,6693,
63300,50629,24430,26199,88596,42678,45918,101251,48743,52508,88592,42699,45893,50621,24367,26254,12656,5963,6693,
63305,50633,24433,26200,88603,42680,45923,101259,48750,52509,88599,42704,45895,50625,24370,26255,12657,5964,6693,
63310,50637,24434,26203,88610,42684,45926,101267,48755,52512,88606,42708,45898,50629,24372,26257,12658,5964,6694,
63315,50641,24435,26206,88617,42687,45930,101275,48756,52519,88613,42711,45902,50633,24372,26261,12659,5965,6694,
63320,50645,24435,26210,88624,42688,45936,101283,48760,52523,88620,42713,45907,50637,24374,26263,12660,5965,6695,
63325,50649,24438,26211,88631,42691,45940,101291,48764,52527,88627,42717,45910,50641,24376,26265,12661,5965,6696,
63330,50653,24439,26214,88638,42696,45942,101299,48766,52533,88634,42719,45915,50645,24378,26267,12662,5966,6696,
63335,50657,24441,26216,88645,42699,45946,101307,48771,52536,88641,42721,45920,50649,24378,26271,12663,5966,6697,
63340,50661,24443,26218,88652,42703,45949,101315,48777,52538,88648,42726,45922,50653,24379,26274,12664,5966,6698,
63345,50665,24443,26222,88659,42705,45954,101323,48782,52541,88655,42732,45923,50657,24381,26276,12665,5966,6699,
63350,50669,24447,26222,88666,42708,45958,101331,48784,52547,88662,42738,45924,50661,24384,26277,12666,5967,6699,
63355,50673,24447,26226,88673,42712,45961,101339,48790,52549,88669,42741,45928,50665,24386,26279,12667,5967,6700,
63360,50677,24449,26228,88680,42716,45964,101347,48795,52552,88676,42744,45932,50669,24387,26282,12668,5968,6700,
63365,50681,24451,26230,88687,42719,45968,101355,48797,52558,88683,42747,45936,50673,24390,26283,12669,5968,6701,
63370,50685,24454,26231,88694,42721,45973,101363,48803,52560,88690,42751,45939,50677,24394,26283,12670,5969,6701,
63375,50689,24457,26232,88701,42724,45977,101371,48805,52566,88697,42754,45943,50681,24397,26284,12671,5969,6702,
63380,50693,24457,26236,88708,42727,45981,101379,48811,52568,88704,42757,45947,50685,24400,26285,12672,5970,6702,
63385,50697,24459,26238,88715,42729,45986,101387,48814,52573,88711,42761,45950,50689,24402,26287,12673,5971,6702,
63390,50701,24461,26240,88722,42733,45989,101395,48817,52578,88718,42765,45953,50693,24405,26288,12674,5972,6702,
63395,50705,24461,26244,88729,42736,45993,101403,48821,52582,88725,42769,45956,50697,24407,26290,12675,5972,6703,
63400,50709,24464,26245,88736,42741,45995,101411,48824,52587,88732,42775,45957,50701,24409,26292,12676,5972,6704,
63405,50713,24466,26247,88743,42744,45999,101419,48830,52589,88739,42779,45960,50705,24412,26293,12677,5973,6704,
63410,50717,24466,26251,88750,42748,46002,101427,48833,52594,88746,42784,45962,50709,24414,26295,12678,5973,6705,
63415,50721,24469,26252,88757,42752,46005,101435,48838,52597,88753,42788,45965,50713,24418,26295,12679,5974,6705,
63420,50725,24470,26255,88764,42757,46007,101443,48844,52599,88760,42794,45966,50717,24421,26296,12680,5974,6706,
63425,50729,24472,26257,88771,42763,46008,101451,48846,52605,88767,42796,45971,50721,24422,26299,12681,5975,6706,
63430,50733,24474,26259,88778,42767,46011,101459,48851,52608,88774,42799,45975,50725,24423,26302,12682,5975,6707,
63435,50737,24476,26261,88785,42769,46016,101467,48854,52613,88781,42803,45978,50729,24423,26306,12683,5976,6707,
63440,50741,24477,26264,88792,42773,46019,101475,48858,52617,88788,42807,45981,50733,24426,26307,12684,5977,6707,
63445,50745,24478,26267,88799,42777,46022,101483,48862,52621,88795,42809,45986,50737,24430,26307,12685,5977,6708,
63450,50749,24479,26270,88806,42780,46026,101491,48864,52627,88802,42813,45989,50741,24432,26309,12686,5978,6708,
63455,50753,24479,26274,88813,42784,46029,101499,48867,52632,88809,42815,45994,50745,24434,26311,12687,5978,6709,
63460,50757,24480,26277,88820,42787,46033,101507,48870,52637,88816,42819,45997,50749,24435,26314,12688,5979,6709,
63465,50761,24483,26278,88827,42788,46039,101515,48875,52640,88823,42824,45999,50753,24437,26316,12689,5980,6709,
63470,50765,24485,26280,88834,42791,46043,101523,48879,52644,88830,42828,46002,50757,24439,26318,12690,5981,6709,
63475,50769,24486,26283,88841,42795,46046,101531,48881,52650,88837,42831,46006,50761,24440,26321,12691,5981,6710,
63480,50773,24487,26286,88848,42796,46052,101539,48884,52655,88844,42834,46010,50765,24441,26324,12692,5981,6711,
63485,50777,24488,26289,88855,42799,46056,101547,48889,52658,88851,42839,46012,50769,24442,26327,12693,5981,6712,
63490,50781,24490,26291,88862,42801,46061,101555,48894,52661,88858,42843,46015,50773,24446,26327,12694,5981,6713,
63495,50785,24491,26294,88869,42807,46062,101563,48895,52668,88865,42847,46018,50777,24449,26328,12695,5982,6713,
63500,50789,24494,26295,88876,42811,46065,101571,48899,52672,88872,42850,46022,50781,24452,26329,12696,5983,6713,
63505,50793,24496,26297,88883,42816,46067,101579,48904,52675,88879,42853,46026,50785,24455,26330,12697,5984,6713,
63510,50797,24498,26299,88890,42819,46071,101587,48909,52678,88886,42856,46030,50789,24459,26330,12698,5985,6713,
63515,50801,24500,26301,88897,42824,46073,101595,48911,52684,88893,42860,46033,50793,24459,26334,12699,5986,6713,
63520,50805,24503,26302,88904,42829,46075,101603,48914,52689,88900,42864,46036,50797,24462,26335,12700,5986,6714,
63525,50809,24505,26304,88911,42830,46081,101611,48919,52692,88907,42866,46041,50801,24465,26336,12701,5986,6715,
63530,50813,24509,26304,88918,42833,46085,101619,48924,52695,88914,42867,46047,50805,24466,26339,12702,5986,6716,
63535,50817,24512,26305,88925,42838,46087,101627,48929,52698,88921,42871,46050,50809,24469,26340,12703,5987,6716,
63540,50821,24514,26307,88932,42840,46092,101635,48934,52701,88928,42876,46052,50813,24471,26342,12704,5987,6717,
63545,50825,24515,26310,88939,42844,46095,101643,48938,52705,88935,42879,46056,50817,24473,26344,12705,5987,6718,
63550,50829,24516,26313,88946,42848,46098,101651,48942,52709,88942,42881,46061,50821,24477,26344,12706,5987,6719,
63555,50833,24520,26313,88953,42851,46102,101659,48946,52713,88949,42886,46063,50825,24477,26348,12707,5987,6720,
63560,50837,24522,26315,88960,42854,46106,101667,48948,52719,88956,42890,46066,50829,24479,26350,12708,5988,6720,
63565,50841,24523,26318,88967,42857,46110,101675,48951,52724,88963,42894,46069,50833,24481,26352,12709,5988,6721,
63570,50845,24523,26322,88974,42857,46117,101683,48953,52730,88970,42900,46070,50837,24482,26355,12710,5989,6721,
63575,50849,24524,26325,88981,42859,46122,101691,48957,52734,88977,42903,46074,50841,24483,26358,12711,5989,6722,
63580,50853,24525,26328,88988,42862,46126,101699,48960,52739,88984,42906,46078,50845,24484,26361,12712,5990,6722,
63585,50857,24528,26329,88995,42865,46130,101707,48962,52745,88991,42910,46081,50849,24484,26365,12713,5990,6723,
63590,50861,24531,26330,89002,42868,46134,101715,48965,52750,88998,42913,46085,50853,24487,26366,12714,5991,6723,
63595,50865,24533,26332,89009,42872,46137,101723,48970,52753,89005,42917,46088,50857,24488,26369,12715,5991,6724,
63600,50869,24536,26333,89016,42875,46141,101731,48974,52757,89012,42922,46090,50861,24491,26370,12716,5991,6725,
63605,50873,24537,26336,89023,42878,46145,101739,48980,52759,89019,42925,46094,50865,24492,26373,12717,5991,6726,
63610,50877,24537,26340,89030,42883,46147,101747,48986,52761,89026,42928,46098,50869,24495,26374,12718,5991,6727,
63615,50881,24538,26343,89037,42886,46151,101755,48989,52766,89033,42931,46102,50873,24499,26374,12719,5992,6727,
63620,50885,24539,26346,89044,42889,46155,101763,48990,52773,89040,42934,46106,50877,24501,26376,12720,5992,6728,
63625,50889,24541,26348,89051,42892,46159,101771,48994,52777,89047,42938,46109,50881,24501,26380,12721,5992,6729,
63630,50893,24544,26349,89058,42895,46163,101779,48999,52780,89054,42939,46115,50885,24503,26382,12722,5993,6729,
63635,50897,24546,26351,89065,42899,46166,101787,49000,52787,89061,42942,46119,50889,24505,26384,12723,5993,6730,
63640,50901,24549,26352,89072,42904,46168,101795,49003,52792,89068,42945,46123,50893,24506,26387,12724,5994,6730,
63645,50905,24552,26353,89079,42908,46171,101803,49008,52795,89075,42950,46125,50897,24508,26389,12725,5995,6730,
63650,50909,24554,26355,89086,42911,46175,101811,49013,52798,89082,42951,46131,50901,24511,26390,12726,5996,6730,
63655,50913,24558,26355,89093,42915,46178,101819,49017,52802,89089,42953,46136,50905,24514,26391,12727,5996,6731,
63660,50917,24559,26358,89100,42917,46183,101827,49023,52804,89096,42958,46138,50909,24517,26392,12728,5996,6732,
63665,50921,24559,26362,89107,42921,46186,101835,49027,52808,89103,42962,46141,50913,24518,26395,12729,5996,6733,
63670,50925,24562,26363,89114,42924,46190,101843,49030,52813,89110,42968,46142,50917,24518,26399,12730,5997,6733,
63675,50929,24562,26367,89121,42930,46191,101851,49032,52819,89117,42972,46145,50921,24520,26401,12731,5998,6733,
63680,50933,24564,26369,89128,42934,46194,101859,49035,52824,89124,42976,46148,50925,24521,26404,12732,5999,6733,
63685,50937,24565,26372,89135,42940,46195,101867,49039,52828,89131,42979,46152,50929,24523,26406,12733,6000,6733,
63690,50941,24569,26372,89142,42941,46201,101875,49042,52833,89138,42983,46155,50933,24527,26406,12734,6000,6734,
63695,50945,24571,26374,89149,42946,46203,101883,49045,52838,89145,42988,46157,50937,24529,26408,12735,6000,6735,
63700,50949,24573,26376,89156,42949,46207,101891,49050,52841,89152,42992,46160,50941,24529,26412,12736,6001,6735,
63705,50953,24574,26379,89163,42952,46211,101899,49055,52844,89159,42996,46163,50945,24531,26414,12737,6002,6735,
63710,50957,24577,26380,89170,42955,46215,101907,49056,52851,89166,42998,46168,50949,24532,26417,12738,6003,6735,
63715,50961,24579,26382,89177,42955,46222,101915,49063,52852,89173,43001,46172,50953,24534,26419,12739,6004,6735,
63720,50965,24580,26385,89184,42958,46226,101923,49066,52857,89180,43002,46178,50957,24536,26421,12740,6004,6736,
63725,50969,24582,26387,89191,42961,46230,101931,49071,52860,89187,43004,46183,50961,24538,26423,12741,6005,6736,
63730,50973,24584,26389,89198,42966,46232,101939,49073,52866,89194,43007,46187,50965,24540,26425,12742,6005,6737,
63735,50977,24586,26391,89205,42969,46236,101947,49079,52868,89201,43011,46190,50969,24543,26426,12743,6006,6737,
63740,50981,24586,26395,89212,42973,46239,101955,49082,52873,89208,43016,46192,50973,24545,26428,12744,6006,6738,
63745,50985,24588,26397,89219,42978,46241,101963,49086,52877,89215,43022,46193,50977,24546,26431,12745,6007,6738,
63750,50989,24591,26398,89226,42982,46244,101971,49091,52880,89222,43025,46197,50981,24547,26434,12746,6008,6738,
63755,50993,24593,26400,89233,42985,46248,101979,49096,52883,89229,43028,46201,50985,24549,26436,12747,6008,6739,
63760,50997,24594,26403,89240,42989,46251,101987,49100,52887,89236,43033,46203,50989,24551,26438,12748,6009,6739,
63765,51001,24597,26404,89247,42991,46256,101995,49104,52891,89243,43035,46208,50993,24553,26440,12749,6009,6740,
63770,51005,24600,26405,89254,42993,46261,102003,49108,52895,89250,43039,46211,50997,24555,26442,12750,6010,6740,
63775,51009,24601,26408,89261,42999,46262,102011,49111,52900,89257,43041,46216,51001,24556,26445,12751,6011,6740,
63780,51013,24603,26410,89268,43003,46265,102019,49115,52904,89264,43044,46220,51005,24558,26447,12752,6012,6740,
63785,51017,24603,26414,89275,43005,46270,102027,49119,52908,89271,43048,46223,51009,24560,26449,12753,6012,6741,
63790,51021,24606,26415,89282,43010,46272,102035,49123,52912,89278,43051,46227,51013,24563,26450,12754,6013,6741,
63795,51025,24608,26417,89289,43014,46275,102043,49126,52917,89285,43055,46230,51017,24564,26453,12755,6013,6742,
63800,51029,24610,26419,89296,43017,46279,102051,49131,52920,89292,43059,46233,51021,24564,26457,12756,6013,6743,
63805,51033,24612,26421,89303,43020,46283,102059,49133,52926,89299,43062,46237,51025,24567,26458,12757,6014,6743,
63810,51037,24613,26424,89310,43025,46285,102067,49137,52930,89306,43064,46242,51029,24569,26460,12758,6014,6744,
63815,51041,24614,26427,89317,43029,46288,102075,49140,52935,89313,43067,46246,51033,24571,26462,12759,6014,6745,
63820,51045,24616,26429,89324,43031,46293,102083,49142,52941,89320,43070,46250,51037,24574,26463,12760,6014,6746,
63825,51049,24619,26430,89331,43034,46297,102091,49147,52944,89327,43072,46255,51041,24577,26464,12761,6015,6746,
63830,51053,24621,26432,89338,43040,46298,102099,49150,52949,89334,43075,46259,51045,24579,26466,12762,6016,6746,
63835,51057,24624,26433,89345,43045,46300,102107,49155,52952,89341,43079,46262,51049,24580,26469,12763,6017,6746,
63840,51061,24625,26436,89352,43048,46304,102115,49159,52956,89348,43082,46266,51053,24581,26472,12764,6018,6746,
63845,51065,24628,26437,89359,43049,46310,102123,49163,52960,89355,43085,46270,51057,24583,26474,12765,6019,6746,
63850,51069,24629,26440,89366,43050,46316,102131,49169,52962,89362,43088,46274,51061,24586,26475,12766,6020,6746,
63855,51073,24629,26444,89373,43054,46319,102139,49174,52965,89369,43092,46277,51065,24588,26477,12767,6021,6746,
63860,51077,24631,26446,89380,43058,46322,102147,49178,52969,89376,43093,46283,51069,24592,26477,12768,6022,6746,
63865,51081,24634,26447,89387,43061,46326,102155,49181,52974,89383,43099,46284,51073,24593,26480,12769,6023,6746,
63870,51085,24636,26449,89394,43065,46329,102163,49184,52979,89390,43100,46290,51077,24596,26481,12770,6023,6747,
63875,51089,24639,26450,89401,43069,46332,102171,49188,52983,89397,43103,46294,51081,24597,26484,12771,6024,6747,
63880,51093,24641,26452,89408,43072,46336,102179,49190,52989,89404,43106,46298,51085,24599,26486,12772,6024,6748,
63885,51097,24645,26452,89415,43075,46340,102187,49196,52991,89411,43109,46302,51089,24601,26488,12773,6025,6748,
63890,51101,24645,26456,89422,43079,46343,102195,49200,52995,89418,43112,46306,51093,24602,26491,12774,6025,6749,
63895,51105,24648,26457,89429,43081,46348,102203,49205,52998,89425,43115,46310,51097,24606,26491,12775,6025,6750,
63900,51109,24651,26458,89436,43086,46350,102211,49208,53003,89432,43118,46314,51101,24609,26492,12776,6026,6750,
63905,51113,24653,26460,89443,43089,46354,102219,49211,53008,89439,43120,46319,51105,24612,26493,12777,6026,6751,
63910,51117,24654,26463,89450,43092,46358,102227,49216,53011,89446,43123,46323,51109,24615,26494,12778,6026,6752,
63915,51121,24658,26463,89457,43096,46361,102235,49219,53016,89453,43128,46325,51113,24615,26498,12779,6026,6753,
63920,51125,24659,26466,89464,43099,46365,102243,49222,53021,89460,43129,46331,51117,24615,26502,12780,6027,6753,
63925,51129,24660,26469,89471,43103,46368,102251,49226,53025,89467,43132,46335,51121,24616,26505,12781,6028,6753,
63930,51133,24662,26471,89478,43105,46373,102259,49230,53029,89474,43135,46339,51125,24618,26507,12782,6029,6753,
63935,51137,24665,26472,89485,43108,46377,102267,49234,53033,89481,43138,46343,51129,24622,26507,12783,6030,6753,
63940,51141,24666,26475,89492,43111,46381,102275,49238,53037,89488,43141,46347,51133,24624,26509,12784,6031,6753,
63945,51145,24668,26477,89499,43114,46385,102283,49243,53040,89495,43145,46350,51137,24627,26510,12785,6032,6753,
63950,51149,24670,26479,89506,43119,46387,102291,49246,53045,89502,43148,46354,51141,24629,26512,12786,6033,6753,
63955,51153,24671,26482,89513,43123,46390,102299,49250,53049,89509,43152,46357,51145,24632,26513,12787,6034,6753,
63960,51157,24674,26483,89520,43125,46395,102307,49251,53056,89516,43156,46360,51149,24633,26516,12788,6034,6754,
63965,51161,24675,26486,89527,43130,46397,102315,49254,53061,89523,43159,46364,51153,24635,26518,12789,6034,6755,
63970,51165,24675,26490,89534,43135,46399,102323,49259,53064,89530,43164,46366,51157,24638,26519,12790,6034,6756,
63975,51169,24678,26491,89541,43138,46403,102331,49263,53068,89537,43169,46368,51161,24639,26522,12791,6034,6757,
63980,51173,24681,26492,89548,43142,46406,102339,49267,53072,89544,43170,46374,51165,24640,26525,12792,6035,6757,
63985,51177,24682,26495,89555,43145,46410,102347,49270,53077,89551,43174,46377,51169,24642,26527,12793,6036,6757,
63990,51181,24684,26497,89562,43147,46415,102355,49276,53079,89558,43178,46380,51173,24644,26529,12794,6036,6758,
63995,51185,24685,26500,89569,43150,46419,102363,49279,53084,89565,43182,46383,51177,24646,26531,12795,6036,6759,
64000,51189,24687,26502,89576,43153,46423,102371,49281,53090,89572,43186,46386,51181,24647,26534,12796,6036,6760,
64005,51193,24689,26504,89583,43156,46427,102379,49285,53094,89579,43189,46390,51185,24649,26536,12797,6036,6761,
64010,51197,24690,26507,89590,43160,46430,102387,49290,53097,89586,43192,46394,51189,24651,26538,12798,6037,6761,
64015,51201,24691,26510,89597,43162,46435,102395,49297,53098,89593,43197,46396,51193,24653,26540,12799,6037,6762,
64020,51205,24694,26511,89604,43164,46440,102403,49302,53101,89600,43200,46400,51197,24655,26542,12800,6038,6762,
64025,51209,24695,26514,89611,43167,46444,102411,49308,53103,89607,43204,46403,51201,24659,26542,12801,6039,6762,
64030,51213,24697,26516,89618,43172,46446,102419,49312,53107,89614,43209,46405,51205,24662,26543,12802,6040,6762,
64035,51217,24700,26517,89625,43175,46450,102427,49315,53112,89621,43211,46410,51209,24663,26546,12803,6040,6763,
64040,51221,24700,26521,89632,43179,46453,102435,49319,53116,89628,43215,46413,51213,24665,26548,12804,6041,6763,
64045,51225,24701,26524,89639,43183,46456,102443,49324,53119,89635,43219,46416,51217,24666,26551,12805,6042,6763,
64050,51229,24704,26525,89646,43187,46459,102451,49330,53121,89642,43223,46419,51221,24668,26553,12806,6043,6763,
64055,51233,24705,26528,89653,43190,46463,102459,49334,53125,89649,43226,46423,51225,24669,26556,12807,6044,6763,
64060,51237,24707,26530,89660,43195,46465,102467,49339,53128,89656,43231,46425,51229,24671,26558,12808,6044,6764,
64065,51241,24708,26533,89667,43200,46467,102475,49343,53132,89663,43235,46428,51233,24673,26560,12809,6044,6765,
64070,51245,24710,26535,89674,43203,46471,102483,49348,53135,89670,43240,46430,51237,24675,26562,12810,6045,6765,
64075,51249,24711,26538,89681,43204,46477,102491,49353,53138,89677,43243,46434,51241,24676,26565,12811,6046,6765,
64080,51253,24713,26540,89688,43210,46478,102499,49358,53141,89684,43246,46438,51245,24680,26565,12812,6047,6765,
64085,51257,24715,26542,89695,43212,46483,102507,49361,53146,89691,43251,46440,51249,24682,26567,12813,6047,6766,
64090,51261,24717,26544,89702,43214,46488,102515,49364,53151,89698,43255,46443,51253,24683,26570,12814,6047,6767,
64095,51265,24719,26546,89709,43216,46493,102523,49367,53156,89705,43260,46445,51257,24686,26571,12815,6047,6768,
64100,51269,24721,26548,89716,43217,46499,102531,49373,53158,89712,43267,46445,51261,24690,26571,12816,6047,6769,
64105,51273,24722,26551,89723,43220,46503,102539,49377,53162,89719,43269,46450,51265,24692,26573,12817,6048,6769,
64110,51277,24725,26552,89730,43223,46507,102547,49382,53165,89726,43271,46455,51269,24696,26573,12818,6049,6769,
64115,51281,24726,26555,89737,43226,46511,102555,49385,53170,89733,43277,46456,51273,24698,26575,12819,6050,6769,
64120,51285,24728,26557,89744,43228,46516,102563,49389,53174,89740,43281,46459,51277,24700,26577,12820,6050,6770,
64125,51289,24730,26559,89751,43231,46520,102571,49392,53179,89747,43284,46463,51281,24701,26580,12821,6050,6771,
64130,51293,24732,26561,89758,43235,46523,102579,49395,53184,89754,43289,46465,51285,24702,26583,12822,6050,6772,
64135,51297,24734,26563,89765,43239,46526,102587,49397,53190,89761,43293,46468,51289,24703,26586,12823,6050,6773,
64140,51301,24736,26565,89772,43240,46532,102595,49402,53193,89768,43296,46472,51293,24705,26588,12824,6050,6774,
64145,51305,24738,26567,89779,43246,46533,102603,49406,53197,89775,43299,46476,51297,24707,26590,12825,6051,6774,
64150,51309,24741,26568,89786,43248,46538,102611,49413,53198,89782,43304,46478,51301,24709,26592,12826,6051,6775,
64155,51313,24744,26569,89793,43251,46542,102619,49417,53202,89789,43308,46481,51305,24711,26594,12827,6052,6775,
64160,51317,24746,26571,89800,43257,46543,102627,49420,53207,89796,43309,46487,51309,24714,26595,12828,6052,6776,
64165,51321,24748,26573,89807,43262,46545,102635,49424,53211,89803,43312,46491,51313,24716,26597,12829,6052,6777,
64170,51325,24750,26575,89814,43265,46549,102643,49429,53214,89810,43315,46495,51317,24717,26600,12830,6052,6778,
64175,51329,24754,26575,89821,43271,46550,102651,49432,53219,89817,43316,46501,51321,24717,26604,12831,6053,6778,
64180,51333,24756,26577,89828,43272,46556,102659,49435,53224,89824,43319,46505,51325,24720,26605,12832,6053,6779,
64185,51337,24757,26580,89835,43275,46560,102667,49438,53229,89831,43322,46509,51329,24723,26606,12833,6053,6780,
64190,51341,24758,26583,89842,43276,46566,102675,49442,53233,89838,43326,46512,51333,24724,26609,12834,6054,6780,
64195,51345,24758,26587,89849,43279,46570,102683,49446,53237,89845,43328,46517,51337,24726,26611,12835,6054,6781,
64200,51349,24761,26588,89856,43282,46574,102691,49453,53238,89852,43332,46520,51341,24730,26611,12836,6054,6782,
64205,51353,24761,26592,89863,43284,46579,102699,49459,53240,89859,43336,46523,51345,24732,26613,12837,6055,6782,
64210,51357,24763,26594,89870,43289,46581,102707,49464,53243,89866,43341,46525,51349,24734,26615,12838,6056,6782,
64215,51361,24763,26598,89877,43290,46587,102715,49469,53246,89873,43343,46530,51353,24736,26617,12839,6056,6783,
64220,51365,24765,26600,89884,43293,46591,102723,49475,53248,89880,43345,46535,51357,24740,26617,12840,6057,6783,
64225,51369,24765,26604,89891,43296,46595,102731,49477,53254,89887,43347,46540,51361,24741,26620,12841,6058,6783,
64230,51373,24767,26606,89898,43300,46598,102739,49482,53257,89894,43352,46542,51365,24742,26623,12842,6058,6784,
64235,51377,24770,26607,89905,43304,46601,102747,49484,53263,89901,43357,46544,51369,24742,26627,12843,6058,6785,
64240,51381,24772,26609,89912,43307,46605,102755,49488,53267,89908,43359,46549,51373,24744,26629,12844,6058,6786,
64245,51385,24776,26609,89919,43310,46609,102763,49492,53271,89915,43363,46552,51377,24747,26630,12845,6058,6787,
64250,51389,24779,26610,89926,43314,46612,102771,49496,53275,89922,43364,46558,51381,24748,26633,12846,6059,6787,
64255,51393,24780,26613,89933,43318,46615,102779,49498,53281,89929,43366,46563,51385,24751,26634,12847,6060,6787,
64260,51397,24782,26615,89940,43322,46618,102787,49503,53284,89936,43367,46569,51389,24753,26636,12848,6061,6787,
64265,51401,24784,26617,89947,43324,46623,102795,49506,53289,89943,43369,46574,51393,24756,26637,12849,6062,6787,
64270,51405,24787,26618,89954,43327,46627,102803,49510,53293,89950,43373,46577,51397,24757,26640,12850,6063,6787,
64275,51409,24789,26620,89961,43331,46630,102811,49512,53299,89957,43376,46581,51401,24760,26641,12851,6064,6787,
64280,51413,24792,26621,89968,43335,46633,102819,49519,53300,89964,43380,46584,51405,24761,26644,12852,6064,6788,
64285,51417,24794,26623,89975,43338,46637,102827,49524,53303,89971,43385,46586,51409,24762,26647,12853,6065,6788,
64290,51421,24795,26626,89982,43339,46643,102835,49526,53309,89978,43390,46588,51413,24764,26649,12854,6065,6789,
64295,51425,24798,26627,89989,43345,46644,102843,49528,53315,89985,43393,46592,51417,24768,26649,12855,6065,6790,
64300,51429,24800,26629,89996,43347,46649,102851,49532,53319,89992,43397,46595,51421,24769,26652,12856,6066,6790,
64305,51433,24802,26631,90003,43351,46652,102859,49533,53326,89999,43401,46598,51425,24772,26653,12857,6066,6791,
64310,51437,24804,26633,90010,43355,46655,102867,49538,53329,90006,43406,46600,51429,24773,26656,12858,6067,6791,
64315,51441,24804,26637,90017,43357,46660,102875,49543,53332,90013,43411,46602,51433,24777,26656,12859,6067,6792,
64320,51445,24807,26638,90024,43361,46663,102883,49548,53335,90020,43414,46606,51437,24779,26658,12860,6068,6792,
64325,51449,24809,26640,90031,43363,46668,102891,49554,53337,90027,43420,46607,51441,24782,26659,12861,6068,6793,
64330,51453,24809,26644,90038,43367,46671,102899,49555,53344,90034,43424,46610,51445,24784,26661,12862,6069,6793,
64335,51457,24810,26647,90045,43370,46675,102907,49558,53349,90041,43430,46611,51449,24787,26662,12863,6070,6793,
64340,51461,24811,26650,90052,43373,46679,102915,49564,53351,90048,43432,46616,51453,24790,26663,12864,6070,6794,
64345,51465,24812,26653,90059,43377,46682,102923,49567,53356,90055,43436,46619,51457,24791,26666,12865,6070,6795,
64350,51469,24813,26656,90066,43379,46687,102931,49571,53360,90062,43440,46622,51461,24792,26669,12866,6070,6796,
64355,51473,24815,26658,90073,43383,46690,102939,49576,53363,90069,43444,46625,51465,24794,26671,12867,6071,6796,
64360,51477,24817,26660,90080,43386,46694,102947,49578,53369,90076,43447,46629,51469,24797,26672,12868,6072,6796,
64365,51481,24819,26662,90087,43389,46698,102955,49582,53373,90083,43450,46633,51473,24799,26674,12869,6073,6796,
64370,51485,24821,26664,90094,43391,46703,102963,49584,53379,90090,43455,46635,51477,24799,26678,12870,6073,6797,
64375,51489,24822,26667,90101,43393,46708,102971,49586,53385,90097,43459,46638,51481,24801,26680,12871,6073,6798,
64380,51493,24823,26670,90108,43395,46713,102979,49587,53392,90104,43464,46640,51485,24803,26682,12872,6074,6798,
64385,51497,24826,26671,90115,43399,46716,102987,49592,53395,90111,43464,46647,51489,24806,26683,12873,6074,6799,
64390,51501,24829,26672,90122,43403,46719,102995,49596,53399,90118,43466,46652,51493,24807,26686,12874,6074,6800,
64395,51505,24831,26674,90129,43409,46720,103003,49599,53404,90125,43468,46657,51497,24809,26688,12875,6074,6801,
64400,51509,24833,26676,90136,43415,46721,103011,49603,53408,90132,43471,46661,51501,24810,26691,12876,6074,6802,
64405,51513,24834,26679,90143,43418,46725,103019,49605,53414,90139,43473,46666,51505,24812,26693,12877,6075,6802,
64410,51517,24834,26683,90150,43420,46730,103027,49607,53420,90146,43476,46670,51509,24816,26693,12878,6076,6802,
64415,51521,24835,26686,90157,43423,46734,103035,49610,53425,90153,43480,46673,51513,24818,26695,12879,6077,6802,
64420,51525,24835,26690,90164,43426,46738,103043,49612,53431,90160,43485,46675,51517,24819,26698,12880,6078,6802,
64425,51529,24838,26691,90171,43431,46740,103051,49614,53437,90167,43490,46677,51521,24819,26702,12881,6079,6802,
64430,51533,24840,26693,90178,43433,46745,103059,49617,53442,90174,43491,46683,51525,24821,26704,12882,6080,6802,
64435,51537,24844,26693,90185,43437,46748,103067,49620,53447,90181,43493,46688,51529,24822,26707,12883,6081,6802,
64440,51541,24846,26695,90192,43440,46752,103075,49626,53449,90188,43494,46694,51533,24823,26710,12884,6081,6803,
64445,51545,24850,26695,90199,43443,46756,103083,49628,53455,90195,43498,46697,51537,24826,26711,12885,6081,6804,
64450,51549,24851,26698,90206,43445,46761,103091,49631,53460,90202,43500,46702,51541,24827,26714,12886,6081,6805,
64455,51553,24853,26700,90213,43447,46766,103099,49635,53464,90209,43504,46705,51545,24829,26716,12887,6081,6806,
64460,51557,24853,26704,90220,43451,46769,103107,49639,53468,90216,43507,46709,51549,24830,26719,12888,6081,6807,
64465,51561,24855,26706,90227,43453,46774,103115,49643,53472,90223,43509,46714,51553,24832,26721,12889,6082,6807,
64470,51565,24857,26708,90234,43455,46779,103123,49647,53476,90230,43516,46714,51557,24834,26723,12890,6083,6807,
64475,51569,24860,26709,90241,43459,46782,103131,49650,53481,90237,43519,46718,51561,24834,26727,12891,6084,6807,
64480,51573,24862,26711,90248,43464,46784,103139,49655,53484,90244,43523,46721,51565,24834,26731,12892,6084,6808,
64485,51577,24865,26712,90255,43466,46789,103147,49658,53489,90251,43526,46725,51569,24834,26735,12893,6085,6808,
64490,51581,24865,26716,90262,43471,46791,103155,49664,53491,90258,43530,46728,51573,24837,26736,12894,6085,6809,
64495,51585,24867,26718,90269,43476,46793,103163,49667,53496,90265,43532,46733,51577,24840,26737,12895,6086,6809,
64500,51589,24870,26719,90276,43480,46796,103171,49670,53501,90272,43535,46737,51581,24842,26739,12896,6086,6810,
64505,51593,24872,26721,90283,43482,46801,103179,49673,53506,90279,43540,46739,51585,24843,26742,12897,6086,6811,
64510,51597,24872,26725,90290,43485,46805,103187,49677,53510,90286,43543,46743,51589,24846,26743,12898,6087,6811,
64515,51601,24873,26728,90297,43490,46807,103195,49679,53516,90293,43547,46746,51593,24848,26745,12899,6087,6812,
64520,51605,24876,26729,90304,43495,46809,103203,49683,53520,90300,43551,46749,51597,24849,26748,12900,6087,6813,
64525,51609,24877,26732,90311,43497,46814,103211,49686,53525,90307,43554,46753,51601,24852,26749,12901,6087,6814,
64530,51613,24878,26735,90318,43501,46817,103219,49691,53528,90314,43557,46757,51605,24855,26750,12902,6087,6815,
64535,51617,24879,26738,90325,43501,46824,103227,49695,53532,90321,43559,46762,51609,24859,26750,12903,6087,6816,
64540,51621,24882,26739,90332,43504,46828,103235,49700,53535,90328,43565,46763,51613,24863,26750,12904,6087,6817,
64545,51625,24882,26743,90339,43508,46831,103243,49704,53539,90335,43567,46768,51617,24867,26750,12905,6087,6818,
64550,51629,24884,26745,90346,43510,46836,103251,49705,53546,90342,43572,46770,51621,24868,26753,12906,6088,6818,
64555,51633,24887,26746,90353,43515,46838,103259,49709,53550,90349,43575,46774,51625,24869,26756,12907,6089,6818,
64560,51637,24889,26748,90360,43515,46845,103267,49711,53556,90356,43577,46779,51629,24870,26759,12908,6090,6818,
64565,51641,24890,26751,90367,43516,46851,103275,49715,53560,90363,43582,46781,51633,24871,26762,12909,6090,6819,
64570,51645,24890,26755,90374,43519,46855,103283,49721,53562,90370,43588,46782,51637,24873,26764,12910,6091,6819,
64575,51649,24892,26757,90381,43523,46858,103291,49725,53566,90377,43591,46786,51641,24877,26764,12911,6091,6820,
64580,51653,24892,26761,90388,43529,46859,103299,49728,53571,90384,43596,46788,51645,24879,26766,12912,6091,6821,
64585,51657,24893,26764,90395,43531,46864,103307,49729,53578,90391,43600,46791,51649,24881,26768,12913,6092,6821,
64590,51661,24896,26765,90402,43535,46867,103315,49732,53583,90398,43605,46793,51653,24883,26770,12914,6093,6821,
64595,51665,24898,26767,90409,43538,46871,103323,49737,53586,90405,43610,46795,51657,24886,26771,12915,6093,6822,
64600,51669,24899,26770,90416,43540,46876,103331,49741,53590,90412,43610,46802,51661,24888,26773,12916,6093,6823,
64605,51673,24899,26774,90423,43543,46880,103339,49745,53594,90419,43614,46805,51665,24890,26775,12917,6093,6824,
64610,51677,24900,26777,90430,43547,46883,103347,49747,53600,90426,43617,46809,51669,24893,26776,12918,6093,6825,
64615,51681,24901,26780,90437,43549,46888,103355,49751,53604,90433,43620,46813,51673,24896,26777,12919,6093,6826,
64620,51685,24902,26783,90444,43553,46891,103363,49753,53610,90440,43624,46816,51677,24898,26779,12920,6094,6826,
64625,51689,24903,26786,90451,43556,46895,103371,49757,53614,90447,43626,46821,51681,24898,26783,12921,6094,6827,
64630,51693,24907,26786,90458,43561,46897,103379,49760,53619,90454,43631,46823,51685,24899,26786,12922,6095,6827,
64635,51697,24908,26789,90465,43564,46901,103387,49763,53624,90461,43633,46828,51689,24901,26788,12923,6096,6827,
64640,51701,24911,26790,90472,43568,46904,103395,49767,53628,90468,43636,46832,51693,24903,26790,12924,6096,6828,
64645,51705,24912,26793,90479,43572,46907,103403,49771,53632,90475,43640,46835,51697,24905,26792,12925,6097,6828,
64650,51709,24913,26796,90486,43574,46912,103411,49776,53635,90482,43643,46839,51701,24907,26794,12926,6097,6829,
64655,51713,24914,26799,90493,43578,46915,103419,49777,53642,90489,43648,46841,51705,24911,26794,12927,6098,6829,
64660,51717,24916,26801,90500,43580,46920,103427,49783,53644,90496,43653,46843,51709,24912,26797,12928,6098,6830,
64665,51721,24917,26804,90507,43582,46925,103435,49789,53646,90503,43656,46847,51713,24913,26800,12929,6099,6830,
64670,51725,24920,26805,90514,43584,46930,103443,49792,53651,90510,43660,46850,51717,24915,26802,12930,6100,6830,
64675,51729,24922,26807,90521,43587,46934,103451,49795,53656,90517,43663,46854,51721,24918,26803,12931,6100,6831,
64680,51733,24924,26809,90528,43591,46937,103459,49799,53660,90524,43665,46859,51725,24920,26805,12932,6100,6832,
64685,51737,24927,26810,90535,43593,46942,103467,49802,53665,90531,43672,46859,51729,24921,26808,12933,6101,6832,
64690,51741,24928,26813,90542,43595,46947,103475,49805,53670,90538,43675,46863,51733,24922,26811,12934,6102,6832,
64695,51745,24930,26815,90549,43600,46949,103483,49810,53673,90545,43679,46866,51737,24923,26814,12935,6102,6833,
64700,51749,24930,26819,90556,43604,46952,103491,49813,53678,90552,43683,46869,51741,24925,26816,12936,6102,6834,
64705,51753,24933,26820,90563,43607,46956,103499,49815,53684,90559,43684,46875,51745,24927,26818,12937,6102,6835,
64710,51757,24933,26824,90570,43610,46960,103507,49819,53688,90566,43687,46879,51749,24928,26821,12938,6103,6835,
64715,51761,24934,26827,90577,43612,46965,103515,49822,53693,90573,43691,46882,51753,24929,26824,12939,6103,6836,
64720,51765,24938,26827,90584,43615,46969,103523,49828,53695,90580,43695,46885,51757,24931,26826,12940,6104,6836,
64725,51769,24939,26830,90591,43620,46971,103531,49830,53701,90587,43698,46889,51761,24934,26827,12941,6104,6837,
64730,51773,24940,26833,90598,43622,46976,103539,49833,53706,90594,43699,46895,51765,24935,26830,12942,6105,6837,
64735,51777,24942,26835,90605,43626,46979,103547,49838,53709,90601,43703,46898,51769,24939,26830,12943,6106,6837,
64740,51781,24944,26837,90612,43629,46983,103555,49842,53713,90608,43707,46901,51773,24940,26833,12944,6107,6837,
64745,51785,24947,26838,90619,43633,46986,103563,49844,53719,90615,43712,46903,51777,24942,26835,12945,6107,6838,
64750,51789,24948,26841,90626,43638,46988,103571,49849,53722,90622,43716,46906,51781,24944,26837,12946,6107,6839,
64755,51793,24948,26845,90633,43641,46992,103579,49852,53727,90629,43717,46912,51785,24948,26837,12947,6107,6840,
64760,51797,24950,26847,90640,43643,46997,103587,49855,53732,90636,43721,46915,51789,24949,26840,12948,6107,6841,
64765,51801,24952,26849,90647,43646,47001,103595,49858,53737,90643,43725,46918,51793,24951,26842,12949,6108,6841,
64770,51805,24952,26853,90654,43650,47004,103603,49860,53743,90650,43730,46920,51797,24954,26843,12950,6109,6841,
64775,51809,24953,26856,90661,43653,47008,103611,49866,53745,90657,43732,46925,51801,24957,26844,12951,6109,6842,
64780,51813,24953,26860,90668,43657,47011,103619,49868,53751,90664,43735,46929,51805,24959,26846,12952,6110,6842,
64785,51817,24954,26863,90675,43659,47016,103627,49873,53754,90671,43740,46931,51809,24960,26849,12953,6110,6843,
64790,51821,24957,26864,90682,43662,47020,103635,49878,53757,90678,43743,46935,51813,24963,26850,12954,6111,6843,
64795,51825,24960,26865,90689,43664,47025,103643,49879,53764,90685,43745,46940,51817,24964,26853,12955,6111,6844,
64800,51829,24962,26867,90696,43669,47027,103651,49883,53768,90692,43750,46942,51821,24967,26854,12956,6112,6844,
64805,51833,24963,26870,90703,43673,47030,103659,49885,53774,90699,43753,46946,51825,24970,26855,12957,6113,6844,
64810,51837,24967,26870,90710,43675,47035,103667,49890,53777,90706,43755,46951,51829,24971,26858,12958,6113,6845,
64815,51841,24969,26872,90717,43678,47039,103675,49894,53781,90713,43758,46955,51833,24974,26859,12959,6113,6846,
64820,51845,24969,26876,90724,43681,47043,103683,49894,53789,90720,43761,46959,51837,24975,26862,12960,6113,6847,
64825,51849,24972,26877,90731,43683,47048,103691,49898,53793,90727,43764,46963,51841,24977,26864,12961,6114,6847,
64830,51853,24973,26880,90738,43683,47055,103699,49904,53795,90734,43767,46967,51845,24979,26866,12962,6115,6847,
64835,51857,24974,26883,90745,43685,47060,103707,49906,53801,90741,43770,46971,51849,24981,26868,12963,6116,6847,
64840,51861,24977,26884,90752,43687,47065,103715,49910,53805,90748,43773,46975,51853,24982,26871,12964,6116,6848,
64845,51865,24980,26885,90759,43691,47068,103723,49915,53808,90755,43776,46979,51857,24985,26872,12965,6117,6848,
64850,51869,24982,26887,90766,43693,47073,103731,49919,53812,90762,43779,46983,51861,24987,26874,12966,6117,6849,
64855,51873,24984,26889,90773,43696,47077,103739,49925,53814,90769,43780,46989,51865,24991,26874,12967,6117,6850,
64860,51877,24987,26890,90780,43699,47081,103747,49930,53817,90776,43784,46992,51869,24994,26875,12968,6117,6851,
64865,51881,24988,26893,90787,43703,47084,103755,49932,53823,90783,43788,46995,51873,24996,26877,12969,6117,6852,
64870,51885,24992,26893,90794,43707,47087,103763,49933,53830,90790,43793,46997,51877,24998,26879,12970,6118,6852,
64875,51889,24994,26895,90801,43709,47092,103771,49935,53836,90797,43796,47001,51881,24999,26882,12971,6118,6853,
64880,51893,24996,26897,90808,43713,47095,103779,49938,53841,90804,43798,47006,51885,25001,26884,12972,6118,6854,
64885,51897,25000,26897,90815,43717,47098,103787,49943,53844,90811,43800,47011,51889,25002,26887,12973,6118,6855,
64890,51901,25001,26900,90822,43719,47103,103795,49949,53846,90818,43802,47016,51893,25004,26889,12974,6118,6856,
64895,51905,25004,26901,90829,43722,47107,103803,49954,53849,90825,43804,47021,51897,25006,26891,12975,6119,6856,
64900,51909,25007,26902,90836,43728,47108,103811,49957,53854,90832,43807,47025,51901,25010,26891,12976,6120,6856,
64905,51913,25010,26903,90843,43730,47113,103819,49962,53857,90839,43812,47027,51905,25010,26895,12977,6121,6856,
64910,51917,25013,26904,90850,43733,47117,103827,49965,53862,90846,43818,47028,51909,25012,26897,12978,6121,6857,
64915,51921,25015,26906,90857,43737,47120,103835,49970,53865,90853,43818,47035,51913,25013,26900,12979,6121,6858,
64920,51925,25018,26907,90864,43742,47122,103843,49973,53870,90860,43824,47036,51917,25014,26903,12980,6122,6858,
64925,51929,25021,26908,90871,43744,47127,103851,49978,53873,90867,43829,47038,51921,25015,26906,12981,6122,6859,
64930,51933,25024,26909,90878,43747,47131,103859,49982,53877,90874,43833,47041,51925,25016,26909,12982,6122,6860,
64935,51937,25025,26912,90885,43751,47134,103867,49985,53882,90881,43835,47046,51929,25018,26911,12983,6122,6861,
64940,51941,25027,26914,90892,43753,47139,103875,49986,53889,90888,43838,47050,51933,25020,26913,12984,6123,6861,
64945,51945,25027,26918,90899,43759,47140,103883,49989,53894,90895,43842,47053,51937,25022,26915,12985,6123,6862,
64950,51949,25029,26920,90906,43761,47145,103891,49993,53898,90902,43847,47055,51941,25025,26916,12986,6124,6862,
64955,51953,25030,26923,90913,43765,47148,103899,49999,53900,90909,43848,47061,51945,25027,26918,12987,6124,6863,
64960,51957,25031,26926,90920,43769,47151,103907,50005,53902,90916,43850,47066,51949,25029,26920,12988,6124,6864,
64965,51961,25034,26927,90927,43772,47155,103915,50010,53905,90923,43852,47071,51953,25033,26920,12989,6125,6864,
64970,51965,25036,26929,90934,43774,47160,103923,50013,53910,90930,43853,47077,51957,25036,26921,12990,6125,6865,
64975,51969,25039,26930,90941,43777,47164,103931,50017,53914,90937,43854,47083,51961,25038,26923,12991,6126,6865,
64980,51973,25042,26931,90948,43783,47165,103939,50020,53919,90944,43857,47087,51965,25038,26927,12992,6126,6866,
64985,51977,25043,26934,90955,43787,47168,103947,50026,53921,90951,43860,47091,51969,25039,26930,12993,6126,6867,
64990,51981,25045,26936,90962,43792,47170,103955,50032,53923,90958,43863,47095,51973,25040,26933,12994,6127,6867,
64995,51985,25047,26938,90969,43796,47173,103963,50038,53925,90965,43867,47098,51977,25043,26934,12995,6127,6868,
65000,51989,25050,26939,90976,43800,47176,103971,50041,53930,90972,43870,47102,51981,25043,26938,12996,6127,6869,
65005,51993,25051,26942,90983,43802,47181,103979,50046,53933,90979,43870,47109,51985,25045,26940,12997,6127,6870,
65010,51997,25053,26944,90990,43804,47186,103987,50051,53936,90986,43874,47112,51989,25046,26943,12998,6128,6870,
65015,52001,25054,26947,90997,43806,47191,103995,50055,53940,90993,43877,47116,51993,25048,26945,12999,6129,6870,
65020,52005,25056,26949,91004,43811,47193,104003,50059,53944,91000,43881,47119,51997,25050,26947,13000,6129,6871,
65025,52009,25058,26951,91011,43815,47196,104011,50062,53949,91007,43885,47122,52001,25050,26951,13001,6129,6872,
65030,52013,25060,26953,91018,43818,47200,104019,50068,53951,91014,43889,47125,52005,25052,26953,13002,6129,6873,
65035,52017,25062,26955,91025,43822,47203,104027,50071,53956,91021,43892,47129,52009,25055,26954,13003,6130,6873,
65040,52021,25063,26958,91032,43825,47207,104035,50076,53959,91028,43895,47133,52013,25056,26957,13004,6131,6873,
65045,52025,25065,26960,91039,43829,47210,104043,50078,53965,91035,43897,47138,52017,25060,26957,13005,6131,6874,
65050,52029,25069,26960,91046,43830,47216,104051,50083,53968,91042,43902,47140,52021,25060,26961,13006,6131,6875,
65055,52033,25071,26962,91053,43832,47221,104059,50085,53974,91049,43907,47142,52025,25062,26963,13007,6131,6876,
65060,52037,25072,26965,91060,43835,47225,104067,50088,53979,91056,43911,47145,52029,25064,26965,13008,6132,6876,
65065,52041,25072,26969,91067,43840,47227,104075,50091,53984,91063,43915,47148,52033,25064,26969,13009,6132,6877,
65070,52045,25073,26972,91074,43843,47231,104083,50094,53989,91070,43918,47152,52037,25065,26972,13010,6133,6877,
65075,52049,25075,26974,91081,43846,47235,104091,50101,53990,91077,43920,47157,52041,25067,26974,13011,6133,6878,
65080,52053,25078,26975,91088,43849,47239,104099,50105,53994,91084,43924,47160,52045,25068,26977,13012,6133,6879,
65085,52057,25080,26977,91095,43854,47241,104107,50109,53998,91091,43927,47164,52049,25070,26979,13013,6133,6880,
65090,52061,25081,26980,91102,43857,47245,104115,50114,54001,91098,43930,47168,52053,25071,26982,13014,6134,6880,
65095,52065,25081,26984,91109,43859,47250,104123,50115,54008,91105,43932,47173,52057,25072,26985,13015,6135,6880,
65100,52069,25083,26986,91116,43865,47251,104131,50120,54011,91112,43934,47178,52061,25075,26986,13016,6136,6880,
65105,52073,25085,26988,91123,43868,47255,104139,50125,54014,91119,43937,47182,52065,25076,26989,13017,6136,6881,
65110,52077,25089,26988,91130,43872,47258,104147,50131,54016,91126,43939,47187,52069,25077,26992,13018,6137,6881,
65115,52081,25090,26991,91137,43875,47262,104155,50136,54019,91133,43942,47191,52073,25079,26994,13019,6138,6881,
65120,52085,25094,26991,91144,43878,47266,104163,50139,54024,91140,43945,47195,52077,25082,26995,13020,6138,6882,
65125,52089,25096,26993,91151,43882,47269,104171,50143,54028,91147,43949,47198,52081,25083,26998,13021,6139,6882,
65130,52093,25097,26996,91158,43887,47271,104179,50147,54032,91154,43952,47202,52085,25083,27002,13022,6139,6883,
65135,52097,25100,26997,91165,43891,47274,104187,50149,54038,91161,43957,47204,52089,25086,27003,13023,6140,6883,
65140,52101,25103,26998,91172,43896,47276,104195,50152,54043,91168,43961,47207,52093,25089,27004,13024,6141,6883,
65145,52105,25106,26999,91179,43898,47281,104203,50155,54048,91175,43964,47211,52097,25091,27006,13025,6142,6883,
65150,52109,25108,27001,91186,43900,47286,104211,50157,54054,91182,43970,47212,52101,25094,27007,13026,6143,6883,
65155,52113,25111,27002,91193,43903,47290,104219,50160,54059,91189,43974,47215,52105,25096,27009,13027,6144,6883,
65160,52117,25111,27006,91200,43906,47294,104227,50165,54062,91196,43979,47217,52109,25100,27009,13028,6145,6883,
65165,52121,25115,27006,91207,43909,47298,104235,50169,54066,91203,43982,47221,52113,25101,27012,13029,6145,6884,
65170,52125,25115,27010,91214,43912,47302,104243,50171,54072,91210,43985,47225,52117,25101,27016,13030,6145,6885,
65175,52129,25118,27011,91221,43914,47307,104251,50175,54076,91217,43988,47229,52121,25103,27018,13031,6146,6885,
65180,52133,25118,27015,91228,43919,47309,104259,50180,54079,91224,43990,47234,52125,25104,27021,13032,6146,6886,
65185,52137,25120,27017,91235,43923,47312,104267,50183,54084,91231,43993,47238,52129,25106,27023,13033,6147,6886,
65190,52141,25121,27020,91242,43926,47316,104275,50186,54089,91238,43999,47239,52133,25110,27023,13034,6147,6887,
65195,52145,25124,27021,91249,43931,47318,104283,50190,54093,91245,44004,47241,52137,25111,27026,13035,6148,6887,
65200,52149,25125,27024,91256,43934,47322,104291,50194,54097,91252,44007,47245,52141,25112,27029,13036,6148,6888,
65205,52153,25126,27027,91263,43937,47326,104299,50195,54104,91259,44009,47250,52145,25115,27030,13037,6149,6888,
65210,52157,25127,27030,91270,43942,47328,104307,50199,54108,91266,44010,47256,52149,25116,27033,13038,6149,6889,
65215,52161,25129,27032,91277,43945,47332,104315,50204,54111,91273,44014,47259,52153,25118,27035,13039,6150,6889,
65220,52165,25132,27033,91284,43949,47335,104323,50209,54114,91280,44015,47265,52157,25120,27037,13040,6151,6889,
65225,52169,25133,27036,91291,43954,47337,104331,50213,54118,91287,44019,47268,52161,25123,27038,13041,6151,6890,
65230,52173,25135,27038,91298,43959,47339,104339,50218,54121,91294,44022,47272,52165,25126,27039,13042,6151,6891,
65235,52177,25137,27040,91305,43961,47344,104347,50219,54128,91301,44024,47277,52169,25129,27040,13043,6151,6892,
65240,52181,25138,27043,91312,43967,47345,104355,50224,54131,91308,44028,47280,52173,25130,27043,13044,6152,6892,
65245,52185,25140,27045,91319,43969,47350,104363,50226,54137,91315,44030,47285,52177,25132,27045,13045,6153,6892,
65250,52189,25141,27048,91326,43971,47355,104371,50230,54141,91322,44034,47288,52181,25133,27048,13046,6153,6893,
65255,52193,25141,27052,91333,43973,47360,104379,50233,54146,91329,44037,47292,52185,25135,27050,13047,6153,6894,
65260,52197,25142,27055,91340,43977,47363,104387,50240,54147,91336,44040,47296,52189,25137,27052,13048,6154,6894,
65265,52201,25146,27055,91347,43982,47365,104395,50245,54150,91343,44044,47299,52193,25139,27054,13049,6155,6894,
65270,52205,25148,27057,91354,43985,47369,104403,50251,54152,91350,44048,47302,52197,25141,27056,13050,6156,6894,
65275,52209,25148,27061,91361,43989,47372,104411,50255,54156,91357,44051,47306,52201,25144,27057,13051,6156,6895,
65280,52213,25151,27062,91368,43993,47375,104419,50260,54159,91364,44056,47308,52205,25146,27059,13052,6157,6895,
65285,52217,25152,27065,91375,43997,47378,104427,50262,54165,91371,44058,47313,52209,25149,27060,13053,6157,6896,
65290,52221,25154,27067,91382,44000,47382,104435,50266,54169,91378,44064,47314,52213,25151,27062,13054,6157,6897,
65295,52225,25158,27067,91389,44002,47387,104443,50270,54173,91385,44068,47317,52217,25153,27064,13055,6157,6898,
65300,52229,25160,27069,91396,44007,47389,104451,50273,54178,91392,44070,47322,52221,25156,27065,13056,6158,6898,
65305,52233,25162,27071,91403,44009,47394,104459,50278,54181,91399,44073,47326,52225,25157,27068,13057,6159,6898,
65310,52237,25164,27073,91410,44012,47398,104467,50283,54184,91406,44075,47331,52229,25160,27069,13058,6160,6898,
65315,52241,25166,27075,91417,44015,47402,104475,50283,54192,91413,44079,47334,52233,25162,27071,13059,6161,6898,
65320,52245,25168,27077,91424,44018,47406,104483,50287,54196,91420,44083,47337,52237,25164,27073,13060,6161,6899,
65325,52249,25169,27080,91431,44024,47407,104491,50291,54200,91427,44085,47342,52241,25166,27075,13061,6161,6900,
65330,52253,25172,27081,91438,44028,47410,104499,50296,54203,91434,44088,47346,52245,25167,27078,13062,6161,6901,
65335,52257,25175,27082,91445,44032,47413,104507,50301,54206,91441,44092,47349,52249,25169,27080,13063,6161,6902,
65340,52261,25179,27082,91452,44035,47417,104515,50304,54211,91448,44095,47353,52253,25170,27083,13064,6161,6903,
65345,52265,25182,27083,91459,44039,47420,104523,50310,54213,91455,44099,47356,52257,25172,27085,13065,6162,6903,
65350,52269,25185,27084,91466,44045,47421,104531,50313,54218,91462,44104,47358,52261,25173,27088,13066,6162,6904,
65355,52273,25187,27086,91473,44048,47425,104539,50317,54222,91469,44107,47362,52265,25175,27090,13067,6162,6905,
65360,52277,25189,27088,91480,44052,47428,104547,50321,54226,91476,44112,47364,52269,25177,27092,13068,6162,6906,
65365,52281,25192,27089,91487,44056,47431,104555,50325,54230,91483,44116,47367,52273,25179,27094,13069,6162,6907,
65370,52285,25194,27091,91494,44061,47433,104563,50327,54236,91490,44119,47371,52277,25179,27098,13070,6162,6908,
65375,52289,25198,27091,91501,44062,47439,104571,50332,54239,91497,44121,47376,52281,25179,27102,13071,6162,6909,
65380,52293,25199,27094,91508,44065,47443,104579,50334,54245,91504,44124,47380,52285,25181,27104,13072,6162,6910,
65385,52297,25202,27095,91515,44068,47447,104587,50338,54249,91511,44126,47385,52289,25183,27106,13073,6163,6910,
65390,52301,25204,27097,91522,44071,47451,104595,50341,54254,91518,44128,47390,52293,25184,27109,13074,6163,6911,
65395,52305,25204,27101,91529,44073,47456,104603,50345,54258,91525,44134,47391,52297,25186,27111,13075,6163,6912,
65400,52309,25205,27104,91536,44075,47461,104611,50349,54262,91532,44138,47394,52301,25187,27114,13076,6164,6912,
65405,52313,25205,27108,91543,44078,47465,104619,50354,54265,91539,44142,47397,52305,25188,27117,13077,6165,6912,
65410,52317,25208,27109,91550,44082,47468,104627,50356,54271,91546,44145,47401,52309,25189,27120,13078,6165,6913,
65415,52321,25212,27109,91557,44084,47473,104635,50361,54274,91553,44149,47404,52313,25190,27123,13079,6166,6913,
65420,52325,25213,27112,91564,44087,47477,104643,50366,54277,91560,44152,47408,52317,25190,27127,13080,6166,6914,
65425,52329,25214,27115,91571,44090,47481,104651,50372,54279,91567,44156,47411,52321,25192,27129,13081,6167,6914,
65430,52333,25216,27117,91578,44091,47487,104659,50376,54283,91574,44161,47413,52325,25194,27131,13082,6167,6915,
65435,52337,25218,27119,91585,44095,47490,104667,50381,54286,91581,44166,47415,52329,25196,27133,13083,6167,6916,
65440,52341,25221,27120,91592,44100,47492,104675,50385,54290,91588,44172,47416,52333,25197,27136,13084,6167,6917,
65445,52345,25224,27121,91599,44102,47497,104683,50389,54294,91595,44174,47421,52337,25199,27138,13085,6168,6917,
65450,52349,25226,27123,91606,44107,47499,104691,50394,54297,91602,44177,47425,52341,25201,27140,13086,6168,6918,
65455,52353,25228,27125,91613,44108,47505,104699,50396,54303,91609,44182,47427,52345,25203,27142,13087,6169,6918,
65460,52357,25232,27125,91620,44113,47507,104707,50399,54308,91616,44185,47431,52349,25206,27143,13088,6169,6919,
65465,52361,25234,27127,91627,44116,47511,104715,50403,54312,91623,44190,47433,52353,25209,27144,13089,6169,6920,
65470,52365,25235,27130,91634,44119,47515,104723,50406,54317,91630,44193,47437,52357,25212,27145,13090,6170,6920,
65475,52369,25238,27131,91641,44124,47517,104731,50409,54322,91637,44198,47439,52361,25213,27148,13091,6171,6920,
65480,52373,25240,27133,91648,44130,47518,104739,50412,54327,91644,44201,47443,52365,25214,27151,13092,6171,6921,
65485,52377,25241,27136,91655,44132,47523,104747,50416,54331,91651,44204,47447,52369,25216,27153,13093,6171,6922,
65490,52381,25242,27139,91662,44136,47526,104755,50421,54334,91658,44207,47451,52373,25217,27156,13094,6171,6923,
65495,52385,25245,27140,91669,44139,47530,104763,50425,54338,91665,44209,47456,52377,25220,27157,13095,6171,6924,
65500,52389,25247,27142,91676,44141,47535,104771,50429,54342,91672,44212,47460,52381,25221,27160,13096,6172,6924,
65505,52393,25250,27143,91683,44144,47539,104779,50432,54347,91679,44217,47462,52385,25223,27162,13097,6173,6924,
65510,52397,25253,27144,91690,44147,47543,104787,50435,54352,91686,44220,47466,52389,25224,27165,13098,6173,6925,
65515,52401,25255,27146,91697,44148,47549,104795,50442,54353,91693,44223,47470,52393,25225,27168,13099,6174,6925,
65520,52405,25257,27148,91704,44152,47552,104803,50447,54356,91700,44225,47475,52397,25227,27170,13100,6175,6925,
65525,52409,25258,27151,91711,44157,47554,104811,50450,54361,91707,44229,47478,52401,25229,27172,13101,6175,6926,
65530,52413,25261,27152,91718,44161,47557,104819,50454,54365,91714,44232,47482,52405,25232,27173,13102,6176,6926,
65535,52417,25263,27154,91725,44164,47561,104827,50460,54367,91721,44234,47487,52409,25235,27174,13103,6177,6926,
65540,52421,25265,27156,91732,44164,47568,104835,50464,54371,91728,44236,47492,52413,25237,27176,13104,6177,6927,
65545,52425,25268,27157,91739,44165,47574,104843,50469,54374,91735,44239,47496,52417,25238,27179,13105,6177,6928,
65550,52429,25270,27159,91746,44170,47576,104851,50472,54379,91742,44243,47499,52421,25241,27180,13106,6178,6928,
65555,52433,25271,27162,91753,44171,47582,104859,50476,54383,91749,44247,47502,52425,25244,27181,13107,6179,6928,
65560,52437,25273,27164,91760,44174,47586,104867,50481,54386,91756,44252,47504,52429,25244,27185,13108,6179,6929,
65565,52441,25275,27166,91767,44177,47590,104875,50484,54391,91763,44254,47509,52433,25245,27188,13109,6180,6929,
65570,52445,25276,27169,91774,44183,47591,104883,50488,54395,91770,44257,47513,52437,25245,27192,13110,6180,6930,
65575,52449,25279,27170,91781,44184,47597,104891,50492,54399,91777,44259,47518,52441,25247,27194,13111,6180,6931,
65580,52453,25281,27172,91788,44188,47600,104899,50494,54405,91784,44263,47521,52445,25250,27195,13112,6180,6932,
65585,52457,25282,27175,91795,44192,47603,104907,50499,54408,91791,44267,47524,52449,25252,27197,13113,6181,6932,
65590,52461,25284,27177,91802,44197,47605,104915,50503,54412,91798,44271,47527,52453,25253,27200,13114,6182,6932,
65595,52465,25288,27177,91809,44201,47608,104923,50507,54416,91805,44276,47529,52457,25255,27202,13115,6182,6933,
65600,52469,25289,27180,91816,44204,47612,104931,50513,54418,91812,44279,47533,52461,25257,27204,13116,6182,6934,
65605,52473,25292,27181,91823,44208,47615,104939,50517,54422,91819,44283,47536,52465,25257,27208,13117,6183,6934,
65610,52477,25293,27184,91830,44213,47617,104947,50520,54427,91826,44290,47536,52469,25258,27211,13118,6183,6935,
65615,52481,25294,27187,91837,44216,47621,104955,50525,54430,91833,44290,47543,52473,25258,27215,13119,6184,6935,
65620,52485,25297,27188,91844,44220,47624,104963,50529,54434,91840,44293,47547,52477,25260,27217,13120,6185,6935,
65625,52489,25298,27191,91851,44221,47630,104971,50532,54439,91847,44295,47552,52481,25263,27218,13121,6185,6936,
65630,52493,25302,27191,91858,44224,47634,104979,50538,54441,91854,44300,47554,52485,25267,27218,13122,6185,6937,
65635,52497,25305,27192,91865,44228,47637,104987,50543,54444,91861,44302,47559,52489,25270,27219,13123,6186,6937,
65640,52501,25307,27194,91872,44233,47639,104995,50548,54447,91868,44305,47563,52493,25272,27221,13124,6186,6938,
65645,52505,25309,27196,91879,44236,47643,105003,50550,54453,91875,44307,47568,52497,25274,27223,13125,6186,6939,
65650,52509,25312,27197,91886,44237,47649,105011,50553,54458,91882,44310,47572,52501,25275,27226,13126,6186,6940,
65655,52513,25314,27199,91893,44241,47652,105019,50557,54462,91889,44312,47577,52505,25277,27228,13127,6186,6941,
65660,52517,25316,27201,91900,44244,47656,105027,50563,54464,91896,44318,47578,52509,25278,27231,13128,6186,6942,
65665,52521,25319,27202,91907,44244,47663,105035,50570,54465,91903,44320,47583,52513,25279,27234,13129,6187,6942,
65670,52525,25321,27204,91914,44248,47666,105043,50574,54469,91910,44323,47587,52517,25279,27238,13130,6187,6943,
65675,52529,25322,27207,91921,44251,47670,105051,50578,54473,91917,44326,47591,52521,25281,27240,13131,6187,6944,
65680,52533,25324,27209,91928,44253,47675,105059,50581,54478,91924,44329,47595,52525,25283,27242,13132,6188,6944,
65685,52537,25326,27211,91935,44258,47677,105067,50585,54482,91931,44332,47599,52529,25286,27243,13133,6189,6944,
65690,52541,25328,27213,91942,44260,47682,105075,50589,54486,91938,44336,47602,52533,25289,27244,13134,6189,6945,
65695,52545,25329,27216,91949,44262,47687,105083,50594,54489,91945,44342,47603,52537,25290,27247,13135,6190,6945,
65700,52549,25331,27218,91956,44269,47687,105091,50598,54493,91952,44343,47609,52541,25291,27250,13136,6190,6946,
65705,52553,25333,27220,91963,44274,47689,105099,50602,54497,91959,44346,47613,52545,25294,27251,13137,6191,6946,
65710,52557,25335,27222,91970,44276,47694,105107,50606,54501,91966,44349,47617,52549,25298,27251,13138,6192,6946,
65715,52561,25335,27226,91977,44280,47697,105115,50609,54506,91973,44354,47619,52553,25299,27254,13139,6192,6947,
65720,52565,25338,27227,91984,44284,47700,105123,50612,54511,91980,44358,47622,52557,25301,27256,13140,6193,6947,
65725,52569,25340,27229,91991,44287,47704,105131,50615,54516,91987,44362,47625,52561,25302,27259,13141,6193,6948,
65730,52573,25342,27231,91998,44292,47706,105139,50619,54520,91994,44364,47630,52565,25303,27262,13142,6193,6949,
65735,52577,25344,27233,92005,44296,47709,105147,50625,54522,92001,44369,47632,52569,25306,27263,13143,6193,6950,
65740,52581,25346,27235,92012,44297,47715,105155,50629,54526,92008,44372,47636,52573,25308,27265,13144,6193,6951,
65745,52585,25347,27238,92019,44301,47718,105163,50631,54532,92015,44376,47639,52577,25308,27269,13145,6194,6951,
65750,52589,25347,27242,92026,44304,47722,105171,50634,54537,92022,44382,47640,52581,25311,27270,13146,6195,6951,
65755,52593,25350,27243,92033,44307,47726,105179,50639,54540,92029,44384,47645,52585,25314,27271,13147,6195,6952,
65760,52597,25352,27245,92040,44311,47729,105187,50644,54543,92036,44385,47651,52589,25317,27272,13148,6196,6952,
65765,52601,25355,27246,92047,44313,47734,105195,50647,54548,92043,44385,47658,52593,25318,27275,13149,6196,6953,
65770,52605,25356,27249,92054,44315,47739,105203,50651,54552,92050,44388,47662,52597,25319,27278,13150,6196,6954,
65775,52609,25358,27251,92061,44319,47742,105211,50653,54558,92057,44394,47663,52601,25320,27281,13151,6197,6954,
65780,52613,25358,27255,92068,44321,47747,105219,50658,54561,92064,44398,47666,52605,25321,27284,13152,6197,6955,
65785,52617,25359,27258,92075,44325,47750,105227,50660,54567,92071,44402,47669,52609,25325,27284,13153,6197,6956,
65790,52621,25361,27260,92082,44327,47755,105235,50664,54571,92078,44405,47673,52613,25328,27285,13154,6198,6956,
65795,52625,25363,27262,92089,44331,47758,105243,50667,54576,92085,44409,47676,52617,25329,27288,13155,6198,6957,
65800,52629,25367,27262,92096,44336,47760,105251,50670,54581,92092,44413,47679,52621,25330,27291,13156,6198,6958,
65805,52633,25370,27263,92103,44342,47761,105259,50674,54585,92099,44417,47682,52625,25333,27292,13157,6198,6959,
65810,52637,25372,27265,92110,44346,47764,105267,50678,54589,92106,44420,47686,52629,25336,27293,13158,6198,6960,
65815,52641,25374,27267,92117,44351,47766,105275,50680,54595,92113,44423,47690,52633,25339,27294,13159,6199,6960,
65820,52645,25376,27269,92124,44352,47772,105283,50681,54602,92120,44426,47694,52637,25341,27296,13160,6200,6960,
65825,52649,25377,27272,92131,44354,47777,105291,50686,54605,92127,44430,47697,52641,25342,27299,13161,6200,6961,
65830,52653,25379,27274,92138,44358,47780,105299,50688,54611,92134,44432,47702,52645,25343,27302,13162,6200,6962,
65835,52657,25383,27274,92145,44364,47781,105307,50690,54617,92141,44437,47704,52649,25346,27303,13163,6200,6963,
65840,52661,25385,27276,92152,44370,47782,105315,50692,54623,92148,44440,47708,52653,25349,27304,13164,6200,6964,
65845,52665,25386,27279,92159,44374,47785,105323,50696,54627,92155,44445,47710,52657,25351,27306,13165,6200,6965,
65850,52669,25388,27281,92166,44379,47787,105331,50698,54633,92162,44450,47712,52661,25354,27307,13166,6200,6966,
65855,52673,25389,27284,92173,44383,47790,105339,50701,54638,92169,44453,47716,52665,25356,27309,13167,6201,6966,
65860,52677,25392,27285,92180,44386,47794,105347,50704,54643,92176,44458,47718,52669,25358,27311,13168,6202,6966,
65865,52681,25394,27287,92187,44390,47797,105355,50706,54649,92183,44460,47723,52673,25362,27311,13169,6202,6967,
65870,52685,25397,27288,92194,44391,47803,105363,50709,54654,92190,44464,47726,52677,25363,27314,13170,6202,6968,
65875,52689,25399,27290,92201,44395,47806,105371,50713,54658,92197,44466,47731,52681,25365,27316,13171,6202,6969,
65880,52693,25402,27291,92208,44397,47811,105379,50718,54661,92204,44468,47736,52685,25367,27318,13172,6203,6969,
65885,52697,25404,27293,92215,44401,47814,105387,50724,54663,92211,44471,47740,52689,25367,27322,13173,6204,6969,
65890,52701,25405,27296,92222,44404,47818,105395,50727,54668,92218,44473,47745,52693,25371,27322,13174,6204,6970,
65895,52705,25406,27299,92229,44404,47825,105403,50730,54673,92225,44476,47749,52697,25372,27325,13175,6204,6971,
65900,52709,25407,27302,92236,44409,47827,105411,50734,54677,92232,44479,47753,52701,25374,27327,13176,6205,6971,
65905,52713,25410,27303,92243,44415,47828,105419,50739,54680,92239,44481,47758,52705,25376,27329,13177,6205,6972,
65910,52717,25412,27305,92250,44418,47832,105427,50744,54683,92246,44486,47760,52709,25377,27332,13178,6205,6973,
65915,52721,25414,27307,92257,44423,47834,105435,50748,54687,92253,44490,47763,52713,25379,27334,13179,6205,6974,
65920,52725,25414,27311,92264,44424,47840,105443,50752,54691,92260,44496,47764,52717,25380,27337,13180,6206,6974,
65925,52729,25417,27312,92271,44428,47843,105451,50758,54693,92267,44499,47768,52721,25383,27338,13181,6206,6975,
65930,52733,25418,27315,92278,44431,47847,105459,50763,54696,92274,44503,47771,52725,25385,27340,13182,6207,6975,
65935,52737,25418,27319,92285,44434,47851,105467,50767,54700,92281,44507,47774,52729,25388,27341,13183,6207,6976,
65940,52741,25418,27323,92292,44437,47855,105475,50770,54705,92288,44511,47777,52733,25391,27342,13184,6207,6977,
65945,52745,25421,27324,92299,44440,47859,105483,50774,54709,92295,44515,47780,52737,25392,27345,13185,6208,6977,
65950,52749,25425,27324,92306,44444,47862,105491,50775,54716,92302,44519,47783,52741,25395,27346,13186,6208,6978,
65955,52753,25427,27326,92313,44446,47867,105499,50778,54721,92309,44523,47786,52745,25396,27349,13187,6209,6978,
65960,52757,25429,27328,92320,44448,47872,105507,50782,54725,92316,44525,47791,52749,25398,27351,13188,6209,6979,
65965,52761,25432,27329,92327,44450,47877,105515,50788,54727,92323,44528,47795,52753,25399,27354,13189,6210,6979,
65970,52765,25434,27331,92334,44454,47880,105523,50792,54731,92330,44533,47797,52757,25402,27355,13190,6210,6980,
65975,52769,25435,27334,92341,44456,47885,105531,50794,54737,92337,44536,47801,52761,25404,27357,13191,6210,6981,
65980,52773,25437,27336,92348,44462,47886,105539,50801,54738,92344,44540,47804,52765,25407,27358,13192,6211,6981,
65985,52777,25439,27338,92355,44468,47887,105547,50803,54744,92351,44543,47808,52769,25407,27362,13193,6212,6981,
65990,52781,25443,27338,92362,44473,47889,105555,50809,54746,92358,44547,47811,52773,25410,27363,13194,6212,6982,
65995,52785,25445,27340,92369,44475,47894,105563,50813,54750,92365,44553,47812,52777,25412,27365,13195,6212,6983,
66000,52789,25448,27341,92376,44479,47897,105571,50815,54756,92372,44556,47816,52781,25414,27367,13196,6212,6984,
66005,52793,25449,27344,92383,44482,47901,105579,50819,54760,92379,44560,47819,52785,25417,27368,13197,6213,6984,
66010,52797,25452,27345,92390,44487,47903,105587,50823,54764,92386,44563,47823,52789,25419,27370,13198,6213,6985,
66015,52801,25453,27348,92397,44492,47905,105595,50827,54768,92393,44567,47826,52793,25422,27371,13199,6214,6985,
66020,52805,25455,27350,92404,44497,47907,105603,50833,54770,92400,44569,47831,52797,25425,27372,13200,6215,6985,
66025,52809,25457,27352,92411,44499,47912,105611,50834,54777,92407,44574,47833,52801,25425,27376,13201,6216,6985,
66030,52813,25458,27355,92418,44501,47917,105619,50838,54781,92414,44579,47835,52805,25426,27379,13202,6216,6986,
66035,52817,25459,27358,92425,44505,47920,105627,50843,54784,92421,44582,47839,52809,25428,27381,13203,6216,6987,
66040,52821,25461,27360,92432,44507,47925,105635,50846,54789,92428,44584,47844,52813,25430,27383,13204,6216,6988,
66045,52825,25463,27362,92439,44511,47928,105643,50852,54791,92435,44589,47846,52817,25432,27385,13205,6217,6988,
66050,52829,25466,27363,92446,44514,47932,105651,50857,54794,92442,44594,47848,52821,25433,27388,13206,6218,6988,
66055,52833,25469,27364,92453,44516,47937,105659,50860,54799,92449,44597,47852,52825,25434,27391,13207,6219,6988,
66060,52837,25471,27366,92460,44519,47941,105667,50864,54803,92456,44601,47855,52829,25436,27393,13208,6220,6988,
66065,52841,25473,27368,92467,44521,47946,105675,50866,54809,92463,44605,47858,52833,25438,27395,13209,6220,6989,
66070,52845,25475,27370,92474,44525,47949,105683,50870,54813,92470,44607,47863,52837,25440,27397,13210,6221,6989,
66075,52849,25478,27371,92481,44531,47950,105691,50872,54819,92477,44611,47866,52841,25444,27397,13211,6222,6989,
66080,52853,25481,27372,92488,44536,47952,105699,50874,54825,92484,44613,47871,52845,25445,27400,13212,6223,6989,
66085,52857,25482,27375,92495,44538,47957,105707,50878,54829,92491,44617,47874,52849,25446,27403,13213,6223,6990,
66090,52861,25484,27377,92502,44540,47962,105715,50881,54834,92498,44621,47877,52853,25449,27404,13214,6224,6990,
66095,52865,25486,27379,92509,44543,47966,105723,50885,54838,92505,44624,47881,52857,25451,27406,13215,6225,6990,
66100,52869,25486,27383,92516,44546,47970,105731,50891,54840,92512,44627,47885,52861,25453,27408,13216,6226,6990,
66105,52873,25489,27384,92523,44548,47975,105739,50892,54847,92519,44630,47889,52865,25454,27411,13217,6226,6991,
66110,52877,25490,27387,92530,44552,47978,105747,50896,54851,92526,44636,47890,52869,25455,27414,13218,6227,6991,
66115,52881,25491,27390,92537,44553,47984,105755,50898,54857,92533,44639,47894,52873,25457,27416,13219,6228,6991,
66120,52885,25492,27393,92544,44560,47984,105763,50902,54861,92540,44644,47896,52877,25459,27418,13220,6229,6991,
66125,52889,25495,27394,92551,44563,47988,105771,50903,54868,92547,44647,47900,52881,25459,27422,13221,6230,6991,
66130,52893,25496,27397,92558,44568,47990,105779,50908,54871,92554,44648,47906,52885,25460,27425,13222,6231,6991,
66135,52897,25497,27400,92565,44570,47995,105787,50913,54874,92561,44652,47909,52889,25464,27425,13223,6231,6992,
66140,52901,25499,27402,92572,44575,47997,105795,50916,54879,92568,44656,47912,52893,25468,27425,13224,6232,6992,
66145,52905,25501,27404,92579,44578,48001,105803,50920,54883,92575,44660,47915,52897,25472,27425,13225,6233,6992,
66150,52909,25503,27406,92586,44581,48005,105811,50923,54888,92582,44663,47919,52901,25475,27426,13226,6234,6992,
66155,52913,25504,27409,92593,44584,48009,105819,50929,54890,92589,44665,47924,52905,25477,27428,13227,6235,6992,
66160,52917,25506,27411,92600,44588,48012,105827,50934,54893,92596,44669,47927,52909,25480,27429,13228,6235,6993,
66165,52921,25508,27413,92607,44591,48016,105835,50938,54897,92603,44673,47930,52913,25481,27432,13229,6236,6993,
66170,52925,25511,27414,92614,44595,48019,105843,50943,54900,92610,44677,47933,52917,25483,27434,13230,6236,6994,
66175,52929,25514,27415,92621,44597,48024,105851,50945,54906,92617,44681,47936,52921,25487,27434,13231,6236,6995,
66180,52933,25516,27417,92628,44602,48026,105859,50950,54909,92624,44683,47941,52925,25489,27436,13232,6236,6996,
66185,52937,25516,27421,92635,44605,48030,105867,50951,54916,92631,44686,47945,52929,25491,27438,13233,6236,6997,
66190,52941,25517,27424,92642,44608,48034,105875,50954,54921,92638,44689,47949,52933,25492,27441,13234,6236,6998,
66195,52945,25518,27427,92649,44612,48037,105883,50957,54926,92645,44693,47952,52937,25494,27443,13235,6237,6998,
66200,52949,25519,27430,92656,44616,48040,105891,50961,54930,92652,44696,47956,52941,25497,27444,13236,6237,6999,
66205,52953,25522,27431,92663,44619,48044,105899,50966,54933,92659,44699,47960,52945,25500,27445,13237,6237,7000,
66210,52957,25524,27433,92670,44623,48047,105907,50968,54939,92666,44700,47966,52949,25502,27447,13238,6237,7001,
66215,52961,25526,27435,92677,44627,48050,105915,50973,54942,92673,44702,47971,52953,25502,27451,13239,6237,7002,
66220,52965,25529,27436,92684,44631,48053,105923,50976,54947,92680,44704,47976,52957,25504,27453,13240,6238,7002,
66225,52969,25531,27438,92691,44635,48056,105931,50981,54950,92687,44706,47981,52961,25505,27456,13241,6239,7002,
66230,52973,25532,27441,92698,44636,48062,105939,50987,54952,92694,44708,47986,52965,25505,27460,13242,6240,7002,
66235,52977,25535,27442,92705,44637,48068,105947,50991,54956,92701,44710,47991,52969,25507,27462,13243,6240,7003,
66240,52981,25536,27445,92712,44641,48071,105955,50996,54959,92708,44712,47996,52973,25509,27464,13244,6240,7004,
66245,52985,25537,27448,92719,44644,48075,105963,51000,54963,92715,44714,48001,52977,25509,27468,13245,6241,7004,
66250,52989,25540,27449,92726,44647,48079,105971,51003,54968,92722,44716,48006,52981,25512,27469,13246,6241,7005,
66255,52993,25543,27450,92733,44651,48082,105979,51004,54975,92729,44719,48010,52985,25512,27473,13247,6242,7005,
66260,52997,25545,27452,92740,44653,48087,105987,51005,54982,92736,44721,48015,52989,25514,27475,13248,6243,7005,
66265,53001,25548,27453,92747,44656,48091,105995,51008,54987,92743,44722,48021,52993,25515,27478,13249,6244,7005,
66270,53005,25549,27456,92754,44659,48095,106003,51011,54992,92750,44726,48024,52997,25517,27480,13250,6244,7006,
66275,53009,25549,27460,92761,44663,48098,106011,51012,54999,92757,44729,48028,53001,25519,27482,13251,6244,7007,
66280,53013,25550,27463,92768,44666,48102,106019,51016,55003,92764,44732,48032,53005,25520,27485,13252,6245,7007,
66285,53017,25550,27467,92775,44669,48106,106027,51021,55006,92771,44734,48037,53009,25522,27487,13253,6246,7007,
66290,53021,25551,27470,92782,44671,48111,106035,51025,55010,92778,44739,48039,53013,25524,27489,13254,6246,7008,
66295,53025,25553,27472,92789,44675,48114,106043,51029,55014,92785,44743,48042,53017,25528,27489,13255,6246,7009,
66300,53029,25554,27475,92796,44680,48116,106051,51033,55018,92792,44748,48044,53021,25528,27493,13256,6246,7010,
66305,53033,25557,27476,92803,44685,48118,106059,51038,55021,92799,44752,48047,53025,25531,27494,13257,6247,7010,
66310,53037,25559,27478,92810,44690,48120,106067,51042,55025,92806,44753,48053,53029,25532,27497,13258,6248,7010,
66315,53041,25561,27480,92817,44692,48125,106075,51045,55030,92813,44755,48058,53033,25534,27499,13259,6248,7011,
66320,53045,25563,27482,92824,44693,48131,106083,51048,55035,92820,44759,48061,53037,25536,27501,13260,6248,7012,
66325,53049,25566,27483,92831,44699,48132,106091,51051,55040,92827,44762,48065,53041,25538,27503,13261,6248,7013,
66330,53053,25568,27485,92838,44701,48137,106099,51054,55045,92834,44765,48069,53045,25539,27506,13262,6248,7014,
66335,53057,25570,27487,92845,44704,48141,106107,51059,55048,92841,44767,48074,53049,25541,27508,13263,6249,7014,
66340,53061,25571,27490,92852,44709,48143,106115,51063,55052,92848,44770,48078,53053,25543,27510,13264,6250,7014,
66345,53065,25573,27492,92859,44714,48145,106123,51066,55057,92855,44772,48083,53057,25546,27511,13265,6251,7014,
66350,53069,25577,27492,92866,44716,48150,106131,51069,55062,92862,44775,48087,53061,25550,27511,13266,6251,7015,
66355,53073,25578,27495,92873,44720,48153,106139,51073,55066,92869,44777,48092,53065,25553,27512,13267,6251,7016,
66360,53077,25579,27498,92880,44723,48157,106147,51075,55072,92876,44778,48098,53069,25556,27513,13268,6252,7016,
66365,53081,25580,27501,92887,44726,48161,106155,51080,55075,92883,44780,48103,53073,25559,27514,13269,6252,7017,
66370,53085,25583,27502,92894,44729,48165,106163,51084,55079,92890,44783,48107,53077,25560,27517,13270,6252,7018,
66375,53089,25586,27503,92901,44731,48170,106171,51087,55084,92897,44786,48111,53081,25562,27519,13271,6253,7018,
66380,53093,25589,27504,92908,44733,48175,106179,51090,55089,92904,44790,48114,53085,25564,27521,13272,6254,7018,
66385,53097,25593,27504,92915,44735,48180,106187,51092,55095,92911,44794,48117,53089,25565,27524,13273,6254,7019,
66390,53101,25595,27506,92922,44739,48183,106195,51095,55100,92918,44798,48120,53093,25569,27524,13274,6255,7019,
66395,53105,25598,27507,92929,44744,48185,106203,51098,55105,92925,44799,48126,53097,25570,27527,13275,6255,7020,
66400,53109,25601,27508,92936,44746,48190,106211,51101,55110,92932,44803,48129,53101,25572,27529,13276,6255,7021,
66405,53113,25604,27509,92943,44747,48196,106219,51107,55112,92939,44807,48132,53105,25573,27532,13277,6256,7021,
66410,53117,25607,27510,92950,44749,48201,106227,51113,55114,92946,44809,48137,53109,25577,27532,13278,6256,7022,
66415,53121,25609,27512,92957,44752,48205,106235,51117,55118,92953,44812,48141,53113,25578,27535,13279,6257,7022,
66420,53125,25612,27513,92964,44755,48209,106243,51123,55120,92960,44817,48143,53117,25580,27537,13280,6258,7022,
66425,53129,25612,27517,92971,44759,48212,106251,51124,55127,92967,44819,48148,53121,25582,27539,13281,6259,7022,
66430,53133,25613,27520,92978,44763,48215,106259,51127,55132,92974,44822,48152,53125,25584,27541,13282,6260,7022,
66435,53137,25616,27521,92985,44767,48218,106267,51131,55136,92981,44826,48155,53129,25586,27543,13283,6260,7023,
66440,53141,25618,27523,92992,44769,48223,106275,51136,55139,92988,44830,48158,53133,25587,27546,13284,6260,7024,
66445,53145,25620,27525,92999,44772,48227,106283,51138,55145,92995,44833,48162,53137,25588,27549,13285,6260,7025,
66450,53149,25622,27527,93006,44777,48229,106291,51142,55149,93002,44838,48164,53141,25591,27550,13286,6261,7025,
66455,53153,25624,27529,93013,44779,48234,106299,51146,55153,93009,44843,48166,53145,25593,27552,13287,6262,7025,
66460,53157,25627,27530,93020,44784,48236,106307,51151,55156,93016,44847,48169,53149,25594,27555,13288,6262,7026,
66465,53161,25629,27532,93027,44787,48240,106315,51154,55161,93023,44851,48172,53153,25595,27558,13289,6262,7027,
66470,53165,25631,27534,93034,44791,48243,106323,51156,55167,93030,44852,48178,53157,25597,27560,13290,6263,7027,
66475,53169,25633,27536,93041,44798,48243,106331,51160,55171,93037,44857,48180,53161,25599,27562,13291,6264,7027,
66480,53173,25635,27538,93048,44801,48247,106339,51165,55174,93044,44861,48183,53165,25602,27563,13292,6265,7027,
66485,53177,25637,27540,93055,44803,48252,106347,51169,55178,93051,44866,48185,53169,25603,27566,13293,6265,7028,
66490,53181,25639,27542,93062,44807,48255,106355,51172,55183,93058,44869,48189,53173,25605,27568,13294,6265,7029,
66495,53185,25643,27542,93069,44811,48258,106363,51175,55188,93065,44872,48193,53177,25606,27571,13295,6266,7029,
66500,53189,25645,27544,93076,44815,48261,106371,51176,55195,93072,44875,48197,53181,25607,27574,13296,6267,7029,
66505,53193,25647,27546,93083,44820,48263,106379,51182,55197,93079,44879,48200,53185,25611,27574,13297,6267,7030,
66510,53197,25649,27548,93090,44824,48266,106387,51186,55201,93086,44882,48204,53189,25613,27576,13298,6267,7031,
66515,53201,25649,27552,93097,44827,48270,106395,51187,55208,93093,44887,48206,53193,25613,27580,13299,6267,7032,
66520,53205,25652,27553,93104,44831,48273,106403,51190,55213,93100,44890,48210,53197,25615,27582,13300,6268,7032,
66525,53209,25655,27554,93111,44835,48276,106411,51194,55217,93107,44893,48214,53201,25616,27585,13301,6268,7033,
66530,53213,25658,27555,93118,44840,48278,106419,51198,55221,93114,44897,48217,53205,25619,27586,13302,6269,7033,
66535,53217,25662,27555,93125,44842,48283,106427,51201,55226,93121,44903,48218,53209,25621,27588,13303,6269,7034,
66540,53221,25665,27556,93132,44846,48286,106435,51203,55232,93128,44907,48221,53213,25622,27591,13304,6270,7034,
66545,53225,25666,27559,93139,44848,48291,106443,51206,55237,93135,44912,48223,53217,25623,27594,13305,6271,7034,
66550,53229,25667,27562,93146,44852,48294,106451,51209,55242,93142,44917,48225,53221,25626,27595,13306,6272,7034,
66555,53233,25671,27562,93153,44856,48297,106459,51214,55245,93149,44921,48228,53225,25627,27598,13307,6272,7035,
66560,53237,25672,27565,93160,44860,48300,106467,51219,55248,93156,44924,48232,53229,25628,27601,13308,6273,7035,
66565,53241,25674,27567,93167,44863,48304,106475,51224,55251,93163,44927,48236,53233,25629,27604,13309,6274,7035,
66570,53245,25676,27569,93174,44866,48308,106483,51229,55254,93170,44931,48239,53237,25630,27607,13310,6274,7036,
66575,53249,25677,27572,93181,44868,48313,106491,51235,55256,93177,44935,48242,53241,25631,27610,13311,6275,7036,
66580,53253,25678,27575,93188,44873,48315,106499,51241,55258,93184,44939,48245,53245,25634,27611,13312,6275,7037,
66585,53257,25679,27578,93195,44875,48320,106507,51245,55262,93191,44943,48248,53249,25637,27612,13313,6275,7038,
66590,53261,25681,27580,93202,44878,48324,106515,51249,55266,93198,44944,48254,53253,25637,27616,13314,6276,7038,
66595,53265,25684,27581,93209,44882,48327,106523,51252,55271,93205,44948,48257,53257,25639,27618,13315,6276,7039,
66600,53269,25686,27583,93216,44888,48328,106531,51254,55277,93212,44951,48261,53261,25640,27621,13316,6276,7040,
66605,53273,25687,27586,93223,44891,48332,106539,51258,55281,93219,44952,48267,53265,25642,27623,13317,6276,7041,
66610,53277,25689,27588,93230,44895,48335,106547,51260,55287,93226,44955,48271,53269,25643,27626,13318,6276,7042,
66615,53281,25691,27590,93237,44900,48337,106555,51265,55290,93233,44957,48276,53273,25645,27628,13319,6277,7042,
66620,53285,25692,27593,93244,44904,48340,106563,51266,55297,93240,44960,48280,53277,25647,27630,13320,6277,7043,
66625,53289,25694,27595,93251,44905,48346,106571,51268,55303,93247,44965,48282,53281,25648,27633,13321,6278,7043,
66630,53293,25695,27598,93258,44910,48348,106579,51273,55306,93254,44968,48286,53285,25650,27635,13322,6279,7043,
66635,53297,25697,27600,93265,44911,48354,106587,51275,55312,93261,44972,48289,53289,25651,27638,13323,6279,7044,
66640,53301,25700,27601,93272,44914,48358,106595,51278,55317,93268,44975,48293,53293,25654,27639,13324,6279,7045,
66645,53305,25702,27603,93279,44916,48363,106603,51281,55322,93275,44978,48297,53297,25654,27643,13325,6279,7046,
66650,53309,25704,27605,93286,44919,48367,106611,51284,55327,93282,44982,48300,53301,25656,27645,13326,6280,7046,
66655,53313,25706,27607,93293,44923,48370,106619,51288,55331,93289,44986,48303,53305,25659,27646,13327,6281,7046,
66660,53317,25710,27607,93300,44926,48374,106627,51289,55338,93296,44989,48307,53309,25661,27648,13328,6281,7047,
66665,53321,25711,27610,93307,44929,48378,106635,51295,55340,93303,44992,48311,53313,25663,27650,13329,6282,7047,
66670,53325,25713,27612,93314,44931,48383,106643,51297,55346,93310,44994,48316,53317,25664,27653,13330,6283,7047,
66675,53329,25716,27613,93321,44935,48386,106651,51301,55350,93317,44998,48319,53321,25668,27653,13331,6283,7048,
66680,53333,25719,27614,93328,44940,48388,106659,51305,55354,93324,45000,48324,53325,25669,27656,13332,6283,7049,
66685,53337,25719,27618,93335,44944,48391,106667,51308,55359,93331,45001,48330,53329,25670,27659,13333,6283,7050,
66690,53341,25721,27620,93342,44948,48394,106675,51313,55362,93338,45005,48333,53333,25671,27662,13334,6283,7051,
66695,53345,25723,27622,93349,44953,48396,106683,51315,55368,93345,45008,48337,53337,25673,27664,13335,6284,7051,
66700,53349,25724,27625,93356,44957,48399,106691,51317,55374,93352,45009,48343,53341,25675,27666,13336,6284,7052,
66705,53353,25727,27626,93363,44957,48406,106699,51321,55378,93359,45015,48344,53345,25677,27668,13337,6284,7053,
66710,53357,25728,27629,93370,44961,48409,106707,51326,55381,93366,45019,48347,53349,25680,27669,13338,6285,7053,
66715,53361,25731,27630,93377,44964,48413,106715,51330,55385,93373,45022,48351,53353,25683,27670,13339,6286,7053,
66720,53365,25732,27633,93384,44968,48416,106723,51333,55390,93380,45027,48353,53357,25685,27672,13340,6286,7054,
66725,53369,25733,27636,93391,44972,48419,106731,51336,55395,93387,45029,48358,53361,25686,27675,13341,6287,7054,
66730,53373,25735,27638,93398,44975,48423,106739,51340,55399,93394,45032,48362,53365,25687,27678,13342,6288,7054,
66735,53377,25738,27639,93405,44977,48428,106747,51345,55402,93401,45033,48368,53369,25687,27682,13343,6288,7055,
66740,53381,25741,27640,93412,44980,48432,106755,51347,55408,93408,45035,48373,53373,25689,27684,13344,6289,7055,
66745,53385,25743,27642,93419,44983,48436,106763,51349,55414,93415,45039,48376,53377,25692,27685,13345,6289,7056,
66750,53389,25747,27642,93426,44984,48442,106771,51354,55417,93422,45042,48380,53381,25693,27688,13346,6289,7057,
66755,53393,25747,27646,93433,44990,48443,106779,51358,55421,93429,45045,48384,53385,25697,27688,13347,6290,7057,
66760,53397,25749,27648,93440,44993,48447,106787,51359,55428,93436,45049,48387,53389,25700,27689,13348,6290,7058,
66765,53401,25751,27650,93447,44999,48448,106795,51362,55433,93443,45051,48392,53393,25703,27690,13349,6291,7058,
66770,53405,25753,27652,93454,45001,48453,106803,51368,55435,93450,45058,48392,53397,25704,27693,13350,6292,7058,
66775,53409,25754,27655,93461,45003,48458,106811,51371,55440,93457,45064,48393,53401,25708,27693,13351,6292,7059,
66780,53413,25754,27659,93468,45008,48460,106819,51375,55444,93464,45068,48396,53405,25710,27695,13352,6292,7060,
66785,53417,25755,27662,93475,45011,48464,106827,51379,55448,93471,45072,48399,53409,25713,27696,13353,6292,7061,
66790,53421,25757,27664,93482,45014,48468,106835,51381,55454,93478,45074,48404,53413,25713,27700,13354,6293,7061,
66795,53425,25758,27667,93489,45018,48471,106843,51388,55455,93485,45079,48406,53417,25713,27704,13355,6294,7061,
66800,53429,25761,27668,93496,45021,48475,106851,51394,55457,93492,45080,48412,53421,25714,27707,13356,6294,7062,
66805,53433,25763,27670,93503,45024,48479,106859,51399,55460,93499,45085,48414,53425,25715,27710,13357,6295,7062,
66810,53437,25764,27673,93510,45027,48483,106867,51403,55464,93506,45089,48417,53429,25715,27714,13358,6296,7062,
66815,53441,25766,27675,93517,45032,48485,106875,51405,55470,93513,45091,48422,53433,25718,27715,13359,6297,7062,
66820,53445,25769,27676,93524,45036,48488,106883,51409,55474,93520,45092,48428,53437,25720,27717,13360,6297,7063,
66825,53449,25772,27677,93531,45041,48490,106891,51412,55479,93527,45095,48432,53441,25723,27718,13361,6297,7064,
66830,53453,25774,27679,93538,45044,48494,106899,51415,55484,93534,45099,48435,53445,25724,27721,13362,6297,7065,
66835,53457,25778,27679,93545,45048,48497,106907,51419,55488,93541,45102,48439,53449,25727,27722,13363,6298,7065,
66840,53461,25782,27679,93552,45053,48499,106915,51422,55493,93548,45105,48443,53453,25728,27725,13364,6299,7065,
66845,53465,25782,27683,93559,45057,48502,106923,51424,55499,93555,45109,48446,53457,25730,27727,13365,6300,7065,
66850,53469,25783,27686,93566,45061,48505,106931,51427,55504,93562,45114,48448,53461,25732,27729,13366,6301,7065,
66855,53473,25784,27689,93573,45065,48508,106939,51430,55509,93569,45118,48451,53465,25735,27730,13367,6302,7065,
66860,53477,25785,27692,93580,45069,48511,106947,51434,55513,93576,45121,48455,53469,25737,27732,13368,6303,7065,
66865,53481,25787,27694,93587,45072,48515,106955,51436,55519,93583,45122,48461,53473,25740,27733,13369,6303,7066,
66870,53485,25789,27696,93594,45076,48518,106963,51439,55524,93590,45123,48467,53477,25742,27735,13370,6303,7067,
66875,53489,25791,27698,93601,45080,48521,106971,51444,55527,93597,45125,48472,53481,25745,27736,13371,6303,7068,
66880,53493,25793,27700,93608,45082,48526,106979,51447,55532,93604,45127,48477,53485,25749,27736,13372,6303,7069,
66885,53497,25796,27701,93615,45087,48528,106987,51451,55536,93611,45130,48481,53489,25752,27737,13373,6304,7069,
66890,53501,25797,27704,93622,45089,48533,106995,51455,55540,93618,45136,48482,53493,25755,27738,13374,6305,7069,
66895,53505,25797,27708,93629,45095,48534,107003,51459,55544,93625,45141,48484,53497,25758,27739,13375,6306,7069,
66900,53509,25800,27709,93636,45099,48537,107011,51465,55546,93632,45145,48487,53501,25759,27742,13376,6306,7070,
66905,53513,25802,27711,93643,45101,48542,107019,51469,55550,93639,45149,48490,53505,25762,27743,13377,6306,7071,
66910,53517,25804,27713,93650,45107,48543,107027,51476,55551,93646,45153,48493,53509,25765,27744,13378,6307,7071,
66915,53521,25806,27715,93657,45108,48549,107035,51481,55554,93653,45158,48495,53513,25766,27747,13379,6307,7072,
66920,53525,25809,27716,93664,45112,48552,107043,51484,55559,93660,45162,48498,53517,25769,27748,13380,6307,7073,
66925,53529,25811,27718,93671,45118,48553,107051,51489,55562,93667,45167,48500,53521,25772,27749,13381,6308,7073,
66930,53533,25813,27720,93678,45119,48559,107059,51492,55567,93674,45170,48504,53525,25773,27752,13382,6308,7074,
66935,53537,25815,27722,93685,45123,48562,107067,51496,55571,93681,45174,48507,53529,25775,27754,13383,6309,7074,
66940,53541,25818,27723,93692,45125,48567,107075,51498,55577,93688,45178,48510,53533,25777,27756,13384,6309,7075,
66945,53545,25818,27727,93699,45130,48569,107083,51502,55581,93695,45182,48513,53537,25780,27757,13385,6310,7075,
66950,53549,25820,27729,93706,45135,48571,107091,51507,55584,93702,45188,48514,53541,25782,27759,13386,6310,7076,
66955,53553,25821,27732,93713,45137,48576,107099,51513,55586,93709,45193,48516,53545,25784,27761,13387,6310,7077,
66960,53557,25824,27733,93720,45140,48580,107107,51519,55588,93716,45196,48520,53549,25786,27763,13388,6311,7077,
66965,53561,25827,27734,93727,45143,48584,107115,51523,55592,93723,45201,48522,53553,25790,27763,13389,6312,7077,
66970,53565,25830,27735,93734,45148,48586,107123,51527,55596,93730,45206,48524,53557,25790,27767,13390,6312,7078,
66975,53569,25831,27738,93741,45151,48590,107131,51530,55601,93737,45210,48527,53561,25793,27768,13391,6313,7078,
66980,53573,25834,27739,93748,45155,48593,107139,51534,55605,93744,45214,48530,53565,25794,27771,13392,6313,7079,
66985,53577,25836,27741,93755,45158,48597,107147,51538,55609,93751,45219,48532,53569,25797,27772,13393,6313,7080,
66990,53581,25837,27744,93762,45161,48601,107155,51544,55611,93758,45221,48537,53573,25799,27774,13394,6313,7081,
66995,53585,25838,27747,93769,45165,48604,107163,51545,55618,93765,45225,48540,53577,25800,27777,13395,6313,7082,
67000,53589,25842,27747,93776,45169,48607,107171,51550,55621,93772,45229,48543,53581,25803,27778,13396,6314,7082,
67005,53593,25844,27749,93783,45171,48612,107179,51554,55625,93779,45232,48547,53585,25805,27780,13397,6315,7082,
67010,53597,25847,27750,93790,45174,48616,107187,51558,55629,93786,45235,48551,53589,25806,27783,13398,6315,7083,
67015,53601,25849,27752,93797,45178,48619,107195,51565,55630,93793,45238,48555,53593,25807,27786,13399,6316,7083,
67020,53605,25851,27754,93804,45182,48622,107203,51569,55634,93800,45241,48559,53597,25808,27789,13400,6316,7084,
67025,53609,25852,27757,93811,45186,48625,107211,51572,55639,93807,45244,48563,53601,25810,27791,13401,6317,7084,
67030,53613,25854,27759,93818,45188,48630,107219,51573,55646,93814,45246,48568,53605,25811,27794,13402,6317,7085,
67035,53617,25855,27762,93825,45192,48633,107227,51575,55652,93821,45249,48572,53609,25812,27797,13403,6318,7085,
67040,53621,25856,27765,93832,45194,48638,107235,51578,55657,93828,45253,48575,53613,25814,27799,13404,6318,7086,
67045,53625,25857,27768,93839,45197,48642,107243,51581,55662,93835,45257,48578,53617,25815,27802,13405,6318,7087,
67050,53629,25858,27771,93846,45201,48645,107251,51586,55665,93842,45259,48583,53621,25818,27803,13406,6318,7088,
67055,53633,25860,27773,93853,45204,48649,107259,51589,55670,93849,45263,48586,53625,25820,27805,13407,6318,7089,
67060,53637,25861,27776,93860,45209,48651,107267,51592,55675,93856,45266,48590,53629,25821,27808,13408,6318,7090,
67065,53641,25862,27779,93867,45212,48655,107275,51597,55678,93863,45269,48594,53633,25824,27809,13409,6319,7090,
67070,53645,25865,27780,93874,45216,48658,107283,51601,55682,93870,45273,48597,53637,25826,27811,13410,6319,7091,
67075,53649,25868,27781,93881,45217,48664,107291,51602,55689,93877,45278,48599,53641,25829,27812,13411,6319,7092,
67080,53653,25870,27783,93888,45219,48669,107299,51608,55691,93884,45281,48603,53645,25832,27813,13412,6319,7093,
67085,53657,25871,27786,93895,45223,48672,107307,51613,55694,93891,45286,48605,53649,25835,27814,13413,6320,7093,
67090,53661,25873,27788,93902,45227,48675,107315,51617,55698,93898,45287,48611,53653,25837,27816,13414,6320,7094,
67095,53665,25874,27791,93909,45229,48680,107323,51622,55701,93905,45290,48615,53657,25839,27818,13415,6321,7094,
67100,53669,25877,27792,93916,45231,48685,107331,51627,55704,93912,45292,48620,53661,25841,27820,13416,6322,7094,
67105,53673,25878,27795,93923,45236,48687,107339,51632,55707,93919,45295,48624,53665,25845,27820,13417,6323,7094,
67110,53677,25879,27798,93930,45240,48690,107347,51636,55711,93926,45297,48629,53669,25847,27822,13418,6323,7095,
67115,53681,25880,27801,93937,45242,48695,107355,51641,55714,93933,45300,48633,53673,25850,27823,13419,6323,7096,
67120,53685,25884,27801,93944,45248,48696,107363,51647,55716,93940,45302,48638,53677,25850,27827,13420,6324,7096,
67125,53689,25885,27804,93951,45251,48700,107371,51650,55721,93947,45304,48643,53681,25851,27830,13421,6324,7097,
67130,53693,25887,27806,93958,45255,48703,107379,51655,55724,93954,45307,48647,53685,25851,27834,13422,6324,7098,
67135,53697,25889,27808,93965,45258,48707,107387,51660,55727,93961,45310,48651,53689,25852,27837,13423,6325,7098,
67140,53701,25892,27809,93972,45260,48712,107395,51662,55733,93968,45312,48656,53693,25853,27840,13424,6326,7098,
67145,53705,25893,27812,93979,45263,48716,107403,51665,55738,93975,45315,48660,53697,25855,27842,13425,6326,7099,
67150,53709,25894,27815,93986,45265,48721,107411,51669,55742,93982,45317,48665,53701,25856,27845,13426,6326,7100,
67155,53713,25897,27816,93993,45268,48725,107419,51670,55749,93989,45320,48669,53705,25856,27849,13427,6327,7100,
67160,53717,25897,27820,94000,45272,48728,107427,51672,55755,93996,45322,48674,53709,25859,27850,13428,6328,7100,
67165,53721,25897,27824,94007,45278,48729,107435,51676,55759,94003,45324,48679,53713,25860,27853,13429,6328,7101,
67170,53725,25899,27826,94014,45283,48731,107443,51680,55763,94010,45330,48680,53717,25862,27855,13430,6329,7101,
67175,53729,25900,27829,94021,45286,48735,107451,51682,55769,94017,45334,48683,53721,25864,27857,13431,6330,7101,
67180,53733,25903,27830,94028,45286,48742,107459,51687,55772,94024,45335,48689,53725,25865,27860,13432,6330,7102,
67185,53737,25904,27833,94035,45290,48745,107467,51689,55778,94031,45341,48690,53729,25866,27863,13433,6330,7103,
67190,53741,25906,27835,94042,45295,48747,107475,51692,55783,94038,45347,48691,53733,25867,27866,13434,6331,7103,
67195,53745,25908,27837,94049,45299,48750,107483,51698,55785,94045,45352,48693,53737,25869,27868,13435,6332,7103,
67200,53749,25910,27839,94056,45302,48754,107491,51699,55792,94052,45357,48695,53741,25870,27871,13436,6333,7103,
67205,53753,25912,27841,94063,45306,48757,107499,51702,55797,94059,45360,48699,53745,25874,27871,13437,6334,7103,
67210,53757,25912,27845,94070,45309,48761,107507,51706,55801,94066,45361,48705,53749,25875,27874,13438,6335,7103,
67215,53761,25915,27846,94077,45313,48764,107515,51709,55806,94073,45366,48707,53753,25877,27876,13439,6335,7104,
67220,53765,25917,27848,94084,45317,48767,107523,51712,55811,94080,45369,48711,53757,25879,27878,13440,6335,7105,
67225,53769,25918,27851,94091,45319,48772,107531,51717,55814,94087,45371,48716,53761,25882,27879,13441,6335,7106,
67230,53773,25920,27853,94098,45323,48775,107539,51719,55820,94094,45375,48719,53765,25884,27881,13442,6335,7107,
67235,53777,25923,27854,94105,45328,48777,107547,51724,55823,94101,45377,48724,53769,25884,27885,13443,6335,7108,
67240,53781,25926,27855,94112,45332,48780,107555,51730,55825,94108,45380,48728,53773,25887,27886,13444,6335,7109,
67245,53785,25927,27858,94119,45333,48786,107563,51732,55831,94115,45383,48732,53777,25890,27887,13445,6335,7110,
67250,53789,25929,27860,94126,45337,48789,107571,51734,55837,94122,45387,48735,53781,25893,27888,13446,6336,7110,
67255,53793,25931,27862,94133,45341,48792,107579,51739,55840,94129,45389,48740,53785,25895,27890,13447,6336,7111,
67260,53797,25935,27862,94140,45344,48796,107587,51744,55843,94136,45393,48743,53789,25897,27892,13448,6336,7112,
67265,53801,25938,27863,94147,45349,48798,107595,51749,55846,94143,45396,48747,53793,25899,27894,13449,6336,7113,
67270,53805,25940,27865,94154,45351,48803,107603,51756,55847,94150,45399,48751,53797,25901,27896,13450,6336,7114,
67275,53809,25942,27867,94161,45353,48808,107611,51760,55851,94157,45402,48755,53801,25904,27897,13451,6336,7115,
67280,53813,25944,27869,94168,45357,48811,107619,51764,55855,94164,45404,48760,53805,25906,27899,13452,6336,7116,
67285,53817,25945,27872,94175,45359,48816,107627,51768,55859,94171,45408,48763,53809,25907,27902,13453,6336,7117,
67290,53821,25947,27874,94182,45362,48820,107635,51771,55864,94178,45411,48767,53813,25909,27904,13454,6337,7117,
67295,53825,25950,27875,94189,45364,48825,107643,51774,55869,94185,45415,48770,53817,25910,27907,13455,6338,7117,
67300,53829,25951,27878,94196,45367,48829,107651,51778,55873,94192,45417,48775,53821,25911,27910,13456,6339,7117,
67305,53833,25952,27881,94203,45369,48834,107659,51781,55878,94199,45420,48779,53825,25911,27914,13457,6339,7118,
67310,53837,25953,27884,94210,45374,48836,107667,51783,55884,94206,45422,48784,53829,25913,27916,13458,6340,7118,
67315,53841,25954,27887,94217,45378,48839,107675,51786,55889,94213,45428,48785,53833,25915,27918,13459,6341,7118,
67320,53845,25955,27890,94224,45384,48840,107683,51790,55893,94220,45433,48787,53837,25917,27920,13460,6342,7118,
67325,53849,25957,27892,94231,45389,48842,107691,51793,55898,94227,45436,48791,53841,25918,27923,13461,6342,7119,
67330,53853,25959,27894,94238,45395,48843,107699,51798,55901,94234,45441,48793,53845,25918,27927,13462,6343,7119,
67335,53857,25960,27897,94245,45400,48845,107707,51801,55906,94241,45443,48798,53849,25919,27930,13463,6344,7119,
67340,53861,25962,27899,94252,45402,48850,107715,51806,55909,94248,45448,48800,53853,25922,27931,13464,6344,7120,
67345,53865,25963,27902,94259,45404,48855,107723,51809,55914,94255,45452,48803,53857,25924,27933,13465,6345,7120,
67350,53869,25966,27903,94266,45407,48859,107731,51813,55918,94262,45457,48805,53861,25926,27935,13466,6345,7121,
67355,53873,25968,27905,94273,45412,48861,107739,51815,55924,94269,45461,48808,53865,25927,27938,13467,6345,7122,
67360,53877,25969,27908,94280,45414,48866,107747,51818,55929,94276,45466,48810,53869,25928,27941,13468,6345,7123,
67365,53881,25970,27911,94287,45417,48870,107755,51824,55931,94283,45470,48813,53873,25929,27944,13469,6345,7124,
67370,53885,25973,27912,94294,45420,48874,107763,51828,55935,94290,45474,48816,53877,25932,27945,13470,6345,7125,
67375,53889,25973,27916,94301,45423,48878,107771,51830,55941,94297,45478,48819,53881,25933,27948,13471,6345,7126,
67380,53893,25975,27918,94308,45426,48882,107779,51833,55946,94304,45479,48825,53885,25936,27949,13472,6345,7127,
67385,53897,25978,27919,94315,45431,48884,107787,51837,55950,94311,45481,48830,53889,25937,27952,13473,6345,7128,
67390,53901,25980,27921,94322,45432,48890,107795,51839,55956,94318,45483,48835,53893,25938,27955,13474,6346,7128,
67395,53905,25982,27923,94329,45434,48895,107803,51842,55961,94325,45487,48838,53897,25940,27957,13475,6347,7128,
67400,53909,25983,27926,94336,45435,48901,107811,51845,55966,94332,45492,48840,53901,25944,27957,13476,6348,7128,
67405,53913,25986,27927,94343,45438,48905,107819,51852,55967,94339,45496,48843,53905,25945,27960,13477,6349,7128,
67410,53917,25986,27931,94350,45442,48908,107827,51856,55971,94346,45501,48845,53909,25948,27961,13478,6350,7128,
67415,53921,25988,27933,94357,45445,48912,107835,51860,55975,94353,45506,48847,53913,25948,27965,13479,6350,7129,
67420,53925,25990,27935,94364,45447,48917,107843,51862,55981,94360,45508,48852,53917,25951,27966,13480,6351,7129,
67425,53929,25994,27935,94371,45450,48921,107851,51865,55986,94367,45512,48855,53921,25953,27968,13481,6352,7129,
67430,53933,25996,27937,94378,45453,48925,107859,51868,55991,94374,45515,48859,53925,25955,27970,13482,6353,7129,
67435,53937,25997,27940,94385,45457,48928,107867,51874,55993,94381,45520,48861,53929,25956,27973,13483,6354,7129,
67440,53941,25998,27943,94392,45460,48932,107875,51879,55996,94388,45525,48863,53933,25956,27977,13484,6354,7130,
67445,53945,25999,27946,94399,45463,48936,107883,51883,56000,94395,45528,48867,53937,25956,27981,13485,6354,7131,
67450,53949,26003,27946,94406,45468,48938,107891,51888,56003,94402,45533,48869,53941,25958,27983,13486,6355,7131,
67455,53953,26004,27949,94413,45468,48945,107899,51890,56009,94409,45538,48871,53945,25958,27987,13487,6355,7132,
67460,53957,26006,27951,94420,45469,48951,107907,51896,56011,94416,45540,48876,53949,25961,27988,13488,6356,7132,
67465,53961,26008,27953,94427,45474,48953,107915,51900,56015,94423,45541,48882,53953,25961,27992,13489,6357,7132,
67470,53965,26011,27954,94434,45476,48958,107923,51905,56018,94430,45543,48887,53957,25963,27994,13490,6357,7133,
67475,53969,26013,27956,94441,45479,48962,107931,51910,56021,94437,45544,48893,53961,25965,27996,13491,6357,7134,
67480,53973,26017,27956,94448,45481,48967,107939,51914,56025,94444,45549,48895,53965,25966,27999,13492,6357,7135,
67485,53977,26018,27959,94455,45483,48972,107947,51919,56028,94451,45551,48900,53969,25967,28002,13493,6358,7135,
67490,53981,26019,27962,94462,45490,48972,107955,51923,56032,94458,45554,48904,53973,25969,28004,13494,6358,7136,
67495,53985,26020,27965,94469,45494,48975,107963,51929,56034,94465,45558,48907,53977,25972,28005,13495,6358,7137,
67500,53989,26022,27967,94476,45497,48979,107971,51933,56038,94472,45561,48911,53981,25975,28006,13496,6359,7137,
67505,53993,26023,27970,94483,45501,48982,107979,51936,56043,94479,45567,48912,53985,25977,28008,13497,6359,7138,
67510,53997,26026,27971,94490,45504,48986,107987,51942,56045,94486,45571,48915,53989,25979,28010,13498,6359,7139,
67515,54001,26028,27973,94497,45510,48987,107995,51944,56051,94493,45575,48918,53993,25980,28013,13499,6359,7140,
67520,54005,26031,27974,94504,45513,48991,108003,51946,56057,94500,45579,48921,53997,25983,28014,13500,6359,7141,
67525,54009,26032,27977,94511,45517,48994,108011,51947,56064,94507,45582,48925,54001,25985,28016,13501,6359,7142,
67530,54013,26035,27978,94518,45520,48998,108019,51950,56069,94514,45583,48931,54005,25986,28019,13502,6359,7143,
67535,54017,26036,27981,94525,45525,49000,108027,51955,56072,94521,45585,48936,54009,25990,28019,13503,6359,7144,
67540,54021,26037,27984,94532,45527,49005,108035,51958,56077,94528,45588,48940,54013,25992,28021,13504,6359,7145,
67545,54025,26040,27985,94539,45531,49008,108043,51964,56079,94535,45592,48943,54017,25994,28023,13505,6360,7145,
67550,54029,26043,27986,94546,45534,49012,108051,51967,56084,94542,45596,48946,54021,25996,28025,13506,6360,7146,
67555,54033,26046,27987,94553,45538,49015,108059,51970,56089,94549,45599,48950,54025,25998,28027,13507,6361,7146,
67560,54037,26048,27989,94560,45542,49018,108067,51974,56093,94556,45604,48952,54029,26001,28028,13508,6362,7146,
67565,54041,26051,27990,94567,45547,49020,108075,51978,56097,94563,45607,48956,54033,26003,28030,13509,6363,7146,
67570,54045,26051,27994,94574,45550,49024,108083,51981,56102,94570,45612,48958,54037,26006,28031,13510,6363,7147,
67575,54049,26053,27996,94581,45554,49027,108091,51985,56106,94577,45615,48962,54041,26006,28035,13511,6364,7147,
67580,54053,26054,27999,94588,45558,49030,108099,51989,56110,94584,45620,48964,54045,26009,28036,13512,6364,7148,
67585,54057,26056,28001,94595,45560,49035,108107,51993,56114,94591,45623,48968,54049,26013,28036,13513,6365,7148,
67590,54061,26059,28002,94602,45562,49040,108115,51998,56117,94598,45626,48972,54053,26015,28038,13514,6365,7149,
67595,54065,26062,28003,94609,45566,49043,108123,52000,56123,94605,45629,48976,54057,26017,28040,13515,6365,7150,
67600,54069,26063,28006,94616,45570,49046,108131,52003,56128,94612,45633,48979,54061,26019,28042,13516,6365,7151,
67605,54073,26064,28009,94623,45571,49052,108139,52007,56132,94619,45638,48981,54065,26020,28045,13517,6365,7152,
67610,54077,26066,28011,94630,45576,49054,108147,52010,56137,94626,45642,48984,54069,26022,28047,13518,6365,7153,
67615,54081,26069,28012,94637,45578,49059,108155,52013,56142,94633,45645,48988,54073,26025,28048,13519,6365,7154,
67620,54085,26071,28014,94644,45581,49063,108163,52018,56145,94640,45646,48994,54077,26028,28049,13520,6365,7155,
67625,54089,26073,28016,94651,45584,49067,108171,52020,56151,94647,45649,48998,54081,26030,28051,13521,6366,7155,
67630,54093,26074,28019,94658,45587,49071,108179,52022,56157,94654,45652,49002,54085,26032,28053,13522,6367,7155,
67635,54097,26075,28022,94665,45590,49075,108187,52030,56157,94661,45655,49006,54089,26036,28053,13523,6367,7156,
67640,54101,26077,28024,94672,45593,49079,108195,52033,56162,94668,45659,49009,54093,26038,28055,13524,6368,7156,
67645,54105,26079,28026,94679,45594,49085,108203,52038,56165,94675,45664,49011,54097,26040,28057,13525,6368,7157,
67650,54109,26080,28029,94686,45599,49087,108211,52043,56168,94682,45666,49016,54101,26041,28060,13526,6369,7157,
67655,54113,26083,28030,94693,45604,49089,108219,52047,56172,94689,45670,49019,54105,26045,28060,13527,6370,7157,
67660,54117,26084,28033,94700,45607,49093,108227,52052,56175,94696,45673,49023,54109,26046,28063,13528,6370,7158,
67665,54121,26085,28036,94707,45609,49098,108235,52056,56179,94703,45678,49025,54113,26047,28066,13529,6370,7159,
67670,54125,26087,28038,94714,45613,49101,108243,52059,56184,94710,45682,49028,54117,26051,28066,13530,6370,7160,
67675,54129,26090,28039,94721,45617,49104,108251,52065,56186,94717,45686,49031,54121,26051,28070,13531,6371,7160,
67680,54133,26093,28040,94728,45619,49109,108259,52068,56191,94724,45689,49035,54125,26053,28072,13532,6371,7161,
67685,54137,26094,28043,94735,45624,49111,108267,52072,56195,94731,45691,49040,54129,26054,28075,13533,6371,7162,
67690,54141,26096,28045,94742,45626,49116,108275,52076,56199,94738,45694,49044,54133,26056,28077,13534,6371,7163,
67695,54145,26097,28048,94749,45628,49121,108283,52079,56204,94745,45697,49048,54137,26056,28081,13535,6372,7163,
67700,54149,26100,28049,94756,45631,49125,108291,52083,56208,94752,45702,49050,54141,26058,28083,13536,6372,7164,
67705,54153,26100,28053,94763,45633,49130,108299,52087,56212,94759,45705,49054,54145,26059,28086,13537,6373,7164,
67710,54157,26102,28055,94770,45638,49132,108307,52091,56216,94766,45708,49058,54149,26060,28089,13538,6373,7165,
67715,54161,26104,28057,94777,45641,49136,108315,52094,56221,94773,45709,49064,54153,26062,28091,13539,6373,7166,
67720,54165,26106,28059,94784,45644,49140,108323,52098,56225,94780,45711,49069,54157,26063,28094,13540,6374,7166,
67725,54169,26109,28060,94791,45649,49142,108331,52103,56228,94787,45714,49073,54161,26064,28097,13541,6374,7167,
67730,54173,26112,28061,94798,45653,49145,108339,52105,56234,94794,45719,49075,54165,26065,28100,13542,6374,7168,
67735,54177,26112,28065,94805,45658,49147,108347,52105,56242,94801,45723,49078,54169,26067,28102,13543,6375,7168,
67740,54181,26114,28067,94812,45660,49152,108355,52108,56247,94808,45726,49082,54173,26069,28104,13544,6375,7169,
67745,54185,26117,28068,94819,45664,49155,108363,52110,56253,94815,45728,49087,54177,26071,28106,13545,6375,7170,
67750,54189,26118,28071,94826,45667,49159,108371,52114,56257,94822,45731,49091,54181,26075,28106,13546,6375,7171,
67755,54193,26119,28074,94833,45670,49163,108379,52117,56262,94829,45737,49092,54185,26077,28108,13547,6376,7171,
67760,54197,26121,28076,94840,45674,49166,108387,52122,56265,94836,45739,49097,54189,26078,28111,13548,6376,7172,
67765,54201,26121,28080,94847,45675,49172,108395,52127,56268,94843,45742,49101,54193,26081,28112,13549,6376,7173,
67770,54205,26124,28081,94854,45677,49177,108403,52130,56273,94850,45743,49107,54197,26084,28113,13550,6376,7174,
67775,54209,26124,28085,94861,45679,49182,108411,52134,56277,94857,45747,49110,54201,26087,28114,13551,6376,7175,
67780,54213,26126,28087,94868,45683,49185,108419,52140,56279,94864,45750,49114,54205,26089,28116,13552,6377,7175,
67785,54217,26128,28089,94875,45687,49188,108427,52142,56285,94871,45755,49116,54209,26091,28118,13553,6377,7176,
67790,54221,26131,28090,94882,45690,49192,108435,52146,56289,94878,45759,49119,54213,26094,28119,13554,6378,7176,
67795,54225,26134,28091,94889,45694,49195,108443,52150,56293,94885,45761,49124,54217,26098,28119,13555,6378,7177,
67800,54229,26134,28095,94896,45697,49199,108451,52155,56296,94892,45764,49128,54221,26099,28122,13556,6378,7178,
67805,54233,26135,28098,94903,45701,49202,108459,52160,56299,94899,45768,49131,54225,26103,28122,13557,6379,7178,
67810,54237,26135,28102,94910,45705,49205,108467,52164,56303,94906,45771,49135,54229,26106,28123,13558,6379,7179,
67815,54241,26136,28105,94917,45708,49209,108475,52170,56305,94913,45776,49137,54233,26107,28126,13559,6380,7179,
67820,54245,26138,28107,94924,45711,49213,108483,52172,56311,94920,45779,49141,54237,26109,28128,13560,6380,7180,
67825,54249,26139,28110,94931,45716,49215,108491,52177,56314,94927,45781,49146,54241,26111,28130,13561,6381,7180,
67830,54253,26140,28113,94938,45719,49219,108499,52181,56318,94934,45783,49151,54245,26113,28132,13562,6381,7181,
67835,54257,26141,28116,94945,45722,49223,108507,52184,56323,94941,45785,49156,54249,26114,28135,13563,6382,7181,
67840,54261,26142,28119,94952,45726,49226,108515,52187,56328,94948,45788,49160,54253,26116,28137,13564,6382,7182,
67845,54265,26144,28121,94959,45728,49231,108523,52192,56331,94955,45792,49163,54257,26117,28140,13565,6383,7182,
67850,54269,26145,28124,94966,45730,49236,108531,52198,56333,94962,45795,49167,54261,26117,28144,13566,6384,7182,
67855,54273,26148,28125,94973,45733,49240,108539,52201,56338,94969,45798,49171,54265,26119,28146,13567,6384,7183,
67860,54277,26151,28126,94980,45736,49244,108547,52206,56341,94976,45803,49173,54269,26121,28148,13568,6385,7183,
67865,54281,26153,28128,94987,45740,49247,108555,52209,56346,94983,45806,49177,54273,26124,28149,13569,6385,7184,
67870,54285,26156,28129,94994,45743,49251,108563,52212,56351,94990,45809,49181,54277,26127,28150,13570,6385,7185,
67875,54289,26156,28133,95001,45748,49253,108571,52215,56356,94997,45812,49185,54281,26128,28153,13571,6385,7186,
67880,54293,26158,28135,95008,45752,49256,108579,52216,56363,95004,45816,49188,54285,26129,28156,13572,6386,7186,
67885,54297,26159,28138,95015,45754,49261,108587,52222,56365,95011,45819,49192,54289,26130,28159,13573,6386,7187,
67890,54301,26162,28139,95022,45756,49266,108595,52225,56370,95018,45824,49194,54293,26132,28161,13574,6386,7188,
67895,54305,26163,28142,95029,45761,49268,108603,52227,56376,95025,45827,49198,54297,26133,28164,13575,6387,7188,
67900,54309,26166,28143,95036,45765,49271,108611,52231,56380,95032,45833,49199,54301,26136,28165,13576,6388,7188,
67905,54313,26169,28144,95043,45769,49274,108619,52236,56383,95039,45836,49203,54305,26139,28166,13577,6388,7189,
67910,54317,26171,28146,95050,45773,49277,108627,52238,56389,95046,45841,49205,54309,26142,28167,13578,6389,7189,
67915,54321,26171,28150,95057,45776,49281,108635,52241,56394,95053,45845,49208,54313,26145,28168,13579,6390,7189,
67920,54325,26173,28152,95064,45780,49284,108643,52244,56399,95060,45848,49212,54317,26147,28170,13580,6391,7189,
67925,54329,26177,28152,95071,45782,49289,108651,52246,56405,95067,45851,49216,54321,26149,28172,13581,6392,7189,
67930,54333,26179,28154,95078,45787,49291,108659,52252,56407,95074,45854,49220,54325,26151,28174,13582,6393,7189,
67935,54337,26181,28156,95085,45789,49296,108667,52254,56413,95081,45856,49225,54329,26153,28176,13583,6394,7189,
67940,54341,26184,28157,95092,45792,49300,108675,52254,56421,95088,45858,49230,54333,26155,28178,13584,6395,7189,
67945,54345,26185,28160,95099,45796,49303,108683,52258,56425,95095,45861,49234,54337,26157,28180,13585,6396,7189,
67950,54349,26187,28162,95106,45800,49306,108691,52263,56428,95102,45866,49236,54341,26158,28183,13586,6397,7189,
67955,54353,26189,28164,95113,45801,49312,108699,52265,56434,95109,45872,49237,54345,26159,28186,13587,6398,7189,
67960,54357,26192,28165,95120,45805,49315,108707,52268,56439,95116,45874,49242,54349,26162,28187,13588,6399,7189,
67965,54361,26194,28167,95127,45807,49320,108715,52272,56443,95123,45880,49243,54353,26164,28189,13589,6399,7190,
67970,54365,26196,28169,95134,45811,49323,108723,52273,56450,95130,45884,49246,54357,26166,28191,13590,6399,7191,
67975,54369,26199,28170,95141,45813,49328,108731,52276,56455,95137,45887,49250,54361,26169,28192,13591,6399,7192,
67980,54373,26200,28173,95148,45813,49335,108739,52280,56459,95144,45891,49253,54365,26171,28194,13592,6400,7192,
67985,54377,26202,28175,95155,45816,49339,108747,52285,56462,95151,45892,49259,54369,26173,28196,13593,6400,7193,
67990,54381,26205,28176,95162,45820,49342,108755,52289,56466,95158,45893,49265,54373,26175,28198,13594,6400,7194,
67995,54385,26208,28177,95169,45822,49347,108763,52292,56471,95165,45896,49269,54377,26177,28200,13595,6401,7194,
68000,54389,26210,28179,95176,45826,49350,108771,52295,56476,95172,45900,49272,54381,26179,28202,13596,6401,7195,
68005,54393,26212,28181,95183,45826,49357,108779,52298,56481,95179,45904,49275,54385,26181,28204,13597,6401,7196,
68010,54397,26213,28184,95190,45828,49362,108787,52301,56486,95186,45907,49279,54389,26183,28206,13598,6401,7197,
68015,54401,26215,28186,95197,45834,49363,108795,52305,56490,95193,45911,49282,54393,26184,28209,13599,6402,7197,
68020,54405,26217,28188,95204,45838,49366,108803,52307,56496,95200,45914,49286,54397,26187,28210,13600,6403,7197,
68025,54409,26219,28190,95211,45841,49370,108811,52309,56502,95207,45917,49290,54401,26189,28212,13601,6403,7198,
68030,54413,26221,28192,95218,45844,49374,108819,52312,56507,95214,45920,49294,54405,26190,28215,13602,6404,7198,
68035,54417,26222,28195,95225,45847,49378,108827,52314,56513,95221,45924,49297,54409,26192,28217,13603,6405,7198,
68040,54421,26224,28197,95232,45847,49385,108835,52319,56516,95228,45930,49298,54413,26195,28218,13604,6405,7199,
68045,54425,26227,28198,95239,45849,49390,108843,52324,56519,95235,45933,49302,54417,26197,28220,13605,6406,7199,
68050,54429,26231,28198,95246,45854,49392,108851,52329,56522,95242,45938,49304,54421,26199,28222,13606,6406,7200,
68055,54433,26234,28199,95253,45857,49396,108859,52335,56524,95249,45943,49306,54425,26200,28225,13607,6407,7200,
68060,54437,26236,28201,95260,45859,49401,108867,52337,56530,95256,45946,49310,54429,26202,28227,13608,6407,7201,
68065,54441,26239,28202,95267,45863,49404,108875,52340,56535,95263,45947,49316,54433,26202,28231,13609,6408,7201,
68070,54445,26242,28203,95274,45865,49409,108883,52343,56540,95270,45952,49318,54437,26203,28234,13610,6408,7202,
68075,54449,26243,28206,95281,45866,49415,108891,52346,56545,95277,45955,49322,54441,26203,28238,13611,6408,7203,
68080,54453,26246,28207,95288,45867,49421,108899,52349,56550,95284,45956,49328,54445,26205,28240,13612,6408,7204,
68085,54457,26248,28209,95295,45871,49424,108907,52351,56556,95291,45957,49334,54449,26208,28241,13613,6409,7204,
68090,54461,26249,28212,95302,45874,49428,108915,52358,56557,95298,45958,49340,54453,26210,28243,13614,6410,7204,
68095,54465,26251,28214,95309,45877,49432,108923,52362,56561,95305,45961,49344,54457,26212,28245,13615,6411,7204,
68100,54469,26253,28216,95316,45883,49433,108931,52366,56565,95312,45965,49347,54461,26213,28248,13616,6412,7204,
68105,54473,26254,28219,95323,45889,49434,108939,52370,56569,95319,45968,49351,54465,26215,28250,13617,6413,7204,
68110,54477,26257,28220,95330,45891,49439,108947,52374,56573,95326,45971,49355,54469,26216,28253,13618,6414,7204,
68115,54481,26259,28222,95337,45895,49442,108955,52378,56577,95333,45975,49358,54473,26217,28256,13619,6415,7204,
68120,54485,26260,28225,95344,45898,49446,108963,52382,56581,95340,45977,49363,54477,26220,28257,13620,6416,7204,
68125,54489,26261,28228,95351,45900,49451,108971,52388,56583,95347,45980,49367,54481,26223,28258,13621,6416,7205,
68130,54493,26265,28228,95358,45905,49453,108979,52392,56587,95354,45982,49372,54485,26226,28259,13622,6416,7206,
68135,54497,26267,28230,95365,45910,49455,108987,52397,56590,95361,45984,49377,54489,26229,28260,13623,6416,7207,
68140,54501,26270,28231,95372,45915,49457,108995,52401,56594,95368,45987,49381,54493,26231,28262,13624,6416,7208,
68145,54505,26272,28233,95379,45919,49460,109003,52407,56596,95375,45988,49387,54497,26235,28262,13625,6416,7209,
68150,54509,26273,28236,95386,45924,49462,109011,52413,56598,95382,45991,49391,54501,26236,28265,13626,6416,7210,
68155,54513,26274,28239,95393,45925,49468,109019,52417,56602,95389,45996,49393,54505,26237,28268,13627,6417,7210,
68160,54517,26275,28242,95400,45929,49471,109027,52421,56606,95396,46000,49396,54509,26238,28271,13628,6417,7211,
68165,54521,26277,28244,95407,45935,49472,109035,52422,56613,95403,46005,49398,54513,26240,28273,13629,6418,7211,
68170,54525,26278,28247,95414,45939,49475,109043,52426,56617,95410,46007,49403,54517,26244,28273,13630,6419,7211,
68175,54529,26280,28249,95421,45943,49478,109051,52430,56621,95417,46010,49407,54521,26248,28273,13631,6420,7211,
68180,54533,26282,28251,95428,45945,49483,109059,52432,56627,95424,46014,49410,54525,26250,28275,13632,6421,7211,
68185,54537,26283,28254,95435,45949,49486,109067,52435,56632,95431,46017,49414,54529,26251,28278,13633,6421,7212,
68190,54541,26285,28256,95442,45954,49488,109075,52438,56637,95438,46020,49418,54533,26253,28280,13634,6422,7212,
68195,54545,26287,28258,95449,45957,49492,109083,52441,56642,95445,46023,49422,54537,26254,28283,13635,6422,7213,
68200,54549,26289,28260,95456,45959,49497,109091,52446,56645,95452,46025,49427,54541,26257,28284,13636,6423,7213,
68205,54553,26291,28262,95463,45960,49503,109099,52448,56651,95459,46027,49432,54545,26260,28285,13637,6423,7214,
68210,54557,26292,28265,95470,45964,49506,109107,52451,56656,95466,46032,49434,54549,26263,28286,13638,6424,7214,
68215,54561,26294,28267,95477,45969,49508,109115,52453,56662,95473,46036,49437,54553,26265,28288,13639,6425,7214,
68220,54565,26298,28267,95484,45971,49513,109123,52457,56666,95480,46040,49440,54557,26269,28288,13640,6426,7214,
68225,54569,26300,28269,95491,45976,49515,109131,52463,56668,95487,46043,49444,54561,26271,28290,13641,6426,7215,
68230,54573,26300,28273,95498,45980,49518,109139,52467,56672,95494,46046,49448,54565,26273,28292,13642,6427,7215,
68235,54577,26302,28275,95505,45983,49522,109147,52472,56675,95501,46049,49452,54569,26274,28295,13643,6427,7216,
68240,54581,26302,28279,95512,45988,49524,109155,52476,56679,95508,46053,49455,54573,26277,28296,13644,6428,7216,
68245,54585,26306,28279,95519,45993,49526,109163,52480,56683,95515,46057,49458,54577,26279,28298,13645,6429,7216,
68250,54589,26307,28282,95526,45995,49531,109171,52484,56687,95522,46061,49461,54581,26281,28300,13646,6429,7217,
68255,54593,26308,28285,95533,45998,49535,109179,52488,56691,95529,46064,49465,54585,26284,28301,13647,6429,7218,
68260,54597,26309,28288,95540,45999,49541,109187,52491,56696,95536,46067,49469,54589,26285,28304,13648,6429,7219,
68265,54601,26310,28291,95547,46002,49545,109195,52496,56699,95543,46072,49471,54593,26288,28305,13649,6429,7220,
68270,54605,26312,28293,95554,46006,49548,109203,52500,56703,95550,46075,49475,54597,26289,28308,13650,6429,7221,
68275,54609,26313,28296,95561,46008,49553,109211,52502,56709,95557,46080,49477,54601,26292,28309,13651,6430,7221,
68280,54613,26316,28297,95568,46013,49555,109219,52505,56714,95564,46084,49480,54605,26295,28310,13652,6430,7222,
68285,54617,26318,28299,95575,46015,49560,109227,52507,56720,95571,46089,49482,54609,26297,28312,13653,6431,7222,
68290,54621,26320,28301,95582,46018,49564,109235,52511,56724,95578,46090,49488,54613,26298,28315,13654,6432,7222,
68295,54625,26323,28302,95589,46023,49566,109243,52515,56728,95585,46092,49493,54617,26300,28317,13655,6432,7223,
68300,54629,26325,28304,95596,46026,49570,109251,52521,56730,95592,46094,49498,54621,26301,28320,13656,6432,7224,
68305,54633,26325,28308,95603,46030,49573,109259,52523,56736,95599,46097,49502,54625,26301,28324,13657,6432,7225,
68310,54637,26327,28310,95610,46034,49576,109267,52528,56739,95606,46102,49504,54629,26303,28326,13658,6432,7226,
68315,54641,26328,28313,95617,46036,49581,109275,52534,56741,95613,46108,49505,54633,26303,28330,13659,6432,7227,
68320,54645,26329,28316,95624,46037,49587,109283,52539,56744,95620,46112,49508,54637,26305,28332,13660,6433,7227,
68325,54649,26333,28316,95631,46038,49593,109291,52541,56750,95627,46114,49513,54641,26308,28333,13661,6433,7228,
68330,54653,26335,28318,95638,46041,49597,109299,52545,56754,95634,46114,49520,54645,26309,28336,13662,6433,7229,
68335,54657,26337,28320,95645,46045,49600,109307,52549,56758,95641,46119,49522,54649,26310,28339,13663,6433,7230,
68340,54661,26341,28320,95652,46047,49605,109315,52551,56764,95648,46123,49525,54653,26311,28342,13664,6434,7230,
68345,54665,26344,28321,95659,46050,49609,109323,52555,56768,95655,46126,49529,54657,26312,28345,13665,6435,7230,
68350,54669,26346,28323,95666,46052,49614,109331,52559,56772,95662,46130,49532,54661,26316,28345,13666,6435,7231,
68355,54673,26347,28326,95673,46055,49618,109339,52561,56778,95669,46131,49538,54665,26318,28347,13667,6435,7232,
68360,54677,26349,28328,95680,46058,49622,109347,52565,56782,95676,46134,49542,54669,26322,28347,13668,6436,7232,
68365,54681,26350,28331,95687,46061,49626,109355,52570,56785,95683,46140,49543,54673,26323,28350,13669,6436,7233,
68370,54685,26354,28331,95694,46068,49626,109363,52573,56790,95690,46143,49547,54677,26324,28353,13670,6437,7233,
68375,54689,26355,28334,95701,46071,49630,109371,52574,56797,95697,46146,49551,54681,26327,28354,13671,6438,7233,
68380,54693,26358,28335,95708,46075,49633,109379,52578,56801,95704,46147,49557,54685,26328,28357,13672,6439,7233,
68385,54697,26360,28337,95715,46079,49636,109387,52580,56807,95711,46150,49561,54689,26331,28358,13673,6439,7234,
68390,54701,26361,28340,95722,46080,49642,109395,52584,56811,95718,46151,49567,54693,26333,28360,13674,6440,7234,
68395,54705,26365,28340,95729,46082,49647,109403,52587,56816,95725,46158,49567,54697,26336,28361,13675,6440,7235,
68400,54709,26368,28341,95736,46085,49651,109411,52592,56819,95732,46159,49573,54701,26340,28361,13676,6440,7236,
68405,54713,26370,28343,95743,46089,49654,109419,52595,56824,95739,46162,49577,54705,26344,28361,13677,6440,7237,
68410,54717,26372,28345,95750,46095,49655,109427,52600,56827,95746,46164,49582,54709,26346,28363,13678,6441,7237,
68415,54721,26374,28347,95757,46099,49658,109435,52603,56832,95753,46168,49585,54713,26348,28365,13679,6442,7237,
68420,54725,26378,28347,95764,46103,49661,109443,52605,56838,95760,46170,49590,54717,26349,28368,13680,6442,7238,
68425,54729,26379,28350,95771,46107,49664,109451,52610,56841,95767,46174,49593,54721,26352,28369,13681,6443,7238,
68430,54733,26380,28353,95778,46113,49665,109459,52614,56845,95774,46178,49596,54725,26352,28373,13682,6444,7238,
68435,54737,26381,28356,95785,46118,49667,109467,52616,56851,95781,46184,49597,54729,26355,28374,13683,6445,7238,
68440,54741,26383,28358,95792,46120,49672,109475,52620,56855,95788,46188,49600,54733,26358,28375,13684,6445,7239,
68445,54745,26385,28360,95799,46124,49675,109483,52623,56860,95795,46191,49604,54737,26361,28376,13685,6446,7239,
68450,54749,26387,28362,95806,46130,49676,109491,52627,56864,95802,46195,49607,54741,26364,28377,13686,6446,7240,
68455,54753,26390,28363,95813,46133,49680,109499,52631,56868,95809,46199,49610,54745,26365,28380,13687,6447,7240,
68460,54757,26390,28367,95820,46138,49682,109507,52635,56872,95816,46202,49614,54749,26368,28381,13688,6447,7241,
68465,54761,26392,28369,95827,46140,49687,109515,52636,56879,95823,46205,49618,54753,26370,28383,13689,6448,7241,
68470,54765,26394,28371,95834,46145,49689,109523,52638,56885,95830,46210,49620,54757,26371,28386,13690,6449,7241,
68475,54769,26395,28374,95841,46150,49691,109531,52641,56890,95837,46213,49624,54761,26372,28389,13691,6449,7242,
68480,54773,26398,28375,95848,46154,49694,109539,52643,56896,95844,46219,49625,54765,26375,28390,13692,6449,7243,
68485,54777,26401,28376,95855,46157,49698,109547,52646,56901,95851,46221,49630,54769,26377,28392,13693,6449,7244,
68490,54781,26405,28376,95862,46162,49700,109555,52649,56906,95858,46223,49635,54773,26379,28394,13694,6450,7244,
68495,54785,26407,28378,95869,46165,49704,109563,52652,56911,95865,46226,49639,54777,26381,28396,13695,6450,7245,
68500,54789,26409,28380,95876,46168,49708,109571,52657,56914,95872,46229,49643,54781,26383,28398,13696,6451,7245,
68505,54793,26410,28383,95883,46170,49713,109579,52660,56919,95879,46234,49645,54785,26384,28401,13697,6451,7246,
68510,54797,26412,28385,95890,46173,49717,109587,52662,56925,95886,46237,49649,54789,26385,28404,13698,6452,7246,
68515,54801,26414,28387,95897,46178,49719,109595,52667,56928,95893,46239,49654,54793,26387,28406,13699,6453,7246,
68520,54805,26415,28390,95904,46180,49724,109603,52669,56934,95900,46242,49658,54797,26388,28409,13700,6453,7247,
68525,54809,26417,28392,95911,46183,49728,109611,52673,56938,95907,46248,49659,54801,26389,28412,13701,6454,7247,
68530,54813,26420,28393,95918,46185,49733,109619,52677,56942,95914,46251,49663,54805,26392,28413,13702,6454,7248,
68535,54817,26422,28395,95925,46188,49737,109627,52681,56946,95921,46254,49667,54809,26394,28415,13703,6454,7249,
68540,54821,26425,28396,95932,46190,49742,109635,52685,56950,95928,46258,49670,54813,26396,28417,13704,6454,7250,
68545,54825,26427,28398,95939,46193,49746,109643,52690,56953,95935,46262,49673,54817,26400,28417,13705,6454,7251,
68550,54829,26431,28398,95946,46196,49750,109651,52694,56957,95942,46265,49677,54821,26401,28420,13706,6454,7252,
68555,54833,26433,28400,95953,46199,49754,109659,52699,56960,95949,46268,49681,54825,26405,28420,13707,6454,7253,
68560,54837,26436,28401,95960,46204,49756,109667,52703,56964,95956,46271,49685,54829,26407,28422,13708,6454,7254,
68565,54841,26437,28404,95967,46205,49762,109675,52708,56967,95963,46277,49686,54833,26408,28425,13709,6454,7255,
68570,54845,26440,28405,95974,46206,49768,109683,52713,56970,95970,46281,49689,54837,26409,28428,13710,6455,7255,
68575,54849,26441,28408,95981,46209,49772,109691,52718,56973,95977,46286,49691,54841,26412,28429,13711,6455,7256,
68580,54853,26444,28409,95988,46210,49778,109699,52721,56978,95984,46290,49694,54845,26414,28431,13712,6456,7256,
68585,54857,26445,28412,95995,46212,49783,109707,52724,56983,95991,46290,49701,54849,26415,28434,13713,6456,7257,
68590,54861,26445,28416,96002,46213,49789,109715,52729,56986,95998,46294,49704,54853,26416,28437,13714,6456,7258,
68595,54865,26448,28417,96009,46215,49794,109723,52732,56991,96005,46298,49707,54857,26419,28438,13715,6457,7258,
68600,54869,26450,28419,96016,46219,49797,109731,52736,56995,96012,46302,49710,54861,26420,28441,13716,6458,7258,
68605,54873,26454,28419,96023,46222,49801,109739,52740,56999,96019,46304,49715,54865,26422,28443,13717,6459,7258,
68610,54877,26456,28421,96030,46226,49804,109747,52741,57006,96026,46308,49718,54869,26425,28444,13718,6460,7258,
68615,54881,26458,28423,96037,46229,49808,109755,52745,57010,96033,46308,49725,54873,26426,28447,13719,6461,7258,
68620,54885,26461,28424,96044,46234,49810,109763,52751,57012,96040,46311,49729,54877,26426,28451,13720,6461,7259,
68625,54889,26461,28428,96051,46240,49811,109771,52754,57017,96047,46315,49732,54881,26430,28451,13721,6462,7259,
68630,54893,26463,28430,96058,46241,49817,109779,52759,57020,96054,46317,49737,54885,26431,28454,13722,6463,7259,
68635,54897,26466,28431,96065,46246,49819,109787,52762,57025,96061,46320,49741,54889,26435,28454,13723,6464,7259,
68640,54901,26468,28433,96072,46249,49823,109795,52766,57029,96068,46324,49744,54893,26437,28456,13724,6464,7260,
68645,54905,26470,28435,96079,46252,49827,109803,52769,57034,96075,46327,49748,54897,26439,28458,13725,6464,7261,
68650,54909,26472,28437,96086,46257,49829,109811,52772,57039,96082,46331,49751,54901,26441,28460,13726,6465,7261,
68655,54913,26474,28439,96093,46262,49831,109819,52774,57045,96089,46336,49753,54905,26443,28462,13727,6466,7261,
68660,54917,26477,28440,96100,46265,49835,109827,52776,57051,96096,46337,49759,54909,26444,28465,13728,6467,7261,
68665,54921,26480,28441,96107,46270,49837,109835,52783,57052,96103,46339,49764,54913,26446,28467,13729,6468,7261,
68670,54925,26480,28445,96114,46272,49842,109843,52786,57057,96110,46344,49766,54917,26449,28468,13730,6468,7262,
68675,54929,26481,28448,96121,46273,49848,109851,52790,57061,96117,46348,49769,54921,26452,28469,13731,6468,7263,
68680,54933,26483,28450,96128,46280,49848,109859,52794,57065,96124,46351,49773,54925,26455,28470,13732,6469,7263,
68685,54937,26484,28453,96135,46283,49852,109867,52799,57068,96131,46355,49776,54929,26456,28473,13733,6469,7264,
68690,54941,26484,28457,96142,46284,49858,109875,52802,57073,96138,46359,49779,54933,26457,28476,13734,6470,7264,
68695,54945,26487,28458,96149,46286,49863,109883,52805,57078,96145,46362,49783,54937,26459,28478,13735,6470,7265,
68700,54949,26489,28460,96156,46290,49866,109891,52807,57084,96152,46363,49789,54941,26463,28478,13736,6471,7265,
68705,54953,26490,28463,96163,46292,49871,109899,52813,57086,96159,46367,49792,54945,26467,28478,13737,6471,7266,
68710,54957,26492,28465,96170,46295,49875,109907,52818,57089,96166,46371,49795,54949,26468,28481,13738,6471,7267,
68715,54961,26494,28467,96177,46298,49879,109915,52822,57093,96173,46377,49796,54953,26471,28482,13739,6471,7268,
68720,54965,26496,28469,96184,46303,49881,109923,52827,57096,96180,46379,49801,54957,26473,28484,13740,6471,7269,
68725,54969,26498,28471,96191,46308,49883,109931,52830,57101,96187,46380,49807,54961,26474,28487,13741,6471,7270,
68730,54973,26499,28474,96198,46310,49888,109939,52836,57103,96194,46381,49813,54965,26476,28489,13742,6472,7270,
68735,54977,26502,28475,96205,46315,49890,109947,52841,57106,96201,46383,49818,54969,26479,28490,13743,6473,7270,
68740,54981,26504,28477,96212,46317,49895,109955,52843,57112,96208,46384,49824,54973,26482,28491,13744,6474,7270,
68745,54985,26506,28479,96219,46319,49900,109963,52846,57117,96215,46387,49828,54977,26483,28494,13745,6474,7271,
68750,54989,26509,28480,96226,46325,49901,109971,52852,57119,96222,46393,49829,54981,26487,28494,13746,6475,7271,
68755,54993,26512,28481,96233,46328,49905,109979,52857,57122,96229,46396,49833,54985,26490,28495,13747,6475,7272,
68760,54997,26512,28485,96240,46330,49910,109987,52863,57124,96236,46400,49836,54989,26490,28499,13748,6475,7273,
68765,55001,26515,28486,96247,46335,49912,109995,52867,57128,96243,46404,49839,54993,26492,28501,13749,6475,7274,
68770,55005,26515,28490,96254,46337,49917,110003,52870,57133,96250,46407,49843,54997,26494,28503,13750,6476,7274,
68775,55009,26517,28492,96261,46339,49922,110011,52873,57138,96257,46408,49849,55001,26496,28505,13751,6477,7274,
68780,55013,26519,28494,96268,46342,49926,110019,52875,57144,96264,46413,49851,55005,26500,28505,13752,6478,7274,
68785,55017,26521,28496,96275,46344,49931,110027,52879,57148,96271,46416,49855,55009,26502,28507,13753,6479,7274,
68790,55021,26524,28497,96282,46347,49935,110035,52883,57152,96278,46420,49858,55013,26504,28509,13754,6479,7275,
68795,55025,26527,28498,96289,46351,49938,110043,52888,57155,96285,46422,49863,55017,26505,28512,13755,6479,7276,
68800,55029,26529,28500,96296,46354,49942,110051,52888,57163,96292,46427,49865,55021,26507,28514,13756,6480,7276,
68805,55033,26532,28501,96303,46357,49946,110059,52892,57167,96299,46430,49869,55025,26508,28517,13757,6481,7276,
68810,55037,26533,28504,96310,46360,49950,110067,52898,57169,96306,46431,49875,55029,26511,28518,13758,6482,7276,
68815,55041,26534,28507,96317,46363,49954,110075,52901,57174,96313,46434,49879,55033,26514,28519,13759,6483,7276,
68820,55045,26537,28508,96324,46366,49958,110083,52904,57179,96320,46436,49884,55037,26518,28519,13760,6484,7276,
68825,55049,26539,28510,96331,46370,49961,110091,52905,57186,96327,46438,49889,55041,26520,28521,13761,6485,7276,
68830,55053,26540,28513,96338,46373,49965,110099,52910,57189,96334,46440,49894,55045,26522,28523,13762,6486,7276,
68835,55057,26543,28514,96345,46376,49969,110107,52914,57193,96341,46443,49898,55049,26523,28526,13763,6486,7277,
68840,55061,26544,28517,96352,46378,49974,110115,52918,57197,96348,46446,49902,55053,26526,28527,13764,6487,7277,
68845,55065,26546,28519,96359,46381,49978,110123,52923,57200,96355,46449,49906,55057,26528,28529,13765,6488,7277,
68850,55069,26548,28521,96366,46384,49982,110131,52927,57204,96362,46450,49912,55061,26529,28532,13766,6488,7278,
68855,55073,26550,28523,96373,46389,49984,110139,52931,57208,96369,46451,49918,55065,26529,28536,13767,6489,7278,
68860,55077,26552,28525,96380,46393,49987,110147,52935,57212,96376,46453,49923,55069,26532,28537,13768,6489,7279,
68865,55081,26553,28528,96387,46398,49989,110155,52938,57217,96383,46458,49925,55073,26535,28538,13769,6489,7280,
68870,55085,26556,28529,96394,46402,49992,110163,52941,57222,96390,46461,49929,55077,26536,28541,13770,6489,7281,
68875,55089,26559,28530,96401,46404,49997,110171,52945,57226,96397,46466,49931,55081,26538,28543,13771,6490,7281,
68880,55093,26561,28532,96408,46407,50001,110179,52947,57232,96404,46471,49933,55085,26541,28544,13772,6490,7282,
68885,55097,26561,28536,96415,46408,50007,110187,52953,57234,96411,46474,49937,55089,26542,28547,13773,6491,7282,
68890,55101,26562,28539,96422,46412,50010,110195,52958,57237,96418,46476,49942,55093,26544,28549,13774,6492,7282,
68895,55105,26564,28541,96429,46415,50014,110203,52960,57243,96425,46480,49945,55097,26544,28553,13775,6492,7283,
68900,55109,26566,28543,96436,46419,50017,110211,52963,57248,96432,46484,49948,55101,26546,28555,13776,6492,7284,
68905,55113,26568,28545,96443,46422,50021,110219,52964,57255,96439,46487,49952,55105,26548,28557,13777,6493,7284,
68910,55117,26570,28547,96450,46426,50024,110227,52970,57257,96446,46489,49957,55109,26549,28560,13778,6494,7284,
68915,55121,26571,28550,96457,46430,50027,110235,52972,57263,96453,46491,49962,55113,26552,28561,13779,6495,7284,
68920,55125,26572,28553,96464,46432,50032,110243,52975,57268,96460,46494,49966,55117,26555,28562,13780,6495,7285,
68925,55129,26575,28554,96471,46434,50037,110251,52977,57274,96467,46496,49971,55121,26556,28565,13781,6496,7285,
68930,55133,26577,28556,96478,46440,50038,110259,52980,57279,96474,46498,49976,55125,26557,28568,13782,6497,7285,
68935,55137,26579,28558,96485,46443,50042,110267,52985,57282,96481,46501,49980,55129,26561,28568,13783,6497,7286,
68940,55141,26580,28561,96492,46445,50047,110275,52990,57285,96488,46505,49983,55133,26561,28572,13784,6498,7286,
68945,55145,26584,28561,96499,46448,50051,110283,52993,57290,96495,46506,49989,55137,26564,28573,13785,6499,7286,
68950,55149,26585,28564,96506,46451,50055,110291,52999,57292,96502,46509,49993,55141,26564,28577,13786,6499,7287,
68955,55153,26586,28567,96513,46457,50056,110299,53001,57298,96509,46514,49995,55145,26564,28581,13787,6500,7287,
68960,55157,26588,28569,96520,46460,50060,110307,53006,57301,96516,46519,49997,55149,26566,28583,13788,6500,7288,
68965,55161,26589,28572,96527,46462,50065,110315,53012,57303,96523,46523,50000,55153,26567,28586,13789,6500,7289,
68970,55165,26591,28574,96534,46463,50071,110323,53014,57309,96530,46527,50003,55157,26570,28587,13790,6500,7290,
68975,55169,26593,28576,96541,46464,50077,110331,53016,57315,96537,46531,50006,55161,26572,28589,13791,6500,7291,
68980,55173,26596,28577,96548,46467,50081,110339,53020,57319,96544,46535,50009,55165,26573,28592,13792,6500,7292,
68985,55177,26599,28578,96555,46472,50083,110347,53026,57321,96551,46536,50015,55169,26574,28595,13793,6501,7292,
68990,55181,26601,28580,96562,46476,50086,110355,53028,57327,96558,46539,50019,55173,26577,28596,13794,6502,7292,
68995,55185,26601,28584,96569,46479,50090,110363,53029,57334,96565,46542,50023,55177,26581,28596,13795,6503,7292,
69000,55189,26603,28586,96576,46481,50095,110371,53033,57338,96572,46546,50026,55181,26582,28599,13796,6504,7292,
69005,55193,26606,28587,96583,46484,50099,110379,53037,57342,96579,46548,50031,55185,26583,28602,13797,6504,7293,
69010,55197,26609,28588,96590,46488,50102,110387,53040,57347,96586,46549,50037,55189,26583,28606,13798,6505,7293,
69015,55201,26612,28589,96597,46493,50104,110395,53046,57349,96593,46553,50040,55193,26586,28607,13799,6505,7294,
69020,55205,26613,28592,96604,46497,50107,110403,53048,57355,96600,46556,50044,55197,26588,28609,13800,6506,7294,
69025,55209,26615,28594,96611,46499,50112,110411,53053,57358,96607,46561,50046,55201,26589,28612,13801,6507,7294,
69030,55213,26617,28596,96618,46500,50118,110419,53056,57363,96614,46566,50048,55205,26592,28613,13802,6507,7295,
69035,55217,26619,28598,96625,46500,50125,110427,53059,57368,96621,46570,50051,55209,26593,28616,13803,6507,7296,
69040,55221,26620,28601,96632,46504,50128,110435,53063,57372,96628,46573,50055,55213,26594,28619,13804,6508,7296,
69045,55225,26621,28604,96639,46506,50133,110443,53068,57375,96635,46574,50061,55217,26595,28622,13805,6508,7297,
69050,55229,26622,28607,96646,46510,50136,110451,53072,57379,96642,46578,50064,55221,26597,28624,13806,6509,7297,
69055,55233,26625,28608,96653,46512,50141,110459,53076,57383,96649,46582,50067,55225,26599,28626,13807,6509,7298,
69060,55237,26627,28610,96660,46515,50145,110467,53082,57385,96656,46584,50072,55229,26600,28629,13808,6510,7298,
69065,55241,26628,28613,96667,46517,50150,110475,53087,57388,96663,46588,50075,55233,26603,28630,13809,6511,7298,
69070,55245,26632,28613,96674,46520,50154,110483,53093,57390,96670,46591,50079,55237,26605,28632,13810,6512,7298,
69075,55249,26634,28615,96681,46523,50158,110491,53096,57395,96677,46595,50082,55241,26608,28633,13811,6512,7299,
69080,55253,26636,28617,96688,46529,50159,110499,53102,57397,96684,46597,50087,55245,26610,28635,13812,6513,7299,
69085,55257,26638,28619,96695,46533,50162,110507,53105,57402,96691,46598,50093,55249,26611,28638,13813,6513,7300,
69090,55261,26642,28619,96702,46536,50166,110515,53107,57408,96698,46601,50097,55253,26611,28642,13814,6513,7301,
69095,55265,26644,28621,96709,46540,50169,110523,53111,57412,96705,46604,50101,55257,26612,28645,13815,6513,7302,
69100,55269,26646,28623,96716,46545,50171,110531,53116,57415,96712,46608,50104,55261,26615,28646,13816,6514,7302,
69105,55273,26648,28625,96723,46549,50174,110539,53121,57418,96719,46613,50106,55265,26616,28649,13817,6514,7303,
69110,55277,26650,28627,96730,46553,50177,110547,53125,57422,96726,46615,50111,55269,26618,28651,13818,6515,7303,
69115,55281,26651,28630,96737,46557,50180,110555,53130,57425,96733,46619,50114,55273,26618,28655,13819,6516,7303,
69120,55285,26654,28631,96744,46560,50184,110563,53133,57430,96740,46622,50118,55277,26621,28656,13820,6516,7304,
69125,55289,26655,28634,96751,46565,50186,110571,53136,57435,96747,46624,50123,55281,26625,28656,13821,6517,7304,
69130,55293,26658,28635,96758,46570,50188,110579,53138,57441,96754,46628,50126,55285,26628,28657,13822,6518,7304,
69135,55297,26660,28637,96765,46574,50191,110587,53142,57445,96761,46632,50129,55289,26628,28661,13823,6518,7305,
69140,55301,26662,28639,96772,46578,50194,110595,53147,57448,96768,46635,50133,55293,26629,28664,13824,6518,7306,
69145,55305,26665,28640,96779,46582,50197,110603,53150,57453,96775,46638,50137,55297,26631,28666,13825,6518,7307,
69150,55309,26666,28643,96786,46586,50200,110611,53154,57457,96782,46644,50138,55301,26635,28666,13826,6518,7308,
69155,55313,26669,28644,96793,46589,50204,110619,53159,57460,96789,46647,50142,55305,26637,28668,13827,6519,7308,
69160,55317,26672,28645,96800,46591,50209,110627,53161,57466,96796,46649,50147,55309,26641,28668,13828,6519,7309,
69165,55321,26676,28645,96807,46594,50213,110635,53166,57469,96803,46652,50151,55313,26644,28669,13829,6520,7309,
69170,55325,26677,28648,96814,46597,50217,110643,53168,57475,96810,46657,50153,55317,26648,28669,13830,6520,7310,
69175,55329,26678,28651,96821,46602,50219,110651,53174,57477,96817,46662,50155,55321,26650,28671,13831,6520,7311,
69180,55333,26680,28653,96828,46606,50222,110659,53177,57482,96824,46666,50158,55325,26652,28673,13832,6520,7312,
69185,55337,26681,28656,96835,46608,50227,110667,53181,57486,96831,46669,50162,55329,26654,28675,13833,6520,7313,
69190,55341,26681,28660,96842,46610,50232,110675,53187,57488,96838,46673,50165,55333,26655,28678,13834,6520,7314,
69195,55345,26681,28664,96849,46615,50234,110683,53193,57490,96845,46678,50167,55337,26657,28680,13835,6521,7314,
69200,55349,26683,28666,96856,46621,50235,110691,53198,57493,96852,46682,50170,55341,26659,28682,13836,6522,7314,
69205,55353,26685,28668,96863,46625,50238,110699,53201,57498,96859,46684,50175,55345,26659,28686,13837,6522,7315,
69210,55357,26687,28670,96870,46626,50244,110707,53205,57502,96866,46688,50178,55349,26661,28688,13838,6522,7316,
69215,55361,26689,28672,96877,46630,50247,110715,53209,57506,96873,46690,50183,55353,26663,28690,13839,6523,7316,
69220,55365,26690,28675,96884,46632,50252,110723,53213,57510,96880,46693,50187,55357,26664,28693,13840,6523,7317,
69225,55369,26693,28676,96891,46635,50256,110731,53217,57514,96887,46696,50191,55361,26666,28695,13841,6524,7317,
69230,55373,26695,28678,96898,46636,50262,110739,53221,57518,96894,46698,50196,55365,26667,28698,13842,6524,7318,
69235,55377,26697,28680,96905,46642,50263,110747,53226,57521,96901,46699,50202,55369,26668,28701,13843,6524,7319,
69240,55381,26700,28681,96912,46645,50267,110755,53230,57525,96908,46703,50205,55373,26669,28704,13844,6524,7320,
69245,55385,26702,28683,96919,46647,50272,110763,53230,57533,96915,46706,50209,55377,26670,28707,13845,6524,7321,
69250,55389,26703,28686,96926,46651,50275,110771,53235,57536,96922,46708,50214,55381,26672,28709,13846,6525,7321,
69255,55393,26706,28687,96933,46652,50281,110779,53239,57540,96929,46712,50217,55385,26673,28712,13847,6525,7322,
69260,55397,26708,28689,96940,46657,50283,110787,53245,57542,96936,46714,50222,55389,26675,28714,13848,6525,7323,
69265,55401,26711,28690,96947,46661,50286,110795,53248,57547,96943,46718,50225,55393,26677,28716,13849,6525,7324,
69270,55405,26712,28693,96954,46662,50292,110803,53249,57554,96950,46722,50228,55397,26680,28717,13850,6525,7325,
69275,55409,26714,28695,96961,46665,50296,110811,53252,57559,96957,46722,50235,55401,26682,28719,13851,6525,7326,
69280,55413,26716,28697,96968,46667,50301,110819,53255,57564,96964,46725,50239,55405,26684,28721,13852,6526,7326,
69285,55417,26717,28700,96975,46670,50305,110827,53259,57568,96971,46727,50244,55409,26686,28723,13853,6526,7327,
69290,55421,26720,28701,96982,46673,50309,110835,53260,57575,96978,46728,50250,55413,26686,28727,13854,6526,7328,
69295,55425,26722,28703,96989,46674,50315,110843,53266,57577,96985,46730,50255,55417,26689,28728,13855,6527,7328,
69300,55429,26724,28705,96996,46677,50319,110851,53269,57582,96992,46734,50258,55421,26693,28728,13856,6527,7329,
69305,55433,26727,28706,97003,46680,50323,110859,53272,57587,96999,46736,50263,55425,26695,28730,13857,6527,7330,
69310,55437,26727,28710,97010,46683,50327,110867,53277,57590,97006,46739,50267,55429,26697,28732,13858,6527,7331,
69315,55441,26728,28713,97017,46683,50334,110875,53280,57595,97013,46742,50271,55433,26699,28734,13859,6527,7332,
69320,55445,26729,28716,97024,46685,50339,110883,53284,57599,97020,46744,50276,55437,26701,28736,13860,6528,7332,
69325,55449,26732,28717,97031,46687,50344,110891,53286,57605,97027,46747,50280,55441,26703,28738,13861,6528,7333,
69330,55453,26733,28720,97038,46690,50348,110899,53288,57611,97034,46752,50282,55445,26707,28738,13862,6528,7334,
69335,55457,26735,28722,97045,46692,50353,110907,53296,57611,97041,46756,50285,55449,26710,28739,13863,6529,7334,
69340,55461,26736,28725,97052,46696,50356,110915,53299,57616,97048,46759,50289,55453,26713,28740,13864,6529,7335,
69345,55465,26738,28727,97059,46701,50358,110923,53301,57622,97055,46761,50294,55457,26714,28743,13865,6529,7336,
69350,55469,26740,28729,97066,46707,50359,110931,53304,57627,97062,46764,50298,55461,26715,28746,13866,6529,7337,
69355,55473,26741,28732,97073,46712,50361,110939,53309,57630,97069,46766,50303,55465,26716,28749,13867,6529,7338,
69360,55477,26742,28735,97080,46715,50365,110947,53314,57633,97076,46771,50305,55469,26716,28753,13868,6529,7339,
69365,55481,26743,28738,97087,46720,50367,110955,53318,57637,97083,46777,50306,55473,26719,28754,13869,6530,7339,
69370,55485,26745,28740,97094,46721,50373,110963,53321,57642,97090,46779,50311,55477,26721,28756,13870,6530,7340,
69375,55489,26746,28743,97101,46724,50377,110971,53325,57646,97097,46784,50313,55481,26724,28757,13871,6531,7340,
69380,55493,26748,28745,97108,46727,50381,110979,53330,57649,97104,46789,50315,55485,26725,28760,13872,6531,7341,
69385,55497,26750,28747,97115,46731,50384,110987,53335,57652,97111,46791,50320,55489,26727,28762,13873,6531,7342,
69390,55501,26752,28749,97122,46734,50388,110995,53339,57656,97118,46796,50322,55493,26730,28763,13874,6531,7343,
69395,55505,26754,28751,97129,46737,50392,111003,53344,57659,97125,46798,50327,55497,26733,28764,13875,6531,7344,
69400,55509,26756,28753,97136,46741,50395,111011,53348,57663,97132,46802,50330,55501,26734,28767,13876,6532,7344,
69405,55513,26758,28755,97143,46745,50398,111019,53352,57667,97139,46805,50334,55505,26736,28769,13877,6532,7345,
69410,55517,26759,28758,97150,46747,50403,111027,53354,57673,97146,46807,50339,55509,26736,28773,13878,6532,7346,
69415,55521,26761,28760,97157,46751,50406,111035,53358,57677,97153,46809,50344,55513,26738,28775,13879,6532,7347,
69420,55525,26761,28764,97164,46755,50409,111043,53363,57680,97160,46811,50349,55517,26739,28778,13880,6533,7347,
69425,55529,26764,28765,97171,46756,50415,111051,53368,57683,97167,46815,50352,55521,26743,28778,13881,6534,7347,
69430,55533,26765,28768,97178,46759,50419,111059,53370,57689,97174,46819,50355,55525,26745,28780,13882,6535,7347,
69435,55537,26767,28770,97185,46762,50423,111067,53375,57692,97181,46823,50358,55529,26746,28783,13883,6536,7347,
69440,55541,26770,28771,97192,46765,50427,111075,53378,57697,97188,46827,50361,55533,26747,28786,13884,6537,7347,
69445,55545,26772,28773,97199,46771,50428,111083,53383,57700,97195,46831,50364,55537,26748,28789,13885,6538,7347,
69450,55549,26774,28775,97206,46775,50431,111091,53387,57704,97202,46831,50371,55541,26750,28791,13886,6539,7347,
69455,55553,26776,28777,97213,46778,50435,111099,53392,57707,97209,46832,50377,55545,26753,28792,13887,6540,7347,
69460,55557,26777,28780,97220,46782,50438,111107,53396,57711,97216,46834,50382,55549,26755,28794,13888,6540,7348,
69465,55561,26779,28782,97227,46786,50441,111115,53401,57714,97223,46837,50386,55553,26756,28797,13889,6540,7349,
69470,55565,26781,28784,97234,46787,50447,111123,53405,57718,97230,46841,50389,55557,26758,28799,13890,6540,7350,
69475,55569,26783,28786,97241,46790,50451,111131,53411,57720,97237,46844,50393,55561,26762,28799,13891,6540,7351,
69480,55573,26783,28790,97248,46794,50454,111139,53413,57726,97244,46847,50397,55565,26765,28800,13892,6540,7352,
69485,55577,26784,28793,97255,46800,50455,111147,53415,57732,97251,46851,50400,55569,26766,28803,13893,6541,7352,
69490,55581,26788,28793,97262,46803,50459,111155,53422,57733,97258,46854,50404,55573,26768,28805,13894,6541,7353,
69495,55585,26788,28797,97269,46808,50461,111163,53427,57736,97265,46858,50407,55577,26770,28807,13895,6542,7353,
69500,55589,26789,28800,97276,46811,50465,111171,53432,57739,97272,46861,50411,55581,26773,28808,13896,6542,7354,
69505,55593,26791,28802,97283,46812,50471,111179,53438,57741,97279,46865,50414,55585,26775,28810,13897,6543,7354,
69510,55597,26793,28804,97290,46817,50473,111187,53443,57744,97286,46870,50416,55589,26778,28811,13898,6543,7355,
69515,55601,26794,28807,97297,46821,50476,111195,53447,57748,97293,46874,50419,55593,26781,28812,13899,6543,7356,
69520,55605,26795,28810,97304,46827,50477,111203,53450,57753,97300,46876,50424,55597,26784,28813,13900,6544,7356,
69525,55609,26796,28813,97311,46831,50480,111211,53454,57757,97307,46880,50427,55601,26787,28814,13901,6544,7357,
69530,55613,26799,28814,97318,46835,50483,111219,53458,57761,97314,46884,50430,55605,26789,28816,13902,6544,7358,
69535,55617,26801,28816,97325,46837,50488,111227,53459,57768,97321,46886,50435,55609,26792,28817,13903,6544,7359,
69540,55621,26803,28818,97332,46840,50492,111235,53464,57771,97328,46889,50439,55613,26794,28819,13904,6545,7359,
69545,55625,26807,28818,97339,46843,50496,111243,53467,57776,97335,46894,50441,55617,26796,28821,13905,6546,7359,
69550,55629,26809,28820,97346,46846,50500,111251,53473,57778,97342,46897,50445,55621,26798,28823,13906,6547,7359,
69555,55633,26809,28824,97353,46848,50505,111259,53479,57780,97349,46900,50449,55625,26800,28825,13907,6547,7360,
69560,55637,26811,28826,97360,46852,50508,111267,53483,57784,97356,46904,50452,55629,26802,28827,13908,6547,7361,
69565,55641,26814,28827,97367,46857,50510,111275,53485,57790,97363,46909,50454,55633,26804,28829,13909,6548,7361,
69570,55645,26816,28829,97374,46859,50515,111283,53488,57795,97370,46913,50457,55637,26805,28832,13910,6549,7361,
69575,55649,26818,28831,97381,46861,50520,111291,53491,57800,97377,46918,50459,55641,26808,28833,13911,6550,7361,
69580,55653,26819,28834,97388,46864,50524,111299,53496,57803,97384,46922,50462,55645,26809,28836,13912,6550,7362,
69585,55657,26822,28835,97395,46867,50528,111307,53500,57807,97391,46926,50465,55649,26811,28838,13913,6551,7362,
69590,55661,26823,28838,97402,46871,50531,111315,53505,57810,97398,46929,50469,55653,26814,28839,13914,6552,7362,
69595,55665,26825,28840,97409,46877,50532,111323,53508,57815,97405,46933,50472,55657,26815,28842,13915,6553,7362,
69600,55669,26827,28842,97416,46880,50536,111331,53512,57819,97412,46939,50473,55661,26817,28844,13916,6553,7363,
69605,55673,26830,28843,97423,46884,50539,111339,53515,57824,97419,46944,50475,55665,26819,28846,13917,6554,7363,
69610,55677,26830,28847,97430,46888,50542,111347,53517,57830,97426,46946,50480,55669,26821,28848,13918,6554,7364,
69615,55681,26834,28847,97437,46892,50545,111355,53517,57838,97433,46952,50481,55673,26824,28849,13919,6554,7365,
69620,55685,26834,28851,97444,46896,50548,111363,53519,57844,97440,46955,50485,55677,26826,28851,13920,6554,7366,
69625,55689,26837,28852,97451,46900,50551,111371,53523,57848,97447,46959,50488,55681,26828,28853,13921,6554,7367,
69630,55693,26838,28855,97458,46903,50555,111379,53528,57851,97454,46965,50489,55685,26831,28854,13922,6555,7367,
69635,55697,26840,28857,97465,46908,50557,111387,53532,57855,97461,46967,50494,55689,26833,28856,13923,6556,7367,
69640,55701,26842,28859,97472,46912,50560,111395,53537,57858,97468,46971,50497,55693,26835,28858,13924,6556,7368,
69645,55705,26843,28862,97479,46916,50563,111403,53540,57863,97475,46973,50502,55697,26838,28859,13925,6556,7369,
69650,55709,26845,28864,97486,46921,50565,111411,53544,57867,97482,46976,50506,55701,26841,28860,13926,6556,7370,
69655,55713,26848,28865,97493,46925,50568,111419,53549,57870,97489,46980,50509,55705,26842,28863,13927,6557,7370,
69660,55717,26852,28865,97500,46927,50573,111427,53553,57874,97496,46985,50511,55709,26843,28866,13928,6557,7371,
69665,55721,26854,28867,97507,46933,50574,111435,53558,57877,97503,46989,50514,55713,26845,28868,13929,6557,7372,
69670,55725,26856,28869,97514,46937,50577,111443,53563,57880,97510,46993,50517,55717,26845,28872,13930,6558,7372,
69675,55729,26857,28872,97521,46940,50581,111451,53566,57885,97517,46996,50521,55721,26847,28874,13931,6559,7372,
69680,55733,26861,28872,97528,46943,50585,111459,53569,57890,97524,46997,50527,55725,26848,28877,13932,6560,7372,
69685,55737,26864,28873,97535,46948,50587,111467,53573,57894,97531,47001,50530,55729,26850,28879,13933,6561,7372,
69690,55741,26868,28873,97542,46950,50592,111475,53577,57898,97538,47002,50536,55733,26852,28881,13934,6562,7372,
69695,55745,26870,28875,97549,46953,50596,111483,53583,57900,97545,47005,50540,55737,26855,28882,13935,6563,7372,
69700,55749,26872,28877,97556,46958,50598,111491,53588,57903,97552,47009,50543,55741,26858,28883,13936,6564,7372,
69705,55753,26872,28881,97563,46959,50604,111499,53592,57907,97559,47011,50548,55745,26861,28884,13937,6565,7372,
69710,55757,26874,28883,97570,46963,50607,111507,53597,57910,97566,47016,50550,55749,26862,28887,13938,6566,7372,
69715,55761,26876,28885,97577,46969,50608,111515,53599,57916,97573,47019,50554,55753,26862,28891,13939,6566,7373,
69720,55765,26877,28888,97584,46971,50613,111523,53603,57920,97580,47022,50558,55757,26864,28893,13940,6567,7373,
69725,55769,26877,28892,97591,46974,50617,111531,53605,57926,97587,47025,50562,55761,26865,28896,13941,6567,7374,
69730,55773,26879,28894,97598,46976,50622,111539,53608,57931,97594,47028,50566,55765,26865,28900,13942,6568,7374,
69735,55777,26881,28896,97605,46981,50624,111547,53613,57934,97601,47030,50571,55769,26866,28903,13943,6568,7375,
69740,55781,26883,28898,97612,46984,50628,111555,53617,57938,97608,47035,50573,55773,26869,28904,13944,6568,7376,
69745,55785,26885,28900,97619,46989,50630,111563,53623,57940,97615,47039,50576,55777,26871,28906,13945,6569,7376,
69750,55789,26886,28903,97626,46991,50635,111571,53626,57945,97622,47042,50580,55781,26871,28910,13946,6569,7377,
69755,55793,26888,28905,97633,46994,50639,111579,53631,57948,97629,47047,50582,55785,26872,28913,13947,6570,7377,
69760,55797,26889,28908,97640,46996,50644,111587,53632,57955,97636,47048,50588,55789,26873,28916,13948,6570,7378,
69765,55801,26891,28910,97647,46998,50649,111595,53637,57958,97643,47052,50591,55793,26875,28918,13949,6570,7379,
69770,55805,26891,28914,97654,47000,50654,111603,53640,57963,97650,47054,50596,55797,26876,28921,13950,6570,7380,
69775,55809,26892,28917,97661,47004,50657,111611,53643,57968,97657,47057,50600,55801,26877,28924,13951,6571,7380,
69780,55813,26893,28920,97668,47008,50660,111619,53648,57971,97664,47061,50603,55805,26878,28927,13952,6572,7380,
69785,55817,26896,28921,97675,47008,50667,111627,53652,57975,97671,47064,50607,55809,26881,28928,13953,6572,7381,
69790,55821,26897,28924,97682,47010,50672,111635,53655,57980,97678,47067,50611,55813,26883,28930,13954,6572,7382,
69795,55825,26898,28927,97689,47012,50677,111643,53661,57982,97685,47072,50613,55817,26886,28931,13955,6572,7383,
69800,55829,26900,28929,97696,47016,50680,111651,53664,57987,97692,47075,50617,55821,26888,28933,13956,6573,7383,
69805,55833,26904,28929,97703,47019,50684,111659,53667,57992,97699,47078,50621,55825,26890,28935,13957,6574,7383,
69810,55837,26905,28932,97710,47021,50689,111667,53668,57999,97706,47080,50626,55829,26892,28937,13958,6575,7383,
69815,55841,26907,28934,97717,47025,50692,111675,53673,58002,97713,47084,50629,55833,26895,28938,13959,6576,7383,
69820,55845,26910,28935,97724,47027,50697,111683,53679,58004,97720,47088,50632,55837,26897,28940,13960,6576,7384,
69825,55849,26913,28936,97731,47030,50701,111691,53681,58010,97727,47091,50636,55841,26898,28943,13961,6576,7385,
69830,55853,26914,28939,97738,47031,50707,111699,53687,58012,97734,47095,50639,55845,26900,28945,13962,6577,7385,
69835,55857,26917,28940,97745,47034,50711,111707,53692,58015,97741,47099,50642,55849,26902,28947,13963,6577,7386,
69840,55861,26919,28942,97752,47037,50715,111715,53695,58020,97748,47104,50644,55853,26903,28950,13964,6578,7386,
69845,55865,26921,28944,97759,47041,50718,111723,53697,58026,97755,47107,50648,55857,26906,28951,13965,6579,7386,
69850,55869,26922,28947,97766,47044,50722,111731,53701,58030,97762,47109,50653,55861,26908,28953,13966,6579,7387,
69855,55873,26923,28950,97773,47048,50725,111739,53706,58033,97769,47113,50656,55865,26909,28956,13967,6580,7387,
69860,55877,26925,28952,97780,47053,50727,111747,53710,58037,97776,47114,50662,55869,26911,28958,13968,6580,7388,
69865,55881,26928,28953,97787,47056,50731,111755,53713,58042,97783,47115,50668,55873,26914,28959,13969,6581,7388,
69870,55885,26929,28956,97794,47060,50734,111763,53717,58046,97790,47118,50672,55877,26914,28963,13970,6581,7389,
69875,55889,26931,28958,97801,47065,50736,111771,53724,58047,97797,47120,50677,55881,26916,28965,13971,6581,7390,
69880,55893,26933,28960,97808,47070,50738,111779,53728,58051,97804,47121,50683,55885,26917,28968,13972,6582,7390,
69885,55897,26934,28963,97815,47074,50741,111787,53731,58056,97811,47126,50685,55889,26919,28970,13973,6582,7391,
69890,55901,26937,28964,97822,47078,50744,111795,53732,58063,97818,47130,50688,55893,26920,28973,13974,6582,7392,
69895,55905,26940,28965,97829,47080,50749,111803,53736,58067,97825,47133,50692,55897,26921,28976,13975,6583,7392,
69900,55909,26942,28967,97836,47085,50751,111811,53739,58072,97832,47135,50697,55901,26922,28979,13976,6583,7393,
69905,55913,26943,28970,97843,47088,50755,111819,53744,58075,97839,47137,50702,55905,26925,28980,13977,6584,7393,
69910,55917,26945,28972,97850,47091,50759,111827,53747,58080,97846,47139,50707,55909,26925,28984,13978,6585,7393,
69915,55921,26948,28973,97857,47096,50761,111835,53751,58084,97853,47145,50708,55913,26928,28985,13979,6586,7393,
69920,55925,26949,28976,97864,47101,50763,111843,53754,58089,97860,47146,50714,55917,26929,28988,13980,6586,7394,
69925,55929,26951,28978,97871,47104,50767,111851,53759,58092,97867,47149,50718,55921,26930,28991,13981,6586,7395,
69930,55933,26954,28979,97878,47107,50771,111859,53763,58096,97874,47151,50723,55925,26932,28993,13982,6586,7396,
69935,55937,26955,28982,97885,47113,50772,111867,53766,58101,97881,47154,50727,55929,26935,28994,13983,6587,7396,
69940,55941,26958,28983,97892,47117,50775,111875,53770,58105,97888,47157,50731,55933,26937,28996,13984,6587,7397,
69945,55945,26959,28986,97899,47119,50780,111883,53773,58110,97895,47159,50736,55937,26937,29000,13985,6588,7397,
69950,55949,26961,28988,97906,47123,50783,111891,53780,58111,97902,47163,50739,55941,26940,29001,13986,6588,7398,
69955,55953,26962,28991,97913,47126,50787,111899,53784,58115,97909,47166,50743,55945,26943,29002,13987,6588,7399,
69960,55957,26964,28993,97920,47129,50791,111907,53790,58117,97916,47169,50747,55949,26944,29005,13988,6588,7400,
69965,55961,26966,28995,97927,47136,50791,111915,53796,58119,97923,47170,50753,55953,26946,29007,13989,6588,7401,
69970,55965,26968,28997,97934,47139,50795,111923,53800,58123,97930,47175,50755,55957,26948,29009,13990,6589,7401,
69975,55969,26970,28999,97941,47143,50798,111931,53805,58126,97937,47177,50760,55961,26949,29012,13991,6590,7401,
69980,55973,26972,29001,97948,47146,50802,111939,53809,58130,97944,47181,50763,55965,26949,29016,13992,6590,7402,
69985,55977,26976,29001,97955,47152,50803,111947,53812,58135,97951,47186,50765,55969,26950,29019,13993,6590,7403,
69990,55981,26978,29003,97962,47155,50807,111955,53816,58139,97958,47192,50766,55973,26952,29021,13994,6591,7403,
69995,55985,26980,29005,97969,47157,50812,111963,53822,58141,97965,47195,50770,55977,26952,29025,13995,6591,7404,
70000,55989,26981,29008,97976,47160,50816,111971,53826,58145,97972,47197,50775,55981,26954,29027,13996,6592,7404,
70005,55993,26984,29009,97983,47162,50821,111979,53829,58150,97979,47200,50779,55985,26955,29030,13997,6592,7405,
70010,55997,26986,29011,97990,47165,50825,111987,53835,58152,97986,47204,50782,55989,26956,29033,13998,6592,7406,
70015,56001,26987,29014,97997,47167,50830,111995,53838,58157,97993,47208,50785,55993,26959,29034,13999,6593,7406,
70020,56005,26989,29016,98004,47172,50832,112003,53841,58162,98000,47213,50787,55997,26961,29036,14000,6593,7407,
70025,56009,26992,29017,98011,47176,50835,112011,53844,58167,98007,47216,50791,56001,26963,29038,14001,6593,7408,
70030,56013,26993,29020,98018,47178,50840,112019,53849,58170,98014,47221,50793,56005,26967,29038,14002,6593,7409,
70035,56017,26996,29021,98025,47180,50845,112027,53852,58175,98021,47225,50796,56009,26969,29040,14003,6594,7409,
70040,56021,26997,29024,98032,47183,50849,112035,53857,58178,98028,47227,50801,56013,26970,29043,14004,6594,7410,
70045,56025,26999,29026,98039,47185,50854,112043,53861,58182,98035,47231,50804,56017,26973,29044,14005,6594,7411,
70050,56029,27001,29028,98046,47190,50856,112051,53863,58188,98042,47235,50807,56021,26975,29046,14006,6595,7411,
70055,56033,27002,29031,98053,47194,50859,112059,53866,58193,98049,47240,50809,56025,26977,29048,14007,6596,7411,
70060,56037,27006,29031,98060,47197,50863,112067,53868,58199,98056,47242,50814,56029,26980,29049,14008,6596,7412,
70065,56041,27009,29032,98067,47200,50867,112075,53871,58204,98063,47244,50819,56033,26982,29051,14009,6596,7413,
70070,56045,27011,29034,98074,47203,50871,112083,53875,58208,98070,47247,50823,56037,26983,29054,14010,6597,7413,
70075,56049,27014,29035,98081,47204,50877,112091,53880,58211,98077,47251,50826,56041,26985,29056,14011,6598,7413,
70080,56053,27018,29035,98088,47207,50881,112099,53885,58214,98084,47257,50827,56045,26988,29057,14012,6598,7414,
70085,56057,27021,29036,98095,47209,50886,112107,53887,58220,98091,47263,50828,56049,26991,29058,14013,6599,7414,
70090,56061,27024,29037,98102,47210,50892,112115,53888,58227,98098,47265,50833,56053,26994,29059,14014,6599,7415,
70095,56065,27027,29038,98109,47213,50896,112123,53888,58235,98105,47269,50836,56057,26997,29060,14015,6599,7416,
70100,56069,27027,29042,98116,47217,50899,112131,53892,58239,98112,47273,50839,56061,27001,29060,14016,6599,7417,
70105,56073,27027,29046,98123,47220,50903,112139,53898,58241,98119,47277,50842,56065,27002,29063,14017,6599,7418,
70110,56077,27027,29050,98130,47225,50905,112147,53899,58248,98126,47279,50847,56069,27006,29063,14018,6599,7419,
70115,56081,27028,29053,98137,47228,50909,112155,53903,58252,98133,47283,50850,56073,27008,29065,14019,6600,7419,
70120,56085,27031,29054,98144,47234,50910,112163,53907,58256,98140,47286,50854,56077,27009,29068,14020,6601,7419,
70125,56089,27033,29056,98151,47235,50916,112171,53911,58260,98147,47289,50858,56081,27011,29070,14021,6601,7420,
70130,56093,27036,29057,98158,47239,50919,112179,53915,58264,98154,47289,50865,56085,27014,29071,14022,6601,7421,
70135,56097,27037,29060,98165,47243,50922,112187,53918,58269,98161,47292,50869,56089,27017,29072,14023,6602,7421,
70140,56101,27037,29064,98172,47245,50927,112195,53923,58272,98168,47293,50875,56093,27017,29076,14024,6603,7421,
70145,56105,27039,29066,98179,47250,50929,112203,53926,58277,98175,47298,50877,56097,27018,29079,14025,6603,7422,
70150,56109,27042,29067,98186,47254,50932,112211,53927,58284,98182,47301,50881,56101,27019,29082,14026,6603,7423,
70155,56113,27045,29068,98193,47258,50935,112219,53931,58288,98189,47304,50885,56105,27021,29084,14027,6604,7423,
70160,56117,27046,29071,98200,47260,50940,112227,53934,58293,98196,47308,50888,56109,27022,29087,14028,6604,7424,
70165,56121,27047,29074,98207,47264,50943,112235,53938,58297,98203,47311,50892,56113,27022,29091,14029,6604,7425,
70170,56125,27050,29075,98214,47267,50947,112243,53944,58299,98210,47314,50896,56117,27024,29093,14030,6604,7426,
70175,56129,27052,29077,98221,47271,50950,112251,53947,58304,98217,47319,50898,56121,27026,29095,14031,6605,7426,
70180,56133,27055,29078,98228,47273,50955,112259,53952,58307,98224,47322,50902,56125,27028,29097,14032,6606,7426,
70185,56137,27058,29079,98235,47277,50958,112267,53959,58308,98231,47327,50904,56129,27029,29100,14033,6607,7426,
70190,56141,27058,29083,98242,47278,50964,112275,53964,58311,98238,47329,50909,56133,27030,29103,14034,6608,7426,
70195,56145,27061,29084,98249,47280,50969,112283,53969,58314,98245,47332,50913,56137,27032,29105,14035,6608,7427,
70200,56149,27061,29088,98256,47283,50973,112291,53972,58319,98252,47336,50916,56141,27034,29107,14036,6608,7428,
70205,56153,27062,29091,98263,47285,50978,112299,53977,58322,98259,47337,50922,56145,27035,29110,14037,6608,7429,
70210,56157,27064,29093,98270,47287,50983,112307,53979,58328,98266,47341,50925,56149,27038,29111,14038,6608,7430,
70215,56161,27065,29096,98277,47292,50985,112315,53982,58333,98273,47343,50930,56153,27039,29114,14039,6608,7431,
70220,56165,27066,29099,98284,47294,50990,112323,53985,58338,98280,47346,50934,56157,27041,29116,14040,6609,7431,
70225,56169,27067,29102,98291,47298,50993,112331,53991,58340,98287,47349,50938,56161,27043,29118,14041,6609,7432,
70230,56173,27070,29103,98298,47300,50998,112339,53995,58344,98294,47353,50941,56165,27046,29119,14042,6609,7433,
70235,56177,27072,29105,98305,47304,51001,112347,53999,58348,98301,47358,50943,56169,27049,29120,14043,6609,7434,
70240,56181,27074,29107,98312,47307,51005,112355,54001,58354,98308,47362,50946,56173,27051,29122,14044,6609,7435,
70245,56185,27076,29109,98319,47310,51009,112363,54004,58359,98315,47366,50949,56177,27051,29126,14045,6609,7436,
70250,56189,27079,29110,98326,47313,51013,112371,54006,58365,98322,47369,50953,56181,27052,29129,14046,6610,7436,
70255,56193,27081,29112,98333,47316,51017,112379,54008,58371,98329,47373,50956,56185,27053,29132,14047,6610,7437,
70260,56197,27084,29113,98340,47320,51020,112387,54013,58374,98336,47378,50958,56189,27057,29132,14048,6610,7438,
70265,56201,27086,29115,98347,47323,51024,112395,54019,58376,98343,47381,50962,56193,27059,29134,14049,6610,7439,
70270,56205,27087,29118,98354,47327,51027,112403,54022,58381,98350,47387,50963,56197,27061,29136,14050,6611,7439,
70275,56209,27088,29121,98361,47330,51031,112411,54027,58384,98357,47392,50965,56201,27064,29137,14051,6612,7439,
70280,56213,27090,29123,98368,47334,51034,112419,54033,58386,98364,47394,50970,56205,27066,29139,14052,6612,7440,
70285,56217,27093,29124,98375,47335,51040,112427,54037,58390,98371,47397,50974,56209,27067,29142,14053,6612,7441,
70290,56221,27095,29126,98382,47339,51043,112435,54041,58394,98378,47400,50978,56213,27069,29144,14054,6612,7442,
70295,56225,27096,29129,98389,47343,51046,112443,54045,58398,98385,47404,50981,56217,27073,29144,14055,6612,7443,
70300,56229,27097,29132,98396,47347,51049,112451,54050,58401,98392,47404,50988,56221,27076,29145,14056,6613,7443,
70305,56233,27100,29133,98403,47350,51053,112459,54052,58407,98399,47407,50992,56225,27077,29148,14057,6613,7444,
70310,56237,27104,29133,98410,47355,51055,112467,54058,58409,98406,47409,50997,56229,27079,29150,14058,6614,7444,
70315,56241,27107,29134,98417,47358,51059,112475,54064,58411,98413,47415,50998,56233,27079,29154,14059,6614,7445,
70320,56245,27109,29136,98424,47362,51062,112483,54068,58415,98420,47419,51001,56237,27082,29155,14060,6614,7446,
70325,56249,27110,29139,98431,47365,51066,112491,54073,58418,98427,47422,51005,56241,27085,29156,14061,6614,7447,
70330,56253,27113,29140,98438,47367,51071,112499,54077,58422,98434,47426,51008,56245,27086,29159,14062,6615,7447,
70335,56257,27115,29142,98445,47369,51076,112507,54080,58427,98441,47433,51008,56249,27086,29163,14063,6615,7448,
70340,56261,27118,29143,98452,47372,51080,112515,54084,58431,98448,47439,51009,56253,27088,29165,14064,6616,7448,
70345,56265,27120,29145,98459,47376,51083,112523,54089,58434,98455,47442,51013,56257,27091,29166,14065,6616,7449,
70350,56269,27122,29147,98466,47380,51086,112531,54093,58438,98462,47447,51015,56261,27094,29167,14066,6617,7449,
70355,56273,27124,29149,98473,47384,51089,112539,54096,58443,98469,47451,51018,56265,27096,29169,14067,6617,7450,
70360,56277,27126,29151,98480,47385,51095,112547,54101,58446,98476,47453,51023,56269,27098,29171,14068,6617,7451,
70365,56281,27129,29152,98487,47390,51097,112555,54106,58449,98483,47456,51027,56273,27100,29173,14069,6617,7452,
70370,56285,27130,29155,98494,47394,51100,112563,54109,58454,98490,47459,51031,56277,27101,29176,14070,6617,7453,
70375,56289,27130,29159,98501,47399,51102,112571,54113,58458,98497,47461,51036,56281,27103,29178,14071,6618,7453,
70380,56293,27133,29160,98508,47402,51106,112579,54116,58463,98504,47465,51039,56285,27106,29179,14072,6619,7453,
70385,56297,27136,29161,98515,47405,51110,112587,54120,58467,98511,47468,51043,56289,27106,29183,14073,6619,7454,
70390,56301,27139,29162,98522,47409,51113,112595,54124,58471,98518,47471,51047,56293,27109,29184,14074,6620,7454,
70395,56305,27140,29165,98529,47411,51118,112603,54126,58477,98525,47475,51050,56297,27110,29187,14075,6621,7454,
70400,56309,27144,29165,98536,47414,51122,112611,54132,58479,98532,47478,51054,56301,27112,29189,14076,6621,7455,
70405,56313,27146,29167,98543,47419,51124,112619,54137,58482,98539,47483,51056,56305,27113,29192,14077,6621,7456,
70410,56317,27150,29167,98550,47420,51130,112627,54139,58488,98546,47487,51059,56309,27115,29194,14078,6621,7457,
70415,56321,27153,29168,98557,47423,51134,112635,54142,58493,98553,47489,51064,56313,27117,29196,14079,6621,7458,
70420,56325,27153,29172,98564,47429,51135,112643,54145,58498,98560,47493,51067,56317,27119,29198,14080,6622,7458,
70425,56329,27157,29172,98571,47433,51138,112651,54148,58503,98567,47498,51069,56321,27120,29201,14081,6622,7459,
70430,56333,27159,29174,98578,47436,51142,112659,54154,58505,98574,47504,51070,56325,27122,29203,14082,6622,7460,
70435,56337,27161,29176,98585,47441,51144,112667,54160,58507,98581,47509,51072,56329,27123,29206,14083,6623,7460,
70440,56341,27162,29179,98592,47446,51146,112675,54162,58513,98588,47514,51074,56333,27126,29207,14084,6623,7461,
70445,56345,27164,29181,98599,47449,51150,112683,54166,58517,98595,47517,51078,56337,27127,29210,14085,6623,7462,
70450,56349,27166,29183,98606,47452,51154,112691,54170,58521,98602,47519,51083,56341,27128,29213,14086,6624,7462,
70455,56353,27169,29184,98613,47456,51157,112699,54174,58525,98609,47523,51086,56345,27130,29215,14087,6624,7463,
70460,56357,27170,29187,98620,47460,51160,112707,54179,58528,98616,47528,51088,56349,27133,29216,14088,6624,7464,
70465,56361,27172,29189,98627,47464,51163,112715,54184,58531,98623,47530,51093,56353,27134,29219,14089,6625,7464,
70470,56365,27175,29190,98634,47467,51167,112723,54191,58532,98630,47531,51099,56357,27136,29221,14090,6626,7464,
70475,56369,27178,29191,98641,47470,51171,112731,54195,58536,98637,47535,51102,56361,27137,29224,14091,6627,7464,
70480,56373,27181,29192,98648,47474,51174,112739,54197,58542,98644,47536,51108,56365,27139,29226,14092,6628,7464,
70485,56377,27182,29195,98655,47478,51177,112747,54201,58546,98651,47539,51112,56369,27140,29229,14093,6628,7465,
70490,56381,27184,29197,98662,47483,51179,112755,54206,58549,98658,47544,51114,56373,27141,29232,14094,6629,7465,
70495,56385,27186,29199,98669,47489,51180,112763,54209,58554,98665,47546,51119,56377,27142,29235,14095,6629,7466,
70500,56389,27187,29202,98676,47493,51183,112771,54213,58558,98672,47551,51121,56381,27143,29238,14096,6630,7466,
70505,56393,27189,29204,98683,47495,51188,112779,54215,58564,98679,47554,51125,56385,27147,29238,14097,6630,7467,
70510,56397,27191,29206,98690,47498,51192,112787,54221,58566,98686,47557,51129,56389,27149,29240,14098,6631,7467,
70515,56401,27193,29208,98697,47500,51197,112795,54224,58571,98693,47562,51131,56393,27151,29242,14099,6632,7467,
70520,56405,27196,29209,98704,47501,51203,112803,54229,58574,98700,47566,51134,56397,27154,29243,14100,6633,7467,
70525,56409,27198,29211,98711,47506,51205,112811,54232,58579,98707,47568,51139,56401,27156,29245,14101,6633,7468,
70530,56413,27201,29212,98718,47508,51210,112819,54236,58583,98714,47571,51143,56405,27157,29248,14102,6633,7469,
70535,56417,27202,29215,98725,47512,51213,112827,54238,58589,98721,47576,51145,56409,27159,29250,14103,6634,7469,
70540,56421,27204,29217,98732,47517,51215,112835,54239,58596,98728,47579,51149,56413,27162,29251,14104,6635,7469,
70545,56425,27205,29220,98739,47520,51219,112843,54241,58602,98735,47583,51152,56417,27166,29251,14105,6636,7469,
70550,56429,27206,29223,98746,47526,51220,112851,54245,58606,98742,47585,51157,56421,27169,29252,14106,6636,7470,
70555,56433,27208,29225,98753,47531,51222,112859,54250,58609,98749,47591,51158,56425,27172,29253,14107,6636,7471,
70560,56437,27211,29226,98760,47532,51228,112867,54254,58613,98756,47595,51161,56429,27174,29255,14108,6636,7472,
70565,56441,27213,29228,98767,47535,51232,112875,54258,58617,98763,47597,51166,56433,27177,29256,14109,6636,7473,
70570,56445,27215,29230,98774,47537,51237,112883,54262,58621,98770,47603,51167,56437,27180,29257,14110,6636,7474,
70575,56449,27219,29230,98781,47540,51241,112891,54268,58623,98777,47608,51169,56441,27181,29260,14111,6637,7474,
70580,56453,27221,29232,98788,47543,51245,112899,54272,58627,98784,47614,51170,56445,27183,29262,14112,6637,7475,
70585,56457,27225,29232,98795,47549,51246,112907,54272,58635,98791,47619,51172,56449,27184,29265,14113,6638,7475,
70590,56461,27228,29233,98802,47552,51250,112915,54276,58639,98798,47622,51176,56453,27186,29267,14114,6639,7475,
70595,56465,27229,29236,98809,47556,51253,112923,54280,58643,98805,47627,51178,56457,27189,29268,14115,6640,7475,
70600,56469,27231,29238,98816,47562,51254,112931,54283,58648,98812,47630,51182,56461,27191,29270,14116,6640,7476,
70605,56473,27232,29241,98823,47566,51257,112939,54286,58653,98819,47632,51187,56465,27193,29272,14117,6641,7476,
70610,56477,27234,29243,98830,47569,51261,112947,54291,58656,98826,47638,51188,56469,27195,29274,14118,6641,7477,
70615,56481,27237,29244,98837,47571,51266,112955,54294,58661,98833,47639,51194,56473,27197,29276,14119,6642,7477,
70620,56485,27240,29245,98844,47574,51270,112963,54296,58667,98840,47645,51195,56477,27199,29278,14120,6642,7478,
70625,56489,27244,29245,98851,47577,51274,112971,54298,58673,98847,47650,51197,56481,27202,29279,14121,6643,7478,
70630,56493,27247,29246,98858,47581,51277,112979,54300,58679,98854,47655,51199,56485,27205,29280,14122,6643,7479,
70635,56497,27249,29248,98865,47584,51281,112987,54306,58681,98861,47659,51202,56489,27207,29282,14123,6643,7480,
70640,56501,27251,29250,98872,47587,51285,112995,54311,58684,98868,47660,51208,56493,27208,29285,14124,6644,7480,
70645,56505,27252,29253,98879,47590,51289,113003,54315,58688,98875,47665,51210,56497,27210,29287,14125,6645,7480,
70650,56509,27254,29255,98886,47592,51294,113011,54319,58692,98882,47671,51211,56501,27212,29289,14126,6646,7480,
70655,56513,27256,29257,98893,47597,51296,113019,54323,58696,98889,47675,51214,56505,27215,29290,14127,6647,7480,
70660,56517,27258,29259,98900,47602,51298,113027,54326,58701,98896,47677,51219,56509,27217,29292,14128,6647,7481,
70665,56521,27260,29261,98907,47604,51303,113035,54331,58704,98903,47682,51221,56513,27219,29294,14129,6647,7482,
70670,56525,27262,29263,98914,47607,51307,113043,54334,58709,98910,47686,51224,56517,27221,29296,14130,6647,7483,
70675,56529,27264,29265,98921,47611,51310,113051,54337,58714,98917,47689,51228,56521,27223,29298,14131,6648,7483,
70680,56533,27265,29268,98928,47615,51313,113059,54341,58718,98924,47693,51231,56525,27223,29302,14132,6649,7483,
70685,56537,27266,29271,98935,47618,51317,113067,54345,58722,98931,47695,51236,56529,27225,29304,14133,6650,7483,
70690,56541,27270,29271,98942,47623,51319,113075,54347,58728,98938,47697,51241,56533,27228,29305,14134,6650,7484,
70695,56545,27273,29272,98949,47625,51324,113083,54351,58732,98945,47700,51245,56537,27229,29308,14135,6651,7484,
70700,56549,27274,29275,98956,47626,51330,113091,54355,58736,98952,47701,51251,56541,27231,29310,14136,6652,7484,
70705,56553,27278,29275,98963,47630,51333,113099,54359,58740,98959,47703,51256,56545,27232,29313,14137,6652,7485,
70710,56557,27281,29276,98970,47632,51338,113107,54361,58746,98966,47708,51258,56549,27234,29315,14138,6652,7486,
70715,56561,27285,29276,98977,47636,51341,113115,54364,58751,98973,47712,51261,56553,27236,29317,14139,6653,7486,
70720,56565,27286,29279,98984,47641,51343,113123,54368,58755,98980,47714,51266,56557,27239,29318,14140,6654,7486,
70725,56569,27288,29281,98991,47644,51347,113131,54373,58758,98987,47718,51269,56561,27241,29320,14141,6654,7487,
70730,56573,27290,29283,98998,47646,51352,113139,54376,58763,98994,47722,51272,56565,27243,29322,14142,6654,7488,
70735,56577,27292,29285,99005,47650,51355,113147,54380,58767,99001,47725,51276,56569,27244,29325,14143,6655,7488,
70740,56581,27294,29287,99012,47652,51360,113155,54385,58770,99008,47729,51279,56573,27247,29326,14144,6655,7489,
70745,56585,27296,29289,99019,47655,51364,113163,54388,58775,99015,47733,51282,56577,27247,29330,14145,6656,7489,
70750,56589,27299,29290,99026,47660,51366,113171,54390,58781,99022,47736,51286,56581,27249,29332,14146,6657,7489,
70755,56593,27301,29292,99033,47665,51368,113179,54396,58783,99029,47739,51290,56585,27250,29335,14147,6658,7489,
70760,56597,27304,29293,99040,47669,51371,113187,54401,58786,99036,47743,51293,56589,27253,29336,14148,6658,7490,
70765,56601,27306,29295,99047,47672,51375,113195,54405,58790,99043,47746,51297,56593,27255,29338,14149,6658,7491,
70770,56605,27306,29299,99054,47676,51378,113203,54410,58793,99050,47747,51303,56597,27257,29340,14150,6659,7491,
70775,56609,27308,29301,99061,47678,51383,113211,54414,58797,99057,47751,51306,56601,27260,29341,14151,6659,7492,
70780,56613,27309,29304,99068,47682,51386,113219,54419,58800,99064,47752,51312,56605,27261,29344,14152,6659,7493,
70785,56617,27311,29306,99075,47687,51388,113227,54423,58804,99071,47755,51316,56609,27261,29348,14153,6659,7494,
70790,56621,27313,29308,99082,47692,51390,113235,54425,58810,99078,47760,51318,56613,27263,29350,14154,6659,7495,
70795,56625,27317,29308,99089,47695,51394,113243,54427,58816,99085,47765,51320,56617,27266,29351,14155,6660,7495,
70800,56629,27318,29311,99096,47696,51400,113251,54429,58822,99092,47770,51322,56621,27270,29351,14156,6661,7495,
70805,56633,27322,29311,99103,47701,51402,113259,54431,58828,99099,47773,51326,56625,27272,29353,14157,6662,7495,
70810,56637,27324,29313,99110,47702,51408,113267,54435,58832,99106,47778,51328,56629,27273,29356,14158,6663,7495,
70815,56641,27327,29314,99117,47707,51410,113275,54438,58837,99113,47782,51331,56633,27277,29356,14159,6664,7495,
70820,56645,27328,29317,99124,47711,51413,113283,54440,58843,99120,47786,51334,56637,27280,29357,14160,6665,7495,
70825,56649,27331,29318,99131,47715,51416,113291,54443,58848,99127,47791,51336,56641,27280,29361,14161,6665,7496,
70830,56653,27334,29319,99138,47719,51419,113299,54449,58850,99134,47796,51338,56645,27281,29364,14162,6665,7497,
70835,56657,27337,29320,99145,47723,51422,113307,54453,58854,99141,47799,51342,56649,27281,29368,14163,6666,7497,
70840,56661,27341,29320,99152,47725,51427,113315,54457,58858,99148,47804,51344,56653,27283,29370,14164,6667,7497,
70845,56665,27344,29321,99159,47729,51430,113323,54461,58862,99155,47807,51348,56657,27287,29370,14165,6667,7498,
70850,56669,27345,29324,99166,47732,51434,113331,54465,58866,99162,47808,51354,56661,27288,29373,14166,6667,7499,
70855,56673,27347,29326,99173,47734,51439,113339,54468,58871,99169,47812,51357,56665,27290,29375,14167,6667,7500,
70860,56677,27351,29326,99180,47737,51443,113347,54475,58872,99176,47815,51361,56669,27292,29377,14168,6668,7500,
70865,56681,27353,29328,99187,47738,51449,113355,54478,58877,99183,47817,51366,56673,27293,29380,14169,6669,7500,
70870,56685,27355,29330,99194,47742,51452,113363,54482,58881,99190,47820,51370,56677,27296,29381,14170,6670,7500,
70875,56689,27357,29332,99201,47745,51456,113371,54485,58886,99197,47825,51372,56681,27298,29383,14171,6670,7501,
70880,56693,27360,29333,99208,47748,51460,113379,54491,58888,99204,47828,51376,56685,27300,29385,14172,6670,7502,
70885,56697,27361,29336,99215,47749,51466,113387,54497,58890,99211,47833,51378,56689,27302,29387,14173,6670,7503,
70890,56701,27365,29336,99222,47751,51471,113395,54501,58894,99218,47839,51379,56693,27303,29390,14174,6670,7504,
70895,56705,27367,29338,99229,47753,51476,113403,54503,58900,99225,47845,51380,56697,27307,29390,14175,6670,7505,
70900,56709,27371,29338,99236,47757,51479,113411,54507,58904,99232,47850,51382,56701,27310,29391,14176,6671,7505,
70905,56713,27373,29340,99243,47762,51481,113419,54513,58906,99239,47853,51386,56705,27311,29394,14177,6671,7506,
70910,56717,27374,29343,99250,47765,51485,113427,54514,58913,99246,47853,51393,56709,27312,29397,14178,6671,7507,
70915,56721,27377,29344,99257,47769,51488,113435,54518,58917,99253,47856,51397,56713,27315,29398,14179,6671,7508,
70920,56725,27378,29347,99264,47772,51492,113443,54520,58923,99260,47859,51401,56717,27315,29402,14180,6671,7509,
70925,56729,27381,29348,99271,47773,51498,113451,54523,58928,99267,47862,51405,56721,27319,29402,14181,6671,7510,
70930,56733,27382,29351,99278,47778,51500,113459,54527,58932,99274,47863,51411,56725,27323,29402,14182,6671,7511,
70935,56737,27384,29353,99285,47782,51503,113467,54531,58936,99281,47866,51415,56729,27324,29405,14183,6672,7511,
70940,56741,27386,29355,99292,47785,51507,113475,54535,58940,99288,47869,51419,56733,27325,29408,14184,6673,7511,
70945,56745,27389,29356,99299,47789,51510,113483,54538,58945,99295,47872,51423,56737,27329,29408,14185,6673,7512,
70950,56749,27390,29359,99306,47790,51516,113491,54543,58948,99302,47877,51425,56741,27331,29410,14186,6673,7513,
70955,56753,27392,29361,99313,47793,51520,113499,54548,58951,99309,47880,51429,56745,27334,29411,14187,6674,7513,
70960,56757,27394,29363,99320,47797,51523,113507,54552,58955,99316,47882,51434,56749,27334,29415,14188,6674,7514,
70965,56761,27397,29364,99327,47801,51526,113515,54556,58959,99323,47885,51438,56753,27336,29417,14189,6674,7515,
70970,56765,27399,29366,99334,47805,51529,113523,54561,58962,99330,47887,51443,56757,27339,29418,14190,6675,7515,
70975,56769,27401,29368,99341,47807,51534,113531,54566,58965,99337,47890,51447,56761,27343,29418,14191,6675,7516,
70980,56773,27402,29371,99348,47812,51536,113539,54571,58968,99344,47893,51451,56765,27344,29421,14192,6676,7516,
70985,56777,27403,29374,99355,47815,51540,113547,54574,58973,99351,47897,51454,56769,27346,29423,14193,6676,7517,
70990,56781,27404,29377,99362,47818,51544,113555,54578,58977,99358,47902,51456,56773,27349,29424,14194,6677,7517,
70995,56785,27404,29381,99369,47819,51550,113563,54580,58983,99365,47905,51460,56777,27350,29427,14195,6677,7518,
71000,56789,27405,29384,99376,47824,51552,113571,54584,58987,99372,47908,51464,56781,27353,29428,14196,6678,7518,
71005,56793,27407,29386,99383,47826,51557,113579,54589,58990,99379,47913,51466,56785,27354,29431,14197,6679,7518,
71010,56797,27410,29387,99390,47830,51560,113587,54592,58995,99386,47915,51471,56789,27355,29434,14198,6680,7518,
71015,56801,27413,29388,99397,47833,51564,113595,54596,58999,99393,47920,51473,56793,27356,29437,14199,6681,7518,
71020,56805,27414,29391,99404,47838,51566,113603,54602,59001,99400,47925,51475,56797,27359,29438,14200,6681,7519,
71025,56809,27414,29395,99411,47841,51570,113611,54605,59006,99407,47926,51481,56801,27361,29440,14201,6682,7519,
71030,56813,27416,29397,99418,47845,51573,113619,54608,59011,99414,47930,51484,56805,27364,29441,14202,6683,7519,
71035,56817,27419,29398,99425,47848,51577,113627,54611,59016,99421,47930,51491,56809,27365,29444,14203,6683,7520,
71040,56821,27421,29400,99432,47853,51579,113635,54614,59021,99428,47933,51495,56813,27366,29447,14204,6683,7521,
71045,56825,27422,29403,99439,47858,51581,113643,54619,59024,99435,47936,51499,56817,27369,29448,14205,6683,7522,
71050,56829,27422,29407,99446,47861,51585,113651,54623,59028,99442,47940,51502,56821,27371,29450,14206,6683,7523,
71055,56833,27425,29408,99453,47865,51588,113659,54626,59033,99449,47943,51506,56825,27375,29450,14207,6683,7524,
71060,56837,27427,29410,99460,47869,51591,113667,54632,59035,99456,47946,51510,56829,27378,29451,14208,6683,7525,
71065,56841,27427,29414,99467,47871,51596,113675,54638,59037,99463,47948,51515,56833,27381,29452,14209,6683,7526,
71070,56845,27429,29416,99474,47877,51597,113683,54642,59041,99470,47952,51518,56837,27382,29455,14210,6683,7527,
71075,56849,27433,29416,99481,47882,51599,113691,54649,59042,99477,47955,51522,56841,27384,29457,14211,6683,7528,
71080,56853,27436,29417,99488,47886,51602,113699,54650,59049,99484,47958,51526,56845,27386,29459,14212,6683,7529,
71085,56857,27439,29418,99495,47888,51607,113707,54655,59052,99491,47961,51530,56849,27387,29462,14213,6683,7530,
71090,56861,27443,29418,99502,47890,51612,113715,54660,59055,99498,47965,51533,56853,27390,29463,14214,6684,7530,
71095,56865,27444,29421,99509,47893,51616,113723,54662,59061,99505,47969,51536,56857,27393,29464,14215,6685,7530,
71100,56869,27445,29424,99516,47893,51623,113731,54663,59068,99512,47971,51541,56861,27395,29466,14216,6685,7531,
71105,56873,27447,29426,99523,47898,51625,113739,54668,59071,99519,47975,51544,56865,27397,29468,14217,6685,7532,
71110,56877,27449,29428,99530,47901,51629,113747,54672,59075,99526,47978,51548,56869,27399,29470,14218,6685,7533,
71115,56881,27451,29430,99537,47905,51632,113755,54677,59078,99533,47978,51555,56873,27400,29473,14219,6685,7534,
71120,56885,27453,29432,99544,47908,51636,113763,54683,59080,99540,47980,51560,56877,27402,29475,14220,6685,7535,
71125,56889,27455,29434,99551,47912,51639,113771,54688,59083,99547,47985,51562,56881,27403,29478,14221,6685,7536,
71130,56893,27456,29437,99558,47915,51643,113779,54694,59085,99554,47989,51565,56885,27405,29480,14222,6686,7536,
71135,56897,27458,29439,99565,47921,51644,113787,54698,59089,99561,47992,51569,56889,27406,29483,14223,6687,7536,
71140,56901,27460,29441,99572,47926,51646,113795,54702,59093,99568,47997,51571,56893,27408,29485,14224,6687,7537,
71145,56905,27461,29444,99579,47928,51651,113803,54708,59095,99575,47999,51576,56897,27409,29488,14225,6688,7537,
71150,56909,27462,29447,99586,47931,51655,113811,54714,59097,99582,48001,51581,56901,27412,29489,14226,6689,7537,
71155,56913,27465,29448,99593,47934,51659,113819,54719,59100,99589,48004,51585,56905,27415,29490,14227,6689,7538,
71160,56917,27466,29451,99600,47939,51661,113827,54721,59106,99596,48006,51590,56909,27417,29492,14228,6689,7539,
71165,56921,27468,29453,99607,47944,51663,113835,54725,59110,99603,48012,51591,56913,27420,29493,14229,6690,7539,
71170,56925,27470,29455,99614,47947,51667,113843,54732,59111,99610,48013,51597,56917,27421,29496,14230,6691,7539,
71175,56929,27473,29456,99621,47950,51671,113851,54736,59115,99617,48016,51601,56921,27423,29498,14231,6691,7540,
71180,56933,27474,29459,99628,47953,51675,113859,54742,59117,99624,48020,51604,56925,27423,29502,14232,6691,7541,
71185,56937,27474,29463,99635,47956,51679,113867,54746,59121,99631,48025,51606,56929,27424,29505,14233,6691,7542,
71190,56941,27475,29466,99642,47960,51682,113875,54751,59124,99638,48029,51609,56933,27427,29506,14234,6691,7543,
71195,56945,27476,29469,99649,47964,51685,113883,54753,59130,99645,48033,51612,56937,27429,29508,14235,6691,7544,
71200,56949,27477,29472,99656,47965,51691,113891,54756,59135,99652,48038,51614,56941,27431,29510,14236,6691,7545,
71205,56953,27479,29474,99663,47968,51695,113899,54760,59139,99659,48042,51617,56945,27434,29511,14237,6692,7545,
71210,56957,27480,29477,99670,47970,51700,113907,54767,59140,99666,48046,51620,56949,27436,29513,14238,6692,7546,
71215,56961,27482,29479,99677,47973,51704,113915,54772,59143,99673,48049,51624,56953,27437,29516,14239,6693,7546,
71220,56965,27485,29480,99684,47975,51709,113923,54776,59147,99680,48054,51626,56957,27438,29519,14240,6694,7546,
71225,56969,27487,29482,99691,47978,51713,113931,54780,59151,99687,48058,51629,56961,27441,29520,14241,6695,7546,
71230,56973,27489,29484,99698,47981,51717,113939,54784,59155,99694,48062,51632,56965,27442,29523,14242,6695,7547,
71235,56977,27492,29485,99705,47986,51719,113947,54788,59159,99701,48064,51637,56969,27443,29526,14243,6696,7547,
71240,56981,27495,29486,99712,47992,51720,113955,54792,59163,99708,48067,51641,56973,27444,29529,14244,6697,7547,
71245,56985,27497,29488,99719,47996,51723,113963,54796,59167,99715,48070,51645,56977,27445,29532,14245,6698,7547,
71250,56989,27501,29488,99726,47998,51728,113971,54799,59172,99722,48074,51648,56981,27447,29534,14246,6699,7547,
71255,56993,27504,29489,99733,48000,51733,113979,54802,59177,99729,48078,51651,56985,27449,29536,14247,6699,7548,
71260,56997,27507,29490,99740,48005,51735,113987,54805,59182,99736,48081,51655,56989,27451,29538,14248,6700,7548,
71265,57001,27509,29492,99747,48009,51738,113995,54807,59188,99743,48085,51658,56993,27452,29541,14249,6701,7548,
71270,57005,27509,29496,99754,48011,51743,114003,54812,59191,99750,48088,51662,56997,27453,29544,14250,6702,7548,
71275,57009,27510,29499,99761,48012,51749,114011,54814,59197,99757,48091,51666,57001,27456,29545,14251,6702,7549,
71280,57013,27513,29500,99768,48016,51752,114019,54816,59203,99764,48095,51669,57005,27458,29547,14252,6702,7550,
71285,57017,27516,29501,99775,48019,51756,114027,54821,59206,99771,48098,51673,57009,27459,29550,14253,6702,7551,
71290,57021,27517,29504,99782,48023,51759,114035,54828,59207,99778,48099,51679,57013,27460,29553,14254,6703,7551,
71295,57025,27519,29506,99789,48026,51763,114043,54831,59212,99785,48102,51683,57017,27462,29555,14255,6703,7552,
71300,57029,27520,29509,99796,48030,51766,114051,54836,59215,99792,48106,51686,57021,27464,29557,14256,6703,7553,
71305,57033,27521,29512,99803,48032,51771,114059,54840,59219,99799,48110,51689,57025,27467,29558,14257,6703,7554,
71310,57037,27522,29515,99810,48037,51773,114067,54842,59225,99806,48111,51695,57029,27470,29559,14258,6704,7554,
71315,57041,27526,29515,99817,48040,51777,114075,54847,59228,99813,48114,51699,57033,27471,29562,14259,6704,7555,
71320,57045,27528,29517,99824,48042,51782,114083,54851,59232,99820,48117,51703,57037,27472,29565,14260,6705,7555,
71325,57049,27530,29519,99831,48046,51785,114091,54855,59236,99827,48123,51704,57041,27474,29567,14261,6706,7555,
71330,57053,27533,29520,99838,48051,51787,114099,54859,59240,99834,48126,51708,57045,27475,29570,14262,6707,7555,
71335,57057,27535,29522,99845,48054,51791,114107,54863,59244,99841,48129,51712,57049,27478,29571,14263,6708,7555,
71340,57061,27536,29525,99852,48056,51796,114115,54865,59250,99848,48133,51715,57053,27479,29574,14264,6708,7556,
71345,57065,27538,29527,99859,48059,51800,114123,54868,59255,99855,48137,51718,57057,27481,29576,14265,6708,7557,
71350,57069,27539,29530,99866,48063,51803,114131,54871,59260,99862,48140,51722,57061,27482,29579,14266,6709,7557,
71355,57073,27541,29532,99873,48065,51808,114139,54874,59265,99869,48144,51725,57065,27484,29581,14267,6709,7558,
71360,57077,27544,29533,99880,48067,51813,114147,54878,59269,99876,48147,51729,57069,27486,29583,14268,6709,7559,
71365,57081,27546,29535,99887,48070,51817,114155,54883,59272,99883,48149,51734,57073,27489,29584,14269,6709,7560,
71370,57085,27548,29537,99894,48075,51819,114163,54886,59277,99890,48152,51738,57077,27491,29586,14270,6710,7560,
71375,57089,27549,29540,99901,48080,51821,114171,54890,59281,99897,48154,51743,57081,27494,29587,14271,6711,7560,
71380,57093,27552,29541,99908,48085,51823,114179,54892,59287,99904,48158,51746,57085,27495,29590,14272,6711,7561,
71385,57097,27554,29543,99915,48087,51828,114187,54895,59292,99911,48163,51748,57089,27497,29592,14273,6711,7562,
71390,57101,27557,29544,99922,48091,51831,114195,54901,59294,99918,48165,51753,57093,27498,29595,14274,6712,7562,
71395,57105,27561,29544,99929,48093,51836,114203,54904,59299,99925,48169,51756,57097,27500,29597,14275,6712,7563,
71400,57109,27562,29547,99936,48099,51837,114211,54908,59303,99932,48170,51762,57101,27500,29601,14276,6712,7564,
71405,57113,27562,29551,99943,48103,51840,114219,54913,59306,99939,48174,51765,57105,27504,29601,14277,6712,7565,
71410,57117,27563,29554,99950,48104,51846,114227,54918,59309,99946,48177,51769,57109,27506,29603,14278,6712,7566,
71415,57121,27565,29556,99957,48107,51850,114235,54922,59313,99953,48178,51775,57113,27506,29607,14279,6713,7566,
71420,57125,27567,29558,99964,48110,51854,114243,54923,59320,99960,48183,51777,57117,27507,29610,14280,6713,7567,
71425,57129,27570,29559,99971,48115,51856,114251,54928,59323,99967,48187,51780,57121,27508,29613,14281,6713,7568,
71430,57133,27570,29563,99978,48118,51860,114259,54929,59330,99974,48189,51785,57125,27510,29615,14282,6714,7568,
71435,57137,27574,29563,99985,48120,51865,114267,54934,59333,99981,48191,51790,57129,27512,29617,14283,6714,7569,
71440,57141,27578,29563,99992,48124,51868,114275,54939,59336,99988,48194,51794,57133,27515,29618,14284,6714,7570,
71445,57145,27580,29565,99999,48126,51873,114283,54943,59340,99995,48199,51796,57137,27515,29622,14285,6714,7571,
71450,57149,27581,29568,100006,48129,51877,114291,54950,59341,100002,48204,51798,57141,27516,29625,14286,6715,7571,
71455,57153,27582,29571,100013,48130,51883,114299,54953,59346,100009,48208,51801,57145,27519,29626,14287,6715,7572,
71460,57157,27582,29575,100020,48133,51887,114307,54959,59348,100016,48211,51805,57149,27521,29628,14288,6716,7572,
71465,57161,27585,29576,100027,48138,51889,114315,54964,59351,100023,48211,51812,57153,27524,29629,14289,6716,7573,
71470,57165,27587,29578,100034,48139,51895,114323,54970,59353,100030,48213,51817,57157,27525,29632,14290,6717,7573,
71475,57169,27590,29579,100041,48143,51898,114331,54976,59355,100037,48215,51822,57161,27526,29635,14291,6718,7573,
71480,57173,27592,29581,100048,48144,51904,114339,54979,59360,100044,48220,51824,57165,27526,29639,14292,6719,7573,
71485,57177,27593,29584,100055,48149,51906,114347,54986,59361,100051,48222,51829,57169,27528,29641,14293,6720,7573,
71490,57181,27595,29586,100062,48152,51910,114355,54992,59363,100058,48223,51835,57173,27530,29643,14294,6721,7573,
71495,57185,27596,29589,100069,48154,51915,114363,54996,59367,100065,48225,51840,57177,27532,29645,14295,6721,7574,
71500,57189,27598,29591,100076,48155,51921,114371,55000,59371,100072,48230,51842,57181,27533,29648,14296,6722,7574,
71505,57193,27601,29592,100083,48158,51925,114379,55003,59376,100079,48233,51846,57185,27535,29650,14297,6723,7574,
71510,57197,27603,29594,100090,48162,51928,114387,55006,59381,100086,48236,51850,57189,27538,29651,14298,6723,7575,
71515,57201,27604,29597,100097,48164,51933,114395,55009,59386,100093,48239,51854,57193,27539,29654,14299,6723,7576,
71520,57205,27607,29598,100104,48165,51939,114403,55013,59390,100100,48241,51859,57197,27541,29656,14300,6723,7577,
71525,57209,27610,29599,100111,48170,51941,114411,55017,59394,100107,48243,51864,57201,27544,29657,14301,6723,7578,
71530,57213,27613,29600,100118,48174,51944,114419,55020,59399,100114,48245,51869,57205,27545,29660,14302,6724,7578,
71535,57217,27617,29600,100125,48177,51948,114427,55025,59402,100121,48249,51872,57209,27546,29663,14303,6724,7579,
71540,57221,27620,29601,100132,48183,51949,114435,55031,59404,100128,48251,51877,57213,27548,29665,14304,6725,7579,
71545,57225,27624,29601,100139,48186,51953,114443,55034,59409,100135,48254,51881,57217,27550,29667,14305,6725,7580,
71550,57229,27627,29602,100146,48191,51955,114451,55040,59411,100142,48259,51883,57221,27553,29668,14306,6725,7581,
71555,57233,27629,29604,100153,48191,51962,114459,55043,59416,100149,48262,51887,57225,27555,29670,14307,6725,7582,
71560,57237,27632,29605,100160,48195,51965,114467,55048,59419,100156,48263,51893,57229,27555,29674,14308,6725,7583,
71565,57241,27635,29606,100167,48199,51968,114475,55049,59426,100163,48266,51897,57233,27559,29674,14309,6725,7584,
71570,57245,27637,29608,100174,48199,51975,114483,55053,59430,100170,48266,51904,57237,27562,29675,14310,6726,7584,
71575,57249,27640,29609,100181,48201,51980,114491,55057,59434,100177,48268,51909,57241,27563,29678,14311,6726,7585,
71580,57253,27641,29612,100188,48204,51984,114499,55064,59435,100184,48271,51913,57245,27565,29680,14312,6726,7586,
71585,57257,27645,29612,100195,48208,51987,114507,55066,59441,100191,48274,51917,57249,27566,29683,14313,6726,7587,
71590,57261,27648,29613,100202,48211,51991,114515,55072,59443,100198,48276,51922,57253,27567,29686,14314,6727,7587,
71595,57265,27650,29615,100209,48214,51995,114523,55075,59448,100205,48279,51926,57257,27568,29689,14315,6727,7588,
71600,57269,27650,29619,100216,48217,51999,114531,55079,59452,100212,48283,51929,57261,27570,29691,14316,6728,7588,
71605,57273,27652,29621,100223,48222,52001,114539,55082,59457,100219,48284,51935,57265,27571,29694,14317,6728,7589,
71610,57277,27653,29624,100230,48225,52005,114547,55085,59462,100226,48287,51939,57269,27574,29695,14318,6728,7590,
71615,57281,27654,29627,100237,48230,52007,114555,55088,59467,100233,48291,51942,57273,27577,29696,14319,6728,7591,
71620,57285,27657,29628,100244,48235,52009,114563,55094,59469,100240,48294,51946,57277,27579,29698,14320,6728,7592,
71625,57289,27658,29631,100251,48241,52010,114571,55097,59474,100247,48296,51951,57281,27582,29699,14321,6728,7593,
71630,57293,27659,29634,100258,48245,52013,114579,55100,59479,100254,48297,51957,57285,27585,29700,14322,6729,7593,
71635,57297,27661,29636,100265,48247,52018,114587,55102,59485,100261,48299,51962,57289,27586,29703,14323,6729,7594,
71640,57301,27662,29639,100272,48251,52021,114595,55104,59491,100268,48301,51967,57293,27588,29705,14324,6730,7594,
71645,57305,27665,29640,100279,48253,52026,114603,55112,59491,100275,48303,51972,57297,27590,29707,14325,6730,7595,
71650,57309,27668,29641,100286,48257,52029,114611,55116,59495,100282,48307,51975,57301,27590,29711,14326,6730,7596,
71655,57313,27669,29644,100293,48261,52032,114619,55120,59499,100289,48312,51977,57305,27592,29713,14327,6730,7597,
71660,57317,27669,29648,100300,48265,52035,114627,55125,59502,100296,48314,51982,57309,27593,29716,14328,6731,7597,
71665,57321,27670,29651,100307,48267,52040,114635,55130,59505,100303,48318,51985,57313,27596,29717,14329,6732,7597,
71670,57325,27671,29654,100314,48270,52044,114643,55136,59507,100310,48319,51991,57317,27597,29720,14330,6733,7597,
71675,57329,27673,29656,100321,48272,52049,114651,55140,59511,100317,48323,51994,57321,27598,29723,14331,6733,7598,
71680,57333,27674,29659,100328,48276,52052,114659,55143,59516,100324,48326,51998,57325,27600,29725,14332,6734,7598,
71685,57337,27675,29662,100335,48279,52056,114667,55147,59520,100331,48328,52003,57329,27601,29728,14333,6735,7598,
71690,57341,27676,29665,100342,48282,52060,114675,55150,59525,100338,48332,52006,57333,27603,29730,14334,6736,7598,
71695,57345,27677,29668,100349,48283,52066,114683,55153,59530,100345,48334,52011,57337,27604,29733,14335,6737,7598,
71700,57349,27678,29671,100356,48290,52066,114691,55158,59533,100352,48339,52013,57341,27606,29735,14336,6737,7599,
71705,57353,27679,29674,100363,48293,52070,114699,55164,59535,100359,48342,52017,57345,27607,29738,14337,6737,7600,
71710,57357,27681,29676,100370,48295,52075,114707,55170,59537,100366,48343,52023,57349,27609,29740,14338,6737,7601,
71715,57361,27684,29677,100377,48299,52078,114715,55172,59543,100373,48346,52027,57353,27612,29741,14339,6738,7601,
71720,57365,27684,29681,100384,48302,52082,114723,55175,59548,100380,48350,52030,57357,27612,29745,14340,6739,7601,
71725,57369,27685,29684,100391,48303,52088,114731,55181,59550,100387,48355,52032,57361,27613,29748,14341,6739,7602,
71730,57373,27686,29687,100398,48306,52092,114739,55184,59555,100394,48358,52036,57365,27614,29751,14342,6740,7602,
71735,57377,27688,29689,100405,48309,52096,114747,55191,59556,100401,48361,52040,57369,27617,29752,14343,6741,7602,
71740,57381,27690,29691,100412,48311,52101,114755,55195,59560,100408,48366,52042,57373,27619,29754,14344,6741,7603,
71745,57385,27691,29694,100419,48313,52106,114763,55198,59565,100415,48369,52046,57377,27620,29757,14345,6742,7603,
71750,57389,27692,29697,100426,48317,52109,114771,55200,59571,100422,48372,52050,57381,27621,29760,14346,6743,7603,
71755,57393,27695,29698,100433,48321,52112,114779,55207,59572,100429,48375,52054,57385,27623,29762,14347,6743,7604,
71760,57397,27697,29700,100440,48326,52114,114787,55211,59576,100436,48378,52058,57389,27626,29763,14348,6744,7604,
71765,57401,27700,29701,100447,48328,52119,114795,55215,59580,100443,48380,52063,57393,27628,29765,14349,6744,7605,
71770,57405,27702,29703,100454,48331,52123,114803,55216,59587,100450,48383,52067,57397,27630,29767,14350,6744,7606,
71775,57409,27703,29706,100461,48335,52126,114811,55220,59591,100457,48385,52072,57401,27631,29770,14351,6745,7606,
71780,57413,27707,29706,100468,48338,52130,114819,55225,59594,100464,48387,52077,57405,27632,29773,14352,6745,7607,
71785,57417,27708,29709,100475,48342,52133,114827,55229,59598,100471,48390,52081,57409,27635,29774,14353,6746,7607,
71790,57421,27710,29711,100482,48345,52137,114835,55233,59602,100478,48393,52085,57413,27637,29776,14354,6747,7607,
71795,57425,27714,29711,100489,48347,52142,114843,55236,59607,100485,48397,52088,57417,27640,29777,14355,6747,7608,
71800,57429,27714,29715,100496,48348,52148,114851,55243,59608,100492,48400,52092,57421,27643,29778,14356,6747,7609,
71805,57433,27716,29717,100503,48353,52150,114859,55246,59613,100499,48404,52095,57425,27645,29780,14357,6747,7610,
71810,57437,27718,29719,100510,48353,52157,114867,55252,59615,100506,48406,52100,57429,27647,29782,14358,6748,7610,
71815,57441,27720,29721,100517,48356,52161,114875,55257,59618,100513,48410,52103,57433,27650,29783,14359,6748,7611,
71820,57445,27721,29724,100524,48359,52165,114883,55262,59621,100520,48415,52105,57437,27653,29784,14360,6748,7612,
71825,57449,27723,29726,100531,48362,52169,114891,55264,59627,100527,48417,52110,57441,27655,29786,14361,6748,7613,
71830,57453,27726,29727,100538,48365,52173,114899,55268,59631,100534,48423,52111,57445,27656,29789,14362,6748,7614,
71835,57457,27729,29728,100545,48367,52178,114907,55272,59635,100541,48427,52114,57449,27657,29792,14363,6749,7614,
71840,57461,27731,29730,100552,48372,52180,114915,55275,59640,100548,48429,52119,57453,27658,29795,14364,6750,7614,
71845,57465,27734,29731,100559,48372,52187,114923,55279,59644,100555,48430,52125,57457,27662,29795,14365,6751,7614,
71850,57469,27734,29735,100566,48377,52189,114931,55284,59647,100562,48435,52127,57461,27664,29797,14366,6751,7615,
71855,57473,27736,29737,100573,48380,52193,114939,55289,59650,100569,48438,52131,57465,27665,29800,14367,6752,7615,
71860,57477,27737,29740,100580,48384,52196,114947,55294,59653,100576,48439,52137,57469,27667,29802,14368,6753,7615,
71865,57481,27737,29744,100587,48388,52199,114955,55299,59656,100583,48440,52143,57473,27670,29803,14369,6754,7615,
71870,57485,27740,29745,100594,48390,52204,114963,55303,59660,100590,48444,52146,57477,27673,29804,14370,6754,7616,
71875,57489,27743,29746,100601,48394,52207,114971,55306,59665,100597,48448,52149,57481,27675,29806,14371,6755,7616,
71880,57493,27746,29747,100608,48399,52209,114979,55309,59670,100604,48449,52155,57485,27676,29809,14372,6755,7617,
71885,57497,27747,29750,100615,48402,52213,114987,55313,59674,100611,48452,52159,57489,27678,29811,14373,6756,7617,
71890,57501,27748,29753,100622,48403,52219,114995,55318,59677,100618,48454,52164,57493,27680,29813,14374,6757,7617,
71895,57505,27749,29756,100629,48406,52223,115003,55321,59682,100625,48458,52167,57497,27682,29815,14375,6758,7617,
71900,57509,27751,29758,100636,48409,52227,115011,55326,59685,100632,48459,52173,57501,27685,29816,14376,6758,7618,
71905,57513,27752,29761,100643,48412,52231,115019,55330,59689,100639,48463,52176,57505,27686,29819,14377,6759,7618,
71910,57517,27755,29762,100650,48414,52236,115027,55336,59691,100646,48468,52178,57509,27689,29820,14378,6760,7618,
71915,57521,27756,29765,100657,48419,52238,115035,55339,59696,100653,48472,52181,57513,27691,29822,14379,6760,7619,
71920,57525,27759,29766,100664,48421,52243,115043,55343,59700,100660,48476,52184,57517,27694,29823,14380,6760,7620,
71925,57529,27759,29770,100671,48426,52245,115051,55348,59703,100667,48480,52187,57521,27696,29825,14381,6761,7620,
71930,57533,27761,29772,100678,48429,52249,115059,55349,59710,100674,48482,52192,57525,27698,29827,14382,6761,7621,
71935,57537,27762,29775,100685,48433,52252,115067,55352,59715,100681,48486,52195,57529,27700,29829,14383,6761,7622,
71940,57541,27764,29777,100692,48437,52255,115075,55356,59719,100688,48491,52197,57533,27703,29830,14384,6761,7623,
71945,57545,27767,29778,100699,48440,52259,115083,55361,59722,100695,48494,52201,57537,27705,29832,14385,6762,7623,
71950,57549,27768,29781,100706,48445,52261,115091,55365,59726,100702,48498,52204,57541,27705,29836,14386,6762,7624,
71955,57553,27770,29783,100713,48449,52264,115099,55367,59732,100709,48501,52208,57545,27706,29839,14387,6763,7624,
71960,57557,27772,29785,100720,48452,52268,115107,55372,59735,100716,48505,52211,57549,27707,29842,14388,6763,7625,
71965,57561,27774,29787,100727,48455,52272,115115,55378,59737,100723,48508,52215,57553,27708,29845,14389,6764,7625,
71970,57565,27776,29789,100734,48460,52274,115123,55383,59740,100730,48514,52216,57557,27710,29847,14390,6764,7626,
71975,57569,27779,29790,100741,48464,52277,115131,55386,59745,100737,48517,52220,57561,27711,29850,14391,6764,7627,
71980,57573,27780,29793,100748,48467,52281,115139,55389,59750,100744,48520,52224,57565,27712,29853,14392,6765,7627,
71985,57577,27783,29794,100755,48470,52285,115147,55393,59754,100751,48525,52226,57569,27714,29855,14393,6766,7627,
71990,57581,27785,29796,100762,48475,52287,115155,55397,59758,100758,48527,52231,57573,27717,29856,14394,6766,7628,
71995,57585,27786,29799,100769,48478,52291,115163,55399,59764,100765,48528,52237,57577,27718,29859,14395,6766,7629,
72000,57589,27788,29801,100776,48482,52294,115171,55403,59768,100772,48531,52241,57581,27720,29861,14396,6767,7629,
72005,57593,27790,29803,100783,48482,52301,115179,55405,59774,100779,48533,52246,57585,27723,29862,14397,6767,7630,
72010,57597,27794,29803,100790,48486,52304,115187,55408,59779,100786,48535,52251,57589,27727,29862,14398,6767,7631,
72015,57601,27798,29803,100797,48489,52308,115195,55411,59784,100793,48537,52256,57593,27728,29865,14399,6767,7632,
72020,57605,27801,29804,100804,48494,52310,115203,55414,59789,100800,48542,52258,57597,27732,29865,14400,6767,7633,
72025,57609,27803,29806,100811,48495,52316,115211,55421,59790,100807,48545,52262,57601,27734,29867,14401,6768,7633,
72030,57613,27806,29807,100818,48499,52319,115219,55427,59792,100814,48548,52266,57605,27737,29868,14402,6768,7634,
72035,57617,27808,29809,100825,48502,52323,115227,55434,59793,100821,48552,52269,57609,27740,29869,14403,6769,7634,
72040,57621,27809,29812,100832,48507,52325,115235,55439,59796,100828,48556,52272,57613,27742,29871,14404,6769,7635,
72045,57625,27813,29812,100839,48507,52332,115243,55445,59798,100835,48560,52275,57617,27744,29873,14405,6770,7635,
72050,57629,27813,29816,100846,48511,52335,115251,55449,59802,100842,48564,52278,57621,27746,29875,14406,6770,7636,
72055,57633,27815,29818,100853,48512,52341,115259,55451,59808,100849,48568,52281,57625,27746,29879,14407,6771,7636,
72060,57637,27816,29821,100860,48516,52344,115267,55455,59812,100856,48572,52284,57629,27749,29880,14408,6771,7637,
72065,57641,27819,29822,100867,48520,52347,115275,55457,59818,100863,48577,52286,57633,27752,29881,14409,6772,7637,
72070,57645,27820,29825,100874,48522,52352,115283,55461,59822,100870,48579,52291,57637,27755,29882,14410,6773,7637,
72075,57649,27823,29826,100881,48527,52354,115291,55466,59825,100877,48583,52294,57641,27757,29884,14411,6773,7638,
72080,57653,27824,29829,100888,48530,52358,115299,55469,59830,100884,48585,52299,57645,27761,29884,14412,6773,7639,
72085,57657,27827,29830,100895,48535,52360,115307,55474,59833,100891,48588,52303,57649,27761,29888,14413,6773,7640,
72090,57661,27829,29832,100902,48539,52363,115315,55479,59836,100898,48591,52307,57653,27763,29890,14414,6774,7640,
72095,57665,27829,29836,100909,48540,52369,115323,55483,59840,100905,48593,52312,57657,27764,29893,14415,6775,7640,
72100,57669,27830,29839,100916,48546,52370,115331,55488,59843,100912,48597,52315,57661,27767,29894,14416,6776,7640,
72105,57673,27832,29841,100923,48547,52376,115339,55494,59845,100919,48598,52321,57665,27769,29896,14417,6777,7640,
72110,57677,27834,29843,100930,48549,52381,115347,55499,59848,100926,48601,52325,57669,27769,29900,14418,6778,7640,
72115,57681,27836,29845,100937,48553,52384,115355,55503,59852,100933,48606,52327,57673,27770,29903,14419,6779,7640,
72120,57685,27839,29846,100944,48557,52387,115363,55507,59856,100940,48609,52331,57677,27770,29907,14420,6780,7640,
72125,57689,27840,29849,100951,48560,52391,115371,55510,59861,100947,48613,52334,57681,27771,29910,14421,6781,7640,
72130,57693,27842,29851,100958,48563,52395,115379,55516,59863,100954,48615,52339,57685,27771,29914,14422,6781,7641,
72135,57697,27845,29852,100965,48565,52400,115387,55519,59868,100961,48619,52342,57689,27774,29915,14423,6781,7642,
72140,57701,27847,29854,100972,48568,52404,115395,55525,59870,100968,48623,52345,57693,27776,29917,14424,6782,7642,
72145,57705,27849,29856,100979,48569,52410,115403,55529,59874,100975,48628,52347,57697,27778,29919,14425,6782,7643,
72150,57709,27850,29859,100986,48570,52416,115411,55532,59879,100982,48632,52350,57701,27780,29921,14426,6782,7644,
72155,57713,27852,29861,100993,48574,52419,115419,55537,59882,100989,48636,52353,57705,27782,29923,14427,6782,7645,
72160,57717,27855,29862,101000,48579,52421,115427,55541,59886,100996,48639,52357,57709,27782,29927,14428,6783,7645,
72165,57721,27858,29863,101007,48583,52424,115435,55545,59890,101003,48643,52360,57713,27784,29929,14429,6784,7645,
72170,57725,27862,29863,101014,48585,52429,115443,55547,59896,101010,48647,52363,57717,27785,29932,14430,6785,7645,
72175,57729,27864,29865,101021,48589,52432,115451,55551,59900,101017,48652,52365,57721,27787,29934,14431,6786,7645,
72180,57733,27866,29867,101028,48592,52436,115459,55553,59906,101024,48653,52371,57725,27790,29935,14432,6787,7645,
72185,57737,27868,29869,101035,48596,52439,115467,55560,59907,101031,48659,52372,57729,27793,29936,14433,6788,7645,
72190,57741,27870,29871,101042,48600,52442,115475,55563,59912,101038,48660,52378,57733,27794,29939,14434,6788,7646,
72195,57745,27871,29874,101049,48604,52445,115483,55566,59917,101045,48662,52383,57737,27796,29941,14435,6788,7647,
72200,57749,27874,29875,101056,48607,52449,115491,55567,59924,101052,48666,52386,57741,27799,29942,14436,6788,7648,
72205,57753,27875,29878,101063,48613,52450,115499,55571,59928,101059,48670,52389,57745,27799,29946,14437,6788,7649,
72210,57757,27876,29881,101070,48616,52454,115507,55577,59930,101066,48677,52389,57749,27800,29949,14438,6788,7650,
72215,57761,27877,29884,101077,48620,52457,115515,55583,59932,101073,48680,52393,57753,27801,29952,14439,6788,7651,
72220,57765,27878,29887,101084,48622,52462,115523,55589,59934,101080,48681,52399,57757,27803,29954,14440,6789,7651,
72225,57769,27879,29890,101091,48625,52466,115531,55591,59940,101087,48684,52403,57761,27806,29955,14441,6789,7652,
72230,57773,27881,29892,101098,48627,52471,115539,55595,59944,101094,48688,52406,57765,27807,29958,14442,6790,7652,
72235,57777,27883,29894,101105,48632,52473,115547,55597,59950,101101,48693,52408,57769,27807,29962,14443,6790,7653,
72240,57781,27886,29895,101112,48633,52479,115555,55601,59954,101108,48697,52411,57773,27810,29963,14444,6790,7654,
72245,57785,27887,29898,101119,48638,52481,115563,55605,59958,101115,48700,52415,57777,27812,29965,14445,6790,7655,
72250,57789,27888,29901,101126,48644,52482,115571,55609,59962,101122,48703,52419,57781,27814,29967,14446,6790,7656,
72255,57793,27889,29904,101133,48646,52487,115579,55615,59964,101129,48708,52421,57785,27817,29968,14447,6791,7656,
72260,57797,27890,29907,101140,48651,52489,115587,55617,59970,101136,48714,52422,57789,27818,29971,14448,6792,7656,
72265,57801,27891,29910,101147,48656,52491,115595,55618,59977,101143,48718,52425,57793,27820,29973,14449,6792,7657,
72270,57805,27892,29913,101154,48662,52492,115603,55623,59980,101150,48720,52430,57797,27822,29975,14450,6792,7658,
72275,57809,27894,29915,101161,48664,52497,115611,55626,59985,101157,48721,52436,57801,27825,29976,14451,6792,7659,
72280,57813,27894,29919,101168,48666,52502,115619,55630,59989,101164,48725,52439,57805,27827,29978,14452,6793,7659,
72285,57817,27896,29921,101175,48669,52506,115627,55632,59995,101171,48728,52443,57809,27829,29980,14453,6793,7660,
72290,57821,27898,29923,101182,48669,52513,115635,55636,59999,101178,48734,52444,57813,27830,29983,14454,6794,7660,
72295,57825,27900,29925,101189,48672,52517,115643,55640,60003,101185,48737,52448,57817,27831,29986,14455,6795,7660,
72300,57829,27902,29927,101196,48674,52522,115651,55643,60008,101192,48738,52454,57821,27833,29988,14456,6796,7660,
72305,57833,27906,29927,101203,48678,52525,115659,55648,60011,101199,48742,52457,57825,27834,29991,14457,6797,7660,
72310,57837,27907,29930,101210,48681,52529,115667,55653,60014,101206,48746,52460,57829,27836,29993,14458,6797,7661,
72315,57841,27909,29932,101217,48682,52535,115675,55657,60018,101213,48750,52463,57833,27837,29996,14459,6798,7661,
72320,57845,27912,29933,101224,48686,52538,115683,55661,60022,101220,48753,52467,57837,27839,29998,14460,6798,7662,
72325,57849,27913,29936,101231,48689,52542,115691,55665,60026,101227,48757,52470,57841,27842,29999,14461,6799,7662,
72330,57853,27915,29938,101238,48694,52544,115699,55669,60030,101234,48761,52473,57845,27844,30001,14462,6800,7662,
72335,57857,27918,29939,101245,48699,52546,115707,55672,60035,101241,48764,52477,57849,27845,30004,14463,6801,7662,
72340,57861,27920,29941,101252,48706,52546,115715,55676,60039,101248,48766,52482,57853,27847,30006,14464,6802,7662,
72345,57865,27924,29941,101259,48711,52548,115723,55680,60043,101255,48770,52485,57857,27849,30008,14465,6803,7662,
72350,57869,27927,29942,101266,48714,52552,115731,55685,60046,101262,48774,52488,57861,27851,30010,14466,6804,7662,
72355,57873,27929,29944,101273,48717,52556,115739,55689,60050,101269,48777,52492,57865,27853,30012,14467,6804,7663,
72360,57877,27931,29946,101280,48721,52559,115747,55693,60054,101276,48781,52495,57869,27856,30013,14468,6805,7663,
72365,57881,27933,29948,101287,48724,52563,115755,55699,60056,101283,48785,52498,57873,27858,30015,14469,6806,7663,
72370,57885,27933,29952,101294,48726,52568,115763,55703,60060,101290,48789,52501,57877,27862,30015,14470,6807,7663,
72375,57889,27933,29956,101301,48730,52571,115771,55708,60063,101297,48791,52506,57881,27865,30016,14471,6808,7663,
72380,57893,27935,29958,101308,48732,52576,115779,55710,60069,101304,48793,52511,57885,27867,30018,14472,6808,7664,
72385,57897,27938,29959,101315,48736,52579,115787,55713,60074,101311,48796,52515,57889,27868,30021,14473,6808,7665,
72390,57901,27939,29962,101322,48740,52582,115795,55718,60077,101318,48801,52517,57893,27870,30023,14474,6809,7665,
72395,57905,27940,29965,101329,48744,52585,115803,55720,60083,101325,48801,52524,57897,27873,30024,14475,6809,7666,
72400,57909,27941,29968,101336,48747,52589,115811,55726,60085,101332,48802,52530,57901,27874,30027,14476,6809,7667,
72405,57913,27942,29971,101343,48751,52592,115819,55730,60089,101339,48804,52535,57905,27876,30029,14477,6810,7667,
72410,57917,27944,29973,101350,48755,52595,115827,55734,60093,101346,48807,52539,57909,27877,30032,14478,6810,7668,
72415,57921,27948,29973,101357,48758,52599,115835,55736,60099,101353,48809,52544,57913,27879,30034,14479,6811,7668,
72420,57925,27948,29977,101364,48764,52600,115843,55739,60104,101360,48813,52547,57917,27881,30036,14480,6812,7668,
72425,57929,27949,29980,101371,48769,52602,115851,55742,60109,101367,48816,52551,57921,27884,30037,14481,6812,7669,
72430,57933,27951,29982,101378,48772,52606,115859,55744,60115,101374,48820,52554,57925,27887,30038,14482,6812,7670,
72435,57937,27953,29984,101385,48776,52609,115867,55748,60119,101381,48824,52557,57929,27888,30041,14483,6813,7670,
72440,57941,27956,29985,101392,48778,52614,115875,55751,60124,101388,48829,52559,57933,27891,30042,14484,6814,7670,
72445,57945,27958,29987,101399,48784,52615,115883,55755,60128,101395,48831,52564,57937,27894,30043,14485,6815,7670,
72450,57949,27961,29988,101406,48787,52619,115891,55758,60133,101402,48837,52565,57941,27896,30045,14486,6816,7670,
72455,57953,27962,29991,101413,48791,52622,115899,55762,60137,101409,48840,52569,57945,27898,30047,14487,6816,7671,
72460,57957,27964,29993,101420,48793,52627,115907,55764,60143,101416,48844,52572,57949,27901,30048,14488,6816,7672,
72465,57961,27965,29996,101427,48797,52630,115915,55767,60148,101423,48848,52575,57953,27903,30050,14489,6817,7672,
72470,57965,27966,29999,101434,48799,52635,115923,55772,60151,101430,48850,52580,57957,27905,30052,14490,6818,7672,
72475,57969,27969,30000,101441,48804,52637,115931,55775,60156,101437,48855,52582,57961,27907,30054,14491,6819,7672,
72480,57973,27972,30001,101448,48806,52642,115939,55778,60161,101444,48860,52584,57965,27910,30055,14492,6820,7672,
72485,57977,27973,30004,101455,48809,52646,115947,55783,60164,101451,48862,52589,57969,27912,30057,14493,6821,7672,
72490,57981,27975,30006,101462,48814,52648,115955,55789,60166,101458,48867,52591,57973,27913,30060,14494,6822,7672,
72495,57985,27975,30010,101469,48819,52650,115963,55794,60169,101465,48872,52593,57977,27914,30063,14495,6823,7672,
72500,57989,27976,30013,101476,48823,52653,115971,55797,60174,101472,48874,52598,57981,27918,30063,14496,6824,7672,
72505,57993,27980,30013,101483,48826,52657,115979,55801,60178,101479,48878,52601,57985,27921,30064,14497,6824,7673,
72510,57997,27981,30016,101490,48831,52659,115987,55803,60184,101486,48881,52605,57989,27923,30066,14498,6825,7673,
72515,58001,27982,30019,101497,48837,52660,115995,55808,60187,101493,48883,52610,57993,27924,30069,14499,6826,7673,
72520,58005,27984,30021,101504,48841,52663,116003,55813,60190,101500,48885,52615,57997,27925,30072,14500,6827,7673,
72525,58009,27986,30023,101511,48842,52669,116011,55815,60196,101507,48888,52619,58001,27927,30074,14501,6828,7673,
72530,58013,27989,30024,101518,48844,52674,116019,55818,60201,101514,48891,52623,58005,27928,30077,14502,6828,7674,
72535,58017,27990,30027,101525,48848,52677,116027,55820,60207,101521,48895,52626,58009,27931,30078,14503,6828,7675,
72540,58021,27993,30028,101532,48853,52679,116035,55822,60213,101528,48897,52631,58013,27933,30080,14504,6828,7676,
72545,58025,27996,30029,101539,48857,52682,116043,55828,60215,101535,48903,52632,58017,27936,30081,14505,6828,7677,
72550,58029,27997,30032,101546,48863,52683,116051,55830,60221,101542,48906,52636,58021,27937,30084,14506,6829,7677,
72555,58033,27997,30036,101553,48867,52686,116059,55835,60224,101549,48910,52639,58025,27939,30086,14507,6829,7678,
72560,58037,27997,30040,101560,48872,52688,116067,55841,60226,101556,48913,52643,58029,27942,30087,14508,6829,7679,
72565,58041,28001,30040,101567,48876,52691,116075,55846,60229,101563,48915,52648,58033,27944,30089,14509,6830,7679,
72570,58045,28004,30041,101574,48879,52695,116083,55850,60233,101570,48918,52652,58037,27946,30091,14510,6831,7679,
72575,58049,28005,30044,101581,48881,52700,116091,55852,60239,101577,48921,52656,58041,27946,30095,14511,6832,7679,
72580,58053,28006,30047,101588,48884,52704,116099,55859,60240,101584,48924,52660,58045,27948,30097,14512,6832,7680,
72585,58057,28007,30050,101595,48888,52707,116107,55863,60244,101591,48927,52664,58049,27950,30099,14513,6832,7681,
72590,58061,28009,30052,101602,48891,52711,116115,55868,60247,101598,48929,52669,58053,27950,30103,14514,6833,7681,
72595,58065,28011,30054,101609,48894,52715,116123,55873,60250,101605,48934,52671,58057,27954,30103,14515,6834,7681,
72600,58069,28013,30056,101616,48898,52718,116131,55878,60253,101612,48937,52675,58061,27958,30103,14516,6834,7682,
72605,58073,28014,30059,101623,48902,52721,116139,55881,60258,101619,48938,52681,58065,27961,30104,14517,6835,7682,
72610,58077,28017,30060,101630,48904,52726,116147,55885,60262,101626,48940,52686,58069,27962,30107,14518,6836,7682,
72615,58081,28019,30062,101637,48907,52730,116155,55889,60266,101633,48942,52691,58073,27965,30108,14519,6836,7683,
72620,58085,28023,30062,101644,48912,52732,116163,55892,60271,101640,48943,52697,58077,27967,30110,14520,6837,7683,
72625,58089,28024,30065,101651,48914,52737,116171,55897,60274,101647,48945,52702,58081,27968,30113,14521,6837,7684,
72630,58093,28026,30067,101658,48918,52740,116179,55903,60276,101654,48950,52704,58085,27970,30115,14522,6837,7685,
72635,58097,28029,30068,101665,48920,52745,116187,55906,60281,101661,48953,52708,58089,27972,30117,14523,6837,7686,
72640,58101,28029,30072,101672,48923,52749,116195,55910,60285,101668,48955,52713,58093,27972,30121,14524,6838,7686,
72645,58105,28030,30075,101679,48929,52750,116203,55915,60288,101675,48959,52716,58097,27974,30123,14525,6838,7687,
72650,58109,28031,30078,101686,48932,52754,116211,55919,60292,101682,48963,52719,58101,27977,30124,14526,6839,7687,
72655,58113,28033,30080,101693,48937,52756,116219,55923,60296,101689,48967,52722,58105,27977,30128,14527,6840,7687,
72660,58117,28035,30082,101700,48939,52761,116227,55925,60302,101696,48969,52727,58109,27979,30130,14528,6841,7687,
72665,58121,28037,30084,101707,48942,52765,116235,55929,60306,101703,48974,52729,58113,27982,30131,14529,6841,7688,
72670,58125,28039,30086,101714,48943,52771,116243,55933,60310,101710,48979,52731,58117,27983,30134,14530,6841,7689,
72675,58129,28041,30088,101721,48947,52774,116251,55936,60315,101717,48985,52732,58121,27984,30137,14531,6841,7690,
72680,58133,28043,30090,101728,48951,52777,116259,55941,60318,101724,48989,52735,58125,27985,30140,14532,6841,7691,
72685,58137,28046,30091,101735,48954,52781,116267,55946,60321,101731,48992,52739,58129,27986,30143,14533,6842,7691,
72690,58141,28047,30094,101742,48956,52786,116275,55947,60328,101738,48993,52745,58133,27989,30144,14534,6843,7691,
72695,58145,28050,30095,101749,48959,52790,116283,55953,60330,101745,48998,52747,58137,27992,30145,14535,6843,7692,
72700,58149,28053,30096,101756,48965,52791,116291,55956,60335,101752,49002,52750,58141,27993,30148,14536,6843,7693,
72705,58153,28055,30098,101763,48971,52792,116299,55961,60338,101759,49007,52752,58145,27995,30150,14537,6844,7693,
72710,58157,28058,30099,101770,48973,52797,116307,55965,60342,101766,49010,52756,58149,27997,30152,14538,6845,7693,
72715,58161,28061,30100,101777,48977,52800,116315,55968,60347,101773,49014,52759,58153,28000,30153,14539,6846,7693,
72720,58165,28065,30100,101784,48980,52804,116323,55972,60351,101780,49018,52762,58157,28002,30155,14540,6846,7694,
72725,58169,28067,30102,101791,48981,52810,116331,55974,60357,101787,49021,52766,58161,28004,30157,14541,6847,7694,
72730,58173,28068,30105,101798,48983,52815,116339,55980,60359,101794,49028,52766,58165,28004,30161,14542,6847,7695,
72735,58177,28070,30107,101805,48985,52820,116347,55983,60364,101801,49033,52768,58169,28005,30164,14543,6848,7695,
72740,58181,28073,30108,101812,48990,52822,116355,55988,60367,101808,49037,52771,58173,28008,30165,14544,6848,7696,
72745,58185,28074,30111,101819,48991,52828,116363,55992,60371,101815,49038,52777,58177,28009,30168,14545,6848,7697,
72750,58189,28075,30114,101826,48994,52832,116371,55995,60376,101822,49043,52779,58181,28010,30171,14546,6849,7697,
72755,58193,28077,30116,101833,48996,52837,116379,55997,60382,101829,49047,52782,58185,28011,30174,14547,6849,7698,
72760,58197,28080,30117,101840,49000,52840,116387,55999,60388,101836,49050,52786,58189,28014,30175,14548,6850,7698,
72765,58201,28081,30120,101847,49003,52844,116395,56004,60391,101843,49051,52792,58193,28015,30178,14549,6850,7699,
72770,58205,28084,30121,101854,49003,52851,116403,56006,60397,101850,49054,52796,58197,28018,30179,14550,6851,7699,
72775,58209,28088,30121,101861,49006,52855,116411,56009,60402,101857,49058,52799,58201,28019,30182,14551,6852,7699,
72780,58213,28090,30123,101868,49007,52861,116419,56013,60406,101864,49060,52804,58205,28021,30184,14552,6852,7700,
72785,58217,28091,30126,101875,49011,52864,116427,56018,60409,101871,49064,52807,58209,28022,30187,14553,6852,7701,
72790,58221,28092,30129,101882,49015,52867,116435,56023,60412,101878,49067,52811,58213,28024,30189,14554,6852,7702,
72795,58225,28094,30131,101889,49020,52869,116443,56027,60416,101885,49069,52816,58217,28024,30193,14555,6853,7702,
72800,58229,28095,30134,101896,49023,52873,116451,56033,60418,101892,49073,52819,58221,28027,30194,14556,6854,7702,
72805,58233,28096,30137,101903,49028,52875,116459,56037,60422,101899,49078,52821,58225,28028,30197,14557,6854,7703,
72810,58237,28098,30139,101910,49031,52879,116467,56041,60426,101906,49082,52824,58229,28032,30197,14558,6854,7704,
72815,58241,28099,30142,101917,49035,52882,116475,56045,60430,101913,49084,52829,58233,28033,30200,14559,6854,7705,
72820,58245,28100,30145,101924,49038,52886,116483,56050,60433,101920,49086,52834,58237,28034,30203,14560,6855,7705,
72825,58249,28101,30148,101931,49041,52890,116491,56053,60438,101927,49090,52837,58241,28038,30203,14561,6856,7705,
72830,58253,28103,30150,101938,49047,52891,116499,56058,60441,101934,49095,52839,58245,28040,30205,14562,6857,7705,
72835,58257,28106,30151,101945,49049,52896,116507,56061,60446,101941,49100,52841,58249,28041,30208,14563,6858,7705,
72840,58261,28108,30153,101952,49052,52900,116515,56064,60451,101948,49103,52845,58253,28042,30211,14564,6858,7706,
72845,58265,28111,30154,101959,49057,52902,116523,56067,60456,101955,49109,52846,58257,28043,30214,14565,6859,7706,
72850,58269,28112,30157,101966,49059,52907,116531,56067,60464,101962,49113,52849,58261,28045,30216,14566,6860,7706,
72855,58273,28112,30161,101973,49062,52911,116539,56072,60467,101969,49115,52854,58265,28046,30219,14567,6861,7706,
72860,58277,28114,30163,101980,49065,52915,116547,56077,60470,101976,49117,52859,58269,28048,30221,14568,6862,7706,
72865,58281,28114,30167,101987,49068,52919,116555,56079,60476,101983,49120,52863,58273,28049,30224,14569,6863,7706,
72870,58285,28116,30169,101994,49071,52923,116563,56082,60481,101990,49125,52865,58277,28052,30225,14570,6863,7707,
72875,58289,28117,30172,102001,49076,52925,116571,56088,60483,101997,49131,52866,58281,28055,30226,14571,6863,7708,
72880,58293,28119,30174,102008,49080,52928,116579,56088,60491,102004,49134,52870,58285,28058,30227,14572,6863,7709,
72885,58297,28122,30175,102015,49082,52933,116587,56091,60496,102011,49139,52872,58289,28059,30230,14573,6864,7709,
72890,58301,28124,30177,102022,49084,52938,116595,56093,60502,102018,49142,52876,58293,28059,30234,14574,6865,7709,
72895,58305,28125,30180,102029,49086,52943,116603,56097,60506,102025,49146,52879,58297,28060,30237,14575,6866,7709,
72900,58309,28126,30183,102036,49090,52946,116611,56099,60512,102032,49146,52886,58301,28063,30238,14576,6866,7710,
72905,58313,28127,30186,102043,49094,52949,116619,56101,60518,102039,49149,52890,58305,28063,30242,14577,6867,7710,
72910,58317,28130,30187,102050,49097,52953,116627,56105,60522,102046,49152,52894,58309,28064,30245,14578,6868,7710,
72915,58321,28132,30189,102057,49099,52958,116635,56111,60524,102053,49155,52898,58313,28066,30247,14579,6869,7710,
72920,58325,28133,30192,102064,49103,52961,116643,56114,60529,102060,49160,52900,58317,28067,30250,14580,6869,7711,
72925,58329,28134,30195,102071,49106,52965,116651,56118,60533,102067,49165,52902,58321,28068,30253,14581,6869,7712,
72930,58333,28135,30198,102078,49110,52968,116659,56123,60536,102074,49168,52906,58325,28072,30253,14582,6869,7713,
72935,58337,28136,30201,102085,49114,52971,116667,56125,60542,102081,49172,52909,58329,28075,30254,14583,6869,7714,
72940,58341,28138,30203,102092,49118,52974,116675,56128,60547,102088,49175,52913,58333,28075,30258,14584,6869,7715,
72945,58345,28140,30205,102099,49121,52978,116683,56133,60550,102095,49180,52915,58337,28078,30259,14585,6870,7715,
72950,58349,28142,30207,102106,49124,52982,116691,56136,60555,102102,49182,52920,58341,28079,30262,14586,6871,7715,
72955,58353,28144,30209,102113,49127,52986,116699,56140,60559,102109,49184,52925,58345,28081,30264,14587,6871,7716,
72960,58357,28146,30211,102120,49130,52990,116707,56144,60563,102116,49188,52928,58349,28084,30265,14588,6871,7717,
72965,58361,28150,30211,102127,49135,52992,116715,56149,60566,102123,49193,52930,58353,28087,30266,14589,6872,7717,
72970,58365,28152,30213,102134,49139,52995,116723,56153,60570,102130,49196,52934,58357,28089,30268,14590,6872,7718,
72975,58369,28153,30216,102141,49144,52997,116731,56156,60575,102137,49198,52939,58361,28093,30268,14591,6873,7718,
72980,58373,28156,30217,102148,49148,53000,116739,56159,60580,102144,49202,52942,58365,28095,30270,14592,6874,7718,
72985,58377,28159,30218,102155,49151,53004,116747,56163,60584,102151,49204,52947,58369,28095,30274,14593,6875,7718,
72990,58381,28160,30221,102162,49153,53009,116755,56167,60588,102158,49209,52949,58373,28095,30278,14594,6875,7719,
72995,58385,28162,30223,102169,49155,53014,116763,56169,60594,102165,49212,52953,58377,28098,30279,14595,6875,7720,
73000,58389,28162,30227,102176,49157,53019,116771,56173,60598,102172,49214,52958,58381,28098,30283,14596,6875,7721,
73005,58393,28163,30230,102183,49162,53021,116779,56175,60604,102179,49217,52962,58385,28099,30286,14597,6876,7721,
73010,58397,28165,30232,102190,49166,53024,116787,56180,60607,102186,49221,52965,58389,28101,30288,14598,6876,7722,
73015,58401,28167,30234,102197,49169,53028,116795,56182,60613,102193,49224,52969,58393,28101,30292,14599,6877,7722,
73020,58405,28170,30235,102204,49174,53030,116803,56186,60617,102200,49225,52975,58397,28103,30294,14600,6877,7723,
73025,58409,28173,30236,102211,49178,53033,116811,56190,60621,102207,49229,52978,58401,28103,30298,14601,6877,7724,
73030,58413,28173,30240,102218,49182,53036,116819,56194,60625,102214,49232,52982,58405,28104,30301,14602,6878,7724,
73035,58417,28174,30243,102225,49186,53039,116827,56196,60631,102221,49235,52986,58409,28105,30304,14603,6879,7724,
73040,58421,28174,30247,102232,49189,53043,116835,56201,60634,102228,49239,52989,58413,28106,30307,14604,6880,7724,
73045,58425,28176,30249,102239,49191,53048,116843,56202,60641,102235,49242,52993,58417,28108,30309,14605,6880,7725,
73050,58429,28178,30251,102246,49195,53051,116851,56206,60645,102242,49245,52997,58421,28112,30309,14606,6881,7725,
73055,58433,28181,30252,102253,49200,53053,116859,56210,60649,102249,49247,53002,58425,28113,30312,14607,6882,7725,
73060,58437,28183,30254,102260,49202,53058,116867,56217,60650,102256,49248,53008,58429,28115,30314,14608,6882,7726,
73065,58441,28184,30257,102267,49207,53060,116875,56220,60655,102263,49251,53012,58433,28116,30317,14609,6883,7726,
73070,58445,28187,30258,102274,49211,53063,116883,56225,60658,102270,49251,53019,58437,28118,30319,14610,6883,7727,
73075,58449,28190,30259,102281,49214,53067,116891,56229,60662,102277,49253,53024,58441,28120,30321,14611,6883,7728,
73080,58453,28193,30260,102288,49217,53071,116899,56232,60667,102284,49255,53029,58445,28121,30324,14612,6884,7728,
73085,58457,28196,30261,102295,49222,53073,116907,56236,60671,102291,49258,53033,58449,28122,30327,14613,6884,7729,
73090,58461,28199,30262,102302,49227,53075,116915,56239,60676,102298,49261,53037,58453,28123,30330,14614,6884,7730,
73095,58465,28202,30263,102309,49229,53080,116923,56240,60683,102305,49266,53039,58457,28125,30332,14615,6884,7731,
73100,58469,28205,30264,102316,49235,53081,116931,56245,60686,102312,49268,53044,58461,28127,30334,14616,6885,7731,
73105,58473,28207,30266,102323,49239,53084,116939,56249,60690,102319,49270,53049,58465,28130,30335,14617,6886,7731,
73110,58477,28210,30267,102330,49242,53088,116947,56252,60695,102326,49272,53054,58469,28132,30337,14618,6886,7732,
73115,58481,28211,30270,102337,49247,53090,116955,56257,60698,102333,49274,53059,58473,28134,30339,14619,6887,7732,
73120,58485,28215,30270,102344,49252,53092,116963,56262,60701,102340,49276,53064,58477,28135,30342,14620,6888,7732,
73125,58489,28218,30271,102351,49257,53094,116971,56266,60705,102347,49279,53068,58481,28137,30344,14621,6888,7733,
73130,58493,28219,30274,102358,49259,53099,116979,56269,60710,102354,49282,53072,58485,28139,30346,14622,6888,7734,
73135,58497,28222,30275,102365,49262,53103,116987,56273,60714,102361,49283,53078,58489,28140,30349,14623,6888,7735,
73140,58501,28224,30277,102372,49266,53106,116995,56277,60718,102368,49285,53083,58493,28143,30350,14624,6889,7735,
73145,58505,28226,30279,102379,49270,53109,117003,56281,60722,102375,49286,53089,58497,28144,30353,14625,6890,7735,
73150,58509,28228,30281,102386,49274,53112,117011,56284,60727,102382,49291,53091,58501,28146,30355,14626,6890,7736,
73155,58513,28229,30284,102393,49276,53117,117019,56286,60733,102389,49293,53096,58505,28148,30357,14627,6891,7736,
73160,58517,28231,30286,102400,49279,53121,117027,56291,60736,102396,49296,53100,58509,28150,30359,14628,6892,7736,
73165,58521,28232,30289,102407,49282,53125,117035,56297,60738,102403,49299,53104,58513,28152,30361,14629,6893,7736,
73170,58525,28234,30291,102414,49286,53128,117043,56302,60741,102410,49303,53107,58517,28155,30362,14630,6893,7737,
73175,58529,28236,30293,102421,49288,53133,117051,56304,60747,102417,49306,53111,58521,28157,30364,14631,6893,7738,
73180,58533,28237,30296,102428,49292,53136,117059,56308,60751,102424,49311,53113,58525,28158,30367,14632,6893,7739,
73185,58537,28238,30299,102435,49295,53140,117067,56315,60752,102431,49315,53116,58529,28161,30368,14633,6894,7739,
73190,58541,28240,30301,102442,49298,53144,117075,56320,60755,102438,49316,53122,58533,28162,30371,14634,6895,7739,
73195,58545,28243,30302,102449,49300,53149,117083,56324,60759,102445,49321,53124,58537,28166,30371,14635,6895,7740,
73200,58549,28245,30304,102456,49305,53151,117091,56329,60762,102452,49323,53129,58541,28170,30371,14636,6895,7741,
73205,58553,28248,30305,102463,49310,53153,117099,56333,60766,102459,49325,53134,58545,28171,30374,14637,6895,7742,
73210,58557,28251,30306,102470,49312,53158,117107,56336,60771,102466,49328,53138,58549,28174,30375,14638,6896,7742,
73215,58561,28254,30307,102477,49314,53163,117115,56339,60776,102473,49331,53142,58553,28175,30378,14639,6896,7743,
73220,58565,28256,30309,102484,49319,53165,117123,56342,60781,102480,49334,53146,58557,28177,30380,14640,6896,7744,
73225,58569,28260,30309,102491,49321,53170,117131,56347,60784,102487,49337,53150,58561,28180,30381,14641,6896,7745,
73230,58573,28263,30310,102498,49324,53174,117139,56350,60789,102494,49339,53155,58565,28180,30385,14642,6896,7746,
73235,58577,28266,30311,102505,49328,53177,117147,56356,60791,102501,49342,53159,58569,28180,30389,14643,6896,7747,
73240,58581,28267,30314,102512,49329,53183,117155,56359,60796,102508,49346,53162,58573,28182,30391,14644,6897,7747,
73245,58585,28270,30315,102519,49333,53186,117163,56363,60800,102515,49348,53167,58577,28182,30395,14645,6897,7748,
73250,58589,28272,30317,102526,49337,53189,117171,56367,60804,102522,49352,53170,58581,28183,30398,14646,6897,7749,
73255,58593,28274,30319,102533,49339,53194,117179,56370,60809,102529,49354,53175,58585,28184,30401,14647,6897,7750,
73260,58597,28277,30320,102540,49345,53195,117187,56372,60815,102536,49359,53177,58589,28186,30403,14648,6897,7751,
73265,58601,28279,30322,102547,49350,53197,117195,56373,60822,102543,49362,53181,58593,28188,30405,14649,6898,7751,
73270,58605,28282,30323,102554,49352,53202,117203,56375,60828,102550,49366,53184,58597,28189,30408,14650,6899,7751,
73275,58609,28284,30325,102561,49356,53205,117211,56379,60832,102557,49370,53187,58601,28192,30409,14651,6899,7752,
73280,58613,28286,30327,102568,49358,53210,117219,56384,60835,102564,49373,53191,58605,28195,30410,14652,6900,7752,
73285,58617,28288,30329,102575,49362,53213,117227,56388,60839,102571,49378,53193,58609,28196,30413,14653,6901,7752,
73290,58621,28291,30330,102582,49367,53215,117235,56394,60841,102578,49381,53197,58613,28198,30415,14654,6902,7752,
73295,58625,28292,30333,102589,49370,53219,117243,56398,60845,102585,49386,53199,58617,28200,30417,14655,6902,7753,
73300,58629,28295,30334,102596,49373,53223,117251,56403,60848,102592,49391,53201,58621,28202,30419,14656,6903,7753,
73305,58633,28297,30336,102603,49375,53228,117259,56406,60853,102599,49394,53205,58625,28203,30422,14657,6903,7754,
73310,58637,28300,30337,102610,49381,53229,117267,56409,60858,102606,49396,53210,58629,28203,30426,14658,6904,7754,
73315,58641,28302,30339,102617,49383,53234,117275,56412,60863,102613,49399,53214,58633,28204,30429,14659,6905,7754,
73320,58645,28304,30341,102624,49388,53236,117283,56416,60867,102620,49401,53219,58637,28207,30430,14660,6905,7755,
73325,58649,28306,30343,102631,49393,53238,117291,56417,60874,102627,49403,53224,58641,28210,30431,14661,6905,7756,
73330,58653,28308,30345,102638,49396,53242,117299,56422,60877,102634,49403,53231,58645,28212,30433,14662,6905,7757,
73335,58657,28310,30347,102645,49400,53245,117307,56425,60882,102641,49407,53234,58649,28214,30435,14663,6905,7758,
73340,58661,28312,30349,102652,49404,53248,117315,56430,60885,102648,49411,53237,58653,28216,30437,14664,6905,7759,
73345,58665,28315,30350,102659,49408,53251,117323,56433,60890,102655,49415,53240,58657,28218,30439,14665,6906,7759,
73350,58669,28317,30352,102666,49411,53255,117331,56438,60893,102662,49419,53243,58661,28221,30440,14666,6906,7760,
73355,58673,28318,30355,102673,49412,53261,117339,56442,60897,102669,49422,53247,58665,28223,30442,14667,6906,7761,
73360,58677,28319,30358,102680,49415,53265,117347,56446,60901,102676,49426,53250,58669,28223,30446,14668,6907,7761,
73365,58681,28321,30360,102687,49419,53268,117355,56450,60905,102683,49432,53251,58673,28224,30449,14669,6908,7761,
73370,58685,28322,30363,102694,49424,53270,117363,56452,60911,102690,49437,53253,58677,28226,30451,14670,6908,7762,
73375,58689,28325,30364,102701,49426,53275,117371,56460,60911,102697,49441,53256,58681,28228,30453,14671,6908,7763,
73380,58693,28327,30366,102708,49429,53279,117379,56463,60916,102704,49444,53260,58685,28230,30455,14672,6909,7763,
73385,58697,28331,30366,102715,49431,53284,117387,56467,60920,102711,49448,53263,58689,28233,30456,14673,6909,7764,
73390,58701,28333,30368,102722,49433,53289,117395,56471,60924,102718,49450,53268,58693,28235,30458,14674,6909,7765,
73395,58705,28335,30370,102729,49437,53292,117403,56475,60928,102725,49453,53272,58697,28235,30462,14675,6909,7766,
73400,58709,28335,30374,102736,49441,53295,117411,56477,60934,102732,49456,53276,58701,28238,30463,14676,6910,7766,
73405,58713,28338,30375,102743,49442,53301,117419,56480,60939,102739,49460,53279,58705,28240,30465,14677,6910,7767,
73410,58717,28340,30377,102750,49445,53305,117427,56485,60942,102746,49462,53284,58709,28242,30467,14678,6911,7767,
73415,58721,28341,30380,102757,49449,53308,117435,56488,60947,102753,49466,53287,58713,28245,30468,14679,6912,7767,
73420,58725,28344,30381,102764,49454,53310,117443,56490,60953,102760,49470,53290,58717,28246,30471,14680,6913,7767,
73425,58729,28346,30383,102771,49460,53311,117451,56493,60958,102767,49471,53296,58721,28249,30472,14681,6914,7767,
73430,58733,28346,30387,102778,49463,53315,117459,56493,60966,102774,49474,53300,58725,28251,30474,14682,6914,7768,
73435,58737,28348,30389,102785,49465,53320,117467,56495,60972,102781,49479,53302,58729,28252,30477,14683,6915,7768,
73440,58741,28350,30391,102792,49469,53323,117475,56501,60974,102788,49481,53307,58733,28253,30480,14684,6916,7768,
73445,58745,28352,30393,102799,49472,53327,117483,56507,60976,102795,49484,53311,58737,28256,30481,14685,6917,7768,
73450,58749,28355,30394,102806,49474,53332,117491,56510,60981,102802,49489,53313,58741,28258,30483,14686,6917,7769,
73455,58753,28357,30396,102813,49476,53337,117499,56514,60985,102809,49492,53317,58745,28260,30485,14687,6918,7769,
73460,58757,28358,30399,102820,49480,53340,117507,56518,60989,102816,49494,53322,58749,28263,30486,14688,6919,7769,
73465,58761,28358,30403,102827,49483,53344,117515,56521,60994,102823,49497,53326,58753,28265,30488,14689,6920,7769,
73470,58765,28361,30404,102834,49488,53346,117523,56527,60996,102830,49499,53331,58757,28268,30489,14690,6921,7769,
73475,58769,28363,30406,102841,49490,53351,117531,56531,61000,102837,49502,53335,58761,28269,30492,14691,6922,7769,
73480,58773,28366,30407,102848,49493,53355,117539,56536,61003,102844,49505,53339,58765,28272,30493,14692,6923,7769,
73485,58777,28367,30410,102855,49498,53357,117547,56541,61006,102851,49507,53344,58769,28275,30494,14693,6923,7770,
73490,58781,28371,30410,102862,49501,53361,117555,56544,61011,102858,49512,53346,58773,28277,30496,14694,6923,7771,
73495,58785,28374,30411,102869,49507,53362,117563,56548,61015,102865,49515,53350,58777,28281,30496,14695,6923,7772,
73500,58789,28376,30413,102876,49510,53366,117571,56552,61019,102872,49517,53355,58781,28284,30497,14696,6923,7773,
73505,58793,28377,30416,102883,49514,53369,117579,56555,61024,102879,49519,53360,58785,28285,30500,14697,6923,7774,
73510,58797,28379,30418,102890,49518,53372,117587,56558,61029,102886,49521,53365,58789,28287,30502,14698,6924,7774,
73515,58801,28381,30420,102897,49521,53376,117595,56563,61032,102893,49525,53368,58793,28289,30504,14699,6925,7774,
73520,58805,28382,30423,102904,49525,53379,117603,56567,61036,102900,49528,53372,58797,28292,30505,14700,6925,7775,
73525,58809,28384,30425,102911,49527,53384,117611,56572,61039,102907,49533,53374,58801,28295,30506,14701,6926,7775,
73530,58813,28386,30427,102918,49528,53390,117619,56577,61042,102914,49536,53378,58805,28296,30509,14702,6927,7775,
73535,58817,28388,30429,102925,49530,53395,117627,56580,61047,102921,49540,53381,58809,28298,30511,14703,6927,7776,
73540,58821,28390,30431,102932,49533,53399,117635,56584,61051,102928,49544,53384,58813,28301,30512,14704,6927,7777,
73545,58825,28392,30433,102939,49537,53402,117643,56587,61056,102935,49546,53389,58817,28303,30514,14705,6928,7777,
73550,58829,28394,30435,102946,49540,53406,117651,56592,61059,102942,49549,53393,58821,28304,30517,14706,6929,7777,
73555,58833,28395,30438,102953,49541,53412,117659,56597,61062,102949,49551,53398,58825,28304,30521,14707,6930,7777,
73560,58837,28398,30439,102960,49544,53416,117667,56599,61068,102956,49556,53400,58829,28304,30525,14708,6931,7777,
73565,58841,28400,30441,102967,49547,53420,117675,56603,61072,102963,49560,53403,58833,28306,30527,14709,6931,7778,
73570,58845,28402,30443,102974,49550,53424,117683,56607,61076,102970,49564,53406,58837,28309,30528,14710,6932,7778,
73575,58849,28404,30445,102981,49554,53427,117691,56611,61080,102977,49568,53409,58841,28311,30530,14711,6933,7778,
73580,58853,28405,30448,102988,49559,53429,117699,56613,61086,102984,49572,53412,58845,28314,30531,14712,6933,7779,
73585,58857,28407,30450,102995,49564,53431,117707,56617,61090,102991,49575,53416,58849,28316,30533,14713,6933,7780,
73590,58861,28410,30451,103002,49566,53436,117715,56618,61097,102998,49581,53417,58853,28317,30536,14714,6933,7781,
73595,58865,28412,30453,103009,49567,53442,117723,56624,61099,103005,49584,53421,58857,28317,30540,14715,6933,7782,
73600,58869,28416,30453,103016,49568,53448,117731,56627,61104,103012,49588,53424,58861,28319,30542,14716,6934,7782,
73605,58873,28420,30453,103023,49572,53451,117739,56630,61109,103019,49592,53427,58865,28321,30544,14717,6934,7783,
73610,58877,28422,30455,103030,49575,53455,117747,56633,61114,103026,49598,53428,58869,28325,30544,14718,6934,7784,
73615,58881,28424,30457,103037,49578,53459,117755,56635,61120,103033,49601,53432,58873,28328,30545,14719,6935,7784,
73620,58885,28425,30460,103044,49581,53463,117763,56640,61123,103040,49603,53437,58877,28330,30547,14720,6935,7785,
73625,58889,28427,30462,103051,49584,53467,117771,56645,61126,103047,49608,53439,58881,28332,30549,14721,6935,7786,
73630,58893,28429,30464,103058,49587,53471,117779,56650,61129,103054,49610,53444,58885,28333,30552,14722,6935,7787,
73635,58897,28430,30467,103065,49588,53477,117787,56657,61130,103061,49615,53446,58889,28336,30553,14723,6936,7787,
73640,58901,28431,30470,103072,49594,53478,117795,56660,61135,103068,49618,53450,58893,28338,30555,14724,6937,7787,
73645,58905,28433,30472,103079,49597,53482,117803,56664,61139,103075,49621,53454,58897,28339,30558,14725,6937,7788,
73650,58909,28434,30475,103086,49600,53486,117811,56667,61144,103082,49625,53457,58901,28340,30561,14726,6937,7789,
73655,58913,28435,30478,103093,49602,53491,117819,56671,61148,103089,49628,53461,58905,28342,30563,14727,6938,7789,
73660,58917,28437,30480,103100,49606,53494,117827,56675,61152,103096,49631,53465,58909,28344,30565,14728,6939,7789,
73665,58921,28439,30482,103107,49606,53501,117835,56679,61156,103103,49635,53468,58913,28344,30569,14729,6940,7789,
73670,58925,28441,30484,103114,49610,53504,117843,56682,61161,103110,49638,53472,58917,28346,30571,14730,6940,7790,
73675,58929,28444,30485,103121,49613,53508,117851,56684,61167,103117,49642,53475,58921,28347,30574,14731,6940,7791,
73680,58933,28445,30488,103128,49615,53513,117859,56688,61171,103124,49646,53478,58925,28349,30576,14732,6940,7792,
73685,58937,28447,30490,103135,49619,53516,117867,56691,61176,103131,49649,53482,58929,28349,30580,14733,6941,7792,
73690,58941,28449,30492,103142,49623,53519,117875,56697,61178,103138,49651,53487,58933,28351,30582,14734,6941,7793,
73695,58945,28451,30494,103149,49627,53522,117883,56700,61183,103145,49654,53491,58937,28354,30583,14735,6941,7794,
73700,58949,28454,30495,103156,49628,53528,117891,56705,61186,103152,49655,53497,58941,28357,30584,14736,6942,7794,
73705,58953,28456,30497,103163,49634,53529,117899,56708,61191,103159,49658,53501,58945,28359,30586,14737,6943,7794,
73710,58957,28459,30498,103170,49637,53533,117907,56713,61194,103166,49660,53506,58949,28361,30588,14738,6944,7794,
73715,58961,28461,30500,103177,49643,53534,117915,56718,61197,103173,49664,53509,58953,28363,30590,14739,6945,7794,
73720,58965,28462,30503,103184,49650,53534,117923,56723,61200,103180,49669,53511,58957,28364,30593,14740,6945,7795,
73725,58969,28464,30505,103191,49652,53539,117931,56728,61203,103187,49671,53516,58961,28367,30594,14741,6945,7796,
73730,58973,28467,30506,103198,49655,53543,117939,56732,61207,103194,49674,53520,58965,28368,30597,14742,6945,7797,
73735,58977,28468,30509,103205,49659,53546,117947,56735,61212,103201,49677,53524,58969,28371,30598,14743,6946,7797,
73740,58981,28470,30511,103212,49662,53550,117955,56740,61215,103208,49678,53530,58973,28373,30600,14744,6946,7798,
73745,58985,28473,30512,103219,49666,53553,117963,56744,61219,103215,49680,53535,58977,28373,30604,14745,6947,7798,
73750,58989,28474,30515,103226,49671,53555,117971,56747,61224,103222,49684,53538,58981,28374,30607,14746,6947,7799,
73755,58993,28476,30517,103233,49675,53558,117979,56749,61230,103229,49687,53542,58985,28375,30610,14747,6947,7800,
73760,58997,28477,30520,103240,49682,53558,117987,56752,61235,103236,49690,53546,58989,28376,30613,14748,6947,7801,
73765,59001,28479,30522,103247,49685,53562,117995,56757,61238,103243,49695,53548,58993,28378,30615,14749,6948,7801,
73770,59005,28481,30524,103254,49689,53565,118003,56760,61243,103250,49697,53553,58997,28382,30615,14750,6948,7802,
73775,59009,28481,30528,103261,49692,53569,118011,56768,61243,103257,49702,53555,59001,28384,30617,14751,6948,7803,
73780,59013,28482,30531,103268,49694,53574,118019,56774,61245,103264,49706,53558,59005,28386,30619,14752,6949,7803,
73785,59017,28484,30533,103275,49696,53579,118027,56777,61250,103271,49710,53561,59009,28389,30620,14753,6949,7804,
73790,59021,28486,30535,103282,49699,53583,118035,56780,61255,103278,49714,53564,59013,28390,30623,14754,6950,7804,
73795,59025,28487,30538,103289,49703,53586,118043,56785,61258,103285,49715,53570,59017,28393,30624,14755,6950,7805,
73800,59029,28488,30541,103296,49707,53589,118051,56787,61264,103292,49718,53574,59021,28395,30626,14756,6951,7805,
73805,59033,28489,30544,103303,49711,53592,118059,56793,61266,103299,49724,53575,59025,28396,30629,14757,6952,7805,
73810,59037,28491,30546,103310,49713,53597,118067,56795,61272,103306,49728,53578,59029,28397,30632,14758,6953,7805,
73815,59041,28493,30548,103317,49716,53601,118075,56800,61275,103313,49730,53583,59033,28400,30633,14759,6953,7806,
73820,59045,28497,30548,103324,49718,53606,118083,56803,61280,103320,49732,53588,59037,28402,30635,14760,6953,7807,
73825,59049,28501,30548,103331,49722,53609,118091,56807,61284,103327,49736,53591,59041,28403,30638,14761,6954,7807,
73830,59053,28502,30551,103338,49725,53613,118099,56811,61288,103334,49741,53593,59045,28404,30641,14762,6955,7807,
73835,59057,28504,30553,103345,49729,53616,118107,56816,61291,103341,49743,53598,59049,28406,30643,14763,6956,7807,
73840,59061,28505,30556,103352,49732,53620,118115,56819,61296,103348,49747,53601,59053,28407,30646,14764,6957,7807,
73845,59065,28508,30557,103359,49734,53625,118123,56823,61300,103355,49750,53605,59057,28409,30648,14765,6958,7807,
73850,59069,28511,30558,103366,49739,53627,118131,56827,61304,103362,49754,53608,59061,28411,30650,14766,6958,7808,
73855,59073,28513,30560,103373,49741,53632,118139,56833,61306,103369,49758,53611,59065,28413,30652,14767,6959,7808,
73860,59077,28514,30563,103380,49742,53638,118147,56837,61310,103376,49759,53617,59069,28415,30654,14768,6960,7808,
73865,59081,28517,30564,103387,49747,53640,118155,56839,61316,103383,49763,53620,59073,28417,30656,14769,6961,7808,
73870,59085,28517,30568,103394,49749,53645,118163,56843,61320,103390,49766,53624,59077,28419,30658,14770,6961,7809,
73875,59089,28520,30569,103401,49753,53648,118171,56847,61324,103397,49768,53629,59081,28420,30661,14771,6962,7809,
73880,59093,28523,30570,103408,49756,53652,118179,56851,61328,103404,49770,53634,59085,28420,30665,14772,6963,7809,
73885,59097,28525,30572,103415,49761,53654,118187,56855,61332,103411,49776,53635,59089,28421,30668,14773,6964,7809,
73890,59101,28526,30575,103422,49765,53657,118195,56857,61338,103418,49780,53638,59093,28423,30670,14774,6965,7809,
73895,59105,28528,30577,103429,49769,53660,118203,56862,61341,103425,49781,53644,59097,28425,30672,14775,6966,7809,
73900,59109,28530,30579,103436,49773,53663,118211,56865,61346,103432,49783,53649,59101,28429,30672,14776,6966,7810,
73905,59113,28531,30582,103443,49776,53667,118219,56871,61348,103439,49786,53653,59105,28431,30674,14777,6966,7811,
73910,59117,28533,30584,103450,49779,53671,118227,56875,61352,103446,49789,53657,59109,28432,30677,14778,6966,7812,
73915,59121,28533,30588,103457,49781,53676,118235,56881,61354,103453,49790,53663,59113,28434,30679,14779,6967,7812,
73920,59125,28536,30589,103464,49785,53679,118243,56884,61359,103460,49794,53666,59117,28435,30682,14780,6967,7813,
73925,59129,28537,30592,103471,49790,53681,118251,56890,61361,103467,49798,53669,59121,28437,30684,14781,6967,7814,
73930,59133,28539,30594,103478,49795,53683,118259,56894,61365,103474,49799,53675,59125,28439,30686,14782,6968,7814,
73935,59137,28540,30597,103485,49798,53687,118267,56900,61367,103481,49806,53675,59129,28440,30689,14783,6969,7814,
73940,59141,28542,30599,103492,49804,53688,118275,56904,61371,103488,49808,53680,59133,28442,30691,14784,6969,7815,
73945,59145,28545,30600,103499,49809,53690,118283,56909,61374,103495,49813,53682,59137,28444,30693,14785,6969,7816,
73950,59149,28547,30602,103506,49812,53694,118291,56913,61378,103502,49816,53686,59141,28445,30696,14786,6970,7816,
73955,59153,28549,30604,103513,49816,53697,118299,56916,61383,103509,49820,53689,59145,28449,30696,14787,6970,7817,
73960,59157,28551,30606,103520,49819,53701,118307,56920,61387,103516,49823,53693,59149,28449,30700,14788,6971,7817,
73965,59161,28554,30607,103527,49823,53704,118315,56922,61393,103523,49828,53695,59153,28450,30703,14789,6971,7818,
73970,59165,28556,30609,103534,49826,53708,118323,56926,61397,103530,49833,53697,59157,28454,30703,14790,6971,7819,
73975,59169,28559,30610,103541,49829,53712,118331,56929,61402,103537,49835,53702,59161,28457,30704,14791,6972,7819,
73980,59173,28561,30612,103548,49834,53714,118339,56935,61404,103544,49839,53705,59165,28459,30706,14792,6972,7820,
73985,59177,28563,30614,103555,49837,53718,118347,56941,61406,103551,49841,53710,59169,28462,30707,14793,6972,7821,
73990,59181,28565,30616,103562,49839,53723,118355,56946,61409,103558,49844,53714,59173,28463,30710,14794,6972,7822,
73995,59185,28566,30619,103569,49842,53727,118363,56948,61415,103565,49847,53718,59177,28464,30713,14795,6972,7823,
74000,59189,28568,30621,103576,49844,53732,118371,56952,61419,103572,49851,53721,59181,28466,30715,14796,6972,7824,
74005,59193,28568,30625,103583,49847,53736,118379,56954,61425,103579,49856,53723,59185,28467,30718,14797,6972,7825,
74010,59197,28571,30626,103590,49849,53741,118387,56957,61430,103586,49859,53727,59189,28470,30719,14798,6973,7825,
74015,59201,28573,30628,103597,49853,53744,118395,56962,61433,103593,49863,53730,59193,28472,30721,14799,6973,7826,
74020,59205,28574,30631,103604,49854,53750,118403,56966,61437,103600,49866,53734,59197,28475,30722,14800,6973,7827,
74025,59209,28576,30633,103611,49855,53756,118411,56971,61440,103607,49870,53737,59201,28477,30724,14801,6974,7827,
74030,59213,28577,30636,103618,49859,53759,118419,56974,61445,103614,49874,53740,59205,28480,30725,14802,6974,7828,
74035,59217,28581,30636,103625,49862,53763,118427,56979,61448,103621,49877,53744,59209,28482,30727,14803,6975,7828,
74040,59221,28584,30637,103632,49865,53767,118435,56982,61453,103628,49883,53745,59213,28484,30729,14804,6975,7829,
74045,59225,28587,30638,103639,49870,53769,118443,56987,61456,103635,49887,53748,59217,28485,30732,14805,6976,7829,
74050,59229,28590,30639,103646,49873,53773,118451,56989,61462,103642,49890,53752,59221,28489,30732,14806,6977,7829,
74055,59233,28592,30641,103653,49875,53778,118459,56991,61468,103649,49893,53756,59225,28490,30735,14807,6977,7830,
74060,59237,28596,30641,103660,49878,53782,118467,56994,61473,103656,49895,53761,59229,28493,30736,14808,6977,7831,
74065,59241,28599,30642,103667,49882,53785,118475,57000,61475,103663,49900,53763,59233,28496,30737,14809,6977,7832,
74070,59245,28601,30644,103674,49886,53788,118483,57001,61482,103670,49903,53767,59237,28498,30739,14810,6978,7832,
74075,59249,28604,30645,103681,49888,53793,118491,57005,61486,103677,49905,53772,59241,28500,30741,14811,6978,7833,
74080,59253,28607,30646,103688,49890,53798,118499,57006,61493,103684,49908,53776,59245,28502,30743,14812,6979,7833,
74085,59257,28609,30648,103695,49895,53800,118507,57011,61496,103691,49910,53781,59249,28504,30745,14813,6979,7834,
74090,59261,28610,30651,103702,49899,53803,118515,57015,61500,103698,49915,53783,59253,28505,30748,14814,6979,7835,
74095,59265,28611,30654,103709,49904,53805,118523,57016,61507,103705,49919,53786,59257,28505,30752,14815,6980,7835,
74100,59269,28612,30657,103716,49907,53809,118531,57021,61510,103712,49921,53791,59261,28506,30755,14816,6981,7835,
74105,59273,28615,30658,103723,49907,53816,118539,57028,61511,103719,49927,53792,59265,28509,30756,14817,6982,7835,
74110,59277,28615,30662,103730,49909,53821,118547,57034,61513,103726,49929,53797,59269,28512,30757,14818,6983,7835,
74115,59281,28617,30664,103737,49912,53825,118555,57037,61518,103733,49935,53798,59273,28514,30759,14819,6984,7835,
74120,59285,28619,30666,103744,49916,53828,118563,57040,61523,103740,49938,53802,59277,28517,30760,14820,6985,7835,
74125,59289,28621,30668,103751,49920,53831,118571,57044,61527,103747,49942,53805,59281,28518,30763,14821,6985,7836,
74130,59293,28623,30670,103758,49925,53833,118579,57050,61529,103754,49948,53806,59285,28519,30766,14822,6985,7837,
74135,59297,28625,30672,103765,49928,53837,118587,57052,61535,103761,49950,53811,59289,28521,30768,14823,6985,7838,
74140,59301,28627,30674,103772,49932,53840,118595,57055,61540,103768,49954,53814,59293,28522,30771,14824,6986,7838,
74145,59305,28627,30678,103779,49936,53843,118603,57057,61546,103775,49957,53818,59297,28525,30772,14825,6986,7839,
74150,59309,28629,30680,103786,49940,53846,118611,57059,61552,103782,49961,53821,59301,28528,30773,14826,6987,7839,
74155,59313,28629,30684,103793,49943,53850,118619,57062,61557,103789,49963,53826,59305,28529,30776,14827,6988,7839,
74160,59317,28630,30687,103800,49946,53854,118627,57065,61562,103796,49968,53828,59309,28530,30779,14828,6988,7840,
74165,59321,28632,30689,103807,49948,53859,118635,57068,61567,103803,49971,53832,59313,28532,30781,14829,6988,7841,
74170,59325,28633,30692,103814,49952,53862,118643,57071,61572,103810,49976,53834,59317,28534,30783,14830,6989,7841,
74175,59329,28634,30695,103821,49958,53863,118651,57072,61579,103817,49981,53836,59321,28536,30785,14831,6989,7842,
74180,59333,28634,30699,103828,49962,53866,118659,57077,61582,103824,49987,53837,59325,28537,30788,14832,6990,7842,
74185,59337,28635,30702,103835,49965,53870,118667,57082,61585,103831,49991,53840,59329,28539,30790,14833,6990,7843,
74190,59341,28636,30705,103842,49969,53873,118675,57083,61592,103838,49995,53843,59333,28542,30791,14834,6991,7843,
74195,59345,28637,30708,103849,49970,53879,118683,57087,61596,103845,49998,53847,59337,28545,30792,14835,6991,7844,
74200,59349,28638,30711,103856,49974,53882,118691,57092,61599,103852,50003,53849,59341,28547,30794,14836,6991,7845,
74205,59353,28641,30712,103863,49978,53885,118699,57096,61603,103859,50006,53853,59345,28549,30796,14837,6991,7846,
74210,59357,28644,30713,103870,49983,53887,118707,57101,61606,103866,50010,53856,59349,28552,30797,14838,6992,7846,
74215,59361,28647,30714,103877,49988,53889,118715,57105,61610,103873,50011,53862,59353,28554,30799,14839,6993,7846,
74220,59365,28648,30717,103884,49991,53893,118723,57111,61612,103880,50015,53865,59357,28556,30801,14840,6994,7846,
74225,59369,28651,30718,103891,49995,53896,118731,57113,61618,103887,50017,53870,59361,28560,30801,14841,6995,7846,
74230,59373,28653,30720,103898,49999,53899,118739,57119,61620,103894,50018,53876,59365,28561,30804,14842,6996,7846,
74235,59377,28656,30721,103905,50005,53900,118747,57121,61626,103901,50021,53880,59369,28564,30805,14843,6996,7847,
74240,59381,28658,30723,103912,50010,53902,118755,57126,61629,103908,50027,53881,59373,28567,30806,14844,6996,7848,
74245,59385,28658,30727,103919,50013,53906,118763,57128,61635,103915,50029,53886,59377,28570,30807,14845,6997,7848,
74250,59389,28659,30730,103926,50016,53910,118771,57131,61640,103922,50033,53889,59381,28571,30810,14846,6997,7849,
74255,59393,28661,30732,103933,50021,53912,118779,57136,61643,103929,50036,53893,59385,28572,30813,14847,6997,7850,
74260,59397,28662,30735,103940,50025,53915,118787,57141,61646,103936,50042,53894,59389,28575,30814,14848,6998,7850,
74265,59401,28663,30738,103947,50029,53918,118795,57146,61649,103943,50044,53899,59393,28575,30818,14849,6999,7850,
74270,59405,28663,30742,103954,50030,53924,118803,57150,61653,103950,50049,53901,59397,28577,30820,14850,6999,7851,
74275,59409,28665,30744,103961,50034,53927,118811,57154,61657,103957,50052,53905,59401,28580,30821,14851,6999,7852,
74280,59413,28667,30746,103968,50036,53932,118819,57157,61662,103964,50055,53909,59405,28583,30822,14852,7000,7852,
74285,59417,28668,30749,103975,50041,53934,118827,57160,61667,103971,50058,53913,59409,28584,30825,14853,7001,7852,
74290,59421,28669,30752,103982,50044,53938,118835,57161,61674,103978,50063,53915,59413,28584,30829,14854,7001,7853,
74295,59425,28670,30755,103989,50049,53940,118843,57166,61677,103985,50067,53918,59417,28585,30832,14855,7002,7853,
74300,59429,28671,30758,103996,50053,53943,118851,57170,61681,103992,50070,53922,59421,28585,30836,14856,7003,7853,
74305,59433,28673,30760,104003,50058,53945,118859,57173,61686,103999,50073,53926,59425,28588,30837,14857,7004,7853,
74310,59437,28676,30761,104010,50061,53949,118867,57175,61692,104006,50076,53930,59429,28591,30838,14858,7004,7854,
74315,59441,28677,30764,104017,50064,53953,118875,57179,61696,104013,50080,53933,59433,28592,30841,14859,7004,7855,
74320,59445,28679,30766,104024,50066,53958,118883,57183,61700,104020,50081,53939,59437,28594,30843,14860,7004,7856,
74325,59449,28680,30769,104031,50070,53961,118891,57185,61706,104027,50083,53944,59441,28596,30845,14861,7004,7857,
74330,59453,28680,30773,104038,50074,53964,118899,57188,61711,104034,50085,53949,59445,28597,30848,14862,7004,7858,
74335,59457,28682,30775,104045,50078,53967,118907,57190,61717,104041,50087,53954,59449,28599,30850,14863,7005,7858,
74340,59461,28684,30777,104052,50083,53969,118915,57196,61719,104048,50091,53957,59453,28601,30852,14864,7005,7859,
74345,59465,28686,30779,104059,50084,53975,118923,57201,61722,104055,50093,53962,59457,28603,30854,14865,7006,7859,
74350,59469,28688,30781,104066,50086,53980,118931,57204,61727,104062,50095,53967,59461,28607,30854,14866,7007,7859,
74355,59473,28689,30784,104073,50088,53985,118939,57208,61731,104069,50096,53973,59465,28608,30857,14867,7007,7860,
74360,59477,28690,30787,104080,50092,53988,118947,57211,61736,104076,50101,53975,59469,28609,30860,14868,7008,7860,
74365,59481,28691,30790,104087,50096,53991,118955,57215,61740,104083,50102,53981,59473,28610,30863,14869,7009,7860,
74370,59485,28693,30792,104094,50100,53994,118963,57217,61746,104090,50105,53985,59477,28612,30865,14870,7010,7860,
74375,59489,28694,30795,104101,50103,53998,118971,57223,61748,104097,50111,53986,59481,28613,30868,14871,7011,7860,
74380,59493,28696,30797,104108,50106,54002,118979,57226,61753,104104,50113,53991,59485,28616,30869,14872,7011,7861,
74385,59497,28697,30800,104115,50108,54007,118987,57230,61757,104111,50117,53994,59489,28618,30871,14873,7012,7861,
74390,59501,28700,30801,104122,50112,54010,118995,57236,61759,104118,50119,53999,59493,28621,30872,14874,7013,7861,
74395,59505,28704,30801,104129,50119,54010,119003,57240,61763,104125,50121,54004,59497,28623,30874,14875,7014,7861,
74400,59509,28706,30803,104136,50121,54015,119011,57244,61767,104132,50123,54009,59501,28625,30876,14876,7014,7862,
74405,59513,28707,30806,104143,50125,54018,119019,57249,61770,104139,50125,54014,59505,28626,30879,14877,7014,7863,
74410,59517,28710,30807,104150,50128,54022,119027,57253,61774,104146,50127,54019,59509,28627,30882,14878,7015,7863,
74415,59521,28711,30810,104157,50133,54024,119035,57255,61780,104153,50130,54023,59513,28627,30886,14879,7016,7863,
74420,59525,28713,30812,104164,50137,54027,119043,57259,61784,104160,50133,54027,59517,28628,30889,14880,7017,7863,
74425,59529,28714,30815,104171,50139,54032,119051,57264,61787,104167,50137,54030,59521,28631,30890,14881,7018,7863,
74430,59533,28715,30818,104178,50141,54037,119059,57267,61792,104174,50140,54034,59525,28632,30893,14882,7018,7864,
74435,59537,28717,30820,104185,50144,54041,119067,57270,61797,104181,50143,54038,59529,28636,30893,14883,7018,7865,
74440,59541,28719,30822,104192,50150,54042,119075,57272,61803,104188,50147,54041,59533,28636,30897,14884,7019,7865,
74445,59545,28719,30826,104199,50153,54046,119083,57274,61809,104195,50148,54047,59537,28637,30900,14885,7020,7865,
74450,59549,28721,30828,104206,50159,54047,119091,57276,61815,104202,50150,54052,59541,28639,30902,14886,7021,7865,
74455,59553,28721,30832,104213,50162,54051,119099,57279,61820,104209,50151,54058,59545,28642,30903,14887,7021,7866,
74460,59557,28723,30834,104220,50165,54055,119107,57284,61823,104216,50154,54062,59549,28643,30906,14888,7021,7867,
74465,59561,28723,30838,104227,50167,54060,119115,57288,61827,104223,50156,54067,59553,28645,30908,14889,7022,7867,
74470,59565,28725,30840,104234,50171,54063,119123,57290,61833,104230,50159,54071,59557,28646,30911,14890,7022,7868,
74475,59569,28727,30842,104241,50173,54068,119131,57294,61837,104237,50164,54073,59561,28647,30914,14891,7023,7868,
74480,59573,28729,30844,104248,50175,54073,119139,57298,61841,104244,50165,54079,59565,28649,30916,14892,7023,7869,
74485,59577,28731,30846,104255,50178,54077,119147,57304,61843,104251,50169,54082,59569,28651,30918,14893,7024,7869,
74490,59581,28732,30849,104262,50183,54079,119155,57307,61848,104258,50173,54085,59573,28651,30922,14894,7024,7870,
74495,59585,28733,30852,104269,50187,54082,119163,57312,61851,104265,50176,54089,59577,28651,30926,14895,7025,7870,
74500,59589,28736,30853,104276,50189,54087,119171,57315,61856,104272,50179,54093,59581,28654,30927,14896,7026,7870,
74505,59593,28739,30854,104283,50193,54090,119179,57321,61858,104279,50182,54097,59585,28655,30930,14897,7026,7871,
74510,59597,28740,30857,104290,50197,54093,119187,57326,61861,104286,50187,54099,59589,28659,30930,14898,7027,7871,
74515,59601,28741,30860,104297,50199,54098,119195,57329,61866,104293,50189,54104,59593,28661,30932,14899,7028,7871,
74520,59605,28744,30861,104304,50201,54103,119203,57333,61870,104300,50193,54107,59597,28665,30932,14900,7028,7872,
74525,59609,28745,30864,104311,50204,54107,119211,57336,61875,104307,50197,54110,59601,28667,30934,14901,7028,7873,
74530,59613,28746,30867,104318,50206,54112,119219,57340,61879,104314,50198,54116,59605,28669,30936,14902,7028,7874,
74535,59617,28748,30869,104325,50209,54116,119227,57344,61883,104321,50201,54120,59609,28671,30938,14903,7029,7874,
74540,59621,28748,30873,104332,50212,54120,119235,57347,61888,104328,50205,54123,59613,28672,30941,14904,7029,7875,
74545,59625,28752,30873,104339,50216,54123,119243,57348,61895,104335,50208,54127,59617,28673,30944,14905,7030,7875,
74550,59629,28753,30876,104346,50220,54126,119251,57350,61901,104342,50212,54130,59621,28676,30945,14906,7030,7876,
74555,59633,28755,30878,104353,50224,54129,119259,57353,61906,104349,50216,54133,59625,28678,30947,14907,7030,7877,
74560,59637,28757,30880,104360,50225,54135,119267,57359,61908,104356,50219,54137,59629,28680,30949,14908,7030,7878,
74565,59641,28759,30882,104367,50230,54137,119275,57364,61911,104363,50221,54142,59633,28680,30953,14909,7030,7879,
74570,59645,28761,30884,104374,50234,54140,119283,57367,61916,104370,50223,54147,59637,28682,30955,14910,7030,7880,
74575,59649,28765,30884,104381,50238,54143,119291,57372,61919,104377,50225,54152,59641,28683,30958,14911,7031,7880,
74580,59653,28768,30885,104388,50239,54149,119299,57376,61923,104384,50228,54156,59645,28684,30961,14912,7031,7881,
74585,59657,28770,30887,104395,50243,54152,119307,57378,61929,104391,50229,54162,59649,28687,30962,14913,7032,7881,
74590,59661,28773,30888,104402,50246,54156,119315,57382,61933,104398,50232,54166,59653,28690,30963,14914,7032,7882,
74595,59665,28775,30890,104409,50251,54158,119323,57385,61938,104405,50236,54169,59657,28692,30965,14915,7033,7882,
74600,59669,28777,30892,104416,50256,54160,119331,57390,61941,104412,50240,54172,59661,28695,30966,14916,7033,7883,
74605,59673,28779,30894,104423,50259,54164,119339,57393,61946,104419,50243,54176,59665,28696,30969,14917,7034,7883,
74610,59677,28781,30896,104430,50261,54169,119347,57398,61949,104426,50247,54179,59669,28698,30971,14918,7034,7884,
74615,59681,28785,30896,104437,50264,54173,119355,57402,61953,104433,50249,54184,59673,28700,30973,14919,7034,7885,
74620,59685,28787,30898,104444,50267,54177,119363,57405,61958,104440,50253,54187,59677,28702,30975,14920,7034,7886,
74625,59689,28788,30901,104451,50272,54179,119371,57407,61964,104447,50256,54191,59681,28704,30977,14921,7035,7886,
74630,59693,28789,30904,104458,50277,54181,119379,57412,61967,104454,50259,54195,59685,28707,30978,14922,7035,7887,
74635,59697,28792,30905,104465,50280,54185,119387,57416,61971,104461,50262,54199,59689,28708,30981,14923,7036,7887,
74640,59701,28793,30908,104472,50284,54188,119395,57421,61974,104468,50265,54203,59693,28711,30982,14924,7036,7888,
74645,59705,28795,30910,104479,50288,54191,119403,57424,61979,104475,50269,54206,59697,28712,30985,14925,7036,7889,
74650,59709,28796,30913,104486,50291,54195,119411,57426,61985,104482,50273,54209,59701,28715,30986,14926,7037,7889,
74655,59713,28799,30914,104493,50296,54197,119419,57429,61990,104489,50278,54211,59705,28716,30989,14927,7038,7889,
74660,59717,28800,30917,104500,50299,54201,119427,57435,61992,104496,50280,54216,59709,28717,30992,14928,7039,7889,
74665,59721,28804,30917,104507,50303,54204,119435,57437,61998,104503,50282,54221,59713,28718,30995,14929,7040,7889,
74670,59725,28805,30920,104514,50307,54207,119443,57440,62003,104510,50285,54225,59717,28720,30997,14930,7041,7889,
74675,59729,28807,30922,104521,50310,54211,119451,57444,62007,104517,50288,54229,59721,28723,30998,14931,7042,7889,
74680,59733,28809,30924,104528,50312,54216,119459,57448,62011,104524,50291,54233,59725,28724,31001,14932,7042,7890,
74685,59737,28812,30925,104535,50313,54222,119467,57453,62014,104531,50293,54238,59729,28724,31005,14933,7042,7891,
74690,59741,28814,30927,104542,50315,54227,119475,57455,62020,104538,50296,54242,59733,28727,31006,14934,7043,7891,
74695,59745,28815,30930,104549,50317,54232,119483,57459,62024,104545,50299,54246,59737,28729,31008,14935,7044,7891,
74700,59749,28818,30931,104556,50322,54234,119491,57462,62029,104552,50302,54250,59741,28731,31010,14936,7044,7892,
74705,59753,28820,30933,104563,50326,54237,119499,57464,62035,104559,50306,54253,59745,28734,31011,14937,7044,7893,
74710,59757,28820,30937,104570,50328,54242,119507,57467,62040,104566,50310,54256,59749,28736,31013,14938,7044,7894,
74715,59761,28822,30939,104577,50332,54245,119515,57471,62044,104573,50315,54258,59753,28736,31017,14939,7045,7894,
74720,59765,28824,30941,104584,50334,54250,119523,57475,62048,104580,50319,54261,59757,28738,31019,14940,7045,7895,
74725,59769,28827,30942,104591,50337,54254,119531,57479,62052,104587,50323,54264,59761,28740,31021,14941,7046,7895,
74730,59773,28828,30945,104598,50341,54257,119539,57484,62055,104594,50326,54268,59765,28740,31025,14942,7047,7895,
74735,59777,28831,30946,104605,50342,54263,119547,57488,62059,104601,50327,54274,59769,28743,31026,14943,7048,7895,
74740,59781,28833,30948,104612,50345,54267,119555,57495,62060,104608,50331,54277,59773,28744,31029,14944,7049,7895,
74745,59785,28834,30951,104619,50349,54270,119563,57498,62065,104615,50335,54280,59777,28747,31030,14945,7049,7896,
74750,59789,28837,30952,104626,50351,54275,119571,57503,62068,104622,50338,54284,59781,28749,31032,14946,7049,7897,
74755,59793,28838,30955,104633,50356,54277,119579,57507,62072,104629,50343,54286,59785,28751,31034,14947,7049,7898,
74760,59797,28839,30958,104640,50359,54281,119587,57512,62075,104636,50345,54291,59789,28753,31036,14948,7050,7898,
74765,59801,28840,30961,104647,50363,54284,119595,57517,62078,104643,50347,54296,59793,28756,31037,14949,7050,7899,
74770,59805,28842,30963,104654,50365,54289,119603,57523,62080,104650,50348,54302,59797,28759,31038,14950,7050,7900,
74775,59809,28845,30964,104661,50370,54291,119611,57526,62085,104657,50350,54307,59801,28762,31039,14951,7051,7900,
74780,59813,28847,30966,104668,50373,54295,119619,57531,62088,104664,50353,54311,59805,28763,31042,14952,7051,7901,
74785,59817,28847,30970,104675,50377,54298,119627,57533,62094,104671,50358,54313,59809,28764,31045,14953,7051,7902,
74790,59821,28850,30971,104682,50380,54302,119635,57536,62099,104678,50360,54318,59813,28767,31046,14954,7051,7903,
74795,59825,28851,30974,104689,50382,54307,119643,57540,62103,104685,50365,54320,59817,28770,31047,14955,7052,7903,
74800,59829,28853,30976,104696,50385,54311,119651,57544,62107,104692,50368,54324,59821,28770,31051,14956,7052,7904,
74805,59833,28855,30978,104703,50388,54315,119659,57549,62110,104699,50370,54329,59825,28770,31055,14957,7052,7905,
74810,59837,28859,30978,104710,50392,54318,119667,57551,62116,104706,50371,54335,59829,28771,31058,14958,7053,7905,
74815,59841,28862,30979,104717,50395,54322,119675,57557,62118,104713,50374,54339,59833,28771,31062,14959,7054,7905,
74820,59845,28864,30981,104724,50398,54326,119683,57559,62124,104720,50377,54343,59837,28772,31065,14960,7054,7906,
74825,59849,28867,30982,104731,50401,54330,119691,57565,62126,104727,50381,54346,59841,28774,31067,14961,7055,7906,
74830,59853,28868,30985,104738,50404,54334,119699,57571,62128,104734,50383,54351,59845,28775,31070,14962,7056,7906,
74835,59857,28870,30987,104745,50407,54338,119707,57575,62132,104741,50387,54354,59849,28777,31072,14963,7057,7906,
74840,59861,28872,30989,104752,50412,54340,119715,57579,62136,104748,50390,54358,59853,28778,31075,14964,7058,7906,
74845,59865,28875,30990,104759,50417,54342,119723,57583,62140,104755,50394,54361,59857,28779,31078,14965,7058,7907,
74850,59869,28875,30994,104766,50420,54346,119731,57588,62143,104762,50398,54364,59861,28781,31080,14966,7058,7908,
74855,59873,28876,30997,104773,50422,54351,119739,57592,62147,104769,50400,54369,59865,28784,31081,14967,7059,7908,
74860,59877,28878,30999,104780,50426,54354,119747,57598,62149,104776,50404,54372,59869,28787,31082,14968,7059,7909,
74865,59881,28880,31001,104787,50429,54358,119755,57601,62154,104783,50408,54375,59873,28788,31085,14969,7060,7909,
74870,59885,28882,31003,104794,50432,54362,119763,57605,62158,104790,50411,54379,59877,28789,31088,14970,7061,7909,
74875,59889,28884,31005,104801,50434,54367,119771,57607,62164,104797,50414,54383,59881,28790,31091,14971,7062,7909,
74880,59893,28886,31007,104808,50437,54371,119779,57612,62167,104804,50416,54388,59885,28791,31094,14972,7062,7910,
74885,59897,28887,31010,104815,50443,54372,119787,57617,62170,104811,50420,54391,59889,28794,31095,14973,7062,7911,
74890,59901,28889,31012,104822,50446,54376,119795,57620,62175,104818,50422,54396,59893,28794,31099,14974,7063,7911,
74895,59905,28890,31015,104829,50449,54380,119803,57625,62178,104825,50425,54400,59897,28795,31102,14975,7064,7911,
74900,59909,28892,31017,104836,50453,54383,119811,57629,62182,104832,50427,54405,59901,28798,31103,14976,7065,7911,
74905,59913,28892,31021,104843,50457,54386,119819,57633,62186,104839,50431,54408,59905,28800,31105,14977,7066,7911,
74910,59917,28895,31022,104850,50461,54389,119827,57634,62193,104846,50434,54412,59909,28802,31107,14978,7067,7911,
74915,59921,28898,31023,104857,50464,54393,119835,57636,62199,104853,50436,54417,59913,28804,31109,14979,7067,7912,
74920,59925,28898,31027,104864,50466,54398,119843,57643,62200,104860,50439,54421,59917,28806,31111,14980,7068,7912,
74925,59929,28900,31029,104871,50469,54402,119851,57646,62205,104867,50442,54425,59921,28808,31113,14981,7068,7913,
74930,59933,28903,31030,104878,50472,54406,119859,57649,62210,104874,50445,54429,59925,28809,31116,14982,7069,7913,
74935,59937,28904,31033,104885,50474,54411,119867,57654,62213,104881,50452,54429,59929,28812,31117,14983,7069,7914,
74940,59941,28907,31034,104892,50478,54414,119875,57658,62217,104888,50458,54430,59933,28814,31119,14984,7070,7914,
74945,59945,28909,31036,104899,50483,54416,119883,57661,62222,104895,50460,54435,59937,28816,31121,14985,7070,7915,
74950,59949,28913,31036,104906,50485,54421,119891,57664,62227,104902,50462,54440,59941,28817,31124,14986,7070,7916,
74955,59953,28915,31038,104913,50487,54426,119899,57667,62232,104909,50464,54445,59945,28819,31126,14987,7070,7917,
74960,59957,28918,31039,104920,50488,54432,119907,57671,62236,104916,50467,54449,59949,28820,31129,14988,7071,7917,
74965,59961,28919,31042,104927,50491,54436,119915,57676,62239,104923,50470,54453,59953,28822,31131,14989,7072,7917,
74970,59965,28922,31043,104934,50491,54443,119923,57678,62245,104930,50473,54457,59957,28823,31134,14990,7072,7918,
74975,59969,28924,31045,104941,50494,54447,119931,57682,62249,104937,50477,54460,59961,28824,31137,14991,7072,7919,
74980,59973,28925,31048,104948,50496,54452,119939,57685,62254,104944,50481,54463,59965,28825,31140,14992,7072,7920,
74985,59977,28926,31051,104955,50500,54455,119947,57692,62255,104951,50484,54467,59969,28827,31142,14993,7073,7920,
74990,59981,28927,31054,104962,50503,54459,119955,57695,62260,104958,50489,54469,59973,28828,31145,14994,7073,7921,
74995,59985,28928,31057,104969,50509,54460,119963,57701,62262,104965,50491,54474,59977,28830,31147,14995,7073,7922,
75000,59989,28931,31058,104976,50512,54464,119971,57707,62264,104972,50494,54478,59981,28832,31149,14996,7073,7923,
75005,59993,28932,31061,104983,50515,54468,119979,57713,62266,104979,50498,54481,59985,28835,31150,14997,7074,7923,
75010,59997,28935,31062,104990,50518,54472,119987,57716,62271,104986,50502,54484,59989,28837,31152,14998,7075,7923,
75015,60001,28937,31064,104997,50520,54477,119995,57718,62277,104993,50506,54487,59993,28840,31153,14999,7076,7923,
75020,60005,28938,31067,105004,50525,54479,120003,57726,62277,105000,50510,54490,59997,28842,31155,15000,7077,7923,
75025,60009,28941,31068,105011,50526,54485,120011,57728,62283,105007,50512,54495,60001,28843,31158,15001,7078,7923,
75030,60013,28943,31070,105018,50529,54489,120019,57730,62289,105014,50514,54500,60005,28845,31160,15002,7079,7923,
75035,60017,28945,31072,105025,50533,54492,120027,57733,62294,105021,50517,54504,60009,28847,31162,15003,7080,7923,
75040,60021,28946,31075,105032,50537,54495,120035,57736,62299,105028,50519,54509,60013,28849,31164,15004,7081,7923,
75045,60025,28947,31078,105039,50539,54500,120043,57739,62304,105035,50523,54512,60017,28850,31167,15005,7081,7924,
75050,60029,28950,31079,105046,50542,54504,120051,57742,62309,105042,50527,54515,60021,28850,31171,15006,7082,7924,
75055,60033,28952,31081,105053,50547,54506,120059,57747,62312,105049,50529,54520,60025,28851,31174,15007,7083,7924,
75060,60037,28954,31083,105060,50549,54511,120067,57752,62315,105056,50534,54522,60029,28851,31178,15008,7083,7925,
75065,60041,28955,31086,105067,50553,54514,120075,57758,62317,105063,50536,54527,60033,28855,31178,15009,7084,7925,
75070,60045,28957,31088,105074,50556,54518,120083,57763,62320,105070,50540,54530,60037,28858,31179,15010,7085,7925,
75075,60049,28958,31091,105081,50558,54523,120091,57767,62324,105077,50542,54535,60041,28860,31181,15011,7085,7926,
75080,60053,28959,31094,105088,50559,54529,120099,57769,62330,105084,50549,54535,60045,28862,31183,15012,7086,7926,
75085,60057,28960,31097,105095,50563,54532,120107,57774,62333,105091,50554,54537,60049,28864,31185,15013,7087,7926,
75090,60061,28961,31100,105102,50565,54537,120115,57777,62338,105098,50557,54541,60053,28865,31188,15014,7088,7926,
75095,60065,28963,31102,105109,50571,54538,120123,57781,62342,105105,50559,54546,60057,28868,31189,15015,7089,7926,
75100,60069,28965,31104,105116,50575,54541,120131,57785,62346,105112,50563,54549,60061,28869,31192,15016,7089,7927,
75105,60073,28967,31106,105123,50578,54545,120139,57790,62349,105119,50567,54552,60065,28871,31194,15017,7090,7927,
75110,60077,28968,31109,105130,50581,54549,120147,57793,62354,105126,50570,54556,60069,28872,31197,15018,7090,7928,
75115,60081,28971,31110,105137,50584,54553,120155,57798,62357,105133,50572,54561,60073,28873,31200,15019,7091,7928,
75120,60085,28973,31112,105144,50590,54554,120163,57802,62361,105140,50574,54566,60077,28875,31202,15020,7091,7929,
75125,60089,28973,31116,105151,50593,54558,120171,57807,62364,105147,50578,54569,60081,28878,31203,15021,7092,7929,
75130,60093,28976,31117,105158,50597,54561,120179,57814,62365,105154,50581,54573,60085,28880,31205,15022,7092,7930,
75135,60097,28979,31118,105165,50600,54565,120187,57819,62368,105161,50583,54578,60089,28882,31207,15023,7092,7931,
75140,60101,28981,31120,105172,50603,54569,120195,57823,62372,105168,50586,54582,60093,28882,31211,15024,7092,7932,
75145,60105,28982,31123,105179,50606,54573,120203,57827,62376,105175,50590,54585,60097,28885,31212,15025,7093,7932,
75150,60109,28986,31123,105186,50611,54575,120211,57831,62380,105182,50593,54589,60101,28887,31214,15026,7094,7932,
75155,60113,28989,31124,105193,50614,54579,120219,57836,62383,105189,50597,54592,60105,28890,31215,15027,7095,7932,
75160,60117,28993,31124,105200,50619,54581,120227,57842,62385,105196,50602,54594,60109,28891,31218,15028,7096,7932,
75165,60121,28997,31124,105207,50621,54586,120235,57845,62390,105203,50606,54597,60113,28892,31221,15029,7096,7933,
75170,60125,28998,31127,105214,50627,54587,120243,57847,62396,105210,50612,54598,60117,28894,31223,15030,7097,7933,
75175,60129,28999,31130,105221,50628,54593,120251,57850,62401,105217,50614,54603,60121,28895,31226,15031,7097,7934,
75180,60133,29001,31132,105228,50630,54598,120259,57854,62405,105224,50616,54608,60125,28897,31228,15032,7097,7935,
75185,60137,29002,31135,105235,50636,54599,120267,57859,62408,105231,50619,54612,60129,28901,31228,15033,7097,7936,
75190,60141,29004,31137,105242,50639,54603,120275,57864,62411,105238,50623,54615,60133,28903,31230,15034,7097,7937,
75195,60145,29006,31139,105249,50643,54606,120283,57867,62416,105245,50626,54619,60137,28906,31231,15035,7097,7938,
75200,60149,29010,31139,105256,50646,54610,120291,57871,62420,105252,50629,54623,60141,28907,31234,15036,7097,7939,
75205,60153,29012,31141,105263,50650,54613,120299,57874,62425,105259,50631,54628,60145,28909,31236,15037,7098,7939,
75210,60157,29015,31142,105270,50653,54617,120307,57877,62430,105266,50636,54630,60149,28912,31237,15038,7098,7940,
75215,60161,29019,31142,105277,50658,54619,120315,57882,62433,105273,50638,54635,60153,28915,31238,15039,7099,7940,
75220,60165,29021,31144,105284,50662,54622,120323,57889,62434,105280,50642,54638,60157,28919,31238,15040,7100,7940,
75225,60169,29023,31146,105291,50664,54627,120331,57893,62438,105287,50645,54642,60161,28920,31241,15041,7101,7940,
75230,60173,29024,31149,105298,50666,54632,120339,57898,62441,105294,50650,54644,60165,28921,31244,15042,7102,7940,
75235,60177,29026,31151,105305,50670,54635,120347,57903,62444,105301,50650,54651,60169,28923,31246,15043,7102,7941,
75240,60181,29028,31153,105312,50672,54640,120355,57907,62448,105308,50655,54653,60173,28925,31248,15044,7103,7941,
75245,60185,29029,31156,105319,50675,54644,120363,57911,62452,105315,50661,54654,60177,28927,31250,15045,7104,7941,
75250,60189,29032,31157,105326,50677,54649,120371,57914,62457,105322,50663,54659,60181,28928,31253,15046,7105,7941,
75255,60193,29033,31160,105333,50680,54653,120379,57920,62459,105329,50667,54662,60185,28930,31255,15047,7106,7941,
75260,60197,29036,31161,105340,50684,54656,120387,57922,62465,105336,50671,54665,60189,28931,31258,15048,7106,7942,
75265,60201,29038,31163,105347,50688,54659,120395,57926,62469,105343,50676,54667,60193,28932,31261,15049,7106,7943,
75270,60205,29039,31166,105354,50690,54664,120403,57928,62475,105350,50678,54672,60197,28933,31264,15050,7107,7943,
75275,60209,29040,31169,105361,50690,54671,120411,57934,62477,105357,50682,54675,60201,28935,31266,15051,7108,7943,
75280,60213,29041,31172,105368,50693,54675,120419,57937,62482,105364,50685,54679,60205,28937,31268,15052,7109,7943,
75285,60217,29043,31174,105375,50698,54677,120427,57941,62486,105371,50687,54684,60209,28939,31270,15053,7109,7944,
75290,60221,29044,31177,105382,50699,54683,120435,57946,62489,105378,50688,54690,60213,28942,31271,15054,7110,7944,
75295,60225,29047,31178,105389,50703,54686,120443,57950,62493,105385,50692,54693,60217,28944,31273,15055,7110,7945,
75300,60229,29048,31181,105396,50707,54689,120451,57953,62498,105392,50695,54697,60221,28945,31276,15056,7110,7946,
75305,60233,29052,31181,105403,50710,54693,120459,57955,62504,105399,50699,54700,60225,28946,31279,15057,7111,7946,
75310,60237,29054,31183,105410,50713,54697,120467,57961,62506,105406,50703,54703,60229,28948,31281,15058,7112,7946,
75315,60241,29057,31184,105417,50715,54702,120475,57964,62511,105413,50706,54707,60233,28950,31283,15059,7112,7947,
75320,60245,29060,31185,105424,50718,54706,120483,57967,62516,105420,50710,54710,60237,28951,31286,15060,7113,7947,
75325,60249,29060,31189,105431,50723,54708,120491,57970,62521,105427,50713,54714,60241,28952,31289,15061,7113,7948,
75330,60253,29061,31192,105438,50726,54712,120499,57972,62527,105434,50718,54716,60245,28954,31291,15062,7113,7949,
75335,60257,29062,31195,105445,50728,54717,120507,57978,62529,105441,50722,54719,60249,28957,31292,15063,7114,7949,
75340,60261,29065,31196,105452,50731,54721,120515,57981,62534,105448,50726,54722,60253,28959,31294,15064,7114,7950,
75345,60265,29067,31198,105459,50737,54722,120523,57987,62536,105455,50731,54724,60257,28960,31297,15065,7114,7951,
75350,60269,29070,31199,105466,50741,54725,120531,57991,62540,105462,50733,54729,60261,28961,31300,15066,7115,7951,
75355,60273,29071,31202,105473,50745,54728,120539,57994,62545,105469,50736,54733,60265,28963,31302,15067,7116,7951,
75360,60277,29073,31204,105480,50748,54732,120547,58001,62546,105476,50739,54737,60269,28965,31304,15068,7117,7951,
75365,60281,29074,31207,105487,50750,54737,120555,58006,62549,105483,50741,54742,60273,28966,31307,15069,7118,7951,
75370,60285,29075,31210,105494,50754,54740,120563,58010,62553,105490,50745,54745,60277,28968,31309,15070,7118,7952,
75375,60289,29077,31212,105501,50757,54744,120571,58015,62556,105497,50747,54750,60281,28971,31310,15071,7119,7952,
75380,60293,29078,31215,105508,50761,54747,120579,58018,62561,105504,50749,54755,60285,28975,31310,15072,7119,7953,
75385,60297,29079,31218,105515,50766,54749,120587,58021,62566,105511,50753,54758,60289,28977,31312,15073,7120,7953,
75390,60301,29082,31219,105522,50770,54752,120595,58025,62570,105518,50756,54762,60293,28978,31315,15074,7121,7953,
75395,60305,29084,31221,105529,50773,54756,120603,58030,62573,105525,50761,54764,60297,28980,31317,15075,7122,7953,
75400,60309,29086,31223,105536,50775,54761,120611,58035,62576,105532,50764,54768,60301,28982,31319,15076,7122,7954,
75405,60313,29088,31225,105543,50776,54767,120619,58038,62581,105539,50765,54774,60305,28984,31321,15077,7123,7954,
75410,60317,29090,31227,105550,50780,54770,120627,58043,62584,105546,50769,54777,60309,28987,31322,15078,7123,7955,
75415,60321,29092,31229,105557,50786,54771,120635,58047,62588,105553,50773,54780,60313,28988,31325,15079,7123,7956,
75420,60325,29095,31230,105564,50789,54775,120643,58051,62592,105560,50776,54784,60317,28991,31326,15080,7123,7957,
75425,60329,29096,31233,105571,50794,54777,120651,58055,62596,105567,50778,54789,60321,28994,31327,15081,7124,7957,
75430,60333,29096,31237,105578,50797,54781,120659,58059,62600,105574,50779,54795,60325,28995,31330,15082,7125,7957,
75435,60337,29098,31239,105585,50798,54787,120667,58063,62604,105581,50783,54798,60329,28998,31331,15083,7126,7957,
75440,60341,29099,31242,105592,50800,54792,120675,58069,62606,105588,50785,54803,60333,28999,31334,15084,7127,7957,
75445,60345,29102,31243,105599,50805,54794,120683,58074,62609,105595,50791,54804,60337,29001,31336,15085,7127,7958,
75450,60349,29105,31244,105606,50809,54797,120691,58077,62614,105602,50794,54808,60341,29003,31338,15086,7127,7959,
75455,60353,29106,31247,105613,50810,54803,120699,58081,62618,105609,50797,54812,60345,29006,31339,15087,7128,7959,
75460,60357,29109,31248,105620,50814,54806,120707,58086,62621,105616,50801,54815,60349,29008,31341,15088,7128,7960,
75465,60361,29113,31248,105627,50817,54810,120715,58090,62625,105623,50802,54821,60353,29011,31342,15089,7129,7960,
75470,60365,29114,31251,105634,50822,54812,120723,58093,62630,105630,50805,54825,60357,29012,31345,15090,7129,7961,
75475,60369,29116,31253,105641,50825,54816,120731,58096,62635,105637,50808,54829,60361,29016,31345,15091,7130,7961,
75480,60373,29117,31256,105648,50831,54817,120739,58102,62637,105644,50810,54834,60365,29019,31346,15092,7130,7962,
75485,60377,29119,31258,105655,50835,54820,120747,58106,62641,105651,50813,54838,60369,29019,31350,15093,7130,7963,
75490,60381,29121,31260,105662,50837,54825,120755,58107,62648,105658,50817,54841,60373,29021,31352,15094,7130,7964,
75495,60385,29123,31262,105669,50842,54827,120763,58112,62651,105665,50821,54844,60377,29024,31353,15095,7131,7964,
75500,60389,29126,31263,105676,50844,54832,120771,58117,62654,105672,50823,54849,60381,29027,31354,15096,7132,7964,
75505,60393,29127,31266,105683,50845,54838,120779,58120,62659,105679,50824,54855,60385,29029,31356,15097,7132,7965,
75510,60397,29129,31268,105690,50848,54842,120787,58125,62662,105686,50830,54856,60389,29032,31357,15098,7132,7966,
75515,60401,29132,31269,105697,50853,54844,120795,58126,62669,105693,50831,54862,60393,29034,31359,15099,7132,7967,
75520,60405,29133,31272,105704,50857,54847,120803,58131,62672,105700,50833,54867,60397,29035,31362,15100,7132,7968,
75525,60409,29135,31274,105711,50860,54851,120811,58133,62678,105707,50837,54870,60401,29036,31365,15101,7132,7969,
75530,60413,29137,31276,105718,50864,54854,120819,58137,62682,105714,50839,54875,60405,29038,31367,15102,7133,7969,
75535,60417,29141,31276,105725,50868,54857,120827,58140,62687,105721,50842,54879,60409,29041,31368,15103,7133,7970,
75540,60421,29143,31278,105732,50872,54860,120835,58144,62691,105728,50846,54882,60413,29042,31371,15104,7133,7971,
75545,60425,29146,31279,105739,50875,54864,120843,58148,62695,105735,50851,54884,60417,29043,31374,15105,7134,7971,
75550,60429,29148,31281,105746,50876,54870,120851,58150,62701,105742,50854,54888,60421,29044,31377,15106,7135,7971,
75555,60433,29151,31282,105753,50877,54876,120859,58151,62708,105749,50856,54893,60425,29046,31379,15107,7136,7971,
75560,60437,29155,31282,105760,50880,54880,120867,58155,62712,105756,50859,54897,60429,29047,31382,15108,7137,7971,
75565,60441,29155,31286,105767,50883,54884,120875,58158,62717,105763,50864,54899,60433,29049,31384,15109,7138,7971,
75570,60445,29156,31289,105774,50884,54890,120883,58162,62721,105770,50868,54902,60437,29051,31386,15110,7139,7971,
75575,60449,29158,31291,105781,50887,54894,120891,58164,62727,105777,50870,54907,60441,29054,31387,15111,7139,7972,
75580,60453,29159,31294,105788,50889,54899,120899,58169,62730,105784,50872,54912,60445,29056,31389,15112,7140,7972,
75585,60457,29162,31295,105795,50892,54903,120907,58174,62733,105791,50874,54917,60449,29059,31390,15113,7140,7973,
75590,60461,29163,31298,105802,50897,54905,120915,58177,62738,105798,50878,54920,60453,29061,31392,15114,7140,7974,
75595,60465,29164,31301,105809,50902,54907,120923,58182,62741,105805,50883,54922,60457,29063,31394,15115,7141,7974,
75600,60469,29166,31303,105816,50905,54911,120931,58188,62743,105812,50887,54925,60461,29064,31397,15116,7142,7974,
75605,60473,29166,31307,105823,50912,54911,120939,58191,62748,105819,50891,54928,60465,29066,31399,15117,7143,7974,
75610,60477,29167,31310,105830,50915,54915,120947,58193,62754,105826,50894,54932,60469,29068,31401,15118,7144,7974,
75615,60481,29169,31312,105837,50918,54919,120955,58199,62756,105833,50899,54934,60473,29069,31404,15119,7145,7974,
75620,60485,29171,31314,105844,50921,54923,120963,58203,62760,105840,50903,54937,60477,29070,31407,15120,7146,7974,
75625,60489,29174,31315,105851,50927,54924,120971,58203,62768,105847,50907,54940,60481,29073,31408,15121,7147,7974,
75630,60493,29176,31317,105858,50931,54927,120979,58207,62772,105854,50911,54943,60485,29075,31410,15122,7147,7975,
75635,60497,29178,31319,105865,50934,54931,120987,58210,62777,105861,50916,54945,60489,29076,31413,15123,7147,7976,
75640,60501,29179,31322,105872,50938,54934,120995,58212,62783,105868,50921,54947,60493,29079,31414,15124,7148,7976,
75645,60505,29182,31323,105879,50942,54937,121003,58215,62788,105875,50924,54951,60497,29081,31416,15125,7148,7977,
75650,60509,29183,31326,105886,50944,54942,121011,58220,62791,105882,50926,54956,60501,29083,31418,15126,7149,7977,
75655,60513,29186,31327,105893,50945,54948,121019,58222,62797,105889,50929,54960,60505,29086,31419,15127,7150,7977,
75660,60517,29187,31330,105900,50949,54951,121027,58225,62802,105896,50933,54963,60509,29088,31421,15128,7151,7977,
75665,60521,29189,31332,105907,50951,54956,121035,58230,62805,105903,50936,54967,60513,29090,31423,15129,7151,7978,
75670,60525,29192,31333,105914,50953,54961,121043,58232,62811,105910,50938,54972,60517,29093,31424,15130,7152,7978,
75675,60529,29193,31336,105921,50954,54967,121051,58236,62815,105917,50940,54977,60521,29094,31427,15131,7153,7978,
75680,60533,29197,31336,105928,50958,54970,121059,58242,62817,105924,50944,54980,60525,29097,31428,15132,7154,7978,
75685,60537,29199,31338,105935,50961,54974,121067,58247,62820,105931,50945,54986,60529,29098,31431,15133,7154,7979,
75690,60541,29201,31340,105942,50965,54977,121075,58250,62825,105938,50950,54988,60533,29100,31433,15134,7155,7979,
75695,60545,29203,31342,105949,50967,54982,121083,58255,62828,105945,50955,54990,60537,29102,31435,15135,7156,7979,
75700,60549,29205,31344,105956,50973,54983,121091,58258,62833,105952,50960,54992,60541,29104,31437,15136,7156,7980,
75705,60553,29208,31345,105963,50977,54986,121099,58261,62838,105959,50963,54996,60545,29105,31440,15137,7156,7981,
75710,60557,29209,31348,105970,50983,54987,121107,58263,62844,105966,50966,55000,60549,29107,31442,15138,7156,7982,
75715,60561,29211,31350,105977,50987,54990,121115,58265,62850,105973,50967,55006,60553,29109,31444,15139,7157,7982,
75720,60565,29214,31351,105984,50988,54996,121123,58268,62855,105980,50970,55010,60557,29113,31444,15140,7158,7982,
75725,60569,29216,31353,105991,50992,54999,121131,58272,62859,105987,50974,55013,60561,29115,31446,15141,7159,7982,
75730,60573,29220,31353,105998,50998,55000,121139,58276,62863,105994,50977,55017,60565,29118,31447,15142,7160,7982,
75735,60577,29222,31355,106005,51002,55003,121147,58281,62866,106001,50982,55019,60569,29120,31449,15143,7161,7982,
75740,60581,29224,31357,106012,51003,55009,121155,58284,62871,106008,50984,55024,60573,29122,31451,15144,7161,7983,
75745,60585,29227,31358,106019,51006,55013,121163,58289,62874,106015,50984,55031,60577,29122,31455,15145,7162,7983,
75750,60589,29230,31359,106026,51008,55018,121171,58292,62879,106022,50988,55034,60581,29124,31457,15146,7163,7983,
75755,60593,29232,31361,106033,51010,55023,121179,58294,62885,106029,50992,55037,60585,29127,31458,15147,7163,7984,
75760,60597,29234,31363,106040,51013,55027,121187,58298,62889,106036,50994,55042,60589,29129,31460,15148,7163,7985,
75765,60601,29236,31365,106047,51014,55033,121195,58301,62894,106043,50996,55047,60593,29131,31462,15149,7163,7986,
75770,60605,29240,31365,106054,51015,55039,121203,58304,62899,106050,51000,55050,60597,29135,31462,15150,7164,7986,
75775,60609,29243,31366,106061,51017,55044,121211,58307,62904,106057,51005,55052,60601,29137,31464,15151,7165,7986,
75780,60613,29245,31368,106068,51020,55048,121219,58313,62906,106064,51007,55057,60605,29138,31467,15152,7166,7986,
75785,60617,29247,31370,106075,51021,55054,121227,58314,62913,106071,51009,55062,60609,29140,31469,15153,7167,7986,
75790,60621,29248,31373,106082,51024,55058,121235,58318,62917,106078,51015,55063,60613,29143,31470,15154,7167,7987,
75795,60625,29250,31375,106089,51027,55062,121243,58323,62920,106085,51018,55067,60617,29145,31472,15155,7168,7987,
75800,60629,29251,31378,106096,51030,55066,121251,58326,62925,106092,51022,55070,60621,29146,31475,15156,7168,7988,
75805,60633,29253,31380,106103,51032,55071,121259,58328,62931,106099,51024,55075,60625,29146,31479,15157,7169,7988,
75810,60637,29254,31383,106110,51036,55074,121267,58335,62932,106106,51028,55078,60629,29150,31479,15158,7170,7988,
75815,60641,29256,31385,106117,51039,55078,121275,58340,62935,106113,51031,55082,60633,29152,31481,15159,7170,7989,
75820,60645,29257,31388,106124,51040,55084,121283,58345,62938,106120,51033,55087,60637,29154,31483,15160,7171,7989,
75825,60649,29257,31392,106131,51043,55088,121291,58350,62941,106127,51036,55091,60641,29155,31486,15161,7171,7990,
75830,60653,29258,31395,106138,51049,55089,121299,58356,62943,106134,51040,55094,60645,29158,31487,15162,7172,7990,
75835,60657,29261,31396,106145,51053,55092,121307,58357,62950,106141,51042,55099,60649,29160,31489,15163,7172,7991,
75840,60661,29263,31398,106152,51057,55095,121315,58362,62953,106148,51047,55101,60653,29161,31492,15164,7173,7991,
75845,60665,29265,31400,106159,51061,55098,121323,58367,62956,106155,51050,55105,60657,29164,31493,15165,7173,7992,
75850,60669,29267,31402,106166,51066,55100,121331,58372,62959,106162,51055,55107,60661,29165,31496,15166,7174,7992,
75855,60673,29270,31403,106173,51072,55101,121339,58376,62963,106169,51057,55112,60665,29168,31497,15167,7175,7992,
75860,60677,29271,31406,106180,51076,55104,121347,58378,62969,106176,51059,55117,60669,29171,31498,15168,7175,7993,
75865,60681,29273,31408,106187,51079,55108,121355,58381,62974,106183,51061,55122,60673,29174,31499,15169,7175,7994,
75870,60685,29274,31411,106194,51084,55110,121363,58384,62979,106190,51065,55125,60677,29174,31503,15170,7176,7994,
75875,60689,29277,31412,106201,51086,55115,121371,58387,62984,106197,51067,55130,60681,29178,31503,15171,7176,7995,
75880,60693,29278,31415,106208,51087,55121,121379,58392,62987,106204,51072,55132,60685,29180,31505,15172,7177,7995,
75885,60697,29280,31417,106215,51091,55124,121387,58396,62991,106211,51074,55137,60689,29183,31506,15173,7178,7995,
75890,60701,29283,31418,106222,51094,55128,121395,58400,62995,106218,51076,55142,60693,29184,31509,15174,7178,7996,
75895,60705,29286,31419,106229,51098,55131,121403,58402,63001,106225,51079,55146,60697,29186,31511,15175,7178,7997,
75900,60709,29288,31421,106236,51100,55136,121411,58405,63006,106232,51082,55150,60701,29190,31511,15176,7178,7998,
75905,60713,29288,31425,106243,51104,55139,121419,58409,63010,106239,51085,55154,60705,29193,31512,15177,7179,7998,
75910,60717,29291,31426,106250,51106,55144,121427,58409,63018,106246,51088,55158,60709,29197,31512,15178,7179,7999,
75915,60721,29292,31429,106257,51111,55146,121435,58413,63022,106253,51092,55161,60713,29199,31514,15179,7180,7999,
75920,60725,29294,31431,106264,51117,55147,121443,58415,63028,106260,51097,55163,60717,29201,31516,15180,7180,8000,
75925,60729,29296,31433,106271,51122,55149,121451,58419,63032,106267,51102,55165,60721,29202,31519,15181,7181,8000,
75930,60733,29297,31436,106278,51125,55153,121459,58424,63035,106274,51104,55170,60725,29203,31522,15182,7182,8000,
75935,60737,29298,31439,106285,51129,55156,121467,58425,63042,106281,51110,55171,60729,29204,31525,15183,7183,8000,
75940,60741,29300,31441,106292,51133,55159,121475,58427,63048,106288,51112,55176,60733,29207,31526,15184,7183,8001,
75945,60745,29302,31443,106299,51137,55162,121483,58431,63052,106295,51115,55180,60737,29209,31528,15185,7184,8001,
75950,60749,29305,31444,106306,51139,55167,121491,58435,63056,106302,51118,55184,60741,29212,31529,15186,7185,8001,
75955,60753,29306,31447,106313,51145,55168,121499,58438,63061,106309,51119,55190,60745,29213,31532,15187,7186,8001,
75960,60757,29308,31449,106320,51149,55171,121507,58439,63068,106316,51122,55194,60749,29215,31534,15188,7187,8001,
75965,60761,29309,31452,106327,51151,55176,121515,58443,63072,106323,51124,55199,60753,29217,31536,15189,7188,8001,
75970,60765,29310,31455,106334,51153,55181,121523,58448,63075,106330,51127,55203,60757,29221,31536,15190,7189,8001,
75975,60769,29311,31458,106341,51156,55185,121531,58451,63080,106337,51131,55206,60761,29223,31538,15191,7190,8001,
75980,60773,29311,31462,106348,51157,55191,121539,58453,63086,106344,51133,55211,60765,29224,31541,15192,7190,8002,
75985,60777,29313,31464,106355,51160,55195,121547,58458,63089,106351,51138,55213,60769,29226,31543,15193,7191,8002,
75990,60781,29317,31464,106362,51162,55200,121555,58462,63093,106358,51142,55216,60773,29228,31545,15194,7192,8002,
75995,60785,29319,31466,106369,51167,55202,121563,58465,63098,106365,51144,55221,60777,29228,31549,15195,7192,8003,
76000,60789,29320,31469,106376,51170,55206,121571,58469,63102,106372,51146,55226,60781,29231,31550,15196,7193,8003,
76005,60793,29322,31471,106383,51176,55207,121579,58473,63106,106379,51150,55229,60785,29234,31551,15197,7193,8004,
76010,60797,29325,31472,106390,51178,55212,121587,58476,63111,106386,51155,55231,60789,29236,31553,15198,7194,8004,
76015,60801,29327,31474,106397,51182,55215,121595,58482,63113,106393,51157,55236,60793,29238,31555,15199,7195,8004,
76020,60805,29330,31475,106404,51185,55219,121603,58485,63118,106400,51160,55240,60797,29240,31557,15200,7195,8005,
76025,60809,29332,31477,106411,51190,55221,121611,58489,63122,106407,51165,55242,60801,29241,31560,15201,7195,8006,
76030,60813,29335,31478,106418,51192,55226,121619,58492,63127,106414,51171,55243,60805,29244,31561,15202,7195,8007,
76035,60817,29336,31481,106425,51198,55227,121627,58496,63131,106421,51172,55249,60809,29245,31564,15203,7196,8007,
76040,60821,29338,31483,106432,51202,55230,121635,58501,63134,106428,51176,55252,60813,29246,31567,15204,7196,8008,
76045,60825,29341,31484,106439,51204,55235,121643,58506,63137,106435,51178,55257,60817,29248,31569,15205,7197,8008,
76050,60829,29345,31484,106446,51207,55239,121651,58508,63143,106442,51184,55258,60821,29249,31572,15206,7198,8008,
76055,60833,29348,31485,106453,51211,55242,121659,58514,63145,106449,51187,55262,60825,29251,31574,15207,7199,8008,
76060,60837,29350,31487,106460,51216,55244,121667,58517,63150,106456,51191,55265,60829,29254,31575,15208,7200,8008,
76065,60841,29352,31489,106467,51220,55247,121675,58520,63155,106463,51192,55271,60833,29257,31576,15209,7201,8008,
76070,60845,29353,31492,106474,51225,55249,121683,58520,63163,106470,51194,55276,60837,29261,31576,15210,7201,8009,
76075,60849,29355,31494,106481,51229,55252,121691,58523,63168,106477,51195,55282,60841,29265,31576,15211,7202,8009,
76080,60853,29357,31496,106488,51231,55257,121699,58528,63171,106484,51199,55285,60845,29269,31576,15212,7203,8009,
76085,60857,29358,31499,106495,51231,55264,121707,58531,63176,106491,51202,55289,60849,29272,31577,15213,7203,8010,
76090,60861,29361,31500,106502,51235,55267,121715,58535,63180,106498,51206,55292,60853,29273,31580,15214,7204,8010,
76095,60865,29362,31503,106509,51239,55270,121723,58539,63184,106505,51207,55298,60857,29277,31580,15215,7204,8011,
76100,60869,29365,31504,106516,51243,55273,121731,58542,63189,106512,51211,55301,60861,29281,31580,15216,7204,8012,
76105,60873,29366,31507,106523,51248,55275,121739,58544,63195,106519,51216,55303,60865,29282,31583,15217,7205,8012,
76110,60877,29367,31510,106530,51250,55280,121747,58547,63200,106526,51217,55309,60869,29283,31586,15218,7206,8012,
76115,60881,29370,31511,106537,51253,55284,121755,58552,63203,106533,51222,55311,60873,29287,31586,15219,7207,8012,
76120,60885,29374,31511,106544,51258,55286,121763,58559,63204,106540,51225,55315,60877,29291,31586,15220,7208,8012,
76125,60889,29375,31514,106551,51261,55290,121771,58563,63208,106547,51228,55319,60881,29293,31588,15221,7208,8013,
76130,60893,29377,31516,106558,51261,55297,121779,58567,63212,106554,51232,55322,60885,29296,31589,15222,7209,8013,
76135,60897,29379,31518,106565,51266,55299,121787,58567,63220,106561,51235,55326,60889,29296,31593,15223,7210,8013,
76140,60901,29380,31521,106572,51269,55303,121795,58571,63224,106568,51238,55330,60893,29298,31595,15224,7210,8014,
76145,60905,29380,31525,106579,51270,55309,121803,58573,63230,106575,51243,55332,60897,29302,31595,15225,7210,8015,
76150,60909,29382,31527,106586,51272,55314,121811,58576,63235,106582,51246,55336,60901,29305,31596,15226,7211,8015,
76155,60913,29384,31529,106593,51275,55318,121819,58581,63238,106589,51250,55339,60905,29306,31599,15227,7211,8016,
76160,60917,29385,31532,106600,51280,55320,121827,58584,63243,106596,51254,55342,60909,29309,31600,15228,7211,8017,
76165,60921,29387,31534,106607,51284,55323,121835,58586,63249,106603,51260,55343,60913,29311,31602,15229,7211,8018,
76170,60925,29390,31535,106614,51288,55326,121843,58589,63254,106610,51263,55347,60917,29313,31604,15230,7212,8018,
76175,60929,29392,31537,106621,51290,55331,121851,58594,63257,106617,51267,55350,60921,29314,31607,15231,7212,8019,
76180,60933,29392,31541,106628,51294,55334,121859,58599,63260,106624,51270,55354,60925,29314,31611,15232,7213,8019,
76185,60937,29394,31543,106635,51296,55339,121867,58602,63265,106631,51275,55356,60929,29314,31615,15233,7213,8020,
76190,60941,29396,31545,106642,51298,55344,121875,58606,63269,106638,51276,55362,60933,29315,31618,15234,7213,8021,
76195,60945,29397,31548,106649,51300,55349,121883,58609,63274,106645,51278,55367,60937,29316,31621,15235,7213,8022,
76200,60949,29398,31551,106656,51302,55354,121891,58613,63278,106652,51284,55368,60941,29317,31624,15236,7213,8023,
76205,60953,29400,31553,106663,51304,55359,121899,58616,63283,106659,51289,55370,60945,29321,31624,15237,7213,8024,
76210,60957,29401,31556,106670,51310,55360,121907,58621,63286,106666,51292,55374,60949,29324,31625,15238,7213,8025,
76215,60961,29405,31556,106677,51312,55365,121915,58623,63292,106673,51297,55376,60953,29325,31628,15239,7214,8025,
76220,60965,29407,31558,106684,51315,55369,121923,58626,63297,106680,51302,55378,60957,29326,31631,15240,7215,8025,
76225,60969,29408,31561,106691,51320,55371,121931,58630,63301,106687,51307,55380,60961,29327,31634,15241,7215,8026,
76230,60973,29411,31562,106698,51324,55374,121939,58633,63306,106694,51310,55384,60965,29330,31635,15242,7216,8026,
76235,60977,29411,31566,106705,51327,55378,121947,58641,63306,106701,51315,55386,60969,29331,31638,15243,7216,8027,
76240,60981,29411,31570,106712,51331,55381,121955,58647,63308,106708,51316,55392,60973,29333,31640,15244,7217,8027,
76245,60985,29411,31574,106719,51333,55386,121963,58652,63311,106715,51321,55394,60977,29334,31643,15245,7218,8027,
76250,60989,29413,31576,106726,51337,55389,121971,58658,63313,106722,51324,55398,60981,29336,31645,15246,7218,8028,
76255,60993,29414,31579,106733,51340,55393,121979,58662,63317,106729,51327,55402,60985,29339,31646,15247,7218,8029,
76260,60997,29416,31581,106740,51342,55398,121987,58668,63319,106736,51331,55405,60989,29342,31647,15248,7219,8029,
76265,61001,29418,31583,106747,51347,55400,121995,58673,63322,106743,51336,55407,60993,29344,31649,15249,7220,8029,
76270,61005,29420,31585,106754,51351,55403,122003,58678,63325,106750,51338,55412,60997,29344,31653,15250,7220,8030,
76275,61009,29422,31587,106761,51353,55408,122011,58679,63332,106757,51342,55415,61001,29346,31655,15251,7220,8031,
76280,61013,29424,31589,106768,51357,55411,122019,58686,63333,106764,51348,55416,61005,29349,31656,15252,7220,8032,
76285,61017,29425,31592,106775,51362,55413,122027,58689,63338,106771,51351,55420,61009,29352,31657,15253,7220,8033,
76290,61021,29425,31596,106782,51365,55417,122035,58695,63340,106778,51353,55425,61013,29356,31657,15254,7220,8034,
76295,61025,29428,31597,106789,51370,55419,122043,58702,63341,106785,51358,55427,61017,29359,31658,15255,7220,8035,
76300,61029,29429,31600,106796,51375,55421,122051,58704,63347,106792,51363,55429,61021,29361,31660,15256,7220,8036,
76305,61033,29430,31603,106803,51377,55426,122059,58709,63350,106799,51368,55431,61025,29363,31662,15257,7220,8037,
76310,61037,29432,31605,106810,51384,55426,122067,58713,63354,106806,51372,55434,61029,29365,31664,15258,7220,8038,
76315,61041,29434,31607,106817,51387,55430,122075,58716,63359,106813,51375,55438,61033,29366,31667,15259,7221,8038,
76320,61045,29437,31608,106824,51392,55432,122083,58717,63366,106820,51377,55443,61037,29366,31671,15260,7221,8039,
76325,61049,29438,31611,106831,51394,55437,122091,58719,63372,106827,51380,55447,61041,29369,31672,15261,7221,8040,
76330,61053,29439,31614,106838,51396,55442,122099,58722,63377,106834,51385,55449,61045,29371,31674,15262,7221,8041,
76335,61057,29440,31617,106845,51399,55446,122107,58726,63381,106841,51387,55454,61049,29374,31675,15263,7221,8042,
76340,61061,29441,31620,106852,51403,55449,122115,58728,63387,106848,51392,55456,61053,29377,31676,15264,7221,8043,
76345,61065,29444,31621,106859,51405,55454,122123,58732,63391,106855,51396,55459,61057,29379,31678,15265,7221,8044,
76350,61069,29445,31624,106866,51407,55459,122131,58738,63393,106862,51396,55466,61061,29381,31680,15266,7221,8045,
76355,61073,29447,31626,106873,51412,55461,122139,58742,63397,106869,51399,55470,61065,29382,31683,15267,7221,8046,
76360,61077,29449,31628,106880,51414,55466,122147,58745,63402,106876,51404,55472,61069,29385,31684,15268,7222,8046,
76365,61081,29452,31629,106887,51417,55470,122155,58749,63406,106883,51406,55477,61073,29387,31686,15269,7222,8047,
76370,61085,29454,31631,106894,51420,55474,122163,58752,63411,106890,51408,55482,61077,29390,31687,15270,7223,8047,
76375,61089,29455,31634,106901,51422,55479,122171,58755,63416,106897,51412,55485,61081,29393,31688,15271,7224,8047,
76380,61093,29458,31635,106908,51426,55482,122179,58758,63421,106904,51415,55489,61085,29395,31690,15272,7225,8047,
76385,61097,29461,31636,106915,51430,55485,122187,58763,63424,106911,51419,55492,61089,29397,31692,15273,7225,8048,
76390,61101,29464,31637,106922,51435,55487,122195,58766,63429,106918,51422,55496,61093,29399,31694,15274,7225,8049,
76395,61105,29466,31639,106929,51439,55490,122203,58772,63431,106925,51426,55499,61097,29402,31695,15275,7226,8049,
76400,61109,29469,31640,106936,51443,55493,122211,58776,63435,106932,51429,55503,61101,29404,31697,15276,7226,8050,
76405,61113,29472,31641,106943,51447,55496,122219,58780,63439,106939,51433,55506,61105,29406,31699,15277,7227,8050,
76410,61117,29475,31642,106950,51451,55499,122227,58785,63442,106946,51438,55508,61109,29407,31702,15278,7227,8051,
76415,61121,29475,31646,106957,51455,55502,122235,58790,63445,106953,51439,55514,61113,29410,31703,15279,7227,8052,
76420,61125,29479,31646,106964,51458,55506,122243,58794,63449,106960,51440,55520,61117,29413,31704,15280,7227,8053,
76425,61129,29479,31650,106971,51464,55507,122251,58799,63452,106967,51443,55524,61121,29414,31707,15281,7228,8053,
76430,61133,29479,31654,106978,51468,55510,122259,58803,63456,106974,51448,55526,61125,29416,31709,15282,7229,8053,
76435,61137,29481,31656,106985,51471,55514,122267,58810,63457,106981,51452,55529,61129,29418,31711,15283,7230,8053,
76440,61141,29483,31658,106992,51473,55519,122275,58815,63460,106988,51456,55532,61133,29420,31713,15284,7231,8053,
76445,61145,29485,31660,106999,51475,55524,122283,58821,63462,106995,51461,55534,61137,29422,31715,15285,7231,8054,
76450,61149,29487,31662,107006,51478,55528,122291,58825,63466,107002,51464,55538,61141,29426,31715,15286,7232,8054,
76455,61153,29489,31664,107013,51484,55529,122299,58829,63470,107009,51467,55542,61145,29430,31715,15287,7232,8055,
76460,61157,29491,31666,107020,51487,55533,122307,58834,63473,107016,51471,55545,61149,29431,31718,15288,7233,8055,
76465,61161,29494,31667,107027,51490,55537,122315,58839,63476,107023,51473,55550,61153,29433,31720,15289,7233,8056,
76470,61165,29495,31670,107034,51494,55540,122323,58845,63478,107030,51476,55554,61157,29435,31722,15290,7233,8057,
76475,61169,29497,31672,107041,51496,55545,122331,58850,63481,107037,51478,55559,61161,29437,31724,15291,7234,8057,
76480,61173,29500,31673,107048,51497,55551,122339,58856,63483,107044,51480,55564,61165,29439,31726,15292,7235,8057,
76485,61177,29502,31675,107055,51498,55557,122347,58860,63487,107051,51484,55567,61169,29440,31729,15293,7236,8057,
76490,61181,29502,31679,107062,51498,55564,122355,58864,63491,107058,51485,55573,61173,29442,31731,15294,7236,8058,
76495,61185,29505,31680,107069,51500,55569,122363,58865,63498,107065,51488,55577,61177,29443,31734,15295,7236,8059,
76500,61189,29509,31680,107076,51504,55572,122371,58867,63504,107072,51489,55583,61181,29444,31737,15296,7236,8060,
76505,61193,29511,31682,107083,51507,55576,122379,58873,63506,107079,51492,55587,61185,29445,31740,15297,7236,8061,
76510,61197,29513,31684,107090,51513,55577,122387,58879,63508,107086,51493,55593,61189,29447,31742,15298,7236,8062,
76515,61201,29514,31687,107097,51517,55580,122395,58885,63510,107093,51498,55595,61193,29449,31744,15299,7236,8063,
76520,61205,29515,31690,107104,51520,55584,122403,58890,63513,107100,51502,55598,61197,29449,31748,15300,7236,8064,
76525,61209,29517,31692,107111,51522,55589,122411,58893,63518,107107,51504,55603,61201,29451,31750,15301,7237,8064,
76530,61213,29518,31695,107118,51525,55593,122419,58897,63522,107114,51510,55604,61205,29453,31752,15302,7238,8064,
76535,61217,29519,31698,107125,51530,55595,122427,58902,63525,107121,51510,55611,61209,29454,31755,15303,7238,8065,
76540,61221,29521,31700,107132,51533,55599,122435,58905,63530,107128,51514,55614,61213,29455,31758,15304,7239,8065,
76545,61225,29523,31702,107139,51535,55604,122443,58907,63536,107135,51517,55618,61217,29455,31762,15305,7240,8065,
76550,61229,29526,31703,107146,51538,55608,122451,58911,63540,107142,51523,55619,61221,29458,31763,15306,7241,8065,
76555,61233,29530,31703,107153,51541,55612,122459,58916,63543,107149,51527,55622,61225,29459,31766,15307,7241,8066,
76560,61237,29532,31705,107160,51545,55615,122467,58918,63549,107156,51531,55625,61229,29460,31769,15308,7241,8067,
76565,61241,29533,31708,107167,51548,55619,122475,58921,63554,107163,51534,55629,61233,29461,31772,15309,7241,8068,
76570,61245,29536,31709,107174,51551,55623,122483,58925,63558,107170,51536,55634,61237,29463,31774,15310,7241,8069,
76575,61249,29537,31712,107181,51553,55628,122491,58929,63562,107177,51539,55638,61241,29465,31776,15311,7241,8070,
76580,61253,29539,31714,107188,51556,55632,122499,58935,63564,107184,51541,55643,61245,29466,31779,15312,7241,8071,
76585,61257,29541,31716,107195,51560,55635,122507,58940,63567,107191,51543,55648,61249,29468,31781,15313,7242,8071,
76590,61261,29543,31718,107202,51564,55638,122515,58943,63572,107198,51547,55651,61253,29468,31785,15314,7243,8071,
76595,61265,29544,31721,107209,51568,55641,122523,58948,63575,107205,51550,55655,61257,29469,31788,15315,7243,8072,
76600,61269,29545,31724,107216,51570,55646,122531,58951,63580,107212,51552,55660,61261,29471,31790,15316,7243,8073,
76605,61273,29547,31726,107223,51573,55650,122539,58955,63584,107219,51555,55664,61265,29472,31793,15317,7243,8074,
76610,61277,29549,31728,107230,51574,55656,122547,58958,63589,107226,51558,55668,61269,29475,31794,15318,7244,8074,
76615,61281,29549,31732,107237,51578,55659,122555,58961,63594,107233,51561,55672,61273,29477,31796,15319,7245,8074,
76620,61285,29553,31732,107244,51581,55663,122563,58964,63599,107240,51562,55678,61277,29478,31799,15320,7245,8075,
76625,61289,29555,31734,107251,51585,55666,122571,58965,63606,107247,51566,55681,61281,29478,31803,15321,7246,8075,
76630,61293,29556,31737,107258,51587,55671,122579,58966,63613,107254,51569,55685,61285,29479,31806,15322,7247,8075,
76635,61297,29559,31738,107265,51590,55675,122587,58970,63617,107261,51572,55689,61289,29481,31808,15323,7247,8076,
76640,61301,29560,31741,107272,51591,55681,122595,58975,63620,107268,51577,55691,61293,29482,31811,15324,7247,8077,
76645,61305,29562,31743,107279,51596,55683,122603,58979,63624,107275,51579,55696,61297,29484,31813,15325,7247,8078,
76650,61309,29564,31745,107286,51597,55689,122611,58981,63630,107282,51582,55700,61301,29486,31815,15326,7248,8078,
76655,61313,29566,31747,107293,51600,55693,122619,58985,63634,107289,51584,55705,61305,29487,31818,15327,7248,8079,
76660,61317,29567,31750,107300,51603,55697,122627,58991,63636,107296,51587,55709,61309,29487,31822,15328,7248,8080,
76665,61321,29569,31752,107307,51606,55701,122635,58997,63638,107303,51591,55712,61313,29490,31823,15329,7248,8081,
76670,61325,29571,31754,107314,51608,55706,122643,59002,63641,107310,51595,55715,61317,29491,31826,15330,7248,8082,
76675,61329,29572,31757,107321,51611,55710,122651,59006,63645,107317,51600,55717,61321,29492,31829,15331,7249,8082,
76680,61333,29573,31760,107328,51614,55714,122659,59010,63649,107324,51601,55723,61325,29495,31830,15332,7249,8083,
76685,61337,29574,31763,107335,51615,55720,122667,59014,63653,107331,51604,55727,61329,29499,31830,15333,7249,8084,
76690,61341,29574,31767,107342,51621,55721,122675,59015,63660,107338,51606,55732,61333,29500,31833,15334,7249,8085,
76695,61345,29578,31767,107349,51623,55726,122683,59019,63664,107345,51610,55735,61337,29503,31834,15335,7250,8085,
76700,61349,29580,31769,107356,51628,55728,122691,59022,63669,107352,51614,55738,61341,29506,31835,15336,7251,8085,
76705,61353,29582,31771,107363,51631,55732,122699,59025,63674,107359,51615,55744,61345,29508,31837,15337,7252,8085,
76710,61357,29584,31773,107370,51634,55736,122707,59029,63678,107366,51618,55748,61349,29510,31839,15338,7253,8085,
76715,61361,29588,31773,107377,51637,55740,122715,59033,63682,107373,51622,55751,61353,29511,31842,15339,7254,8085,
76720,61365,29589,31776,107384,51639,55745,122723,59036,63687,107380,51626,55754,61357,29513,31844,15340,7254,8086,
76725,61369,29590,31779,107391,51645,55746,122731,59038,63693,107387,51626,55761,61361,29513,31848,15341,7255,8086,
76730,61373,29591,31782,107398,51648,55750,122739,59041,63698,107394,51627,55767,61365,29515,31850,15342,7255,8087,
76735,61377,29592,31785,107405,51652,55753,122747,59044,63703,107401,51629,55772,61369,29519,31850,15343,7256,8087,
76740,61381,29595,31786,107412,51655,55757,122755,59047,63708,107408,51634,55774,61373,29522,31851,15344,7256,8088,
76745,61385,29595,31790,107419,51658,55761,122763,59050,63713,107415,51639,55776,61377,29526,31851,15345,7257,8088,
76750,61389,29599,31790,107426,51662,55764,122771,59052,63719,107422,51640,55782,61381,29529,31852,15346,7257,8089,
76755,61393,29603,31790,107433,51663,55770,122779,59056,63723,107429,51645,55784,61385,29531,31854,15347,7257,8090,
76760,61397,29605,31792,107440,51669,55771,122787,59061,63726,107436,51648,55788,61389,29534,31855,15348,7258,8090,
76765,61401,29608,31793,107447,51672,55775,122795,59063,63732,107443,51652,55791,61393,29536,31857,15349,7259,8090,
76770,61405,29609,31796,107454,51675,55779,122803,59068,63735,107450,51653,55797,61397,29539,31858,15350,7260,8090,
76775,61409,29611,31798,107461,51678,55783,122811,59069,63742,107457,51657,55800,61401,29540,31861,15351,7261,8090,
76780,61413,29612,31801,107468,51683,55785,122819,59072,63747,107464,51663,55801,61405,29542,31863,15352,7261,8091,
76785,61417,29614,31803,107475,51687,55788,122827,59076,63751,107471,51667,55804,61409,29546,31863,15353,7261,8092,
76790,61421,29616,31805,107482,51690,55792,122835,59078,63757,107478,51670,55808,61413,29548,31865,15354,7262,8092,
76795,61425,29617,31808,107489,51692,55797,122843,59083,63760,107485,51675,55810,61417,29549,31868,15355,7262,8093,
76800,61429,29619,31810,107496,51695,55801,122851,59086,63765,107492,51678,55814,61421,29552,31869,15356,7262,8094,
76805,61433,29620,31813,107503,51698,55805,122859,59092,63767,107499,51681,55818,61425,29555,31870,15357,7263,8094,
76810,61437,29623,31814,107510,51703,55807,122867,59098,63769,107506,51682,55824,61429,29557,31872,15358,7264,8094,
76815,61441,29623,31818,107517,51708,55809,122875,59103,63772,107513,51685,55828,61433,29558,31875,15359,7265,8094,
76820,61445,29626,31819,107524,51709,55815,122883,59108,63775,107520,51688,55832,61437,29561,31876,15360,7265,8095,
76825,61449,29627,31822,107531,51712,55819,122891,59112,63779,107527,51693,55834,61441,29563,31878,15361,7265,8096,
76830,61453,29629,31824,107538,51716,55822,122899,59116,63783,107534,51696,55838,61445,29566,31879,15362,7266,8096,
76835,61457,29632,31825,107545,51719,55826,122907,59117,63790,107541,51701,55840,61449,29568,31881,15363,7267,8096,
76840,61461,29632,31829,107552,51724,55828,122915,59124,63791,107548,51703,55845,61453,29571,31882,15364,7268,8096,
76845,61465,29634,31831,107559,51729,55830,122923,59131,63792,107555,51706,55849,61457,29573,31884,15365,7269,8096,
76850,61469,29635,31834,107566,51731,55835,122931,59134,63797,107562,51710,55852,61461,29576,31885,15366,7270,8096,
76855,61473,29638,31835,107573,51734,55839,122939,59139,63800,107569,51715,55854,61465,29578,31887,15367,7271,8096,
76860,61477,29640,31837,107580,51738,55842,122947,59144,63803,107576,51716,55860,61469,29582,31887,15368,7271,8097,
76865,61481,29642,31839,107587,51742,55845,122955,59149,63806,107583,51718,55865,61473,29584,31889,15369,7271,8098,
76870,61485,29646,31839,107594,51746,55848,122963,59155,63808,107590,51721,55869,61477,29587,31890,15370,7272,8098,
76875,61489,29649,31840,107601,51750,55851,122971,59157,63814,107597,51725,55872,61481,29589,31892,15371,7273,8098,
76880,61493,29651,31842,107608,51754,55854,122979,59158,63821,107604,51728,55876,61485,29591,31894,15372,7274,8098,
76885,61497,29653,31844,107615,51757,55858,122987,59162,63825,107611,51730,55881,61489,29594,31895,15373,7275,8098,
76890,61501,29656,31845,107622,51760,55862,122995,59165,63830,107618,51733,55885,61493,29597,31896,15374,7276,8098,
76895,61505,29659,31846,107629,51764,55865,123003,59171,63832,107625,51736,55889,61497,29597,31900,15375,7276,8099,
76900,61509,29660,31849,107636,51768,55868,123011,59173,63838,107632,51737,55895,61501,29600,31901,15376,7276,8100,
76905,61513,29662,31851,107643,51772,55871,123019,59177,63842,107639,51741,55898,61505,29603,31902,15377,7276,8101,
76910,61517,29664,31853,107650,51774,55876,123027,59179,63848,107646,51742,55904,61509,29605,31904,15378,7277,8101,
76915,61521,29666,31855,107657,51777,55880,123035,59183,63852,107653,51745,55908,61513,29606,31907,15379,7277,8102,
76920,61525,29667,31858,107664,51779,55885,123043,59188,63855,107660,51746,55914,61517,29608,31909,15380,7278,8102,
76925,61529,29669,31860,107671,51783,55888,123051,59193,63858,107667,51750,55917,61521,29608,31913,15381,7279,8102,
76930,61533,29670,31863,107678,51784,55894,123059,59199,63860,107674,51754,55920,61525,29610,31915,15382,7280,8102,
76935,61537,29672,31865,107685,51785,55900,123067,59203,63864,107681,51757,55924,61529,29611,31918,15383,7280,8103,
76940,61541,29674,31867,107692,51790,55902,123075,59206,63869,107688,51762,55926,61533,29613,31920,15384,7280,8104,
76945,61545,29677,31868,107699,51790,55909,123083,59210,63873,107695,51765,55930,61537,29615,31922,15385,7281,8104,
76950,61549,29679,31870,107706,51794,55912,123091,59212,63879,107702,51768,55934,61541,29616,31925,15386,7282,8104,
76955,61553,29682,31871,107713,51798,55915,123099,59214,63885,107709,51772,55937,61545,29618,31927,15387,7282,8105,
76960,61557,29683,31874,107720,51799,55921,123107,59218,63889,107716,51777,55939,61549,29620,31929,15388,7283,8105,
76965,61561,29684,31877,107727,51800,55927,123115,59222,63893,107723,51781,55942,61553,29621,31932,15389,7283,8106,
76970,61565,29687,31878,107734,51803,55931,123123,59227,63896,107730,51784,55946,61557,29623,31934,15390,7284,8106,
76975,61569,29691,31878,107741,51805,55936,123131,59231,63900,107737,51788,55949,61561,29625,31936,15391,7284,8107,
76980,61573,29692,31881,107748,51809,55939,123139,59236,63903,107744,51791,55953,61565,29628,31937,15392,7284,8108,
76985,61577,29693,31884,107755,51811,55944,123147,59241,63906,107751,51795,55956,61569,29629,31940,15393,7284,8109,
76990,61581,29696,31885,107762,51816,55946,123155,59245,63910,107758,51800,55958,61573,29630,31943,15394,7284,8110,
76995,61585,29698,31887,107769,51820,55949,123163,59249,63914,107765,51804,55961,61577,29632,31945,15395,7284,8111,
77000,61589,29701,31888,107776,51825,55951,123171,59252,63919,107772,51806,55966,61581,29635,31946,15396,7285,8111,
77005,61593,29703,31890,107783,51827,55956,123179,59257,63922,107779,51810,55969,61585,29637,31948,15397,7285,8112,
77010,61597,29706,31891,107790,51830,55960,123187,59262,63925,107786,51815,55971,61589,29638,31951,15398,7286,8112,
77015,61601,29709,31892,107797,51834,55963,123195,59265,63930,107793,51820,55973,61593,29640,31953,15399,7286,8113,
77020,61605,29711,31894,107804,51834,55970,123203,59269,63934,107800,51823,55977,61597,29643,31954,15400,7287,8113,
77025,61609,29712,31897,107811,51838,55973,123211,59272,63939,107807,51827,55980,61601,29646,31955,15401,7288,8113,
77030,61613,29715,31898,107818,51839,55979,123219,59275,63944,107814,51832,55982,61605,29648,31957,15402,7288,8114,
77035,61617,29718,31899,107825,51841,55984,123227,59279,63948,107821,51834,55987,61609,29649,31960,15403,7288,8115,
77040,61621,29721,31900,107832,51844,55988,123235,59283,63952,107828,51839,55989,61613,29651,31962,15404,7289,8115,
77045,61625,29721,31904,107839,51849,55990,123243,59287,63956,107835,51840,55995,61617,29654,31963,15405,7290,8115,
77050,61629,29724,31905,107846,51851,55995,123251,59290,63961,107842,51843,55999,61621,29655,31966,15406,7290,8116,
77055,61633,29726,31907,107853,51853,56000,123259,59293,63966,107849,51845,56004,61625,29656,31969,15407,7291,8116,
77060,61637,29728,31909,107860,51858,56002,123267,59296,63971,107856,51847,56009,61629,29659,31970,15408,7292,8116,
77065,61641,29731,31910,107867,51861,56006,123275,59298,63977,107863,51851,56012,61633,29660,31973,15409,7292,8117,
77070,61645,29735,31910,107874,51865,56009,123283,59302,63981,107870,51853,56017,61637,29663,31974,15410,7292,8118,
77075,61649,29736,31913,107881,51870,56011,123291,59308,63983,107877,51857,56020,61641,29664,31977,15411,7292,8119,
77080,61653,29737,31916,107888,51872,56016,123299,59312,63987,107884,51861,56023,61645,29667,31978,15412,7292,8120,
77085,61657,29739,31918,107895,51876,56019,123307,59314,63993,107891,51862,56029,61649,29667,31982,15413,7292,8121,
77090,61661,29740,31921,107902,51880,56022,123315,59318,63997,107898,51868,56030,61653,29670,31983,15414,7293,8121,
77095,61665,29742,31923,107909,51882,56027,123323,59322,64001,107905,51872,56033,61657,29671,31986,15415,7294,8121,
77100,61669,29745,31924,107916,51886,56030,123331,59323,64008,107912,51874,56038,61661,29673,31988,15416,7294,8122,
77105,61673,29747,31926,107923,51889,56034,123339,59327,64012,107919,51876,56043,61665,29675,31990,15417,7295,8122,
77110,61677,29750,31927,107930,51893,56037,123347,59331,64016,107926,51881,56045,61669,29676,31993,15418,7296,8122,
77115,61681,29754,31927,107937,51897,56040,123355,59333,64022,107933,51885,56048,61673,29678,31995,15419,7297,8122,
77120,61685,29756,31929,107944,51900,56044,123363,59336,64027,107940,51889,56051,61677,29680,31997,15420,7298,8122,
77125,61689,29757,31932,107951,51902,56049,123371,59342,64029,107947,51891,56056,61681,29682,31999,15421,7298,8123,
77130,61693,29759,31934,107958,51906,56052,123379,59347,64032,107954,51895,56059,61685,29682,32003,15422,7299,8123,
77135,61697,29761,31936,107965,51908,56057,123387,59350,64037,107961,51897,56064,61689,29684,32005,15423,7300,8123,
77140,61701,29763,31938,107972,51911,56061,123395,59356,64039,107968,51899,56069,61693,29688,32005,15424,7300,8124,
77145,61705,29766,31939,107979,51914,56065,123403,59360,64043,107975,51903,56072,61697,29690,32007,15425,7301,8124,
77150,61709,29767,31942,107986,51920,56066,123411,59361,64050,107982,51909,56073,61701,29692,32009,15426,7302,8124,
77155,61713,29768,31945,107993,51924,56069,123419,59363,64056,107989,51913,56076,61705,29694,32011,15427,7302,8125,
77160,61717,29770,31947,108000,51927,56073,123427,59365,64062,107996,51917,56079,61709,29697,32012,15428,7303,8125,
77165,61721,29771,31950,108007,51928,56079,123435,59366,64069,108003,51919,56084,61713,29700,32013,15429,7304,8125,
77170,61725,29773,31952,108014,51933,56081,123443,59369,64074,108010,51924,56086,61717,29702,32015,15430,7304,8126,
77175,61729,29775,31954,108021,51935,56086,123451,59373,64078,108017,51928,56089,61721,29703,32018,15431,7305,8126,
77180,61733,29778,31955,108028,51940,56088,123459,59378,64081,108024,51932,56092,61725,29706,32019,15432,7305,8127,
77185,61737,29779,31958,108035,51944,56091,123467,59382,64085,108031,51934,56097,61729,29707,32022,15433,7305,8128,
77190,61741,29781,31960,108042,51949,56093,123475,59385,64090,108038,51938,56100,61733,29709,32024,15434,7305,8129,
77195,61745,29784,31961,108049,51950,56099,123483,59389,64094,108045,51942,56103,61737,29710,32027,15435,7305,8130,
77200,61749,29787,31962,108056,51952,56104,123491,59392,64099,108052,51946,56106,61741,29711,32030,15436,7306,8130,
77205,61753,29788,31965,108063,51956,56107,123499,59394,64105,108059,51948,56111,61745,29714,32031,15437,7306,8131,
77210,61757,29790,31967,108070,51960,56110,123507,59397,64110,108066,51950,56116,61749,29716,32033,15438,7306,8132,
77215,61761,29792,31969,108077,51962,56115,123515,59400,64115,108073,51953,56120,61753,29717,32036,15439,7307,8132,
77220,61765,29793,31972,108084,51964,56120,123523,59402,64121,108080,51956,56124,61757,29720,32037,15440,7308,8132,
77225,61769,29794,31975,108091,51967,56124,123531,59406,64125,108087,51958,56129,61761,29722,32039,15441,7308,8133,
77230,61773,29795,31978,108098,51971,56127,123539,59412,64127,108094,51962,56132,61765,29725,32040,15442,7308,8134,
77235,61777,29797,31980,108105,51975,56130,123547,59419,64128,108101,51964,56137,61769,29726,32043,15443,7308,8135,
77240,61781,29797,31984,108112,51979,56133,123555,59423,64132,108108,51969,56139,61773,29727,32046,15444,7309,8135,
77245,61785,29798,31987,108119,51982,56137,123563,59427,64136,108115,51973,56142,61777,29729,32048,15445,7309,8136,
77250,61789,29800,31989,108126,51985,56141,123571,59431,64140,108122,51979,56143,61781,29730,32051,15446,7310,8136,
77255,61793,29802,31991,108133,51988,56145,123579,59435,64144,108129,51981,56148,61785,29733,32052,15447,7310,8137,
77260,61797,29804,31993,108140,51991,56149,123587,59438,64149,108136,51984,56152,61789,29735,32054,15448,7310,8138,
77265,61801,29806,31995,108147,51993,56154,123595,59441,64154,108143,51986,56157,61793,29735,32058,15449,7311,8138,
77270,61805,29808,31997,108154,51998,56156,123603,59443,64160,108150,51990,56160,61797,29735,32062,15450,7311,8139,
77275,61809,29809,32000,108161,52002,56159,123611,59448,64163,108157,51994,56163,61801,29737,32064,15451,7311,8140,
77280,61813,29809,32004,108168,52004,56164,123619,59452,64167,108164,51998,56166,61805,29740,32065,15452,7311,8141,
77285,61817,29810,32007,108175,52005,56170,123627,59454,64173,108171,52001,56170,61809,29742,32067,15453,7311,8142,
77290,61821,29814,32007,108182,52008,56174,123635,59460,64175,108178,52004,56174,61813,29744,32069,15454,7311,8143,
77295,61825,29816,32009,108189,52011,56178,123643,59462,64181,108185,52008,56177,61817,29745,32072,15455,7311,8144,
77300,61829,29817,32012,108196,52015,56181,123651,59463,64188,108192,52010,56182,61821,29745,32076,15456,7311,8145,
77305,61833,29817,32016,108203,52019,56184,123659,59465,64194,108199,52013,56186,61825,29747,32078,15457,7311,8146,
77310,61837,29818,32019,108210,52022,56188,123667,59468,64199,108206,52016,56190,61829,29750,32079,15458,7311,8147,
77315,61841,29821,32020,108217,52024,56193,123675,59474,64201,108213,52021,56192,61833,29753,32080,15459,7312,8147,
77320,61845,29823,32022,108224,52027,56197,123683,59478,64205,108220,52026,56194,61837,29756,32081,15460,7313,8147,
77325,61849,29824,32025,108231,52032,56199,123691,59483,64208,108227,52030,56197,61841,29759,32082,15461,7313,8148,
77330,61853,29825,32028,108238,52036,56202,123699,59487,64212,108234,52034,56200,61845,29761,32084,15462,7314,8148,
77335,61857,29827,32030,108245,52040,56205,123707,59494,64213,108241,52036,56205,61849,29762,32087,15463,7315,8148,
77340,61861,29827,32034,108252,52044,56208,123715,59498,64217,108248,52038,56210,61853,29763,32090,15464,7315,8149,
77345,61865,29830,32035,108259,52047,56212,123723,59504,64219,108255,52039,56216,61857,29765,32092,15465,7316,8149,
77350,61869,29833,32036,108266,52048,56218,123731,59509,64222,108262,52044,56218,61861,29768,32093,15466,7316,8150,
77355,61873,29835,32038,108273,52051,56222,123739,59510,64229,108269,52051,56218,61865,29771,32094,15467,7317,8150,
77360,61877,29837,32040,108280,52055,56225,123747,59514,64233,108276,52054,56222,61869,29772,32097,15468,7317,8151,
77365,61881,29841,32040,108287,52060,56227,123755,59518,64237,108283,52058,56225,61873,29772,32101,15469,7317,8152,
77370,61885,29843,32042,108294,52064,56230,123763,59523,64240,108290,52060,56230,61877,29776,32101,15470,7317,8153,
77375,61889,29845,32044,108301,52068,56233,123771,59529,64242,108297,52062,56235,61881,29778,32103,15471,7317,8154,
77380,61893,29848,32045,108308,52071,56237,123779,59533,64246,108304,52066,56238,61885,29781,32104,15472,7318,8154,
77385,61897,29851,32046,108315,52074,56241,123787,59537,64250,108311,52071,56240,61889,29783,32106,15473,7319,8154,
77390,61901,29854,32047,108322,52076,56246,123795,59538,64257,108318,52073,56245,61893,29785,32108,15474,7320,8154,
77395,61905,29855,32050,108329,52078,56251,123803,59543,64260,108325,52078,56247,61897,29787,32110,15475,7321,8154,
77400,61909,29857,32052,108336,52079,56257,123811,59545,64266,108332,52082,56250,61901,29788,32113,15476,7321,8155,
77405,61913,29860,32053,108343,52084,56259,123819,59550,64269,108339,52086,56253,61905,29790,32115,15477,7321,8156,
77410,61917,29861,32056,108350,52089,56261,123827,59555,64272,108346,52090,56256,61909,29791,32118,15478,7321,8157,
77415,61921,29863,32058,108357,52092,56265,123835,59558,64277,108353,52093,56260,61913,29793,32120,15479,7321,8158,
77420,61925,29864,32061,108364,52097,56267,123843,59562,64281,108360,52097,56263,61917,29796,32121,15480,7321,8159,
77425,61929,29867,32062,108371,52100,56271,123851,59565,64286,108367,52103,56264,61921,29798,32123,15481,7322,8159,
77430,61933,29870,32063,108378,52101,56277,123859,59569,64290,108374,52106,56268,61925,29801,32124,15482,7323,8159,
77435,61937,29873,32064,108385,52105,56280,123867,59571,64296,108381,52109,56272,61929,29803,32126,15483,7324,8159,
77440,61941,29876,32065,108392,52110,56282,123875,59574,64301,108388,52111,56277,61933,29806,32127,15484,7324,8160,
77445,61945,29878,32067,108399,52113,56286,123883,59578,64305,108395,52115,56280,61937,29808,32129,15485,7325,8160,
77450,61949,29878,32071,108406,52118,56288,123891,59580,64311,108402,52118,56284,61941,29811,32130,15486,7326,8160,
77455,61953,29879,32074,108413,52123,56290,123899,59585,64314,108409,52122,56287,61945,29814,32131,15487,7327,8160,
77460,61957,29880,32077,108420,52128,56292,123907,59588,64319,108416,52127,56289,61949,29814,32135,15488,7327,8161,
77465,61961,29882,32079,108427,52129,56298,123915,59590,64325,108423,52132,56291,61953,29816,32137,15489,7327,8162,
77470,61965,29884,32081,108434,52130,56304,123923,59591,64332,108430,52136,56294,61957,29818,32139,15490,7327,8163,
77475,61969,29885,32084,108441,52134,56307,123931,59596,64335,108437,52139,56298,61961,29819,32142,15491,7328,8163,
77480,61973,29888,32085,108448,52138,56310,123939,59601,64338,108444,52142,56302,61965,29822,32143,15492,7328,8164,
77485,61977,29890,32087,108455,52143,56312,123947,59605,64342,108451,52148,56303,61969,29824,32145,15493,7329,8164,
77490,61981,29892,32089,108462,52145,56317,123955,59609,64346,108458,52150,56308,61973,29826,32147,15494,7330,8164,
77495,61985,29894,32091,108469,52149,56320,123963,59611,64352,108465,52153,56312,61977,29827,32150,15495,7331,8164,
77500,61989,29894,32095,108476,52153,56323,123971,59616,64355,108472,52157,56315,61981,29829,32152,15496,7331,8165,
77505,61993,29897,32096,108483,52156,56327,123979,59621,64358,108479,52160,56319,61985,29831,32154,15497,7332,8165,
77510,61997,29899,32098,108490,52160,56330,123987,59627,64360,108486,52165,56321,61989,29833,32156,15498,7332,8166,
77515,62001,29901,32100,108497,52164,56333,123995,59631,64364,108493,52170,56323,61993,29836,32157,15499,7332,8167,
77520,62005,29901,32104,108504,52167,56337,124003,59633,64370,108500,52174,56326,61997,29839,32158,15500,7333,8167,
77525,62009,29904,32105,108511,52170,56341,124011,59640,64371,108507,52178,56329,62001,29842,32159,15501,7333,8168,
77530,62013,29908,32105,108518,52174,56344,124019,59642,64377,108514,52181,56333,62005,29844,32161,15502,7333,8169,
77535,62017,29909,32108,108525,52177,56348,124027,59644,64383,108521,52184,56337,62009,29845,32164,15503,7334,8169,
77540,62021,29910,32111,108532,52182,56350,124035,59648,64387,108528,52188,56340,62013,29849,32164,15504,7334,8170,
77545,62025,29912,32113,108539,52186,56353,124043,59652,64391,108535,52193,56342,62017,29850,32167,15505,7334,8171,
77550,62029,29913,32116,108546,52187,56359,124051,59657,64394,108542,52196,56346,62021,29853,32168,15506,7334,8172,
77555,62033,29916,32117,108553,52189,56364,124059,59661,64398,108549,52201,56348,62025,29855,32170,15507,7334,8173,
77560,62037,29918,32119,108560,52193,56367,124067,59667,64400,108556,52203,56353,62029,29858,32171,15508,7334,8174,
77565,62041,29919,32122,108567,52196,56371,124075,59671,64404,108563,52206,56357,62033,29860,32173,15509,7334,8175,
77570,62045,29921,32124,108574,52197,56377,124083,59673,64410,108570,52212,56358,62037,29860,32177,15510,7335,8175,
77575,62049,29923,32126,108581,52200,56381,124091,59679,64412,108577,52216,56361,62041,29861,32180,15511,7335,8176,
77580,62053,29926,32127,108588,52203,56385,124099,59684,64415,108584,52220,56364,62045,29865,32180,15512,7336,8176,
77585,62057,29926,32131,108595,52207,56388,124107,59688,64419,108591,52223,56368,62049,29868,32181,15513,7336,8177,
77590,62061,29928,32133,108602,52211,56391,124115,59694,64421,108598,52227,56371,62053,29869,32184,15514,7336,8178,
77595,62065,29930,32135,108609,52214,56395,124123,59701,64422,108605,52229,56376,62057,29873,32184,15515,7337,8178,
77600,62069,29932,32137,108616,52216,56400,124131,59705,64426,108612,52233,56379,62061,29873,32188,15516,7338,8178,
77605,62073,29934,32139,108623,52219,56404,124139,59708,64431,108619,52236,56383,62065,29875,32190,15517,7339,8178,
77610,62077,29935,32142,108630,52223,56407,124147,59712,64435,108626,52238,56388,62069,29876,32193,15518,7340,8178,
77615,62081,29937,32144,108637,52226,56411,124155,59716,64439,108633,52240,56393,62073,29878,32195,15519,7341,8178,
77620,62085,29938,32147,108644,52230,56414,124163,59721,64442,108640,52246,56394,62077,29879,32198,15520,7341,8179,
77625,62089,29940,32149,108651,52233,56418,124171,59722,64449,108647,52250,56397,62081,29881,32200,15521,7341,8180,
77630,62093,29941,32152,108658,52236,56422,124179,59724,64455,108654,52253,56401,62085,29884,32201,15522,7342,8180,
77635,62097,29942,32155,108665,52239,56426,124187,59729,64458,108661,52259,56402,62089,29886,32203,15523,7342,8181,
77640,62101,29945,32156,108672,52241,56431,124195,59731,64464,108668,52262,56406,62093,29887,32206,15524,7342,8182,
77645,62105,29946,32159,108679,52247,56432,124203,59735,64468,108675,52266,56409,62097,29889,32208,15525,7343,8182,
77650,62109,29947,32162,108686,52251,56435,124211,59739,64472,108682,52268,56414,62101,29891,32210,15526,7343,8183,
77655,62113,29951,32162,108693,52253,56440,124219,59744,64475,108689,52270,56419,62105,29892,32213,15527,7343,8184,
77660,62117,29954,32163,108700,52258,56442,124227,59747,64480,108696,52272,56424,62109,29893,32216,15528,7343,8185,
77665,62121,29957,32164,108707,52262,56445,124235,59751,64484,108703,52275,56428,62113,29895,32218,15529,7343,8186,
77670,62125,29959,32166,108714,52267,56447,124243,59754,64489,108710,52277,56433,62117,29898,32219,15530,7344,8186,
77675,62129,29960,32169,108721,52271,56450,124251,59758,64493,108717,52278,56439,62121,29899,32222,15531,7344,8187,
77680,62133,29962,32171,108728,52275,56453,124259,59761,64498,108724,52281,56443,62125,29900,32225,15532,7344,8188,
77685,62137,29964,32173,108735,52280,56455,124267,59765,64502,108731,52286,56445,62129,29901,32228,15533,7345,8188,
77690,62141,29966,32175,108742,52286,56456,124275,59771,64504,108738,52290,56448,62133,29903,32230,15534,7346,8188,
77695,62145,29966,32179,108749,52289,56460,124283,59776,64507,108745,52292,56453,62137,29905,32232,15535,7347,8188,
77700,62149,29967,32182,108756,52292,56464,124291,59781,64510,108752,52295,56457,62141,29907,32234,15536,7347,8189,
77705,62153,29968,32185,108763,52294,56469,124299,59785,64514,108759,52297,56462,62145,29910,32235,15537,7347,8190,
77710,62157,29970,32187,108770,52298,56472,124307,59787,64520,108766,52301,56465,62149,29912,32237,15538,7348,8190,
77715,62161,29973,32188,108777,52300,56477,124315,59791,64524,108773,52303,56470,62153,29914,32239,15539,7348,8191,
77720,62165,29974,32191,108784,52303,56481,124323,59796,64527,108780,52306,56474,62157,29915,32242,15540,7348,8192,
77725,62169,29975,32194,108791,52306,56485,124331,59800,64531,108787,52312,56475,62161,29918,32243,15541,7348,8193,
77730,62173,29977,32196,108798,52309,56489,124339,59805,64534,108794,52316,56478,62165,29919,32246,15542,7348,8194,
77735,62177,29981,32196,108805,52311,56494,124347,59808,64539,108801,52318,56483,62169,29921,32248,15543,7348,8195,
77740,62181,29982,32199,108812,52314,56498,124355,59810,64545,108808,52322,56486,62173,29924,32249,15544,7349,8195,
77745,62185,29982,32203,108819,52317,56502,124363,59815,64548,108815,52326,56489,62177,29926,32251,15545,7350,8195,
77750,62189,29985,32204,108826,52321,56505,124371,59819,64552,108822,52330,56492,62181,29928,32253,15546,7351,8195,
77755,62193,29988,32205,108833,52324,56509,124379,59822,64557,108829,52332,56497,62185,29928,32257,15547,7351,8196,
77760,62197,29990,32207,108840,52327,56513,124387,59828,64559,108836,52334,56502,62189,29931,32258,15548,7351,8197,
77765,62201,29993,32208,108847,52329,56518,124395,59830,64565,108843,52336,56507,62193,29932,32261,15549,7352,8197,
77770,62205,29994,32211,108854,52333,56521,124403,59834,64569,108850,52340,56510,62197,29933,32264,15550,7353,8197,
77775,62209,29997,32212,108861,52337,56524,124411,59836,64575,108857,52343,56514,62201,29934,32267,15551,7354,8197,
77780,62213,29998,32215,108868,52342,56526,124419,59839,64580,108864,52347,56517,62205,29935,32270,15552,7355,8197,
77785,62217,30000,32217,108875,52346,56529,124427,59843,64584,108871,52352,56519,62209,29936,32273,15553,7355,8198,
77790,62221,30001,32220,108882,52349,56533,124435,59849,64586,108878,52354,56524,62213,29937,32276,15554,7356,8198,
77795,62225,30002,32223,108889,52355,56534,124443,59852,64591,108885,52356,56529,62217,29939,32278,15555,7357,8198,
77800,62229,30004,32225,108896,52359,56537,124451,59856,64595,108892,52359,56533,62221,29941,32280,15556,7358,8198,
77805,62233,30007,32226,108903,52363,56540,124459,59859,64600,108899,52360,56539,62225,29943,32282,15557,7358,8199,
77810,62237,30009,32228,108910,52365,56545,124467,59863,64604,108906,52363,56543,62229,29946,32283,15558,7358,8200,
77815,62241,30010,32231,108917,52370,56547,124475,59868,64607,108913,52365,56548,62233,29948,32285,15559,7359,8200,
77820,62245,30012,32233,108924,52372,56552,124483,59871,64612,108920,52368,56552,62237,29950,32287,15560,7359,8201,
77825,62249,30015,32234,108931,52375,56556,124491,59874,64617,108927,52373,56554,62241,29954,32287,15561,7359,8202,
77830,62253,30017,32236,108938,52378,56560,124499,59877,64622,108934,52375,56559,62245,29957,32288,15562,7360,8202,
77835,62257,30020,32237,108945,52384,56561,124507,59880,64627,108941,52378,56563,62249,29961,32288,15563,7361,8202,
77840,62261,30022,32239,108952,52387,56565,124515,59881,64634,108948,52379,56569,62253,29962,32291,15564,7362,8202,
77845,62265,30024,32241,108959,52390,56569,124523,59885,64638,108955,52383,56572,62257,29962,32295,15565,7362,8203,
77850,62269,30027,32242,108966,52393,56573,124531,59890,64641,108962,52388,56574,62261,29962,32299,15566,7363,8203,
77855,62273,30029,32244,108973,52397,56576,124539,59894,64645,108969,52389,56580,62265,29966,32299,15567,7364,8203,
77860,62277,30031,32246,108980,52399,56581,124547,59897,64650,108976,52391,56585,62269,29969,32300,15568,7364,8204,
77865,62281,30032,32249,108987,52401,56586,124555,59901,64654,108983,52395,56588,62273,29971,32302,15569,7365,8204,
77870,62285,30034,32251,108994,52405,56589,124563,59905,64658,108990,52400,56590,62277,29973,32304,15570,7366,8204,
77875,62289,30036,32253,109001,52406,56595,124571,59910,64661,108997,52404,56593,62281,29975,32306,15571,7367,8204,
77880,62293,30037,32256,109008,52410,56598,124579,59915,64664,109004,52407,56597,62285,29977,32308,15572,7367,8205,
77885,62297,30039,32258,109015,52415,56600,124587,59917,64670,109011,52410,56601,62289,29981,32308,15573,7367,8206,
77890,62301,30041,32260,109022,52418,56604,124595,59921,64674,109018,52411,56607,62293,29982,32311,15574,7368,8206,
77895,62305,30044,32261,109029,52421,56608,124603,59923,64680,109025,52417,56608,62297,29982,32315,15575,7369,8206,
77900,62309,30047,32262,109036,52425,56611,124611,59926,64685,109032,52420,56612,62301,29982,32319,15576,7369,8207,
77905,62313,30050,32263,109043,52427,56616,124619,59931,64688,109039,52423,56616,62305,29984,32321,15577,7369,8208,
77910,62317,30050,32267,109050,52430,56620,124627,59935,64692,109046,52427,56619,62309,29985,32324,15578,7369,8209,
77915,62321,30051,32270,109057,52431,56626,124635,59941,64694,109053,52431,56622,62313,29988,32325,15579,7369,8210,
77920,62325,30054,32271,109064,52434,56630,124643,59946,64697,109060,52434,56626,62317,29991,32326,15580,7369,8211,
77925,62329,30057,32272,109071,52439,56632,124651,59950,64701,109067,52439,56628,62321,29992,32329,15581,7370,8211,
77930,62333,30059,32274,109078,52443,56635,124659,59952,64707,109074,52444,56630,62325,29994,32331,15582,7371,8211,
77935,62337,30060,32277,109085,52446,56639,124667,59958,64709,109081,52446,56635,62329,29997,32332,15583,7371,8212,
77940,62341,30064,32277,109092,52451,56641,124675,59960,64715,109088,52451,56637,62333,30000,32333,15584,7371,8213,
77945,62345,30067,32278,109099,52455,56644,124683,59965,64718,109095,52453,56642,62337,30003,32334,15585,7372,8213,
77950,62349,30068,32281,109106,52459,56647,124691,59968,64723,109102,52455,56647,62341,30006,32335,15586,7373,8213,
77955,62353,30069,32284,109113,52465,56648,124699,59971,64728,109109,52457,56652,62345,30006,32339,15587,7374,8213,
77960,62357,30071,32286,109120,52471,56649,124707,59973,64734,109116,52461,56655,62349,30007,32342,15588,7374,8214,
77965,62361,30073,32288,109127,52476,56651,124715,59975,64740,109123,52465,56658,62353,30010,32343,15589,7374,8215,
77970,62365,30074,32291,109134,52478,56656,124723,59980,64743,109130,52471,56659,62357,30012,32345,15590,7374,8216,
77975,62369,30077,32292,109141,52480,56661,124731,59984,64747,109137,52475,56662,62361,30014,32347,15591,7374,8217,
77980,62373,30078,32295,109148,52483,56665,124739,59990,64749,109144,52479,56665,62365,30017,32348,15592,7375,8217,
77985,62377,30081,32296,109155,52485,56670,124747,59993,64754,109151,52481,56670,62369,30019,32350,15593,7376,8217,
77990,62381,30081,32300,109162,52488,56674,124755,59998,64757,109158,52484,56674,62373,30022,32351,15594,7377,8217,
77995,62385,30084,32301,109169,52491,56678,124763,60003,64760,109165,52488,56677,62377,30025,32352,15595,7377,8218,
78000,62389,30087,32302,109176,52495,56681,124771,60007,64764,109172,52491,56681,62381,30027,32354,15596,7378,8218,
78005,62393,30090,32303,109183,52498,56685,124779,60008,64771,109179,52495,56684,62385,30029,32356,15597,7379,8218,
78010,62397,30092,32305,109190,52500,56690,124787,60013,64774,109186,52500,56686,62389,30032,32357,15598,7379,8219,
78015,62401,30094,32307,109197,52505,56692,124795,60015,64780,109193,52505,56688,62393,30034,32359,15599,7379,8220,
78020,62405,30096,32309,109204,52508,56696,124803,60021,64782,109200,52509,56691,62397,30037,32360,15600,7379,8221,
78025,62409,30099,32310,109211,52509,56702,124811,60027,64784,109207,52511,56696,62401,30040,32361,15601,7379,8222,
78030,62413,30100,32313,109218,52510,56708,124819,60031,64788,109214,52514,56700,62405,30041,32364,15602,7379,8223,
78035,62417,30100,32317,109225,52513,56712,124827,60035,64792,109221,52518,56703,62409,30044,32365,15603,7380,8223,
78040,62421,30102,32319,109232,52515,56717,124835,60039,64796,109228,52522,56706,62413,30047,32366,15604,7381,8223,
78045,62425,30105,32320,109239,52518,56721,124843,60042,64801,109235,52526,56709,62417,30048,32369,15605,7381,8224,
78050,62429,30107,32322,109246,52521,56725,124851,60046,64805,109242,52530,56712,62421,30051,32370,15606,7381,8225,
78055,62433,30110,32323,109253,52524,56729,124859,60050,64809,109249,52534,56715,62425,30053,32372,15607,7381,8226,
78060,62437,30111,32326,109260,52527,56733,124867,60057,64810,109256,52538,56718,62429,30053,32376,15608,7382,8226,
78065,62441,30113,32328,109267,52528,56739,124875,60060,64815,109263,52541,56722,62433,30054,32379,15609,7383,8226,
78070,62445,30115,32330,109274,52531,56743,124883,60064,64819,109270,52543,56727,62437,30057,32380,15610,7384,8226,
78075,62449,30117,32332,109281,52536,56745,124891,60068,64823,109277,52548,56729,62441,30058,32383,15611,7384,8227,
78080,62453,30117,32336,109288,52542,56746,124899,60072,64827,109284,52553,56731,62445,30059,32386,15612,7384,8228,
78085,62457,30120,32337,109295,52546,56749,124907,60078,64829,109291,52556,56735,62449,30062,32387,15613,7384,8229,
78090,62461,30122,32339,109302,52552,56750,124915,60081,64834,109298,52559,56739,62453,30064,32389,15614,7385,8229,
78095,62465,30123,32342,109309,52556,56753,124923,60086,64837,109305,52560,56745,62457,30066,32391,15615,7386,8229,
78100,62469,30127,32342,109316,52561,56755,124931,60089,64842,109312,52564,56748,62461,30067,32394,15616,7387,8229,
78105,62473,30128,32345,109323,52566,56757,124939,60093,64846,109319,52565,56754,62465,30070,32395,15617,7388,8229,
78110,62477,30130,32347,109330,52570,56760,124947,60098,64849,109326,52569,56757,62469,30071,32398,15618,7389,8229,
78115,62481,30132,32349,109337,52573,56764,124955,60104,64851,109333,52572,56761,62473,30073,32400,15619,7389,8230,
78120,62485,30132,32353,109344,52578,56766,124963,60108,64855,109340,52575,56765,62477,30075,32402,15620,7390,8230,
78125,62489,30134,32355,109351,52581,56770,124971,60112,64859,109347,52578,56769,62481,30078,32403,15621,7391,8230,
78130,62493,30135,32358,109358,52586,56772,124979,60115,64864,109354,52580,56774,62485,30080,32405,15622,7391,8231,
78135,62497,30137,32360,109365,52588,56777,124987,60120,64867,109361,52585,56776,62489,30083,32406,15623,7391,8232,
78140,62501,30138,32363,109372,52593,56779,124995,60121,64874,109368,52588,56780,62493,30084,32409,15624,7391,8233,
78145,62505,30139,32366,109379,52597,56782,125003,60125,64878,109375,52590,56785,62497,30085,32412,15625,7391,8234,
78150,62509,30140,32369,109386,52598,56788,125011,60129,64882,109382,52594,56788,62501,30089,32412,15626,7391,8235,
78155,62513,30143,32370,109393,52602,56791,125019,60132,64887,109389,52597,56792,62505,30092,32413,15627,7392,8235,
78160,62517,30144,32373,109400,52605,56795,125027,60133,64894,109396,52600,56796,62509,30096,32413,15628,7392,8236,
78165,62521,30146,32375,109407,52606,56801,125035,60137,64898,109403,52602,56801,62513,30098,32415,15629,7393,8236,
78170,62525,30149,32376,109414,52609,56805,125043,60139,64904,109410,52603,56807,62517,30100,32417,15630,7394,8236,
78175,62529,30150,32379,109421,52613,56808,125051,60141,64910,109417,52606,56811,62521,30103,32418,15631,7395,8236,
78180,62533,30154,32379,109428,52617,56811,125059,60145,64914,109424,52609,56815,62525,30106,32419,15632,7395,8237,
78185,62537,30156,32381,109435,52620,56815,125067,60147,64920,109431,52614,56817,62529,30109,32420,15633,7395,8238,
78190,62541,30157,32384,109442,52622,56820,125075,60149,64926,109438,52616,56822,62533,30109,32424,15634,7395,8239,
78195,62545,30159,32386,109449,52624,56825,125083,60154,64929,109445,52618,56827,62537,30110,32427,15635,7395,8240,
78200,62549,30160,32389,109456,52629,56827,125091,60159,64932,109452,52620,56832,62541,30111,32430,15636,7395,8241,
78205,62553,30161,32392,109463,52634,56829,125099,60164,64935,109459,52626,56833,62545,30114,32431,15637,7396,8241,
78210,62557,30164,32393,109470,52636,56834,125107,60169,64938,109466,52627,56839,62549,30116,32433,15638,7397,8241,
78215,62561,30167,32394,109477,52641,56836,125115,60172,64943,109473,52630,56843,62553,30118,32435,15639,7397,8242,
78220,62565,30169,32396,109484,52646,56838,125123,60175,64948,109480,52634,56846,62557,30119,32438,15640,7397,8243,
78225,62569,30170,32399,109491,52651,56840,125131,60180,64951,109487,52638,56849,62561,30121,32440,15641,7398,8243,
78230,62573,30170,32403,109498,52655,56843,125139,60184,64955,109494,52643,56851,62565,30123,32442,15642,7399,8243,
78235,62577,30170,32407,109505,52660,56845,125147,60189,64958,109501,52647,56854,62569,30126,32443,15643,7399,8244,
78240,62581,30171,32410,109512,52665,56847,125155,60191,64964,109508,52649,56859,62573,30127,32446,15644,7400,8244,
78245,62585,30173,32412,109519,52666,56853,125163,60198,64965,109515,52651,56864,62577,30128,32449,15645,7401,8244,
78250,62589,30174,32415,109526,52671,56855,125171,60202,64969,109522,52654,56868,62581,30130,32451,15646,7402,8244,
78255,62593,30176,32417,109533,52673,56860,125179,60204,64975,109529,52656,56873,62585,30131,32454,15647,7403,8244,
78260,62597,30176,32421,109540,52679,56861,125187,60206,64981,109536,52660,56876,62589,30133,32456,15648,7403,8245,
78265,62601,30179,32422,109547,52683,56864,125195,60212,64983,109543,52663,56880,62593,30136,32457,15649,7404,8245,
78270,62605,30179,32426,109554,52686,56868,125203,60216,64987,109550,52668,56882,62597,30139,32458,15650,7404,8246,
78275,62609,30181,32428,109561,52690,56871,125211,60218,64993,109557,52672,56885,62601,30140,32461,15651,7405,8246,
78280,62613,30181,32432,109568,52691,56877,125219,60223,64996,109564,52676,56888,62605,30144,32461,15652,7406,8246,
78285,62617,30183,32434,109575,52692,56883,125227,60223,65004,109571,52679,56892,62609,30147,32462,15653,7407,8246,
78290,62621,30184,32437,109582,52695,56887,125235,60227,65008,109578,52684,56894,62613,30149,32464,15654,7407,8247,
78295,62625,30186,32439,109589,52699,56890,125243,60234,65009,109585,52688,56897,62617,30151,32466,15655,7407,8248,
78300,62629,30188,32441,109596,52703,56893,125251,60236,65015,109592,52693,56899,62621,30152,32469,15656,7408,8248,
78305,62633,30190,32443,109603,52706,56897,125259,60240,65019,109599,52693,56906,62625,30153,32472,15657,7409,8248,
78310,62637,30192,32445,109610,52709,56901,125267,60244,65023,109606,52699,56907,62629,30155,32474,15658,7409,8249,
78315,62641,30194,32447,109617,52712,56905,125275,60248,65027,109613,52702,56911,62633,30157,32476,15659,7410,8249,
78320,62645,30196,32449,109624,52715,56909,125283,60252,65031,109620,52704,56916,62637,30160,32477,15660,7411,8249,
78325,62649,30198,32451,109631,52719,56912,125291,60255,65036,109627,52706,56921,62641,30161,32480,15661,7411,8250,
78330,62653,30201,32452,109638,52722,56916,125299,60261,65038,109634,52710,56924,62645,30163,32482,15662,7412,8250,
78335,62657,30202,32455,109645,52725,56920,125307,60264,65043,109641,52713,56928,62649,30165,32484,15663,7413,8250,
78340,62661,30206,32455,109652,52728,56924,125315,60269,65046,109648,52716,56932,62653,30169,32484,15664,7413,8251,
78345,62665,30210,32455,109659,52729,56930,125323,60273,65050,109655,52718,56937,62657,30173,32484,15665,7414,8251,
78350,62669,30211,32458,109666,52733,56933,125331,60277,65054,109662,52723,56939,62661,30177,32484,15666,7414,8252,
78355,62673,30214,32459,109673,52735,56938,125339,60283,65056,109669,52725,56944,62665,30181,32484,15667,7415,8252,
78360,62677,30217,32460,109680,52737,56943,125347,60287,65060,109676,52728,56948,62669,30184,32485,15668,7416,8252,
78365,62681,30217,32464,109687,52743,56944,125355,60294,65061,109683,52732,56951,62673,30187,32486,15669,7416,8253,
78370,62685,30219,32466,109694,52748,56946,125363,60297,65066,109690,52736,56954,62677,30189,32488,15670,7417,8253,
78375,62689,30221,32468,109701,52752,56949,125371,60301,65070,109697,52740,56957,62681,30191,32490,15671,7418,8253,
78380,62693,30224,32469,109708,52755,56953,125379,60303,65076,109704,52743,56961,62685,30195,32490,15672,7419,8253,
78385,62697,30226,32471,109715,52758,56957,125387,60307,65080,109711,52745,56966,62689,30197,32492,15673,7419,8254,
78390,62701,30228,32473,109722,52763,56959,125395,60312,65083,109718,52748,56970,62693,30198,32495,15674,7420,8254,
78395,62705,30230,32475,109729,52767,56962,125403,60315,65088,109725,52752,56973,62697,30200,32497,15675,7420,8255,
78400,62709,30233,32476,109736,52771,56965,125411,60319,65092,109732,52754,56978,62701,30202,32499,15676,7420,8256,
78405,62713,30236,32477,109743,52776,56967,125419,60320,65099,109739,52758,56981,62705,30204,32501,15677,7420,8257,
78410,62717,30239,32478,109750,52782,56968,125427,60321,65106,109746,52761,56985,62709,30207,32502,15678,7420,8258,
78415,62721,30242,32479,109757,52786,56971,125435,60323,65112,109753,52765,56988,62713,30208,32505,15679,7421,8258,
78420,62725,30243,32482,109764,52790,56974,125443,60326,65117,109760,52769,56991,62717,30209,32508,15680,7422,8258,
78425,62729,30244,32485,109771,52796,56975,125451,60329,65122,109767,52772,56995,62721,30212,32509,15681,7422,8259,
78430,62733,30246,32487,109778,52799,56979,125459,60333,65126,109774,52775,56999,62725,30213,32512,15682,7422,8260,
78435,62737,30248,32489,109785,52804,56981,125467,60335,65132,109781,52777,57004,62729,30217,32512,15683,7422,8261,
78440,62741,30249,32492,109792,52808,56984,125475,60342,65133,109788,52780,57008,62733,30220,32513,15684,7423,8261,
78445,62745,30253,32492,109799,52811,56988,125483,60345,65138,109795,52784,57011,62737,30224,32513,15685,7424,8261,
78450,62749,30256,32493,109806,52816,56990,125491,60347,65144,109802,52787,57015,62741,30226,32515,15686,7425,8261,
78455,62753,30257,32496,109813,52821,56992,125499,60352,65147,109809,52792,57017,62745,30228,32517,15687,7425,8262,
78460,62757,30259,32498,109820,52824,56996,125507,60359,65148,109816,52795,57021,62749,30229,32520,15688,7426,8262,
78465,62761,30260,32501,109827,52828,56999,125515,60364,65151,109823,52798,57025,62753,30231,32522,15689,7427,8262,
78470,62765,30263,32502,109834,52830,57004,125523,60370,65153,109830,52800,57030,62757,30232,32525,15690,7428,8262,
78475,62769,30264,32505,109841,52834,57007,125531,60373,65158,109837,52802,57035,62761,30233,32528,15691,7428,8263,
78480,62773,30267,32506,109848,52838,57010,125539,60375,65164,109844,52804,57040,62765,30237,32528,15692,7428,8264,
78485,62777,30271,32506,109855,52841,57014,125547,60381,65166,109851,52808,57043,62769,30239,32530,15693,7429,8264,
78490,62781,30271,32510,109862,52845,57017,125555,60385,65170,109858,52810,57048,62773,30241,32532,15694,7429,8265,
78495,62785,30272,32513,109869,52848,57021,125563,60389,65174,109865,52812,57053,62777,30243,32534,15695,7430,8265,
78500,62789,30275,32514,109876,52852,57024,125571,60392,65179,109872,52816,57056,62781,30247,32534,15696,7430,8266,
78505,62793,30278,32515,109883,52856,57027,125579,60398,65181,109879,52818,57061,62785,30249,32536,15697,7431,8266,
78510,62797,30281,32516,109890,52857,57033,125587,60402,65185,109886,52821,57065,62789,30252,32537,15698,7432,8266,
78515,62801,30285,32516,109897,52862,57035,125595,60405,65190,109893,52822,57071,62793,30254,32539,15699,7432,8267,
78520,62805,30287,32518,109904,52863,57041,125603,60408,65195,109900,52827,57073,62797,30256,32541,15700,7432,8268,
78525,62809,30288,32521,109911,52867,57044,125611,60414,65197,109907,52830,57077,62801,30260,32541,15701,7433,8268,
78530,62813,30289,32524,109918,52871,57047,125619,60417,65202,109914,52835,57079,62805,30262,32543,15702,7433,8269,
78535,62817,30291,32526,109925,52877,57048,125627,60419,65208,109921,52839,57082,62809,30263,32546,15703,7433,8270,
78540,62821,30293,32528,109932,52882,57050,125635,60424,65211,109928,52844,57084,62813,30265,32548,15704,7434,8270,
78545,62825,30295,32530,109939,52885,57054,125643,60428,65215,109935,52845,57090,62817,30267,32550,15705,7435,8270,
78550,62829,30299,32530,109946,52889,57057,125651,60430,65221,109942,52850,57092,62821,30267,32554,15706,7435,8271,
78555,62833,30299,32534,109953,52893,57060,125659,60434,65225,109949,52853,57096,62825,30269,32556,15707,7435,8272,
78560,62837,30301,32536,109960,52898,57062,125667,60438,65229,109956,52855,57101,62829,30270,32559,15708,7435,8273,
78565,62841,30305,32536,109967,52901,57066,125675,60443,65232,109963,52858,57105,62833,30273,32560,15709,7435,8274,
78570,62845,30305,32540,109974,52903,57071,125683,60445,65238,109970,52863,57107,62837,30275,32562,15710,7435,8275,
78575,62849,30307,32542,109981,52906,57075,125691,60449,65242,109977,52866,57111,62841,30276,32565,15711,7436,8275,
78580,62853,30309,32544,109988,52909,57079,125699,60450,65249,109984,52870,57114,62845,30279,32566,15712,7437,8275,
78585,62857,30310,32547,109995,52910,57085,125707,60456,65251,109991,52873,57118,62849,30282,32567,15713,7438,8275,
78590,62861,30311,32550,110002,52912,57090,125715,60458,65257,109998,52876,57122,62853,30285,32568,15714,7438,8276,
78595,62865,30312,32553,110009,52914,57095,125723,60461,65262,110005,52878,57127,62857,30288,32569,15715,7439,8276,
78600,62869,30315,32554,110016,52917,57099,125731,60464,65267,110012,52880,57132,62861,30290,32571,15716,7439,8277,
78605,62873,30317,32556,110023,52922,57101,125739,60469,65270,110019,52884,57135,62865,30293,32572,15717,7439,8278,
78610,62877,30320,32557,110030,52925,57105,125747,60471,65276,110026,52887,57139,62869,30295,32574,15718,7439,8279,
78615,62881,30323,32558,110037,52929,57108,125755,60476,65279,110033,52889,57144,62873,30297,32576,15719,7439,8280,
78620,62885,30324,32561,110044,52930,57114,125763,60479,65284,110040,52892,57148,62877,30300,32577,15720,7439,8281,
78625,62889,30328,32561,110051,52933,57118,125771,60484,65287,110047,52895,57152,62881,30302,32579,15721,7439,8282,
78630,62893,30329,32564,110058,52938,57120,125779,60490,65289,110054,52900,57154,62885,30303,32582,15722,7440,8282,
78635,62897,30330,32567,110065,52941,57124,125787,60494,65293,110061,52904,57157,62889,30304,32585,15723,7441,8282,
78640,62901,30331,32570,110072,52944,57128,125795,60497,65298,110068,52909,57159,62893,30307,32586,15724,7441,8283,
78645,62905,30332,32573,110079,52946,57133,125803,60502,65301,110075,52911,57164,62897,30308,32589,15725,7441,8284,
78650,62909,30334,32575,110086,52949,57137,125811,60505,65306,110082,52914,57168,62901,30309,32592,15726,7442,8284,
78655,62913,30336,32577,110093,52954,57139,125819,60510,65309,110089,52918,57171,62905,30312,32593,15727,7443,8284,
78660,62917,30340,32577,110100,52960,57140,125827,60514,65313,110096,52921,57175,62909,30313,32596,15728,7443,8285,
78665,62921,30343,32578,110107,52964,57143,125835,60520,65315,110103,52925,57178,62913,30315,32598,15729,7443,8286,
78670,62925,30346,32579,110114,52970,57144,125843,60525,65318,110110,52928,57182,62917,30318,32599,15730,7444,8286,
78675,62929,30348,32581,110121,52976,57145,125851,60530,65321,110117,52932,57185,62921,30320,32601,15731,7444,8287,
78680,62933,30349,32584,110128,52978,57150,125859,60533,65326,110124,52935,57189,62925,30322,32603,15732,7444,8288,
78685,62937,30352,32585,110135,52983,57152,125867,60536,65331,110131,52937,57194,62929,30323,32606,15733,7444,8289,
78690,62941,30355,32586,110142,52988,57154,125875,60538,65337,110138,52943,57195,62933,30324,32609,15734,7445,8289,
78695,62945,30356,32589,110149,52990,57159,125883,60541,65342,110145,52946,57199,62937,30326,32611,15735,7445,8290,
78700,62949,30358,32591,110156,52995,57161,125891,60547,65344,110152,52949,57203,62941,30327,32614,15736,7446,8290,
78705,62953,30359,32594,110163,52998,57165,125899,60550,65349,110159,52953,57206,62945,30328,32617,15737,7446,8291,
78710,62957,30360,32597,110170,53001,57169,125907,60554,65353,110166,52955,57211,62949,30332,32617,15738,7446,8292,
78715,62961,30362,32599,110177,53004,57173,125915,60556,65359,110173,52956,57217,62953,30334,32619,15739,7446,8293,
78720,62965,30365,32600,110184,53009,57175,125923,60559,65364,110180,52961,57219,62957,30338,32619,15740,7447,8293,
78725,62969,30366,32603,110191,53011,57180,125931,60562,65369,110187,52963,57224,62961,30340,32621,15741,7448,8293,
78730,62973,30367,32606,110198,53015,57183,125939,60566,65373,110194,52967,57227,62965,30341,32624,15742,7448,8294,
78735,62977,30369,32608,110205,53019,57186,125947,60571,65376,110201,52969,57232,62969,30342,32627,15743,7449,8294,
78740,62981,30371,32610,110212,53023,57189,125955,60577,65378,110208,52971,57237,62973,30344,32629,15744,7449,8295,
78745,62985,30374,32611,110219,53029,57190,125963,60582,65381,110215,52973,57242,62977,30347,32630,15745,7450,8295,
78750,62989,30375,32614,110226,53032,57194,125971,60588,65383,110222,52978,57244,62981,30349,32632,15746,7450,8296,
78755,62993,30375,32618,110233,53035,57198,125979,60592,65387,110229,52981,57248,62985,30349,32636,15747,7450,8297,
78760,62997,30378,32619,110240,53037,57203,125987,60596,65391,110236,52987,57249,62989,30353,32636,15748,7451,8297,
78765,63001,30379,32622,110247,53042,57205,125995,60599,65396,110243,52992,57251,62993,30355,32638,15749,7451,8298,
78770,63005,30381,32624,110254,53047,57207,126003,60603,65400,110250,52994,57256,62997,30357,32640,15750,7451,8299,
78775,63009,30382,32627,110261,53050,57211,126011,60609,65402,110257,52997,57260,63001,30359,32642,15751,7452,8299,
78780,63013,30383,32630,110268,53052,57216,126019,60615,65404,110264,53001,57263,63005,30361,32644,15752,7452,8300,
78785,63017,30386,32631,110275,53055,57220,126027,60620,65407,110271,53005,57266,63009,30363,32646,15753,7452,8301,
78790,63021,30389,32632,110282,53059,57223,126035,60623,65412,110278,53006,57272,63013,30365,32648,15754,7453,8301,
78795,63025,30390,32635,110289,53060,57229,126043,60626,65417,110285,53010,57275,63017,30366,32651,15755,7453,8302,
78800,63029,30393,32636,110296,53064,57232,126051,60630,65421,110292,53014,57278,63021,30369,32652,15756,7454,8302,
78805,63033,30395,32638,110303,53068,57235,126059,60635,65424,110299,53017,57282,63025,30371,32654,15757,7455,8302,
78810,63037,30396,32641,110310,53072,57238,126067,60637,65430,110306,53021,57285,63029,30374,32655,15758,7456,8302,
78815,63041,30396,32645,110317,53076,57241,126075,60642,65433,110313,53023,57290,63033,30376,32657,15759,7456,8303,
78820,63045,30398,32647,110324,53079,57245,126083,60648,65435,110320,53024,57296,63037,30379,32658,15760,7456,8304,
78825,63049,30401,32648,110331,53085,57246,126091,60652,65439,110327,53026,57301,63041,30381,32660,15761,7457,8304,
78830,63053,30401,32652,110338,53088,57250,126099,60655,65444,110334,53029,57305,63045,30382,32663,15762,7458,8304,
78835,63057,30404,32653,110345,53090,57255,126107,60661,65446,110341,53032,57309,63049,30382,32667,15763,7458,8305,
78840,63061,30405,32656,110352,53097,57255,126115,60664,65451,110348,53034,57314,63053,30383,32670,15764,7458,8306,
78845,63065,30408,32657,110359,53099,57260,126123,60668,65455,110355,53036,57319,63057,30387,32670,15765,7458,8307,
78850,63069,30409,32660,110366,53102,57264,126131,60671,65460,110362,53038,57324,63061,30389,32672,15766,7458,8308,
78855,63073,30409,32664,110373,53107,57266,126139,60677,65462,110369,53040,57329,63065,30391,32674,15767,7458,8309,
78860,63077,30411,32666,110380,53110,57270,126147,60679,65468,110376,53043,57333,63069,30394,32675,15768,7459,8309,
78865,63081,30411,32670,110387,53113,57274,126155,60683,65472,110383,53048,57335,63073,30398,32675,15769,7460,8309,
78870,63085,30413,32672,110394,53116,57278,126163,60686,65477,110390,53051,57339,63077,30401,32676,15770,7460,8310,
78875,63089,30415,32674,110401,53121,57280,126171,60689,65482,110397,53054,57343,63081,30404,32677,15771,7461,8310,
78880,63093,30417,32676,110408,53122,57286,126179,60690,65489,110404,53057,57347,63085,30407,32678,15772,7462,8310,
78885,63097,30418,32679,110415,53127,57288,126187,60692,65495,110411,53060,57351,63089,30408,32681,15773,7462,8311,
78890,63101,30420,32681,110422,53133,57289,126195,60698,65497,110418,53062,57356,63093,30410,32683,15774,7462,8312,
78895,63105,30423,32682,110429,53137,57292,126203,60701,65502,110425,53066,57359,63097,30412,32685,15775,7463,8312,
78900,63109,30426,32683,110436,53142,57294,126211,60706,65505,110432,53069,57363,63101,30414,32687,15776,7464,8312,
78905,63113,30428,32685,110443,53145,57298,126219,60712,65507,110439,53072,57367,63105,30416,32689,15777,7465,8312,
78910,63117,30431,32686,110450,53148,57302,126227,60717,65510,110446,53073,57373,63109,30419,32690,15778,7465,8313,
78915,63121,30434,32687,110457,53151,57306,126235,60718,65517,110453,53075,57378,63113,30422,32691,15779,7465,8314,
78920,63125,30437,32688,110464,53156,57308,126243,60720,65523,110460,53078,57382,63117,30425,32692,15780,7466,8314,
78925,63129,30438,32691,110471,53159,57312,126251,60724,65527,110467,53079,57388,63121,30427,32694,15781,7467,8314,
78930,63133,30439,32694,110478,53161,57317,126259,60726,65533,110474,53084,57390,63125,30428,32697,15782,7468,8314,
78935,63137,30441,32696,110485,53163,57322,126267,60731,65536,110481,53088,57393,63129,30429,32700,15783,7469,8314,
78940,63141,30442,32699,110492,53165,57327,126275,60733,65542,110488,53092,57396,63133,30430,32703,15784,7469,8315,
78945,63145,30444,32701,110499,53169,57330,126283,60735,65548,110495,53094,57401,63137,30433,32704,15785,7470,8315,
78950,63149,30448,32701,110506,53174,57332,126291,60740,65551,110502,53096,57406,63141,30433,32708,15786,7470,8316,
78955,63153,30449,32704,110513,53177,57336,126299,60743,65556,110509,53100,57409,63145,30434,32711,15787,7470,8317,
78960,63157,30450,32707,110520,53182,57338,126307,60747,65560,110516,53102,57414,63149,30437,32712,15788,7470,8318,
78965,63161,30453,32708,110527,53186,57341,126315,60750,65565,110523,53108,57415,63153,30438,32715,15789,7471,8318,
78970,63165,30453,32712,110534,53190,57344,126323,60754,65569,110530,53113,57417,63157,30440,32717,15790,7472,8318,
78975,63169,30454,32715,110541,53195,57346,126331,60756,65575,110537,53117,57420,63161,30441,32720,15791,7473,8318,
78980,63173,30457,32716,110548,53199,57349,126339,60761,65578,110544,53121,57423,63165,30442,32723,15792,7474,8318,
78985,63177,30460,32717,110555,53201,57354,126347,60764,65583,110551,53122,57429,63169,30444,32725,15793,7474,8319,
78990,63181,30461,32720,110562,53205,57357,126355,60767,65588,110558,53125,57433,63173,30446,32727,15794,7475,8319,
78995,63185,30462,32723,110569,53208,57361,126363,60771,65592,110565,53128,57437,63177,30449,32728,15795,7475,8320,
79000,63189,30464,32725,110576,53212,57364,126371,60775,65596,110572,53131,57441,63181,30450,32731,15796,7476,8320,
79005,63193,30465,32728,110583,53215,57368,126379,60776,65603,110579,53133,57446,63185,30453,32732,15797,7476,8321,
79010,63197,30467,32730,110590,53217,57373,126387,60779,65608,110586,53137,57449,63189,30455,32734,15798,7476,8322,
79015,63201,30469,32732,110597,53218,57379,126395,60785,65610,110593,53142,57451,63193,30457,32736,15799,7477,8322,
79020,63205,30470,32735,110604,53223,57381,126403,60789,65614,110600,53146,57454,63197,30459,32738,15800,7477,8323,
79025,63209,30472,32737,110611,53225,57386,126411,60792,65619,110607,53147,57460,63201,30461,32740,15801,7478,8323,
79030,63213,30474,32739,110618,53229,57389,126419,60796,65623,110614,53153,57461,63205,30463,32742,15802,7479,8323,
79035,63217,30478,32739,110625,53232,57393,126427,60797,65630,110621,53156,57465,63209,30465,32744,15803,7479,8324,
79040,63221,30479,32742,110632,53235,57397,126435,60802,65633,110628,53160,57468,63213,30467,32746,15804,7479,8325,
79045,63225,30480,32745,110639,53239,57400,126443,60806,65637,110635,53166,57469,63217,30468,32749,15805,7479,8326,
79050,63229,30481,32748,110646,53242,57404,126451,60812,65639,110642,53168,57474,63221,30469,32752,15806,7479,8327,
79055,63233,30481,32752,110653,53243,57410,126459,60814,65645,110649,53171,57478,63225,30473,32752,15807,7480,8327,
79060,63237,30484,32753,110660,53246,57414,126467,60818,65649,110656,53176,57480,63229,30474,32755,15808,7481,8327,
79065,63241,30487,32754,110667,53249,57418,126475,60822,65653,110663,53180,57483,63233,30476,32757,15809,7481,8328,
79070,63245,30488,32757,110674,53254,57420,126483,60828,65655,110670,53184,57486,63237,30476,32761,15810,7481,8329,
79075,63249,30490,32759,110681,53258,57423,126491,60829,65662,110677,53187,57490,63241,30478,32763,15811,7481,8330,
79080,63253,30492,32761,110688,53262,57426,126499,60835,65664,110684,53192,57492,63245,30479,32766,15812,7481,8331,
79085,63257,30494,32763,110695,53264,57431,126507,60841,65666,110691,53195,57496,63249,30479,32770,15813,7481,8332,
79090,63261,30494,32767,110702,53268,57434,126515,60848,65667,110698,53195,57503,63253,30480,32773,15814,7482,8332,
79095,63265,30497,32768,110709,53272,57437,126523,60848,65675,110705,53199,57506,63257,30481,32776,15815,7482,8333,
79100,63269,30499,32770,110716,53276,57440,126531,60855,65676,110712,53202,57510,63261,30483,32778,15816,7483,8333,
79105,63273,30500,32773,110723,53279,57444,126539,60859,65680,110719,53203,57516,63265,30485,32780,15817,7484,8333,
79110,63277,30504,32773,110730,53282,57448,126547,60860,65687,110726,53205,57521,63269,30487,32782,15818,7485,8333,
79115,63281,30507,32774,110737,53286,57451,126555,60864,65691,110733,53209,57524,63273,30489,32784,15819,7485,8334,
79120,63285,30507,32778,110744,53289,57455,126563,60865,65698,110740,53213,57527,63277,30490,32787,15820,7486,8334,
79125,63289,30509,32780,110751,53293,57458,126571,60868,65703,110747,53217,57530,63281,30493,32788,15821,7486,8335,
79130,63293,30511,32782,110758,53298,57460,126579,60873,65706,110754,53223,57531,63285,30497,32788,15822,7487,8335,
79135,63297,30512,32785,110765,53301,57464,126587,60875,65712,110761,53227,57534,63289,30498,32791,15823,7488,8335,
79140,63301,30514,32787,110772,53305,57467,126595,60877,65718,110768,53231,57537,63293,30501,32792,15824,7488,8336,
79145,63305,30515,32790,110779,53309,57470,126603,60880,65723,110775,53232,57543,63297,30504,32793,15825,7488,8337,
79150,63309,30518,32791,110786,53311,57475,126611,60887,65724,110782,53239,57543,63301,30506,32795,15826,7489,8337,
79155,63313,30521,32792,110793,53316,57477,126619,60890,65729,110789,53241,57548,63305,30507,32798,15827,7489,8338,
79160,63317,30523,32794,110800,53319,57481,126627,60893,65734,110796,53242,57554,63309,30510,32799,15828,7490,8338,
79165,63321,30526,32795,110807,53322,57485,126635,60896,65739,110803,53247,57556,63313,30513,32800,15829,7490,8339,
79170,63325,30528,32797,110814,53324,57490,126643,60901,65742,110810,53251,57559,63317,30515,32802,15830,7491,8339,
79175,63329,30530,32799,110821,53327,57494,126651,60904,65747,110817,53252,57565,63321,30518,32803,15831,7492,8339,
79180,63333,30532,32801,110828,53329,57499,126659,60908,65751,110824,53255,57569,63325,30519,32806,15832,7493,8339,
79185,63337,30532,32805,110835,53334,57501,126667,60913,65754,110831,53260,57571,63329,30521,32808,15833,7493,8340,
79190,63341,30535,32806,110842,53338,57504,126675,60918,65757,110838,53265,57573,63333,30524,32809,15834,7494,8340,
79195,63345,30538,32807,110849,53339,57510,126683,60923,65760,110845,53270,57575,63337,30526,32811,15835,7494,8341,
79200,63349,30541,32808,110856,53340,57516,126691,60928,65763,110852,53273,57579,63341,30529,32812,15836,7495,8341,
79205,63353,30544,32809,110863,53343,57520,126699,60931,65768,110859,53277,57582,63345,30532,32813,15837,7496,8341,
79210,63357,30544,32813,110870,53348,57522,126707,60934,65773,110866,53280,57586,63349,30534,32815,15838,7497,8341,
79215,63361,30545,32816,110877,53351,57526,126715,60938,65777,110873,53282,57591,63353,30536,32817,15839,7497,8342,
79220,63365,30548,32817,110884,53354,57530,126723,60942,65781,110880,53285,57595,63357,30537,32820,15840,7498,8342,
79225,63369,30551,32818,110891,53356,57535,126731,60947,65784,110887,53288,57599,63361,30540,32821,15841,7499,8342,
79230,63373,30552,32821,110898,53360,57538,126739,60952,65787,110894,53290,57604,63365,30542,32823,15842,7499,8343,
79235,63377,30553,32824,110905,53363,57542,126747,60955,65792,110901,53294,57607,63369,30544,32825,15843,7499,8344,
79240,63381,30555,32826,110912,53368,57544,126755,60961,65794,110908,53299,57609,63373,30547,32826,15844,7499,8345,
79245,63385,30558,32827,110919,53368,57551,126763,60963,65800,110915,53303,57612,63377,30549,32828,15845,7499,8346,
79250,63389,30558,32831,110926,53373,57553,126771,60969,65802,110922,53308,57614,63381,30550,32831,15846,7500,8346,
79255,63393,30561,32832,110933,53377,57556,126779,60974,65805,110929,53313,57616,63385,30552,32833,15847,7501,8346,
79260,63397,30563,32834,110940,53383,57557,126787,60978,65809,110936,53314,57622,63389,30553,32836,15848,7501,8347,
79265,63401,30565,32836,110947,53386,57561,126795,60983,65812,110943,53316,57627,63393,30555,32838,15849,7501,8348,
79270,63405,30568,32837,110954,53387,57567,126803,60986,65817,110950,53319,57631,63397,30557,32840,15850,7501,8349,
79275,63409,30570,32839,110961,53392,57569,126811,60990,65821,110957,53323,57634,63401,30561,32840,15851,7502,8349,
79280,63413,30572,32841,110968,53397,57571,126819,60994,65825,110964,53328,57636,63405,30562,32843,15852,7503,8349,
79285,63417,30575,32842,110975,53401,57574,126827,61000,65827,110971,53332,57639,63409,30564,32845,15853,7503,8350,
79290,63421,30577,32844,110982,53405,57577,126835,61003,65832,110978,53335,57643,63413,30567,32846,15854,7504,8350,
79295,63425,30580,32845,110989,53408,57581,126843,61006,65837,110985,53339,57646,63417,30567,32850,15855,7505,8350,
79300,63429,30583,32846,110996,53411,57585,126851,61012,65839,110992,53341,57651,63421,30569,32852,15856,7506,8350,
79305,63433,30585,32848,111003,53416,57587,126859,61015,65844,110999,53344,57655,63425,30571,32854,15857,7506,8351,
79310,63437,30588,32849,111010,53417,57593,126867,61019,65848,111006,53348,57658,63429,30573,32856,15858,7506,8352,
79315,63441,30590,32851,111017,53420,57597,126875,61023,65852,111013,53353,57660,63433,30574,32859,15859,7506,8353,
79320,63445,30592,32853,111024,53423,57601,126883,61026,65857,111020,53354,57666,63437,30577,32860,15860,7507,8353,
79325,63449,30594,32855,111031,53426,57605,126891,61030,65861,111027,53358,57669,63441,30579,32862,15861,7507,8354,
79330,63453,30596,32857,111038,53430,57608,126899,61035,65864,111034,53360,57674,63445,30581,32864,15862,7508,8354,
79335,63457,30598,32859,111045,53435,57610,126907,61040,65867,111041,53364,57677,63449,30583,32866,15863,7509,8354,
79340,63461,30600,32861,111052,53438,57614,126915,61044,65871,111048,53370,57678,63453,30586,32867,15864,7510,8354,
79345,63465,30601,32864,111059,53440,57619,126923,61045,65878,111055,53372,57683,63457,30587,32870,15865,7510,8355,
79350,63469,30604,32865,111066,53443,57623,126931,61049,65882,111062,53375,57687,63461,30590,32871,15866,7510,8356,
79355,63473,30606,32867,111073,53445,57628,126939,61054,65885,111069,53377,57692,63465,30590,32875,15867,7511,8356,
79360,63477,30610,32867,111080,53448,57632,126947,61060,65887,111076,53381,57695,63469,30593,32876,15868,7512,8356,
79365,63481,30612,32869,111087,53452,57635,126955,61063,65892,111083,53387,57696,63473,30594,32879,15869,7512,8357,
79370,63485,30615,32870,111094,53455,57639,126963,61067,65896,111090,53388,57702,63477,30597,32880,15870,7513,8357,
79375,63489,30615,32874,111101,53461,57640,126971,61073,65898,111097,53391,57706,63481,30599,32882,15871,7514,8357,
79380,63493,30619,32874,111108,53464,57644,126979,61081,65898,111104,53397,57707,63485,30602,32883,15872,7514,8358,
79385,63497,30622,32875,111115,53467,57648,126987,61083,65904,111111,53402,57709,63489,30605,32884,15873,7515,8358,
79390,63501,30626,32875,111122,53472,57650,126995,61086,65909,111118,53406,57712,63493,30606,32887,15874,7515,8359,
79395,63505,30628,32877,111129,53475,57654,127003,61090,65913,111125,53409,57716,63497,30607,32890,15875,7516,8359,
79400,63509,30631,32878,111136,53480,57656,127011,61094,65917,111132,53412,57720,63501,30608,32893,15876,7517,8359,
79405,63513,30633,32880,111143,53485,57658,127019,61097,65922,111139,53414,57725,63505,30608,32897,15877,7518,8359,
79410,63517,30635,32882,111150,53489,57661,127027,61100,65927,111146,53417,57729,63509,30609,32900,15878,7519,8359,
79415,63521,30638,32883,111157,53492,57665,127035,61106,65929,111153,53420,57733,63513,30610,32903,15879,7520,8359,
79420,63525,30639,32886,111164,53497,57667,127043,61111,65932,111160,53423,57737,63517,30611,32906,15880,7521,8359,
79425,63529,30640,32889,111171,53503,57668,127051,61113,65938,111167,53426,57741,63521,30613,32908,15881,7522,8359,
79430,63533,30641,32892,111178,53506,57672,127059,61115,65944,111174,53429,57745,63525,30616,32909,15882,7523,8359,
79435,63537,30643,32894,111185,53510,57675,127067,61119,65948,111181,53433,57748,63529,30617,32912,15883,7523,8360,
79440,63541,30645,32896,111192,53513,57679,127075,61125,65950,111188,53437,57751,63533,30620,32913,15884,7523,8361,
79445,63545,30646,32899,111199,53518,57681,127083,61129,65954,111195,53441,57754,63537,30623,32914,15885,7523,8362,
79450,63549,30647,32902,111206,53519,57687,127091,61134,65957,111202,53443,57759,63541,30625,32916,15886,7523,8363,
79455,63553,30647,32906,111213,53522,57691,127099,61136,65963,111209,53449,57760,63545,30627,32918,15887,7523,8364,
79460,63557,30649,32908,111220,53523,57697,127107,61140,65967,111216,53453,57763,63549,30629,32920,15888,7524,8364,
79465,63561,30651,32910,111227,53525,57702,127115,61144,65971,111223,53456,57767,63553,30632,32921,15889,7525,8364,
79470,63565,30652,32913,111234,53527,57707,127123,61147,65976,111230,53459,57771,63557,30634,32923,15890,7526,8364,
79475,63569,30654,32915,111241,53529,57712,127131,61150,65981,111237,53462,57775,63561,30637,32924,15891,7527,8364,
79480,63573,30656,32917,111248,53534,57714,127139,61151,65988,111244,53467,57777,63565,30639,32926,15892,7527,8365,
79485,63577,30658,32919,111255,53539,57716,127147,61154,65993,111251,53471,57780,63569,30641,32928,15893,7527,8366,
79490,63581,30660,32921,111262,53542,57720,127155,61157,65998,111258,53472,57786,63573,30644,32929,15894,7527,8367,
79495,63585,30663,32922,111269,53546,57723,127163,61163,66000,111265,53472,57793,63577,30648,32929,15895,7528,8367,
79500,63589,30665,32924,111276,53547,57729,127171,61167,66004,111272,53477,57795,63581,30649,32932,15896,7528,8368,
79505,63593,30668,32925,111283,53549,57734,127179,61171,66008,111279,53481,57798,63585,30650,32935,15897,7529,8368,
79510,63597,30670,32927,111290,53553,57737,127187,61174,66013,111286,53486,57800,63589,30651,32938,15898,7530,8368,
79515,63601,30672,32929,111297,53555,57742,127195,61176,66019,111293,53490,57803,63593,30653,32940,15899,7531,8368,
79520,63605,30673,32932,111304,53558,57746,127203,61179,66024,111300,53492,57808,63597,30654,32943,15900,7531,8369,
79525,63609,30676,32933,111311,53561,57750,127211,61182,66029,111307,53496,57811,63601,30655,32946,15901,7531,8370,
79530,63613,30679,32934,111318,53566,57752,127219,61189,66030,111314,53498,57816,63605,30656,32949,15902,7531,8371,
79535,63617,30681,32936,111325,53570,57755,127227,61194,66033,111321,53501,57820,63609,30658,32951,15903,7532,8371,
79540,63621,30684,32937,111332,53575,57757,127235,61201,66034,111328,53503,57825,63613,30661,32952,15904,7532,8372,
79545,63625,30685,32940,111339,53576,57763,127243,61203,66040,111335,53504,57831,63617,30662,32955,15905,7532,8373,
79550,63629,30688,32941,111346,53579,57767,127251,61207,66044,111342,53507,57835,63621,30665,32956,15906,7533,8373,
79555,63633,30689,32944,111353,53582,57771,127259,61210,66049,111349,53510,57839,63625,30667,32958,15907,7534,8373,
79560,63637,30691,32946,111360,53585,57775,127267,61215,66052,111356,53514,57842,63629,30669,32960,15908,7534,8374,
79565,63641,30693,32948,111367,53587,57780,127275,61218,66057,111363,53515,57848,63633,30671,32962,15909,7534,8375,
79570,63645,30695,32950,111374,53591,57783,127283,61221,66062,111370,53519,57851,63637,30673,32964,15910,7535,8375,
79575,63649,30696,32953,111381,53595,57786,127291,61226,66065,111377,53523,57854,63641,30675,32966,15911,7536,8375,
79580,63653,30697,32956,111388,53600,57788,127299,61229,66070,111384,53527,57857,63645,30678,32967,15912,7536,8376,
79585,63657,30699,32958,111395,53604,57791,127307,61234,66073,111391,53530,57861,63649,30681,32968,15913,7537,8376,
79590,63661,30701,32960,111402,53609,57793,127315,61237,66078,111398,53532,57866,63653,30684,32969,15914,7538,8376,
79595,63665,30703,32962,111409,53613,57796,127323,61239,66084,111405,53536,57869,63657,30684,32973,15915,7539,8376,
79600,63669,30704,32965,111416,53616,57800,127331,61243,66088,111412,53539,57873,63661,30686,32975,15916,7540,8376,
79605,63673,30707,32966,111423,53620,57803,127339,61249,66090,111419,53541,57878,63665,30687,32978,15917,7540,8377,
79610,63677,30709,32968,111430,53624,57806,127347,61252,66095,111426,53545,57881,63669,30690,32979,15918,7540,8378,
79615,63681,30711,32970,111437,53627,57810,127355,61255,66100,111433,53547,57886,63673,30692,32981,15919,7541,8378,
79620,63685,30713,32972,111444,53632,57812,127363,61259,66104,111440,53549,57891,63677,30695,32982,15920,7542,8378,
79625,63689,30714,32975,111451,53634,57817,127371,61263,66108,111447,53553,57894,63681,30696,32985,15921,7542,8379,
79630,63693,30717,32976,111458,53636,57822,127379,61266,66113,111454,53557,57897,63685,30697,32988,15922,7543,8379,
79635,63697,30718,32979,111465,53637,57828,127387,61270,66117,111461,53557,57904,63689,30698,32991,15923,7543,8380,
79640,63701,30721,32980,111472,53637,57835,127395,61271,66124,111468,53562,57906,63693,30699,32994,15924,7544,8380,
79645,63705,30722,32983,111479,53640,57839,127403,61275,66128,111475,53567,57908,63697,30701,32996,15925,7545,8380,
79650,63709,30723,32986,111486,53642,57844,127411,61278,66133,111482,53572,57910,63701,30702,32999,15926,7546,8380,
79655,63713,30726,32987,111493,53646,57847,127419,61283,66136,111489,53575,57914,63705,30704,33001,15927,7546,8381,
79660,63717,30727,32990,111500,53649,57851,127427,61286,66141,111496,53579,57917,63709,30704,33005,15928,7547,8381,
79665,63721,30728,32993,111507,53653,57854,127435,61291,66144,111503,53582,57921,63713,30706,33007,15929,7548,8381,
79670,63725,30730,32995,111514,53659,57855,127443,61296,66147,111510,53584,57926,63717,30708,33009,15930,7549,8381,
79675,63729,30733,32996,111521,53663,57858,127451,61299,66152,111517,53589,57928,63721,30711,33010,15931,7549,8382,
79680,63733,30733,33000,111528,53667,57861,127459,61301,66158,111524,53591,57933,63725,30712,33013,15932,7550,8382,
79685,63737,30736,33001,111535,53669,57866,127467,61306,66161,111531,53594,57937,63729,30714,33015,15933,7551,8382,
79690,63741,30738,33003,111542,53672,57870,127475,61309,66166,111538,53597,57941,63733,30717,33016,15934,7552,8382,
79695,63745,30739,33006,111549,53675,57874,127483,61313,66170,111545,53598,57947,63737,30719,33018,15935,7553,8382,
79700,63749,30741,33008,111556,53677,57879,127491,61317,66174,111552,53602,57950,63741,30721,33020,15936,7554,8382,
79705,63753,30743,33010,111563,53683,57880,127499,61321,66178,111559,53606,57953,63745,30721,33024,15937,7555,8382,
79710,63757,30746,33011,111570,53685,57885,127507,61326,66181,111566,53610,57956,63749,30724,33025,15938,7555,8383,
79715,63761,30748,33013,111577,53688,57889,127515,61329,66186,111573,53612,57961,63753,30728,33025,15939,7555,8384,
79720,63765,30750,33015,111584,53693,57891,127523,61333,66190,111580,53614,57966,63757,30732,33025,15940,7556,8384,
79725,63769,30752,33017,111591,53696,57895,127531,61336,66195,111587,53618,57969,63761,30734,33027,15941,7556,8385,
79730,63773,30753,33020,111598,53699,57899,127539,61337,66202,111594,53621,57973,63765,30737,33028,15942,7556,8386,
79735,63777,30754,33023,111605,53701,57904,127547,61341,66206,111601,53625,57976,63769,30739,33030,15943,7557,8386,
79740,63781,30757,33024,111612,53707,57905,127555,61346,66209,111608,53627,57981,63773,30742,33031,15944,7557,8387,
79745,63785,30759,33026,111619,53710,57909,127563,61350,66213,111615,53631,57984,63777,30742,33035,15945,7558,8387,
79750,63789,30760,33029,111626,53713,57913,127571,61353,66218,111622,53633,57989,63781,30742,33039,15946,7559,8387,
79755,63793,30761,33032,111633,53715,57918,127579,61358,66221,111629,53637,57992,63785,30745,33040,15947,7560,8387,
79760,63797,30763,33034,111640,53717,57923,127587,61363,66224,111636,53641,57995,63789,30746,33043,15948,7560,8388,
79765,63801,30764,33037,111647,53721,57926,127595,61367,66228,111643,53646,57997,63793,30747,33046,15949,7560,8389,
79770,63805,30766,33039,111654,53724,57930,127603,61371,66232,111650,53648,58002,63797,30750,33047,15950,7560,8390,
79775,63809,30769,33040,111661,53726,57935,127611,61375,66236,111657,53652,58005,63801,30754,33047,15951,7561,8390,
79780,63813,30771,33042,111668,53729,57939,127619,61377,66242,111664,53655,58009,63805,30755,33050,15952,7562,8390,
79785,63817,30773,33044,111675,53734,57941,127627,61380,66247,111671,53656,58015,63809,30758,33051,15953,7563,8390,
79790,63821,30773,33048,111682,53736,57946,127635,61385,66250,111678,53660,58018,63813,30760,33053,15954,7564,8390,
79795,63825,30774,33051,111689,53738,57951,127643,61391,66252,111685,53663,58022,63817,30760,33057,15955,7564,8391,
79800,63829,30776,33053,111696,53742,57954,127651,61396,66255,111692,53667,58025,63821,30763,33058,15956,7565,8391,
79805,63833,30777,33056,111703,53747,57956,127659,61403,66256,111699,53673,58026,63825,30764,33061,15957,7566,8391,
79810,63837,30777,33060,111710,53748,57962,127667,61407,66260,111706,53678,58028,63829,30766,33063,15958,7566,8392,
79815,63841,30779,33062,111717,53749,57968,127675,61412,66263,111713,53682,58031,63833,30766,33067,15959,7567,8392,
79820,63845,30779,33066,111724,53753,57971,127683,61417,66266,111720,53686,58034,63837,30768,33069,15960,7567,8393,
79825,63849,30779,33070,111731,53756,57975,127691,61421,66270,111727,53691,58036,63841,30770,33071,15961,7568,8393,
79830,63853,30780,33073,111738,53760,57978,127699,61424,66275,111734,53695,58039,63845,30773,33072,15962,7568,8394,
79835,63857,30783,33074,111745,53763,57982,127707,61427,66280,111741,53699,58042,63849,30773,33076,15963,7569,8394,
79840,63861,30784,33077,111752,53768,57984,127715,61432,66283,111748,53703,58045,63853,30774,33079,15964,7570,8394,
79845,63865,30787,33078,111759,53771,57988,127723,61436,66287,111755,53706,58049,63857,30777,33080,15965,7570,8395,
79850,63869,30788,33081,111766,53774,57992,127731,61440,66291,111762,53711,58051,63861,30780,33081,15966,7570,8396,
79855,63873,30791,33082,111773,53778,57995,127739,61442,66297,111769,53714,58055,63865,30781,33084,15967,7570,8397,
79860,63877,30793,33084,111780,53781,57999,127747,61445,66302,111776,53718,58058,63869,30783,33086,15968,7570,8398,
79865,63881,30795,33086,111787,53783,58004,127755,61448,66307,111783,53721,58062,63873,30786,33087,15969,7570,8399,
79870,63885,30796,33089,111794,53787,58007,127763,61452,66311,111790,53724,58066,63877,30787,33090,15970,7570,8400,
79875,63889,30798,33091,111801,53790,58011,127771,61455,66316,111797,53728,58069,63881,30789,33092,15971,7570,8401,
79880,63893,30801,33092,111808,53794,58014,127779,61457,66322,111804,53732,58072,63885,30791,33094,15972,7570,8402,
79885,63897,30802,33095,111815,53797,58018,127787,61461,66326,111811,53738,58073,63889,30793,33096,15973,7570,8403,
79890,63901,30805,33096,111822,53798,58024,127795,61466,66329,111818,53741,58077,63893,30794,33099,15974,7571,8403,
79895,63905,30805,33100,111829,53800,58029,127803,61470,66333,111825,53745,58080,63897,30797,33100,15975,7571,8404,
79900,63909,30807,33102,111836,53804,58032,127811,61475,66336,111832,53749,58083,63901,30799,33102,15976,7572,8404,
79905,63913,30807,33106,111843,53807,58036,127819,61480,66339,111839,53752,58087,63905,30803,33102,15977,7572,8405,
79910,63917,30808,33109,111850,53812,58038,127827,61484,66343,111846,53756,58090,63909,30805,33104,15978,7572,8406,
79915,63921,30810,33111,111857,53814,58043,127835,61488,66347,111853,53759,58094,63913,30808,33105,15979,7572,8407,
79920,63925,30811,33114,111864,53817,58047,127843,61493,66350,111860,53765,58095,63917,30810,33107,15980,7573,8407,
79925,63929,30813,33116,111871,53821,58050,127851,61496,66355,111867,53770,58097,63921,30813,33108,15981,7574,8407,
79930,63933,30814,33119,111878,53825,58053,127859,61501,66358,111874,53774,58100,63925,30814,33111,15982,7575,8407,
79935,63937,30816,33121,111885,53829,58056,127867,61505,66362,111881,53779,58102,63929,30817,33112,15983,7576,8407,
79940,63941,30818,33123,111892,53833,58059,127875,61507,66368,111888,53783,58105,63933,30819,33114,15984,7576,8408,
79945,63945,30819,33126,111899,53835,58064,127883,61512,66371,111895,53786,58109,63937,30822,33115,15985,7577,8408,
79950,63949,30819,33130,111906,53839,58067,127891,61518,66373,111902,53788,58114,63941,30825,33116,15986,7577,8409,
79955,63953,30822,33131,111913,53839,58074,127899,61520,66379,111909,53793,58116,63945,30827,33118,15987,7577,8410,
79960,63957,30824,33133,111920,53841,58079,127907,61522,66385,111916,53797,58119,63949,30831,33118,15988,7577,8411,
79965,63961,30826,33135,111927,53843,58084,127915,61524,66391,111923,53802,58121,63953,30833,33120,15989,7578,8411,
79970,63965,30828,33137,111934,53845,58089,127923,61527,66396,111930,53804,58126,63957,30835,33122,15990,7579,8411,
79975,63969,30831,33138,111941,53849,58092,127931,61531,66400,111937,53809,58128,63961,30836,33125,15991,7580,8411,
79980,63973,30834,33139,111948,53853,58095,127939,61535,66404,111944,53811,58133,63965,30838,33127,15992,7580,8412,
79985,63977,30837,33140,111955,53858,58097,127947,61537,66410,111951,53814,58137,63969,30839,33130,15993,7581,8412,
79990,63981,30838,33143,111962,53859,58103,127955,61541,66414,111958,53816,58142,63973,30841,33132,15994,7581,8413,
79995,63985,30841,33144,111969,53861,58108,127963,61545,66418,111965,53820,58145,63977,30844,33133,15995,7582,8413,
80000,63989,30843,33146,111976,53864,58112,127971,61551,66420,111972,53824,58148,63981,30845,33136,15996,7583,8413,
80005,63993,30845,33148,111983,53867,58116,127979,61554,66425,111979,53828,58151,63985,30847,33138,15997,7583,8414,
80010,63997,30848,33149,111990,53868,58122,127987,61559,66428,111986,53832,58154,63989,30848,33141,15998,7584,8414,
80015,64001,30850,33151,111997,53870,58127,127995,61562,66433,111993,53837,58156,63993,30849,33144,15999,7585,8414,
80020,64005,30852,33153,112004,53874,58130,128003,61567,66436,112000,53838,58162,63997,30851,33146,16000,7586,8414,
80025,64009,30854,33155,112011,53879,58132,128011,61574,66437,112007,53839,58168,64001,30852,33149,16001,7587,8414,
80030,64013,30856,33157,112018,53883,58135,128019,61579,66440,112014,53844,58170,64005,30854,33151,16002,7587,8415,
80035,64017,30858,33159,112025,53885,58140,128027,61583,66444,112021,53848,58173,64009,30856,33153,16003,7588,8415,
80040,64021,30860,33161,112032,53886,58146,128035,61591,66444,112028,53850,58178,64013,30857,33156,16004,7589,8415,
80045,64025,30862,33163,112039,53888,58151,128043,61595,66448,112035,53853,58182,64017,30860,33157,16005,7589,8416,
80050,64029,30863,33166,112046,53892,58154,128051,61601,66450,112042,53856,58186,64021,30861,33160,16006,7590,8416,
80055,64033,30866,33167,112053,53895,58158,128059,61605,66454,112049,53860,58189,64025,30863,33162,16007,7591,8416,
80060,64037,30870,33167,112060,53896,58164,128067,61607,66460,112056,53862,58194,64029,30865,33164,16008,7592,8416,
80065,64041,30871,33170,112067,53898,58169,128075,61612,66463,112063,53865,58198,64033,30866,33167,16009,7592,8417,
80070,64045,30871,33174,112074,53902,58172,128083,61615,66468,112070,53867,58203,64037,30868,33169,16010,7593,8417,
80075,64049,30873,33176,112081,53905,58176,128091,61618,66473,112077,53870,58207,64041,30871,33170,16011,7593,8418,
80080,64053,30874,33179,112088,53907,58181,128099,61620,66479,112084,53873,58211,64045,30872,33173,16012,7593,8419,
80085,64057,30876,33181,112095,53910,58185,128107,61621,66486,112091,53876,58215,64049,30874,33175,16013,7593,8420,
80090,64061,30878,33183,112102,53913,58189,128115,61625,66490,112098,53879,58219,64053,30877,33176,16014,7594,8420,
80095,64065,30880,33185,112109,53916,58193,128123,61628,66495,112105,53884,58221,64057,30878,33179,16015,7595,8420,
80100,64069,30882,33187,112116,53917,58199,128131,61631,66500,112112,53887,58225,64061,30878,33183,16016,7595,8421,
80105,64073,30886,33187,112123,53921,58202,128139,61635,66504,112119,53892,58227,64065,30882,33183,16017,7595,8422,
80110,64077,30889,33188,112130,53922,58208,128147,61640,66507,112126,53896,58230,64069,30883,33186,16018,7596,8422,
80115,64081,30892,33189,112137,53922,58215,128155,61643,66512,112133,53901,58232,64073,30886,33187,16019,7596,8423,
80120,64085,30894,33191,112144,53928,58216,128163,61647,66516,112140,53906,58234,64077,30886,33191,16020,7596,8424,
80125,64089,30895,33194,112151,53934,58217,128171,61651,66520,112147,53909,58238,64081,30888,33193,16021,7596,8425,
80130,64093,30897,33196,112158,53937,58221,128179,61656,66523,112154,53914,58240,64085,30890,33195,16022,7596,8426,
80135,64097,30899,33198,112165,53940,58225,128187,61661,66526,112161,53919,58242,64089,30891,33198,16023,7596,8427,
80140,64101,30900,33201,112172,53942,58230,128195,61666,66529,112168,53922,58246,64093,30893,33200,16024,7597,8427,
80145,64105,30901,33204,112179,53946,58233,128203,61668,66535,112175,53924,58251,64097,30894,33203,16025,7597,8428,
80150,64109,30902,33207,112186,53952,58234,128211,61672,66539,112182,53927,58255,64101,30896,33205,16026,7597,8429,
80155,64113,30902,33211,112193,53953,58240,128219,61675,66544,112189,53928,58261,64105,30896,33209,16027,7597,8430,
80160,64117,30905,33212,112200,53957,58243,128227,61679,66548,112196,53932,58264,64109,30899,33210,16028,7597,8431,
80165,64121,30906,33215,112207,53963,58244,128235,61683,66552,112203,53936,58267,64113,30902,33211,16029,7598,8431,
80170,64125,30907,33218,112214,53966,58248,128243,61686,66557,112210,53941,58269,64117,30905,33212,16030,7599,8431,
80175,64129,30909,33220,112221,53971,58250,128251,61690,66561,112217,53945,58272,64121,30907,33214,16031,7599,8432,
80180,64133,30912,33221,112228,53974,58254,128259,61696,66563,112224,53948,58276,64125,30910,33215,16032,7599,8433,
80185,64137,30914,33223,112235,53976,58259,128267,61701,66566,112231,53952,58279,64129,30913,33216,16033,7599,8434,
80190,64141,30917,33224,112242,53980,58262,128275,61705,66570,112238,53955,58283,64133,30915,33218,16034,7600,8434,
80195,64145,30920,33225,112249,53984,58265,128283,61710,66573,112245,53961,58284,64137,30918,33219,16035,7600,8435,
80200,64149,30922,33227,112256,53987,58269,128291,61713,66578,112252,53966,58286,64141,30918,33223,16036,7601,8435,
80205,64153,30924,33229,112263,53988,58275,128299,61717,66582,112259,53969,58290,64145,30919,33226,16037,7601,8436,
80210,64157,30924,33233,112270,53993,58277,128307,61721,66586,112266,53971,58295,64149,30920,33229,16038,7601,8437,
80215,64161,30924,33237,112277,53997,58280,128315,61726,66589,112273,53974,58299,64153,30922,33231,16039,7601,8438,
80220,64165,30925,33240,112284,54002,58282,128323,61728,66595,112280,53979,58301,64157,30924,33233,16040,7602,8438,
80225,64169,30928,33241,112291,54006,58285,128331,61729,66602,112287,53981,58306,64161,30926,33235,16041,7602,8439,
80230,64173,30930,33243,112298,54009,58289,128339,61732,66607,112294,53985,58309,64165,30928,33237,16042,7602,8440,
80235,64177,30933,33244,112305,54010,58295,128347,61737,66610,112301,53988,58313,64169,30929,33240,16043,7602,8441,
80240,64181,30933,33248,112312,54013,58299,128355,61738,66617,112308,53991,58317,64173,30931,33242,16044,7603,8441,
80245,64185,30935,33250,112319,54018,58301,128363,61741,66622,112315,53994,58321,64177,30933,33244,16045,7604,8441,
80250,64189,30938,33251,112326,54021,58305,128371,61745,66626,112322,53998,58324,64181,30936,33245,16046,7605,8441,
80255,64193,30939,33254,112333,54024,58309,128379,61748,66631,112329,54002,58327,64185,30939,33246,16047,7605,8442,
80260,64197,30941,33256,112340,54025,58315,128387,61752,66635,112336,54005,58331,64189,30940,33249,16048,7606,8442,
80265,64201,30941,33260,112347,54030,58317,128395,61758,66637,112343,54009,58334,64193,30942,33251,16049,7606,8443,
80270,64205,30942,33263,112354,54031,58323,128403,61764,66639,112350,54009,58341,64197,30943,33254,16050,7606,8444,
80275,64209,30943,33266,112361,54036,58325,128411,61767,66644,112357,54014,58343,64201,30945,33256,16051,7606,8445,
80280,64213,30946,33267,112368,54037,58331,128419,61773,66646,112364,54017,58347,64205,30948,33257,16052,7607,8445,
80285,64217,30947,33270,112375,54042,58333,128427,61778,66649,112371,54021,58350,64209,30950,33259,16053,7608,8445,
80290,64221,30949,33272,112382,54044,58338,128435,61781,66654,112378,54025,58353,64213,30952,33261,16054,7608,8446,
80295,64225,30952,33273,112389,54046,58343,128443,61784,66659,112385,54029,58356,64217,30954,33263,16055,7609,8446,
80300,64229,30954,33275,112396,54050,58346,128451,61786,66665,112392,54034,58358,64221,30956,33265,16056,7610,8446,
80305,64233,30956,33277,112403,54052,58351,128459,61789,66670,112399,54039,58360,64225,30959,33266,16057,7611,8446,
80310,64237,30959,33278,112410,54057,58353,128467,61794,66673,112406,54041,58365,64229,30961,33268,16058,7612,8446,
80315,64241,30960,33281,112417,54060,58357,128475,61797,66678,112413,54043,58370,64233,30962,33271,16059,7612,8447,
80320,64245,30961,33284,112424,54065,58359,128483,61800,66683,112420,54046,58374,64237,30965,33272,16060,7612,8448,
80325,64249,30962,33287,112431,54071,58360,128491,61804,66687,112427,54050,58377,64241,30968,33273,16061,7612,8449,
80330,64253,30965,33288,112438,54074,58364,128499,61806,66693,112434,54055,58379,64245,30970,33275,16062,7612,8450,
80335,64257,30968,33289,112445,54078,58367,128507,61811,66696,112441,54061,58380,64249,30972,33277,16063,7612,8451,
80340,64261,30970,33291,112452,54079,58373,128515,61815,66700,112448,54066,58382,64253,30974,33279,16064,7613,8451,
80345,64265,30971,33294,112459,54081,58378,128523,61817,66706,112455,54070,58385,64257,30976,33281,16065,7613,8452,
80350,64269,30973,33296,112466,54084,58382,128531,61822,66709,112462,54072,58390,64261,30979,33282,16066,7614,8452,
80355,64273,30976,33297,112473,54089,58384,128539,61822,66717,112469,54074,58395,64265,30981,33284,16067,7615,8452,
80360,64277,30977,33300,112480,54092,58388,128547,61826,66721,112476,54078,58398,64269,30983,33286,16068,7616,8452,
80365,64281,30977,33304,112487,54098,58389,128555,61831,66724,112483,54083,58400,64273,30987,33286,16069,7617,8452,
80370,64285,30978,33307,112494,54102,58392,128563,61836,66727,112490,54087,58403,64277,30990,33287,16070,7618,8452,
80375,64289,30980,33309,112501,54105,58396,128571,61841,66730,112497,54092,58405,64281,30991,33290,16071,7618,8453,
80380,64293,30982,33311,112508,54109,58399,128579,61845,66734,112504,54097,58407,64285,30994,33291,16072,7619,8453,
80385,64297,30983,33314,112515,54110,58405,128587,61849,66738,112511,54099,58412,64289,30996,33293,16073,7619,8454,
80390,64301,30984,33317,112522,54113,58409,128595,61852,66743,112518,54102,58416,64293,30999,33294,16074,7619,8455,
80395,64305,30986,33319,112529,54116,58413,128603,61855,66748,112525,54106,58419,64297,31001,33296,16075,7619,8456,
80400,64309,30987,33322,112536,54118,58418,128611,61860,66751,112532,54108,58424,64301,31003,33298,16076,7620,8456,
80405,64313,30989,33324,112543,54121,58422,128619,61866,66753,112539,54113,58426,64305,31003,33302,16077,7621,8456,
80410,64317,30990,33327,112550,54124,58426,128627,61871,66756,112546,54118,58428,64309,31005,33304,16078,7622,8456,
80415,64321,30991,33330,112557,54129,58428,128635,61873,66762,112553,54122,58431,64313,31006,33307,16079,7623,8456,
80420,64325,30994,33331,112564,54131,58433,128643,61877,66766,112560,54123,58437,64317,31007,33310,16080,7624,8456,
80425,64329,30995,33334,112571,54132,58439,128651,61881,66770,112567,54127,58440,64321,31007,33314,16081,7624,8457,
80430,64333,30998,33335,112578,54135,58443,128659,61885,66774,112574,54131,58443,64325,31008,33317,16082,7624,8458,
80435,64337,31000,33337,112585,54139,58446,128667,61889,66778,112581,54135,58446,64329,31010,33319,16083,7625,8458,
80440,64341,31002,33339,112592,54139,58453,128675,61893,66782,112588,54139,58449,64333,31012,33321,16084,7625,8459,
80445,64345,31004,33341,112599,54141,58458,128683,61898,66785,112595,54143,58452,64337,31013,33324,16085,7625,8460,
80450,64349,31006,33343,112606,54142,58464,128691,61901,66790,112602,54146,58456,64341,31014,33327,16086,7626,8460,
80455,64353,31007,33346,112613,54148,58465,128699,61905,66794,112609,54149,58460,64345,31016,33329,16087,7627,8460,
80460,64357,31009,33348,112620,54152,58468,128707,61912,66795,112616,54152,58464,64349,31017,33332,16088,7627,8461,
80465,64361,31009,33352,112627,54157,58470,128715,61918,66797,112623,54155,58468,64353,31017,33336,16089,7628,8461,
80470,64365,31011,33354,112634,54158,58476,128723,61921,66802,112630,54159,58471,64357,31019,33338,16090,7628,8462,
80475,64369,31013,33356,112641,54162,58479,128731,61926,66805,112637,54162,58475,64361,31021,33340,16091,7628,8463,
80480,64373,31015,33358,112648,54166,58482,128739,61929,66810,112644,54166,58478,64365,31024,33341,16092,7629,8463,
80485,64377,31017,33360,112655,54169,58486,128747,61933,66814,112651,54171,58480,64369,31027,33342,16093,7629,8464,
80490,64381,31018,33363,112662,54171,58491,128755,61937,66818,112658,54173,58485,64373,31029,33344,16094,7630,8464,
80495,64385,31018,33367,112669,54175,58494,128763,61940,66823,112665,54176,58489,64377,31031,33346,16095,7631,8464,
80500,64389,31018,33371,112676,54181,58495,128771,61944,66827,112672,54180,58492,64381,31031,33350,16096,7631,8465,
80505,64393,31021,33372,112683,54184,58499,128779,61950,66829,112679,54184,58495,64385,31034,33351,16097,7631,8466,
80510,64397,31023,33374,112690,54187,58503,128787,61954,66833,112686,54187,58499,64389,31036,33353,16098,7631,8467,
80515,64401,31026,33375,112697,54191,58506,128795,61959,66836,112693,54190,58503,64393,31039,33354,16099,7631,8468,
80520,64405,31028,33377,112704,54195,58509,128803,61961,66842,112700,54196,58504,64397,31040,33357,16100,7631,8469,
80525,64409,31028,33381,112711,54197,58514,128811,61965,66846,112707,54198,58509,64401,31043,33358,16101,7631,8470,
80530,64413,31030,33383,112718,54201,58517,128819,61969,66850,112714,54199,58515,64405,31044,33361,16102,7632,8470,
80535,64417,31033,33384,112725,54206,58519,128827,61974,66853,112721,54203,58518,64409,31045,33364,16103,7632,8471,
80540,64421,31035,33386,112732,54212,58520,128835,61978,66857,112728,54205,58523,64413,31047,33366,16104,7632,8472,
80545,64425,31036,33389,112739,54216,58523,128843,61981,66862,112735,54208,58527,64417,31049,33368,16105,7633,8472,
80550,64429,31038,33391,112746,54219,58527,128851,61984,66867,112742,54214,58528,64421,31050,33371,16106,7634,8472,
80555,64433,31040,33393,112753,54221,58532,128859,61988,66871,112749,54219,58530,64425,31052,33373,16107,7634,8473,
80560,64437,31043,33394,112760,54225,58535,128867,61992,66875,112756,54223,58533,64429,31053,33376,16108,7635,8473,
80565,64441,31045,33396,112767,54229,58538,128875,61997,66878,112763,54227,58536,64433,31056,33377,16109,7635,8474,
80570,64445,31047,33398,112774,54233,58541,128883,62002,66881,112770,54230,58540,64437,31056,33381,16110,7635,8475,
80575,64449,31048,33401,112781,54238,58543,128891,62006,66885,112777,54233,58544,64441,31057,33384,16111,7635,8476,
80580,64453,31050,33403,112788,54241,58547,128899,62009,66890,112784,54235,58549,64445,31058,33387,16112,7636,8476,
80585,64457,31052,33405,112795,54244,58551,128907,62014,66893,112791,54239,58552,64449,31062,33387,16113,7636,8477,
80590,64461,31055,33406,112802,54248,58554,128915,62019,66896,112798,54243,58555,64453,31064,33389,16114,7636,8478,
80595,64465,31058,33407,112809,54253,58556,128923,62022,66901,112805,54246,58559,64457,31065,33392,16115,7636,8479,
80600,64469,31061,33408,112816,54256,58560,128931,62028,66903,112812,54247,58565,64461,31066,33395,16116,7637,8479,
80605,64473,31063,33410,112823,54260,58563,128939,62032,66907,112819,54250,58569,64465,31069,33396,16117,7638,8479,
80610,64477,31064,33413,112830,54263,58567,128947,62037,66910,112826,54253,58573,64469,31073,33396,16118,7638,8480,
80615,64481,31067,33414,112837,54267,58570,128955,62043,66912,112833,54255,58578,64473,31076,33397,16119,7639,8480,
80620,64485,31067,33418,112844,54269,58575,128963,62046,66917,112840,54260,58580,64477,31078,33399,16120,7639,8481,
80625,64489,31069,33420,112851,54272,58579,128971,62052,66919,112847,54266,58581,64481,31079,33402,16121,7639,8482,
80630,64493,31072,33421,112858,54276,58582,128979,62055,66924,112854,54269,58585,64485,31082,33403,16122,7640,8482,
80635,64497,31075,33422,112865,54281,58584,128987,62059,66928,112861,54271,58590,64489,31085,33404,16123,7641,8482,
80640,64501,31077,33424,112872,54284,58588,128995,62065,66930,112868,54275,58593,64493,31086,33407,16124,7641,8483,
80645,64505,31078,33427,112879,54288,58591,129003,62070,66933,112875,54279,58596,64497,31090,33407,16125,7642,8483,
80650,64509,31080,33429,112886,54290,58596,129011,62075,66936,112882,54280,58602,64501,31093,33408,16126,7642,8484,
80655,64513,31083,33430,112893,54293,58600,129019,62083,66936,112889,54282,58607,64505,31095,33410,16127,7643,8484,
80660,64517,31084,33433,112900,54297,58603,129027,62086,66941,112896,54285,58611,64509,31096,33413,16128,7644,8484,
80665,64521,31085,33436,112907,54301,58606,129035,62087,66948,112903,54289,58614,64513,31097,33416,16129,7644,8485,
80670,64525,31089,33436,112914,54305,58609,129043,62091,66952,112910,54294,58616,64517,31098,33419,16130,7645,8485,
80675,64529,31091,33438,112921,54310,58611,129051,62093,66958,112917,54296,58621,64521,31099,33422,16131,7646,8485,
80680,64533,31092,33441,112928,54313,58615,129059,62097,66962,112924,54299,58625,64525,31103,33422,16132,7647,8485,
80685,64537,31094,33443,112935,54316,58619,129067,62101,66966,112931,54302,58629,64529,31104,33425,16133,7648,8485,
80690,64541,31095,33446,112942,54320,58622,129075,62105,66970,112938,54307,58631,64533,31106,33427,16134,7649,8485,
80695,64545,31098,33447,112949,54325,58624,129083,62109,66974,112945,54309,58636,64537,31109,33428,16135,7649,8486,
80700,64549,31099,33450,112956,54329,58627,129091,62113,66978,112952,54312,58640,64541,31113,33428,16136,7649,8487,
80705,64553,31100,33453,112963,54333,58630,129099,62114,66985,112959,54314,58645,64545,31114,33431,16137,7650,8487,
80710,64557,31103,33454,112970,54337,58633,129107,62119,66988,112966,54317,58649,64549,31117,33432,16138,7650,8488,
80715,64561,31105,33456,112977,54340,58637,129115,62122,66993,112973,54319,58654,64553,31118,33435,16139,7651,8488,
80720,64565,31107,33458,112984,54345,58639,129123,62128,66995,112980,54322,58658,64557,31119,33438,16140,7651,8489,
80725,64569,31109,33460,112991,54349,58642,129131,62131,67000,112987,54326,58661,64561,31123,33438,16141,7651,8490,
80730,64573,31109,33464,112998,54352,58646,129139,62137,67002,112994,54331,58663,64565,31126,33439,16142,7651,8491,
80735,64577,31111,33466,113005,54355,58650,129147,62142,67005,113001,54333,58668,64569,31128,33441,16143,7651,8492,
80740,64581,31112,33469,113012,54358,58654,129155,62147,67008,113008,54336,58672,64573,31129,33444,16144,7652,8492,
80745,64585,31113,33472,113019,54363,58656,129163,62153,67010,113015,54337,58678,64577,31131,33446,16145,7653,8492,
80750,64589,31115,33474,113026,54364,58662,129171,62156,67015,113022,54339,58683,64581,31133,33448,16146,7654,8492,
80755,64593,31116,33477,113033,54369,58664,129179,62158,67021,113029,54342,58687,64585,31135,33450,16147,7655,8492,
80760,64597,31117,33480,113040,54372,58668,129187,62165,67022,113036,54343,58693,64589,31137,33452,16148,7655,8493,
80765,64601,31119,33482,113047,54377,58670,129195,62169,67026,113043,54349,58694,64593,31139,33454,16149,7656,8493,
80770,64605,31119,33486,113054,54381,58673,129203,62172,67031,113050,54351,58699,64597,31140,33457,16150,7657,8493,
80775,64609,31122,33487,113061,54384,58677,129211,62177,67034,113057,54353,58704,64601,31142,33459,16151,7658,8493,
80780,64613,31124,33489,113068,54386,58682,129219,62182,67037,113064,54358,58706,64605,31143,33462,16152,7658,8494,
80785,64617,31127,33490,113075,54391,58684,129227,62184,67043,113071,54361,58710,64609,31143,33466,16153,7658,8495,
80790,64621,31129,33492,113082,54394,58688,129235,62188,67047,113078,54366,58712,64613,31144,33469,16154,7658,8496,
80795,64625,31131,33494,113089,54396,58693,129243,62192,67051,113085,54369,58716,64617,31145,33472,16155,7659,8496,
80800,64629,31135,33494,113096,54400,58696,129251,62194,67057,113092,54374,58718,64621,31149,33472,16156,7659,8497,
80805,64633,31136,33497,113103,54403,58700,129259,62196,67063,113099,54376,58723,64625,31150,33475,16157,7659,8498,
80810,64637,31137,33500,113110,54407,58703,129267,62199,67068,113106,54381,58725,64629,31153,33476,16158,7660,8498,
80815,64641,31138,33503,113117,54412,58705,129275,62201,67074,113113,54384,58729,64633,31157,33476,16159,7661,8498,
80820,64645,31139,33506,113124,54417,58707,129283,62204,67079,113120,54389,58731,64637,31160,33477,16160,7662,8498,
80825,64649,31142,33507,113131,54420,58711,129291,62209,67082,113127,54391,58736,64641,31162,33479,16161,7662,8499,
80830,64653,31146,33507,113138,54423,58715,129299,62210,67089,113134,54393,58741,64645,31163,33482,16162,7662,8500,
80835,64657,31148,33509,113145,54427,58718,129307,62217,67090,113141,54395,58746,64649,31165,33484,16163,7662,8501,
80840,64661,31150,33511,113152,54431,58721,129315,62218,67097,113148,54397,58751,64653,31167,33486,16164,7663,8501,
80845,64665,31152,33513,113159,54436,58723,129323,62223,67100,113155,54400,58755,64657,31168,33489,16165,7664,8501,
80850,64669,31153,33516,113166,54439,58727,129331,62227,67104,113162,54404,58758,64661,31170,33491,16166,7665,8501,
80855,64673,31153,33520,113173,54441,58732,129339,62231,67108,113169,54408,58761,64665,31171,33494,16167,7665,8502,
80860,64677,31155,33522,113180,54443,58737,129347,62237,67110,113176,54412,58764,64669,31171,33498,16168,7665,8503,
80865,64681,31157,33524,113187,54447,58740,129355,62240,67115,113183,54415,58768,64673,31172,33501,16169,7666,8503,
80870,64685,31160,33525,113194,54452,58742,129363,62244,67119,113190,54416,58774,64677,31174,33503,16170,7666,8504,
80875,64689,31163,33526,113201,54455,58746,129371,62250,67121,113197,54420,58777,64681,31176,33505,16171,7667,8504,
80880,64693,31166,33527,113208,54456,58752,129379,62252,67127,113204,54421,58783,64685,31180,33505,16172,7667,8505,
80885,64697,31170,33527,113215,54459,58756,129387,62257,67130,113211,54426,58785,64689,31182,33507,16173,7667,8506,
80890,64701,31173,33528,113222,54461,58761,129395,62262,67133,113218,54431,58787,64693,31182,33511,16174,7668,8506,
80895,64705,31174,33531,113229,54465,58764,129403,62265,67138,113225,54433,58792,64697,31184,33513,16175,7669,8506,
80900,64709,31177,33532,113236,54469,58767,129411,62269,67142,113232,54436,58796,64701,31186,33515,16176,7670,8506,
80905,64713,31178,33535,113243,54473,58770,129419,62272,67147,113239,54441,58798,64705,31187,33518,16177,7671,8506,
80910,64717,31179,33538,113250,54477,58773,129427,62276,67151,113246,54446,58800,64709,31190,33519,16178,7672,8506,
80915,64721,31182,33539,113257,54479,58778,129435,62279,67156,113253,54448,58805,64713,31191,33522,16179,7672,8507,
80920,64725,31184,33541,113264,54484,58780,129443,62281,67162,113260,54452,58808,64717,31193,33524,16180,7673,8507,
80925,64729,31186,33543,113271,54488,58783,129451,62284,67167,113267,54456,58811,64721,31193,33528,16181,7673,8508,
80930,64733,31188,33545,113278,54490,58788,129459,62289,67170,113274,54459,58815,64725,31196,33529,16182,7674,8508,
80935,64737,31190,33547,113285,54494,58791,129467,62293,67174,113281,54461,58820,64729,31198,33531,16183,7674,8509,
80940,64741,31193,33548,113292,54497,58795,129475,62295,67180,113288,54464,58824,64733,31200,33533,16184,7675,8509,
80945,64745,31196,33549,113299,54502,58797,129483,62300,67183,113295,54468,58827,64737,31202,33535,16185,7675,8510,
80950,64749,31200,33549,113306,54505,58801,129491,62303,67188,113302,54472,58830,64741,31204,33537,16186,7676,8510,
80955,64753,31203,33550,113313,54507,58806,129499,62307,67192,113309,54475,58834,64745,31208,33537,16187,7677,8510,
80960,64757,31205,33552,113320,54508,58812,129507,62311,67196,113316,54477,58839,64749,31209,33540,16188,7677,8511,
80965,64761,31206,33555,113327,54513,58814,129515,62314,67201,113323,54482,58841,64753,31212,33541,16189,7678,8511,
80970,64765,31209,33556,113334,54515,58819,129523,62318,67205,113330,54486,58844,64757,31215,33542,16190,7679,8511,
80975,64769,31212,33557,113341,54520,58821,129531,62321,67210,113337,54488,58849,64761,31216,33545,16191,7680,8511,
80980,64773,31214,33559,113348,54523,58825,129539,62322,67217,113344,54494,58850,64765,31218,33547,16192,7680,8512,
80985,64777,31216,33561,113355,54527,58828,129547,62324,67223,113351,54497,58854,64769,31220,33549,16193,7681,8512,
80990,64781,31219,33562,113362,54530,58832,129555,62330,67225,113358,54500,58858,64773,31223,33550,16194,7681,8513,
80995,64785,31221,33564,113369,54534,58835,129563,62335,67228,113365,54502,58863,64777,31224,33553,16195,7682,8513,
81000,64789,31223,33566,113376,54535,58841,129571,62341,67230,113372,54506,58866,64781,31228,33553,16196,7682,8514,
81005,64793,31224,33569,113383,54540,58843,129579,62344,67235,113379,54510,58869,64785,31230,33555,16197,7682,8515,
81010,64797,31225,33572,113390,54544,58846,129587,62347,67240,113386,54514,58872,64789,31232,33557,16198,7682,8516,
81015,64801,31229,33572,113397,54547,58850,129595,62353,67242,113393,54519,58874,64793,31233,33560,16199,7682,8517,
81020,64805,31231,33574,113404,54553,58851,129603,62356,67247,113400,54523,58877,64797,31234,33563,16200,7683,8517,
81025,64809,31233,33576,113411,54555,58856,129611,62358,67253,113407,54526,58881,64801,31236,33565,16201,7683,8518,
81030,64813,31236,33577,113418,54561,58857,129619,62361,67258,113414,54530,58884,64805,31237,33568,16202,7684,8518,
81035,64817,31239,33578,113425,54564,58861,129627,62367,67260,113421,54534,58887,64809,31238,33571,16203,7685,8518,
81040,64821,31243,33578,113432,54568,58864,129635,62373,67262,113428,54540,58888,64813,31240,33573,16204,7686,8518,
81045,64825,31245,33580,113439,54573,58866,129643,62380,67263,113435,54543,58892,64817,31242,33575,16205,7686,8519,
81050,64829,31246,33583,113446,54575,58871,129651,62386,67265,113442,54548,58894,64821,31245,33576,16206,7686,8520,
81055,64833,31246,33587,113453,54581,58872,129659,62391,67268,113449,54553,58896,64825,31247,33578,16207,7687,8520,
81060,64837,31248,33589,113460,54583,58877,129667,62395,67272,113456,54555,58901,64829,31250,33579,16208,7687,8521,
81065,64841,31251,33590,113467,54587,58880,129675,62397,67278,113463,54559,58904,64833,31253,33580,16209,7687,8522,
81070,64845,31254,33591,113474,54590,58884,129683,62402,67281,113470,54565,58905,64837,31254,33583,16210,7688,8522,
81075,64849,31257,33592,113481,54593,58888,129691,62406,67285,113477,54568,58909,64841,31256,33585,16211,7689,8522,
81080,64853,31258,33595,113488,54596,58892,129699,62409,67290,113484,54571,58913,64845,31258,33587,16212,7689,8523,
81085,64857,31260,33597,113495,54599,58896,129707,62411,67296,113491,54575,58916,64849,31260,33589,16213,7690,8523,
81090,64861,31263,33598,113502,54604,58898,129715,62416,67299,113498,54577,58921,64853,31261,33592,16214,7690,8524,
81095,64865,31265,33600,113509,54608,58901,129723,62421,67302,113505,54579,58926,64857,31263,33594,16215,7691,8524,
81100,64869,31267,33602,113516,54613,58903,129731,62425,67306,113512,54582,58930,64861,31265,33596,16216,7692,8524,
81105,64873,31268,33605,113523,54617,58906,129739,62431,67308,113519,54584,58935,64865,31267,33598,16217,7692,8525,
81110,64877,31269,33608,113530,54621,58909,129747,62433,67314,113526,54588,58938,64869,31271,33598,16218,7693,8525,
81115,64881,31271,33610,113537,54626,58911,129755,62437,67318,113533,54593,58940,64873,31274,33599,16219,7694,8525,
81120,64885,31273,33612,113544,54629,58915,129763,62440,67323,113540,54595,58945,64877,31277,33600,16220,7695,8525,
81125,64889,31277,33612,113551,54633,58918,129771,62441,67330,113547,54600,58947,64881,31278,33603,16221,7696,8525,
81130,64893,31279,33614,113558,54637,58921,129779,62443,67336,113554,54604,58950,64885,31280,33605,16222,7697,8525,
81135,64897,31281,33616,113565,54640,58925,129787,62448,67339,113561,54608,58953,64889,31282,33607,16223,7697,8526,
81140,64901,31285,33616,113572,54641,58931,129795,62451,67344,113568,54610,58958,64893,31284,33609,16224,7698,8526,
81145,64905,31289,33616,113579,54646,58933,129803,62456,67347,113575,54611,58964,64897,31285,33612,16225,7699,8526,
81150,64909,31290,33619,113586,54648,58938,129811,62461,67350,113582,54614,58968,64901,31288,33613,16226,7700,8526,
81155,64913,31291,33622,113593,54650,58943,129819,62462,67357,113589,54616,58973,64905,31291,33614,16227,7700,8527,
81160,64917,31293,33624,113600,54656,58944,129827,62465,67362,113596,54620,58976,64909,31293,33616,16228,7700,8528,
81165,64921,31295,33626,113607,54659,58948,129835,62472,67363,113603,54624,58979,64913,31295,33618,16229,7700,8529,
81170,64925,31298,33627,113614,54662,58952,129843,62478,67365,113610,54624,58986,64917,31298,33619,16230,7700,8530,
81175,64929,31300,33629,113621,54667,58954,129851,62482,67369,113617,54627,58990,64921,31300,33621,16231,7701,8530,
81180,64933,31302,33631,113628,54669,58959,129859,62488,67371,113624,54629,58995,64925,31303,33622,16232,7701,8531,
81185,64937,31305,33632,113635,54670,58965,129867,62492,67375,113631,54631,59000,64929,31303,33626,16233,7702,8531,
81190,64941,31306,33635,113642,54676,58966,129875,62495,67380,113638,54633,59005,64933,31305,33628,16234,7703,8531,
81195,64945,31308,33637,113649,54680,58969,129883,62499,67384,113645,54638,59007,64937,31306,33631,16235,7703,8532,
81200,64949,31309,33640,113656,54685,58971,129891,62503,67388,113652,54642,59010,64941,31307,33634,16236,7703,8533,
81205,64953,31311,33642,113663,54690,58973,129899,62506,67393,113659,54644,59015,64945,31310,33635,16237,7703,8534,
81210,64957,31313,33644,113670,54696,58974,129907,62507,67400,113666,54646,59020,64949,31311,33638,16238,7704,8534,
81215,64961,31313,33648,113677,54700,58977,129915,62512,67403,113673,54650,59023,64953,31314,33639,16239,7705,8534,
81220,64965,31314,33651,113684,54703,58981,129923,62514,67409,113680,54653,59027,64957,31317,33640,16240,7705,8535,
81225,64969,31317,33652,113691,54705,58986,129931,62520,67411,113687,54658,59029,64961,31321,33640,16241,7705,8536,
81230,64973,31318,33655,113698,54710,58988,129939,62524,67415,113694,54661,59033,64965,31325,33640,16242,7705,8537,
81235,64977,31321,33656,113705,54714,58991,129947,62529,67418,113701,54665,59036,64969,31326,33643,16243,7706,8537,
81240,64981,31322,33659,113712,54720,58992,129955,62533,67422,113708,54668,59040,64973,31329,33644,16244,7707,8537,
81245,64985,31323,33662,113719,54725,58994,129963,62536,67427,113715,54670,59045,64977,31330,33647,16245,7708,8537,
81250,64989,31325,33664,113726,54728,58998,129971,62541,67430,113722,54674,59048,64981,31332,33649,16246,7708,8538,
81255,64993,31325,33668,113733,54732,59001,129979,62544,67435,113729,54678,59051,64985,31333,33652,16247,7708,8539,
81260,64997,31327,33670,113740,54737,59003,129987,62548,67439,113736,54682,59054,64989,31335,33654,16248,7708,8540,
81265,65001,31328,33673,113747,54740,59007,129995,62552,67443,113743,54685,59058,64993,31337,33656,16249,7708,8541,
81270,65005,31329,33676,113754,54741,59013,130003,62556,67447,113750,54688,59062,64997,31338,33659,16250,7708,8542,
81275,65009,31333,33676,113761,54746,59015,130011,62562,67449,113757,54692,59065,65001,31340,33661,16251,7709,8542,
81280,65013,31334,33679,113768,54751,59017,130019,62564,67455,113764,54695,59069,65005,31341,33664,16252,7710,8542,
81285,65017,31336,33681,113775,54753,59022,130027,62567,67460,113771,54696,59075,65009,31342,33667,16253,7711,8542,
81290,65021,31338,33683,113782,54755,59027,130035,62572,67463,113778,54698,59080,65013,31342,33671,16254,7712,8542,
81295,65025,31340,33685,113789,54758,59031,130043,62576,67467,113785,54704,59081,65017,31344,33673,16255,7712,8543,
81300,65029,31341,33688,113796,54761,59035,130051,62581,67470,113792,54709,59083,65021,31347,33674,16256,7713,8543,
81305,65033,31344,33689,113803,54767,59036,130059,62583,67476,113799,54711,59088,65025,31348,33677,16257,7713,8544,
81310,65037,31346,33691,113810,54771,59039,130067,62587,67480,113806,54715,59091,65029,31350,33679,16258,7713,8545,
81315,65041,31349,33692,113817,54775,59042,130075,62592,67483,113813,54718,59095,65033,31351,33682,16259,7713,8546,
81320,65045,31351,33694,113824,54778,59046,130083,62598,67485,113820,54721,59099,65037,31352,33685,16260,7713,8547,
81325,65049,31353,33696,113831,54782,59049,130091,62603,67488,113827,54726,59101,65041,31355,33686,16261,7714,8547,
81330,65053,31354,33699,113838,54784,59054,130099,62608,67491,113834,54731,59103,65045,31356,33689,16262,7715,8547,
81335,65057,31357,33700,113845,54787,59058,130107,62610,67497,113841,54736,59105,65049,31358,33691,16263,7716,8547,
81340,65061,31360,33701,113852,54790,59062,130115,62616,67499,113848,54742,59106,65053,31360,33693,16264,7717,8547,
81345,65065,31363,33702,113859,54795,59064,130123,62620,67503,113855,54745,59110,65057,31362,33695,16265,7717,8548,
81350,65069,31364,33705,113866,54797,59069,130131,62626,67505,113862,54749,59113,65061,31363,33698,16266,7718,8548,
81355,65073,31367,33706,113873,54802,59071,130139,62629,67510,113869,54753,59116,65065,31365,33700,16267,7719,8548,
81360,65077,31368,33709,113880,54805,59075,130147,62634,67513,113876,54759,59117,65069,31366,33703,16268,7720,8548,
81365,65081,31370,33711,113887,54811,59076,130155,62640,67515,113883,54762,59121,65073,31368,33705,16269,7720,8549,
81370,65085,31371,33714,113894,54813,59081,130163,62642,67521,113890,54763,59127,65077,31370,33707,16270,7721,8549,
81375,65089,31373,33716,113901,54816,59085,130171,62645,67526,113897,54764,59133,65081,31372,33709,16271,7722,8549,
81380,65093,31373,33720,113908,54822,59086,130179,62649,67530,113904,54770,59134,65085,31373,33712,16272,7723,8549,
81385,65097,31373,33724,113915,54824,59091,130187,62651,67536,113911,54772,59139,65089,31375,33714,16273,7723,8550,
81390,65101,31376,33725,113922,54826,59096,130195,62655,67540,113918,54776,59142,65093,31377,33716,16274,7723,8551,
81395,65105,31379,33726,113929,54830,59099,130203,62657,67546,113925,54778,59147,65097,31380,33717,16275,7723,8552,
81400,65109,31382,33727,113936,54835,59101,130211,62662,67549,113932,54779,59153,65101,31381,33720,16276,7724,8552,
81405,65113,31383,33730,113943,54837,59106,130219,62666,67553,113939,54782,59157,65105,31384,33721,16277,7724,8553,
81410,65117,31384,33733,113950,54839,59111,130227,62670,67557,113946,54786,59160,65109,31386,33723,16278,7724,8554,
81415,65121,31386,33735,113957,54841,59116,130235,62672,67563,113953,54790,59163,65113,31387,33726,16279,7724,8555,
81420,65125,31388,33737,113964,54844,59120,130243,62675,67568,113960,54796,59164,65117,31389,33728,16280,7724,8556,
81425,65129,31391,33738,113971,54846,59125,130251,62679,67572,113967,54801,59166,65121,31392,33729,16281,7724,8557,
81430,65133,31393,33740,113978,54849,59129,130259,62684,67575,113974,54804,59170,65125,31394,33731,16282,7724,8558,
81435,65137,31394,33743,113985,54853,59132,130267,62690,67577,113981,54809,59172,65129,31396,33733,16283,7725,8558,
81440,65141,31396,33745,113992,54855,59137,130275,62696,67579,113988,54813,59175,65133,31399,33734,16284,7725,8559,
81445,65145,31397,33748,113999,54859,59140,130283,62701,67582,113995,54818,59177,65137,31401,33736,16285,7725,8560,
81450,65149,31398,33751,114006,54861,59145,130291,62704,67587,114002,54822,59180,65141,31404,33737,16286,7726,8560,
81455,65153,31399,33754,114013,54863,59150,130299,62708,67591,114009,54826,59183,65145,31406,33739,16287,7727,8560,
81460,65157,31400,33757,114020,54865,59155,130307,62712,67595,114016,54828,59188,65149,31407,33742,16288,7727,8561,
81465,65161,31401,33760,114027,54868,59159,130315,62716,67599,114023,54831,59192,65153,31409,33744,16289,7727,8562,
81470,65165,31402,33763,114034,54871,59163,130323,62720,67603,114030,54832,59198,65157,31412,33745,16290,7727,8563,
81475,65169,31403,33766,114041,54874,59167,130331,62724,67607,114037,54835,59202,65161,31412,33749,16291,7727,8564,
81480,65173,31406,33767,114048,54878,59170,130339,62728,67611,114044,54839,59205,65165,31413,33752,16292,7727,8565,
81485,65177,31408,33769,114055,54882,59173,130347,62731,67616,114051,54841,59210,65169,31416,33753,16293,7728,8565,
81490,65181,31409,33772,114062,54886,59176,130355,62734,67621,114058,54844,59214,65173,31417,33756,16294,7728,8566,
81495,65185,31411,33774,114069,54890,59179,130363,62739,67624,114065,54847,59218,65177,31417,33760,16295,7728,8567,
81500,65189,31414,33775,114076,54895,59181,130371,62743,67628,114072,54850,59222,65181,31420,33761,16296,7729,8567,
81505,65193,31415,33778,114083,54899,59184,130379,62747,67632,114079,54853,59226,65185,31423,33762,16297,7729,8568,
81510,65197,31418,33779,114090,54903,59187,130387,62749,67638,114086,54857,59229,65189,31425,33764,16298,7730,8568,
81515,65201,31420,33781,114097,54906,59191,130395,62752,67643,114093,54862,59231,65193,31425,33768,16299,7730,8569,
81520,65205,31422,33783,114104,54909,59195,130403,62756,67647,114100,54866,59234,65197,31427,33770,16300,7730,8570,
81525,65209,31424,33785,114111,54913,59198,130411,62762,67649,114107,54869,59238,65201,31428,33773,16301,7731,8570,
81530,65213,31426,33787,114118,54917,59201,130419,62763,67656,114114,54873,59241,65205,31429,33776,16302,7731,8571,
81535,65217,31427,33790,114125,54919,59206,130427,62765,67662,114121,54875,59246,65209,31430,33779,16303,7732,8571,
81540,65221,31430,33791,114132,54921,59211,130435,62770,67665,114128,54876,59252,65213,31430,33783,16304,7732,8572,
81545,65225,31432,33793,114139,54923,59216,130443,62773,67670,114135,54879,59256,65217,31432,33785,16305,7733,8572,
81550,65229,31434,33795,114146,54928,59218,130451,62777,67674,114142,54882,59260,65221,31434,33787,16306,7734,8572,
81555,65233,31435,33798,114153,54932,59221,130459,62781,67678,114149,54886,59263,65225,31438,33787,16307,7735,8572,
81560,65237,31436,33801,114160,54935,59225,130467,62784,67683,114156,54890,59266,65229,31441,33788,16308,7735,8573,
81565,65241,31438,33803,114167,54938,59229,130475,62789,67686,114163,54894,59269,65233,31445,33788,16309,7735,8574,
81570,65245,31440,33805,114174,54944,59230,130483,62794,67689,114170,54898,59272,65237,31447,33790,16310,7736,8574,
81575,65249,31441,33808,114181,54948,59233,130491,62797,67694,114177,54900,59277,65241,31450,33791,16311,7736,8575,
81580,65253,31441,33812,114188,54951,59237,130499,62804,67695,114184,54902,59282,65245,31452,33793,16312,7736,8576,
81585,65257,31444,33813,114195,54955,59240,130507,62808,67699,114191,54905,59286,65249,31454,33795,16313,7736,8577,
81590,65261,31445,33816,114202,54960,59242,130515,62813,67702,114198,54908,59290,65253,31456,33797,16314,7737,8577,
81595,65265,31447,33818,114209,54965,59244,130523,62817,67706,114205,54914,59291,65257,31459,33798,16315,7738,8577,
81600,65269,31449,33820,114216,54970,59246,130531,62823,67708,114212,54917,59295,65261,31461,33800,16316,7738,8578,
81605,65273,31452,33821,114223,54972,59251,130539,62828,67711,114219,54922,59297,65265,31465,33800,16317,7738,8579,
81610,65277,31455,33822,114230,54976,59254,130547,62831,67716,114226,54924,59302,65269,31467,33802,16318,7738,8580,
81615,65281,31457,33824,114237,54980,59257,130555,62835,67720,114233,54926,59307,65273,31470,33803,16319,7738,8581,
81620,65285,31457,33828,114244,54984,59260,130563,62837,67726,114240,54930,59310,65277,31470,33807,16320,7739,8581,
81625,65289,31460,33829,114251,54988,59263,130571,62841,67730,114247,54934,59313,65281,31474,33807,16321,7739,8582,
81630,65293,31462,33831,114258,54991,59267,130579,62845,67734,114254,54938,59316,65285,31477,33808,16322,7740,8582,
81635,65297,31463,33834,114265,54994,59271,130587,62848,67739,114261,54940,59321,65289,31479,33810,16323,7740,8583,
81640,65301,31464,33837,114272,54995,59277,130595,62852,67743,114268,54943,59325,65293,31479,33814,16324,7740,8584,
81645,65305,31467,33838,114279,54997,59282,130603,62856,67747,114275,54945,59330,65297,31481,33816,16325,7740,8585,
81650,65309,31470,33839,114286,55001,59285,130611,62859,67752,114282,54950,59332,65301,31482,33819,16326,7740,8586,
81655,65313,31471,33842,114293,55005,59288,130619,62864,67755,114289,54952,59337,65305,31484,33821,16327,7740,8587,
81660,65317,31473,33844,114300,55009,59291,130627,62867,67760,114296,54953,59343,65309,31485,33824,16328,7740,8588,
81665,65321,31476,33845,114307,55012,59295,130635,62871,67764,114303,54956,59347,65313,31487,33826,16329,7740,8589,
81670,65325,31478,33847,114314,55018,59296,130643,62872,67771,114310,54960,59350,65317,31490,33827,16330,7740,8590,
81675,65329,31480,33849,114321,55019,59302,130651,62876,67775,114317,54964,59353,65321,31494,33827,16331,7741,8590,
81680,65333,31482,33851,114328,55021,59307,130659,62881,67778,114324,54970,59354,65325,31496,33829,16332,7742,8590,
81685,65337,31483,33854,114335,55025,59310,130667,62882,67785,114331,54974,59357,65329,31498,33831,16333,7742,8591,
81690,65341,31486,33855,114342,55029,59313,130675,62884,67791,114338,54977,59361,65333,31500,33833,16334,7742,8592,
81695,65345,31489,33856,114349,55032,59317,130683,62885,67798,114345,54982,59363,65337,31502,33835,16335,7742,8593,
81700,65349,31491,33858,114356,55035,59321,130691,62889,67802,114352,54984,59368,65341,31506,33835,16336,7743,8593,
81705,65353,31492,33861,114363,55038,59325,130699,62892,67807,114359,54988,59371,65345,31507,33838,16337,7744,8593,
81710,65357,31494,33863,114370,55038,59332,130707,62896,67811,114366,54991,59375,65349,31510,33839,16338,7745,8593,
81715,65361,31498,33863,114377,55042,59335,130715,62898,67817,114373,54992,59381,65353,31512,33841,16339,7745,8594,
81720,65365,31500,33865,114384,55045,59339,130723,62902,67821,114380,54996,59384,65357,31515,33842,16340,7746,8594,
81725,65369,31503,33866,114391,55048,59343,130731,62906,67825,114387,54997,59390,65361,31518,33843,16341,7746,8595,
81730,65373,31503,33870,114398,55052,59346,130739,62911,67828,114394,54999,59395,65365,31520,33845,16342,7747,8595,
81735,65377,31505,33872,114405,55055,59350,130747,62915,67832,114401,55002,59399,65369,31522,33847,16343,7748,8595,
81740,65381,31507,33874,114412,55057,59355,130755,62918,67837,114408,55007,59401,65373,31523,33850,16344,7749,8595,
81745,65385,31508,33877,114419,55062,59357,130763,62922,67841,114415,55009,59406,65377,31524,33853,16345,7750,8595,
81750,65389,31511,33878,114426,55066,59360,130771,62928,67843,114422,55012,59410,65381,31526,33855,16346,7751,8595,
81755,65393,31511,33882,114433,55072,59361,130779,62931,67848,114429,55016,59413,65385,31528,33857,16347,7751,8596,
81760,65397,31513,33884,114440,55075,59365,130787,62937,67850,114436,55020,59416,65389,31532,33857,16348,7751,8597,
81765,65401,31514,33887,114447,55078,59369,130795,62941,67854,114443,55024,59419,65393,31534,33859,16349,7751,8598,
81770,65405,31515,33890,114454,55082,59372,130803,62945,67858,114450,55027,59423,65397,31536,33861,16350,7751,8599,
81775,65409,31517,33892,114461,55086,59375,130811,62947,67864,114457,55028,59429,65401,31539,33862,16351,7752,8599,
81780,65413,31521,33892,114468,55089,59379,130819,62949,67870,114464,55032,59432,65405,31542,33863,16352,7752,8600,
81785,65417,31523,33894,114475,55094,59381,130827,62953,67874,114471,55036,59435,65409,31544,33865,16353,7752,8601,
81790,65421,31525,33896,114482,55097,59385,130835,62957,67878,114478,55038,59440,65413,31547,33866,16354,7752,8602,
81795,65425,31527,33898,114489,55098,59391,130843,62959,67884,114485,55043,59442,65417,31549,33868,16355,7753,8602,
81800,65429,31530,33899,114496,55099,59397,130851,62963,67888,114492,55048,59444,65421,31553,33868,16356,7754,8602,
81805,65433,31532,33901,114503,55103,59400,130859,62969,67890,114499,55052,59447,65425,31554,33871,16357,7754,8603,
81810,65437,31535,33902,114510,55105,59405,130867,62973,67894,114506,55055,59451,65429,31557,33872,16358,7754,8604,
81815,65441,31537,33904,114517,55108,59409,130875,62980,67895,114513,55060,59453,65433,31560,33873,16359,7754,8605,
81820,65445,31539,33906,114524,55109,59415,130883,62985,67898,114520,55065,59455,65437,31562,33875,16360,7754,8606,
81825,65449,31540,33909,114531,55113,59418,130891,62988,67903,114527,55067,59460,65441,31564,33877,16361,7754,8607,
81830,65453,31542,33911,114538,55115,59423,130899,62990,67909,114534,55069,59465,65445,31567,33878,16362,7754,8608,
81835,65457,31544,33913,114545,55116,59429,130907,62991,67916,114541,55072,59469,65449,31570,33879,16363,7754,8609,
81840,65461,31545,33916,114552,55119,59433,130915,62994,67921,114548,55075,59473,65453,31573,33880,16364,7755,8609,
81845,65465,31545,33920,114559,55121,59438,130923,62997,67926,114555,55079,59476,65457,31574,33883,16365,7755,8610,
81850,65469,31547,33922,114566,55124,59442,130931,63000,67931,114562,55081,59481,65461,31578,33883,16366,7756,8610,
81855,65473,31548,33925,114573,55128,59445,130939,63005,67934,114569,55083,59486,65465,31578,33887,16367,7756,8611,
81860,65477,31550,33927,114580,55131,59449,130947,63010,67937,114576,55086,59490,65469,31580,33889,16368,7757,8611,
81865,65481,31550,33931,114587,55137,59450,130955,63013,67942,114583,55089,59494,65473,31582,33891,16369,7757,8612,
81870,65485,31551,33934,114594,55143,59451,130963,63017,67946,114590,55092,59498,65477,31584,33893,16370,7758,8612,
81875,65489,31554,33935,114601,55147,59454,130971,63021,67950,114597,55094,59503,65481,31586,33895,16371,7758,8613,
81880,65493,31556,33937,114608,55150,59458,130979,63023,67956,114604,55095,59509,65485,31586,33899,16372,7758,8614,
81885,65497,31557,33940,114615,55154,59461,130987,63029,67958,114611,55100,59511,65489,31589,33900,16373,7759,8614,
81890,65501,31559,33942,114622,55155,59467,130995,63033,67962,114618,55101,59517,65493,31591,33902,16374,7760,8614,
81895,65505,31561,33944,114629,55158,59471,131003,63038,67965,114625,55102,59523,65497,31593,33904,16375,7761,8614,
81900,65509,31562,33947,114636,55161,59475,131011,63043,67968,114632,55106,59526,65501,31594,33907,16376,7762,8614,
81905,65513,31565,33948,114643,55163,59480,131019,63047,67972,114639,55111,59528,65505,31597,33908,16377,7762,8615,
81910,65517,31568,33949,114650,55166,59484,131027,63050,67977,114646,55115,59531,65509,31599,33910,16378,7763,8615,
81915,65521,31570,33951,114657,55170,59487,131035,63053,67982,114653,55119,59534,65513,31602,33911,16379,7764,8615,
81920,65525,31572,33953,114664,55175,59489,131043,63056,67987,114660,55120,59540,65517,31604,33913,16380,7765,8615,
81925,65529,31575,33954,114671,55178,59493,131051,63059,67992,114667,55123,59544,65521,31606,33915,16381,7765,8616,
81930,65533,31577,33956,114678,55181,59497,131059,63065,67994,114674,55126,59548,65525,31607,33918,16382,7765,8617,
81935,65537,31580,33957,114685,55185,59500,131067,63069,67998,114681,55126,59555,65529,31609,33920,16383,7765,8618,
81940,65541,31583,33958,114692,55187,59505,131075,63072,68003,114688,55130,59558,65533,31611,33922,16384,7765,8619,
81945,65545,31586,33959,114699,55189,59510,131083,63075,68008,114695,55133,59562,65537,31613,33924,16385,7766,8619,
81950,65549,31588,33961,114706,55193,59513,131091,63082,68009,114702,55136,59566,65541,31614,33927,16386,7767,8619,
81955,65553,31590,33963,114713,55197,59516,131099,63086,68013,114709,55137,59572,65545,31616,33929,16387,7768,8619,
81960,65557,31591,33966,114720,55201,59519,131107,63089,68018,114716,55139,59577,65549,31617,33932,16388,7769,8619,
81965,65561,31591,33970,114727,55205,59522,131115,63090,68025,114723,55142,59581,65553,31618,33935,16389,7769,8620,
81970,65565,31595,33970,114734,55209,59525,131123,63095,68028,114730,55147,59583,65557,31620,33937,16390,7769,8621,
81975,65569,31598,33971,114741,55211,59530,131131,63101,68030,114737,55150,59587,65561,31621,33940,16391,7769,8622,
81980,65573,31601,33972,114748,55216,59532,131139,63107,68032,114744,55152,59592,65565,31623,33942,16392,7770,8622,
81985,65577,31603,33974,114755,55220,59535,131147,63110,68037,114751,55154,59597,65569,31625,33944,16393,7770,8623,
81990,65581,31605,33976,114762,55223,59539,131155,63112,68043,114758,55157,59601,65573,31628,33945,16394,7771,8623,
81995,65585,31607,33978,114769,55225,59544,131163,63118,68045,114765,55162,59603,65577,31629,33948,16395,7771,8624,
82000,65589,31608,33981,114776,55229,59547,131171,63122,68049,114772,55165,59607,65581,31631,33950,16396,7771,8625,
82005,65593,31611,33982,114783,55232,59551,131179,63127,68052,114779,55167,59612,65585,31633,33952,16397,7771,8626,
82010,65597,31612,33985,114790,55234,59556,131187,63133,68054,114786,55171,59615,65589,31634,33955,16398,7772,8626,
82015,65601,31613,33988,114797,55239,59558,131195,63137,68058,114793,55173,59620,65593,31638,33955,16399,7773,8626,
82020,65605,31615,33990,114804,55243,59561,131203,63142,68061,114800,55179,59621,65597,31641,33956,16400,7774,8626,
82025,65609,31617,33992,114811,55246,59565,131211,63145,68066,114807,55181,59626,65601,31641,33960,16401,7774,8627,
82030,65613,31619,33994,114818,55249,59569,131219,63149,68070,114814,55186,59628,65605,31643,33962,16402,7774,8628,
82035,65617,31620,33997,114825,55253,59572,131227,63155,68072,114821,55189,59632,65609,31644,33965,16403,7775,8628,
82040,65621,31624,33997,114832,55258,59574,131235,63161,68074,114828,55193,59635,65613,31644,33969,16404,7776,8628,
82045,65625,31625,34000,114839,55260,59579,131243,63164,68079,114835,55195,59640,65617,31645,33972,16405,7777,8628,
82050,65629,31627,34002,114846,55264,59582,131251,63166,68085,114842,55199,59643,65621,31648,33973,16406,7777,8629,
82055,65633,31629,34004,114853,55268,59585,131259,63171,68088,114849,55203,59646,65625,31652,33973,16407,7778,8629,
82060,65637,31632,34005,114860,55273,59587,131267,63174,68093,114856,55205,59651,65629,31654,33975,16408,7778,8630,
82065,65641,31632,34009,114867,55275,59592,131275,63177,68098,114863,55209,59654,65633,31656,33977,16409,7779,8630,
82070,65645,31632,34013,114874,55276,59598,131283,63182,68101,114870,55210,59660,65637,31656,33981,16410,7779,8631,
82075,65649,31634,34015,114881,55280,59601,131291,63187,68104,114877,55213,59664,65641,31658,33983,16411,7780,8631,
82080,65653,31636,34017,114888,55283,59605,131299,63192,68107,114884,55217,59667,65645,31660,33985,16412,7781,8631,
82085,65657,31638,34019,114895,55286,59609,131307,63195,68112,114891,55223,59668,65649,31663,33986,16413,7781,8632,
82090,65661,31639,34022,114902,55289,59613,131315,63199,68116,114898,55227,59671,65653,31665,33988,16414,7782,8632,
82095,65665,31642,34023,114909,55294,59615,131323,63202,68121,114905,55230,59675,65657,31667,33990,16415,7783,8632,
82100,65669,31644,34025,114916,55296,59620,131331,63204,68127,114912,55236,59676,65661,31670,33991,16416,7783,8633,
82105,65673,31645,34028,114923,55300,59623,131339,63207,68132,114919,55241,59678,65665,31673,33992,16417,7783,8634,
82110,65677,31647,34030,114930,55304,59626,131347,63209,68138,114926,55244,59682,65669,31673,33996,16418,7783,8635,
82115,65681,31649,34032,114937,55307,59630,131355,63213,68142,114933,55248,59685,65673,31676,33997,16419,7783,8636,
82120,65685,31652,34033,114944,55309,59635,131363,63216,68147,114940,55251,59689,65677,31678,33999,16420,7783,8637,
82125,65689,31653,34036,114951,55313,59638,131371,63220,68151,114947,55256,59691,65681,31679,34002,16421,7783,8638,
82130,65693,31655,34038,114958,55318,59640,131379,63223,68156,114954,55259,59695,65685,31681,34004,16422,7784,8638,
82135,65697,31655,34042,114965,55323,59642,131387,63227,68160,114961,55264,59697,65689,31685,34004,16423,7785,8638,
82140,65701,31658,34043,114972,55329,59643,131395,63232,68163,114968,55268,59700,65693,31688,34005,16424,7785,8639,
82145,65705,31660,34045,114979,55332,59647,131403,63235,68168,114975,55271,59704,65697,31690,34007,16425,7785,8640,
82150,65709,31661,34048,114986,55339,59647,131411,63240,68171,114982,55274,59708,65701,31692,34009,16426,7785,8641,
82155,65713,31663,34050,114993,55344,59649,131419,63243,68176,114989,55277,59712,65705,31692,34013,16427,7785,8642,
82160,65717,31664,34053,115000,55347,59653,131427,63246,68181,114996,55280,59716,65709,31694,34015,16428,7785,8643,
82165,65721,31667,34054,115007,55349,59658,131435,63250,68185,115003,55284,59719,65713,31697,34016,16429,7785,8644,
82170,65725,31668,34057,115014,55354,59660,131443,63252,68191,115010,55288,59722,65717,31697,34020,16430,7786,8644,
82175,65729,31671,34058,115021,55357,59664,131451,63257,68194,115017,55292,59725,65721,31698,34023,16431,7786,8645,
82180,65733,31674,34059,115028,55360,59668,131459,63260,68199,115024,55293,59731,65725,31700,34025,16432,7787,8645,
82185,65737,31676,34061,115035,55365,59670,131467,63265,68202,115031,55298,59733,65729,31702,34027,16433,7787,8646,
82190,65741,31677,34064,115042,55368,59674,131475,63271,68204,115038,55300,59738,65733,31704,34029,16434,7787,8647,
82195,65745,31679,34066,115049,55372,59677,131483,63273,68210,115045,55303,59742,65737,31706,34031,16435,7787,8648,
82200,65749,31679,34070,115056,55375,59681,131491,63278,68213,115052,55307,59745,65741,31708,34033,16436,7787,8649,
82205,65753,31682,34071,115063,55377,59686,131499,63281,68218,115059,55310,59749,65745,31710,34035,16437,7787,8650,
82210,65757,31683,34074,115070,55382,59688,131507,63282,68225,115066,55313,59753,65749,31711,34038,16438,7787,8651,
82215,65761,31685,34076,115077,55385,59692,131515,63285,68230,115073,55316,59757,65753,31712,34041,16439,7788,8651,
82220,65765,31686,34079,115084,55389,59695,131523,63291,68232,115080,55321,59759,65757,31714,34043,16440,7788,8652,
82225,65769,31688,34081,115091,55392,59699,131531,63296,68235,115087,55326,59761,65761,31717,34044,16441,7789,8652,
82230,65773,31688,34085,115098,55396,59702,131539,63301,68238,115094,55329,59765,65765,31720,34045,16442,7789,8653,
82235,65777,31689,34088,115105,55399,59706,131547,63302,68245,115101,55331,59770,65769,31723,34046,16443,7790,8653,
82240,65781,31689,34092,115112,55404,59708,131555,63306,68249,115108,55335,59773,65773,31726,34047,16444,7790,8654,
82245,65785,31693,34092,115119,55405,59714,131563,63308,68255,115115,55336,59779,65777,31728,34049,16445,7791,8654,
82250,65789,31694,34095,115126,55408,59718,131571,63310,68261,115122,55339,59783,65781,31729,34052,16446,7791,8655,
82255,65793,31695,34098,115133,55412,59721,131579,63314,68265,115129,55341,59788,65785,31731,34054,16447,7792,8655,
82260,65797,31698,34099,115140,55416,59724,131587,63317,68270,115136,55346,59790,65789,31734,34055,16448,7792,8656,
82265,65801,31701,34100,115147,55422,59725,131595,63318,68277,115143,55351,59792,65793,31737,34056,16449,7793,8656,
82270,65805,31702,34103,115154,55425,59729,131603,63322,68281,115150,55355,59795,65797,31740,34057,16450,7793,8657,
82275,65809,31703,34106,115161,55429,59732,131611,63327,68284,115157,55357,59800,65801,31743,34058,16451,7793,8658,
82280,65813,31706,34107,115168,55432,59736,131619,63329,68290,115164,55363,59801,65805,31745,34060,16452,7794,8658,
82285,65817,31708,34109,115175,55437,59738,131627,63331,68296,115171,55365,59806,65809,31748,34061,16453,7794,8659,
82290,65821,31710,34111,115182,55440,59742,131635,63334,68301,115178,55369,59809,65813,31751,34062,16454,7794,8660,
82295,65825,31713,34112,115189,55444,59745,131643,63337,68306,115185,55372,59813,65817,31752,34065,16455,7795,8660,
82300,65829,31716,34113,115196,55447,59749,131651,63340,68311,115192,55376,59816,65821,31755,34066,16456,7795,8661,
82305,65833,31717,34116,115203,55449,59754,131659,63342,68317,115199,55380,59819,65825,31756,34069,16457,7795,8662,
82310,65837,31718,34119,115210,55451,59759,131667,63344,68323,115206,55385,59821,65829,31759,34070,16458,7796,8662,
82315,65841,31721,34120,115217,55455,59762,131675,63347,68328,115213,55388,59825,65833,31761,34072,16459,7797,8662,
82320,65845,31722,34123,115224,55458,59766,131683,63352,68331,115220,55393,59827,65837,31762,34075,16460,7798,8662,
82325,65849,31724,34125,115231,55461,59770,131691,63355,68336,115227,55398,59829,65841,31764,34077,16461,7799,8662,
82330,65853,31725,34128,115238,55466,59772,131699,63358,68341,115234,55403,59831,65845,31768,34077,16462,7799,8663,
82335,65857,31726,34131,115245,55469,59776,131707,63363,68344,115241,55408,59833,65849,31770,34079,16463,7800,8663,
82340,65861,31729,34132,115252,55472,59780,131715,63365,68350,115248,55413,59835,65853,31771,34082,16464,7800,8664,
82345,65865,31732,34133,115259,55477,59782,131723,63370,68353,115255,55416,59839,65857,31774,34083,16465,7800,8665,
82350,65869,31734,34135,115266,55482,59784,131731,63375,68356,115262,55419,59843,65861,31776,34085,16466,7801,8665,
82355,65873,31736,34137,115273,55485,59788,131739,63380,68359,115269,55421,59848,65865,31778,34087,16467,7802,8665,
82360,65877,31737,34140,115280,55489,59791,131747,63384,68363,115276,55426,59850,65869,31781,34088,16468,7803,8665,
82365,65881,31738,34143,115287,55493,59794,131755,63386,68369,115283,55430,59853,65873,31782,34091,16469,7803,8666,
82370,65885,31740,34145,115294,55496,59798,131763,63389,68374,115290,55435,59855,65877,31785,34092,16470,7803,8667,
82375,65889,31742,34147,115301,55497,59804,131771,63393,68378,115297,55440,59857,65881,31788,34093,16471,7804,8667,
82380,65893,31744,34149,115308,55503,59805,131779,63398,68381,115304,55445,59859,65885,31790,34095,16472,7805,8667,
82385,65897,31747,34150,115315,55506,59809,131787,63399,68388,115311,55449,59862,65889,31791,34098,16473,7806,8667,
82390,65901,31748,34153,115322,55508,59814,131795,63403,68392,115318,55455,59863,65893,31793,34100,16474,7807,8667,
82395,65905,31750,34155,115329,55510,59819,131803,63407,68396,115325,55460,59865,65897,31795,34102,16475,7807,8668,
82400,65909,31751,34158,115336,55514,59822,131811,63409,68402,115332,55464,59868,65901,31796,34105,16476,7808,8668,
82405,65913,31752,34161,115343,55519,59824,131819,63414,68405,115339,55468,59871,65905,31796,34109,16477,7809,8668,
82410,65917,31754,34163,115350,55523,59827,131827,63417,68410,115346,55471,59875,65909,31799,34110,16478,7809,8669,
82415,65921,31755,34166,115357,55526,59831,131835,63421,68414,115353,55477,59876,65913,31801,34112,16479,7810,8669,
82420,65925,31755,34170,115364,55527,59837,131843,63426,68417,115360,55479,59881,65917,31805,34112,16480,7811,8669,
82425,65929,31757,34172,115371,55529,59842,131851,63430,68421,115367,55483,59884,65921,31805,34116,16481,7811,8670,
82430,65933,31759,34174,115378,55532,59846,131859,63432,68427,115374,55485,59889,65925,31807,34118,16482,7812,8670,
82435,65937,31759,34178,115385,55535,59850,131867,63434,68433,115381,55488,59893,65929,31808,34121,16483,7813,8670,
82440,65941,31762,34179,115392,55541,59851,131875,63438,68437,115388,55493,59895,65933,31809,34124,16484,7813,8671,
82445,65945,31764,34181,115399,55546,59853,131883,63442,68441,115395,55495,59900,65937,31811,34126,16485,7813,8672,
82450,65949,31768,34181,115406,55552,59854,131891,63447,68444,115402,55499,59903,65941,31814,34127,16486,7813,8673,
82455,65953,31768,34185,115413,55552,59861,131899,63452,68447,115409,55504,59905,65945,31814,34131,16487,7813,8674,
82460,65957,31770,34187,115420,55554,59866,131907,63457,68450,115416,55506,59910,65949,31815,34134,16488,7814,8674,
82465,65961,31770,34191,115427,55558,59869,131915,63462,68453,115423,55508,59915,65953,31817,34136,16489,7815,8674,
82470,65965,31772,34193,115434,55562,59872,131923,63465,68458,115430,55512,59918,65957,31818,34139,16490,7816,8674,
82475,65969,31773,34196,115441,55564,59877,131931,63468,68463,115437,55515,59922,65961,31821,34140,16491,7816,8675,
82480,65973,31776,34197,115448,55566,59882,131939,63472,68467,115444,55517,59927,65965,31823,34142,16492,7817,8675,
82485,65977,31778,34199,115455,55569,59886,131947,63476,68471,115451,55520,59931,65969,31824,34145,16493,7818,8675,
82490,65981,31779,34202,115462,55569,59893,131955,63477,68478,115458,55524,59934,65973,31826,34147,16494,7818,8676,
82495,65985,31782,34203,115469,55574,59895,131963,63481,68482,115465,55526,59939,65977,31827,34150,16495,7819,8676,
82500,65989,31783,34206,115476,55579,59897,131971,63487,68484,115472,55529,59943,65981,31829,34152,16496,7820,8676,
82505,65993,31785,34208,115483,55582,59901,131979,63488,68491,115479,55535,59944,65985,31830,34155,16497,7820,8677,
82510,65997,31786,34211,115490,55585,59905,131987,63494,68493,115486,55536,59950,65989,31832,34157,16498,7821,8677,
82515,66001,31789,34212,115497,55588,59909,131995,63499,68496,115493,55539,59954,65993,31833,34160,16499,7822,8677,
82520,66005,31792,34213,115504,55590,59914,132003,63501,68502,115500,55544,59956,65997,31834,34163,16500,7822,8678,
82525,66009,31793,34216,115511,55595,59916,132011,63503,68508,115507,55548,59959,66001,31837,34164,16501,7823,8678,
82530,66013,31794,34219,115518,55596,59922,132019,63506,68513,115514,55548,59966,66005,31841,34164,16502,7823,8679,
82535,66017,31796,34221,115525,55601,59924,132027,63509,68518,115521,55550,59971,66009,31845,34164,16503,7824,8679,
82540,66021,31797,34224,115532,55604,59928,132035,63512,68523,115528,55554,59974,66013,31846,34167,16504,7825,8679,
82545,66025,31800,34225,115539,55608,59931,132043,63515,68528,115535,55557,59978,66017,31849,34168,16505,7826,8679,
82550,66029,31803,34226,115546,55611,59935,132051,63517,68534,115542,55559,59983,66021,31852,34169,16506,7827,8679,
82555,66033,31806,34227,115553,55614,59939,132059,63522,68537,115549,55563,59986,66025,31854,34171,16507,7828,8679,
82560,66037,31809,34228,115560,55619,59941,132067,63527,68540,115556,55567,59989,66029,31858,34171,16508,7828,8680,
82565,66041,31810,34231,115567,55623,59944,132075,63533,68542,115563,55572,59991,66033,31859,34174,16509,7828,8681,
82570,66045,31810,34235,115574,55628,59946,132083,63535,68548,115570,55575,59995,66037,31860,34177,16510,7828,8682,
82575,66049,31812,34237,115581,55629,59952,132091,63539,68552,115577,55581,59996,66041,31862,34179,16511,7829,8682,
82580,66053,31813,34240,115588,55631,59957,132099,63545,68554,115584,55584,60000,66045,31863,34182,16512,7829,8683,
82585,66057,31815,34242,115595,55635,59960,132107,63547,68560,115591,55589,60002,66049,31864,34185,16513,7829,8684,
82590,66061,31818,34243,115602,55635,59967,132115,63549,68566,115598,55591,60007,66053,31866,34187,16514,7829,8685,
82595,66065,31820,34245,115609,55637,59972,132123,63552,68571,115605,55595,60010,66057,31867,34190,16515,7830,8685,
82600,66069,31824,34245,115616,55638,59978,132131,63558,68573,115612,55599,60013,66061,31868,34193,16516,7830,8686,
82605,66073,31827,34246,115623,55642,59981,132139,63561,68578,115619,55600,60019,66065,31870,34195,16517,7831,8686,
82610,66077,31828,34249,115630,55644,59986,132147,63566,68581,115626,55604,60022,66069,31871,34198,16518,7832,8686,
82615,66081,31831,34250,115637,55647,59990,132155,63569,68586,115633,55607,60026,66073,31873,34200,16519,7832,8687,
82620,66085,31833,34252,115644,55648,59996,132163,63571,68592,115640,55608,60032,66077,31874,34203,16520,7833,8687,
82625,66089,31835,34254,115651,55650,60001,132171,63577,68594,115647,55609,60038,66081,31875,34206,16521,7834,8687,
82630,66093,31837,34256,115658,55654,60004,132179,63578,68601,115654,55610,60044,66085,31878,34207,16522,7835,8687,
82635,66097,31839,34258,115665,55657,60008,132187,63580,68607,115661,55613,60048,66089,31882,34207,16523,7836,8687,
82640,66101,31841,34260,115672,55662,60010,132195,63583,68612,115668,55615,60053,66093,31885,34208,16524,7836,8688,
82645,66105,31842,34263,115679,55666,60013,132203,63588,68615,115675,55618,60057,66097,31886,34211,16525,7837,8688,
82650,66109,31843,34266,115686,55670,60016,132211,63590,68621,115682,55620,60062,66101,31888,34213,16526,7837,8689,
82655,66113,31844,34269,115693,55672,60021,132219,63594,68625,115689,55625,60064,66105,31889,34216,16527,7837,8690,
82660,66117,31848,34269,115700,55673,60027,132227,63598,68629,115696,55629,60067,66109,31889,34220,16528,7838,8690,
82665,66121,31849,34272,115707,55677,60030,132235,63601,68634,115703,55631,60072,66113,31891,34222,16529,7838,8691,
82670,66125,31852,34273,115714,55678,60036,132243,63605,68638,115710,55633,60077,66117,31893,34224,16530,7838,8692,
82675,66129,31855,34274,115721,55683,60038,132251,63608,68643,115717,55640,60077,66121,31894,34227,16531,7838,8693,
82680,66133,31857,34276,115728,55686,60042,132259,63612,68647,115724,55644,60080,66125,31897,34228,16532,7839,8693,
82685,66137,31860,34277,115735,55690,60045,132267,63615,68652,115731,55646,60085,66129,31898,34231,16533,7840,8693,
82690,66141,31861,34280,115742,55692,60050,132275,63619,68656,115738,55649,60089,66133,31901,34232,16534,7841,8693,
82695,66145,31864,34281,115749,55697,60052,132283,63623,68660,115745,55650,60095,66137,31902,34235,16535,7842,8693,
82700,66149,31865,34284,115756,55698,60058,132291,63626,68665,115752,55654,60098,66141,31906,34235,16536,7843,8693,
82705,66153,31867,34286,115763,55704,60059,132299,63633,68666,115759,55655,60104,66145,31909,34236,16537,7844,8693,
82710,66157,31868,34289,115770,55705,60065,132307,63635,68672,115766,55660,60106,66149,31911,34238,16538,7845,8693,
82715,66161,31869,34292,115777,55708,60069,132315,63638,68677,115773,55665,60108,66153,31914,34239,16539,7846,8693,
82720,66165,31873,34292,115784,55712,60072,132323,63642,68681,115780,55669,60111,66157,31914,34243,16540,7846,8694,
82725,66169,31873,34296,115791,55714,60077,132331,63645,68686,115787,55671,60116,66161,31916,34245,16541,7846,8695,
82730,66173,31875,34298,115798,55717,60081,132339,63648,68691,115794,55675,60119,66165,31916,34249,16542,7847,8695,
82735,66177,31878,34299,115805,55719,60086,132347,63650,68697,115801,55679,60122,66169,31917,34252,16543,7847,8696,
82740,66181,31880,34301,115812,55721,60091,132355,63655,68700,115808,55683,60125,66173,31918,34255,16544,7847,8697,
82745,66185,31881,34304,115819,55722,60097,132363,63660,68703,115815,55685,60130,66177,31921,34256,16545,7847,8698,
82750,66189,31884,34305,115826,55727,60099,132371,63664,68707,115822,55688,60134,66181,31922,34259,16546,7847,8699,
82755,66193,31886,34307,115833,55730,60103,132379,63670,68709,115829,55691,60138,66185,31925,34260,16547,7848,8699,
82760,66197,31890,34307,115840,55733,60107,132387,63675,68712,115836,55692,60144,66189,31927,34262,16548,7849,8699,
82765,66201,31890,34311,115847,55735,60112,132395,63678,68717,115843,55695,60148,66193,31929,34264,16549,7850,8699,
82770,66205,31891,34314,115854,55738,60116,132403,63683,68720,115850,55699,60151,66197,31931,34266,16550,7851,8699,
82775,66209,31894,34315,115861,55743,60118,132411,63688,68723,115857,55703,60154,66201,31934,34267,16551,7851,8700,
82780,66213,31897,34316,115868,55747,60121,132419,63690,68729,115864,55707,60157,66205,31937,34268,16552,7852,8700,
82785,66217,31899,34318,115875,55750,60125,132427,63692,68735,115871,55711,60160,66209,31939,34270,16553,7852,8701,
82790,66221,31900,34321,115882,55754,60128,132435,63697,68738,115878,55714,60164,66213,31943,34270,16554,7853,8701,
82795,66225,31901,34324,115889,55759,60130,132443,63702,68741,115885,55719,60166,66217,31946,34271,16555,7854,8701,
82800,66229,31901,34328,115896,55761,60135,132451,63705,68746,115892,55722,60170,66221,31949,34272,16556,7855,8701,
82805,66233,31904,34329,115903,55767,60136,132459,63708,68751,115899,55723,60176,66225,31950,34275,16557,7855,8702,
82810,66237,31907,34330,115910,55771,60139,132467,63713,68754,115906,55727,60179,66229,31951,34278,16558,7856,8702,
82815,66241,31908,34333,115917,55774,60143,132475,63716,68759,115913,55730,60183,66233,31952,34281,16559,7857,8702,
82820,66245,31910,34335,115924,55777,60147,132483,63719,68764,115920,55735,60185,66237,31954,34283,16560,7858,8702,
82825,66249,31912,34337,115931,55778,60153,132491,63723,68768,115927,55739,60188,66241,31956,34285,16561,7859,8702,
82830,66253,31914,34339,115938,55782,60156,132499,63724,68775,115934,55742,60192,66245,31958,34287,16562,7859,8703,
82835,66257,31916,34341,115945,55783,60162,132507,63730,68777,115941,55744,60197,66249,31960,34289,16563,7860,8703,
82840,66261,31918,34343,115952,55785,60167,132515,63732,68783,115948,55747,60201,66253,31962,34291,16564,7861,8703,
82845,66265,31921,34344,115959,55786,60173,132523,63736,68787,115955,55750,60205,66257,31965,34292,16565,7862,8703,
82850,66269,31922,34347,115966,55791,60175,132531,63740,68791,115962,55754,60208,66261,31967,34294,16566,7862,8704,
82855,66273,31925,34348,115973,55796,60177,132539,63743,68796,115969,55757,60212,66265,31969,34296,16567,7863,8704,
82860,66277,31926,34351,115980,55800,60180,132547,63747,68800,115976,55762,60214,66269,31971,34298,16568,7863,8705,
82865,66281,31928,34353,115987,55805,60182,132555,63752,68803,115983,55765,60218,66273,31973,34300,16569,7863,8706,
82870,66285,31931,34354,115994,55809,60185,132563,63756,68807,115990,55768,60222,66277,31974,34303,16570,7863,8707,
82875,66289,31932,34357,116001,55811,60190,132571,63760,68811,115997,55770,60227,66281,31977,34304,16571,7864,8707,
82880,66293,31935,34358,116008,55814,60194,132579,63763,68816,116004,55770,60234,66285,31979,34306,16572,7864,8708,
82885,66297,31939,34358,116015,55817,60198,132587,63767,68820,116011,55773,60238,66289,31979,34310,16573,7864,8709,
82890,66301,31942,34359,116022,55821,60201,132595,63772,68823,116018,55776,60242,66293,31981,34312,16574,7864,8710,
82895,66305,31944,34361,116029,55826,60203,132603,63775,68828,116025,55779,60246,66297,31984,34313,16575,7864,8711,
82900,66309,31945,34364,116036,55830,60206,132611,63781,68830,116032,55781,60251,66301,31986,34315,16576,7864,8712,
82905,66313,31948,34365,116043,55834,60209,132619,63785,68834,116039,55784,60255,66305,31987,34318,16577,7864,8713,
82910,66317,31949,34368,116050,55837,60213,132627,63790,68837,116046,55787,60259,66309,31988,34321,16578,7865,8713,
82915,66321,31952,34369,116057,55838,60219,132635,63795,68840,116053,55790,60263,66313,31989,34324,16579,7865,8714,
82920,66325,31954,34371,116064,55843,60221,132643,63796,68847,116060,55793,60267,66317,31993,34324,16580,7865,8715,
82925,66329,31957,34372,116071,55846,60225,132651,63799,68852,116067,55795,60272,66321,31995,34326,16581,7866,8715,
82930,66333,31959,34374,116078,55853,60225,132659,63803,68856,116074,55797,60277,66325,31997,34328,16582,7867,8715,
82935,66337,31960,34377,116085,55859,60226,132667,63808,68859,116081,55801,60280,66329,31999,34330,16583,7867,8716,
82940,66341,31962,34379,116092,55864,60228,132675,63812,68863,116088,55804,60284,66333,32002,34331,16584,7867,8717,
82945,66345,31965,34380,116099,55867,60232,132683,63819,68864,116095,55807,60288,66337,32004,34333,16585,7868,8717,
82950,66349,31966,34383,116106,55870,60236,132691,63822,68869,116102,55812,60290,66341,32005,34336,16586,7868,8718,
82955,66353,31967,34386,116113,55875,60238,132699,63823,68876,116109,55815,60294,66345,32006,34339,16587,7869,8718,
82960,66357,31967,34390,116120,55880,60240,132707,63828,68879,116116,55817,60299,66349,32009,34340,16588,7870,8718,
82965,66361,31969,34392,116127,55884,60243,132715,63833,68882,116123,55822,60301,66353,32010,34343,16589,7870,8719,
82970,66365,31970,34395,116134,55887,60247,132723,63837,68886,116130,55827,60303,66357,32013,34344,16590,7871,8719,
82975,66369,31973,34396,116141,55892,60249,132731,63840,68891,116137,55829,60308,66361,32015,34346,16591,7871,8720,
82980,66373,31976,34397,116148,55894,60254,132739,63843,68896,116144,55830,60314,66365,32017,34348,16592,7872,8720,
82985,66377,31978,34399,116155,55897,60258,132747,63845,68902,116151,55833,60318,66369,32018,34351,16593,7872,8721,
82990,66381,31979,34402,116162,55903,60259,132755,63848,68907,116158,55837,60321,66373,32020,34353,16594,7872,8722,
82995,66385,31983,34402,116169,55907,60262,132763,63854,68909,116165,55840,60325,66377,32022,34355,16595,7873,8722,
83000,66389,31986,34403,116176,55914,60262,132771,63860,68911,116172,55842,60330,66381,32023,34358,16596,7873,8723,
83005,66393,31987,34406,116183,55916,60267,132779,63865,68914,116179,55845,60334,66385,32026,34359,16597,7873,8724,
83010,66397,31987,34410,116190,55918,60272,132787,63871,68916,116186,55849,60337,66389,32029,34360,16598,7873,8725,
83015,66401,31989,34412,116197,55921,60276,132795,63876,68919,116193,55855,60338,66393,32030,34363,16599,7874,8725,
83020,66405,31991,34414,116204,55925,60279,132803,63880,68923,116200,55858,60342,66397,32032,34365,16600,7874,8726,
83025,66409,31992,34417,116211,55926,60285,132811,63884,68927,116207,55860,60347,66401,32034,34367,16601,7875,8726,
83030,66413,31995,34418,116218,55929,60289,132819,63887,68932,116214,55865,60349,66405,32036,34369,16602,7875,8727,
83035,66417,31999,34418,116225,55932,60293,132827,63889,68938,116221,55868,60353,66409,32039,34370,16603,7875,8728,
83040,66421,32001,34420,116232,55935,60297,132835,63892,68943,116228,55872,60356,66413,32042,34371,16604,7876,8728,
83045,66425,32004,34421,116239,55940,60299,132843,63896,68947,116235,55875,60360,66417,32045,34372,16605,7876,8729,
83050,66429,32005,34424,116246,55945,60301,132851,63901,68950,116242,55878,60364,66421,32047,34374,16606,7876,8730,
83055,66433,32006,34427,116253,55947,60306,132859,63906,68953,116249,55880,60369,66425,32048,34377,16607,7877,8730,
83060,66437,32007,34430,116260,55949,60311,132867,63908,68959,116256,55885,60371,66429,32049,34380,16608,7877,8731,
83065,66441,32010,34431,116267,55953,60314,132875,63913,68962,116263,55887,60376,66433,32052,34381,16609,7877,8732,
83070,66445,32012,34433,116274,55957,60317,132883,63915,68968,116270,55894,60376,66437,32055,34382,16610,7878,8732,
83075,66449,32013,34436,116281,55959,60322,132891,63918,68973,116277,55898,60379,66441,32056,34385,16611,7879,8732,
83080,66453,32015,34438,116288,55963,60325,132899,63922,68977,116284,55901,60383,66445,32057,34388,16612,7880,8732,
83085,66457,32018,34439,116295,55966,60329,132907,63928,68979,116291,55905,60386,66449,32059,34390,16613,7880,8733,
83090,66461,32020,34441,116302,55972,60330,132915,63931,68984,116298,55907,60391,66453,32061,34392,16614,7880,8734,
83095,66465,32023,34442,116309,55975,60334,132923,63936,68987,116305,55910,60395,66457,32064,34393,16615,7880,8735,
83100,66469,32026,34443,116316,55979,60337,132931,63937,68994,116312,55914,60398,66461,32065,34396,16616,7881,8735,
83105,66473,32029,34444,116323,55981,60342,132939,63941,68998,116319,55914,60405,66465,32067,34398,16617,7882,8735,
83110,66477,32031,34446,116330,55984,60346,132947,63947,69000,116326,55918,60408,66469,32069,34400,16618,7883,8735,
83115,66481,32033,34448,116337,55986,60351,132955,63951,69004,116333,55920,60413,66473,32072,34401,16619,7884,8735,
83120,66485,32036,34449,116344,55989,60355,132963,63956,69007,116340,55924,60416,66477,32072,34405,16620,7885,8735,
83125,66489,32038,34451,116351,55993,60358,132971,63961,69010,116347,55929,60418,66481,32073,34408,16621,7886,8735,
83130,66493,32039,34454,116358,55997,60361,132979,63967,69012,116354,55934,60420,66485,32076,34409,16622,7886,8736,
83135,66497,32041,34456,116365,56000,60365,132987,63971,69016,116361,55936,60425,66489,32078,34411,16623,7887,8736,
83140,66501,32044,34457,116372,56003,60369,132995,63976,69019,116368,55938,60430,66493,32081,34412,16624,7887,8737,
83145,66505,32047,34458,116379,56007,60372,133003,63981,69022,116375,55943,60432,66497,32084,34413,16625,7887,8738,
83150,66509,32050,34459,116386,56011,60375,133011,63985,69026,116382,55948,60434,66501,32086,34415,16626,7887,8739,
83155,66513,32052,34461,116393,56014,60379,133019,63991,69028,116389,55952,60437,66505,32087,34418,16627,7888,8739,
83160,66517,32053,34464,116400,56017,60383,133027,63997,69030,116396,55955,60441,66509,32090,34419,16628,7889,8739,
83165,66521,32056,34465,116407,56021,60386,133035,64001,69034,116403,55959,60444,66513,32091,34422,16629,7890,8739,
83170,66525,32058,34467,116414,56023,60391,133043,64003,69040,116410,55960,60450,66517,32093,34424,16630,7890,8740,
83175,66529,32059,34470,116421,56028,60393,133051,64007,69044,116417,55963,60454,66521,32095,34426,16631,7890,8741,
83180,66533,32062,34471,116428,56030,60398,133059,64014,69045,116424,55965,60459,66525,32096,34429,16632,7891,8741,
83185,66537,32065,34472,116435,56033,60402,133067,64019,69048,116431,55970,60461,66529,32099,34430,16633,7892,8741,
83190,66541,32067,34474,116442,56037,60405,133075,64022,69053,116438,55974,60464,66533,32101,34432,16634,7893,8741,
83195,66545,32068,34477,116449,56040,60409,133083,64025,69058,116445,55979,60466,66537,32102,34435,16635,7893,8742,
83200,66549,32070,34479,116456,56041,60415,133091,64028,69063,116452,55984,60468,66541,32103,34438,16636,7894,8742,
83205,66553,32073,34480,116463,56043,60420,133099,64032,69067,116459,55989,60470,66545,32104,34441,16637,7894,8743,
83210,66557,32076,34481,116470,56046,60424,133107,64035,69072,116466,55992,60474,66549,32106,34443,16638,7894,8744,
83215,66561,32078,34483,116477,56050,60427,133115,64038,69077,116473,55995,60478,66553,32110,34443,16639,7894,8745,
83220,66565,32078,34487,116484,56051,60433,133123,64043,69080,116480,55997,60483,66557,32112,34445,16640,7894,8746,
83225,66569,32080,34489,116491,56054,60437,133131,64046,69085,116487,56002,60485,66561,32115,34446,16641,7894,8747,
83230,66573,32082,34491,116498,56056,60442,133139,64047,69092,116494,56005,60489,66565,32117,34448,16642,7895,8747,
83235,66577,32086,34491,116505,56059,60446,133147,64049,69098,116501,56009,60492,66569,32118,34451,16643,7896,8747,
83240,66581,32087,34494,116512,56064,60448,133155,64053,69102,116508,56011,60497,66573,32120,34453,16644,7897,8747,
83245,66585,32090,34495,116519,56068,60451,133163,64059,69104,116515,56016,60499,66577,32123,34454,16645,7898,8747,
83250,66589,32094,34495,116526,56071,60455,133171,64061,69110,116522,56018,60504,66581,32123,34458,16646,7898,8748,
83255,66593,32098,34495,116533,56072,60461,133179,64066,69113,116529,56020,60509,66585,32127,34458,16647,7898,8749,
83260,66597,32099,34498,116540,56075,60465,133187,64070,69117,116536,56021,60515,66589,32128,34461,16648,7899,8749,
83265,66601,32100,34501,116547,56078,60469,133195,64072,69123,116543,56024,60519,66593,32130,34463,16649,7899,8750,
83270,66605,32101,34504,116554,56081,60473,133203,64075,69128,116550,56026,60524,66597,32132,34465,16650,7899,8751,
83275,66609,32103,34506,116561,56086,60475,133211,64080,69131,116557,56029,60528,66601,32134,34467,16651,7899,8752,
83280,66613,32105,34508,116568,56088,60480,133219,64086,69133,116564,56032,60532,66605,32136,34469,16652,7899,8753,
83285,66617,32107,34510,116575,56093,60482,133227,64089,69138,116571,56036,60535,66609,32136,34473,16653,7900,8753,
83290,66621,32109,34512,116582,56095,60487,133235,64094,69141,116578,56039,60539,66613,32138,34475,16654,7900,8754,
83295,66625,32111,34514,116589,56099,60490,133243,64096,69147,116585,56042,60543,66617,32140,34477,16655,7901,8754,
83300,66629,32113,34516,116596,56102,60494,133251,64099,69152,116592,56046,60546,66621,32141,34480,16656,7901,8755,
83305,66633,32115,34518,116603,56107,60496,133259,64101,69158,116599,56052,60547,66625,32143,34482,16657,7902,8755,
83310,66637,32118,34519,116610,56110,60500,133267,64103,69164,116606,56057,60549,66629,32144,34485,16658,7903,8755,
83315,66641,32120,34521,116617,56112,60505,133275,64107,69168,116613,56062,60551,66633,32147,34486,16659,7904,8755,
83320,66645,32123,34522,116624,56118,60506,133283,64111,69172,116620,56065,60555,66637,32149,34488,16660,7904,8756,
83325,66649,32123,34526,116631,56121,60510,133291,64117,69174,116627,56068,60559,66641,32151,34490,16661,7904,8757,
83330,66653,32125,34528,116638,56123,60515,133299,64119,69180,116634,56073,60561,66645,32154,34491,16662,7905,8757,
83335,66657,32126,34531,116645,56128,60517,133307,64125,69182,116641,56080,60561,66649,32157,34492,16663,7905,8758,
83340,66661,32127,34534,116652,56132,60520,133315,64129,69186,116648,56084,60564,66653,32159,34494,16664,7906,8758,
83345,66665,32129,34536,116659,56137,60522,133323,64132,69191,116655,56087,60568,66657,32159,34498,16665,7906,8759,
83350,66669,32131,34538,116666,56140,60526,133331,64138,69193,116662,56089,60573,66661,32161,34500,16666,7906,8760,
83355,66673,32133,34540,116673,56145,60528,133339,64141,69198,116669,56092,60577,66665,32164,34501,16667,7906,8761,
83360,66677,32135,34542,116680,56150,60530,133347,64143,69204,116676,56096,60580,66669,32167,34502,16668,7907,8761,
83365,66681,32138,34543,116687,56151,60536,133355,64145,69210,116683,56099,60584,66673,32169,34504,16669,7907,8762,
83370,66685,32141,34544,116694,56157,60537,133363,64149,69214,116690,56102,60588,66677,32171,34506,16670,7908,8762,
83375,66689,32142,34547,116701,56159,60542,133371,64153,69218,116697,56104,60593,66681,32174,34507,16671,7909,8762,
83380,66693,32144,34549,116708,56161,60547,133379,64157,69222,116704,56106,60598,66685,32176,34509,16672,7910,8762,
83385,66697,32145,34552,116715,56165,60550,133387,64163,69224,116711,56109,60602,66689,32178,34511,16673,7911,8762,
83390,66701,32146,34555,116722,56170,60552,133395,64165,69230,116718,56114,60604,66693,32178,34515,16674,7911,8763,
83395,66705,32148,34557,116729,56176,60553,133403,64170,69233,116725,56117,60608,66697,32181,34516,16675,7912,8763,
83400,66709,32151,34558,116736,56180,60556,133411,64173,69238,116732,56120,60612,66701,32183,34518,16676,7913,8763,
83405,66713,32152,34561,116743,56183,60560,133419,64177,69242,116739,56125,60614,66705,32186,34519,16677,7914,8763,
83410,66717,32154,34563,116750,56185,60565,133427,64181,69246,116746,56127,60619,66709,32189,34520,16678,7914,8764,
83415,66721,32154,34567,116757,56188,60569,133435,64185,69250,116753,56130,60623,66713,32192,34521,16679,7915,8764,
83420,66725,32156,34569,116764,56191,60573,133443,64187,69256,116760,56134,60626,66717,32195,34522,16680,7916,8764,
83425,66729,32158,34571,116771,56196,60575,133451,64190,69261,116767,56136,60631,66721,32197,34524,16681,7916,8765,
83430,66733,32159,34574,116778,56200,60578,133459,64195,69264,116774,56140,60634,66725,32200,34525,16682,7917,8765,
83435,66737,32161,34576,116785,56202,60583,133467,64198,69269,116781,56143,60638,66729,32203,34526,16683,7917,8766,
83440,66741,32163,34578,116792,56207,60585,133475,64203,69272,116788,56148,60640,66733,32204,34529,16684,7918,8766,
83445,66745,32165,34580,116799,56211,60588,133483,64207,69276,116795,56152,60643,66737,32207,34530,16685,7919,8766,
83450,66749,32166,34583,116806,56216,60590,133491,64213,69278,116802,56156,60646,66741,32210,34531,16686,7919,8767,
83455,66753,32168,34585,116813,56221,60592,133499,64216,69283,116809,56159,60650,66745,32211,34534,16687,7919,8768,
83460,66757,32170,34587,116820,56224,60596,133507,64218,69289,116816,56163,60653,66749,32214,34535,16688,7920,8768,
83465,66761,32172,34589,116827,56226,60601,133515,64219,69296,116823,56166,60657,66753,32217,34536,16689,7921,8768,
83470,66765,32172,34593,116834,56230,60604,133523,64224,69299,116830,56171,60659,66757,32219,34538,16690,7921,8769,
83475,66769,32173,34596,116841,56232,60609,133531,64228,69303,116837,56175,60662,66761,32221,34540,16691,7922,8769,
83480,66773,32176,34597,116848,56234,60614,133539,64232,69307,116844,56178,60666,66765,32223,34542,16692,7922,8770,
83485,66777,32179,34598,116855,56237,60618,133547,64235,69312,116851,56183,60668,66769,32226,34543,16693,7923,8770,
83490,66781,32180,34601,116862,56241,60621,133555,64239,69316,116858,56185,60673,66773,32227,34546,16694,7923,8771,
83495,66785,32181,34604,116869,56243,60626,133563,64244,69319,116865,56189,60676,66777,32229,34548,16695,7923,8772,
83500,66789,32183,34606,116876,56246,60630,133571,64249,69322,116872,56191,60681,66781,32231,34550,16696,7923,8773,
83505,66793,32186,34607,116883,56248,60635,133579,64252,69327,116879,56194,60685,66785,32231,34554,16697,7924,8773,
83510,66797,32189,34608,116890,56252,60638,133587,64254,69333,116886,56198,60688,66789,32234,34555,16698,7925,8773,
83515,66801,32191,34610,116897,56256,60641,133595,64259,69336,116893,56202,60691,66793,32235,34558,16699,7925,8774,
83520,66805,32191,34614,116904,56259,60645,133603,64263,69340,116900,56207,60693,66797,32237,34560,16700,7925,8775,
83525,66809,32193,34616,116911,56261,60650,133611,64267,69344,116907,56211,60696,66801,32241,34560,16701,7926,8775,
83530,66813,32197,34616,116918,56261,60657,133619,64272,69347,116914,56216,60698,66805,32242,34563,16702,7926,8776,
83535,66817,32199,34618,116925,56262,60663,133627,64275,69352,116921,56218,60703,66809,32243,34566,16703,7927,8776,
83540,66821,32202,34619,116932,56268,60664,133635,64277,69358,116928,56222,60706,66813,32243,34570,16704,7927,8777,
83545,66825,32204,34621,116939,56270,60669,133643,64280,69363,116935,56226,60709,66817,32244,34573,16705,7928,8777,
83550,66829,32207,34622,116946,56273,60673,133651,64285,69366,116942,56229,60713,66821,32245,34576,16706,7929,8777,
83555,66833,32209,34624,116953,56278,60675,133659,64289,69370,116949,56231,60718,66825,32248,34577,16707,7930,8777,
83560,66837,32211,34626,116960,56281,60679,133667,64292,69375,116956,56233,60723,66829,32249,34580,16708,7930,8778,
83565,66841,32214,34627,116967,56285,60682,133675,64297,69378,116963,56234,60729,66833,32253,34580,16709,7931,8778,
83570,66845,32217,34628,116974,56288,60686,133683,64301,69382,116970,56239,60731,66837,32254,34583,16710,7932,8778,
83575,66849,32219,34630,116981,56291,60690,133691,64304,69387,116977,56244,60733,66841,32256,34585,16711,7932,8779,
83580,66853,32221,34632,116988,56295,60693,133699,64308,69391,116984,56247,60737,66845,32259,34586,16712,7932,8780,
83585,66857,32224,34633,116995,56299,60696,133707,64312,69395,116991,56248,60743,66849,32262,34587,16713,7933,8780,
83590,66861,32225,34636,117002,56301,60701,133715,64315,69400,116998,56251,60747,66853,32265,34588,16714,7934,8780,
83595,66865,32228,34637,117009,56303,60706,133723,64318,69405,117005,56255,60750,66857,32267,34590,16715,7934,8781,
83600,66869,32229,34640,117016,56304,60712,133731,64323,69408,117012,56256,60756,66861,32269,34592,16716,7935,8781,
83605,66873,32231,34642,117023,56307,60716,133739,64328,69411,117019,56258,60761,66865,32270,34595,16717,7935,8782,
83610,66877,32232,34645,117030,56311,60719,133747,64332,69415,117026,56261,60765,66869,32272,34597,16718,7935,8783,
83615,66881,32232,34649,117037,56317,60720,133755,64336,69419,117033,56265,60768,66873,32275,34598,16719,7935,8784,
83620,66885,32235,34650,117044,56320,60724,133763,64338,69425,117040,56268,60772,66877,32277,34600,16720,7935,8785,
83625,66889,32235,34654,117051,56321,60730,133771,64341,69430,117047,56270,60777,66881,32280,34601,16721,7936,8785,
83630,66893,32235,34658,117058,56325,60733,133779,64345,69434,117054,56273,60781,66885,32281,34604,16722,7936,8786,
83635,66897,32236,34661,117065,56327,60738,133787,64348,69439,117061,56278,60783,66889,32283,34606,16723,7937,8786,
83640,66901,32237,34664,117072,56329,60743,133795,64352,69443,117068,56282,60786,66893,32285,34608,16724,7938,8786,
83645,66905,32238,34667,117079,56331,60748,133803,64355,69448,117075,56287,60788,66897,32287,34610,16725,7938,8787,
83650,66909,32241,34668,117086,56337,60749,133811,64360,69451,117082,56291,60791,66901,32287,34614,16726,7939,8787,
83655,66913,32243,34670,117093,56342,60751,133819,64364,69455,117089,56295,60794,66905,32289,34616,16727,7940,8787,
83660,66917,32244,34673,117100,56346,60754,133827,64367,69460,117096,56300,60796,66909,32289,34620,16728,7940,8788,
83665,66921,32247,34674,117107,56350,60757,133835,64372,69463,117103,56304,60799,66913,32292,34621,16729,7940,8789,
83670,66925,32250,34675,117114,56353,60761,133843,64376,69467,117110,56307,60803,66917,32294,34623,16730,7940,8790,
83675,66929,32251,34678,117121,56356,60765,133851,64380,69471,117117,56312,60805,66921,32297,34624,16731,7941,8790,
83680,66933,32255,34678,117128,56359,60769,133859,64384,69475,117124,56314,60810,66925,32301,34624,16732,7941,8791,
83685,66937,32258,34679,117135,56363,60772,133867,64386,69481,117131,56319,60812,66929,32303,34626,16733,7941,8792,
83690,66941,32258,34683,117142,56368,60774,133875,64390,69485,117138,56321,60817,66933,32305,34628,16734,7942,8792,
83695,66945,32260,34685,117149,56371,60778,133883,64394,69489,117145,56323,60822,66937,32307,34630,16735,7942,8793,
83700,66949,32260,34689,117156,56375,60781,133891,64399,69492,117152,56325,60827,66941,32307,34634,16736,7943,8793,
83705,66953,32261,34692,117163,56378,60785,133899,64400,69499,117159,56328,60831,66945,32309,34636,16737,7943,8794,
83710,66957,32261,34696,117170,56382,60788,133907,64402,69505,117166,56332,60834,66949,32312,34637,16738,7943,8795,
83715,66961,32263,34698,117177,56385,60792,133915,64406,69509,117173,56337,60836,66953,32316,34637,16739,7944,8795,
83720,66965,32265,34700,117184,56388,60796,133923,64412,69511,117180,56340,60840,66957,32319,34638,16740,7945,8795,
83725,66969,32267,34702,117191,56393,60798,133931,64415,69516,117187,56342,60845,66961,32320,34641,16741,7946,8795,
83730,66973,32270,34703,117198,56396,60802,133939,64418,69521,117194,56345,60849,66965,32320,34645,16742,7946,8796,
83735,66977,32273,34704,117205,56401,60804,133947,64424,69523,117201,56348,60853,66969,32322,34647,16743,7947,8796,
83740,66981,32276,34705,117212,56406,60806,133955,64429,69526,117208,56352,60856,66973,32323,34650,16744,7947,8797,
83745,66985,32279,34706,117219,56412,60807,133963,64433,69530,117215,56356,60859,66977,32326,34651,16745,7948,8797,
83750,66989,32282,34707,117226,56415,60811,133971,64436,69535,117222,56359,60863,66981,32328,34653,16746,7949,8797,
83755,66993,32283,34710,117233,56420,60813,133979,64438,69541,117229,56363,60866,66985,32329,34656,16747,7949,8798,
83760,66997,32285,34712,117240,56423,60817,133987,64441,69546,117236,56368,60868,66989,32331,34658,16748,7950,8798,
83765,67001,32286,34715,117247,56425,60822,133995,64446,69549,117243,56371,60872,66993,32332,34661,16749,7950,8799,
83770,67005,32288,34717,117254,56430,60824,134003,64450,69553,117250,56374,60876,66997,32334,34663,16750,7950,8800,
83775,67009,32291,34718,117261,56433,60828,134011,64453,69558,117257,56377,60880,67001,32336,34665,16751,7950,8801,
83780,67013,32293,34720,117268,56434,60834,134019,64455,69564,117264,56381,60883,67005,32337,34668,16752,7950,8802,
83785,67017,32295,34722,117275,56438,60837,134027,64458,69569,117271,56384,60887,67009,32340,34669,16753,7951,8802,
83790,67021,32297,34724,117282,56441,60841,134035,64463,69572,117278,56387,60891,67013,32341,34672,16754,7952,8802,
83795,67025,32299,34726,117289,56444,60845,134043,64467,69576,117285,56390,60895,67017,32343,34674,16755,7953,8802,
83800,67029,32299,34730,117296,56449,60847,134051,64471,69580,117292,56394,60898,67021,32345,34676,16756,7953,8803,
83805,67033,32301,34732,117303,56452,60851,134059,64474,69585,117299,56396,60903,67025,32348,34677,16757,7953,8804,
83810,67037,32302,34735,117310,56457,60853,134067,64480,69587,117306,56398,60908,67029,32349,34680,16758,7954,8804,
83815,67041,32304,34737,117317,56460,60857,134075,64484,69591,117313,56401,60912,67033,32351,34682,16759,7955,8804,
83820,67045,32306,34739,117324,56466,60858,134083,64488,69595,117320,56404,60916,67037,32351,34686,16760,7956,8804,
83825,67049,32307,34742,117331,56468,60863,134091,64493,69598,117327,56407,60920,67041,32355,34686,16761,7956,8805,
83830,67053,32310,34743,117338,56470,60868,134099,64496,69603,117334,56410,60924,67045,32357,34688,16762,7956,8806,
83835,67057,32313,34744,117345,56474,60871,134107,64499,69608,117341,56413,60928,67049,32359,34690,16763,7956,8807,
83840,67061,32314,34747,117352,56478,60874,134115,64501,69614,117348,56417,60931,67053,32361,34692,16764,7956,8808,
83845,67065,32316,34749,117359,56479,60880,134123,64506,69617,117355,56418,60937,67057,32364,34693,16765,7957,8808,
83850,67069,32319,34750,117366,56482,60884,134131,64510,69621,117362,56420,60942,67061,32366,34695,16766,7957,8809,
83855,67073,32321,34752,117373,56487,60886,134139,64515,69624,117369,56422,60947,67065,32366,34699,16767,7958,8809,
83860,67077,32323,34754,117380,56491,60889,134147,64518,69629,117376,56426,60950,67069,32368,34701,16768,7958,8810,
83865,67081,32326,34755,117387,56494,60893,134155,64523,69632,117383,56429,60954,67073,32370,34703,16769,7959,8810,
83870,67085,32327,34758,117394,56499,60895,134163,64530,69633,117390,56434,60956,67077,32371,34706,16770,7959,8811,
83875,67089,32329,34760,117401,56502,60899,134171,64536,69635,117397,56437,60960,67081,32373,34708,16771,7960,8811,
83880,67093,32331,34762,117408,56505,60903,134179,64541,69638,117404,56439,60965,67085,32374,34711,16772,7960,8812,
83885,67097,32333,34764,117415,56510,60905,134187,64546,69641,117411,56440,60971,67089,32377,34712,16773,7961,8812,
83890,67101,32334,34767,117422,56513,60909,134195,64551,69644,117418,56443,60975,67093,32379,34714,16774,7961,8813,
83895,67105,32335,34770,117429,56518,60911,134203,64555,69648,117425,56448,60977,67097,32381,34716,16775,7961,8814,
83900,67109,32337,34772,117436,56520,60916,134211,64559,69652,117432,56449,60983,67101,32382,34719,16776,7962,8814,
83905,67113,32338,34775,117443,56522,60921,134219,64565,69654,117439,56454,60985,67105,32385,34720,16777,7963,8814,
83910,67117,32339,34778,117450,56526,60924,134227,64568,69659,117446,56457,60989,67109,32387,34722,16778,7964,8814,
83915,67121,32341,34780,117457,56530,60927,134235,64572,69663,117453,56458,60995,67113,32391,34722,16779,7964,8815,
83920,67125,32345,34780,117464,56532,60932,134243,64574,69669,117460,56460,61000,67117,32391,34726,16780,7965,8815,
83925,67129,32347,34782,117471,56536,60935,134251,64578,69673,117467,56464,61003,67121,32394,34727,16781,7965,8816,
83930,67133,32349,34784,117478,56539,60939,134259,64583,69676,117474,56467,61007,67125,32394,34731,16782,7965,8817,
83935,67137,32349,34788,117485,56541,60944,134267,64588,69679,117481,56468,61013,67129,32396,34733,16783,7965,8818,
83940,67141,32350,34791,117492,56544,60948,134275,64593,69682,117488,56474,61014,67133,32398,34735,16784,7966,8818,
83945,67145,32351,34794,117499,56547,60952,134283,64596,69687,117495,56477,61018,67137,32399,34738,16785,7966,8819,
83950,67149,32353,34796,117506,56552,60954,134291,64601,69690,117502,56479,61023,67141,32401,34740,16786,7967,8819,
83955,67153,32355,34798,117513,56556,60957,134299,64604,69695,117509,56480,61029,67145,32403,34742,16787,7967,8820,
83960,67157,32358,34799,117520,56558,60962,134307,64606,69701,117516,56484,61032,67149,32406,34743,16788,7967,8821,
83965,67161,32360,34801,117527,56562,60965,134315,64611,69704,117523,56489,61034,67153,32409,34744,16789,7967,8822,
83970,67165,32361,34804,117534,56567,60967,134323,64615,69708,117530,56491,61039,67157,32411,34746,16790,7967,8823,
83975,67169,32362,34807,117541,56570,60971,134331,64617,69714,117537,56495,61042,67161,32412,34749,16791,7968,8823,
83980,67173,32363,34810,117548,56572,60976,134339,64622,69717,117544,56502,61042,67165,32413,34752,16792,7968,8824,
83985,67177,32365,34812,117555,56578,60977,134347,64626,69721,117551,56506,61045,67169,32415,34754,16793,7968,8825,
83990,67181,32367,34814,117562,56581,60981,134355,64630,69725,117558,56509,61049,67173,32417,34756,16794,7968,8826,
83995,67185,32369,34816,117569,56585,60984,134363,64633,69730,117565,56512,61053,67177,32419,34758,16795,7969,8826,
84000,67189,32372,34817,117576,56588,60988,134371,64638,69733,117572,56515,61057,67181,32420,34761,16796,7970,8826,
84005,67193,32373,34820,117583,56592,60991,134379,64642,69737,117579,56518,61061,67185,32423,34762,16797,7970,8827,
84010,67197,32376,34821,117590,56595,60995,134387,64646,69741,117586,56523,61063,67189,32425,34764,16798,7971,8827,
84015,67201,32376,34825,117597,56598,60999,134395,64648,69747,117593,56526,61067,67193,32428,34765,16799,7971,8828,
84020,67205,32378,34827,117604,56602,61002,134403,64650,69753,117600,56529,61071,67197,32430,34767,16800,7971,8829,
84025,67209,32379,34830,117611,56604,61007,134411,64654,69757,117607,56532,61075,67201,32432,34769,16801,7972,8829,
84030,67213,32380,34833,117618,56607,61011,134419,64656,69763,117614,56537,61077,67205,32433,34772,16802,7973,8829,
84035,67217,32382,34835,117625,56608,61017,134427,64660,69767,117621,56540,61081,67209,32435,34774,16803,7974,8829,
84040,67221,32383,34838,117632,56612,61020,134435,64663,69772,117628,56544,61084,67213,32437,34776,16804,7974,8830,
84045,67225,32384,34841,117639,56614,61025,134443,64667,69776,117635,56549,61086,67217,32437,34780,16805,7974,8831,
84050,67229,32386,34843,117646,56619,61027,134451,64672,69779,117642,56552,61090,67221,32439,34782,16806,7975,8831,
84055,67233,32388,34845,117653,56623,61030,134459,64676,69783,117649,56556,61093,67225,32440,34785,16807,7975,8832,
84060,67237,32391,34846,117660,56625,61035,134467,64682,69785,117656,56561,61095,67229,32442,34787,16808,7976,8832,
84065,67241,32392,34849,117667,56628,61039,134475,64687,69788,117663,56564,61099,67233,32445,34788,16809,7977,8832,
84070,67245,32395,34850,117674,56629,61045,134483,64691,69792,117670,56566,61104,67237,32447,34790,16810,7978,8832,
84075,67249,32397,34852,117681,56632,61049,134491,64694,69797,117677,56570,61107,67241,32449,34792,16811,7978,8833,
84080,67253,32400,34853,117688,56634,61054,134499,64699,69800,117684,56574,61110,67245,32451,34794,16812,7978,8834,
84085,67257,32401,34856,117695,56637,61058,134507,64704,69803,117691,56577,61114,67249,32453,34796,16813,7978,8835,
84090,67261,32403,34858,117702,56641,61061,134515,64706,69809,117698,56580,61118,67253,32455,34798,16814,7979,8835,
84095,67265,32405,34860,117709,56646,61063,134523,64712,69811,117705,56583,61122,67257,32458,34799,16815,7980,8835,
84100,67269,32405,34864,117716,56650,61066,134531,64717,69814,117712,56586,61126,67261,32460,34801,16816,7981,8835,
84105,67273,32407,34866,117723,56653,61070,134539,64722,69817,117719,56590,61129,67265,32461,34804,16817,7982,8835,
84110,67277,32410,34867,117730,56656,61074,134547,64730,69817,117726,56592,61134,67269,32463,34806,16818,7982,8836,
84115,67281,32412,34869,117737,56658,61079,134555,64734,69821,117733,56599,61134,67273,32465,34808,16819,7983,8836,
84120,67285,32412,34873,117744,56660,61084,134563,64737,69826,117740,56605,61135,67277,32467,34810,16820,7984,8836,
84125,67289,32414,34875,117751,56662,61089,134571,64744,69827,117747,56609,61138,67281,32468,34813,16821,7985,8836,
84130,67293,32415,34878,117758,56665,61093,134579,64749,69830,117754,56614,61140,67285,32469,34816,16822,7985,8837,
84135,67297,32418,34879,117765,56666,61099,134587,64752,69835,117761,56619,61142,67289,32473,34816,16823,7986,8837,
84140,67301,32420,34881,117772,56669,61103,134595,64754,69841,117768,56622,61146,67293,32475,34818,16824,7986,8838,
84145,67305,32423,34882,117779,56673,61106,134603,64760,69843,117775,56625,61150,67297,32476,34821,16825,7987,8838,
84150,67309,32423,34886,117786,56674,61112,134611,64764,69847,117782,56629,61153,67301,32477,34824,16826,7988,8838,
84155,67313,32424,34889,117793,56678,61115,134619,64771,69848,117789,56632,61157,67305,32477,34828,16827,7988,8839,
84160,67317,32426,34891,117800,56682,61118,134627,64772,69855,117796,56633,61163,67309,32479,34830,16828,7989,8839,
84165,67321,32428,34893,117807,56685,61122,134635,64775,69860,117803,56639,61164,67313,32480,34833,16829,7990,8839,
84170,67325,32429,34896,117814,56687,61127,134643,64778,69865,117810,56644,61166,67317,32482,34835,16830,7990,8840,
84175,67329,32430,34899,117821,56691,61130,134651,64782,69869,117817,56648,61169,67321,32484,34837,16831,7990,8841,
84180,67333,32431,34902,117828,56693,61135,134659,64784,69875,117824,56650,61174,67325,32486,34839,16832,7991,8841,
84185,67337,32434,34903,117835,56696,61139,134667,64790,69877,117831,56653,61178,67329,32487,34842,16833,7992,8841,
84190,67341,32435,34906,117842,56698,61144,134675,64794,69881,117838,56658,61180,67333,32489,34844,16834,7992,8842,
84195,67345,32436,34909,117849,56701,61148,134683,64800,69883,117845,56661,61184,67337,32490,34847,16835,7993,8842,
84200,67349,32439,34910,117856,56705,61151,134691,64804,69887,117852,56664,61188,67341,32491,34850,16836,7994,8842,
84205,67353,32440,34913,117863,56707,61156,134699,64809,69890,117859,56667,61192,67345,32495,34850,16837,7994,8843,
84210,67357,32443,34914,117870,56709,61161,134707,64813,69894,117866,56672,61194,67349,32497,34852,16838,7995,8843,
84215,67361,32444,34917,117877,56713,61164,134715,64816,69899,117873,56676,61197,67353,32500,34853,16839,7996,8843,
84220,67365,32445,34920,117884,56716,61168,134723,64822,69901,117880,56681,61199,67357,32501,34856,16840,7996,8844,
84225,67369,32449,34920,117891,56721,61170,134731,64827,69904,117887,56683,61204,67361,32503,34858,16841,7997,8844,
84230,67373,32450,34923,117898,56723,61175,134739,64829,69910,117894,56689,61205,67365,32505,34860,16842,7997,8845,
84235,67377,32453,34924,117905,56725,61180,134747,64833,69914,117901,56694,61207,67369,32507,34862,16843,7998,8845,
84240,67381,32456,34925,117912,56727,61185,134755,64835,69920,117908,56697,61211,67373,32508,34865,16844,7998,8846,
84245,67385,32458,34927,117919,56730,61189,134763,64838,69925,117915,56700,61215,67377,32508,34869,16845,7999,8846,
84250,67389,32460,34929,117926,56736,61190,134771,64842,69929,117922,56702,61220,67381,32510,34871,16846,7999,8847,
84255,67393,32462,34931,117933,56740,61193,134779,64846,69933,117929,56707,61222,67385,32511,34874,16847,8000,8847,
84260,67397,32463,34934,117940,56741,61199,134787,64849,69938,117936,56713,61223,67389,32513,34876,16848,8001,8847,
84265,67401,32466,34935,117947,56745,61202,134795,64852,69943,117943,56717,61226,67393,32515,34878,16849,8002,8847,
84270,67405,32469,34936,117954,56748,61206,134803,64856,69947,117950,56717,61233,67397,32517,34880,16850,8002,8848,
84275,67409,32471,34938,117961,56752,61209,134811,64862,69949,117957,56720,61237,67401,32518,34883,16851,8003,8848,
84280,67413,32473,34940,117968,56755,61213,134819,64865,69954,117964,56725,61239,67405,32519,34886,16852,8003,8849,
84285,67417,32476,34941,117975,56758,61217,134827,64866,69961,117971,56728,61243,67409,32520,34889,16853,8003,8850,
84290,67421,32479,34942,117982,56764,61218,134835,64871,69964,117978,56731,61247,67413,32522,34891,16854,8004,8850,
84295,67425,32480,34945,117989,56767,61222,134843,64873,69970,117985,56736,61249,67417,32524,34893,16855,8004,8851,
84300,67429,32482,34947,117996,56769,61227,134851,64878,69973,117992,56737,61255,67421,32525,34896,16856,8005,8851,
84305,67433,32482,34951,118003,56775,61228,134859,64883,69976,117999,56742,61257,67425,32527,34898,16857,8006,8851,
84310,67437,32483,34954,118010,56778,61232,134867,64885,69982,118006,56745,61261,67429,32531,34898,16858,8007,8851,
84315,67441,32484,34957,118017,56783,61234,134875,64887,69988,118013,56748,61265,67433,32533,34900,16859,8008,8851,
84320,67445,32486,34959,118024,56784,61240,134883,64890,69993,118020,56752,61268,67437,32537,34900,16860,8008,8852,
84325,67449,32489,34960,118031,56790,61241,134891,64894,69997,118027,56755,61272,67441,32539,34902,16861,8009,8852,
84330,67453,32491,34962,118038,56793,61245,134899,64899,70000,118034,56756,61278,67445,32541,34904,16862,8010,8852,
84335,67457,32493,34964,118045,56800,61245,134907,64904,70003,118041,56761,61280,67449,32544,34905,16863,8011,8852,
84340,67461,32496,34965,118052,56806,61246,134915,64907,70008,118048,56764,61284,67453,32546,34907,16864,8012,8852,
84345,67465,32499,34966,118059,56809,61250,134923,64913,70010,118055,56767,61288,67457,32548,34909,16865,8012,8853,
84350,67469,32502,34967,118066,56813,61253,134931,64917,70014,118062,56769,61293,67461,32550,34911,16866,8012,8854,
84355,67473,32505,34968,118073,56816,61257,134939,64922,70017,118069,56772,61297,67465,32553,34912,16867,8013,8854,
84360,67477,32507,34970,118080,56822,61258,134947,64925,70022,118076,56775,61301,67469,32555,34914,16868,8013,8855,
84365,67481,32508,34973,118087,56825,61262,134955,64930,70025,118083,56779,61304,67473,32556,34917,16869,8014,8855,
84370,67485,32508,34977,118094,56827,61267,134963,64936,70027,118090,56783,61307,67477,32558,34919,16870,8015,8855,
84375,67489,32512,34977,118101,56830,61271,134971,64941,70030,118097,56786,61311,67481,32560,34921,16871,8015,8856,
84380,67493,32515,34978,118108,56834,61274,134979,64944,70035,118104,56792,61312,67485,32562,34923,16872,8015,8857,
84385,67497,32516,34981,118115,56839,61276,134987,64949,70038,118111,56795,61316,67489,32564,34925,16873,8016,8857,
84390,67501,32517,34984,118122,56842,61280,134995,64955,70040,118118,56800,61318,67493,32565,34928,16874,8016,8858,
84395,67505,32521,34984,118129,56846,61283,135003,64958,70045,118125,56805,61320,67497,32568,34929,16875,8016,8859,
84400,67509,32523,34986,118136,56849,61287,135011,64960,70051,118132,56808,61324,67501,32570,34931,16876,8017,8859,
84405,67513,32525,34988,118143,56852,61291,135019,64964,70055,118139,56810,61329,67505,32572,34933,16877,8017,8860,
84410,67517,32527,34990,118150,56854,61296,135027,64965,70062,118146,56811,61335,67509,32573,34936,16878,8018,8860,
84415,67521,32530,34991,118157,56857,61300,135035,64965,70070,118153,56815,61338,67513,32574,34939,16879,8019,8860,
84420,67525,32532,34993,118164,56859,61305,135043,64968,70075,118160,56820,61340,67517,32575,34942,16880,8020,8860,
84425,67529,32535,34994,118171,56864,61307,135051,64974,70077,118167,56822,61345,67521,32579,34942,16881,8020,8861,
84430,67533,32536,34997,118178,56867,61311,135059,64978,70081,118174,56826,61348,67525,32582,34943,16882,8020,8862,
84435,67537,32539,34998,118185,56870,61315,135067,64980,70087,118181,56826,61355,67529,32584,34945,16883,8020,8863,
84440,67541,32541,35000,118192,56875,61317,135075,64981,70094,118188,56828,61360,67533,32586,34947,16884,8020,8864,
84445,67545,32541,35004,118199,56878,61321,135083,64982,70101,118195,56829,61366,67537,32588,34949,16885,8021,8864,
84450,67549,32542,35007,118206,56881,61325,135091,64987,70104,118202,56831,61371,67541,32589,34952,16886,8021,8865,
84455,67553,32543,35010,118213,56885,61328,135099,64991,70108,118209,56834,61375,67545,32591,34954,16887,8022,8865,
84460,67557,32545,35012,118220,56886,61334,135107,64995,70112,118216,56838,61378,67549,32594,34955,16888,8022,8866,
84465,67561,32548,35013,118227,56888,61339,135115,65000,70115,118223,56843,61380,67553,32595,34958,16889,8022,8867,
84470,67565,32550,35015,118234,56891,61343,135123,65006,70117,118230,56846,61384,67557,32598,34959,16890,8023,8867,
84475,67569,32552,35017,118241,56895,61346,135131,65011,70120,118237,56847,61390,67561,32600,34961,16891,8024,8867,
84480,67573,32555,35018,118248,56898,61350,135139,65015,70124,118244,56851,61393,67565,32601,34964,16892,8024,8868,
84485,67577,32557,35020,118255,56902,61353,135147,65017,70130,118251,56854,61397,67569,32603,34966,16893,8025,8868,
84490,67581,32559,35022,118262,56906,61356,135155,65019,70136,118258,56857,61401,67573,32605,34968,16894,8026,8868,
84495,67585,32561,35024,118269,56909,61360,135163,65022,70141,118265,56860,61405,67577,32606,34971,16895,8027,8868,
84500,67589,32562,35027,118276,56913,61363,135171,65024,70147,118272,56864,61408,67581,32609,34972,16896,8027,8869,
84505,67593,32564,35029,118283,56915,61368,135179,65028,70151,118279,56868,61411,67585,32610,34975,16897,8028,8869,
84510,67597,32566,35031,118290,56918,61372,135187,65032,70155,118286,56872,61414,67589,32612,34977,16898,8028,8870,
84515,67601,32569,35032,118297,56922,61375,135195,65036,70159,118293,56873,61420,67593,32614,34979,16899,8029,8870,
84520,67605,32572,35033,118304,56926,61378,135203,65041,70162,118300,56877,61423,67597,32615,34982,16900,8029,8871,
84525,67609,32573,35036,118311,56931,61380,135211,65045,70166,118307,56881,61426,67601,32617,34984,16901,8030,8871,
84530,67613,32576,35037,118318,56935,61383,135219,65048,70171,118314,56881,61433,67605,32617,34988,16902,8031,8871,
84535,67617,32578,35039,118325,56937,61388,135227,65051,70176,118321,56885,61436,67609,32619,34990,16903,8031,8872,
84540,67621,32579,35042,118332,56940,61392,135235,65056,70179,118328,56888,61440,67613,32620,34993,16904,8031,8873,
84545,67625,32582,35043,118339,56943,61396,135243,65059,70184,118335,56892,61443,67617,32622,34995,16905,8031,8874,
84550,67629,32585,35044,118346,56944,61402,135251,65064,70187,118342,56896,61446,67621,32625,34996,16906,8032,8874,
84555,67633,32587,35046,118353,56949,61404,135259,65067,70192,118349,56900,61449,67625,32629,34996,16907,8033,8874,
84560,67637,32589,35048,118360,56955,61405,135267,65070,70197,118356,56901,61455,67629,32632,34997,16908,8034,8874,
84565,67641,32591,35050,118367,56958,61409,135275,65076,70199,118363,56903,61460,67633,32633,35000,16909,8035,8874,
84570,67645,32592,35053,118374,56962,61412,135283,65080,70203,118370,56904,61466,67637,32634,35003,16910,8036,8874,
84575,67649,32593,35056,118381,56962,61419,135291,65083,70208,118377,56908,61469,67641,32637,35004,16911,8036,8875,
84580,67653,32595,35058,118388,56964,61424,135299,65086,70213,118384,56914,61470,67645,32637,35008,16912,8037,8875,
84585,67657,32597,35060,118395,56968,61427,135307,65089,70218,118391,56918,61473,67649,32641,35008,16913,8037,8876,
84590,67661,32599,35062,118402,56970,61432,135315,65092,70223,118398,56922,61476,67653,32645,35008,16914,8037,8877,
84595,67665,32600,35065,118409,56973,61436,135323,65092,70231,118405,56926,61479,67657,32646,35011,16915,8037,8878,
84600,67669,32601,35068,118416,56974,61442,135331,65097,70234,118412,56931,61481,67661,32650,35011,16916,8037,8879,
84605,67673,32602,35071,118423,56977,61446,135339,65101,70238,118419,56935,61484,67665,32651,35014,16917,8037,8880,
84610,67677,32603,35074,118430,56980,61450,135347,65105,70242,118426,56938,61488,67669,32653,35016,16918,8037,8881,
84615,67681,32605,35076,118437,56983,61454,135355,65111,70244,118433,56943,61490,67673,32656,35017,16919,8037,8882,
84620,67685,32605,35080,118444,56987,61457,135363,65112,70251,118440,56949,61491,67677,32659,35018,16920,8038,8882,
84625,67689,32606,35083,118451,56990,61461,135371,65116,70255,118447,56951,61496,67681,32661,35020,16921,8038,8883,
84630,67693,32609,35084,118458,56995,61463,135379,65120,70259,118454,56955,61499,67685,32663,35022,16922,8039,8883,
84635,67697,32610,35087,118465,56996,61469,135387,65123,70264,118461,56957,61504,67689,32666,35023,16923,8040,8883,
84640,67701,32612,35089,118472,56999,61473,135395,65129,70266,118468,56958,61510,67693,32667,35026,16924,8041,8883,
84645,67705,32613,35092,118479,57003,61476,135403,65135,70268,118475,56963,61512,67697,32670,35027,16925,8041,8884,
84650,67709,32614,35095,118486,57006,61480,135411,65140,70271,118482,56966,61516,67701,32672,35029,16926,8041,8885,
84655,67713,32614,35099,118493,57010,61483,135419,65144,70275,118489,56970,61519,67705,32672,35033,16927,8041,8886,
84660,67717,32616,35101,118500,57014,61486,135427,65147,70280,118496,56971,61525,67709,32672,35037,16928,8042,8886,
84665,67721,32617,35104,118507,57018,61489,135435,65150,70285,118503,56975,61528,67713,32673,35040,16929,8042,8887,
84670,67725,32618,35107,118514,57021,61493,135443,65154,70289,118510,56979,61531,67717,32675,35042,16930,8043,8887,
84675,67729,32620,35109,118521,57025,61496,135451,65155,70296,118517,56981,61536,67721,32676,35045,16931,8044,8887,
84680,67733,32624,35109,118528,57027,61501,135459,65157,70302,118524,56986,61538,67725,32678,35047,16932,8044,8888,
84685,67737,32627,35110,118535,57031,61504,135467,65162,70305,118531,56988,61543,67729,32680,35049,16933,8044,8889,
84690,67741,32629,35112,118542,57033,61509,135475,65164,70311,118538,56993,61545,67733,32682,35051,16934,8044,8890,
84695,67745,32631,35114,118549,57035,61514,135483,65169,70314,118545,56998,61547,67737,32684,35053,16935,8044,8891,
84700,67749,32632,35117,118556,57041,61515,135491,65173,70318,118552,57002,61550,67741,32686,35055,16936,8045,8891,
84705,67753,32632,35121,118563,57043,61520,135499,65176,70323,118559,57006,61553,67745,32687,35058,16937,8046,8891,
84710,67757,32633,35124,118570,57049,61521,135507,65178,70329,118566,57012,61554,67749,32688,35061,16938,8047,8891,
84715,67761,32636,35125,118577,57053,61524,135515,65182,70333,118573,57013,61560,67753,32692,35061,16939,8047,8892,
84720,67765,32638,35127,118584,57056,61528,135523,65187,70336,118580,57016,61564,67757,32695,35062,16940,8047,8893,
84725,67769,32641,35128,118591,57058,61533,135531,65188,70343,118587,57020,61567,67761,32695,35066,16941,8047,8894,
84730,67773,32645,35128,118598,57064,61534,135539,65192,70347,118594,57024,61570,67765,32698,35067,16942,8048,8894,
84735,67777,32646,35131,118605,57069,61536,135547,65195,70352,118601,57028,61573,67769,32699,35070,16943,8049,8894,
84740,67781,32648,35133,118612,57071,61541,135555,65198,70357,118608,57033,61575,67773,32702,35071,16944,8049,8895,
84745,67785,32650,35135,118619,57074,61545,135563,65202,70361,118615,57036,61579,67777,32704,35073,16945,8050,8895,
84750,67789,32652,35137,118626,57077,61549,135571,65204,70367,118622,57038,61584,67781,32705,35076,16946,8050,8896,
84755,67793,32655,35138,118633,57080,61553,135579,65206,70373,118629,57044,61585,67785,32707,35078,16947,8051,8896,
84760,67797,32658,35139,118640,57081,61559,135587,65209,70378,118636,57050,61586,67789,32709,35080,16948,8052,8896,
84765,67801,32660,35141,118647,57086,61561,135595,65212,70383,118643,57053,61590,67793,32710,35083,16949,8053,8896,
84770,67805,32661,35144,118654,57088,61566,135603,65215,70388,118650,57056,61594,67797,32711,35086,16950,8054,8896,
84775,67809,32663,35146,118661,57091,61570,135611,65218,70393,118657,57060,61597,67801,32714,35087,16951,8054,8897,
84780,67813,32665,35148,118668,57096,61572,135619,65221,70398,118664,57063,61601,67805,32717,35088,16952,8054,8898,
84785,67817,32668,35149,118675,57099,61576,135627,65226,70401,118671,57064,61607,67809,32719,35090,16953,8054,8899,
84790,67821,32670,35151,118682,57104,61578,135635,65231,70404,118678,57069,61609,67813,32720,35093,16954,8055,8899,
84795,67825,32670,35155,118689,57108,61581,135643,65235,70408,118685,57076,61609,67817,32721,35096,16955,8056,8899,
84800,67829,32671,35158,118696,57112,61584,135651,65237,70414,118692,57078,61614,67821,32721,35100,16956,8056,8900,
84805,67833,32674,35159,118703,57114,61589,135659,65240,70419,118699,57081,61618,67825,32722,35103,16957,8056,8901,
84810,67837,32675,35162,118710,57116,61594,135667,65245,70422,118706,57082,61624,67829,32725,35104,16958,8057,8901,
84815,67841,32676,35165,118717,57119,61598,135675,65248,70427,118713,57085,61628,67833,32728,35105,16959,8057,8902,
84820,67845,32678,35167,118724,57124,61600,135683,65253,70430,118720,57088,61632,67837,32730,35107,16960,8058,8902,
84825,67849,32681,35168,118731,57130,61601,135691,65258,70433,118727,57091,61636,67841,32731,35110,16961,8059,8902,
84830,67853,32683,35170,118738,57134,61604,135699,65264,70435,118734,57094,61640,67845,32733,35112,16962,8059,8903,
84835,67857,32685,35172,118745,57135,61610,135707,65266,70441,118741,57097,61644,67849,32734,35115,16963,8060,8903,
84840,67861,32685,35176,118752,57139,61613,135715,65272,70443,118748,57101,61647,67853,32738,35115,16964,8061,8903,
84845,67865,32687,35178,118759,57141,61618,135723,65277,70446,118755,57104,61651,67857,32738,35119,16965,8062,8903,
84850,67869,32689,35180,118766,57146,61620,135731,65281,70450,118762,57108,61654,67861,32739,35122,16966,8062,8904,
84855,67873,32691,35182,118773,57150,61623,135739,65284,70455,118769,57110,61659,67865,32743,35122,16967,8063,8904,
84860,67877,32694,35183,118780,57155,61625,135747,65289,70458,118776,57112,61664,67869,32745,35124,16968,8063,8905,
84865,67881,32698,35183,118787,57160,61627,135755,65292,70463,118783,57115,61668,67873,32747,35126,16969,8064,8905,
84870,67885,32700,35185,118794,57165,61629,135763,65296,70467,118790,57120,61670,67877,32748,35129,16970,8064,8906,
84875,67889,32700,35189,118801,57168,61633,135771,65300,70471,118797,57125,61672,67881,32750,35131,16971,8065,8906,
84880,67893,32703,35190,118808,57169,61639,135779,65303,70476,118804,57129,61675,67885,32750,35135,16972,8065,8907,
84885,67897,32706,35191,118815,57170,61645,135787,65308,70479,118811,57131,61680,67889,32751,35138,16973,8065,8908,
84890,67901,32707,35194,118822,57175,61647,135795,65313,70482,118818,57134,61684,67893,32753,35140,16974,8065,8909,
84895,67905,32707,35198,118829,57176,61653,135803,65317,70486,118825,57138,61687,67897,32755,35142,16975,8065,8910,
84900,67909,32709,35200,118836,57180,61656,135811,65321,70490,118832,57141,61691,67901,32758,35143,16976,8065,8911,
84905,67913,32711,35202,118843,57184,61659,135819,65325,70494,118839,57145,61694,67905,32762,35143,16977,8065,8912,
84910,67917,32714,35203,118850,57187,61663,135827,65329,70498,118846,57147,61699,67909,32763,35146,16978,8066,8912,
84915,67921,32716,35205,118857,57190,61667,135835,65334,70501,118853,57151,61702,67913,32764,35149,16979,8067,8912,
84920,67925,32719,35206,118864,57194,61670,135843,65340,70503,118860,57156,61704,67917,32767,35150,16980,8067,8913,
84925,67929,32721,35208,118871,57197,61674,135851,65343,70508,118867,57159,61708,67921,32770,35151,16981,8067,8914,
84930,67933,32723,35210,118878,57200,61678,135859,65347,70512,118874,57164,61710,67925,32773,35152,16982,8067,8915,
84935,67937,32725,35212,118885,57205,61680,135867,65352,70515,118881,57165,61716,67929,32775,35154,16983,8067,8916,
84940,67941,32726,35215,118892,57211,61681,135875,65356,70519,118888,57167,61721,67933,32777,35156,16984,8068,8916,
84945,67945,32727,35218,118899,57214,61685,135883,65363,70520,118895,57172,61723,67937,32778,35159,16985,8068,8917,
84950,67949,32728,35221,118906,57216,61690,135891,65367,70524,118902,57177,61725,67941,32780,35161,16986,8068,8918,
84955,67953,32729,35224,118913,57218,61695,135899,65370,70529,118909,57180,61729,67945,32781,35164,16987,8069,8918,
84960,67957,32733,35224,118920,57221,61699,135907,65372,70535,118916,57183,61733,67949,32782,35167,16988,8069,8919,
84965,67961,32736,35225,118927,57226,61701,135915,65379,70536,118923,57185,61738,67953,32784,35169,16989,8069,8920,
84970,67965,32737,35228,118934,57228,61706,135923,65383,70540,118930,57185,61745,67957,32787,35170,16990,8069,8921,
84975,67969,32741,35228,118941,57231,61710,135931,65388,70543,118937,57189,61748,67961,32789,35172,16991,8070,8921,
84980,67973,32745,35228,118948,57235,61713,135939,65392,70547,118944,57192,61752,67965,32791,35174,16992,8070,8922,
84985,67977,32746,35231,118955,57242,61713,135947,65397,70550,118951,57196,61755,67969,32792,35177,16993,8071,8922,
84990,67981,32747,35234,118962,57246,61716,135955,65401,70554,118958,57198,61760,67973,32792,35181,16994,8071,8923,
84995,67985,32749,35236,118969,57251,61718,135963,65403,70560,118965,57201,61764,67977,32793,35184,16995,8071,8924,
85000,67989,32749,35240,118976,57255,61721,135971,65407,70564,118972,57201,61771,67981,32795,35186,16996,8072,8924,
85005,67993,32750,35243,118983,57261,61722,135979,65412,70567,118979,57202,61777,67985,32797,35188,16997,8072,8925,
85010,67997,32753,35244,118990,57267,61723,135987,65412,70575,118986,57204,61782,67989,32799,35190,16998,8072,8926,
85015,68001,32755,35246,118997,57271,61726,135995,65415,70580,118993,57207,61786,67993,32800,35193,16999,8072,8927,
85020,68005,32756,35249,119004,57274,61730,136003,65420,70583,119000,57210,61790,67997,32802,35195,17000,8072,8928,
85025,68009,32756,35253,119011,57279,61732,136011,65423,70588,119007,57212,61795,68001,32804,35197,17001,8073,8928,
85030,68013,32758,35255,119018,57284,61734,136019,65427,70592,119014,57214,61800,68005,32805,35200,17002,8073,8929,
85035,68017,32761,35256,119025,57286,61739,136027,65433,70594,119021,57214,61807,68009,32809,35200,17003,8074,8929,
85040,68021,32761,35260,119032,57291,61741,136035,65437,70598,119028,57218,61810,68013,32810,35203,17004,8075,8929,
85045,68025,32762,35263,119039,57294,61745,136043,65443,70600,119035,57222,61813,68017,32812,35205,17005,8075,8930,
85050,68029,32765,35264,119046,57298,61748,136051,65451,70600,119042,57226,61816,68021,32814,35207,17006,8076,8930,
85055,68033,32768,35265,119053,57304,61749,136059,65454,70605,119049,57228,61821,68025,32817,35208,17007,8077,8930,
85060,68037,32769,35268,119060,57306,61754,136067,65460,70607,119056,57234,61822,68029,32820,35209,17008,8078,8930,
85065,68041,32770,35271,119067,57313,61754,136075,65462,70613,119063,57236,61827,68033,32822,35211,17009,8079,8930,
85070,68045,32771,35274,119074,57317,61757,136083,65465,70618,119070,57240,61830,68037,32823,35214,17010,8079,8931,
85075,68049,32774,35275,119081,57322,61759,136091,65466,70625,119077,57243,61834,68041,32825,35216,17011,8079,8932,
85080,68053,32776,35277,119088,57325,61763,136099,65470,70629,119084,57248,61836,68045,32828,35217,17012,8079,8933,
85085,68057,32778,35279,119095,57328,61767,136107,65472,70635,119091,57249,61842,68049,32830,35219,17013,8080,8933,
85090,68061,32780,35281,119102,57332,61770,136115,65475,70640,119098,57251,61847,68053,32830,35223,17014,8080,8934,
85095,68065,32781,35284,119109,57335,61774,136123,65480,70643,119105,57253,61852,68057,32830,35227,17015,8080,8935,
85100,68069,32783,35286,119116,57338,61778,136131,65481,70650,119112,57256,61856,68061,32833,35228,17016,8081,8935,
85105,68073,32785,35288,119123,57342,61781,136139,65484,70655,119119,57260,61859,68065,32835,35230,17017,8081,8936,
85110,68077,32789,35288,119130,57346,61784,136147,65490,70657,119126,57263,61863,68069,32837,35232,17018,8081,8937,
85115,68081,32790,35291,119137,57350,61787,136155,65497,70658,119133,57265,61868,68073,32839,35234,17019,8082,8937,
85120,68085,32792,35293,119144,57355,61789,136163,65499,70664,119140,57271,61869,68077,32842,35235,17020,8083,8937,
85125,68089,32794,35295,119151,57358,61793,136171,65503,70668,119147,57274,61873,68081,32842,35239,17021,8084,8937,
85130,68093,32796,35297,119158,57363,61795,136179,65507,70672,119154,57277,61877,68085,32845,35240,17022,8084,8938,
85135,68097,32800,35297,119165,57366,61799,136187,65509,70678,119161,57280,61881,68089,32848,35241,17023,8084,8939,
85140,68101,32802,35299,119172,57371,61801,136195,65515,70680,119168,57284,61884,68093,32849,35244,17024,8084,8940,
85145,68105,32805,35300,119179,57373,61806,136203,65520,70683,119175,57287,61888,68097,32852,35245,17025,8085,8940,
85150,68109,32808,35301,119186,57378,61808,136211,65523,70688,119182,57290,61892,68101,32854,35247,17026,8086,8940,
85155,68113,32810,35303,119193,57381,61812,136219,65527,70692,119189,57294,61895,68105,32857,35248,17027,8087,8940,
85160,68117,32811,35306,119200,57385,61815,136227,65530,70697,119196,57298,61898,68109,32859,35250,17028,8088,8940,
85165,68121,32812,35309,119207,57388,61819,136235,65535,70700,119203,57301,61902,68113,32861,35252,17029,8088,8941,
85170,68125,32815,35310,119214,57392,61822,136243,65539,70704,119210,57307,61903,68117,32864,35253,17030,8089,8941,
85175,68129,32818,35311,119221,57398,61823,136251,65542,70709,119217,57309,61908,68121,32867,35254,17031,8090,8941,
85180,68133,32820,35313,119228,57402,61826,136259,65546,70713,119224,57311,61913,68125,32868,35257,17032,8090,8942,
85185,68137,32823,35314,119235,57403,61832,136267,65550,70717,119231,57313,61918,68129,32869,35260,17033,8090,8943,
85190,68141,32825,35316,119242,57407,61835,136275,65556,70719,119238,57317,61921,68133,32872,35261,17034,8090,8944,
85195,68145,32828,35317,119249,57410,61839,136283,65562,70721,119245,57319,61926,68137,32874,35263,17035,8090,8945,
85200,68149,32830,35319,119256,57414,61842,136291,65563,70728,119252,57322,61930,68141,32876,35265,17036,8090,8946,
85205,68153,32830,35323,119263,57416,61847,136299,65567,70732,119259,57325,61934,68145,32877,35268,17037,8091,8946,
85210,68157,32831,35326,119270,57420,61850,136307,65571,70736,119266,57331,61935,68149,32881,35268,17038,8092,8946,
85215,68161,32833,35328,119277,57423,61854,136315,65575,70740,119273,57336,61937,68153,32883,35270,17039,8093,8946,
85220,68165,32835,35330,119284,57425,61859,136323,65581,70742,119280,57337,61943,68157,32885,35272,17040,8093,8947,
85225,68169,32838,35331,119291,57428,61863,136331,65584,70747,119287,57340,61947,68161,32887,35274,17041,8093,8948,
85230,68173,32841,35332,119298,57432,61866,136339,65589,70750,119294,57343,61951,68165,32890,35275,17042,8094,8948,
85235,68177,32844,35333,119305,57435,61870,136347,65591,70756,119301,57345,61956,68169,32891,35278,17043,8095,8948,
85240,68181,32845,35336,119312,57437,61875,136355,65593,70762,119308,57347,61961,68173,32892,35281,17044,8095,8949,
85245,68185,32847,35338,119319,57440,61879,136363,65595,70768,119315,57351,61964,68177,32894,35283,17045,8096,8949,
85250,68189,32849,35340,119326,57444,61882,136371,65600,70771,119322,57356,61966,68181,32897,35284,17046,8096,8950,
85255,68193,32849,35344,119333,57449,61884,136379,65602,70777,119329,57360,61969,68185,32901,35284,17047,8097,8950,
85260,68197,32850,35347,119340,57450,61890,136387,65606,70781,119336,57363,61973,68189,32902,35287,17048,8097,8951,
85265,68201,32853,35348,119347,57452,61895,136395,65611,70784,119343,57369,61974,68193,32905,35288,17049,8098,8951,
85270,68205,32856,35349,119354,57453,61901,136403,65614,70789,119350,57373,61977,68197,32908,35289,17050,8098,8952,
85275,68209,32857,35352,119361,57458,61903,136411,65617,70794,119357,57376,61981,68201,32911,35290,17051,8098,8953,
85280,68213,32859,35354,119368,57461,61907,136419,65622,70797,119364,57379,61985,68205,32914,35291,17052,8099,8953,
85285,68217,32861,35356,119375,57464,61911,136427,65629,70798,119371,57381,61990,68209,32916,35293,17053,8099,8954,
85290,68221,32863,35358,119382,57466,61916,136435,65632,70803,119378,57385,61993,68213,32917,35296,17054,8099,8955,
85295,68225,32864,35361,119389,57468,61921,136443,65639,70804,119385,57389,61996,68217,32920,35297,17055,8099,8956,
85300,68229,32867,35362,119396,57468,61928,136451,65642,70809,119392,57392,62000,68221,32922,35299,17056,8099,8957,
85305,68233,32870,35363,119403,57471,61932,136459,65647,70812,119399,57396,62003,68225,32924,35301,17057,8100,8957,
85310,68237,32872,35365,119410,57473,61937,136467,65650,70817,119406,57401,62005,68229,32927,35302,17058,8101,8957,
85315,68241,32873,35368,119417,57477,61940,136475,65652,70823,119413,57407,62006,68233,32928,35305,17059,8102,8957,
85320,68245,32876,35369,119424,57478,61946,136483,65656,70827,119420,57409,62011,68237,32929,35308,17060,8103,8957,
85325,68249,32878,35371,119431,57481,61950,136491,65662,70829,119427,57413,62014,68241,32932,35309,17061,8103,8958,
85330,68253,32879,35374,119438,57486,61952,136499,65666,70833,119434,57418,62016,68245,32934,35311,17062,8104,8958,
85335,68257,32880,35377,119445,57489,61956,136507,65671,70836,119441,57419,62022,68249,32936,35313,17063,8104,8959,
85340,68261,32881,35380,119452,57492,61960,136515,65673,70842,119448,57423,62025,68253,32938,35315,17064,8104,8960,
85345,68265,32883,35382,119459,57496,61963,136523,65674,70849,119455,57426,62029,68257,32940,35317,17065,8105,8960,
85350,68269,32884,35385,119466,57501,61965,136531,65676,70855,119462,57426,62036,68261,32943,35318,17066,8106,8960,
85355,68273,32886,35387,119473,57504,61969,136539,65679,70860,119469,57430,62039,68265,32945,35320,17067,8106,8961,
85360,68277,32886,35391,119480,57508,61972,136547,65680,70867,119476,57432,62044,68269,32947,35322,17068,8107,8961,
85365,68281,32888,35393,119487,57513,61974,136555,65682,70873,119483,57433,62050,68273,32950,35323,17069,8108,8961,
85370,68285,32890,35395,119494,57517,61977,136563,65686,70877,119490,57437,62053,68277,32951,35326,17070,8108,8962,
85375,68289,32891,35398,119501,57522,61979,136571,65690,70881,119497,57439,62058,68281,32954,35327,17071,8108,8963,
85380,68293,32893,35400,119508,57524,61984,136579,65694,70885,119504,57444,62060,68285,32956,35329,17072,8108,8964,
85385,68297,32894,35403,119515,57529,61986,136587,65695,70892,119511,57449,62062,68289,32958,35331,17073,8108,8965,
85390,68301,32896,35405,119522,57533,61989,136595,65699,70896,119518,57454,62064,68293,32960,35333,17074,8109,8965,
85395,68305,32897,35408,119529,57536,61993,136603,65705,70898,119525,57457,62068,68297,32962,35335,17075,8109,8966,
85400,68309,32898,35411,119536,57539,61997,136611,65709,70902,119532,57460,62072,68301,32964,35337,17076,8109,8967,
85405,68313,32900,35413,119543,57542,62001,136619,65714,70905,119539,57462,62077,68305,32965,35340,17077,8109,8968,
85410,68317,32903,35414,119550,57546,62004,136627,65718,70909,119546,57466,62080,68309,32967,35342,17078,8110,8968,
85415,68321,32903,35418,119557,57550,62007,136635,65723,70912,119553,57468,62085,68313,32970,35343,17079,8110,8969,
85420,68325,32904,35421,119564,57555,62009,136643,65728,70915,119560,57471,62089,68317,32973,35344,17080,8110,8970,
85425,68329,32907,35422,119571,57556,62015,136651,65730,70921,119567,57472,62095,68321,32976,35345,17081,8111,8970,
85430,68333,32908,35425,119578,57560,62018,136659,65732,70927,119574,57473,62101,68325,32979,35346,17082,8112,8970,
85435,68337,32910,35427,119585,57566,62019,136667,65736,70931,119581,57474,62107,68329,32980,35349,17083,8112,8971,
85440,68341,32911,35430,119592,57572,62020,136675,65741,70934,119588,57478,62110,68333,32981,35352,17084,8113,8971,
85445,68345,32913,35432,119599,57576,62023,136683,65747,70936,119595,57482,62113,68337,32984,35353,17085,8114,8971,
85450,68349,32916,35433,119606,57581,62025,136691,65750,70941,119602,57483,62119,68341,32985,35356,17086,8115,8971,
85455,68353,32919,35434,119613,57586,62027,136699,65756,70943,119609,57486,62123,68345,32986,35359,17087,8115,8972,
85460,68357,32922,35435,119620,57589,62031,136707,65761,70946,119616,57489,62127,68349,32987,35362,17088,8115,8973,
85465,68361,32925,35436,119627,57594,62033,136715,65766,70949,119623,57493,62130,68353,32989,35364,17089,8116,8973,
85470,68365,32927,35438,119634,57596,62038,136723,65769,70954,119630,57497,62133,68357,32990,35367,17090,8117,8973,
85475,68369,32930,35439,119641,57598,62043,136731,65772,70959,119637,57500,62137,68361,32991,35370,17091,8117,8974,
85480,68373,32933,35440,119648,57601,62047,136739,65775,70964,119644,57502,62142,68365,32995,35370,17092,8117,8975,
85485,68377,32935,35442,119655,57604,62051,136747,65779,70968,119651,57505,62146,68369,32998,35371,17093,8117,8976,
85490,68381,32938,35443,119662,57607,62055,136755,65785,70970,119658,57507,62151,68373,32999,35374,17094,8117,8977,
85495,68385,32939,35446,119669,57610,62059,136763,65789,70974,119665,57511,62154,68377,33001,35376,17095,8118,8977,
85500,68389,32940,35449,119676,57614,62062,136771,65789,70982,119672,57516,62156,68381,33003,35378,17096,8118,8978,
85505,68393,32943,35450,119683,57616,62067,136779,65791,70988,119679,57519,62160,68385,33004,35381,17097,8119,8978,
85510,68397,32946,35451,119690,57620,62070,136787,65794,70993,119686,57522,62164,68389,33006,35383,17098,8119,8979,
85515,68401,32949,35452,119697,57623,62074,136795,65799,70996,119693,57527,62166,68393,33008,35385,17099,8119,8980,
85520,68405,32950,35455,119704,57626,62078,136803,65804,70999,119700,57530,62170,68397,33010,35387,17100,8119,8981,
85525,68409,32951,35458,119711,57629,62082,136811,65806,71005,119707,57534,62173,68401,33012,35389,17101,8120,8981,
85530,68413,32953,35460,119718,57634,62084,136819,65812,71007,119714,57535,62179,68405,33015,35390,17102,8120,8982,
85535,68417,32956,35461,119725,57638,62087,136827,65816,71011,119721,57539,62182,68409,33018,35391,17103,8120,8983,
85540,68421,32956,35465,119732,57644,62088,136835,65817,71018,119728,57542,62186,68413,33019,35394,17104,8120,8984,
85545,68425,32957,35468,119739,57647,62092,136843,65821,71022,119735,57544,62191,68417,33020,35397,17105,8121,8984,
85550,68429,32958,35471,119746,57651,62095,136851,65825,71026,119742,57546,62196,68421,33021,35400,17106,8121,8985,
85555,68433,32958,35475,119753,57654,62099,136859,65830,71029,119749,57548,62201,68425,33022,35403,17107,8122,8985,
85560,68437,32961,35476,119760,57658,62102,136867,65835,71032,119756,57554,62202,68429,33024,35405,17108,8122,8986,
85565,68441,32963,35478,119767,57663,62104,136875,65838,71037,119763,57559,62204,68433,33026,35407,17109,8122,8987,
85570,68445,32966,35479,119774,57666,62108,136883,65841,71042,119770,57562,62208,68437,33028,35409,17110,8123,8987,
85575,68449,32969,35480,119781,57669,62112,136891,65845,71046,119777,57566,62211,68441,33030,35411,17111,8123,8988,
85580,68453,32971,35482,119788,57672,62116,136899,65847,71052,119784,57570,62214,68445,33031,35414,17112,8124,8988,
85585,68457,32972,35485,119795,57674,62121,136907,65849,71058,119791,57574,62217,68449,33033,35416,17113,8124,8989,
85590,68461,32974,35487,119802,57679,62123,136915,65854,71061,119798,57577,62221,68453,33035,35418,17114,8124,8990,
85595,68465,32974,35491,119809,57681,62128,136923,65857,71066,119805,57579,62226,68457,33037,35420,17115,8124,8991,
85600,68469,32976,35493,119816,57683,62133,136931,65860,71071,119812,57583,62229,68461,33038,35423,17116,8125,8991,
85605,68473,32978,35495,119823,57686,62137,136939,65865,71074,119819,57588,62231,68465,33039,35426,17117,8126,8991,
85610,68477,32980,35497,119830,57688,62142,136947,65866,71081,119826,57591,62235,68469,33041,35428,17118,8126,8992,
85615,68481,32981,35500,119837,57691,62146,136955,65870,71085,119833,57595,62238,68473,33042,35431,17119,8126,8993,
85620,68485,32982,35503,119844,57694,62150,136963,65874,71089,119840,57599,62241,68477,33044,35433,17120,8126,8994,
85625,68489,32983,35506,119851,57698,62153,136971,65878,71093,119847,57602,62245,68481,33046,35435,17121,8127,8994,
85630,68493,32985,35508,119858,57703,62155,136979,65884,71095,119854,57605,62249,68485,33048,35437,17122,8128,8994,
85635,68497,32988,35509,119865,57706,62159,136987,65887,71100,119861,57606,62255,68489,33052,35437,17123,8129,8994,
85640,68501,32990,35511,119872,57712,62160,136995,65889,71106,119868,57607,62261,68493,33054,35439,17124,8130,8994,
85645,68505,32991,35514,119879,57716,62163,137003,65892,71111,119875,57612,62263,68497,33055,35442,17125,8130,8995,
85650,68509,32995,35514,119886,57718,62168,137011,65896,71115,119882,57614,62268,68501,33055,35446,17126,8130,8996,
85655,68513,32997,35516,119893,57722,62171,137019,65902,71117,119889,57618,62271,68505,33057,35448,17127,8131,8996,
85660,68517,32997,35520,119900,57723,62177,137027,65905,71122,119896,57622,62274,68509,33060,35449,17128,8131,8997,
85665,68521,32999,35522,119907,57727,62180,137035,65907,71128,119903,57626,62277,68513,33061,35452,17129,8131,8998,
85670,68525,33000,35525,119914,57730,62184,137043,65910,71133,119910,57631,62279,68517,33062,35455,17130,8131,8999,
85675,68529,33001,35528,119921,57732,62189,137051,65914,71137,119917,57634,62283,68521,33065,35456,17131,8131,9000,
85680,68533,33003,35530,119928,57735,62193,137059,65918,71141,119924,57638,62286,68525,33069,35456,17132,8131,9001,
85685,68537,33006,35531,119935,57738,62197,137067,65921,71146,119931,57641,62290,68529,33072,35457,17133,8131,9002,
85690,68541,33008,35533,119942,57743,62199,137075,65924,71151,119938,57644,62294,68533,33074,35459,17134,8132,9002,
85695,68545,33011,35534,119949,57746,62203,137083,65932,71151,119945,57649,62296,68537,33075,35462,17135,8132,9003,
85700,68549,33013,35536,119956,57751,62205,137091,65939,71152,119952,57655,62297,68541,33077,35464,17136,8132,9004,
85705,68553,33015,35538,119963,57754,62209,137099,65944,71155,119959,57660,62299,68545,33078,35467,17137,8132,9005,
85710,68557,33015,35542,119970,57757,62213,137107,65950,71157,119966,57667,62299,68549,33080,35469,17138,8133,9005,
85715,68561,33017,35544,119977,57760,62217,137115,65953,71162,119973,57670,62303,68553,33082,35471,17139,8133,9006,
85720,68565,33020,35545,119984,57764,62220,137123,65957,71166,119980,57673,62307,68557,33085,35472,17140,8134,9006,
85725,68569,33023,35546,119991,57767,62224,137131,65962,71169,119987,57677,62310,68561,33086,35475,17141,8134,9007,
85730,68573,33024,35549,119998,57772,62226,137139,65968,71171,119994,57680,62314,68565,33087,35478,17142,8134,9008,
85735,68577,33026,35551,120005,57775,62230,137147,65972,71175,120001,57686,62315,68569,33087,35482,17143,8134,9009,
85740,68581,33028,35553,120012,57778,62234,137155,65975,71180,120008,57689,62319,68573,33089,35484,17144,8134,9010,
85745,68585,33029,35556,120019,57782,62237,137163,65979,71184,120015,57694,62321,68577,33092,35485,17145,8134,9011,
85750,68589,33031,35558,120026,57784,62242,137171,65982,71189,120022,57697,62325,68581,33095,35486,17146,8134,9012,
85755,68593,33033,35560,120033,57788,62245,137179,65986,71193,120029,57698,62331,68585,33096,35489,17147,8135,9012,
85760,68597,33034,35563,120040,57790,62250,137187,65989,71198,120036,57701,62335,68589,33098,35491,17148,8136,9012,
85765,68601,33037,35564,120047,57794,62253,137195,65994,71201,120043,57705,62338,68593,33098,35495,17149,8137,9012,
85770,68605,33040,35565,120054,57796,62258,137203,65997,71206,120050,57708,62342,68597,33101,35496,17150,8138,9012,
85775,68609,33043,35566,120061,57798,62263,137211,66002,71209,120057,57714,62343,68601,33102,35499,17151,8139,9012,
85780,68613,33045,35568,120068,57803,62265,137219,66006,71213,120064,57718,62346,68605,33102,35503,17152,8140,9012,
85785,68617,33048,35569,120075,57807,62268,137227,66008,71219,120071,57720,62351,68609,33104,35505,17153,8140,9013,
85790,68621,33051,35570,120082,57812,62270,137235,66011,71224,120078,57721,62357,68613,33105,35508,17154,8140,9014,
85795,68625,33052,35573,120089,57813,62276,137243,66016,71227,120085,57726,62359,68617,33107,35510,17155,8141,9014,
85800,68629,33054,35575,120096,57816,62280,137251,66017,71234,120092,57727,62365,68621,33108,35513,17156,8142,9014,
85805,68633,33056,35577,120103,57820,62283,137259,66023,71236,120099,57729,62370,68625,33109,35516,17157,8142,9015,
85810,68637,33059,35578,120110,57822,62288,137267,66026,71241,120106,57732,62374,68629,33109,35520,17158,8142,9016,
85815,68641,33061,35580,120117,57825,62292,137275,66030,71245,120113,57735,62378,68633,33111,35522,17159,8142,9017,
85820,68645,33063,35582,120124,57828,62296,137283,66034,71249,120120,57740,62380,68637,33112,35525,17160,8143,9017,
85825,68649,33064,35585,120131,57832,62299,137291,66039,71252,120127,57746,62381,68641,33113,35528,17161,8144,9017,
85830,68653,33065,35588,120138,57835,62303,137299,66043,71256,120134,57752,62382,68645,33117,35528,17162,8144,9018,
85835,68657,33067,35590,120145,57840,62305,137307,66045,71262,120141,57756,62385,68649,33118,35531,17163,8145,9018,
85840,68661,33070,35591,120152,57842,62310,137315,66048,71267,120148,57758,62390,68653,33120,35533,17164,8146,9018,
85845,68665,33070,35595,120159,57847,62312,137323,66049,71274,120155,57760,62395,68657,33122,35535,17165,8147,9018,
85850,68669,33071,35598,120166,57849,62317,137331,66054,71277,120162,57762,62400,68661,33124,35537,17166,8148,9018,
85855,68673,33073,35600,120173,57852,62321,137339,66059,71280,120169,57767,62402,68665,33124,35541,17167,8148,9019,
85860,68677,33074,35603,120180,57855,62325,137347,66061,71286,120176,57772,62404,68669,33126,35543,17168,8149,9019,
85865,68681,33078,35603,120187,57859,62328,137355,66065,71290,120183,57775,62408,68673,33128,35545,17169,8149,9020,
85870,68685,33081,35604,120194,57861,62333,137363,66068,71295,120190,57778,62412,68677,33129,35548,17170,8150,9020,
85875,68689,33082,35607,120201,57867,62334,137371,66071,71300,120197,57780,62417,68681,33131,35550,17171,8150,9021,
85880,68693,33083,35610,120208,57869,62339,137379,66075,71304,120204,57783,62421,68685,33133,35552,17172,8150,9022,
85885,68697,33084,35613,120215,57873,62342,137387,66080,71307,120211,57787,62424,68689,33135,35554,17173,8151,9022,
85890,68701,33085,35616,120222,57874,62348,137395,66085,71310,120218,57789,62429,68693,33137,35556,17174,8152,9022,
85895,68705,33087,35618,120229,57878,62351,137403,66088,71315,120225,57792,62433,68697,33139,35558,17175,8153,9022,
85900,68709,33090,35619,120236,57884,62352,137411,66092,71319,120232,57794,62438,68701,33140,35561,17176,8154,9022,
85905,68713,33092,35621,120243,57887,62356,137419,66097,71322,120239,57799,62440,68705,33142,35563,17177,8154,9023,
85910,68717,33095,35622,120250,57888,62362,137427,66101,71326,120246,57802,62444,68709,33143,35566,17178,8154,9024,
85915,68721,33097,35624,120257,57891,62366,137435,66105,71330,120253,57806,62447,68713,33146,35567,17179,8155,9024,
85920,68725,33098,35627,120264,57897,62367,137443,66108,71335,120260,57811,62449,68717,33149,35568,17180,8156,9024,
85925,68729,33100,35629,120271,57902,62369,137451,66110,71341,120267,57815,62452,68721,33149,35572,17181,8156,9025,
85930,68733,33102,35631,120278,57907,62371,137459,66112,71347,120274,57819,62455,68725,33151,35574,17182,8156,9026,
85935,68737,33105,35632,120285,57914,62371,137467,66115,71352,120281,57822,62459,68729,33154,35575,17183,8156,9027,
85940,68741,33107,35634,120292,57916,62376,137475,66118,71357,120288,57827,62461,68733,33156,35577,17184,8156,9028,
85945,68745,33109,35636,120299,57921,62378,137483,66123,71360,120295,57830,62465,68737,33157,35580,17185,8157,9028,
85950,68749,33111,35638,120306,57926,62380,137491,66128,71363,120302,57835,62467,68741,33157,35584,17186,8158,9028,
85955,68753,33112,35641,120313,57931,62382,137499,66130,71369,120309,57839,62470,68745,33160,35585,17187,8158,9029,
85960,68757,33114,35643,120320,57936,62384,137507,66135,71372,120316,57842,62474,68749,33161,35588,17188,8158,9030,
85965,68761,33116,35645,120327,57938,62389,137515,66138,71377,120323,57847,62476,68753,33163,35590,17189,8159,9030,
85970,68765,33117,35648,120334,57939,62395,137523,66142,71381,120330,57848,62482,68757,33166,35591,17190,8159,9031,
85975,68769,33119,35650,120341,57942,62399,137531,66147,71384,120337,57852,62485,68761,33169,35592,17191,8159,9032,
85980,68773,33122,35651,120348,57946,62402,137539,66150,71389,120344,57854,62490,68765,33171,35594,17192,8160,9032,
85985,68777,33124,35653,120355,57951,62404,137547,66152,71395,120351,57859,62492,68769,33173,35596,17193,8160,9033,
85990,68781,33127,35654,120362,57952,62410,137555,66157,71398,120358,57860,62498,68773,33174,35599,17194,8161,9033,
85995,68785,33130,35655,120369,57958,62411,137563,66160,71403,120365,57865,62500,68777,33177,35600,17195,8161,9034,
86000,68789,33132,35657,120376,57961,62415,137571,66165,71406,120372,57869,62503,68781,33178,35603,17196,8162,9034,
86005,68793,33134,35659,120383,57964,62419,137579,66168,71411,120379,57873,62506,68785,33180,35605,17197,8163,9034,
86010,68797,33137,35660,120390,57968,62422,137587,66172,71415,120386,57874,62512,68789,33184,35605,17198,8163,9035,
86015,68801,33141,35660,120397,57970,62427,137595,66177,71418,120393,57875,62518,68793,33187,35606,17199,8164,9035,
86020,68805,33144,35661,120404,57974,62430,137603,66180,71423,120400,57877,62523,68797,33189,35608,17200,8165,9035,
86025,68809,33146,35663,120411,57978,62433,137611,66185,71426,120407,57880,62527,68801,33192,35609,17201,8165,9036,
86030,68813,33147,35666,120418,57982,62436,137619,66188,71431,120414,57885,62529,68805,33195,35610,17202,8165,9037,
86035,68817,33149,35668,120425,57985,62440,137627,66193,71434,120421,57889,62532,68809,33198,35611,17203,8166,9037,
86040,68821,33151,35670,120432,57989,62443,137635,66194,71441,120428,57894,62534,68813,33199,35614,17204,8166,9038,
86045,68825,33152,35673,120439,57992,62447,137643,66197,71446,120435,57898,62537,68817,33201,35616,17205,8167,9038,
86050,68829,33156,35673,120446,57994,62452,137651,66199,71452,120442,57902,62540,68821,33203,35618,17206,8168,9038,
86055,68833,33158,35675,120453,57998,62455,137659,66203,71456,120449,57903,62546,68825,33205,35620,17207,8169,9038,
86060,68837,33162,35675,120460,58001,62459,137667,66208,71459,120456,57906,62550,68829,33209,35620,17208,8170,9038,
86065,68841,33165,35676,120467,58005,62462,137675,66213,71462,120463,57910,62553,68833,33211,35622,17209,8171,9038,
86070,68845,33166,35679,120474,58011,62463,137683,66216,71467,120470,57913,62557,68837,33213,35624,17210,8172,9038,
86075,68849,33169,35680,120481,58015,62466,137691,66218,71473,120477,57916,62561,68841,33214,35627,17211,8172,9039,
86080,68853,33172,35681,120488,58018,62470,137699,66221,71478,120484,57920,62564,68845,33215,35630,17212,8172,9040,
86085,68857,33174,35683,120495,58022,62473,137707,66226,71481,120491,57923,62568,68849,33216,35633,17213,8173,9040,
86090,68861,33174,35687,120502,58025,62477,137715,66229,71486,120498,57927,62571,68853,33216,35637,17214,8173,9041,
86095,68865,33176,35689,120509,58029,62480,137723,66235,71488,120505,57931,62574,68857,33217,35640,17215,8173,9042,
86100,68869,33179,35690,120516,58030,62486,137731,66238,71493,120512,57935,62577,68861,33219,35642,17216,8173,9043,
86105,68873,33181,35692,120523,58033,62490,137739,66244,71495,120519,57937,62582,68865,33222,35643,17217,8174,9043,
86110,68877,33183,35694,120530,58036,62494,137747,66247,71500,120526,57940,62586,68869,33225,35644,17218,8174,9044,
86115,68881,33186,35695,120537,58040,62497,137755,66250,71505,120533,57944,62589,68873,33226,35647,17219,8174,9045,
86120,68885,33188,35697,120544,58046,62498,137763,66252,71511,120540,57947,62593,68877,33226,35651,17220,8174,9046,
86125,68889,33191,35698,120551,58052,62499,137771,66256,71515,120547,57951,62596,68881,33226,35655,17221,8174,9047,
86130,68893,33193,35700,120558,58056,62502,137779,66261,71518,120554,57955,62599,68885,33230,35655,17222,8175,9047,
86135,68897,33194,35703,120565,58058,62507,137787,66266,71521,120561,57957,62604,68889,33234,35655,17223,8175,9048,
86140,68901,33196,35705,120572,58060,62512,137795,66272,71523,120568,57962,62606,68893,33235,35658,17224,8176,9048,
86145,68905,33197,35708,120579,58064,62515,137803,66275,71528,120575,57966,62609,68897,33237,35660,17225,8176,9049,
86150,68909,33199,35710,120586,58070,62516,137811,66281,71530,120582,57970,62612,68901,33238,35663,17226,8176,9050,
86155,68913,33202,35711,120593,58073,62520,137819,66284,71535,120589,57972,62617,68905,33238,35667,17227,8176,9051,
86160,68917,33204,35713,120600,58077,62523,137827,66291,71536,120596,57975,62621,68909,33240,35669,17228,8176,9052,
86165,68921,33205,35716,120607,58084,62523,137835,66294,71541,120603,57977,62626,68913,33243,35670,17229,8176,9053,
86170,68925,33206,35719,120614,58086,62528,137843,66300,71543,120610,57981,62629,68917,33245,35672,17230,8176,9054,
86175,68929,33208,35721,120621,58089,62532,137851,66305,71546,120617,57984,62633,68921,33248,35673,17231,8177,9054,
86180,68933,33212,35721,120628,58094,62534,137859,66312,71547,120624,57987,62637,68925,33249,35676,17232,8177,9055,
86185,68937,33213,35724,120635,58098,62537,137867,66316,71551,120631,57991,62640,68929,33250,35679,17233,8178,9055,
86190,68941,33215,35726,120642,58101,62541,137875,66320,71555,120638,57994,62644,68933,33252,35681,17234,8179,9055,
86195,68945,33216,35729,120649,58105,62544,137883,66323,71560,120645,57999,62646,68937,33255,35682,17235,8179,9056,
86200,68949,33216,35733,120656,58108,62548,137891,66326,71565,120652,58002,62650,68941,33257,35684,17236,8180,9056,
86205,68953,33218,35735,120663,58110,62553,137899,66329,71570,120659,58004,62655,68945,33260,35685,17237,8181,9056,
86210,68957,33222,35735,120670,58114,62556,137907,66336,71571,120666,58009,62657,68949,33262,35687,17238,8181,9057,
86215,68961,33224,35737,120677,58117,62560,137915,66339,71576,120673,58013,62660,68953,33266,35687,17239,8181,9058,
86220,68965,33225,35740,120684,58119,62565,137923,66343,71580,120680,58014,62666,68957,33268,35689,17240,8182,9058,
86225,68969,33227,35742,120691,58123,62568,137931,66346,71585,120687,58018,62669,68961,33270,35691,17241,8183,9058,
86230,68973,33228,35745,120698,58128,62570,137939,66350,71589,120694,58024,62670,68965,33273,35692,17242,8183,9059,
86235,68977,33231,35746,120705,58133,62572,137947,66350,71597,120701,58028,62673,68969,33275,35694,17243,8183,9060,
86240,68981,33235,35746,120712,58135,62577,137955,66353,71602,120708,58032,62676,68973,33275,35698,17244,8183,9061,
86245,68985,33238,35747,120719,58139,62580,137963,66357,71606,120715,58032,62683,68977,33276,35701,17245,8184,9061,
86250,68989,33238,35751,120726,58145,62581,137971,66361,71610,120722,58035,62687,68981,33278,35703,17246,8184,9062,
86255,68993,33239,35754,120733,58149,62584,137979,66364,71615,120729,58038,62691,68985,33280,35705,17247,8184,9063,
86260,68997,33243,35754,120740,58154,62586,137987,66370,71617,120736,58042,62694,68989,33283,35706,17248,8184,9064,
86265,69001,33244,35757,120747,58157,62590,137995,66373,71622,120743,58047,62696,68993,33283,35710,17249,8184,9065,
86270,69005,33245,35760,120754,58160,62594,138003,66378,71625,120750,58049,62701,68997,33285,35712,17250,8184,9066,
86275,69009,33247,35762,120761,58162,62599,138011,66382,71629,120757,58050,62707,69001,33286,35715,17251,8185,9066,
86280,69013,33249,35764,120768,58166,62602,138019,66386,71633,120764,58053,62711,69005,33289,35716,17252,8186,9066,
86285,69017,33252,35765,120775,58169,62606,138027,66392,71635,120771,58054,62717,69009,33293,35716,17253,8187,9066,
86290,69021,33253,35768,120782,58172,62610,138035,66398,71637,120778,58057,62721,69013,33294,35719,17254,8187,9067,
86295,69025,33255,35770,120789,58176,62613,138043,66402,71641,120785,58058,62727,69017,33295,35722,17255,8188,9067,
86300,69029,33256,35773,120796,58181,62615,138051,66407,71644,120792,58058,62734,69021,33297,35724,17256,8188,9068,
86305,69033,33259,35774,120803,58184,62619,138059,66410,71649,120799,58063,62736,69025,33297,35728,17257,8189,9068,
86310,69037,33261,35776,120810,58186,62624,138067,66414,71653,120806,58068,62738,69029,33299,35730,17258,8189,9069,
86315,69041,33261,35780,120817,58191,62626,138075,66419,71656,120813,58071,62742,69033,33302,35731,17259,8189,9070,
86320,69045,33262,35783,120824,58194,62630,138083,66424,71659,120820,58073,62747,69037,33303,35734,17260,8189,9071,
86325,69049,33264,35785,120831,58197,62634,138091,66426,71665,120827,58075,62752,69041,33306,35735,17261,8190,9071,
86330,69053,33265,35788,120838,58201,62637,138099,66429,71670,120834,58079,62755,69045,33307,35738,17262,8191,9071,
86335,69057,33268,35789,120845,58206,62639,138107,66431,71676,120841,58082,62759,69049,33310,35739,17263,8192,9071,
86340,69061,33269,35792,120852,58207,62645,138115,66434,71681,120848,58084,62764,69053,33312,35741,17264,8192,9072,
86345,69065,33273,35792,120859,58209,62650,138123,66438,71685,120855,58086,62769,69057,33315,35742,17265,8192,9073,
86350,69069,33274,35795,120866,58213,62653,138131,66442,71689,120862,58087,62775,69061,33316,35745,17266,8193,9073,
86355,69073,33276,35797,120873,58214,62659,138139,66445,71694,120869,58090,62779,69065,33317,35748,17267,8194,9073,
86360,69077,33276,35801,120880,58219,62661,138147,66450,71697,120876,58094,62782,69069,33319,35750,17268,8195,9073,
86365,69081,33278,35803,120887,58224,62663,138155,66455,71700,120883,58096,62787,69073,33321,35752,17269,8196,9073,
86370,69085,33280,35805,120894,58228,62666,138163,66460,71703,120890,58099,62791,69077,33323,35754,17270,8197,9073,
86375,69089,33281,35808,120901,58234,62667,138171,66464,71707,120897,58102,62795,69081,33326,35755,17271,8198,9073,
86380,69093,33284,35809,120908,58236,62672,138179,66468,71711,120904,58104,62800,69085,33329,35756,17272,8199,9073,
86385,69097,33286,35811,120915,58239,62676,138187,66471,71716,120911,58107,62804,69089,33329,35760,17273,8199,9074,
86390,69101,33287,35814,120922,58245,62677,138195,66475,71720,120918,58110,62808,69093,33332,35761,17274,8199,9075,
86395,69105,33288,35817,120929,58250,62679,138203,66480,71723,120925,58113,62812,69097,33335,35762,17275,8199,9076,
86400,69109,33290,35819,120936,58257,62679,138211,66487,71724,120932,58116,62816,69101,33335,35766,17276,8200,9076,
86405,69113,33292,35821,120943,58262,62681,138219,66491,71728,120939,58119,62820,69105,33336,35769,17277,8201,9076,
86410,69117,33292,35825,120950,58267,62683,138227,66492,71735,120946,58122,62824,69109,33337,35772,17278,8202,9076,
86415,69121,33293,35828,120957,58271,62686,138235,66493,71742,120953,58125,62828,69113,33340,35773,17279,8202,9077,
86420,69125,33296,35829,120964,58273,62691,138243,66498,71745,120960,58127,62833,69117,33341,35776,17280,8203,9077,
86425,69129,33298,35831,120971,58276,62695,138251,66502,71749,120967,58130,62837,69121,33343,35778,17281,8203,9078,
86430,69133,33300,35833,120978,58279,62699,138259,66507,71752,120974,58135,62839,69125,33344,35781,17282,8204,9078,
86435,69137,33303,35834,120985,58284,62701,138267,66513,71754,120981,58140,62841,69129,33346,35783,17283,8204,9079,
86440,69141,33304,35837,120992,58287,62705,138275,66515,71760,120988,58142,62846,69133,33349,35784,17284,8205,9079,
86445,69145,33307,35838,120999,58290,62709,138283,66519,71764,120995,58146,62849,69137,33350,35787,17285,8205,9080,
86450,69149,33310,35839,121006,58291,62715,138291,66521,71770,121002,58150,62852,69141,33352,35789,17286,8206,9080,
86455,69153,33311,35842,121013,58294,62719,138299,66525,71774,121009,58154,62855,69145,33356,35789,17287,8206,9081,
86460,69157,33315,35842,121020,58299,62721,138307,66527,71780,121016,58154,62862,69149,33358,35791,17288,8206,9082,
86465,69161,33317,35844,121027,58301,62726,138315,66530,71785,121023,58156,62867,69153,33358,35795,17289,8207,9082,
86470,69165,33318,35847,121034,58305,62729,138323,66536,71787,121030,58157,62873,69157,33359,35798,17290,8208,9082,
86475,69169,33320,35849,121041,58307,62734,138331,66538,71793,121037,58159,62878,69161,33361,35800,17291,8208,9083,
86480,69173,33324,35849,121048,58309,62739,138339,66543,71796,121044,58163,62881,69165,33363,35802,17292,8209,9083,
86485,69177,33325,35852,121055,58310,62745,138347,66547,71800,121051,58169,62882,69169,33365,35804,17293,8210,9083,
86490,69181,33327,35854,121062,58316,62746,138355,66551,71804,121058,58171,62887,69173,33368,35805,17294,8210,9084,
86495,69185,33328,35857,121069,58318,62751,138363,66554,71809,121065,58174,62891,69177,33370,35807,17295,8210,9085,
86500,69189,33331,35858,121076,58322,62754,138371,66558,71813,121072,58178,62894,69181,33372,35809,17296,8210,9086,
86505,69193,33332,35861,121083,58326,62757,138379,66563,71816,121079,58184,62895,69185,33373,35812,17297,8210,9087,
86510,69197,33334,35863,121090,58331,62759,138387,66565,71822,121086,58187,62899,69189,33376,35813,17298,8210,9088,
86515,69201,33335,35866,121097,58336,62761,138395,66570,71825,121093,58190,62903,69193,33378,35815,17299,8211,9088,
86520,69205,33338,35867,121104,58338,62766,138403,66576,71827,121100,58191,62909,69197,33380,35817,17300,8212,9088,
86525,69209,33338,35871,121111,58342,62769,138411,66579,71832,121107,58194,62913,69201,33383,35818,17301,8213,9088,
86530,69213,33338,35875,121118,58344,62774,138419,66582,71837,121114,58196,62918,69205,33386,35819,17302,8213,9089,
86535,69217,33340,35877,121125,58347,62778,138427,66585,71842,121121,58198,62923,69209,33387,35822,17303,8213,9090,
86540,69221,33341,35880,121132,58351,62781,138435,66588,71847,121128,58202,62926,69213,33389,35824,17304,8213,9091,
86545,69225,33343,35882,121139,58354,62785,138443,66594,71849,121135,58207,62928,69217,33391,35826,17305,8214,9091,
86550,69229,33345,35884,121146,58357,62789,138451,66599,71852,121142,58211,62931,69221,33391,35830,17306,8214,9092,
86555,69233,33346,35887,121153,58359,62794,138459,66601,71858,121149,58213,62936,69225,33392,35833,17307,8214,9093,
86560,69237,33348,35889,121160,58362,62798,138467,66607,71860,121156,58217,62939,69229,33393,35836,17308,8214,9094,
86565,69241,33350,35891,121167,58367,62800,138475,66610,71865,121163,58219,62944,69233,33396,35837,17309,8215,9094,
86570,69245,33351,35894,121174,58368,62806,138483,66615,71868,121170,58224,62946,69237,33397,35840,17310,8215,9095,
86575,69249,33353,35896,121181,58371,62810,138491,66621,71870,121177,58227,62950,69241,33399,35842,17311,8215,9096,
86580,69253,33355,35898,121188,58375,62813,138499,66625,71874,121184,58230,62954,69245,33401,35844,17312,8216,9096,
86585,69257,33358,35899,121195,58378,62817,138507,66631,71876,121191,58231,62960,69249,33402,35847,17313,8217,9096,
86590,69261,33359,35902,121202,58384,62818,138515,66633,71882,121198,58237,62961,69253,33404,35849,17314,8217,9097,
86595,69265,33361,35904,121209,58387,62822,138523,66639,71884,121205,58239,62966,69257,33406,35851,17315,8217,9098,
86600,69269,33364,35905,121216,58390,62826,138531,66645,71886,121212,58242,62970,69261,33410,35851,17316,8217,9099,
86605,69273,33366,35907,121223,58394,62829,138539,66647,71892,121219,58244,62975,69265,33412,35853,17317,8218,9099,
86610,69277,33368,35909,121230,58400,62830,138547,66651,71896,121226,58245,62981,69269,33414,35855,17318,8218,9100,
86615,69281,33370,35911,121237,58401,62836,138555,66657,71898,121233,58248,62985,69273,33417,35856,17319,8218,9101,
86620,69285,33372,35913,121244,58403,62841,138563,66662,71901,121240,58251,62989,69277,33417,35860,17320,8218,9102,
86625,69289,33375,35914,121251,58407,62844,138571,66664,71907,121247,58254,62993,69281,33419,35862,17321,8219,9102,
86630,69293,33376,35917,121258,58411,62847,138579,66669,71910,121254,58260,62994,69285,33420,35865,17322,8220,9102,
86635,69297,33378,35919,121265,58414,62851,138587,66671,71916,121261,58262,62999,69289,33422,35867,17323,8220,9103,
86640,69301,33379,35922,121272,58418,62854,138595,66674,71921,121268,58268,63000,69293,33424,35869,17324,8221,9103,
86645,69305,33381,35924,121279,58420,62859,138603,66678,71925,121275,58271,63004,69297,33425,35872,17325,8221,9104,
86650,69309,33381,35928,121286,58423,62863,138611,66681,71930,121282,58275,63007,69301,33426,35875,17326,8222,9104,
86655,69313,33383,35930,121293,58426,62867,138619,66683,71936,121289,58279,63010,69305,33427,35878,17327,8223,9104,
86660,69317,33384,35933,121300,58431,62869,138627,66690,71937,121296,58284,63012,69309,33429,35880,17328,8223,9105,
86665,69321,33388,35933,121307,58433,62874,138635,66693,71942,121303,58286,63017,69313,33430,35883,17329,8223,9106,
86670,69325,33391,35934,121314,58436,62878,138643,66699,71944,121310,58291,63019,69317,33430,35887,17330,8224,9106,
86675,69329,33391,35938,121321,58439,62882,138651,66703,71948,121317,58293,63024,69321,33432,35889,17331,8225,9106,
86680,69333,33394,35939,121328,58443,62885,138659,66706,71953,121324,58297,63027,69325,33436,35889,17332,8226,9106,
86685,69337,33398,35939,121335,58444,62891,138667,66711,71956,121331,58303,63028,69329,33438,35891,17333,8226,9107,
86690,69341,33400,35941,121342,58449,62893,138675,66715,71960,121338,58306,63032,69333,33439,35894,17334,8226,9108,
86695,69345,33403,35942,121349,58454,62895,138683,66720,71963,121345,58308,63037,69337,33439,35898,17335,8226,9109,
86700,69349,33406,35943,121356,58458,62898,138691,66726,71965,121352,58309,63043,69341,33440,35901,17336,8227,9109,
86705,69353,33409,35944,121363,58461,62902,138699,66731,71968,121359,58312,63047,69345,33442,35903,17337,8228,9109,
86710,69357,33411,35946,121370,58464,62906,138707,66736,71971,121366,58316,63050,69349,33446,35903,17338,8229,9109,
86715,69361,33414,35947,121377,58469,62908,138715,66741,71974,121373,58321,63052,69353,33449,35904,17339,8229,9110,
86720,69365,33416,35949,121384,58472,62912,138723,66746,71977,121380,58325,63055,69357,33450,35907,17340,8230,9110,
86725,69369,33417,35952,121391,58473,62918,138731,66751,71980,121387,58328,63059,69361,33452,35909,17341,8230,9111,
86730,69373,33420,35953,121398,58477,62921,138739,66757,71982,121394,58331,63063,69365,33454,35911,17342,8230,9112,
86735,69377,33420,35957,121405,58481,62924,138747,66760,71987,121401,58332,63069,69369,33457,35912,17343,8230,9113,
86740,69381,33421,35960,121412,58485,62927,138755,66763,71992,121408,58335,63073,69373,33459,35914,17344,8230,9114,
86745,69385,33422,35963,121419,58491,62928,138763,66771,71992,121415,58339,63076,69377,33462,35915,17345,8230,9115,
86750,69389,33422,35967,121426,58494,62932,138771,66774,71997,121422,58343,63079,69381,33466,35915,17346,8230,9116,
86755,69393,33423,35970,121433,58496,62937,138779,66777,72002,121429,58343,63086,69385,33466,35919,17347,8231,9116,
86760,69397,33424,35973,121440,58500,62940,138787,66781,72006,121436,58348,63088,69389,33468,35921,17348,8231,9117,
86765,69401,33425,35976,121447,58506,62941,138795,66784,72011,121443,58351,63092,69393,33470,35923,17349,8231,9118,
86770,69405,33427,35978,121454,58508,62946,138803,66788,72015,121450,58354,63096,69397,33473,35924,17350,8231,9119,
86775,69409,33429,35980,121461,58511,62950,138811,66791,72020,121457,58361,63096,69401,33474,35927,17351,8231,9120,
86780,69413,33430,35983,121468,58516,62952,138819,66793,72026,121464,58365,63099,69405,33475,35930,17352,8231,9121,
86785,69417,33430,35987,121475,58521,62954,138827,66797,72030,121471,58368,63103,69409,33477,35932,17353,8232,9121,
86790,69421,33434,35987,121482,58524,62958,138835,66800,72035,121478,58371,63107,69413,33479,35934,17354,8233,9121,
86795,69425,33435,35990,121489,58527,62962,138843,66805,72038,121485,58372,63113,69417,33482,35935,17355,8234,9121,
86800,69429,33436,35993,121496,58532,62964,138851,66809,72042,121492,58376,63116,69421,33485,35936,17356,8235,9121,
86805,69433,33440,35993,121503,58536,62967,138859,66813,72046,121499,58379,63120,69425,33486,35939,17357,8236,9121,
86810,69437,33442,35995,121510,58539,62971,138867,66817,72050,121506,58383,63123,69429,33488,35941,17358,8236,9122,
86815,69441,33444,35997,121517,58545,62972,138875,66819,72056,121513,58386,63127,69433,33490,35943,17359,8237,9122,
86820,69445,33446,35999,121524,58550,62974,138883,66823,72060,121520,58389,63131,69437,33490,35947,17360,8238,9122,
86825,69449,33449,36000,121531,58553,62978,138891,66827,72064,121527,58393,63134,69441,33493,35948,17361,8238,9123,
86830,69453,33450,36003,121538,58557,62981,138899,66831,72068,121534,58396,63138,69445,33494,35951,17362,8238,9124,
86835,69457,33452,36005,121545,58559,62986,138907,66835,72072,121541,58399,63142,69449,33495,35954,17363,8238,9125,
86840,69461,33454,36007,121552,58564,62988,138915,66839,72076,121548,58402,63146,69453,33498,35955,17364,8238,9126,
86845,69465,33456,36009,121559,58570,62989,138923,66843,72080,121555,58405,63150,69457,33499,35958,17365,8239,9126,
86850,69469,33457,36012,121566,58575,62991,138931,66846,72085,121562,58410,63152,69461,33500,35961,17366,8240,9126,
86855,69473,33459,36014,121573,58577,62996,138939,66849,72090,121569,58414,63155,69465,33502,35963,17367,8240,9127,
86860,69477,33462,36015,121580,58580,63000,138947,66853,72094,121576,58417,63159,69469,33502,35967,17368,8240,9128,
86865,69481,33462,36019,121587,58582,63005,138955,66857,72098,121583,58421,63162,69473,33503,35970,17369,8240,9129,
86870,69485,33463,36022,121594,58585,63009,138963,66860,72103,121590,58423,63167,69477,33506,35971,17370,8241,9129,
86875,69489,33467,36022,121601,58586,63015,138971,66862,72109,121597,58426,63171,69481,33506,35975,17371,8242,9129,
86880,69493,33468,36025,121608,58590,63018,138979,66863,72116,121604,58430,63174,69485,33507,35978,17372,8243,9129,
86885,69497,33470,36027,121615,58593,63022,138987,66868,72119,121611,58434,63177,69489,33508,35981,17373,8243,9130,
86890,69501,33473,36028,121622,58594,63028,138995,66873,72122,121618,58438,63180,69493,33510,35983,17374,8243,9131,
86895,69505,33476,36029,121629,58599,63030,139003,66876,72127,121625,58441,63184,69497,33512,35985,17375,8243,9132,
86900,69509,33478,36031,121636,58604,63032,139011,66877,72134,121632,58444,63188,69501,33515,35986,17376,8243,9133,
86905,69513,33479,36034,121643,58609,63034,139019,66883,72136,121639,58447,63192,69505,33517,35988,17377,8243,9134,
86910,69517,33481,36036,121650,58614,63036,139027,66887,72140,121646,58453,63193,69509,33518,35991,17378,8244,9134,
86915,69521,33483,36038,121657,58617,63040,139035,66889,72146,121653,58455,63198,69513,33520,35993,17379,8244,9135,
86920,69525,33485,36040,121664,58619,63045,139043,66894,72149,121660,58458,63202,69517,33522,35995,17380,8245,9135,
86925,69529,33488,36041,121671,58621,63050,139051,66898,72153,121667,58462,63205,69521,33523,35998,17381,8245,9136,
86930,69533,33490,36043,121678,58627,63051,139059,66902,72157,121674,58467,63207,69525,33526,35999,17382,8246,9136,
86935,69537,33492,36045,121685,58633,63052,139067,66906,72161,121681,58470,63211,69529,33528,36001,17383,8246,9137,
86940,69541,33494,36047,121692,58636,63056,139075,66910,72165,121688,58472,63216,69533,33531,36002,17384,8246,9138,
86945,69545,33496,36049,121699,58640,63059,139083,66915,72168,121695,58477,63218,69537,33534,36003,17385,8246,9139,
86950,69549,33498,36051,121706,58642,63064,139091,66917,72174,121702,58481,63221,69541,33535,36006,17386,8246,9140,
86955,69553,33499,36054,121713,58646,63067,139099,66921,72178,121709,58483,63226,69545,33539,36006,17387,8247,9140,
86960,69557,33500,36057,121720,58649,63071,139107,66925,72182,121716,58486,63230,69549,33541,36008,17388,8248,9140,
86965,69561,33502,36059,121727,58652,63075,139115,66928,72187,121723,58489,63234,69553,33542,36011,17389,8248,9141,
86970,69565,33504,36061,121734,58656,63078,139123,66932,72191,121730,58491,63239,69557,33544,36013,17390,8248,9142,
86975,69569,33506,36063,121741,58660,63081,139131,66937,72194,121737,58495,63242,69561,33548,36013,17391,8249,9142,
86980,69573,33508,36065,121748,58663,63085,139139,66941,72198,121744,58498,63246,69565,33551,36014,17392,8249,9143,
86985,69577,33510,36067,121755,58668,63087,139147,66945,72202,121751,58503,63248,69569,33553,36016,17393,8250,9143,
86990,69581,33512,36069,121762,58671,63091,139155,66949,72206,121758,58507,63251,69573,33555,36018,17394,8250,9144,
86995,69585,33514,36071,121769,58674,63095,139163,66955,72208,121765,58509,63256,69577,33558,36019,17395,8250,9145,
87000,69589,33517,36072,121776,58679,63097,139171,66961,72210,121772,58514,63258,69581,33560,36021,17396,8251,9145,
87005,69593,33519,36074,121783,58683,63100,139179,66967,72212,121779,58517,63262,69585,33562,36023,17397,8252,9145,
87010,69597,33520,36077,121790,58685,63105,139187,66969,72218,121786,58520,63266,69589,33566,36023,17398,8252,9146,
87015,69601,33522,36079,121797,58687,63110,139195,66972,72223,121793,58521,63272,69593,33568,36025,17399,8252,9147,
87020,69605,33524,36081,121804,58689,63115,139203,66975,72228,121800,58523,63277,69597,33569,36028,17400,8253,9147,
87025,69609,33525,36084,121811,58695,63116,139211,66978,72233,121807,58527,63280,69601,33572,36029,17401,8254,9147,
87030,69613,33528,36085,121818,58699,63119,139219,66982,72237,121814,58529,63285,69605,33575,36030,17402,8255,9147,
87035,69617,33529,36088,121825,58704,63121,139227,66986,72241,121821,58533,63288,69609,33578,36031,17403,8255,9148,
87040,69621,33530,36091,121832,58707,63125,139235,66991,72244,121828,58536,63292,69613,33580,36033,17404,8255,9149,
87045,69625,33532,36093,121839,58711,63128,139243,66994,72249,121835,58540,63295,69617,33581,36036,17405,8256,9149,
87050,69629,33534,36095,121846,58713,63133,139251,66999,72252,121842,58542,63300,69621,33584,36037,17406,8257,9149,
87055,69633,33537,36096,121853,58717,63136,139259,67002,72257,121849,58545,63304,69625,33586,36039,17407,8258,9149,
87060,69637,33540,36097,121860,58720,63140,139267,67007,72260,121856,58549,63307,69629,33587,36042,17408,8259,9149,
87065,69641,33540,36101,121867,58723,63144,139275,67008,72267,121863,58553,63310,69633,33588,36045,17409,8260,9149,
87070,69645,33541,36104,121874,58726,63148,139283,67009,72274,121870,58559,63311,69637,33590,36047,17410,8261,9149,
87075,69649,33542,36107,121881,58730,63151,139291,67014,72277,121877,58559,63318,69641,33592,36049,17411,8262,9149,
87080,69653,33542,36111,121888,58733,63155,139299,67014,72285,121884,58560,63324,69645,33595,36050,17412,8262,9150,
87085,69657,33543,36114,121895,58734,63161,139307,67021,72286,121891,58563,63328,69649,33597,36052,17413,8262,9151,
87090,69661,33545,36116,121902,58737,63165,139315,67026,72289,121898,58568,63330,69653,33600,36053,17414,8263,9151,
87095,69665,33547,36118,121909,58740,63169,139323,67032,72291,121905,58571,63334,69657,33603,36054,17415,8263,9152,
87100,69669,33550,36119,121916,58741,63175,139331,67034,72297,121912,58575,63337,69661,33605,36056,17416,8263,9153,
87105,69673,33551,36122,121923,58745,63178,139339,67036,72303,121919,58580,63339,69665,33606,36059,17417,8263,9154,
87110,69677,33551,36126,121930,58747,63183,139347,67041,72306,121926,58582,63344,69669,33608,36061,17418,8263,9155,
87115,69681,33554,36127,121937,58751,63186,139355,67044,72311,121933,58588,63345,69673,33612,36061,17419,8264,9155,
87120,69685,33557,36128,121944,58752,63192,139363,67047,72316,121940,58592,63348,69677,33614,36063,17420,8264,9156,
87125,69689,33560,36129,121951,58754,63197,139371,67052,72319,121947,58597,63350,69681,33616,36065,17421,8265,9156,
87130,69693,33560,36133,121958,58757,63201,139379,67056,72323,121954,58601,63353,69685,33618,36067,17422,8265,9157,
87135,69697,33563,36134,121965,58760,63205,139387,67058,72329,121961,58603,63358,69689,33620,36069,17423,8266,9157,
87140,69701,33564,36137,121972,58763,63209,139395,67061,72334,121968,58604,63364,69693,33622,36071,17424,8266,9158,
87145,69705,33566,36139,121979,58767,63212,139403,67064,72339,121975,58606,63369,69697,33623,36074,17425,8266,9159,
87150,69709,33568,36141,121986,58769,63217,139411,67068,72343,121982,58608,63374,69701,33625,36076,17426,8266,9160,
87155,69713,33569,36144,121993,58772,63221,139419,67071,72348,121989,58612,63377,69705,33628,36077,17427,8267,9160,
87160,69717,33571,36146,122000,58776,63224,139427,67075,72352,121996,58616,63380,69709,33631,36078,17428,8268,9160,
87165,69721,33573,36148,122007,58778,63229,139435,67082,72353,122003,58619,63384,69713,33634,36079,17429,8268,9161,
87170,69725,33576,36149,122014,58779,63235,139443,67085,72358,122010,58622,63388,69717,33637,36080,17430,8269,9161,
87175,69729,33577,36152,122021,58782,63239,139451,67090,72361,122017,58626,63391,69721,33638,36083,17431,8270,9161,
87180,69733,33578,36155,122028,58786,63242,139459,67094,72365,122024,58628,63396,69725,33642,36083,17432,8271,9161,
87185,69737,33582,36155,122035,58790,63245,139467,67096,72371,122031,58632,63399,69729,33645,36084,17433,8271,9162,
87190,69741,33586,36155,122042,58795,63247,139475,67101,72374,122038,58635,63403,69733,33649,36084,17434,8271,9163,
87195,69745,33589,36156,122049,58801,63248,139483,67107,72376,122045,58639,63406,69737,33651,36086,17435,8271,9164,
87200,69749,33591,36158,122056,58806,63250,139491,67112,72379,122052,58642,63410,69741,33651,36090,17436,8272,9164,
87205,69753,33595,36158,122063,58808,63255,139499,67119,72380,122059,58645,63414,69745,33653,36092,17437,8273,9164,
87210,69757,33597,36160,122070,58810,63260,139507,67125,72382,122066,58651,63415,69749,33654,36095,17438,8273,9165,
87215,69761,33599,36162,122077,58811,63266,139515,67129,72386,122073,58655,63418,69753,33655,36098,17439,8274,9165,
87220,69765,33600,36165,122084,58817,63267,139523,67134,72389,122080,58659,63421,69757,33658,36099,17440,8274,9166,
87225,69769,33602,36167,122091,58822,63269,139531,67138,72393,122087,58662,63425,69761,33659,36102,17441,8274,9167,
87230,69773,33603,36170,122098,58824,63274,139539,67142,72397,122094,58663,63431,69765,33663,36102,17442,8275,9167,
87235,69777,33606,36171,122105,58829,63276,139547,67148,72399,122101,58665,63436,69769,33664,36105,17443,8275,9168,
87240,69781,33607,36174,122112,58833,63279,139555,67150,72405,122108,58671,63437,69773,33665,36108,17444,8276,9168,
87245,69785,33609,36176,122119,58835,63284,139563,67155,72408,122115,58675,63440,69777,33666,36111,17445,8277,9168,
87250,69789,33612,36177,122126,58841,63285,139571,67158,72413,122122,58677,63445,69781,33667,36114,17446,8278,9168,
87255,69793,33614,36179,122133,58847,63286,139579,67163,72416,122129,58683,63446,69785,33670,36115,17447,8278,9169,
87260,69797,33614,36183,122140,58850,63290,139587,67168,72419,122136,58686,63450,69789,33670,36119,17448,8278,9170,
87265,69801,33617,36184,122147,58853,63294,139595,67174,72421,122143,58690,63453,69793,33672,36121,17449,8279,9170,
87270,69805,33618,36187,122154,58855,63299,139603,67180,72423,122150,58695,63455,69797,33674,36123,17450,8280,9170,
87275,69809,33619,36190,122161,58859,63302,139611,67182,72429,122157,58700,63457,69801,33676,36125,17451,8281,9170,
87280,69813,33622,36191,122168,58862,63306,139619,67186,72433,122164,58703,63461,69805,33677,36128,17452,8281,9171,
87285,69817,33622,36195,122175,58865,63310,139627,67190,72437,122171,58706,63465,69809,33681,36128,17453,8282,9171,
87290,69821,33626,36195,122182,58868,63314,139635,67191,72444,122178,58708,63470,69813,33683,36130,17454,8282,9172,
87295,69825,33626,36199,122189,58873,63316,139643,67196,72447,122185,58712,63473,69817,33684,36133,17455,8283,9172,
87300,69829,33628,36201,122196,58877,63319,139651,67197,72454,122192,58717,63475,69821,33686,36135,17456,8284,9172,
87305,69833,33629,36204,122203,58880,63323,139659,67201,72458,122199,58722,63477,69825,33688,36137,17457,8284,9173,
87310,69837,33630,36207,122210,58881,63329,139667,67204,72463,122206,58727,63479,69829,33691,36138,17458,8285,9173,
87315,69841,33631,36210,122217,58883,63334,139675,67212,72463,122213,58730,63483,69833,33694,36139,17459,8286,9173,
87320,69845,33632,36213,122224,58888,63336,139683,67217,72466,122220,58734,63486,69837,33696,36141,17460,8286,9174,
87325,69849,33633,36216,122231,58891,63340,139691,67222,72469,122227,58738,63489,69841,33698,36143,17461,8286,9175,
87330,69853,33635,36218,122238,58894,63344,139699,67227,72472,122234,58744,63490,69845,33699,36146,17462,8286,9176,
87335,69857,33638,36219,122245,58896,63349,139707,67232,72475,122241,58749,63492,69849,33701,36148,17463,8286,9177,
87340,69861,33638,36223,122252,58899,63353,139715,67236,72479,122248,58751,63497,69853,33702,36151,17464,8287,9177,
87345,69865,33639,36226,122259,58903,63356,139723,67237,72486,122255,58755,63500,69857,33703,36154,17465,8288,9177,
87350,69869,33642,36227,122266,58905,63361,139731,67239,72492,122262,58758,63504,69861,33703,36158,17466,8289,9177,
87355,69873,33642,36231,122273,58909,63364,139739,67241,72498,122269,58761,63508,69865,33705,36160,17467,8290,9177,
87360,69877,33643,36234,122280,58915,63365,139747,67245,72502,122276,58765,63511,69869,33706,36163,17468,8290,9178,
87365,69881,33645,36236,122287,58919,63368,139755,67248,72507,122283,58768,63515,69873,33709,36164,17469,8291,9178,
87370,69885,33647,36238,122294,58923,63371,139763,67254,72509,122290,58772,63518,69877,33709,36168,17470,8291,9179,
87375,69889,33647,36242,122301,58930,63371,139771,67259,72512,122297,58776,63521,69881,33710,36171,17471,8292,9179,
87380,69893,33649,36244,122308,58935,63373,139779,67263,72516,122304,58780,63524,69885,33712,36173,17472,8292,9180,
87385,69897,33650,36247,122315,58938,63377,139787,67263,72524,122311,58784,63527,69889,33715,36174,17473,8293,9180,
87390,69901,33652,36249,122322,58940,63382,139795,67267,72528,122318,58787,63531,69893,33716,36177,17474,8293,9181,
87395,69905,33654,36251,122329,58944,63385,139803,67271,72532,122325,58789,63536,69897,33718,36179,17475,8294,9181,
87400,69909,33655,36254,122336,58949,63387,139811,67275,72536,122332,58794,63538,69901,33720,36181,17476,8295,9181,
87405,69913,33656,36257,122343,58952,63391,139819,67278,72541,122339,58796,63543,69905,33721,36184,17477,8295,9182,
87410,69917,33657,36260,122350,58953,63397,139827,67280,72547,122346,58803,63543,69909,33722,36187,17478,8295,9183,
87415,69921,33660,36261,122357,58956,63401,139835,67284,72551,122353,58806,63547,69913,33723,36190,17479,8295,9184,
87420,69925,33660,36265,122364,58960,63404,139843,67287,72556,122360,58811,63549,69917,33726,36191,17480,8296,9184,
87425,69929,33663,36266,122371,58964,63407,139851,67290,72561,122367,58812,63555,69921,33728,36193,17481,8296,9185,
87430,69933,33665,36268,122378,58966,63412,139859,67293,72566,122374,58815,63559,69925,33729,36196,17482,8297,9185,
87435,69937,33666,36271,122385,58971,63414,139867,67297,72570,122381,58821,63560,69929,33732,36197,17483,8297,9186,
87440,69941,33667,36274,122392,58972,63420,139875,67303,72572,122388,58823,63565,69933,33734,36199,17484,8298,9186,
87445,69945,33669,36276,122399,58973,63426,139883,67309,72574,122395,58825,63570,69937,33736,36201,17485,8298,9187,
87450,69949,33671,36278,122406,58973,63433,139891,67312,72579,122402,58827,63575,69941,33738,36203,17486,8299,9187,
87455,69953,33674,36279,122413,58977,63436,139899,67314,72585,122409,58829,63580,69945,33739,36206,17487,8299,9188,
87460,69957,33675,36282,122420,58982,63438,139907,67319,72588,122416,58832,63584,69949,33742,36207,17488,8300,9188,
87465,69961,33677,36284,122427,58988,63439,139915,67323,72592,122423,58834,63589,69953,33743,36210,17489,8300,9189,
87470,69965,33678,36287,122434,58994,63440,139923,67326,72597,122430,58836,63594,69957,33745,36212,17490,8300,9190,
87475,69969,33679,36290,122441,58997,63444,139931,67329,72602,122437,58838,63599,69961,33746,36215,17491,8300,9191,
87480,69973,33681,36292,122448,58999,63449,139939,67333,72606,122444,58843,63601,69965,33748,36217,17492,8300,9192,
87485,69977,33683,36294,122455,59001,63454,139947,67336,72611,122451,58847,63604,69969,33751,36218,17493,8301,9192,
87490,69981,33685,36296,122462,59003,63459,139955,67341,72614,122458,58847,63611,69973,33754,36219,17494,8302,9192,
87495,69985,33688,36297,122469,59006,63463,139963,67341,72622,122465,58851,63614,69977,33755,36222,17495,8303,9192,
87500,69989,33690,36299,122476,59010,63466,139971,67344,72627,122472,58856,63616,69981,33757,36224,17496,8303,9193,
87505,69993,33693,36300,122483,59014,63469,139979,67349,72630,122479,58860,63619,69985,33761,36224,17497,8303,9194,
87510,69997,33695,36302,122490,59018,63472,139987,67350,72637,122486,58866,63620,69989,33764,36225,17498,8303,9195,
87515,70001,33696,36305,122497,59020,63477,139995,67355,72640,122493,58870,63623,69993,33767,36226,17499,8304,9195,
87520,70005,33700,36305,122504,59022,63482,140003,67359,72644,122500,58873,63627,69997,33769,36228,17500,8304,9196,
87525,70009,33700,36309,122511,59024,63487,140011,67365,72646,122507,58878,63629,70001,33771,36230,17501,8304,9197,
87530,70013,33701,36312,122518,59026,63492,140019,67369,72650,122514,58882,63632,70005,33774,36231,17502,8304,9198,
87535,70017,33703,36314,122525,59028,63497,140027,67371,72656,122521,58884,63637,70009,33778,36231,17503,8304,9199,
87540,70021,33705,36316,122532,59031,63501,140035,67375,72660,122528,58887,63641,70013,33781,36232,17504,8304,9200,
87545,70025,33706,36319,122539,59037,63502,140043,67379,72664,122535,58890,63645,70017,33782,36235,17505,8305,9200,
87550,70029,33708,36321,122546,59042,63504,140051,67384,72667,122542,58892,63650,70021,33784,36237,17506,8305,9201,
87555,70033,33710,36323,122553,59045,63508,140059,67388,72671,122549,58895,63654,70025,33786,36239,17507,8306,9201,
87560,70037,33711,36326,122560,59049,63511,140067,67390,72677,122556,58898,63658,70029,33788,36241,17508,8306,9202,
87565,70041,33712,36329,122567,59053,63514,140075,67396,72679,122563,58901,63662,70033,33791,36242,17509,8306,9203,
87570,70045,33713,36332,122574,59056,63518,140083,67400,72683,122570,58904,63666,70037,33792,36245,17510,8307,9203,
87575,70049,33716,36333,122581,59061,63520,140091,67404,72687,122577,58907,63670,70041,33793,36248,17511,8307,9204,
87580,70053,33720,36333,122588,59067,63521,140099,67409,72690,122584,58911,63673,70045,33796,36249,17512,8308,9204,
87585,70057,33722,36335,122595,59069,63526,140107,67415,72692,122591,58915,63676,70049,33799,36250,17513,8309,9204,
87590,70061,33723,36338,122602,59070,63532,140115,67417,72698,122598,58918,63680,70053,33802,36251,17514,8310,9204,
87595,70065,33726,36339,122609,59076,63533,140123,67421,72702,122605,58921,63684,70057,33804,36253,17515,8311,9204,
87600,70069,33726,36343,122616,59080,63536,140131,67426,72705,122612,58924,63688,70061,33805,36256,17516,8311,9205,
87605,70073,33726,36347,122623,59083,63540,140139,67431,72708,122619,58928,63691,70065,33806,36259,17517,8311,9206,
87610,70077,33727,36350,122630,59086,63544,140147,67436,72711,122626,58932,63694,70069,33807,36262,17518,8312,9206,
87615,70081,33730,36351,122637,59088,63549,140155,67440,72715,122633,58936,63697,70073,33808,36265,17519,8312,9207,
87620,70085,33732,36353,122644,59092,63552,140163,67444,72719,122640,58939,63701,70077,33809,36268,17520,8312,9208,
87625,70089,33734,36355,122651,59095,63556,140171,67447,72724,122647,58942,63705,70081,33812,36269,17521,8313,9208,
87630,70093,33735,36358,122658,59099,63559,140179,67451,72728,122654,58943,63711,70085,33814,36271,17522,8313,9209,
87635,70097,33736,36361,122665,59102,63563,140187,67457,72730,122661,58946,63715,70089,33815,36274,17523,8314,9209,
87640,70101,33738,36363,122672,59105,63567,140195,67462,72733,122668,58952,63716,70093,33817,36276,17524,8314,9210,
87645,70105,33740,36365,122679,59108,63571,140203,67466,72737,122675,58954,63721,70097,33817,36280,17525,8315,9210,
87650,70109,33742,36367,122686,59112,63574,140211,67467,72744,122682,58955,63727,70101,33817,36284,17526,8316,9210,
87655,70113,33744,36369,122693,59113,63580,140219,67471,72748,122689,58958,63731,70105,33820,36285,17527,8316,9211,
87660,70117,33746,36371,122700,59116,63584,140227,67473,72754,122696,58961,63735,70109,33822,36287,17528,8317,9211,
87665,70121,33748,36373,122707,59119,63588,140235,67476,72759,122703,58964,63739,70113,33824,36289,17529,8317,9212,
87670,70125,33751,36374,122714,59121,63593,140243,67479,72764,122710,58967,63743,70117,33825,36292,17530,8318,9212,
87675,70129,33751,36378,122721,59124,63597,140251,67482,72769,122717,58971,63746,70121,33827,36294,17531,8319,9212,
87680,70133,33753,36380,122728,59126,63602,140259,67485,72774,122724,58975,63749,70125,33829,36296,17532,8320,9212,
87685,70137,33755,36382,122735,59128,63607,140267,67490,72777,122731,58980,63751,70129,33832,36297,17533,8320,9213,
87690,70141,33756,36385,122742,59130,63612,140275,67495,72780,122738,58982,63756,70133,33834,36299,17534,8320,9214,
87695,70145,33758,36387,122749,59136,63613,140283,67499,72784,122745,58986,63759,70137,33835,36302,17535,8321,9214,
87700,70149,33760,36389,122756,59139,63617,140291,67501,72790,122752,58989,63763,70141,33838,36303,17536,8322,9214,
87705,70153,33761,36392,122763,59143,63620,140299,67503,72796,122759,58992,63767,70145,33841,36304,17537,8323,9214,
87710,70157,33762,36395,122770,59147,63623,140307,67506,72801,122766,58995,63771,70149,33843,36306,17538,8324,9214,
87715,70161,33764,36397,122777,59151,63626,140315,67508,72807,122773,58998,63775,70153,33846,36307,17539,8324,9215,
87720,70165,33767,36398,122784,59154,63630,140323,67513,72810,122780,59001,63779,70157,33849,36308,17540,8324,9216,
87725,70169,33770,36399,122791,59155,63636,140331,67515,72816,122787,59005,63782,70161,33853,36308,17541,8324,9217,
87730,70173,33772,36401,122798,59157,63641,140339,67518,72821,122794,59009,63785,70165,33854,36311,17542,8324,9218,
87735,70177,33774,36403,122805,59162,63643,140347,67525,72822,122801,59011,63790,70169,33856,36313,17543,8325,9218,
87740,70181,33774,36407,122812,59167,63645,140355,67531,72824,122808,59013,63795,70173,33859,36314,17544,8325,9219,
87745,70185,33775,36410,122819,59171,63648,140363,67535,72828,122815,59016,63799,70177,33860,36317,17545,8325,9220,
87750,70189,33777,36412,122826,59173,63653,140371,67540,72831,122822,59020,63802,70181,33861,36320,17546,8325,9221,
87755,70193,33778,36415,122833,59175,63658,140379,67544,72835,122829,59023,63806,70185,33864,36321,17547,8326,9221,
87760,70197,33779,36418,122840,59179,63661,140387,67549,72838,122836,59026,63810,70189,33865,36324,17548,8327,9221,
87765,70201,33781,36420,122847,59183,63664,140395,67554,72841,122843,59029,63814,70193,33866,36327,17549,8328,9221,
87770,70205,33784,36421,122854,59187,63667,140403,67558,72845,122850,59034,63816,70197,33867,36330,17550,8329,9221,
87775,70209,33785,36424,122861,59188,63673,140411,67563,72848,122857,59037,63820,70201,33868,36333,17551,8329,9222,
87780,70213,33787,36426,122868,59191,63677,140419,67569,72850,122864,59040,63824,70205,33868,36337,17552,8329,9223,
87785,70217,33788,36429,122875,59194,63681,140427,67575,72852,122871,59042,63829,70209,33868,36341,17553,8329,9224,
87790,70221,33789,36432,122882,59199,63683,140435,67580,72855,122878,59046,63832,70213,33869,36344,17554,8329,9225,
87795,70225,33789,36436,122889,59202,63687,140443,67586,72857,122885,59050,63835,70217,33872,36345,17555,8329,9226,
87800,70229,33791,36438,122896,59206,63690,140451,67591,72860,122892,59051,63841,70221,33875,36346,17556,8329,9227,
87805,70233,33793,36440,122903,59210,63693,140459,67594,72865,122899,59054,63845,70225,33876,36349,17557,8329,9228,
87810,70237,33796,36441,122910,59215,63695,140467,67600,72867,122906,59059,63847,70229,33879,36350,17558,8329,9229,
87815,70241,33797,36444,122917,59218,63699,140475,67605,72870,122913,59062,63851,70233,33880,36353,17559,8330,9229,
87820,70245,33800,36445,122924,59220,63704,140483,67608,72875,122920,59065,63855,70237,33882,36355,17560,8330,9230,
87825,70249,33803,36446,122931,59223,63708,140491,67613,72878,122927,59069,63858,70241,33883,36358,17561,8330,9231,
87830,70253,33806,36447,122938,59227,63711,140499,67617,72882,122934,59073,63861,70245,33884,36361,17562,8330,9232,
87835,70257,33808,36449,122945,59232,63713,140507,67619,72888,122941,59076,63865,70249,33885,36364,17563,8330,9233,
87840,70261,33810,36451,122952,59235,63717,140515,67622,72893,122948,59080,63868,70253,33889,36364,17564,8330,9234,
87845,70265,33813,36452,122959,59237,63722,140523,67626,72897,122955,59084,63871,70257,33892,36365,17565,8330,9235,
87850,70269,33815,36454,122966,59240,63726,140531,67630,72901,122962,59087,63875,70261,33894,36367,17566,8330,9236,
87855,70273,33815,36458,122973,59245,63728,140539,67634,72905,122969,59090,63879,70265,33897,36368,17567,8330,9237,
87860,70277,33817,36460,122980,59250,63730,140547,67638,72909,122976,59093,63883,70269,33898,36371,17568,8330,9238,
87865,70281,33817,36464,122987,59253,63734,140555,67642,72913,122983,59096,63887,70273,33901,36372,17569,8330,9239,
87870,70285,33820,36465,122994,59256,63738,140563,67646,72917,122990,59098,63892,70277,33903,36374,17570,8331,9239,
87875,70289,33820,36469,123001,59259,63742,140571,67651,72920,122997,59100,63897,70281,33905,36376,17571,8331,9240,
87880,70293,33821,36472,123008,59264,63744,140579,67655,72924,123004,59103,63901,70285,33906,36379,17572,8332,9240,
87885,70297,33824,36473,123015,59266,63749,140587,67658,72929,123011,59106,63905,70289,33909,36380,17573,8333,9240,
87890,70301,33826,36475,123022,59268,63754,140595,67659,72936,123018,59107,63911,70293,33912,36381,17574,8334,9240,
87895,70305,33828,36477,123029,59272,63757,140603,67665,72938,123025,59110,63915,70297,33914,36383,17575,8335,9240,
87900,70309,33829,36480,123036,59276,63760,140611,67668,72943,123032,59112,63920,70301,33915,36386,17576,8336,9240,
87905,70313,33831,36482,123043,59278,63765,140619,67671,72948,123039,59118,63921,70305,33916,36389,17577,8336,9241,
87910,70317,33834,36483,123050,59284,63766,140627,67674,72953,123046,59123,63923,70309,33916,36393,17578,8337,9241,
87915,70321,33835,36486,123057,59286,63771,140635,67679,72956,123053,59127,63926,70313,33918,36395,17579,8337,9242,
87920,70325,33836,36489,123064,59288,63776,140643,67680,72963,123060,59131,63929,70317,33919,36398,17580,8338,9242,
87925,70329,33836,36493,123071,59294,63777,140651,67685,72966,123067,59133,63934,70321,33922,36399,17581,8339,9242,
87930,70333,33838,36495,123078,59296,63782,140659,67687,72972,123074,59134,63940,70325,33923,36402,17582,8339,9243,
87935,70337,33840,36497,123085,59302,63783,140667,67694,72973,123081,59138,63943,70329,33924,36405,17583,8340,9243,
87940,70341,33842,36499,123092,59305,63787,140675,67697,72978,123088,59141,63947,70333,33927,36406,17584,8341,9243,
87945,70345,33844,36501,123099,59308,63791,140683,67701,72982,123095,59146,63949,70337,33930,36407,17585,8342,9243,
87950,70349,33844,36505,123106,59313,63793,140691,67703,72988,123102,59147,63955,70341,33932,36409,17586,8343,9243,
87955,70353,33847,36506,123113,59316,63797,140699,67709,72990,123109,59148,63961,70345,33933,36412,17587,8344,9243,
87960,70357,33849,36508,123120,59321,63799,140707,67713,72994,123116,59150,63966,70349,33934,36415,17588,8344,9244,
87965,70361,33851,36510,123127,59323,63804,140715,67717,72998,123123,59154,63969,70353,33936,36417,17589,8344,9245,
87970,70365,33854,36511,123134,59325,63809,140723,67720,73003,123130,59156,63974,70357,33939,36418,17590,8345,9245,
87975,70369,33855,36514,123141,59329,63812,140731,67723,73008,123137,59161,63976,70361,33942,36419,17591,8346,9245,
87980,70373,33858,36515,123148,59335,63813,140739,67726,73013,123144,59165,63979,70365,33943,36422,17592,8346,9246,
87985,70377,33859,36518,123155,59338,63817,140747,67729,73018,123151,59165,63986,70369,33943,36426,17593,8346,9247,
87990,70381,33861,36520,123162,59342,63820,140755,67733,73022,123158,59170,63988,70373,33945,36428,17594,8347,9247,
87995,70385,33865,36520,123169,59344,63825,140763,67736,73027,123165,59176,63989,70377,33945,36432,17595,8347,9248,
88000,70389,33867,36522,123176,59349,63827,140771,67740,73031,123172,59178,63994,70381,33947,36434,17596,8348,9248,
88005,70393,33869,36524,123183,59353,63830,140779,67745,73034,123179,59181,63998,70385,33949,36436,17597,8349,9248,
88010,70397,33871,36526,123190,59355,63835,140787,67749,73038,123186,59183,64003,70389,33952,36437,17598,8349,9249,
88015,70401,33873,36528,123197,59358,63839,140795,67754,73041,123193,59185,64008,70393,33955,36438,17599,8349,9250,
88020,70405,33875,36530,123204,59359,63845,140803,67755,73048,123200,59189,64011,70397,33957,36440,17600,8350,9250,
88025,70409,33879,36530,123211,59364,63847,140811,67760,73051,123207,59191,64016,70401,33958,36443,17601,8350,9251,
88030,70413,33880,36533,123218,59369,63849,140819,67762,73057,123214,59195,64019,70405,33961,36444,17602,8350,9252,
88035,70417,33881,36536,123225,59374,63851,140827,67765,73062,123221,59201,64020,70409,33963,36446,17603,8350,9253,
88040,70421,33883,36538,123232,59380,63852,140835,67770,73065,123228,59203,64025,70413,33965,36448,17604,8350,9254,
88045,70425,33883,36542,123239,59383,63856,140843,67773,73070,123235,59207,64028,70417,33967,36450,17605,8351,9254,
88050,70429,33886,36543,123246,59385,63861,140851,67777,73074,123242,59211,64031,70421,33969,36452,17606,8352,9254,
88055,70433,33888,36545,123253,59388,63865,140859,67781,73078,123249,59214,64035,70425,33969,36456,17607,8353,9254,
88060,70437,33890,36547,123260,59392,63868,140867,67786,73081,123256,59219,64037,70429,33970,36459,17608,8353,9255,
88065,70441,33892,36549,123267,59394,63873,140875,67792,73083,123263,59222,64041,70433,33972,36461,17609,8353,9256,
88070,70445,33895,36550,123274,59399,63875,140883,67794,73089,123270,59227,64043,70437,33974,36463,17610,8354,9256,
88075,70449,33897,36552,123281,59402,63879,140891,67797,73094,123277,59229,64048,70441,33977,36464,17611,8355,9256,
88080,70453,33899,36554,123288,59406,63882,140899,67801,73098,123284,59233,64051,70445,33980,36465,17612,8356,9256,
88085,70457,33902,36555,123295,59411,63884,140907,67804,73103,123291,59239,64052,70449,33982,36467,17613,8357,9256,
88090,70461,33906,36555,123302,59416,63886,140915,67808,73107,123298,59242,64056,70453,33985,36468,17614,8358,9256,
88095,70465,33908,36557,123309,59421,63888,140923,67813,73110,123305,59245,64060,70457,33987,36470,17615,8359,9256,
88100,70469,33911,36558,123316,59423,63893,140931,67814,73117,123312,59250,64062,70461,33989,36472,17616,8359,9257,
88105,70473,33913,36560,123323,59426,63897,140939,67818,73121,123319,59253,64066,70465,33991,36474,17617,8359,9258,
88110,70477,33914,36563,123330,59429,63901,140947,67820,73127,123326,59256,64070,70469,33994,36475,17618,8359,9259,
88115,70481,33916,36565,123337,59434,63903,140955,67821,73134,123333,59261,64072,70473,33997,36476,17619,8359,9260,
88120,70485,33918,36567,123344,59438,63906,140963,67823,73140,123340,59264,64076,70477,34000,36477,17620,8359,9261,
88125,70489,33920,36569,123351,59443,63908,140971,67824,73147,123347,59269,64078,70481,34002,36479,17621,8359,9262,
88130,70493,33922,36571,123358,59445,63913,140979,67826,73153,123354,59272,64082,70485,34004,36481,17622,8360,9262,
88135,70497,33924,36573,123365,59448,63917,140987,67831,73156,123361,59275,64086,70489,34005,36484,17623,8361,9262,
88140,70501,33926,36575,123372,59450,63922,140995,67835,73160,123368,59277,64091,70493,34009,36484,17624,8362,9262,
88145,70505,33929,36576,123379,59453,63926,141003,67836,73167,123375,59279,64096,70497,34011,36486,17625,8362,9263,
88150,70509,33933,36576,123386,59455,63931,141011,67837,73174,123382,59284,64098,70501,34014,36487,17626,8363,9263,
88155,70513,33934,36579,123393,59458,63935,141019,67841,73178,123389,59286,64103,70505,34014,36491,17627,8363,9264,
88160,70517,33937,36580,123400,59461,63939,141027,67844,73183,123396,59288,64108,70509,34016,36493,17628,8363,9265,
88165,70521,33939,36582,123407,59463,63944,141035,67848,73187,123403,59290,64113,70513,34018,36495,17629,8364,9265,
88170,70525,33942,36583,123414,59467,63947,141043,67851,73192,123410,59295,64115,70517,34019,36498,17630,8364,9266,
88175,70529,33943,36586,123421,59471,63950,141051,67855,73196,123417,59299,64118,70521,34020,36501,17631,8364,9267,
88180,70533,33946,36587,123428,59473,63955,141059,67858,73201,123424,59303,64121,70525,34023,36502,17632,8365,9267,
88185,70537,33948,36589,123435,59476,63959,141067,67860,73207,123431,59307,64124,70529,34025,36504,17633,8365,9268,
88190,70541,33949,36592,123442,59480,63962,141075,67864,73211,123438,59311,64127,70533,34027,36506,17634,8365,9269,
88195,70545,33950,36595,123449,59484,63965,141083,67869,73214,123445,59312,64133,70537,34028,36509,17635,8365,9270,
88200,70549,33953,36596,123456,59488,63968,141091,67874,73217,123452,59313,64139,70541,34029,36512,17636,8366,9270,
88205,70553,33955,36598,123463,59492,63971,141099,67880,73219,123459,59316,64143,70545,34031,36514,17637,8367,9270,
88210,70557,33956,36601,123470,59496,63974,141107,67883,73224,123466,59319,64147,70549,34035,36514,17638,8367,9271,
88215,70561,33958,36603,123477,59497,63980,141115,67889,73226,123473,59324,64149,70553,34036,36517,17639,8367,9272,
88220,70565,33959,36606,123484,59503,63981,141123,67893,73230,123480,59327,64153,70557,34039,36518,17640,8368,9272,
88225,70569,33960,36609,123491,59504,63987,141131,67898,73233,123487,59332,64155,70561,34040,36521,17641,8369,9272,
88230,70573,33962,36611,123498,59507,63991,141139,67903,73236,123494,59336,64158,70565,34041,36524,17642,8369,9273,
88235,70577,33964,36613,123505,59510,63995,141147,67906,73241,123501,59338,64163,70569,34043,36526,17643,8369,9274,
88240,70581,33967,36614,123512,59512,64000,141155,67913,73242,123508,59343,64165,70573,34045,36528,17644,8369,9275,
88245,70585,33968,36617,123519,59517,64002,141163,67917,73246,123515,59348,64167,70577,34048,36529,17645,8370,9275,
88250,70589,33972,36617,123526,59520,64006,141171,67920,73251,123522,59352,64170,70581,34050,36531,17646,8371,9275,
88255,70593,33974,36619,123533,59524,64009,141179,67924,73255,123529,59356,64173,70585,34052,36533,17647,8372,9275,
88260,70597,33977,36620,123540,59528,64012,141187,67927,73260,123536,59357,64179,70589,34053,36536,17648,8373,9275,
88265,70601,33979,36622,123547,59529,64018,141195,67929,73266,123543,59359,64184,70593,34056,36537,17649,8373,9276,
88270,70605,33981,36624,123554,59533,64021,141203,67932,73271,123550,59361,64189,70597,34057,36540,17650,8373,9277,
88275,70609,33982,36627,123561,59538,64023,141211,67936,73275,123557,59363,64194,70601,34058,36543,17651,8373,9278,
88280,70613,33984,36629,123568,59539,64029,141219,67943,73276,123564,59368,64196,70605,34060,36545,17652,8374,9278,
88285,70617,33986,36631,123575,59541,64034,141227,67950,73277,123571,59373,64198,70609,34063,36546,17653,8375,9278,
88290,70621,33987,36634,123582,59543,64039,141235,67953,73282,123578,59378,64200,70613,34064,36549,17654,8375,9279,
88295,70625,33991,36634,123589,59547,64042,141243,67957,73286,123585,59382,64203,70617,34067,36550,17655,8375,9280,
88300,70629,33993,36636,123596,59551,64045,141251,67963,73288,123592,59386,64206,70621,34068,36553,17656,8375,9281,
88305,70633,33994,36639,123603,59556,64047,141259,67966,73293,123599,59387,64212,70625,34070,36555,17657,8376,9281,
88310,70637,33997,36640,123610,59558,64052,141267,67971,73296,123606,59389,64217,70629,34073,36556,17658,8376,9282,
88315,70641,33998,36643,123617,59561,64056,141275,67974,73301,123613,59391,64222,70633,34075,36558,17659,8376,9283,
88320,70645,34000,36645,123624,59563,64061,141283,67979,73304,123620,59394,64226,70637,34076,36561,17660,8376,9284,
88325,70649,34004,36645,123631,59568,64063,141291,67982,73309,123627,59399,64228,70641,34077,36564,17661,8376,9285,
88330,70653,34006,36647,123638,59573,64065,141299,67985,73314,123634,59402,64232,70645,34080,36565,17662,8377,9285,
88335,70657,34007,36650,123645,59576,64069,141307,67990,73317,123641,59404,64237,70649,34083,36566,17663,8378,9285,
88340,70661,34009,36652,123652,59580,64072,141315,67996,73319,123648,59406,64242,70653,34087,36566,17664,8378,9286,
88345,70665,34011,36654,123659,59582,64077,141323,68001,73322,123655,59412,64243,70657,34090,36567,17665,8379,9286,
88350,70669,34014,36655,123666,59587,64079,141331,68003,73328,123662,59418,64244,70661,34092,36569,17666,8380,9286,
88355,70673,34015,36658,123673,59591,64082,141339,68008,73331,123669,59422,64247,70665,34092,36573,17667,8380,9287,
88360,70677,34017,36660,123680,59594,64086,141347,68009,73338,123676,59426,64250,70669,34094,36575,17668,8380,9288,
88365,70681,34020,36661,123687,59600,64087,141355,68011,73344,123683,59430,64253,70673,34096,36577,17669,8381,9288,
88370,70685,34022,36663,123694,59603,64091,141363,68015,73348,123690,59432,64258,70677,34098,36579,17670,8382,9288,
88375,70689,34024,36665,123701,59607,64094,141371,68018,73353,123697,59435,64262,70681,34101,36580,17671,8382,9289,
88380,70693,34026,36667,123708,59611,64097,141379,68021,73358,123704,59441,64263,70685,34104,36581,17672,8382,9290,
88385,70697,34029,36668,123715,59612,64103,141387,68026,73361,123711,59444,64267,70689,34106,36583,17673,8382,9291,
88390,70701,34031,36670,123722,59614,64108,141395,68029,73366,123718,59447,64271,70693,34107,36586,17674,8382,9292,
88395,70705,34033,36672,123729,59620,64109,141403,68032,73371,123725,59450,64275,70697,34109,36588,17675,8382,9293,
88400,70709,34037,36672,123736,59625,64111,141411,68035,73376,123732,59453,64279,70701,34111,36590,17676,8382,9294,
88405,70713,34039,36674,123743,59630,64113,141419,68040,73379,123739,59457,64282,70705,34112,36593,17677,8383,9294,
88410,70717,34042,36675,123750,59632,64118,141427,68043,73384,123746,59462,64284,70709,34116,36593,17678,8383,9295,
88415,70721,34045,36676,123757,59634,64123,141435,68048,73387,123753,59465,64288,70713,34118,36595,17679,8383,9296,
88420,70725,34047,36678,123764,59639,64125,141443,68053,73390,123760,59467,64293,70717,34119,36598,17680,8384,9296,
88425,70729,34048,36681,123771,59643,64128,141451,68056,73395,123767,59469,64298,70721,34120,36601,17681,8384,9297,
88430,70733,34052,36681,123778,59647,64131,141459,68061,73398,123774,59473,64301,70725,34122,36603,17682,8384,9298,
88435,70737,34054,36683,123785,59649,64136,141467,68064,73403,123781,59476,64305,70729,34124,36605,17683,8384,9299,
88440,70741,34057,36684,123792,59653,64139,141475,68069,73406,123788,59479,64309,70733,34128,36605,17684,8384,9300,
88445,70745,34059,36686,123799,59658,64141,141483,68073,73410,123795,59484,64311,70737,34130,36607,17685,8384,9301,
88450,70749,34062,36687,123806,59659,64147,141491,68077,73414,123802,59489,64313,70741,34131,36610,17686,8384,9302,
88455,70753,34062,36691,123813,59664,64149,141499,68082,73417,123809,59491,64318,70745,34132,36613,17687,8384,9303,
88460,70757,34066,36691,123820,59666,64154,141507,68086,73421,123816,59497,64319,70749,34134,36615,17688,8384,9304,
88465,70761,34068,36693,123827,59669,64158,141515,68089,73426,123823,59500,64323,70753,34136,36617,17689,8384,9305,
88470,70765,34070,36695,123834,59672,64162,141523,68092,73431,123830,59503,64327,70757,34139,36618,17690,8384,9306,
88475,70769,34072,36697,123841,59676,64165,141531,68095,73436,123837,59507,64330,70761,34143,36618,17691,8385,9306,
88480,70773,34074,36699,123848,59678,64170,141539,68098,73441,123844,59511,64333,70765,34147,36618,17692,8385,9307,
88485,70777,34075,36702,123855,59681,64174,141547,68101,73446,123851,59516,64335,70769,34149,36620,17693,8385,9308,
88490,70781,34077,36704,123862,59683,64179,141555,68101,73454,123858,59518,64340,70773,34151,36622,17694,8386,9308,
88495,70785,34081,36704,123869,59688,64181,141563,68106,73457,123865,59520,64345,70777,34153,36624,17695,8387,9308,
88500,70789,34083,36706,123876,59690,64186,141571,68111,73460,123872,59526,64346,70781,34155,36626,17696,8387,9309,
88505,70793,34085,36708,123883,59692,64191,141579,68115,73464,123879,59530,64349,70785,34156,36629,17697,8388,9309,
88510,70797,34085,36712,123890,59695,64195,141587,68118,73469,123886,59534,64352,70789,34158,36631,17698,8389,9309,
88515,70801,34088,36713,123897,59696,64201,141595,68123,73472,123893,59539,64354,70793,34158,36635,17699,8389,9310,
88520,70805,34089,36716,123904,59698,64206,141603,68124,73479,123900,59542,64358,70797,34161,36636,17700,8390,9310,
88525,70809,34092,36717,123911,59701,64210,141611,68126,73485,123907,59547,64360,70801,34165,36636,17701,8390,9311,
88530,70813,34094,36719,123918,59705,64213,141619,68131,73488,123914,59549,64365,70805,34167,36638,17702,8391,9311,
88535,70817,34095,36722,123925,59710,64215,141627,68133,73494,123921,59550,64371,70809,34171,36638,17703,8392,9311,
88540,70821,34097,36724,123932,59713,64219,141635,68136,73499,123928,59553,64375,70813,34174,36639,17704,8393,9311,
88545,70825,34099,36726,123939,59717,64222,141643,68138,73505,123935,59555,64380,70817,34175,36642,17705,8394,9311,
88550,70829,34102,36727,123946,59721,64225,141651,68141,73510,123942,59561,64381,70821,34177,36644,17706,8394,9312,
88555,70833,34104,36729,123953,59726,64227,141659,68149,73510,123949,59565,64384,70825,34179,36646,17707,8395,9312,
88560,70837,34107,36730,123960,59727,64233,141667,68153,73514,123956,59566,64390,70829,34182,36647,17708,8395,9313,
88565,70841,34109,36732,123967,59730,64237,141675,68157,73518,123963,59571,64392,70833,34182,36651,17709,8396,9313,
88570,70845,34110,36735,123974,59733,64241,141683,68162,73521,123970,59575,64395,70837,34185,36652,17710,8397,9313,
88575,70849,34112,36737,123981,59738,64243,141691,68168,73523,123977,59577,64400,70841,34186,36655,17711,8397,9314,
88580,70853,34115,36738,123988,59740,64248,141699,68169,73530,123984,59580,64404,70845,34189,36656,17712,8397,9315,
88585,70857,34116,36741,123995,59742,64253,141707,68174,73533,123991,59584,64407,70849,34189,36660,17713,8398,9315,
88590,70861,34118,36743,124002,59745,64257,141715,68176,73539,123998,59587,64411,70853,34192,36661,17714,8398,9316,
88595,70865,34120,36745,124009,59747,64262,141723,68180,73543,124005,59588,64417,70857,34194,36663,17715,8398,9317,
88600,70869,34123,36746,124016,59750,64266,141731,68182,73549,124012,59590,64422,70861,34196,36665,17716,8398,9318,
88605,70873,34125,36748,124023,59752,64271,141739,68185,73554,124019,59595,64424,70865,34199,36666,17717,8399,9318,
88610,70877,34126,36751,124030,59756,64274,141747,68188,73559,124026,59599,64427,70869,34202,36667,17718,8400,9318,
88615,70881,34128,36753,124037,59757,64280,141755,68191,73564,124033,59601,64432,70873,34205,36668,17719,8401,9318,
88620,70885,34130,36755,124044,59761,64283,141763,68197,73566,124040,59605,64435,70877,34207,36670,17720,8401,9319,
88625,70889,34133,36756,124051,59764,64287,141771,68203,73568,124047,59607,64440,70881,34209,36672,17721,8401,9320,
88630,70893,34136,36757,124058,59767,64291,141779,68209,73570,124054,59609,64445,70885,34211,36674,17722,8401,9321,
88635,70897,34139,36758,124065,59770,64295,141787,68214,73573,124061,59615,64446,70889,34213,36676,17723,8402,9321,
88640,70901,34139,36762,124072,59774,64298,141795,68216,73579,124068,59617,64451,70893,34215,36678,17724,8403,9321,
88645,70905,34139,36766,124079,59777,64302,141803,68222,73581,124075,59622,64453,70897,34216,36681,17725,8403,9322,
88650,70909,34141,36768,124086,59780,64306,141811,68223,73588,124082,59625,64457,70901,34217,36684,17726,8404,9322,
88655,70913,34144,36769,124093,59782,64311,141819,68228,73591,124089,59630,64459,70905,34217,36688,17727,8405,9322,
88660,70917,34145,36772,124100,59785,64315,141827,68232,73595,124096,59632,64464,70909,34218,36691,17728,8406,9322,
88665,70921,34148,36773,124107,59790,64317,141835,68237,73598,124103,59635,64468,70913,34222,36691,17729,8406,9323,
88670,70925,34150,36775,124114,59793,64321,141843,68240,73603,124110,59637,64473,70917,34223,36694,17730,8406,9324,
88675,70929,34151,36778,124121,59795,64326,141851,68242,73609,124117,59639,64478,70921,34224,36697,17731,8406,9325,
88680,70933,34153,36780,124128,59799,64329,141859,68245,73614,124124,59642,64482,70925,34228,36697,17732,8406,9326,
88685,70937,34155,36782,124135,59803,64332,141867,68248,73619,124131,59645,64486,70929,34229,36700,17733,8407,9326,
88690,70941,34156,36785,124142,59806,64336,141875,68252,73623,124138,59651,64487,70933,34229,36704,17734,8407,9327,
88695,70945,34158,36787,124149,59809,64340,141883,68256,73627,124145,59656,64489,70937,34230,36707,17735,8407,9328,
88700,70949,34160,36789,124156,59813,64343,141891,68261,73630,124152,59658,64494,70941,34232,36709,17736,8407,9329,
88705,70953,34162,36791,124163,59816,64347,141899,68265,73634,124159,59663,64496,70945,34234,36711,17737,8408,9329,
88710,70957,34164,36793,124170,59820,64350,141907,68268,73639,124166,59667,64499,70949,34235,36714,17738,8408,9330,
88715,70961,34166,36795,124177,59824,64353,141915,68272,73643,124173,59669,64504,70953,34237,36716,17739,8408,9331,
88720,70965,34168,36797,124184,59828,64356,141923,68276,73647,124180,59671,64509,70957,34241,36716,17740,8409,9331,
88725,70969,34171,36798,124191,59831,64360,141931,68280,73651,124187,59674,64513,70961,34242,36719,17741,8409,9332,
88730,70973,34173,36800,124198,59835,64363,141939,68282,73657,124194,59679,64515,70965,34243,36722,17742,8409,9333,
88735,70977,34174,36803,124205,59839,64366,141947,68286,73661,124201,59683,64518,70969,34245,36724,17743,8409,9334,
88740,70981,34177,36804,124212,59842,64370,141955,68293,73662,124208,59687,64521,70973,34247,36726,17744,8410,9334,
88745,70985,34178,36807,124219,59847,64372,141963,68294,73669,124215,59692,64523,70977,34250,36727,17745,8411,9334,
88750,70989,34179,36810,124226,59852,64374,141971,68297,73674,124222,59694,64528,70981,34251,36730,17746,8412,9334,
88755,70993,34180,36813,124233,59857,64376,141979,68301,73678,124229,59698,64531,70985,34253,36732,17747,8412,9335,
88760,70997,34183,36814,124240,59858,64382,141987,68307,73680,124236,59701,64535,70989,34255,36734,17748,8412,9336,
88765,71001,34184,36817,124247,59861,64386,141995,68310,73685,124243,59705,64538,70993,34255,36738,17749,8412,9337,
88770,71005,34186,36819,124254,59864,64390,142003,68315,73688,124250,59708,64542,70997,34258,36739,17750,8413,9337,
88775,71009,34188,36821,124261,59869,64392,142011,68319,73692,124257,59713,64544,71001,34258,36743,17751,8413,9338,
88780,71013,34191,36822,124268,59873,64395,142019,68324,73695,124264,59715,64549,71005,34261,36744,17752,8414,9338,
88785,71017,34192,36825,124275,59878,64397,142027,68326,73701,124271,59721,64550,71009,34264,36745,17753,8414,9339,
88790,71021,34193,36828,124282,59880,64402,142035,68331,73704,124278,59725,64553,71013,34265,36748,17754,8414,9340,
88795,71025,34194,36831,124289,59882,64407,142043,68336,73707,124285,59727,64558,71017,34267,36750,17755,8414,9341,
88800,71029,34197,36832,124296,59888,64408,142051,68341,73710,124292,59728,64564,71021,34269,36752,17756,8415,9341,
88805,71033,34197,36836,124303,59894,64409,142059,68347,73712,124299,59732,64567,71025,34272,36753,17757,8416,9341,
88810,71037,34199,36838,124310,59894,64416,142067,68351,73716,124306,59734,64572,71029,34272,36757,17758,8417,9341,
88815,71041,34200,36841,124317,59897,64420,142075,68356,73719,124313,59737,64576,71033,34273,36760,17759,8418,9341,
88820,71045,34200,36845,124324,59901,64423,142083,68361,73722,124320,59741,64579,71037,34275,36762,17760,8418,9342,
88825,71049,34200,36849,124331,59905,64426,142091,68363,73728,124327,59744,64583,71041,34277,36764,17761,8418,9343,
88830,71053,34201,36852,124338,59908,64430,142099,68366,73733,124334,59748,64586,71045,34278,36767,17762,8418,9344,
88835,71057,34203,36854,124345,59911,64434,142107,68369,73738,124341,59752,64589,71049,34282,36767,17763,8418,9345,
88840,71061,34206,36855,124352,59915,64437,142115,68373,73742,124348,59754,64594,71053,34284,36769,17764,8419,9345,
88845,71065,34207,36858,124359,59920,64439,142123,68381,73742,124355,59758,64597,71057,34284,36773,17765,8420,9345,
88850,71069,34208,36861,124366,59922,64444,142131,68386,73745,124362,59762,64600,71061,34285,36776,17766,8420,9346,
88855,71073,34210,36863,124373,59923,64450,142139,68391,73748,124369,59765,64604,71065,34286,36779,17767,8420,9347,
88860,71077,34211,36866,124380,59926,64454,142147,68397,73750,124376,59769,64607,71069,34288,36781,17768,8421,9347,
88865,71081,34212,36869,124387,59930,64457,142155,68401,73754,124383,59773,64610,71073,34290,36783,17769,8422,9347,
88870,71085,34212,36873,124394,59934,64460,142163,68405,73758,124390,59775,64615,71077,34293,36784,17770,8423,9347,
88875,71089,34212,36877,124401,59939,64462,142171,68408,73763,124397,59778,64619,71081,34295,36786,17771,8424,9347,
88880,71093,34214,36879,124408,59943,64465,142179,68413,73766,124404,59780,64624,71085,34296,36789,17772,8424,9348,
88885,71097,34215,36882,124415,59943,64472,142187,68415,73772,124411,59783,64628,71089,34298,36791,17773,8425,9348,
88890,71101,34216,36885,124422,59944,64478,142195,68420,73775,124418,59785,64633,71093,34301,36792,17774,8425,9349,
88895,71105,34219,36886,124429,59945,64484,142203,68425,73778,124425,59791,64634,71097,34302,36795,17775,8425,9350,
88900,71109,34221,36888,124436,59946,64490,142211,68427,73784,124432,59797,64635,71101,34305,36796,17776,8426,9350,
88905,71113,34223,36890,124443,59949,64494,142219,68431,73788,124439,59799,64640,71105,34308,36797,17777,8426,9351,
88910,71117,34225,36892,124450,59954,64496,142227,68434,73793,124446,59804,64642,71109,34310,36799,17778,8426,9352,
88915,71121,34228,36893,124457,59957,64500,142235,68435,73800,124453,59807,64646,71113,34311,36802,17779,8427,9352,
88920,71125,34230,36895,124464,59962,64502,142243,68437,73806,124460,59810,64650,71117,34313,36804,17780,8427,9353,
88925,71129,34232,36897,124471,59967,64504,142251,68441,73810,124467,59814,64653,71121,34315,36806,17781,8428,9353,
88930,71133,34233,36900,124478,59970,64508,142259,68446,73813,124474,59815,64659,71125,34316,36809,17782,8429,9353,
88935,71137,34233,36904,124485,59973,64512,142267,68449,73818,124481,59818,64663,71129,34316,36813,17783,8430,9353,
88940,71141,34235,36906,124492,59977,64515,142275,68452,73823,124488,59821,64667,71133,34320,36813,17784,8430,9354,
88945,71145,34236,36909,124499,59982,64517,142283,68456,73827,124495,59826,64669,71137,34322,36815,17785,8430,9355,
88950,71149,34237,36912,124506,59987,64519,142291,68460,73831,124502,59830,64672,71141,34324,36817,17786,8430,9356,
88955,71153,34239,36914,124513,59991,64522,142299,68465,73834,124509,59834,64675,71145,34326,36819,17787,8431,9356,
88960,71157,34241,36916,124520,59995,64525,142307,68467,73840,124516,59837,64679,71149,34328,36821,17788,8432,9356,
88965,71161,34243,36918,124527,59998,64529,142315,68472,73843,124523,59839,64684,71153,34331,36822,17789,8432,9357,
88970,71165,34245,36920,124534,60001,64533,142323,68478,73845,124530,59843,64687,71157,34332,36825,17790,8433,9357,
88975,71169,34248,36921,124541,60003,64538,142331,68481,73850,124537,59846,64691,71161,34334,36827,17791,8433,9358,
88980,71173,34251,36922,124548,60006,64542,142339,68484,73855,124544,59850,64694,71165,34336,36829,17792,8433,9359,
88985,71177,34252,36925,124555,60008,64547,142347,68487,73860,124551,59854,64697,71169,34337,36832,17793,8433,9360,
88990,71181,34253,36928,124562,60012,64550,142355,68492,73863,124558,59858,64700,71173,34339,36834,17794,8433,9361,
88995,71185,34254,36931,124569,60016,64553,142363,68496,73867,124565,59862,64703,71177,34343,36834,17795,8433,9362,
89000,71189,34256,36933,124576,60019,64557,142371,68501,73870,124572,59865,64707,71181,34345,36836,17796,8433,9363,
89005,71193,34258,36935,124583,60023,64560,142379,68503,73876,124579,59870,64709,71185,34348,36837,17797,8434,9363,
89010,71197,34260,36937,124590,60026,64564,142387,68506,73881,124586,59875,64711,71189,34350,36839,17798,8435,9363,
89015,71201,34263,36938,124597,60030,64567,142395,68510,73885,124593,59880,64713,71193,34352,36841,17799,8436,9363,
89020,71205,34264,36941,124604,60032,64572,142403,68516,73887,124600,59884,64716,71197,34354,36843,17800,8436,9364,
89025,71209,34267,36942,124611,60034,64577,142411,68518,73893,124607,59887,64720,71201,34355,36846,17801,8436,9365,
89030,71213,34268,36945,124618,60040,64578,142419,68523,73896,124614,59890,64724,71205,34358,36847,17802,8437,9365,
89035,71217,34269,36948,124625,60042,64583,142427,68528,73899,124621,59892,64729,71209,34360,36849,17803,8438,9365,
89040,71221,34272,36949,124632,60043,64589,142435,68531,73904,124628,59896,64732,71213,34362,36851,17804,8439,9365,
89045,71225,34274,36951,124639,60047,64592,142443,68536,73907,124635,59899,64736,71217,34363,36854,17805,8439,9366,
89050,71229,34275,36954,124646,60049,64597,142451,68541,73910,124642,59902,64740,71221,34366,36855,17806,8440,9366,
89055,71233,34277,36956,124653,60052,64601,142459,68546,73913,124649,59903,64746,71225,34368,36857,17807,8441,9366,
89060,71237,34279,36958,124660,60055,64605,142467,68548,73919,124656,59907,64749,71229,34372,36857,17808,8442,9366,
89065,71241,34281,36960,124667,60059,64608,142475,68551,73924,124663,59910,64753,71233,34374,36859,17809,8443,9366,
89070,71245,34283,36962,124674,60063,64611,142483,68554,73929,124670,59913,64757,71237,34377,36860,17810,8443,9367,
89075,71249,34285,36964,124681,60066,64615,142491,68557,73934,124677,59916,64761,71241,34379,36862,17811,8444,9367,
89080,71253,34287,36966,124688,60067,64621,142499,68562,73937,124684,59920,64764,71245,34382,36863,17812,8444,9368,
89085,71257,34288,36969,124695,60070,64625,142507,68564,73943,124691,59924,64767,71249,34385,36864,17813,8445,9368,
89090,71261,34292,36969,124702,60073,64629,142515,68569,73946,124698,59928,64770,71253,34387,36866,17814,8445,9369,
89095,71265,34294,36971,124709,60076,64633,142523,68576,73947,124705,59931,64774,71257,34389,36868,17815,8445,9370,
89100,71269,34296,36973,124716,60081,64635,142531,68579,73952,124712,59934,64778,71261,34391,36870,17816,8445,9371,
89105,71273,34298,36975,124723,60084,64639,142539,68585,73954,124719,59938,64781,71265,34394,36871,17817,8445,9372,
89110,71277,34301,36976,124730,60086,64644,142547,68589,73958,124726,59942,64784,71269,34395,36874,17818,8445,9373,
89115,71281,34302,36979,124737,60088,64649,142555,68593,73962,124733,59943,64790,71273,34395,36878,17819,8446,9373,
89120,71285,34302,36983,124744,60091,64653,142563,68594,73969,124740,59945,64795,71277,34398,36879,17820,8447,9373,
89125,71289,34305,36984,124751,60096,64655,142571,68598,73973,124747,59945,64802,71281,34400,36881,17821,8448,9373,
89130,71293,34307,36986,124758,60099,64659,142579,68599,73980,124754,59949,64805,71285,34403,36882,17822,8449,9373,
89135,71297,34310,36987,124765,60102,64663,142587,68603,73984,124761,59950,64811,71289,34405,36884,17823,8450,9373,
89140,71301,34312,36989,124772,60105,64667,142595,68606,73989,124768,59954,64814,71293,34406,36887,17824,8450,9374,
89145,71305,34316,36989,124779,60106,64673,142603,68607,73996,124775,59959,64816,71297,34409,36888,17825,8451,9374,
89150,71309,34319,36990,124786,60109,64677,142611,68612,73999,124782,59963,64819,71301,34412,36889,17826,8451,9375,
89155,71313,34322,36991,124793,60111,64682,142619,68614,74005,124789,59966,64823,71305,34416,36889,17827,8451,9376,
89160,71317,34323,36994,124800,60116,64684,142627,68619,74008,124796,59971,64825,71309,34419,36890,17828,8452,9376,
89165,71321,34325,36996,124807,60119,64688,142635,68623,74012,124803,59974,64829,71313,34422,36891,17829,8453,9376,
89170,71325,34328,36997,124814,60124,64690,142643,68627,74016,124810,59978,64832,71317,34424,36893,17830,8454,9376,
89175,71329,34329,37000,124821,60128,64693,142651,68633,74018,124817,59982,64835,71321,34426,36895,17831,8454,9377,
89180,71333,34330,37003,124828,60131,64697,142659,68636,74023,124824,59987,64837,71325,34428,36897,17832,8454,9378,
89185,71337,34334,37003,124835,60134,64701,142667,68640,74027,124831,59987,64844,71329,34429,36900,17833,8454,9379,
89190,71341,34337,37004,124842,60136,64706,142675,68643,74032,124838,59990,64848,71333,34431,36902,17834,8454,9380,
89195,71345,34338,37007,124849,60140,64709,142683,68645,74038,124845,59994,64851,71337,34432,36905,17835,8454,9381,
89200,71349,34339,37010,124856,60145,64711,142691,68648,74043,124852,59998,64854,71341,34435,36906,17836,8455,9381,
89205,71353,34343,37010,124863,60148,64715,142699,68651,74048,124859,60003,64856,71345,34438,36907,17837,8455,9382,
89210,71357,34345,37012,124870,60151,64719,142707,68657,74050,124866,60006,64860,71349,34439,36910,17838,8456,9382,
89215,71361,34347,37014,124877,60155,64722,142715,68660,74055,124873,60009,64864,71353,34442,36911,17839,8456,9383,
89220,71365,34347,37018,124884,60158,64726,142723,68664,74059,124880,60012,64868,71357,34444,36913,17840,8456,9384,
89225,71369,34350,37019,124891,60160,64731,142731,68669,74062,124887,60015,64872,71361,34446,36915,17841,8456,9385,
89230,71373,34352,37021,124898,60164,64734,142739,68674,74065,124894,60016,64878,71365,34448,36917,17842,8457,9385,
89235,71377,34354,37023,124905,60167,64738,142747,68677,74070,124901,60017,64884,71369,34450,36919,17843,8458,9385,
89240,71381,34355,37026,124912,60170,64742,142755,68683,74072,124908,60020,64888,71373,34452,36921,17844,8458,9386,
89245,71385,34356,37029,124919,60173,64746,142763,68688,74075,124915,60023,64892,71377,34454,36923,17845,8459,9386,
89250,71389,34358,37031,124926,60177,64749,142771,68693,74078,124922,60027,64895,71381,34455,36926,17846,8460,9386,
89255,71393,34359,37034,124933,60180,64753,142779,68696,74083,124929,60029,64900,71385,34458,36927,17847,8461,9386,
89260,71397,34360,37037,124940,60182,64758,142787,68700,74087,124936,60033,64903,71389,34460,36929,17848,8461,9387,
89265,71401,34363,37038,124947,60183,64764,142795,68703,74092,124943,60036,64907,71393,34461,36932,17849,8461,9388,
89270,71405,34363,37042,124954,60185,64769,142803,68708,74095,124950,60038,64912,71397,34464,36933,17850,8462,9388,
89275,71409,34364,37045,124961,60190,64771,142811,68713,74098,124957,60040,64917,71401,34465,36936,17851,8462,9389,
89280,71413,34367,37046,124968,60194,64774,142819,68716,74103,124964,60042,64922,71405,34467,36938,17852,8463,9389,
89285,71417,34369,37048,124975,60196,64779,142827,68722,74105,124971,60046,64925,71409,34468,36941,17853,8464,9389,
89290,71421,34371,37050,124982,60199,64783,142835,68726,74109,124978,60052,64926,71413,34469,36944,17854,8465,9389,
89295,71425,34374,37051,124989,60204,64785,142843,68731,74112,124985,60055,64930,71417,34470,36947,17855,8466,9389,
89300,71429,34376,37053,124996,60207,64789,142851,68735,74116,124992,60058,64934,71421,34472,36949,17856,8467,9389,
89305,71433,34379,37054,125003,60209,64794,142859,68739,74120,124999,60061,64938,71425,34474,36951,17857,8468,9389,
89310,71437,34381,37056,125010,60210,64800,142867,68744,74123,125006,60067,64939,71429,34476,36953,17858,8469,9389,
89315,71441,34382,37059,125017,60214,64803,142875,68748,74127,125013,60070,64943,71433,34477,36956,17859,8469,9390,
89320,71445,34386,37059,125024,60217,64807,142883,68752,74131,125020,60073,64947,71437,34479,36958,17860,8469,9391,
89325,71449,34389,37060,125031,60220,64811,142891,68758,74133,125027,60077,64950,71441,34480,36961,17861,8469,9392,
89330,71453,34389,37064,125038,60224,64814,142899,68760,74139,125034,60079,64955,71445,34481,36964,17862,8470,9392,
89335,71457,34393,37064,125045,60228,64817,142907,68764,74143,125041,60081,64960,71449,34482,36967,17863,8470,9393,
89340,71461,34396,37065,125052,60231,64821,142915,68767,74148,125048,60083,64965,71453,34483,36970,17864,8471,9393,
89345,71465,34399,37066,125059,60232,64827,142923,68768,74155,125055,60085,64970,71457,34486,36971,17865,8472,9393,
89350,71469,34403,37066,125066,60235,64831,142931,68771,74160,125062,60087,64975,71461,34488,36973,17866,8472,9394,
89355,71473,34405,37068,125073,60237,64836,142939,68773,74166,125069,60089,64980,71465,34490,36975,17867,8472,9395,
89360,71477,34407,37070,125080,60240,64840,142947,68777,74170,125076,60093,64983,71469,34492,36977,17868,8472,9396,
89365,71481,34408,37073,125087,60243,64844,142955,68782,74173,125083,60096,64987,71473,34496,36977,17869,8472,9397,
89370,71485,34411,37074,125094,60245,64849,142963,68783,74180,125090,60100,64990,71477,34497,36980,17870,8473,9397,
89375,71489,34413,37076,125101,60249,64852,142971,68786,74185,125097,60105,64992,71481,34498,36983,17871,8473,9398,
89380,71493,34415,37078,125108,60251,64857,142979,68790,74189,125104,60109,64995,71485,34502,36983,17872,8474,9398,
89385,71497,34417,37080,125115,60256,64859,142987,68794,74193,125111,60114,64997,71489,34505,36984,17873,8474,9399,
89390,71501,34420,37081,125122,60260,64862,142995,68799,74196,125118,60117,65001,71493,34506,36987,17874,8475,9399,
89395,71505,34421,37084,125129,60265,64864,143003,68802,74201,125125,60122,65003,71497,34507,36990,17875,8476,9399,
89400,71509,34424,37085,125136,60266,64870,143011,68806,74205,125132,60126,65006,71501,34507,36994,17876,8476,9400,
89405,71513,34425,37088,125143,60267,64876,143019,68809,74210,125139,60130,65009,71505,34508,36997,17877,8476,9401,
89410,71517,34427,37090,125150,60271,64879,143027,68812,74215,125146,60132,65014,71509,34512,36997,17878,8477,9401,
89415,71521,34430,37091,125157,60276,64881,143035,68818,74217,125153,60135,65018,71513,34515,36998,17879,8478,9401,
89420,71525,34431,37094,125164,60279,64885,143043,68820,74223,125160,60140,65020,71517,34517,37000,17880,8478,9402,
89425,71529,34435,37094,125171,60282,64889,143051,68824,74227,125167,60141,65026,71521,34520,37001,17881,8479,9402,
89430,71533,34437,37096,125178,60284,64894,143059,68826,74233,125174,60145,65029,71525,34521,37004,17882,8480,9402,
89435,71537,34439,37098,125185,60284,64901,143067,68832,74235,125181,60151,65030,71529,34523,37006,17883,8480,9403,
89440,71541,34442,37099,125192,60289,64903,143075,68837,74238,125188,60155,65033,71533,34525,37008,17884,8481,9403,
89445,71545,34443,37102,125199,60291,64908,143083,68842,74241,125195,60159,65036,71537,34528,37009,17885,8481,9404,
89450,71549,34445,37104,125206,60295,64911,143091,68846,74245,125202,60162,65040,71541,34529,37012,17886,8482,9404,
89455,71553,34445,37108,125213,60300,64913,143099,68851,74248,125209,60166,65043,71545,34529,37016,17887,8483,9404,
89460,71557,34447,37110,125220,60302,64918,143107,68853,74254,125216,60168,65048,71549,34530,37019,17888,8483,9405,
89465,71561,34447,37114,125227,60305,64922,143115,68855,74260,125223,60171,65052,71553,34532,37021,17889,8483,9406,
89470,71565,34449,37116,125234,60306,64928,143123,68861,74262,125230,60175,65055,71557,34534,37023,17890,8483,9407,
89475,71569,34451,37118,125241,60308,64933,143131,68865,74266,125237,60177,65060,71561,34535,37026,17891,8484,9407,
89480,71573,34451,37122,125248,60312,64936,143139,68867,74272,125244,60180,65064,71565,34538,37027,17892,8484,9408,
89485,71577,34455,37122,125255,60318,64937,143147,68868,74279,125251,60183,65068,71569,34540,37029,17893,8484,9409,
89490,71581,34457,37124,125262,60320,64942,143155,68873,74282,125258,60187,65071,71573,34543,37030,17894,8485,9409,
89495,71585,34461,37124,125269,60324,64945,143163,68877,74286,125265,60193,65072,71577,34546,37031,17895,8486,9409,
89500,71589,34464,37125,125276,60328,64948,143171,68880,74291,125272,60197,65075,71581,34548,37033,17896,8486,9410,
89505,71593,34464,37129,125283,60331,64952,143179,68886,74293,125279,60199,65080,71585,34550,37035,17897,8487,9410,
89510,71597,34464,37133,125290,60336,64954,143187,68890,74297,125286,60202,65084,71589,34552,37037,17898,8487,9411,
89515,71601,34465,37136,125297,60337,64960,143195,68892,74303,125293,60208,65085,71593,34553,37040,17899,8487,9412,
89520,71605,34466,37139,125304,60340,64964,143203,68895,74308,125300,60211,65089,71597,34555,37042,17900,8488,9412,
89525,71609,34468,37141,125311,60343,64968,143211,68897,74314,125307,60215,65092,71601,34556,37045,17901,8489,9412,
89530,71613,34470,37143,125318,60345,64973,143219,68903,74316,125314,60217,65097,71605,34559,37046,17902,8489,9413,
89535,71617,34472,37145,125325,60347,64978,143227,68906,74321,125321,60220,65101,71609,34561,37048,17903,8490,9413,
89540,71621,34474,37147,125332,60350,64982,143235,68911,74324,125328,60222,65106,71613,34564,37049,17904,8490,9414,
89545,71625,34476,37149,125339,60354,64985,143243,68913,74330,125335,60225,65110,71617,34565,37052,17905,8491,9414,
89550,71629,34479,37150,125346,60360,64986,143251,68920,74331,125342,60228,65114,71621,34566,37055,17906,8491,9415,
89555,71633,34480,37153,125353,60365,64988,143259,68926,74333,125349,60231,65118,71625,34567,37058,17907,8491,9416,
89560,71637,34481,37156,125360,60366,64994,143267,68931,74336,125356,60234,65122,71629,34569,37060,17908,8491,9417,
89565,71641,34482,37159,125367,60369,64998,143275,68933,74342,125363,60239,65124,71633,34570,37063,17909,8491,9418,
89570,71645,34484,37161,125374,60370,65004,143283,68937,74346,125370,60242,65128,71637,34573,37064,17910,8491,9419,
89575,71649,34487,37162,125381,60374,65007,143291,68941,74350,125377,60245,65132,71641,34574,37067,17911,8491,9420,
89580,71653,34487,37166,125388,60377,65011,143299,68946,74353,125384,60250,65134,71645,34575,37070,17912,8492,9420,
89585,71657,34490,37167,125395,60380,65015,143307,68948,74359,125391,60255,65136,71649,34577,37072,17913,8493,9420,
89590,71661,34491,37170,125402,60384,65018,143315,68953,74362,125398,60259,65139,71653,34578,37075,17914,8494,9420,
89595,71665,34493,37172,125409,60390,65019,143323,68958,74365,125405,60263,65142,71657,34578,37079,17915,8495,9420,
89600,71669,34496,37173,125416,60395,65021,143331,68963,74368,125412,60266,65146,71661,34582,37079,17916,8495,9421,
89605,71673,34498,37175,125423,60398,65025,143339,68967,74372,125419,60271,65148,71665,34585,37080,17917,8495,9422,
89610,71677,34499,37178,125430,60402,65028,143347,68968,74379,125426,60273,65153,71669,34586,37083,17918,8495,9423,
89615,71681,34502,37179,125437,60404,65033,143355,68971,74384,125433,60277,65156,71673,34588,37085,17919,8496,9423,
89620,71685,34505,37180,125444,60407,65037,143363,68974,74389,125440,60278,65162,71677,34590,37087,17920,8496,9424,
89625,71689,34505,37184,125451,60411,65040,143371,68977,74394,125447,60281,65166,71681,34591,37090,17921,8497,9424,
89630,71693,34508,37185,125458,60414,65044,143379,68981,74398,125454,60285,65169,71685,34592,37093,17922,8498,9424,
89635,71697,34511,37186,125465,60417,65048,143387,68982,74405,125461,60292,65169,71689,34594,37095,17923,8498,9425,
89640,71701,34515,37186,125472,60421,65051,143395,68985,74410,125468,60294,65174,71693,34595,37098,17924,8498,9426,
89645,71705,34518,37187,125479,60424,65055,143403,68988,74415,125475,60296,65179,71697,34596,37101,17925,8498,9427,
89650,71709,34520,37189,125486,60428,65058,143411,68991,74420,125482,60299,65183,71701,34597,37104,17926,8499,9427,
89655,71713,34523,37190,125493,60430,65063,143419,68995,74424,125489,60302,65187,71705,34599,37106,17927,8499,9428,
89660,71717,34526,37191,125500,60433,65067,143427,68998,74429,125496,60303,65193,71709,34600,37109,17928,8499,9429,
89665,71721,34527,37194,125507,60439,65068,143435,69002,74433,125503,60308,65195,71713,34603,37110,17929,8499,9430,
89670,71725,34528,37197,125514,60440,65074,143443,69007,74436,125510,60313,65197,71717,34605,37112,17930,8499,9431,
89675,71729,34529,37200,125521,60443,65078,143451,69010,74441,125517,60316,65201,71721,34607,37114,17931,8500,9431,
89680,71733,34530,37203,125528,60447,65081,143459,69013,74446,125524,60322,65202,71725,34609,37116,17932,8500,9432,
89685,71737,34531,37206,125535,60450,65085,143467,69018,74449,125531,60326,65205,71729,34610,37119,17933,8501,9432,
89690,71741,34533,37208,125542,60454,65088,143475,69023,74452,125538,60330,65208,71733,34612,37121,17934,8502,9432,
89695,71745,34534,37211,125549,60457,65092,143483,69024,74459,125545,60334,65211,71737,34615,37122,17935,8503,9432,
89700,71749,34538,37211,125556,60460,65096,143491,69028,74463,125552,60336,65216,71741,34616,37125,17936,8504,9432,
89705,71753,34541,37212,125563,60462,65101,143499,69031,74468,125559,60341,65218,71745,34617,37128,17937,8504,9433,
89710,71757,34544,37213,125570,60464,65106,143507,69037,74470,125566,60345,65221,71749,34620,37129,17938,8504,9434,
89715,71761,34545,37216,125577,60467,65110,143515,69040,74475,125573,60347,65226,71753,34623,37130,17939,8505,9434,
89720,71765,34547,37218,125584,60471,65113,143523,69041,74482,125580,60349,65231,71757,34626,37131,17940,8506,9434,
89725,71769,34548,37221,125591,60477,65114,143531,69045,74486,125587,60353,65234,71761,34627,37134,17941,8507,9434,
89730,71773,34550,37223,125598,60482,65116,143539,69049,74490,125594,60356,65238,71765,34628,37137,17942,8507,9435,
89735,71777,34551,37226,125605,60484,65121,143547,69052,74495,125601,60358,65243,71769,34632,37137,17943,8507,9436,
89740,71781,34553,37228,125612,60490,65122,143555,69055,74500,125608,60363,65245,71773,34634,37139,17944,8507,9437,
89745,71785,34555,37230,125619,60495,65124,143563,69059,74504,125615,60367,65248,71777,34637,37140,17945,8507,9438,
89750,71789,34557,37232,125626,60499,65127,143571,69064,74507,125622,60368,65254,71781,34640,37141,17946,8508,9438,
89755,71793,34558,37235,125633,60501,65132,143579,69066,74513,125629,60371,65258,71785,34641,37144,17947,8509,9438,
89760,71797,34560,37237,125640,60505,65135,143587,69071,74516,125636,60376,65260,71789,34643,37146,17948,8509,9439,
89765,71801,34561,37240,125647,60510,65137,143595,69076,74519,125643,60379,65264,71793,34644,37149,17949,8509,9440,
89770,71805,34563,37242,125654,60515,65139,143603,69079,74524,125650,60383,65267,71797,34645,37152,17950,8509,9441,
89775,71809,34565,37244,125661,60517,65144,143611,69082,74529,125657,60387,65270,71801,34648,37153,17951,8510,9441,
89780,71813,34569,37244,125668,60520,65148,143619,69087,74532,125664,60391,65273,71805,34651,37154,17952,8510,9442,
89785,71817,34572,37245,125675,60524,65151,143627,69091,74536,125671,60394,65277,71809,34652,37157,17953,8511,9442,
89790,71821,34575,37246,125682,60527,65155,143635,69093,74542,125678,60396,65282,71813,34656,37157,17954,8511,9443,
89795,71825,34577,37248,125689,60529,65160,143643,69101,74542,125685,60398,65287,71817,34657,37160,17955,8511,9444,
89800,71829,34579,37250,125696,60530,65166,143651,69106,74545,125692,60401,65291,71821,34658,37163,17956,8511,9445,
89805,71833,34581,37252,125703,60532,65171,143659,69108,74551,125699,60404,65295,71825,34659,37166,17957,8512,9445,
89810,71837,34583,37254,125710,60535,65175,143667,69109,74558,125706,60409,65297,71829,34661,37168,17958,8512,9446,
89815,71841,34583,37258,125717,60538,65179,143675,69115,74560,125713,60411,65302,71833,34662,37171,17959,8513,9446,
89820,71845,34585,37260,125724,60541,65183,143683,69116,74567,125720,60414,65306,71837,34664,37173,17960,8513,9447,
89825,71849,34587,37262,125731,60543,65188,143691,69119,74572,125727,60418,65309,71841,34667,37174,17961,8514,9447,
89830,71853,34589,37264,125738,60545,65193,143699,69122,74577,125734,60421,65313,71845,34669,37176,17962,8514,9448,
89835,71857,34591,37266,125745,60548,65197,143707,69126,74581,125741,60423,65318,71849,34670,37179,17963,8515,9448,
89840,71861,34592,37269,125752,60550,65202,143715,69131,74584,125748,60426,65322,71853,34670,37183,17964,8516,9448,
89845,71865,34595,37270,125759,60553,65206,143723,69135,74588,125755,60431,65324,71857,34673,37184,17965,8516,9449,
89850,71869,34596,37273,125766,60556,65210,143731,69143,74588,125762,60431,65331,71861,34674,37187,17966,8516,9450,
89855,71873,34597,37276,125773,60560,65213,143739,69147,74592,125769,60434,65335,71865,34678,37187,17967,8517,9450,
89860,71877,34599,37278,125780,60565,65215,143747,69151,74596,125776,60435,65341,71869,34681,37188,17968,8518,9450,
89865,71881,34602,37279,125787,60570,65217,143755,69154,74601,125783,60438,65345,71873,34684,37189,17969,8519,9450,
89870,71885,34603,37282,125794,60572,65222,143763,69158,74605,125790,60443,65347,71877,34685,37192,17970,8520,9450,
89875,71889,34606,37283,125801,60575,65226,143771,69164,74607,125797,60448,65349,71881,34686,37195,17971,8521,9450,
89880,71893,34609,37284,125808,60581,65227,143779,69168,74611,125804,60452,65352,71885,34689,37196,17972,8521,9451,
89885,71897,34611,37286,125815,60584,65231,143787,69172,74615,125811,60455,65356,71889,34691,37198,17973,8522,9451,
89890,71901,34613,37288,125822,60586,65236,143795,69175,74620,125818,60457,65361,71893,34692,37201,17974,8523,9451,
89895,71905,34614,37291,125829,60588,65241,143803,69178,74625,125825,60460,65365,71897,34693,37204,17975,8523,9452,
89900,71909,34618,37291,125836,60593,65243,143811,69180,74631,125832,60465,65367,71901,34694,37207,17976,8524,9452,
89905,71913,34621,37292,125843,60594,65249,143819,69182,74637,125839,60470,65369,71905,34697,37208,17977,8525,9452,
89910,71917,34624,37293,125850,60596,65254,143827,69186,74641,125846,60472,65374,71909,34698,37211,17978,8526,9452,
89915,71921,34627,37294,125857,60600,65257,143835,69190,74645,125853,60478,65375,71913,34700,37213,17979,8526,9453,
89920,71925,34629,37296,125864,60604,65260,143843,69194,74649,125860,60482,65378,71917,34703,37214,17980,8526,9454,
89925,71929,34631,37298,125871,60608,65263,143851,69198,74653,125867,60485,65382,71921,34705,37216,17981,8526,9455,
89930,71933,34632,37301,125878,60611,65267,143859,69201,74658,125874,60490,65384,71925,34707,37218,17982,8527,9455,
89935,71937,34633,37304,125885,60616,65269,143867,69204,74663,125881,60495,65386,71929,34709,37220,17983,8528,9455,
89940,71941,34635,37306,125892,60621,65271,143875,69207,74668,125888,60500,65388,71933,34709,37224,17984,8529,9455,
89945,71945,34637,37308,125899,60625,65274,143883,69211,74672,125895,60502,65393,71937,34712,37225,17985,8529,9456,
89950,71949,34639,37310,125906,60629,65277,143891,69216,74675,125902,60506,65396,71941,34716,37225,17986,8529,9457,
89955,71953,34642,37311,125913,60633,65280,143899,69220,74679,125909,60509,65400,71945,34718,37227,17987,8530,9457,
89960,71957,34643,37314,125920,60637,65283,143907,69221,74686,125916,60513,65403,71949,34719,37230,17988,8531,9457,
89965,71961,34646,37315,125927,60641,65286,143915,69226,74689,125923,60516,65407,71953,34723,37230,17989,8532,9457,
89970,71965,34647,37318,125934,60644,65290,143923,69232,74691,125930,60518,65412,71957,34723,37234,17990,8532,9458,
89975,71969,34648,37321,125941,60645,65296,143931,69236,74695,125937,60522,65415,71961,34726,37235,17991,8532,9459,
89980,71973,34650,37323,125948,60649,65299,143939,69241,74698,125944,60525,65419,71965,34728,37237,17992,8533,9459,
89985,71977,34652,37325,125955,60652,65303,143947,69247,74700,125951,60526,65425,71969,34730,37239,17993,8533,9460,
89990,71981,34653,37328,125962,60655,65307,143955,69249,74706,125958,60529,65429,71973,34731,37242,17994,8533,9461,
89995,71985,34656,37329,125969,60658,65311,143963,69251,74712,125965,60533,65432,71977,34732,37245,17995,8533,9462,
90000,71989,34659,37330,125976,60661,65315,143971,69256,74715,125972,60537,65435,71981,34734,37247,17996,8533,9463,
90005,71993,34660,37333,125983,60665,65318,143979,69260,74719,125979,60542,65437,71985,34736,37249,17997,8533,9464,
90010,71997,34663,37334,125990,60669,65321,143987,69263,74724,125986,60547,65439,71989,34736,37253,17998,8533,9465,
90015,72001,34665,37336,125997,60674,65323,143995,69270,74725,125993,60550,65443,71993,34740,37253,17999,8533,9466,
90020,72005,34667,37338,126004,60675,65329,144003,69274,74729,126000,60556,65444,71997,34742,37255,18000,8534,9466,
90025,72009,34669,37340,126011,60676,65335,144011,69277,74734,126007,60559,65448,72001,34746,37255,18001,8535,9466,
90030,72013,34670,37343,126018,60679,65339,144019,69280,74739,126014,60562,65452,72005,34749,37256,18002,8535,9467,
90035,72017,34672,37345,126025,60680,65345,144027,69283,74744,126021,60566,65455,72009,34751,37258,18003,8535,9468,
90040,72021,34674,37347,126032,60681,65351,144035,69288,74747,126028,60568,65460,72013,34751,37262,18004,8535,9469,
90045,72025,34675,37350,126039,60684,65355,144043,69291,74752,126035,60571,65464,72017,34753,37264,18005,8536,9469,
90050,72029,34677,37352,126046,60688,65358,144051,69297,74754,126042,60573,65469,72021,34756,37265,18006,8536,9470,
90055,72033,34679,37354,126053,60692,65361,144059,69303,74756,126049,60578,65471,72025,34759,37266,18007,8536,9471,
90060,72037,34679,37358,126060,60694,65366,144067,69308,74759,126056,60582,65474,72029,34760,37269,18008,8536,9472,
90065,72041,34682,37359,126067,60696,65371,144075,69313,74762,126063,60586,65477,72033,34761,37272,18009,8536,9473,
90070,72045,34683,37362,126074,60698,65376,144083,69317,74766,126070,60589,65481,72037,34763,37274,18010,8537,9473,
90075,72049,34685,37364,126081,60702,65379,144091,69321,74770,126077,60592,65485,72041,34764,37277,18011,8537,9474,
90080,72053,34688,37365,126088,60704,65384,144099,69325,74774,126084,60595,65489,72045,34767,37278,18012,8537,9475,
90085,72057,34690,37367,126095,60708,65387,144107,69329,74778,126091,60598,65493,72049,34770,37279,18013,8538,9475,
90090,72061,34690,37371,126102,60712,65390,144115,69330,74785,126098,60601,65497,72053,34772,37281,18014,8539,9475,
90095,72065,34691,37374,126109,60716,65393,144123,69337,74786,126105,60603,65502,72057,34774,37283,18015,8539,9476,
90100,72069,34692,37377,126116,60721,65395,144131,69342,74789,126112,60607,65505,72061,34776,37285,18016,8539,9477,
90105,72073,34695,37378,126123,60724,65399,144139,69347,74792,126119,60611,65508,72065,34780,37285,18017,8539,9478,
90110,72077,34696,37381,126130,60727,65403,144147,69349,74798,126126,60615,65511,72069,34784,37285,18018,8539,9479,
90115,72081,34698,37383,126137,60729,65408,144155,69352,74803,126133,60616,65517,72073,34787,37286,18019,8539,9480,
90120,72085,34701,37384,126144,60735,65409,144163,69357,74806,126140,60618,65522,72077,34789,37288,18020,8539,9481,
90125,72089,34702,37387,126151,60737,65414,144171,69362,74809,126147,60623,65524,72081,34791,37290,18021,8540,9481,
90130,72093,34705,37388,126158,60738,65420,144179,69367,74812,126154,60627,65527,72085,34793,37292,18022,8541,9481,
90135,72097,34706,37391,126165,60741,65424,144187,69371,74816,126161,60629,65532,72089,34795,37294,18023,8541,9482,
90140,72101,34708,37393,126172,60742,65430,144195,69374,74821,126168,60631,65537,72093,34796,37297,18024,8542,9482,
90145,72105,34709,37396,126179,60746,65433,144203,69377,74826,126175,60635,65540,72097,34797,37300,18025,8543,9482,
90150,72109,34711,37398,126186,60748,65438,144211,69380,74831,126182,60641,65541,72101,34799,37302,18026,8543,9483,
90155,72113,34713,37400,126193,60751,65442,144219,69382,74837,126189,60643,65546,72105,34800,37305,18027,8544,9483,
90160,72117,34714,37403,126200,60756,65444,144227,69388,74839,126196,60647,65549,72109,34803,37306,18028,8545,9483,
90165,72121,34716,37405,126207,60759,65448,144235,69391,74844,126203,60652,65551,72113,34805,37308,18029,8546,9483,
90170,72125,34719,37406,126214,60762,65452,144243,69396,74847,126210,60655,65555,72117,34808,37309,18030,8547,9483,
90175,72129,34721,37408,126221,60766,65455,144251,69400,74851,126217,60658,65559,72121,34811,37310,18031,8547,9484,
90180,72133,34724,37409,126228,60768,65460,144259,69403,74856,126224,60663,65561,72125,34814,37311,18032,8547,9485,
90185,72137,34725,37412,126235,60771,65464,144267,69409,74858,126231,60668,65563,72129,34816,37313,18033,8547,9486,
90190,72141,34726,37415,126242,60774,65468,144275,69414,74861,126238,60671,65567,72133,34819,37314,18034,8547,9487,
90195,72145,34729,37416,126249,60777,65472,144283,69416,74867,126245,60673,65572,72137,34821,37316,18035,8548,9487,
90200,72149,34730,37419,126256,60781,65475,144291,69421,74870,126252,60678,65574,72141,34823,37318,18036,8549,9487,
90205,72153,34732,37421,126263,60785,65478,144299,69425,74874,126259,60682,65577,72145,34826,37319,18037,8550,9487,
90210,72157,34733,37424,126270,60787,65483,144307,69427,74880,126266,60684,65582,72149,34827,37322,18038,8551,9487,
90215,72161,34735,37426,126277,60793,65484,144315,69428,74887,126273,60687,65586,72153,34829,37324,18039,8551,9488,
90220,72165,34737,37428,126284,60795,65489,144323,69431,74892,126280,60690,65590,72157,34832,37325,18040,8552,9488,
90225,72169,34740,37429,126291,60800,65491,144331,69436,74895,126287,60694,65593,72161,34833,37328,18041,8553,9488,
90230,72173,34742,37431,126298,60803,65495,144339,69440,74899,126294,60697,65597,72165,34836,37329,18042,8553,9489,
90235,72177,34743,37434,126305,60805,65500,144347,69445,74902,126301,60702,65599,72169,34838,37331,18043,8553,9490,
90240,72181,34743,37438,126312,60810,65502,144355,69451,74904,126308,60705,65603,72173,34842,37331,18044,8554,9490,
90245,72185,34744,37441,126319,60816,65503,144363,69455,74908,126315,60710,65605,72177,34843,37334,18045,8554,9491,
90250,72189,34747,37442,126326,60820,65506,144371,69461,74910,126322,60711,65611,72181,34844,37337,18046,8554,9492,
90255,72193,34749,37444,126333,60825,65508,144379,69469,74910,126329,60712,65617,72185,34846,37339,18047,8554,9493,
90260,72197,34751,37446,126340,60827,65513,144387,69474,74913,126336,60713,65623,72189,34848,37341,18048,8555,9493,
90265,72201,34752,37449,126347,60829,65518,144395,69478,74917,126343,60718,65625,72193,34849,37344,18049,8556,9493,
90270,72205,34754,37451,126354,60833,65521,144403,69480,74923,126350,60720,65630,72197,34852,37345,18050,8556,9494,
90275,72209,34756,37453,126361,60835,65526,144411,69486,74925,126357,60724,65633,72201,34853,37348,18051,8556,9495,
90280,72213,34760,37453,126368,60841,65527,144419,69489,74930,126364,60728,65636,72205,34856,37349,18052,8556,9496,
90285,72217,34762,37455,126375,60846,65529,144427,69493,74934,126371,60732,65639,72209,34857,37352,18053,8557,9496,
90290,72221,34763,37458,126382,60849,65533,144435,69497,74938,126378,60735,65643,72213,34859,37354,18054,8557,9497,
90295,72225,34765,37460,126389,60854,65535,144443,69501,74942,126385,60738,65647,72217,34862,37355,18055,8558,9497,
90300,72229,34766,37463,126396,60857,65539,144451,69505,74946,126392,60740,65652,72221,34862,37359,18056,8558,9498,
90305,72233,34769,37464,126403,60863,65540,144459,69509,74950,126399,60743,65656,72225,34864,37361,18057,8559,9498,
90310,72237,34771,37466,126410,60865,65545,144467,69512,74955,126406,60747,65659,72229,34866,37363,18058,8560,9498,
90315,72241,34774,37467,126417,60868,65549,144475,69518,74957,126413,60748,65665,72233,34867,37366,18059,8560,9499,
90320,72245,34777,37468,126424,60872,65552,144483,69523,74960,126420,60751,65669,72237,34869,37368,18060,8561,9499,
90325,72249,34778,37471,126431,60875,65556,144491,69528,74963,126427,60752,65675,72241,34870,37371,18061,8561,9500,
90330,72253,34779,37474,126438,60878,65560,144499,69531,74968,126434,60758,65676,72245,34873,37372,18062,8561,9501,
90335,72257,34781,37476,126445,60882,65563,144507,69535,74972,126441,60762,65679,72249,34873,37376,18063,8562,9501,
90340,72261,34784,37477,126452,60885,65567,144515,69538,74977,126448,60764,65684,72253,34876,37377,18064,8562,9502,
90345,72265,34787,37478,126459,60889,65570,144523,69543,74980,126455,60768,65687,72257,34878,37379,18065,8563,9502,
90350,72269,34789,37480,126466,60893,65573,144531,69547,74984,126462,60771,65691,72261,34879,37382,18066,8563,9503,
90355,72273,34790,37483,126473,60896,65577,144539,69549,74990,126469,60774,65695,72265,34879,37386,18067,8564,9503,
90360,72277,34791,37486,126480,60898,65582,144547,69552,74995,126476,60778,65698,72269,34881,37388,18068,8565,9503,
90365,72281,34792,37489,126487,60902,65585,144555,69555,75000,126483,60781,65702,72273,34881,37392,18069,8565,9504,
90370,72285,34795,37490,126494,60907,65587,144563,69558,75005,126490,60783,65707,72277,34883,37394,18070,8566,9504,
90375,72289,34795,37494,126501,60910,65591,144571,69560,75011,126497,60789,65708,72281,34885,37396,18071,8567,9504,
90380,72293,34796,37497,126508,60915,65593,144579,69567,75012,126504,60791,65713,72285,34888,37397,18072,8567,9505,
90385,72297,34797,37500,126515,60918,65597,144587,69569,75018,126511,60795,65716,72289,34889,37400,18073,8567,9506,
90390,72301,34798,37503,126522,60924,65598,144595,69575,75020,126518,60798,65720,72293,34891,37402,18074,8567,9507,
90395,72305,34802,37503,126529,60926,65603,144603,69580,75023,126525,60801,65724,72297,34893,37404,18075,8567,9508,
90400,72309,34806,37503,126536,60931,65605,144611,69586,75025,126532,60804,65728,72301,34893,37408,18076,8567,9509,
90405,72313,34807,37506,126543,60935,65608,144619,69589,75030,126539,60806,65733,72305,34896,37409,18077,8567,9510,
90410,72317,34809,37508,126550,60935,65615,144627,69592,75035,126546,60809,65737,72309,34899,37410,18078,8567,9511,
90415,72321,34811,37510,126557,60938,65619,144635,69595,75040,126553,60812,65741,72313,34902,37411,18079,8568,9511,
90420,72325,34813,37512,126564,60940,65624,144643,69598,75045,126560,60814,65746,72317,34903,37414,18080,8568,9512,
90425,72329,34814,37515,126571,60945,65626,144651,69602,75049,126567,60819,65748,72321,34904,37417,18081,8569,9512,
90430,72333,34815,37518,126578,60948,65630,144659,69606,75053,126574,60823,65751,72325,34904,37421,18082,8570,9512,
90435,72337,34817,37520,126585,60951,65634,144667,69610,75057,126581,60826,65755,72329,34906,37423,18083,8570,9513,
90440,72341,34821,37520,126592,60954,65638,144675,69615,75060,126588,60829,65759,72333,34907,37426,18084,8570,9514,
90445,72345,34822,37523,126599,60957,65642,144683,69620,75063,126595,60832,65763,72337,34911,37426,18085,8571,9514,
90450,72349,34824,37525,126606,60958,65648,144691,69625,75066,126602,60835,65767,72341,34912,37429,18086,8572,9514,
90455,72353,34826,37527,126613,60963,65650,144699,69629,75070,126609,60838,65771,72345,34914,37431,18087,8573,9514,
90460,72357,34829,37528,126620,60965,65655,144707,69633,75074,126616,60840,65776,72349,34916,37433,18088,8573,9515,
90465,72361,34830,37531,126627,60969,65658,144715,69636,75079,126623,60843,65780,72353,34918,37435,18089,8573,9516,
90470,72365,34830,37535,126634,60974,65660,144723,69640,75083,126630,60844,65786,72357,34918,37439,18090,8573,9517,
90475,72369,34832,37537,126641,60979,65662,144731,69641,75090,126637,60849,65788,72361,34921,37440,18091,8573,9518,
90480,72373,34834,37539,126648,60983,65665,144739,69648,75091,126644,60853,65791,72365,34923,37442,18092,8574,9518,
90485,72377,34835,37542,126655,60987,65668,144747,69652,75095,126651,60856,65795,72369,34926,37443,18093,8575,9518,
90490,72381,34838,37543,126662,60990,65672,144755,69652,75103,126658,60859,65799,72373,34927,37446,18094,8576,9518,
90495,72385,34841,37544,126669,60995,65674,144763,69658,75105,126665,60862,65803,72377,34929,37448,18095,8576,9519,
90500,72389,34844,37545,126676,60999,65677,144771,69661,75110,126672,60865,65807,72381,34931,37450,18096,8576,9520,
90505,72393,34845,37548,126683,61000,65683,144779,69664,75115,126679,60869,65810,72385,34933,37452,18097,8577,9520,
90510,72397,34847,37550,126690,61006,65684,144787,69670,75117,126686,60872,65814,72389,34936,37453,18098,8577,9521,
90515,72401,34848,37553,126697,61009,65688,144795,69673,75122,126693,60876,65817,72393,34939,37454,18099,8578,9521,
90520,72405,34849,37556,126704,61013,65691,144803,69673,75130,126700,60880,65820,72397,34942,37455,18100,8578,9522,
90525,72409,34851,37558,126711,61015,65696,144811,69676,75135,126707,60883,65824,72401,34942,37459,18101,8579,9522,
90530,72413,34852,37561,126718,61020,65698,144819,69680,75139,126714,60887,65827,72405,34944,37461,18102,8580,9522,
90535,72417,34854,37563,126725,61024,65701,144827,69684,75143,126721,60890,65831,72409,34946,37463,18103,8581,9522,
90540,72421,34856,37565,126732,61027,65705,144835,69688,75147,126728,60895,65833,72413,34946,37467,18104,8582,9522,
90545,72425,34858,37567,126739,61032,65707,144843,69692,75151,126735,60898,65837,72417,34950,37467,18105,8583,9522,
90550,72429,34861,37568,126746,61036,65710,144851,69698,75153,126742,60902,65840,72421,34952,37469,18106,8583,9523,
90555,72433,34864,37569,126753,61041,65712,144859,69703,75156,126749,60906,65843,72425,34953,37472,18107,8583,9524,
90560,72437,34865,37572,126760,61046,65714,144867,69707,75160,126756,60910,65846,72429,34955,37474,18108,8583,9525,
90565,72441,34866,37575,126767,61049,65718,144875,69711,75164,126763,60914,65849,72433,34955,37478,18109,8584,9525,
90570,72445,34869,37576,126774,61052,65722,144883,69713,75170,126770,60918,65852,72437,34957,37480,18110,8585,9525,
90575,72449,34871,37578,126781,61056,65725,144891,69717,75174,126777,60921,65856,72441,34960,37481,18111,8585,9526,
90580,72453,34873,37580,126788,61062,65726,144899,69719,75180,126784,60926,65858,72445,34962,37483,18112,8585,9527,
90585,72457,34874,37583,126795,61067,65728,144907,69722,75185,126791,60930,65861,72449,34965,37484,18113,8585,9528,
90590,72461,34876,37585,126802,61072,65730,144915,69724,75191,126798,60933,65865,72453,34965,37488,18114,8585,9529,
90595,72465,34876,37589,126809,61077,65732,144923,69731,75192,126805,60933,65872,72457,34968,37489,18115,8586,9529,
90600,72469,34879,37590,126816,61081,65735,144931,69737,75194,126812,60938,65874,72461,34970,37491,18116,8586,9530,
90605,72473,34882,37591,126823,61083,65740,144939,69740,75199,126819,60941,65878,72465,34970,37495,18117,8587,9530,
90610,72477,34885,37592,126830,61084,65746,144947,69745,75202,126826,60946,65880,72469,34973,37496,18118,8588,9530,
90615,72481,34889,37592,126837,61087,65750,144955,69748,75207,126833,60948,65885,72473,34975,37498,18119,8589,9530,
90620,72485,34890,37595,126844,61092,65752,144963,69751,75212,126840,60953,65887,72477,34975,37502,18120,8590,9530,
90625,72489,34892,37597,126851,61097,65754,144971,69756,75215,126847,60957,65890,72481,34977,37504,18121,8590,9531,
90630,72493,34894,37599,126858,61100,65758,144979,69758,75221,126854,60962,65892,72485,34979,37506,18122,8590,9532,
90635,72497,34895,37602,126865,61102,65763,144987,69764,75223,126861,60965,65896,72489,34980,37509,18123,8590,9533,
90640,72501,34896,37605,126872,61103,65769,144995,69767,75228,126868,60968,65900,72493,34982,37511,18124,8590,9534,
90645,72505,34896,37609,126879,61107,65772,145003,69770,75233,126875,60974,65901,72497,34983,37514,18125,8590,9535,
90650,72509,34900,37609,126886,61111,65775,145011,69771,75240,126882,60977,65905,72501,34986,37515,18126,8590,9536,
90655,72513,34901,37612,126893,61113,65780,145019,69774,75245,126889,60980,65909,72505,34987,37518,18127,8591,9536,
90660,72517,34903,37614,126900,61118,65782,145027,69776,75251,126896,60983,65913,72509,34989,37520,18128,8591,9537,
90665,72521,34903,37618,126907,61122,65785,145035,69780,75255,126903,60988,65915,72513,34991,37522,18129,8592,9537,
90670,72525,34906,37619,126914,61125,65789,145043,69783,75260,126910,60991,65919,72517,34991,37526,18130,8593,9537,
90675,72529,34909,37620,126921,61128,65793,145051,69789,75262,126917,60995,65922,72521,34994,37527,18131,8593,9538,
90680,72533,34912,37621,126928,61130,65798,145059,69791,75268,126924,60998,65926,72525,34996,37529,18132,8594,9538,
90685,72537,34912,37625,126935,61136,65799,145067,69792,75275,126931,61002,65929,72529,34999,37530,18133,8594,9539,
90690,72541,34914,37627,126942,61139,65803,145075,69797,75278,126938,61005,65933,72533,35001,37532,18134,8594,9540,
90695,72545,34916,37629,126949,61143,65806,145083,69803,75280,126945,61010,65935,72537,35002,37535,18135,8595,9540,
90700,72549,34917,37632,126956,61145,65811,145091,69809,75282,126952,61012,65940,72541,35004,37537,18136,8595,9541,
90705,72553,34919,37634,126963,61149,65814,145099,69814,75285,126959,61016,65943,72545,35006,37539,18137,8595,9542,
90710,72557,34920,37637,126970,61149,65821,145107,69816,75291,126966,61019,65947,72549,35008,37541,18138,8596,9542,
90715,72561,34920,37641,126977,61153,65824,145115,69819,75296,126973,61023,65950,72553,35012,37541,18139,8597,9542,
90720,72565,34923,37642,126984,61157,65827,145123,69822,75301,126980,61026,65954,72557,35014,37543,18140,8597,9543,
90725,72569,34924,37645,126991,61163,65828,145131,69825,75306,126987,61031,65956,72561,35017,37544,18141,8598,9543,
90730,72573,34926,37647,126998,61168,65830,145139,69828,75311,126994,61034,65960,72565,35020,37545,18142,8599,9543,
90735,72577,34926,37651,127005,61170,65835,145147,69834,75313,127001,61038,65963,72569,35022,37547,18143,8599,9544,
90740,72581,34928,37653,127012,61174,65838,145155,69839,75316,127008,61041,65967,72573,35025,37548,18144,8600,9544,
90745,72585,34931,37654,127019,61177,65842,145163,69842,75321,127015,61046,65969,72577,35027,37550,18145,8601,9544,
90750,72589,34934,37655,127026,61180,65846,145171,69848,75323,127022,61047,65975,72581,35028,37553,18146,8602,9544,
90755,72593,34936,37657,127033,61184,65849,145179,69851,75328,127029,61050,65979,72585,35030,37555,18147,8603,9544,
90760,72597,34937,37660,127040,61187,65853,145187,69856,75331,127036,61052,65984,72589,35032,37557,18148,8604,9544,
90765,72601,34939,37662,127047,61191,65856,145195,69860,75335,127043,61056,65987,72593,35034,37559,18149,8605,9544,
90770,72605,34939,37666,127054,61195,65859,145203,69866,75337,127050,61060,65990,72597,35036,37561,18150,8605,9545,
90775,72609,34941,37668,127061,61197,65864,145211,69870,75341,127057,61066,65991,72601,35037,37564,18151,8605,9546,
90780,72613,34944,37669,127068,61201,65867,145219,69875,75344,127064,61070,65994,72605,35040,37565,18152,8606,9546,
90785,72617,34945,37672,127075,61204,65871,145227,69879,75348,127071,61073,65998,72609,35043,37566,18153,8606,9547,
90790,72621,34949,37672,127082,61207,65875,145235,69884,75351,127078,61076,66002,72613,35046,37567,18154,8607,9547,
90795,72625,34952,37673,127089,61209,65880,145243,69887,75356,127085,61080,66005,72617,35050,37567,18155,8608,9547,
90800,72629,34952,37677,127096,61215,65881,145251,69892,75359,127092,61083,66009,72621,35053,37568,18156,8609,9547,
90805,72633,34954,37679,127103,61220,65883,145259,69895,75364,127099,61086,66013,72625,35055,37570,18157,8610,9547,
90810,72637,34954,37683,127110,61223,65887,145267,69896,75371,127106,61089,66017,72629,35059,37570,18158,8611,9547,
90815,72641,34956,37685,127117,61226,65891,145275,69901,75374,127113,61092,66021,72633,35061,37572,18159,8612,9547,
90820,72645,34957,37688,127124,61227,65897,145283,69906,75377,127120,61094,66026,72637,35064,37573,18160,8613,9547,
90825,72649,34959,37690,127131,61229,65902,145291,69909,75382,127127,61096,66031,72641,35066,37575,18161,8614,9547,
90830,72653,34961,37692,127138,61233,65905,145299,69915,75384,127134,61098,66036,72645,35069,37576,18162,8615,9547,
90835,72657,34964,37693,127145,61236,65909,145307,69922,75385,127141,61101,66040,72649,35071,37578,18163,8615,9548,
90840,72661,34966,37695,127152,61241,65911,145315,69925,75390,127148,61102,66046,72653,35072,37581,18164,8616,9548,
90845,72665,34967,37698,127159,61244,65915,145323,69929,75394,127155,61106,66049,72657,35075,37582,18165,8617,9548,
90850,72669,34970,37699,127166,61246,65920,145331,69935,75396,127162,61109,66053,72661,35078,37583,18166,8617,9549,
90855,72673,34970,37703,127173,61249,65924,145339,69937,75402,127169,61112,66057,72665,35080,37585,18167,8617,9550,
90860,72677,34972,37705,127180,61252,65928,145347,69942,75405,127176,61115,66061,72669,35083,37586,18168,8617,9551,
90865,72681,34973,37708,127187,61258,65929,145355,69945,75410,127183,61118,66065,72673,35084,37589,18169,8618,9551,
90870,72685,34974,37711,127194,61261,65933,145363,69947,75416,127190,61121,66069,72677,35087,37590,18170,8618,9552,
90875,72689,34975,37714,127201,61264,65937,145371,69952,75419,127197,61122,66075,72681,35089,37592,18171,8618,9553,
90880,72693,34976,37717,127208,61267,65941,145379,69956,75423,127204,61126,66078,72685,35091,37594,18172,8619,9553,
90885,72697,34979,37718,127215,61271,65944,145387,69964,75423,127211,61130,66081,72689,35094,37595,18173,8619,9554,
90890,72701,34979,37722,127222,61273,65949,145395,69969,75426,127218,61133,66085,72693,35094,37599,18174,8620,9554,
90895,72705,34981,37724,127229,61277,65952,145403,69975,75428,127225,61136,66089,72697,35097,37600,18175,8620,9555,
90900,72709,34984,37725,127236,61280,65956,145411,69978,75433,127232,61141,66091,72701,35099,37602,18176,8620,9556,
90905,72713,34986,37727,127243,61285,65958,145419,69984,75435,127239,61145,66094,72705,35100,37605,18177,8620,9557,
90910,72717,34987,37730,127250,61290,65960,145427,69988,75439,127246,61149,66097,72709,35103,37606,18178,8621,9557,
90915,72721,34989,37732,127257,61295,65962,145435,69991,75444,127253,61152,66101,72713,35107,37606,18179,8622,9557,
90920,72725,34990,37735,127264,61300,65964,145443,69996,75447,127260,61154,66106,72717,35109,37608,18180,8623,9557,
90925,72729,34992,37737,127271,61306,65965,145451,70001,75450,127267,61155,66112,72721,35111,37610,18181,8623,9558,
90930,72733,34994,37739,127278,61309,65969,145459,70004,75455,127274,61159,66115,72725,35115,37610,18182,8624,9558,
90935,72737,34996,37741,127285,61312,65973,145467,70007,75460,127281,61163,66118,72729,35118,37611,18183,8624,9559,
90940,72741,34998,37743,127292,61315,65977,145475,70009,75466,127288,61166,66122,72733,35119,37614,18184,8624,9560,
90945,72745,34999,37746,127299,61318,65981,145483,70012,75471,127295,61170,66125,72737,35122,37615,18185,8625,9560,
90950,72749,35001,37748,127306,61323,65983,145491,70014,75477,127302,61175,66127,72741,35123,37618,18186,8626,9560,
90955,72753,35002,37751,127313,61329,65984,145499,70020,75479,127309,61177,66132,72745,35125,37620,18187,8626,9561,
90960,72757,35005,37752,127320,61332,65988,145507,70024,75483,127316,61179,66137,72749,35126,37623,18188,8626,9562,
90965,72761,35007,37754,127327,61338,65989,145515,70029,75486,127323,61181,66142,72753,35127,37626,18189,8627,9562,
90970,72765,35008,37757,127334,61340,65994,145523,70034,75489,127330,61186,66144,72757,35130,37627,18190,8628,9562,
90975,72769,35008,37761,127341,61342,65999,145531,70038,75493,127337,61186,66151,72761,35133,37628,18191,8628,9563,
90980,72773,35009,37764,127348,61344,66004,145539,70044,75495,127344,61188,66156,72765,35134,37631,18192,8628,9564,
90985,72777,35011,37766,127355,61346,66009,145547,70047,75500,127351,61191,66160,72769,35135,37634,18193,8629,9564,
90990,72781,35011,37770,127362,61351,66011,145555,70049,75506,127358,61194,66164,72773,35137,37636,18194,8629,9565,
90995,72785,35015,37770,127369,61355,66014,145563,70052,75511,127365,61198,66167,72777,35139,37638,18195,8630,9565,
91000,72789,35017,37772,127376,61357,66019,145571,70058,75513,127372,61199,66173,72781,35141,37640,18196,8631,9565,
91005,72793,35017,37776,127383,61360,66023,145579,70061,75518,127379,61201,66178,72785,35144,37641,18197,8632,9565,
91010,72797,35018,37779,127390,61365,66025,145587,70063,75524,127386,61206,66180,72789,35146,37643,18198,8632,9566,
91015,72801,35020,37781,127397,61366,66031,145595,70067,75528,127393,61211,66182,72793,35149,37644,18199,8632,9567,
91020,72805,35022,37783,127404,61369,66035,145603,70073,75530,127400,61215,66185,72797,35151,37646,18200,8632,9568,
91025,72809,35024,37785,127411,61372,66039,145611,70078,75533,127407,61218,66189,72801,35152,37649,18201,8633,9568,
91030,72813,35028,37785,127418,61373,66045,145619,70082,75537,127414,61221,66193,72805,35153,37652,18202,8633,9569,
91035,72817,35031,37786,127425,61378,66047,145627,70084,75543,127421,61227,66194,72809,35154,37655,18203,8633,9570,
91040,72821,35033,37788,127432,61382,66050,145635,70087,75548,127428,61232,66196,72813,35155,37658,18204,8633,9571,
91045,72825,35036,37789,127439,61387,66052,145643,70094,75549,127435,61235,66200,72817,35157,37660,18205,8634,9571,
91050,72829,35038,37791,127446,61389,66057,145651,70100,75551,127442,61238,66204,72821,35159,37662,18206,8634,9572,
91055,72833,35039,37794,127453,61393,66060,145659,70105,75554,127449,61243,66206,72825,35161,37664,18207,8635,9572,
91060,72837,35040,37797,127460,61398,66062,145667,70107,75560,127456,61246,66210,72829,35163,37666,18208,8636,9572,
91065,72841,35042,37799,127467,61400,66067,145675,70111,75564,127463,61248,66215,72833,35165,37668,18209,8637,9572,
91070,72845,35044,37801,127474,61401,66073,145683,70113,75570,127470,61251,66219,72837,35167,37670,18210,8638,9572,
91075,72849,35047,37802,127481,61403,66078,145691,70117,75574,127477,61253,66224,72841,35171,37670,18211,8638,9573,
91080,72853,35049,37804,127488,61408,66080,145699,70121,75578,127484,61256,66228,72845,35173,37672,18212,8638,9574,
91085,72857,35049,37808,127495,61414,66081,145707,70126,75581,127491,61260,66231,72849,35175,37674,18213,8638,9575,
91090,72861,35051,37810,127502,61419,66083,145715,70129,75586,127498,61261,66237,72853,35178,37675,18214,8638,9576,
91095,72865,35053,37812,127509,61424,66085,145723,70133,75590,127505,61266,66239,72857,35180,37677,18215,8638,9577,
91100,72869,35056,37813,127516,61426,66090,145731,70138,75593,127512,61270,66242,72861,35182,37679,18216,8638,9578,
91105,72873,35059,37814,127523,61428,66095,145739,70140,75599,127519,61271,66248,72865,35183,37682,18217,8639,9578,
91110,72877,35061,37816,127530,61430,66100,145747,70147,75600,127526,61273,66253,72869,35184,37685,18218,8639,9579,
91115,72881,35061,37820,127537,61432,66105,145755,70152,75603,127533,61275,66258,72873,35186,37687,18219,8639,9580,
91120,72885,35063,37822,127544,61435,66109,145763,70156,75607,127540,61279,66261,72877,35187,37690,18220,8640,9580,
91125,72889,35066,37823,127551,61438,66113,145771,70161,75610,127547,61282,66265,72881,35191,37690,18221,8640,9581,
91130,72893,35066,37827,127558,61441,66117,145779,70164,75615,127554,61284,66270,72885,35193,37692,18222,8641,9581,
91135,72897,35067,37830,127565,61445,66120,145787,70165,75622,127561,61287,66274,72889,35194,37695,18223,8642,9581,
91140,72901,35069,37832,127572,61449,66123,145795,70169,75626,127568,61289,66279,72893,35197,37696,18224,8643,9581,
91145,72905,35070,37835,127579,61452,66127,145803,70176,75627,127575,61294,66281,72897,35198,37699,18225,8643,9582,
91150,72909,35072,37837,127586,61455,66131,145811,70180,75631,127582,61298,66284,72901,35199,37702,18226,8643,9583,
91155,72913,35074,37839,127593,61459,66134,145819,70184,75635,127589,61300,66289,72905,35203,37702,18227,8643,9584,
91160,72917,35076,37841,127600,61463,66137,145827,70186,75641,127596,61303,66293,72909,35206,37703,18228,8643,9585,
91165,72921,35080,37841,127607,61468,66139,145835,70189,75646,127603,61307,66296,72913,35208,37705,18229,8644,9585,
91170,72925,35082,37843,127614,61472,66142,145843,70194,75649,127610,61310,66300,72917,35210,37707,18230,8645,9585,
91175,72929,35084,37845,127621,61475,66146,145851,70196,75655,127617,61314,66303,72921,35210,37711,18231,8645,9586,
91180,72933,35087,37846,127628,61478,66150,145859,70202,75657,127624,61317,66307,72925,35211,37714,18232,8646,9586,
91185,72937,35088,37849,127635,61482,66153,145867,70207,75660,127631,61319,66312,72929,35213,37716,18233,8646,9587,
91190,72941,35091,37850,127642,61486,66156,145875,70210,75665,127638,61323,66315,72933,35213,37720,18234,8646,9588,
91195,72945,35093,37852,127649,61489,66160,145883,70214,75669,127645,61327,66318,72937,35215,37722,18235,8647,9588,
91200,72949,35094,37855,127656,61492,66164,145891,70219,75672,127652,61329,66323,72941,35218,37723,18236,8648,9588,
91205,72953,35096,37857,127663,61495,66168,145899,70222,75677,127659,61332,66327,72945,35221,37724,18237,8648,9589,
91210,72957,35098,37859,127670,61498,66172,145907,70224,75683,127666,61336,66330,72949,35222,37727,18238,8648,9590,
91215,72961,35101,37860,127677,61503,66174,145915,70229,75686,127673,61339,66334,72953,35224,37729,18239,8649,9590,
91220,72965,35103,37862,127684,61506,66178,145923,70230,75693,127680,61343,66337,72957,35225,37732,18240,8649,9591,
91225,72969,35105,37864,127691,61509,66182,145931,70234,75697,127687,61345,66342,72961,35226,37735,18241,8650,9591,
91230,72973,35106,37867,127698,61514,66184,145939,70236,75703,127694,61348,66346,72965,35228,37737,18242,8650,9592,
91235,72977,35109,37868,127705,61518,66187,145947,70240,75707,127701,61353,66348,72969,35231,37738,18243,8651,9592,
91240,72981,35113,37868,127712,61520,66192,145955,70243,75712,127708,61354,66354,72973,35232,37741,18244,8652,9592,
91245,72985,35117,37868,127719,61525,66194,145963,70246,75717,127715,61357,66358,72977,35234,37743,18245,8652,9593,
91250,72989,35118,37871,127726,61527,66199,145971,70250,75721,127722,61362,66360,72981,35237,37744,18246,8653,9593,
91255,72993,35120,37873,127733,61529,66204,145979,70252,75727,127729,61366,66363,72985,35237,37748,18247,8653,9594,
91260,72997,35121,37876,127740,61531,66209,145987,70257,75730,127736,61369,66367,72989,35237,37752,18248,8654,9594,
91265,73001,35125,37876,127747,61532,66215,145995,70262,75733,127743,61373,66370,72993,35237,37756,18249,8654,9595,
91270,73005,35127,37878,127754,61537,66217,146003,70265,75738,127750,61376,66374,72997,35238,37759,18250,8655,9595,
91275,73009,35128,37881,127761,61540,66221,146011,70268,75743,127757,61382,66375,73001,35239,37762,18251,8655,9596,
91280,73013,35131,37882,127768,61545,66223,146019,70271,75748,127764,61385,66379,73005,35240,37765,18252,8656,9596,
91285,73017,35132,37885,127775,61546,66229,146027,70273,75754,127771,61387,66384,73009,35242,37767,18253,8657,9596,
91290,73021,35134,37887,127782,61550,66232,146035,70278,75757,127778,61390,66388,73013,35245,37768,18254,8657,9597,
91295,73025,35135,37890,127789,61552,66237,146043,70278,75765,127785,61392,66393,73017,35248,37769,18255,8658,9597,
91300,73029,35135,37894,127796,61555,66241,146051,70282,75769,127792,61394,66398,73021,35250,37771,18256,8658,9598,
91305,73033,35137,37896,127803,61556,66247,146059,70286,75773,127799,61397,66402,73025,35251,37774,18257,8658,9599,
91310,73037,35139,37898,127810,61560,66250,146067,70290,75777,127806,61399,66407,73029,35254,37775,18258,8659,9599,
91315,73041,35139,37902,127817,61566,66251,146075,70294,75781,127813,61402,66411,73033,35257,37776,18259,8660,9599,
91320,73045,35142,37903,127824,61571,66253,146083,70300,75783,127820,61404,66416,73037,35257,37780,18260,8661,9599,
91325,73049,35144,37905,127831,61574,66257,146091,70305,75786,127827,61408,66419,73041,35259,37782,18261,8662,9599,
91330,73053,35147,37906,127838,61576,66262,146099,70310,75789,127834,61410,66424,73045,35260,37785,18262,8662,9600,
91335,73057,35149,37908,127845,61580,66265,146107,70312,75795,127841,61413,66428,73049,35261,37788,18263,8663,9600,
91340,73061,35152,37909,127852,61583,66269,146115,70316,75799,127848,61415,66433,73053,35263,37790,18264,8663,9601,
91345,73065,35153,37912,127859,61586,66273,146123,70319,75804,127855,61418,66437,73057,35264,37793,18265,8664,9601,
91350,73069,35156,37913,127866,61588,66278,146131,70320,75811,127862,61421,66441,73061,35266,37795,18266,8664,9602,
91355,73073,35158,37915,127873,61592,66281,146139,70324,75815,127869,61424,66445,73065,35268,37797,18267,8665,9602,
91360,73077,35161,37916,127880,61593,66287,146147,70325,75822,127876,61426,66450,73069,35270,37799,18268,8666,9602,
91365,73081,35164,37917,127887,61597,66290,146155,70329,75826,127883,61428,66455,73073,35272,37801,18269,8667,9602,
91370,73085,35167,37918,127894,61601,66293,146163,70333,75830,127890,61433,66457,73077,35275,37802,18270,8668,9602,
91375,73089,35170,37919,127901,61604,66297,146171,70337,75834,127897,61437,66460,73081,35276,37805,18271,8669,9602,
91380,73093,35172,37921,127908,61608,66300,146179,70341,75838,127904,61440,66464,73085,35276,37809,18272,8670,9602,
91385,73097,35174,37923,127915,61612,66303,146187,70346,75841,127911,61441,66470,73089,35277,37812,18273,8671,9602,
91390,73101,35177,37924,127922,61615,66307,146195,70349,75846,127918,61445,66473,73093,35279,37814,18274,8672,9602,
91395,73105,35181,37924,127929,61618,66311,146203,70351,75852,127925,61450,66475,73097,35282,37815,18275,8673,9602,
91400,73109,35184,37925,127936,61623,66313,146211,70356,75855,127932,61454,66478,73101,35284,37817,18276,8673,9603,
91405,73113,35185,37928,127943,61626,66317,146219,70358,75861,127939,61456,66483,73105,35285,37820,18277,8673,9604,
91410,73117,35186,37931,127950,61630,66320,146227,70361,75866,127946,61457,66489,73109,35287,37822,18278,8673,9605,
91415,73121,35188,37933,127957,61631,66326,146235,70367,75868,127953,61461,66492,73113,35288,37825,18279,8674,9605,
91420,73125,35190,37935,127964,61636,66328,146243,70369,75874,127960,61464,66496,73117,35291,37826,18280,8674,9606,
91425,73129,35191,37938,127971,61638,66333,146251,70374,75877,127967,61468,66499,73121,35293,37828,18281,8674,9607,
91430,73133,35193,37940,127978,61640,66338,146259,70381,75878,127974,61470,66504,73125,35294,37831,18282,8674,9608,
91435,73137,35196,37941,127985,61644,66341,146267,70385,75882,127981,61472,66509,73129,35297,37832,18283,8674,9609,
91440,73141,35200,37941,127992,61648,66344,146275,70390,75885,127988,61474,66514,73133,35297,37836,18284,8675,9609,
91445,73145,35201,37944,127999,61651,66348,146283,70393,75890,127995,61479,66516,73137,35297,37840,18285,8675,9610,
91450,73149,35203,37946,128006,61654,66352,146291,70395,75896,128002,61481,66521,73141,35300,37841,18286,8675,9611,
91455,73153,35205,37948,128013,61660,66353,146299,70398,75901,128009,61486,66523,73145,35303,37842,18287,8675,9612,
91460,73157,35206,37951,128020,61663,66357,146307,70405,75902,128016,61490,66526,73149,35306,37843,18288,8675,9613,
91465,73161,35207,37954,128027,61670,66357,146315,70411,75904,128023,61494,66529,73153,35308,37845,18289,8675,9614,
91470,73165,35208,37957,128034,61675,66359,146323,70417,75906,128030,61498,66532,73157,35311,37846,18290,8676,9614,
91475,73169,35209,37960,128041,61681,66360,146331,70421,75910,128037,61499,66538,73161,35311,37850,18291,8676,9615,
91480,73173,35212,37961,128048,61685,66363,146339,70425,75914,128044,61502,66542,73165,35313,37852,18292,8677,9615,
91485,73177,35214,37963,128055,61690,66365,146347,70431,75916,128051,61505,66546,73169,35315,37854,18293,8677,9616,
91490,73181,35216,37965,128062,61693,66369,146355,70436,75919,128058,61508,66550,73173,35318,37855,18294,8677,9617,
91495,73185,35219,37966,128069,61696,66373,146363,70438,75925,128065,61511,66554,73177,35319,37858,18295,8677,9618,
91500,73189,35221,37968,128076,61699,66377,146371,70443,75928,128072,61514,66558,73181,35319,37862,18296,8677,9619,
91505,73193,35223,37970,128083,61702,66381,146379,70448,75931,128079,61516,66563,73185,35319,37866,18297,8678,9619,
91510,73197,35226,37971,128090,61703,66387,146387,70449,75938,128086,61519,66567,73189,35321,37868,18298,8679,9619,
91515,73201,35228,37973,128097,61708,66389,146395,70451,75944,128093,61524,66569,73193,35324,37869,18299,8680,9619,
91520,73205,35230,37975,128104,61712,66392,146403,70457,75946,128100,61529,66571,73197,35325,37872,18300,8681,9619,
91525,73209,35232,37977,128111,61718,66393,146411,70463,75948,128107,61533,66574,73201,35327,37874,18301,8682,9619,
91530,73213,35233,37980,128118,61722,66396,146419,70467,75952,128114,61536,66578,73205,35330,37875,18302,8683,9619,
91535,73217,35237,37980,128125,61724,66401,146427,70471,75956,128121,61539,66582,73209,35330,37879,18303,8684,9619,
91540,73221,35238,37983,128132,61728,66404,146435,70475,75960,128128,61540,66588,73213,35332,37881,18304,8684,9620,
91545,73225,35241,37984,128139,61733,66406,146443,70479,75964,128135,61545,66590,73217,35333,37884,18305,8684,9621,
91550,73229,35244,37985,128146,61735,66411,146451,70484,75967,128142,61550,66592,73221,35335,37886,18306,8684,9622,
91555,73233,35244,37989,128153,61737,66416,146459,70487,75972,128149,61554,66595,73225,35337,37888,18307,8685,9622,
91560,73237,35247,37990,128160,61741,66419,146467,70490,75977,128156,61556,66600,73229,35340,37889,18308,8685,9623,
91565,73241,35249,37992,128167,61744,66423,146475,70493,75982,128163,61562,66601,73233,35343,37890,18309,8685,9624,
91570,73245,35251,37994,128174,61748,66426,146483,70497,75986,128170,61567,66603,73237,35345,37892,18310,8686,9624,
91575,73249,35253,37996,128181,61752,66429,146491,70502,75989,128177,61571,66606,73241,35346,37895,18311,8687,9624,
91580,73253,35253,38000,128188,61755,66433,146499,70507,75992,128184,61574,66610,73245,35349,37896,18312,8687,9625,
91585,73257,35254,38003,128195,61758,66437,146507,70511,75996,128191,61575,66616,73249,35351,37898,18313,8688,9625,
91590,73261,35256,38005,128202,61761,66441,146515,70514,76001,128198,61579,66619,73253,35354,37899,18314,8689,9625,
91595,73265,35258,38007,128209,61764,66445,146523,70518,76005,128205,61582,66623,73257,35357,37900,18315,8690,9625,
91600,73269,35260,38009,128216,61768,66448,146531,70522,76009,128212,61585,66627,73261,35357,37904,18316,8691,9625,
91605,73273,35263,38010,128223,61772,66451,146539,70527,76012,128219,61589,66630,73265,35359,37906,18317,8692,9625,
91610,73277,35264,38013,128230,61774,66456,146547,70533,76014,128226,61593,66633,73269,35359,37910,18318,8693,9625,
91615,73281,35266,38015,128237,61779,66458,146555,70537,76018,128233,61597,66636,73273,35360,37913,18319,8693,9626,
91620,73285,35269,38016,128244,61784,66460,146563,70541,76022,128240,61601,66639,73277,35364,37913,18320,8693,9627,
91625,73289,35272,38017,128251,61788,66463,146571,70543,76028,128247,61604,66643,73281,35366,37915,18321,8694,9627,
91630,73293,35274,38019,128258,61792,66466,146579,70547,76032,128254,61608,66646,73285,35369,37916,18322,8694,9628,
91635,73297,35276,38021,128265,61795,66470,146587,70551,76036,128261,61611,66650,73289,35370,37919,18323,8694,9629,
91640,73301,35278,38023,128272,61797,66475,146595,70555,76040,128268,61616,66652,73293,35372,37921,18324,8695,9629,
91645,73305,35279,38026,128279,61800,66479,146603,70559,76044,128275,61620,66655,73297,35374,37923,18325,8696,9629,
91650,73309,35279,38030,128286,61804,66482,146611,70564,76047,128282,61622,66660,73301,35375,37926,18326,8696,9630,
91655,73313,35281,38032,128293,61807,66486,146619,70567,76052,128289,61626,66663,73305,35376,37929,18327,8697,9630,
91660,73317,35282,38035,128300,61810,66490,146627,70572,76055,128296,61631,66665,73309,35378,37931,18328,8697,9631,
91665,73321,35283,38038,128307,61813,66494,146635,70575,76060,128303,61635,66668,73313,35380,37933,18329,8698,9631,
91670,73325,35284,38041,128314,61816,66498,146643,70578,76065,128310,61639,66671,73317,35381,37936,18330,8699,9631,
91675,73329,35287,38042,128321,61821,66500,146651,70582,76069,128317,61642,66675,73321,35383,37938,18331,8700,9631,
91680,73333,35289,38044,128328,61825,66503,146659,70588,76071,128324,61645,66679,73325,35387,37938,18332,8700,9632,
91685,73337,35292,38045,128335,61828,66507,146667,70594,76073,128331,61649,66682,73329,35389,37940,18333,8700,9633,
91690,73341,35292,38049,128342,61831,66511,146675,70598,76077,128338,61652,66686,73333,35392,37941,18334,8701,9633,
91695,73345,35295,38050,128349,61835,66514,146683,70602,76081,128345,61655,66690,73337,35395,37942,18335,8701,9634,
91700,73349,35297,38052,128356,61839,66517,146691,70605,76086,128352,61659,66693,73341,35398,37943,18336,8702,9634,
91705,73353,35297,38056,128363,61842,66521,146699,70609,76090,128359,61663,66696,73345,35399,37946,18337,8703,9634,
91710,73357,35298,38059,128370,61847,66523,146707,70613,76094,128366,61665,66701,73349,35400,37949,18338,8704,9634,
91715,73361,35301,38060,128377,61851,66526,146715,70615,76100,128373,61668,66705,73353,35402,37951,18339,8705,9634,
91720,73365,35302,38063,128384,61854,66530,146723,70617,76106,128380,61674,66706,73357,35402,37955,18340,8705,9635,
91725,73369,35304,38065,128391,61858,66533,146731,70622,76109,128387,61677,66710,73361,35404,37957,18341,8705,9636,
91730,73373,35306,38067,128398,61861,66537,146739,70626,76113,128394,61681,66713,73365,35408,37957,18342,8706,9636,
91735,73377,35308,38069,128405,61865,66540,146747,70627,76120,128401,61685,66716,73369,35410,37959,18343,8706,9637,
91740,73381,35309,38072,128412,61868,66544,146755,70629,76126,128408,61689,66719,73373,35414,37959,18344,8706,9638,
91745,73385,35312,38073,128419,61872,66547,146763,70632,76131,128415,61692,66723,73377,35415,37962,18345,8707,9638,
91750,73389,35315,38074,128426,61874,66552,146771,70637,76134,128422,61695,66727,73381,35418,37963,18346,8708,9638,
91755,73393,35317,38076,128433,61877,66556,146779,70639,76140,128429,61699,66730,73385,35420,37965,18347,8709,9638,
91760,73397,35318,38079,128440,61878,66562,146787,70644,76143,128436,61703,66733,73389,35422,37967,18348,8709,9639,
91765,73401,35321,38080,128447,61885,66562,146795,70648,76147,128443,61706,66737,73393,35424,37969,18349,8709,9640,
91770,73405,35324,38081,128454,61890,66564,146803,70652,76151,128450,61711,66739,73397,35426,37971,18350,8709,9641,
91775,73409,35327,38082,128461,61893,66568,146811,70656,76155,128457,61715,66742,73401,35428,37973,18351,8710,9641,
91780,73413,35329,38084,128468,61897,66571,146819,70659,76160,128464,61718,66746,73405,35430,37975,18352,8711,9641,
91785,73417,35331,38086,128475,61899,66576,146827,70662,76165,128471,61719,66752,73409,35432,37977,18353,8711,9642,
91790,73421,35331,38090,128482,61902,66580,146835,70664,76171,128478,61722,66756,73413,35433,37980,18354,8712,9642,
91795,73425,35334,38091,128489,61907,66582,146843,70669,76174,128485,61725,66760,73417,35434,37983,18355,8713,9642,
91800,73429,35337,38092,128496,61911,66585,146851,70671,76180,128492,61728,66764,73421,35436,37985,18356,8714,9642,
91805,73433,35339,38094,128503,61915,66588,146859,70675,76184,128499,61731,66768,73425,35439,37986,18357,8714,9643,
91810,73437,35341,38096,128510,61916,66594,146867,70681,76186,128506,61734,66772,73429,35440,37989,18358,8715,9643,
91815,73441,35344,38097,128517,61918,66599,146875,70682,76193,128513,61738,66775,73433,35443,37990,18359,8716,9643,
91820,73445,35347,38098,128524,61920,66604,146883,70688,76195,128520,61739,66781,73437,35446,37991,18360,8717,9643,
91825,73449,35349,38100,128531,61922,66609,146891,70696,76195,128527,61742,66785,73441,35450,37991,18361,8718,9643,
91830,73453,35351,38102,128538,61926,66612,146899,70702,76197,128534,61745,66789,73445,35452,37993,18362,8718,9644,
91835,73457,35353,38104,128545,61930,66615,146907,70706,76201,128541,61750,66791,73449,35454,37995,18363,8719,9644,
91840,73461,35355,38106,128552,61933,66619,146915,70710,76205,128548,61755,66793,73453,35455,37998,18364,8720,9644,
91845,73465,35357,38108,128559,61937,66622,146923,70713,76210,128555,61758,66797,73457,35459,37998,18365,8720,9645,
91850,73469,35359,38110,128566,61941,66625,146931,70716,76215,128562,61759,66803,73461,35461,38000,18366,8720,9646,
91855,73473,35360,38113,128573,61943,66630,146939,70719,76220,128569,61764,66805,73465,35464,38001,18367,8721,9646,
91860,73477,35362,38115,128580,61946,66634,146947,70724,76223,128576,61767,66809,73469,35465,38004,18368,8722,9646,
91865,73481,35365,38116,128587,61948,66639,146955,70729,76226,128583,61769,66814,73473,35466,38007,18369,8722,9647,
91870,73485,35367,38118,128594,61950,66644,146963,70732,76231,128590,61773,66817,73477,35469,38008,18370,8722,9648,
91875,73489,35368,38121,128601,61955,66646,146971,70736,76235,128597,61775,66822,73481,35471,38010,18371,8723,9648,
91880,73493,35370,38123,128608,61958,66650,146979,70739,76240,128604,61778,66826,73485,35473,38012,18372,8723,9649,
91885,73497,35370,38127,128615,61963,66652,146987,70744,76243,128611,61780,66831,73489,35474,38015,18373,8723,9650,
91890,73501,35371,38130,128622,61964,66658,146995,70747,76248,128618,61782,66836,73493,35474,38019,18374,8723,9651,
91895,73505,35374,38131,128629,61968,66661,147003,70748,76255,128625,61789,66836,73497,35477,38020,18375,8724,9651,
91900,73509,35376,38133,128636,61971,66665,147011,70753,76258,128632,61792,66840,73501,35480,38021,18376,8725,9651,
91905,73513,35378,38135,128643,61974,66669,147019,70757,76262,128639,61797,66842,73505,35484,38021,18377,8726,9651,
91910,73517,35378,38139,128650,61978,66672,147027,70760,76267,128646,61802,66844,73509,35487,38022,18378,8727,9651,
91915,73521,35379,38142,128657,61982,66675,147035,70764,76271,128653,61807,66846,73513,35489,38024,18379,8728,9651,
91920,73525,35379,38146,128664,61983,66681,147043,70769,76274,128660,61810,66850,73517,35492,38025,18380,8728,9652,
91925,73529,35383,38146,128671,61984,66687,147051,70772,76279,128667,61815,66852,73521,35493,38028,18381,8729,9652,
91930,73533,35385,38148,128678,61988,66690,147059,70777,76282,128674,61818,66856,73525,35495,38030,18382,8730,9652,
91935,73537,35389,38148,128685,61992,66693,147067,70779,76288,128681,61823,66858,73529,35498,38031,18383,8730,9653,
91940,73541,35393,38148,128692,61996,66696,147075,70783,76292,128688,61829,66859,73533,35500,38033,18384,8730,9654,
91945,73545,35396,38149,128699,62000,66699,147083,70789,76294,128695,61832,66863,73537,35503,38034,18385,8731,9654,
91950,73549,35396,38153,128706,62002,66704,147091,70792,76299,128702,61836,66866,73541,35504,38037,18386,8732,9654,
91955,73553,35397,38156,128713,62005,66708,147099,70794,76305,128709,61838,66871,73545,35508,38037,18387,8732,9655,
91960,73557,35399,38158,128720,62008,66712,147107,70798,76309,128716,61844,66872,73549,35512,38037,18388,8732,9656,
91965,73561,35400,38161,128727,62012,66715,147115,70803,76312,128723,61849,66874,73553,35513,38040,18389,8733,9656,
91970,73565,35403,38162,128734,62016,66718,147123,70806,76317,128730,61851,66879,73557,35515,38042,18390,8734,9656,
91975,73569,35405,38164,128741,62019,66722,147131,70810,76321,128737,61854,66883,73561,35518,38043,18391,8734,9657,
91980,73573,35405,38168,128748,62023,66725,147139,70813,76326,128744,61858,66886,73565,35520,38045,18392,8735,9657,
91985,73577,35408,38169,128755,62025,66730,147147,70815,76332,128751,61862,66889,73569,35522,38047,18393,8736,9657,
91990,73581,35411,38170,128762,62026,66736,147155,70817,76338,128758,61866,66892,73573,35522,38051,18394,8737,9657,
91995,73585,35412,38173,128769,62031,66738,147163,70820,76343,128765,61869,66896,73577,35524,38053,18395,8737,9658,
92000,73589,35414,38175,128776,62036,66740,147171,70825,76346,128772,61870,66902,73581,35526,38055,18396,8737,9659,
92005,73593,35415,38178,128783,62040,66743,147179,70828,76351,128779,61874,66905,73585,35530,38055,18397,8738,9659,
92010,73597,35416,38181,128790,62047,66743,147187,70831,76356,128786,61878,66908,73589,35533,38056,18398,8738,9660,
92015,73601,35418,38183,128797,62051,66746,147195,70833,76362,128793,61883,66910,73593,35536,38057,18399,8738,9661,
92020,73605,35420,38185,128804,62052,66752,147203,70837,76366,128800,61886,66914,73597,35536,38061,18400,8739,9661,
92025,73609,35422,38187,128811,62053,66758,147211,70842,76369,128807,61889,66918,73601,35538,38063,18401,8740,9661,
92030,73613,35423,38190,128818,62058,66760,147219,70845,76374,128814,61892,66922,73605,35539,38066,18402,8740,9662,
92035,73617,35424,38193,128825,62061,66764,147227,70846,76381,128821,61898,66923,73609,35542,38067,18403,8740,9663,
92040,73621,35426,38195,128832,62064,66768,147235,70850,76385,128828,61900,66928,73613,35543,38070,18404,8740,9664,
92045,73625,35429,38196,128839,62069,66770,147243,70852,76391,128835,61904,66931,73617,35546,38071,18405,8741,9664,
92050,73629,35430,38199,128846,62071,66775,147251,70857,76394,128842,61906,66936,73621,35547,38074,18406,8741,9665,
92055,73633,35432,38201,128853,62076,66777,147259,70860,76399,128849,61908,66941,73625,35549,38076,18407,8741,9666,
92060,73637,35433,38204,128860,62080,66780,147267,70863,76404,128856,61911,66945,73629,35550,38079,18408,8742,9666,
92065,73641,35436,38205,128867,62086,66781,147275,70866,76409,128863,61915,66948,73633,35554,38079,18409,8742,9667,
92070,73645,35440,38205,128874,62091,66783,147283,70871,76412,128870,61917,66953,73637,35557,38080,18410,8743,9667,
92075,73649,35441,38208,128881,62093,66788,147291,70876,76415,128877,61919,66958,73641,35560,38081,18411,8744,9667,
92080,73653,35443,38210,128888,62098,66790,147299,70879,76420,128884,61923,66961,73645,35560,38085,18412,8744,9668,
92085,73657,35445,38212,128895,62102,66793,147307,70885,76422,128891,61927,66964,73649,35561,38088,18413,8744,9669,
92090,73661,35448,38213,128902,62107,66795,147315,70889,76426,128898,61931,66967,73653,35563,38090,18414,8744,9670,
92095,73665,35450,38215,128909,62113,66796,147323,70893,76430,128905,61934,66971,73657,35566,38091,18415,8745,9670,
92100,73669,35450,38219,128916,62117,66799,147331,70896,76435,128912,61936,66976,73661,35570,38091,18416,8745,9671,
92105,73673,35452,38221,128923,62120,66803,147339,70900,76439,128919,61938,66981,73665,35573,38092,18417,8745,9672,
92110,73677,35455,38222,128930,62122,66808,147347,70906,76441,128926,61942,66984,73669,35576,38093,18418,8745,9673,
92115,73681,35455,38226,128937,62125,66812,147355,70911,76444,128933,61945,66988,73673,35578,38095,18419,8745,9674,
92120,73685,35458,38227,128944,62130,66814,147363,70913,76450,128940,61949,66991,73677,35581,38096,18420,8746,9674,
92125,73689,35461,38228,128951,62135,66816,147371,70918,76453,128947,61953,66994,73681,35582,38099,18421,8746,9675,
92130,73693,35463,38230,128958,62138,66820,147379,70926,76453,128954,61953,67001,73685,35582,38103,18422,8747,9675,
92135,73697,35464,38233,128965,62141,66824,147387,70929,76458,128961,61954,67007,73689,35583,38106,18423,8748,9675,
92140,73701,35465,38236,128972,62144,66828,147395,70932,76463,128968,61959,67009,73693,35587,38106,18424,8749,9675,
92145,73705,35467,38238,128979,62150,66829,147403,70933,76470,128975,61963,67012,73697,35589,38108,18425,8750,9675,
92150,73709,35470,38239,128986,62155,66831,147411,70937,76474,128982,61967,67015,73701,35592,38109,18426,8750,9676,
92155,73713,35473,38240,128993,62160,66833,147419,70941,76478,128989,61970,67019,73705,35595,38110,18427,8750,9677,
92160,73717,35475,38242,129000,62165,66835,147427,70945,76482,128996,61972,67024,73709,35598,38111,18428,8751,9677,
92165,73721,35478,38243,129007,62170,66837,147435,70951,76484,129003,61977,67026,73713,35601,38112,18429,8751,9678,
92170,73725,35482,38243,129014,62173,66841,147443,70958,76485,129010,61980,67030,73717,35604,38113,18430,8752,9678,
92175,73729,35483,38246,129021,62176,66845,147451,70960,76491,129017,61982,67035,73721,35605,38116,18431,8752,9679,
92180,73733,35484,38249,129028,62178,66850,147459,70964,76495,129024,61986,67038,73725,35605,38120,18432,8752,9680,
92185,73737,35485,38252,129035,62182,66853,147467,70966,76501,129031,61993,67038,73729,35605,38124,18433,8752,9681,
92190,73741,35485,38256,129042,62185,66857,147475,70972,76503,129038,61997,67041,73733,35606,38127,18434,8753,9681,
92195,73745,35488,38257,129049,62188,66861,147483,70977,76506,129045,62001,67044,73737,35609,38128,18435,8753,9682,
92200,73749,35491,38258,129056,62192,66864,147491,70981,76510,129052,62004,67048,73741,35611,38130,18436,8754,9682,
92205,73753,35492,38261,129063,62193,66870,147499,70982,76517,129059,62007,67052,73745,35611,38134,18437,8755,9682,
92210,73757,35494,38263,129070,62196,66874,147507,70987,76520,129066,62009,67057,73749,35612,38137,18438,8755,9683,
92215,73761,35497,38264,129077,62199,66878,147515,70991,76524,129073,62012,67061,73753,35614,38139,18439,8755,9684,
92220,73765,35499,38266,129084,62202,66882,147523,70995,76528,129080,62015,67065,73757,35617,38140,18440,8755,9685,
92225,73769,35502,38267,129091,62208,66883,147531,71003,76528,129087,62016,67071,73761,35620,38141,18441,8755,9686,
92230,73773,35503,38270,129098,62211,66887,147539,71006,76533,129094,62021,67073,73765,35621,38144,18442,8756,9686,
92235,73777,35504,38273,129105,62214,66891,147547,71012,76535,129101,62025,67076,73769,35625,38144,18443,8756,9687,
92240,73781,35507,38274,129112,62217,66895,147555,71016,76539,129108,62028,67080,73773,35628,38145,18444,8756,9688,
92245,73785,35509,38276,129119,62219,66900,147563,71021,76542,129115,62030,67085,73777,35632,38145,18445,8756,9689,
92250,73789,35511,38278,129126,62226,66900,147571,71026,76545,129122,62036,67086,73781,35634,38147,18446,8756,9690,
92255,73793,35512,38281,129133,62227,66906,147579,71028,76551,129129,62040,67089,73785,35635,38150,18447,8756,9691,
92260,73797,35513,38284,129140,62228,66912,147587,71032,76555,129136,62045,67091,73789,35637,38152,18448,8757,9691,
92265,73801,35515,38286,129147,62231,66916,147595,71034,76561,129143,62050,67093,73793,35639,38154,18449,8757,9692,
92270,73805,35517,38288,129154,62233,66921,147603,71039,76564,129150,62054,67096,73797,35640,38157,18450,8757,9693,
92275,73809,35519,38290,129161,62236,66925,147611,71045,76566,129157,62057,67100,73801,35641,38160,18451,8757,9694,
92280,73813,35522,38291,129168,62241,66927,147619,71048,76571,129164,62060,67104,73805,35642,38163,18452,8758,9694,
92285,73817,35523,38294,129175,62241,66934,147627,71052,76575,129171,62062,67109,73809,35642,38167,18453,8758,9695,
92290,73821,35526,38295,129182,62244,66938,147635,71056,76579,129178,62062,67116,73813,35644,38169,18454,8758,9696,
92295,73825,35529,38296,129189,62248,66941,147643,71061,76582,129185,62066,67119,73817,35646,38171,18455,8759,9696,
92300,73829,35533,38296,129196,62252,66944,147651,71064,76587,129192,62070,67122,73821,35647,38174,18456,8759,9697,
92305,73833,35535,38298,129203,62255,66948,147659,71069,76590,129199,62070,67129,73825,35648,38177,18457,8759,9698,
92310,73837,35536,38301,129210,62258,66952,147667,71071,76596,129206,62074,67132,73829,35649,38180,18458,8759,9699,
92315,73841,35538,38303,129217,62260,66957,147675,71073,76602,129213,62077,67136,73833,35650,38183,18459,8759,9700,
92320,73845,35539,38306,129224,62262,66962,147683,71077,76606,129220,62080,67140,73837,35652,38185,18460,8760,9700,
92325,73849,35542,38307,129231,62267,66964,147691,71082,76609,129227,62082,67145,73841,35653,38188,18461,8760,9701,
92330,73853,35544,38309,129238,62270,66968,147699,71083,76616,129234,62086,67148,73845,35655,38190,18462,8761,9701,
92335,73857,35547,38310,129245,62275,66970,147707,71088,76619,129241,62090,67151,73849,35657,38192,18463,8761,9702,
92340,73861,35548,38313,129252,62278,66974,147715,71093,76622,129248,62092,67156,73853,35659,38194,18464,8761,9703,
92345,73865,35550,38315,129259,62280,66979,147723,71100,76623,129255,62096,67159,73857,35660,38197,18465,8761,9704,
92350,73869,35553,38316,129266,62283,66983,147731,71102,76629,129262,62098,67164,73861,35661,38200,18466,8762,9704,
92355,73873,35555,38318,129273,62288,66985,147739,71105,76634,129269,62099,67170,73865,35665,38200,18467,8763,9704,
92360,73877,35558,38319,129280,62292,66988,147747,71109,76638,129276,62101,67175,73869,35667,38202,18468,8763,9705,
92365,73881,35559,38322,129287,62298,66989,147755,71114,76641,129283,62105,67178,73873,35669,38204,18469,8763,9706,
92370,73885,35559,38326,129294,62299,66995,147763,71121,76642,129290,62108,67182,73877,35670,38207,18470,8763,9707,
92375,73889,35562,38327,129301,62305,66996,147771,71128,76643,129297,62113,67184,73881,35673,38208,18471,8764,9707,
92380,73893,35564,38329,129308,62306,67002,147779,71132,76647,129304,62115,67189,73885,35675,38210,18472,8764,9708,
92385,73897,35566,38331,129315,62310,67005,147787,71137,76650,129311,62120,67191,73889,35676,38213,18473,8765,9708,
92390,73901,35567,38334,129322,62316,67006,147795,71142,76653,129318,62125,67193,73893,35679,38214,18474,8766,9708,
92395,73905,35569,38336,129329,62318,67011,147803,71145,76658,129325,62125,67200,73897,35680,38217,18475,8766,9709,
92400,73909,35571,38338,129336,62321,67015,147811,71150,76661,129332,62128,67204,73901,35681,38220,18476,8766,9710,
92405,73913,35572,38341,129343,62326,67017,147819,71157,76662,129339,62132,67207,73905,35683,38222,18477,8767,9710,
92410,73917,35576,38341,129350,62330,67020,147827,71160,76667,129346,62137,67209,73909,35686,38223,18478,8767,9711,
92415,73921,35579,38342,129357,62334,67023,147835,71163,76672,129353,62141,67212,73913,35686,38227,18479,8767,9712,
92420,73925,35582,38343,129364,62337,67027,147843,71167,76676,129360,62145,67215,73917,35688,38229,18480,8767,9713,
92425,73929,35584,38345,129371,62342,67029,147851,71173,76678,129367,62147,67220,73921,35691,38230,18481,8768,9713,
92430,73933,35586,38347,129378,62346,67032,147859,71176,76683,129374,62150,67224,73925,35692,38233,18482,8768,9714,
92435,73937,35587,38350,129385,62349,67036,147867,71180,76687,129381,62152,67229,73929,35694,38235,18483,8768,9715,
92440,73941,35589,38352,129392,62354,67038,147875,71185,76690,129388,62157,67231,73933,35696,38237,18484,8769,9715,
92445,73945,35590,38355,129399,62356,67043,147883,71188,76695,129395,62160,67235,73937,35696,38241,18485,8769,9716,
92450,73949,35592,38357,129406,62360,67046,147891,71194,76697,129402,62164,67238,73941,35696,38245,18486,8770,9716,
92455,73953,35595,38358,129413,62363,67050,147899,71197,76702,129409,62168,67241,73945,35697,38248,18487,8770,9717,
92460,73957,35596,38361,129420,62366,67054,147907,71201,76706,129416,62171,67245,73949,35698,38251,18488,8771,9717,
92465,73961,35599,38362,129427,62369,67058,147915,71204,76711,129423,62174,67249,73953,35700,38253,18489,8771,9718,
92470,73965,35602,38363,129434,62372,67062,147923,71208,76715,129430,62177,67253,73957,35702,38255,18490,8772,9718,
92475,73969,35602,38367,129441,62376,67065,147931,71211,76720,129437,62182,67255,73961,35706,38255,18491,8773,9718,
92480,73973,35604,38369,129448,62380,67068,147939,71216,76723,129444,62185,67259,73965,35706,38259,18492,8774,9718,
92485,73977,35606,38371,129455,62382,67073,147947,71222,76725,129451,62188,67263,73969,35707,38262,18493,8775,9718,
92490,73981,35608,38373,129462,62383,67079,147955,71226,76729,129458,62190,67268,73973,35708,38265,18494,8776,9718,
92495,73985,35610,38375,129469,62388,67081,147963,71231,76732,129465,62193,67272,73977,35711,38266,18495,8777,9718,
92500,73989,35611,38378,129476,62391,67085,147971,71234,76737,129472,62196,67276,73981,35713,38268,18496,8777,9719,
92505,73993,35613,38380,129483,62392,67091,147979,71237,76742,129479,62202,67277,73985,35714,38271,18497,8777,9720,
92510,73997,35615,38382,129490,62393,67097,147987,71241,76746,129486,62204,67282,73989,35717,38272,18498,8777,9721,
92515,74001,35618,38383,129497,62394,67103,147995,71245,76750,129493,62208,67285,73993,35717,38276,18499,8777,9722,
92520,74005,35621,38384,129504,62396,67108,148003,71248,76755,129500,62213,67287,73997,35719,38278,18500,8778,9722,
92525,74009,35623,38386,129511,62400,67111,148011,71253,76758,129507,62217,67290,74001,35721,38280,18501,8778,9723,
92530,74013,35625,38388,129518,62402,67116,148019,71254,76765,129514,62221,67293,74005,35721,38284,18502,8779,9723,
92535,74017,35626,38391,129525,62403,67122,148027,71258,76769,129521,62225,67296,74009,35723,38286,18503,8780,9723,
92540,74021,35628,38393,129532,62404,67128,148035,71264,76771,129528,62230,67298,74013,35725,38288,18504,8781,9723,
92545,74025,35630,38395,129539,62406,67133,148043,71266,76777,129535,62234,67301,74017,35725,38292,18505,8781,9724,
92550,74029,35632,38397,129546,62408,67138,148051,71270,76781,129542,62239,67303,74021,35728,38293,18506,8782,9724,
92555,74033,35634,38399,129553,62412,67141,148059,71273,76786,129549,62242,67307,74025,35730,38295,18507,8783,9724,
92560,74037,35636,38401,129560,62414,67146,148067,71276,76791,129556,62246,67310,74029,35733,38296,18508,8784,9724,
92565,74041,35637,38404,129567,62415,67152,148075,71280,76795,129563,62252,67311,74033,35735,38298,18509,8785,9724,
92570,74045,35638,38407,129574,62416,67158,148083,71282,76801,129570,62257,67313,74037,35736,38301,18510,8786,9724,
92575,74049,35640,38409,129581,62417,67164,148091,71286,76805,129577,62262,67315,74041,35737,38304,18511,8786,9725,
92580,74053,35642,38411,129588,62420,67168,148099,71288,76811,129584,62265,67319,74045,35738,38307,18512,8787,9725,
92585,74057,35643,38414,129595,62424,67171,148107,71291,76816,129591,62267,67324,74049,35740,38309,18513,8787,9726,
92590,74061,35646,38415,129602,62428,67174,148115,71297,76818,129598,62271,67327,74053,35740,38313,18514,8787,9727,
92595,74065,35647,38418,129609,62432,67177,148123,71297,76826,129605,62273,67332,74057,35744,38313,18515,8788,9727,
92600,74069,35650,38419,129616,62434,67182,148131,71302,76829,129612,62275,67337,74061,35744,38317,18516,8789,9727,
92605,74073,35652,38421,129623,62438,67185,148139,71304,76835,129619,62281,67338,74065,35746,38319,18517,8790,9727,
92610,74077,35652,38425,129630,62441,67189,148147,71307,76840,129626,62284,67342,74069,35748,38321,18518,8791,9727,
92615,74081,35653,38428,129637,62444,67193,148155,71310,76845,129633,62287,67346,74073,35750,38323,18519,8791,9728,
92620,74085,35654,38431,129644,62446,67198,148163,71314,76849,129640,62292,67348,74077,35753,38324,18520,8791,9729,
92625,74089,35655,38434,129651,62448,67203,148171,71319,76852,129647,62296,67351,74081,35755,38326,18521,8791,9730,
92630,74093,35656,38437,129658,62452,67206,148179,71321,76858,129654,62297,67357,74085,35757,38328,18522,8792,9730,
92635,74097,35658,38439,129665,62453,67212,148187,71325,76862,129661,62301,67360,74089,35760,38329,18523,8793,9730,
92640,74101,35662,38439,129672,62460,67212,148195,71327,76868,129668,62305,67363,74093,35763,38330,18524,8794,9730,
92645,74105,35664,38441,129679,62465,67214,148203,71333,76870,129675,62307,67368,74097,35763,38334,18525,8794,9731,
92650,74109,35666,38443,129686,62468,67218,148211,71335,76876,129682,62309,67373,74101,35766,38335,18526,8794,9732,
92655,74113,35668,38445,129693,62471,67222,148219,71339,76880,129689,62315,67374,74105,35769,38336,18527,8794,9733,
92660,74117,35670,38447,129700,62474,67226,148227,71344,76883,129696,62320,67376,74109,35772,38337,18528,8795,9733,
92665,74121,35673,38448,129707,62479,67228,148235,71350,76885,129703,62322,67381,74113,35773,38340,18529,8795,9734,
92670,74125,35676,38449,129714,62483,67231,148243,71355,76888,129710,62326,67384,74117,35774,38343,18530,8795,9735,
92675,74129,35679,38450,129721,62487,67234,148251,71361,76890,129717,62327,67390,74121,35774,38347,18531,8795,9736,
92680,74133,35681,38452,129728,62492,67236,148259,71365,76894,129724,62332,67392,74125,35775,38350,18532,8796,9736,
92685,74137,35682,38455,129735,62494,67241,148267,71370,76897,129731,62335,67396,74129,35777,38352,18533,8797,9736,
92690,74141,35686,38455,129742,62497,67245,148275,71374,76901,129738,62339,67399,74133,35780,38353,18534,8797,9737,
92695,74145,35688,38457,129749,62500,67249,148283,71379,76904,129745,62342,67403,74137,35782,38355,18535,8798,9737,
92700,74149,35688,38461,129756,62505,67251,148291,71383,76908,129752,62345,67407,74141,35783,38358,18536,8799,9737,
92705,74153,35690,38463,129763,62509,67254,148299,71389,76910,129759,62349,67410,74145,35785,38360,18537,8799,9738,
92710,74157,35691,38466,129770,62510,67260,148307,71394,76913,129766,62353,67413,74149,35787,38362,18538,8799,9739,
92715,74161,35693,38468,129777,62514,67263,148315,71399,76916,129773,62358,67415,74153,35789,38364,18539,8800,9739,
92720,74165,35694,38471,129784,62517,67267,148323,71402,76921,129780,62361,67419,74157,35792,38365,18540,8801,9739,
92725,74169,35695,38474,129791,62520,67271,148331,71403,76928,129787,62364,67423,74161,35796,38365,18541,8802,9739,
92730,74173,35698,38475,129798,62525,67273,148339,71405,76934,129794,62367,67427,74165,35797,38368,18542,8802,9740,
92735,74177,35700,38477,129805,62527,67278,148347,71409,76938,129801,62371,67430,74169,35798,38371,18543,8802,9741,
92740,74181,35703,38478,129812,62530,67282,148355,71411,76944,129808,62376,67432,74173,35799,38374,18544,8803,9741,
92745,74185,35705,38480,129819,62534,67285,148363,71413,76950,129815,62379,67436,74177,35800,38377,18545,8804,9741,
92750,74189,35705,38484,129826,62537,67289,148371,71416,76955,129822,62381,67441,74181,35801,38380,18546,8805,9741,
92755,74193,35706,38487,129833,62540,67293,148379,71420,76959,129829,62387,67442,74185,35804,38381,18547,8805,9742,
92760,74197,35706,38491,129840,62544,67296,148387,71426,76961,129836,62391,67445,74189,35806,38383,18548,8805,9743,
92765,74201,35708,38493,129847,62547,67300,148395,71430,76965,129843,62394,67449,74193,35808,38385,18549,8805,9744,
92770,74205,35710,38495,129854,62550,67304,148403,71432,76971,129850,62398,67452,74197,35809,38388,18550,8806,9744,
92775,74209,35713,38496,129861,62553,67308,148411,71439,76972,129857,62402,67455,74201,35812,38389,18551,8806,9745,
92780,74213,35715,38498,129868,62556,67312,148419,71445,76974,129864,62403,67461,74205,35813,38392,18552,8806,9746,
92785,74217,35718,38499,129875,62559,67316,148427,71451,76976,129871,62407,67464,74209,35815,38394,18553,8807,9746,
92790,74221,35721,38500,129882,62564,67318,148435,71456,76979,129878,62412,67466,74213,35816,38397,18554,8808,9746,
92795,74225,35724,38501,129889,62564,67325,148443,71460,76983,129885,62417,67468,74217,35819,38398,18555,8808,9747,
92800,74229,35726,38503,129896,62565,67331,148451,71461,76990,129892,62421,67471,74221,35822,38399,18556,8809,9747,
92805,74233,35730,38503,129903,62568,67335,148459,71466,76993,129899,62425,67474,74225,35823,38402,18557,8809,9748,
92810,74237,35732,38505,129910,62573,67337,148467,71471,76996,129906,62430,67476,74229,35827,38402,18558,8809,9749,
92815,74241,35734,38507,129917,62577,67340,148475,71478,76997,129913,62434,67479,74233,35831,38402,18559,8810,9749,
92820,74245,35736,38509,129924,62581,67343,148483,71481,77002,129920,62438,67482,74237,35833,38404,18560,8810,9750,
92825,74249,35736,38513,129931,62584,67347,148491,71482,77009,129927,62442,67485,74241,35835,38406,18561,8811,9750,
92830,74253,35738,38515,129938,62588,67350,148499,71487,77012,129934,62446,67488,74245,35836,38409,18562,8811,9751,
92835,74257,35740,38517,129945,62589,67356,148507,71490,77017,129941,62449,67492,74249,35837,38412,18563,8812,9751,
92840,74261,35740,38521,129952,62591,67361,148515,71495,77020,129948,62453,67495,74253,35839,38414,18564,8812,9752,
92845,74265,35743,38522,129959,62597,67362,148523,71501,77022,129955,62457,67498,74257,35841,38416,18565,8812,9753,
92850,74269,35746,38523,129966,62602,67364,148531,71506,77025,129962,62461,67501,74261,35843,38418,18566,8812,9754,
92855,74273,35748,38525,129973,62604,67369,148539,71510,77029,129969,62466,67503,74265,35846,38419,18567,8812,9755,
92860,74277,35750,38527,129980,62606,67374,148547,71515,77032,129976,62469,67507,74269,35846,38423,18568,8813,9755,
92865,74281,35751,38530,129987,62609,67378,148555,71517,77038,129983,62473,67510,74273,35847,38426,18569,8814,9755,
92870,74285,35754,38531,129994,62613,67381,148563,71521,77042,129990,62475,67515,74277,35848,38429,18570,8814,9756,
92875,74289,35757,38532,130001,62619,67382,148571,71524,77047,129997,62479,67518,74281,35848,38433,18571,8814,9757,
92880,74293,35759,38534,130008,62620,67388,148579,71527,77052,130004,62482,67522,74285,35850,38435,18572,8815,9757,
92885,74297,35759,38538,130015,62625,67390,148587,71532,77055,130011,62485,67526,74289,35853,38436,18573,8815,9758,
92890,74301,35761,38540,130022,62629,67393,148595,71537,77058,130018,62487,67531,74293,35855,38438,18574,8815,9759,
92895,74305,35763,38542,130029,62631,67398,148603,71541,77062,130025,62489,67536,74297,35857,38440,18575,8815,9760,
92900,74309,35765,38544,130036,62633,67403,148611,71544,77067,130032,62492,67540,74301,35859,38442,18576,8815,9761,
92905,74313,35766,38547,130043,62637,67406,148619,71550,77069,130039,62497,67542,74305,35860,38445,18577,8815,9762,
92910,74317,35768,38549,130050,62640,67410,148627,71556,77071,130046,62499,67547,74309,35864,38445,18578,8815,9763,
92915,74321,35770,38551,130057,62644,67413,148635,71560,77075,130053,62503,67550,74313,35867,38446,18579,8815,9764,
92920,74325,35771,38554,130064,62647,67417,148643,71563,77080,130060,62508,67552,74317,35868,38449,18580,8815,9765,
92925,74329,35772,38557,130071,62651,67420,148651,71567,77084,130067,62511,67556,74321,35871,38450,18581,8816,9765,
92930,74333,35774,38559,130078,62655,67423,148659,71569,77090,130074,62514,67560,74325,35873,38452,18582,8816,9766,
92935,74337,35776,38561,130085,62659,67426,148667,71571,77096,130081,62519,67562,74329,35874,38455,18583,8816,9767,
92940,74341,35777,38564,130092,62664,67428,148675,71576,77099,130088,62522,67566,74333,35877,38456,18584,8816,9768,
92945,74345,35779,38566,130099,62668,67431,148683,71581,77102,130095,62526,67569,74337,35878,38459,18585,8817,9768,
92950,74349,35779,38570,130106,62671,67435,148691,71586,77105,130102,62529,67573,74341,35880,38461,18586,8817,9769,
92955,74353,35781,38572,130113,62675,67438,148699,71589,77110,130109,62533,67576,74345,35881,38464,18587,8817,9770,
92960,74357,35782,38575,130120,62677,67443,148707,71594,77113,130116,62534,67582,74349,35882,38467,18588,8817,9771,
92965,74361,35784,38577,130127,62680,67447,148715,71598,77117,130123,62537,67586,74353,35884,38469,18589,8818,9771,
92970,74365,35786,38579,130134,62684,67450,148723,71603,77120,130130,62539,67591,74357,35884,38473,18590,8819,9771,
92975,74369,35788,38581,130141,62687,67454,148731,71611,77120,130137,62542,67595,74361,35887,38474,18591,8819,9772,
92980,74373,35790,38583,130148,62689,67459,148739,71614,77125,130144,62546,67598,74365,35888,38477,18592,8819,9773,
92985,74377,35794,38583,130155,62691,67464,148747,71618,77129,130151,62551,67600,74369,35890,38479,18593,8819,9774,
92990,74381,35795,38586,130162,62696,67466,148755,71619,77136,130158,62555,67603,74373,35893,38480,18594,8820,9774,
92995,74385,35797,38588,130169,62701,67468,148763,71624,77139,130165,62555,67610,74377,35894,38483,18595,8821,9774,
93000,74389,35800,38589,130176,62703,67473,148771,71628,77143,130172,62559,67613,74381,35896,38485,18596,8821,9775,
93005,74393,35801,38592,130183,62708,67475,148779,71631,77148,130179,62562,67617,74385,35899,38486,18597,8821,9776,
93010,74397,35803,38594,130190,62712,67478,148787,71632,77155,130186,62564,67622,74389,35900,38489,18598,8822,9776,
93015,74401,35805,38596,130197,62714,67483,148795,71635,77160,130193,62568,67625,74393,35901,38492,18599,8822,9777,
93020,74405,35807,38598,130204,62717,67487,148803,71639,77164,130200,62570,67630,74397,35903,38494,18600,8823,9777,
93025,74409,35809,38600,130211,62721,67490,148811,71642,77169,130207,62571,67636,74401,35906,38495,18601,8824,9777,
93030,74413,35811,38602,130218,62723,67495,148819,71643,77176,130214,62575,67639,74405,35908,38497,18602,8825,9777,
93035,74417,35814,38603,130225,62725,67500,148827,71649,77178,130221,62577,67644,74409,35910,38499,18603,8825,9778,
93040,74421,35816,38605,130232,62728,67504,148835,71654,77181,130228,62580,67648,74413,35913,38500,18604,8825,9779,
93045,74425,35820,38605,130239,62730,67509,148843,71659,77184,130235,62585,67650,74417,35914,38503,18605,8826,9779,
93050,74429,35823,38606,130246,62733,67513,148851,71662,77189,130242,62587,67655,74421,35916,38505,18606,8827,9779,
93055,74433,35824,38609,130253,62738,67515,148859,71666,77193,130249,62591,67658,74425,35918,38507,18607,8828,9779,
93060,74437,35827,38610,130260,62741,67519,148867,71670,77197,130256,62595,67661,74429,35920,38509,18608,8829,9779,
93065,74441,35830,38611,130267,62746,67521,148875,71674,77201,130263,62596,67667,74433,35921,38512,18609,8830,9779,
93070,74445,35832,38613,130274,62750,67524,148883,71677,77206,130270,62600,67670,74437,35925,38512,18610,8831,9779,
93075,74449,35833,38616,130281,62754,67527,148891,71682,77209,130277,62603,67674,74441,35927,38514,18611,8832,9779,
93080,74453,35835,38618,130288,62759,67529,148899,71686,77213,130284,62605,67679,74445,35929,38516,18612,8833,9779,
93085,74457,35837,38620,130295,62763,67532,148907,71689,77218,130291,62609,67682,74449,35932,38517,18613,8833,9780,
93090,74461,35840,38621,130302,62766,67536,148915,71693,77222,130298,62612,67686,74453,35934,38519,18614,8833,9781,
93095,74465,35843,38622,130309,62769,67540,148923,71697,77226,130305,62615,67690,74457,35937,38520,18615,8834,9781,
93100,74469,35845,38624,130316,62773,67543,148931,71704,77227,130312,62616,67696,74461,35939,38522,18616,8834,9782,
93105,74473,35848,38625,130323,62777,67546,148939,71709,77230,130319,62617,67702,74465,35940,38525,18617,8835,9782,
93110,74477,35849,38628,130330,62782,67548,148947,71713,77234,130326,62619,67707,74469,35942,38527,18618,8836,9782,
93115,74481,35852,38629,130337,62785,67552,148955,71716,77239,130333,62621,67712,74473,35943,38530,18619,8837,9782,
93120,74485,35854,38631,130344,62788,67556,148963,71719,77244,130340,62625,67715,74477,35944,38533,18620,8838,9782,
93125,74489,35855,38634,130351,62791,67560,148971,71724,77247,130347,62630,67717,74481,35945,38536,18621,8839,9782,
93130,74493,35858,38635,130358,62795,67563,148979,71728,77251,130354,62633,67721,74485,35948,38537,18622,8840,9782,
93135,74497,35860,38637,130365,62798,67567,148987,71731,77256,130361,62638,67723,74489,35951,38538,18623,8840,9783,
93140,74501,35862,38639,130372,62800,67572,148995,71735,77260,130368,62642,67726,74493,35953,38540,18624,8841,9783,
93145,74505,35864,38641,130379,62803,67576,149003,71739,77264,130375,62644,67731,74497,35954,38543,18625,8841,9784,
93150,74509,35866,38643,130386,62804,67582,149011,71743,77268,130382,62648,67734,74501,35956,38545,18626,8841,9785,
93155,74513,35867,38646,130393,62806,67587,149019,71748,77271,130389,62651,67738,74505,35958,38547,18627,8841,9786,
93160,74517,35867,38650,130400,62808,67592,149027,71751,77276,130396,62655,67741,74509,35960,38549,18628,8841,9787,
93165,74521,35868,38653,130407,62811,67596,149035,71753,77282,130403,62660,67743,74513,35962,38551,18629,8841,9788,
93170,74525,35871,38654,130414,62814,67600,149043,71757,77286,130410,62664,67746,74517,35962,38555,18630,8842,9788,
93175,74529,35871,38658,130421,62818,67603,149051,71760,77291,130417,62667,67750,74521,35963,38558,18631,8843,9788,
93180,74533,35875,38658,130428,62820,67608,149059,71762,77297,130424,62668,67756,74525,35965,38560,18632,8844,9788,
93185,74537,35876,38661,130435,62821,67614,149067,71765,77302,130431,62673,67758,74529,35969,38560,18633,8845,9788,
93190,74541,35878,38663,130442,62826,67616,149075,71768,77307,130438,62674,67764,74533,35971,38562,18634,8845,9789,
93195,74545,35881,38664,130449,62831,67618,149083,71771,77312,130445,62676,67769,74537,35972,38565,18635,8845,9790,
93200,74549,35881,38668,130456,62835,67621,149091,71774,77317,130452,62680,67772,74541,35974,38567,18636,8846,9790,
93205,74553,35883,38670,130463,62838,67625,149099,71778,77321,130459,62682,67777,74545,35976,38569,18637,8847,9790,
93210,74557,35886,38671,130470,62842,67628,149107,71780,77327,130466,62685,67781,74549,35977,38572,18638,8847,9791,
93215,74561,35888,38673,130477,62845,67632,149115,71783,77332,130473,62687,67786,74553,35979,38574,18639,8847,9792,
93220,74565,35891,38674,130484,62845,67639,149123,71785,77338,130480,62692,67788,74557,35981,38576,18640,8847,9793,
93225,74569,35894,38675,130491,62848,67643,149131,71791,77340,130487,62694,67793,74561,35983,38578,18641,8848,9793,
93230,74573,35898,38675,130498,62850,67648,149139,71797,77342,130494,62697,67797,74565,35985,38580,18642,8848,9794,
93235,74577,35901,38676,130505,62855,67650,149147,71799,77348,130501,62700,67801,74569,35987,38582,18643,8849,9794,
93240,74581,35902,38679,130512,62858,67654,149155,71804,77351,130508,62701,67807,74573,35990,38583,18644,8850,9794,
93245,74585,35903,38682,130519,62861,67658,149163,71809,77354,130515,62702,67813,74577,35994,38583,18645,8851,9794,
93250,74589,35904,38685,130526,62864,67662,149171,71812,77359,130522,62707,67815,74581,35997,38584,18646,8851,9795,
93255,74593,35906,38687,130533,62865,67668,149179,71817,77362,130529,62710,67819,74585,35998,38587,18647,8852,9795,
93260,74597,35909,38688,130540,62868,67672,149187,71819,77368,130536,62715,67821,74589,35998,38591,18648,8852,9796,
93265,74601,35911,38690,130547,62871,67676,149195,71823,77372,130543,62720,67823,74593,36000,38593,18649,8853,9796,
93270,74605,35913,38692,130554,62874,67680,149203,71826,77377,130550,62722,67828,74597,36002,38595,18650,8853,9797,
93275,74609,35915,38694,130561,62877,67684,149211,71831,77380,130557,62725,67832,74601,36003,38598,18651,8854,9797,
93280,74613,35917,38696,130568,62882,67686,149219,71839,77380,130564,62728,67836,74605,36003,38602,18652,8854,9798,
93285,74617,35920,38697,130575,62885,67690,149227,71842,77385,130571,62731,67840,74609,36006,38603,18653,8855,9798,
93290,74621,35921,38700,130582,62887,67695,149235,71848,77387,130578,62736,67842,74613,36007,38606,18654,8856,9798,
93295,74625,35922,38703,130589,62891,67698,149243,71852,77391,130585,62739,67846,74617,36010,38607,18655,8856,9799,
93300,74629,35923,38706,130596,62895,67701,149251,71856,77395,130592,62745,67847,74621,36013,38608,18656,8856,9800,
93305,74633,35925,38708,130603,62901,67702,149259,71862,77397,130599,62747,67852,74625,36015,38610,18657,8857,9800,
93310,74637,35927,38710,130610,62904,67706,149267,71866,77401,130606,62751,67855,74629,36017,38612,18658,8857,9801,
93315,74641,35928,38713,130617,62908,67709,149275,71871,77404,130613,62752,67861,74633,36019,38614,18659,8857,9802,
93320,74645,35930,38715,130624,62911,67713,149283,71875,77408,130620,62755,67865,74637,36022,38615,18660,8858,9802,
93325,74649,35932,38717,130631,62915,67716,149291,71878,77413,130627,62760,67867,74641,36025,38616,18661,8858,9803,
93330,74653,35935,38718,130638,62918,67720,149299,71880,77419,130634,62764,67870,74645,36026,38619,18662,8858,9804,
93335,74657,35938,38719,130645,62922,67723,149307,71885,77422,130641,62767,67874,74649,36026,38623,18663,8858,9805,
93340,74661,35939,38722,130652,62925,67727,149315,71889,77426,130648,62769,67879,74653,36028,38625,18664,8858,9806,
93345,74665,35940,38725,130659,62930,67729,149323,71894,77429,130655,62774,67881,74657,36029,38628,18665,8858,9807,
93350,74669,35942,38727,130666,62934,67732,149331,71896,77435,130662,62779,67883,74661,36030,38631,18666,8858,9808,
93355,74673,35942,38731,130673,62936,67737,149339,71900,77439,130669,62783,67886,74665,36032,38633,18667,8858,9809,
93360,74677,35944,38733,130680,62940,67740,149347,71904,77443,130676,62784,67892,74669,36035,38634,18668,8858,9810,
93365,74681,35946,38735,130687,62943,67744,149355,71909,77446,130683,62787,67896,74673,36037,38636,18669,8858,9811,
93370,74685,35949,38736,130694,62946,67748,149363,71913,77450,130690,62791,67899,74677,36039,38638,18670,8859,9811,
93375,74689,35950,38739,130701,62947,67754,149371,71916,77455,130697,62797,67900,74681,36040,38641,18671,8860,9811,
93380,74693,35951,38742,130708,62950,67758,149379,71920,77459,130704,62800,67904,74685,36042,38643,18672,8860,9812,
93385,74697,35953,38744,130715,62954,67761,149387,71924,77463,130711,62804,67907,74689,36044,38645,18673,8860,9813,
93390,74701,35956,38745,130722,62957,67765,149395,71928,77467,130718,62808,67910,74693,36046,38647,18674,8861,9813,
93395,74705,35957,38748,130729,62960,67769,149403,71935,77468,130725,62811,67914,74697,36048,38649,18675,8861,9814,
93400,74709,35960,38749,130736,62963,67773,149411,71938,77473,130732,62815,67917,74701,36051,38650,18676,8862,9814,
93405,74713,35963,38750,130743,62965,67778,149419,71941,77478,130739,62820,67919,74705,36053,38652,18677,8862,9815,
93410,74717,35965,38752,130750,62970,67780,149427,71945,77482,130746,62822,67924,74709,36054,38655,18678,8862,9816,
93415,74721,35966,38755,130757,62974,67783,149435,71946,77489,130753,62826,67927,74713,36056,38657,18679,8862,9817,
93420,74725,35967,38758,130764,62979,67785,149443,71949,77494,130760,62831,67929,74717,36058,38659,18680,8862,9818,
93425,74729,35971,38758,130771,62982,67789,149451,71952,77499,130767,62835,67932,74721,36059,38662,18681,8863,9818,
93430,74733,35973,38760,130778,62987,67791,149459,71955,77504,130774,62839,67935,74725,36062,38663,18682,8864,9818,
93435,74737,35974,38763,130785,62990,67795,149467,71959,77508,130781,62841,67940,74729,36063,38666,18683,8864,9819,
93440,74741,35976,38765,130792,62993,67799,149475,71963,77512,130788,62843,67945,74733,36065,38668,18684,8864,9820,
93445,74745,35978,38767,130799,62997,67802,149483,71967,77516,130795,62846,67949,74737,36065,38672,18685,8865,9820,
93450,74749,35981,38768,130806,63001,67805,149491,71971,77520,130802,62849,67953,74741,36068,38673,18686,8865,9821,
93455,74753,35983,38770,130813,63005,67808,149499,71977,77522,130809,62853,67956,74745,36070,38675,18687,8865,9822,
93460,74757,35984,38773,130820,63012,67808,149507,71982,77525,130816,62854,67962,74749,36073,38676,18688,8866,9822,
93465,74761,35987,38774,130827,63013,67814,149515,71988,77527,130823,62857,67966,74753,36075,38678,18689,8866,9823,
93470,74765,35989,38776,130834,63018,67816,149523,71992,77531,130830,62861,67969,74757,36078,38679,18690,8866,9824,
93475,74769,35993,38776,130841,63022,67819,149531,71997,77534,130837,62865,67972,74761,36079,38682,18691,8867,9824,
93480,74773,35994,38779,130848,63026,67822,149539,72002,77537,130844,62868,67976,74765,36079,38686,18692,8867,9825,
93485,74777,35996,38781,130855,63027,67828,149547,72008,77539,130851,62871,67980,74769,36080,38689,18693,8868,9825,
93490,74781,35996,38785,130862,63030,67832,149555,72012,77543,130858,62874,67984,74773,36082,38691,18694,8869,9825,
93495,74785,36000,38785,130869,63030,67839,149563,72016,77547,130865,62878,67987,74777,36084,38693,18695,8870,9825,
93500,74789,36002,38787,130876,63032,67844,149571,72020,77551,130872,62884,67988,74781,36086,38695,18696,8871,9825,
93505,74793,36004,38789,130883,63034,67849,149579,72022,77557,130879,62886,67993,74785,36089,38696,18697,8872,9825,
93510,74797,36007,38790,130890,63037,67853,149587,72025,77562,130886,62890,67996,74789,36092,38697,18698,8872,9826,
93515,74801,36008,38793,130897,63042,67855,149595,72030,77565,130893,62894,67999,74793,36094,38699,18699,8872,9827,
93520,74805,36008,38797,130904,63047,67857,149603,72035,77568,130900,62896,68004,74797,36095,38702,18700,8872,9828,
93525,74809,36011,38798,130911,63048,67863,149611,72039,77572,130907,62898,68009,74801,36098,38703,18701,8873,9828,
93530,74813,36015,38798,130918,63050,67868,149619,72044,77575,130914,62902,68012,74805,36100,38705,18702,8874,9828,
93535,74817,36017,38800,130925,63055,67870,149627,72049,77578,130921,62905,68016,74809,36101,38708,18703,8875,9828,
93540,74821,36018,38803,130932,63060,67872,149635,72053,77582,130928,62907,68021,74813,36102,38711,18704,8875,9829,
93545,74825,36019,38806,130939,63062,67877,149643,72058,77585,130935,62910,68025,74817,36103,38714,18705,8876,9829,
93550,74829,36023,38806,130946,63065,67881,149651,72063,77588,130942,62914,68028,74821,36106,38715,18706,8876,9830,
93555,74833,36025,38808,130953,63070,67883,149659,72068,77591,130949,62917,68032,74825,36108,38717,18707,8876,9831,
93560,74837,36026,38811,130960,63074,67886,149667,72069,77598,130956,62919,68037,74829,36110,38719,18708,8877,9831,
93565,74841,36029,38812,130967,63077,67890,149675,72074,77601,130963,62922,68041,74833,36113,38720,18709,8878,9831,
93570,74845,36031,38814,130974,63080,67894,149683,72079,77604,130970,62925,68045,74837,36115,38722,18710,8879,9831,
93575,74849,36032,38817,130981,63083,67898,149691,72083,77608,130977,62929,68048,74841,36117,38724,18711,8880,9831,
93580,74853,36034,38819,130988,63084,67904,149699,72086,77613,130984,62931,68053,74845,36119,38726,18712,8880,9832,
93585,74857,36038,38819,130995,63087,67908,149707,72090,77617,130991,62936,68055,74849,36121,38728,18713,8881,9832,
93590,74861,36040,38821,131002,63090,67912,149715,72093,77622,130998,62940,68058,74853,36123,38730,18714,8882,9832,
93595,74865,36040,38825,131009,63095,67914,149723,72095,77628,131005,62946,68059,74857,36125,38732,18715,8883,9832,
93600,74869,36042,38827,131016,63099,67917,149731,72098,77633,131012,62949,68063,74861,36125,38736,18716,8883,9833,
93605,74873,36043,38830,131023,63104,67919,149739,72101,77638,131019,62955,68064,74865,36127,38738,18717,8883,9834,
93610,74877,36046,38831,131030,63107,67923,149747,72106,77641,131026,62957,68069,74869,36130,38739,18718,8883,9835,
93615,74881,36048,38833,131037,63111,67926,149755,72114,77641,131033,62959,68074,74873,36133,38740,18719,8883,9836,
93620,74885,36051,38834,131044,63117,67927,149763,72116,77647,131040,62964,68076,74877,36136,38741,18720,8884,9836,
93625,74889,36054,38835,131051,63121,67930,149771,72121,77650,131047,62968,68079,74881,36138,38743,18721,8885,9836,
93630,74893,36055,38838,131058,63126,67932,149779,72126,77653,131054,62973,68081,74885,36139,38746,18722,8885,9837,
93635,74897,36057,38840,131065,63128,67937,149787,72129,77658,131061,62977,68084,74889,36142,38747,18723,8886,9837,
93640,74901,36058,38843,131072,63132,67940,149795,72131,77664,131068,62982,68086,74893,36142,38751,18724,8886,9838,
93645,74905,36059,38846,131079,63134,67945,149803,72136,77667,131075,62984,68091,74897,36142,38755,18725,8886,9839,
93650,74909,36061,38848,131086,63137,67949,149811,72137,77674,131082,62987,68095,74901,36144,38757,18726,8886,9840,
93655,74913,36063,38850,131093,63141,67952,149819,72137,77682,131089,62987,68102,74905,36146,38759,18727,8887,9840,
93660,74917,36064,38853,131100,63144,67956,149827,72141,77686,131096,62992,68104,74909,36148,38761,18728,8888,9840,
93665,74921,36067,38854,131107,63146,67961,149835,72147,77688,131103,62994,68109,74913,36151,38762,18729,8888,9841,
93670,74925,36069,38856,131114,63151,67963,149843,72152,77691,131110,62998,68112,74917,36152,38765,18730,8889,9841,
93675,74929,36071,38858,131121,63154,67967,149851,72154,77697,131117,63003,68114,74921,36155,38766,18731,8890,9841,
93680,74933,36074,38859,131128,63159,67969,149859,72158,77701,131124,63007,68117,74925,36155,38770,18732,8890,9842,
93685,74937,36075,38862,131135,63162,67973,149867,72162,77705,131131,63012,68119,74929,36157,38772,18733,8891,9842,
93690,74941,36075,38866,131142,63166,67976,149875,72166,77709,131138,63015,68123,74933,36157,38776,18734,8891,9843,
93695,74945,36078,38867,131149,63170,67979,149883,72174,77709,131145,63020,68125,74937,36160,38777,18735,8892,9843,
93700,74949,36081,38868,131156,63173,67983,149891,72178,77713,131152,63023,68129,74941,36162,38779,18736,8892,9844,
93705,74953,36084,38869,131163,63176,67987,149899,72183,77716,131159,63029,68130,74945,36166,38779,18737,8893,9844,
93710,74957,36086,38871,131170,63178,67992,149907,72189,77718,131166,63031,68135,74949,36170,38779,18738,8894,9844,
93715,74961,36088,38873,131177,63181,67996,149915,72192,77723,131173,63035,68138,74953,36172,38781,18739,8895,9844,
93720,74965,36088,38877,131184,63184,68000,149923,72196,77727,131180,63039,68141,74957,36174,38783,18740,8895,9845,
93725,74969,36089,38880,131191,63190,68001,149931,72198,77733,131187,63044,68143,74961,36178,38783,18741,8895,9846,
93730,74973,36090,38883,131198,63194,68004,149939,72201,77738,131194,63049,68145,74965,36180,38785,18742,8895,9847,
93735,74977,36091,38886,131205,63197,68008,149947,72203,77744,131201,63050,68151,74969,36181,38788,18743,8895,9848,
93740,74981,36092,38889,131212,63202,68010,149955,72208,77747,131208,63052,68156,74973,36183,38790,18744,8896,9848,
93745,74985,36093,38892,131219,63205,68014,149963,72213,77750,131215,63056,68159,74977,36184,38793,18745,8896,9849,
93750,74989,36093,38896,131226,63211,68015,149971,72217,77754,131222,63059,68163,74981,36187,38794,18746,8897,9849,
93755,74993,36096,38897,131233,63213,68020,149979,72220,77759,131229,63062,68167,74985,36190,38795,18747,8898,9849,
93760,74997,36099,38898,131240,63218,68022,149987,72220,77767,131236,63065,68171,74989,36192,38797,18748,8898,9850,
93765,75001,36099,38902,131247,63224,68023,149995,72223,77772,131243,63067,68176,74993,36192,38801,18749,8899,9850,
93770,75005,36100,38905,131254,63229,68025,150003,72226,77777,131250,63071,68179,74997,36193,38804,18750,8900,9850,
93775,75009,36101,38908,131261,63232,68029,150011,72228,77783,131257,63076,68181,75001,36195,38806,18751,8901,9850,
93780,75013,36102,38911,131268,63236,68032,150019,72231,77788,131264,63079,68185,75005,36196,38809,18752,8902,9850,
93785,75017,36103,38914,131275,63239,68036,150027,72236,77791,131271,63083,68188,75009,36198,38811,18753,8902,9851,
93790,75021,36104,38917,131282,63243,68039,150035,72240,77795,131278,63086,68192,75013,36201,38812,18754,8902,9852,
93795,75025,36106,38919,131289,63246,68043,150043,72243,77800,131285,63091,68194,75017,36204,38813,18755,8903,9852,
93800,75029,36108,38921,131296,63250,68046,150051,72249,77802,131292,63095,68197,75021,36205,38816,18756,8904,9852,
93805,75033,36111,38922,131303,63252,68051,150059,72254,77805,131299,63099,68200,75025,36208,38817,18757,8904,9853,
93810,75037,36113,38924,131310,63256,68054,150067,72261,77806,131306,63104,68202,75029,36212,38817,18758,8904,9854,
93815,75041,36116,38925,131317,63260,68057,150075,72265,77810,131313,63108,68205,75033,36213,38820,18759,8904,9855,
93820,75045,36117,38928,131324,63262,68062,150083,72267,77816,131320,63112,68208,75037,36215,38822,18760,8904,9856,
93825,75049,36118,38931,131331,63265,68066,150091,72270,77821,131327,63117,68210,75041,36216,38825,18761,8904,9857,
93830,75053,36121,38932,131338,63268,68070,150099,72276,77823,131334,63119,68215,75045,36219,38826,18762,8905,9857,
93835,75057,36123,38934,131345,63271,68074,150107,72279,77828,131341,63124,68217,75049,36220,38829,18763,8906,9857,
93840,75061,36125,38936,131352,63273,68079,150115,72284,77831,131348,63129,68219,75053,36221,38832,18764,8906,9858,
93845,75065,36125,38940,131359,63277,68082,150123,72287,77836,131355,63133,68222,75057,36224,38833,18765,8907,9858,
93850,75069,36126,38943,131366,63281,68085,150131,72291,77840,131362,63136,68226,75061,36226,38835,18766,8907,9859,
93855,75073,36128,38945,131373,63285,68088,150139,72295,77844,131369,63140,68229,75065,36227,38838,18767,8907,9860,
93860,75077,36129,38948,131380,63289,68091,150147,72300,77847,131376,63141,68235,75069,36229,38840,18768,8907,9861,
93865,75081,36131,38950,131387,63293,68094,150155,72303,77852,131383,63144,68239,75073,36231,38842,18769,8908,9861,
93870,75085,36131,38954,131394,63294,68100,150163,72305,77858,131390,63147,68243,75077,36232,38845,18770,8909,9861,
93875,75089,36132,38957,131401,63297,68104,150171,72308,77863,131397,63151,68246,75081,36234,38847,18771,8909,9862,
93880,75093,36133,38960,131408,63302,68106,150179,72312,77867,131404,63153,68251,75085,36236,38849,18772,8909,9863,
93885,75097,36136,38961,131415,63306,68109,150187,72316,77871,131411,63153,68258,75089,36237,38852,18773,8909,9864,
93890,75101,36138,38963,131422,63310,68112,150195,72318,77877,131418,63155,68263,75093,36238,38855,18774,8909,9865,
93895,75105,36140,38965,131429,63314,68115,150203,72320,77883,131425,63157,68268,75097,36242,38855,18775,8910,9865,
93900,75109,36143,38966,131436,63320,68116,150211,72326,77885,131432,63160,68272,75101,36244,38857,18776,8911,9865,
93905,75113,36145,38968,131443,63323,68120,150219,72330,77889,131439,63162,68277,75105,36247,38858,18777,8912,9865,
93910,75117,36149,38968,131450,63326,68124,150227,72336,77891,131446,63165,68281,75109,36249,38860,18778,8913,9865,
93915,75121,36151,38970,131457,63327,68130,150235,72338,77897,131453,63168,68285,75113,36251,38862,18779,8914,9865,
93920,75125,36153,38972,131464,63330,68134,150243,72343,77900,131460,63172,68288,75117,36254,38863,18780,8914,9866,
93925,75129,36153,38976,131471,63333,68138,150251,72347,77904,131467,63176,68291,75121,36255,38866,18781,8914,9867,
93930,75133,36156,38977,131478,63338,68140,150259,72350,77909,131474,63180,68294,75125,36258,38867,18782,8915,9867,
93935,75137,36158,38979,131485,63342,68143,150267,72354,77913,131481,63183,68298,75129,36260,38869,18783,8915,9868,
93940,75141,36159,38982,131492,63347,68145,150275,72359,77916,131488,63185,68303,75133,36262,38871,18784,8915,9869,
93945,75145,36163,38982,131499,63351,68148,150283,72363,77920,131495,63189,68306,75137,36265,38872,18785,8916,9869,
93950,75149,36167,38982,131506,63354,68152,150291,72365,77926,131502,63193,68309,75141,36267,38874,18786,8916,9870,
93955,75153,36168,38985,131513,63357,68156,150299,72367,77932,131509,63198,68311,75145,36269,38876,18787,8916,9871,
93960,75157,36171,38986,131520,63362,68158,150307,72371,77936,131516,63202,68314,75149,36271,38878,18788,8917,9871,
93965,75161,36173,38988,131527,63365,68162,150315,72375,77940,131523,63205,68318,75153,36273,38880,18789,8918,9871,
93970,75165,36176,38989,131534,63367,68167,150323,72377,77946,131530,63209,68321,75157,36275,38882,18790,8919,9871,
93975,75169,36179,38990,131541,63369,68172,150331,72379,77952,131537,63212,68325,75161,36278,38883,18791,8920,9871,
93980,75173,36180,38993,131548,63374,68174,150339,72384,77955,131544,63214,68330,75165,36280,38885,18792,8920,9872,
93985,75177,36181,38996,131555,63378,68177,150347,72390,77957,131551,63219,68332,75169,36282,38887,18793,8921,9872,
93990,75181,36182,38999,131562,63383,68179,150355,72392,77963,131558,63222,68336,75173,36285,38888,18794,8921,9873,
93995,75185,36184,39001,131569,63384,68185,150363,72396,77967,131565,63227,68338,75177,36288,38889,18795,8922,9873,
94000,75189,36185,39004,131576,63387,68189,150371,72398,77973,131572,63229,68343,75181,36289,38892,18796,8922,9874,
94005,75193,36185,39008,131583,63389,68194,150379,72402,77977,131579,63232,68347,75185,36292,38893,18797,8922,9875,
94010,75197,36187,39010,131590,63392,68198,150387,72406,77981,131586,63233,68353,75189,36293,38896,18798,8922,9876,
94015,75201,36188,39013,131597,63397,68200,150395,72410,77985,131593,63237,68356,75193,36294,38899,18799,8922,9877,
94020,75205,36191,39014,131604,63403,68201,150403,72413,77990,131600,63241,68359,75197,36296,38901,18800,8923,9877,
94025,75209,36192,39017,131611,63406,68205,150411,72419,77992,131607,63246,68361,75201,36299,38902,18801,8924,9877,
94030,75213,36193,39020,131618,63408,68210,150419,72420,77999,131614,63250,68364,75205,36302,38903,18802,8925,9877,
94035,75217,36195,39022,131625,63411,68214,150427,72425,78002,131621,63254,68367,75209,36303,38906,18803,8925,9878,
94040,75221,36197,39024,131632,63415,68217,150435,72430,78005,131628,63261,68367,75213,36305,38908,18804,8925,9879,
94045,75225,36198,39027,131639,63418,68221,150443,72435,78008,131635,63265,68370,75217,36307,38910,18805,8925,9880,
94050,75229,36199,39030,131646,63421,68225,150451,72438,78013,131642,63267,68375,75221,36308,38913,18806,8925,9881,
94055,75233,36202,39031,131653,63424,68229,150459,72440,78019,131649,63272,68377,75225,36309,38916,18807,8926,9881,
94060,75237,36204,39033,131660,63427,68233,150467,72442,78025,131656,63276,68380,75229,36309,38920,18808,8927,9881,
94065,75241,36207,39034,131667,63432,68235,150475,72445,78030,131663,63280,68383,75233,36311,38922,18809,8928,9881,
94070,75245,36209,39036,131674,63435,68239,150483,72450,78033,131670,63282,68388,75237,36313,38924,18810,8929,9881,
94075,75249,36212,39037,131681,63439,68242,150491,72452,78039,131677,63286,68391,75241,36316,38925,18811,8929,9882,
94080,75253,36213,39040,131688,63443,68245,150499,72457,78042,131684,63289,68395,75245,36318,38927,18812,8930,9882,
94085,75257,36214,39043,131695,63446,68249,150507,72465,78042,131691,63291,68400,75249,36320,38929,18813,8930,9883,
94090,75261,36216,39045,131702,63451,68251,150515,72469,78046,131698,63293,68405,75253,36322,38931,18814,8930,9884,
94095,75265,36219,39046,131709,63455,68254,150523,72472,78051,131705,63295,68410,75257,36325,38932,18815,8930,9885,
94100,75269,36221,39048,131716,63456,68260,150531,72474,78057,131712,63296,68416,75261,36327,38934,18816,8931,9885,
94105,75273,36224,39049,131723,63460,68263,150539,72477,78062,131719,63299,68420,75265,36329,38936,18817,8932,9885,
94110,75277,36227,39050,131730,63465,68265,150547,72480,78067,131726,63302,68424,75269,36331,38938,18818,8933,9885,
94115,75281,36230,39051,131737,63469,68268,150555,72482,78073,131733,63304,68429,75273,36333,38940,18819,8933,9886,
94120,75285,36234,39051,131744,63473,68271,150563,72485,78078,131740,63306,68434,75277,36336,38941,18820,8934,9886,
94125,75289,36236,39053,131751,63473,68278,150571,72490,78081,131747,63308,68439,75281,36339,38942,18821,8934,9887,
94130,75293,36238,39055,131758,63479,68279,150579,72495,78084,131754,63310,68444,75285,36339,38946,18822,8934,9888,
94135,75297,36240,39057,131765,63481,68284,150587,72499,78088,131761,63315,68446,75289,36342,38947,18823,8934,9889,
94140,75301,36242,39059,131772,63486,68286,150595,72503,78092,131768,63318,68450,75293,36344,38949,18824,8934,9890,
94145,75305,36243,39062,131779,63490,68289,150603,72506,78097,131775,63323,68452,75297,36347,38950,18825,8934,9891,
94150,75309,36246,39063,131786,63495,68291,150611,72510,78101,131782,63329,68453,75301,36350,38951,18826,8934,9892,
94155,75313,36248,39065,131793,63500,68293,150619,72515,78104,131789,63333,68456,75305,36352,38953,18827,8935,9892,
94160,75317,36250,39067,131800,63501,68299,150627,72518,78109,131796,63336,68460,75309,36353,38956,18828,8935,9893,
94165,75321,36251,39070,131807,63506,68301,150635,72523,78112,131803,63340,68463,75313,36355,38958,18829,8936,9893,
94170,75325,36252,39073,131814,63510,68304,150643,72527,78116,131810,63344,68466,75317,36359,38958,18830,8937,9893,
94175,75329,36253,39076,131821,63514,68307,150651,72532,78119,131817,63347,68470,75321,36361,38960,18831,8938,9893,
94180,75333,36256,39077,131828,63517,68311,150659,72535,78124,131824,63351,68473,75325,36362,38963,18832,8938,9894,
94185,75337,36259,39078,131835,63519,68316,150667,72538,78129,131831,63356,68475,75329,36363,38966,18833,8938,9895,
94190,75341,36262,39079,131842,63524,68318,150675,72544,78131,131838,63356,68482,75333,36365,38968,18834,8938,9896,
94195,75345,36265,39080,131849,63528,68321,150683,72546,78137,131845,63361,68484,75337,36367,38970,18835,8938,9897,
94200,75349,36266,39083,131856,63529,68327,150691,72549,78142,131852,63364,68488,75341,36368,38973,18836,8938,9898,
94205,75353,36266,39087,131863,63531,68332,150699,72554,78145,131859,63368,68491,75345,36370,38975,18837,8938,9899,
94210,75357,36267,39090,131870,63536,68334,150707,72557,78150,131866,63370,68496,75349,36372,38977,18838,8939,9899,
94215,75361,36269,39092,131877,63539,68338,150715,72560,78155,131873,63372,68501,75353,36375,38978,18839,8939,9900,
94220,75365,36272,39093,131884,63542,68342,150723,72563,78160,131880,63376,68504,75357,36376,38981,18840,8940,9900,
94225,75369,36274,39095,131891,63544,68347,150731,72567,78164,131887,63378,68509,75361,36379,38982,18841,8940,9901,
94230,75373,36275,39098,131898,63547,68351,150739,72571,78168,131894,63383,68511,75365,36380,38985,18842,8940,9902,
94235,75377,36276,39101,131905,63551,68354,150747,72576,78171,131901,63387,68514,75369,36380,38989,18843,8940,9903,
94240,75381,36278,39103,131912,63556,68356,150755,72582,78173,131908,63389,68519,75373,36382,38991,18844,8941,9903,
94245,75385,36279,39106,131919,63560,68359,150763,72586,78177,131915,63391,68524,75377,36384,38993,18845,8942,9903,
94250,75389,36281,39108,131926,63563,68363,150771,72591,78180,131922,63395,68527,75381,36387,38994,18846,8943,9903,
94255,75393,36284,39109,131933,63567,68366,150779,72594,78185,131929,63398,68531,75385,36391,38994,18847,8944,9903,
94260,75397,36288,39109,131940,63570,68370,150787,72600,78187,131936,63401,68535,75389,36392,38997,18848,8944,9904,
94265,75401,36292,39109,131947,63573,68374,150795,72604,78191,131943,63406,68537,75393,36393,39000,18849,8944,9905,
94270,75405,36293,39112,131954,63577,68377,150803,72608,78195,131950,63408,68542,75397,36395,39002,18850,8944,9906,
94275,75409,36293,39116,131961,63580,68381,150811,72613,78198,131957,63409,68548,75401,36397,39004,18851,8944,9907,
94280,75413,36295,39118,131968,63582,68386,150819,72615,78204,131964,63413,68551,75405,36398,39007,18852,8944,9908,
94285,75417,36297,39120,131975,63587,68388,150827,72618,78209,131971,63418,68553,75409,36400,39009,18853,8945,9908,
94290,75421,36299,39122,131982,63590,68392,150835,72624,78211,131978,63422,68556,75413,36402,39011,18854,8946,9908,
94295,75425,36300,39125,131989,63593,68396,150843,72627,78216,131985,63427,68558,75417,36405,39012,18855,8946,9909,
94300,75429,36302,39127,131996,63594,68402,150851,72629,78222,131992,63430,68562,75421,36406,39015,18856,8946,9910,
94305,75433,36305,39128,132003,63599,68404,150859,72635,78224,131999,63432,68567,75425,36410,39015,18857,8946,9911,
94310,75437,36308,39129,132010,63603,68407,150867,72638,78229,132006,63435,68571,75429,36413,39016,18858,8947,9911,
94315,75441,36311,39130,132017,63607,68410,150875,72642,78233,132013,63439,68574,75433,36413,39020,18859,8947,9912,
94320,75445,36313,39132,132024,63610,68414,150883,72648,78235,132020,63440,68580,75437,36414,39023,18860,8947,9913,
94325,75449,36317,39132,132031,63612,68419,150891,72652,78239,132027,63445,68582,75441,36414,39027,18861,8947,9914,
94330,75453,36320,39133,132038,63616,68422,150899,72656,78243,132034,63448,68586,75445,36416,39029,18862,8948,9914,
94335,75457,36322,39135,132045,63621,68424,150907,72660,78247,132041,63450,68591,75449,36417,39032,18863,8948,9915,
94340,75461,36324,39137,132052,63625,68427,150915,72663,78252,132048,63453,68595,75453,36420,39033,18864,8949,9915,
94345,75465,36325,39140,132059,63628,68431,150923,72666,78257,132055,63454,68601,75457,36422,39035,18865,8950,9915,
94350,75469,36326,39143,132066,63633,68433,150931,72667,78264,132062,63454,68608,75461,36424,39037,18866,8951,9915,
94355,75473,36329,39144,132073,63639,68434,150939,72671,78268,132069,63455,68614,75465,36427,39038,18867,8952,9915,
94360,75477,36331,39146,132080,63644,68436,150947,72673,78274,132076,63459,68617,75469,36428,39041,18868,8952,9916,
94365,75481,36333,39148,132087,63649,68438,150955,72676,78279,132083,63463,68620,75473,36428,39045,18869,8952,9917,
94370,75485,36337,39148,132094,63653,68441,150963,72683,78280,132090,63465,68625,75477,36429,39048,18870,8952,9918,
94375,75489,36338,39151,132101,63658,68443,150971,72687,78284,132097,63470,68627,75481,36429,39052,18871,8952,9919,
94380,75493,36339,39154,132108,63661,68447,150979,72689,78290,132104,63475,68629,75485,36431,39054,18872,8952,9920,
94385,75497,36341,39156,132115,63663,68452,150987,72692,78295,132111,63478,68633,75489,36433,39056,18873,8953,9920,
94390,75501,36343,39158,132122,63667,68455,150995,72696,78299,132118,63480,68638,75493,36436,39057,18874,8954,9920,
94395,75505,36345,39160,132129,63671,68458,151003,72701,78302,132125,63484,68641,75497,36438,39059,18875,8954,9921,
94400,75509,36348,39161,132136,63674,68462,151011,72703,78308,132132,63487,68645,75501,36442,39059,18876,8955,9921,
94405,75513,36348,39165,132143,63677,68466,151019,72706,78313,132139,63490,68649,75505,36444,39061,18877,8956,9921,
94410,75517,36350,39167,132150,63678,68472,151027,72709,78318,132146,63493,68653,75509,36446,39063,18878,8957,9921,
94415,75521,36352,39169,132157,63680,68477,151035,72713,78322,132153,63499,68654,75513,36449,39064,18879,8958,9921,
94420,75525,36354,39171,132164,63684,68480,151043,72716,78327,132160,63503,68657,75517,36452,39065,18880,8958,9922,
94425,75529,36356,39173,132171,63686,68485,151051,72721,78330,132167,63506,68661,75521,36452,39069,18881,8958,9923,
94430,75533,36357,39176,132178,63689,68489,151059,72724,78335,132174,63509,68665,75525,36455,39070,18882,8958,9924,
94435,75537,36359,39178,132185,63694,68491,151067,72726,78341,132181,63510,68671,75529,36457,39072,18883,8958,9925,
94440,75541,36361,39180,132192,63698,68494,151075,72729,78346,132188,63513,68675,75533,36458,39075,18884,8959,9925,
94445,75545,36362,39183,132199,63699,68500,151083,72731,78352,132195,63517,68678,75537,36460,39077,18885,8959,9926,
94450,75549,36364,39185,132206,63703,68503,151091,72734,78357,132202,63519,68683,75541,36461,39080,18886,8959,9927,
94455,75553,36364,39189,132213,63707,68506,151099,72739,78360,132209,63523,68686,75545,36464,39081,18887,8959,9928,
94460,75557,36365,39192,132220,63711,68509,151107,72742,78365,132216,63527,68689,75549,36466,39083,18888,8959,9929,
94465,75561,36367,39194,132227,63711,68516,151115,72746,78369,132223,63531,68692,75553,36468,39085,18889,8960,9929,
94470,75565,36368,39197,132234,63713,68521,151123,72749,78374,132230,63535,68695,75557,36469,39088,18890,8960,9930,
94475,75569,36370,39199,132241,63716,68525,151131,72753,78378,132237,63539,68698,75561,36471,39090,18891,8961,9930,
94480,75573,36373,39200,132248,63718,68530,151139,72758,78381,132244,63541,68703,75565,36473,39092,18892,8961,9931,
94485,75577,36376,39201,132255,63722,68533,151147,72764,78383,132251,63545,68706,75569,36475,39094,18893,8961,9932,
94490,75581,36377,39204,132262,63724,68538,151155,72766,78389,132258,63546,68712,75573,36478,39095,18894,8961,9933,
94495,75585,36380,39205,132269,63728,68541,151163,72771,78392,132265,63548,68717,75577,36478,39099,18895,8961,9934,
94500,75589,36380,39209,132276,63731,68545,151171,72774,78397,132272,63550,68722,75581,36479,39102,18896,8962,9934,
94505,75593,36383,39210,132283,63735,68548,151179,72777,78402,132279,63555,68724,75585,36480,39105,18897,8963,9934,
94510,75597,36386,39211,132290,63738,68552,151187,72779,78408,132286,63559,68727,75589,36481,39108,18898,8963,9935,
94515,75601,36386,39215,132297,63742,68555,151195,72785,78410,132293,63560,68733,75593,36485,39108,18899,8964,9935,
94520,75605,36388,39217,132304,63743,68561,151203,72786,78417,132300,63562,68738,75597,36487,39110,18900,8964,9936,
94525,75609,36390,39219,132311,63748,68563,151211,72789,78422,132307,63565,68742,75601,36489,39112,18901,8964,9937,
94530,75613,36391,39222,132318,63752,68566,151219,72792,78427,132314,63569,68745,75605,36493,39112,18902,8965,9937,
94535,75617,36392,39225,132325,63755,68570,151227,72795,78432,132321,63574,68747,75609,36497,39112,18903,8966,9937,
94540,75621,36394,39227,132332,63760,68572,151235,72800,78435,132328,63578,68750,75613,36500,39113,18904,8967,9937,
94545,75625,36397,39228,132339,63765,68574,151243,72804,78439,132335,63580,68755,75617,36502,39115,18905,8967,9938,
94550,75629,36399,39230,132346,63768,68578,151251,72810,78441,132342,63584,68758,75621,36504,39117,18906,8968,9938,
94555,75633,36403,39230,132353,63772,68581,151259,72815,78444,132349,63587,68762,75625,36506,39119,18907,8968,9939,
94560,75637,36405,39232,132360,63776,68584,151267,72819,78448,132356,63589,68767,75629,36508,39121,18908,8968,9940,
94565,75641,36408,39233,132367,63779,68588,151275,72823,78452,132363,63591,68772,75633,36511,39122,18909,8969,9940,
94570,75645,36410,39235,132374,63782,68592,151283,72828,78455,132370,63595,68775,75637,36514,39123,18910,8969,9941,
94575,75649,36414,39235,132381,63785,68596,151291,72833,78458,132377,63599,68778,75641,36516,39125,18911,8969,9942,
94580,75653,36416,39237,132388,63790,68598,151299,72836,78463,132384,63603,68781,75645,36517,39128,18912,8970,9942,
94585,75657,36419,39238,132395,63793,68602,151307,72841,78466,132391,63605,68786,75649,36518,39131,18913,8971,9942,
94590,75661,36421,39240,132402,63797,68605,151315,72845,78470,132398,63605,68793,75653,36521,39132,18914,8971,9943,
94595,75665,36422,39243,132409,63802,68607,151323,72850,78473,132405,63609,68796,75657,36523,39134,18915,8971,9944,
94600,75669,36423,39246,132416,63804,68612,151331,72854,78477,132412,63611,68801,75661,36523,39138,18916,8972,9944,
94605,75673,36425,39248,132423,63806,68617,151339,72859,78480,132419,63614,68805,75665,36524,39141,18917,8973,9944,
94610,75677,36426,39251,132430,63808,68622,151347,72863,78484,132426,63616,68810,75669,36526,39143,18918,8974,9944,
94615,75681,36428,39253,132437,63812,68625,151355,72868,78487,132433,63620,68813,75673,36527,39146,18919,8974,9945,
94620,75685,36429,39256,132444,63814,68630,151363,72874,78489,132440,63621,68819,75677,36528,39149,18920,8975,9945,
94625,75689,36430,39259,132451,63819,68632,151371,72880,78491,132447,63627,68820,75681,36531,39150,18921,8975,9946,
94630,75693,36432,39261,132458,63823,68635,151379,72885,78494,132454,63632,68822,75685,36532,39153,18922,8976,9946,
94635,75697,36435,39262,132465,63826,68639,151387,72890,78497,132461,63638,68823,75689,36533,39156,18923,8977,9946,
94640,75701,36438,39263,132472,63829,68643,151395,72893,78502,132468,63640,68828,75693,36535,39158,18924,8977,9947,
94645,75705,36441,39264,132479,63832,68647,151403,72898,78505,132475,63643,68832,75697,36536,39161,18925,8977,9948,
94650,75709,36443,39266,132486,63838,68648,151411,72904,78507,132482,63645,68837,75701,36538,39163,18926,8978,9948,
94655,75713,36444,39269,132493,63841,68652,151419,72907,78512,132489,63647,68842,75705,36540,39165,18927,8979,9948,
94660,75717,36447,39270,132500,63846,68654,151427,72912,78515,132496,63653,68843,75709,36542,39167,18928,8979,9949,
94665,75721,36449,39272,132507,63849,68658,151435,72915,78520,132503,63656,68847,75713,36542,39171,18929,8980,9949,
94670,75725,36452,39273,132514,63853,68661,151443,72918,78525,132510,63661,68849,75717,36543,39174,18930,8981,9949,
94675,75729,36455,39274,132521,63859,68662,151451,72919,78532,132517,63664,68853,75721,36543,39178,18931,8982,9949,
94680,75733,36457,39276,132528,63862,68666,151459,72922,78537,132524,63667,68857,75725,36545,39180,18932,8983,9949,
94685,75737,36460,39277,132535,63864,68671,151467,72925,78542,132531,63670,68861,75729,36545,39184,18933,8983,9950,
94690,75741,36462,39279,132542,63867,68675,151475,72927,78548,132538,63673,68865,75733,36547,39186,18934,8983,9951,
94695,75745,36464,39281,132549,63871,68678,151483,72932,78551,132545,63674,68871,75737,36547,39190,18935,8983,9952,
94700,75749,36466,39283,132556,63876,68680,151491,72935,78556,132552,63678,68874,75741,36548,39193,18936,8983,9953,
94705,75753,36467,39286,132563,63879,68684,151499,72937,78562,132559,63682,68877,75745,36549,39196,18937,8983,9954,
94710,75757,36468,39289,132570,63882,68688,151507,72939,78568,132566,63687,68879,75749,36551,39198,18938,8984,9954,
94715,75761,36470,39291,132577,63886,68691,151515,72944,78571,132573,63690,68883,75753,36555,39198,18939,8984,9955,
94720,75765,36472,39293,132584,63889,68695,151523,72947,78576,132580,63694,68886,75757,36557,39200,18940,8985,9955,
94725,75769,36472,39297,132591,63891,68700,151531,72953,78578,132587,63696,68891,75761,36560,39201,18941,8986,9955,
94730,75773,36472,39301,132598,63894,68704,151539,72956,78583,132594,63699,68895,75765,36561,39204,18942,8987,9955,
94735,75777,36476,39301,132605,63898,68707,151547,72959,78588,132601,63705,68896,75769,36562,39207,18943,8987,9956,
94740,75781,36478,39303,132612,63900,68712,151555,72962,78593,132608,63708,68900,75773,36565,39208,18944,8987,9957,
94745,75785,36480,39305,132619,63904,68715,151563,72967,78596,132615,63709,68906,75777,36568,39209,18945,8988,9957,
94750,75789,36482,39307,132626,63907,68719,151571,72971,78600,132622,63714,68908,75781,36572,39209,18946,8988,9958,
94755,75793,36483,39310,132633,63910,68723,151579,72975,78604,132629,63718,68911,75785,36576,39209,18947,8988,9959,
94760,75797,36484,39313,132640,63915,68725,151587,72977,78610,132636,63720,68916,75789,36576,39213,18948,8988,9960,
94765,75801,36485,39316,132647,63918,68729,151595,72982,78613,132643,63723,68920,75793,36578,39215,18949,8988,9961,
94770,75805,36487,39318,132654,63921,68733,151603,72985,78618,132650,63727,68923,75797,36579,39218,18950,8988,9962,
94775,75809,36489,39320,132661,63922,68739,151611,72990,78621,132657,63729,68928,75801,36582,39219,18951,8989,9962,
94780,75813,36492,39321,132668,63928,68740,151619,72994,78625,132664,63733,68931,75805,36584,39221,18952,8989,9963,
94785,75817,36496,39321,132675,63930,68745,151627,72998,78629,132671,63736,68935,75809,36586,39223,18953,8990,9963,
94790,75821,36496,39325,132682,63933,68749,151635,73004,78631,132678,63742,68936,75813,36589,39224,18954,8990,9964,
94795,75825,36497,39328,132689,63936,68753,151643,73007,78636,132685,63743,68942,75817,36591,39226,18955,8990,9965,
94800,75829,36500,39329,132696,63938,68758,151651,73011,78640,132692,63746,68946,75821,36592,39229,18956,8991,9965,
94805,75833,36502,39331,132703,63941,68762,151659,73014,78645,132699,63748,68951,75825,36594,39231,18957,8991,9966,
94810,75837,36505,39332,132710,63945,68765,151667,73019,78648,132706,63751,68955,75829,36596,39233,18958,8991,9967,
94815,75841,36508,39333,132717,63949,68768,151675,73021,78654,132713,63752,68961,75833,36598,39235,18959,8991,9968,
94820,75845,36510,39335,132724,63951,68773,151683,73024,78659,132720,63755,68965,75837,36599,39238,18960,8991,9969,
94825,75849,36512,39337,132731,63954,68777,151691,73029,78662,132727,63758,68969,75841,36602,39239,18961,8992,9969,
94830,75853,36513,39340,132738,63956,68782,151699,73032,78667,132734,63761,68973,75845,36604,39241,18962,8992,9970,
94835,75857,36516,39341,132745,63958,68787,151707,73036,78671,132741,63766,68975,75849,36606,39243,18963,8992,9971,
94840,75861,36517,39344,132752,63962,68790,151715,73041,78674,132748,63770,68978,75853,36608,39245,18964,8992,9972,
94845,75865,36520,39345,132759,63965,68794,151723,73046,78677,132755,63774,68981,75857,36608,39249,18965,8992,9973,
94850,75869,36521,39348,132766,63970,68796,151731,73049,78682,132762,63777,68985,75861,36609,39252,18966,8993,9973,
94855,75873,36523,39350,132773,63973,68800,151739,73050,78689,132769,63781,68988,75865,36611,39254,18967,8994,9973,
94860,75877,36526,39351,132780,63975,68805,151747,73054,78693,132776,63783,68993,75869,36614,39255,18968,8995,9973,
94865,75881,36529,39352,132787,63978,68809,151755,73059,78696,132783,63786,68997,75873,36615,39258,18969,8995,9974,
94870,75885,36531,39354,132794,63981,68813,151763,73062,78701,132790,63790,69000,75877,36617,39260,18970,8996,9974,
94875,75889,36532,39357,132801,63984,68817,151771,73065,78706,132797,63793,69004,75881,36619,39262,18971,8997,9974,
94880,75893,36534,39359,132808,63986,68822,151779,73070,78709,132804,63796,69008,75885,36619,39266,18972,8998,9974,
94885,75897,36534,39363,132815,63989,68826,151787,73072,78715,132811,63799,69012,75889,36622,39267,18973,8999,9974,
94890,75901,36535,39366,132822,63991,68831,151795,73078,78717,132818,63801,69017,75893,36624,39269,18974,8999,9975,
94895,75905,36538,39367,132829,63996,68833,151803,73081,78722,132825,63804,69021,75897,36627,39270,18975,9000,9975,
94900,75909,36540,39369,132836,63997,68839,151811,73086,78725,132832,63809,69023,75901,36630,39271,18976,9000,9976,
94905,75913,36543,39370,132843,64003,68840,151819,73088,78731,132839,63813,69026,75905,36634,39271,18977,9001,9976,
94910,75917,36545,39372,132850,64006,68844,151827,73092,78735,132846,63815,69031,75909,36636,39273,18978,9001,9977,
94915,75921,36546,39375,132857,64010,68847,151835,73098,78737,132853,63818,69035,75913,36638,39275,18979,9001,9978,
94920,75925,36548,39377,132864,64012,68852,151843,73102,78741,132860,63820,69040,75917,36640,39277,18980,9002,9978,
94925,75929,36548,39381,132871,64017,68854,151851,73107,78744,132867,63824,69043,75921,36641,39280,18981,9002,9979,
94930,75933,36549,39384,132878,64021,68857,151859,73112,78747,132874,63829,69045,75925,36644,39281,18982,9002,9980,
94935,75937,36551,39386,132885,64026,68859,151867,73117,78750,132881,63832,69049,75929,36645,39284,18983,9002,9981,
94940,75941,36553,39388,132892,64029,68863,151875,73123,78752,132888,63835,69053,75933,36649,39284,18984,9003,9981,
94945,75945,36555,39390,132899,64032,68867,151883,73126,78757,132895,63836,69059,75937,36650,39287,18985,9004,9981,
94950,75949,36557,39392,132906,64034,68872,151891,73130,78761,132902,63838,69064,75941,36653,39288,18986,9005,9981,
94955,75953,36559,39394,132913,64037,68876,151899,73134,78765,132909,63842,69067,75945,36655,39290,18987,9005,9982,
94960,75957,36562,39395,132920,64040,68880,151907,73140,78767,132916,63845,69071,75949,36658,39291,18988,9006,9982,
94965,75961,36565,39396,132927,64044,68883,151915,73145,78770,132923,63850,69073,75953,36661,39292,18989,9006,9983,
94970,75965,36565,39400,132934,64049,68885,151923,73148,78775,132930,63851,69079,75957,36663,39294,18990,9007,9983,
94975,75969,36566,39403,132941,64050,68891,151931,73150,78781,132937,63856,69081,75961,36665,39296,18991,9008,9983,
94980,75973,36569,39404,132948,64052,68896,151939,73155,78784,132944,63858,69086,75965,36666,39299,18992,9008,9984,
94985,75977,36571,39406,132955,64058,68897,151947,73161,78786,132951,63861,69090,75969,36667,39302,18993,9009,9984,
94990,75981,36572,39409,132962,64063,68899,151955,73164,78791,132958,63865,69093,75973,36670,39303,18994,9009,9985,
94995,75985,36572,39413,132969,64066,68903,151963,73167,78796,132965,63868,69097,75977,36673,39304,18995,9009,9986,
95000,75989,36574,39415,132976,64068,68908,151971,73171,78800,132972,63871,69101,75981,36675,39306,18996,9009,9987,
95005,75993,36577,39416,132983,64070,68913,151979,73176,78803,132979,63874,69105,75985,36675,39310,18997,9010,9987,
95010,75997,36577,39420,132990,64073,68917,151987,73182,78805,132986,63878,69108,75989,36676,39313,18998,9010,9988,
95015,76001,36578,39423,132997,64074,68923,151995,73187,78808,132993,63883,69110,75993,36678,39315,18999,9011,9988,
95020,76005,36581,39424,133004,64077,68927,152003,73191,78812,133000,63888,69112,75997,36678,39319,19000,9011,9989,
95025,76009,36583,39426,133011,64079,68932,152011,73194,78817,133007,63890,69117,76001,36680,39321,19001,9012,9989,
95030,76013,36587,39426,133018,64081,68937,152019,73198,78821,133014,63892,69122,76005,36681,39324,19002,9012,9990,
95035,76017,36589,39428,133025,64087,68938,152027,73200,78827,133021,63896,69125,76009,36682,39327,19003,9012,9991,
95040,76021,36592,39429,133032,64090,68942,152035,73203,78832,133028,63897,69131,76013,36684,39329,19004,9013,9991,
95045,76025,36593,39432,133039,64094,68945,152043,73208,78835,133035,63898,69137,76017,36685,39332,19005,9013,9992,
95050,76029,36595,39434,133046,64098,68948,152051,73215,78836,133042,63900,69142,76021,36687,39334,19006,9014,9992,
95055,76033,36596,39437,133053,64101,68952,152059,73220,78839,133049,63905,69144,76025,36689,39336,19007,9014,9993,
95060,76037,36597,39440,133060,64104,68956,152067,73224,78843,133056,63911,69145,76029,36691,39338,19008,9014,9994,
95065,76041,36599,39442,133067,64108,68959,152075,73225,78850,133063,63914,69149,76033,36694,39339,19009,9015,9994,
95070,76045,36601,39444,133074,64111,68963,152083,73228,78855,133070,63918,69152,76037,36696,39341,19010,9015,9995,
95075,76049,36603,39446,133081,64116,68965,152091,73231,78860,133077,63922,69155,76041,36699,39342,19011,9015,9996,
95080,76053,36604,39449,133088,64119,68969,152099,73235,78864,133084,63926,69158,76045,36703,39342,19012,9015,9997,
95085,76057,36606,39451,133095,64121,68974,152107,73239,78868,133091,63932,69159,76049,36705,39344,19013,9015,9998,
95090,76061,36608,39453,133102,64124,68978,152115,73242,78873,133098,63935,69163,76053,36708,39345,19014,9015,9999,
95095,76065,36610,39455,133109,64128,68981,152123,73245,78878,133105,63939,69166,76057,36710,39347,19015,9016,9999,
95100,76069,36613,39456,133116,64133,68983,152131,73247,78884,133112,63942,69170,76061,36713,39348,19016,9016,10000,
95105,76073,36615,39458,133123,64137,68986,152139,73249,78890,133119,63948,69171,76065,36715,39350,19017,9017,10000,
95110,76077,36616,39461,133130,64142,68988,152147,73254,78893,133126,63952,69174,76069,36717,39352,19018,9017,10001,
95115,76081,36617,39464,133137,64146,68991,152155,73257,78898,133133,63954,69179,76073,36718,39355,19019,9018,10001,
95120,76085,36618,39467,133144,64151,68993,152163,73261,78902,133140,63958,69182,76077,36719,39358,19020,9019,10001,
95125,76089,36619,39470,133151,64154,68997,152171,73264,78907,133147,63964,69183,76081,36720,39361,19021,9019,10002,
95130,76093,36621,39472,133158,64159,68999,152179,73264,78915,133154,63969,69185,76085,36722,39363,19022,9020,10002,
95135,76097,36622,39475,133165,64163,69002,152187,73269,78918,133161,63974,69187,76089,36725,39364,19023,9020,10003,
95140,76101,36623,39478,133172,64167,69005,152195,73274,78921,133168,63980,69188,76093,36726,39367,19024,9020,10004,
95145,76105,36623,39482,133179,64168,69011,152203,73279,78924,133175,63985,69190,76097,36726,39371,19025,9020,10005,
95150,76109,36624,39485,133186,64170,69016,152211,73284,78927,133182,63990,69192,76101,36729,39372,19026,9020,10006,
95155,76113,36627,39486,133193,64173,69020,152219,73288,78931,133189,63995,69194,76105,36730,39375,19027,9020,10007,
95160,76117,36629,39488,133200,64176,69024,152227,73293,78934,133196,63999,69197,76109,36732,39377,19028,9020,10008,
95165,76121,36631,39490,133207,64177,69030,152235,73296,78939,133203,64004,69199,76113,36734,39379,19029,9020,10009,
95170,76125,36634,39491,133214,64181,69033,152243,73300,78943,133210,64007,69203,76117,36736,39381,19030,9021,10009,
95175,76129,36636,39493,133221,64184,69037,152251,73305,78946,133217,64009,69208,76121,36739,39382,19031,9021,10010,
95180,76133,36638,39495,133228,64185,69043,152259,73310,78949,133224,64014,69210,76125,36741,39384,19032,9022,10010,
95185,76137,36639,39498,133235,64188,69047,152267,73314,78953,133231,64017,69214,76129,36743,39386,19033,9022,10011,
95190,76141,36639,39502,133242,64192,69050,152275,73320,78955,133238,64021,69217,76133,36744,39389,19034,9023,10011,
95195,76145,36640,39505,133249,64196,69053,152283,73324,78959,133245,64028,69217,76137,36748,39389,19035,9024,10011,
95200,76149,36642,39507,133256,64200,69056,152291,73328,78963,133252,64031,69221,76141,36751,39390,19036,9025,10011,
95205,76153,36643,39510,133263,64203,69060,152299,73331,78968,133259,64035,69224,76145,36752,39393,19037,9026,10011,
95210,76157,36644,39513,133270,64207,69063,152307,73337,78970,133266,64039,69227,76149,36756,39393,19038,9026,10012,
95215,76161,36647,39514,133277,64208,69069,152315,73342,78973,133273,64041,69232,76153,36759,39394,19039,9026,10013,
95220,76165,36648,39517,133284,64211,69073,152323,73345,78978,133280,64045,69235,76157,36760,39397,19040,9027,10013,
95225,76169,36650,39519,133291,64212,69079,152331,73346,78985,133287,64047,69240,76161,36762,39399,19041,9028,10013,
95230,76173,36651,39522,133298,64215,69083,152339,73348,78991,133294,64051,69243,76165,36765,39400,19042,9029,10013,
95235,76177,36653,39524,133305,64218,69087,152347,73353,78994,133301,64056,69245,76169,36765,39404,19043,9030,10013,
95240,76181,36655,39526,133312,64221,69091,152355,73358,78997,133308,64061,69247,76173,36765,39408,19044,9030,10014,
95245,76185,36657,39528,133319,64225,69094,152363,73362,79001,133315,64064,69251,76177,36768,39409,19045,9031,10014,
95250,76189,36660,39529,133326,64228,69098,152371,73366,79005,133322,64068,69254,76181,36771,39410,19046,9031,10015,
95255,76193,36663,39530,133333,64230,69103,152379,73371,79008,133329,64069,69260,76185,36774,39411,19047,9031,10016,
95260,76197,36667,39530,133340,64235,69105,152387,73373,79014,133336,64070,69266,76189,36776,39413,19048,9031,10017,
95265,76201,36668,39533,133347,64237,69110,152395,73377,79018,133343,64073,69270,76193,36776,39417,19049,9032,10017,
95270,76205,36669,39536,133354,64242,69112,152403,73381,79022,133350,64076,69274,76197,36776,39421,19050,9032,10018,
95275,76209,36670,39539,133361,64244,69117,152411,73385,79026,133357,64080,69277,76201,36777,39424,19051,9033,10018,
95280,76213,36672,39541,133368,64245,69123,152419,73388,79031,133364,64083,69281,76205,36780,39425,19052,9034,10018,
95285,76217,36674,39543,133375,64246,69129,152427,73393,79034,133371,64085,69286,76209,36783,39426,19053,9034,10019,
95290,76221,36675,39546,133382,64251,69131,152435,73395,79040,133378,64086,69292,76213,36784,39429,19054,9034,10020,
95295,76225,36676,39549,133389,64253,69136,152443,73399,79044,133385,64089,69296,76217,36787,39430,19055,9034,10021,
95300,76229,36677,39552,133396,64255,69141,152451,73404,79047,133392,64092,69300,76221,36788,39433,19056,9035,10021,
95305,76233,36680,39553,133403,64260,69143,152459,73409,79050,133399,64097,69302,76225,36789,39436,19057,9035,10022,
95310,76237,36682,39555,133410,64264,69146,152467,73413,79054,133406,64101,69305,76229,36792,39437,19058,9035,10023,
95315,76241,36685,39556,133417,64268,69149,152475,73417,79058,133413,64103,69310,76233,36793,39440,19059,9035,10024,
95320,76245,36687,39558,133424,64272,69152,152483,73420,79063,133420,64105,69315,76237,36795,39442,19060,9036,10024,
95325,76249,36688,39561,133431,64276,69155,152491,73421,79070,133427,64110,69317,76241,36798,39443,19061,9037,10024,
95330,76253,36691,39562,133438,64280,69158,152499,73422,79077,133434,64113,69321,76245,36799,39446,19062,9037,10025,
95335,76257,36694,39563,133445,64283,69162,152507,73427,79080,133441,64113,69328,76249,36801,39448,19063,9037,10026,
95340,76261,36697,39564,133452,64288,69164,152515,73430,79085,133448,64119,69329,76253,36805,39448,19064,9037,10027,
95345,76265,36701,39564,133459,64291,69168,152523,73436,79087,133455,64123,69332,76257,36808,39449,19065,9037,10028,
95350,76269,36703,39566,133466,64297,69169,152531,73439,79092,133462,64127,69335,76261,36809,39452,19066,9037,10029,
95355,76273,36706,39567,133473,64301,69172,152539,73441,79098,133469,64133,69336,76265,36810,39455,19067,9038,10029,
95360,76277,36707,39570,133480,64305,69175,152547,73444,79103,133476,64135,69341,76269,36811,39458,19068,9038,10030,
95365,76281,36708,39573,133487,64309,69178,152555,73447,79108,133483,64139,69344,76273,36813,39460,19069,9039,10030,
95370,76285,36710,39575,133494,64313,69181,152563,73452,79111,133490,64143,69347,76277,36813,39464,19070,9039,10031,
95375,76289,36710,39579,133501,64319,69182,152571,73455,79116,133497,64150,69347,76281,36815,39466,19071,9039,10032,
95380,76293,36710,39583,133508,64324,69184,152579,73460,79119,133504,64156,69348,76285,36819,39466,19072,9039,10033,
95385,76297,36713,39584,133515,64327,69188,152587,73464,79123,133511,64158,69353,76289,36821,39468,19073,9040,10033,
95390,76301,36713,39588,133522,64329,69193,152595,73468,79127,133518,64162,69356,76293,36823,39470,19074,9041,10033,
95395,76305,36716,39589,133529,64331,69198,152603,73473,79130,133525,64169,69356,76297,36825,39472,19075,9041,10034,
95400,76309,36718,39591,133536,64335,69201,152611,73479,79132,133532,64172,69360,76301,36828,39473,19076,9042,10034,
95405,76313,36720,39593,133543,64340,69203,152619,73482,79137,133539,64174,69365,76305,36831,39474,19077,9042,10035,
95410,76317,36722,39595,133550,64344,69206,152627,73486,79141,133546,64178,69368,76309,36832,39477,19078,9043,10035,
95415,76321,36725,39596,133557,64347,69210,152635,73489,79146,133553,64179,69374,76313,36834,39479,19079,9043,10036,
95420,76325,36729,39596,133564,64350,69214,152643,73494,79149,133560,64182,69378,76317,36836,39481,19080,9044,10036,
95425,76329,36733,39596,133571,64353,69218,152651,73497,79154,133567,64186,69381,76321,36837,39484,19081,9045,10036,
95430,76333,36735,39598,133578,64358,69220,152659,73501,79158,133574,64187,69387,76325,36840,39485,19082,9045,10037,
95435,76337,36737,39600,133585,64363,69222,152667,73504,79163,133581,64189,69392,76329,36843,39486,19083,9045,10038,
95440,76341,36738,39603,133592,64366,69226,152675,73509,79166,133588,64192,69396,76333,36845,39488,19084,9046,10038,
95445,76345,36739,39606,133599,64366,69233,152683,73511,79172,133595,64194,69401,76337,36846,39491,19085,9047,10038,
95450,76349,36741,39608,133606,64372,69234,152691,73515,79176,133602,64196,69406,76341,36849,39492,19086,9047,10039,
95455,76353,36742,39611,133613,64377,69236,152699,73519,79180,133609,64201,69408,76345,36850,39495,19087,9047,10040,
95460,76357,36745,39612,133620,64379,69241,152707,73523,79184,133616,64204,69412,76349,36851,39498,19088,9048,10040,
95465,76361,36747,39614,133627,64380,69247,152715,73527,79188,133623,64206,69417,76353,36851,39502,19089,9049,10040,
95470,76365,36748,39617,133634,64382,69252,152723,73532,79191,133630,64211,69419,76357,36853,39504,19090,9049,10041,
95475,76369,36751,39618,133641,64385,69256,152731,73534,79197,133637,64218,69419,76361,36855,39506,19091,9049,10042,
95480,76373,36754,39619,133648,64388,69260,152739,73539,79200,133644,64219,69425,76365,36858,39507,19092,9049,10043,
95485,76377,36756,39621,133655,64392,69263,152747,73543,79204,133651,64221,69430,76369,36859,39510,19093,9050,10043,
95490,76381,36758,39623,133662,64395,69267,152755,73546,79209,133658,64224,69434,76373,36862,39511,19094,9050,10044,
95495,76385,36760,39625,133669,64401,69268,152763,73552,79211,133665,64225,69440,76377,36865,39512,19095,9050,10045,
95500,76389,36762,39627,133676,64404,69272,152771,73554,79217,133672,64228,69444,76381,36868,39513,19096,9050,10046,
95505,76393,36763,39630,133683,64410,69273,152779,73558,79221,133679,64231,69448,76385,36871,39514,19097,9051,10046,
95510,76397,36766,39631,133690,64415,69275,152787,73561,79226,133686,64233,69453,76389,36873,39516,19098,9051,10047,
95515,76401,36767,39634,133697,64419,69278,152795,73563,79232,133693,64235,69458,76393,36875,39518,19099,9052,10047,
95520,76405,36767,39638,133704,64423,69281,152803,73567,79236,133700,64241,69459,76397,36878,39519,19100,9052,10048,
95525,76409,36770,39639,133711,64426,69285,152811,73569,79242,133707,64243,69464,76401,36881,39520,19101,9052,10049,
95530,76413,36772,39641,133718,64429,69289,152819,73572,79247,133714,64248,69466,76405,36885,39520,19102,9053,10049,
95535,76417,36773,39644,133725,64433,69292,152827,73577,79250,133721,64253,69468,76409,36888,39521,19103,9053,10050,
95540,76421,36776,39645,133732,64436,69296,152835,73583,79252,133728,64256,69472,76413,36891,39522,19104,9054,10050,
95545,76425,36779,39646,133739,64439,69300,152843,73585,79258,133735,64258,69477,76417,36894,39523,19105,9055,10050,
95550,76429,36782,39647,133746,64441,69305,152851,73588,79263,133742,64263,69479,76421,36896,39525,19106,9055,10051,
95555,76433,36784,39649,133753,64444,69309,152859,73592,79267,133749,64266,69483,76425,36897,39528,19107,9055,10052,
95560,76437,36784,39653,133760,64449,69311,152867,73599,79268,133756,64270,69486,76429,36900,39529,19108,9055,10053,
95565,76441,36787,39654,133767,64454,69313,152875,73604,79271,133763,64276,69487,76433,36902,39531,19109,9056,10053,
95570,76445,36788,39657,133774,64457,69317,152883,73607,79276,133770,64280,69490,76437,36905,39532,19110,9056,10054,
95575,76449,36790,39659,133781,64462,69319,152891,73608,79283,133777,64284,69493,76441,36905,39536,19111,9057,10054,
95580,76453,36793,39660,133788,64466,69322,152899,73612,79287,133784,64286,69498,76445,36906,39539,19112,9057,10055,
95585,76457,36795,39662,133795,64470,69325,152907,73617,79290,133791,64289,69502,76449,36909,39540,19113,9057,10056,
95590,76461,36795,39666,133802,64475,69327,152915,73619,79296,133798,64293,69505,76453,36911,39542,19114,9058,10056,
95595,76465,36799,39666,133809,64478,69331,152923,73622,79301,133805,64298,69507,76457,36913,39544,19115,9058,10057,
95600,76469,36799,39670,133816,64485,69331,152931,73629,79302,133812,64302,69510,76461,36915,39546,19116,9059,10057,
95605,76473,36800,39673,133823,64487,69336,152939,73631,79308,133819,64306,69513,76465,36916,39549,19117,9059,10058,
95610,76477,36803,39674,133830,64489,69341,152947,73634,79313,133826,64309,69517,76469,36917,39552,19118,9060,10058,
95615,76481,36806,39675,133837,64492,69345,152955,73635,79320,133833,64313,69520,76473,36920,39553,19119,9060,10059,
95620,76485,36808,39677,133844,64495,69349,152963,73640,79323,133840,64317,69523,76477,36922,39555,19120,9060,10060,
95625,76489,36811,39678,133851,64500,69351,152971,73645,79326,133847,64320,69527,76481,36924,39557,19121,9061,10060,
95630,76493,36815,39678,133858,64504,69354,152979,73648,79331,133854,64323,69531,76485,36926,39559,19122,9061,10061,
95635,76497,36818,39679,133865,64508,69357,152987,73651,79336,133861,64325,69536,76489,36926,39563,19123,9061,10062,
95640,76501,36820,39681,133872,64510,69362,152995,73656,79339,133868,64328,69540,76493,36927,39566,19124,9062,10062,
95645,76505,36823,39682,133879,64513,69366,153003,73662,79341,133875,64331,69544,76497,36929,39568,19125,9063,10062,
95650,76509,36827,39682,133886,64516,69370,153011,73666,79345,133882,64336,69546,76501,36932,39569,19126,9063,10063,
95655,76513,36827,39686,133893,64521,69372,153019,73671,79348,133889,64342,69547,76505,36933,39572,19127,9063,10064,
95660,76517,36828,39689,133900,64522,69378,153027,73674,79353,133896,64344,69552,76509,36935,39574,19128,9064,10064,
95665,76521,36832,39689,133907,64523,69384,153035,73677,79358,133903,64345,69558,76513,36938,39575,19129,9064,10065,
95670,76525,36832,39693,133914,64527,69387,153043,73681,79362,133910,64346,69564,76517,36940,39577,19130,9065,10065,
95675,76529,36835,39694,133921,64530,69391,153051,73682,79369,133917,64348,69569,76521,36943,39578,19131,9065,10066,
95680,76533,36837,39696,133928,64532,69396,153059,73685,79374,133924,64351,69573,76525,36945,39580,19132,9065,10067,
95685,76537,36839,39698,133935,64535,69400,153067,73688,79379,133931,64354,69577,76529,36946,39583,19133,9066,10067,
95690,76541,36843,39698,133942,64537,69405,153075,73692,79383,133938,64358,69580,76533,36949,39584,19134,9066,10068,
95695,76545,36843,39702,133949,64543,69406,153083,73696,79387,133945,64361,69584,76537,36950,39587,19135,9066,10069,
95700,76549,36846,39703,133956,64546,69410,153091,73699,79392,133952,64364,69588,76541,36952,39589,19136,9066,10070,
95705,76553,36847,39706,133963,64549,69414,153099,73702,79397,133959,64365,69594,76545,36953,39592,19137,9066,10071,
95710,76557,36848,39709,133970,64553,69417,153107,73705,79402,133966,64368,69598,76549,36956,39593,19138,9067,10071,
95715,76561,36850,39711,133977,64556,69421,153115,73707,79408,133973,64370,69603,76553,36957,39596,19139,9068,10071,
95720,76565,36851,39714,133984,64560,69424,153123,73707,79416,133980,64375,69605,76557,36959,39598,19140,9069,10071,
95725,76569,36853,39716,133991,64563,69428,153131,73711,79420,133987,64376,69611,76561,36962,39599,19141,9070,10071,
95730,76573,36856,39717,133998,64565,69433,153139,73717,79422,133994,64379,69615,76565,36963,39602,19142,9071,10071,
95735,76577,36859,39718,134005,64567,69438,153147,73720,79427,134001,64384,69617,76569,36965,39604,19143,9071,10072,
95740,76581,36861,39720,134012,64570,69442,153155,73723,79432,134008,64385,69623,76573,36966,39607,19144,9071,10073,
95745,76585,36862,39723,134019,64576,69443,153163,73728,79435,134015,64388,69627,76577,36968,39609,19145,9072,10073,
95750,76589,36865,39724,134026,64580,69446,153171,73730,79441,134022,64389,69633,76581,36969,39612,19146,9072,10074,
95755,76593,36866,39727,134033,64584,69449,153179,73732,79447,134029,64393,69636,76585,36970,39615,19147,9072,10075,
95760,76597,36868,39729,134040,64586,69454,153187,73737,79450,134036,64399,69637,76589,36973,39616,19148,9072,10076,
95765,76601,36870,39731,134047,64588,69459,153195,73740,79455,134043,64404,69639,76593,36976,39617,19149,9072,10077,
95770,76605,36872,39733,134054,64589,69465,153203,73741,79462,134050,64408,69642,76597,36979,39618,19150,9073,10077,
95775,76609,36873,39736,134061,64593,69468,153211,73745,79466,134057,64411,69646,76601,36982,39619,19151,9073,10078,
95780,76613,36874,39739,134068,64597,69471,153219,73750,79469,134064,64417,69647,76605,36985,39620,19152,9073,10079,
95785,76617,36877,39740,134075,64598,69477,153227,73753,79474,134071,64419,69652,76609,36989,39620,19153,9073,10080,
95790,76621,36879,39742,134082,64601,69481,153235,73757,79478,134078,64423,69655,76613,36991,39622,19154,9073,10081,
95795,76625,36881,39744,134089,64604,69485,153243,73760,79483,134085,64424,69661,76617,36992,39625,19155,9073,10082,
95800,76629,36883,39746,134096,64610,69486,153251,73765,79486,134092,64427,69665,76621,36994,39627,19156,9073,10083,
95805,76633,36885,39748,134103,64614,69489,153259,73770,79489,134099,64432,69667,76625,36996,39629,19157,9074,10083,
95810,76637,36887,39750,134110,64617,69493,153267,73776,79491,134106,64436,69670,76629,36998,39631,19158,9075,10083,
95815,76641,36889,39752,134117,64620,69497,153275,73779,79496,134113,64441,69672,76633,36998,39635,19159,9076,10083,
95820,76645,36893,39752,134124,64623,69501,153283,73784,79499,134120,64444,69676,76637,37000,39637,19160,9076,10084,
95825,76649,36896,39753,134131,64628,69503,153291,73787,79504,134127,64447,69680,76641,37001,39640,19161,9077,10084,
95830,76653,36897,39756,134138,64630,69508,153299,73791,79508,134134,64451,69683,76645,37001,39644,19162,9078,10084,
95835,76657,36900,39757,134145,64632,69513,153307,73794,79513,134141,64454,69687,76649,37002,39647,19163,9078,10085,
95840,76661,36901,39760,134152,64634,69518,153315,73797,79518,134148,64458,69690,76653,37004,39649,19164,9078,10086,
95845,76665,36904,39761,134159,64639,69520,153323,73801,79522,134155,64461,69694,76657,37005,39652,19165,9078,10087,
95850,76669,36907,39762,134166,64643,69523,153331,73807,79524,134162,64465,69697,76661,37006,39655,19166,9079,10087,
95855,76673,36909,39764,134173,64647,69526,153339,73809,79530,134169,64468,69701,76665,37006,39659,19167,9079,10088,
95860,76677,36911,39766,134180,64650,69530,153347,73811,79536,134176,64471,69705,76669,37008,39661,19168,9080,10088,
95865,76681,36913,39768,134187,64652,69535,153355,73813,79542,134183,64472,69711,76673,37010,39663,19169,9081,10088,
95870,76685,36915,39770,134194,64655,69539,153363,73816,79547,134190,64477,69713,76677,37014,39663,19170,9082,10088,
95875,76689,36918,39771,134201,64657,69544,153371,73819,79552,134197,64478,69719,76681,37016,39665,19171,9083,10088,
95880,76693,36920,39773,134208,64662,69546,153379,73822,79557,134204,64481,69723,76685,37018,39667,19172,9083,10089,
95885,76697,36922,39775,134215,64665,69550,153387,73827,79560,134211,64485,69726,76689,37020,39669,19173,9083,10090,
95890,76701,36923,39778,134222,64667,69555,153395,73830,79565,134218,64491,69727,76693,37022,39671,19174,9083,10091,
95895,76705,36926,39779,134229,64673,69556,153403,73831,79572,134225,64497,69728,76697,37024,39673,19175,9084,10091,
95900,76709,36927,39782,134236,64675,69561,153411,73836,79575,134232,64500,69732,76701,37027,39674,19176,9084,10092,
95905,76713,36930,39783,134243,64678,69565,153419,73839,79580,134239,64504,69735,76705,37027,39678,19177,9084,10093,
95910,76717,36933,39784,134250,64680,69570,153427,73843,79584,134246,64508,69738,76709,37029,39680,19178,9085,10093,
95915,76721,36935,39786,134257,64683,69574,153435,73844,79591,134253,64512,69741,76713,37031,39682,19179,9086,10093,
95920,76725,36937,39788,134264,64686,69578,153443,73850,79593,134260,64515,69745,76717,37033,39684,19180,9087,10093,
95925,76729,36940,39789,134271,64690,69581,153451,73855,79596,134267,64517,69750,76721,37036,39685,19181,9087,10094,
95930,76733,36940,39793,134278,64693,69585,153459,73858,79601,134274,64521,69753,76725,37037,39688,19182,9088,10094,
95935,76737,36943,39794,134285,64698,69587,153467,73860,79607,134281,64521,69760,76729,37040,39689,19183,9089,10094,
95940,76741,36946,39795,134292,64701,69591,153475,73863,79612,134288,64523,69765,76733,37042,39691,19184,9090,10094,
95945,76745,36948,39797,134299,64706,69593,153483,73866,79617,134295,64528,69767,76737,37045,39692,19185,9091,10094,
95950,76749,36951,39798,134306,64710,69596,153491,73867,79624,134302,64532,69770,76741,37045,39696,19186,9092,10094,
95955,76753,36953,39800,134313,64715,69598,153499,73872,79627,134309,64534,69775,76745,37047,39698,19187,9092,10095,
95960,76757,36954,39803,134320,64717,69603,153507,73876,79631,134316,64537,69779,76749,37048,39701,19188,9092,10096,
95965,76761,36956,39805,134327,64721,69606,153515,73880,79635,134323,64542,69781,76753,37052,39701,19189,9093,10096,
95970,76765,36958,39807,134334,64724,69610,153523,73885,79638,134330,64544,69786,76757,37055,39702,19190,9093,10097,
95975,76769,36959,39810,134341,64726,69615,153531,73891,79640,134337,64548,69789,76761,37057,39704,19191,9094,10097,
95980,76773,36960,39813,134348,64731,69617,153539,73895,79644,134344,64551,69793,76765,37060,39705,19192,9095,10097,
95985,76777,36962,39815,134355,64735,69620,153547,73900,79647,134351,64554,69797,76769,37062,39707,19193,9096,10097,
95990,76781,36963,39818,134362,64737,69625,153555,73908,79647,134358,64556,69802,76773,37064,39709,19194,9096,10098,
95995,76785,36966,39819,134369,64739,69630,153563,73911,79652,134365,64560,69805,76777,37067,39710,19195,9097,10098,
96000,76789,36966,39823,134376,64740,69636,153571,73916,79655,134372,64562,69810,76781,37069,39712,19196,9097,10099,
96005,76793,36968,39825,134383,64742,69641,153579,73919,79660,134379,64567,69812,76785,37069,39716,19197,9098,10099,
96010,76797,36968,39829,134390,64745,69645,153587,73923,79664,134386,64569,69817,76789,37070,39719,19198,9099,10099,
96015,76801,36971,39830,134397,64747,69650,153595,73928,79667,134393,64573,69820,76793,37070,39723,19199,9100,10099,
96020,76805,36973,39832,134404,64748,69656,153603,73934,79669,134400,64576,69824,76797,37074,39723,19200,9100,10100,
96025,76809,36975,39834,134411,64752,69659,153611,73938,79673,134407,64579,69828,76801,37077,39724,19201,9100,10101,
96030,76813,36978,39835,134418,64754,69664,153619,73941,79678,134414,64583,69831,76805,37080,39725,19202,9101,10101,
96035,76817,36980,39837,134425,64758,69667,153627,73943,79684,134421,64586,69835,76809,37082,39727,19203,9102,10101,
96040,76821,36983,39838,134432,64760,69672,153635,73950,79685,134428,64590,69838,76813,37085,39728,19204,9103,10101,
96045,76825,36985,39840,134439,64762,69677,153643,73954,79689,134435,64594,69841,76817,37085,39732,19205,9103,10102,
96050,76829,36987,39842,134446,64763,69683,153651,73958,79693,134442,64601,69841,76821,37087,39734,19206,9104,10102,
96055,76833,36990,39843,134453,64767,69686,153659,73962,79697,134449,64604,69845,76825,37090,39735,19207,9105,10102,
96060,76837,36991,39846,134460,64770,69690,153667,73966,79701,134456,64609,69847,76829,37092,39737,19208,9105,10103,
96065,76841,36992,39849,134467,64774,69693,153675,73970,79705,134463,64610,69853,76833,37095,39738,19209,9105,10104,
96070,76845,36993,39852,134474,64778,69696,153683,73972,79711,134470,64614,69856,76837,37096,39741,19210,9105,10105,
96075,76849,36994,39855,134481,64780,69701,153691,73978,79713,134477,64617,69860,76841,37097,39744,19211,9106,10105,
96080,76853,36997,39856,134488,64782,69706,153699,73981,79718,134484,64620,69864,76845,37098,39747,19212,9107,10105,
96085,76857,37000,39857,134495,64786,69709,153707,73985,79722,134491,64623,69868,76849,37100,39749,19213,9107,10106,
96090,76861,37002,39859,134502,64788,69714,153715,73989,79726,134498,64625,69873,76853,37101,39752,19214,9108,10106,
96095,76865,37002,39863,134509,64791,69718,153723,73995,79728,134505,64630,69875,76857,37102,39755,19215,9108,10107,
96100,76869,37005,39864,134516,64796,69720,153731,73998,79733,134512,64633,69879,76861,37104,39757,19216,9109,10107,
96105,76873,37006,39867,134523,64798,69725,153739,74001,79738,134519,64637,69882,76865,37105,39760,19217,9109,10108,
96110,76877,37007,39870,134530,64804,69726,153747,74007,79740,134526,64642,69884,76869,37106,39763,19218,9110,10108,
96115,76881,37011,39870,134537,64810,69727,153755,74010,79745,134533,64646,69887,76873,37107,39766,19219,9111,10108,
96120,76885,37014,39871,134544,64815,69729,153763,74013,79750,134540,64650,69890,76877,37109,39768,19220,9111,10109,
96125,76889,37018,39871,134551,64819,69732,153771,74015,79756,134547,64652,69895,76881,37109,39772,19221,9112,10109,
96130,76893,37020,39873,134558,64822,69736,153779,74017,79762,134554,64655,69899,76885,37111,39774,19222,9113,10109,
96135,76897,37023,39874,134565,64824,69741,153787,74019,79768,134561,64656,69905,76889,37112,39777,19223,9114,10109,
96140,76901,37026,39875,134572,64828,69744,153795,74024,79771,134568,64662,69906,76893,37114,39779,19224,9114,10110,
96145,76905,37027,39878,134579,64831,69748,153803,74030,79773,134575,64665,69910,76897,37115,39782,19225,9115,10110,
96150,76909,37029,39880,134586,64833,69753,153811,74035,79776,134582,64667,69915,76901,37119,39782,19226,9115,10111,
96155,76913,37032,39881,134593,64834,69759,153819,74040,79779,134589,64670,69919,76905,37122,39783,19227,9115,10112,
96160,76917,37036,39881,134600,64839,69761,153827,74043,79784,134596,64671,69925,76909,37125,39784,19228,9116,10112,
96165,76921,37038,39883,134607,64842,69765,153835,74047,79788,134603,64672,69931,76913,37126,39787,19229,9116,10113,
96170,76925,37040,39885,134614,64845,69769,153843,74051,79792,134610,64675,69935,76917,37129,39788,19230,9117,10113,
96175,76929,37044,39885,134621,64849,69772,153851,74056,79795,134617,64680,69937,76921,37130,39791,19231,9117,10114,
96180,76933,37045,39888,134628,64850,69778,153859,74062,79797,134624,64685,69939,76925,37134,39791,19232,9117,10115,
96185,76937,37047,39890,134635,64856,69779,153867,74065,79802,134631,64688,69943,76929,37136,39793,19233,9117,10116,
96190,76941,37051,39890,134642,64860,69782,153875,74069,79806,134638,64694,69944,76933,37138,39795,19234,9117,10117,
96195,76945,37052,39893,134649,64864,69785,153883,74073,79810,134645,64696,69949,76937,37141,39796,19235,9118,10117,
96200,76949,37055,39894,134656,64867,69789,153891,74075,79816,134652,64703,69949,76941,37142,39799,19236,9118,10118,
96205,76953,37058,39895,134663,64869,69794,153899,74077,79822,134659,64707,69952,76945,37144,39801,19237,9119,10118,
96210,76957,37061,39896,134670,64873,69797,153907,74079,79828,134666,64711,69955,76949,37145,39804,19238,9119,10119,
96215,76961,37063,39898,134677,64876,69801,153915,74086,79829,134673,64715,69958,76953,37148,39805,19239,9120,10119,
96220,76965,37065,39900,134684,64880,69804,153923,74090,79833,134680,64719,69961,76957,37150,39807,19240,9120,10120,
96225,76969,37068,39901,134691,64883,69808,153931,74094,79837,134687,64723,69964,76961,37152,39809,19241,9120,10121,
96230,76973,37070,39903,134698,64889,69809,153939,74098,79841,134694,64725,69969,76965,37155,39810,19242,9121,10121,
96235,76977,37074,39903,134705,64893,69812,153947,74099,79848,134701,64729,69972,76969,37156,39813,19243,9121,10122,
96240,76981,37076,39905,134712,64898,69814,153955,74100,79855,134708,64732,69976,76973,37157,39816,19244,9122,10122,
96245,76985,37078,39907,134719,64903,69816,153963,74103,79860,134715,64739,69976,76977,37161,39816,19245,9122,10123,
96250,76989,37078,39911,134726,64906,69820,153971,74108,79863,134722,64742,69980,76981,37165,39816,19246,9122,10124,
96255,76993,37081,39912,134733,64910,69823,153979,74110,79869,134729,64745,69984,76985,37168,39817,19247,9123,10124,
96260,76997,37083,39914,134740,64914,69826,153987,74113,79874,134736,64749,69987,76989,37168,39821,19248,9124,10124,
96265,77001,37086,39915,134747,64918,69829,153995,74115,79880,134743,64754,69989,76993,37171,39822,19249,9124,10125,
96270,77005,37088,39917,134754,64921,69833,154003,74120,79883,134750,64755,69995,76997,37172,39825,19250,9125,10125,
96275,77009,37089,39920,134761,64925,69836,154011,74123,79888,134757,64757,70000,77001,37174,39827,19251,9125,10126,
96280,77013,37092,39921,134768,64929,69839,154019,74128,79891,134764,64762,70002,77005,37176,39829,19252,9125,10127,
96285,77017,37094,39923,134775,64933,69842,154027,74128,79899,134771,64764,70007,77009,37179,39830,19253,9125,10128,
96290,77021,37097,39924,134782,64938,69844,154035,74130,79905,134778,64769,70009,77013,37182,39831,19254,9125,10129,
96295,77025,37099,39926,134789,64940,69849,154043,74131,79912,134785,64772,70013,77017,37185,39832,19255,9125,10130,
96300,77029,37100,39929,134796,64944,69852,154051,74135,79916,134792,64778,70014,77021,37185,39836,19256,9126,10130,
96305,77033,37101,39932,134803,64946,69857,154059,74140,79919,134799,64782,70017,77025,37186,39839,19257,9127,10130,
96310,77037,37102,39935,134810,64950,69860,154067,74145,79922,134806,64787,70019,77029,37189,39840,19258,9127,10131,
96315,77041,37104,39937,134817,64954,69863,154075,74148,79927,134813,64788,70025,77033,37193,39840,19259,9128,10131,
96320,77045,37107,39938,134824,64958,69866,154083,74152,79931,134820,64792,70028,77037,37193,39844,19260,9129,10131,
96325,77049,37109,39940,134831,64962,69869,154091,74157,79934,134827,64796,70031,77041,37196,39845,19261,9130,10131,
96330,77053,37112,39941,134838,64965,69873,154099,74161,79938,134834,64799,70035,77045,37197,39848,19262,9130,10132,
96335,77057,37116,39941,134845,64971,69874,154107,74163,79944,134841,64801,70040,77049,37199,39850,19263,9130,10133,
96340,77061,37119,39942,134852,64977,69875,154115,74165,79950,134848,64803,70045,77053,37199,39854,19264,9130,10134,
96345,77065,37122,39943,134859,64983,69876,154123,74170,79953,134855,64809,70046,77057,37200,39857,19265,9130,10135,
96350,77069,37125,39944,134866,64986,69880,154131,74174,79957,134862,64812,70050,77061,37202,39859,19266,9130,10136,
96355,77073,37127,39946,134873,64990,69883,154139,74176,79963,134869,64816,70053,77065,37204,39861,19267,9130,10137,
96360,77077,37130,39947,134880,64993,69887,154147,74180,79967,134876,64819,70057,77069,37205,39864,19268,9131,10137,
96365,77081,37132,39949,134887,64994,69893,154155,74185,79970,134883,64820,70063,77073,37209,39864,19269,9132,10137,
96370,77085,37134,39951,134894,64997,69897,154163,74188,79975,134890,64823,70067,77077,37212,39865,19270,9132,10138,
96375,77089,37135,39954,134901,64999,69902,154171,74190,79981,134897,64827,70070,77081,37214,39867,19271,9133,10138,
96380,77093,37136,39957,134908,65003,69905,154179,74191,79988,134904,64830,70074,77085,37218,39867,19272,9134,10138,
96385,77097,37138,39959,134915,65007,69908,154187,74194,79993,134911,64832,70079,77089,37221,39868,19273,9134,10139,
96390,77101,37141,39960,134922,65010,69912,154195,74195,80000,134918,64833,70085,77093,37224,39869,19274,9135,10139,
96395,77105,37143,39962,134929,65012,69917,154203,74200,80003,134925,64834,70091,77097,37226,39871,19275,9135,10140,
96400,77109,37144,39965,134936,65016,69920,154211,74203,80008,134932,64837,70095,77101,37227,39874,19276,9136,10140,
96405,77113,37145,39968,134943,65019,69924,154219,74208,80011,134939,64840,70099,77105,37228,39877,19277,9137,10140,
96410,77117,37148,39969,134950,65022,69928,154227,74210,80017,134946,64844,70102,77109,37231,39878,19278,9137,10141,
96415,77121,37150,39971,134957,65024,69933,154235,74215,80020,134953,64847,70106,77113,37233,39880,19279,9137,10142,
96420,77125,37153,39972,134964,65028,69936,154243,74218,80025,134960,64849,70111,77117,37234,39883,19280,9137,10143,
96425,77129,37154,39975,134971,65032,69939,154251,74221,80030,134967,64853,70114,77121,37236,39885,19281,9138,10143,
96430,77133,37157,39976,134978,65035,69943,154259,74225,80034,134974,64857,70117,77125,37237,39888,19282,9138,10144,
96435,77137,37159,39978,134985,65037,69948,154267,74229,80038,134981,64863,70118,77129,37239,39890,19283,9139,10144,
96440,77141,37159,39982,134992,65038,69954,154275,74235,80040,134988,64869,70119,77133,37240,39893,19284,9140,10144,
96445,77145,37162,39983,134999,65043,69956,154283,74239,80044,134995,64874,70121,77137,37242,39895,19285,9140,10145,
96450,77149,37163,39986,135006,65046,69960,154291,74242,80049,135002,64877,70125,77141,37244,39897,19286,9141,10145,
96455,77153,37163,39990,135013,65049,69964,154299,74242,80057,135009,64881,70128,77145,37246,39899,19287,9141,10146,
96460,77157,37165,39992,135020,65049,69971,154307,74245,80062,135016,64884,70132,77149,37249,39900,19288,9142,10146,
96465,77161,37167,39994,135027,65052,69975,154315,74248,80067,135023,64887,70136,77153,37252,39901,19289,9142,10147,
96470,77165,37168,39997,135034,65055,69979,154323,74251,80072,135030,64891,70139,77157,37252,39905,19290,9142,10148,
96475,77169,37169,40000,135041,65059,69982,154331,74256,80075,135037,64895,70142,77161,37253,39908,19291,9142,10149,
96480,77173,37170,40003,135048,65063,69985,154339,74261,80078,135044,64897,70147,77165,37256,39909,19292,9143,10149,
96485,77177,37173,40004,135055,65068,69987,154347,74265,80082,135051,64899,70152,77169,37257,39912,19293,9143,10150,
96490,77181,37175,40006,135062,65073,69989,154355,74270,80085,135058,64901,70157,77173,37258,39915,19294,9143,10151,
96495,77185,37179,40006,135069,65078,69991,154363,74275,80088,135065,64904,70161,77177,37261,39916,19295,9144,10151,
96500,77189,37179,40010,135076,65082,69994,154371,74278,80093,135072,64906,70166,77181,37263,39918,19296,9144,10152,
96505,77193,37181,40012,135083,65087,69996,154379,74282,80097,135079,64909,70170,77185,37265,39920,19297,9144,10153,
96510,77197,37184,40013,135090,65091,69999,154387,74285,80102,135086,64913,70173,77189,37267,39922,19298,9144,10154,
96515,77201,37187,40014,135097,65094,70003,154395,74288,80107,135093,64916,70177,77193,37267,39926,19299,9145,10154,
96520,77205,37188,40017,135104,65096,70008,154403,74293,80110,135100,64921,70179,77197,37269,39928,19300,9146,10154,
96525,77209,37189,40020,135111,65096,70015,154411,74298,80113,135107,64925,70182,77201,37272,39929,19301,9146,10155,
96530,77213,37191,40022,135118,65098,70020,154419,74300,80119,135114,64929,70185,77205,37274,39931,19302,9147,10155,
96535,77217,37193,40024,135125,65101,70024,154427,74305,80122,135121,64932,70189,77209,37277,39932,19303,9147,10156,
96540,77221,37194,40027,135132,65104,70028,154435,74310,80125,135128,64934,70194,77213,37279,39934,19304,9148,10156,
96545,77225,37197,40028,135139,65109,70030,154443,74312,80131,135135,64938,70197,77217,37283,39934,19305,9148,10157,
96550,77229,37200,40029,135146,65114,70032,154451,74319,80132,135142,64941,70201,77221,37284,39937,19306,9149,10157,
96555,77233,37202,40031,135153,65118,70035,154459,74322,80137,135149,64946,70203,77225,37285,39940,19307,9149,10158,
96560,77237,37204,40033,135160,65121,70039,154467,74325,80142,135156,64948,70208,77229,37289,39940,19308,9149,10159,
96565,77241,37208,40033,135167,65125,70042,154475,74327,80148,135163,64951,70212,77233,37291,39942,19309,9149,10160,
96570,77245,37211,40034,135174,65129,70045,154483,74330,80153,135170,64953,70217,77237,37294,39943,19310,9150,10160,
96575,77249,37213,40036,135181,65132,70049,154491,74334,80157,135177,64957,70220,77241,37296,39945,19311,9151,10160,
96580,77253,37216,40037,135188,65138,70050,154499,74337,80162,135184,64959,70225,77245,37298,39947,19312,9152,10160,
96585,77257,37217,40040,135195,65141,70054,154507,74341,80166,135191,64962,70229,77249,37301,39948,19313,9152,10161,
96590,77261,37219,40042,135202,65142,70060,154515,74345,80170,135198,64966,70232,77253,37303,39950,19314,9152,10162,
96595,77265,37222,40043,135209,65146,70063,154523,74348,80175,135205,64970,70235,77257,37305,39952,19315,9152,10163,
96600,77269,37225,40044,135216,65151,70065,154531,74351,80180,135212,64971,70241,77261,37307,39954,19316,9152,10164,
96605,77273,37228,40045,135223,65156,70067,154539,74354,80185,135219,64975,70244,77265,37311,39954,19317,9152,10165,
96610,77277,37231,40046,135230,65162,70068,154547,74359,80188,135226,64978,70248,77269,37313,39956,19318,9152,10166,
96615,77281,37233,40048,135237,65166,70071,154555,74364,80191,135233,64979,70254,77273,37316,39957,19319,9152,10167,
96620,77285,37236,40049,135244,65171,70073,154563,74368,80195,135240,64983,70257,77277,37319,39958,19320,9153,10167,
96625,77289,37237,40052,135251,65175,70076,154571,74371,80200,135247,64987,70260,77281,37320,39961,19321,9153,10168,
96630,77293,37240,40053,135258,65177,70081,154579,74374,80205,135254,64992,70262,77285,37322,39963,19322,9153,10169,
96635,77297,37241,40056,135265,65181,70084,154587,74379,80208,135261,64996,70265,77289,37322,39967,19323,9153,10170,
96640,77301,37242,40059,135272,65184,70088,154595,74383,80212,135268,64998,70270,77293,37322,39971,19324,9154,10170,
96645,77305,37244,40061,135279,65189,70090,154603,74387,80216,135275,65002,70273,77297,37325,39972,19325,9154,10171,
96650,77309,37246,40063,135286,65191,70095,154611,74392,80219,135282,65003,70279,77301,37327,39974,19326,9154,10172,
96655,77313,37249,40064,135293,65195,70098,154619,74395,80224,135289,65007,70282,77305,37328,39977,19327,9155,10172,
96660,77317,37250,40067,135300,65197,70103,154627,74401,80226,135296,65010,70286,77309,37329,39980,19328,9155,10173,
96665,77321,37252,40069,135307,65200,70107,154635,74405,80230,135303,65011,70292,77313,37333,39980,19329,9155,10174,
96670,77325,37254,40071,135314,65203,70111,154643,74409,80234,135310,65015,70295,77317,37334,39983,19330,9155,10175,
96675,77329,37255,40074,135321,65207,70114,154651,74414,80237,135317,65018,70299,77321,37337,39984,19331,9155,10176,
96680,77333,37256,40077,135328,65209,70119,154659,74419,80240,135324,65020,70304,77325,37339,39986,19332,9155,10177,
96685,77337,37258,40079,135335,65214,70121,154667,74423,80244,135331,65023,70308,77329,37341,39988,19333,9155,10178,
96690,77341,37261,40080,135342,65218,70124,154675,74426,80249,135338,65028,70310,77333,37342,39991,19334,9156,10178,
96695,77345,37262,40083,135349,65223,70126,154683,74428,80255,135345,65029,70316,77337,37345,39992,19335,9156,10179,
96700,77349,37262,40087,135356,65225,70131,154691,74433,80258,135352,65032,70320,77341,37346,39995,19336,9157,10179,
96705,77353,37265,40088,135363,65228,70135,154699,74439,80260,135359,65035,70324,77345,37349,39996,19337,9157,10180,
96710,77357,37268,40089,135370,65233,70137,154707,74441,80266,135366,65039,70327,77349,37352,39997,19338,9157,10181,
96715,77361,37270,40091,135377,65235,70142,154715,74445,80270,135373,65040,70333,77353,37354,39999,19339,9158,10181,
96720,77365,37272,40093,135384,65239,70145,154723,74446,80277,135380,65046,70334,77357,37356,40001,19340,9159,10181,
96725,77369,37274,40095,135391,65242,70149,154731,74448,80283,135387,65049,70338,77361,37356,40005,19341,9159,10182,
96730,77373,37276,40097,135398,65245,70153,154739,74452,80287,135394,65053,70341,77365,37357,40008,19342,9159,10183,
96735,77377,37278,40099,135405,65246,70159,154747,74456,80291,135401,65058,70343,77369,37358,40011,19343,9159,10184,
96740,77381,37280,40101,135412,65249,70163,154755,74458,80297,135408,65060,70348,77373,37360,40013,19344,9159,10185,
96745,77385,37281,40104,135419,65253,70166,154763,74461,80302,135415,65065,70350,77377,37362,40015,19345,9160,10185,
96750,77389,37284,40105,135426,65255,70171,154771,74466,80305,135422,65069,70353,77381,37362,40019,19346,9160,10186,
96755,77393,37288,40105,135433,65260,70173,154779,74469,80310,135429,65073,70356,77385,37363,40022,19347,9161,10186,
96760,77397,37291,40106,135440,65265,70175,154787,74471,80316,135436,65075,70361,77389,37364,40025,19348,9161,10187,
96765,77401,37292,40109,135447,65268,70179,154795,74475,80320,135443,65078,70365,77393,37367,40026,19349,9161,10188,
96770,77405,37294,40111,135454,65271,70183,154803,74482,80321,135450,65082,70368,77397,37369,40028,19350,9161,10189,
96775,77409,37297,40112,135461,65276,70185,154811,74485,80326,135457,65084,70373,77401,37371,40030,19351,9162,10189,
96780,77413,37299,40114,135468,65281,70187,154819,74488,80331,135464,65086,70378,77405,37374,40031,19352,9163,10189,
96785,77417,37302,40115,135475,65285,70190,154827,74490,80337,135471,65087,70384,77409,37376,40033,19353,9163,10190,
96790,77421,37303,40118,135482,65289,70193,154835,74495,80340,135478,65088,70390,77413,37378,40035,19354,9164,10190,
96795,77425,37307,40118,135489,65292,70197,154843,74500,80343,135485,65093,70392,77417,37381,40036,19355,9164,10191,
96800,77429,37308,40121,135496,65295,70201,154851,74503,80348,135492,65097,70395,77421,37384,40037,19356,9164,10192,
96805,77433,37312,40121,135503,65297,70206,154859,74508,80351,135499,65103,70396,77425,37386,40039,19357,9164,10193,
96810,77437,37315,40122,135510,65301,70209,154867,74511,80356,135506,65106,70400,77429,37388,40041,19358,9164,10194,
96815,77441,37316,40125,135517,65304,70213,154875,74517,80358,135513,65109,70404,77433,37389,40044,19359,9165,10194,
96820,77445,37316,40129,135524,65307,70217,154883,74519,80364,135520,65112,70408,77437,37392,40045,19360,9166,10194,
96825,77449,37318,40131,135531,65312,70219,154891,74522,80369,135527,65115,70412,77441,37394,40047,19361,9167,10194,
96830,77453,37321,40132,135538,65313,70225,154899,74525,80374,135534,65118,70416,77445,37395,40050,19362,9167,10195,
96835,77457,37323,40134,135545,65316,70229,154907,74528,80379,135541,65122,70419,77449,37396,40053,19363,9167,10196,
96840,77461,37325,40136,135552,65317,70235,154915,74530,80385,135548,65124,70424,77453,37398,40055,19364,9168,10196,
96845,77465,37328,40137,135559,65319,70240,154923,74535,80388,135555,65126,70429,77457,37399,40058,19365,9168,10197,
96850,77469,37329,40140,135566,65322,70244,154931,74539,80392,135562,65129,70433,77461,37401,40060,19366,9169,10197,
96855,77473,37333,40140,135573,65327,70246,154939,74543,80396,135569,65132,70437,77465,37403,40062,19367,9170,10197,
96860,77477,37336,40141,135580,65329,70251,154947,74546,80401,135576,65136,70440,77469,37404,40065,19368,9170,10198,
96865,77481,37338,40143,135587,65332,70255,154955,74548,80407,135583,65140,70443,77473,37405,40068,19369,9170,10199,
96870,77485,37340,40145,135594,65335,70259,154963,74551,80412,135590,65142,70448,77477,37408,40069,19370,9171,10199,
96875,77489,37342,40147,135601,65340,70261,154971,74554,80417,135597,65144,70453,77481,37409,40072,19371,9171,10200,
96880,77493,37343,40150,135608,65342,70266,154979,74556,80423,135604,65149,70455,77485,37410,40075,19372,9172,10200,
96885,77497,37346,40151,135615,65348,70267,154987,74562,80425,135611,65151,70460,77489,37412,40077,19373,9172,10201,
96890,77501,37349,40152,135622,65351,70271,154995,74567,80428,135618,65154,70464,77493,37413,40080,19374,9172,10202,
96895,77505,37351,40154,135629,65354,70275,155003,74573,80430,135625,65157,70468,77497,37415,40082,19375,9172,10203,
96900,77509,37353,40156,135636,65357,70279,155011,74576,80435,135632,65158,70474,77501,37416,40085,19376,9173,10203,
96905,77513,37354,40159,135643,65364,70279,155019,74581,80438,135639,65163,70476,77505,37417,40088,19377,9174,10203,
96910,77517,37355,40162,135650,65368,70282,155027,74585,80442,135646,65166,70480,77509,37418,40091,19378,9174,10204,
96915,77521,37358,40163,135657,65372,70285,155035,74589,80446,135653,65169,70484,77513,37421,40092,19379,9174,10205,
96920,77525,37361,40164,135664,65374,70290,155043,74593,80450,135660,65172,70488,77517,37423,40094,19380,9174,10206,
96925,77529,37363,40166,135671,65379,70292,155051,74597,80454,135667,65174,70493,77521,37425,40096,19381,9174,10207,
96930,77533,37365,40168,135678,65385,70293,155059,74598,80461,135674,65176,70498,77525,37426,40099,19382,9174,10208,
96935,77537,37367,40170,135685,65391,70294,155067,74600,80467,135681,65179,70502,77529,37428,40101,19383,9174,10209,
96940,77541,37370,40171,135692,65393,70299,155075,74606,80469,135688,65184,70504,77533,37430,40103,19384,9175,10209,
96945,77545,37371,40174,135699,65394,70305,155083,74610,80473,135695,65187,70508,77537,37432,40105,19385,9176,10209,
96950,77549,37372,40177,135706,65397,70309,155091,74613,80478,135702,65189,70513,77541,37434,40107,19386,9176,10210,
96955,77553,37374,40179,135713,65399,70314,155099,74617,80482,135709,65191,70518,77545,37436,40109,19387,9176,10211,
96960,77557,37377,40180,135720,65403,70317,155107,74622,80485,135716,65195,70521,77549,37438,40111,19388,9177,10211,
96965,77561,37379,40182,135727,65406,70321,155115,74626,80489,135723,65198,70525,77553,37441,40112,19389,9178,10211,
96970,77565,37383,40182,135734,65409,70325,155123,74631,80492,135730,65200,70530,77557,37443,40114,19390,9179,10211,
96975,77569,37384,40185,135741,65413,70328,155131,74634,80497,135737,65200,70537,77561,37444,40117,19391,9179,10212,
96980,77573,37386,40187,135748,65418,70330,155139,74637,80502,135744,65202,70542,77565,37446,40119,19392,9179,10213,
96985,77577,37388,40189,135755,65421,70334,155147,74641,80506,135751,65204,70547,77569,37447,40122,19393,9180,10213,
96990,77581,37388,40193,135762,65425,70337,155155,74648,80507,135758,65206,70552,77573,37447,40126,19394,9180,10214,
96995,77585,37389,40196,135769,65427,70342,155163,74652,80511,135765,65209,70556,77577,37449,40128,19395,9181,10214,
97000,77589,37390,40199,135776,65430,70346,155171,74656,80515,135772,65212,70560,77581,37450,40131,19396,9182,10214,
97005,77593,37391,40202,135783,65432,70351,155179,74660,80519,135779,65216,70563,77585,37453,40132,19397,9182,10215,
97010,77597,37392,40205,135790,65437,70353,155187,74664,80523,135786,65219,70567,77589,37457,40132,19398,9183,10215,
97015,77601,37393,40208,135797,65440,70357,155195,74669,80526,135793,65223,70570,77593,37457,40136,19399,9183,10216,
97020,77605,37395,40210,135804,65443,70361,155203,74674,80529,135800,65227,70573,77597,37459,40138,19400,9184,10216,
97025,77609,37396,40213,135811,65450,70361,155211,74678,80533,135807,65228,70579,77601,37459,40142,19401,9184,10217,
97030,77613,37399,40214,135818,65455,70363,155219,74683,80536,135814,65230,70584,77605,37461,40144,19402,9184,10218,
97035,77617,37401,40216,135825,65457,70368,155227,74685,80542,135821,65232,70589,77609,37463,40146,19403,9185,10218,
97040,77621,37403,40218,135832,65460,70372,155235,74691,80544,135828,65237,70591,77613,37465,40148,19404,9185,10219,
97045,77625,37405,40220,135839,65465,70374,155243,74694,80549,135835,65240,70595,77617,37466,40151,19405,9185,10220,
97050,77629,37408,40221,135846,65469,70377,155251,74698,80553,135842,65243,70599,77621,37468,40153,19406,9185,10221,
97055,77633,37410,40223,135853,65473,70380,155259,74704,80555,135849,65245,70604,77625,37470,40155,19407,9186,10221,
97060,77637,37413,40224,135860,65476,70384,155267,74709,80558,135856,65249,70607,77629,37470,40159,19408,9186,10222,
97065,77641,37415,40226,135867,65478,70389,155275,74711,80564,135863,65252,70611,77633,37473,40160,19409,9186,10223,
97070,77645,37416,40229,135874,65478,70396,155283,74713,80570,135870,65253,70617,77637,37474,40163,19410,9187,10223,
97075,77649,37416,40233,135881,65480,70401,155291,74717,80574,135877,65258,70619,77641,37477,40164,19411,9187,10224,
97080,77653,37418,40235,135888,65483,70405,155299,74719,80580,135884,65261,70623,77645,37478,40167,19412,9188,10224,
97085,77657,37420,40237,135895,65486,70409,155307,74723,80584,135891,65264,70627,77649,37479,40170,19413,9189,10224,
97090,77661,37422,40239,135902,65490,70412,155315,74725,80590,135898,65267,70631,77653,37483,40170,19414,9189,10225,
97095,77665,37424,40241,135909,65493,70416,155323,74731,80592,135905,65269,70636,77657,37484,40173,19415,9189,10226,
97100,77669,37426,40243,135916,65496,70420,155331,74734,80597,135912,65273,70639,77661,37485,40176,19416,9189,10227,
97105,77673,37429,40244,135923,65499,70424,155339,74738,80601,135919,65276,70643,77665,37487,40178,19417,9190,10227,
97110,77677,37430,40247,135930,65503,70427,155347,74744,80603,135926,65281,70645,77669,37489,40180,19418,9191,10227,
97115,77681,37432,40249,135937,65505,70432,155355,74748,80607,135933,65286,70647,77673,37492,40181,19419,9192,10227,
97120,77685,37432,40253,135944,65509,70435,155363,74753,80610,135940,65290,70650,77677,37496,40181,19420,9192,10228,
97125,77689,37435,40254,135951,65512,70439,155371,74755,80616,135947,65293,70654,77681,37497,40184,19421,9193,10228,
97130,77693,37438,40255,135958,65515,70443,155379,74762,80617,135954,65296,70658,77685,37499,40186,19422,9193,10229,
97135,77697,37439,40258,135965,65518,70447,155387,74765,80622,135961,65300,70661,77689,37501,40188,19423,9193,10230,
97140,77701,37440,40261,135972,65519,70453,155395,74769,80626,135968,65303,70665,77693,37504,40189,19424,9193,10231,
97145,77705,37444,40261,135979,65522,70457,155403,74771,80632,135975,65307,70668,77697,37506,40191,19425,9194,10231,
97150,77709,37447,40262,135986,65527,70459,155411,74776,80635,135982,65311,70671,77701,37507,40194,19426,9195,10231,
97155,77713,37449,40264,135993,65531,70462,155419,74781,80638,135989,65314,70675,77705,37510,40195,19427,9196,10231,
97160,77717,37453,40264,136000,65534,70466,155427,74786,80641,135996,65317,70679,77709,37512,40197,19428,9197,10231,
97165,77721,37455,40266,136007,65540,70467,155435,74793,80642,136003,65318,70685,77713,37514,40199,19429,9197,10232,
97170,77725,37457,40268,136014,65541,70473,155443,74799,80644,136010,65321,70689,77717,37517,40200,19430,9198,10232,
97175,77729,37459,40270,136021,65544,70477,155451,74803,80648,136017,65325,70692,77721,37518,40203,19431,9199,10232,
97180,77733,37463,40270,136028,65549,70479,155459,74806,80653,136024,65328,70696,77725,37521,40204,19432,9199,10233,
97185,77737,37464,40273,136035,65554,70481,155467,74810,80657,136031,65334,70697,77729,37524,40205,19433,9200,10233,
97190,77741,37467,40274,136042,65556,70486,155475,74815,80660,136038,65338,70700,77733,37525,40208,19434,9201,10233,
97195,77745,37468,40277,136049,65560,70489,155483,74820,80663,136045,65343,70702,77737,37526,40211,19435,9201,10234,
97200,77749,37468,40281,136056,65564,70492,155491,74822,80669,136052,65346,70706,77741,37527,40214,19436,9201,10235,
97205,77753,37471,40282,136063,65565,70498,155499,74824,80675,136059,65349,70710,77745,37529,40216,19437,9201,10236,
97210,77757,37473,40284,136070,65569,70501,155507,74830,80677,136066,65353,70713,77749,37530,40219,19438,9201,10237,
97215,77761,37475,40286,136077,65572,70505,155515,74833,80682,136073,65356,70717,77753,37532,40221,19439,9201,10238,
97220,77765,37477,40288,136084,65576,70508,155523,74836,80687,136080,65358,70722,77757,37534,40223,19440,9201,10239,
97225,77769,37480,40289,136091,65579,70512,155531,74838,80693,136087,65362,70725,77761,37537,40224,19441,9202,10239,
97230,77773,37484,40289,136098,65583,70515,155539,74843,80696,136094,65364,70730,77765,37537,40228,19442,9203,10239,
97235,77777,37486,40291,136105,65587,70518,155547,74844,80703,136101,65366,70735,77769,37538,40231,19443,9203,10240,
97240,77781,37489,40292,136112,65590,70522,155555,74848,80707,136108,65371,70737,77773,37540,40233,19444,9203,10241,
97245,77785,37490,40295,136119,65594,70525,155563,74850,80713,136115,65373,70742,77777,37542,40235,19445,9204,10241,
97250,77789,37492,40297,136126,65599,70527,155571,74853,80718,136122,65377,70745,77781,37544,40237,19446,9204,10242,
97255,77793,37493,40300,136133,65604,70529,155579,74858,80721,136129,65380,70749,77785,37547,40238,19447,9204,10243,
97260,77797,37497,40300,136140,65609,70531,155587,74865,80722,136136,65386,70750,77789,37549,40240,19448,9205,10243,
97265,77801,37497,40304,136147,65615,70532,155595,74868,80727,136143,65390,70753,77793,37552,40241,19449,9205,10244,
97270,77805,37500,40305,136154,65619,70535,155603,74874,80729,136150,65395,70755,77797,37554,40243,19450,9206,10244,
97275,77809,37502,40307,136161,65623,70538,155611,74877,80734,136157,65400,70757,77801,37555,40246,19451,9206,10245,
97280,77813,37503,40310,136168,65625,70543,155619,74881,80738,136164,65401,70763,77805,37555,40250,19452,9206,10246,
97285,77817,37505,40312,136175,65629,70546,155627,74883,80744,136171,65405,70766,77809,37556,40253,19453,9206,10247,
97290,77821,37507,40314,136182,65630,70552,155635,74887,80748,136178,65409,70769,77813,37558,40255,19454,9206,10248,
97295,77825,37511,40314,136189,65634,70555,155643,74891,80752,136185,65414,70771,77817,37560,40257,19455,9207,10248,
97300,77829,37511,40318,136196,65636,70560,155651,74897,80754,136192,65415,70777,77821,37561,40260,19456,9207,10249,
97305,77833,37511,40322,136203,65638,70565,155659,74901,80758,136199,65420,70779,77825,37564,40261,19457,9208,10249,
97310,77837,37515,40322,136210,65642,70568,155667,74906,80761,136206,65425,70781,77829,37567,40262,19458,9208,10250,
97315,77841,37515,40326,136217,65645,70572,155675,74909,80766,136213,65426,70787,77833,37569,40264,19459,9209,10250,
97320,77845,37517,40328,136224,65648,70576,155683,74914,80769,136220,65429,70791,77837,37570,40267,19460,9209,10251,
97325,77849,37518,40331,136231,65651,70580,155691,74918,80773,136227,65431,70796,77841,37572,40269,19461,9209,10252,
97330,77853,37520,40333,136238,65654,70584,155699,74921,80778,136234,65436,70798,77845,37574,40271,19462,9210,10252,
97335,77857,37521,40336,136245,65657,70588,155707,74926,80781,136241,65442,70799,77849,37575,40274,19463,9211,10252,
97340,77861,37523,40338,136252,65659,70593,155715,74932,80783,136248,65447,70801,77853,37578,40275,19464,9211,10253,
97345,77865,37526,40339,136259,65666,70593,155723,74936,80787,136255,65450,70805,77857,37581,40276,19465,9211,10254,
97350,77869,37528,40341,136266,65669,70597,155731,74941,80790,136262,65454,70808,77861,37583,40278,19466,9211,10255,
97355,77873,37530,40343,136273,65673,70600,155739,74948,80791,136269,65461,70808,77865,37585,40280,19467,9212,10255,
97360,77877,37532,40345,136280,65678,70602,155747,74950,80797,136276,65464,70812,77869,37587,40282,19468,9213,10255,
97365,77881,37534,40347,136287,65680,70607,155755,74951,80804,136283,65469,70814,77873,37590,40283,19469,9213,10256,
97370,77885,37537,40348,136294,65683,70611,155763,74957,80806,136290,65473,70817,77877,37593,40284,19470,9213,10257,
97375,77889,37540,40349,136301,65686,70615,155771,74961,80810,136297,65476,70821,77881,37596,40285,19471,9213,10258,
97380,77893,37542,40351,136308,65687,70621,155779,74966,80813,136304,65478,70826,77885,37598,40287,19472,9214,10258,
97385,77897,37543,40354,136315,65691,70624,155787,74970,80817,136311,65480,70831,77889,37599,40290,19473,9214,10259,
97390,77901,37545,40356,136322,65692,70630,155795,74971,80824,136318,65482,70836,77893,37602,40291,19474,9214,10260,
97395,77905,37547,40358,136329,65694,70635,155803,74975,80828,136325,65486,70839,77897,37604,40293,19475,9214,10261,
97400,77909,37548,40361,136336,65695,70641,155811,74979,80832,136332,65489,70843,77901,37605,40296,19476,9215,10261,
97405,77913,37551,40362,136343,65698,70645,155819,74984,80835,136339,65491,70848,77905,37608,40297,19477,9215,10262,
97410,77917,37553,40364,136350,65700,70650,155827,74989,80838,136346,65496,70850,77909,37608,40301,19478,9215,10263,
97415,77921,37556,40365,136357,65702,70655,155835,74992,80843,136353,65500,70853,77913,37611,40302,19479,9215,10264,
97420,77925,37556,40369,136364,65704,70660,155843,74994,80849,136360,65502,70858,77917,37613,40304,19480,9216,10264,